Frame,Time (Seconds),Hip.rotX,Hip.rotY,Hip.rotZ,Hip.rotW,Hip.posX,Hip.posY,Hip.posZ,Ab.rotX,Ab.rotY,Ab.rotZ,Ab.rotW,Ab.posX,Ab.posY,Ab.posZ,Chest.rotX,Chest.rotY,Chest.rotZ,Chest.rotW,Chest.posX,Chest.posY,Chest.posZ,Neck.rotX,Neck.rotY,Neck.rotZ,Neck.rotW,Neck.posX,Neck.posY,Neck.posZ,Head.rotX,Head.rotY,Head.rotZ,Head.rotW,Head.posX,Head.posY,Head.posZ,LShoulder.rotX,LShoulder.rotY,LShoulder.rotZ,LShoulder.rotW,LShoulder.posX,LShoulder.posY,LShoulder.posZ,LUArm.rotX,LUArm.rotY,LUArm.rotZ,LUArm.rotW,LUArm.posX,LUArm.posY,LUArm.posZ,LFArm.rotX,LFArm.rotY,LFArm.rotZ,LFArm.rotW,LFArm.posX,LFArm.posY,LFArm.posZ,LHand.rotX,LHand.rotY,LHand.rotZ,LHand.rotW,LHand.posX,LHand.posY,LHand.posZ,RShoulder.rotX,RShoulder.rotY,RShoulder.rotZ,RShoulder.rotW,RShoulder.posX,RShoulder.posY,RShoulder.posZ,RUArm.rotX,RUArm.rotY,RUArm.rotZ,RUArm.rotW,RUArm.posX,RUArm.posY,RUArm.posZ,RFArm.rotX,RFArm.rotY,RFArm.rotZ,RFArm.rotW,RFArm.posX,RFArm.posY,RFArm.posZ,RHand.rotX,RHand.rotY,RHand.rotZ,RHand.rotW,RHand.posX,RHand.posY,RHand.posZ,LThigh.rotX,LThigh.rotY,LThigh.rotZ,LThigh.rotW,LThigh.posX,LThigh.posY,LThigh.posZ,LShin.rotX,LShin.rotY,LShin.rotZ,LShin.rotW,LShin.posX,LShin.posY,LShin.posZ,LFoot.rotX,LFoot.rotY,LFoot.rotZ,LFoot.rotW,LFoot.posX,LFoot.posY,LFoot.posZ,RThigh.rotX,RThigh.rotY,RThigh.rotZ,RThigh.rotW,RThigh.posX,RThigh.posY,RThigh.posZ,RShin.rotX,RShin.rotY,RShin.rotZ,RShin.rotW,RShin.posX,RShin.posY,RShin.posZ,RFoot.rotX,RFoot.rotY,RFoot.rotZ,RFoot.rotW,RFoot.posX,RFoot.posY,RFoot.posZ,LToe.rotX,LToe.rotY,LToe.rotZ,LToe.rotW,LToe.posX,LToe.posY,LToe.posZ,RToe.rotX,RToe.rotY,RToe.rotZ,RToe.rotW, RToe.posX, RToe.posY, RToe.posZ
0,0.0,-0.030952,0.883042,0.05744,0.464737,-3.629002,87.434998,17.323948,-0.030104,0.882217,0.065076,0.465353,-4.454726,95.011726,17.879318,-0.037011,0.881724,0.061157,0.466318,-6.414582,112.074173,19.375788,0.098766,0.932847,-0.081002,0.336868,-8.885567,132.071396,20.857306,0.105883,0.958686,-0.202928,0.168908,-4.293929,145.639221,18.219154,-0.033722,0.828007,0.106882,0.549403,-11.072059,125.713097,17.79434,0.292794,-0.414232,0.229376,-0.830705,-18.705986,126.906494,0.028205,0.219514,-0.132838,-0.484424,-0.836362,-4.083294,110.373558,-14.65523,0.350663,-0.000187,-0.644493,-0.679459,7.518255,127.984978,-24.839983,-0.155331,0.919369,0.090289,0.349974,-6.883545,125.774399,23.952875,0.308542,0.879314,0.043329,-0.360183,6.809354,130.083389,36.96339,0.022347,0.307961,0.499348,-0.809514,21.39341,116.526398,19.462605,0.179144,0.071948,0.654237,-0.731236,14.140338,135.022934,7.338246,0.029017,0.858167,0.216615,0.464528,-8.904864,87.423111,9.641893,0.123851,0.95671,-0.022243,0.262436,-3.506624,55.183292,-4.571197,-0.000569,0.919765,-0.094523,0.380916,-14.68713,11.642996,-5.580451,-0.140299,0.783106,0.038695,0.604618,1.64686,87.446884,25.006002,0.055471,-0.601183,0.11153,-0.789343,11.147265,53.311974,28.89308,0.021144,0.838476,-0.059323,0.541288,6.229373,9.7431,38.860374,-0.000569,0.919765,-0.094523,0.380916,-5.320382,3.269152,-14.197072,0.021144,0.838476,-0.059323,0.541288,18.279324,2.022997,33.635235
1,0.008333,-0.03092,0.882772,0.057733,0.465215,-3.656462,87.416718,17.30056,-0.029907,0.881875,0.065509,0.465951,-4.484127,94.992958,17.859646,-0.036864,0.881366,0.061408,0.466974,-6.445852,112.052917,19.370983,0.098943,0.932854,-0.080297,0.336965,-8.917436,132.049332,20.862352,0.105819,0.958702,-0.203565,0.168089,-4.3271,145.621628,18.244995,-0.033848,0.827584,0.107018,0.550006,-11.099958,125.693275,17.791929,0.292311,-0.41397,0.229477,-0.830977,-18.707886,126.888565,0.014779,0.219383,-0.132407,-0.484465,-0.836441,-4.076168,110.362534,-14.667421,0.350935,0.000176,-0.644338,-0.679465,7.528847,127.982498,-24.833181,-0.155572,0.918904,0.09028,0.351088,-6.920413,125.750099,23.956596,0.309003,0.879577,0.043695,-0.359099,6.73931,130.061081,37.001286,0.022266,0.308761,0.499396,-0.809182,21.349611,116.482773,19.538958,0.178638,0.072888,0.654104,-0.731385,14.122224,134.972397,7.391941,0.028962,0.857963,0.216977,0.464738,-8.924064,87.408569,9.612835,0.123671,0.956703,-0.022701,0.262508,-3.506842,55.179714,-4.617891,-0.002353,0.920164,-0.095828,0.379618,-14.68273,11.637261,-5.58428,-0.140769,0.782886,0.039052,0.604771,1.611141,87.424866,24.988285,0.055593,-0.601318,0.111701,-0.789208,11.151433,53.301365,28.877853,0.021057,0.838706,-0.059257,0.540941,6.229945,9.73714,38.863689,-0.002353,0.920164,-0.095828,0.379618,-5.324949,3.250788,-14.198359,0.021057,0.838706,-0.059257,0.540941,18.276936,2.019568,33.627995
2,0.016667,-0.030333,0.882536,0.057665,0.465709,-3.692472,87.41507,17.274158,-0.030304,0.881507,0.066242,0.466518,-4.512059,94.991982,17.836056,-0.036252,0.881066,0.061662,0.467553,-6.49748,112.038818,19.361052,0.099651,0.932847,-0.079683,0.336923,-8.95307,132.035782,20.871399,0.105645,0.958773,-0.204212,0.167006,-4.349886,145.608109,18.276899,-0.033969,0.827017,0.107028,0.550848,-11.13754,125.685036,17.79137,0.291975,-0.413641,0.229674,-0.831205,-18.709213,126.880898,-0.001216,0.219206,-0.132074,-0.484429,-0.836561,-4.06784,110.35585,-14.674917,0.350957,0.000354,-0.644021,-0.679755,7.544327,127.983833,-24.825207,-0.155775,0.918406,0.090616,0.352213,-6.965389,125.731369,23.96113,0.309069,0.879915,0.043449,-0.358242,6.661246,130.038071,37.041782,0.021537,0.310036,0.499315,-0.808764,21.301973,116.444443,19.616907,0.177531,0.073905,0.654007,-0.731639,14.1067,134.932617,7.443497,0.028869,0.857742,0.217039,0.465124,-8.952172,87.416649,9.581024,0.123608,0.956753,-0.022879,0.262338,-3.52078,55.189323,-4.647761,0.001694,0.919236,-0.093998,0.382318,-14.695656,11.646202,-5.595368,-0.141253,0.78273,0.039361,0.604841,1.567229,87.41349,24.967295,0.055732,-0.60134,0.111769,-0.789172,11.146424,53.301441,28.861618,0.02108,0.838609,-0.059297,0.541087,6.228125,9.739977,38.861038,0.001694,0.919236,-0.093998,0.382318,-5.328862,3.261915,-14.201773,0.02108,0.838609,-0.059297,0.541087,18.27644,2.02128,33.630054
3,0.025,-0.030441,0.882249,0.058048,0.466198,-3.721024,87.401886,17.247528,-0.029851,0.881168,0.066608,0.467135,-4.545092,94.97802,17.813339,-0.03613,0.880685,0.061966,0.46824,-6.523134,112.019257,19.354885,0.099907,0.932834,-0.07919,0.336998,-8.981275,132.015045,20.876417,0.105559,0.958838,-0.204638,0.166163,-4.3755,145.589539,18.297844,-0.033918,0.82663,0.107283,0.551383,-11.160954,125.666595,17.788305,0.291604,-0.413399,0.229749,-0.831435,-18.709915,126.872276,-0.013267,0.219083,-0.131743,-0.484351,-0.83669,-4.059777,110.35302,-14.684716,0.350857,0.000877,-0.643829,-0.679987,7.559396,127.984169,-24.818729,-0.156026,0.917863,0.091147,0.353376,-6.998245,125.708366,23.964474,0.309352,0.880235,0.044297,-0.357107,6.593537,130.009384,37.08321,0.021232,0.310825,0.499269,-0.808497,21.267996,116.410759,19.690632,0.176761,0.07498,0.65332,-0.73233,14.094935,134.890732,7.501079,0.028598,0.857549,0.21752,0.465271,-8.972109,87.405708,9.548509,0.123622,0.957078,-0.023205,0.261113,-3.505476,55.192184,-4.698042,0.00101,0.919223,-0.093863,0.382385,-14.690357,11.650742,-5.603666,-0.141698,0.782642,0.039557,0.604838,1.530061,87.398064,24.946547,0.055846,-0.601199,0.111849,-0.78926,11.141687,53.296101,28.849348,0.020955,0.838442,-0.059283,0.541352,6.222334,9.737388,38.860237,0.00101,0.919223,-0.093863,0.382385,-5.311992,3.276942,-14.207682,0.020955,0.838442,-0.059283,0.541352,18.275768,2.020958,33.637695
4,0.033333,-0.030509,0.881842,0.05867,0.466886,-3.736788,87.392899,17.211109,-0.029688,0.880735,0.067318,0.46786,-4.566635,94.967857,17.784142,-0.035991,0.880255,0.062276,0.469017,-6.552101,112.003693,19.34791,0.10008,0.932792,-0.078718,0.337173,-9.012511,131.998352,20.880907,0.105505,0.95887,-0.205079,0.165468,-4.405697,145.575363,18.317495,-0.033869,0.826202,0.107481,0.551988,-11.186957,125.652351,17.784037,0.291191,-0.413084,0.229909,-0.831692,-18.710188,126.866898,-0.02782,0.218962,-0.131358,-0.484263,-0.836833,-4.050122,110.351395,-14.693588,0.350954,0.001214,-0.643501,-0.680247,7.578242,127.987694,-24.810123,-0.155531,0.917516,0.089875,0.354818,-7.034942,125.689186,23.96743,0.309286,0.880549,0.044122,-0.35641,6.523242,129.982895,37.123268,0.02036,0.311997,0.499234,-0.80809,21.226273,116.377243,19.760336,0.176006,0.076262,0.652995,-0.732669,14.085339,134.858414,7.552605,0.02852,0.857624,0.21725,0.465263,-8.975842,87.401985,9.503903,0.123562,0.957172,-0.023423,0.26078,-3.513669,55.179775,-4.724691,0.000645,0.919188,-0.093532,0.382549,-14.698821,11.637905,-5.606232,-0.142111,0.782617,0.039618,0.60477,1.502265,87.383804,24.918314,0.055996,-0.601106,0.11197,-0.789302,11.139057,53.290535,28.834898,0.020763,0.838429,-0.05915,0.541394,6.218244,9.735766,38.862228,0.000645,0.919188,-0.093532,0.382549,-5.31024,3.275835,-14.21051,0.020763,0.838429,-0.05915,0.541394,18.275644,2.025057,33.640404
5,0.041667,-0.03062,0.881726,0.058998,0.467055,-3.768225,87.379372,17.190405,-0.02964,0.88032,0.067512,0.468615,-4.602003,94.953644,17.766884,-0.03544,0.879762,0.062692,0.469928,-6.589836,111.982979,19.335056,0.100488,0.932719,-0.078273,0.337359,-9.04012,131.977112,20.890755,0.10525,0.958941,-0.205541,0.164645,-4.425867,145.554779,18.344229,-0.033671,0.825822,0.107621,0.552541,-11.212633,125.636826,17.780869,0.290999,-0.413018,0.229831,-0.831813,-18.712708,126.863541,-0.039922,0.218992,-0.130746,-0.483992,-0.837078,-4.047854,110.355186,-14.708954,0.351014,0.001562,-0.643118,-0.680577,7.600921,127.993416,-24.801449,-0.156169,0.91704,0.090746,0.355549,-7.07278,125.662407,23.972469,0.30951,0.880833,0.044648,-0.355448,6.457611,129.961365,37.155186,0.020208,0.31271,0.499563,-0.807614,21.189592,116.348282,19.822639,0.175785,0.076477,0.653032,-0.732666,14.085229,134.830917,7.599144,0.028266,0.857521,0.217509,0.465348,-9.004206,87.389748,9.48111,0.123527,0.957275,-0.02368,0.260394,-3.516399,55.17453,-4.753451,0.000314,0.919203,-0.093431,0.382538,-14.704843,11.632956,-5.607539,-0.14247,0.782489,0.03985,0.604835,1.467754,87.368996,24.899698,0.056161,-0.601029,0.112049,-0.789338,11.133514,53.284325,28.819809,0.020492,0.838436,-0.059203,0.541387,6.215256,9.732819,38.862526,0.000314,0.919203,-0.093431,0.382538,-5.311347,3.276744,-14.212147,0.020492,0.838436,-0.059203,0.541387,18.275433,2.024906,33.642982
6,0.05,-0.031255,0.881404,0.059722,0.467529,-3.785504,87.357529,17.161026,-0.02924,0.880029,0.067844,0.469138,-4.63329,94.929886,17.742203,-0.035308,0.879446,0.062891,0.470503,-6.617011,111.973312,19.327074,0.101334,0.932574,-0.078039,0.337561,-9.067401,131.966812,20.890718,0.1048,0.959042,-0.205784,0.164039,-4.432236,145.540314,18.360029,-0.033579,0.82546,0.107841,0.553045,-11.236533,125.628456,17.774544,0.290608,-0.41251,0.22997,-0.832164,-18.715275,126.865387,-0.054507,0.21909,-0.13042,-0.483846,-0.837188,-4.03159,110.363029,-14.711446,0.351534,0.001354,-0.642931,-0.680486,7.627559,128.000397,-24.792301,-0.155693,0.916656,0.090237,0.356874,-7.104594,125.650215,23.971445,0.309572,0.881096,0.045429,-0.354642,6.394946,129.932327,37.191231,0.019794,0.313471,0.499644,-0.807279,21.155262,116.324806,19.878435,0.174855,0.077297,0.653164,-0.732686,14.076773,134.808334,7.640532,0.028217,0.857474,0.217632,0.46538,-9.012487,87.364479,9.445624,0.123511,0.957309,-0.024078,0.260241,-3.517056,55.152874,-4.794183,6.7e-05,0.919157,-0.09298,0.38276,-14.713548,11.612662,-5.611834,-0.142742,0.78228,0.040063,0.605028,1.44148,87.350578,24.876427,0.056408,-0.6008,0.112193,-0.789475,11.130005,53.272652,28.798985,0.0219,0.838315,-0.058515,0.541594,6.212363,9.726551,38.86544,6.7e-05,0.919157,-0.09298,0.38276,-5.309622,3.269782,-14.217989,0.0219,0.838315,-0.058515,0.541594,18.263752,2.013258,33.633564
7,0.058333,-0.031157,0.881118,0.06002,0.468036,-3.815162,87.348824,17.130426,-0.029065,0.87964,0.06828,0.469815,-4.664081,94.920731,17.715818,-0.034977,0.87904,0.063199,0.471244,-6.650747,111.9627,19.315161,0.101844,0.932502,-0.077396,0.337755,-9.096534,131.955582,20.893969,0.104638,0.959078,-0.206286,0.163298,-4.452984,145.530518,18.386414,-0.033442,0.825018,0.108199,0.553643,-11.262873,125.620987,17.768217,0.290187,-0.412024,0.230207,-0.832486,-18.716341,126.873055,-0.070357,0.219112,-0.130137,-0.483511,-0.83742,-4.017194,110.373016,-14.714402,0.351524,0.001785,-0.642431,-0.680962,7.662004,128.007385,-24.783836,-0.155358,0.916285,0.09019,0.357983,-7.14098,125.635338,23.971827,0.309582,0.881294,0.045778,-0.354096,6.331899,129.900055,37.22438,0.019038,0.314294,0.499843,-0.806854,21.112391,116.294052,19.92762,0.173902,0.078111,0.653386,-0.732628,14.066511,134.787155,7.681318,0.028111,0.857233,0.217658,0.465818,-9.033422,87.360725,9.409128,0.123394,0.95742,-0.024316,0.259866,-3.523336,55.149532,-4.825924,-0.000202,0.919193,-0.092985,0.382672,-14.715714,11.607758,-5.615976,-0.143122,0.78203,0.040162,0.605254,1.403099,87.336922,24.851727,0.056547,-0.601011,0.112157,-0.789309,11.115215,53.267311,28.788149,0.022015,0.838297,-0.058388,0.541632,6.210418,9.721875,38.863735,-0.000202,0.919193,-0.092985,0.382672,-5.309878,3.26756,-14.222648,0.022015,0.838297,-0.058388,0.541632,18.26194,2.009702,33.630508
8,0.066667,-0.030386,0.880759,0.059937,0.468774,-3.857083,87.351311,17.104593,-0.028914,0.879253,0.068622,0.4705,-4.695528,94.924095,17.693708,-0.034685,0.878676,0.063495,0.471905,-6.683442,111.956451,19.303482,0.102142,0.932465,-0.076866,0.337888,-9.125708,131.948639,20.896488,0.104727,0.959101,-0.206633,0.162669,-4.478575,145.525604,18.406639,-0.033311,0.824576,0.108352,0.554278,-11.289356,125.617447,17.761982,0.289885,-0.411626,0.230321,-0.832756,-18.715889,126.880196,-0.087067,0.21932,-0.129649,-0.483309,-0.837557,-4.002163,110.384514,-14.721372,0.352161,0.001742,-0.642122,-0.680925,7.691493,128.016846,-24.774595,-0.155095,0.915893,0.090143,0.359109,-7.176451,125.625099,23.971563,0.309628,0.881465,0.046562,-0.353527,6.268281,129.874878,37.257462,0.018277,0.315082,0.499788,-0.806599,21.0686,116.277245,19.971075,0.172303,0.07953,0.653682,-0.732589,14.04376,134.771423,7.717577,0.027905,0.856905,0.217564,0.466478,-9.063348,87.376175,9.375234,0.12319,0.957563,-0.02439,0.259429,-3.532937,55.161224,-4.843437,-0.00091,0.919406,-0.093849,0.381948,-14.710106,11.615255,-5.617195,-0.143601,0.781843,0.04055,0.605356,1.349182,87.326447,24.833954,0.056747,-0.601076,0.112123,-0.789251,11.103087,53.268848,28.77103,0.020569,0.838425,-0.059026,0.541421,6.212434,9.724769,38.859344,-0.00091,0.919406,-0.093849,0.381948,-5.314039,3.261816,-14.221689,0.020569,0.838425,-0.059026,0.541421,18.273582,2.019628,33.637951
9,0.075,-0.031155,0.88043,0.060713,0.469239,-3.867773,87.336205,17.071918,-0.028633,0.8789,0.069139,0.4711,-4.722416,94.90683,17.665453,-0.03455,0.878295,0.063708,0.472594,-6.712626,111.948967,19.29513,0.102675,0.932386,-0.076248,0.338085,-9.155387,131.94043,20.896307,0.104739,0.959141,-0.206968,0.161997,-4.499077,145.518417,18.429207,-0.03289,0.824165,0.108577,0.55487,-11.314831,125.611328,17.754702,0.289681,-0.41118,0.230411,-0.833022,-18.716988,126.89537,-0.102954,0.219695,-0.129206,-0.482975,-0.83772,-3.986008,110.40374,-14.724467,0.352553,0.002186,-0.641798,-0.681027,7.726988,128.027222,-24.765366,-0.155292,0.915558,0.090589,0.359767,-7.211476,125.614868,23.970602,0.309662,0.881649,0.046789,-0.353008,6.212582,129.861099,37.278522,0.018112,0.315323,0.500366,-0.80615,21.031237,116.261826,20.009136,0.1728,0.079273,0.654407,-0.731852,14.040671,134.768692,7.75705,0.027899,0.856775,0.217649,0.466677,-9.065014,87.355949,9.336473,0.123226,0.957556,-0.024831,0.259394,-3.528,55.14362,-4.885553,-0.000564,0.91921,-0.092863,0.382659,-14.718392,11.600393,-5.621783,-0.143848,0.781818,0.040498,0.605334,1.329469,87.316467,24.807362,0.056925,-0.600984,0.11214,-0.789305,11.094602,53.263641,28.757843,0.020492,0.838454,-0.05895,0.541387,6.211337,9.721726,38.859074,-0.000564,0.91921,-0.092863,0.382659,-5.307147,3.266877,-14.229006,0.020492,0.838454,-0.05895,0.541387,18.273596,2.019353,33.636169
10,0.083333,-0.031141,0.88016,0.061069,0.469701,-3.893004,87.337967,17.042942,-0.028446,0.878477,0.069766,0.471807,-4.750309,94.907951,17.64089,-0.034404,0.877844,0.063846,0.473424,-6.746651,111.95034,19.291157,0.103102,0.932286,-0.075774,0.338337,-9.188382,131.941498,20.897726,0.104861,0.959178,-0.207225,0.161367,-4.524148,145.52005,18.448912,-0.032745,0.823607,0.108757,0.555672,-11.343252,125.614395,17.74897,0.289358,-0.410774,0.230566,-0.833292,-18.711266,126.911034,-0.12189,0.219947,-0.128639,-0.482613,-0.83795,-3.966361,110.422562,-14.732925,0.352631,0.003045,-0.641594,-0.681175,7.770837,128.042786,-24.75577,-0.155292,0.915122,0.091441,0.360658,-7.251452,125.614021,23.972485,0.30961,0.881824,0.047402,-0.352536,6.147731,129.842575,37.311062,0.017679,0.315938,0.500716,-0.805701,20.985737,116.253136,20.050564,0.172221,0.079538,0.654862,-0.731553,14.029352,134.769135,7.791392,0.027847,0.856368,0.21765,0.467426,-9.082183,87.361732,9.3021,0.12313,0.957548,-0.025119,0.259443,-3.529591,55.149235,-4.913472,-0.000508,0.919199,-0.092932,0.382669,-14.71849,11.605183,-5.623229,-0.144121,0.781964,0.040442,0.605084,1.296175,87.314209,24.783785,0.057116,-0.600947,0.112058,-0.789331,11.07484,53.266644,28.746159,0.020415,0.838352,-0.05888,0.541556,6.207282,9.72504,38.856297,-0.000508,0.919199,-0.092932,0.382669,-5.308208,3.269483,-14.229393,0.020415,0.838352,-0.05888,0.541556,18.273262,2.025411,33.637947
11,0.091667,-0.031269,0.879772,0.061422,0.470373,-3.903908,87.337082,17.010605,-0.028211,0.878105,0.070243,0.472442,-4.765912,94.906281,17.6117,-0.034265,0.877471,0.064231,0.474072,-6.764099,111.947044,19.278751,0.103482,0.932224,-0.075137,0.338533,-9.209439,131.9366,20.899761,0.10486,0.959203,-0.207544,0.160807,-4.540192,145.517334,18.472662,-0.032618,0.82323,0.109012,0.556187,-11.359348,125.61219,17.742208,0.288514,-0.410223,0.230876,-0.83377,-18.7055,126.921021,-0.136758,0.219835,-0.128312,-0.48229,-0.838216,-3.944209,110.439789,-14.739405,0.352809,0.00365,-0.641048,-0.681593,7.812067,128.058105,-24.745552,-0.155541,0.914712,0.09189,0.361476,-7.276547,125.606491,23.971624,0.309703,0.881912,0.048243,-0.352118,6.096735,129.832214,37.337067,0.017389,0.316271,0.501098,-0.805339,20.947298,116.251625,20.080397,0.171418,0.079743,0.655865,-0.73082,14.017727,134.779617,7.819121,0.027979,0.85609,0.217536,0.46798,-9.081158,87.362839,9.261786,0.123064,0.957448,-0.025515,0.259802,-3.531227,55.147327,-4.948004,-0.000677,0.919165,-0.092892,0.38276,-14.723402,11.603621,-5.62632,-0.144224,0.781862,0.040309,0.6052,1.273343,87.311325,24.759426,0.057335,-0.60097,0.111958,-0.789312,11.051357,53.265129,28.735119,0.020266,0.838322,-0.058827,0.541613,6.202996,9.72377,38.855534,-0.000677,0.919165,-0.092892,0.38276,-5.308738,3.270758,-14.230437,0.020266,0.838322,-0.058827,0.541613,18.271975,2.027513,33.639137
12,0.1,-0.031376,0.879511,0.061804,0.470804,-3.923904,87.335411,16.979454,-0.028115,0.877772,0.070658,0.473005,-4.790387,94.903778,17.584463,-0.033887,0.87713,0.064627,0.474676,-6.793727,111.944832,19.264498,0.103868,0.932102,-0.074811,0.338823,-9.234349,131.933365,20.905088,0.104891,0.959164,-0.207858,0.160617,-4.556779,145.513779,18.492226,-0.032431,0.822806,0.109142,0.556801,-11.382291,125.613297,17.73752,0.2883,-0.40991,0.230759,-0.834031,-18.702469,126.934036,-0.151224,0.220111,-0.127609,-0.481908,-0.83847,-3.924672,110.464264,-14.750113,0.353069,0.003983,-0.640828,-0.681664,7.857091,128.078644,-24.732307,-0.155029,0.914553,0.091589,0.362175,-7.307641,125.599083,23.972261,0.309583,0.882101,0.049069,-0.351637,6.052203,129.807465,37.356602,0.016634,0.316525,0.501326,-0.805113,20.924652,116.243568,20.105667,0.170669,0.080018,0.655771,-0.731049,14.013657,134.784454,7.856441,0.027881,0.855769,0.217516,0.468581,-9.093467,87.363403,9.22551,0.123007,0.957381,-0.025842,0.260044,-3.528283,55.146862,-4.975975,-0.000609,0.919177,-0.092836,0.382746,-14.722999,11.603395,-5.627641,-0.144417,0.781715,0.04029,0.605345,1.245658,87.307411,24.733398,0.057613,-0.600843,0.111883,-0.789399,11.032473,53.265072,28.720438,0.020224,0.838371,-0.058921,0.541529,6.20295,9.725073,38.855709,-0.000609,0.919177,-0.092836,0.382746,-5.309247,3.271081,-14.233288,0.020224,0.838371,-0.058921,0.541529,18.270559,2.027312,33.638371
13,0.108333,-0.031335,0.878984,0.062475,0.471702,-3.934879,87.341476,16.936518,-0.028521,0.877236,0.071241,0.473886,-4.806231,94.908615,17.549904,-0.033173,0.876673,0.065139,0.475502,-6.832391,111.940857,19.23827,0.104185,0.93198,-0.0743,0.339172,-9.259062,131.92865,20.908379,0.104956,0.959117,-0.208238,0.160363,-4.576399,145.51062,18.514278,-0.032274,0.822359,0.109452,0.557409,-11.406754,125.615753,17.726362,0.287571,-0.409139,0.230886,-0.834626,-18.701065,126.951324,-0.171839,0.220493,-0.12695,-0.481616,-0.838638,-3.892915,110.496231,-14.756515,0.353811,0.004392,-0.641158,-0.680967,7.912845,128.111877,-24.721951,-0.155155,0.914219,0.092006,0.362856,-7.343079,125.58757,23.96821,0.309351,0.882276,0.04938,-0.351358,5.996115,129.7901,37.374954,0.015566,0.31715,0.501629,-0.8047,20.886589,116.239258,20.129305,0.169614,0.080278,0.656044,-0.731021,14.008528,134.796249,7.88807,0.027829,0.855512,0.217086,0.469253,-9.088716,87.377388,9.17215,0.122979,0.957244,-0.026144,0.26053,-3.523807,55.147327,-4.99874,-0.000839,0.91918,-0.092982,0.382702,-14.722839,11.604661,-5.629436,-0.144582,0.781576,0.040162,0.605494,1.218958,87.305565,24.700886,0.05794,-0.600684,0.111785,-0.78951,11.008428,53.265888,28.704109,0.020207,0.838395,-0.058981,0.541485,6.201589,9.727317,38.856285,-0.000839,0.91918,-0.092982,0.382702,-5.307634,3.271393,-14.232567,0.020207,0.838395,-0.058981,0.541485,18.268337,2.028464,33.638569
14,0.116667,-0.031003,0.878437,0.062902,0.472684,-3.960627,87.342545,16.904863,-0.028647,0.876792,0.071273,0.474696,-4.831295,94.909187,17.525389,-0.032516,0.876289,0.065775,0.476167,-6.86204,111.929977,19.209675,0.104166,0.931984,-0.073689,0.339302,-9.278947,131.916138,20.913046,0.105305,0.959083,-0.208512,0.15998,-4.601795,145.50293,18.535606,-0.031973,0.821981,0.10981,0.557913,-11.425995,125.610397,17.716444,0.287048,-0.408646,0.231041,-0.835004,-18.699287,126.965881,-0.188823,0.220377,-0.126638,-0.481167,-0.838973,-3.873558,110.518143,-14.763936,0.35365,0.004781,-0.640307,-0.681847,7.953528,128.123657,-24.709629,-0.15509,0.91384,0.09207,0.363822,-7.371101,125.568298,23.963924,0.309198,0.882383,0.050571,-0.351054,5.941681,129.761917,37.399696,0.014615,0.31732,0.502142,-0.804331,20.848482,116.237846,20.147129,0.168917,0.08093,0.656561,-0.730647,13.998774,134.820923,7.925808,0.027686,0.85524,0.216825,0.469879,-9.097564,87.389114,9.129354,0.122904,0.95717,-0.026385,0.260816,-3.522481,55.150414,-5.017859,-0.000512,0.91916,-0.092977,0.382753,-14.720561,11.607233,-5.629383,-0.144836,0.781364,0.04027,0.605699,1.176309,87.295982,24.680372,0.0582,-0.600691,0.111661,-0.789503,10.983038,53.262173,28.691248,0.020239,0.838359,-0.058867,0.541553,6.199179,9.723818,38.855206,-0.000512,0.91916,-0.092977,0.382753,-5.308799,3.270616,-14.233044,0.020239,0.838359,-0.058867,0.541553,18.267376,2.027053,33.637749
15,0.125,-0.031113,0.8782,0.063149,0.473084,-3.981321,87.339378,16.87505,-0.02842,0.876479,0.071531,0.475247,-4.855523,94.905434,17.497683,-0.032204,0.875946,0.06614,0.476767,-6.884661,111.925171,19.192133,0.104366,0.931902,-0.073113,0.339589,-9.298684,131.910202,20.912733,0.10546,0.959041,-0.208762,0.159806,-4.620375,145.499893,18.554211,-0.032061,0.82159,0.110273,0.558393,-11.443143,125.608292,17.706875,0.286504,-0.408162,0.230916,-0.835462,-18.695438,126.973534,-0.206159,0.220589,-0.125904,-0.480909,-0.839175,-3.845684,110.544846,-14.778291,0.354111,0.005333,-0.640142,-0.681759,8.003567,128.153946,-24.700018,-0.155086,0.91349,0.092483,0.364597,-7.396476,125.558769,23.959633,0.309094,0.882473,0.051383,-0.350803,5.894491,129.741547,37.420357,0.013686,0.317516,0.502514,-0.804037,20.814051,116.235306,20.164858,0.167695,0.081011,0.65716,-0.730381,13.987165,134.840057,7.961363,0.027762,0.855175,0.216336,0.470217,-9.111087,87.386932,9.094815,0.122614,0.956636,-0.026738,0.262864,-3.551642,55.133419,-5.024772,-0.001246,0.919187,-0.0925,0.382801,-14.732066,11.585516,-5.623049,-0.144782,0.780815,0.040393,0.606411,1.148445,87.291824,24.655283,0.058697,-0.600315,0.111553,-0.789767,10.953864,53.257607,28.665901,0.020215,0.838423,-0.058791,0.541463,6.199892,9.722322,38.856968,-0.001246,0.919187,-0.0925,0.382801,-5.306549,3.267896,-14.230037,0.020215,0.838423,-0.058791,0.541463,18.267809,2.027509,33.635986
16,0.133333,-0.0312,0.877888,0.063373,0.473627,-4.006857,87.33847,16.846481,-0.027675,0.876188,0.071947,0.475764,-4.884223,94.904015,17.470926,-0.032536,0.875608,0.066078,0.477374,-6.900197,111.936234,19.190228,0.105008,0.931578,-0.073074,0.340288,-9.325983,131.920731,20.900536,0.105469,0.958972,-0.208674,0.160324,-4.628417,145.505844,18.553902,-0.031902,0.821188,0.110494,0.558949,-11.462914,125.616714,17.693762,0.286142,-0.407812,0.231013,-0.83573,-18.691544,126.994659,-0.227858,0.220459,-0.125376,-0.480408,-0.839575,-3.829043,110.571526,-14.793264,0.353816,0.005884,-0.639049,-0.682932,8.048787,128.175827,-24.688316,-0.154469,0.913268,0.092493,0.365413,-7.425188,125.571213,23.952328,0.308907,0.882543,0.052082,-0.350689,5.850095,129.727753,37.436634,0.013001,0.317291,0.502922,-0.803882,20.780041,116.241798,20.17425,0.166597,0.080503,0.658855,-0.729161,13.964185,134.872437,7.994629,0.027377,0.854871,0.216528,0.470703,-9.126939,87.387398,9.05988,0.122729,0.956701,-0.02706,0.262542,-3.52953,55.138302,-5.0548,-0.000961,0.919176,-0.092679,0.382787,-14.727338,11.594481,-5.62431,-0.14487,0.780485,0.040526,0.606806,1.113225,87.289551,24.633081,0.05913,-0.599943,0.111417,-0.790037,10.927001,53.257919,28.645151,0.020207,0.838458,-0.058824,0.541405,6.201389,9.724483,38.857273,-0.000961,0.919176,-0.092679,0.382787,-5.307045,3.269628,-14.230019,0.020207,0.838458,-0.058824,0.541405,18.268385,2.029052,33.635086
17,0.141667,-0.031256,0.877761,0.063435,0.473851,-4.039783,87.335457,16.821453,-0.027103,0.87587,0.071944,0.476383,-4.9185,94.900826,17.446089,-0.032278,0.875172,0.06661,0.478117,-6.91813,111.931755,19.173077,0.105207,0.931581,-0.07204,0.340439,-9.34647,131.914063,20.905048,0.105796,0.958961,-0.209112,0.159602,-4.652513,145.505585,18.588476,-0.031874,0.820739,0.110901,0.559528,-11.478193,125.614212,17.686663,0.285532,-0.407512,0.230862,-0.836127,-18.681768,127.004936,-0.244059,0.22052,-0.124548,-0.480132,-0.839841,-3.802565,110.601387,-14.814486,0.354065,0.006643,-0.638868,-0.682966,8.098849,128.21109,-24.678207,-0.154403,0.912981,0.092582,0.366134,-7.450791,125.560616,23.951813,0.308812,0.882586,0.052965,-0.35053,5.804832,129.709274,37.45787,0.011926,0.317541,0.503075,-0.803705,20.743774,116.243019,20.187891,0.16442,0.080557,0.659463,-0.729099,13.943389,134.888367,8.028288,0.027044,0.854681,0.216603,0.471033,-9.155851,87.384346,9.032213,0.122687,0.956667,-0.027281,0.262663,-3.530155,55.136269,-5.073548,-0.001168,0.919148,-0.092595,0.382873,-14.729524,11.592611,-5.624535,-0.145043,0.78024,0.040598,0.607075,1.076286,87.286568,24.610693,0.059418,-0.59981,0.111304,-0.790132,10.901037,53.258919,28.629702,0.019956,0.838435,-0.058889,0.541443,6.197274,9.726292,38.85537,-0.001168,0.919148,-0.092595,0.382873,-5.304167,3.27203,-14.228836,0.019956,0.838435,-0.058889,0.541443,18.267292,2.033112,33.636837
18,0.15,-0.031365,0.87732,0.063958,0.474589,-4.053705,87.336349,16.789579,-0.027223,0.875495,0.072257,0.477018,-4.938185,94.900597,17.419666,-0.031913,0.874845,0.066931,0.478694,-6.948148,111.932602,19.152903,0.105458,0.931492,-0.071438,0.340731,-9.370931,131.914124,20.901648,0.106109,0.958912,-0.209259,0.159495,-4.674724,145.508286,18.605249,-0.031704,0.820231,0.111172,0.56023,-11.501055,125.618301,17.674347,0.284502,-0.406897,0.231242,-0.836672,-18.674622,127.023949,-0.267242,0.220093,-0.124183,-0.479767,-0.840215,-3.778179,110.628387,-14.829044,0.35372,0.007367,-0.638319,-0.68365,8.143516,128.237946,-24.666912,-0.15445,0.912619,0.092907,0.366935,-7.481529,125.556923,23.944483,0.308717,0.882696,0.053693,-0.350226,5.750811,129.697571,37.475807,0.011271,0.317423,0.503845,-0.803278,20.70417,116.24662,20.206383,0.164358,0.079742,0.660083,-0.728641,13.936549,134.920105,8.072702,0.026953,0.854559,0.216439,0.471334,-9.15659,87.389221,8.991723,0.122668,0.956672,-0.027563,0.262625,-3.525954,55.13575,-5.099721,-0.00108,0.919129,-0.092568,0.382925,-14.730266,11.593056,-5.625514,-0.145217,0.780122,0.040575,0.607187,1.04918,87.283478,24.587437,0.059661,-0.59967,0.111215,-0.790233,10.881746,53.259312,28.616774,0.019957,0.838422,-0.05882,0.54147,6.195682,9.727502,38.854034,-0.00108,0.919129,-0.092568,0.382925,-5.304933,3.272197,-14.229568,0.019957,0.838422,-0.05882,0.54147,18.266603,2.035844,33.635361
19,0.158333,-0.031297,0.877034,0.064109,0.475102,-4.077863,87.335358,16.76169,-0.027087,0.875106,0.072579,0.477691,-4.962892,94.899376,17.393759,-0.031815,0.874428,0.06712,0.479435,-6.974785,111.925232,19.136862,0.105859,0.931307,-0.07099,0.341205,-9.39922,131.905991,20.892092,0.106372,0.958893,-0.209185,0.159533,-4.69474,145.500458,18.614487,-0.031338,0.819717,0.111418,0.560954,-11.524346,125.612,17.657917,0.284209,-0.406469,0.231068,-0.837028,-18.667356,127.038368,-0.294226,0.220381,-0.123159,-0.479627,-0.84037,-3.748192,110.658966,-14.85094,0.354116,0.00804,-0.638457,-0.683308,8.194745,128.279938,-24.656975,-0.154371,0.912355,0.09342,0.367493,-7.515309,125.547066,23.934729,0.308304,0.882895,0.054079,-0.350028,5.702089,129.674011,37.484829,0.009568,0.317688,0.503872,-0.803179,20.6763,116.24572,20.21582,0.162686,0.080141,0.659795,-0.729234,13.916988,134.945053,8.112273,0.026696,0.854599,0.216336,0.471325,-9.171754,87.391449,8.957977,0.122594,0.956708,-0.027718,0.262513,-3.529159,55.133797,-5.119104,-0.001233,0.919108,-0.092509,0.38299,-14.730861,11.590237,-5.628536,-0.145416,0.779822,0.04059,0.607524,1.016029,87.279274,24.565405,0.059914,-0.599665,0.111053,-0.790241,10.858143,53.2593,28.606874,0.018594,0.838602,-0.059259,0.541193,6.197118,9.726977,38.853382,-0.001233,0.919108,-0.092509,0.38299,-5.301776,3.272486,-14.231488,0.018594,0.838602,-0.059259,0.541193,18.277388,2.045487,33.64135
20,0.166667,-0.031141,0.876724,0.064226,0.475669,-4.108674,87.330185,16.731379,-0.026652,0.874741,0.072853,0.478341,-4.99287,94.894119,17.365574,-0.031696,0.874029,0.067329,0.480142,-6.997876,111.922943,19.122953,0.106465,0.931093,-0.070554,0.341692,-9.423544,131.902878,20.88588,0.106467,0.958876,-0.209206,0.159543,-4.705324,145.496017,18.628935,-0.031116,0.819244,0.11175,0.56159,-11.544018,125.610924,17.644691,0.283448,-0.406036,0.231093,-0.837489,-18.659874,127.054909,-0.31682,0.220212,-0.122518,-0.479334,-0.840675,-3.722668,110.691628,-14.873162,0.354203,0.00852,-0.638075,-0.683614,8.240043,128.314377,-24.648218,-0.154558,0.911963,0.09453,0.368102,-7.544965,125.54203,23.927828,0.308232,0.883026,0.055192,-0.349588,5.652835,129.655212,37.50119,0.008424,0.317768,0.50419,-0.80296,20.645723,116.247536,20.232384,0.161376,0.080054,0.659255,-0.730022,13.905257,134.966171,8.158592,0.026458,0.854433,0.216274,0.471668,-9.192699,87.390724,8.921268,0.12251,0.956759,-0.027915,0.262344,-3.5321,55.130268,-5.142146,-0.001419,0.919136,-0.092485,0.382927,-14.731383,11.585844,-5.630654,-0.145824,0.779706,0.0406,0.607574,0.975351,87.269653,24.541489,0.06006,-0.599676,0.110923,-0.790239,10.83956,53.258221,28.600937,0.018415,0.838563,-0.059331,0.541251,6.195725,9.724885,38.850941,-0.001419,0.919136,-0.092485,0.382927,-5.300887,3.270558,-14.234437,0.018415,0.838563,-0.059331,0.541251,18.278332,2.044469,33.642757
21,0.175,-0.031096,0.876397,0.064324,0.476259,-4.13168,87.32827,16.702177,-0.026414,0.874387,0.073159,0.478954,-5.016403,94.892052,17.337421,-0.031543,0.873665,0.067553,0.480781,-7.020582,111.920418,19.106562,0.106882,0.930939,-0.070071,0.342081,-9.446488,131.899521,20.878551,0.106722,0.958858,-0.209184,0.15951,-4.720261,145.493088,18.640947,-0.030906,0.8188,0.111872,0.562224,-11.563036,125.609848,17.630383,0.282389,-0.405508,0.231497,-0.837991,-18.651815,127.066422,-0.340812,0.219605,-0.122231,-0.479078,-0.841022,-3.701821,110.709763,-14.891453,0.353834,0.009225,-0.637206,-0.684606,8.27471,128.335236,-24.640125,-0.154557,0.911602,0.094829,0.368919,-7.572996,125.53656,23.919193,0.307951,0.883197,0.05571,-0.349321,5.60146,129.640274,37.518074,0.007162,0.31791,0.504478,-0.802735,20.613411,116.251793,20.250944,0.160179,0.0798,0.659303,-0.73027,13.890839,134.994125,8.204933,0.026419,0.854174,0.216205,0.47217,-9.205278,87.391319,8.88531,0.1224,0.95677,-0.02816,0.262328,-3.536409,55.128586,-5.169549,-0.001321,0.919118,-0.092402,0.382993,-14.732088,11.582976,-5.634171,-0.146088,0.779507,0.040649,0.607762,0.941917,87.265221,24.519043,0.060288,-0.599593,0.11084,-0.790296,10.82136,53.259552,28.589722,0.019739,0.838417,-0.058956,0.541472,6.194705,9.727016,38.850891,-0.001321,0.919118,-0.092402,0.382993,-5.301142,3.26865,-14.238387,0.019739,0.838417,-0.058956,0.541472,18.267181,2.035552,33.635529
22,0.183333,-0.03103,0.876048,0.064352,0.476903,-4.153173,87.329689,16.673357,-0.026331,0.873945,0.073436,0.479723,-5.037688,94.893478,17.308804,-0.031188,0.87321,0.067878,0.481585,-7.045948,111.924484,19.086256,0.107112,0.930791,-0.069648,0.342498,-9.46726,131.90271,20.874361,0.10709,0.958824,-0.209168,0.15949,-4.737267,145.497604,18.652851,-0.030934,0.818365,0.111991,0.562832,-11.580479,125.617172,17.616018,0.28158,-0.405039,0.231581,-0.838467,-18.64266,127.078583,-0.36526,0.219423,-0.121583,-0.478971,-0.841224,-3.674538,110.736755,-14.913943,0.354014,0.009941,-0.636945,-0.684745,8.312302,128.367477,-24.631489,-0.154519,0.911257,0.095336,0.369657,-7.601625,125.535919,23.911818,0.307922,0.883279,0.056617,-0.348994,5.552179,129.626282,37.534698,0.006225,0.317781,0.504899,-0.80253,20.577208,116.253624,20.266653,0.158757,0.079363,0.660218,-0.729801,13.869437,135.023926,8.248358,0.0264,0.853904,0.216118,0.472698,-9.215419,87.395027,8.849149,0.122297,0.95677,-0.028422,0.262349,-3.53968,55.129539,-5.19661,-0.001486,0.919116,-0.092465,0.38298,-14.732781,11.58301,-5.63644,-0.14634,0.779292,0.040707,0.607973,0.909072,87.264343,24.497564,0.06049,-0.599464,0.110711,-0.790397,10.803403,53.264259,28.578732,0.018552,0.838487,-0.05947,0.54135,6.195113,9.731361,38.846649,-0.001486,0.919116,-0.092465,0.38298,-5.300181,3.268963,-14.239118,0.018552,0.838487,-0.05947,0.54135,18.276232,2.045962,33.642353
23,0.191667,-0.03088,0.875622,0.064698,0.477647,-4.17781,87.329224,16.638014,-0.026283,0.873472,0.073577,0.480565,-5.063373,94.892471,17.278412,-0.030688,0.872734,0.068325,0.482417,-7.073606,111.917755,19.058401,0.10736,0.930631,-0.06928,0.342929,-9.487702,131.89476,20.869654,0.107368,0.958813,-0.209045,0.15953,-4.752951,145.490433,18.663048,-0.030672,0.81786,0.112289,0.56352,-11.598288,125.614845,17.598812,0.281608,-0.404891,0.231138,-0.838651,-18.631083,127.09465,-0.392476,0.219867,-0.120425,-0.478866,-0.841335,-3.645773,110.771835,-14.944808,0.354522,0.010308,-0.637449,-0.684007,8.359083,128.410507,-24.626368,-0.154424,0.910969,0.0951,0.370465,-7.630924,125.52282,23.901711,0.307797,0.883394,0.057198,-0.34872,5.500833,129.608505,37.547245,0.004791,0.317885,0.505375,-0.802198,20.540098,116.249756,20.280834,0.157529,0.079192,0.660284,-0.730026,13.857304,135.052567,8.296301,0.026394,0.853436,0.215864,0.473659,-9.226982,87.40123,8.805422,0.122233,0.95677,-0.028636,0.262356,-3.543721,55.127888,-5.219234,-0.001673,0.919113,-0.092435,0.382994,-14.736338,11.581042,-5.639239,-0.146711,0.778965,0.040803,0.608296,0.871361,87.25721,24.470606,0.060743,-0.599339,0.110651,-0.79048,10.787975,53.265446,28.566902,0.01853,0.838507,-0.059418,0.541324,6.196086,9.734115,38.848782,-0.001673,0.919113,-0.092435,0.382994,-5.300729,3.269738,-14.241266,0.01853,0.838507,-0.059418,0.541324,18.277561,2.050155,33.6432
24,0.2,-0.030854,0.875267,0.064894,0.478273,-4.196711,87.327591,16.609043,-0.026418,0.873069,0.073753,0.481263,-5.083809,94.890472,17.251614,-0.030272,0.872345,0.068623,0.483103,-7.102887,111.918549,19.033409,0.107854,0.930439,-0.068873,0.343378,-9.509537,131.894928,20.86137,0.107565,0.958792,-0.20896,0.159634,-4.763897,145.489807,18.67334,-0.030498,0.817329,0.11242,0.564274,-11.618415,125.619423,17.580986,0.281113,-0.404584,0.231239,-0.838938,-18.618658,127.111542,-0.421976,0.219611,-0.11983,-0.478698,-0.841582,-3.622605,110.795959,-14.971357,0.354185,0.011182,-0.636977,-0.684608,8.397432,128.442535,-24.62414,-0.154349,0.910607,0.095331,0.371326,-7.66054,125.518951,23.889717,0.307566,0.883626,0.058042,-0.348194,5.447385,129.593307,37.561531,0.003513,0.318035,0.505537,-0.802044,20.513586,116.255531,20.302387,0.156349,0.079281,0.659633,-0.730858,13.844368,135.075302,8.347325,0.026423,0.853091,0.215791,0.474312,-9.234765,87.40274,8.769326,0.122149,0.956684,-0.028967,0.262671,-3.545053,55.127289,-5.247858,-0.001818,0.919098,-0.092426,0.38303,-14.738189,11.580316,-5.64108,-0.146983,0.778937,0.040917,0.608259,0.841343,87.252441,24.448759,0.060944,-0.599283,0.110668,-0.790505,10.777596,53.267025,28.550196,0.018389,0.838482,-0.059601,0.541348,6.194746,9.738234,38.846851,-0.001818,0.919098,-0.092426,0.38303,-5.299812,3.270812,-14.241809,0.018389,0.838482,-0.059601,0.541348,18.276743,2.052338,33.645344
25,0.208333,-0.030704,0.874916,0.065014,0.478908,-4.217905,87.323059,16.580112,-0.02604,0.872703,0.074032,0.481903,-5.104331,94.885849,17.224731,-0.030356,0.871955,0.06872,0.483788,-7.118898,111.92099,19.020519,0.108212,0.930278,-0.068241,0.343827,-9.531832,131.896637,20.848333,0.108042,0.958751,-0.208901,0.159636,-4.780933,145.493362,18.683393,-0.030387,0.816778,0.112594,0.565043,-11.634462,125.621353,17.563478,0.28042,-0.404286,0.231443,-0.839257,-18.601341,127.124771,-0.451483,0.219335,-0.119242,-0.478615,-0.841785,-3.597517,110.815498,-14.999926,0.354115,0.011862,-0.636941,-0.684667,8.433743,128.47229,-24.624319,-0.153981,0.909982,0.094855,0.373129,-7.68653,125.520409,23.878429,0.307039,0.883918,0.058981,-0.34776,5.373785,129.578262,37.60062,0.002762,0.318547,0.505752,-0.801708,20.473188,116.276459,20.342749,0.155429,0.078985,0.65967,-0.731053,13.830921,135.102829,8.394102,0.026415,0.852574,0.215921,0.475183,-9.244804,87.402687,8.733281,0.12219,0.956662,-0.029349,0.262692,-3.535797,55.131195,-5.28519,-0.001854,0.919027,-0.092636,0.38315,-14.741278,11.587122,-5.646795,-0.147292,0.778736,0.041039,0.608433,0.808994,87.243423,24.426943,0.061096,-0.599263,0.110632,-0.790513,10.766109,53.265209,28.53739,0.018399,0.83841,-0.059509,0.541469,6.193828,9.737354,38.842716,-0.001854,0.919027,-0.092636,0.38315,-5.3012,3.273255,-14.241441,0.018399,0.83841,-0.059509,0.541469,18.278042,2.053406,33.643478
26,0.216667,-0.030615,0.874491,0.065164,0.479668,-4.236039,87.317787,16.550209,-0.02591,0.872221,0.07429,0.482743,-5.122942,94.880363,17.196716,-0.030213,0.871459,0.06892,0.48466,-7.139999,111.917725,19.000807,0.108506,0.93006,-0.067513,0.344465,-9.553618,131.892593,20.83605,0.108416,0.958654,-0.208999,0.159836,-4.799334,145.492294,18.697285,-0.030128,0.816222,0.112736,0.565831,-11.650692,125.619637,17.543234,0.279966,-0.404054,0.231514,-0.8395,-18.583635,127.138481,-0.483528,0.219072,-0.118657,-0.47849,-0.842007,-3.571625,110.83622,-15.031374,0.353852,0.012324,-0.63687,-0.68486,8.471974,128.500778,-24.62689,-0.154133,0.909715,0.095552,0.373539,-7.715213,125.514267,23.865883,0.306623,0.884253,0.05947,-0.347192,5.331436,129.564301,37.603386,0.001758,0.318306,0.505683,-0.80185,20.465321,116.28376,20.359333,0.154661,0.078739,0.659704,-0.731212,13.812733,135.125549,8.441381,0.026373,0.852262,0.215781,0.475807,-9.249456,87.401375,8.694797,0.122176,0.956643,-0.029594,0.26274,-3.532473,55.12542,-5.310118,-0.002115,0.919053,-0.092636,0.383087,-14.742404,11.582333,-5.650929,-0.147603,0.778709,0.041162,0.608385,0.777378,87.2342,24.405621,0.061275,-0.599244,0.110626,-0.790515,10.756695,53.26326,28.522348,0.01844,0.838364,-0.059478,0.541542,6.194374,9.737268,38.839931,-0.002115,0.919053,-0.092636,0.383087,-5.299992,3.271228,-14.245683,0.01844,0.838364,-0.059478,0.541542,18.279297,2.05343,33.642174
27,0.225,-0.029721,0.874112,0.06477,0.480468,-4.275305,87.323036,16.522699,-0.025524,0.871754,0.074488,0.483574,-5.147995,94.887215,17.169754,-0.030071,0.870968,0.069171,0.485517,-7.157019,111.911942,18.983004,0.108914,0.929822,-0.067088,0.345063,-9.572328,131.885773,20.827421,0.108683,0.958596,-0.208996,0.160009,-4.809068,145.485306,18.70779,-0.029881,0.815774,0.112622,0.566513,-11.663609,125.615288,17.526207,0.279474,-0.403861,0.231543,-0.839749,-18.567211,127.142921,-0.511067,0.218538,-0.118375,-0.478427,-0.842221,-3.547673,110.849678,-15.061264,0.353288,0.012786,-0.636242,-0.685726,8.498265,128.517105,-24.631321,-0.154272,0.90938,0.096004,0.374181,-7.740381,125.505157,23.856384,0.306792,0.884263,0.06005,-0.346918,5.286006,129.549179,37.614857,0.001093,0.318171,0.506387,-0.80146,20.424452,116.27034,20.373508,0.153901,0.077757,0.660508,-0.730751,13.798883,135.145096,8.478196,0.026229,0.851732,0.215628,0.476832,-9.275421,87.418839,8.658955,0.122043,0.956694,-0.029648,0.262609,-3.538134,55.137646,-5.325566,-0.002029,0.919043,-0.093036,0.383015,-14.738187,11.591944,-5.657007,-0.148054,0.778488,0.041502,0.608534,0.724811,87.227226,24.386444,0.061448,-0.59944,0.11059,-0.790358,10.741983,53.267784,28.506083,0.018491,0.838321,-0.059711,0.541582,6.194223,9.742975,38.835079,-0.002029,0.919043,-0.093036,0.383015,-5.300691,3.270556,-14.247209,0.018491,0.838321,-0.059711,0.541582,18.277155,2.05332,33.6413
28,0.233333,-0.030067,0.873747,0.065124,0.481062,-4.29621,87.304474,16.492916,-0.025189,0.871342,0.07438,0.484351,-5.176531,94.867638,17.141518,-0.029832,0.870494,0.069472,0.486337,-7.176666,111.904846,18.956551,0.109219,0.929605,-0.066608,0.345644,-9.591222,131.877563,20.813931,0.109052,0.958528,-0.208919,0.160263,-4.822272,145.478134,18.713758,-0.029783,0.815201,0.112901,0.567287,-11.677732,125.610397,17.503416,0.279005,-0.403607,0.231599,-0.840012,-18.547565,127.151314,-0.545609,0.218393,-0.117779,-0.478522,-0.842288,-3.51852,110.866165,-15.095041,0.353467,0.013263,-0.636334,-0.685539,8.52975,128.545746,-24.639692,-0.154083,0.908982,0.095713,0.375298,-7.766167,125.493942,23.840691,0.306401,0.884541,0.060368,-0.3465,5.230019,129.528976,37.630325,-0.000319,0.318542,0.506323,-0.801354,20.396555,116.268471,20.399565,0.152545,0.078455,0.660568,-0.730907,13.778101,135.161835,8.523671,0.026033,0.851636,0.215586,0.477035,-9.285285,87.398743,8.622147,0.122084,0.956711,-0.02992,0.262498,-3.534275,55.115509,-5.352026,-0.002467,0.919046,-0.092665,0.383094,-14.744147,11.572155,-5.659804,-0.148362,0.778282,0.041711,0.608709,0.692865,87.210205,24.363688,0.061635,-0.599491,0.110652,-0.790296,10.73458,53.258522,28.487549,0.018356,0.838304,-0.059588,0.541626,6.193377,9.737018,38.833366,-0.002467,0.919046,-0.092665,0.383094,-5.29695,3.264172,-14.252314,0.018356,0.838304,-0.059588,0.541626,18.279522,2.052052,33.640121
29,0.241667,-0.030029,0.873358,0.065262,0.481752,-4.313213,87.297913,16.462763,-0.025192,0.87086,0.074466,0.485205,-5.194567,94.860832,17.112782,-0.029461,0.869988,0.069879,0.487206,-7.197941,111.897148,18.928318,0.109565,0.929389,-0.066114,0.346209,-9.609292,131.868469,20.804852,0.109345,0.958466,-0.208926,0.160426,-4.833801,145.469833,18.724802,-0.029796,0.814528,0.113235,0.568185,-11.691539,125.605965,17.482845,0.277997,-0.403263,0.232047,-0.840388,-18.521828,127.158508,-0.580192,0.21776,-0.11751,-0.478577,-0.842458,-3.489053,110.875443,-15.128107,0.353265,0.01374,-0.636312,-0.685655,8.560457,128.568314,-24.650053,-0.154344,0.908517,0.095861,0.376278,-7.79225,125.480614,23.827515,0.305565,0.884915,0.058789,-0.346553,5.172274,129.516296,37.64674,-0.002341,0.319663,0.50617,-0.801001,20.363977,116.260086,20.434839,0.151364,0.078822,0.660493,-0.731181,13.76943,135.17572,8.566111,0.026022,0.851237,0.215578,0.477749,-9.289947,87.395088,8.584215,0.122095,0.956685,-0.030257,0.262547,-3.526788,55.111576,-5.384313,-0.002609,0.91901,-0.092621,0.383192,-14.745423,11.570284,-5.663923,-0.148652,0.778146,0.041842,0.608802,0.66352,87.200729,24.341311,0.061806,-0.599475,0.110682,-0.790291,10.725823,53.255959,28.471878,0.018181,0.838271,-0.059635,0.541677,6.191618,9.736949,38.831253,-0.002609,0.91901,-0.092621,0.383192,-5.294069,3.264959,-14.254436,0.018181,0.838271,-0.059635,0.541677,18.28019,2.053562,33.641315
30,0.25,-0.029437,0.872956,0.065252,0.482518,-4.337879,87.299072,16.429844,-0.024877,0.870357,0.074781,0.486074,-5.211831,94.862556,17.083353,-0.029619,0.869438,0.070136,0.488141,-7.212141,111.89183,18.910963,0.110086,0.92911,-0.065694,0.346871,-9.636098,131.861313,20.790733,0.109686,0.958423,-0.20883,0.160577,-4.848465,145.461563,18.731323,-0.029713,0.813885,0.113543,0.569048,-11.708452,125.599335,17.461563,0.278868,-0.40355,0.23134,-0.840156,-18.500889,127.165833,-0.614534,0.218105,-0.116608,-0.478662,-0.842446,-3.46303,110.894249,-15.170033,0.35307,0.014143,-0.636292,-0.685765,8.589074,128.592346,-24.662123,-0.154445,0.907835,0.096418,0.377737,-7.822887,125.472954,23.814621,0.304996,0.885291,0.059534,-0.345966,5.097814,129.494507,37.678921,-0.003212,0.320475,0.506153,-0.800684,20.329485,116.27076,20.477394,0.149992,0.078958,0.660666,-0.731292,13.758842,135.190125,8.604421,0.025936,0.850722,0.215507,0.478702,-9.301511,87.40696,8.543177,0.122058,0.956593,-0.030584,0.262862,-3.519943,55.120956,-5.411971,-0.002305,0.918957,-0.092842,0.383267,-14.742951,11.580643,-5.666312,-0.149016,0.777929,0.042052,0.608976,0.625753,87.191185,24.316509,0.062017,-0.59947,0.110709,-0.790274,10.715591,53.255398,28.453728,0.018035,0.838272,-0.059781,0.541665,6.19103,9.739264,38.829376,-0.002305,0.918957,-0.092842,0.383267,-5.295505,3.266996,-14.253065,0.018035,0.838272,-0.059781,0.541665,18.280027,2.054829,33.641998
31,0.258333,-0.029361,0.872579,0.065409,0.483183,-4.357724,87.289902,16.399319,-0.024363,0.869884,0.074763,0.486948,-5.232319,94.853142,17.05479,-0.029736,0.868859,0.07064,0.489092,-7.219606,111.890854,18.88933,0.110538,0.928797,-0.065589,0.347586,-9.659643,131.857193,20.781704,0.109957,0.958368,-0.208645,0.160958,-4.858572,145.454498,18.734318,-0.029349,0.813325,0.113516,0.569873,-11.720908,125.596977,17.442343,0.278422,-0.403405,0.231379,-0.840363,-18.477768,127.178642,-0.645769,0.218015,-0.116079,-0.478638,-0.842556,-3.434673,110.914459,-15.204115,0.353128,0.014403,-0.636921,-0.685146,8.627806,128.625183,-24.676434,-0.154154,0.907669,0.0955,0.378487,-7.849284,125.467194,23.803839,0.304873,0.885551,0.059472,-0.345421,5.052917,129.48822,37.685524,-0.004701,0.321383,0.506211,-0.800276,20.308546,116.263184,20.506226,0.148673,0.079603,0.659638,-0.732419,13.766432,135.201263,8.638263,0.025892,0.850297,0.215495,0.479465,-9.309464,87.401443,8.505229,0.122046,0.956504,-0.030984,0.263143,-3.513126,55.114914,-5.442566,-0.002339,0.918981,-0.092668,0.383251,-14.744366,11.576554,-5.665533,-0.149095,0.77733,0.042458,0.609694,0.594017,87.178368,24.293407,0.062439,-0.599073,0.110783,-0.790531,10.701683,53.246712,28.420979,0.017843,0.838256,-0.059756,0.541699,6.189812,9.736785,38.828106,-0.002339,0.918981,-0.092668,0.383251,-5.29578,3.267305,-14.255294,0.017843,0.838256,-0.059756,0.541699,18.281784,2.05571,33.642673
32,0.266667,-0.029413,0.87215,0.065553,0.483934,-4.374154,87.279808,16.370573,-0.024375,0.869369,0.074857,0.487852,-5.251059,94.842705,17.026817,-0.029436,0.868321,0.070948,0.490018,-7.242446,111.882126,18.862106,0.110918,0.928539,-0.065357,0.348198,-9.680047,131.847412,20.768585,0.110229,0.958332,-0.208476,0.161204,-4.869001,145.443298,18.735151,-0.029097,0.812652,0.113993,0.57075,-11.736373,125.591072,17.418947,0.277974,-0.403143,0.231716,-0.840544,-18.455051,127.195824,-0.681344,0.217754,-0.11589,-0.478614,-0.842663,-3.409019,110.927841,-15.232414,0.353082,0.014268,-0.637203,-0.68491,8.65568,128.64209,-24.691061,-0.154677,0.907008,0.096914,0.379498,-7.877996,125.453949,23.78833,0.304519,0.885883,0.059854,-0.344814,4.988246,129.464844,37.706264,-0.005282,0.321794,0.506327,-0.800034,20.27751,116.256119,20.544321,0.148262,0.079774,0.660266,-0.731917,13.753096,135.201859,8.678219,0.02573,0.849888,0.215754,0.480081,-9.312293,87.39296,8.467994,0.122337,0.956472,-0.031479,0.263067,-3.487104,55.113781,-5.484808,-0.001392,0.918604,-0.09216,0.384281,-14.75448,11.584583,-5.671294,-0.149382,0.777179,0.042721,0.609797,0.563984,87.166656,24.273153,0.062645,-0.598905,0.110862,-0.790632,10.697675,53.242706,28.400219,0.017615,0.838229,-0.059902,0.541732,6.18937,9.736675,38.825161,-0.001392,0.918604,-0.09216,0.384281,-5.295303,3.278063,-14.252027,0.017615,0.838229,-0.059902,0.541732,18.283352,2.055781,33.644165
33,0.275,-0.029423,0.871697,0.065841,0.48471,-4.38692,87.266052,16.335535,-0.024663,0.868851,0.075056,0.488729,-5.266672,94.828369,16.994738,-0.028844,0.86783,0.071324,0.490869,-7.271843,111.865997,18.829039,0.111272,0.928319,-0.065001,0.348736,-9.698006,131.830521,20.75803,0.110502,0.958282,-0.208398,0.161416,-4.879103,145.426086,18.741079,-0.028974,0.812003,0.114111,0.571656,-11.752807,125.580261,17.396116,0.277667,-0.403031,0.23179,-0.840678,-18.431667,127.196213,-0.71791,0.217441,-0.115475,-0.478659,-0.842776,-3.382687,110.93148,-15.269554,0.352703,0.014519,-0.637564,-0.684765,8.685183,128.656906,-24.706385,-0.154202,0.906644,0.095898,0.380818,-7.906351,125.43161,23.772449,0.304126,0.886265,0.060478,-0.344071,4.926706,129.43367,37.72353,-0.00599,0.32243,0.506285,-0.799799,20.2558,116.246307,20.580713,0.147403,0.080139,0.660271,-0.732047,13.748182,135.196686,8.71057,0.025697,0.849489,0.215654,0.480835,-9.311037,87.382835,8.424263,0.122365,0.956388,-0.031929,0.263305,-3.474926,55.100464,-5.516574,-0.002448,0.918702,-0.092187,0.384035,-14.75513,11.574456,-5.667913,-0.149695,0.777401,0.042773,0.609434,0.537195,87.149269,24.246807,0.062905,-0.599096,0.11099,-0.790448,10.691717,53.232288,28.380022,0.015974,0.838445,-0.060878,0.54134,6.19119,9.731743,38.831219,-0.002448,0.918702,-0.092187,0.384035,-5.286595,3.278429,-14.248478,0.015974,0.838445,-0.060878,0.54134,18.292063,2.053391,33.662548
34,0.283333,-0.031038,0.871137,0.066789,0.485486,-4.361123,87.227798,16.298719,-0.024404,0.868405,0.075658,0.489442,-5.269941,94.786697,16.957651,-0.029022,0.867378,0.071374,0.491649,-7.283617,111.860779,18.816856,0.111693,0.928054,-0.064759,0.349352,-9.718713,131.8246,20.741842,0.110806,0.958246,-0.208179,0.161704,-4.888854,145.418442,18.739609,-0.029015,0.811435,0.113968,0.572488,-11.765693,125.57386,17.376064,0.276621,-0.402633,0.232192,-0.841103,-18.407583,127.189682,-0.751567,0.216886,-0.115241,-0.478813,-0.842863,-3.35146,110.930016,-15.301502,0.352572,0.015098,-0.637913,-0.684494,8.71503,128.673294,-24.72102,-0.15429,0.90623,0.09644,0.38163,-7.930808,125.426117,23.759388,0.304083,0.886563,0.061247,-0.343203,4.877198,129.41777,37.736446,-0.006408,0.322951,0.506335,-0.799554,20.239302,116.238831,20.616713,0.146818,0.080625,0.660043,-0.732316,13.750425,135.189682,8.741961,0.025679,0.849394,0.216075,0.480814,-9.269392,87.328194,8.377379,0.122806,0.9568,-0.032541,0.261522,-3.417911,55.058716,-5.586864,-0.00298,0.918933,-0.092271,0.383457,-14.749893,11.545983,-5.675138,-0.149725,0.777264,0.042632,0.609611,0.547147,87.127396,24.220062,0.062904,-0.598825,0.11112,-0.790636,10.696301,53.210205,28.364664,0.015733,0.83829,-0.060442,0.541636,6.183054,9.712249,38.821144,-0.00298,0.918933,-0.092271,0.383457,-5.286158,3.253088,-14.264028,0.015733,0.83829,-0.060442,0.541636,18.29425,2.047162,33.65696
35,0.291667,-0.030867,0.870652,0.067084,0.486325,-4.379513,87.220032,16.264332,-0.024083,0.867877,0.075961,0.490347,-5.288876,94.778488,16.927561,-0.028974,0.866828,0.071474,0.492607,-7.29967,111.849129,18.798914,0.112071,0.927758,-0.064394,0.350083,-9.737202,131.812485,20.72567,0.111123,0.958163,-0.208132,0.162039,-4.898283,145.405777,18.741665,-0.028865,0.810919,0.113952,0.57323,-11.777362,125.563118,17.353195,0.276306,-0.402371,0.23227,-0.84131,-18.386633,127.187157,-0.785618,0.216659,-0.114963,-0.478991,-0.842858,-3.321263,110.932007,-15.331021,0.352385,0.015452,-0.638194,-0.68432,8.739427,128.685074,-24.735647,-0.154258,0.905792,0.096558,0.382651,-7.956477,125.412766,23.744844,0.303826,0.886921,0.061614,-0.342439,4.821671,129.395111,37.751854,-0.00692,0.323617,0.506353,-0.799269,20.219862,116.226669,20.656473,0.146465,0.081135,0.66004,-0.732334,13.751191,135.181305,8.772074,0.025668,0.849315,0.215298,0.481302,-9.272787,87.327194,8.333809,0.122668,0.955954,-0.032859,0.264623,-3.439641,55.033756,-5.58264,-0.00429,0.918928,-0.091801,0.38357,-14.767077,11.519853,-5.676964,-0.150012,0.776662,0.043234,0.610265,0.513761,87.112869,24.194855,0.0634,-0.59869,0.111464,-0.790649,10.700562,53.205502,28.327486,0.015859,0.838544,-0.060612,0.54122,6.188721,9.720063,38.836498,-0.00429,0.918928,-0.091801,0.38357,-5.280524,3.252168,-14.264983,0.015859,0.838544,-0.060612,0.54122,18.29158,2.049144,33.661442
36,0.3,-0.029224,0.870334,0.066542,0.48707,-4.430596,87.236458,16.237019,-0.023625,0.867372,0.075885,0.491273,-5.314671,94.797531,16.9046,-0.028894,0.866255,0.071733,0.49358,-7.308423,111.834732,18.775564,0.112566,0.92747,-0.063862,0.350785,-9.750463,131.796783,20.710184,0.111346,0.958106,-0.208121,0.162234,-4.90116,145.389801,18.74984,-0.028628,0.810448,0.113959,0.573906,-11.783044,125.549637,17.329016,0.276005,-0.402165,0.232418,-0.841467,-18.362804,127.184769,-0.819521,0.216385,-0.11466,-0.479151,-0.842879,-3.292306,110.930511,-15.360607,0.352219,0.015642,-0.638456,-0.684157,8.765689,128.696747,-24.749794,-0.154711,0.905205,0.097189,0.383697,-7.976388,125.395058,23.72905,0.30345,0.887304,0.061519,-0.341798,4.765291,129.37648,37.769501,-0.007683,0.32461,0.506165,-0.798978,20.198816,116.215744,20.700079,0.14576,0.081967,0.659865,-0.732539,13.751197,135.168655,8.800866,0.025242,0.848559,0.214961,0.482807,-9.312199,87.366486,8.299651,0.122607,0.956036,-0.032666,0.264379,-3.440381,55.061192,-5.572931,-0.003901,0.918889,-0.092493,0.3835,-14.758139,11.544797,-5.679472,-0.150544,0.776104,0.043684,0.610811,0.451008,87.10643,24.174387,0.063603,-0.59869,0.111373,-0.790646,10.682583,53.213257,28.312805,0.015656,0.838476,-0.06111,0.541275,6.188088,9.728312,38.831295,-0.003901,0.918889,-0.092493,0.3835,-5.282196,3.256773,-14.259593,0.015656,0.838476,-0.06111,0.541275,18.2901,2.049536,33.665928
37,0.308333,-0.029073,0.869829,0.066814,0.487943,-4.444436,87.225174,16.202522,-0.023286,0.866821,0.076098,0.492227,-5.329197,94.785828,16.873941,-0.028779,0.865668,0.072057,0.494569,-7.319076,111.827682,18.755392,0.112652,0.927261,-0.063522,0.35137,-9.765763,131.788116,20.700768,0.111931,0.958025,-0.208058,0.162393,-4.915337,145.38269,18.754051,-0.028612,0.809955,0.114091,0.574576,-11.790614,125.543716,17.309927,0.27556,-0.401916,0.232627,-0.841674,-18.340597,127.185806,-0.848751,0.21606,-0.114505,-0.479229,-0.842939,-3.264627,110.9328,-15.385565,0.351952,0.015791,-0.638803,-0.683967,8.791782,128.707123,-24.762598,-0.154827,0.904783,0.097203,0.384641,-7.998418,125.383965,23.71841,0.303366,0.887602,0.0619,-0.341028,4.713761,129.363159,37.786209,-0.008189,0.325413,0.506165,-0.798647,20.177853,116.205933,20.74177,0.145099,0.082767,0.659864,-0.732581,13.754468,135.159088,8.829556,0.024928,0.847925,0.215152,0.483851,-9.310341,87.361481,8.255625,0.122876,0.956073,-0.033266,0.264044,-3.395777,55.060925,-5.609825,-0.003674,0.918991,-0.092552,0.383244,-14.750299,11.554018,-5.667378,-0.150908,0.775738,0.044006,0.611164,0.42147,87.088867,24.149418,0.063796,-0.598487,0.111525,-0.790763,10.684321,53.205513,28.290808,0.015651,0.838442,-0.060899,0.541351,6.187148,9.725818,38.829823,-0.003674,0.918991,-0.092552,0.383244,-5.28293,3.261854,-14.252962,0.015651,0.838442,-0.060899,0.541351,18.291924,2.051763,33.663914
38,0.316667,-0.029007,0.869358,0.067076,0.48875,-4.451577,87.217247,16.172501,-0.023377,0.866281,0.07631,0.49314,-5.338043,94.77742,16.847052,-0.028618,0.865122,0.072279,0.495501,-7.336447,111.820076,18.731365,0.11282,0.927032,-0.063038,0.352007,-9.784016,131.779587,20.685041,0.112571,0.957904,-0.208057,0.162665,-4.931525,145.376083,18.756947,-0.028419,0.809521,0.113629,0.575288,-11.802698,125.537804,17.285706,0.275225,-0.401513,0.232935,-0.841891,-18.321377,127.179268,-0.884303,0.215516,-0.114845,-0.479064,-0.843126,-3.235842,110.922859,-15.407408,0.350649,0.016073,-0.638795,-0.684637,8.820941,128.689438,-24.782394,-0.154752,0.904434,0.097375,0.385446,-8.024095,125.373116,23.702091,0.303237,0.887924,0.062146,-0.340259,4.664981,129.34198,37.793655,-0.008873,0.326068,0.506198,-0.798351,20.161024,116.187561,20.776072,0.144523,0.083526,0.660075,-0.732419,13.758651,135.146912,8.859346,0.024788,0.847536,0.215009,0.484603,-9.302862,87.358261,8.216749,0.123055,0.956027,-0.033574,0.264087,-3.372602,55.052818,-5.630602,-0.003758,0.919013,-0.09247,0.383211,-14.749481,11.551725,-5.666504,-0.151168,0.775432,0.044295,0.611466,0.399707,87.076233,24.128254,0.06396,-0.598407,0.11169,-0.790787,10.687247,53.200317,28.269238,0.015593,0.838418,-0.060913,0.541389,6.18646,9.725827,38.828182,-0.003758,0.919013,-0.09247,0.383211,-5.28117,3.262333,-14.253734,0.015593,0.838418,-0.060913,0.541389,18.292336,2.052356,33.663971
39,0.325,-0.02885,0.868812,0.067316,0.489695,-4.463794,87.206146,16.139244,-0.023206,0.865777,0.0764,0.494018,-5.35069,94.765976,16.817179,-0.028431,0.864617,0.072642,0.49634,-7.347165,111.805977,18.704803,0.113059,0.926783,-0.062712,0.352644,-9.797342,131.763794,20.672508,0.112909,0.957804,-0.208039,0.163044,-4.939472,145.360519,18.759624,-0.028233,0.809114,0.113708,0.575854,-11.809891,125.525307,17.263489,0.275006,-0.401171,0.233055,-0.842092,-18.303713,127.177299,-0.914454,0.215443,-0.114671,-0.479155,-0.843117,-3.206575,110.922707,-15.42751,0.350592,0.016155,-0.639142,-0.68434,8.847926,128.694687,-24.79483,-0.154635,0.904101,0.096959,0.386378,-8.04353,125.354401,23.686903,0.302939,0.888264,0.061614,-0.339735,4.619061,129.319901,37.803207,-0.010081,0.327285,0.506059,-0.797927,20.143593,116.162766,20.813705,0.143535,0.084521,0.659578,-0.732946,13.769812,135.131485,8.883021,0.024658,0.847131,0.214774,0.485421,-9.298003,87.353371,8.173219,0.12322,0.955732,-0.033832,0.265045,-3.354739,55.040272,-5.650674,-0.003761,0.918893,-0.092442,0.383506,-14.751538,11.544389,-5.679861,-0.151469,0.774862,0.044706,0.612085,0.370416,87.058929,24.105268,0.064168,-0.598499,0.111876,-0.790674,10.6883,53.192104,28.245167,0.021237,0.838042,-0.058751,0.542017,6.187109,9.723762,38.829208,-0.003761,0.918893,-0.092442,0.383506,-5.277105,3.256029,-14.261331,0.021237,0.838042,-0.058751,0.542017,18.250183,2.015185,33.617348
40,0.333333,-0.028722,0.868285,0.067562,0.490603,-4.475698,87.188599,16.108311,-0.022844,0.865256,0.07651,0.494931,-5.363441,94.748032,16.789528,-0.028538,0.864057,0.072864,0.497275,-7.353817,111.795448,18.685333,0.113006,0.92655,-0.062523,0.353306,-9.814308,131.751709,20.655901,0.11352,0.957692,-0.207895,0.163458,-4.957261,145.34996,18.751789,-0.028111,0.808679,0.113817,0.57645,-11.817548,125.51403,17.239946,0.275067,-0.400921,0.233104,-0.842178,-18.285057,127.175377,-0.946528,0.21545,-0.114419,-0.479254,-0.843093,-3.178479,110.919914,-15.448788,0.350443,0.016188,-0.639518,-0.684065,8.873805,128.697067,-24.806784,-0.154482,0.903617,0.097058,0.387546,-8.06512,125.341606,23.671473,0.302756,0.888583,0.061928,-0.339003,4.564299,129.292969,37.821423,-0.010616,0.328204,0.506078,-0.79753,20.121019,116.142563,20.856184,0.142821,0.085238,0.659768,-0.732832,13.77542,135.113647,8.908539,0.024516,0.846962,0.214312,0.485928,-9.293461,87.341568,8.132435,0.123434,0.955623,-0.0344,0.265264,-3.349592,55.013824,-5.656933,-0.006967,0.91965,-0.093945,0.381273,-14.777843,11.526185,-5.645213,-0.151854,0.77445,0.045087,0.612483,0.342064,87.035629,24.084187,0.064279,-0.598493,0.112034,-0.790647,10.694684,53.179573,28.225437,0.016465,0.8384,-0.060393,0.54145,6.188442,9.715685,38.82563,-0.006967,0.91965,-0.093945,0.381273,-5.312795,3.234972,-14.234279,0.016465,0.8384,-0.060393,0.54145,18.288725,2.040786,33.650448
41,0.341667,-0.028741,0.867787,0.06793,0.491431,-4.484516,87.177673,16.076506,-0.022828,0.864737,0.076531,0.495835,-5.375919,94.736328,16.76158,-0.028204,0.863524,0.073292,0.498156,-7.367534,111.778023,18.655575,0.113121,0.926326,-0.06252,0.353857,-9.826975,131.732529,20.645218,0.113905,0.957635,-0.207682,0.163796,-4.965037,145.329712,18.745991,-0.027875,0.808206,0.11393,0.577101,-11.824992,125.499435,17.217821,0.2753,-0.40076,0.233085,-0.842184,-18.263882,127.174141,-0.977574,0.215571,-0.114069,-0.479395,-0.843029,-3.150003,110.916855,-15.470169,0.35044,0.016222,-0.639867,-0.683738,8.898501,128.699249,-24.817213,-0.154806,0.903151,0.097494,0.388392,-8.085351,125.318359,23.656549,0.302604,0.888929,0.062343,-0.338156,4.514724,129.268539,37.832958,-0.011096,0.329008,0.506003,-0.79724,20.106758,116.124413,20.895287,0.142088,0.085927,0.65976,-0.732901,13.782144,135.093948,8.933267,0.024253,0.84619,0.214613,0.48715,-9.287092,87.335007,8.091564,0.123614,0.95537,-0.034663,0.266057,-3.296865,55.015564,-5.697188,-0.006122,0.91949,-0.094287,0.381591,-14.74646,11.533549,-5.676706,-0.152128,0.774147,0.045358,0.612777,0.31806,87.02034,24.061445,0.06437,-0.598576,0.112205,-0.790553,10.695274,53.171967,28.203865,0.015393,0.83827,-0.060828,0.541632,6.183262,9.712583,38.820023,-0.006122,0.91949,-0.094287,0.381591,-5.288496,3.225659,-14.25745,0.015393,0.83827,-0.060828,0.541632,18.295408,2.04407,33.66317
42,0.35,-0.02838,0.867402,0.067834,0.492146,-4.504614,87.157402,16.046299,-0.02247,0.864265,0.07676,0.496638,-5.391074,94.716568,16.732105,-0.028209,0.863009,0.073485,0.49902,-7.378781,111.767136,18.638243,0.113536,0.926032,-0.062286,0.354535,-9.844234,131.72049,20.631981,0.114113,0.957553,-0.207695,0.164114,-4.971365,145.315842,18.747702,-0.027719,0.807638,0.11399,0.577892,-11.834773,125.488747,17.197794,0.275046,-0.400482,0.23346,-0.842295,-18.238646,127.173767,-1.009014,0.215315,-0.113903,-0.479577,-0.843013,-3.12226,110.907784,-15.489229,0.350376,0.016268,-0.640017,-0.68363,8.920341,128.700806,-24.826139,-0.154848,0.902838,0.09785,0.389013,-8.107957,125.305153,23.643887,0.302695,0.889203,0.063121,-0.337208,4.472931,129.247208,37.839596,-0.011247,0.329387,0.506134,-0.796999,20.095987,116.105164,20.928909,0.141916,0.086464,0.659873,-0.73277,13.789344,135.075836,8.960502,0.023868,0.846131,0.214232,0.48744,-9.294477,87.320816,8.053843,0.124034,0.955292,-0.035049,0.266092,-3.289733,54.988403,-5.698138,-0.005648,0.919251,-0.093319,0.38241,-14.783925,11.518171,-5.655157,-0.152575,0.773682,0.045701,0.613228,0.285248,86.993996,24.038755,0.064492,-0.598525,0.112358,-0.790559,10.698542,53.157555,28.188196,0.01527,0.83829,-0.060557,0.541636,6.181783,9.702677,38.820782,-0.005648,0.919251,-0.093319,0.38241,-5.310592,3.228605,-14.236677,0.01527,0.83829,-0.060557,0.541636,18.297663,2.041905,33.661182
43,0.358333,-0.028374,0.86693,0.068079,0.492942,-4.513308,87.147156,16.01672,-0.022381,0.863847,0.07712,0.497313,-5.402152,94.705818,16.704985,-0.028017,0.862636,0.073463,0.499678,-7.394213,111.749123,18.621164,0.113694,0.925859,-0.061704,0.355036,-9.854088,131.703033,20.616179,0.114441,0.957468,-0.207742,0.164319,-4.980917,145.301071,18.7521,-0.027492,0.807107,0.11417,0.578609,-11.8422,125.473,17.177507,0.274888,-0.400242,0.233618,-0.842417,-18.214407,127.172867,-1.039019,0.215306,-0.113316,-0.479958,-0.842878,-3.091726,110.905197,-15.510761,0.351006,0.016035,-0.640625,-0.682743,8.943034,128.720734,-24.829784,-0.155205,0.902456,0.098125,0.389688,-8.125019,125.286209,23.629066,0.302482,0.88953,0.062789,-0.336598,4.431188,129.23175,37.845631,-0.011805,0.330048,0.506123,-0.796724,20.082865,116.086533,20.963917,0.141687,0.087074,0.660527,-0.732152,13.795211,135.061783,8.986718,0.023673,0.845708,0.214163,0.488213,-9.288558,87.314178,8.015602,0.124261,0.955081,-0.035463,0.266686,-3.261956,54.978977,-5.720264,-0.005722,0.919228,-0.093276,0.382474,-14.785105,11.516443,-5.654461,-0.152824,0.773192,0.045969,0.613764,0.261943,86.980141,24.017838,0.064646,-0.598363,0.112466,-0.790654,10.697092,53.150875,28.170828,0.015195,0.838245,-0.060503,0.541714,6.17906,9.699965,38.819092,-0.005722,0.919228,-0.093276,0.382474,-5.309235,3.228745,-14.234981,0.015195,0.838245,-0.060503,0.541714,18.2973,2.041533,33.661568
44,0.366667,-0.028493,0.866508,0.068275,0.493651,-4.516419,87.136536,15.987892,-0.022303,0.863391,0.077431,0.498059,-5.408875,94.694687,16.677113,-0.027837,0.862179,0.073658,0.500446,-7.405701,111.737274,18.602207,0.113999,0.925592,-0.061412,0.355685,-9.864974,131.690445,20.605412,0.11452,0.957367,-0.207861,0.164705,-4.984453,145.287903,18.756475,-0.027516,0.80659,0.114058,0.579349,-11.848357,125.462959,17.159376,0.274907,-0.400207,0.233777,-0.842383,-18.187302,127.163406,-1.068704,0.215027,-0.113058,-0.480106,-0.8429,-3.067091,110.889137,-15.535614,0.350704,0.016145,-0.640503,-0.683009,8.96207,128.712601,-24.838406,-0.154944,0.902124,0.097479,0.39072,-8.142476,125.271378,23.617298,0.302428,0.889776,0.062889,-0.335976,4.385689,129.211624,37.860054,-0.012252,0.330812,0.506233,-0.79633,20.061253,116.064713,21.001829,0.141319,0.08769,0.660695,-0.731998,13.801893,135.043518,9.012036,0.023553,0.844949,0.214499,0.489385,-9.278516,87.304565,7.978956,0.124661,0.954722,-0.036168,0.267688,-3.213815,54.979229,-5.76337,-0.002819,0.918536,-0.091529,0.384585,-14.787427,11.530176,-5.658996,-0.153057,0.772889,0.0463,0.614062,0.245678,86.968513,23.996828,0.064886,-0.598044,0.112671,-0.790847,10.705878,53.146511,28.146017,0.016279,0.838265,-0.060004,0.541707,6.182422,9.702537,38.820225,-0.002819,0.918536,-0.091529,0.384585,-5.299055,3.254059,-14.236882,0.016279,0.838265,-0.060004,0.541707,18.29147,2.039042,33.64864
45,0.375,-0.028662,0.866111,0.068479,0.494308,-4.51799,87.122223,15.95775,-0.022183,0.862939,0.077661,0.498812,-5.414741,94.679802,16.647684,-0.027604,0.861711,0.073855,0.501236,-7.413993,111.724602,18.580284,0.114227,0.925375,-0.060863,0.35627,-9.870996,131.677109,20.592781,0.114691,0.95725,-0.208165,0.164879,-4.987781,145.276398,18.764463,-0.027237,0.80619,0.113985,0.579934,-11.850042,125.452576,17.138941,0.274984,-0.400088,0.233978,-0.842358,-18.163322,127.163109,-1.09709,0.214961,-0.112858,-0.480165,-0.842909,-3.04305,110.880257,-15.554267,0.350491,0.016285,-0.64062,-0.683006,8.985057,128.707916,-24.847975,-0.15527,0.901629,0.097745,0.391667,-8.155761,125.255478,23.603333,0.302423,0.890032,0.062935,-0.335293,4.339754,129.196518,37.874508,-0.012378,0.331388,0.506296,-0.796049,20.039772,116.044281,21.04324,0.141057,0.088075,0.661487,-0.731287,13.801334,135.020309,9.039842,0.023441,0.844359,0.214609,0.490359,-9.267789,87.290436,7.941524,0.124803,0.954477,-0.03679,0.268411,-3.176601,54.96809,-5.796108,-0.00536,0.919218,-0.093406,0.382472,-14.777077,11.52632,-5.65074,-0.153244,0.772468,0.046455,0.614534,0.23181,86.954018,23.973978,0.065016,-0.597915,0.112783,-0.790918,10.706017,53.137123,28.129387,0.016455,0.838203,-0.059751,0.541826,6.180105,9.696952,38.817997,-0.00536,0.919218,-0.093406,0.382472,-5.306937,3.231674,-14.230868,0.016455,0.838203,-0.059751,0.541826,18.290607,2.036469,33.645378
46,0.383333,-0.028676,0.865693,0.068684,0.495012,-4.528622,87.103966,15.925327,-0.021712,0.862517,0.078066,0.499499,-5.427669,94.661095,16.617123,-0.027622,0.861287,0.07365,0.501994,-7.421653,111.706749,18.56851,0.114583,0.925123,-0.060159,0.35693,-9.876914,131.660431,20.571419,0.114766,0.957147,-0.20845,0.165069,-4.988955,145.261566,18.769669,-0.026891,0.805819,0.114007,0.580461,-11.851575,125.435509,17.115786,0.275597,-0.400072,0.233861,-0.842198,-18.141869,127.160027,-1.126879,0.21516,-0.112509,-0.480259,-0.842852,-3.017996,110.871613,-15.574038,0.350289,0.016356,-0.640647,-0.683083,9.007,128.700226,-24.857048,-0.154994,0.901034,0.097281,0.393257,-8.16862,125.239143,23.586664,0.301806,0.890436,0.062373,-0.334884,4.281843,129.168076,37.900509,-0.012917,0.332599,0.506159,-0.795622,20.016197,116.027161,21.092445,0.140847,0.088517,0.661594,-0.731178,13.808593,134.997757,9.062977,0.023015,0.844537,0.214163,0.490267,-9.265441,87.274956,7.901479,0.125141,0.954313,-0.036882,0.268822,-3.165844,54.937588,-5.797016,-0.002804,0.918433,-0.09075,0.385015,-14.797076,11.504022,-5.657094,-0.15353,0.77154,0.046691,0.615609,0.208197,86.932968,23.949177,0.06519,-0.59783,0.112883,-0.790953,10.701926,53.123898,28.118969,0.017023,0.838201,-0.058903,0.541904,6.177407,9.687781,38.824657,-0.002804,0.918433,-0.09075,0.385015,-5.295885,3.246326,-14.238543,0.017023,0.838201,-0.058903,0.541904,18.288912,2.037533,33.639236
47,0.391667,-0.028748,0.865276,0.068966,0.495696,-4.537565,87.088982,15.892193,-0.0216,0.862091,0.078352,0.500193,-5.440234,94.645462,16.586443,-0.027287,0.860878,0.073777,0.502695,-7.437921,111.694336,18.547165,0.114864,0.924922,-0.059776,0.357425,-9.885749,131.64801,20.559294,0.114931,0.957063,-0.20863,0.165212,-4.992501,145.249359,18.773798,-0.02675,0.805336,0.113949,0.581149,-11.858298,125.426392,17.096506,0.27526,-0.399805,0.234367,-0.842295,-18.117939,127.157555,-1.156066,0.214816,-0.112482,-0.4803,-0.84292,-2.99532,110.856422,-15.590179,0.350062,0.01631,-0.640685,-0.683164,9.029781,128.69281,-24.866497,-0.15492,0.900732,0.097423,0.393942,-8.185569,125.223854,23.573,0.301615,0.890842,0.062913,-0.333871,4.244905,129.143616,37.906708,-0.012905,0.333052,0.505962,-0.795558,20.021257,116.011406,21.131252,0.141023,0.089291,0.661559,-0.731081,13.819019,134.971283,9.086839,0.022601,0.844149,0.214142,0.490964,-9.261679,87.262527,7.860915,0.125457,0.954092,-0.037311,0.269402,-3.126692,54.923153,-5.817016,-0.002705,0.918429,-0.090677,0.385045,-14.794847,11.499569,-5.655141,-0.15381,0.771167,0.046885,0.615992,0.186549,86.915436,23.923471,0.06539,-0.59746,0.11297,-0.791204,10.701358,53.113789,28.100336,0.016933,0.838194,-0.058783,0.541931,6.176711,9.681794,38.822689,-0.002705,0.918429,-0.090677,0.385045,-5.293994,3.242537,-14.237599,0.016933,0.838194,-0.058783,0.541931,18.290627,2.035526,33.637032
48,0.4,-0.028928,0.864893,0.068925,0.49636,-4.544862,87.078461,15.873408,-0.021411,0.861648,0.078382,0.50096,-5.45013,94.634865,16.565048,-0.027197,0.860394,0.073944,0.503503,-7.444065,111.680511,18.527754,0.115091,0.924672,-0.059462,0.35805,-9.894019,131.633377,20.5452,0.1151,0.956964,-0.208762,0.165502,-4.995797,145.234879,18.774479,-0.026401,0.805044,0.113936,0.581572,-11.860643,125.413635,17.075686,0.275535,-0.399599,0.234517,-0.842261,-18.101944,127.157555,-1.181954,0.214866,-0.112427,-0.48031,-0.842909,-2.974308,110.847328,-15.600535,0.349737,0.016374,-0.640712,-0.683304,9.04957,128.682129,-24.874783,-0.154784,0.900405,0.097884,0.394628,-8.199946,125.207603,23.55888,0.30134,0.891245,0.063557,-0.332922,4.211208,129.111008,37.91378,-0.013139,0.333493,0.505741,-0.79551,20.029915,115.993561,21.166676,0.140766,0.089731,0.661132,-0.731463,13.831075,134.9478,9.112157,0.022149,0.843894,0.214267,0.491367,-9.256505,87.249786,7.834759,0.125705,0.953843,-0.037778,0.2701,-3.083324,54.9128,-5.831616,-0.005216,0.919127,-0.092526,0.382906,-14.78364,11.49798,-5.644482,-0.154039,0.771084,0.04722,0.616013,0.166781,86.907143,23.912058,0.065526,-0.597157,0.113109,-0.791401,10.708043,53.112759,28.081039,0.016929,0.838175,-0.059046,0.541932,6.176926,9.685198,38.818596,-0.005216,0.919127,-0.092526,0.382906,-5.301832,3.222718,-14.230442,0.016929,0.838175,-0.059046,0.541932,18.288786,2.033231,33.636536
49,0.408333,-0.030603,0.864412,0.069881,0.496963,-4.511594,87.044106,15.843391,-0.021297,0.861235,0.0787,0.501625,-5.44668,94.596954,16.534168,-0.027018,0.859967,0.074093,0.50422,-7.447794,111.671432,18.510216,0.115504,0.924455,-0.058776,0.358592,-9.896244,131.62381,20.534407,0.115124,0.956864,-0.209188,0.165524,-4.99212,145.226547,18.789587,-0.026258,0.804765,0.114003,0.581952,-11.858704,125.40641,17.058342,0.275651,-0.399409,0.234767,-0.842243,-18.083168,127.158287,-1.204287,0.214782,-0.112455,-0.480346,-0.842906,-2.953699,110.83741,-15.608888,0.34939,0.016382,-0.640775,-0.683422,9.067923,128.673157,-24.882374,-0.154642,0.900038,0.097931,0.395508,-8.208628,125.196007,23.547384,0.301088,0.891606,0.064046,-0.33209,4.17729,129.088211,37.927101,-0.013549,0.334353,0.505485,-0.795305,20.033409,115.982735,21.206032,0.140082,0.090532,0.660483,-0.732082,13.849536,134.928696,9.132888,0.022165,0.843946,0.214403,0.491219,-9.210211,87.198326,7.796773,0.126333,0.953499,-0.038649,0.270898,-3.035609,54.865551,-5.878927,-0.002927,0.9184,-0.08965,0.385351,-14.809784,11.470938,-5.64258,-0.153997,0.77094,0.047069,0.616215,0.187023,86.889885,23.890009,0.065632,-0.597048,0.113355,-0.791439,10.718463,53.093563,28.06813,0.016801,0.838242,-0.058607,0.541879,6.174563,9.672249,38.825554,-0.002927,0.9184,-0.08965,0.385351,-5.293973,3.240517,-14.234027,0.016801,0.838242,-0.058607,0.541879,18.290827,2.031749,33.636875
50,0.416667,-0.03083,0.864066,0.070133,0.497515,-4.515266,87.035576,15.816853,-0.021203,0.860852,0.078845,0.502263,-5.455679,94.587677,16.508604,-0.026794,0.859567,0.074303,0.504882,-7.457841,111.660591,18.488991,0.115652,0.924274,-0.058449,0.359062,-9.904323,131.612198,20.523106,0.11544,0.956753,-0.20937,0.165715,-4.997936,145.215805,18.791563,-0.02587,0.804497,0.113945,0.58235,-11.863131,125.397659,17.039873,0.276015,-0.399331,0.234872,-0.842132,-18.070421,127.162346,-1.227368,0.214887,-0.112317,-0.480238,-0.842959,-2.940278,110.831604,-15.62009,0.34906,0.016366,-0.640786,-0.683581,9.087074,128.664246,-24.889267,-0.154448,0.8998,0.098007,0.396106,-8.222832,125.181915,23.534227,0.300696,0.89205,0.064246,-0.331211,4.147066,129.0625,37.930874,-0.014123,0.334981,0.505058,-0.795302,20.046598,115.969002,21.241669,0.139449,0.091409,0.660263,-0.732292,13.862482,134.907593,9.159091,0.02175,0.843709,0.214344,0.491669,-9.203392,87.189407,7.764109,0.126647,0.953259,-0.038992,0.271548,-2.99863,54.853523,-5.890574,-0.002841,0.918376,-0.089517,0.38544,-14.807609,11.468447,-5.640661,-0.154226,0.770713,0.047206,0.616431,0.172859,86.881752,23.869595,0.065739,-0.596717,0.113429,-0.79167,10.721135,53.091385,28.05341,0.016859,0.838137,-0.058549,0.542046,6.173364,9.672856,38.820446,-0.002841,0.918376,-0.089517,0.38544,-5.290437,3.240278,-14.232758,0.016859,0.838137,-0.058549,0.542046,18.291576,2.03287,33.635559
51,0.425,-0.030163,0.863812,0.07007,0.498006,-4.543898,87.036148,15.793244,-0.021302,0.86043,0.078391,0.503052,-5.475436,94.589005,16.488741,-0.026035,0.859095,0.074892,0.505638,-7.472368,111.645889,18.450035,0.115781,0.924112,-0.058246,0.359472,-9.906317,131.595566,20.517887,0.115572,0.956677,-0.209549,0.165837,-4.997206,145.199387,18.795759,-0.025527,0.804226,0.114042,0.582721,-11.864374,125.389168,17.01972,0.276197,-0.399119,0.235173,-0.842089,-18.055578,127.168633,-1.251538,0.2149,-0.11233,-0.480205,-0.842973,-2.923959,110.824249,-15.627195,0.348815,0.016217,-0.640898,-0.683604,9.104952,128.656036,-24.897057,-0.154474,0.899499,0.098131,0.396748,-8.234848,125.158264,23.519579,0.301922,0.892194,0.071262,-0.32826,4.114985,129.033615,37.934841,-0.011624,0.333719,0.505361,-0.79568,20.078522,115.991905,21.266212,0.138836,0.092286,0.660154,-0.732397,13.87737,134.886658,9.181398,0.021216,0.84314,0.214271,0.492699,-9.223671,87.200912,7.735867,0.126882,0.95306,-0.039124,0.272114,-2.972767,54.861153,-5.88855,-0.002452,0.918276,-0.089746,0.385627,-14.80487,11.482367,-5.640212,-0.154584,0.770254,0.047419,0.616899,0.135877,86.871376,23.850622,0.065948,-0.596433,0.113375,-0.791874,10.709713,53.090332,28.045187,0.016778,0.838174,-0.058542,0.541992,6.173279,9.673169,38.82246,-0.002452,0.918276,-0.089746,0.385627,-5.290532,3.244869,-14.2265,0.016778,0.838174,-0.058542,0.541992,18.291809,2.034481,33.636421
52,0.433333,-0.030393,0.863451,0.070343,0.498578,-4.54078,87.028503,15.767196,-0.021169,0.860101,0.078577,0.503592,-5.47788,94.580559,16.463894,-0.025953,0.858765,0.075054,0.506178,-7.475085,111.634811,18.431553,0.116456,0.923849,-0.058192,0.359938,-9.910779,131.583679,20.505116,0.115452,0.956639,-0.209663,0.165994,-4.983185,145.182281,18.794668,-0.025163,0.803996,0.114023,0.583058,-11.864749,125.378906,17.001804,0.276179,-0.398728,0.235535,-0.842178,-18.041452,127.17099,-1.273124,0.214906,-0.112547,-0.48025,-0.842917,-2.902347,110.815392,-15.628118,0.348642,0.016331,-0.640904,-0.683684,9.122096,128.645294,-24.906742,-0.154337,0.899224,0.098196,0.397409,-8.243301,125.144997,23.50606,0.301641,0.892589,0.071401,-0.327413,4.087838,129.010391,37.93998,-0.012068,0.334424,0.505026,-0.79559,20.089811,115.974831,21.303423,0.138459,0.093249,0.659793,-0.732671,13.894388,134.863632,9.203333,0.021501,0.841334,0.215282,0.495326,-9.209655,87.193062,7.703493,0.127194,0.952429,-0.040443,0.273981,-2.897256,54.885136,-5.968049,-0.001466,0.918269,-0.090675,0.385432,-14.787958,11.522922,-5.638029,-0.15485,0.770273,0.047531,0.6168,0.128096,86.863945,23.8309,0.066023,-0.596253,0.113566,-0.791976,10.721322,53.089523,28.029814,0.016987,0.838136,-0.058559,0.542043,6.173214,9.677142,38.821445,-0.001466,0.918269,-0.090675,0.385432,-5.296241,3.252936,-14.218122,0.016987,0.838136,-0.058559,0.542043,18.289753,2.035044,33.635777
53,0.441667,-0.030508,0.863385,0.069747,0.498769,-4.558285,87.020348,15.761924,-0.021146,0.859879,0.078363,0.504004,-5.492537,94.573578,16.449709,-0.025629,0.858491,0.075232,0.506633,-7.486072,111.626968,18.410263,0.116378,0.923797,-0.057579,0.360195,-9.915259,131.575424,20.495346,0.116017,0.956466,-0.210178,0.165946,-4.994773,145.178741,18.801825,-0.024536,0.804106,0.113647,0.583006,-11.868391,125.373947,16.985741,0.277013,-0.398552,0.235169,-0.84209,-18.048672,127.176735,-1.286936,0.215475,-0.112606,-0.479998,-0.842907,-2.892996,110.823547,-15.627182,0.348403,0.016125,-0.640741,-0.683964,9.14096,128.637939,-24.917469,-0.153873,0.899102,0.0978,0.397962,-8.253555,125.133934,23.493454,0.301246,0.892991,0.071263,-0.32671,4.066081,128.98645,37.940643,-0.012436,0.334989,0.504632,-0.795597,20.105038,115.958092,21.334072,0.13826,0.09396,0.659721,-0.732683,13.908418,134.839249,9.220871,0.020212,0.842667,0.214407,0.493492,-9.22348,87.177788,7.695947,0.127577,0.952603,-0.039669,0.27331,-2.894668,54.83923,-5.895337,-0.002286,0.918319,-0.089647,0.385549,-14.798686,11.480209,-5.632655,-0.154908,0.769771,0.047712,0.617397,0.106912,86.862907,23.827902,0.066163,-0.596249,0.11345,-0.791984,10.707767,53.090996,28.027742,0.016878,0.838168,-0.058717,0.541979,6.175246,9.677926,38.82317,-0.002286,0.918319,-0.089647,0.385549,-5.287604,3.243124,-14.222944,0.016878,0.838168,-0.058717,0.541979,18.290998,2.03395,33.638424
54,0.45,-0.030764,0.862918,0.070121,0.499509,-4.548549,87.012466,15.731527,-0.020874,0.859587,0.078863,0.504436,-5.489602,94.564659,16.421453,-0.025744,0.858258,0.075129,0.507036,-7.485377,111.621521,18.401169,0.117155,0.923568,-0.057279,0.360578,-9.917407,131.570358,20.479198,0.115603,0.956508,-0.210246,0.165906,-4.978462,145.169281,18.804342,-0.024168,0.804049,0.113544,0.58312,-11.866929,125.367973,16.96921,0.277123,-0.398236,0.235234,-0.842185,-18.042738,127.180481,-1.30401,0.215679,-0.112634,-0.480064,-0.842814,-2.875301,110.825539,-15.629821,0.348521,0.016057,-0.640988,-0.683674,9.159598,128.645264,-24.929165,-0.153614,0.898859,0.097805,0.398609,-8.25828,125.129654,23.480415,0.301033,0.893344,0.071144,-0.325967,4.044476,128.969162,37.945431,-0.012465,0.33538,0.504348,-0.795612,20.115963,115.940407,21.370659,0.138472,0.0945,0.659837,-0.732469,13.918251,134.812073,9.243276,0.019898,0.842419,0.214144,0.49404,-9.199697,87.170509,7.657456,0.127933,0.952295,-0.04008,0.274156,-2.852495,54.823029,-5.903968,-0.002968,0.918518,-0.090054,0.384976,-14.796575,11.475128,-5.625717,-0.155119,0.769554,0.047419,0.617637,0.102599,86.854431,23.805597,0.066082,-0.596308,0.113401,-0.791953,10.700552,53.085197,28.034237,0.018127,0.837973,-0.058042,0.542314,6.16791,9.670162,38.821693,-0.002968,0.918518,-0.090054,0.384976,-5.29001,3.235324,-14.218399,0.018127,0.837973,-0.058042,0.542314,18.278389,2.022786,33.629654
55,0.458333,-0.030255,0.862726,0.069937,0.499897,-4.561533,87.014755,15.706186,-0.020981,0.859276,0.07899,0.504941,-5.494802,94.567802,16.397192,-0.025188,0.857952,0.075513,0.507526,-7.495288,111.607994,18.375761,0.116851,0.923611,-0.056712,0.360655,-9.917106,131.555649,20.477045,0.116206,0.95637,-0.2108,0.165578,-4.991275,145.160812,18.814308,-0.023813,0.803975,0.113563,0.583233,-11.866797,125.359009,16.956995,0.277565,-0.398042,0.235099,-0.842169,-18.03813,127.183571,-1.31654,0.215795,-0.112986,-0.480056,-0.842741,-2.859144,110.828377,-15.629821,0.348053,0.015892,-0.640888,-0.68401,9.170426,128.639084,-24.943737,-0.153621,0.898641,0.097924,0.39907,-8.265127,125.110031,23.471664,0.300457,0.893848,0.071401,-0.325059,4.023307,128.944916,37.950077,-0.012478,0.335926,0.503677,-0.795806,20.144531,115.936447,21.407707,0.138269,0.095253,0.659648,-0.73258,13.932907,134.786774,9.258015,0.019525,0.841356,0.214499,0.495711,-9.206028,87.179878,7.628428,0.128242,0.951967,-0.040611,0.275071,-2.796927,54.842175,-5.927207,-0.002205,0.918521,-0.090799,0.384798,-14.780146,11.505252,-5.62283,-0.155414,0.769286,0.047426,0.617896,0.082962,86.849625,23.783945,0.066223,-0.596043,0.113361,-0.792147,10.695329,53.086971,28.02895,0.018258,0.837991,-0.058085,0.542276,6.169504,9.672782,38.822685,-0.002205,0.918521,-0.090799,0.384798,-5.291745,3.239686,-14.210841,0.018258,0.837991,-0.058085,0.542276,18.27754,2.022506,33.629219
56,0.466667,-0.031116,0.862411,0.070399,0.500324,-4.551291,86.994743,15.683993,-0.02079,0.859016,0.079121,0.505371,-5.499743,94.545998,16.373974,-0.024967,0.857683,0.075667,0.507968,-7.499697,111.601791,18.360603,0.117455,0.923363,-0.056847,0.361074,-9.91807,131.54895,20.470501,0.115796,0.956365,-0.210865,0.165811,-4.973947,145.148178,18.813473,-0.023563,0.803843,0.113681,0.583403,-11.865992,125.354805,16.945099,0.277554,-0.397827,0.235366,-0.8422,-18.030136,127.190674,-1.329733,0.215537,-0.113498,-0.48003,-0.842754,-2.848727,110.826584,-15.630288,0.347492,0.015544,-0.640817,-0.684369,9.178063,128.634949,-24.959564,-0.153504,0.898454,0.098262,0.399453,-8.270844,125.101234,23.463196,0.299979,0.894275,0.071489,-0.324305,4.007146,128.92421,37.953613,-0.012509,0.336248,0.503312,-0.7959,20.169493,115.930237,21.440001,0.138786,0.095757,0.659355,-0.73268,13.950704,134.770325,9.277166,0.019096,0.841232,0.214657,0.495869,-9.186847,87.151077,7.600924,0.128731,0.951533,-0.041213,0.276252,-2.743862,54.817039,-5.947387,-0.001235,0.918316,-0.089721,0.385545,-14.783202,11.495844,-5.618804,-0.155512,0.769012,0.047332,0.618221,0.084266,86.838409,23.767063,0.0664,-0.595597,0.113428,-0.792458,10.695878,53.077282,28.026039,0.018421,0.838078,-0.057624,0.542186,6.168936,9.666595,38.833359,-0.001235,0.918316,-0.089721,0.385545,-5.286935,3.245654,-14.212914,0.018421,0.838078,-0.057624,0.542186,18.277569,2.023994,33.629982
57,0.475,-0.030671,0.862222,0.070316,0.500688,-4.559797,86.994751,15.656519,-0.020449,0.85874,0.079333,0.505819,-5.502052,94.5466,16.348434,-0.024844,0.857373,0.075886,0.508464,-7.495578,111.592697,18.345194,0.11777,0.923175,-0.056752,0.361466,-9.915418,131.538757,20.463743,0.115717,0.956293,-0.211129,0.165943,-4.962797,145.135925,18.815195,-0.023153,0.803899,0.113723,0.583334,-11.859623,125.346718,16.932594,0.277875,-0.397684,0.235487,-0.842128,-18.027632,127.195969,-1.339579,0.21521,-0.114358,-0.479825,-0.842837,-2.843224,110.822701,-15.626417,0.346278,0.015034,-0.640368,-0.685415,9.179982,128.612595,-24.977839,-0.153425,0.898233,0.098286,0.399971,-8.27189,125.089249,23.454622,0.299544,0.894677,0.071529,-0.323588,3.990962,128.905853,37.95953,-0.012295,0.336646,0.50281,-0.796053,20.191765,115.924072,21.474045,0.138997,0.096263,0.659417,-0.732518,13.962301,134.744797,9.289542,0.018705,0.840796,0.214415,0.496727,-9.18907,87.158051,7.569989,0.128928,0.95117,-0.041476,0.277367,-2.717488,54.815567,-5.944499,-0.001783,0.918442,-0.09033,0.3851,-14.780167,11.500895,-5.61258,-0.155807,0.768733,0.047297,0.618496,0.069476,86.831444,23.743048,0.066591,-0.595152,0.113438,-0.792774,10.693566,53.076626,28.020912,0.018303,0.838172,-0.057693,0.542037,6.170279,9.668416,38.839718,-0.001783,0.918442,-0.09033,0.3851,-5.288799,3.242002,-14.203736,0.018303,0.838172,-0.057693,0.542037,18.277842,2.025962,33.633644
58,0.483333,-0.031585,0.861935,0.071915,0.500898,-4.531034,86.961021,15.600488,-0.020216,0.858468,0.079934,0.506196,-5.497664,94.508537,16.306057,-0.024523,0.8571,0.076002,0.508923,-7.499807,111.587181,18.327898,0.118154,0.923053,-0.056514,0.361689,-9.912033,131.533173,20.455805,0.115676,0.956282,-0.211357,0.165749,-4.951095,145.128723,18.819054,-0.022785,0.803855,0.113761,0.583401,-11.855696,125.34417,16.919029,0.278192,-0.3975,0.235526,-0.842099,-18.021301,127.206078,-1.35268,0.215371,-0.114562,-0.480008,-0.842665,-2.83013,110.827431,-15.626189,0.346261,0.014544,-0.641053,-0.684794,9.186789,128.623871,-24.993416,-0.153267,0.898071,0.098461,0.400354,-8.274683,125.081085,23.444527,0.299087,0.895072,0.071379,-0.322952,3.978209,128.887039,37.960655,-0.012204,0.336962,0.502259,-0.796268,20.215351,115.915741,21.502684,0.139064,0.096724,0.65967,-0.732216,13.969779,134.720688,9.300147,0.018368,0.840762,0.214031,0.496964,-9.155322,87.125,7.511117,0.129357,0.950734,-0.042127,0.278564,-2.673461,54.769897,-5.968186,-0.001299,0.918265,-0.088808,0.385876,-14.788503,11.470074,-5.606931,-0.15615,0.768371,0.046743,0.6189,0.093254,86.797043,23.689859,0.066673,-0.594423,0.113599,-0.793291,10.709071,53.046154,28.018946,0.016629,0.838387,-0.057432,0.541786,6.16898,9.642217,38.847862,-0.001299,0.918265,-0.088808,0.385876,-5.279524,3.242186,-14.20836,0.016629,0.838387,-0.057432,0.541786,18.295589,2.029951,33.641884
59,0.491667,-0.031852,0.861757,0.071983,0.501177,-4.531662,86.95369,15.576631,-0.019991,0.858247,0.080141,0.506548,-5.502552,94.500786,16.280725,-0.024309,0.856859,0.07612,0.509321,-7.502716,111.580811,18.31209,0.118492,0.922943,-0.056294,0.361892,-9.910943,131.526505,20.447353,0.115653,0.956275,-0.211521,0.165595,-4.94276,145.120697,18.821348,-0.022418,0.803821,0.113777,0.583459,-11.85329,125.33976,16.905909,0.278493,-0.39736,0.235634,-0.842035,-18.01692,127.21373,-1.365222,0.215526,-0.114874,-0.480108,-0.842525,-2.822514,110.826805,-15.625761,0.346273,0.014063,-0.641436,-0.684439,9.186922,128.620697,-25.009388,-0.153097,0.897941,0.098645,0.400665,-8.278153,125.072502,23.434454,0.298768,0.895396,0.07095,-0.322444,3.967069,128.867737,37.95985,-0.012347,0.337446,0.501837,-0.796327,20.231684,115.897156,21.528467,0.139094,0.097207,0.659477,-0.732321,13.981515,134.690674,9.309961,0.018014,0.840606,0.213859,0.497315,-9.150429,87.114494,7.484046,0.129544,0.950281,-0.042502,0.279962,-2.647918,54.753208,-5.970437,-0.001434,0.918287,-0.088503,0.385895,-14.788439,11.460596,-5.599774,-0.156315,0.768115,0.04663,0.619185,0.087104,86.792877,23.669216,0.066776,-0.594071,0.11355,-0.793553,10.705016,53.044903,28.015825,0.016885,0.838325,-0.05713,0.541906,6.169138,9.641197,38.847427,-0.001434,0.918287,-0.088503,0.385895,-5.275517,3.241296,-14.205048,0.016885,0.838325,-0.05713,0.541906,18.29665,2.031856,33.63929
60,0.5,-0.032109,0.861569,0.072138,0.501462,-4.528559,86.94664,15.551826,-0.019787,0.858067,0.080368,0.506825,-5.504242,94.493149,16.255648,-0.024205,0.856678,0.076163,0.509623,-7.50419,111.582695,18.29789,0.118907,0.92285,-0.056072,0.362029,-9.91047,131.528336,20.435913,0.115682,0.956284,-0.211638,0.165373,-4.933278,145.120575,18.821068,-0.022101,0.803739,0.113727,0.583594,-11.851449,125.342705,16.891769,0.27876,-0.397134,0.235906,-0.841977,-18.009529,127.226082,-1.380269,0.215752,-0.115266,-0.480245,-0.842336,-2.812418,110.825455,-15.622166,0.346414,0.013679,-0.641878,-0.683961,9.186643,128.615311,-25.026726,-0.152912,0.897937,0.099248,0.400595,-8.28083,125.073395,23.422703,0.298715,0.895617,0.07042,-0.321994,3.968764,128.853088,37.948467,-0.012597,0.337694,0.501544,-0.796403,20.25046,115.870796,21.54327,0.1392,0.097752,0.659269,-0.732415,13.993179,134.662796,9.31776,0.017559,0.8403,0.213873,0.497841,-9.141685,87.10527,7.455983,0.129849,0.950019,-0.042887,0.280649,-2.603,54.743267,-5.979253,-0.00201,0.918507,-0.089118,0.385225,-14.778871,11.460736,-5.592445,-0.156523,0.767953,0.046463,0.619346,0.084568,86.788017,23.647669,0.066878,-0.593776,0.113548,-0.793766,10.70527,53.043579,28.014898,0.01837,0.838215,-0.0566,0.542084,6.171082,9.641067,38.851963,-0.00201,0.918507,-0.089118,0.385225,-5.275047,3.23263,-14.199355,0.01837,0.838215,-0.0566,0.542084,18.287304,2.021639,33.632301
61,0.508333,-0.032333,0.861362,0.072337,0.501775,-4.52323,86.940804,15.52794,-0.019703,0.857854,0.080551,0.507158,-5.503625,94.486649,16.232277,-0.023932,0.856471,0.076309,0.509963,-7.505445,111.578346,18.280993,0.119181,0.922806,-0.055791,0.362093,-9.906133,131.523605,20.42873,0.115672,0.956322,-0.211737,0.16503,-4.924374,145.115433,18.824581,-0.021727,0.803703,0.113749,0.583652,-11.8467,125.340721,16.879574,0.279544,-0.397232,0.235797,-0.841702,-18.002775,127.236534,-1.391859,0.216279,-0.115352,-0.480396,-0.842103,-2.807061,110.826256,-15.624128,0.346688,0.013409,-0.64229,-0.68344,9.18303,128.611206,-25.043201,-0.152654,0.897859,0.098993,0.400931,-8.281042,125.06636,23.413008,0.298695,0.895821,0.070388,-0.321453,3.96118,128.839249,37.946758,-0.0125,0.338019,0.50127,-0.796439,20.261938,115.852097,21.564341,0.13916,0.09817,0.659054,-0.732561,14.002213,134.633087,9.324036,0.01723,0.840061,0.213783,0.498294,-9.130249,87.098236,7.428592,0.130116,0.949749,-0.043219,0.281389,-2.56784,54.732681,-5.986505,-0.001887,0.918523,-0.089014,0.385213,-14.774635,11.458963,-5.587747,-0.156696,0.76776,0.046282,0.619556,0.083789,86.783371,23.627287,0.066978,-0.593456,0.11354,-0.793998,10.704492,53.041603,28.015114,0.018235,0.838263,-0.056683,0.542005,6.17193,9.640113,38.856979,-0.001887,0.918523,-0.089014,0.385213,-5.272146,3.231916,-14.197148,0.018235,0.838263,-0.056683,0.542005,18.288076,2.020804,33.636963
62,0.516667,-0.032747,0.861157,0.071584,0.502206,-4.52788,86.947586,15.534801,-0.019794,0.857672,0.080306,0.507502,-5.508328,94.494675,16.225609,-0.02362,0.856297,0.076441,0.510249,-7.508168,111.577209,18.263454,0.119394,0.922832,-0.055341,0.362028,-9.901491,131.522263,20.421389,0.11573,0.956391,-0.211833,0.164471,-4.918831,145.115356,18.830849,-0.021311,0.803594,0.113685,0.58383,-11.842569,125.3423,16.867424,0.279368,-0.397066,0.236357,-0.841681,-17.991283,127.250496,-1.405191,0.216282,-0.115691,-0.480576,-0.841953,-2.802581,110.82164,-15.62351,0.347044,0.013161,-0.642721,-0.68286,9.177547,128.609543,-25.058422,-0.152315,0.897728,0.099027,0.401345,-8.281045,125.062561,23.402885,0.298564,0.896008,0.070397,-0.32105,3.952293,128.820801,37.947903,-0.012481,0.338374,0.500989,-0.796466,20.270956,115.835533,21.581818,0.139161,0.09867,0.658646,-0.73286,14.009409,134.606186,9.327628,0.016995,0.839925,0.214,0.498439,-9.126313,87.092026,7.430336,0.130359,0.949515,-0.043377,0.282039,-2.539746,54.732513,-5.987485,-0.000605,0.918252,-0.08846,0.38599,-14.771089,11.465716,-5.589886,-0.156604,0.767789,0.046433,0.619531,0.070553,86.803146,23.639265,0.067044,-0.593469,0.113402,-0.794002,10.693106,53.060307,28.014357,0.018509,0.838231,-0.057024,0.54201,6.173982,9.656802,38.85376,-0.000605,0.918252,-0.08846,0.38599,-5.267292,3.238538,-14.197716,0.018509,0.838231,-0.057024,0.54201,18.284121,2.02598,33.636627
63,0.525,-0.032852,0.860956,0.071833,0.502509,-4.522697,86.946342,15.509542,-0.019664,0.857495,0.080565,0.507765,-5.506669,94.49279,16.202446,-0.023384,0.856137,0.076585,0.510508,-7.508228,111.577545,18.250032,0.119799,0.922762,-0.055186,0.362096,-9.896978,131.522156,20.417059,0.115607,0.95643,-0.211937,0.164196,-4.90516,145.11293,18.835344,-0.020898,0.80352,0.113604,0.583964,-11.837846,125.34462,16.858765,0.27997,-0.397203,0.236361,-0.841415,-17.981203,127.264496,-1.414433,0.216626,-0.115795,-0.480765,-0.841742,-2.798398,110.824097,-15.625712,0.347266,0.012904,-0.64312,-0.682375,9.170864,128.610001,-25.072309,-0.152007,0.897615,0.09924,0.401662,-8.280088,125.06044,23.396088,0.298595,0.896094,0.070529,-0.320751,3.947031,128.802765,37.950439,-0.012072,0.338412,0.501159,-0.796349,20.274866,115.815804,21.594854,0.140082,0.09845,0.658411,-0.732925,14.022475,134.583679,9.33165,0.01676,0.839661,0.213776,0.498987,-9.115329,87.091957,7.401808,0.13056,0.949322,-0.043614,0.282559,-2.513968,54.725052,-5.990886,-0.000586,0.918278,-0.08831,0.385962,-14.768275,11.464828,-5.58509,-0.156791,0.767652,0.046251,0.619667,0.069934,86.800728,23.617277,0.067121,-0.593161,0.113367,-0.794231,10.693645,53.06089,28.012568,0.017217,0.838337,-0.057503,0.541838,6.176938,9.6576,38.853848,-0.000586,0.918278,-0.08831,0.385962,-5.264416,3.240924,-14.195978,0.017217,0.838337,-0.057503,0.541838,18.296564,2.035165,33.646488
64,0.533333,-0.032864,0.860771,0.071925,0.502813,-4.518276,86.946877,15.488122,-0.019605,0.857302,0.08073,0.508067,-5.503353,94.493103,16.181787,-0.023084,0.855955,0.076758,0.5108,-7.506805,111.577309,18.234596,0.120001,0.92276,-0.054875,0.362081,-9.8895,131.521408,20.41296,0.115583,0.956488,-0.212018,0.163765,-4.895531,145.112564,18.841438,-0.020543,0.803512,0.113525,0.584003,-11.830418,125.346886,16.849464,0.279807,-0.397132,0.236805,-0.841379,-17.972582,127.276192,-1.423141,0.216531,-0.116156,-0.480872,-0.841656,-2.79789,110.820946,-15.625885,0.347318,0.012705,-0.643528,-0.681968,9.16396,128.607971,-25.086264,-0.151574,0.897543,0.099258,0.401982,-8.276897,125.057159,23.388845,0.298419,0.896238,0.070473,-0.320526,3.945365,128.782471,37.951637,-0.011892,0.338812,0.500715,-0.79646,20.286444,115.799835,21.605869,0.139873,0.098904,0.657911,-0.733353,14.027366,134.546936,9.324403,0.016438,0.839493,0.213556,0.499375,-9.105211,87.093674,7.377186,0.130807,0.949115,-0.043783,0.283112,-2.486283,54.719307,-5.988772,-0.000421,0.918251,-0.088276,0.386033,-14.765718,11.46622,-5.582083,-0.156965,0.76762,0.046027,0.61968,0.06866,86.800072,23.599058,0.067204,-0.59293,0.113324,-0.794402,10.691654,53.062637,28.014521,0.017152,0.838408,-0.057571,0.541723,6.179263,9.659463,38.858063,-0.000421,0.918251,-0.088276,0.386033,-5.262485,3.241395,-14.192785,0.017152,0.838408,-0.057571,0.541723,18.297613,2.036407,33.648647
65,0.541667,-0.032887,0.860529,0.07198,0.503217,-4.511496,86.94696,15.466785,-0.01956,0.857117,0.08095,0.508345,-5.497619,94.493042,16.160538,-0.022775,0.855812,0.076893,0.511033,-7.504445,111.577652,18.220142,0.120311,0.92273,-0.054661,0.362086,-9.879851,131.521484,20.408903,0.115415,0.956561,-0.212043,0.163428,-4.879926,145.111496,18.846323,-0.020324,0.803464,0.113576,0.584065,-11.821604,125.349846,16.840872,0.279963,-0.397256,0.236994,-0.841215,-17.961275,127.287445,-1.431693,0.216392,-0.116367,-0.481018,-0.841579,-2.796586,110.820702,-15.631786,0.347196,0.01231,-0.643771,-0.681808,9.156631,128.610748,-25.098616,-0.151402,0.897423,0.099428,0.402274,-8.271423,125.05484,23.38183,0.298505,0.896259,0.07061,-0.320356,3.943753,128.769714,37.953232,-0.011504,0.338822,0.500685,-0.796481,20.287863,115.784309,21.612661,0.140382,0.099051,0.657624,-0.733494,14.028138,134.523239,9.322369,0.016381,0.83904,0.213476,0.500171,-9.090817,87.094612,7.351564,0.130954,0.948973,-0.044094,0.283473,-2.458668,54.71767,-6.001613,-0.000355,0.918326,-0.088363,0.385835,-14.758333,11.470509,-5.576961,-0.157054,0.767478,0.045872,0.619844,0.067826,86.799309,23.582006,0.067275,-0.592703,0.113314,-0.794567,10.687837,53.062855,28.012177,0.018469,0.838231,-0.057116,0.542002,6.176878,9.660342,38.858944,-0.000355,0.918326,-0.088363,0.385835,-5.260473,3.242737,-14.190772,0.018469,0.838231,-0.057116,0.542002,18.286657,2.028102,33.643055
66,0.55,-0.032399,0.860356,0.071841,0.503564,-4.515243,86.953094,15.445908,-0.019467,0.856947,0.081144,0.508605,-5.494181,94.499977,16.141212,-0.022544,0.855669,0.077059,0.511258,-7.501611,111.578178,18.206915,0.120433,0.922733,-0.054489,0.362065,-9.873,131.521393,20.405544,0.115368,0.95662,-0.212041,0.163114,-4.87168,145.111526,18.848598,-0.020099,0.803432,0.113622,0.584109,-11.814584,125.352226,16.833153,0.280103,-0.397331,0.237191,-0.841077,-17.952627,127.298096,-1.439077,0.216205,-0.116694,-0.481263,-0.841442,-2.796067,110.820221,-15.634934,0.346916,0.012342,-0.643799,-0.681923,9.141733,128.613358,-25.111526,-0.151021,0.897274,0.099144,0.402818,-8.267672,125.052704,23.375679,0.298646,0.896161,0.070645,-0.320493,3.935003,128.755768,37.960552,-0.011432,0.339091,0.500632,-0.7964,20.270004,115.76635,21.614086,0.139983,0.099591,0.657724,-0.733407,14.015627,134.502563,9.312008,0.016165,0.838902,0.213053,0.50059,-9.088643,87.107826,7.327479,0.131023,0.948919,-0.044022,0.283634,-2.452183,54.717506,-5.991073,-0.000246,0.918308,-0.088378,0.385876,-14.755893,11.471394,-5.576434,-0.15721,0.76729,0.045772,0.620045,0.058157,86.79837,23.564335,0.067367,-0.592548,0.113252,-0.794684,10.680799,53.064751,28.009745,0.018948,0.838204,-0.056816,0.542059,6.177058,9.662107,38.858994,-0.000246,0.918308,-0.088378,0.385876,-5.258776,3.242147,-14.189659,0.018948,0.838204,-0.056816,0.542059,18.28421,2.029438,33.637627
67,0.558333,-0.032576,0.86008,0.072079,0.50399,-4.503724,86.948944,15.424538,-0.019393,0.856775,0.081329,0.508868,-5.487143,94.495117,16.121098,-0.022307,0.855536,0.077237,0.511464,-7.497129,111.579529,18.193819,0.120481,0.92279,-0.054189,0.361948,-9.864523,131.522064,20.402878,0.115449,0.956696,-0.212026,0.162635,-4.865249,145.113831,18.853512,-0.019778,0.803449,0.113548,0.584111,-11.806057,125.355438,16.826071,0.280726,-0.397622,0.237036,-0.840776,-17.944521,127.309608,-1.445137,0.21617,-0.116859,-0.481432,-0.841331,-2.796297,110.824966,-15.642042,0.34648,0.01211,-0.643808,-0.682141,9.13004,128.617752,-25.12385,-0.150778,0.897191,0.099266,0.403064,-8.262129,125.051262,23.370001,0.29625,0.896621,0.061238,-0.323352,3.935712,128.742538,37.961906,-0.015359,0.341828,0.499395,-0.795941,20.248699,115.709183,21.628429,0.140101,0.099622,0.657575,-0.733514,14.013186,134.483704,9.302553,0.015974,0.838577,0.213125,0.501109,-9.068914,87.103821,7.301492,0.131364,0.94898,-0.044262,0.283234,-2.410182,54.715252,-6.01019,-0.000378,0.918323,-0.088692,0.385767,-14.748183,11.479076,-5.578803,-0.157372,0.76729,0.045472,0.620026,0.061467,86.794067,23.547585,0.067343,-0.592579,0.113223,-0.794667,10.679642,53.06213,28.016356,0.018958,0.838272,-0.056685,0.541966,6.177068,9.658596,38.862541,-0.000378,0.918323,-0.088692,0.385767,-5.253251,3.243824,-14.188695,0.018958,0.838272,-0.056685,0.541966,18.283951,2.028602,33.636642
68,0.566667,-0.032486,0.859886,0.072151,0.504316,-4.497738,86.950104,15.404884,-0.019424,0.856638,0.081453,0.509078,-5.480802,94.496216,16.102705,-0.021993,0.855437,0.077445,0.511611,-7.494779,111.583458,18.178459,0.12069,0.922775,-0.054088,0.361931,-9.856018,131.525253,20.400759,0.115267,0.956758,-0.212007,0.162422,-4.852389,145.115952,18.856155,-0.020414,0.802841,0.114317,0.584775,-11.798602,125.361801,16.819073,0.2805,-0.398062,0.237588,-0.840487,-17.905998,127.317009,-1.462428,0.215269,-0.116886,-0.481872,-0.841306,-2.790229,110.809639,-15.667507,0.345975,0.01205,-0.643685,-0.682514,9.116573,128.624863,-25.13488,-0.150713,0.896971,0.100555,0.403258,-8.256706,125.051834,23.363832,0.296319,0.896468,0.061296,-0.323703,3.935812,128.718704,37.966331,-0.015332,0.341821,0.499662,-0.795777,20.234591,115.686592,21.617691,0.140312,0.099568,0.657568,-0.733487,14.010279,134.469788,9.292278,0.015963,0.838381,0.212893,0.501537,-9.056908,87.107643,7.27851,0.131459,0.948907,-0.044384,0.283415,-2.39915,54.712002,-6.01643,0.000193,0.91824,-0.088516,0.386007,-14.748247,11.47905,-5.579445,-0.15726,0.766786,0.04547,0.620678,0.06143,86.792564,23.53126,0.067584,-0.592148,0.113197,-0.794971,10.66982,53.058094,28.004131,0.018967,0.838241,-0.056665,0.542016,6.176188,9.656951,38.863575,0.000193,0.91824,-0.088516,0.386007,-5.255278,3.241981,-14.189763,0.018967,0.838241,-0.056665,0.542016,18.283773,2.027296,33.638817
69,0.575,-0.032277,0.859669,0.073321,0.504531,-4.478131,86.935982,15.352149,-0.019072,0.856532,0.082129,0.509161,-5.467594,94.479698,16.066608,-0.021941,0.855378,0.077537,0.511698,-7.484611,111.575294,18.169725,0.120655,0.922829,-0.053884,0.361836,-9.846156,131.516617,20.396011,0.115214,0.956857,-0.211794,0.162152,-4.845685,145.108963,18.855717,-0.019994,0.802891,0.114337,0.584716,-11.788077,125.353966,16.812569,0.280702,-0.398323,0.237594,-0.840294,-17.898781,127.322403,-1.466407,0.214712,-0.117281,-0.482009,-0.841316,-2.79417,110.809036,-15.676412,0.345076,0.011861,-0.643207,-0.683423,9.098596,128.623596,-25.14537,-0.150668,0.896884,0.100558,0.403468,-8.247469,125.042519,23.357952,0.296471,0.896328,0.06134,-0.323942,3.939013,128.706436,37.966232,-0.015308,0.341857,0.499822,-0.795662,20.22481,115.670837,21.607428,0.140311,0.099588,0.657355,-0.733675,14.008735,134.458069,9.281328,0.015983,0.838063,0.212366,0.50229,-9.033513,87.108299,7.223951,0.131569,0.948791,-0.044685,0.283705,-2.384016,54.696716,-6.036247,0.001104,0.918009,-0.087465,0.386793,-14.749938,11.468765,-5.580347,-0.157679,0.766593,0.044956,0.620847,0.077251,86.763672,23.480347,0.067663,-0.591578,0.113368,-0.795364,10.684239,53.035313,28.002361,0.01857,0.838382,-0.056201,0.541861,6.175147,9.638619,38.873184,0.001104,0.918009,-0.087465,0.386793,-5.247535,3.247167,-14.195045,0.01857,0.838382,-0.056201,0.541861,18.289248,2.02489,33.640297
70,0.583333,-0.031797,0.859693,0.072986,0.504569,-4.48823,86.938904,15.338555,-0.018653,0.8564,0.081806,0.509449,-5.468862,94.483841,16.052319,-0.021708,0.855147,0.077908,0.512038,-7.469199,111.588051,18.153458,0.120814,0.922824,-0.053697,0.361824,-9.831219,131.527451,20.396372,0.115027,0.956965,-0.211722,0.16174,-4.828506,145.119705,18.862572,-0.020236,0.803036,0.114487,0.584479,-11.770779,125.36824,16.805748,0.280587,-0.398484,0.237742,-0.840214,-17.891867,127.331367,-1.47033,0.214286,-0.117454,-0.482176,-0.841304,-2.797803,110.812447,-15.685089,0.344721,0.011648,-0.643293,-0.683525,9.086705,128.635727,-25.153864,-0.150461,0.896804,0.100737,0.403678,-8.235194,125.050522,23.353548,0.29666,0.896163,0.061312,-0.324232,3.947141,128.703171,37.968113,-0.015147,0.341837,0.499941,-0.795599,20.217037,115.661667,21.598202,0.140285,0.09955,0.657364,-0.733677,14.00588,134.449234,9.270183,0.015805,0.837882,0.212304,0.502625,-9.043481,87.115791,7.210379,0.13155,0.948691,-0.044766,0.284034,-2.380268,54.701935,-6.037367,0.0009,0.918054,-0.087636,0.386647,-14.746828,11.474201,-5.578349,-0.157826,0.766415,0.044946,0.62103,0.067022,86.762024,23.46673,0.067836,-0.591194,0.113325,-0.795642,10.680146,53.036892,27.998425,0.018771,0.83844,-0.056187,0.541765,6.178205,9.64142,38.877075,0.0009,0.918054,-0.087636,0.386647,-5.245587,3.250649,-14.192465,0.018771,0.83844,-0.056187,0.541765,18.288736,2.025007,33.639832
71,0.591667,-0.03186,0.859364,0.073261,0.505085,-4.472516,86.941238,15.314507,-0.018532,0.856222,0.082142,0.509699,-5.456514,94.485489,16.030792,-0.021581,0.85503,0.078054,0.512217,-7.460191,111.591408,18.143808,0.120934,0.922818,-0.053575,0.361818,-9.821323,131.530106,20.393879,0.114835,0.957063,-0.211548,0.161524,-4.816706,145.122162,18.864525,-0.020029,0.803043,0.114483,0.584479,-11.759995,125.372528,16.799976,0.281253,-0.398978,0.237439,-0.839843,-17.881428,127.341995,-1.475303,0.214285,-0.117322,-0.482392,-0.841199,-2.800599,110.819839,-15.700327,0.344333,0.011716,-0.643426,-0.683594,9.072608,128.646149,-25.163084,-0.150374,0.89687,0.101159,0.403458,-8.227066,125.051834,23.349062,0.296821,0.896019,0.061146,-0.324512,3.963166,128.696091,37.959129,-0.015141,0.341602,0.500038,-0.795639,20.218353,115.647232,21.580458,0.140395,0.09945,0.657351,-0.733682,14.003721,134.440536,9.259473,0.015833,0.837894,0.211893,0.502776,-9.017971,87.120613,7.180905,0.131636,0.948632,-0.04491,0.284171,-2.368859,54.694401,-6.043659,0.001177,0.918036,-0.087452,0.386731,-14.74628,11.469865,-5.576379,-0.157783,0.766027,0.044879,0.621524,0.072939,86.761864,23.448109,0.068054,-0.590606,0.11332,-0.79606,10.677977,53.035343,27.988413,0.018705,0.838476,-0.056219,0.541707,6.180035,9.64244,38.87896,0.001177,0.918036,-0.087452,0.386731,-5.246043,3.24771,-14.192936,0.018705,0.838476,-0.056219,0.541707,18.290344,2.026256,33.640873
72,0.6,-0.031383,0.859197,0.073072,0.505426,-4.47098,86.944878,15.294872,-0.018278,0.856075,0.082307,0.509928,-5.447556,94.490013,16.012005,-0.021496,0.854892,0.078244,0.512421,-7.446867,111.592804,18.13353,0.120968,0.922839,-0.053351,0.361786,-9.809512,131.530457,20.391287,0.114702,0.957167,-0.211376,0.161228,-4.806292,145.123703,18.867939,-0.019727,0.803136,0.114304,0.584396,-11.746355,125.374413,16.793758,0.281401,-0.399282,0.237433,-0.839651,-17.872,127.348778,-1.479578,0.213957,-0.117357,-0.48263,-0.841141,-2.803883,110.821655,-15.712285,0.343874,0.011719,-0.643617,-0.683645,9.057851,128.656876,-25.170797,-0.150151,0.896811,0.101223,0.403656,-8.216495,125.050911,23.34436,0.29687,0.895877,0.061032,-0.324882,3.970146,128.685318,37.959881,-0.015122,0.341567,0.500219,-0.79554,20.211033,115.63559,21.567736,0.140505,0.099225,0.657314,-0.733724,14.003677,134.433228,9.249171,0.015816,0.837718,0.211688,0.503156,-9.010579,87.130669,7.158145,0.131657,0.94863,-0.045,0.284153,-2.361917,54.698215,-6.05133,0.001515,0.918,-0.087467,0.386812,-14.743312,11.474898,-5.57675,-0.157962,0.765833,0.044845,0.621721,0.068619,86.759087,23.431599,0.068137,-0.590409,0.113334,-0.796197,10.680378,53.036381,27.984482,0.018903,0.838479,-0.056245,0.541694,6.183234,9.644786,38.880569,0.001515,0.918,-0.087467,0.386812,-5.246134,3.248829,-14.192942,0.018903,0.838479,-0.056245,0.541694,18.290781,2.025146,33.641121
73,0.608333,-0.031172,0.859057,0.073109,0.505672,-4.465564,86.942986,15.275146,-0.018003,0.855974,0.082439,0.510087,-5.439854,94.488243,15.994114,-0.021342,0.854797,0.078395,0.512563,-7.434016,111.593224,18.124359,0.120976,0.922878,-0.052932,0.361744,-9.794831,131.530182,20.390097,0.114508,0.957255,-0.211311,0.160929,-4.795612,145.126099,18.877525,-0.019482,0.803241,0.114141,0.584291,-11.731346,125.375961,16.789284,0.281366,-0.399598,0.237391,-0.839523,-17.862122,127.353729,-1.481967,0.213726,-0.117271,-0.482925,-0.841042,-2.806383,110.826042,-15.727125,0.343788,0.011786,-0.644127,-0.683207,9.04428,128.674774,-25.180498,-0.149927,0.896783,0.101261,0.403792,-8.203545,125.049149,23.34083,0.297186,0.895631,0.06136,-0.325209,3.981455,128.674469,37.959976,-0.014888,0.341294,0.500557,-0.795449,20.201128,115.620354,21.550322,0.140492,0.09889,0.657511,-0.733595,14.000188,134.426392,9.236828,0.015747,0.837635,0.211529,0.503365,-9.000777,87.132919,7.136068,0.131729,0.948649,-0.0451,0.284039,-2.350476,54.695511,-6.060424,0.001444,0.918032,-0.087621,0.386702,-14.740303,11.474693,-5.577709,-0.158045,0.765588,0.044679,0.622014,0.06965,86.753044,23.414225,0.068126,-0.589779,0.113189,-0.796686,10.676758,53.031158,27.983952,0.018778,0.838311,-0.056133,0.54197,6.180583,9.636477,38.868134,0.001444,0.918032,-0.087621,0.386702,-5.245241,3.245706,-14.193448,0.018778,0.838311,-0.056133,0.54197,18.294161,2.021252,33.636215
74,0.616667,-0.030616,0.858927,0.072943,0.505951,-4.467805,86.946335,15.256137,-0.01776,0.855851,0.082589,0.510278,-5.433767,94.492493,15.976942,-0.021201,0.854687,0.078532,0.512731,-7.423539,111.594139,18.115143,0.120999,0.922886,-0.052719,0.361748,-9.782758,131.530472,20.388062,0.114319,0.957344,-0.211145,0.160755,-4.785016,145.127579,18.881338,-0.01926,0.80328,0.114083,0.584257,-11.71868,125.377945,16.784039,0.28181,-0.400039,0.237246,-0.839206,-17.851324,127.36113,-1.48599,0.213376,-0.117341,-0.483202,-0.840962,-2.810595,110.82795,-15.740612,0.343103,0.011734,-0.644124,-0.683554,9.02303,128.681366,-25.188169,-0.149675,0.896815,0.10155,0.403743,-8.193365,125.04805,23.336769,0.297186,0.895482,0.06119,-0.32565,3.996082,128.660477,37.955387,-0.014869,0.340966,0.500756,-0.795465,20.200521,115.607193,21.530045,0.140671,0.098298,0.657779,-0.7334,13.998106,134.4216,9.227448,0.015806,0.837306,0.211388,0.503969,-8.998389,87.144051,7.11467,0.131662,0.948555,-0.045306,0.284351,-2.347151,54.702522,-6.071202,0.000908,0.918232,-0.088407,0.386048,-14.736745,11.481815,-5.57324,-0.158314,0.765349,0.044861,0.622226,0.06278,86.748611,23.397604,0.068394,-0.589512,0.113424,-0.796826,10.690594,53.033936,27.97246,0.019187,0.838586,-0.05615,0.541528,6.188763,9.647313,38.886402,0.000908,0.918232,-0.088407,0.386048,-5.252048,3.239623,-14.187767,0.019187,0.838586,-0.05615,0.541528,18.29147,2.025505,33.638943
75,0.625,-0.030506,0.85922,0.072307,0.505551,-4.485899,86.927467,15.255928,-0.017238,0.855922,0.082143,0.510247,-5.445202,94.475136,15.969755,-0.021041,0.854623,0.078692,0.51282,-7.412878,111.591782,18.105642,0.121054,0.922905,-0.052477,0.361715,-9.77012,131.527374,20.387108,0.114115,0.957432,-0.210985,0.160583,-4.773384,145.125595,18.887068,-0.019074,0.803249,0.114155,0.58429,-11.706117,125.376701,16.779955,0.281698,-0.400404,0.237393,-0.839028,-17.837511,127.367485,-1.489671,0.212748,-0.11748,-0.483493,-0.840935,-2.815999,110.826897,-15.755976,0.3424,0.011883,-0.644297,-0.683742,9.002149,128.69194,-25.196886,-0.149449,0.896823,0.101723,0.403765,-8.182053,125.043427,23.333185,0.297292,0.895325,0.061734,-0.325882,4.009313,128.645248,37.952824,-0.014555,0.340499,0.501024,-0.795502,20.202425,115.599564,21.510284,0.140955,0.09779,0.6579,-0.733305,13.997912,134.4189,9.217604,0.015473,0.837239,0.211908,0.503871,-9.024157,87.120255,7.118616,0.131785,0.948584,-0.045415,0.284181,-2.335781,54.693676,-6.085228,0.00192,0.917959,-0.087559,0.386887,-14.738272,11.476767,-5.579013,-0.158725,0.765515,0.044907,0.621914,0.052359,86.73468,23.39324,0.068276,-0.589476,0.113494,-0.796854,10.705521,53.029591,27.979738,0.017671,0.83875,-0.056619,0.541277,6.191938,9.642946,38.888725,0.00192,0.917959,-0.087559,0.386887,-5.245617,3.244282,-14.194059,0.017671,0.83875,-0.056619,0.541277,18.305851,2.03293,33.650017
76,0.633333,-0.030346,0.85905,0.072365,0.505842,-4.476268,86.920341,15.236163,-0.01707,0.855804,0.082284,0.510428,-5.434146,94.468033,15.951659,-0.02087,0.854523,0.078881,0.512965,-7.400249,111.588158,18.094786,0.121031,0.922922,-0.052246,0.361714,-9.755895,131.522827,20.385874,0.113927,0.957518,-0.210795,0.160453,-4.762028,145.122742,18.89163,-0.018906,0.803225,0.114201,0.584321,-11.691466,125.374268,16.77491,0.281775,-0.400837,0.237438,-0.838782,-17.821739,127.371475,-1.494388,0.212244,-0.117415,-0.48386,-0.84086,-2.81973,110.823883,-15.773089,0.341897,0.011954,-0.644559,-0.683744,8.982338,128.70491,-25.20315,-0.14902,0.896823,0.101685,0.403932,-8.169513,125.037178,23.329081,0.297592,0.895144,0.063785,-0.325711,4.021585,128.624039,37.952621,-0.013908,0.339906,0.501383,-0.795541,20.21113,115.601822,21.487976,0.140913,0.097501,0.657514,-0.733698,14.006494,134.4189,9.205565,0.015358,0.837317,0.211682,0.50384,-9.009222,87.11673,7.095983,0.131912,0.948649,-0.045513,0.283889,-2.322622,54.683102,-6.091441,0.001513,0.918015,-0.087399,0.386791,-14.738022,11.469999,-5.576388,-0.159017,0.765481,0.044867,0.621884,0.056686,86.723961,23.376343,0.068157,-0.589054,0.113631,-0.797156,10.723568,53.025246,27.977764,0.017669,0.838631,-0.056498,0.541474,6.188179,9.639949,38.883068,0.001513,0.918015,-0.087399,0.386791,-5.240842,3.245523,-14.194098,0.017669,0.838631,-0.056498,0.541474,18.305674,2.032721,33.648594
77,0.641667,-0.030097,0.858906,0.072415,0.506094,-4.468864,86.914703,15.217757,-0.016877,0.855718,0.082348,0.510569,-5.424076,94.462517,15.935573,-0.020781,0.854446,0.079064,0.513068,-7.386294,111.585579,18.084093,0.121094,0.922952,-0.051893,0.361668,-9.742923,131.519241,20.383015,0.113843,0.957608,-0.21061,0.16022,-4.750991,145.120926,18.898396,-0.018726,0.803279,0.114223,0.584248,-11.677519,125.372147,16.769018,0.282016,-0.401322,0.237298,-0.838509,-17.811352,127.375076,-1.498462,0.212045,-0.117097,-0.484127,-0.840801,-2.826475,110.82476,-15.791988,0.341617,0.011928,-0.645294,-0.683192,8.969534,128.723114,-25.209417,-0.148786,0.896798,0.101851,0.404032,-8.157076,125.032379,23.323864,0.29751,0.895053,0.063855,-0.326021,4.033599,128.607956,37.950523,-0.014201,0.339883,0.501536,-0.795449,20.215017,115.593315,21.471891,0.140741,0.097245,0.657161,-0.734081,14.016922,134.418213,9.198991,0.015374,0.837186,0.211506,0.504131,-8.997351,87.115982,7.075209,0.131973,0.948509,-0.0457,0.2843,-2.313469,54.677071,-6.100601,0.00166,0.917975,-0.087198,0.386932,-14.738854,11.46695,-5.576625,-0.159199,0.765256,0.044911,0.622111,0.059623,86.713432,23.360306,0.068318,-0.588869,0.113806,-0.797254,10.736533,53.019119,27.970663,0.017532,0.838836,-0.056541,0.541156,6.194938,9.639385,38.895508,0.00166,0.917975,-0.087198,0.386932,-5.239697,3.245716,-14.19525,0.017532,0.838836,-0.056541,0.541156,18.309566,2.033062,33.65308
78,0.65,-0.029914,0.858737,0.072459,0.506386,-4.459924,86.905708,15.200433,-0.016706,0.855569,0.082418,0.510812,-5.413319,94.453583,15.919916,-0.020736,0.854289,0.07932,0.513292,-7.373302,111.585358,18.074118,0.121201,0.922863,-0.052012,0.36184,-9.734268,131.517456,20.382128,0.113598,0.957685,-0.210237,0.160422,-4.737895,145.117416,18.896688,-0.018603,0.803243,0.114171,0.584311,-11.66599,125.371933,16.763922,0.282146,-0.401647,0.237381,-0.838286,-17.79714,127.377823,-1.50414,0.211465,-0.11726,-0.484476,-0.840724,-2.828163,110.819008,-15.804489,0.340884,0.011922,-0.64529,-0.683562,8.94721,128.726242,-25.215773,-0.148546,0.896885,0.102203,0.403839,-8.148959,125.029327,23.320452,0.297469,0.894921,0.063549,-0.326481,4.050531,128.592331,37.942829,-0.014611,0.339825,0.501738,-0.795339,20.217312,115.577988,21.449615,0.140367,0.096605,0.657067,-0.734321,14.026174,134.416229,9.189099,0.015509,0.836725,0.211723,0.504801,-8.983107,87.110809,7.055031,0.132188,0.948277,-0.046197,0.28489,-2.288881,54.678738,-6.132363,0.001758,0.917871,-0.087451,0.387119,-14.745018,11.477828,-5.579474,-0.159397,0.765168,0.044911,0.622169,0.063259,86.7006,23.345835,0.06818,-0.588689,0.113951,-0.797378,10.750153,53.010773,27.965906,0.017739,0.838628,-0.056101,0.541517,6.188485,9.632317,38.887459,0.001758,0.917871,-0.087451,0.387119,-5.244884,3.249816,-14.190557,0.017739,0.838628,-0.056101,0.541517,18.308893,2.032804,33.64851
79,0.658333,-0.029696,0.858554,0.072411,0.506714,-4.4497,86.897339,15.184556,-0.016652,0.855464,0.082471,0.510981,-5.400151,94.445518,15.904741,-0.020615,0.854208,0.079551,0.513395,-7.360253,111.579956,18.061434,0.121138,0.922847,-0.051994,0.361905,-9.722101,131.510773,20.379581,0.11339,0.957769,-0.209852,0.160575,-4.727339,145.111343,18.894377,-0.018428,0.803254,0.11419,0.584298,-11.652885,125.367149,16.757641,0.282225,-0.401919,0.237434,-0.838114,-17.784883,127.37886,-1.509491,0.211051,-0.117293,-0.484847,-0.840609,-2.828851,110.814079,-15.816477,0.340408,0.012063,-0.645546,-0.683555,8.929122,128.735046,-25.222555,-0.148226,0.896864,0.102442,0.403943,-8.137351,125.021088,23.314793,0.296545,0.894943,0.060143,-0.327903,4.062548,128.568695,37.940575,-0.016358,0.340604,0.501562,-0.795083,20.209126,115.543449,21.436172,0.140164,0.096288,0.657555,-0.733965,14.031034,134.408112,9.184658,0.01544,0.836564,0.211681,0.505088,-8.966914,87.10601,7.035933,0.13236,0.948175,-0.046429,0.285112,-2.265599,54.672516,-6.144333,9.5e-05,0.918057,-0.087955,0.386568,-14.742102,11.477643,-5.579066,-0.159551,0.765059,0.044963,0.622259,0.067514,86.68866,23.333178,0.06829,-0.588684,0.114166,-0.797342,10.764173,53.002678,27.958628,0.017539,0.838809,-0.056079,0.541245,6.19329,9.629983,38.89917,9.5e-05,0.918057,-0.087955,0.386568,-5.233321,3.255288,-14.186001,0.017539,0.838809,-0.056079,0.541245,18.312721,2.033761,33.653206
80,0.666667,-0.029477,0.858398,0.072423,0.50699,-4.442424,86.888603,15.166633,-0.016493,0.855332,0.082645,0.51118,-5.390323,94.436958,15.888379,-0.02043,0.854094,0.079676,0.513573,-7.34926,111.570564,18.052584,0.121007,0.922843,-0.051869,0.361978,-9.707793,131.50087,20.378366,0.113254,0.957836,-0.209571,0.160636,-4.71739,145.103317,18.895531,-0.017837,0.803209,0.114356,0.584345,-11.638476,125.359222,16.753044,0.282937,-0.40244,0.237348,-0.837649,-17.769157,127.393341,-1.512052,0.210868,-0.117332,-0.485162,-0.840468,-2.833138,110.815285,-15.824561,0.339766,0.012058,-0.645719,-0.683711,8.907513,128.742065,-25.228268,-0.148173,0.896865,0.102853,0.403855,-8.125548,125.009605,23.311405,0.296575,0.894821,0.060097,-0.328217,4.077718,128.549301,37.936298,-0.017009,0.340999,0.501733,-0.794792,20.212408,115.524719,21.419743,0.139407,0.096489,0.656984,-0.734593,14.053679,134.403046,9.171294,0.01546,0.836282,0.211621,0.505578,-8.954668,87.101364,7.015362,0.132522,0.948064,-0.046638,0.285372,-2.248969,54.666115,-6.158381,0.000914,0.917917,-0.087821,0.386931,-14.74442,11.476853,-5.583066,-0.15979,0.76467,0.045104,0.622666,0.069821,86.67585,23.317904,0.068187,-0.588222,0.114349,-0.797665,10.782663,52.99622,27.952171,0.016627,0.838731,-0.056354,0.541367,6.187021,9.626007,38.8922,0.000914,0.917917,-0.087821,0.386931,-5.238729,3.249145,-14.1883,0.016627,0.838731,-0.056354,0.541367,18.316818,2.037193,33.659477
81,0.675,-0.029344,0.858258,0.072476,0.507226,-4.431607,86.879921,15.146748,-0.016497,0.855228,0.082821,0.511325,-5.378377,94.428276,15.869948,-0.020066,0.854032,0.079826,0.513667,-7.34126,111.563919,18.039316,0.121145,0.922814,-0.051715,0.362028,-9.69056,131.493866,20.377554,0.112928,0.957922,-0.209328,0.160673,-4.697951,145.09613,18.90057,-0.017589,0.803279,0.114216,0.584284,-11.623619,125.355484,16.747969,0.283019,-0.402683,0.237523,-0.837454,-17.757425,127.393814,-1.515606,0.210099,-0.117657,-0.485535,-0.8404,-2.836227,110.805023,-15.831128,0.338785,0.011841,-0.64568,-0.684239,8.884563,128.746933,-25.233959,-0.148031,0.896813,0.103062,0.40397,-8.111917,124.999954,23.306665,0.296665,0.894739,0.060419,-0.328301,4.08938,128.530685,37.935368,-0.016832,0.340844,0.502059,-0.794657,20.218357,115.50901,21.410934,0.139632,0.096175,0.657461,-0.734165,14.070135,134.392914,9.166805,0.015463,0.836272,0.211337,0.505715,-8.939531,87.095688,6.993165,0.132516,0.948075,-0.046739,0.285324,-2.242236,54.651863,-6.163712,0.000765,0.918014,-0.087475,0.386779,-14.739702,11.463314,-5.578982,-0.159915,0.764521,0.044994,0.622825,0.076317,86.664154,23.300329,0.068166,-0.587931,0.11439,-0.797876,10.789885,52.986656,27.948402,0.016351,0.838618,-0.056214,0.541564,6.186243,9.617037,38.887405,0.000765,0.918014,-0.087475,0.386779,-5.233046,3.245123,-14.192242,0.016351,0.838618,-0.056214,0.541564,18.323082,2.035485,33.660488
82,0.683333,-0.029183,0.858111,0.072559,0.507474,-4.419331,86.870407,15.128499,-0.016239,0.855089,0.082856,0.51156,-5.364834,94.418732,15.85377,-0.020028,0.85387,0.080081,0.5139,-7.32143,111.55584,18.028395,0.120957,0.922789,-0.051564,0.362175,-9.675344,131.484192,20.375519,0.112813,0.957974,-0.209026,0.160834,-4.688606,145.088928,18.901484,-0.017377,0.803366,0.114284,0.584159,-11.60539,125.347343,16.741743,0.283509,-0.403051,0.237519,-0.837113,-17.745152,127.393188,-1.51899,0.209517,-0.117891,-0.48599,-0.840249,-2.839534,110.7929,-15.837423,0.337741,0.011758,-0.645706,-0.684732,8.857431,128.749405,-25.239405,-0.147935,0.896766,0.103331,0.40404,-8.097218,124.989059,23.302179,0.296531,0.894699,0.060487,-0.328518,4.103012,128.511703,37.933716,-0.017225,0.34128,0.502168,-0.794392,20.228603,115.498878,21.399025,0.139296,0.096448,0.656955,-0.734646,14.099139,134.387955,9.15176,0.015435,0.835831,0.211452,0.506395,-8.92275,87.089966,6.97253,0.132736,0.94791,-0.04707,0.285713,-2.208864,54.649563,-6.184321,0.000409,0.918073,-0.087803,0.386566,-14.733213,11.469039,-5.582319,-0.160172,0.76439,0.04514,0.622909,0.084088,86.650848,23.284468,0.068265,-0.587433,0.114712,-0.798188,10.816924,52.98016,27.937424,0.01574,0.838867,-0.056837,0.541132,6.189137,9.61841,38.8974,0.000409,0.918073,-0.087803,0.386566,-5.227877,3.246821,-14.19319,0.01574,0.838867,-0.056837,0.541132,18.322662,2.031917,33.669968
83,0.691667,-0.02913,0.858083,0.072835,0.507484,-4.408408,86.861816,15.109555,-0.016105,0.855011,0.082915,0.511685,-5.355366,94.409561,15.838821,-0.019895,0.853761,0.080278,0.514054,-7.309523,111.548187,18.017515,0.120939,0.922752,-0.051408,0.362298,-9.663356,131.475479,20.373737,0.11264,0.958022,-0.208786,0.160978,-4.678243,145.081314,18.904419,-0.017209,0.803392,0.11429,0.584126,-11.592421,125.340523,16.736244,0.284026,-0.403375,0.237575,-0.836765,-17.733881,127.391579,-1.523331,0.208858,-0.118224,-0.486472,-0.840087,-2.84356,110.77726,-15.841392,0.336538,0.011524,-0.645832,-0.685208,8.826746,128.747864,-25.244505,-0.147773,0.896767,0.103549,0.404042,-8.08653,124.978806,23.297712,0.299627,0.894097,0.073592,-0.324652,4.115461,128.492401,37.929955,-0.011708,0.337945,0.503593,-0.795016,20.277094,115.555489,21.370903,0.138738,0.096774,0.656884,-0.734772,14.124058,134.375824,9.139194,0.015347,0.835614,0.211419,0.506769,-8.911694,87.084846,6.953608,0.132856,0.947834,-0.047298,0.285874,-2.18786,54.643261,-6.195243,0.000379,0.918139,-0.087715,0.386428,-14.728077,11.467541,-5.57918,-0.160376,0.764101,0.045136,0.623211,0.094879,86.638779,23.265501,0.068239,-0.587221,0.114922,-0.798316,10.836307,52.972717,27.932081,0.015752,0.838869,-0.05669,0.541144,6.189438,9.61496,38.899792,0.000379,0.918139,-0.087715,0.386428,-5.22459,3.247561,-14.194231,0.015752,0.838869,-0.05669,0.541144,18.324154,2.031514,33.670692
84,0.7,-0.02914,0.857858,0.072901,0.507854,-4.386585,86.846962,15.088715,-0.016029,0.854881,0.083207,0.511858,-5.334492,94.394562,15.818352,-0.019848,0.85367,0.080469,0.514177,-7.292834,111.538673,18.007483,0.120871,0.922723,-0.05124,0.362418,-9.649341,131.464813,20.370857,0.112493,0.958067,-0.208527,0.161151,-4.667256,145.07225,18.906046,-0.01695,0.803431,0.114233,0.584091,-11.576742,125.331078,16.730398,0.284877,-0.403844,0.237497,-0.836272,-17.720112,127.388725,-1.527791,0.208311,-0.11851,-0.486933,-0.839916,-2.84787,110.758766,-15.846497,0.335202,0.011051,-0.646235,-0.685491,8.795925,128.740128,-25.250042,-0.147497,0.896733,0.103354,0.404268,-8.072708,124.967148,23.292732,0.29951,0.89409,0.073391,-0.324824,4.125384,128.473114,37.930054,-0.011973,0.338503,0.50372,-0.794694,20.284807,115.539063,21.366619,0.138536,0.097086,0.656899,-0.734755,14.15445,134.363525,9.124037,0.015422,0.835528,0.211312,0.506955,-8.882855,87.071098,6.928929,0.133223,0.947659,-0.04754,0.286241,-2.164477,54.626442,-6.215148,0.006598,0.917273,-0.086349,0.38873,-14.741713,11.461576,-5.593002,-0.160443,0.763938,0.045151,0.623392,0.109685,86.622833,23.248499,0.068284,-0.586721,0.115098,-0.798654,10.85412,52.958393,27.919874,0.01542,0.838854,-0.056682,0.541178,6.190478,9.604841,38.897076,0.006598,0.917273,-0.086349,0.38873,-5.268672,3.20878,-14.210206,0.01542,0.838854,-0.056682,0.541178,18.329678,2.026469,33.671043
85,0.708333,-0.02908,0.857749,0.072956,0.508034,-4.373002,86.836044,15.070679,-0.016054,0.854743,0.083294,0.512073,-5.320704,94.383575,15.801302,-0.019576,0.853533,0.080714,0.514377,-7.282022,111.528442,17.992252,0.120801,0.922667,-0.051124,0.3626,-9.634785,131.453415,20.369118,0.112306,0.958098,-0.208275,0.161423,-4.655097,145.062119,18.907829,-0.016594,0.80352,0.114021,0.584021,-11.562088,125.322807,16.72337,0.285987,-0.404283,0.237414,-0.835704,-17.709127,127.386368,-1.532923,0.208239,-0.118711,-0.487335,-0.839672,-2.853629,110.736809,-15.846226,0.333634,0.011643,-0.647307,-0.685235,8.764253,128.718643,-25.254253,-0.147257,0.896636,0.103432,0.404551,-8.060958,124.953247,23.28694,0.29856,0.89426,0.069969,-0.325984,4.130998,128.447952,37.93206,-0.013619,0.340018,0.503468,-0.79418,20.280514,115.501579,21.368584,0.13827,0.097497,0.65731,-0.734384,14.18127,134.346939,9.10653,0.015417,0.835226,0.211295,0.507459,-8.865929,87.061958,6.909097,0.133347,0.94755,-0.048016,0.286466,-2.13998,54.616768,-6.229784,0.002703,0.918269,-0.089038,0.385807,-14.739651,11.458951,-5.573504,-0.160618,0.763712,0.045334,0.623611,0.119924,86.61013,23.23226,0.068466,-0.586367,0.115492,-0.798842,10.880195,52.950893,27.904659,0.021195,0.838715,-0.054461,0.541427,6.193743,9.607741,38.913177,0.002703,0.918269,-0.089038,0.385807,-5.287895,3.182533,-14.191428,0.021195,0.838715,-0.054461,0.541427,18.284576,1.993716,33.627182
86,0.716667,-0.030308,0.857,0.074671,0.508977,-4.295966,86.816238,15.02409,-0.01653,0.854458,0.084299,0.512369,-5.273815,94.35878,15.766369,-0.01939,0.853474,0.080684,0.514486,-7.269941,111.514732,17.979969,0.120617,0.922639,-0.050737,0.362787,-9.615984,131.440201,20.359385,0.112237,0.958098,-0.20807,0.161736,-4.644272,145.052811,18.907539,-0.01624,0.803609,0.114007,0.583911,-11.544714,125.310852,16.712267,0.285766,-0.404242,0.23823,-0.835568,-17.697168,127.38459,-1.541044,0.207532,-0.11907,-0.487869,-0.839486,-2.860473,110.705986,-15.840027,0.333132,0.011374,-0.64796,-0.684866,8.731025,128.708008,-25.251791,-0.146494,0.896584,0.102933,0.405069,-8.04516,124.939011,23.27655,0.29928,0.894077,0.073654,-0.325012,4.139215,128.412674,37.932983,-0.012245,0.339642,0.503956,-0.794054,20.299467,115.494957,21.357609,0.137923,0.098009,0.657246,-0.734438,14.214593,134.322876,9.086337,0.015987,0.836096,0.209848,0.506608,-8.769663,87.040489,6.851909,0.133651,0.947379,-0.04812,0.286872,-2.143723,54.553146,-6.233524,0.005569,0.917234,-0.084769,0.389186,-14.771706,11.403534,-5.581817,-0.160505,0.763622,0.044829,0.623787,0.177731,86.591988,23.196272,0.068433,-0.58623,0.115863,-0.798891,10.908881,52.92691,27.893465,0.021106,0.838748,-0.053999,0.541424,6.192641,9.591055,38.918003,0.005569,0.917234,-0.084769,0.389186,-5.266244,3.199039,-14.209435,0.021106,0.838748,-0.053999,0.541424,18.288261,1.988515,33.626431
87,0.725,-0.030404,0.857364,0.07396,0.508461,-4.30411,86.784752,15.022675,-0.015882,0.854478,0.083961,0.512412,-5.277255,94.328819,15.755543,-0.019426,0.853299,0.080844,0.51475,-7.250261,111.505524,17.973001,0.120535,0.922536,-0.050618,0.363093,-9.601612,131.429871,20.356426,0.112114,0.958085,-0.207897,0.162116,-4.632239,145.043808,18.908894,-0.01601,0.803695,0.113887,0.583821,-11.526876,125.301155,16.706411,0.286166,-0.404474,0.238439,-0.835258,-17.683668,127.378868,-1.544985,0.207402,-0.118773,-0.488551,-0.839164,-2.862224,110.6828,-15.839401,0.333578,0.010656,-0.648852,-0.683815,8.705454,128.714005,-25.244555,-0.14618,0.896467,0.102965,0.405433,-8.031379,124.928192,23.272791,0.299216,0.894088,0.073858,-0.324995,4.145146,128.388321,37.93895,-0.012113,0.340426,0.504021,-0.793679,20.308022,115.476944,21.361197,0.137707,0.098525,0.657121,-0.734521,14.2508,134.297638,9.063291,0.015387,0.835983,0.21069,0.506463,-8.787489,86.999817,6.855553,0.134058,0.947378,-0.048496,0.28662,-2.097414,54.536377,-6.256536,0.005906,0.917232,-0.084571,0.389229,-14.768637,11.39983,-5.580241,-0.160726,0.763535,0.045033,0.623822,0.17927,86.569687,23.189795,0.068446,-0.585967,0.116118,-0.799046,10.930665,52.910984,27.886414,0.020965,0.838847,-0.053792,0.541296,6.193491,9.58063,38.923569,0.005906,0.917232,-0.084571,0.389229,-5.265717,3.196395,-14.211668,0.020965,0.838847,-0.053792,0.541296,18.290802,1.984651,33.626442
88,0.733333,-0.030293,0.857092,0.074261,0.508882,-4.280673,86.779716,14.992818,-0.015755,0.854274,0.084468,0.512673,-5.255065,94.323212,15.729991,-0.019423,0.853137,0.081002,0.514994,-7.233976,111.496964,17.964056,0.120483,0.922407,-0.050596,0.36344,-9.589159,131.420288,20.352259,0.112044,0.958051,-0.207683,0.162643,-4.620319,145.034668,18.907101,-0.015621,0.80382,0.113225,0.583789,-11.511561,125.292465,16.699247,0.286869,-0.404791,0.238679,-0.834795,-17.670282,127.367111,-1.551843,0.207288,-0.118661,-0.489211,-0.838823,-2.868502,110.646378,-15.837801,0.333491,0.01061,-0.649257,-0.683474,8.668593,128.69487,-25.239164,-0.146109,0.896333,0.10324,0.405686,-8.019807,124.9179,23.267525,0.299297,0.89409,0.074001,-0.324883,4.149552,128.369476,37.941639,-0.011811,0.341089,0.504138,-0.793325,20.313711,115.456261,21.366575,0.137723,0.099149,0.657462,-0.734129,14.282459,134.270248,9.041648,0.015151,0.836201,0.210106,0.506353,-8.756188,87.000145,6.82153,0.134167,0.947354,-0.048655,0.286622,-2.074988,54.518669,-6.250355,0.001691,0.918343,-0.087109,0.386077,-14.759336,11.38615,-5.563511,-0.160921,0.763423,0.044872,0.623919,0.194842,86.559296,23.164104,0.068479,-0.585613,0.116306,-0.799275,10.948749,52.904034,27.879608,0.020893,0.838894,-0.053749,0.541232,6.195282,9.578016,38.926769,0.001691,0.918343,-0.087109,0.386077,-5.277246,3.165815,-14.201757,0.020893,0.838894,-0.053749,0.541232,18.292961,1.984025,33.627636
89,0.741667,-0.030136,0.856626,0.074938,0.509577,-4.247064,86.785004,14.958744,-0.015738,0.853981,0.08502,0.51307,-5.225244,94.327095,15.705152,-0.019415,0.852925,0.081236,0.515309,-7.213823,111.491394,17.954058,0.120286,0.922333,-0.050484,0.36371,-9.574469,131.413193,20.349546,0.112205,0.958019,-0.20748,0.162976,-4.610999,145.0298,18.907013,-0.015395,0.803944,0.113124,0.583643,-11.493014,125.286674,16.692322,0.287517,-0.405091,0.239346,-0.834236,-17.658606,127.365364,-1.555988,0.206915,-0.119125,-0.489609,-0.838617,-2.886607,110.603737,-15.824835,0.332888,0.010419,-0.648959,-0.684054,8.624511,128.656693,-25.236437,-0.146062,0.896205,0.10342,0.405939,-8.006087,124.909767,23.263031,0.299307,0.894129,0.074112,-0.324739,4.155845,128.355148,37.944759,-0.011153,0.341547,0.504219,-0.793085,20.324631,115.442154,21.374025,0.138287,0.099654,0.658174,-0.733316,14.311823,134.243225,9.02066,0.015844,0.834379,0.210746,0.509064,-8.709561,87.015594,6.780619,0.134358,0.946792,-0.049888,0.288174,-2.003761,54.554855,-6.330133,0.003084,0.918294,-0.088287,0.385918,-14.736279,11.437854,-5.564353,-0.161112,0.763437,0.044559,0.623876,0.215434,86.55442,23.136869,0.068448,-0.585398,0.116473,-0.799411,10.965782,52.901531,27.877335,0.020808,0.838913,-0.053738,0.541206,6.195922,9.578618,38.929619,0.003084,0.918294,-0.088287,0.385918,-5.283132,3.174957,-14.19371,0.020808,0.838913,-0.053738,0.541206,18.294359,1.986088,33.630127
90,0.75,-0.028563,0.857084,0.07373,0.509072,-4.29122,86.788956,14.95374,-0.01499,0.853949,0.084689,0.513201,-5.239036,94.335197,15.69732,-0.019445,0.852682,0.081555,0.515659,-7.198668,111.492134,17.948269,0.120507,0.922125,-0.050737,0.364128,-9.567939,131.411804,20.353045,0.11207,0.957978,-0.207325,0.163505,-4.595033,145.024826,18.909105,-0.015231,0.803924,0.112835,0.583732,-11.481376,125.286713,16.690741,0.288919,-0.405597,0.239599,-0.833432,-17.643141,127.364372,-1.558979,0.207073,-0.119124,-0.490165,-0.838254,-2.899335,110.563873,-15.811268,0.33262,0.010133,-0.649233,-0.683928,8.586903,128.63031,-25.230286,-0.145881,0.896177,0.103592,0.406023,-7.999849,124.907242,23.264166,0.296439,0.894772,0.062179,-0.328086,4.161496,128.343109,37.948608,-0.015754,0.3455,0.502816,-0.792185,20.305031,115.361572,21.406837,0.138688,0.100132,0.658679,-0.732721,14.338921,134.210007,8.999887,0.015264,0.833909,0.210905,0.509787,-8.765018,87.032234,6.782161,0.134082,0.946731,-0.049587,0.288553,-2.007623,54.574989,-6.310717,0.002742,0.918055,-0.086706,0.386845,-14.709839,11.448646,-5.568316,-0.16152,0.763067,0.044997,0.624191,0.182579,86.54567,23.125319,0.068673,-0.58487,0.116516,-0.799772,10.971405,52.904976,27.864906,0.019022,0.839194,-0.054582,0.540751,6.203257,9.585756,38.932384,0.002742,0.918055,-0.086706,0.386845,-5.224265,3.227159,-14.201639,0.019022,0.839194,-0.054582,0.540751,18.310366,2.000508,33.642284
91,0.758333,-0.028608,0.856928,0.073998,0.509293,-4.265832,86.782425,14.928746,-0.014897,0.853798,0.085002,0.513402,-5.216499,94.328026,15.675217,-0.019397,0.852547,0.081578,0.515881,-7.178983,111.479118,17.936056,0.120309,0.922034,-0.050476,0.364461,-9.547716,131.398697,20.342007,0.112099,0.957934,-0.207106,0.164022,-4.581478,145.014893,18.905029,-0.014779,0.804132,0.112786,0.583466,-11.459832,125.274231,16.677996,0.289829,-0.405831,0.240067,-0.832867,-17.634157,127.363602,-1.566151,0.207004,-0.119191,-0.490633,-0.837987,-2.912333,110.526443,-15.797903,0.332344,0.009591,-0.649642,-0.683682,8.550857,128.603546,-25.220331,-0.145912,0.89596,0.10373,0.406456,-7.981683,124.893661,23.253149,0.296322,0.894908,0.062109,-0.327836,4.165701,128.3255,37.950092,-0.015202,0.346113,0.502678,-0.792016,20.321611,115.345337,21.419329,0.139157,0.100735,0.658972,-0.732286,14.368523,134.177048,8.97885,0.014792,0.835394,0.209511,0.50794,-8.735392,87.027931,6.75491,0.134364,0.947095,-0.048883,0.287346,-2.029753,54.527889,-6.258186,0.00663,0.917457,-0.08443,0.388717,-14.736828,11.402124,-5.566836,-0.161608,0.763893,0.044366,0.623203,0.203728,86.536919,23.102581,0.068743,-0.584538,0.116562,-0.800002,10.975662,52.894234,27.866417,0.018931,0.839273,-0.054365,0.540654,6.203415,9.576827,38.939255,0.00663,0.917457,-0.08443,0.388717,-5.253161,3.193799,-14.214775,0.018931,0.839273,-0.054365,0.540654,18.312096,1.997673,33.644001
92,0.766667,-0.028544,0.856602,0.074396,0.509788,-4.234467,86.78228,14.892517,-0.014945,0.853565,0.085781,0.513658,-5.187807,94.327042,15.644114,-0.019281,0.852418,0.081515,0.516107,-7.165334,111.465088,17.925308,0.120065,0.92203,-0.049884,0.364631,-9.529402,131.385269,20.330915,0.112409,0.957891,-0.207057,0.164122,-4.574785,145.007156,18.907972,-0.014399,0.80435,0.112602,0.58321,-11.441482,125.261513,16.665688,0.290899,-0.406056,0.240376,-0.832296,-17.627792,127.357292,-1.573658,0.207155,-0.11904,-0.491105,-0.837695,-2.923491,110.487305,-15.784616,0.33232,0.008966,-0.650217,-0.683155,8.520441,128.577927,-25.208139,-0.146275,0.895654,0.104443,0.406815,-7.966748,124.879646,23.242565,0.296295,0.894994,0.061851,-0.327674,4.165191,128.309662,37.952686,-0.014221,0.346227,0.502649,-0.792003,20.327568,115.324387,21.432251,0.140401,0.101253,0.660379,-0.730708,14.377019,134.138229,8.965181,0.014941,0.835286,0.208868,0.508378,-8.694701,87.033447,6.713763,0.134468,0.946798,-0.049183,0.288223,-2.014568,54.514534,-6.265257,0.006546,0.91749,-0.084211,0.388687,-14.738536,11.393923,-5.56293,-0.161719,0.763652,0.044045,0.623493,0.225767,86.531113,23.071272,0.068753,-0.584121,0.116725,-0.800282,10.987546,52.888943,27.861626,0.020845,0.839046,-0.053459,0.541026,6.198572,9.575087,38.941116,0.006546,0.91749,-0.084211,0.388687,-5.253039,3.191581,-14.21454,0.020845,0.839046,-0.053459,0.541026,18.296455,1.988108,33.632416
93,0.775,-0.028678,0.856385,0.074652,0.510108,-4.204159,86.778191,14.865811,-0.014861,0.853337,0.08622,0.513966,-5.161527,94.322243,15.619326,-0.019299,0.852193,0.081737,0.516443,-7.145607,111.461082,17.914656,0.119981,0.921899,-0.049951,0.364983,-9.515845,131.379776,20.326525,0.112447,0.957865,-0.206771,0.16461,-4.561685,145.001801,18.903311,-0.014106,0.804518,0.112411,0.583022,-11.423688,125.257111,16.657263,0.291955,-0.406441,0.240726,-0.831636,-17.618824,127.356827,-1.57863,0.207442,-0.1188,-0.491393,-0.837489,-2.940066,110.451088,-15.773498,0.332494,0.00842,-0.650706,-0.682612,8.495254,128.552185,-25.197515,-0.145935,0.895576,0.104015,0.40722,-7.954135,124.873283,23.236761,0.296217,0.895107,0.061578,-0.327486,4.168876,128.296143,37.955894,-0.013813,0.346786,0.502396,-0.791926,20.340214,115.307449,21.446934,0.140616,0.101952,0.660663,-0.730313,14.395587,134.104904,8.950068,0.014961,0.835141,0.208643,0.508708,-8.658168,87.030205,6.683693,0.134735,0.946623,-0.049537,0.288612,-1.982333,54.504646,-6.280867,0.0066,0.917485,-0.084159,0.388709,-14.737829,11.393645,-5.560811,-0.161741,0.763435,0.043769,0.623771,0.24985,86.526176,23.04793,0.068826,-0.583735,0.116849,-0.800539,10.998956,52.882801,27.858206,0.020794,0.839126,-0.053412,0.540909,6.19985,9.57245,38.947006,0.0066,0.917485,-0.084159,0.388709,-5.252323,3.191971,-14.213035,0.020794,0.839126,-0.053412,0.540909,18.29718,1.98721,33.634563
94,0.783333,-0.028654,0.855928,0.075443,0.510759,-4.16015,86.78643,14.828094,-0.015281,0.852989,0.086842,0.514427,-5.123924,94.32869,15.591333,-0.018986,0.851948,0.082077,0.516805,-7.13167,111.453667,17.895035,0.119768,0.921853,-0.049739,0.365197,-9.499248,131.37059,20.324041,0.112588,0.957855,-0.206573,0.164822,-4.552057,144.995651,18.905529,-0.013669,0.80474,0.112078,0.58279,-11.405552,125.251877,16.647392,0.292792,-0.406645,0.241278,-0.831082,-17.611637,127.356544,-1.584208,0.207286,-0.118765,-0.491765,-0.837314,-2.955757,110.412361,-15.756866,0.332491,0.007546,-0.65043,-0.682886,8.46108,128.522446,-25.177092,-0.145989,0.895377,0.10401,0.407639,-7.941381,124.86097,23.229309,0.296233,0.895191,0.061631,-0.327233,4.167794,128.283005,37.960022,-0.013239,0.347142,0.502294,-0.791845,20.347429,115.292313,21.460768,0.141144,0.102549,0.660922,-0.729893,14.409581,134.074966,8.938543,0.015289,0.834121,0.208716,0.510339,-8.601798,87.047508,6.639543,0.13508,0.946433,-0.050246,0.288952,-1.917452,54.524826,-6.327868,0.007482,0.917479,-0.084915,0.388542,-14.719894,11.428547,-5.561376,-0.161762,0.763002,0.04343,0.62432,0.281498,86.52536,23.016647,0.068864,-0.583308,0.116977,-0.800828,11.013383,52.880352,27.85393,0.020675,0.839166,-0.053483,0.540845,6.201381,9.573158,38.949459,0.007482,0.917479,-0.084915,0.388542,-5.254155,3.199641,-14.209394,0.020675,0.839166,-0.053483,0.540845,18.298717,1.988066,33.636822
95,0.791667,-0.028746,0.855665,0.075549,0.511179,-4.135187,86.78653,14.804393,-0.015149,0.852727,0.087241,0.514798,-5.101362,94.328468,15.567814,-0.019047,0.851683,0.08238,0.517191,-7.114046,111.457321,17.885559,0.119653,0.921755,-0.04985,0.365468,-9.491118,131.372147,20.322557,0.112912,0.957825,-0.206289,0.165129,-4.544979,144.99733,18.901726,-0.013131,0.804862,0.111583,0.582729,-11.391778,125.254631,16.641006,0.293705,-0.406844,0.241895,-0.830483,-17.601187,127.364586,-1.588851,0.207388,-0.118857,-0.49204,-0.837114,-2.969712,110.37812,-15.736069,0.332391,0.007146,-0.650497,-0.682875,8.433961,128.493759,-25.164295,-0.145869,0.895253,0.104028,0.407949,-7.93359,124.861595,23.225943,0.296259,0.895296,0.061499,-0.326946,4.167144,128.277222,37.96508,-0.012884,0.347747,0.502068,-0.791728,20.35593,115.280464,21.479588,0.141206,0.102984,0.660513,-0.73019,14.427082,134.046722,8.928403,0.015329,0.833892,0.208569,0.510773,-8.568738,87.047882,6.611463,0.135279,0.946137,-0.050614,0.289763,-1.885437,54.520905,-6.3457,0.00761,0.917456,-0.085009,0.388575,-14.71452,11.432817,-5.564329,-0.161775,0.762465,0.043356,0.624977,0.298364,86.525185,22.997322,0.06897,-0.582817,0.117047,-0.801166,11.023479,52.88002,27.848471,0.017188,0.839466,-0.054403,0.540409,6.205367,9.575626,38.952278,0.00761,0.917456,-0.085009,0.388575,-5.25042,3.200378,-14.210777,0.017188,0.839466,-0.054403,0.540409,18.331436,2.021039,33.661716
96,0.8,-0.030232,0.855312,0.076375,0.511561,-4.075925,86.766029,14.774958,-0.015248,0.85252,0.087586,0.515079,-5.068265,94.304703,15.536984,-0.018897,0.851496,0.082743,0.517447,-7.094079,111.458954,17.86614,0.119487,0.921679,-0.049785,0.365721,-9.474303,131.371582,20.317953,0.113012,0.957786,-0.206092,0.165532,-4.532364,144.998474,18.898745,-0.012816,0.805075,0.111388,0.58248,-11.37226,125.256897,16.630293,0.294534,-0.40701,0.242574,-0.82991,-17.593245,127.371094,-1.595129,0.207488,-0.119028,-0.492185,-0.83698,-2.986355,110.34166,-15.716079,0.332271,0.006705,-0.65042,-0.683011,8.408012,128.456528,-25.153368,-0.145869,0.895007,0.104026,0.408489,-7.917934,124.85881,23.216955,0.296306,0.895362,0.061348,-0.326751,4.165749,128.270905,37.970894,-0.012632,0.348102,0.502109,-0.791551,20.359825,115.267601,21.495764,0.142204,0.10403,0.66048,-0.729878,14.44436,134.027405,8.928392,0.015518,0.833981,0.208374,0.510701,-8.50056,87.012299,6.57674,0.135536,0.945852,-0.051364,0.290439,-1.836734,54.479939,-6.376951,0.001639,0.918252,-0.085401,0.386675,-14.706847,11.40497,-5.548022,-0.161516,0.762254,0.042749,0.625343,0.348709,86.51976,22.973173,0.068971,-0.582262,0.117087,-0.801564,11.031434,52.86491,27.850634,0.017002,0.839447,-0.05394,0.54049,6.202883,9.561357,38.953201,0.001639,0.918252,-0.085401,0.386675,-5.202234,3.225671,-14.200462,0.017002,0.839447,-0.05394,0.54049,18.335953,2.019745,33.660183
97,0.808333,-0.030161,0.855127,0.076575,0.511845,-4.053365,86.767731,14.747892,-0.015048,0.852339,0.087909,0.515329,-5.046577,94.306007,15.512737,-0.018955,0.851308,0.082957,0.517719,-7.072921,111.458397,17.854406,0.119498,0.921563,-0.049931,0.365991,-9.460388,131.369492,20.311537,0.113087,0.957775,-0.2058,0.165908,-4.515905,144.995255,18.890438,-0.012551,0.805206,0.111187,0.582343,-11.354189,125.255562,16.620514,0.295434,-0.407182,0.243242,-0.82931,-17.581596,127.37281,-1.602362,0.207487,-0.11927,-0.492396,-0.836822,-2.999336,110.299599,-15.695885,0.331899,0.006269,-0.65038,-0.683235,8.381515,128.414978,-25.142878,-0.145853,0.894775,0.104011,0.409006,-7.904087,124.856163,23.209309,0.296387,0.89543,0.061339,-0.326493,4.163395,128.264542,37.977364,-0.012446,0.348779,0.501806,-0.791447,20.363865,115.255341,21.513166,0.141681,0.104526,0.659844,-0.730484,14.456752,133.99733,8.918964,0.015457,0.833947,0.2079,0.510951,-8.472657,87.017548,6.5469,0.135728,0.945755,-0.051474,0.290647,-1.818725,54.471004,-6.376206,0.001695,0.918242,-0.085264,0.386729,-14.70783,11.401749,-5.54589,-0.161602,0.761962,0.042572,0.625689,0.365926,86.517906,22.948885,0.069035,-0.581728,0.11719,-0.801931,11.043097,52.863956,27.844673,0.017221,0.839405,-0.053821,0.540561,6.203274,9.563375,38.953918,0.001695,0.918242,-0.085264,0.386729,-5.202084,3.225107,-14.199596,0.017221,0.839405,-0.053821,0.540561,18.335608,2.021208,33.659996
98,0.816667,-0.030071,0.854905,0.076925,0.512167,-4.024285,86.769218,14.716593,-0.014804,0.852102,0.088301,0.515661,-5.019348,94.306755,15.486301,-0.019179,0.851041,0.083316,0.518093,-7.047381,111.4655,17.844254,0.119569,0.921384,-0.050038,0.366404,-9.451118,131.37384,20.307848,0.113114,0.957705,-0.205732,0.166375,-4.502522,144.998199,18.88751,-0.01222,0.80541,0.110652,0.582169,-11.337166,125.260201,16.612379,0.295918,-0.40717,0.244063,-0.828902,-17.572741,127.374878,-1.607998,0.207539,-0.119582,-0.492474,-0.836718,-3.011161,110.260582,-15.67305,0.331911,0.00558,-0.650647,-0.68298,8.361952,128.37233,-25.133102,-0.145787,0.894612,0.104083,0.409368,-7.892966,124.860336,23.204233,0.296526,0.895452,0.061421,-0.326291,4.163759,128.262894,37.982403,-0.011923,0.348969,0.501785,-0.791385,20.366833,115.247513,21.525671,0.14215,0.104691,0.659673,-0.730523,14.464128,133.981262,8.911519,0.015769,0.833452,0.207546,0.511893,-8.437523,87.024376,6.512507,0.135849,0.945498,-0.0519,0.29135,-1.800563,54.468037,-6.394645,0.00252,0.918145,-0.085081,0.386995,-14.711189,11.40568,-5.541076,-0.161719,0.761727,0.042364,0.625959,0.388952,86.514053,22.920677,0.06915,-0.581446,0.11747,-0.802085,11.061329,52.861553,27.836823,0.017478,0.839564,-0.053686,0.540318,6.203933,9.568301,38.966927,0.00252,0.918145,-0.085081,0.386995,-5.210229,3.22468,-14.195919,0.017478,0.839564,-0.053686,0.540318,18.331053,2.025224,33.662369
99,0.825,-0.028846,0.85493,0.076712,0.512229,-4.026883,86.78965,14.691278,-0.014449,0.851962,0.088498,0.515868,-5.004347,94.328789,15.4678,-0.019199,0.85086,0.083448,0.518367,-7.022757,111.459648,17.833746,0.119338,0.921332,-0.049668,0.366658,-9.43071,131.367081,20.300632,0.113276,0.957639,-0.205764,0.166604,-4.490979,144.995575,18.889233,-0.011774,0.805712,0.110357,0.581817,-11.313546,125.254082,16.60244,0.296841,-0.407337,0.244428,-0.828382,-17.565432,127.37439,-1.611698,0.207804,-0.119698,-0.492484,-0.83663,-3.020537,110.228226,-15.655182,0.331554,0.005345,-0.650801,-0.683009,8.348493,128.332047,-25.123533,-0.145907,0.894332,0.103981,0.409963,-7.873592,124.853065,23.196442,0.296584,0.895475,0.061449,-0.326169,4.16291,128.257416,37.990685,-0.011139,0.348971,0.501989,-0.791266,20.368397,115.238998,21.538725,0.143134,0.103795,0.659504,-0.730612,14.475696,133.963654,8.908945,0.015684,0.832846,0.207194,0.513023,-8.440296,87.062386,6.487851,0.135772,0.945395,-0.05187,0.291727,-1.793716,54.495453,-6.387584,0.002548,0.918209,-0.085817,0.38668,-14.697528,11.430943,-5.539642,-0.161902,0.761475,0.04217,0.626231,0.386531,86.516914,22.894707,0.069264,-0.580687,0.117328,-0.802646,11.058111,52.867466,27.833418,0.017535,0.839465,-0.053827,0.540458,6.206312,9.57264,38.959831,0.002548,0.918209,-0.085817,0.38668,-5.207507,3.232144,-14.189647,0.017535,0.839465,-0.053827,0.540458,18.333464,2.025688,33.660854
100,0.833333,-0.029989,0.854568,0.07754,0.512642,-3.962682,86.771812,14.658483,-0.014462,0.851717,0.08919,0.516154,-4.961894,94.307968,15.43625,-0.019253,0.850654,0.08364,0.518673,-6.997228,111.462715,17.825512,0.119429,0.921202,-0.049647,0.366959,-9.41194,131.368759,20.296938,0.113241,0.957593,-0.205791,0.166863,-4.469185,144.996521,18.889076,-0.011371,0.805963,0.109863,0.581571,-11.29054,125.25647,16.595427,0.297585,-0.407622,0.24494,-0.827824,-17.553854,127.377029,-1.614754,0.207938,-0.119863,-0.492354,-0.836649,-3.034532,110.195091,-15.640963,0.331305,0.004806,-0.650776,-0.683158,8.337531,128.290161,-25.116808,-0.146166,0.894062,0.104059,0.41044,-7.855332,124.85421,23.191828,0.296739,0.895447,0.061309,-0.326133,4.163072,128.262848,37.99979,-0.010704,0.348951,0.502134,-0.791189,20.36492,115.234993,21.55171,0.14424,0.104045,0.65934,-0.730507,14.478392,133.955841,8.91397,0.016044,0.83294,0.206806,0.513016,-8.366944,87.035027,6.449828,0.136191,0.945109,-0.0525,0.292345,-1.756135,54.457443,-6.417085,0.002935,0.918178,-0.085087,0.386912,-14.711547,11.409101,-5.535457,-0.161782,0.761175,0.041793,0.626652,0.441581,86.508598,22.867138,0.069338,-0.580278,0.117707,-0.802879,11.087593,52.854111,27.826708,0.017637,0.83966,-0.053625,0.540171,6.207223,9.568206,38.975353,0.002935,0.918178,-0.085087,0.386912,-5.217894,3.223439,-14.193914,0.017637,0.83966,-0.053625,0.540171,18.330976,2.024092,33.664574
101,0.841667,-0.028885,0.854537,0.077478,0.512767,-3.965648,86.795364,14.634954,-0.01343,0.851561,0.089287,0.516421,-4.950085,94.332672,15.42048,-0.019939,0.850356,0.083894,0.519094,-6.95571,111.474655,17.828722,0.119431,0.921007,-0.049765,0.367431,-9.400525,131.377899,20.293163,0.113332,0.957494,-0.205847,0.167295,-4.455154,145.00473,18.885441,-0.011417,0.806006,0.109699,0.581541,-11.26655,125.262245,16.590837,0.298156,-0.408154,0.245634,-0.82715,-17.531181,127.377533,-1.619497,0.207799,-0.11993,-0.492199,-0.836766,-3.052954,110.153137,-15.636107,0.330943,0.004403,-0.650526,-0.683574,8.326252,128.246155,-25.111126,-0.146361,0.893775,0.104625,0.41085,-7.838254,124.866104,23.191202,0.296982,0.895361,0.061447,-0.326122,4.164873,128.269226,38.01281,-0.009887,0.348576,0.50227,-0.791278,20.359447,115.233543,21.56377,0.145063,0.103815,0.660003,-0.729777,14.467971,133.945267,8.921228,0.015955,0.83243,0.206337,0.514034,-8.368745,87.075783,6.426246,0.13612,0.945104,-0.052331,0.292423,-1.75429,54.4842,-6.403275,0.00327,0.918223,-0.085646,0.38668,-14.699474,11.432513,-5.535137,-0.161932,0.760935,0.041627,0.626916,0.437449,86.514954,22.843664,0.069463,-0.579581,0.117535,-0.803397,11.082184,52.862942,27.822723,0.017911,0.839527,-0.053736,0.540357,6.210933,9.574967,38.967312,0.00327,0.918223,-0.085646,0.38668,-5.218253,3.229964,-14.191231,0.017911,0.839527,-0.053736,0.540357,18.332973,2.024466,33.661709
102,0.85,-0.028783,0.854291,0.077879,0.513121,-3.936203,86.797241,14.603242,-0.013245,0.851342,0.089631,0.516728,-4.922764,94.333687,15.394359,-0.019967,0.850135,0.084184,0.519408,-6.930576,111.479141,17.816093,0.119477,0.920847,-0.049805,0.367813,-9.383323,131.380371,20.288879,0.113306,0.957403,-0.205913,0.16775,-4.435244,145.006424,18.883175,-0.011295,0.806104,0.109575,0.581431,-11.24468,125.266052,16.582008,0.298996,-0.408444,0.246222,-0.826529,-17.514366,127.381851,-1.62653,0.208015,-0.120088,-0.492152,-0.836717,-3.064022,110.11702,-15.62215,0.330846,0.004097,-0.650283,-0.683854,8.314839,128.203201,-25.106997,-0.146407,0.893546,0.104678,0.411319,-7.821262,124.867561,23.184765,0.296881,0.895389,0.061202,-0.326183,4.16641,128.268219,38.019447,-0.010098,0.348937,0.50212,-0.791212,20.362064,115.232834,21.571238,0.145035,0.10414,0.659123,-0.730532,14.474839,133.942551,8.920286,0.016175,0.832046,0.205843,0.514847,-8.332636,87.083763,6.391171,0.136246,0.944956,-0.052566,0.292799,-1.736946,54.478161,-6.412376,0.003653,0.91819,-0.085512,0.386783,-14.699059,11.431795,-5.532918,-0.162,0.76067,0.04139,0.627235,0.46023,86.510727,22.815313,0.069607,-0.57893,0.117678,-0.803833,11.09595,52.858883,27.814732,0.017857,0.839606,-0.053728,0.540237,6.213216,9.575719,38.972969,0.003653,0.91819,-0.085512,0.386783,-5.220177,3.228384,-14.190763,0.017857,0.839606,-0.053728,0.540237,18.334385,2.026133,33.66407
103,0.858333,-0.028553,0.85406,0.077864,0.513521,-3.908325,86.798775,14.58239,-0.013146,0.851127,0.090027,0.517015,-4.892142,94.335457,15.374669,-0.020128,0.849935,0.08437,0.519698,-6.905314,111.481583,17.80958,0.119307,0.92072,-0.049964,0.368164,-9.368345,131.381271,20.284483,0.113417,0.957302,-0.205923,0.168239,-4.422035,145.007614,18.875181,-0.011245,0.806165,0.10952,0.581357,-11.224418,125.266899,16.575079,0.300552,-0.408806,0.2462,-0.825792,-17.49749,127.382706,-1.632296,0.208584,-0.120162,-0.492174,-0.836551,-3.062266,110.088966,-15.607826,0.330743,0.003503,-0.649891,-0.68428,8.310457,128.16153,-25.10438,-0.146442,0.893318,0.104714,0.411792,-7.805589,124.868568,23.180222,0.296814,0.895394,0.061186,-0.326232,4.166606,128.266663,38.027985,-0.010049,0.348982,0.502066,-0.791227,20.362646,115.23423,21.577799,0.145086,0.104096,0.658909,-0.730721,14.47428,133.941666,8.923632,0.01642,0.83163,0.205496,0.515648,-8.29735,87.089523,6.366506,0.136354,0.944779,-0.0528,0.293278,-1.716705,54.474319,-6.420308,0.002964,0.91833,-0.085741,0.386407,-14.694193,11.432796,-5.53049,-0.161999,0.760474,0.041194,0.627486,0.4807,86.508026,22.798273,0.069664,-0.578553,0.117773,-0.804085,11.10604,52.855003,27.811749,0.017866,0.839685,-0.053682,0.540118,6.214397,9.574568,38.976662,0.002964,0.91833,-0.085741,0.386407,-5.214869,3.231061,-14.189432,0.017866,0.839685,-0.053682,0.540118,18.334249,2.025807,33.663578
104,0.866667,-0.027765,0.85393,0.077609,0.513818,-3.891738,86.809624,14.560974,-0.013209,0.850922,0.090519,0.517266,-4.863568,94.347588,15.355821,-0.020078,0.849778,0.084403,0.519953,-6.886416,111.475479,17.801279,0.118958,0.920692,-0.049656,0.368387,-9.349116,131.375046,20.277607,0.113669,0.957196,-0.206116,0.16844,-4.414224,145.006104,18.874079,-0.011354,0.806202,0.109799,0.581251,-11.203559,125.261353,16.566233,0.300051,-0.408629,0.246868,-0.825862,-17.4813,127.379562,-1.639248,0.208148,-0.12072,-0.491999,-0.836683,-3.055868,110.069344,-15.604485,0.33062,0.002874,-0.649592,-0.684626,8.309685,128.120834,-25.104368,-0.146601,0.893093,0.104761,0.412211,-7.788645,124.861778,23.173323,0.296572,0.895426,0.060646,-0.326465,4.168367,128.261642,38.032906,-0.010423,0.349106,0.501969,-0.791229,20.36396,115.231621,21.580378,0.145134,0.104038,0.658528,-0.731063,14.474346,133.943939,8.928794,0.016567,0.831133,0.205064,0.516616,-8.275899,87.110962,6.342877,0.136433,0.944659,-0.052844,0.29362,-1.705117,54.483448,-6.417585,0.004067,0.9182,-0.085836,0.386683,-14.690663,11.444294,-5.53085,-0.162058,0.760268,0.041057,0.627729,0.492423,86.508286,22.779072,0.069718,-0.578228,0.117846,-0.804304,11.113177,52.855812,27.806002,0.017718,0.839676,-0.053943,0.540111,6.214659,9.577617,38.97657,0.004067,0.9182,-0.085836,0.386683,-5.221294,3.228777,-14.187619,0.017718,0.839676,-0.053943,0.540111,18.334105,2.025259,33.667683
105,0.875,-0.027527,0.853679,0.077722,0.514231,-3.865331,86.813667,14.538403,-0.012858,0.850695,0.090856,0.517589,-4.835329,94.351563,15.336124,-0.020336,0.849535,0.084607,0.520307,-6.854525,111.475632,17.796713,0.118639,0.920649,-0.049556,0.368612,-9.331415,131.373367,20.273525,0.113959,0.957108,-0.206282,0.168537,-4.405087,145.007614,18.870665,-0.011354,0.806271,0.109748,0.581166,-11.178873,125.259079,16.559679,0.300646,-0.408909,0.247187,-0.825411,-17.460449,127.375748,-1.644665,0.208118,-0.12108,-0.491783,-0.836765,-3.055511,110.040108,-15.599508,0.330163,0.002188,-0.649293,-0.685133,8.312765,128.076813,-25.108524,-0.146711,0.892876,0.104846,0.412621,-7.769596,124.860657,23.169752,0.296444,0.895416,0.060521,-0.326631,4.173061,128.260071,38.040981,-0.010634,0.349184,0.501905,-0.791232,20.366932,115.23465,21.583118,0.145114,0.104051,0.657958,-0.731578,14.476739,133.948792,8.933102,0.0168,0.830733,0.204668,0.517409,-8.241829,87.120598,6.316429,0.136524,0.944545,-0.053021,0.293913,-1.687366,54.482086,-6.424264,0.003764,0.918278,-0.085974,0.386471,-14.685297,11.446846,-5.529028,-0.162081,0.760182,0.040857,0.62784,0.511168,86.506729,22.760376,0.069752,-0.577973,0.11795,-0.804468,11.123565,52.85363,27.800694,0.017807,0.839691,-0.053819,0.540098,6.21594,9.57807,38.97747,0.003764,0.918278,-0.085974,0.386471,-5.216866,3.231161,-14.186668,0.017807,0.839691,-0.053819,0.540098,18.335135,2.027132,33.665989
106,0.883333,-0.027391,0.853477,0.077787,0.514564,-3.84055,86.81649,14.519438,-0.01271,0.850504,0.091094,0.517865,-4.809597,94.35434,15.31869,-0.020334,0.849343,0.084855,0.52058,-6.829467,111.476837,17.788269,0.118311,0.920588,-0.04956,0.368867,-9.312288,131.372879,20.272728,0.114128,0.956978,-0.206548,0.168837,-4.393607,145.009674,18.867935,-0.011238,0.806345,0.109565,0.5811,-11.155994,125.259911,16.554829,0.301222,-0.409189,0.247579,-0.824945,-17.440662,127.375755,-1.648542,0.208154,-0.121402,-0.491506,-0.836872,-3.058153,110.0121,-15.591695,0.32978,0.001551,-0.649029,-0.685569,8.318434,128.035904,-25.111412,-0.146442,0.892821,0.104084,0.413029,-7.750947,124.859169,23.166939,0.2963,0.895398,0.060191,-0.326874,4.18172,128.259506,38.045971,-0.010886,0.349152,0.50195,-0.791215,20.371714,115.236282,21.58256,0.145289,0.103796,0.657645,-0.731861,14.48175,133.958405,8.938195,0.016955,0.830348,0.204385,0.518133,-8.2108,87.126793,6.294268,0.136697,0.944364,-0.053214,0.294379,-1.664982,54.480385,-6.430649,0.004175,0.918268,-0.086108,0.386461,-14.68277,11.451256,-5.530213,-0.162039,0.760086,0.04063,0.627982,0.529699,86.506187,22.744608,0.06981,-0.577756,0.118029,-0.804608,11.128976,52.850811,27.797323,0.017884,0.839735,-0.05372,0.540037,6.215785,9.577662,38.98098,0.004175,0.918268,-0.086108,0.386461,-5.220903,3.228016,-14.187858,0.017884,0.839735,-0.05372,0.540037,18.334049,2.027771,33.665886
107,0.891667,-0.027234,0.853298,0.077939,0.514847,-3.813197,86.817101,14.498669,-0.012645,0.850334,0.091414,0.518088,-4.781646,94.354721,15.300814,-0.02031,0.849187,0.085074,0.520799,-6.806181,111.47673,17.780626,0.117935,0.920579,-0.049453,0.369027,-9.293393,131.371323,20.272383,0.114366,0.956849,-0.206902,0.168972,-4.385012,145.01181,18.867378,-0.010826,0.806398,0.109174,0.581107,-11.134207,125.259659,16.55088,0.301566,-0.409447,0.248128,-0.824527,-17.418894,127.379608,-1.652008,0.208102,-0.121836,-0.491162,-0.837024,-3.06197,109.985901,-15.584061,0.329459,0.000892,-0.64871,-0.686026,8.324707,127.994606,-25.116438,-0.146874,0.892587,0.104663,0.413234,-7.732552,124.85659,23.164597,0.296246,0.895352,0.060126,-0.327061,4.188634,128.260406,38.05204,-0.011042,0.349285,0.501827,-0.791232,20.373857,115.239929,21.58176,0.144587,0.103507,0.657366,-0.732292,14.482391,133.960754,8.935629,0.01714,0.829967,0.204119,0.518842,-8.17818,87.131866,6.27087,0.136833,0.9442,-0.053447,0.2948,-1.642345,54.478161,-6.440427,0.004434,0.918281,-0.086164,0.386416,-14.677802,11.4546,-5.529752,-0.162041,0.75991,0.040412,0.628209,0.551786,86.502327,22.726467,0.069816,-0.577504,0.118153,-0.80477,11.140022,52.845741,27.79423,0.01795,0.839765,-0.053577,0.540003,6.214911,9.575293,38.983109,0.004434,0.918281,-0.086164,0.386416,-5.220698,3.227258,-14.188701,0.01795,0.839765,-0.053577,0.540003,18.333057,2.027558,33.66468
108,0.9,-0.027321,0.853112,0.078145,0.515118,-3.778949,86.818993,14.480074,-0.012733,0.850159,0.091738,0.518316,-4.750399,94.356056,15.28389,-0.020278,0.849031,0.085304,0.521016,-6.784301,111.478149,17.77137,0.117716,0.920488,-0.049456,0.369321,-9.275883,131.371201,20.270971,0.11449,0.956669,-0.207362,0.169346,-4.372252,145.013351,18.865513,-0.010794,0.806363,0.109161,0.581159,-11.11383,125.260971,16.545715,0.301943,-0.409752,0.24867,-0.824073,-17.396231,127.381836,-1.657857,0.20804,-0.122358,-0.490681,-0.837245,-3.066847,109.957336,-15.579784,0.328892,0.000332,-0.64826,-0.686724,8.333477,127.943733,-25.125689,-0.147019,0.892384,0.105125,0.413503,-7.715523,124.855385,23.160999,0.295948,0.89536,0.059918,-0.327345,4.195389,128.254623,38.057716,-0.011257,0.34892,0.501987,-0.791288,20.380112,115.245476,21.578001,0.145431,0.103384,0.657524,-0.732,14.48406,133.977554,8.949031,0.017499,0.829673,0.20375,0.519445,-8.138636,87.13485,6.249508,0.136881,0.944002,-0.053685,0.295368,-1.628554,54.471302,-6.449726,0.004752,0.918289,-0.085992,0.386429,-14.674741,11.451223,-5.528123,-0.161896,0.759851,0.040086,0.628338,0.580737,86.503136,22.71064,0.069907,-0.5771,0.118198,-0.805045,11.146217,52.841331,27.791199,0.0178,0.839856,-0.053583,0.539865,6.217061,9.57298,38.986404,0.004752,0.918289,-0.085992,0.386429,-5.220678,3.224515,-14.190996,0.0178,0.839856,-0.053583,0.539865,18.335142,2.027255,33.664974
109,0.908333,-0.027903,0.852898,0.078444,0.515396,-3.7407,86.812782,14.463902,-0.012538,0.849955,0.092083,0.518594,-4.722341,94.348633,15.266657,-0.020369,0.848809,0.085442,0.521352,-6.758459,111.476692,17.76828,0.117489,0.920403,-0.049457,0.369606,-9.257048,131.368637,20.269693,0.114601,0.956532,-0.207777,0.169536,-4.358425,145.012527,18.863657,-0.010685,0.806376,0.109194,0.581138,-11.090444,125.258675,16.541771,0.303469,-0.410409,0.248894,-0.823118,-17.37388,127.383598,-1.660968,0.208481,-0.122581,-0.490359,-0.837292,-3.078975,109.918175,-15.567049,0.328487,-0.000298,-0.647489,-0.687644,8.339054,127.897049,-25.133467,-0.146547,0.892348,0.104698,0.413857,-7.697399,124.852661,23.159731,0.295638,0.895347,0.059971,-0.327651,4.207556,128.240723,38.06374,-0.01153,0.34873,0.502064,-0.791319,20.391331,115.248367,21.569855,0.145609,0.103064,0.65726,-0.732247,14.492123,133.990219,8.95262,0.017605,0.829603,0.203519,0.519643,-8.094449,87.122765,6.22997,0.137077,0.943842,-0.0541,0.295712,-1.596248,54.452801,-6.458821,0.001975,0.919072,-0.087531,0.384241,-14.669782,11.44157,-5.512163,-0.16172,0.759783,0.039784,0.628485,0.613049,86.5028,22.697834,0.069939,-0.57684,0.118304,-0.805214,11.155086,52.835197,27.788729,0.017585,0.839916,-0.053562,0.539781,6.216554,9.569484,38.990002,0.001975,0.919072,-0.087531,0.384241,-5.230901,3.206564,-14.183703,0.017585,0.839916,-0.053562,0.539781,18.336264,2.027335,33.667217
110,0.916667,-0.027978,0.852726,0.078507,0.515667,-3.707908,86.812988,14.448542,-0.01255,0.849767,0.092486,0.51883,-4.691265,94.348618,15.251203,-0.020416,0.848636,0.085584,0.521609,-6.736159,111.477837,17.764395,0.117205,0.920341,-0.049459,0.369849,-9.24007,131.368729,20.268866,0.114781,0.956367,-0.208266,0.169743,-4.348056,145.014832,18.861305,-0.010612,0.806424,0.109076,0.581094,-11.069996,125.259277,16.538393,0.303698,-0.410572,0.249175,-0.822867,-17.355465,127.383614,-1.66371,0.208833,-0.122731,-0.490023,-0.837379,-3.075075,109.901665,-15.563932,0.328867,-0.000872,-0.647657,-0.687303,8.359424,127.8703,-25.143856,-0.146629,0.892271,0.104978,0.413922,-7.680979,124.852386,23.158361,0.295393,0.895343,0.059672,-0.327939,4.220933,128.238113,38.065331,-0.012146,0.348922,0.502091,-0.791209,20.402414,115.253189,21.563358,0.14561,0.103357,0.656682,-0.732724,14.510195,134.005051,8.954268,0.017867,0.829204,0.203491,0.520282,-8.056373,87.122879,6.211815,0.137259,0.943661,-0.054474,0.296135,-1.564933,54.45274,-6.480005,0.002222,0.919069,-0.08773,0.384202,-14.663702,11.44965,-5.512538,-0.161554,0.759658,0.039519,0.628696,0.640557,86.503098,22.685268,0.070008,-0.576475,0.118373,-0.805459,11.160883,52.830177,27.785889,0.017589,0.839962,-0.053426,0.539723,6.21604,9.566811,38.993427,0.002222,0.919069,-0.08773,0.384202,-5.230127,3.207315,-14.182893,0.017589,0.839962,-0.053426,0.539723,18.33602,2.027584,33.66711
111,0.925,-0.027967,0.852534,0.078532,0.51598,-3.681537,86.81498,14.4326,-0.012118,0.849603,0.092651,0.51908,-4.665246,94.350571,15.235308,-0.020745,0.848432,0.085731,0.521904,-6.700849,111.477539,17.760328,0.116756,0.920218,-0.049764,0.370259,-9.220004,131.366867,20.26195,0.11494,0.956184,-0.208508,0.170366,-4.335316,145.014542,18.844294,-0.010405,0.806618,0.109032,0.580837,-11.042984,125.256027,16.530367,0.304251,-0.410695,0.249366,-0.822544,-17.340174,127.384674,-1.667184,0.209209,-0.123114,-0.489652,-0.837446,-3.070204,109.884659,-15.555363,0.32889,-0.001454,-0.647372,-0.68756,8.376167,127.833328,-25.155037,-0.146384,0.892151,0.105109,0.414234,-7.658753,124.851692,23.152941,0.295019,0.89537,0.059206,-0.328286,4.235934,128.224899,38.06852,-0.012754,0.349259,0.501878,-0.791185,20.417044,115.250267,21.558071,0.144711,0.102966,0.656191,-0.733397,14.525333,134.005417,8.949963,0.01797,0.829028,0.203257,0.520649,-8.023989,87.125839,6.192739,0.137423,0.943559,-0.054657,0.296351,-1.541725,54.449184,-6.487001,0.002383,0.919105,-0.087834,0.384091,-14.65908,11.451936,-5.511619,-0.161495,0.759506,0.039321,0.628907,0.660914,86.504128,22.672462,0.070022,-0.576344,0.118456,-0.805539,11.168036,52.828728,27.783972,0.017508,0.840019,-0.053504,0.539629,6.216237,9.567303,38.995945,0.002383,0.919105,-0.087834,0.384091,-5.230532,3.20536,-14.183407,0.017508,0.840019,-0.053504,0.539629,18.335304,2.027481,33.668392
112,0.933333,-0.027932,0.852338,0.078472,0.516315,-3.655039,86.813202,14.418924,-0.012027,0.849422,0.092939,0.519326,-4.63814,94.348961,15.220742,-0.020786,0.848259,0.085936,0.522148,-6.677428,111.477852,17.755804,0.116481,0.920123,-0.049943,0.370556,-9.203024,131.365692,20.262781,0.115106,0.955973,-0.209089,0.170726,-4.322765,145.014374,18.839458,-0.010345,0.80667,0.108908,0.580789,-11.022266,125.255669,16.528015,0.304482,-0.410849,0.24977,-0.822258,-17.32168,127.383186,-1.668896,0.20916,-0.123814,-0.489225,-0.837604,-3.069113,109.861778,-15.547985,0.328466,-0.001818,-0.646527,-0.688556,8.384928,127.785004,-25.16754,-0.146423,0.892098,0.105224,0.414306,-7.641864,124.849907,23.152452,0.294812,0.895348,0.058969,-0.328574,4.250066,128.222031,38.070469,-0.013091,0.349157,0.50201,-0.791141,20.427608,115.254356,21.551075,0.144714,0.102543,0.656294,-0.733363,14.53863,134.019135,8.95519,0.018009,0.828989,0.203059,0.520787,-7.991077,87.124619,6.17571,0.137604,0.943419,-0.054853,0.296678,-1.516447,54.442329,-6.493383,0.002483,0.919126,-0.087885,0.384029,-14.654225,11.451483,-5.510842,-0.161453,0.759429,0.039146,0.629022,0.680999,86.501778,22.66214,0.070058,-0.576051,0.118528,-0.805734,11.177399,52.824444,27.782843,0.017822,0.840045,-0.053316,0.539597,6.218264,9.565017,38.999268,0.002483,0.919126,-0.087885,0.384029,-5.22857,3.202596,-14.183569,0.017822,0.840045,-0.053316,0.539597,18.334646,2.024752,33.666256
113,0.941667,-0.027713,0.85204,0.078567,0.516805,-3.629702,86.818817,14.396604,-0.011865,0.849238,0.093395,0.51955,-4.61116,94.354538,15.200824,-0.020878,0.848131,0.086063,0.522333,-6.654309,111.478531,17.751341,0.116141,0.920052,-0.050004,0.370832,-9.186267,131.365341,20.260113,0.115288,0.955749,-0.209737,0.171067,-4.313349,145.016266,18.833334,-0.010241,0.806796,0.108824,0.580631,-11.0022,125.255394,16.523609,0.304527,-0.410766,0.250173,-0.822161,-17.308807,127.383568,-1.670732,0.209331,-0.124316,-0.48875,-0.837765,-3.063291,109.846245,-15.536944,0.328422,-0.002392,-0.646366,-0.688727,8.407568,127.750053,-25.177071,-0.146374,0.892025,0.105313,0.414457,-7.624719,124.849533,23.149532,0.294624,0.895313,0.058604,-0.328901,4.262925,128.217484,38.071911,-0.013345,0.348859,0.502203,-0.791146,20.434929,115.253937,21.543848,0.14484,0.101957,0.657044,-0.732748,14.545311,134.029816,8.965037,0.018124,0.828991,0.202475,0.521007,-7.956534,87.135506,6.148752,0.13767,0.943162,-0.054992,0.297437,-1.507175,54.436623,-6.490407,0.002586,0.919122,-0.08774,0.384071,-14.654814,11.448776,-5.508568,-0.161521,0.759298,0.038974,0.629173,0.697131,86.502121,22.644455,0.070125,-0.57581,0.118636,-0.805885,11.188408,52.825386,27.779573,0.017741,0.840124,-0.053608,0.539446,6.221781,9.569112,39.004856,0.002586,0.919122,-0.08774,0.384071,-5.228899,3.202189,-14.183204,0.017741,0.840124,-0.053608,0.539446,18.334801,2.023495,33.671764
114,0.95,-0.027569,0.85208,0.078453,0.516764,-3.612912,86.814285,14.385697,-0.011582,0.849151,0.093464,0.519685,-4.591566,94.350395,15.189636,-0.020969,0.847959,0.086463,0.522542,-6.629467,111.486641,17.748816,0.115947,0.920089,-0.049605,0.370854,-9.173584,131.370499,20.2686,0.115664,0.955536,-0.210829,0.17066,-4.309605,145.025497,18.850283,-0.010288,0.806882,0.108563,0.58056,-10.984198,125.261894,16.527328,0.304508,-0.410641,0.250531,-0.822121,-17.293974,127.38237,-1.666811,0.209502,-0.124967,-0.488327,-0.837872,-3.052524,109.83242,-15.521214,0.32851,-0.002984,-0.646069,-0.688961,8.42965,127.714142,-25.186869,-0.146293,0.892102,0.105358,0.414309,-7.610032,124.853752,23.1548,0.297481,0.894707,0.070488,-0.325631,4.283296,128.219223,38.073204,-0.007968,0.345013,0.503789,-0.791896,20.479122,115.324615,21.514565,0.144893,0.101042,0.657824,-0.732164,14.553502,134.043304,8.969986,0.018049,0.829042,0.20233,0.520987,-7.940683,87.13208,6.138383,0.137804,0.942928,-0.055133,0.298088,-1.492662,54.428822,-6.490117,0.002415,0.919106,-0.087765,0.384105,-14.655787,11.445692,-5.509107,-0.161548,0.759072,0.038874,0.629445,0.714859,86.49649,22.633011,0.070089,-0.575467,0.118744,-0.806117,11.201243,52.819813,27.778519,0.019374,0.839926,-0.052804,0.539778,6.220301,9.565395,39.004597,0.002415,0.919106,-0.087765,0.384105,-5.22699,3.200402,-14.181842,0.019374,0.839926,-0.052804,0.539778,18.324572,2.013846,33.660065
115,0.958333,-0.027393,0.851986,0.078435,0.516931,-3.593104,86.81469,14.370945,-0.011471,0.849059,0.093763,0.519785,-4.569479,94.35099,15.175858,-0.021014,0.847879,0.086575,0.52265,-6.609997,111.486908,17.7458,0.115651,0.920051,-0.049672,0.371031,-9.158335,131.369904,20.268108,0.115931,0.95531,-0.211527,0.170876,-4.300785,145.02681,18.846003,-0.010252,0.806962,0.108452,0.58047,-10.966851,125.261597,16.52536,0.304715,-0.410631,0.25074,-0.821986,-17.280697,127.380287,-1.667582,0.209809,-0.125328,-0.487899,-0.83799,-3.044365,109.818672,-15.512478,0.328688,-0.003543,-0.64575,-0.689173,8.452641,127.680336,-25.195387,-0.146275,0.89215,0.105573,0.414156,-7.594402,124.852982,23.153679,0.297577,0.894584,0.070396,-0.325901,4.304014,128.215302,38.068745,-0.00843,0.344762,0.504152,-0.79177,20.487467,115.31749,21.500486,0.14462,0.100434,0.65805,-0.732098,14.570147,134.055954,8.976839,0.017997,0.828944,0.202064,0.521247,-7.917838,87.135406,6.122147,0.137899,0.942932,-0.055178,0.298024,-1.47277,54.424347,-6.487651,0.002659,0.919198,-0.087698,0.383897,-14.64494,11.444033,-5.504594,-0.161657,0.758993,0.038696,0.629523,0.731629,86.493973,22.619743,0.070107,-0.5752,0.118831,-0.806293,11.215298,52.818848,27.780897,0.019494,0.839987,-0.052777,0.539681,6.225447,9.566501,39.011002,0.002659,0.919198,-0.087698,0.383897,-5.223263,3.197488,-14.183877,0.019494,0.839987,-0.052777,0.539681,18.327209,2.01375,33.662476
116,0.966667,-0.027386,0.851806,0.078417,0.51723,-3.565276,86.811813,14.356896,-0.011552,0.848932,0.094138,0.519922,-4.541703,94.348175,15.161284,-0.020952,0.847808,0.086646,0.522757,-6.592542,111.487495,17.741316,0.115503,0.919995,-0.049724,0.37121,-9.140566,131.370087,20.267027,0.116075,0.955105,-0.212229,0.171058,-4.28579,145.027786,18.843147,-0.010136,0.807159,0.108289,0.580228,-10.948462,125.262619,16.52261,0.304798,-0.410459,0.25098,-0.821968,-17.273273,127.380196,-1.666644,0.210264,-0.125741,-0.487474,-0.838062,-3.035836,109.809326,-15.498638,0.32916,-0.004162,-0.645683,-0.689006,8.474781,127.647804,-25.203497,-0.146117,0.892178,0.10559,0.414149,-7.577632,124.852516,23.151657,0.297464,0.894543,0.070366,-0.326123,4.322818,128.209274,38.066345,-0.008671,0.344371,0.504488,-0.791723,20.502129,115.317772,21.489157,0.144833,0.099537,0.658365,-0.731896,14.588078,134.071136,8.986567,0.017965,0.828797,0.201962,0.521522,-7.884253,87.132988,6.105105,0.138218,0.942955,-0.055316,0.297779,-1.436947,54.4189,-6.495675,0.003025,0.919163,-0.087708,0.383976,-14.638948,11.447888,-5.506283,-0.161723,0.758833,0.038488,0.629712,0.7537,86.490646,22.608688,0.069975,-0.574977,0.118905,-0.806453,11.230226,52.81588,27.786688,0.01937,0.839953,-0.05272,0.539744,6.225067,9.563461,39.009708,0.003025,0.919163,-0.087708,0.383976,-5.220729,3.197283,-14.185452,0.01937,0.839953,-0.05272,0.539744,18.329609,2.0138,33.663124
117,0.975,-0.027272,0.851813,0.078352,0.517235,-3.546372,86.80706,14.347881,-0.011343,0.848858,0.094326,0.520014,-4.520812,94.343658,15.152338,-0.021135,0.847697,0.086693,0.522922,-6.569631,111.485985,17.742043,0.115633,0.919872,-0.050136,0.371418,-9.125406,131.367935,20.264988,0.116016,0.95498,-0.212693,0.171214,-4.262518,145.021912,18.833155,-0.010033,0.807332,0.108187,0.580008,-10.929659,125.259544,16.520319,0.304391,-0.41018,0.251514,-0.822094,-17.264439,127.377029,-1.665478,0.210284,-0.126294,-0.486998,-0.83825,-3.029108,109.794571,-15.484895,0.329174,-0.004505,-0.645506,-0.689164,8.498768,127.616501,-25.210121,-0.146071,0.892282,0.105886,0.413866,-7.561509,124.85112,23.150835,0.297474,0.894463,0.070176,-0.326375,4.34854,128.203293,38.058887,-0.009374,0.34426,0.504794,-0.791568,20.51886,115.310265,21.474119,0.144554,0.099059,0.658036,-0.732311,14.615933,134.081619,8.995385,0.017944,0.828688,0.201863,0.521733,-7.865372,87.129425,6.096146,0.138381,0.942828,-0.055443,0.298082,-1.417293,54.412453,-6.496743,0.00335,0.919155,-0.087695,0.383995,-14.636403,11.446751,-5.505316,-0.161817,0.758715,0.038357,0.629838,0.772628,86.484695,22.599617,0.069937,-0.574632,0.119025,-0.806684,11.247364,52.811386,27.790678,0.019475,0.840026,-0.052652,0.539634,6.226878,9.56105,39.014874,0.00335,0.919155,-0.087695,0.383995,-5.222158,3.193019,-14.185825,0.019475,0.840026,-0.052652,0.539634,18.329239,2.011331,33.663429
118,0.983333,-0.027097,0.851774,0.078045,0.517354,-3.530034,86.799225,14.340401,-0.011247,0.848815,0.09457,0.520041,-4.499893,94.336716,15.142155,-0.020977,0.847683,0.086766,0.522938,-6.551283,111.485207,17.741871,0.115063,0.919993,-0.049412,0.371393,-9.103212,131.366913,20.27059,0.116551,0.954692,-0.213892,0.170966,-4.262369,145.030045,18.851297,-0.010071,0.807523,0.107947,0.579787,-10.908609,125.259972,16.524117,0.304509,-0.410162,0.25158,-0.82204,-17.253294,127.369919,-1.659101,0.210353,-0.126808,-0.486636,-0.838366,-3.018925,109.783028,-15.473893,0.328958,-0.004947,-0.645045,-0.689695,8.518503,127.586678,-25.217205,-0.146033,0.892287,0.105823,0.413883,-7.540622,124.848961,23.154551,0.297698,0.89429,0.070724,-0.326526,4.369299,128.200806,38.062775,-0.00945,0.343893,0.505248,-0.791438,20.527288,115.309906,21.464336,0.144348,0.098415,0.658277,-0.732223,14.634824,134.093109,9.005158,0.017661,0.828732,0.201845,0.52168,-7.846913,87.121613,6.087559,0.138669,0.942719,-0.055579,0.298267,-1.383594,54.4034,-6.49429,0.002997,0.919253,-0.087799,0.38374,-14.63035,11.446238,-5.501923,-0.161914,0.758553,0.038296,0.630011,0.786844,86.476845,22.593243,0.069905,-0.574475,0.119161,-0.806779,11.262703,52.805447,27.794413,0.019845,0.840101,-0.052263,0.539541,6.228691,9.55762,39.022232,0.002997,0.919253,-0.087799,0.38374,-5.217034,3.193589,-14.184469,0.019845,0.840101,-0.052263,0.539541,18.328499,2.011077,33.660542
119,0.991667,-0.026912,0.851598,0.077944,0.517669,-3.508595,86.797379,14.329803,-0.011315,0.848721,0.094883,0.520137,-4.475544,94.335258,15.131354,-0.02102,0.84765,0.086827,0.522981,-6.535501,111.48642,17.739468,0.114919,0.92,-0.049659,0.371386,-9.090305,131.36763,20.269215,0.116879,0.954545,-0.214413,0.170908,-4.250725,145.030365,18.841837,-0.009991,0.807648,0.107694,0.579661,-10.894484,125.260696,16.522133,0.304376,-0.409902,0.251972,-0.822098,-17.244902,127.366867,-1.659523,0.21025,-0.127451,-0.486272,-0.838505,-3.009705,109.769203,-15.459725,0.328563,-0.005384,-0.644715,-0.690188,8.537346,127.557121,-25.2237,-0.146208,0.892306,0.106424,0.413627,-7.527193,124.849686,23.152922,0.297867,0.894125,0.070141,-0.326951,4.388964,128.199081,38.056721,-0.010091,0.343718,0.505762,-0.791177,20.526928,115.294304,21.449577,0.144213,0.097727,0.658704,-0.731957,14.652146,134.103638,9.014272,0.017591,0.828691,0.201565,0.521856,-7.819588,87.122269,6.073982,0.13887,0.942566,-0.055659,0.29864,-1.35999,54.395805,-6.488319,0.003259,0.919265,-0.087712,0.38373,-14.625922,11.444468,-5.49996,-0.162025,0.758336,0.038267,0.630246,0.802398,86.472496,22.585625,0.069862,-0.57441,0.119378,-0.806797,11.281087,52.803505,27.796673,0.019913,0.840209,-0.052349,0.539362,6.228511,9.559804,39.032028,0.003259,0.919265,-0.087712,0.38373,-5.215889,3.191052,-14.185333,0.019913,0.840209,-0.052349,0.539362,18.324432,2.010305,33.665733
120,1.0,-0.026755,0.851467,0.077848,0.517908,-3.489147,86.795563,14.320314,-0.011311,0.848626,0.095149,0.520243,-4.453533,94.333801,15.121603,-0.020952,0.847597,0.086885,0.52306,-6.51897,111.487053,17.737925,0.114808,0.919974,-0.049794,0.371467,-9.072906,131.367996,20.270819,0.117012,0.954389,-0.215008,0.170942,-4.234584,145.030731,18.839237,-0.009911,0.807783,0.107492,0.579512,-10.876834,125.261841,16.522316,0.304587,-0.409916,0.252131,-0.821965,-17.234013,127.365303,-1.657295,0.210189,-0.127975,-0.48579,-0.83872,-3.003646,109.757683,-15.449781,0.32775,-0.005663,-0.64429,-0.690969,8.558798,127.526581,-25.229311,-0.145904,0.892371,0.106256,0.413638,-7.510726,124.849411,23.153622,0.29806,0.893967,0.070526,-0.327122,4.408524,128.191315,38.056629,-0.010256,0.343271,0.506292,-0.79103,20.534437,115.287186,21.437283,0.144198,0.09693,0.659064,-0.731742,14.670691,134.113831,9.025702,0.01742,0.828595,0.20144,0.522062,-7.795693,87.122414,6.062248,0.139166,0.9425,-0.055743,0.298694,-1.327566,54.391956,-6.485245,0.00342,0.919273,-0.087767,0.383696,-14.620298,11.44886,-5.498773,-0.16207,0.758125,0.038145,0.630495,0.817398,86.468712,22.578379,0.06982,-0.574214,0.119436,-0.806931,11.291279,52.800091,27.801508,0.019977,0.840251,-0.052233,0.539306,6.229635,9.55711,39.035572,0.00342,0.919273,-0.087767,0.383696,-5.21346,3.192414,-14.184729,0.019977,0.840251,-0.052233,0.539306,18.32497,2.009224,33.665684
121,1.008333,-0.026647,0.851319,0.077796,0.518163,-3.467199,86.79493,14.310375,-0.011358,0.848572,0.095507,0.520265,-4.429999,94.333382,15.111566,-0.02088,0.847618,0.086899,0.523027,-6.5037,111.486832,17.737856,0.114717,0.919971,-0.050003,0.371474,-9.055402,131.367783,20.272875,0.117076,0.954262,-0.215514,0.170971,-4.217311,145.029922,18.834892,-0.009757,0.80788,0.107259,0.579422,-10.860287,125.262161,16.523956,0.304935,-0.40999,0.252265,-0.821757,-17.221605,127.364799,-1.654303,0.210259,-0.1284,-0.485408,-0.838858,-2.998054,109.745338,-15.4387,0.32728,-0.006123,-0.64396,-0.691495,8.575615,127.4963,-25.232691,-0.145518,0.892449,0.106087,0.413648,-7.493617,124.84877,23.154917,0.298368,0.893676,0.070238,-0.327699,4.429658,128.180435,38.057003,-0.010694,0.342863,0.507007,-0.790743,20.525848,115.263458,21.418827,0.144027,0.095967,0.659945,-0.731108,14.682022,134.118958,9.036006,0.017422,0.828464,0.201221,0.522355,-7.768915,87.123451,6.049857,0.139363,0.942405,-0.055829,0.298887,-1.304679,54.3867,-6.483202,0.003465,0.919297,-0.087863,0.383616,-14.616114,11.449373,-5.497585,-0.162039,0.757872,0.037909,0.630822,0.834517,86.466408,22.570892,0.06979,-0.573808,0.119345,-0.807236,11.294046,52.79578,27.809805,0.019879,0.840235,-0.05205,0.539352,6.231674,9.550449,39.03447,0.003465,0.919297,-0.087863,0.383616,-5.212059,3.190133,-14.183906,0.019879,0.840235,-0.05205,0.539352,18.330259,2.008049,33.664192
122,1.016667,-0.026591,0.851167,0.077778,0.51842,-3.441971,86.79464,14.301208,-0.011411,0.848496,0.095715,0.520349,-4.404155,94.333176,15.102321,-0.020752,0.847592,0.087017,0.523054,-6.483585,111.486122,17.733669,0.114626,0.919984,-0.050041,0.371464,-9.03344,131.36647,20.275297,0.11713,0.954143,-0.216098,0.170862,-4.19734,145.029099,18.835281,-0.009616,0.808042,0.107109,0.579226,-10.838758,125.262306,16.524237,0.305321,-0.410087,0.252392,-0.821527,-17.208984,127.365112,-1.650886,0.210475,-0.128663,-0.485022,-0.838987,-2.993043,109.733246,-15.427264,0.327067,-0.006555,-0.643723,-0.691812,8.593655,127.466095,-25.232321,-0.145281,0.892477,0.105934,0.41371,-7.472425,124.846329,23.155203,0.298612,0.893467,0.070361,-0.328021,4.451535,128.17215,38.058044,-0.011171,0.342424,0.507447,-0.790644,20.528788,115.250252,21.405394,0.143762,0.095622,0.660257,-0.730924,14.691634,134.127472,9.051528,0.017337,0.828546,0.200889,0.522355,-7.738791,87.124313,6.038189,0.139596,0.942294,-0.055845,0.299126,-1.281998,54.377842,-6.473304,0.003892,0.91926,-0.08774,0.383729,-14.613457,11.446539,-5.496161,-0.162024,0.757698,0.037711,0.631047,0.85485,86.464966,22.564226,0.069745,-0.573611,0.119387,-0.807374,11.303266,52.792931,27.816259,0.019893,0.840274,-0.052013,0.539295,6.23276,9.547964,39.038639,0.003892,0.91926,-0.08774,0.383729,-5.212221,3.185737,-14.184044,0.019893,0.840274,-0.052013,0.539295,18.330723,2.006169,33.666107
123,1.025,-0.026465,0.851,0.077739,0.518705,-3.420548,86.795258,14.292783,-0.01158,0.848395,0.096175,0.520424,-4.381055,94.333992,15.094081,-0.020535,0.847592,0.086966,0.523072,-6.474993,111.491051,17.736763,0.114597,0.919969,-0.050335,0.371473,-9.016402,131.372101,20.281216,0.117172,0.954017,-0.216644,0.170843,-4.178091,145.033127,18.833244,-0.009386,0.808099,0.107029,0.579166,-10.824327,125.269249,16.529297,0.305888,-0.410178,0.252659,-0.821188,-17.19743,127.37719,-1.644219,0.210978,-0.129079,-0.484562,-0.839063,-2.992608,109.724449,-15.405327,0.32706,-0.006735,-0.643315,-0.692194,8.608909,127.432358,-25.233114,-0.14478,0.892645,0.105913,0.41353,-7.458142,124.850906,23.160189,0.298938,0.893207,0.070343,-0.328434,4.477231,128.161423,38.057297,-0.011993,0.342263,0.508056,-0.790311,20.529793,115.229439,21.388662,0.143157,0.095025,0.659974,-0.731375,14.716232,134.134521,9.065641,0.017543,0.828206,0.200709,0.522957,-7.711979,87.12706,6.02705,0.139659,0.942118,-0.056054,0.299611,-1.265044,54.375935,-6.477355,0.004026,0.91931,-0.087742,0.383607,-14.60769,11.448312,-5.491218,-0.16205,0.757417,0.037601,0.631384,0.870883,86.463455,22.558516,0.069722,-0.57327,0.119433,-0.807612,11.313445,52.791439,27.822268,0.020078,0.840321,-0.051816,0.539233,6.233794,9.547153,39.043152,0.004026,0.91931,-0.087742,0.383607,-5.210769,3.185932,-14.182265,0.020078,0.840321,-0.051816,0.539233,18.330288,2.007008,33.665005
124,1.033333,-0.026334,0.850858,0.077668,0.518956,-3.399282,86.796211,14.283257,-0.011603,0.848308,0.096571,0.520494,-4.35776,94.335213,15.084404,-0.020418,0.847576,0.086925,0.523108,-6.460048,111.491951,17.738468,0.114993,0.919894,-0.050735,0.37148,-8.996712,131.373489,20.28392,0.116882,0.954001,-0.216987,0.170698,-4.144123,145.028778,18.829874,-0.009209,0.808342,0.106775,0.578877,-10.805919,125.271294,16.531546,0.306213,-0.410095,0.252813,-0.821061,-17.19212,127.377792,-1.637539,0.211386,-0.129424,-0.484189,-0.839122,-2.987793,109.714317,-15.385368,0.327231,-0.007211,-0.643093,-0.692314,8.626,127.402512,-25.232216,-0.144498,0.892705,0.105838,0.413518,-7.440224,124.851738,23.162609,0.299418,0.892873,0.070311,-0.328913,4.498694,128.154083,38.058685,-0.012865,0.342265,0.50884,-0.789792,20.519321,115.20591,21.371914,0.142483,0.094489,0.659646,-0.731872,14.741919,134.144913,9.075967,0.017567,0.828119,0.200411,0.523207,-7.685982,87.129845,6.015144,0.139812,0.942044,-0.0561,0.299763,-1.24784,54.370274,-6.471654,0.004,0.919341,-0.087701,0.383543,-14.60456,11.446964,-5.488005,-0.162067,0.757128,0.037468,0.631733,0.887417,86.462578,22.551371,0.069694,-0.573014,0.119469,-0.80779,11.322487,52.790237,27.827856,0.020024,0.840341,-0.051721,0.539213,6.235261,9.54637,39.046921,0.004,0.919341,-0.087701,0.383543,-5.208328,3.18575,-14.180907,0.020024,0.840341,-0.051721,0.539213,18.332901,2.009107,33.667313
125,1.041667,-0.025976,0.850473,0.07794,0.519563,-3.361194,86.811157,14.26152,-0.012131,0.848094,0.097467,0.520663,-4.317748,94.3498,15.068342,-0.020123,0.847574,0.08682,0.523141,-6.451778,111.494278,17.737671,0.11497,0.919839,-0.051131,0.371569,-8.976233,131.377045,20.285727,0.116869,0.953882,-0.217364,0.170893,-4.120014,145.029984,18.821686,-0.009086,0.808485,0.10654,0.578722,-10.789151,125.276443,16.53252,0.307512,-0.410899,0.252505,-0.820268,-17.182377,127.380875,-1.634333,0.212158,-0.128995,-0.483614,-0.839325,-3.004804,109.700073,-15.38752,0.32729,-0.007596,-0.642715,-0.692634,8.641381,127.37175,-25.231611,-0.14401,0.893008,0.105709,0.413067,-7.423798,124.853943,23.163572,0.299914,0.892552,0.070297,-0.329335,4.535018,128.14502,38.046177,-0.013421,0.341528,0.509531,-0.789656,20.525135,115.179779,21.343403,0.141912,0.093313,0.660353,-0.731497,14.75625,134.152039,9.088665,0.017857,0.82785,0.199673,0.523905,-7.636499,87.154167,5.987892,0.139915,0.941959,-0.056092,0.299985,-1.232747,54.374279,-6.463202,0.00406,0.919397,-0.087918,0.383357,-14.59798,11.45347,-5.486254,-0.16206,0.756865,0.037132,0.63207,0.914111,86.468155,22.535149,0.069693,-0.572675,0.119466,-0.808031,11.331508,52.793861,27.834106,0.020282,0.84053,-0.051602,0.538921,6.239716,9.549922,39.050831,0.00406,0.919397,-0.087918,0.383357,-5.207572,3.186405,-14.179884,0.020282,0.84053,-0.051602,0.538921,18.331322,2.011445,33.65937
126,1.05,-0.025479,0.850209,0.077986,0.520013,-3.334585,86.824478,14.244556,-0.012426,0.847912,0.098164,0.520821,-4.285468,94.363403,15.055431,-0.019882,0.84753,0.086912,0.523206,-6.441802,111.505936,17.739859,0.115148,0.919764,-0.051445,0.371657,-8.960132,131.388443,20.295937,0.116742,0.953744,-0.21802,0.170915,-4.095901,145.037918,18.826233,-0.00912,0.808612,0.106146,0.578616,-10.774597,125.290009,16.53998,0.307749,-0.410767,0.252878,-0.82013,-17.172548,127.384018,-1.62641,0.212387,-0.12953,-0.483343,-0.839341,-2.999249,109.685814,-15.361606,0.327537,-0.008412,-0.642401,-0.692799,8.653169,127.341339,-25.229692,-0.143388,0.89318,0.105543,0.412953,-7.410119,124.863647,23.171228,0.300471,0.89215,0.070327,-0.329908,4.559266,128.137283,38.049179,-0.013767,0.341059,0.510445,-0.789262,20.511623,115.154732,21.323755,0.141719,0.092177,0.660851,-0.731228,14.771464,134.155899,9.101727,0.018016,0.827332,0.199365,0.524833,-7.60165,87.176582,5.96706,0.140198,0.941781,-0.056245,0.300382,-1.204937,54.388351,-6.465665,0.004492,0.919269,-0.088461,0.383535,-14.598003,11.476207,-5.48927,-0.162127,0.756702,0.036836,0.632265,0.93248,86.472366,22.522053,0.069661,-0.572381,0.119444,-0.808245,11.338787,52.798061,27.842661,0.020328,0.840592,-0.051802,0.538803,6.242775,9.553253,39.054108,0.004492,0.919269,-0.088461,0.383535,-5.213046,3.192037,-14.172498,0.020328,0.840592,-0.051802,0.538803,18.330629,2.009614,33.661469
127,1.058333,-0.02549,0.850366,0.077475,0.519832,-3.324138,86.812149,14.251696,-0.012792,0.847896,0.098154,0.52084,-4.270949,94.35228,15.05609,-0.019409,0.847516,0.087003,0.523231,-6.439187,111.50383,17.734947,0.115183,0.919776,-0.051843,0.371561,-8.943331,131.386429,20.304081,0.116776,0.95369,-0.218336,0.17079,-4.07447,145.033112,18.823713,-0.00885,0.808777,0.105717,0.578468,-10.762236,125.291756,16.544201,0.307978,-0.410656,0.253175,-0.820009,-17.167025,127.383934,-1.619989,0.21252,-0.130075,-0.483049,-0.839392,-2.996828,109.67131,-15.33978,0.327332,-0.008801,-0.642076,-0.693191,8.662319,127.310432,-25.229675,-0.142853,0.893339,0.105115,0.412903,-7.397864,124.858665,23.175066,0.300862,0.891855,0.07069,-0.330271,4.579053,128.121735,38.049274,-0.013901,0.340336,0.51128,-0.789032,20.506256,115.133118,21.304596,0.141867,0.090986,0.661608,-0.730664,14.78321,134.16008,9.117265,0.018129,0.826564,0.200069,0.525771,-7.594698,87.158791,5.975771,0.140542,0.941499,-0.056717,0.301015,-1.163963,54.390865,-6.492898,0.009332,0.918666,-0.087927,0.385013,-14.598653,11.492231,-5.495249,-0.162093,0.756557,0.03679,0.632451,0.946423,86.465515,22.52762,0.069601,-0.572044,0.119488,-0.808482,11.347623,52.790173,27.851654,0.017698,0.840631,-0.052445,0.538772,6.240662,9.545547,39.058815,0.009332,0.918666,-0.087927,0.385013,-5.24696,3.170662,-14.178601,0.017698,0.840631,-0.052445,0.538772,18.354479,2.025979,33.690868
128,1.066667,-0.025439,0.850178,0.077475,0.520142,-3.296749,86.815201,14.244568,-0.012927,0.847812,0.098861,0.520841,-4.243199,94.355377,15.049037,-0.019449,0.847565,0.08669,0.523203,-6.429413,111.510765,17.747475,0.11526,0.919763,-0.052022,0.371545,-8.928213,131.395523,20.305239,0.117023,0.953596,-0.218676,0.170706,-4.055644,145.040436,18.82094,-0.008752,0.808985,0.105458,0.578227,-10.748991,125.29911,16.549047,0.308298,-0.410491,0.253475,-0.819878,-17.16465,127.387527,-1.611741,0.212635,-0.130721,-0.482769,-0.839424,-2.995339,109.659286,-15.312279,0.326936,-0.009081,-0.641598,-0.693817,8.668323,127.280617,-25.227243,-0.142437,0.893379,0.105334,0.412905,-7.384205,124.869026,23.179899,0.301482,0.891444,0.070864,-0.330779,4.597248,128.11438,38.054337,-0.014121,0.339879,0.512247,-0.788597,20.486828,115.107964,21.287743,0.141745,0.089865,0.662144,-0.730341,14.795639,134.162628,9.130469,0.018199,0.82646,0.199722,0.526064,-7.561339,87.1632,5.96562,0.140503,0.941431,-0.056807,0.301228,-1.1434,54.385578,-6.484149,0.002207,0.919865,-0.090272,0.381701,-14.57746,11.486876,-5.480904,-0.162089,0.75598,0.036718,0.633146,0.967842,86.467209,22.523516,0.069509,-0.571633,0.119518,-0.808777,11.360745,52.791405,27.860809,0.017716,0.840649,-0.052446,0.538744,6.241157,9.546271,39.060257,0.002207,0.919865,-0.090272,0.381701,-5.208733,3.183025,-14.162859,0.017716,0.840649,-0.052446,0.538744,18.354382,2.026405,33.69138
129,1.075,-0.025338,0.850044,0.077689,0.520334,-3.270079,86.820587,14.233918,-0.013181,0.847704,0.099383,0.520909,-4.217097,94.360336,15.041736,-0.019281,0.847554,0.086586,0.523244,-6.420963,111.515083,17.751171,0.116211,0.919513,-0.052793,0.371757,-8.911957,131.400818,20.308853,0.116199,0.953648,-0.218713,0.170931,-4.006489,145.033051,18.816257,-0.008465,0.809202,0.105057,0.578,-10.734965,125.305153,16.552544,0.309051,-0.410584,0.253659,-0.819491,-17.160973,127.392563,-1.604709,0.212952,-0.131122,-0.482496,-0.839438,-3.00065,109.643646,-15.287746,0.326674,-0.009546,-0.641195,-0.694307,8.672177,127.251366,-25.224506,-0.141912,0.893512,0.10514,0.412846,-7.370716,124.873695,23.18358,0.302107,0.891014,0.070773,-0.331387,4.618401,128.10498,38.05492,-0.014546,0.339404,0.513229,-0.788156,20.466667,115.076614,21.266268,0.141548,0.088702,0.662691,-0.730025,14.807543,134.162613,9.144645,0.018177,0.827282,0.198552,0.525216,-7.531044,87.1726,5.953271,0.1405,0.941591,-0.056236,0.30084,-1.168756,54.361713,-6.437296,0.001408,0.919921,-0.089595,0.381728,-14.587067,11.457104,-5.476568,-0.162087,0.755764,0.036439,0.63342,0.990886,86.468582,22.514566,0.069477,-0.571203,0.119499,-0.809086,11.369341,52.791298,27.870575,0.017604,0.840693,-0.052523,0.538672,6.243484,9.545365,39.064072,0.001408,0.919921,-0.089595,0.381728,-5.202984,3.177526,-14.165127,0.017604,0.840693,-0.052523,0.538672,18.356476,2.025406,33.694794
130,1.083333,-0.025087,0.849612,0.078052,0.520997,-3.231419,86.833572,14.21462,-0.013667,0.847509,0.100353,0.521029,-4.178677,94.372643,15.028377,-0.019062,0.8476,0.086357,0.523214,-6.414064,111.512863,17.755814,0.116487,0.919494,-0.053013,0.371687,-8.892681,131.400543,20.310488,0.116199,0.953638,-0.218889,0.170761,-3.978103,145.029129,18.81469,-0.008305,0.809371,0.104863,0.577801,-10.719858,125.305344,16.555429,0.309166,-0.410249,0.254127,-0.81947,-17.154894,127.392601,-1.598632,0.21297,-0.131822,-0.48242,-0.839367,-2.992609,109.626625,-15.257481,0.326472,-0.009938,-0.641043,-0.694537,8.674591,127.222023,-25.220469,-0.141361,0.893602,0.104866,0.41291,-7.355032,124.872955,23.18611,0.303042,0.890498,0.071634,-0.331734,4.638089,128.089752,38.057346,-0.01471,0.338798,0.514295,-0.787719,20.444117,115.041946,21.243999,0.140844,0.087705,0.6633,-0.729729,14.816936,134.158554,9.156365,0.018589,0.827292,0.197547,0.525564,-7.479749,87.194244,5.92786,0.140512,0.941569,-0.05607,0.300933,-1.174479,54.356049,-6.419438,0.001226,0.919931,-0.089432,0.381742,-14.589519,11.450068,-5.474373,-0.162101,0.755567,0.036035,0.633674,1.01691,86.4729,22.501379,0.0694,-0.570906,0.11947,-0.809307,11.376205,52.793823,27.883205,0.017682,0.840706,-0.052394,0.538661,6.244221,9.546304,39.067753,0.001226,0.919931,-0.089432,0.381742,-5.201725,3.176255,-14.164411,0.017682,0.840706,-0.052394,0.538661,18.357145,2.028044,33.695961
131,1.091667,-0.026432,0.849237,0.07874,0.521438,-3.168627,86.814095,14.20252,-0.01413,0.847362,0.10116,0.521099,-4.139219,94.350456,15.013874,-0.018902,0.847615,0.086239,0.523215,-6.407254,111.51506,17.761141,0.116558,0.919514,-0.053239,0.371584,-8.877875,131.403809,20.315203,0.116435,0.953591,-0.219126,0.170558,-3.959517,145.030396,18.813595,-0.008153,0.809608,0.104535,0.57753,-10.707617,125.309204,16.560431,0.309542,-0.410071,0.254405,-0.819331,-17.154848,127.3927,-1.589739,0.213305,-0.132288,-0.482248,-0.839308,-2.992331,109.611237,-15.228179,0.32655,-0.010421,-0.641059,-0.694479,8.677488,127.192856,-25.215435,-0.140961,0.893654,0.104908,0.412925,-7.342709,124.875725,23.190998,0.303707,0.890101,0.072102,-0.332089,4.654316,128.078217,38.062172,-0.014788,0.338337,0.515201,-0.787323,20.426455,115.014992,21.228991,0.14059,0.086698,0.663847,-0.729401,14.828449,134.155655,9.167398,0.019043,0.827104,0.197498,0.525862,-7.407092,87.16098,5.910121,0.140957,0.941232,-0.056662,0.301666,-1.12604,54.322613,-6.449053,0.001146,0.919928,-0.089007,0.381849,-14.594305,11.433917,-5.476898,-0.161875,0.755378,0.035543,0.633985,1.069837,86.467209,22.494919,0.06935,-0.570343,0.119541,-0.809697,11.393372,52.780415,27.897099,0.01708,0.840863,-0.052362,0.538439,6.245955,9.533795,39.078053,0.001146,0.919928,-0.089007,0.381849,-5.200859,3.170965,-14.171158,0.01708,0.840863,-0.052362,0.538439,18.363379,2.024944,33.703243
132,1.1,-0.026259,0.84888,0.079001,0.521989,-3.133759,86.824509,14.189341,-0.014522,0.847255,0.102045,0.52109,-4.104698,94.36039,15.004809,-0.018804,0.847748,0.085725,0.523087,-6.39878,111.505745,17.768803,0.116095,0.919629,-0.053032,0.371473,-8.854855,131.398209,20.307869,0.117016,0.953475,-0.219348,0.170523,-3.950823,145.029922,18.805855,-0.007824,0.809964,0.10444,0.577053,-10.690104,125.301888,16.558607,0.309961,-0.409798,0.254655,-0.819232,-17.158911,127.391518,-1.58318,0.213899,-0.132732,-0.481889,-0.839292,-2.991259,109.595917,-15.197834,0.326503,-0.010703,-0.641571,-0.694023,8.689073,127.154816,-25.212128,-0.14059,0.893639,0.104508,0.413184,-7.32315,124.871376,23.18833,0.304337,0.889709,0.072278,-0.332526,4.669628,128.066284,38.06456,-0.014965,0.337943,0.516178,-0.786848,20.406105,114.984444,21.212465,0.140455,0.085544,0.664461,-0.729003,14.842348,134.153214,9.177039,0.019301,0.826884,0.196973,0.526396,-7.361686,87.177666,5.891828,0.141115,0.941303,-0.056717,0.30136,-1.107717,54.32526,-6.443748,0.00131,0.919975,-0.089101,0.381715,-14.590198,11.441135,-5.466988,-0.161828,0.75508,0.035281,0.634367,1.094168,86.471359,22.486855,0.069304,-0.569992,0.11952,-0.809951,11.400825,52.782154,27.906191,0.016601,0.840954,-0.052818,0.538266,6.247673,9.534523,39.080582,0.00131,0.919975,-0.089101,0.381715,-5.202224,3.174107,-14.16328,0.016601,0.840954,-0.052818,0.538266,18.364893,2.022484,33.70977
133,1.108333,-0.02632,0.848637,0.079155,0.522358,-3.094751,86.826927,14.178799,-0.013902,0.847042,0.102775,0.521309,-4.068055,94.362381,14.995331,-0.019829,0.847512,0.085493,0.52347,-6.355244,111.484337,17.78837,0.115711,0.919559,-0.053596,0.371685,-8.842653,131.376816,20.296705,0.117455,0.953482,-0.218985,0.170654,-3.94223,145.007889,18.777214,-0.00729,0.810399,0.104643,0.576412,-10.66508,125.27256,16.554068,0.308529,-0.40844,0.255516,-0.820182,-17.162842,127.380775,-1.575223,0.213691,-0.133862,-0.482016,-0.839094,-2.959538,109.588264,-15.15672,0.327127,-0.010615,-0.641637,-0.693669,8.692988,127.125534,-25.203667,-0.140209,0.893669,0.103923,0.413397,-7.304688,124.856255,23.188028,0.30482,0.889358,0.072586,-0.332955,4.685411,128.046661,38.06739,-0.015128,0.337509,0.51704,-0.786466,20.391127,114.954803,21.194395,0.140322,0.084496,0.665031,-0.728631,14.854984,134.149078,9.184958,0.019585,0.826622,0.196624,0.526926,-7.315443,87.181267,5.877653,0.141129,0.941008,-0.056871,0.302244,-1.08349,54.319847,-6.445039,0.001408,0.920107,-0.089064,0.381404,-14.572093,11.437643,-5.468334,-0.161725,0.754641,0.035022,0.63493,1.12594,86.47258,22.479946,0.069303,-0.569525,0.11957,-0.810273,11.411675,52.779697,27.916176,0.022841,0.840568,-0.05046,0.538868,6.248446,9.533116,39.089977,0.001408,0.920107,-0.089064,0.381404,-5.191533,3.170129,-14.172167,0.022841,0.840568,-0.05046,0.538868,18.317812,1.98281,33.66534
134,1.116667,-0.024464,0.848609,0.078275,0.522626,-3.107227,86.857239,14.174225,-0.014202,0.846956,0.103412,0.521316,-4.049745,94.396248,14.994023,-0.019569,0.847591,0.085371,0.523372,-6.354128,111.488914,17.796179,0.116004,0.919539,-0.053762,0.371618,-8.829769,131.382645,20.306198,0.117584,0.953416,-0.219267,0.170567,-3.920338,145.0103,18.785137,-0.007342,0.810597,0.104349,0.576186,-10.656665,125.279594,16.563793,0.30928,-0.408472,0.25551,-0.819885,-17.164495,127.378654,-1.562941,0.214625,-0.134014,-0.481754,-0.838981,-2.962443,109.573654,-15.129354,0.327816,-0.010874,-0.641782,-0.693206,8.69806,127.087936,-25.198292,-0.139782,0.893843,0.103702,0.413222,-7.294588,124.861084,23.19676,0.30549,0.888983,0.072892,-0.333274,4.70577,128.041885,38.069901,-0.014992,0.337035,0.517886,-0.786115,20.37854,114.931107,21.180965,0.140372,0.08349,0.665652,-0.728171,14.868864,134.143402,9.193041,0.019397,0.826212,0.196194,0.527735,-7.324448,87.232773,5.872247,0.141055,0.941062,-0.056423,0.302195,-1.08567,54.358799,-6.413446,0.003111,0.919981,-0.089774,0.381531,-14.556275,11.47016,-5.471777,-0.161985,0.754238,0.035156,0.635334,1.109995,86.481705,22.476202,0.069328,-0.569128,0.11947,-0.810564,11.412196,52.795513,27.922647,0.023059,0.840517,-0.050722,0.538913,6.251952,9.547099,39.090736,0.003111,0.919981,-0.089774,0.381531,-5.200488,3.168161,-14.169449,0.023059,0.840517,-0.050722,0.538913,18.3172,1.98784,33.669411
135,1.125,-0.024389,0.848382,0.078388,0.52298,-3.075254,86.863945,14.165285,-0.01453,0.846864,0.104163,0.521307,-4.018048,94.40274,14.986746,-0.019517,0.847648,0.085285,0.523295,-6.346144,111.49247,17.805277,0.116423,0.919499,-0.054124,0.371534,-8.81797,131.386871,20.313717,0.117637,0.953403,-0.219421,0.170408,-3.89436,145.008804,18.787207,-0.007361,0.810796,0.104103,0.575949,-10.646618,125.283745,16.572302,0.309631,-0.408213,0.255756,-0.819804,-17.164993,127.375687,-1.551472,0.21532,-0.134203,-0.481852,-0.838717,-2.958399,109.557686,-15.096071,0.328999,-0.011399,-0.641978,-0.692455,8.696141,127.064804,-25.188065,-0.139275,0.89399,0.103334,0.413167,-7.283314,124.865364,23.204655,0.306123,0.888615,0.073198,-0.333607,4.724266,128.035522,38.074242,-0.01474,0.336573,0.518718,-0.785769,20.364738,114.9076,21.16869,0.140582,0.082483,0.66627,-0.727679,14.880839,134.13739,9.197773,0.01964,0.82634,0.195507,0.527783,-7.285646,87.242386,5.859972,0.141115,0.940971,-0.056315,0.302471,-1.086587,54.349888,-6.396229,0.003087,0.919969,-0.089444,0.381638,-14.559518,11.461658,-5.46927,-0.162018,0.753847,0.035083,0.635795,1.135138,86.485512,22.470598,0.069445,-0.568592,0.11954,-0.81092,11.432384,52.799694,27.92877,0.021011,0.8412,-0.051634,0.537844,6.265868,9.554235,39.105381,0.003087,0.919969,-0.089444,0.381638,-5.199337,3.16771,-14.169892,0.021011,0.8412,-0.051634,0.537844,18.334011,2.004067,33.677826
136,1.133333,-0.024172,0.848177,0.078578,0.523294,-3.042899,86.869934,14.151108,-0.01573,0.846787,0.105111,0.521206,-3.984703,94.408432,14.976406,-0.018639,0.847862,0.085381,0.522966,-6.36978,111.523125,17.806387,0.116745,0.919546,-0.054728,0.37123,-8.812573,131.418228,20.337646,0.11801,0.953282,-0.219808,0.170326,-3.875564,145.033691,18.796854,-0.007936,0.810725,0.103451,0.576159,-10.652905,125.321411,16.591658,0.309949,-0.407924,0.256298,-0.819659,-17.161568,127.381599,-1.539236,0.215971,-0.134721,-0.481704,-0.838551,-2.957171,109.539886,-15.054889,0.330104,-0.012458,-0.642089,-0.691808,8.698213,127.029289,-25.179859,-0.138298,0.894581,0.102297,0.412473,-7.283963,124.891685,23.220421,0.307118,0.888169,0.072961,-0.333931,4.756343,128.050522,38.065933,-0.014709,0.336125,0.519529,-0.785425,20.35297,114.880028,21.152988,0.140691,0.081786,0.666633,-0.727404,14.894424,134.129883,9.204024,0.019925,0.826214,0.194872,0.528203,-7.247367,87.254204,5.843065,0.141173,0.940742,-0.056367,0.303148,-1.082984,54.344833,-6.38529,0.003034,0.919985,-0.089263,0.381641,-14.56275,11.458603,-5.465301,-0.161984,0.753642,0.034714,0.636066,1.161569,86.485657,22.459152,0.069392,-0.568098,0.119446,-0.811284,11.438572,52.797222,27.939234,0.020976,0.841137,-0.051517,0.537954,6.269211,9.549082,39.104156,0.003034,0.919985,-0.089263,0.381641,-5.200745,3.16943,-14.168507,0.020976,0.841137,-0.051517,0.537954,18.340206,2.002069,33.678558
137,1.141667,-0.023985,0.847951,0.07861,0.523665,-3.00988,86.876129,14.141864,-0.016109,0.846577,0.105955,0.521364,-3.949868,94.414696,14.968665,-0.018779,0.847784,0.085202,0.523116,-6.362576,111.526199,17.816471,0.116878,0.919489,-0.055004,0.371287,-8.806874,131.422318,20.338287,0.118479,0.953203,-0.21995,0.170264,-3.863489,145.034866,18.792156,-0.007772,0.810984,0.1033,0.575824,-10.645657,125.323845,16.594242,0.31085,-0.407616,0.256482,-0.819413,-17.169397,127.384422,-1.531193,0.216705,-0.13522,-0.481458,-0.838423,-2.95669,109.523651,-15.01289,0.329786,-0.01244,-0.642307,-0.691757,8.703431,126.990761,-25.170528,-0.137845,0.894695,0.10251,0.412325,-7.279128,124.897064,23.224426,0.307561,0.8879,0.073176,-0.334193,4.770757,128.037994,38.065971,-0.014705,0.335809,0.520174,-0.785134,20.343689,114.855873,21.140249,0.1406,0.081127,0.66741,-0.726783,14.906756,134.121094,9.208332,0.020009,0.825996,0.194602,0.52864,-7.207286,87.26432,5.83043,0.14149,0.940835,-0.056366,0.30271,-1.051631,54.347694,-6.382802,0.003202,0.919985,-0.089572,0.381569,-14.557203,11.469519,-5.46552,-0.161879,0.754301,0.034178,0.63534,1.187527,86.487946,22.453297,0.069445,-0.567633,0.119381,-0.811615,11.440456,52.794456,27.947426,0.02151,0.841057,-0.051154,0.538092,6.272113,9.545586,39.109974,0.003202,0.919985,-0.089572,0.381569,-5.20075,3.171289,-14.166067,0.02151,0.841057,-0.051154,0.538092,18.341465,1.998929,33.680229
138,1.15,-0.025628,0.847528,0.079569,0.524126,-2.924805,86.855431,14.127831,-0.016811,0.846454,0.107032,0.521322,-3.894157,94.390427,14.953221,-0.018788,0.847873,0.08515,0.52298,-6.352456,111.530304,17.825947,0.116879,0.919629,-0.05475,0.370977,-8.795526,131.426773,20.346174,0.119175,0.953102,-0.22048,0.169656,-3.855612,145.041092,18.804583,-0.007639,0.811356,0.102921,0.57537,-10.63563,125.327888,16.603443,0.311334,-0.407129,0.256766,-0.819383,-17.179684,127.382233,-1.515369,0.217275,-0.135935,-0.48135,-0.838222,-2.953637,109.507141,-14.963987,0.330226,-0.013238,-0.642277,-0.691561,8.702168,126.954475,-25.159937,-0.137794,0.894711,0.102757,0.412245,-7.267,124.901817,23.232599,0.308159,0.887567,0.073387,-0.33448,4.785977,128.03743,38.072754,-0.014304,0.335364,0.520883,-0.784862,20.329206,114.837418,21.133682,0.141078,0.080637,0.668422,-0.725814,14.912893,134.114868,9.213449,0.020837,0.826218,0.194035,0.52847,-7.111677,87.227905,5.810371,0.141718,0.940272,-0.057026,0.304224,-1.028821,54.297974,-6.40345,0.0024,0.920034,-0.088602,0.381683,-14.572226,11.432335,-5.458646,-0.161554,0.75431,0.033628,0.635441,1.262068,86.482956,22.445292,0.069194,-0.567612,0.119787,-0.811591,11.472922,52.779312,27.955446,0.02348,0.840702,-0.050013,0.538672,6.262239,9.536043,39.120018,0.0024,0.920034,-0.088602,0.381683,-5.196938,3.165327,-14.168635,0.02348,0.840702,-0.050013,0.538672,18.324909,1.986372,33.679634
139,1.158333,-0.025547,0.847368,0.079606,0.524383,-2.886528,86.869469,14.11776,-0.017367,0.846317,0.10799,0.521329,-3.85538,94.404442,14.943986,-0.018753,0.847893,0.085123,0.522953,-6.347664,111.536636,17.834501,0.117116,0.919558,-0.055194,0.371012,-8.788913,131.433334,20.354633,0.11938,0.953014,-0.220656,0.169778,-3.838362,145.042801,18.804296,-0.007792,0.811652,0.102504,0.575025,-10.629788,125.334549,16.612116,0.311939,-0.406845,0.256907,-0.81925,-17.189135,127.37336,-1.50293,0.21788,-0.136279,-0.48126,-0.83806,-2.954672,109.485588,-14.925756,0.330612,-0.013684,-0.64224,-0.691402,8.700049,126.917419,-25.146172,-0.13729,0.894903,0.102582,0.412041,-7.260719,124.908302,23.241039,0.308858,0.887205,0.073752,-0.334718,4.80415,128.031067,38.074242,-0.014206,0.334891,0.52183,-0.784436,20.316101,114.811539,21.121723,0.141692,0.08029,0.669161,-0.725052,14.930184,134.114319,9.22182,0.021116,0.826092,0.193522,0.528844,-7.06846,87.244049,5.797905,0.141861,0.940161,-0.057036,0.304499,-1.016003,54.300804,-6.395101,0.002714,0.919985,-0.088635,0.38179,-14.571759,11.438912,-5.457438,-0.161327,0.754156,0.033128,0.635708,1.295404,86.494896,22.437614,0.069096,-0.56747,0.119608,-0.811725,11.470278,52.783661,27.96784,0.023564,0.840607,-0.050003,0.538818,6.265332,9.535321,39.115437,0.002714,0.919985,-0.088635,0.38179,-5.19876,3.167936,-14.166125,0.023564,0.840607,-0.050003,0.538818,18.329039,1.984683,33.678688
140,1.166667,-0.023876,0.847283,0.079051,0.524683,-2.887866,86.903625,14.107245,-0.01765,0.84619,0.108814,0.521355,-3.830968,94.441208,14.939451,-0.018711,0.847932,0.085051,0.522903,-6.343207,111.542557,17.844641,0.117392,0.919558,-0.055295,0.370911,-8.781343,131.439819,20.36339,0.119684,0.952954,-0.220935,0.169535,-3.822996,145.046402,18.812746,-0.007708,0.812094,0.10183,0.574521,-10.623559,125.340973,16.621634,0.312434,-0.406395,0.257163,-0.819204,-17.205391,127.365288,-1.486877,0.218547,-0.136591,-0.481282,-0.837823,-2.958538,109.46376,-14.878182,0.331426,-0.014373,-0.642343,-0.690902,8.691978,126.884842,-25.125149,-0.136928,0.894981,0.102626,0.411981,-7.253688,124.91481,23.250156,0.309155,0.886963,0.0737,-0.335095,4.816927,128.024979,38.081326,-0.014008,0.334842,0.522308,-0.784142,20.305717,114.795975,21.11504,0.141495,0.079349,0.669679,-0.724716,14.941875,134.104782,9.217785,0.021131,0.825546,0.192877,0.529929,-7.065464,87.299637,5.786207,0.141784,0.940163,-0.056647,0.3046,-1.022517,54.338646,-6.363483,0.003427,0.919954,-0.089358,0.38169,-14.561717,11.470827,-5.457892,-0.161541,0.754031,0.033072,0.635805,1.289733,86.507622,22.428284,0.069081,-0.567561,0.119601,-0.811664,11.472336,52.801025,27.972588,0.023828,0.840618,-0.050365,0.538755,6.26838,9.552341,39.119324,0.003427,0.919954,-0.089358,0.38169,-5.204655,3.175328,-14.160389,0.023828,0.840618,-0.050365,0.538755,18.325153,1.989841,33.683678
141,1.175,-0.025405,0.846884,0.07965,0.525164,-2.812562,86.888573,14.096786,-0.018164,0.845985,0.109899,0.521442,-3.780689,94.423546,14.923817,-0.018729,0.847901,0.085032,0.522956,-6.333484,111.5513,17.857018,0.117723,0.919509,-0.055514,0.370894,-8.771998,131.448669,20.374582,0.119865,0.952899,-0.221224,0.169341,-3.802981,145.051117,18.821712,-0.007634,0.812441,0.101929,0.574014,-10.613724,125.34964,16.632862,0.313991,-0.406307,0.257194,-0.818643,-17.218166,127.376381,-1.46714,0.220065,-0.136347,-0.481186,-0.837521,-2.968338,109.449127,-14.82079,0.332142,-0.014039,-0.64274,-0.690195,8.697779,126.864647,-25.09656,-0.136522,0.895152,0.102063,0.411884,-7.244686,124.92379,23.261827,0.309771,0.886643,0.073989,-0.335309,4.83334,128.030151,38.087757,-0.013621,0.334696,0.522951,-0.783782,20.294306,114.783394,21.109938,0.141576,0.078609,0.669909,-0.724568,14.957818,134.098862,9.215824,0.02182,0.825712,0.192554,0.529761,-6.979337,87.267197,5.769516,0.14208,0.939848,-0.057248,0.305323,-0.991692,54.299438,-6.389198,0.002782,0.919993,-0.088669,0.381764,-14.572043,11.445329,-5.451752,-0.161076,0.753985,0.032425,0.636011,1.354214,86.509941,22.424055,0.069124,-0.567425,0.119588,-0.811757,11.482477,52.789654,27.984554,0.021986,0.841186,-0.050509,0.537932,6.279795,9.541234,39.132915,0.002782,0.919993,-0.088669,0.381764,-5.200714,3.172809,-14.160768,0.021986,0.841186,-0.050509,0.537932,18.346455,2.001946,33.686974
142,1.183333,-0.025721,0.846776,0.07985,0.525294,-2.767562,86.897255,14.087777,-0.018821,0.845866,0.110858,0.52141,-3.741507,94.431496,14.914675,-0.018723,0.847919,0.084998,0.522932,-6.332687,111.56089,17.865612,0.118125,0.919394,-0.056042,0.370971,-8.770219,131.458496,20.382227,0.119996,0.952816,-0.221377,0.169511,-3.78533,145.054123,18.820532,-0.007522,0.812737,0.101649,0.573646,-10.612425,125.35936,16.640953,0.314802,-0.405886,0.257728,-0.818372,-17.233288,127.381874,-1.453529,0.220818,-0.137039,-0.480762,-0.837453,-2.979939,109.42466,-14.763127,0.332297,-0.014518,-0.642223,-0.690592,8.691941,126.803574,-25.074173,-0.136101,0.895302,0.101981,0.411716,-7.243005,124.933716,23.269741,0.310209,0.88637,0.074069,-0.335608,4.844819,128.028244,38.090168,-0.013428,0.334484,0.523609,-0.783437,20.280746,114.767982,21.100115,0.141898,0.077941,0.670391,-0.724132,14.969309,134.097534,9.213854,0.022312,0.825016,0.192567,0.530819,-6.931511,87.273094,5.758964,0.142341,0.939541,-0.057723,0.306055,-0.956684,54.307247,-6.41123,0.004628,0.919603,-0.087932,0.382853,-14.571998,11.464718,-5.451817,-0.160745,0.75355,0.032061,0.636629,1.396387,86.521416,22.416588,0.06902,-0.567173,0.119597,-0.811941,11.486784,52.791859,27.989704,0.021833,0.84091,-0.050641,0.538357,6.274557,9.542337,39.129314,0.004628,0.919603,-0.087932,0.382853,-5.199606,3.190841,-14.158403,0.021833,0.84091,-0.050641,0.538357,18.34771,2.002467,33.698593
143,1.191667,-0.025723,0.846381,0.080124,0.525887,-2.722136,86.920479,14.070898,-0.019481,0.845644,0.112019,0.521496,-3.698875,94.454041,14.900621,-0.01862,0.847939,0.085019,0.5229,-6.330956,111.572159,17.872787,0.118471,0.919325,-0.056255,0.371,-8.76529,131.469772,20.392361,0.120126,0.952723,-0.221701,0.169523,-3.769278,145.061142,18.82909,-0.007343,0.813109,0.101232,0.573194,-10.608757,125.371422,16.650425,0.314746,-0.405042,0.258264,-0.818642,-17.249811,127.388405,-1.437274,0.221684,-0.137205,-0.480702,-0.837232,-2.974832,109.41954,-14.707897,0.333508,-0.014794,-0.643024,-0.689256,8.6972,126.783264,-25.042456,-0.135643,0.89543,0.101868,0.411618,-7.238775,124.944374,23.278837,0.310425,0.88618,0.0742,-0.33588,4.857005,128.025848,38.095493,-0.013177,0.334303,0.524048,-0.783225,20.276134,114.761948,21.093025,0.142067,0.077139,0.670699,-0.723899,14.980822,134.097015,9.211629,0.022625,0.825394,0.191386,0.530645,-6.874457,87.300049,5.736452,0.142338,0.939502,-0.057413,0.306235,-0.965703,54.302895,-6.381024,0.004321,0.919636,-0.087767,0.382815,-14.572674,11.457086,-5.450223,-0.16039,0.75352,0.031451,0.636783,1.430184,86.540901,22.405344,0.069164,-0.566742,0.119287,-0.812275,11.473798,52.800442,27.996944,0.022099,0.841036,-0.050514,0.538162,6.285287,9.54605,39.128731,0.004321,0.919636,-0.087767,0.382815,-5.195892,3.190292,-14.158815,0.022099,0.841036,-0.050514,0.538162,18.353649,2.005094,33.688873
144,1.2,-0.023993,0.846362,0.079505,0.526094,-2.720641,86.971558,14.058518,-0.019946,0.845474,0.113027,0.521536,-3.670272,94.50795,14.894032,-0.018567,0.847935,0.085042,0.522905,-6.329367,111.583351,17.881008,0.118781,0.919265,-0.056376,0.371032,-8.762413,131.480881,20.402485,0.120325,0.952634,-0.222,0.16949,-3.757137,145.068893,18.839668,-0.007107,0.813483,0.100806,0.572742,-10.606258,125.383018,16.659954,0.315367,-0.404618,0.258729,-0.818466,-17.267513,127.396103,-1.420742,0.222616,-0.137369,-0.480332,-0.83717,-2.987064,109.403229,-14.652881,0.334149,-0.015191,-0.643166,-0.688804,8.69932,126.743225,-25.010363,-0.135289,0.895543,0.101784,0.411509,-7.236339,124.955116,23.28834,0.310637,0.886015,0.074323,-0.336093,4.866618,128.026688,38.101177,-0.013086,0.334225,0.524447,-0.782993,20.271191,114.758614,21.088789,0.142171,0.076638,0.670816,-0.723823,14.993093,134.100616,9.212207,0.022915,0.823651,0.191475,0.533302,-6.870502,87.372658,5.723857,0.142316,0.93932,-0.057611,0.306767,-0.936379,54.378857,-6.390361,0.006024,0.919571,-0.089515,0.382543,-14.547327,11.534518,-5.449927,-0.160328,0.753374,0.031129,0.636988,1.429221,86.57045,22.393179,0.069154,-0.566574,0.119026,-0.812431,11.453665,52.827133,28.001919,0.024402,0.84045,-0.050256,0.539002,6.28102,9.56704,39.118908,0.006024,0.919571,-0.089515,0.382543,-5.209492,3.208725,-14.144139,0.024402,0.84045,-0.050256,0.539002,18.335094,1.998734,33.685364
145,1.208333,-0.023871,0.846146,0.079636,0.526427,-2.685057,86.993828,14.044126,-0.020453,0.84529,0.114015,0.521601,-3.634496,94.529984,14.881933,-0.0185,0.847912,0.085158,0.522925,-6.326777,111.596451,17.888046,0.119212,0.919158,-0.056645,0.371118,-8.760008,131.493301,20.414829,0.120427,0.952551,-0.22224,0.169571,-3.740685,145.075912,18.850313,-0.007084,0.813797,0.100826,0.572291,-10.603677,125.396431,16.670568,0.316977,-0.404648,0.258919,-0.817769,-17.284948,127.408859,-1.402812,0.224071,-0.137236,-0.479863,-0.837072,-3.011015,109.382248,-14.596006,0.334715,-0.015546,-0.643329,-0.688369,8.702448,126.700233,-24.979261,-0.135073,0.895696,0.101885,0.411223,-7.234024,124.966743,23.298973,0.310638,0.885971,0.074483,-0.336171,4.880329,128.031143,38.103977,-0.01304,0.334235,0.524515,-0.782944,20.282084,114.766884,21.086061,0.141893,0.07622,0.670734,-0.723997,15.008584,134.105896,9.211002,0.023074,0.824133,0.190192,0.533009,-6.828493,87.398735,5.706454,0.142329,0.939367,-0.057062,0.306718,-0.957185,54.370544,-6.344518,0.006706,0.919358,-0.088485,0.383285,-14.554455,11.520886,-5.450011,-0.160107,0.753289,0.030771,0.637162,1.458379,86.588921,22.381798,0.069322,-0.566513,0.119044,-0.812457,11.454113,52.838982,28.001917,0.023318,0.840766,-0.050741,0.538511,6.28804,9.58136,39.13158,0.006706,0.919358,-0.088485,0.383285,-5.204968,3.212553,-14.148404,0.023318,0.840766,-0.050741,0.538511,18.344637,2.01784,33.696972
146,1.216667,-0.024009,0.845934,0.080012,0.526704,-2.636641,87.016182,14.029105,-0.020918,0.845052,0.114964,0.521759,-3.591138,94.551331,14.870307,-0.018674,0.847763,0.085583,0.523092,-6.317128,111.622704,17.897324,0.119615,0.919069,-0.056938,0.371164,-8.765784,131.516342,20.43434,0.120816,0.952453,-0.22257,0.16941,-3.733031,145.093674,18.86693,-0.007122,0.814095,0.100352,0.571952,-10.603379,125.420296,16.685768,0.317994,-0.404503,0.259121,-0.817382,-17.299696,127.419601,-1.3835,0.225209,-0.137076,-0.479528,-0.836985,-3.025094,109.370171,-14.544736,0.33552,-0.015647,-0.643036,-0.688249,8.704231,126.665787,-24.942127,-0.134732,0.895902,0.10197,0.410864,-7.236424,124.98925,23.315453,0.310875,0.88582,0.074632,-0.336318,4.892934,128.042953,38.110386,-0.013032,0.334316,0.524864,-0.782676,20.28166,114.773285,21.08489,0.141638,0.075801,0.670805,-0.724026,15.027814,134.118118,9.211239,0.0235,0.823906,0.189524,0.533579,-6.774522,87.423119,5.688772,0.142399,0.939166,-0.057122,0.307289,-0.945555,54.378265,-6.337029,0.006719,0.919378,-0.088714,0.383182,-14.550779,11.531019,-5.447708,-0.159692,0.753257,0.030079,0.637336,1.501239,86.609253,22.369438,0.069346,-0.566044,0.118773,-0.812821,11.443293,52.846844,28.009874,0.020982,0.84082,-0.051692,0.538433,6.291486,9.583712,39.12471,0.006719,0.919378,-0.088714,0.383182,-5.204888,3.217116,-14.144643,0.020982,0.84082,-0.051692,0.538433,18.367439,2.032901,33.715458
147,1.225,-0.024012,0.845721,0.080102,0.527032,-2.602029,87.034737,14.017383,-0.021381,0.844916,0.11571,0.521796,-3.557619,94.569656,14.859337,-0.018695,0.84776,0.085806,0.523058,-6.311828,111.639191,17.900303,0.119928,0.918988,-0.057143,0.371233,-8.765776,131.531265,20.444546,0.120986,0.952367,-0.222727,0.169562,-3.722727,145.104599,18.875687,-0.006959,0.814445,0.100057,0.571506,-10.601924,125.436043,16.693913,0.317209,-0.403503,0.260359,-0.817788,-17.318075,127.432129,-1.368348,0.225471,-0.137693,-0.479165,-0.837021,-3.034747,109.357109,-14.484914,0.336548,-0.01623,-0.64297,-0.687795,8.699557,126.626244,-24.905735,-0.134479,0.895976,0.101978,0.410784,-7.234459,125.003555,23.323246,0.31111,0.885623,0.07459,-0.336627,4.900094,128.049026,38.115616,-0.013412,0.334503,0.525271,-0.782316,20.270018,114.772057,21.078842,0.141033,0.075501,0.670863,-0.724121,15.041466,134.130615,9.212509,0.023807,0.823689,0.188971,0.534097,-6.733464,87.443085,5.673924,0.142458,0.938982,-0.057194,0.30781,-0.936243,54.38435,-6.32904,0.006774,0.919411,-0.088873,0.383065,-14.54872,11.539346,-5.442905,-0.159503,0.753102,0.029743,0.637582,1.529406,86.626396,22.36084,0.069483,-0.565872,0.118733,-0.812935,11.444798,52.858257,28.013901,0.024048,0.840887,-0.050721,0.538291,6.300544,9.595982,39.135563,0.006774,0.919411,-0.088873,0.383065,-5.206879,3.221064,-14.140004,0.024048,0.840887,-0.050721,0.538291,18.345566,2.022289,33.689461
148,1.233333,-0.024109,0.845585,0.079992,0.527263,-2.570792,87.04631,14.010474,-0.021755,0.84481,0.116315,0.521818,-3.526985,94.581429,14.849978,-0.018759,0.847741,0.086113,0.523037,-6.305238,111.656784,17.903608,0.120068,0.918972,-0.057192,0.37122,-8.767767,131.546631,20.456938,0.121306,0.952282,-0.222929,0.169546,-3.720675,145.118469,18.88826,-0.006953,0.814738,0.100185,0.571066,-10.601333,125.452332,16.70356,0.318268,-0.403365,0.260718,-0.817331,-17.336964,127.449646,-1.351316,0.226292,-0.137903,-0.478641,-0.837065,-3.057596,109.345093,-14.431417,0.336481,-0.015863,-0.641807,-0.688921,8.692949,126.580643,-24.869514,-0.13428,0.896073,0.102057,0.410617,-7.233576,125.018272,23.332647,0.310933,0.885649,0.07476,-0.336686,4.90835,128.056778,38.120399,-0.013513,0.334469,0.525276,-0.782325,20.28203,114.790962,21.078318,0.140746,0.075198,0.671019,-0.724065,15.053427,134.148819,9.217233,0.024403,0.82242,0.189101,0.535976,-6.697599,87.452461,5.664618,0.142591,0.938485,-0.057847,0.309141,-0.902874,54.399265,-6.35481,0.007479,0.919378,-0.08917,0.383063,-14.545218,11.564427,-5.436864,-0.159251,0.753118,0.029334,0.637646,1.556016,86.640167,22.356331,0.06941,-0.565702,0.118627,-0.813075,11.439625,52.864586,28.020561,0.021342,0.840829,-0.051968,0.538377,6.296867,9.599143,39.130585,0.007479,0.919378,-0.08917,0.383063,-5.214814,3.231811,-14.132525,0.021342,0.840829,-0.051968,0.538377,18.36552,2.036955,33.720932
149,1.241667,-0.024193,0.845232,0.080689,0.527719,-2.525338,87.073402,13.988495,-0.02226,0.844622,0.117245,0.521892,-3.488662,94.60675,14.835721,-0.018743,0.847733,0.086333,0.523014,-6.298797,111.671738,17.906517,0.120361,0.91894,-0.057149,0.371209,-8.765377,131.560059,20.467728,0.121412,0.95225,-0.223065,0.169471,-3.711202,145.129761,18.903288,-0.006639,0.815143,0.099602,0.570594,-10.597827,125.466835,16.712046,0.31847,-0.402896,0.261503,-0.817232,-17.354513,127.459244,-1.335502,0.226734,-0.138189,-0.478217,-0.83714,-3.076871,109.3256,-14.377141,0.336737,-0.015934,-0.641276,-0.689289,8.690138,126.542221,-24.83342,-0.134142,0.896149,0.102136,0.410478,-7.229699,125.030914,23.340818,0.310977,0.885549,0.074594,-0.336945,4.918087,128.064285,38.124805,-0.013809,0.334418,0.525601,-0.782124,20.281075,114.796135,21.0749,0.140752,0.074696,0.670938,-0.72419,15.066012,134.168365,9.224483,0.024802,0.822159,0.188066,0.536723,-6.6431,87.485916,5.638485,0.142677,0.938371,-0.057737,0.309466,-0.900813,54.406311,-6.333339,0.007499,0.919352,-0.089298,0.383093,-14.547568,11.572528,-5.431831,-0.158975,0.752936,0.028791,0.637954,1.592425,86.660889,22.338503,0.069556,-0.56505,0.118485,-0.813536,11.435047,52.876789,28.02322,0.021873,0.840793,-0.051983,0.538411,6.301096,9.61014,39.132629,0.007499,0.919352,-0.089298,0.383093,-5.217586,3.236727,-14.124886,0.021873,0.840793,-0.051983,0.538411,18.363705,2.039944,33.720703
150,1.25,-0.024335,0.845035,0.080923,0.527992,-2.487758,87.090187,13.974407,-0.02257,0.844493,0.117979,0.521923,-3.455069,94.622849,14.823166,-0.018786,0.847717,0.086538,0.523005,-6.288451,111.684776,17.910137,0.120761,0.918903,-0.05706,0.371185,-8.760773,131.571609,20.477394,0.121416,0.952264,-0.22313,0.169303,-3.697288,145.138596,18.919477,-0.006443,0.815548,0.099303,0.570068,-10.59146,125.479004,16.719856,0.317812,-0.402147,0.262768,-0.817451,-17.371458,127.468857,-1.319222,0.226686,-0.138704,-0.477737,-0.837342,-3.097028,109.304031,-14.32091,0.337082,-0.016277,-0.640717,-0.689632,8.687069,126.504623,-24.794502,-0.133873,0.896181,0.102193,0.41048,-7.223214,125.04203,23.348499,0.310806,0.885499,0.074748,-0.3372,4.927282,128.065338,38.13232,-0.013955,0.334163,0.525818,-0.782084,20.286798,114.809776,21.069508,0.140798,0.07414,0.671183,-0.724011,15.074306,134.191467,9.232448,0.025065,0.821938,0.18741,0.537278,-6.600028,87.503265,5.621721,0.142794,0.938255,-0.057701,0.309772,-0.890461,54.407036,-6.319792,0.007955,0.919339,-0.089199,0.38314,-14.546188,11.57589,-5.429035,-0.158755,0.752808,0.028319,0.638181,1.624512,86.677109,22.327093,0.069577,-0.564791,0.118375,-0.81373,11.432923,52.886116,28.029957,0.02221,0.840751,-0.052048,0.538457,6.304432,9.617385,39.133785,0.007955,0.919339,-0.089199,0.38314,-5.220937,3.23765,-14.124825,0.02221,0.840751,-0.052048,0.538457,18.363071,2.040877,33.721848
151,1.258333,-0.024296,0.844808,0.081044,0.528337,-2.458405,87.1063,13.962332,-0.023022,0.844369,0.118705,0.521939,-3.426533,94.638695,14.812559,-0.018669,0.847758,0.08659,0.522934,-6.2861,111.690811,17.911697,0.120763,0.918969,-0.056859,0.371052,-8.755323,131.577454,20.483418,0.121618,0.952294,-0.22302,0.169138,-3.69421,145.145828,18.929825,-0.006069,0.815923,0.099127,0.569567,-10.58751,125.485847,16.724991,0.318299,-0.401965,0.263261,-0.817193,-17.389843,127.481628,-1.305035,0.227344,-0.138725,-0.477183,-0.837476,-3.121361,109.291748,-14.278202,0.337227,-0.016117,-0.640316,-0.689938,8.685298,126.466492,-24.760618,-0.133861,0.896183,0.102255,0.410465,-7.218095,125.047089,23.352926,0.310414,0.885576,0.074698,-0.33737,4.933035,128.069061,38.136513,-0.014393,0.334146,0.525795,-0.782099,20.299381,114.830421,21.066704,0.140577,0.073692,0.670884,-0.724377,15.085576,134.217056,9.241621,0.025247,0.821683,0.186777,0.537879,-6.563905,87.521812,5.606431,0.142938,0.938114,-0.057608,0.310148,-0.880806,54.409344,-6.302644,0.007859,0.919341,-0.089404,0.383089,-14.546273,11.580947,-5.429396,-0.158638,0.752751,0.027914,0.638295,1.647094,86.690788,22.318232,0.069555,-0.564565,0.118246,-0.813908,11.430356,52.895523,28.03894,0.02238,0.840705,-0.052173,0.53851,6.306851,9.62379,39.13335,0.007859,0.919341,-0.089404,0.383089,-5.221938,3.23891,-14.122531,0.02238,0.840705,-0.052173,0.53851,18.363152,2.042071,33.723492
152,1.266667,-0.024306,0.844606,0.081004,0.528667,-2.428688,87.114372,13.953504,-0.023351,0.844262,0.119313,0.521959,-3.396952,94.646851,14.802758,-0.018701,0.847767,0.086801,0.522884,-6.278853,111.701714,17.914959,0.12089,0.918988,-0.05682,0.37097,-8.753448,131.586838,20.493309,0.121741,0.952324,-0.222896,0.169042,-3.689702,145.154434,18.941576,-0.005983,0.816238,0.099008,0.569137,-10.584278,125.495911,16.733103,0.318273,-0.401626,0.264008,-0.817128,-17.405611,127.490082,-1.289919,0.227589,-0.138771,-0.476729,-0.837661,-3.143555,109.275009,-14.234783,0.337589,-0.016433,-0.639753,-0.690275,8.68259,126.433907,-24.72072,-0.133872,0.896241,0.102425,0.410291,-7.214096,125.055984,23.360569,0.310335,0.885547,0.074813,-0.337493,4.942429,128.07663,38.139984,-0.014609,0.333881,0.526261,-0.781895,20.306971,114.844719,21.063345,0.141116,0.072799,0.670628,-0.7246,15.107192,134.248428,9.255524,0.025608,0.821349,0.186286,0.538541,-6.527695,87.529915,5.594418,0.142976,0.937926,-0.057678,0.310686,-0.875137,54.405712,-6.296526,0.007864,0.919338,-0.089315,0.383117,-14.546092,11.579007,-5.426224,-0.158464,0.752657,0.027476,0.638468,1.67032,86.698822,22.31259,0.069542,-0.56424,0.117977,-0.814174,11.423599,52.897896,28.051043,0.022903,0.840767,-0.052055,0.538402,6.314255,9.62027,39.129002,0.007864,0.919338,-0.089315,0.383117,-5.220745,3.239012,-14.120234,0.022903,0.840767,-0.052055,0.538402,18.363777,2.033585,33.710999
153,1.275,-0.024944,0.844356,0.081361,0.528981,-2.39019,87.113556,13.945797,-0.023579,0.844147,0.119823,0.522018,-3.369872,94.644669,14.794083,-0.018807,0.847735,0.086961,0.522904,-6.270984,111.712143,17.919857,0.121073,0.918988,-0.056699,0.370927,-8.752641,131.595978,20.501322,0.12177,0.952389,-0.222714,0.168898,-3.685547,145.162888,18.954416,-0.005769,0.816509,0.098783,0.56879,-10.581071,125.505051,16.739956,0.319153,-0.401787,0.264098,-0.816677,-17.417809,127.499603,-1.277183,0.228206,-0.138387,-0.476393,-0.837747,-3.165176,109.265472,-14.205572,0.337749,-0.016475,-0.639259,-0.690653,8.678513,126.409889,-24.685165,-0.133854,0.896289,0.102501,0.410175,-7.211265,125.065186,23.367615,0.349827,0.852856,0.286454,-0.261156,4.949143,128.084702,38.144066,0.086367,0.271721,0.53553,-0.794932,21.354353,116.23262,21.022093,0.139423,0.072699,0.670679,-0.72489,15.103891,134.271561,9.261358,0.025909,0.821245,0.185845,0.538838,-6.48242,87.52317,5.583101,0.142681,0.937608,-0.057495,0.311815,-0.860323,54.388367,-6.292747,0.007889,0.919614,-0.089068,0.382512,-14.503031,11.552182,-5.445869,-0.158249,0.752451,0.027124,0.63878,1.70204,86.703941,22.308493,0.069511,-0.563908,0.117915,-0.814415,11.426044,52.896786,28.059954,0.022625,0.840653,-0.052142,0.538583,6.315021,9.617469,39.130527,0.007889,0.919614,-0.089068,0.382512,-5.188786,3.217194,-14.156565,0.022625,0.840653,-0.052142,0.538583,18.369616,2.032925,33.720825
154,1.283333,-0.024956,0.844155,0.081485,0.529283,-2.363349,87.123741,13.935627,-0.023793,0.844009,0.1204,0.522098,-3.344481,94.654541,14.785046,-0.018871,0.847687,0.087166,0.522946,-6.263336,111.719963,17.923969,0.12129,0.918909,-0.056816,0.371036,-8.751603,131.602264,20.510887,0.121619,0.952434,-0.222445,0.169107,-3.677424,145.166534,18.964071,-0.00569,0.816772,0.098651,0.568436,-10.577637,125.511864,16.747526,0.319514,-0.401704,0.264463,-0.816458,-17.429998,127.504608,-1.263881,0.228694,-0.138222,-0.476055,-0.837834,-3.184042,109.251488,-14.172808,0.338025,-0.01637,-0.638981,-0.690778,8.676503,126.38279,-24.653484,-0.133968,0.896327,0.102619,0.410025,-7.20852,125.071121,23.375481,0.349495,0.852981,0.286248,-0.261417,4.95548,128.093506,38.148392,0.085718,0.271658,0.535492,-0.795049,21.365746,116.255203,21.02174,0.139055,0.072404,0.670722,-0.724951,15.111754,134.30426,9.277219,0.02619,0.820942,0.185299,0.539474,-6.449601,87.534943,5.570085,0.14273,0.937383,-0.057521,0.312461,-0.855942,54.386734,-6.281752,0.007886,0.919596,-0.089012,0.382568,-14.503978,11.552074,-5.44342,-0.158128,0.752122,0.026839,0.639209,1.722902,86.712532,22.30117,0.069574,-0.563556,0.11784,-0.814664,11.424565,52.901554,28.067863,0.024183,0.840661,-0.051607,0.538554,6.31741,9.621418,39.137024,0.007886,0.919596,-0.089012,0.382568,-5.188248,3.218438,-14.153825,0.024183,0.840661,-0.051607,0.538554,18.35717,2.026197,33.709293
155,1.291667,-0.024917,0.843943,0.08159,0.529606,-2.337778,87.133446,13.926661,-0.024045,0.84387,0.120895,0.522196,-3.319583,94.664017,14.777363,-0.018941,0.847636,0.087362,0.522994,-6.256382,111.731133,17.926863,0.121327,0.918959,-0.056679,0.370919,-8.75135,131.611938,20.518801,0.121833,0.952533,-0.222069,0.168887,-3.677953,145.176849,18.97514,-0.005453,0.817018,0.098479,0.568114,-10.574915,125.521973,16.75354,0.319713,-0.401574,0.265021,-0.816263,-17.441559,127.517151,-1.252149,0.228962,-0.138164,-0.475703,-0.83797,-3.205738,109.240555,-14.139025,0.338114,-0.01631,-0.638583,-0.691104,8.671221,126.360146,-24.620548,-0.133969,0.896381,0.102814,0.409857,-7.206586,125.080513,23.381845,0.349214,0.853086,0.286169,-0.261537,4.962732,128.100784,38.150806,0.084904,0.271753,0.535529,-0.795079,21.380075,116.273987,21.022991,0.138736,0.072453,0.670218,-0.725473,15.130406,134.333817,9.294631,0.026482,0.820637,0.184874,0.540069,-6.417701,87.546883,5.558142,0.142802,0.937174,-0.057613,0.313037,-0.849086,54.388557,-6.277194,0.00935,0.919408,-0.088877,0.383018,-14.506139,11.556724,-5.441686,-0.157958,0.751912,0.026554,0.63951,1.742145,86.720009,22.295179,0.069663,-0.563177,0.117739,-0.814933,11.419923,52.904118,28.073174,0.024478,0.840725,-0.051523,0.538449,6.319457,9.622958,39.141418,0.00935,0.919408,-0.088877,0.383018,-5.200616,3.211268,-14.151679,0.024478,0.840725,-0.051523,0.538449,18.354919,2.025318,33.707558
156,1.3,-0.024859,0.843769,0.081658,0.529875,-2.313674,87.142738,13.917987,-0.024232,0.84372,0.121487,0.522294,-3.295551,94.673187,14.769711,-0.019007,0.847569,0.087483,0.52308,-6.249486,111.737206,17.933031,0.121451,0.918974,-0.056453,0.370876,-8.749514,131.61705,20.527409,0.121769,0.952645,-0.221784,0.168675,-3.67532,145.182465,18.990704,-0.005253,0.81726,0.098321,0.567796,-10.570863,125.527237,16.760822,0.320025,-0.401697,0.265348,-0.815974,-17.451612,127.52401,-1.239303,0.229166,-0.138018,-0.475356,-0.838135,-3.230222,109.228584,-14.1154,0.338138,-0.016311,-0.637994,-0.691635,8.661526,126.334938,-24.590897,-0.133951,0.896421,0.102888,0.409758,-7.203918,125.085556,23.389814,0.348929,0.853172,0.285979,-0.261844,4.968738,128.104614,38.156265,0.084299,0.271455,0.535621,-0.795183,21.388134,116.29113,21.021238,0.138625,0.071954,0.670603,-0.725188,15.135306,134.366257,9.315803,0.026534,0.820892,0.184048,0.539962,-6.388333,87.558243,5.547008,0.142869,0.937227,-0.05726,0.312914,-0.856471,54.37838,-6.245091,0.00914,0.919422,-0.088561,0.383062,-14.509264,11.544615,-5.439364,-0.15785,0.751691,0.026363,0.639804,1.760985,86.727234,22.288967,0.069695,-0.56306,0.117771,-0.815007,11.422292,52.908188,28.076014,0.024458,0.840773,-0.051726,0.538355,6.319555,9.628114,39.147449,0.00914,0.919422,-0.088561,0.383062,-5.198096,3.208772,-14.152524,0.024458,0.840773,-0.051726,0.538355,18.35235,2.026229,33.713619
157,1.308333,-0.024889,0.843586,0.081702,0.530158,-2.288964,87.150017,13.907963,-0.024462,0.843578,0.122072,0.522375,-3.271874,94.680328,14.759682,-0.01904,0.847518,0.087631,0.523136,-6.245035,111.747124,17.937002,0.121701,0.918935,-0.056403,0.370898,-8.749473,131.625885,20.535513,0.121622,0.952751,-0.22142,0.16866,-3.669267,145.189499,19.002993,-0.005148,0.817456,0.098237,0.567529,-10.569033,125.536552,16.767279,0.319649,-0.401306,0.266227,-0.816028,-17.461559,127.533722,-1.228297,0.228924,-0.138422,-0.475065,-0.8383,-3.248277,109.214172,-14.07903,0.338087,-0.016686,-0.637482,-0.692124,8.650771,126.309433,-24.56255,-0.133832,0.896466,0.103028,0.409662,-7.202975,125.094048,23.396666,0.348557,0.853306,0.285841,-0.262053,4.973944,128.107376,38.16077,0.083542,0.271421,0.535624,-0.795272,21.401293,116.309479,21.022636,0.13828,0.071579,0.670338,-0.725536,15.147378,134.397339,9.33474,0.026698,0.820662,0.18362,0.540448,-6.358001,87.56601,5.534274,0.142996,0.937131,-0.057255,0.313143,-0.845392,54.375553,-6.237017,0.009235,0.919433,-0.088548,0.383037,-14.508687,11.544999,-5.438744,-0.157716,0.751565,0.026059,0.639997,1.780072,86.734024,22.281652,0.069719,-0.562847,0.117678,-0.815165,11.41926,52.910816,28.081259,0.02471,0.840771,-0.05158,0.538362,6.321585,9.629077,39.148495,0.009235,0.919433,-0.088548,0.383037,-5.199243,3.208448,-14.153069,0.02471,0.840771,-0.05158,0.538362,18.352627,2.026806,33.711327
158,1.316667,-0.02487,0.843381,0.081704,0.530485,-2.261624,87.156639,13.896972,-0.024611,0.843378,0.122808,0.52252,-3.244628,94.686958,14.748496,-0.01919,0.847407,0.087697,0.5233,-6.237378,111.753723,17.945177,0.121952,0.918839,-0.056419,0.371051,-8.74885,131.631775,20.542288,0.121344,0.952863,-0.221004,0.168774,-3.661574,145.193146,19.013172,-0.004892,0.817677,0.098058,0.567244,-10.565013,125.541832,16.773401,0.319567,-0.401275,0.266661,-0.815933,-17.470181,127.542046,-1.216991,0.229105,-0.13827,-0.474789,-0.838432,-3.267854,109.207321,-14.058189,0.338329,-0.016658,-0.637532,-0.69196,8.647515,126.298187,-24.539536,-0.133827,0.896503,0.103127,0.409557,-7.201595,125.100456,23.404205,0.308427,0.886073,0.075584,-0.337691,4.978713,128.112656,38.165749,-0.017899,0.333227,0.525846,-0.782385,20.398739,114.976334,21.065331,0.138026,0.071316,0.669912,-0.726003,15.158653,134.42598,9.355029,0.027023,0.820379,0.183149,0.541022,-6.324217,87.573555,5.520201,0.14306,0.937005,-0.057282,0.313487,-0.840703,54.372025,-6.233443,0.010403,0.919287,-0.088286,0.383418,-14.510322,11.543411,-5.439718,-0.157577,0.751516,0.025712,0.640103,1.80097,86.739731,22.273743,0.069758,-0.562518,0.11759,-0.815402,11.416556,52.912128,28.086891,0.024716,0.840811,-0.051733,0.538283,6.32276,9.629017,39.150574,0.010403,0.919287,-0.088286,0.383418,-5.207655,3.20104,-14.155708,0.024716,0.840811,-0.051733,0.538283,18.351429,2.023256,33.713036
159,1.325,-0.024826,0.84317,0.081726,0.530819,-2.239829,87.162216,13.890222,-0.024793,0.843231,0.123346,0.52262,-3.22279,94.692513,14.74199,-0.019312,0.847351,0.087787,0.52337,-6.232053,111.759499,17.951561,0.122009,0.918829,-0.056361,0.371066,-8.749793,131.636734,20.548925,0.12131,0.952964,-0.220582,0.16878,-3.661591,145.197983,19.022018,-0.00465,0.817788,0.097888,0.567115,-10.563457,125.546394,16.779459,0.320848,-0.401607,0.266703,-0.815253,-17.47435,127.550056,-1.20835,0.229698,-0.138003,-0.474706,-0.838361,-3.287324,109.190216,-14.030557,0.338055,-0.016347,-0.637211,-0.692397,8.639875,126.282051,-24.517389,-0.133857,0.896603,0.10338,0.409264,-7.201201,125.105736,23.410898,0.347833,0.853634,0.285498,-0.26232,4.988096,128.116653,38.165279,0.081835,0.271551,0.535447,-0.795525,21.434732,116.344727,21.027765,0.137374,0.071335,0.669177,-0.726803,15.175986,134.451004,9.374849,0.027173,0.820225,0.18279,0.541369,-6.295857,87.580627,5.510345,0.143103,0.936965,-0.05731,0.313581,-0.830118,54.370319,-6.226786,0.009563,0.919467,-0.088454,0.382968,-14.50409,11.543083,-5.433296,-0.157464,0.751444,0.0255,0.640223,1.816199,86.743805,22.270098,0.069767,-0.56254,0.117549,-0.815391,11.415442,52.91288,28.090971,0.024797,0.840859,-0.05171,0.538208,6.325348,9.629003,39.153358,0.009563,0.919467,-0.088454,0.382968,-5.199982,3.205246,-14.152092,0.024797,0.840859,-0.05171,0.538208,18.352213,2.02257,33.712769
160,1.333333,-0.024792,0.843017,0.08179,0.531053,-2.219333,87.168854,13.883373,-0.025092,0.843097,0.123869,0.522699,-3.202598,94.69902,14.735961,-0.019272,0.847313,0.087864,0.523422,-6.231373,111.765015,17.955692,0.122371,0.918752,-0.056359,0.371139,-8.749516,131.641754,20.556351,0.120934,0.953094,-0.220174,0.168849,-3.65181,145.199966,19.033987,-0.00498,0.817864,0.098155,0.566957,-10.562706,125.552109,16.785568,0.320147,-0.401242,0.267248,-0.81553,-17.480448,127.550545,-1.200193,0.229259,-0.138356,-0.474601,-0.838482,-3.293313,109.184349,-14.013176,0.338087,-0.016794,-0.637012,-0.692554,8.625868,126.262138,-24.496618,-0.133768,0.896616,0.103511,0.409232,-7.201229,125.110268,23.417326,0.347249,0.853917,0.285292,-0.262396,4.990003,128.116226,38.171124,0.081006,0.271731,0.535201,-0.795714,21.456036,116.363785,21.038857,0.136746,0.071237,0.669001,-0.727092,15.189176,134.477188,9.39679,0.027278,0.820245,0.182285,0.541504,-6.27075,87.588867,5.501343,0.143253,0.936948,-0.057106,0.313603,-0.828976,54.365818,-6.210832,0.010474,0.919268,-0.088232,0.383473,-14.509702,11.540341,-5.439141,-0.157286,0.751379,0.025207,0.640355,1.832084,86.74884,22.265404,0.069752,-0.562357,0.117386,-0.815543,11.407974,52.91288,28.095406,0.024909,0.840757,-0.051642,0.538368,6.32629,9.625387,39.147495,0.010474,0.919268,-0.088232,0.383473,-5.206561,3.198547,-14.155184,0.024909,0.840757,-0.051642,0.538368,18.354504,2.018885,33.709984
161,1.341667,-0.024629,0.842792,0.08178,0.531419,-2.198206,87.178459,13.872242,-0.025359,0.842902,0.124617,0.522823,-3.17966,94.708771,14.725605,-0.019345,0.847244,0.087854,0.523532,-6.231133,111.771217,17.962341,0.123077,0.918586,-0.056602,0.371278,-8.751921,131.647919,20.560787,0.120342,0.953308,-0.219487,0.168961,-3.633243,145.198486,19.040783,-0.004722,0.817982,0.097868,0.566837,-10.563491,125.557793,16.789982,0.321188,-0.401623,0.267331,-0.814905,-17.486567,127.557625,-1.193565,0.229755,-0.138025,-0.474512,-0.838451,-3.318058,109.16803,-13.993579,0.3381,-0.016855,-0.636819,-0.692723,8.614094,126.24881,-24.478064,-0.13372,0.896682,0.10363,0.409073,-7.203777,125.116791,23.422686,0.346803,0.85417,0.285015,-0.262466,4.992999,128.120163,38.172417,0.079937,0.272014,0.535058,-0.795822,21.473526,116.380524,21.045334,0.135925,0.071248,0.668495,-0.727711,15.207354,134.501572,9.419216,0.027373,0.820075,0.181831,0.541909,-6.242523,87.601593,5.486944,0.143292,0.936952,-0.057069,0.313578,-0.818216,54.367142,-6.200954,0.009611,0.919474,-0.088478,0.382945,-14.501116,11.542288,-5.433128,-0.157211,0.751353,0.024969,0.640414,1.846112,86.755318,22.25754,0.069748,-0.562283,0.117324,-0.815603,11.40691,52.916821,28.09757,0.024873,0.840758,-0.051878,0.538345,6.328516,9.627959,39.145817,0.009611,0.919474,-0.088478,0.382945,-5.198269,3.203361,-14.152225,0.024873,0.840758,-0.051878,0.538345,18.35495,2.016742,33.710964
162,1.35,-0.024764,0.842613,0.082003,0.531662,-2.167412,87.181847,13.865654,-0.025832,0.842753,0.12523,0.522893,-3.152668,94.711502,14.720479,-0.019331,0.847214,0.087935,0.523567,-6.231395,111.777237,17.967813,0.122777,0.91869,-0.056236,0.371176,-8.75352,131.653381,20.569166,0.120738,0.953331,-0.219286,0.168809,-3.646491,145.208954,19.054697,-0.004636,0.818035,0.097803,0.566773,-10.564425,125.563751,16.797247,0.321403,-0.4017,0.267617,-0.814689,-17.490356,127.564636,-1.185089,0.229993,-0.137915,-0.474416,-0.838459,-3.333199,109.159912,-13.97592,0.3383,-0.016858,-0.636953,-0.692503,8.60533,126.237747,-24.460993,-0.133563,0.896739,0.103772,0.408964,-7.205256,125.121902,23.430172,0.346488,0.854313,0.284934,-0.262503,4.996597,128.118301,38.177132,0.079272,0.272001,0.535258,-0.795758,21.487669,116.389717,21.052616,0.135827,0.070659,0.668341,-0.727928,15.230835,134.52446,9.442999,0.027638,0.819939,0.181478,0.54222,-6.206789,87.60553,5.478002,0.143444,0.936865,-0.057087,0.313765,-0.807304,54.362965,-6.198318,0.009415,0.919448,-0.088556,0.382995,-14.503397,11.542231,-5.436159,-0.157001,0.75133,0.02479,0.6405,1.871966,86.758163,22.253307,0.069822,-0.562883,0.117516,-0.815155,11.413196,52.914322,28.094351,0.024897,0.841009,-0.05193,0.537947,6.332947,9.630447,39.161266,0.009415,0.919448,-0.088556,0.382995,-5.19732,3.203563,-14.152056,0.024897,0.841009,-0.05193,0.537947,18.353304,2.01764,33.715214
163,1.358333,-0.024795,0.842665,0.081588,0.531642,-2.16206,87.179604,13.874464,-0.026094,0.842713,0.125343,0.522919,-3.144324,94.710274,14.723759,-0.019316,0.847182,0.088045,0.5236,-6.234331,111.781883,17.970819,0.123113,0.918632,-0.056524,0.371164,-8.758361,131.657272,20.576155,0.120563,0.953482,-0.218684,0.16886,-3.639873,145.208084,19.057783,-0.004484,0.81805,0.097643,0.56678,-10.568442,125.568283,16.802805,0.321325,-0.401507,0.26807,-0.814666,-17.494123,127.570511,-1.179482,0.230094,-0.137987,-0.474427,-0.838413,-3.341609,109.151459,-13.954832,0.33857,-0.016876,-0.637132,-0.692206,8.596703,126.228973,-24.445856,-0.133334,0.89683,0.103792,0.408835,-7.209772,125.125313,23.435911,0.346044,0.85456,0.284648,-0.262596,4.998557,128.114426,38.178997,0.078121,0.272425,0.535147,-0.795801,21.50334,116.398827,21.058784,0.13471,0.070695,0.667988,-0.728455,15.250868,134.545166,9.460319,0.027688,0.819819,0.181604,0.542356,-6.201808,87.598633,5.486753,0.143539,0.936816,-0.057122,0.313863,-0.798418,54.35952,-6.197595,0.010388,0.919432,-0.088788,0.382953,-14.503363,11.54159,-5.436701,-0.156844,0.751485,0.024681,0.64036,1.877689,86.760582,22.262175,0.069656,-0.562748,0.11736,-0.815285,11.407032,52.91283,28.100019,0.025007,0.840776,-0.051655,0.538333,6.327584,9.623584,39.146278,0.010388,0.919432,-0.088788,0.382953,-5.21287,3.187329,-14.154297,0.025007,0.840776,-0.051655,0.538333,18.354052,2.01538,33.707275
164,1.366667,-0.024685,0.842278,0.081966,0.532203,-2.134318,87.194382,13.860226,-0.026488,0.8425,0.126182,0.52304,-3.118793,94.72419,14.714588,-0.019317,0.847167,0.088035,0.523627,-6.235764,111.784447,17.977678,0.123362,0.918622,-0.05644,0.371121,-8.759691,131.659912,20.58255,0.120396,0.953634,-0.218203,0.168746,-3.635796,145.209198,19.068783,-0.00429,0.818183,0.097421,0.566628,-10.569617,125.570885,16.809181,0.321605,-0.401415,0.268163,-0.81457,-17.502037,127.573761,-1.170436,0.230378,-0.138039,-0.474506,-0.838282,-3.34826,109.147705,-13.934257,0.338826,-0.016879,-0.637229,-0.691991,8.585019,126.221802,-24.432858,-0.133174,0.896861,0.103777,0.408822,-7.211369,125.127968,23.442503,0.345835,0.854686,0.284522,-0.262597,4.999021,128.112,38.184914,0.077275,0.272598,0.535301,-0.795721,21.511442,116.401848,21.068348,0.134179,0.070549,0.667806,-0.728735,15.27049,134.561813,9.484249,0.027967,0.819592,0.180972,0.542895,-6.163048,87.619919,5.467545,0.143555,0.936854,-0.057016,0.313762,-0.792974,54.365585,-6.188818,0.009068,0.919649,-0.089259,0.382356,-14.496242,11.546985,-5.435759,-0.156715,0.751559,0.024462,0.640313,1.894412,86.768845,22.252905,0.069656,-0.562942,0.117365,-0.81515,11.407588,52.917446,28.095934,0.025026,0.84077,-0.05202,0.538306,6.330433,9.628281,39.14357,0.009068,0.919649,-0.089259,0.382356,-5.202483,3.195067,-14.15212,0.025026,0.84077,-0.05202,0.538306,18.353325,2.011697,33.708401
165,1.375,-0.024628,0.842134,0.081965,0.532433,-2.120085,87.196777,13.856536,-0.026753,0.842389,0.126609,0.523102,-3.104053,94.726631,14.711089,-0.019156,0.847153,0.088136,0.523637,-6.237994,111.788246,17.982523,0.123536,0.918633,-0.055995,0.371103,-8.758572,131.663239,20.594202,0.120152,0.953728,-0.218029,0.168612,-3.634689,145.21402,19.093798,-0.004156,0.818296,0.097158,0.566511,-10.569523,125.575806,16.81875,0.321669,-0.401465,0.268315,-0.81447,-17.507147,127.576744,-1.159067,0.230407,-0.138154,-0.474471,-0.838274,-3.359847,109.143295,-13.919395,0.338845,-0.016828,-0.637087,-0.692114,8.572824,126.213539,-24.422144,-0.132808,0.896981,0.103303,0.408798,-7.211349,125.130066,23.451918,0.345611,0.854937,0.283843,-0.262811,5.003545,128.109573,38.191498,0.076163,0.272972,0.535386,-0.795642,21.518208,116.398712,21.077589,0.133454,0.070492,0.667534,-0.729122,15.289935,134.573959,9.506319,0.028075,0.819523,0.180825,0.543043,-6.144299,87.623627,5.461759,0.143635,0.93681,-0.057039,0.313852,-0.784164,54.365932,-6.189575,0.010145,0.919524,-0.089161,0.382653,-14.494714,11.549631,-5.438305,-0.1566,0.751481,0.024492,0.640432,1.904129,86.769936,22.251314,0.069691,-0.563057,0.117454,-0.815055,11.411868,52.916073,28.088978,0.025064,0.840809,-0.0521,0.538235,6.331622,9.629244,39.144333,0.010145,0.919524,-0.089161,0.382653,-5.20917,3.188989,-14.155049,0.025064,0.840809,-0.0521,0.538235,18.352463,2.010321,33.707901
166,1.383333,-0.024642,0.841994,0.082033,0.532644,-2.102194,87.198936,13.853121,-0.027022,0.842254,0.127014,0.523207,-3.087113,94.728607,14.708166,-0.019145,0.847091,0.088225,0.523723,-6.237525,111.789452,17.986595,0.123927,0.918551,-0.056116,0.371156,-8.759892,131.663818,20.601273,0.119828,0.953874,-0.217547,0.168639,-3.624614,145.210449,19.102352,-0.004082,0.818345,0.09702,0.566465,-10.569686,125.57695,16.824371,0.322358,-0.40163,0.268101,-0.814187,-17.509335,127.576996,-1.152763,0.230664,-0.138096,-0.474604,-0.838138,-3.362958,109.13932,-13.908031,0.338529,-0.016497,-0.63712,-0.692245,8.562734,126.208054,-24.413136,-0.132693,0.897,0.103309,0.408791,-7.212843,125.130249,23.458151,0.34545,0.855037,0.2838,-0.262743,5.003463,128.105789,38.197361,0.075394,0.273209,0.535513,-0.795549,21.525909,116.398788,21.088335,0.132738,0.070509,0.667576,-0.729213,15.309278,134.585709,9.527318,0.028206,0.81943,0.180629,0.543242,-6.122207,87.62661,5.456374,0.143672,0.936678,-0.057103,0.314216,-0.774623,54.364384,-6.187798,0.007568,0.919836,-0.089784,0.381816,-14.490262,11.5497,-5.437502,-0.156468,0.751425,0.024489,0.64053,1.917819,86.771271,22.249868,0.069668,-0.5632,0.117529,-0.814947,11.417871,52.914452,28.082884,0.025111,0.840752,-0.052175,0.538316,6.333098,9.628916,39.141224,0.007568,0.919836,-0.089784,0.381816,-5.189901,3.200813,-14.149714,0.025111,0.840752,-0.052175,0.538316,18.35384,2.007688,33.707809
167,1.391667,-0.024672,0.841873,0.082153,0.532815,-2.085784,87.200737,13.850374,-0.027278,0.842131,0.127397,0.523298,-3.072227,94.730087,14.706511,-0.019115,0.847035,0.088307,0.523802,-6.237979,111.789009,17.991362,0.124107,0.918576,-0.0559,0.371068,-8.761295,131.662842,20.609226,0.119855,0.953984,-0.217273,0.168351,-3.623807,145.209412,19.117277,-0.003937,0.818395,0.09691,0.566413,-10.570255,125.576614,16.830877,0.324405,-0.402487,0.267018,-0.813306,-17.51226,127.578644,-1.145138,0.23158,-0.137466,-0.474767,-0.837897,-3.371708,109.141861,-13.90814,0.338502,-0.016966,-0.637251,-0.692127,8.547361,126.201752,-24.402477,-0.132564,0.897002,0.103289,0.408835,-7.214615,125.128769,23.465187,0.345174,0.855205,0.283697,-0.26267,5.001655,128.09996,38.205315,0.074742,0.273227,0.535392,-0.795686,21.536264,116.399872,21.103292,0.132243,0.070899,0.668108,-0.728778,15.313819,134.594955,9.555214,0.028459,0.819197,0.180437,0.543644,-6.102379,87.629456,5.452041,0.143731,0.936771,-0.057059,0.31392,-0.771302,54.363312,-6.188504,0.008955,0.919681,-0.089557,0.382212,-14.490297,11.549672,-5.439271,-0.15636,0.751436,0.024464,0.640544,1.930811,86.772018,22.248707,0.069612,-0.563509,0.117611,-0.814726,11.424119,52.912704,28.078211,0.025139,0.840738,-0.052196,0.538334,6.334683,9.628209,39.138477,0.008955,0.919681,-0.089557,0.382212,-5.199667,3.191878,-14.153333,0.025139,0.840738,-0.052196,0.538334,18.355173,2.006114,33.705711
168,1.4,-0.024596,0.841796,0.082411,0.5329,-2.070932,87.201012,13.843569,-0.027545,0.842031,0.127818,0.523343,-3.058585,94.729767,14.703509,-0.019128,0.847,0.088372,0.523847,-6.241024,111.789063,17.996361,0.124406,0.918518,-0.055964,0.371101,-8.766275,131.662399,20.616026,0.119731,0.954075,-0.216919,0.168381,-3.620401,145.205994,19.125919,-0.003776,0.818387,0.096758,0.566451,-10.574305,125.576424,16.836832,0.322757,-0.401815,0.268345,-0.813857,-17.514679,127.580383,-1.139593,0.230598,-0.1382,-0.474769,-0.838045,-3.383122,109.125206,-13.885972,0.338268,-0.01685,-0.637518,-0.691998,8.532001,126.194855,-24.393139,-0.132451,0.897022,0.103344,0.408812,-7.219379,125.128159,23.471476,0.345157,0.855227,0.283848,-0.262458,4.998751,128.094788,38.210976,0.074352,0.273228,0.535642,-0.795554,21.539862,116.393959,21.115749,0.132086,0.070835,0.66837,-0.728572,15.329094,134.600647,9.577102,0.028574,0.819388,0.179998,0.543496,-6.085911,87.633636,5.444665,0.143768,0.936801,-0.056895,0.313843,-0.780917,54.356678,-6.176854,0.009993,0.919505,-0.089131,0.382709,-14.498451,11.542338,-5.441346,-0.156431,0.751508,0.024449,0.640443,1.944046,86.768379,22.242474,0.069556,-0.56392,0.117894,-0.814406,11.441113,52.910606,28.074774,0.02652,0.840691,-0.051705,0.538388,6.334094,9.631401,39.147617,0.009993,0.919505,-0.089131,0.382709,-5.209514,3.184027,-14.156712,0.02652,0.840691,-0.051705,0.538388,18.342613,2.000332,33.701004
169,1.408333,-0.024592,0.841675,0.082532,0.533073,-2.05821,87.200615,13.84137,-0.02779,0.841892,0.128152,0.523471,-3.046968,94.729065,14.70269,-0.019133,0.846917,0.088406,0.523975,-6.24413,111.789169,18.001007,0.124696,0.918365,-0.056397,0.371316,-8.77067,131.662277,20.621296,0.119521,0.954137,-0.216432,0.168804,-3.612369,145.200394,19.124613,-0.003499,0.818329,0.096952,0.566504,-10.577403,125.576508,16.841131,0.322689,-0.401716,0.268851,-0.813766,-17.515526,127.593681,-1.134682,0.23049,-0.138449,-0.474772,-0.838032,-3.394139,109.12117,-13.867177,0.338131,-0.016946,-0.637743,-0.691856,8.517566,126.188622,-24.381601,-0.132283,0.897025,0.103341,0.408861,-7.224475,125.127861,23.476759,0.3451,0.855301,0.283949,-0.262182,4.993831,128.088486,38.217319,0.073868,0.27347,0.53583,-0.795389,21.544712,116.386154,21.132595,0.131665,0.070848,0.668351,-0.728665,15.348665,134.601563,9.597828,0.028699,0.818939,0.180161,0.544112,-6.069764,87.634834,5.440912,0.143825,0.936582,-0.057202,0.314415,-0.756887,54.362572,-6.190462,0.007651,0.91983,-0.089914,0.381799,-14.487968,11.55285,-5.439187,-0.156383,0.751599,0.024343,0.640352,1.953345,86.766388,22.241827,0.069425,-0.563952,0.117858,-0.8144,11.443838,52.907162,28.076427,0.026345,0.840564,-0.051742,0.538592,6.333078,9.625563,39.138199,0.007651,0.91983,-0.089914,0.381799,-5.189875,3.200042,-14.150065,0.026345,0.840564,-0.051742,0.538592,18.346151,1.996233,33.699192
170,1.416667,-0.024625,0.841567,0.082632,0.533227,-2.045994,87.198715,13.839859,-0.028107,0.841724,0.128512,0.523637,-3.036143,94.726891,14.702005,-0.019003,0.846813,0.088431,0.524144,-6.25105,111.78875,18.005371,0.125068,0.918295,-0.056497,0.371349,-8.774188,131.661865,20.628775,0.119353,0.954243,-0.216155,0.168677,-3.605269,145.196121,19.133791,-0.003677,0.818513,0.095887,0.566418,-10.580852,125.577286,16.846693,0.323072,-0.401697,0.268496,-0.81374,-17.522711,127.565109,-1.130949,0.230519,-0.138196,-0.47528,-0.837778,-3.390437,109.100388,-13.862683,0.338182,-0.017049,-0.638145,-0.691457,8.500865,126.182869,-24.370638,-0.132067,0.897039,0.103278,0.408917,-7.230499,125.126556,23.483479,0.345046,0.855364,0.284003,-0.261987,4.988253,128.080551,38.224995,0.073303,0.273717,0.536015,-0.795232,21.54653,116.377304,21.148066,0.131131,0.071121,0.668697,-0.728416,15.364594,134.604034,9.61786,0.028807,0.819247,0.179758,0.543776,-6.054441,87.633713,5.43796,0.143807,0.936709,-0.056976,0.314084,-0.768451,54.351563,-6.177377,0.007407,0.919873,-0.08961,0.381772,-14.49154,11.539039,-5.43978,-0.156464,0.751574,0.02445,0.640357,1.962454,86.763725,22.241758,0.069344,-0.564165,0.11806,-0.81423,11.461875,52.906673,28.074451,0.02517,0.840759,-0.052219,0.538297,6.335397,9.628338,39.141716,0.007407,0.919873,-0.08961,0.381772,-5.188842,3.195843,-14.154951,0.02517,0.840759,-0.052219,0.538297,18.354815,2.005273,33.707947
171,1.425,-0.024066,0.841524,0.082554,0.533332,-2.039742,87.20475,13.832167,-0.028323,0.841567,0.128952,0.523769,-3.022187,94.733536,14.697764,-0.019044,0.846697,0.088662,0.524291,-6.252535,111.793068,18.009764,0.125539,0.918246,-0.056666,0.371287,-8.782389,131.664474,20.639683,0.119237,0.954368,-0.215927,0.168347,-3.599893,145.193588,19.145035,-0.003597,0.818435,0.095603,0.566578,-10.585898,125.580788,16.854656,0.323531,-0.401821,0.268638,-0.81345,-17.520737,127.565514,-1.126036,0.230652,-0.138168,-0.475467,-0.83764,-3.397748,109.086929,-13.84796,0.338178,-0.017241,-0.638518,-0.69111,8.485419,126.172806,-24.358692,-0.131786,0.897061,0.103249,0.408966,-7.23786,125.128532,23.492506,0.345341,0.855214,0.284337,-0.261726,4.982203,128.073135,38.234818,0.073008,0.273888,0.536491,-0.794879,21.536919,116.35997,21.161228,0.130539,0.070937,0.668938,-0.728319,15.38128,134.600616,9.633315,0.028824,0.818966,0.179579,0.544256,-6.046624,87.647903,5.429946,0.143771,0.936757,-0.056894,0.313973,-0.76183,54.361214,-6.172915,0.006347,0.920214,-0.090921,0.380656,-14.479655,11.546927,-5.439448,-0.156573,0.751625,0.024445,0.640271,1.967139,86.761597,22.234388,0.069332,-0.564066,0.11815,-0.814287,11.472597,52.90696,28.07127,0.025185,0.840771,-0.052384,0.538262,6.337678,9.630383,39.141491,0.006347,0.920214,-0.090921,0.380656,-5.192648,3.183359,-14.151828,0.025185,0.840771,-0.052384,0.538262,18.355108,2.003435,33.708775
172,1.433333,-0.024293,0.841404,0.082937,0.533451,-2.024587,87.207092,13.831091,-0.028499,0.841427,0.129261,0.523908,-3.013177,94.734741,14.699565,-0.019089,0.846586,0.088723,0.524458,-6.254955,111.791016,18.016726,0.126006,0.918217,-0.05669,0.371197,-8.788186,131.661911,20.64724,0.11913,0.954521,-0.215663,0.167894,-3.593765,145.186874,19.156425,-0.003073,0.818289,0.09627,0.56668,-10.589458,125.578323,16.860989,0.323801,-0.401836,0.269264,-0.813129,-17.519964,127.594711,-1.117852,0.231024,-0.138412,-0.475335,-0.837572,-3.41547,109.087715,-13.818981,0.338423,-0.017316,-0.638979,-0.690562,8.47003,126.1614,-24.345345,-0.131402,0.897057,0.103086,0.409139,-7.244051,125.125908,23.500156,0.345199,0.855337,0.28418,-0.261683,4.974442,128.059006,38.246067,0.072478,0.27435,0.536629,-0.794675,21.535587,116.347229,21.177759,0.130088,0.071186,0.668982,-0.728335,15.397777,134.593445,9.647824,0.028909,0.818861,0.179518,0.544431,-6.028879,87.650726,5.427661,0.144043,0.936689,-0.057003,0.314032,-0.748942,54.362846,-6.173972,0.007423,0.919835,-0.090095,0.381748,-14.492217,11.556732,-5.440186,-0.156563,0.751766,0.024345,0.640112,1.979705,86.763451,22.23452,0.069237,-0.564152,0.118193,-0.814229,11.481357,52.90826,28.074337,0.025273,0.840764,-0.052407,0.538267,6.339617,9.631413,39.140343,0.007423,0.919835,-0.090095,0.381748,-5.193057,3.202059,-14.148135,0.025273,0.840764,-0.052407,0.538267,18.35585,2.002685,33.707474
173,1.441667,-0.024322,0.841325,0.083051,0.533556,-2.015494,87.202469,13.829559,-0.02881,0.841303,0.12956,0.524017,-3.005493,94.729813,14.699137,-0.018928,0.84652,0.088822,0.524554,-6.263648,111.789154,18.019962,0.126464,0.918235,-0.056608,0.371008,-8.793775,131.659592,20.65699,0.118934,0.954676,-0.215551,0.167291,-3.58901,145.181213,19.172012,-0.002919,0.818236,0.095972,0.566808,-10.595399,125.577667,16.868231,0.325482,-0.402442,0.268658,-0.812358,-17.520308,127.592888,-1.112898,0.231873,-0.137848,-0.47559,-0.837285,-3.424387,109.076714,-13.810176,0.338597,-0.017476,-0.6393,-0.690176,8.452745,126.148399,-24.330404,-0.131291,0.897034,0.10309,0.409226,-7.251404,125.122299,23.507904,0.345218,0.855362,0.284329,-0.261416,4.965468,128.050995,38.256027,0.072412,0.274619,0.536904,-0.794402,21.533298,116.335938,21.196457,0.130075,0.071259,0.6693,-0.728039,15.415213,134.585815,9.660654,0.028929,0.818786,0.17954,0.544535,-6.017674,87.646996,5.42517,0.144106,0.936632,-0.057111,0.314154,-0.736575,54.359772,-6.177815,0.007094,0.920034,-0.090951,0.38107,-14.488104,11.556405,-5.438569,-0.156634,0.751683,0.024441,0.640188,1.986686,86.75795,22.233948,0.069188,-0.564287,0.118355,-0.814116,11.495738,52.904667,28.072807,0.025336,0.840788,-0.05236,0.538231,6.341633,9.630659,39.14418,0.007094,0.920034,-0.090951,0.38107,-5.203172,3.184673,-14.145318,0.025336,0.840788,-0.05236,0.538231,18.357014,2.002072,33.709232
174,1.45,-0.024408,0.841258,0.083173,0.533641,-2.004058,87.199577,13.830566,-0.029102,0.841161,0.129795,0.524171,-2.996232,94.72654,14.700894,-0.018812,0.846408,0.08895,0.524716,-6.268606,111.786392,18.023153,0.126828,0.91822,-0.056784,0.370894,-8.79794,131.656082,20.666506,0.118722,0.954834,-0.215284,0.166882,-3.58245,145.173431,19.18012,-0.002717,0.818241,0.095795,0.566832,-10.598716,125.575699,16.874868,0.325917,-0.402473,0.268895,-0.81209,-17.522631,127.593529,-1.106346,0.23207,-0.137854,-0.475731,-0.83715,-3.434795,109.061157,-13.788937,0.338725,-0.01768,-0.639536,-0.689888,8.435624,126.133476,-24.314058,-0.131117,0.896949,0.102958,0.409501,-7.25719,125.117615,23.5156,0.345154,0.855446,0.284272,-0.261287,4.952726,128.040833,38.270569,0.072214,0.27511,0.537075,-0.794134,21.526503,116.324425,21.217722,0.129865,0.071522,0.669423,-0.727938,15.429193,134.573593,9.672681,0.029055,0.818677,0.179515,0.544701,-6.004485,87.644135,5.425346,0.144213,0.936557,-0.057208,0.314311,-0.729391,54.356777,-6.18,0.008645,0.919695,-0.089879,0.38211,-14.49247,11.557168,-5.438046,-0.156524,0.751109,0.024574,0.640884,1.996368,86.755013,22.235786,0.069245,-0.56459,0.118459,-0.813886,11.500414,52.89975,28.071291,0.025349,0.840921,-0.052253,0.538033,6.345973,9.628656,39.153881,0.008645,0.919695,-0.089879,0.38211,-5.201526,3.195024,-14.147594,0.025349,0.840921,-0.052253,0.538033,18.359396,2.002205,33.711617
175,1.458333,-0.024468,0.841176,0.083282,0.53375,-1.993964,87.196487,13.830018,-0.029289,0.841011,0.12999,0.524353,-2.987906,94.723129,14.701107,-0.018737,0.846274,0.089084,0.524913,-6.270839,111.784431,18.025507,0.12723,0.918191,-0.056747,0.370834,-8.80106,131.65329,20.67437,0.118503,0.95495,-0.215243,0.166427,-3.575812,145.167404,19.192904,-0.002456,0.818238,0.095605,0.566869,-10.600204,125.574196,16.879871,0.326179,-0.402388,0.269336,-0.81188,-17.522532,127.59626,-1.101479,0.232135,-0.137983,-0.475817,-0.837062,-3.443649,109.043755,-13.764566,0.338702,-0.017909,-0.639779,-0.689669,8.421039,126.115273,-24.296299,-0.131009,0.896856,0.102911,0.409749,-7.261717,125.113831,23.521973,0.345002,0.855583,0.284294,-0.261012,4.941405,128.032608,38.283443,0.072244,0.275574,0.537056,-0.793984,21.528309,116.316689,21.24301,0.129807,0.07186,0.669472,-0.727869,15.44168,134.559219,9.682968,0.02906,0.818636,0.17954,0.544753,-5.992167,87.641388,5.423758,0.144381,0.936631,-0.057228,0.314007,-0.715597,54.354691,-6.18282,0.008646,0.919656,-0.089882,0.382204,-14.4928,11.559659,-5.439557,-0.156654,0.751254,0.024703,0.640677,2.004239,86.751587,22.236279,0.068993,-0.564438,0.118636,-0.813987,11.522397,52.89967,28.068209,0.025126,0.84073,-0.052355,0.538331,6.340192,9.629241,39.140411,0.008646,0.919656,-0.089882,0.382204,-5.199984,3.197526,-14.147117,0.025126,0.84073,-0.052355,0.538331,18.359493,2.003796,33.709736
176,1.466667,-0.025082,0.841121,0.083599,0.533758,-1.98014,87.182137,13.836927,-0.029479,0.840926,0.12986,0.524511,-2.984561,94.707504,14.707005,-0.018688,0.846146,0.089285,0.525086,-6.273525,111.780678,18.025625,0.127306,0.918297,-0.05651,0.370581,-8.806874,131.648148,20.681837,0.118723,0.955066,-0.215174,0.165691,-3.582794,145.163269,19.205585,-0.002245,0.818195,0.095558,0.566939,-10.603837,125.570473,16.884035,0.326522,-0.402383,0.269793,-0.811593,-17.523119,127.59848,-1.097827,0.232228,-0.138016,-0.475888,-0.83699,-3.457083,109.023201,-13.7418,0.338737,-0.018083,-0.639848,-0.689583,8.403203,126.093742,-24.276442,-0.130926,0.896758,0.102853,0.410007,-7.268026,125.107658,23.527311,0.345097,0.855563,0.284519,-0.260709,4.927774,128.022949,38.295525,0.072342,0.275877,0.537258,-0.793733,21.519625,116.301636,21.263615,0.129802,0.072175,0.669703,-0.727626,15.449903,134.544083,9.692275,0.029113,0.818626,0.179782,0.544686,-5.977621,87.62059,5.429982,0.144596,0.936774,-0.057336,0.313462,-0.695589,54.340317,-6.192508,0.008135,0.919714,-0.089775,0.3821,-14.492991,11.551968,-5.438441,-0.156503,0.750991,0.024777,0.641019,2.01734,86.743675,22.243872,0.068921,-0.564557,0.118724,-0.813898,11.528463,52.888668,28.069296,0.025096,0.840714,-0.051971,0.538395,6.337845,9.619227,39.14143,0.008135,0.919714,-0.089775,0.3821,-5.194633,3.197571,-14.147514,0.025096,0.840714,-0.051971,0.538395,18.361504,2.002746,33.707809
177,1.475,-0.025074,0.841063,0.083594,0.533851,-1.97495,87.176384,13.838601,-0.029654,0.840851,0.129945,0.524599,-2.979312,94.701775,14.708571,-0.018627,0.846091,0.089421,0.525154,-6.275837,111.776115,18.026505,0.127529,0.918365,-0.056301,0.370367,-8.810176,131.642685,20.688406,0.118699,0.955182,-0.215137,0.165088,-3.583086,145.157349,19.218508,-0.001655,0.818212,0.095065,0.566999,-10.606368,125.566139,16.888458,0.326946,-0.402326,0.270223,-0.811307,-17.523102,127.602211,-1.09347,0.232468,-0.138064,-0.475944,-0.836884,-3.466953,109.004425,-13.715336,0.338958,-0.018366,-0.639928,-0.689393,8.389267,126.071335,-24.256226,-0.130981,0.896625,0.102977,0.410248,-7.271586,125.101379,23.532116,0.345095,0.855561,0.284853,-0.260353,4.915987,128.014938,38.307457,0.072334,0.276481,0.537289,-0.793503,21.517708,116.292992,21.285603,0.129416,0.072751,0.669289,-0.728018,15.464455,134.529037,9.695716,0.029381,0.818528,0.17972,0.54484,-5.970586,87.615097,5.430793,0.144599,0.936799,-0.057269,0.3134,-0.704469,54.334335,-6.197549,0.011791,0.9192,-0.088905,0.383443,-14.500205,11.545366,-5.448269,-0.156591,0.751191,0.024892,0.640759,2.020686,86.737671,22.246408,0.068801,-0.564781,0.118917,-0.813724,11.54353,52.88501,28.066364,0.024863,0.840741,-0.052035,0.538357,6.33595,9.618196,39.140816,0.011791,0.9192,-0.088905,0.383443,-5.219801,3.174115,-14.160308,0.024863,0.840741,-0.052035,0.538357,18.361389,2.003639,33.708431
178,1.483333,-0.024563,0.840988,0.083388,0.534025,-1.973986,87.181114,13.835888,-0.029898,0.84065,0.130328,0.524813,-2.970304,94.70742,14.707216,-0.018557,0.845938,0.089571,0.525377,-6.280552,111.770332,18.029428,0.127689,0.918384,-0.056379,0.370253,-8.816377,131.635925,20.697206,0.118668,0.955299,-0.214989,0.164625,-3.584765,145.148712,19.226217,-0.001888,0.818185,0.095111,0.56703,-10.610559,125.560745,16.894127,0.326498,-0.401864,0.271035,-0.811446,-17.525908,127.590576,-1.089038,0.232281,-0.138265,-0.476063,-0.836835,-3.473336,108.973457,-13.686352,0.33926,-0.018558,-0.640104,-0.689076,8.377621,126.046684,-24.234186,-0.131107,0.896544,0.102946,0.410393,-7.279233,125.09359,23.539349,0.345153,0.855603,0.285008,-0.259969,4.902456,128.011047,38.318768,0.072456,0.276964,0.537267,-0.793338,21.512682,116.282066,21.310081,0.12908,0.073277,0.669361,-0.727959,15.470383,134.510071,9.70232,0.029128,0.818195,0.179744,0.545344,-5.966615,87.626091,5.426981,0.144614,0.936837,-0.057273,0.313279,-0.67761,54.344887,-6.189689,0.004955,0.920379,-0.091718,0.380087,-14.474583,11.556351,-5.438707,-0.156553,0.750876,0.024997,0.641133,2.018642,86.736145,22.244793,0.068823,-0.564978,0.118989,-0.813575,11.541412,52.883011,28.062115,0.024664,0.840681,-0.051618,0.538501,6.332462,9.618017,39.143013,0.004955,0.920379,-0.091718,0.380087,-5.184571,3.188309,-14.143583,0.024664,0.840681,-0.051618,0.538501,18.365612,2.015601,33.710712
179,1.491667,-0.024446,0.840991,0.083329,0.534034,-1.968545,87.171181,13.83766,-0.030154,0.84054,0.130382,0.524961,-2.962892,94.697723,14.709188,-0.018491,0.845823,0.089739,0.525537,-6.283423,111.765144,18.028639,0.12788,0.918433,-0.056214,0.370091,-8.821066,131.629623,20.70302,0.118613,0.955422,-0.21491,0.164054,-3.586687,145.141907,19.237263,-0.001622,0.818276,0.094349,0.567027,-10.613574,125.555817,16.896959,0.327432,-0.402051,0.270605,-0.81112,-17.529079,127.577293,-1.08708,0.232895,-0.137786,-0.476175,-0.836679,-3.472173,108.960167,-13.679546,0.339583,-0.01876,-0.640293,-0.688735,8.369229,126.020111,-24.213028,-0.131563,0.896312,0.103583,0.410593,-7.284716,125.086273,23.543249,0.345301,0.855423,0.286007,-0.259265,4.885952,128.007462,38.331009,0.073095,0.277199,0.53727,-0.793195,21.510122,116.278122,21.336197,0.129119,0.073811,0.669069,-0.728167,15.475061,134.490509,9.708705,0.029105,0.818232,0.179832,0.545261,-5.961105,87.617409,5.428789,0.144752,0.936894,-0.057308,0.313037,-0.668532,54.338383,-6.192472,0.006034,0.920239,-0.091366,0.380495,-14.477605,11.553791,-5.439001,-0.156558,0.750812,0.025166,0.641201,2.024015,86.724945,22.246531,0.068757,-0.564907,0.119106,-0.813613,11.554213,52.872551,28.055948,0.024598,0.840696,-0.051912,0.538452,6.332545,9.609243,39.137447,0.006034,0.920239,-0.091366,0.380495,-5.192138,3.183005,-14.146088,0.024598,0.840696,-0.051912,0.538452,18.363443,2.001254,33.707962
180,1.5,-0.024479,0.840954,0.083299,0.534097,-1.964268,87.164459,13.841648,-0.030339,0.840444,0.130409,0.525097,-2.958851,94.691055,14.712463,-0.018479,0.845722,0.089871,0.525677,-6.286498,111.760918,18.029305,0.127984,0.918586,-0.055738,0.369747,-8.826948,131.624451,20.708004,0.118724,0.95559,-0.214848,0.163072,-3.59564,145.13913,19.253315,-0.001503,0.818279,0.09433,0.567026,-10.617595,125.55146,16.899759,0.32793,-0.401929,0.271002,-0.810847,-17.533155,127.576294,-1.083888,0.233311,-0.137738,-0.476146,-0.836588,-3.482418,108.937523,-13.65122,0.339929,-0.018894,-0.640208,-0.68864,8.361351,125.992775,-24.191559,-0.131589,0.896191,0.103536,0.410861,-7.290923,125.080505,23.547047,0.345298,0.855455,0.286136,-0.259021,4.870944,128.001663,38.342052,0.073174,0.27737,0.537412,-0.793032,21.501938,116.269958,21.355539,0.129731,0.074447,0.669058,-0.728004,15.478102,134.481476,9.721921,0.02934,0.818106,0.179705,0.545479,-5.955558,87.610008,5.432136,0.144647,0.936858,-0.057104,0.31323,-0.678513,54.328705,-6.189684,0.010055,0.919763,-0.090292,0.381815,-14.473587,11.539301,-5.453128,-0.156617,0.750873,0.025423,0.641105,2.027023,86.718918,22.251162,0.068707,-0.564918,0.119309,-0.81358,11.572588,52.868748,28.048347,0.026897,0.84052,-0.051039,0.5387,6.333895,9.609172,39.136379,0.010055,0.919763,-0.090292,0.381815,-5.210475,3.152603,-14.168713,0.026897,0.84052,-0.051039,0.5387,18.347477,1.987506,33.687759
181,1.508333,-0.024706,0.840871,0.083415,0.534198,-1.950321,87.157967,13.846863,-0.030492,0.840313,0.130346,0.525314,-2.948874,94.68409,14.717155,-0.018676,0.845531,0.090233,0.525914,-6.282848,111.764847,18.030476,0.128136,0.918578,-0.055858,0.369697,-8.83846,131.625443,20.716486,0.118681,0.955699,-0.214649,0.162726,-3.602224,145.138016,19.259987,-0.001494,0.818268,0.094148,0.567073,-10.622608,125.552956,16.904409,0.328431,-0.401937,0.271338,-0.810528,-17.536123,127.574265,-1.080416,0.233689,-0.137742,-0.47583,-0.836662,-3.495398,108.914841,-13.62824,0.339657,-0.018791,-0.640319,-0.688674,8.36176,125.956139,-24.173647,-0.131621,0.896118,0.103689,0.410971,-7.299757,125.081276,23.553553,0.345252,0.855466,0.286402,-0.258754,4.85828,128.00029,38.352127,0.073777,0.277435,0.537124,-0.793149,21.498287,116.270103,21.373402,0.129259,0.074114,0.669565,-0.727655,15.461943,134.467056,9.722027,0.029422,0.818169,0.17974,0.545369,-5.939372,87.601288,5.436171,0.145129,0.936723,-0.057675,0.313308,-0.667321,54.321224,-6.191459,0.007034,0.91989,-0.090615,0.3815,-14.517694,11.550272,-5.422044,-0.156369,0.751333,0.025273,0.640631,2.03873,86.714645,22.257555,0.068733,-0.565022,0.11932,-0.813504,11.568473,52.858398,28.045311,0.026857,0.84054,-0.050629,0.53871,6.331803,9.599376,39.136463,0.007034,0.91989,-0.090615,0.3815,-5.221268,3.187341,-14.124984,0.026857,0.84054,-0.050629,0.53871,18.349363,1.987386,33.683102
182,1.516667,-0.02475,0.840818,0.083432,0.534278,-1.945831,87.152985,13.851555,-0.030618,0.840221,0.13036,0.52545,-2.94516,94.679031,14.721621,-0.018747,0.845426,0.090363,0.526059,-6.284192,111.762024,18.032948,0.128436,0.918586,-0.055725,0.369593,-8.84544,131.621582,20.721357,0.118468,0.955849,-0.214455,0.162254,-3.603142,145.132431,19.270824,-0.001461,0.818294,0.093903,0.567075,-10.626774,125.549301,16.90761,0.327533,-0.401125,0.272494,-0.810906,-17.540186,127.566277,-1.077747,0.233297,-0.13837,-0.475722,-0.836729,-3.498219,108.884964,-13.591584,0.33976,-0.018911,-0.64008,-0.688842,8.358406,125.923111,-24.15444,-0.131617,0.896007,0.103691,0.411213,-7.306237,125.077293,23.557888,0.345272,0.855449,0.286618,-0.258543,4.844146,127.994606,38.363094,0.073915,0.277406,0.537225,-0.793078,21.489216,116.26358,21.389904,0.129883,0.074519,0.669443,-0.727615,15.456727,134.46167,9.736204,0.029473,0.818177,0.179836,0.545323,-5.933267,87.595947,5.440077,0.144759,0.93674,-0.057341,0.31349,-0.661039,54.318558,-6.195129,0.007085,0.920148,-0.090676,0.380862,-14.471978,11.534497,-5.445703,-0.156425,0.751565,0.02546,0.640339,2.041605,86.710014,22.263033,0.068604,-0.565149,0.11949,-0.813401,11.58492,52.855694,28.039646,0.026016,0.84054,-0.051345,0.538684,6.33113,9.598717,39.130688,0.007085,0.920148,-0.090676,0.380862,-5.189518,3.169072,-14.161147,0.026016,0.84054,-0.051345,0.538684,18.352648,1.982932,33.691353
183,1.525,-0.024834,0.840769,0.083472,0.534343,-1.939657,87.149704,13.855378,-0.031048,0.840087,0.130264,0.525663,-2.94046,94.675591,14.725184,-0.018428,0.845296,0.090707,0.526221,-6.290041,111.751923,18.023514,0.128381,0.918699,-0.055464,0.369369,-8.84818,131.609436,20.729879,0.118436,0.955976,-0.214343,0.161679,-3.610554,145.122604,19.283953,-0.001871,0.81841,0.093634,0.566951,-10.629451,125.541138,16.909773,0.328113,-0.401018,0.272341,-0.810776,-17.548252,127.538742,-1.075673,0.233638,-0.138033,-0.475817,-0.836636,-3.497303,108.855415,-13.576427,0.339915,-0.019068,-0.640006,-0.68883,8.35811,125.894775,-24.132944,-0.132076,0.895855,0.103838,0.41136,-7.311265,125.062157,23.560726,0.345177,0.855486,0.286847,-0.258295,4.829742,127.991699,38.371201,0.074109,0.277459,0.537004,-0.793191,21.485079,116.263664,21.406015,0.129872,0.074833,0.669373,-0.727649,15.443277,134.453964,9.74515,0.029508,0.818174,0.179854,0.54532,-5.925704,87.591873,5.443202,0.144816,0.936717,-0.057378,0.313525,-0.65488,54.315079,-6.194337,0.005477,0.920333,-0.090886,0.38039,-14.471528,11.532876,-5.44403,-0.1564,0.751609,0.025539,0.64029,2.046391,86.707535,22.267555,0.068529,-0.565298,0.11958,-0.813291,11.592347,52.85294,28.038177,0.02598,0.840524,-0.051294,0.538715,6.330241,9.596994,39.129272,0.005477,0.920333,-0.090886,0.38039,-5.177729,3.179005,-14.158472,0.02598,0.840524,-0.051294,0.538715,18.353018,1.982845,33.690441
184,1.533333,-0.024828,0.840688,0.083181,0.534517,-1.935085,87.137642,13.861005,-0.031201,0.839997,0.130423,0.525758,-2.93363,94.664276,14.726944,-0.01852,0.845234,0.090749,0.526309,-6.292392,111.745544,18.027946,0.128433,0.918732,-0.055356,0.369286,-8.854855,131.602615,20.733509,0.118303,0.956103,-0.214056,0.161403,-3.617214,145.116074,19.290369,-0.001999,0.818456,0.093259,0.566947,-10.63412,125.533936,16.913063,0.329729,-0.401367,0.271602,-0.810195,-17.553122,127.519226,-1.073669,0.234622,-0.137336,-0.475885,-0.836436,-3.495718,108.835556,-13.566637,0.339982,-0.018743,-0.639881,-0.688922,8.360429,125.866989,-24.112705,-0.132083,0.895728,0.103685,0.411674,-7.317363,125.055649,23.564779,0.344836,0.855713,0.286604,-0.258266,4.813553,127.985954,38.383369,0.074092,0.277748,0.536686,-0.793306,21.482145,116.265465,21.426001,0.129888,0.074864,0.668877,-0.728099,15.432165,134.446747,9.754731,0.02955,0.818278,0.17994,0.545133,-5.917674,87.577309,5.447059,0.144915,0.936706,-0.057477,0.313493,-0.648547,54.302914,-6.198115,0.005255,0.920345,-0.090629,0.380425,-14.4761,11.524335,-5.441897,-0.156392,0.751515,0.025772,0.640393,2.047504,86.697983,22.27495,0.068526,-0.565162,0.119723,-0.813365,11.602822,52.844067,28.03405,0.025919,0.840539,-0.05108,0.538715,6.328457,9.591147,39.131145,0.005255,0.920345,-0.090629,0.380425,-5.177061,3.178792,-14.158731,0.025919,0.840539,-0.05108,0.538715,18.353725,1.982632,33.68993
185,1.541667,-0.024917,0.840702,0.083505,0.53444,-1.931462,87.140877,13.865322,-0.031325,0.839942,0.130428,0.525837,-2.933711,94.666611,14.734748,-0.018661,0.845144,0.090825,0.526436,-6.295469,111.741982,18.03216,0.128248,0.918787,-0.055458,0.369199,-8.864776,131.598282,20.736891,0.118337,0.956226,-0.213621,0.16123,-3.631133,145.112732,19.288479,-0.00209,0.818404,0.093262,0.56702,-10.640954,125.529083,16.915848,0.328309,-0.400229,0.273103,-0.81083,-17.556694,127.511833,-1.072419,0.234207,-0.137984,-0.475804,-0.836491,-3.494272,108.80455,-13.524336,0.340637,-0.019158,-0.640042,-0.688437,8.364814,125.84063,-24.092707,-0.131932,0.895661,0.103823,0.411832,-7.326267,125.051773,23.568666,0.344223,0.856017,0.286367,-0.258339,4.801158,127.97364,38.391781,0.07396,0.27791,0.536161,-0.793616,21.490139,116.273247,21.440575,0.129867,0.074942,0.668573,-0.728374,15.41948,134.442688,9.765689,0.029527,0.818255,0.179893,0.545183,-5.915503,87.582245,5.452152,0.144978,0.936791,-0.057351,0.313233,-0.646197,54.306557,-6.189234,0.005232,0.920353,-0.090782,0.380369,-14.475242,11.52831,-5.441596,-0.156288,0.75141,0.025771,0.640541,2.052579,86.699509,22.278492,0.068522,-0.565187,0.119729,-0.813347,11.601415,52.843285,28.034773,0.0259,0.840552,-0.051062,0.538697,6.326823,9.59045,39.132072,0.005232,0.920353,-0.090782,0.380369,-5.177891,3.179403,-14.157007,0.0259,0.840552,-0.051062,0.538697,18.352211,1.982592,33.690208
186,1.55,-0.024927,0.840675,0.08362,0.534464,-1.927733,87.137131,13.87009,-0.031444,0.839895,0.130462,0.525896,-2.931063,94.662567,14.74087,-0.01879,0.845086,0.090947,0.526502,-6.297246,111.737534,18.036858,0.128293,0.918811,-0.05533,0.369141,-8.873751,131.592743,20.74272,0.118144,0.956327,-0.213449,0.160999,-3.640383,145.107666,19.297703,-0.002259,0.818354,0.093277,0.56709,-10.647152,125.52327,16.920837,0.330088,-0.40066,0.27215,-0.810215,-17.559784,127.501213,-1.069148,0.235619,-0.136848,-0.475926,-0.836212,-3.488135,108.798454,-13.517436,0.341278,-0.018761,-0.640433,-0.687766,8.378768,125.834564,-24.071209,-0.132229,0.895622,0.103875,0.411809,-7.333585,125.046524,23.574253,0.34416,0.856074,0.286343,-0.258261,4.791542,127.977768,38.397396,0.074111,0.277787,0.535961,-0.793781,21.484993,116.27771,21.45038,0.12996,0.074849,0.668451,-0.728479,15.402285,134.440536,9.776065,0.029632,0.818141,0.179916,0.545342,-5.911298,87.579544,5.456752,0.145059,0.936752,-0.057367,0.313309,-0.644933,54.304874,-6.188888,0.006878,0.920112,-0.090369,0.381025,-14.481165,11.528918,-5.443363,-0.156382,0.751656,0.025898,0.640225,2.055831,86.694725,22.283428,0.068436,-0.565193,0.119859,-0.813331,11.617623,52.841042,28.033165,0.024318,0.840741,-0.051642,0.53842,6.329331,9.58994,39.130703,0.006878,0.920112,-0.090369,0.381025,-5.190755,3.172946,-14.159404,0.024318,0.840741,-0.051642,0.53842,18.365374,1.991962,33.698601
187,1.558333,-0.024962,0.84064,0.083507,0.534535,-1.930457,87.135399,13.880452,-0.031416,0.839878,0.130425,0.525934,-2.933399,94.661095,14.749423,-0.018932,0.845061,0.090857,0.526553,-6.296246,111.726509,18.04277,0.127956,0.918881,-0.055125,0.369114,-8.875827,131.582169,20.742422,0.118055,0.956426,-0.21308,0.160964,-3.653199,145.101395,19.298891,-0.002357,0.81834,0.093502,0.567073,-10.647866,125.511314,16.922077,0.330516,-0.400392,0.27224,-0.810143,-17.561241,127.491035,-1.067434,0.236241,-0.136616,-0.475901,-0.836089,-3.480765,108.781075,-13.494903,0.341906,-0.01877,-0.640434,-0.687454,8.389876,125.811554,-24.052057,-0.132265,0.895526,0.103685,0.412055,-7.335172,125.03698,23.576103,0.343821,0.856277,0.285969,-0.258454,4.781727,127.971016,38.405426,0.073833,0.277803,0.535678,-0.793992,21.482225,116.280449,21.458794,0.130153,0.075117,0.668247,-0.728604,15.386386,134.441589,9.789009,0.029645,0.818078,0.180025,0.5454,-5.912563,87.576256,5.46634,0.145142,0.936805,-0.057314,0.31312,-0.641857,54.304459,-6.185503,0.00678,0.919939,-0.089599,0.381625,-14.483324,11.530131,-5.444017,-0.156397,0.751598,0.02612,0.64028,2.051648,86.694542,22.294565,0.068381,-0.56525,0.119911,-0.813288,11.62384,52.842026,28.033865,0.024367,0.840704,-0.051622,0.538478,6.329744,9.591392,39.130447,0.00678,0.919939,-0.089599,0.381625,-5.174922,3.193645,-14.159521,0.024367,0.840704,-0.051622,0.538478,18.366135,1.993161,33.699463
188,1.566667,-0.025105,0.840617,0.083613,0.534548,-1.926273,87.132835,13.88993,-0.03144,0.839888,0.13031,0.525946,-2.931916,94.658157,14.759059,-0.019198,0.845034,0.090969,0.526568,-6.293046,111.722771,18.048222,0.127416,0.919014,-0.054614,0.369048,-8.88415,131.577194,20.745913,0.118394,0.956401,-0.213108,0.160826,-3.680615,145.104523,19.309361,-0.002489,0.818335,0.093586,0.567066,-10.652369,125.505005,16.925915,0.330763,-0.400151,0.272343,-0.810126,-17.566044,127.482391,-1.063736,0.236728,-0.136307,-0.475914,-0.835994,-3.47833,108.767212,-13.475135,0.342805,-0.018924,-0.64007,-0.68734,8.395357,125.795959,-24.030338,-0.132417,0.895483,0.103682,0.4121,-7.340065,125.033127,23.580307,0.343656,0.856366,0.285891,-0.258464,4.773827,127.972115,38.411102,0.073799,0.277603,0.535452,-0.794217,21.48008,116.286469,21.466749,0.130277,0.074836,0.667809,-0.729012,15.368277,134.446411,9.802629,0.02968,0.817461,0.180596,0.546133,-5.907994,87.572548,5.475575,0.145302,0.936565,-0.0577,0.313694,-0.606349,54.315567,-6.204528,0.006863,0.920005,-0.090079,0.381352,-14.471981,11.549401,-5.443759,-0.156286,0.751457,0.02614,0.640472,2.055449,86.693123,22.304285,0.068285,-0.565393,0.119882,-0.813201,11.621429,52.838219,28.039825,0.02398,0.840672,-0.051527,0.538553,6.326395,9.585759,39.128845,0.006863,0.920005,-0.090079,0.381352,-5.173057,3.200608,-14.1576,0.02398,0.840672,-0.051527,0.538553,18.36924,1.995244,33.701385
189,1.575,-0.025127,0.840599,0.083556,0.534584,-1.925642,87.130432,13.900441,-0.031508,0.839879,0.130226,0.525977,-2.931137,94.655876,14.768627,-0.019374,0.845003,0.091052,0.526597,-6.293082,111.722183,18.054176,0.12815,0.918836,-0.054965,0.369184,-8.892023,131.575729,20.750845,0.117443,0.956612,-0.21258,0.160968,-3.6658,145.094284,19.314081,-0.00205,0.818127,0.094103,0.567281,-10.657519,125.502731,16.930882,0.33076,-0.399766,0.273082,-0.810069,-17.561796,127.506195,-1.059495,0.237105,-0.136651,-0.475467,-0.836085,-3.479126,108.766914,-13.440201,0.343023,-0.01895,-0.639862,-0.687424,8.410095,125.7743,-24.01292,-0.132673,0.895408,0.103933,0.412116,-7.345761,125.032356,23.585651,0.343337,0.856487,0.285941,-0.258433,4.764999,127.975761,38.418133,0.073866,0.277501,0.535087,-0.794493,21.483738,116.302635,21.477463,0.130312,0.074708,0.667501,-0.729301,15.352326,134.454269,9.814039,0.029718,0.817453,0.180709,0.546106,-5.906631,87.569305,5.485696,0.145358,0.936507,-0.057727,0.313836,-0.603118,54.315399,-6.202292,0.007154,0.919937,-0.089967,0.381536,-14.47419,11.550975,-5.443012,-0.156279,0.751644,0.02615,0.640253,2.055346,86.691559,22.315186,0.06815,-0.565363,0.119832,-0.813241,11.623079,52.836533,28.047085,0.023921,0.8406,-0.051326,0.538689,6.324252,9.581348,39.123661,0.007154,0.919937,-0.089967,0.381536,-5.174875,3.20191,-14.156177,0.023921,0.8406,-0.051326,0.538689,18.371258,1.996186,33.697945
190,1.583333,-0.025227,0.84061,0.083565,0.534561,-1.923868,87.129738,13.909596,-0.031553,0.839899,0.130145,0.525962,-2.930708,94.655075,14.777096,-0.019593,0.844993,0.091155,0.526587,-6.292351,111.721527,18.059406,0.127465,0.918988,-0.054527,0.369109,-8.900933,131.573959,20.754887,0.117811,0.956583,-0.212544,0.160919,-3.696805,145.10141,19.321543,-0.002213,0.81808,0.094149,0.567341,-10.663385,125.499901,16.935205,0.330942,-0.399484,0.273142,-0.810113,-17.565022,127.499405,-1.056625,0.237506,-0.136516,-0.475295,-0.836091,-3.472158,108.757973,-13.422495,0.343338,-0.019002,-0.639777,-0.687345,8.425821,125.756851,-23.996437,-0.132895,0.895386,0.104021,0.41207,-7.351611,125.031494,23.590105,0.343088,0.856615,0.28583,-0.258462,4.75832,127.98127,38.421993,0.073825,0.27739,0.534793,-0.794733,21.485329,116.316048,21.484051,0.130466,0.07461,0.667047,-0.729699,15.337278,134.463165,9.82396,0.029725,0.817678,0.180657,0.545786,-5.905214,87.567078,5.494939,0.145428,0.936507,-0.057627,0.313822,-0.608803,54.311848,-6.192515,0.009312,0.919508,-0.08885,0.382785,-14.482861,11.548206,-5.44342,-0.156298,0.751672,0.026213,0.640213,2.057477,86.69239,22.324253,0.068075,-0.565592,0.119925,-0.813074,11.629333,52.838028,28.053162,0.023984,0.84067,-0.051276,0.538582,6.323046,9.583939,39.130444,0.009312,0.919508,-0.08885,0.382785,-5.18135,3.203615,-14.158526,0.023984,0.84067,-0.051276,0.538582,18.36825,1.998933,33.700508
191,1.591667,-0.025362,0.840634,0.083545,0.53452,-1.921831,87.129021,13.919819,-0.031617,0.839921,0.130061,0.525944,-2.93019,94.654312,14.785999,-0.019851,0.844975,0.091276,0.526585,-6.292325,111.722633,18.064981,0.127722,0.918889,-0.054663,0.369244,-8.912247,131.573776,20.759058,0.117178,0.956698,-0.212202,0.16115,-3.69979,145.098038,19.325947,-0.002326,0.818026,0.094152,0.567419,-10.671062,125.498474,16.939663,0.331104,-0.399033,0.273262,-0.810229,-17.569256,127.494751,-1.053844,0.237871,-0.136605,-0.475193,-0.836032,-3.460763,108.751007,-13.398361,0.343596,-0.019003,-0.639553,-0.687425,8.440162,125.740578,-23.98192,-0.133063,0.895395,0.104119,0.411972,-7.359395,125.032356,23.594778,0.342833,0.856736,0.285725,-0.258516,4.751958,127.986816,38.424576,0.073736,0.277312,0.5345,-0.794966,21.486776,116.33036,21.488302,0.130526,0.074623,0.66672,-0.729985,15.322518,134.474609,9.830832,0.029874,0.817465,0.180893,0.546019,-5.903872,87.563965,5.505367,0.145417,0.936302,-0.057835,0.314401,-0.603483,54.315449,-6.199352,0.009614,0.919512,-0.088928,0.382749,-14.482826,11.553684,-5.441057,-0.156199,0.751604,0.026227,0.640317,2.06021,86.694077,22.33427,0.068015,-0.565545,0.119885,-0.813118,11.626831,52.837551,28.059155,0.023871,0.840661,-0.051186,0.538608,6.3197,9.581855,39.129753,0.009614,0.919512,-0.088928,0.382749,-5.186659,3.204086,-14.157073,0.023871,0.840661,-0.051186,0.538608,18.367348,2.000478,33.700172
192,1.6,-0.02551,0.840677,0.083487,0.534455,-1.919085,87.131432,13.931127,-0.031759,0.83994,0.130021,0.525915,-2.928811,94.656754,14.795441,-0.020013,0.844974,0.091335,0.52657,-6.294033,111.723686,18.070433,0.127153,0.918983,-0.054253,0.369269,-8.920695,131.574127,20.763067,0.117376,0.956634,-0.212304,0.161252,-3.726831,145.106033,19.334608,-0.002499,0.818015,0.094229,0.567421,-10.677437,125.497963,16.944105,0.331335,-0.398696,0.27326,-0.810301,-17.575506,127.490471,-1.049866,0.238281,-0.136582,-0.475047,-0.836001,-3.452714,108.746788,-13.378117,0.343856,-0.018977,-0.639298,-0.687532,8.455131,125.727936,-23.968231,-0.13325,0.895364,0.104241,0.411948,-7.365635,125.03344,23.599264,0.342551,0.856851,0.285633,-0.258609,4.744546,127.992371,38.429123,0.073623,0.277315,0.534207,-0.795172,21.487022,116.346779,21.492954,0.130523,0.074724,0.666382,-0.730285,15.308777,134.486877,9.836483,0.029944,0.817488,0.180962,0.545957,-5.902282,87.563362,5.517068,0.14544,0.936432,-0.057721,0.314023,-0.604124,54.316914,-6.194563,0.009513,0.919528,-0.088968,0.382705,-14.481926,11.554566,-5.44095,-0.156044,0.751702,0.026146,0.640243,2.064112,86.699501,22.345184,0.067967,-0.56526,0.119768,-0.813337,11.619703,52.839218,28.066326,0.023567,0.840463,-0.051206,0.538929,6.314601,9.580403,39.125729,0.009513,0.919528,-0.088968,0.382705,-5.185486,3.205061,-14.156759,0.023567,0.840463,-0.051206,0.538929,18.370045,2.003056,33.707844
193,1.608333,-0.025516,0.84075,0.083402,0.534352,-1.923186,87.13446,13.94123,-0.03175,0.839978,0.129891,0.525887,-2.932184,94.659996,14.804532,-0.02026,0.844957,0.091433,0.526572,-6.294091,111.725296,18.075497,0.12741,0.91883,-0.054615,0.369506,-8.931278,131.5746,20.766144,0.116562,0.956758,-0.211807,0.16176,-3.726529,145.101791,19.332714,-0.00258,0.817993,0.093991,0.567491,-10.684609,125.497177,16.947628,0.331455,-0.398223,0.273272,-0.81048,-17.579571,127.482132,-1.048371,0.238592,-0.136564,-0.475053,-0.835912,-3.437155,108.741104,-13.35814,0.344116,-0.018949,-0.639194,-0.6875,8.470535,125.718559,-23.953796,-0.133395,0.895366,0.10431,0.411879,-7.372985,125.035004,23.603041,0.34225,0.857002,0.285445,-0.258716,4.737896,127.998161,38.431488,0.073695,0.277145,0.53413,-0.795277,21.48839,116.362526,21.496393,0.131105,0.074244,0.666312,-0.730293,15.302285,134.501938,9.843338,0.02997,0.817475,0.181055,0.545944,-5.90842,87.565254,5.528078,0.145369,0.936415,-0.057691,0.314113,-0.608306,54.321335,-6.189836,0.00744,0.919758,-0.089319,0.382115,-14.479483,11.556813,-5.438021,-0.155993,0.75156,0.026186,0.64042,2.062048,86.703659,22.354382,0.068035,-0.565072,0.119679,-0.813475,11.615489,52.842403,28.07332,0.023748,0.840661,-0.051008,0.538631,6.31768,9.582508,39.131989,0.00744,0.919758,-0.089319,0.382115,-5.168596,3.220332,-14.150876,0.023748,0.840661,-0.051008,0.538631,18.368553,2.006858,33.701572
194,1.616667,-0.025685,0.840814,0.083377,0.534248,-1.921206,87.135956,13.950788,-0.031958,0.840018,0.129802,0.525833,-2.932064,94.661423,14.812522,-0.020337,0.84498,0.091544,0.526512,-6.29882,111.729729,18.077703,0.127347,0.918809,-0.054574,0.369587,-8.940777,131.578094,20.770649,0.116227,0.956796,-0.211621,0.162017,-3.737788,145.106064,19.338175,-0.002946,0.817829,0.094521,0.567637,-10.692997,125.500595,16.951729,0.331619,-0.39784,0.273408,-0.810556,-17.581438,127.48616,-1.046696,0.238995,-0.136542,-0.474965,-0.83585,-3.426783,108.74147,-13.336809,0.344489,-0.018949,-0.639091,-0.687408,8.486191,125.713455,-23.940205,-0.133587,0.895384,0.10438,0.41176,-7.380477,125.038597,23.606707,0.341983,0.857137,0.285269,-0.258817,4.732215,128.007904,38.432442,0.073446,0.277212,0.533802,-0.795496,21.489603,116.381088,21.498121,0.130855,0.074439,0.666008,-0.730595,15.289298,134.51738,9.846692,0.030026,0.817541,0.181083,0.545833,-5.908357,87.563675,5.538389,0.145438,0.936364,-0.057652,0.314241,-0.611984,54.320728,-6.183973,0.010636,0.919318,-0.088604,0.383263,-14.487875,11.557609,-5.439332,-0.155848,0.751265,0.026112,0.640805,2.065946,86.708229,22.36319,0.068032,-0.564674,0.119488,-0.81378,11.605653,52.843468,28.084278,0.024343,0.840524,-0.050224,0.538891,6.315982,9.579438,39.130642,0.010636,0.919318,-0.088604,0.383263,-5.193415,3.205285,-14.154549,0.024343,0.840524,-0.050224,0.538891,18.369541,2.012668,33.69381
195,1.625,-0.025795,0.84085,0.083167,0.534218,-1.920713,87.137306,13.964629,-0.032119,0.840053,0.129677,0.525798,-2.931258,94.663223,14.822817,-0.020578,0.844987,0.091658,0.526471,-6.30074,111.734322,18.081856,0.127141,0.918782,-0.054638,0.369716,-8.953222,131.581436,20.773647,0.116001,0.956812,-0.211371,0.162408,-3.754524,145.110733,19.338182,-0.002383,0.818347,0.093658,0.567036,-10.702327,125.502762,16.955175,0.332274,-0.397239,0.272811,-0.810783,-17.617317,127.484962,-1.033439,0.240018,-0.136565,-0.474719,-0.835693,-3.420004,108.759438,-13.303537,0.344895,-0.018997,-0.639159,-0.687141,8.50237,125.709915,-23.925634,-0.133749,0.895437,0.104509,0.411559,-7.389323,125.042953,23.610062,0.341668,0.857308,0.285093,-0.258861,4.728101,128.016891,38.430996,0.07317,0.277282,0.533438,-0.795741,21.495687,116.399551,21.500273,0.130768,0.074702,0.665441,-0.7311,15.279775,134.531723,9.851246,0.030145,0.817015,0.181626,0.546433,-5.908345,87.561134,5.552261,0.145472,0.936234,-0.057996,0.314547,-0.58887,54.332726,-6.200822,0.00749,0.919787,-0.089673,0.381961,-14.477261,11.574075,-5.432854,-0.155805,0.751396,0.025974,0.640667,2.066918,86.713478,22.376997,0.067819,-0.564822,0.11935,-0.813715,11.599232,52.847256,28.101751,0.021753,0.840494,-0.05114,0.538963,6.310473,9.57765,39.12672,0.00749,0.919787,-0.089673,0.381961,-5.172255,3.228697,-14.143473,0.021753,0.840494,-0.05114,0.538963,18.388704,2.02806,33.720852
196,1.633333,-0.025968,0.840901,0.083125,0.534137,-1.919559,87.143616,13.977036,-0.032207,0.8401,0.129552,0.525749,-2.931885,94.669495,14.833368,-0.020771,0.844999,0.091745,0.526429,-6.301179,111.73996,18.087017,0.127118,0.91874,-0.054687,0.369821,-8.961966,131.586105,20.777746,0.115577,0.95687,-0.211131,0.162681,-3.763042,145.11525,19.341499,-0.002526,0.818366,0.093801,0.566985,-10.708686,125.506462,16.959734,0.332436,-0.396827,0.272789,-0.810926,-17.625898,127.487091,-1.028203,0.240636,-0.136431,-0.474614,-0.835597,-3.410627,108.764267,-13.281631,0.34549,-0.018929,-0.639369,-0.686648,8.518045,125.705994,-23.91036,-0.133937,0.895485,0.104463,0.411407,-7.395132,125.048462,23.614475,0.341255,0.857569,0.284668,-0.259007,4.72521,128.030502,38.4314,0.073048,0.277316,0.533047,-0.796003,21.503771,116.423569,21.504395,0.130954,0.074783,0.665292,-0.731195,15.269693,134.550339,9.854509,0.030233,0.816852,0.181746,0.546633,-5.908645,87.564171,5.565189,0.145526,0.936257,-0.05791,0.314472,-0.58667,54.339252,-6.196626,0.009516,0.919407,-0.088984,0.382991,-14.477067,11.581114,-5.436335,-0.1557,0.751511,0.025851,0.640562,2.069527,86.723053,22.388882,0.067791,-0.564743,0.119208,-0.813793,11.591641,52.854027,28.114033,0.021955,0.840513,-0.051176,0.538921,6.310438,9.581041,39.129353,0.009516,0.919407,-0.088984,0.382991,-5.174992,3.231427,-14.145962,0.021955,0.840513,-0.051176,0.538921,18.385387,2.027693,33.721397
197,1.641667,-0.026058,0.840974,0.083,0.534036,-1.921236,87.14753,13.988468,-0.032021,0.840172,0.129632,0.525625,-2.93361,94.67366,14.84259,-0.021308,0.845027,0.091556,0.526397,-6.299994,111.752068,18.104155,0.127069,0.918707,-0.054504,0.369947,-8.974992,131.598709,20.777126,0.115404,0.956897,-0.210976,0.162848,-3.778785,145.129425,19.346003,-0.003356,0.817719,0.094485,0.567801,-10.717288,125.514412,16.964495,0.332017,-0.396569,0.273407,-0.811016,-17.598459,127.486786,-1.038165,0.240501,-0.136107,-0.474872,-0.835542,-3.390226,108.749458,-13.277556,0.346062,-0.018743,-0.639472,-0.686269,8.532706,125.706696,-23.894558,-0.13394,0.89555,0.104527,0.411248,-7.403564,125.06472,23.619717,0.341066,0.857707,0.284473,-0.259013,4.721816,128.046814,38.432514,0.072921,0.277537,0.532811,-0.796096,21.507044,116.443382,21.509718,0.130878,0.07488,0.664614,-0.731814,15.268028,134.562347,9.856122,0.030372,0.816955,0.181674,0.546495,-5.91224,87.565231,5.577389,0.145375,0.936254,-0.057776,0.314575,-0.6032,54.339035,-6.186664,0.008621,0.919498,-0.088962,0.382798,-14.477558,11.575538,-5.434724,-0.155617,0.751544,0.025734,0.640548,2.069767,86.729828,22.399548,0.067763,-0.564752,0.119059,-0.813811,11.582463,52.858536,28.126986,0.023459,0.840512,-0.05058,0.538917,6.310655,9.582016,39.1329,0.008621,0.919498,-0.088962,0.382798,-5.166951,3.235581,-14.144552,0.023459,0.840512,-0.05058,0.538917,18.372297,2.020118,33.70723
198,1.65,-0.026212,0.841115,0.08238,0.533903,-1.925453,87.159012,14.013259,-0.032337,0.840264,0.12953,0.525483,-2.934634,94.686592,14.858394,-0.021411,0.845123,0.091477,0.526251,-6.305437,111.752335,18.109184,0.126993,0.918648,-0.054565,0.37011,-8.981803,131.59938,20.777763,0.115001,0.956912,-0.210714,0.163385,-3.78643,145.130295,19.34536,-0.003442,0.817684,0.094632,0.567825,-10.72465,125.513878,16.967314,0.332175,-0.396262,0.273283,-0.811143,-17.604723,127.486885,-1.035695,0.24104,-0.13572,-0.474898,-0.835435,-3.379983,108.75515,-13.264474,0.346679,-0.018547,-0.639717,-0.685735,8.547027,125.71241,-23.878271,-0.13436,0.895573,0.104524,0.411061,-7.408717,125.066315,23.621576,0.340827,0.857884,0.284159,-0.259087,4.718247,128.06395,38.429935,0.072863,0.277649,0.532165,-0.796494,21.510073,116.464981,21.510633,0.129963,0.075456,0.665396,-0.731207,15.243345,134.569763,9.852196,0.030363,0.817601,0.181441,0.545606,-5.918955,87.567863,5.602933,0.145239,0.936386,-0.057387,0.314315,-0.631386,54.335602,-6.153646,0.007493,0.919776,-0.089251,0.382087,-14.48369,11.564535,-5.426512,-0.155387,0.751647,0.02573,0.640484,2.068049,86.75016,22.423586,0.067656,-0.564854,0.118821,-0.813784,11.569246,52.873741,28.139782,0.021933,0.840472,-0.051499,0.538956,6.310326,9.590832,39.126724,0.007493,0.919776,-0.089251,0.382087,-5.173708,3.229057,-14.141293,0.021933,0.840472,-0.051499,0.538956,18.383402,2.030656,33.724133
199,1.658333,-0.026253,0.841193,0.08227,0.533794,-1.929093,87.165161,14.025146,-0.032408,0.84036,0.129399,0.525357,-2.937796,94.692978,14.868677,-0.021716,0.845189,0.091506,0.526128,-6.307439,111.757767,18.114439,0.12622,0.918783,-0.054437,0.370058,-8.994447,131.604065,20.777876,0.115261,0.9569,-0.210439,0.163626,-3.820326,145.142532,19.340017,-0.003522,0.817654,0.094761,0.567847,-10.734698,125.516472,16.969574,0.332271,-0.395869,0.27321,-0.81132,-17.613796,127.489868,-1.033767,0.24134,-0.135527,-0.474856,-0.835404,-3.370459,108.763588,-13.249262,0.346881,-0.018488,-0.639726,-0.685626,8.561023,125.71907,-23.861704,-0.134789,0.895632,0.104481,0.410802,-7.417027,125.072716,23.623228,0.340735,0.858018,0.283944,-0.258998,4.713693,128.08728,38.425072,0.07304,0.277448,0.53221,-0.796518,21.51129,116.485771,21.513241,0.130794,0.075037,0.665264,-0.731222,15.241774,134.590942,9.857484,0.030452,0.817658,0.181411,0.545526,-5.924726,87.572075,5.615736,0.145187,0.936278,-0.05733,0.314672,-0.644675,54.33942,-6.143113,0.009042,0.91955,-0.08896,0.382665,-14.491441,11.566416,-5.424545,-0.155317,0.751747,0.025606,0.640388,2.06654,86.758247,22.434555,0.067672,-0.56488,0.118653,-0.813789,11.559298,52.879845,28.152985,0.022545,0.840694,-0.051299,0.538604,6.313632,9.593529,39.132816,0.009042,0.91955,-0.08896,0.382665,-5.1893,3.221988,-14.139133,0.022545,0.840694,-0.051299,0.538604,18.376261,2.028836,33.713238
200,1.666667,-0.026339,0.841263,0.082598,0.533629,-1.927072,87.165031,14.026759,-0.032206,0.840453,0.129465,0.525205,-2.939374,94.691963,14.873949,-0.022245,0.845227,0.091445,0.526055,-6.305842,111.767891,18.128187,0.126177,0.91875,-0.054323,0.370171,-9.009385,131.613708,20.778481,0.115132,0.956901,-0.210344,0.163833,-3.837163,145.153244,19.343908,-0.003629,0.817639,0.094772,0.567866,-10.744753,125.522087,16.974377,0.332261,-0.395266,0.273211,-0.811617,-17.622948,127.492416,-1.029636,0.241579,-0.135588,-0.475033,-0.835224,-3.354357,108.772621,-13.225569,0.347111,-0.018135,-0.639653,-0.685587,8.568902,125.729355,-23.846813,-0.134874,0.895741,0.104731,0.410473,-7.426288,125.085594,23.628111,0.34047,0.858132,0.283953,-0.25896,4.714015,128.101044,38.421909,0.073111,0.277326,0.531897,-0.796763,21.522215,116.509094,21.514061,0.130918,0.074934,0.664999,-0.731452,15.234074,134.610367,9.857674,0.030519,0.817722,0.181304,0.545461,-5.925895,87.573563,5.618949,0.145105,0.936277,-0.057233,0.31473,-0.654848,54.338455,-6.136999,0.008107,0.919665,-0.088993,0.382402,-14.492226,11.562303,-5.425001,-0.155283,0.75156,0.025385,0.640625,2.071751,86.7565,22.43457,0.067625,-0.564696,0.118529,-0.813938,11.550953,52.876549,28.166258,0.0221,0.84062,-0.051313,0.538736,6.309231,9.587029,39.135342,0.008107,0.919665,-0.088993,0.382402,-5.182775,3.226671,-14.140198,0.0221,0.84062,-0.051313,0.538736,18.378862,2.028494,33.722778
201,1.675,-0.026524,0.84139,0.082012,0.53351,-1.932272,87.175842,14.051416,-0.032245,0.840562,0.129257,0.525079,-2.942076,94.704094,14.88978,-0.022567,0.845281,0.091494,0.525947,-6.30396,111.774567,18.136353,0.125778,0.918835,-0.054082,0.370132,-9.01921,131.619431,20.781796,0.115192,0.956905,-0.210238,0.163901,-3.859742,145.164017,19.348875,-0.004166,0.817568,0.095221,0.567889,-10.751529,125.525726,16.979647,0.33243,-0.395095,0.272961,-0.811716,-17.628584,127.488983,-1.025581,0.241822,-0.135286,-0.475245,-0.835082,-3.345562,108.778,-13.218149,0.347341,-0.017594,-0.639555,-0.685576,8.570856,125.739906,-23.833424,-0.134813,0.895844,0.104624,0.410297,-7.431584,125.093056,23.632896,0.340119,0.858335,0.283499,-0.259245,4.714952,128.109314,38.421417,0.072676,0.277356,0.531676,-0.79694,21.527985,116.527763,21.511251,0.130962,0.075066,0.664837,-0.731578,15.229172,134.633072,9.861135,0.030473,0.817994,0.181427,0.545015,-5.933293,87.575409,5.644217,0.145102,0.936372,-0.056993,0.31449,-0.661162,54.343246,-6.119605,0.008373,0.919657,-0.089063,0.3824,-14.491547,11.564559,-5.424136,-0.154987,0.751431,0.025326,0.64085,2.068749,86.776276,22.458616,0.067687,-0.564674,0.118208,-0.813996,11.528344,52.889549,28.182707,0.022585,0.840816,-0.051293,0.538412,6.312481,9.593946,39.140133,0.008373,0.919657,-0.089063,0.3824,-5.186191,3.224523,-14.139499,0.022585,0.840816,-0.051293,0.538412,18.372097,2.028742,33.714561
202,1.683333,-0.027168,0.841478,0.082486,0.533267,-1.926473,87.165359,14.062354,-0.032133,0.840698,0.128855,0.524967,-2.948156,94.691887,14.901763,-0.022822,0.845314,0.09159,0.525866,-6.302052,111.782433,18.142269,0.125902,0.918832,-0.054134,0.370089,-9.027761,131.626129,20.785751,0.114983,0.956988,-0.209987,0.163883,-3.86472,145.169312,19.352526,-0.004457,0.817518,0.095442,0.567922,-10.757255,125.531044,16.984537,0.332516,-0.394946,0.27276,-0.811821,-17.632744,127.490112,-1.021741,0.241784,-0.135116,-0.475288,-0.835096,-3.337671,108.787086,-13.212377,0.347054,-0.017466,-0.639507,-0.685769,8.57946,125.753845,-23.821217,-0.135033,0.895897,0.104713,0.410086,-7.436214,125.100945,23.637407,0.339858,0.858468,0.283305,-0.259361,4.714742,128.124542,38.420792,0.07231,0.277517,0.531129,-0.797282,21.534012,116.551521,21.510981,0.130199,0.075702,0.664601,-0.731862,15.212906,134.650116,9.860924,0.030538,0.818175,0.181489,0.544719,-5.931682,87.559113,5.656876,0.145132,0.936313,-0.056984,0.314654,-0.665176,54.328846,-6.114799,0.008149,0.919659,-0.088696,0.382485,-14.497869,11.550844,-5.42341,-0.15483,0.751409,0.02515,0.640921,2.078734,86.771599,22.467833,0.06767,-0.564541,0.118099,-0.814105,11.521766,52.880783,28.195009,0.022629,0.840857,-0.050931,0.538381,6.311047,9.582654,39.144882,0.008149,0.919659,-0.088696,0.382485,-5.185565,3.221773,-14.141832,0.022629,0.840857,-0.050931,0.538381,18.372641,2.024845,33.713413
203,1.691667,-0.027245,0.841587,0.082345,0.533112,-1.930713,87.170387,14.07679,-0.032133,0.840825,0.128647,0.524815,-2.95209,94.697205,14.913956,-0.023116,0.845391,0.091658,0.525718,-6.301377,111.788712,18.148857,0.125619,0.918911,-0.053928,0.37002,-9.038098,131.631348,20.788872,0.114997,0.957003,-0.209889,0.163915,-3.884574,145.17836,19.357441,-0.00464,0.817475,0.095555,0.567964,-10.765049,125.534424,16.989445,0.331177,-0.394227,0.273451,-0.812485,-17.638632,127.490341,-1.017901,0.241063,-0.135443,-0.475375,-0.835202,-3.333502,108.78862,-13.198739,0.346938,-0.01713,-0.639536,-0.68581,8.580694,125.769218,-23.810503,-0.135186,0.895941,0.104694,0.409943,-7.441884,125.107727,23.641472,0.339543,0.858656,0.282939,-0.25955,4.712012,128.137756,38.421124,0.072237,0.277321,0.530888,-0.797517,21.537437,116.573509,21.511442,0.130462,0.075578,0.664972,-0.731492,15.20021,134.669937,9.868445,0.030485,0.818338,0.181509,0.544471,-5.938919,87.561226,5.672606,0.145122,0.936444,-0.056743,0.314314,-0.672105,54.331261,-6.099775,0.008275,0.919635,-0.088666,0.382546,-14.497152,11.550546,-5.423272,-0.154814,0.75168,0.025117,0.640608,2.077493,86.779549,22.480974,0.067556,-0.564568,0.118025,-0.814107,11.520609,52.888264,28.205227,0.023986,0.840673,-0.050585,0.538642,6.309743,9.587169,39.143314,0.008275,0.919635,-0.088666,0.382546,-5.185161,3.220898,-14.141476,0.023986,0.840673,-0.050585,0.538642,18.361319,2.017473,33.706169
204,1.7,-0.027398,0.841675,0.082222,0.532983,-1.930648,87.173866,14.093534,-0.032213,0.840941,0.128413,0.524681,-2.952866,94.700867,14.928047,-0.02338,0.845465,0.091709,0.525577,-6.299732,111.794327,18.155163,0.125563,0.91893,-0.053832,0.370004,-9.046125,131.636093,20.791708,0.114782,0.957038,-0.209785,0.163994,-3.89505,145.184219,19.362062,-0.004565,0.817519,0.095358,0.567933,-10.770908,125.537468,16.994038,0.331226,-0.394092,0.273256,-0.812596,-17.645868,127.491318,-1.013012,0.241166,-0.135232,-0.475609,-0.835073,-3.329416,108.797745,-13.193062,0.347031,-0.016636,-0.639602,-0.685713,8.575953,125.784775,-23.799736,-0.135404,0.895992,0.104776,0.409739,-7.44573,125.113914,23.64526,0.339499,0.858667,0.282895,-0.259621,4.712351,128.151337,38.419952,0.072061,0.277303,0.530855,-0.797561,21.537409,116.58934,21.508358,0.130652,0.075431,0.66394,-0.73241,15.198022,134.688324,9.869445,0.030459,0.818715,0.181389,0.543944,-5.941254,87.56086,5.690318,0.145098,0.9365,-0.05645,0.31421,-0.685209,54.327667,-6.07776,0.007941,0.919645,-0.088593,0.382545,-14.500135,11.543333,-5.423566,-0.154564,0.751551,0.025005,0.640824,2.079957,86.78688,22.496752,0.067521,-0.564584,0.117805,-0.81413,11.503489,52.889664,28.218185,0.023754,0.840707,-0.050597,0.538598,6.30676,9.583494,39.142876,0.007941,0.919645,-0.088593,0.382545,-5.183157,3.218885,-14.141408,0.023754,0.840707,-0.050597,0.538598,18.360455,2.016896,33.70612
205,1.708333,-0.027535,0.841784,0.082066,0.532828,-1.933761,87.177849,14.109294,-0.032285,0.841061,0.128192,0.524538,-2.95632,94.705132,14.940887,-0.023691,0.845537,0.091755,0.52544,-6.300787,111.80098,18.160877,0.125348,0.918928,-0.053833,0.370082,-9.058343,131.641815,20.792772,0.114625,0.957019,-0.209698,0.164324,-3.912543,145.191757,19.361307,-0.004716,0.817479,0.095477,0.56797,-10.780447,125.541138,16.997179,0.331582,-0.39414,0.272854,-0.812562,-17.653728,127.49295,-1.010732,0.241414,-0.134839,-0.475771,-0.834973,-3.327682,108.808861,-13.19406,0.347083,-0.016346,-0.639755,-0.68555,8.574171,125.80098,-23.790958,-0.135546,0.896062,0.104898,0.409507,-7.453342,125.121353,23.647676,0.339144,0.858865,0.282645,-0.259699,4.710611,128.163055,38.416653,0.07197,0.277178,0.530588,-0.79779,21.546284,116.611374,21.508581,0.130969,0.075256,0.663738,-0.732554,15.19143,134.706711,9.875018,0.030482,0.818905,0.181454,0.543636,-5.947304,87.560852,5.707296,0.145035,0.936498,-0.056302,0.31427,-0.694431,54.329456,-6.067285,0.00801,0.919637,-0.088608,0.38256,-14.500181,11.541984,-5.42458,-0.154463,0.7517,0.02496,0.640676,2.079782,86.794846,22.511292,0.067487,-0.564928,0.117718,-0.813907,11.497245,52.89526,28.228649,0.024052,0.840828,-0.050659,0.53839,6.309619,9.586817,39.148666,0.00801,0.919637,-0.088608,0.38256,-5.183931,3.216468,-14.142185,0.024052,0.840828,-0.050659,0.53839,18.356424,2.014482,33.704617
206,1.716667,-0.027516,0.841922,0.081839,0.532646,-1.941487,87.180649,14.126794,-0.032361,0.84118,0.127897,0.524416,-2.961786,94.708511,14.95587,-0.023866,0.845608,0.091774,0.525314,-6.30281,111.807755,18.166513,0.125118,0.918964,-0.05379,0.370078,-9.066333,131.648117,20.795746,0.114556,0.95701,-0.209651,0.164484,-3.926858,145.200302,19.362848,-0.005152,0.817448,0.095797,0.567958,-10.787371,125.546204,17.001633,0.332279,-0.394471,0.272359,-0.812283,-17.661032,127.491188,-1.006873,0.241765,-0.134192,-0.475975,-0.83486,-3.334482,108.812073,-13.197231,0.347266,-0.016315,-0.639962,-0.685265,8.572121,125.822723,-23.783377,-0.135684,0.896109,0.104976,0.40934,-7.458413,125.128677,23.651346,0.338858,0.85902,0.282436,-0.259787,4.709391,128.174835,38.416237,0.071885,0.277093,0.530334,-0.797996,21.552916,116.631866,21.510038,0.131144,0.075178,0.663567,-0.732686,15.183928,134.724182,9.879945,0.030501,0.818853,0.181504,0.543697,-5.958667,87.561348,5.726427,0.144992,0.936595,-0.056066,0.314044,-0.704075,54.331326,-6.051277,0.008165,0.919642,-0.08851,0.382568,-14.499621,11.540336,-5.423803,-0.154386,0.751838,0.02497,0.640532,2.075693,86.799957,22.527161,0.067396,-0.565002,0.117588,-0.813882,11.490752,52.898693,28.238579,0.024029,0.8408,-0.050708,0.53843,6.308731,9.586414,39.146034,0.008165,0.919642,-0.08851,0.382568,-5.184758,3.215505,-14.143547,0.024029,0.8408,-0.050708,0.53843,18.355955,2.013332,33.703953
207,1.725,-0.027596,0.842054,0.081744,0.532449,-1.947849,87.181511,14.143888,-0.032294,0.841304,0.127596,0.524294,-2.968207,94.709549,14.97134,-0.024153,0.845658,0.091777,0.52522,-6.301405,111.812653,18.175125,0.124871,0.919044,-0.053611,0.369987,-9.07451,131.65242,20.798637,0.114587,0.957029,-0.209632,0.164376,-3.943414,145.207932,19.367079,-0.005201,0.817457,0.095792,0.567944,-10.79308,125.548485,17.006699,0.332794,-0.394691,0.271516,-0.812248,-17.667311,127.491776,-1.001777,0.242063,-0.133817,-0.476223,-0.834691,-3.32564,108.834854,-13.208333,0.347429,-0.016366,-0.640204,-0.684956,8.563595,125.838089,-23.77845,-0.135732,0.896231,0.104598,0.409153,-7.462844,125.134697,23.656004,0.338411,0.859413,0.281552,-0.260032,4.710403,128.189926,38.414532,0.071606,0.277214,0.529911,-0.798261,21.563257,116.651764,21.514341,0.131326,0.074931,0.66312,-0.733083,15.177133,134.738281,9.884606,0.030278,0.819489,0.181248,0.542835,-5.968871,87.559647,5.745244,0.145049,0.936757,-0.055547,0.313627,-0.723718,54.322018,-6.015171,0.010739,0.919279,-0.087675,0.383567,-14.509461,11.527318,-5.426793,-0.154337,0.752034,0.024961,0.640314,2.073172,86.803383,22.542534,0.067314,-0.56509,0.117519,-0.813838,11.486949,52.901012,28.249472,0.023865,0.840838,-0.05086,0.538363,6.306811,9.586275,39.148064,0.010739,0.919279,-0.087675,0.383567,-5.204728,3.195814,-14.150974,0.023865,0.840838,-0.05086,0.538363,18.353888,2.012166,33.707081
208,1.733333,-0.02773,0.842167,0.081522,0.532297,-1.951934,87.18306,14.164281,-0.032344,0.841407,0.127241,0.524211,-2.97207,94.711533,14.987975,-0.024286,0.845702,0.091868,0.525127,-6.299984,111.817993,18.180883,0.125033,0.919046,-0.053377,0.369963,-9.079254,131.65683,20.804947,0.11428,0.95705,-0.209797,0.164258,-3.9464,145.212479,19.381096,-0.005676,0.817468,0.09597,0.567895,-10.796474,125.552322,17.013308,0.332731,-0.394796,0.271174,-0.812337,-17.672682,127.484283,-0.995623,0.241879,-0.13361,-0.476458,-0.834644,-3.325607,108.84024,-13.215497,0.34715,-0.015806,-0.64024,-0.685077,8.556298,125.855782,-23.776289,-0.135955,0.896261,0.10466,0.408997,-7.464883,125.139633,23.662004,0.338215,0.859521,0.281392,-0.260102,4.710947,128.202438,38.416828,0.071456,0.277209,0.529712,-0.798407,21.568865,116.670052,21.517757,0.131364,0.074946,0.662759,-0.733401,15.173292,134.754532,9.890781,0.030383,0.819353,0.181512,0.542947,-5.975818,87.55658,5.766804,0.144957,0.936808,-0.055502,0.313526,-0.724851,54.326256,-6.011637,0.007928,0.919679,-0.088323,0.382528,-14.501715,11.528698,-5.422837,-0.154223,0.752231,0.025033,0.640107,2.071951,86.809532,22.561758,0.067249,-0.565367,0.117453,-0.81366,11.484727,52.904915,28.256979,0.024023,0.840885,-0.050886,0.53828,6.30971,9.587982,39.149261,0.007928,0.919679,-0.088323,0.382528,-5.18332,3.210669,-14.145297,0.024023,0.840885,-0.050886,0.53828,18.353548,2.011002,33.705128
209,1.741667,-0.027759,0.8423,0.081413,0.532102,-1.959983,87.18029,14.182763,-0.032406,0.841544,0.126789,0.524097,-2.979427,94.709007,15.005075,-0.024498,0.84577,0.091918,0.524998,-6.301078,111.822716,18.184704,0.124729,0.919104,-0.053347,0.369926,-9.088263,131.660767,20.806343,0.114318,0.957033,-0.209763,0.164374,-3.963633,145.219223,19.379707,-0.005666,0.817447,0.095997,0.567921,-10.803798,125.554909,17.016098,0.332473,-0.394762,0.271144,-0.812469,-17.678879,127.4879,-0.993156,0.241591,-0.13364,-0.476607,-0.834638,-3.329468,108.849274,-13.218552,0.347049,-0.016155,-0.640631,-0.684754,8.545455,125.871887,-23.775726,-0.136019,0.896312,0.104766,0.408836,-7.470356,125.144722,23.664019,0.337905,0.859687,0.281249,-0.260111,4.709904,128.208984,38.414883,0.071231,0.27713,0.529396,-0.798665,21.578676,116.685928,21.520271,0.131301,0.074969,0.662547,-0.733602,15.16594,134.768692,9.899012,0.030354,0.819355,0.18172,0.542875,-5.987711,87.55191,5.787043,0.14502,0.93683,-0.05537,0.313453,-0.727908,54.326843,-6.00229,0.010931,0.919306,-0.087736,0.383484,-14.506321,11.529625,-5.425344,-0.154203,0.752354,0.025128,0.639964,2.067745,86.808662,22.578482,0.067137,-0.565373,0.117405,-0.813672,11.484866,52.90395,28.265949,0.023922,0.840865,-0.050896,0.538316,6.307509,9.584662,39.147762,0.010931,0.919306,-0.087736,0.383484,-5.206268,3.194645,-14.151195,0.023922,0.840865,-0.050896,0.538316,18.352968,2.00892,33.705479
210,1.75,-0.027889,0.842688,0.080832,0.531569,-1.978318,87.168861,14.214078,-0.032413,0.841744,0.126146,0.523931,-2.994212,94.698914,15.028567,-0.024645,0.845822,0.091898,0.524912,-6.304747,111.824287,18.191063,0.124562,0.919132,-0.053376,0.369908,-9.096252,131.662186,20.809164,0.114292,0.957025,-0.209749,0.164455,-3.97568,145.221893,19.379816,-0.005625,0.817407,0.096016,0.567974,-10.810969,125.555168,17.020451,0.332918,-0.395159,0.270746,-0.812226,-17.683706,127.490067,-0.989497,0.241367,-0.133618,-0.4767,-0.834653,-3.33953,108.855728,-13.227566,0.346473,-0.016273,-0.640247,-0.685402,8.526402,125.876579,-23.775496,-0.136111,0.896385,0.104821,0.408632,-7.476288,125.147118,23.667881,0.337645,0.859842,0.281067,-0.260131,4.709469,128.214935,38.413467,0.071022,0.277011,0.52914,-0.798894,21.587,116.698715,21.522926,0.131319,0.074855,0.662289,-0.733843,15.158842,134.78154,9.908361,0.030125,0.819405,0.182347,0.542602,-6.01649,87.531685,5.82299,0.144993,0.936989,-0.055255,0.31301,-0.722699,54.321907,-5.994166,0.007802,0.919781,-0.088269,0.382296,-14.495447,11.522836,-5.419614,-0.154181,0.752524,0.025359,0.63976,2.059853,86.806038,22.605165,0.066991,-0.565764,0.117401,-0.813413,11.48779,52.901657,28.276676,0.024127,0.840938,-0.050693,0.538211,6.30842,9.580517,39.15015,0.007802,0.919781,-0.088269,0.382296,-5.179694,3.207199,-14.147175,0.024127,0.840938,-0.050693,0.538211,18.351645,2.006298,33.700802
211,1.758333,-0.027915,0.842614,0.081,0.531659,-1.975866,87.173485,14.22413,-0.032633,0.841797,0.126075,0.523849,-2.993541,94.703102,15.04044,-0.02463,0.845932,0.091858,0.524742,-6.308808,111.827408,18.196859,0.124421,0.919196,-0.05279,0.369881,-9.098419,131.665649,20.814484,0.114185,0.956963,-0.210128,0.164411,-3.987373,145.230377,19.398699,-0.00574,0.817385,0.095963,0.568014,-10.814927,125.558388,17.02696,0.333391,-0.395758,0.270408,-0.811853,-17.685854,127.488647,-0.984168,0.241271,-0.133249,-0.476811,-0.834677,-3.357086,108.853722,-13.239378,0.346032,-0.016301,-0.640537,-0.685353,8.513368,125.891098,-23.77652,-0.13624,0.896416,0.104855,0.408513,-7.477569,125.150726,23.673073,0.337474,0.859954,0.280936,-0.260126,4.710582,128.223114,38.415726,0.070775,0.277043,0.52887,-0.799084,21.594372,116.710831,21.52877,0.131047,0.074932,0.66185,-0.734279,15.15429,134.791153,9.917567,0.030162,0.819371,0.182275,0.542676,-6.012212,87.537743,5.832228,0.144998,0.937063,-0.055082,0.312817,-0.722346,54.326241,-5.981862,0.007225,0.91995,-0.089011,0.38173,-14.4906,11.525568,-5.419155,-0.154226,0.752701,0.025496,0.639536,2.06048,86.809227,22.616032,0.066876,-0.566,0.117549,-0.813237,11.49862,52.906342,28.279463,0.024131,0.840955,-0.050916,0.538163,6.305833,9.586957,39.153511,0.007225,0.91995,-0.089011,0.38173,-5.182756,3.198207,-14.14397,0.024131,0.840955,-0.050916,0.538163,18.346558,2.00773,33.705616
212,1.766667,-0.028162,0.842798,0.080943,0.531364,-1.981792,87.167259,14.246104,-0.032795,0.841974,0.125668,0.523652,-3.001894,94.6968,15.060024,-0.024684,0.846065,0.091825,0.524531,-6.313827,111.82476,18.202389,0.124349,0.919257,-0.052677,0.369769,-9.103936,131.663132,20.818481,0.114149,0.956959,-0.210186,0.164383,-3.996166,145.229233,19.404078,-0.005744,0.817278,0.095975,0.568166,-10.821739,125.555161,17.032681,0.332887,-0.395952,0.270526,-0.811926,-17.685965,127.48613,-0.98093,0.240642,-0.133274,-0.476954,-0.834772,-3.368707,108.852242,-13.25116,0.345619,-0.016114,-0.640531,-0.685571,8.494808,125.900543,-23.77726,-0.136333,0.89646,0.104873,0.40838,-7.481118,125.148773,23.677231,0.337294,0.860061,0.280798,-0.260154,4.710278,128.224884,38.41642,0.070505,0.27697,0.528678,-0.79926,21.599779,116.717422,21.531885,0.13091,0.074838,0.661523,-0.734608,15.148452,134.799561,9.927562,0.030125,0.819432,0.18264,0.542463,-6.023741,87.526527,5.856684,0.145556,0.936998,-0.055403,0.312695,-0.720474,54.324364,-5.977633,0.011813,0.919104,-0.087986,0.383884,-14.543322,11.541453,-5.402307,-0.1541,0.752809,0.025553,0.639436,2.060157,86.807991,22.635525,0.06673,-0.566181,0.117426,-0.813141,11.49519,52.902542,28.288837,0.024036,0.840916,-0.050802,0.53824,6.306109,9.578792,39.147247,0.011813,0.919104,-0.087986,0.383884,-5.248788,3.191727,-14.11994,0.024036,0.840916,-0.050802,0.53824,18.349937,2.003487,33.700745
213,1.775,-0.028431,0.842955,0.08071,0.531135,-1.989162,87.157143,14.271233,-0.032994,0.842093,0.125239,0.523551,-3.010623,94.687027,15.080256,-0.024746,0.846129,0.091797,0.524429,-6.321162,111.823227,18.207619,0.124863,0.919125,-0.052944,0.369886,-9.112474,131.661682,20.821762,0.113597,0.957001,-0.210113,0.164615,-3.988509,145.221619,19.406805,-0.005648,0.817195,0.095822,0.568312,-10.83058,125.55307,17.037144,0.332726,-0.39625,0.270381,-0.811895,-17.688442,127.484299,-0.978862,0.240408,-0.132995,-0.477056,-0.834826,-3.379539,108.855225,-13.26614,0.345558,-0.016021,-0.640688,-0.685458,8.482591,125.912842,-23.77739,-0.136397,0.896536,0.104923,0.408179,-7.488421,125.147842,23.680992,0.336932,0.860306,0.280555,-0.260076,4.708653,128.226608,38.414932,0.070373,0.276946,0.528294,-0.799534,21.613222,116.726791,21.540281,0.13087,0.074634,0.661218,-0.73491,15.143031,134.803558,9.937667,0.030043,0.819512,0.183112,0.542188,-6.035359,87.509445,5.883565,0.145682,0.93693,-0.055394,0.312844,-0.712805,54.319237,-5.9756,0.011884,0.919047,-0.087996,0.384016,-14.545918,11.539563,-5.406841,-0.154118,0.752955,0.025865,0.639248,2.057035,86.80484,22.658899,0.066633,-0.566474,0.117624,-0.812916,11.508521,52.900948,28.293961,0.025202,0.840923,-0.050465,0.538206,6.304152,9.580225,39.157166,0.011884,0.919047,-0.087996,0.384016,-5.249764,3.188941,-14.121881,0.025202,0.840923,-0.050465,0.538206,18.336218,1.995583,33.697681
214,1.783333,-0.028646,0.843169,0.080717,0.530782,-1.992021,87.148735,14.289871,-0.033226,0.842309,0.125235,0.523189,-3.015969,94.678421,15.097658,-0.024883,0.846367,0.091572,0.524079,-6.331541,111.811615,18.22156,0.124432,0.919312,-0.052573,0.369618,-9.121726,131.651459,20.826347,0.114074,0.956935,-0.210289,0.164443,-4.013303,145.21759,19.414499,-0.005511,0.817002,0.095819,0.568591,-10.842578,125.540558,17.046686,0.332414,-0.396646,0.270244,-0.811875,-17.688196,127.477135,-0.9734,0.240008,-0.132731,-0.477141,-0.834934,-3.392018,108.853806,-13.284177,0.345362,-0.01581,-0.640756,-0.685498,8.468745,125.921288,-23.777151,-0.136454,0.896635,0.104885,0.407953,-7.495049,125.139381,23.688076,0.336554,0.860556,0.280158,-0.260167,4.708563,128.222137,38.415768,0.070085,0.27692,0.528015,-0.799752,21.624121,116.730949,21.546246,0.13097,0.074345,0.660792,-0.735305,15.139773,134.807281,9.949121,0.029921,0.819561,0.183472,0.541998,-6.04497,87.497086,5.905299,0.145778,0.936989,-0.055329,0.312632,-0.703995,54.315777,-5.970459,0.011798,0.919066,-0.088,0.383971,-14.543056,11.537957,-5.406759,-0.154092,0.75314,0.025908,0.639034,2.060928,86.800392,22.674442,0.066488,-0.566689,0.11764,-0.812776,11.514583,52.896065,28.303299,0.025336,0.840943,-0.050298,0.538185,6.304389,9.573948,39.158134,0.011798,0.919066,-0.088,0.383971,-5.246644,3.18811,-14.12227,0.025336,0.840943,-0.050298,0.538185,18.335905,1.991076,33.694984
215,1.791667,-0.028871,0.843354,0.080592,0.530496,-1.998283,87.137924,14.311078,-0.033334,0.842431,0.124899,0.523067,-3.02384,94.667725,15.115784,-0.02495,0.846431,0.09151,0.523983,-6.336421,111.805679,18.228689,0.124989,0.919199,-0.05279,0.369682,-9.127306,131.645844,20.830267,0.113488,0.957005,-0.210226,0.164523,-4.002255,145.20578,19.419271,-0.005406,0.816988,0.095789,0.568618,-10.848581,125.534103,17.052151,0.332269,-0.397159,0.270129,-0.811722,-17.693058,127.473412,-0.968078,0.240016,-0.132354,-0.477099,-0.835016,-3.415178,108.851242,-13.301815,0.345154,-0.014634,-0.641058,-0.685346,8.447372,125.916252,-23.77615,-0.136549,0.896697,0.104873,0.407788,-7.499601,125.134422,23.692898,0.336372,0.860698,0.280015,-0.260088,4.708219,128.22171,38.416153,0.069967,0.276849,0.527825,-0.799913,21.632458,116.733154,21.553549,0.130986,0.074036,0.660387,-0.735697,15.136812,134.809662,9.95939,0.029788,0.81968,0.1839,0.54168,-6.056647,87.480972,5.928907,0.14581,0.937018,-0.05533,0.312529,-0.695799,54.310287,-5.967545,0.00922,0.919419,-0.088412,0.383101,-14.537507,11.533329,-5.403183,-0.154299,0.753706,0.026155,0.638306,2.060081,86.794876,22.693249,0.066221,-0.566894,0.117841,-0.812625,11.540987,52.896034,28.309267,0.0241,0.841053,-0.050809,0.538022,6.305305,9.574991,39.156116,0.00922,0.919419,-0.088412,0.383101,-5.225756,3.200136,-14.118258,0.0241,0.841053,-0.050809,0.538022,18.345354,1.998533,33.702885
216,1.8,-0.029219,0.843898,0.079965,0.529706,-2.021053,87.113693,14.347261,-0.033305,0.842698,0.124032,0.522846,-3.045305,94.644714,15.142085,-0.025027,0.846484,0.091604,0.523877,-6.343374,111.806618,18.233999,0.124652,0.919257,-0.052839,0.369643,-9.138528,131.645935,20.837475,0.113904,0.956907,-0.210322,0.164681,-4.021769,145.208481,19.421274,-0.004941,0.816825,0.095893,0.568838,-10.859162,125.534012,17.059357,0.331518,-0.397317,0.270655,-0.811777,-17.694109,127.491203,-0.962555,0.239508,-0.132523,-0.476822,-0.835293,-3.437977,108.858658,-13.30578,0.344867,-0.014377,-0.640884,-0.685658,8.435908,125.921928,-23.775091,-0.136497,0.896842,0.105007,0.407452,-7.508581,125.13472,23.699322,0.336217,0.860798,0.279987,-0.259984,4.710411,128.220184,38.413689,0.069684,0.276737,0.527624,-0.800108,21.643045,116.734985,21.557232,0.130578,0.073445,0.659729,-0.736419,15.13466,134.814056,9.971186,0.029514,0.819891,0.184871,0.541046,-6.094663,87.443588,5.971959,0.145968,0.937023,-0.055366,0.312436,-0.689089,54.297279,-5.972131,0.011475,0.919101,-0.087759,0.383954,-14.544657,11.524809,-5.407927,-0.154291,0.753707,0.026505,0.638293,2.052556,86.783791,22.722563,0.066068,-0.567005,0.117891,-0.812553,11.548936,52.88607,28.319189,0.023676,0.841105,-0.050626,0.537977,6.303294,9.564254,39.158142,0.011475,0.919101,-0.087759,0.383954,-5.242704,3.183936,-14.126119,0.023676,0.841105,-0.050626,0.537977,18.349329,1.997969,33.703983
217,1.808333,-0.029461,0.844106,0.079876,0.529374,-2.02775,87.10247,14.367247,-0.03349,0.842839,0.123685,0.522689,-3.05409,94.633492,15.159367,-0.025014,0.846574,0.091638,0.523727,-6.35149,111.802055,18.238991,0.124818,0.919232,-0.053029,0.369623,-9.146428,131.641144,20.844376,0.113711,0.956916,-0.21029,0.164802,-4.023565,145.201035,19.424877,-0.004834,0.816829,0.095809,0.568847,-10.868174,125.529335,17.066578,0.329349,-0.396983,0.271724,-0.812465,-17.70278,127.488091,-0.955296,0.238162,-0.133065,-0.476513,-0.835768,-3.463303,108.851135,-13.311076,0.344504,-0.014226,-0.640619,-0.686092,8.423958,125.924286,-23.776625,-0.136476,0.896939,0.104993,0.407248,-7.515246,125.129868,23.705345,0.336138,0.860891,0.279866,-0.25991,4.710399,128.216202,38.414001,0.06965,0.276582,0.527563,-0.800205,21.647879,116.730186,21.562954,0.130806,0.073042,0.659373,-0.736738,15.132603,134.810638,9.981997,0.029342,0.820067,0.185325,0.540634,-6.107639,87.427071,5.994795,0.145963,0.93708,-0.055388,0.312264,-0.680345,54.292011,-5.97062,0.008643,0.919537,-0.088184,0.382884,-14.53602,11.519631,-5.401906,-0.154264,0.753532,0.026692,0.638498,2.052138,86.777863,22.739698,0.065923,-0.567027,0.117881,-0.812551,11.554041,52.880264,28.327667,0.023648,0.841026,-0.05032,0.538131,6.301826,9.556523,39.155735,0.008643,0.919537,-0.088184,0.382884,-5.219389,3.197649,-14.122475,0.023648,0.841026,-0.05032,0.538131,18.352737,1.997476,33.702324
218,1.816667,-0.029728,0.844326,0.07984,0.529013,-2.034393,87.090721,14.386445,-0.033707,0.842936,0.123133,0.522647,-3.063536,94.62159,15.176373,-0.024829,0.846589,0.091732,0.523695,-6.359028,111.804367,18.237709,0.124866,0.919251,-0.053049,0.369556,-9.149549,131.643143,20.850304,0.113795,0.956904,-0.210355,0.164733,-4.025448,145.202499,19.430334,-0.005227,0.816926,0.095843,0.568698,-10.872976,125.532997,17.070564,0.330446,-0.39795,0.270632,-0.811911,-17.71398,127.479492,-0.950207,0.238524,-0.132287,-0.476346,-0.835884,-3.483894,108.857491,-13.339307,0.344149,-0.014178,-0.640305,-0.686564,8.4148,125.925041,-23.776554,-0.136371,0.896998,0.105073,0.407134,-7.519416,125.130508,23.70883,0.336102,0.860938,0.279937,-0.259724,4.710949,128.212662,38.414429,0.069754,0.276416,0.527433,-0.800339,21.654818,116.725662,21.570494,0.13098,0.072817,0.659,-0.737062,15.129402,134.803421,9.992018,0.029146,0.82027,0.185872,0.540147,-6.121103,87.410126,6.017122,0.146296,0.937104,-0.055385,0.312036,-0.668132,54.288727,-5.974435,0.011543,0.919019,-0.087723,0.384155,-14.550999,11.52508,-5.412239,-0.154241,0.753493,0.026799,0.638545,2.052317,86.771317,22.75577,0.065781,-0.567235,0.117893,-0.812415,11.557498,52.873611,28.337553,0.02377,0.841034,-0.050017,0.53814,6.299862,9.548431,39.157242,0.011543,0.919019,-0.087723,0.384155,-5.245709,3.184483,-14.127132,0.02377,0.841034,-0.050017,0.53814,18.351873,1.994354,33.699371
219,1.825,-0.030044,0.844575,0.0798,0.528605,-2.039942,87.078873,14.410096,-0.033947,0.843096,0.122726,0.522471,-3.072449,94.609543,15.197438,-0.024839,0.846685,0.091729,0.523539,-6.367976,111.800385,18.243921,0.125076,0.919236,-0.053109,0.369514,-9.158282,131.63916,20.856724,0.113773,0.956874,-0.210489,0.164747,-4.028307,145.19635,19.437178,-0.005128,0.816946,0.095767,0.568684,-10.88286,125.528801,17.07786,0.32848,-0.397666,0.27157,-0.812535,-17.724541,127.476692,-0.942509,0.237302,-0.13275,-0.475915,-0.836403,-3.509423,108.851768,-13.344392,0.343755,-0.014222,-0.639977,-0.687066,8.407329,125.92318,-23.775131,-0.136273,0.89711,0.105079,0.406918,-7.526865,125.126709,23.71492,0.336096,0.861011,0.279884,-0.259548,4.711346,128.206848,38.414425,0.069741,0.276413,0.527316,-0.800419,21.660297,116.715477,21.578588,0.130943,0.072472,0.65828,-0.737746,15.129456,134.790588,10.000226,0.029007,0.820558,0.186314,0.539564,-6.134347,87.392151,6.044302,0.146232,0.937219,-0.055382,0.311719,-0.664532,54.281925,-5.970397,0.006282,0.919734,-0.088526,0.382378,-14.541843,11.516562,-5.401901,-0.154246,0.753711,0.02697,0.638279,2.054463,86.765587,22.775892,0.065632,-0.567376,0.118001,-0.812313,11.569606,52.868652,28.345322,0.025096,0.840958,-0.049449,0.538252,6.298359,9.544,39.160492,0.006282,0.919734,-0.088526,0.382378,-5.205128,3.210952,-14.1166,0.025096,0.840958,-0.049449,0.538252,18.34054,1.98346,33.689884
220,1.833333,-0.030345,0.844401,0.080573,0.528747,-2.026968,87.089211,14.416346,-0.034627,0.843143,0.122907,0.522308,-3.069714,94.617714,15.210952,-0.024652,0.846895,0.091689,0.523216,-6.386512,111.795952,18.248997,0.125279,0.919258,-0.053321,0.36936,-9.168605,131.635391,20.865463,0.113825,0.95685,-0.210514,0.164822,-4.031785,145.189529,19.441519,-0.004948,0.816931,0.095573,0.56874,-10.898084,125.525841,17.087534,0.327229,-0.397639,0.272089,-0.812879,-17.737368,127.47538,-0.933564,0.236609,-0.132972,-0.475432,-0.836838,-3.536071,108.849976,-13.350558,0.343554,-0.014246,-0.639619,-0.687499,8.401548,125.917259,-23.773888,-0.136135,0.897242,0.105046,0.406682,-7.53692,125.122238,23.721888,0.336046,0.861098,0.279795,-0.25942,4.710188,128.199738,38.414532,0.069908,0.276147,0.527284,-0.800517,21.664444,116.705978,21.585655,0.131136,0.072306,0.659287,-0.736828,15.124885,134.782639,10.01072,0.029213,0.820648,0.18611,0.539488,-6.118235,87.405678,6.049135,0.146126,0.937323,-0.055233,0.311482,-0.669536,54.290878,-5.962567,0.005129,0.920082,-0.089627,0.381301,-14.533946,11.521253,-5.400065,-0.154191,0.753881,0.027008,0.63809,2.064298,86.772743,22.783556,0.065639,-0.567012,0.118037,-0.812562,11.579716,52.874756,28.346109,0.025014,0.840958,-0.049629,0.538238,6.301386,9.550961,39.161274,0.005129,0.920082,-0.089627,0.381301,-5.20962,3.201177,-14.114229,0.025014,0.840958,-0.049629,0.538238,18.34292,1.9876,33.693142
221,1.841667,-0.030666,0.845067,0.079969,0.527755,-2.052232,87.06353,14.45249,-0.034604,0.843481,0.122158,0.521939,-3.093335,94.593216,15.237986,-0.024606,0.847039,0.091655,0.522991,-6.396458,111.788902,18.257839,0.125188,0.91936,-0.05333,0.369136,-9.175573,131.628693,20.87488,0.114174,0.956823,-0.21057,0.164664,-4.041671,145.18364,19.448158,-0.00489,0.817002,0.095603,0.568634,-10.907569,125.519112,17.098167,0.326938,-0.398093,0.271947,-0.812821,-17.751541,127.470718,-0.920925,0.236529,-0.132688,-0.474933,-0.83719,-3.565297,108.85054,-13.362921,0.34353,-0.014178,-0.639229,-0.687875,8.397739,125.909462,-23.769886,-0.135868,0.897384,0.104932,0.406486,-7.542867,125.11554,23.730728,0.335969,0.861197,0.27955,-0.259455,4.713214,128.187149,38.417122,0.069799,0.276089,0.527196,-0.800605,21.669245,116.692291,21.590792,0.131304,0.072157,0.658951,-0.737113,15.123743,134.77037,10.019079,0.028845,0.820931,0.187159,0.538712,-6.162663,87.367126,6.094202,0.146215,0.937356,-0.055294,0.311333,-0.663028,54.278721,-5.966908,0.004556,0.920146,-0.089613,0.381157,-14.536283,11.512026,-5.399558,-0.15426,0.754079,0.027349,0.637826,2.058199,86.759926,22.810778,0.065472,-0.567065,0.118149,-0.812521,11.594502,52.864765,28.354782,0.025032,0.841016,-0.049314,0.538177,6.300253,9.541387,39.163795,0.004556,0.920146,-0.089613,0.381157,-5.206944,3.198174,-14.11429,0.025032,0.841016,-0.049314,0.538177,18.343279,1.984753,33.689659
222,1.85,-0.03086,0.845332,0.07999,0.527317,-2.058258,87.056282,14.471912,-0.034907,0.843672,0.121942,0.52166,-3.10163,94.585732,15.256648,-0.024502,0.847215,0.091651,0.52271,-6.409482,111.785904,18.26618,0.125176,0.919439,-0.053507,0.368918,-9.184066,131.625931,20.886246,0.114481,0.956786,-0.210614,0.164612,-4.049367,145.179916,19.453249,-0.004796,0.817015,0.095508,0.568631,-10.919475,125.5168,17.110359,0.326459,-0.398326,0.27202,-0.812875,-17.763609,127.469299,-0.908573,0.23644,-0.132542,-0.474507,-0.837479,-3.589338,108.851242,-13.367398,0.343716,-0.014034,-0.638777,-0.688205,8.393453,125.900795,-23.763033,-0.135734,0.897534,0.105032,0.406175,-7.550322,125.112381,23.740608,0.297899,0.892473,0.071184,-0.33118,4.716971,128.179779,38.418514,-0.029811,0.335915,0.517057,-0.786718,20.706354,115.333595,21.623295,0.13126,0.072194,0.658785,-0.737267,15.122853,134.756088,10.026599,0.028678,0.821175,0.187569,0.538207,-6.177085,87.356224,6.117627,0.146276,0.937486,-0.055231,0.310923,-0.659182,54.278076,-5.963259,0.006,0.920002,-0.089289,0.381561,-14.535517,11.512366,-5.396962,-0.154335,0.754219,0.027566,0.637632,2.060569,86.756332,22.826199,0.065315,-0.567268,0.118334,-0.812366,11.61193,52.863674,28.359581,0.023521,0.841114,-0.049437,0.538081,6.298973,9.542381,39.167793,0.006,0.920002,-0.089289,0.381561,-5.215908,3.191233,-14.115158,0.023521,0.841114,-0.049437,0.538081,18.357847,2.004794,33.702297
223,1.858333,-0.031045,0.845582,0.080001,0.526903,-2.065794,87.047897,14.491222,-0.035108,0.843887,0.1217,0.521356,-3.111249,94.577148,15.275121,-0.024407,0.847414,0.091647,0.522393,-6.420329,111.782776,18.27564,0.125275,0.919497,-0.053745,0.368705,-9.190602,131.623016,20.898596,0.114669,0.956754,-0.210682,0.164578,-4.051629,145.174683,19.458992,-0.004801,0.817045,0.095439,0.5686,-10.929601,125.514244,17.123795,0.325115,-0.398357,0.272272,-0.813314,-17.775127,127.464928,-0.894806,0.235837,-0.132601,-0.473993,-0.837931,-3.609404,108.857552,-13.37927,0.343791,-0.013971,-0.638273,-0.688637,8.389016,125.891022,-23.755487,-0.135716,0.897701,0.105089,0.405795,-7.555443,125.109169,23.751459,0.298177,0.892407,0.071017,-0.331144,4.723981,128.177475,38.419029,-0.029833,0.336013,0.517053,-0.786678,20.705832,115.316101,21.628263,0.131372,0.072145,0.657463,-0.73843,15.125497,134.737045,10.029695,0.028586,0.821379,0.187991,0.537754,-6.192544,87.344292,6.140721,0.146359,0.93755,-0.055173,0.3107,-0.65953,54.277073,-5.96317,0.008438,0.919532,-0.08802,0.382938,-14.541017,11.512983,-5.400771,-0.154405,0.754307,0.02778,0.637501,2.060957,86.751511,22.841724,0.065181,-0.567059,0.11842,-0.81251,11.626497,52.861237,28.365189,0.023474,0.841075,-0.049276,0.538158,6.297753,9.540192,39.166622,0.008438,0.919532,-0.08802,0.382938,-5.219521,3.197002,-14.121869,0.023474,0.841075,-0.049276,0.538158,18.359533,2.006879,33.701633
224,1.866667,-0.030605,0.845843,0.079768,0.526545,-2.078212,87.05085,14.505569,-0.0354,0.844042,0.121657,0.521095,-3.115795,94.581085,15.290483,-0.024362,0.847587,0.091613,0.522121,-6.430262,111.777771,18.283796,0.125177,0.919622,-0.053801,0.368417,-9.197448,131.618362,20.907446,0.115005,0.956748,-0.210701,0.164356,-4.061296,145.170609,19.463291,-0.004696,0.817151,0.095424,0.568451,-10.939318,125.509491,17.134111,0.324794,-0.398656,0.272166,-0.813331,-17.791435,127.462578,-0.881724,0.235488,-0.132434,-0.473429,-0.838374,-3.635299,108.861145,-13.385913,0.343759,-0.01484,-0.637305,-0.68953,8.393122,125.890709,-23.74711,-0.135617,0.897831,0.105135,0.405529,-7.560896,125.104546,23.759609,0.298341,0.892366,0.070859,-0.331143,4.72794,128.170441,38.4198,-0.029972,0.336152,0.517045,-0.786618,20.704668,115.299202,21.631721,0.130912,0.072063,0.657256,-0.738704,15.127991,134.721848,10.031686,0.028373,0.821138,0.188474,0.537964,-6.212488,87.351204,6.158932,0.146393,0.937513,-0.055171,0.310796,-0.64515,54.296089,-5.962262,0.006352,0.919812,-0.089039,0.382071,-14.529397,11.532858,-5.402483,-0.154501,0.754391,0.027988,0.63737,2.056063,86.750496,22.852203,0.065028,-0.567242,0.118483,-0.812385,11.636919,52.863167,28.36721,0.022615,0.841107,-0.050048,0.538074,6.298163,9.541684,39.1619,0.006352,0.919812,-0.089039,0.382071,-5.202837,3.214301,-14.115704,0.022615,0.841107,-0.050048,0.538074,18.362888,2.003583,33.710045
225,1.875,-0.030622,0.845848,0.080165,0.526477,-2.074946,87.053185,14.510777,-0.035684,0.844186,0.121811,0.520806,-3.115855,94.582436,15.300714,-0.024287,0.847821,0.091677,0.521733,-6.440069,111.774147,18.293859,0.125169,0.919713,-0.053993,0.368165,-9.204796,131.61441,20.922531,0.115275,0.956683,-0.210865,0.164332,-4.067706,145.165573,19.47154,-0.00459,0.817236,0.095241,0.56836,-10.950151,125.50602,17.150038,0.324355,-0.398966,0.272203,-0.813342,-17.806297,127.458122,-0.864372,0.235298,-0.132313,-0.472912,-0.838739,-3.664319,108.858894,-13.387839,0.343648,-0.01477,-0.636813,-0.690041,8.387959,125.878159,-23.736294,-0.135746,0.897964,0.105151,0.405189,-7.565634,125.100243,23.772373,0.298637,0.892278,0.070804,-0.331124,4.732542,128.172455,38.423409,-0.029542,0.3359,0.517107,-0.786702,20.700541,115.287544,21.637514,0.13115,0.072003,0.657944,-0.738055,15.118376,134.709396,10.033942,0.028281,0.821264,0.188458,0.537782,-6.210548,87.357056,6.164926,0.146418,0.937885,-0.054933,0.309702,-0.641173,54.301132,-5.953111,0.005807,0.919966,-0.089186,0.381675,-14.520361,11.536201,-5.397833,-0.154552,0.754489,0.028027,0.63724,2.060657,86.749313,22.856628,0.064923,-0.56747,0.11856,-0.812223,11.646824,52.863258,28.370207,0.023403,0.841085,-0.049757,0.5381,6.300159,9.542176,39.162628,0.005807,0.919966,-0.089186,0.381675,-5.195207,3.219604,-14.114425,0.023403,0.841085,-0.049757,0.5381,18.358139,1.999176,33.702625
226,1.883333,-0.030874,0.846059,0.080236,0.526111,-2.076614,87.043221,14.528981,-0.035759,0.844364,0.121515,0.520582,-3.121004,94.57206,15.318245,-0.024418,0.847929,0.091869,0.521517,-6.44356,111.778191,18.304283,0.12526,0.919728,-0.054434,0.368032,-9.216152,131.61676,20.937412,0.115521,0.956628,-0.210946,0.164374,-4.072774,145.164307,19.474955,-0.003893,0.817358,0.094711,0.568279,-10.960462,125.508179,17.164753,0.323386,-0.39901,0.272861,-0.813486,-17.820423,127.470352,-0.847109,0.234888,-0.132563,-0.472209,-0.83921,-3.699358,108.860397,-13.378246,0.343494,-0.014656,-0.63621,-0.690676,8.382271,125.864471,-23.723936,-0.135469,0.898141,0.105064,0.40491,-7.572684,125.10289,23.785452,0.298839,0.892196,0.070561,-0.331215,4.737154,128.168915,38.427986,-0.02934,0.335993,0.517105,-0.786671,20.69556,115.271843,21.642303,0.131196,0.072126,0.657993,-0.737991,15.116608,134.688492,10.031718,0.028258,0.821458,0.188794,0.537368,-6.219096,87.343147,6.186398,0.146501,0.937894,-0.054883,0.309645,-0.641467,54.296173,-5.952229,0.006166,0.919857,-0.089083,0.381954,-14.526155,11.532956,-5.402663,-0.154581,0.7548,0.028207,0.636856,2.065868,86.743286,22.871563,0.064695,-0.568022,0.118771,-0.811825,11.664433,52.858597,28.371954,0.023319,0.841043,-0.049645,0.538181,6.298159,9.539363,39.162064,0.006166,0.919857,-0.089083,0.381954,-5.199665,3.215222,-14.116743,0.023319,0.841043,-0.049645,0.538181,18.359121,2.000064,33.703537
227,1.891667,-0.030827,0.846214,0.080392,0.525841,-2.07546,87.040451,14.539367,-0.035928,0.844505,0.121556,0.520331,-3.120244,94.568954,15.331337,-0.024483,0.848084,0.091876,0.521261,-6.447946,111.775421,18.316599,0.125188,0.919785,-0.054724,0.367871,-9.222111,131.613815,20.949421,0.115701,0.956602,-0.210932,0.164421,-4.0782,145.160141,19.47751,-0.003629,0.817618,0.094519,0.567938,-10.967666,125.504593,17.178375,0.322856,-0.399413,0.272919,-0.813479,-17.842695,127.469612,-0.827438,0.234628,-0.132379,-0.471441,-0.839744,-3.740336,108.861565,-13.382457,0.343185,-0.01469,-0.635643,-0.691351,8.376493,125.849792,-23.709452,-0.135349,0.89827,0.104986,0.404684,-7.575957,125.100479,23.797134,0.33761,0.860593,0.279999,-0.258841,4.742226,128.165131,38.432938,0.071127,0.275378,0.527671,-0.800419,21.656504,116.603195,21.610542,0.132129,0.072124,0.658312,-0.73754,15.116456,134.678375,10.03456,0.028209,0.821612,0.18893,0.537087,-6.223306,87.342148,6.199511,0.146514,0.938062,-0.054696,0.309163,-0.641683,54.298626,-5.946698,0.005854,0.920059,-0.090138,0.381224,-14.522031,11.533883,-5.406091,-0.154584,0.754875,0.028251,0.636765,2.072385,86.738762,22.879223,0.064601,-0.568046,0.118843,-0.811805,11.673752,52.854305,28.376202,0.023246,0.841086,-0.049518,0.538128,6.297729,9.535506,39.163219,0.005854,0.920059,-0.090138,0.381224,-5.212172,3.194209,-14.116991,0.023246,0.841086,-0.049518,0.538128,18.359886,2.000094,33.701958
228,1.9,-0.030899,0.84646,0.08072,0.52539,-2.079296,87.03904,14.550627,-0.03606,0.84472,0.12136,0.52002,-3.127212,94.566666,15.346786,-0.024389,0.848278,0.091934,0.52094,-6.454374,111.77552,18.325237,0.12523,0.919882,-0.054681,0.367619,-9.225548,131.613678,20.963026,0.115812,0.956569,-0.211174,0.164222,-4.081752,145.160019,19.490938,-0.003677,0.817864,0.094972,0.567507,-10.974288,125.505066,17.19244,0.322755,-0.399787,0.272894,-0.813344,-17.868261,127.476929,-0.805379,0.234699,-0.132264,-0.470722,-0.840145,-3.781046,108.867661,-13.375571,0.34296,-0.014667,-0.635146,-0.691919,8.367332,125.835396,-23.692995,-0.135226,0.898401,0.104957,0.404442,-7.577538,125.099854,23.808544,0.338006,0.860393,0.28013,-0.258851,4.749546,128.162338,38.437305,0.071752,0.275068,0.527829,-0.800366,21.649406,116.587875,21.60902,0.132531,0.071851,0.658654,-0.737189,15.108721,134.661865,10.028809,0.028189,0.822018,0.188789,0.536516,-6.235895,87.342003,6.215177,0.1462,0.938212,-0.05433,0.30892,-0.666989,54.294621,-5.926342,0.004956,0.920279,-0.089904,0.380762,-14.51153,11.518046,-5.403945,-0.154598,0.754873,0.028159,0.636768,2.077303,86.736076,22.886076,0.064454,-0.568214,0.118827,-0.811701,11.675213,52.851559,28.388674,0.023014,0.841094,-0.049413,0.538135,6.294953,9.530726,39.165401,0.004956,0.920279,-0.089904,0.380762,-5.197342,3.192845,-14.124055,0.023014,0.841094,-0.049413,0.538135,18.360809,2.000983,33.704494
229,1.908333,-0.031591,0.84672,0.080984,0.524889,-2.079688,87.028191,14.57066,-0.036022,0.844953,0.120999,0.519727,-3.138174,94.554497,15.365232,-0.02435,0.848432,0.091969,0.520684,-6.458665,111.777473,18.336815,0.125307,0.919945,-0.054746,0.367426,-9.228427,131.615433,20.97748,0.115841,0.956545,-0.211388,0.164068,-4.082576,145.160751,19.503191,-0.003329,0.818246,0.093942,0.56713,-10.979392,125.507042,17.207582,0.322542,-0.40011,0.272731,-0.813324,-17.890041,127.465843,-0.785267,0.234514,-0.131974,-0.470228,-0.840519,-3.8118,108.862862,-13.374816,0.342739,-0.014956,-0.634712,-0.692422,8.361176,125.822952,-23.673265,-0.135135,0.898523,0.104893,0.404219,-7.578635,125.101456,23.821608,0.33834,0.86023,0.280091,-0.258997,4.756384,128.163345,38.44381,0.072218,0.275032,0.527979,-0.800238,21.640247,116.578232,21.606798,0.132862,0.071708,0.658497,-0.737284,15.106112,134.648132,10.018483,0.028234,0.822247,0.189269,0.535995,-6.245275,87.321899,6.239367,0.146347,0.93819,-0.054347,0.308915,-0.668138,54.287617,-5.933989,0.009625,0.919603,-0.088842,0.382552,-14.525226,11.515075,-5.414258,-0.154416,0.755353,0.028137,0.636244,2.0859,86.734474,22.901953,0.064444,-0.568104,0.118842,-0.811776,11.677251,52.845867,28.390774,0.022808,0.841109,-0.049245,0.538136,6.293899,9.525246,39.16679,0.009625,0.919603,-0.088842,0.382552,-5.23269,3.167212,-14.135805,0.022808,0.841109,-0.049245,0.538136,18.363586,2.002209,33.705105
230,1.916667,-0.031269,0.846912,0.08053,0.524669,-2.084812,87.029442,14.587185,-0.036211,0.845098,0.121002,0.519478,-3.13531,94.55719,15.378807,-0.024335,0.848602,0.091968,0.520408,-6.460912,111.780884,18.348125,0.125241,0.920103,-0.054289,0.36712,-9.229284,131.618881,20.989971,0.116191,0.956472,-0.211901,0.163582,-4.090543,145.167892,19.524727,-0.003161,0.818498,0.093987,0.566761,-10.98259,125.510361,17.221395,0.322382,-0.400335,0.272891,-0.813224,-17.909496,127.474091,-0.764662,0.234544,-0.131889,-0.469707,-0.840815,-3.845438,108.86525,-13.361387,0.34273,-0.014985,-0.634265,-0.692834,8.349764,125.809921,-23.651943,-0.134893,0.898634,0.104737,0.404093,-7.577548,125.105026,23.833231,0.338643,0.86008,0.279965,-0.259236,4.76392,128.162018,38.451012,0.072759,0.274826,0.528129,-0.80016,21.63036,116.567574,21.602962,0.133365,0.071332,0.6586,-0.737137,15.09842,134.634598,10.009963,0.028222,0.822444,0.189323,0.535674,-6.25508,87.323364,6.258243,0.146086,0.938302,-0.054204,0.308723,-0.679905,54.290504,-5.919891,0.003956,0.920398,-0.089811,0.380508,-14.511508,11.509684,-5.401953,-0.154408,0.755629,0.028158,0.635917,2.085457,86.735527,22.916126,0.064337,-0.568228,0.118823,-0.811701,11.679699,52.846813,28.399271,0.022749,0.841098,-0.049105,0.538169,6.293829,9.524539,39.167393,0.003956,0.920398,-0.089811,0.380508,-5.188221,3.196932,-14.124216,0.022749,0.841098,-0.049105,0.538169,18.365805,2.0055,33.705265
231,1.925,-0.031386,0.847173,0.080773,0.524203,-2.087168,87.032928,14.599566,-0.036307,0.845314,0.120882,0.519147,-3.140675,94.559952,15.393954,-0.024274,0.848795,0.092033,0.520085,-6.465772,111.784294,18.359238,0.125155,0.920263,-0.054085,0.36678,-9.232393,131.621933,21.005627,0.116398,0.95644,-0.212244,0.163178,-4.098908,145.173141,19.542419,-0.00297,0.818769,0.093775,0.566405,-10.988492,125.51384,17.237644,0.322307,-0.40057,0.272829,-0.813158,-17.931063,127.477646,-0.742356,0.2348,-0.131456,-0.469317,-0.841029,-3.875212,108.869957,-13.349946,0.342914,-0.014648,-0.634238,-0.692775,8.345526,125.811577,-23.628853,-0.134827,0.898782,0.104823,0.403762,-7.578398,125.107742,23.846825,0.339104,0.859816,0.280116,-0.259346,4.774127,128.163208,38.455574,0.073516,0.274454,0.528276,-0.800122,21.620947,116.556213,21.596565,0.133865,0.071045,0.658814,-0.736883,15.087515,134.617569,10.0002,0.028259,0.822295,0.189695,0.535769,-6.266424,87.326523,6.275121,0.14622,0.938156,-0.054247,0.309095,-0.677611,54.303871,-5.924408,0.009112,0.919413,-0.087878,0.383242,-14.521583,11.526993,-5.412155,-0.154386,0.755799,0.028249,0.635716,2.092088,86.739326,22.924011,0.064319,-0.568138,0.118906,-0.811754,11.690767,52.85051,28.398746,0.023847,0.841125,-0.048788,0.538108,6.296864,9.529799,39.16914,0.009112,0.919413,-0.087878,0.383242,-5.202342,3.207516,-14.132324,0.023847,0.841125,-0.048788,0.538108,18.357416,2.001937,33.693951
232,1.933333,-0.03152,0.847449,0.080713,0.523757,-2.088674,87.034714,14.616574,-0.036421,0.845564,0.120769,0.518758,-3.143026,94.56176,15.409662,-0.024333,0.849018,0.09215,0.519697,-6.468473,111.788727,18.37134,0.125105,0.920387,-0.05421,0.366467,-9.23837,131.625381,21.021706,0.116464,0.956444,-0.21233,0.162996,-4.105883,145.176331,19.552523,-0.003536,0.818989,0.094058,0.566037,-10.996078,125.517067,17.25481,0.322409,-0.400921,0.272583,-0.813028,-17.954687,127.467766,-0.720422,0.234931,-0.131088,-0.46897,-0.841243,-3.906593,108.864449,-13.343107,0.343096,-0.014685,-0.633613,-0.693257,8.332319,125.798355,-23.606773,-0.134596,0.898942,0.104724,0.403509,-7.580011,125.111435,23.860937,0.339483,0.859618,0.279998,-0.259634,4.782842,128.162292,38.461918,0.074285,0.273732,0.528462,-0.800175,21.608099,116.54425,21.588982,0.134837,0.070892,0.660258,-0.735427,15.066581,134.604172,10.000532,0.028309,0.822485,0.189921,0.535395,-6.276476,87.324776,6.296299,0.14609,0.938388,-0.054188,0.308464,-0.687422,54.308426,-5.920178,0.007772,0.919762,-0.088517,0.382286,-14.518744,11.527554,-5.399895,-0.154149,0.755644,0.028264,0.635957,2.099129,86.744652,22.93685,0.064302,-0.568214,0.118827,-0.811714,11.684493,52.850677,28.402954,0.023753,0.841118,-0.048767,0.538125,6.296326,9.528068,39.168583,0.007772,0.919762,-0.088517,0.382286,-5.204257,3.20643,-14.123572,0.023753,0.841118,-0.048767,0.538125,18.358402,2.002033,33.694233
233,1.941667,-0.031624,0.847675,0.080806,0.523372,-2.090324,87.036896,14.630071,-0.036534,0.845817,0.120726,0.518347,-3.146391,94.563614,15.423989,-0.024226,0.849298,0.092074,0.519257,-6.47265,111.788734,18.383575,0.124865,0.920553,-0.054155,0.36614,-9.235911,131.62616,21.035061,0.116543,0.95643,-0.212454,0.162857,-4.111135,145.179657,19.562435,-0.003272,0.819301,0.093985,0.5656,-10.998774,125.51786,17.270575,0.322437,-0.401121,0.272693,-0.812881,-17.976627,127.473724,-0.696638,0.235121,-0.131052,-0.468595,-0.841405,-3.940248,108.863747,-13.322533,0.343255,-0.014513,-0.633088,-0.69366,8.314298,125.784042,-23.584793,-0.134528,0.899088,0.104741,0.403203,-7.575819,125.112167,23.873131,0.339933,0.859337,0.280059,-0.25991,4.797313,128.162384,38.465534,0.074342,0.273838,0.528485,-0.800119,21.598753,116.533813,21.576126,0.134403,0.070967,0.659006,-0.736621,15.061081,134.591644,9.983431,0.028318,0.822654,0.19002,0.535098,-6.285517,87.325508,6.313468,0.14604,0.93826,-0.054045,0.308902,-0.697588,54.311897,-5.910896,0.006756,0.919786,-0.08878,0.382186,-14.521235,11.52834,-5.407607,-0.154101,0.755801,0.028196,0.635785,2.104869,86.748283,22.946672,0.064199,-0.568388,0.118801,-0.811603,11.685973,52.852989,28.412062,0.024169,0.841131,-0.048478,0.538112,6.296647,9.52864,39.170109,0.006756,0.919786,-0.08878,0.382186,-5.196373,3.21166,-14.124434,0.024169,0.841131,-0.048478,0.538112,18.355885,2.00303,33.688927
234,1.95,-0.031614,0.847944,0.080888,0.522924,-2.096084,87.042213,14.642297,-0.0365,0.846095,0.120602,0.517926,-3.152258,94.568741,15.437908,-0.024282,0.849549,0.092151,0.51883,-6.47382,111.79541,18.396198,0.124893,0.92068,-0.054377,0.365778,-9.2393,131.632156,21.050512,0.116577,0.956462,-0.212474,0.162622,-4.112704,145.184082,19.569868,-0.003034,0.819587,0.093816,0.565214,-11.004363,125.523445,17.287718,0.322462,-0.401486,0.272736,-0.812676,-17.999153,127.481697,-0.672649,0.235428,-0.130772,-0.468008,-0.84169,-3.979517,108.866081,-13.308823,0.343522,-0.014596,-0.632862,-0.693733,8.304495,125.771416,-23.562496,-0.134343,0.89926,0.104675,0.402897,-7.574847,125.118546,23.886915,0.340524,0.858982,0.280157,-0.260204,4.809766,128.165482,38.470264,0.074805,0.273356,0.528799,-0.800033,21.581781,116.52211,21.561808,0.134835,0.070696,0.659083,-0.736499,15.046904,134.585754,9.97503,0.028273,0.822664,0.190364,0.534963,-6.300033,87.330948,6.33012,0.146017,0.93822,-0.054031,0.309037,-0.698155,54.326462,-5.912516,0.007677,0.919576,-0.088508,0.382736,-14.519577,11.542148,-5.411743,-0.15404,0.755951,0.028195,0.635621,2.107865,86.753479,22.954473,0.064155,-0.568296,0.118738,-0.811681,11.686941,52.856838,28.41507,0.023426,0.841171,-0.049182,0.538019,6.298602,9.53064,39.166161,0.007677,0.919576,-0.088508,0.382736,-5.194614,3.222618,-14.12575,0.023426,0.841171,-0.049182,0.538019,18.359825,2.000072,33.696163
235,1.958333,-0.031589,0.848099,0.080679,0.522706,-2.097901,87.04258,14.658171,-0.036522,0.846313,0.12048,0.517596,-3.151892,94.569649,15.451567,-0.02427,0.849776,0.092265,0.51844,-6.471937,111.803413,18.40819,0.124768,0.920845,-0.054213,0.365428,-9.238121,131.639343,21.067881,0.116601,0.956465,-0.212691,0.1623,-4.117404,145.193542,19.587753,-0.002931,0.819885,0.093774,0.564788,-11.005634,125.530899,17.305799,0.322275,-0.401618,0.273064,-0.812575,-18.0191,127.489937,-0.64719,0.235263,-0.131123,-0.467443,-0.841995,-4.014604,108.863365,-13.284008,0.34328,-0.01475,-0.631838,-0.694782,8.286256,125.745644,-23.540628,-0.134245,0.899412,0.104719,0.40258,-7.57008,125.125565,23.901833,0.340837,0.858771,0.280118,-0.260532,4.825444,128.170471,38.476326,0.075347,0.272985,0.5288,-0.800108,21.577089,116.52095,21.551928,0.13522,0.070321,0.658891,-0.736637,15.033748,134.579391,9.965745,0.028314,0.822802,0.190624,0.534657,-6.306118,87.329254,6.348084,0.145965,0.938196,-0.054075,0.309124,-0.701208,54.332005,-5.912657,0.009197,0.919416,-0.088256,0.383147,-14.519614,11.54677,-5.408009,-0.153919,0.755927,0.028267,0.635677,2.110315,86.755913,22.968256,0.064133,-0.568211,0.118721,-0.811744,11.685971,52.856911,28.420135,0.023052,0.841172,-0.049243,0.538027,6.296597,9.530104,39.168224,0.009197,0.919416,-0.088256,0.383147,-5.2057,3.217508,-14.124534,0.023052,0.841172,-0.049243,0.538027,18.361919,2.003588,33.701698
236,1.966667,-0.031656,0.848357,0.080748,0.522272,-2.102637,87.050682,14.673817,-0.036486,0.846597,0.120335,0.517167,-3.157639,94.577515,15.46811,-0.024216,0.85005,0.092311,0.517983,-6.471706,111.808731,18.422129,0.124541,0.921049,-0.053999,0.365024,-9.235569,131.644409,21.085999,0.116639,0.956467,-0.212927,0.161954,-4.124031,145.202118,19.606194,-0.002282,0.820074,0.093625,0.564543,-11.006951,125.536156,17.325443,0.321807,-0.401477,0.273699,-0.812616,-18.031288,127.511642,-0.621495,0.23528,-0.131425,-0.467055,-0.842158,-4.039217,108.869461,-13.249061,0.343614,-0.014824,-0.631542,-0.694884,8.274698,125.73645,-23.5145,-0.134192,0.899608,0.104801,0.402138,-7.564315,125.130524,23.917761,0.341301,0.858458,0.280175,-0.260893,4.845546,128.175125,38.48011,0.075854,0.272419,0.528928,-0.800168,21.570427,116.516319,21.535652,0.135757,0.069968,0.658644,-0.736792,15.019624,134.575592,9.957167,0.028367,0.822894,0.190713,0.534481,-6.319225,87.336166,6.367935,0.145787,0.938265,-0.053901,0.30903,-0.716631,54.341541,-5.900917,0.007654,0.919635,-0.088561,0.382583,-14.515569,11.549929,-5.404467,-0.153806,0.756101,0.028265,0.635497,2.113951,86.765198,22.9797,0.064149,-0.568048,0.118662,-0.811865,11.684927,52.863693,28.424257,0.02319,0.841173,-0.049199,0.538024,6.298446,9.535795,39.169434,0.007654,0.919635,-0.088561,0.382583,-5.193705,3.229254,-14.120692,0.02319,0.841173,-0.049199,0.538024,18.362432,2.008253,33.70137
237,1.975,-0.031691,0.848609,0.080827,0.521848,-2.103944,87.05687,14.688526,-0.036471,0.846867,0.120222,0.516752,-3.159616,94.583473,15.484076,-0.024293,0.850296,0.092401,0.51756,-6.470287,111.818649,18.437172,0.124316,0.921209,-0.054057,0.364689,-9.237375,131.653503,21.103865,0.11661,0.956489,-0.21297,0.161788,-4.132054,145.21286,19.6178,-0.002215,0.820325,0.093719,0.564162,-11.010601,125.544762,17.344971,0.321704,-0.401622,0.273875,-0.812526,-18.05162,127.523041,-0.595124,0.235501,-0.13133,-0.466541,-0.842396,-4.070807,108.874298,-13.225469,0.343907,-0.014945,-0.631175,-0.69507,8.265534,125.724518,-23.486925,-0.134215,0.899738,0.105047,0.401774,-7.561486,125.140068,23.933962,0.341655,0.858174,0.280397,-0.261127,4.859465,128.183777,38.487049,0.076494,0.271987,0.528963,-0.800231,21.565062,116.520546,21.526608,0.136213,0.069767,0.658543,-0.736817,15.0059,134.57486,9.948456,0.028423,0.82283,0.190997,0.534475,-6.328747,87.341782,6.386798,0.1458,0.938169,-0.053891,0.309316,-0.71855,54.355095,-5.899926,0.008024,0.919533,-0.088805,0.382765,-14.518516,11.563754,-5.408836,-0.153633,0.756288,0.028199,0.635319,2.12086,86.771957,22.990253,0.064139,-0.568019,0.118599,-0.811896,11.681242,52.866405,28.428215,0.023214,0.841135,-0.049113,0.53809,6.298278,9.537062,39.169323,0.008024,0.919533,-0.088805,0.382765,-5.199462,3.233687,-14.119093,0.023214,0.841135,-0.049113,0.53809,18.363552,2.011096,33.701916
238,1.983333,-0.031551,0.848876,0.080764,0.521432,-2.114684,87.064125,14.702505,-0.036496,0.847159,0.120053,0.516311,-3.16766,94.591019,15.498887,-0.0241,0.850599,0.092495,0.517055,-6.474463,111.827721,18.448267,0.124207,0.921424,-0.053913,0.364204,-9.235253,131.662247,21.123842,0.116522,0.956546,-0.213088,0.161359,-4.135618,145.223663,19.637011,-0.002391,0.82046,0.094519,0.563831,-11.01398,125.554832,17.365398,0.322854,-0.402404,0.273277,-0.811884,-18.069401,127.543785,-0.567855,0.236475,-0.130617,-0.466037,-0.842513,-4.104564,108.892265,-13.211748,0.344405,-0.015063,-0.63087,-0.695099,8.256007,125.718567,-23.456305,-0.134221,0.899925,0.105189,0.401316,-7.556938,125.147781,23.950089,0.342031,0.857893,0.280494,-0.261454,4.878222,128.192322,38.49086,0.077044,0.27145,0.528956,-0.800365,21.56115,116.523323,21.512091,0.136412,0.069466,0.65881,-0.73657,14.988411,134.576141,9.93828,0.028432,0.822924,0.191032,0.534317,-6.347746,87.349854,6.405015,0.14563,0.938197,-0.053658,0.309352,-0.73906,54.364182,-5.885097,0.007247,0.919604,-0.089016,0.382561,-14.518674,11.566109,-5.409334,-0.153589,0.756471,0.028167,0.635113,2.118378,86.778389,22.999996,0.064085,-0.56823,0.118534,-0.811762,11.676552,52.871746,28.435036,0.023428,0.841161,-0.049042,0.538047,6.298271,9.540382,39.170303,0.007247,0.919604,-0.089016,0.382561,-5.194334,3.239096,-14.116854,0.023428,0.841161,-0.049042,0.538047,18.360973,2.01291,33.699314
239,1.991667,-0.031514,0.849249,0.081054,0.520781,-2.122871,87.075897,14.713316,-0.036474,0.847498,0.119865,0.5158,-3.177053,94.602112,15.514535,-0.023982,0.850905,0.092561,0.516545,-6.477301,111.836639,18.460117,0.12409,0.921624,-0.053864,0.363745,-9.233848,131.670898,21.142078,0.116355,0.956619,-0.213116,0.161007,-4.139121,145.233826,19.652092,-0.001899,0.821159,0.094077,0.562888,-11.017423,125.564148,17.384846,0.320358,-0.401069,0.274621,-0.813079,-18.114098,127.555595,-0.53184,0.236014,-0.131483,-0.465351,-0.842887,-4.131422,108.904739,-13.157008,0.345191,-0.015141,-0.631032,-0.694559,8.259295,125.720406,-23.429382,-0.13398,0.900108,0.105176,0.400989,-7.552451,125.155899,23.96529,0.342259,0.857692,0.280334,-0.261985,4.895357,128.194534,38.496464,0.07742,0.270939,0.528973,-0.800491,21.555285,116.524467,21.495857,0.136835,0.069067,0.658948,-0.736406,14.970735,134.578583,9.92956,0.028472,0.82298,0.191059,0.534219,-6.368619,87.363838,6.422389,0.145423,0.938239,-0.053439,0.309361,-0.76271,54.379074,-5.871428,0.00798,0.919523,-0.089027,0.382738,-14.519394,11.57349,-5.408295,-0.153424,0.756534,0.028067,0.635083,2.122877,86.787964,23.004242,0.064098,-0.568294,0.118447,-0.811729,11.668269,52.877308,28.436745,0.023343,0.841181,-0.049268,0.537998,6.297713,9.544259,39.169094,0.00798,0.919523,-0.089027,0.382738,-5.201598,3.238672,-14.115349,0.023343,0.841181,-0.049268,0.537998,18.358967,2.012979,33.700153
240,2.0,-0.031416,0.84946,0.080715,0.520496,-2.128539,87.076057,14.730009,-0.036508,0.84775,0.119807,0.515396,-3.178504,94.603195,15.528006,-0.023893,0.851181,0.092621,0.516082,-6.478837,111.846077,18.474157,0.124043,0.921755,-0.053919,0.363419,-9.232114,131.680054,21.161518,0.116102,0.956665,-0.213152,0.160868,-4.139057,145.243149,19.667341,-0.00158,0.821604,0.093335,0.562363,-11.019899,125.573792,17.405502,0.319663,-0.400963,0.274887,-0.813315,-18.139505,127.557281,-0.502972,0.235941,-0.131402,-0.464819,-0.843213,-4.160081,108.908104,-13.134204,0.34547,-0.0151,-0.630535,-0.694873,8.25515,125.711967,-23.398382,-0.13375,0.90032,0.105229,0.400576,-7.547743,125.164703,23.982107,0.342437,0.857533,0.280102,-0.262519,4.915292,128.197296,38.501495,0.077732,0.270574,0.529108,-0.800495,21.553865,116.526703,21.480352,0.137373,0.068351,0.658664,-0.736627,14.967701,134.580872,9.920762,0.028336,0.823989,0.190587,0.532838,-6.379926,87.361702,6.44189,0.145328,0.938468,-0.052781,0.308825,-0.804832,54.363525,-5.829926,0.010138,0.919139,-0.08788,0.383872,-14.535636,11.549166,-5.411524,-0.153323,0.756734,0.028067,0.634869,2.122848,86.790413,23.018127,0.064026,-0.568406,0.118384,-0.811665,11.664504,52.877541,28.443336,0.023102,0.841147,-0.04928,0.538061,6.296183,9.542301,39.167965,0.010138,0.919139,-0.08788,0.383872,-5.217729,3.219378,-14.12327,0.023102,0.841147,-0.04928,0.538061,18.361057,2.01422,33.702602
241,2.008333,-0.031409,0.849806,0.080745,0.519926,-2.134526,87.085388,14.743504,-0.036462,0.848093,0.119732,0.514852,-3.184091,94.612465,15.542647,-0.023736,0.851526,0.092594,0.515526,-6.478335,111.848579,18.488276,0.123791,0.921967,-0.053729,0.362996,-9.223862,131.683075,21.179785,0.115772,0.956739,-0.213179,0.160628,-4.14042,145.249695,19.684975,-0.001266,0.822136,0.093197,0.561609,-11.017926,125.577286,17.426001,0.31966,-0.401109,0.274714,-0.813303,-18.170422,127.56498,-0.468898,0.2363,-0.131181,-0.4642,-0.843488,-4.19219,108.921013,-13.109161,0.345727,-0.015016,-0.629891,-0.69533,8.251519,125.705376,-23.366442,-0.133739,0.900476,0.105159,0.400247,-7.537111,125.167297,23.997971,0.342702,0.857358,0.279915,-0.262946,4.936235,128.202698,38.507915,0.077853,0.27034,0.529053,-0.800599,21.55332,116.527,21.469284,0.137489,0.068589,0.658469,-0.736757,14.958805,134.581223,9.914021,0.028413,0.823303,0.191378,0.533611,-6.396986,87.370377,6.461051,0.145292,0.938464,-0.053056,0.308804,-0.78446,54.394047,-5.852365,0.008259,0.919453,-0.089122,0.382879,-14.519747,11.58137,-5.409492,-0.153167,0.756998,0.027904,0.634598,2.127934,86.8004,23.025957,0.064047,-0.568378,0.118239,-0.811704,11.656216,52.883488,28.449419,0.021766,0.841293,-0.049774,0.537843,6.298939,9.545419,39.168148,0.008259,0.919453,-0.089122,0.382879,-5.203489,3.24153,-14.113387,0.021766,0.841293,-0.049774,0.537843,18.372923,2.025637,33.711475
242,2.016667,-0.031358,0.850256,0.080806,0.519184,-2.143227,87.096634,14.759944,-0.036417,0.848471,0.119553,0.514274,-3.191917,94.623611,15.561193,-0.023639,0.851857,0.092718,0.51496,-6.479342,111.860321,18.504412,0.123725,0.922165,-0.053899,0.36249,-9.222312,131.694077,21.20401,0.115513,0.956857,-0.213034,0.160305,-4.140472,145.260345,19.700539,-0.001279,0.82237,0.0936,0.5612,-11.021049,125.589027,17.451246,0.319325,-0.401344,0.274873,-0.813265,-18.191328,127.583611,-0.435768,0.236514,-0.130873,-0.463458,-0.843884,-4.227725,108.936501,-13.087529,0.346076,-0.014887,-0.6293,-0.695695,8.251062,125.701347,-23.330944,-0.133782,0.900752,0.105496,0.399522,-7.531483,125.177742,24.018494,0.343098,0.857039,0.280078,-0.263296,4.963876,128.213852,38.509338,0.078244,0.269716,0.529014,-0.800797,21.55678,116.533432,21.450386,0.137631,0.068352,0.658334,-0.736873,14.945743,134.587219,9.90676,0.028125,0.824378,0.190928,0.532124,-6.42011,87.381645,6.48493,0.145046,0.938793,-0.052277,0.308052,-0.830144,54.391895,-5.802784,0.007014,0.919578,-0.088903,0.382653,-14.523742,11.565399,-5.407494,-0.152973,0.75726,0.027725,0.634341,2.133657,86.81163,23.034958,0.064019,-0.568406,0.118159,-0.811699,11.645701,52.889778,28.455984,0.021501,0.841207,-0.049569,0.538007,6.293093,9.549674,39.168816,0.007014,0.919578,-0.088903,0.382653,-5.193676,3.243536,-14.113808,0.021501,0.841207,-0.049569,0.538007,18.374092,2.038323,33.716064
243,2.025,-0.031433,0.850688,0.080697,0.518488,-2.1473,87.105415,14.778115,-0.036359,0.848912,0.119355,0.513597,-3.195448,94.632591,15.578214,-0.02383,0.852247,0.09289,0.514275,-6.474,111.864868,18.518185,0.123141,0.922441,-0.054284,0.361929,-9.224944,131.69696,21.221821,0.115551,0.956955,-0.212631,0.160226,-4.156142,145.265854,19.698215,-0.001157,0.822684,0.093841,0.5607,-11.025723,125.590775,17.471891,0.319274,-0.401475,0.274758,-0.813259,-18.217772,127.592636,-0.40556,0.23686,-0.130444,-0.462818,-0.844205,-4.256384,108.949432,-13.065521,0.346295,-0.014606,-0.628669,-0.696163,8.25409,125.697205,-23.293554,-0.133692,0.900984,0.105428,0.399048,-7.525791,125.181702,24.033754,0.343175,0.856952,0.279719,-0.263857,4.985185,128.218826,38.510895,0.078323,0.269311,0.528809,-0.80106,21.559591,116.539803,21.433039,0.137716,0.068172,0.658273,-0.736928,14.928304,134.594986,9.898315,0.028332,0.823943,0.191584,0.532551,-6.437555,87.386871,6.509907,0.144474,0.93879,-0.052102,0.308361,-0.828183,54.415859,-5.819165,0.008305,0.919763,-0.089286,0.382094,-14.470013,11.572823,-5.426854,-0.15269,0.757425,0.027641,0.634216,2.142954,86.823967,23.046324,0.064078,-0.568507,0.118102,-0.811632,11.637433,52.895599,28.457415,0.023502,0.841112,-0.048965,0.538127,6.293314,9.554979,39.172371,0.008305,0.919763,-0.089286,0.382094,-5.171242,3.228045,-14.144698,0.023502,0.841112,-0.048965,0.538127,18.356817,2.028147,33.702271
244,2.033333,-0.03148,0.85107,0.080696,0.517858,-2.155176,87.110329,14.791791,-0.035999,0.849289,0.119225,0.513028,-3.203336,94.637459,15.592278,-0.023945,0.85256,0.092844,0.513759,-6.466577,111.871048,18.537119,0.123052,0.922596,-0.054047,0.361598,-9.218905,131.703262,21.23848,0.115128,0.957025,-0.212713,0.160005,-4.15571,145.274597,19.717848,-0.000867,0.823107,0.093826,0.560082,-11.022696,125.595619,17.492373,0.318955,-0.40161,0.274835,-0.813291,-18.241598,127.604126,-0.373511,0.236961,-0.130197,-0.462062,-0.844628,-4.288207,108.961632,-13.04332,0.34632,-0.014285,-0.627757,-0.696979,8.2551,125.687202,-23.255791,-0.133624,0.901193,0.105429,0.398598,-7.514939,125.189171,24.05022,0.343379,0.856775,0.279398,-0.264505,5.010663,128.226837,38.514599,0.078574,0.268798,0.528703,-0.801279,21.559462,116.546837,21.412592,0.137972,0.067763,0.658124,-0.737051,14.911567,134.599899,9.889497,0.027999,0.825059,0.191121,0.531005,-6.457549,87.389847,6.529815,0.144785,0.93903,-0.051828,0.30753,-0.869492,54.404842,-5.771492,0.007035,0.919605,-0.088729,0.382628,-14.529289,11.567351,-5.399004,-0.152488,0.757702,0.027524,0.633938,2.147198,86.830811,23.053768,0.064083,-0.568422,0.118012,-0.811704,11.627976,52.897583,28.458441,0.021222,0.841108,-0.049867,0.538146,6.2894,9.555101,39.168625,0.007035,0.919605,-0.088729,0.382628,-5.199009,3.249314,-14.108735,0.021222,0.841108,-0.049867,0.538146,18.373219,2.04121,33.725636
245,2.041667,-0.031431,0.851475,0.080679,0.517198,-2.163186,87.112167,14.806845,-0.035956,0.849671,0.119039,0.512442,-3.209957,94.639389,15.608314,-0.02399,0.852906,0.092887,0.513174,-6.46683,111.876312,18.550982,0.122679,0.922826,-0.0542,0.361116,-9.219732,131.708115,21.254755,0.115068,0.957109,-0.2125,0.15983,-4.166163,145.281769,19.72283,-0.001267,0.823341,0.094384,0.559642,-11.027268,125.599838,17.511478,0.319287,-0.401951,0.274386,-0.813144,-18.2652,127.606094,-0.346959,0.237539,-0.129367,-0.4615,-0.8449,-4.313271,108.972275,-13.031138,0.346688,-0.013918,-0.627153,-0.697347,8.261612,125.683884,-23.21678,-0.133385,0.901491,0.105468,0.397994,-7.510596,125.194572,24.064625,0.343513,0.856643,0.279112,-0.265064,5.036111,128.22731,38.511742,0.078986,0.268221,0.528465,-0.801588,21.564388,116.547905,21.389467,0.137947,0.066861,0.658198,-0.737073,14.89096,134.597839,9.873786,0.027941,0.825434,0.191289,0.530365,-6.47836,87.391075,6.551524,0.14466,0.939079,-0.051629,0.307472,-0.889962,54.410439,-5.761328,0.007936,0.919453,-0.088561,0.383016,-14.534081,11.567849,-5.40118,-0.152319,0.75793,0.027403,0.633711,2.151989,86.83326,23.062164,0.064083,-0.568638,0.117929,-0.811565,11.620159,52.895893,28.462851,0.022882,0.841109,-0.049109,0.538145,6.290369,9.551644,39.170273,0.007936,0.919453,-0.088561,0.383016,-5.207324,3.244591,-14.109704,0.022882,0.841109,-0.049109,0.538145,18.360397,2.030586,33.706619
246,2.05,-0.031926,0.852147,0.080653,0.516064,-2.182073,87.100136,14.845289,-0.035926,0.850156,0.117973,0.511885,-3.234007,94.626938,15.643891,-0.023678,0.853207,0.09311,0.512648,-6.469624,111.877106,18.558325,0.12223,0.923108,-0.054054,0.36057,-9.214709,131.70784,21.277899,0.114892,0.957186,-0.21255,0.15943,-4.175855,145.286423,19.741293,-0.000769,0.823599,0.094132,0.559306,-11.028358,125.60228,17.53314,0.318865,-0.402041,0.274624,-0.813185,-18.280926,127.617714,-0.318328,0.237512,-0.129117,-0.460835,-0.84531,-4.339778,108.980492,-13.009365,0.346689,-0.013411,-0.626092,-0.698309,8.264152,125.674316,-23.177687,-0.133445,0.901733,0.105447,0.39743,-7.50343,125.192177,24.081549,0.343857,0.856396,0.278898,-0.265642,5.06002,128.230896,38.512848,0.07931,0.267567,0.528499,-0.801753,21.559513,116.545929,21.366627,0.138392,0.066337,0.658046,-0.737172,14.871614,134.60025,9.864206,0.027773,0.825888,0.192125,0.529364,-6.518491,87.368843,6.60077,0.144524,0.939106,-0.051561,0.307465,-0.903206,54.410385,-5.759146,0.007045,0.919608,-0.088644,0.38264,-14.534246,11.56362,-5.400798,-0.152063,0.758216,0.027598,0.633422,2.154345,86.831436,23.089808,0.064028,-0.568904,0.117958,-0.811378,11.620082,52.889282,28.464678,0.022608,0.841125,-0.049092,0.538134,6.288876,9.545025,39.171375,0.007045,0.919608,-0.088644,0.38264,-5.203375,3.247469,-14.111704,0.022608,0.841125,-0.049092,0.538134,18.362171,2.028296,33.708981
247,2.058333,-0.031825,0.852315,0.080774,0.515774,-2.180499,87.105736,14.846479,-0.035837,0.850514,0.118352,0.511209,-3.231792,94.632347,15.6478,-0.023595,0.853676,0.092981,0.511894,-6.470677,111.887428,18.579025,0.122619,0.923265,-0.053594,0.360103,-9.207806,131.719299,21.298338,0.114241,0.957273,-0.212843,0.158981,-4.164771,145.297791,19.774712,-0.001256,0.823839,0.094471,0.558894,-11.029071,125.61306,17.558393,0.318479,-0.402093,0.274531,-0.813342,-18.299437,127.618767,-0.286925,0.237564,-0.128771,-0.460327,-0.845624,-4.357749,108.990631,-12.99071,0.346734,-0.012834,-0.625393,-0.698924,8.271744,125.674248,-23.142525,-0.133121,0.902085,0.10506,0.396841,-7.492566,125.204102,24.100628,0.344188,0.856255,0.278242,-0.266353,5.092361,128.241684,38.513443,0.079735,0.266842,0.528391,-0.802023,21.559706,116.545509,21.343971,0.138865,0.06557,0.658187,-0.737026,14.848793,134.601318,9.853737,0.027814,0.826186,0.191969,0.528953,-6.522624,87.376671,6.605037,0.144399,0.939143,-0.051447,0.307428,-0.921896,54.414116,-5.750554,0.006309,0.919746,-0.089116,0.382212,-14.539512,11.563033,-5.397726,-0.152065,0.758554,0.027403,0.633025,2.161625,86.834808,23.087921,0.063978,-0.569021,0.117968,-0.811299,11.621545,52.891933,28.468451,0.022682,0.84116,-0.049249,0.538061,6.288616,9.547302,39.172768,0.006309,0.919746,-0.089116,0.382212,-5.209961,3.243258,-14.106584,0.022682,0.84116,-0.049249,0.538061,18.358776,2.025999,33.709743
248,2.066667,-0.031868,0.852855,0.080551,0.514912,-2.194602,87.105797,14.868262,-0.035936,0.85091,0.117942,0.510637,-3.24391,94.632912,15.667425,-0.023328,0.854004,0.093166,0.511325,-6.475837,111.88781,18.586252,0.121432,0.923671,-0.053216,0.359519,-9.205775,131.718796,21.319242,0.114717,0.957213,-0.213051,0.158722,-4.198869,145.309906,19.788963,-0.001056,0.823943,0.094463,0.558742,-11.033212,125.614738,17.578724,0.318133,-0.402096,0.274628,-0.813443,-18.310177,127.626122,-0.263268,0.237579,-0.128405,-0.459926,-0.845894,-4.371443,108.999672,-12.972763,0.346705,-0.012251,-0.62496,-0.699336,8.281785,125.680145,-23.109402,-0.13312,0.902339,0.105138,0.396244,-7.487859,125.201881,24.115923,0.34445,0.856032,0.278041,-0.266939,5.115443,128.241974,38.512142,0.079905,0.26625,0.528371,-0.802216,21.556641,116.543747,21.319038,0.139149,0.065146,0.657917,-0.737251,14.830765,134.602997,9.844128,0.027712,0.826548,0.19233,0.528262,-6.553218,87.372284,6.635386,0.14422,0.939338,-0.051188,0.30696,-0.943016,54.419209,-5.741161,0.006959,0.919571,-0.088596,0.382741,-14.538756,11.561102,-5.398305,-0.151903,0.758983,0.027328,0.632553,2.164014,86.83931,23.101139,0.063931,-0.569349,0.117903,-0.811081,11.615496,52.892632,28.472481,0.022744,0.841158,-0.049244,0.538063,6.289035,9.546104,39.172321,0.006959,0.919571,-0.088596,0.382741,-5.20436,3.247063,-14.10745,0.022744,0.841158,-0.049244,0.538063,18.358511,2.024014,33.708878
249,2.075,-0.031892,0.853106,0.080749,0.514463,-2.190924,87.112724,14.880666,-0.036031,0.851305,0.117908,0.50998,-3.241663,94.639328,15.682753,-0.023339,0.854441,0.0932,0.510587,-6.473378,111.893257,18.60117,0.121099,0.923942,-0.053069,0.358956,-9.202043,131.723969,21.337442,0.114561,0.957281,-0.213047,0.158431,-4.20692,145.319016,19.803671,-0.001249,0.824224,0.094372,0.558342,-11.034818,125.619339,17.600475,0.318035,-0.402166,0.274418,-0.813517,-18.329058,127.621124,-0.235534,0.237483,-0.128205,-0.459574,-0.846142,-4.38725,109.003517,-12.954601,0.346368,-0.011513,-0.623696,-0.700643,8.280595,125.674507,-23.076681,-0.133092,0.902561,0.105164,0.395742,-7.478236,125.207542,24.131638,0.344771,0.855787,0.277861,-0.267498,5.140751,128.249435,38.513721,0.080174,0.265738,0.528338,-0.80238,21.554384,116.546783,21.297308,0.13929,0.064718,0.657694,-0.737461,14.815029,134.606674,9.833052,0.027772,0.827024,0.192347,0.527507,-6.558138,87.379906,6.652372,0.144096,0.939345,-0.051001,0.307028,-0.962184,54.427517,-5.732457,0.007257,0.919484,-0.088627,0.382938,-14.542712,11.564482,-5.40276,-0.151752,0.759325,0.027198,0.632185,2.17629,86.845543,23.108959,0.063871,-0.569527,0.117886,-0.810964,11.616722,52.895088,28.47588,0.02287,0.841183,-0.049255,0.538017,6.290752,9.547493,39.17165,0.007257,0.919484,-0.088627,0.382938,-5.208622,3.246737,-14.108687,0.02287,0.841183,-0.049255,0.538017,18.358023,2.023326,33.706196
250,2.083333,-0.031867,0.853579,0.080736,0.513682,-2.201592,87.114044,14.898332,-0.035763,0.851768,0.117734,0.509264,-3.251166,94.640709,15.701411,-0.023562,0.85485,0.093043,0.509921,-6.470194,111.902153,18.623175,0.121548,0.924016,-0.053305,0.358578,-9.201174,131.733627,21.351606,0.11375,0.957468,-0.212785,0.158237,-4.193341,145.323532,19.813824,-0.000986,0.824354,0.094381,0.55815,-11.037595,125.626144,17.621082,0.317842,-0.402045,0.274486,-0.81363,-18.340185,127.635803,-0.210631,0.237827,-0.127861,-0.459333,-0.846229,-4.395148,109.019814,-12.928529,0.346691,-0.010839,-0.623783,-0.700416,8.290963,125.690018,-23.045368,-0.133272,0.90266,0.106112,0.395201,-7.471043,125.219437,24.147127,0.345176,0.855299,0.278745,-0.267615,5.162682,128.255814,38.517445,0.081139,0.264813,0.52826,-0.802641,21.558178,116.558006,21.280464,0.139605,0.064271,0.657922,-0.737237,14.795227,134.607391,9.82743,0.027687,0.82738,0.19264,0.526845,-6.583804,87.380058,6.677973,0.143919,0.939461,-0.050818,0.306787,-0.981598,54.435379,-5.724546,0.007066,0.919532,-0.088738,0.3828,-14.542455,11.566061,-5.401822,-0.15165,0.75971,0.027127,0.631749,2.180619,86.848038,23.11869,0.063765,-0.569833,0.117855,-0.810762,11.615656,52.8951,28.479397,0.0215,0.84129,-0.049802,0.537856,6.29039,9.545618,39.167877,0.007066,0.919532,-0.088738,0.3828,-5.209172,3.247623,-14.107959,0.0215,0.84129,-0.049802,0.537856,18.3675,2.029063,33.713692
251,2.091667,-0.031799,0.854046,0.080643,0.512925,-2.209439,87.117073,14.917311,-0.035814,0.852113,0.117511,0.508735,-3.256696,94.644028,15.720651,-0.023417,0.85515,0.093089,0.509416,-6.46978,111.898232,18.635321,0.121295,0.924245,-0.053254,0.358082,-9.195095,131.729614,21.369951,0.113469,0.957583,-0.212705,0.157849,-4.195835,145.322159,19.827482,-0.001218,0.824595,0.09464,0.55775,-11.036725,125.622925,17.64073,0.31768,-0.401879,0.274338,-0.813826,-18.356579,127.629303,-0.184272,0.237755,-0.127842,-0.459207,-0.84632,-4.400155,109.023117,-12.904029,0.346475,-0.010442,-0.623274,-0.700982,8.29032,125.689293,-23.01675,-0.133205,0.902903,0.106091,0.394674,-7.462398,125.214828,24.162432,0.307703,0.885401,0.081129,-0.338824,5.188126,128.252594,38.517666,-0.014311,0.32187,0.52096,-0.79044,20.591173,115.265366,21.288563,0.139353,0.064035,0.657703,-0.737501,14.78415,134.60878,9.815923,0.027515,0.82796,0.192734,0.525907,-6.606215,87.381851,6.704694,0.14378,0.939648,-0.050426,0.306342,-1.004339,54.439091,-5.703069,0.007156,0.919513,-0.0887,0.382853,-14.543119,11.562631,-5.40301,-0.151522,0.760143,0.027071,0.631261,2.187337,86.852303,23.129929,0.063723,-0.57003,0.117871,-0.810624,11.616641,52.896381,28.481829,0.021635,0.841327,-0.049876,0.537786,6.290583,9.546775,39.169415,0.007156,0.919513,-0.0887,0.382853,-5.209776,3.244185,-14.109076,0.021635,0.841327,-0.049876,0.537786,18.364552,2.026597,33.713264
252,2.1,-0.031696,0.854736,0.080281,0.511836,-2.22855,87.110878,14.939208,-0.035509,0.852621,0.117332,0.507946,-3.270622,94.638817,15.740008,-0.023697,0.855545,0.092822,0.508788,-6.470213,111.90416,18.659401,0.121277,0.924447,-0.053251,0.357566,-9.197757,131.737015,21.381115,0.113386,0.957691,-0.212582,0.157418,-4.200584,145.32991,19.835045,-0.001295,0.824702,0.09475,0.557573,-11.042773,125.62661,17.659662,0.317638,-0.401584,0.274343,-0.813986,-18.370293,127.632263,-0.162269,0.237794,-0.127945,-0.459134,-0.846334,-4.401464,109.029366,-12.873218,0.346333,-0.010271,-0.623061,-0.701244,8.287743,125.687424,-22.987534,-0.133028,0.903216,0.106394,0.393935,-7.459117,125.225113,24.176653,0.308231,0.885013,0.081509,-0.339267,5.215825,128.256729,38.511631,-0.014365,0.321483,0.521115,-0.790495,20.585711,115.259804,21.260229,0.138565,0.064076,0.65746,-0.737862,14.774958,134.609604,9.80312,0.027593,0.828248,0.193083,0.525321,-6.646237,87.371803,6.737699,0.143389,0.93943,-0.050372,0.307204,-1.04452,54.43895,-5.696411,0.00702,0.919488,-0.08846,0.382972,-14.549851,11.551902,-5.402241,-0.15146,0.76053,0.027016,0.630812,2.189137,86.849953,23.140718,0.063613,-0.570352,0.117876,-0.810405,11.615929,52.892487,28.487232,0.022573,0.841238,-0.049514,0.53792,6.288068,9.541726,39.169201,0.00702,0.919488,-0.08846,0.382972,-5.210838,3.240574,-14.109021,0.022573,0.841238,-0.049514,0.53792,18.355513,2.016076,33.706169
253,2.108333,-0.031918,0.855282,0.080156,0.510929,-2.23763,87.108673,14.961636,-0.03552,0.853068,0.117037,0.507262,-3.28078,94.636703,15.76018,-0.023643,0.85593,0.092811,0.508145,-6.473164,111.904785,18.673206,0.121097,0.924678,-0.053292,0.357025,-9.196542,131.737839,21.397713,0.113244,0.957785,-0.212475,0.157092,-4.205331,145.332184,19.845016,-0.001279,0.824838,0.09479,0.557364,-11.047162,125.627197,17.679428,0.317613,-0.401311,0.274199,-0.814178,-18.38369,127.63343,-0.13873,0.238119,-0.127782,-0.459156,-0.846255,-4.399067,109.03907,-12.844801,0.346744,-0.010153,-0.623322,-0.70081,8.290595,125.695457,-22.959011,-0.132929,0.903606,0.106453,0.393057,-7.453738,125.226105,24.191065,0.308931,0.884549,0.082086,-0.339701,5.248998,128.258987,38.501152,-0.014711,0.321153,0.521086,-0.790642,20.580336,115.249077,21.225252,0.136863,0.064799,0.657198,-0.73835,14.758166,134.606735,9.786141,0.027504,0.828744,0.193443,0.52441,-6.672344,87.36319,6.769118,0.142802,0.939608,-0.049735,0.307037,-1.065399,54.439903,-5.687939,0.007265,0.919726,-0.088374,0.382415,-14.505018,11.531991,-5.428432,-0.151281,0.760969,0.026903,0.63033,2.197083,86.854156,23.154154,0.06358,-0.570582,0.117806,-0.810256,11.612856,52.892376,28.492672,0.022758,0.841349,-0.049555,0.537735,6.291245,9.539759,39.170235,0.007265,0.919726,-0.088374,0.382415,-5.180128,3.219642,-14.149362,0.022758,0.841349,-0.049555,0.537735,18.353647,2.010473,33.701084
254,2.116667,-0.032167,0.855839,0.080204,0.509973,-2.243455,87.099701,14.981771,-0.035525,0.853495,0.116597,0.506644,-3.289339,94.627373,15.780142,-0.023593,0.856308,0.092866,0.5075,-6.473146,111.905983,18.683439,0.121032,0.924908,-0.053156,0.35647,-9.193875,131.738708,21.412909,0.113111,0.957872,-0.212473,0.156657,-4.207374,145.334686,19.859358,-0.001605,0.825009,0.09501,0.557074,-11.049633,125.62809,17.69714,0.318497,-0.401362,0.273699,-0.813976,-18.398663,127.627602,-0.116622,0.239044,-0.127293,-0.459325,-0.845976,-4.401657,109.038101,-12.81618,0.347333,-0.009773,-0.623848,-0.700055,8.29235,125.702705,-22.935732,-0.132791,0.903835,0.106394,0.392592,-7.446403,125.22699,24.203354,0.309532,0.884075,0.082511,-0.340284,5.271893,128.259033,38.49979,-0.015096,0.321088,0.521374,-0.790471,20.562531,115.238953,21.195505,0.135498,0.065233,0.657077,-0.738671,14.752481,134.608322,9.77109,0.027502,0.829242,0.193772,0.523502,-6.696072,87.34893,6.798808,0.143082,0.939635,-0.049961,0.306785,-1.090249,54.434715,-5.682699,0.007438,0.919378,-0.088035,0.383325,-14.559012,11.536037,-5.408449,-0.151113,0.761418,0.026721,0.629837,2.209161,86.850471,23.164734,0.063476,-0.57079,0.117792,-0.81012,11.611586,52.884388,28.499395,0.0227,0.841308,-0.049399,0.537815,6.288352,9.530273,39.170082,0.007438,0.919378,-0.088035,0.383325,-5.216084,3.230518,-14.11657,0.0227,0.841308,-0.049399,0.537815,18.353773,2.005303,33.701641
255,2.125,-0.032396,0.856324,0.08032,0.509125,-2.247616,87.100288,15.002712,-0.03566,0.853945,0.116193,0.505969,-3.296594,94.627449,15.801829,-0.023474,0.856656,0.092989,0.506894,-6.475532,111.912025,18.693613,0.120873,0.925119,-0.053225,0.355967,-9.192703,131.744064,21.431664,0.113008,0.957929,-0.21248,0.156375,-4.211236,145.34108,19.871227,-0.001482,0.825352,0.094793,0.556602,-11.053632,125.6343,17.717075,0.318807,-0.400948,0.273362,-0.814172,-18.423023,127.631287,-0.088559,0.239613,-0.127335,-0.459444,-0.845744,-4.398632,109.053894,-12.77562,0.347905,-0.009981,-0.624139,-0.699509,8.288495,125.712692,-22.907866,-0.132369,0.90408,0.106453,0.392156,-7.441172,125.231697,24.218075,0.310045,0.88355,0.082974,-0.341067,5.294724,128.251129,38.501511,-0.015575,0.321076,0.521663,-0.790275,20.540197,115.227402,21.160156,0.133903,0.065679,0.65696,-0.739027,14.744872,134.606308,9.752974,0.027517,0.829658,0.19406,0.522735,-6.716071,87.345406,6.828263,0.142948,0.939781,-0.049727,0.306439,-1.111794,54.439209,-5.675075,0.010281,0.919033,-0.087495,0.38421,-14.563089,11.53498,-5.411749,-0.150931,0.761805,0.026616,0.629416,2.22084,86.855164,23.177162,0.063444,-0.570861,0.117768,-0.810076,11.612053,52.884769,28.504116,0.022565,0.841396,-0.049506,0.537673,6.289792,9.529784,39.171745,0.010281,0.919033,-0.087495,0.38421,-5.238032,3.212936,-14.123252,0.022565,0.841396,-0.049506,0.537673,18.354059,2.004348,33.701405
256,2.133333,-0.032764,0.856825,0.080612,0.508211,-2.243504,87.104019,15.022232,-0.035817,0.854352,0.115899,0.505338,-3.298698,94.630096,15.82338,-0.023474,0.856993,0.092995,0.506324,-6.475453,111.919006,18.706263,0.120829,0.925308,-0.05316,0.355499,-9.190952,131.751007,21.446314,0.112944,0.957983,-0.21253,0.156025,-4.212715,145.348984,19.883987,-0.001926,0.825168,0.095306,0.556787,-11.056178,125.640762,17.734667,0.318676,-0.400528,0.273654,-0.814332,-18.41757,127.6353,-0.074549,0.239587,-0.127393,-0.459854,-0.84552,-4.383828,109.052849,-12.743841,0.348089,-0.009866,-0.624699,-0.698919,8.286161,125.7239,-22.881941,-0.132095,0.90429,0.106547,0.391737,-7.435113,125.239029,24.230934,0.3108,0.883015,0.084094,-0.341492,5.316332,128.250244,38.502224,-0.015472,0.320736,0.522065,-0.79015,20.521603,115.222145,21.128902,0.132733,0.065918,0.657057,-0.73913,14.736753,134.607132,9.736067,0.027541,0.830123,0.194274,0.521915,-6.728832,87.344353,6.856886,0.142811,0.939876,-0.049505,0.306247,-1.130296,54.444157,-5.664799,0.010839,0.91905,-0.087794,0.384086,-14.564315,11.534444,-5.413608,-0.15064,0.76221,0.026374,0.629005,2.241824,86.863693,23.187578,0.06339,-0.571055,0.117732,-0.809948,11.609916,52.886116,28.509432,0.022856,0.841413,-0.049394,0.537644,6.289963,9.52976,39.17263,0.010839,0.91905,-0.087794,0.384086,-5.251193,3.19949,-14.125536,0.022856,0.841413,-0.049394,0.537644,18.351261,2.002617,33.698097
257,2.141667,-0.032961,0.857336,0.08069,0.507325,-2.251475,87.106171,15.044582,-0.03567,0.854813,0.115367,0.50469,-3.309024,94.631851,15.846309,-0.023401,0.857358,0.093074,0.505694,-6.46948,111.924553,18.71818,0.12059,0.925586,-0.052424,0.354966,-9.182016,131.756088,21.464439,0.112895,0.957979,-0.212986,0.15546,-4.218661,145.361023,19.915337,-0.002086,0.825386,0.095385,0.556448,-11.05236,125.646164,17.754847,0.318401,-0.399942,0.273807,-0.814676,-18.42831,127.63604,-0.04887,0.239473,-0.127807,-0.460131,-0.845339,-4.374112,109.057747,-12.701567,0.348121,-0.010025,-0.625025,-0.698609,8.282934,125.736938,-22.858599,-0.131983,0.904427,0.106604,0.391444,-7.421745,125.243904,24.245749,0.311783,0.882355,0.085444,-0.341967,5.339735,128.252228,38.508682,-0.015006,0.320302,0.522672,-0.789934,20.49535,115.215591,21.098402,0.131817,0.065882,0.657102,-0.739257,14.728363,134.605927,9.716475,0.027522,0.83047,0.194565,0.521255,-6.753346,87.342453,6.888225,0.142674,0.939975,-0.049241,0.306051,-1.152703,54.450272,-5.653559,0.011699,0.918807,-0.087216,0.384772,-14.568275,11.534699,-5.417974,-0.150449,0.762471,0.026319,0.628737,2.250396,86.869881,23.200937,0.063328,-0.571266,0.117685,-0.809812,11.607962,52.888004,28.513851,0.022806,0.841435,-0.0496,0.537593,6.290872,9.529954,39.171581,0.011699,0.918807,-0.087216,0.384772,-5.249622,3.204733,-14.128762,0.022806,0.841435,-0.0496,0.537593,18.350424,1.99893,33.698528
258,2.15,-0.033306,0.857844,0.080908,0.506407,-2.250098,87.108078,15.065815,-0.035911,0.855199,0.115069,0.504088,-3.312968,94.632881,15.868813,-0.023267,0.857696,0.093066,0.505129,-6.473897,111.930061,18.730051,0.120561,0.925779,-0.052329,0.354485,-9.179829,131.761902,21.480545,0.112896,0.958003,-0.21316,0.155071,-4.219626,145.367889,19.930435,-0.002056,0.825534,0.095313,0.556242,-11.056029,125.652382,17.773268,0.318611,-0.399468,0.273771,-0.814838,-18.440901,127.640892,-0.0269,0.239744,-0.128041,-0.460427,-0.845066,-4.36559,109.065308,-12.660101,0.348224,-0.010019,-0.625585,-0.698057,8.277289,125.747772,-22.834829,-0.13171,0.904673,0.106635,0.390959,-7.416807,125.249374,24.259298,0.312872,0.881659,0.086961,-0.342383,5.36215,128.2509,38.507999,-0.013816,0.319133,0.523461,-0.789906,20.466593,115.204262,21.060776,0.131929,0.065218,0.658339,-0.738195,14.70512,134.598129,9.697426,0.027675,0.830645,0.194972,0.520815,-6.768866,87.339226,6.918663,0.142477,0.940053,-0.049166,0.305915,-1.168579,54.458939,-5.654428,0.010559,0.919038,-0.088019,0.384071,-14.56579,11.537639,-5.417642,-0.150382,0.763336,0.026233,0.627707,2.268669,86.876938,23.212967,0.063155,-0.571432,0.117833,-0.809686,11.62606,52.893299,28.514874,0.022629,0.841419,-0.049964,0.537592,6.291564,9.536415,39.168644,0.010559,0.919038,-0.088019,0.384071,-5.25047,3.200349,-14.124981,0.022629,0.841419,-0.049964,0.537592,18.350307,1.99987,33.701424
259,2.158333,-0.033404,0.858335,0.080949,0.505562,-2.259097,87.105873,15.088551,-0.036291,0.855583,0.114749,0.50348,-3.322787,94.63047,15.892365,-0.022977,0.858083,0.09285,0.504524,-6.488956,111.936928,18.740665,0.120482,0.92598,-0.052169,0.354012,-9.178543,131.770935,21.491629,0.113041,0.957993,-0.213353,0.154763,-4.223399,145.378784,19.941717,-0.002066,0.825599,0.095309,0.556146,-11.06399,125.661911,17.7882,0.31978,-0.399133,0.273367,-0.814681,-18.452969,127.649666,-0.010352,0.240569,-0.128117,-0.460901,-0.844561,-4.351727,109.074799,-12.615639,0.348579,-0.010142,-0.626042,-0.697468,8.269468,125.75872,-22.812983,-0.131277,0.904928,0.106761,0.390478,-7.415464,125.257805,24.268936,0.314005,0.880916,0.087918,-0.343013,5.382492,128.245544,38.503487,-0.013717,0.318888,0.524403,-0.789382,20.426394,115.178642,21.019156,0.131168,0.064969,0.657841,-0.738796,14.703285,134.593323,9.670401,0.027669,0.831026,0.195283,0.520091,-6.793698,87.334236,6.950118,0.142266,0.940124,-0.048958,0.305826,-1.192407,54.462578,-5.64505,0.011116,0.919,-0.087856,0.384184,-14.566562,11.534032,-5.418609,-0.150178,0.763351,0.026218,0.627738,2.275504,86.877502,23.226984,0.063118,-0.571615,0.117762,-0.80957,11.621328,52.889431,28.520885,0.022725,0.841435,-0.04983,0.537576,6.292429,9.530603,39.169556,0.011116,0.919,-0.087856,0.384184,-5.25562,3.194803,-14.128776,0.022725,0.841435,-0.04983,0.537576,18.350883,1.995642,33.699501
260,2.166667,-0.033557,0.858822,0.080962,0.504721,-2.261373,87.108055,15.112548,-0.036563,0.85594,0.114475,0.502917,-3.326375,94.632462,15.916387,-0.022887,0.858421,0.092692,0.503982,-6.494421,111.94223,18.753914,0.120536,0.926145,-0.052002,0.353585,-9.175909,131.777603,21.502985,0.113094,0.957999,-0.213564,0.154397,-4.222271,145.386215,19.955158,-0.002053,0.825655,0.095367,0.556053,-11.067503,125.668022,17.803617,0.320579,-0.398869,0.273098,-0.814586,-18.460487,127.657066,0.006878,0.241316,-0.128053,-0.461255,-0.844164,-4.3403,109.082748,-12.577992,0.34905,-0.010139,-0.626732,-0.696612,8.266272,125.768051,-22.790319,-0.130875,0.905097,0.1071,0.390129,-7.410778,125.264801,24.279783,0.314869,0.880268,0.089063,-0.34359,5.401796,128.235596,38.504715,-0.013049,0.318177,0.525198,-0.789151,20.395874,115.162704,20.982115,0.13115,0.064399,0.658139,-0.738584,14.691091,134.588562,9.648169,0.027699,0.831408,0.195519,0.519391,-6.811614,87.332527,6.982744,0.141639,0.940329,-0.048273,0.305597,-1.213869,54.46756,-5.631451,0.010827,0.919345,-0.088032,0.383326,-14.51784,11.517033,-5.441902,-0.150001,0.763609,0.026208,0.627466,2.288868,86.883575,23.242352,0.063021,-0.571803,0.117762,-0.809445,11.626872,52.89167,28.525459,0.022952,0.841459,-0.0499,0.537522,6.295334,9.531742,39.168343,0.010827,0.919345,-0.088032,0.383326,-5.221333,3.176108,-14.165849,0.022952,0.841459,-0.0499,0.537522,18.34977,1.991918,33.69614
261,2.175,-0.033892,0.859307,0.08108,0.503855,-2.256436,87.109497,15.136005,-0.037072,0.856304,0.114173,0.502328,-3.325928,94.633263,15.93986,-0.022735,0.858762,0.092558,0.503432,-6.503017,111.948753,18.762068,0.120532,0.926222,-0.052228,0.353351,-9.174783,131.7854,21.511379,0.113113,0.95797,-0.213533,0.154608,-4.219852,145.392685,19.955997,-0.002087,0.825634,0.095603,0.556043,-11.073104,125.675797,17.815498,0.321497,-0.398544,0.27286,-0.814463,-18.466524,127.668823,0.019388,0.242318,-0.12786,-0.461721,-0.843651,-4.325684,109.09269,-12.539604,0.349957,-0.010055,-0.627527,-0.695441,8.261223,125.778915,-22.766481,-0.130422,0.905318,0.106844,0.389837,-7.408029,125.272514,24.286936,0.315879,0.879575,0.090024,-0.344186,5.417953,128.233643,38.501801,-0.012092,0.317404,0.526094,-0.788881,20.35652,115.145576,20.943151,0.131175,0.063237,0.658795,-0.738094,14.67345,134.580307,9.620312,0.027814,0.831786,0.195759,0.518687,-6.822536,87.328102,7.014939,0.141472,0.940421,-0.048074,0.305422,-1.23328,54.470287,-5.621645,0.010771,0.91936,-0.087959,0.383308,-14.518055,11.513779,-5.44164,-0.149762,0.763905,0.026098,0.627168,2.309664,86.890884,23.257071,0.062887,-0.572035,0.11777,-0.809291,11.632343,52.893471,28.53178,0.022755,0.841452,-0.05009,0.537524,6.296294,9.532198,39.166916,0.010771,0.91936,-0.087959,0.383308,-5.220706,3.175116,-14.166853,0.022755,0.841452,-0.05009,0.537524,18.351583,1.99099,33.698505
262,2.183333,-0.034289,0.859756,0.081374,0.503013,-2.252965,87.117111,15.159869,-0.037503,0.856636,0.113937,0.501783,-3.329114,94.63974,15.965525,-0.022678,0.859075,0.092335,0.502941,-6.513795,111.958382,18.775246,0.120633,0.926324,-0.052275,0.353042,-9.177487,131.796799,21.519604,0.113261,0.957951,-0.213628,0.154483,-4.220451,145.403076,19.961975,-0.002014,0.825614,0.095639,0.556067,-11.081597,125.686172,17.828405,0.321885,-0.398051,0.272893,-0.81454,-18.473995,127.682373,0.032228,0.242971,-0.127725,-0.462008,-0.843327,-4.313311,109.10392,-12.500922,0.350765,-0.010198,-0.628103,-0.694512,8.262753,125.791954,-22.737782,-0.129862,0.905398,0.106836,0.389841,-7.409118,125.284615,24.295753,0.316891,0.878845,0.091167,-0.344818,5.422407,128.226608,38.509579,-0.011608,0.317306,0.527105,-0.788253,20.303913,115.127495,20.910778,0.130805,0.062864,0.658467,-0.738485,14.668126,134.574051,9.591047,0.027815,0.832237,0.195957,0.517888,-6.834351,87.330559,7.047278,0.141392,0.9405,-0.047817,0.305255,-1.249894,54.478275,-5.605782,0.011413,0.919248,-0.087912,0.383568,-14.521119,11.517513,-5.442888,-0.149633,0.764422,0.025883,0.626577,2.32842,86.903664,23.272461,0.06263,-0.572389,0.11777,-0.80906,11.638891,52.902699,28.545834,0.024231,0.841295,-0.049691,0.537743,6.294107,9.538528,39.164745,0.011413,0.919248,-0.087912,0.383568,-5.227038,3.173448,-14.166418,0.024231,0.841295,-0.049691,0.537743,18.337856,1.984966,33.687965
263,2.191667,-0.03434,0.860267,0.081524,0.502111,-2.260667,87.121376,15.183573,-0.037796,0.857005,0.113605,0.501205,-3.337789,94.643578,15.99192,-0.022581,0.859407,0.092155,0.502412,-6.523414,111.962845,18.788334,0.120695,0.926413,-0.052425,0.352765,-9.178434,131.80278,21.530119,0.11326,0.957942,-0.213644,0.154516,-4.219248,145.407684,19.967348,-0.001148,0.825465,0.096194,0.556194,-11.088777,125.691559,17.843126,0.321857,-0.39755,0.273564,-0.814571,-18.475788,127.727928,0.049263,0.243472,-0.128143,-0.461868,-0.843195,-4.313396,109.129204,-12.451859,0.351303,-0.010323,-0.62866,-0.693733,8.264997,125.802925,-22.714581,-0.129226,0.90567,0.106449,0.389527,-7.40831,125.290939,24.30599,0.312488,0.879292,0.071261,-0.352305,5.439085,128.219101,38.508339,-0.019875,0.322562,0.526166,-0.78658,20.190805,114.982117,20.903416,0.131228,0.061947,0.659803,-0.737294,14.642543,134.559723,9.571677,0.027681,0.832634,0.196165,0.517179,-6.858897,87.333717,7.080488,0.141253,0.940555,-0.047507,0.305201,-1.269481,54.486729,-5.58414,0.010837,0.919314,-0.088117,0.383379,-14.520929,11.519781,-5.442748,-0.149558,0.764653,0.025844,0.626315,2.337564,86.909035,23.286657,0.062567,-0.572215,0.117728,-0.809194,11.644156,52.906322,28.555595,0.024429,0.841342,-0.049645,0.537663,6.296764,9.540558,39.166687,0.010837,0.919314,-0.088117,0.383379,-5.223999,3.17679,-14.164268,0.024429,0.841342,-0.049645,0.537663,18.337435,1.985148,33.685684
264,2.2,-0.034829,0.860748,0.081875,0.501195,-2.250104,87.124039,15.207605,-0.03858,0.857314,0.113382,0.500668,-3.335457,94.644844,16.017912,-0.022241,0.859735,0.091999,0.501894,-6.540155,111.968491,18.796247,0.120718,0.926513,-0.052547,0.352476,-9.178545,131.810196,21.541216,0.113359,0.957896,-0.213772,0.154554,-4.218516,145.414215,19.973539,-0.000964,0.825498,0.09612,0.556159,-11.097632,125.700211,17.856724,0.321944,-0.397022,0.273642,-0.814767,-18.486181,127.740707,0.063963,0.243874,-0.128312,-0.46198,-0.842992,-4.303816,109.142921,-12.415897,0.351652,-0.010271,-0.629072,-0.693184,8.267288,125.811722,-22.693562,-0.128765,0.905854,0.106316,0.389289,-7.409191,125.297226,24.314894,0.313437,0.878615,0.071768,-0.353047,5.449982,128.21312,38.509113,-0.019692,0.322555,0.526906,-0.786092,20.142456,114.955475,20.870232,0.130347,0.061827,0.659875,-0.737396,14.630405,134.545059,9.54253,0.027519,0.833476,0.19628,0.515786,-6.864825,87.330124,7.113737,0.141336,0.940808,-0.047235,0.304422,-1.282696,54.485703,-5.560774,0.010706,0.91929,-0.087999,0.383469,-14.533604,11.518541,-5.433688,-0.149246,0.764975,0.025519,0.626009,2.364617,86.917953,23.301474,0.062343,-0.572761,0.117686,-0.808831,11.642611,52.907406,28.570314,0.024428,0.841324,-0.049581,0.537699,6.293622,9.538221,39.166618,0.010706,0.91929,-0.087999,0.383469,-5.232342,3.179747,-14.154607,0.024428,0.841324,-0.049581,0.537699,18.335297,1.984251,33.685829
265,2.208333,-0.035035,0.861239,0.08204,0.50031,-2.2458,87.129059,15.229626,-0.039078,0.857659,0.11307,0.50011,-3.334285,94.649231,16.041609,-0.022196,0.860035,0.092137,0.501357,-6.547552,111.977592,18.804245,0.12088,0.926576,-0.052857,0.352208,-9.185481,131.818359,21.556503,0.113461,0.95783,-0.213962,0.154621,-4.219168,145.419128,19.980574,-0.000877,0.825454,0.095575,0.556319,-11.108225,125.708817,17.873154,0.321759,-0.39659,0.273747,-0.815015,-18.489893,127.740967,0.076583,0.243845,-0.128382,-0.462147,-0.842898,-4.292419,109.146294,-12.390742,0.35167,-0.010201,-0.629344,-0.692929,8.271424,125.820038,-22.672501,-0.127877,0.906162,0.105384,0.389117,-7.411727,125.305084,24.326668,0.314479,0.877991,0.073332,-0.353351,5.461459,128.206085,38.51123,-0.018524,0.321666,0.527659,-0.78598,20.107838,114.940735,20.839838,0.130129,0.061329,0.661413,-0.736097,14.608354,134.528915,9.522903,0.027557,0.834049,0.196103,0.514923,-6.876788,87.331696,7.144968,0.141151,0.940919,-0.046759,0.304238,-1.316607,54.482491,-5.526777,0.010385,0.919287,-0.087715,0.383548,-14.539496,11.506617,-5.432124,-0.149053,0.76528,0.025282,0.625692,2.385187,86.926422,23.314285,0.062239,-0.572688,0.117631,-0.808899,11.644711,52.910912,28.583565,0.024332,0.841336,-0.049642,0.537678,6.293237,9.539408,39.16909,0.010385,0.919287,-0.087715,0.383548,-5.230551,3.177859,-14.154434,0.024332,0.841336,-0.049642,0.537678,18.335299,1.985467,33.689117
266,2.216667,-0.035235,0.861741,0.082133,0.499415,-2.24787,87.136909,15.255411,-0.039717,0.857983,0.112871,0.499547,-3.338845,94.656631,16.06819,-0.021853,0.860386,0.091788,0.500833,-6.565122,111.978409,18.814413,0.120994,0.926648,-0.052862,0.35198,-9.182416,131.822388,21.563259,0.113482,0.957769,-0.214174,0.154694,-4.213814,145.422272,19.986837,-0.000928,0.825475,0.096103,0.556197,-11.1152,125.713242,17.88452,0.321825,-0.396225,0.273788,-0.815153,-18.502113,127.754662,0.091195,0.244192,-0.128557,-0.462056,-0.842821,-4.290478,109.161057,-12.36156,0.351729,-0.009873,-0.629496,-0.692765,8.274923,125.825035,-22.655882,-0.127101,0.906336,0.104868,0.389106,-7.410657,125.30854,24.333359,0.32126,0.875954,0.095749,-0.346885,5.470525,128.190979,38.514435,-0.008697,0.314743,0.530699,-0.786905,20.128418,115.031815,20.773338,0.12996,0.061427,0.661807,-0.735764,14.598082,134.517868,9.505884,0.027233,0.83448,0.196532,0.514079,-6.89526,87.335495,7.180071,0.141227,0.941316,-0.046355,0.303034,-1.312722,54.497002,-5.509611,0.010647,0.919297,-0.088045,0.383443,-14.530993,11.519668,-5.434221,-0.148882,0.765244,0.025212,0.62578,2.39952,86.938324,23.330751,0.062194,-0.572468,0.117513,-0.809075,11.646405,52.918945,28.597248,0.024567,0.841418,-0.049795,0.537524,6.298109,9.544438,39.172077,0.010647,0.919297,-0.088045,0.383443,-5.229726,3.180399,-14.154677,0.024567,0.841418,-0.049795,0.537524,18.334038,1.983678,33.688042
267,2.225,-0.034869,0.862308,0.081978,0.498487,-2.259688,87.160255,15.280122,-0.040161,0.858313,0.112668,0.498991,-3.343804,94.680756,16.094866,-0.021816,0.860687,0.091679,0.500336,-6.575829,111.989822,18.827021,0.121525,0.926645,-0.053149,0.351763,-9.18805,131.834656,21.574373,0.113328,0.957763,-0.214301,0.154668,-4.20364,145.42836,19.994469,-0.000935,0.825471,0.095909,0.556236,-11.125676,125.724861,17.899267,0.322044,-0.396278,0.273631,-0.815094,-18.510941,127.762054,0.104766,0.2445,-0.128199,-0.461863,-0.842892,-4.296984,109.170578,-12.348541,0.351831,-0.009744,-0.62953,-0.692685,8.281718,125.831726,-22.634266,-0.1271,0.906509,0.104959,0.388678,-7.413702,125.321281,24.343903,0.322792,0.875155,0.096481,-0.347275,5.480409,128.204926,38.512993,-0.007929,0.314402,0.531679,-0.786388,20.071611,115.003716,20.748156,0.129432,0.061162,0.662645,-0.735125,14.580354,134.498779,9.483652,0.027213,0.834855,0.196238,0.513583,-6.924819,87.361488,7.21508,0.140775,0.941223,-0.045799,0.303619,-1.359559,54.514706,-5.460714,0.009167,0.919699,-0.089161,0.382257,-14.525593,11.521289,-5.427843,-0.148787,0.765588,0.025072,0.625387,2.405443,86.959015,23.345163,0.062104,-0.572483,0.117354,-0.809094,11.643847,52.937107,28.610235,0.024689,0.841446,-0.050173,0.53744,6.302339,9.558249,39.170662,0.009167,0.919699,-0.089161,0.382257,-5.234619,3.170552,-14.148302,0.024689,0.841446,-0.050173,0.53744,18.332603,1.98731,33.688225
268,2.233333,-0.035367,0.862661,0.082318,0.497785,-2.240549,87.173058,15.303138,-0.041212,0.858537,0.112679,0.498517,-3.333119,94.692169,16.119396,-0.021531,0.860995,0.091502,0.499852,-6.5958,111.997581,18.834734,0.121779,0.926637,-0.053511,0.35164,-9.19302,131.844238,21.583256,0.113392,0.957666,-0.214478,0.154976,-4.199002,145.433502,19.995625,-0.000861,0.825428,0.095725,0.556332,-11.138619,125.735237,17.911045,0.323287,-0.396506,0.272871,-0.814746,-18.51973,127.771202,0.114684,0.245416,-0.127575,-0.461802,-0.842754,-4.293306,109.187614,-12.336158,0.352012,-0.009486,-0.629458,-0.692662,8.289682,125.837364,-22.61087,-0.12654,0.906669,0.10463,0.388577,-7.419241,125.330063,24.351311,0.323849,0.874478,0.097421,-0.347734,5.483394,128.200195,38.515377,-0.007256,0.313959,0.532564,-0.785972,20.021465,114.98127,20.72019,0.128944,0.060575,0.663656,-0.734346,14.561193,134.487396,9.462133,0.027316,0.835324,0.196247,0.512811,-6.918067,87.368149,7.245125,0.140717,0.941111,-0.04555,0.30403,-1.370268,54.52203,-5.440037,0.008762,0.919577,-0.088582,0.382693,-14.524853,11.525101,-5.432358,-0.14833,0.765739,0.024658,0.625328,2.436969,86.977966,23.361151,0.062006,-0.572551,0.117153,-0.809083,11.633435,52.944904,28.627527,0.024787,0.841409,-0.050113,0.537498,6.301998,9.56071,39.171104,0.008762,0.919577,-0.088582,0.382693,-5.216066,3.192434,-14.151101,0.024787,0.841409,-0.050113,0.537498,18.332365,1.98971,33.688976
269,2.241667,-0.03628,0.863067,0.082884,0.49692,-2.228218,87.179306,15.328959,-0.041831,0.858842,0.112403,0.498002,-3.336264,94.695992,16.146719,-0.021275,0.861299,0.091306,0.499375,-6.612326,112.006851,18.845377,0.121757,0.926707,-0.053534,0.35146,-9.195181,131.855392,21.593784,0.11384,0.957479,-0.214966,0.155124,-4.20208,145.444763,20.004122,-0.000888,0.825464,0.095149,0.556377,-11.14849,125.746918,17.924807,0.322758,-0.396203,0.272578,-0.8152,-18.527655,127.769745,0.126138,0.245724,-0.126951,-0.461764,-0.84278,-4.280048,109.208549,-12.33387,0.352846,-0.009111,-0.629784,-0.691946,8.306691,125.855659,-22.586086,-0.126106,0.906865,0.104482,0.3883,-7.421845,125.340668,24.360804,0.325407,0.873595,0.09783,-0.348384,5.493397,128.19986,38.515587,-0.006962,0.313783,0.533776,-0.785223,19.953844,114.934875,20.691452,0.128476,0.060521,0.664169,-0.73397,14.547493,134.465332,9.442129,0.027229,0.83582,0.196497,0.51191,-6.920546,87.363342,7.279301,0.140715,0.941292,-0.045322,0.303505,-1.372034,54.523884,-5.422791,0.008635,0.91965,-0.088557,0.382526,-14.52042,11.525053,-5.426973,-0.147933,0.765983,0.024356,0.625135,2.464109,86.995262,23.378616,0.061876,-0.572865,0.117024,-0.80889,11.627707,52.952774,28.641356,0.024804,0.841382,-0.050108,0.537541,6.302786,9.564411,39.17107,0.008635,0.91965,-0.088557,0.382526,-5.213125,3.194155,-14.149001,0.024804,0.841382,-0.050108,0.537541,18.333555,1.993272,33.690025
270,2.25,-0.036126,0.863821,0.082295,0.495717,-2.246468,87.188675,15.365197,-0.042374,0.859217,0.111915,0.497419,-3.346911,94.707016,16.177982,-0.021101,0.861587,0.091165,0.498911,-6.628109,112.014374,18.853558,0.121807,0.926758,-0.053688,0.351284,-9.200603,131.864258,21.602041,0.114209,0.95733,-0.215321,0.155283,-4.205321,145.452286,20.00766,-0.001044,0.825355,0.095811,0.556425,-11.16024,125.755981,17.936098,0.321102,-0.395401,0.273897,-0.815801,-18.53734,127.788269,0.137651,0.24539,-0.127267,-0.461278,-0.843095,-4.294297,109.20974,-12.301732,0.353308,-0.008543,-0.62962,-0.691867,8.320853,125.857834,-22.564672,-0.125707,0.907041,0.104259,0.388078,-7.426585,125.349274,24.368002,0.326549,0.872961,0.09835,-0.348758,5.499239,128.199539,38.514931,-0.006194,0.313444,0.534545,-0.784842,19.906403,114.904167,20.670298,0.128381,0.060298,0.665038,-0.733217,14.528367,134.441544,9.420306,0.026841,0.835992,0.197105,0.511417,-6.96127,87.367393,7.328562,0.140766,0.941531,-0.044897,0.302802,-1.374733,54.543495,-5.397057,0.008939,0.919618,-0.088929,0.382511,-14.515965,11.542487,-5.428754,-0.14777,0.766183,0.024383,0.624927,2.468335,87.009956,23.401833,0.06179,-0.572892,0.116907,-0.808894,11.625978,52.964123,28.653309,0.023303,0.841554,-0.050839,0.53727,6.305202,9.572339,39.171021,0.008939,0.919618,-0.088929,0.382511,-5.215339,3.199739,-14.146569,0.023303,0.841554,-0.050839,0.53727,18.344471,2.006526,33.701294
271,2.258333,-0.036605,0.864301,0.082648,0.494787,-2.240068,87.198326,15.39287,-0.042768,0.859487,0.111644,0.496979,-3.348605,94.715248,16.207808,-0.021242,0.861778,0.091047,0.498597,-6.636104,112.025597,18.870173,0.122106,0.926686,-0.054166,0.351298,-9.210114,131.876099,21.612684,0.114385,0.957184,-0.215651,0.155592,-4.202534,145.458481,20.008923,-0.001084,0.825319,0.095591,0.556516,-11.171261,125.766037,17.950512,0.322787,-0.395924,0.272925,-0.815208,-18.544432,127.792656,0.149788,0.246508,-0.126612,-0.461062,-0.842986,-4.29516,109.22049,-12.291961,0.353292,-0.007741,-0.62884,-0.692593,8.329975,125.849403,-22.544399,-0.125017,0.907301,0.103935,0.387781,-7.433028,125.362503,24.379953,0.327368,0.872488,0.098952,-0.349003,5.508407,128.195847,38.516006,-0.00517,0.313008,0.534966,-0.784736,19.87809,114.883194,20.654043,0.128527,0.059915,0.665635,-0.732681,14.509816,134.412628,9.399445,0.027047,0.835841,0.1977,0.511422,-6.971389,87.370834,7.365811,0.140639,0.941365,-0.045051,0.303351,-1.375067,54.564476,-5.400653,0.011976,0.919339,-0.088753,0.383139,-14.509962,11.561528,-5.423434,-0.147501,0.766555,0.024167,0.624543,2.491253,87.025818,23.41993,0.061561,-0.573298,0.116861,-0.80863,11.62783,52.973579,28.666555,0.023486,0.841451,-0.05089,0.537418,6.303713,9.578284,39.168064,0.011976,0.919339,-0.088753,0.383139,-5.237338,3.191695,-14.145114,0.023486,0.841451,-0.05089,0.537418,18.342367,2.008732,33.70216
272,2.266667,-0.036787,0.864439,0.083183,0.494441,-2.224914,87.214348,15.408184,-0.043944,0.859693,0.111972,0.496447,-3.33954,94.729713,16.229177,-0.020824,0.862228,0.090383,0.497955,-6.663579,112.015678,18.879616,0.121852,0.926825,-0.054045,0.351037,-9.207718,131.871765,21.609594,0.11481,0.95704,-0.215901,0.155817,-4.208688,145.457153,20.00465,-0.000894,0.825336,0.095624,0.556485,-11.182571,125.761162,17.955694,0.322091,-0.395829,0.27296,-0.815518,-18.5571,127.794418,0.156292,0.246425,-0.126073,-0.460666,-0.843307,-4.304823,109.232506,-12.297312,0.353662,-0.007636,-0.628546,-0.692672,8.341032,125.856087,-22.522121,-0.125005,0.907352,0.104189,0.387596,-7.434556,125.3582,24.379475,0.328326,0.871948,0.099204,-0.349381,5.512557,128.188309,38.510979,-0.004408,0.312549,0.53576,-0.784382,19.834951,114.84742,20.632109,0.129226,0.059407,0.66602,-0.732249,14.493097,134.384567,9.381255,0.027021,0.83621,0.197613,0.510854,-6.962365,87.388214,7.38477,0.140636,0.941435,-0.044716,0.303187,-1.376346,54.579308,-5.379655,0.010191,0.919554,-0.089511,0.382498,-14.502074,11.57358,-5.428348,-0.147297,0.766804,0.023964,0.624292,2.512537,87.040482,23.431597,0.061465,-0.573475,0.116811,-0.808519,11.631118,52.983261,28.67716,0.023703,0.841521,-0.051037,0.537285,6.307765,9.585873,39.170391,0.010191,0.919554,-0.089511,0.382498,-5.222366,3.204187,-14.142916,0.023703,0.841521,-0.051037,0.537285,18.340832,2.009904,33.701065
273,2.275,-0.036827,0.864942,0.082967,0.493595,-2.229442,87.212898,15.438684,-0.044753,0.860053,0.111677,0.495817,-3.342165,94.72876,16.257645,-0.02056,0.862644,0.089984,0.497318,-6.683513,112.013008,18.886982,0.121808,0.926888,-0.054163,0.350868,-9.208447,131.872437,21.610413,0.115156,0.956868,-0.2162,0.156204,-4.20999,145.457489,20.000751,-0.000731,0.825337,0.095562,0.556495,-11.19355,125.761414,17.962788,0.321484,-0.395457,0.273039,-0.815912,-18.567631,127.798607,0.163651,0.246557,-0.12556,-0.460474,-0.84345,-4.302052,109.246674,-12.289583,0.35385,-0.006861,-0.628977,-0.692193,8.363867,125.878479,-22.500368,-0.124866,0.907661,0.104398,0.386859,-7.435927,125.359001,24.380987,0.329336,0.871461,0.099289,-0.349621,5.534641,128.185562,38.491673,-0.003678,0.311879,0.536304,-0.78428,19.812914,114.809273,20.60396,0.129577,0.058818,0.666564,-0.731739,14.478376,134.354324,9.360121,0.026974,0.836551,0.1978,0.510226,-6.982419,87.382492,7.424369,0.140472,0.941307,-0.044495,0.303693,-1.396352,54.578651,-5.353084,0.007769,0.919839,-0.089738,0.381816,-14.502539,11.566994,-5.42294,-0.147145,0.767378,0.023866,0.623626,2.523534,87.043304,23.453001,0.061382,-0.573542,0.116786,-0.808482,11.634331,52.982555,28.689211,0.023658,0.841584,-0.05096,0.537197,6.309268,9.583727,39.175613,0.007769,0.919839,-0.089738,0.381816,-5.204679,3.217065,-14.136828,0.023658,0.841584,-0.05096,0.537197,18.3423,2.010091,33.702991
274,2.283333,-0.037524,0.865334,0.083261,0.492805,-2.223413,87.206947,15.468603,-0.045269,0.860355,0.111311,0.495328,-3.34679,94.721275,16.287148,-0.020495,0.862929,0.089692,0.496879,-6.697697,112.015297,18.899446,0.12189,0.926908,-0.054171,0.350786,-9.21315,131.876953,21.615404,0.115563,0.956644,-0.216835,0.156394,-4.212748,145.461304,20.00585,-0.000883,0.825349,0.09557,0.556476,-11.204094,125.764755,17.972956,0.319483,-0.394469,0.274328,-0.816743,-18.579,127.797173,0.173615,0.245455,-0.126316,-0.460091,-0.843867,-4.309434,109.236076,-12.261389,0.35347,-0.006355,-0.627963,-0.693312,8.370227,125.867775,-22.481369,-0.124343,0.907897,0.103917,0.386605,-7.439926,125.364326,24.387445,0.330037,0.871077,0.0994,-0.349887,5.543294,128.18187,38.488289,-0.002854,0.311507,0.536743,-0.784132,19.787193,114.783409,20.58979,0.130228,0.058518,0.667001,-0.73125,14.46396,134.327835,9.341697,0.027016,0.837108,0.19806,0.509208,-6.989936,87.366516,7.462131,0.140325,0.941201,-0.044361,0.304109,-1.412331,54.570187,-5.338254,0.010593,0.919454,-0.088344,0.382998,-14.502671,11.553728,-5.421147,-0.146928,0.767637,0.023882,0.623359,2.543111,87.047379,23.475075,0.061235,-0.57367,0.11685,-0.808393,11.644983,52.982128,28.697464,0.023516,0.841574,-0.050893,0.537225,6.309348,9.583014,39.177319,0.010593,0.919454,-0.088344,0.382998,-5.211439,3.207713,-14.145849,0.023516,0.841574,-0.050893,0.537225,18.345026,2.012935,33.705593
275,2.291667,-0.037966,0.866007,0.082503,0.491716,-2.241637,87.18367,15.517467,-0.044996,0.860617,0.110517,0.495075,-3.36417,94.699409,16.324135,-0.020862,0.862884,0.090084,0.496872,-6.699978,112.041473,18.924475,0.122026,0.926813,-0.055038,0.350853,-9.236037,131.899673,21.646578,0.116184,0.956367,-0.21761,0.156554,-4.223732,145.477142,20.016083,-0.001417,0.825223,0.095168,0.556729,-11.220405,125.786591,18.002008,0.318886,-0.394754,0.274233,-0.81687,-18.584326,127.794205,0.195305,0.245277,-0.125849,-0.459608,-0.844252,-4.323938,109.243027,-12.264996,0.353495,-0.005983,-0.627539,-0.693686,8.382818,125.871574,-22.46027,-0.123871,0.908367,0.103764,0.385692,-7.456362,125.387993,24.416681,0.331095,0.870566,0.099649,-0.350088,5.558733,128.197144,38.489796,-0.001732,0.311164,0.537205,-0.783955,19.758121,114.764473,20.581553,0.130487,0.058125,0.667504,-0.730775,14.448675,134.302399,9.322149,0.026634,0.837727,0.199025,0.507831,-7.027532,87.326988,7.522252,0.140337,0.941194,-0.044334,0.304127,-1.412787,54.556519,-5.328038,0.007224,0.919865,-0.088499,0.382053,-14.503455,11.540166,-5.413781,-0.14685,0.767881,0.024241,0.623062,2.544257,87.040352,23.512682,0.061086,-0.573787,0.116938,-0.808309,11.659868,52.974693,28.70842,0.023646,0.841638,-0.050606,0.537146,6.311661,9.575796,39.182739,0.007224,0.919865,-0.088499,0.382053,-5.186061,3.225026,-14.140062,0.023646,0.841638,-0.050606,0.537146,18.34701,2.010196,33.704098
276,2.3,-0.03815,0.866226,0.083046,0.491224,-2.238507,87.190193,15.538965,-0.045548,0.860859,0.110354,0.494641,-3.36706,94.704346,16.352003,-0.020837,0.863179,0.089849,0.496402,-6.714973,112.042427,18.938726,0.122002,0.926836,-0.055416,0.350742,-9.243946,131.90239,21.654596,0.116609,0.95616,-0.218067,0.156865,-4.229099,145.477585,20.013172,-0.001576,0.825212,0.095078,0.556762,-11.233577,125.788055,18.014984,0.31671,-0.393989,0.274843,-0.817881,-18.596094,127.788773,0.206926,0.244387,-0.125939,-0.459292,-0.844669,-4.321447,109.254852,-12.262722,0.353727,-0.005499,-0.627066,-0.693999,8.392726,125.877472,-22.437319,-0.123644,0.908594,0.103596,0.385275,-7.462571,125.391594,24.425701,0.331657,0.870255,0.099508,-0.350369,5.567152,128.198013,38.485813,-0.001309,0.31125,0.537445,-0.783757,19.736353,114.743744,20.569874,0.130582,0.058203,0.667349,-0.730894,14.441193,134.279938,9.29932,0.02632,0.838693,0.198644,0.506401,-7.03316,87.334602,7.549018,0.140373,0.941532,-0.043612,0.30317,-1.435543,54.552143,-5.278142,0.006528,0.919912,-0.088319,0.381995,-14.509967,11.530977,-5.412579,-0.146756,0.768171,0.024292,0.622724,2.556146,87.045784,23.528913,0.060946,-0.574,0.117022,-0.808155,11.671356,52.978348,28.713671,0.023591,0.841645,-0.050584,0.537139,6.31259,9.579679,39.183552,0.006528,0.919912,-0.088319,0.381995,-5.183147,3.227307,-14.139711,0.023591,0.841645,-0.050584,0.537139,18.348684,2.015342,33.704803
277,2.308333,-0.039543,0.866164,0.084213,0.491024,-2.196318,87.176605,15.548756,-0.046208,0.860987,0.110642,0.494292,-3.351775,94.686119,16.366819,-0.020825,0.863429,0.089646,0.496004,-6.728123,112.041618,18.955097,0.121976,0.926856,-0.055839,0.35063,-9.251392,131.903061,21.665392,0.11703,0.955951,-0.2186,0.157085,-4.233597,145.475693,20.011831,-0.001714,0.825132,0.094925,0.556905,-11.245385,125.787605,18.030073,0.316064,-0.393967,0.274769,-0.818166,-18.601686,127.781151,0.218643,0.244554,-0.125223,-0.459057,-0.844854,-4.323985,109.260117,-12.266651,0.354468,-0.00494,-0.627051,-0.693639,8.41199,125.889061,-22.417757,-0.123366,0.908864,0.103454,0.384765,-7.468482,125.393082,24.437437,0.332242,0.869951,0.099664,-0.350524,5.579128,128.19516,38.481815,-0.000442,0.310887,0.537659,-0.783755,19.721949,114.722931,20.558542,0.131253,0.058265,0.667803,-0.730354,14.427673,134.251709,9.281155,0.02668,0.839175,0.198625,0.50559,-6.992603,87.308945,7.55958,0.140543,0.94158,-0.043784,0.302914,-1.429612,54.527294,-5.284709,0.00944,0.919529,-0.087017,0.383152,-14.522778,11.511787,-5.405757,-0.146505,0.768496,0.024019,0.622393,2.599967,87.044273,23.537931,0.060673,-0.574355,0.117209,-0.807897,11.692136,52.970654,28.722488,0.021962,0.841744,-0.050959,0.537017,6.310393,9.572932,39.184525,0.00944,0.919529,-0.087017,0.383152,-5.20476,3.208923,-14.143049,0.021962,0.841744,-0.050959,0.537017,18.361393,2.023731,33.717686
278,2.316667,-0.038051,0.866631,0.083667,0.490411,-2.24289,87.197899,15.578776,-0.046357,0.861222,0.110309,0.493943,-3.373988,94.710579,16.40176,-0.020833,0.863637,0.089344,0.495696,-6.742372,112.03891,18.974302,0.121828,0.926875,-0.056219,0.350571,-9.258928,131.902527,21.67487,0.117464,0.955738,-0.219127,0.157325,-4.24159,145.473892,20.009426,-0.001855,0.825185,0.094406,0.556914,-11.257018,125.785431,18.044556,0.31515,-0.393836,0.274802,-0.81857,-18.612906,127.763306,0.231205,0.24433,-0.124778,-0.458791,-0.845129,-4.330717,109.256218,-12.269631,0.354825,-0.004486,-0.626646,-0.693826,8.423421,125.889061,-22.398325,-0.12312,0.909056,0.103114,0.384482,-7.475565,125.393738,24.449409,0.332822,0.869638,0.100146,-0.350615,5.582842,128.194275,38.484062,0.000462,0.310637,0.53792,-0.783675,19.701845,114.710297,20.550842,0.131588,0.058158,0.668208,-0.729932,14.414096,134.230911,9.262671,0.026241,0.839208,0.198713,0.505524,-7.052552,87.34803,7.59796,0.140276,0.9418,-0.04307,0.302458,-1.461073,54.567242,-5.236132,0.009523,0.919578,-0.087759,0.382864,-14.513141,11.539403,-5.403747,-0.146822,0.768821,0.024525,0.621897,2.566772,87.047768,23.559593,0.060518,-0.574632,0.117282,-0.807701,11.701225,52.98251,28.724751,0.023255,0.841559,-0.050766,0.537272,6.309772,9.584629,39.181122,0.009523,0.919578,-0.087759,0.382864,-5.206475,3.218116,-14.135615,0.023255,0.841559,-0.050766,0.537272,18.350231,2.021139,33.710815
279,2.325,-0.039984,0.86663,0.084129,0.490179,-2.210155,87.170876,15.614179,-0.047214,0.861372,0.11006,0.493655,-3.370018,94.680069,16.428932,-0.0204,0.86389,0.089042,0.495327,-6.76273,112.024261,18.98225,0.121497,0.926963,-0.056544,0.3504,-9.256995,131.890778,21.682201,0.117796,0.955564,-0.219551,0.157538,-4.245753,145.462769,20.003651,-0.001883,0.825181,0.094389,0.556923,-11.26461,125.775124,18.054718,0.314439,-0.393633,0.274872,-0.818918,-18.620102,127.751755,0.241074,0.244157,-0.124527,-0.458642,-0.845298,-4.331447,109.254822,-12.267401,0.355091,-0.004005,-0.626228,-0.69407,8.431494,125.888618,-22.381422,-0.123239,0.909215,0.102973,0.384106,-7.477455,125.380638,24.456028,0.333202,0.86935,0.099813,-0.351062,5.590998,128.189728,38.479607,0.000737,0.310552,0.538168,-0.783538,19.679937,114.689491,20.534996,0.131951,0.05821,0.668326,-0.729754,14.40201,134.212036,9.244878,0.02637,0.840328,0.198916,0.503573,-7.021244,87.29364,7.633757,0.140449,0.941987,-0.042951,0.301812,-1.459997,54.51907,-5.229328,0.005912,0.919926,-0.087184,0.38223,-14.523384,11.49469,-5.402882,-0.146473,0.769381,0.024537,0.621286,2.600933,87.048111,23.594601,0.060214,-0.575086,0.117447,-0.807377,11.721638,52.975613,28.736254,0.023162,0.841593,-0.05057,0.53724,6.308335,9.577915,39.18206,0.005912,0.919926,-0.087184,0.38223,-5.176795,3.224191,-14.140351,0.023162,0.841593,-0.05057,0.53724,18.351061,2.020107,33.708885
280,2.333333,-0.040139,0.866775,0.084234,0.489893,-2.210889,87.168152,15.639907,-0.047668,0.86152,0.109917,0.493386,-3.373309,94.676888,16.455254,-0.020445,0.864081,0.088786,0.495039,-6.776916,112.02198,18.997404,0.121372,0.926958,-0.057069,0.350374,-9.26678,131.890259,21.688437,0.11813,0.955367,-0.220006,0.157853,-4.253965,145.459778,19.994621,-0.002014,0.825129,0.094266,0.55702,-11.277618,125.772942,18.065552,0.316768,-0.394847,0.273601,-0.817861,-18.628906,127.743088,0.249444,0.245345,-0.123438,-0.458288,-0.845305,-4.354036,109.247681,-12.277018,0.355043,-0.00369,-0.625017,-0.695186,8.434497,125.870499,-22.367855,-0.123045,0.909395,0.102836,0.383779,-7.486238,125.381363,24.464542,0.333544,0.869143,0.099749,-0.351268,5.593806,128.187805,38.477852,0.001192,0.310549,0.538325,-0.783431,19.663004,114.675354,20.526924,0.132266,0.058261,0.668388,-0.729636,14.392877,134.194275,9.227156,0.026369,0.840599,0.199141,0.503032,-7.026967,87.288818,7.662459,0.140397,0.94201,-0.0428,0.301784,-1.465759,54.520641,-5.216927,0.005367,0.920033,-0.087352,0.381942,-14.520794,11.493773,-5.401372,-0.146436,0.769693,0.024731,0.620901,2.605189,87.047485,23.617353,0.060046,-0.575297,0.117526,-0.807227,11.734986,52.97488,28.742186,0.023969,0.841567,-0.050144,0.537286,6.309968,9.577047,39.181389,0.005367,0.920033,-0.087352,0.381942,-5.173563,3.224851,-14.139657,0.023969,0.841567,-0.050144,0.537286,18.34705,2.017086,33.698772
281,2.341667,-0.040508,0.866954,0.084618,0.489479,-2.207039,87.163284,15.662453,-0.047997,0.861653,0.10979,0.493149,-3.376808,94.670578,16.480621,-0.020566,0.86421,0.088532,0.494854,-6.788274,112.018845,19.014481,0.121308,0.926932,-0.057993,0.350313,-9.276716,131.888748,21.694807,0.118407,0.955249,-0.220206,0.158078,-4.257096,145.45256,19.975658,-0.002111,0.825069,0.093808,0.557186,-11.289154,125.769318,18.076376,0.316178,-0.394799,0.273633,-0.818102,-18.633253,127.727066,0.255944,0.244962,-0.123183,-0.458142,-0.845533,-4.357313,109.239937,-12.28151,0.354868,-0.003325,-0.624583,-0.695668,8.44037,125.866905,-22.35379,-0.12311,0.909551,0.10276,0.383408,-7.495119,125.38147,24.474016,0.334131,0.868834,0.099469,-0.351553,5.595308,128.193588,38.476486,0.001461,0.310693,0.538662,-0.783142,19.633083,114.65583,20.520035,0.132554,0.058701,0.668492,-0.729453,14.383358,134.177826,9.211348,0.02646,0.8408,0.199372,0.502599,-7.030132,87.280716,7.689198,0.140466,0.942068,-0.042631,0.301595,-1.472649,54.51944,-5.209336,0.008884,0.919563,-0.086644,0.383169,-14.528947,11.493012,-5.407419,-0.146328,0.769951,0.024797,0.620603,2.616054,87.04586,23.635706,0.059895,-0.575382,0.117605,-0.807166,11.745073,52.971256,28.748543,0.021807,0.841704,-0.050788,0.537102,6.30763,9.573454,39.181396,0.008884,0.919563,-0.086644,0.383169,-5.200794,3.204684,-14.1477,0.021807,0.841704,-0.050788,0.537102,18.36301,2.03032,33.715839
282,2.35,-0.040679,0.867133,0.085277,0.489034,-2.206025,87.157913,15.676233,-0.04825,0.861784,0.109684,0.492919,-3.382517,94.663277,16.502356,-0.020574,0.864339,0.088314,0.494668,-6.800584,112.018524,19.030432,0.121274,0.926903,-0.058574,0.350303,-9.284411,131.889969,21.703627,0.118591,0.95508,-0.220694,0.158283,-4.260262,145.450104,19.968805,-0.002269,0.825029,0.093638,0.557274,-11.299498,125.769386,18.088612,0.315927,-0.394958,0.273404,-0.818199,-18.63979,127.718758,0.265686,0.245231,-0.122498,-0.457949,-0.845659,-4.363847,109.24276,-12.288155,0.355319,-0.002999,-0.625099,-0.694975,8.454238,125.876808,-22.341154,-0.122888,0.909739,0.102518,0.383098,-7.502717,125.38353,24.484747,0.334495,0.86863,0.099649,-0.35166,5.599047,128.193542,38.477036,0.001895,0.310713,0.538739,-0.78308,19.619911,114.646553,20.514336,0.132381,0.058596,0.668359,-0.729615,14.37459,134.163651,9.194901,0.026596,0.840311,0.199919,0.503192,-7.03697,87.27774,7.707768,0.140407,0.942,-0.042884,0.3018,-1.458609,54.532551,-5.222575,0.005884,0.920003,-0.087491,0.381975,-14.516711,11.506584,-5.400429,-0.146367,0.770029,0.024901,0.620494,2.624919,87.038078,23.644697,0.05983,-0.5753,0.117732,-0.807211,11.761286,52.964653,28.752268,0.023967,0.841624,-0.049692,0.537238,6.310363,9.568834,39.186344,0.005884,0.920003,-0.087491,0.381975,-5.176683,3.228998,-14.13821,0.023967,0.841624,-0.049692,0.537238,18.35046,2.018943,33.696476
283,2.358333,-0.039056,0.867508,0.084628,0.488612,-2.265868,87.184082,15.705217,-0.047255,0.861953,0.109133,0.492843,-3.415687,94.693115,16.535612,-0.021328,0.864287,0.087967,0.494787,-6.782194,111.998512,19.056639,0.120575,0.926981,-0.058504,0.35035,-9.285776,131.871155,21.702362,0.119206,0.954879,-0.221319,0.158158,-4.280261,145.437531,19.962473,-0.002361,0.825177,0.093943,0.557003,-11.293645,125.743866,18.09469,0.314147,-0.394434,0.2737,-0.819037,-18.645611,127.695892,0.276871,0.244305,-0.122696,-0.45779,-0.845984,-4.356353,109.240852,-12.292643,0.355205,-0.002856,-0.624988,-0.695134,8.459518,125.86982,-22.328478,-0.12215,0.909859,0.101607,0.38329,-7.499096,125.370094,24.492867,0.334489,0.868472,0.100104,-0.351928,5.603977,128.167419,38.486473,0.002145,0.310627,0.538684,-0.783152,19.615091,114.633453,20.506351,0.132417,0.05918,0.668511,-0.729422,14.364735,134.14595,9.183295,0.025959,0.840196,0.200011,0.503381,-7.106909,87.323288,7.743197,0.140224,0.942246,-0.042095,0.301227,-1.484203,54.578346,-5.168544,0.006234,0.920009,-0.088325,0.381764,-14.506309,11.541724,-5.400187,-0.146712,0.770105,0.025474,0.620294,2.575173,87.044876,23.667236,0.059714,-0.575582,0.117657,-0.807029,11.756278,52.980721,28.756392,0.023846,0.841531,-0.050091,0.537353,6.308195,9.58209,39.180244,0.006234,0.920009,-0.088325,0.381764,-5.180188,3.240788,-14.13067,0.023846,0.841531,-0.050091,0.537353,18.348072,2.025085,33.699696
284,2.366667,-0.039245,0.867682,0.084735,0.488271,-2.271222,87.183533,15.730286,-0.048355,0.862091,0.109053,0.492512,-3.423999,94.692055,16.561113,-0.020678,0.864582,0.087771,0.494335,-6.825843,112.014748,19.064426,0.120729,0.926957,-0.059477,0.350197,-9.301445,131.889877,21.717726,0.119416,0.954668,-0.221855,0.158525,-4.283315,145.44838,19.952883,-0.00287,0.824845,0.093487,0.557568,-11.321226,125.765968,18.110994,0.313792,-0.39431,0.273965,-0.819144,-18.648689,127.693962,0.280471,0.244264,-0.122573,-0.457572,-0.846132,-4.361944,109.235336,-12.286647,0.355233,-0.002625,-0.624969,-0.695138,8.464417,125.860275,-22.314974,-0.121831,0.910141,0.101541,0.38274,-7.519613,125.385956,24.504608,0.334847,0.868347,0.099454,-0.35208,5.602792,128.176529,38.481434,0.002097,0.311103,0.538701,-0.782951,19.595501,114.616943,20.506277,0.132085,0.05953,0.668227,-0.729714,14.359739,134.125427,9.170177,0.026117,0.840222,0.200196,0.503256,-7.118198,87.319984,7.77183,0.140172,0.942213,-0.041917,0.301379,-1.500168,54.580879,-5.156739,0.00885,0.919629,-0.087751,0.382757,-14.51328,11.541623,-5.404063,-0.146582,0.770081,0.025754,0.620343,2.575754,87.047073,23.688742,0.059684,-0.575597,0.117672,-0.807019,11.761908,52.981209,28.757351,0.022427,0.841665,-0.050608,0.537156,6.311376,9.582564,39.179863,0.00885,0.919629,-0.087751,0.382757,-5.199503,3.227476,-14.135152,0.022427,0.841665,-0.050608,0.537156,18.361494,2.034505,33.709507
285,2.375,-0.039528,0.867851,0.084834,0.48793,-2.273549,87.185844,15.756041,-0.048799,0.862185,0.10902,0.492312,-3.430478,94.693771,16.586504,-0.020485,0.864731,0.087232,0.494178,-6.842676,112.004509,19.080181,0.120999,0.926914,-0.059974,0.350133,-9.300352,131.883774,21.71913,0.119104,0.954654,-0.222121,0.158468,-4.270791,145.436646,19.943621,-0.002862,0.824912,0.093319,0.557497,-11.326856,125.758766,18.118017,0.313526,-0.394349,0.273971,-0.819225,-18.657391,127.683113,0.288369,0.244379,-0.122224,-0.457328,-0.846281,-4.372455,109.227982,-12.285918,0.35562,-0.002546,-0.624847,-0.695049,8.468347,125.849892,-22.301125,-0.121756,0.910222,0.101174,0.382669,-7.522812,125.380501,24.510286,0.335071,0.868249,0.099469,-0.352104,5.602417,128.174515,38.483768,0.002488,0.31116,0.538684,-0.782938,19.586306,114.60675,20.507933,0.132212,0.059695,0.668227,-0.729677,14.351517,134.108154,9.160458,0.026406,0.839373,0.201189,0.504261,-7.12631,87.317978,7.801041,0.140177,0.941941,-0.042414,0.302155,-1.473925,54.608391,-5.187122,0.008613,0.919759,-0.088697,0.382233,-14.500432,11.573023,-5.403259,-0.14646,0.770233,0.025834,0.62018,2.579211,87.053719,23.71104,0.059536,-0.575845,0.117644,-0.806857,11.763484,52.985596,28.767834,0.022572,0.84165,-0.05056,0.537178,6.310384,9.584766,39.179871,0.008613,0.919759,-0.088697,0.382233,-5.19959,3.238869,-14.129058,0.022572,0.84165,-0.05056,0.537178,18.359432,2.035675,33.708591
286,2.383333,-0.039783,0.867972,0.084956,0.487672,-2.276563,87.182693,15.780038,-0.048819,0.862311,0.109101,0.49207,-3.437518,94.689995,16.610525,-0.020843,0.864865,0.086636,0.494033,-6.852807,112.009117,19.10858,0.121224,0.926878,-0.060425,0.350073,-9.310696,131.891983,21.720179,0.119326,0.954524,-0.222692,0.158284,-4.271286,145.43988,19.934761,-0.003381,0.824858,0.093254,0.557586,-11.337961,125.761795,18.128323,0.313307,-0.394336,0.273979,-0.819313,-18.664536,127.668488,0.29514,0.244472,-0.121902,-0.457154,-0.846394,-4.379247,109.21656,-12.283452,0.355924,-0.002411,-0.624734,-0.694996,8.472,125.836311,-22.286093,-0.121509,0.910332,0.100829,0.382577,-7.532002,125.392738,24.519993,0.33544,0.868196,0.099602,-0.351846,5.598271,128.184036,38.489285,0.0033,0.311454,0.538486,-0.782955,19.578648,114.601364,20.521963,0.131798,0.059483,0.668172,-0.72982,14.342791,134.082794,9.14416,0.026329,0.84031,0.200684,0.502904,-7.13364,87.31131,7.82761,0.139986,0.94216,-0.04172,0.301658,-1.516029,54.586952,-5.13842,0.006274,0.919965,-0.088263,0.381884,-14.508411,11.541528,-5.40108,-0.146344,0.770239,0.026014,0.620193,2.580514,87.054077,23.732466,0.059448,-0.575843,0.117619,-0.806868,11.766462,52.984203,28.774363,0.023206,0.841602,-0.050586,0.537223,6.310494,9.5819,39.178791,0.006274,0.919965,-0.088263,0.381884,-5.180033,3.241736,-14.130239,0.023206,0.841602,-0.050586,0.537223,18.352335,2.023097,33.705036
287,2.391667,-0.040025,0.868091,0.084642,0.487495,-2.289757,87.187538,15.814294,-0.049095,0.862408,0.108819,0.491935,-3.451428,94.695358,16.639069,-0.020798,0.864973,0.086291,0.493905,-6.868671,112.009384,19.123306,0.121241,0.926867,-0.060872,0.350018,-9.31773,131.89473,21.724211,0.119473,0.954373,-0.223285,0.158248,-4.273889,145.439407,19.926872,-0.003546,0.824815,0.092994,0.557692,-11.348614,125.763283,18.136549,0.312779,-0.394267,0.274316,-0.819435,-18.670559,127.659477,0.300351,0.244505,-0.121612,-0.456888,-0.84657,-4.392207,109.2033,-12.27989,0.356391,-0.002286,-0.624739,-0.694753,8.475492,125.821831,-22.271208,-0.122054,0.910393,0.100836,0.382255,-7.540746,125.396393,24.527205,0.335957,0.868081,0.09881,-0.35186,5.593917,128.208374,38.488216,0.004152,0.311304,0.538916,-0.782715,19.555368,114.589249,20.533794,0.133208,0.058778,0.668913,-0.728942,14.33747,134.065002,9.14538,0.026526,0.839537,0.201792,0.503741,-7.149684,87.309006,7.863499,0.140048,0.941909,-0.042176,0.302348,-1.490613,54.617184,-5.166409,0.008572,0.919737,-0.088748,0.382276,-14.50004,11.576756,-5.401817,-0.146213,0.770273,0.026283,0.62017,2.57017,87.066071,23.765089,0.059365,-0.575962,0.117483,-0.806809,11.761126,52.994465,28.786146,0.023305,0.841627,-0.050713,0.537168,6.312004,9.588403,39.178467,0.008572,0.919737,-0.088748,0.382276,-5.19806,3.24189,-14.125721,0.023305,0.841627,-0.050713,0.537168,18.350887,2.025331,33.704109
288,2.4,-0.040209,0.868285,0.084844,0.487099,-2.301772,87.188759,15.837103,-0.049175,0.862546,0.108508,0.491754,-3.467005,94.695831,16.663689,-0.020828,0.865071,0.086016,0.49378,-6.880519,112.010612,19.137627,0.121136,0.926876,-0.061388,0.349941,-9.324778,131.897812,21.728785,0.119634,0.954221,-0.223872,0.158212,-4.279112,145.439789,19.916313,-0.003594,0.824854,0.092625,0.557694,-11.35797,125.764893,18.144955,0.310847,-0.393337,0.275594,-0.820188,-18.679804,127.651573,0.307703,0.2438,-0.12212,-0.456609,-0.846851,-4.39989,109.184578,-12.254858,0.356748,-0.002142,-0.624628,-0.69467,8.480473,125.804665,-22.2547,-0.121863,0.91051,0.100422,0.382146,-7.548279,125.400604,24.534672,0.336205,0.868046,0.098681,-0.351744,5.591439,128.212921,38.490852,0.004462,0.31162,0.538847,-0.782635,19.548389,114.580009,20.543396,0.13342,0.059072,0.668182,-0.729549,14.336016,134.047226,9.136684,0.026498,0.839519,0.20206,0.503664,-7.168618,87.308319,7.890513,0.139878,0.942155,-0.042003,0.301686,-1.49931,54.624115,-5.15405,0.008849,0.919754,-0.088154,0.382366,-14.490231,11.578101,-5.39016,-0.146138,0.770251,0.026398,0.62021,2.565074,87.069206,23.783693,0.059229,-0.575981,0.117411,-0.806817,11.756846,52.996479,28.795633,0.020747,0.841573,-0.051623,0.537271,6.305894,9.587434,39.174519,0.008849,0.919754,-0.088154,0.382366,-5.186736,3.254253,-14.122963,0.020747,0.841573,-0.051623,0.537271,18.369596,2.041156,33.73172
289,2.408333,-0.040397,0.868415,0.084939,0.486835,-2.312645,87.190285,15.858701,-0.048798,0.862627,0.108208,0.491716,-3.48082,94.696877,16.68548,-0.021178,0.865042,0.085735,0.493867,-6.875342,112.004425,19.155617,0.120889,0.92689,-0.061667,0.349941,-9.326514,131.89299,21.729784,0.119867,0.954085,-0.22446,0.158024,-4.284645,145.435059,19.907438,-0.0033,0.824998,0.092191,0.557556,-11.356874,125.756477,18.150497,0.312256,-0.393945,0.274824,-0.819619,-18.684748,127.64267,0.315672,0.244667,-0.121471,-0.456396,-0.846809,-4.407735,109.177986,-12.253592,0.356813,-0.002007,-0.62431,-0.694923,8.481711,125.781799,-22.237921,-0.122195,0.910517,0.100204,0.382081,-7.548675,125.398636,24.541468,0.336597,0.867954,0.098473,-0.351655,5.589815,128.226227,38.495724,0.005091,0.311701,0.538889,-0.78257,19.536121,114.572548,20.555775,0.133944,0.059151,0.668165,-0.729462,14.328462,134.029526,9.131935,0.026451,0.83964,0.202255,0.503386,-7.184006,87.307144,7.914837,0.139913,0.941999,-0.041838,0.302178,-1.509108,54.628372,-5.140906,0.008152,0.91967,-0.088345,0.382539,-14.498392,11.581985,-5.398796,-0.146115,0.770212,0.026488,0.62026,2.558717,87.073425,23.802565,0.059266,-0.575908,0.1173,-0.806881,11.752919,53.000557,28.809113,0.022702,0.841701,-0.050422,0.537106,6.310843,9.589582,39.184582,0.008152,0.91967,-0.088345,0.382539,-5.182952,3.261119,-14.121702,0.022702,0.841701,-0.050422,0.537106,18.358465,2.041667,33.708538
290,2.416667,-0.040517,0.868534,0.084926,0.486616,-2.323951,87.19117,15.883577,-0.049628,0.862701,0.107986,0.491551,-3.4934,94.697647,16.709578,-0.020555,0.865224,0.085539,0.493607,-6.909708,112.007271,19.159407,0.120651,0.926988,-0.062187,0.349671,-9.334456,131.898239,21.740007,0.120201,0.953912,-0.225079,0.157933,-4.294819,145.438721,19.899773,-0.003543,0.824811,0.091842,0.557889,-11.37499,125.765083,18.160763,0.310454,-0.39322,0.276204,-0.820188,-18.688442,127.637184,0.318535,0.243935,-0.121813,-0.456014,-0.847176,-4.421458,109.153793,-12.234619,0.357067,-0.001908,-0.624097,-0.694984,8.487662,125.760101,-22.220346,-0.122073,0.910649,0.099833,0.381902,-7.562592,125.401047,24.548878,0.336644,0.868004,0.097729,-0.351694,5.582362,128.231125,38.496536,0.00532,0.311946,0.538806,-0.782527,19.525528,114.560738,20.566868,0.134361,0.059225,0.668395,-0.729169,14.320171,134.012741,9.127654,0.026404,0.839759,0.202383,0.50314,-7.199106,87.305542,7.942005,0.139678,0.942151,-0.0417,0.301831,-1.520591,54.63028,-5.120966,0.006247,0.920337,-0.089463,0.380706,-14.486885,11.576962,-5.379189,-0.146042,0.770127,0.026674,0.620375,2.551204,87.076797,23.82515,0.05924,-0.575845,0.117205,-0.806943,11.748959,53.003113,28.819578,0.022721,0.841727,-0.050423,0.537063,6.311437,9.589851,39.187885,0.006247,0.920337,-0.089463,0.380706,-5.189007,3.248443,-14.11352,0.022721,0.841727,-0.050423,0.537063,18.358246,2.041629,33.710461
291,2.425,-0.040582,0.868673,0.084902,0.486367,-2.339251,87.195816,15.905592,-0.049447,0.862804,0.107844,0.491421,-3.509143,94.702271,16.731125,-0.020831,0.865279,0.085094,0.493576,-6.917269,112.014702,19.180538,0.120543,0.926979,-0.062316,0.349708,-9.342707,131.908279,21.740276,0.120443,0.95372,-0.225821,0.157848,-4.304529,145.448715,19.895788,-0.003738,0.824836,0.091459,0.557913,-11.383147,125.771271,18.167583,0.309574,-0.392649,0.276996,-0.820526,-18.695471,127.628937,0.323382,0.243697,-0.122068,-0.455759,-0.847346,-4.42796,109.133827,-12.211904,0.357312,-0.001749,-0.623694,-0.69522,8.491528,125.735237,-22.202543,-0.121949,0.910716,0.099438,0.381885,-7.57046,125.414124,24.555918,0.336949,0.867969,0.097237,-0.351625,5.57616,128.246017,38.501637,0.005789,0.312193,0.538757,-0.78246,19.510996,114.552673,20.583014,0.134746,0.059558,0.668622,-0.728863,14.310007,133.995438,9.123542,0.02641,0.839782,0.202532,0.50304,-7.218829,87.308411,7.966709,0.139776,0.941958,-0.041406,0.302431,-1.536815,54.637474,-5.105527,0.007875,0.91966,-0.088417,0.382552,-14.503225,11.584425,-5.399547,-0.146034,0.770208,0.026773,0.620272,2.540327,87.083214,23.844475,0.059168,-0.57599,0.11706,-0.806865,11.742676,53.00975,28.8319,0.022597,0.841747,-0.050587,0.537022,6.313589,9.592668,39.188599,0.007875,0.91966,-0.088417,0.382552,-5.184171,3.264785,-14.119762,0.022597,0.841747,-0.050587,0.537022,18.360016,2.042583,33.712906
292,2.433333,-0.040671,0.868776,0.084893,0.486176,-2.35067,87.197174,15.927354,-0.048634,0.862821,0.107508,0.491546,-3.5215,94.703545,16.752359,-0.021599,0.865095,0.084757,0.493924,-6.89224,111.985359,19.200445,0.119964,0.926991,-0.062342,0.349872,-9.338852,131.879944,21.732164,0.120673,0.953609,-0.226281,0.157684,-4.314886,145.424896,19.88213,-0.003461,0.825118,0.091684,0.557461,-11.370173,125.736382,18.165533,0.310277,-0.392994,0.276535,-0.820252,-18.702106,127.606117,0.330646,0.244185,-0.121485,-0.455529,-0.847413,-4.435407,109.114815,-12.211166,0.357455,-0.001728,-0.623368,-0.695439,8.497624,125.708832,-22.184744,-0.122484,0.910589,0.098825,0.382176,-7.563085,125.391098,24.557858,0.337156,0.867935,0.097027,-0.351568,5.569842,128.249252,38.51112,0.006217,0.312536,0.538688,-0.782367,19.499393,114.542786,20.598434,0.134848,0.059937,0.668841,-0.728612,14.30445,133.976212,9.116164,0.026428,0.840008,0.202515,0.502668,-7.233563,87.307869,7.990486,0.139575,0.942103,-0.041133,0.302107,-1.559056,54.636528,-5.084001,0.00682,0.920083,-0.089366,0.381333,-14.5016,11.576385,-5.391119,-0.146043,0.770413,0.026922,0.620008,2.532223,87.086472,23.864222,0.059049,-0.576134,0.117048,-0.806773,11.74327,53.01376,28.840744,0.022172,0.841719,-0.050789,0.537064,6.310622,9.595156,39.189209,0.00682,0.920083,-0.089366,0.381333,-5.198296,3.244664,-14.116613,0.022172,0.841719,-0.050789,0.537064,18.361095,2.046716,33.720161
293,2.441667,-0.040682,0.868846,0.084794,0.486068,-2.36881,87.198914,15.948212,-0.048557,0.862861,0.107273,0.491533,-3.538956,94.705528,16.771971,-0.021665,0.865107,0.084379,0.493964,-6.902166,111.983727,19.213554,0.119798,0.92695,-0.062904,0.349938,-9.343711,131.880768,21.730742,0.120743,0.953483,-0.226699,0.157794,-4.318593,145.423111,19.864708,-0.003457,0.8252,0.091274,0.557407,-11.37636,125.735184,18.168362,0.310613,-0.392774,0.276664,-0.820186,-18.710657,127.595985,0.33351,0.244655,-0.121368,-0.455334,-0.847399,-4.438622,109.096619,-12.190331,0.357788,-0.001631,-0.623024,-0.695576,8.503726,125.680962,-22.166754,-0.122623,0.910614,0.098602,0.382131,-7.569907,125.393501,24.561256,0.337465,0.867953,0.096999,-0.351235,5.563047,128.260147,38.512756,0.006415,0.313028,0.538566,-0.782252,19.493965,114.536903,20.613974,0.134828,0.06067,0.668161,-0.729179,14.307541,133.958786,9.111388,0.026411,0.840076,0.202647,0.502503,-7.253645,87.308296,8.012521,0.139455,0.942091,-0.040945,0.302225,-1.575908,54.640694,-5.069902,0.006638,0.919992,-0.088988,0.381644,-14.50344,11.576149,-5.391229,-0.146013,0.770392,0.026937,0.620041,2.516025,87.089523,23.883904,0.05893,-0.576581,0.116819,-0.806495,11.725883,53.016235,28.858652,0.021905,0.841751,-0.05097,0.537009,6.308957,9.591564,39.189877,0.006638,0.919992,-0.088988,0.381644,-5.189142,3.255405,-14.115472,0.021905,0.841751,-0.05097,0.537009,18.360441,2.042948,33.723301
294,2.45,-0.042399,0.868687,0.085609,0.486062,-2.339651,87.17598,15.963451,-0.049811,0.8629,0.107294,0.491336,-3.538542,94.678291,16.785076,-0.020754,0.865369,0.08417,0.49358,-6.951319,112.009979,19.214014,0.119538,0.927071,-0.063295,0.349634,-9.355733,131.910004,21.743296,0.121211,0.953223,-0.227552,0.157779,-4.334745,145.451813,19.86228,-0.004343,0.824818,0.090823,0.558039,-11.40282,125.769653,18.180161,0.31166,-0.392969,0.276924,-0.819608,-18.709513,127.594666,0.330283,0.245545,-0.120878,-0.455147,-0.847312,-4.45321,109.067467,-12.170307,0.358361,-0.001541,-0.62287,-0.695419,8.508581,125.650856,-22.14826,-0.122078,0.910659,0.098011,0.382348,-7.590137,125.418327,24.568821,0.337764,0.867984,0.09765,-0.35069,5.541549,128.273895,38.523788,0.007465,0.313192,0.538495,-0.782226,19.482046,114.545616,20.63632,0.135416,0.06104,0.668244,-0.728963,14.29837,133.943298,9.105384,0.026749,0.84052,0.202835,0.501666,-7.221942,87.265053,8.025938,0.139622,0.941928,-0.041283,0.302612,-1.570627,54.604168,-5.084665,0.006133,0.919966,-0.088094,0.381922,-14.520863,11.54631,-5.38737,-0.145681,0.770631,0.026688,0.619833,2.54264,87.086899,23.900965,0.058845,-0.576532,0.116756,-0.806546,11.725389,53.005756,28.872076,0.021979,0.841791,-0.050562,0.536981,6.307801,9.578859,39.193596,0.006133,0.919966,-0.088094,0.381922,-5.188817,3.251973,-14.117794,0.021979,0.841791,-0.050562,0.536981,18.361303,2.03824,33.720421
295,2.458333,-0.040603,0.868986,0.084679,0.485844,-2.406345,87.205421,15.987739,-0.049487,0.863005,0.106791,0.491293,-3.574378,94.712433,16.810883,-0.020838,0.865399,0.083825,0.493582,-6.96116,112.012184,19.225328,0.119831,0.926946,-0.063755,0.349782,-9.361688,131.914413,21.740963,0.120737,0.953178,-0.227911,0.157896,-4.3283,145.4505,19.851927,-0.004409,0.8248,0.090483,0.558121,-11.409966,125.772026,18.18203,0.311897,-0.392808,0.27731,-0.819464,-18.713104,127.587845,0.329764,0.245788,-0.120905,-0.454829,-0.847408,-4.46146,109.043694,-12.151004,0.358526,-0.001552,-0.622023,-0.696093,8.508592,125.60862,-22.128317,-0.122084,0.910678,0.097626,0.3824,-7.597371,125.424324,24.57094,0.337877,0.868049,0.097624,-0.350428,5.532722,128.285675,38.526218,0.007984,0.313429,0.538277,-0.782276,19.478899,114.54921,20.649477,0.135874,0.061643,0.668106,-0.728953,14.291489,133.931656,9.096981,0.026267,0.840174,0.202831,0.502273,-7.295358,87.31459,8.054616,0.139286,0.942164,-0.040481,0.30214,-1.605907,54.65176,-5.034632,0.007008,0.919936,-0.088911,0.381789,-14.50719,11.579615,-5.389293,-0.146052,0.770824,0.027267,0.61948,2.482668,87.096252,23.92086,0.058873,-0.57669,0.116596,-0.806454,11.712648,53.025043,28.872526,0.022133,0.841778,-0.051002,0.536953,6.309946,9.595087,39.188965,0.007008,0.919936,-0.088911,0.381789,-5.194584,3.256915,-14.113477,0.022133,0.841778,-0.051002,0.536953,18.357681,2.042446,33.719685
296,2.466667,-0.042223,0.868838,0.085346,0.485853,-2.386263,87.184654,16.005695,-0.049497,0.863036,0.10654,0.491292,-3.580679,94.687881,16.825468,-0.020893,0.865416,0.083506,0.493604,-6.968312,112.014534,19.235636,0.119619,0.926955,-0.064008,0.349785,-9.364481,131.918823,21.739071,0.120707,0.953088,-0.228346,0.157834,-4.334227,145.454849,19.841251,-0.004693,0.824779,0.090385,0.558164,-11.413981,125.774727,18.183781,0.312092,-0.392655,0.277592,-0.819368,-18.715128,127.579521,0.329584,0.246327,-0.120572,-0.454586,-0.84743,-4.465379,109.023033,-12.135005,0.359267,-0.001662,-0.621859,-0.695856,8.518346,125.579132,-22.107605,-0.122466,0.910692,0.097402,0.382303,-7.601745,125.430061,24.573071,0.338127,0.868061,0.097268,-0.350256,5.527601,128.30867,38.525501,0.008476,0.313712,0.538078,-0.782295,19.47122,114.552963,20.66156,0.136132,0.062103,0.668107,-0.728865,14.282139,133.921356,9.086433,0.026657,0.840596,0.202893,0.50152,-7.272615,87.273758,8.070683,0.139327,0.942046,-0.040667,0.302464,-1.615976,54.614204,-5.040952,0.006109,0.919942,-0.088093,0.381982,-14.525419,11.54441,-5.385456,-0.145696,0.771018,0.027102,0.61933,2.500088,87.095551,23.940706,0.058817,-0.576849,0.116515,-0.806356,11.704961,53.016293,28.883749,0.021905,0.84187,-0.050808,0.536837,6.307072,9.584037,39.193035,0.006109,0.919942,-0.088093,0.381982,-5.19183,3.250398,-14.114534,0.021905,0.84187,-0.050808,0.536837,18.357531,2.038962,33.719307
297,2.475,-0.041372,0.869014,0.084794,0.485709,-2.432448,87.199371,16.031687,-0.049254,0.863125,0.105981,0.491281,-3.611389,94.705124,16.850769,-0.020924,0.865438,0.083168,0.493622,-6.9783,112.018394,19.24581,0.119175,0.926972,-0.063987,0.349895,-9.368878,131.924911,21.736851,0.120691,0.952915,-0.228978,0.157973,-4.34995,145.464676,19.835735,-0.004824,0.82472,0.090107,0.558296,-11.420028,125.779198,18.185312,0.312183,-0.39233,0.277965,-0.819362,-18.715422,127.574287,0.327785,0.246999,-0.120203,-0.454389,-0.847392,-4.463136,109.005165,-12.115036,0.360174,-0.001593,-0.622067,-0.695201,8.534464,125.554916,-22.085901,-0.122384,0.910826,0.096631,0.382205,-7.608066,125.437401,24.574917,0.338259,0.868103,0.097044,-0.350086,5.524964,128.325516,38.521912,0.00878,0.313914,0.537726,-0.782452,19.470167,114.557968,20.668339,0.136195,0.062816,0.667928,-0.728957,14.269651,133.912277,9.076636,0.02635,0.840509,0.203006,0.501637,-7.322739,87.296898,8.0992,0.139099,0.942167,-0.040168,0.302257,-1.641813,54.639435,-5.007152,0.006671,0.919931,-0.088386,0.381931,-14.519191,11.560318,-5.384766,-0.145823,0.770998,0.02738,0.619313,2.457842,87.101845,23.964172,0.058812,-0.57707,0.116215,-0.806242,11.681771,53.026329,28.897444,0.022058,0.841881,-0.050973,0.536798,6.307781,9.587735,39.192493,0.006671,0.919931,-0.088386,0.381931,-5.196035,3.253522,-14.112836,0.022058,0.841881,-0.050973,0.536798,18.354557,2.036792,33.718761
298,2.483333,-0.041439,0.869055,0.084675,0.48565,-2.450037,87.200836,16.053644,-0.049305,0.863191,0.105705,0.49122,-3.628938,94.70681,16.870749,-0.020957,0.865506,0.082769,0.493569,-6.992008,112.0196,19.256453,0.11901,0.926967,-0.064435,0.349883,-9.375659,131.928726,21.73315,0.120626,0.952849,-0.229255,0.158023,-4.356859,145.466644,19.818495,-0.004968,0.824672,0.089789,0.558417,-11.429325,125.781097,18.186417,0.312361,-0.391937,0.278259,-0.819383,-18.71945,127.565125,0.32562,0.247723,-0.119832,-0.454172,-0.84735,-4.459482,108.985733,-12.093079,0.360981,-0.001472,-0.62225,-0.694618,8.552569,125.527657,-22.062727,-0.122745,0.910793,0.096842,0.382115,-7.616608,125.442741,24.575758,0.338282,0.868201,0.096898,-0.34986,5.515683,128.340652,38.521427,0.00938,0.313942,0.537456,-0.78262,19.46842,114.566383,20.678905,0.136604,0.063056,0.66838,-0.728444,14.255799,133.904419,9.070072,0.02615,0.840654,0.203102,0.501365,-7.341287,87.296089,8.121718,0.13912,0.942224,-0.039852,0.302112,-1.649163,54.640663,-4.984847,0.006835,0.919886,-0.088435,0.382023,-14.519932,11.559796,-5.387779,-0.145745,0.771109,0.027507,0.619187,2.441213,87.105591,23.985569,0.0588,-0.577248,0.116037,-0.806141,11.667356,53.028934,28.906855,0.022048,0.84189,-0.050981,0.536783,6.30766,9.586501,39.193172,0.006835,0.919886,-0.088435,0.382023,-5.197424,3.250211,-14.113894,0.022048,0.84189,-0.050981,0.536783,18.354288,2.035511,33.71917
299,2.491667,-0.041495,0.869107,0.08448,0.485586,-2.470089,87.204613,16.075033,-0.049215,0.863268,0.105295,0.491181,-3.648234,94.711014,16.889229,-0.020967,0.865553,0.082449,0.493538,-7.000336,112.021812,19.263519,0.118851,0.926978,-0.064332,0.349925,-9.37792,131.933075,21.729021,0.120461,0.952745,-0.2298,0.157981,-4.364058,145.472992,19.815702,-0.005145,0.824709,0.089628,0.558387,-11.433699,125.783989,18.185986,0.314163,-0.392204,0.277624,-0.818781,-18.725044,127.558754,0.324772,0.249113,-0.119238,-0.453895,-0.847175,-4.457471,108.973923,-12.077003,0.361444,-0.001408,-0.621844,-0.694742,8.56493,125.490211,-22.042297,-0.122577,0.910918,0.095985,0.382088,-7.620532,125.448181,24.57519,0.338304,0.868234,0.096391,-0.349897,5.514144,128.353561,38.517048,0.009391,0.31422,0.537245,-0.782653,19.464727,114.568497,20.681198,0.136672,0.063491,0.668091,-0.72866,14.249332,133.900604,9.060925,0.026028,0.841288,0.202664,0.500484,-7.362417,87.297035,8.143742,0.138859,0.942427,-0.039174,0.301687,-1.692545,54.628498,-4.939773,0.006715,0.919901,-0.087889,0.382115,-14.523789,11.536285,-5.386976,-0.145685,0.771285,0.027605,0.618978,2.422239,87.11219,24.006325,0.058781,-0.577413,0.115824,-0.806055,11.650797,53.034668,28.917089,0.023285,0.841755,-0.050801,0.536959,6.307277,9.587606,39.192257,0.006715,0.919901,-0.087889,0.382115,-5.194588,3.240783,-14.119328,0.023285,0.841755,-0.050801,0.536959,18.342861,2.022806,33.713032
300,2.5,-0.041712,0.869517,0.083826,0.484948,-2.505671,87.192261,16.111378,-0.048929,0.863477,0.104488,0.491015,-3.681288,94.700073,16.916208,-0.020979,0.865598,0.08209,0.49352,-7.011721,112.025581,19.272821,0.118713,0.926968,-0.064674,0.349937,-9.382525,131.939209,21.725674,0.12034,0.95269,-0.230069,0.158015,-4.369013,145.477814,19.802071,-0.005317,0.824681,0.089202,0.558495,-11.440558,125.788544,18.186705,0.309193,-0.389503,0.28127,-0.820716,-18.72716,127.548981,0.322135,0.246747,-0.121169,-0.453534,-0.847786,-4.455678,108.924629,-12.015716,0.361762,-0.001322,-0.621183,-0.695168,8.576907,125.451447,-22.01919,-0.122656,0.910976,0.095785,0.381972,-7.627133,125.455566,24.575905,0.338301,0.8683,0.096205,-0.349787,5.510209,128.367416,38.513905,0.009447,0.314445,0.536954,-0.782762,19.464975,114.577293,20.685238,0.136632,0.064131,0.667862,-0.728821,14.241838,133.899994,9.054371,0.025795,0.841314,0.203365,0.500168,-7.409207,87.273941,8.186891,0.138803,0.942422,-0.039045,0.301745,-1.704947,54.624832,-4.930128,0.006468,0.919892,-0.087814,0.38216,-14.528113,11.530322,-5.387513,-0.145598,0.771545,0.027743,0.618668,2.397865,87.110588,24.035862,0.058798,-0.57759,0.115573,-0.805962,11.629854,53.031815,28.931458,0.023475,0.841848,-0.05054,0.53683,6.307274,9.5797,39.196144,0.006468,0.919892,-0.087814,0.38216,-5.19419,3.239202,-14.118983,0.023475,0.841848,-0.05054,0.53683,18.340939,2.017945,33.708508
301,2.508333,-0.041809,0.869545,0.083696,0.484912,-2.525746,87.193588,16.132092,-0.048714,0.863606,0.104261,0.490857,-3.701669,94.701607,16.934532,-0.021369,0.865712,0.081518,0.493397,-7.022114,112.034584,19.289383,0.118611,0.926955,-0.065011,0.349942,-9.394842,131.951324,21.714964,0.120393,0.952626,-0.230264,0.158075,-4.380794,145.488312,19.78153,-0.005321,0.824617,0.088942,0.55863,-11.452945,125.795456,18.185089,0.309589,-0.389045,0.281633,-0.820659,-18.733704,127.550652,0.317626,0.247443,-0.121038,-0.453173,-0.847795,-4.454164,108.910706,-11.987289,0.36215,-0.001254,-0.621038,-0.695095,8.596845,125.423195,-21.997482,-0.122791,0.911078,0.095801,0.381683,-7.637954,125.471893,24.573835,0.338292,0.868417,0.095645,-0.349661,5.506651,128.389816,38.503712,0.009394,0.314725,0.536671,-0.782843,19.466415,114.587006,20.688782,0.136632,0.064492,0.667527,-0.729096,14.237365,133.902313,9.047926,0.025597,0.841971,0.202957,0.499238,-7.42978,87.272423,8.207885,0.138757,0.942671,-0.038362,0.301074,-1.742825,54.610779,-4.885407,0.009443,0.91945,-0.086618,0.383431,-14.544296,11.510345,-5.390159,-0.145521,0.771693,0.027863,0.618496,2.378289,87.114746,24.056297,0.058809,-0.577804,0.115394,-0.805834,11.612493,53.034843,28.939796,0.023452,0.841907,-0.050592,0.536734,6.305954,9.579119,39.197479,0.009443,0.91945,-0.086618,0.383431,-5.218311,3.216978,-14.127975,0.023452,0.841907,-0.050592,0.536734,18.338165,2.01651,33.707829
302,2.516667,-0.041813,0.869579,0.08348,0.484887,-2.549256,87.196991,16.15163,-0.048508,0.863701,0.103866,0.490795,-3.723624,94.705566,16.951235,-0.021516,0.865775,0.081119,0.493347,-7.030718,112.041901,19.297926,0.11831,0.926946,-0.065111,0.35005,-9.400521,131.960999,21.70686,0.120359,0.952501,-0.230647,0.158299,-4.392976,145.49968,19.768425,-0.005414,0.824636,0.088681,0.558643,-11.459826,125.802422,18.182428,0.312887,-0.389812,0.280116,-0.819563,-18.739975,127.549026,0.313872,0.249554,-0.119972,-0.452904,-0.847471,-4.446934,108.910583,-11.977653,0.362323,-0.001175,-0.620665,-0.695339,8.614699,125.390038,-21.975628,-0.123076,0.911098,0.09591,0.381515,-7.644194,125.483765,24.571041,0.338248,0.868526,0.095151,-0.349567,5.502675,128.410828,38.496868,0.009357,0.314949,0.536383,-0.782951,19.467514,114.598427,20.693346,0.136571,0.064802,0.667355,-0.729237,14.230643,133.90654,9.043767,0.025816,0.841257,0.203589,0.500172,-7.45374,87.27375,8.227681,0.138644,0.942497,-0.038641,0.301636,-1.74262,54.63121,-4.902687,0.010112,0.919392,-0.08705,0.383455,-14.541853,11.529896,-5.388361,-0.145499,0.771822,0.027961,0.618335,2.355228,87.120232,24.075581,0.058799,-0.577911,0.115148,-0.805793,11.593594,53.040279,28.950846,0.022984,0.841905,-0.050846,0.536733,6.305334,9.579349,39.195915,0.010112,0.919392,-0.08705,0.383455,-5.227097,3.219438,-14.121917,0.022984,0.841905,-0.050846,0.536733,18.341133,2.017842,33.712612
303,2.525,-0.041753,0.869613,0.083211,0.484877,-2.578776,87.202545,16.172672,-0.048274,0.863792,0.103386,0.490759,-3.750359,94.711876,16.969194,-0.021439,0.865837,0.080767,0.493298,-7.04087,112.047325,19.304907,0.118286,0.926967,-0.064913,0.350038,-9.400852,131.968872,21.703295,0.120167,0.952429,-0.231164,0.158118,-4.395824,145.509171,19.769693,-0.005498,0.824743,0.088304,0.558544,-11.463591,125.809349,18.182524,0.313703,-0.38944,0.280098,-0.819434,-18.748014,127.544701,0.314616,0.250501,-0.119778,-0.452665,-0.847347,-4.439054,108.898285,-11.946247,0.3629,-0.001219,-0.620397,-0.695277,8.633161,125.360527,-21.951738,-0.12356,0.910994,0.096562,0.381442,-7.647196,125.492355,24.570763,0.338085,0.868617,0.094828,-0.349587,5.497194,128.426682,38.497395,0.009386,0.315176,0.536057,-0.783083,19.467154,114.614281,20.697895,0.136433,0.065035,0.667141,-0.729438,14.220984,133.912231,9.038267,0.025859,0.841189,0.203591,0.500283,-7.483527,87.277809,8.248875,0.13841,0.942034,-0.038449,0.303209,-1.77312,54.635502,-4.882392,0.01095,0.919269,-0.087213,0.383692,-14.547014,11.527035,-5.399204,-0.145491,0.77201,0.028063,0.618098,2.325975,87.127281,24.096468,0.058828,-0.578046,0.114872,-0.805734,11.569886,53.047562,28.96291,0.02348,0.841912,-0.050718,0.536712,6.304502,9.581232,39.196854,0.01095,0.919269,-0.087213,0.383692,-5.239915,3.20421,-14.129144,0.02348,0.841912,-0.050718,0.536712,18.335079,2.015422,33.708031
304,2.533333,-0.041573,0.869627,0.082813,0.484936,-2.612257,87.210457,16.194273,-0.047983,0.86386,0.103019,0.490745,-3.778581,94.721031,16.986816,-0.021573,0.865877,0.080333,0.493293,-7.05162,112.048546,19.315031,0.117913,0.927,-0.06488,0.350084,-9.407659,131.972672,21.695698,0.120297,0.952316,-0.231523,0.158175,-4.412448,145.51622,19.759411,-0.005598,0.824674,0.088142,0.55867,-11.471638,125.810432,18.180426,0.313982,-0.389086,0.28039,-0.819395,-18.750563,127.539536,0.309666,0.251145,-0.119408,-0.452345,-0.847379,-4.435668,108.881149,-11.926031,0.363617,-0.001587,-0.620391,-0.694907,8.653728,125.331642,-21.926598,-0.123304,0.911186,0.09544,0.381349,-7.655259,125.498375,24.56892,0.337968,0.868692,0.094538,-0.349592,5.49434,128.441483,38.488789,0.009012,0.315283,0.535675,-0.783305,19.468323,114.6278,20.693436,0.136115,0.065884,0.666822,-0.729712,14.206123,133.923767,9.035564,0.025739,0.841063,0.203711,0.500453,-7.516225,87.285118,8.269984,0.138192,0.942071,-0.038155,0.303233,-1.791687,54.645832,-4.862629,0.010256,0.919488,-0.087924,0.383022,-14.539637,11.529917,-5.398571,-0.145634,0.77229,0.028071,0.617714,2.29171,87.135796,24.118563,0.058719,-0.578456,0.114523,-0.805497,11.545994,53.059082,28.986301,0.023511,0.841919,-0.050758,0.536697,6.304783,9.584409,39.197174,0.010256,0.919488,-0.087924,0.383022,-5.240808,3.197231,-14.127922,0.023511,0.841919,-0.050758,0.536697,18.334463,2.017271,33.708225
305,2.541667,-0.041585,0.869653,0.082529,0.484937,-2.637558,87.214767,16.215084,-0.0476,0.863941,0.102529,0.490743,-3.801946,94.726036,17.003805,-0.021887,0.865882,0.079987,0.493328,-7.053333,112.050545,19.322906,0.117687,0.927017,-0.064855,0.35012,-9.413568,131.976364,21.685202,0.120403,0.952242,-0.231819,0.158109,-4.42432,145.521896,19.747467,-0.00588,0.824756,0.087864,0.558591,-11.475912,125.810532,18.175278,0.314455,-0.388622,0.280415,-0.819425,-18.758142,127.524338,0.304393,0.251976,-0.118975,-0.452169,-0.847288,-4.424874,108.862373,-11.904329,0.364424,-0.001505,-0.620119,-0.694727,8.675022,125.302216,-21.901405,-0.123393,0.911214,0.095199,0.381314,-7.660244,125.505028,24.56451,0.337931,0.868746,0.094538,-0.349494,5.48956,128.455109,38.482708,0.00914,0.31509,0.535549,-0.783468,19.468485,114.641693,20.691051,0.136341,0.065885,0.666853,-0.729642,14.194451,133.93515,9.034792,0.025643,0.841119,0.203826,0.500316,-7.541482,87.286667,8.290745,0.138072,0.942137,-0.037884,0.303114,-1.809151,54.650368,-4.845903,0.011158,0.919312,-0.087399,0.383539,-14.539984,11.529625,-5.399861,-0.145658,0.772428,0.028089,0.617536,2.266366,87.142876,24.139425,0.058661,-0.578715,0.114231,-0.805356,11.523793,53.066719,29.005077,0.025022,0.841791,-0.050338,0.536869,6.303528,9.585425,39.198483,0.011158,0.919312,-0.087399,0.383539,-5.239939,3.200171,-14.130996,0.025022,0.841791,-0.050338,0.536869,18.320728,2.005926,33.699257
306,2.55,-0.041627,0.869653,0.082248,0.484981,-2.661813,87.219009,16.234701,-0.047528,0.863953,0.102018,0.490834,-3.824739,94.730934,17.019337,-0.021735,0.865863,0.079764,0.493403,-7.065801,112.061966,19.324232,0.117551,0.926991,-0.065144,0.350178,-9.416541,131.989487,21.681629,0.12031,0.952173,-0.232106,0.158172,-4.427899,145.534027,19.735334,-0.006111,0.824763,0.087586,0.558621,-11.481449,125.823853,18.172846,0.314979,-0.388273,0.280606,-0.819324,-18.762239,127.524353,0.300108,0.252995,-0.118585,-0.451877,-0.847194,-4.420261,108.850647,-11.88037,0.365344,-0.001224,-0.620021,-0.694332,8.694306,125.273575,-21.878128,-0.12361,0.911432,0.095558,0.380633,-7.666791,125.517952,24.56266,0.338098,0.868724,0.094313,-0.349447,5.501028,128.473953,38.462551,0.009024,0.314693,0.535436,-0.783706,19.47571,114.648781,20.676674,0.136384,0.065903,0.66671,-0.729763,14.18422,133.94696,9.033647,0.025556,0.841138,0.203939,0.500242,-7.564881,87.287727,8.309805,0.137981,0.942139,-0.037684,0.303174,-1.824417,54.654419,-4.830709,0.011,0.919318,-0.087555,0.383493,-14.542246,11.530036,-5.399843,-0.145624,0.772496,0.028136,0.617456,2.241255,87.150284,24.159599,0.058679,-0.578808,0.113938,-0.80533,11.499424,53.073608,29.020235,0.024796,0.841845,-0.050609,0.536769,6.302133,9.586495,39.200531,0.011,0.919318,-0.087555,0.383493,-5.241893,3.198557,-14.128715,0.024796,0.841845,-0.050609,0.536769,18.31852,2.004199,33.703384
307,2.558333,-0.041709,0.869635,0.081913,0.485063,-2.690138,87.222023,16.257397,-0.047408,0.864033,0.101478,0.490817,-3.851762,94.73468,17.036911,-0.021688,0.865928,0.079451,0.493341,-7.080171,112.072014,19.327871,0.117732,0.926859,-0.065559,0.350389,-9.422853,132.001633,21.67552,0.119899,0.95208,-0.232434,0.158563,-4.424886,145.541641,19.721642,-0.00628,0.824723,0.08734,0.558717,-11.490718,125.835014,18.170218,0.315384,-0.387764,0.28087,-0.819319,-18.767303,127.525124,0.294782,0.253951,-0.118241,-0.451623,-0.847092,-4.412228,108.840218,-11.853049,0.366335,-0.000976,-0.619762,-0.694041,8.715761,125.248428,-21.852974,-0.12359,0.91152,0.095493,0.380445,-7.675113,125.530884,24.559551,0.338156,0.868712,0.094336,-0.349414,5.498446,128.488251,38.453709,0.00878,0.314614,0.53544,-0.783738,19.472244,114.660904,20.668846,0.13634,0.065955,0.666117,-0.730308,14.178866,133.962708,9.03484,0.025431,0.841179,0.2041,0.500115,-7.591593,87.286545,8.331466,0.137814,0.942371,-0.037478,0.302555,-1.839787,54.657471,-4.8146,0.009014,0.919808,-0.088591,0.382131,-14.53868,11.527575,-5.388165,-0.145638,0.772457,0.028284,0.617495,2.211317,87.157501,24.183327,0.058691,-0.578966,0.113626,-0.805259,11.476433,53.081715,29.036919,0.024806,0.84193,-0.050715,0.536626,6.303925,9.588331,39.203037,0.009014,0.919808,-0.088591,0.382131,-5.244788,3.191617,-14.11964,0.024806,0.84193,-0.050715,0.536626,18.31739,2.003513,33.702984
308,2.566667,-0.041915,0.869579,0.081754,0.485172,-2.714756,87.22963,16.281054,-0.046881,0.864072,0.100597,0.490981,-3.878035,94.742432,17.056789,-0.022144,0.865808,0.079701,0.493492,-7.077674,112.099495,19.331268,0.117591,0.926696,-0.066597,0.350672,-9.441664,132.026703,21.67803,0.11986,0.951971,-0.232484,0.159172,-4.43664,145.560226,19.697458,-0.006651,0.824586,0.086994,0.558968,-11.501705,125.858017,18.171766,0.31562,-0.387257,0.281314,-0.819316,-18.767197,127.529694,0.290082,0.254691,-0.118053,-0.451349,-0.847042,-4.404554,108.829163,-11.824737,0.367156,-0.000741,-0.619358,-0.693968,8.73695,125.223526,-21.829227,-0.123389,0.911717,0.095503,0.380036,-7.688619,125.557724,24.562788,0.337944,0.868822,0.094033,-0.349427,5.498916,128.510315,38.444702,0.008996,0.314304,0.535126,-0.784074,19.479847,114.685204,20.6637,0.136422,0.065481,0.666444,-0.730037,14.162019,133.980484,9.031071,0.025354,0.841416,0.204057,0.499736,-7.613927,87.289589,8.353674,0.137691,0.942449,-0.037087,0.302417,-1.865049,54.658974,-4.789839,0.009579,0.919681,-0.08828,0.382495,-14.543348,11.52339,-5.391254,-0.145579,0.772471,0.028432,0.617484,2.184415,87.169678,24.208433,0.058679,-0.579205,0.113321,-0.805132,11.452945,53.093266,29.051113,0.024909,0.84192,-0.050869,0.536622,6.30447,9.593526,39.202248,0.009579,0.919681,-0.08828,0.382495,-5.248,3.189075,-14.122753,0.024909,0.84192,-0.050869,0.536622,18.315393,2.003788,33.70343
309,2.575,-0.04187,0.86958,0.081459,0.485223,-2.749295,87.23204,16.302231,-0.046463,0.864136,0.099943,0.491041,-3.909851,94.745628,17.074345,-0.022248,0.865796,0.079388,0.493558,-7.085277,112.107376,19.335987,0.117454,0.926621,-0.066911,0.350859,-9.446871,132.036407,21.66964,0.119778,0.951861,-0.232783,0.159455,-4.441797,145.56868,19.680712,-0.00668,0.8245,0.087319,0.559045,-11.507218,125.865761,18.166998,0.316089,-0.386833,0.281676,-0.819211,-18.769377,127.543808,0.284564,0.255467,-0.117903,-0.451001,-0.847014,-4.400105,108.826614,-11.796606,0.367689,-0.000548,-0.618978,-0.694025,8.757122,125.203552,-21.806757,-0.123549,0.911793,0.095419,0.379821,-7.695175,125.569023,24.558805,0.337929,0.868837,0.093811,-0.349466,5.497154,128.529663,38.434441,0.008696,0.314122,0.535208,-0.784094,19.477173,114.70108,20.655424,0.13679,0.065682,0.6664,-0.72999,14.157497,134.006592,9.035143,0.025092,0.841444,0.204267,0.499618,-7.647607,87.290138,8.374309,0.137614,0.94251,-0.036857,0.302289,-1.877287,54.664684,-4.772624,0.009631,0.91968,-0.088329,0.382483,-14.543136,11.525663,-5.389594,-0.145686,0.772525,0.028582,0.617385,2.149017,87.173943,24.230152,0.05862,-0.57954,0.113033,-0.804935,11.430402,53.100372,29.068148,0.025155,0.841941,-0.050832,0.53658,6.303452,9.594143,39.202339,0.009631,0.91968,-0.088329,0.382483,-5.249039,3.189646,-14.120796,0.025155,0.841941,-0.050832,0.53658,18.31115,2.001699,33.700214
310,2.583333,-0.041721,0.869584,0.081061,0.485295,-2.787711,87.237862,16.325191,-0.046108,0.864241,0.09921,0.491039,-3.943442,94.752632,17.093077,-0.022252,0.865846,0.079143,0.493509,-7.093971,112.11348,19.337807,0.117272,0.926623,-0.067117,0.350875,-9.45071,132.044083,21.663019,0.119821,0.951769,-0.233072,0.159552,-4.448355,145.576294,19.66691,-0.006732,0.8245,0.087283,0.559049,-11.512902,125.872375,18.163332,0.316862,-0.386593,0.281576,-0.81906,-18.774879,127.548004,0.28059,0.256247,-0.117598,-0.450673,-0.846996,-4.392788,108.825577,-11.777196,0.367846,-0.000396,-0.618738,-0.694156,8.778839,125.18512,-21.785564,-0.12359,0.911846,0.095316,0.379707,-7.700141,125.577545,24.554804,0.338022,0.868756,0.093467,-0.349669,5.495167,128.541809,38.426846,0.008275,0.314207,0.535364,-0.783958,19.464338,114.705002,20.645693,0.136521,0.06567,0.666311,-0.730123,14.15378,134.022888,9.032285,0.02481,0.84153,0.204371,0.499445,-7.684947,87.294868,8.396593,0.137507,0.942589,-0.036507,0.302135,-1.896679,54.671444,-4.747489,0.0093,0.919721,-0.088568,0.382338,-14.544405,11.527464,-5.38909,-0.145774,0.772664,0.028831,0.617178,2.109525,87.180862,24.253788,0.058674,-0.579485,0.112745,-0.805011,11.407743,53.110134,29.07955,0.025181,0.841906,-0.050866,0.536632,6.303373,9.598652,39.202583,0.0093,0.919721,-0.088568,0.382338,-5.25011,3.189223,-14.117958,0.025181,0.841906,-0.050866,0.536632,18.311178,2.005091,33.702232
311,2.591667,-0.041849,0.869564,0.080887,0.485351,-2.815696,87.247299,16.347994,-0.045724,0.864297,0.098399,0.491139,-3.971883,94.762337,17.11256,-0.022421,0.865798,0.079124,0.493589,-7.096912,112.130272,19.339111,0.117218,0.926609,-0.067323,0.350889,-9.45939,132.060684,21.660059,0.119868,0.951688,-0.233463,0.159426,-4.456462,145.591827,19.658121,-0.007059,0.824446,0.087078,0.559156,-11.51921,125.887772,18.161097,0.317196,-0.386284,0.281701,-0.819034,-18.776352,127.548874,0.275035,0.256721,-0.117303,-0.450476,-0.846998,-4.385331,108.819771,-11.761732,0.368152,-0.000362,-0.618538,-0.694172,8.796997,125.171616,-21.765554,-0.123781,0.911864,0.096069,0.379411,-7.707739,125.595177,24.553438,0.337711,0.868891,0.093344,-0.349668,5.49442,128.55632,38.419628,0.008207,0.314031,0.535107,-0.784205,19.474781,114.729179,20.639759,0.136346,0.065255,0.666401,-0.73011,14.146283,134.045059,9.030858,0.024738,0.84142,0.204602,0.499538,-7.711732,87.300766,8.41863,0.137507,0.942617,-0.03634,0.302066,-1.909322,54.683842,-4.735342,0.009595,0.91959,-0.088708,0.382613,-14.552684,11.538783,-5.390147,-0.14574,0.772655,0.028948,0.617192,2.08034,87.193832,24.277357,0.05868,-0.579692,0.11241,-0.804909,11.38173,53.122879,29.095331,0.025361,0.841943,-0.051039,0.536549,6.304029,9.604663,39.202824,0.009595,0.91959,-0.088708,0.382613,-5.257696,3.194404,-14.112413,0.025361,0.841943,-0.051039,0.536549,18.307133,2.004656,33.701111
312,2.6,-0.041779,0.86953,0.080593,0.485465,-2.849416,87.248482,16.369419,-0.045339,0.864373,0.097729,0.491175,-4.002613,94.764336,17.130486,-0.022506,0.865819,0.078823,0.493597,-7.103801,112.135056,19.342974,0.116977,0.926619,-0.067518,0.350906,-9.463294,132.067245,21.651741,0.119978,0.951602,-0.233732,0.159464,-4.464719,145.598892,19.642309,-0.007078,0.824389,0.08684,0.559277,-11.523984,125.892509,18.156498,0.317284,-0.385897,0.281912,-0.819109,-18.775871,127.548286,0.267814,0.257076,-0.11709,-0.450282,-0.847023,-4.375306,108.813599,-11.748799,0.368406,-0.000143,-0.618334,-0.694219,8.817053,125.158371,-21.749138,-0.123727,0.911954,0.095618,0.379328,-7.712682,125.603226,24.549089,0.337599,0.868901,0.092933,-0.349859,5.492453,128.569794,38.411278,0.007901,0.314068,0.535027,-0.784248,19.4697,114.740906,20.63032,0.135977,0.065184,0.666648,-0.72996,14.137985,134.060608,9.026375,0.024612,0.841012,0.205224,0.499977,-7.743496,87.300613,8.438841,0.137449,0.942282,-0.036427,0.303127,-1.904265,54.701405,-4.742736,0.010065,0.919486,-0.089212,0.382734,-14.544428,11.555487,-5.402806,-0.145859,0.772795,0.029124,0.616981,2.044663,87.196342,24.299997,0.058597,-0.580059,0.112148,-0.804687,11.361376,53.12859,29.110983,0.025293,0.841945,-0.051064,0.536545,6.302503,9.604207,39.201344,0.010065,0.919486,-0.089212,0.382734,-5.256443,3.194556,-14.116677,0.025293,0.841945,-0.051064,0.536545,18.306177,2.004617,33.700306
313,2.608333,-0.041789,0.869474,0.080318,0.48561,-2.881667,87.250565,16.392183,-0.045037,0.864445,0.096968,0.491227,-4.033102,94.767082,17.149349,-0.022595,0.865839,0.078584,0.493595,-7.111523,112.141373,19.343531,0.116691,0.92665,-0.067661,0.350892,-9.469384,132.074905,21.64225,0.120244,0.951495,-0.234023,0.159472,-4.47693,145.607803,19.626022,-0.007118,0.824338,0.086642,0.559383,-11.530576,125.89859,18.150116,0.317607,-0.385688,0.281925,-0.819078,-18.777878,127.549171,0.259091,0.257673,-0.116576,-0.450079,-0.84702,-4.369149,108.811279,-11.742757,0.368916,4e-05,-0.618268,-0.694007,8.837104,125.150703,-21.732742,-0.123851,0.911941,0.09593,0.379238,-7.719306,125.612213,24.542858,0.337405,0.868961,0.092656,-0.349971,5.487265,128.578857,38.403667,0.007554,0.314231,0.534896,-0.784275,19.467358,114.753273,20.622366,0.135658,0.065325,0.66658,-0.730069,14.133456,134.07547,9.01981,0.024421,0.841389,0.205012,0.499438,-7.773095,87.300308,8.459953,0.137299,0.94249,-0.035859,0.302616,-1.938497,54.694229,-4.706678,0.009768,0.919481,-0.088882,0.382831,-14.551311,11.540893,-5.403826,-0.145914,0.772611,0.029398,0.617184,2.009761,87.200829,24.324413,0.058581,-0.5803,0.11189,-0.80455,11.340092,53.135361,29.125219,0.025461,0.841958,-0.051016,0.536523,6.301714,9.605622,39.202721,0.009768,0.919481,-0.088882,0.382831,-5.255323,3.190825,-14.119579,0.025461,0.841958,-0.051016,0.536523,18.303452,2.004683,33.69931
314,2.616667,-0.041643,0.869406,0.079849,0.485822,-2.916027,87.250046,16.416044,-0.044695,0.86448,0.09622,0.491344,-4.062253,94.767899,17.16785,-0.022604,0.865824,0.078363,0.493657,-7.117486,112.148094,19.344913,0.116584,0.92661,-0.067889,0.350988,-9.471439,132.083008,21.63563,0.120248,0.951396,-0.234353,0.159578,-4.479287,145.615051,19.612968,-0.007231,0.824302,0.086539,0.559451,-11.533466,125.905785,18.145597,0.317703,-0.3854,0.282029,-0.819141,-18.777742,127.550758,0.252835,0.258219,-0.116177,-0.449902,-0.847003,-4.360357,108.810318,-11.734612,0.369514,0.000394,-0.618207,-0.693743,8.857614,125.144211,-21.718079,-0.123844,0.912027,0.09535,0.379181,-7.723122,125.621056,24.538963,0.337357,0.868948,0.092405,-0.350115,5.485188,128.596619,38.396198,0.007467,0.314229,0.534896,-0.784277,19.461632,114.769516,20.613216,0.135571,0.065221,0.666836,-0.729861,14.127641,134.093216,9.012755,0.024342,0.841317,0.205229,0.499474,-7.803844,87.298286,8.481582,0.137166,0.942521,-0.035733,0.302593,-1.95611,54.698277,-4.694249,0.007118,0.919783,-0.089357,0.382053,-14.554535,11.540848,-5.39805,-0.146062,0.77286,0.029682,0.616825,1.971792,87.201813,24.350508,0.05852,-0.580474,0.111685,-0.804458,11.324547,53.140617,29.137945,0.025318,0.841937,-0.051049,0.536558,6.299667,9.60612,39.201607,0.007118,0.919783,-0.089357,0.382053,-5.240702,3.206824,-14.110104,0.025318,0.841937,-0.051049,0.536558,18.303341,2.006516,33.700592
315,2.625,-0.041639,0.86932,0.079633,0.486012,-2.950056,87.259621,16.440258,-0.044501,0.864533,0.095444,0.491419,-4.094802,94.778,17.188993,-0.022418,0.865857,0.078145,0.493641,-7.129899,112.15873,19.344995,0.116876,0.92653,-0.068322,0.351018,-9.472954,132.095367,21.631886,0.119864,0.951393,-0.234561,0.159577,-4.469067,145.621887,19.601177,-0.007074,0.824051,0.086744,0.559791,-11.538582,125.918556,18.143263,0.31699,-0.384723,0.282792,-0.819472,-18.768183,127.574196,0.24555,0.258338,-0.116376,-0.44968,-0.847057,-4.346004,108.821594,-11.717095,0.370101,0.000761,-0.617986,-0.693627,8.875593,125.140526,-21.705845,-0.123975,0.912076,0.095404,0.379006,-7.727874,125.633064,24.536381,0.337248,0.868962,0.092243,-0.350227,5.484316,128.613327,38.388908,0.007358,0.314193,0.534824,-0.784342,19.46047,114.788521,20.603926,0.135574,0.065274,0.666878,-0.729817,14.121771,134.113098,9.006362,0.024454,0.840685,0.205777,0.500307,-7.83444,87.306305,8.503672,0.137116,0.942407,-0.035705,0.302975,-1.960581,54.722755,-4.701205,0.010156,0.919359,-0.08933,0.383009,-14.553842,11.563918,-5.411067,-0.146035,0.772961,0.029937,0.616692,1.934329,87.212929,24.376842,0.058599,-0.580561,0.111366,-0.804433,11.297613,53.152264,29.147438,0.025415,0.841927,-0.051132,0.536562,6.300678,9.612182,39.200886,0.010156,0.919359,-0.08933,0.383009,-5.262259,3.199481,-14.117729,0.025415,0.841927,-0.051132,0.536562,18.302553,2.009335,33.70042
316,2.633333,-0.041853,0.869172,0.07954,0.486273,-2.977437,87.27076,16.463747,-0.044286,0.864548,0.094668,0.491563,-4.124556,94.789093,17.209301,-0.022423,0.865837,0.077947,0.493708,-7.138588,112.167572,19.344009,0.116799,0.926504,-0.068571,0.351065,-9.478096,132.105453,21.623745,0.119953,0.951309,-0.234847,0.159594,-4.4737,145.630722,19.586052,-0.007207,0.82391,0.086686,0.560005,-11.544423,125.927841,18.136936,0.318484,-0.385069,0.281983,-0.819009,-18.764662,127.57872,0.234999,0.259462,-0.115467,-0.449638,-0.84686,-4.332365,108.831871,-11.724467,0.370534,0.000993,-0.617961,-0.693418,8.894952,125.142715,-21.694996,-0.123975,0.912071,0.095296,0.379046,-7.734691,125.643799,24.530703,0.336983,0.869045,0.092465,-0.350219,5.476359,128.625488,38.384018,0.007478,0.314068,0.534677,-0.784491,19.462326,114.815506,20.595207,0.135575,0.06515,0.667186,-0.729546,14.113254,134.134766,8.998263,0.024507,0.840623,0.205894,0.500361,-7.856761,87.313637,8.524023,0.136986,0.942446,-0.035503,0.302937,-1.981071,54.733692,-4.688956,0.011601,0.91901,-0.088402,0.384019,-14.558211,11.570374,-5.411862,-0.145938,0.773069,0.030154,0.616569,1.901886,87.22789,24.403469,0.058628,-0.580775,0.111062,-0.804318,11.270243,53.166134,29.15634,0.025349,0.841845,-0.051282,0.536679,6.299022,9.620288,39.197548,0.011601,0.91901,-0.088402,0.384019,-5.260531,3.213239,-14.119038,0.025349,0.841845,-0.051282,0.536679,18.302065,2.015089,33.702885
317,2.641667,-0.041878,0.869061,0.079263,0.486515,-3.012913,87.276138,16.488409,-0.04405,0.864565,0.093676,0.491743,-4.158525,94.795105,17.229826,-0.022162,0.865802,0.077975,0.493777,-7.146867,112.170837,19.336748,0.116237,0.926658,-0.068501,0.350858,-9.477968,132.109009,21.622505,0.120446,0.951181,-0.23535,0.159244,-4.489573,145.639374,19.579388,-0.007425,0.823789,0.086759,0.560169,-11.546583,125.933411,18.133514,0.318439,-0.384831,0.281985,-0.819137,-18.759573,127.579521,0.22822,0.259628,-0.11518,-0.449635,-0.84685,-4.31764,108.835579,-11.724151,0.370713,0.001315,-0.617955,-0.693326,8.912621,125.148369,-21.68655,-0.12427,0.912099,0.095325,0.378873,-7.737702,125.645683,24.527622,0.331385,0.870197,0.072723,-0.357286,5.475558,128.638153,38.376492,-0.001494,0.320159,0.532685,-0.783417,19.394796,114.726547,20.614557,0.1353,0.065212,0.667327,-0.729463,14.104835,134.156265,8.98734,0.024495,0.840575,0.206043,0.500379,-7.887821,87.316551,8.545964,0.136732,0.942568,-0.035272,0.302696,-2.005707,54.740936,-4.674799,0.011424,0.919077,-0.088344,0.383878,-14.555764,11.569887,-5.406983,-0.145939,0.773059,0.030511,0.616563,1.861995,87.235718,24.430853,0.058684,-0.580917,0.110783,-0.80425,11.245965,53.175522,29.164032,0.025242,0.841845,-0.051453,0.536668,6.299345,9.624701,39.195766,0.011424,0.919077,-0.088344,0.383878,-5.258167,3.215852,-14.117214,0.025242,0.841845,-0.051453,0.536668,18.302158,2.017238,33.703743
318,2.65,-0.04162,0.868606,0.079954,0.487236,-3.036839,87.304428,16.489151,-0.043683,0.864485,0.093177,0.492011,-4.184751,94.822052,17.240641,-0.022184,0.865767,0.07789,0.493851,-7.150217,112.18084,19.3354,0.116099,0.926648,-0.068725,0.350888,-9.480602,132.119507,21.617552,0.12051,0.951086,-0.235718,0.159219,-4.493576,145.649307,19.567362,-0.007562,0.823711,0.086677,0.560294,-11.548965,125.943459,18.129204,0.31847,-0.38459,0.281931,-0.819257,-18.756468,127.58387,0.221176,0.259614,-0.115021,-0.449641,-0.846873,-4.303086,108.843948,-11.723655,0.370289,0.001988,-0.617826,-0.693667,8.929713,125.160721,-21.680481,-0.124289,0.912109,0.095254,0.378863,-7.74119,125.656555,24.524006,0.331156,0.870247,0.072706,-0.35738,5.47221,128.650803,38.37236,-0.001636,0.320186,0.532561,-0.78349,19.395927,114.74894,20.60631,0.135341,0.065338,0.667052,-0.729695,14.100859,134.177307,8.981041,0.024575,0.840329,0.205513,0.501006,-7.899056,87.35672,8.538999,0.136507,0.94281,-0.034943,0.302082,-2.031041,54.765831,-4.650375,0.011578,0.919138,-0.088719,0.383642,-14.554114,11.587179,-5.396007,-0.145996,0.773199,0.03055,0.616372,1.825379,87.252144,24.439304,0.058763,-0.581179,0.110433,-0.804104,11.21529,53.193317,29.170565,0.023945,0.84196,-0.052269,0.536468,6.300922,9.636357,39.191498,0.011578,0.919138,-0.088719,0.383642,-5.265628,3.222639,-14.105881,0.023945,0.84196,-0.052269,0.536468,18.310085,2.029371,33.712708
319,2.658333,-0.041744,0.868777,0.078368,0.487178,-3.097497,87.29113,16.54557,-0.042966,0.864581,0.091829,0.49216,-4.235289,94.812431,17.275324,-0.022195,0.865675,0.077594,0.494058,-7.156894,112.188248,19.342049,0.115861,0.926656,-0.068917,0.350908,-9.482318,132.128754,21.613184,0.120694,0.951003,-0.236081,0.159038,-4.49959,145.659012,19.55563,-0.007748,0.823636,0.086658,0.560405,-11.550926,125.951576,18.126953,0.318314,-0.38429,0.281886,-0.819474,-18.753506,127.586021,0.216401,0.259494,-0.115017,-0.449731,-0.846862,-4.28655,108.853043,-11.722902,0.37015,0.002197,-0.617661,-0.693887,8.943206,125.17469,-21.678629,-0.124451,0.912204,0.09538,0.378547,-7.746207,125.666725,24.523663,0.336305,0.869174,0.092242,-0.350611,5.474878,128.666473,38.363491,0.006953,0.314028,0.534119,-0.784892,19.47047,114.883194,20.561552,0.135023,0.065479,0.666965,-0.729821,14.092502,134.200195,8.973152,0.024237,0.840193,0.206579,0.500814,-7.960576,87.326782,8.595855,0.136484,0.942573,-0.03479,0.30285,-2.036835,54.766037,-4.642955,0.010391,0.919315,-0.089734,0.383014,-14.553255,11.58585,-5.411105,-0.145955,0.773276,0.031344,0.616246,1.765583,87.25547,24.495285,0.058798,-0.581517,0.110144,-0.803896,11.188604,53.199284,29.179483,0.023736,0.842011,-0.05233,0.536391,6.300777,9.636986,39.190201,0.010391,0.919315,-0.089734,0.383014,-5.267194,3.209579,-14.112282,0.023736,0.842011,-0.05233,0.536391,18.310925,2.031623,33.711323
320,2.666667,-0.04159,0.868591,0.07813,0.48756,-3.138152,87.293587,16.568417,-0.042546,0.864613,0.090905,0.492311,-4.27247,94.815651,17.295689,-0.022188,0.865671,0.077453,0.494087,-7.165748,112.199936,19.341406,0.115517,0.926735,-0.069163,0.350763,-9.48822,132.141342,21.607702,0.121058,0.950924,-0.236353,0.158829,-4.512655,145.672577,19.539204,-0.00792,0.823447,0.086771,0.560663,-11.557582,125.963661,18.122812,0.318388,-0.384059,0.281816,-0.819578,-18.748817,127.595985,0.207512,0.259542,-0.114934,-0.44981,-0.846817,-4.270366,108.866882,-11.723918,0.370061,0.002299,-0.617711,-0.69389,8.957405,125.191948,-21.678408,-0.12477,0.91226,0.095604,0.378251,-7.753275,125.679733,24.519808,0.330733,0.870373,0.07245,-0.357515,5.473415,128.688858,38.352234,-0.001959,0.320101,0.532058,-0.783866,19.406841,114.799927,20.583681,0.134783,0.065503,0.667045,-0.72979,14.08413,134.224869,8.963368,0.024093,0.840067,0.206763,0.500955,-7.994518,87.330261,8.614605,0.136415,0.942613,-0.034568,0.302783,-2.053307,54.774445,-4.628494,0.011777,0.918959,-0.088872,0.384027,-14.558132,11.591187,-5.412692,-0.146105,0.773603,0.031735,0.615779,1.718215,87.256905,24.522226,0.058804,-0.581739,0.109935,-0.803763,11.169039,53.205597,29.18589,0.023802,0.841953,-0.052359,0.536477,6.299156,9.6392,39.187531,0.011777,0.918959,-0.088872,0.384027,-5.265532,3.221275,-14.113008,0.023802,0.841953,-0.052359,0.536477,18.309431,2.032252,33.711136
321,2.675,-0.041218,0.86847,0.077739,0.48787,-3.184155,87.292885,16.587862,-0.041892,0.864697,0.090118,0.492365,-4.310907,94.81636,17.312389,-0.022333,0.86571,0.077157,0.494059,-7.171854,112.214699,19.346378,0.115464,0.92674,-0.069168,0.350766,-9.493426,132.157684,21.599579,0.121307,0.950776,-0.236888,0.158723,-4.519174,145.689301,19.530413,-0.008052,0.823293,0.086394,0.560945,-11.563209,125.977791,18.118883,0.319091,-0.384028,0.281504,-0.819426,-18.742136,127.598701,0.197603,0.259863,-0.11465,-0.45011,-0.846598,-4.253088,108.871635,-11.724179,0.370052,0.002344,-0.617911,-0.693716,8.970504,125.212204,-21.68066,-0.124592,0.912362,0.095678,0.378045,-7.758589,125.697945,24.515879,0.330358,0.870481,0.072137,-0.357663,5.475861,128.700943,38.342232,-0.00263,0.320463,0.531687,-0.783968,19.416851,114.82209,20.571728,0.134019,0.065783,0.666102,-0.730766,14.085581,134.249573,8.951141,0.023873,0.83986,0.20692,0.501247,-8.035472,87.332596,8.63098,0.136134,0.942732,-0.034327,0.302565,-2.070762,54.780666,-4.611132,0.011719,0.919147,-0.08878,0.383602,-14.546037,11.589035,-5.405021,-0.146077,0.77291,0.03221,0.616631,1.667162,87.253174,24.544746,0.059041,-0.581579,0.109574,-0.803912,11.132061,53.203465,29.191435,0.023613,0.842028,-0.052109,0.536392,6.298338,9.632456,39.190536,0.011719,0.919147,-0.08878,0.383602,-5.260673,3.22156,-14.115403,0.023613,0.842028,-0.052109,0.536392,18.31176,2.033742,33.709591
322,2.683333,-0.041063,0.868316,0.07746,0.488202,-3.226884,87.298965,16.607038,-0.04171,0.864762,0.08954,0.492372,-4.349793,94.823296,17.328619,-0.021873,0.865853,0.076416,0.493945,-7.19151,112.203583,19.345676,0.115029,0.926856,-0.068909,0.350654,-9.481955,132.152008,21.582655,0.121393,0.950697,-0.23722,0.158639,-4.52182,145.689041,19.514994,-0.00799,0.823187,0.087125,0.56099,-11.562428,125.972275,18.108038,0.317979,-0.383268,0.281678,-0.820154,-18.739445,127.611206,0.187635,0.259448,-0.114958,-0.450138,-0.846668,-4.224692,108.901169,-11.729607,0.370283,0.002131,-0.618005,-0.69351,8.986783,125.233353,-21.684488,-0.125271,0.912266,0.095788,0.378024,-7.755827,125.692131,24.503836,0.329999,0.870617,0.071811,-0.35773,5.472658,128.717133,38.331093,-0.002832,0.320242,0.531442,-0.784223,19.423666,114.846527,20.562012,0.134082,0.065703,0.666457,-0.730438,14.073459,134.27536,8.950087,0.023789,0.839477,0.207082,0.501827,-8.072388,87.339241,8.64662,0.135977,0.942792,-0.034096,0.302475,-2.087691,54.791798,-4.597467,0.009861,0.919343,-0.089318,0.383058,-14.543775,11.594892,-5.405398,-0.146195,0.772727,0.032506,0.616817,1.618619,87.25869,24.567457,0.059097,-0.581595,0.109216,-0.803945,11.10151,53.212784,29.205353,0.023553,0.841957,-0.052085,0.536508,6.296393,9.635338,39.190144,0.009861,0.919343,-0.089318,0.383058,-5.24707,3.233852,-14.109859,0.023553,0.841957,-0.052085,0.536508,18.312307,2.038064,33.712673
323,2.691667,-0.040857,0.868248,0.077216,0.488379,-3.261685,87.300476,16.619959,-0.04104,0.864774,0.088927,0.492518,-4.380216,94.825638,17.339642,-0.021885,0.86579,0.076208,0.494087,-7.191279,112.212524,19.349512,0.11496,0.926888,-0.068833,0.350607,-9.478399,132.162201,21.578667,0.121465,0.950613,-0.237792,0.158227,-4.520936,145.700348,19.511957,-0.008115,0.823161,0.087254,0.561005,-11.559018,125.981651,18.105585,0.318105,-0.383179,0.281373,-0.820252,-18.735292,127.619484,0.184782,0.259739,-0.114721,-0.450359,-0.846494,-4.207798,108.920197,-11.733809,0.370731,0.002163,-0.618406,-0.692913,8.997268,125.259087,-21.687401,-0.125579,0.912389,0.096051,0.377559,-7.754506,125.703011,24.502695,0.329524,0.870721,0.070787,-0.358118,5.484609,128.737396,38.317715,-0.003721,0.320615,0.530992,-0.784372,19.437513,114.868965,20.548435,0.13382,0.066456,0.665551,-0.731243,14.075489,134.300735,8.941158,0.023513,0.839114,0.207337,0.502342,-8.104283,87.342163,8.657778,0.135962,0.942912,-0.033943,0.302123,-2.085706,54.801323,-4.587195,0.007568,0.919552,-0.08947,0.382573,-14.536759,11.603114,-5.402978,-0.146326,0.772486,0.032689,0.617079,1.580914,87.258797,24.582142,0.05921,-0.581317,0.108912,-0.804179,11.077216,53.216492,29.219025,0.023604,0.842003,-0.051861,0.536456,6.296185,9.634293,39.194633,0.007568,0.919552,-0.08947,0.382573,-5.219246,3.262167,-14.10447,0.023604,0.842003,-0.051861,0.536456,18.312597,2.041256,33.712387
324,2.7,-0.040795,0.868068,0.076726,0.488781,-3.302693,87.306358,16.644314,-0.040744,0.864733,0.088139,0.492757,-4.417097,94.832748,17.3575,-0.021645,0.865728,0.076114,0.49422,-7.206216,112.226608,19.348032,0.114926,0.926818,-0.069381,0.350694,-9.483392,132.177277,21.578369,0.12139,0.950531,-0.238077,0.158351,-4.521348,145.711594,19.497568,-0.008297,0.822969,0.086684,0.561372,-11.566369,125.998154,18.104197,0.318015,-0.382875,0.281171,-0.820497,-18.726578,127.619102,0.175439,0.259682,-0.114502,-0.450816,-0.846297,-4.180723,108.931862,-11.739658,0.371067,0.001952,-0.618764,-0.692414,9.008119,125.288406,-21.688389,-0.125459,0.912574,0.096151,0.377125,-7.763665,125.716934,24.502268,0.32914,0.87083,0.070483,-0.358266,5.489313,128.748123,38.304695,-0.004207,0.32052,0.530726,-0.784589,19.449955,114.890266,20.533241,0.133629,0.066527,0.665296,-0.731504,14.071054,134.32811,8.936265,0.023392,0.838864,0.207553,0.502674,-8.138076,87.345299,8.677735,0.135853,0.942887,-0.033798,0.302267,-2.099193,54.810429,-4.572679,0.006662,0.919728,-0.090099,0.382019,-14.537251,11.60869,-5.399644,-0.146412,0.772449,0.033018,0.617087,1.53269,87.267418,24.610891,0.059295,-0.58131,0.108547,-0.804227,11.0478,53.228439,29.233635,0.023569,0.842042,-0.051974,0.536385,6.297091,9.639987,39.196442,0.006662,0.919728,-0.090099,0.382019,-5.22218,3.262136,-14.098373,0.023569,0.842042,-0.051974,0.536385,18.31205,2.044927,33.71381
325,2.708333,-0.040689,0.867905,0.076414,0.489128,-3.339243,87.312088,16.664352,-0.040259,0.86473,0.087343,0.492942,-4.450211,94.83934,17.373791,-0.021521,0.865686,0.075977,0.49432,-7.21064,112.236465,19.347759,0.114839,0.926815,-0.069591,0.350689,-9.48102,132.188202,21.575594,0.121384,0.950449,-0.2385,0.15821,-4.5193,145.721634,19.48838,-0.008408,0.822847,0.086763,0.561537,-11.56554,126.00946,18.101635,0.31803,-0.382848,0.28092,-0.82059,-18.718475,127.629181,0.169863,0.25995,-0.114035,-0.451078,-0.846139,-4.164016,108.95166,-11.749968,0.37157,0.002007,-0.619597,-0.691398,9.021833,125.323174,-21.690567,-0.12523,0.912653,0.096134,0.377015,-7.764229,125.727524,24.500504,0.328775,0.870906,0.070638,-0.358386,5.494167,128.751633,38.299274,-0.004511,0.320328,0.530453,-0.78485,19.46299,114.912727,20.519489,0.133418,0.066913,0.665343,-0.731465,14.065027,134.351196,8.933281,0.023245,0.838623,0.20768,0.503031,-8.168456,87.350525,8.69403,0.135777,0.94289,-0.033589,0.302316,-2.110526,54.818939,-4.555752,0.007299,0.91957,-0.089734,0.382473,-14.536598,11.614069,-5.399033,-0.14645,0.771942,0.033204,0.617702,1.48997,87.273643,24.634674,0.059353,-0.581183,0.108085,-0.804377,11.011474,53.236328,29.256451,0.023669,0.842009,-0.051753,0.536454,6.295086,9.639493,39.198833,0.007299,0.91957,-0.089734,0.382473,-5.218968,3.269698,-14.097113,0.023669,0.842009,-0.051753,0.536454,18.31155,2.04791,33.714687
326,2.716667,-0.041384,0.867569,0.07644,0.489661,-3.353878,87.305763,16.680016,-0.039868,0.864676,0.086809,0.493164,-4.474668,94.832077,17.383873,-0.021367,0.86564,0.075837,0.494429,-7.216943,112.249817,19.349665,0.114826,0.9268,-0.069775,0.350697,-9.479423,132.202667,21.57543,0.121329,0.950363,-0.238983,0.158039,-4.516279,145.734833,19.483341,-0.008621,0.822643,0.086826,0.561824,-11.565785,126.024544,18.101507,0.316763,-0.381996,0.282031,-0.821096,-18.70611,127.639862,0.164312,0.259319,-0.114464,-0.451509,-0.846045,-4.1503,108.946442,-11.728911,0.371791,0.002214,-0.620198,-0.69074,9.031506,125.35424,-21.691898,-0.125008,0.912823,0.095686,0.376791,-7.765982,125.741508,24.501223,0.328521,0.870973,0.070245,-0.358532,5.50112,128.765961,38.291553,-0.005108,0.320564,0.530141,-0.784961,19.473244,114.930656,20.511564,0.132754,0.067189,0.664719,-0.732128,14.067082,134.368759,8.9301,0.023376,0.838536,0.207787,0.503126,-8.172302,87.334213,8.703125,0.135761,0.942725,-0.033678,0.302827,-2.116854,54.806232,-4.556633,0.007046,0.919524,-0.089343,0.38268,-14.543475,11.601493,-5.398637,-0.146425,0.771704,0.033369,0.617996,1.464546,87.277306,24.656906,0.059421,-0.580971,0.10779,-0.804564,10.99017,53.24025,29.272142,0.023552,0.842071,-0.051688,0.536367,6.295702,9.638429,39.203037,0.007046,0.919524,-0.089343,0.38268,-5.215897,3.269058,-14.097497,0.023552,0.842071,-0.051688,0.536367,18.312922,2.04994,33.716263
327,2.725,-0.041268,0.867408,0.076117,0.490007,-3.391909,87.311195,16.698713,-0.039642,0.864703,0.086053,0.493267,-4.509044,94.838417,17.398754,-0.021029,0.865694,0.075446,0.494409,-7.23009,112.252495,19.344238,0.114914,0.926738,-0.070012,0.350785,-9.472947,132.208328,21.563261,0.121103,0.950289,-0.239291,0.158193,-4.504982,145.737991,19.466482,-0.008528,0.822458,0.086975,0.562072,-11.565725,126.030991,18.091766,0.31649,-0.381712,0.282097,-0.821311,-18.695292,127.653412,0.150934,0.259136,-0.114184,-0.451843,-0.84596,-4.129921,108.964226,-11.73724,0.371799,0.002364,-0.620744,-0.690244,9.043371,125.390968,-21.690884,-0.125183,0.912827,0.095821,0.376689,-7.765415,125.746536,24.491116,0.328486,0.870961,0.070018,-0.358638,5.502976,128.77562,38.279182,-0.005547,0.320628,0.530057,-0.784988,19.472313,114.938232,20.498613,0.131858,0.066794,0.664516,-0.73251,14.063555,134.381836,8.924455,0.02318,0.838396,0.207902,0.50332,-8.204206,87.339195,8.718123,0.13565,0.942673,-0.033531,0.303054,-2.12979,54.813992,-4.539763,0.006329,0.919729,-0.089913,0.382067,-14.543085,11.605665,-5.394112,-0.146492,0.771446,0.033634,0.618288,1.420388,87.283203,24.679302,0.059516,-0.580821,0.107433,-0.804713,10.959408,53.248817,29.286543,0.02366,0.842073,-0.051613,0.536367,6.293488,9.641087,39.204952,0.006329,0.919729,-0.089913,0.382067,-5.221396,3.266976,-14.093292,0.02366,0.842073,-0.051613,0.536367,18.310013,2.052709,33.716507
328,2.733333,-0.040949,0.867273,0.075543,0.490361,-3.442902,87.321289,16.718348,-0.038994,0.864665,0.085292,0.493518,-4.551838,94.850243,17.412783,-0.020877,0.865599,0.075237,0.494613,-7.239114,112.262344,19.344879,0.114844,0.92672,-0.070205,0.350816,-9.473012,132.219696,21.559166,0.121221,0.950216,-0.239627,0.158031,-4.50495,145.748459,19.45682,-0.008552,0.822263,0.08697,0.562359,-11.567354,126.042763,18.087929,0.316374,-0.381609,0.282044,-0.821421,-18.68442,127.665352,0.142148,0.258849,-0.114036,-0.452123,-0.845918,-4.113349,108.980858,-11.74641,0.371456,0.002658,-0.62091,-0.690278,9.050849,125.422478,-21.692186,-0.124902,0.912887,0.095736,0.376659,-7.769964,125.757614,24.488979,0.327997,0.871166,0.069982,-0.358594,5.502027,128.778427,38.275402,-0.005798,0.320689,0.529854,-0.785099,19.490047,114.959206,20.495386,0.13154,0.066212,0.664352,-0.732769,14.073303,134.401154,8.923908,0.023178,0.837568,0.20838,0.5045,-8.249208,87.349792,8.73415,0.135507,0.942506,-0.033579,0.303634,-2.138625,54.83876,-4.541841,0.007308,0.919488,-0.089902,0.38263,-14.540807,11.627234,-5.395811,-0.146756,0.771267,0.033874,0.618435,1.363405,87.292778,24.702545,0.059497,-0.5811,0.106978,-0.804574,10.926021,53.265076,29.31023,0.022632,0.842174,-0.052075,0.536208,6.294873,9.648379,39.205444,0.007308,0.919488,-0.089902,0.38263,-5.221121,3.278985,-14.087968,0.022632,0.842174,-0.052075,0.536208,18.317928,2.064521,33.725063
329,2.741667,-0.040869,0.867071,0.07532,0.49076,-3.480105,87.327103,16.736078,-0.03859,0.864608,0.08465,0.49376,-4.586635,94.856667,17.427673,-0.020773,0.86552,0.075016,0.494789,-7.250953,112.273788,19.346676,0.114957,0.926664,-0.071003,0.350766,-9.477268,132.232666,21.554916,0.121415,0.950227,-0.239575,0.157894,-4.498997,145.754562,19.4326,-0.008463,0.822045,0.086831,0.562699,-11.572913,126.055695,18.084507,0.316361,-0.381775,0.281907,-0.821397,-18.675209,127.679321,0.132965,0.258611,-0.113635,-0.452257,-0.845974,-4.106729,108.998665,-11.764797,0.37113,0.003018,-0.620891,-0.690469,9.056571,125.453415,-21.692017,-0.124888,0.91296,0.095841,0.376459,-7.778041,125.770615,24.487057,0.327838,0.871265,0.070027,-0.358492,5.499928,128.790466,38.267941,-0.006246,0.320757,0.529664,-0.785196,19.497364,114.977348,20.490604,0.130777,0.066349,0.664376,-0.732871,14.073629,134.420151,8.92695,0.02297,0.837342,0.20855,0.504815,-8.279247,87.355576,8.74757,0.135351,0.942635,-0.033468,0.303315,-2.145071,54.848907,-4.528236,0.006404,0.919812,-0.090624,0.381695,-14.53162,11.632916,-5.383079,-0.146907,0.771016,0.034139,0.618698,1.319038,87.298622,24.724586,0.059491,-0.581074,0.10663,-0.804639,10.899663,53.275364,29.32773,0.022632,0.842121,-0.052034,0.536295,6.292678,9.651911,39.204449,0.006404,0.919812,-0.090624,0.381695,-5.22262,3.276561,-14.078898,0.022632,0.842121,-0.052034,0.536295,18.317244,2.068989,33.726078
330,2.75,-0.03891,0.866713,0.074788,0.491631,-3.543065,87.374161,16.741467,-0.038226,0.864474,0.084157,0.494106,-4.62043,94.907341,17.439781,-0.020572,0.865468,0.074851,0.494914,-7.259353,112.285782,19.344505,0.115288,0.926567,-0.071156,0.350885,-9.475652,132.245987,21.550739,0.121228,0.950158,-0.239985,0.157828,-4.486928,145.764069,19.428658,-0.008401,0.8219,0.086762,0.562923,-11.573709,126.069878,18.080265,0.317229,-0.382202,0.281246,-0.82109,-18.666279,127.694786,0.125003,0.258895,-0.112972,-0.452381,-0.845909,-4.095362,109.022736,-11.783257,0.370849,0.003197,-0.620982,-0.690538,9.067885,125.485229,-21.690094,-0.124701,0.912893,0.095606,0.376744,-7.780566,125.783264,24.483767,0.327715,0.871319,0.070143,-0.35845,5.490873,128.798538,38.271923,-0.006953,0.321334,0.529581,-0.78501,19.494196,114.992226,20.493944,0.129602,0.066818,0.66394,-0.733432,14.083672,134.437943,8.929572,0.022693,0.836845,0.207809,0.505955,-8.329158,87.430908,8.745288,0.135048,0.942628,-0.032558,0.303569,-2.187422,54.901333,-4.470796,0.007789,0.91946,-0.091123,0.382399,-14.524179,11.672584,-5.397614,-0.14733,0.770811,0.034564,0.618829,1.243027,87.317421,24.737644,0.059634,-0.581123,0.106132,-0.804659,10.863812,53.305119,29.337967,0.025713,0.841787,-0.050858,0.536794,6.300369,9.67367,39.199566,0.007789,0.91946,-0.091123,0.382399,-5.222967,3.290702,-14.077176,0.025713,0.841787,-0.050858,0.536794,18.304008,2.072673,33.700401
331,2.758333,-0.038874,0.866495,0.074563,0.492053,-3.57763,87.385353,16.760939,-0.037954,0.864378,0.083482,0.494409,-4.65318,94.919083,17.456039,-0.020341,0.865363,0.074622,0.495142,-7.271775,112.295769,19.343487,0.115401,0.926479,-0.071478,0.351014,-9.476045,132.257751,21.545815,0.121208,0.950108,-0.240187,0.157844,-4.480876,145.772446,19.417385,-0.008479,0.821668,0.086767,0.563259,-11.576508,126.08252,18.075233,0.316751,-0.381943,0.28138,-0.821348,-18.654362,127.706253,0.114056,0.258689,-0.112683,-0.452614,-0.845886,-4.076965,109.038559,-11.793108,0.370731,0.004099,-0.621277,-0.690331,9.079424,125.514221,-21.686884,-0.124525,0.912931,0.095546,0.376724,-7.786576,125.794327,24.48057,0.327783,0.871375,0.070874,-0.358108,5.487136,128.80455,38.267647,-0.007292,0.321388,0.529512,-0.785031,19.501087,115.006729,20.491432,0.128647,0.067282,0.663962,-0.733538,14.089574,134.452774,8.934712,0.022639,0.836706,0.207812,0.506186,-8.356049,87.441353,8.760165,0.134854,0.942622,-0.032299,0.303703,-2.207373,54.911697,-4.452486,0.007539,0.919621,-0.091664,0.381889,-14.520868,11.676708,-5.397652,-0.14736,0.770637,0.03488,0.61902,1.200789,87.329346,24.761713,0.059768,-0.58085,0.105798,-0.80489,10.835823,53.319244,29.348427,0.023787,0.842062,-0.052294,0.536313,6.299891,9.682888,39.200981,0.007539,0.919621,-0.091664,0.381889,-5.229705,3.284433,-14.077938,0.023787,0.842062,-0.052294,0.536313,18.308651,2.077557,33.719013
332,2.766667,-0.040273,0.866041,0.074918,0.492686,-3.584795,87.367096,16.782171,-0.037561,0.86429,0.082722,0.494721,-4.681995,94.898315,17.470547,-0.020191,0.865276,0.074421,0.49533,-7.279707,112.304756,19.343548,0.115498,0.926403,-0.071793,0.351118,-9.475188,132.268188,21.541449,0.12119,0.950062,-0.240375,0.157846,-4.474185,145.779709,19.406528,-0.008491,0.821496,0.08672,0.563518,-11.577263,126.093353,18.071135,0.316465,-0.381941,0.28135,-0.82147,-18.643797,127.716591,0.105456,0.258602,-0.112247,-0.452714,-0.845917,-4.065403,109.054207,-11.808826,0.371025,0.004147,-0.62146,-0.690008,9.09179,125.540756,-21.685318,-0.124532,0.912914,0.095597,0.37675,-7.790013,125.804482,24.478024,0.327738,0.871451,0.070838,-0.357971,5.482875,128.814011,38.266052,-0.007909,0.321794,0.529348,-0.784969,19.503555,115.015732,20.495502,0.127498,0.067764,0.663955,-0.733701,14.096033,134.464066,8.939798,0.022813,0.836888,0.208062,0.505774,-8.349533,87.404984,8.773137,0.134916,0.942455,-0.032541,0.304167,-2.208586,54.883312,-4.462749,0.006672,0.919654,-0.091096,0.381959,-14.533266,11.651238,-5.395212,-0.147239,0.770721,0.035018,0.618938,1.179942,87.329201,24.791204,0.059711,-0.581091,0.105547,-0.804753,10.815053,53.317238,29.363956,0.024093,0.842021,-0.052342,0.536358,6.296939,9.675482,39.200783,0.006672,0.919654,-0.091096,0.381959,-5.22539,3.281315,-14.079174,0.024093,0.842021,-0.052342,0.536358,18.302235,2.064713,33.718769
333,2.775,-0.040012,0.86591,0.075055,0.492915,-3.61147,87.368942,16.784811,-0.037192,0.864198,0.082334,0.494975,-4.706427,94.900177,17.476677,-0.020073,0.865156,0.074146,0.495585,-7.287194,112.313377,19.344059,0.115342,0.926373,-0.072106,0.351183,-9.473714,132.278656,21.534126,0.12141,0.950016,-0.240471,0.157805,-4.473564,145.789001,19.389854,-0.008471,0.821303,0.086777,0.563791,-11.577013,126.103737,18.064693,0.316151,-0.381931,0.28145,-0.821562,-18.631643,127.729836,0.094597,0.258525,-0.111767,-0.452812,-0.845952,-4.05582,109.068275,-11.824105,0.371285,0.004591,-0.621492,-0.689836,9.101558,125.564705,-21.680891,-0.12439,0.912857,0.095388,0.376988,-7.793461,125.815056,24.473776,0.327933,0.871406,0.071225,-0.357825,5.473854,128.821442,38.267845,-0.008134,0.32188,0.529557,-0.78479,19.493286,115.021744,20.497425,0.126917,0.067976,0.664426,-0.733355,14.098829,134.475967,8.947285,0.022743,0.836665,0.20794,0.506197,-8.372391,87.41272,8.773537,0.134805,0.942444,-0.032372,0.304267,-2.225051,54.887199,-4.449917,0.006743,0.919635,-0.091074,0.38201,-14.535849,11.651436,-5.394876,-0.147413,0.770552,0.035054,0.619104,1.14945,87.325165,24.796087,0.05975,-0.581097,0.105302,-0.804778,10.794352,53.317028,29.37668,0.024215,0.84205,-0.052084,0.536332,6.295754,9.671044,39.203705,0.006743,0.919635,-0.091074,0.38201,-5.227797,3.281326,-14.078469,0.024215,0.84205,-0.052084,0.536332,18.301302,2.064239,33.716747
334,2.783333,-0.038118,0.86591,0.073407,0.493313,-3.700558,87.407379,16.82519,-0.036563,0.864169,0.08124,0.495253,-4.758482,94.944611,17.509277,-0.020025,0.865064,0.073828,0.495795,-7.295545,112.32431,19.349365,0.115464,0.92628,-0.072389,0.351331,-9.47458,132.291565,21.528828,0.121487,0.949957,-0.240642,0.157839,-4.468059,145.798752,19.379461,-0.008463,0.82111,0.086676,0.564087,-11.578912,126.115868,18.061396,0.3156,-0.381792,0.281569,-0.821797,-18.620602,127.741066,0.086139,0.258266,-0.11153,-0.452826,-0.846055,-4.042698,109.084282,-11.837527,0.37135,0.004997,-0.621333,-0.689942,9.116046,125.586998,-21.679827,-0.124226,0.912827,0.095175,0.377168,-7.798427,125.828674,24.472359,0.327991,0.871465,0.071467,-0.357579,5.465203,128.831573,38.270737,-0.008111,0.321862,0.529639,-0.784743,19.491989,115.03183,20.506147,0.126704,0.067989,0.665164,-0.732721,14.101058,134.487289,8.956973,0.022376,0.836219,0.207992,0.506928,-8.456909,87.467125,8.811304,0.134301,0.942647,-0.03153,0.30395,-2.274258,54.941952,-4.396528,0.007443,0.919628,-0.091945,0.381805,-14.520872,11.689162,-5.394672,-0.147707,0.770503,0.035864,0.61905,1.055794,87.347633,24.839077,0.059844,-0.5814,0.104776,-0.804621,10.751923,53.349773,29.387682,0.023115,0.842111,-0.053245,0.536171,6.299388,9.694874,39.196056,0.007443,0.919628,-0.091945,0.381805,-5.23173,3.291298,-14.071719,0.023115,0.842111,-0.053245,0.536171,18.306679,2.078086,33.72678
335,2.791667,-0.039552,0.865623,0.074337,0.493565,-3.685694,87.386009,16.823702,-0.036329,0.864043,0.081141,0.495506,-4.769716,94.919441,17.508804,-0.019877,0.864934,0.073539,0.496071,-7.303235,112.333084,19.352753,0.115607,0.926198,-0.072494,0.351479,-9.472019,132.302292,21.524506,0.12151,0.949898,-0.24093,0.157739,-4.460258,145.80751,19.374886,-0.008435,0.82097,0.086502,0.564318,-11.577851,126.126717,18.0578,0.3154,-0.382018,0.281364,-0.821839,-18.609451,127.74984,0.078404,0.257871,-0.111095,-0.452895,-0.846195,-4.034617,109.101608,-11.862362,0.37178,0.004338,-0.620258,-0.690681,9.130589,125.623428,-21.684378,-0.124172,0.912771,0.094903,0.377391,-7.801364,125.839378,24.471111,0.328132,0.871487,0.071759,-0.357337,5.456273,128.843246,38.275036,-0.007958,0.321787,0.529763,-0.784692,19.487312,115.041222,20.515577,0.126599,0.067995,0.665975,-0.732002,14.100284,134.497482,8.96624,0.022391,0.837153,0.207378,0.505636,-8.435347,87.431725,8.80575,0.134391,0.942693,-0.031301,0.303792,-2.29634,54.888432,-4.377806,0.006466,0.919596,-0.090668,0.382205,-14.544451,11.636528,-5.395728,-0.147517,0.770371,0.035562,0.619275,1.063959,87.340286,24.841652,0.059862,-0.581341,0.104579,-0.804688,10.735571,53.336914,29.40118,0.024298,0.841932,-0.051329,0.536587,6.297327,9.678489,39.200336,0.006466,0.919596,-0.090668,0.382205,-5.226258,3.278954,-14.080519,0.024298,0.841932,-0.051329,0.536587,18.311426,2.087313,33.710445
336,2.8,-0.037915,0.865462,0.072751,0.494212,-3.757119,87.424637,16.862753,-0.036261,0.863965,0.080419,0.495764,-4.808153,94.963577,17.538668,-0.019533,0.864922,0.073213,0.496153,-7.322325,112.345268,19.357378,0.115679,0.926143,-0.072751,0.351547,-9.472771,132.316956,21.524506,0.121648,0.949799,-0.241207,0.157808,-4.456487,145.819611,19.369389,-0.008519,0.820714,0.086317,0.564718,-11.583949,126.142586,18.058908,0.315103,-0.38215,0.281477,-0.821853,-18.598017,127.760384,0.07219,0.257782,-0.11072,-0.452624,-0.846417,-4.031891,109.110855,-11.87716,0.371058,0.005573,-0.620745,-0.690623,9.145238,125.627327,-21.677864,-0.124044,0.912771,0.094783,0.377464,-7.808475,125.853142,24.472719,0.328224,0.871526,0.071605,-0.357188,5.448261,128.853989,38.278168,-0.007817,0.321532,0.529946,-0.784674,19.481733,115.043518,20.527201,0.126979,0.067755,0.667062,-0.730968,14.096051,134.504181,8.983888,0.022322,0.836031,0.207971,0.507249,-8.497222,87.483162,8.839237,0.134075,0.942682,-0.031042,0.303992,-2.307024,54.957211,-4.363153,0.007942,0.919548,-0.092098,0.381951,-14.521679,11.696219,-5.396863,-0.147615,0.770262,0.036246,0.619348,0.982983,87.366112,24.886269,0.059951,-0.581692,0.104068,-0.804493,10.68916,53.368275,29.413578,0.024649,0.84182,-0.051689,0.536712,6.296229,9.701231,39.194725,0.007942,0.919548,-0.092098,0.381951,-5.237368,3.289694,-14.07069,0.024649,0.84182,-0.051689,0.536712,18.304871,2.09704,33.710915
337,2.808333,-0.039305,0.865158,0.073687,0.494497,-3.744465,87.398514,16.861158,-0.035874,0.863829,0.080234,0.49606,-4.82109,94.933716,17.538441,-0.019448,0.864761,0.072923,0.49648,-7.32619,112.354492,19.361423,0.115923,0.926015,-0.072734,0.351806,-9.468707,132.328033,21.519405,0.121612,0.94971,-0.241592,0.15778,-4.445288,145.828781,19.369036,-0.008526,0.820613,0.086309,0.564864,-11.580314,126.153336,18.05463,0.314589,-0.382146,0.281442,-0.822064,-18.587965,127.771294,0.065425,0.257264,-0.110442,-0.452632,-0.846606,-4.020614,109.130623,-11.896253,0.371444,0.004705,-0.619918,-0.691165,9.165388,125.665375,-21.68087,-0.124038,0.912687,0.094601,0.377714,-7.809615,125.864555,24.471279,0.328425,0.871512,0.071668,-0.357027,5.439864,128.866531,38.283443,-0.007801,0.321561,0.530132,-0.784537,19.472473,115.047623,20.538361,0.126777,0.067655,0.667683,-0.730445,14.097243,134.509842,8.996648,0.022505,0.836794,0.207423,0.506206,-8.47731,87.443848,8.833275,0.134094,0.942753,-0.030901,0.303778,-2.334533,54.902237,-4.352657,0.006313,0.919569,-0.090801,0.38224,-14.5472,11.640924,-5.39604,-0.147441,0.770019,0.036019,0.619706,0.988381,87.353172,24.889044,0.06001,-0.581496,0.103909,-0.804651,10.673353,53.350521,29.425543,0.024523,0.841894,-0.050977,0.53667,6.292513,9.681129,39.201633,0.006313,0.919569,-0.090801,0.38224,-5.226982,3.281882,-14.077242,0.024523,0.841894,-0.050977,0.53667,18.307871,2.094552,33.708149
338,2.816667,-0.039301,0.865506,0.072778,0.494022,-3.803175,87.388351,16.899151,-0.035088,0.86393,0.079051,0.496129,-4.872555,94.925591,17.565123,-0.019411,0.864647,0.072657,0.496719,-7.333894,112.359962,19.366428,0.115878,0.925916,-0.072982,0.35203,-9.470392,132.335129,21.515318,0.121755,0.949604,-0.241799,0.157992,-4.444971,145.834274,19.359535,-0.00805,0.820744,0.085777,0.564763,-11.58237,126.159813,18.051878,0.314547,-0.38218,0.28128,-0.822119,-18.594749,127.780876,0.064796,0.257438,-0.110312,-0.452136,-0.846835,-4.023956,109.146713,-11.902823,0.370639,0.005806,-0.620208,-0.691329,9.178641,125.66037,-21.677073,-0.12409,0.912625,0.094442,0.377887,-7.815191,125.872231,24.470646,0.328545,0.871564,0.071686,-0.356784,5.428725,128.877411,38.287445,-0.008061,0.321911,0.530113,-0.784403,19.46632,115.05146,20.551802,0.126021,0.068125,0.668247,-0.730017,14.100398,134.514709,9.005176,0.022114,0.836691,0.208209,0.506071,-8.54478,87.424484,8.87639,0.133951,0.94279,-0.030714,0.303744,-2.352127,54.904915,-4.340554,0.006256,0.919596,-0.090743,0.382191,-14.547905,11.639112,-5.395391,-0.14751,0.769833,0.036441,0.619895,0.938429,87.352219,24.921911,0.060035,-0.581657,0.103583,-0.804576,10.644363,53.353191,29.440794,0.0228,0.842158,-0.05258,0.536176,6.289992,9.677979,39.202717,0.006256,0.919596,-0.090743,0.382191,-5.227565,3.281966,-14.078289,0.0228,0.842158,-0.05258,0.536176,18.306509,2.080461,33.72691
339,2.825,-0.038866,0.864864,0.072868,0.495167,-3.816107,87.406631,16.897034,-0.034926,0.863621,0.079028,0.496683,-4.88131,94.944199,17.56609,-0.019416,0.864451,0.072463,0.497089,-7.336193,112.362991,19.366333,0.115803,0.925835,-0.072995,0.352267,-9.469889,132.339294,21.50749,0.121914,0.949519,-0.242024,0.158033,-4.445387,145.838852,19.352173,-0.008021,0.820667,0.085769,0.564876,-11.580375,126.163437,18.044106,0.314135,-0.382157,0.281329,-0.82227,-18.587849,127.785637,0.055212,0.257152,-0.110067,-0.45191,-0.847074,-4.017612,109.1558,-11.919819,0.37036,0.005962,-0.62002,-0.691646,9.196973,125.669899,-21.676849,-0.12406,0.912513,0.094273,0.378209,-7.818671,125.876877,24.466129,0.328639,0.871631,0.071785,-0.356515,5.416086,128.881775,38.291763,-0.007954,0.321646,0.530168,-0.784476,19.460587,115.05114,20.565233,0.125815,0.068214,0.670035,-0.728403,14.088717,134.519119,9.02299,0.022384,0.836532,0.207587,0.506578,-8.53724,87.452637,8.862261,0.133763,0.942809,-0.030477,0.303792,-2.375366,54.915489,-4.325778,0.006358,0.919571,-0.090883,0.382217,-14.549121,11.64386,-5.396082,-0.147566,0.770205,0.036318,0.619427,0.905025,87.360634,24.931808,0.060088,-0.58186,0.103167,-0.804478,10.611294,53.362144,29.454018,0.02417,0.84193,-0.051318,0.536597,6.291782,9.679791,39.199455,0.006358,0.919571,-0.090883,0.382217,-5.230461,3.282424,-14.076653,0.02417,0.84193,-0.051318,0.536597,18.307642,2.090688,33.710552
340,2.833333,-0.038741,0.864732,0.072564,0.495451,-3.845934,87.411613,16.914547,-0.034437,0.863478,0.07858,0.497037,-4.907424,94.949997,17.58021,-0.019458,0.864232,0.072439,0.49747,-7.34071,112.37532,19.374828,0.115889,0.925688,-0.073473,0.352523,-9.476355,132.351685,21.513372,0.121988,0.949431,-0.242252,0.158158,-4.444166,145.846802,19.348253,-0.008232,0.820393,0.085532,0.565307,-11.583759,126.175705,18.048346,0.31347,-0.382171,0.28149,-0.822463,-18.572237,127.787506,0.051127,0.256871,-0.10986,-0.451732,-0.847282,-4.007353,109.161034,-11.935645,0.370423,0.006316,-0.619805,-0.691801,9.216452,125.675797,-21.677185,-0.123977,0.912519,0.094203,0.378239,-7.827736,125.889381,24.473709,0.328882,0.87165,0.072198,-0.35616,5.406959,128.892303,38.299839,-0.007983,0.321774,0.530144,-0.784439,19.456408,115.056572,20.581202,0.125042,0.06862,0.670611,-0.727968,14.087923,134.520599,9.037139,0.022419,0.83637,0.207634,0.506824,-8.561991,87.457298,8.876789,0.133571,0.942859,-0.030258,0.303744,-2.39663,54.921669,-4.313365,0.006318,0.919588,-0.090933,0.382164,-14.548599,11.644238,-5.396322,-0.147611,0.76985,0.036591,0.619842,0.870123,87.365929,24.952305,0.060076,-0.58197,0.102907,-0.804433,10.58827,53.369808,29.466784,0.025447,0.841769,-0.051085,0.536812,6.287947,9.682515,39.198521,0.006318,0.919588,-0.090933,0.382164,-5.230757,3.282001,-14.077002,0.025447,0.841769,-0.051085,0.536812,18.293205,2.080295,33.704575
341,2.841667,-0.038376,0.864662,0.07202,0.495681,-3.885992,87.418541,16.933519,-0.03415,0.863469,0.078006,0.497162,-4.938751,94.958557,17.594551,-0.019185,0.864231,0.07198,0.49755,-7.350671,112.367271,19.374405,0.115767,0.925678,-0.073284,0.352629,-9.467792,132.346741,21.502337,0.121962,0.949388,-0.242369,0.158254,-4.440128,145.844254,19.341602,-0.008412,0.820008,0.085863,0.565813,-11.580593,126.170944,18.040266,0.312768,-0.382083,0.281927,-0.822621,-18.546776,127.786079,0.034711,0.256397,-0.109529,-0.451799,-0.847432,-3.991382,109.15387,-11.954674,0.370531,0.006579,-0.619556,-0.691964,9.23233,125.679993,-21.674274,-0.124153,0.912309,0.093953,0.378749,-7.825593,125.884438,24.466217,0.328563,0.871891,0.071979,-0.355908,5.392447,128.894394,38.306736,-0.008285,0.322027,0.529838,-0.784539,19.462511,115.064117,20.600214,0.124522,0.068938,0.671254,-0.727433,14.086555,134.523911,9.052814,0.022375,0.836092,0.207742,0.507241,-8.598322,87.465446,8.893586,0.133408,0.942898,-0.029975,0.303724,-2.419805,54.93288,-4.297962,0.007229,0.919324,-0.090524,0.382881,-14.550623,11.649999,-5.400134,-0.147727,0.769681,0.03685,0.620008,0.826338,87.371628,24.973455,0.060149,-0.581893,0.102582,-0.804524,10.560958,53.379311,29.481062,0.026038,0.841698,-0.050644,0.536937,6.286721,9.686783,39.200829,0.007229,0.919324,-0.090524,0.382881,-5.228443,3.288331,-14.076701,0.026038,0.841698,-0.050644,0.536937,18.290115,2.085917,33.700939
342,2.85,-0.038261,0.864516,0.071711,0.495989,-3.916118,87.421417,16.950588,-0.033654,0.863325,0.077572,0.497514,-4.96526,94.96225,17.60807,-0.019237,0.864018,0.071937,0.497923,-7.355853,112.379028,19.383051,0.115893,0.925525,-0.073663,0.352911,-9.474848,132.358673,21.507532,0.121944,0.949315,-0.242571,0.158396,-4.439288,145.852173,19.340158,-0.008602,0.819755,0.085758,0.566193,-11.584641,126.182579,18.044134,0.312281,-0.382064,0.282141,-0.822742,-18.534033,127.790764,0.03147,0.256226,-0.109373,-0.451659,-0.847579,-3.984272,109.157585,-11.96326,0.370669,0.006826,-0.619354,-0.692068,9.247298,125.684402,-21.672421,-0.124112,0.91226,0.093764,0.378928,-7.835204,125.896599,24.473354,0.328731,0.871985,0.072463,-0.355425,5.377964,128.906982,38.318432,-0.008019,0.321969,0.529839,-0.784565,19.460381,115.074577,20.623396,0.124434,0.069085,0.671792,-0.726938,14.083237,134.529221,9.07227,0.022142,0.835874,0.208022,0.507495,-8.622932,87.46785,8.907421,0.132927,0.943151,-0.02967,0.303176,-2.41631,54.942822,-4.289544,0.007227,0.919897,-0.091087,0.381366,-14.499608,11.646787,-5.397205,-0.147792,0.769551,0.036977,0.620146,0.790696,87.374985,24.993755,0.060177,-0.581841,0.102216,-0.804607,10.533471,53.384697,29.49906,0.026024,0.84167,-0.050618,0.536985,6.286119,9.685734,39.201637,0.007227,0.919897,-0.091087,0.381366,-5.211316,3.270744,-14.096221,0.026024,0.84167,-0.050618,0.536985,18.290537,2.085649,33.702911
343,2.858333,-0.036498,0.864581,0.070675,0.496159,-3.985337,87.449753,16.967995,-0.033163,0.863282,0.076974,0.497714,-5.003552,94.994858,17.625116,-0.019122,0.863927,0.071706,0.498119,-7.364253,112.38015,19.386503,0.115838,0.925447,-0.073833,0.353098,-9.475056,132.361313,21.504791,0.12193,0.949268,-0.242633,0.158599,-4.438605,145.853882,19.333675,-0.008578,0.819561,0.085704,0.566481,-11.5862,126.185265,18.042143,0.311704,-0.3819,0.282467,-0.822925,-18.522936,127.794014,0.024647,0.255903,-0.109362,-0.451505,-0.84776,-3.976287,109.158279,-11.969878,0.370509,0.007099,-0.619131,-0.692351,9.26123,125.683823,-21.670364,-0.124139,0.912124,0.093502,0.379311,-7.8396,125.899292,24.473021,0.328315,0.872192,0.071317,-0.355534,5.362085,128.912415,38.328461,-0.008617,0.322407,0.529632,-0.784519,19.454918,115.074448,20.646063,0.124411,0.069217,0.671974,-0.726761,14.079751,134.532883,9.092316,0.021785,0.835431,0.207932,0.508277,-8.691467,87.515182,8.924557,0.132548,0.943369,-0.028985,0.302732,-2.454517,54.986374,-4.248754,0.007574,0.919904,-0.091918,0.381143,-14.488427,11.677683,-5.398303,-0.148119,0.769105,0.037541,0.620587,0.720793,87.384323,25.011433,0.060342,-0.581625,0.101831,-0.804799,10.502933,53.403938,29.506067,0.0261,0.841644,-0.051095,0.536977,6.289126,9.69969,39.199474,0.007574,0.919904,-0.091918,0.381143,-5.214312,3.278509,-14.090138,0.0261,0.841644,-0.051095,0.536977,18.288649,2.087907,33.706238
344,2.866667,-0.036378,0.864488,0.070437,0.496363,-4.011604,87.452446,16.9814,-0.032916,0.863241,0.076691,0.497845,-5.026594,94.998192,17.636074,-0.019041,0.863888,0.071356,0.498241,-7.374284,112.379433,19.392311,0.115845,0.925376,-0.073867,0.353275,-9.475548,132.362732,21.499828,0.121892,0.949224,-0.242699,0.158788,-4.437928,145.854935,19.329109,-0.008503,0.819384,0.085575,0.566758,-11.588933,126.185989,18.039814,0.311532,-0.381938,0.282598,-0.822927,-18.513561,127.795288,0.017715,0.255819,-0.109135,-0.451382,-0.84788,-3.972398,109.156647,-11.978932,0.370451,0.007332,-0.619005,-0.692492,9.272979,125.683441,-21.668165,-0.124219,0.911957,0.093124,0.379778,-7.844096,125.901413,24.471779,0.32833,0.872274,0.07103,-0.355375,5.343065,128.920441,38.339748,-0.009149,0.322923,0.529614,-0.784312,19.441345,115.074326,20.668093,0.123833,0.069581,0.671647,-0.727127,14.080432,134.536545,9.110902,0.021822,0.835238,0.207986,0.50857,-8.714116,87.517944,8.935848,0.132426,0.943371,-0.028816,0.302794,-2.47273,54.990875,-4.239644,0.008338,0.919668,-0.091344,0.381834,-14.49191,11.678407,-5.400921,-0.148183,0.768944,0.037698,0.620762,0.690908,87.386948,25.026951,0.060404,-0.581292,0.101577,-0.805067,10.482262,53.408752,29.51811,0.025623,0.841612,-0.051222,0.537037,6.285861,9.700548,39.201191,0.008338,0.919668,-0.091344,0.381834,-5.210973,3.285161,-14.091203,0.025623,0.841612,-0.051222,0.537037,18.290928,2.092803,33.714485
345,2.875,-0.036367,0.864939,0.069624,0.495692,-4.067349,87.43824,17.014887,-0.032458,0.863515,0.075535,0.497577,-5.075565,94.985741,17.659761,-0.018813,0.864028,0.070857,0.498077,-7.387724,112.367546,19.389196,0.115767,0.925387,-0.073595,0.353328,-9.470604,132.354065,21.48439,0.121834,0.949195,-0.242681,0.159035,-4.437357,145.848969,19.320284,-0.008298,0.819288,0.085651,0.566888,-11.590897,126.17688,18.02939,0.311543,-0.381769,0.282697,-0.822968,-18.509964,127.794815,0.005926,0.255799,-0.109065,-0.451342,-0.847917,-3.9649,109.153854,-11.982385,0.370256,0.007624,-0.618769,-0.692804,9.281389,125.678925,-21.667027,-0.124367,0.911718,0.092926,0.380353,-7.843503,125.893295,24.459909,0.327968,0.872608,0.071106,-0.354874,5.325305,128.917236,38.344238,-0.00937,0.322878,0.529191,-0.784614,19.455061,115.081619,20.689497,0.123563,0.06969,0.671732,-0.727085,14.071944,134.539078,9.134699,0.021478,0.835094,0.208791,0.508491,-8.78229,87.495216,8.976546,0.132263,0.943357,-0.028682,0.302921,-2.492244,54.991005,-4.232166,0.00832,0.919646,-0.091275,0.381904,-14.49406,11.673954,-5.401899,-0.148415,0.768866,0.037955,0.620788,0.64759,87.381271,25.053226,0.060375,-0.581161,0.101286,-0.805201,10.462306,53.409367,29.541033,0.02349,0.841978,-0.052452,0.536442,6.283473,9.695536,39.206322,0.00832,0.919646,-0.091275,0.381904,-5.211053,3.282555,-14.091752,0.02349,0.841978,-0.052452,0.536442,18.296295,2.091009,33.732143
346,2.883333,-0.036573,0.864884,0.069518,0.495788,-4.087265,87.432762,17.028042,-0.032138,0.863442,0.075219,0.497771,-5.097478,94.980255,17.669832,-0.018713,0.863911,0.070623,0.498318,-7.395384,112.368797,19.395294,0.115697,0.925327,-0.07366,0.353494,-9.470681,132.356812,21.483843,0.121866,0.949159,-0.242745,0.159124,-4.438017,145.851715,19.318453,-0.008022,0.819426,0.085301,0.566746,-11.591837,126.179573,18.02944,0.311742,-0.381685,0.282528,-0.822989,-18.517324,127.79808,0.008492,0.256057,-0.109117,-0.451091,-0.847965,-3.963809,109.161499,-11.976382,0.370147,0.007741,-0.618603,-0.693009,9.291737,125.674759,-21.665207,-0.124435,0.911638,0.09277,0.38056,-7.847957,125.896156,24.462011,0.327905,0.872773,0.070971,-0.354555,5.314096,128.92366,38.351978,-0.0096,0.322843,0.52897,-0.784775,19.458052,115.084373,20.711493,0.123292,0.069786,0.671776,-0.727081,14.063282,134.540054,9.161811,0.0214,0.83508,0.209017,0.508425,-8.800143,87.485588,8.988464,0.132129,0.943237,-0.028603,0.303362,-2.498198,54.987835,-4.230495,0.006141,0.920204,-0.092902,0.380206,-14.486212,11.667189,-5.408914,-0.14847,0.768611,0.03802,0.621086,0.625612,87.379929,25.067619,0.060367,-0.581151,0.10105,-0.805238,10.444328,53.409554,29.558178,0.024722,0.8419,-0.052009,0.536552,6.281853,9.691325,39.210629,0.006141,0.920204,-0.092902,0.380206,-5.217023,3.259336,-14.097614,0.024722,0.8419,-0.052009,0.536552,18.28487,2.078953,33.725853
347,2.891667,-0.036096,0.864851,0.069035,0.495947,-4.121032,87.439064,17.043137,-0.031798,0.863364,0.074867,0.497983,-5.121425,94.988113,17.682051,-0.01871,0.863786,0.070522,0.498548,-7.402752,112.375435,19.401926,0.11582,0.925208,-0.07397,0.3537,-9.476476,132.364029,21.486454,0.121813,0.949129,-0.242779,0.159295,-4.436918,145.855499,19.315676,-0.00815,0.819209,0.085132,0.567083,-11.596641,126.186577,18.031843,0.311633,-0.381529,0.282753,-0.823026,-18.507225,127.798462,0.004588,0.255961,-0.109191,-0.451102,-0.847979,-3.95413,109.156311,-11.972127,0.370071,0.007737,-0.61857,-0.693079,9.300138,125.669861,-21.662001,-0.124199,0.91147,0.092133,0.381194,-7.856181,125.903595,24.466423,0.327608,0.872969,0.070146,-0.354511,5.289412,128.929108,38.372387,-0.010128,0.323293,0.528728,-0.784745,19.445303,115.084457,20.745686,0.122869,0.069877,0.671859,-0.727066,14.051455,134.541397,9.191272,0.021348,0.834892,0.209053,0.508721,-8.831619,87.495361,9.002244,0.13198,0.943256,-0.028363,0.303389,-2.520607,54.998543,-4.214669,0.008084,0.919792,-0.091808,0.381429,-14.489676,11.673108,-5.409647,-0.148613,0.768551,0.038203,0.621115,0.589555,87.382767,25.08403,0.060384,-0.581088,0.10077,-0.805317,10.42362,53.416397,29.571321,0.024796,0.841862,-0.052063,0.536603,6.281209,9.693283,39.210293,0.008084,0.919792,-0.091808,0.381429,-5.216172,3.271399,-14.099688,0.024796,0.841862,-0.052063,0.536603,18.283569,2.078655,33.727219
348,2.9,-0.035808,0.864793,0.068661,0.496122,-4.153171,87.439117,17.057322,-0.031313,0.863338,0.074486,0.498115,-5.147078,94.989273,17.693302,-0.018625,0.863731,0.070304,0.498678,-7.406688,112.375046,19.409449,0.115672,0.925195,-0.073759,0.353826,-9.473363,132.365005,21.487843,0.121779,0.949078,-0.242955,0.159356,-4.439147,145.859238,19.321859,-0.008225,0.819175,0.084936,0.567159,-11.594929,126.187408,18.034363,0.311641,-0.381403,0.282791,-0.823068,-18.502098,127.792885,0.005226,0.256024,-0.109271,-0.451127,-0.847936,-3.945057,109.150352,-11.966105,0.370286,0.00739,-0.618621,-0.692923,9.307124,125.662468,-21.660402,-0.124361,0.911373,0.091937,0.38142,-7.856357,125.904785,24.470055,0.327656,0.873084,0.070304,-0.35415,5.281001,128.937622,38.38221,-0.010578,0.32316,0.528352,-0.785048,19.448797,115.09037,20.767118,0.122221,0.070557,0.671381,-0.727552,14.03302,134.545593,9.22516,0.021269,0.835227,0.208757,0.508295,-8.8609,87.496849,9.014765,0.131749,0.943429,-0.027885,0.302995,-2.562727,54.990978,-4.186009,0.008411,0.919587,-0.091036,0.382101,-14.500252,11.657661,-5.410117,-0.148787,0.768449,0.038386,0.621188,0.554559,87.381393,25.09988,0.060392,-0.581051,0.10052,-0.805374,10.405393,53.41972,29.585951,0.02481,0.841887,-0.052123,0.536557,6.280778,9.692168,39.212379,0.008411,0.919587,-0.091036,0.382101,-5.213101,3.271038,-14.100152,0.02481,0.841887,-0.052123,0.536557,18.281864,2.076004,33.728653
349,2.908333,-0.036313,0.864714,0.068615,0.496229,-4.171422,87.4319,17.075085,-0.030842,0.863311,0.074062,0.498255,-5.171719,94.98159,17.706493,-0.018539,0.863656,0.070061,0.498846,-7.410501,112.375175,19.418228,0.115593,0.925156,-0.073551,0.353999,-9.469698,132.366653,21.489511,0.121666,0.949032,-0.243141,0.159431,-4.438843,145.863068,19.329285,-0.008538,0.818861,0.085081,0.567588,-11.59256,126.188812,18.037233,0.312263,-0.381655,0.282747,-0.822731,-18.480705,127.789047,0.000347,0.256341,-0.108961,-0.451317,-0.847779,-3.932518,109.136757,-11.966554,0.370338,0.007812,-0.618702,-0.692818,9.314749,125.655075,-21.656677,-0.124477,0.911276,0.091684,0.381676,-7.856429,125.906708,24.474367,0.327528,0.873273,0.070456,-0.353773,5.27226,128.945984,38.393303,-0.01077,0.322837,0.52807,-0.785368,19.458677,115.102814,20.789988,0.122094,0.070532,0.671155,-0.727784,14.02055,134.553909,9.262217,0.021342,0.835249,0.208968,0.50817,-8.876509,87.481262,9.030923,0.131636,0.943339,-0.027901,0.303322,-2.576931,54.981888,-4.185179,0.008226,0.919593,-0.090683,0.382175,-14.505085,11.645979,-5.408938,-0.148771,0.768332,0.038347,0.62134,0.533663,87.382545,25.119247,0.060325,-0.581283,0.100199,-0.805252,10.381068,53.420319,29.60869,0.025042,0.841882,-0.051738,0.536592,6.278544,9.68625,39.214939,0.008226,0.919593,-0.090683,0.382175,-5.211819,3.269564,-14.102282,0.025042,0.841882,-0.051738,0.536592,18.280434,2.075309,33.725708
350,2.916667,-0.036037,0.86472,0.068293,0.496284,-4.203445,87.432175,17.089043,-0.030404,0.863288,0.073742,0.498369,-5.197708,94.982841,17.718269,-0.018426,0.863593,0.069801,0.498994,-7.416965,112.372421,19.427124,0.115559,0.925083,-0.073669,0.354175,-9.46734,132.36554,21.491333,0.121512,0.949015,-0.243147,0.159637,-4.435565,145.861237,19.328871,-0.008567,0.818762,0.084941,0.567751,-11.592051,126.187599,18.04038,0.312294,-0.381304,0.282919,-0.822823,-18.472992,127.784431,0.000444,0.256487,-0.109195,-0.451506,-0.847604,-3.915756,109.128464,-11.949695,0.370591,0.007688,-0.618939,-0.692472,9.319883,125.645386,-21.652538,-0.124343,0.911243,0.091191,0.381915,-7.858059,125.905785,24.478769,0.327392,0.873399,0.070388,-0.353602,5.264839,128.946655,38.402817,-0.010729,0.321887,0.528031,-0.785784,19.462379,115.105728,20.806732,0.122657,0.069826,0.672076,-0.726907,13.994137,134.563568,9.306983,0.021321,0.834869,0.209304,0.508657,-8.907887,87.483078,9.044515,0.131551,0.943506,-0.027935,0.302836,-2.587083,54.993664,-4.185914,0.01111,0.919392,-0.090612,0.382601,-14.509724,11.655921,-5.398288,-0.148905,0.768391,0.038429,0.621229,0.500996,87.381271,25.133574,0.06034,-0.581266,0.099927,-0.805297,10.359724,53.422348,29.623104,0.024815,0.841926,-0.051816,0.536526,6.277258,9.683537,39.216278,0.01111,0.919392,-0.090612,0.382601,-5.247169,3.251402,-14.097282,0.024815,0.841926,-0.051816,0.536526,18.280361,2.074118,33.7276
351,2.925,-0.035801,0.86471,0.067978,0.496361,-4.232393,87.433983,17.103138,-0.029984,0.863274,0.073438,0.498464,-5.221228,94.985565,17.729927,-0.018368,0.863545,0.069559,0.499114,-7.421581,112.369576,19.435953,0.115633,0.925021,-0.073664,0.354314,-9.465373,132.364136,21.492649,0.121321,0.949012,-0.24321,0.159707,-4.431216,145.859238,19.332045,-0.008587,0.818726,0.084844,0.567816,-11.591395,126.185753,18.043308,0.312049,-0.380904,0.28333,-0.822959,-18.469452,127.780006,0.00204,0.256469,-0.109557,-0.451537,-0.847547,-3.908388,109.115616,-11.930259,0.370674,0.0075,-0.619243,-0.692158,9.325628,125.632492,-21.64953,-0.124755,0.911082,0.091181,0.382169,-7.859159,125.904869,24.482758,0.327358,0.873502,0.070385,-0.353379,5.252262,128.95874,38.414776,-0.010935,0.321167,0.528102,-0.786028,19.459375,115.116692,20.827276,0.123395,0.069493,0.672003,-0.726881,13.97339,134.584686,9.355925,0.021347,0.834787,0.209367,0.508764,-8.935727,87.485863,9.057966,0.13134,0.943558,-0.027712,0.302789,-2.612462,54.998417,-4.17613,0.011214,0.919382,-0.090594,0.382627,-14.511574,11.654552,-5.400948,-0.148985,0.768333,0.038578,0.621273,0.470942,87.382103,25.148312,0.060389,-0.581228,0.099691,-0.80535,10.340162,53.425694,29.633846,0.025005,0.841928,-0.051783,0.536518,6.276655,9.683174,39.218185,0.011214,0.919382,-0.090594,0.382627,-5.249816,3.249407,-14.100191,0.025005,0.841928,-0.051783,0.536518,18.277613,2.071741,33.727596
352,2.933333,-0.035659,0.864568,0.067748,0.49665,-4.24974,87.432465,17.113178,-0.029727,0.863195,0.073416,0.49862,-5.235177,94.984688,17.737717,-0.018345,0.863485,0.069282,0.499256,-7.427426,112.367699,19.447073,0.11552,0.924975,-0.073796,0.354443,-9.465195,132.363846,21.494322,0.121294,0.948998,-0.243181,0.159853,-4.432216,145.858795,19.329983,-0.008661,0.818642,0.084701,0.567957,-11.592198,126.184654,18.047041,0.312472,-0.380777,0.283371,-0.822843,-18.464006,127.773903,0.002958,0.256731,-0.109714,-0.451605,-0.847411,-3.899086,109.102997,-11.914443,0.370711,0.007146,-0.61955,-0.691867,9.331566,125.617943,-21.646442,-0.125177,0.911015,0.09107,0.382216,-7.862067,125.905357,24.487776,0.327513,0.873591,0.070195,-0.353052,5.243838,128.975311,38.42144,-0.011379,0.320992,0.52793,-0.786209,19.457762,115.119743,20.850103,0.123014,0.069409,0.671194,-0.727701,13.959518,134.587418,9.39625,0.021301,0.83538,0.208907,0.507981,-8.947906,87.484985,9.064994,0.131166,0.943719,-0.027201,0.302408,-2.651137,54.983665,-4.147632,0.010867,0.919343,-0.09012,0.382843,-14.522576,11.633184,-5.406271,-0.149105,0.768468,0.038623,0.621074,0.448425,87.379951,25.161366,0.060328,-0.58143,0.0995,-0.805233,10.327047,53.426327,29.647238,0.024946,0.841965,-0.051764,0.536463,6.276302,9.679726,39.218342,0.010867,0.919343,-0.09012,0.382843,-5.248846,3.242824,-14.107026,0.024946,0.841965,-0.051764,0.536463,18.277391,2.069563,33.726292
353,2.941667,-0.035578,0.864554,0.067489,0.496715,-4.275012,87.434784,17.129622,-0.029297,0.863178,0.073117,0.498718,-5.257469,94.987617,17.751297,-0.018321,0.863427,0.069069,0.499387,-7.430741,112.365791,19.458261,0.115528,0.924894,-0.074017,0.354606,-9.463655,132.363174,21.498297,0.121133,0.948995,-0.243141,0.160058,-4.427774,145.856323,19.329409,-0.008712,0.818612,0.084527,0.568026,-11.591347,126.183411,18.052448,0.31279,-0.380617,0.283562,-0.82273,-18.460106,127.767471,0.006746,0.256746,-0.11019,-0.451607,-0.847343,-3.894462,109.086159,-11.893448,0.370394,0.006873,-0.619385,-0.692188,9.328077,125.590042,-21.641899,-0.125256,0.910942,0.090851,0.382415,-7.863149,125.905243,24.494352,0.327424,0.873675,0.070435,-0.352881,5.236117,128.980148,38.433163,-0.011703,0.320275,0.527855,-0.786547,19.459551,115.131119,20.864376,0.122517,0.068473,0.671316,-0.72776,13.935794,134.610458,9.438616,0.021338,0.835391,0.209013,0.507918,-8.972084,87.486298,9.080793,0.130988,0.943637,-0.026938,0.302762,-2.674618,54.988247,-4.139557,0.011179,0.919346,-0.090951,0.382629,-14.523682,11.632284,-5.420023,-0.149123,0.768588,0.03878,0.620912,0.42206,87.383263,25.17845,0.060372,-0.581494,0.099282,-0.80521,10.309439,53.430893,29.654461,0.025025,0.841961,-0.051893,0.536453,6.2773,9.680876,39.217781,0.011179,0.919346,-0.090951,0.382629,-5.263538,3.219198,-14.113301,0.025025,0.841961,-0.051893,0.536453,18.276243,2.066704,33.726604
354,2.95,-0.035292,0.86414,0.067887,0.497401,-4.276985,87.45121,17.128187,-0.029169,0.863012,0.073359,0.498977,-5.259178,95.003532,17.756485,-0.018316,0.863367,0.068756,0.499534,-7.43129,112.364578,19.470743,0.114869,0.924981,-0.073818,0.354636,-9.458086,132.363708,21.499699,0.121573,0.948906,-0.243226,0.160122,-4.441025,145.863602,19.329245,-0.008727,0.818675,0.084351,0.567962,-11.586757,126.182869,18.056383,0.313071,-0.380364,0.283721,-0.822686,-18.458319,127.762352,0.011341,0.256973,-0.110566,-0.451712,-0.84717,-3.887249,109.073318,-11.870071,0.370677,0.006257,-0.619541,-0.691902,9.326508,125.571396,-21.638103,-0.12534,0.910864,0.090666,0.382617,-7.86074,125.906792,24.499638,0.327192,0.873856,0.070516,-0.352631,5.23171,128.986328,38.44384,-0.012103,0.319758,0.527532,-0.786967,19.472582,115.145493,20.882721,0.122249,0.068286,0.671119,-0.728005,13.91895,134.624313,9.482029,0.021741,0.835373,0.208572,0.508112,-8.961727,87.512138,9.07224,0.131257,0.944745,-0.026575,0.299202,-2.70136,55.002205,-4.136503,0.010565,0.91909,-0.091371,0.383163,-14.567934,11.650843,-5.410429,-0.149145,0.768714,0.038728,0.620753,0.407758,87.390274,25.184137,0.060368,-0.581641,0.099116,-0.805125,10.295007,53.438091,29.661947,0.025128,0.841981,-0.052042,0.536403,6.276235,9.685079,39.217197,0.010565,0.91909,-0.091371,0.383163,-5.29106,3.234787,-14.082968,0.025128,0.841981,-0.052042,0.536403,18.272049,2.066113,33.725826
355,2.958333,-0.035287,0.864161,0.067739,0.497385,-4.29731,87.461456,17.144444,-0.028823,0.862997,0.073091,0.499062,-5.278302,95.014099,17.770853,-0.018318,0.863305,0.068575,0.499666,-7.433979,112.365631,19.481785,0.115437,0.924742,-0.074506,0.354932,-9.457529,132.365753,21.504124,0.120746,0.949053,-0.242793,0.16053,-4.418143,145.855743,19.323784,-0.008729,0.818574,0.084535,0.568079,-11.586367,126.184288,18.062033,0.315396,-0.380995,0.28284,-0.821809,-18.45274,127.768158,0.015408,0.258377,-0.110199,-0.451788,-0.84675,-3.880672,109.073273,-11.855548,0.370853,0.006117,-0.619825,-0.691555,9.325774,125.552879,-21.631569,-0.1257,0.91074,0.091306,0.382641,-7.862318,125.909439,24.506477,0.326879,0.873965,0.069571,-0.352839,5.22591,128.99147,38.454086,-0.013334,0.319981,0.527334,-0.78699,19.469797,115.146324,20.898811,0.12139,0.068237,0.670419,-0.728798,13.911531,134.642227,9.516563,0.02187,0.83557,0.208282,0.507901,-8.982357,87.521065,9.088663,0.1304,0.943572,-0.026488,0.303259,-2.743618,55.002903,-4.11006,0.008835,0.91959,-0.091383,0.382001,-14.530912,11.630943,-5.418655,-0.149087,0.768812,0.038832,0.62064,0.387736,87.40184,25.200224,0.060385,-0.581856,0.098898,-0.804995,10.27706,53.448986,29.668295,0.025063,0.841967,-0.052316,0.536401,6.277339,9.692272,39.214577,0.008835,0.91959,-0.091383,0.382001,-5.2537,3.231739,-14.107154,0.025063,0.841967,-0.052316,0.536401,18.27169,2.068156,33.727161
356,2.966667,-0.035142,0.864181,0.067848,0.497346,-4.313584,87.467667,17.156075,-0.028564,0.862999,0.072838,0.499111,-5.293455,95.020233,17.785072,-0.018315,0.863271,0.068398,0.49975,-7.435928,112.365112,19.491997,0.115164,0.924747,-0.0746,0.354986,-9.455987,132.366226,21.508043,0.120819,0.949045,-0.242696,0.160669,-4.422565,145.857651,19.322742,-0.008338,0.818868,0.083989,0.567743,-11.585383,126.184151,18.06739,0.31602,-0.380743,0.282722,-0.821727,-18.466822,127.767242,0.026429,0.258977,-0.110531,-0.451684,-0.846579,-3.881,109.070358,-11.824515,0.370847,0.006172,-0.619973,-0.691424,9.326612,125.535454,-21.624241,-0.125797,0.910698,0.091013,0.382781,-7.862576,125.9105,24.512604,0.326856,0.874022,0.069528,-0.352726,5.22056,128.999634,38.463425,-0.013938,0.319749,0.527266,-0.787119,19.469484,115.153313,20.913147,0.120727,0.067975,0.670187,-0.729146,13.901371,134.657379,9.553054,0.021972,0.835612,0.208277,0.507829,-8.999549,87.530563,9.100853,0.130241,0.943712,-0.026229,0.302914,-2.768207,55.012585,-4.101817,0.010148,0.919393,-0.091266,0.382471,-14.535795,11.635674,-5.423714,-0.149045,0.768929,0.038873,0.620501,0.372381,87.404762,25.211298,0.060361,-0.582084,0.098768,-0.804848,10.262124,53.451252,29.673487,0.025155,0.841905,-0.05215,0.536511,6.273024,9.691959,39.212425,0.010148,0.919393,-0.091266,0.382471,-5.26651,3.225868,-14.110424,0.025155,0.841905,-0.05215,0.536511,18.269098,2.070228,33.725445
357,2.975,-0.035014,0.864256,0.067879,0.497221,-4.334641,87.473198,17.168262,-0.028011,0.863014,0.072329,0.499191,-5.312966,95.025841,17.798788,-0.018526,0.863173,0.068566,0.499889,-7.43036,112.377777,19.500275,0.115018,0.924588,-0.075363,0.355286,-9.461496,132.37764,21.517561,0.120979,0.948932,-0.242582,0.161389,-4.423488,145.864182,19.312944,-0.008595,0.818812,0.083807,0.567846,-11.586452,126.194809,18.075533,0.314822,-0.379919,0.28392,-0.822155,-18.463203,127.76606,0.031756,0.258487,-0.111345,-0.451721,-0.846602,-3.880168,109.048477,-11.789876,0.37088,0.006255,-0.620384,-0.691037,9.322993,125.515137,-21.616045,-0.125709,0.91067,0.091034,0.382871,-7.865828,125.92244,24.52206,0.32678,0.874086,0.069445,-0.352654,5.21551,129.007706,38.475418,-0.014412,0.319538,0.527115,-0.787298,19.469761,115.162003,20.928995,0.119954,0.06775,0.670394,-0.729104,13.887976,134.671783,9.585552,0.021925,0.835867,0.208364,0.507376,-9.023079,87.538239,9.114498,0.130633,0.945064,-0.025555,0.298558,-2.792885,55.022705,-4.094733,0.010513,0.918916,-0.091391,0.383577,-14.581227,11.651847,-5.43018,-0.149057,0.768988,0.038966,0.62042,0.353798,87.40815,25.222027,0.060383,-0.582197,0.098614,-0.804783,10.248698,53.455399,29.678621,0.025004,0.841944,-0.052361,0.536436,6.273161,9.693611,39.211742,0.010513,0.918916,-0.091391,0.383577,-5.2954,3.236192,-14.093527,0.025004,0.841944,-0.052361,0.536436,18.26833,2.06934,33.726318
358,2.983333,-0.034893,0.864237,0.067491,0.497314,-4.351656,87.469635,17.186588,-0.027818,0.86302,0.072129,0.49922,-5.325521,95.023216,17.812841,-0.018469,0.863178,0.068368,0.499909,-7.433687,112.376869,19.511677,0.115102,0.924554,-0.075495,0.355321,-9.458896,132.377914,21.523186,0.120841,0.94897,-0.242473,0.161435,-4.417328,145.862762,19.316284,-0.008623,0.818852,0.083659,0.567811,-11.585605,126.19474,18.082863,0.315373,-0.379807,0.284015,-0.821962,-18.463886,127.761719,0.039294,0.258966,-0.111573,-0.451699,-0.846438,-3.879201,109.033653,-11.763697,0.371338,0.005803,-0.620191,-0.690969,9.322938,125.491203,-21.608088,-0.125498,0.910684,0.090823,0.382957,-7.865246,125.923096,24.529575,0.326892,0.874089,0.070451,-0.352346,5.215582,129.003769,38.484428,-0.014327,0.318696,0.527124,-0.787634,19.477493,115.170525,20.934404,0.119759,0.067575,0.670882,-0.728703,13.872354,134.682983,9.617049,0.022074,0.835724,0.208605,0.507506,-9.038526,87.533173,9.131897,0.130109,0.944108,-0.02597,0.301757,-2.806321,55.025261,-4.095153,0.009724,0.919337,-0.091537,0.382553,-14.557582,11.644045,-5.420979,-0.149056,0.76907,0.039133,0.620309,0.335214,87.406105,25.24128,0.060485,-0.581793,0.098436,-0.805089,10.238012,53.454273,29.687267,0.025075,0.842034,-0.052245,0.536302,6.275702,9.690449,39.216549,0.009724,0.919337,-0.091537,0.382553,-5.282396,3.232422,-14.099629,0.025075,0.842034,-0.052245,0.536302,18.269154,2.067723,33.725224
359,2.991667,-0.03478,0.864285,0.067162,0.497284,-4.373584,87.470886,17.204769,-0.027512,0.863051,0.071838,0.499225,-5.343452,95.025261,17.827595,-0.018448,0.863176,0.068188,0.499937,-7.4367,112.376343,19.522585,0.115577,0.924414,-0.075905,0.355443,-9.457635,132.378418,21.528231,0.120262,0.949105,-0.242135,0.161579,-4.399446,145.856247,19.316521,-0.008819,0.818723,0.083648,0.567995,-11.585506,126.194717,18.089567,0.315419,-0.379456,0.284494,-0.821941,-18.455544,127.755867,0.042355,0.259045,-0.112014,-0.451835,-0.846282,-3.871156,109.012184,-11.736187,0.371759,0.005118,-0.620195,-0.690744,9.320992,125.466576,-21.600756,-0.125908,0.910602,0.090982,0.382981,-7.865568,125.92411,24.536566,0.325556,0.874335,0.065257,-0.353968,5.210561,129.016434,38.49324,-0.016951,0.320329,0.526579,-0.787284,19.457918,115.149429,20.958052,0.119364,0.067739,0.670648,-0.728969,13.86904,134.692917,9.638741,0.022239,0.836025,0.208532,0.507033,-9.061159,87.533119,9.150479,0.129793,0.944122,-0.025552,0.301884,-2.848972,55.023552,-4.081893,0.009399,0.919269,-0.091454,0.382743,-14.562554,11.633026,-5.436022,-0.149145,0.769382,0.039154,0.619899,0.31399,87.408661,25.25906,0.060278,-0.5826,0.098304,-0.804537,10.224755,53.458832,29.702564,0.026375,0.841845,-0.051734,0.536587,6.270494,9.690419,39.214058,0.009399,0.919269,-0.091454,0.382743,-5.278546,3.226895,-14.110554,0.026375,0.841845,-0.051734,0.536587,18.256207,2.060443,33.715923
360,3.0,-0.034516,0.864352,0.067055,0.497201,-4.400889,87.474426,17.220312,-0.027247,0.863057,0.071374,0.499295,-5.366417,95.029297,17.843849,-0.018166,0.863134,0.068153,0.500024,-7.442126,112.369942,19.528093,0.115515,0.924403,-0.075967,0.355478,-9.452696,132.372635,21.538027,0.120153,0.949123,-0.242073,0.161645,-4.395377,145.850449,19.324276,-0.008737,0.8188,0.083474,0.567911,-11.583336,126.190857,18.097614,0.31573,-0.379239,0.284662,-0.821863,-18.457121,127.750504,0.0517,0.259324,-0.112361,-0.451807,-0.846166,-3.869107,108.998024,-11.708344,0.371929,0.004743,-0.620198,-0.690652,9.320153,125.44265,-21.591148,-0.125976,0.910627,0.090501,0.383013,-7.864538,125.916779,24.545122,0.325512,0.874358,0.065369,-0.353932,5.209982,129.018646,38.501186,-0.017221,0.320288,0.526497,-0.78735,19.460239,115.155266,20.965475,0.118923,0.067941,0.670767,-0.728912,13.865943,134.701981,9.652882,0.022202,0.835766,0.208938,0.507294,-9.090346,87.539764,9.167145,0.129639,0.944384,-0.025515,0.301134,-2.856934,55.042179,-4.084668,0.009765,0.919315,-0.091729,0.382558,-14.557758,11.647886,-5.428457,-0.149191,0.769334,0.039383,0.619932,0.288568,87.409088,25.273481,0.060328,-0.582603,0.09815,-0.80455,10.211596,53.461529,29.706991,0.026413,0.841844,-0.051795,0.536581,6.270949,9.690944,39.214169,0.009765,0.919315,-0.091729,0.382558,-5.28419,3.231378,-14.104095,0.026413,0.841844,-0.051795,0.536581,18.25563,2.059086,33.7164
361,3.008333,-0.034362,0.864409,0.066793,0.497147,-4.419331,87.475601,17.236126,-0.026996,0.863097,0.07113,0.499275,-5.380803,95.031174,17.85745,-0.018097,0.863148,0.068045,0.500018,-7.444313,112.371239,19.538589,0.115075,0.924516,-0.07581,0.355359,-9.450296,132.374619,21.546209,0.1207,0.949045,-0.242163,0.161562,-4.406294,145.857208,19.331093,-0.008739,0.818867,0.083324,0.567836,-11.582436,126.192917,18.106592,0.315884,-0.378978,0.285021,-0.821801,-18.459496,127.748932,0.061615,0.259562,-0.112753,-0.451724,-0.846085,-3.871776,108.983086,-11.677447,0.372126,0.004424,-0.620228,-0.690522,9.318258,125.418411,-21.580284,-0.12603,0.910626,0.090483,0.383002,-7.863512,125.91877,24.554024,0.325438,0.874417,0.065509,-0.353826,5.210804,129.022873,38.509781,-0.017324,0.320335,0.526496,-0.787329,19.467562,115.164146,20.975685,0.118932,0.068065,0.67069,-0.728971,13.874706,134.711594,9.664365,0.022274,0.835832,0.209094,0.507117,-9.109973,87.540886,9.183648,0.129447,0.944498,-0.025342,0.300873,-2.877969,55.048157,-4.080722,0.00952,0.919308,-0.091878,0.382546,-14.558545,11.648604,-5.430728,-0.149206,0.769337,0.039562,0.619914,0.271311,87.410316,25.288603,0.060407,-0.582125,0.097984,-0.80491,10.203031,53.464092,29.712769,0.025236,0.841984,-0.052136,0.536384,6.272796,9.691432,39.214706,0.00952,0.919308,-0.091878,0.382546,-5.282714,3.231201,-14.103076,0.025236,0.841984,-0.052136,0.536384,18.266285,2.068832,33.723309
362,3.016667,-0.034289,0.86447,0.066617,0.49707,-4.434476,87.477837,17.25173,-0.026769,0.863121,0.071038,0.499258,-5.393597,95.033836,17.871399,-0.018027,0.863152,0.067854,0.50004,-7.448209,112.371384,19.553497,0.11561,0.924357,-0.076222,0.355511,-9.447968,132.375916,21.555822,0.120106,0.949164,-0.241863,0.161757,-4.385663,145.850983,19.336679,-0.008752,0.818899,0.083157,0.567815,-11.581945,126.193985,18.117758,0.316118,-0.378819,0.285171,-0.821732,-18.459961,127.745834,0.072779,0.259945,-0.112808,-0.451785,-0.845927,-3.870413,108.97242,-11.651904,0.372432,0.004449,-0.620686,-0.689944,9.320964,125.409782,-21.568277,-0.126101,0.910644,0.090469,0.382937,-7.863303,125.920357,24.565376,0.32535,0.874446,0.065343,-0.353867,5.212239,129.027466,38.519321,-0.017476,0.320592,0.52648,-0.787232,19.470528,115.169357,20.985981,0.118886,0.068318,0.670642,-0.728998,13.88427,134.717255,9.669854,0.0224,0.835938,0.2092,0.506894,-9.126658,87.542549,9.200142,0.129248,0.944629,-0.025207,0.300559,-2.901856,55.053375,-4.076342,0.00807,0.919472,-0.092043,0.382146,-14.562704,11.648583,-5.428447,-0.148927,0.768833,0.040002,0.620577,0.257706,87.413116,25.30332,0.060717,-0.581586,0.097903,-0.805286,10.190108,53.463448,29.699501,0.025024,0.842033,-0.052307,0.536301,6.275721,9.692743,39.216976,0.00807,0.919472,-0.092043,0.382146,-5.275906,3.242173,-14.099726,0.025024,0.842033,-0.052307,0.536301,18.269264,2.069367,33.726761
363,3.025,-0.034045,0.864579,0.066225,0.49695,-4.460843,87.475929,17.272568,-0.026447,0.863193,0.070612,0.499211,-5.413703,95.032982,17.88908,-0.017935,0.863179,0.067731,0.500013,-7.450789,112.370956,19.563892,0.115587,0.924357,-0.076194,0.355526,-9.444811,132.376282,21.563908,0.120123,0.949163,-0.241798,0.161844,-4.38332,145.851761,19.345346,-0.008751,0.818913,0.083068,0.567807,-11.580791,126.194527,18.126778,0.317154,-0.379072,0.284954,-0.821291,-18.459145,127.744415,0.081761,0.260521,-0.112827,-0.451656,-0.845817,-3.87322,108.962059,-11.633101,0.372568,0.003584,-0.620826,-0.68975,9.320788,125.385513,-21.558243,-0.126444,0.910594,0.090829,0.382858,-7.861701,125.920662,24.574127,0.325047,0.874589,0.064752,-0.353901,5.212837,129.034561,38.5275,-0.01765,0.321087,0.526246,-0.787183,19.48028,115.177032,21.001139,0.118903,0.068629,0.670505,-0.729092,13.896948,134.719604,9.670837,0.022593,0.83578,0.209618,0.506974,-9.155558,87.540718,9.222458,0.129055,0.944675,-0.025174,0.300501,-2.925681,55.064644,-4.083645,0.00942,0.919101,-0.091187,0.383211,-14.569608,11.655214,-5.432595,-0.14896,0.768811,0.040193,0.620584,0.233873,87.411148,25.322676,0.060736,-0.58155,0.097748,-0.80533,10.176359,53.46328,29.709944,0.024935,0.842079,-0.052144,0.536248,6.27366,9.690043,39.220577,0.00942,0.919101,-0.091187,0.383211,-5.27486,3.255435,-14.10178,0.024935,0.842079,-0.052144,0.536248,18.268885,2.07154,33.727272
364,3.033333,-0.033923,0.864669,0.066275,0.496794,-4.476979,87.479332,17.286463,-0.02619,0.863252,0.0704,0.499153,-5.428497,95.036415,17.90473,-0.017862,0.863203,0.067666,0.499982,-7.453575,112.372185,19.577469,0.115463,0.924529,-0.07554,0.355259,-9.443656,132.377975,21.576757,0.120432,0.949167,-0.242066,0.161192,-4.392582,145.859634,19.372053,-0.008719,0.81912,0.083027,0.567514,-11.581092,126.196465,18.140087,0.317903,-0.379084,0.284959,-0.820994,-18.472347,127.745453,0.099921,0.260881,-0.113502,-0.451279,-0.845817,-3.887038,108.952126,-11.598108,0.372245,0.003148,-0.620162,-0.690524,9.311912,125.345886,-21.549984,-0.126541,0.910642,0.090828,0.382713,-7.861508,125.922188,24.587133,0.325045,0.874614,0.064694,-0.353851,5.216372,129.040283,38.536434,-0.017618,0.321488,0.526189,-0.787058,19.485743,115.18116,21.012901,0.118781,0.069111,0.670563,-0.729013,13.910919,134.720795,9.66762,0.022664,0.835867,0.209668,0.506806,-9.174726,87.546295,9.238141,0.128908,0.944841,-0.024895,0.300063,-2.949907,55.071968,-4.074588,0.010748,0.9189,-0.090943,0.383714,-14.57472,11.657858,-5.437811,-0.14894,0.768764,0.040256,0.620643,0.220767,87.412376,25.334784,0.060629,-0.582161,0.09767,-0.804906,10.164565,53.464432,29.71851,0.024954,0.84204,-0.051953,0.536327,6.268888,9.688666,39.220387,0.010748,0.9189,-0.090943,0.383714,-5.286703,3.250261,-14.106631,0.024954,0.84204,-0.051953,0.536327,18.266495,2.074138,33.726772
365,3.041667,-0.033711,0.864712,0.065549,0.496829,-4.500333,87.472305,17.307844,-0.025896,0.863282,0.070206,0.499145,-5.443599,95.031067,17.918156,-0.017784,0.863218,0.067491,0.499983,-7.456572,112.369965,19.590401,0.115379,0.924554,-0.075534,0.355222,-9.440422,132.376831,21.58522,0.120579,0.949191,-0.241897,0.161194,-4.391696,145.859192,19.37953,-0.008761,0.819013,0.08271,0.567714,-11.579837,126.195206,18.149982,0.318371,-0.379095,0.285206,-0.820722,-18.462265,127.736595,0.105794,0.261115,-0.113617,-0.451402,-0.845664,-3.884886,108.92701,-11.575975,0.372532,0.002643,-0.620222,-0.690317,9.310694,125.323471,-21.540222,-0.126198,0.910734,0.090226,0.382749,-7.860214,125.921227,24.597021,0.325018,0.874671,0.064997,-0.35368,5.219964,129.036469,38.544804,-0.017315,0.321724,0.526106,-0.787023,19.496679,115.182724,21.023024,0.118848,0.069504,0.670705,-0.728835,13.924778,134.714478,9.66189,0.02268,0.835935,0.210016,0.506548,-9.197697,87.535973,9.259272,0.128776,0.945082,-0.024734,0.299374,-2.965232,55.072105,-4.07536,0.009547,0.91917,-0.091894,0.382872,-14.575805,11.654237,-5.440161,-0.149043,0.768829,0.040486,0.620523,0.197032,87.40863,25.356419,0.060541,-0.582408,0.097536,-0.80475,10.15705,53.464211,29.730602,0.025138,0.842033,-0.05171,0.536354,6.269179,9.685132,39.220387,0.009547,0.91917,-0.091894,0.382872,-5.293864,3.236441,-14.105588,0.025138,0.842033,-0.05171,0.536354,18.266899,2.07338,33.723171
366,3.05,-0.033518,0.864768,0.065319,0.496775,-4.517243,87.473824,17.324167,-0.025956,0.863367,0.070154,0.499001,-5.456181,95.033241,17.932989,-0.01746,0.863361,0.067015,0.499811,-7.468097,112.357887,19.601561,0.11519,0.924603,-0.075338,0.355198,-9.430636,132.367798,21.586821,0.120612,0.949201,-0.24169,0.16142,-4.388758,145.85321,19.384068,-0.00838,0.819126,0.082638,0.567568,-11.577948,126.186577,18.155819,0.318731,-0.378852,0.285429,-0.820617,-18.467062,127.737938,0.115041,0.261522,-0.114019,-0.451338,-0.845518,-3.886659,108.917114,-11.544828,0.372926,0.002184,-0.62013,-0.690189,9.30738,125.301064,-21.531975,-0.126734,0.910587,0.090701,0.382809,-7.855604,125.912178,24.601267,0.32493,0.874789,0.06505,-0.353458,5.217536,129.038361,38.553196,-0.017139,0.322279,0.525936,-0.786914,19.505619,115.186882,21.038879,0.118819,0.070089,0.670592,-0.728887,13.942104,134.707199,9.654809,0.022795,0.835924,0.210129,0.506515,-9.215847,87.538376,9.276327,0.128645,0.945194,-0.024529,0.299093,-2.986628,55.078255,-4.068939,0.010247,0.918889,-0.091084,0.38372,-14.581205,11.656443,-5.444151,-0.149058,0.768774,0.040686,0.620574,0.181359,87.409264,25.372007,0.060568,-0.582468,0.097461,-0.804714,10.150591,53.46632,29.73662,0.024809,0.842138,-0.051964,0.536179,6.270239,9.686208,39.22472,0.010247,0.918889,-0.091084,0.38372,-5.286984,3.250808,-14.108218,0.024809,0.842138,-0.051964,0.536179,18.267506,2.073485,33.727863
367,3.058333,-0.03335,0.86485,0.065103,0.496674,-4.534382,87.474289,17.341433,-0.025768,0.863445,0.069892,0.498912,-5.469399,95.034309,17.948803,-0.017377,0.86342,0.066953,0.499721,-7.470466,112.356712,19.61264,0.115347,0.924593,-0.075311,0.355179,-9.428672,132.367081,21.597672,0.120698,0.949177,-0.241727,0.16144,-4.383057,145.851456,19.397158,-0.008495,0.819225,0.082269,0.567477,-11.577953,126.186142,18.167356,0.318668,-0.37848,0.285622,-0.820746,-18.470978,127.725433,0.127034,0.26163,-0.114406,-0.45138,-0.845409,-3.881481,108.90181,-11.516913,0.37309,0.002097,-0.620125,-0.690105,9.307119,125.280365,-21.521851,-0.126547,0.91066,0.090404,0.382768,-7.854218,125.91124,24.61198,0.324893,0.874832,0.065243,-0.353351,5.22199,129.035706,38.56142,-0.016864,0.322568,0.525834,-0.78687,19.515358,115.188454,21.048079,0.118837,0.070658,0.670964,-0.728487,13.955155,134.701309,9.646502,0.022914,0.835945,0.210186,0.506451,-9.235079,87.539375,9.294816,0.128214,0.945409,-0.024253,0.298622,-3.011888,55.081367,-4.058403,0.008799,0.919244,-0.091159,0.382887,-14.563828,11.648377,-5.439584,-0.149078,0.768793,0.040867,0.620535,0.166315,87.409195,25.388046,0.060512,-0.5826,0.097355,-0.804635,10.144698,53.467716,29.743137,0.024978,0.842072,-0.051728,0.536297,6.270488,9.685138,39.222374,0.008799,0.919244,-0.091159,0.382887,-5.266894,3.255469,-14.113074,0.024978,0.842072,-0.051728,0.536297,18.269226,2.075271,33.724773
368,3.066667,-0.032754,0.864975,0.064731,0.496544,-4.557734,87.46801,17.353481,-0.025487,0.863513,0.069881,0.498811,-5.481987,95.029373,17.960648,-0.017206,0.863484,0.066741,0.499645,-7.474823,112.357925,19.629877,0.115528,0.924599,-0.075116,0.355144,-9.422627,132.369675,21.611147,0.120656,0.949192,-0.24175,0.161349,-4.374314,145.854141,19.417349,-0.008212,0.819609,0.081806,0.566993,-11.575714,126.189102,18.182575,0.31955,-0.378626,0.284673,-0.820665,-18.490215,127.72554,0.150235,0.262579,-0.114468,-0.451074,-0.84527,-3.877907,108.924248,-11.501201,0.373507,0.001784,-0.620164,-0.689845,9.304852,125.259689,-21.510353,-0.126641,0.910857,0.090924,0.382145,-7.850759,125.913681,24.626469,0.324934,0.874837,0.064685,-0.353404,5.242968,129.036926,38.559734,-0.017003,0.323073,0.525633,-0.786794,19.53297,115.177429,21.053331,0.119071,0.072054,0.670874,-0.728394,13.978055,134.683655,9.637595,0.022893,0.835669,0.210577,0.506745,-9.261569,87.539024,9.308752,0.128166,0.945295,-0.024221,0.299006,-3.018176,55.092655,-4.063319,0.008727,0.919167,-0.091483,0.382998,-14.564737,11.658433,-5.450601,-0.149265,0.76869,0.041117,0.620601,0.146102,87.396996,25.398211,0.060467,-0.582766,0.09737,-0.804516,10.144926,53.46096,29.748842,0.024724,0.842124,-0.051545,0.536245,6.269178,9.678167,39.226437,0.008727,0.919167,-0.091483,0.382998,-5.266502,3.258847,-14.116228,0.024724,0.842124,-0.051545,0.536245,18.271753,2.075993,33.726574
369,3.075,-0.032377,0.865073,0.064452,0.496433,-4.572936,87.473251,17.368071,-0.025281,0.863596,0.069734,0.498698,-5.490023,95.035538,17.974558,-0.017152,0.863553,0.066697,0.499533,-7.47302,112.357796,19.642525,0.115833,0.924575,-0.075173,0.355096,-9.417804,132.369858,21.623634,0.120465,0.949261,-0.241608,0.161301,-4.361242,145.851456,19.431246,-0.0081,0.819718,0.081696,0.566853,-11.572576,126.189438,18.195848,0.319309,-0.378558,0.28556,-0.820482,-18.493294,127.726532,0.165944,0.262488,-0.114814,-0.450856,-0.845368,-3.905058,108.895409,-11.467476,0.373729,0.00137,-0.620012,-0.689862,9.301247,125.24295,-21.499878,-0.126851,0.910871,0.090942,0.382037,-7.845934,125.913765,24.638758,0.325,0.874873,0.06469,-0.353252,5.248937,129.044601,38.569252,-0.016806,0.32362,0.525495,-0.786666,19.54233,115.181007,21.068853,0.118973,0.07271,0.670632,-0.728568,13.997169,134.676468,9.630169,0.022774,0.83573,0.210857,0.506533,-9.279275,87.547562,9.324835,0.128123,0.945518,-0.023999,0.298337,-3.021973,55.109234,-4.060213,0.009282,0.919089,-0.091779,0.3831,-14.559982,11.673045,-5.456998,-0.149321,0.768763,0.041267,0.620487,0.133402,87.398933,25.411308,0.060443,-0.582871,0.097292,-0.804451,10.142368,53.464973,29.754824,0.025546,0.842002,-0.050722,0.536477,6.272174,9.680554,39.2272,0.009282,0.919089,-0.091779,0.3831,-5.269097,3.260866,-14.118293,0.025546,0.842002,-0.050722,0.536477,18.274637,2.084917,33.718063
370,3.083333,-0.032507,0.865163,0.064444,0.496269,-4.581656,87.468536,17.383749,-0.025128,0.863707,0.069502,0.498547,-5.500288,95.030716,17.989326,-0.01699,0.863652,0.066663,0.499373,-7.474754,112.358215,19.653713,0.115852,0.924637,-0.075131,0.354937,-9.412816,132.370682,21.6373,0.120515,0.949302,-0.241486,0.161204,-4.356784,145.852524,19.445116,-0.008469,0.819567,0.082039,0.567017,-11.57078,126.191185,18.209841,0.318834,-0.378322,0.286119,-0.820581,-18.484045,127.724663,0.176769,0.262214,-0.115214,-0.450821,-0.845417,-3.903253,108.881287,-11.446115,0.373814,0.001146,-0.619885,-0.689931,9.300465,125.225304,-21.488535,-0.126746,0.910919,0.090934,0.381959,-7.841667,125.913872,24.651251,0.325105,0.874843,0.064894,-0.353194,5.256552,129.041611,38.579292,-0.016597,0.3239,0.525499,-0.786552,19.548515,115.177299,21.078304,0.118964,0.073285,0.670791,-0.728366,14.011216,134.669983,9.624335,0.022868,0.835827,0.211054,0.506287,-9.290886,87.540436,9.342182,0.128041,0.945602,-0.0239,0.298114,-3.035933,55.108334,-4.059063,0.009688,0.918906,-0.091154,0.383678,-14.564816,11.669824,-5.459336,-0.149312,0.768727,0.04141,0.620523,0.127573,87.396637,25.425316,0.06038,-0.582911,0.097261,-0.804431,10.142087,53.463322,29.761086,0.025684,0.841967,-0.050404,0.536556,6.271233,9.677664,39.227455,0.009688,0.918906,-0.091154,0.383678,-5.26415,3.268377,-14.120552,0.025684,0.841967,-0.050404,0.536556,18.275673,2.087126,33.715603
371,3.091667,-0.032047,0.86531,0.064104,0.496087,-4.598303,87.474274,17.398483,-0.025062,0.863788,0.069383,0.498426,-5.508159,95.037575,18.003279,-0.016828,0.863725,0.066563,0.499264,-7.47735,112.357071,19.664696,0.115823,0.924655,-0.075229,0.354877,-9.407501,132.3703,21.648294,0.120514,0.949334,-0.241294,0.161302,-4.351502,145.851608,19.452854,-0.008261,0.819721,0.081753,0.566838,-11.568694,126.191505,18.221601,0.318896,-0.378348,0.286245,-0.820501,-18.489962,127.724693,0.191575,0.262278,-0.115387,-0.450609,-0.845487,-3.914045,108.875359,-11.427778,0.373856,0.000932,-0.619555,-0.690205,9.296576,125.2099,-21.476034,-0.126688,0.910955,0.090845,0.381914,-7.837883,125.912987,24.661976,0.325216,0.874806,0.065024,-0.353158,5.262246,129.040359,38.58831,-0.016438,0.324203,0.52551,-0.786423,19.551697,115.173805,21.087032,0.118864,0.073756,0.670897,-0.728237,14.023878,134.662384,9.619556,0.022822,0.835885,0.211193,0.506135,-9.311446,87.550148,9.359245,0.127892,0.945697,-0.023743,0.297888,-3.051053,55.122089,-4.049239,0.006493,0.919286,-0.091974,0.382637,-14.563648,11.67948,-5.456065,-0.149365,0.768825,0.041536,0.620382,0.11484,87.398407,25.437719,0.060309,-0.583012,0.097206,-0.80437,10.138438,53.466965,29.767122,0.025479,0.841919,-0.050469,0.536633,6.268932,9.679577,39.226032,0.006493,0.919286,-0.091974,0.382637,-5.244773,3.291649,-14.110901,0.025479,0.841919,-0.050469,0.536633,18.276373,2.090559,33.718628
372,3.1,-0.031959,0.865432,0.064004,0.495892,-4.607888,87.472748,17.412979,-0.024961,0.863873,0.069226,0.498306,-5.515699,95.036331,18.01733,-0.016736,0.863791,0.066494,0.499163,-7.478729,112.355698,19.675966,0.11583,0.924689,-0.075356,0.354761,-9.404065,132.369415,21.659288,0.120567,0.949392,-0.241056,0.161275,-4.347143,145.849747,19.459843,-0.008183,0.819825,0.08172,0.566694,-11.567448,126.190971,18.23337,0.318907,-0.378329,0.286366,-0.820463,-18.495102,127.725426,0.205904,0.262279,-0.115639,-0.450432,-0.845546,-3.922124,108.871475,-11.409628,0.373838,0.00064,-0.619301,-0.690443,9.293048,125.197014,-21.465885,-0.126573,0.910997,0.090845,0.381853,-7.835086,125.91188,24.672821,0.325149,0.874834,0.064868,-0.35318,5.267956,129.035629,38.597221,-0.016357,0.324686,0.525285,-0.786376,19.55891,115.168854,21.097353,0.118202,0.073884,0.670968,-0.728266,14.034507,134.647736,9.6104,0.022744,0.836098,0.211322,0.505733,-9.32473,87.548798,9.375914,0.12779,0.945779,-0.023579,0.297685,-3.061476,55.124348,-4.039957,0.006347,0.919328,-0.091969,0.38254,-14.561534,11.678704,-5.455531,-0.149403,0.768847,0.041655,0.620336,0.108954,87.396698,25.450045,0.060266,-0.58308,0.097193,-0.804326,10.140038,53.466778,29.774029,0.025413,0.841974,-0.050443,0.536554,6.26996,9.678709,39.229534,0.006347,0.919328,-0.091969,0.38254,-5.242571,3.292426,-14.111775,0.025413,0.841974,-0.050443,0.536554,18.277334,2.091204,33.719898
373,3.108333,-0.031839,0.865518,0.063838,0.495772,-4.617913,87.472794,17.427967,-0.024812,0.863954,0.069142,0.498185,-5.522799,95.036819,18.031187,-0.016752,0.863863,0.066352,0.499057,-7.479072,112.351837,19.689705,0.115585,0.924742,-0.07563,0.354644,-9.401855,132.366302,21.667995,0.120829,0.949427,-0.240713,0.161388,-4.349129,145.846481,19.458052,-0.007712,0.820152,0.081378,0.566276,-11.566725,126.187134,18.244316,0.321195,-0.379238,0.285031,-0.819615,-18.512995,127.727631,0.224532,0.263577,-0.115081,-0.450127,-0.845381,-3.936072,108.883202,-11.401513,0.373661,0.000447,-0.619119,-0.690701,9.290499,125.184013,-21.452751,-0.126534,0.911031,0.090863,0.381778,-7.832795,125.909439,24.682919,0.325197,0.874829,0.064923,-0.353139,5.27284,129.031952,38.605152,-0.016036,0.324853,0.5255,-0.78617,19.563686,115.163971,21.106174,0.1186,0.073503,0.670987,-0.728222,14.054817,134.641022,9.608495,0.022727,0.836201,0.211442,0.505513,-9.337128,87.549065,9.392298,0.127714,0.945838,-0.023413,0.297543,-3.072009,55.128201,-4.031357,0.006159,0.919314,-0.092078,0.38255,-14.561519,11.680102,-5.457255,-0.149374,0.768842,0.041798,0.62034,0.101302,87.39653,25.463638,0.060249,-0.582999,0.097131,-0.804393,10.137049,53.466831,29.778576,0.025572,0.841918,-0.050208,0.536656,6.269553,9.67749,39.229263,0.006159,0.919314,-0.092078,0.38255,-5.240411,3.293276,-14.110659,0.025572,0.841918,-0.050208,0.536656,18.278301,2.092946,33.718544
374,3.116667,-0.031799,0.865654,0.063703,0.495554,-4.627906,87.473389,17.442513,-0.024427,0.864129,0.069086,0.497907,-5.531085,95.037712,18.044479,-0.016974,0.864022,0.066142,0.498802,-7.474586,112.356674,19.708958,0.115861,0.924736,-0.075909,0.35451,-9.400314,132.371964,21.676022,0.120823,0.949502,-0.240438,0.161361,-4.338348,145.847809,19.460806,-0.007562,0.820304,0.081144,0.566091,-11.565852,126.190254,18.257357,0.319946,-0.37874,0.285797,-0.820068,-18.520338,127.729752,0.240657,0.263142,-0.1155,-0.44993,-0.845564,-3.946569,108.878754,-11.378695,0.373951,0.000311,-0.619285,-0.690396,9.290796,125.181488,-21.441225,-0.126363,0.911064,0.090909,0.381747,-7.828252,125.917267,24.694031,0.325318,0.874767,0.065069,-0.353152,5.279974,129.03334,38.615269,-0.016118,0.325113,0.525315,-0.786184,19.566154,115.163551,21.11389,0.118043,0.074442,0.670989,-0.728216,14.056058,134.635956,9.608177,0.022685,0.836338,0.211602,0.505221,-9.351201,87.548714,9.40923,0.127628,0.945909,-0.023295,0.297364,-3.082442,55.132545,-4.024067,0.006054,0.919337,-0.092091,0.382494,-14.561951,11.68198,-5.455468,-0.149385,0.7689,0.041959,0.620256,0.095388,87.398056,25.475794,0.060197,-0.583097,0.097144,-0.804324,10.139229,53.469563,29.781288,0.025454,0.84192,-0.050229,0.536656,6.269211,9.679874,39.229328,0.006054,0.919337,-0.092091,0.382494,-5.240595,3.295913,-14.109341,0.025454,0.84192,-0.050229,0.536656,18.279202,2.096556,33.719631
375,3.125,-0.031345,0.865793,0.063418,0.495377,-4.643811,87.478615,17.458893,-0.024302,0.864229,0.068871,0.497769,-5.538728,95.04393,18.060757,-0.016863,0.864105,0.066134,0.498664,-7.473558,112.356224,19.720518,0.115974,0.92476,-0.075982,0.354395,-9.394926,132.371704,21.689899,0.12078,0.94955,-0.240304,0.161308,-4.329782,145.8461,19.47319,-0.007691,0.820119,0.081368,0.566325,-11.56276,126.190674,18.27145,0.319835,-0.379063,0.286105,-0.819854,-18.506903,127.731773,0.2509,0.262951,-0.115285,-0.449876,-0.845682,-3.955442,108.867386,-11.374663,0.374011,0.00018,-0.619224,-0.690418,9.287846,125.175774,-21.425713,-0.1264,0.911108,0.090999,0.381609,-7.823039,125.916466,24.706841,0.325461,0.874719,0.065424,-0.353075,5.288928,129.033203,38.624409,-0.015864,0.325118,0.525347,-0.786166,19.573059,115.164009,21.120903,0.117969,0.074665,0.671245,-0.727969,14.064293,134.634583,9.608337,0.022553,0.836442,0.211761,0.504989,-9.370895,87.55835,9.427883,0.127547,0.946074,-0.023057,0.296892,-3.092203,55.146526,-4.011263,0.006127,0.91933,-0.092351,0.382448,-14.559317,11.693105,-5.455005,-0.149384,0.768863,0.042188,0.620285,0.083273,87.398872,25.489902,0.060214,-0.583095,0.097112,-0.804328,10.136889,53.471745,29.783279,0.02529,0.841959,-0.05034,0.536593,6.269979,9.681693,39.230896,0.006127,0.91933,-0.092351,0.382448,-5.241429,3.300208,-14.105992,0.02529,0.841959,-0.05034,0.536593,18.280197,2.09825,33.721863
376,3.133333,-0.031289,0.865913,0.063298,0.495186,-4.649804,87.479744,17.474451,-0.024202,0.864317,0.068748,0.497639,-5.542942,95.045349,18.075356,-0.016714,0.864178,0.066104,0.498546,-7.47209,112.355972,19.733204,0.116205,0.924786,-0.075956,0.354256,-9.387369,132.371826,21.70479,0.120633,0.949624,-0.240228,0.161097,-4.317046,145.84462,19.490252,-0.007677,0.820198,0.081311,0.56622,-11.557913,126.191666,18.286476,0.319609,-0.379126,0.286226,-0.819871,-18.506702,127.731613,0.267617,0.262952,-0.115172,-0.449843,-0.845715,-3.961463,108.865181,-11.362415,0.374247,0.000169,-0.619475,-0.690066,9.286557,125.176933,-21.410439,-0.126392,0.91113,0.090912,0.381578,-7.816367,125.915909,24.720739,0.325579,0.874626,0.065372,-0.353206,5.296587,129.033875,38.6371,-0.015616,0.325199,0.525684,-0.785912,19.571741,115.160286,21.129747,0.118491,0.074265,0.671254,-0.727916,14.082399,134.631561,9.613223,0.022536,0.836539,0.211999,0.504729,-9.380492,87.558975,9.44556,0.127516,0.946213,-0.023062,0.296459,-3.096308,55.154301,-4.008248,0.007705,0.919198,-0.092041,0.38281,-14.561653,11.70019,-5.445436,-0.149405,0.769035,0.042361,0.620055,0.080885,87.400513,25.50334,0.060147,-0.583161,0.097166,-0.804279,10.14442,53.474854,29.7852,0.025305,0.84195,-0.050378,0.536603,6.270908,9.68501,39.231106,0.007705,0.919198,-0.092041,0.38281,-5.256401,3.298212,-14.101209,0.025305,0.84195,-0.050378,0.536603,18.280773,2.100504,33.722763
377,3.141667,-0.031252,0.866037,0.063318,0.494969,-4.652239,87.48056,17.48683,-0.024446,0.864351,0.068566,0.497593,-5.544884,95.046158,18.088493,-0.016256,0.864201,0.066295,0.498495,-7.47769,112.353004,19.736322,0.11615,0.924842,-0.076059,0.354106,-9.380716,132.368439,21.7239,0.120589,0.949666,-0.240138,0.161019,-4.311423,145.840927,19.505068,-0.00748,0.820388,0.081152,0.56597,-11.55554,126.192245,18.301138,0.319517,-0.379165,0.286205,-0.819896,-18.5154,127.7341,0.286712,0.263021,-0.115179,-0.449714,-0.845761,-3.971067,108.869385,-11.347249,0.374389,0.000177,-0.619398,-0.690057,9.281857,125.176094,-21.395367,-0.126227,0.911226,0.090808,0.38143,-7.81302,125.909233,24.73452,0.325685,0.874564,0.065756,-0.353191,5.305935,129.023895,38.645969,-0.015601,0.325128,0.525776,-0.785881,19.577976,115.153587,21.133467,0.118455,0.074532,0.67124,-0.727908,14.090588,134.628571,9.618904,0.022456,0.836888,0.211885,0.504202,-9.386965,87.560234,9.46032,0.127446,0.946228,-0.022695,0.29647,-3.110619,55.151855,-3.98821,0.005873,0.919338,-0.092338,0.382435,-14.560453,11.69464,-5.454862,-0.149405,0.76925,0.042611,0.619772,0.082487,87.400879,25.51334,0.060091,-0.58322,0.097326,-0.804221,10.158502,53.476738,29.777802,0.025317,0.841899,-0.050354,0.536683,6.271344,9.689093,39.228268,0.005873,0.919338,-0.092338,0.382435,-5.239236,3.304705,-14.105141,0.025317,0.841899,-0.050354,0.536683,18.282356,2.104975,33.721889
378,3.15,-0.031153,0.866171,0.063262,0.494748,-4.657538,87.480804,17.500261,-0.024379,0.864444,0.06848,0.497447,-5.548314,95.0466,18.102173,-0.01615,0.864281,0.066269,0.498364,-7.477106,112.351868,19.748718,0.116183,0.924871,-0.076109,0.354009,-9.375607,132.367584,21.737818,0.120525,0.949699,-0.240055,0.160998,-4.305347,145.839447,19.517368,-0.007324,0.820474,0.081079,0.565857,-11.552727,126.191971,18.315472,0.319282,-0.379594,0.28602,-0.819854,-18.517628,127.736839,0.303249,0.262767,-0.114775,-0.449584,-0.845964,-3.984953,108.878258,-11.355187,0.374997,-0.000801,-0.618723,-0.690332,9.282233,125.195824,-21.384901,-0.126201,0.911241,0.09093,0.381373,-7.808202,125.907936,24.747643,0.325952,0.87445,0.06625,-0.353135,5.312703,129.020157,38.657803,-0.015493,0.32513,0.525928,-0.78578,19.577631,115.148521,21.14056,0.118301,0.074811,0.671127,-0.728009,14.098445,134.622452,9.626408,0.022457,0.836819,0.212136,0.50421,-9.396458,87.561226,9.476234,0.127388,0.946392,-0.022689,0.295971,-3.110956,55.160427,-3.986293,0.005772,0.91943,-0.092613,0.382149,-14.556562,11.701855,-5.445864,-0.149556,0.769618,0.042635,0.619277,0.081382,87.400391,25.524288,0.059881,-0.583757,0.097367,-0.803842,10.169174,53.479622,29.787735,0.026258,0.841873,-0.050067,0.536707,6.27424,9.690431,39.227829,0.005772,0.91943,-0.092613,0.382149,-5.241334,3.306337,-14.097178,0.026258,0.841873,-0.050067,0.536707,18.276548,2.099201,33.712273
379,3.158333,-0.03265,0.866102,0.063595,0.494729,-4.627962,87.45826,17.518003,-0.024356,0.864487,0.068487,0.497372,-5.541014,95.02195,18.112947,-0.01611,0.864326,0.066212,0.498295,-7.471654,112.350395,19.762463,0.116206,0.924882,-0.076172,0.353959,-9.367466,132.366455,21.750547,0.120401,0.949732,-0.239999,0.160976,-4.296231,145.837662,19.528357,-0.007221,0.820617,0.081035,0.565658,-11.545886,126.19088,18.328978,0.319173,-0.379776,0.286023,-0.819811,-18.519569,127.737366,0.3203,0.262487,-0.114917,-0.449427,-0.846115,-3.99431,108.878418,-11.346798,0.374596,-0.00069,-0.61822,-0.691,9.275949,125.190262,-21.373644,-0.126168,0.911253,0.090925,0.381355,-7.800316,125.906822,24.760538,0.326149,0.874353,0.066406,-0.353164,5.321427,129.018097,38.670113,-0.015549,0.325247,0.526003,-0.78568,19.578453,115.141998,21.14996,0.11801,0.075096,0.670982,-0.728161,14.106729,134.61644,9.634885,0.022686,0.837415,0.212338,0.503125,-9.365461,87.517601,9.492958,0.127519,0.946376,-0.022849,0.295956,-3.103726,55.123657,-3.997113,0.005011,0.919478,-0.091855,0.382228,-14.564498,11.668741,-5.446445,-0.149203,0.769893,0.042576,0.619024,0.109539,87.398918,25.543049,0.059734,-0.584198,0.097476,-0.803519,10.17749,53.470261,29.790602,0.026081,0.841899,-0.049797,0.5367,6.272128,9.681392,39.227886,0.005011,0.919478,-0.091855,0.382228,-5.232762,3.298913,-14.104852,0.026081,0.841899,-0.049797,0.5367,18.278652,2.098687,33.709797
380,3.166667,-0.030924,0.866401,0.062776,0.494421,-4.673026,87.484138,17.531448,-0.024067,0.864601,0.068197,0.497227,-5.556876,95.051094,18.129038,-0.015977,0.864391,0.066291,0.498175,-7.470049,112.350677,19.772301,0.116194,0.924934,-0.076232,0.353815,-9.362515,132.366486,21.766066,0.120416,0.949759,-0.239946,0.160883,-4.29158,145.837372,19.541225,-0.007056,0.820716,0.080982,0.565524,-11.542788,126.192093,18.343552,0.319089,-0.379882,0.286011,-0.819798,-18.52243,127.742218,0.337493,0.262268,-0.115073,-0.449354,-0.8462,-4.001091,108.883873,-11.335438,0.374318,-0.000756,-0.617976,-0.691369,9.269992,125.193237,-21.362986,-0.125936,0.911149,0.090353,0.381816,-7.795379,125.905884,24.773943,0.326182,0.874389,0.067036,-0.352923,5.314992,129.015289,38.694649,-0.015208,0.325451,0.526015,-0.785594,19.579868,115.147987,21.173939,0.118005,0.075313,0.670871,-0.728241,14.115551,134.613449,9.645712,0.022413,0.837044,0.212211,0.503807,-9.41825,87.563271,9.511138,0.127306,0.946374,-0.022177,0.296105,-3.133879,55.1646,-3.957052,0.005554,0.919348,-0.092759,0.382313,-14.558855,11.702066,-5.459623,-0.149467,0.769983,0.042907,0.618825,0.072198,87.405006,25.55176,0.059732,-0.584439,0.09738,-0.803356,10.169617,53.483986,29.790348,0.026104,0.841854,-0.050222,0.53673,6.273838,9.693414,39.223717,0.005554,0.919348,-0.092759,0.382313,-5.238165,3.305617,-14.104141,0.026104,0.841854,-0.050222,0.53673,18.277058,2.10095,33.711857
381,3.175,-0.030851,0.866529,0.063192,0.494149,-4.666062,87.47998,17.530621,-0.024087,0.864712,0.068258,0.497025,-5.551892,95.046204,18.134508,-0.015835,0.864509,0.066215,0.497986,-7.466479,112.346695,19.779833,0.116179,0.925018,-0.076072,0.353635,-9.352035,132.363098,21.774233,0.120374,0.949822,-0.239816,0.160735,-4.283678,145.835419,19.552166,-0.006727,0.820878,0.081142,0.56527,-11.535732,126.189316,18.352798,0.31897,-0.379936,0.286312,-0.819715,-18.526667,127.752594,0.35226,0.26203,-0.115542,-0.449012,-0.846392,-4.016651,108.883919,-11.318069,0.373054,0.000378,-0.617992,-0.692038,9.254888,125.168488,-21.34927,-0.125798,0.911111,0.09034,0.381955,-7.785445,125.902054,24.781466,0.326044,0.874504,0.067691,-0.352641,5.322148,129.006119,38.705982,-0.015122,0.325298,0.525734,-0.785847,19.602388,115.15448,21.185408,0.117702,0.075674,0.670857,-0.728266,14.120802,134.610458,9.658997,0.022464,0.837142,0.212123,0.503679,-9.416374,87.563713,9.51337,0.127266,0.946382,-0.022086,0.296103,-3.140283,55.16256,-3.95271,0.005433,0.919335,-0.092748,0.38235,-14.559591,11.698771,-5.46191,-0.149396,0.769908,0.042715,0.618949,0.084252,87.396248,25.547871,0.059732,-0.58445,0.09739,-0.803347,10.168859,53.472542,29.795465,0.026044,0.841913,-0.049835,0.536676,6.272523,9.682155,39.229431,0.005433,0.919335,-0.092748,0.38235,-5.236425,3.303876,-14.105268,0.026044,0.841913,-0.049835,0.536676,18.278873,2.099156,33.711361
382,3.183333,-0.030831,0.866646,0.063176,0.493946,-4.665791,87.479996,17.539974,-0.024049,0.864793,0.068232,0.49689,-5.55109,95.046272,18.144024,-0.015732,0.864574,0.066278,0.497867,-7.464048,112.348869,19.789694,0.116229,0.925087,-0.07611,0.353428,-9.347004,132.365067,21.788649,0.120413,0.949894,-0.239672,0.160499,-4.2778,145.836746,19.564697,-0.006523,0.820963,0.081077,0.565158,-11.532309,126.192184,18.3666,0.319026,-0.379999,0.286315,-0.819663,-18.528271,127.760147,0.368419,0.262093,-0.115663,-0.449059,-0.846331,-4.020873,108.889938,-11.302688,0.373032,0.000464,-0.61825,-0.691819,9.252551,125.179611,-21.344128,-0.125746,0.91115,0.090378,0.381872,-7.780206,125.903252,24.794136,0.326128,0.874485,0.067743,-0.352602,5.330361,129.005371,38.716293,-0.015281,0.325319,0.525769,-0.785813,19.609159,115.151009,21.196678,0.11773,0.076052,0.670658,-0.728405,14.130009,134.60936,9.674201,0.022488,0.837223,0.212212,0.503505,-9.41987,87.563614,9.524954,0.127246,0.94641,-0.022016,0.296028,-3.144784,55.165218,-3.948225,0.005697,0.919291,-0.092709,0.382461,-14.560715,11.700696,-5.461913,-0.149379,0.770267,0.042829,0.618499,0.088288,87.396378,25.554996,0.059672,-0.584525,0.097486,-0.803285,10.179488,53.473019,29.789665,0.025538,0.841919,-0.050371,0.536641,6.273953,9.683668,39.224648,0.005697,0.919291,-0.092709,0.382461,-5.238741,3.304015,-14.104827,0.025538,0.841919,-0.050371,0.536641,18.281591,2.095989,33.71582
383,3.191667,-0.030875,0.86674,0.063216,0.493774,-4.662873,87.479546,17.549538,-0.02397,0.864845,0.06829,0.496795,-5.548932,95.0457,18.15395,-0.015701,0.864603,0.066411,0.4978,-7.460994,112.354317,19.803535,0.11639,0.925112,-0.076254,0.35328,-9.34537,132.369843,21.807882,0.120368,0.949949,-0.239627,0.160274,-4.27122,145.839157,19.58086,-0.006447,0.821003,0.080994,0.565113,-11.530666,126.197647,18.384596,0.318901,-0.380269,0.286217,-0.81962,-18.528629,127.766052,0.387232,0.261945,-0.115626,-0.449048,-0.846387,-4.029144,108.898689,-11.298306,0.373002,0.000341,-0.618388,-0.691712,9.246866,125.192558,-21.33671,-0.125683,0.911243,0.090422,0.381659,-7.777557,125.907394,24.811481,0.326114,0.874539,0.067865,-0.352457,5.339937,129.007843,38.727482,-0.015673,0.325619,0.525521,-0.785846,19.624619,115.154961,21.211498,0.117083,0.076754,0.669939,-0.729097,14.142832,134.609802,9.68783,0.022592,0.837369,0.212261,0.503237,-9.42007,87.562561,9.536364,0.127184,0.946449,-0.021961,0.295934,-3.153729,55.165981,-3.945228,0.00551,0.919308,-0.092673,0.382431,-14.563099,11.699799,-5.46078,-0.149231,0.770325,0.04287,0.618459,0.094324,87.39653,25.562712,0.059665,-0.584531,0.097516,-0.803277,10.179663,53.470253,29.788,0.025378,0.841921,-0.050288,0.536652,6.271693,9.681359,39.224087,0.00551,0.919308,-0.092673,0.382431,-5.238935,3.305907,-14.104035,0.025378,0.841921,-0.050288,0.536652,18.28208,2.097831,33.715546
384,3.2,-0.030815,0.866897,0.063184,0.493506,-4.661777,87.478996,17.557043,-0.023937,0.864989,0.068297,0.496544,-5.546618,95.045265,18.161772,-0.015583,0.864755,0.066291,0.497556,-7.456768,112.349022,19.812229,0.116459,0.925219,-0.075986,0.353035,-9.334034,132.365341,21.815313,0.120268,0.950035,-0.239541,0.159969,-4.261571,145.836288,19.594315,-0.006281,0.821112,0.081273,0.564917,-11.523162,126.19339,18.394033,0.318717,-0.38039,0.286288,-0.819611,-18.5298,127.772537,0.400983,0.261651,-0.115913,-0.449007,-0.846461,-4.037322,108.903908,-11.291205,0.372731,0.000185,-0.618255,-0.691977,9.236034,125.194183,-21.333712,-0.125787,0.911229,0.090583,0.38162,-7.766381,125.902794,24.81876,0.326378,0.874417,0.067862,-0.352515,5.351253,129.004593,38.734329,-0.016072,0.325473,0.52573,-0.785759,19.624632,115.141716,21.217039,0.116994,0.077171,0.669899,-0.729103,14.148402,134.608841,9.709423,0.022516,0.837463,0.212369,0.50304,-9.423977,87.562286,9.546841,0.127245,0.946558,-0.021864,0.295564,-3.152361,55.168732,-3.939579,0.005388,0.919297,-0.092758,0.382439,-14.564878,11.703563,-5.460564,-0.149152,0.770387,0.042917,0.618397,0.100424,87.395706,25.567245,0.059687,-0.584583,0.097592,-0.803228,10.183984,53.468048,29.785664,0.025623,0.841972,-0.050137,0.536575,6.272376,9.680724,39.227531,0.005388,0.919297,-0.092758,0.382439,-5.23937,3.308994,-14.10172,0.025623,0.841972,-0.050137,0.536575,18.279982,2.097014,33.713177
385,3.208333,-0.030812,0.866993,0.06319,0.493336,-4.65947,87.477066,17.562466,-0.023485,0.86513,0.06856,0.496284,-5.544202,95.043327,18.167469,-0.015842,0.864892,0.066084,0.497336,-7.445348,112.351868,19.83481,0.116582,0.925297,-0.075851,0.352819,-9.327024,132.368973,21.825939,0.120262,0.950103,-0.239507,0.159617,-4.253467,145.840042,19.608248,-0.006244,0.821225,0.081278,0.564752,-11.516123,126.194237,18.409662,0.318475,-0.380512,0.286206,-0.819677,-18.529989,127.774132,0.419493,0.261425,-0.116123,-0.449055,-0.846476,-4.039985,108.910858,-11.284409,0.372647,6.8e-05,-0.618356,-0.691932,9.228662,125.201508,-21.330812,-0.125501,0.911243,0.090445,0.381714,-7.756212,125.908768,24.832788,0.326562,0.874363,0.068221,-0.35241,5.361413,129.002274,38.750214,-0.01634,0.325475,0.525715,-0.785763,19.632353,115.138115,21.231947,0.116421,0.077749,0.669832,-0.729196,14.155741,134.60788,9.731357,0.022604,0.837532,0.212396,0.502909,-9.42479,87.560204,9.554117,0.127139,0.9466,-0.021771,0.295482,-3.159532,55.167759,-3.937929,0.005407,0.919341,-0.09279,0.382326,-14.560872,11.699804,-5.46302,-0.149057,0.770798,0.042845,0.617914,0.105851,87.393929,25.570812,0.059699,-0.584725,0.097619,-0.803121,10.183881,53.46381,29.782612,0.025394,0.842022,-0.050278,0.536495,6.272704,9.677073,39.227383,0.005407,0.919341,-0.09279,0.382326,-5.238075,3.304179,-14.106068,0.025394,0.842022,-0.050278,0.536495,18.28083,2.093488,33.713985
386,3.216667,-0.030765,0.867103,0.063197,0.493145,-4.658066,87.475098,17.567249,-0.023605,0.865158,0.068562,0.496229,-5.542098,95.041389,18.172894,-0.015484,0.864913,0.066237,0.497291,-7.446455,112.346626,19.838003,0.116578,0.92538,-0.075876,0.352597,-9.318568,132.363358,21.841774,0.120183,0.950189,-0.239403,0.159319,-4.245744,145.834335,19.621859,-0.00614,0.821296,0.08131,0.564645,-11.511042,126.19175,18.42202,0.318337,-0.380695,0.286187,-0.819652,-18.529654,127.775276,0.434023,0.260992,-0.116512,-0.449043,-0.846563,-4.04643,108.912933,-11.279751,0.372204,-0.000175,-0.617972,-0.692513,9.216112,125.199547,-21.330933,-0.125604,0.91124,0.09042,0.381693,-7.750291,125.900581,24.844397,0.326405,0.874552,0.068516,-0.352028,5.366959,128.998154,38.761269,-0.016649,0.325492,0.525296,-0.786029,19.657578,115.142105,21.252623,0.115725,0.078443,0.669862,-0.729205,14.161736,134.605072,9.756178,0.022591,0.83757,0.212524,0.502792,-9.426957,87.558769,9.561033,0.127173,0.946593,-0.021799,0.295489,-3.158162,55.170177,-3.938598,0.005567,0.919276,-0.092788,0.382481,-14.563137,11.703134,-5.462303,-0.149035,0.770702,0.042956,0.618031,0.110824,87.391426,25.573465,0.059602,-0.585021,0.097721,-0.8029,10.191865,53.461502,29.779682,0.025619,0.841956,-0.050159,0.536598,6.271709,9.675527,39.224258,0.005567,0.919276,-0.092788,0.382481,-5.239423,3.306015,-14.10291,0.025619,0.841956,-0.050159,0.536598,18.279503,2.091393,33.710884
387,3.225,-0.030707,0.867232,0.063237,0.492917,-4.656779,87.474472,17.570963,-0.02355,0.865232,0.06865,0.49609,-5.540179,95.040741,18.177797,-0.015385,0.864975,0.066275,0.497182,-7.444129,112.345741,19.846849,0.116673,0.925481,-0.075867,0.352301,-9.313294,132.362396,21.854158,0.120241,0.950307,-0.239208,0.158868,-4.239242,145.832794,19.63345,-0.006053,0.821327,0.081406,0.564587,-11.507418,126.191582,18.434044,0.318175,-0.380828,0.286132,-0.819673,-18.528585,127.779816,0.447461,0.260834,-0.116522,-0.449258,-0.846496,-4.049051,108.920586,-11.275875,0.372206,-0.00024,-0.618513,-0.692029,9.207286,125.218521,-21.328554,-0.124809,0.911387,0.089491,0.381822,-7.745005,125.898972,24.855383,0.326391,0.874625,0.068951,-0.351775,5.376162,128.982452,38.77169,-0.017271,0.3255,0.52508,-0.786157,19.676725,115.133026,21.265934,0.114727,0.079297,0.66986,-0.729272,14.169952,134.602783,9.781022,0.022601,0.837692,0.212509,0.502595,-9.429914,87.559097,9.567287,0.127251,0.946699,-0.02176,0.295118,-3.165478,55.170059,-3.9333,0.005315,0.919222,-0.092791,0.382614,-14.576481,11.704627,-5.457894,-0.149059,0.771202,0.042843,0.617409,0.116355,87.389847,25.57464,0.059562,-0.585067,0.097769,-0.802864,10.197149,53.45974,29.780006,0.025569,0.841964,-0.050163,0.536588,6.271976,9.67417,39.2244,0.005315,0.919222,-0.092791,0.382614,-5.246633,3.310225,-14.094517,0.025569,0.841964,-0.050163,0.536588,18.280188,2.090643,33.711117
388,3.233333,-0.032452,0.867122,0.063657,0.492945,-4.618431,87.453606,17.585846,-0.023655,0.865264,0.068695,0.496024,-5.528094,95.017372,18.184984,-0.015339,0.865017,0.066396,0.497094,-7.438465,112.345627,19.855974,0.11687,0.92552,-0.076004,0.352104,-9.308265,132.361679,21.868629,0.120129,0.950409,-0.239059,0.158566,-4.228597,145.829498,19.645088,-0.005998,0.821377,0.081454,0.564507,-11.502762,126.191589,18.44743,0.318198,-0.38111,0.285987,-0.819583,-18.527451,127.782356,0.462444,0.260531,-0.116655,-0.44939,-0.846501,-4.054925,108.925537,-11.273424,0.371908,-0.000568,-0.618626,-0.692088,9.195556,125.230232,-21.327459,-0.125499,0.911248,0.090328,0.381731,-7.739027,125.897598,24.867931,0.326567,0.874687,0.068869,-0.351474,5.378114,128.992706,38.785458,-0.017689,0.325804,0.525036,-0.786051,19.683815,115.131424,21.293285,0.114344,0.080029,0.669593,-0.729497,14.184488,134.602158,9.809895,0.022941,0.838147,0.212844,0.501679,-9.389007,87.513992,9.580426,0.127497,0.946541,-0.022175,0.295489,-3.147459,55.136227,-3.957771,0.004662,0.919191,-0.092193,0.38284,-14.589387,11.678079,-5.458176,-0.148648,0.771536,0.042756,0.617096,0.152145,87.393219,25.591267,0.059513,-0.58506,0.097892,-0.802858,10.209141,53.45388,29.778999,0.025335,0.842027,-0.050157,0.5365,6.272553,9.669948,39.226212,0.004662,0.919191,-0.092193,0.38284,-5.242492,3.304668,-14.096747,0.025335,0.842027,-0.050157,0.5365,18.282446,2.089906,33.711792
389,3.241667,-0.032358,0.867247,0.064239,0.492654,-4.60736,87.446648,17.571842,-0.023588,0.865291,0.069296,0.495897,-5.51994,95.009377,18.17967,-0.015205,0.865043,0.066442,0.497046,-7.440003,112.348869,19.871569,0.117132,0.925571,-0.076137,0.351853,-9.305932,132.364838,21.888588,0.120089,0.950507,-0.239009,0.15808,-4.219207,145.82959,19.662624,-0.006091,0.821315,0.081491,0.564592,-11.501985,126.195862,18.466404,0.31803,-0.381455,0.28594,-0.819505,-18.52294,127.784767,0.479797,0.260277,-0.116684,-0.449606,-0.84646,-4.062922,108.928802,-11.27283,0.371775,-0.000507,-0.619174,-0.69167,9.17947,125.243721,-21.326092,-0.1254,0.911331,0.090254,0.381582,-7.737473,125.899849,24.886354,0.326451,0.874792,0.068277,-0.351436,5.385037,128.9935,38.799141,-0.018566,0.32632,0.524781,-0.785987,19.696178,115.124603,21.317451,0.113548,0.080916,0.669213,-0.729872,14.199805,134.599136,9.836784,0.022998,0.83808,0.2127,0.501849,-9.383389,87.513474,9.569726,0.127393,0.946655,-0.022217,0.295164,-3.14772,55.131519,-3.961127,0.004708,0.919308,-0.091942,0.382619,-14.582592,11.671162,-5.451246,-0.148713,0.771648,0.042521,0.616956,0.168669,87.379822,25.573959,0.059429,-0.585294,0.098065,-0.802672,10.219677,53.44043,29.775658,0.025344,0.842005,-0.049769,0.536571,6.269069,9.658655,39.227058,0.004708,0.919308,-0.091942,0.382619,-5.239314,3.302889,-14.0987,0.025344,0.842005,-0.049769,0.536571,18.282955,2.087127,33.709644
390,3.25,-0.032307,0.86734,0.064372,0.492478,-4.603111,87.444534,17.571787,-0.023159,0.865423,0.069471,0.495662,-5.515889,95.00705,18.18194,-0.015453,0.865161,0.066355,0.496845,-7.425809,112.34906,19.887409,0.117516,0.925641,-0.076,0.351572,-9.298187,132.365189,21.89686,0.119989,0.950636,-0.238932,0.157499,-4.203907,145.828003,19.676533,-0.005989,0.821387,0.081604,0.564472,-11.493451,126.193977,18.478195,0.318037,-0.381861,0.285895,-0.819328,-18.519684,127.788185,0.49412,0.259993,-0.116716,-0.449696,-0.846496,-4.074738,108.929825,-11.273207,0.371467,-0.000727,-0.61948,-0.691561,9.163798,125.250458,-21.323215,-0.125465,0.911261,0.09029,0.38172,-7.726082,125.902031,24.896656,0.326528,0.874878,0.068227,-0.351159,5.391732,128.996597,38.813663,-0.019162,0.326747,0.524562,-0.785941,19.710491,115.120697,21.343794,0.112656,0.081838,0.668844,-0.730246,14.216466,134.595245,9.862747,0.022932,0.838264,0.212719,0.501535,-9.382442,87.513145,9.571655,0.127398,0.946689,-0.022199,0.295055,-3.147219,55.131565,-3.960322,0.004778,0.919321,-0.091908,0.382596,-14.582194,11.671246,-5.450787,-0.148809,0.771809,0.042623,0.616726,0.17622,87.375923,25.571918,0.059527,-0.585663,0.098365,-0.802359,10.237967,53.439182,29.769302,0.025211,0.842335,-0.050071,0.53603,6.275626,9.663761,39.245163,0.004778,0.919321,-0.091908,0.382596,-5.240139,3.302989,-14.099583,0.025211,0.842335,-0.050071,0.53603,18.281321,2.087313,33.716671
391,3.258333,-0.030701,0.867583,0.063772,0.492231,-4.63717,87.46582,17.575703,-0.022986,0.865529,0.069456,0.495487,-5.524024,95.031052,18.19034,-0.015261,0.865262,0.066325,0.496679,-7.424892,112.34417,19.895836,0.117724,0.925723,-0.075943,0.351298,-9.289576,132.360703,21.908472,0.119883,0.950737,-0.238863,0.15707,-4.19149,145.822388,19.689899,-0.005837,0.82145,0.081681,0.564371,-11.488362,126.190651,18.489965,0.317956,-0.382068,0.285901,-0.819261,-18.519085,127.791061,0.508197,0.259743,-0.116863,-0.449809,-0.846492,-4.082736,108.93161,-11.267933,0.37124,-0.000903,-0.619773,-0.69142,9.149109,125.255882,-21.319643,-0.125522,0.911231,0.090286,0.381774,-7.718454,125.896645,24.906843,0.326456,0.875007,0.067865,-0.350976,5.39719,128.992935,38.825504,-0.019846,0.327058,0.524316,-0.78596,19.725267,115.110764,21.368258,0.112022,0.082709,0.668817,-0.73027,14.228662,134.587402,9.892067,0.022704,0.838023,0.21253,0.502029,-9.42292,87.554436,9.579607,0.127107,0.946806,-0.021689,0.29484,-3.172938,55.166374,-3.930022,0.0055,0.919294,-0.092596,0.382485,-14.570493,11.697372,-5.453464,-0.148773,0.771309,0.042981,0.617335,0.14858,87.377197,25.571796,0.059606,-0.585307,0.098194,-0.802634,10.220617,53.441872,29.755873,0.025805,0.842015,-0.049647,0.536544,6.270406,9.664276,39.226746,0.0055,0.919294,-0.092596,0.382485,-5.244646,3.305422,-14.096789,0.025805,0.842015,-0.049647,0.536544,18.279354,2.088835,33.70396
392,3.266667,-0.030732,0.867671,0.06392,0.492053,-4.62961,87.462944,17.573963,-0.022956,0.865583,0.06972,0.495357,-5.517851,95.027863,18.1905,-0.01516,0.865322,0.066315,0.496579,-7.42223,112.341034,19.904892,0.117943,0.925798,-0.075896,0.351037,-9.282945,132.357758,21.919424,0.119856,0.950829,-0.238837,0.156576,-4.180645,145.818115,19.702595,-0.00565,0.821503,0.081635,0.564303,-11.483642,126.188324,18.501015,0.317245,-0.381982,0.28635,-0.81942,-18.517447,127.793442,0.520873,0.259244,-0.117144,-0.449971,-0.84652,-4.091247,108.927917,-11.25795,0.371219,-0.001034,-0.62018,-0.691066,9.132621,125.260773,-21.313793,-0.125486,0.91118,0.090222,0.381921,-7.712211,125.893196,24.916943,0.326395,0.87518,0.068127,-0.350549,5.399447,128.988449,38.839592,-0.020402,0.327479,0.523939,-0.786021,19.745539,115.109444,21.394623,0.111023,0.083878,0.668501,-0.730579,14.243812,134.581177,9.916178,0.022706,0.83812,0.212492,0.501883,-9.418578,87.55217,9.579803,0.12713,0.946818,-0.021643,0.294796,-3.1725,55.162941,-3.928853,0.005467,0.919278,-0.092591,0.382525,-14.570895,11.694304,-5.456316,-0.148771,0.771139,0.043049,0.617542,0.159359,87.373718,25.568121,0.059499,-0.585585,0.098311,-0.802425,10.233155,53.438782,29.751106,0.025259,0.842045,-0.050311,0.536462,6.272246,9.662109,39.221741,0.005467,0.919278,-0.092591,0.382525,-5.243772,3.302845,-14.098738,0.025259,0.842045,-0.050311,0.536462,18.281281,2.079719,33.708691
393,3.275,-0.030706,0.867764,0.064081,0.491871,-4.62361,87.459145,17.571548,-0.022832,0.865641,0.069988,0.495223,-5.512578,95.023773,18.190588,-0.015012,0.865385,0.066281,0.496478,-7.417789,112.337708,19.915688,0.117994,0.925911,-0.075459,0.350817,-9.27241,132.354782,21.932262,0.119833,0.95086,-0.239046,0.156085,-4.173709,145.818207,19.725796,-0.005558,0.821554,0.081725,0.564216,-11.475703,126.186241,18.513935,0.317155,-0.382307,0.286555,-0.819231,-18.513329,127.795959,0.535689,0.258716,-0.117438,-0.44995,-0.846652,-4.10649,108.920761,-11.251344,0.370635,-0.001246,-0.61983,-0.691693,9.111646,125.250694,-21.305586,-0.125561,0.911138,0.090175,0.382008,-7.702707,125.889549,24.928873,0.32643,0.875283,0.068229,-0.35024,5.405662,128.98761,38.854008,-0.020645,0.327735,0.523721,-0.786053,19.761997,115.105965,21.419561,0.11049,0.084637,0.668496,-0.730577,14.257504,134.574158,9.93714,0.022732,0.838082,0.212606,0.501897,-9.415955,87.549988,9.579426,0.127127,0.946772,-0.021775,0.294936,-3.167029,55.164326,-3.936441,0.004814,0.919505,-0.093226,0.381834,-14.568392,11.696121,-5.454265,-0.148761,0.771295,0.043265,0.617335,0.168734,87.368301,25.563673,0.059523,-0.585598,0.098623,-0.802375,10.252487,53.434467,29.731638,0.025782,0.841959,-0.049984,0.536603,6.270839,9.663564,39.220257,0.004814,0.919505,-0.093226,0.381834,-5.249892,3.296185,-14.097767,0.025782,0.841959,-0.049984,0.536603,18.278145,2.080974,33.703697
394,3.283333,-0.030964,0.86779,0.064419,0.491764,-4.611759,87.45195,17.568459,-0.022775,0.865677,0.070207,0.495133,-5.506606,95.015671,18.190121,-0.014791,0.865432,0.066325,0.496397,-7.414552,112.336472,19.923815,0.118146,0.926028,-0.075357,0.350479,-9.262142,132.353577,21.946518,0.119933,0.950948,-0.239055,0.155457,-4.161757,145.816681,19.741982,-0.005395,0.821617,0.081943,0.564094,-11.468215,126.186737,18.526909,0.317106,-0.382558,0.286792,-0.81905,-18.511274,127.806023,0.55165,0.258558,-0.117551,-0.449933,-0.846693,-4.121828,108.920059,-11.239388,0.370492,-0.001262,-0.619927,-0.691683,9.096146,125.250114,-21.295048,-0.125589,0.911093,0.090093,0.382126,-7.693912,125.886978,24.940937,0.326477,0.875375,0.068278,-0.349957,5.410673,128.986603,38.869286,-0.020676,0.327771,0.523623,-0.786103,19.775917,115.101074,21.445265,0.110533,0.085182,0.668773,-0.730253,14.267191,134.569473,9.960211,0.022803,0.838145,0.21264,0.501775,-9.405767,87.541573,9.57732,0.127195,0.946713,-0.021887,0.295089,-3.161862,55.157162,-3.943864,0.004476,0.919503,-0.093248,0.381835,-14.571604,11.690956,-5.455893,-0.148695,0.771377,0.043092,0.617261,0.182251,87.36232,25.559599,0.059448,-0.585872,0.098692,-0.802172,10.255384,53.426014,29.73315,0.025446,0.841997,-0.049938,0.536563,6.268051,9.655535,39.221355,0.004476,0.919503,-0.093248,0.381835,-5.248535,3.294084,-14.097439,0.025446,0.841997,-0.049938,0.536563,18.279236,2.078797,33.7052
395,3.291667,-0.031227,0.867836,0.064783,0.491618,-4.601596,87.445053,17.565786,-0.022825,0.865655,0.070303,0.495155,-5.502542,95.007797,18.190418,-0.014367,0.865399,0.066515,0.496442,-7.413811,112.329117,19.926165,0.118453,0.926074,-0.075337,0.350258,-9.250498,132.345703,21.963892,0.119825,0.951032,-0.239122,0.154921,-4.143203,145.806549,19.761566,-0.00517,0.821754,0.081993,0.563889,-11.45979,126.182663,18.53952,0.31711,-0.382802,0.286906,-0.818895,-18.511898,127.809509,0.568494,0.258436,-0.117571,-0.44993,-0.84673,-4.135822,108.916794,-11.228019,0.370361,-0.001233,-0.619954,-0.691728,9.081803,125.247528,-21.281815,-0.125728,0.911056,0.090039,0.382181,-7.68597,125.875984,24.953505,0.326005,0.875667,0.06849,-0.349625,5.415619,128.980972,38.883476,-0.020733,0.327638,0.522992,-0.786577,19.8095,115.114998,21.467524,0.110424,0.08589,0.668874,-0.730094,14.267379,134.567688,9.983768,0.022751,0.838004,0.213038,0.501844,-9.397976,87.533554,9.57606,0.12738,0.946662,-0.022031,0.295162,-3.135439,55.161049,-3.965005,0.0057,0.919211,-0.092873,0.382614,-14.564321,11.699647,-5.470587,-0.148642,0.771486,0.043066,0.617138,0.194784,87.356544,25.555515,0.0594,-0.585818,0.098852,-0.802195,10.264705,53.418983,29.726532,0.024576,0.841943,-0.050039,0.536678,6.262813,9.650845,39.219372,0.0057,0.919211,-0.092873,0.382614,-5.240271,3.299283,-14.107682,0.024576,0.841943,-0.050039,0.536678,18.28521,2.084345,33.713604
396,3.3,-0.030961,0.867878,0.064851,0.491553,-4.597597,87.446365,17.559967,-0.022612,0.865659,0.070506,0.495129,-5.495471,95.009247,18.187569,-0.014318,0.865386,0.066731,0.496437,-7.404155,112.333389,19.933544,0.119063,0.926089,-0.075211,0.350037,-9.243446,132.348877,21.979774,0.11972,0.95112,-0.239274,0.154223,-4.122391,145.805817,19.785543,-0.004968,0.821951,0.081894,0.563618,-11.451958,126.186989,18.552803,0.317222,-0.383076,0.286918,-0.818719,-18.515961,127.817215,0.586759,0.258562,-0.11735,-0.449938,-0.846718,-4.151362,108.919739,-11.216115,0.370524,-0.001247,-0.620353,-0.691283,9.07142,125.25631,-21.266232,-0.125892,0.911007,0.090156,0.382218,-7.67805,125.878098,24.966631,0.325952,0.875805,0.068654,-0.349296,5.420866,128.986771,38.898289,-0.020452,0.327323,0.522945,-0.786746,19.828773,115.122734,21.492388,0.111394,0.086375,0.669352,-0.729451,14.274925,134.572754,10.01099,0.022894,0.838006,0.212791,0.501938,-9.395478,87.539703,9.571197,0.127254,0.946531,-0.022075,0.295633,-3.148864,55.160175,-3.960435,0.00569,0.919231,-0.092634,0.382625,-14.567581,11.696058,-5.464578,-0.148692,0.771511,0.043115,0.617093,0.200284,87.353035,25.548738,0.059378,-0.585847,0.099005,-0.802157,10.275188,53.416813,29.718679,0.024603,0.841933,-0.050122,0.536685,6.2616,9.651152,39.218025,0.00569,0.919231,-0.092634,0.382625,-5.241773,3.301346,-14.105267,0.024603,0.841933,-0.050122,0.536685,18.283096,2.082425,33.713348
397,3.308333,-0.031307,0.86786,0.065184,0.491517,-4.585768,87.449661,17.558691,-0.022556,0.865697,0.070658,0.495043,-5.490695,95.011536,18.188114,-0.014179,0.865442,0.066774,0.496337,-7.399377,112.328217,19.939138,0.119308,0.92613,-0.07529,0.34983,-9.234417,132.343628,21.98988,0.119774,0.95118,-0.239223,0.153896,-4.107069,145.798019,19.794708,-0.0047,0.822109,0.081866,0.563394,-11.444935,126.182854,18.562216,0.317232,-0.383186,0.287119,-0.818594,-18.518839,127.820274,0.600722,0.258413,-0.117409,-0.449896,-0.846777,-4.164823,108.913971,-11.200869,0.370153,-0.001141,-0.62048,-0.691368,9.058221,125.249168,-21.249388,-0.125877,0.910929,0.09013,0.382413,-7.669484,125.871948,24.975035,0.325896,0.87595,0.068859,-0.348945,5.423788,128.979401,38.912266,-0.020398,0.32742,0.52278,-0.786817,19.846619,115.117981,21.516653,0.111357,0.086759,0.669479,-0.729295,14.28771,134.562836,10.029239,0.022884,0.838437,0.212449,0.501363,-9.383902,87.540413,9.570042,0.127267,0.946627,-0.021876,0.295333,-3.158375,55.150475,-3.946377,0.005523,0.919237,-0.092392,0.382671,-14.57342,11.685854,-5.464151,-0.148579,0.771667,0.043103,0.616925,0.212365,87.358902,25.54734,0.059351,-0.585941,0.099081,-0.802081,10.281698,53.420227,29.710732,0.024587,0.841908,-0.050376,0.536701,6.262384,9.655634,39.212559,0.005523,0.919237,-0.092392,0.382671,-5.242934,3.298558,-14.106995,0.024587,0.841908,-0.050376,0.536701,18.282246,2.081495,33.711761
398,3.316667,-0.031482,0.86797,0.065583,0.491259,-4.574844,87.443207,17.551329,-0.022344,0.865745,0.070848,0.494942,-5.484892,95.00412,18.184959,-0.014165,0.86545,0.066921,0.496304,-7.391005,112.327385,19.946358,0.119556,0.926149,-0.075472,0.349655,-9.228411,132.34201,22.002571,0.119908,0.951233,-0.239144,0.153585,-4.093639,145.79303,19.804049,-0.004433,0.822304,0.081744,0.563129,-11.438396,126.181885,18.573414,0.317932,-0.383578,0.286901,-0.818214,-18.523935,127.82428,0.61696,0.258739,-0.117256,-0.449845,-0.846726,-4.179229,108.912361,-11.186976,0.370205,-0.001258,-0.620245,-0.691551,9.043855,125.239876,-21.232513,-0.125811,0.910926,0.090147,0.382438,-7.662459,125.869736,24.985889,0.325995,0.876027,0.069032,-0.348624,5.430723,128.974487,38.923809,-0.020464,0.327671,0.522644,-0.786801,19.862017,115.109169,21.538319,0.111058,0.087352,0.669302,-0.729431,14.304246,134.5495,10.043653,0.022871,0.838486,0.212559,0.501236,-9.377499,87.534401,9.565401,0.127381,0.946852,-0.021857,0.294564,-3.149242,55.147743,-3.957623,0.008295,0.918978,-0.092364,0.383249,-14.574615,11.685681,-5.470786,-0.148562,0.771808,0.043014,0.616759,0.22781,87.352013,25.537256,0.059333,-0.586032,0.099249,-0.801995,10.293274,53.412426,29.702579,0.024577,0.841919,-0.050378,0.536685,6.262133,9.65063,39.212288,0.008295,0.918978,-0.092364,0.383249,-5.270578,3.270388,-14.114923,0.024577,0.841919,-0.050378,0.536685,18.281878,2.076596,33.711082
399,3.325,-0.030849,0.868054,0.065045,0.491223,-4.581733,87.441078,17.55101,-0.022347,0.865764,0.071085,0.494874,-5.479337,95.003677,18.182362,-0.013986,0.865493,0.066948,0.496231,-7.389069,112.321724,19.950569,0.119802,0.926167,-0.075603,0.349494,-9.220584,132.336411,22.011452,0.119993,0.951273,-0.239095,0.153346,-4.078861,145.784454,19.810966,-0.004036,0.822507,0.081644,0.56285,-11.432925,126.17762,18.5814,0.318038,-0.383622,0.287138,-0.818069,-18.530785,127.829536,0.630692,0.258728,-0.11743,-0.449668,-0.846799,-4.1951,108.906639,-11.166601,0.370081,-0.001269,-0.619777,-0.692037,9.030877,125.223518,-21.215122,-0.125938,0.911078,0.09072,0.381899,-7.655827,125.86306,24.993069,0.326127,0.876097,0.06898,-0.348335,5.452057,128.966461,38.917458,-0.020923,0.327644,0.52242,-0.786949,19.889467,115.091774,21.544533,0.110351,0.087777,0.669055,-0.729715,14.319381,134.536682,10.058269,0.022741,0.838571,0.212554,0.501102,-9.385789,87.537506,9.565992,0.127352,0.946742,-0.021864,0.294929,-3.152153,55.150284,-3.953194,0.0084,0.918992,-0.092455,0.383191,-14.574695,11.687583,-5.469387,-0.148698,0.771923,0.043275,0.616564,0.222324,87.344658,25.53603,0.059506,-0.586638,0.099568,-0.801499,10.307375,53.409569,29.690596,0.024728,0.842264,-0.050529,0.536122,6.270033,9.655335,39.232418,0.0084,0.918992,-0.092455,0.383191,-5.273822,3.269024,-14.11375,0.024728,0.842264,-0.050529,0.536122,18.279104,2.075653,33.715717
400,3.333333,-0.031223,0.868046,0.065393,0.491168,-4.571477,87.435951,17.545994,-0.022233,0.865813,0.071253,0.494769,-5.476604,94.997498,18.179173,-0.013795,0.865556,0.067037,0.496113,-7.38578,112.31694,19.954905,0.120134,0.926126,-0.075948,0.349414,-9.212134,132.33136,22.022959,0.119785,0.951346,-0.238902,0.153357,-4.05893,145.774002,19.816378,-0.003674,0.822602,0.082204,0.562633,-11.426888,126.17421,18.591516,0.318359,-0.383909,0.287484,-0.817689,-18.534321,127.849197,0.646731,0.258994,-0.117594,-0.449285,-0.846898,-4.220825,108.905731,-11.144505,0.37039,-0.001885,-0.619414,-0.692195,9.019737,125.206581,-21.201229,-0.125672,0.910881,0.090065,0.382611,-7.647973,125.856674,25.001972,0.326051,0.87621,0.069389,-0.34804,5.441431,128.956924,38.944443,-0.02111,0.328473,0.522319,-0.786666,19.892365,115.090286,21.576342,0.109706,0.088581,0.668509,-0.730214,14.342681,134.528183,10.068548,0.02278,0.838622,0.212686,0.500958,-9.376107,87.529449,9.561282,0.127441,0.946877,-0.021965,0.294449,-3.142334,55.146366,-3.967762,0.008497,0.91897,-0.092405,0.383254,-14.575702,11.686098,-5.47197,-0.14856,0.77204,0.043199,0.616455,0.233152,87.342461,25.530704,0.059364,-0.586225,0.099522,-0.801818,10.308131,53.403961,29.681847,0.024554,0.841936,-0.050437,0.536654,6.261502,9.647388,39.208992,0.008497,0.91897,-0.092405,0.383254,-5.274594,3.267748,-14.116282,0.024554,0.841936,-0.050437,0.536654,18.280624,2.072357,33.707806
401,3.341667,-0.031466,0.868091,0.06586,0.49101,-4.557433,87.443558,17.539028,-0.022048,0.865857,0.07166,0.494642,-5.469153,95.003929,18.176701,-0.013868,0.865602,0.06698,0.496039,-7.37772,112.305664,19.966515,0.120277,0.926161,-0.075968,0.349269,-9.205302,132.320313,22.031269,0.119922,0.951402,-0.238758,0.153124,-4.048782,145.761688,19.824665,-0.003232,0.822798,0.082126,0.56236,-11.420133,126.162376,18.601295,0.319915,-0.384749,0.28724,-0.816772,-18.539579,127.848839,0.662348,0.259717,-0.117126,-0.449152,-0.846812,-4.252888,108.884003,-11.12702,0.369924,-0.001206,-0.619353,-0.6925,9.007591,125.190826,-21.185326,-0.125824,0.910888,0.090222,0.382507,-7.640148,125.846275,25.01119,0.326007,0.87632,0.069215,-0.347839,5.450859,128.949966,38.951389,-0.021265,0.328674,0.522139,-0.786697,19.910723,115.079521,21.59376,0.109427,0.088982,0.668734,-0.730002,14.357983,134.515747,10.080745,0.022854,0.838749,0.212508,0.500818,-9.36466,87.537178,9.555882,0.127581,0.946816,-0.022151,0.294572,-3.143997,55.148933,-3.966844,0.00839,0.918915,-0.092372,0.383396,-14.593744,11.692616,-5.460494,-0.148443,0.772164,0.043075,0.616338,0.249794,87.349945,25.522173,0.059393,-0.586301,0.099631,-0.801746,10.313849,53.408211,29.673363,0.024482,0.841948,-0.050812,0.536603,6.262016,9.653893,39.208652,0.00839,0.918915,-0.092372,0.383396,-5.288109,3.276272,-14.101887,0.024482,0.841948,-0.050812,0.536603,18.278294,2.071557,33.711319
402,3.35,-0.031463,0.868115,0.066232,0.490917,-4.547413,87.440254,17.527611,-0.021939,0.865857,0.071862,0.494618,-5.461796,94.999878,18.170305,-0.0137,0.865597,0.067114,0.496035,-7.371001,112.305275,19.968628,0.120453,0.9262,-0.075964,0.349105,-9.195365,132.319382,22.041464,0.120044,0.951446,-0.238726,0.152807,-4.034959,145.759384,19.83564,-0.003086,0.823034,0.082001,0.562034,-11.411265,126.16317,18.609085,0.320028,-0.384774,0.287491,-0.816627,-18.544956,127.85051,0.675876,0.259791,-0.117353,-0.449011,-0.846833,-4.266958,108.874252,-11.105647,0.369805,-0.001146,-0.61925,-0.692656,8.996251,125.171921,-21.172329,-0.125806,0.911048,0.090759,0.382004,-7.631148,125.843903,25.018744,0.326046,0.87637,0.068734,-0.347773,5.474932,128.941574,38.946117,-0.021811,0.328785,0.52197,-0.786748,19.935877,115.059341,21.598806,0.10918,0.089706,0.668557,-0.730112,14.377589,134.501572,10.092498,0.022841,0.838722,0.2125,0.500867,-9.356351,87.537193,9.545535,0.127699,0.946607,-0.022219,0.295184,-3.134381,55.148663,-3.975893,0.008499,0.918801,-0.092544,0.383626,-14.594838,11.695329,-5.474293,-0.148455,0.772281,0.042975,0.616196,0.261525,87.343307,25.509687,0.059379,-0.586223,0.099763,-0.801788,10.32262,53.401215,29.665085,0.024493,0.841886,-0.050579,0.536722,6.259702,9.649113,39.205803,0.008499,0.918801,-0.092544,0.383626,-5.287097,3.274034,-14.108594,0.024493,0.841886,-0.050579,0.536722,18.279325,2.07181,33.708843
403,3.358333,-0.031595,0.86869,0.065821,0.489947,-4.567763,87.422035,17.538811,-0.021347,0.866102,0.071608,0.494251,-5.480123,94.982368,18.176102,-0.013629,0.865681,0.067051,0.495898,-7.366876,112.295555,19.978451,0.120619,0.926249,-0.075964,0.348918,-9.187195,132.310074,22.050772,0.120174,0.95149,-0.238645,0.152557,-4.023234,145.748779,19.845392,-0.002836,0.823184,0.081931,0.561825,-11.405253,126.154053,18.619457,0.320115,-0.384835,0.28766,-0.816505,-18.548101,127.84716,0.690439,0.259834,-0.117556,-0.448927,-0.846836,-4.277721,108.862671,-11.087055,0.369945,-0.001677,-0.619286,-0.692548,8.985593,125.152931,-21.160713,-0.125621,0.910883,0.090106,0.382614,-7.623095,125.834511,25.027899,0.331606,0.875287,0.090471,-0.340184,5.466732,128.932373,38.970505,-0.01224,0.322925,0.52396,-0.788058,20.010605,115.175224,21.592907,0.108663,0.090303,0.668335,-0.730319,14.396199,134.487473,10.10077,0.022472,0.838821,0.213145,0.500444,-9.39429,87.511536,9.56727,0.12775,0.946814,-0.022351,0.294491,-3.133868,55.141376,-3.980378,0.008365,0.918857,-0.092272,0.383559,-14.60309,11.689732,-5.460461,-0.148595,0.772254,0.043311,0.616171,0.258764,87.332535,25.510349,0.059387,-0.585989,0.099982,-0.801932,10.342007,53.395473,29.653212,0.02439,0.841914,-0.050669,0.536674,6.26115,9.647396,39.20475,0.008365,0.918857,-0.092272,0.383559,-5.293225,3.276096,-14.09993,0.02439,0.841914,-0.050669,0.536674,18.280657,2.069575,33.708252
404,3.366667,-0.031565,0.868715,0.06594,0.489887,-4.56034,87.418449,17.530771,-0.021275,0.866128,0.071907,0.494166,-5.473139,94.978561,18.169933,-0.013413,0.865731,0.067067,0.495815,-7.362775,112.291245,19.982811,0.120914,0.926254,-0.075869,0.348822,-9.17566,132.305923,22.0602,0.120114,0.951497,-0.238785,0.152341,-4.005314,145.742966,19.859686,-0.002715,0.823379,0.08178,0.561563,-11.396626,126.151466,18.627945,0.319667,-0.384626,0.288198,-0.816589,-18.55092,127.844307,0.703463,0.259537,-0.118124,-0.448773,-0.84693,-4.28845,108.847916,-11.064423,0.369978,-0.002116,-0.618933,-0.692845,8.975974,125.129868,-21.153622,-0.125792,0.911061,0.090715,0.381989,-7.613154,125.829102,25.035471,0.331902,0.875246,0.090433,-0.340011,5.493515,128.927017,38.962234,-0.012486,0.322896,0.523887,-0.788115,20.033211,115.155342,21.592657,0.108198,0.090778,0.668191,-0.730461,14.41387,134.471725,10.105601,0.022449,0.838815,0.213185,0.500438,-9.387996,87.509445,9.559932,0.127736,0.946786,-0.022228,0.294595,-3.124811,55.140434,-3.9892,0.008707,0.918801,-0.092445,0.383644,-14.58953,11.687985,-5.480669,-0.148552,0.772193,0.043156,0.616269,0.267315,87.327454,25.501612,0.05938,-0.586225,0.100018,-0.801755,10.34104,53.388535,29.652369,0.024566,0.841922,-0.050436,0.536675,6.260108,9.641039,39.206509,0.008707,0.918801,-0.092445,0.383644,-5.283699,3.266827,-14.117164,0.024566,0.841922,-0.050436,0.536675,18.279373,2.065872,33.70583
405,3.375,-0.031508,0.868777,0.065875,0.48979,-4.555291,87.409866,17.523693,-0.020963,0.866191,0.0725,0.493981,-5.466774,94.970169,18.162527,-0.013462,0.865824,0.066836,0.495681,-7.356196,112.274956,19.99852,0.121126,0.926247,-0.075881,0.348765,-9.165862,132.290833,22.067188,0.120072,0.951519,-0.238768,0.152266,-3.99013,145.726044,19.868172,-0.002405,0.823566,0.081286,0.561361,-11.388692,126.135063,18.638485,0.318531,-0.383892,0.288557,-0.817251,-18.551809,127.826393,0.717387,0.258874,-0.11897,-0.448929,-0.846932,-4.270425,108.839867,-11.043493,0.369943,-0.002436,-0.618915,-0.692878,8.96806,125.109062,-21.146408,-0.12568,0.910884,0.089984,0.382619,-7.603256,125.815201,25.044975,0.331876,0.875281,0.090786,-0.339853,5.485849,128.916931,38.987396,-0.012216,0.323479,0.523886,-0.78788,20.03219,115.151474,21.618452,0.107948,0.091145,0.668298,-0.730354,14.430957,134.456207,10.108442,0.022528,0.838908,0.213132,0.500302,-9.384788,87.501045,9.553972,0.127732,0.94674,-0.022466,0.294725,-3.130451,55.130661,-3.99597,0.009897,0.91867,-0.091861,0.384069,-14.600854,11.679071,-5.468693,-0.14862,0.772386,0.043219,0.616007,0.274206,87.318687,25.493416,0.059367,-0.586324,0.100264,-0.801653,10.355637,53.381584,29.640308,0.023585,0.8421,-0.051375,0.53635,6.257741,9.638369,39.206799,0.009897,0.91867,-0.091861,0.384069,-5.299424,3.259336,-14.11131,0.023585,0.8421,-0.051375,0.53635,18.276859,2.056358,33.715229
406,3.383333,-0.031174,0.868829,0.065823,0.489727,-4.556915,87.401505,17.51285,-0.02061,0.866306,0.072753,0.493758,-5.463538,94.962234,18.153574,-0.01344,0.865965,0.066813,0.49544,-7.347558,112.27932,20.005198,0.121143,0.92636,-0.075707,0.348498,-9.155397,132.295349,22.074022,0.120433,0.951511,-0.2388,0.151979,-3.981865,145.731873,19.877857,-0.002379,0.823679,0.081077,0.561226,-11.380349,126.139511,18.646824,0.318707,-0.383961,0.288904,-0.817027,-18.549362,127.826691,0.727694,0.258773,-0.119577,-0.448772,-0.846961,-4.28142,108.823792,-11.023049,0.369671,-0.002787,-0.618471,-0.693419,8.953537,125.0765,-21.143461,-0.125909,0.911039,0.090883,0.381963,-7.591344,125.819778,25.051212,0.332163,0.875273,0.090511,-0.339667,5.51494,128.919312,38.977978,-0.012131,0.323186,0.523826,-0.788042,20.057854,115.134811,21.621265,0.108244,0.091439,0.668523,-0.730068,14.444547,134.441086,10.116633,0.022567,0.838692,0.213246,0.500613,-9.387951,87.497505,9.544115,0.127714,0.94666,-0.022661,0.294977,-3.12679,55.130733,-4.011296,0.009865,0.918661,-0.091952,0.38407,-14.600393,11.679515,-5.470011,-0.148763,0.772388,0.043234,0.615969,0.27412,87.305504,25.481583,0.059402,-0.586297,0.10037,-0.801657,10.363984,53.371517,29.633499,0.024459,0.841979,-0.050293,0.536603,6.260108,9.630585,39.207851,0.009865,0.918661,-0.091952,0.38407,-5.299054,3.257998,-14.110991,0.024459,0.841979,-0.050293,0.536603,18.280857,2.060114,33.703938
407,3.391667,-0.03113,0.868862,0.066009,0.489646,-4.550788,87.401466,17.502939,-0.020363,0.866332,0.073131,0.493666,-5.458151,94.961861,18.146526,-0.013409,0.866002,0.06674,0.495385,-7.340219,112.270142,20.013254,0.121131,0.926391,-0.075653,0.34843,-9.145372,132.286591,22.080263,0.120564,0.951517,-0.238748,0.151918,-3.972916,145.723679,19.88489,-0.002084,0.823838,0.080989,0.561006,-11.371529,126.130676,18.653999,0.319656,-0.384318,0.288607,-0.816594,-18.550161,127.824654,0.73936,0.259294,-0.119653,-0.448762,-0.846795,-4.287645,108.81591,-11.008503,0.369703,-0.003089,-0.618606,-0.69328,8.94515,125.058899,-21.140497,-0.125932,0.911028,0.090906,0.381976,-7.581695,125.81115,25.057909,0.332074,0.875366,0.09066,-0.339473,5.523995,128.911087,38.985146,-0.01201,0.323309,0.523729,-0.788058,20.077021,115.130829,21.633539,0.108404,0.091813,0.668664,-0.729868,14.462786,134.431915,10.121369,0.022541,0.83872,0.213212,0.500581,-9.383348,87.499756,9.535158,0.127694,0.946659,-0.022755,0.29498,-3.122397,55.131866,-4.017662,0.00865,0.918979,-0.092983,0.383088,-14.596788,11.680576,-5.467868,-0.148766,0.772459,0.043129,0.615886,0.281773,87.303177,25.470722,0.059447,-0.586189,0.100465,-0.80172,10.367682,53.36861,29.62746,0.023507,0.842143,-0.051236,0.5363,6.25815,9.629872,39.209419,0.00865,0.918979,-0.092983,0.383088,-5.304589,3.247075,-14.106995,0.023507,0.842143,-0.051236,0.5363,18.278652,2.052066,33.715076
408,3.4,-0.031088,0.868903,0.066205,0.489549,-4.543795,87.401779,17.491854,-0.020381,0.866324,0.073291,0.493656,-5.45199,94.961815,18.138454,-0.013071,0.865994,0.066957,0.495379,-7.336781,112.263832,20.009129,0.12102,0.926439,-0.075689,0.348334,-9.134456,132.279465,22.0905,0.120699,0.951518,-0.238686,0.151903,-3.964892,145.717209,19.892391,-0.00198,0.823884,0.081035,0.560932,-11.363055,126.126816,18.659964,0.320204,-0.384546,0.288599,-0.816275,-18.544903,127.824875,0.747009,0.259509,-0.119856,-0.448768,-0.846698,-4.291426,108.806351,-10.995969,0.369536,-0.003194,-0.618717,-0.693269,8.938217,125.043091,-21.139469,-0.125793,0.911066,0.09079,0.381959,-7.573009,125.801338,25.063442,0.331928,0.875432,0.090339,-0.339532,5.534535,128.898315,38.989586,-0.012495,0.32386,0.523595,-0.787913,20.090584,115.118195,21.640415,0.108021,0.092541,0.668251,-0.730211,14.485291,134.42218,10.119814,0.022427,0.838739,0.21329,0.500521,-9.378175,87.502396,9.525208,0.127829,0.946623,-0.022767,0.295036,-3.108527,55.136501,-4.028369,0.008748,0.918899,-0.093301,0.3832,-14.594409,11.688357,-5.481835,-0.148781,0.772493,0.04305,0.615846,0.290585,87.301163,25.458496,0.059471,-0.586137,0.100573,-0.801743,10.374115,53.366428,29.619688,0.023475,0.842115,-0.051247,0.536344,6.257548,9.629911,39.208759,0.008748,0.918899,-0.093301,0.3832,-5.303192,3.24655,-14.113897,0.023475,0.842115,-0.051247,0.536344,18.278931,2.052332,33.716042
409,3.408333,-0.031103,0.868944,0.066358,0.489455,-4.535832,87.402298,17.481676,-0.02018,0.866323,0.073526,0.493631,-5.445303,94.962013,18.130281,-0.012973,0.865981,0.067,0.495398,-7.328039,112.263847,20.011652,0.121055,0.92645,-0.075596,0.348312,-9.123174,132.279358,22.096411,0.120804,0.951514,-0.238685,0.151844,-3.953647,145.717545,19.900921,-0.001862,0.824008,0.081037,0.56075,-11.352468,126.127586,18.664747,0.320858,-0.384793,0.288618,-0.815895,-18.542225,127.828857,0.755265,0.259856,-0.120079,-0.448693,-0.846599,-4.299404,108.797775,-10.980318,0.36954,-0.003675,-0.618958,-0.693049,8.933805,125.028442,-21.140644,-0.12578,0.91103,0.090757,0.382055,-7.562663,125.800514,25.068289,0.33208,0.875457,0.090534,-0.339266,5.542155,128.897018,38.997101,-0.012256,0.324034,0.523615,-0.787832,20.102419,115.111633,21.655651,0.108083,0.092821,0.668376,-0.730052,14.503212,134.411377,10.123838,0.022498,0.838845,0.2131,0.500422,-9.371917,87.503922,9.516077,0.127791,0.946423,-0.022897,0.295685,-3.115015,55.132484,-4.030143,0.008576,0.918883,-0.093128,0.383286,-14.600182,11.684007,-5.479377,-0.148741,0.772796,0.042924,0.615483,0.300251,87.300667,25.447273,0.059557,-0.585926,0.100661,-0.80188,10.378178,53.36433,29.608917,0.023394,0.8421,-0.051235,0.536372,6.257416,9.630328,39.207638,0.008576,0.918883,-0.093128,0.383286,-5.303837,3.248088,-14.111677,0.023394,0.8421,-0.051235,0.536372,18.280252,2.054178,33.716125
410,3.416667,-0.030988,0.868977,0.066441,0.489392,-4.531457,87.402,17.47175,-0.020101,0.866342,0.073839,0.493554,-5.439972,94.961655,18.12237,-0.012709,0.866036,0.06682,0.495333,-7.324823,112.255386,20.013983,0.120897,0.926556,-0.075182,0.348174,-9.106972,132.272141,22.09795,0.121076,0.951495,-0.238758,0.151636,-3.945865,145.71489,19.910645,-0.001643,0.824162,0.081045,0.560523,-11.340808,126.121567,18.667082,0.321283,-0.384825,0.288667,-0.815695,-18.540474,127.829277,0.762196,0.260015,-0.120487,-0.448731,-0.846473,-4.300463,108.789917,-10.963377,0.369719,-0.004744,-0.619186,-0.692744,8.926199,125.013138,-21.142548,-0.125837,0.910955,0.090697,0.382231,-7.549942,125.79248,25.069893,0.332266,0.875492,0.090825,-0.338917,5.549125,128.890869,39.003693,-0.011873,0.324157,0.523607,-0.787793,20.115381,115.0998,21.67181,0.108196,0.093031,0.668472,-0.729921,14.519978,134.390656,10.127952,0.022622,0.83896,0.21281,0.500347,-9.368809,87.506142,9.506952,0.127515,0.946522,-0.022789,0.295493,-3.13095,55.126297,-4.027972,0.009853,0.918742,-0.091767,0.383921,-14.590494,11.671037,-5.476675,-0.148792,0.772838,0.042899,0.61542,0.305894,87.297859,25.436548,0.059562,-0.586068,0.100743,-0.801765,10.38576,53.362434,29.600964,0.024534,0.841923,-0.050203,0.536697,6.261208,9.629976,39.205086,0.009853,0.918742,-0.091767,0.383921,-5.290881,3.253824,-14.123702,0.024534,0.841923,-0.050203,0.536697,18.283049,2.060463,33.702255
411,3.425,-0.030733,0.868926,0.066257,0.489524,-4.526402,87.4002,17.464205,-0.019897,0.866368,0.074239,0.493456,-5.430261,94.960472,18.114189,-0.012823,0.866114,0.066676,0.495213,-7.316317,112.258972,20.022305,0.121053,0.926493,-0.075294,0.348264,-9.099281,132.276398,22.099213,0.121071,0.951466,-0.238703,0.151907,-3.932794,145.71698,19.911232,-0.001914,0.82424,0.080782,0.560446,-11.333611,126.124367,18.671253,0.321445,-0.384686,0.288714,-0.81568,-18.536589,127.817467,0.76631,0.259981,-0.120905,-0.448948,-0.846308,-4.292366,108.775352,-10.949668,0.36975,-0.005317,-0.61938,-0.69255,8.921088,124.999496,-21.146736,-0.125676,0.910941,0.090701,0.382317,-7.541017,125.797951,25.073177,0.332593,0.875448,0.090803,-0.338715,5.557068,128.890213,39.009266,-0.011784,0.324455,0.523752,-0.787575,20.11903,115.083336,21.686356,0.108539,0.093765,0.668246,-0.729983,14.539477,134.37352,10.132484,0.022665,0.839061,0.212741,0.500204,-9.361646,87.506996,9.498165,0.127484,0.946706,-0.022993,0.294903,-3.13114,55.125214,-4.03548,0.009716,0.918842,-0.091598,0.383724,-14.594356,11.670089,-5.45885,-0.148886,0.773089,0.042889,0.615083,0.308841,87.293396,25.430246,0.059482,-0.586323,0.100876,-0.801568,10.395102,53.359924,29.595041,0.024461,0.84189,-0.050279,0.536745,6.259908,9.629014,39.201622,0.009716,0.918842,-0.091598,0.383724,-5.295805,3.25807,-14.112072,0.024461,0.84189,-0.050279,0.536745,18.28266,2.058857,33.701668
412,3.433333,-0.030643,0.868952,0.066276,0.48948,-4.522539,87.397644,17.456051,-0.019998,0.866338,0.074317,0.493494,-5.425311,94.957962,18.106998,-0.012284,0.866104,0.066686,0.495243,-7.314695,112.245323,20.014467,0.120788,0.926618,-0.074963,0.348095,-9.079099,132.263229,22.10247,0.121113,0.951512,-0.238652,0.151661,-3.923154,145.708618,19.919189,-0.001589,0.824388,0.0809,0.560212,-11.319159,126.115181,18.671131,0.321629,-0.384626,0.288847,-0.815589,-18.532351,127.82048,0.771457,0.260098,-0.121302,-0.448995,-0.84619,-4.289745,108.771286,-10.93496,0.369898,-0.005918,-0.619663,-0.692213,8.917323,124.989441,-21.150097,-0.125824,0.910839,0.090549,0.382546,-7.526804,125.7817,25.072834,0.332609,0.875536,0.091145,-0.338381,5.563039,128.880157,39.015293,-0.011584,0.324595,0.52362,-0.787608,20.136477,115.075554,21.700214,0.108414,0.094075,0.668307,-0.729906,14.554662,134.359131,10.13566,0.022614,0.8392,0.212676,0.500001,-9.35869,87.505997,9.490581,0.127294,0.946817,-0.022947,0.294629,-3.130808,55.122066,-4.039143,0.009861,0.918993,-0.091491,0.383385,-14.577353,11.662403,-5.458062,-0.148917,0.773121,0.042899,0.615034,0.313613,87.289299,25.421518,0.059504,-0.586446,0.101007,-0.80146,10.4022,53.356533,29.586475,0.024546,0.841917,-0.050263,0.536701,6.260297,9.628237,39.202087,0.009861,0.918993,-0.091491,0.383385,-5.287004,3.251091,-14.120775,0.024546,0.841917,-0.050263,0.536701,18.281561,2.057207,33.700077
413,3.441667,-0.0303,0.868979,0.066206,0.489463,-4.524964,87.397217,17.446884,-0.019408,0.866355,0.074552,0.493452,-5.422646,94.957993,18.099504,-0.012472,0.866103,0.066509,0.495263,-7.298329,112.246918,20.024588,0.120924,0.926576,-0.074879,0.348176,-9.065819,132.265594,22.102625,0.120986,0.951548,-0.238561,0.151684,-3.906812,145.71048,19.923496,-0.001455,0.824541,0.080813,0.559999,-11.304747,126.11554,18.674166,0.321945,-0.384745,0.288815,-0.815419,-18.527174,127.822556,0.778386,0.260286,-0.121531,-0.448997,-0.846099,-4.288439,108.76886,-10.925421,0.370028,-0.006351,-0.619819,-0.692,8.916171,124.981514,-21.153147,-0.125591,0.910801,0.090428,0.382742,-7.512765,125.785759,25.076279,0.332761,0.875547,0.091161,-0.338198,5.573524,128.876938,39.023678,-0.011216,0.324888,0.523498,-0.787574,20.14814,115.064491,21.715855,0.108198,0.094324,0.668561,-0.729673,14.56995,134.334702,10.133762,0.022508,0.839268,0.212625,0.499913,-9.361813,87.510452,9.481908,0.127296,0.946855,-0.022951,0.294506,-3.130806,55.124634,-4.041863,0.009814,0.918973,-0.091511,0.383429,-14.577789,11.665019,-5.458939,-0.149024,0.773257,0.042957,0.614834,0.311885,87.283981,25.411861,0.059545,-0.586341,0.101128,-0.801518,10.409774,53.353859,29.575768,0.024463,0.841907,-0.050302,0.536716,6.260244,9.628192,39.200043,0.009814,0.918973,-0.091511,0.383429,-5.286013,3.25376,-14.120172,0.024463,0.841907,-0.050302,0.536716,18.282393,2.057488,33.69952
414,3.45,-0.030177,0.86901,0.066249,0.489409,-4.520547,87.399467,17.439789,-0.019516,0.86626,0.074292,0.493652,-5.416885,94.960266,18.093966,-0.011814,0.865968,0.066907,0.495462,-7.292126,112.253525,20.009266,0.121155,0.926556,-0.074873,0.348151,-9.045003,132.270706,22.113911,0.120699,0.951621,-0.238538,0.151489,-3.880184,145.71376,19.937178,-0.001487,0.82468,0.080784,0.559798,-11.287354,126.127037,18.676222,0.32211,-0.384784,0.288984,-0.815276,-18.518501,127.831795,0.783747,0.260339,-0.121856,-0.448951,-0.84606,-4.286565,108.768936,-10.913428,0.369852,-0.006329,-0.61984,-0.692075,8.91705,124.975647,-21.154865,-0.125549,0.910743,0.090327,0.382918,-7.498071,125.785637,25.079323,0.332794,0.875598,0.091188,-0.338026,5.58342,128.875916,39.031422,-0.011114,0.324959,0.523499,-0.787545,20.163038,115.060684,21.730032,0.108189,0.094739,0.669488,-0.72877,14.587039,134.328812,10.143265,0.022512,0.839277,0.212631,0.499896,-9.35851,87.515007,9.475522,0.127303,0.946678,-0.022981,0.295071,-3.127806,55.129387,-4.048841,0.009752,0.918916,-0.09173,0.383516,-14.575283,11.670056,-5.470442,-0.148993,0.773283,0.042939,0.614809,0.317416,87.28392,25.404055,0.059581,-0.586351,0.101205,-0.801498,10.412984,53.353024,29.567289,0.024444,0.841862,-0.050238,0.536792,6.260033,9.629154,39.198261,0.009752,0.918916,-0.09173,0.383516,-5.282217,3.254431,-14.126043,0.024444,0.841862,-0.050238,0.536792,18.283951,2.060149,33.69928
415,3.458333,-0.030055,0.869078,0.066299,0.48929,-4.510844,87.400139,17.430445,-0.019485,0.86633,0.074558,0.493491,-5.405849,94.960953,18.086319,-0.011756,0.866061,0.066904,0.495301,-7.283376,112.243584,20.009474,0.121151,0.926586,-0.07477,0.348095,-9.033783,132.260818,22.115499,0.120609,0.951665,-0.238354,0.151576,-3.870223,145.704727,19.941021,-0.001206,0.824706,0.080913,0.559743,-11.27795,126.117477,18.678438,0.322406,-0.385039,0.288904,-0.815067,-18.511534,127.833794,0.788049,0.260421,-0.121898,-0.448943,-0.846033,-4.287514,108.767227,-10.912698,0.369811,-0.006557,-0.619921,-0.692022,8.916953,124.97332,-21.158018,-0.125594,0.910692,0.090183,0.383058,-7.48627,125.775528,25.080093,0.332759,0.875699,0.09142,-0.337736,5.590622,128.868805,39.035843,-0.011233,0.325199,0.523402,-0.787508,20.18189,115.05616,21.742207,0.107964,0.095137,0.669236,-0.728983,14.608644,134.321045,10.150516,0.022541,0.839333,0.212611,0.499808,-9.35113,87.517921,9.467621,0.127474,0.946556,-0.023096,0.295378,-3.124306,55.131805,-4.05735,0.008252,0.918901,-0.092142,0.383488,-14.588698,11.676884,-5.477472,-0.148939,0.773305,0.042836,0.614802,0.329443,87.282356,25.393272,0.059628,-0.586315,0.101301,-0.801509,10.417737,53.349667,29.559597,0.02434,0.841873,-0.050166,0.536788,6.260041,9.628042,39.198711,0.008252,0.918901,-0.092142,0.383488,-5.277935,3.267405,-14.120028,0.02434,0.841873,-0.050166,0.536788,18.285742,2.062145,33.699333
416,3.466667,-0.02997,0.869089,0.066332,0.489272,-4.504848,87.40049,17.42285,-0.019384,0.866337,0.07458,0.49348,-5.398952,94.961319,18.079807,-0.011612,0.866066,0.066976,0.495287,-7.273853,112.244736,20.005455,0.121229,0.926591,-0.074762,0.348056,-9.020643,132.261734,22.116917,0.120538,0.951733,-0.238117,0.151574,-3.855285,145.705063,19.943161,-0.001016,0.824744,0.080813,0.559702,-11.26606,126.119698,18.678328,0.322598,-0.385149,0.288931,-0.814929,-18.501434,127.839813,0.789028,0.260471,-0.122032,-0.448949,-0.845995,-4.282744,108.768372,-10.910245,0.369751,-0.006758,-0.620058,-0.691929,8.920079,124.972221,-21.161882,-0.125436,0.910649,0.090066,0.383239,-7.47412,125.77536,25.0797,0.332579,0.875854,0.091131,-0.337588,5.598937,128.863953,39.040077,-0.011492,0.325527,0.523184,-0.787514,20.201818,115.051033,21.75647,0.107674,0.095543,0.66933,-0.728886,14.627817,134.312454,10.158704,0.022557,0.839385,0.212609,0.499722,-9.34556,87.519913,9.46031,0.127472,0.94657,-0.023208,0.295326,-3.12114,55.133755,-4.065675,0.008153,0.918901,-0.092147,0.383489,-14.588326,11.679235,-5.475582,-0.148918,0.773311,0.042822,0.6148,0.335863,87.281067,25.385389,0.059658,-0.586288,0.101386,-0.801516,10.422405,53.347839,29.551565,0.024096,0.841878,-0.050326,0.536775,6.259972,9.628094,39.197159,0.008153,0.918901,-0.092147,0.383489,-5.276219,3.27066,-14.117566,0.024096,0.841878,-0.050326,0.536775,18.28714,2.062137,33.70108
417,3.475,-0.029736,0.869107,0.066264,0.489262,-4.504762,87.398842,17.413706,-0.019245,0.866315,0.074654,0.493512,-5.395243,94.960022,18.071539,-0.011459,0.86604,0.067004,0.495333,-7.267502,112.245201,20.001974,0.121321,0.92658,-0.074675,0.348071,-9.009592,132.262192,22.117376,0.120492,0.951778,-0.237963,0.151571,-3.842605,145.705429,19.946955,-0.000771,0.824719,0.080703,0.559754,-11.256218,126.121399,18.677345,0.322644,-0.385061,0.28905,-0.81491,-18.489355,127.847122,0.787678,0.260368,-0.122295,-0.44903,-0.845946,-4.270722,108.771393,-10.904689,0.369606,-0.006986,-0.620096,-0.691971,8.924645,124.973488,-21.164408,-0.125307,0.910639,0.090059,0.383308,-7.464898,125.774834,25.078964,0.332721,0.87591,0.091118,-0.337308,5.607362,128.858704,39.041138,-0.011553,0.325874,0.523334,-0.78727,20.215271,115.036621,21.769098,0.107405,0.095215,0.669088,-0.729191,14.65891,134.298889,10.163796,0.022562,0.839376,0.212547,0.499762,-9.345902,87.521431,9.451473,0.127418,0.946548,-0.023248,0.295415,-3.123381,55.133438,-4.070996,0.008266,0.918888,-0.092088,0.383531,-14.587066,11.677867,-5.477092,-0.14897,0.773241,0.042841,0.614875,0.336379,87.27626,25.375938,0.0597,-0.58624,0.10147,-0.801538,10.426125,53.344261,29.54435,0.024222,0.841848,-0.050109,0.536838,6.259421,9.626499,39.197086,0.008266,0.918888,-0.092088,0.383531,-5.275308,3.269534,-14.119688,0.024222,0.841848,-0.050109,0.536838,18.287674,2.063581,33.699192
418,3.483333,-0.029629,0.869094,0.0661,0.489315,-4.504915,87.398994,17.41329,-0.019262,0.866253,0.074349,0.493666,-5.392803,94.960602,18.0697,-0.011108,0.865954,0.067126,0.495473,-7.261594,112.255814,19.991274,0.121463,0.92655,-0.07463,0.348113,-8.994177,132.272461,22.117687,0.120423,0.951827,-0.237811,0.15156,-3.823759,145.714844,19.950193,-0.000403,0.825075,0.080167,0.559307,-11.242942,126.134781,18.673504,0.322899,-0.385006,0.288873,-0.814898,-18.495468,127.859245,0.791572,0.260592,-0.122524,-0.44886,-0.845934,-4.269138,108.787117,-10.897288,0.369487,-0.007134,-0.620082,-0.692046,8.929571,124.976746,-21.167643,-0.124899,0.910416,0.089406,0.384121,-7.453579,125.782631,25.075977,0.332728,0.875992,0.091138,-0.33708,5.598459,128.85788,39.058949,-0.011542,0.32656,0.523379,-0.786956,20.214254,115.033272,21.795618,0.107124,0.095455,0.668968,-0.729311,14.681045,134.289032,10.170219,0.02259,0.83937,0.212605,0.499747,-9.345214,87.521873,9.450552,0.127461,0.946589,-0.023288,0.295262,-3.122548,55.135704,-4.07621,0.008254,0.918853,-0.092172,0.383594,-14.59108,11.681282,-5.478189,-0.148938,0.773262,0.042949,0.614849,0.335384,87.276115,25.376028,0.059747,-0.586249,0.101519,-0.801521,10.428278,53.344112,29.536751,0.024158,0.841846,-0.050213,0.536834,6.260696,9.62775,39.195435,0.008254,0.918853,-0.092172,0.383594,-5.278378,3.271162,-14.118026,0.024158,0.841846,-0.050213,0.536834,18.288834,2.063438,33.699219
419,3.491667,-0.029211,0.869098,0.065966,0.48935,-4.507048,87.404617,17.404106,-0.01907,0.866199,0.074388,0.493763,-5.388415,94.966866,18.061861,-0.011151,0.865878,0.06715,0.495602,-7.251657,112.256432,19.987089,0.121547,0.926495,-0.075196,0.348107,-8.986554,132.272919,22.113207,0.120543,0.95196,-0.237143,0.151675,-3.808786,145.71022,19.931801,-0.000179,0.825092,0.080046,0.559299,-11.233763,126.135086,18.668274,0.32296,-0.385028,0.288857,-0.814869,-18.486633,127.86409,0.786917,0.260499,-0.122535,-0.448851,-0.845966,-4.260726,108.791458,-10.901661,0.369289,-0.007262,-0.620042,-0.692186,8.937854,124.981323,-21.170279,-0.124107,0.910529,0.088699,0.384274,-7.446311,125.783173,25.071892,0.332667,0.876081,0.091317,-0.336863,5.608829,128.841019,39.05579,-0.011795,0.326514,0.523414,-0.786948,20.23455,115.019844,21.798111,0.107073,0.095596,0.669054,-0.729221,14.701253,134.281906,10.179828,0.02259,0.839293,0.212464,0.499936,-9.347172,87.533096,9.441349,0.127368,0.946667,-0.02323,0.295059,-3.126507,55.142681,-4.076163,0.008293,0.918887,-0.092339,0.383473,-14.586051,11.68589,-5.478155,-0.149112,0.773333,0.042935,0.614718,0.333077,87.276131,25.366863,0.05965,-0.586469,0.101606,-0.801356,10.435306,53.347744,29.534403,0.02424,0.841775,-0.050274,0.536935,6.259012,9.63192,39.191765,0.008293,0.918887,-0.092339,0.383473,-5.277327,3.271386,-14.118012,0.02424,0.841775,-0.050274,0.536935,18.287033,2.065091,33.69875
420,3.5,-0.028982,0.869102,0.065887,0.489367,-4.506038,87.407265,17.398142,-0.018948,0.866171,0.074342,0.493824,-5.383797,94.969872,18.056545,-0.011015,0.865838,0.067198,0.495669,-7.242392,112.257263,19.982113,0.121835,0.926438,-0.075155,0.348168,-8.973648,132.273605,22.112488,0.120375,0.952039,-0.236899,0.151695,-3.788585,145.708817,19.935553,-0.000308,0.82481,0.08036,0.55967,-11.221588,126.136993,18.665865,0.323081,-0.385362,0.288932,-0.814637,-18.458384,127.86982,0.778373,0.260341,-0.122259,-0.448977,-0.845988,-4.248424,108.789314,-10.916717,0.369235,-0.007281,-0.620011,-0.692242,8.947447,124.988106,-21.172352,-0.124609,0.910375,0.089422,0.384309,-7.435088,125.782906,25.069925,0.332703,0.876159,0.090827,-0.336757,5.614159,128.846832,39.057983,-0.012066,0.326919,0.523426,-0.786768,20.242376,115.013329,21.812321,0.10688,0.095804,0.669151,-0.729133,14.721662,134.276688,10.188036,0.022603,0.83922,0.212419,0.500077,-9.34609,87.538734,9.435391,0.127301,0.946685,-0.023295,0.295024,-3.125568,55.146969,-4.07895,0.004861,0.919332,-0.093034,0.382294,-14.581245,11.688906,-5.473211,-0.14911,0.773243,0.042971,0.61483,0.334014,87.275787,25.360891,0.059713,-0.586364,0.10165,-0.801423,10.437043,53.347553,29.527786,0.024136,0.841765,-0.050234,0.53696,6.259795,9.633213,39.191456,0.004861,0.919332,-0.093034,0.382294,-5.253001,3.293349,-14.110446,0.024136,0.841765,-0.050234,0.53696,18.289724,2.068769,33.699345
421,3.508333,-0.028936,0.869089,0.065943,0.489385,-4.500386,87.409218,17.390949,-0.01882,0.866167,0.074299,0.493843,-5.377954,94.971756,18.050428,-0.010888,0.865829,0.067242,0.495681,-7.231823,112.258003,19.976707,0.121972,0.926418,-0.075168,0.348171,-8.959537,132.274216,22.11116,0.120244,0.952125,-0.236591,0.151736,-3.770801,145.708191,19.935333,-0.000198,0.824813,0.080349,0.559667,-11.208533,126.13871,18.66326,0.324609,-0.386202,0.287928,-0.813987,-18.445469,127.874794,0.77613,0.261129,-0.121535,-0.448978,-0.845848,-4.239141,108.80191,-10.935822,0.369223,-0.007192,-0.619928,-0.692324,8.959349,124.995377,-21.174353,-0.124576,0.910304,0.089386,0.384497,-7.422163,125.782631,25.067287,0.332674,0.876235,0.09091,-0.336565,5.621808,128.84494,39.060627,-0.012195,0.327122,0.523415,-0.786689,20.257917,115.012016,21.821186,0.106713,0.096037,0.669181,-0.729099,14.743408,134.272903,10.195142,0.022678,0.839171,0.212382,0.500172,-9.340162,87.541992,9.428049,0.12734,0.946837,-0.023285,0.294521,-3.123952,55.149364,-4.086216,0.005843,0.9191,-0.092374,0.383,-14.583336,11.692154,-5.476287,-0.149013,0.77296,0.043102,0.6152,0.33939,87.276443,25.353849,0.059829,-0.586106,0.101756,-0.80159,10.440965,53.346954,29.51409,0.023646,0.841797,-0.050384,0.536918,6.259279,9.635794,39.190216,0.005843,0.9191,-0.092374,0.383,-5.250537,3.302211,-14.114061,0.023646,0.841797,-0.050384,0.536918,18.293337,2.075075,33.702003
422,3.516667,-0.028394,0.868527,0.066418,0.490349,-4.473602,87.430214,17.363235,-0.019074,0.865912,0.074974,0.494178,-5.348269,94.992271,18.032097,-0.010819,0.865754,0.067238,0.495814,-7.220599,112.259819,19.971884,0.122035,0.926353,-0.075241,0.348304,-8.946148,132.276108,22.107306,0.120181,0.952182,-0.23626,0.151947,-3.754601,145.708954,19.931152,-6.5e-05,0.824781,0.080381,0.55971,-11.194983,126.141182,18.658287,0.322762,-0.385433,0.288989,-0.814709,-18.430063,127.882362,0.770907,0.260293,-0.121938,-0.448917,-0.846081,-4.224748,108.803574,-10.932639,0.369418,-0.007059,-0.620164,-0.69201,8.979672,125.009003,-21.176266,-0.124485,0.910263,0.089447,0.384609,-7.410553,125.784096,25.063404,0.332723,0.876277,0.091002,-0.336383,5.630955,128.841721,39.060062,-0.012265,0.327048,0.523524,-0.786646,20.271856,115.006546,21.82649,0.106849,0.09615,0.669528,-0.728746,14.759845,134.273346,10.204357,0.022838,0.839395,0.21138,0.500213,-9.29635,87.577599,9.39027,0.127362,0.946729,-0.023226,0.294861,-3.12517,55.155216,-4.073176,0.005638,0.919113,-0.092468,0.382948,-14.584351,11.698257,-5.472896,-0.149132,0.773147,0.042811,0.614956,0.349146,87.282829,25.336201,0.05975,-0.586222,0.101785,-0.801507,10.445762,53.354103,29.514555,0.02398,0.84164,-0.05034,0.537152,6.259207,9.642622,39.187115,0.005638,0.919113,-0.092468,0.382948,-5.250327,3.308246,-14.109273,0.02398,0.84164,-0.05034,0.537152,18.292768,2.078119,33.703049
423,3.525,-0.028173,0.868514,0.066349,0.490395,-4.473975,87.431625,17.354687,-0.018885,0.865863,0.074966,0.494272,-5.345235,94.994011,18.02425,-0.010655,0.865694,0.067232,0.495924,-7.211776,112.260567,19.96673,0.122304,0.926311,-0.075143,0.348344,-8.931735,132.277039,22.105017,0.120004,0.952264,-0.236081,0.151849,-3.73399,145.708389,19.934479,0.000207,0.824734,0.080321,0.559788,-11.181645,126.143349,18.654486,0.322337,-0.385435,0.289169,-0.814813,-18.413309,127.892136,0.766467,0.260073,-0.121901,-0.448749,-0.846243,-4.213588,108.812668,-10.942757,0.369406,-0.007042,-0.620025,-0.69214,8.998555,125.016891,-21.179434,-0.124392,0.910227,0.089432,0.384728,-7.398788,125.784073,25.06041,0.332819,0.876299,0.091228,-0.336168,5.640082,128.838058,39.060318,-0.012342,0.327181,0.523586,-0.786548,20.285252,115.001007,21.831875,0.106551,0.096245,0.669583,-0.728727,14.780247,134.269028,10.208244,0.022847,0.839355,0.211317,0.500306,-9.29612,87.582008,9.381412,0.12731,0.946731,-0.023286,0.294872,-3.126227,55.157764,-4.078144,0.005506,0.919143,-0.092542,0.38286,-14.58265,11.699876,-5.471544,-0.149207,0.773016,0.042848,0.6151,0.348169,87.281242,25.327963,0.059786,-0.586136,0.101817,-0.801563,10.44956,53.354324,29.509481,0.02286,0.841772,-0.050791,0.536952,6.261633,9.643817,39.185856,0.005506,0.919143,-0.092542,0.38286,-5.249011,3.309452,-14.107937,0.02286,0.841772,-0.050791,0.536952,18.302322,2.085374,33.709072
424,3.533333,-0.028352,0.868502,0.066504,0.490385,-4.464624,87.424744,17.346453,-0.018771,0.865828,0.074897,0.494348,-5.339396,94.986656,18.016724,-0.010498,0.865642,0.067166,0.496026,-7.20215,112.260017,19.959648,0.122466,0.9262,-0.075234,0.348561,-8.91559,132.276978,22.098591,0.119768,0.952286,-0.235889,0.152198,-3.711991,145.706207,19.928854,0.000748,0.824703,0.080021,0.559877,-11.166912,126.144241,18.647278,0.322054,-0.385498,0.289319,-0.814842,-18.394718,127.904106,0.758784,0.259847,-0.121872,-0.448477,-0.84646,-4.202168,108.822418,-10.955524,0.369119,-0.006928,-0.619735,-0.692554,9.020988,125.021362,-21.183819,-0.124334,0.910157,0.089435,0.384911,-7.385522,125.783333,25.053974,0.332952,0.87629,0.091294,-0.336042,5.648448,128.834244,39.05912,-0.012513,0.32738,0.523774,-0.786338,20.293388,114.991714,21.834894,0.106273,0.096293,0.669797,-0.728564,14.803651,134.263626,10.211786,0.02279,0.83947,0.211299,0.500124,-9.28677,87.573647,9.373151,0.127363,0.946702,-0.023389,0.294937,-3.11709,55.148663,-4.084724,0.005448,0.919186,-0.092356,0.382802,-14.580524,11.692408,-5.471529,-0.149208,0.772965,0.042776,0.615169,0.357523,87.275841,25.319756,0.059746,-0.586127,0.101927,-0.801559,10.455513,53.348507,29.506147,0.024018,0.841592,-0.050229,0.537236,6.257509,9.639576,39.185284,0.005448,0.919186,-0.092356,0.382802,-5.246168,3.306864,-14.111889,0.024018,0.841592,-0.050229,0.537236,18.292633,2.077009,33.701969
425,3.541667,-0.028191,0.868478,0.066424,0.490447,-4.460974,87.423965,17.340712,-0.01872,0.865752,0.07483,0.494493,-5.333068,94.986191,18.011074,-0.010354,0.865554,0.067125,0.496189,-7.193619,112.261673,19.952744,0.122478,0.926133,-0.075293,0.348723,-8.901601,132.278976,22.092821,0.119771,0.95229,-0.235723,0.152427,-3.696524,145.707565,19.922796,0.0008,0.824575,0.080079,0.560056,-11.153614,126.147247,18.640188,0.322898,-0.38602,0.288769,-0.814456,-18.373653,127.910568,0.748898,0.260009,-0.121527,-0.448342,-0.846532,-4.185605,108.832344,-10.976503,0.368606,-0.006824,-0.619157,-0.693345,9.039145,125.021019,-21.18721,-0.123945,0.910266,0.08913,0.384849,-7.374582,125.784615,25.048178,0.333074,0.876277,0.091198,-0.33598,5.664971,128.827072,39.049957,-0.013219,0.327727,0.523629,-0.786278,20.307821,114.977089,21.829948,0.105082,0.097086,0.669659,-0.728758,14.82087,134.255661,10.210674,0.022806,0.839401,0.211343,0.50022,-9.282141,87.574837,9.366854,0.127425,0.946839,-0.023392,0.29447,-3.110239,55.151249,-4.093361,0.005622,0.919141,-0.092495,0.382873,-14.579628,11.696437,-5.475913,-0.14921,0.772814,0.042847,0.615353,0.360194,87.273102,25.314569,0.059799,-0.586018,0.101996,-0.801625,10.460366,53.346252,29.499584,0.024114,0.84161,-0.050175,0.537209,6.258936,9.639174,39.185604,0.005622,0.919141,-0.092495,0.382873,-5.247053,3.305887,-14.113329,0.024114,0.84161,-0.050175,0.537209,18.292982,2.076423,33.700172
426,3.55,-0.029511,0.86827,0.067051,0.490653,-4.416484,87.402153,17.327993,-0.018994,0.865674,0.075048,0.494586,-5.310911,94.961929,17.996481,-0.010116,0.865527,0.067131,0.49624,-7.18696,112.265434,19.943085,0.122539,0.926107,-0.075298,0.348769,-8.886839,132.282898,22.08806,0.119805,0.952303,-0.23558,0.15254,-3.679969,145.710938,19.918856,0.00099,0.824493,0.080006,0.560187,-11.141105,126.152969,18.633698,0.322316,-0.385896,0.289072,-0.814637,-18.355434,127.921165,0.740588,0.259664,-0.121553,-0.448127,-0.846747,-4.171623,108.841095,-10.986929,0.36843,-0.006713,-0.618928,-0.693644,9.063923,125.030052,-21.191708,-0.123814,0.910254,0.089168,0.384911,-7.362749,125.787148,25.041908,0.333258,0.876271,0.09142,-0.335753,5.676218,128.824173,39.045418,-0.013096,0.32764,0.52414,-0.785976,20.32065,114.96862,21.831238,0.105809,0.096547,0.669748,-0.728643,14.856264,134.255325,10.217793,0.023126,0.839752,0.211273,0.499645,-9.232476,87.537758,9.350736,0.127616,0.946829,-0.023783,0.294386,-3.091467,55.113106,-4.121049,0.004686,0.919221,-0.091778,0.382868,-14.587156,11.664325,-5.474488,-0.148953,0.772842,0.042522,0.615403,0.399508,87.266548,25.30525,0.059783,-0.585947,0.102121,-0.801663,10.47167,53.332245,29.497343,0.022432,0.84181,-0.050511,0.536937,6.259669,9.627283,39.188297,0.004686,0.919221,-0.091778,0.382868,-5.237606,3.300312,-14.119286,0.022432,0.84181,-0.050511,0.536937,18.307537,2.081233,33.710217
427,3.558333,-0.027824,0.868403,0.066255,0.490624,-4.453998,87.4282,17.325706,-0.018418,0.865685,0.074891,0.494613,-5.320107,94.991074,17.996428,-0.01029,0.865496,0.066933,0.496317,-7.173316,112.270752,19.945383,0.12277,0.926016,-0.075192,0.348953,-8.875516,132.289154,22.079834,0.119799,0.952291,-0.235535,0.152686,-3.66295,145.716019,19.917084,0.00095,0.824343,0.080066,0.560399,-11.128537,126.157234,18.628164,0.322015,-0.385962,0.289046,-0.814734,-18.333662,127.926147,0.731416,0.259762,-0.12109,-0.448047,-0.846826,-4.151739,108.850754,-11.00598,0.368726,-0.006464,-0.619396,-0.693072,9.096869,125.048698,-21.197489,-0.12358,0.9102,0.089115,0.385128,-7.35137,125.795052,25.037283,0.333428,0.876252,0.091676,-0.335565,5.683374,128.823608,39.046558,-0.013001,0.327724,0.524358,-0.785797,20.328501,114.964149,21.8361,0.105693,0.096544,0.670335,-0.728121,14.877336,134.252686,10.220328,0.022789,0.839299,0.211123,0.500485,-9.272326,87.583717,9.350224,0.127464,0.946889,-0.023391,0.294291,-3.103117,55.153419,-4.095059,0.005562,0.919166,-0.092557,0.382801,-14.576038,11.699504,-5.476589,-0.149252,0.772691,0.042814,0.615499,0.364331,87.272682,25.301191,0.059881,-0.585831,0.102043,-0.80175,10.464518,53.346527,29.491762,0.02274,0.841742,-0.05067,0.537015,6.261881,9.641194,39.18512,0.005562,0.919166,-0.092557,0.382801,-5.24445,3.308094,-14.114243,0.02274,0.841742,-0.05067,0.537015,18.305838,2.087194,33.709396
428,3.566667,-0.029399,0.868194,0.067018,0.490798,-4.409874,87.40329,17.313524,-0.018381,0.86558,0.075001,0.494781,-5.302686,94.963234,17.982269,-0.010143,0.865394,0.066919,0.4965,-7.160251,112.272453,19.938208,0.122711,0.925972,-0.074878,0.349159,-8.857476,132.291046,22.07476,0.119802,0.952231,-0.235668,0.152855,-3.648549,145.720764,19.921007,0.000936,0.824225,0.080205,0.560553,-11.110906,126.160278,18.621342,0.32169,-0.38602,0.289161,-0.814794,-18.309366,127.932213,0.722207,0.259559,-0.12093,-0.447876,-0.847002,-4.133353,108.856598,-11.021959,0.368604,-0.006273,-0.61919,-0.693322,9.124872,125.055351,-21.202341,-0.12351,0.910168,0.089134,0.385219,-7.3364,125.796089,25.031916,0.333579,0.876274,0.092227,-0.335207,5.696278,128.821426,39.043816,-0.012788,0.327681,0.524405,-0.785787,20.348804,114.962616,21.839132,0.105613,0.096595,0.670373,-0.728091,14.89905,134.247925,10.220807,0.023061,0.839601,0.211227,0.499922,-9.223331,87.540627,9.334764,0.127767,0.946707,-0.024098,0.294688,-3.075676,55.114365,-4.130099,0.004889,0.91923,-0.091684,0.382867,-14.591863,11.67042,-5.464388,-0.148855,0.772485,0.042618,0.615868,0.403583,87.265953,25.292286,0.060004,-0.58536,0.102226,-0.802062,10.472219,53.330158,29.480759,0.023602,0.841638,-0.049937,0.537211,6.257489,9.629497,39.189919,0.004889,0.91923,-0.091684,0.382867,-5.244568,3.306456,-14.111677,0.023602,0.841638,-0.049937,0.537211,18.299622,2.079401,33.704792
429,3.575,-0.029279,0.868154,0.066917,0.490891,-4.407688,87.403877,17.307503,-0.018296,0.86552,0.074926,0.4949,-5.298222,94.964134,17.975718,-0.01003,0.865329,0.066862,0.496623,-7.152144,112.273453,19.930569,0.122783,0.925883,-0.075002,0.349341,-8.844571,132.29245,22.067158,0.119837,0.952215,-0.235513,0.153163,-3.631959,145.720551,19.912178,0.000976,0.824075,0.080279,0.560763,-11.098726,126.162361,18.612991,0.321474,-0.385959,0.289157,-0.81491,-18.288057,127.937828,0.71054,0.259765,-0.120558,-0.447788,-0.847038,-4.109383,108.866081,-11.036717,0.369037,-0.006102,-0.619469,-0.692844,9.159677,125.069199,-21.208187,-0.123401,0.910161,0.089195,0.385257,-7.32602,125.79702,25.024557,0.333737,0.876264,0.092496,-0.335001,5.706573,128.817444,39.037594,-0.0128,0.327676,0.524515,-0.785715,20.3608,114.955208,21.83712,0.105364,0.096698,0.670764,-0.727752,14.916261,134.24292,10.220462,0.023014,0.839564,0.211202,0.499997,-9.219574,87.542366,9.327816,0.127746,0.946739,-0.0241,0.294595,-3.068754,55.115204,-4.133446,0.004631,0.919303,-0.091947,0.382632,-14.583341,11.670777,-5.465903,-0.148887,0.772347,0.042685,0.616029,0.404199,87.265381,25.287188,0.060022,-0.585366,0.102263,-0.802051,10.476523,53.330673,29.475536,0.02247,0.841736,-0.050385,0.537063,6.260185,9.630898,39.187962,0.004631,0.919303,-0.091947,0.382632,-5.238763,3.303204,-14.112637,0.02247,0.841736,-0.050385,0.537063,18.310318,2.087142,33.7117
430,3.583333,-0.027612,0.868243,0.06612,0.490937,-4.440154,87.426865,17.301422,-0.01806,0.865473,0.074786,0.495013,-5.302687,94.990196,17.971649,-0.009895,0.865267,0.066766,0.496746,-7.144258,112.271797,19.922915,0.12292,0.925836,-0.074846,0.349452,-8.830348,132.291428,22.05864,0.119906,0.952197,-0.23553,0.153196,-3.615227,145.719559,19.909903,0.000978,0.823928,0.080196,0.56099,-11.085723,126.162041,18.604025,0.32009,-0.385378,0.289945,-0.81545,-18.265163,127.93647,0.6975,0.258928,-0.120903,-0.447673,-0.847306,-4.086947,108.860565,-11.043544,0.368932,-0.005921,-0.618885,-0.693423,9.18497,125.067604,-21.212791,-0.123286,0.9101,0.089142,0.38545,-7.314793,125.795532,25.016571,0.333932,0.876228,0.092824,-0.334809,5.713142,128.811752,39.034843,-0.012699,0.327808,0.524707,-0.785534,20.3673,114.946007,21.837141,0.105168,0.096638,0.670932,-0.727634,14.936331,134.234009,10.216589,0.022789,0.839044,0.211113,0.500917,-9.252966,87.585045,9.322659,0.127582,0.946807,-0.023836,0.294468,-3.077173,55.154465,-4.118925,0.005575,0.919255,-0.092727,0.382546,-14.571315,11.705133,-5.467872,-0.149326,0.772478,0.042839,0.615746,0.372659,87.268684,25.280184,0.05994,-0.585675,0.102237,-0.801836,10.476472,53.344242,29.475922,0.02278,0.841666,-0.050529,0.537146,6.261371,9.643089,39.182716,0.005575,0.919255,-0.092727,0.382546,-5.246042,3.309405,-14.108151,0.02278,0.841666,-0.050529,0.537146,18.307743,2.091671,33.708733
431,3.591667,-0.027464,0.86823,0.065953,0.490992,-4.437842,87.423553,17.29488,-0.017969,0.865411,0.074747,0.495131,-5.2972,94.987343,17.963961,-0.009742,0.865202,0.066581,0.496889,-7.135491,112.268402,19.91527,0.123169,0.925734,-0.074826,0.349638,-8.812895,132.289139,22.047392,0.119779,0.952212,-0.235433,0.153354,-3.590828,145.715256,19.903067,0.001104,0.823813,0.080082,0.561176,-11.070103,126.160263,18.593061,0.319747,-0.385263,0.290077,-0.815592,-18.241474,127.936829,0.683515,0.258794,-0.120706,-0.447638,-0.847394,-4.06259,108.862007,-11.058496,0.369039,-0.005705,-0.618695,-0.693537,9.213387,125.073051,-21.217503,-0.123436,0.909924,0.089579,0.385717,-7.301236,125.793007,25.006777,0.334226,0.876132,0.093239,-0.334653,5.717271,128.806198,39.034454,-0.012614,0.327993,0.525004,-0.78526,20.366531,114.935089,21.836912,0.105006,0.096765,0.671046,-0.727536,14.955892,134.225037,10.212521,0.02287,0.839039,0.210937,0.500995,-9.24981,87.582672,9.315629,0.127571,0.946594,-0.023772,0.295163,-3.083962,55.147064,-4.118396,0.005416,0.919169,-0.09273,0.382753,-14.574543,11.697212,-5.480988,-0.149417,0.772534,0.042826,0.615655,0.374126,87.264427,25.274134,0.059896,-0.585837,0.102319,-0.80171,10.482709,53.341846,29.473421,0.024908,0.84151,-0.049779,0.537367,6.261395,9.641746,39.182236,0.005416,0.919169,-0.09273,0.382753,-5.242936,3.303279,-14.116171,0.024908,0.84151,-0.049779,0.537367,18.291231,2.076405,33.691143
432,3.6,-0.027292,0.868142,0.065907,0.491164,-4.433805,87.42308,17.285746,-0.018213,0.865309,0.074614,0.49532,-5.29067,94.987106,17.955353,-0.00924,0.865132,0.066517,0.497028,-7.133132,112.255928,19.896618,0.122951,0.92577,-0.074578,0.349674,-8.792056,132.27739,22.036329,0.119971,0.952192,-0.235371,0.15342,-3.577773,145.707245,19.896435,0.001213,0.823575,0.080332,0.561488,-11.054232,126.152054,18.578997,0.319329,-0.385078,0.29037,-0.815738,-18.211981,127.938484,0.664984,0.258436,-0.120589,-0.447651,-0.847513,-4.034598,108.860359,-11.073475,0.368904,-0.00567,-0.618544,-0.693745,9.243568,125.079582,-21.222311,-0.123505,0.909795,0.089449,0.386029,-7.28729,125.778648,24.993488,0.334205,0.876209,0.093529,-0.33439,5.721246,128.79451,39.029839,-0.012748,0.328258,0.524946,-0.785185,20.380598,114.926842,21.838123,0.104601,0.09709,0.670944,-0.727645,14.975062,134.215591,10.208141,0.02282,0.839049,0.21085,0.501018,-9.2428,87.584831,9.304753,0.127631,0.94662,-0.023798,0.29505,-3.076749,55.146442,-4.122449,0.005579,0.919144,-0.09276,0.382804,-14.573161,11.698076,-5.483025,-0.149477,0.77246,0.042854,0.615731,0.37519,87.26133,25.266739,0.05989,-0.585942,0.102393,-0.801624,10.487805,53.340214,29.468166,0.025012,0.841488,-0.049797,0.537394,6.262219,9.641403,39.180939,0.005579,0.919144,-0.09276,0.382804,-5.242933,3.301781,-14.117405,0.025012,0.841488,-0.049797,0.537394,18.291014,2.074165,33.690174
433,3.608333,-0.027192,0.868035,0.065921,0.491356,-4.430169,87.421097,17.276907,-0.017874,0.865253,0.074624,0.495428,-5.285965,94.985176,17.947256,-0.009391,0.865077,0.066284,0.497151,-7.119106,112.259201,19.895012,0.123236,0.925666,-0.074535,0.349857,-8.778934,132.281799,22.023335,0.120068,0.952179,-0.235303,0.153529,-3.556991,145.709534,19.888817,0.001232,0.823421,0.080161,0.56174,-11.040015,126.154541,18.568682,0.319055,-0.384947,0.290502,-0.81586,-18.186832,127.938637,0.650077,0.25825,-0.120455,-0.447655,-0.847586,-4.008154,108.860741,-11.087167,0.368785,-0.005451,-0.618502,-0.693847,9.271868,125.084961,-21.227718,-0.123333,0.909716,0.089447,0.386272,-7.27494,125.784683,24.98447,0.334514,0.876139,0.093825,-0.334182,5.727968,128.793289,39.027584,-0.01278,0.328534,0.52518,-0.784913,20.383736,114.91674,21.839979,0.104301,0.097358,0.670944,-0.727651,14.997998,134.207932,10.205074,0.022899,0.838952,0.210757,0.501216,-9.235747,87.584869,9.2939,0.127642,0.946573,-0.023913,0.295188,-3.07459,55.143951,-4.129431,0.005394,0.919164,-0.092755,0.382759,-14.574745,11.69633,-5.482234,-0.149554,0.772813,0.042753,0.615277,0.37541,87.257317,25.259912,0.059904,-0.585957,0.102436,-0.801607,10.49017,53.337223,29.464394,0.024856,0.841517,-0.049882,0.537348,6.262463,9.639361,39.180489,0.005394,0.919164,-0.092755,0.382759,-5.242848,3.302069,-14.116783,0.024856,0.841517,-0.049882,0.537348,18.291817,2.07246,33.690498
434,3.616667,-0.027034,0.867972,0.066388,0.491412,-4.416328,87.414337,17.250313,-0.0177,0.865127,0.074892,0.495615,-5.273569,94.977608,17.927958,-0.009379,0.86494,0.0662,0.497402,-7.107217,112.257256,19.887157,0.123214,0.925574,-0.0747,0.350072,-8.765555,132.280319,22.012352,0.120232,0.952169,-0.235079,0.153808,-3.541849,145.706879,19.874792,0.001266,0.823111,0.080255,0.56218,-11.025493,126.152992,18.557076,0.318786,-0.384864,0.290748,-0.815917,-18.153137,127.941536,0.631279,0.257973,-0.120293,-0.447649,-0.847697,-3.978673,108.859016,-11.103537,0.368501,-0.005326,-0.618616,-0.693898,9.304961,125.090752,-21.233685,-0.123247,0.90964,0.089375,0.386493,-7.264127,125.783325,24.975052,0.334594,0.876177,0.094001,-0.333953,5.732976,128.788864,39.024197,-0.012792,0.328775,0.525285,-0.784742,20.394005,114.909874,21.84305,0.104114,0.097548,0.671258,-0.727363,15.02103,134.199875,10.203049,0.022966,0.838781,0.210485,0.501612,-9.221035,87.585045,9.266928,0.12772,0.946522,-0.024088,0.295303,-3.067432,55.136143,-4.140583,0.005267,0.919143,-0.092577,0.382855,-14.578581,11.691078,-5.481975,-0.149714,0.772767,0.042535,0.615311,0.388379,87.243629,25.233698,0.059892,-0.585804,0.102566,-0.801702,10.501993,53.325611,29.457701,0.024091,0.841561,-0.050241,0.53728,6.262544,9.630007,39.178856,0.005267,0.919143,-0.092577,0.382855,-5.24196,3.302373,-14.116817,0.024091,0.841561,-0.050241,0.53728,18.297295,2.066128,33.696533
435,3.625,-0.026919,0.867859,0.066387,0.491619,-4.409614,87.413956,17.241383,-0.017567,0.864985,0.074785,0.495882,-5.265488,94.977318,17.919682,-0.009357,0.86478,0.066139,0.497688,-7.093721,112.256119,19.87726,0.123284,0.925421,-0.074874,0.350416,-8.750771,132.279526,22.000217,0.120235,0.95212,-0.23499,0.154242,-3.522346,145.704041,19.861275,0.00126,0.822889,0.08028,0.562501,-11.009275,126.152298,18.543823,0.318536,-0.384743,0.290935,-0.816005,-18.1229,127.942207,0.612591,0.257809,-0.120091,-0.447679,-0.84776,-3.949231,108.857391,-11.119473,0.368385,-0.005072,-0.618716,-0.693872,9.336321,125.096001,-21.239567,-0.123034,0.909582,0.089327,0.386709,-7.252141,125.782501,24.964272,0.334738,0.876197,0.094321,-0.333665,5.74052,128.780228,39.019196,-0.012839,0.32897,0.525363,-0.784607,20.406662,114.898445,21.844679,0.103893,0.097872,0.671237,-0.727371,15.043283,134.189301,10.200533,0.023129,0.838773,0.210201,0.501738,-9.210637,87.58683,9.255828,0.127661,0.946296,-0.024197,0.296044,-3.075011,55.129971,-4.14063,0.005045,0.919153,-0.092392,0.382879,-14.582983,11.684007,-5.480157,-0.149629,0.772453,0.042706,0.615713,0.39141,87.241074,25.226938,0.060057,-0.585438,0.102676,-0.801943,10.50574,53.322292,29.443058,0.024115,0.841566,-0.050248,0.537271,6.262863,9.63051,39.179901,0.005045,0.919153,-0.092392,0.382879,-5.241739,3.301961,-14.116467,0.024115,0.841566,-0.050248,0.537271,18.297144,2.066129,33.697231
436,3.633333,-0.026834,0.867745,0.06636,0.491828,-4.402751,87.412628,17.231926,-0.017433,0.864884,0.074701,0.496076,-5.257454,94.97612,17.910309,-0.009306,0.864676,0.066052,0.497881,-7.080331,112.252869,19.86697,0.123187,0.925399,-0.074724,0.350539,-8.734321,132.276779,21.987572,0.120413,0.952092,-0.234972,0.154302,-3.509317,145.703217,19.852383,0.001237,0.822719,0.08029,0.562748,-10.992546,126.149712,18.530701,0.318325,-0.384531,0.291007,-0.816162,-18.095436,127.939865,0.595239,0.257749,-0.119958,-0.447733,-0.847768,-3.91537,108.857414,-11.132921,0.368425,-0.004854,-0.618727,-0.693842,9.368303,125.098923,-21.246357,-0.123159,0.909453,0.089293,0.386982,-7.238265,125.779701,24.952805,0.33502,0.876185,0.09451,-0.33336,5.745035,128.780777,39.015663,-0.01279,0.329358,0.525509,-0.784347,20.41193,114.887878,21.850758,0.103683,0.09821,0.671144,-0.727441,15.068197,134.174454,10.197018,0.023231,0.838654,0.210097,0.501975,-9.200035,87.58696,9.244154,0.127703,0.946281,-0.024285,0.296064,-3.070471,55.127316,-4.148352,0.005179,0.919125,-0.092405,0.382941,-14.584261,11.682707,-5.481771,-0.14967,0.772396,0.042706,0.615775,0.394532,87.238304,25.219696,0.060046,-0.585502,0.102725,-0.801891,10.510694,53.320396,29.438427,0.024017,0.841578,-0.050371,0.537246,6.264534,9.629401,39.177345,0.005179,0.919125,-0.092405,0.382941,-5.24368,3.299001,-14.117185,0.024017,0.841578,-0.050371,0.537246,18.298658,2.063692,33.696171
437,3.641667,-0.026609,0.867616,0.066184,0.492092,-4.400065,87.411064,17.222717,-0.01714,0.864706,0.074662,0.496403,-5.25067,94.975098,17.900211,-0.009485,0.864452,0.066167,0.498252,-7.065581,112.260368,19.861027,0.123558,0.925204,-0.07511,0.350841,-8.72905,132.283524,21.981304,0.120474,0.952062,-0.234947,0.154479,-3.489751,145.703751,19.842062,0.000969,0.822343,0.080223,0.563307,-10.981883,126.155807,18.522085,0.318056,-0.384219,0.291189,-0.816348,-18.060366,127.93766,0.576155,0.257691,-0.119888,-0.447902,-0.847706,-3.873207,108.855179,-11.143373,0.368651,-0.004721,-0.618817,-0.693642,9.401867,125.100372,-21.252779,-0.12274,0.909472,0.089142,0.387104,-7.233158,125.786842,24.947493,0.33531,0.876109,0.094897,-0.333158,5.75046,128.77507,39.012787,-0.012591,0.329224,0.525875,-0.784161,20.414185,114.875916,21.85026,0.103953,0.098208,0.671787,-0.726809,15.083424,134.171097,10.197804,0.023178,0.838485,0.210099,0.502259,-9.192737,87.587799,9.232233,0.12783,0.946677,-0.024363,0.294733,-3.055426,55.128025,-4.156403,0.004483,0.919387,-0.093098,0.382151,-14.583741,11.686683,-5.470432,-0.149901,0.77255,0.042608,0.615533,0.392606,87.234329,25.213203,0.059882,-0.585792,0.102779,-0.801685,10.518114,53.320766,29.444397,0.024214,0.841552,-0.050323,0.537282,6.26284,9.629003,39.175865,0.004483,0.919387,-0.093098,0.382151,-5.253534,3.293504,-14.107856,0.024214,0.841552,-0.050323,0.537282,18.295473,2.061545,33.693836
438,3.65,-0.026629,0.867891,0.065582,0.491686,-4.410859,87.39196,17.227654,-0.016983,0.864748,0.074235,0.496399,-5.256909,94.957191,17.897449,-0.009204,0.864414,0.065775,0.498375,-7.059761,112.245605,19.848261,0.123182,0.925244,-0.07451,0.350996,-8.705814,132.271072,21.960329,0.120723,0.951979,-0.235039,0.15466,-3.481213,145.699066,19.833843,0.001098,0.822249,0.080385,0.563422,-10.963358,126.144012,18.503014,0.318101,-0.383999,0.291168,-0.816442,-18.036825,127.933899,0.555904,0.25788,-0.119655,-0.447942,-0.847661,-3.840049,108.853676,-11.155668,0.368852,-0.004512,-0.618826,-0.693529,9.435463,125.100586,-21.259644,-0.122795,0.909294,0.088836,0.387576,-7.216375,125.774216,24.92939,0.335429,0.87615,0.094952,-0.332915,5.752561,128.766495,39.007359,-0.01291,0.329718,0.525765,-0.784022,20.420624,114.860825,21.853823,0.103372,0.099196,0.671607,-0.726924,15.099713,134.153137,10.193639,0.023126,0.838466,0.210394,0.50217,-9.210947,87.562218,9.241481,0.127775,0.946506,-0.024495,0.295296,-3.061281,55.111122,-4.162512,0.003938,0.919432,-0.092784,0.382126,-14.587648,11.669087,-5.470694,-0.149958,0.772329,0.042814,0.615782,0.389229,87.221703,25.213825,0.059878,-0.585767,0.102889,-0.801689,10.525285,53.310596,29.439491,0.024232,0.841558,-0.05019,0.537284,6.261758,9.620815,39.176258,0.003938,0.919432,-0.092784,0.382126,-5.248609,3.288925,-14.111211,0.024232,0.841558,-0.05019,0.537284,18.295271,2.056038,33.692463
439,3.658333,-0.026546,0.86777,0.065485,0.491916,-4.402519,87.39032,17.219826,-0.016971,0.864621,0.074202,0.496625,-5.246921,94.955811,17.888752,-0.009103,0.864294,0.065681,0.498596,-7.049126,112.242493,19.838104,0.123344,0.925109,-0.074622,0.35127,-8.69031,132.268539,21.948553,0.120713,0.95193,-0.235039,0.154966,-3.459466,145.694199,19.822756,0.001114,0.822132,0.08033,0.5636,-10.947967,126.141998,18.490379,0.318394,-0.383938,0.291111,-0.816377,-18.013664,127.931725,0.540183,0.258045,-0.119742,-0.44783,-0.847657,-3.81262,108.850075,-11.163879,0.368733,-0.004278,-0.618279,-0.694081,9.462075,125.085022,-21.269945,-0.122911,0.909187,0.088741,0.387809,-7.204243,125.77137,24.91861,0.335653,0.876182,0.094826,-0.332642,5.756574,128.767868,39.00317,-0.012964,0.330201,0.525843,-0.783766,20.426321,114.847626,21.862873,0.103253,0.099622,0.671426,-0.727049,15.124247,134.136642,10.19103,0.023226,0.838355,0.210269,0.502403,-9.198475,87.561378,9.231184,0.12782,0.946534,-0.024552,0.295181,-3.055559,55.106873,-4.167662,0.004043,0.919428,-0.092683,0.382159,-14.587365,11.666116,-5.470762,-0.149973,0.772257,0.042814,0.615868,0.393437,87.219269,25.208467,0.059885,-0.585709,0.102995,-0.801718,10.529837,53.308498,29.435999,0.023219,0.841738,-0.051236,0.536948,6.258417,9.620773,39.17852,0.004043,0.919428,-0.092683,0.382159,-5.248524,3.287218,-14.112727,0.023219,0.841738,-0.051236,0.536948,18.291145,2.047271,33.705044
440,3.666667,-0.026318,0.867258,0.066046,0.492756,-4.373304,87.404266,17.193398,-0.016882,0.8643,0.07465,0.497119,-5.219543,94.968811,17.870626,-0.009355,0.864043,0.065855,0.499004,-7.027839,112.252083,19.833807,0.123692,0.924884,-0.075002,0.35166,-8.68232,132.276993,21.94441,0.120728,0.951862,-0.235118,0.155251,-3.437507,145.696655,19.815121,0.000899,0.821931,0.080192,0.563912,-10.933132,126.149513,18.483471,0.319899,-0.384654,0.290175,-0.815785,-17.985197,127.930321,0.527039,0.25904,-0.118887,-0.447799,-0.847491,-3.78449,108.855507,-11.188578,0.368957,-0.004061,-0.618434,-0.693825,9.496604,125.085152,-21.276983,-0.12244,0.909193,0.088349,0.388035,-7.195545,125.780403,24.915356,0.33571,0.876213,0.095051,-0.332438,5.762955,128.765442,39.004475,-0.012557,0.330128,0.525947,-0.783733,20.437866,114.84494,21.868818,0.10372,0.099734,0.672181,-0.72627,15.138951,134.129532,10.190975,0.023566,0.838226,0.209566,0.502896,-9.154074,87.585434,9.195886,0.127785,0.946668,-0.024572,0.294767,-3.049065,55.111038,-4.172031,0.007925,0.919104,-0.09201,0.38304,-14.579008,11.669564,-5.467479,-0.149972,0.772094,0.042666,0.616083,0.407465,87.223091,25.19091,0.059912,-0.585642,0.103059,-0.801756,10.536172,53.311378,29.42931,0.023008,0.841759,-0.051554,0.536893,6.260838,9.625119,39.176689,0.007925,0.919104,-0.09201,0.38304,-5.271981,3.266185,-14.11998,0.023008,0.841759,-0.051554,0.536893,18.292818,2.047595,33.70715
441,3.675,-0.026333,0.867159,0.065985,0.492938,-4.362051,87.404099,17.18416,-0.016841,0.864171,0.074714,0.497335,-5.208174,94.968758,17.860289,-0.009363,0.863913,0.06571,0.499248,-7.016946,112.252975,19.825787,0.123961,0.924748,-0.075008,0.351922,-8.669365,132.278671,21.930727,0.120782,0.95182,-0.235148,0.155419,-3.416576,145.695908,19.805922,0.000951,0.821722,0.080048,0.564238,-10.919245,126.150726,18.46999,0.319768,-0.384272,0.290252,-0.815989,-17.957088,127.931084,0.507934,0.259153,-0.118545,-0.448046,-0.847373,-3.743185,108.85894,-11.196003,0.369139,-0.003832,-0.619161,-0.693081,9.536834,125.106033,-21.279768,-0.122252,0.909133,0.088033,0.388306,-7.185288,125.782539,24.904036,0.336028,0.876238,0.095877,-0.331811,5.766846,128.764511,38.999653,-0.011953,0.329999,0.526048,-0.783729,20.45249,114.840149,21.876328,0.103877,0.09986,0.672653,-0.725793,15.155271,134.116394,10.190207,0.02354,0.83791,0.2099,0.503285,-9.139461,87.584732,9.184628,0.128186,0.946678,-0.024794,0.294542,-3.014584,55.120205,-4.19818,0.00972,0.918719,-0.092242,0.383864,-14.584247,11.688969,-5.482761,-0.149802,0.771564,0.042738,0.616784,0.415358,87.223473,25.183693,0.060065,-0.585349,0.103027,-0.801963,10.534389,53.308575,29.419746,0.024153,0.84155,-0.050401,0.53728,6.265914,9.623376,39.174873,0.00972,0.918719,-0.092242,0.383864,-5.286781,3.262073,-14.122663,0.024153,0.84155,-0.050401,0.53728,18.298632,2.055059,33.694218
442,3.683333,-0.026348,0.867068,0.065959,0.493101,-4.351133,87.404213,17.175978,-0.016822,0.864005,0.074604,0.497641,-5.197393,94.96891,17.851496,-0.009438,0.863707,0.065732,0.4996,-7.004919,112.258636,19.813963,0.124241,0.924552,-0.075165,0.352304,-8.661264,132.284149,21.917511,0.120973,0.951702,-0.235313,0.155742,-3.39834,145.697678,19.794247,0.000824,0.821442,0.079999,0.564653,-10.907621,126.155945,18.454929,0.319622,-0.383835,0.290503,-0.816162,-17.927311,127.932465,0.485393,0.259107,-0.118636,-0.447996,-0.847401,-3.703344,108.857155,-11.201149,0.368955,-0.003784,-0.619184,-0.693159,9.578487,125.102928,-21.287645,-0.122071,0.909084,0.087925,0.388501,-7.178925,125.788185,24.892048,0.33621,0.876303,0.095778,-0.331485,5.769047,128.764496,38.992683,-0.011906,0.330305,0.526185,-0.783508,20.459696,114.827133,21.884249,0.10404,0.100067,0.672779,-0.725624,15.178444,134.102875,10.189036,0.023362,0.838081,0.209628,0.503121,-9.12553,87.584618,9.174644,0.128168,0.946781,-0.024733,0.294224,-3.002496,55.111378,-4.187854,0.003089,0.919814,-0.094189,0.380869,-14.56942,11.679435,-5.473207,-0.149816,0.771082,0.042851,0.617375,0.423264,87.223816,25.177311,0.060033,-0.585341,0.103172,-0.801952,10.544661,53.309898,29.415518,0.024628,0.841493,-0.050092,0.537377,6.264188,9.627029,39.175835,0.003089,0.919814,-0.094189,0.380869,-5.252178,3.274433,-14.113129,0.024628,0.841493,-0.050092,0.537377,18.294983,2.058758,33.690895
443,3.691667,-0.026254,0.867154,0.065543,0.49301,-4.356358,87.394058,17.172966,-0.016561,0.863958,0.074318,0.497773,-5.198169,94.959671,17.843796,-0.009401,0.863593,0.065597,0.499815,-6.993421,112.254013,19.802275,0.124506,0.924418,-0.075188,0.352557,-8.646282,132.280273,21.901443,0.121041,0.951644,-0.235387,0.155931,-3.375368,145.691284,19.782146,0.000886,0.821189,0.079868,0.565039,-10.892348,126.15197,18.438877,0.319854,-0.383817,0.290458,-0.816095,-17.895157,127.928772,0.462782,0.259353,-0.11833,-0.447861,-0.84744,-3.669077,108.852005,-11.218829,0.369179,-0.003842,-0.618904,-0.693289,9.621613,125.095459,-21.29686,-0.122083,0.908962,0.087789,0.388816,-7.166834,125.784508,24.877857,0.336322,0.876405,0.095931,-0.331057,5.771554,128.761642,38.987114,-0.011863,0.330648,0.526171,-0.783374,20.473232,114.817772,21.893448,0.103759,0.100266,0.672825,-0.725594,15.201756,134.08931,10.186781,0.023356,0.837918,0.209797,0.503322,-9.132515,87.572006,9.172626,0.128318,0.946588,-0.024734,0.294779,-2.999847,55.10379,-4.197651,0.009662,0.918721,-0.092119,0.383892,-14.578648,11.675334,-5.493731,-0.14995,0.770997,0.042966,0.617441,0.4198,87.216118,25.173306,0.05996,-0.585475,0.103282,-0.801845,10.55292,53.305771,29.412069,0.024734,0.841444,-0.049973,0.53746,6.262331,9.624174,39.173634,0.009662,0.918721,-0.092119,0.383892,-5.279078,3.251938,-14.134777,0.024734,0.841444,-0.049973,0.53746,18.293949,2.057056,33.688915
444,3.7,-0.026183,0.866885,0.065703,0.493465,-4.339924,87.394203,17.157087,-0.016623,0.863755,0.074473,0.498101,-5.182355,94.959549,17.83013,-0.009406,0.863435,0.065433,0.500111,-6.982692,112.250938,19.791273,0.124763,0.92417,-0.075693,0.353008,-8.633146,132.278061,21.884096,0.120935,0.951596,-0.2352,0.156591,-3.349234,145.682816,19.75757,0.000814,0.820869,0.079809,0.565511,-10.87805,126.149277,18.421619,0.319624,-0.383503,0.290719,-0.81624,-17.860149,127.923943,0.437258,0.259331,-0.118147,-0.447805,-0.847502,-3.62933,108.843681,-11.232844,0.369317,-0.003791,-0.618796,-0.693312,9.666101,125.089058,-21.303209,-0.122169,0.908847,0.087675,0.389082,-7.156941,125.782791,24.863203,0.336519,0.876495,0.095951,-0.330612,5.772607,128.763229,38.97987,-0.012044,0.331304,0.526229,-0.783055,20.482849,114.806664,21.903946,0.103398,0.100692,0.672314,-0.726061,15.234094,134.076584,10.182233,0.023427,0.83787,0.209564,0.503496,-9.107796,87.575455,9.151879,0.128377,0.94672,-0.024911,0.294313,-2.985008,55.100513,-4.20659,0.008169,0.919182,-0.093175,0.382564,-14.573929,11.674184,-5.483503,-0.150005,0.77094,0.042883,0.617504,0.427947,87.212952,25.162298,0.059941,-0.585604,0.103395,-0.801739,10.560064,53.303291,29.408932,0.023452,0.841674,-0.051273,0.537035,6.262027,9.623578,39.175682,0.008169,0.919182,-0.093175,0.382564,-5.286769,3.240818,-14.128179,0.023452,0.841674,-0.051273,0.537035,18.292839,2.045926,33.703735
445,3.708333,-0.026222,0.866752,0.065742,0.493692,-4.325521,87.389252,17.146893,-0.016708,0.863615,0.074416,0.49835,-5.16894,94.954491,17.819925,-0.00937,0.8633,0.06527,0.500365,-6.971722,112.248901,19.777676,0.124373,0.92416,-0.07542,0.353231,-8.618241,132.276901,21.865099,0.121687,0.951391,-0.235469,0.15685,-3.346088,145.687012,19.743147,0.000849,0.820553,0.07998,0.565946,-10.862739,126.147926,18.402706,0.31803,-0.382503,0.292018,-0.816868,-17.825775,127.92878,0.411563,0.258694,-0.118724,-0.447546,-0.847753,-3.59447,108.831856,-11.230676,0.369424,-0.003562,-0.61852,-0.693503,9.708648,125.072739,-21.311205,-0.121849,0.908696,0.087269,0.389627,-7.145401,125.781921,24.846495,0.336567,0.87663,0.096302,-0.330105,5.770735,128.754639,38.977062,-0.012072,0.331793,0.526179,-0.782881,20.497051,114.797005,21.915869,0.103042,0.10123,0.672235,-0.726109,15.261118,134.060684,10.180307,0.023471,0.83792,0.209486,0.503442,-9.089168,87.570572,9.13917,0.128448,0.946372,-0.02513,0.295381,-2.972668,55.093468,-4.216917,0.008223,0.919139,-0.09319,0.382663,-14.571831,11.66977,-5.49019,-0.150036,0.770871,0.042889,0.617582,0.438125,87.207939,25.154613,0.059911,-0.585513,0.10349,-0.801795,10.57169,53.298969,29.403341,0.024724,0.841457,-0.050059,0.537432,6.264228,9.620703,39.17239,0.008223,0.919139,-0.09319,0.382663,-5.283517,3.235584,-14.132826,0.024724,0.841457,-0.050059,0.537432,18.294884,2.051804,33.688004
446,3.716667,-0.026411,0.866596,0.065854,0.49394,-4.310638,87.38868,17.138727,-0.01671,0.86349,0.074374,0.498572,-5.157593,94.953529,17.811567,-0.009395,0.863183,0.065138,0.500583,-6.959984,112.246178,19.767332,0.124796,0.923962,-0.075864,0.353502,-8.605224,132.274872,21.849255,0.121631,0.951409,-0.235205,0.157177,-3.316988,145.677811,19.722134,0.000797,0.820216,0.080001,0.566432,-10.8487,126.14534,18.387171,0.317619,-0.382117,0.292407,-0.81707,-17.790445,127.926506,0.387834,0.258649,-0.11865,-0.447466,-0.847819,-3.555563,108.824432,-11.241565,0.369633,-0.003259,-0.618262,-0.693623,9.749527,125.062012,-21.316013,-0.121869,0.908612,0.087121,0.389849,-7.134628,125.780403,24.832903,0.336857,0.876706,0.096456,-0.329561,5.774621,128.754913,38.969379,-0.011841,0.331848,0.526295,-0.782784,20.509607,114.782379,21.927887,0.103133,0.101426,0.67292,-0.725435,15.280612,134.045944,10.185309,0.023479,0.837707,0.209616,0.503743,-9.069542,87.568359,9.128149,0.128754,0.946454,-0.025326,0.294967,-2.94402,55.095161,-4.233305,0.008243,0.91909,-0.093443,0.382719,-14.574478,11.679438,-5.493024,-0.150024,0.770771,0.04291,0.617709,0.448266,87.208992,25.149303,0.059886,-0.585356,0.103624,-0.801894,10.581413,53.299892,29.398003,0.024006,0.841403,-0.050443,0.537513,6.261152,9.623858,39.171387,0.008243,0.91909,-0.093443,0.382719,-5.286819,3.239221,-14.130471,0.024006,0.841403,-0.050443,0.537513,18.298445,2.05678,33.699062
447,3.725,-0.026362,0.866448,0.066068,0.494174,-4.29925,87.389435,17.126497,-0.016749,0.863346,0.0743,0.498832,-5.147338,94.953903,17.80229,-0.009273,0.863048,0.064996,0.500838,-6.950326,112.247681,19.754702,0.125178,0.923797,-0.07577,0.353821,-8.589082,132.277206,21.833679,0.12173,0.951295,-0.235491,0.157363,-3.290709,145.677536,19.715288,0.00068,0.819934,0.079909,0.566853,-10.832953,126.148178,18.370953,0.32032,-0.383206,0.29117,-0.815947,-17.756207,127.924896,0.364056,0.260343,-0.11699,-0.447514,-0.847506,-3.527203,108.820557,-11.268835,0.370145,-0.003132,-0.618503,-0.693136,9.801706,125.073494,-21.317604,-0.121879,0.908543,0.087077,0.390016,-7.122646,125.782486,24.818808,0.33701,0.876825,0.096372,-0.329113,5.781444,128.757172,38.959965,-0.012003,0.332287,0.526271,-0.782611,20.526606,114.771637,21.937946,0.102971,0.101957,0.672715,-0.725573,15.309919,134.033096,10.185881,0.023509,0.837651,0.20946,0.5039,-9.053889,87.572235,9.113459,0.128828,0.946421,-0.025432,0.295033,-2.933342,55.094467,-4.239162,0.008281,0.919104,-0.093484,0.382674,-14.572639,11.68094,-5.492704,-0.150122,0.770791,0.042947,0.617657,0.45539,87.206635,25.139538,0.059897,-0.5851,0.103807,-0.802056,10.595562,53.299843,29.389896,0.022971,0.841566,-0.051579,0.537195,6.259781,9.627342,39.172153,0.008281,0.919104,-0.093484,0.382674,-5.286646,3.239344,-14.130592,0.022971,0.841566,-0.051579,0.537195,18.296074,2.049873,33.712029
448,3.733333,-0.026527,0.866278,0.066214,0.494443,-4.284216,87.393692,17.117411,-0.016771,0.863218,0.074147,0.499074,-5.135796,94.957733,17.793613,-0.009258,0.862923,0.064918,0.501063,-6.936508,112.244705,19.739691,0.125213,0.923678,-0.076022,0.354065,-8.573678,132.274658,21.815825,0.122097,0.951195,-0.235467,0.157719,-3.271122,145.672623,19.692984,0.000866,0.819667,0.079842,0.567248,-10.816587,126.145576,18.352562,0.320185,-0.383054,0.291463,-0.815966,-17.722458,127.927948,0.339547,0.260357,-0.11689,-0.447189,-0.847687,-3.496358,108.815941,-11.28428,0.370074,-0.002722,-0.617773,-0.693826,9.842655,125.055458,-21.323034,-0.121897,0.908396,0.086832,0.390408,-7.10963,125.780037,24.802355,0.336945,0.877039,0.096432,-0.328591,5.782446,128.757019,38.953979,-0.012152,0.33291,0.526122,-0.782444,20.54813,114.769066,21.95174,0.102643,0.102502,0.672475,-0.725766,15.343361,134.023697,10.183284,0.023713,0.837324,0.209449,0.504437,-9.033736,87.5756,9.101315,0.128964,0.946339,-0.02569,0.295213,-2.917178,55.098175,-4.253986,0.010381,0.918688,-0.092223,0.383927,-14.574389,11.688987,-5.491448,-0.150148,0.770719,0.04301,0.617737,0.465304,87.211792,25.133509,0.059896,-0.584916,0.103896,-0.80218,10.609176,53.305962,29.382637,0.02472,0.841228,-0.050141,0.537783,6.264851,9.635097,39.168449,0.010381,0.918688,-0.092223,0.383927,-5.284684,3.255676,-14.133438,0.02472,0.841228,-0.050141,0.537783,18.299633,2.064492,33.695484
449,3.741667,-0.026241,0.866174,0.066053,0.494662,-4.27847,87.386604,17.107374,-0.016617,0.863075,0.074015,0.499348,-5.125237,94.951195,17.783417,-0.00927,0.862762,0.064745,0.501362,-6.919815,112.240791,19.727861,0.125563,0.923498,-0.076113,0.354389,-8.554644,132.271637,21.797176,0.122235,0.95111,-0.235597,0.15793,-3.241035,145.665787,19.677959,0.000858,0.819515,0.079771,0.567478,-10.796337,126.141998,18.334127,0.318404,-0.382064,0.292377,-0.8168,-17.692089,127.923271,0.317129,0.259833,-0.116872,-0.447025,-0.847937,-3.454104,108.811691,-11.29284,0.370517,-0.002341,-0.617994,-0.693394,9.901311,125.064407,-21.326387,-0.121964,0.90823,0.086558,0.390834,-7.093853,125.777603,24.786552,0.336949,0.877205,0.096246,-0.328197,5.784695,128.758865,38.949593,-0.012187,0.333448,0.526102,-0.782228,20.563984,114.762535,21.966087,0.102756,0.10295,0.672434,-0.725724,15.374926,134.011765,10.182437,0.023649,0.837239,0.209392,0.504606,-9.024236,87.571953,9.089134,0.128998,0.946329,-0.025827,0.29522,-2.903254,55.092613,-4.259468,0.006577,0.919377,-0.093899,0.381949,-14.566933,11.684858,-5.486264,-0.150326,0.770575,0.043131,0.617864,0.467296,87.201248,25.125614,0.059822,-0.584917,0.104096,-0.802158,10.625153,53.299969,29.377708,0.022951,0.841483,-0.051906,0.537295,6.262677,9.632048,39.168579,0.006577,0.919377,-0.093899,0.381949,-5.274424,3.250878,-14.124589,0.022951,0.841483,-0.051906,0.537295,18.297922,2.047639,33.715778
450,3.75,-0.02633,0.866478,0.065146,0.494245,-4.292564,87.361977,17.117989,-0.016161,0.863109,0.073399,0.499394,-5.133347,94.928322,17.781818,-0.009313,0.862648,0.064562,0.501581,-6.905049,112.236198,19.717321,0.125699,0.923355,-0.076165,0.354703,-8.538212,132.26796,21.779032,0.122541,0.950967,-0.235787,0.158269,-3.219435,145.660446,19.662138,0.000806,0.819288,0.07965,0.567823,-10.778993,126.137459,18.316933,0.316936,-0.381224,0.292943,-0.81756,-17.65959,127.915489,0.293826,0.259093,-0.117258,-0.4467,-0.848281,-3.405155,108.811447,-11.308372,0.370217,-0.002053,-0.617392,-0.694091,9.947002,125.042595,-21.330301,-0.122047,0.908112,0.086235,0.391152,-7.079802,125.774742,24.771339,0.337123,0.87732,0.096275,-0.327704,5.788324,128.762192,38.942539,-0.012146,0.333895,0.526166,-0.781995,20.578531,114.753677,21.97859,0.102802,0.103394,0.672442,-0.725646,15.406281,133.999588,10.181115,0.023652,0.837225,0.209887,0.504423,-9.045919,87.53688,9.104012,0.129579,0.9463,-0.026268,0.295018,-2.91005,55.072342,-4.273728,0.007567,0.918567,-0.092197,0.384288,-14.634042,11.680156,-5.47613,-0.150494,0.770573,0.043442,0.617804,0.460793,87.187073,25.131966,0.059749,-0.585083,0.104274,-0.802019,10.641334,53.291309,29.373726,0.022998,0.841513,-0.051744,0.537261,6.264345,9.625941,39.169495,0.007567,0.918567,-0.092197,0.384288,-5.298064,3.277279,-14.097878,0.022998,0.841513,-0.051744,0.537261,18.299871,2.044447,33.713272
451,3.758333,-0.026822,0.866321,0.065338,0.494469,-4.274197,87.346016,17.11109,-0.015968,0.862946,0.073202,0.499711,-5.123108,94.911575,17.773506,-0.009451,0.862446,0.064368,0.50195,-6.887346,112.231735,19.707069,0.125819,0.923202,-0.076184,0.355054,-8.522262,132.264404,21.758568,0.122991,0.95083,-0.235938,0.158521,-3.19892,145.655579,19.644938,0.000642,0.819001,0.07973,0.568226,-10.760071,126.13237,18.297237,0.31627,-0.3806,0.293308,-0.817978,-17.622934,127.908173,0.267148,0.258868,-0.11722,-0.446602,-0.848406,-3.354652,108.805717,-11.320624,0.370206,-0.001803,-0.617237,-0.694236,9.999392,125.034096,-21.333916,-0.122368,0.907961,0.086079,0.391436,-7.066432,125.772499,24.754984,0.33766,0.877272,0.096017,-0.327354,5.790032,128.771973,38.934227,-0.01231,0.33451,0.526559,-0.781465,20.573139,114.733055,21.989241,0.102823,0.103932,0.672357,-0.725646,15.43863,133.984894,10.180827,0.023794,0.837255,0.209943,0.504344,-9.022946,87.515099,9.094259,0.1297,0.946235,-0.026494,0.295154,-2.894743,55.052723,-4.292227,0.008458,0.918474,-0.091718,0.384605,-14.634599,11.664441,-5.480374,-0.15051,0.770432,0.043527,0.617969,0.474554,87.176933,25.12792,0.059662,-0.585112,0.104474,-0.801978,10.658765,53.282059,29.367968,0.023194,0.841477,-0.051545,0.537329,6.26336,9.619511,39.16803,0.008458,0.918474,-0.091718,0.384605,-5.301681,3.263569,-14.107382,0.023194,0.841477,-0.051545,0.537329,18.299049,2.039612,33.709949
452,3.766667,-0.026812,0.866142,0.065308,0.494788,-4.260849,87.34053,17.101997,-0.015966,0.862781,0.07307,0.500015,-5.109643,94.906158,17.763779,-0.009509,0.862287,0.064109,0.502255,-6.871474,112.219681,19.691963,0.12586,0.92304,-0.076178,0.355462,-8.503895,132.253647,21.732723,0.123309,0.950689,-0.236024,0.158989,-3.17803,145.644379,19.622608,0.000749,0.818706,0.079777,0.568644,-10.740489,126.120399,18.27277,0.315991,-0.380328,0.293568,-0.818119,-17.584936,127.901901,0.236242,0.258942,-0.116717,-0.446513,-0.8485,-3.313771,108.796158,-11.342568,0.370595,-0.001505,-0.616962,-0.694273,10.049356,125.028488,-21.336861,-0.122435,0.907776,0.085763,0.391915,-7.051431,125.762894,24.733267,0.337751,0.877455,0.095903,-0.326803,5.78986,128.767044,38.92527,-0.012619,0.335451,0.526335,-0.781208,20.588867,114.715851,22.004349,0.101963,0.104833,0.671968,-0.725998,15.473289,133.956177,10.174819,0.023531,0.837275,0.209963,0.504314,-9.003734,87.509979,9.081699,0.129526,0.94647,-0.026414,0.294482,-2.859594,55.047329,-4.296833,0.008584,0.918914,-0.091716,0.383552,-14.583665,11.654607,-5.47879,-0.150614,0.770055,0.043674,0.618404,0.482036,87.171089,25.122293,0.059603,-0.585042,0.104642,-0.802012,10.67574,53.27935,29.364666,0.023032,0.841509,-0.051761,0.537264,6.264351,9.61934,39.168873,0.008584,0.918914,-0.091716,0.383552,-5.273665,3.251569,-14.12843,0.023032,0.841509,-0.051761,0.537264,18.299377,2.036966,33.712749
453,3.775,-0.027025,0.865937,0.065328,0.495132,-4.238361,87.333458,17.09243,-0.016024,0.862555,0.07306,0.500404,-5.090391,94.898865,17.752514,-0.009537,0.862055,0.064002,0.502667,-6.855098,112.216782,19.679096,0.12614,0.922783,-0.076442,0.355973,-8.487259,132.251282,21.714783,0.123532,0.950529,-0.236181,0.159542,-3.149798,145.63736,19.604422,0.000525,0.818273,0.079913,0.569247,-10.721243,126.117683,18.25379,0.315693,-0.380141,0.293874,-0.818211,-17.539093,127.89695,0.206971,0.259009,-0.116222,-0.446474,-0.848568,-3.26993,108.785652,-11.365119,0.371087,-0.001113,-0.616639,-0.694298,10.100755,125.024223,-21.341587,-0.122462,0.90765,0.085497,0.392257,-7.038351,125.76091,24.717842,0.337888,0.877591,0.096026,-0.326259,5.792308,128.768295,38.918774,-0.01268,0.335899,0.526348,-0.781005,20.605232,114.707649,22.017891,0.101727,0.105464,0.672321,-0.725613,15.504241,133.944778,10.176757,0.023895,0.837317,0.20976,0.504312,-8.974681,87.50016,9.068199,0.130125,0.946204,-0.026814,0.295037,-2.859645,55.032669,-4.311905,0.007529,0.918461,-0.091684,0.384664,-14.64347,11.655837,-5.482809,-0.15059,0.769817,0.043727,0.618702,0.497959,87.166756,25.116661,0.059545,-0.584955,0.104814,-0.802057,10.690999,53.274822,29.359022,0.02303,0.841476,-0.051697,0.537322,6.263291,9.617433,39.167557,0.007529,0.918461,-0.091684,0.384664,-5.29636,3.265591,-14.104798,0.02303,0.841476,-0.051697,0.537322,18.299637,2.036527,33.712315
454,3.783333,-0.027098,0.865754,0.065401,0.495437,-4.219754,87.331917,17.082481,-0.0161,0.862337,0.072922,0.500797,-5.073533,94.897118,17.74267,-0.009486,0.861824,0.063905,0.503075,-6.838909,112.214851,19.662868,0.126463,0.922578,-0.076347,0.356411,-8.468319,132.249893,21.695475,0.123774,0.950385,-0.236433,0.15984,-3.121826,145.633774,19.594137,0.000503,0.818027,0.079826,0.569613,-10.700499,126.116524,18.232878,0.315701,-0.379805,0.293764,-0.818403,-17.502207,127.894302,0.179824,0.259498,-0.115661,-0.446321,-0.848576,-3.216094,108.790245,-11.383297,0.371678,-0.001224,-0.617057,-0.69361,10.168846,125.029205,-21.347328,-0.12258,0.907494,0.085284,0.392626,-7.023715,125.759415,24.700386,0.338074,0.877742,0.095971,-0.325677,5.794591,128.772217,38.911316,-0.01289,0.336622,0.52638,-0.780669,20.620975,114.696327,22.034964,0.101239,0.10607,0.672424,-0.725497,15.543741,133.931168,10.177375,0.024122,0.837269,0.209506,0.504486,-8.950357,87.498581,9.054877,0.130149,0.946164,-0.026906,0.295145,-2.855344,55.024265,-4.317805,0.006828,0.918523,-0.09159,0.384552,-14.6435,11.648449,-5.482832,-0.150541,0.769863,0.043688,0.618659,0.510849,87.165245,25.110085,0.059616,-0.58453,0.104911,-0.802349,10.699859,53.272022,29.351839,0.023167,0.84142,-0.05151,0.537422,6.263886,9.617218,39.168148,0.006828,0.918523,-0.09159,0.384552,-5.288406,3.267693,-14.105389,0.023167,0.84142,-0.05151,0.537422,18.301435,2.038503,33.712521
455,3.791667,-0.027054,0.865469,0.065582,0.495915,-4.199705,87.33094,17.067453,-0.016345,0.862108,0.072942,0.50118,-5.054631,94.895813,17.729877,-0.009478,0.861637,0.063764,0.503415,-6.828626,112.213074,19.645559,0.126701,0.922361,-0.076586,0.356836,-8.455696,132.248856,21.672794,0.124175,0.95023,-0.236498,0.160349,-3.099269,145.628662,19.570827,0.000417,0.817632,0.079656,0.570204,-10.686389,126.115211,18.209724,0.315114,-0.379128,0.294186,-0.818791,-17.46199,127.888336,0.146396,0.259414,-0.115513,-0.446329,-0.848618,-3.161801,108.783005,-11.397236,0.371794,-0.000445,-0.616776,-0.693799,10.223677,125.024536,-21.353456,-0.122173,0.907475,0.084449,0.392978,-7.014692,125.758705,24.680157,0.338208,0.877948,0.096118,-0.324938,5.796765,128.768677,38.897865,-0.013149,0.337234,0.526338,-0.780429,20.643833,114.681625,22.049019,0.100843,0.106898,0.672416,-0.725438,15.583375,133.91452,10.178703,0.024275,0.837219,0.209261,0.504663,-8.92153,87.500702,9.034748,0.130278,0.946204,-0.027048,0.294947,-2.841763,55.0196,-4.328387,0.004844,0.918722,-0.091988,0.38401,-14.644644,11.64749,-5.482335,-0.150663,0.769681,0.043655,0.618859,0.522121,87.161171,25.100159,0.05954,-0.584479,0.105032,-0.802376,10.715043,53.270359,29.351759,0.022989,0.841445,-0.051656,0.537377,6.265837,9.617022,39.168602,0.004844,0.918722,-0.091988,0.38401,-5.275492,3.277998,-14.10057,0.022989,0.841445,-0.051656,0.537377,18.303751,2.037639,33.714703
456,3.8,-0.027116,0.865415,0.065262,0.496046,-4.191665,87.318573,17.062428,-0.01609,0.861924,0.072704,0.50154,-5.045094,94.884041,17.720049,-0.009668,0.86138,0.063537,0.50388,-6.808448,112.207184,19.632862,0.126847,0.922132,-0.076537,0.357385,-8.438603,132.243988,21.647469,0.124508,0.950039,-0.236772,0.16082,-3.07684,145.622726,19.552288,0.000397,0.817404,0.079456,0.570559,-10.665256,126.108376,18.185297,0.314871,-0.378776,0.294398,-0.818972,-17.425177,127.87751,0.115705,0.259218,-0.115391,-0.446171,-0.848777,-3.117465,108.770943,-11.416527,0.371818,-0.000542,-0.615862,-0.694598,10.272773,125.008224,-21.360441,-0.121415,0.907363,0.083833,0.393602,-7.000589,125.755524,24.659916,0.33798,0.878244,0.096282,-0.324324,5.799005,128.745682,38.892483,-0.013389,0.337839,0.526248,-0.780224,20.675354,114.663605,22.065315,0.100818,0.107501,0.672278,-0.72548,15.629144,133.893524,10.18141,0.024397,0.837147,0.209354,0.504738,-8.910998,87.484581,9.028177,0.130395,0.946112,-0.027287,0.295169,-2.833864,55.006695,-4.343968,0.002986,0.918959,-0.09293,0.383234,-14.652522,11.638507,-5.4835,-0.150762,0.769477,0.043774,0.61908,0.527668,87.152573,25.096676,0.059523,-0.584145,0.10516,-0.802604,10.729792,53.264641,29.349194,0.023212,0.841409,-0.051393,0.537449,6.266517,9.613544,39.169598,0.002986,0.918959,-0.09293,0.383234,-5.278899,3.266154,-14.094089,0.023212,0.841409,-0.051393,0.537449,18.304834,2.036804,33.712925
457,3.808333,-0.027081,0.864959,0.065564,0.496804,-4.159878,87.31955,17.040955,-0.016322,0.861604,0.073012,0.502037,-5.015708,94.884438,17.702068,-0.009674,0.861152,0.063272,0.504303,-6.792192,112.201897,19.618557,0.127449,0.921786,-0.076964,0.357972,-8.418139,132.240051,21.623083,0.124268,0.949985,-0.236696,0.161435,-3.034739,145.610031,19.527472,0.000302,0.817201,0.079033,0.570908,-10.643333,126.103653,18.161369,0.314604,-0.378481,0.294436,-0.819197,-17.387819,127.861511,0.084911,0.259252,-0.114912,-0.446104,-0.848867,-3.069408,108.760086,-11.442553,0.372043,-0.00026,-0.615657,-0.694659,10.328603,125.00206,-21.36784,-0.121726,0.907199,0.083762,0.393899,-6.985022,125.752434,24.639669,0.338259,0.87847,0.096508,-0.323355,5.802589,128.752869,38.88084,-0.013051,0.338374,0.526114,-0.780088,20.70224,114.652679,22.089487,0.100549,0.108123,0.67274,-0.724997,15.666582,133.868118,10.180903,0.024892,0.837114,0.208848,0.504978,-8.865227,87.490067,8.998602,0.130298,0.946259,-0.027353,0.294735,-2.832246,54.998833,-4.361112,0.003722,0.918789,-0.091922,0.38388,-14.644988,11.628675,-5.487,-0.150778,0.76924,0.043752,0.619373,0.545471,87.149033,25.083307,0.059514,-0.583959,0.105331,-0.802718,10.745834,53.261292,29.341555,0.023181,0.841419,-0.051506,0.537424,6.267619,9.613338,39.169136,0.003722,0.918789,-0.091922,0.38388,-5.262643,3.272508,-14.103812,0.023181,0.841419,-0.051506,0.537424,18.305063,2.034518,33.713421
458,3.816667,-0.027619,0.864947,0.0653,0.49683,-4.142105,87.29644,17.037573,-0.016415,0.861448,0.072906,0.502317,-5.003057,94.861412,17.691084,-0.009531,0.86096,0.062931,0.504676,-6.782451,112.192558,19.603638,0.127147,0.921722,-0.076727,0.358295,-8.397362,132.232559,21.598593,0.124945,0.949767,-0.237023,0.161716,-3.022744,145.606903,19.508223,0.000284,0.816875,0.079003,0.571379,-10.623587,126.096138,18.137566,0.313942,-0.378308,0.294564,-0.819485,-17.347244,127.854218,0.053371,0.259076,-0.114365,-0.445803,-0.849153,-3.025889,108.758881,-11.480539,0.372245,-3.4e-05,-0.615303,-0.694864,10.387717,124.999023,-21.376398,-0.121818,0.907023,0.083503,0.39433,-6.97084,125.745285,24.619024,0.33294,0.880061,0.073635,-0.330487,5.802725,128.750671,38.871746,-0.023387,0.346182,0.5236,-0.77811,20.644423,114.505852,22.1513,0.100616,0.109435,0.67223,-0.725263,15.712811,133.836365,10.189871,0.025117,0.837127,0.209172,0.504812,-8.84642,87.455872,8.99439,0.130411,0.946262,-0.027725,0.294639,-2.817711,54.975063,-4.392583,0.000956,0.919147,-0.092768,0.382834,-14.649752,11.6094,-5.488736,-0.15085,0.769014,0.043841,0.619629,0.56221,87.137009,25.080759,0.059437,-0.583723,0.105521,-0.80287,10.768845,53.251385,29.340824,0.023156,0.84143,-0.051406,0.537416,6.270192,9.606192,39.171322,0.000956,0.919147,-0.092768,0.382834,-5.25532,3.262025,-14.100902,0.023156,0.84143,-0.051406,0.537416,18.308636,2.029949,33.714237
459,3.825,-0.027278,0.864328,0.065684,0.497874,-4.107539,87.303268,17.008404,-0.016652,0.861034,0.073265,0.502967,-4.9677,94.867752,17.668526,-0.009649,0.86066,0.062769,0.505205,-6.760959,112.1866,19.585176,0.127412,0.921488,-0.076827,0.358782,-8.37788,132.227341,21.571131,0.125206,0.949658,-0.237096,0.162045,-2.993706,145.598419,19.484509,0.000228,0.816568,0.079045,0.571811,-10.599978,126.089752,18.109512,0.313744,-0.378024,0.294737,-0.819629,-17.304483,127.848289,0.018254,0.259218,-0.113879,-0.445633,-0.849264,-2.977176,108.751846,-11.506436,0.372334,0.000688,-0.615071,-0.695021,10.451078,124.995628,-21.386358,-0.122148,0.906796,0.083911,0.394665,-6.955223,125.741074,24.595585,0.333192,0.88033,0.073995,-0.329433,5.804978,128.74968,38.859592,-0.023296,0.346796,0.523538,-0.777881,20.674627,114.490509,22.176254,0.100422,0.110353,0.672542,-0.724862,15.759834,133.81221,10.194144,0.02566,0.836827,0.208721,0.505468,-8.792841,87.473343,8.954348,0.130568,0.946382,-0.027971,0.294162,-2.802456,54.981071,-4.421997,0.002321,0.918803,-0.092396,0.383742,-14.654573,11.620316,-5.495459,-0.151043,0.768874,0.043832,0.619756,0.577765,87.133194,25.06246,0.059399,-0.583366,0.105742,-0.803103,10.79344,53.251656,29.333332,0.023315,0.841416,-0.051426,0.53743,6.272705,9.610269,39.170605,0.002321,0.918803,-0.092396,0.383742,-5.258492,3.26794,-14.100969,0.023315,0.841416,-0.051426,0.53743,18.309256,2.031299,33.713131
460,3.833333,-0.027335,0.864064,0.0656,0.49834,-4.086459,87.298576,16.994724,-0.016588,0.860733,0.073217,0.503491,-4.947086,94.86319,17.652845,-0.009824,0.860337,0.06263,0.505768,-6.739141,112.186111,19.568525,0.127514,0.921253,-0.076877,0.359338,-8.36062,132.227402,21.545006,0.125559,0.9495,-0.237227,0.162508,-2.971298,145.597,19.462217,-0.000283,0.816165,0.079144,0.572373,-10.57755,126.088356,18.082703,0.313034,-0.377417,0.295183,-0.82002,-17.257139,127.834656,-0.018948,0.258998,-0.113583,-0.445685,-0.849343,-2.919446,108.737053,-11.528784,0.372656,0.000861,-0.614967,-0.69494,10.513812,124.994102,-21.396425,-0.122102,0.906576,0.083633,0.395242,-6.941335,125.742401,24.573709,0.333461,0.880594,0.074461,-0.328349,5.801652,128.750732,38.853149,-0.023235,0.347666,0.523638,-0.777426,20.699587,114.47818,22.206526,0.100266,0.111245,0.672658,-0.724639,15.81782,133.792389,10.198907,0.025679,0.837456,0.208099,0.504682,-8.763056,87.467667,8.935592,0.130693,0.946673,-0.027752,0.29319,-2.809044,54.956997,-4.412249,0.001345,0.918701,-0.091604,0.384181,-14.666989,11.598089,-5.495533,-0.151066,0.768469,0.043738,0.620259,0.590138,87.129494,25.053856,0.05936,-0.583185,0.105785,-0.803232,10.800186,53.247879,29.33757,0.023281,0.841386,-0.051238,0.537496,6.272155,9.606889,39.173225,0.001345,0.918701,-0.091604,0.384181,-5.244136,3.274958,-14.100101,0.023281,0.841386,-0.051238,0.537496,18.311537,2.032609,33.715485
461,3.841667,-0.027313,0.863807,0.065561,0.498792,-4.065276,87.296097,16.97913,-0.016865,0.860427,0.073167,0.504012,-4.925651,94.860802,17.636452,-0.00963,0.860048,0.062409,0.50629,-6.725965,112.18026,19.544258,0.12752,0.92107,-0.076775,0.359826,-8.337366,132.222824,21.516111,0.125872,0.949365,-0.237299,0.162945,-2.947052,145.593002,19.439545,-0.000141,0.815873,0.078994,0.572811,-10.554039,126.084663,18.05205,0.31373,-0.377374,0.294847,-0.819895,-17.21422,127.833473,-0.056517,0.25972,-0.112786,-0.44557,-0.849289,-2.864301,108.73922,-11.556664,0.372971,0.001241,-0.614998,-0.694744,10.57925,124.992928,-21.403965,-0.122145,0.906303,0.083275,0.395931,-6.925636,125.737358,24.547359,0.333551,0.88097,0.0749,-0.327148,5.795815,128.749161,38.845272,-0.023139,0.348459,0.523458,-0.777195,20.732351,114.468643,22.240112,0.100011,0.112392,0.673107,-0.724081,15.867834,133.768707,10.205853,0.025924,0.83721,0.208076,0.505086,-8.7335,87.465858,8.915154,0.130747,0.946785,-0.028068,0.292771,-2.788441,54.955406,-4.437216,-0.004365,0.919318,-0.092785,0.382395,-14.659604,11.599356,-5.489808,-0.151212,0.768052,0.043803,0.620735,0.602948,87.126335,25.043106,0.059324,-0.582704,0.105936,-0.803564,10.820831,53.248276,29.336187,0.023269,0.841358,-0.05127,0.537538,6.274274,9.609776,39.174362,-0.004365,0.919318,-0.092785,0.382395,-5.201154,3.30826,-14.086254,0.023269,0.841358,-0.05127,0.537538,18.314095,2.034958,33.718334
462,3.85,-0.026877,0.863577,0.065276,0.499251,-4.05812,87.295494,16.963915,-0.016765,0.860163,0.07288,0.504506,-4.910934,94.86113,17.620382,-0.009776,0.859757,0.062313,0.506793,-6.703733,112.176804,19.519754,0.127966,0.92071,-0.077269,0.360482,-8.319397,132.219742,21.484358,0.125872,0.949265,-0.237164,0.163723,-2.910534,145.581909,19.404543,-0.000197,0.815405,0.078986,0.573477,-10.531387,126.080444,18.019321,0.313885,-0.377,0.294885,-0.819994,-17.161963,127.829323,-0.100102,0.260012,-0.112244,-0.445594,-0.849259,-2.798271,108.734978,-11.582895,0.373246,0.001617,-0.614746,-0.694818,10.648654,124.992538,-21.414051,-0.121974,0.906089,0.082607,0.396613,-6.910616,125.735214,24.518999,0.333814,0.88125,0.074956,-0.32611,5.791511,128.748077,38.833858,-0.023358,0.349496,0.523476,-0.776711,20.754683,114.447174,22.270275,0.099604,0.113505,0.673293,-0.72379,15.924867,133.739975,10.212197,0.026207,0.836402,0.208479,0.506243,-8.71825,87.470299,8.895368,0.130892,0.946688,-0.028615,0.292967,-2.756896,54.97287,-4.481426,-0.004493,0.919304,-0.093529,0.382247,-14.654133,11.623004,-5.49383,-0.151489,0.767678,0.043938,0.62112,0.602011,87.120697,25.032463,0.059271,-0.582427,0.106062,-0.803751,10.838234,53.249454,29.335712,0.023527,0.841303,-0.051173,0.537621,6.27645,9.612796,39.174984,-0.004493,0.919304,-0.093529,0.382247,-5.201062,3.315849,-14.080688,0.023527,0.841303,-0.051173,0.537621,18.315077,2.036434,33.718456
463,3.858333,-0.027255,0.86344,0.065062,0.499496,-4.033016,87.278465,16.95335,-0.016719,0.859889,0.072632,0.505011,-4.889377,94.844215,17.603865,-0.009991,0.859408,0.06213,0.507403,-6.678609,112.171638,19.496727,0.127927,0.920443,-0.077538,0.36112,-8.299417,132.215332,21.449427,0.126213,0.949132,-0.237004,0.16446,-2.886647,145.5755,19.366879,-4.9e-05,0.815204,0.078816,0.573786,-10.505727,126.074112,17.984163,0.314009,-0.376725,0.294836,-0.82009,-17.122587,127.824844,-0.140084,0.260354,-0.11165,-0.445349,-0.849361,-2.746396,108.733223,-11.611755,0.373424,0.001787,-0.614629,-0.694826,10.717996,124.989975,-21.424891,-0.122082,0.905733,0.082186,0.397479,-6.894229,125.732422,24.489182,0.334239,0.881497,0.074967,-0.325003,5.780224,128.751068,38.827328,-0.023537,0.350907,0.523478,-0.776067,20.766558,114.421722,22.309341,0.09871,0.114679,0.673346,-0.723679,15.983209,133.701965,10.216065,0.026324,0.836232,0.208976,0.506313,-8.688192,87.445557,8.881782,0.131343,0.947121,-0.028895,0.291334,-2.714515,54.963348,-4.526435,-0.000881,0.918787,-0.092916,0.383661,-14.658425,11.625585,-5.506477,-0.151583,0.767418,0.043925,0.62142,0.62216,87.111374,25.024914,0.059167,-0.58221,0.106263,-0.80389,10.861039,53.242081,29.337103,0.023676,0.841278,-0.050981,0.537672,6.27685,9.608141,39.178024,-0.000881,0.918787,-0.092916,0.383661,-5.223013,3.29535,-14.090384,0.023676,0.841278,-0.050981,0.537672,18.315908,2.033896,33.719528
464,3.866667,-0.027293,0.863449,0.064488,0.499553,-4.022929,87.2621,16.947704,-0.016651,0.859652,0.072199,0.505479,-4.875471,94.828957,17.590343,-0.009892,0.859072,0.061939,0.507997,-6.656717,112.165382,19.471191,0.128182,0.920126,-0.077714,0.3618,-8.271501,132.210114,21.418219,0.126118,0.949018,-0.237035,0.165149,-2.848031,145.566422,19.338806,0.000142,0.814936,0.078462,0.574215,-10.47577,126.069237,17.951035,0.313744,-0.37637,0.294976,-0.820305,-17.073532,127.819458,-0.180228,0.260498,-0.111121,-0.445273,-0.849426,-2.68753,108.729599,-11.642533,0.373784,0.002167,-0.614515,-0.694732,10.785313,124.99015,-21.437021,-0.122273,0.905377,0.081873,0.398295,-6.873235,125.727119,24.461,0.334889,0.881708,0.076066,-0.323503,5.774248,128.753006,38.821419,-0.022917,0.35165,0.523985,-0.775407,20.789083,114.402435,22.347801,0.098907,0.115072,0.673825,-0.723143,16.055439,133.672623,10.225778,0.026569,0.836163,0.209062,0.506379,-8.677014,87.423302,8.875389,0.131376,0.946749,-0.029341,0.292483,-2.713744,54.944588,-4.545922,-0.002166,0.918808,-0.092735,0.383649,-14.670816,11.609941,-5.503325,-0.151753,0.767108,0.044043,0.621753,0.631158,87.100899,25.020021,0.059077,-0.581979,0.106437,-0.80404,10.882246,53.236008,29.33782,0.023676,0.841289,-0.050873,0.537665,6.278068,9.604454,39.179985,-0.002166,0.918808,-0.092735,0.383649,-5.216991,3.297719,-14.084435,0.023676,0.841289,-0.050873,0.537665,18.317905,2.032618,33.719868
465,3.875,-0.027051,0.86319,0.064255,0.500043,-4.00996,87.256676,16.928265,-0.016688,0.859349,0.071928,0.506031,-4.857906,94.824188,17.569225,-0.009902,0.85875,0.061857,0.508552,-6.637051,112.165474,19.440561,0.128428,0.919849,-0.077778,0.362403,-8.251751,132.210602,21.383509,0.126293,0.948904,-0.236978,0.165748,-2.819138,145.564041,19.309519,7.4e-05,0.814478,0.078261,0.574893,-10.452361,126.069679,17.914116,0.313353,-0.375922,0.295264,-0.820556,-17.019958,127.815315,-0.228533,0.260695,-0.110481,-0.445219,-0.849477,-2.625094,108.724258,-11.677713,0.374392,0.002714,-0.614347,-0.694551,10.856726,124.990692,-21.450697,-0.122097,0.90503,0.081308,0.399252,-6.858225,125.727737,24.428732,0.335056,0.882117,0.076583,-0.32209,5.761353,128.751526,38.814117,-0.023266,0.352905,0.523844,-0.774922,20.818645,114.388992,22.389746,0.098155,0.116733,0.673802,-0.723,16.119385,133.648666,10.23915,0.026654,0.83595,0.208965,0.506764,-8.655149,87.420326,8.850876,0.131476,0.946805,-0.029625,0.292226,-2.694252,54.939045,-4.565279,-0.005845,0.919185,-0.093404,0.382544,-14.667252,11.608261,-5.497953,-0.15201,0.766738,0.044076,0.622145,0.635229,87.093025,25.005653,0.059033,-0.581569,0.106543,-0.804326,10.899033,53.23391,29.338459,0.023783,0.841247,-0.050769,0.537737,6.279929,9.603921,39.180565,-0.005845,0.919185,-0.093404,0.382544,-5.189016,3.319021,-14.074363,0.023783,0.841247,-0.050769,0.537737,18.320284,2.032853,33.72052
466,3.883333,-0.026912,0.862466,0.064729,0.501237,-3.966802,87.270103,16.892103,-0.016897,0.858826,0.072215,0.506871,-4.817415,94.8368,17.539165,-0.009987,0.858328,0.061679,0.509283,-6.608513,112.164543,19.412336,0.128585,0.919548,-0.077773,0.363109,-8.224179,132.210495,21.346016,0.126378,0.948807,-0.236914,0.16633,-2.785001,145.562332,19.278996,-3.2e-05,0.814054,0.078308,0.575486,-10.41961,126.068687,17.874889,0.312442,-0.375225,0.295899,-0.820993,-16.960732,127.813812,-0.277375,0.26062,-0.109928,-0.445155,-0.849606,-2.557999,108.717979,-11.708653,0.374884,0.003084,-0.61474,-0.693936,10.939834,125.000832,-21.463591,-0.122057,0.904611,0.080716,0.400333,-6.83658,125.728462,24.395708,0.335401,0.882489,0.077404,-0.320512,5.749892,128.754639,38.80957,-0.023383,0.354184,0.52374,-0.774405,20.848669,114.376892,22.436693,0.097284,0.118461,0.673829,-0.722812,16.186718,133.622299,10.252069,0.02697,0.835936,0.20819,0.507091,-8.58985,87.442207,8.802195,0.131656,0.946839,-0.029833,0.292014,-2.670921,54.939068,-4.579561,-0.006651,0.919307,-0.093984,0.382097,-14.664587,11.61367,-5.496719,-0.152185,0.766632,0.04393,0.622242,0.656247,87.098,24.982012,0.058986,-0.58119,0.106734,-0.804579,10.922374,53.241783,29.331944,0.02387,0.841182,-0.05103,0.537809,6.282586,9.614963,39.178364,-0.006651,0.919307,-0.093984,0.382097,-5.187517,3.319183,-14.069351,0.02387,0.841182,-0.05103,0.537809,18.32077,2.036876,33.723267
467,3.891667,-0.026985,0.862154,0.064563,0.501791,-3.944569,87.267914,16.87133,-0.016637,0.858413,0.071971,0.507613,-4.795288,94.834877,17.51511,-0.010207,0.857843,0.061543,0.510111,-6.575924,112.164703,19.384142,0.128495,0.919291,-0.077872,0.36377,-8.198264,132.211151,21.307056,0.126774,0.948712,-0.236708,0.166864,-2.758019,145.562775,19.241339,2.7e-05,0.813329,0.078104,0.576538,-10.386044,126.067711,17.834,0.313538,-0.375351,0.295682,-0.820596,-16.880247,127.813339,-0.335057,0.261037,-0.10914,-0.445408,-0.849447,-2.475727,108.70929,-11.750355,0.374858,0.003584,-0.614044,-0.694564,11.008109,124.992355,-21.476734,-0.122082,0.904235,0.08026,0.401264,-6.815659,125.730476,24.361906,0.335683,0.882853,0.07756,-0.319174,5.74166,128.759949,38.800488,-0.023752,0.355573,0.523588,-0.77386,20.875761,114.359688,22.48007,0.096355,0.120187,0.67406,-0.722436,16.251566,133.59668,10.261572,0.027653,0.834613,0.208847,0.508959,-8.557196,87.43811,8.775434,0.131827,0.946574,-0.030853,0.29269,-2.62483,54.957188,-4.65421,-0.004728,0.918775,-0.093209,0.383591,-14.658573,11.641404,-5.497702,-0.152182,0.766185,0.043752,0.622806,0.668057,87.09771,24.967226,0.058981,-0.581028,0.106715,-0.804698,10.922996,53.240311,29.334318,0.023883,0.841115,-0.050747,0.53794,6.282351,9.613049,39.178394,-0.004728,0.918775,-0.093209,0.383591,-5.173506,3.345853,-14.060455,0.023883,0.841115,-0.050747,0.53794,18.324417,2.041076,33.723373
468,3.9,-0.027006,0.861807,0.06432,0.502417,-3.927651,87.267151,16.854408,-0.016576,0.858023,0.071494,0.50834,-4.777254,94.834572,17.49423,-0.010266,0.857406,0.06143,0.510857,-6.549076,112.16571,19.348486,0.12865,0.918948,-0.078053,0.364542,-8.172803,132.212677,21.264862,0.126861,0.948605,-0.236525,0.167662,-2.724012,145.561218,19.201813,-0.000149,0.812795,0.078131,0.577286,-10.355147,126.068794,17.78915,0.31357,-0.374934,0.295774,-0.820741,-16.815876,127.811729,-0.392094,0.261551,-0.108148,-0.445473,-0.849382,-2.397654,108.707687,-11.790119,0.37565,0.004086,-0.614192,-0.694002,11.097801,125.006676,-21.491459,-0.12203,0.903832,0.079851,0.402269,-6.796133,125.732437,24.323311,0.335899,0.883292,0.078153,-0.317583,5.730394,128.761414,38.788719,-0.023474,0.356545,0.523779,-0.773292,20.910545,114.346657,22.523962,0.09658,0.120953,0.67475,-0.721633,16.328325,133.570953,10.274755,0.027133,0.835274,0.208184,0.508174,-8.528537,87.435677,8.751801,0.13214,0.946972,-0.030538,0.291291,-2.602204,54.932987,-4.627769,-0.00681,0.919226,-0.093734,0.382351,-14.655197,11.622897,-5.488643,-0.152285,0.765849,0.043837,0.623188,0.673236,87.098625,24.957016,0.059001,-0.580652,0.106826,-0.804954,10.9351,53.243973,29.329182,0.023922,0.841056,-0.050847,0.538021,6.283057,9.619057,39.178291,-0.00681,0.919226,-0.093734,0.382351,-5.16947,3.336259,-14.05929,0.023922,0.841056,-0.050847,0.538021,18.324942,2.044324,33.726696
469,3.908333,-0.026921,0.861489,0.063914,0.503018,-3.907729,87.268723,16.832808,-0.016706,0.857591,0.071243,0.509101,-4.753555,94.837013,17.467379,-0.010318,0.856938,0.061245,0.511663,-6.526538,112.17028,19.31035,0.128918,0.918552,-0.078235,0.365407,-8.150055,132.218109,21.217758,0.126942,0.948483,-0.236345,0.168542,-2.689508,145.562561,19.159286,-0.000514,0.812287,0.078253,0.577984,-10.327055,126.073624,17.739788,0.313907,-0.374576,0.295784,-0.820772,-16.756527,127.809944,-0.453168,0.262076,-0.10723,-0.445373,-0.849389,-2.324408,108.704224,-11.830749,0.375964,0.004624,-0.614088,-0.69392,11.184204,125.007759,-21.505352,-0.121874,0.903471,0.07953,0.403189,-6.780333,125.738525,24.280691,0.336223,0.883666,0.078485,-0.316116,5.718964,128.762512,38.770676,-0.023771,0.357822,0.523855,-0.772641,20.936834,114.325401,22.56109,0.095785,0.122341,0.675523,-0.720782,16.400091,133.5457,10.282328,0.027142,0.834824,0.208246,0.508887,-8.497428,87.435684,8.723825,0.132456,0.946958,-0.030946,0.291149,-2.5579,54.934883,-4.654469,-0.007326,0.919235,-0.094122,0.382223,-14.647891,11.634556,-5.48716,-0.152326,0.765436,0.043861,0.623684,0.68197,87.101761,24.94179,0.05903,-0.580433,0.106902,-0.805099,10.944205,53.248154,29.321163,0.023895,0.841009,-0.051088,0.538074,6.285592,9.625009,39.174995,-0.007326,0.919235,-0.094122,0.382223,-5.159817,3.344383,-14.051789,0.023895,0.841009,-0.051088,0.538074,18.326572,2.045348,33.728252
470,3.916667,-0.026697,0.861252,0.061725,0.503708,-3.900309,87.301994,16.851252,-0.017137,0.857191,0.070721,0.509832,-4.726905,94.874664,17.458214,-0.010326,0.856515,0.061063,0.512393,-6.501311,112.173096,19.272518,0.129287,0.918169,-0.078391,0.366203,-8.122964,132.221817,21.172094,0.126861,0.948384,-0.236251,0.169294,-2.648593,145.561508,19.119471,-0.000461,0.811766,0.077674,0.578794,-10.295649,126.076996,17.692015,0.313687,-0.374119,0.296042,-0.820972,-16.688824,127.804443,-0.514568,0.262156,-0.10649,-0.445288,-0.849501,-2.246655,108.69635,-11.87541,0.376184,0.005072,-0.613788,-0.694064,11.273045,125.007713,-21.522083,-0.121434,0.90318,0.078658,0.404145,-6.760057,125.742661,24.238979,0.33658,0.884035,0.078561,-0.314682,5.713463,128.76059,38.752419,-0.02465,0.359535,0.523911,-0.77178,20.966568,114.295486,22.601021,0.094794,0.124081,0.674905,-0.721195,16.489405,133.51474,10.295702,0.027203,0.834542,0.208395,0.509285,-8.477287,87.452942,8.73477,0.132524,0.946965,-0.03098,0.291093,-2.529546,54.956799,-4.651188,-0.008752,0.919482,-0.095119,0.381351,-14.626122,11.658284,-5.482084,-0.151903,0.765338,0.04412,0.623888,0.676668,87.151047,24.967735,0.059051,-0.580743,0.106663,-0.804906,10.926902,53.28989,29.3167,0.024304,0.840838,-0.052135,0.538221,6.290151,9.662401,39.161594,-0.008752,0.919482,-0.095119,0.381351,-5.141546,3.359403,-14.042148,0.024304,0.840838,-0.052135,0.538221,18.319702,2.053667,33.730164
471,3.925,-0.026807,0.860837,0.061405,0.50445,-3.871929,87.303246,16.829636,-0.017265,0.856747,0.070511,0.510602,-4.698042,94.876434,17.430836,-0.010347,0.856068,0.060784,0.513172,-6.474309,112.176834,19.235102,0.129668,0.917778,-0.078435,0.367039,-8.092616,132.226913,21.12315,0.126744,0.948295,-0.23615,0.17002,-2.605035,145.562576,19.079708,-0.000132,0.811117,0.077083,0.579782,-10.261101,126.081337,17.6418,0.31115,-0.372607,0.298,-0.821916,-16.609917,127.808853,-0.58029,0.26081,-0.106868,-0.445166,-0.849932,-2.169545,108.675888,-11.901469,0.376279,0.005403,-0.612943,-0.694756,11.357292,125.00045,-21.539984,-0.121686,0.902733,0.078183,0.405157,-6.737424,125.748619,24.195267,0.337116,0.884392,0.078814,-0.313038,5.701976,128.777634,38.735649,-0.025253,0.361466,0.523631,-0.771048,20.990654,114.278389,22.648626,0.092897,0.126496,0.674911,-0.721016,16.565027,133.480286,10.301874,0.027724,0.833843,0.208222,0.510472,-8.434852,87.45047,8.705175,0.132672,0.946455,-0.031631,0.292611,-2.505365,54.951225,-4.681366,-0.008543,0.919165,-0.094686,0.382226,-14.629804,11.6599,-5.480289,-0.151831,0.765012,0.0439,0.624321,0.690994,87.156021,24.954096,0.059034,-0.580804,0.106669,-0.804862,10.925369,53.291927,29.317526,0.024478,0.840791,-0.052093,0.538292,6.288045,9.664366,39.161831,-0.008543,0.919165,-0.094686,0.382226,-5.128121,3.369951,-14.030033,0.024478,0.840791,-0.052093,0.538292,18.316771,2.054054,33.730789
472,3.933333,-0.026856,0.860314,0.062571,0.505196,-3.831918,87.284897,16.764723,-0.017081,0.856171,0.070785,0.511536,-4.668166,94.855843,17.380095,-0.010252,0.855491,0.060263,0.514197,-6.447502,112.172089,19.195642,0.129642,0.917409,-0.078483,0.36796,-8.053978,132.224792,21.065815,0.127007,0.948145,-0.236038,0.170812,-2.563243,145.559982,19.027674,-8.8e-05,0.810599,0.077005,0.580516,-10.219276,126.078522,17.5837,0.311097,-0.371936,0.298303,-0.82213,-16.535114,127.807877,-0.649677,0.261048,-0.106202,-0.445179,-0.849936,-2.077855,108.670403,-11.941669,0.376604,0.00581,-0.612696,-0.694794,11.454235,125.001503,-21.558363,-0.121857,0.902305,0.07775,0.406141,-6.711242,125.747574,24.145647,0.337745,0.884745,0.079453,-0.311195,5.695628,128.784363,38.712189,-0.025614,0.362892,0.523793,-0.770256,21.022787,114.252136,22.691681,0.092058,0.128219,0.674975,-0.720759,16.653023,133.448669,10.315902,0.027898,0.832863,0.207874,0.5122,-8.380768,87.443443,8.632585,0.133059,0.946132,-0.032513,0.293381,-2.446767,54.934563,-4.72854,-0.009116,0.91915,-0.094631,0.382264,-14.625785,11.657578,-5.472749,-0.152192,0.764469,0.043414,0.624932,0.716931,87.126358,24.89686,0.059023,-0.580467,0.106941,-0.80507,10.945374,53.267063,29.311153,0.024024,0.840825,-0.051525,0.538314,6.283991,9.644612,39.166729,-0.009116,0.91915,-0.094631,0.382264,-5.115214,3.37519,-14.019942,0.024024,0.840825,-0.051525,0.538314,18.323111,2.053457,33.731899
473,3.941667,-0.026961,0.859839,0.062285,0.506033,-3.808787,87.289986,16.741224,-0.017026,0.855638,0.070353,0.512489,-4.644801,94.861382,17.351223,-0.010228,0.854917,0.060024,0.515179,-6.416747,112.179359,19.152872,0.130128,0.916909,-0.078643,0.368998,-8.019609,132.233246,21.013491,0.126651,0.948062,-0.2359,0.171723,-2.51117,145.562485,18.984272,-0.000934,0.809876,0.077346,0.581479,-10.179393,126.086792,17.528269,0.310829,-0.371259,0.298771,-0.822367,-16.451836,127.800163,-0.72159,0.261033,-0.105577,-0.445229,-0.849992,-1.982682,108.654999,-11.985273,0.376661,0.006448,-0.612413,-0.695007,11.555871,124.999825,-21.579504,-0.121718,0.90189,0.07697,0.407252,-6.686422,125.756409,24.098274,0.338096,0.88525,0.080216,-0.309175,5.686739,128.795334,38.693012,-0.025581,0.364354,0.523654,-0.769661,21.067781,114.2416,22.743814,0.091161,0.129769,0.675337,-0.720256,16.74122,133.417496,10.326342,0.028011,0.832134,0.207815,0.513401,-8.341743,87.445358,8.600155,0.133416,0.945919,-0.03304,0.293847,-2.397336,54.935192,-4.7532,-0.009358,0.919069,-0.094959,0.38237,-14.619428,11.669863,-5.468145,-0.152228,0.764294,0.043353,0.625141,0.724168,87.134605,24.882294,0.059068,-0.580166,0.10698,-0.805278,10.950583,53.275703,29.30435,0.023072,0.840862,-0.052049,0.538248,6.285134,9.654463,39.163376,-0.009358,0.919069,-0.094959,0.38237,-5.105213,3.3827,-14.006646,0.023072,0.840862,-0.052049,0.538248,18.330595,2.06542,33.739655
474,3.95,-0.027171,0.859321,0.061945,0.506944,-3.778491,87.294868,16.718111,-0.017031,0.85507,0.070004,0.513483,-4.615288,94.866737,17.321154,-0.01029,0.85432,0.059708,0.516204,-6.382938,112.1838,19.110039,0.130291,0.916468,-0.078895,0.369982,-7.983591,132.239166,20.95657,0.126654,0.947933,-0.235772,0.172608,-2.464993,145.56459,18.929976,-0.000489,0.809372,0.07663,0.582276,-10.1371,126.091637,17.46936,0.311225,-0.37093,0.298904,-0.822318,-16.373646,127.805183,-0.792778,0.261758,-0.104593,-0.445144,-0.849935,-1.895761,108.652626,-12.032651,0.377345,0.007127,-0.612232,-0.694789,11.655395,125.000633,-21.601259,-0.121309,0.901572,0.075584,0.408337,-6.659899,125.763466,24.047834,0.338671,0.885642,0.08067,-0.307298,5.682825,128.805298,38.667713,-0.02575,0.365887,0.524127,-0.768606,21.104578,114.216911,22.789658,0.09121,0.131061,0.675535,-0.71983,16.853268,133.388123,10.340351,0.027747,0.831733,0.207755,0.51409,-8.294042,87.444992,8.56728,0.13399,0.946254,-0.033319,0.292473,-2.32518,54.931988,-4.768243,-0.009407,0.919131,-0.095202,0.38216,-14.603374,11.682117,-5.457123,-0.152005,0.763797,0.043125,0.625818,0.737059,87.144753,24.868944,0.059168,-0.579935,0.106904,-0.805448,10.93787,53.279621,29.30237,0.024517,0.840617,-0.051327,0.538634,6.280311,9.657991,39.163391,-0.009407,0.919131,-0.095202,0.38216,-5.094037,3.389583,-13.995841,0.024517,0.840617,-0.051327,0.538634,18.319393,2.064186,33.732189
475,3.958333,-0.027327,0.858745,0.061491,0.507966,-3.751028,87.299675,16.696058,-0.017079,0.854488,0.069568,0.514508,-4.58707,94.872269,17.290953,-0.010431,0.853716,0.05942,0.517232,-6.350608,112.192574,19.063992,0.130634,0.916013,-0.079092,0.370943,-7.952321,132.249207,20.895779,0.126702,0.947805,-0.235718,0.173346,-2.419585,145.569672,18.875063,-0.000731,0.808724,0.076424,0.583202,-10.098483,126.100136,17.406746,0.308903,-0.368902,0.299992,-0.823708,-16.293194,127.804222,-0.870509,0.261265,-0.104702,-0.445275,-0.850005,-1.770315,108.660995,-12.068162,0.378181,0.007844,-0.612476,-0.694111,11.765221,125.005737,-21.626356,-0.12146,0.901175,0.075582,0.409169,-6.637144,125.774971,23.993731,0.338697,0.886218,0.078334,-0.306213,5.677818,128.817825,38.636787,-0.027007,0.368148,0.523893,-0.767642,21.133947,114.175346,22.842175,0.090882,0.132903,0.676075,-0.719027,16.946354,133.348389,10.352771,0.027832,0.831206,0.207472,0.515051,-8.247085,87.444466,8.534362,0.134373,0.946097,-0.033714,0.29276,-2.278368,54.923439,-4.781662,-0.009843,0.919106,-0.095455,0.382147,-14.598602,11.68522,-5.450927,-0.151931,0.763318,0.043197,0.626416,0.745029,87.154884,24.857756,0.059237,-0.579777,0.106979,-0.805546,10.941647,53.288578,29.291895,0.024627,0.840548,-0.051539,0.538717,6.280455,9.669131,39.160851,-0.009843,0.919106,-0.095455,0.382147,-5.084943,3.391597,-13.983774,0.024627,0.840548,-0.051539,0.538717,18.3176,2.069057,33.734127
476,3.966667,-0.027429,0.858159,0.060994,0.509009,-3.724474,87.305466,16.671774,-0.01728,0.853924,0.06901,0.515512,-4.55873,94.878906,17.258379,-0.010443,0.85315,0.059129,0.518198,-6.319764,112.196396,19.008606,0.130738,0.915619,-0.079243,0.371847,-7.917888,132.254425,20.828327,0.126815,0.94767,-0.235611,0.174147,-2.377768,145.572418,18.81163,-0.00072,0.808164,0.076023,0.584029,-10.058579,126.104691,17.33709,0.310902,-0.369336,0.299558,-0.822919,-16.215866,127.802505,-0.953391,0.26279,-0.102849,-0.44494,-0.849936,-1.696174,108.644501,-12.129884,0.378718,0.008177,-0.612417,-0.693867,11.882539,125.003502,-21.649937,-0.121654,0.900701,0.075237,0.410217,-6.612143,125.780991,23.931953,0.339286,0.886734,0.079018,-0.303881,5.667718,128.83078,38.60302,-0.026778,0.369691,0.523947,-0.766871,21.178087,114.152657,22.894884,0.090413,0.134624,0.676933,-0.717958,17.046192,133.306305,10.35846,0.027782,0.831167,0.206814,0.51538,-8.200665,87.445412,8.499079,0.134688,0.94616,-0.033728,0.29241,-2.248224,54.904755,-4.77621,-0.010019,0.919042,-0.095211,0.382357,-14.595272,11.674225,-5.448157,-0.151755,0.762598,0.04322,0.627333,0.751716,87.16552,24.844467,0.059378,-0.579771,0.106986,-0.80554,10.934843,53.295551,29.281605,0.024886,0.840499,-0.051556,0.53878,6.280519,9.677738,39.161018,-0.010019,0.919042,-0.095211,0.382357,-5.073667,3.388452,-13.979766,0.024886,0.840499,-0.051556,0.53878,18.315248,2.073568,33.734669
477,3.975,-0.027549,0.857558,0.060551,0.510068,-3.693827,87.307487,16.648838,-0.017772,0.853348,0.068172,0.51656,-4.52693,94.881653,17.227694,-0.010136,0.85258,0.05898,0.51916,-6.288694,112.192703,18.941002,0.130508,0.915378,-0.078813,0.372613,-7.875154,132.251694,20.760269,0.127199,0.94745,-0.235927,0.174632,-2.342365,145.574875,18.757792,-0.000666,0.807633,0.075818,0.584791,-10.012962,126.104164,17.263393,0.31084,-0.368481,0.299842,-0.823222,-16.135777,127.8013,-1.038721,0.263356,-0.101989,-0.445074,-0.849795,-1.591669,108.641396,-12.180146,0.380189,0.008213,-0.611598,-0.693784,11.994659,125.016533,-21.682276,-0.121066,0.900217,0.07393,0.411687,-6.581293,125.776764,23.865772,0.339963,0.887196,0.080858,-0.301281,5.657277,128.820358,38.57259,-0.026522,0.371154,0.524054,-0.7661,21.226681,114.120605,22.943293,0.089553,0.136734,0.677171,-0.717442,17.15136,133.252396,10.364683,0.028055,0.830551,0.206504,0.516483,-8.149777,87.442818,8.465013,0.135015,0.946052,-0.034072,0.292568,-2.207436,54.894089,-4.795012,-0.009847,0.918965,-0.095279,0.382529,-14.590573,11.673605,-5.448503,-0.151582,0.761773,0.043283,0.628372,0.762123,87.172165,24.832663,0.059405,-0.57972,0.107014,-0.80557,10.93296,53.298843,29.272413,0.024861,0.840364,-0.051762,0.538973,6.277455,9.68185,39.154892,-0.009847,0.918965,-0.095279,0.382529,-5.068246,3.384615,-13.976181,0.024861,0.840364,-0.051762,0.538973,18.313385,2.073514,33.737061
478,3.983333,-0.027737,0.857017,0.059635,0.511074,-3.66315,87.315933,16.632004,-0.018309,0.852792,0.067601,0.517533,-4.492273,94.891617,17.196465,-0.010116,0.852034,0.058718,0.520085,-6.260925,112.197113,18.880388,0.130628,0.914936,-0.079495,0.373508,-7.843152,132.25737,20.689363,0.127213,0.947343,-0.235598,0.175649,-2.297372,145.57373,18.677416,-0.000732,0.806919,0.075471,0.58582,-9.975943,126.109505,17.190016,0.306768,-0.365479,0.302686,-0.825045,-16.052067,127.799728,-1.128289,0.261953,-0.102941,-0.444861,-0.850225,-1.482034,108.614792,-12.192499,0.380286,0.009525,-0.612237,-0.69315,12.111494,124.994408,-21.707911,-0.121758,0.899707,0.07394,0.412595,-6.558586,125.78299,23.799856,0.340958,0.887649,0.081396,-0.298667,5.644479,128.845535,38.532215,-0.026477,0.373335,0.524289,-0.76488,21.261114,114.088081,23.004745,0.08901,0.139015,0.67727,-0.716978,17.272993,133.199341,10.369565,0.02817,0.830378,0.206053,0.516934,-8.099758,87.440941,8.437513,0.135289,0.946126,-0.034115,0.292197,-2.173858,54.879414,-4.798409,-0.010576,0.91901,-0.095546,0.382334,-14.58115,11.665839,-5.4507,-0.151253,0.760903,0.043381,0.629498,0.773459,87.190933,24.826494,0.059542,-0.579575,0.106939,-0.805674,10.924904,53.311115,29.261065,0.02606,0.840216,-0.051621,0.539161,6.280169,9.69415,39.148739,-0.010576,0.91901,-0.095546,0.382334,-5.054219,3.378398,-13.97474,0.02606,0.840216,-0.051621,0.539161,18.305286,2.071685,33.726749
479,3.991667,-0.027749,0.856459,0.059043,0.512076,-3.638628,87.32132,16.603003,-0.018109,0.852234,0.067123,0.518521,-4.463947,94.898071,17.158689,-0.010516,0.851447,0.058077,0.521109,-6.219841,112.204918,18.829922,0.131225,0.914437,-0.079772,0.374462,-7.80453,132.267868,20.606613,0.12686,0.947366,-0.235264,0.176224,-2.237439,145.57634,18.601383,-0.001143,0.806116,0.075422,0.586931,-9.929442,126.11525,17.110842,0.311273,-0.366855,0.300618,-0.823502,-15.955051,127.794792,-1.225124,0.264612,-0.100342,-0.445023,-0.849627,-1.372276,108.614922,-12.281331,0.380831,0.010037,-0.611902,-0.69314,12.226519,124.992683,-21.739248,-0.121581,0.899302,0.073456,0.413615,-6.528099,125.797798,23.729382,0.341736,0.888228,0.082955,-0.295611,5.643974,128.857086,38.488037,-0.025843,0.374938,0.523876,-0.7644,21.32873,114.063736,23.063711,0.08775,0.14179,0.67808,-0.715823,17.378149,133.130493,10.369892,0.028657,0.828734,0.206462,0.519377,-8.056124,87.441887,8.398125,0.135611,0.945866,-0.03501,0.292784,-2.104641,54.894382,-4.860784,-0.010009,0.918971,-0.096304,0.382253,-14.561526,11.694217,-5.453402,-0.15095,0.759445,0.04345,0.631324,0.778868,87.200752,24.807878,0.059746,-0.579455,0.106852,-0.805757,10.90693,53.314835,29.24929,0.026109,0.840134,-0.051653,0.539282,6.277754,9.69838,39.146526,-0.010009,0.918971,-0.096304,0.382253,-5.048134,3.382955,-13.969366,0.026109,0.840134,-0.051653,0.539282,18.303642,2.074531,33.728188
480,4.0,-0.027972,0.855823,0.058776,0.513157,-3.598454,87.324997,16.571075,-0.018159,0.851634,0.066554,0.519577,-4.425303,94.902046,17.120487,-0.010836,0.850818,0.057862,0.522153,-6.175146,112.218285,18.772455,0.131427,0.914035,-0.080034,0.375316,-7.768496,132.281952,20.533089,0.126899,0.947242,-0.235383,0.176702,-2.190616,145.586212,18.529842,-0.001555,0.805512,0.075127,0.587795,-9.883444,126.12677,17.035793,0.310773,-0.365795,0.301135,-0.823973,-15.869674,127.789291,-1.314621,0.264865,-0.099728,-0.444976,-0.849645,-1.262206,108.606552,-12.333179,0.381378,0.01065,-0.611764,-0.692952,12.347301,124.992874,-21.773682,-0.121309,0.898931,0.072664,0.414641,-6.498417,125.814041,23.662918,0.342906,0.888611,0.084442,-0.29267,5.643297,128.871933,38.446854,-0.025155,0.376687,0.524586,-0.763075,21.377346,114.026703,23.122913,0.088129,0.143567,0.678386,-0.715132,17.522976,133.073975,10.375807,0.02893,0.828744,0.205604,0.519686,-7.995046,87.440971,8.354913,0.135818,0.946034,-0.035034,0.292139,-2.086994,54.869366,-4.864171,-0.01023,0.918923,-0.095801,0.38249,-14.562114,11.674396,-5.451828,-0.150668,0.758308,0.043681,0.63274,0.798138,87.20903,24.787239,0.059923,-0.579019,0.107047,-0.806032,10.913595,53.318501,29.22216,0.026335,0.839934,-0.051721,0.539577,6.274517,9.707698,39.139629,-0.01023,0.918923,-0.095801,0.38249,-5.038181,3.377497,-13.970017,0.026335,0.839934,-0.051721,0.539577,18.301079,2.079162,33.729385
481,4.008333,-0.028912,0.855196,0.058812,0.514145,-3.548937,87.307671,16.537436,-0.018435,0.851105,0.065855,0.520523,-4.388974,94.883827,17.078947,-0.010752,0.850289,0.057604,0.523045,-6.137749,112.218796,18.704739,0.131727,0.913661,-0.080174,0.376089,-7.724628,132.283752,20.456646,0.126575,0.947155,-0.235581,0.177136,-2.134991,145.583923,18.459009,-0.001766,0.804949,0.075011,0.588582,-9.835443,126.128677,16.956654,0.310734,-0.364845,0.301464,-0.824288,-15.785805,127.784286,-1.406047,0.265451,-0.098983,-0.445012,-0.849531,-1.15207,108.598503,-12.384387,0.382051,0.011519,-0.611596,-0.692716,12.463745,124.991432,-21.808056,-0.120846,0.898631,0.070827,0.415743,-6.46428,125.816048,23.590843,0.343831,0.889117,0.085883,-0.289612,5.646332,128.882874,38.398415,-0.024241,0.37826,0.524665,-0.762272,21.441082,113.993248,23.180353,0.088145,0.14615,0.679361,-0.71368,17.646322,133.006668,10.371319,0.029406,0.828253,0.205451,0.520502,-7.925627,87.410416,8.310476,0.13621,0.945998,-0.035685,0.291997,-2.03836,54.836304,-4.911721,-0.01124,0.918881,-0.095715,0.382584,-14.563046,11.655066,-5.452619,-0.150232,0.75682,0.043778,0.634616,0.827752,87.204918,24.764395,0.06017,-0.578589,0.107197,-0.806302,10.913861,53.305626,29.199156,0.025819,0.839926,-0.051926,0.539593,6.271782,9.700397,39.139698,-0.01124,0.918881,-0.095715,0.382584,-5.022954,3.371375,-13.965578,0.025819,0.839926,-0.051926,0.539593,18.303112,2.074751,33.735989
482,4.016667,-0.029094,0.854613,0.058423,0.515147,-3.508267,87.300308,16.502705,-0.018616,0.850619,0.065515,0.521352,-4.348265,94.877007,17.036734,-0.011133,0.849832,0.057017,0.523842,-6.098566,112.220451,18.648119,0.131402,0.91344,-0.080284,0.376716,-7.687752,132.287781,20.370399,0.127009,0.946993,-0.235711,0.177519,-2.103027,145.589752,18.371054,-0.001976,0.804262,0.074863,0.589537,-9.792256,126.128174,16.874596,0.310241,-0.363698,0.302024,-0.824776,-15.698942,127.776695,-1.502828,0.265415,-0.098423,-0.445056,-0.849584,-1.038799,108.587074,-12.439126,0.382179,0.012003,-0.611291,-0.692906,12.583158,124.993362,-21.842638,-0.120998,0.898114,0.070949,0.416794,-6.43365,125.824188,23.515551,0.345595,0.889352,0.090548,-0.28534,5.641606,128.889038,38.352371,-0.021967,0.379718,0.525176,-0.761264,21.50209,113.963081,23.238638,0.087162,0.148853,0.679833,-0.712792,17.786438,132.917252,10.350477,0.029919,0.827726,0.20512,0.521441,-7.865533,87.397827,8.265382,0.136546,0.945995,-0.035966,0.291813,-2.006032,54.816193,-4.950608,-0.011309,0.918594,-0.095706,0.383272,-14.566109,11.645028,-5.474202,-0.150019,0.755933,0.043741,0.635725,0.849,87.202789,24.740028,0.060283,-0.578422,0.107366,-0.806391,10.915934,53.298706,29.181787,0.025947,0.83981,-0.051752,0.539785,6.265754,9.697947,39.138149,-0.011309,0.918594,-0.095706,0.383272,-5.011249,3.363292,-13.972484,0.025947,0.83981,-0.051752,0.539785,18.299522,2.074346,33.736996
483,4.025,-0.028812,0.854179,0.057764,0.515957,-3.491165,87.286713,16.468815,-0.018559,0.850215,0.064697,0.522115,-4.322813,94.86483,16.995724,-0.011352,0.849412,0.056428,0.524582,-6.058343,112.21608,18.582722,0.131511,0.913195,-0.08029,0.37727,-7.644078,132.285904,20.278835,0.126965,0.946963,-0.235762,0.177644,-2.05454,145.586639,18.284744,-0.00207,0.803719,0.074597,0.590311,-9.744488,126.122894,16.78657,0.310544,-0.36268,0.302024,-0.825111,-15.615782,127.764664,-1.6028,0.266254,-0.097443,-0.445295,-0.849309,-0.916418,108.580605,-12.496124,0.382867,0.013029,-0.61155,-0.692278,12.702002,124.995865,-21.878159,-0.12064,0.897842,0.06991,0.417658,-6.397511,125.825592,23.433695,0.346815,0.889798,0.091587,-0.282118,5.653176,128.891174,38.290333,-0.021167,0.38182,0.525444,-0.760049,21.565809,113.899544,23.296873,0.087238,0.151696,0.680489,-0.711556,17.937975,132.819305,10.338241,0.030316,0.827033,0.205025,0.522553,-7.833162,87.383507,8.223421,0.136738,0.946316,-0.036358,0.290633,-1.982841,54.800816,-4.994019,-0.011683,0.918458,-0.095823,0.383557,-14.569587,11.636904,-5.473773,-0.149841,0.754156,0.044338,0.637833,0.850832,87.189911,24.714207,0.060586,-0.577981,0.107692,-0.806641,10.922903,53.285767,29.143816,0.025998,0.839705,-0.051558,0.539964,6.260006,9.694621,39.136261,-0.011683,0.918458,-0.095823,0.383557,-5.00455,3.356992,-13.962385,0.025998,0.839705,-0.051558,0.539964,18.297148,2.074636,33.737518
484,4.033333,-0.028815,0.853797,0.057365,0.516633,-3.463324,87.273682,16.433468,-0.018621,0.849898,0.063704,0.52275,-4.292289,94.852493,16.9545,-0.01114,0.849108,0.055525,0.525174,-6.009764,112.178276,18.507034,0.131432,0.912942,-0.080201,0.37793,-7.570263,132.25238,20.17572,0.125969,0.94705,-0.235533,0.178193,-1.981254,145.554306,18.188005,-0.001841,0.803524,0.074893,0.590539,-9.674493,126.087845,16.688457,0.310371,-0.361242,0.302017,-0.825809,-15.535407,127.744209,-1.702918,0.266824,-0.096897,-0.445616,-0.849024,-0.780647,108.576248,-12.549625,0.383874,0.013514,-0.611226,-0.691998,12.822421,124.994102,-21.919792,-0.120871,0.897168,0.068648,0.419247,-6.336709,125.794365,23.340378,0.347924,0.890261,0.092959,-0.278823,5.660286,128.881027,38.236053,-0.019943,0.384062,0.525666,-0.758798,21.630072,113.832832,23.360502,0.087501,0.154552,0.681022,-0.710399,18.093336,132.707596,10.317204,0.030983,0.826522,0.204658,0.523465,-7.792307,87.367508,8.181198,0.136499,0.94627,-0.036806,0.290838,-1.980516,54.77702,-5.034027,-0.012038,0.918547,-0.095408,0.383437,-14.558744,11.610186,-5.472059,-0.149647,0.752677,0.04471,0.639597,0.865659,87.179855,24.685736,0.060762,-0.57773,0.108064,-0.806758,10.934086,53.273941,29.110115,0.025856,0.839555,-0.051473,0.540212,6.250851,9.691927,39.132828,-0.012038,0.918547,-0.095408,0.383437,-4.989004,3.343607,-13.968365,0.025856,0.839555,-0.051473,0.540212,18.293697,2.07591,33.741203
485,4.041667,-0.028669,0.853495,0.056805,0.517202,-3.437642,87.263229,16.399542,-0.019093,0.849628,0.062989,0.523259,-4.260638,94.843155,16.913908,-0.010859,0.84888,0.054901,0.525615,-5.980386,112.17511,18.435928,0.131665,0.912734,-0.080489,0.378288,-7.518868,132.252258,20.088457,0.125339,0.947085,-0.23565,0.178295,-1.919812,145.549637,18.098745,-0.002522,0.802919,0.074886,0.59136,-9.626969,126.087639,16.603651,0.307574,-0.359287,0.303785,-0.827059,-15.450154,127.725075,-1.801391,0.266143,-0.096568,-0.445603,-0.849282,-0.677501,108.545029,-12.602256,0.385105,0.013871,-0.611649,-0.690932,12.947231,124.996826,-21.95879,-0.119574,0.897059,0.066128,0.420254,-6.29599,125.79509,23.259016,0.349383,0.890608,0.093987,-0.275529,5.680324,128.874496,38.172817,-0.018381,0.386447,0.525823,-0.757516,21.692991,113.749802,23.421474,0.0873,0.157361,0.681985,-0.708881,18.24964,132.570892,10.280665,0.03137,0.826012,0.204805,0.524191,-7.755815,87.354759,8.141589,0.136621,0.946473,-0.037244,0.290062,-1.949641,54.770279,-5.09091,-0.011766,0.918419,-0.095586,0.383707,-14.549621,11.609361,-5.484601,-0.149343,0.750565,0.045318,0.642103,0.88053,87.171707,24.657494,0.060912,-0.577566,0.108478,-0.806809,10.945955,53.26321,29.06889,0.025958,0.839249,-0.051209,0.540707,6.239032,9.690899,39.122643,-0.011766,0.918419,-0.095586,0.383707,-4.979172,3.33606,-13.973554,0.025958,0.839249,-0.051209,0.540707,18.289392,2.079336,33.74155
486,4.05,-0.028548,0.853501,0.056228,0.517261,-3.417397,87.244652,16.365469,-0.019338,0.84949,0.061873,0.523607,-4.234319,94.825676,16.873251,-0.010672,0.848671,0.054627,0.525985,-5.941417,112.160622,18.356962,0.130809,0.912785,-0.080792,0.378398,-7.46842,132.239136,20.003431,0.125515,0.946988,-0.235865,0.178406,-1.887617,145.541718,17.997143,-0.003045,0.802347,0.075318,0.592078,-9.577562,126.07505,16.518335,0.309397,-0.359026,0.302327,-0.827026,-15.367706,127.70829,-1.897508,0.268108,-0.094816,-0.445841,-0.848736,-0.538255,108.562256,-12.680866,0.385705,0.015913,-0.612501,-0.689798,13.080428,125.010994,-22.001335,-0.119924,0.897019,0.065899,0.420276,-6.25232,125.781952,23.17655,0.351042,0.890924,0.094295,-0.272274,5.720038,128.876999,38.090298,-0.017133,0.388818,0.52608,-0.756153,21.76565,113.656326,23.474083,0.087947,0.160703,0.682664,-0.707397,18.420444,132.431259,10.245234,0.031634,0.825447,0.205239,0.524894,-7.734569,87.332603,8.106951,0.13698,0.946469,-0.037774,0.289837,-1.916152,54.761993,-5.154301,-0.011221,0.918016,-0.095854,0.38462,-14.559659,11.613467,-5.509493,-0.149169,0.749392,0.045892,0.64347,0.899775,87.156708,24.623987,0.061115,-0.577247,0.109158,-0.806929,10.974167,53.248238,29.015049,0.02593,0.838978,-0.050998,0.54115,6.225547,9.691474,39.11644,-0.011221,0.918016,-0.095854,0.38462,-4.979899,3.329273,-13.977298,0.02593,0.838978,-0.050998,0.54115,18.283871,2.085094,33.74585
487,4.058333,-0.028357,0.85358,0.055927,0.517174,-3.398508,87.228958,16.327806,-0.018476,0.849373,0.060705,0.523965,-4.21051,94.810661,16.833282,-0.011579,0.848331,0.054756,0.5265,-5.874764,112.187683,18.300631,0.131077,0.912575,-0.081577,0.378643,-7.436587,132.264816,19.931273,0.125242,0.946978,-0.236261,0.178121,-1.840274,145.558578,17.909817,-0.003982,0.801998,0.074676,0.592627,-9.531076,126.09491,16.447617,0.307862,-0.357565,0.302614,-0.828126,-15.295771,127.685913,-1.979907,0.267387,-0.0948,-0.446166,-0.848795,-0.420009,108.562698,-12.739952,0.385914,0.016921,-0.611108,-0.690892,13.169685,125.009918,-22.038427,-0.118849,0.897449,0.064658,0.419856,-6.21421,125.81179,23.110437,0.353204,0.891043,0.094774,-0.2689,5.781779,128.892715,38.00811,-0.014604,0.39091,0.526349,-0.754939,21.843437,113.55764,23.529758,0.088462,0.163297,0.684164,-0.705286,18.587334,132.266876,10.188802,0.031951,0.825345,0.205199,0.525051,-7.717561,87.316917,8.070273,0.136642,0.946939,-0.037934,0.288437,-1.916749,54.746567,-5.19931,-0.01162,0.918247,-0.095967,0.384029,-14.536674,11.590817,-5.513262,-0.148915,0.748013,0.046686,0.645075,0.920545,87.140999,24.58534,0.061398,-0.576679,0.109945,-0.807207,11.00851,53.232391,28.944004,0.025888,0.838559,-0.05089,0.541811,6.211587,9.694254,39.102711,-0.01162,0.918247,-0.095967,0.384029,-4.963871,3.307569,-13.989852,0.025888,0.838559,-0.05089,0.541811,18.280054,2.090979,33.750546
488,4.066667,-0.028088,0.853944,0.055715,0.516611,-3.380193,87.208,16.284748,-0.018615,0.849659,0.059363,0.52365,-4.186687,94.790306,16.790127,-0.011248,0.848559,0.054404,0.526176,-5.829234,112.165222,18.215187,0.131597,0.912554,-0.082169,0.378385,-7.371611,132.244217,19.841448,0.123856,0.947289,-0.23595,0.177851,-1.757164,145.52861,17.808775,-0.004603,0.80166,0.075158,0.593018,-9.47451,126.075233,16.361242,0.30478,-0.355272,0.304188,-0.829675,-15.221026,127.65921,-2.072555,0.266568,-0.094363,-0.446619,-0.848863,-0.309275,108.537361,-12.785112,0.386935,0.018119,-0.612107,-0.689405,13.292962,125.046349,-22.074018,-0.118769,0.897384,0.063985,0.420122,-6.152456,125.790993,23.021429,0.354881,0.891272,0.095,-0.265836,5.835591,128.87912,37.923996,-0.012562,0.393367,0.526746,-0.753421,21.921162,113.448273,23.574518,0.090228,0.166656,0.684935,-0.703525,18.774038,132.097794,10.126178,0.032245,0.825062,0.205407,0.525395,-7.71038,87.297417,8.033066,0.136477,0.946884,-0.03847,0.288625,-1.91341,54.734482,-5.256394,-0.01055,0.917899,-0.095244,0.38507,-14.533216,11.578381,-5.522937,-0.148604,0.747088,0.047591,0.646152,0.949992,87.118591,24.53643,0.061857,-0.575811,0.111028,-0.807643,11.056833,53.209461,28.847021,0.0259,0.838196,-0.05087,0.542373,6.195892,9.697926,39.088955,-0.01055,0.917899,-0.095244,0.38507,-4.950298,3.30148,-13.994294,0.0259,0.838196,-0.05087,0.542373,18.271828,2.095056,33.753098
489,4.075,-0.027888,0.854424,0.055713,0.515827,-3.347893,87.187561,16.238398,-0.019032,0.85,0.058483,0.52318,-4.151302,94.770035,16.746069,-0.011018,0.848864,0.05384,0.525747,-5.788834,112.14212,18.137846,0.13193,0.912682,-0.082402,0.37791,-7.310548,132.223785,19.750523,0.122749,0.947573,-0.235946,0.177109,-1.687084,145.503479,17.712025,-0.005041,0.801484,0.075098,0.59326,-9.422959,126.054153,16.277227,0.307464,-0.355743,0.302025,-0.829273,-15.158197,127.623901,-2.1613,0.268338,-0.092167,-0.447166,-0.848259,-0.194634,108.545433,-12.878942,0.387556,0.019417,-0.611677,-0.689402,13.393619,125.070587,-22.114965,-0.118149,0.897606,0.06263,0.420025,-6.094102,125.77182,22.934099,0.356621,0.891418,0.094568,-0.263159,5.902797,128.86171,37.829178,-0.010457,0.395913,0.526896,-0.752013,21.997837,113.326408,23.603569,0.091323,0.169894,0.686151,-0.701422,18.950602,131.914169,10.037277,0.032382,0.824752,0.206015,0.525636,-7.693372,87.279076,7.99478,0.136662,0.946922,-0.039126,0.288326,-1.877432,54.734623,-5.331606,-0.009559,0.917576,-0.095604,0.385776,-14.529383,11.587635,-5.543281,-0.148279,0.746009,0.048521,0.647403,0.997587,87.096054,24.482016,0.062023,-0.57553,0.112272,-0.80766,11.122886,53.186417,28.74511,0.025638,0.837618,-0.051101,0.543256,6.178504,9.701696,39.060715,-0.009559,0.917576,-0.095604,0.385776,-4.947932,3.29248,-13.998431,0.025638,0.837618,-0.051101,0.543256,18.267336,2.097683,33.75576
490,4.083333,-0.027502,0.855637,0.055316,0.513877,-3.343846,87.145424,16.202181,-0.018534,0.85072,0.056904,0.522201,-4.137937,94.728897,16.709562,-0.011015,0.849316,0.053802,0.525021,-5.731737,112.124229,18.066784,0.132107,0.912933,-0.083298,0.377043,-7.251156,132.206055,19.679493,0.121515,0.94792,-0.235942,0.176105,-1.617444,145.477158,17.613495,-0.005767,0.801575,0.075091,0.593131,-9.369351,126.035942,16.210596,0.306788,-0.354919,0.301368,-0.830115,-15.110207,127.582565,-2.228139,0.267912,-0.091647,-0.447461,-0.848294,-0.094582,108.545662,-12.946914,0.386993,0.02068,-0.611215,-0.690091,13.482582,125.087563,-22.155146,-0.117459,0.898268,0.061368,0.41899,-6.029131,125.754524,22.861813,0.358809,0.891379,0.093934,-0.26053,6.007723,128.846436,37.724201,-0.007427,0.398245,0.527285,-0.750544,22.092775,113.186516,23.624472,0.093461,0.17241,0.687054,-0.69964,19.150436,131.697769,9.929413,0.032436,0.824747,0.206761,0.525348,-7.727155,87.236641,7.978613,0.136123,0.947144,-0.039595,0.287787,-1.890689,54.714382,-5.392888,-0.009711,0.917808,-0.095434,0.385261,-14.509758,11.557508,-5.543249,-0.148273,0.746327,0.04949,0.646964,1.039463,87.054207,24.425751,0.061979,-0.57575,0.113792,-0.807293,11.210966,53.151215,28.631283,0.025258,0.836964,-0.051236,0.544268,6.158871,9.696918,39.022606,-0.009711,0.917808,-0.095434,0.385261,-4.935548,3.267241,-14.011386,0.025258,0.836964,-0.051236,0.544268,18.264427,2.095671,33.751945
491,4.091667,-0.02712,0.857237,0.054698,0.51129,-3.345148,87.100174,16.171295,-0.018626,0.85189,0.055233,0.520467,-4.127892,94.685005,16.676006,-0.010488,0.850307,0.053407,0.523465,-5.691361,112.087975,17.985229,0.131885,0.913457,-0.083931,0.375709,-7.181361,132.171982,19.598385,0.120146,0.94832,-0.235681,0.175241,-1.551893,145.440353,17.503574,-0.006228,0.801747,0.075662,0.592822,-9.319672,126.003441,16.139017,0.305756,-0.35386,0.3006,-0.831226,-15.074551,127.547943,-2.295531,0.267921,-0.090723,-0.447858,-0.848181,0.005394,108.563766,-13.017488,0.387279,0.022242,-0.611802,-0.689361,13.574275,125.131096,-22.194174,-0.117143,0.898883,0.061089,0.417798,-5.954983,125.719833,22.7778,0.360717,0.891324,0.092994,-0.258414,6.123376,128.810898,37.606663,-0.004723,0.400583,0.527557,-0.749129,22.193861,113.038445,23.616171,0.095079,0.174721,0.688215,-0.697705,19.350557,131.481491,9.794943,0.032115,0.824906,0.208235,0.524535,-7.778278,87.188118,7.974438,0.136089,0.947292,-0.040066,0.28725,-1.880119,54.708004,-5.472227,-0.008768,0.917478,-0.095523,0.386048,-14.508341,11.553666,-5.574473,-0.148092,0.746784,0.050687,0.646385,1.087983,87.012222,24.368153,0.062005,-0.576817,0.115658,-0.806264,11.307786,53.113949,28.493855,0.024716,0.836198,-0.051809,0.545416,6.138242,9.69843,38.988991,-0.008768,0.917478,-0.095523,0.386048,-4.931851,3.25201,-14.028868,0.024716,0.836198,-0.051809,0.545416,18.260592,2.09274,33.763519
492,4.1,-0.027095,0.859194,0.054383,0.508029,-3.330323,87.049782,16.147596,-0.019075,0.853403,0.053418,0.518157,-4.108382,94.635162,16.651348,-0.010012,0.85163,0.053243,0.521336,-5.64914,112.047729,17.902813,0.13187,0.914171,-0.084589,0.373827,-7.11529,132.132843,19.524111,0.118737,0.948814,-0.235454,0.173824,-1.486702,145.396606,17.398012,-0.006946,0.801892,0.076941,0.592453,-9.275871,125.966095,16.075401,0.304225,-0.352779,0.300229,-0.83238,-15.047317,127.516518,-2.353463,0.267499,-0.089948,-0.448332,-0.848146,0.084917,108.576439,-13.079747,0.387656,0.023342,-0.61238,-0.688599,13.646751,125.180832,-22.226969,-0.115949,0.899921,0.058937,0.416203,-5.877898,125.679626,22.697083,0.362744,0.891265,0.091955,-0.25614,6.262789,128.772247,37.474628,-0.001125,0.402586,0.527732,-0.747946,22.317543,112.879799,23.602377,0.097983,0.177247,0.689507,-0.695387,19.556856,131.237488,9.642151,0.03185,0.825996,0.209804,0.522206,-7.825428,87.130821,7.984491,0.136156,0.947862,-0.040755,0.285232,-1.890351,54.696251,-5.555544,-0.007763,0.917085,-0.094986,0.387135,-14.5416,11.54854,-5.574089,-0.147692,0.747483,0.052131,0.645553,1.164782,86.968742,24.310699,0.061681,-0.578195,0.117934,-0.804971,11.434108,53.07262,28.329763,0.026004,0.834872,-0.05151,0.547412,6.104068,9.701303,38.92691,-0.007763,0.917085,-0.094986,0.387135,-4.954223,3.249659,-14.018856,0.026004,0.834872,-0.05151,0.547412,18.239227,2.083827,33.748554
493,4.108333,-0.025062,0.86137,0.053591,0.504522,-3.34369,87.051903,16.120625,-0.02038,0.855353,0.052139,0.515013,-4.086858,94.640205,16.632887,-0.008872,0.853638,0.052265,0.518161,-5.631949,111.976051,17.82271,0.132031,0.915128,-0.084968,0.371334,-7.032268,132.066193,19.439749,0.11682,0.949477,-0.234918,0.172222,-1.405212,145.326294,17.286842,-0.007576,0.802508,0.078492,0.591408,-9.235417,125.902679,16.01228,0.302516,-0.351608,0.299014,-0.833935,-15.054464,127.465782,-2.40054,0.267207,-0.088534,-0.448781,-0.84815,0.160144,108.605453,-13.150811,0.388161,0.024784,-0.613147,-0.687581,13.719122,125.251579,-22.244402,-0.115091,0.900942,0.058715,0.414258,-5.787961,125.612068,22.608154,0.364247,0.89124,0.090354,-0.25466,6.423013,128.687317,37.331314,0.001582,0.404749,0.527626,-0.746851,22.459927,112.695503,23.552938,0.100899,0.180479,0.690077,-0.693571,19.774189,130.978973,9.466335,0.031346,0.826351,0.211706,0.520905,-7.906959,87.153481,7.995658,0.135779,0.948787,-0.040838,0.282312,-1.891813,54.773796,-5.640067,-0.004352,0.916673,-0.096068,0.387896,-14.513624,11.617476,-5.602784,-0.147457,0.749604,0.053715,0.643012,1.219579,86.950325,24.24559,0.061533,-0.580628,0.120371,-0.802867,11.561841,53.061207,28.134558,0.021899,0.8342,-0.054301,0.548345,6.083961,9.740484,38.862438,-0.004352,0.916673,-0.096068,0.387896,-4.964006,3.257142,-14.029704,0.021899,0.8342,-0.054301,0.548345,18.257385,2.122332,33.775692
494,4.116667,-0.025003,0.86474,0.05293,0.498797,-3.347994,86.979424,16.106289,-0.020437,0.857894,0.049887,0.510991,-4.081943,94.568855,16.615217,-0.008333,0.855811,0.05235,0.514566,-5.584411,111.928032,17.745119,0.132006,0.916395,-0.085677,0.36804,-6.961059,132.018204,19.382166,0.115529,0.950194,-0.234561,0.169606,-1.340216,145.273834,17.185917,-0.008764,0.803347,0.079948,0.590056,-9.196138,125.857178,15.970903,0.29715,-0.349266,0.299594,-0.836635,-15.076311,127.412247,-2.423164,0.265025,-0.088296,-0.449133,-0.848673,0.206873,108.620308,-13.195875,0.388848,0.026394,-0.613558,-0.686766,13.762609,125.314987,-22.247276,-0.113989,0.902683,0.057749,0.410896,-5.693233,125.562141,22.5373,0.366957,0.890756,0.088511,-0.253105,6.63502,128.629639,37.164024,0.005831,0.406419,0.528103,-0.745585,22.608725,112.486984,23.488491,0.104573,0.182157,0.691027,-0.691639,20.00905,130.677246,9.262173,0.030684,0.828501,0.214025,0.516563,-8.018372,87.06852,8.042268,0.135062,0.949483,-0.041191,0.280257,-1.949094,54.756279,-5.72878,-0.004586,0.916744,-0.095309,0.387912,-14.519574,11.585111,-5.61567,-0.147067,0.752756,0.054871,0.639312,1.322382,86.890327,24.170309,0.061011,-0.584115,0.123256,-0.799935,11.715369,53.001965,27.928474,0.019867,0.833313,-0.055793,0.54962,6.05356,9.738684,38.791828,-0.004586,0.916744,-0.095309,0.387912,-4.962092,3.244842,-14.053547,0.019867,0.833313,-0.055793,0.54962,18.255325,2.118531,33.776497
495,4.125,-0.026313,0.867704,0.055001,0.493327,-3.254102,86.899986,16.039066,-0.021628,0.860614,0.049554,0.506379,-4.017755,94.48497,16.570076,-0.007666,0.85849,0.05205,0.510125,-5.546128,111.86718,17.678432,0.131271,0.917821,-0.086868,0.364455,-6.884964,131.95903,19.325987,0.114206,0.950826,-0.234016,0.167703,-1.285165,145.21254,17.064207,-0.010188,0.804567,0.082319,0.588041,-9.161817,125.799728,15.939358,0.298708,-0.349879,0.29579,-0.837178,-15.132925,127.357758,-2.425142,0.267157,-0.084943,-0.449502,-0.848151,0.247622,108.687462,-13.270557,0.390342,0.028781,-0.614714,-0.684786,13.802041,125.402924,-22.22785,-0.11171,0.904915,0.055691,0.406876,-5.590965,125.502243,22.468941,0.3694,0.890317,0.086229,-0.251878,6.884591,128.541153,36.97625,0.01076,0.407446,0.528233,-0.744877,22.795746,112.255501,23.397726,0.109325,0.183561,0.692125,-0.689432,20.241108,130.341019,9.026782,0.030603,0.831127,0.21597,0.511515,-8.024378,86.980156,8.033642,0.134565,0.950083,-0.042263,0.278295,-1.962142,54.727196,-5.878746,-0.003968,0.916628,-0.094535,0.388382,-14.516971,11.552011,-5.635549,-0.146096,0.757145,0.054756,0.634342,1.516175,86.819809,24.044491,0.060703,-0.587609,0.126545,-0.79688,11.878107,52.910255,27.695724,0.019095,0.832427,-0.055468,0.55102,6.017344,9.717506,38.73278,-0.003968,0.916628,-0.094535,0.388382,-4.954196,3.223392,-14.078936,0.019095,0.832427,-0.055468,0.55102,18.248684,2.11661,33.760452
496,4.133333,-0.026591,0.87201,0.055501,0.485603,-3.209346,86.834106,16.009718,-0.023013,0.864262,0.048375,0.500181,-3.97566,94.418015,16.552057,-0.006774,0.86196,0.051859,0.504271,-5.517523,111.804688,17.611702,0.130283,0.919818,-0.087578,0.359572,-6.810148,131.897873,19.279921,0.113328,0.951548,-0.233625,0.16472,-1.247968,145.155914,16.95274,-0.011524,0.806274,0.084305,0.585391,-9.140338,125.741699,15.923992,0.296744,-0.349227,0.293016,-0.839122,-15.230817,127.2939,-2.401765,0.26824,-0.081534,-0.449641,-0.84807,0.260501,108.763245,-13.328728,0.393252,0.030742,-0.616855,-0.681101,13.837979,125.523819,-22.176954,-0.110254,0.907603,0.055328,0.401297,-5.480835,125.439117,22.404076,0.372447,0.889575,0.082768,-0.251176,7.181945,128.456146,36.75288,0.015955,0.408056,0.528261,-0.74443,22.992022,111.992035,23.271809,0.115088,0.185564,0.692993,-0.687082,20.461201,129.973541,8.756764,0.030042,0.834922,0.217911,0.504497,-8.120277,86.904251,8.089701,0.13349,0.951252,-0.042256,0.2748,-2.071116,54.708908,-5.961165,-0.004276,0.916719,-0.093773,0.388348,-14.534706,11.507765,-5.64528,-0.145181,0.762934,0.054926,0.627564,1.701586,86.763954,23.929735,0.060029,-0.592675,0.13012,-0.792592,12.055217,52.836727,27.437574,0.017834,0.831457,-0.056685,0.552402,5.980195,9.719163,38.65139,-0.004276,0.916719,-0.093773,0.388348,-4.964048,3.200067,-14.100346,0.017834,0.831457,-0.056685,0.552402,18.23391,2.111314,33.745213
497,4.141667,-0.024715,0.877433,0.054954,0.4759,-3.222166,86.798004,15.996967,-0.024103,0.868685,0.046501,0.492588,-3.953309,94.384308,16.554155,-0.005622,0.86608,0.051922,0.497169,-5.483636,111.740318,17.549685,0.129389,0.922006,-0.088819,0.353942,-6.723444,131.833801,19.253796,0.112042,0.952325,-0.233161,0.161738,-1.195124,145.091156,16.843548,-0.011543,0.80867,0.086953,0.581686,-9.116428,125.683067,15.932292,0.29288,-0.347627,0.291329,-0.841727,-15.374425,127.281189,-2.332975,0.268691,-0.079406,-0.449182,-0.848372,0.228269,108.881737,-13.322984,0.396039,0.033681,-0.617695,-0.67858,13.837388,125.651039,-22.089571,-0.107147,0.910767,0.054825,0.394991,-5.350777,125.371063,22.350819,0.37538,0.8886,0.079246,-0.251398,7.532749,128.313156,36.517517,0.022228,0.407591,0.528731,-0.74419,23.220625,111.684166,23.096218,0.122194,0.185413,0.694591,-0.684276,20.694351,129.564041,8.441928,0.028921,0.837939,0.221146,0.498113,-8.308773,86.881256,8.188746,0.132099,0.952478,-0.041881,0.271258,-2.183419,54.782452,-6.048726,0.003781,0.915739,-0.093016,0.390839,-14.519996,11.545259,-5.683818,-0.144305,0.769414,0.055393,0.619766,1.86444,86.714745,23.805189,0.05959,-0.597912,0.133795,-0.788066,12.227172,52.773117,27.142637,0.015955,0.830484,-0.059121,0.553666,5.949297,9.738075,38.559853,0.003781,0.915739,-0.093016,0.390839,-5.00592,3.170018,-14.136103,0.015955,0.830484,-0.059121,0.553666,18.22113,2.106295,33.736843
498,4.15,-0.025473,0.883237,0.05557,0.464926,-3.15597,86.727211,15.981618,-0.026125,0.873731,0.045473,0.483573,-3.894693,94.31189,16.550755,-0.004516,0.870949,0.051794,0.488615,-5.459686,111.675919,17.497032,0.127883,0.924552,-0.090271,0.34742,-6.641225,131.770401,19.230648,0.110894,0.953135,-0.232409,0.158816,-1.165075,145.03067,16.719501,-0.012368,0.811487,0.090105,0.57725,-9.106858,125.623497,15.955475,0.290201,-0.34658,0.28808,-0.844201,-15.563278,127.249977,-2.23809,0.270625,-0.075532,-0.449147,-0.84813,0.17778,109.023216,-13.318184,0.400285,0.038389,-0.618814,-0.67481,13.8194,125.831459,-21.972666,-0.104045,0.914616,0.053771,0.38699,-5.215423,125.305107,22.298214,0.37889,0.887339,0.073978,-0.25219,7.935898,128.18605,36.229458,0.029892,0.406125,0.529399,-0.744248,23.462254,111.349892,22.878765,0.130542,0.183085,0.697905,-0.679976,20.912521,129.116928,8.079809,0.027849,0.843096,0.224434,0.487897,-8.434312,86.789413,8.301509,0.130982,0.953904,-0.042094,0.266721,-2.301869,54.79071,-6.156549,0.003083,0.915671,-0.092719,0.391076,-14.547521,11.52868,-5.687304,-0.142591,0.77665,0.05506,0.611107,2.122373,86.665001,23.661726,0.059008,-0.603809,0.137903,-0.782889,12.415981,52.685707,26.825294,0.013532,0.829605,-0.061469,0.554792,5.911149,9.744811,38.467724,0.003083,0.915671,-0.092719,0.391076,-5.017396,3.168091,-14.136013,0.013532,0.829605,-0.061469,0.554792,18.206543,2.099672,33.726563
499,4.158333,-0.025337,0.889894,0.056058,0.452,-3.101344,86.67395,15.965377,-0.027723,0.879683,0.044055,0.472703,-3.833206,94.257912,16.552784,-0.00359,0.876673,0.052518,0.478198,-5.413115,111.635231,17.449091,0.126286,0.927613,-0.091763,0.339361,-6.555064,131.726974,19.240112,0.110142,0.953988,-0.231927,0.154872,-1.140875,144.990814,16.615955,-0.013516,0.815188,0.093812,0.571389,-9.09744,125.584579,16.015556,0.286307,-0.345466,0.284324,-0.847255,-15.813579,127.234627,-2.08161,0.272259,-0.071817,-0.448886,-0.848068,0.082326,109.218407,-13.284296,0.404516,0.045268,-0.618502,-0.672141,13.749063,126.042488,-21.815504,-0.100036,0.91929,0.052893,0.376964,-5.055871,125.257347,22.263245,0.383044,0.885679,0.067747,-0.253495,8.423937,128.04808,35.895676,0.038492,0.403427,0.530097,-0.744824,23.747471,110.971535,22.616171,0.140884,0.18052,0.701009,-0.675389,21.129654,128.625092,7.681869,0.026223,0.848601,0.228001,0.47666,-8.600718,86.725983,8.441878,0.129636,0.955523,-0.041741,0.261587,-2.439388,54.836071,-6.242494,0.003224,0.91557,-0.093038,0.391236,-14.560765,11.539846,-5.705311,-0.140758,0.784864,0.054395,0.601013,2.398029,86.621925,23.488876,0.05867,-0.609602,0.142147,-0.777649,12.604433,52.600395,26.476267,0.011184,0.828756,-0.064206,0.555802,5.880036,9.762806,38.371765,0.003224,0.91557,-0.093038,0.391236,-5.031302,3.170528,-14.146116,0.011184,0.828756,-0.064206,0.555802,18.193375,2.095275,33.714069
500,4.166667,-0.024842,0.897498,0.055929,0.436752,-3.044118,86.63987,15.956168,-0.029644,0.886335,0.043666,0.460026,-3.758214,94.224426,16.557526,-0.002341,0.883104,0.052843,0.466186,-5.377294,111.588264,17.432903,0.123975,0.930873,-0.09352,0.330697,-6.456246,131.678909,19.274446,0.109032,0.954658,-0.231857,0.151597,-1.124449,144.949768,16.520275,-0.014174,0.819663,0.097459,0.564317,-9.089999,125.541435,16.114513,0.283256,-0.344767,0.279614,-0.850128,-16.11664,127.222267,-1.86152,0.273716,-0.06819,-0.448887,-0.847897,-0.054333,109.441399,-13.202044,0.407957,0.052074,-0.617476,-0.67051,13.632634,126.299202,-21.617809,-0.09567,0.924606,0.052002,0.365029,-4.879327,125.205276,22.249023,0.388163,0.883443,0.061016,-0.255217,8.976724,127.897224,35.519287,0.04759,0.400152,0.530892,-0.745498,24.044518,110.541489,22.309294,0.151582,0.17807,0.703474,-0.671148,21.343605,128.075287,7.250115,0.024391,0.85516,0.231401,0.463206,-8.796548,86.679596,8.624266,0.127522,0.957093,-0.040677,0.257015,-2.642242,54.894424,-6.288361,0.004215,0.915574,-0.092911,0.391246,-14.558184,11.541414,-5.73473,-0.138262,0.792758,0.053514,0.591232,2.708313,86.600143,23.288071,0.05853,-0.615642,0.146568,-0.77206,12.777776,52.522182,26.09128,0.010714,0.827516,-0.066936,0.557335,5.84197,9.797922,38.269608,0.004215,0.915574,-0.092911,0.391246,-5.041368,3.164307,-14.182077,0.010714,0.827516,-0.066936,0.557335,18.156788,2.080525,33.698997
501,4.175,-0.025533,0.905549,0.056781,0.419648,-2.963303,86.58593,15.949785,-0.031672,0.893835,0.043011,0.445203,-3.680854,94.168488,16.571873,-0.000826,0.890473,0.0535,0.451878,-5.339551,111.543968,17.422718,0.120849,0.93465,-0.095761,0.320397,-6.346149,131.631989,19.332661,0.108152,0.955406,-0.231478,0.148054,-1.123473,144.912064,16.418526,-0.014045,0.825187,0.101443,0.555498,-9.084351,125.50148,16.248909,0.279275,-0.344498,0.27443,-0.853238,-16.493763,127.235878,-1.567627,0.27472,-0.064356,-0.448431,-0.848114,-0.269327,109.720184,-13.088584,0.410929,0.059645,-0.616504,-0.668956,13.461794,126.612137,-21.369589,-0.090326,0.930543,0.050668,0.351232,-4.677945,125.152298,22.243626,0.394151,0.880498,0.052915,-0.258008,9.59951,127.719536,35.084969,0.057441,0.396236,0.532062,-0.746062,24.342949,110.043037,21.934439,0.162389,0.174087,0.706821,-0.666129,21.553963,127.463234,6.750014,0.022179,0.86275,0.234924,0.447192,-8.988092,86.599098,8.839895,0.125685,0.959154,-0.039085,0.250398,-2.862777,54.923683,-6.316211,0.003017,0.91553,-0.092804,0.391385,-14.583892,11.517438,-5.775051,-0.135341,0.801567,0.051783,0.580079,3.061486,86.572754,23.059675,0.058571,-0.622327,0.151017,-0.765815,12.936743,52.424835,25.69747,0.009172,0.826934,-0.069396,0.557926,5.814302,9.820068,38.182819,0.003017,0.91553,-0.092804,0.391385,-5.047251,3.155906,-14.215467,0.009172,0.826934,-0.069396,0.557926,18.134377,2.074461,33.674526
502,4.183333,-0.025157,0.914706,0.056211,0.399401,-2.902131,86.543762,15.965703,-0.033336,0.902285,0.042444,0.427749,-3.596951,94.127594,16.597973,0.000452,0.898741,0.053783,0.43517,-5.281778,111.490944,17.437613,0.116444,0.939106,-0.096932,0.308424,-6.211099,131.577759,19.398741,0.108278,0.955983,-0.231746,0.143762,-1.150598,144.886276,16.332241,-0.014334,0.831982,0.105885,0.544416,-9.064189,125.450195,16.414888,0.274552,-0.343965,0.268209,-0.856956,-16.945608,127.221703,-1.194239,0.275197,-0.060264,-0.448461,-0.848244,-0.522748,110.028587,-12.918176,0.41382,0.067147,-0.616075,-0.666855,13.237736,126.983932,-21.052263,-0.083924,0.936961,0.049268,0.335608,-4.436992,125.095497,22.240538,0.400535,0.877399,0.04553,-0.260135,10.299487,127.50164,34.584888,0.068198,0.391675,0.532554,-0.747212,24.71554,109.497086,21.516729,0.17357,0.170817,0.708002,-0.662894,21.784687,126.772919,6.207047,0.019718,0.869657,0.240115,0.430874,-9.236368,86.533318,9.130054,0.123336,0.961513,-0.037416,0.242653,-3.083236,55.026348,-6.362161,0.003463,0.915706,-0.094235,0.390628,-14.564201,11.556,-5.818268,-0.132197,0.810692,0.050231,0.568137,3.432106,86.554207,22.801353,0.059303,-0.628632,0.155741,-0.759638,13.106801,52.335049,25.252598,0.007703,0.826556,-0.072862,0.558065,5.820141,9.868362,38.108124,0.003463,0.915706,-0.094235,0.390628,-5.057193,3.155862,-14.253775,0.007703,0.826556,-0.072862,0.558065,18.130844,2.07193,33.662285
503,4.191667,-0.025333,0.923787,0.056188,0.377914,-2.805717,86.482658,15.968437,-0.035455,0.911311,0.042362,0.407995,-3.487921,94.066391,16.615433,0.002032,0.907836,0.054481,0.415766,-5.221965,111.441887,17.459492,0.112136,0.943631,-0.099062,0.295252,-6.062718,131.525482,19.492168,0.107369,0.956615,-0.231778,0.140138,-1.16361,144.85173,16.245794,-0.013161,0.839761,0.111424,0.531237,-9.0424,125.403214,16.623421,0.272521,-0.345031,0.260158,-0.859653,-17.474327,127.268509,-0.719008,0.278048,-0.054794,-0.448032,-0.847912,-0.864875,110.425613,-12.685947,0.418175,0.075408,-0.616012,-0.663304,12.940229,127.416595,-20.655399,-0.076712,0.94396,0.047052,0.317556,-4.169306,125.038315,22.244343,0.407355,0.873706,0.034756,-0.263615,11.068953,127.265152,33.999054,0.079396,0.386733,0.532783,-0.748516,25.096277,108.880905,21.036882,0.18533,0.166019,0.709955,-0.658828,21.997202,126.014114,5.594574,0.016788,0.878017,0.24483,0.41093,-9.451094,86.442253,9.434974,0.121194,0.964224,-0.035173,0.233124,-3.329587,55.090672,-6.381611,0.004727,0.915383,-0.093511,0.391546,-14.575878,11.558601,-5.872477,-0.128809,0.81995,0.048071,0.555679,3.839659,86.523056,22.501902,0.060433,-0.63496,0.16104,-0.753153,13.273385,52.225719,24.794655,0.004536,0.827214,-0.076814,0.556594,5.816916,9.922144,38.083302,0.004727,0.915383,-0.093511,0.391546,-5.063768,3.16238,-14.306134,0.004536,0.827214,-0.076814,0.556594,18.116137,2.089275,33.669827
504,4.2,-0.024977,0.933122,0.056138,0.354272,-2.704448,86.429169,15.966302,-0.038149,0.920732,0.042693,0.385973,-3.364616,94.013268,16.63168,0.004637,0.917433,0.055599,0.393959,-5.171154,111.40255,17.492353,0.107443,0.948469,-0.101889,0.280146,-5.88432,131.480469,19.627302,0.106238,0.957459,-0.231443,0.135717,-1.165957,144.819504,16.172411,-0.011979,0.848742,0.116003,0.515787,-9.006779,125.371529,16.884781,0.265953,-0.345612,0.252071,-0.863876,-18.066641,127.295944,-0.131442,0.279979,-0.048268,-0.4479,-0.847743,-1.258846,110.877182,-12.40686,0.425792,0.084216,-0.616918,-0.656522,12.575072,127.929726,-20.152161,-0.068317,0.951359,0.044047,0.297168,-3.870913,124.981857,22.264927,0.415177,0.869169,0.023691,-0.267602,11.90013,126.993027,33.335869,0.091906,0.380923,0.533397,-0.749625,25.47398,108.196594,20.482498,0.198175,0.160952,0.712028,-0.654093,22.197399,125.180733,4.907952,0.013845,0.886754,0.249517,0.388866,-9.672794,86.365456,9.778665,0.118377,0.966998,-0.032661,0.223237,-3.630896,55.172623,-6.37874,0.00414,0.91564,-0.094142,0.390797,-14.580718,11.564526,-5.914932,-0.125346,0.829738,0.045034,0.542028,4.263899,86.492882,22.15394,0.061694,-0.642007,0.166406,-0.745875,13.418531,52.11264,24.333603,0.005259,0.827621,-0.079132,0.555656,5.818672,9.980932,38.079178,0.00414,0.91564,-0.094142,0.390797,-5.079114,3.159371,-14.351535,0.005259,0.827621,-0.079132,0.555656,18.07863,2.086908,33.66544
505,4.208333,-0.024538,0.942486,0.056258,0.328563,-2.582263,86.372665,15.948285,-0.039701,0.930726,0.044181,0.360861,-3.218229,93.956886,16.635429,0.006195,0.927773,0.055896,0.368884,-5.072196,111.358452,17.574589,0.102387,0.953519,-0.104152,0.263573,-5.673109,131.434341,19.76243,0.105119,0.958233,-0.231258,0.131378,-1.162479,144.792206,16.108543,-0.008884,0.858991,0.120501,0.497529,-8.938456,125.326851,17.188259,0.261095,-0.347562,0.243343,-0.867072,-18.717714,127.354172,0.587274,0.284856,-0.039667,-0.448142,-0.846435,-1.752299,111.355949,-12.022082,0.437685,0.095612,-0.61745,-0.646564,12.113218,128.501953,-19.53389,-0.059675,0.95897,0.041628,0.274013,-3.517897,124.934074,22.281219,0.423834,0.863862,0.012114,-0.271956,12.808477,126.709457,32.559063,0.106241,0.37368,0.534287,-0.750742,25.87273,107.471931,19.830856,0.211889,0.154715,0.715628,-0.647335,22.38348,124.308289,4.118325,0.011258,0.895511,0.254613,0.364836,-9.878215,86.286125,10.150835,0.114986,0.96989,-0.030189,0.212558,-3.974699,55.271839,-6.396717,0.003092,0.916116,-0.095335,0.389402,-14.580922,11.57861,-5.96154,-0.122223,0.840874,0.040734,0.525674,4.713689,86.459198,21.745735,0.063376,-0.649851,0.171559,-0.73773,13.566969,51.997547,23.884253,0.004465,0.828836,-0.08198,0.553435,5.88896,10.041359,38.114704,0.003092,0.916116,-0.095335,0.389402,-5.099659,3.155866,-14.403483,0.004465,0.828836,-0.08198,0.553435,18.108658,2.096725,33.680161
506,4.216667,-0.023499,0.951412,0.05653,0.301774,-2.460648,86.294876,15.92106,-0.040851,0.940479,0.045593,0.334293,-3.063073,93.879395,16.634686,0.008198,0.937888,0.056707,0.342174,-4.944026,111.274162,17.659056,0.095457,0.95868,-0.106782,0.245801,-5.417372,131.345215,19.921455,0.104033,0.959033,-0.230721,0.127279,-1.174907,144.728394,16.045742,-0.0048,0.869877,0.127,0.476614,-8.825078,125.243164,17.525017,0.254797,-0.350699,0.234342,-0.870157,-19.395927,127.426758,1.436955,0.291686,-0.028574,-0.449013,-0.844091,-2.318685,111.877678,-11.576819,0.455264,0.110583,-0.617621,-0.631705,11.542331,129.142929,-18.800762,-0.051486,0.966603,0.038758,0.248043,-3.122034,124.839577,22.298632,0.433069,0.857815,0.000575,-0.276776,13.76494,126.39537,31.665936,0.122008,0.366032,0.535317,-0.751379,26.269394,106.707474,19.064741,0.227515,0.14769,0.71688,-0.642268,22.565056,123.377823,3.198047,0.010021,0.903046,0.260961,0.341038,-10.072268,86.196136,10.54497,0.110753,0.972854,-0.028333,0.201213,-4.372775,55.413265,-6.498787,-0.000374,0.916866,-0.098557,0.386837,-14.574949,11.624345,-6.024062,-0.119365,0.851606,0.036307,0.509118,5.150971,86.393616,21.297148,0.06556,-0.658107,0.177507,-0.728758,13.715471,51.858425,23.425259,0.005896,0.830883,-0.083899,0.550054,5.962356,10.114273,38.227108,-0.000374,0.916866,-0.098557,0.386837,-5.115654,3.162174,-14.451206,0.005896,0.830883,-0.083899,0.550054,18.107643,2.102821,33.709137
507,4.225,-0.021805,0.959909,0.055984,0.273799,-2.358537,86.21286,15.916769,-0.041752,0.950176,0.04701,0.305307,-2.912706,93.7995,16.646858,0.011223,0.948078,0.057486,0.312598,-4.809985,111.220146,17.767893,0.088398,0.963758,-0.110685,0.226067,-5.106151,131.285233,20.111906,0.102239,0.960097,-0.229593,0.12267,-1.146335,144.678314,15.979793,0.000522,0.881646,0.131052,0.453349,-8.667932,125.195396,17.916906,0.245522,-0.35388,0.226674,-0.87356,-20.077988,127.515282,2.43255,0.298966,-0.016745,-0.451334,-0.840617,-2.932172,112.410118,-11.006916,-0.477323,-0.128157,0.617532,0.611877,10.863501,129.857544,-17.951149,-0.042866,0.974167,0.035935,0.218794,-2.677289,124.769196,22.322075,0.443296,0.850497,-0.012114,-0.282836,14.770261,126.082588,30.640402,0.139038,0.358321,0.537001,-0.750936,26.619705,105.911461,18.171232,0.244732,0.140816,0.718702,-0.635409,22.734276,122.40963,2.126129,0.008623,0.910393,0.267675,0.315373,-10.271692,86.108444,10.995397,0.106108,0.975548,-0.026013,0.190713,-4.813244,55.576767,-6.571073,-0.000845,0.917227,-0.10032,0.385525,-14.56813,11.685902,-6.108794,-0.116665,0.862558,0.031854,0.491293,5.554617,86.317276,20.838142,0.068213,-0.667879,0.183611,-0.718033,13.844167,51.715004,22.965467,0.009939,0.833647,-0.085335,0.545575,6.085068,10.20098,38.397961,-0.000845,0.917227,-0.10032,0.385525,-5.138661,3.186841,-14.532241,0.009939,0.833647,-0.085335,0.545575,18.112625,2.092376,33.740513
508,4.233333,-0.020756,0.967716,0.056377,0.244777,-2.219065,86.103592,15.877825,-0.040514,0.959247,0.0484,0.275429,-2.736959,93.690231,16.634008,0.012995,0.957433,0.058743,0.282317,-4.573296,111.14167,17.874918,0.080759,0.968559,-0.113903,0.205905,-4.740688,131.199112,20.295767,0.100126,0.961244,-0.228391,0.117566,-1.094233,144.607544,15.93154,0.006452,0.893659,0.13644,0.427454,-8.428276,125.111687,18.311981,0.24171,-0.360913,0.21684,-0.874242,-20.720505,127.59491,3.544748,0.309146,-0.001063,-0.454824,-0.835202,-3.609979,112.918785,-10.405342,-0.501469,-0.150158,0.614835,0.589881,10.040048,130.591522,-16.993914,-0.034458,0.980892,0.030763,0.188988,-2.169923,124.679314,22.32708,0.452978,0.842146,-0.026652,-0.291359,15.773754,125.763664,29.550999,0.15713,0.351872,0.538096,-0.749633,26.903641,105.126442,17.181889,0.262939,0.135021,0.720663,-0.627119,22.852848,121.401039,0.896578,0.007094,0.917715,0.274192,0.287344,-10.413566,85.986435,11.441019,0.101311,0.978729,-0.023594,0.176828,-5.260915,55.704796,-6.642993,-0.007551,0.919076,-0.103837,0.380079,-14.553017,11.713669,-6.177372,-0.113907,0.873873,0.026476,0.47188,5.975435,86.220757,20.314631,0.071415,-0.678921,0.190112,-0.705567,13.962275,51.550793,22.497068,0.013088,0.837622,-0.087628,0.539017,6.259802,10.295463,38.635509,-0.007551,0.919076,-0.103837,0.380079,-5.158896,3.199563,-14.625081,0.013088,0.837622,-0.087628,0.539017,18.14543,2.083733,33.797878
509,4.241667,-0.019681,0.97475,0.056183,0.215216,-2.091406,85.974541,15.850496,-0.040162,0.967643,0.050181,0.244,-2.569403,93.56218,16.622755,0.016819,0.966289,0.058959,0.250055,-4.373145,111.063194,17.990679,0.073106,0.973183,-0.116696,0.184259,-4.312177,131.115005,20.462688,0.097571,0.962606,-0.226698,0.1117,-0.998959,144.538528,15.884399,0.013437,0.905864,0.140359,0.39941,-8.144519,125.043961,18.717381,0.235367,-0.368596,0.209632,-0.874525,-21.329844,127.687813,4.771283,0.31765,0.014526,-0.4592,-0.829471,-4.353477,113.368156,-9.703332,-0.525185,-0.175424,0.610549,0.566249,9.107918,131.328552,-15.937718,-0.02693,0.986966,0.027507,0.156254,-1.632008,124.582268,22.301924,0.463942,0.833066,-0.037763,-0.298886,16.767467,125.445572,28.30612,0.177881,0.344821,0.54017,-0.746775,27.12878,104.355446,16.03364,0.283533,0.130718,0.722503,-0.616856,22.948645,120.364273,-0.514762,0.005588,0.924231,0.280862,0.258615,-10.540161,85.842354,11.919868,0.095935,0.98204,-0.020677,0.161144,-5.730232,55.82328,-6.688693,-0.00616,0.921643,-0.102819,0.374118,-14.502166,11.725176,-6.252898,-0.111553,0.885622,0.021224,0.450309,6.35735,86.106735,19.781124,-0.074894,0.691694,-0.19721,0.690695,14.081667,51.381081,22.022243,0.016551,0.842711,-0.091227,0.530323,6.490925,10.418785,38.941174,-0.00616,0.921643,-0.102819,0.374118,-5.241755,3.211264,-14.847165,0.016551,0.842711,-0.091227,0.530323,18.188187,2.070662,33.882896
510,4.25,-0.017052,0.980858,0.056289,0.18563,-1.984604,85.8573,15.802153,-0.038078,0.97506,0.052004,0.212378,-2.399929,93.446228,16.597607,0.020115,0.973993,0.059859,0.217603,-4.102418,110.970139,18.103886,0.063728,0.97725,-0.120643,0.162375,-3.837086,131.012711,20.636581,0.095218,0.963998,-0.224324,0.106396,-0.909103,144.441742,15.818155,0.021208,0.917693,0.145125,0.369227,-7.789432,124.954628,19.130257,0.226319,-0.377706,0.203788,-0.874407,-21.863247,127.784981,6.120518,0.32419,0.029935,-0.464623,-0.823487,-5.119255,113.805031,-8.944816,-0.549696,-0.200843,0.60477,0.540139,8.064079,132.064957,-14.808223,-0.019738,0.99207,0.023872,0.121811,-1.052662,124.468758,22.269497,0.474164,0.823385,-0.049542,-0.307818,17.730921,125.114799,26.970148,0.198554,0.33938,0.541916,-0.742782,27.296492,103.606453,14.777719,0.307309,0.128112,0.720991,-0.607717,23.027876,119.30175,-2.066471,0.003609,0.930091,0.286972,0.229271,-10.656198,85.740318,12.390616,0.090172,0.985354,-0.016736,0.143756,-6.20505,55.967278,-6.696352,0.000769,0.925941,-0.100264,0.364114,-14.411679,11.759475,-6.379072,-0.109506,0.897296,0.016002,0.427332,6.68699,85.974289,19.213688,-0.078924,0.705653,-0.204958,0.673659,14.179344,51.202511,21.526123,0.021693,0.848651,-0.094006,0.520082,6.771097,10.57618,39.313717,0.000769,0.925941,-0.100264,0.364114,-5.438821,3.220354,-15.248938,0.021693,0.848651,-0.094006,0.520082,18.238392,2.085569,33.973866
511,4.258333,-0.01545,0.98604,0.057137,0.155637,-1.857345,85.700775,15.731881,-0.036297,0.981586,0.05471,0.179384,-2.226085,93.289032,16.556192,0.023959,0.980925,0.059641,0.183453,-3.835657,110.846481,18.227737,0.054891,0.981081,-0.122638,0.139381,-3.328113,130.88327,20.769291,0.093041,0.965439,-0.221991,0.099951,-0.793866,144.32959,15.779,0.030393,0.929057,0.147756,0.337783,-7.395987,124.840546,19.533039,0.216098,-0.388335,0.199892,-0.873236,-22.31282,127.8685,7.547395,0.328315,0.045551,-0.470708,-0.81766,-5.91713,114.164528,-8.141656,-0.572208,-0.226605,0.598621,0.51272,6.940816,132.766357,-13.598682,-0.013574,0.995952,0.021026,0.086329,-0.457725,124.327469,22.192392,0.482255,0.814056,-0.059959,-0.318038,18.619955,124.780975,25.534925,0.219053,0.336369,0.541816,-0.738449,27.436129,102.95546,13.341239,0.326578,0.128032,0.722314,-0.596001,23.05678,118.278923,-3.890137,0.001039,0.935094,0.293723,0.198305,-10.720684,85.582581,12.855083,0.084019,0.988581,-0.01363,0.124346,-6.63755,56.088173,-6.739994,-0.007183,0.934738,-0.101814,0.340364,-14.259359,11.775499,-6.467787,-0.107623,0.909201,0.010575,0.402067,7.005994,85.81897,18.608681,-0.083327,0.721303,-0.213267,0.653678,14.284905,51.007782,21.008106,0.027914,0.855601,-0.098374,0.507436,7.153216,10.758206,39.740135,-0.007183,0.934738,-0.101814,0.340364,-5.682597,3.251798,-15.735415,0.027914,0.855601,-0.098374,0.507436,18.320549,2.07817,34.078793
512,4.266667,-0.013485,0.990219,0.058308,0.126036,-1.743614,85.546455,15.655734,-0.034269,0.987002,0.057226,0.146212,-2.060013,93.133507,16.512205,0.029094,0.986625,0.059809,0.148823,-3.558399,110.733093,18.340258,0.046298,0.984128,-0.125953,0.116122,-2.758181,130.758041,20.899622,0.089523,0.967124,-0.218854,0.09359,-0.615063,144.200592,15.719485,0.03948,0.93942,0.150459,0.30544,-6.937653,124.741982,19.935551,0.204001,-0.400791,0.198857,-0.87075,-22.636002,127.959732,9.047728,0.32832,0.059883,-0.477748,-0.812636,-6.739595,114.444199,-7.304611,-0.591433,-0.251559,0.591783,0.486538,5.723631,133.400146,-12.332541,-0.008139,0.998536,0.021428,0.048993,0.167964,124.181793,22.096893,0.488497,0.804398,-0.07056,-0.330661,19.446001,124.456001,23.999218,0.239691,0.335041,0.540323,-0.733721,27.506765,102.385239,11.724466,0.346736,0.1313,0.723689,-0.582073,22.995932,117.271492,-5.948614,-0.000102,0.938547,0.300754,0.169341,-10.763424,85.434547,13.314928,0.077162,0.991705,-0.010231,0.10229,-7.125814,56.238007,-6.806934,-0.003326,0.94302,-0.099574,0.317471,-14.101389,11.818645,-6.604339,-0.105916,0.921045,0.00552,0.374736,7.276196,85.658356,17.99654,-0.087868,0.738472,-0.222328,0.630483,14.378256,50.81538,20.463646,0.033186,0.863897,-0.104835,0.491519,7.607897,10.990652,40.210365,-0.003326,0.94302,-0.099574,0.317471,-6.067072,3.28564,-16.337839,0.033186,0.863897,-0.104835,0.491519,18.410528,2.091539,34.192688
513,4.275,-0.011014,0.993514,0.058853,0.096666,-1.6673,85.383514,15.603232,-0.030227,0.991377,0.059307,0.112876,-1.921487,92.97052,16.480618,0.032794,0.991106,0.060081,0.114123,-3.225645,110.599754,18.450855,0.038509,0.986533,-0.128953,0.092954,-2.189369,130.614136,21.008211,0.086249,0.968769,-0.215753,0.086595,-0.422226,144.048233,15.666718,0.04895,0.948904,0.151852,0.27226,-6.443726,124.612511,20.321724,0.192855,-0.415426,0.198896,-0.866412,-22.852331,128.014206,10.599446,0.32336,0.072204,-0.48512,-0.809249,-7.590055,114.629837,-6.450077,-0.602722,-0.275402,0.58603,0.466314,4.439009,133.913177,-11.013816,-0.003731,0.999649,0.023454,0.01173,0.794396,124.026199,21.977264,0.491772,0.79433,-0.080642,-0.347414,20.16213,124.160072,22.43499,0.258667,0.337846,0.53749,-0.728049,27.45038,101.963737,9.906281,0.367009,0.137055,0.722488,-0.569677,22.867594,116.328522,-8.289478,-0.000464,0.940615,0.308432,0.14182,-10.810147,85.285599,13.801124,0.069903,0.994668,-0.006841,0.075514,-7.660678,56.422554,-6.876513,0.00481,0.951247,-0.096475,0.292913,-13.959896,11.901993,-6.739316,-0.104202,0.932263,0.001948,0.346445,7.475546,85.481422,17.405342,-0.093338,0.755869,-0.232621,0.604845,14.449032,50.610863,19.849432,0.034816,0.874919,-0.114619,0.469219,8.140712,11.296371,40.738556,0.00481,0.951247,-0.096475,0.292913,-6.580701,3.352382,-16.964533,0.034816,0.874919,-0.114619,0.469219,18.486019,2.152277,34.299328
514,4.283333,-0.009822,0.995758,0.061327,0.067888,-1.528187,85.216393,15.482723,-0.027616,0.994425,0.063409,0.079596,-1.741296,92.799232,16.405853,0.037107,0.994364,0.060041,0.079107,-2.900111,110.45182,18.575195,0.031205,0.988269,-0.132348,0.069526,-1.601069,130.454208,21.106243,0.08274,0.970438,-0.21245,0.079178,-0.203572,143.869293,15.609733,0.057477,0.957065,0.152398,0.239787,-5.918661,124.471855,20.706003,0.18611,-0.433341,0.197993,-0.859289,-22.936382,128.019257,12.153251,0.313231,0.08217,-0.493289,-0.807342,-8.46133,114.722969,-5.635663,-0.605006,-0.295725,0.582999,0.454562,3.087732,134.315338,-9.710126,-0.000445,0.999224,0.029217,-0.026422,1.41576,123.851456,21.84457,0.492981,0.782722,-0.089791,-0.369126,20.762306,123.898605,20.822077,0.276427,0.343335,0.535477,-0.720398,27.162573,101.682869,7.850482,0.388879,0.144542,0.722403,-0.553186,22.637558,115.48082,-10.904717,0.000579,0.941961,0.315694,0.114217,-10.759759,85.111702,14.211537,0.062402,0.996885,-0.00364,0.048101,-8.2281,56.571758,-6.99274,0.003513,0.960088,-0.096516,0.262494,-13.838061,11.958927,-6.936376,-0.101457,0.943294,-0.002033,0.316067,7.703386,85.321083,16.75391,-0.099692,0.774094,-0.243098,0.575971,14.480265,50.41029,19.176653,0.034356,0.888194,-0.12541,0.440685,8.828618,11.654314,41.263138,0.003513,0.960088,-0.096516,0.262494,-7.14949,3.39794,-17.617008,0.034356,0.888194,-0.12541,0.440685,18.611994,2.26417,34.319496
515,4.291667,-0.006543,0.997127,0.063013,0.041517,-1.508455,85.015472,15.448171,-0.022258,0.996509,0.0652,0.047142,-1.648152,92.595932,16.404312,0.040198,0.996364,0.06038,0.044691,-2.549072,110.264267,18.684803,0.025226,0.989464,-0.134825,0.04634,-1.039699,130.255356,21.188303,0.079838,0.97194,-0.209713,0.070568,0.020136,143.655075,15.579968,0.065931,0.964013,0.151841,0.20803,-5.38617,124.281761,21.066818,0.184968,-0.453792,0.195676,-0.849453,-22.914499,127.968407,13.684216,0.297766,0.08841,-0.502162,-0.807064,-9.352979,114.705368,-4.834455,-0.596317,-0.312467,0.583256,0.454514,1.699444,134.578873,-8.434036,0.002927,0.997299,0.037193,-0.063261,2.008155,123.644936,21.693977,0.490384,0.769666,-0.098175,-0.396862,21.226357,123.623016,19.245203,0.292541,0.35279,0.533799,-0.710646,26.635611,101.546082,5.602883,0.414121,0.148357,0.718178,-0.539179,22.325722,114.682663,-13.752153,0.001577,0.942207,0.322681,0.090113,-10.794801,84.942635,14.668901,0.054304,0.998387,0.001406,0.016487,-8.82781,56.720837,-7.015655,-0.006137,0.968672,-0.099138,0.227613,-13.701365,12.022007,-7.222451,-0.099741,0.953458,-0.003591,0.28453,7.777891,85.088318,16.22744,-0.106698,0.79202,-0.253527,0.545017,14.484605,50.153542,18.494644,0.03455,0.901474,-0.136867,0.409168,9.65818,11.993337,41.781628,-0.006137,0.968672,-0.099138,0.227613,-7.721506,3.4382,-18.297777,0.03455,0.901474,-0.136867,0.409168,18.782537,2.332492,34.33062
516,4.3,-0.003774,0.997758,0.064996,0.015525,-1.454976,84.795784,15.371239,-0.017277,0.997389,0.06825,0.016058,-1.52795,92.372803,16.361492,0.042972,0.997152,0.060826,0.011927,-2.182258,110.046768,18.781881,0.019596,0.990078,-0.137084,0.023862,-0.480126,130.026352,21.253426,0.077131,0.973331,-0.207162,0.061333,0.252934,143.409576,15.554216,0.073597,0.969458,0.151589,0.1782,-4.834676,124.059105,21.395781,0.185712,-0.474683,0.193596,-0.838277,-22.767969,127.870369,15.134203,0.277085,0.09147,-0.511797,-0.808035,-10.191947,114.592133,-4.056839,-0.578378,-0.326441,0.588785,0.460703,0.343033,134.720749,-7.170889,0.005942,0.993997,0.046038,-0.099074,2.583845,123.409996,21.534004,0.485167,0.756149,-0.101643,-0.427225,21.575743,123.35788,17.707615,0.30996,0.363995,0.532948,-0.698139,25.928205,101.604935,3.194533,0.44337,0.145202,0.709832,-0.52771,21.950844,113.957977,-16.784668,0.003586,0.941837,0.329399,0.066539,-10.769485,84.744408,15.077946,0.046724,0.998742,0.00533,-0.017376,-9.447771,56.835617,-7.055999,-0.01053,0.975599,-0.099663,0.195355,-13.652672,12.070298,-7.461676,-0.097291,0.963087,-0.005651,0.250931,7.859534,84.847168,15.664533,-0.114188,0.810147,-0.263877,0.510873,14.438276,49.879341,17.79295,0.032295,0.915094,-0.151426,0.372332,10.63445,12.349516,42.263786,-0.01053,0.975599,-0.099663,0.195355,-8.406336,3.473582,-18.893024,0.032295,0.915094,-0.151426,0.372332,18.982374,2.372167,34.334858
517,4.308333,-0.001045,0.997643,0.068023,-0.009016,-1.408179,84.560036,15.291685,-0.011169,0.997332,0.070982,-0.012913,-1.414741,92.131104,16.329018,0.044915,0.996912,0.061744,-0.018337,-1.78055,109.839775,18.867653,0.013641,0.990163,-0.139231,0.002364,0.074473,129.807907,21.321587,0.075236,0.974356,-0.205714,0.051485,0.475842,143.17337,15.548149,0.079001,0.97408,0.15057,0.149181,-4.265449,123.840317,21.700195,0.188352,-0.496013,0.190768,-0.825895,-22.53491,127.69239,16.530586,0.254942,0.092634,-0.522367,-0.808428,-10.998989,114.385643,-3.283982,-0.558956,-0.338274,0.594225,0.46908,-1.005893,134.773331,-5.948914,0.01067,0.989168,0.056888,-0.134893,3.147644,123.190201,21.38658,0.474752,0.74255,-0.103226,-0.461058,21.811781,123.078598,16.19293,0.330334,0.371925,0.533478,-0.684071,25.100878,101.864456,0.639585,0.477664,0.132963,0.706085,-0.505571,21.418993,113.429192,-19.932838,0.006134,0.941089,0.33523,0.043986,-10.725916,84.529175,15.45801,0.040854,0.997844,0.008761,-0.050611,-10.086228,56.898438,-7.05182,-0.01211,0.980713,-0.099734,0.167656,-13.79213,12.091234,-7.651999,-0.094495,0.971644,-0.007416,0.216618,7.909557,84.590897,15.12536,-0.122119,0.827237,-0.273653,0.475269,14.340544,49.586487,17.098278,0.035837,0.927344,-0.162558,0.335149,11.729303,12.697762,42.675282,-0.01211,0.980713,-0.099734,0.167656,-9.220152,3.478201,-19.357386,0.035837,0.927344,-0.162558,0.335149,19.192993,2.425583,34.25631
518,4.316667,0.001409,0.996919,0.071596,-0.032001,-1.348409,84.313354,15.208027,-0.00628,0.996487,0.073436,-0.039769,-1.291921,91.876778,16.298208,0.047262,0.995818,0.062923,-0.046404,-1.411407,109.586319,18.927509,0.007894,0.990045,-0.139365,-0.018047,0.608321,129.53978,21.370823,0.07395,0.974913,-0.205812,0.041451,0.690735,142.907959,15.590334,0.08525,0.977599,0.148769,0.122064,-3.712396,123.575676,21.963457,0.196856,-0.518031,0.184363,-0.811727,-22.227072,127.508522,17.831167,0.237158,0.096039,-0.532201,-0.807028,-11.747599,114.167236,-2.53927,-0.54374,-0.348855,0.598273,0.474043,-2.302311,134.749466,-4.755976,0.01632,0.98287,0.06911,-0.170073,3.670403,122.918083,21.230799,0.461168,0.729667,-0.099708,-0.494942,21.912924,122.751999,14.71014,0.350538,0.377709,0.535586,-0.669035,24.158623,102.294502,-1.999496,0.514245,0.114285,0.699727,-0.482569,20.785013,113.108406,-23.080446,0.009908,0.939786,0.340814,0.023469,-10.648553,84.296837,15.804527,0.0341,0.99605,0.011578,-0.08116,-10.742175,56.939518,-7.04558,-0.023079,0.98519,-0.102147,0.135774,-13.881114,12.091938,-7.833793,-0.091359,0.978815,-0.00909,0.183011,7.951735,84.32988,14.611526,-0.129823,0.843319,-0.282692,0.43823,14.208131,49.285885,16.437744,0.033318,0.938593,-0.175751,0.295035,12.912965,13.023949,42.992855,-0.023079,0.98519,-0.102147,0.135774,-9.96804,3.441365,-19.748438,0.033318,0.938593,-0.175751,0.295035,19.48419,2.467379,34.190517
519,4.325,0.003709,0.995708,0.075344,-0.053618,-1.282585,84.053429,15.118379,-0.001181,0.995103,0.075131,-0.064226,-1.164402,91.608253,16.26193,0.049503,0.994105,0.0646,-0.071642,-1.0337,109.307037,18.941284,0.001689,0.989707,-0.13822,-0.037057,1.141801,129.243088,21.392927,0.072906,0.975133,-0.206911,0.031437,0.904545,142.626266,15.651568,0.090184,0.98038,0.147652,0.094451,-3.153878,123.281967,22.169203,0.20126,-0.538467,0.180599,-0.79808,-21.866676,127.248131,19.097233,0.220163,0.098563,-0.541368,-0.80544,-12.459076,113.860512,-1.760197,-0.53446,-0.358674,0.600235,0.474787,-3.503473,134.64621,-3.567639,0.023673,0.974943,0.082861,-0.205087,4.181309,122.617851,21.060652,0.441757,0.716176,-0.097558,-0.531437,21.903463,122.382057,13.237233,0.368471,0.379633,0.539581,-0.654951,23.092451,102.859184,-4.65712,0.547922,0.089902,0.699739,-0.449517,19.988419,113.098373,-26.114195,0.014188,0.938311,0.345479,0.003892,-10.548014,84.046959,16.118658,0.028357,0.993579,0.013471,-0.1087,-11.401197,56.925262,-6.995067,-0.035809,0.988577,-0.099217,0.107656,-14.066586,12.049693,-7.921519,-0.088042,0.984863,-0.011304,0.148881,7.982842,84.059891,14.118099,-0.13738,0.857659,-0.290812,0.401218,14.044321,48.976692,15.846223,0.034258,0.948068,-0.187107,0.254921,14.147358,13.315132,43.232754,-0.035809,0.988577,-0.099217,0.107656,-10.692333,3.492549,-20.066187,0.034258,0.948068,-0.187107,0.254921,19.75371,2.492353,34.092754
520,4.333333,0.006256,0.994166,0.07821,-0.07402,-1.217806,83.759003,15.042103,0.003649,0.993273,0.07603,-0.087265,-1.034265,91.306717,16.223387,0.051934,0.991863,0.066462,-0.095364,-0.667174,108.989777,18.914118,-0.004453,0.989036,-0.137006,-0.054923,1.670355,128.906006,21.377707,0.071355,0.975361,-0.207585,0.022085,1.125507,142.302017,15.68745,0.095006,0.98226,0.146847,0.067644,-2.597793,122.949394,22.322214,0.204097,-0.557598,0.178056,-0.784681,-21.444357,126.950195,20.288286,0.205486,0.101433,-0.549636,-0.80336,-13.100174,113.508644,-0.982894,-0.530919,-0.368935,0.599865,0.471353,-4.598035,134.462021,-2.408302,0.03131,0.966006,0.095746,-0.238085,4.674706,122.276482,20.86178,0.417985,0.703032,-0.093387,-0.567726,21.813942,121.987808,11.834078,0.384344,0.376835,0.546013,-0.641985,21.971701,103.596687,-7.25796,0.576011,0.05621,0.702988,-0.413351,19.094704,113.482689,-28.96983,0.018783,0.936146,0.350825,-0.014156,-10.434224,83.767029,16.422802,0.023617,0.99073,0.014463,-0.132992,-12.041781,56.921482,-6.971452,-0.032914,0.990714,-0.097994,0.088318,-14.318884,12.026251,-7.977548,-0.084763,0.989544,-0.01338,0.115925,7.998611,83.750977,13.661403,-0.144595,0.870225,-0.298401,0.364358,13.867567,48.631031,15.305776,0.029753,0.956459,-0.197735,0.212609,15.405796,13.554555,43.39587,-0.032914,0.990714,-0.097994,0.088318,-11.492257,3.465194,-20.258495,0.029753,0.956459,-0.197735,0.212609,20.072504,2.517062,33.988487
521,4.341667,0.008748,0.992308,0.080927,-0.09327,-1.134528,83.433044,14.958904,0.006634,0.990943,0.076505,-0.110157,-0.886494,90.973579,16.173771,0.055108,0.988988,0.067813,-0.119447,-0.350887,108.614433,18.854382,-0.011,0.98814,-0.134521,-0.073226,2.178645,128.509598,21.298378,0.070727,0.975624,-0.20735,0.012685,1.315837,141.929703,15.705043,0.101341,0.983269,0.145915,0.040268,-2.061013,122.563408,22.420183,0.208247,-0.576624,0.174723,-0.770461,-20.97385,126.652061,21.458994,0.194064,0.103192,-0.556244,-0.801426,-13.711432,113.14814,-0.166591,-0.529739,-0.378888,0.598881,0.466006,-5.577641,134.202255,-1.307734,0.038418,0.956728,0.106733,-0.26796,5.129366,121.872208,20.604795,0.394407,0.688536,-0.087798,-0.602207,21.663622,121.556221,10.512478,0.396832,0.367218,0.55556,-0.631687,20.698126,104.35482,-9.63557,0.586223,0.01457,0.718001,-0.374974,17.974615,114.246941,-31.44323,0.023579,0.933819,0.355548,-0.031808,-10.290228,83.454155,16.697145,0.01938,0.988337,0.014837,-0.150314,-12.666162,56.860958,-6.918865,-0.03944,0.992226,-0.09565,0.069162,-14.589203,11.950332,-7.975623,-0.08142,0.99294,-0.015582,0.084844,8.021172,83.411934,13.220663,-0.150956,0.881097,-0.305504,0.327944,13.690347,48.256935,14.816159,0.030677,0.962513,-0.206658,0.172973,16.641661,13.735283,43.474918,-0.03944,0.992226,-0.09565,0.069162,-12.1712,3.445377,-20.382166,0.030677,0.962513,-0.206658,0.172973,20.328293,2.497083,33.872055
522,4.35,0.011757,0.990193,0.083093,-0.111689,-1.066253,83.085785,14.882957,0.010112,0.988227,0.075499,-0.132687,-0.746479,90.619949,16.120396,0.058564,0.985523,0.069415,-0.143167,-0.034302,108.208214,18.727976,-0.016745,0.986882,-0.132489,-0.09072,2.699431,128.078629,21.153454,0.068558,0.97642,-0.204667,0.003823,1.549307,141.515259,15.652244,0.107862,0.983429,0.14518,0.012523,-1.508276,122.144402,22.445967,0.211112,-0.595274,0.172461,-0.755869,-20.425009,126.324928,22.575539,0.181235,0.101137,-0.56209,-0.800613,-14.279728,112.750534,0.649858,-0.526098,-0.386418,0.599471,0.463181,-6.439258,133.873718,-0.292758,0.045194,0.946245,0.117966,-0.29776,5.583459,121.432686,20.283632,0.381442,0.675811,-0.074756,-0.626253,21.442539,121.136688,9.159863,0.40611,0.342232,0.569169,-0.627693,19.444162,104.987022,-11.767604,0.578911,-0.025292,0.742982,-0.334964,16.59016,115.560303,-33.368614,0.028836,0.931474,0.359555,-0.047371,-10.150443,83.129807,16.962463,0.015111,0.98565,0.015772,-0.167382,-13.279552,56.760532,-6.81629,-0.052287,0.993005,-0.091663,0.05297,-14.85638,11.839235,-7.986835,-0.078169,0.995159,-0.017547,0.056929,8.017938,83.041771,12.803452,-0.156801,0.889913,-0.312166,0.293294,13.492388,47.854424,14.365572,0.032584,0.967006,-0.212678,0.136406,17.807365,13.864517,43.483387,-0.052287,0.993005,-0.091663,0.05297,-12.681627,3.449275,-20.516094,0.032584,0.967006,-0.212678,0.136406,20.568203,2.493754,33.727009
523,4.358333,0.014687,0.987902,0.08388,-0.129605,-0.987853,82.723511,14.824695,0.013593,0.985046,0.073056,-0.155443,-0.599947,90.254478,16.062078,0.062498,0.981377,0.070908,-0.167227,0.27723,107.782043,18.538059,-0.022715,0.985324,-0.129553,-0.108798,3.234716,127.624741,20.927616,0.066561,0.977464,-0.200249,-0.005859,1.792257,141.084778,15.55401,0.113485,0.983024,0.14322,-0.016535,-0.936965,121.70565,22.394518,0.214941,-0.614517,0.167707,-0.7403,-19.800951,125.936462,23.654095,0.167312,0.095035,-0.566831,-0.801048,-14.804198,112.350861,1.44535,-0.518488,-0.389296,0.601994,0.466071,-7.163011,133.513992,0.602729,0.050828,0.934147,0.131174,-0.327994,6.036427,120.968643,19.883833,0.378081,0.663717,-0.056765,-0.642894,21.141506,120.795967,7.753579,0.407533,0.302377,0.586123,-0.631621,18.158737,105.556465,-13.731882,0.562829,-0.056199,0.770392,-0.294214,14.985561,117.609337,-34.708275,0.033671,0.92879,0.363577,-0.063458,-9.990023,82.791313,17.234076,0.011234,0.98327,0.016468,-0.181058,-13.864267,56.65089,-6.687201,-0.058304,0.993465,-0.088127,0.043156,-15.125731,11.722413,-7.960446,-0.075204,0.99651,-0.019211,0.030724,8.014316,82.655701,12.415313,-0.162521,0.895895,-0.318042,0.264213,13.314814,47.440304,13.944821,0.029161,0.969928,-0.219042,0.102024,18.851788,13.947689,43.429832,-0.058304,0.993465,-0.088127,0.043156,-13.127751,3.422774,-20.578979,0.029161,0.969928,-0.219042,0.102024,20.826401,2.458774,33.621208
524,4.366667,0.017481,0.985289,0.084888,-0.14729,-0.913668,82.338684,14.751175,0.018544,0.981353,0.070192,-0.177977,-0.459339,89.865677,15.990135,0.065299,0.976816,0.071938,-0.190766,0.626834,107.374405,18.311134,-0.028656,0.983308,-0.12761,-0.12649,3.758736,127.196709,20.64723,0.064274,0.978783,-0.193912,-0.015838,2.028359,140.666168,15.38336,0.117536,0.981877,0.141678,-0.04506,-0.356601,121.283089,22.2854,0.218621,-0.633723,0.1624,-0.724034,-19.116249,125.507378,24.644941,0.151383,0.084662,-0.570856,-0.80252,-15.297745,111.927582,2.200058,-0.505963,-0.389027,0.605054,0.475993,-7.785737,133.115402,1.368731,0.055369,0.920959,0.144856,-0.357472,6.485934,120.537361,19.439604,0.378412,0.651121,-0.036981,-0.65687,20.789379,120.56794,6.372584,0.398991,0.255782,0.606331,-0.638549,16.8302,106.216454,-15.561949,0.552207,-0.087568,0.785789,-0.26445,13.533634,120.25901,-35.520535,0.038399,0.925748,0.36771,-0.07941,-9.822895,82.426659,17.483711,0.00742,0.980887,0.016762,-0.193711,-14.438727,56.526016,-6.566444,-0.058975,0.994064,-0.084061,0.035956,-15.385224,11.592033,-7.915764,-0.072169,0.99714,-0.020908,0.00817,7.995558,82.25071,12.018639,-0.166569,0.900935,-0.324634,0.23491,13.113599,47.008278,13.546942,0.030129,0.971538,-0.22305,0.073853,19.751038,14.016494,43.367512,-0.058975,0.994064,-0.084061,0.035956,-13.573716,3.385317,-20.622911,0.030129,0.971538,-0.22305,0.073853,21.014957,2.451998,33.530426
525,4.375,0.020781,0.98243,0.084295,-0.165208,-0.850924,81.964722,14.699114,0.023502,0.977059,0.066898,-0.200818,-0.326053,89.491325,15.912336,0.067591,0.971666,0.072501,-0.21457,0.961139,106.995712,18.056976,-0.034132,0.980933,-0.125616,-0.144311,4.243525,126.802406,20.317522,0.062641,0.980029,-0.186912,-0.026136,2.240852,140.280106,15.172596,0.12081,0.980074,0.139664,-0.073174,0.200813,120.889687,22.130404,0.221575,-0.651993,0.157285,-0.707864,-18.399801,125.081482,25.562954,0.135546,0.070433,-0.573869,-0.804575,-15.739982,111.519012,2.941072,-0.490595,-0.386413,0.607915,0.490348,-8.288427,132.70871,1.991439,0.057886,0.908538,0.155231,-0.38355,6.89508,120.143089,18.95167,0.381277,0.638416,-0.016586,-0.668415,20.438734,120.412292,5.101277,0.381872,0.215783,0.625939,-0.644835,15.552979,106.918892,-17.188225,0.544948,-0.135436,0.778133,-0.281422,12.51163,122.770226,-35.849052,0.042485,0.922461,0.371624,-0.095692,-9.653434,82.085686,17.756891,0.003161,0.978263,0.017504,-0.206602,-14.982517,56.414913,-6.392056,-0.069398,0.994055,-0.079517,0.026749,-15.585788,11.479166,-7.873229,-0.070079,0.997268,-0.021716,-0.008621,7.951586,81.843765,11.641335,-0.174,0.901473,-0.329013,0.220954,12.947227,46.582596,13.142143,0.031566,0.972243,-0.22638,0.05,20.51561,14.075768,43.271954,-0.069398,0.994055,-0.079517,0.026749,-13.878118,3.39858,-20.675236,0.031566,0.972243,-0.22638,0.05,21.16597,2.453642,33.443089
526,4.383333,0.023925,0.979174,0.083346,-0.183572,-0.785391,81.592072,14.641961,0.028516,0.972077,0.063859,-0.223997,-0.193502,89.118958,15.822132,0.06857,0.965961,0.072644,-0.238621,1.293848,106.642296,17.793091,-0.038759,0.978258,-0.123332,-0.162169,4.670712,126.442764,19.967392,0.061405,0.980987,-0.180367,-0.036909,2.423958,139.931656,14.954297,0.123485,0.977734,0.138303,-0.098285,0.726153,120.519554,21.953951,0.228602,-0.669885,0.147861,-0.690747,-17.682318,124.671028,26.339146,0.123324,0.057161,-0.57545,-0.806462,-16.12402,111.136673,3.598061,-0.475126,-0.381347,0.610297,0.506327,-8.685116,132.299728,2.480813,0.058859,0.897628,0.162541,-0.405438,7.256071,119.7911,18.446177,0.386217,0.626313,0.00343,-0.677168,20.126169,120.297386,3.974105,0.362552,0.182137,0.644599,-0.647977,14.414883,107.59549,-18.582661,0.53443,-0.204722,0.746707,-0.338973,11.897648,124.84623,-35.836281,0.046973,0.919026,0.375387,-0.110767,-9.465897,81.743553,18.029394,0.000102,0.975553,0.017831,-0.219042,-15.507722,56.301762,-6.193966,-0.072515,0.994244,-0.075648,0.022305,-15.867899,11.366153,-7.756291,-0.068079,0.997043,-0.023308,-0.026971,7.895114,81.44059,11.25453,-0.179113,0.902171,-0.333876,0.206236,12.778938,46.164833,12.780362,0.03362,0.972261,-0.229469,0.030375,21.118298,14.110261,43.189884,-0.072515,0.994244,-0.075648,0.022305,-14.241484,3.3841,-20.630489,0.03362,0.972261,-0.229469,0.030375,21.24782,2.438317,33.399464
527,4.391667,0.027463,0.975448,0.081739,-0.202645,-0.719752,81.243317,14.585473,0.032276,0.966621,0.061018,-0.246737,-0.057162,88.771477,15.719016,0.06925,0.959823,0.072852,-0.261986,1.581638,106.317627,17.526579,-0.042501,0.975411,-0.121421,-0.178951,5.038656,126.113091,19.618992,0.059852,0.981711,-0.174606,-0.046635,2.581847,139.610046,14.727613,0.125292,0.975,0.137856,-0.121131,1.200437,120.176804,21.768179,-0.230853,0.684398,-0.14386,0.67647,-16.99638,124.263123,27.013565,0.109932,0.041139,-0.576884,-0.808348,-16.418243,110.726616,4.22775,-0.460993,-0.372873,0.612913,0.522292,-8.978336,131.889908,2.871805,0.059623,0.887208,0.16893,-0.42517,7.554715,119.471001,17.947201,0.385785,0.61518,0.016798,-0.687344,19.786259,120.20433,2.940944,0.341989,0.154034,0.659461,-0.651482,13.356541,108.233574,-19.821386,0.511395,-0.281315,0.700193,-0.411176,11.338942,126.613068,-35.710239,0.051626,0.915353,0.379067,-0.125584,-9.259574,81.433899,18.311579,-0.00481,0.97194,0.018881,-0.234421,-16.022154,56.222748,-5.962361,-0.078294,0.994241,-0.072101,0.012503,-15.99981,11.292685,-7.714053,-0.06653,0.996694,-0.024618,-0.039603,7.82007,81.052742,10.859365,-0.182935,0.901927,-0.338829,0.195593,12.616822,45.76659,12.420708,0.02924,0.972214,-0.231628,0.017116,21.494692,14.136087,43.120445,-0.078294,0.994241,-0.072101,0.012503,-14.562286,3.395604,-20.66291,0.02924,0.972214,-0.231628,0.017116,21.378151,2.42905,33.371861
528,4.4,0.03077,0.971207,0.079734,-0.222381,-0.648254,80.925323,14.533962,0.03701,0.960843,0.059486,-0.26809,0.079486,88.45549,15.612921,0.06825,0.953868,0.072113,-0.283332,1.904711,105.99929,17.28672,-0.045746,0.972452,-0.119718,-0.194709,5.360892,125.804642,19.284836,0.058668,0.982108,-0.169686,-0.056815,2.716863,139.307831,14.509705,0.127084,0.972189,0.135654,-0.142466,1.647981,119.844498,21.582962,-0.232048,0.697518,-0.141373,0.663051,-16.3134,123.882851,27.617586,0.098753,0.024855,-0.577217,-0.810217,-16.658955,110.331329,4.835991,-0.450207,-0.361818,0.616534,0.535059,-9.185308,131.469788,3.178241,0.060332,0.876581,0.175081,-0.444199,7.830912,119.179092,17.483755,0.382952,0.606163,0.030069,-0.696426,19.418139,120.143318,1.987214,0.321775,0.125978,0.669799,-0.657236,12.437501,108.946098,-21.005329,0.486881,-0.336804,0.65418,-0.470701,10.712923,128.366257,-35.500057,0.057259,0.911586,0.382784,-0.138593,-9.028137,81.15184,18.605202,-0.008572,0.96798,0.020142,-0.250071,-16.53125,56.186302,-5.704959,-0.076106,0.994411,-0.072843,0.007034,-16.238026,11.265194,-7.651078,-0.0656,0.996131,-0.026432,-0.05217,7.731631,80.698807,10.462724,-0.184968,0.901624,-0.34351,0.186712,12.488462,45.410503,12.095777,0.028304,0.971818,-0.233866,0.00867,21.718185,14.134505,43.05386,-0.076106,0.994411,-0.072843,0.007034,-14.976816,3.331936,-20.596191,0.028304,0.971818,-0.233866,0.00867,21.410881,2.388315,33.356655
529,4.408333,0.033594,0.966505,0.078015,-0.242185,-0.568414,80.638199,14.464172,0.040831,0.954899,0.058405,-0.288251,0.216598,88.169731,15.492235,0.066804,0.94788,0.071726,-0.303178,2.198191,105.737579,17.054098,-0.04911,0.969474,-0.118534,-0.208943,5.635557,125.55307,18.982891,0.057859,0.982239,-0.166122,-0.065281,2.811164,139.055771,14.310725,0.128259,0.969167,0.133941,-0.162249,2.049765,119.565964,21.409216,-0.232577,0.708415,-0.140531,0.651389,-15.666413,123.540367,28.167721,0.090184,0.008576,-0.576866,-0.8118,-16.811653,109.951416,5.434641,-0.442149,-0.348728,0.621903,0.544178,-9.290704,131.055527,3.407031,0.060791,0.867005,0.179351,-0.460912,8.062211,118.946625,17.056993,0.374898,0.598162,0.038596,-0.707223,19.061167,120.10746,1.150651,0.295931,0.098094,0.675206,-0.668505,11.600673,109.665123,-22.045525,0.468642,-0.355425,0.631707,-0.504969,9.930361,130.131882,-34.90572,0.061762,0.907763,0.385855,-0.152536,-8.773432,80.89122,18.875793,-0.012511,0.962883,0.02177,-0.268749,-16.966179,56.132168,-5.422904,-0.08071,0.99412,-0.072137,-0.00277,-16.408947,11.224667,-7.610318,-0.06465,0.995579,-0.028651,-0.061824,7.636604,80.385178,10.052551,-0.187552,0.900357,-0.347272,0.183259,12.351365,45.09676,11.801074,0.027828,0.971571,-0.235062,0.004707,21.813925,14.141024,43.009747,-0.08071,0.99412,-0.072137,-0.00277,-15.348689,3.297908,-20.577414,0.027828,0.971571,-0.235062,0.004707,21.417923,2.373642,33.341492
530,4.416667,0.035204,0.961598,0.07541,-0.26154,-0.4574,80.374985,14.396085,0.044576,0.948938,0.057743,-0.306912,0.361418,87.910934,15.36364,0.064828,0.942094,0.071046,-0.32126,2.492978,105.478355,16.823685,-0.0527,0.966618,-0.116289,-0.222146,5.883097,125.308289,18.686682,0.057465,0.9821,-0.163708,-0.073331,2.887505,138.819611,14.14801,0.129172,0.966023,0.132482,-0.180452,2.426558,119.292282,21.226465,-0.232578,0.718167,-0.140866,0.640547,-15.038816,123.200951,28.643972,0.083661,-0.006702,-0.576432,-0.812823,-16.926687,109.561134,5.991037,-0.437777,-0.335978,0.627539,0.549241,-9.374893,130.635666,3.573751,0.059337,0.858407,0.182982,-0.475535,8.274684,118.722496,16.64938,0.364463,0.590958,0.044465,-0.718302,18.749804,120.120476,0.411953,0.270192,0.067788,0.675885,-0.682334,10.860952,110.394432,-22.953281,0.459126,-0.354715,0.628629,-0.517885,8.999735,131.761108,-33.995186,0.065951,0.903659,0.388953,-0.166631,-8.478636,80.638344,19.133091,-0.015875,0.957513,0.023608,-0.286982,-17.347715,56.088543,-5.14047,-0.087954,0.993541,-0.07078,-0.011392,-16.589998,11.197123,-7.582967,-0.063743,0.994926,-0.03144,-0.071215,7.563835,80.111626,9.65908,-0.188309,0.899319,-0.351113,0.180236,12.24459,44.826855,11.565454,0.025261,0.971629,-0.235126,0.003814,21.783012,14.137962,43.01366,-0.087954,0.993541,-0.07078,-0.011392,-15.663932,3.299935,-20.578356,0.025261,0.971629,-0.235126,0.003814,21.412344,2.368136,33.347374
531,4.425,0.037489,0.956488,0.074203,-0.279677,-0.370365,80.191597,14.300233,0.046839,0.9432,0.057376,-0.323863,0.494854,87.727768,15.224734,0.063011,0.936523,0.070471,-0.337621,2.721101,105.269073,16.60627,-0.055437,0.963848,-0.114646,-0.234052,6.06698,125.111679,18.413458,0.057649,0.98189,-0.161486,-0.080561,2.93086,138.627792,13.985302,0.129582,0.962795,0.13117,-0.197556,2.731592,119.069588,21.051403,-0.232485,0.726708,-0.141096,0.630824,-14.47915,122.899651,29.079937,0.079728,-0.020971,-0.575258,-0.813807,-17.024719,109.22303,6.513719,-0.435143,-0.323615,0.633078,0.552392,-9.424646,130.244354,3.677552,0.057677,0.85183,0.184604,-0.486807,8.422596,118.54496,16.275194,0.346285,0.585063,0.043507,-0.732048,18.484941,120.123352,-0.204921,0.247482,0.045336,0.673292,-0.695252,10.224102,111.070335,-23.711632,0.449079,-0.3579,0.626619,-0.526863,8.07268,133.101654,-33.265926,0.069276,0.899881,0.39099,-0.180392,-8.205545,80.473137,19.338036,-0.019158,0.952679,0.025559,-0.302296,-17.677963,56.068653,-4.853973,-0.105141,0.991865,-0.068086,-0.022667,-16.731497,11.196202,-7.564503,-0.063214,0.994245,-0.035006,-0.079098,7.464814,79.910065,9.26243,-0.188053,0.898662,-0.354329,0.177467,12.142748,44.637386,11.387159,0.022942,0.971738,-0.234889,0.005027,21.685383,14.143806,43.02351,-0.105141,0.991865,-0.068086,-0.022667,-15.877798,3.374078,-20.610149,0.022942,0.971738,-0.234889,0.005027,21.3869,2.376458,33.351707
532,4.433333,0.038124,0.951607,0.072223,-0.296268,-0.22646,80.009567,14.184521,0.047538,0.937605,0.057302,-0.339638,0.655049,87.549431,15.062295,0.061268,0.930926,0.070666,-0.353028,2.928537,105.104683,16.396555,-0.057418,0.961109,-0.113431,-0.245166,6.241247,124.954926,18.180748,0.057303,0.981538,-0.160187,-0.087402,2.989476,138.473999,13.846048,0.130453,0.959629,0.130225,-0.212449,3.020408,118.886314,20.898945,-0.23362,0.733932,-0.141989,0.621775,-13.944948,122.664963,29.456688,0.077591,-0.034479,-0.574274,-0.814248,-17.063398,108.893349,7.020508,-0.433589,-0.311083,0.639305,0.553639,-9.441136,129.858383,3.744983,0.055056,0.84622,0.185378,-0.496504,8.55613,118.40831,15.938881,0.334061,0.579755,0.046939,-0.741677,18.260483,120.169434,-0.736263,0.234451,0.027429,0.669626,-0.704189,9.688246,111.746788,-24.36548,0.432327,-0.375975,0.610227,-0.547137,7.24057,134.138672,-32.853119,0.072476,0.895439,0.393283,-0.195615,-7.882648,80.286949,19.490614,-0.021742,0.94785,0.027259,-0.316803,-17.993647,56.043041,-4.604194,-0.0967,0.992529,-0.070701,-0.02318,-16.917013,11.188168,-7.547101,-0.062016,0.993534,-0.038786,-0.086837,7.429729,79.732185,8.878428,-0.187815,0.89798,-0.357125,0.175552,12.062387,44.468712,11.241705,0.023282,0.971995,-0.233737,0.0072,21.591158,14.146006,43.046043,-0.0967,0.992529,-0.070701,-0.02318,-16.186451,3.27993,-20.548231,0.023282,0.971995,-0.233737,0.0072,21.340132,2.400476,33.346409
533,4.441667,0.038449,0.947006,0.071473,-0.310795,-0.084476,79.876091,14.053833,0.047145,0.932419,0.05707,-0.353717,0.81152,87.417221,14.90568,0.059719,0.925629,0.07096,-0.36689,3.089216,104.976616,16.203039,-0.059565,0.958528,-0.112029,-0.255198,6.374833,124.832748,17.971764,0.057071,0.981063,-0.159813,-0.093373,3.012452,138.355606,13.734349,0.131172,0.956485,0.128792,-0.226592,3.258863,118.74025,20.757921,-0.236748,0.743798,-0.137634,0.609732,-13.458625,122.470856,29.810244,0.079648,-0.045172,-0.569267,-0.817038,-17.285458,108.685173,7.492661,-0.431693,-0.298365,0.645615,0.554799,-9.445051,129.492188,3.784286,0.052179,0.841555,0.186347,-0.504318,8.648719,118.304634,15.635945,0.314434,0.576273,0.040941,-0.753236,18.061983,120.244598,-1.185571,0.225924,0.01451,0.665342,-0.711384,9.248403,112.272499,-24.882208,0.421999,-0.404361,0.583935,-0.563409,6.494479,134.941132,-32.628983,0.074101,0.890727,0.395241,-0.211892,-7.575829,80.140709,19.590837,-0.024519,0.942622,0.028752,-0.331718,-18.251619,56.023842,-4.387551,-0.110237,0.99103,-0.069149,-0.030441,-17.030884,11.188039,-7.556192,-0.060127,0.992956,-0.042547,-0.092807,7.406876,79.611465,8.516831,-0.18774,0.897485,-0.359183,0.173958,11.944625,44.353352,11.130812,0.021543,0.972059,-0.233568,0.009118,21.478027,14.160675,43.057228,-0.110237,0.99103,-0.069149,-0.030441,-16.312147,3.325934,-20.58593,0.021543,0.972059,-0.233568,0.009118,21.305632,2.416617,33.354099
534,4.45,0.040085,0.942675,0.072188,-0.323337,0.012708,79.82193,13.903514,0.047185,0.927609,0.057242,-0.366113,0.946969,87.359528,14.745469,0.057964,0.920747,0.071531,-0.37914,3.240106,104.878723,16.014616,-0.062095,0.956074,-0.110672,-0.26423,6.492535,124.739906,17.787928,0.056458,0.980497,-0.160174,-0.098908,3.016513,138.263977,13.647145,0.131117,0.953498,0.127778,-0.23942,3.473857,118.622528,20.626183,-0.238251,0.748822,-0.138495,0.602762,-13.012547,122.281334,30.120817,0.077868,-0.057649,-0.568786,-0.81676,-17.249573,108.39624,7.939374,-0.428792,-0.285819,0.652218,0.555928,-9.438109,129.149307,3.817287,0.049206,0.837284,0.187231,-0.51135,8.730652,118.231499,15.364229,0.304337,0.573045,0.041547,-0.759784,17.878885,120.344833,-1.582161,0.228004,-0.007505,0.660074,-0.715724,8.871264,112.771965,-25.336712,0.431264,-0.427925,0.561629,-0.561663,5.776027,135.617508,-32.329002,0.074808,0.886795,0.395921,-0.226372,-7.328019,80.091187,19.638496,-0.026784,0.940439,0.030812,-0.337503,-18.446695,56.020184,-4.184198,-0.116703,0.990125,-0.069849,-0.033975,-17.116673,11.205867,-7.602951,-0.058408,0.992305,-0.046495,-0.098778,7.353435,79.552673,8.16853,-0.187792,0.89715,-0.360368,0.173181,11.812708,44.305092,11.046344,0.018206,0.97187,-0.234564,0.010815,21.351316,14.190846,43.045204,-0.116703,0.990125,-0.069849,-0.033975,-16.4006,3.328053,-20.623343,0.018206,0.97187,-0.234564,0.010815,21.280672,2.424982,33.367252
535,4.458333,0.04027,0.938987,0.071981,-0.333918,0.144386,79.759041,13.763058,0.047575,0.923472,0.057201,-0.376384,1.089664,87.29686,14.590552,0.055395,0.916663,0.072371,-0.38913,3.407929,104.807213,15.827063,-0.064139,0.954024,-0.109296,-0.271624,6.597691,124.675285,17.636671,0.055358,0.979905,-0.161055,-0.103839,3.032398,138.202591,13.583311,0.13088,0.950583,0.126823,-0.251354,3.669992,118.527946,20.505331,-0.246686,0.756264,-0.12773,0.592365,-12.591881,122.113419,30.406454,0.082904,-0.065012,-0.567822,-0.816381,-17.270836,108.210526,8.325221,-0.427366,-0.275079,0.657638,0.556059,-9.461026,128.850525,3.813325,0.046636,0.832765,0.188735,-0.51837,8.816805,118.19104,15.132088,0.29622,0.570798,0.040684,-0.764714,17.694487,120.47702,-1.935349,0.230294,-0.024755,0.654791,-0.719445,8.546821,113.161919,-25.717146,0.445456,-0.439983,0.54456,-0.558067,5.149199,136.097855,-32.114037,0.075488,0.882873,0.397086,-0.239081,-7.066443,80.015831,19.661089,-0.028084,0.93861,0.031861,-0.342356,-18.585564,56.017929,-4.044807,-0.117451,0.989944,-0.070943,-0.034391,-17.195984,11.215937,-7.598749,-0.055445,0.991876,-0.049701,-0.103138,7.355215,79.502243,7.865026,-0.188681,0.896839,-0.361257,0.171969,11.641219,44.252605,10.971779,0.016225,0.971681,-0.235428,0.012084,21.271757,14.226171,43.025562,-0.117451,0.989944,-0.070943,-0.034391,-16.476683,3.31011,-20.601973,0.016225,0.971681,-0.235428,0.012084,21.267773,2.442183,33.369434
536,4.466667,0.040095,0.935903,0.072018,-0.342479,0.265947,79.720398,13.608341,0.046332,0.92008,0.055518,-0.384998,1.216425,87.258362,14.428614,0.05412,0.91297,0.074674,-0.397467,3.487797,104.81691,15.608353,-0.066766,0.952026,-0.109486,-0.277853,6.683634,124.676941,17.493937,0.054295,0.979447,-0.161626,-0.107763,3.009642,138.189056,13.487225,0.12989,0.947658,0.126154,-0.26298,3.815128,118.506538,20.372854,-0.250975,0.761742,-0.12353,0.584381,-12.225048,121.990517,30.664158,0.084961,-0.07386,-0.567094,-0.815923,-17.288958,108.026955,8.70648,-0.425843,-0.26522,0.662661,0.556055,-9.497693,128.587524,3.821118,0.044777,0.829131,0.190451,-0.523704,8.866328,118.212639,14.907148,0.290706,0.569242,0.039597,-0.76804,17.535221,120.638741,-2.248046,0.230128,-0.032219,0.649495,-0.723988,8.288883,113.477417,-26.038479,0.450728,-0.441877,0.533719,-0.56279,4.583262,136.43103,-32.099895,0.076455,0.879638,0.39744,-0.249866,-6.837205,79.960098,19.63632,-0.029145,0.935967,0.032752,-0.349348,-18.711216,55.992722,-3.924908,-0.113582,0.990258,-0.073648,-0.032619,-17.287054,11.201382,-7.597301,-0.051817,0.991623,-0.052517,-0.106025,7.3691,79.480705,7.580362,-0.190663,0.89635,-0.361438,0.171951,11.429098,44.223835,10.901249,0.015614,0.97128,-0.237051,0.013353,21.208895,14.276754,42.984062,-0.113582,0.990258,-0.073648,-0.032619,-16.56452,3.223312,-20.556143,0.015614,0.97128,-0.237051,0.013353,21.245949,2.460048,33.368069
537,4.475,0.03981,0.933425,0.072044,-0.349203,0.373618,79.713463,13.460638,0.046589,0.917183,0.056391,-0.391696,1.32605,87.251717,14.275954,0.052023,0.910122,0.075417,-0.404084,3.626869,104.809692,15.46407,-0.068903,0.95047,-0.107747,-0.283284,6.77146,124.674202,17.388157,0.052778,0.978733,-0.163585,-0.111968,3.021645,138.192032,13.472006,0.128915,0.945322,0.125577,-0.271987,3.967442,118.480667,20.280899,-0.254846,0.765072,-0.121401,0.578774,-11.895828,121.879219,30.870661,0.084565,-0.082514,-0.569097,-0.813738,-17.201691,107.816406,9.03378,-0.423488,-0.257301,0.668193,0.554952,-9.571153,128.370392,3.839066,0.043051,0.82559,0.191444,-0.529054,8.942953,118.229332,14.744106,0.285038,0.568063,0.037339,-0.771144,17.399487,120.776619,-2.499294,0.226978,-0.032824,0.644126,-0.72973,8.072847,113.718391,-26.289194,0.451297,-0.43393,0.533267,-0.568913,4.037356,136.653107,-32.160664,0.074569,0.87628,0.39788,-0.261274,-6.64328,79.937157,19.589415,-0.029195,0.933556,0.033203,-0.355693,-18.712547,55.974422,-3.87715,-0.114782,0.990109,-0.073565,-0.033127,-17.323565,11.186012,-7.598524,-0.048201,0.991415,-0.054841,-0.108474,7.390516,79.489777,7.331859,-0.192895,0.895934,-0.361225,0.17208,11.221311,44.224903,10.835146,0.015595,0.970635,-0.239642,0.013982,21.172911,14.340925,42.923988,-0.114782,0.990109,-0.073565,-0.033127,-16.598135,3.210976,-20.559076,0.015595,0.970635,-0.239642,0.013982,21.223867,2.472861,33.37151
538,4.483333,0.03931,0.931475,0.071915,-0.354455,0.48038,79.731224,13.325459,0.045582,0.914951,0.056437,-0.396992,1.429592,87.27037,14.136304,0.050587,0.907768,0.076415,-0.40934,3.704152,104.823044,15.326296,-0.070931,0.949187,-0.107076,-0.287312,6.823629,124.687386,17.292509,0.05129,0.978288,-0.164821,-0.114696,3.00152,138.200882,13.431665,0.128236,0.942953,0.124926,-0.280692,4.066518,118.476067,20.192198,-0.257977,0.768274,-0.119414,0.573535,-11.617083,121.802696,31.068516,0.08564,-0.09026,-0.569679,-0.812394,-17.157864,107.663193,9.339788,-0.422188,-0.249356,0.673144,0.553585,-9.617678,128.169708,3.836793,0.041345,0.823415,0.192064,-0.532343,8.980531,118.257965,14.59936,0.279905,0.567059,0.034548,-0.773889,17.307341,120.900536,-2.692755,0.2252,-0.031753,0.637922,-0.735753,7.909613,113.90271,-26.472515,0.451484,-0.424159,0.539921,-0.569857,3.487378,136.797424,-32.252075,0.078227,0.875167,0.397649,-0.264271,-6.468377,79.938591,19.53195,-0.03053,0.933199,0.033256,-0.356513,-18.840643,56.002625,-3.803757,-0.116324,0.989864,-0.074198,-0.033658,-17.344709,11.221701,-7.573446,-0.044809,0.991408,-0.056484,-0.109141,7.429136,79.523865,7.118968,-0.195165,0.895429,-0.360878,0.172874,11.035581,44.249542,10.762475,0.015957,0.969937,-0.24236,0.015113,21.140818,14.422282,42.856045,-0.116324,0.989864,-0.074198,-0.033658,-16.609619,3.23196,-20.524389,0.015957,0.969937,-0.24236,0.015113,21.210651,2.500555,33.37075
539,4.491667,0.038804,0.929941,0.072182,-0.35846,0.565541,79.765717,13.184524,0.044451,0.913147,0.057303,-0.401127,1.512507,87.304863,13.997851,0.049757,0.905848,0.076809,-0.413598,3.768391,104.859756,15.221828,-0.073143,0.948089,-0.105495,-0.290942,6.873326,124.725029,17.201717,0.049734,0.977769,-0.166519,-0.117326,2.983735,138.241699,13.420164,0.127161,0.941015,0.12411,-0.287954,4.152949,118.503059,20.113247,-0.261659,0.770786,-0.116848,0.569008,-11.381304,121.754799,31.22403,0.086062,-0.096522,-0.571329,-0.810469,-17.094894,107.536552,9.591633,-0.419535,-0.244635,0.677415,0.552498,-9.69189,128.0289,3.850275,0.039998,0.822102,0.191765,-0.534579,9.016007,118.304871,14.475309,0.275507,0.566043,0.031272,-0.776346,17.25465,121.002876,-2.850449,0.225595,-0.031044,0.631878,-0.74086,7.784481,114.021751,-26.606375,0.454621,-0.415332,0.546729,-0.567368,2.991081,136.851898,-32.350246,0.079504,0.874317,0.396949,-0.267733,-6.330736,79.956024,19.449821,-0.030836,0.931724,0.033393,-0.36031,-18.86265,55.994762,-3.774482,-0.114213,0.990137,-0.073595,-0.034182,-17.361,11.216346,-7.571606,-0.042498,0.991231,-0.058239,-0.110741,7.461819,79.575401,6.919227,-0.196454,0.895305,-0.36062,0.172592,10.924731,44.301052,10.699141,0.016105,0.969175,-0.245379,0.015178,21.144737,14.50246,42.78302,-0.114213,0.990137,-0.073595,-0.034182,-16.671709,3.236057,-20.530901,0.016105,0.969175,-0.245379,0.015178,21.2113,2.521902,33.372108
540,4.5,0.038547,0.928839,0.072324,-0.361305,0.638373,79.817436,13.058123,0.044282,0.91143,0.0611,-0.404476,1.58496,87.356583,13.871978,0.047875,0.904257,0.0759,-0.417453,3.890261,104.867805,15.21025,-0.074546,0.946982,-0.103301,-0.294953,6.91985,124.746109,17.175957,0.048065,0.976924,-0.169001,-0.121445,2.98769,138.275558,13.485287,0.127091,0.940054,0.122638,-0.291729,4.251767,118.510185,20.105972,-0.264067,0.771656,-0.117077,0.566664,-11.198369,121.753159,31.335974,0.085289,-0.102185,-0.573974,-0.807984,-16.985998,107.431961,9.791348,-0.418607,-0.239988,0.681941,0.549664,-9.771029,127.935959,3.864966,0.039092,0.82058,0.190678,-0.537366,9.069839,118.337288,14.428714,0.271441,0.565445,0.027976,-0.778337,17.19552,121.064545,-2.945745,0.228197,-0.031044,0.626853,-0.744324,7.67909,114.081337,-26.682562,0.461744,-0.409621,0.549556,-0.563019,2.580707,136.845627,-32.446388,0.080755,0.874223,0.395764,-0.269412,-6.220111,79.997726,19.365063,-0.031024,0.928924,0.033767,-0.367421,-18.854187,55.983795,-3.749228,-0.1134,0.990164,-0.073906,-0.035413,-17.378271,11.208683,-7.595092,-0.041271,0.991057,-0.059627,-0.112016,7.496856,79.637154,6.751182,-0.197367,0.895041,-0.360397,0.173382,10.888909,44.367142,10.634418,0.019889,0.968539,-0.247506,0.01668,21.155605,14.586454,42.720009,-0.1134,0.990164,-0.073906,-0.035413,-16.732239,3.214929,-20.548313,0.019889,0.968539,-0.247506,0.01668,21.186245,2.564578,33.361752
541,4.508333,0.038227,0.928098,0.072304,-0.363242,0.710267,79.877693,12.937574,0.043307,0.910496,0.062685,-0.406439,1.653911,87.417259,13.750967,0.046935,0.903326,0.075676,-0.419611,3.953105,104.922676,15.149161,-0.07658,0.946302,-0.102949,-0.296732,6.949396,124.805954,17.11562,0.046486,0.976734,-0.169629,-0.122699,2.955954,138.327377,13.461521,0.12579,0.938913,0.121073,-0.296581,4.307948,118.562256,20.053186,-0.269241,0.773128,-0.113001,0.563039,-11.044337,121.747208,31.432989,0.086644,-0.105559,-0.576552,-0.805567,-16.902769,107.337509,9.966657,-0.416575,-0.237549,0.685575,0.547743,-9.851486,127.857552,3.882502,0.03797,0.820184,0.189296,-0.538538,9.100445,118.403709,14.353909,0.2698,0.564325,0.023897,-0.779855,17.180592,121.147064,-3.039242,0.233569,-0.032423,0.623264,-0.745611,7.585845,114.062675,-26.714474,0.471515,-0.408587,0.54647,-0.558659,2.277548,136.754364,-32.546944,0.081556,0.874097,0.395453,-0.270036,-6.122515,80.049438,19.272587,-0.03077,0.930023,0.033354,-0.36469,-18.817421,56.027256,-3.799763,-0.112311,0.990173,-0.075136,-0.036041,-17.33782,11.248246,-7.598475,-0.040778,0.99083,-0.061026,-0.113444,7.543049,79.705948,6.602561,-0.19735,0.895071,-0.36011,0.173844,10.916979,44.445087,10.58344,0.020604,0.967888,-0.249972,0.016814,21.172407,14.645168,42.654781,-0.112311,0.990173,-0.075136,-0.036041,-16.719522,3.218761,-20.530931,0.020604,0.967888,-0.249972,0.016814,21.190878,2.575876,33.357727
542,4.516667,0.037997,0.927717,0.072479,-0.364203,0.758692,79.952637,12.829527,0.043729,0.910251,0.063975,-0.40674,1.700895,87.492081,13.645695,0.046091,0.90334,0.075029,-0.419789,4.031098,104.979179,15.077475,-0.078968,0.945901,-0.101793,-0.29778,6.986191,124.869576,17.034328,0.044826,0.976553,-0.16982,-0.124486,2.93252,138.388382,13.437298,0.124669,0.937948,0.120291,-0.300401,4.358544,118.621658,19.975327,-0.271603,0.774198,-0.111878,0.560654,-10.916255,121.752357,31.473843,0.085868,-0.10869,-0.578437,-0.80388,-16.849068,107.278099,10.07146,-0.414451,-0.235934,0.688728,0.546094,-9.926893,127.812088,3.895427,0.036527,0.820067,0.187529,-0.539434,9.149983,118.470619,14.274953,0.270518,0.562789,0.02029,-0.780818,17.196867,121.229614,-3.131144,0.24046,-0.034941,0.620801,-0.745362,7.501928,113.997665,-26.720793,0.482246,-0.409909,0.540617,-0.554208,2.057694,136.6203,-32.637936,0.081433,0.874498,0.394504,-0.270163,-6.061378,80.117645,19.178406,-0.030145,0.929667,0.033355,-0.365647,-18.736252,56.040585,-3.847705,-0.11124,0.990224,-0.075994,-0.036158,-17.312832,11.258152,-7.627532,-0.041095,0.990744,-0.062391,-0.113339,7.578763,79.787621,6.48065,-0.197161,0.895185,-0.359392,0.174952,10.985431,44.540615,10.555254,0.019264,0.967224,-0.252712,0.015606,21.203032,14.687523,42.589188,-0.11124,0.990224,-0.075994,-0.036158,-16.709728,3.204189,-20.545479,0.019264,0.967224,-0.252712,0.015606,21.215422,2.566104,33.360191
543,4.525,0.037897,0.927634,0.072624,-0.364397,0.809567,80.035149,12.724407,0.043038,0.910078,0.065254,-0.406998,1.751318,87.574394,13.542977,0.044992,0.903224,0.0748,-0.420199,4.078147,105.058838,15.025234,-0.08032,0.945547,-0.102014,-0.298469,6.990251,124.954666,16.991274,0.043314,0.976515,-0.169491,-0.12576,2.895062,138.463608,13.404201,0.123724,0.93732,0.118622,-0.303402,4.378583,118.699249,19.930563,-0.275899,0.775447,-0.108382,0.557508,-10.835102,121.798218,31.518347,0.087421,-0.110625,-0.579954,-0.802355,-16.829678,107.251358,10.18251,-0.412227,-0.23489,0.691713,0.544453,-10.004785,127.788246,3.896567,0.035416,0.820409,0.18595,-0.539535,9.166386,118.562103,14.226784,0.272848,0.561518,0.016573,-0.78101,17.212149,121.323654,-3.179422,0.246752,-0.03571,0.619592,-0.744275,7.434139,113.886879,-26.670895,0.489912,-0.411715,0.535035,-0.551557,1.925258,136.434052,-32.730412,0.081367,0.875074,0.393924,-0.269163,-6.008018,80.197128,19.076029,-0.029197,0.931209,0.032851,-0.361826,-18.64283,56.086666,-3.937146,-0.110675,0.990234,-0.077165,-0.035109,-17.266735,11.296171,-7.638167,-0.041809,0.99078,-0.06371,-0.112022,7.627152,79.873169,6.372785,-0.196762,0.895262,-0.358693,0.176435,11.089039,44.642242,10.538883,0.020268,0.966709,-0.254612,0.015331,21.239063,14.729887,42.539001,-0.110675,0.990234,-0.077165,-0.035109,-16.639385,3.214234,-20.537477,0.020268,0.966709,-0.254612,0.015331,21.224466,2.572615,33.357285
544,4.533333,0.03766,0.92793,0.072447,-0.363701,0.872435,80.12307,12.630299,0.041116,0.910138,0.065915,-0.406956,1.809233,87.662979,13.44841,0.04482,0.903054,0.075021,-0.420543,4.08516,105.161842,14.98086,-0.081541,0.945236,-0.102176,-0.299065,6.995477,125.056961,16.95677,0.041728,0.97648,-0.169362,-0.126733,2.863283,138.557251,13.379569,0.122441,0.937148,0.117314,-0.304958,4.38693,118.799355,19.894175,-0.279788,0.775334,-0.106302,0.556126,-10.802302,121.859207,31.524345,0.087839,-0.112359,-0.58243,-0.800272,-16.763969,107.223389,10.240189,-0.410096,-0.234364,0.693678,0.543788,-10.085275,127.789162,3.880478,0.035118,0.820719,0.184867,-0.539454,9.17065,118.666412,14.186872,0.276398,0.560419,0.013094,-0.780617,17.220615,121.41378,-3.21963,0.251396,-0.035379,0.619133,-0.743117,7.371791,113.743088,-26.606066,0.493862,-0.412198,0.533117,-0.549527,1.836776,136.234253,-32.809303,0.080694,0.87576,0.393187,-0.268211,-5.954925,80.283287,18.971457,-0.027955,0.932138,0.032453,-0.35956,-18.510908,56.123726,-4.033364,-0.109337,0.990289,-0.07812,-0.035653,-17.216896,11.324516,-7.657696,-0.042607,0.990793,-0.064946,-0.110891,7.699794,79.962845,6.289141,-0.195793,0.895523,-0.358224,0.177142,11.222668,44.748055,10.53968,0.023121,0.966345,-0.255726,0.015704,21.283924,14.77125,42.507507,-0.109337,0.990289,-0.07812,-0.035653,-16.619705,3.213911,-20.540428,0.023121,0.966345,-0.255726,0.015704,21.223555,2.593397,33.353291
545,4.541667,0.037287,0.928544,0.072417,-0.362175,0.920446,80.215813,12.551263,0.040575,0.910545,0.066387,-0.406022,1.850454,87.75621,13.372566,0.044192,0.903413,0.074903,-0.419858,4.113734,105.251358,14.930077,-0.082382,0.945269,-0.102515,-0.298613,6.997706,125.149445,16.914663,0.039997,0.976625,-0.168795,-0.126932,2.842852,138.641724,13.333533,0.121064,0.937201,0.115868,-0.305895,4.391675,118.888222,19.846586,-0.282735,0.775057,-0.104927,0.555282,-10.788383,121.911179,31.49836,0.087538,-0.113733,-0.584494,-0.798604,-16.711857,107.203629,10.253032,-0.407684,-0.233939,0.69559,0.543342,-10.154412,127.800095,3.850795,0.034502,0.821202,0.183836,-0.539111,9.184798,118.761978,14.147028,0.280667,0.559144,0.00968,-0.780058,17.250751,121.504318,-3.252864,0.253728,-0.03315,0.618986,-0.74255,7.322142,113.58416,-26.522112,0.493173,-0.409664,0.535555,-0.549669,1.772087,136.025818,-32.871922,0.078881,0.876368,0.392772,-0.267371,-5.928073,80.372284,18.869654,-0.026152,0.933157,0.031883,-0.357097,-18.342804,56.168835,-4.165675,-0.111211,0.990008,-0.078818,-0.036109,-17.172092,11.357552,-7.681065,-0.043788,0.990951,-0.065872,-0.108444,7.768965,80.059341,6.232872,-0.194803,0.895724,-0.357577,0.178518,11.371613,44.860466,10.547851,0.0236,0.965967,-0.257139,0.01519,21.322729,14.807272,42.478405,-0.111211,0.990008,-0.078818,-0.036109,-16.558126,3.231285,-20.553133,0.0236,0.965967,-0.257139,0.01519,21.239794,2.603139,33.359436
546,4.55,0.036972,0.92946,0.072078,-0.359919,0.967906,80.309471,12.486732,0.040069,0.911287,0.066995,-0.404306,1.889595,87.850975,13.307259,0.043293,0.904153,0.074739,-0.418385,4.143221,105.351997,14.896524,-0.083155,0.9453,-0.10193,-0.298502,6.988427,125.25425,16.895195,0.038761,0.976463,-0.1688,-0.128546,2.818237,138.747513,13.33566,0.119642,0.937644,0.114702,-0.305537,4.382504,118.988205,19.816885,-0.285236,0.77439,-0.103915,0.555124,-10.819293,121.976997,31.449121,0.087579,-0.114607,-0.586218,-0.79721,-16.676754,107.207428,10.228517,-0.405551,-0.234283,0.696431,0.543714,-10.219409,127.82518,3.794187,0.034866,0.821682,0.18256,-0.53879,9.195192,118.870926,14.133644,0.285728,0.558008,0.007078,-0.779062,17.273579,121.57209,-3.266928,0.254677,-0.030109,0.619459,-0.741959,7.275312,113.41114,-26.422876,0.490412,-0.404932,0.541181,-0.550136,1.742505,135.823318,-32.91777,0.078753,0.878059,0.391555,-0.263619,-5.911426,80.466431,18.771551,-0.024183,0.934139,0.031547,-0.35469,-18.199724,56.193501,-4.258463,-0.11173,0.989971,-0.078869,-0.035395,-17.174486,11.371386,-7.679957,-0.045206,0.991033,-0.066778,-0.106538,7.847239,80.152504,6.201912,-0.193549,0.895949,-0.356847,0.180207,11.548222,44.971191,10.576482,0.024491,0.96576,-0.257848,0.014871,21.359747,14.827293,42.464699,-0.11173,0.989971,-0.078869,-0.035395,-16.533916,3.247,-20.551918,0.024491,0.96576,-0.257848,0.014871,21.251713,2.61028,33.363255
547,4.558333,0.036551,0.930656,0.071893,-0.356897,1.017887,80.400421,12.425456,0.039,0.912299,0.06714,-0.402096,1.929938,87.942802,13.248669,0.043038,0.90504,0.074511,-0.416532,4.146022,105.43615,14.862457,-0.083689,0.945593,-0.102355,-0.297277,6.974032,125.340668,16.862986,0.03743,0.976669,-0.168074,-0.128324,2.79282,138.827026,13.290225,0.118779,0.938102,0.113885,-0.304772,4.358936,119.074883,19.777029,-0.286896,0.77243,-0.104767,0.556836,-10.868922,122.04747,31.379288,0.086585,-0.11589,-0.588958,-0.795111,-16.575102,107.204948,10.168377,-0.404155,-0.234231,0.697606,0.543269,-10.277934,127.860092,3.716193,0.035163,0.822478,0.181376,-0.537956,9.195007,118.956985,14.113684,0.291768,0.556813,0.005274,-0.777691,17.307394,121.61702,-3.2774,0.256344,-0.028007,0.620049,-0.740974,7.237338,113.220955,-26.317892,0.488555,-0.400249,0.547253,-0.549208,1.734882,135.596649,-32.944279,0.077502,0.879687,0.390981,-0.25938,-5.902385,80.556206,18.665197,-0.022922,0.937003,0.030875,-0.347197,-17.992456,56.237328,-4.421196,-0.114945,0.989444,-0.078748,-0.039842,-17.025013,11.406096,-7.738508,-0.046339,0.991106,-0.067474,-0.104924,7.938159,80.244629,6.185715,-0.192006,0.896211,-0.356314,0.181603,11.716957,45.077374,10.606548,0.0239,0.965711,-0.258077,0.015107,21.372625,14.845782,42.459316,-0.114945,0.989444,-0.078748,-0.039842,-16.45821,3.277357,-20.611181,0.0239,0.965711,-0.258077,0.015107,21.2812,2.624129,33.363922
548,4.566667,0.036008,0.932081,0.07132,-0.353329,1.076884,80.4916,12.380984,0.036935,0.913944,0.065038,-0.398889,1.974977,88.035843,13.202524,0.043388,0.906412,0.075107,-0.413392,4.0906,105.556358,14.786855,-0.084589,0.946055,-0.102315,-0.29556,6.934327,125.456047,16.812948,0.036904,0.97686,-0.167231,-0.128124,2.738697,138.93779,13.239631,0.118217,0.938386,0.113325,-0.304327,4.290135,119.193253,19.707087,-0.290165,0.772528,-0.102274,0.555468,-10.953394,122.155289,31.291452,0.090038,-0.114854,-0.589052,-0.794808,-16.64019,107.2584,10.113466,-0.404005,-0.235289,0.698534,0.541729,-10.339483,127.887741,3.610213,0.035667,0.824093,0.180283,-0.535813,9.164571,119.069923,14.076847,0.297615,0.555592,0.002865,-0.77636,17.364714,121.673927,-3.281526,0.259414,-0.027213,0.620757,-0.739341,7.221604,113.024948,-26.196072,0.489882,-0.397258,0.551551,-0.545887,1.759346,135.370804,-32.952713,0.075987,0.881274,0.390544,-0.255065,-5.891356,80.647484,18.567106,-0.019839,0.938934,0.030178,-0.342197,-17.766741,56.28767,-4.587455,-0.097438,0.991416,-0.081269,-0.031551,-17.020304,11.440754,-7.746117,-0.047566,0.991303,-0.067802,-0.102272,8.045123,80.335724,6.194862,-0.190248,0.896549,-0.355663,0.183057,11.90091,45.179836,10.639585,0.022735,0.965543,-0.258841,0.01452,21.384785,14.846116,42.446827,-0.097438,0.991416,-0.081269,-0.031551,-16.472042,3.239706,-20.573647,0.022735,0.965543,-0.258841,0.01452,21.300758,2.610041,33.370773
549,4.575,0.035226,0.933726,0.070967,-0.34911,1.13261,80.574455,12.341176,0.035823,0.915404,0.065893,-0.395488,2.013961,88.120316,13.165977,0.043289,0.907848,0.073708,-0.410495,4.098525,105.631065,14.800636,-0.085064,0.946436,-0.103093,-0.293929,6.909129,125.53952,16.786489,0.036569,0.9771,-0.166037,-0.127942,2.703566,139.011414,13.187835,0.117432,0.939612,0.112427,-0.301164,4.253029,119.282463,19.682135,-0.290365,0.769471,-0.105563,0.558981,-11.071884,122.245918,31.158257,0.089003,-0.115406,-0.591715,-0.792864,-16.544983,107.2714,9.978716,-0.404849,-0.235612,0.699038,0.540305,-10.391084,127.949593,3.481909,0.035984,0.825463,0.178749,-0.534196,9.163149,119.147751,14.083248,0.303222,0.554557,0.001166,-0.774933,17.429487,121.696663,-3.251892,0.264005,-0.027381,0.621645,-0.73696,7.225096,112.82917,-26.055449,0.493543,-0.39707,0.552514,-0.541737,1.818184,135.1353,-32.954597,0.074116,0.882954,0.389957,-0.250663,-5.891911,80.725716,18.463432,-0.018414,0.940929,0.029549,-0.336808,-17.525629,56.31324,-4.758246,-0.096285,0.991519,-0.080027,-0.034865,-16.862486,11.458057,-7.816286,-0.048574,0.991385,-0.068222,-0.100712,8.157132,80.423187,6.218919,-0.188581,0.896796,-0.354959,0.184926,12.079978,45.278297,10.691816,0.023174,0.965554,-0.258737,0.01497,21.385571,14.842838,42.45451,-0.096285,0.991519,-0.080027,-0.034865,-16.423128,3.278183,-20.661514,0.023174,0.965554,-0.258737,0.01497,21.304045,2.608621,33.375927
550,4.583333,0.034542,0.935525,0.07063,-0.344401,1.177596,80.656265,12.311901,0.034478,0.917279,0.06594,-0.391232,2.043256,88.203583,13.139957,0.043318,0.909707,0.072565,-0.406559,4.07594,105.706535,14.803541,-0.085429,0.947059,-0.10364,-0.291616,6.860337,125.621651,16.759315,0.036702,0.97737,-0.164865,-0.127357,2.653341,139.086655,13.136603,0.11736,0.940751,0.11186,-0.297829,4.182375,119.371201,19.64908,-0.292939,0.766652,-0.106087,0.561407,-11.220587,122.358284,31.01404,0.090299,-0.114672,-0.593873,-0.791209,-16.470003,107.293343,9.841998,-0.405197,-0.235938,0.699367,0.539476,-10.417845,128.020798,3.330305,0.036005,0.827591,0.176895,-0.531511,9.140357,119.223656,14.092861,0.308614,0.553331,-0.000653,-0.773681,17.517475,121.712158,-3.197816,0.269702,-0.027685,0.622693,-0.733994,7.241032,112.631477,-25.884815,0.498211,-0.398981,0.551468,-0.537107,1.899651,134.888428,-32.957588,0.073855,0.885605,0.38912,-0.24256,-5.908674,80.805191,18.362635,-0.016134,0.943432,0.028724,-0.329926,-17.300188,56.343452,-4.927188,-0.094349,0.991403,-0.083563,-0.035151,-16.783566,11.476851,-7.842827,-0.049924,0.99154,-0.068546,-0.09827,8.263865,80.507347,6.261168,-0.186621,0.897048,-0.354305,0.186938,12.27305,45.375084,10.756692,0.023756,0.965686,-0.258136,0.015876,21.371565,14.831737,42.475761,-0.094349,0.991403,-0.083563,-0.035151,-16.368641,3.202876,-20.628462,0.023756,0.965686,-0.258136,0.015876,21.301163,2.608499,33.382313
551,4.591667,0.03351,0.937417,0.070143,-0.339422,1.237479,80.73642,12.289652,0.033534,0.919223,0.06681,-0.386576,2.081453,88.285866,13.120757,0.042681,0.911797,0.070857,-0.402223,4.084771,105.768982,14.834007,-0.085293,0.947775,-0.104526,-0.289002,6.808895,125.696198,16.750929,0.036931,0.977621,-0.16375,-0.126808,2.612956,139.154099,13.089249,0.117007,0.942387,0.110743,-0.293177,4.116524,119.449547,19.635519,-0.293529,0.765503,-0.10618,0.562648,-11.396179,122.464035,30.842899,0.092922,-0.112512,-0.593165,-0.791746,-16.553289,107.383255,9.659463,-0.406948,-0.236362,0.699581,0.537692,-10.443744,128.086502,3.157593,0.036064,0.829634,0.174947,-0.528961,9.127564,119.29438,14.127311,0.312665,0.552558,-0.002805,-0.772601,17.609306,121.720741,-3.121147,0.27473,-0.027313,0.623722,-0.731265,7.287907,112.445915,-25.708988,0.502849,-0.400842,0.550379,-0.532495,2.006454,134.661606,-32.962742,0.071754,0.887189,0.388579,-0.238228,-5.91357,80.878166,18.263865,-0.01378,0.944454,0.028139,-0.327148,-17.051182,56.364639,-5.094209,-0.092964,0.991723,-0.081604,-0.034415,-16.708641,11.488715,-7.889514,-0.050843,0.99165,-0.068996,-0.096362,8.388528,80.594673,6.315438,-0.184452,0.897419,-0.353715,0.18842,12.456857,45.473438,10.843831,0.023024,0.965932,-0.257231,0.016669,21.349302,14.820173,42.515301,-0.092964,0.991723,-0.081604,-0.034415,-16.299797,3.264524,-20.707428,0.023024,0.965932,-0.257231,0.016669,21.312479,2.613361,33.399612
552,4.6,0.032112,0.939458,0.069532,-0.333996,1.297958,80.797371,12.272763,0.031805,0.921326,0.066892,-0.38167,2.113967,88.349518,13.1072,0.042391,0.913918,0.069306,-0.397685,4.05269,105.833733,14.857004,-0.084478,0.948677,-0.107418,-0.285197,6.731852,125.770737,16.73522,0.037323,0.978313,-0.161386,-0.124358,2.556774,139.206436,12.969607,0.116576,0.944083,0.109757,-0.288221,4.019189,119.529984,19.613577,-0.294302,0.763395,-0.107072,0.564934,-11.609054,122.56868,30.652641,0.095612,-0.110186,-0.593108,-0.791795,-16.605391,107.449814,9.457815,-0.409661,-0.236586,0.699429,0.535727,-10.469752,128.14772,2.96737,0.035931,0.832391,0.173418,-0.525129,9.084667,119.363449,14.155725,0.317246,0.551903,-0.004162,-0.771194,17.723316,121.733154,-3.022596,0.278977,-0.025496,0.624444,-0.729103,7.364095,112.279831,-25.518942,0.505376,-0.400066,0.551592,-0.529423,2.122532,134.432083,-32.97382,0.069329,0.888578,0.388904,-0.233188,-5.9229,80.926811,18.162691,-0.011166,0.947754,0.026708,-0.317686,-16.7798,56.406898,-5.320509,-0.094987,0.991369,-0.082581,-0.036672,-16.59112,11.518055,-7.915837,-0.05173,0.99197,-0.069276,-0.092302,8.518817,80.667938,6.382834,-0.183021,0.897446,-0.352734,0.191499,12.632902,45.555939,10.941471,0.02298,0.966293,-0.255826,0.017389,21.329248,14.793062,42.561062,-0.094987,0.991369,-0.082581,-0.036672,-16.210709,3.266203,-20.716841,0.02298,0.966293,-0.255826,0.017389,21.311756,2.612401,33.4104
553,4.608333,0.03155,0.94152,0.069394,-0.328221,1.337763,80.870415,12.256866,0.030468,0.923701,0.066754,-0.376021,2.139864,88.423401,13.097167,0.042118,0.916382,0.068101,-0.392214,4.021985,105.907417,14.871831,-0.084263,0.949547,-0.108242,-0.282034,6.660848,125.852036,16.726007,0.0382,0.978499,-0.160607,-0.12364,2.503079,139.281601,12.919601,0.11633,0.945886,0.109705,-0.282368,3.919695,119.616829,19.589338,-0.295094,0.760782,-0.108984,0.567674,-11.840155,122.680107,30.432755,0.09829,-0.107866,-0.592993,-0.791873,-16.647211,107.496979,9.240098,-0.412083,-0.236965,0.699381,0.533762,-10.481815,128.192474,2.760161,0.035738,0.835268,0.17125,-0.521271,9.049892,119.439766,14.192613,0.321183,0.551433,-0.005775,-0.769889,17.845499,121.742012,-2.91508,0.281204,-0.021633,0.625179,-0.727741,7.459619,112.115944,-25.325703,0.505508,-0.396156,0.555043,-0.528629,2.253779,134.20195,-32.992794,0.067787,0.890732,0.388593,-0.225827,-5.955043,80.999542,18.057476,-0.008431,0.950211,0.02557,-0.310441,-16.515574,56.447292,-5.52686,-0.085847,0.992092,-0.084818,-0.034494,-16.508963,11.548275,-7.947221,-0.052754,0.992072,-0.070074,-0.090004,8.630569,80.741287,6.456257,-0.181588,0.897487,-0.351343,0.195195,12.811182,45.644844,11.073727,0.023088,0.966802,-0.253814,0.018438,21.299772,14.746902,42.617981,-0.085847,0.992092,-0.084818,-0.034494,-16.194883,3.231817,-20.708141,0.023088,0.966802,-0.253814,0.018438,21.30718,2.6039,33.417393
554,4.616667,0.029998,0.943614,0.068787,-0.322431,1.399973,80.921051,12.247434,0.02875,0.926167,0.066129,-0.370156,2.171579,88.476784,13.091636,0.041993,0.918898,0.067417,-0.386417,3.978239,105.968834,14.880605,-0.08361,0.950483,-0.107508,-0.279345,6.590112,125.917625,16.728125,0.038837,0.978333,-0.161057,-0.124163,2.470393,139.358688,12.920896,0.115656,0.947884,0.108842,-0.276212,3.814309,119.687569,19.569195,-0.295996,0.758462,-0.109799,0.570146,-12.084844,122.770477,30.201637,0.101106,-0.105313,-0.592501,-0.792231,-16.714481,107.548439,8.997396,-0.414061,-0.236931,0.699139,0.532562,-10.498314,128.233551,2.533948,0.035575,0.838052,0.169203,-0.517468,9.011908,119.500816,14.237682,0.324789,0.551675,-0.006782,-0.768193,17.960989,121.73822,-2.798873,0.282306,-0.016992,0.625421,-0.72723,7.589924,111.962105,-25.151339,0.50391,-0.39055,0.560371,-0.528706,2.389638,133.980972,-33.017368,0.067618,0.89338,0.388005,-0.216223,-5.964825,81.035271,17.956676,-0.006035,0.952181,0.024635,-0.304481,-16.252239,56.448818,-5.712593,-0.085226,0.992144,-0.084545,-0.035188,-16.41,11.542463,-7.987292,-0.053453,0.992426,-0.070882,-0.084905,8.764771,80.806839,6.53819,-0.180516,0.89744,-0.34966,0.199384,12.975595,45.723812,11.229555,0.023322,0.967398,-0.251441,0.019354,21.274685,14.684844,42.685665,-0.085226,0.992144,-0.084545,-0.035188,-16.124144,3.23056,-20.751844,0.023322,0.967398,-0.251441,0.019354,21.301899,2.58667,33.42625
555,4.625,0.028978,0.945736,0.068546,-0.316298,1.450244,80.978569,12.239153,0.026864,0.928496,0.065766,-0.364483,2.200457,88.535728,13.089856,0.041897,0.921245,0.065895,-0.381064,3.928696,106.023338,14.901397,-0.082606,0.951463,-0.110642,-0.27505,6.502977,125.980652,16.709227,0.039634,0.978984,-0.158999,-0.121404,2.411691,139.397629,12.788137,0.114871,0.949886,0.10819,-0.269846,3.699612,119.758179,19.539837,-0.296913,0.755743,-0.111276,0.572986,-12.341259,122.854828,29.953176,0.103979,-0.102792,-0.592153,-0.79245,-16.769964,107.577309,8.745906,-0.416194,-0.237114,0.69877,0.5313,-10.512905,128.249542,2.297748,0.035189,0.841126,0.167493,-0.513044,8.958522,119.557259,14.269312,0.328411,0.552132,-0.007647,-0.766314,18.085331,121.739998,-2.679829,0.283321,-0.012356,0.625452,-0.726902,7.741704,111.815498,-24.979555,0.502226,-0.384533,0.565954,-0.528772,2.536302,133.765335,-33.038826,0.064054,0.893843,0.388379,-0.214716,-5.988694,81.085258,17.851603,-0.0038,0.954283,0.02335,-0.297968,-16.015251,56.486095,-5.916194,-0.085118,0.991968,-0.086006,-0.036854,-16.314846,11.572227,-8.021854,-0.054297,0.992698,-0.07193,-0.08018,8.889182,80.871887,6.626703,-0.179213,0.897492,-0.347925,0.203321,13.142924,45.806015,11.406777,0.025109,0.967985,-0.248889,0.020693,21.24564,14.616055,42.76458,-0.085118,0.991968,-0.086006,-0.036854,-16.070925,3.219161,-20.760384,0.025109,0.967985,-0.248889,0.020693,21.274073,2.566493,33.441998
556,4.633333,0.028106,0.947796,0.06844,-0.310176,1.48485,81.024673,12.238651,0.025797,0.930986,0.065197,-0.358258,2.216431,88.582817,13.096823,0.0415,0.923882,0.064768,-0.374866,3.890233,106.074821,14.914818,-0.081742,0.952538,-0.111691,-0.271135,6.420542,126.039436,16.704092,0.040465,0.979199,-0.15849,-0.120051,2.367521,139.451691,12.727478,0.113988,0.951958,0.10764,-0.263052,3.585625,119.821594,19.513393,-0.297216,0.753042,-0.113233,0.575993,-12.603346,122.929016,29.691679,0.106465,-0.100305,-0.591475,-0.792945,-16.839319,107.604431,8.478992,-0.418226,-0.236971,0.698637,0.529942,-10.523633,128.264923,2.054703,0.03508,0.844075,0.165728,-0.508765,8.914821,119.612137,14.314281,0.330798,0.552893,-0.009009,-0.764722,18.211357,121.731842,-2.550407,0.284607,-0.008044,0.625352,-0.726547,7.9135,111.66954,-24.809528,0.501929,-0.379921,0.569908,-0.528141,2.697064,133.550568,-33.05751,0.062929,0.895438,0.388429,-0.208215,-6.0265,81.125511,17.753925,-0.001675,0.956453,0.022043,-0.291047,-15.809284,56.51889,-6.107558,-0.075494,0.992812,-0.086904,-0.032765,-16.242153,11.598635,-8.047346,-0.055161,0.992969,-0.072906,-0.075195,8.996201,80.923843,6.723377,-0.178678,0.897211,-0.345843,0.208518,13.291788,45.874786,11.58859,0.026004,0.968721,-0.245813,0.021884,21.223219,14.537731,42.843372,-0.075494,0.992812,-0.086904,-0.032765,-16.025658,3.22032,-20.769777,0.026004,0.968721,-0.245813,0.021884,21.266846,2.547096,33.445175
557,4.641667,0.026987,0.949893,0.068097,-0.303871,1.521708,81.070374,12.24225,0.024789,0.933507,0.064419,-0.351853,2.229757,88.630173,13.105528,0.041202,0.926545,0.063608,-0.368472,3.848501,106.131004,14.922396,-0.08073,0.953632,-0.113949,-0.266617,6.338142,126.102615,16.690392,0.041441,0.979635,-0.157234,-0.11779,2.322834,139.49881,12.622426,0.112753,0.954041,0.107231,-0.256113,3.469777,119.890297,19.477835,-0.298756,0.750061,-0.113627,0.579001,-12.869642,122.994232,29.413897,0.109292,-0.097251,-0.591472,-0.792943,-16.872719,107.625221,8.188127,-0.420587,-0.236431,0.697773,0.529453,-10.526979,128.296539,1.794967,0.034762,0.847074,0.164175,-0.504285,8.870148,119.670746,14.353116,0.333723,0.554165,-0.009874,-0.762517,18.34339,121.737709,-2.419534,0.286973,-0.005408,0.624876,-0.726049,8.121057,111.533226,-24.648724,0.504367,-0.375797,0.572115,-0.526379,2.875351,133.343643,-33.051525,0.06188,0.897191,0.388252,-0.201194,-6.06295,81.162491,17.656425,0.001133,0.957756,0.02096,-0.286815,-15.589574,56.536747,-6.288831,-0.073749,0.992941,-0.087563,-0.03102,-16.22781,11.612168,-8.064866,-0.055991,0.993308,-0.073871,-0.068905,9.106365,80.978264,6.828075,-0.177854,0.897155,-0.34384,0.212733,13.434116,45.945881,11.784051,0.02541,0.969462,-0.242902,0.022293,21.20536,14.458164,42.927444,-0.073749,0.992941,-0.087563,-0.03102,-15.988317,3.218673,-20.776875,0.02541,0.969462,-0.242902,0.022293,21.272991,2.523799,33.458035
558,4.65,0.026029,0.951945,0.067647,-0.297568,1.557702,81.111076,12.254723,0.023794,0.936014,0.063512,-0.345367,2.244058,88.672577,13.120548,0.040509,0.929211,0.062675,-0.361936,3.806992,106.187698,14.931813,-0.079851,0.954776,-0.115155,-0.262233,6.244607,126.166367,16.692644,0.042829,0.979856,-0.157023,-0.115723,2.270616,139.556046,12.563145,0.111819,0.956186,0.10636,-0.248783,3.345618,119.955933,19.452484,-0.300129,0.746713,-0.115154,0.582307,-13.145322,123.073494,29.130598,0.112779,-0.094357,-0.591498,-0.792785,-16.901228,107.63607,7.909316,-0.423135,-0.237424,0.696825,0.528225,-10.532251,128.302414,1.527522,0.034191,0.850401,0.162277,-0.499315,8.817939,119.733131,14.404814,0.335604,0.555661,-0.011283,-0.760581,18.485954,121.746101,-2.262929,0.28994,-0.00268,0.624162,-0.725499,8.353259,111.403954,-24.469513,0.507331,-0.373909,0.572512,-0.52444,3.064238,133.134125,-33.045433,0.061172,0.898934,0.387948,-0.194095,-6.098557,81.197723,17.567249,0.003073,0.959356,0.019859,-0.281482,-15.386767,56.548935,-6.447855,-0.071108,0.993097,-0.087894,-0.031264,-16.154545,11.621049,-8.083336,-0.056874,0.993624,-0.074765,-0.062341,9.213962,81.024429,6.942196,-0.177199,0.896942,-0.341828,0.217368,13.574889,46.008614,11.985423,0.029153,0.970354,-0.238661,0.02457,21.185949,14.375907,43.021248,-0.071108,0.993097,-0.087894,-0.031264,-15.959024,3.215849,-20.788361,0.029153,0.970354,-0.238661,0.02457,21.244234,2.524092,33.448662
559,4.658333,0.024974,0.954068,0.066772,-0.290983,1.584635,81.152367,12.278872,0.022923,0.938522,0.062467,-0.338746,2.245753,88.716492,13.14145,0.039794,0.931879,0.061415,-0.355312,3.754205,106.234024,14.939317,-0.078656,0.95595,-0.117182,-0.257374,6.134365,126.221336,16.680544,0.044555,0.980267,-0.156042,-0.112886,2.20802,139.597748,12.463408,0.11026,0.95823,0.105514,-0.241878,3.206393,120.013557,19.41567,-0.300592,0.743451,-0.116906,0.585882,-13.429238,123.118484,28.847075,0.116334,-0.090863,-0.591274,-0.792847,-16.949022,107.638489,7.616329,-0.426512,-0.23909,0.696066,0.525753,-10.538672,128.302414,1.265342,0.033336,0.853785,0.160549,-0.49413,8.75034,119.786224,14.44698,0.337436,0.557798,-0.01235,-0.758186,18.620178,121.757294,-2.107096,0.292483,-0.000352,0.623222,-0.725291,8.614945,111.281479,-24.308819,0.510291,-0.371915,0.572369,-0.52314,3.270316,132.93689,-33.027088,0.060685,0.900682,0.387798,-0.186287,-6.144864,81.234329,17.484339,0.00408,0.960949,0.018735,-0.276061,-15.191497,56.573032,-6.610018,-0.07114,0.99281,-0.089237,-0.036119,-16.009184,11.64189,-8.127789,-0.057642,0.99394,-0.075305,-0.055593,9.314135,81.070404,7.073404,-0.176873,0.896576,-0.339644,0.222508,13.696945,46.066639,12.180883,0.029871,0.971111,-0.235379,0.025466,21.16156,14.289745,43.104786,-0.07114,0.99281,-0.089237,-0.036119,-15.939533,3.193378,-20.805374,0.029871,0.971111,-0.235379,0.025466,21.232349,2.502398,33.453014
560,4.666667,0.024305,0.95607,0.066672,-0.284419,1.597077,81.198555,12.288604,0.022196,0.94101,0.061839,-0.331939,2.242047,88.76339,13.157172,0.039064,0.934562,0.060503,-0.348435,3.70588,106.283905,14.953585,-0.077864,0.957074,-0.116923,-0.253528,6.032907,126.27803,16.688377,0.046653,0.980123,-0.157068,-0.111853,2.15305,139.662094,12.452522,0.108718,0.960396,0.104634,-0.234247,3.073378,120.071793,19.392876,-0.30167,0.739586,-0.11851,0.589884,-13.71613,123.167778,28.550583,0.120703,-0.086927,-0.591536,-0.792439,-16.952023,107.632149,7.31531,-0.430777,-0.241202,0.694959,0.522767,-10.52264,128.302841,0.987248,0.032473,0.857284,0.158541,-0.488748,8.690286,119.842003,14.506928,0.338047,0.560055,-0.014126,-0.756216,18.767303,121.765724,-1.927467,0.293876,0.003519,0.622221,-0.725579,8.898349,111.161469,-24.129213,0.512064,-0.369071,0.572104,-0.523712,3.494519,132.73645,-33.009613,0.059685,0.902344,0.387246,-0.179591,-6.203433,81.278229,17.387083,0.005614,0.962147,0.017683,-0.271899,-15.000757,56.577843,-6.75949,-0.069796,0.992842,-0.089505,-0.037173,-15.918839,11.644599,-8.152228,-0.058588,0.994054,-0.076352,-0.050931,9.397587,81.118881,7.190125,-0.17618,0.89634,-0.337392,0.227379,13.826713,46.134281,12.388164,0.030071,0.971895,-0.231962,0.026655,21.129045,14.198282,43.186657,-0.069796,0.992842,-0.089505,-0.037173,-15.896194,3.186154,-20.823357,0.030071,0.971895,-0.231962,0.026655,21.229319,2.478292,33.453457
561,4.675,0.023379,0.958159,0.066067,-0.277524,1.612376,81.236671,12.31127,0.021155,0.943523,0.06075,-0.325003,2.234972,88.803413,13.179596,0.038612,0.937223,0.059059,-0.341519,3.637438,106.318367,14.961378,-0.076427,0.95836,-0.11937,-0.247901,5.914721,126.320885,16.665121,0.048296,0.980656,-0.156144,-0.107702,2.092188,139.688293,12.32584,0.107506,0.962272,0.103843,-0.22736,2.923126,120.119766,19.345957,-0.302965,0.735926,-0.119416,0.593603,-13.999712,123.213364,28.255707,0.125563,-0.082706,-0.591636,-0.792061,-16.960697,107.633842,7.012465,-0.435411,-0.243241,0.693739,0.519593,-10.505123,128.300461,0.707191,0.031213,0.860966,0.156898,-0.482852,8.611637,119.881149,14.543995,0.339167,0.562714,-0.015397,-0.753712,18.913733,121.775314,-1.753718,0.294763,0.007716,0.620915,-0.726306,9.205046,111.041092,-23.963667,0.512359,-0.365401,0.572596,-0.525456,3.725227,132.534821,-32.998962,0.057387,0.903647,0.386706,-0.174892,-6.26117,81.312454,17.29628,0.007646,0.964043,0.016632,-0.265115,-14.779547,56.563114,-6.900139,-0.072186,0.992723,-0.088157,-0.038967,-15.838936,11.629045,-8.159752,-0.059697,0.994216,-0.076892,-0.04537,9.485923,81.160889,7.326259,-0.175211,0.896136,-0.335416,0.231813,13.965778,46.191536,12.583092,0.030395,0.972648,-0.228592,0.027881,21.093378,14.105311,43.266178,-0.072186,0.992723,-0.088157,-0.038967,-15.832732,3.203404,-20.852739,0.030395,0.972648,-0.228592,0.027881,21.221901,2.452212,33.45332
562,4.683333,0.022485,0.960145,0.065416,-0.270809,1.616143,81.26815,12.332161,0.020555,0.946081,0.059707,-0.317715,2.216849,88.836823,13.199036,0.038124,0.939998,0.058095,-0.33403,3.573833,106.357315,14.963646,-0.075195,0.959624,-0.119807,-0.243133,5.806011,126.365913,16.655672,0.049917,0.980693,-0.156818,-0.105631,2.043672,139.736053,12.272406,0.10667,0.964168,0.102917,-0.220025,2.777614,120.168411,19.30335,-0.303502,0.731372,-0.122602,0.598289,-14.279316,123.27607,27.94857,0.129812,-0.079515,-0.592006,-0.791426,-16.926931,107.618141,6.721629,-0.439639,-0.245305,0.693019,0.516011,-10.470217,128.276031,0.419459,0.030255,0.864469,0.155143,-0.477187,8.542043,119.923653,14.593109,0.340185,0.565842,-0.0161,-0.750892,19.057127,121.778778,-1.572526,0.294479,0.012301,0.619447,-0.72761,9.536756,110.932068,-23.80932,0.511629,-0.360038,0.573613,-0.528751,3.974594,132.347137,-32.975025,0.057077,0.905173,0.386255,-0.167962,-6.326793,81.340347,17.205896,0.00896,0.965067,0.015604,-0.261385,-14.634945,56.563614,-7.035528,-0.070351,0.992824,-0.088497,-0.038989,-15.779303,11.62853,-8.179133,-0.061086,0.994375,-0.077281,-0.038924,9.559078,81.195953,7.458425,-0.174416,0.895755,-0.333402,0.236739,14.103833,46.242836,12.767279,0.02861,0.973323,-0.225886,0.028294,21.055683,14.010513,43.33733,-0.070351,0.992824,-0.088497,-0.038989,-15.799477,3.192742,-20.865356,0.02861,0.973323,-0.225886,0.028294,21.230156,2.411638,33.461151
563,4.691667,0.021777,0.96212,0.065175,-0.263825,1.607615,81.298103,12.35017,0.019998,0.948537,0.058608,-0.310552,2.190642,88.867729,13.220737,0.037728,0.942614,0.057131,-0.326791,3.504079,106.400215,14.96568,-0.073799,0.96084,-0.121827,-0.237692,5.695495,126.414513,16.643541,0.051323,0.98102,-0.156633,-0.102135,1.992541,139.771561,12.17066,0.105575,0.966039,0.102333,-0.212489,2.631376,120.221069,19.259401,-0.299233,0.724902,-0.133164,0.606006,-14.560847,123.33033,27.631742,0.130333,-0.079473,-0.592813,-0.79074,-16.852114,107.551071,6.45324,-0.444039,-0.24673,0.692738,0.511925,-10.425145,128.259796,0.123572,0.029727,0.867738,0.154126,-0.471585,8.467512,119.969414,14.638678,0.34043,0.569298,-0.01736,-0.748135,19.189793,121.786201,-1.394667,0.293685,0.01664,0.617989,-0.729083,9.879705,110.822121,-23.662916,0.511289,-0.354901,0.574481,-0.531602,4.236625,132.171326,-32.937775,0.055625,0.906371,0.386205,-0.161998,-6.405505,81.368134,17.10766,0.010902,0.966698,0.01413,-0.255298,-14.459917,56.576992,-7.204559,-0.064122,0.993169,-0.089972,-0.037526,-15.732061,11.641434,-8.182603,-0.06275,0.994443,-0.077677,-0.03334,9.620736,81.228065,7.59268,-0.173312,0.895451,-0.33165,0.241119,14.253942,46.294018,12.950373,0.030999,0.974067,-0.222054,0.030412,21.018835,13.922405,43.415001,-0.064122,0.993169,-0.089972,-0.037526,-15.800302,3.16627,-20.842388,0.030999,0.974067,-0.222054,0.030412,21.206963,2.400387,33.449512
564,4.7,0.02103,0.964097,0.06455,-0.256724,1.595563,81.334618,12.375959,0.020162,0.951126,0.057694,-0.302696,2.158714,88.905975,13.244587,0.036971,0.945501,0.056019,-0.318628,3.4527,106.431702,14.966963,-0.072645,0.962206,-0.122675,-0.232021,5.586435,126.453362,16.631187,0.052637,0.981192,-0.157118,-0.099028,1.945757,139.808197,12.100953,0.104214,0.967897,0.101779,-0.204832,2.48635,120.2621,19.20957,-0.299989,0.720482,-0.135395,0.610394,-14.840738,123.362686,27.302444,0.134467,-0.075803,-0.593001,-0.790267,-16.825026,107.521507,6.139175,-0.448046,-0.248193,0.69201,0.508701,-10.38168,128.23407,-0.170325,0.028845,0.871197,0.152792,-0.465659,8.401812,120.007263,14.691019,0.340158,0.57279,-0.018469,-0.745563,19.341307,121.790375,-1.198731,0.292953,0.020689,0.616259,-0.730736,10.244721,110.730072,-23.507605,0.511392,-0.349857,0.575063,-0.53421,4.506592,132.01152,-32.879616,0.055263,0.908095,0.384932,-0.155359,-6.487049,81.403641,17.014429,0.012323,0.967647,0.013578,-0.25164,-14.328013,56.53968,-7.293215,-0.061465,0.993527,-0.088599,-0.035727,-15.707615,11.605716,-8.195851,-0.064404,0.994516,-0.077779,-0.027223,9.678176,81.265587,7.737491,-0.170482,0.896291,-0.330879,0.241076,14.395279,46.347656,13.126932,0.031078,0.97474,-0.218853,0.031943,20.963146,13.842574,43.492405,-0.061465,0.993527,-0.088599,-0.035727,-15.769562,3.16667,-20.879778,0.031078,0.97474,-0.218853,0.031943,21.191801,2.385179,33.453526
565,4.708333,0.020236,0.966063,0.06391,-0.249458,1.567401,81.368271,12.402093,0.019973,0.953575,0.056748,-0.295085,2.109847,88.941383,13.268571,0.036757,0.948134,0.055182,-0.310879,3.374032,106.473747,14.971701,-0.071549,0.963426,-0.123466,-0.226819,5.475447,126.499809,16.624065,0.054044,0.981303,-0.157649,-0.096285,1.893309,139.852524,12.041222,0.102892,0.969732,0.100847,-0.197139,2.335289,120.313644,19.165941,-0.30236,0.7162,-0.135983,0.614121,-15.122238,123.409416,26.975376,0.140238,-0.071652,-0.592998,-0.789654,-16.788853,107.500397,5.835602,-0.451829,-0.249525,0.691819,0.50495,-10.315303,128.21048,-0.480592,0.028183,0.874804,0.151266,-0.459394,8.323644,120.050034,14.744965,0.339493,0.576385,-0.019649,-0.743061,19.489136,121.7873,-0.991936,0.292256,0.024349,0.614308,-0.732543,10.613985,110.638443,-23.345882,0.511179,-0.345822,0.57562,-0.536437,4.7687,131.854172,-32.800224,0.053426,0.909136,0.385066,-0.149473,-6.584376,81.435486,16.917929,0.014318,0.968773,0.011967,-0.247248,-14.150268,56.56461,-7.469693,-0.062457,0.993295,-0.089764,-0.037494,-15.663738,11.631719,-8.193864,-0.066277,0.994516,-0.077877,-0.02193,9.719178,81.301048,7.886256,-0.168901,0.896151,-0.329335,0.244794,14.539865,46.401661,13.304046,0.028434,0.975376,-0.216256,0.032665,20.901522,13.756672,43.563141,-0.062457,0.993295,-0.089764,-0.037494,-15.755844,3.160817,-20.856356,0.028434,0.975376,-0.216256,0.032665,21.19878,2.352384,33.465759
566,4.716667,0.019206,0.967991,0.06386,-0.241964,1.546099,81.403229,12.419529,0.019015,0.955982,0.055909,-0.287422,2.066403,88.977066,13.293264,0.036923,0.950664,0.054267,-0.3032,3.276385,106.519028,14.988502,-0.069862,0.964702,-0.124788,-0.221126,5.359586,126.548645,16.620756,0.05493,0.981545,-0.157989,-0.092687,1.852645,139.896332,11.965691,0.101686,0.971541,0.09982,-0.189221,2.176391,120.370529,19.128462,-0.303597,0.711527,-0.137881,0.618503,-15.409233,123.466614,26.644888,0.145392,-0.068167,-0.592714,-0.789243,-16.749691,107.491997,5.531399,-0.455809,-0.250321,0.690962,0.502145,-10.239697,128.184509,-0.794598,0.027466,0.878545,0.15007,-0.45264,8.234811,120.092758,14.804882,0.338983,0.580239,-0.020374,-0.740269,19.640547,121.789787,-0.763223,0.291715,0.027993,0.612469,-0.734166,11.003282,110.561691,-23.170628,0.511192,-0.342344,0.575047,-0.539263,5.059464,131.708939,-32.712799,0.054367,0.910708,0.384332,-0.141227,-6.675072,81.461754,16.807894,0.016097,0.969722,0.010544,-0.243452,-14.074315,56.557846,-7.597148,-0.058348,0.993806,-0.088593,-0.033121,-15.708937,11.626944,-8.164259,-0.068082,0.994519,-0.077864,-0.015298,9.76727,81.344711,8.031164,-0.16983,0.894171,-0.326514,0.25496,14.679117,46.46246,13.477394,0.029732,0.976068,-0.212526,0.03522,20.849018,13.679412,43.626751,-0.058348,0.993806,-0.088593,-0.033121,-15.746623,3.190205,-20.849817,0.029732,0.976068,-0.212526,0.03522,21.1912,2.350967,33.445759
567,4.725,0.018749,0.969906,0.062983,-0.234442,1.506682,81.443352,12.457065,0.017259,0.957815,0.05638,-0.281273,2.010291,89.01915,13.323524,0.036444,0.952517,0.052535,-0.297696,3.152742,106.532707,15.05705,-0.065896,0.965886,-0.127531,-0.21554,5.187386,126.571213,16.640673,0.055736,0.981986,-0.157647,-0.088003,1.809758,139.908676,11.862308,0.101372,0.973382,0.098908,-0.18019,1.984664,120.397339,19.133915,-0.306102,0.706355,-0.13845,0.623053,-15.732691,123.530113,26.318445,0.151868,-0.063982,-0.592638,-0.788431,-16.692682,107.492874,5.23172,-0.459764,-0.25101,0.691034,0.498079,-10.153408,128.170364,-1.115809,0.02666,0.882565,0.148936,-0.445181,8.092875,120.113205,14.881391,0.337063,0.584693,-0.021043,-0.737618,19.759794,121.770584,-0.496271,0.290166,0.03199,0.610683,-0.736102,11.39907,110.498665,-22.986408,0.511649,-0.337998,0.574839,-0.541787,5.3607,131.591187,-32.604061,0.053632,0.912253,0.38314,-0.134617,-6.781602,81.50708,16.717237,0.01738,0.970541,0.009754,-0.240112,-13.946449,56.532299,-7.685304,-0.056903,0.993934,-0.088046,-0.033253,-15.673987,11.603821,-8.161366,-0.069971,0.994482,-0.077389,-0.010988,9.794967,81.379623,8.196892,-0.168087,0.893935,-0.325273,0.258504,14.816311,46.510712,13.628671,0.029406,0.976623,-0.209628,0.037409,20.767284,13.60192,43.684902,-0.056903,0.993934,-0.088046,-0.033253,-15.737297,3.179897,-20.855331,0.029406,0.976623,-0.209628,0.037409,21.173428,2.332755,33.440674
568,4.733333,0.018091,0.971808,0.062345,-0.226662,1.457998,81.48703,12.4845,0.017153,0.960227,0.055636,-0.273085,1.94267,89.064423,13.347822,0.036219,0.955154,0.051321,-0.289369,3.059314,106.577492,15.066605,-0.064948,0.967127,-0.129035,-0.209277,5.0573,126.621758,16.623869,0.057098,0.982297,-0.157576,-0.083678,1.73926,139.947922,11.772782,0.100179,0.975003,0.098373,-0.17221,1.814483,120.453957,19.080034,-0.308562,0.701647,-0.139085,0.627005,-16.021154,123.582161,25.967745,0.156793,-0.060576,-0.592687,-0.787698,-16.639019,107.479691,4.917984,-0.461972,-0.252206,0.689829,0.497102,-10.088281,128.133255,-1.433532,0.025889,0.886248,0.1479,-0.438201,7.995758,120.159843,14.935125,0.335776,0.588803,-0.022063,-0.734901,19.903135,121.782013,-0.260898,0.288128,0.035882,0.609093,-0.738038,11.800473,110.440125,-22.810228,0.510881,-0.33354,0.575039,-0.545053,5.682615,131.479614,-32.485573,0.05235,0.913706,0.382038,-0.128253,-6.897604,81.551323,16.611067,0.018901,0.971839,0.008643,-0.234728,-13.8006,56.506752,-7.795426,-0.055959,0.99403,-0.087412,-0.033646,-15.634911,11.581394,-8.151781,-0.072051,0.994396,-0.077122,-0.006112,9.8136,81.422737,8.357934,-0.165786,0.893954,-0.324038,0.261458,14.954909,46.571941,13.793731,0.026836,0.977117,-0.207333,0.039178,20.663855,13.521966,43.741791,-0.055959,0.99403,-0.087412,-0.033646,-15.723673,3.172466,-20.855532,0.026836,0.977117,-0.207333,0.039178,21.16247,2.300619,33.449268
569,4.741667,0.017748,0.973642,0.061853,-0.218814,1.404446,81.529839,12.510472,0.016982,0.962538,0.054771,-0.265015,1.875402,89.108353,13.371542,0.035979,0.957644,0.050452,-0.281209,2.963632,106.623718,15.071853,-0.063066,0.968382,-0.130474,-0.203064,4.929151,126.672256,16.615328,0.057815,0.982567,-0.157665,-0.079752,1.697022,139.99173,11.688438,0.098949,0.97662,0.09738,-0.164132,1.646834,120.509232,19.030657,-0.315532,0.698765,-0.132492,0.628182,-16.303572,123.634293,25.614977,0.166478,-0.053038,-0.591716,-0.786984,-16.612471,107.531654,4.558538,-0.466251,-0.252978,0.689244,0.493512,-9.981027,128.13092,-1.765569,0.024806,0.889848,0.147155,-0.431162,7.89772,120.207321,14.992067,0.335855,0.593263,-0.021767,-0.731277,20.04435,121.810448,-0.015451,0.286457,0.039583,0.607436,-0.739863,12.220541,110.402382,-22.629784,0.509023,-0.329199,0.575558,-0.548868,6.022072,131.379761,-32.36393,0.051265,0.91515,0.380803,-0.121906,-7.016547,81.599655,16.501812,0.020181,0.972812,0.007633,-0.230591,-13.670555,56.479919,-7.896589,-0.055328,0.994111,-0.0867,-0.034141,-15.594297,11.557576,-8.14583,-0.074076,0.994309,-0.076561,-0.000329,9.825438,81.460022,8.519135,-0.16452,0.893362,-0.322166,0.266546,15.078022,46.624176,13.944358,0.026558,0.977622,-0.204471,0.041727,20.57303,13.427794,43.770256,-0.055328,0.994111,-0.0867,-0.034141,-15.706875,3.165729,-20.860683,0.026558,0.977622,-0.204471,0.041727,21.143785,2.265698,33.417233
570,4.75,0.017131,0.975504,0.061032,-0.210652,1.354706,81.586899,12.548503,0.016897,0.964894,0.053593,-0.256559,1.806604,89.167282,13.403288,0.035771,0.960171,0.049744,-0.272612,2.865862,106.678581,15.073072,-0.061288,0.969645,-0.132267,-0.196312,4.801679,126.730583,16.60899,0.058422,0.982886,-0.157706,-0.075167,1.655326,140.03862,11.596432,0.09788,0.978145,0.096892,-0.155768,1.477315,120.572258,18.978352,-0.316604,0.693892,-0.134402,0.632623,-16.584919,123.697159,25.249475,0.171909,-0.049157,-0.591062,-0.78656,-16.561064,107.541367,4.231532,-0.470472,-0.254083,0.688121,0.490497,-9.878304,128.118515,-2.092301,0.023729,0.893576,0.146077,-0.423815,7.79935,120.262619,15.052676,0.33544,0.597784,-0.021481,-0.727786,20.191383,121.83989,0.244363,0.284308,0.043465,0.605764,-0.741842,12.652381,110.379532,-22.440157,0.506927,-0.324598,0.576011,-0.553057,6.374031,131.300201,-32.22781,0.05084,0.916692,0.379325,-0.114908,-7.132022,81.658737,16.398054,0.021237,0.973616,0.006802,-0.227103,-13.561776,56.45578,-7.974637,-0.054746,0.994187,-0.086006,-0.034624,-15.560092,11.536297,-8.136505,-0.076039,0.994194,-0.075976,0.004926,9.841434,81.515053,8.698952,-0.162721,0.892888,-0.320681,0.270994,15.204112,46.693863,14.110534,0.025975,0.978086,-0.201683,0.044678,20.454941,13.358673,43.825401,-0.054746,0.994187,-0.086006,-0.034624,-15.69537,3.161129,-20.862133,0.025975,0.978086,-0.201683,0.044678,21.113253,2.254611,33.415321
571,4.758333,0.016596,0.97732,0.060364,-0.202305,1.29846,81.648819,12.584024,0.016592,0.967118,0.052863,-0.248219,1.733003,89.230721,13.434367,0.035476,0.962558,0.048805,-0.264274,2.761059,106.745407,15.091149,-0.05901,0.970863,-0.13359,-0.189994,4.662055,126.802017,16.610538,0.059173,0.983055,-0.158169,-0.071296,1.615477,140.105484,11.524749,0.09649,0.979634,0.094706,-0.148448,1.299712,120.648087,18.937389,-0.318559,0.689022,-0.135114,0.636799,-16.859276,123.765923,24.926268,0.178627,-0.045255,-0.590643,-0.785611,-16.48851,107.566666,3.945074,-0.475426,-0.255647,0.686487,0.487186,-9.769574,128.111847,-2.41151,0.022857,0.897311,0.145244,-0.416192,7.688745,120.331535,15.122287,0.334357,0.602501,-0.021661,-0.724382,20.330482,121.879089,0.523384,0.281979,0.047241,0.604015,-0.743924,13.09207,110.366394,-22.232443,0.505199,-0.320273,0.576583,-0.556553,6.729242,131.237534,-32.06707,0.050165,0.918212,0.377642,-0.108426,-7.252854,81.723526,16.28784,0.022228,0.974487,0.005914,-0.223262,-13.455641,56.424915,-8.04455,-0.054347,0.994273,-0.085014,-0.035211,-15.522352,11.508292,-8.116568,-0.078138,0.994055,-0.075073,0.010647,9.849773,81.57412,8.880209,-0.161282,0.892042,-0.318797,0.276798,15.330097,46.766258,14.259608,0.025169,0.978504,-0.199012,0.047863,20.332651,13.280848,43.848141,-0.054347,0.994273,-0.085014,-0.035211,-15.681071,3.157419,-20.857883,0.025169,0.978504,-0.199012,0.047863,21.088215,2.232801,33.385197
572,4.766667,0.016079,0.979116,0.059388,-0.193767,1.240897,81.727058,12.626633,0.01657,0.969346,0.052084,-0.239543,1.657392,89.311005,13.46772,0.035071,0.964969,0.048087,-0.255524,2.663166,106.827019,15.107144,-0.056681,0.972062,-0.135276,-0.183259,4.527153,126.887581,16.620031,0.059641,0.983254,-0.158575,-0.067138,1.583738,140.182098,11.45076,0.095212,0.981194,0.095003,-0.138449,1.126043,120.73671,18.898094,-0.319845,0.683176,-0.13754,0.641914,-17.153595,123.846878,24.512213,0.184991,-0.040031,-0.590373,-0.784624,-16.392576,107.580566,3.593498,-0.481944,-0.257682,0.684171,0.482949,-9.637969,128.124283,-2.744648,0.02227,0.900958,0.144281,-0.408611,7.583261,120.415619,15.199953,0.333657,0.607376,-0.021469,-0.720629,20.468321,121.922516,0.811028,0.280292,0.050195,0.602221,-0.74582,13.542217,110.357582,-22.015402,0.504479,-0.316625,0.576456,-0.559417,7.09212,131.175552,-31.883022,0.04959,0.919806,0.375614,-0.10204,-7.37376,81.806015,16.180548,0.02238,0.974818,0.005556,-0.221805,-13.357899,56.394409,-8.088768,-0.050684,0.99444,-0.084769,-0.036544,-15.430602,11.478024,-8.129397,-0.080442,0.99382,-0.073839,0.019976,9.855555,81.648102,9.072718,-0.160845,0.890189,-0.316507,0.285511,15.44967,46.853199,14.418721,0.026579,0.978888,-0.195891,0.051946,20.199339,13.224265,43.88591,-0.050684,0.99444,-0.084769,-0.036544,-15.678339,3.13012,-20.871241,0.026579,0.978888,-0.195891,0.051946,21.036934,2.240524,33.361687
573,4.775,0.01549,0.98087,0.05885,-0.184909,1.180106,81.817879,12.655851,0.01644,0.971519,0.051535,-0.230705,1.57863,89.403076,13.494314,0.034355,0.96734,0.047192,-0.246669,2.55966,106.905342,15.123652,-0.054154,0.973228,-0.137331,-0.176167,4.372895,126.971367,16.625866,0.060449,0.983509,-0.158609,-0.062443,1.539956,140.252899,11.362386,0.094524,0.982599,0.094284,-0.12913,0.937628,120.821526,18.854939,-0.320835,0.678517,-0.139317,0.645964,-17.443678,123.948578,24.116636,0.192177,-0.034617,-0.588593,-0.784492,-16.372414,107.635246,3.248197,-0.488251,-0.259776,0.681859,0.478743,-9.506013,128.143494,-3.073139,0.021232,0.90475,0.143501,-0.400479,7.461821,120.49987,15.276337,0.332738,0.612464,-0.021354,-0.716741,20.603548,121.982323,1.118876,0.278795,0.052606,0.600472,-0.747623,14.006266,110.366013,-21.778751,0.504948,-0.312997,0.576464,-0.561025,7.469053,131.139404,-31.667915,0.049426,0.92188,0.37231,-0.09529,-7.497413,81.898239,16.053347,0.02333,0.975224,0.005719,-0.219911,-13.274923,56.309311,-8.079336,-0.050576,0.994632,-0.082606,-0.036407,-15.434051,11.396998,-8.11953,-0.08204,0.993622,-0.07329,0.024749,9.857626,81.737518,9.258357,-0.158861,0.889567,-0.314763,0.290444,15.53961,46.955364,14.594622,0.025803,0.979186,-0.193324,0.05616,20.026741,13.170401,43.924141,-0.050576,0.994632,-0.082606,-0.036407,-15.683752,3.104555,-20.897493,0.025803,0.979186,-0.193324,0.05616,20.987082,2.240795,33.354149
574,4.783333,0.015105,0.982608,0.058087,-0.175726,1.111581,81.91526,12.690648,0.016189,0.97368,0.050849,-0.221586,1.494429,89.501999,13.522426,0.034397,0.969646,0.046456,-0.237581,2.446232,107.007637,15.139448,-0.051991,0.974463,-0.137914,-0.169406,4.239896,127.076324,16.62941,0.061039,0.983551,-0.159696,-0.0583,1.512628,140.359848,11.31533,0.093289,0.983979,0.093603,-0.119671,0.760931,120.932961,18.808016,-0.321238,0.673509,-0.141843,0.65044,-17.72056,124.055695,23.709002,0.198521,-0.029624,-0.586823,-0.784443,-16.327953,107.692993,2.898255,-0.494148,-0.261131,0.679704,0.475006,-9.355124,128.166916,-3.397332,0.020044,0.908607,0.142532,-0.392067,7.35064,120.600548,15.352554,0.331805,0.617451,-0.021496,-0.71288,20.752584,122.060143,1.438744,0.277298,0.055117,0.598663,-0.749447,14.480777,110.385406,-21.52055,0.504926,-0.310248,0.575416,-0.563642,7.85453,131.11116,-31.434631,0.049057,0.923587,0.369794,-0.0885,-7.62789,82.001648,15.92531,0.024179,0.975721,0.005198,-0.217616,-13.191021,56.277039,-8.113315,-0.050223,0.99471,-0.081718,-0.036779,-15.414308,11.367843,-8.09621,-0.08433,0.993265,-0.072071,0.033453,9.851052,81.828873,9.455986,-0.157726,0.887774,-0.312474,0.298898,15.65053,47.061245,14.760428,0.023751,0.979393,-0.191328,0.060149,19.843651,13.114849,43.946724,-0.050223,0.99471,-0.081718,-0.036779,-15.680732,3.097572,-20.888201,0.023751,0.979393,-0.191328,0.060149,20.94235,2.22881,33.345287
575,4.791667,0.014563,0.984302,0.057385,-0.166266,1.046803,82.035492,12.728007,0.016306,0.975849,0.050012,-0.212018,1.4117,89.623726,13.554284,0.034016,0.972012,0.045602,-0.22794,2.344925,107.123543,15.150243,-0.0501,0.975673,-0.139223,-0.161765,4.100971,127.196457,16.62801,0.061814,0.98371,-0.160286,-0.052929,1.475808,140.47229,11.243804,0.092212,0.98524,0.093085,-0.110161,0.581937,121.056732,18.751822,-0.320019,0.666665,-0.1476,0.65678,-17.991976,124.179634,23.289824,0.202939,-0.026743,-0.586375,-0.783751,-16.201382,107.728432,2.579535,-0.499822,-0.261893,0.67731,0.47206,-9.1921,128.204605,-3.730991,0.018795,0.912514,0.141554,-0.383312,7.238889,120.71904,15.428287,0.331949,0.622414,-0.020926,-0.708501,20.905739,122.156921,1.772301,0.276399,0.057266,0.596848,-0.751064,14.958927,110.416534,-21.239933,0.504941,-0.307166,0.574881,-0.565858,8.24279,131.090134,-31.182236,0.048139,0.924893,0.368088,-0.082263,-7.753265,82.124825,15.793882,0.024967,0.976469,0.00389,-0.214172,-13.085972,56.304085,-8.193837,-0.055537,0.994071,-0.083496,-0.042034,-15.353307,11.397296,-8.054519,-0.086332,0.992848,-0.070716,0.042423,9.84687,81.946167,9.662132,-0.156308,0.886059,-0.310059,0.307135,15.743594,47.189106,14.928475,0.02395,0.979417,-0.189472,0.065343,19.63463,13.067433,43.951752,-0.055537,0.994071,-0.083496,-0.042034,-15.680514,3.075808,-20.811834,0.02395,0.979417,-0.189472,0.065343,20.862841,2.219845,33.32515
576,4.8,0.014232,0.985942,0.056444,-0.15662,0.974266,82.179024,12.772984,0.016255,0.977967,0.049354,-0.20219,1.323832,89.769035,13.589458,0.033654,0.97433,0.044805,-0.218039,2.23382,107.258018,15.171318,-0.047462,0.976888,-0.140294,-0.154124,3.953532,127.334846,16.638794,0.062301,0.983771,-0.161231,-0.048142,1.45295,140.607895,11.188807,0.091137,0.986462,0.093029,-0.099661,0.39398,121.198723,18.704739,0.320856,-0.660939,0.150315,-0.661526,-18.272936,124.322998,22.842545,0.20905,-0.022066,-0.584732,-0.783518,-16.122234,107.807281,2.218054,-0.505072,-0.262449,0.674964,0.469518,-9.014972,128.258621,-4.073853,0.017792,0.916333,0.140709,-0.374456,7.117074,120.855804,15.51768,0.331281,0.627697,-0.021068,-0.704134,21.045378,122.265663,2.125481,0.273867,0.060886,0.595058,-0.753124,15.449036,110.454056,-20.938152,0.502692,-0.303715,0.57412,-0.570477,8.654265,131.072662,-30.916462,0.046925,0.926506,0.365405,-0.076575,-7.884025,82.275787,15.666092,0.026103,0.9771,0.00359,-0.211144,-12.978167,56.306541,-8.212918,-0.05549,0.994055,-0.083612,-0.042254,-15.339976,11.404771,-8.032685,-0.088419,0.992357,-0.069291,0.051075,9.832558,82.08226,9.879875,-0.155922,0.882892,-0.3068,0.319474,15.835458,47.336979,15.103827,0.022115,0.979373,-0.188085,0.070444,19.400873,13.023728,43.942482,-0.05549,0.994055,-0.083612,-0.042254,-15.673505,3.079971,-20.787674,0.022115,0.979373,-0.188085,0.070444,20.79052,2.207162,33.30415
577,4.808333,0.012787,0.987604,0.055123,-0.146412,0.927244,82.311012,12.810646,0.015997,0.980074,0.048863,-0.191862,1.243607,89.90387,13.614071,0.033117,0.976651,0.043977,-0.207657,2.126196,107.424652,15.192962,-0.045222,0.978014,-0.141796,-0.146074,3.802139,127.50589,16.650566,0.062994,0.983831,-0.162083,-0.042868,1.417365,140.769272,11.125656,0.089843,0.987608,0.092374,-0.089589,0.203254,121.372177,18.654531,0.321823,-0.655548,0.152458,-0.665915,-18.546591,124.489532,22.404421,0.21503,-0.018045,-0.582732,-0.783492,-16.054007,107.921242,1.860741,-0.50922,-0.262625,0.672664,0.468237,-8.835494,128.330673,-4.426255,0.016762,0.920358,0.13955,-0.364946,6.992717,121.026398,15.611746,0.330565,0.632849,-0.021274,-0.69984,21.194851,122.401962,2.506654,0.271223,0.064591,0.593289,-0.755165,15.943307,110.521027,-20.602407,0.501199,-0.298824,0.573833,-0.574647,9.072182,131.087814,-30.619473,0.04624,0.92801,0.362822,-0.070849,-7.98943,82.395966,15.518871,0.027232,0.977665,0.003083,-0.208376,-12.881114,56.288074,-8.251032,-0.05617,0.994051,-0.083037,-0.042564,-15.333157,11.391422,-8.011803,-0.090659,0.991664,-0.067964,0.061346,9.843917,82.226059,10.102421,-0.153731,0.880792,-0.30434,0.328557,15.955896,47.496395,15.303686,0.022577,0.979391,-0.185055,0.0777,19.140467,12.986922,43.952137,-0.05617,0.994051,-0.083037,-0.042564,-15.666385,3.081095,-20.776236,0.022577,0.979391,-0.185055,0.0777,20.709124,2.234297,33.273952
578,4.816667,0.012242,0.989154,0.054216,-0.13596,0.873143,82.499077,12.846271,0.019297,0.982953,0.045005,-0.177219,1.170869,90.093658,13.640454,0.032976,0.979918,0.046015,-0.191197,2.123387,107.685051,15.083464,-0.047402,0.979157,-0.143352,-0.135851,3.784587,127.759254,16.650713,0.063119,0.983853,-0.163123,-0.037956,1.410563,140.998322,11.063215,0.085528,0.988687,0.092472,-0.081443,0.109538,121.626938,18.515924,0.320293,-0.651136,0.155443,-0.670277,-18.723623,124.611595,21.942345,0.218123,-0.014641,-0.580738,-0.784189,-15.97409,108.03006,1.442172,-0.512687,-0.262526,0.670584,0.467493,-8.642574,128.427612,-4.789547,0.014868,0.92362,0.138184,-0.357225,6.996936,121.276642,15.702386,0.332821,0.636918,-0.022011,-0.69504,21.41745,122.657227,2.838515,0.269678,0.067372,0.59141,-0.756947,16.441513,110.607056,-20.243889,0.498758,-0.293615,0.573907,-0.579362,9.486481,131.110901,-30.291918,0.045186,0.929958,0.359103,-0.064664,-8.098798,82.587379,15.365251,0.028646,0.978134,0.003194,-0.205968,-12.749865,56.281208,-8.233735,-0.056707,0.99404,-0.08265,-0.04286,-15.328807,11.391717,-7.984063,-0.092218,0.990807,-0.066414,0.073389,9.845085,82.410774,10.32729,-0.152519,0.87797,-0.301061,0.339512,16.011364,47.686565,15.500847,0.016377,0.979112,-0.185049,0.082633,18.861536,12.965205,43.92765,-0.056707,0.99404,-0.08265,-0.04286,-15.663084,3.091022,-20.754736,0.016377,0.979112,-0.185049,0.082633,20.659292,2.222442,33.275681
579,4.825,0.01177,0.990645,0.053036,-0.125182,0.805283,82.711517,12.891501,0.015324,0.984093,0.047998,-0.170357,1.084955,90.308212,13.671973,0.032477,0.981067,0.042734,-0.186082,1.903915,107.824997,15.243284,-0.039894,0.980222,-0.143823,-0.129957,3.512701,127.912285,16.693184,0.063741,0.983715,-0.164685,-0.033477,1.389533,141.168777,11.046351,0.086398,0.989676,0.091628,-0.068419,-0.170308,121.785675,18.561478,0.323016,-0.644643,0.156542,-0.674975,-19.073288,124.855896,21.491894,0.225218,-0.011276,-0.578485,-0.783903,-15.895814,108.213547,1.103182,-0.514707,-0.261741,0.669172,0.467736,-8.446528,128.542755,-5.169063,0.013666,0.928573,0.136707,-0.344786,6.746324,121.429504,15.821356,0.330632,0.643229,-0.021149,-0.690284,21.506517,122.764137,3.343707,0.265986,0.07281,0.589339,-0.759362,16.956993,110.714378,-19.826727,0.496012,-0.287613,0.574505,-0.584119,9.922325,131.152039,-29.948109,0.044823,0.931933,0.355273,-0.057213,-8.219329,82.805099,15.214513,0.030171,0.978798,0.003485,-0.202564,-12.646286,56.301563,-8.206071,-0.057182,0.994004,-0.083233,-0.041941,-15.365505,11.420319,-7.963259,-0.094505,0.98956,-0.06454,0.087604,9.829896,82.617935,10.568489,-0.150908,0.874852,-0.297559,0.351168,16.0937,47.906685,15.711702,0.012897,0.978711,-0.184512,0.088955,18.569357,12.952826,43.887539,-0.057182,0.994004,-0.083233,-0.041941,-15.667081,3.106226,-20.726025,0.012897,0.978711,-0.184512,0.088955,20.585098,2.228949,33.255581
580,4.833333,0.011708,0.992063,0.051529,-0.114099,0.72871,82.951126,12.943326,0.01519,0.986005,0.047535,-0.159075,0.996094,90.550247,13.704213,0.031941,0.983196,0.042113,-0.174734,1.78907,108.053436,15.268137,-0.037116,0.981212,-0.145168,-0.12154,3.355368,128.144257,16.715708,0.064249,0.983612,-0.165998,-0.028698,1.369056,141.392761,11.000727,0.085443,0.990559,0.090546,-0.057392,-0.367121,122.019516,18.510473,0.32367,-0.63865,0.159285,-0.6797,-19.330225,125.097595,21.013018,0.229816,-0.009126,-0.576483,-0.784072,-15.790921,108.397675,0.731251,-0.516197,-0.260144,0.668469,0.467991,-8.234546,128.682739,-5.564948,0.011913,0.932431,0.135947,-0.334587,6.611022,121.661331,15.931286,0.330655,0.648861,-0.021936,-0.684956,21.641438,122.993378,3.780196,0.262983,0.077205,0.587066,-0.76173,17.479525,110.821487,-19.399279,0.493287,-0.281212,0.57516,-0.58888,10.351874,131.18927,-29.571115,0.044303,0.934336,0.350187,-0.049216,-8.345363,83.058029,15.064323,0.03053,0.979422,0.004849,-0.199442,-12.524976,56.295395,-8.105728,-0.057736,0.993869,-0.083364,-0.04405,-15.300941,11.417132,-7.985259,-0.09669,0.988294,-0.062781,0.099924,9.802782,82.844215,10.822329,-0.149169,0.871527,-0.293913,0.363049,16.167917,48.14679,15.934354,0.011413,0.978176,-0.18385,0.096132,18.263264,12.952105,43.839977,-0.057736,0.993869,-0.083364,-0.04405,-15.650691,3.096691,-20.742661,0.011413,0.978176,-0.18385,0.096132,20.484215,2.247108,33.229893
581,4.841667,0.011165,0.993328,0.050971,-0.102843,0.666976,83.191864,12.970429,0.014527,0.987823,0.047296,-0.147507,0.916599,90.792053,13.726696,0.031645,0.985223,0.041669,-0.163091,1.666746,108.29319,15.294677,-0.033584,0.98225,-0.145555,-0.113448,3.20116,128.386261,16.744986,0.064707,0.983375,-0.16779,-0.025147,1.373909,141.639359,10.987744,0.083913,0.991331,0.090044,-0.045979,-0.563468,122.264923,18.46172,0.324541,-0.632674,0.161071,-0.684436,-19.582323,125.327705,20.520601,0.233772,-0.006981,-0.574526,-0.78436,-15.670549,108.596291,0.333424,-0.516682,-0.257988,0.667828,0.469562,-8.008949,128.846298,-5.971005,0.010074,0.936361,0.134765,-0.323982,6.473542,121.901726,16.048517,0.330898,0.654628,-0.022124,-0.679323,21.776134,123.227982,4.241387,0.259807,0.081541,0.584698,-0.764185,18.013159,110.946342,-18.948395,0.490105,-0.274245,0.57615,-0.593833,10.789416,131.244995,-29.16424,0.04462,0.936417,0.345719,-0.040126,-8.452839,83.300873,14.885084,0.032268,0.98011,0.005146,-0.195748,-12.420482,56.318581,-8.066444,-0.058649,0.993814,-0.084163,-0.042557,-15.355158,11.450397,-7.951972,-0.098583,0.986756,-0.061604,0.113136,9.786792,83.082855,11.055775,-0.146944,0.868163,-0.290272,0.374758,16.224789,48.401333,16.184443,0.00884,0.977481,-0.183301,0.104176,17.91449,12.95605,43.798874,-0.058649,0.993814,-0.084163,-0.042557,-15.650064,3.112111,-20.699104,0.00884,0.977481,-0.183301,0.104176,20.380108,2.271479,33.22229
582,4.85,0.011075,0.994512,0.049828,-0.091329,0.592617,83.46814,13.012153,0.014168,0.989551,0.046831,-0.135627,0.830505,91.070114,13.754058,0.031005,0.987168,0.041357,-0.151086,1.546556,108.561012,15.315415,-0.030444,0.983165,-0.146457,-0.104925,3.035782,128.656754,16.775808,0.065378,0.983136,-0.169496,-0.02099,1.359199,141.906555,10.965363,0.082661,0.991918,0.090013,-0.034121,-0.766606,122.535797,18.408632,0.325417,-0.626318,0.16336,-0.689306,-19.830343,125.593773,20.00835,0.23783,-0.005107,-0.572353,-0.784744,-15.533688,108.817413,-0.06294,-0.516804,-0.255255,0.667874,0.470854,-7.757036,129.023438,-6.384316,0.00841,0.940491,0.133494,-0.312385,6.327187,122.172951,16.167793,0.331366,0.66031,-0.022023,-0.673574,21.91691,123.482285,4.740525,0.257347,0.085597,0.582132,-0.76653,18.549875,111.094925,-18.453878,0.487888,-0.26681,0.577347,-0.59787,11.2216,131.308533,-28.718693,0.044358,0.93856,0.340819,-0.031297,-8.568902,83.588615,14.715333,0.033484,0.980925,0.005828,-0.191393,-12.297322,56.364811,-7.989791,-0.058823,0.993703,-0.085425,-0.042397,-15.351386,11.504489,-7.927589,-0.100626,0.985043,-0.060059,0.126324,9.754136,83.347664,11.308972,-0.144805,0.864321,-0.286351,0.387278,16.279551,48.681755,16.432699,0.006306,0.976597,-0.183506,0.111997,17.56197,12.97707,43.73307,-0.058823,0.993703,-0.085425,-0.042397,-15.636744,3.134297,-20.654009,0.006306,0.976597,-0.183506,0.111997,20.263929,2.297881,33.208923
583,4.858333,0.010834,0.995603,0.048386,-0.079476,0.525991,83.761513,13.053092,0.013605,0.991167,0.046331,-0.123521,0.749626,91.365738,13.776186,0.030688,0.98898,0.040965,-0.138917,1.424357,108.848251,15.330313,-0.027345,0.984077,-0.14681,-0.096393,2.880668,128.946091,16.795118,0.066021,0.982874,-0.171211,-0.016923,1.355798,142.198349,10.948633,0.081025,0.99244,0.089475,-0.022172,-0.961736,122.828224,18.343679,0.325945,-0.620006,0.165697,-0.694188,-20.061905,125.867126,19.477207,0.240766,-0.003745,-0.570309,-0.785344,-15.388949,109.054008,-0.478898,-0.51644,-0.251428,0.66768,0.473579,-7.504117,129.223038,-6.807561,0.006661,0.94443,0.132705,-0.30066,6.184916,122.460892,16.278406,0.331403,0.666209,-0.022587,-0.667703,22.054192,123.763107,5.241805,0.253904,0.089684,0.579382,-0.769289,19.103355,111.25766,-17.945915,0.485609,-0.258327,0.5779,-0.602895,11.661607,131.399063,-28.236633,0.044508,0.940706,0.335556,-0.022193,-8.67336,83.890892,14.537671,0.03547,0.981998,0.006544,-0.185415,-12.189094,56.414295,-7.895228,-0.060251,0.993613,-0.086625,-0.039994,-15.430588,11.567095,-7.881675,-0.102652,0.983171,-0.058605,0.139297,9.725341,83.632133,11.568514,-0.142314,0.860762,-0.282328,0.398906,16.338223,48.983295,16.695522,0.009775,0.97564,-0.182444,0.121434,17.226379,13.008583,43.654938,-0.060251,0.993613,-0.086625,-0.039994,-15.628417,3.1707,-20.592484,0.009775,0.97564,-0.182444,0.121434,20.104881,2.345817,33.160995
584,4.866667,0.010627,0.996523,0.047498,-0.067627,0.464161,84.081337,13.090462,0.012663,0.99262,0.045862,-0.111546,0.675103,91.686935,13.802889,0.03025,0.990618,0.04061,-0.126933,1.295836,109.156326,15.351072,-0.024045,0.984916,-0.147134,-0.087824,2.714968,129.256409,16.821455,0.06673,0.982566,-0.173058,-0.012706,1.34823,142.511124,10.941494,0.079452,0.992743,0.089817,-0.009033,-1.163334,123.140404,18.285576,0.324165,-0.612484,0.171341,-0.700302,-20.289177,126.165154,18.909555,0.243321,-0.003284,-0.568399,-0.785943,-15.225519,109.276543,-0.886872,-0.517268,-0.248363,0.667428,0.474648,-7.229977,129.429214,-7.253963,0.004781,0.948491,0.131492,-0.288187,6.031175,122.770813,16.394178,0.332135,0.672078,-0.022445,-0.661433,22.185875,124.063385,5.778565,0.251767,0.093151,0.576535,-0.771715,19.651127,111.441254,-17.395145,0.484183,-0.250593,0.57849,-0.606729,12.089812,131.494156,-27.721054,0.043608,0.942792,0.330216,-0.014129,-8.767761,84.218849,14.355961,0.03735,0.982682,0.007904,-0.181324,-12.0313,56.48312,-7.79438,-0.060854,0.993426,-0.088835,-0.038861,-15.460831,11.649987,-7.883834,-0.104361,0.981039,-0.057282,0.152936,9.696083,83.943832,11.824962,-0.139923,0.856516,-0.277682,0.41194,16.370337,49.309273,16.968939,0.007732,0.974266,-0.183548,0.130598,16.861206,13.039854,43.540871,-0.060854,0.993426,-0.088835,-0.038861,-15.614784,3.19951,-20.559362,0.007732,0.974266,-0.183548,0.130598,19.997116,2.363427,33.134945
585,4.875,0.01146,0.997326,0.045982,-0.055632,0.392081,84.443459,13.148287,0.012064,0.994023,0.044572,-0.098928,0.605863,92.050941,13.839428,0.029868,0.99219,0.040578,-0.11411,1.179604,109.466789,15.347526,-0.021033,0.985762,-0.147135,-0.078626,2.56416,129.567902,16.836666,0.066946,0.982315,-0.174666,-0.008139,1.353562,142.827774,10.934154,0.077741,0.992929,0.089655,0.003209,-1.351849,123.453842,18.20541,0.325317,-0.606625,0.172672,-0.704528,-20.490879,126.45594,18.352028,0.247892,-0.001053,-0.566274,-0.786055,-15.072794,109.542892,-1.329362,-0.518483,-0.246698,0.666148,0.475985,-6.96564,129.652817,-7.712602,0.002468,0.952343,0.130635,-0.275629,5.889046,123.081375,16.500816,0.33138,0.677992,-0.024203,-0.655689,22.318729,124.385475,6.317437,0.249074,0.096691,0.573171,-0.774654,20.211681,111.632065,-16.827219,0.482974,-0.243467,0.578729,-0.610355,12.503219,131.598755,-27.176273,0.043204,0.945151,0.323743,-0.003561,-8.867056,84.608818,14.192243,0.039088,0.98381,0.01002,-0.174611,-11.860347,56.568832,-7.610475,-0.061216,0.993218,-0.091439,-0.037542,-15.475923,11.751061,-7.883182,-0.106301,0.978782,-0.055948,0.166002,9.651217,84.278107,12.10433,-0.137017,0.852309,-0.272862,0.424666,16.406471,49.661915,17.266184,0.006343,0.972552,-0.184856,0.141175,16.487925,13.081514,43.412827,-0.061216,0.993218,-0.091439,-0.037542,-15.583698,3.236888,-20.516495,0.006343,0.972552,-0.184856,0.141175,19.902853,2.38712,33.113724
586,4.883333,0.010701,0.997974,0.045339,-0.043339,0.336918,84.770706,13.164316,0.011781,0.995238,0.044133,-0.086115,0.530174,92.379341,13.848761,0.029109,0.993628,0.040448,-0.101094,1.0734,109.800491,15.350032,-0.017707,0.986527,-0.147203,-0.069161,2.407336,129.903839,16.855122,0.066898,0.982029,-0.176438,-0.003542,1.363932,143.16777,10.929887,0.076096,0.992978,0.089203,0.015734,-1.53982,123.788849,18.126795,0.325763,-0.601383,0.17452,-0.70835,-20.679461,126.771034,17.784433,0.253123,0.001008,-0.562639,-0.786997,-14.959661,109.829758,-1.787005,-0.520496,-0.244162,0.66433,0.477635,-6.664402,129.864059,-8.191286,0.000435,0.956227,0.129518,-0.262404,5.743469,123.418915,16.612925,0.332752,0.684065,-0.023081,-0.648691,22.449102,124.719658,6.888399,0.247583,0.099449,0.569954,-0.777152,20.777771,111.857353,-16.231554,0.481399,-0.236362,0.578458,-0.614634,12.931561,131.718887,-26.600445,0.043014,0.947184,0.317736,0.006003,-8.94521,84.933144,13.97949,0.040872,0.98486,0.01107,-0.168101,-11.713764,56.617271,-7.493876,-0.056018,0.993725,-0.091549,-0.031475,-15.50103,11.81432,-7.856479,-0.107934,0.976286,-0.055206,0.179356,9.619047,84.608276,12.349142,-0.134704,0.847008,-0.267605,0.439112,16.425312,50.01115,17.571493,0.00504,0.970476,-0.186352,0.153046,16.118383,13.118708,43.274269,-0.056018,0.993725,-0.091549,-0.031475,-15.522779,3.303609,-20.492567,0.00504,0.970476,-0.186352,0.153046,19.839836,2.404464,33.102783
587,4.891667,0.010516,0.998521,0.043416,-0.030997,0.274089,85.106537,13.213034,0.012273,0.996373,0.042466,-0.072708,0.455141,92.717834,13.870625,0.028136,0.994953,0.040876,-0.087214,0.99103,110.143425,15.319775,-0.014649,0.987255,-0.146999,-0.059193,2.266265,130.24762,16.863983,0.066495,0.981745,-0.178195,0.001082,1.387246,143.517822,10.926146,0.074128,0.992832,0.089329,0.028456,-1.709992,124.129295,18.024092,0.326691,-0.595978,0.176214,-0.712062,-20.839304,127.079437,17.185965,0.257664,0.002628,-0.559815,-0.787534,-14.807908,110.10392,-2.261859,-0.522139,-0.241301,0.662438,0.479918,-6.364552,130.082245,-8.694851,-0.001922,0.959903,0.128614,-0.249081,5.61306,123.765388,16.71435,0.333314,0.689611,-0.023997,-0.642466,22.58259,125.078156,7.459728,0.245164,0.102627,0.566902,-0.779733,21.317507,112.073875,-15.606531,0.479469,-0.228948,0.578826,-0.618589,13.344726,131.847733,-25.994291,0.042995,0.949127,0.311432,0.017888,-9.02521,85.277168,13.798432,0.042259,0.985945,0.012643,-0.16114,-11.537241,56.678452,-7.328836,-0.065006,0.993132,-0.091392,-0.033334,-15.467337,11.889222,-7.837412,-0.109782,0.973523,-0.053971,0.193099,9.573388,84.935913,12.627636,-0.131673,0.841795,-0.262536,0.4529,16.449551,50.357864,17.884621,0.006842,0.967875,-0.187046,0.167882,15.724648,13.151154,43.12178,-0.065006,0.993132,-0.091392,-0.033334,-15.407747,3.385915,-20.478355,0.006842,0.967875,-0.187046,0.167882,19.77104,2.424531,33.088356
588,4.9,0.009659,0.998993,0.039754,-0.018441,0.240562,85.423683,13.28355,0.012545,0.997371,0.040572,-0.058721,0.399241,93.039909,13.887794,0.027369,0.996127,0.041288,-0.07265,0.921061,110.494354,15.279667,-0.012805,0.987813,-0.147119,-0.049179,2.143904,130.598907,16.86121,0.066356,0.98151,-0.179449,0.005708,1.395392,143.869705,10.906817,0.071792,0.992556,0.089524,0.040795,-1.86258,124.47921,17.904238,0.327126,-0.590258,0.17841,-0.716068,-20.971983,127.381767,16.584349,0.260964,0.002809,-0.557423,-0.788143,-14.622097,110.370872,-2.730739,-0.521621,-0.238956,0.660844,0.483835,-6.053702,130.291611,-9.215704,-0.004618,0.963512,0.127342,-0.235386,5.495788,124.117783,16.80938,0.333954,0.694912,-0.02509,-0.636351,22.721708,125.451599,8.0444,0.242664,0.105879,0.564167,-0.782061,21.848625,112.300941,-14.956943,0.478008,-0.221039,0.579066,-0.62236,13.76885,131.992157,-25.368176,0.042808,0.950715,0.305829,0.027882,-9.07063,85.589867,13.634068,0.044132,0.987266,0.013987,-0.152195,-11.364098,56.743454,-7.178986,-0.067944,0.992655,-0.094498,-0.033005,-15.473692,11.971992,-7.816774,-0.111195,0.970561,-0.052537,0.207089,9.551753,85.2575,12.933034,-0.128562,0.835856,-0.257192,0.46762,16.469864,50.690819,18.20974,0.00274,0.964945,-0.18929,0.181774,15.317981,13.161534,42.948483,-0.067944,0.992655,-0.094498,-0.033005,-15.35528,3.39334,-20.406298,0.00274,0.964945,-0.18929,0.181774,19.758467,2.41764,33.101948
589,4.908333,0.009199,0.999224,0.037858,-0.005818,0.176858,85.788307,13.334155,0.011538,0.998078,0.03993,-0.045962,0.320707,93.406906,13.911489,0.026982,0.997008,0.040762,-0.059884,0.787502,110.827705,15.286297,-0.008832,0.988318,-0.146842,-0.039828,1.973132,130.93486,16.863146,0.066086,0.981258,-0.180738,0.009996,1.4101,144.212265,10.90307,0.070092,0.992019,0.089385,0.05473,-2.059807,124.817566,17.814199,0.327613,-0.583571,0.180967,-0.72067,-21.126989,127.701294,15.953263,0.26488,0.002996,-0.555224,-0.788388,-14.40967,110.650085,-3.201327,-0.522634,-0.235309,0.659286,0.486648,-5.725829,130.512054,-9.755564,-0.007262,0.967118,0.125863,-0.220883,5.32408,124.453201,16.90844,0.333715,0.700871,-0.02576,-0.629881,22.805191,125.802544,8.666685,0.238306,0.110415,0.561174,-0.784922,22.374891,112.541458,-14.283758,0.474028,-0.211745,0.57979,-0.627938,14.186653,132.157227,-24.721802,0.04221,0.952379,0.299542,0.038316,-9.140203,85.955521,13.448994,0.046169,0.988547,0.015608,-0.142828,-11.187831,56.834126,-7.003654,-0.063578,0.992772,-0.097885,-0.027927,-15.492693,12.083522,-7.798151,-0.113118,0.967351,-0.051655,0.220834,9.49392,85.621086,13.219316,-0.124865,0.830185,-0.251562,0.481579,16.481583,51.078606,18.562412,0.005703,0.961549,-0.19024,0.197991,14.909092,13.207468,42.750916,-0.063578,0.992772,-0.097885,-0.027927,-15.29603,3.424521,-20.331562,0.005703,0.961549,-0.19024,0.197991,19.678562,2.443042,33.082275
590,4.916667,0.008779,0.999272,0.036505,0.00672,0.127244,86.142586,13.367513,0.011371,0.99865,0.038879,-0.032514,0.257569,93.76284,13.925944,0.026281,0.997755,0.040866,-0.046087,0.698573,111.178413,15.269838,-0.00467,0.988773,-0.146283,-0.030134,1.834223,131.286713,16.868492,0.065252,0.981008,-0.182159,0.013543,1.464942,144.573074,10.913224,0.067799,0.991311,0.089237,0.068868,-2.221678,125.168671,17.710791,0.328592,-0.578714,0.182622,-0.723717,-21.233397,128.010971,15.299967,0.268593,0.003199,-0.552047,-0.789362,-14.248678,110.921356,-3.724289,-0.52195,-0.232685,0.657526,0.491004,-5.399434,130.710846,-10.330425,-0.009872,0.970204,0.12501,-0.207316,5.184541,124.806122,17.009802,0.33394,0.706693,-0.026764,-0.62318,22.889009,126.181412,9.264062,0.233925,0.114121,0.558078,-0.787912,22.895926,112.784935,-13.611649,0.469661,-0.202016,0.582393,-0.632003,14.590515,132.328812,-24.043447,0.041608,0.953932,0.29299,0.049384,-9.189745,86.310669,13.248327,0.047881,0.989888,0.017081,-0.13243,-10.98786,56.908943,-6.823149,-0.078774,0.991729,-0.097304,-0.028278,-15.453616,12.177142,-7.773423,-0.114771,0.963713,-0.05092,0.235569,9.444233,85.97451,13.486698,-0.121599,0.823097,-0.245619,0.49739,16.474176,51.453495,18.912439,0.006869,0.95769,-0.191792,0.214471,14.488493,13.244245,42.532135,-0.078774,0.991729,-0.097304,-0.028278,-15.043582,3.549302,-20.323143,0.006869,0.95769,-0.191792,0.214471,19.61606,2.456515,33.075058
591,4.925,0.008405,0.999199,0.033932,0.019475,0.078929,86.50795,13.42227,0.00992,0.999031,0.038216,-0.019461,0.197182,94.131073,13.94296,0.02598,0.998299,0.040446,-0.033001,0.569068,111.5298,15.268888,-0.000593,0.989035,-0.146208,-0.020781,1.671015,131.640121,16.865768,0.065106,0.980806,-0.182965,0.017474,1.490012,144.92836,10.905966,0.065503,0.990446,0.088642,0.082881,-2.408128,125.52494,17.611071,0.32924,-0.573139,0.184584,-0.727353,-21.349314,128.32341,14.655307,0.271548,0.001853,-0.54858,-0.790771,-14.062264,111.200401,-4.224992,-0.518224,-0.229349,0.657692,0.49627,-5.031666,130.902435,-10.916427,-0.012356,0.973306,0.124183,-0.192615,5.013746,125.158478,17.104662,0.33368,0.712309,-0.028244,-0.616827,22.943888,126.551285,9.900034,0.228303,0.119084,0.555309,-0.790777,23.377676,113.025757,-12.895505,0.463651,-0.191418,0.585598,-0.636759,14.984256,132.511307,-23.346281,0.041712,0.955342,0.285993,0.061558,-9.231957,86.676796,13.064891,0.049923,0.991157,0.019153,-0.121441,-10.817706,56.98687,-6.596054,-0.0823,0.991621,-0.098437,-0.015011,-15.476708,12.279788,-7.758018,-0.116098,0.959908,-0.049801,0.250237,9.389815,86.339111,13.779649,-0.118161,0.815779,-0.23971,0.512915,16.446209,51.831913,19.258703,0.006631,0.953428,-0.193264,0.231473,14.05794,13.290683,42.294533,-0.0823,0.991621,-0.098437,-0.015011,-14.659755,3.658158,-20.292112,0.006631,0.953428,-0.193264,0.231473,19.57362,2.491689,33.071602
592,4.933333,0.008319,0.998897,0.032866,0.032484,0.02135,86.891296,13.440434,0.009561,0.999244,0.03727,-0.00557,0.132035,94.515526,13.946317,0.025361,0.998673,0.040695,-0.018793,0.471844,111.869743,15.240892,0.00399,0.989306,-0.145404,-0.010742,1.526171,131.980545,16.863825,0.064228,0.980572,-0.184146,0.021068,1.553317,145.278107,10.922211,0.064083,0.98932,0.08817,0.096778,-2.571995,125.865135,17.494177,0.330846,-0.56812,0.186104,-0.730169,-21.423565,128.652283,14.003296,0.274144,-0.000696,-0.545214,-0.792204,-13.862721,111.482109,-4.725894,-0.514747,-0.223512,0.656741,0.503755,-4.660735,131.076309,-11.534686,-0.015401,0.97612,0.123298,-0.178188,4.86131,125.499252,17.19923,0.333803,0.717917,-0.02908,-0.610185,22.995455,126.933029,10.533404,0.222925,0.123562,0.552177,-0.793812,23.857027,113.28653,-12.177706,0.457969,-0.178241,0.591137,-0.639572,15.354005,132.71019,-22.63559,0.043918,0.956469,0.277949,0.077349,-9.276958,87.066071,12.840742,0.052005,0.992885,0.020876,-0.105071,-10.738892,57.066196,-6.353765,-0.079935,0.991653,-0.100266,0.013465,-15.579571,12.384397,-7.726346,-0.117697,0.95564,-0.049093,0.2655,9.319658,86.716515,14.040125,-0.114757,0.808021,-0.233444,0.528618,16.408852,52.230984,19.612408,0.007842,0.948782,-0.195332,0.248188,13.650126,13.351837,42.030716,-0.079935,0.991653,-0.100266,0.013465,-14.038203,3.77634,-20.201473,0.007842,0.948782,-0.195332,0.248188,19.513233,2.52153,33.062344
593,4.941667,0.007994,0.998469,0.030584,0.045389,-0.033589,87.240486,13.466991,0.009302,0.999264,0.036292,0.008287,0.067185,94.867012,13.93926,0.024875,0.998841,0.040954,-0.004594,0.380106,112.212074,15.203537,0.008317,0.989384,-0.145087,-0.000736,1.391676,132.322998,16.85186,0.063353,0.980394,-0.184935,0.024769,1.61909,145.622681,10.919259,0.060551,0.98808,0.087897,0.110931,-2.723899,126.208473,17.366697,0.330949,-0.563071,0.18801,-0.733536,-21.478617,128.904495,13.325891,0.274296,-0.003883,-0.542148,-0.794243,-13.65281,111.71241,-5.273909,-0.508726,-0.217633,0.656809,0.512284,-4.29064,131.226868,-12.170307,-0.018802,0.97871,0.122457,-0.163639,4.714717,125.841164,17.283163,0.333966,0.723128,-0.030625,-0.603834,23.037046,127.330635,11.1668,0.218004,0.12818,0.549173,-0.796526,24.301628,113.54599,-11.441788,0.45187,-0.167508,0.595098,-0.643128,15.700672,132.900513,-21.925652,0.044103,0.957014,0.271863,0.090941,-9.313268,87.415131,12.626865,0.054044,0.994638,0.021828,-0.085428,-10.559642,57.177879,-6.20698,-0.083566,0.989928,-0.105428,0.044085,-15.561335,12.519177,-7.744244,-0.118797,0.95116,-0.04851,0.280763,9.24609,87.065849,14.307117,-0.111697,0.799225,-0.227074,0.545161,16.330498,52.594799,19.974277,0.009581,0.94355,-0.197144,0.265999,13.226089,13.389486,41.770721,-0.083566,0.989928,-0.105428,0.044085,-13.149026,3.866055,-20.049017,0.009581,0.94355,-0.197144,0.265999,19.445389,2.532096,33.079308
594,4.95,0.008159,0.997865,0.028084,0.058389,-0.107461,87.582481,13.498916,0.009968,0.999081,0.034947,0.022748,-0.008085,95.211205,13.934499,0.023695,0.998819,0.041123,0.010449,0.310488,112.546516,15.156087,0.011248,0.989333,-0.144916,0.009626,1.249443,132.659195,16.825798,0.063676,0.980165,-0.185416,0.029049,1.640658,145.958893,10.901777,0.058672,0.986613,0.086988,0.12484,-2.872955,126.54023,17.218847,0.332217,-0.558417,0.190033,-0.735996,-21.509291,129.203964,12.644158,0.274314,-0.008538,-0.538987,-0.796349,-13.447276,111.952545,-5.799174,-0.502113,-0.209596,0.656292,0.522716,-3.926259,131.359131,-12.829974,-0.021739,0.981171,0.121413,-0.148624,4.565203,126.181282,17.359798,0.334299,0.728281,-0.031239,-0.59739,23.064594,127.706932,11.811725,0.214772,0.131028,0.546169,-0.799002,24.727747,113.809189,-10.701613,0.448126,-0.158077,0.59958,-0.643971,16.009716,133.097321,-21.189333,0.039662,0.95862,0.263776,0.099484,-9.361942,87.764801,12.417215,0.058072,0.995769,0.024402,-0.0669,-10.201682,57.19223,-5.89048,-0.0787,0.987501,-0.111123,0.079374,-15.548752,12.58485,-7.726257,-0.120235,0.946376,-0.047792,0.296027,9.147021,87.400162,14.580616,-0.108403,0.790034,-0.22019,0.561792,16.25033,52.948689,20.342403,0.011152,0.938092,-0.197951,0.284031,12.827724,13.401312,41.462772,-0.0787,0.987501,-0.111123,0.079374,-12.278187,3.858666,-19.77866,0.011152,0.938092,-0.197951,0.284031,19.407389,2.539798,33.046196
595,4.958333,0.00775,0.997045,0.026472,0.071699,-0.174111,87.904968,13.497263,0.009885,0.998682,0.034072,0.037078,-0.085015,95.535133,13.909143,0.022987,0.998568,0.041237,0.025157,0.213928,112.853554,15.103428,0.015314,0.989346,-0.143421,0.019757,1.099543,132.967194,16.790682,0.063762,0.97984,-0.1865,0.032656,1.68379,146.280991,10.914434,0.056195,0.984911,0.086049,0.139238,-3.031497,126.84758,17.065025,0.333906,-0.553933,0.191458,-0.738247,-21.53153,129.45636,11.938692,0.273588,-0.012854,-0.535749,-0.798722,-13.233894,112.155853,-6.35354,-0.494909,-0.200293,0.655092,0.534604,-3.553079,131.461136,-13.488182,-0.025335,0.983315,0.121363,-0.133123,4.399355,126.490189,17.42511,0.334838,0.733092,-0.032107,-0.591125,23.061417,128.081467,12.472166,0.212301,0.133987,0.543739,-0.800826,25.100279,114.060654,-9.933728,0.444864,-0.150791,0.603385,-0.644426,16.300682,133.275406,-20.44887,0.038716,0.959025,0.256681,0.113522,-9.396446,88.084373,12.168678,0.060988,0.99703,0.024457,-0.040164,-9.966096,57.243252,-5.693574,-0.069608,0.983921,-0.116481,0.11613,-15.522717,12.667334,-7.66617,-0.121056,0.941138,-0.047528,0.312003,9.048223,87.725563,14.825848,-0.105396,0.780501,-0.213502,0.578037,16.113134,53.286407,20.707243,0.017112,0.931789,-0.197481,0.304103,12.412576,13.42037,41.171448,-0.069608,0.983921,-0.116481,0.11613,-11.435638,3.854687,-19.402283,0.017112,0.931789,-0.197481,0.304103,19.319469,2.548839,33.034622
596,4.966667,0.008091,0.99602,0.024629,0.085278,-0.244448,88.232079,13.490279,0.010443,0.998033,0.033179,0.052156,-0.153385,95.863602,13.87575,0.022425,0.998043,0.041766,0.040791,0.14843,113.181831,15.044376,0.018526,0.988987,-0.143615,0.030607,0.983969,133.294724,16.76568,0.063167,0.979629,-0.186974,0.037132,1.7432,146.60228,10.895285,0.052574,0.982833,0.085607,0.154747,-3.154609,127.175728,16.908348,0.33405,-0.549084,0.194936,-0.74089,-21.493244,129.691162,11.189644,0.272471,-0.017256,-0.533019,-0.800845,-12.98327,112.308884,-6.926674,-0.488918,-0.193032,0.653072,0.545156,-3.167476,131.528717,-14.167947,-0.029158,0.985139,0.121383,-0.117974,4.261265,126.81694,17.500834,0.33716,0.737198,-0.031533,-0.584695,23.062649,128.484787,13.134749,0.211014,0.136018,0.542095,-0.801939,25.419661,114.329102,-9.154831,0.442561,-0.143419,0.60663,-0.644648,16.57238,133.474777,-19.691668,0.037002,0.959047,0.249546,0.128788,-9.426953,88.421425,11.910866,0.064507,0.997571,0.023543,-0.011671,-9.665654,57.313549,-5.49036,-0.06256,0.979747,-0.121726,0.146166,-15.477294,12.773397,-7.534728,-0.121974,0.935272,-0.046846,0.328929,8.938056,88.042732,15.069694,-0.102519,0.769777,-0.206628,0.595179,15.972178,53.614891,21.053366,0.017121,0.925468,-0.197986,0.322518,12.009591,13.435328,40.844284,-0.06256,0.979747,-0.121726,0.146166,-10.733667,3.864182,-18.946442,0.017121,0.925468,-0.197986,0.322518,19.294115,2.57917,33.022331
597,4.975,0.007666,0.994766,0.023434,0.099161,-0.31294,88.517387,13.469206,0.01083,0.99718,0.032523,0.066766,-0.231901,96.149895,13.837102,0.021313,0.997342,0.041835,0.055713,0.067403,113.453079,14.987153,0.022896,0.988718,-0.142211,0.041097,0.832154,133.567703,16.721104,0.062882,0.979344,-0.187778,0.040865,1.794325,146.885544,10.904016,0.049854,0.980562,0.084056,0.170138,-3.303092,127.444824,16.743343,0.334684,-0.544836,0.1975,-0.743057,-21.458778,129.893097,10.441496,0.272806,-0.020242,-0.529901,-0.802728,-12.755784,112.444328,-7.518528,-0.484618,-0.186464,0.651698,0.552871,-2.790696,131.565277,-14.842383,-0.032384,0.987093,0.119856,-0.101161,4.092052,127.09346,17.55777,0.33789,0.741315,-0.030833,-0.579079,23.028494,128.801849,13.839062,0.208598,0.138314,0.54068,-0.803132,25.705883,114.574768,-8.36872,0.440043,-0.135912,0.610693,-0.644161,16.821667,133.678268,-18.917847,0.033801,0.958989,0.243117,0.141745,-9.447841,88.702835,11.634007,0.068637,0.997242,0.021505,0.018325,-9.30197,57.353012,-5.328494,-0.060645,0.975512,-0.123596,0.171529,-15.421883,12.854052,-7.370156,-0.122764,0.928842,-0.046541,0.346433,8.82196,88.33194,15.304404,-0.09974,0.758182,-0.199611,0.612673,15.801602,53.915871,21.418156,0.019583,0.918523,-0.197825,0.341757,11.604168,13.429436,40.523373,-0.060645,0.975512,-0.123596,0.171529,-10.074318,3.946128,-18.512674,0.019583,0.918523,-0.197825,0.341757,19.235134,2.583434,33.024319
598,4.983333,0.007233,0.993294,0.021634,0.113343,-0.37843,88.788536,13.45307,0.010759,0.99611,0.032097,0.081357,-0.306098,96.422379,13.794022,0.020281,0.996432,0.041779,0.070472,-0.02511,113.71405,14.932585,0.027974,0.988269,-0.140946,0.051737,0.672506,133.830597,16.672506,0.062401,0.979055,-0.188564,0.04474,1.857745,147.154327,10.910366,0.047871,0.978007,0.082523,0.185473,-3.456886,127.704475,16.577089,0.334938,-0.540411,0.201099,-0.745206,-21.408783,130.111603,9.701667,0.274601,-0.023519,-0.526553,-0.804228,-12.527209,112.569389,-8.079005,-0.483296,-0.179032,0.650952,0.557346,-2.39958,131.576157,-15.531582,-0.036573,0.988613,0.119207,-0.084237,3.911157,127.359581,17.610495,0.33964,0.745107,-0.029438,-0.573231,22.957981,129.149643,14.552635,0.206429,0.140479,0.540034,-0.803751,25.92981,114.83744,-7.562824,0.437385,-0.128198,0.615584,-0.642897,17.046171,133.914597,-18.130503,0.031598,0.958375,0.235969,0.157601,-9.457283,88.968147,11.357609,0.073144,0.996082,0.019537,0.045693,-8.964967,57.363937,-5.119368,-0.057228,0.9706,-0.128102,0.195576,-15.436667,12.915188,-7.169979,-0.1227,0.921867,-0.045844,0.364697,8.700423,88.608917,15.548531,-0.097758,0.745082,-0.192436,0.631083,15.572318,54.18713,21.751455,0.020645,0.911158,-0.197519,0.361041,11.201307,13.412518,40.193378,-0.057228,0.9706,-0.128102,0.195576,-9.555167,3.932899,-17.97876,0.020645,0.911158,-0.197519,0.361041,19.192604,2.592827,33.039581
599,4.991667,0.006696,0.991552,0.020233,0.12795,-0.445696,89.025528,13.420862,0.010225,0.994858,0.031434,0.095731,-0.383789,96.660385,13.740577,0.019364,0.995327,0.041975,0.084781,-0.135586,113.945557,14.857955,0.034029,0.987735,-0.139145,0.062125,0.49942,134.062912,16.612478,0.061793,0.978785,-0.189337,0.048087,1.931274,147.394806,10.925689,0.045976,0.974864,0.081851,0.202058,-3.621776,127.934219,16.399809,0.335216,-0.5361,0.205211,-0.747071,-21.331535,130.311691,8.913253,0.276909,-0.025721,-0.523292,-0.805497,-12.292515,112.655327,-8.674054,-0.484138,-0.171878,0.649202,0.560897,-2.007573,131.554001,-16.227663,-0.040839,0.98992,0.118094,-0.066663,3.713717,127.594101,17.644724,0.340258,0.749105,-0.029478,-0.567624,22.850508,129.465576,15.274642,0.203546,0.143954,0.5389,-0.804632,26.139179,115.064362,-6.73794,0.432905,-0.121659,0.620688,-0.642292,17.250591,134.093521,-17.351591,0.029615,0.956967,0.229657,0.174911,-9.458993,89.197525,11.058725,0.077479,0.994339,0.016787,0.070747,-8.615679,57.375134,-4.978208,-0.052062,0.965434,-0.130665,0.219441,-15.436978,12.976107,-6.972176,-0.123002,0.913997,-0.044718,0.384031,8.5676,88.853523,15.782998,-0.095586,0.731374,-0.185574,0.649244,15.35801,54.429771,22.064249,0.026106,0.903001,-0.194514,0.382194,10.810028,13.384136,39.850506,-0.052062,0.965434,-0.130665,0.219441,-9.062226,3.950834,-17.460758,0.026106,0.903001,-0.194514,0.382194,19.130632,2.603611,33.02034
600,5.0,0.00626,0.989528,0.018373,0.143031,-0.508055,89.244545,13.395074,0.01157,0.993115,0.030499,0.112507,-0.453541,96.880585,13.686631,0.01782,0.993688,0.042549,0.102258,-0.174195,114.174438,14.781607,0.037898,0.98685,-0.138662,0.073919,0.3655,134.292145,16.563686,0.061414,0.978485,-0.189981,0.051995,1.994406,147.619553,10.919576,0.043089,0.971719,0.080846,0.217647,-3.735552,128.156799,16.204109,0.335057,-0.532245,0.209701,-0.74865,-21.201746,130.460953,8.144377,0.27866,-0.028218,-0.52038,-0.806695,-12.043165,112.682236,-9.256807,-0.485299,-0.16493,0.647224,0.564255,-1.610457,131.49617,-16.919693,-0.044753,0.99103,0.115947,-0.049119,3.552103,127.828217,17.706459,0.342303,0.752218,-0.027518,-0.562351,22.754618,129.767365,16.021383,0.20076,0.147112,0.53861,-0.804955,26.285172,115.29512,-5.906989,0.427582,-0.113252,0.627109,-0.641157,17.429167,134.30191,-16.564211,0.02827,0.954788,0.223496,0.193987,-9.445286,89.408989,10.759238,0.081498,0.992178,0.01376,0.093549,-8.278767,57.382023,-4.844353,-0.045012,0.960034,-0.132583,0.242344,-15.43471,13.03215,-6.757683,-0.123109,0.905996,-0.043064,0.402692,8.429177,89.080101,16.03091,-0.093433,0.71658,-0.179078,0.667619,15.1443,54.647861,22.346529,0.027686,0.894355,-0.194081,0.402114,10.413713,13.352624,39.495995,-0.045012,0.960034,-0.132583,0.242344,-8.628973,3.958514,-16.928936,0.027686,0.894355,-0.194081,0.402114,19.072548,2.596632,33.058868
601,5.008333,0.005419,0.987171,0.016701,0.158696,-0.564378,89.427628,13.362858,0.011814,0.991168,0.029698,0.128706,-0.523135,97.064713,13.627984,0.016746,0.991865,0.042844,0.118694,-0.24961,114.368202,14.701472,0.042773,0.985861,-0.137755,0.085282,0.216077,134.486389,16.498926,0.060876,0.978225,-0.190438,0.055714,2.065156,147.810364,10.914872,0.040875,0.968346,0.078983,0.233232,-3.866336,128.348038,16.00412,0.335668,-0.528968,0.213319,-0.749677,-21.067457,130.595459,7.37818,0.281456,-0.030373,-0.517037,-0.807795,-11.805604,112.702576,-9.850479,-0.486519,-0.15865,0.645815,0.566614,-1.213825,131.399353,-17.622515,-0.049944,0.991535,0.115602,-0.031622,3.367772,128.024857,17.747156,0.344332,0.75534,-0.026957,-0.556929,22.605972,130.085297,16.75596,0.197092,0.151552,0.538567,-0.805067,26.384384,115.499603,-5.055621,0.420854,-0.105744,0.632306,-0.641786,17.590765,134.487152,-15.785795,0.027518,0.951956,0.217382,0.213935,-9.413696,89.576729,10.44462,0.085551,0.98987,0.010489,0.112825,-7.965794,57.354591,-4.727623,-0.026233,0.953696,-0.13331,0.268335,-15.474936,13.058472,-6.529322,-0.123351,0.897405,-0.040837,0.42164,8.284939,89.278526,16.281096,-0.09106,0.701219,-0.172952,0.68563,14.948919,54.837227,22.601467,0.031352,0.884932,-0.191552,0.423344,10.027318,13.308677,39.122261,-0.026233,0.953696,-0.13331,0.268335,-8.352759,3.866911,-16.372753,0.031352,0.884932,-0.191552,0.423344,19.014702,2.597372,33.07262
602,5.016667,0.004548,0.984427,0.015381,0.17506,-0.617771,89.573463,13.321124,0.01124,0.988898,0.029287,0.145245,-0.590495,97.211334,13.564709,0.015802,0.989753,0.042833,0.135296,-0.352313,114.53389,14.626743,0.047658,0.984913,-0.135474,0.096547,0.045515,134.653366,16.426174,0.061317,0.977748,-0.191726,0.059077,2.109829,147.987885,10.943656,0.038226,0.964324,0.076963,0.25039,-4.015777,128.513123,15.798697,0.335255,-0.524924,0.218479,-0.751216,-20.9035,130.688126,6.556911,0.282737,-0.032389,-0.51445,-0.80892,-11.533834,112.655769,-10.466832,-0.487506,-0.15179,0.64494,0.568639,-0.818882,131.267822,-18.316933,-0.054215,0.991931,0.113793,-0.013593,3.155978,128.193802,17.783365,0.345797,0.758624,-0.025632,-0.551595,22.408529,130.337479,17.49996,0.193359,0.154793,0.538841,-0.805172,26.446899,115.679276,-4.216231,0.415229,-0.097688,0.640108,-0.638987,17.714628,134.675262,-14.976847,0.026564,0.948286,0.212148,0.234607,-9.365457,89.7071,10.110369,0.089678,0.987344,0.006116,0.130661,-7.613052,57.321022,-4.675775,-0.006534,0.947546,-0.132403,0.290831,-15.503745,13.083405,-6.272586,-0.123709,0.888322,-0.037861,0.440621,8.129913,89.439819,16.531879,0.088673,-0.684841,0.167275,-0.703668,14.774883,54.988121,22.815477,0.033694,0.874985,-0.18929,0.444338,9.65084,13.247323,38.728649,-0.006534,0.947546,-0.132403,0.290831,-8.16656,3.78438,-15.853676,0.033694,0.874985,-0.18929,0.444338,18.966042,2.588528,33.096554
603,5.025,0.003976,0.981355,0.014245,0.191635,-0.684769,89.692879,13.274246,0.01099,0.98622,0.028665,0.162565,-0.666858,97.331329,13.499546,0.01436,0.987205,0.042923,0.152899,-0.452308,114.661499,14.543284,0.053168,0.983571,-0.133864,0.108823,-0.144654,134.78244,16.344213,0.061352,0.977344,-0.192496,0.063082,2.159436,148.115601,10.954692,0.036918,0.960032,0.075604,0.266946,-4.173125,128.636581,15.57585,0.334465,-0.520896,0.224456,-0.752609,-20.732796,130.791855,5.75401,0.283917,-0.034994,-0.511466,-0.81029,-11.28012,112.598289,-11.05091,-0.488451,-0.144106,0.644406,0.57043,-0.421919,131.115555,-18.996788,-0.058396,0.99193,0.112432,0.004943,2.923707,128.327637,17.815155,0.346583,0.762918,-0.0232,-0.54525,22.164232,130.550522,18.259527,0.18862,0.158849,0.538354,-0.805832,26.542685,115.860733,-3.369236,0.408189,-0.089942,0.644667,-0.640075,17.849434,134.845062,-14.15917,0.025622,0.944257,0.206751,0.254905,-9.319264,89.816483,9.770105,0.093734,0.984668,0.001988,0.147101,-7.286938,57.265747,-4.613158,0.004442,0.9428,-0.130983,0.306517,-15.560719,13.092014,-6.02916,-0.124325,0.878694,-0.034308,0.459635,7.949727,89.569275,16.778387,0.086414,-0.667956,0.161949,-0.721207,14.61347,55.110188,23.001299,0.037574,0.864678,-0.185157,0.465443,9.300683,13.176113,38.333855,0.004442,0.9428,-0.130983,0.306517,-8.034752,3.751993,-15.422091,0.037574,0.864678,-0.185157,0.465443,18.920341,2.586012,33.097893
604,5.033333,0.002656,0.977851,0.013375,0.208857,-0.718468,89.78968,13.217226,0.010039,0.983129,0.028795,0.180354,-0.721472,97.428635,13.425599,0.013195,0.984287,0.042539,0.170869,-0.559101,114.755585,14.471295,0.058678,0.982037,-0.132049,0.121339,-0.32802,134.879135,16.254276,0.061274,0.976913,-0.193329,0.06716,2.214933,148.210876,10.969655,0.035358,0.955515,0.073595,0.283418,-4.322529,128.729889,15.348111,0.335664,-0.518145,0.228464,-0.752768,-20.535299,130.847137,4.955822,0.285593,-0.036623,-0.508651,-0.811399,-11.027325,112.507561,-11.658095,-0.488132,-0.137767,0.644121,0.572587,-0.035247,130.935349,-19.674377,-0.062489,0.991607,0.110669,0.023721,2.688114,128.428146,17.845064,0.347073,0.766822,-0.021275,-0.53951,21.888607,130.727386,19.024445,0.182827,0.163724,0.538532,-0.806072,26.579163,116.008041,-2.518627,0.400259,-0.082321,0.649167,-0.641559,17.974735,134.993652,-13.342641,0.025502,0.939389,0.20196,0.275881,-9.224566,89.890152,9.411312,0.097815,0.981645,-0.002407,0.163708,-6.960341,57.199375,-4.615278,0.009189,0.940326,-0.129797,0.314412,-15.630698,13.096124,-5.842802,-0.12456,0.868579,-0.03015,0.478692,7.78763,89.689217,17.02314,0.084039,-0.650969,0.15708,-0.737904,14.471608,55.215191,23.140772,0.039829,0.853907,-0.182203,0.485859,8.967739,13.105011,37.913036,0.009189,0.940326,-0.129797,0.314412,-7.997415,3.750663,-15.143267,0.039829,0.853907,-0.182203,0.485859,18.879414,2.578073,33.112446
605,5.041667,0.000642,0.973938,0.014146,0.226374,-0.729443,89.810555,13.134043,0.008354,0.979676,0.028838,0.198326,-0.76883,97.449287,13.346827,0.011929,0.980988,0.042584,0.188963,-0.683005,114.829483,14.388349,0.063983,0.980176,-0.13131,0.133859,-0.535293,134.954147,16.16744,0.061797,0.97652,-0.193572,0.071556,2.242076,148.27095,10.963773,0.034307,0.950572,0.072062,0.300071,-4.488344,128.800888,15.118114,0.3339,-0.51432,0.235019,-0.754156,-20.327442,130.902344,4.161701,0.285691,-0.039671,-0.505818,-0.812992,-10.771182,112.400032,-12.242754,-0.487929,-0.130862,0.644212,0.574275,0.356372,130.743103,-20.350924,-0.065851,0.990974,0.108523,0.043093,2.425782,128.506699,17.87188,0.347331,0.771305,-0.018126,-0.53303,21.559399,130.854019,19.803459,0.176514,0.168796,0.538759,-0.806281,26.608974,116.13797,-1.660548,0.391758,-0.074452,0.653717,-0.643146,18.099564,135.134277,-12.51491,0.025729,0.933775,0.197559,0.297276,-9.093572,89.881889,9.024904,0.101947,0.978464,-0.006165,0.179381,-6.619493,57.066589,-4.671588,0.01119,0.938829,-0.128049,0.319498,-15.689392,13.040442,-5.773661,-0.12523,0.858271,-0.025749,0.497016,7.634685,89.73922,17.243181,0.081455,-0.634454,0.153015,-0.753273,14.384659,55.259598,23.255869,0.041618,0.84308,-0.178322,0.505653,8.666773,12.997622,37.504028,0.01119,0.938829,-0.128049,0.319498,-7.96632,3.72214,-15.027126,0.041618,0.84308,-0.178322,0.505653,18.860378,2.5548,33.128971
606,5.05,-7.8e-05,0.969593,0.014098,0.244316,-0.776159,89.822243,13.05621,0.007162,0.97569,0.029289,0.21707,-0.829952,97.461006,13.264842,0.010707,0.977165,0.042302,0.207954,-0.807985,114.864281,14.315516,0.069359,0.978178,-0.129496,0.14693,-0.740697,134.991043,16.075758,0.062363,0.975953,-0.194609,0.075851,2.271286,148.302322,10.989832,0.032534,0.945479,0.070762,0.316234,-4.64661,128.834198,14.880972,0.332518,-0.510779,0.240341,-0.755496,-20.104317,130.893127,3.385035,0.285707,-0.042546,-0.503384,-0.81435,-10.489692,112.261078,-12.8375,-0.487937,-0.124143,0.643437,0.576623,0.751476,130.526184,-21.032631,-0.06947,0.989878,0.107153,0.061924,2.155645,128.547318,17.90123,0.348549,0.776696,-0.01152,-0.524523,21.19367,130.954712,20.564768,0.170611,0.173353,0.538519,-0.806745,26.67535,116.281128,-0.822178,0.381737,-0.066274,0.657745,-0.645954,18.237741,135.266296,-11.687791,0.025703,0.927993,0.193209,0.31755,-8.982888,89.88504,8.640959,0.105369,0.97528,-0.00851,0.194048,-6.309418,56.94846,-4.722901,0.012966,0.938592,-0.127226,0.320452,-15.699375,12.989217,-5.815257,-0.126188,0.847614,-0.020328,0.514988,7.43057,89.759445,17.47146,0.07885,-0.61833,0.149209,-0.767585,14.309356,55.279182,23.332596,0.044991,0.831448,-0.172991,0.526064,8.394263,12.876213,37.072289,0.012966,0.938592,-0.127226,0.320452,-7.977871,3.675133,-15.074283,0.044991,0.831448,-0.172991,0.526064,18.849558,2.522796,33.122997
607,5.058333,-0.000657,0.964955,0.014543,0.262013,-0.814791,89.795723,12.970856,0.005389,0.971361,0.029372,0.235727,-0.882724,97.434288,13.182699,0.009544,0.972942,0.042644,0.226879,-0.941664,114.855644,14.222905,0.073304,0.975872,-0.129436,0.159832,-0.957383,134.982178,15.986914,0.063985,0.97542,-0.194623,0.081141,2.252991,148.2733,10.970077,0.031191,0.939915,0.069619,0.332775,-4.80948,128.822708,14.640564,0.329839,-0.506585,0.246495,-0.757508,-19.854542,130.856323,2.605328,0.284736,-0.045577,-0.501538,-0.815664,-10.172556,112.097359,-13.429787,-0.488279,-0.117444,0.642769,0.578479,1.153491,130.30513,-21.703123,-0.072873,0.988493,0.105587,0.080142,1.870542,128.540268,17.922709,0.348693,0.782344,-0.006812,-0.516048,20.789516,131.003525,21.290375,0.160307,0.18144,0.538522,-0.807078,26.733416,116.353569,0.01097,0.367128,-0.057406,0.657541,-0.655409,18.437546,135.35408,-10.893926,0.024611,0.923929,0.190416,0.330894,-8.854499,89.854919,8.25828,0.108893,0.972782,-0.011167,0.204237,-5.983783,56.838047,-4.864376,0.016026,0.938803,-0.126995,0.319789,-15.71492,12.951406,-5.887492,-0.127493,0.836973,-0.014591,0.531987,7.224916,89.736534,17.683432,0.076107,-0.602551,0.146069,-0.7809,14.278737,55.265587,23.389248,0.04592,0.820467,-0.168469,0.544374,8.145012,12.740996,36.648792,0.016026,0.938803,-0.126995,0.319789,-8.052656,3.615875,-15.174088,0.04592,0.820467,-0.168469,0.544374,18.848303,2.489558,33.120216
608,5.066667,-0.00138,0.959971,0.015597,0.27966,-0.842226,89.7332,12.876712,0.003267,0.966665,0.029656,0.254301,-0.929142,97.371254,13.099651,0.008419,0.968371,0.042671,0.245694,-1.082319,114.81192,14.130438,0.078396,0.973732,-0.126389,0.172411,-1.176514,134.939178,15.883695,0.065495,0.974693,-0.196257,0.08466,2.24725,148.235901,11.025253,0.029765,0.934399,0.06865,0.348281,-4.970422,128.777161,14.391692,0.325741,-0.501879,0.253311,-0.76016,-19.609686,130.781235,1.861246,0.283046,-0.049541,-0.499915,-0.817016,-9.856709,111.904228,-13.991274,-0.488415,-0.111884,0.641688,0.580663,1.553015,130.076096,-22.375557,-0.075995,0.986721,0.104192,0.098739,1.577453,128.499542,17.930508,0.347587,0.78864,-0.002087,-0.507174,20.349512,131.006439,22.012384,0.147897,0.191482,0.537716,-0.807665,26.815649,116.416573,0.844271,0.349075,-0.047216,0.65685,-0.666682,18.660181,135.424179,-10.119361,0.024756,0.918707,0.187593,0.346662,-8.703742,89.78981,7.872498,0.111345,0.970926,-0.014084,0.21144,-5.689063,56.697357,-5.025579,0.011406,0.939964,-0.126661,0.316693,-15.678823,12.865904,-5.913055,-0.12903,0.82625,-0.008777,0.548257,7.019289,89.676598,17.880926,0.073194,-0.587417,0.143577,-0.793076,14.276497,55.224072,23.441072,0.04584,0.809978,-0.163992,0.561196,7.9031,12.595457,36.245762,0.011406,0.939964,-0.126661,0.316693,-8.012585,3.574759,-15.240796,0.04584,0.809978,-0.163992,0.561196,18.836536,2.456342,33.121395
609,5.075,-0.002679,0.954929,0.016986,0.296336,-0.86901,89.615387,12.799281,0.001591,0.961701,0.029423,0.272512,-0.985031,97.25267,13.03505,0.006842,0.963456,0.042449,0.264394,-1.212143,114.724098,14.040692,0.082018,0.971345,-0.124456,0.18513,-1.399284,134.853104,15.766367,0.067691,0.973951,-0.197082,0.089417,2.200218,148.148941,11.034211,0.029028,0.928683,0.068927,0.363256,-5.124839,128.684586,14.135372,0.32597,-0.499384,0.25598,-0.760811,-19.352909,130.699295,1.141547,0.283866,-0.051573,-0.497656,-0.817985,-9.539548,111.742912,-14.57843,-0.487757,-0.106943,0.640705,0.583227,1.967987,129.828827,-23.03335,-0.078984,0.984593,0.102915,0.117246,1.281302,128.419205,17.925608,0.347031,0.795055,0.004823,-0.497427,19.880537,130.96492,22.713535,0.134985,0.20195,0.536789,-0.807993,26.886284,116.4636,1.656565,0.328345,-0.036727,0.655267,-0.679313,18.88199,135.481995,-9.368129,0.025506,0.912565,0.186176,0.363199,-8.551405,89.66153,7.524106,0.114182,0.968651,-0.017779,0.219914,-5.390165,56.534012,-5.248258,0.012439,0.939608,-0.124729,0.318473,-15.688097,12.770685,-5.957699,-0.130409,0.814895,-0.002534,0.564742,6.813386,89.569244,18.074455,0.070429,-0.573013,0.141577,-0.804147,14.287303,55.137192,23.471972,0.045923,0.799753,-0.157846,0.577383,7.678339,12.421584,35.860573,0.012439,0.939608,-0.124729,0.318473,-7.988228,3.516206,-15.294186,0.045923,0.799753,-0.157846,0.577383,18.836487,2.420813,33.106728
610,5.083333,-0.002417,0.949251,0.019476,0.313906,-0.889294,89.515663,12.673882,-0.000536,0.956436,0.03011,0.290384,-1.017799,97.151581,12.944847,0.005612,0.958358,0.04283,0.282284,-1.341511,114.606308,13.946554,0.085661,0.96894,-0.122159,0.197219,-1.612705,134.734619,15.66914,0.069925,0.973097,-0.198545,0.093666,2.154491,148.032211,11.074438,0.027997,0.922748,0.069363,0.378076,-5.268793,128.562943,13.898865,0.322095,-0.495176,0.261285,-0.763404,-19.073435,130.580078,0.456417,0.282061,-0.055601,-0.496021,-0.819337,-9.183706,111.548233,-15.1239,-0.486574,-0.101728,0.641109,0.584702,2.395932,129.582108,-23.684175,-0.082644,0.982086,0.102195,0.135034,0.991889,128.302719,17.925165,0.345311,0.80149,0.009979,-0.488134,19.394321,130.912857,23.390882,0.121342,0.212608,0.535442,-0.808317,26.948866,116.497299,2.465186,0.307171,-0.025984,0.655813,-0.689116,19.083382,135.542038,-8.615791,0.02575,0.907093,0.183864,0.377773,-8.371875,89.586845,7.119178,0.116536,0.966541,-0.021925,0.227459,-5.085307,56.399227,-5.46411,0.014822,0.939981,-0.122576,0.318107,-15.663078,12.699551,-5.942123,-0.132683,0.804144,0.003134,0.579428,6.593286,89.444473,18.228584,0.067267,-0.560345,0.139946,-0.813575,14.329119,55.055321,23.529711,0.044859,0.790296,-0.152938,0.591634,7.479857,12.25926,35.503181,0.014822,0.939981,-0.122576,0.318107,-7.995275,3.473622,-15.333098,0.044859,0.790296,-0.152938,0.591634,18.83444,2.388325,33.107059
611,5.091667,-0.002737,0.943746,0.021938,0.329932,-0.912254,89.372551,12.570879,-0.002762,0.951148,0.030557,0.307207,-1.062355,97.006882,12.873501,0.004635,0.953183,0.042979,0.299288,-1.482386,114.454628,13.859965,0.088743,0.966331,-0.12088,0.209089,-1.823613,134.582825,15.57139,0.071846,0.972266,-0.199434,0.098804,2.097192,147.873474,11.086421,0.02713,0.916797,0.069453,0.39233,-5.41165,128.409515,13.672235,0.318804,-0.491515,0.265211,-0.765794,-18.792645,130.429092,-0.191633,0.27965,-0.05985,-0.493886,-0.821152,-8.820972,111.353027,-15.665281,-0.4828,-0.096512,0.641558,0.588212,2.847714,129.320663,-24.319035,-0.086165,0.979268,0.101738,0.152508,0.701876,128.152084,17.918821,0.343725,0.80805,0.016571,-0.478157,18.886602,130.820328,24.045225,0.109006,0.222733,0.533822,-0.808419,27.010178,116.514458,3.257884,0.286274,-0.016011,0.657128,-0.697118,19.270191,135.570877,-7.88937,0.026343,0.901531,0.182896,0.391275,-8.202488,89.459312,6.766241,0.118869,0.964129,-0.026622,0.235831,-4.793873,56.2486,-5.723321,0.015941,0.940238,-0.120314,0.318155,-15.66471,12.618801,-5.936123,-0.134871,0.79319,0.008898,0.593785,6.377979,89.285789,18.375515,0.064835,-0.549063,0.138826,-0.821617,14.381073,54.943298,23.581572,0.042071,0.782753,-0.147543,0.603124,7.324997,12.090286,35.226761,0.015941,0.940238,-0.120314,0.318155,-8.00031,3.435242,-15.371304,0.042071,0.782753,-0.147543,0.603124,18.873211,2.379683,33.118118
612,5.1,-0.002842,0.93827,0.02399,0.345058,-0.952419,89.219536,12.478107,-0.003781,0.94567,0.030501,0.323673,-1.119693,96.852417,12.807142,0.003356,0.947695,0.043607,0.316168,-1.589433,114.28479,13.771917,0.092845,0.963249,-0.12061,0.221325,-2.018015,134.411194,15.484677,0.072507,0.971505,-0.200088,0.104332,2.089832,147.677124,11.094963,0.025581,0.910976,0.070108,0.405652,-5.528027,128.234711,13.454609,0.315609,-0.488333,0.267829,-0.768238,-18.500298,130.239594,-0.794494,0.276178,-0.064455,-0.491966,-0.823129,-8.437281,111.15905,-16.203346,-0.477482,-0.089129,0.643771,0.591291,3.301693,129.063797,-24.940884,-0.08969,0.976168,0.100894,0.16992,0.430885,127.981949,17.915821,0.341225,0.814243,0.021456,-0.469163,18.374054,130.710098,24.693447,0.097456,0.231842,0.532576,-0.808155,27.040154,116.512917,4.051189,0.269547,-0.007072,0.658513,-0.702606,19.431385,135.595093,-7.14399,0.026623,0.896226,0.182537,0.403423,-8.052337,89.32412,6.442463,0.120466,0.961731,-0.031267,0.244098,-4.50359,56.105125,-5.985859,0.018465,0.940734,-0.117788,0.317497,-15.608684,12.533892,-5.926092,-0.137244,0.783282,0.014323,0.606158,6.147499,89.114944,18.513752,0.062017,-0.537398,0.137462,-0.829736,14.43011,54.827469,23.644661,0.03938,0.775261,-0.143075,0.613962,7.170208,11.908421,34.915352,0.018465,0.940734,-0.117788,0.317497,-7.982562,3.386751,-15.427425,0.03938,0.775261,-0.143075,0.613962,18.885971,2.340631,33.098331
613,5.108333,-0.002848,0.932877,0.026111,0.359237,-1.001727,89.045044,12.389781,-0.004494,0.940279,0.03073,0.338984,-1.185696,96.6763,12.746432,0.001913,0.942313,0.043806,0.33185,-1.696969,114.100601,13.702133,0.095201,0.960781,-0.11801,0.232186,-2.211528,134.226608,15.395774,0.074813,0.9704,-0.202397,0.108454,2.012225,147.502289,11.147809,0.024102,0.905045,0.07107,0.418643,-5.643117,128.044708,13.251328,0.314548,-0.486354,0.268656,-0.769638,-18.203304,130.042725,-1.363255,0.272613,-0.069085,-0.489563,-0.825371,-8.061568,110.969032,-16.728901,-0.469658,-0.081007,0.645326,0.597004,3.763445,128.793793,-25.54262,-0.093127,0.972904,0.100567,0.186204,0.164533,127.8013,17.908249,0.338165,0.820717,0.0254,-0.459807,17.858654,130.58638,25.290525,0.086737,0.239594,0.530388,-0.808554,27.095789,116.4907,4.827112,0.255334,0.002694,0.660935,-0.705664,19.553133,135.575058,-6.383917,0.027553,0.889927,0.182795,0.416961,-7.915518,89.170364,6.142173,0.122403,0.96026,-0.035291,0.248339,-4.229972,55.961643,-6.273827,0.017145,0.941077,-0.116483,0.317035,-15.58818,12.456796,-5.959839,-0.140075,0.774413,0.019639,0.616667,5.912063,88.919739,18.63739,0.059759,-0.53051,0.137338,-0.834342,14.508702,54.701115,23.71114,0.037775,0.770746,-0.138483,0.620763,7.055054,11.754274,34.747055,0.017145,0.941077,-0.116483,0.317035,-7.945546,3.350526,-15.487133,0.037775,0.770746,-0.138483,0.620763,18.891014,2.306691,33.086758
614,5.116667,-0.003238,0.92798,0.028014,0.371561,-1.057545,88.843605,12.304528,-0.004845,0.935032,0.030417,0.353222,-1.262551,96.473244,12.683455,0.00092,0.9369,0.044836,0.346709,-1.795471,113.885818,13.616094,0.09771,0.958001,-0.117012,0.24289,-2.388789,134.008255,15.326362,0.076311,0.969349,-0.204117,0.113469,1.961324,147.275452,11.180636,0.021858,0.899107,0.073276,0.430998,-5.742926,127.825905,13.063896,0.310365,-0.483177,0.271035,-0.772498,-17.900372,129.811096,-1.889102,0.266284,-0.075393,-0.487285,-0.828229,-7.663392,110.759369,-17.218813,-0.460275,-0.071814,0.646983,0.603658,4.236208,128.524521,-26.122263,-0.09691,0.969423,0.099814,0.20215,-0.085424,127.581512,17.902067,0.337121,0.827103,0.034239,-0.448418,17.340887,130.43988,25.870127,0.079518,0.244985,0.528915,-0.808646,27.163855,116.470322,5.593902,0.244704,0.011745,0.662306,-0.708048,19.684362,135.526352,-5.616453,0.02814,0.88414,0.18356,0.428732,-7.803432,88.981606,5.876248,0.124967,0.958903,-0.039297,0.251683,-3.96675,55.795216,-6.553671,0.015093,0.940968,-0.114958,0.318019,-15.632407,12.374276,-5.993402,-0.143255,0.767341,0.024299,0.62456,5.688342,88.705597,18.732807,0.05766,-0.524549,0.137487,-0.838225,14.606854,54.565811,23.781956,0.037685,0.766904,-0.133551,0.62658,6.96301,11.600473,34.613895,0.015093,0.940968,-0.114958,0.318019,-7.929648,3.321174,-15.522946,0.037685,0.766904,-0.133551,0.62658,18.892843,2.252609,33.06472
615,5.125,-0.004223,0.923103,0.030686,0.383303,-1.088232,88.640526,12.197694,-0.005685,0.929861,0.030996,0.366559,-1.327575,96.267662,12.605887,0.000342,0.93162,0.045815,0.360534,-1.9082,113.670799,13.538404,0.099477,0.955438,-0.115507,0.252787,-2.562788,133.789688,15.268059,0.078711,0.968046,-0.206702,0.118177,1.88406,147.058121,11.230345,0.019594,0.892845,0.074488,0.443729,-5.845103,127.609993,12.89566,0.306308,-0.480327,0.273015,-0.775193,-17.574686,129.568527,-2.398703,0.258991,-0.081469,-0.485092,-0.831248,-7.249219,110.546913,-17.706451,-0.449573,-0.062392,0.648125,0.611494,4.713464,128.260788,-26.669809,-0.10011,0.965934,0.099499,0.21691,-0.333243,127.3592,17.898808,0.333676,0.833478,0.036806,-0.438885,16.828985,130.26976,26.403093,0.069166,0.252402,0.526989,-0.808574,27.222952,116.38092,6.357399,0.234233,0.02129,0.663149,-0.710574,19.824451,135.447281,-4.864629,0.028783,0.878621,0.184238,0.439605,-7.668778,88.787094,5.600442,0.126869,0.958287,-0.043169,0.252441,-3.697766,55.621101,-6.841689,0.011699,0.94166,-0.112993,0.316815,-15.610951,12.271932,-6.00164,-0.145834,0.760323,0.028683,0.632312,5.492315,88.49395,18.794945,0.056787,-0.521517,0.138293,-0.840042,14.689994,54.42387,23.814047,0.034372,0.766281,-0.131664,0.627931,6.906128,11.469534,34.58976,0.011699,0.94166,-0.112993,0.316815,-7.874353,3.292376,-15.573265,0.034372,0.766281,-0.131664,0.627931,18.911379,2.21221,33.080021
616,5.133333,-0.005669,0.918565,0.033224,0.39383,-1.113889,88.43396,12.098439,-0.005973,0.924888,0.031744,0.378865,-1.393464,96.058395,12.530751,-0.000757,0.926488,0.046416,0.373449,-2.005072,113.445412,13.474994,0.100346,0.952957,-0.11388,0.262365,-2.733827,133.562027,15.201248,0.081728,0.966553,-0.209471,0.12336,1.781351,146.838684,11.26774,0.017035,0.886955,0.076708,0.455122,-5.940709,127.380058,12.733552,0.302985,-0.477605,0.273414,-0.778035,-17.277126,129.318237,-2.857015,0.25263,-0.087299,-0.48257,-0.834076,-6.824946,110.367378,-18.166533,-0.438811,-0.053156,0.649226,0.618971,5.203162,128.000137,-27.191908,-0.10357,0.962292,0.099504,0.231013,-0.570064,127.132294,17.888138,0.330689,0.839823,0.039971,-0.428655,16.320095,130.103363,26.901012,0.05897,0.26013,0.525,-0.808227,27.289795,116.287231,7.113525,0.223191,0.031002,0.663475,-0.713461,19.982239,135.359009,-4.133855,0.029438,0.873835,0.185579,0.44845,-7.541691,88.580772,5.35228,0.128529,0.957163,-0.047657,0.255046,-3.44261,55.452835,-7.149551,0.011386,0.942039,-0.110566,0.316556,-15.598912,12.178466,-5.995316,-0.148417,0.7552,0.032716,0.637632,5.313912,88.28714,18.844599,0.056314,-0.520992,0.14024,-0.840077,14.791548,54.288883,23.829763,0.032537,0.767258,-0.128761,0.627437,6.835295,11.378521,34.654652,0.011386,0.942039,-0.110566,0.316556,-7.850838,3.257841,-15.612653,0.032537,0.767258,-0.128761,0.627437,18.896008,2.201886,33.095161
617,5.141667,-0.007324,0.914275,0.035811,0.403442,-1.13227,88.228508,11.991512,-0.00644,0.92023,0.033062,0.389925,-1.45543,95.849884,12.446753,-0.001556,0.921713,0.047095,0.385,-2.110754,113.223099,13.418847,0.102906,0.950256,-0.112482,0.27161,-2.901361,133.337082,15.148643,0.083428,0.965065,-0.212571,0.128467,1.725282,146.607895,11.326507,0.014453,0.880874,0.078994,0.466489,-6.039647,127.154991,12.594549,0.299528,-0.474765,0.274057,-0.78088,-16.973322,129.076141,-3.283128,0.247047,-0.09263,-0.480241,-0.836514,-6.396409,110.190048,-18.587008,-0.430008,-0.044228,0.650116,0.624888,5.698894,127.759743,-27.683168,-0.106814,0.958654,0.098625,0.244636,-0.799536,126.906273,17.881737,0.328114,0.846005,0.043947,-0.417954,15.813109,129.939041,27.376947,0.048667,0.269051,0.522678,-0.807496,27.353079,116.195442,7.865238,0.209283,0.040842,0.66342,-0.717221,20.154684,135.260239,-3.447903,0.030266,0.868858,0.187219,0.457296,-7.416826,88.372978,5.111664,0.130317,0.956686,-0.051908,0.255097,-3.188078,55.292141,-7.471468,0.010826,0.94236,-0.108508,0.316334,-15.590464,12.097454,-5.995162,-0.150991,0.751912,0.036267,0.640714,5.152287,88.084038,18.871361,0.056278,-0.524489,0.142442,-0.837529,14.902523,54.158188,23.824047,0.031978,0.769057,-0.125903,0.625841,6.828567,11.303419,34.781235,0.010826,0.94236,-0.108508,0.316334,-7.828516,3.229464,-15.64992,0.031978,0.769057,-0.125903,0.625841,18.919769,2.183755,33.126534
618,5.15,-0.009132,0.910237,0.038059,0.412234,-1.14891,88.027954,11.900745,-0.005861,0.91567,0.034213,0.40043,-1.515741,95.646339,12.372676,-0.002967,0.916942,0.047515,0.396169,-2.179034,112.998405,13.380877,0.103987,0.947867,-0.110484,0.280228,-3.049596,133.110519,15.093878,0.086044,0.963446,-0.216089,0.132945,1.639724,146.391373,11.384659,0.012167,0.875453,0.080459,0.476403,-6.112962,126.923027,12.463071,0.295851,-0.471753,0.274229,-0.784041,-16.686773,128.820969,-3.65923,0.241571,-0.098033,-0.477765,-0.838912,-5.963717,110.021591,-18.968166,-0.421034,-0.036379,0.650081,0.631508,6.202478,127.523788,-28.141642,-0.110307,0.955042,0.097567,0.257308,-1.002919,126.683151,17.876465,0.325874,0.851773,0.047065,-0.407522,15.333851,129.792358,27.815226,0.037729,0.27888,0.520283,-0.806293,27.408064,116.092659,8.598159,0.194091,0.051446,0.662555,-0.721597,20.343784,135.15921,-2.79932,0.031105,0.864262,0.188818,0.465221,-7.299252,88.165451,4.900519,0.131812,0.955159,-0.056477,0.25905,-2.953458,55.131161,-7.764749,0.00965,0.942746,-0.10637,0.315945,-15.591283,12.016254,-5.984261,-0.153528,0.750814,0.03963,0.6412,5.001431,87.890457,18.900972,0.056313,-0.531344,0.145332,-0.832695,15.030614,54.037888,23.797695,0.033556,0.771395,-0.121796,0.62369,6.838493,11.25828,34.958954,0.00965,0.942746,-0.10637,0.315945,-7.809943,3.208078,-15.67808,0.033556,0.771395,-0.121796,0.62369,18.941147,2.182266,33.15477
619,5.158333,-0.011168,0.906605,0.040034,0.419928,-1.157561,87.832664,11.833749,-0.006963,0.911538,0.035671,0.409606,-1.569239,95.448067,12.316791,-0.003009,0.912705,0.04762,0.405823,-2.29993,112.83374,13.350961,0.105763,0.945435,-0.109529,0.288046,-3.191787,132.945435,15.057865,0.088316,0.961756,-0.219798,0.13753,1.58039,146.221024,11.436515,0.009292,0.869814,0.081216,0.48656,-6.20355,126.761833,12.359238,0.293878,-0.468925,0.274041,-0.786541,-16.400757,128.606155,-4.009998,0.238124,-0.102857,-0.475147,-0.840805,-5.531206,109.871689,-19.295177,-0.413205,-0.029542,0.650293,0.636795,6.715467,127.289772,-28.567427,-0.1127,0.951566,0.096007,0.269451,-1.208835,126.514862,17.87891,0.324292,0.85719,0.050145,-0.39692,14.859422,129.667831,28.232962,0.027165,0.289185,0.517794,-0.804688,27.44038,115.984795,9.331692,0.178473,0.06281,0.661224,-0.725937,20.528189,135.044464,-2.172791,0.031977,0.859482,0.191156,0.472999,-7.187797,87.957291,4.729559,0.134008,0.953986,-0.061075,0.261196,-2.701339,54.990261,-8.061277,0.008723,0.942635,-0.10514,0.316717,-15.632547,11.97646,-5.96938,-0.155599,0.751826,0.042596,0.639321,4.872675,87.708038,18.937939,0.056561,-0.539897,0.148341,-0.826624,15.15377,53.918476,23.746634,0.031912,0.774692,-0.120652,0.619901,6.872737,11.220837,35.153442,0.008723,0.942635,-0.10514,0.316717,-7.814488,3.205678,-15.66756,0.031912,0.774692,-0.120652,0.619901,18.98571,2.185772,33.217758
620,5.166667,-0.012887,0.903229,0.041416,0.426961,-1.170018,87.652069,11.781036,-0.007049,0.907557,0.037463,0.418195,-1.618174,95.265114,12.26867,-0.004177,0.908585,0.046854,0.415042,-2.38777,112.654305,13.351729,0.107309,0.94305,-0.107737,0.29586,-3.326875,132.7686,15.001848,0.090528,0.960012,-0.223644,0.142002,1.514539,146.048401,11.489515,0.00763,0.864892,0.081392,0.495257,-6.279331,126.57785,12.254468,0.291454,-0.465527,0.273482,-0.78965,-16.146793,128.395432,-4.318582,0.235221,-0.107931,-0.472373,-0.842547,-5.09267,109.751976,-19.582649,-0.405803,-0.024364,0.64959,0.642466,7.227331,127.059761,-28.968166,-0.115651,0.948098,0.09458,0.280695,-1.397474,126.344704,17.874796,0.323346,0.862152,0.052799,-0.386462,14.405012,129.56459,28.61026,0.017364,0.29919,0.515644,-0.80268,27.452791,115.866043,10.0396,0.164653,0.074335,0.659167,-0.729974,20.712854,134.916824,-1.57148,0.032281,0.855698,0.192958,0.479068,-7.08847,87.764702,4.583257,0.135728,0.952909,-0.064519,0.263401,-2.46764,54.848419,-8.290173,0.008715,0.942795,-0.103523,0.316773,-15.626903,11.915218,-5.976335,-0.157719,0.755333,0.045298,0.634465,4.748434,87.539436,18.978817,0.056862,-0.549351,0.151714,-0.819734,15.290091,53.814171,23.673399,0.03506,0.777241,-0.118842,0.616882,6.915268,11.210635,35.360153,0.008715,0.942795,-0.103523,0.316773,-7.799301,3.182562,-15.701187,0.03506,0.777241,-0.118842,0.616882,18.985291,2.152003,33.272316
621,5.175,-0.013812,0.89981,0.042687,0.433969,-1.171882,87.50489,11.728523,-0.007565,0.903664,0.03958,0.426342,-1.644954,95.115921,12.223956,-0.005446,0.904628,0.046093,0.423668,-2.472067,112.501251,13.359144,0.108885,0.940675,-0.106242,0.303293,-3.460226,132.617905,14.950797,0.092905,0.95825,-0.227387,0.146361,1.45011,145.89856,11.538754,0.006419,0.860249,0.080917,0.503372,-6.354251,126.419006,12.159966,0.289778,-0.461696,0.273054,-0.792658,-15.908376,128.211182,-4.598412,0.233102,-0.113077,-0.469648,-0.843983,-4.653483,109.642326,-19.806601,-0.398637,-0.019879,0.648643,0.648039,7.740537,126.84021,-29.330925,-0.117632,0.944763,0.092376,0.291637,-1.580344,126.2015,17.872887,0.321559,0.867028,0.052311,-0.376997,13.961565,129.463776,28.96987,0.007813,0.308811,0.513325,-0.80067,27.45359,115.727554,10.747759,0.15403,0.085677,0.658653,-0.731513,20.872807,134.77977,-0.968018,0.03218,0.852277,0.194688,0.484442,-6.977426,87.618515,4.439384,0.137633,0.951637,-0.067831,0.266162,-2.208949,54.749561,-8.500953,0.008522,0.942797,-0.103639,0.316733,-15.611073,11.902624,-5.990336,-0.159449,0.76006,0.047422,0.6282,4.633662,87.391258,19.017664,0.057245,-0.559555,0.154742,-0.812204,15.39706,53.719139,23.58894,0.037309,0.779804,-0.116676,0.613922,6.975254,11.202985,35.556774,0.008522,0.942797,-0.103639,0.316733,-7.782169,3.168872,-15.713156,0.037309,0.779804,-0.116676,0.613922,19.017761,2.143139,33.320568
622,5.183333,-0.016022,0.897197,0.043456,0.439195,-1.171603,87.327667,11.716169,-0.007933,0.900183,0.040574,0.433545,-1.682998,94.936684,12.204505,-0.006841,0.900876,0.045518,0.431629,-2.54768,112.358116,13.3612,0.109936,0.938385,-0.104961,0.310372,-3.590588,132.476212,14.898843,0.095688,0.956404,-0.230927,0.15102,1.373559,145.759338,11.575426,0.005353,0.855934,0.080225,0.510796,-6.426478,126.268433,12.068352,0.289277,-0.457826,0.271922,-0.79547,-15.689325,128.033768,-4.855591,0.23195,-0.117679,-0.467224,-0.845016,-4.213051,109.543564,-19.994013,0.392511,0.015445,-0.647085,-0.653435,8.240067,126.629242,-29.655519,-0.119863,0.941476,0.09016,0.301873,-1.754263,126.067566,17.865335,0.321069,0.871473,0.053634,-0.366843,13.531733,129.385544,29.296259,0.000889,0.316847,0.51156,-0.798695,27.440907,115.593735,11.433302,0.146179,0.095676,0.657623,-0.73281,21.012915,134.624298,-0.382502,0.031291,0.850189,0.196987,0.487233,-6.890869,87.415466,4.358785,0.140183,0.950255,-0.071244,0.268866,-1.945122,54.606689,-8.667435,0.008001,0.942716,-0.10231,0.317421,-15.647033,11.866146,-5.968713,-0.160815,0.766437,0.048823,0.619944,4.547663,87.239876,19.073553,0.057666,-0.569188,0.157735,-0.804872,15.492212,53.608555,23.513193,0.039179,0.78255,-0.114801,0.610657,7.026914,11.180848,35.760967,0.008001,0.942716,-0.10231,0.317421,-7.788715,3.168686,-15.70033,0.039179,0.78255,-0.114801,0.610657,19.040581,2.121028,33.374569
623,5.191667,-0.017394,0.894456,0.044154,0.44463,-1.158303,87.195442,11.702352,-0.009174,0.896545,0.041805,0.440881,-1.696132,94.802818,12.187756,-0.007426,0.897003,0.04555,0.439609,-2.628365,112.225487,13.357094,0.110826,0.936002,-0.104507,0.317326,-3.70664,132.343124,14.876172,0.097921,0.954612,-0.23418,0.155843,1.312291,145.621918,11.618425,0.003611,0.8517,0.079554,0.517943,-6.489244,126.134239,11.995658,0.287554,-0.453463,0.271339,-0.798786,-15.467834,127.84996,-5.085845,0.229762,-0.122289,-0.465049,-0.846159,-3.763973,109.444962,-20.153698,0.386122,0.011341,-0.645273,-0.659093,8.729916,126.429832,-29.930443,-0.121349,0.938368,0.086799,0.31178,-1.920716,125.935173,17.874765,0.320668,0.875773,0.05662,-0.356352,13.115827,129.298752,29.618927,-0.003548,0.323633,0.509809,-0.797084,27.440878,115.47892,12.109793,0.14001,0.104016,0.657998,-0.732541,21.135033,134.46402,0.176603,0.03047,0.848297,0.198012,0.490158,-6.78717,87.271378,4.275446,0.142301,0.949075,-0.073489,0.271304,-1.710636,54.487854,-8.764032,0.007166,0.942796,-0.10142,0.317489,-15.648882,11.830351,-5.963648,-0.161782,0.772776,0.04938,0.611724,4.470564,87.119507,19.129255,0.058205,-0.578136,0.160191,-0.797941,15.536748,53.514324,23.464083,0.040473,0.785414,-0.112941,0.607233,7.06796,11.162442,35.969181,0.007166,0.942796,-0.10142,0.317489,-7.772625,3.161181,-15.706003,0.040473,0.785414,-0.112941,0.607233,19.058067,2.11218,33.432743
624,5.2,-0.018721,0.891666,0.045482,0.450013,-1.127762,87.087944,11.677846,-0.010849,0.89328,0.043652,0.447245,-1.695711,94.692764,12.168913,-0.008722,0.893682,0.045019,0.446352,-2.718355,112.12468,13.364032,0.112023,0.933668,-0.103828,0.323935,-3.845295,132.243423,14.832427,0.100669,0.952682,-0.237371,0.160989,1.232096,145.5177,11.647687,0.003182,0.847722,0.078649,0.524568,-6.575999,126.02607,11.920667,0.287935,-0.448987,0.270351,-0.801508,-15.287089,127.729164,-5.300045,0.229443,-0.126299,-0.462714,-0.846936,-3.340671,109.386208,-20.252739,0.38051,0.006666,-0.644307,-0.663352,9.212244,126.261269,-30.163649,-0.12249,0.935513,0.085486,0.320161,-2.096771,125.842857,17.868599,0.319913,0.879995,0.056732,-0.346477,12.723761,129.222458,29.879704,-0.00885,0.330411,0.50775,-0.795575,27.442472,115.338531,12.751945,0.134545,0.112037,0.658315,-0.732098,21.245922,134.29306,0.716112,0.029546,0.846717,0.198107,0.492901,-6.665976,87.158295,4.183043,0.144407,0.948278,-0.075057,0.272548,-1.48821,54.373516,-8.813403,0.00641,0.942959,-0.100387,0.317348,-15.642467,11.791247,-5.952138,-0.162621,0.779931,0.048374,0.60243,4.410451,87.017586,19.172647,0.058322,-0.586519,0.161854,-0.791453,15.529879,53.424801,23.467123,0.040804,0.787943,-0.11085,0.604312,7.086224,11.122304,36.155056,0.00641,0.942959,-0.100387,0.317348,-7.753368,3.152924,-15.711485,0.040804,0.787943,-0.11085,0.604312,19.071182,2.102491,33.489117
625,5.208333,-0.020548,0.889309,0.046392,0.454484,-1.090793,86.987213,11.678816,-0.012172,0.890183,0.044378,0.453273,-1.692314,94.589668,12.166635,-0.009957,0.890354,0.045205,0.452909,-2.775566,112.015427,13.356185,0.112404,0.931433,-0.103426,0.330306,-3.961069,132.132553,14.800297,0.103189,0.950746,-0.240385,0.166282,1.154068,145.405899,11.672553,0.001714,0.843497,0.078649,0.531343,-6.636957,125.909195,11.850746,0.286795,-0.444253,0.270668,-0.804442,-15.071148,127.584457,-5.50997,0.226946,-0.130457,-0.461048,-0.847886,-2.909622,109.285019,-20.342108,0.373703,0.002374,-0.642955,-0.668542,9.669118,126.090881,-30.354368,-0.123972,0.932574,0.083165,0.328664,-2.245914,125.736259,17.864382,0.31947,0.883766,0.057258,-0.337073,12.346713,129.15686,30.140013,-0.012982,0.336977,0.505936,-0.793919,27.421242,115.210831,13.376019,0.129331,0.119386,0.659594,-0.730724,21.344597,134.122009,1.222476,0.028735,0.845222,0.1982,0.49547,-6.552301,87.039604,4.127789,0.146441,0.947737,-0.076213,0.273024,-1.282906,54.254066,-8.829871,0.007002,0.943116,-0.09856,0.317442,-15.6351,11.740726,-5.929898,-0.16171,0.784978,0.047452,0.59616,4.370716,86.934822,19.229841,0.059521,-0.592958,0.16286,-0.786343,15.436903,53.314686,23.447073,0.040878,0.7905,-0.107915,0.601493,7.094209,11.054296,36.340405,0.007002,0.943116,-0.09856,0.317442,-7.7433,3.140558,-15.72071,0.040878,0.7905,-0.107915,0.601493,19.08638,2.085692,33.537647
626,5.216667,-0.021734,0.886973,0.047077,0.458901,-1.054875,86.889137,11.687197,-0.014018,0.887276,0.044786,0.458845,-1.679682,94.489845,12.172939,-0.010698,0.887307,0.045248,0.45883,-2.8337,111.904381,13.338046,0.112576,0.929457,-0.102168,0.336153,-4.056184,132.020737,14.76201,0.105422,0.948857,-0.243507,0.17106,1.080681,145.302887,11.708158,-0.001458,0.838087,0.081271,0.539447,-6.686901,125.794426,11.778241,0.286411,-0.440609,0.271803,-0.806198,-14.784849,127.445808,-5.744105,0.223905,-0.132921,-0.460108,-0.848822,-2.485029,109.137024,-20.450123,0.366806,-0.001283,-0.641936,-0.673328,10.119321,125.93927,-30.502665,-0.125539,0.92949,0.081081,0.337216,-2.376492,125.626564,17.850075,0.31986,0.887119,0.061388,-0.327017,11.980331,129.088425,30.38936,-0.014612,0.342425,0.504564,-0.792431,27.395695,115.108322,13.967198,0.124559,0.126185,0.661418,-0.728758,21.43042,133.951981,1.680707,0.02752,0.844431,0.198407,0.496803,-6.44025,86.932495,4.081629,0.148338,0.947769,-0.077105,0.271633,-1.069964,54.147919,-8.836987,0.004382,0.943811,-0.097574,0.315724,-15.596479,11.697146,-5.888797,-0.160573,0.789489,0.04603,0.590597,4.330501,86.845779,19.292765,0.060103,-0.599436,0.163266,-0.781287,15.305984,53.190033,23.462742,0.038458,0.79286,-0.106147,0.598854,7.074902,10.947794,36.486641,0.004382,0.943811,-0.097574,0.315724,-7.700806,3.141835,-15.715718,0.038458,0.79286,-0.106147,0.598854,19.095827,2.047869,33.589729
627,5.225,-0.022975,0.884984,0.04737,0.462635,-1.029252,86.797859,11.711247,-0.015564,0.884441,0.045036,0.464212,-1.674947,94.397293,12.189517,-0.011471,0.884222,0.045408,0.464713,-2.887129,111.798813,13.329494,0.112369,0.927426,-0.101963,0.341845,-4.149645,131.913879,14.736488,0.107505,0.946998,-0.246318,0.175971,1.007147,145.197937,11.724821,-0.00337,0.83426,0.081481,0.545308,-6.733784,125.684776,11.718066,0.285182,-0.435532,0.272097,-0.809287,-14.585057,127.297462,-5.919769,0.221673,-0.136357,-0.459005,-0.84946,-2.057916,109.037003,-20.493395,0.360139,-0.003818,-0.641549,-0.677274,10.55233,125.79007,-30.628105,-0.127588,0.926828,0.08029,0.343897,-2.504568,125.52153,17.846853,0.3195,0.890283,0.061146,-0.318713,11.655842,129.033585,30.5938,-0.018414,0.348283,0.50276,-0.790944,27.367723,114.985703,14.514056,0.120225,0.133181,0.66222,-0.727512,21.507771,133.788574,2.126653,0.026577,0.843929,0.198461,0.497686,-6.349465,86.827354,4.05989,0.14991,0.947712,-0.077697,0.270798,-0.90703,54.040684,-8.823158,0.004307,0.944235,-0.095735,0.31502,-15.575401,11.640322,-5.851986,-0.15905,0.79289,0.044751,0.586537,4.290961,86.768356,19.362604,0.060939,-0.604517,0.163219,-0.777306,15.152478,53.069633,23.483585,0.036059,0.795052,-0.104261,0.596424,7.056001,10.835108,36.616421,0.004307,0.944235,-0.095735,0.31502,-7.685456,3.128846,-15.72148,0.036059,0.795052,-0.104261,0.596424,19.107464,2.006249,33.63031
628,5.233333,-0.023772,0.883071,0.047842,0.466188,-1.009333,86.713043,11.740446,-0.01694,0.881763,0.045644,0.469173,-1.671053,94.311226,12.216773,-0.012357,0.881365,0.04454,0.47017,-2.941796,111.706505,13.345851,0.111872,0.925515,-0.101493,0.347284,-4.228049,131.823868,14.697335,0.109416,0.945177,-0.249055,0.180668,0.937264,145.114639,11.730165,-0.005073,0.830431,0.082369,0.550976,-6.772563,125.587952,11.659395,0.285031,-0.431179,0.272015,-0.811696,-14.382504,127.183189,-6.085476,0.220121,-0.138631,-0.457864,-0.850111,-1.652949,108.960808,-20.530802,0.353239,-0.005574,-0.642188,-0.680284,10.981841,125.675652,-30.718781,-0.128719,0.924012,0.07757,0.35159,-2.619662,125.43824,17.84049,0.319652,0.892851,0.061874,-0.311145,11.322207,128.990021,30.815298,-0.021471,0.354378,0.501324,-0.789069,27.28167,114.878914,15.037573,0.115162,0.140648,0.663554,-0.725708,21.554325,133.639496,2.527736,0.02636,0.842856,0.198717,0.499411,-6.26733,86.73748,4.046184,0.151414,0.947443,-0.078464,0.270683,-0.77631,53.957237,-8.83262,0.009235,0.943719,-0.093894,0.317007,-15.587033,11.608389,-5.833048,-0.157202,0.794897,0.044052,0.584367,4.248664,86.688614,19.434708,0.061657,-0.608382,0.163113,-0.774251,14.992203,52.943813,23.487312,0.03447,0.796361,-0.100824,0.595362,7.008433,10.714113,36.704384,0.009235,0.943719,-0.093894,0.317007,-7.713472,3.099517,-15.717859,0.03447,0.796361,-0.100824,0.595362,19.106916,1.975598,33.643604
629,5.241667,-0.024328,0.881257,0.047808,0.469583,-1.005812,86.649536,11.786086,-0.018016,0.87935,0.045416,0.473663,-1.676603,94.24736,12.255404,-0.013086,0.878777,0.044057,0.475015,-2.981318,111.62822,13.35227,0.11171,0.923751,-0.100873,0.352178,-4.291621,131.746582,14.665524,0.110852,0.943489,-0.25182,0.184738,0.886605,145.042999,11.746529,-0.006632,0.827165,0.082409,0.555844,-6.799559,125.505852,11.607074,0.284732,-0.426404,0.271805,-0.814389,-14.200027,127.068184,-6.229085,0.218423,-0.141196,-0.456909,-0.850641,-1.247296,108.894966,-20.537298,0.346345,-0.007366,-0.642349,-0.683651,11.396583,125.570534,-30.785912,-0.130191,0.921316,0.075445,0.358519,-2.715149,125.36541,17.833857,0.319291,0.895095,0.058309,-0.305708,11.021289,128.964981,31.013,-0.02589,0.36113,0.50008,-0.78666,27.170765,114.757347,15.517789,0.111523,0.147143,0.66427,-0.724332,21.606295,133.510803,2.892976,0.025598,0.843132,0.198351,0.49913,-6.204092,86.668373,4.051339,0.152535,0.947383,-0.078358,0.270294,-0.684828,53.87495,-8.781754,0.008322,0.944002,-0.092566,0.316578,-15.584903,11.555248,-5.81363,-0.15513,0.795599,0.044045,0.583966,4.192468,86.630699,19.520834,0.062647,-0.611093,0.162484,-0.772166,14.824782,52.839722,23.480883,0.032776,0.797308,-0.097904,0.594677,6.984662,10.602656,36.760273,0.008322,0.944002,-0.092566,0.316578,-7.701437,3.085685,-15.724269,0.032776,0.797308,-0.097904,0.594677,19.128933,1.946971,33.645927
630,5.25,-0.024923,0.879529,0.047612,0.4728,-1.009369,86.60321,11.846049,-0.018765,0.87716,0.044235,0.477789,-1.688448,94.200874,12.305977,-0.013959,0.876383,0.044082,0.47939,-3.00121,111.579704,13.347812,0.111496,0.922099,-0.100242,0.356726,-4.349459,131.697006,14.63846,0.11214,0.941808,-0.254658,0.188603,0.838289,144.999649,11.765097,-0.007836,0.824007,0.082434,0.560496,-6.818859,125.451805,11.557894,0.28469,-0.421977,0.271746,-0.816726,-14.01743,126.991867,-6.362636,0.217508,-0.142968,-0.455674,-0.851241,-0.863889,108.85527,-20.53347,0.340279,-0.00864,-0.643158,-0.685918,11.816412,125.492416,-30.830339,-0.131543,0.918693,0.074067,0.364984,-2.797004,125.319244,17.825436,0.320147,0.897,0.061857,-0.298448,10.744496,128.954285,31.195211,-0.026284,0.364248,0.499789,-0.785394,27.097553,114.70742,15.951546,0.109747,0.152327,0.666231,-0.721726,21.628538,133.418579,3.25141,0.025337,0.842115,0.199161,0.500534,-6.150598,86.61422,4.073246,0.153774,0.947206,-0.079138,0.269984,-0.565048,53.842796,-8.787322,0.006235,0.944299,-0.092942,0.31563,-15.585007,11.568269,-5.779811,-0.152741,0.795137,0.044534,0.585187,4.13186,86.592201,19.618853,0.063485,-0.612746,0.161766,-0.770937,14.647892,52.751869,23.466448,0.030507,0.797762,-0.09544,0.594589,6.931067,10.503369,36.781658,0.006235,0.944299,-0.092942,0.31563,-7.695127,3.107139,-15.692553,0.030507,0.797762,-0.09544,0.594589,19.128836,1.931672,33.644165
631,5.258333,-0.025677,0.87778,0.047613,0.476001,-1.003919,86.573067,11.911448,-0.019292,0.874868,0.043619,0.482007,-1.694775,94.170143,12.363405,-0.014761,0.873885,0.043666,0.483942,-3.018241,111.549355,13.371192,0.110934,0.920428,-0.100209,0.361198,-4.393368,131.667206,14.624458,0.113273,0.940201,-0.257277,0.192352,0.8,144.973282,11.777296,-0.009345,0.821185,0.082642,0.564569,-6.826246,125.416794,11.525455,0.283819,-0.417244,0.272519,-0.819199,-13.846254,126.927277,-6.468275,0.216498,-0.145532,-0.454424,-0.851732,-0.504407,108.812202,-20.489796,0.335609,-0.008796,-0.641159,-0.690076,12.199767,125.397911,-30.862022,-0.132837,0.916465,0.072065,0.370477,-2.870053,125.294159,17.834848,0.321302,0.898475,0.063416,-0.292381,10.501634,128.976791,31.361586,-0.027076,0.367601,0.499486,-0.783997,27.005407,114.654114,16.353243,0.108111,0.157145,0.666922,-0.7203,21.640676,133.3246,3.58256,0.025601,0.840794,0.200189,0.502329,-6.087839,86.575394,4.101036,0.154975,0.946511,-0.079929,0.271498,-0.45342,53.834217,-8.815137,0.003545,0.944328,-0.094232,0.315202,-15.596101,11.604372,-5.795473,-0.150455,0.793894,0.045428,0.587395,4.080002,86.570732,19.721859,0.064325,-0.612868,0.160618,-0.77101,14.497544,52.686726,23.451128,0.028118,0.797744,-0.093747,0.595001,6.906169,10.414616,36.76347,0.003545,0.944328,-0.094232,0.315202,-7.684082,3.13547,-15.683898,0.028118,0.797744,-0.093747,0.595001,19.155334,1.91453,33.631413
632,5.266667,-0.028005,0.875902,0.047994,0.479279,-0.96458,86.530685,11.982128,-0.019425,0.872591,0.04316,0.486153,-1.691042,94.125298,12.419474,-0.016087,0.871383,0.043375,0.488417,-3.016838,111.522842,13.405723,0.110263,0.918718,-0.100723,0.365587,-4.439302,131.64006,14.615479,0.114194,0.938676,-0.259588,0.196114,0.76168,144.945435,11.778893,-0.010823,0.818489,0.082689,0.568438,-6.829223,125.381027,11.500496,0.284878,-0.41355,0.271559,-0.821022,-13.67822,126.859032,-6.561711,0.218163,-0.145885,-0.453864,-0.851546,-0.14596,108.791779,-20.461948,0.334719,-0.008088,-0.639716,-0.691853,12.572829,125.330818,-30.872995,-0.133789,0.914457,0.069912,0.375476,-2.938451,125.274261,17.850729,0.322396,0.899688,0.065163,-0.287013,10.278932,128.99765,31.51725,-0.027643,0.370286,0.499276,-0.782846,26.910288,114.610657,16.71262,0.106736,0.161619,0.667797,-0.718703,21.630606,133.25061,3.883204,0.026578,0.840457,0.20019,0.502841,-5.987809,86.502213,4.132594,0.155618,0.946237,-0.080386,0.271949,-0.403946,53.764683,-8.814752,0.000872,0.944642,-0.093251,0.314572,-15.611975,11.559385,-5.780249,-0.148278,0.792842,0.045638,0.589349,4.058648,86.559158,19.831663,0.064389,-0.612383,0.159167,-0.771691,14.357034,52.63015,23.481989,0.027914,0.796798,-0.089111,0.596987,6.857298,10.317045,36.715828,0.000872,0.944642,-0.093251,0.314572,-7.671727,3.136769,-15.68557,0.027914,0.796798,-0.089111,0.596987,19.17271,1.91417,33.581223
633,5.275,-0.028252,0.874148,0.047633,0.482492,-0.976758,86.532578,12.052613,-0.019706,0.87049,0.042803,0.489926,-1.705468,94.127502,12.480656,-0.016548,0.869169,0.042684,0.492393,-3.037093,111.51432,13.444859,0.10935,0.917358,-0.100409,0.369345,-4.46753,131.633331,14.614706,0.115344,0.937115,-0.262487,0.199026,0.723992,144.947601,11.802689,-0.012438,0.81608,0.082567,0.571875,-6.829779,125.370476,11.486326,0.286051,-0.4095,0.270537,-0.822979,-13.525459,126.806747,-6.636622,0.221028,-0.145994,-0.453588,-0.850935,0.212884,108.791588,-20.401646,0.336122,-0.007072,-0.638407,-0.692394,12.933959,125.275841,-30.864166,-0.134924,0.912629,0.068483,0.379755,-2.997324,125.271652,17.872047,0.323406,0.900725,0.066001,-0.282396,10.083005,129.03511,31.658913,-0.027707,0.372416,0.499058,-0.781972,26.819145,114.578773,17.041121,0.105733,0.164946,0.669842,-0.716188,21.604361,133.188934,4.154304,0.027439,0.84028,0.199064,0.503539,-5.942123,86.500633,4.166366,0.154968,0.946847,-0.079583,0.27043,-0.440007,53.734356,-8.743196,0.001746,0.945272,-0.091328,0.313237,-15.570712,11.499357,-5.735561,-0.146762,0.79104,0.046137,0.592104,3.988607,86.564529,19.93886,0.064457,-0.611532,0.157582,-0.772685,14.212497,52.606903,23.532013,0.025989,0.796438,-0.087785,0.59775,6.807489,10.249433,36.676971,0.001746,0.945272,-0.091328,0.313237,-7.663617,3.114031,-15.698865,0.025989,0.796438,-0.087785,0.59775,19.16711,1.90445,33.561794
634,5.283333,-0.028754,0.872338,0.047137,0.485775,-0.985086,86.544594,12.130306,-0.019089,0.868665,0.042901,0.49317,-1.718413,94.139801,12.545284,-0.018173,0.86728,0.041456,0.495759,-3.037789,111.542915,13.518996,0.108641,0.916039,-0.100482,0.372791,-4.505138,131.663818,14.60776,0.116813,0.935593,-0.265179,0.201742,0.684417,144.981964,11.810482,-0.014327,0.813555,0.081967,0.575504,-6.833989,125.386879,11.482576,0.286748,-0.405744,0.270713,-0.824537,-13.366395,126.763031,-6.704515,0.223616,-0.14566,-0.453338,-0.850449,0.529251,108.759796,-20.326504,0.338686,-0.006754,-0.636954,-0.692485,13.281955,125.23111,-30.838213,-0.135027,0.911174,0.066286,0.383582,-3.051924,125.315514,17.898638,0.32517,0.901257,0.06638,-0.278559,9.914154,129.097519,31.787977,-0.028405,0.375139,0.498981,-0.780693,26.703787,114.539955,17.332878,0.103382,0.1683,0.669517,-0.716054,21.582737,133.123352,4.392423,0.027963,0.840089,0.198775,0.503942,-5.890682,86.503868,4.206779,0.156082,0.946724,-0.07866,0.270491,-0.424178,53.731464,-8.702371,0.004863,0.944277,-0.091725,0.316074,-15.625997,11.514491,-5.802158,-0.145308,0.788287,0.046642,0.596082,3.92051,86.585327,20.053833,0.064658,-0.609323,0.155611,-0.77481,14.068395,52.600754,23.607489,0.024206,0.796036,-0.086818,0.5985,6.768772,10.190114,36.639469,0.004863,0.944277,-0.091725,0.316074,-7.701008,3.094666,-15.72206,0.024206,0.796036,-0.086818,0.5985,19.166946,1.89378,33.547623
635,5.291667,-0.028832,0.870544,0.046361,0.489052,-1.006506,86.577751,12.214263,-0.018948,0.866733,0.041848,0.496652,-1.736647,94.173988,12.61559,-0.01871,0.865247,0.041338,0.499289,-3.036557,111.569427,13.55404,0.107929,0.914702,-0.101236,0.376063,-4.524693,131.689926,14.621864,0.117342,0.934273,-0.267546,0.204413,0.668793,145.005737,11.820771,-0.015689,0.81159,0.081369,0.57832,-6.824158,125.410233,11.480492,0.287878,-0.401902,0.270293,-0.826162,-13.22905,126.740204,-6.755323,0.22674,-0.145369,-0.452995,-0.849854,0.843178,108.766403,-20.23415,0.341018,-0.006133,-0.636175,-0.692062,13.617812,125.197853,-30.795605,-0.135681,0.909771,0.064315,0.387003,-3.094709,125.343918,17.927334,0.326646,0.90167,0.066622,-0.275419,9.762356,129.162399,31.907732,-0.029067,0.37697,0.499179,-0.779659,26.593191,114.519592,17.587261,0.102058,0.170872,0.669836,-0.715337,21.546083,133.097321,4.616137,0.028872,0.839341,0.198263,0.505336,-5.852472,86.532516,4.254151,0.156293,0.946748,-0.077862,0.270515,-0.437608,53.74931,-8.64933,0.007124,0.943872,-0.092001,0.317159,-15.638438,11.52702,-5.822319,-0.144376,0.785894,0.046874,0.59944,3.83946,86.622986,20.174376,0.06458,-0.606967,0.153423,-0.777098,13.931462,52.620731,23.717955,0.022886,0.795592,-0.086181,0.599234,6.734798,10.148376,36.605381,0.007124,0.943872,-0.092001,0.317159,-7.722336,3.081709,-15.727642,0.022886,0.795592,-0.086181,0.599234,19.162189,1.886833,33.537781
636,5.3,-0.028621,0.869098,0.04564,0.491698,-1.040777,86.619759,12.300815,-0.018405,0.865196,0.041284,0.499393,-1.763927,94.217209,12.691958,-0.019686,0.86363,0.04039,0.50212,-3.040916,111.6194,13.619012,0.107289,0.913516,-0.101831,0.378957,-4.547376,131.741516,14.629073,0.117996,0.932997,-0.269842,0.206831,0.648704,145.055969,11.826366,-0.01737,0.809287,0.081262,0.581506,-6.822442,125.453056,11.487475,0.289183,-0.39803,0.269825,-0.827732,-13.081999,126.739357,-6.801858,0.229739,-0.145351,-0.452877,-0.849115,1.167865,108.795166,-20.132689,0.342891,-0.005154,-0.635438,-0.691822,13.937921,125.173523,-30.742369,-0.13626,0.908564,0.063178,0.389812,-3.135785,125.404213,17.959038,0.328205,0.901937,0.067261,-0.272518,9.630648,129.246887,32.015652,-0.029827,0.378783,0.499253,-0.778705,26.491621,114.523903,17.813345,0.099899,0.172846,0.668608,-0.716316,21.513191,133.091675,4.815503,0.029902,0.838187,0.197516,0.50748,-5.838596,86.574402,4.311594,0.155992,0.946772,-0.076912,0.270874,-0.479614,53.774441,-8.57263,0.007201,0.9439,-0.092061,0.317058,-15.634603,11.530489,-5.824102,-0.143956,0.783013,0.047336,0.603264,3.757042,86.665115,20.290035,0.064741,-0.603585,0.151403,-0.780109,13.828561,52.65733,23.838753,0.022335,0.795463,-0.085806,0.59948,6.721159,10.131463,36.598633,0.007201,0.9439,-0.092061,0.317058,-7.722153,3.082992,-15.730479,0.022335,0.795463,-0.085806,0.59948,19.161238,1.886576,33.537666
637,5.308333,-0.028451,0.867333,0.044884,0.494883,-1.056606,86.698357,12.391911,-0.018453,0.863672,0.041349,0.502017,-1.773232,94.296989,12.7717,-0.020454,0.862198,0.039378,0.504624,-3.054926,111.689796,13.695495,0.106786,0.912338,-0.102689,0.381696,-4.570453,131.813934,14.650316,0.118417,0.931656,-0.272421,0.209243,0.633736,145.123581,11.839813,-0.019085,0.807009,0.080946,0.584653,-6.826063,125.51786,11.509933,0.290634,-0.394796,0.269535,-0.828866,-12.94101,126.754799,-6.831651,0.232778,-0.144447,-0.452767,-0.8485,1.453045,108.826302,-20.028023,0.345301,-0.005175,-0.635865,-0.690229,14.244959,125.182892,-30.664894,-0.136427,0.907636,0.061664,0.39215,-3.177421,125.48455,18.003103,0.329652,0.901974,0.067362,-0.270619,9.516394,129.34552,32.120342,-0.029827,0.379665,0.499655,-0.778017,26.381605,114.547394,18.001394,0.099133,0.174049,0.669285,-0.715498,21.454235,133.110046,4.987796,0.031142,0.837336,0.196191,0.509321,-5.796037,86.652428,4.367917,0.155737,0.947102,-0.075713,0.270205,-0.531395,53.820686,-8.474172,0.005223,0.944105,-0.092699,0.3163,-15.635441,11.5531,-5.80989,-0.143428,0.779066,0.047546,0.608461,3.682825,86.744278,20.415905,0.064743,-0.600876,0.148894,-0.782679,13.711158,52.727093,23.996737,0.022571,0.795364,-0.085608,0.599632,6.729649,10.133511,36.599319,0.005223,0.944105,-0.092699,0.3163,-7.715159,3.107012,-15.711209,0.022571,0.795364,-0.085608,0.599632,19.170019,1.888925,33.538715
638,5.316667,-0.02625,0.865934,0.04353,0.497569,-1.119656,86.804497,12.471746,-0.01877,0.86232,0.041001,0.504353,-1.798093,94.406807,12.848231,-0.020478,0.860922,0.038973,0.506829,-3.084713,111.786522,13.751803,0.10713,0.911095,-0.104286,0.384128,-4.595238,131.911896,14.6882,0.118323,0.930454,-0.274867,0.21143,0.644828,145.203445,11.85883,-0.021074,0.804698,0.080319,0.587848,-6.837863,125.61525,11.539676,0.291434,-0.391448,0.270326,-0.829915,-12.804571,126.787636,-6.854901,0.23524,-0.144273,-0.45215,-0.848179,1.706436,108.84433,-19.90222,0.346921,-0.005417,-0.63637,-0.688948,14.540712,125.172844,-30.586916,-0.136368,0.906989,0.060451,0.393853,-3.222449,125.583626,18.051414,0.331021,0.90187,0.066749,-0.269444,9.420149,129.453522,32.212105,-0.030608,0.380615,0.500166,-0.777193,26.271034,114.578758,18.156734,0.09834,0.174723,0.668604,-0.716079,21.400583,133.156937,5.141474,0.03213,0.835823,0.194463,0.512399,-5.811645,86.784531,4.41981,0.154993,0.947441,-0.073957,0.269932,-0.6226,53.909111,-8.341057,0.004612,0.944228,-0.093819,0.31561,-15.623588,11.597127,-5.802186,-0.144001,0.7773,0.047187,0.610609,3.572333,86.824463,20.523682,0.064427,-0.599109,0.146473,-0.784514,13.605988,52.816582,24.177227,0.023312,0.79543,-0.08576,0.599493,6.743463,10.15501,36.614071,0.004612,0.944228,-0.093819,0.31561,-7.715512,3.129126,-15.694544,0.023312,0.79543,-0.08576,0.599493,19.171873,1.895269,33.545731
639,5.325,-0.027652,0.864491,0.043872,0.499966,-1.099603,86.858368,12.539596,-0.018806,0.861029,0.040903,0.506559,-1.800194,94.459061,12.90796,-0.020654,0.859662,0.038425,0.508997,-3.090893,111.871681,13.806349,0.106408,0.910279,-0.104847,0.386105,-4.598652,131.998489,14.716324,0.118637,0.929384,-0.277238,0.212862,0.637722,145.28978,11.87884,-0.022456,0.803204,0.079633,0.58993,-6.8277,125.699707,11.562404,0.292604,-0.387778,0.270589,-0.831139,-12.697056,126.821098,-6.866643,0.2377,-0.144694,-0.451522,-0.847756,1.958041,108.881317,-19.756826,0.347927,-0.00552,-0.635977,-0.688803,14.812975,125.154587,-30.500233,-0.13627,0.906323,0.058437,0.395719,-3.245199,125.672867,18.092329,0.332289,0.901677,0.067285,-0.268395,9.341325,129.562302,32.29755,-0.030407,0.380764,0.500758,-0.776746,26.177555,114.634239,18.281155,0.098426,0.175053,0.667917,-0.716628,21.341307,133.214737,5.268317,0.033892,0.834533,0.193169,0.51487,-5.745619,86.821648,4.461103,0.154438,0.947313,-0.073228,0.270896,-0.671701,53.918755,-8.275247,0.005219,0.944314,-0.093313,0.315493,-15.612271,11.581671,-5.79925,-0.14373,0.774253,0.046435,0.614588,3.546413,86.895088,20.618088,0.06434,-0.596393,0.144503,-0.786953,13.514298,52.87664,24.352417,0.023993,0.795884,-0.085365,0.59892,6.738633,10.162523,36.65583,0.005219,0.944314,-0.093313,0.315493,-7.712937,3.120371,-15.704316,0.023993,0.795884,-0.085365,0.59892,19.157299,1.89902,33.558292
640,5.333333,-0.027297,0.863281,0.043191,0.502131,-1.131711,86.9515,12.618877,-0.018532,0.859934,0.040596,0.508451,-1.823331,94.553398,12.97926,-0.02071,0.858609,0.037656,0.510826,-3.101978,111.962601,13.870248,0.105872,0.909616,-0.10518,0.387721,-4.597757,132.091675,14.749201,0.119081,0.928351,-0.27981,0.213754,0.635714,145.383484,11.90886,-0.023445,0.801792,0.078869,0.591911,-6.818324,125.790787,11.593525,0.293295,-0.384132,0.270763,-0.832531,-12.595195,126.871284,-6.867151,0.240132,-0.144834,-0.45095,-0.847351,2.20411,108.94635,-19.612383,0.349207,-0.005395,-0.636241,-0.687912,15.081042,125.17012,-30.403263,-0.137046,0.905429,0.058397,0.3975,-3.263654,125.769135,18.13866,0.33334,0.901301,0.066717,-0.268497,9.259904,129.677658,32.394192,-0.029988,0.380512,0.501882,-0.776161,26.056135,114.698303,18.384567,0.100094,0.174502,0.668677,-0.715822,21.263834,133.29567,5.384562,0.034996,0.833939,0.191096,0.51653,-5.737653,86.916519,4.517467,0.15382,0.94763,-0.071425,0.270619,-0.781409,53.962265,-8.132115,0.005046,0.944252,-0.09326,0.315697,-15.62803,11.584607,-5.788815,-0.144518,0.771798,0.045804,0.61753,3.474232,86.986481,20.720287,0.063471,-0.595655,0.142334,-0.787977,13.442281,52.980076,24.562321,0.024083,0.796349,-0.087137,0.598042,6.756227,10.200012,36.68428,0.005046,0.944252,-0.09326,0.315697,-7.721455,3.126228,-15.690595,0.024083,0.796349,-0.087137,0.598042,19.1488,1.898798,33.583103
641,5.341667,-0.026798,0.86227,0.042201,0.503977,-1.170461,87.049294,12.697008,-0.018758,0.85896,0.039743,0.510154,-1.848682,94.652901,13.046749,-0.020152,0.857673,0.037522,0.512429,-3.11951,112.048172,13.904821,0.105205,0.909073,-0.105931,0.38897,-4.594814,132.178574,14.78793,0.119425,0.927476,-0.281875,0.214643,0.635124,145.468018,11.930062,-0.024386,0.800448,0.078713,0.59371,-6.811191,125.881813,11.621099,0.294713,-0.380892,0.271423,-0.833304,-12.503675,126.936249,-6.867288,0.242658,-0.145085,-0.449986,-0.847101,2.408098,108.992828,-19.45447,0.350118,-0.005748,-0.636035,-0.687637,15.334126,125.168159,-30.305899,-0.137218,0.904949,0.056723,0.398775,-3.280613,125.852859,18.179235,0.334308,0.900944,0.066319,-0.268587,9.201797,129.787857,32.463558,-0.029147,0.379532,0.502819,-0.776066,25.961182,114.763191,18.458307,0.101745,0.173293,0.67008,-0.71457,21.178436,133.374344,5.478024,0.036298,0.831501,0.190308,0.520646,-5.742303,87.015022,4.576299,0.153309,0.947603,-0.070392,0.271274,-0.830364,54.045956,-8.051957,0.007744,0.943983,-0.094526,0.316073,-15.612001,11.640984,-5.79341,-0.14544,0.770899,0.0447,0.618518,3.401381,87.083565,20.817719,0.062812,-0.594568,0.1398,-0.789303,13.365379,53.089096,24.774147,0.024325,0.796712,-0.089186,0.597247,6.800714,10.23727,36.707539,0.007744,0.943983,-0.094526,0.316073,-7.741303,3.129297,-15.67808,0.024325,0.796712,-0.089186,0.597247,19.163223,1.890553,33.608494
642,5.35,-0.024554,0.86157,0.04058,0.505418,-1.251023,87.181618,12.778711,-0.017696,0.858234,0.039393,0.511438,-1.887816,94.789032,13.123391,-0.020749,0.85693,0.036231,0.513739,-3.119592,112.154663,13.986479,0.105082,0.908516,-0.106375,0.390181,-4.590172,132.287933,14.810284,0.119656,0.926769,-0.283763,0.215082,0.646727,145.573822,11.948629,-0.025034,0.799406,0.078322,0.595137,-6.799039,125.983383,11.653711,0.29497,-0.376882,0.27241,-0.834713,-12.424544,127.014053,-6.856494,0.244592,-0.146172,-0.449309,-0.846717,2.619845,109.064148,-19.275488,0.351738,-0.006527,-0.634865,-0.687884,15.55796,125.17717,-30.198956,-0.137159,0.904271,0.056058,0.400423,-3.288849,125.97097,18.222832,0.335199,0.900486,0.06549,-0.269216,9.14314,129.907013,32.550766,-0.028054,0.378723,0.503806,-0.775862,25.852966,114.838287,18.533655,0.103795,0.172331,0.672007,-0.712696,21.088991,133.455475,5.564981,0.036548,0.830348,0.188353,0.523173,-5.797894,87.169586,4.643935,0.152406,0.947758,-0.068046,0.27184,-0.936362,54.149044,-7.868789,0.008621,0.943949,-0.095771,0.315775,-15.589476,11.690065,-5.794962,-0.14663,0.768879,0.04396,0.6208,3.295849,87.193642,20.913488,0.06199,-0.593296,0.137261,-0.79077,13.278648,53.219269,24.993231,0.025952,0.796732,-0.090188,0.597001,6.825075,10.294938,36.724907,0.008621,0.943949,-0.095771,0.315775,-7.744009,3.140986,-15.667409,0.025952,0.796732,-0.090188,0.597001,19.154968,1.902033,33.620682
643,5.358333,-0.026201,0.86073,0.040951,0.506735,-1.221146,87.261917,12.849392,-0.017802,0.857517,0.039159,0.512654,-1.882971,94.867592,13.185191,-0.020882,0.856226,0.035908,0.514929,-3.117179,112.264885,14.039198,0.104687,0.908132,-0.10688,0.391041,-4.586779,132.398865,14.847064,0.120194,0.926101,-0.285484,0.21538,0.649268,145.682709,11.974385,-0.02584,0.798462,0.078405,0.596358,-6.787866,126.092819,11.688056,0.296583,-0.373394,0.272861,-0.835561,-12.355431,127.105095,-6.84068,0.247434,-0.146427,-0.448853,-0.846089,2.814685,109.145607,-19.091743,0.353775,-0.00733,-0.634496,-0.687171,15.776888,125.215462,-30.082577,-0.13756,0.90393,0.055618,0.401118,-3.295996,126.08371,18.266941,0.3364,0.899881,0.064554,-0.269969,9.110169,130.037277,32.612427,-0.027157,0.377427,0.505101,-0.775683,25.755733,114.91127,18.580536,0.105864,0.17058,0.673914,-0.71101,21.007725,133.550278,5.644521,0.037868,0.829956,0.18631,0.524432,-5.741614,87.228363,4.699971,0.151997,0.947944,-0.066579,0.271783,-1.016691,54.160263,-7.739268,0.008382,0.943965,-0.094887,0.316,-15.601224,11.672306,-5.778591,-0.147048,0.768069,0.042037,0.621836,3.299322,87.295464,20.998814,0.061139,-0.591412,0.135038,-0.792628,13.21458,53.318058,25.215769,0.027193,0.796963,-0.090371,0.59661,6.840788,10.329864,36.755661,0.008382,0.943965,-0.094887,0.316,-7.742965,3.146475,-15.660969,0.027193,0.796963,-0.090371,0.59661,19.149605,1.91308,33.632481
644,5.366667,-0.025993,0.860151,0.039604,0.507834,-1.258766,87.389267,12.947506,-0.017491,0.856988,0.038257,0.513617,-1.907863,94.996765,13.266397,-0.020978,0.85569,0.035565,0.51584,-3.116521,112.381866,14.09693,0.104754,0.907833,-0.107092,0.391659,-4.583188,132.516663,14.88938,0.1206,0.925562,-0.28718,0.215217,0.659557,145.797867,12.016665,-0.026636,0.797778,0.07792,0.597302,-6.77899,126.209198,11.729532,0.297846,-0.369837,0.27322,-0.836576,-12.301284,127.189194,-6.814478,0.250432,-0.146656,-0.448206,-0.84551,2.99858,109.230255,-18.903925,0.356646,-0.008311,-0.633511,-0.686584,15.984209,125.238396,-29.954716,-0.137364,0.903747,0.053602,0.401869,-3.301158,126.203308,18.315851,0.337542,0.899303,0.063889,-0.270623,9.083696,130.178818,32.673676,-0.026429,0.376469,0.505921,-0.77564,25.669685,115.001343,18.62685,0.106746,0.169745,0.675494,-0.709577,20.927763,133.650345,5.713154,0.039065,0.828179,0.185108,0.527568,-5.758644,87.347404,4.786736,0.150603,0.947277,-0.065207,0.275197,-1.103094,54.254032,-7.611404,0.006487,0.944458,-0.096417,0.314103,-15.546252,11.711881,-5.783691,-0.147588,0.767317,0.040503,0.622737,3.241112,87.431129,21.108276,0.06043,-0.589071,0.132218,-0.794897,13.112571,53.456028,25.444857,0.027464,0.797032,-0.091969,0.596261,6.862333,10.392323,36.768795,0.006487,0.944458,-0.096417,0.314103,-7.710977,3.164633,-15.665817,0.027464,0.797032,-0.091969,0.596261,19.148817,1.939213,33.655811
645,5.375,-0.025682,0.859752,0.039253,0.508553,-1.275433,87.49601,13.012963,-0.017322,0.856577,0.037718,0.514347,-1.917996,95.104179,13.329141,-0.020849,0.85527,0.035296,0.516558,-3.112334,112.48629,14.145383,0.104429,0.907682,-0.107442,0.391999,-4.569583,132.622086,14.930031,0.121127,0.925154,-0.288357,0.215102,0.670115,145.902298,12.04722,-0.027123,0.797217,0.078065,0.59801,-6.763486,126.314941,11.768213,0.297207,-0.365864,0.274949,-0.837983,-12.251975,127.285973,-6.786298,0.252923,-0.146946,-0.447286,-0.845205,3.152616,109.304985,-18.708832,0.360537,-0.009215,-0.632794,-0.6852,16.18376,125.263283,-29.8197,-0.137787,0.90337,0.053836,0.402542,-3.296623,126.308968,18.360312,0.33845,0.898773,0.064329,-0.271146,9.06276,130.292236,32.737915,-0.025666,0.375222,0.506943,-0.775602,25.601166,115.089081,18.66279,0.108011,0.168978,0.676817,-0.708307,20.864193,133.757446,5.779056,0.039442,0.827848,0.183131,0.528749,-5.762003,87.456535,4.84486,0.150093,0.947287,-0.063438,0.275852,-1.186752,54.313374,-7.44973,0.004198,0.944618,-0.097323,0.313379,-15.546574,11.736974,-5.768919,-0.147777,0.765824,0.038526,0.624653,3.211138,87.535492,21.181068,0.059862,-0.587131,0.129512,-0.796819,12.994707,53.553234,25.658459,0.029848,0.796823,-0.090421,0.596662,6.875029,10.419694,36.786167,0.004198,0.944618,-0.097323,0.313379,-7.699356,3.187385,-15.639535,0.029848,0.796823,-0.090421,0.596662,19.14992,1.959766,33.646114
646,5.383333,-0.025548,0.859329,0.037799,0.509385,-1.304294,87.610992,13.112264,-0.016852,0.856324,0.037098,0.514829,-1.934105,95.220985,13.4098,-0.02126,0.855048,0.034572,0.516958,-3.103612,112.603127,14.215246,0.104898,0.907425,-0.108009,0.392314,-4.560308,132.740265,14.965627,0.121375,0.924879,-0.289316,0.214858,0.6986,146.01149,12.076421,-0.027635,0.796827,0.077446,0.598586,-6.751548,126.428116,11.81197,0.300236,-0.363675,0.274342,-0.838055,-12.212223,127.371124,-6.752197,0.257319,-0.145338,-0.446789,-0.844419,3.294745,109.392151,-18.544342,0.364652,-0.010029,-0.632625,-0.683165,16.365623,125.299774,-29.66971,-0.137854,0.903243,0.053533,0.402844,-3.291097,126.432671,18.407438,0.339718,0.898089,0.063999,-0.271903,9.058152,130.421707,32.792156,-0.025401,0.374482,0.50782,-0.775395,25.529163,115.168251,18.69244,0.10828,0.168536,0.677493,-0.707725,20.808437,133.854889,5.835697,0.040112,0.827441,0.181629,0.529852,-5.775208,87.560669,4.935639,0.149537,0.947427,-0.061527,0.276107,-1.280665,54.382263,-7.293508,0.008929,0.94409,-0.097488,0.314817,-15.548974,11.769396,-5.764379,-0.147816,0.76548,0.03672,0.625174,3.166621,87.661324,21.288887,0.059194,-0.585502,0.126696,-0.798519,12.869666,53.670208,25.872997,0.030925,0.79679,-0.091118,0.596546,6.888406,10.464632,36.794643,0.008929,0.94409,-0.097488,0.314817,-7.73775,3.176212,-15.625681,0.030925,0.79679,-0.091118,0.596546,19.141533,1.973718,33.653206
647,5.391667,-0.024206,0.85925,0.036204,0.509699,-1.347854,87.736084,13.209028,-0.016491,0.856231,0.036228,0.515057,-1.947774,95.348892,13.495912,-0.021816,0.854928,0.034232,0.517156,-3.090225,112.720085,14.280992,0.105076,0.907362,-0.10831,0.39233,-4.559228,132.857208,15.007661,0.121992,0.924624,-0.290252,0.214343,0.707376,146.124207,12.11311,-0.028206,0.796554,0.076963,0.598985,-6.745104,126.540161,11.860075,0.305056,-0.361865,0.2728,-0.837601,-12.186064,127.455841,-6.711248,0.262921,-0.143315,-0.446479,-0.843202,3.435256,109.488297,-18.369118,0.368497,-0.009583,-0.632863,-0.680884,16.535402,125.331619,-29.510223,-0.13758,0.903334,0.052801,0.402829,-3.288059,126.554283,18.457317,0.341207,0.897286,0.063524,-0.272801,9.064561,130.54567,32.838497,-0.025408,0.373907,0.5087,-0.775095,25.45591,115.23204,18.711176,0.107545,0.167902,0.678176,-0.707333,20.756514,133.94339,5.881002,0.040617,0.827023,0.179851,0.531071,-5.814034,87.692352,5.029777,0.148632,0.947305,-0.059471,0.277462,-1.399602,54.471016,-7.111664,0.009531,0.944049,-0.098466,0.314619,-15.545418,11.811524,-5.753953,-0.147646,0.765169,0.035404,0.62567,3.118326,87.779808,21.388281,0.058843,-0.583596,0.124198,-0.80033,12.751429,53.778351,26.042629,0.031978,0.796695,-0.092201,0.596451,6.900779,10.51268,36.795826,0.009531,0.944049,-0.098466,0.314619,-7.752086,3.18985,-15.604542,0.031978,0.796695,-0.092201,0.596451,19.128708,1.983613,33.659546
648,5.4,-0.02441,0.859208,0.035948,0.509779,-1.360482,87.810455,13.288778,-0.016187,0.856213,0.035707,0.515133,-1.961111,95.423401,13.570645,-0.021852,0.8549,0.033727,0.517233,-3.086683,112.818703,14.346567,0.104707,0.907482,-0.108419,0.39212,-4.546441,132.957153,15.054956,0.122741,0.924384,-0.29109,0.213811,0.711011,146.225922,12.151824,-0.028714,0.796385,0.076582,0.599234,-6.734675,126.638321,11.912613,0.306693,-0.359338,0.273101,-0.837992,-12.16293,127.530418,-6.663576,0.266743,-0.141835,-0.446036,-0.842487,3.546282,109.55349,-18.188112,0.372621,-0.009026,-0.632766,-0.678734,16.694048,125.368538,-29.348337,-0.137766,0.903345,0.0521,0.402832,-3.278849,126.656723,18.510483,0.342406,0.89659,0.063451,-0.273603,9.071699,130.665619,32.888569,-0.025389,0.373315,0.509494,-0.774859,25.396326,115.309189,18.730478,0.107271,0.167834,0.678686,-0.706901,20.714708,134.039383,5.928251,0.041022,0.827125,0.178421,0.531364,-5.824971,87.761101,5.108636,0.14824,0.947379,-0.057761,0.277778,-1.485131,54.5056,-6.966003,0.00926,0.943974,-0.0986,0.31481,-15.55753,11.817619,-5.748009,-0.147404,0.765001,0.033694,0.626028,3.104007,87.859818,21.46892,0.058307,-0.582398,0.122047,-0.801572,12.646669,53.844822,26.209915,0.032635,0.796758,-0.092205,0.596331,6.902784,10.525891,36.805065,0.00926,0.943974,-0.0986,0.31481,-7.756728,3.195211,-15.59204,0.032635,0.796758,-0.092205,0.596331,19.121128,1.986265,33.660191
649,5.408333,-0.024351,0.859116,0.034378,0.510043,-1.374212,87.92131,13.396406,-0.016444,0.856221,0.03507,0.515156,-1.961938,95.53598,13.657981,-0.021936,0.854952,0.033284,0.517173,-3.082223,112.908791,14.409232,0.104574,0.907626,-0.108394,0.391829,-4.535583,133.048279,15.100678,0.123403,0.924246,-0.291713,0.213178,0.716921,146.318344,12.194492,-0.029043,0.796445,0.076387,0.599164,-6.726208,126.727463,11.964001,0.308817,-0.357219,0.272713,-0.838245,-12.156979,127.604584,-6.612164,0.270764,-0.140024,-0.445593,-0.84174,3.643988,109.635483,-18.022913,0.376256,-0.00783,-0.632885,-0.676629,16.83448,125.414261,-29.18553,-0.137193,0.9035,0.050783,0.402848,-3.269508,126.750412,18.561398,0.343016,0.896157,0.063566,-0.274232,9.086636,130.760605,32.934307,-0.025427,0.372736,0.509834,-0.774913,25.370867,115.386894,18.748507,0.106775,0.167436,0.678609,-0.707145,20.686363,134.126312,5.970335,0.041448,0.82741,0.177099,0.53133,-5.83372,87.8582,5.213645,0.147784,0.947674,-0.05572,0.277432,-1.570359,54.571712,-6.802694,0.00968,0.943918,-0.099282,0.314751,-15.555115,11.850768,-5.74114,-0.146541,0.76577,0.032087,0.625374,3.085297,87.984421,21.579166,0.057808,-0.582309,0.119759,-0.802017,12.515762,53.943817,26.36068,0.033274,0.796651,-0.093302,0.596267,6.90541,10.569918,36.801369,0.00968,0.943918,-0.099282,0.314751,-7.765037,3.20856,-15.576297,0.033274,0.796651,-0.093302,0.596267,19.103897,1.998487,33.665951
650,5.416667,-0.023986,0.859148,0.033666,0.510054,-1.38973,88.014076,13.487965,-0.016397,0.856352,0.034371,0.514986,-1.967134,95.629761,13.743045,-0.022254,0.855104,0.032913,0.516931,-3.072592,112.992493,14.474029,0.104579,0.907826,-0.108384,0.391368,-4.528994,133.132416,15.146435,0.124165,0.924199,-0.29213,0.212364,0.721402,146.402634,12.237197,-0.02973,0.796396,0.076697,0.599156,-6.720221,126.808128,12.017146,0.308865,-0.35455,0.273127,-0.839225,-12.14981,127.671288,-6.560013,0.273134,-0.138951,-0.445185,-0.841368,3.739887,109.712395,-17.863098,0.378907,-0.005834,-0.632219,-0.675792,16.955164,125.458107,-29.019976,-0.137273,0.903631,0.050439,0.402571,-3.260007,126.83815,18.612671,0.343741,0.89573,0.064104,-0.274592,9.103942,130.857727,32.976234,-0.02518,0.37206,0.510227,-0.774988,25.351261,115.466377,18.767258,0.106689,0.167412,0.67845,-0.707316,20.662939,134.212875,6.009203,0.041832,0.82744,0.175667,0.531727,-5.849356,87.950035,5.305274,0.146791,0.947557,-0.053695,0.278758,-1.65797,54.629803,-6.642675,0.010084,0.944147,-0.099762,0.313899,-15.512389,11.862615,-5.746977,-0.145796,0.766659,0.030533,0.624536,3.069895,88.078125,21.670654,0.057361,-0.582397,0.117795,-0.802276,12.397768,54.015053,26.493168,0.033721,0.79658,-0.093566,0.596295,6.903407,10.594559,36.801037,0.010084,0.944147,-0.099762,0.313899,-7.749477,3.205051,-15.590101,0.033721,0.79658,-0.093566,0.596295,19.093704,2.010926,33.66716
651,5.425,-0.023486,0.85935,0.0329,0.509788,-1.402546,88.092186,13.582471,-0.016563,0.856538,0.033827,0.514708,-1.967349,95.709007,13.831596,-0.022472,0.855291,0.032539,0.516637,-3.068728,113.087952,14.544383,0.104492,0.908053,-0.108399,0.390858,-4.524642,133.22847,15.199789,0.125044,0.924101,-0.292639,0.211573,0.721395,146.499283,12.285435,-0.029832,0.796452,0.075754,0.599195,-6.71796,126.901398,12.0776,0.309913,-0.352868,0.273125,-0.839548,-12.145474,127.739563,-6.501316,0.276277,-0.13719,-0.444946,-0.840757,3.807367,109.784027,-17.720486,0.382068,-0.003343,-0.632267,-0.673982,17.060287,125.515816,-28.87063,-0.136965,0.904007,0.050661,0.401802,-3.253366,126.937294,18.670797,0.344704,0.895196,0.06459,-0.275012,9.137824,130.946167,33.013882,-0.024921,0.371409,0.510748,-0.774965,25.337774,115.527321,18.780622,0.106704,0.167079,0.677478,-0.708323,20.652836,134.282104,6.043933,0.042366,0.8274,0.174453,0.532147,-5.867692,88.028625,5.402786,0.146209,0.947368,-0.052151,0.279994,-1.748502,54.681313,-6.494626,0.010041,0.94408,-0.099981,0.314031,-15.517948,11.884096,-5.733012,-0.145074,0.768051,0.029261,0.623053,3.0626,88.155746,21.762157,0.057049,-0.582802,0.115789,-0.802296,12.305724,54.072285,26.603783,0.034016,0.796386,-0.094113,0.596452,6.9416,10.606459,36.788425,0.010041,0.94408,-0.099981,0.314031,-7.752559,3.221811,-15.570029,0.034016,0.796386,-0.094113,0.596452,19.123972,2.007587,33.665508
652,5.433333,-0.024084,0.859624,0.031371,0.509394,-1.414788,88.16394,13.708878,-0.016639,0.856789,0.032807,0.514354,-1.975439,95.781837,13.933527,-0.022854,0.855508,0.032126,0.516286,-3.060097,113.155998,14.614731,0.104567,0.908139,-0.108716,0.390551,-4.520353,133.29689,15.248527,0.125422,0.924061,-0.292843,0.211243,0.729452,146.564178,12.324873,-0.030264,0.796489,0.075524,0.599155,-6.71459,126.965775,12.135205,0.311069,-0.351349,0.27319,-0.839736,-12.14299,127.785126,-6.444288,0.277959,-0.13607,-0.44472,-0.840504,3.864682,109.827377,-17.581528,0.383403,-0.00222,-0.630965,-0.674449,17.138998,125.546013,-28.71616,-0.137139,0.904175,0.050462,0.40139,-3.244843,127.009949,18.725643,0.345572,0.894653,0.064577,-0.275692,9.157315,131.029694,33.056187,-0.024259,0.370816,0.511632,-0.774687,25.305662,115.581772,18.795855,0.107831,0.166294,0.677598,-0.708223,20.64167,134.351852,6.069084,0.042927,0.828417,0.173526,0.530821,-5.886872,88.075912,5.533212,0.145641,0.947205,-0.050576,0.281129,-1.855422,54.709007,-6.339279,0.011798,0.943867,-0.099523,0.314757,-15.539828,11.882326,-5.713191,-0.143464,0.769323,0.028333,0.621898,3.057296,88.251968,21.884542,0.056933,-0.583592,0.114158,-0.801964,12.181687,54.13158,26.691109,0.03429,0.796385,-0.094628,0.596356,6.936593,10.630828,36.78828,0.011798,0.943867,-0.099523,0.314757,-7.781144,3.216402,-15.552294,0.03429,0.796385,-0.094628,0.596356,19.109327,2.0174,33.667904
653,5.441667,-0.023931,0.859927,0.03059,0.508937,-1.43056,88.223694,13.813665,-0.016688,0.857057,0.031862,0.513964,-1.983017,95.842438,14.029553,-0.023111,0.855752,0.031741,0.515894,-3.051533,113.212357,14.681957,0.104368,0.908345,-0.108746,0.390116,-4.51237,133.353775,15.297741,0.125926,0.924033,-0.293049,0.210779,0.730684,146.622345,12.367857,-0.030441,0.796802,0.075257,0.598762,-6.709008,127.019547,12.192438,0.311792,-0.349794,0.27307,-0.840156,-12.155219,127.825691,-6.382418,0.279909,-0.134679,-0.444524,-0.840185,3.913721,109.879433,-17.449713,0.385311,-0.000547,-0.630225,-0.674056,17.213783,125.589546,-28.565628,-0.137175,0.904366,0.050346,0.400962,-3.233419,127.070236,18.779749,0.346081,0.894232,0.064606,-0.276412,9.181671,131.094894,33.097713,-0.023528,0.370018,0.512251,-0.774682,25.290276,115.633438,18.807142,0.108901,0.165441,0.678097,-0.707781,20.628006,134.413254,6.091717,0.04296,0.82974,0.172335,0.529138,-5.911467,88.130302,5.642892,0.1452,0.947442,-0.048574,0.28091,-1.951781,54.734241,-6.171631,0.011694,0.943849,-0.09922,0.31491,-15.550176,11.878186,-5.701018,-0.142103,0.770353,0.027797,0.62096,3.050347,88.317093,21.98444,0.05696,-0.584312,0.113022,-0.801599,12.084908,54.16684,26.748531,0.033552,0.796689,-0.095971,0.595777,6.930572,10.643146,36.793461,0.011694,0.943849,-0.09922,0.31491,-7.785045,3.220402,-15.542203,0.033552,0.796689,-0.095971,0.595777,19.094141,2.014346,33.679813
654,5.45,-0.023326,0.860278,0.029594,0.50843,-1.451722,88.276543,13.920625,-0.016971,0.85739,0.031061,0.513449,-1.988378,95.896637,14.128476,-0.02337,0.856088,0.031237,0.515355,-3.050332,113.262726,14.752377,0.104425,0.908522,-0.109021,0.389611,-4.509229,133.404938,15.346281,0.126348,0.924078,-0.293055,0.21032,0.735801,146.670547,12.406485,-0.030753,0.796807,0.075024,0.598769,-6.710055,127.067207,12.251127,0.312849,-0.348783,0.273378,-0.840084,-12.155225,127.85833,-6.324686,0.28125,-0.133522,-0.4444,-0.839987,3.942278,109.896599,-17.325195,0.386203,0.000984,-0.629203,-0.674499,17.267921,125.611412,-28.425518,-0.137005,0.904552,0.049864,0.400661,-3.226365,127.125427,18.834097,0.346355,0.893922,0.064491,-0.277096,9.199871,131.153183,33.141525,-0.022574,0.369367,0.512739,-0.774698,25.278324,115.685081,18.824205,0.110059,0.164382,0.67892,-0.70706,20.617407,134.463837,6.111032,0.043489,0.830024,0.171777,0.528831,-5.942768,88.182976,5.755418,0.144608,0.947058,-0.047408,0.282707,-2.040064,54.776466,-6.048531,0.011627,0.943758,-0.09959,0.315068,-15.561214,11.894912,-5.687331,-0.140758,0.771346,0.027452,0.620048,3.039324,88.37011,22.085831,0.05692,-0.585373,0.111959,-0.800977,11.992957,54.191387,26.798212,0.033624,0.796743,-0.096171,0.595669,6.924847,10.645789,36.791927,0.011627,0.943758,-0.09959,0.315068,-7.793483,3.229033,-15.519336,0.033624,0.796743,-0.096171,0.595669,19.084492,2.011817,33.677284
655,5.458333,-0.023225,0.860735,0.028403,0.50773,-1.467908,88.320282,14.036925,-0.017124,0.85779,0.030677,0.512798,-1.993839,95.941505,14.230344,-0.023774,0.856475,0.030383,0.514745,-3.052405,113.297745,14.840468,0.104621,0.908695,-0.109014,0.389159,-4.507127,133.441299,15.397495,0.126553,0.92414,-0.293162,0.209775,0.740687,146.705627,12.456867,-0.03103,0.796878,0.074897,0.598676,-6.713278,127.097992,12.317624,0.313244,-0.348155,0.273364,-0.840201,-12.162057,127.877274,-6.257626,0.282137,-0.132091,-0.44408,-0.840085,3.959023,109.917572,-17.226851,0.387015,0.002427,-0.628058,-0.675097,17.317137,125.636826,-28.286869,-0.137216,0.905013,0.049266,0.39962,-3.220499,127.168335,18.895657,0.346786,0.893603,0.064196,-0.277655,9.235776,131.217224,33.170952,-0.021649,0.368615,0.512747,-0.775077,25.281969,115.732147,18.835804,0.110181,0.163909,0.680126,-0.70599,20.595758,134.503586,6.121205,0.043183,0.831787,0.171475,0.526178,-5.972298,88.216469,5.879199,0.144478,0.947917,-0.045273,0.280233,-2.100706,54.800694,-5.908754,0.011548,0.943741,-0.099612,0.315113,-15.557641,11.897982,-5.690429,-0.13916,0.772435,0.027344,0.619057,3.036482,88.424088,22.194651,0.057044,-0.585883,0.110961,-0.800734,11.906308,54.213047,26.830351,0.033303,0.796756,-0.096566,0.595606,6.92164,10.648712,36.784309,0.011548,0.943741,-0.099612,0.315113,-7.78788,3.232281,-15.520986,0.033303,0.796756,-0.096566,0.595606,19.080908,2.011974,33.675869
656,5.466667,-0.022931,0.86124,0.027608,0.50693,-1.488084,88.351669,14.150196,-0.016747,0.858138,0.029703,0.512286,-2.003819,95.973793,14.335938,-0.024628,0.856724,0.029798,0.514324,-3.032142,113.310829,14.923652,0.104591,0.908862,-0.109026,0.388771,-4.504001,133.454132,15.44337,0.126765,0.924307,-0.292911,0.209263,0.741392,146.718643,12.499283,-0.031097,0.79719,0.074868,0.598261,-6.707354,127.102997,12.377645,0.313545,-0.347522,0.273212,-0.8404,-12.175223,127.87796,-6.192175,0.282597,-0.130976,-0.444015,-0.84014,3.973615,109.927116,-17.135042,0.387474,0.003529,-0.626783,-0.676013,17.344608,125.652626,-28.157318,-0.137212,0.9053,0.048721,0.399038,-3.208747,127.189003,18.952391,0.346733,0.893383,0.063489,-0.278591,9.265574,131.24881,33.208813,-0.021322,0.368112,0.512861,-0.77525,25.286091,115.763023,18.845741,0.110833,0.163415,0.681007,-0.705153,20.587618,134.538788,6.137142,0.043576,0.832016,0.171667,0.525719,-6.007864,88.244438,6.001032,0.144128,0.947946,-0.044194,0.280487,-2.158713,54.835773,-5.814396,0.011838,0.943659,-0.099903,0.315257,-15.559967,11.915284,-5.682444,-0.137734,0.77336,0.027508,0.618213,3.031696,88.458908,22.299362,0.057182,-0.586462,0.110365,-0.800382,11.837642,54.220356,26.853027,0.033113,0.796947,-0.096409,0.595386,6.909662,10.645565,36.789417,0.011838,0.943659,-0.099903,0.315257,-7.792617,3.240319,-15.506729,0.033113,0.796947,-0.096409,0.595386,19.071016,2.014661,33.67297
657,5.475,-0.022507,0.86171,0.027059,0.50618,-1.507997,88.371025,14.255617,-0.016818,0.858545,0.028855,0.51165,-2.013757,95.993896,14.437863,-0.024664,0.857113,0.029356,0.513699,-3.028878,113.335678,14.999883,0.10495,0.909,-0.109337,0.388264,-4.49242,133.47998,15.504636,0.126485,0.924501,-0.292768,0.208772,0.762914,146.738922,12.553224,-0.031461,0.797467,0.074403,0.597931,-6.702594,127.127075,12.447495,0.313645,-0.347205,0.273123,-0.840523,-12.184885,127.878716,-6.119034,0.2837,-0.129367,-0.443974,-0.840039,3.978187,109.933456,-17.050064,0.388994,0.005044,-0.626801,-0.675114,17.370495,125.669907,-28.030867,-0.1377,0.905548,0.048506,0.398333,-3.194439,127.217339,19.017094,0.347141,0.89306,0.063109,-0.279203,9.296471,131.300232,33.252388,-0.020495,0.367799,0.513133,-0.775241,25.283873,115.797493,18.870724,0.111517,0.163105,0.681792,-0.704359,20.588039,134.566833,6.155217,0.04391,0.832716,0.171551,0.52462,-6.042298,88.264824,6.11451,0.143743,0.948348,-0.042817,0.279538,-2.232923,54.855423,-5.711719,0.011645,0.943628,-0.099655,0.315435,-15.568174,11.9142,-5.673597,-0.136458,0.774106,0.027526,0.61756,3.026304,88.477234,22.396725,0.057087,-0.586985,0.109632,-0.800107,11.768706,54.21381,26.885336,0.033313,0.796715,-0.094835,0.595938,6.893867,10.623542,36.77998,0.011645,0.943628,-0.099655,0.315435,-7.79284,3.24685,-15.498288,0.033313,0.796715,-0.094835,0.595938,19.073475,2.021007,33.656372
658,5.483333,-0.022311,0.862324,0.026437,0.505174,-1.525528,88.388374,14.370702,-0.016184,0.858998,0.027312,0.510994,-2.023689,96.011887,14.546866,-0.025342,0.857447,0.029258,0.513114,-2.991956,113.355339,15.074855,0.104903,0.909217,-0.10956,0.387707,-4.476612,133.498505,15.563128,0.126413,0.924715,-0.292518,0.208218,0.777234,146.755768,12.601535,-0.031854,0.798069,0.074088,0.597145,-6.683893,127.140411,12.514665,0.313147,-0.346953,0.27326,-0.840769,-12.201645,127.869606,-6.042254,0.283959,-0.128233,-0.443881,-0.840174,3.966763,109.928093,-16.971519,0.389724,0.006551,-0.626254,-0.675188,17.379158,125.680122,-27.914768,-0.137918,0.905778,0.048226,0.397768,-3.167297,127.240479,19.079609,0.347428,0.892781,0.063162,-0.279724,9.338728,131.337601,33.297531,-0.019557,0.367241,0.513413,-0.775344,25.300127,115.828918,18.893421,0.112526,0.162834,0.682468,-0.703605,20.599609,134.590286,6.176883,0.044095,0.834016,0.171522,0.522545,-6.078948,88.278709,6.240319,0.143308,0.948097,-0.041748,0.280771,-2.31113,54.869747,-5.600462,0.010859,0.943605,-0.099452,0.315596,-15.583769,11.909148,-5.659455,-0.135045,0.774644,0.027571,0.617195,3.027893,88.498047,22.501085,0.057068,-0.587514,0.108979,-0.799809,11.698721,54.207451,26.92045,0.031967,0.796967,-0.095197,0.595616,6.87549,10.604164,36.782963,0.010859,0.943605,-0.099452,0.315596,-7.792588,3.253397,-15.481821,0.031967,0.796967,-0.095197,0.595616,19.066017,2.015354,33.664188
659,5.491667,-0.021775,0.862749,0.026115,0.504489,-1.54015,88.388573,14.473947,-0.017268,0.85954,0.027321,0.510046,-2.028633,96.012703,14.650394,-0.024574,0.85812,0.028509,0.512068,-3.029571,113.367638,15.160871,0.104974,0.909518,-0.110376,0.386748,-4.471568,133.514099,15.640932,0.126305,0.924912,-0.292297,0.207721,0.787984,146.763123,12.652722,-0.032762,0.79782,0.073679,0.59748,-6.699512,127.158783,12.601735,0.312217,-0.347012,0.273756,-0.840929,-12.199465,127.851715,-5.961852,0.2837,-0.127328,-0.444049,-0.840311,3.952392,109.901878,-16.901936,0.390439,0.008099,-0.625596,-0.675368,17.368189,125.676414,-27.806871,-0.137971,0.906379,0.048399,0.396358,-3.16637,127.255455,19.157841,0.347806,0.892424,0.062926,-0.280447,9.382473,131.357635,33.336521,-0.019406,0.367084,0.513495,-0.775368,25.308472,115.836594,18.906559,0.112232,0.163221,0.682752,-0.703287,20.606375,134.599396,6.191304,0.044654,0.834871,0.171108,0.521267,-6.106909,88.283974,6.350981,0.142706,0.947413,-0.040967,0.283489,-2.406102,54.868435,-5.492352,0.010288,0.943605,-0.098521,0.315909,-15.608965,11.886558,-5.640145,-0.133933,0.775191,0.027611,0.616748,3.026608,88.493172,22.59691,0.056967,-0.587837,0.108415,-0.799656,11.642196,54.181419,26.959757,0.03131,0.79708,-0.094234,0.595653,6.85735,10.566062,36.78754,0.010288,0.943605,-0.098521,0.315909,-7.797948,3.257957,-15.470639,0.03131,0.79708,-0.094234,0.595653,19.066391,2.006625,33.660446
660,5.5,-0.021652,0.863357,0.02584,0.503466,-1.557598,88.381058,14.576501,-0.016978,0.860103,0.026864,0.509129,-2.042126,96.005486,14.750854,-0.024762,0.858657,0.027777,0.511197,-3.025788,113.361977,15.253881,0.104816,0.90979,-0.110749,0.386045,-4.458677,133.509735,15.706142,0.126209,0.925058,-0.292197,0.207268,0.797406,146.756454,12.701657,-0.03296,0.798236,0.073226,0.596968,-6.69526,127.150711,12.681082,0.311472,-0.34706,0.273966,-0.841117,-12.218388,127.825043,-5.876315,0.283517,-0.126803,-0.444118,-0.840416,3.92559,109.876038,-16.829357,0.391115,0.008983,-0.624942,-0.675571,17.340883,125.658943,-27.708202,-0.138175,0.906778,0.048296,0.395384,-3.148983,127.25592,19.229963,0.348291,0.892014,0.062712,-0.281196,9.42755,131.370834,33.380398,-0.019147,0.367068,0.513631,-0.775292,25.31333,115.833687,18.923437,0.111933,0.163645,0.682871,-0.703121,20.616894,134.596268,6.203276,0.044719,0.835761,0.171489,0.519706,-6.14367,88.275124,6.464439,0.142522,0.947453,-0.040021,0.283582,-2.454455,54.869305,-5.409915,0.009909,0.943563,-0.098254,0.316128,-15.618387,11.87582,-5.634639,-0.132872,0.775693,0.02756,0.616349,3.028475,88.486992,22.688562,0.056859,-0.588399,0.107893,-0.79932,11.587167,54.154865,27.002842,0.03065,0.797305,-0.093293,0.595535,6.840276,10.528255,36.79903,0.009909,0.943563,-0.098254,0.316128,-7.795738,3.25693,-15.464407,0.03065,0.797305,-0.093293,0.595535,19.06617,1.997636,33.659042
661,5.508333,-0.02099,0.864108,0.025539,0.502219,-1.583694,88.372597,14.681828,-0.016874,0.86075,0.026229,0.508072,-2.056924,95.997688,14.857997,-0.024705,0.859277,0.027202,0.510189,-3.025286,113.349197,15.3449,0.104948,0.910031,-0.111184,0.385314,-4.443851,133.498337,15.780067,0.125767,0.925206,-0.292252,0.206796,0.816581,146.73999,12.760896,-0.033167,0.798683,0.07279,0.596412,-6.691693,127.137733,12.766703,0.310997,-0.347603,0.273983,-0.841063,-12.240038,127.793457,-5.783843,0.283598,-0.125887,-0.444015,-0.84058,3.883464,109.844269,-16.766729,0.391609,0.010173,-0.625038,-0.675179,17.316099,125.640846,-27.61265,-0.137564,0.907387,0.047495,0.394297,-3.13003,127.247238,19.307159,0.348448,0.891656,0.062322,-0.282223,9.4863,131.3582,33.423286,-0.018973,0.366654,0.513641,-0.775486,25.335651,115.817848,18.929825,0.111961,0.163814,0.683142,-0.702813,20.625275,134.583389,6.216225,0.044365,0.836433,0.172735,0.518241,-6.193664,88.273598,6.583233,0.142651,0.948126,-0.038985,0.281403,-2.457388,54.896118,-5.355906,0.010392,0.943492,-0.098935,0.316114,-15.606861,11.898568,-5.641816,-0.132073,0.776148,0.0277,0.615942,3.026276,88.471588,22.780422,0.056693,-0.588927,0.107494,-0.798997,11.550376,54.12492,27.047146,0.030127,0.797554,-0.092285,0.595385,6.829164,10.488883,36.813702,0.010392,0.943492,-0.098935,0.316114,-7.79485,3.259389,-15.462232,0.030127,0.797554,-0.092285,0.595385,19.070484,1.986283,33.657864
662,5.516667,-0.021311,0.864868,0.025487,0.500898,-1.596543,88.340256,14.789474,-0.016466,0.861507,0.025504,0.506837,-2.073346,95.965179,14.96322,-0.024856,0.860008,0.026679,0.508976,-3.016918,113.334335,15.43746,0.104864,0.91032,-0.111794,0.384477,-4.429355,133.484314,15.853383,0.1254,0.92534,-0.292221,0.206463,0.83119,146.72081,12.81186,-0.033389,0.799226,0.072551,0.595701,-6.687164,127.120804,12.853646,0.310643,-0.348289,0.27384,-0.840956,-12.267745,127.761421,-5.687748,0.283559,-0.125251,-0.443757,-0.840825,3.834584,109.815361,-16.70673,0.391878,0.010523,-0.625175,-0.67489,17.282137,125.611649,-27.522173,-0.138112,0.907845,0.047466,0.393051,-3.107195,127.236954,19.383986,0.349076,0.891237,0.061914,-0.282857,9.54128,131.372345,33.464157,-0.017976,0.366184,0.513739,-0.775666,25.348354,115.806007,18.952436,0.112571,0.163784,0.683475,-0.702399,20.627542,134.558868,6.231164,0.044325,0.837973,0.173246,0.515579,-6.230956,88.234673,6.704927,0.142532,0.948283,-0.037982,0.281072,-2.511141,54.869534,-5.273781,0.009661,0.94348,-0.097939,0.316482,-15.626013,11.86201,-5.637451,-0.131396,0.776729,0.027666,0.615355,3.03787,88.445839,22.874022,0.05628,-0.589843,0.107189,-0.798391,11.527298,54.086304,27.106201,0.029537,0.79783,-0.090902,0.595257,6.816642,10.440162,36.832634,0.009661,0.94348,-0.097939,0.316482,-7.790368,3.252944,-15.465474,0.029537,0.79783,-0.090902,0.595257,19.0781,1.974141,33.6567
663,5.525,-0.021031,0.865711,0.024991,0.499478,-1.62517,88.313446,14.907673,-0.016038,0.86227,0.024625,0.505595,-2.094212,95.938942,15.077793,-0.025054,0.860725,0.026152,0.507781,-3.008807,113.310493,15.534565,0.104783,0.910565,-0.112535,0.383702,-4.416749,133.461182,15.930059,0.124864,0.925467,-0.292221,0.206221,0.845584,146.691177,12.863408,-0.03367,0.799667,0.072648,0.595081,-6.683849,127.09446,12.944217,0.309636,-0.34892,0.274177,-0.840956,-12.292314,127.726303,-5.589062,0.283254,-0.124689,-0.443702,-0.84104,3.776926,109.77346,-16.645247,0.392696,0.010637,-0.625563,-0.674053,17.234596,125.582794,-27.433846,-0.138202,0.908375,0.046948,0.391856,-3.085932,127.217865,19.464548,0.349271,0.890891,0.060507,-0.28401,9.597924,131.369324,33.50811,-0.016833,0.365542,0.51376,-0.775981,25.363148,115.782806,18.972544,0.114077,0.163096,0.684473,-0.701344,20.621092,134.525955,6.240521,0.044467,0.838366,0.174642,0.514457,-6.286284,88.206757,6.838507,0.142385,0.947998,-0.037695,0.282143,-2.538852,54.877136,-5.230142,0.009282,0.94341,-0.097903,0.316713,-15.63392,11.863888,-5.629254,-0.130691,0.776984,0.028308,0.615154,3.035944,88.420128,22.976839,0.056139,-0.590402,0.10706,-0.798005,11.516497,54.049999,27.140179,0.028943,0.798137,-0.089816,0.595041,6.814154,10.399956,36.853115,0.009282,0.94341,-0.097903,0.316713,-7.787565,3.259078,-15.452456,0.028943,0.798137,-0.089816,0.595041,19.091961,1.964644,33.658695
664,5.533333,-0.02061,0.865964,0.025553,0.499028,-1.62374,88.308884,14.984549,-0.015963,0.86286,0.024889,0.504577,-2.09141,95.934212,15.165556,-0.024855,0.861448,0.02553,0.506595,-3.007083,113.29055,15.632264,0.104556,0.910876,-0.113301,0.382801,-4.394853,133.442947,16.012175,0.124303,0.925597,-0.292327,0.205825,0.865154,146.667267,12.917191,-0.033503,0.800829,0.07205,0.593598,-6.676196,127.075493,13.038736,0.309264,-0.349665,0.273753,-0.840922,-12.353374,127.693069,-5.474083,0.283563,-0.124326,-0.443187,-0.841261,3.700574,109.754303,-16.575237,0.393517,0.010336,-0.625863,-0.6733,17.182657,125.54953,-27.349428,-0.137798,0.909088,0.046604,0.390383,-3.060216,127.201775,19.549011,0.34941,0.890572,0.059703,-0.28501,9.672606,131.350693,33.548935,-0.015705,0.364409,0.51374,-0.77655,25.402529,115.754593,18.98543,0.115943,0.162339,0.684558,-0.701131,20.621096,134.491318,6.257158,0.044937,0.838426,0.175115,0.514157,-6.293558,88.213905,6.92027,0.142211,0.94784,-0.037391,0.282801,-2.560816,54.899097,-5.19373,0.00939,0.943372,-0.098157,0.316744,-15.633492,11.879337,-5.62334,-0.130357,0.777432,0.028622,0.614644,3.046076,88.403862,23.048826,0.055793,-0.591281,0.107114,-0.797371,11.524987,54.028786,27.174479,0.028637,0.798371,-0.088957,0.59487,6.810932,10.376313,36.870792,0.00939,0.943372,-0.098157,0.316744,-7.78925,3.267583,-15.442141,0.028637,0.798371,-0.088957,0.59487,19.099531,1.962738,33.660595
665,5.541667,-0.020687,0.866915,0.025132,0.497393,-1.653164,88.272133,15.101107,-0.015803,0.863798,0.024074,0.503015,-2.118305,95.897736,15.276827,-0.024409,0.862389,0.025121,0.505034,-3.015307,113.279655,15.72414,0.104637,0.911243,-0.114228,0.381628,-4.378543,133.433777,16.101427,0.123669,0.92574,-0.292542,0.205256,0.887248,146.648544,12.975645,-0.033951,0.801246,0.071916,0.593026,-6.678025,127.067825,13.138755,0.308096,-0.35035,0.274364,-0.840866,-12.380349,127.66626,-5.366973,0.282886,-0.124298,-0.44291,-0.841639,3.630405,109.711517,-16.504622,0.393961,0.009463,-0.626254,-0.672689,17.127356,125.511597,-27.264668,-0.137649,0.909922,0.046671,0.38848,-3.038182,127.192398,19.635756,0.349922,0.890077,0.058501,-0.286175,9.753661,131.342972,33.581291,-0.014337,0.363054,0.513889,-0.777113,25.429312,115.717316,18.990984,0.118073,0.161329,0.684954,-0.700621,20.609327,134.448883,6.269467,0.044909,0.839478,0.176292,0.512036,-6.353296,88.170853,7.054534,0.142065,0.947822,-0.036779,0.283017,-2.605771,54.885338,-5.13519,0.008773,0.943347,-0.097477,0.317047,-15.650895,11.857759,-5.616029,-0.130105,0.778059,0.029417,0.613867,3.046969,88.373405,23.147678,0.055327,-0.592352,0.10735,-0.796576,11.550938,53.996937,27.209707,0.029091,0.798505,-0.0871,0.594944,6.808176,10.344341,36.891468,0.008773,0.943347,-0.097477,0.317047,-7.787723,3.267667,-15.438665,0.029091,0.798505,-0.0871,0.594944,19.109901,1.960647,33.653461
666,5.55,-0.020318,0.867128,0.025618,0.497012,-1.65213,88.268379,15.181713,-0.015707,0.864451,0.02441,0.501879,-2.115995,95.893845,15.366885,-0.024501,0.863202,0.024281,0.503678,-3.01482,113.264099,15.826881,0.104885,0.911515,-0.115002,0.380677,-4.363574,133.419724,16.175135,0.123012,0.925921,-0.292696,0.204614,0.911679,146.625122,13.025865,-0.033178,0.802377,0.071003,0.591649,-6.676471,127.050423,13.230148,0.30825,-0.351306,0.27413,-0.840487,-12.444017,127.646622,-5.255426,0.282863,-0.124382,-0.442305,-0.841953,3.537977,109.689316,-16.430185,0.393818,0.00871,-0.626171,-0.672861,17.056055,125.467598,-27.184481,-0.137252,0.910586,0.046231,0.387116,-3.016333,127.183296,19.715572,0.350254,0.889666,0.057259,-0.287295,9.82075,131.332474,33.619892,-0.013012,0.362065,0.513954,-0.777554,25.450008,115.683304,19.005013,0.119834,0.160164,0.685359,-0.700193,20.600225,134.403549,6.281055,0.045415,0.839617,0.176641,0.511644,-6.359605,88.177315,7.139311,0.141862,0.947806,-0.036268,0.283237,-2.63498,54.903839,-5.09024,0.008948,0.943307,-0.0976,0.317122,-15.650307,11.867717,-5.612306,-0.130107,0.778596,0.030066,0.613153,3.055345,88.359444,23.224115,0.054745,-0.5934,0.107758,-0.795781,11.591331,53.985775,27.242447,0.028474,0.79886,-0.087513,0.594435,6.801203,10.335305,36.910473,0.008948,0.943307,-0.0976,0.317122,-7.788571,3.273238,-15.43226,0.028474,0.79886,-0.087513,0.594435,19.102058,1.952613,33.666573
667,5.558333,-0.020047,0.867735,0.025351,0.495975,-1.672525,88.247368,15.27697,-0.015577,0.86519,0.02414,0.500621,-2.130558,95.873207,15.461211,-0.0238,0.86401,0.023915,0.502343,-3.020257,113.247635,15.916753,0.104747,0.91194,-0.115974,0.3794,-4.336606,133.405334,16.268578,0.122453,0.926098,-0.292986,0.203731,0.938655,146.602295,13.084137,-0.032995,0.803298,0.070414,0.590479,-6.668614,127.039551,13.331064,0.301907,-0.350183,0.277669,-0.842095,-12.490223,127.623596,-5.137943,0.278796,-0.126917,-0.441531,-0.843336,3.430006,109.621033,-16.328045,0.392597,0.008764,-0.625252,-0.674426,16.97044,125.411568,-27.112299,-0.136994,0.911276,0.04619,0.385585,-2.98796,127.166916,19.804976,0.350629,0.889127,0.055681,-0.28881,9.897704,131.313995,33.664913,-0.01209,0.361335,0.513997,-0.77788,25.466745,115.637589,19.015018,0.120942,0.159051,0.685442,-0.700175,20.593952,134.353607,6.288408,0.045651,0.839579,0.177999,0.511214,-6.399387,88.157494,7.245937,0.141768,0.948272,-0.035734,0.281789,-2.644699,54.919876,-5.07161,0.009174,0.943278,-0.097929,0.317099,-15.639729,11.877903,-5.616909,-0.130227,0.779095,0.031008,0.612446,3.054338,88.33725,23.308002,0.054118,-0.594332,0.10809,-0.795083,11.641161,53.969894,27.271629,0.029113,0.798874,-0.086252,0.59457,6.80514,10.319746,36.918221,0.009174,0.943278,-0.097929,0.317099,-7.78337,3.273664,-15.432614,0.029113,0.798874,-0.086252,0.59457,19.111454,1.952253,33.655842
668,5.566667,-0.020283,0.868455,0.024953,0.494724,-1.694385,88.21624,15.384624,-0.015131,0.865953,0.023723,0.499334,-2.152284,95.842239,15.562463,-0.023724,0.864776,0.023268,0.501057,-3.021411,113.23304,16.014925,0.104837,0.912259,-0.11693,0.378313,-4.321513,133.39212,16.347673,0.121961,0.926282,-0.293168,0.202927,0.960242,146.57901,13.132407,-0.032406,0.803968,0.070131,0.589632,-6.667018,127.024773,13.424341,0.299872,-0.350395,0.279521,-0.842121,-12.528833,127.617523,-5.031669,0.276752,-0.128468,-0.441171,-0.843962,3.328825,109.56633,-16.232256,0.391534,0.007825,-0.624563,-0.675693,16.87705,125.360954,-27.043734,-0.136584,0.912085,0.046071,0.383827,-2.967093,127.156708,19.887167,0.351146,0.8887,0.054965,-0.289635,9.975323,131.298508,33.695717,-0.011269,0.360619,0.513856,-0.778318,25.499832,115.597137,19.025303,0.121644,0.158446,0.684376,-0.701233,20.59651,134.303864,6.297872,0.045405,0.841409,0.178247,0.508132,-6.444165,88.118004,7.367222,0.141564,0.948343,-0.034586,0.281797,-2.710785,54.885094,-4.969493,0.008172,0.943301,-0.096649,0.317452,-15.66027,11.830669,-5.607389,-0.130217,0.779746,0.031869,0.611575,3.055396,88.314476,23.402027,0.053434,-0.594975,0.10822,-0.794631,11.683323,53.950794,27.307838,0.029097,0.798808,-0.085649,0.594747,6.808899,10.296554,36.916527,0.008172,0.943301,-0.096649,0.317452,-7.775418,3.265686,-15.434572,0.029097,0.798808,-0.085649,0.594747,19.122925,1.941534,33.651287
669,5.575,-0.019643,0.868611,0.025544,0.494447,-1.694045,88.220421,15.449955,-0.015306,0.866547,0.02425,0.498272,-2.14784,95.846352,15.640621,-0.02312,0.865564,0.022669,0.499751,-3.030449,113.229034,16.106812,0.104934,0.91266,-0.117759,0.377058,-4.296842,133.390381,16.432789,0.121455,0.926479,-0.293492,0.201862,0.989399,146.568436,13.18876,-0.031916,0.804965,0.069449,0.588379,-6.661569,127.025291,13.520008,0.304675,-0.353221,0.277146,-0.839999,-12.581796,127.613113,-4.917505,0.278389,-0.12784,-0.441056,-0.84358,3.240544,109.56427,-16.171698,0.390046,0.007846,-0.624044,-0.677032,16.780605,125.320862,-26.971998,-0.135926,0.912812,0.045907,0.38235,-2.941752,127.154633,19.971458,0.35146,0.888254,0.053637,-0.290866,10.051449,131.282074,33.736538,-0.010765,0.360145,0.513667,-0.778669,25.526375,115.557358,19.038769,0.122224,0.157941,0.683607,-0.701995,20.59812,134.257446,6.310192,0.046211,0.841137,0.178054,0.508577,-6.449424,88.137825,7.435694,0.14112,0.947552,-0.034466,0.284679,-2.764859,54.905285,-4.916684,0.008045,0.943249,-0.096631,0.317616,-15.672328,11.83882,-5.59259,-0.130552,0.780293,0.032504,0.610772,3.061334,88.303024,23.464214,0.052718,-0.595724,0.108583,-0.794068,11.738789,53.948479,27.340593,0.02823,0.79905,-0.086465,0.594345,6.809192,10.294497,36.922264,0.008045,0.943249,-0.096631,0.317616,-7.781931,3.275484,-15.416758,0.02823,0.79905,-0.086465,0.594345,19.122557,1.936508,33.662128
670,5.583333,-0.019595,0.869122,0.025711,0.49354,-1.698485,88.214279,15.536112,-0.01538,0.866903,0.024071,0.497658,-2.152712,95.840111,15.729838,-0.022113,0.865899,0.022716,0.499214,-3.033576,113.212013,16.189693,0.104884,0.912998,-0.118762,0.375938,-4.26551,133.375107,16.538418,0.120771,0.926747,-0.293897,0.200449,1.023824,146.543549,13.260582,-0.031539,0.806031,0.069043,0.586986,-6.644799,127.017082,13.622093,0.303315,-0.353797,0.278362,-0.839847,-12.629402,127.602402,-4.794708,0.276379,-0.129695,-0.440777,-0.844103,3.135526,109.517845,-16.07214,0.388274,0.007211,-0.623052,-0.678967,16.666027,125.263748,-26.904839,-0.135286,0.913665,0.044973,0.380647,-2.916299,127.133392,20.068779,0.351859,0.887668,0.052419,-0.292392,10.133985,131.259491,33.780167,-0.010519,0.359598,0.51348,-0.779049,25.546843,115.512337,19.04125,0.12207,0.15773,0.683197,-0.702469,20.590134,134.215302,6.316707,0.046239,0.841216,0.179079,0.508083,-6.470602,88.133369,7.531788,0.14116,0.948219,-0.033726,0.282519,-2.757113,54.927097,-4.882433,0.003942,0.943723,-0.097656,0.315968,-15.650929,11.857101,-5.592916,-0.13059,0.780778,0.033475,0.610091,3.073632,88.295189,23.540434,0.052197,-0.596111,0.109063,-0.793746,11.79839,53.945923,27.356934,0.028953,0.799037,-0.085562,0.594459,6.811598,10.296408,36.929329,0.003942,0.943723,-0.097656,0.315968,-7.743979,3.303869,-15.412578,0.028953,0.799037,-0.085562,0.594459,19.12566,1.945146,33.654613
671,5.591667,-0.020151,0.869564,0.026363,0.492705,-1.679248,88.193527,15.609529,-0.015101,0.867624,0.024214,0.496401,-2.145574,95.818497,15.808147,-0.021817,0.866711,0.022408,0.497829,-3.021003,113.213852,16.279028,0.105005,0.91347,-0.11945,0.374537,-4.235825,133.378021,16.624905,0.120351,0.926973,-0.294289,0.199073,1.056337,146.538834,13.321072,-0.031189,0.807132,0.068589,0.585544,-6.629497,127.02092,13.718372,0.304538,-0.355379,0.278009,-0.838853,-12.68049,127.601662,-4.676861,0.276841,-0.129586,-0.440607,-0.844057,3.035341,109.498978,-15.993646,0.38815,0.006311,-0.624177,-0.678014,16.577091,125.239182,-26.831373,-0.134748,0.914299,0.045037,0.379305,-2.880247,127.136421,20.153025,0.352614,0.88703,0.05178,-0.293531,10.215165,131.248138,33.825638,-0.009157,0.35876,0.513933,-0.779154,25.564436,115.470612,19.052902,0.123373,0.156019,0.682716,-0.703091,20.601851,134.167877,6.32571,0.047025,0.84104,0.179914,0.508008,-6.466296,88.109024,7.614165,0.14121,0.948336,-0.033625,0.282112,-2.770083,54.929352,-4.876086,0.007923,0.943232,-0.09705,0.317541,-15.665833,11.860004,-5.590943,-0.130531,0.78135,0.033901,0.609348,3.1078,88.278023,23.604893,0.051524,-0.596761,0.109439,-0.793249,11.851336,53.92971,27.386841,0.028569,0.799153,-0.085145,0.594382,6.809485,10.281319,36.935501,0.007923,0.943232,-0.09705,0.317541,-7.777446,3.28773,-15.40893,0.028569,0.799153,-0.085145,0.594382,19.131752,1.944401,33.655109
672,5.6,-0.019909,0.870379,0.026164,0.491283,-1.69113,88.180687,15.702335,-0.015221,0.868305,0.023664,0.495232,-2.152429,95.805969,15.900893,-0.021004,0.867373,0.022379,0.496711,-3.021512,113.205162,16.354353,0.104856,0.913996,-0.119941,0.373137,-4.206828,133.370789,16.717144,0.12001,0.92717,-0.294787,0.197622,1.079296,146.527939,13.389197,-0.030484,0.807994,0.068272,0.584428,-6.617155,127.019073,13.812605,0.305297,-0.35671,0.278427,-0.837873,-12.720413,127.61071,-4.565008,0.276872,-0.130081,-0.440468,-0.844043,2.932837,109.468063,-15.904514,0.38801,0.005329,-0.624688,-0.677632,16.472094,125.193359,-26.758831,-0.13434,0.914945,0.044903,0.377904,-2.850816,127.12487,20.237436,0.353282,0.886419,0.051094,-0.29469,10.289968,131.229919,33.868462,-0.007917,0.35759,0.514299,-0.779464,25.578094,115.424896,19.061739,0.124795,0.154575,0.682654,-0.703218,20.594688,134.119522,6.34373,0.046829,0.842122,0.180355,0.506074,-6.504435,88.09729,7.72274,0.140372,0.94861,-0.032426,0.281749,-2.808971,54.927616,-4.79428,0.001979,0.944321,-0.097232,0.314324,-15.605254,11.829937,-5.584714,-0.130491,0.781913,0.034462,0.608602,3.122175,88.264084,23.681931,0.050831,-0.597572,0.109685,-0.792649,11.89127,53.91777,27.422604,0.028467,0.799211,-0.084743,0.594365,6.804326,10.26783,36.940216,0.001979,0.944321,-0.097232,0.314324,-7.705034,3.302565,-15.432246,0.028467,0.799211,-0.084743,0.594365,19.131643,1.940572,33.654278
673,5.608333,-0.019643,0.870823,0.026485,0.49049,-1.686542,88.174232,15.773151,-0.015044,0.868973,0.023717,0.494062,-2.146526,95.799416,15.9784,-0.020586,0.868129,0.022103,0.495419,-3.010382,113.195313,16.437588,0.10484,0.91456,-0.120411,0.371604,-4.174973,133.362152,16.800842,0.119784,0.927438,-0.295159,0.19594,1.10754,146.514923,13.449875,-0.029398,0.80928,0.067631,0.582776,-6.600185,127.012344,13.904519,0.305426,-0.357501,0.278721,-0.837391,-12.780683,127.617661,-4.446819,0.276936,-0.13087,-0.440105,-0.84409,2.833943,109.453835,-15.805644,0.388119,0.00421,-0.625246,-0.677062,16.372089,125.147629,-26.682896,-0.133259,0.915434,0.044086,0.377198,-2.814487,127.11544,20.318008,0.353862,0.885717,0.050642,-0.29618,10.358151,131.197861,33.925064,-0.006989,0.356604,0.514767,-0.779615,25.577868,115.375694,19.066265,0.125923,0.153561,0.682499,-0.703391,20.583981,134.075989,6.358837,0.046995,0.842732,0.18042,0.505018,-6.514545,88.097542,7.802372,0.140979,0.948285,-0.032031,0.282585,-2.842362,54.930664,-4.728878,0.007712,0.943214,-0.096388,0.317802,-15.678755,11.846071,-5.579937,-0.130253,0.782298,0.034756,0.608142,3.141462,88.250931,23.743931,0.05025,-0.598323,0.109726,-0.792114,11.912473,53.901638,27.452648,0.028111,0.799167,-0.084309,0.594504,6.800098,10.247225,36.936062,0.007712,0.943214,-0.096388,0.317802,-7.778296,3.29152,-15.403674,0.028111,0.799167,-0.084309,0.594504,19.137398,1.934438,33.650948
674,5.616667,-0.019229,0.87131,0.026706,0.489629,-1.682096,88.164864,15.83963,-0.014934,0.869777,0.023986,0.492636,-2.138014,95.790108,16.051371,-0.020151,0.869064,0.021488,0.493821,-3.002401,113.185898,16.522009,0.10501,0.915191,-0.120502,0.36997,-4.138813,133.354538,16.874481,0.119544,0.927713,-0.295569,0.194156,1.140592,146.505432,13.511363,-0.028615,0.810523,0.067503,0.5811,-6.583153,127.005814,13.991883,0.308062,-0.359131,0.278102,-0.835932,-12.840986,127.627052,-4.33269,0.278397,-0.130919,-0.440044,-0.843633,2.729972,109.435631,-15.707311,0.388646,0.003394,-0.62555,-0.676483,16.261831,125.098587,-26.606392,-0.133172,0.91585,0.044222,0.376202,-2.773656,127.10862,20.391266,0.354645,0.884976,0.049422,-0.297661,10.428948,131.18985,33.969601,-0.005495,0.355374,0.51542,-0.779758,25.572586,115.329552,19.073778,0.128084,0.151961,0.683275,-0.702594,20.568262,134.035522,6.370469,0.047303,0.843,0.180516,0.504507,-6.526141,88.096298,7.878517,0.140086,0.948203,-0.031353,0.28338,-2.876443,54.933949,-4.671281,0.003494,0.944131,-0.096504,0.315106,-15.620672,11.822921,-5.56772,-0.130029,0.782595,0.035127,0.607785,3.161947,88.233421,23.800743,0.049798,-0.599025,0.109957,-0.79158,11.938422,53.881824,27.475018,0.027584,0.799516,-0.085056,0.593952,6.79363,10.227921,36.943233,0.003494,0.944131,-0.096504,0.315106,-7.720988,3.300273,-15.419766,0.027584,0.799516,-0.085056,0.593952,19.125238,1.907971,33.654896
675,5.625,-0.018733,0.871991,0.026761,0.488431,-1.687182,88.163017,15.916077,-0.01437,0.870506,0.023775,0.491374,-2.136608,95.788506,16.132893,-0.019811,0.869802,0.021485,0.492535,-2.979272,113.177994,16.607847,0.105278,0.915799,-0.120738,0.368307,-4.103149,133.347183,16.968708,0.119255,0.928024,-0.296139,0.191968,1.176863,146.494003,13.590651,-0.027686,0.811785,0.066791,0.579463,-6.559679,127.000572,14.09183,0.30743,-0.359968,0.278966,-0.835517,-12.893131,127.629379,-4.206488,0.277604,-0.132374,-0.439655,-0.84387,2.620404,109.404198,-15.605489,0.388675,0.002,-0.624769,-0.677193,16.148167,125.040039,-26.540295,-0.132857,0.9163,0.044023,0.375239,-2.731074,127.099625,20.47986,0.355489,0.884129,0.048971,-0.299243,10.502821,131.176514,34.029007,-0.003761,0.35386,0.516212,-0.779932,25.564648,115.289581,19.078712,0.130336,0.150642,0.684207,-0.701555,20.548618,133.998932,6.38635,0.047228,0.843302,0.181178,0.503771,-6.553408,88.102188,7.968439,0.14007,0.948353,-0.030741,0.282953,-2.885943,54.956429,-4.619935,0.003114,0.944146,-0.0973,0.31482,-15.613869,11.841572,-5.56241,-0.129654,0.783038,0.03562,0.607267,3.179043,88.223846,23.863714,0.049412,-0.599801,0.110104,-0.790996,11.958764,53.867794,27.488274,0.028307,0.799365,-0.083636,0.594323,6.792037,10.213346,36.942013,0.003114,0.944146,-0.0973,0.31482,-7.719012,3.303087,-15.404609,0.028307,0.799365,-0.083636,0.594323,19.131727,1.910783,33.640064
676,5.633333,-0.018556,0.872622,0.026922,0.487301,-1.684329,88.157845,15.985918,-0.013807,0.871284,0.024008,0.489997,-2.132311,95.783302,16.206776,-0.019842,0.87062,0.021042,0.491106,-2.962006,113.191895,16.700274,0.105578,0.916355,-0.120993,0.366754,-4.077596,133.361786,17.046776,0.119253,0.928257,-0.296631,0.190073,1.204557,146.504105,13.65447,-0.02722,0.812771,0.066697,0.578112,-6.545761,127.013489,14.183625,0.305348,-0.359848,0.280811,-0.835714,-12.940812,127.650276,-4.092984,0.277293,-0.132908,-0.439769,-0.843829,2.522553,109.38208,-15.491319,0.390372,0.001474,-0.626665,-0.674462,16.06143,125.042549,-26.460249,-0.132254,0.91685,0.043993,0.374111,-2.696239,127.116882,20.559006,0.356299,0.883368,0.04827,-0.300636,10.576606,131.177551,34.07489,-0.001915,0.352235,0.516835,-0.780262,25.563574,115.25946,19.082558,0.132562,0.148911,0.685153,-0.700584,20.524231,133.968781,6.399486,0.04721,0.843778,0.181576,0.502831,-6.571241,88.100571,8.050955,0.140217,0.948548,-0.030067,0.282299,-2.902143,54.964973,-4.563673,0.001676,0.944186,-0.097458,0.314662,-15.626146,11.85013,-5.558585,-0.129219,0.783931,0.03594,0.606187,3.202584,88.215118,23.920881,0.049107,-0.600794,0.110393,-0.790221,11.977318,53.852665,27.496511,0.026997,0.799743,-0.084449,0.59376,6.785579,10.201248,36.950569,0.001676,0.944186,-0.097458,0.314662,-7.715171,3.320335,-15.395376,0.026997,0.799743,-0.084449,0.59376,19.128704,1.902594,33.651619
677,5.641667,-0.018177,0.873236,0.027027,0.486208,-1.674214,88.159653,16.05687,-0.01305,0.871741,0.023884,0.48921,-2.117648,95.78524,16.282497,-0.020049,0.870984,0.02199,0.490409,-2.923492,113.231956,16.786999,0.105851,0.916647,-0.122467,0.365454,-4.064855,133.399887,17.163614,0.119186,0.928449,-0.297162,0.188341,1.231687,146.525116,13.727948,-0.027521,0.813601,0.065975,0.577012,-6.529313,127.052376,14.295504,0.307881,-0.362639,0.279201,-0.834116,-12.972969,127.659836,-3.965019,0.278486,-0.132144,-0.439622,-0.843633,2.431284,109.392761,-15.444882,0.390781,0.000935,-0.626822,-0.67408,15.964238,125.021103,-26.387648,-0.131421,0.917705,0.044062,0.372296,-2.669723,127.151855,20.664852,0.357276,0.882424,0.047227,-0.302409,10.664123,131.189362,34.127525,-0.000361,0.350726,0.517558,-0.780464,25.557396,115.231178,19.084543,0.134704,0.147542,0.685833,-0.6998,20.50412,133.944153,6.416889,0.047303,0.844325,0.181905,0.501785,-6.581217,88.108727,8.134274,0.140103,0.948605,-0.029582,0.282214,-2.921338,54.982269,-4.507032,0.001972,0.944232,-0.097337,0.314559,-15.623784,11.861944,-5.53912,-0.128689,0.784668,0.036373,0.60532,3.232788,88.210587,23.979465,0.048777,-0.601965,0.110694,-0.789307,12.001105,53.840626,27.498167,0.026721,0.799797,-0.084316,0.593718,6.784427,10.192281,36.952682,0.001972,0.944232,-0.097337,0.314559,-7.718716,3.332343,-15.380825,0.026721,0.799797,-0.084316,0.593718,19.131924,1.900642,33.652477
678,5.65,-0.017948,0.874096,0.027052,0.484668,-1.678937,88.166702,16.132114,-0.012441,0.872455,0.023714,0.48796,-2.119101,95.792397,16.360567,-0.019732,0.871641,0.021888,0.489258,-2.902493,113.233711,16.871258,0.10578,0.91733,-0.122526,0.363735,-4.030174,133.402328,17.252083,0.119345,0.928762,-0.297536,0.186092,1.256179,146.527832,13.801815,-0.026826,0.814884,0.065929,0.575238,-6.506236,127.056541,14.390164,0.308069,-0.363445,0.279543,-0.833581,-13.030558,127.679016,-3.841183,0.278563,-0.133071,-0.439559,-0.843495,2.332513,109.387955,-15.338018,0.390998,0.000558,-0.627005,-0.673784,15.854184,124.995682,-26.315313,-0.131242,0.918258,0.04424,0.370973,-2.629668,127.153221,20.749239,0.358,0.881672,0.046782,-0.303812,10.74411,131.18689,34.173393,0.001367,0.348965,0.518113,-0.780884,25.564867,115.205505,19.083517,0.136485,0.145675,0.686843,-0.698854,20.481392,133.919724,6.431846,0.047248,0.844841,0.182268,0.500788,-6.613959,88.118675,8.226925,0.139995,0.948201,-0.028973,0.283683,-2.952445,55.001282,-4.437628,0.001888,0.944164,-0.097729,0.314643,-15.628966,11.875036,-5.538478,-0.128079,0.78548,0.037047,0.604355,3.256085,88.214729,24.037304,0.048527,-0.603383,0.111043,-0.78819,12.024243,53.837132,27.481031,0.027556,0.799598,-0.083367,0.594082,6.786592,10.19356,36.945992,0.001888,0.944164,-0.097729,0.314643,-7.722702,3.33692,-15.371832,0.027556,0.799598,-0.083367,0.594082,19.136112,1.90807,33.637913
679,5.658333,-0.017716,0.874711,0.026894,0.483573,-1.675349,88.165871,16.204521,-0.012281,0.873189,0.023938,0.486638,-2.110956,95.791824,16.433119,-0.019266,0.872433,0.0217,0.487871,-2.892656,113.236382,16.954643,0.105951,0.917946,-0.122844,0.362021,-3.9996,133.406052,17.339825,0.119367,0.929066,-0.297811,0.184112,1.285196,146.527344,13.87115,-0.026314,0.815725,0.065116,0.574161,-6.490964,127.062782,14.485626,0.308626,-0.364587,0.279736,-0.832811,-13.064323,127.679741,-3.728293,0.278109,-0.133785,-0.439813,-0.843399,2.248965,109.362175,-15.249321,0.390259,0.000312,-0.627048,-0.674173,15.752314,124.972725,-26.249039,-0.130827,0.918796,0.044281,0.36978,-2.593934,127.155457,20.832243,0.358979,0.880986,0.048598,-0.304362,10.818296,131.178528,34.221172,0.003937,0.346675,0.518739,-0.78148,25.584084,115.195061,19.079672,0.138283,0.144284,0.687696,-0.69795,20.459818,133.894485,6.446703,0.047256,0.845751,0.18239,0.499205,-6.630274,88.119438,8.31178,0.139936,0.948279,-0.028125,0.283538,-2.988577,55.005283,-4.366933,0.008613,0.943462,-0.096658,0.316957,-15.639028,11.873192,-5.536651,-0.127622,0.786371,0.037761,0.603247,3.279577,88.212311,24.097261,0.048205,-0.604523,0.111483,-0.787274,12.058015,53.830181,27.468788,0.027487,0.799599,-0.083485,0.594067,6.785798,10.192627,36.942245,0.008613,0.943462,-0.096658,0.316957,-7.771491,3.303868,-15.373923,0.027487,0.799599,-0.083485,0.594067,19.134903,1.905851,33.635853
680,5.666667,-0.017546,0.875335,0.027067,0.482439,-1.663314,88.168419,16.26964,-0.012024,0.8739,0.024042,0.485362,-2.097632,95.794312,16.502377,-0.019034,0.873174,0.021647,0.486556,-2.872728,113.244354,17.03273,0.106219,0.918451,-0.12315,0.360555,-3.969906,133.41449,17.422277,0.119243,0.929313,-0.298109,0.182453,1.316943,146.530899,13.938332,-0.026,0.816747,0.064817,0.572755,-6.472597,127.072418,14.57531,0.309692,-0.365726,0.279445,-0.832013,-13.109073,127.688065,-3.615747,0.278023,-0.134298,-0.439999,-0.843249,2.16874,109.355858,-15.160569,0.389664,-0.000507,-0.62724,-0.674338,15.653929,124.959755,-26.176903,-0.130425,0.919272,0.044211,0.368746,-2.556342,127.163109,20.910109,0.359758,0.880259,0.048738,-0.305522,10.889544,131.177048,34.267986,0.005696,0.345053,0.51941,-0.781741,25.588142,115.176353,19.079391,0.139747,0.142399,0.6887,-0.697055,20.444656,133.876907,6.459625,0.047298,0.846489,0.182494,0.497911,-6.638775,88.125542,8.389808,0.139819,0.948305,-0.027412,0.283577,-3.015228,55.014359,-4.301872,0.008659,0.943486,-0.09665,0.316888,-15.638012,11.875784,-5.529823,-0.127157,0.787272,0.038385,0.60213,3.312147,88.211296,24.149471,0.047933,-0.605426,0.111946,-0.78653,12.096457,53.824108,27.453428,0.02754,0.799622,-0.083661,0.59401,6.788025,10.193506,36.938709,0.008659,0.943486,-0.09665,0.316888,-7.772631,3.306215,-15.368605,0.02754,0.799622,-0.083661,0.59401,19.134245,1.902306,33.632614
681,5.675,-0.017342,0.876158,0.02731,0.480938,-1.663978,88.176582,16.338932,-0.011171,0.874497,0.023713,0.484322,-2.096945,95.802391,16.577158,-0.018892,0.873667,0.021877,0.485666,-2.840014,113.259521,17.113008,0.106306,0.918913,-0.123621,0.359188,-3.936281,133.429459,17.514584,0.119177,0.929579,-0.298394,0.180667,1.350036,146.540588,14.009954,-0.025624,0.818056,0.064178,0.570972,-6.444834,127.088799,14.669673,0.309954,-0.36668,0.279482,-0.831483,-13.161057,127.696442,-3.492367,0.277642,-0.135052,-0.440046,-0.843229,2.078602,109.349693,-15.064481,0.389225,-0.001683,-0.627806,-0.674062,15.553282,124.948692,-26.103922,-0.129898,0.919893,0.044292,0.367371,-2.51561,127.176392,20.996481,0.360813,0.879268,0.048236,-0.307204,10.974827,131.175919,34.313713,0.006322,0.34404,0.520114,-0.781715,25.578472,115.141068,19.069624,0.140072,0.14157,0.688918,-0.696943,20.435019,133.862167,6.468029,0.047207,0.847002,0.182814,0.49693,-6.666528,88.138184,8.476244,0.139684,0.948389,-0.026652,0.283436,-3.040622,55.03471,-4.234859,0.008932,0.943483,-0.09694,0.316802,-15.633225,11.88904,-5.522216,-0.126761,0.788276,0.038955,0.600862,3.338571,88.214989,24.201622,0.047615,-0.606354,0.112318,-0.785781,12.130701,53.82378,27.44235,0.027372,0.799616,-0.084087,0.593965,6.790223,10.197941,36.931557,0.008932,0.943483,-0.09694,0.316802,-7.775086,3.310166,-15.358678,0.027372,0.799616,-0.084087,0.593965,19.134024,1.900812,33.631306
682,5.683333,-0.01704,0.876772,0.027355,0.479824,-1.653983,88.178764,16.406679,-0.011018,0.875187,0.023795,0.483073,-2.082923,95.804688,16.648277,-0.018749,0.87439,0.021635,0.484379,-2.822052,113.264656,17.190388,0.106483,0.919402,-0.123721,0.357846,-3.907923,133.435242,17.58783,0.119141,0.929832,-0.298482,0.17924,1.376779,146.544296,14.07303,-0.025239,0.81875,0.064337,0.569976,-6.427745,127.094688,14.752642,0.311964,-0.368554,0.279467,-0.829906,-13.188759,127.714874,-3.392345,0.277631,-0.135031,-0.44019,-0.843161,1.978269,109.32206,-14.986721,0.38818,-0.002072,-0.627487,-0.67496,15.44971,124.928436,-26.028479,-0.12963,0.920385,0.044462,0.366211,-2.47985,127.182785,21.067806,0.361326,0.878655,0.048088,-0.308377,11.046225,131.174805,34.351082,0.006628,0.342995,0.520317,-0.782036,25.591963,115.128395,19.063877,0.140746,0.14178,0.688505,-0.697173,20.42528,133.859344,6.488012,0.047331,0.847644,0.182831,0.495814,-6.676663,88.144943,8.556817,0.139585,0.948074,-0.026131,0.284584,-3.074354,55.042755,-4.164321,0.009135,0.94343,-0.096768,0.317005,-15.643994,11.892134,-5.508679,-0.126243,0.789112,0.039538,0.599834,3.368697,88.212585,24.256542,0.047387,-0.607177,0.112754,-0.785097,12.161274,53.815289,27.430708,0.0262,0.799854,-0.085259,0.59353,6.787997,10.196322,36.932961,0.009135,0.94343,-0.096768,0.317005,-7.783371,3.315727,-15.345304,0.0262,0.799854,-0.085259,0.59353,19.131207,1.893842,33.643986
683,5.691667,-0.016962,0.877491,0.027503,0.478503,-1.647876,88.183296,16.470938,-0.0116,0.87595,0.023707,0.481681,-2.076484,95.809135,16.715736,-0.017413,0.875218,0.021752,0.482926,-2.829631,113.23513,17.245506,0.106429,0.919972,-0.124238,0.356215,-3.869925,133.407455,17.674978,0.118617,0.930301,-0.297944,0.178042,1.409564,146.51181,14.13494,-0.024677,0.819489,0.064957,0.568867,-6.413276,127.076447,14.839485,0.31192,-0.369099,0.279276,-0.829745,-13.224316,127.724663,-3.285806,0.277363,-0.135575,-0.440375,-0.843066,1.927078,109.334503,-14.90483,0.387449,-0.002104,-0.628754,-0.674201,15.368623,124.923012,-25.951689,-0.129862,0.920781,0.043269,0.365276,-2.443723,127.14698,21.141285,0.361398,0.878291,0.048126,-0.309322,11.106533,131.16774,34.39122,0.007155,0.342291,0.520191,-0.782424,25.618547,115.127991,19.065018,0.140958,0.141183,0.687661,-0.698084,20.424362,133.852325,6.497975,0.047115,0.848151,0.183352,0.494775,-6.694213,88.151169,8.636253,0.139662,0.948307,-0.025485,0.283829,-3.075734,55.061127,-4.111873,0.00946,0.943433,-0.097057,0.316898,-15.636563,11.909429,-5.503281,-0.125908,0.789991,0.039976,0.598719,3.398462,88.215424,24.30562,0.047002,-0.608091,0.113045,-0.784371,12.195649,53.81459,27.428329,0.026998,0.79964,-0.084375,0.593909,6.792073,10.198259,36.925507,0.00946,0.943433,-0.097057,0.316898,-7.784389,3.323283,-15.338161,0.026998,0.79964,-0.084375,0.593909,19.137276,1.901224,33.630268
684,5.7,-0.016871,0.878156,0.027634,0.477278,-1.638678,88.184509,16.531559,-0.01151,0.876579,0.023902,0.480526,-2.066681,95.810287,16.779379,-0.017059,0.875847,0.021681,0.481799,-2.819822,113.239792,17.317694,0.10661,0.920476,-0.124488,0.35477,-3.845635,133.41275,17.752882,0.118723,0.930635,-0.297829,0.176413,1.433126,146.513443,14.198224,-0.024178,0.820337,0.064704,0.567694,-6.400527,127.083839,14.923053,0.311385,-0.369663,0.27986,-0.829498,-13.264174,127.738594,-3.182137,0.276322,-0.136061,-0.440795,-0.843109,1.84779,109.327553,-14.81941,0.387312,-0.002699,-0.628294,-0.674706,15.26831,124.93663,-25.871696,-0.129531,0.921299,0.044474,0.36394,-2.414592,127.150795,21.214537,0.361357,0.877818,0.047524,-0.310802,11.176756,131.147583,34.429573,0.007653,0.341147,0.520294,-0.78285,25.641665,115.112648,19.053886,0.14196,0.13994,0.687367,-0.69842,20.416002,133.844284,6.509027,0.046825,0.848848,0.183753,0.493456,-6.706884,88.154205,8.711,0.13975,0.948665,-0.024979,0.282633,-3.076353,55.072708,-4.055873,0.009868,0.943507,-0.096932,0.316704,-15.633583,11.92092,-5.476818,-0.12553,0.790922,0.04027,0.597547,3.429528,88.214821,24.352118,0.046643,-0.60903,0.113327,-0.783622,12.222978,53.808903,27.428991,0.026823,0.799626,-0.084384,0.593935,6.791405,10.195303,36.922737,0.009868,0.943507,-0.096932,0.316704,-7.790899,3.334107,-15.318683,0.026823,0.799626,-0.084384,0.593935,19.138952,1.90088,33.629726
685,5.708333,-0.016762,0.878818,0.027747,0.476056,-1.628802,88.182655,16.592003,-0.010681,0.877341,0.024154,0.479141,-2.055817,95.808395,16.842728,-0.017449,0.876615,0.021418,0.480398,-2.787182,113.244293,17.404028,0.106956,0.92095,-0.12426,0.353513,-3.820999,133.41716,17.823975,0.11868,0.930882,-0.297914,0.174987,1.457813,146.51796,14.269796,-0.023782,0.821199,0.064667,0.566467,-6.381898,127.08448,15.008055,0.313885,-0.371331,0.279381,-0.827971,-13.300183,127.747154,-3.076048,0.277482,-0.135683,-0.441099,-0.84263,1.760468,109.303047,-14.72747,0.387222,-0.002294,-0.628975,-0.674125,15.191035,124.932419,-25.804323,-0.129125,0.921778,0.044862,0.362822,-2.376084,127.159058,21.286818,0.361707,0.877243,0.047342,-0.312044,11.250806,131.140244,34.469936,0.008721,0.339749,0.520543,-0.783281,25.661314,115.100189,19.048573,0.143271,0.13854,0.68702,-0.698773,20.403553,133.835052,6.521662,0.046809,0.849476,0.183868,0.492333,-6.718805,88.154289,8.785603,0.13947,0.948651,-0.024151,0.282888,-3.100076,55.075718,-3.992179,0.003534,0.944251,-0.097615,0.314402,-15.612772,11.913246,-5.479889,-0.125314,0.791374,0.040682,0.596967,3.461202,88.211014,24.398405,0.046138,-0.610139,0.113746,-0.782728,12.26236,53.803604,27.43634,0.025472,0.799979,-0.085628,0.59334,6.787394,10.194334,36.925064,0.003534,0.944251,-0.097615,0.314402,-7.734705,3.363292,-15.325588,0.025472,0.799979,-0.085628,0.59334,19.134476,1.89584,33.640556
686,5.716667,-0.016591,0.87954,0.027859,0.474718,-1.62249,88.176407,16.64842,-0.010491,0.878023,0.024212,0.477891,-2.047649,95.802132,16.902546,-0.017191,0.877288,0.021376,0.479179,-2.773561,113.242546,17.469988,0.107109,0.921415,-0.124169,0.352284,-3.796873,133.415848,17.894896,0.118609,0.931135,-0.297867,0.173765,1.478462,146.516739,14.335914,-0.023342,0.822013,0.064585,0.565313,-6.368555,127.084641,15.085488,0.312011,-0.371192,0.279757,-0.828615,-13.338271,127.755859,-2.978539,0.27663,-0.136424,-0.441337,-0.842666,1.716727,109.324905,-14.658072,0.387725,-0.002106,-0.629242,-0.673587,15.108087,124.936966,-25.733349,-0.129031,0.922228,0.04579,0.361593,-2.345185,127.156708,21.353045,0.361966,0.876676,0.046875,-0.313404,11.317146,131.125916,34.503056,0.009636,0.338315,0.520863,-0.783679,25.672609,115.080307,19.036194,0.144543,0.136879,0.687206,-0.698655,20.385145,133.823059,6.532495,0.046715,0.849988,0.184224,0.491325,-6.736301,88.150925,8.857584,0.139563,0.948717,-0.023545,0.282674,-3.114296,55.081059,-3.941792,0.010616,0.943553,-0.096738,0.316601,-15.619823,11.918303,-5.480781,-0.125032,0.79219,0.040974,0.595923,3.49132,88.201889,24.439257,0.045759,-0.611294,0.114164,-0.781788,12.293224,53.791149,27.437037,0.025239,0.800123,-0.085607,0.59316,6.782444,10.18731,36.930012,0.010616,0.943553,-0.096738,0.316601,-7.789097,3.329641,-15.330553,0.025239,0.800123,-0.085607,0.59316,19.130983,1.892731,33.641094
687,5.725,-0.016411,0.880157,0.027438,0.473604,-1.616578,88.164772,16.70857,-0.010043,0.878606,0.024305,0.476823,-2.035951,95.790947,16.958874,-0.017021,0.877853,0.021777,0.478132,-2.749596,113.24704,17.53801,0.107061,0.921852,-0.124438,0.351057,-3.774075,133.419876,17.981621,0.118646,0.931359,-0.297835,0.172592,1.495949,146.51857,14.406675,-0.023197,0.822867,0.064294,0.564108,-6.351799,127.090645,15.17329,0.313406,-0.372354,0.278763,-0.827901,-13.374479,127.756348,-2.870411,0.27719,-0.136321,-0.441744,-0.842285,1.664133,109.332848,-14.582753,0.387869,-0.002125,-0.629414,-0.673344,15.034643,124.944603,-25.663918,-0.128466,0.922796,0.045525,0.360376,-2.313418,127.158127,21.431234,0.362127,0.876068,0.046061,-0.315035,11.388571,131.115829,34.543381,0.010557,0.337,0.521098,-0.784077,25.683468,115.064873,19.026066,0.145995,0.135506,0.68744,-0.698391,20.366604,133.810837,6.542315,0.046576,0.85092,0.184342,0.489677,-6.750184,88.137749,8.930774,0.139018,0.949123,-0.022576,0.281656,-3.140416,55.070061,-3.877688,0.01058,0.94399,-0.09611,0.315491,-15.577846,11.889643,-5.471896,-0.124607,0.793717,0.040947,0.593978,3.517026,88.191795,24.486368,0.045461,-0.612109,0.114232,-0.781158,12.30166,53.773338,27.4459,0.025753,0.800001,-0.084274,0.593493,6.779502,10.168468,36.927479,0.01058,0.94399,-0.09611,0.315491,-7.768218,3.315544,-15.351059,0.025753,0.800001,-0.084274,0.593493,19.137487,1.892804,33.626431
688,5.733333,-0.016364,0.880867,0.027549,0.472278,-1.606604,88.156059,16.763433,-0.010084,0.879264,0.02437,0.475604,-2.025756,95.782173,17.016211,-0.016655,0.878503,0.021972,0.476941,-2.740822,113.235344,17.597589,0.106842,0.922352,-0.124434,0.349811,-3.75549,133.408325,18.056568,0.118839,0.931528,-0.297801,0.1716,1.502193,146.508957,14.470607,-0.022506,0.823679,0.064014,0.562982,-6.343585,127.081955,15.251361,0.312689,-0.371955,0.279318,-0.828164,-13.416677,127.760063,-2.772179,0.277086,-0.136925,-0.44242,-0.841866,1.621254,109.329056,-14.473573,0.388602,-0.002218,-0.630671,-0.671742,14.975999,124.974884,-25.598961,-0.127827,0.923399,0.045919,0.359006,-2.288068,127.143814,21.498272,0.361938,0.875695,0.045923,-0.316307,11.458474,131.078629,34.570618,0.011435,0.335289,0.521242,-0.784702,25.718111,115.044426,19.003613,0.147217,0.13341,0.687833,-0.698151,20.354912,133.797958,6.550985,0.046371,0.851768,0.184582,0.48813,-6.763624,88.129906,9.001138,0.139015,0.949363,-0.021828,0.280906,-3.156136,55.067181,-3.820755,0.010638,0.94404,-0.096014,0.315368,-15.575877,11.883699,-5.468908,-0.124138,0.794038,0.041104,0.593636,3.550416,88.18222,24.52573,0.045139,-0.612563,0.11441,-0.780794,12.317049,53.756367,27.452499,0.024633,0.800145,-0.084996,0.593242,6.770288,10.152528,36.92445,0.010638,0.94404,-0.096014,0.315368,-7.769351,3.3113,-15.351997,0.024633,0.800145,-0.084996,0.593242,19.133095,1.879933,33.633785
689,5.741667,-0.016222,0.881527,0.027772,0.471037,-1.592068,88.151741,16.810585,-0.009952,0.879931,0.02466,0.474357,-2.010567,95.777733,17.067968,-0.016546,0.879173,0.022179,0.475698,-2.725635,113.232597,17.66152,0.107157,0.922728,-0.124393,0.348735,-3.739764,133.405365,18.131378,0.11874,0.931712,-0.297814,0.170645,1.519865,146.504333,14.542164,-0.022493,0.824177,0.064305,0.56222,-6.335563,127.080009,15.331011,0.312694,-0.372566,0.27932,-0.827887,-13.441908,127.762581,-2.679276,0.276707,-0.136949,-0.443106,-0.841626,1.571862,109.325371,-14.401913,0.388962,-0.002499,-0.630885,-0.671332,14.897673,124.995079,-25.52759,-0.12739,0.923886,0.046018,0.357895,-2.26235,127.139542,21.566422,0.361827,0.87531,0.045377,-0.317577,11.519383,131.061691,34.605484,0.012134,0.334236,0.521183,-0.78518,25.740572,115.033928,18.996746,0.147994,0.132146,0.687884,-0.698177,20.342373,133.784851,6.559264,0.046513,0.851879,0.185191,0.487692,-6.770988,88.129028,9.062869,0.139012,0.949562,-0.021512,0.280259,-3.157114,55.083275,-3.800929,0.011084,0.94405,-0.096265,0.315246,-15.569857,11.898485,-5.467518,-0.123751,0.794527,0.04113,0.593061,3.586852,88.174454,24.5583,0.044912,-0.612836,0.114587,-0.780567,12.335246,53.741909,27.460739,0.024607,0.800189,-0.084469,0.59326,6.766941,10.139879,36.928406,0.011084,0.94405,-0.096265,0.315246,-7.773656,3.316243,-15.35022,0.024607,0.800189,-0.084469,0.59326,19.135294,1.878279,33.630951
690,5.75,-0.016362,0.882123,0.027931,0.469906,-1.578172,88.15007,16.867245,-0.010056,0.880656,0.024745,0.473002,-1.999358,95.775856,17.126295,-0.015963,0.879963,0.021956,0.474266,-2.71707,113.204559,17.720959,0.107479,0.923185,-0.123775,0.347646,-3.705435,133.378479,18.195753,0.118239,0.931991,-0.297652,0.169752,1.551,146.481812,14.617819,-0.021882,0.825114,0.064218,0.560878,-6.318016,127.05648,15.40343,0.314096,-0.374753,0.277485,-0.826986,-13.483829,127.75251,-2.582762,0.277064,-0.135572,-0.442987,-0.841794,1.497486,109.345009,-14.393276,0.388576,-0.002514,-0.631166,-0.671291,14.828112,125.00827,-25.456978,-0.127859,0.92419,0.046616,0.356863,-2.224259,127.110611,21.625422,0.361791,0.874932,0.044958,-0.318717,11.581391,131.044632,34.635567,0.012487,0.333253,0.521137,-0.785622,25.765488,115.021446,18.988419,0.148439,0.131224,0.687722,-0.698416,20.334679,133.77655,6.571324,0.046734,0.851971,0.185845,0.48726,-6.776838,88.125679,9.132771,0.13896,0.949338,-0.02149,0.281044,-3.159641,55.098724,-3.778262,0.005021,0.944673,-0.09717,0.313251,-15.566155,11.912569,-5.455668,-0.123296,0.794904,0.041371,0.592634,3.620493,88.174461,24.601717,0.044727,-0.61291,0.114685,-0.780505,12.355374,53.735317,27.466354,0.025145,0.8,-0.083347,0.59365,6.770976,10.133812,36.926945,0.005021,0.944673,-0.09717,0.313251,-7.73276,3.359414,-15.334169,0.025145,0.8,-0.083347,0.59365,19.146965,1.886607,33.622116
691,5.758333,-0.0164,0.882757,0.028159,0.468698,-1.567382,88.144913,16.918133,-0.01004,0.881263,0.024857,0.471865,-1.990361,95.770477,17.180565,-0.015685,0.880567,0.022117,0.473146,-2.708604,113.198456,17.779858,0.107611,0.923571,-0.123696,0.346606,-3.689548,133.372452,18.266951,0.118188,0.932233,-0.297387,0.168921,1.563989,146.475876,14.685082,-0.02174,0.825773,0.064634,0.559864,-6.311213,127.052605,15.478266,0.314138,-0.375371,0.277328,-0.826742,-13.521266,127.759109,-2.48983,0.27656,-0.135788,-0.443029,-0.841904,1.440053,109.350929,-14.324622,0.388028,-0.002946,-0.631056,-0.671709,14.761165,125.012497,-25.383356,-0.127609,0.924657,0.047048,0.355684,-2.201523,127.102455,21.689781,0.36181,0.874598,0.045149,-0.319583,11.639163,131.026001,34.665825,0.013034,0.332205,0.521068,-0.786103,25.793261,115.013649,18.980467,0.148815,0.130515,0.687482,-0.698705,20.327404,133.768143,6.582156,0.046753,0.852462,0.18636,0.486203,-6.78717,88.121071,9.197897,0.138981,0.949626,-0.020995,0.280096,-3.16897,55.107891,-3.748067,0.005087,0.944672,-0.09739,0.313185,-15.566551,11.92036,-5.455835,-0.122986,0.795305,0.041602,0.592143,3.652406,88.168755,24.638371,0.044514,-0.613172,0.114928,-0.780276,12.381521,53.725529,27.471361,0.025279,0.800043,-0.082985,0.593638,6.771724,10.127324,36.932137,0.005087,0.944672,-0.09739,0.313185,-7.736637,3.36135,-15.332026,0.025279,0.800043,-0.082985,0.593638,19.149389,1.885247,33.620796
692,5.766667,-0.016302,0.883349,0.028168,0.467586,-1.559073,88.143097,16.966887,-0.009963,0.88186,0.025358,0.470724,-1.980456,95.768707,17.230677,-0.015491,0.881178,0.02214,0.472012,-2.703368,113.185822,17.847214,0.107473,0.923973,-0.123723,0.345566,-3.677228,133.360016,18.340076,0.11827,0.932435,-0.297108,0.168237,1.567417,146.464417,14.74877,-0.021155,0.826477,0.064828,0.558825,-6.307921,127.041374,15.557167,0.312852,-0.374346,0.278186,-0.827406,-13.563995,127.767624,-2.391611,0.275812,-0.137171,-0.443637,-0.841604,1.412802,109.354637,-14.199323,0.387904,-0.003221,-0.63207,-0.670826,14.709619,125.042633,-25.318396,-0.127109,0.92515,0.047315,0.354544,-2.182164,127.08905,21.758041,0.361782,0.874207,0.044996,-0.320704,11.694832,130.995529,34.700413,0.013292,0.331364,0.521114,-0.786423,25.811953,114.992073,18.972725,0.14943,0.129841,0.686732,-0.699436,20.322647,133.752029,6.594141,0.046923,0.852886,0.1867,0.48531,-6.798335,88.120193,9.259847,0.13897,0.949797,-0.020584,0.279552,-3.191969,55.117203,-3.715348,0.008206,0.944273,-0.096381,0.31463,-15.579372,11.927855,-5.450821,-0.122735,0.795286,0.042094,0.592186,3.680188,88.166008,24.673927,0.044305,-0.613379,0.115223,-0.780081,12.415815,53.721321,27.468849,0.025085,0.800126,-0.083326,0.593486,6.776604,10.127565,36.932632,0.008206,0.944273,-0.096381,0.31463,-7.756582,3.367061,-15.331114,0.025085,0.800126,-0.083326,0.593486,19.152031,1.881574,33.622654
693,5.775,-0.016288,0.883955,0.028209,0.466436,-1.548991,88.139511,17.01651,-0.010039,0.882538,0.025067,0.469466,-1.970137,95.765091,17.281507,-0.015391,0.881867,0.022889,0.470691,-2.69043,113.199066,17.889439,0.108048,0.924309,-0.123714,0.34449,-3.674228,133.372025,18.412344,0.118233,0.932625,-0.297015,0.167376,1.579361,146.472473,14.819691,-0.021262,0.827073,0.064787,0.557944,-6.309692,127.055618,15.62886,0.314165,-0.37539,0.277354,-0.826715,-13.603732,127.774857,-2.304801,0.275577,-0.137266,-0.443676,-0.841646,1.356086,109.365105,-14.139032,0.386661,-0.00338,-0.631147,-0.67241,14.639175,125.0429,-25.248596,-0.126081,0.925514,0.047154,0.353983,-2.16535,127.097321,21.817368,0.361821,0.873761,0.044396,-0.321958,11.737144,130.971954,34.741932,0.013569,0.331197,0.521186,-0.786441,25.810007,114.967979,18.975161,0.149411,0.128987,0.686276,-0.700046,20.318947,133.72699,6.595531,0.046806,0.854636,0.185913,0.482538,-6.808276,88.116402,9.323124,0.138724,0.950434,-0.01894,0.27762,-3.264647,55.091709,-3.614084,0.011128,0.943996,-0.09568,0.315585,-15.594405,11.890388,-5.458616,-0.122538,0.795724,0.04244,0.591613,3.710294,88.162621,24.709898,0.044027,-0.613758,0.115538,-0.779752,12.451474,53.716583,27.470594,0.025715,0.800069,-0.08274,0.593618,6.779733,10.12716,36.934906,0.011128,0.943996,-0.09568,0.315585,-7.788322,3.321893,-15.345446,0.025715,0.800069,-0.08274,0.593618,19.154099,1.883054,33.616291
694,5.783333,-0.016201,0.884489,0.028381,0.465415,-1.53733,88.140976,17.060528,-0.010088,0.883062,0.025305,0.468465,-1.958221,95.766457,17.328939,-0.015177,0.882397,0.023093,0.469694,-2.683149,113.198021,17.944164,0.10814,0.924611,-0.123933,0.343572,-3.662598,133.370865,18.479511,0.118322,0.932817,-0.296711,0.16678,1.590364,146.468536,14.875836,-0.02102,0.827632,0.065183,0.557076,-6.305374,127.056274,15.698833,0.312354,-0.375051,0.278423,-0.827195,-13.637289,127.789185,-2.218826,0.274264,-0.13816,-0.443685,-0.841923,1.304503,109.367111,-14.056661,0.386209,-0.003306,-0.63102,-0.67279,14.583662,125.057411,-25.182713,-0.125715,0.926145,0.047941,0.352354,-2.146962,127.0942,21.87792,0.361903,0.873299,0.043692,-0.323211,11.803682,130.951035,34.755844,0.013751,0.330036,0.521309,-0.786845,25.830538,114.942993,18.952219,0.150208,0.128144,0.686256,-0.70005,20.308748,133.718033,6.601662,0.047148,0.854523,0.186514,0.482473,-6.814404,88.120079,9.379324,0.138658,0.950355,-0.018902,0.277924,-3.271338,55.113647,-3.604571,0.01126,0.944018,-0.096067,0.315396,-15.594048,11.910552,-5.454618,-0.122262,0.795953,0.04284,0.591333,3.739743,88.161873,24.74173,0.043828,-0.613941,0.115798,-0.779581,12.483294,53.713451,27.464911,0.025483,0.80009,-0.083147,0.593542,6.78486,10.12786,36.930847,0.01126,0.944018,-0.096067,0.315396,-7.796009,3.331622,-15.338744,0.025483,0.80009,-0.083147,0.593542,19.157536,1.879194,33.617264
695,5.791667,-0.015665,0.885051,0.028323,0.464368,-1.541236,88.151947,17.106035,-0.010324,0.883674,0.026079,0.467261,-1.954146,95.777733,17.377972,-0.014241,0.883096,0.021926,0.468463,-2.695501,113.146278,18.011938,0.107398,0.925226,-0.122794,0.342555,-3.618727,133.322357,18.524775,0.118186,0.933057,-0.296318,0.16623,1.599488,146.437759,14.935162,-0.019974,0.828514,0.066139,0.55569,-6.286499,127.011513,15.759519,0.314186,-0.376235,0.277007,-0.826439,-13.679857,127.794357,-2.130754,0.274757,-0.137834,-0.443942,-0.841681,1.256467,109.389351,-14.001985,0.385828,-0.00358,-0.630655,-0.673348,14.518454,125.073029,-25.118166,-0.125998,0.926226,0.047993,0.352031,-2.110472,127.045845,21.926737,0.3618,0.872963,0.044519,-0.324121,11.846225,130.913116,34.794964,0.014759,0.328641,0.521524,-0.787267,25.845837,114.932617,18.939396,0.151514,0.127486,0.686842,-0.699314,20.291708,133.711945,6.60832,0.047321,0.854725,0.186637,0.48205,-6.836756,88.138672,9.437522,0.138406,0.950521,-0.018287,0.277524,-3.306361,55.136681,-3.561084,0.011243,0.944009,-0.096517,0.315287,-15.593524,11.925239,-5.452124,-0.122312,0.796369,0.04318,0.590738,3.754284,88.165215,24.774548,0.043443,-0.614429,0.115994,-0.779189,12.516789,53.719753,27.474064,0.025666,0.800066,-0.08339,0.593533,6.789374,10.135224,36.927368,0.011243,0.944009,-0.096517,0.315287,-7.799936,3.335679,-15.330522,0.025666,0.800066,-0.08339,0.593533,19.157335,1.878753,33.615635
696,5.8,-0.015797,0.885535,0.028564,0.463425,-1.525278,88.154968,17.14921,-0.010256,0.884048,0.02641,0.466537,-1.941385,95.780487,17.42391,-0.014185,0.883428,0.022409,0.467816,-2.685812,113.155724,18.070055,0.10762,0.925432,-0.122998,0.341855,-3.615769,133.330994,18.601837,0.118072,0.933228,-0.296211,0.165542,1.60621,146.442795,15.004477,-0.019429,0.829026,0.066014,0.55496,-6.285261,127.021576,15.835002,0.31424,-0.377332,0.276704,-0.82602,-13.710856,127.816978,-2.041361,0.27482,-0.137201,-0.443828,-0.841824,1.190519,109.412041,-13.956542,0.385836,-0.003157,-0.631337,-0.672707,14.467761,125.104729,-25.050623,-0.125646,0.926695,0.048335,0.350875,-2.100187,127.052094,21.996105,0.361971,0.872485,0.044362,-0.325236,11.89142,130.906494,34.830242,0.015535,0.327747,0.521762,-0.787467,25.846048,114.92717,18.933884,0.152486,0.126693,0.686989,-0.699101,20.276543,133.70787,6.614091,0.04756,0.855339,0.186508,0.480987,-6.837028,88.140961,9.49193,0.138271,0.950199,-0.017983,0.27871,-3.341838,55.137146,-3.511556,0.011273,0.943977,-0.096143,0.315493,-15.607834,11.921367,-5.440568,-0.122247,0.797211,0.043243,0.58961,3.786471,88.168976,24.80649,0.042948,-0.614873,0.116243,-0.778829,12.551782,53.722763,27.487263,0.024449,0.80005,-0.084114,0.593504,6.785055,10.139597,36.922932,0.011273,0.943977,-0.096143,0.315493,-7.808186,3.340565,-15.321795,0.024449,0.80005,-0.084114,0.593504,19.16107,1.887923,33.629372
697,5.808333,-0.015893,0.885982,0.028878,0.462546,-1.51074,88.158707,17.187086,-0.010372,0.884579,0.026494,0.465522,-1.930093,95.783897,17.465775,-0.014104,0.883982,0.023012,0.466741,-2.679194,113.170074,18.113888,0.108172,0.925703,-0.122954,0.340963,-3.61699,133.344345,18.669842,0.118042,0.933417,-0.296053,0.164778,1.614029,146.452682,15.073034,-0.019187,0.829458,0.066053,0.554318,-6.290361,127.036705,15.902674,0.314256,-0.37759,0.276742,-0.825883,-13.743923,127.838768,-1.961748,0.273928,-0.137918,-0.44394,-0.841938,1.145995,109.429527,-13.884605,0.384443,-0.003076,-0.630646,-0.674152,14.405933,125.121452,-24.987707,-0.125006,0.927086,0.048886,0.349993,-2.090293,127.062439,22.053585,0.361981,0.872069,0.044307,-0.326348,11.931473,130.889938,34.862831,0.016142,0.326759,0.52199,-0.787715,25.847317,114.919807,18.923306,0.153393,0.125878,0.687343,-0.698703,20.258608,133.707123,6.620435,0.047725,0.855714,0.186607,0.480265,-6.837601,88.145226,9.540311,0.138204,0.950275,-0.017569,0.278511,-3.359939,55.145168,-3.477404,0.011178,0.943999,-0.096227,0.315407,-15.610454,11.926394,-5.437456,-0.122176,0.797783,0.043355,0.588843,3.816122,88.17218,24.83386,0.042645,-0.615476,0.116544,-0.778324,12.584716,53.725426,27.496899,0.024347,0.800252,-0.084279,0.593212,6.787773,10.146225,36.93235,0.011178,0.943999,-0.096227,0.315407,-7.811807,3.344354,-15.318399,0.024347,0.800252,-0.084279,0.593212,19.160769,1.892534,33.632515
698,5.816667,-0.016038,0.886488,0.029021,0.461562,-1.495372,88.161789,17.228752,-0.010408,0.885012,0.02676,0.464682,-1.917389,95.786789,17.508818,-0.013851,0.884399,0.023228,0.465947,-2.670975,113.165306,18.16497,0.108081,0.926034,-0.122684,0.340189,-3.603272,133.339447,18.734264,0.11797,0.933608,-0.295819,0.164168,1.618849,146.451477,15.13797,-0.019311,0.830225,0.066506,0.553109,-6.283057,127.034012,15.968307,0.3141,-0.378053,0.276258,-0.825893,-13.788282,127.838112,-1.874377,0.273518,-0.137929,-0.444024,-0.842025,1.097322,109.445366,-13.828036,0.384003,-0.003049,-0.630622,-0.674425,14.352086,125.143074,-24.923389,-0.124986,0.927324,0.049145,0.349332,-2.071844,127.055267,22.11161,0.362141,0.871606,0.044524,-0.327375,11.968043,130.880966,34.901524,0.016923,0.325818,0.522231,-0.787928,25.842152,114.918533,18.917969,0.154104,0.125109,0.687615,-0.698416,20.237082,133.707397,6.627966,0.047741,0.856183,0.186831,0.479338,-6.839108,88.146469,9.593764,0.138419,0.950183,-0.017198,0.278741,-3.368706,55.15247,-3.441238,0.011192,0.943843,-0.096447,0.315806,-15.627493,11.937881,-5.441423,-0.121927,0.798343,0.043295,0.588139,3.848363,88.177116,24.863741,0.04231,-0.615947,0.116634,-0.777956,12.602952,53.725647,27.511873,0.024308,0.80028,-0.084286,0.593175,6.786797,10.145778,36.932392,0.011192,0.943843,-0.096447,0.315806,-7.821227,3.350734,-15.311909,0.024308,0.80028,-0.084286,0.593175,19.15988,1.892541,33.631741
699,5.825,-0.016277,0.887002,0.029435,0.460539,-1.472703,88.162125,17.263947,-0.010489,0.885471,0.027275,0.463774,-1.900552,95.786629,17.54841,-0.013806,0.884845,0.023515,0.465086,-2.664403,113.167641,18.220032,0.108042,0.926354,-0.122531,0.339383,-3.599937,133.341293,18.801329,0.118045,0.933774,-0.295604,0.163555,1.615469,146.455414,15.202929,-0.018998,0.83079,0.066605,0.552259,-6.283747,127.036667,16.037413,0.314102,-0.378737,0.276012,-0.825661,-13.825849,127.850327,-1.789287,0.273205,-0.137865,-0.443976,-0.842162,1.039512,109.46032,-13.772305,0.383697,-0.003234,-0.630595,-0.674623,14.29464,125.158905,-24.856871,-0.1248,0.927662,0.049632,0.348433,-2.06058,127.05574,22.172512,0.362053,0.871158,0.043974,-0.328737,12.005421,130.871506,34.936684,0.017155,0.3252,0.522356,-0.788096,25.835518,114.915344,18.908785,0.154407,0.124376,0.687972,-0.698128,20.216999,133.712585,6.631255,0.047876,0.856926,0.18659,0.47809,-6.833873,88.145683,9.641191,0.138314,0.950405,-0.016479,0.27808,-3.399076,55.146187,-3.389322,0.011138,0.943838,-0.096177,0.315905,-15.632672,11.926812,-5.439735,-0.12166,0.798947,0.04306,0.587391,3.888467,88.178566,24.8867,0.041969,-0.616418,0.116773,-0.77758,12.620947,53.721012,27.528631,0.023492,0.80049,-0.085116,0.592807,6.781889,10.141471,36.936543,0.011138,0.943838,-0.096177,0.315905,-7.822087,3.346598,-15.312834,0.023492,0.80049,-0.085116,0.592807,19.153845,1.884167,33.641838
700,5.833333,-0.016341,0.887466,0.029604,0.459631,-1.456348,88.165703,17.297749,-0.010691,0.885949,0.027771,0.462827,-1.885953,95.790031,17.584497,-0.013585,0.885345,0.023791,0.464128,-2.663002,113.163124,18.268696,0.108164,0.926689,-0.12242,0.33847,-3.595182,133.336502,18.865013,0.117976,0.934041,-0.295187,0.162833,1.617479,146.45108,15.26432,-0.01786,0.831254,0.066713,0.551587,-6.285657,127.033928,16.102892,0.314019,-0.379476,0.27614,-0.82531,-13.858139,127.884483,-1.709196,0.273033,-0.137942,-0.443602,-0.842403,0.973739,109.48336,-13.716626,0.383367,-0.002928,-0.630351,-0.67504,14.239602,125.167824,-24.794254,-0.124759,0.927955,0.050428,0.347551,-2.049134,127.048615,22.22879,0.362208,0.870649,0.044004,-0.329907,12.041039,130.855301,34.968983,0.017231,0.3244,0.52269,-0.788202,25.824291,114.904999,18.894981,0.154757,0.123789,0.68768,-0.698443,20.198355,133.71489,6.643987,0.048004,0.856813,0.187122,0.478071,-6.833058,88.149025,9.685949,0.138942,0.950423,-0.01613,0.277724,-3.387858,55.164581,-3.379894,0.011369,0.94336,-0.097211,0.317005,-15.666093,11.959836,-5.471349,-0.121172,0.799106,0.043067,0.587276,3.920362,88.182388,24.90955,0.041922,-0.616486,0.116773,-0.777529,12.626372,53.716434,27.529156,0.024438,0.800337,-0.084183,0.593107,6.785528,10.136527,36.934246,0.011369,0.94336,-0.097211,0.317005,-7.839504,3.353725,-15.309167,0.024438,0.800337,-0.084183,0.593107,19.157337,1.883219,33.629013
701,5.841667,-0.016393,0.887894,0.029873,0.458784,-1.438242,88.168427,17.327776,-0.010563,0.886327,0.02805,0.462088,-1.870168,95.79248,17.618208,-0.013577,0.885701,0.02415,0.463428,-2.64676,113.154861,18.313309,0.108138,0.926998,-0.121969,0.337793,-3.584907,133.32756,18.923361,0.117786,0.934276,-0.294867,0.162198,1.619498,146.447205,15.329175,-0.017389,0.831878,0.06733,0.550584,-6.277584,127.025734,16.161663,0.312358,-0.379517,0.276825,-0.825692,-13.893528,127.901627,-1.630658,0.272104,-0.138236,-0.443274,-0.842828,0.916646,109.497681,-13.660532,0.383295,-0.002874,-0.630274,-0.675153,14.197855,125.186897,-24.733749,-0.124932,0.928047,0.051061,0.347152,-2.031393,127.038155,22.280867,0.362265,0.870251,0.044762,-0.330792,12.067844,130.843781,35.011353,0.017867,0.323432,0.5229,-0.788447,25.817934,114.913857,18.888798,0.155083,0.122887,0.687578,-0.698631,20.174068,133.725525,6.6559,0.048187,0.857493,0.18674,0.476981,-6.829416,88.15258,9.72621,0.138607,0.950726,-0.015409,0.276894,-3.425246,55.159222,-3.327863,0.011297,0.943513,-0.096745,0.316695,-15.659481,11.944071,-5.461815,-0.120832,0.799425,0.042891,0.586923,3.952932,88.18428,24.92934,0.041761,-0.616627,0.116832,-0.777417,12.633917,53.711391,27.540762,0.02364,0.800548,-0.085008,0.592738,6.78171,10.131526,36.939003,0.011297,0.943513,-0.096745,0.316695,-7.83639,3.349463,-15.312466,0.02364,0.800548,-0.085008,0.592738,19.152203,1.873954,33.639484
702,5.85,-0.016272,0.888314,0.029854,0.457977,-1.425779,88.182327,17.362431,-0.011018,0.886707,0.02851,0.46132,-1.855657,95.806458,17.653849,-0.013004,0.886101,0.024527,0.462661,-2.652965,113.166359,18.356436,0.108333,0.927298,-0.12173,0.336992,-3.577107,133.338913,18.991508,0.117574,0.934505,-0.294628,0.161467,1.625924,146.459793,15.39983,-0.017197,0.832385,0.067416,0.549813,-6.278697,127.04203,16.227278,0.31312,-0.380719,0.275926,-0.825151,-13.927794,127.923584,-1.550537,0.272739,-0.137445,-0.442999,-0.842896,0.860269,109.531616,-13.625853,0.38356,-0.00262,-0.630594,-0.674704,14.162414,125.216637,-24.677471,-0.124766,0.928302,0.051727,0.34643,-2.021691,127.04464,22.338978,0.362347,0.86975,0.044934,-0.331995,12.098561,130.838043,35.049809,0.018415,0.322442,0.523179,-0.788655,25.803221,114.919853,18.877052,0.155436,0.121705,0.687808,-0.698532,20.143753,133.737778,6.664747,0.0483,0.857827,0.186734,0.476372,-6.83081,88.167747,9.770708,0.138545,0.95083,-0.014901,0.276596,-3.442991,55.175007,-3.289195,0.01151,0.943493,-0.09703,0.316661,-15.660206,11.956936,-5.461179,-0.120435,0.799749,0.042823,0.58657,3.979252,88.196907,24.954151,0.041621,-0.616802,0.116797,-0.777291,12.636441,53.716766,27.548828,0.023637,0.800505,-0.085107,0.592782,6.780901,10.135115,36.936676,0.01151,0.943493,-0.09703,0.316661,-7.842353,3.353708,-15.308462,0.023637,0.800505,-0.085107,0.592782,19.150887,1.875641,33.640018
703,5.858333,-0.01677,0.888691,0.030181,0.457204,-1.402804,88.186897,17.395582,-0.010959,0.8871,0.028801,0.460548,-1.84148,95.810471,17.68832,-0.013164,0.886485,0.02495,0.461897,-2.640705,113.163269,18.401247,0.108135,0.927529,-0.121858,0.336374,-3.577907,133.334808,19.049288,0.117614,0.934758,-0.293861,0.161372,1.617797,146.455978,15.448083,-0.016729,0.832917,0.067877,0.548965,-6.27981,127.037582,16.286133,0.31269,-0.381282,0.275736,-0.825117,-13.965604,127.941475,-1.474728,0.272364,-0.13742,-0.442708,-0.843174,0.805253,109.557655,-13.583443,0.383292,-0.002393,-0.630203,-0.675222,14.119181,125.239059,-24.623949,-0.124844,0.928492,0.052249,0.345812,-2.012346,127.039742,22.390535,0.362288,0.86936,0.04519,-0.333045,12.123726,130.831085,35.084385,0.018298,0.321659,0.523423,-0.788815,25.793636,114.93013,18.865339,0.155544,0.120768,0.687041,-0.699425,20.123009,133.762253,6.682511,0.048549,0.85814,0.186842,0.475741,-6.820712,88.166306,9.813055,0.138692,0.950659,-0.014654,0.277124,-3.453935,55.178154,-3.263871,0.011429,0.943334,-0.097137,0.317103,-15.676101,11.963084,-5.467498,-0.120113,0.80033,0.04256,0.585861,4.015103,88.207489,24.978107,0.04132,-0.617083,0.116775,-0.777087,12.645775,53.720238,27.566456,0.023324,0.800459,-0.085214,0.592841,6.778309,10.135868,36.934216,0.011429,0.943334,-0.097137,0.317103,-7.847785,3.358272,-15.305087,0.023324,0.800459,-0.085214,0.592841,19.151752,1.879306,33.643234
704,5.866667,-0.017108,0.889048,0.0305,0.456477,-1.37948,88.195145,17.424604,-0.011239,0.887432,0.029306,0.45987,-1.824727,95.81826,17.719671,-0.012883,0.886824,0.025402,0.461229,-2.640515,113.178101,18.444643,0.108221,0.927817,-0.121535,0.335669,-3.575596,133.349014,19.114803,0.117435,0.934997,-0.293528,0.160717,1.615712,146.473068,15.517813,-0.016955,0.833413,0.068242,0.548159,-6.282055,127.054771,16.349306,0.312124,-0.38196,0.275609,-0.82506,-14.001814,127.95668,-1.396914,0.271523,-0.13772,-0.442288,-0.843617,0.745311,109.579453,-13.544506,0.382441,-0.002113,-0.629042,-0.676787,14.06735,125.248741,-24.572514,-0.124784,0.928747,0.05291,0.345049,-2.005305,127.050438,22.447203,0.362311,0.868893,0.045389,-0.334209,12.151784,130.833557,35.12006,0.018685,0.320398,0.523708,-0.78913,25.779602,114.946808,18.851753,0.155861,0.119406,0.687475,-0.699162,20.085352,133.792191,6.700748,0.048693,0.8585,0.186823,0.475083,-6.809566,88.171143,9.850807,0.138664,0.950659,-0.014319,0.277155,-3.462271,55.183483,-3.232351,0.011467,0.943341,-0.09715,0.317076,-15.673712,11.966837,-5.464321,-0.119661,0.800662,0.042441,0.585509,4.050607,88.219147,24.998402,0.041219,-0.617102,0.116729,-0.777085,12.65226,53.723442,27.570652,0.024213,0.800283,-0.084332,0.593169,6.782422,10.137367,36.928978,0.011467,0.943341,-0.09715,0.317076,-7.846624,3.36137,-15.302306,0.024213,0.800283,-0.084332,0.593169,19.156197,1.884709,33.629478
705,5.875,-0.017014,0.889353,0.030569,0.455881,-1.36382,88.207634,17.448496,-0.01119,0.887767,0.030013,0.459178,-1.808073,95.830727,17.745455,-0.013081,0.887174,0.025742,0.460531,-2.63277,113.182831,18.493389,0.10845,0.92803,-0.121244,0.33511,-3.580748,133.352844,19.172781,0.117169,0.935259,-0.293074,0.160219,1.61093,146.478363,15.58165,-0.016202,0.833945,0.068194,0.547378,-6.287169,127.057793,16.409088,0.311652,-0.382532,0.275398,-0.825045,-14.041063,127.980614,-1.321168,0.270949,-0.137965,-0.441849,-0.843991,0.689076,109.612991,-13.503854,0.381836,-0.001956,-0.628191,-0.677918,14.023649,125.270447,-24.524532,-0.124774,0.928968,0.053378,0.344384,-2.000901,127.05407,22.500298,0.362237,0.868468,0.045445,-0.335383,12.17404,130.833023,35.15443,0.019002,0.319176,0.524001,-0.789423,25.763046,114.961662,18.838701,0.156418,0.117963,0.687717,-0.699045,20.046307,133.822815,6.719062,0.048803,0.858416,0.186933,0.47518,-6.804091,88.185341,9.882007,0.138655,0.950446,-0.014225,0.277892,-3.458182,55.201385,-3.210845,0.011783,0.943347,-0.097565,0.316921,-15.664797,11.984274,-5.460083,-0.11928,0.800957,0.04226,0.585196,4.076452,88.229927,25.014984,0.041052,-0.617089,0.116573,-0.777127,12.65036,53.726631,27.578154,0.024131,0.800113,-0.084347,0.593399,6.781699,10.136044,36.916206,0.011783,0.943347,-0.097565,0.316921,-7.847773,3.366174,-15.29501,0.024131,0.800113,-0.084347,0.593399,19.158487,1.884638,33.624893
706,5.883333,-0.017032,0.889649,0.030688,0.455294,-1.350026,88.2174,17.472849,-0.0115,0.88809,0.030522,0.458511,-1.795153,95.840378,17.771599,-0.012772,0.887529,0.026178,0.45983,-2.637319,113.198494,18.531212,0.108604,0.928348,-0.120731,0.334363,-3.581761,133.36792,19.232702,0.116964,0.93552,-0.292752,0.159432,1.60543,146.497803,15.651035,-0.016097,0.834255,0.068643,0.546853,-6.293357,127.076004,16.466909,0.311515,-0.383387,0.275165,-0.824777,-14.069658,128.010132,-1.252939,0.270415,-0.137945,-0.441444,-0.844378,0.632532,109.645233,-13.473427,0.381063,-0.001901,-0.627601,-0.678899,13.98208,125.296043,-24.478027,-0.124706,0.929349,0.054423,0.343216,-1.997369,127.065567,22.551262,0.36226,0.868016,0.045369,-0.336538,12.209349,130.832443,35.173313,0.019447,0.317343,0.524231,-0.789998,25.756308,114.970146,18.813871,0.157198,0.116348,0.688465,-0.698404,19.996244,133.850525,6.740581,0.048823,0.858568,0.186829,0.474945,-6.800253,88.195404,9.913527,0.138619,0.950348,-0.013894,0.278262,-3.462788,55.208801,-3.174806,0.011884,0.943383,-0.097727,0.316761,-15.65727,11.989948,-5.456149,-0.118991,0.801279,0.04221,0.584817,4.100201,88.239403,25.032169,0.041029,-0.617298,0.116686,-0.776945,12.65716,53.730904,27.581913,0.023399,0.800447,-0.085487,0.592815,6.781983,10.142511,36.92609,0.011884,0.943383,-0.097727,0.316761,-7.846062,3.367054,-15.291497,0.023399,0.800447,-0.085487,0.592815,19.151634,1.87926,33.637665
707,5.891667,-0.01718,0.889986,0.030822,0.454621,-1.339097,88.224869,17.493893,-0.011498,0.888391,0.031061,0.457892,-1.786943,95.847641,17.79376,-0.012625,0.887826,0.026621,0.459235,-2.6371,113.204407,18.570623,0.1087,0.928627,-0.120123,0.333775,-3.58401,133.373032,19.291382,0.116731,0.935755,-0.292428,0.158814,1.597231,146.508652,15.722116,-0.015836,0.834626,0.068938,0.546257,-6.298269,127.083138,16.523638,0.311006,-0.384159,0.274983,-0.824671,-14.100117,128.030121,-1.184295,0.269605,-0.13799,-0.440981,-0.844872,0.575985,109.672371,-13.44679,0.380121,-0.002044,-0.627123,-0.679868,13.943956,125.319656,-24.433754,-0.124333,0.92937,0.054385,0.343301,-1.994075,127.067993,22.602177,0.3618,0.867738,0.046048,-0.337654,12.213964,130.821838,35.226624,0.019626,0.316527,0.524248,-0.79031,25.738699,115.00087,18.80888,0.157066,0.115202,0.688211,-0.698874,19.956314,133.884796,6.758226,0.048694,0.858669,0.186834,0.474774,-6.800657,88.20105,9.942759,0.138686,0.950686,-0.013356,0.277101,-3.457733,55.213692,-3.142279,0.012089,0.943403,-0.097838,0.316659,-15.647353,11.995202,-5.456389,-0.11867,0.80143,0.042035,0.584688,4.122463,88.248695,25.045025,0.040959,-0.617336,0.11659,-0.776933,12.654631,53.733696,27.589819,0.023345,0.800444,-0.085733,0.592785,6.782606,10.142776,36.924179,0.012089,0.943403,-0.097838,0.316659,-7.841906,3.367871,-15.292421,0.023345,0.800444,-0.085733,0.592785,19.150286,1.875398,33.638702
708,5.9,-0.017334,0.890267,0.031145,0.454043,-1.321714,88.236282,17.514328,-0.011435,0.888636,0.031569,0.457383,-1.773695,95.858673,17.81782,-0.012654,0.888057,0.027105,0.458758,-2.629053,113.204132,18.611389,0.108518,0.929088,-0.119017,0.332949,-3.585573,133.371674,19.349466,0.116723,0.936058,-0.292145,0.157552,1.576954,146.520264,15.800908,-0.015517,0.834964,0.069663,0.545657,-6.299554,127.082619,16.579542,0.310537,-0.385029,0.274793,-0.824505,-14.127162,128.053467,-1.115724,0.268933,-0.137892,-0.440533,-0.845335,0.518987,109.701645,-13.422844,0.379441,-0.002241,-0.626834,-0.680514,13.906815,125.346519,-24.389629,-0.124398,0.929651,0.054934,0.342428,-1.988852,127.064789,22.653461,0.36145,0.867469,0.046477,-0.338662,12.241769,130.816925,35.252956,0.018972,0.315561,0.524241,-0.790716,25.743813,115.027412,18.786318,0.156673,0.114453,0.687105,-0.700172,19.932091,133.933945,6.779312,0.048723,0.859305,0.186142,0.47389,-6.79296,88.212234,9.97021,0.138576,0.950555,-0.012732,0.277631,-3.489192,55.20668,-3.078818,0.011745,0.943379,-0.097495,0.316848,-15.652822,11.983985,-5.450288,-0.11829,0.80169,0.041596,0.584441,4.149531,88.260338,25.058443,0.040778,-0.617214,0.116356,-0.777075,12.643127,53.736294,27.609634,0.023232,0.800345,-0.085588,0.592944,6.775434,10.139143,36.917591,0.011745,0.943379,-0.097495,0.316848,-7.836524,3.367821,-15.287489,0.023232,0.800345,-0.085588,0.592944,19.1474,1.876656,33.635948
709,5.908333,-0.017485,0.890525,0.03143,0.453511,-1.306631,88.250549,17.535782,-0.011825,0.888908,0.032109,0.456806,-1.76247,95.872574,17.842367,-0.012299,0.88836,0.027519,0.458157,-2.638744,113.232788,18.647715,0.108628,0.92919,-0.119354,0.332506,-3.589686,133.39978,19.407869,0.116321,0.936369,-0.291265,0.157632,1.576241,146.544189,15.848801,-0.015258,0.835459,0.069653,0.544908,-6.308897,127.114189,16.635208,0.310563,-0.385626,0.274323,-0.824373,-14.168488,128.090866,-1.045555,0.268817,-0.137969,-0.440036,-0.845618,0.46697,109.751175,-13.383448,0.378977,-0.00251,-0.626574,-0.68101,13.872441,125.37999,-24.345028,-0.124256,0.929849,0.055554,0.341842,-1.989848,127.089134,22.703167,0.361167,0.867159,0.046591,-0.33974,12.257683,130.830109,35.286861,0.01856,0.314732,0.52428,-0.791031,25.731785,115.064255,18.774734,0.156269,0.113539,0.686676,-0.700832,19.897938,133.985931,6.803871,0.04887,0.859352,0.185788,0.473929,-6.786774,88.225998,9.998127,0.138536,0.950382,-0.012386,0.278258,-3.503601,55.212067,-3.034914,0.011398,0.943389,-0.097525,0.316821,-15.653729,11.987602,-5.443003,-0.117929,0.801902,0.041226,0.584249,4.173511,88.275101,25.073437,0.040727,-0.61697,0.116077,-0.777313,12.632288,53.742802,27.628517,0.023192,0.800323,-0.085555,0.592981,6.777907,10.139444,36.915752,0.011398,0.943389,-0.097525,0.316821,-7.833224,3.373677,-15.278821,0.023192,0.800323,-0.085555,0.592981,19.151043,1.878317,33.635109
710,5.916667,-0.017675,0.890716,0.03177,0.453104,-1.287719,88.268265,17.555395,-0.011969,0.889118,0.032576,0.456361,-1.748346,95.88987,17.865492,-0.012413,0.888577,0.028036,0.457702,-2.635759,113.243195,18.683142,0.108487,0.92945,-0.118851,0.332007,-3.599967,133.40892,19.460215,0.116143,0.936661,-0.290627,0.1572,1.555293,146.559662,15.90914,-0.01521,0.835604,0.070393,0.544592,-6.31761,127.123619,16.685337,0.30993,-0.386151,0.274245,-0.824391,-14.19059,128.116562,-0.988562,0.268389,-0.13751,-0.439946,-0.845876,0.425631,109.784332,-13.360273,0.378855,-0.002103,-0.62676,-0.680909,13.843562,125.426743,-24.297869,-0.124369,0.929854,0.05592,0.341727,-1.992399,127.096771,22.748898,0.360671,0.866985,0.047108,-0.340638,12.257082,130.83728,35.330528,0.018355,0.313976,0.524267,-0.791345,25.717745,115.109077,18.771589,0.155971,0.112577,0.686443,-0.701281,19.861893,134.039566,6.830042,0.049247,0.858795,0.185873,0.474865,-6.774616,88.243141,10.022658,0.138568,0.950077,-0.012489,0.279279,-3.497289,55.234112,-3.024273,0.011253,0.943312,-0.098137,0.316868,-15.650052,12.010658,-5.437343,-0.117529,0.801882,0.040801,0.584386,4.199177,88.293396,25.088131,0.040632,-0.616856,0.115736,-0.777459,12.617639,53.7519,27.652016,0.023925,0.800135,-0.084719,0.593325,6.779876,10.140741,36.913059,0.011253,0.943312,-0.098137,0.316868,-7.829543,3.383495,-15.261549,0.023925,0.800135,-0.084719,0.593325,19.154995,1.885065,33.626194
711,5.925,-0.017664,0.890902,0.032055,0.452719,-1.275561,88.285797,17.572178,-0.011829,0.889318,0.033024,0.455942,-1.737864,95.907127,17.886425,-0.012654,0.888773,0.028525,0.457284,-2.627387,113.254021,18.720303,0.108556,0.929689,-0.118128,0.331571,-3.608911,133.418365,19.510904,0.115901,0.936978,-0.289994,0.156663,1.539587,146.576126,15.976008,-0.015149,0.836225,0.070921,0.54357,-6.323491,127.132393,16.734591,0.309607,-0.386651,0.273625,-0.824484,-14.239626,128.135269,-0.919466,0.2683,-0.137278,-0.439628,-0.846107,0.374112,109.827171,-13.329803,0.378737,-0.001643,-0.626469,-0.681243,13.806767,125.463722,-24.252823,-0.124772,0.929994,0.05685,0.341045,-1.992666,127.105621,22.794147,0.360375,0.86672,0.047157,-0.341618,12.270964,130.850464,35.358448,0.017946,0.31311,0.524328,-0.791657,25.707516,115.144302,18.759052,0.155744,0.111632,0.686136,-0.701783,19.829979,134.089752,6.8555,0.049785,0.859005,0.184765,0.474862,-6.768958,88.262978,10.044168,0.138168,0.948844,-0.012453,0.283636,-3.562897,55.228458,-2.955882,0.010411,0.943268,-0.097604,0.317193,-15.670152,11.994973,-5.417532,-0.117287,0.801985,0.040508,0.584314,4.217836,88.308624,25.100187,0.040553,-0.616846,0.115569,-0.777496,12.610942,53.761379,27.669859,0.023916,0.800213,-0.084881,0.593196,6.779996,10.146171,36.9161,0.010411,0.943268,-0.097604,0.317193,-7.827709,3.387847,-15.241836,0.023916,0.800213,-0.084881,0.593196,19.152489,1.887244,33.62748
712,5.933333,-0.017733,0.891109,0.03223,0.452296,-1.25949,88.30246,17.588984,-0.012147,0.889542,0.033646,0.45545,-1.723806,95.923576,17.905352,-0.01238,0.889027,0.029078,0.456763,-2.632831,113.274239,18.754168,0.108491,0.93015,-0.116973,0.330709,-3.614232,133.437592,19.570259,0.115879,0.937293,-0.289655,0.155414,1.518063,146.607834,16.058369,-0.01506,0.836377,0.071039,0.543323,-6.331855,127.154839,16.789593,0.308997,-0.387475,0.273663,-0.824313,-14.258501,128.162308,-0.859486,0.267436,-0.137257,-0.439323,-0.846542,0.320338,109.854042,-13.310552,0.377985,-0.001154,-0.6256,-0.682459,13.762374,125.489365,-24.21126,-0.124788,0.930173,0.057402,0.340457,-1.993831,127.120949,22.843962,0.359756,0.866513,0.046818,-0.342839,12.285176,130.861252,35.392136,0.017233,0.312569,0.524207,-0.791966,25.701057,115.184357,18.748417,0.15529,0.110771,0.685556,-0.702587,19.801054,134.146667,6.875696,0.050004,0.859056,0.18442,0.47488,-6.759985,88.279633,10.06616,0.138082,0.948725,-0.012126,0.28409,-3.578932,55.237602,-2.920944,0.009848,0.943237,-0.097875,0.317218,-15.66952,12.001255,-5.414042,-0.116981,0.802124,0.040025,0.584219,4.241004,88.325287,25.111807,0.040417,-0.616959,0.115291,-0.777455,12.597378,53.770168,27.695148,0.023928,0.800264,-0.084909,0.593123,6.779203,10.148197,36.917496,0.009848,0.943237,-0.097875,0.317218,-7.819834,3.392575,-15.231194,0.023928,0.800264,-0.084909,0.593123,19.150608,1.888451,33.626842
713,5.941667,-0.017935,0.891255,0.032454,0.451984,-1.245614,88.313004,17.607325,-0.011903,0.889735,0.034096,0.455047,-1.714103,95.933792,17.925505,-0.012757,0.889218,0.029471,0.456354,-2.621475,113.267067,18.791679,0.108376,0.930381,-0.116403,0.330298,-3.6233,133.429092,19.61536,0.115491,0.937695,-0.288713,0.155034,1.498947,146.606079,16.114103,-0.014502,0.836776,0.071704,0.542637,-6.336801,127.144432,16.835018,0.30873,-0.38812,0.273139,-0.824284,-14.292967,128.18187,-0.79903,0.267103,-0.136966,-0.439183,-0.846767,0.274563,109.891869,-13.290116,0.377817,-0.00085,-0.625056,-0.683051,13.725787,125.531731,-24.171989,-0.125073,0.930195,0.057806,0.340224,-1.993366,127.113068,22.885519,0.359077,0.866398,0.047218,-0.343785,12.289021,130.858963,35.428177,0.016978,0.311498,0.524153,-0.792429,25.696342,115.225098,18.737152,0.155262,0.109609,0.68567,-0.702664,19.762367,134.202576,6.902405,0.050398,0.858838,0.184217,0.475311,-6.751228,88.288475,10.088255,0.137935,0.948541,-0.01198,0.284782,-3.594774,55.243916,-2.898398,0.008553,0.943277,-0.098105,0.317065,-15.667545,12.003601,-5.409021,-0.116572,0.802153,0.039582,0.58429,4.260001,88.337532,25.126398,0.040169,-0.617223,0.114864,-0.777321,12.57498,53.773083,27.718576,0.023798,0.800042,-0.084772,0.593448,6.775194,10.140488,36.902168,0.008553,0.943277,-0.098105,0.317065,-7.803957,3.40052,-15.219954,0.023798,0.800042,-0.084772,0.593448,19.152529,1.885893,33.620914
714,5.95,-0.018134,0.891745,0.031999,0.451042,-1.249504,88.315102,17.639048,-0.012169,0.889972,0.034176,0.45457,-1.717239,95.936226,17.950159,-0.01232,0.88938,0.030117,0.456009,-2.635494,113.304398,18.816828,0.108452,0.930647,-0.115567,0.329816,-3.633168,133.465317,19.672134,0.115192,0.937957,-0.288307,0.154421,1.481322,146.650314,16.189783,-0.014609,0.837101,0.071704,0.542132,-6.349989,127.185379,16.884367,0.308583,-0.388566,0.272702,-0.824274,-14.327234,128.217743,-0.740458,0.266853,-0.136909,-0.438947,-0.846978,0.234561,109.942719,-13.260126,0.377385,-0.000803,-0.624888,-0.683443,13.696517,125.580238,-24.133324,-0.124819,0.93039,0.058673,0.339635,-2.001701,127.144028,22.931322,0.358359,0.866356,0.04747,-0.344606,12.298667,130.871613,35.458939,0.016719,0.310635,0.52376,-0.793033,25.703352,115.278206,18.728006,0.154906,0.108973,0.68557,-0.702939,19.726133,134.258072,6.924213,0.050129,0.858638,0.185027,0.475387,-6.770852,88.282707,10.13155,0.138118,0.949268,-0.011531,0.282278,-3.568718,55.257572,-2.893254,0.008208,0.94318,-0.098856,0.317129,-15.652008,12.02085,-5.415011,-0.116421,0.802339,0.039311,0.584082,4.271842,88.347488,25.146544,0.039936,-0.617677,0.114693,-0.776998,12.567867,53.779011,27.74568,0.02377,0.800147,-0.084838,0.593298,6.772111,10.141193,36.906986,0.008208,0.94318,-0.098856,0.317129,-7.785833,3.402989,-15.210885,0.02377,0.800147,-0.084838,0.593298,19.147795,1.88557,33.622082
715,5.958333,-0.018159,0.891876,0.032157,0.45077,-1.238275,88.333839,17.651901,-0.012372,0.890145,0.034657,0.454189,-1.707352,95.954796,17.965134,-0.012258,0.889577,0.030646,0.455591,-2.639217,113.323532,18.843981,0.108293,0.930945,-0.114652,0.329347,-3.644001,133.4832,19.719904,0.114946,0.938298,-0.28753,0.153985,1.456036,146.678726,16.256241,-0.014558,0.837244,0.072384,0.541822,-6.360975,127.204933,16.928564,0.308134,-0.389014,0.272552,-0.824279,-14.351326,128.252304,-0.689426,0.266388,-0.136738,-0.438932,-0.847159,0.196306,109.985649,-13.23772,0.377099,-0.000409,-0.624715,-0.68376,13.659466,125.629631,-24.094364,-0.125298,0.930452,0.059878,0.339079,-2.006989,127.159378,22.971382,0.357892,0.866195,0.047382,-0.345506,12.303338,130.889969,35.48671,0.016233,0.309871,0.523748,-0.79335,25.692793,115.321716,18.720207,0.154868,0.108325,0.685523,-0.703093,19.692869,134.317108,6.95119,0.050417,0.858594,0.184545,0.475623,-6.764161,88.302147,10.147747,0.137994,0.948608,-0.011559,0.284548,-3.592717,55.266361,-2.85755,0.007618,0.943066,-0.098897,0.31747,-15.660329,12.026628,-5.402623,-0.116182,0.802345,0.038913,0.584149,4.287611,88.365532,25.156057,0.03982,-0.617735,0.114407,-0.777,12.553588,53.790867,27.768553,0.023644,0.800169,-0.085021,0.593247,6.771548,10.146326,36.906448,0.007618,0.943066,-0.098897,0.31747,-7.778373,3.413155,-15.189659,0.023644,0.800169,-0.085021,0.593247,19.146589,1.888989,33.623451
716,5.966667,-0.017999,0.891652,0.032994,0.451158,-1.207891,88.369461,17.643011,-0.012612,0.890159,0.035569,0.454085,-1.680675,95.98967,17.968538,-0.012465,0.88969,0.031161,0.45533,-2.633546,113.342079,18.871199,0.108459,0.931042,-0.114541,0.329057,-3.654971,133.500259,19.762106,0.114341,0.938781,-0.286304,0.153775,1.446917,146.69574,16.300976,-0.014347,0.837542,0.073002,0.541285,-6.368191,127.221664,16.967819,0.307665,-0.38926,0.272323,-0.824415,-14.381311,128.287155,-0.638743,0.266202,-0.136549,-0.438931,-0.847249,0.162825,110.034248,-13.211082,0.377154,-0.000331,-0.625175,-0.683309,13.629073,125.684235,-24.057499,-0.125518,0.93054,0.060683,0.338613,-2.010738,127.175507,23.008135,0.357256,0.86617,0.047607,-0.346196,12.309701,130.904999,35.51223,0.015695,0.309144,0.523509,-0.793802,25.697952,115.372276,18.711832,0.154545,0.10776,0.685113,-0.70365,19.665262,134.379105,6.97564,0.05071,0.859297,0.182693,0.475038,-6.727367,88.347786,10.134102,0.137735,0.948373,-0.010803,0.285484,-3.646875,55.265617,-2.7748,0.006598,0.942989,-0.098659,0.317796,-15.671051,12.017941,-5.389565,-0.115933,0.802427,0.038228,0.584131,4.311585,88.391129,25.15192,0.039741,-0.617636,0.114026,-0.777139,12.535421,53.808575,27.79283,0.023748,0.800117,-0.085217,0.593285,6.773804,10.155651,36.903564,0.006598,0.942989,-0.098659,0.317796,-7.766134,3.419194,-15.171036,0.023748,0.800117,-0.085217,0.593285,19.146002,1.892756,33.623825
717,5.975,-0.018058,0.891767,0.033221,0.450913,-1.193679,88.390442,17.652298,-0.013273,0.890216,0.035933,0.453926,-1.66874,96.010391,17.98064,-0.011878,0.889757,0.032022,0.455154,-2.647188,113.353241,18.883852,0.108032,0.931368,-0.113596,0.3286,-3.663184,133.509796,19.816681,0.114074,0.939104,-0.285572,0.153363,1.417141,146.718018,16.372478,-0.01464,0.837447,0.073961,0.541293,-6.379183,127.237656,17.010653,0.305173,-0.388931,0.27349,-0.825109,-14.391637,128.313843,-0.595565,0.2643,-0.137039,-0.438958,-0.847751,0.132285,110.05658,-13.184945,0.3763,0.000113,-0.625113,-0.683836,13.596437,125.730156,-24.019569,-0.12574,0.930643,0.060747,0.338234,-2.019131,127.177963,23.048977,0.355526,0.866267,0.04464,-0.348124,12.309082,130.916,35.541611,0.013607,0.309582,0.522923,-0.794056,25.691742,115.410995,18.711182,0.154129,0.106991,0.684492,-0.704463,19.639084,134.445084,6.998153,0.051667,0.85801,0.182907,0.477173,-6.717243,88.369514,10.146391,0.137493,0.946951,-0.011941,0.290235,-3.655507,55.299904,-2.799103,0.003283,0.942931,-0.098666,0.318018,-15.675768,12.048552,-5.370804,-0.115744,0.802614,0.037682,0.583948,4.329884,88.411377,25.158203,0.039646,-0.617458,0.113682,-0.777336,12.521217,53.82275,27.820492,0.023799,0.800101,-0.085343,0.593286,6.775777,10.162091,36.904335,0.003283,0.942931,-0.098666,0.318018,-7.718798,3.478835,-15.135534,0.023799,0.800101,-0.085343,0.593286,19.146147,1.895869,33.62608
718,5.983333,-0.018035,0.891893,0.033452,0.450647,-1.181455,88.411842,17.659367,-0.012927,0.890483,0.036557,0.453361,-1.65769,96.03157,17.991142,-0.012293,0.890059,0.032397,0.454527,-2.635369,113.385201,18.920376,0.108699,0.931553,-0.112907,0.328094,-3.672498,133.540375,19.85977,0.113302,0.939636,-0.284529,0.152613,1.416625,146.750626,16.436438,-0.014868,0.837604,0.074381,0.540986,-6.38537,127.26593,17.055862,0.30448,-0.389333,0.273313,-0.825235,-14.410416,128.34256,-0.544591,0.263672,-0.136919,-0.438907,-0.847992,0.102079,110.099052,-13.167055,0.376064,7.4e-05,-0.625017,-0.684054,13.570144,125.781311,-23.985186,-0.126199,0.930664,0.061742,0.337827,-2.016969,127.209557,23.088181,0.355147,0.866135,0.04451,-0.348856,12.317445,130.952179,35.572327,0.0137,0.308575,0.522797,-0.79453,25.687355,115.466415,18.71406,0.15424,0.105834,0.684974,-0.704145,19.600113,134.505386,7.029888,0.051462,0.857871,0.182856,0.477465,-6.709499,88.393013,10.156753,0.137681,0.947244,-0.011687,0.289199,-3.63266,55.320583,-2.777953,0.000562,0.942867,-0.100519,0.317645,-15.664861,12.073362,-5.363147,-0.115658,0.802819,0.036986,0.583727,4.346589,88.430672,25.161982,0.039437,-0.617905,0.113334,-0.777041,12.505165,53.836926,27.858135,0.024048,0.800184,-0.085313,0.593169,6.776996,10.167676,36.911564,0.000562,0.942867,-0.100519,0.317645,-7.686425,3.483528,-15.092623,0.024048,0.800184,-0.085313,0.593169,19.143427,1.897944,33.627304
719,5.991667,-0.017996,0.89193,0.033703,0.450556,-1.174364,88.436668,17.663933,-0.012966,0.890596,0.037062,0.453097,-1.651772,96.05616,17.999437,-0.012353,0.890201,0.0329,0.454211,-2.637753,113.398293,18.943443,0.107673,0.931988,-0.111861,0.327555,-3.685951,133.552094,19.900169,0.113814,0.939851,-0.283747,0.15236,1.364765,146.780457,16.489965,-0.014366,0.837785,0.074684,0.540677,-6.397136,127.278351,17.092997,0.30428,-0.389736,0.27295,-0.825238,-14.435691,128.376633,-0.49995,0.263586,-0.136526,-0.43896,-0.848055,0.070642,110.146591,-13.148896,0.376263,0.000356,-0.624991,-0.683968,13.541424,125.837517,-23.950661,-0.126436,0.930686,0.062168,0.337599,-2.024474,127.219566,23.122202,0.354386,0.866157,0.044716,-0.349546,12.313582,130.965805,35.601074,0.013211,0.307857,0.522528,-0.794993,25.68655,115.519974,18.708651,0.153742,0.104979,0.685014,-0.704343,19.5655,134.56868,7.055721,0.051269,0.859205,0.181017,0.475785,-6.703959,88.420517,10.162457,0.137438,0.947048,-0.010518,0.290001,-3.704446,55.298962,-2.664248,-0.001508,0.941966,-0.099713,0.320555,-15.683908,12.043392,-5.352744,-0.115511,0.802948,0.036693,0.583596,4.355231,88.45282,25.165405,0.039359,-0.617878,0.113068,-0.777106,12.493928,53.855114,27.870802,0.024085,0.800106,-0.085831,0.593197,6.779263,10.179907,36.90398,-0.001508,0.941966,-0.099713,0.320555,-7.607831,3.493888,-15.037078,0.024085,0.800106,-0.085831,0.593197,19.14052,1.89924,33.627827
720,6.0,-0.017789,0.892044,0.033921,0.450323,-1.167433,88.458076,17.665239,-0.013203,0.890724,0.037733,0.452783,-1.643425,96.077454,18.005268,-0.012338,0.890359,0.033337,0.453869,-2.647293,113.42292,18.96694,0.108122,0.932042,-0.111716,0.327302,-3.702566,133.575562,19.940012,0.112885,0.940389,-0.282419,0.152199,1.357282,146.802109,16.53628,-0.014664,0.838051,0.075152,0.540193,-6.413465,127.302956,17.130072,0.3042,-0.390152,0.272106,-0.82535,-14.471996,128.399796,-0.453827,0.263626,-0.135945,-0.438993,-0.848119,0.04154,110.199997,-13.138035,0.376277,0.000699,-0.625315,-0.683663,13.520042,125.90239,-23.919775,-0.126744,0.930817,0.06332,0.336907,-2.036176,127.241203,23.15589,0.353754,0.866145,0.044723,-0.350216,12.31694,130.98584,35.61792,0.012158,0.307257,0.522144,-0.795494,25.688786,115.570999,18.696306,0.152766,0.104892,0.684512,-0.705056,19.531218,134.635727,7.082384,0.051906,0.858624,0.180689,0.476888,-6.701079,88.447021,10.166742,0.137529,0.945443,-0.011006,0.295131,-3.735405,55.321701,-2.658112,0.001139,0.939473,-0.100499,0.327552,-15.720534,12.069321,-5.372491,-0.115507,0.803038,0.036734,0.583472,4.366214,88.469139,25.163734,0.039412,-0.618044,0.1126,-0.777039,12.506792,53.871571,27.865366,0.024371,0.799762,-0.086543,0.593547,6.829034,10.187244,36.877708,0.001139,0.939473,-0.100499,0.327552,-7.532174,3.484066,-14.930083,0.024371,0.799762,-0.086543,0.593547,19.183067,1.888163,33.620937
721,6.008333,-0.017678,0.892132,0.034247,0.450127,-1.155874,88.482895,17.662062,-0.012925,0.890841,0.038161,0.452525,-1.632526,96.10199,18.007402,-0.012969,0.890443,0.034412,0.453606,-2.635331,113.465775,18.988058,0.108321,0.932155,-0.111656,0.326936,-3.732688,133.614822,19.988499,0.112652,0.940822,-0.281256,0.151853,1.329929,146.840591,16.585794,-0.014871,0.838148,0.075304,0.540015,-6.43181,127.340248,17.171646,0.304914,-0.391013,0.271193,-0.824979,-14.49753,128.432968,-0.409211,0.263382,-0.135795,-0.438843,-0.848296,0.006618,110.249756,-13.127899,0.375226,0.000995,-0.624407,-0.68507,13.486469,125.945435,-23.892616,-0.126949,0.930958,0.064274,0.336258,-2.051206,127.279747,23.195066,0.353135,0.866135,0.044814,-0.350854,12.31682,131.021622,35.640732,0.01175,0.306548,0.522057,-0.795831,25.688177,115.638603,18.689806,0.151904,0.102849,0.684555,-0.705501,19.505112,134.717896,7.105049,0.051759,0.85872,0.179744,0.477088,-6.692881,88.476265,10.16604,0.137213,0.944588,-0.011039,0.298002,-3.748095,55.325569,-2.597924,0.001525,0.937788,-0.10009,0.332466,-15.699512,12.06544,-5.337328,-0.115077,0.803096,0.03619,0.583511,4.381132,88.489532,25.158083,0.039378,-0.617665,0.112671,-0.777331,12.475064,53.88208,27.873125,0.025391,0.799805,-0.085986,0.593527,6.786157,10.198956,36.884243,0.001525,0.937788,-0.10009,0.332466,-7.407493,3.490934,-14.814859,0.025391,0.799805,-0.085986,0.593527,19.132519,1.894765,33.611462
722,6.016667,-0.017524,0.892228,0.034615,0.449915,-1.147601,88.507446,17.657024,-0.012774,0.890944,0.03879,0.452274,-1.624591,96.126236,18.008551,-0.01318,0.890548,0.034843,0.453362,-2.632064,113.483635,19.01107,0.1081,0.932356,-0.110921,0.326686,-3.744646,133.631256,20.023432,0.112246,0.941225,-0.280141,0.151716,1.30467,146.865952,16.635784,-0.014395,0.838245,0.076525,0.539705,-6.440343,127.356148,17.204464,0.304683,-0.391118,0.27115,-0.825029,-14.519577,128.488892,-0.367656,0.263103,-0.135979,-0.438794,-0.848379,-0.018533,110.309944,-13.095946,0.374823,0.001187,-0.624361,-0.685332,13.461557,126.005516,-23.862604,-0.126935,0.93086,0.064287,0.336533,-2.056526,127.295685,23.22555,0.352164,0.866223,0.045254,-0.351555,12.304468,131.035706,35.67989,0.010652,0.306175,0.521781,-0.796171,25.686022,115.70549,18.689215,0.151584,0.103265,0.683816,-0.706225,19.478481,134.800385,7.138987,0.0516,0.858508,0.179208,0.477688,-6.688265,88.506294,10.163704,0.137428,0.943811,-0.011013,0.300355,-3.743555,55.340721,-2.561564,-0.001337,0.935899,-0.101163,0.337426,-15.705233,12.08584,-5.33883,-0.115213,0.803337,0.036025,0.583162,4.393064,88.508591,25.150347,0.03931,-0.61828,0.112226,-0.77691,12.48896,53.902508,27.876987,0.025701,0.799524,-0.086717,0.593785,6.833809,10.209888,36.863293,-0.001337,0.935899,-0.101163,0.337426,-7.270853,3.517923,-14.695936,0.025701,0.799524,-0.086717,0.593785,19.171577,1.88643,33.607082
723,6.025,-0.01692,0.892671,0.034131,0.449096,-1.160563,88.533699,17.6695,-0.01259,0.891127,0.039099,0.451891,-1.625667,96.15332,18.019018,-0.013311,0.890642,0.035398,0.45313,-2.631702,113.507721,19.034315,0.108374,0.932479,-0.110336,0.326442,-3.758889,133.653625,20.064522,0.111482,0.94171,-0.278994,0.151386,1.291317,146.892105,16.692997,-0.01425,0.838475,0.076555,0.539348,-6.451301,127.378914,17.241535,0.303957,-0.391641,0.270518,-0.825256,-14.545602,128.515808,-0.323378,0.262549,-0.135628,-0.438628,-0.848692,-0.048113,110.367882,-13.099897,0.374634,0.001125,-0.624274,-0.685514,13.434114,126.060501,-23.834051,-0.127168,0.930889,0.064865,0.336255,-2.064397,127.316582,23.260349,0.35119,0.866375,0.045474,-0.352124,12.301559,131.058319,35.708447,0.010107,0.305541,0.521347,-0.796706,25.698185,115.775467,18.687006,0.151178,0.102523,0.683604,-0.706626,19.452795,134.87204,7.167959,0.05137,0.858444,0.178886,0.477949,-6.715333,88.53788,10.186633,0.137632,0.94267,-0.010552,0.303842,-3.763923,55.362404,-2.51124,-0.004207,0.933736,-0.104196,0.342436,-15.719649,12.111679,-5.377389,-0.115077,0.803525,0.035735,0.582947,4.394207,88.529518,25.152367,0.039218,-0.618112,0.111864,-0.777101,12.471272,53.919727,27.887726,0.025751,0.799265,-0.086934,0.5941,6.833824,10.21916,36.846481,-0.004207,0.933736,-0.104196,0.342436,-7.152705,3.506115,-14.578208,0.025751,0.799265,-0.086934,0.5941,19.171745,1.890899,33.603165
724,6.033333,-0.016725,0.892735,0.03453,0.448945,-1.149512,88.559593,17.660778,-0.013127,0.891112,0.039603,0.451862,-1.614641,96.178894,18.017145,-0.012838,0.890628,0.03631,0.453099,-2.644645,113.52166,19.039051,0.107982,0.932736,-0.109763,0.326029,-3.771438,133.665436,20.11072,0.111274,0.942079,-0.278026,0.151018,1.26157,146.912521,16.747347,-0.014247,0.838542,0.077346,0.539131,-6.464223,127.396561,17.275127,0.304701,-0.392447,0.269997,-0.824769,-14.567616,128.549408,-0.28455,0.262692,-0.134968,-0.438701,-0.848715,-0.08871,110.402748,-13.083946,0.37434,0.001415,-0.624359,-0.685597,13.409596,126.118423,-23.804472,-0.127226,0.93097,0.065394,0.335904,-2.076719,127.321815,23.293362,0.350276,0.866471,0.046007,-0.352728,12.297801,131.060059,35.732616,0.009168,0.304802,0.521022,-0.797212,25.705851,115.828827,18.673943,0.150488,0.102187,0.683317,-0.707099,19.423014,134.942001,7.196225,0.051056,0.859091,0.177179,0.477455,-6.706934,88.570229,10.179887,0.13755,0.941916,-0.009783,0.306233,-3.803088,55.349117,-2.409188,-0.007905,0.932383,-0.104483,0.345951,-15.723701,12.094977,-5.368547,-0.114939,0.803705,0.035314,0.582752,4.40791,88.548958,25.141672,0.039191,-0.617911,0.111618,-0.777297,12.460586,53.934776,27.89337,0.025331,0.799195,-0.087827,0.594081,6.836139,10.229072,36.835217,-0.007905,0.932383,-0.104483,0.345951,-7.031197,3.523309,-14.482832,0.025331,0.799195,-0.087827,0.594081,19.170553,1.889662,33.607235
725,6.041667,-0.016497,0.892916,0.034972,0.44856,-1.149595,88.584702,17.650551,-0.012462,0.891341,0.040385,0.451358,-1.614488,96.203651,18.014721,-0.013376,0.890856,0.036527,0.452618,-2.635707,113.547394,19.072033,0.108016,0.932955,-0.109205,0.32558,-3.785239,133.689957,20.142282,0.110853,0.94257,-0.276759,0.150589,1.241601,146.942368,16.790638,-0.014443,0.838566,0.077968,0.538998,-6.47352,127.417542,17.310266,0.304079,-0.392357,0.26971,-0.825136,-14.582237,128.576584,-0.24655,0.262507,-0.134541,-0.439053,-0.848659,-0.091381,110.451637,-13.063179,0.374211,0.002111,-0.625698,-0.684444,13.402878,126.192261,-23.770914,-0.127627,0.930925,0.066413,0.335677,-2.079736,127.348755,23.323992,0.349768,0.866406,0.045968,-0.353398,12.29674,131.088562,35.760529,0.008523,0.304376,0.520813,-0.797519,25.69861,115.882813,18.674286,0.149743,0.101556,0.682896,-0.707754,19.393085,135.0065,7.222644,0.050858,0.858857,0.176207,0.478256,-6.713609,88.602539,10.174572,0.13753,0.940773,-0.0096,0.309742,-3.819799,55.355499,-2.348176,-0.00943,0.931163,-0.106066,0.348707,-15.722516,12.10053,-5.366803,-0.1148,0.804336,0.034715,0.581945,4.414418,88.566872,25.12653,0.03929,-0.617693,0.111317,-0.777509,12.437385,53.947418,27.898628,0.025261,0.799149,-0.088199,0.594091,6.836534,10.236388,36.829235,-0.00943,0.931163,-0.106066,0.348707,-6.958273,3.511051,-14.395218,0.025261,0.799149,-0.088199,0.594091,19.16832,1.890694,33.607464
726,6.05,-0.016223,0.892815,0.035041,0.448765,-1.138532,88.60466,17.638939,-0.012525,0.891343,0.041243,0.451276,-1.600238,96.223671,18.005814,-0.013455,0.890913,0.03707,0.452459,-2.636679,113.563179,19.08868,0.10756,0.933185,-0.108432,0.32533,-3.79879,133.704041,20.177212,0.11053,0.94291,-0.275794,0.150471,1.208311,146.967407,16.839378,-0.014422,0.838692,0.078543,0.538719,-6.484013,127.432404,17.340551,0.303643,-0.392345,0.269454,-0.825386,-14.604394,128.603241,-0.210088,0.262166,-0.134785,-0.439026,-0.848739,-0.105698,110.495209,-13.041726,0.373838,0.002406,-0.625516,-0.684813,13.380136,126.228012,-23.747179,-0.128378,0.930962,0.06763,0.335046,-2.088116,127.361122,23.352701,0.349156,0.866472,0.04604,-0.353832,12.297304,131.114014,35.774933,0.008053,0.303596,0.520527,-0.798007,25.705523,115.937553,18.667656,0.149439,0.100819,0.682873,-0.707947,19.363419,135.072021,7.247859,0.051041,0.85746,0.176245,0.480723,-6.699276,88.627785,10.160544,0.138144,0.938759,-0.010522,0.315496,-3.779323,55.383026,-2.362181,-0.003248,0.928977,-0.106707,0.354407,-15.740085,12.144947,-5.39332,-0.114592,0.804164,0.034538,0.582234,4.422213,88.581535,25.117334,0.039437,-0.617282,0.111171,-0.777849,12.425173,53.95779,27.893711,0.025485,0.799093,-0.088444,0.594121,6.8379,10.24487,36.823566,-0.003248,0.928977,-0.106707,0.354407,-6.947284,3.48627,-14.327374,0.025485,0.799093,-0.088444,0.594121,19.164736,1.890753,33.604683
727,6.058333,-0.015966,0.892826,0.035223,0.448739,-1.136191,88.625023,17.627634,-0.012857,0.89131,0.041703,0.45129,-1.595629,96.243958,17.998772,-0.012932,0.890894,0.03786,0.452446,-2.648905,113.570282,19.089922,0.107304,0.933393,-0.107799,0.325027,-3.806603,133.709305,20.216389,0.110126,0.943247,-0.274967,0.150166,1.186916,146.980759,16.890375,-0.014301,0.838881,0.079043,0.538356,-6.493363,127.443604,17.36812,0.303569,-0.392466,0.268726,-0.825592,-14.629046,128.627579,-0.174557,0.262201,-0.134172,-0.439489,-0.848586,-0.114605,110.548035,-13.028556,0.374177,0.002836,-0.625892,-0.684283,13.361817,126.305565,-23.716658,-0.129067,0.930863,0.068904,0.334794,-2.09709,127.360062,23.379839,0.348155,0.866613,0.046124,-0.354462,12.287988,131.121429,35.799911,0.007313,0.303003,0.520171,-0.798472,25.709593,115.991508,18.661945,0.149172,0.100218,0.682604,-0.708347,19.333229,135.135834,7.274801,0.050788,0.858538,0.174139,0.479593,-6.69753,88.653931,10.1497,0.137903,0.93838,-0.009197,0.316766,-3.852164,55.354725,-2.24489,-0.003564,0.92812,-0.105937,0.356874,-15.751384,12.108317,-5.397087,-0.114389,0.803957,0.034334,0.582572,4.425149,88.596115,25.105568,0.039652,-0.617168,0.111137,-0.777933,12.407184,53.968071,27.888489,0.025577,0.799254,-0.088758,0.593853,6.832915,10.256013,36.830677,-0.003564,0.92812,-0.105937,0.356874,-6.898554,3.473596,-14.294974,0.025577,0.799254,-0.088758,0.593853,19.153088,1.893881,33.607094
728,6.066667,-0.016094,0.892809,0.035644,0.448734,-1.12388,88.650215,17.61772,-0.012286,0.891288,0.042121,0.45131,-1.587941,96.268639,17.993715,-0.013469,0.890824,0.038503,0.452514,-2.628876,113.574326,19.105476,0.106772,0.933582,-0.107004,0.324923,-3.817734,133.710785,20.24514,0.109824,0.943594,-0.27397,0.150032,1.154644,146.993835,16.93379,-0.014022,0.839205,0.07968,0.537764,-6.494278,127.442871,17.392132,0.303675,-0.392952,0.267997,-0.825559,-14.654955,128.647186,-0.137542,0.262167,-0.133898,-0.439265,-0.848756,-0.140035,110.590004,-13.022394,0.373834,0.003015,-0.62568,-0.684663,13.348044,126.344635,-23.696548,-0.129365,0.930801,0.06935,0.334762,-2.099129,127.362061,23.404709,0.3471,0.866773,0.04598,-0.355124,12.283813,131.128174,35.825817,0.006431,0.302599,0.519642,-0.798977,25.719395,116.042648,18.65967,0.148774,0.099535,0.68128,-0.7098,19.306158,135.1922,7.301737,0.051246,0.858234,0.173047,0.480482,-6.685232,88.680519,10.139802,0.137702,0.936712,-0.009445,0.321744,-3.893138,55.357628,-2.203137,-0.005299,0.927515,-0.106267,0.358323,-15.766051,12.106663,-5.391766,-0.11401,0.803947,0.033748,0.582694,4.437472,88.619911,25.095638,0.039802,-0.616801,0.110623,-0.778289,12.37365,53.982849,27.8974,0.025558,0.799092,-0.089023,0.594032,6.838848,10.26161,36.819221,-0.005299,0.927515,-0.106267,0.358323,-6.860309,3.483737,-14.248194,0.025558,0.799092,-0.089023,0.594032,19.158316,1.894692,33.605373
729,6.075,-0.015918,0.892626,0.036101,0.449068,-1.110859,88.674278,17.598244,-0.011747,0.891319,0.043059,0.451174,-1.5758,96.29229,17.981508,-0.01417,0.890911,0.038888,0.452288,-2.614891,113.600922,19.131216,0.107182,0.9336,-0.106464,0.324914,-3.835705,133.735413,20.27219,0.108972,0.94401,-0.272927,0.149939,1.14272,147.020645,16.97872,-0.014111,0.839322,0.080031,0.537527,-6.50339,127.46328,17.420105,0.30303,-0.39271,0.267751,-0.825991,-14.673847,128.671234,-0.104763,0.261588,-0.134181,-0.439595,-0.848719,-0.14184,110.636017,-13.001116,0.374014,0.002414,-0.62534,-0.684878,13.328117,126.401901,-23.677549,-0.129414,0.930644,0.06976,0.335093,-2.105487,127.389336,23.430758,0.346303,0.866883,0.046152,-0.355611,12.268354,131.150223,35.863979,0.006064,0.302311,0.519292,-0.799317,25.714897,116.103767,18.672148,0.148608,0.099023,0.680597,-0.710561,19.277758,135.250641,7.330894,0.05123,0.858174,0.171821,0.481031,-6.666721,88.711617,10.11628,0.137766,0.936571,-0.00889,0.322144,-3.908717,55.358471,-2.15238,-0.005605,0.92695,-0.106241,0.359786,-15.769551,12.108177,-5.394659,-0.11379,0.803922,0.033078,0.58281,4.445004,88.63694,25.08021,0.039913,-0.616688,0.110211,-0.778432,12.340784,53.993107,27.912252,0.025553,0.799063,-0.089067,0.594065,6.839147,10.264471,36.818325,-0.005605,0.92695,-0.106241,0.359786,-6.82902,3.49087,-14.221451,0.025553,0.799063,-0.089067,0.594065,19.158558,1.896812,33.60619
730,6.083333,-0.017391,0.892552,0.036889,0.449097,-1.070137,88.664352,17.58913,-0.01188,0.891279,0.043762,0.451183,-1.560573,96.280731,17.972977,-0.014227,0.890869,0.039524,0.452314,-2.61671,113.618065,19.144402,0.106919,0.933785,-0.10567,0.324727,-3.851223,133.750458,20.307138,0.108631,0.944326,-0.272136,0.149636,1.112656,147.045273,17.030382,-0.014145,0.839282,0.080498,0.537518,-6.514466,127.479645,17.448059,0.303042,-0.39343,0.267195,-0.825824,-14.685267,128.696213,-0.076056,0.261365,-0.133509,-0.439496,-0.848945,-0.167508,110.675896,-13.009236,0.373253,0.003273,-0.625712,-0.68495,13.316584,126.454094,-23.656019,-0.129772,0.930626,0.070511,0.334847,-2.116934,127.402138,23.458941,0.345458,0.86713,0.046415,-0.355795,12.259712,131.166779,35.887787,0.005621,0.301937,0.518699,-0.799846,25.730282,116.160011,18.680082,0.148058,0.098335,0.679626,-0.7117,19.254854,135.301956,7.357253,0.051502,0.858455,0.171347,0.480669,-6.624602,88.683815,10.106058,0.138045,0.936843,-0.008721,0.321237,-3.904994,55.32106,-2.145054,-0.005284,0.926358,-0.105382,0.361563,-15.787058,12.077412,-5.398232,-0.113222,0.803949,0.032477,0.582917,4.484328,88.64489,25.072205,0.040066,-0.616329,0.110051,-0.778731,12.323056,53.989052,27.91589,0.025367,0.799102,-0.088928,0.59404,6.836829,10.258359,36.821358,-0.005284,0.926358,-0.105382,0.361563,-6.809706,3.478884,-14.205952,0.025367,0.799102,-0.088928,0.59404,19.159721,1.896388,33.607769
731,6.091667,-0.017191,0.892439,0.03711,0.449311,-1.064933,88.68322,17.57744,-0.011921,0.891232,0.044363,0.451216,-1.554249,96.299454,17.965551,-0.014208,0.890857,0.040021,0.452295,-2.620941,113.63195,19.154701,0.106639,0.93397,-0.104671,0.32461,-3.863817,133.762772,20.335697,0.108287,0.944546,-0.271626,0.149422,1.083675,147.069168,17.081282,-0.013922,0.839349,0.080732,0.537384,-6.524552,127.493431,17.47105,0.301436,-0.392936,0.267681,-0.82649,-14.701178,128.721664,-0.049533,0.260207,-0.133715,-0.439899,-0.849059,-0.176603,110.712006,-12.989895,0.373278,0.003349,-0.625465,-0.685161,13.294305,126.520111,-23.631399,-0.12986,0.930565,0.070976,0.334885,-2.126752,127.412331,23.481686,0.34452,0.86732,0.046489,-0.356231,12.24802,131.173691,35.913689,0.005023,0.301464,0.518227,-0.800335,25.736433,116.209053,18.683292,0.147685,0.097797,0.679272,-0.71219,19.224928,135.354156,7.3854,0.052111,0.857788,0.170751,0.482005,-6.615937,88.708038,10.091814,0.137783,0.936655,-0.008669,0.321897,-3.935266,55.335243,-2.140501,-0.004891,0.926051,-0.105497,0.36232,-15.79197,12.08502,-5.398792,-0.112966,0.804264,0.031969,0.58256,4.486072,88.658401,25.063065,0.040288,-0.616316,0.10984,-0.77876,12.290771,53.996109,27.921635,0.025443,0.799255,-0.088876,0.59384,6.831369,10.262841,36.830921,-0.004891,0.926051,-0.105497,0.36232,-6.805167,3.480799,-14.191296,0.025443,0.799255,-0.088876,0.59384,19.151972,1.900471,33.6096
732,6.1,-0.017013,0.892295,0.037288,0.449589,-1.060288,88.699219,17.566608,-0.011944,0.891178,0.04497,0.451262,-1.548518,96.315346,17.958229,-0.014225,0.890846,0.040551,0.452268,-2.625284,113.642441,19.165491,0.106504,0.934061,-0.104184,0.324549,-3.878404,133.77153,20.365225,0.107702,0.944866,-0.270737,0.149434,1.061127,147.083527,17.121685,-0.013869,0.839229,0.08193,0.537391,-6.536077,127.503479,17.4949,0.300786,-0.392617,0.26777,-0.826849,-14.712445,128.758484,-0.023907,0.259488,-0.134039,-0.440143,-0.849102,-0.177115,110.758446,-12.9656,0.372782,0.003279,-0.625372,-0.685516,13.280567,126.578728,-23.609087,-0.130147,0.930502,0.071786,0.334775,-2.137928,127.419052,23.505234,0.343814,0.867447,0.046653,-0.356582,12.236805,131.180237,35.937332,0.004182,0.30128,0.517828,-0.800667,25.737726,116.249695,18.68716,0.147,0.097748,0.678302,-0.713262,19.201565,135.400894,7.411063,0.052764,0.857452,0.169979,0.482804,-6.606758,88.728752,10.077641,0.137085,0.936984,-0.008331,0.321248,-3.981583,55.342079,-2.128805,-0.005184,0.926332,-0.105336,0.361645,-15.773211,12.074078,-5.387103,-0.112835,0.80424,0.031585,0.58264,4.486181,88.669693,25.055576,0.040327,-0.616428,0.109592,-0.778704,12.267419,54.003559,27.931404,0.025504,0.799273,-0.088969,0.593798,6.828456,10.265676,36.83054,-0.005184,0.926332,-0.105336,0.361645,-6.795331,3.475691,-14.194415,0.025504,0.799273,-0.088969,0.593798,19.146992,1.900424,33.608788
733,6.108333,-0.01687,0.892156,0.037507,0.449852,-1.05537,88.714478,17.556646,-0.011815,0.891077,0.045381,0.451423,-1.543271,96.330429,17.952072,-0.014323,0.890741,0.04136,0.452399,-2.623078,113.662277,19.174301,0.106334,0.934132,-0.103816,0.324518,-3.894656,133.788574,20.401121,0.107176,0.945154,-0.269974,0.149372,1.037156,147.105316,17.165251,-0.014255,0.839296,0.082058,0.537258,-6.545798,127.522064,17.521406,0.301486,-0.393005,0.266497,-0.826821,-14.727306,128.766708,0.004263,0.259506,-0.133565,-0.440699,-0.848883,-0.172105,110.802078,-12.96427,0.372375,0.003697,-0.625388,-0.685721,13.261649,126.637245,-23.589172,-0.130269,0.930492,0.072446,0.334614,-2.149455,127.43338,23.533001,0.343102,0.867543,0.046618,-0.357039,12.228225,131.190811,35.962826,0.003575,0.300885,0.517524,-0.801015,25.737785,116.291771,18.69219,0.14643,0.097246,0.678417,-0.713338,19.174858,135.451981,7.43855,0.053499,0.856877,0.169687,0.483846,-6.597514,88.748428,10.064498,0.136743,0.93714,-0.008304,0.320939,-4.012567,55.360256,-2.146443,-0.005546,0.926388,-0.105765,0.361369,-15.776327,12.083798,-5.393207,-0.112612,0.80419,0.031233,0.582771,4.486774,88.680527,25.048796,0.04044,-0.616415,0.109303,-0.778749,12.240455,54.009224,27.936708,0.025705,0.799252,-0.088969,0.593818,6.827497,10.266471,36.827774,-0.005546,0.926388,-0.105765,0.361369,-6.801334,3.478909,-14.197114,0.025705,0.799252,-0.088969,0.593818,19.14366,1.898044,33.605198
734,6.116667,-0.014703,0.892198,0.036545,0.449924,-1.099203,88.747704,17.553797,-0.011864,0.890959,0.04563,0.451629,-1.550996,96.365784,17.951015,-0.014051,0.890606,0.042033,0.452612,-2.634785,113.669289,19.177992,0.106361,0.934138,-0.103269,0.324667,-3.909173,133.79361,20.433653,0.10629,0.945442,-0.269259,0.14947,1.01942,147.11528,17.213169,-0.014062,0.839258,0.082535,0.537248,-6.558296,127.531036,17.543564,0.300063,-0.392614,0.266977,-0.827369,-14.740421,128.791885,0.027865,0.258425,-0.133947,-0.440919,-0.849038,-0.18249,110.834373,-12.94743,0.371364,0.004825,-0.625776,-0.685908,13.241628,126.688538,-23.572159,-0.130361,0.930509,0.072707,0.334474,-2.164699,127.434052,23.557039,0.342326,0.867677,0.046522,-0.357471,12.215691,131.191879,35.983612,0.002691,0.30065,0.517221,-0.801302,25.737095,116.325378,18.694223,0.145953,0.096979,0.677869,-0.713993,19.152582,135.495178,7.465609,0.053675,0.856443,0.169113,0.484793,-6.641415,88.809662,10.061874,0.136148,0.938132,-0.00724,0.318309,-4.073909,55.408989,-2.118524,-0.005114,0.926368,-0.106793,0.361126,-15.767224,12.116435,-5.404953,-0.112836,0.80387,0.031288,0.583165,4.443008,88.685745,25.045717,0.040594,-0.616251,0.108977,-0.778916,12.21017,54.018295,27.94367,0.02575,0.799258,-0.089114,0.593787,6.826341,10.27028,36.826534,-0.005114,0.926368,-0.106793,0.361126,-6.808918,3.483173,-14.198071,0.02575,0.799258,-0.089114,0.593787,19.140251,1.898229,33.604763
735,6.125,-0.01456,0.892099,0.036713,0.45011,-1.097014,88.761238,17.546717,-0.012108,0.891015,0.046586,0.451415,-1.54809,96.379204,17.947111,-0.013842,0.89079,0.041466,0.452308,-2.652156,113.648727,19.197817,0.106024,0.934453,-0.101582,0.324402,-3.90825,133.775208,20.437395,0.105764,0.945798,-0.268429,0.149083,0.995879,147.115189,17.25563,-0.013576,0.839372,0.082973,0.537015,-6.564836,127.512482,17.55447,0.301386,-0.393326,0.265337,-0.827078,-14.757174,128.797424,0.045298,0.25863,-0.132744,-0.441611,-0.848805,-0.182615,110.877037,-12.962626,0.37078,0.005647,-0.625818,-0.68618,13.22168,126.75959,-23.545898,-0.131116,0.93019,0.073767,0.334832,-2.167063,127.416763,23.564911,0.341528,0.867865,0.046896,-0.357729,12.196374,131.18544,36.007801,0.002178,0.300121,0.516921,-0.801696,25.736937,116.359962,18.698174,0.14582,0.096666,0.677792,-0.714136,19.122198,135.538422,7.494231,0.054641,0.855539,0.169307,0.486212,-6.636179,88.827141,10.052577,0.135628,0.938037,-0.007451,0.318804,-4.100277,55.438591,-2.167607,-0.00461,0.926346,-0.107482,0.360984,-15.754968,12.133616,-5.427464,-0.112653,0.80361,0.030872,0.583581,4.442151,88.695343,25.040855,0.040674,-0.615962,0.108609,-0.779192,12.180335,54.023106,27.959007,0.025658,0.799205,-0.088919,0.593891,6.822944,10.268474,36.825253,-0.00461,0.926346,-0.107482,0.360984,-6.810453,3.479195,-14.213819,0.025658,0.799205,-0.088919,0.593891,19.14086,1.901866,33.604656
736,6.133333,-0.01434,0.892032,0.036797,0.450243,-1.101214,88.773117,17.540495,-0.011913,0.89092,0.046919,0.451574,-1.549928,96.391083,17.943493,-0.01394,0.890675,0.04199,0.452483,-2.653322,113.658485,19.207233,0.105908,0.934587,-0.100745,0.324318,-3.922742,133.783096,20.463568,0.105366,0.946117,-0.267662,0.148718,0.970801,147.131699,17.301815,-0.013606,0.83933,0.083413,0.537013,-6.57416,127.521156,17.574184,0.299745,-0.392864,0.265768,-0.827755,-14.766574,128.814316,0.065656,0.257574,-0.132995,-0.4419,-0.848936,-0.184911,110.907005,-12.952323,0.370636,0.005521,-0.626391,-0.685735,13.208887,126.812653,-23.531631,-0.131052,0.9301,0.073995,0.335058,-2.178782,127.42308,23.586338,0.340933,0.867985,0.046991,-0.357992,12.179454,131.185379,36.037148,0.001576,0.300178,0.516629,-0.801864,25.731543,116.38752,18.712919,0.145838,0.096984,0.6764,-0.715408,19.105907,135.563202,7.5215,0.055111,0.855417,0.169359,0.486356,-6.638266,88.843498,10.044835,0.135473,0.938657,-0.007174,0.317048,-4.127012,55.459892,-2.193928,-0.00502,0.926231,-0.108286,0.361033,-15.767035,12.150762,-5.450928,-0.112499,0.802856,0.030667,0.584659,4.435837,88.702736,25.036156,0.040867,-0.61541,0.108275,-0.779665,12.152969,54.02713,27.969885,0.025487,0.799219,-0.088846,0.59389,6.823102,10.267383,36.827454,-0.00502,0.926231,-0.108286,0.361033,-6.820062,3.482167,-14.220789,0.025487,0.799219,-0.088846,0.59389,19.14389,1.904957,33.606987
737,6.141667,-0.014322,0.891992,0.036938,0.450312,-1.100221,88.782074,17.53467,-0.012062,0.890767,0.047213,0.45184,-1.549699,96.399887,17.939672,-0.013961,0.890475,0.042842,0.452797,-2.662483,113.66317,19.209606,0.105954,0.934513,-0.100655,0.324542,-3.948663,133.784836,20.495707,0.104734,0.946377,-0.266848,0.148977,0.946435,147.133881,17.338198,-0.013539,0.839062,0.083739,0.537381,-6.593071,127.525223,17.594872,0.300521,-0.393499,0.264679,-0.827521,-14.770204,128.828674,0.07996,0.25763,-0.131824,-0.442734,-0.848667,-0.184356,110.94619,-12.967422,0.370575,0.006533,-0.626499,-0.68566,13.184121,126.886665,-23.505665,-0.131072,0.93012,0.074423,0.334901,-2.201934,127.42144,23.610031,0.340171,0.868183,0.047013,-0.358233,12.160179,131.179459,36.057667,0.000863,0.299896,0.516357,-0.802145,25.730631,116.414116,18.720081,0.145582,0.096585,0.676008,-0.715884,19.083681,135.597717,7.5515,0.05593,0.855567,0.169114,0.486084,-6.636127,88.853989,10.038177,0.13491,0.938328,-0.007278,0.318255,-4.187193,55.470951,-2.214767,-0.004509,0.926136,-0.108228,0.361301,-15.7795,12.148273,-5.461816,-0.11239,0.80259,0.030209,0.585068,4.435685,88.710159,25.031164,0.040914,-0.615157,0.107924,-0.779911,12.126266,54.030819,27.990419,0.025361,0.799214,-0.088682,0.593927,6.820259,10.264596,36.830288,-0.004509,0.926136,-0.108228,0.361301,-6.833927,3.476128,-14.229599,0.025361,0.799214,-0.088682,0.593927,19.144577,1.907486,33.60952
738,6.15,-0.015227,0.891913,0.037488,0.450394,-1.092896,88.765335,17.523006,-0.011794,0.890673,0.047563,0.451995,-1.558525,96.382111,17.929211,-0.013972,0.890353,0.04328,0.452993,-2.670031,113.66478,19.215435,0.105791,0.93454,-0.100028,0.324712,-3.964911,133.784897,20.516787,0.10412,0.946635,-0.266068,0.14916,0.921416,147.1409,17.375067,-0.013578,0.838819,0.08426,0.537678,-6.605489,127.52652,17.609842,0.30065,-0.393793,0.264031,-0.827541,-14.770213,128.840652,0.089945,0.25726,-0.131139,-0.443382,-0.848547,-0.178468,110.978935,-12.97928,0.370092,0.007194,-0.626927,-0.685524,13.169339,126.950409,-23.488008,-0.131152,0.930011,0.074922,0.335061,-2.217011,127.419769,23.626888,0.339566,0.868396,0.047119,-0.358278,12.14011,131.173187,36.081661,0.000544,0.299817,0.516099,-0.802341,25.730663,116.433975,18.737581,0.145158,0.095669,0.675567,-0.71651,19.070637,135.613022,7.579236,0.056348,0.856587,0.168737,0.484367,-6.626937,88.826897,10.025046,0.134847,0.938766,-0.006843,0.316999,-4.241298,55.438129,-2.224772,-0.002262,0.92534,-0.105724,0.364091,-15.820415,12.113386,-5.491241,-0.112237,0.802211,0.029785,0.585639,4.441144,88.703773,25.020969,0.041071,-0.614778,0.1077,-0.780232,12.103438,54.020164,28.003517,0.025168,0.799356,-0.088276,0.593805,6.817289,10.250774,36.839588,-0.002262,0.92534,-0.105724,0.364091,-6.835505,3.479228,-14.256289,0.025168,0.799356,-0.088276,0.593805,19.146883,1.904694,33.610432
739,6.158333,-0.015053,0.891931,0.037392,0.450371,-1.104579,88.766823,17.517672,-0.011275,0.890644,0.048015,0.452018,-1.567162,96.383789,17.92378,-0.014415,0.89029,0.04343,0.453088,-2.669504,113.661659,19.231796,0.105852,0.934511,-0.099734,0.324867,-3.983194,133.780746,20.530262,0.103395,0.946997,-0.264969,0.149323,0.902974,147.138962,17.397764,-0.013529,0.838614,0.084686,0.537934,-6.61727,127.519569,17.623425,0.300267,-0.393971,0.263441,-0.827784,-14.771402,128.845093,0.099452,0.256829,-0.130318,-0.443952,-0.848506,-0.170609,111.011055,-12.997415,0.369608,0.007962,-0.628168,-0.68464,13.168886,127.023003,-23.475477,-0.130912,0.929926,0.075042,0.335363,-2.230259,127.41761,23.641623,0.338966,0.868573,0.047338,-0.358389,12.121469,131.159531,36.106071,-0.000217,0.299619,0.515832,-0.802587,25.729401,116.449234,18.75108,0.144548,0.095492,0.675113,-0.717084,19.051161,135.634537,7.615036,0.056564,0.856332,0.169328,0.484586,-6.639093,88.830452,10.020078,0.134453,0.939104,-0.00717,0.316157,-4.242605,55.457653,-2.271067,-0.004397,0.926167,-0.107952,0.361306,-15.801287,12.123755,-5.488207,-0.112272,0.802227,0.029519,0.585624,4.429935,88.703194,25.015268,0.041228,-0.614647,0.107446,-0.780362,12.083208,54.019009,28.014282,0.025534,0.799448,-0.088005,0.593706,6.821826,10.245863,36.84655,-0.004397,0.926167,-0.107952,0.361306,-6.85572,3.456779,-14.261105,0.025534,0.799448,-0.088005,0.593706,19.148485,1.899235,33.60762
740,6.166667,-0.014972,0.891951,0.037351,0.450339,-1.117808,88.765816,17.513084,-0.011023,0.890586,0.048238,0.452116,-1.578994,96.382866,17.919216,-0.014305,0.890204,0.043642,0.453241,-2.676637,113.651428,19.237289,0.105567,0.934621,-0.098728,0.32495,-3.990462,133.769913,20.545128,0.102779,0.947259,-0.264276,0.149317,0.880057,147.139404,17.436506,-0.013494,0.838515,0.085266,0.537997,-6.623657,127.510178,17.634354,0.299673,-0.393996,0.263069,-0.828105,-14.775178,128.849197,0.110193,0.255896,-0.130033,-0.444689,-0.848446,-0.165026,111.038994,-13.008664,0.369335,0.00837,-0.627676,-0.685233,13.14467,127.084641,-23.462395,-0.131451,0.929815,0.075972,0.33525,-2.238667,127.405228,23.653973,0.338549,0.86871,0.047536,-0.358425,12.110504,131.154251,36.119228,-0.000871,0.299126,0.515661,-0.80288,25.732037,116.464546,18.757467,0.143412,0.095186,0.676675,-0.71588,19.029909,135.665375,7.647893,0.05681,0.856707,0.169397,0.48387,-6.652914,88.830421,10.015935,0.133996,0.939581,-0.007279,0.314928,-4.27925,55.461281,-2.289553,-0.006338,0.926664,-0.108,0.359987,-15.807383,12.116507,-5.469433,-0.112406,0.80147,0.029546,0.586633,4.417298,88.70121,25.010235,0.041258,-0.614532,0.107308,-0.78047,12.075445,54.01931,28.023037,0.025367,0.799503,-0.088136,0.593619,6.823914,10.243708,36.849022,-0.006338,0.926664,-0.108,0.359987,-6.86176,3.466556,-14.259061,0.025367,0.799503,-0.088136,0.593619,19.150635,1.897045,33.610405
741,6.175,-0.01495,0.891994,0.037391,0.450251,-1.130898,88.763603,17.505211,-0.010708,0.890521,0.04858,0.452214,-1.592012,96.380623,17.912075,-0.014418,0.890092,0.043957,0.453427,-2.685158,113.643944,19.245169,0.105841,0.93455,-0.098422,0.325157,-4.009102,133.761169,20.561956,0.101937,0.947607,-0.263271,0.149463,0.866973,147.131424,17.465296,-0.013496,0.83823,0.085702,0.538371,-6.638065,127.501587,17.647085,0.299165,-0.394257,0.262583,-0.828319,-14.773997,128.851028,0.116484,0.255145,-0.12942,-0.445217,-0.848489,-0.161257,111.065651,-13.033135,0.368751,0.009192,-0.627897,-0.685335,13.134713,127.145874,-23.454199,-0.131511,0.929736,0.076421,0.335345,-2.255626,127.395859,23.668545,0.337956,0.869003,0.047913,-0.358224,12.090473,131.140518,36.138645,-0.00153,0.298974,0.515274,-0.803184,25.740932,116.479538,18.775318,0.142742,0.095129,0.676279,-0.716395,19.016254,135.681885,7.683186,0.056806,0.856726,0.170147,0.483573,-6.667491,88.828835,10.009168,0.133983,0.940381,-0.00728,0.312536,-4.271329,55.477833,-2.34105,-0.001748,0.926374,-0.107682,0.360877,-15.806445,12.132743,-5.491117,-0.112498,0.801347,0.029364,0.586792,4.405695,88.698372,25.001255,0.041339,-0.614408,0.107162,-0.780584,12.060831,54.017174,28.029776,0.025455,0.7995,-0.087838,0.593663,6.822538,10.239351,36.852592,-0.001748,0.926374,-0.107682,0.360877,-6.905864,3.444458,-14.288651,0.025455,0.7995,-0.087838,0.593663,19.15143,1.897271,33.610443
742,6.183333,-0.014828,0.891711,0.038129,0.450752,-1.130038,88.774323,17.476685,-0.011195,0.890388,0.049541,0.45236,-1.59479,96.390549,17.894176,-0.014003,0.89007,0.044394,0.453441,-2.718023,113.646507,19.248755,0.106075,0.934537,-0.098204,0.325183,-4.035055,133.76265,20.588827,0.101304,0.947866,-0.262513,0.14958,0.845406,147.133179,17.50025,-0.013972,0.837631,0.086235,0.539206,-6.666173,127.507339,17.666719,0.298193,-0.394139,0.262407,-0.828781,-14.766733,128.855545,0.119652,0.254183,-0.129193,-0.445933,-0.848436,-0.144166,111.093613,-13.050725,0.368352,0.009697,-0.628388,-0.685092,13.123266,127.207718,-23.449804,-0.131486,0.929611,0.077001,0.335567,-2.283759,127.393135,23.688042,0.337376,0.869324,0.048342,-0.357934,12.056812,131.128052,36.167416,-0.002066,0.299148,0.514973,-0.803311,25.739038,116.495476,18.805132,0.142402,0.095114,0.6753,-0.717387,19.005985,135.693771,7.71941,0.057131,0.857198,0.169373,0.48297,-6.658279,88.848221,9.974563,0.133701,0.940812,-0.006848,0.311366,-4.317862,55.481125,-2.342824,0.002735,0.925609,-0.104806,0.363672,-15.821486,12.128693,-5.50712,-0.112773,0.801495,0.028899,0.58656,4.398204,88.700424,24.978807,0.04128,-0.614439,0.107019,-0.780581,12.050308,54.021706,28.043222,0.025642,0.799423,-0.087236,0.593848,6.818909,10.240709,36.854374,0.002735,0.925609,-0.104806,0.363672,-6.910846,3.464352,-14.318077,0.025642,0.799423,-0.087236,0.593848,19.152966,1.907879,33.608101
743,6.191667,-0.014534,0.891779,0.03811,0.450628,-1.15111,88.777168,17.468639,-0.010432,0.890264,0.049685,0.452606,-1.611676,96.393539,17.887972,-0.01437,0.889836,0.044742,0.453854,-2.712674,113.629509,19.257065,0.106078,0.9345,-0.097562,0.325483,-4.04989,133.743973,20.602291,0.100601,0.948151,-0.261737,0.149613,0.826586,147.120255,17.532377,-0.013595,0.837662,0.086591,0.539111,-6.672307,127.487137,17.675638,0.297801,-0.394309,0.261601,-0.829096,-14.777255,128.854691,0.132085,0.253609,-0.128645,-0.446366,-0.848464,-0.139362,111.129356,-13.070517,0.367605,0.010553,-0.628832,-0.685073,13.120656,127.276039,-23.444376,-0.131516,0.929485,0.076972,0.335913,-2.295614,127.375122,23.701168,0.337039,0.869531,0.049223,-0.357628,12.035671,131.109802,36.191284,-0.002396,0.298908,0.514815,-0.803501,25.741566,116.504959,18.824324,0.141876,0.094918,0.674966,-0.717832,18.995232,135.703766,7.754332,0.057141,0.857269,0.169604,0.482762,-6.681594,88.855682,9.968212,0.133326,0.941053,-0.00692,0.310798,-4.33667,55.494236,-2.36361,-0.000322,0.926244,-0.105866,0.361753,-15.813151,12.132904,-5.504387,-0.11319,0.801938,0.028529,0.585892,4.379374,88.698647,24.969069,0.041049,-0.614917,0.106873,-0.780237,12.04202,54.025124,28.065794,0.023115,0.799594,-0.088327,0.59356,6.813123,10.239613,36.855949,-0.000322,0.926244,-0.105866,0.361753,-6.904712,3.472941,-14.321876,0.023115,0.799594,-0.088327,0.59356,19.165934,1.924951,33.634468
744,6.2,-0.014759,0.891795,0.038415,0.450565,-1.161889,88.768074,17.454584,-0.0105,0.890206,0.050189,0.452664,-1.627595,96.383987,17.876541,-0.014135,0.889774,0.04501,0.453956,-2.738714,113.618828,19.260044,0.106055,0.934507,-0.097198,0.325581,-4.072563,133.73259,20.619026,0.100096,0.948383,-0.260976,0.149808,0.800656,147.112305,17.558971,-0.01368,0.837271,0.087024,0.539646,-6.695497,127.478264,17.687454,0.297209,-0.394334,0.261119,-0.829448,-14.777983,128.854111,0.134189,0.253016,-0.128093,-0.446937,-0.848424,-0.127806,111.157074,-13.092731,0.367204,0.011299,-0.629484,-0.684678,13.11726,127.338242,-23.440638,-0.131433,0.929404,0.077332,0.336085,-2.320096,127.361259,23.713825,0.336521,0.869819,0.04953,-0.357373,12.007559,131.087357,36.21067,-0.003034,0.298889,0.514684,-0.80359,25.741619,116.506424,18.845877,0.141627,0.094697,0.674502,-0.718347,18.98913,135.709534,7.791564,0.057237,0.856844,0.170338,0.483247,-6.69332,88.845352,9.954844,0.133293,0.940906,-0.007645,0.31124,-4.321349,55.50248,-2.421979,1.3e-05,0.926243,-0.106033,0.361704,-15.813807,12.141299,-5.505875,-0.113423,0.802459,0.028049,0.585156,4.369542,88.690796,24.954325,0.041076,-0.614727,0.10669,-0.780411,12.028256,54.019119,28.081253,0.024165,0.799571,-0.087489,0.593673,6.811392,10.230276,36.86195,1.3e-05,0.926243,-0.106033,0.361704,-6.91204,3.474039,-14.32293,0.024165,0.799571,-0.087489,0.593673,19.160065,1.915717,33.624397
745,6.208333,-0.014827,0.891773,0.038634,0.450588,-1.177831,88.758759,17.442043,-0.010905,0.890161,0.050657,0.45269,-1.645971,96.374382,17.866495,-0.01369,0.889767,0.045246,0.453961,-2.777004,113.60788,19.258049,0.106207,0.934591,-0.096336,0.325545,-4.099181,133.721298,20.633667,0.099714,0.948565,-0.260552,0.149648,0.770484,147.107697,17.597265,-0.013722,0.836754,0.087401,0.540384,-6.72582,127.470909,17.697018,0.296371,-0.394028,0.260965,-0.829942,-14.777359,128.856049,0.130272,0.252161,-0.127909,-0.447579,-0.848367,-0.110112,111.181282,-13.107507,0.366747,0.011789,-0.629808,-0.684617,13.111711,127.395737,-23.438614,-0.131374,0.929326,0.077709,0.336236,-2.350304,127.346397,23.723152,0.335972,0.870101,0.049433,-0.357216,11.974003,131.064636,36.22617,-0.003811,0.299014,0.514593,-0.803598,25.733589,116.501701,18.866461,0.141238,0.094459,0.674588,-0.718373,18.978956,135.716064,7.823807,0.05737,0.856971,0.170314,0.483015,-6.708838,88.836769,9.941998,0.133029,0.940462,-0.007996,0.312682,-4.349182,55.494404,-2.438534,0.000403,0.92621,-0.105426,0.361967,-15.824816,12.127381,-5.50292,-0.113714,0.802415,0.027812,0.585172,4.353176,88.68074,24.942089,0.040985,-0.614911,0.106581,-0.780285,12.018308,54.012825,28.094896,0.024208,0.799583,-0.087085,0.593715,6.805925,10.221231,36.864548,0.000403,0.92621,-0.105426,0.361967,-6.919792,3.470435,-14.326818,0.024208,0.799583,-0.087085,0.593715,19.158342,1.914112,33.622177
746,6.216667,-0.014573,0.89173,0.038771,0.450668,-1.192247,88.758247,17.423391,-0.011105,0.890016,0.051163,0.452913,-1.657903,96.373825,17.851423,-0.013463,0.889621,0.045565,0.454221,-2.802724,113.595787,19.254322,0.106312,0.934536,-0.096113,0.325734,-4.122966,133.708267,20.645174,0.099265,0.948782,-0.259818,0.149848,0.748439,147.09584,17.616798,-0.013695,0.836379,0.087863,0.540891,-6.74879,127.460571,17.702078,0.295972,-0.393915,0.260636,-0.830241,-14.779119,128.8582,0.126612,0.251467,-0.127829,-0.448049,-0.848337,-0.098066,111.203873,-13.123123,0.366127,0.012086,-0.629812,-0.68494,13.102613,127.438332,-23.43998,-0.13133,0.929217,0.078094,0.336466,-2.376694,127.330688,23.730581,0.335411,0.870451,0.049694,-0.356854,11.942075,131.041031,36.242283,-0.004458,0.299201,0.51439,-0.803655,25.735331,116.501762,18.889479,0.140749,0.094412,0.674486,-0.718572,18.976173,135.719116,7.854352,0.057398,0.857121,0.170064,0.482833,-6.722046,88.841713,9.922514,0.132829,0.940228,-0.008096,0.313467,-4.375508,55.4935,-2.444759,0.000301,0.926226,-0.105328,0.361954,-15.834803,12.121836,-5.504638,-0.113949,0.802459,0.027547,0.585078,4.337552,88.674782,24.924269,0.041041,-0.614921,0.106555,-0.780278,12.005249,54.009636,28.10117,0.024201,0.799706,-0.086951,0.59357,6.797905,10.217958,36.87339,0.000301,0.926226,-0.105328,0.361954,-6.928042,3.468169,-14.330001,0.024201,0.799706,-0.086951,0.59357,19.150362,1.913451,33.624485
747,6.225,-0.015177,0.891638,0.039415,0.450776,-1.196291,88.740677,17.410364,-0.011094,0.889883,0.051427,0.453146,-1.674656,96.355209,17.842928,-0.013342,0.889466,0.04584,0.454501,-2.824292,113.585724,19.254608,0.10654,0.934477,-0.095662,0.32596,-4.145675,133.697327,20.657122,0.098771,0.948969,-0.259278,0.149923,0.728892,147.087234,17.644171,-0.013772,0.836027,0.088374,0.541349,-6.769585,127.451416,17.708519,0.295511,-0.39384,0.260215,-0.830573,-14.780633,128.859009,0.125055,0.250945,-0.127487,-0.448543,-0.848282,-0.08482,111.229431,-13.141264,0.365654,0.012807,-0.630195,-0.684827,13.099815,127.490112,-23.43955,-0.131417,0.929198,0.078747,0.336331,-2.401229,127.317848,23.739653,0.33522,0.870747,0.050235,-0.356234,11.920155,131.023148,36.249851,-0.005069,0.299329,0.514217,-0.803715,25.743618,116.496002,18.910936,0.140156,0.094843,0.674058,-0.719031,18.978691,135.719879,7.882999,0.057366,0.857339,0.170192,0.482403,-6.723943,88.819618,9.907855,0.13297,0.940284,-0.008247,0.313237,-4.377143,55.474258,-2.467064,0.00393,0.925747,-0.104297,0.363454,-15.853161,12.106204,-5.515338,-0.114004,0.802995,0.027146,0.584351,4.331361,88.661736,24.912872,0.041137,-0.614825,0.106423,-0.780367,11.988409,53.995918,28.108126,0.024121,0.799775,-0.086428,0.593556,6.794465,10.202408,36.879147,0.00393,0.925747,-0.104297,0.363454,-6.961073,3.441306,-14.344475,0.024121,0.799775,-0.086428,0.593556,19.152847,1.909636,33.622814
748,6.233333,-0.01534,0.89154,0.03974,0.450934,-1.204894,88.735825,17.398129,-0.01111,0.889753,0.051803,0.453358,-1.687801,96.349892,17.833908,-0.01342,0.889326,0.046172,0.454738,-2.844234,113.579941,19.256668,0.106724,0.934438,-0.095204,0.326147,-4.174876,133.690231,20.6693,0.09851,0.94911,-0.25884,0.149957,0.701443,147.082855,17.671246,-0.013969,0.835612,0.088986,0.541885,-6.794534,127.444817,17.715893,0.29479,-0.393631,0.259882,-0.831033,-14.782895,128.860931,0.12279,0.250304,-0.127181,-0.449021,-0.848265,-0.069164,111.258026,-13.159089,0.365144,0.013687,-0.630492,-0.684808,13.098094,127.543404,-23.436508,-0.13131,0.929002,0.078929,0.336872,-2.429425,127.309822,23.749348,0.334973,0.870973,0.050504,-0.355878,11.878965,131.006226,36.277042,-0.005794,0.300126,0.514252,-0.80339,25.72468,116.490639,18.946196,0.139421,0.095421,0.673727,-0.719408,18.983408,135.718735,7.910138,0.056953,0.85742,0.170042,0.482362,-6.729799,88.814934,9.893595,0.132788,0.940503,-0.00842,0.312652,-4.363759,55.462551,-2.458709,4.6e-05,0.92662,-0.104429,0.361207,-15.831425,12.090397,-5.48003,-0.114005,0.80312,0.026981,0.584186,4.320011,88.656715,24.90266,0.041332,-0.61457,0.106319,-0.780571,11.970918,53.990276,28.105804,0.022781,0.799946,-0.08683,0.59332,6.792101,10.196241,36.883144,4.6e-05,0.92662,-0.104429,0.361207,-6.931545,3.459145,-14.334242,0.022781,0.799946,-0.08683,0.59332,19.16132,1.916532,33.634712
749,6.241667,-0.01563,0.891407,0.040173,0.451149,-1.207612,88.731071,17.383759,-0.011048,0.889581,0.05221,0.45365,-1.697554,96.344467,17.823299,-0.013515,0.889136,0.046483,0.455075,-2.858997,113.574409,19.259275,0.107063,0.934349,-0.094693,0.326439,-4.1993,133.683426,20.680799,0.098083,0.949259,-0.25844,0.149985,0.682888,147.078018,17.701248,-0.014031,0.835303,0.089524,0.54227,-6.814012,127.438354,17.72229,0.294378,-0.393484,0.259475,-0.831375,-14.786089,128.865265,0.12268,0.24998,-0.126837,-0.449412,-0.848205,-0.055012,111.286484,-13.1719,0.364979,0.0142,-0.630806,-0.684597,13.100616,127.592873,-23.43368,-0.131642,0.928713,0.080098,0.337263,-2.453512,127.302238,23.759047,0.334775,0.871183,0.050831,-0.355504,11.841257,130.992645,36.304035,-0.006541,0.300999,0.51425,-0.803059,25.708092,116.48761,18.981251,0.138537,0.096286,0.673418,-0.719753,18.991179,135.718048,7.93536,0.056629,0.857332,0.170199,0.482501,-6.728728,88.809189,9.876432,0.13304,0.940887,-0.008427,0.311385,-4.335442,55.457996,-2.473854,0.000199,0.926607,-0.104482,0.361225,-15.828249,12.091884,-5.486257,-0.113939,0.803248,0.0268,0.584031,4.313505,88.652954,24.891085,0.041595,-0.614119,0.106202,-0.780928,11.953889,53.984749,28.100323,0.022736,0.79997,-0.086539,0.593331,6.792685,10.190428,36.88662,0.000199,0.926607,-0.104482,0.361225,-6.930444,3.457905,-14.339885,0.022736,0.79997,-0.086539,0.593331,19.165354,1.917255,33.634697
750,6.25,-0.015878,0.891261,0.040547,0.451395,-1.212979,88.730988,17.372936,-0.010865,0.889335,0.052328,0.454123,-1.708986,96.343811,17.81571,-0.013623,0.888823,0.04703,0.455626,-2.866365,113.557945,19.256273,0.106852,0.934323,-0.094287,0.326702,-4.221503,133.66478,20.694551,0.097919,0.949407,-0.257927,0.150041,0.652901,147.064484,17.725185,-0.013845,0.835139,0.090082,0.542436,-6.828437,127.420738,17.727022,0.293774,-0.393259,0.258903,-0.831874,-14.793752,128.866058,0.125846,0.249852,-0.126267,-0.449778,-0.848134,-0.037572,111.321732,-13.186405,0.365214,0.014512,-0.631737,-0.683606,13.11388,127.65403,-23.430256,-0.131763,0.928566,0.079837,0.337682,-2.475452,127.281906,23.769144,0.334826,0.87134,0.051675,-0.354949,11.807132,130.978043,36.326332,-0.006901,0.30149,0.514357,-0.802803,25.693066,116.482285,19.011078,0.137833,0.097018,0.673434,-0.719775,18.994432,135.717163,7.958256,0.056724,0.857291,0.16985,0.482687,-6.729814,88.808372,9.862451,0.132941,0.940578,-0.008516,0.312356,-4.351923,55.449509,-2.470058,5.6e-05,0.926628,-0.104168,0.361263,-15.835958,12.081176,-5.483971,-0.11392,0.803169,0.026691,0.584149,4.303855,88.65361,24.883423,0.041723,-0.614142,0.106111,-0.780916,11.938158,53.984676,28.099209,0.022712,0.800016,-0.086467,0.593281,6.790616,10.189584,36.889664,5.6e-05,0.926628,-0.104168,0.361263,-6.933626,3.455918,-14.341557,0.022712,0.800016,-0.086467,0.593281,19.163811,1.918171,33.63525
751,6.258333,-0.016003,0.891091,0.040761,0.451707,-1.221919,88.730827,17.36195,-0.010974,0.889135,0.052728,0.454466,-1.721262,96.343323,17.806601,-0.013582,0.888627,0.047308,0.455983,-2.888805,113.555443,19.257225,0.106891,0.934292,-0.093833,0.326908,-4.248157,133.661255,20.705647,0.097734,0.949525,-0.257551,0.150058,0.624338,147.064651,17.7498,-0.013855,0.834776,0.09059,0.54291,-6.851759,127.41848,17.73254,0.293352,-0.393138,0.258638,-0.832162,-14.797139,128.876022,0.123367,0.249643,-0.125859,-0.450016,-0.848129,-0.028634,111.350121,-13.199465,0.365229,0.014956,-0.63202,-0.683326,13.119711,127.700378,-23.427132,-0.13181,0.928378,0.080157,0.338105,-2.503601,127.276932,23.77807,0.334824,0.871458,0.052246,-0.354576,11.767416,130.968292,36.349804,-0.007151,0.302056,0.514479,-0.80251,25.667435,116.480232,19.039406,0.137053,0.097612,0.674162,-0.719162,18.990349,135.71666,7.975487,0.05668,0.85696,0.16978,0.483304,-6.73342,88.80822,9.847554,0.132982,0.940478,-0.008644,0.312637,-4.346426,55.447281,-2.477588,0.000169,0.926633,-0.104114,0.361264,-15.83651,12.080115,-5.485306,-0.113924,0.80322,0.026568,0.584082,4.289582,88.653442,24.876347,0.041863,-0.614142,0.10597,-0.780927,11.919332,53.984112,28.098722,0.02285,0.800031,-0.086305,0.593279,6.789341,10.187372,36.891239,0.000169,0.926633,-0.104114,0.361264,-6.935459,3.454964,-14.344279,0.02285,0.800031,-0.086305,0.593279,19.162336,1.917002,33.633434
752,6.266667,-0.016021,0.8909,0.040883,0.452071,-1.234451,88.731209,17.351944,-0.011579,0.888963,0.053194,0.454732,-1.735076,96.343544,17.797924,-0.013162,0.888517,0.04752,0.456186,-2.92907,113.554176,19.252996,0.107145,0.934264,-0.093399,0.327028,-4.277558,133.659637,20.716465,0.097465,0.949656,-0.257169,0.15006,0.598384,147.064972,17.775173,-0.013822,0.834351,0.090845,0.54352,-6.883485,127.420654,17.737432,0.293015,-0.392928,0.25851,-0.83242,-14.803208,128.886993,0.117439,0.249172,-0.125784,-0.450139,-0.848214,-0.022466,111.373497,-13.208148,0.364734,0.015321,-0.631574,-0.683995,13.119419,127.731361,-23.423218,-0.131585,0.928213,0.080127,0.338652,-2.537918,127.271942,23.784653,0.33468,0.87161,0.052513,-0.354298,11.721055,130.953049,36.373035,-0.007359,0.30248,0.51473,-0.802188,25.636637,116.473198,19.068285,0.137048,0.097878,0.674926,-0.71841,18.983212,135.714905,7.997757,0.056608,0.856537,0.170067,0.48396,-6.739804,88.809654,9.833054,0.133414,0.94056,-0.008594,0.312207,-4.328863,55.455101,-2.504683,0.004917,0.925753,-0.103917,0.363537,-15.854692,12.098199,-5.523541,-0.114013,0.803312,0.026388,0.583948,4.270902,88.652763,24.870836,0.041923,-0.614238,0.10577,-0.780876,11.898722,53.9842,28.105942,0.023898,0.799956,-0.085764,0.593417,6.786937,10.184109,36.892353,0.004917,0.925753,-0.103917,0.363537,-6.972726,3.432241,-14.361819,0.023898,0.799956,-0.085764,0.593417,19.153219,1.908001,33.623646
753,6.275,-0.016123,0.890692,0.041022,0.452465,-1.244622,88.731804,17.342791,-0.011097,0.888782,0.053722,0.455035,-1.747784,96.34391,17.789722,-0.013939,0.88832,0.047549,0.456543,-2.935086,113.543533,19.267374,0.107312,0.934181,-0.092866,0.327362,-4.312587,133.648026,20.71699,0.097353,0.949803,-0.256644,0.150101,0.56469,147.056747,17.793381,-0.013499,0.834071,0.091336,0.543875,-6.907263,127.40358,17.739573,0.292541,-0.392736,0.258168,-0.832783,-14.812366,128.892105,0.114867,0.248844,-0.125396,-0.450338,-0.848262,-0.01422,111.401581,-13.221579,0.36487,0.01532,-0.6314,-0.684083,13.124376,127.775383,-23.417387,-0.131624,0.928008,0.080324,0.339153,-2.566869,127.264664,23.790741,0.334679,0.871688,0.052826,-0.354062,11.678555,130.942032,36.395561,-0.00751,0.3028,0.51503,-0.801873,25.60305,116.466049,19.094738,0.13697,0.098144,0.675775,-0.71759,18.972462,135.714905,8.019742,0.056343,0.85612,0.169973,0.484761,-6.743286,88.810089,9.819002,0.133309,0.940707,-0.008769,0.311804,-4.308024,55.451118,-2.502014,0.005301,0.92612,-0.103667,0.362666,-15.831387,12.091989,-5.4982,-0.114009,0.803533,0.026098,0.583658,4.254041,88.653519,24.866579,0.042127,-0.614031,0.105491,-0.781065,11.87081,53.983795,28.115347,0.023937,0.800104,-0.085693,0.593227,6.787303,10.179952,36.899464,0.005301,0.92612,-0.103667,0.362666,-6.971464,3.427067,-14.359591,0.023937,0.800104,-0.085693,0.593227,19.152031,1.904456,33.623333
754,6.283333,-0.015794,0.890504,0.040914,0.452856,-1.260105,88.74395,17.332718,-0.011236,0.888521,0.054162,0.455489,-1.758241,96.356354,17.780249,-0.013842,0.888065,0.047784,0.457018,-2.956771,113.543991,19.267698,0.107476,0.934122,-0.092325,0.327629,-4.335905,133.647675,20.726782,0.097072,0.94992,-0.256367,0.150016,0.54222,147.059875,17.820576,-0.013553,0.833736,0.091832,0.544305,-6.927392,127.404854,17.743221,0.291465,-0.392461,0.258261,-0.833261,-14.814323,128.903778,0.111263,0.248095,-0.125258,-0.450426,-0.848455,-0.007315,111.429253,-13.2363,0.364432,0.016137,-0.631111,-0.684564,13.130486,127.818169,-23.414057,-0.131548,0.927818,0.08004,0.339768,-2.593418,127.262665,23.798912,0.335017,0.871637,0.053601,-0.353751,11.636606,130.938141,36.421658,-0.007508,0.303109,0.515541,-0.801427,25.560755,116.461113,19.121426,0.13677,0.098418,0.676325,-0.717072,18.963566,135.717651,8.0418,0.056237,0.855663,0.169862,0.485618,-6.752361,88.827148,9.804305,0.133269,0.940745,-0.008778,0.311708,-4.302291,55.464638,-2.504204,0.005,0.926293,-0.104498,0.361989,-15.822899,12.104559,-5.497325,-0.114028,0.803264,0.025839,0.584036,4.23215,88.660751,24.86113,0.042195,-0.613669,0.104953,-0.781419,11.837706,53.990376,28.129107,0.024069,0.799866,-0.085646,0.593548,6.791025,10.176867,36.8862,0.005,0.926293,-0.104498,0.361989,-6.977436,3.42282,-14.356701,0.024069,0.799866,-0.085646,0.593548,19.157511,1.900569,33.618755
755,6.291667,-0.016146,0.890249,0.041172,0.453322,-1.269662,88.743553,17.324816,-0.011474,0.888293,0.054351,0.455906,-1.774603,96.355461,17.773144,-0.013373,0.887868,0.047978,0.457394,-2.98491,113.553551,19.263054,0.107653,0.933939,-0.092332,0.328091,-4.351418,133.656998,20.737188,0.096493,0.950018,-0.25585,0.150649,0.533536,147.067703,17.835539,-0.013685,0.833496,0.092057,0.54463,-6.944804,127.41835,17.746546,0.290912,-0.392399,0.258133,-0.833523,-14.817876,128.919067,0.108542,0.247642,-0.124898,-0.450482,-0.848611,-0.00474,111.459076,-13.251252,0.364082,0.016776,-0.630887,-0.684941,13.134761,127.860092,-23.406664,-0.131211,0.927542,0.079876,0.340691,-2.615765,127.268326,23.805576,0.335168,0.871661,0.054749,-0.353373,11.593353,130.929596,36.455978,-0.007199,0.303182,0.515881,-0.801184,25.526333,116.465569,19.15197,0.136554,0.098424,0.677199,-0.716287,18.947319,135.724945,8.065532,0.056298,0.855379,0.169795,0.486135,-6.753834,88.823524,9.790474,0.133275,0.940792,-0.008873,0.31156,-4.302413,55.459881,-2.514686,0.005155,0.926266,-0.104296,0.362115,-15.826602,12.100082,-5.498065,-0.114035,0.802457,0.025707,0.585148,4.214509,88.663589,24.859158,0.042336,-0.613218,0.104619,-0.78181,11.81048,53.992855,28.145519,0.024068,0.799927,-0.085468,0.593492,6.789704,10.17411,36.8913,0.005155,0.926266,-0.104296,0.362115,-6.979582,3.421581,-14.359061,0.024068,0.799927,-0.085468,0.593492,19.157387,1.901312,33.619503
756,6.3,-0.016581,0.890007,0.041427,0.453758,-1.278809,88.744827,17.318661,-0.011303,0.888047,0.054343,0.45639,-1.791654,96.356194,17.767174,-0.013763,0.887572,0.04846,0.457907,-2.99718,113.551369,19.258612,0.107483,0.933898,-0.091881,0.32839,-4.387448,133.652527,20.741955,0.096592,0.950112,-0.255401,0.150756,0.490558,147.068329,17.852327,-0.013442,0.833061,0.092689,0.545195,-6.970403,127.412651,17.744818,0.290613,-0.392273,0.257861,-0.83377,-14.81989,128.936783,0.098315,0.24757,-0.124202,-0.450635,-0.848653,0.005884,111.493561,-13.269358,0.364091,0.017423,-0.631194,-0.684638,13.147677,127.910782,-23.398178,-0.131706,0.927263,0.080712,0.341062,-2.648511,127.264069,23.808983,0.335183,0.871751,0.054838,-0.353123,11.545763,130.929489,36.474834,-0.007705,0.303535,0.516151,-0.800872,25.487583,116.464111,19.179073,0.136357,0.098691,0.677352,-0.716143,18.931528,135.73291,8.096353,0.056599,0.854846,0.170021,0.486957,-6.755348,88.820129,9.778723,0.133495,0.940647,-0.009028,0.311899,-4.302326,55.464382,-2.547496,0.006354,0.925724,-0.104011,0.363561,-15.848022,12.110117,-5.528131,-0.114075,0.80205,0.025247,0.585718,4.19773,88.669518,24.858597,0.042371,-0.612939,0.104106,-0.782095,11.774518,53.997768,28.17832,0.024206,0.799976,-0.085164,0.593465,6.78798,10.169667,36.896751,0.006354,0.925724,-0.104011,0.363561,-6.986494,3.427631,-14.370704,0.024206,0.799976,-0.085164,0.593465,19.15659,1.900734,33.618721
757,6.308333,-0.016789,0.889728,0.041581,0.454284,-1.290533,88.749458,17.309025,-0.011256,0.887772,0.054692,0.456883,-1.807535,96.360519,17.757889,-0.013769,0.887301,0.048689,0.458406,-3.01791,113.553604,19.26,0.107591,0.933868,-0.091421,0.328567,-4.413437,133.653854,20.750639,0.096464,0.950275,-0.254978,0.15053,0.464221,147.072845,17.875191,-0.013067,0.83312,0.092587,0.545131,-6.991897,127.414856,17.747839,0.288966,-0.391569,0.258211,-0.834566,-14.844454,128.9487,0.103548,0.246806,-0.124351,-0.450448,-0.848953,0.001021,111.524185,-13.266665,0.363766,0.018035,-0.631121,-0.684861,13.154573,127.950012,-23.389248,-0.131851,0.927083,0.08107,0.34141,-2.67682,127.264366,23.816809,0.335035,0.871727,0.054258,-0.35341,11.506769,130.928253,36.495064,-0.008582,0.303964,0.516417,-0.800528,25.443062,116.460098,19.197193,0.135707,0.098614,0.677778,-0.715875,18.911535,135.744019,8.123893,0.05633,0.854759,0.169653,0.48727,-6.758039,88.823112,9.762521,0.13328,0.940693,-0.009126,0.31185,-4.297222,55.456306,-2.532167,0.005652,0.926281,-0.104029,0.362145,-15.827955,12.097036,-5.497887,-0.114112,0.801449,0.024915,0.586547,4.176974,88.675797,24.85553,0.042551,-0.6125,0.103657,-0.782489,11.738591,54.003452,28.203579,0.024273,0.800117,-0.085009,0.593293,6.788182,10.168341,36.907356,0.005652,0.926281,-0.104029,0.362145,-6.985858,3.419762,-14.36499,0.024273,0.800117,-0.085009,0.593293,19.155863,1.901268,33.621124
758,6.316667,-0.016861,0.88949,0.041636,0.454742,-1.301882,88.754616,17.299173,-0.011324,0.887453,0.055184,0.457443,-1.820475,96.365578,17.748022,-0.013844,0.886974,0.048811,0.459023,-3.041752,113.557831,19.263437,0.10787,0.933768,-0.091102,0.32885,-4.443275,133.657516,20.75605,0.096347,0.950461,-0.254428,0.150357,0.440189,147.077148,17.893475,-0.013488,0.832373,0.09336,0.54613,-7.016316,127.418602,17.748425,0.287648,-0.391241,0.258922,-0.834954,-14.826214,128.959167,0.085792,0.245707,-0.123992,-0.450756,-0.84916,0.01336,111.53022,-13.285182,0.363512,0.018521,-0.630899,-0.685188,13.161947,127.987984,-23.37809,-0.131566,0.926905,0.080777,0.342071,-2.709706,127.267769,23.823399,0.334988,0.871811,0.055065,-0.353124,11.459292,130.922318,36.520653,-0.009028,0.304169,0.516518,-0.80038,25.407951,116.469147,19.220224,0.134698,0.098808,0.678052,-0.715778,18.887985,135.756866,8.153717,0.0565,0.854371,0.169491,0.487986,-6.761594,88.827988,9.747024,0.133125,0.940673,-0.009202,0.311974,-4.306561,55.458607,-2.541858,0.00626,0.926277,-0.103816,0.362207,-15.82621,12.095756,-5.498258,-0.114138,0.801226,0.024552,0.586861,4.15783,88.681252,24.851324,0.042748,-0.611974,0.103228,-0.782946,11.704518,54.008057,28.224167,0.024447,0.800216,-0.084835,0.593178,6.788956,10.166463,36.915039,0.00626,0.926277,-0.103816,0.362207,-6.990241,3.417398,-14.370413,0.024447,0.800216,-0.084835,0.593178,19.155056,1.899993,33.621353
759,6.325,-0.016927,0.889233,0.041757,0.455229,-1.314396,88.759552,17.286341,-0.011506,0.887197,0.055392,0.45791,-1.834968,96.370331,17.736084,-0.013517,0.886734,0.049168,0.459458,-3.066705,113.572731,19.255323,0.107945,0.933762,-0.090646,0.328969,-4.463873,133.671356,20.766096,0.096228,0.950585,-0.254125,0.150163,0.418138,147.09436,17.916891,-0.013435,0.832517,0.093175,0.545942,-7.035846,127.436111,17.749977,0.28778,-0.391147,0.258321,-0.835139,-14.853734,128.97374,0.090621,0.245804,-0.123721,-0.450537,-0.849288,0.006254,111.567558,-13.28734,0.363102,0.019053,-0.630403,-0.685847,13.162766,128.016357,-23.366394,-0.131531,0.926678,0.080828,0.342687,-2.735055,127.278137,23.828892,0.335141,0.871747,0.055278,-0.353104,11.417945,130.927658,36.545418,-0.009583,0.304443,0.516835,-0.800066,25.361956,116.472519,19.242889,0.133764,0.098645,0.678245,-0.715793,18.864803,135.772461,8.184057,0.056589,0.854115,0.169274,0.488499,-6.765789,88.833313,9.728189,0.133005,0.940643,-0.009261,0.312113,-4.31649,55.459427,-2.549587,0.006555,0.926261,-0.103768,0.362258,-15.827435,12.093815,-5.499356,-0.114087,0.800474,0.024036,0.587918,4.136997,88.685791,24.844494,0.04294,-0.611553,0.102637,-0.783342,11.654875,54.009979,28.254551,0.024409,0.800359,-0.084619,0.593017,6.786145,10.158938,36.924099,0.006555,0.926261,-0.103768,0.362258,-6.994323,3.413676,-14.372611,0.024409,0.800359,-0.084619,0.593017,19.15329,1.897217,33.622421
760,6.333333,-0.017163,0.889273,0.041149,0.4552,-1.346965,88.754478,17.294411,-0.010831,0.887025,0.055231,0.458278,-1.866512,96.365891,17.734272,-0.013842,0.886434,0.049407,0.460003,-3.074872,113.558914,19.257874,0.107901,0.933882,-0.089369,0.32899,-4.489023,133.656235,20.770273,0.096282,0.950754,-0.253957,0.149341,0.380865,147.090607,17.954048,-0.013199,0.832302,0.093607,0.546203,-7.052496,127.419571,17.749842,0.288004,-0.391288,0.257614,-0.835214,-14.859617,128.974991,0.087279,0.245957,-0.122846,-0.45074,-0.849263,0.013825,111.592278,-13.306252,0.363336,0.019318,-0.630479,-0.685646,13.168737,128.053802,-23.353592,-0.131889,0.926457,0.081146,0.343072,-2.759295,127.263794,23.834177,0.335048,0.871805,0.055708,-0.352982,11.379843,130.919617,36.564316,-0.010203,0.304381,0.517013,-0.799966,25.331751,116.475418,19.258995,0.132985,0.09829,0.678393,-0.715847,18.840288,135.79158,8.216903,0.056452,0.853988,0.169692,0.488592,-6.798718,88.819115,9.736433,0.13291,0.94062,-0.009386,0.312218,-4.324868,55.454231,-2.560849,0.006542,0.926282,-0.10362,0.362246,-15.831023,12.086535,-5.498645,-0.114161,0.799705,0.023542,0.588969,4.104788,88.689835,24.852388,0.042966,-0.611441,0.101929,-0.78352,11.601665,54.013546,28.303576,0.024344,0.800499,-0.084256,0.592882,6.782198,10.149673,36.935646,0.006542,0.926282,-0.10362,0.362246,-6.997135,3.409918,-14.374572,0.024344,0.800499,-0.084256,0.592882,19.152399,1.896157,33.624908
761,6.341667,-0.017155,0.888645,0.041786,0.456365,-1.339337,88.778984,17.268082,-0.012143,0.886726,0.056302,0.458693,-1.863784,96.389603,17.715952,-0.012956,0.886387,0.049498,0.460109,-3.13007,113.577255,19.250856,0.108167,0.933863,-0.089123,0.329024,-4.51437,133.675186,20.782841,0.096065,0.950865,-0.253582,0.149408,0.360492,147.10968,17.975859,-0.013785,0.831457,0.094136,0.547383,-7.08674,127.445328,17.755913,0.28836,-0.391583,0.257348,-0.835035,-14.843244,128.997803,0.07081,0.245905,-0.121903,-0.450966,-0.849294,0.025222,111.617432,-13.331268,0.363199,0.019813,-0.630418,-0.685761,13.177609,128.094971,-23.340014,-0.131942,0.926232,0.081888,0.343481,-2.79464,127.277138,23.840693,0.33496,0.871918,0.056095,-0.352724,11.333052,130.922562,36.586494,-0.010804,0.304493,0.517166,-0.799817,25.297707,116.486885,19.284361,0.132435,0.098111,0.67809,-0.71626,18.816992,135.812927,8.25515,0.057378,0.853862,0.168438,0.489138,-6.771294,88.850281,9.695927,0.132645,0.939709,-0.009411,0.315061,-4.390462,55.462669,-2.557971,0.006558,0.925846,-0.103608,0.363362,-15.866518,12.08871,-5.520882,-0.114263,0.799346,0.022688,0.58947,4.09262,88.707695,24.840239,0.042989,-0.611189,0.101264,-0.783802,11.557351,54.030247,28.349033,0.024687,0.800581,-0.084135,0.592775,6.782464,10.154402,36.944992,0.006558,0.925846,-0.103608,0.363362,-7.009686,3.413286,-14.375082,0.024687,0.800581,-0.084135,0.592775,19.148502,1.897724,33.626602
762,6.35,-0.017161,0.888338,0.041719,0.456968,-1.354263,88.786865,17.257647,-0.011377,0.886324,0.0564,0.459477,-1.878631,96.39756,17.704203,-0.013452,0.885891,0.049852,0.461011,-3.123896,113.579689,19.252655,0.107911,0.933823,-0.08812,0.32949,-4.534099,133.675659,20.786581,0.096087,0.950942,-0.25339,0.14923,0.327449,147.120514,18.006256,-0.013699,0.831416,0.094515,0.547382,-7.093085,127.443649,17.752768,0.287863,-0.391488,0.257042,-0.835346,-14.849727,129.006927,0.068675,0.245554,-0.121396,-0.451024,-0.849437,0.031069,111.647652,-13.347062,0.362718,0.020876,-0.630291,-0.6861,13.183929,128.134781,-23.327654,-0.131849,0.925922,0.081319,0.344487,-2.813556,127.278831,23.846487,0.334919,0.871995,0.05716,-0.352402,11.288279,130.923706,36.621059,-0.010959,0.30451,0.517326,-0.799704,25.266439,116.507492,19.313612,0.131986,0.097771,0.677441,-0.717004,18.79529,135.834854,8.291458,0.057323,0.853864,0.16806,0.489271,-6.775942,88.858047,9.678125,0.132586,0.939915,-0.009206,0.314478,-4.403379,55.460911,-2.551404,0.006851,0.925802,-0.103301,0.363557,-15.870539,12.085178,-5.522829,-0.114346,0.798893,0.022028,0.590093,4.067417,88.715683,24.837166,0.043091,-0.610848,0.100584,-0.78415,11.506435,54.037495,28.392857,0.024733,0.800682,-0.083822,0.592681,6.780601,10.150105,36.956905,0.006851,0.925802,-0.103301,0.363557,-7.012073,3.414096,-14.37965,0.024733,0.800682,-0.083822,0.592681,19.148195,1.898897,33.630718
763,6.358333,-0.017176,0.888073,0.041665,0.457488,-1.369566,88.798279,17.249201,-0.012057,0.88615,0.056852,0.45974,-1.894025,96.409035,17.694624,-0.012956,0.885811,0.050121,0.46115,-3.168183,113.594231,19.246136,0.108292,0.933796,-0.087824,0.329521,-4.565845,133.689651,20.798704,0.09592,0.951088,-0.252949,0.149157,0.303227,147.134201,18.03005,-0.013953,0.830707,0.094867,0.54839,-7.128049,127.462158,17.758326,0.287316,-0.391278,0.257214,-0.835579,-14.841583,129.028839,0.055684,0.245441,-0.120695,-0.451314,-0.849416,0.043231,111.673332,-13.360457,0.363042,0.021581,-0.630876,-0.685369,13.196789,128.186401,-23.317871,-0.131747,0.925813,0.081698,0.344729,-2.850226,127.288818,23.853008,0.334493,0.872222,0.057147,-0.352246,11.246187,130.92366,36.636425,-0.011696,0.304564,0.517238,-0.79973,25.245306,116.522423,19.333427,0.131471,0.097346,0.677131,-0.717449,18.77104,135.858856,8.325808,0.057285,0.853649,0.167935,0.489693,-6.782376,88.869247,9.663341,0.132544,0.940011,-0.009218,0.314208,-4.405915,55.468815,-2.556445,0.007239,0.925794,-0.103319,0.363563,-15.870802,12.092102,-5.522405,-0.114458,0.798361,0.021467,0.590811,4.043244,88.72731,24.835062,0.043181,-0.61036,0.099916,-0.78461,11.461787,54.049213,28.434134,0.024699,0.80081,-0.08374,0.592521,6.781997,10.150472,36.96521,0.007239,0.925794,-0.103319,0.363563,-7.017824,3.416737,-14.380524,0.024699,0.80081,-0.08374,0.592521,19.149317,1.901294,33.63295
764,6.366667,-0.017289,0.887795,0.0417,0.45802,-1.381506,88.80761,17.239056,-0.011409,0.885774,0.056764,0.460491,-1.908004,96.418259,17.683847,-0.013353,0.885336,0.050523,0.462005,-3.161286,113.59153,19.240805,0.108172,0.9337,-0.087283,0.329979,-4.582172,133.684891,20.798918,0.095687,0.951271,-0.25236,0.149136,0.281082,147.134811,18.046165,-0.013778,0.830715,0.095325,0.548303,-7.132095,127.456093,17.750887,0.287076,-0.39105,0.256933,-0.835854,-14.849538,129.037811,0.051288,0.245227,-0.120283,-0.451508,-0.849433,0.052373,111.699417,-13.368003,0.362903,0.021916,-0.630846,-0.685459,13.203031,128.22728,-23.307407,-0.132026,0.925514,0.081905,0.345377,-2.866198,127.2845,23.85397,0.334048,0.872438,0.057698,-0.352045,11.210043,130.923019,36.658543,-0.012297,0.304249,0.517076,-0.799946,25.232426,116.548203,19.352419,0.131249,0.097426,0.6768,-0.717791,18.740934,135.893921,8.366737,0.057014,0.853819,0.167643,0.489529,-6.785171,88.87751,9.646668,0.132562,0.940767,-0.00871,0.311943,-4.405069,55.467899,-2.547256,0.007403,0.925795,-0.103362,0.363545,-15.864374,12.090799,-5.529055,-0.114521,0.797964,0.020875,0.591357,4.022158,88.737701,24.831442,0.043284,-0.609919,0.099311,-0.785024,11.416927,54.058846,28.47191,0.024129,0.801037,-0.084397,0.592144,6.780014,10.15006,36.974678,0.007403,0.925795,-0.103362,0.363545,-7.01433,3.412782,-14.387505,0.024129,0.801037,-0.084397,0.592144,19.144672,1.896328,33.643826
765,6.375,-0.017321,0.887533,0.041586,0.458537,-1.398029,88.815704,17.230299,-0.011603,0.885468,0.056805,0.46107,-1.924427,96.426483,17.673006,-0.013085,0.885018,0.05099,0.462572,-3.184723,113.591591,19.226583,0.10775,0.933737,-0.086789,0.330142,-4.605725,133.683319,20.805496,0.095764,0.951405,-0.251818,0.149147,0.242903,147.140503,18.062538,-0.013646,0.830455,0.095572,0.548657,-7.152381,127.458191,17.747255,0.286764,-0.390746,0.256862,-0.836125,-14.854929,129.050842,0.042154,0.244923,-0.119876,-0.451681,-0.849486,0.061518,111.723007,-13.37463,0.362738,0.022033,-0.630881,-0.68551,13.21121,128.267456,-23.295044,-0.132304,0.925151,0.081686,0.346293,-2.894184,127.279343,23.855505,0.333641,0.872603,0.057736,-0.352014,11.154657,130.92601,36.68782,-0.012842,0.304568,0.517105,-0.799797,25.1926,116.567719,19.3806,0.130682,0.097077,0.676934,-0.717815,18.710766,135.920883,8.3971,0.057247,0.8537,0.167106,0.489892,-6.792837,88.884575,9.631608,0.132306,0.940287,-0.008751,0.313494,-4.440857,55.464035,-2.53781,0.00723,0.925775,-0.103141,0.363662,-15.875128,12.080896,-5.527813,-0.114536,0.797473,0.020274,0.592036,3.996778,88.746826,24.828989,0.043339,-0.609709,0.09858,-0.785276,11.364039,54.066444,28.510487,0.024897,0.800927,-0.083353,0.592409,6.778733,10.145065,36.976147,0.00723,0.925775,-0.103141,0.363662,-7.018962,3.40981,-14.386929,0.024897,0.800927,-0.083353,0.592409,19.146221,1.900409,33.633354
766,6.383333,-0.017405,0.887293,0.041479,0.459008,-1.414337,88.824959,17.221268,-0.012802,0.885288,0.057378,0.461313,-1.941349,96.435837,17.661671,-0.012276,0.884966,0.051211,0.462668,-3.249517,113.619194,19.215145,0.108195,0.933726,-0.086466,0.330111,-4.645894,133.710831,20.816917,0.095748,0.951527,-0.251425,0.149042,0.211431,147.16745,18.086573,-0.01395,0.829739,0.095496,0.549745,-7.199846,127.492378,17.751213,0.286496,-0.390355,0.257206,-0.836294,-14.855737,129.078049,0.025254,0.244493,-0.119735,-0.451822,-0.849555,0.067534,111.744156,-13.37612,0.362341,0.022351,-0.630406,-0.686146,13.208941,128.294693,-23.280937,-0.131987,0.925072,0.08223,0.346495,-2.942662,127.301262,23.8598,0.33323,0.872916,0.057989,-0.351585,11.103995,130.928207,36.7001,-0.013481,0.304737,0.516888,-0.799863,25.172478,116.586792,19.403679,0.129973,0.097037,0.676818,-0.718059,18.684547,135.943893,8.427404,0.056987,0.853432,0.167154,0.490373,-6.801044,88.891991,9.616814,0.132397,0.940831,-0.008544,0.311825,-4.424768,55.470467,-2.545177,0.00778,0.92576,-0.103368,0.363625,-15.866152,12.089184,-5.534923,-0.114526,0.797357,0.019724,0.592213,3.972371,88.757927,24.825722,0.043605,-0.609059,0.098047,-0.785832,11.31515,54.075813,28.53968,0.02523,0.801125,-0.083132,0.592158,6.774652,10.147089,36.99136,0.00778,0.92576,-0.103368,0.363625,-7.019856,3.407337,-14.393366,0.02523,0.801125,-0.083132,0.592158,19.137726,1.901338,33.634956
767,6.391667,-0.017401,0.887167,0.041523,0.459246,-1.438504,88.839874,17.212915,-0.012512,0.885088,0.057327,0.461711,-1.965901,96.450699,17.653795,-0.012438,0.884699,0.051676,0.463123,-3.2651,113.634621,19.209776,0.108339,0.933634,-0.086156,0.330405,-4.676779,133.724167,20.824333,0.095661,0.951647,-0.250943,0.149147,0.182893,147.182251,18.105381,-0.014088,0.829397,0.095658,0.550229,-7.223275,127.506165,17.751516,0.284835,-0.389558,0.258002,-0.836988,-14.858377,129.092834,0.016694,0.243788,-0.119652,-0.451963,-0.849694,0.076099,111.760559,-13.374263,0.362577,0.022861,-0.630654,-0.685777,13.218735,128.332397,-23.268,-0.132297,0.924861,0.082885,0.346785,-2.972425,127.313591,23.864464,0.333214,0.873021,0.058325,-0.351286,11.063261,130.940826,36.716663,-0.013932,0.304971,0.516929,-0.799739,25.143454,116.603645,19.426268,0.129243,0.096994,0.676538,-0.71846,18.663691,135.967117,8.453213,0.057121,0.853135,0.166701,0.491028,-6.821129,88.907562,9.60558,0.132116,0.940314,-0.008573,0.313498,-4.459801,55.47636,-2.532695,0.007653,0.925733,-0.103312,0.363712,-15.873355,12.088448,-5.532468,-0.114565,0.797039,0.018789,0.592664,3.94412,88.772186,24.82025,0.043648,-0.6088,0.09706,-0.786153,11.247641,54.088146,28.593105,0.025193,0.801136,-0.082966,0.592168,6.775414,10.142464,36.992805,0.007653,0.925733,-0.103312,0.363712,-7.023124,3.409244,-14.389561,0.025193,0.801136,-0.082966,0.592168,19.140621,1.900651,33.634613
768,6.4,-0.018042,0.886937,0.0416,0.459659,-1.441072,88.864807,17.207666,-0.012572,0.884823,0.057565,0.462187,-1.977888,96.475182,17.644827,-0.012548,0.884405,0.052126,0.46363,-3.283107,113.652336,19.205908,0.108655,0.933515,-0.085939,0.330693,-4.708054,133.739883,20.833658,0.095485,0.951812,-0.250381,0.149149,0.159252,147.197342,18.125351,-0.014268,0.828977,0.096539,0.550704,-7.24743,127.52272,17.753267,0.285324,-0.389483,0.257725,-0.836941,-14.8621,129.124405,0.011006,0.244321,-0.119033,-0.452022,-0.849597,0.083038,111.796066,-13.373158,0.362875,0.023406,-0.630755,-0.685509,13.227974,128.369659,-23.252182,-0.132499,0.924545,0.083669,0.347361,-3.003627,127.328018,23.871044,0.332707,0.87338,0.059051,-0.350752,11.014514,130.948486,36.744289,-0.014072,0.30521,0.516583,-0.799869,25.132488,116.640266,19.460712,0.128756,0.097113,0.676407,-0.718655,18.643469,135.994385,8.481068,0.057035,0.852789,0.166738,0.491626,-6.816199,88.922951,9.594954,0.132202,0.940941,-0.008367,0.311582,-4.439805,55.491924,-2.540877,0.008412,0.925763,-0.103557,0.363549,-15.860809,12.105724,-5.537211,-0.114306,0.796742,0.017892,0.59314,3.934056,88.806656,24.820381,0.043847,-0.608567,0.096302,-0.786416,11.183159,54.116035,28.637568,0.025654,0.801293,-0.082864,0.591951,6.772166,10.158727,37.008823,0.008412,0.925763,-0.103557,0.363549,-7.026152,3.413167,-14.39676,0.025654,0.801293,-0.082864,0.591951,19.130533,1.911439,33.638901
769,6.408333,-0.017827,0.886791,0.041417,0.459965,-1.46452,88.870613,17.196898,-0.012457,0.884541,0.057781,0.462702,-1.997288,96.481339,17.632912,-0.012637,0.884075,0.052426,0.464224,-3.303751,113.662842,19.202118,0.108686,0.933372,-0.085891,0.3311,-4.738606,133.749039,20.837896,0.095339,0.951997,-0.249526,0.149498,0.130884,147.206558,18.133774,-0.014269,0.828621,0.096796,0.551194,-7.271412,127.532425,17.750975,0.285368,-0.389117,0.257469,-0.837176,-14.865175,129.141602,0.000428,0.2445,-0.118533,-0.452254,-0.849492,0.102086,111.826111,-13.375631,0.363178,0.02377,-0.630689,-0.685396,13.23822,128.40564,-23.237247,-0.132703,0.92436,0.083682,0.347772,-3.03585,127.336311,23.874414,0.332303,0.873622,0.058683,-0.350595,10.969123,130.961624,36.760628,-0.014822,0.305705,0.516419,-0.799773,25.107187,116.660545,19.487564,0.128091,0.097291,0.676492,-0.71867,18.623728,136.019058,8.507755,0.056945,0.852325,0.166677,0.492462,-6.834553,88.931038,9.580606,0.132148,0.940984,-0.008387,0.311473,-4.443047,55.497814,-2.5462,0.008372,0.925716,-0.103734,0.363619,-15.86048,12.110361,-5.537957,-0.114559,0.796666,0.016878,0.593224,3.905513,88.810196,24.81319,0.043833,-0.608199,0.095493,-0.7868,11.125572,54.121185,28.699383,0.024767,0.801619,-0.083364,0.591476,6.766353,10.149818,37.023777,0.008372,0.925716,-0.103734,0.363619,-7.024817,3.414195,-14.392962,0.024767,0.801619,-0.083364,0.591476,19.12661,1.906054,33.652168
770,6.416667,-0.019025,0.886572,0.041942,0.460292,-1.454438,88.89061,17.19014,-0.01271,0.884308,0.057979,0.463116,-2.00729,96.499985,17.62462,-0.012522,0.883831,0.052661,0.464665,-3.325305,113.679436,19.195087,0.108874,0.93324,-0.085678,0.331465,-4.76126,133.76474,20.840666,0.095099,0.95214,-0.248878,0.149819,0.112885,147.222549,18.146347,-0.014483,0.828379,0.097049,0.551508,-7.291172,127.549919,17.747772,0.285601,-0.388845,0.257102,-0.837335,-14.871258,129.15892,-0.008625,0.244866,-0.117793,-0.452489,-0.849364,0.117224,111.856827,-13.378247,0.363284,0.024656,-0.631065,-0.684962,13.253085,128.451355,-23.221365,-0.132591,0.924172,0.083532,0.34835,-3.061671,127.350281,23.87528,0.331981,0.873825,0.058994,-0.350341,10.928839,130.970764,36.778538,-0.015254,0.3059,0.516277,-0.799782,25.087648,116.68602,19.508968,0.127243,0.097139,0.676722,-0.718625,18.601416,136.050278,8.529455,0.057439,0.852155,0.166255,0.492841,-6.818038,88.936058,9.569217,0.131969,0.940428,-0.008617,0.313217,-4.46618,55.496861,-2.548847,0.009138,0.925488,-0.102991,0.364392,-15.869647,12.105513,-5.537303,-0.114049,0.79626,0.015725,0.593899,3.909163,88.845154,24.811066,0.044037,-0.607857,0.094483,-0.787174,11.048983,54.145157,28.747133,0.025798,0.801496,-0.082334,0.591743,6.767832,10.158152,37.029301,0.009138,0.925488,-0.102991,0.364392,-7.024593,3.41955,-14.392942,0.025798,0.801496,-0.082334,0.591743,19.127504,1.91906,33.644157
771,6.425,-0.019271,0.886416,0.041901,0.460587,-1.466045,88.90181,17.180771,-0.012688,0.884076,0.058221,0.463528,-2.022073,96.511093,17.612768,-0.012578,0.883568,0.052954,0.465129,-3.344087,113.690689,19.190434,0.109098,0.933198,-0.08517,0.331639,-4.788401,133.774689,20.844654,0.094982,0.95235,-0.248237,0.149624,0.087922,147.235016,18.166925,-0.014556,0.82808,0.097315,0.551906,-7.312984,127.5606,17.745928,0.285402,-0.388398,0.257008,-0.837639,-14.875948,129.174622,-0.01732,0.244925,-0.117271,-0.452682,-0.849316,0.133517,111.883415,-13.377507,0.363519,0.024903,-0.631339,-0.684576,13.270934,128.495255,-23.206085,-0.132651,0.92395,0.083824,0.348845,-3.089922,127.359245,23.877825,0.331519,0.874111,0.058984,-0.350065,10.886615,130.975204,36.797489,-0.015853,0.306351,0.51601,-0.79977,25.071951,116.705765,19.537025,0.126698,0.097568,0.676613,-0.718765,18.585642,136.069031,8.554953,0.056979,0.851963,0.166323,0.493203,-6.82441,88.94313,9.556138,0.13183,0.94088,-0.008734,0.311913,-4.437134,55.501793,-2.549113,0.007504,0.926156,-0.103146,0.362684,-15.836514,12.10734,-5.507945,-0.113871,0.795982,0.01484,0.594328,3.89232,88.860481,24.805403,0.044262,-0.607323,0.093669,-0.787671,10.982713,54.155659,28.787947,0.027234,0.801556,-0.081491,0.591715,6.765164,10.156652,37.038933,0.007504,0.926156,-0.103146,0.362684,-7.004483,3.432495,-14.387456,0.027234,0.801556,-0.081491,0.591715,19.114632,1.911832,33.630573
772,6.433333,-0.019157,0.886245,0.041721,0.460937,-1.489499,88.907608,17.169321,-0.012533,0.883848,0.058448,0.463939,-2.042898,96.517197,17.59948,-0.012646,0.883319,0.053168,0.465576,-3.364738,113.69854,19.18618,0.10858,0.933271,-0.084371,0.331809,-4.81634,133.78157,20.845959,0.095482,0.952397,-0.247831,0.149679,0.040181,147.25238,18.185074,-0.014401,0.827839,0.097063,0.552317,-7.336016,127.567863,17.742472,0.285204,-0.38795,0.256896,-0.837949,-14.881572,129.183167,-0.02806,0.244833,-0.11682,-0.452887,-0.849296,0.149392,111.903572,-13.379086,0.36347,0.025318,-0.631344,-0.684582,13.283981,128.529892,-23.190746,-0.13285,0.923675,0.08389,0.349481,-3.119182,127.365532,23.87862,0.331145,0.874406,0.058977,-0.349683,10.838081,130.984238,36.818333,-0.016327,0.30702,0.515781,-0.799651,25.050724,116.725586,19.571409,0.126057,0.0979,0.676452,-0.718984,18.572708,136.084229,8.577645,0.057051,0.851494,0.166488,0.493948,-6.841928,88.949608,9.540525,0.131714,0.941284,-0.008486,0.310747,-4.44249,55.512775,-2.57475,0.008207,0.926228,-0.104861,0.361994,-15.829017,12.115187,-5.537165,-0.113629,0.795252,0.013941,0.595373,3.862931,88.865616,24.798117,0.044609,-0.60641,0.092554,-0.788486,10.896639,54.155029,28.830635,0.026627,0.80168,-0.081713,0.591544,6.766556,10.140133,37.041046,0.008207,0.926228,-0.104861,0.361994,-7.031108,3.393226,-14.404381,0.026627,0.80168,-0.081713,0.591544,19.1199,1.900279,33.634727
773,6.441667,-0.019375,0.886083,0.041536,0.461255,-1.506197,88.920769,17.166498,-0.012449,0.883612,0.058602,0.464371,-2.061401,96.530464,17.592411,-0.012702,0.883051,0.053342,0.466062,-3.383673,113.70771,19.184185,0.108617,0.933181,-0.083898,0.33217,-4.841449,133.789917,20.848305,0.095279,0.952533,-0.247262,0.149879,0.013428,147.264297,18.202477,-0.014064,0.827609,0.096977,0.552685,-7.356339,127.576599,17.740181,0.285077,-0.387509,0.257022,-0.838158,-14.886524,129.202362,-0.035922,0.24461,-0.116871,-0.452865,-0.849365,0.15915,111.923645,-13.37151,0.362926,0.02592,-0.630668,-0.685471,13.291073,128.547348,-23.178331,-0.132595,0.923499,0.083854,0.350054,-3.146271,127.37336,23.880947,0.330893,0.874635,0.059547,-0.349252,10.798118,130.980637,36.837734,-0.016648,0.30733,0.51574,-0.799552,25.035566,116.738869,19.597328,0.125632,0.098023,0.676242,-0.719239,18.563892,136.099884,8.600296,0.057233,0.851688,0.16553,0.493915,-6.853014,88.95787,9.533738,0.13077,0.940838,-0.008376,0.312494,-4.499532,55.49984,-2.531936,0.00938,0.926521,-0.102777,0.361812,-15.799099,12.07979,-5.498168,-0.113356,0.795041,0.013285,0.595722,3.840619,88.883675,24.799257,0.045055,-0.605791,0.091914,-0.789011,10.829689,54.1674,28.860382,0.02683,0.801995,-0.081617,0.59112,6.762482,10.145471,37.064476,0.00938,0.926521,-0.102777,0.361812,-7.009669,3.394139,-14.409329,0.02683,0.801995,-0.081617,0.59112,19.110189,1.903945,33.641773
774,6.45,-0.019697,0.885894,0.041499,0.461608,-1.520808,88.932968,17.160936,-0.012574,0.883388,0.058772,0.464773,-2.080278,96.542511,17.583857,-0.012503,0.882824,0.053586,0.46647,-3.409844,113.719193,19.178204,0.109158,0.933028,-0.083609,0.332496,-4.865881,133.800552,20.854074,0.094694,0.952761,-0.246538,0.149996,0.002015,147.273178,18.223263,-0.014046,0.827395,0.097049,0.552993,-7.378961,127.589668,17.739632,0.285223,-0.387162,0.256742,-0.838354,-14.895964,129.218811,-0.041738,0.244708,-0.116518,-0.452924,-0.849354,0.171584,111.952065,-13.36814,0.362685,0.026441,-0.630468,-0.685763,13.303009,128.579056,-23.16227,-0.13271,0.923314,0.083997,0.350462,-3.174488,127.381744,23.884071,0.330681,0.874864,0.059557,-0.348879,10.757629,130.988922,36.854076,-0.017248,0.30792,0.515637,-0.799379,25.016344,116.752007,19.627245,0.124848,0.098177,0.675891,-0.719685,18.556137,136.115341,8.624315,0.057201,0.851557,0.165386,0.494193,-6.861312,88.964775,9.523737,0.130661,0.940889,-0.008336,0.312387,-4.507113,55.50309,-2.531646,0.00823,0.926832,-0.103771,0.360757,-15.796891,12.080425,-5.496921,-0.113072,0.794817,0.012366,0.596093,3.819696,88.901154,24.798138,0.045392,-0.605222,0.090979,-0.789537,10.752151,54.178627,28.9025,0.026993,0.802143,-0.081365,0.590946,6.763011,10.144067,37.077053,0.00823,0.926832,-0.103771,0.360757,-7.018711,3.382223,-14.406927,0.026993,0.802143,-0.081365,0.590946,19.109426,1.904901,33.644039
775,6.458333,-0.02015,0.885819,0.040472,0.461824,-1.541997,88.929726,17.170593,-0.012522,0.883202,0.058822,0.46512,-2.100463,96.540283,17.576302,-0.012578,0.882587,0.053865,0.466883,-3.430726,113.728226,19.173544,0.109449,0.932887,-0.083406,0.332845,-4.895482,133.808289,20.85725,0.09443,0.952922,-0.245864,0.150245,-0.020265,147.280304,18.236883,-0.013991,0.827123,0.097274,0.553362,-7.403393,127.597954,17.737568,0.285145,-0.386697,0.256642,-0.838626,-14.904639,129.235214,-0.049706,0.244789,-0.11613,-0.453014,-0.849335,0.184718,111.97789,-13.363605,0.36267,0.026793,-0.63057,-0.685663,13.31743,128.613205,-23.145651,-0.132651,0.923096,0.08409,0.351035,-3.204693,127.388695,23.885906,0.330288,0.875146,0.059863,-0.348491,10.712446,130.989502,36.873737,-0.017626,0.308297,0.515545,-0.799284,24.99926,116.77034,19.655535,0.124439,0.098179,0.675915,-0.719733,18.545174,136.134567,8.648476,0.056869,0.851601,0.165982,0.493956,-6.878442,88.945419,9.530509,0.130885,0.941235,-0.00839,0.311248,-4.486112,55.495113,-2.548929,0.008886,0.926646,-0.103128,0.361403,-15.799541,12.077797,-5.502228,-0.112816,0.794177,0.011516,0.597012,3.79445,88.914032,24.810678,0.045564,-0.604657,0.08995,-0.790078,10.671844,54.185928,28.960249,0.026957,0.802258,-0.080917,0.590853,6.758492,10.136035,37.088703,0.008886,0.926646,-0.103128,0.361403,-7.013591,3.38855,-14.413312,0.026957,0.802258,-0.080917,0.590853,19.108757,1.906426,33.646641
776,6.466667,-0.020309,0.885481,0.040935,0.462424,-1.543508,88.953888,17.153803,-0.012525,0.882955,0.059459,0.465509,-2.107659,96.563774,17.564253,-0.012887,0.882391,0.053829,0.46725,-3.448549,113.743652,19.179745,0.109678,0.932771,-0.082987,0.3332,-4.924344,133.823563,20.855709,0.094247,0.953051,-0.245322,0.150425,-0.045316,147.297211,18.250864,-0.014627,0.827025,0.096648,0.553602,-7.426588,127.611015,17.735859,0.284721,-0.386378,0.255997,-0.839113,-14.916828,129.215439,-0.059044,0.244608,-0.115391,-0.453227,-0.849375,0.203091,111.993645,-13.384278,0.362861,0.026851,-0.630682,-0.685457,13.329495,128.640915,-23.131937,-0.133298,0.922795,0.08535,0.351278,-3.233116,127.405739,23.887899,0.329981,0.875419,0.05963,-0.348137,10.67076,131.010193,36.88892,-0.017873,0.308593,0.515381,-0.79927,24.981403,116.795059,19.68718,0.124251,0.098128,0.676312,-0.719398,18.527937,136.156693,8.675082,0.057156,0.851243,0.165776,0.494608,-6.869506,88.971527,9.506435,0.131279,0.941063,-0.008392,0.311601,-4.492689,55.518677,-2.569014,0.008997,0.926052,-0.104081,0.362649,-15.837794,12.110651,-5.537475,-0.112459,0.793436,0.010674,0.598079,3.782491,88.936249,24.801168,0.045939,-0.603951,0.08914,-0.790687,10.598743,54.20108,28.992313,0.027067,0.802385,-0.080752,0.590699,6.75551,10.14123,37.100246,0.008997,0.926052,-0.104081,0.362649,-7.033081,3.399422,-14.408484,0.027067,0.802385,-0.080752,0.590699,19.10449,1.913064,33.650127
777,6.475,-0.020463,0.885321,0.040854,0.46273,-1.562415,88.968346,17.149321,-0.012503,0.882719,0.059623,0.465936,-2.12822,96.578239,17.557392,-0.01288,0.882128,0.054015,0.467725,-3.471671,113.75502,19.177324,0.109803,0.93264,-0.082729,0.333589,-4.951616,133.834122,20.859238,0.094038,0.953162,-0.244792,0.150721,-0.069918,147.308823,18.264891,-0.014729,0.826717,0.096871,0.55402,-7.449772,127.622459,17.734358,0.285326,-0.385989,0.255776,-0.839154,-14.92196,129.230148,-0.067838,0.245009,-0.114907,-0.453526,-0.849165,0.219898,112.011124,-13.371714,0.362831,0.027517,-0.630669,-0.685459,13.343165,128.674637,-23.114153,-0.133442,0.922647,0.085668,0.351535,-3.262908,127.415375,23.890839,0.329649,0.875679,0.059624,-0.347798,10.632471,131.019012,36.901165,-0.018525,0.309082,0.515209,-0.799178,24.967236,116.813568,19.711533,0.123656,0.098407,0.675896,-0.719854,18.519207,136.177277,8.697544,0.057072,0.85114,0.1656,0.494854,-6.883006,88.983032,9.498184,0.131237,0.94111,-0.00828,0.31148,-4.503934,55.525337,-2.563399,0.009967,0.925833,-0.103681,0.363298,-15.84276,12.116143,-5.53869,-0.112176,0.793216,0.009886,0.598438,3.758176,88.953659,24.800455,0.046308,-0.603235,0.088227,-0.791315,10.523284,54.212795,29.027098,0.027245,0.802485,-0.080598,0.590576,6.757037,10.141438,37.108589,0.009967,0.925833,-0.103681,0.363298,-7.036106,3.405108,-14.407969,0.027245,0.802485,-0.080598,0.590576,19.104082,1.913471,33.651073
778,6.483333,-0.0207,0.885351,0.040262,0.462713,-1.592776,88.969109,17.156717,-0.012354,0.882559,0.059547,0.466252,-2.157608,96.57959,17.55512,-0.012886,0.881889,0.054117,0.468164,-3.496553,113.765839,19.175533,0.109443,0.932674,-0.082219,0.333739,-4.979474,133.844498,20.86021,0.094477,0.953225,-0.244364,0.150737,-0.111054,147.326065,18.276598,-0.014742,0.826438,0.096964,0.55442,-7.474111,127.633331,17.731529,0.285242,-0.385468,0.25577,-0.839425,-14.929136,129.244263,-0.077568,0.245189,-0.114475,-0.45369,-0.849083,0.234219,112.031471,-13.365028,0.363043,0.027998,-0.630802,-0.685205,13.355951,128.704773,-23.096203,-0.133353,0.922455,0.085675,0.352072,-3.293373,127.425194,23.892136,0.329637,0.875769,0.059871,-0.34754,10.588302,131.022797,36.918758,-0.018979,0.3094,0.515444,-0.798892,24.933008,116.820076,19.735155,0.123177,0.098254,0.67588,-0.719972,18.504461,136.19519,8.723029,0.056712,0.851202,0.165624,0.494781,-6.913482,88.974747,9.505647,0.130709,0.941314,-0.008231,0.311088,-4.512825,55.514709,-2.54515,0.010437,0.926357,-0.102922,0.362161,-15.807748,12.093019,-5.505055,-0.111989,0.792583,0.009415,0.599317,3.727929,88.96347,24.807787,0.04653,-0.602904,0.087476,-0.791638,10.45792,54.218983,29.060612,0.027135,0.802617,-0.080512,0.590413,6.753204,10.13763,37.115963,0.010437,0.926357,-0.102922,0.362161,-7.026917,3.393906,-14.41156,0.027135,0.802617,-0.080512,0.590413,19.100895,1.913004,33.652805
779,6.491667,-0.020637,0.884985,0.040417,0.463403,-1.608616,88.992386,17.146507,-0.012423,0.882424,0.059715,0.466485,-2.174008,96.602715,17.547018,-0.012671,0.881867,0.053793,0.468249,-3.516079,113.761269,19.168531,0.110072,0.932536,-0.081829,0.334013,-4.985402,133.841568,20.845631,0.093466,0.953538,-0.243379,0.150984,-0.102834,147.321487,18.280233,-0.013925,0.826316,0.097306,0.554563,-7.483842,127.630974,17.718838,0.285082,-0.38486,0.256083,-0.839662,-14.933602,129.276001,-0.089341,0.245408,-0.114306,-0.453566,-0.849109,0.24609,112.058495,-13.352015,0.362938,0.02848,-0.631219,-0.684855,13.375859,128.729462,-23.080591,-0.134027,0.921987,0.085801,0.35301,-3.304201,127.422211,23.880165,0.329758,0.875907,0.060757,-0.346923,10.544858,131.036652,36.936802,-0.01883,0.309587,0.515373,-0.79887,24.908022,116.840218,19.763422,0.121845,0.097627,0.676241,-0.719946,18.482298,136.207535,8.742599,0.056744,0.850952,0.16553,0.495238,-6.917466,89.001068,9.487211,0.131333,0.940983,-0.008089,0.311829,-4.515677,55.539059,-2.557904,0.010216,0.925674,-0.104481,0.363466,-15.856033,12.131855,-5.556293,-0.111848,0.792224,0.008835,0.599828,3.700233,88.983711,24.805801,0.046764,-0.602602,0.08673,-0.791936,10.394943,54.23621,29.089636,0.027829,0.802591,-0.080404,0.590431,6.752403,10.145124,37.120033,0.010216,0.925674,-0.104481,0.363466,-7.05409,3.400082,-14.409839,0.027829,0.802591,-0.080404,0.590431,19.092594,1.911755,33.650936
780,6.5,-0.02076,0.88499,0.039835,0.463439,-1.642726,88.993523,17.155479,-0.011978,0.882244,0.05904,0.466923,-2.20567,96.604477,17.547235,-0.012862,0.881546,0.054071,0.468816,-3.522976,113.751328,19.153406,0.109436,0.932627,-0.080873,0.334201,-5.005414,133.830215,20.835812,0.093938,0.953631,-0.242854,0.15095,-0.147121,147.322678,18.290297,-0.014255,0.826257,0.097935,0.554531,-7.496369,127.6194,17.703501,0.285276,-0.384403,0.25554,-0.839971,-14.947139,129.267303,-0.103997,0.245764,-0.113422,-0.453857,-0.84897,0.265911,112.072739,-13.358216,0.363305,0.028924,-0.631462,-0.684418,13.391288,128.758591,-23.060743,-0.133694,0.92177,0.085181,0.35385,-3.324711,127.410683,23.870239,0.329349,0.876188,0.061306,-0.346503,10.504789,131.017822,36.949612,-0.019418,0.30957,0.515265,-0.798931,24.897678,116.844193,19.782288,0.121335,0.097348,0.675863,-0.720424,18.467073,136.215149,8.776416,0.056449,0.850965,0.165482,0.495266,-6.950858,88.995178,9.495679,0.130514,0.941387,-0.00801,0.310956,-4.532582,55.529667,-2.536382,0.010312,0.92638,-0.1032,0.362027,-15.805587,12.103075,-5.507918,-0.111649,0.791723,0.008534,0.60053,3.665405,88.991859,24.815279,0.047101,-0.601981,0.086017,-0.792466,10.332413,54.24081,29.113474,0.027441,0.80274,-0.080352,0.590254,6.752253,10.141483,37.126656,0.010312,0.92638,-0.1032,0.362027,-7.027373,3.398657,-14.411819,0.027441,0.80274,-0.080352,0.590254,19.096109,1.915128,33.653954
781,6.508333,-0.02052,0.884707,0.03992,0.463981,-1.656181,89.006767,17.141068,-0.012155,0.881955,0.059508,0.467404,-2.216727,96.617775,17.535337,-0.01277,0.881289,0.054301,0.469275,-3.547858,113.762772,19.152126,0.109772,0.932512,-0.080674,0.334459,-5.032252,133.840744,20.843666,0.093816,0.953747,-0.242454,0.150935,-0.165859,147.332199,18.308378,-0.013826,0.82573,0.098671,0.555196,-7.519898,127.631569,17.705482,0.284952,-0.383945,0.256185,-0.840094,-14.942569,129.311844,-0.110716,0.245931,-0.11324,-0.453745,-0.849006,0.271627,112.10041,-13.341691,0.363601,0.029408,-0.63158,-0.684132,13.40562,128.786163,-23.040865,-0.133332,0.921667,0.08516,0.354259,-3.354621,127.419617,23.876419,0.328937,0.876412,0.061615,-0.346275,10.467402,131.012222,36.967682,-0.020054,0.309633,0.515223,-0.798918,24.883076,116.858765,19.802839,0.121084,0.097439,0.675698,-0.720609,18.452703,136.235718,8.810772,0.056427,0.850766,0.165092,0.49574,-6.955131,89.013634,9.474917,0.130434,0.94129,-0.00799,0.311282,-4.542943,55.538738,-2.532256,0.009788,0.926329,-0.103005,0.362229,-15.807706,12.110236,-5.507195,-0.111601,0.791332,0.007809,0.601064,3.642768,88.999908,24.807219,0.047276,-0.601624,0.085302,-0.792803,10.273197,54.24725,29.148752,0.027378,0.802833,-0.080025,0.590174,6.749311,10.138405,37.134464,0.009788,0.926329,-0.103005,0.362229,-7.016736,3.415643,-14.408107,0.027378,0.802833,-0.080025,0.590174,19.096306,1.919603,33.655048
782,6.516667,-0.020522,0.884473,0.040045,0.464416,-1.673152,89.022079,17.139423,-0.012016,0.88168,0.060307,0.467824,-2.234803,96.632935,17.535084,-0.013094,0.881036,0.054087,0.469764,-3.575363,113.774635,19.177692,0.10997,0.932332,-0.080827,0.334859,-5.068172,133.853195,20.85466,0.093818,0.953841,-0.241914,0.151206,-0.193566,147.341797,18.319931,-0.014022,0.825286,0.098693,0.555847,-7.550231,127.641212,17.717625,0.283193,-0.383057,0.256934,-0.840865,-14.94467,129.318436,-0.110604,0.245527,-0.112881,-0.453987,-0.849041,0.285275,112.112282,-13.330321,0.364481,0.029958,-0.632262,-0.683009,13.424579,128.829605,-23.018364,-0.133668,0.921673,0.085679,0.353994,-3.391925,127.434563,23.893442,0.329131,0.876456,0.061509,-0.345998,10.433894,131.032944,36.979118,-0.020511,0.309903,0.515365,-0.79871,24.85297,116.86689,19.827524,0.120101,0.096895,0.675706,-0.720838,18.436476,136.252899,8.838337,0.056531,0.850514,0.165257,0.496106,-6.964575,89.030403,9.468074,0.131095,0.940811,-0.008011,0.31245,-4.547524,55.56023,-2.551261,0.010994,0.925455,-0.104266,0.364063,-15.864025,12.147316,-5.557025,-0.11144,0.791083,0.007287,0.601427,3.618271,89.013763,24.810772,0.047518,-0.601042,0.084615,-0.793303,10.215516,54.257988,29.177862,0.027289,0.802922,-0.079921,0.590072,6.747437,10.140699,37.1413,0.010994,0.925455,-0.104266,0.364063,-7.059581,3.413306,-14.405878,0.027289,0.802922,-0.079921,0.590072,19.095568,1.925337,33.657791
783,6.525,-0.020585,0.884229,0.040167,0.464867,-1.684444,89.034378,17.136051,-0.011968,0.881516,0.059886,0.468188,-2.248007,96.645042,17.532618,-0.013225,0.880847,0.054454,0.470073,-3.580632,113.784088,19.16227,0.110084,0.93227,-0.080492,0.335075,-5.085662,133.860901,20.849234,0.093741,0.95398,-0.241306,0.151345,-0.210148,147.351288,18.325809,-0.014048,0.825155,0.099052,0.555978,-7.56204,127.649292,17.70697,0.283101,-0.382557,0.257025,-0.841096,-14.9508,129.333969,-0.122911,0.245747,-0.112461,-0.454074,-0.848986,0.296982,112.129997,-13.324907,0.364715,0.030707,-0.632098,-0.683002,13.436625,128.852844,-23.001394,-0.13366,0.921356,0.085745,0.354804,-3.408103,127.441513,23.885689,0.328875,0.876609,0.06184,-0.345794,10.395572,131.034378,36.996235,-0.02112,0.309909,0.515431,-0.79865,24.831047,116.882919,19.84638,0.119196,0.096337,0.676114,-0.720681,18.417315,136.280441,8.871445,0.056696,0.8503,0.164989,0.496542,-6.967997,89.043144,9.45928,0.130919,0.94081,-0.008008,0.312527,-4.564424,55.567997,-2.548896,0.009362,0.925572,-0.104097,0.363858,-15.865975,12.150919,-5.550841,-0.11129,0.790632,0.006677,0.602056,3.599108,89.025612,24.81282,0.047687,-0.600652,0.083937,-0.793661,10.15843,54.266842,29.213074,0.027379,0.80306,-0.079638,0.589918,6.743463,10.140717,37.150497,0.009362,0.925572,-0.104097,0.363858,-7.041532,3.436781,-14.399364,0.027379,0.80306,-0.079638,0.589918,19.091679,1.929533,33.657448
784,6.533333,-0.020781,0.88406,0.04021,0.465177,-1.699085,89.045631,17.134796,-0.011875,0.881316,0.060015,0.468549,-2.265743,96.65612,17.530357,-0.013339,0.880626,0.054615,0.470464,-3.597941,113.790108,19.164461,0.110162,0.932188,-0.080263,0.335333,-5.110843,133.866089,20.854301,0.093795,0.954053,-0.240925,0.15146,-0.234235,147.357681,18.339334,-0.014177,0.824947,0.099134,0.556268,-7.582411,127.654358,17.708483,0.283026,-0.382332,0.256945,-0.841248,-14.958541,129.337936,-0.126727,0.245551,-0.112349,-0.453961,-0.849119,0.300555,112.140358,-13.323983,0.364265,0.031178,-0.631314,-0.683945,13.442538,128.859192,-22.988588,-0.133858,0.921141,0.086211,0.355176,-3.434005,127.446594,23.890919,0.329024,0.876678,0.062756,-0.345312,10.357377,131.037766,37.014858,-0.021503,0.309819,0.515619,-0.798553,24.805317,116.893364,19.869673,0.118412,0.096045,0.675789,-0.721154,18.399382,136.296646,8.911278,0.056835,0.849832,0.165118,0.497284,-6.977126,89.051842,9.454233,0.130859,0.940721,-0.00819,0.312814,-4.566789,55.580856,-2.564184,0.009587,0.925535,-0.104322,0.363883,-15.867558,12.162632,-5.552497,-0.111129,0.790384,0.006002,0.602417,3.578956,89.039421,24.815359,0.047862,-0.600235,0.083199,-0.794044,10.09845,54.277496,29.249746,0.027329,0.803119,-0.079584,0.589847,6.740986,10.141793,37.158382,0.009587,0.925535,-0.104322,0.363883,-7.047109,3.441113,-14.397732,0.027329,0.803119,-0.079584,0.589847,19.089666,1.932445,33.662666
785,6.541667,-0.020812,0.883911,0.040185,0.465461,-1.71819,89.053406,17.133232,-0.01193,0.881136,0.060152,0.46887,-2.285219,96.663902,17.528057,-0.013298,0.880443,0.054698,0.470799,-3.62164,113.794151,19.16464,0.110146,0.932128,-0.080062,0.335552,-5.135309,133.869812,20.857628,0.093938,0.954106,-0.240555,0.15163,-0.259986,147.363068,18.349165,-0.014175,0.824721,0.099225,0.556587,-7.604658,127.658821,17.708614,0.284689,-0.382642,0.255771,-0.840903,-14.967036,129.345734,-0.131966,0.246454,-0.111323,-0.454154,-0.848889,0.311357,112.166771,-13.331136,0.364612,0.031278,-0.630768,-0.68426,13.448536,128.886108,-22.969845,-0.133759,0.92096,0.08612,0.355704,-3.460929,127.449623,23.89414,0.328385,0.876857,0.061075,-0.345767,10.316933,131.035812,37.033634,-0.022941,0.310611,0.515608,-0.798212,24.770441,116.888702,19.895388,0.117763,0.095658,0.675659,-0.721434,18.383984,136.313293,8.942179,0.056969,0.849922,0.164751,0.497237,-6.991278,89.059158,9.449265,0.13063,0.940909,-0.007837,0.312352,-4.602965,55.580639,-2.552551,0.010524,0.925363,-0.103978,0.364391,-15.876288,12.156519,-5.558733,-0.111015,0.790001,0.005531,0.602946,3.554897,89.047646,24.817202,0.048106,-0.599797,0.082582,-0.794424,10.044872,54.283516,29.277546,0.027481,0.803256,-0.079373,0.589682,6.739904,10.140717,37.168678,0.010524,0.925363,-0.103978,0.364391,-7.056684,3.434072,-14.403894,0.027481,0.803256,-0.079373,0.589682,19.087091,1.933108,33.663605
786,6.55,-0.02075,0.883766,0.040136,0.465744,-1.740823,89.059189,17.130577,-0.011827,0.880933,0.060342,0.469229,-2.30679,96.669792,17.525002,-0.013371,0.880224,0.054736,0.471202,-3.643478,113.794777,19.16802,0.110201,0.932023,-0.080005,0.33584,-5.161209,133.870193,20.86026,0.094039,0.95417,-0.240119,0.151852,-0.283766,147.363419,18.355696,-0.014179,0.824457,0.099423,0.556943,-7.626878,127.658997,17.708771,0.284413,-0.382223,0.25576,-0.841191,-14.97387,129.351593,-0.137612,0.246258,-0.111182,-0.454129,-0.848977,0.321838,112.18116,-13.327828,0.364283,0.031571,-0.630562,-0.684611,13.462218,128.904907,-22.957443,-0.133863,0.920799,0.086317,0.356034,-3.488829,127.450111,23.898108,0.328351,0.876974,0.061293,-0.345464,10.278864,131.035339,37.048519,-0.023051,0.310671,0.515979,-0.797946,24.744711,116.890785,19.918568,0.117708,0.094476,0.675818,-0.72145,18.377649,136.324692,8.969836,0.056977,0.849546,0.164929,0.497819,-7.009051,89.065811,9.443279,0.13059,0.940954,-0.007917,0.312233,-4.606576,55.591537,-2.56754,0.011985,0.925156,-0.104057,0.364849,-15.879213,12.16659,-5.564406,-0.111012,0.789876,0.004958,0.603116,3.527405,89.052567,24.817875,0.048221,-0.599506,0.081941,-0.794703,9.99169,54.287971,29.311735,0.02777,0.80326,-0.079021,0.58971,6.735378,10.136679,37.175552,0.011985,0.925156,-0.104057,0.364849,-7.071424,3.428257,-14.405661,0.02777,0.80326,-0.079021,0.58971,19.082569,1.931693,33.664364
787,6.558333,-0.020814,0.883645,0.040191,0.465966,-1.755936,89.067261,17.132259,-0.011843,0.88077,0.06042,0.469525,-2.323264,96.67775,17.526817,-0.013406,0.880044,0.054839,0.471525,-3.662036,113.799599,19.171194,0.110529,0.931862,-0.080159,0.336142,-5.183601,133.874527,20.865845,0.093793,0.954278,-0.239617,0.152119,-0.294955,147.363907,18.362507,-0.014272,0.82421,0.099572,0.557279,-7.646141,127.663567,17.711441,0.284286,-0.38201,0.255705,-0.841347,-14.97854,129.357819,-0.140786,0.246296,-0.110818,-0.454092,-0.849034,0.327274,112.193512,-13.327257,0.36431,0.031871,-0.630546,-0.684598,13.473561,128.921661,-22.943539,-0.13377,0.92061,0.086253,0.356573,-3.512642,127.454117,23.903799,0.328532,0.876897,0.061629,-0.345426,10.241127,131.034134,37.07019,-0.023576,0.310729,0.516348,-0.797669,24.702028,116.888519,19.936926,0.117165,0.094616,0.676168,-0.721191,18.352613,136.342148,9.000144,0.057089,0.849485,0.164787,0.497958,-7.02026,89.073509,9.442286,0.130412,0.941105,-0.007783,0.311857,-4.627718,55.596806,-2.56375,0.01048,0.925322,-0.104291,0.364407,-15.882988,12.16748,-5.562437,-0.110868,0.789593,0.004519,0.603516,3.508389,89.061012,24.822231,0.048446,-0.598964,0.081363,-0.795158,9.943557,54.293842,29.337894,0.027884,0.803371,-0.078759,0.589588,6.73499,10.136021,37.184631,0.01048,0.925322,-0.104291,0.364407,-7.06425,3.438287,-14.401802,0.027884,0.803371,-0.078759,0.589588,19.082079,1.934467,33.665066
788,6.566667,-0.020808,0.883499,0.040284,0.466234,-1.773353,89.077042,17.132751,-0.012354,0.880641,0.06062,0.469728,-2.341381,96.687424,17.528435,-0.01302,0.879969,0.05492,0.471667,-3.699716,113.813377,19.170782,0.110422,0.93188,-0.080019,0.336159,-5.209361,133.888351,20.875435,0.09422,0.954266,-0.239443,0.152204,-0.324684,147.379669,18.374796,-0.014533,0.823785,0.09951,0.557912,-7.67486,127.68055,17.717127,0.282607,-0.380963,0.256249,-0.842221,-14.979617,129.367844,-0.147083,0.245532,-0.111075,-0.454211,-0.849158,0.353767,112.217041,-13.319085,0.364357,0.032061,-0.630543,-0.684566,13.485982,128.945404,-22.926701,-0.133251,0.92054,0.086159,0.356969,-3.543206,127.465347,23.910515,0.328514,0.876977,0.062353,-0.345111,10.204981,131.026489,37.087845,-0.023793,0.310708,0.516573,-0.797525,24.678038,116.892563,19.955225,0.116651,0.094136,0.676336,-0.72118,18.338791,136.354202,9.026686,0.057123,0.849385,0.164663,0.498164,-7.033023,89.084457,9.4396,0.130265,0.941182,-0.007713,0.311685,-4.644109,55.605137,-2.559857,0.009596,0.925436,-0.104444,0.3641,-15.885784,12.172273,-5.558291,-0.110822,0.789016,0.004241,0.60428,3.486317,89.069626,24.825903,0.048573,-0.598674,0.080874,-0.795418,9.902636,54.301559,29.361444,0.027735,0.80339,-0.078673,0.589581,6.732747,10.13771,37.189964,0.009596,0.925436,-0.104444,0.3641,-7.061695,3.448055,-14.397224,0.027735,0.80339,-0.078673,0.589581,19.082428,1.940227,33.670029
789,6.575,-0.019757,0.883453,0.039932,0.466397,-1.821793,89.105949,17.137497,-0.012022,0.880513,0.060444,0.469999,-2.373199,96.717415,17.535845,-0.013157,0.879797,0.055026,0.471972,-3.717119,113.819191,19.17543,0.110634,0.931742,-0.080321,0.336402,-5.234256,133.893555,20.880686,0.094237,0.954346,-0.238958,0.152453,-0.340354,147.380753,18.375883,-0.014646,0.823505,0.099668,0.558294,-7.695566,127.685249,17.720104,0.282421,-0.380667,0.256202,-0.842432,-14.983663,129.373962,-0.150774,0.245816,-0.11058,-0.454252,-0.849118,0.362965,112.230614,-13.317021,0.364797,0.032456,-0.630995,-0.683897,13.501109,128.967194,-22.913143,-0.133748,0.920342,0.086276,0.357264,-3.568251,127.470818,23.916414,0.328752,0.877002,0.06232,-0.344826,10.166611,131.046051,37.103821,-0.024035,0.31118,0.516837,-0.797163,24.641817,116.899048,19.983797,0.116152,0.093743,0.675999,-0.721627,18.329071,136.365067,9.04954,0.056789,0.849095,0.164506,0.49875,-7.079423,89.127762,9.442976,0.130055,0.941403,-0.007277,0.311117,-4.667857,55.642025,-2.534038,0.009672,0.925415,-0.105126,0.363952,-15.881774,12.203667,-5.556652,-0.111023,0.788819,0.004129,0.604501,3.435836,89.084145,24.83202,0.048732,-0.598476,0.080317,-0.795613,9.857101,54.31918,29.384323,0.027539,0.803494,-0.078924,0.589415,6.733316,10.148665,37.193722,0.009672,0.925415,-0.105126,0.363952,-7.065785,3.462866,-14.387285,0.027539,0.803494,-0.078924,0.589415,19.081467,1.949029,33.673428
790,6.583333,-0.019772,0.883285,0.039873,0.466719,-1.84342,89.112892,17.143282,-0.011912,0.880217,0.060741,0.470518,-2.394759,96.724411,17.540514,-0.013159,0.879465,0.055136,0.472577,-3.741536,113.830292,19.190584,0.110802,0.931559,-0.080754,0.336748,-5.262012,133.90416,20.898653,0.094267,0.954384,-0.2387,0.152603,-0.358383,147.386459,18.38648,-0.014974,0.823121,0.099579,0.558867,-7.718663,127.696503,17.733171,0.282112,-0.380531,0.256209,-0.842595,-14.981583,129.375259,-0.148891,0.24578,-0.110218,-0.454299,-0.849151,0.370328,112.23764,-13.316478,0.364981,0.03283,-0.631058,-0.683723,13.510415,128.981369,-22.898329,-0.133967,0.92035,0.086553,0.357095,-3.599868,127.480759,23.935102,0.328942,0.877033,0.062265,-0.344577,10.137422,131.060562,37.11874,-0.023573,0.310907,0.517196,-0.797051,24.61508,116.902367,20.010063,0.116698,0.092478,0.676771,-0.720979,18.312733,136.368683,9.078689,0.056726,0.84893,0.164501,0.499038,-7.095427,89.134232,9.444922,0.13003,0.941397,-0.007263,0.311145,-4.676178,55.647861,-2.528784,0.010047,0.925356,-0.104931,0.36415,-15.887551,12.208906,-5.552288,-0.111001,0.788725,0.003846,0.60463,3.408586,89.091553,24.841642,0.048776,-0.598446,0.079808,-0.795685,9.81573,54.326088,29.410007,0.02532,0.803654,-0.079896,0.589166,6.730084,10.148618,37.195225,0.010047,0.925356,-0.104931,0.36415,-7.07169,3.469043,-14.383975,0.02532,0.803654,-0.079896,0.589166,19.09433,1.963989,33.696575
791,6.591667,-0.019755,0.883164,0.039827,0.466953,-1.864369,89.119492,17.147783,-0.011725,0.880091,0.060839,0.470744,-2.415257,96.731087,17.544378,-0.013279,0.879334,0.055044,0.472827,-3.757965,113.831726,19.199621,0.110881,0.9315,-0.080662,0.336908,-5.281437,133.905869,20.901701,0.094361,0.954437,-0.23842,0.152648,-0.375901,147.388275,18.393768,-0.015097,0.82291,0.09964,0.559163,-7.735634,127.697166,17.736378,0.281918,-0.38028,0.256183,-0.842781,-14.985567,129.374588,-0.151083,0.245852,-0.109876,-0.454367,-0.849138,0.377175,112.243256,-13.314205,0.365199,0.033234,-0.631056,-0.683588,13.518539,128.993744,-22.88522,-0.13389,0.920201,0.086258,0.35758,-3.620409,127.483414,23.940748,0.329146,0.877,0.062461,-0.344431,10.104237,131.062164,37.137836,-0.023434,0.311011,0.51752,-0.796804,24.58016,116.898178,20.032476,0.116461,0.091737,0.677154,-0.720752,18.295355,136.371674,9.096171,0.056614,0.848823,0.164493,0.499236,-7.112332,89.14093,9.446665,0.129978,0.941352,-0.007172,0.311303,-4.683787,55.653488,-2.522136,0.01025,0.925335,-0.105063,0.36416,-15.887777,12.213188,-5.553705,-0.110961,0.788669,0.003632,0.604711,3.383594,89.098053,24.848902,0.048908,-0.598321,0.079397,-0.795812,9.778862,54.331844,29.428213,0.028392,0.80351,-0.077987,0.589477,6.728242,10.149654,37.200436,0.01025,0.925335,-0.105063,0.36416,-7.075375,3.468297,-14.383867,0.028392,0.80351,-0.077987,0.589477,19.075245,1.955734,33.662846
792,6.6,-0.019735,0.883051,0.039749,0.467174,-1.885108,89.12117,17.15296,-0.011511,0.879959,0.06093,0.470986,-2.435261,96.732864,17.54851,-0.013376,0.879192,0.054941,0.4731,-3.773272,113.831245,19.209408,0.110842,0.931418,-0.080726,0.337131,-5.298769,133.905746,20.905533,0.094434,0.954476,-0.238086,0.152884,-0.392758,147.387863,18.397001,-0.015041,0.822932,0.099509,0.559155,-7.75068,127.696136,17.740213,0.281877,-0.379975,0.255891,-0.843021,-15.001051,129.372482,-0.147168,0.246205,-0.10954,-0.454437,-0.849042,0.381938,112.256371,-13.306438,0.365584,0.033677,-0.631284,-0.683151,13.524983,129.011169,-22.872774,-0.133206,0.920181,0.085187,0.358142,-3.639344,127.484116,23.94722,0.32921,0.876993,0.062716,-0.344341,10.07681,131.051361,37.15625,-0.023325,0.31083,0.517821,-0.796682,24.553753,116.888855,20.050516,0.116695,0.091018,0.677354,-0.720618,18.278357,136.368378,9.120585,0.056534,0.848491,0.164665,0.499752,-7.129225,89.142471,9.44922,0.129958,0.941235,-0.007245,0.311665,-4.682298,55.658417,-2.525322,0.010254,0.925351,-0.105252,0.364063,-15.885488,12.217745,-5.554512,-0.110956,0.788715,0.003416,0.604653,3.359009,89.099869,24.856699,0.048982,-0.598263,0.079,-0.79589,9.745021,54.333462,29.447454,0.02833,0.803564,-0.077955,0.589411,6.726038,10.146257,37.203499,0.010254,0.925351,-0.105252,0.364063,-7.076239,3.468385,-14.383398,0.02833,0.803564,-0.077955,0.589411,19.073481,1.953914,33.663784
793,6.608333,-0.019739,0.882947,0.039759,0.46737,-1.904803,89.126221,17.15741,-0.011522,0.879844,0.060949,0.471198,-2.455172,96.737907,17.552946,-0.013318,0.879079,0.054898,0.473317,-3.793874,113.831947,19.213507,0.110838,0.93138,-0.080632,0.33726,-5.316911,133.906693,20.908823,0.094603,0.954509,-0.237819,0.152985,-0.411297,147.389572,18.40354,-0.015126,0.822768,0.099533,0.55939,-7.768311,127.697479,17.742346,0.281872,-0.379687,0.25583,-0.843171,-15.008402,129.372589,-0.149316,0.246239,-0.109382,-0.454525,-0.849005,0.387861,112.261581,-13.299692,0.365476,0.034016,-0.631269,-0.683205,13.529231,129.021362,-22.861666,-0.133543,0.919987,0.085262,0.358497,-3.660002,127.484825,23.951334,0.329602,0.876961,0.063057,-0.343987,10.042804,131.060867,37.171829,-0.022942,0.310892,0.518184,-0.796433,24.519003,116.88578,20.075899,0.116593,0.090364,0.677941,-0.720165,18.262159,136.369324,9.137325,0.056403,0.848547,0.1645,0.499727,-7.145516,89.147728,9.451355,0.129876,0.941214,-0.007036,0.311767,-4.697108,55.658733,-2.509071,0.01039,0.925329,-0.105174,0.364137,-15.887298,12.215871,-5.554847,-0.110967,0.788819,0.003126,0.604518,3.33591,89.104721,24.863464,0.049024,-0.598177,0.078577,-0.795994,9.71086,54.33836,29.469893,0.027226,0.803676,-0.078381,0.589254,6.72329,10.145533,37.206005,0.01039,0.925329,-0.105174,0.364137,-7.078008,3.467016,-14.38419,0.027226,0.803676,-0.078381,0.589254,19.078939,1.961736,33.675175
794,6.616667,-0.019745,0.882836,0.039671,0.467585,-1.927443,89.133728,17.165937,-0.011336,0.879715,0.060933,0.471446,-2.477367,96.745514,17.560104,-0.013379,0.878936,0.054805,0.473591,-3.809956,113.831123,19.221989,0.110876,0.931349,-0.080512,0.337361,-5.3339,133.906219,20.912392,0.094816,0.954572,-0.237523,0.152924,-0.427948,147.38974,18.411306,-0.015239,0.822581,0.09956,0.559657,-7.783364,127.696396,17.745605,0.281753,-0.379459,0.255801,-0.843322,-15.011734,129.369659,-0.150967,0.246123,-0.109227,-0.454639,-0.848998,0.394462,112.263695,-13.296268,0.365213,0.03439,-0.631362,-0.683241,13.532771,129.030396,-22.851032,-0.133561,0.919898,0.085139,0.358749,-3.678944,127.484932,23.957203,0.329656,0.87702,0.062923,-0.343807,10.016651,131.062042,37.184875,-0.023091,0.311075,0.518251,-0.796313,24.497519,116.880333,20.098392,0.116361,0.090084,0.677885,-0.720289,18.249115,136.366089,9.158288,0.05637,0.84824,0.164704,0.500183,-7.164387,89.154556,9.457322,0.129944,0.941051,-0.00686,0.312235,-4.700101,55.670094,-2.512527,0.010764,0.925085,-0.105578,0.36463,-15.889557,12.228611,-5.580637,-0.110966,0.788765,0.00292,0.604589,3.309502,89.112892,24.874554,0.049134,-0.597828,0.078127,-0.796294,9.675065,54.346424,29.493111,0.025946,0.803887,-0.078982,0.588943,6.721954,10.148233,37.211807,0.010764,0.925085,-0.105578,0.36463,-7.077808,3.467203,-14.395065,0.025946,0.803887,-0.078982,0.588943,19.084871,1.972102,33.688667
795,6.625,-0.020114,0.882737,0.039859,0.467741,-1.940691,89.131233,17.172409,-0.011173,0.879606,0.06089,0.471657,-2.496999,96.742561,17.566364,-0.013432,0.878806,0.054767,0.473835,-3.824645,113.832161,19.229618,0.110929,0.931279,-0.080522,0.337535,-5.350213,133.907379,20.917248,0.094862,0.954618,-0.237238,0.153051,-0.442062,147.39035,18.41758,-0.015107,0.82272,0.099318,0.559499,-7.797694,127.697159,17.749685,0.281997,-0.379208,0.255407,-0.843473,-15.033063,129.368668,-0.144222,0.246417,-0.109151,-0.454595,-0.848945,0.393902,112.277077,-13.283889,0.365056,0.034706,-0.631443,-0.683234,13.534329,129.039642,-22.840729,-0.133567,0.919814,0.085031,0.358988,-3.696745,127.48642,23.963602,0.329713,0.877076,0.062848,-0.343625,9.992153,131.064026,37.198074,-0.023075,0.311149,0.518351,-0.79622,24.477652,116.876694,20.120182,0.11633,0.089616,0.677923,-0.720317,18.236235,136.363632,9.17847,0.056361,0.848187,0.164809,0.50024,-7.174654,89.147781,9.461756,0.129931,0.94098,-0.006913,0.312454,-4.705206,55.665718,-2.513744,0.010522,0.925097,-0.105451,0.364644,-15.894318,12.223991,-5.579613,-0.1109,0.788884,0.002634,0.604447,3.293271,89.114677,24.88306,0.04932,-0.597197,0.077738,-0.796794,9.64374,54.34705,29.513714,0.026062,0.804007,-0.078676,0.588816,6.722187,10.145044,37.222588,0.010522,0.925097,-0.105451,0.364644,-7.078098,3.467897,-14.39485,0.026062,0.804007,-0.078676,0.588816,19.085314,1.973188,33.690277
796,6.633333,-0.02029,0.882649,0.039926,0.467895,-1.955418,89.13372,17.178085,-0.011109,0.879464,0.061013,0.471908,-2.514648,96.744865,17.571596,-0.013512,0.878647,0.054676,0.474139,-3.842823,113.834045,19.239254,0.110902,0.93116,-0.080742,0.337821,-5.370058,133.909576,20.921589,0.09492,0.954628,-0.236943,0.153407,-0.459433,147.390884,18.41777,-0.015147,0.822521,0.099268,0.5598,-7.815183,127.698639,17.753633,0.281939,-0.378983,0.255428,-0.843587,-15.037462,129.36908,-0.14566,0.2464,-0.109044,-0.454714,-0.8489,0.398006,112.279579,-13.278052,0.364937,0.035065,-0.631517,-0.683211,13.534181,129.046799,-22.831232,-0.133467,0.919731,0.084818,0.359286,-3.718551,127.489304,23.970446,0.329613,0.877177,0.062013,-0.343614,9.963083,131.06488,37.212975,-0.023415,0.31163,0.518426,-0.795973,24.452475,116.865204,20.148649,0.116322,0.089002,0.677405,-0.720882,18.228243,136.355408,9.200428,0.056315,0.848137,0.164844,0.500318,-7.186559,89.148117,9.465514,0.129887,0.941065,-0.006844,0.312216,-4.712005,55.6665,-2.510174,0.010775,0.925081,-0.105345,0.364708,-15.896342,12.223673,-5.577838,-0.110832,0.788983,0.002252,0.604332,3.275724,89.119324,24.890657,0.049424,-0.596993,0.077311,-0.796982,9.606644,54.350483,29.538914,0.026139,0.804097,-0.078409,0.588725,6.719089,10.143447,37.231747,0.010775,0.925081,-0.105345,0.364708,-7.081772,3.467575,-14.394723,0.026139,0.804097,-0.078409,0.588725,19.082905,1.975756,33.692215
797,6.641667,-0.020332,0.882546,0.039875,0.468092,-1.975531,89.134712,17.185663,-0.011295,0.879395,0.061106,0.47202,-2.535048,96.745888,17.578062,-0.013348,0.878617,0.054541,0.474215,-3.870522,113.833595,19.245222,0.111065,0.931103,-0.0808,0.337909,-5.389527,133.909897,20.925797,0.095024,0.954641,-0.236765,0.153537,-0.473769,147.389465,18.422686,-0.015354,0.822194,0.099247,0.560278,-7.836805,127.699745,17.757952,0.282064,-0.378841,0.255376,-0.843625,-15.03808,129.365173,-0.150271,0.246379,-0.108883,-0.454935,-0.848808,0.404474,112.277069,-13.276136,0.3648,0.035295,-0.631622,-0.683176,13.53294,129.053146,-22.824556,-0.133351,0.919678,0.084688,0.359498,-3.741185,127.489159,23.975389,0.329689,0.877247,0.062134,-0.343339,9.935756,131.061432,37.22366,-0.023258,0.311681,0.518553,-0.795875,24.432501,116.858307,20.168467,0.116434,0.088476,0.677338,-0.720991,18.215508,136.349808,9.215481,0.056306,0.848052,0.164931,0.500435,-7.203209,89.148155,9.470741,0.129799,0.941079,-0.006788,0.312212,-4.723248,55.66851,-2.50932,0.010719,0.925097,-0.105396,0.364654,-15.898684,12.223548,-5.579215,-0.110633,0.789262,0.001814,0.604006,3.252148,89.121262,24.900583,0.049637,-0.59686,0.076825,-0.797115,9.555147,54.349159,29.562325,0.025427,0.804397,-0.07891,0.58828,6.712336,10.137304,37.244068,0.010719,0.925097,-0.105396,0.364654,-7.08473,3.466771,-14.396042,0.025427,0.804397,-0.07891,0.58828,19.075975,1.970243,33.702465
798,6.65,-0.020352,0.882455,0.039727,0.468274,-1.99729,89.135216,17.194595,-0.011074,0.879252,0.061309,0.472265,-2.556101,96.746567,17.584743,-0.013468,0.878469,0.0542,0.474525,-3.888492,113.831902,19.261066,0.111316,0.930989,-0.080817,0.338138,-5.40583,133.909576,20.926743,0.095066,0.954676,-0.236593,0.153558,-0.482438,147.387009,18.427212,-0.015397,0.82202,0.099179,0.560544,-7.851749,127.697586,17.761444,0.281996,-0.378584,0.255396,-0.843757,-15.041445,129.361313,-0.151591,0.246292,-0.108908,-0.455138,-0.848722,0.410908,112.275742,-13.269231,0.364689,0.03547,-0.631671,-0.68318,13.530922,129.058716,-22.818989,-0.133591,0.919532,0.085057,0.359694,-3.76056,127.490707,23.98192,0.329924,0.877279,0.062277,-0.343005,9.908446,131.065018,37.237827,-0.022918,0.311791,0.5187,-0.795746,24.40913,116.851898,20.194302,0.116596,0.088095,0.677305,-0.721043,18.202145,136.341949,9.230542,0.056281,0.847996,0.165049,0.500493,-7.221769,89.147209,9.477507,0.129666,0.941182,-0.00667,0.311959,-4.735157,55.670143,-2.508395,0.010608,0.925125,-0.105526,0.364549,-15.897051,12.221927,-5.581529,-0.110688,0.78958,0.001664,0.60358,3.227189,89.123222,24.911686,0.049684,-0.597128,0.076578,-0.796935,9.529299,54.351952,29.580822,0.026575,0.804474,-0.078482,0.58818,6.709138,10.137099,37.2537,0.010608,0.925125,-0.105526,0.364549,-7.08444,3.463188,-14.397748,0.026575,0.804474,-0.078482,0.58818,19.061512,1.960564,33.694691
799,6.658333,-0.020565,0.882398,0.039708,0.468373,-2.014458,89.129189,17.203796,-0.010926,0.879233,0.061221,0.472316,-2.576053,96.740433,17.5921,-0.013596,0.878448,0.054002,0.474582,-3.902627,113.826057,19.268076,0.111501,0.930934,-0.080729,0.338248,-5.420799,133.904449,20.924196,0.0951,0.954701,-0.236431,0.153631,-0.492891,147.381165,18.429539,-0.015445,0.821761,0.099277,0.560905,-7.866095,127.690926,17.761452,0.282138,-0.378432,0.255391,-0.843779,-15.04001,129.356796,-0.157709,0.246229,-0.108829,-0.455421,-0.848598,0.418597,112.270569,-13.267131,0.364526,0.035575,-0.631858,-0.683089,13.527004,129.062881,-22.814823,-0.133519,0.919375,0.084881,0.360164,-3.775757,127.487061,23.982588,0.330032,0.877378,0.063039,-0.342509,9.880877,131.058868,37.251915,-0.02248,0.311762,0.518728,-0.795752,24.395821,116.851196,20.215988,0.116734,0.087985,0.677198,-0.721134,18.190182,136.333267,9.244295,0.0562,0.84802,0.165313,0.500374,-7.237046,89.137611,9.485419,0.1295,0.94161,-0.006771,0.310733,-4.737666,55.666126,-2.513394,0.010562,0.925348,-0.105206,0.364075,-15.892633,12.214169,-5.558734,-0.11064,0.789294,0.001599,0.603963,3.208131,89.120773,24.922173,0.049726,-0.597231,0.076287,-0.796883,9.502544,54.348732,29.595989,0.027249,0.804415,-0.077552,0.588353,6.706326,10.130257,37.256729,0.010562,0.925348,-0.105206,0.364075,-7.087272,3.462821,-14.38953,0.027249,0.804415,-0.077552,0.588353,19.060776,1.962247,33.685368
800,6.666667,-0.020719,0.88266,0.039057,0.467928,-2.049605,89.112946,17.233816,-0.010587,0.879238,0.060633,0.47239,-2.608432,96.724876,17.61253,-0.013636,0.878324,0.05384,0.474828,-3.916112,113.82328,19.277195,0.111642,0.930855,-0.080746,0.338415,-5.433046,133.902344,20.926386,0.095114,0.954731,-0.236283,0.153663,-0.500634,147.377792,18.433815,-0.015369,0.82167,0.099149,0.561063,-7.877241,127.688126,17.764154,0.282184,-0.378125,0.2554,-0.843899,-15.044401,129.354279,-0.157681,0.246219,-0.108944,-0.455681,-0.848447,0.426283,112.269714,-13.255008,0.364464,0.035514,-0.632137,-0.682867,13.523155,129.068756,-22.809778,-0.133654,0.919223,0.085096,0.360451,-3.790409,127.485703,23.987642,0.32998,0.877494,0.063124,-0.342246,9.856809,131.057602,37.266628,-0.022292,0.311866,0.518637,-0.795775,24.383101,116.850952,20.239523,0.116703,0.087882,0.677446,-0.720919,18.176533,136.326416,9.259704,0.05597,0.848133,0.166086,0.499953,-7.279841,89.112732,9.520617,0.129438,0.941653,-0.00678,0.310628,-4.744404,55.657642,-2.516317,0.009704,0.925535,-0.105505,0.363537,-15.894757,12.204247,-5.557889,-0.110702,0.789015,0.001604,0.604316,3.180632,89.113167,24.947014,0.04962,-0.597612,0.076013,-0.79663,9.47657,54.342098,29.625978,0.026359,0.804698,-0.078066,0.587939,6.697676,10.118914,37.265839,0.009704,0.925535,-0.105505,0.363537,-7.090017,3.454041,-14.390429,0.026359,0.804698,-0.078066,0.587939,19.054327,1.954073,33.694855
801,6.675,-0.020713,0.882192,0.039637,0.468762,-2.047271,89.128326,17.225519,-0.010702,0.87901,0.061073,0.472755,-2.610521,96.739555,17.611557,-0.013668,0.878207,0.053743,0.475055,-3.928509,113.822868,19.285789,0.111837,0.930752,-0.080848,0.33861,-5.445149,133.902313,20.930544,0.095015,0.95476,-0.23614,0.153766,-0.505934,147.375366,18.438547,-0.015482,0.82149,0.099209,0.561313,-7.888068,127.687645,17.768185,0.280372,-0.377286,0.256575,-0.844521,-15.044224,129.3526,-0.158162,0.245325,-0.109525,-0.455955,-0.848484,0.428131,112.255775,-13.237506,0.364643,0.035654,-0.632488,-0.682439,13.514222,129.073013,-22.804482,-0.133684,0.919195,0.085136,0.3605,-3.804455,127.48613,23.993814,0.330102,0.877547,0.06313,-0.341993,9.841097,131.058243,37.274464,-0.022346,0.31194,0.518557,-0.795797,24.372328,116.844284,20.257669,0.116529,0.088132,0.677364,-0.720994,18.163807,136.318878,9.275632,0.056283,0.848052,0.165559,0.50023,-7.262954,89.134064,9.502472,0.129324,0.941699,-0.00664,0.310539,-4.761639,55.669022,-2.51392,0.011754,0.92517,-0.104992,0.364554,-15.898925,12.21281,-5.563107,-0.110655,0.789132,0.001243,0.604172,3.168412,89.122597,24.948566,0.049648,-0.597851,0.075687,-0.796481,9.447109,54.350723,29.644707,0.02632,0.804799,-0.078111,0.587796,6.695162,10.123345,37.269997,0.011754,0.92517,-0.104992,0.364554,-7.099435,3.455004,-14.393351,0.02632,0.804799,-0.078111,0.587796,19.050465,1.958058,33.695366
802,6.683333,-0.020882,0.882453,0.039079,0.46831,-2.08113,89.113373,17.256384,-0.010366,0.879004,0.060487,0.472849,-2.642474,96.725166,17.633978,-0.013682,0.878066,0.053591,0.475332,-3.941821,113.82251,19.296999,0.111856,0.93068,-0.080993,0.338767,-5.456569,133.902603,20.935646,0.095013,0.954796,-0.235956,0.153824,-0.514898,147.374268,18.441095,-0.015559,0.821315,0.099226,0.561564,-7.898413,127.687477,17.773357,0.280271,-0.377034,0.256727,-0.844621,-15.043548,129.351395,-0.157475,0.245339,-0.109567,-0.456225,-0.848329,0.434762,112.252167,-13.226621,0.364801,0.035665,-0.632947,-0.681928,13.50931,129.076843,-22.798222,-0.133708,0.919128,0.085076,0.360678,-3.818724,127.486969,24.001589,0.330064,0.877652,0.063005,-0.341783,9.821587,131.059845,37.287403,-0.02239,0.312158,0.518401,-0.795812,24.361734,116.842857,20.280777,0.116411,0.088446,0.677381,-0.720959,18.152302,136.312012,9.291872,0.056133,0.848114,0.166306,0.499894,-7.304577,89.111015,9.538589,0.129257,0.941692,-0.006661,0.310587,-4.771795,55.662453,-2.517037,0.01168,0.925156,-0.104682,0.36468,-15.903917,12.204698,-5.563144,-0.110657,0.789551,0.001194,0.603625,3.142319,89.11573,24.974178,0.049593,-0.598067,0.075404,-0.796348,9.422262,54.34388,29.668791,0.026316,0.80484,-0.07767,0.587799,6.689546,10.112161,37.275814,0.01168,0.925156,-0.104682,0.36468,-7.098937,3.454864,-14.395812,0.026316,0.80484,-0.07767,0.587799,19.049082,1.95594,33.695133
803,6.691667,-0.020719,0.882026,0.039694,0.469068,-2.079958,89.126167,17.247986,-0.010563,0.878775,0.060878,0.47322,-2.643833,96.737328,17.634546,-0.013689,0.877943,0.053389,0.475581,-3.955384,113.822235,19.304522,0.112057,0.930455,-0.081694,0.33915,-5.467,133.903183,20.935471,0.094789,0.954841,-0.235438,0.154479,-0.512189,147.367493,18.427225,-0.01556,0.821124,0.099309,0.561829,-7.908321,127.687477,17.773928,0.282129,-0.377446,0.255854,-0.844084,-15.041924,129.354279,-0.161232,0.24638,-0.108957,-0.456543,-0.847935,0.443642,112.258163,-13.225844,0.365014,0.035675,-0.633344,-0.681445,13.504707,129.080795,-22.792622,-0.133621,0.919052,0.085052,0.360909,-3.832173,127.488281,24.00452,0.330043,0.877743,0.062846,-0.341597,9.802573,131.05722,37.297104,-0.022459,0.312362,0.518301,-0.795795,24.350203,116.836098,20.300333,0.116319,0.088562,0.677261,-0.721072,18.14222,136.301498,9.306225,0.056358,0.847995,0.165784,0.500244,-7.290281,89.132591,9.521325,0.129246,0.941832,-0.006211,0.310177,-4.78509,55.67347,-2.510731,0.011742,0.924967,-0.105208,0.365007,-15.905094,12.214941,-5.589844,-0.110713,0.789733,0.000869,0.603377,3.130365,89.119751,24.974649,0.049532,-0.598312,0.075121,-0.796195,9.400908,54.348732,29.687981,0.027092,0.80473,-0.076783,0.588031,6.687293,10.112649,37.276424,0.011742,0.924967,-0.105208,0.365007,-7.097368,3.452671,-14.407434,0.027092,0.80473,-0.076783,0.588031,19.047806,1.962554,33.685188
804,6.7,-0.020717,0.881929,0.039578,0.469262,-2.097429,89.124489,17.261442,-0.010537,0.878709,0.060802,0.473352,-2.660526,96.735786,17.646328,-0.013562,0.877897,0.0532,0.475692,-3.970192,113.819359,19.314102,0.112289,0.930422,-0.081748,0.339151,-5.47388,133.90126,20.940605,0.094693,0.954917,-0.235272,0.154315,-0.51255,147.363342,18.433279,-0.015634,0.82102,0.099148,0.562006,-7.917043,127.685928,17.77977,0.280687,-0.376727,0.256817,-0.844593,-15.04283,129.347656,-0.158967,0.245501,-0.109654,-0.456736,-0.847996,0.445279,112.241051,-13.206821,0.364927,0.035668,-0.633206,-0.68162,13.493898,129.072815,-22.78706,-0.13357,0.918975,0.084804,0.361181,-3.842411,127.486313,24.011341,0.330128,0.877747,0.062668,-0.341538,9.78527,131.055634,37.311066,-0.022467,0.312605,0.518347,-0.795669,24.332031,116.827057,20.319792,0.116223,0.088533,0.67719,-0.721157,18.133024,136.292297,9.318299,0.056381,0.848025,0.165902,0.500151,-7.30437,89.130104,9.532503,0.129175,0.941895,-0.006064,0.310018,-4.797525,55.673973,-2.507506,0.013213,0.92476,-0.105023,0.365534,-15.908074,12.213638,-5.595189,-0.110686,0.789737,0.000844,0.603376,3.109513,89.118874,24.990383,0.049574,-0.598319,0.074899,-0.796208,9.37744,54.34742,29.703989,0.026455,0.804918,-0.07756,0.587701,6.681904,10.108712,37.283562,0.013213,0.92476,-0.105023,0.365534,-7.109379,3.441536,-14.412019,0.026455,0.804918,-0.07756,0.587701,19.039791,1.952477,33.697224
805,6.708333,-0.020688,0.881859,0.039355,0.469412,-2.115204,89.121559,17.275564,-0.010412,0.878639,0.06073,0.473495,-2.676388,96.733147,17.657572,-0.013608,0.877823,0.053038,0.475845,-3.981415,113.817871,19.325092,0.112418,0.930384,-0.081805,0.3392,-5.483907,133.900421,20.944742,0.09475,0.954961,-0.235134,0.154218,-0.518499,147.361023,18.437569,-0.015522,0.820956,0.098949,0.562139,-7.926516,127.684296,17.785017,0.280843,-0.376522,0.256801,-0.844637,-15.046674,129.345779,-0.155976,0.245666,-0.109735,-0.456954,-0.84782,0.450061,112.239227,-13.193644,0.365083,0.035655,-0.633453,-0.681308,13.48901,129.074722,-22.782583,-0.133536,0.91897,0.084804,0.361208,-3.854069,127.48629,24.018066,0.330095,0.877763,0.062254,-0.341606,9.773218,131.05426,37.318558,-0.022642,0.31249,0.518485,-0.795619,24.318705,116.819672,20.331219,0.116806,0.088501,0.677299,-0.720964,18.121737,136.295181,9.336827,0.056375,0.848079,0.165961,0.500042,-7.319532,89.125847,9.544863,0.128925,0.942314,-0.005852,0.308851,-4.811815,55.671047,-2.498665,0.013178,0.924943,-0.104851,0.365122,-15.899539,12.204686,-5.583624,-0.110674,0.789716,0.000877,0.603406,3.089125,89.117279,25.006264,0.049611,-0.598454,0.074686,-0.796124,9.357638,54.345631,29.717701,0.026196,0.805097,-0.077648,0.587456,6.680526,10.104394,37.289051,0.013178,0.924943,-0.104851,0.365122,-7.107838,3.436542,-14.411365,0.026196,0.805097,-0.077648,0.587456,19.038401,1.950219,33.69799
806,6.716667,-0.02069,0.881813,0.039218,0.46951,-2.131666,89.119568,17.289261,-0.010302,0.878579,0.06058,0.473628,-2.691934,96.731316,17.669346,-0.013574,0.877755,0.052844,0.475993,-3.991424,113.81662,19.33392,0.112915,0.930246,-0.082033,0.339356,-5.489233,133.90004,20.947094,0.094306,0.955076,-0.234831,0.154239,-0.5082,147.354889,18.440018,-0.015512,0.82087,0.098832,0.562284,-7.932422,127.683617,17.788422,0.282579,-0.377032,0.256163,-0.844024,-15.046254,129.34346,-0.155236,0.246441,-0.109168,-0.457218,-0.847526,0.447497,112.231514,-13.189404,0.365093,0.035601,-0.633586,-0.681182,13.484454,129.078262,-22.776566,-0.133425,0.918847,0.084441,0.361646,-3.862066,127.486397,24.022865,0.329983,0.877869,0.062534,-0.341388,9.754098,131.053467,37.334991,-0.022584,0.312665,0.518152,-0.795769,24.311375,116.826561,20.35132,0.116293,0.08899,0.677329,-0.72096,18.103962,136.291107,9.347406,0.056117,0.848607,0.165798,0.499227,-7.334283,89.122704,9.557405,0.128849,0.942364,-0.005656,0.308734,-4.828493,55.661976,-2.470054,0.012241,0.925206,-0.105001,0.364444,-15.904912,12.193656,-5.568068,-0.110605,0.789602,0.000939,0.603569,3.070951,89.116425,25.021114,0.049689,-0.598362,0.074464,-0.796209,9.337367,54.343712,29.727438,0.026083,0.80518,-0.077649,0.587346,6.679355,10.100195,37.292194,0.012241,0.925206,-0.105001,0.364444,-7.114676,3.430761,-14.402482,0.026083,0.80518,-0.077649,0.587346,19.037548,1.947679,33.69846
807,6.725,-0.021012,0.881762,0.039286,0.469586,-2.138298,89.124229,17.304468,-0.010315,0.878519,0.060433,0.473757,-2.703413,96.735695,17.683102,-0.013541,0.877687,0.052676,0.476138,-4.00074,113.816322,19.342329,0.112985,0.930287,-0.081815,0.339275,-5.494443,133.900482,20.949957,0.094375,0.955162,-0.234706,0.153857,-0.513874,147.356598,18.448729,-0.01585,0.820737,0.098953,0.562447,-7.93805,127.68383,17.79207,0.284311,-0.377537,0.255154,-0.843522,-15.04435,129.336273,-0.155252,0.247138,-0.108636,-0.457527,-0.847225,0.456531,112.234024,-13.193652,0.364855,0.035583,-0.633756,-0.681152,13.479769,129.081451,-22.772295,-0.133396,0.91876,0.084373,0.361893,-3.869738,127.487251,24.027866,0.329994,0.877883,0.062545,-0.34134,9.739777,131.052979,37.347145,-0.022504,0.312762,0.518206,-0.795698,24.298412,116.825394,20.365211,0.116024,0.088272,0.677123,-0.721284,18.096325,136.289459,9.356742,0.056148,0.848631,0.165923,0.499141,-7.339344,89.122749,9.571557,0.128809,0.942501,-0.005507,0.308334,-4.832055,55.665237,-2.46452,0.012423,0.925196,-0.105008,0.36446,-15.902309,12.195837,-5.569398,-0.110462,0.789609,0.000998,0.603585,3.062748,89.125702,25.037378,0.049776,-0.598418,0.073629,-0.79624,9.323689,54.350739,29.73432,0.026161,0.804662,-0.078118,0.58799,6.730166,10.096872,37.260811,0.012423,0.925196,-0.105008,0.36446,-7.114401,3.431004,-14.4042,0.026161,0.804662,-0.078118,0.58799,19.089287,1.934116,33.693611
808,6.733333,-0.021075,0.881729,0.039208,0.469651,-2.153128,89.124146,17.318161,-0.010117,0.878459,0.060262,0.473894,-2.718571,96.735664,17.695242,-0.013572,0.877604,0.052512,0.476309,-4.007318,113.816109,19.35227,0.113165,0.930214,-0.081877,0.339399,-5.499269,133.90094,20.953213,0.094283,0.955212,-0.234527,0.153873,-0.512944,147.355103,18.453011,-0.015842,0.820621,0.098888,0.562629,-7.94239,127.683601,17.796272,0.284321,-0.377373,0.255275,-0.843556,-15.040808,129.335648,-0.154209,0.246992,-0.108752,-0.457821,-0.847094,0.463355,112.229836,-13.184026,0.364802,0.035348,-0.634019,-0.680948,13.473034,129.0858,-22.76701,-0.133412,0.918694,0.084302,0.362071,-3.876512,127.488449,24.033699,0.330004,0.877891,0.062433,-0.341332,9.727854,131.054764,37.358082,-0.02245,0.312821,0.51827,-0.795636,24.286438,116.824532,20.378334,0.115994,0.087782,0.677018,-0.721447,18.088999,136.288986,9.367212,0.056088,0.848636,0.166091,0.499084,-7.352983,89.120987,9.584447,0.128758,0.942512,-0.00543,0.308323,-4.836824,55.666977,-2.45951,0.012541,0.925211,-0.105015,0.364417,-15.900761,12.196326,-5.569346,-0.110483,0.789669,0.001047,0.603502,3.046727,89.127296,25.051874,0.049779,-0.598456,0.073458,-0.796226,9.311434,54.352665,29.746288,0.026229,0.804749,-0.077893,0.587897,6.730575,10.096565,37.264027,0.012541,0.925211,-0.105015,0.364417,-7.115477,3.430118,-14.405394,0.026229,0.804749,-0.077893,0.587897,19.090069,1.937254,33.690231
809,6.741667,-0.021071,0.8817,0.039072,0.469718,-2.172859,89.125031,17.33322,-0.009922,0.878385,0.060044,0.474064,-2.737292,96.73671,17.708466,-0.013571,0.877494,0.052491,0.476514,-4.017088,113.820633,19.362106,0.113032,0.930213,-0.081893,0.339443,-5.508968,133.905548,20.961987,0.094613,0.955187,-0.234528,0.15383,-0.525775,147.360611,18.460318,-0.016437,0.819986,0.09948,0.563432,-7.950875,127.688263,17.804028,0.283116,-0.377146,0.25597,-0.843852,-15.013475,129.337814,-0.160801,0.245965,-0.108937,-0.458159,-0.847186,0.480942,112.224403,-13.19223,0.364343,0.035807,-0.634059,-0.681132,13.46884,129.09169,-22.760864,-0.133309,0.918723,0.084173,0.362067,-3.887901,127.493057,24.043344,0.330175,0.877843,0.0625,-0.341276,9.717652,131.057693,37.366955,-0.022277,0.312707,0.518459,-0.795562,24.272268,116.821335,20.388924,0.116106,0.087329,0.677194,-0.721319,18.080458,136.289032,9.378738,0.056005,0.848357,0.166522,0.499424,-7.371542,89.120827,9.59872,0.128564,0.942685,-0.005552,0.307873,-4.829869,55.676365,-2.466373,0.011356,0.92557,-0.105297,0.36346,-15.882486,12.201336,-5.555188,-0.110546,0.789639,0.001213,0.60353,3.025823,89.129234,25.06772,0.049762,-0.598557,0.073325,-0.796164,9.300995,54.355633,29.755753,0.026352,0.8048,-0.077818,0.587833,6.729608,10.097629,37.26548,0.011356,0.92557,-0.105297,0.36346,-7.101703,3.439529,-14.400072,0.026352,0.8048,-0.077818,0.587833,19.087643,1.93786,33.687695
810,6.75,-0.020961,0.881704,0.039057,0.469717,-2.193235,89.128723,17.346493,-0.0098,0.878344,0.059809,0.474172,-2.756083,96.740494,17.722324,-0.013481,0.87743,0.052345,0.476649,-4.028226,113.820709,19.370268,0.113258,0.930164,-0.081957,0.339487,-5.514351,133.906357,20.966488,0.094558,0.955248,-0.234361,0.153734,-0.524525,147.359116,18.465715,-0.016257,0.819749,0.099237,0.563826,-7.95726,127.689301,17.808809,0.28291,-0.377045,0.256198,-0.843897,-15.002908,129.340927,-0.16249,0.245946,-0.108654,-0.458518,-0.847034,0.489363,112.222328,-13.189672,0.364706,0.035936,-0.634755,-0.680282,13.46955,129.110077,-22.753597,-0.133228,0.918712,0.084062,0.362149,-3.896175,127.493843,24.049351,0.330348,0.877867,0.063109,-0.340935,9.707924,131.056839,37.374893,-0.021847,0.312489,0.518523,-0.795618,24.268824,116.821899,20.401056,0.116095,0.086774,0.677148,-0.721431,18.074461,136.284683,9.389102,0.056095,0.848039,0.166864,0.499839,-7.392031,89.12619,9.612065,0.128531,0.942865,-0.005336,0.30734,-4.837403,55.690575,-2.474788,0.013032,0.925238,-0.105519,0.364183,-15.883117,12.214581,-5.574749,-0.110653,0.789724,0.001306,0.603399,3.00556,89.131256,25.080919,0.049699,-0.598807,0.073196,-0.795991,9.291438,54.35936,29.767237,0.027199,0.804677,-0.076944,0.588077,6.728193,10.099092,37.266434,0.013032,0.925238,-0.105519,0.364183,-7.112642,3.431782,-14.409039,0.027199,0.804677,-0.076944,0.588077,19.086309,1.94405,33.678154
811,6.758333,-0.020931,0.881618,0.038685,0.469909,-2.211019,89.121689,17.364553,-0.009806,0.878277,0.059669,0.474312,-2.770885,96.733917,17.735483,-0.013239,0.877383,0.052138,0.476765,-4.041494,113.818596,19.379292,0.113652,0.930234,-0.081122,0.339363,-5.515297,133.90538,20.972687,0.094452,0.955309,-0.234655,0.152973,-0.523229,147.361908,18.496836,-0.016379,0.819607,0.099058,0.56406,-7.961413,127.689484,17.815224,0.282688,-0.376976,0.256429,-0.843932,-14.996666,129.334305,-0.160764,0.245487,-0.10892,-0.458692,-0.847038,0.492048,112.210358,-13.185128,0.364442,0.035698,-0.63444,-0.68073,13.458785,129.100143,-22.749334,-0.133086,0.918648,0.083683,0.362452,-3.901872,127.492226,24.056709,0.330525,0.87781,0.063327,-0.340871,9.695153,131.054184,37.389736,-0.021698,0.312583,0.518724,-0.795454,24.252155,116.815742,20.415501,0.116008,0.086465,0.677108,-0.72152,18.070545,136.278824,9.399689,0.055965,0.848503,0.166764,0.4991,-7.406461,89.11657,9.627879,0.128373,0.943058,-0.004961,0.306817,-4.8582,55.677532,-2.450871,0.011205,0.925498,-0.105512,0.363587,-15.882105,12.197542,-5.572185,-0.110751,0.789934,0.001425,0.603106,2.984425,89.126808,25.101227,0.049627,-0.599109,0.073102,-0.795778,9.282568,54.35648,29.782736,0.026658,0.804812,-0.077747,0.587812,6.724916,10.094324,37.272652,0.011205,0.925498,-0.105512,0.363587,-7.097778,3.432406,-14.410241,0.026658,0.804812,-0.077747,0.587812,19.079599,1.931178,33.691017
812,6.766667,-0.020892,0.88159,0.038527,0.469976,-2.226232,89.11937,17.378988,-0.009829,0.878257,0.059622,0.474356,-2.784466,96.731812,17.748035,-0.013079,0.877386,0.051796,0.476802,-4.054604,113.810349,19.389393,0.113809,0.930211,-0.081079,0.339385,-5.516205,133.898743,20.973724,0.094396,0.955379,-0.234407,0.152952,-0.520355,147.354401,18.500725,-0.016541,0.819536,0.098707,0.56422,-7.96595,127.682922,17.818905,0.283898,-0.377338,0.255883,-0.843529,-14.994027,129.315582,-0.161004,0.245877,-0.108352,-0.45911,-0.846772,0.495054,112.191879,-13.185279,0.364147,0.036271,-0.634511,-0.680791,13.454575,129.103455,-22.742432,-0.133054,0.918596,0.083431,0.362653,-3.906873,127.485977,24.060703,0.330601,0.877807,0.063332,-0.340803,9.68484,131.049423,37.398758,-0.021385,0.312353,0.518784,-0.795513,24.241648,116.80735,20.427395,0.116053,0.086003,0.677992,-0.720737,18.056423,136.268768,9.412054,0.055797,0.848349,0.1672,0.499233,-7.420531,89.113571,9.641545,0.128326,0.94295,-0.005263,0.307166,-4.844378,55.68359,-2.456348,0.011573,0.925646,-0.105516,0.363197,-15.871504,12.202772,-5.554811,-0.110821,0.789997,0.001493,0.60301,2.968067,89.125168,25.116432,0.049559,-0.599319,0.072976,-0.795635,9.273561,54.355961,29.796383,0.026533,0.804941,-0.077683,0.587649,6.723104,10.091546,37.275436,0.011573,0.925646,-0.105516,0.363197,-7.100532,3.433582,-14.402109,0.026533,0.804941,-0.077683,0.587649,19.07836,1.931535,33.68861
813,6.775,-0.020912,0.881478,0.038417,0.470195,-2.241229,89.117165,17.394552,-0.009806,0.878172,0.059414,0.474539,-2.799032,96.729729,17.761826,-0.013021,0.877307,0.051652,0.476965,-4.065441,113.809219,19.397047,0.113873,0.930167,-0.081123,0.339472,-5.522513,133.898254,20.977154,0.094518,0.955412,-0.23419,0.152999,-0.524246,147.353027,18.504232,-0.016288,0.819407,0.098751,0.564407,-7.972703,127.682495,17.822601,0.283165,-0.377045,0.256149,-0.843826,-14.992899,129.324936,-0.159495,0.245565,-0.108512,-0.459184,-0.846802,0.500669,112.204376,-13.182549,0.364005,0.036712,-0.63483,-0.680546,13.449147,129.111084,-22.735758,-0.132984,0.918598,0.083385,0.362684,-3.915917,127.485672,24.065893,0.330694,0.877827,0.063363,-0.340657,9.675664,131.04718,37.404602,-0.021875,0.312796,0.518871,-0.795269,24.234484,116.800476,20.438845,0.115457,0.086271,0.6774,-0.721357,18.066212,136.266998,9.422482,0.055796,0.848571,0.167161,0.498871,-7.431686,89.11026,9.654532,0.128221,0.943069,-0.004979,0.306847,-4.862092,55.679333,-2.442126,0.012893,0.925473,-0.105073,0.363722,-15.873785,12.195849,-5.558018,-0.110866,0.789924,0.001688,0.603097,2.949229,89.124069,25.134575,0.049552,-0.599401,0.072869,-0.795583,9.265053,54.35561,29.806175,0.02652,0.805012,-0.077566,0.587568,6.722633,10.089725,37.279259,0.012893,0.925473,-0.105073,0.363722,-7.108198,3.424315,-14.408332,0.02652,0.805012,-0.077566,0.587568,19.078354,1.932229,33.688324
814,6.783333,-0.020958,0.881777,0.037684,0.469692,-2.274958,89.100769,17.428806,-0.009353,0.87823,0.058632,0.474538,-2.827923,96.714157,17.786207,-0.013113,0.877218,0.051671,0.477123,-4.069098,113.813904,19.406879,0.114057,0.930123,-0.081263,0.339497,-5.53007,133.902771,20.985619,0.094676,0.955465,-0.233979,0.152893,-0.525639,147.354965,18.511095,-0.0166,0.819301,0.098391,0.564615,-7.978062,127.686478,17.83041,0.283655,-0.377187,0.256051,-0.843628,-14.988751,129.311996,-0.15693,0.245605,-0.108256,-0.459537,-0.846631,0.501816,112.1866,-13.177176,0.363789,0.037,-0.635061,-0.680431,13.445648,129.116745,-22.73015,-0.132878,0.918633,0.083261,0.362662,-3.923564,127.49057,24.075218,0.330815,0.877808,0.063408,-0.340579,9.669724,131.050293,37.412663,-0.022203,0.313148,0.51894,-0.795076,24.227119,116.798851,20.449678,0.114729,0.086314,0.677127,-0.721724,18.071898,136.27005,9.430121,0.055689,0.848142,0.168338,0.499215,-7.47419,89.08622,9.694687,0.128247,0.942948,-0.005329,0.307204,-4.850387,55.682598,-2.465627,0.012669,0.925507,-0.105224,0.363599,-15.872672,12.20003,-5.556718,-0.110933,0.789833,0.002073,0.603203,2.924273,89.115326,25.162926,0.049519,-0.599318,0.072792,-0.795655,9.25977,54.348038,29.816555,0.026509,0.804957,-0.077128,0.587701,6.720191,10.080851,37.282883,0.012669,0.925507,-0.105224,0.363599,-7.107334,3.427108,-14.405903,0.026509,0.804957,-0.077128,0.587701,19.081476,1.932582,33.690144
815,6.791667,-0.021714,0.881665,0.038077,0.469837,-2.261401,89.097153,17.438969,-0.009591,0.87817,0.058692,0.474637,-2.827422,96.709595,17.796125,-0.01298,0.877182,0.051588,0.477202,-4.077321,113.814018,19.415075,0.114191,0.930071,-0.081429,0.339555,-5.53214,133.903366,20.993326,0.094666,0.955505,-0.233763,0.152982,-0.522491,147.353149,18.516212,-0.016325,0.8192,0.098119,0.564816,-7.981606,127.687813,17.837801,0.283481,-0.377156,0.25624,-0.843643,-14.983848,129.316971,-0.152501,0.245398,-0.108356,-0.459652,-0.846616,0.502838,112.186852,-13.171181,0.363618,0.037136,-0.635142,-0.68044,13.441189,129.121674,-22.725252,-0.132867,0.918631,0.083153,0.362697,-3.928177,127.4907,24.083265,0.331065,0.877737,0.063605,-0.340482,9.664257,131.051422,37.421314,-0.022335,0.313319,0.519173,-0.794853,24.216379,116.792824,20.45982,0.114462,0.086457,0.677115,-0.721761,18.07736,136.269058,9.440747,0.055845,0.848305,0.168393,0.498903,-7.457492,89.073769,9.702762,0.128459,0.943094,-0.005139,0.306667,-4.845577,55.672691,-2.467088,0.012518,0.925362,-0.105161,0.363991,-15.882004,12.19483,-5.573902,-0.110629,0.789623,0.002025,0.603534,2.934691,89.120544,25.175179,0.04954,-0.59931,0.072685,-0.79567,9.249332,54.348427,29.821066,0.027366,0.804797,-0.075995,0.588029,6.718478,10.080025,37.283154,0.012518,0.925362,-0.105161,0.363991,-7.106037,3.425153,-14.415763,0.027366,0.804797,-0.075995,0.588029,19.082975,1.941721,33.678902
816,6.8,-0.021122,0.881298,0.038434,0.470522,-2.263424,89.099884,17.427568,-0.009643,0.878014,0.059283,0.474851,-2.824306,96.712288,17.793354,-0.012931,0.877158,0.051223,0.477286,-4.085474,113.809204,19.428452,0.11429,0.930008,-0.081412,0.339698,-5.531662,133.900131,20.99461,0.09461,0.955526,-0.233596,0.153141,-0.518997,147.349213,18.519899,-0.016357,0.819037,0.09878,0.564936,-7.983331,127.683792,17.842319,0.282421,-0.376739,0.256703,-0.844044,-14.980274,129.326965,-0.148763,0.244782,-0.108851,-0.459696,-0.846707,0.510475,112.198105,-13.164248,0.363366,0.037212,-0.635278,-0.680443,13.436459,129.126984,-22.721588,-0.132528,0.9186,0.082828,0.362973,-3.931081,127.488564,24.088606,0.331048,0.877729,0.063847,-0.340474,9.657052,131.040741,37.433304,-0.022719,0.31343,0.519366,-0.794672,24.210052,116.78743,20.468126,0.114167,0.086555,0.677121,-0.72179,18.082405,136.275833,9.454965,0.05603,0.84811,0.167882,0.499385,-7.447972,89.089996,9.683595,0.128224,0.943048,-0.005254,0.306907,-4.858849,55.678158,-2.461547,0.012357,0.925534,-0.104996,0.363607,-15.87815,12.194994,-5.55487,-0.11082,0.789495,0.00202,0.603666,2.921124,89.109772,25.171543,0.049511,-0.599281,0.072647,-0.795697,9.245319,54.340672,29.826996,0.027054,0.804785,-0.075702,0.588098,6.71532,10.071522,37.284908,0.012357,0.925534,-0.104996,0.363607,-7.106843,3.43039,-14.406376,0.027054,0.804785,-0.075702,0.588098,19.087126,1.944181,33.681019
817,6.808333,-0.021241,0.881641,0.037729,0.46993,-2.292722,89.081589,17.461231,-0.009393,0.8781,0.058584,0.474785,-2.84992,96.69474,17.817055,-0.01286,0.877116,0.051107,0.477379,-4.092868,113.806961,19.436459,0.114375,0.929952,-0.08156,0.339789,-5.53447,133.898438,20.99972,0.094676,0.95554,-0.233422,0.153277,-0.517886,147.345627,18.5226,-0.016335,0.818961,0.098644,0.565071,-7.987027,127.682304,17.847746,0.282173,-0.376715,0.257155,-0.844,-14.978106,129.323761,-0.14578,0.244501,-0.108936,-0.459794,-0.846724,0.501277,112.180618,-13.155982,0.363433,0.037038,-0.635156,-0.68053,13.434161,129.129944,-22.720757,-0.132534,0.918533,0.082691,0.363173,-3.936071,127.486893,24.09487,0.331166,0.877702,0.063956,-0.340409,9.646375,131.040237,37.445061,-0.022665,0.31368,0.519568,-0.794443,24.197599,116.78363,20.481117,0.114002,0.086475,0.677447,-0.72152,18.086636,136.274551,9.460342,0.055824,0.848208,0.168677,0.498974,-7.487556,89.063004,9.724166,0.128226,0.943093,-0.005212,0.306767,-4.862995,55.668594,-2.461235,0.012127,0.925545,-0.104807,0.36364,-15.881777,12.185442,-5.55659,-0.110777,0.789402,0.002398,0.603794,2.902111,89.100182,25.198299,0.049529,-0.599309,0.072589,-0.79568,9.239458,54.330528,29.831684,0.026807,0.804875,-0.075622,0.587996,6.714756,10.060779,37.287838,0.012127,0.925545,-0.104807,0.36364,-7.105392,3.427469,-14.409632,0.026807,0.804875,-0.075622,0.587996,19.089375,1.938867,33.681351
818,6.816667,-0.021097,0.881261,0.038275,0.470604,-2.28296,89.092682,17.453203,-0.009872,0.877938,0.058746,0.475054,-2.842408,96.705292,17.816982,-0.012478,0.87707,0.051127,0.47747,-4.101852,113.801064,19.431543,0.113876,0.930033,-0.081407,0.339769,-5.530493,133.892853,21.00276,0.095168,0.955483,-0.233339,0.153452,-0.528355,147.3452,18.524467,-0.016384,0.819076,0.097908,0.565031,-7.986622,127.679611,17.847853,0.283651,-0.377262,0.255913,-0.843638,-14.979399,129.303177,-0.146641,0.245051,-0.10827,-0.460093,-0.846488,0.511928,112.18277,-13.17257,0.363308,0.036928,-0.635165,-0.680595,13.431849,129.134644,-22.719933,-0.132568,0.91844,0.082543,0.363428,-3.936818,127.478981,24.095558,0.331151,0.8777,0.064035,-0.340413,9.638119,131.034332,37.452854,-0.022724,0.313846,0.519716,-0.79428,24.189722,116.7799,20.4874,0.113941,0.086483,0.677724,-0.721269,18.090618,136.273544,9.464348,0.056049,0.848226,0.168077,0.499122,-7.466093,89.081879,9.708279,0.128015,0.943188,-0.004942,0.306568,-4.874789,55.674858,-2.449653,0.012307,0.925625,-0.104975,0.363382,-15.869185,12.186581,-5.559778,-0.110719,0.789308,0.002366,0.603928,2.900172,89.103493,25.19813,0.049568,-0.599321,0.072507,-0.795676,9.232138,54.332912,29.83189,0.027102,0.804907,-0.075531,0.587951,6.715483,10.06245,37.286533,0.012307,0.925625,-0.104975,0.363382,-7.10168,3.422781,-14.415854,0.027102,0.804907,-0.075531,0.587951,19.086855,1.937727,33.67524
819,6.825,-0.021044,0.88123,0.038259,0.470666,-2.291159,89.09182,17.462311,-0.009832,0.877887,0.058762,0.475147,-2.849805,96.704475,17.826221,-0.012439,0.877022,0.050954,0.477579,-4.108439,113.799858,19.441757,0.1139,0.929987,-0.081407,0.339887,-5.532533,133.892395,21.007433,0.095296,0.955461,-0.233292,0.153585,-0.529277,147.344513,18.530163,-0.015989,0.818877,0.098067,0.565304,-7.989435,127.67894,17.853556,0.283255,-0.377171,0.256476,-0.84364,-14.970745,129.319687,-0.143822,0.244721,-0.108615,-0.460102,-0.846534,0.508915,112.183342,-13.16265,0.363149,0.036869,-0.635193,-0.680656,13.427666,129.137878,-22.718929,-0.132532,0.918433,0.082542,0.363459,-3.941161,127.478943,24.102268,0.331169,0.877685,0.064111,-0.340422,9.633255,131.032898,37.460449,-0.023048,0.314022,0.519826,-0.794129,24.18391,116.779312,20.493483,0.113939,0.087185,0.677765,-0.721146,18.094584,136.280441,9.472876,0.056105,0.848281,0.168062,0.499026,-7.473245,89.081802,9.71669,0.127669,0.943397,-0.004708,0.306074,-4.887245,55.674873,-2.442608,0.012699,0.925794,-0.10476,0.363001,-15.848022,12.178439,-5.557215,-0.110772,0.789409,0.002453,0.603786,2.890927,89.10183,25.207933,0.04953,-0.599364,0.072468,-0.795649,9.230403,54.332115,29.837933,0.026785,0.804878,-0.075699,0.587982,6.714896,10.060793,37.287891,0.012699,0.925794,-0.10476,0.363001,-7.092745,3.415421,-14.426145,0.026785,0.804878,-0.075699,0.587982,19.088932,1.937638,33.682224
820,6.833333,-0.020209,0.881281,0.037843,0.470641,-2.329409,89.117172,17.483688,-0.009307,0.87792,0.058376,0.475144,-2.873821,96.730843,17.848036,-0.012663,0.877022,0.050728,0.477597,-4.108576,113.804504,19.458351,0.11407,0.929899,-0.081472,0.340055,-5.536307,133.897751,21.01169,0.095347,0.955426,-0.233267,0.153807,-0.52736,147.347961,18.535576,-0.015814,0.818793,0.097853,0.565467,-7.991923,127.681938,17.86145,0.283224,-0.377228,0.256515,-0.843613,-14.966321,129.324203,-0.138468,0.244637,-0.10872,-0.460175,-0.846506,0.509998,112.186241,-13.159129,0.363061,0.036876,-0.635303,-0.6806,13.424645,129.142365,-22.718493,-0.132454,0.918454,0.082558,0.363431,-3.943993,127.486465,24.110529,0.331251,0.877661,0.063601,-0.340499,9.63201,131.037598,37.46785,-0.022738,0.314267,0.519904,-0.793989,24.176998,116.771683,20.506392,0.113806,0.086522,0.678461,-0.720591,18.098576,136.268234,9.471268,0.055792,0.848112,0.168194,0.499303,-7.512571,89.11718,9.738777,0.127503,0.943636,-0.004255,0.30541,-4.898973,55.710922,-2.416472,0.013311,0.925787,-0.105449,0.362798,-15.83573,12.210324,-5.557269,-0.110822,0.789401,0.002818,0.603785,2.853754,89.117157,25.228596,0.049586,-0.599636,0.072277,-0.795458,9.211736,54.348373,29.840183,0.02702,0.804808,-0.075895,0.588042,6.715366,10.075068,37.284798,0.013311,0.925787,-0.105449,0.362798,-7.097457,3.425321,-14.421222,0.02702,0.804808,-0.075895,0.588042,19.085236,1.94426,33.682068
821,6.841667,-0.019538,0.881288,0.037486,0.470685,-2.347075,89.132401,17.493313,-0.009224,0.877876,0.058385,0.475227,-2.879901,96.746895,17.857676,-0.012658,0.876975,0.050644,0.477693,-4.111526,113.807739,19.468264,0.114127,0.929817,-0.081536,0.340246,-5.537633,133.901337,21.018543,0.095359,0.955378,-0.233274,0.154084,-0.525822,147.350525,18.542616,-0.015827,0.818705,0.097842,0.565596,-7.993179,127.685318,17.868629,0.282535,-0.376953,0.256613,-0.843937,-14.961895,129.327469,-0.133502,0.244236,-0.10911,-0.460272,-0.846518,0.522749,112.198639,-13.156292,0.362954,0.036841,-0.635358,-0.680608,13.422063,129.147079,-22.718332,-0.132368,0.918462,0.082541,0.363447,-3.946606,127.490318,24.118603,0.331574,0.877539,0.063538,-0.34051,9.629838,131.038635,37.476223,-0.022632,0.314528,0.520062,-0.793786,24.163073,116.75869,20.516479,0.113378,0.086648,0.678947,-0.720186,18.09971,136.255356,9.472047,0.055503,0.848403,0.168093,0.498876,-7.529961,89.140343,9.748223,0.127849,0.943676,-0.003598,0.305151,-4.908714,55.729366,-2.392388,0.012653,0.925458,-0.1068,0.363264,-15.857167,12.236243,-5.595435,-0.111011,0.789263,0.003024,0.603931,2.835811,89.124466,25.238403,0.049539,-0.599692,0.072227,-0.795423,9.212196,54.358749,29.847706,0.028484,0.804778,-0.075388,0.58808,6.717319,10.084382,37.286449,0.012653,0.925458,-0.1068,0.363264,-7.107832,3.427014,-14.424364,0.028484,0.804778,-0.075388,0.58808,19.07415,1.940998,33.667412
822,6.85,-0.019497,0.881284,0.037489,0.470694,-2.3537,89.135674,17.501947,-0.00917,0.877849,0.058256,0.475293,-2.885999,96.750183,17.866638,-0.012576,0.87693,0.050741,0.477766,-4.114017,113.811584,19.474173,0.114165,0.929726,-0.081762,0.340429,-5.539193,133.904861,21.029364,0.095384,0.955314,-0.233282,0.154456,-0.523604,147.351852,18.549141,-0.015845,0.818605,0.097792,0.565748,-7.994601,127.689804,17.877468,0.28144,-0.376669,0.25731,-0.844217,-14.95662,129.330963,-0.127342,0.243549,-0.109576,-0.46032,-0.84663,0.520363,112.193214,-13.1475,0.36285,0.036723,-0.635495,-0.680542,13.418658,129.151764,-22.71863,-0.132303,0.91848,0.08247,0.363439,-3.949038,127.492966,24.128038,0.33173,0.877535,0.063458,-0.340383,9.62828,131.040054,37.485092,-0.022644,0.314875,0.52011,-0.793616,24.160614,116.751083,20.532194,0.113285,0.086915,0.678682,-0.720418,18.110312,136.243942,9.478947,0.055634,0.84806,0.168387,0.499345,-7.536456,89.14431,9.756771,0.127805,0.943586,-0.003776,0.305445,-4.905718,55.741436,-2.404072,0.013229,0.925323,-0.106736,0.363607,-15.85435,12.247411,-5.59422,-0.111047,0.789235,0.003041,0.60396,2.829055,89.127029,25.247124,0.049477,-0.59975,0.072129,-0.795392,9.207973,54.361893,29.857269,0.028021,0.804822,-0.075778,0.587992,6.717238,10.085693,37.286503,0.013229,0.925323,-0.106736,0.363607,-7.105806,3.434274,-14.42003,0.028021,0.804822,-0.075778,0.587992,19.075289,1.941539,33.673389
823,6.858333,-0.019421,0.881288,0.0374,0.470696,-2.361226,89.137398,17.510157,-0.00913,0.877832,0.058255,0.475325,-2.891858,96.75206,17.874189,-0.012418,0.876915,0.05068,0.477806,-4.118592,113.812126,19.482153,0.114204,0.929681,-0.081785,0.340533,-5.537103,133.905823,21.038195,0.095323,0.955284,-0.233311,0.154632,-0.519863,147.35228,18.558479,-0.015824,0.818574,0.097759,0.5658,-7.994384,127.691734,17.88583,0.282664,-0.377174,0.256543,-0.843817,-14.954156,129.333008,-0.119846,0.244088,-0.109348,-0.460438,-0.84644,0.523576,112.203041,-13.149363,0.362796,0.036546,-0.635536,-0.680543,13.41452,129.15593,-22.720001,-0.132684,0.91846,0.082771,0.363283,-3.94933,127.493225,24.136677,0.332061,0.877483,0.063345,-0.340216,9.628489,131.050034,37.490646,-0.022372,0.314926,0.520234,-0.793522,24.15521,116.743973,20.547346,0.113456,0.086925,0.678894,-0.720191,18.112331,136.235397,9.487006,0.055581,0.848568,0.168095,0.498585,-7.544006,89.146507,9.764997,0.12766,0.943801,-0.003345,0.304846,-4.931569,55.736183,-2.379325,0.013095,0.925339,-0.106455,0.363652,-15.858333,12.238553,-5.595139,-0.111119,0.789436,0.003075,0.603683,2.821555,89.128288,25.255316,0.049407,-0.599902,0.072092,-0.795286,9.207526,54.364311,29.864428,0.027542,0.804929,-0.076105,0.587826,6.717061,10.08701,37.287205,0.013095,0.925339,-0.106455,0.363652,-7.105259,3.433224,-14.424251,0.027542,0.804929,-0.076105,0.587826,19.076342,1.943533,33.676754
824,6.866667,-0.019214,0.881259,0.037251,0.470772,-2.372947,89.138176,17.518591,-0.009241,0.877788,0.058021,0.475433,-2.899758,96.75312,17.882065,-0.012031,0.876868,0.050884,0.477878,-4.125727,113.807083,19.480375,0.113983,0.929779,-0.08161,0.340381,-5.534596,133.900314,21.050983,0.095541,0.955284,-0.233381,0.154398,-0.525316,147.349976,18.572552,-0.01565,0.818495,0.097691,0.56593,-7.994518,127.689758,17.893747,0.282656,-0.37726,0.256557,-0.843777,-14.948792,129.335602,-0.113636,0.243905,-0.109544,-0.460536,-0.846414,0.525105,112.204422,-13.146109,0.362676,0.036214,-0.635615,-0.68055,13.410046,129.159622,-22.721701,-0.132685,0.918468,0.082606,0.363302,-3.950358,127.48468,24.14496,0.332159,0.877487,0.063457,-0.340089,9.626911,131.043854,37.498863,-0.022193,0.314927,0.520299,-0.793484,24.154753,116.734779,20.559059,0.113663,0.087019,0.679075,-0.719976,18.115026,136.225143,9.495008,0.055465,0.8487,0.168161,0.498351,-7.554547,89.149437,9.772641,0.127539,0.943912,-0.003186,0.304554,-4.936077,55.739777,-2.372219,0.011929,0.925702,-0.107457,0.362472,-15.84941,12.239281,-5.59483,-0.111178,0.789903,0.003014,0.603062,2.808654,89.126915,25.26454,0.049391,-0.599912,0.071969,-0.79529,9.198895,54.363846,29.87458,0.028093,0.804868,-0.075745,0.587929,6.716316,10.084823,37.289703,0.011929,0.925702,-0.107457,0.362472,-7.109918,3.421435,-14.424908,0.028093,0.804868,-0.075745,0.587929,19.073162,1.940155,33.673599
825,6.875,-0.019158,0.881191,0.037009,0.470921,-2.37548,89.137093,17.525482,-0.00947,0.877686,0.058034,0.475616,-2.899862,96.75235,17.886023,-0.011685,0.876778,0.050943,0.478047,-4.133285,113.806107,19.480728,0.113846,0.92975,-0.081602,0.340507,-5.531319,133.899429,21.05983,0.095524,0.955252,-0.233382,0.1546,-0.52513,147.350189,18.581095,-0.015465,0.818512,0.097582,0.56593,-7.993667,127.691666,17.898972,0.284857,-0.378168,0.255676,-0.842897,-14.948156,129.340988,-0.108008,0.244841,-0.108999,-0.460565,-0.846198,0.513285,112.203407,-13.146859,0.362547,0.035772,-0.635671,-0.68059,13.408107,129.163895,-22.724443,-0.1326,0.91847,0.08251,0.363348,-3.951779,127.481522,24.151485,0.332198,0.877507,0.063305,-0.340027,9.625075,131.038849,37.506287,-0.022158,0.315025,0.52032,-0.793433,24.15378,116.724625,20.571596,0.113987,0.087386,0.6792,-0.719762,18.117872,136.214355,9.503696,0.055514,0.848811,0.168215,0.498138,-7.554506,89.147278,9.777811,0.127495,0.943946,-0.003153,0.304469,-4.940022,55.739319,-2.372571,0.01191,0.925708,-0.10743,0.362466,-15.849125,12.237803,-5.595759,-0.111172,0.789957,0.003005,0.602992,2.803547,89.126915,25.273153,0.049317,-0.600134,0.071892,-0.795134,9.193456,54.363747,29.882925,0.028029,0.804877,-0.075699,0.587927,6.714427,10.083058,37.289307,0.01191,0.925708,-0.10743,0.362466,-7.109326,3.420752,-14.426327,0.028029,0.804877,-0.075699,0.587927,19.072475,1.940335,33.672939
826,6.883333,-0.020708,0.881092,0.037736,0.470983,-2.337587,89.102104,17.522041,-0.00918,0.877748,0.058452,0.475455,-2.888078,96.715584,17.88114,-0.012098,0.876871,0.050673,0.477894,-4.122987,113.819328,19.49823,0.114137,0.929691,-0.081359,0.340629,-5.53014,133.913345,21.060059,0.09535,0.955237,-0.233441,0.154712,-0.518084,147.363785,18.591389,-0.015407,0.818533,0.097484,0.565919,-7.990493,127.701637,17.90543,0.284918,-0.378224,0.25576,-0.842826,-14.94557,129.350586,-0.101359,0.244734,-0.109336,-0.460556,-0.846191,0.511384,112.208176,-13.139163,0.362347,0.035456,-0.635688,-0.680697,13.403755,129.165619,-22.728052,-0.132352,0.918415,0.082556,0.363568,-3.946583,127.49894,24.156881,0.332442,0.877455,0.063357,-0.339912,9.626612,131.045837,37.518185,-0.02165,0.314732,0.520424,-0.793495,24.150845,116.721725,20.587999,0.11441,0.087202,0.679939,-0.71902,18.112169,136.206573,9.519248,0.05592,0.849238,0.168376,0.49731,-7.51438,89.093292,9.772878,0.127598,0.943923,-0.003878,0.304488,-4.930441,55.692436,-2.403522,0.0123,0.925617,-0.105226,0.363332,-15.867874,12.193746,-5.568271,-0.110911,0.789943,0.002628,0.603061,2.839206,89.110909,25.271208,0.049248,-0.600078,0.071924,-0.795178,9.198126,54.343449,29.891464,0.027807,0.804991,-0.074994,0.587871,6.712545,10.06256,37.294434,0.0123,0.925617,-0.105226,0.363332,-7.102794,3.424181,-14.421039,0.027807,0.804991,-0.074994,0.587871,19.079435,1.93771,33.668106
827,6.891667,-0.020714,0.88111,0.037751,0.470947,-2.341394,89.105011,17.527899,-0.009321,0.877687,0.058203,0.475595,-2.892065,96.718475,17.887182,-0.011716,0.876778,0.050946,0.478045,-4.127018,113.817451,19.493734,0.113831,0.929715,-0.08147,0.340639,-5.526193,133.910721,21.072344,0.09537,0.955253,-0.233275,0.154851,-0.521051,147.362656,18.597773,-0.015313,0.818461,0.097557,0.566012,-7.988189,127.702759,17.91164,0.284928,-0.378266,0.255828,-0.842783,-14.93929,129.356689,-0.096226,0.244581,-0.109554,-0.460681,-0.846139,0.514099,112.210953,-13.133885,0.362243,0.035222,-0.635743,-0.680713,13.399771,129.171783,-22.72998,-0.132391,0.9184,0.082517,0.3636,-3.946288,127.492989,24.164158,0.332415,0.877548,0.063587,-0.339656,9.62562,131.041641,37.526302,-0.021436,0.3147,0.520252,-0.793626,24.160046,116.720428,20.602419,0.11437,0.087289,0.680002,-0.718955,18.112328,136.198288,9.527965,0.055918,0.849304,0.168467,0.497166,-7.51881,89.096207,9.77915,0.127595,0.943977,-0.003867,0.304322,-4.933505,55.697514,-2.402908,0.01236,0.925634,-0.105189,0.363297,-15.870899,12.198726,-5.56653,-0.110892,0.789865,0.002661,0.603165,2.836021,89.113815,25.276649,0.049287,-0.599827,0.071862,-0.795371,9.194738,54.346077,29.8951,0.027352,0.80508,-0.075305,0.587731,6.713337,10.064742,37.296783,0.01236,0.925634,-0.105189,0.363297,-7.107183,3.429412,-14.420894,0.027352,0.80508,-0.075305,0.587731,19.081577,1.940565,33.673557
828,6.9,-0.020887,0.881133,0.03778,0.470893,-2.339198,89.113213,17.535982,-0.009084,0.877707,0.05824,0.475558,-2.892373,96.726532,17.894436,-0.011989,0.87678,0.050841,0.478046,-4.120695,113.8255,19.506056,0.11402,0.929616,-0.081672,0.340798,-5.527524,133.918945,21.075682,0.09523,0.95527,-0.233092,0.15511,-0.514991,147.367691,18.598808,-0.015056,0.818386,0.097554,0.566128,-7.987073,127.708641,17.91766,0.284965,-0.378326,0.255987,-0.842695,-14.933407,129.371124,-0.091267,0.244481,-0.109792,-0.460716,-0.846118,0.513294,112.217834,-13.12695,0.362114,0.035022,-0.635806,-0.680733,13.396064,129.178711,-22.731363,-0.132159,0.918396,0.082571,0.363683,-3.945288,127.503181,24.170399,0.332522,0.877552,0.063557,-0.339547,9.626654,131.042511,37.534988,-0.021479,0.314794,0.520293,-0.793561,24.16124,116.71537,20.616262,0.114385,0.087386,0.679802,-0.71913,18.118032,136.194534,9.539993,0.056024,0.848386,0.169477,0.498378,-7.517421,89.101776,9.787773,0.128148,0.943503,-0.004358,0.305551,-4.884397,55.728256,-2.452921,0.011997,0.925207,-0.106237,0.364091,-15.877217,12.242561,-5.604379,-0.110763,0.789702,0.002712,0.603403,2.839025,89.124649,25.284189,0.049297,-0.599739,0.071805,-0.795442,9.191379,54.354889,29.896152,0.027719,0.804955,-0.075193,0.587899,6.713683,10.072899,37.295189,0.011997,0.925207,-0.106237,0.364091,-7.098088,3.453379,-14.42371,0.027719,0.804955,-0.075193,0.587899,19.080082,1.945387,33.673134
829,6.908333,-0.020681,0.881167,0.037774,0.47084,-2.349584,89.115616,17.538366,-0.008803,0.877705,0.058116,0.475583,-2.899931,96.729073,17.898262,-0.011833,0.876751,0.050945,0.478093,-4.117571,113.825897,19.51045,0.114268,0.929613,-0.081437,0.340779,-5.520945,133.919067,21.086689,0.094991,0.955332,-0.233075,0.1549,-0.504164,147.367783,18.618324,-0.015038,0.818306,0.09764,0.566229,-7.981318,127.710258,17.926365,0.284918,-0.378456,0.256023,-0.842642,-14.923191,129.375641,-0.084004,0.244312,-0.109932,-0.46082,-0.846092,0.517276,112.220451,-13.124532,0.362014,0.034825,-0.635984,-0.68063,13.394722,129.184998,-22.732321,-0.131831,0.918478,0.08172,0.363786,-3.940137,127.501976,24.179398,0.332599,0.877562,0.063575,-0.339444,9.632252,131.041748,37.543407,-0.021547,0.31485,0.520274,-0.793549,24.167852,116.710815,20.628763,0.114321,0.087546,0.679562,-0.719348,18.125572,136.189484,9.552542,0.055905,0.848374,0.169539,0.49839,-7.528902,89.10746,9.790888,0.128149,0.943538,-0.004287,0.305445,-4.886343,55.734489,-2.449242,0.012316,0.925168,-0.106238,0.364179,-15.87761,12.248752,-5.605499,-0.110883,0.789652,0.002733,0.603447,2.829733,89.123779,25.285843,0.049241,-0.599743,0.071747,-0.795447,9.189372,54.355919,29.902098,0.027714,0.804906,-0.075018,0.587988,6.712846,10.072681,37.294079,0.012316,0.925168,-0.106238,0.364179,-7.101232,3.456479,-14.424483,0.027714,0.804906,-0.075018,0.587988,19.081825,1.948896,33.672489
830,6.916667,-0.020583,0.881172,0.037741,0.470838,-2.353477,89.116737,17.540623,-0.008971,0.877663,0.057951,0.475677,-2.90226,96.730293,17.900776,-0.011373,0.8767,0.051214,0.478169,-4.121946,113.820282,19.504404,0.114201,0.929641,-0.081423,0.340729,-5.514384,133.912766,21.098923,0.094845,0.955385,-0.232932,0.154875,-0.499666,147.362137,18.629913,-0.015071,0.818325,0.097478,0.566229,-7.977788,127.708229,17.932573,0.28492,-0.378533,0.255826,-0.842666,-14.919665,129.369003,-0.078218,0.244149,-0.110009,-0.460949,-0.846058,0.52307,112.221077,-13.125619,0.361981,0.034442,-0.636,-0.680652,13.394739,129.19075,-22.734678,-0.132125,0.918308,0.082523,0.363929,-3.937539,127.491966,24.185938,0.33251,0.877628,0.063764,-0.339323,9.62781,131.029541,37.557667,-0.021547,0.314986,0.520322,-0.793464,24.170851,116.704575,20.644388,0.114451,0.087516,0.679318,-0.719562,18.135118,136.182144,9.564983,0.055996,0.848352,0.169431,0.498454,-7.532904,89.109886,9.793218,0.127893,0.943767,-0.004192,0.304845,-4.898786,55.735027,-2.443592,0.012471,0.925353,-0.105942,0.36379,-15.868124,12.243321,-5.593903,-0.110886,0.789642,0.002728,0.603459,2.82595,89.123581,25.288027,0.049237,-0.599878,0.07171,-0.795349,9.185431,54.355766,29.904842,0.027619,0.804938,-0.075067,0.587944,6.712512,10.072017,37.294949,0.012471,0.925353,-0.105942,0.36379,-7.100243,3.456011,-14.426273,0.027619,0.804938,-0.075067,0.587944,19.08176,1.948674,33.67329
831,6.925,-0.020463,0.881194,0.037721,0.470803,-2.35816,89.11702,17.541765,-0.009021,0.877581,0.057992,0.475822,-2.905181,96.730675,17.902548,-0.011041,0.876597,0.051323,0.478352,-4.126875,113.814667,19.505865,0.114153,0.929645,-0.081494,0.340716,-5.509984,133.907013,21.110359,0.094726,0.955468,-0.232691,0.154798,-0.495932,147.356186,18.638939,-0.014945,0.818274,0.097531,0.566296,-7.975245,127.705345,17.939823,0.284856,-0.378567,0.255755,-0.842694,-14.914307,129.371567,-0.071551,0.244067,-0.110147,-0.461008,-0.846033,0.528984,112.227188,-13.122961,0.362049,0.034141,-0.636047,-0.680587,13.396634,129.197372,-22.736202,-0.132019,0.918329,0.082588,0.363897,-3.937497,127.48381,24.194618,0.332465,0.877681,0.06375,-0.339233,9.62982,131.016922,37.565536,-0.021557,0.31513,0.520206,-0.793482,24.177711,116.692543,20.655909,0.114215,0.08761,0.679337,-0.71957,18.140463,136.167023,9.570861,0.055964,0.84834,0.169448,0.498472,-7.538294,89.111938,9.79483,0.127832,0.943713,-0.004215,0.305035,-4.9014,55.737244,-2.441816,0.011278,0.925514,-0.106243,0.36333,-15.865667,12.244159,-5.590682,-0.110947,0.789771,0.002717,0.603278,2.821975,89.122101,25.288698,0.049212,-0.599833,0.071684,-0.795386,9.185421,54.355247,29.907278,0.027289,0.805013,-0.075297,0.587826,6.712659,10.070938,37.294102,0.011278,0.925514,-0.106243,0.36333,-7.091995,3.461276,-14.421703,0.027289,0.805013,-0.075297,0.587826,19.082689,1.947983,33.674244
832,6.933333,-0.020326,0.881193,0.037683,0.470814,-2.360598,89.118866,17.54188,-0.008743,0.87764,0.058052,0.475713,-2.905507,96.732643,17.903128,-0.011119,0.876667,0.051335,0.478222,-4.11971,113.818108,19.513102,0.114296,0.929668,-0.081354,0.34064,-5.50557,133.910339,21.116739,0.094597,0.955533,-0.232538,0.154708,-0.489371,147.359558,18.64991,-0.014887,0.818239,0.097563,0.566344,-7.97075,127.708076,17.9473,0.284818,-0.378707,0.255724,-0.842654,-14.907792,129.377045,-0.0646,0.243961,-0.110249,-0.46097,-0.84607,0.530741,112.233261,-13.122426,0.362029,0.033885,-0.635988,-0.680667,13.399938,129.203445,-22.737894,-0.13191,0.918283,0.082662,0.364038,-3.93117,127.487579,24.200949,0.332491,0.877697,0.063498,-0.339214,9.633318,131.01506,37.576233,-0.021695,0.315324,0.520226,-0.793389,24.180971,116.684616,20.671543,0.114124,0.087644,0.679281,-0.719633,18.150034,136.160751,9.583519,0.05597,0.848398,0.169432,0.498378,-7.540646,89.1157,9.794886,0.127813,0.943686,-0.00418,0.305129,-4.906069,55.740654,-2.441307,0.012548,0.925358,-0.106065,0.363739,-15.867496,12.247104,-5.59369,-0.110954,0.789834,0.002786,0.603195,2.819451,89.122025,25.288874,0.049242,-0.599749,0.07171,-0.795446,9.186764,54.355312,29.903212,0.027552,0.804927,-0.075128,0.587953,6.712932,10.071617,37.293331,0.012548,0.925358,-0.106065,0.363739,-7.102492,3.456161,-14.425304,0.027552,0.804927,-0.075128,0.587953,19.082537,1.948088,33.673298
833,6.941667,-0.020217,0.881201,0.037709,0.470801,-2.36072,89.122925,17.54178,-0.008633,0.877609,0.05813,0.475762,-2.90433,96.73674,17.904169,-0.010987,0.876627,0.051386,0.478293,-4.116456,113.820175,19.518057,0.114409,0.929689,-0.081226,0.340575,-5.498762,133.912308,21.125914,0.094429,0.955633,-0.232349,0.154479,-0.481043,147.361694,18.663115,-0.014868,0.818178,0.097743,0.566401,-7.964645,127.711197,17.954746,0.284644,-0.378786,0.255808,-0.842651,-14.8992,129.384964,-0.057667,0.243761,-0.110448,-0.460929,-0.846124,0.533885,112.239769,-13.120069,0.361925,0.033774,-0.635804,-0.680898,13.402985,129.208511,-22.739056,-0.131857,0.918257,0.082738,0.364104,-3.926026,127.488564,24.208941,0.332566,0.877702,0.063608,-0.339108,9.637135,131.012756,37.58643,-0.021906,0.315383,0.520345,-0.793281,24.185987,116.680359,20.684429,0.11396,0.087714,0.679278,-0.719653,18.161921,136.163467,9.599865,0.05596,0.848452,0.169352,0.498316,-7.541075,89.121773,9.794991,0.127769,0.943693,-0.004177,0.305126,-4.909702,55.744709,-2.436381,0.011386,0.925516,-0.106231,0.363324,-15.867406,12.250149,-5.587836,-0.110936,0.789794,0.002722,0.603251,2.819636,89.124069,25.28857,0.049262,-0.599665,0.071655,-0.795513,9.182869,54.357044,29.906174,0.027316,0.804985,-0.075216,0.587874,6.713279,10.072803,37.294441,0.011386,0.925516,-0.106231,0.363324,-7.095322,3.466485,-14.419666,0.027316,0.804985,-0.075216,0.587874,19.084206,1.951125,33.674778
834,6.95,-0.02011,0.881259,0.037943,0.470679,-2.362524,89.131096,17.540421,-0.008451,0.877607,0.058086,0.475775,-2.906332,96.744713,17.906809,-0.010872,0.876591,0.051547,0.478344,-4.111899,113.823509,19.521852,0.114503,0.92976,-0.080946,0.340415,-5.493331,133.91507,21.137556,0.094386,0.955735,-0.232222,0.154062,-0.476364,147.366043,18.681931,-0.014794,0.81816,0.0978,0.566419,-7.959192,127.71537,17.963652,0.284609,-0.378889,0.255763,-0.84263,-14.893016,129.392807,-0.048701,0.243618,-0.110611,-0.46088,-0.846171,0.537115,112.249031,-13.11645,0.361771,0.033606,-0.635635,-0.681147,13.40745,129.216797,-22.739077,-0.131407,0.918279,0.082564,0.364253,-3.921268,127.490028,24.218197,0.33253,0.877751,0.064019,-0.338937,9.642276,131.000305,37.598957,-0.021625,0.315185,0.52059,-0.793207,24.198523,116.675507,20.696873,0.114485,0.087054,0.679368,-0.719565,18.18088,136.160141,9.61494,0.05577,0.848783,0.169095,0.49786,-7.545099,89.133652,9.795118,0.127944,0.943607,-0.003913,0.30532,-4.918157,55.748867,-2.416128,0.011235,0.925324,-0.106452,0.363754,-15.882553,12.258145,-5.597072,-0.110903,0.789736,0.002627,0.603333,2.820051,89.128532,25.285725,0.049311,-0.599401,0.071568,-0.795717,9.176891,54.360962,29.907967,0.027529,0.804839,-0.075007,0.58809,6.713654,10.076037,37.294266,0.011235,0.925324,-0.106452,0.363754,-7.100733,3.471255,-14.416001,0.027529,0.804839,-0.075007,0.58809,19.086016,1.955441,33.677094
835,6.958333,-0.02004,0.881256,0.037968,0.470685,-2.36076,89.136497,17.540281,-0.008333,0.877571,0.058163,0.475833,-2.903809,96.75013,17.907503,-0.010773,0.876544,0.051667,0.47842,-4.107047,113.82679,19.526558,0.114656,0.929761,-0.080862,0.340381,-5.487438,133.917923,21.148273,0.094199,0.955826,-0.232039,0.153884,-0.467384,147.368408,18.696165,-0.014657,0.81815,0.097904,0.56642,-7.953176,127.719376,17.972031,0.283501,-0.378491,0.256075,-0.843088,-14.887151,129.403458,-0.039646,0.242916,-0.111265,-0.460777,-0.846343,0.550534,112.267792,-13.109125,0.36158,0.033274,-0.635239,-0.681634,13.414018,129.225418,-22.738855,-0.130938,0.918404,0.081761,0.364286,-3.916305,127.491829,24.22718,0.332557,0.877749,0.06402,-0.338916,9.651081,130.997284,37.605309,-0.022027,0.315169,0.520501,-0.79326,24.207134,116.671242,20.704119,0.114183,0.087793,0.679442,-0.719453,18.184254,136.161392,9.630685,0.055879,0.848597,0.169133,0.498152,-7.543287,89.140427,9.794946,0.127795,0.943738,-0.004012,0.304978,-4.917307,55.757439,-2.421399,0.011571,0.925474,-0.106357,0.36339,-15.873114,12.263349,-5.585864,-0.110827,0.789735,0.002479,0.603349,2.821767,89.132568,25.28562,0.04935,-0.599298,0.071466,-0.795801,9.167926,54.363728,29.913002,0.027374,0.804953,-0.07508,0.587932,6.713133,10.077847,37.296345,0.011571,0.925474,-0.106357,0.36339,-7.103059,3.475036,-14.415087,0.027374,0.804953,-0.07508,0.587932,19.085196,1.958094,33.676247
836,6.966667,-0.019794,0.881282,0.037894,0.470652,-2.364999,89.142441,17.539429,-0.008138,0.877564,0.058188,0.475846,-2.904192,96.756302,17.907448,-0.010659,0.876523,0.051783,0.478448,-4.101701,113.828896,19.530035,0.114916,0.929805,-0.080796,0.340189,-5.480316,133.919662,21.15803,0.094071,0.955971,-0.231798,0.153424,-0.454892,147.368683,18.708969,-0.014445,0.818171,0.097972,0.566383,-7.946458,127.722336,17.979698,0.283838,-0.378865,0.255987,-0.842834,-14.882292,129.414459,-0.0305,0.24291,-0.111176,-0.460603,-0.846451,0.542755,112.273804,-13.108331,0.361415,0.033067,-0.634879,-0.682066,13.421414,129.236801,-22.738024,-0.131619,0.918199,0.083065,0.364262,-3.909944,127.492439,24.234985,0.3328,0.877698,0.064178,-0.338781,9.651165,131.002762,37.618195,-0.021897,0.315254,0.520719,-0.793087,24.203506,116.668678,20.720625,0.114203,0.08774,0.679617,-0.719291,18.194077,136.1595,9.644454,0.05586,0.848901,0.168709,0.497779,-7.548272,89.149727,9.794599,0.127818,0.943483,-0.003752,0.305758,-4.941908,55.756378,-2.397617,0.011049,0.925314,-0.106506,0.363769,-15.889872,12.262636,-5.593821,-0.110803,0.789705,0.002371,0.603393,2.818274,89.135155,25.28426,0.049398,-0.599142,0.071342,-0.795927,9.15828,54.36591,29.917061,0.027456,0.804898,-0.075153,0.587994,6.713429,10.078854,37.296688,0.011049,0.925314,-0.106506,0.363769,-7.105392,3.476371,-14.410724,0.027456,0.804898,-0.075153,0.587994,19.084381,1.956347,33.678993
837,6.975,-0.019635,0.881303,0.037813,0.470628,-2.365564,89.146332,17.538467,-0.008047,0.877559,0.058264,0.475848,-2.902024,96.760384,17.906557,-0.01047,0.876517,0.051861,0.478455,-4.098001,113.83213,19.532843,0.11521,0.929864,-0.080501,0.339998,-5.47147,133.922714,21.167244,0.093965,0.956091,-0.231685,0.152915,-0.441854,147.371887,18.727566,-0.013855,0.818473,0.097562,0.566032,-7.939209,127.727043,17.986944,0.283548,-0.37873,0.25585,-0.843033,-14.89107,129.427399,-0.016303,0.24273,-0.111672,-0.460251,-0.846629,0.543115,112.297974,-13.098088,0.361068,0.032712,-0.634508,-0.682612,13.428823,129.242294,-22.738277,-0.131526,0.918148,0.083114,0.364413,-3.902734,127.494118,24.242147,0.332774,0.877804,0.064658,-0.338439,9.655068,130.999664,37.629967,-0.021704,0.315315,0.520606,-0.793142,24.220562,116.672348,20.737999,0.1139,0.08767,0.679662,-0.719306,18.207909,136.156158,9.654762,0.055889,0.848896,0.168587,0.497826,-7.54939,89.155487,9.794007,0.127777,0.943546,-0.003674,0.305581,-4.948529,55.759438,-2.391984,0.0108,0.925333,-0.106564,0.363711,-15.891565,12.264705,-5.591622,-0.110786,0.789563,0.002261,0.603582,2.818262,89.137169,25.282925,0.049432,-0.598992,0.071243,-0.796046,9.151494,54.367615,29.922686,0.027599,0.804919,-0.075116,0.587963,6.714092,10.079598,37.298996,0.0108,0.925333,-0.106564,0.363711,-7.105066,3.479514,-14.407584,0.027599,0.804919,-0.075116,0.587963,19.083319,1.955585,33.67878
838,6.983333,-0.019498,0.881323,0.037752,0.470601,-2.365697,89.151375,17.537115,-0.008075,0.877496,0.058356,0.475952,-2.899861,96.765587,17.90539,-0.010121,0.876442,0.051999,0.478585,-4.097859,113.82946,19.533134,0.11522,0.929928,-0.080291,0.339871,-5.461874,133.919769,21.178951,0.0939,0.956181,-0.231573,0.152562,-0.434415,147.37059,18.743996,-0.01364,0.818455,0.097691,0.56604,-7.931828,127.727165,17.994375,0.283655,-0.378899,0.255737,-0.842956,-14.883554,129.437225,-0.008011,0.242582,-0.111831,-0.460127,-0.846718,0.546932,112.309242,-13.096051,0.360759,0.032536,-0.634115,-0.683149,13.435319,129.248245,-22.737682,-0.131475,0.918124,0.083136,0.364488,-3.897104,127.488586,24.250498,0.332778,0.877782,0.064887,-0.338449,9.659108,130.991653,37.640583,-0.02195,0.31562,0.520747,-0.792922,24.224134,116.668678,20.744524,0.113433,0.087825,0.679686,-0.719338,18.225931,136.160385,9.657075,0.05592,0.848613,0.1688,0.498232,-7.550102,89.162231,9.793041,0.127623,0.944213,-0.003739,0.30358,-4.937564,55.771542,-2.40514,0.011087,0.925567,-0.10664,0.363084,-15.876338,12.273323,-5.571823,-0.110746,0.789648,0.002053,0.603479,2.818707,89.140526,25.281191,0.049488,-0.59907,0.071155,-0.795992,9.141345,54.370266,29.930111,0.026465,0.805275,-0.07633,0.587372,6.714012,10.081619,37.305962,0.011087,0.925567,-0.10664,0.363084,-7.107332,3.483009,-14.400092,0.026465,0.805275,-0.07633,0.587372,19.080105,1.950096,33.691883
839,6.991667,-0.019355,0.88134,0.037697,0.470579,-2.366402,89.15696,17.535889,-0.007695,0.877554,0.058391,0.475847,-2.89824,96.771317,17.904465,-0.010264,0.876495,0.052038,0.478479,-4.085189,113.836014,19.539684,0.115489,0.929984,-0.079937,0.339708,-5.454821,133.926041,21.184258,0.093848,0.956276,-0.231464,0.152164,-0.424204,147.37764,18.760153,-0.01333,0.818563,0.097605,0.565907,-7.923637,127.732468,18.00071,0.283625,-0.378977,0.255696,-0.842943,-14.881555,129.449875,0.001429,0.242507,-0.111991,-0.459923,-0.846829,0.54689,112.323318,-13.090855,0.360569,0.032424,-0.633819,-0.683529,13.441965,129.254715,-22.73513,-0.130782,0.91817,0.082245,0.364822,-3.887452,127.495575,24.255951,0.332897,0.877716,0.065022,-0.338475,9.666361,130.985718,37.651817,-0.022146,0.315672,0.520932,-0.792774,24.226215,116.660881,20.752897,0.113125,0.087879,0.679936,-0.719143,18.237928,136.160416,9.66967,0.055869,0.848943,0.168526,0.497769,-7.551281,89.169655,9.792142,0.127554,0.944177,-0.003437,0.303723,-4.95227,55.771957,-2.389753,0.01163,0.925465,-0.106371,0.363408,-15.876571,12.271958,-5.581827,-0.110683,0.789558,0.001976,0.603609,2.818478,89.144272,25.279634,0.049539,-0.598915,0.071028,-0.796117,9.133572,54.373001,29.931206,0.024864,0.805252,-0.076508,0.58745,6.716565,10.083193,37.303459,0.01163,0.925465,-0.106371,0.363408,-7.10708,3.482749,-14.410707,0.024864,0.805252,-0.076508,0.58745,19.10162,1.973286,33.705803
840,7.0,-0.018648,0.881403,0.037391,0.470513,-2.377551,89.175018,17.536757,-0.007676,0.877468,0.05834,0.476011,-2.897637,96.790138,17.906355,-0.00993,0.876369,0.052337,0.478685,-4.082319,113.837982,19.538521,0.115628,0.930054,-0.079601,0.33955,-5.446275,133.927017,21.199789,0.093848,0.956377,-0.231414,0.151604,-0.415726,147.38028,18.784781,-0.013234,0.818521,0.097693,0.565955,-7.915664,127.736977,18.009823,0.283093,-0.378997,0.255963,-0.843032,-14.871568,129.459564,0.010252,0.242146,-0.112136,-0.4598,-0.84698,0.548828,112.330246,-13.087918,0.360484,0.032455,-0.63354,-0.683831,13.448802,129.261688,-22.730446,-0.131169,0.918034,0.083244,0.3648,-3.882307,127.493416,24.266634,0.332901,0.877726,0.065341,-0.338385,9.668205,130.98262,37.666096,-0.022221,0.315737,0.521045,-0.792671,24.23119,116.662857,20.765547,0.112948,0.088011,0.68024,-0.718868,18.250458,136.16478,9.683619,0.055954,0.848706,0.168241,0.498259,-7.564099,89.196579,9.794143,0.127352,0.94401,-0.003273,0.304328,-4.973463,55.792744,-2.372669,0.011778,0.925462,-0.10674,0.363301,-15.874332,12.288001,-5.580167,-0.110689,0.789375,0.002002,0.603847,2.808998,89.15345,25.279369,0.049613,-0.598809,0.070926,-0.796201,9.12417,54.38229,29.931662,0.025688,0.805138,-0.075898,0.58765,6.717454,10.091829,37.303387,0.011778,0.925462,-0.10674,0.363301,-7.111335,3.488777,-14.405521,0.025688,0.805138,-0.075898,0.58765,19.099962,1.981585,33.697723
841,7.008333,-0.018808,0.88142,0.037555,0.470463,-2.372043,89.177689,17.534819,-0.006783,0.877463,0.058676,0.475993,-2.895446,96.792534,17.905491,-0.01061,0.876312,0.05231,0.478778,-4.059752,113.855339,19.563904,0.11611,0.929979,-0.079521,0.339609,-5.447434,133.943924,21.210897,0.093773,0.956446,-0.231363,0.151291,-0.404826,147.393997,18.803249,-0.013289,0.818494,0.097649,0.565999,-7.908735,127.748825,18.024496,0.282964,-0.37921,0.255928,-0.84299,-14.862627,129.468903,0.023903,0.242024,-0.112181,-0.459614,-0.84711,0.550149,112.341103,-13.085224,0.360414,0.032438,-0.633221,-0.684165,13.458427,129.26915,-22.726059,-0.130664,0.918107,0.083267,0.364791,-3.876912,127.514252,24.282639,0.333032,0.877704,0.065708,-0.338244,9.678962,130.985565,37.681328,-0.022069,0.315779,0.521366,-0.792448,24.242392,116.666183,20.780832,0.113219,0.087754,0.68031,-0.71879,18.279024,136.170288,9.69841,0.056068,0.848677,0.168211,0.498306,-7.559352,89.198013,9.792709,0.127361,0.943972,-0.003337,0.304442,-4.975995,55.794365,-2.376175,0.01187,0.925411,-0.106735,0.363429,-15.879047,12.289882,-5.579769,-0.110692,0.789546,0.001822,0.603623,2.815267,89.157372,25.276926,0.049516,-0.598703,0.070858,-0.796293,9.12411,54.386192,29.937685,0.025517,0.805065,-0.076043,0.587738,6.715995,10.094002,37.298546,0.01187,0.925411,-0.106735,0.363429,-7.114682,3.48997,-14.403079,0.025517,0.805065,-0.076043,0.587738,19.100128,1.983549,33.698933
842,7.016667,-0.018583,0.881403,0.037521,0.470506,-2.368077,89.186142,17.52795,-0.007054,0.877325,0.058665,0.476244,-2.888223,96.801147,17.899769,-0.009825,0.876156,0.052787,0.479028,-4.060024,113.849487,19.551676,0.116266,0.93004,-0.079047,0.3395,-5.429609,133.936691,21.230343,0.093484,0.956537,-0.231418,0.150807,-0.387651,147.389359,18.835903,-0.013669,0.818035,0.098396,0.566524,-7.895157,127.749046,18.032745,0.281443,-0.378997,0.256652,-0.843375,-14.825612,129.475708,0.023748,0.241109,-0.112346,-0.459857,-0.847217,0.576051,112.344086,-13.093445,0.360628,0.03259,-0.633272,-0.683997,13.469061,129.282959,-22.722115,-0.130859,0.918032,0.083331,0.364896,-3.866667,127.500603,24.2925,0.33291,0.877746,0.065711,-0.338252,9.684285,130.977219,37.694786,-0.022362,0.315846,0.521466,-0.792347,24.251707,116.662827,20.793528,0.113324,0.087952,0.680387,-0.718676,18.295597,136.171097,9.718155,0.056106,0.848655,0.167991,0.498413,-7.554781,89.209908,9.785447,0.127442,0.943783,-0.003272,0.304993,-4.980212,55.801285,-2.371628,0.012125,0.925258,-0.10691,0.36376,-15.886318,12.298614,-5.589373,-0.11059,0.789339,0.001699,0.603913,2.818628,89.162376,25.270452,0.049601,-0.598554,0.070771,-0.796407,9.114865,54.389572,29.93606,0.02584,0.804956,-0.07603,0.587876,6.716119,10.09703,37.297863,0.012125,0.925258,-0.10691,0.36376,-7.119822,3.492457,-14.404331,0.02584,0.804956,-0.07603,0.587876,19.097725,1.981884,33.700134
843,7.025,-0.018463,0.881426,0.037424,0.470476,-2.36275,89.187172,17.522499,-0.00682,0.877318,0.058767,0.47625,-2.880577,96.802353,17.893888,-0.009901,0.876126,0.052968,0.479062,-4.046711,113.846222,19.552261,0.116297,0.930096,-0.078819,0.339387,-5.422542,133.932587,21.235775,0.093544,0.956635,-0.231156,0.150551,-0.382275,147.386871,18.846846,-0.013605,0.818096,0.098628,0.566397,-7.88592,127.744995,18.036421,0.28149,-0.379058,0.256526,-0.84337,-14.822012,129.478271,0.030231,0.240933,-0.112426,-0.459818,-0.847278,0.580628,112.350464,-13.090807,0.360273,0.032662,-0.632868,-0.684554,13.473103,129.287262,-22.717714,-0.130747,0.917952,0.083323,0.365138,-3.85793,127.496216,24.296482,0.332798,0.877793,0.065867,-0.338211,9.687291,130.967773,37.705868,-0.022637,0.316054,0.521495,-0.792238,24.260122,116.660454,20.803284,0.112989,0.088177,0.680492,-0.718602,18.311497,136.17131,9.728628,0.056158,0.848671,0.167882,0.498417,-7.550074,89.212013,9.780416,0.127276,0.94398,-0.003248,0.304455,-4.982533,55.801212,-2.372151,0.012095,0.925423,-0.106868,0.363353,-15.875998,12.29473,-5.581171,-0.110712,0.789488,0.001483,0.603697,2.824574,89.162323,25.264582,0.049542,-0.598426,0.07072,-0.796511,9.119533,54.391384,29.945862,0.025596,0.805115,-0.076354,0.587627,6.720026,10.097668,37.300365,0.012095,0.925423,-0.106868,0.363353,-7.117218,3.489491,-14.404711,0.025596,0.805115,-0.076354,0.587627,19.099184,1.979534,33.700962
844,7.033333,-0.018408,0.881462,0.037387,0.470414,-2.355626,89.189995,17.515585,-0.006755,0.877462,0.058912,0.475966,-2.872414,96.805252,17.886908,-0.009802,0.876321,0.052932,0.478711,-4.038583,113.8507,19.551281,0.116568,0.930209,-0.078329,0.339098,-5.409568,133.937317,21.235966,0.093516,0.956737,-0.230975,0.150201,-0.367835,147.393448,18.860609,-0.013451,0.818123,0.098702,0.566349,-7.876608,127.75016,18.038589,0.282534,-0.379515,0.25621,-0.842912,-14.814975,129.489731,0.033882,0.241362,-0.112039,-0.459766,-0.847235,0.577894,112.354515,-13.08893,0.360156,0.032626,-0.632753,-0.684724,13.482126,129.297684,-22.713036,-0.130708,0.917795,0.083634,0.365476,-3.843593,127.500656,24.295385,0.332962,0.877728,0.066031,-0.338185,9.692459,130.964539,37.716015,-0.022822,0.316207,0.521729,-0.792017,24.260468,116.653587,20.812342,0.112762,0.08831,0.680586,-0.718532,18.327374,136.171539,9.73946,0.056109,0.849109,0.1674,0.497838,-7.544076,89.215363,9.774258,0.127314,0.943986,-0.002862,0.304422,-4.999379,55.792641,-2.350324,0.011854,0.925316,-0.106892,0.363625,-15.885557,12.286809,-5.592713,-0.110656,0.789554,0.001033,0.603622,2.832824,89.164627,25.256914,0.04949,-0.598553,0.070535,-0.796436,9.105761,54.392719,29.960554,0.02577,0.805127,-0.076226,0.58762,6.717752,10.096187,37.301853,0.011854,0.925316,-0.106892,0.363625,-7.117853,3.483613,-14.409429,0.02577,0.805127,-0.076226,0.58762,19.095886,1.977929,33.6992
845,7.041667,-0.018522,0.881456,0.037444,0.470415,-2.348947,89.185654,17.509247,-0.006325,0.877474,0.059188,0.475916,-2.867679,96.800781,17.880529,-0.009995,0.876333,0.052832,0.478696,-4.026109,113.857162,19.561455,0.116869,0.930224,-0.077943,0.339043,-5.401956,133.944031,21.238943,0.093531,0.956818,-0.230828,0.1499,-0.356061,147.400848,18.876318,-0.013356,0.818104,0.098728,0.566375,-7.867543,127.755127,18.043831,0.281649,-0.379316,0.25632,-0.843263,-14.804882,129.498383,0.039084,0.240846,-0.112238,-0.459733,-0.847373,0.592983,112.374237,-13.092288,0.359997,0.03266,-0.632755,-0.684805,13.490377,129.311447,-22.708937,-0.130488,0.917753,0.083876,0.365606,-3.834365,127.508865,24.300652,0.332916,0.877726,0.06592,-0.338258,9.700232,130.960876,37.725811,-0.022886,0.316006,0.521867,-0.792004,24.267206,116.65033,20.820902,0.113006,0.088151,0.681216,-0.717916,18.33499,136.17366,9.757325,0.056177,0.849193,0.167308,0.497719,-7.537296,89.209671,9.767847,0.127171,0.944223,-0.002878,0.303746,-5.001691,55.785294,-2.354059,0.011607,0.925476,-0.10675,0.363269,-15.878731,12.276205,-5.58341,-0.110606,0.789375,0.000519,0.603865,2.839401,89.161644,25.250648,0.04944,-0.598386,0.070265,-0.796588,9.086039,54.388893,29.982931,0.025791,0.805206,-0.076583,0.587463,6.712973,10.08851,37.30574,0.011607,0.925476,-0.10675,0.363269,-7.11399,3.478413,-14.408462,0.025791,0.805206,-0.076583,0.587463,19.085953,1.962474,33.702911
846,7.05,-0.018326,0.881433,0.037344,0.470474,-2.341604,89.193451,17.500282,-0.006065,0.877412,0.059382,0.47601,-2.85701,96.8088,17.87159,-0.010058,0.876249,0.053063,0.478823,-4.010041,113.851334,19.561138,0.117036,0.930248,-0.077593,0.338998,-5.39283,133.937164,21.245325,0.093511,0.956917,-0.230622,0.149596,-0.345936,147.395462,18.893225,-0.01316,0.818084,0.099029,0.566356,-7.855462,127.748611,18.047268,0.281996,-0.379364,0.255997,-0.843224,-14.793857,129.504639,0.044173,0.241077,-0.11204,-0.459938,-0.847222,0.610825,112.387726,-13.088661,0.36009,0.032734,-0.633119,-0.684415,13.502174,129.331772,-22.704489,-0.130469,0.917695,0.083915,0.365748,-3.824111,127.501419,24.305229,0.332534,0.877894,0.066189,-0.338145,9.706667,130.951416,37.734749,-0.022936,0.315799,0.521672,-0.792214,24.291191,116.660118,20.828693,0.113104,0.088064,0.681346,-0.717788,18.344334,136.178802,9.772438,0.056254,0.849227,0.167063,0.497733,-7.529053,89.219849,9.758288,0.127099,0.944308,-0.002779,0.303515,-5.006813,55.790257,-2.352016,0.011975,0.925492,-0.106778,0.363207,-15.875948,12.279471,-5.585124,-0.110494,0.789328,0.000304,0.603947,2.845846,89.167053,25.242277,0.049602,-0.597917,0.07014,-0.796942,9.076571,54.392529,29.982498,0.025565,0.80524,-0.07635,0.587457,6.716919,10.091993,37.308758,0.011975,0.925492,-0.106778,0.363207,-7.117938,3.47736,-14.412549,0.025565,0.80524,-0.07635,0.587457,19.094828,1.974277,33.704121
847,7.058333,-0.018726,0.881443,0.037498,0.470427,-2.324294,89.194038,17.495619,-0.006489,0.87732,0.059224,0.476194,-2.846166,96.80899,17.86614,-0.009342,0.876122,0.053654,0.479003,-4.009142,113.843086,19.542894,0.116679,0.930448,-0.077241,0.338655,-5.378358,133.926941,21.261536,0.093829,0.957033,-0.23036,0.149057,-0.345279,147.390976,18.91272,-0.01298,0.818002,0.099344,0.566424,-7.844234,127.745689,18.051861,0.282158,-0.379596,0.256143,-0.843021,-14.779818,129.514603,0.048943,0.241047,-0.111812,-0.460004,-0.847225,0.611584,112.387207,-13.085793,0.360062,0.03275,-0.633301,-0.684261,13.511408,129.348358,-22.699347,-0.130684,0.917674,0.084109,0.365679,-3.815247,127.484764,24.310785,0.33227,0.877955,0.066307,-0.338223,9.71531,130.939774,37.739243,-0.023516,0.315542,0.521799,-0.792216,24.306353,116.662086,20.827305,0.113586,0.088524,0.681318,-0.717682,18.357607,136.195587,9.793575,0.056428,0.849372,0.166982,0.497495,-7.512285,89.215179,9.753971,0.127109,0.944354,-0.002838,0.303367,-5.006835,55.785034,-2.358302,0.011776,0.925512,-0.106698,0.363186,-15.878853,12.274495,-5.585009,-0.110178,0.789035,-0.000115,0.604387,2.863696,89.172897,25.237268,0.049746,-0.597401,0.069885,-0.797342,9.056288,54.393398,29.990906,0.027036,0.805097,-0.075529,0.587693,6.717809,10.090944,37.312359,0.011776,0.925512,-0.106698,0.363186,-7.11796,3.476147,-14.413327,0.027036,0.805097,-0.075529,0.587693,19.087482,1.967093,33.693291
848,7.066667,-0.018882,0.881441,0.037523,0.470423,-2.310795,89.200417,17.487549,-0.006465,0.877291,0.059449,0.476219,-2.834942,96.815247,17.857283,-0.009121,0.876092,0.05387,0.479038,-4.000841,113.847412,19.54105,0.117138,0.930416,-0.077131,0.338607,-5.366481,133.930496,21.271534,0.09353,0.957159,-0.230103,0.148835,-0.322631,147.391754,18.929897,-0.012485,0.81832,0.099003,0.566034,-7.833292,127.751602,18.058037,0.283013,-0.379801,0.255368,-0.842878,-14.786476,129.5271,0.062561,0.241655,-0.111654,-0.459885,-0.847138,0.61771,112.416039,-13.078459,0.359983,0.032822,-0.633403,-0.684204,13.520641,129.364395,-22.694298,-0.130648,0.917633,0.084368,0.365737,-3.804739,127.486229,24.317053,0.332372,0.877832,0.066457,-0.338412,9.72454,130.935913,37.748165,-0.023941,0.315444,0.522097,-0.792046,24.305214,116.659019,20.826628,0.113289,0.088611,0.68167,-0.717384,18.367517,136.207169,9.808709,0.056513,0.849434,0.166855,0.497421,-7.498757,89.219208,9.745879,0.12727,0.94424,-0.002851,0.303652,-5.004103,55.786739,-2.362221,0.011903,0.925345,-0.106831,0.363568,-15.888932,12.279892,-5.595469,-0.110088,0.789093,-0.000656,0.604328,2.877167,89.181618,25.229221,0.049731,-0.597182,0.069636,-0.797528,9.041816,54.400738,30.008978,0.027641,0.805055,-0.075406,0.587738,6.718233,10.095021,37.315414,0.011903,0.925345,-0.106831,0.363568,-7.122738,3.477576,-14.414562,0.027641,0.805055,-0.075406,0.587738,19.082005,1.964238,33.691757
849,7.075,-0.018858,0.881444,0.037618,0.47041,-2.299703,89.20871,17.475235,-0.005923,0.877317,0.059935,0.476117,-2.82421,96.823448,17.846422,-0.009485,0.876127,0.053726,0.478984,-3.982126,113.862518,19.554636,0.117313,0.930468,-0.076431,0.338564,-5.357734,133.945938,21.273073,0.09385,0.957146,-0.230228,0.148521,-0.315788,147.411316,18.951178,-0.012518,0.818252,0.099104,0.566114,-7.821708,127.76387,18.063532,0.281468,-0.379286,0.256336,-0.843333,-14.771327,129.540863,0.066821,0.240649,-0.112271,-0.459893,-0.847338,0.627315,112.419128,-13.066805,0.359729,0.032794,-0.633211,-0.684517,13.527502,129.375687,-22.689564,-0.130353,0.917593,0.084636,0.365879,-3.792484,127.504311,24.322363,0.332286,0.877802,0.066386,-0.338589,9.735736,130.939041,37.758373,-0.024153,0.315241,0.522138,-0.792093,24.313061,116.666031,20.830679,0.113009,0.088318,0.68213,-0.717027,18.370523,136.222641,9.823024,0.056917,0.849424,0.166338,0.497564,-7.487901,89.228714,9.733723,0.127145,0.94377,-0.002894,0.305163,-5.034335,55.787231,-2.35786,0.011734,0.925202,-0.10679,0.36395,-15.90479,12.277553,-5.601448,-0.109861,0.788705,-0.001254,0.604875,2.888496,89.188705,25.216747,0.049852,-0.596969,0.069276,-0.797712,9.011529,54.404346,30.024641,0.02742,0.805131,-0.075513,0.587631,6.718182,10.095223,37.319935,0.011734,0.925202,-0.10679,0.36395,-7.128063,3.478157,-14.41298,0.02742,0.805131,-0.075513,0.587631,19.082624,1.965626,33.695911
850,7.083333,-0.019009,0.881757,0.036683,0.469891,-2.308617,89.195641,17.488995,-0.00562,0.877406,0.05959,0.476,-2.828233,96.811348,17.846834,-0.0094,0.876106,0.053913,0.479002,-3.971861,113.862183,19.550804,0.117804,0.930418,-0.076231,0.338575,-5.34811,133.94487,21.277445,0.093622,0.957247,-0.22999,0.148385,-0.295128,147.407883,18.965809,-0.012362,0.8182,0.099328,0.566153,-7.811779,127.764038,18.065264,0.282354,-0.379526,0.255727,-0.843113,-14.759832,129.551071,0.06894,0.241108,-0.111937,-0.460021,-0.847182,0.645696,112.438118,-13.068074,0.359771,0.032703,-0.633372,-0.684351,13.539858,129.392502,-22.685125,-0.129895,0.917572,0.084625,0.366098,-3.782799,127.502022,24.324148,0.331676,0.87804,0.066712,-0.338505,9.743832,130.919785,37.76609,-0.024525,0.315131,0.521713,-0.792405,24.345654,116.676483,20.834465,0.112621,0.088616,0.682209,-0.716976,18.379602,136.229309,9.835373,0.056685,0.849553,0.166872,0.497193,-7.505809,89.204506,9.753495,0.127125,0.943807,-0.003014,0.305056,-5.024144,55.773819,-2.36218,0.011657,0.925376,-0.106542,0.363582,-15.896559,12.263745,-5.593805,-0.109728,0.788654,-0.001508,0.604964,2.888576,89.186768,25.224491,0.049908,-0.596732,0.069032,-0.797906,8.992778,54.400383,30.041636,0.026969,0.805337,-0.076147,0.587287,6.717609,10.088727,37.327217,0.011657,0.925376,-0.106542,0.363582,-7.124873,3.470483,-14.416471,0.026969,0.805337,-0.076147,0.587287,19.078314,1.95295,33.704311
851,7.091667,-0.018975,0.881751,0.036455,0.469921,-2.301267,89.199089,17.481203,-0.005299,0.877384,0.059841,0.476013,-2.818806,96.815071,17.836203,-0.009518,0.876075,0.054004,0.479046,-3.95603,113.852325,19.551661,0.117713,0.930487,-0.075716,0.338534,-5.338312,133.934525,21.279167,0.093863,0.957282,-0.229846,0.148227,-0.292462,147.402313,18.979784,-0.01191,0.818137,0.099707,0.566188,-7.799809,127.753136,18.066378,0.282251,-0.379398,0.255618,-0.843238,-14.746782,129.563004,0.071919,0.24125,-0.111623,-0.46026,-0.847054,0.666837,112.45723,-13.064949,0.360176,0.032817,-0.633909,-0.683634,13.557443,129.425552,-22.6772,-0.130022,0.917568,0.085039,0.365968,-3.77149,127.491974,24.325724,0.331487,0.878066,0.066817,-0.338603,9.757559,130.908783,37.765472,-0.025297,0.314986,0.521489,-0.792587,24.36253,116.676117,20.827629,0.111939,0.089546,0.682328,-0.716854,18.381012,136.237305,9.849029,0.056696,0.849558,0.166732,0.497229,-7.497964,89.206543,9.745371,0.127097,0.943898,-0.002974,0.304784,-5.021523,55.772625,-2.362454,0.011116,0.925591,-0.107089,0.362891,-15.891445,12.261891,-5.593574,-0.109642,0.788667,-0.001983,0.604962,2.895431,89.191643,25.217035,0.049907,-0.59668,0.068752,-0.79797,8.974407,54.404022,30.057127,0.027556,0.805265,-0.075486,0.587444,6.71866,10.088884,37.327583,0.011116,0.925591,-0.107089,0.362891,-7.129473,3.460833,-14.418122,0.027556,0.805265,-0.075486,0.587444,19.079834,1.957564,33.696278
852,7.1,-0.019008,0.881782,0.036363,0.469869,-2.289694,89.205498,17.471626,-0.00524,0.877364,0.059925,0.47604,-2.806995,96.821564,17.825178,-0.009409,0.876033,0.054274,0.479095,-3.943732,113.85659,19.543903,0.117237,0.930704,-0.074953,0.338272,-5.327503,133.937683,21.282965,0.094701,0.957266,-0.229843,0.147802,-0.30192,147.415329,18.996992,-0.011678,0.818153,0.099825,0.566149,-7.788248,127.758026,18.066305,0.283032,-0.379557,0.255237,-0.84302,-14.737141,129.577667,0.073579,0.241434,-0.111646,-0.460264,-0.846996,0.680391,112.473763,-13.061124,0.35971,0.032892,-0.633495,-0.684259,13.564132,129.431335,-22.673166,-0.129934,0.917497,0.085224,0.366134,-3.760598,127.493462,24.325937,0.331479,0.878081,0.067241,-0.338489,9.764622,130.903641,37.771217,-0.025538,0.314889,0.521515,-0.7926,24.37394,116.678253,20.831017,0.111772,0.089942,0.682292,-0.716865,18.391224,136.243027,9.862309,0.056873,0.849862,0.166371,0.49681,-7.487278,89.211548,9.73639,0.127151,0.944046,-0.002664,0.304306,-5.040534,55.7705,-2.357758,0.013439,0.925091,-0.106782,0.364174,-15.908095,12.260845,-5.611206,-0.109556,0.788816,-0.002586,0.60478,2.90789,89.199448,25.206863,0.049833,-0.596759,0.068519,-0.797935,8.957253,54.410683,30.075731,0.027628,0.805282,-0.075639,0.587398,6.714858,10.092011,37.328732,0.013439,0.925091,-0.106782,0.364174,-7.151129,3.44505,-14.426001,0.027628,0.805282,-0.075639,0.587398,19.073252,1.956403,33.697571
853,7.108333,-0.018949,0.881455,0.037104,0.470426,-2.259421,89.231827,17.441824,-0.005842,0.877159,0.060215,0.476374,-2.781471,96.847092,17.805437,-0.008771,0.875901,0.054897,0.479278,-3.939717,113.851357,19.519611,0.116989,0.930663,-0.07541,0.338368,-5.313291,133.930176,21.292717,0.094768,0.957332,-0.22918,0.148362,-0.289699,147.406204,18.992933,-0.011705,0.817808,0.100471,0.566532,-7.77619,127.757385,18.064529,0.283047,-0.379586,0.255354,-0.842967,-14.708224,129.591965,0.066814,0.241211,-0.111369,-0.460578,-0.846925,0.704968,112.482811,-13.06614,0.359593,0.03309,-0.633598,-0.684216,13.577798,129.455109,-22.665367,-0.130476,0.917358,0.085701,0.366177,-3.750977,127.479889,24.325171,0.331257,0.8782,0.067202,-0.338403,9.767569,130.901688,37.774212,-0.025928,0.314987,0.521433,-0.792603,24.387772,116.683556,20.837322,0.111651,0.090237,0.682311,-0.716828,18.403967,136.251007,9.874354,0.056687,0.849943,0.165654,0.496934,-7.447278,89.245834,9.70007,0.127214,0.944686,-0.002305,0.302292,-5.013586,55.786301,-2.345488,0.013929,0.925248,-0.107239,0.363624,-15.883626,12.277931,-5.607918,-0.109346,0.788658,-0.003355,0.605021,2.928437,89.217819,25.183577,0.049887,-0.596235,0.068045,-0.798364,8.93152,54.42609,30.088457,0.027137,0.805223,-0.076789,0.587352,6.721017,10.102078,37.318592,0.013929,0.925248,-0.107239,0.363624,-7.147741,3.446433,-14.427916,0.027137,0.805223,-0.076789,0.587352,19.074253,1.950602,33.705502
854,7.116667,-0.019054,0.881434,0.036915,0.470477,-2.241737,89.238968,17.435711,-0.005911,0.877109,0.06035,0.476448,-2.763864,96.854385,17.795998,-0.008654,0.875843,0.055172,0.479353,-3.926575,113.85865,19.513039,0.117306,0.93062,-0.075101,0.338446,-5.301498,133.936325,21.297989,0.094641,0.957389,-0.228995,0.148358,-0.272111,147.412201,19.010012,-0.011481,0.817865,0.100712,0.566411,-7.76353,127.765343,18.065674,0.283113,-0.379511,0.255265,-0.843006,-14.701104,129.611832,0.071307,0.24125,-0.111257,-0.460567,-0.846935,0.717543,112.505959,-13.059526,0.3594,0.033239,-0.633785,-0.684137,13.592279,129.479507,-22.655294,-0.130341,0.917304,0.085927,0.366308,-3.73936,127.484299,24.326824,0.331195,0.878232,0.067478,-0.338326,9.776825,130.897385,37.780457,-0.026142,0.314962,0.521479,-0.792575,24.401958,116.686249,20.841946,0.11158,0.09037,0.682136,-0.716989,18.419796,136.257431,9.885813,0.057394,0.849406,0.165738,0.497741,-7.428633,89.249634,9.693306,0.127253,0.943962,-0.002815,0.304522,-5.023041,55.797813,-2.379318,0.014061,0.924941,-0.107545,0.364308,-15.902533,12.29057,-5.625227,-0.109101,0.788909,-0.00393,0.604735,2.945159,89.228294,25.178116,0.049931,-0.596016,0.067764,-0.798549,8.911685,54.43306,30.102617,0.028079,0.805094,-0.075854,0.587607,6.721642,10.106015,37.320366,0.014061,0.924941,-0.107545,0.364308,-7.156277,3.451293,-14.427137,0.028079,0.805094,-0.075854,0.587607,19.074459,1.95908,33.695618
855,7.125,-0.01914,0.881403,0.036874,0.470534,-2.224994,89.244377,17.426622,-0.005908,0.877074,0.060506,0.476493,-2.748003,96.859795,17.785709,-0.008552,0.875806,0.055438,0.479393,-3.913273,113.863647,19.507441,0.117276,0.930647,-0.07452,0.33851,-5.289794,133.940201,21.303675,0.094694,0.957391,-0.228928,0.148419,-0.26614,147.420822,19.031031,-0.011296,0.81758,0.100926,0.566789,-7.751094,127.770889,18.067631,0.282879,-0.379578,0.255482,-0.842988,-14.672229,129.629517,0.068186,0.240913,-0.110999,-0.460756,-0.846962,0.737825,112.517868,-13.065203,0.359206,0.033464,-0.633973,-0.684054,13.607685,129.504868,-22.646204,-0.130369,0.917238,0.086184,0.366403,-3.727464,127.486565,24.328985,0.331091,0.878308,0.067639,-0.3382,9.785734,130.896378,37.786446,-0.026374,0.315135,0.521371,-0.79257,24.419077,116.691223,20.850002,0.111228,0.090635,0.6819,-0.717235,18.436769,136.26181,9.893108,0.057386,0.849518,0.165467,0.497642,-7.410822,89.253334,9.683499,0.126863,0.94421,-0.003017,0.303915,-5.016016,55.795063,-2.373356,0.011471,0.925792,-0.10759,0.362217,-15.870553,12.279004,-5.584421,-0.108974,0.788882,-0.00437,0.60479,2.960833,89.23542,25.169744,0.050011,-0.595735,0.067742,-0.798755,8.901018,54.438473,30.113968,0.027456,0.80543,-0.07667,0.58707,6.714353,10.111875,37.335491,0.011471,0.925792,-0.10759,0.362217,-7.130543,3.462376,-14.4152,0.027456,0.80543,-0.07667,0.58707,19.061956,1.957607,33.709476
856,7.133333,-0.019121,0.88139,0.036809,0.470564,-2.21144,89.248253,17.41713,-0.005427,0.877114,0.060784,0.476389,-2.733749,96.863762,17.775457,-0.009032,0.875849,0.055371,0.479314,-3.889676,113.878044,19.514673,0.117683,0.930607,-0.073959,0.338603,-5.281725,133.954559,21.299376,0.094697,0.957431,-0.228787,0.148375,-0.252146,147.436218,19.046099,-0.01123,0.817536,0.101111,0.56682,-7.73859,127.781441,18.067242,0.28284,-0.379537,0.255412,-0.843041,-14.658417,129.646378,0.067945,0.240866,-0.110691,-0.460815,-0.846984,0.755174,112.538528,-13.066256,0.359097,0.033615,-0.634233,-0.683863,13.624947,129.531036,-22.634256,-0.130361,0.917164,0.086736,0.366461,-3.713951,127.503922,24.328251,0.331216,0.878277,0.067636,-0.338158,9.797684,130.905029,37.789482,-0.026553,0.315261,0.521412,-0.792487,24.428125,116.694344,20.855164,0.110926,0.090925,0.681959,-0.717189,18.451424,136.26741,9.899152,0.057146,0.849498,0.1657,0.497625,-7.396758,89.256966,9.673665,0.12725,0.944608,-0.002928,0.302515,-4.979267,55.80225,-2.388543,0.011913,0.925642,-0.108117,0.362431,-15.868433,12.29499,-5.601602,-0.108827,0.788927,-0.004921,0.604753,2.973877,89.23954,25.160593,0.049998,-0.595448,0.06733,-0.799005,8.882449,54.440678,30.129173,0.027552,0.80531,-0.076809,0.587211,6.721875,10.108951,37.327034,0.011913,0.925642,-0.108117,0.362431,-7.133447,3.462126,-14.421124,0.027552,0.80531,-0.076809,0.587211,19.068367,1.950438,33.706772
857,7.141667,-0.019171,0.881732,0.03599,0.469985,-2.220513,89.238091,17.425842,-0.005162,0.8772,0.060536,0.476266,-2.737388,96.854469,17.773136,-0.00873,0.875828,0.055608,0.47933,-3.882077,113.885414,19.510996,0.117933,0.930705,-0.073112,0.338429,-5.268074,133.961075,21.30987,0.094683,0.957482,-0.228957,0.147788,-0.240278,147.447311,19.080128,-0.011249,0.817541,0.101223,0.566793,-7.726768,127.790985,18.073345,0.283114,-0.379706,0.254927,-0.84302,-14.647768,129.657669,0.074689,0.241058,-0.110267,-0.460877,-0.84695,0.772166,112.563774,-13.07021,0.359229,0.033636,-0.634412,-0.683626,13.640583,129.557846,-22.62384,-0.130346,0.917175,0.086722,0.36644,-3.702287,127.507828,24.334202,0.331299,0.878244,0.06786,-0.338118,9.810071,130.908752,37.794746,-0.026618,0.31529,0.521449,-0.792449,24.439022,116.698685,20.858639,0.11068,0.091125,0.681982,-0.717179,18.465273,136.272186,9.904289,0.057246,0.849867,0.165612,0.497013,-7.415937,89.238289,9.689153,0.126912,0.944464,-0.002819,0.303104,-5.016383,55.782307,-2.373086,0.013902,0.925512,-0.10704,0.363011,-15.872428,12.267282,-5.59299,-0.108683,0.78871,-0.005047,0.605061,2.974911,89.237885,25.162533,0.05011,-0.595099,0.067158,-0.799272,8.868092,54.436874,30.134312,0.027636,0.805323,-0.076593,0.587217,6.722693,10.104081,37.330128,0.013902,0.925512,-0.10704,0.363011,-7.147651,3.440137,-14.428321,0.027636,0.805323,-0.076593,0.587217,19.070229,1.948681,33.706436
858,7.15,-0.019168,0.881767,0.035933,0.469923,-2.20142,89.241196,17.41571,-0.004921,0.877187,0.060649,0.476277,-2.717816,96.857643,17.762291,-0.008971,0.875777,0.055841,0.479392,-3.856777,113.882767,19.506922,0.118238,0.930627,-0.072856,0.338592,-5.255915,133.957214,21.309235,0.094343,0.957588,-0.22856,0.147933,-0.221844,147.442917,19.090349,-0.01101,0.817501,0.101587,0.56679,-7.710086,127.786148,18.071133,0.28296,-0.379687,0.25481,-0.843116,-14.631433,129.668396,0.074227,0.240909,-0.109908,-0.461035,-0.846953,0.792442,112.58181,-13.075577,0.359064,0.0342,-0.634456,-0.683645,13.657421,129.586487,-22.6133,-0.130378,0.917034,0.086774,0.366771,-3.686554,127.50441,24.332664,0.331175,0.878274,0.068101,-0.338113,9.816102,130.90387,37.803314,-0.026531,0.315265,0.521494,-0.792432,24.449591,116.703346,20.863123,0.110743,0.091085,0.682381,-0.716795,18.477655,136.275604,9.908544,0.057038,0.850023,0.165662,0.496753,-7.397934,89.240891,9.679751,0.127118,0.945419,-0.002431,0.300029,-4.987679,55.784382,-2.378917,0.014277,0.925517,-0.10732,0.3629,-15.860889,12.273875,-5.602047,-0.108589,0.788889,-0.005573,0.60484,2.995094,89.241501,25.15167,0.050037,-0.595126,0.067021,-0.799268,8.861813,54.439426,30.147314,0.027455,0.805414,-0.076818,0.587071,6.722465,10.104322,37.330681,0.014277,0.925517,-0.10732,0.3629,-7.145448,3.436546,-14.436417,0.027455,0.805414,-0.076818,0.587071,19.068687,1.947023,33.706787
859,7.158333,-0.01915,0.881399,0.036634,0.47056,-2.164278,89.261261,17.383867,-0.005448,0.877026,0.06133,0.476482,-2.685706,96.876945,17.739641,-0.008561,0.875746,0.056123,0.479423,-3.851894,113.896729,19.495539,0.117978,0.930716,-0.072392,0.338538,-5.242058,133.970184,21.315697,0.094667,0.95757,-0.228482,0.147964,-0.219133,147.461533,19.105961,-0.011026,0.817439,0.101601,0.566876,-7.698896,127.803108,18.072016,0.282465,-0.379579,0.254937,-0.843291,-14.616433,129.685516,0.073665,0.240592,-0.109675,-0.461101,-0.847037,0.808349,112.602463,-13.079654,0.359007,0.034683,-0.634204,-0.683883,13.674301,129.617706,-22.603603,-0.130226,0.916982,0.08703,0.366893,-3.675704,127.513977,24.333426,0.331078,0.878303,0.068199,-0.338114,9.825009,130.903732,37.808464,-0.026717,0.315293,0.521526,-0.792393,24.461906,116.708984,20.866364,0.11072,0.091229,0.682404,-0.716759,18.492561,136.2836,9.916207,0.057443,0.850007,0.164691,0.497057,-7.349636,89.267967,9.640429,0.127029,0.945362,-0.002382,0.300247,-4.994668,55.791916,-2.374846,0.014257,0.92556,-0.107467,0.362748,-15.858385,12.279356,-5.602212,-0.108403,0.788664,-0.006104,0.605163,3.02108,89.254547,25.127304,0.050168,-0.594936,0.067032,-0.799401,8.852546,54.450035,30.147165,0.027923,0.80551,-0.076807,0.58692,6.717743,10.116252,37.340046,0.014257,0.92556,-0.107467,0.362748,-7.146673,3.438735,-14.436962,0.027923,0.80551,-0.076807,0.58692,19.056755,1.951747,33.707821
860,7.166667,-0.019406,0.881582,0.03618,0.470242,-2.157877,89.257515,17.386065,-0.005671,0.87697,0.061009,0.476623,-2.679377,96.87355,17.734077,-0.007966,0.875589,0.056735,0.479647,-3.846844,113.887939,19.475851,0.117806,0.930688,-0.072319,0.338691,-5.228285,133.959015,21.328737,0.094569,0.957582,-0.228236,0.148327,-0.209904,147.452255,19.120224,-0.010778,0.817324,0.101874,0.566998,-7.686554,127.798508,18.073664,0.282132,-0.379635,0.25479,-0.843422,-14.598939,129.695313,0.074846,0.240236,-0.109352,-0.461167,-0.847144,0.82756,112.62294,-13.090319,0.358519,0.035479,-0.634061,-0.684231,13.694178,129.648834,-22.595242,-0.130464,0.916948,0.0871,0.366878,-3.666412,127.497055,24.336454,0.330791,0.878388,0.068305,-0.338152,9.832324,130.894135,37.811626,-0.027216,0.315294,0.521527,-0.792376,24.477909,116.713287,20.865402,0.110521,0.091306,0.682353,-0.716828,18.508173,136.296234,9.926755,0.057392,0.849819,0.165239,0.497202,-7.348629,89.255753,9.646239,0.127223,0.94559,-0.002594,0.299445,-4.968664,55.792152,-2.398782,0.014261,0.925563,-0.107608,0.362698,-15.856999,12.284112,-5.604111,-0.108265,0.788521,-0.006318,0.60537,3.032876,89.259277,25.125889,0.050205,-0.594582,0.066919,-0.799671,8.846183,54.452824,30.153374,0.027995,0.805499,-0.076676,0.586948,6.718283,10.118005,37.341953,0.014261,0.925563,-0.107608,0.362698,-7.147235,3.440178,-14.437469,0.027995,0.805499,-0.076676,0.586948,19.057903,1.955065,33.708275
861,7.175,-0.019508,0.881667,0.036096,0.470086,-2.144793,89.25972,17.381437,-0.005332,0.877017,0.060985,0.476544,-2.667001,96.875786,17.727667,-0.008187,0.875597,0.056783,0.479623,-3.825272,113.913116,19.476683,0.118067,0.930659,-0.071844,0.33878,-5.2154,133.983826,21.327044,0.094602,0.957625,-0.228012,0.148374,-0.194143,147.478546,19.13418,-0.010992,0.817281,0.10193,0.567046,-7.671072,127.821838,18.072821,0.282309,-0.379751,0.254523,-0.843391,-14.581177,129.713287,0.072561,0.240205,-0.109003,-0.461222,-0.847168,0.84784,112.647964,-13.098773,0.358181,0.036052,-0.633895,-0.684532,13.713659,129.677963,-22.58848,-0.129783,0.91685,0.087601,0.367245,-3.650638,127.522919,24.335545,0.330707,0.878407,0.068806,-0.338081,9.844545,130.886978,37.822567,-0.027217,0.315348,0.521494,-0.792376,24.495607,116.718437,20.870789,0.110199,0.091343,0.682169,-0.717048,18.526638,136.297714,9.931494,0.057486,0.849598,0.165494,0.497484,-7.338212,89.255402,9.643403,0.12747,0.945423,-0.002853,0.299865,-4.95069,55.798595,-2.418985,0.01477,0.925444,-0.107609,0.362981,-15.865191,12.296346,-5.613872,-0.108221,0.788538,-0.006664,0.605353,3.048627,89.264038,25.119473,0.050145,-0.59445,0.066839,-0.799779,8.84469,54.457249,30.164412,0.027926,0.805491,-0.076637,0.586968,6.718038,10.120928,37.344055,0.01477,0.925444,-0.107609,0.362981,-7.156899,3.447644,-14.443906,0.027926,0.805491,-0.076637,0.586968,19.05909,1.959881,33.710991
862,7.183333,-0.019702,0.881587,0.036112,0.470226,-2.128554,89.268669,17.37372,-0.005775,0.876885,0.060794,0.476805,-2.653549,96.884605,17.718693,-0.007534,0.875443,0.057419,0.47984,-3.821455,113.906693,19.452772,0.117848,0.930685,-0.071716,0.338813,-5.201256,133.974884,21.337843,0.094606,0.957683,-0.227649,0.148553,-0.186729,147.472336,19.146341,-0.01106,0.817147,0.102354,0.567162,-7.658908,127.819992,18.071693,0.281387,-0.379523,0.25467,-0.843757,-14.563873,129.719116,0.070269,0.239551,-0.108912,-0.461296,-0.847325,0.870353,112.664223,-13.108489,0.357851,0.036436,-0.633809,-0.684764,13.736242,129.707916,-22.583801,-0.1299,0.916806,0.08765,0.367301,-3.641415,127.507828,24.335659,0.330265,0.878557,0.06845,-0.338196,9.850987,130.874939,37.824696,-0.0279,0.315549,0.52139,-0.79234,24.513409,116.718338,20.872746,0.110155,0.091678,0.682054,-0.717122,18.544691,136.305099,9.941944,0.057711,0.849575,0.165248,0.497579,-7.31938,89.261429,9.633949,0.127463,0.945264,-0.002941,0.300367,-4.952984,55.800652,-2.421578,0.014724,0.925438,-0.107665,0.362983,-15.867588,12.298289,-5.614534,-0.108175,0.78862,-0.007123,0.605249,3.062273,89.275917,25.113491,0.05002,-0.594579,0.066665,-0.799706,8.836612,54.468845,30.181477,0.028744,0.805331,-0.075956,0.587237,6.716824,10.129309,37.343288,0.014724,0.925438,-0.107665,0.362983,-7.158927,3.448758,-14.443368,0.028744,0.805331,-0.075956,0.587237,19.056765,1.969615,33.70343
863,7.191667,-0.01965,0.881556,0.036046,0.47029,-2.117035,89.269547,17.364744,-0.005155,0.876953,0.061308,0.476623,-2.640877,96.88559,17.709169,-0.008259,0.875543,0.057071,0.479687,-3.798371,113.908539,19.469299,0.118259,0.930601,-0.071292,0.338989,-5.196739,133.977875,21.328287,0.094538,0.957748,-0.227278,0.148753,-0.174654,147.475174,19.153204,-0.01089,0.816976,0.102515,0.567383,-7.649433,127.816353,18.070934,0.280635,-0.379385,0.254718,-0.844055,-14.544827,129.725372,0.06689,0.239044,-0.108752,-0.461352,-0.847458,0.893651,112.681496,-13.121125,0.357628,0.036811,-0.633744,-0.68492,13.760218,129.736557,-22.581594,-0.129786,0.916759,0.087911,0.367397,-3.629925,127.516266,24.334196,0.330304,0.878533,0.068308,-0.338251,9.860877,130.875046,37.826908,-0.028263,0.315667,0.521518,-0.792196,24.519964,116.714737,20.875172,0.109881,0.091709,0.682089,-0.717126,18.560415,136.309845,9.950168,0.057742,0.849553,0.165211,0.497625,-7.306764,89.262642,9.624238,0.127519,0.945419,-0.002936,0.299856,-4.94296,55.801262,-2.430119,0.014364,0.925426,-0.108085,0.362903,-15.863779,12.30016,-5.619091,-0.108141,0.78856,-0.007403,0.605329,3.072695,89.276443,25.105253,0.050031,-0.594512,0.066563,-0.799764,8.832504,54.469143,30.188135,0.028923,0.805335,-0.075829,0.587239,6.720007,10.128495,37.345173,0.014364,0.925426,-0.108085,0.362903,-7.154089,3.444469,-14.440733,0.028923,0.805335,-0.075829,0.587239,19.058926,1.968592,33.70232
864,7.2,-0.019496,0.881532,0.035945,0.47035,-2.10866,89.269745,17.35487,-0.005318,0.876901,0.061186,0.476732,-2.629723,96.885994,17.699009,-0.007914,0.875481,0.057403,0.479767,-3.791182,113.921722,19.45397,0.118309,0.930591,-0.071096,0.33904,-5.183964,133.989746,21.331255,0.09461,0.957801,-0.226907,0.148928,-0.162148,147.488098,19.162163,-0.011073,0.816879,0.102582,0.567506,-7.637957,127.831947,18.067841,0.276227,-0.377846,0.257035,-0.845497,-14.527789,129.737167,0.061259,0.236744,-0.109882,-0.461273,-0.848001,0.909629,112.681175,-13.112332,0.357672,0.036825,-0.633768,-0.684874,13.782808,129.763535,-22.580685,-0.129608,0.916702,0.088173,0.367539,-3.619507,127.52491,24.331444,0.330263,0.878594,0.068395,-0.338113,9.869049,130.872864,37.829094,-0.028391,0.315686,0.521581,-0.792143,24.534521,116.714462,20.881302,0.109735,0.091451,0.682172,-0.717102,18.578491,136.312714,9.959448,0.057703,0.849524,0.165207,0.497681,-7.297459,89.264534,9.613735,0.12757,0.945521,-0.003026,0.299511,-4.930649,55.802738,-2.438875,0.014746,0.925513,-0.108014,0.362687,-15.859325,12.302864,-5.617627,-0.108164,0.788474,-0.007572,0.605435,3.080138,89.274956,25.096004,0.050023,-0.594458,0.066592,-0.799802,8.833225,54.468189,30.190104,0.028869,0.805392,-0.075866,0.587159,6.717698,10.12781,37.347919,0.014746,0.925513,-0.108014,0.362687,-7.159174,3.444885,-14.446383,0.028869,0.805392,-0.075866,0.587159,19.056152,1.967935,33.703419
865,7.208333,-0.01934,0.881177,0.036572,0.470973,-2.075994,89.285866,17.326473,-0.005531,0.876748,0.06176,0.476937,-2.59971,96.901505,17.679796,-0.007898,0.875432,0.057569,0.479835,-3.776445,113.921143,19.446753,0.118278,0.930604,-0.070783,0.339083,-5.172039,133.988403,21.330074,0.094674,0.957892,-0.226427,0.14903,-0.153685,147.489349,19.169163,-0.010978,0.816785,0.102839,0.567596,-7.624732,127.831314,18.064339,0.279654,-0.379158,0.254265,-0.844619,-14.510663,129.74559,0.057234,0.238527,-0.108369,-0.461358,-0.84765,0.949192,112.737488,-13.151914,0.357533,0.037078,-0.633704,-0.684993,13.810682,129.792191,-22.580681,-0.1296,0.916636,0.088313,0.367673,-3.607263,127.522827,24.328501,0.33013,0.878683,0.068468,-0.337999,9.877567,130.867706,37.830631,-0.028917,0.31599,0.521398,-0.792122,24.551796,116.714859,20.885778,0.10866,0.091458,0.681773,-0.717645,18.595753,136.314407,9.965288,0.058042,0.849438,0.164443,0.49804,-7.253973,89.289261,9.578099,0.127531,0.945584,-0.00298,0.299329,-4.930214,55.812325,-2.440791,0.014675,0.925531,-0.108325,0.36255,-15.854976,12.311518,-5.620275,-0.108114,0.788346,-0.007994,0.605606,3.101984,89.282463,25.074848,0.050008,-0.594438,0.066562,-0.79982,8.832975,54.475403,30.191824,0.029018,0.805353,-0.075927,0.587197,6.718666,10.134518,37.346893,0.014675,0.925531,-0.108325,0.36255,-7.158484,3.447005,-14.446075,0.029018,0.805353,-0.075927,0.587197,19.05505,1.971072,33.703392
866,7.216667,-0.020008,0.881459,0.036353,0.470435,-2.060493,89.264244,17.329832,-0.005494,0.876814,0.061452,0.476855,-2.591407,96.87973,17.675716,-0.007811,0.875386,0.057794,0.479893,-3.763421,113.923943,19.436602,0.118189,0.930551,-0.070748,0.339264,-5.160403,133.990219,21.329414,0.094625,0.957949,-0.22587,0.149541,-0.143976,147.492081,19.169748,-0.011007,0.816602,0.103142,0.567804,-7.612316,127.834557,18.06039,0.279031,-0.379086,0.254325,-0.84484,-14.489058,129.755478,0.050482,0.238219,-0.10815,-0.461363,-0.847762,0.972041,112.755295,-13.167392,0.357541,0.037488,-0.633635,-0.68503,13.837523,129.819275,-22.582943,-0.129601,0.916616,0.088685,0.367632,-3.595653,127.523277,24.32493,0.329919,0.878773,0.068436,-0.337977,9.890328,130.86293,37.827206,-0.029101,0.315707,0.521352,-0.792259,24.572706,116.717659,20.883091,0.108482,0.090935,0.682272,-0.717264,18.605572,136.322998,9.974367,0.058189,0.849532,0.164911,0.497708,-7.247427,89.254288,9.587457,0.127512,0.945885,-0.003425,0.298378,-4.920245,55.789536,-2.464678,0.014003,0.925799,-0.107606,0.362106,-15.858565,12.288565,-5.594848,-0.107952,0.78827,-0.00819,0.605731,3.126441,89.2742,25.072208,0.049959,-0.594293,0.066608,-0.799927,8.839217,54.464867,30.194061,0.02877,0.805366,-0.075652,0.587227,6.717688,10.124103,37.347755,0.014003,0.925799,-0.107606,0.362106,-7.157314,3.446737,-14.438695,0.02877,0.805366,-0.075652,0.587227,19.06007,1.970218,33.703156
867,7.225,-0.020038,0.881101,0.037158,0.47104,-2.020386,89.283218,17.299934,-0.006269,0.876589,0.061837,0.477209,-2.557734,96.897774,17.656061,-0.007173,0.875251,0.05838,0.48008,-3.758495,113.917015,19.412897,0.118029,0.930579,-0.070586,0.339277,-5.1447,133.980911,21.338463,0.09452,0.958026,-0.22551,0.149657,-0.133852,147.485291,19.181515,-0.010601,0.816347,0.103695,0.568078,-7.598913,127.8321,18.058317,0.278507,-0.379107,0.254424,-0.844974,-14.463952,129.779266,0.046755,0.238058,-0.107969,-0.461253,-0.84789,0.993665,112.783066,-13.180306,0.35747,0.038179,-0.63364,-0.685024,13.868702,129.852249,-22.586823,-0.129757,0.916574,0.088701,0.367679,-3.584773,127.508125,24.323833,0.329573,0.87898,0.06878,-0.337704,9.898313,130.852722,37.827785,-0.029205,0.315594,0.521131,-0.792446,24.602577,116.725113,20.887896,0.108405,0.090907,0.68232,-0.717234,18.621384,136.32814,9.982819,0.058449,0.849453,0.164226,0.498039,-7.196689,89.280365,9.550437,0.127725,0.945946,-0.00355,0.298095,-4.905344,55.801712,-2.469891,0.012132,0.925998,-0.108089,0.36152,-15.865787,12.305718,-5.591823,-0.107811,0.788102,-0.008576,0.605969,3.155918,89.286064,25.049433,0.049978,-0.594122,0.066645,-0.80005,8.842635,54.475021,30.188646,0.028744,0.805295,-0.075881,0.587295,6.717955,10.134876,37.345211,0.012132,0.925998,-0.108089,0.36152,-7.152616,3.470592,-14.430636,0.028744,0.805295,-0.075881,0.587295,19.059166,1.97674,33.706154
868,7.233333,-0.01894,0.881221,0.036584,0.470906,-2.043152,89.302811,17.301004,-0.005507,0.876652,0.061764,0.477113,-2.561545,96.918678,17.657406,-0.007721,0.875272,0.058166,0.480058,-3.737406,113.930069,19.423803,0.118458,0.930456,-0.070286,0.339527,-5.138797,133.994644,21.331228,0.094397,0.958063,-0.225237,0.149911,-0.118526,147.497726,19.188116,-0.011137,0.816152,0.103725,0.568342,-7.588333,127.841019,18.056622,0.278919,-0.379451,0.254059,-0.844793,-14.441276,129.773041,0.038826,0.237937,-0.107485,-0.461419,-0.847895,1.012348,112.782265,-13.199862,0.35717,0.038444,-0.633272,-0.685506,13.889914,129.870575,-22.590023,-0.129369,0.916594,0.089109,0.367667,-3.574002,127.525749,24.322458,0.329556,0.879014,0.068845,-0.337621,9.913306,130.850906,37.826992,-0.029475,0.315589,0.521124,-0.792442,24.621155,116.724373,20.889334,0.108164,0.09094,0.682146,-0.717431,18.639307,136.33168,9.990663,0.058145,0.849202,0.16423,0.498501,-7.2226,89.312813,9.553616,0.127809,0.946129,-0.002967,0.297482,-4.906253,55.83173,-2.455168,0.012415,0.925743,-0.10921,0.361827,-15.860115,12.337309,-5.621888,-0.108041,0.787862,-0.008303,0.606245,3.136296,89.292816,25.048393,0.050018,-0.593868,0.066653,-0.800236,8.845729,54.484982,30.184189,0.028819,0.805235,-0.076052,0.587352,6.720376,10.14528,37.343315,0.012415,0.925743,-0.10921,0.361827,-7.151273,3.473998,-14.436714,0.028819,0.805235,-0.076052,0.587352,19.059605,1.982521,33.707897
869,7.241667,-0.018927,0.881211,0.036599,0.470924,-2.029547,89.301285,17.293381,-0.005892,0.876536,0.061446,0.477363,-2.547878,96.917137,17.650072,-0.007196,0.875107,0.058724,0.480299,-3.729871,113.918976,19.399189,0.118258,0.930443,-0.070506,0.339589,-5.124045,133.981232,21.336069,0.094381,0.958144,-0.224718,0.150179,-0.106769,147.484238,19.185591,-0.011072,0.816001,0.104008,0.568509,-7.574415,127.833534,18.050959,0.27856,-0.379432,0.253875,-0.844975,-14.420095,129.774551,0.031368,0.237516,-0.107336,-0.461489,-0.847993,1.039231,112.797058,-13.217725,0.356788,0.038538,-0.633237,-0.685732,13.915278,129.894028,-22.594196,-0.129504,0.916537,0.089167,0.367747,-3.563425,127.507195,24.318369,0.329259,0.879149,0.068927,-0.337543,9.920239,130.835754,37.825703,-0.029829,0.315602,0.521061,-0.792465,24.641245,116.721916,20.88888,0.107965,0.090912,0.682302,-0.717316,18.656254,136.334229,9.996981,0.058161,0.849198,0.164203,0.498515,-7.208687,89.311661,9.545788,0.127923,0.946251,-0.003001,0.297046,-4.89411,55.830074,-2.461924,0.01349,0.925592,-0.108541,0.362375,-15.859896,12.338307,-5.623775,-0.108019,0.787711,-0.008391,0.606443,3.149593,89.290916,25.040976,0.050031,-0.593577,0.066691,-0.800447,8.852712,54.482849,30.182144,0.029068,0.805247,-0.075828,0.587352,6.722723,10.143727,37.343468,0.01349,0.925592,-0.108541,0.362375,-7.151258,3.480259,-14.444092,0.029068,0.805247,-0.075828,0.587352,19.060972,1.981668,33.703167
870,7.25,-0.019011,0.881541,0.035855,0.47036,-2.037277,89.285019,17.305983,-0.004977,0.876708,0.061111,0.4771,-2.551164,96.901642,17.652393,-0.007884,0.875156,0.058525,0.480224,-3.701308,113.929436,19.409327,0.11854,0.930377,-0.070209,0.339733,-5.115746,133.992218,21.32596,0.094427,0.958188,-0.224415,0.150324,-0.093269,147.495132,19.187073,-0.011112,0.815813,0.104113,0.568759,-7.56016,127.838707,18.047333,0.278455,-0.379487,0.253699,-0.845038,-14.394784,129.781876,0.023785,0.2372,-0.107235,-0.461543,-0.848065,1.06708,112.812737,-13.233027,0.356354,0.038494,-0.633292,-0.685909,13.941693,129.915939,-22.599545,-0.129312,0.916477,0.089431,0.3679,-3.548244,127.522812,24.314682,0.329285,0.879174,0.068634,-0.337513,9.932984,130.839951,37.827248,-0.030409,0.316302,0.520995,-0.792207,24.654177,116.719101,20.896439,0.107228,0.091369,0.681301,-0.718319,18.686178,136.33342,9.995893,0.057964,0.849271,0.164791,0.49822,-7.226242,89.286987,9.56496,0.127694,0.946404,-0.003313,0.296653,-4.882593,55.817551,-2.47094,0.011737,0.926158,-0.109023,0.360842,-15.838805,12.320677,-5.595478,-0.107941,0.787596,-0.008314,0.606608,3.151686,89.283043,25.047005,0.050005,-0.593818,0.066748,-0.800265,8.852769,54.473686,30.181717,0.028822,0.805244,-0.075679,0.587387,6.71949,10.134998,37.34481,0.011737,0.926158,-0.109023,0.360842,-7.139477,3.467435,-14.429792,0.028822,0.805244,-0.075679,0.587387,19.062546,1.97985,33.705318
871,7.258333,-0.019873,0.881451,0.036289,0.470459,-1.995008,89.262268,17.289537,-0.005293,0.876669,0.061368,0.477135,-2.523663,96.877899,17.635523,-0.007741,0.875149,0.058573,0.480233,-3.688943,113.924614,19.397011,0.118525,0.930349,-0.069915,0.339873,-5.099314,133.987259,21.318089,0.094336,0.958209,-0.224154,0.150637,-0.079342,147.492462,19.187687,-0.010993,0.815674,0.104304,0.568925,-7.544961,127.834961,18.03808,0.278536,-0.379609,0.253455,-0.84503,-14.37234,129.786819,0.012721,0.237048,-0.106998,-0.46161,-0.848101,1.091152,112.825302,-13.251932,0.356028,0.038687,-0.633228,-0.686127,13.964722,129.934555,-22.6063,-0.129078,0.916502,0.088893,0.36805,-3.533144,127.516869,24.305386,0.329198,0.87925,0.068565,-0.337412,9.946167,130.832977,37.820118,-0.0309,0.316443,0.52092,-0.792181,24.673973,116.713211,20.894142,0.106758,0.091583,0.681108,-0.718545,18.705971,136.33316,9.999688,0.058287,0.849489,0.164633,0.497862,-7.181615,89.253983,9.546938,0.127666,0.946561,-0.003585,0.29616,-4.868233,55.783535,-2.492008,0.011137,0.926427,-0.10827,0.360398,-15.831015,12.286204,-5.586956,-0.107709,0.787397,-0.008553,0.606903,3.191598,89.270554,25.032135,0.050047,-0.593634,0.066942,-0.800383,8.867606,54.457916,30.172392,0.030023,0.805245,-0.074722,0.587448,6.721,10.12195,37.348305,0.011137,0.926427,-0.10827,0.360398,-7.127835,3.455686,-14.4402,0.030023,0.805245,-0.074722,0.587448,19.058756,1.967694,33.688892
872,7.266667,-0.018164,0.881203,0.036297,0.470993,-2.003348,89.299202,17.262362,-0.005223,0.876569,0.061651,0.477283,-2.509261,96.915825,17.620451,-0.007651,0.875137,0.058757,0.480234,-3.674681,113.921974,19.387264,0.118496,0.930437,-0.069332,0.339762,-5.085406,133.98381,21.316549,0.094503,0.958234,-0.224165,0.150355,-0.07186,147.493637,19.20039,-0.010995,0.815556,0.104477,0.569062,-7.530946,127.832817,18.034027,0.277539,-0.379265,0.253749,-0.845424,-14.352279,129.789047,0.006853,0.236395,-0.107163,-0.461781,-0.84817,1.117157,112.834152,-13.259357,0.355834,0.038945,-0.6332,-0.686239,13.983685,129.955765,-22.609827,-0.12903,0.916449,0.088882,0.368203,-3.519118,127.51223,24.301199,0.329036,0.879328,0.068646,-0.33735,9.956306,130.826004,37.820381,-0.030969,0.316516,0.520853,-0.792194,24.692001,116.713676,20.895086,0.106557,0.091579,0.681415,-0.718285,18.722326,136.334427,9.998316,0.058024,0.849433,0.163556,0.498344,-7.181793,89.319511,9.514323,0.12748,0.946846,-0.002936,0.295334,-4.884841,55.821682,-2.451392,0.012278,0.926428,-0.108752,0.360212,-15.817535,12.319699,-5.587097,-0.108018,0.787152,-0.008381,0.607169,3.175096,89.278893,25.010401,0.050113,-0.59365,0.067069,-0.800356,8.873829,54.470802,30.156275,0.029608,0.805285,-0.075658,0.587295,6.721881,10.136965,37.3437,0.012278,0.926428,-0.108752,0.360212,-7.137434,3.466869,-14.440719,0.029608,0.805285,-0.075658,0.587295,19.054434,1.969889,33.695366
873,7.275,-0.017975,0.881195,0.036257,0.471018,-1.993761,89.292732,17.251522,-0.004999,0.876525,0.061596,0.477374,-2.496846,96.9095,17.61043,-0.007693,0.875059,0.058969,0.480348,-3.65512,113.92028,19.379593,0.118461,0.930424,-0.069193,0.339839,-5.0717,133.981079,21.315374,0.094542,0.958273,-0.223915,0.150455,-0.060046,147.492203,19.203032,-0.011034,0.815463,0.104683,0.569158,-7.5147,127.830566,18.030066,0.277734,-0.379317,0.25333,-0.845462,-14.331797,129.790527,0.001691,0.236405,-0.106911,-0.461985,-0.848088,1.146828,112.849213,-13.271165,0.35571,0.039218,-0.633188,-0.686299,14.00436,129.976257,-22.611744,-0.128912,0.916348,0.089457,0.368355,-3.504522,127.508888,24.298235,0.328586,0.879494,0.068497,-0.337386,9.967731,130.809235,37.82386,-0.031036,0.316484,0.520686,-0.792314,24.717848,116.712479,20.898153,0.106813,0.091378,0.681628,-0.718069,18.738976,136.331528,10.001841,0.057847,0.849323,0.163792,0.498474,-7.17191,89.315811,9.503294,0.127905,0.946595,-0.003213,0.295953,-4.85389,55.822014,-2.469648,0.012276,0.926199,-0.109141,0.360684,-15.827441,12.329951,-5.60028,-0.108047,0.787234,-0.008378,0.607057,3.184389,89.269646,24.999752,0.050129,-0.593558,0.067212,-0.800411,8.8856,54.462006,30.145922,0.029336,0.805211,-0.075534,0.587426,6.723451,10.130033,37.341816,0.012276,0.926199,-0.109141,0.360684,-7.139847,3.468611,-14.438027,0.029336,0.805211,-0.075534,0.587426,19.061859,1.969843,33.697857
874,7.283333,-0.018183,0.881214,0.03642,0.470961,-1.971808,89.29081,17.243961,-0.005305,0.876527,0.061401,0.477391,-2.478854,96.90728,17.60359,-0.007399,0.875048,0.059262,0.480338,-3.64317,113.918915,19.361912,0.118462,0.930426,-0.069046,0.339862,-5.055006,133.9785,21.313702,0.094497,0.958297,-0.223719,0.150624,-0.044576,147.490707,19.205383,-0.011157,0.815304,0.104946,0.569335,-7.499584,127.831161,18.023617,0.277711,-0.379383,0.253172,-0.845487,-14.30877,129.793823,-0.007452,0.23635,-0.106544,-0.462189,-0.848038,1.171429,112.858749,-13.286407,0.355753,0.039529,-0.633327,-0.68613,14.024755,129.998352,-22.613897,-0.12917,0.916277,0.089407,0.368452,-3.489195,127.503563,24.291346,0.32848,0.879661,0.068471,-0.33706,9.977707,130.81308,37.820065,-0.030999,0.316569,0.520486,-0.792413,24.743168,116.716682,20.907436,0.106951,0.091634,0.681602,-0.718042,18.757797,136.328156,10.00659,0.057833,0.849279,0.163899,0.498515,-7.150803,89.311859,9.496292,0.128128,0.94659,-0.003437,0.29587,-4.82747,55.820435,-2.48227,0.012023,0.92622,-0.109289,0.360594,-15.825865,12.333629,-5.598772,-0.107926,0.787173,-0.008316,0.607158,3.207186,89.26976,24.991629,0.050158,-0.593565,0.067456,-0.800384,8.903785,54.460178,30.129784,0.02943,0.805199,-0.075448,0.587449,6.725861,10.131431,37.340733,0.012023,0.92622,-0.109289,0.360594,-7.137345,3.471291,-14.434605,0.02943,0.805199,-0.075448,0.587449,19.064135,1.971541,33.695648
875,7.291667,-0.02,0.881074,0.037396,0.471074,-1.912741,89.25663,17.227163,-0.005487,0.876484,0.061655,0.477435,-2.4513,96.870949,17.586748,-0.007323,0.875021,0.059359,0.480377,-3.627579,113.913956,19.352987,0.118634,0.930375,-0.068951,0.339962,-5.038693,133.973114,21.30961,0.094345,0.958339,-0.223501,0.150775,-0.024255,147.484589,19.206169,-0.011213,0.815221,0.105042,0.569434,-7.483269,127.826691,18.017807,0.278246,-0.379705,0.252648,-0.845324,-14.288012,129.790146,-0.014852,0.236534,-0.105965,-0.462385,-0.847953,1.193303,112.86528,-13.305523,0.35578,0.039833,-0.633282,-0.686139,14.044908,130.017593,-22.61651,-0.129002,0.916311,0.089184,0.368482,-3.473414,127.497391,24.285786,0.328369,0.879762,0.068391,-0.33692,9.99432,130.804199,37.814339,-0.031236,0.316601,0.520369,-0.792467,24.768654,116.70929,20.908209,0.106898,0.09166,0.681195,-0.718432,18.779015,136.319916,10.011674,0.058229,0.849565,0.163991,0.497951,-7.08846,89.256546,9.477278,0.12849,0.946237,-0.004205,0.29683,-4.793586,55.770565,-2.521964,0.011671,0.926321,-0.107999,0.360734,-15.839471,12.292635,-5.594002,-0.107633,0.787246,-0.008673,0.607111,3.262979,89.256721,24.977049,0.050052,-0.593638,0.067723,-0.800314,8.928292,54.443073,30.122242,0.028933,0.805166,-0.075262,0.587543,6.726249,10.116601,37.339882,0.011671,0.926321,-0.107999,0.360734,-7.135433,3.463407,-14.447692,0.028933,0.805166,-0.075262,0.587543,19.073395,1.96837,33.698776
876,7.3,-0.020068,0.88146,0.036485,0.470419,-1.927152,89.230347,17.238277,-0.005024,0.876597,0.061076,0.477308,-2.459826,96.845642,17.585512,-0.007298,0.874986,0.059463,0.480428,-3.613292,113.904366,19.343554,0.118661,0.930371,-0.068829,0.339988,-5.025665,133.963043,21.304243,0.094405,0.958378,-0.22328,0.150818,-0.011536,147.475204,19.204443,-0.011226,0.815098,0.105316,0.569559,-7.469536,127.8172,18.010851,0.278035,-0.379647,0.252534,-0.845453,-14.268768,129.786865,-0.023213,0.236415,-0.105747,-0.462598,-0.847897,1.217924,112.870445,-13.318366,0.355926,0.040111,-0.633226,-0.6861,14.063629,130.034607,-22.621101,-0.129,0.916316,0.089272,0.368447,-3.460407,127.486763,24.279238,0.328263,0.879854,0.068313,-0.336799,10.008332,130.792404,37.807076,-0.031377,0.316522,0.520275,-0.792555,24.790672,116.699005,20.906696,0.106806,0.091562,0.681337,-0.718324,18.794254,136.30983,10.015265,0.057809,0.849477,0.165027,0.497808,-7.114323,89.220535,9.496056,0.128782,0.946214,-0.004575,0.296771,-4.758582,55.75539,-2.549416,0.01129,0.926324,-0.108008,0.360737,-15.838978,12.284523,-5.597068,-0.107704,0.7868,-0.007931,0.607687,3.260019,89.240158,24.980499,0.050203,-0.593321,0.06814,-0.800504,8.957603,54.426704,30.091291,0.028898,0.80521,-0.075083,0.587507,6.730993,10.106701,37.341053,0.01129,0.926324,-0.108008,0.360737,-7.129438,3.458816,-14.448859,0.028898,0.80521,-0.075083,0.587507,19.079906,1.962663,33.696541
877,7.308333,-0.019917,0.880982,0.037183,0.471266,-1.890341,89.236526,17.204321,-0.005336,0.8764,0.061775,0.477576,-2.426337,96.851135,17.561516,-0.007301,0.874939,0.059479,0.480512,-3.600392,113.894775,19.333771,0.118699,0.930318,-0.068823,0.34012,-5.01338,133.953369,21.294844,0.094434,0.958406,-0.222983,0.151062,0.002174,147.46521,19.19648,-0.011151,0.815032,0.105423,0.569636,-7.456545,127.807594,18.000782,0.277905,-0.379522,0.252362,-0.845604,-14.252433,129.782303,-0.033985,0.236345,-0.10558,-0.462775,-0.84784,1.243894,112.87606,-13.33085,0.355931,0.040379,-0.633266,-0.686044,14.083594,130.048187,-22.627127,-0.128805,0.916289,0.089323,0.368572,-3.448616,127.477013,24.269926,0.328048,0.879986,0.068379,-0.336652,10.018513,130.774414,37.801376,-0.031536,0.316652,0.520185,-0.792556,24.813595,116.689407,20.905151,0.10667,0.091484,0.681232,-0.718454,18.816494,136.300049,10.012289,0.057901,0.849589,0.164205,0.497879,-7.062754,89.236084,9.452227,0.128943,0.946396,-0.004513,0.296122,-4.741397,55.752392,-2.548289,0.011494,0.926325,-0.108073,0.360707,-15.83567,12.285206,-5.597945,-0.107723,0.787096,-0.008156,0.607297,3.282072,89.236969,24.956413,0.050181,-0.593446,0.068356,-0.800394,8.973494,54.424072,30.07785,0.029096,0.805142,-0.074981,0.587603,6.731404,10.106519,37.337803,0.011494,0.926325,-0.108073,0.360707,-7.130063,3.455996,-14.450109,0.029096,0.805142,-0.074981,0.587603,19.079765,1.961537,33.693542
878,7.316667,-0.019943,0.880986,0.037218,0.471254,-1.876703,89.226578,17.192026,-0.00553,0.876345,0.061742,0.477679,-2.413289,96.841133,17.549509,-0.006995,0.874867,0.059717,0.480617,-3.592658,113.882133,19.317188,0.118616,0.930305,-0.068876,0.340174,-4.999673,133.939774,21.292385,0.094474,0.958431,-0.222725,0.151254,0.014418,147.451859,19.192152,-0.011098,0.815032,0.105081,0.5697,-7.444093,127.797142,17.993385,0.277393,-0.379405,0.252283,-0.845848,-14.237195,129.766251,-0.043045,0.235889,-0.105454,-0.462968,-0.847877,1.265949,112.872292,-13.347586,0.355741,0.040599,-0.633146,-0.686241,14.100327,130.058914,-22.632622,-0.128953,0.916325,0.089525,0.368382,-3.437607,127.46077,24.263144,0.327941,0.880088,0.068156,-0.336533,10.03346,130.761383,37.789883,-0.031918,0.316857,0.520055,-0.792544,24.836473,116.675186,20.901604,0.106376,0.091648,0.680874,-0.718815,18.83873,136.287842,10.009776,0.057625,0.849488,0.164347,0.498036,-7.049303,89.226006,9.440059,0.128736,0.946765,-0.004824,0.295027,-4.703949,55.743362,-2.558719,0.011966,0.926922,-0.107446,0.359343,-15.792613,12.271625,-5.563544,-0.107935,0.787475,-0.008314,0.606765,3.295896,89.22715,24.943996,0.04994,-0.593874,0.068573,-0.800073,8.995593,54.417694,30.079588,0.028629,0.805179,-0.075091,0.587562,6.728884,10.100642,37.334938,0.011966,0.926922,-0.107446,0.359343,-7.11844,3.451042,-14.455078,0.028629,0.805179,-0.075091,0.587562,19.08161,1.960695,33.694221
879,7.325,-0.020004,0.880975,0.037248,0.47127,-1.862154,89.220337,17.180099,-0.00554,0.876305,0.061807,0.477744,-2.399775,96.834816,17.53754,-0.007,0.874817,0.059791,0.480699,-3.580543,113.874016,19.306726,0.118832,0.930231,-0.069106,0.340255,-4.989349,133.931274,21.284309,0.094451,0.958488,-0.222394,0.151394,0.032721,147.439911,19.180777,-0.01099,0.814915,0.105138,0.569858,-7.432703,127.788925,17.984026,0.27739,-0.379391,0.252171,-0.845889,-14.218918,129.763382,-0.054415,0.235783,-0.105298,-0.463122,-0.847843,1.287815,112.874184,-13.360815,0.35561,0.04079,-0.633167,-0.686278,14.117607,130.069046,-22.639254,-0.128869,0.916315,0.089625,0.368411,-3.427398,127.452019,24.254509,0.327736,0.880236,0.06797,-0.336384,10.043674,130.748093,37.782352,-0.031858,0.317028,0.520051,-0.79248,24.859142,116.665009,20.902397,0.106511,0.091096,0.680998,-0.718748,18.86631,136.275192,10.003799,0.057513,0.849518,0.164532,0.497937,-7.034442,89.219055,9.427921,0.12908,0.946532,-0.005067,0.295617,-4.676995,55.739826,-2.578034,0.01165,0.926764,-0.107811,0.359653,-15.799054,12.276298,-5.578217,-0.107972,0.78737,-0.008216,0.606896,3.310134,89.221611,24.932276,0.049941,-0.593857,0.068831,-0.800064,9.015267,54.412617,30.064917,0.028571,0.805146,-0.075107,0.587608,6.730063,10.098759,37.333984,0.01165,0.926764,-0.107811,0.359653,-7.116024,3.450677,-14.4561,0.028571,0.805146,-0.075107,0.587608,19.083803,1.959412,33.695366
880,7.333333,-0.020035,0.880984,0.037296,0.471248,-1.847494,89.214554,17.16688,-0.005262,0.876254,0.061782,0.477843,-2.385875,96.828964,17.524757,-0.007157,0.874718,0.05994,0.480857,-3.558012,113.867546,19.297543,0.118834,0.930191,-0.06901,0.340383,-4.975624,133.924011,21.277044,0.094544,0.9585,-0.222232,0.151502,0.046122,147.433289,19.176903,-0.010478,0.814802,0.105469,0.569968,-7.415237,127.781067,17.97506,0.277318,-0.37938,0.252402,-0.845848,-14.197021,129.779526,-0.062406,0.235657,-0.105414,-0.463126,-0.847861,1.303946,112.882111,-13.365104,0.355467,0.040938,-0.632979,-0.686517,14.132264,130.076675,-22.645451,-0.128904,0.91626,0.089779,0.3685,-3.412226,127.444984,24.247053,0.327725,0.88032,0.068048,-0.33616,10.055989,130.739502,37.778126,-0.031865,0.317197,0.519981,-0.792459,24.879845,116.656075,20.905825,0.106499,0.091368,0.680893,-0.718815,18.888744,136.26297,10.001659,0.057554,0.848264,0.165748,0.499664,-7.020145,89.213165,9.414944,0.129566,0.946121,-0.006337,0.296695,-4.596502,55.762897,-2.658371,0.012373,0.926705,-0.108555,0.359557,-15.789488,12.311983,-5.576229,-0.107999,0.787309,-0.008227,0.60697,3.325156,89.21595,24.918816,0.04994,-0.593733,0.06903,-0.800139,9.030833,54.407383,30.053734,0.028557,0.80511,-0.074833,0.587692,6.730215,10.095986,37.332924,0.012373,0.926705,-0.108555,0.359557,-7.123199,3.462185,-14.446397,0.028557,0.80511,-0.074833,0.587692,19.087557,1.962554,33.693306
881,7.341667,-0.02012,0.880935,0.037363,0.47133,-1.828636,89.210388,17.152885,-0.005001,0.876233,0.061971,0.47786,-2.368685,96.824661,17.511,-0.007491,0.874697,0.059885,0.480898,-3.536309,113.86554,19.29402,0.118965,0.930148,-0.068878,0.340481,-4.964771,133.922058,21.265053,0.094765,0.958498,-0.222092,0.151579,0.05955,147.431229,19.170336,-0.010497,0.814722,0.10561,0.570057,-7.400701,127.776482,17.965277,0.27566,-0.378562,0.252772,-0.846646,-14.178551,129.777847,-0.073348,0.235178,-0.105679,-0.463312,-0.847859,1.345401,112.898468,-13.372133,0.355984,0.04103,-0.633627,-0.685645,14.158596,130.093872,-22.651443,-0.128689,0.916296,0.089774,0.368485,-3.398351,127.445099,24.237946,0.327667,0.880426,0.067762,-0.335995,10.072433,130.7323,37.768242,-0.031868,0.317318,0.519918,-0.792451,24.904152,116.644035,20.906883,0.106757,0.091482,0.681028,-0.718634,18.912674,136.251663,9.996698,0.05754,0.848384,0.165806,0.499442,-6.999774,89.208252,9.399941,0.129711,0.946109,-0.006595,0.296663,-4.576339,55.759239,-2.676887,0.01231,0.926728,-0.108516,0.359511,-15.78837,12.311992,-5.576286,-0.107977,0.787186,-0.008296,0.607133,3.342503,89.212517,24.90583,0.049954,-0.593595,0.069177,-0.800228,9.04291,54.403698,30.044922,0.028619,0.805036,-0.074626,0.587817,6.731345,10.094253,37.332508,0.01231,0.926728,-0.108516,0.359511,-7.121905,3.463665,-14.447752,0.028619,0.805036,-0.074626,0.587817,19.091087,1.964163,33.693565
882,7.35,-0.020141,0.880899,0.037387,0.471395,-1.81005,89.204391,17.136751,-0.004952,0.876235,0.062155,0.477832,-2.350575,96.818634,17.494999,-0.007589,0.874715,0.059949,0.480856,-3.519717,113.859131,19.284424,0.118952,0.930178,-0.068785,0.340423,-4.952762,133.915283,21.255884,0.095066,0.958512,-0.221911,0.151564,0.070174,147.425262,19.163105,-0.010495,0.814705,0.105705,0.570063,-7.387507,127.769173,17.956213,0.277247,-0.379253,0.252211,-0.845985,-14.1651,129.772705,-0.082262,0.235908,-0.104934,-0.463332,-0.847738,1.346061,112.8853,-13.385776,0.356088,0.040944,-0.633571,-0.685648,14.174739,130.095596,-22.657495,-0.128462,0.916274,0.089733,0.36863,-3.384567,127.438644,24.228548,0.32735,0.880514,0.066948,-0.336237,10.084338,130.717728,37.762676,-0.0323,0.317727,0.519658,-0.792441,24.918459,116.629089,20.903761,0.106501,0.092178,0.681594,-0.718046,18.92449,136.240387,9.985098,0.057545,0.848432,0.165814,0.499358,-6.980026,89.202194,9.383031,0.129848,0.946191,-0.006799,0.296337,-4.557768,55.753433,-2.694709,0.012197,0.926768,-0.108558,0.359398,-15.787615,12.30962,-5.576543,-0.107976,0.787144,-0.008409,0.607185,3.359925,89.206596,24.890471,0.049942,-0.593606,0.069361,-0.800205,9.055066,54.3979,30.036238,0.028385,0.805071,-0.074687,0.587773,6.729782,10.090646,37.332794,0.012197,0.926768,-0.108558,0.359398,-7.122114,3.461333,-14.448988,0.028385,0.805071,-0.074687,0.587773,19.091412,1.96294,33.694954
883,7.358333,-0.020144,0.880885,0.037352,0.471423,-1.793276,89.198174,17.121101,-0.004354,0.876149,0.062162,0.477995,-2.333605,96.812447,17.47883,-0.007943,0.874562,0.060029,0.481119,-3.484583,113.843964,19.277086,0.119081,0.930126,-0.068333,0.340611,-4.932311,133.899506,21.244028,0.095056,0.958512,-0.222002,0.151441,0.090583,147.411728,19.165653,-0.010366,0.814893,0.105951,0.569752,-7.360806,127.751183,17.943876,0.277123,-0.379207,0.252208,-0.846048,-14.152249,129.762894,-0.088474,0.235546,-0.105238,-0.463274,-0.847832,1.360878,112.877998,-13.392885,0.355725,0.040674,-0.632882,-0.686488,14.186175,130.082642,-22.666603,-0.128681,0.916135,0.089619,0.368927,-3.361719,127.424454,24.218866,0.327548,0.88048,0.066938,-0.336136,10.096507,130.711227,37.761753,-0.032009,0.318236,0.519939,-0.792064,24.927355,116.613411,20.907627,0.10676,0.091985,0.681261,-0.718348,18.961918,136.222763,9.968989,0.057478,0.848523,0.165793,0.499216,-6.962753,89.195633,9.367049,0.129963,0.946258,-0.006923,0.296072,-4.53926,55.745815,-2.707524,0.012027,0.926835,-0.108572,0.359228,-15.782869,12.304854,-5.57868,-0.107952,0.787135,-0.008556,0.607201,3.376201,89.200714,24.875153,0.049957,-0.593642,0.069508,-0.800164,9.063498,54.391815,30.028231,0.028068,0.805116,-0.074816,0.587709,6.728886,10.086515,37.333691,0.012027,0.926835,-0.108572,0.359228,-7.118534,3.457747,-14.453438,0.028068,0.805116,-0.074816,0.587709,19.092621,1.961103,33.697884
884,7.366667,-0.020143,0.880878,0.037305,0.47144,-1.773359,89.191803,17.106598,-0.004463,0.876169,0.062252,0.477947,-2.313342,96.806129,17.463688,-0.007926,0.874595,0.060163,0.481041,-3.469069,113.838783,19.263073,0.119043,0.930146,-0.068229,0.340592,-4.918605,133.893677,21.235193,0.095277,0.95848,-0.221979,0.151538,0.102287,147.406982,19.159018,-0.010544,0.815069,0.105705,0.569542,-7.347011,127.745911,17.93395,0.277289,-0.379149,0.251852,-0.846125,-14.147571,129.745621,-0.096308,0.23576,-0.105095,-0.463337,-0.847756,1.377384,112.873146,-13.402684,0.356086,0.040543,-0.632686,-0.686489,14.201418,130.079285,-22.675694,-0.128633,0.916073,0.0895,0.369127,-3.346806,127.418068,24.20817,0.327665,0.88048,0.06688,-0.336033,10.106196,130.703842,37.756493,-0.031621,0.318287,0.520039,-0.791993,24.936655,116.599182,20.907742,0.107096,0.092014,0.682043,-0.717552,18.977829,136.204071,9.959477,0.057595,0.848936,0.165371,0.498641,-6.942544,89.188881,9.352348,0.129898,0.946441,-0.006757,0.295518,-4.549645,55.730057,-2.703357,0.010167,0.927064,-0.108505,0.358714,-15.785064,12.28736,-5.580344,-0.10789,0.787201,-0.008721,0.607123,3.395825,89.194733,24.860846,0.049972,-0.593666,0.069657,-0.800133,9.073103,54.38509,30.019939,0.02847,0.805136,-0.074523,0.5877,6.728812,10.081795,37.33445,0.010167,0.927064,-0.108505,0.358714,-7.104255,3.459454,-14.458127,0.02847,0.805136,-0.074523,0.5877,19.090218,1.956072,33.69141
885,7.375,-0.018971,0.880936,0.03671,0.471429,-1.782237,89.208847,17.09634,-0.005444,0.876169,0.062064,0.477962,-2.302162,96.824554,17.453905,-0.006929,0.874641,0.060652,0.480913,-3.482807,113.83548,19.229219,0.118915,0.930223,-0.068383,0.340394,-4.90629,133.888596,21.238132,0.095504,0.958439,-0.221989,0.151642,0.111924,147.401855,19.155319,-0.010482,0.815006,0.105569,0.569659,-7.343741,127.749863,17.926754,0.275728,-0.37829,0.252421,-0.846849,-14.139186,129.749023,-0.105488,0.23519,-0.105833,-0.463267,-0.847861,1.40505,112.885262,-13.400393,0.356345,0.040477,-0.63238,-0.686641,14.217651,130.075958,-22.684904,-0.128656,0.916049,0.08977,0.369111,-3.341483,127.40564,24.198786,0.327528,0.880616,0.066968,-0.335792,10.11174,130.688309,37.747639,-0.031542,0.318615,0.51994,-0.791929,24.955561,116.588387,20.906696,0.107166,0.092405,0.682182,-0.717359,19.001242,136.188766,9.944494,0.057349,0.848764,0.165293,0.498987,-6.952477,89.21991,9.342805,0.12991,0.946571,-0.006587,0.295098,-4.542656,55.757256,-2.698889,0.012478,0.926818,-0.108854,0.359171,-15.775866,12.314642,-5.585642,-0.10797,0.787081,-0.008405,0.607268,3.388003,89.197784,24.849876,0.050137,-0.593395,0.069842,-0.800307,9.082404,54.388977,29.995701,0.028082,0.805048,-0.074999,0.58778,6.731286,10.089493,37.331032,0.012478,0.926818,-0.108854,0.359171,-7.120838,3.456659,-14.458637,0.028082,0.805048,-0.074999,0.58778,19.093811,1.960152,33.699898
886,7.383333,-0.02012,0.880864,0.03734,0.471465,-1.733165,89.190002,17.077732,-0.005676,0.876133,0.062242,0.478001,-2.273099,96.804306,17.435452,-0.006937,0.874607,0.060802,0.480956,-3.465231,113.836029,19.214489,0.118891,0.93022,-0.06828,0.340432,-4.892018,133.888397,21.228472,0.09575,0.958402,-0.221991,0.151713,0.124791,147.402603,19.148359,-0.0102,0.814958,0.105882,0.569674,-7.328171,127.75016,17.915234,0.275663,-0.378195,0.252818,-0.846795,-14.123194,129.765228,-0.115399,0.235336,-0.106041,-0.463091,-0.847891,1.414254,112.887085,-13.399993,0.356624,0.040442,-0.63213,-0.686728,14.233454,130.069839,-22.694843,-0.128653,0.916001,0.08982,0.36922,-3.326527,127.404915,24.187603,0.329435,0.880313,0.074404,-0.333144,10.123586,130.686127,37.739899,-0.028101,0.316573,0.52059,-0.79245,24.994865,116.624367,20.891266,0.107257,0.092914,0.682377,-0.717094,19.020615,136.178513,9.930603,0.057624,0.848532,0.165761,0.499195,-6.901926,89.187798,9.323204,0.130331,0.946399,-0.007424,0.295446,-4.488676,55.738438,-2.754685,0.012416,0.92683,-0.108632,0.35921,-15.778172,12.306738,-5.585586,-0.107764,0.787164,-0.008913,0.60719,3.435596,89.192215,24.83226,0.049982,-0.593669,0.070006,-0.800099,9.09714,54.380875,29.997175,0.028038,0.80503,-0.074654,0.58785,6.728545,10.08206,37.33091,0.012416,0.92683,-0.108632,0.35921,-7.120149,3.454473,-14.461363,0.028038,0.80503,-0.074654,0.58785,19.095558,1.960544,33.697544
887,7.391667,-0.020138,0.8809,0.037397,0.471393,-1.711983,89.188812,17.061932,-0.005258,0.876191,0.062584,0.477855,-2.252544,96.80304,17.420338,-0.007545,0.874666,0.060541,0.480871,-3.438282,113.846062,19.217999,0.119277,0.930117,-0.068059,0.340622,-4.881313,133.899353,21.211096,0.095791,0.95835,-0.222099,0.151863,0.144235,147.412003,19.141949,-0.010498,0.815077,0.106039,0.56947,-7.312839,127.755646,17.904625,0.27606,-0.378293,0.252601,-0.846687,-14.116615,129.76387,-0.123473,0.235668,-0.105967,-0.462982,-0.847867,1.422717,112.887527,-13.408142,0.356867,0.040424,-0.631749,-0.686954,14.246207,130.063049,-22.705101,-0.128517,0.915993,0.089975,0.369248,-3.310106,127.42028,24.176836,0.329557,0.880331,0.074212,-0.333018,10.140562,130.694336,37.730305,-0.027702,0.316634,0.52052,-0.792487,25.01202,116.622688,20.890089,0.107751,0.093091,0.682349,-0.717024,19.037195,136.165863,9.918868,0.057776,0.848465,0.165697,0.499313,-6.882009,89.186745,9.308245,0.130351,0.946399,-0.007678,0.295429,-4.478536,55.737106,-2.770832,0.010256,0.927124,-0.108941,0.358425,-15.776452,12.306219,-5.580464,-0.107769,0.787021,-0.00907,0.607373,3.458042,89.19088,24.815619,0.049846,-0.59371,0.070851,-0.800002,9.111858,54.379822,29.990849,0.028233,0.805401,-0.074102,0.587402,6.675973,10.090488,37.359756,0.010256,0.927124,-0.108941,0.358425,-7.105447,3.467192,-14.456758,0.028233,0.805401,-0.074102,0.587402,19.041328,1.976895,33.703106
888,7.4,-0.020097,0.881029,0.037544,0.471142,-1.695229,89.187576,17.046879,-0.005234,0.876212,0.06252,0.477826,-2.236192,96.801659,17.407705,-0.007578,0.874638,0.06064,0.480909,-3.420089,113.844887,19.203901,0.119328,0.930071,-0.068005,0.340739,-4.866276,133.897675,21.199795,0.095841,0.958312,-0.222109,0.152053,0.160561,147.410263,19.133377,-0.010299,0.815209,0.10588,0.569313,-7.296578,127.754082,17.892193,0.276252,-0.378306,0.252576,-0.846625,-14.107434,129.764389,-0.132994,0.235887,-0.105955,-0.46284,-0.847885,1.432018,112.885925,-13.414814,0.357138,0.040267,-0.63139,-0.687152,14.261458,130.054916,-22.714355,-0.12855,0.915963,0.090087,0.369285,-3.294394,127.418396,24.164738,0.329619,0.880313,0.074456,-0.332952,10.154886,130.691742,37.719757,-0.027406,0.316603,0.520555,-0.792486,25.026529,116.621605,20.878441,0.10796,0.093144,0.682458,-0.716883,19.051874,136.163818,9.900081,0.057619,0.848428,0.165776,0.499367,-6.869695,89.187241,9.296155,0.130532,0.946458,-0.007821,0.295157,-4.45316,55.738194,-2.781949,0.010518,0.927135,-0.109109,0.358336,-15.770742,12.311739,-5.580976,-0.107771,0.787099,-0.009239,0.607268,3.479238,89.187912,24.797604,0.049874,-0.593939,0.070365,-0.799874,9.126518,54.37709,29.981636,0.025149,0.805329,-0.075917,0.587409,6.728919,10.081842,37.32753,0.010518,0.927135,-0.109109,0.358336,-7.10633,3.466219,-14.457244,0.025149,0.805329,-0.075917,0.587409,19.115559,1.979496,33.718292
889,7.408333,-0.020022,0.881049,0.037531,0.47111,-1.6775,89.182968,17.028301,-0.005259,0.876223,0.062628,0.47779,-2.217344,96.797112,17.389509,-0.007587,0.874653,0.060703,0.480874,-3.403901,113.842941,19.18889,0.119312,0.93005,-0.067935,0.340818,-4.851552,133.895416,21.186882,0.095925,0.958272,-0.222097,0.152271,0.174506,147.40863,19.122658,-0.010287,0.815298,0.105895,0.569184,-7.281605,127.751961,17.878849,0.276371,-0.378521,0.252398,-0.846544,-14.098183,129.762421,-0.144158,0.2361,-0.105445,-0.462737,-0.847946,1.437415,112.887512,-13.435019,0.357542,0.040098,-0.631596,-0.686763,14.279215,130.062057,-22.720161,-0.128901,0.915965,0.090387,0.369084,-3.27893,127.41597,24.151064,0.329789,0.880267,0.074138,-0.332977,10.172617,130.698166,37.701694,-0.027341,0.316442,0.520352,-0.792686,25.037449,116.615356,20.864965,0.10763,0.093371,0.68298,-0.716405,19.04789,136.154907,9.887105,0.05782,0.848302,0.165624,0.499608,-6.852584,89.183716,9.277989,0.130523,0.946264,-0.008135,0.295775,-4.450266,55.732727,-2.797566,0.010382,0.927181,-0.108989,0.358259,-15.773657,12.306529,-5.577022,-0.107788,0.787217,-0.009451,0.607109,3.497584,89.182213,24.77861,0.04983,-0.594056,0.070535,-0.799774,9.137702,54.371952,29.974142,0.026061,0.805111,-0.074995,0.587787,6.726709,10.07846,37.326221,0.010382,0.927181,-0.108989,0.358259,-7.108199,3.465016,-14.456257,0.026061,0.805111,-0.074995,0.587787,19.114389,1.980953,33.709709
890,7.416667,-0.019992,0.881071,0.037476,0.471072,-1.659021,89.180428,17.011967,-0.005071,0.876197,0.062731,0.477827,-2.198051,96.794655,17.372671,-0.007761,0.874603,0.060709,0.480961,-3.380495,113.836838,19.177822,0.119133,0.930089,-0.067604,0.340841,-4.834611,133.889175,21.172495,0.096081,0.958265,-0.222118,0.152187,0.18388,147.406265,19.115288,-0.010177,0.815443,0.105713,0.569011,-7.262085,127.744484,17.864843,0.276397,-0.378639,0.252351,-0.846496,-14.086366,129.753662,-0.155386,0.2361,-0.105363,-0.462585,-0.848039,1.445746,112.879227,-13.45092,0.357546,0.040022,-0.631357,-0.686984,14.293933,130.049347,-22.730864,-0.128993,0.915933,0.090464,0.369113,-3.2607,127.410637,24.137993,0.329855,0.880229,0.074139,-0.333012,10.189095,130.694748,37.689888,-0.027238,0.316413,0.520334,-0.792712,25.050364,116.609695,20.851894,0.107639,0.093461,0.683038,-0.716337,19.058897,136.148361,9.871783,0.0577,0.849552,0.164515,0.497863,-6.83478,89.181152,9.26211,0.130252,0.946903,-0.007281,0.293863,-4.490278,55.703068,-2.749538,0.011778,0.927156,-0.107656,0.358683,-15.774116,12.269327,-5.571671,-0.107728,0.787287,-0.009621,0.607027,3.516737,89.179703,24.761826,0.049751,-0.5941,0.071368,-0.799672,9.146718,54.368748,29.963722,0.027349,0.805329,-0.074121,0.58754,6.672477,10.085172,37.35442,0.011778,0.927156,-0.107656,0.358683,-7.112154,3.445207,-14.471594,0.027349,0.805329,-0.074121,0.58754,19.049957,1.985157,33.708729
891,7.425,-0.019904,0.88106,0.03731,0.471111,-1.641755,89.178215,16.997919,-0.004691,0.876178,0.062715,0.477867,-2.178422,96.792686,17.357016,-0.008148,0.874537,0.06103,0.481034,-3.349684,113.84156,19.168583,0.119298,0.929999,-0.067773,0.340993,-4.82386,133.892075,21.166866,0.096023,0.958239,-0.222132,0.152362,0.201019,147.406525,19.107929,-0.010356,0.815424,0.105681,0.569042,-7.244556,127.745667,17.857437,0.27623,-0.378826,0.252514,-0.846419,-14.067325,129.748611,-0.164066,0.235888,-0.105458,-0.462394,-0.848191,1.452924,112.868523,-13.46627,0.357424,0.03996,-0.630921,-0.687452,14.307208,130.032669,-22.74316,-0.12869,0.916043,0.089943,0.369072,-3.244311,127.41449,24.131456,0.328221,0.880417,0.066966,-0.335638,10.209676,130.695984,37.679832,-0.030412,0.318352,0.519913,-0.792097,25.034868,116.566574,20.847202,0.108321,0.093646,0.682894,-0.716347,19.072018,136.150894,9.865956,0.057725,0.849587,0.164556,0.497785,-6.816897,89.17897,9.247648,0.130511,0.946886,-0.007399,0.293802,-4.473522,55.702053,-2.767493,0.011978,0.92701,-0.10787,0.358989,-15.7823,12.27454,-5.585674,-0.107677,0.787305,-0.009733,0.60701,3.533388,89.17746,24.748192,0.04974,-0.594062,0.07151,-0.799689,9.155791,54.365875,29.954062,0.025771,0.805471,-0.074908,0.587317,6.67046,10.08403,37.35141,0.011978,0.92701,-0.10787,0.358989,-7.118107,3.44381,-14.476871,0.025771,0.805471,-0.074908,0.587317,19.057911,1.992498,33.720772
892,7.433333,-0.019514,0.881127,0.037302,0.471002,-1.629755,89.185158,16.981398,-0.004666,0.876204,0.06271,0.47782,-2.161071,96.799866,17.343262,-0.008172,0.874551,0.061088,0.481001,-3.330696,113.838432,19.154066,0.119256,0.929983,-0.067758,0.341055,-4.806792,133.888657,21.153986,0.095993,0.958232,-0.222042,0.152561,0.217092,147.403534,19.095421,-0.01029,0.815465,0.105683,0.568983,-7.227087,127.742241,17.844255,0.276327,-0.378984,0.25253,-0.846312,-14.052505,129.74707,-0.176032,0.236004,-0.105358,-0.462234,-0.848258,1.460944,112.863449,-13.481686,0.357529,0.039994,-0.630757,-0.687546,14.322519,130.0224,-22.755222,-0.128801,0.915748,0.090136,0.369717,-3.226372,127.411011,24.11797,0.327828,0.880593,0.067415,-0.33547,10.208039,130.689972,37.686367,-0.029985,0.318562,0.519667,-0.79219,25.052876,116.583229,20.852036,0.108442,0.09348,0.68267,-0.716564,19.086088,136.149124,9.854172,0.05767,0.849564,0.164498,0.497851,-6.807105,89.192139,9.232604,0.13051,0.947091,-0.007396,0.29314,-4.461553,55.713417,-2.77708,0.010766,0.927229,-0.108463,0.358282,-15.772107,12.285868,-5.587567,-0.107732,0.787256,-0.009757,0.607065,3.547594,89.178169,24.73019,0.049845,-0.593712,0.071704,-0.799925,9.171573,54.367447,29.940159,0.027541,0.805369,-0.074193,0.587468,6.674793,10.089031,37.35416,0.010766,0.927229,-0.108463,0.358282,-7.108636,3.452708,-14.477051,0.027541,0.805369,-0.074193,0.587468,19.048523,1.984488,33.705795
893,7.441667,-0.019611,0.881366,0.03681,0.47059,-1.61918,89.175438,16.98127,-0.004665,0.876291,0.062417,0.4777,-2.148098,96.790657,17.336063,-0.008174,0.874564,0.061177,0.480966,-3.312983,113.835236,19.138744,0.119257,0.929953,-0.067689,0.341151,-4.790779,133.88501,21.141806,0.095896,0.958218,-0.221976,0.152804,0.232864,147.40036,19.085703,-0.010315,0.81542,0.105804,0.569025,-7.210758,127.738892,17.831329,0.276167,-0.379051,0.252672,-0.846292,-14.034295,129.745773,-0.189443,0.236069,-0.105174,-0.462149,-0.848309,1.472674,112.858284,-13.497749,0.357801,0.04012,-0.630823,-0.687336,14.340854,130.01825,-22.765503,-0.128694,0.916056,0.089899,0.36905,-3.209536,127.407074,24.104691,0.32759,0.88063,0.066244,-0.335839,10.245046,130.689499,37.652248,-0.030652,0.318288,0.51941,-0.792443,25.08502,116.573715,20.821215,0.108526,0.093325,0.682367,-0.716859,19.096546,136.149521,9.843336,0.057615,0.849633,0.164928,0.497597,-6.803691,89.17614,9.237262,0.130654,0.947212,-0.007572,0.29268,-4.442883,55.70705,-2.796248,0.010694,0.927255,-0.108456,0.35822,-15.771428,12.283116,-5.590093,-0.107623,0.787211,-0.009771,0.607142,3.565331,89.174736,24.725277,0.049811,-0.593607,0.071849,-0.799992,9.182197,54.36237,29.931862,0.027278,0.805298,-0.074287,0.587565,6.672283,10.085529,37.350838,0.010694,0.927255,-0.108456,0.35822,-7.108171,3.450766,-14.480589,0.027278,0.805298,-0.074287,0.587565,19.049347,1.983251,33.708759
894,7.45,-0.019619,0.881411,0.0367,0.470513,-1.596076,89.17466,16.965723,-0.005139,0.876246,0.06225,0.477798,-2.124283,96.789993,17.319035,-0.007668,0.874493,0.061658,0.481042,-3.299912,113.820694,19.107283,0.118849,0.929997,-0.067848,0.341142,-4.769369,133.868408,21.136969,0.095863,0.95823,-0.221748,0.153078,0.245073,147.385895,19.072514,-0.010217,0.815456,0.105889,0.56896,-7.191545,127.727745,17.817953,0.276808,-0.37948,0.25247,-0.84595,-14.018045,129.739319,-0.20117,0.236327,-0.104874,-0.462056,-0.848325,1.47707,112.846283,-13.516207,0.357826,0.04017,-0.630473,-0.687641,14.35536,130.009109,-22.778904,-0.129043,0.916044,0.089888,0.36896,-3.1913,127.385818,24.091396,0.327351,0.880716,0.066256,-0.335843,10.262374,130.68103,37.636745,-0.030728,0.318079,0.519262,-0.792622,25.110504,116.575119,20.804615,0.108694,0.093082,0.682023,-0.717193,19.108505,136.151108,9.833131,0.057665,0.849731,0.164936,0.497421,-6.781917,89.174202,9.222608,0.130765,0.947397,-0.007678,0.292027,-4.42631,55.705715,-2.813617,0.010869,0.927267,-0.108498,0.35817,-15.768891,12.284554,-5.593546,-0.1075,0.787202,-0.010033,0.607171,3.589766,89.175117,24.708838,0.049889,-0.593561,0.071946,-0.800012,9.188344,54.361237,29.925028,0.027611,0.805335,-0.074095,0.587523,6.675254,10.086354,37.354595,0.010869,0.927267,-0.108498,0.35817,-7.109449,3.449492,-14.485062,0.027611,0.805335,-0.074095,0.587523,19.049585,1.982777,33.706131
895,7.458333,-0.019643,0.881523,0.036323,0.470332,-1.576219,89.161682,16.953825,-0.004958,0.876354,0.062251,0.477602,-2.101968,96.77742,17.302002,-0.007834,0.874592,0.061577,0.48087,-3.272374,113.817474,19.094484,0.118965,0.929998,-0.067452,0.341177,-4.745691,133.865494,21.118397,0.095692,0.95822,-0.221822,0.153144,0.268315,147.384933,19.065727,-0.010278,0.815596,0.105974,0.568742,-7.1677,127.723228,17.802229,0.27682,-0.37958,0.252426,-0.845914,-14.003757,129.733795,-0.213394,0.236334,-0.104878,-0.461952,-0.848379,1.488498,112.841476,-13.532698,0.357841,0.040235,-0.630159,-0.687917,14.370844,130.000732,-22.79459,-0.128903,0.915856,0.089515,0.369567,-3.165017,127.384201,24.074278,0.327097,0.880757,0.066262,-0.335983,10.272685,130.676727,37.636139,-0.030657,0.318158,0.519117,-0.792688,25.124636,116.582573,20.797525,0.108669,0.09285,0.681675,-0.717558,19.119015,136.150528,9.822079,0.057764,0.84983,0.165097,0.497187,-6.765235,89.157364,9.212834,0.13071,0.947712,-0.007842,0.291023,-4.413066,55.693501,-2.836888,0.010639,0.927503,-0.108338,0.357615,-15.758255,12.271279,-5.589432,-0.1074,0.787214,-0.010273,0.60717,3.612798,89.166,24.694815,0.04988,-0.593635,0.07207,-0.799947,9.195482,54.350937,29.920139,0.027298,0.805384,-0.07406,0.587475,6.673737,10.077578,37.355846,0.010639,0.927503,-0.108338,0.357615,-7.106122,3.441644,-14.49345,0.027298,0.805384,-0.07406,0.587475,19.0518,1.979586,33.707619
896,7.466667,-0.0196,0.881544,0.036217,0.470303,-1.553055,89.156349,16.935688,-0.004721,0.876413,0.06246,0.477469,-2.077457,96.772232,17.282755,-0.008269,0.874659,0.061467,0.480754,-3.244213,113.8162,19.086073,0.118938,0.929989,-0.067302,0.34124,-4.730508,133.864471,21.09786,0.095672,0.958234,-0.221647,0.153319,0.281647,147.385223,19.049273,-0.010245,0.81569,0.105987,0.568605,-7.149108,127.718544,17.786016,0.276951,-0.379723,0.252349,-0.84583,-13.991208,129.729858,-0.227222,0.236427,-0.104883,-0.461767,-0.848454,1.497391,112.83741,-13.550626,0.357905,0.03995,-0.630043,-0.688008,14.387049,129.989624,-22.812611,-0.128992,0.915864,0.089704,0.369469,-3.144876,127.386078,24.057425,0.327136,0.880763,0.066263,-0.335927,10.294751,130.679459,37.617165,-0.030647,0.317994,0.519008,-0.792825,25.147346,116.583191,20.780895,0.108608,0.092644,0.681239,-0.718007,19.131956,136.148911,9.809696,0.058238,0.848583,0.166103,0.498923,-6.742595,89.151764,9.195051,0.131049,0.947396,-0.008939,0.291868,-4.357767,55.715549,-2.924827,0.011471,0.927328,-0.109202,0.357781,-15.757504,12.302956,-5.602924,-0.107388,0.787457,-0.010609,0.60685,3.636485,89.160934,24.676327,0.049811,-0.593817,0.07222,-0.799803,9.206048,54.34618,29.917738,0.027336,0.805443,-0.074028,0.587397,6.671612,10.074139,37.356991,0.011471,0.927328,-0.109202,0.357781,-7.118901,3.445584,-14.492517,0.027336,0.805443,-0.074028,0.587397,19.048719,1.976134,33.705551
897,7.475,-0.019758,0.881572,0.036285,0.470238,-1.527555,89.152679,16.917187,-0.004641,0.876475,0.062384,0.477367,-2.054543,96.768387,17.264082,-0.008467,0.874708,0.061573,0.480649,-3.217388,113.81221,19.066513,0.118842,0.930016,-0.067086,0.341242,-4.712521,133.859818,21.078337,0.095682,0.95824,-0.221543,0.153429,0.295176,147.382935,19.034472,-0.010295,0.81579,0.106118,0.568437,-7.128973,127.712723,17.76708,0.277346,-0.379894,0.252139,-0.845687,-13.978457,129.724594,-0.243285,0.236428,-0.104931,-0.461661,-0.848505,1.508844,112.833008,-13.569278,0.357219,0.040365,-0.629797,-0.688564,14.399725,129.977798,-22.830196,-0.128305,0.915927,0.089574,0.369585,-3.123283,127.382195,24.037659,0.326651,0.88086,0.066293,-0.33614,10.319862,130.652954,37.59938,-0.031025,0.317678,0.518734,-0.793116,25.181675,116.578934,20.752645,0.108575,0.092645,0.680969,-0.718269,19.142807,136.149902,9.795684,0.05836,0.848703,0.166109,0.498704,-6.718132,89.146057,9.177248,0.131123,0.947657,-0.009033,0.290983,-4.343551,55.710995,-2.947823,0.011737,0.927418,-0.109163,0.357549,-15.754366,12.300285,-5.609215,-0.107283,0.787696,-0.011065,0.606551,3.663021,89.159302,24.657125,0.049768,-0.593967,0.072274,-0.799689,9.209002,54.343639,29.917463,0.027337,0.805432,-0.074045,0.587409,6.669755,10.071927,37.35701,0.011737,0.927418,-0.109163,0.357549,-7.124195,3.441028,-14.505118,0.027337,0.805432,-0.074045,0.587409,19.04682,1.973578,33.706211
898,7.483333,-0.019971,0.881604,0.036277,0.470169,-1.497944,89.146416,16.900209,-0.004932,0.876524,0.062303,0.477283,-2.027715,96.762009,17.245493,-0.008296,0.874759,0.061848,0.480524,-3.197526,113.801537,19.040339,0.118615,0.930071,-0.067043,0.341181,-4.691657,133.847885,21.065388,0.095564,0.958261,-0.221386,0.153598,0.309522,147.373184,19.019955,-0.010252,0.81582,0.106126,0.568392,-7.109205,127.702965,17.750919,0.277662,-0.380182,0.251993,-0.845497,-13.960713,129.716171,-0.258537,0.236466,-0.104807,-0.461569,-0.84856,1.518874,112.823036,-13.591533,0.357083,0.040264,-0.629624,-0.688799,14.417489,129.969864,-22.8494,-0.129229,0.915853,0.08975,0.369402,-3.101685,127.368355,24.020113,0.326781,0.880877,0.066136,-0.336001,10.337479,130.669647,37.578392,-0.030936,0.317713,0.518645,-0.793164,25.199743,116.585983,20.740112,0.108567,0.092592,0.680634,-0.718594,19.15807,136.152008,9.77976,0.058593,0.848744,0.166168,0.498587,-6.68957,89.136154,9.160975,0.131218,0.947918,-0.009168,0.290086,-4.328509,55.704437,-2.975956,0.011418,0.92746,-0.109393,0.357381,-15.753311,12.296197,-5.617544,-0.107107,0.787723,-0.011516,0.606537,3.693683,89.156685,24.639446,0.049777,-0.594057,0.07237,-0.799613,9.210548,54.339073,29.91744,0.026574,0.805707,-0.074866,0.586964,6.665797,10.068694,37.363045,0.011418,0.92746,-0.109393,0.357381,-7.123371,3.434601,-14.511342,0.026574,0.805707,-0.074866,0.586964,19.040216,1.965128,33.71484
899,7.491667,-0.020113,0.881672,0.036257,0.470037,-1.469507,89.143066,16.884249,-0.004812,0.876574,0.062441,0.477174,-2.000998,96.758591,17.228333,-0.008679,0.874794,0.061778,0.480461,-3.169745,113.805199,19.030262,0.118707,0.930041,-0.066844,0.341268,-4.67589,133.851639,21.045511,0.095453,0.958273,-0.221311,0.153697,0.32621,147.377594,19.006809,-0.010404,0.81578,0.106303,0.568414,-7.090013,127.703598,17.734325,0.277831,-0.380355,0.251991,-0.845364,-13.940414,129.716003,-0.275631,0.236489,-0.104763,-0.461457,-0.848619,1.532266,112.818802,-13.611482,0.356962,0.040211,-0.629551,-0.688932,14.435566,129.962128,-22.866749,-0.129134,0.915856,0.089831,0.369408,-3.081689,127.374542,24.003294,0.326555,0.880911,0.065463,-0.336262,10.358236,130.671295,37.561913,-0.031144,0.317819,0.518525,-0.793191,25.219006,116.586533,20.723244,0.108708,0.092395,0.680373,-0.718845,19.174212,136.153656,9.76247,0.058659,0.849227,0.166007,0.49781,-6.663333,89.130196,9.146497,0.131278,0.948547,-0.008898,0.288001,-4.323211,55.695213,-2.985468,0.011097,0.927514,-0.109439,0.357236,-15.751837,12.287945,-5.626473,-0.10701,0.787935,-0.011978,0.606271,3.724319,89.155945,24.622,0.049702,-0.594083,0.072414,-0.799595,9.217567,54.337631,29.919928,0.027415,0.805533,-0.073851,0.587292,6.665851,10.067153,37.362537,0.011097,0.927514,-0.109439,0.357236,-7.120564,3.428274,-14.520891,0.027415,0.805533,-0.073851,0.587292,19.042597,1.971476,33.704731
900,7.5,-0.020104,0.881412,0.036929,0.470474,-1.420898,89.156326,16.846561,-0.005172,0.876511,0.063002,0.477213,-1.957257,96.771103,17.199472,-0.008671,0.874838,0.061919,0.480364,-3.145356,113.804092,19.011045,0.11848,0.930113,-0.066414,0.341236,-4.653737,133.849838,21.03158,0.09538,0.958261,-0.221382,0.153717,0.33843,147.380783,19.001637,-0.010546,0.8158,0.106486,0.568348,-7.067753,127.702286,17.719389,0.277673,-0.380443,0.252139,-0.845333,-13.920936,129.713928,-0.2896,0.236331,-0.105013,-0.461313,-0.848711,1.544248,112.812401,-13.628674,0.356818,0.040159,-0.629264,-0.689272,14.449165,129.947128,-22.887749,-0.128528,0.915897,0.089807,0.369523,-3.058036,127.372215,23.987419,0.325882,0.881077,0.065536,-0.336467,10.384646,130.647629,37.548485,-0.031308,0.317598,0.518152,-0.793517,25.261402,116.593445,20.698381,0.108856,0.092287,0.680085,-0.719109,19.192331,136.156036,9.744779,0.059194,0.848779,0.165752,0.498594,-6.607074,89.149872,9.103669,0.131345,0.948811,-0.009236,0.28709,-4.297249,55.713348,-3.029863,0.011921,0.927558,-0.109775,0.356993,-15.742755,12.308222,-5.632764,-0.10681,0.78784,-0.012589,0.606417,3.765278,89.162773,24.589453,0.049761,-0.59402,0.072511,-0.799629,9.220033,54.342472,29.91403,0.027331,0.80563,-0.073985,0.587146,6.663978,10.073784,37.36581,0.011921,0.927558,-0.109775,0.356993,-7.130364,3.4327,-14.52969,0.027331,0.80563,-0.073985,0.587146,19.03908,1.976576,33.705814
901,7.508333,-0.020045,0.881553,0.036822,0.470219,-1.393401,89.150574,16.829273,-0.005324,0.876627,0.063075,0.476989,-1.928104,96.765503,17.181324,-0.008656,0.874962,0.061862,0.480146,-3.121255,113.794662,18.992563,0.118642,0.930122,-0.06623,0.341189,-4.627501,133.840698,21.011751,0.094913,0.958344,-0.2212,0.15375,0.367054,147.371704,18.987957,-0.010517,0.815894,0.106778,0.568159,-7.043519,127.69294,17.701414,0.277605,-0.380501,0.25211,-0.845337,-13.905067,129.711136,-0.303654,0.236437,-0.105047,-0.461208,-0.848735,1.558554,112.811363,-13.646741,0.357194,0.039994,-0.628999,-0.689328,14.467443,129.941208,-22.908243,-0.129097,0.915869,0.090004,0.369347,-3.030684,127.363297,23.96747,0.325805,0.881091,0.065133,-0.336582,10.411359,130.65657,37.524841,-0.031333,0.317565,0.518039,-0.793603,25.286654,116.598938,20.676329,0.108987,0.092147,0.679932,-0.719252,19.211224,136.1595,9.723226,0.059514,0.849438,0.165123,0.497642,-6.584085,89.143921,9.089406,0.131189,0.948594,-0.009206,0.287879,-4.330003,55.695282,-3.021211,0.01086,0.927621,-0.109488,0.35695,-15.759516,12.286436,-5.632207,-0.106678,0.788151,-0.01315,0.606024,3.797283,89.157227,24.569139,0.049664,-0.593821,0.072416,-0.799791,9.223058,54.335934,29.916836,0.027207,0.805495,-0.073857,0.587352,6.666724,10.065142,37.35603,0.01086,0.927621,-0.109488,0.35695,-7.131056,3.427701,-14.530289,0.027207,0.805495,-0.073857,0.587352,19.046581,1.972637,33.701729
902,7.516667,-0.020127,0.881653,0.036742,0.470034,-1.36679,89.147232,16.81489,-0.005474,0.876704,0.063101,0.476842,-1.901942,96.762207,17.165392,-0.008649,0.87504,0.061862,0.480004,-3.099972,113.794449,18.975489,0.118801,0.930153,-0.06597,0.341102,-4.605652,133.840485,20.995058,0.094649,0.958399,-0.221184,0.153595,0.390355,147.372116,18.979111,-0.010397,0.816169,0.106548,0.567809,-7.022715,127.692703,17.685539,0.277353,-0.380323,0.251926,-0.845555,-13.89974,129.708054,-0.313936,0.236568,-0.105255,-0.461067,-0.848749,1.575984,112.82135,-13.659536,0.357398,0.039985,-0.629001,-0.689221,14.484954,129.937714,-22.927776,-0.12971,0.916019,0.091376,0.368421,-3.00785,127.363113,23.950293,0.326055,0.880967,0.064597,-0.336767,10.454522,130.662506,37.485973,-0.031581,0.317232,0.518092,-0.793692,25.314585,116.586411,20.639442,0.109148,0.092183,0.679814,-0.719335,19.230068,136.160141,9.700031,0.059554,0.8492,0.165731,0.497841,-6.560654,89.138382,9.077159,0.13146,0.949419,-0.009285,0.285018,-4.284044,55.704414,-3.069688,0.0115,0.927684,-0.110001,0.356609,-15.746035,12.302086,-5.646457,-0.106466,0.788294,-0.013542,0.605867,3.827074,89.156082,24.55262,0.049691,-0.593819,0.0725,-0.799784,9.225245,54.332329,29.912138,0.026972,0.8055,-0.074014,0.587337,6.66439,10.062856,37.357628,0.0115,0.927684,-0.110001,0.356609,-7.136882,3.4251,-14.545048,0.026972,0.8055,-0.074014,0.587337,19.045544,1.970826,33.706684
903,7.525,-0.020152,0.881794,0.036533,0.469785,-1.342703,89.142693,16.802437,-0.005543,0.876871,0.063095,0.476536,-1.876602,96.757889,17.150106,-0.0087,0.875214,0.061905,0.479679,-3.075998,113.790657,18.959379,0.118838,0.930195,-0.065972,0.340973,-4.583563,133.836441,20.980034,0.094404,0.958432,-0.221095,0.153666,0.412955,147.367813,18.963551,-0.010851,0.815911,0.106982,0.56809,-7.002017,127.688255,17.672285,0.277279,-0.380421,0.252139,-0.845472,-13.866335,129.700073,-0.332443,0.236382,-0.105296,-0.461274,-0.848683,1.599711,112.80497,-13.678636,0.357497,0.039917,-0.628956,-0.689214,14.502918,129.933304,-22.949001,-0.129894,0.916115,0.091538,0.368079,-2.982512,127.359344,23.934103,0.326299,0.880949,0.065463,-0.33641,10.48778,130.664673,37.460472,-0.030912,0.316914,0.518054,-0.79387,25.352133,116.59169,20.615105,0.109615,0.092522,0.679636,-0.719388,19.25816,136.152466,9.671752,0.059618,0.849414,0.165943,0.497398,-6.540918,89.131378,9.06763,0.131472,0.950325,-0.009028,0.281987,-4.266813,55.702984,-3.095014,0.015926,0.927348,-0.109501,0.357466,-15.731531,12.300521,-5.657393,-0.106336,0.788675,-0.01394,0.605384,3.855512,89.154007,24.537245,0.049724,-0.594302,0.072892,-0.799387,9.2326,54.329063,29.910248,0.026256,0.806071,-0.074759,0.586491,6.650104,10.06502,37.380489,0.015926,0.927348,-0.109501,0.357466,-7.165554,3.393175,-14.567306,0.026256,0.806071,-0.074759,0.586491,19.024763,1.968254,33.718037
904,7.533333,-0.020148,0.88195,0.036453,0.469498,-1.315791,89.133217,16.785994,-0.005369,0.876964,0.063076,0.476368,-1.84895,96.748505,17.132778,-0.00897,0.875268,0.061916,0.479576,-3.042713,113.785187,18.944942,0.11866,0.93026,-0.065787,0.340893,-4.559793,133.830719,20.960917,0.094276,0.958482,-0.220989,0.153586,0.430116,147.364899,18.946972,-0.010818,0.816143,0.107,0.567754,-6.975863,127.680519,17.655178,0.277358,-0.380487,0.251892,-0.845489,-13.854973,129.692291,-0.343904,0.236435,-0.105361,-0.461211,-0.848694,1.615009,112.805428,-13.695974,0.357394,0.039903,-0.628954,-0.689271,14.520558,129.930908,-22.969606,-0.129974,0.916121,0.091283,0.368099,-2.95495,127.355148,23.916277,0.326089,0.881013,0.065302,-0.336479,10.513973,130.666916,37.442429,-0.030728,0.316948,0.517852,-0.793996,25.38315,116.600014,20.596235,0.109902,0.092617,0.679577,-0.719388,19.280777,136.152725,9.645597,0.059704,0.849657,0.166022,0.496945,-6.519026,89.121002,9.054564,0.131554,0.950848,-0.008909,0.280182,-4.253718,55.695213,-3.116866,0.015578,0.927406,-0.109759,0.357251,-15.72716,12.294498,-5.66975,-0.10612,0.788952,-0.01448,0.605049,3.887444,89.145432,24.517424,0.049719,-0.594145,0.072755,-0.799516,9.231502,54.318298,29.909164,0.027,0.805818,-0.073627,0.586948,6.656995,10.052416,37.371258,0.015578,0.927406,-0.109759,0.357251,-7.162163,3.384418,-14.577871,0.027,0.805818,-0.073627,0.586948,19.037556,1.967592,33.702381
905,7.541667,-0.020399,0.882472,0.03573,0.468563,-1.305294,89.117638,16.793612,-0.005296,0.877242,0.062473,0.475937,-1.836297,96.733566,17.129427,-0.009107,0.875411,0.06201,0.479298,-3.017934,113.784683,18.926552,0.118262,0.930416,-0.065509,0.340659,-4.541033,133.829651,20.943674,0.094542,0.958469,-0.220996,0.153494,0.435127,147.369141,18.931437,-0.010805,0.816234,0.106872,0.567648,-6.956889,127.678612,17.639336,0.276734,-0.380385,0.251844,-0.845754,-13.840693,129.687515,-0.358279,0.236041,-0.105604,-0.461118,-0.848824,1.634722,112.813354,-13.72012,0.357272,0.039525,-0.629013,-0.689302,14.535027,129.928085,-22.989632,-0.129986,0.916238,0.09093,0.367889,-2.932054,127.354622,23.897987,0.325834,0.881143,0.06496,-0.336451,10.542719,130.673157,37.416656,-0.030505,0.316896,0.517522,-0.79424,25.421719,116.609726,20.576235,0.110123,0.092615,0.679918,-0.719032,19.301952,136.15274,9.618117,0.059596,0.849815,0.166934,0.496383,-6.524694,89.094147,9.073111,0.131751,0.951179,-0.00909,0.278959,-4.227923,55.689079,-3.149211,0.015779,0.927494,-0.109717,0.357027,-15.725681,12.293312,-5.676785,-0.105833,0.789036,-0.014845,0.60498,3.914107,89.141121,24.514112,0.049689,-0.593806,0.072596,-0.799784,9.227021,54.310425,29.913605,0.026601,0.805727,-0.073631,0.58709,6.659117,10.042193,37.364029,0.015779,0.927494,-0.109717,0.357027,-7.167994,3.382111,-14.590814,0.026601,0.805727,-0.073631,0.58709,19.045994,1.963673,33.702576
906,7.55,-0.020418,0.882373,0.036284,0.468705,-1.258222,89.13134,16.761654,-0.005748,0.877346,0.062785,0.475698,-1.793497,96.746643,17.104715,-0.009049,0.875616,0.062147,0.478907,-2.992757,113.787148,18.903173,0.11847,0.930453,-0.065563,0.340475,-4.515575,133.831482,20.92691,0.094035,0.958562,-0.2208,0.153506,0.465839,147.368958,18.914148,-0.010896,0.816378,0.106912,0.567432,-6.933908,127.681114,17.623114,0.277572,-0.380619,0.251623,-0.84544,-13.827141,129.687057,-0.371221,0.23638,-0.105564,-0.46119,-0.848696,1.644714,112.806664,-13.729304,0.356883,0.039959,-0.629025,-0.689468,14.549033,129.92923,-23.009518,-0.13004,0.916343,0.091064,0.367575,-2.903474,127.355789,23.878088,0.325664,0.881193,0.06472,-0.336531,10.5797,130.67598,37.38797,-0.030134,0.316493,0.517292,-0.794565,25.461718,116.615639,20.547647,0.110558,0.092365,0.680514,-0.718434,19.318815,136.152557,9.590055,0.05984,0.84984,0.166608,0.496421,-6.475132,89.112518,9.039459,0.131859,0.951478,-0.009143,0.277884,-4.204346,55.701775,-3.172204,0.015747,0.927538,-0.110436,0.356691,-15.715358,12.308663,-5.684981,-0.105576,0.789043,-0.015584,0.604997,3.958689,89.150154,24.48385,0.049766,-0.593465,0.072574,-0.800035,9.225312,54.317188,29.91396,0.026492,0.805852,-0.073735,0.586911,6.659883,10.049364,37.367653,0.015747,0.927538,-0.110436,0.356691,-7.168472,3.381039,-14.592934,0.026492,0.805852,-0.073735,0.586911,19.045353,1.970271,33.702721
907,7.558333,-0.020897,0.882619,0.036429,0.468209,-1.220026,89.137009,16.748257,-0.005877,0.877556,0.062752,0.475314,-1.762607,96.751854,17.09013,-0.009159,0.875799,0.062228,0.478561,-2.964121,113.788177,18.885582,0.118339,0.930537,-0.065524,0.340299,-4.491555,133.832016,20.910635,0.093856,0.958589,-0.220733,0.153541,0.485434,147.370895,18.896399,-0.011093,0.816524,0.106939,0.567212,-6.910533,127.680931,17.608652,0.277308,-0.38061,0.251602,-0.845537,-13.813268,129.680252,-0.382774,0.236179,-0.105656,-0.461253,-0.848706,1.659508,112.80497,-13.746233,0.356725,0.039995,-0.629243,-0.689348,14.561336,129.931717,-23.027313,-0.130155,0.916492,0.091166,0.367138,-2.875191,127.356812,23.860527,0.325598,0.881201,0.064494,-0.336616,10.619269,130.681915,37.357922,-0.030427,0.316594,0.51715,-0.794606,25.500511,116.620781,20.517584,0.110544,0.092658,0.679632,-0.719232,19.352991,136.160385,9.561064,0.059857,0.850121,0.166863,0.495852,-6.445225,89.11113,9.031689,0.132021,0.951751,-0.009314,0.276864,-4.174404,55.706596,-3.19693,0.014823,0.927819,-0.11078,0.355893,-15.705935,12.317616,-5.686765,-0.10521,0.789132,-0.016277,0.604927,4.005172,89.16288,24.464825,0.049907,-0.593398,0.072677,-0.800067,9.222049,54.325985,29.917711,0.025928,0.806278,-0.07465,0.586234,6.656213,10.060769,37.386765,0.014823,0.927819,-0.11078,0.355893,-7.164311,3.390324,-14.600095,0.025928,0.806278,-0.07465,0.586234,19.033407,1.971197,33.716984
908,7.566667,-0.021219,0.883224,0.035679,0.467111,-1.210802,89.12101,16.756893,-0.005726,0.877919,0.062128,0.474727,-1.751945,96.736473,17.087032,-0.009099,0.876035,0.062263,0.478125,-2.938251,113.785896,18.868088,0.118167,0.930679,-0.065537,0.339969,-4.463244,133.829605,20.896282,0.093612,0.958656,-0.220645,0.153401,0.508193,147.369904,18.877777,-0.01122,0.816658,0.106989,0.567008,-6.885645,127.678848,17.596218,0.277342,-0.380739,0.25146,-0.84551,-13.797244,129.674347,-0.392236,0.236147,-0.105708,-0.461346,-0.848658,1.674104,112.8032,-13.762572,0.356694,0.040051,-0.629298,-0.689311,14.570801,129.931396,-23.045418,-0.130308,0.916572,0.091116,0.366897,-2.844074,127.354134,23.844038,0.32541,0.881187,0.063834,-0.336961,10.655702,130.686615,37.334305,-0.030449,0.316693,0.516993,-0.794668,25.531097,116.623878,20.490133,0.110831,0.092644,0.679347,-0.719459,19.378284,136.161697,9.528213,0.059805,0.850166,0.167896,0.495431,-6.454885,89.082336,9.053197,0.132147,0.951774,-0.009729,0.276709,-4.149633,55.702,-3.234934,0.014389,0.927901,-0.111082,0.355603,-15.702402,12.316715,-5.690598,-0.104934,0.78911,-0.016699,0.604992,4.033281,89.159683,24.46059,0.049914,-0.593199,0.072596,-0.800221,9.216215,54.319645,29.925779,0.026733,0.806122,-0.073443,0.586565,6.65473,10.053438,37.390423,0.014389,0.927901,-0.111082,0.355603,-7.162329,3.386442,-14.60243,0.026733,0.806122,-0.073443,0.586565,19.03651,1.976313,33.708717
909,7.575,-0.021372,0.883539,0.035552,0.466518,-1.184369,89.119675,16.742758,-0.005773,0.878135,0.062151,0.474324,-1.72646,96.735176,17.070457,-0.009176,0.876217,0.06224,0.477793,-2.913882,113.786575,18.852211,0.118077,0.930785,-0.065492,0.339719,-4.440405,133.830338,20.8787,0.093464,0.9587,-0.220629,0.153236,0.527354,147.37178,18.858824,-0.011367,0.816755,0.107007,0.566861,-6.864331,127.678741,17.581316,0.277186,-0.380768,0.251433,-0.845556,-13.782239,129.669342,-0.405252,0.236042,-0.105796,-0.461445,-0.848623,1.688658,112.801514,-13.780296,0.356865,0.039727,-0.629461,-0.689092,14.579448,129.931351,-23.064697,-0.130394,0.916672,0.091197,0.366596,-2.818054,127.35553,23.826164,0.325272,0.88122,0.063636,-0.337046,10.689403,130.691498,37.307869,-0.030031,0.316688,0.516724,-0.794861,25.566555,116.631401,20.463047,0.110737,0.092123,0.679355,-0.719533,19.401388,136.155502,9.489306,0.059225,0.851318,0.167702,0.493586,-6.438658,89.076851,9.046041,0.132402,0.952636,-0.008999,0.273631,-4.13202,55.686958,-3.21583,0.015726,0.927866,-0.110672,0.355766,-15.69625,12.30652,-5.702955,-0.10466,0.78945,-0.017545,0.604572,4.069919,89.162491,24.439474,0.050005,-0.593431,0.072641,-0.80004,9.203991,54.320431,29.937727,0.025945,0.806608,-0.074243,0.585831,6.646328,10.055619,37.411957,0.015726,0.927866,-0.110672,0.355766,-7.169743,3.373002,-14.624521,0.025945,0.806608,-0.074243,0.585831,19.023079,1.973823,33.723598
910,7.583333,-0.02146,0.883881,0.035435,0.465873,-1.159684,89.117264,16.727404,-0.00589,0.878405,0.062023,0.473839,-1.701889,96.732834,17.053288,-0.009235,0.876456,0.062263,0.47735,-2.890049,113.788284,18.830303,0.11779,0.930943,-0.065457,0.339389,-4.418081,133.831879,20.857248,0.093458,0.958735,-0.220551,0.153135,0.540689,147.375992,18.833214,-0.011468,0.816873,0.107029,0.566685,-6.84421,127.67968,17.562609,0.277654,-0.380927,0.251126,-0.845422,-13.769743,129.666794,-0.421409,0.236267,-0.105706,-0.461565,-0.848506,1.702927,112.802742,-13.799175,0.356882,0.0397,-0.629599,-0.688959,14.58856,129.933517,-23.084965,-0.130133,0.916864,0.090822,0.366303,-2.791652,127.357521,23.803436,0.325236,0.881203,0.063602,-0.337133,10.726778,130.691559,37.27462,-0.029907,0.316465,0.516601,-0.795034,25.602072,116.633118,20.426762,0.110983,0.092104,0.679077,-0.71976,19.424183,136.155701,9.455071,0.059358,0.850843,0.168582,0.494087,-6.425104,89.071419,9.038316,0.132574,0.952758,-0.00963,0.2731,-4.087507,55.703747,-3.278071,0.016272,0.927917,-0.111371,0.35539,-15.682936,12.328449,-5.708918,-0.104316,0.789853,-0.018451,0.604078,4.105736,89.163116,24.416491,0.050052,-0.593172,0.072312,-0.800258,9.18504,54.318249,29.947746,0.026673,0.806406,-0.073258,0.586201,6.650978,10.049579,37.407146,0.016272,0.927917,-0.111371,0.35539,-7.176332,3.373475,-14.627973,0.026673,0.806406,-0.073258,0.586201,19.031599,1.976929,33.71175
911,7.591667,-0.021596,0.884242,0.035299,0.465193,-1.133999,89.117569,16.713562,-0.00585,0.878708,0.061846,0.4733,-1.676824,96.733192,17.037067,-0.009398,0.876719,0.062278,0.476862,-2.859849,113.790199,18.810232,0.117782,0.931084,-0.065361,0.339024,-4.392801,133.833618,20.835392,0.093269,0.958805,-0.220521,0.152854,0.563556,147.378616,18.811378,-0.011556,0.817035,0.107131,0.56643,-6.820322,127.679977,17.544447,0.277832,-0.381034,0.251018,-0.845347,-13.756985,129.665405,-0.435466,0.23632,-0.105725,-0.461644,-0.848446,1.714227,112.802002,-13.815734,0.35687,0.039645,-0.629712,-0.688864,14.597095,129.935257,-23.104603,-0.130048,0.917033,0.090725,0.365934,-2.760872,127.360321,23.780924,0.325011,0.881219,0.063226,-0.337377,10.768864,130.69487,37.240623,-0.029809,0.316185,0.516353,-0.79531,25.643188,116.64077,20.388292,0.111341,0.091941,0.678931,-0.719863,19.445509,136.157959,9.420744,0.059324,0.850608,0.169267,0.494263,-6.411119,89.067711,9.032523,0.132769,0.952795,-0.010131,0.272858,-4.044276,55.71624,-3.322098,0.01672,0.928043,-0.111907,0.35487,-15.668969,12.346491,-5.711849,-0.103934,0.79033,-0.019348,0.603491,4.143122,89.167427,24.394598,0.050148,-0.593128,0.072143,-0.8003,9.1666,54.319298,29.956215,0.026643,0.806521,-0.073161,0.586057,6.649298,10.049298,37.413395,0.01672,0.928043,-0.111907,0.35487,-7.182909,3.374647,-14.633521,0.026643,0.806521,-0.073161,0.586057,19.029743,1.979005,33.712269
912,7.6,-0.021776,0.884715,0.035339,0.46428,-1.111004,89.122513,16.700703,-0.005816,0.879029,0.061578,0.47274,-1.656208,96.737976,17.024031,-0.009416,0.876958,0.062406,0.476404,-2.832399,113.791504,18.789963,0.117675,0.931171,-0.065575,0.338782,-4.36737,133.834259,20.820087,0.092935,0.958834,-0.220493,0.152917,0.587245,147.378647,18.787779,-0.011873,0.817228,0.107197,0.566133,-6.797025,127.680672,17.530613,0.277787,-0.381142,0.250796,-0.84538,-13.746441,129.656189,-0.445466,0.236202,-0.105765,-0.461745,-0.848419,1.726325,112.801651,-13.835081,0.35666,0.039877,-0.629746,-0.68893,14.603622,129.937363,-23.123343,-0.12982,0.917206,0.090436,0.365652,-2.731072,127.360809,23.76284,0.324681,0.881222,0.062729,-0.337779,10.808968,130.693192,37.212711,-0.029948,0.316153,0.516087,-0.795491,25.680241,116.646873,20.351202,0.111297,0.091875,0.678796,-0.720005,19.468178,136.162613,9.383989,0.059092,0.850772,0.169743,0.493845,-6.403783,89.069244,9.030472,0.13296,0.953143,-0.010206,0.271543,-4.011763,55.727333,-3.345086,0.01677,0.928093,-0.112459,0.354563,-15.657604,12.362284,-5.7171,-0.10356,0.790705,-0.02023,0.603035,4.181775,89.175781,24.370934,0.05025,-0.593002,0.071996,-0.8004,9.149683,54.324608,29.963326,0.026579,0.806612,-0.073178,0.585931,6.647213,10.053623,37.419659,0.01677,0.928093,-0.112459,0.354563,-7.181954,3.377113,-14.63525,0.026579,0.806612,-0.073178,0.585931,19.027031,1.983874,33.715263
913,7.608333,-0.021898,0.885093,0.035256,0.463561,-1.085288,89.123131,16.6868,-0.005931,0.879305,0.061416,0.472246,-1.631287,96.738609,17.008577,-0.009394,0.877194,0.062412,0.475969,-2.807456,113.794388,18.768618,0.117524,0.931261,-0.065763,0.33855,-4.340771,133.837128,20.800159,0.092716,0.958875,-0.220337,0.153018,0.610741,147.381454,18.759855,-0.011657,0.817375,0.107343,0.565897,-6.773574,127.683487,17.513123,0.277869,-0.381239,0.250933,-0.845268,-13.733527,129.668015,-0.457887,0.236302,-0.105942,-0.461733,-0.848375,1.731677,112.805725,-13.846503,0.35689,0.03956,-0.629881,-0.688704,14.608404,129.938431,-23.144072,-0.130577,0.917291,0.091505,0.364903,-2.701445,127.363716,23.741323,0.324701,0.881201,0.062703,-0.337821,10.85214,130.710968,37.173851,-0.029598,0.315824,0.515924,-0.79574,25.721237,116.663803,20.311131,0.111255,0.091184,0.678679,-0.72021,19.49147,136.174774,9.343338,0.05873,0.851058,0.170229,0.493227,-6.390415,89.066505,9.025126,0.133175,0.953496,-0.010344,0.270189,-3.96808,55.733322,-3.368024,0.01282,0.928778,-0.113469,0.352607,-15.638674,12.373674,-5.716933,-0.103212,0.790901,-0.021029,0.602811,4.219839,89.179756,24.348473,0.050356,-0.592812,0.071845,-0.800548,9.135545,54.325806,29.969591,0.026547,0.806667,-0.073045,0.585873,6.64782,10.053817,37.424896,0.01282,0.928778,-0.113469,0.352607,-7.152321,3.401331,-14.637823,0.026547,0.806667,-0.073045,0.585873,19.028685,1.987257,33.717037
914,7.616667,-0.022013,0.885469,0.034973,0.462857,-1.062838,89.125595,16.675247,-0.006075,0.879626,0.06108,0.471689,-1.608152,96.741295,16.992825,-0.009295,0.87747,0.062709,0.475424,-2.781782,113.793503,18.740643,0.117019,0.931525,-0.065607,0.338029,-4.316042,133.834808,20.785515,0.092931,0.958868,-0.22048,0.152724,0.618986,147.384506,18.740816,-0.011678,0.817588,0.107405,0.565577,-6.751847,127.682625,17.497978,0.278315,-0.381508,0.250502,-0.845128,-13.725823,129.666412,-0.467679,0.236724,-0.10565,-0.461775,-0.848271,1.739967,112.812302,-13.865913,0.357231,0.039403,-0.630452,-0.688014,14.620943,129.949844,-23.163254,-0.130638,0.917553,0.09151,0.36422,-2.671962,127.360023,23.720955,0.324636,0.881167,0.062724,-0.337966,10.900326,130.71312,37.133133,-0.029274,0.315297,0.515687,-0.796114,25.766447,116.670395,20.264091,0.111467,0.090796,0.678512,-0.720383,19.510056,136.175476,9.302512,0.058305,0.851355,0.170904,0.492532,-6.380023,89.064011,9.021975,0.133475,0.954341,-0.010199,0.267047,-3.917888,55.743694,-3.397906,0.013285,0.92885,-0.114025,0.352222,-15.617989,12.39098,-5.727992,-0.102876,0.791153,-0.021729,0.602512,4.254347,89.18718,24.328522,0.050481,-0.592597,0.071805,-0.800703,9.123338,54.330433,29.972902,0.025683,0.806926,-0.073927,0.585445,6.643141,10.059071,37.434433,0.013285,0.92885,-0.114025,0.352222,-7.149702,3.40122,-14.648514,0.025683,0.806926,-0.073927,0.585445,19.022202,1.987585,33.73127
915,7.625,-0.022584,0.885764,0.034996,0.462263,-1.023997,89.119926,16.657089,-0.005956,0.879944,0.061303,0.471068,-1.576985,96.735214,16.971294,-0.009753,0.877783,0.062613,0.474849,-2.750336,113.800323,18.729998,0.11694,0.931743,-0.065585,0.33746,-4.297636,133.841766,20.763672,0.093062,0.958948,-0.220506,0.152105,0.633034,147.392426,18.715012,-0.011758,0.817781,0.107408,0.565296,-6.732753,127.685547,17.483204,0.278523,-0.381712,0.250381,-0.845003,-13.718985,129.665573,-0.478107,0.236572,-0.105952,-0.461729,-0.848301,1.741748,112.81134,-13.882007,0.356651,0.039651,-0.63001,-0.688706,14.618275,129.94046,-23.185158,-0.130429,0.917788,0.091593,0.363682,-2.644858,127.370178,23.701294,0.324451,0.881174,0.062573,-0.338155,10.944699,130.717743,37.097351,-0.028949,0.314841,0.515429,-0.796473,25.810421,116.681458,20.222593,0.112054,0.090569,0.678272,-0.720547,19.529062,136.17804,9.265778,0.058115,0.851939,0.171194,0.491443,-6.350956,89.048592,9.010701,0.133712,0.954598,-0.010369,0.266003,-3.882782,55.733776,-3.422722,0.01318,0.928969,-0.114112,0.351883,-15.609357,12.387061,-5.731149,-0.102357,0.79129,-0.022344,0.602398,4.302962,89.191261,24.303478,0.050721,-0.592172,0.071823,-0.801,9.117452,54.328857,29.959625,0.026448,0.806884,-0.07299,0.585586,6.644891,10.059917,37.437992,0.01318,0.928969,-0.114112,0.351883,-7.147126,3.396028,-14.656134,0.026448,0.806884,-0.07299,0.585586,19.024637,1.995859,33.720963
916,7.633333,-0.021128,0.886129,0.033992,0.461708,-1.030677,89.140152,16.648821,-0.005869,0.880231,0.061007,0.47057,-1.556681,96.757469,16.960093,-0.009795,0.87805,0.062687,0.474344,-2.720057,113.80088,18.709602,0.116934,0.93189,-0.065744,0.337023,-4.269108,133.841919,20.745968,0.0928,0.959034,-0.220475,0.151764,0.661231,147.391632,18.690201,-0.011819,0.818089,0.107463,0.564838,-6.706702,127.685356,17.467981,0.27837,-0.381842,0.250342,-0.845007,-13.71291,129.662628,-0.485855,0.236471,-0.106176,-0.46173,-0.848301,1.743616,112.811256,-13.898222,0.356699,0.039613,-0.629875,-0.688806,14.61903,129.939941,-23.208897,-0.130535,0.918023,0.091799,0.362997,-2.611682,127.370522,23.68141,0.324235,0.881114,0.061915,-0.338639,10.996101,130.72261,37.057823,-0.02888,0.314507,0.515203,-0.796755,25.8519,116.687263,20.17355,0.112401,0.090115,0.677997,-0.720809,19.549242,136.182816,9.221853,0.057375,0.852768,0.170951,0.490174,-6.368374,89.083725,9.009801,0.133673,0.955125,-0.009635,0.264149,-3.882624,55.756878,-3.387832,0.013645,0.92905,-0.114751,0.351442,-15.593028,12.407899,-5.735562,-0.102281,0.791489,-0.022619,0.602139,4.307021,89.196579,24.287842,0.050857,-0.592075,0.071749,-0.80107,9.10728,54.33395,29.954687,0.026556,0.806898,-0.073092,0.58555,6.64645,10.065281,37.438591,0.013645,0.92905,-0.114751,0.351442,-7.150526,3.397522,-14.659725,0.026556,0.806898,-0.073092,0.58555,19.023533,1.997384,33.721031
917,7.641667,-0.022554,0.886063,0.035251,0.461671,-0.935006,89.121941,16.605759,-0.006851,0.880385,0.061621,0.47019,-1.489169,96.736969,16.923996,-0.009435,0.878326,0.062945,0.473806,-2.692596,113.79496,18.678423,0.116483,0.932163,-0.065698,0.336434,-4.23256,133.834961,20.731766,0.092709,0.959095,-0.220533,0.151351,0.683391,147.388809,18.66884,-0.011887,0.818475,0.107501,0.56427,-6.676274,127.681648,17.452227,0.279028,-0.382346,0.249717,-0.844746,-13.707289,129.655045,-0.492328,0.236727,-0.106067,-0.461749,-0.848232,1.745389,112.814369,-13.922523,0.356655,0.039567,-0.629751,-0.688945,14.618619,129.939041,-23.232538,-0.130401,0.918309,0.091553,0.362384,-2.573557,127.360832,23.660267,0.32402,0.88098,0.061509,-0.339266,11.052808,130.715225,37.017166,-0.028947,0.313973,0.515094,-0.797033,25.893446,116.686943,20.11372,0.11273,0.089662,0.677683,-0.72111,19.569323,136.187607,9.177965,0.057803,0.853428,0.170709,0.489059,-6.272172,89.052788,8.966472,0.134046,0.955041,-0.010311,0.264238,-3.837205,55.723564,-3.434855,0.012909,0.929234,-0.114324,0.351122,-15.594785,12.384785,-5.734572,-0.10158,0.791751,-0.023868,0.601866,4.40216,89.191086,24.245045,0.050923,-0.591955,0.071894,-0.801141,9.111593,54.322403,29.95075,0.025598,0.807172,-0.073712,0.585136,6.642765,10.056225,37.446697,0.012909,0.929234,-0.114324,0.351122,-7.145761,3.390835,-14.669125,0.025598,0.807172,-0.073712,0.585136,19.021776,1.990255,33.731384
918,7.65,-0.022552,0.886368,0.035208,0.46109,-0.909062,89.119011,16.590612,-0.006874,0.880729,0.061228,0.469597,-1.462685,96.734093,16.908642,-0.009434,0.878656,0.063034,0.473182,-2.659199,113.792503,18.651545,0.116267,0.932384,-0.065528,0.33593,-4.199356,133.832062,20.709137,0.092547,0.959144,-0.220628,0.151,0.70756,147.389038,18.645247,-0.011816,0.818893,0.107709,0.563625,-6.646749,127.678703,17.432415,0.279233,-0.382584,0.249519,-0.844629,-13.705996,129.656021,-0.500619,0.236707,-0.106278,-0.461716,-0.848229,1.742247,112.818054,-13.939331,0.356421,0.039473,-0.629669,-0.689147,14.614652,129.938904,-23.256809,-0.130355,0.918461,0.091571,0.362011,-2.535219,127.35788,23.634621,0.323739,0.880961,0.061551,-0.339578,11.102077,130.712463,36.980312,-0.02866,0.313501,0.514824,-0.797403,25.941145,116.699425,20.062832,0.113156,0.089445,0.677414,-0.721322,19.591194,136.191528,9.133398,0.057588,0.853423,0.171387,0.488856,-6.256229,89.049019,8.958332,0.134335,0.955274,-0.0107,0.263234,-3.786985,55.734573,-3.475886,0.013421,0.929315,-0.114827,0.350726,-15.58052,12.403518,-5.736682,-0.101235,0.791831,-0.024241,0.601804,4.438106,89.189003,24.222895,0.05109,-0.591619,0.071932,-0.801376,9.112753,54.316616,29.93454,0.026238,0.806997,-0.072776,0.585467,6.647023,10.052451,37.443398,0.013421,0.929315,-0.114827,0.350726,-7.150193,3.392926,-14.672131,0.026238,0.806997,-0.072776,0.585467,19.030132,1.995991,33.721119
919,7.658333,-0.02256,0.886631,0.035144,0.460588,-0.884251,89.116478,16.576237,-0.006935,0.881035,0.06105,0.469045,-1.437356,96.731621,16.893667,-0.009483,0.878963,0.063122,0.472599,-2.631962,113.793182,18.631216,0.116223,0.932567,-0.065636,0.335415,-4.174156,133.832245,20.691998,0.092417,0.959209,-0.220684,0.150584,0.730687,147.388962,18.621441,-0.011849,0.819177,0.107751,0.563203,-6.624386,127.678513,17.418123,0.279268,-0.382917,0.249346,-0.844518,-13.702011,129.653793,-0.507893,0.23645,-0.106488,-0.461719,-0.848273,1.737309,112.819412,-13.961324,0.356034,0.0394,-0.62951,-0.689496,14.606665,129.939133,-23.281204,-0.130327,0.918783,0.091846,0.361133,-2.504661,127.358292,23.614922,0.323376,0.880893,0.061166,-0.340168,11.157514,130.712784,36.935169,-0.028643,0.312984,0.514574,-0.797768,25.98778,116.712868,19.999119,0.113132,0.088674,0.677476,-0.721363,19.609919,136.206284,9.081261,0.057377,0.853744,0.17176,0.488188,-6.240031,89.045372,8.950004,0.134576,0.955635,-0.010779,0.261793,-3.754435,55.738304,-3.500716,0.016103,0.929062,-0.114723,0.351316,-15.573502,12.413224,-5.742694,-0.100971,0.792008,-0.024588,0.601602,4.471529,89.187584,24.202469,0.051227,-0.591392,0.072043,-0.801525,9.118027,54.312588,29.921194,0.026272,0.806988,-0.072571,0.585502,6.649567,10.051123,37.445087,0.016103,0.929062,-0.114723,0.351316,-7.169418,3.380255,-14.680269,0.026272,0.806988,-0.072571,0.585502,19.034519,1.99838,33.720875
920,7.666667,-0.021513,0.88696,0.034658,0.460042,-0.878147,89.133286,16.564863,-0.006985,0.881322,0.060832,0.468532,-1.413458,96.749649,16.883427,-0.009569,0.87924,0.063191,0.472072,-2.603784,113.793732,18.612436,0.116027,0.932768,-0.065619,0.334927,-4.149119,133.832382,20.674929,0.092421,0.959234,-0.22086,0.150166,0.748633,147.39093,18.599712,-0.011868,0.819481,0.107817,0.562748,-6.601495,127.67794,17.403976,0.279457,-0.383426,0.249108,-0.844295,-13.698955,129.652054,-0.514318,0.236242,-0.106594,-0.461678,-0.84834,1.725952,112.819901,-13.987066,0.355588,0.03934,-0.629422,-0.68981,14.595956,129.939194,-23.306475,-0.130392,0.919013,0.092174,0.360441,-2.47438,127.358917,23.595915,0.323227,0.880822,0.061142,-0.340497,11.20649,130.714767,36.89661,-0.028403,0.312495,0.514426,-0.798064,26.029964,116.723656,19.947355,0.113747,0.088528,0.677027,-0.721706,19.631449,136.212494,9.038521,0.056932,0.853953,0.172022,0.487782,-6.24416,89.074821,8.945724,0.134792,0.955838,-0.010685,0.260942,-3.728203,55.770576,-3.506427,0.015408,0.929136,-0.115902,0.350766,-15.565228,12.450534,-5.751035,-0.100901,0.792052,-0.024614,0.601554,4.487864,89.19175,24.184004,0.051383,-0.591086,0.072241,-0.801722,9.129697,54.315845,29.900959,0.0248,0.807215,-0.073372,0.585154,6.65257,10.058388,37.445518,0.015408,0.929136,-0.115902,0.350766,-7.169425,3.39679,-14.675358,0.0248,0.807215,-0.073372,0.585154,19.044756,2.011962,33.73175
921,7.675,-0.021424,0.887145,0.03462,0.459691,-0.853486,89.129097,16.545439,-0.007037,0.88163,0.060736,0.467963,-1.387209,96.74556,16.864325,-0.009539,0.879583,0.063329,0.471415,-2.576656,113.793327,18.590706,0.115848,0.932998,-0.065688,0.334333,-4.12204,133.831284,20.659832,0.09235,0.959273,-0.221028,0.149709,0.769434,147.390961,18.577122,-0.011872,0.819794,0.107823,0.562291,-6.578317,127.677177,17.391197,0.279316,-0.383781,0.24905,-0.844197,-13.695728,129.649216,-0.519414,0.235839,-0.10689,-0.461712,-0.848396,1.716273,112.81855,-14.00878,0.355175,0.039128,-0.629433,-0.690024,14.581988,129.939301,-23.331985,-0.130622,0.919181,0.093014,0.359713,-2.441954,127.357445,23.576923,0.323211,0.880673,0.061622,-0.340811,11.256919,130.713196,36.859104,-0.028116,0.311999,0.514306,-0.798345,26.069603,116.735054,19.889717,0.113669,0.088277,0.676668,-0.722085,19.651312,136.220352,8.988736,0.056754,0.854203,0.172228,0.487293,-6.225575,89.071465,8.930575,0.134982,0.956125,-0.010794,0.259784,-3.69866,55.770821,-3.528989,0.01633,0.92907,-0.11554,0.351016,-15.556947,12.455601,-5.754282,-0.100764,0.792264,-0.024934,0.601284,4.518603,89.186729,24.160301,0.051448,-0.590982,0.072405,-0.80178,9.140954,54.309975,29.88789,0.024493,0.807308,-0.073353,0.585042,6.654611,10.055253,37.445465,0.01633,0.92907,-0.11554,0.351016,-7.16728,3.401665,-14.684179,0.024493,0.807308,-0.073353,0.585042,19.049629,2.013946,33.730042
922,7.683333,-0.021452,0.887386,0.034536,0.45923,-0.823612,89.127052,16.530323,-0.007126,0.881886,0.060775,0.467476,-1.356943,96.743591,16.848148,-0.009714,0.879846,0.063277,0.470927,-2.548704,113.790199,18.574808,0.115427,0.933239,-0.065865,0.333773,-4.098144,133.828308,20.63961,0.092541,0.959325,-0.221047,0.149232,0.781794,147.390228,18.544453,-0.011533,0.820143,0.107757,0.561801,-6.556026,127.672432,17.375479,0.279354,-0.384168,0.248969,-0.844032,-13.695055,129.651611,-0.525738,0.235631,-0.107131,-0.46168,-0.848441,1.703346,112.820244,-14.029741,0.354862,0.038904,-0.629534,-0.690106,14.567908,129.938919,-23.35779,-0.13073,0.919478,0.093473,0.358793,-2.412863,127.355865,23.556818,0.322841,0.880554,0.060413,-0.341685,11.310525,130.713943,36.81308,-0.028642,0.311935,0.514074,-0.798501,26.104271,116.736092,19.826939,0.11353,0.08796,0.676253,-0.722535,19.672203,136.226501,8.93695,0.056579,0.854902,0.172155,0.486111,-6.203579,89.067856,8.921034,0.135012,0.956465,-0.010638,0.25852,-3.68587,55.764008,-3.531825,0.015916,0.929284,-0.115761,0.350397,-15.546062,12.449228,-5.755579,-0.100518,0.792541,-0.02529,0.600945,4.556355,89.186249,24.139612,0.051474,-0.591043,0.072561,-0.801719,9.152142,54.307247,29.874813,0.026713,0.807037,-0.072803,0.585387,6.65666,10.054803,37.442688,0.015916,0.929284,-0.115761,0.350397,-7.164624,3.393632,-14.691518,0.026713,0.807037,-0.072803,0.585387,19.032845,1.990277,33.714848
923,7.691667,-0.021314,0.887613,0.034524,0.458799,-0.797273,89.121056,16.51218,-0.006935,0.882193,0.061054,0.466863,-1.328497,96.737694,16.831074,-0.010064,0.880194,0.063011,0.470306,-2.518484,113.7939,18.571131,0.115351,0.933444,-0.065952,0.333206,-4.073854,133.833069,20.620937,0.092574,0.959374,-0.221218,0.148643,0.802756,147.395142,18.519049,-0.011889,0.8205,0.107798,0.561265,-6.533517,127.673355,17.365438,0.279452,-0.384675,0.248571,-0.843886,-13.695547,129.639709,-0.528003,0.235464,-0.107191,-0.461793,-0.848419,1.692683,112.818588,-14.056362,0.354724,0.038697,-0.629715,-0.690024,14.550643,129.939911,-23.383518,-0.130623,0.919713,0.093496,0.358225,-2.381747,127.363861,23.541359,0.32281,0.880311,0.060339,-0.342352,11.358505,130.721039,36.780365,-0.028072,0.311505,0.514187,-0.798617,26.129128,116.749596,19.768845,0.113907,0.087079,0.676558,-0.722296,19.690365,136.237045,8.880278,0.0566,0.855113,0.172051,0.485775,-6.184733,89.063667,8.90818,0.134568,0.956919,-0.010605,0.257069,-3.676833,55.757435,-3.540283,0.014386,0.93003,-0.115793,0.348467,-15.502116,12.431809,-5.738555,-0.100272,0.793052,-0.025813,0.60029,4.590187,89.178444,24.116179,0.05148,-0.591527,0.072702,-0.801349,9.154595,54.297829,29.866638,0.026298,0.80717,-0.07282,0.585219,6.653879,10.047287,37.443913,0.014386,0.93003,-0.115793,0.348467,-7.138921,3.38828,-14.703762,0.026298,0.80717,-0.07282,0.585219,19.033354,1.988795,33.71394
924,7.7,-0.02128,0.887755,0.034419,0.458534,-0.766385,89.116318,16.49469,-0.007038,0.882441,0.061127,0.466383,-1.296327,96.733086,16.812555,-0.010168,0.880483,0.063048,0.469756,-2.490089,113.795113,18.55447,0.115131,0.93362,-0.066262,0.332729,-4.048591,133.834015,20.604609,0.092468,0.959395,-0.221383,0.148325,0.823221,147.395721,18.489288,-0.011526,0.820864,0.107638,0.560771,-6.510509,127.67334,17.352617,0.278685,-0.384892,0.249138,-0.843874,-13.694379,129.645523,-0.531423,0.234832,-0.107761,-0.461732,-0.848555,1.670028,112.811638,-14.070962,0.354498,0.038505,-0.629727,-0.690139,14.530422,129.93779,-23.411089,-0.130304,0.920118,0.093209,0.357375,-2.351078,127.365509,23.52346,0.322903,0.880117,0.06081,-0.34268,11.415966,130.720398,36.735184,-0.027231,0.3105,0.514405,-0.798896,26.171457,116.757515,19.703533,0.114785,0.085731,0.676817,-0.722076,19.714033,136.246536,8.828291,0.056258,0.855235,0.172666,0.48538,-6.158392,89.058365,8.893921,0.135405,0.957372,-0.010656,0.254931,-3.613719,55.764492,-3.580113,0.014549,0.929735,-0.116709,0.348941,-15.515738,12.459302,-5.766885,-0.100116,0.793336,-0.026161,0.599925,4.625622,89.174271,24.095457,0.05145,-0.591569,0.072914,-0.801301,9.169023,54.292713,29.856842,0.026546,0.80707,-0.07267,0.585365,6.651901,10.044664,37.443264,0.014549,0.929735,-0.116709,0.348941,-7.150329,3.393757,-14.707753,0.026546,0.80707,-0.07267,0.585365,19.031179,1.985502,33.714096
925,7.708333,-0.022315,0.887904,0.034995,0.458152,-0.715608,89.098015,16.473093,-0.007227,0.88276,0.06126,0.465757,-1.263471,96.713486,16.791735,-0.010087,0.880855,0.063123,0.46905,-2.465888,113.80352,18.538404,0.115276,0.933801,-0.066585,0.332105,-4.021298,133.842117,20.59395,0.092297,0.959446,-0.221594,0.147788,0.854794,147.400528,18.467499,-0.011613,0.8212,0.107524,0.560299,-6.488371,127.681877,17.34502,0.278667,-0.385389,0.249051,-0.843679,-13.692641,129.646713,-0.531617,0.234547,-0.108095,-0.461831,-0.848537,1.653774,112.812302,-14.090899,0.354229,0.038444,-0.629749,-0.690261,14.50609,129.939178,-23.438833,-0.130025,0.920418,0.093286,0.356682,-2.319039,127.373192,23.509136,0.322797,0.879915,0.061089,-0.34325,11.469987,130.721115,36.699684,-0.02674,0.309731,0.51432,-0.799267,26.208412,116.77359,19.640676,0.115186,0.085299,0.676986,-0.721904,19.725836,136.256927,8.778717,0.056451,0.855075,0.173336,0.485401,-6.1133,89.027557,8.876465,0.135872,0.957605,-0.011242,0.253782,-3.556286,55.751766,-3.643229,0.019596,0.929171,-0.115963,0.350443,-15.513638,12.459126,-5.775989,-0.099804,0.793536,-0.026729,0.599688,4.682084,89.168472,24.069721,0.051467,-0.591617,0.073189,-0.801239,9.185362,54.284595,29.848572,0.025288,0.807422,-0.073613,0.584818,6.649999,10.040307,37.450832,0.019596,0.929171,-0.115963,0.350443,-7.186444,3.364731,-14.723234,0.025288,0.807422,-0.073613,0.584818,19.030556,1.980989,33.726246
926,7.716667,-0.021211,0.888164,0.0345,0.457739,-0.711371,89.118515,16.459,-0.006857,0.882954,0.061069,0.465421,-1.240656,96.735252,16.778929,-0.010249,0.881015,0.063117,0.468747,-2.426846,113.808357,18.524366,0.115072,0.933986,-0.066093,0.331754,-3.987209,133.846848,20.577171,0.092151,0.959417,-0.222188,0.147171,0.877887,147.410583,18.459406,-0.011508,0.821794,0.107522,0.55943,-6.454492,127.685226,17.331034,0.27874,-0.385865,0.248893,-0.843483,-13.696578,129.649475,-0.530384,0.234263,-0.108529,-0.461909,-0.848518,1.634514,112.816154,-14.108351,0.353829,0.03824,-0.629782,-0.690446,14.479472,129.942932,-23.46841,-0.130329,0.920588,0.093301,0.356126,-2.280979,127.379013,23.492443,0.322809,0.879663,0.060309,-0.34402,11.520319,130.740433,36.666714,-0.026597,0.309568,0.514339,-0.799322,26.23024,116.784882,19.589687,0.115442,0.084912,0.676947,-0.721946,19.743343,136.269562,8.728754,0.055981,0.854591,0.173827,0.486133,-6.117019,89.061729,8.867918,0.135999,0.957896,-0.011385,0.252607,-3.503388,55.794323,-3.662349,0.015523,0.929902,-0.117943,0.348038,-15.477279,12.505078,-5.771069,-0.099874,0.793724,-0.026798,0.599424,4.694278,89.175301,24.050083,0.05144,-0.591731,0.07337,-0.80114,9.200476,54.292702,29.834318,0.02643,0.807063,-0.072725,0.585373,6.651869,10.050556,37.444592,0.015523,0.929902,-0.117943,0.348038,-7.15234,3.401667,-14.711237,0.02643,0.807063,-0.072725,0.585373,19.032148,1.992075,33.71727
927,7.725,-0.022144,0.888272,0.035216,0.457431,-0.660938,89.0998,16.436424,-0.006979,0.883255,0.060902,0.464868,-1.20777,96.715149,16.759695,-0.010283,0.881342,0.063361,0.468098,-2.395252,113.808609,18.500889,0.115012,0.934179,-0.066532,0.331142,-3.959906,133.845825,20.562843,0.092038,0.95949,-0.222213,0.146732,0.905168,147.407043,18.428963,-0.011455,0.822192,0.107216,0.558904,-6.429665,127.684425,17.318176,0.279442,-0.386661,0.248226,-0.843083,-13.694574,129.641373,-0.534776,0.234283,-0.108507,-0.462229,-0.848341,1.621523,112.817017,-14.140749,0.353635,0.038026,-0.630103,-0.690265,14.452824,129.952652,-23.502897,-0.130299,0.920803,0.093275,0.35559,-2.247097,127.377617,23.473412,0.322607,0.879459,0.060037,-0.344779,11.569304,130.741318,36.631264,-0.026404,0.309088,0.514296,-0.799542,26.258438,116.796158,19.527885,0.115567,0.084283,0.677281,-0.721686,19.755217,136.282608,8.676116,0.056003,0.854794,0.174252,0.485621,-6.071082,89.033417,8.848621,0.136374,0.958029,-0.011903,0.251877,-3.451217,55.776714,-3.70873,0.015445,0.93001,-0.117863,0.347779,-15.469954,12.49772,-5.772234,-0.099578,0.793698,-0.027129,0.599492,4.749206,89.166183,24.024223,0.051466,-0.591717,0.073721,-0.801117,9.224163,54.28064,29.814974,0.026243,0.80707,-0.072542,0.585395,6.65173,10.043371,37.445595,0.015445,0.93001,-0.117863,0.347779,-7.148844,3.396642,-14.718342,0.026243,0.80707,-0.072542,0.585395,19.036228,1.991606,33.717773
928,7.733333,-0.021982,0.888437,0.03536,0.457107,-0.633257,89.0989,16.415783,-0.00691,0.883518,0.061162,0.464335,-1.17878,96.714203,16.742353,-0.010339,0.881653,0.063346,0.467512,-2.36776,113.813484,18.493969,0.114898,0.934359,-0.06692,0.330596,-3.932755,133.850723,20.555389,0.091926,0.959511,-0.222467,0.146274,0.930684,147.410172,18.406633,-0.011567,0.822534,0.107108,0.55842,-6.405841,127.68853,17.314772,0.279565,-0.387391,0.247986,-0.842778,-13.691631,129.63739,-0.530557,0.233517,-0.109232,-0.46241,-0.848361,1.60085,112.814453,-14.164831,0.352681,0.037558,-0.629621,-0.691218,14.413041,129.948456,-23.538393,-0.130017,0.921154,0.0933,0.354777,-2.215132,127.383163,23.46454,0.322549,0.879254,0.060339,-0.345303,11.626487,130.741196,36.597313,-0.026046,0.30837,0.514187,-0.799901,26.298428,116.809425,19.468264,0.11581,0.083763,0.676803,-0.722157,19.771126,136.289276,8.63221,0.055788,0.854787,0.174629,0.485522,-6.049055,89.036156,8.831983,0.136607,0.958092,-0.012258,0.251492,-3.404267,55.787132,-3.740477,0.015774,0.93013,-0.118436,0.347249,-15.45147,12.51463,-5.773896,-0.099467,0.793799,-0.027262,0.599371,4.782541,89.161644,23.999584,0.051431,-0.592132,0.074093,-0.800777,9.246448,54.275047,29.792482,0.02613,0.80704,-0.072552,0.585441,6.649514,10.042414,37.441612,0.015774,0.93013,-0.118436,0.347249,-7.149693,3.397064,-14.721182,0.02613,0.80704,-0.072552,0.585441,19.035763,1.992231,33.716183
929,7.741667,-0.021797,0.888556,0.03557,0.456868,-0.602202,89.09877,16.394707,-0.006891,0.883653,0.061469,0.464037,-1.146576,96.713974,16.725559,-0.010481,0.881806,0.063392,0.467215,-2.339946,113.821136,18.488106,0.114804,0.934502,-0.067287,0.33015,-3.910184,133.858017,20.548981,0.09188,0.95954,-0.222752,0.145682,0.952331,147.415665,18.386751,-0.011708,0.822868,0.107047,0.557935,-6.383355,127.694763,17.310452,0.27927,-0.387947,0.248024,-0.842609,-13.689959,129.635651,-0.527239,0.232866,-0.109885,-0.462609,-0.848346,1.57866,112.811073,-14.186208,0.35226,0.037133,-0.629682,-0.6914,14.377748,129.951736,-23.575285,-0.130248,0.921415,0.093324,0.354006,-2.188542,127.391243,23.457518,0.322985,0.878872,0.060245,-0.345884,11.671916,130.761292,36.567329,-0.025337,0.30782,0.514542,-0.799907,26.307655,116.815903,19.418402,0.116357,0.082799,0.676925,-0.722065,19.781124,136.299637,8.585442,0.055709,0.854883,0.174897,0.485266,-6.022229,89.04068,8.81389,0.136876,0.958088,-0.01254,0.251347,-3.366935,55.797707,-3.772339,0.021071,0.929496,-0.118246,0.348727,-15.443553,12.532467,-5.785745,-0.099376,0.793953,-0.027328,0.599179,4.817825,89.15686,23.975525,0.051434,-0.592353,0.074515,-0.800575,9.275257,54.269218,29.767176,0.025926,0.807121,-0.072704,0.585319,6.650415,10.042241,37.439491,0.021071,0.929496,-0.118246,0.348727,-7.187805,3.37146,-14.731249,0.025926,0.807121,-0.072704,0.585319,19.036562,1.992051,33.71373
930,7.75,-0.021462,0.888684,0.035599,0.456631,-0.576563,89.097054,16.376129,-0.006945,0.883872,0.061434,0.463624,-1.116508,96.712448,16.709864,-0.010551,0.882053,0.063518,0.46673,-2.310432,113.823906,18.471476,0.114544,0.934684,-0.067554,0.32967,-3.884386,133.860092,20.536366,0.091861,0.959544,-0.222989,0.145304,0.971817,147.417969,18.361435,-0.012057,0.823248,0.107274,0.557324,-6.359218,127.696465,17.299791,0.280012,-0.388778,0.247359,-0.842175,-13.69192,129.628433,-0.528146,0.232836,-0.110051,-0.462897,-0.848176,1.559943,112.811661,-14.215411,0.352004,0.036597,-0.630002,-0.691268,14.344081,129.957413,-23.612112,-0.13034,0.921684,0.093711,0.35317,-2.157692,127.393486,23.442295,0.322692,0.878787,0.059747,-0.346458,11.724747,130.765915,36.528206,-0.025089,0.307183,0.514238,-0.800355,26.349426,116.828285,19.363548,0.116617,0.081965,0.676929,-0.722114,19.790022,136.307541,8.541346,0.055593,0.855022,0.175182,0.484931,-6.000885,89.044548,8.798347,0.137042,0.957903,-0.013003,0.251936,-3.333386,55.80777,-3.801642,0.021383,0.929559,-0.118709,0.348385,-15.433116,12.547668,-5.786406,-0.099399,0.794324,-0.0274,0.59868,4.847759,89.149559,23.953911,0.051303,-0.59278,0.074927,-0.800229,9.307022,54.262535,29.74785,0.025897,0.80706,-0.072783,0.585394,6.649888,10.039893,37.433987,0.021383,0.929559,-0.118709,0.348385,-7.191955,3.373084,-14.731434,0.025897,0.80706,-0.072783,0.585394,19.036406,1.988576,33.71191
931,7.758333,-0.021335,0.888784,0.035727,0.456432,-0.541826,89.097099,16.357285,-0.006984,0.884091,0.061515,0.463196,-1.080862,96.712433,16.693766,-0.010858,0.882286,0.063948,0.466224,-2.277533,113.839569,18.459442,0.114667,0.934803,-0.067987,0.329199,-3.869345,133.873276,20.53467,0.091743,0.959532,-0.223408,0.144815,0.992058,147.427155,18.346483,-0.012295,0.823471,0.107157,0.557011,-6.34149,127.708565,17.298113,0.280147,-0.389434,0.247163,-0.841884,-13.687465,129.628998,-0.525604,0.232435,-0.110611,-0.46317,-0.848064,1.542415,112.81221,-14.237298,0.351625,0.035961,-0.630452,-0.691084,14.30891,129.96228,-23.649839,-0.130481,0.921932,0.094521,0.352253,-2.133031,127.407158,23.435944,0.32277,0.878448,0.059237,-0.347332,11.773036,130.778152,36.497108,-0.024901,0.30639,0.514542,-0.80047,26.362913,116.836082,19.306459,0.117585,0.081147,0.676899,-0.722078,19.794447,136.328781,8.50633,0.055443,0.855861,0.175067,0.483507,-5.969635,89.047615,8.781981,0.137106,0.958125,-0.012973,0.251058,-3.318066,55.806786,-3.810683,0.01999,0.929878,-0.119685,0.347278,-15.424335,12.548187,-5.78839,-0.099311,0.794482,-0.027461,0.598483,4.885983,89.146584,23.932589,0.051213,-0.593071,0.075349,-0.799979,9.339161,54.25856,29.725155,0.025702,0.807003,-0.07304,0.585449,6.649867,10.040792,37.428139,0.01999,0.929878,-0.119685,0.347278,-7.191649,3.36346,-14.730814,0.025702,0.807003,-0.07304,0.585449,19.036972,1.987293,33.712749
932,7.766667,-0.021247,0.888828,0.036161,0.456317,-0.500231,89.097366,16.332912,-0.007016,0.884219,0.061561,0.462944,-1.041055,96.712288,16.675955,-0.011105,0.882425,0.064138,0.465928,-2.238752,113.836685,18.442589,0.114482,0.934987,-0.067895,0.32876,-3.842252,133.869171,20.520447,0.091684,0.959562,-0.223723,0.144164,1.011819,147.425323,18.33007,-0.011576,0.824148,0.106971,0.55606,-6.312423,127.703133,17.284931,0.280305,-0.389903,0.246953,-0.841676,-13.700095,129.638245,-0.519958,0.232309,-0.111298,-0.463218,-0.847983,1.515931,112.823364,-14.249357,0.351256,0.035513,-0.630945,-0.690844,14.274017,129.967773,-23.687073,-0.130451,0.922053,0.094508,0.351951,-2.099935,127.403954,23.420107,0.322389,0.878392,0.059271,-0.347822,11.814698,130.775757,36.471943,-0.024424,0.305766,0.514283,-0.80089,26.399527,116.854523,19.260128,0.118138,0.080388,0.676662,-0.722295,19.802624,136.335052,8.468361,0.055511,0.856162,0.1751,0.482955,-5.930074,89.052925,8.759033,0.137168,0.958142,-0.0134,0.250936,-3.28957,55.813454,-3.839543,0.015293,0.930622,-0.120616,0.345196,-15.410924,12.557405,-5.780299,-0.099169,0.794434,-0.027591,0.598564,4.929612,89.141808,23.906792,0.05118,-0.593063,0.075752,-0.799949,9.368697,54.252266,29.701075,0.025896,0.806836,-0.072872,0.585692,6.648827,10.039658,37.422932,0.015293,0.930622,-0.120616,0.345196,-7.157975,3.393169,-14.725074,0.025896,0.806836,-0.072872,0.585692,19.037523,1.986743,33.711578
933,7.775,-0.021117,0.888942,0.036395,0.456084,-0.464165,89.100121,16.311928,-0.006463,0.884319,0.061604,0.462755,-1.004758,96.714859,16.659204,-0.011713,0.882469,0.064257,0.465813,-2.185319,113.831116,18.435417,0.113596,0.935321,-0.067322,0.328235,-3.812451,133.862427,20.506245,0.09224,0.95952,-0.224289,0.143205,1.01136,147.429871,18.318974,-0.011311,0.824704,0.10757,0.555125,-6.275786,127.692261,17.273399,0.278806,-0.389925,0.24728,-0.842068,-13.703934,129.644592,-0.512761,0.231266,-0.112524,-0.463307,-0.848057,1.502606,112.84063,-14.266006,0.350854,0.035107,-0.631312,-0.690735,14.23658,129.972382,-23.725586,-0.13075,0.92221,0.094651,0.351388,-2.061901,127.40036,23.407967,0.322476,0.878164,0.059207,-0.348327,11.865031,130.783768,36.443668,-0.023811,0.304991,0.514287,-0.8012,26.428249,116.862801,19.213369,0.118855,0.079658,0.676608,-0.722309,19.809433,136.341797,8.431113,0.05573,0.856255,0.17526,0.482707,-5.898076,89.059631,8.740947,0.137172,0.958493,-0.013583,0.249581,-3.2689,55.82589,-3.875099,0.015162,0.930754,-0.121113,0.344673,-15.39739,12.570378,-5.783041,-0.09904,0.794257,-0.027589,0.59882,4.969745,89.14061,23.88291,0.051203,-0.592987,0.076194,-0.799962,9.39987,54.249245,29.67304,0.025905,0.806758,-0.072926,0.585792,6.648946,10.042894,37.419693,0.015162,0.930754,-0.121113,0.344673,-7.156412,3.395658,-14.728102,0.025905,0.806758,-0.072926,0.585792,19.038033,1.988809,33.712189
934,7.783333,-0.021139,0.889011,0.036773,0.455917,-0.427317,89.106125,16.288366,-0.007155,0.884558,0.061819,0.46226,-0.970775,96.720428,16.640715,-0.011155,0.88281,0.064596,0.465133,-2.174796,113.83429,18.412937,0.11331,0.935596,-0.067566,0.327499,-3.786779,133.864349,20.50757,0.092223,0.959528,-0.224613,0.142656,1.028812,147.432465,18.30636,-0.011445,0.824857,0.107866,0.554838,-6.25892,127.699051,17.272131,0.27907,-0.390767,0.247098,-0.841644,-13.699305,129.652222,-0.508818,0.230881,-0.113082,-0.463497,-0.847984,1.477185,112.844025,-14.290073,0.350356,0.034631,-0.631578,-0.690768,14.196843,129.977448,-23.764927,-0.130874,0.922456,0.09476,0.350668,-2.035419,127.398178,23.399649,0.322294,0.878024,0.058769,-0.348923,11.909847,130.788422,36.413956,-0.0234,0.304381,0.51418,-0.801514,26.457268,116.872108,19.166557,0.11949,0.078876,0.676768,-0.722139,19.814592,136.352341,8.390316,0.056126,0.855677,0.175948,0.483435,-5.864044,89.068336,8.719395,0.137378,0.958569,-0.014333,0.249133,-3.223913,55.854969,-3.947925,0.016291,0.930575,-0.121575,0.344942,-15.387353,12.60643,-5.790226,-0.098893,0.794092,-0.027557,0.599065,5.009409,89.143913,23.85734,0.051282,-0.592807,0.076596,-0.800052,9.430935,54.250355,29.640806,0.025643,0.80677,-0.073311,0.585739,6.653929,10.050261,37.413788,0.016291,0.930575,-0.121575,0.344942,-7.160168,3.411078,-14.726793,0.025643,0.80677,-0.073311,0.585739,19.042154,1.992324,33.711781
935,7.791667,-0.020534,0.889146,0.036834,0.455676,-0.401176,89.100243,16.262323,-0.007109,0.884749,0.062088,0.461859,-0.936744,96.714859,16.619875,-0.011139,0.883042,0.064687,0.464681,-2.143221,113.833023,18.402102,0.112983,0.935781,-0.067712,0.327052,-3.755275,133.862625,20.501081,0.091957,0.95955,-0.224864,0.142284,1.05129,147.432343,18.290016,-0.011451,0.825302,0.107836,0.554182,-6.230027,127.697502,17.267324,0.279273,-0.391523,0.246699,-0.841342,-13.69862,129.646881,-0.502215,0.230425,-0.113624,-0.463799,-0.84787,1.45693,112.845024,-14.314206,0.349598,0.034286,-0.632227,-0.690575,14.156921,129.983322,-23.802683,-0.130595,0.922656,0.094115,0.35042,-2.000264,127.396248,23.390501,0.322086,0.877882,0.058832,-0.349461,11.954582,130.787201,36.394356,-0.022845,0.303809,0.513974,-0.801878,26.489204,116.885849,19.124104,0.119936,0.078284,0.676573,-0.722313,19.820812,136.357956,8.350911,0.056152,0.85633,0.175603,0.4824,-5.84247,89.072784,8.696585,0.1373,0.959171,-0.014008,0.246867,-3.231428,55.850983,-3.954622,0.015661,0.930753,-0.121674,0.344456,-15.385471,12.599701,-5.794418,-0.09888,0.794029,-0.027506,0.599152,5.040117,89.127693,23.82806,0.051367,-0.592484,0.077048,-0.800243,9.462433,54.233749,29.608589,0.025424,0.806753,-0.073229,0.585782,6.654577,10.040676,37.410366,0.015661,0.930753,-0.121674,0.344456,-7.159746,3.4075,-14.735571,0.025424,0.806753,-0.073229,0.585782,19.046692,1.987896,33.710152
936,7.8,-0.020237,0.889351,0.037284,0.455254,-0.371724,89.104385,16.235901,-0.007076,0.884919,0.062558,0.46147,-0.906217,96.718681,16.60187,-0.011255,0.883229,0.06464,0.464329,-2.117979,113.829163,18.398848,0.112979,0.935879,-0.068245,0.326664,-3.732465,133.858902,20.494616,0.091542,0.959657,-0.224822,0.141893,1.077115,147.424835,18.266968,-0.011385,0.825608,0.107856,0.553722,-6.208488,127.692558,17.264166,0.279858,-0.392391,0.246051,-0.840933,-13.696856,129.64241,-0.497001,0.230218,-0.113883,-0.464235,-0.847653,1.439576,112.849808,-14.34118,0.349213,0.033733,-0.632897,-0.690183,14.11869,130.000015,-23.839497,-0.13111,0.922829,0.094613,0.349637,-1.973885,127.393532,23.384109,0.322545,0.877665,0.060307,-0.34933,11.996974,130.799881,36.36673,-0.021491,0.302669,0.513967,-0.802351,26.52075,116.907791,19.079914,0.120608,0.077764,0.676452,-0.72237,19.822603,136.362869,8.31452,0.056469,0.856283,0.175669,0.482421,-5.820412,89.085289,8.675458,0.137217,0.959765,-0.013956,0.244599,-3.225945,55.867683,-3.990193,0.015306,0.930891,-0.122272,0.343886,-15.376142,12.614214,-5.803891,-0.098732,0.793959,-0.027473,0.599272,5.076963,89.123482,23.796341,0.051541,-0.592128,0.077545,-0.800446,9.491608,54.227329,29.569408,0.024432,0.806939,-0.074495,0.585408,6.654249,10.042784,37.408691,0.015306,0.930891,-0.122272,0.343886,-7.160632,3.411268,-14.743387,0.024432,0.806939,-0.074495,0.585408,19.043129,1.979224,33.721146
937,7.808333,-0.019991,0.889471,0.037408,0.455018,-0.33936,89.105545,16.214153,-0.00651,0.885096,0.062545,0.461141,-0.871275,96.719849,16.583658,-0.011945,0.883364,0.064822,0.464029,-2.065487,113.839195,18.390602,0.112885,0.936009,-0.068114,0.326352,-3.707278,133.86734,20.480425,0.091412,0.959667,-0.225162,0.141368,1.097474,147.435074,18.253317,-0.01135,0.826066,0.107881,0.553035,-6.176365,127.696373,17.253504,0.28013,-0.393058,0.24583,-0.840595,-13.694249,129.644806,-0.49534,0.229867,-0.114425,-0.46462,-0.847465,1.420148,112.850868,-14.361943,0.348791,0.033169,-0.633545,-0.68983,14.077968,130.009918,-23.878157,-0.13135,0.922964,0.095344,0.34899,-1.937851,127.405479,23.371128,0.322477,0.877537,0.05961,-0.349834,12.048064,130.813568,36.337067,-0.021143,0.302061,0.513715,-0.802751,26.555479,116.915489,19.041325,0.121521,0.077313,0.675679,-0.722989,19.82831,136.364822,8.284645,0.056719,0.85642,0.175778,0.482109,-5.792229,89.09137,8.656719,0.137216,0.960368,-0.013949,0.242219,-3.213749,55.878494,-4.0246,0.014407,0.93121,-0.12326,0.342706,-15.368177,12.624985,-5.808764,-0.098558,0.793895,-0.027509,0.599383,5.11351,89.119728,23.771587,0.051618,-0.59202,0.077856,-0.800491,9.516074,54.221249,29.53986,0.022859,0.806928,-0.074651,0.585467,6.659544,10.041756,37.400669,0.014407,0.93121,-0.12326,0.342706,-7.169906,3.406972,-14.748558,0.022859,0.806928,-0.074651,0.585467,19.066965,1.999783,33.728355
938,7.816667,-0.018755,0.889604,0.037085,0.454839,-0.328365,89.125702,16.193487,-0.00631,0.885256,0.062731,0.460811,-0.841162,96.741112,16.567335,-0.012117,0.883544,0.064997,0.463658,-2.030124,113.8396,18.381433,0.11258,0.9362,-0.068072,0.325916,-3.680453,133.866669,20.474932,0.091279,0.959689,-0.225437,0.140869,1.114244,147.43721,18.243217,-0.011403,0.826355,0.108069,0.552565,-6.148984,127.694809,17.249271,0.280592,-0.393936,0.245455,-0.84014,-13.686924,129.643494,-0.491039,0.22945,-0.114972,-0.464957,-0.847319,1.400603,112.849533,-14.386849,0.348159,0.03261,-0.63385,-0.689896,14.036997,130.013855,-23.917784,-0.131487,0.923033,0.095308,0.348765,-1.905406,127.405357,23.363453,0.322143,0.877457,0.058844,-0.350472,12.085216,130.820053,36.322575,-0.020952,0.301934,0.513431,-0.802986,26.580355,116.926666,19.012791,0.12203,0.076905,0.675026,-0.723557,19.835661,136.369415,8.252081,0.056757,0.856512,0.175767,0.481947,-5.785169,89.129128,8.63888,0.137148,0.960997,-0.013661,0.239769,-3.211805,55.916298,-4.043573,0.015665,0.931006,-0.123608,0.343079,-15.358848,12.660405,-5.820203,-0.098685,0.793926,-0.027261,0.599333,5.128438,89.122284,23.748095,0.051729,-0.591499,0.07831,-0.800825,9.549172,54.224632,29.507477,0.024572,0.806791,-0.074831,0.585564,6.661154,10.052553,37.398361,0.015665,0.931006,-0.123608,0.343079,-7.173474,3.423323,-14.752131,0.024572,0.806791,-0.074831,0.585564,19.046745,1.980007,33.719433
939,7.825,-0.018586,0.889737,0.037323,0.454565,-0.290422,89.127777,16.171793,-0.006363,0.885375,0.063004,0.460544,-0.802463,96.743011,16.550198,-0.012199,0.883664,0.065222,0.463396,-1.996876,113.840996,18.372164,0.112427,0.936359,-0.067913,0.325547,-3.653706,133.866806,20.472601,0.091021,0.959706,-0.225823,0.1403,1.134139,147.439819,18.241245,-0.01149,0.826667,0.108184,0.552074,-6.121703,127.694954,17.246494,0.280967,-0.394895,0.245062,-0.839679,-13.680593,129.641113,-0.485176,0.228987,-0.115468,-0.465199,-0.847244,1.377057,112.848488,-14.414973,0.347486,0.032049,-0.634154,-0.689982,13.997497,130.017807,-23.957623,-0.131947,0.923015,0.095867,0.348487,-1.874533,127.405312,23.358175,0.32144,0.877443,0.056781,-0.35149,12.118883,130.829819,36.311687,-0.02119,0.302162,0.512982,-0.80318,26.600134,116.93412,18.992121,0.12266,0.076494,0.674561,-0.723927,19.838917,136.37291,8.222885,0.057314,0.855999,0.176331,0.482584,-5.751985,89.135773,8.620626,0.137062,0.961532,-0.014057,0.23764,-3.18315,55.941643,-4.111605,0.015659,0.931211,-0.124495,0.342203,-15.335142,12.684595,-5.825228,-0.098538,0.79366,-0.027256,0.59971,5.171142,89.119789,23.722958,0.051766,-0.591579,0.078811,-0.800715,9.581159,54.220055,29.47793,0.023546,0.806781,-0.07429,0.585689,6.660176,10.055393,37.398151,0.015659,0.931211,-0.124495,0.342203,-7.173326,3.426815,-14.757289,0.023546,0.806781,-0.07429,0.585689,19.064682,2.01021,33.722996
940,7.833333,-0.018622,0.88986,0.037682,0.454294,-0.248362,89.133667,16.148273,-0.006667,0.885557,0.063508,0.460121,-0.763259,96.748466,16.531456,-0.012048,0.883908,0.065341,0.462916,-1.973377,113.834473,18.363459,0.111939,0.936607,-0.06774,0.325037,-3.625923,133.859787,20.471834,0.090909,0.959707,-0.226138,0.139859,1.145635,147.437973,18.23711,-0.011517,0.826902,0.108341,0.551691,-6.098065,127.689186,17.24655,0.281279,-0.395615,0.244732,-0.839331,-13.67331,129.636124,-0.47805,0.228443,-0.116274,-0.465536,-0.847095,1.362717,112.845444,-14.433525,0.34671,0.031456,-0.634273,-0.69029,13.958139,130.016907,-23.997761,-0.132431,0.923079,0.096011,0.348094,-1.844227,127.397247,23.353477,0.321057,0.877447,0.05649,-0.351879,12.154847,130.838898,36.296333,-0.020897,0.301809,0.512331,-0.803736,26.63464,116.956673,18.964746,0.122832,0.076745,0.674195,-0.724212,19.832842,136.378891,8.193869,0.057618,0.856047,0.176961,0.482232,-5.714489,89.143875,8.600417,0.137353,0.961962,-0.01433,0.23571,-3.147168,55.968102,-4.179885,0.015549,0.931094,-0.125691,0.342088,-15.333014,12.718943,-5.851741,-0.098363,0.793678,-0.027445,0.599706,5.217766,89.123466,23.696131,0.051706,-0.591644,0.079145,-0.800637,9.60991,54.222004,29.454273,0.023606,0.806632,-0.074464,0.585869,6.662533,10.061532,37.388046,0.015549,0.931094,-0.125691,0.342088,-7.178955,3.435122,-14.763829,0.023606,0.806632,-0.074464,0.585869,19.066481,2.011979,33.720604
941,7.841667,-0.018421,0.889991,0.037875,0.454028,-0.210721,89.134727,16.126501,-0.006625,0.885723,0.063755,0.459768,-0.724111,96.74942,16.513863,-0.01231,0.884077,0.065602,0.462551,-1.936198,113.83519,18.354603,0.11139,0.936806,-0.067754,0.324647,-3.602102,133.858871,20.468037,0.090839,0.959715,-0.226311,0.139566,1.153602,147.441284,18.225197,-0.011553,0.827187,0.108505,0.55123,-6.072122,127.687012,17.243504,0.281584,-0.396266,0.244395,-0.83902,-13.667046,129.634232,-0.47265,0.228205,-0.116829,-0.4659,-0.846883,1.35041,112.846443,-14.451596,0.34641,0.030819,-0.635008,-0.689794,13.925844,130.02562,-24.036715,-0.132738,0.923165,0.096175,0.347703,-1.813336,127.397118,23.347082,0.32099,0.877343,0.056231,-0.35224,12.193136,130.849442,36.279087,-0.02033,0.30127,0.512127,-0.804082,26.661747,116.968369,18.937258,0.123605,0.076268,0.673838,-0.724464,19.835075,136.383087,8.167801,0.057982,0.856263,0.177133,0.481741,-5.681493,89.149673,8.582016,0.13717,0.962796,-0.014171,0.232396,-3.137574,55.981243,-4.222017,0.015448,0.931315,-0.126219,0.341296,-15.310285,12.727154,-5.86174,-0.098164,0.793757,-0.027703,0.599622,5.260051,89.119789,23.670986,0.051622,-0.591674,0.079306,-0.800604,9.630631,54.216553,29.434793,0.02363,0.806376,-0.074538,0.586211,6.667528,10.057604,37.371197,0.015448,0.931315,-0.126219,0.341296,-7.174486,3.431697,-14.778392,0.02363,0.806376,-0.074538,0.586211,19.073896,2.006435,33.715508
942,7.85,-0.017902,0.890193,0.037932,0.453649,-0.178052,89.132683,16.106548,-0.006337,0.885897,0.063633,0.459454,-0.684608,96.747597,16.498503,-0.012683,0.884192,0.065991,0.462264,-1.885749,113.84008,18.34119,0.111085,0.936965,-0.067582,0.324331,-3.571527,133.861313,20.461985,0.090531,0.959751,-0.226523,0.139175,1.173437,147.447418,18.218765,-0.011618,0.827644,0.108656,0.550513,-6.036895,127.687897,17.236897,0.281944,-0.396885,0.244047,-0.838708,-13.662357,129.633041,-0.466356,0.227984,-0.117494,-0.466234,-0.846667,1.338089,112.847992,-14.466821,0.346053,0.030243,-0.635495,-0.689549,13.89077,130.028458,-24.075047,-0.132721,0.92316,0.096017,0.347766,-1.774305,127.400543,23.337936,0.32061,0.877291,0.055453,-0.352839,12.230637,130.854141,36.271252,-0.019963,0.300977,0.511766,-0.804431,26.689756,116.978851,18.916876,0.12442,0.075876,0.673343,-0.724826,19.837341,136.383987,8.14389,0.058318,0.856837,0.177014,0.480724,-5.655584,89.15638,8.566995,0.136956,0.962817,-0.014325,0.232425,-3.151458,55.987728,-4.244269,0.014371,0.931602,-0.126992,0.340272,-15.309151,12.72876,-5.866537,-0.098166,0.794107,-0.027848,0.599152,5.29948,89.108986,23.646103,0.051558,-0.592042,0.079872,-0.80028,9.667366,54.20636,29.415611,0.023549,0.80654,-0.074558,0.585986,6.664196,10.054901,37.378605,0.014371,0.931602,-0.126992,0.340272,-7.183329,3.424825,-14.783441,0.023549,0.80654,-0.074558,0.585986,19.069143,2.004419,33.716591
943,7.858333,-0.017653,0.890418,0.038141,0.4532,-0.146993,89.130112,16.082012,-0.006355,0.886072,0.064247,0.459029,-0.65141,96.744919,16.478798,-0.01273,0.884392,0.066019,0.461877,-1.862172,113.838303,18.340809,0.110802,0.937149,-0.067391,0.323934,-3.549222,133.859329,20.462496,0.090342,0.959754,-0.226858,0.138729,1.185099,147.449142,18.21911,-0.012121,0.827431,0.109168,0.550721,-6.016422,127.68544,17.239714,0.282058,-0.397635,0.244054,-0.838312,-13.632567,129.626373,-0.468019,0.227375,-0.117998,-0.466796,-0.84645,1.336096,112.832497,-14.4919,0.345863,0.029549,-0.635764,-0.689427,13.85922,130.02916,-24.112022,-0.132869,0.923302,0.096021,0.347331,-1.74851,127.398918,23.337074,0.320852,0.877263,0.057129,-0.35242,12.266621,130.860107,36.257328,-0.018543,0.299894,0.511487,-0.805047,26.733192,117.004105,18.893749,0.125177,0.075471,0.672821,-0.725222,19.839964,136.385208,8.122785,0.058631,0.857061,0.177273,0.480191,-5.632286,89.159325,8.548119,0.13688,0.963129,-0.014495,0.231163,-3.146119,55.999821,-4.290303,0.014786,0.931532,-0.127073,0.340413,-15.303003,12.739431,-5.880332,-0.098093,0.794239,-0.02805,0.598978,5.338301,89.100906,23.615906,0.051459,-0.592036,0.080147,-0.800264,9.694698,54.198063,29.392794,0.024779,0.806133,-0.074006,0.586565,6.666491,10.049653,37.363209,0.014786,0.931532,-0.127073,0.340413,-7.180887,3.430008,-14.794888,0.024779,0.806133,-0.074006,0.586565,19.06716,1.991648,33.703224
944,7.866667,-0.017972,0.890548,0.038649,0.452887,-0.1062,89.120308,16.06341,-0.006201,0.886299,0.064384,0.458574,-0.618325,96.734344,16.465054,-0.012887,0.884629,0.066175,0.461397,-1.826413,113.83847,18.335527,0.110529,0.93734,-0.067195,0.323515,-3.520821,133.858521,20.460733,0.089997,0.959804,-0.227017,0.138347,1.202998,147.45195,18.217295,-0.012161,0.827772,0.108977,0.550245,-5.988445,127.683708,17.240005,0.28247,-0.398285,0.243558,-0.838009,-13.624841,129.617126,-0.459822,0.227147,-0.118543,-0.467209,-0.846208,1.329212,112.830803,-14.508308,0.345463,0.028937,-0.63648,-0.688993,13.827247,130.032425,-24.147154,-0.133141,0.923377,0.096266,0.346959,-1.713999,127.398705,23.332855,0.320795,0.877198,0.057073,-0.352643,12.308341,130.868103,36.243073,-0.017919,0.299229,0.511189,-0.805498,26.768517,117.015503,18.871449,0.125939,0.075044,0.672312,-0.725606,19.842567,136.387161,8.103906,0.05904,0.857341,0.177761,0.479459,-5.59656,89.148247,8.533207,0.136905,0.96374,-0.014605,0.228578,-3.12909,56.004536,-4.34953,0.014948,0.931614,-0.127311,0.340095,-15.29453,12.745041,-5.897954,-0.097963,0.794463,-0.028269,0.598692,5.384161,89.092377,23.593613,0.051346,-0.592212,0.080538,-0.800101,9.725984,54.188599,29.375813,0.024679,0.806098,-0.073989,0.586619,6.665665,10.044786,37.359394,0.014948,0.931614,-0.127311,0.340095,-7.182945,3.428529,-14.81469,0.024679,0.806098,-0.073989,0.586619,19.068251,1.988734,33.70163
945,7.875,-0.018076,0.890707,0.039053,0.452537,-0.057303,89.120621,16.04557,-0.006213,0.886464,0.064755,0.458203,-0.573478,96.734116,16.452185,-0.013169,0.884794,0.066347,0.461046,-1.787277,113.840637,18.334707,0.110253,0.937492,-0.067016,0.323205,-3.494111,133.859451,20.461443,0.089657,0.959837,-0.227209,0.138024,1.219687,147.45639,18.218155,-0.012583,0.828056,0.109284,0.549748,-5.959803,127.682983,17.242458,0.282761,-0.398916,0.243094,-0.837745,-13.616991,129.607132,-0.449395,0.226792,-0.11919,-0.467546,-0.846026,1.322344,112.829185,-14.523515,0.34481,0.028468,-0.637065,-0.688799,13.797935,130.0345,-24.182323,-0.133224,0.923486,0.096286,0.346633,-1.680643,127.400879,23.332136,0.320374,0.877222,0.056454,-0.353066,12.349614,130.874756,36.232548,-0.017599,0.298784,0.510715,-0.80597,26.808256,117.031013,18.852604,0.126647,0.074596,0.671757,-0.726043,19.847479,136.391205,8.087177,0.059722,0.857443,0.178107,0.479065,-5.553504,89.149925,8.519634,0.136773,0.964033,-0.014958,0.227397,-3.121351,56.020748,-4.407119,0.013911,0.931872,-0.12839,0.339024,-15.284601,12.758934,-5.90729,-0.097723,0.794558,-0.028476,0.598595,5.438898,89.091316,23.571507,0.051323,-0.592582,0.081123,-0.79977,9.759153,54.185028,29.354715,0.024656,0.80626,-0.074097,0.586384,6.659626,10.049513,37.368999,0.013911,0.931872,-0.12839,0.339024,-7.186299,3.426643,-14.819598,0.024656,0.80626,-0.074097,0.586384,19.059158,1.991412,33.705391
946,7.883333,-0.017698,0.890933,0.039208,0.452093,-0.022577,89.11731,16.02754,-0.00572,0.886653,0.064527,0.457875,-0.534483,96.73082,16.439137,-0.013582,0.884897,0.066783,0.460773,-1.72942,113.845894,18.323748,0.109692,0.937671,-0.066531,0.322978,-3.458464,133.861923,20.458784,0.089339,0.95983,-0.227493,0.137811,1.235507,147.466721,18.221531,-0.012466,0.82853,0.109322,0.549028,-5.91867,127.683762,17.238838,0.283402,-0.39933,0.242835,-0.837407,-13.606611,129.609192,-0.439532,0.226738,-0.120123,-0.467946,-0.845687,1.321875,112.827362,-14.520528,0.34432,0.027929,-0.637591,-0.688579,13.771641,130.034424,-24.219006,-0.13336,0.923513,0.096001,0.346589,-1.635931,127.404419,23.326124,0.319758,0.877214,0.054366,-0.35397,12.3941,130.887268,36.224358,-0.018001,0.298891,0.510199,-0.806249,26.839756,117.035828,18.839748,0.127327,0.074661,0.671161,-0.726468,19.855291,136.394958,8.072253,0.060223,0.857548,0.178454,0.478684,-5.52651,89.153793,8.507288,0.13664,0.964361,-0.01516,0.226072,-3.118444,56.037724,-4.45752,0.01358,0.93194,-0.129077,0.338588,-15.276506,12.773191,-5.920711,-0.097642,0.794628,-0.028608,0.59851,5.481357,89.080818,23.547792,0.051292,-0.592745,0.081631,-0.799599,9.792073,54.173935,29.334551,0.024685,0.806342,-0.073924,0.586292,6.656337,10.045573,37.374084,0.01358,0.93194,-0.129077,0.338588,-7.186401,3.428091,-14.827035,0.024685,0.806342,-0.073924,0.586292,19.056202,1.990502,33.704941
947,7.891667,-0.017642,0.891364,0.038922,0.451269,-0.003138,89.106979,16.027712,-0.005649,0.886936,0.06476,0.457296,-0.511923,96.720871,16.436287,-0.013565,0.885159,0.066557,0.460305,-1.707166,113.83551,18.329979,0.10929,0.937869,-0.066343,0.322578,-3.430265,133.852783,20.458204,0.089055,0.959892,-0.227515,0.137527,1.249932,147.462097,18.219595,-0.01242,0.828738,0.109474,0.548685,-5.895033,127.673683,17.243553,0.284352,-0.400145,0.242249,-0.836865,-13.597624,129.602295,-0.428092,0.226675,-0.12055,-0.468298,-0.845449,1.311405,112.821022,-14.530375,0.343754,0.027334,-0.637975,-0.68853,13.744335,130.037201,-24.249319,-0.133555,0.92363,0.096068,0.346182,-1.605862,127.396164,23.326393,0.319729,0.877306,0.056113,-0.353496,12.43308,130.887207,36.212711,-0.016863,0.298012,0.509687,-0.806922,26.897522,117.066917,18.818928,0.127627,0.074411,0.670319,-0.727218,19.867512,136.397842,8.052384,0.060294,0.858216,0.179334,0.477147,-5.520993,89.141258,8.517656,0.136592,0.96462,-0.015393,0.224975,-3.109687,56.048248,-4.505316,0.014088,0.931856,-0.129059,0.338807,-15.270035,12.783188,-5.93349,-0.097496,0.794808,-0.028589,0.598296,5.514717,89.072701,23.537767,0.051204,-0.592734,0.081883,-0.799587,9.819613,54.163708,29.316086,0.024579,0.806193,-0.073904,0.586504,6.661138,10.038233,37.362587,0.014088,0.931856,-0.129059,0.338807,-7.182846,3.434077,-14.838258,0.024579,0.806193,-0.073904,0.586504,19.064598,1.98541,33.700668
948,7.9,-0.017423,0.891553,0.039064,0.450892,0.028587,89.107666,16.014095,-0.005567,0.88715,0.064974,0.45685,-0.478019,96.721504,16.426325,-0.013702,0.88538,0.066727,0.45985,-1.673272,113.836761,18.328602,0.109013,0.937991,-0.066372,0.322309,-3.403365,133.852966,20.46122,0.088685,0.959912,-0.227594,0.137498,1.26873,147.464233,18.217518,-0.013115,0.828926,0.10978,0.548323,-5.868523,127.673172,17.248198,0.285076,-0.400922,0.241548,-0.83645,-13.585803,129.584305,-0.418937,0.226228,-0.121119,-0.468734,-0.845245,1.308207,112.812378,-14.548174,0.342893,0.026813,-0.637758,-0.689181,13.709921,130.029922,-24.278788,-0.133756,0.923704,0.096074,0.345905,-1.573163,127.396797,23.326725,0.319528,0.877341,0.056177,-0.35358,12.471108,130.896393,36.204918,-0.016278,0.297585,0.509327,-0.807319,26.939224,117.086327,18.806059,0.128254,0.074026,0.669744,-0.727677,19.880522,136.404251,8.036159,0.060673,0.8585,0.179721,0.476441,-5.495739,89.146446,8.508821,0.136501,0.965242,-0.015506,0.22234,-3.104761,56.06662,-4.551323,0.016296,0.931759,-0.129648,0.338749,-15.263444,12.799633,-5.934609,-0.097292,0.795054,-0.028779,0.597993,5.552913,89.068893,23.519367,0.051135,-0.592759,0.082079,-0.799553,9.840476,54.157841,29.298162,0.02374,0.806163,-0.074969,0.586444,6.664604,10.034636,37.350227,0.016296,0.931759,-0.129648,0.338749,-7.214136,3.417304,-14.838759,0.02374,0.806163,-0.074969,0.586444,19.067959,1.973112,33.707153
949,7.908333,-0.017221,0.891759,0.039295,0.450472,0.065054,89.107475,15.999177,-0.005519,0.887342,0.065408,0.456416,-0.440192,96.721146,16.416172,-0.014019,0.885586,0.06667,0.459452,-1.639431,113.827988,18.332283,0.108675,0.938121,-0.066279,0.322065,-3.378841,133.844147,20.457733,0.088334,0.959978,-0.227495,0.137426,1.282585,147.458694,18.211761,-0.012981,0.829204,0.109869,0.547887,-5.843288,127.661598,17.249472,0.285645,-0.401446,0.241023,-0.836155,-13.57921,129.57695,-0.409059,0.226057,-0.121608,-0.4691,-0.845018,1.305948,112.812019,-14.555925,0.342413,0.026246,-0.638131,-0.689096,13.685715,130.034302,-24.304392,-0.134134,0.923809,0.096364,0.345398,-1.54262,127.390244,23.324469,0.319148,0.877381,0.055352,-0.353954,12.511314,130.901917,36.188828,-0.016163,0.297415,0.508784,-0.807726,26.978254,117.094467,18.786911,0.128127,0.073358,0.669389,-0.728094,19.88854,136.401855,8.013622,0.060955,0.859015,0.180031,0.475359,-5.466469,89.151169,8.499231,0.136433,0.966043,-0.01519,0.218897,-3.098382,56.081741,-4.591385,0.01739,0.931662,-0.130169,0.338761,-15.250002,12.812218,-5.957428,-0.09708,0.795226,-0.028819,0.597796,5.596577,89.063774,23.499123,0.051068,-0.592968,0.082484,-0.799361,9.872024,54.149963,29.270157,0.024539,0.805921,-0.074176,0.586845,6.665801,10.032129,37.339638,0.01739,0.931662,-0.130169,0.338761,-7.220007,3.408378,-14.85633,0.024539,0.805921,-0.074176,0.586845,19.070612,1.974609,33.69265
950,7.916667,-0.017039,0.892044,0.039617,0.449886,0.103693,89.111511,15.982578,-0.005696,0.887625,0.065701,0.455822,-0.401019,96.724884,16.405544,-0.014116,0.885881,0.066868,0.458851,-1.609247,113.833939,18.32902,0.10847,0.938288,-0.066161,0.321671,-3.354342,133.848923,20.460924,0.088021,0.960016,-0.227547,0.137275,1.299132,147.465973,18.213707,-0.013278,0.829353,0.109995,0.547629,-5.82042,127.66597,17.254662,0.285975,-0.401952,0.240695,-0.835894,-13.566993,129.573257,-0.400062,0.225799,-0.122076,-0.469466,-0.844816,1.304948,112.811493,-14.564548,0.342044,0.025792,-0.63852,-0.688936,13.663417,130.040451,-24.32856,-0.134268,0.923919,0.09659,0.344988,-1.511569,127.395203,23.323881,0.319181,0.877288,0.055138,-0.354189,12.551933,130.910767,36.176712,-0.015906,0.29703,0.508669,-0.807945,27.008932,117.100052,18.76914,0.128728,0.073124,0.668617,-0.72872,19.903118,136.40451,8.00105,0.061314,0.859265,0.180433,0.474708,-5.437767,89.160408,8.490008,0.136315,0.96652,-0.015113,0.21686,-3.087492,56.104435,-4.637751,0.017479,0.931694,-0.131065,0.338324,-15.230438,12.831813,-5.982598,-0.096897,0.795441,-0.028991,0.597532,5.645154,89.062622,23.475149,0.051055,-0.593247,0.082904,-0.799111,9.904877,54.146969,29.246748,0.024449,0.805922,-0.074455,0.586812,6.670938,10.035271,37.338657,0.017479,0.931694,-0.131065,0.338324,-7.216284,3.40678,-14.873343,0.024449,0.805922,-0.074455,0.586812,19.073948,1.973439,33.695107
951,7.925,-0.016885,0.892286,0.039756,0.4494,0.139011,89.113358,15.976456,-0.005708,0.887789,0.065718,0.4555,-0.364313,96.726646,16.402647,-0.014277,0.886005,0.067044,0.458581,-1.572814,113.840164,18.327374,0.108226,0.938393,-0.066056,0.321468,-3.32626,133.854004,20.463072,0.08764,0.960058,-0.227598,0.137138,1.319089,147.473709,18.215054,-0.013434,0.829642,0.110059,0.547175,-5.791224,127.670334,17.257366,0.286172,-0.402355,0.240461,-0.8357,-13.556904,129.571884,-0.389583,0.225622,-0.122525,-0.469791,-0.844617,1.303847,112.81266,-14.568822,0.341931,0.025137,-0.639151,-0.688432,13.643287,130.046844,-24.349237,-0.134286,0.924009,0.096416,0.344787,-1.478752,127.400764,23.324068,0.318923,0.877283,0.054878,-0.354472,12.589951,130.920502,36.170063,-0.015454,0.296658,0.508361,-0.808285,27.045048,117.117798,18.754555,0.129348,0.072838,0.668526,-0.728722,19.914454,136.412155,7.984908,0.061539,0.859648,0.181177,0.473702,-5.410701,89.16555,8.490014,0.136356,0.967182,-0.015014,0.21387,-3.063702,56.130726,-4.691449,0.017484,0.931689,-0.132135,0.337921,-15.212295,12.858823,-6.008137,-0.096677,0.795634,-0.028909,0.597314,5.688723,89.061172,23.462898,0.051041,-0.593452,0.083481,-0.7989,9.941269,54.142155,29.219372,0.024366,0.806,-0.074564,0.586694,6.667697,10.038948,37.341583,0.017484,0.931689,-0.132135,0.337921,-7.21302,3.40949,-14.886486,0.024366,0.806,-0.074564,0.586694,19.069548,1.976064,33.696388
952,7.933333,-0.016771,0.892477,0.039903,0.449012,0.173605,89.114365,15.96685,-0.005676,0.887988,0.06601,0.455069,-0.328998,96.727524,16.396049,-0.014537,0.886213,0.067088,0.458165,-1.540498,113.844589,18.331333,0.108042,0.938502,-0.065942,0.321236,-3.303079,133.85788,20.464603,0.08731,0.960094,-0.227619,0.137061,1.335505,147.479874,18.216423,-0.01352,0.829823,0.11027,0.546856,-5.767496,127.672211,17.262339,0.286246,-0.4027,0.240344,-0.835542,-13.546598,129.57402,-0.37867,0.225399,-0.122985,-0.470102,-0.844437,1.3024,112.815186,-14.570671,0.341527,0.025192,-0.639701,-0.688119,13.623768,130.055313,-24.367279,-0.134235,0.924153,0.096454,0.344411,-1.449451,127.406242,23.325233,0.318517,0.877303,0.054231,-0.354887,12.629803,130.925797,36.159706,-0.015345,0.29636,0.508024,-0.808608,27.083019,117.130676,18.736637,0.130004,0.072613,0.668182,-0.728944,19.927422,136.420685,7.969549,0.062064,0.85923,0.182122,0.474029,-5.382678,89.169327,8.485306,0.136386,0.967507,-0.015502,0.212341,-3.029824,56.163586,-4.767767,0.017602,0.931738,-0.133279,0.33733,-15.192246,12.893751,-6.023371,-0.096494,0.795803,-0.028821,0.597123,5.729888,89.059395,23.448395,0.051032,-0.593547,0.083988,-0.798777,9.977378,54.137505,29.19116,0.024497,0.805974,-0.074648,0.586714,6.668185,10.041851,37.339912,0.017602,0.931738,-0.133279,0.33733,-7.213983,3.417343,-14.89176,0.024497,0.805974,-0.074648,0.586714,19.067837,1.975206,33.695568
953,7.941667,-0.016423,0.892661,0.040125,0.448639,0.201049,89.113213,15.954852,-0.005267,0.888155,0.066009,0.454748,-0.298138,96.72628,16.389677,-0.014746,0.886337,0.067325,0.457883,-1.496962,113.851593,18.33271,0.108028,0.938521,-0.066173,0.321138,-3.270723,133.863358,20.471111,0.086531,0.960184,-0.227501,0.13712,1.369091,147.48378,18.216057,-0.013783,0.830125,0.110384,0.546367,-5.73319,127.676811,17.269041,0.286364,-0.403139,0.240065,-0.83537,-13.532722,129.570313,-0.363839,0.225147,-0.123422,-0.47042,-0.844263,1.304641,112.816856,-14.574346,0.341401,0.024548,-0.640221,-0.68772,13.606853,130.062332,-24.384836,-0.13411,0.924322,0.096577,0.343971,-1.411391,127.412285,23.329327,0.31817,0.877308,0.054318,-0.355174,12.680903,130.928223,36.150475,-0.014839,0.2957,0.507603,-0.809123,27.135008,117.151627,18.713491,0.130657,0.072365,0.66797,-0.729046,19.942013,136.428986,7.952829,0.062158,0.859644,0.182747,0.473025,-5.361681,89.175499,8.478158,0.136439,0.967896,-0.015632,0.210517,-3.008385,56.186867,-4.817381,0.017771,0.931733,-0.134149,0.336988,-15.180177,12.918714,-6.039765,-0.096453,0.795978,-0.028856,0.596894,5.76378,89.050926,23.431545,0.050936,-0.593656,0.084383,-0.79866,10.009109,54.128605,29.173296,0.023561,0.806082,-0.075572,0.586486,6.667789,10.038057,37.336563,0.017771,0.931733,-0.134149,0.336988,-7.216835,3.421122,-14.898905,0.023561,0.806082,-0.075572,0.586486,19.068163,1.967,33.704479
954,7.95,-0.016232,0.892838,0.040287,0.448279,0.232917,89.115036,15.947258,-0.005886,0.888447,0.066186,0.454143,-0.264601,96.728004,16.38579,-0.014283,0.886711,0.06767,0.457123,-1.483101,113.841438,18.324099,0.107144,0.938877,-0.066037,0.32042,-3.24478,133.851868,20.484873,0.086775,0.960174,-0.227589,0.136895,1.367742,147.480042,18.220638,-0.013817,0.830263,0.110384,0.546158,-5.715456,127.669418,17.281202,0.286481,-0.403518,0.239674,-0.835259,-13.52382,129.560883,-0.34799,0.224884,-0.123824,-0.47072,-0.844108,1.307279,112.817871,-14.577353,0.341073,0.024244,-0.640563,-0.687576,13.592322,130.069885,-24.400673,-0.134823,0.924448,0.096745,0.343305,-1.38309,127.397278,23.333599,0.317938,0.877289,0.05361,-0.355536,12.719518,130.939697,36.136112,-0.014716,0.295538,0.507429,-0.809294,27.167828,117.161919,18.695251,0.131275,0.072001,0.66759,-0.729319,19.9617,136.436127,7.934581,0.062438,0.859953,0.183365,0.472187,-5.335963,89.181519,8.475178,0.136395,0.968276,-0.015773,0.208782,-2.991357,56.211494,-4.867975,0.017942,0.931795,-0.134957,0.336485,-15.164126,12.942642,-6.055425,-0.09626,0.796086,-0.028753,0.596787,5.801797,89.048553,23.419338,0.050924,-0.59368,0.084784,-0.7986,10.041518,54.12315,29.146481,0.024413,0.805855,-0.074788,0.586863,6.67139,10.038593,37.330223,0.017942,0.931795,-0.134957,0.336485,-7.21875,3.425135,-14.909323,0.024413,0.805855,-0.074788,0.586863,19.072266,1.970533,33.693176
955,7.958333,-0.015971,0.893016,0.040409,0.447923,0.265614,89.118996,15.942493,-0.005757,0.888609,0.06613,0.453836,-0.229003,96.731934,16.384678,-0.014345,0.88685,0.067822,0.456828,-1.442077,113.846794,18.323839,0.106713,0.939028,-0.065895,0.320152,-3.20808,133.856308,20.489466,0.086463,0.960213,-0.227641,0.136731,1.39079,147.488754,18.223255,-0.014066,0.830645,0.110548,0.545537,-5.679058,127.673744,17.286243,0.286587,-0.40376,0.239442,-0.835172,-13.513404,129.557816,-0.332209,0.224655,-0.124347,-0.471049,-0.843908,1.313217,112.820229,-14.57261,0.340822,0.023848,-0.640952,-0.687352,13.579813,130.07962,-24.41547,-0.13513,0.924429,0.097208,0.343106,-1.342704,127.401733,23.335789,0.317663,0.877231,0.053295,-0.355973,12.761985,130.949631,36.134491,-0.01425,0.295343,0.507216,-0.809507,27.203094,117.180908,18.680517,0.131862,0.071614,0.667446,-0.729383,19.981882,136.444763,7.913636,0.06293,0.860126,0.183853,0.471616,-5.309354,89.190521,8.475,0.136256,0.96846,-0.01598,0.207999,-2.986758,56.237667,-4.91432,0.017679,0.93185,-0.135893,0.335972,-15.152526,12.966028,-6.071229,-0.096132,0.796515,-0.028783,0.596234,5.840581,89.04747,23.409986,0.050752,-0.594118,0.085189,-0.798243,10.075852,54.120453,29.130537,0.024357,0.805832,-0.075011,0.586869,6.672133,10.040522,37.325233,0.017679,0.93185,-0.135893,0.335972,-7.219522,3.429602,-14.915854,0.024357,0.805832,-0.075011,0.586869,19.071674,1.968764,33.691853
956,7.966667,-0.015485,0.893156,0.040414,0.44766,0.290426,89.122032,15.936728,-0.005427,0.888785,0.066307,0.453471,-0.19747,96.735207,16.382462,-0.014963,0.88702,0.067753,0.456488,-1.401961,113.843513,18.332035,0.106859,0.938781,-0.067113,0.320572,-3.187996,133.852676,20.484457,0.085582,0.960285,-0.226858,0.138072,1.426809,147.475006,18.189959,-0.013288,0.830823,0.110875,0.545218,-5.654487,127.665161,17.287348,0.28671,-0.403896,0.239585,-0.835023,-13.503146,129.579697,-0.321446,0.224578,-0.124939,-0.471187,-0.843764,1.314011,112.832962,-14.560932,0.340574,0.023638,-0.641309,-0.687149,13.568369,130.089859,-24.426661,-0.135304,0.924568,0.097661,0.342532,-1.313774,127.402153,23.334166,0.317298,0.877252,0.052797,-0.35632,12.804331,130.953186,36.117195,-0.014271,0.295073,0.506943,-0.809776,27.244595,117.192635,18.656073,0.132238,0.071304,0.667118,-0.729645,20.002815,136.453598,7.895468,0.063269,0.860329,0.184316,0.471019,-5.289228,89.201447,8.472816,0.136169,0.968838,-0.016005,0.206291,-2.980568,56.263805,-4.956278,0.017295,0.931905,-0.136901,0.335427,-15.141302,12.990078,-6.087952,-0.096093,0.796708,-0.028678,0.595987,5.870081,89.042618,23.400639,0.05068,-0.594218,0.085607,-0.798128,10.1094,54.114616,29.112226,0.023635,0.805964,-0.075942,0.586598,6.673196,10.040438,37.324348,0.017295,0.931905,-0.136901,0.335427,-7.219853,3.434223,-14.921957,0.023635,0.805964,-0.075942,0.586598,19.07033,1.960734,33.700428
957,7.975,-0.015341,0.893317,0.040644,0.447322,0.331144,89.122444,15.930504,-0.005832,0.888967,0.066813,0.453033,-0.156183,96.735397,16.380531,-0.014942,0.887252,0.067953,0.456007,-1.379166,113.828896,18.338394,0.106555,0.939184,-0.066096,0.319705,-3.166949,133.83699,20.499294,0.085673,0.960351,-0.22741,0.136638,1.427694,147.469284,18.223545,-0.014053,0.831012,0.111001,0.544885,-5.635614,127.650024,17.302805,0.286949,-0.404342,0.23858,-0.835014,-13.497527,129.541046,-0.302616,0.224278,-0.124938,-0.471639,-0.843592,1.326019,112.827065,-14.573882,0.3402,0.023441,-0.641483,-0.687178,13.559781,130.098709,-24.436079,-0.135755,0.924814,0.097991,0.341595,-1.288363,127.385918,23.344875,0.317057,0.87725,0.052965,-0.356513,12.849858,130.953568,36.101013,-0.014097,0.294641,0.506646,-0.810122,27.290922,117.207977,18.628784,0.132332,0.071118,0.666894,-0.729851,20.023167,136.463684,7.875168,0.063638,0.861032,0.184432,0.469637,-5.25423,89.205872,8.470915,0.136041,0.969228,-0.015787,0.204552,-2.98566,56.274605,-4.980619,0.016983,0.931948,-0.137399,0.33512,-15.133513,12.997127,-6.107076,-0.095933,0.796974,-0.028705,0.595655,5.916517,89.039017,23.390093,0.050492,-0.594473,0.086011,-0.797907,10.148149,54.10894,29.094696,0.024413,0.805694,-0.075077,0.587047,6.675815,10.039288,37.315884,0.016983,0.931948,-0.137399,0.33512,-7.216708,3.43272,-14.935987,0.024413,0.805694,-0.075077,0.587047,19.075819,1.965451,33.688705
958,7.983333,-0.015527,0.893422,0.041138,0.447062,0.378061,89.124664,15.923797,-0.006003,0.889113,0.066975,0.452721,-0.115041,96.736916,16.379438,-0.01506,0.887396,0.068353,0.455663,-1.345935,113.841118,18.34133,0.106329,0.93929,-0.06627,0.319431,-3.144478,133.846863,20.51499,0.08547,0.960365,-0.22749,0.136537,1.444597,147.479614,18.230822,-0.014344,0.831245,0.111111,0.5445,-5.61168,127.660202,17.316786,0.286915,-0.404597,0.238365,-0.834963,-13.489514,129.542404,-0.282459,0.224047,-0.125354,-0.471803,-0.843499,1.328504,112.835396,-14.56764,0.339925,0.023354,-0.641577,-0.68723,13.551168,130.109894,-24.443169,-0.135818,0.924958,0.098242,0.341109,-1.259808,127.395317,23.355494,0.316833,0.877177,0.052713,-0.356929,12.890591,130.964493,36.097687,-0.014048,0.294605,0.506424,-0.810275,27.323448,117.226944,18.612366,0.132127,0.070787,0.666547,-0.730238,20.043839,136.478333,7.856065,0.064351,0.86074,0.185279,0.469742,-5.211538,89.208893,8.467385,0.13609,0.969616,-0.016177,0.202641,-2.955648,56.30648,-5.0567,0.017124,0.931922,-0.138518,0.334726,-15.11693,13.031328,-6.126089,-0.095681,0.797024,-0.028802,0.595625,5.96766,89.040428,23.380207,0.050365,-0.594626,0.086373,-0.797761,10.181241,54.107319,29.079565,0.024424,0.805615,-0.075195,0.58714,6.677935,10.042134,37.311546,0.017124,0.931922,-0.138518,0.334726,-7.217191,3.440542,-14.941661,0.024424,0.805615,-0.075195,0.58714,19.077618,1.965778,33.688889
959,7.991667,-0.015488,0.893551,0.041342,0.446787,0.41526,89.128716,15.920457,-0.006148,0.889249,0.067153,0.452427,-0.078557,96.74073,16.379293,-0.015096,0.887536,0.068594,0.455355,-1.316298,113.847862,18.345186,0.105804,0.939474,-0.066131,0.319095,-3.119783,133.852234,20.527397,0.085564,0.960337,-0.227701,0.13632,1.452914,147.489929,18.239889,-0.014614,0.831483,0.111172,0.544117,-5.587165,127.665947,17.328592,0.286975,-0.404884,0.23803,-0.834899,-13.480878,129.538956,-0.264521,0.223785,-0.125652,-0.472004,-0.843412,1.333313,112.841965,-14.565377,0.339359,0.023682,-0.641581,-0.687494,13.543965,130.121262,-24.448666,-0.13587,0.925129,0.098494,0.340552,-1.231125,127.400253,23.364262,0.316582,0.877126,0.052835,-0.357259,12.933455,130.971008,36.090256,-0.013761,0.294271,0.506201,-0.810541,27.362263,117.24926,18.589186,0.132214,0.070602,0.66678,-0.730027,20.062233,136.496277,7.833815,0.064794,0.860941,0.185764,0.469121,-5.178945,89.21505,8.467523,0.136066,0.969883,-0.016306,0.201363,-2.943147,56.329514,-5.100904,0.016928,0.931924,-0.139397,0.334364,-15.106077,13.054144,-6.142589,-0.095479,0.796979,-0.028846,0.595715,6.009465,89.042381,23.373392,0.050267,-0.594557,0.086654,-0.797789,10.209197,54.106693,29.067131,0.024384,0.80552,-0.075322,0.587256,6.679965,10.044983,37.306614,0.016928,0.931924,-0.139397,0.334364,-7.216136,3.445321,-14.947289,0.024384,0.80552,-0.075322,0.587256,19.080099,1.966746,33.689686
960,8.0,-0.015295,0.893695,0.041503,0.446489,0.446831,89.130569,15.916705,-0.005714,0.889541,0.067428,0.451816,-0.04529,96.74247,16.379217,-0.015831,0.887854,0.068478,0.454726,-1.273178,113.855934,18.362015,0.105733,0.939612,-0.065948,0.31875,-3.099385,133.860031,20.527845,0.085408,0.960375,-0.227732,0.1361,1.4685,147.499695,18.242437,-0.014808,0.83171,0.111354,0.543728,-5.563021,127.667603,17.338053,0.286966,-0.405128,0.237766,-0.834859,-13.472897,129.536392,-0.248247,0.223493,-0.125919,-0.472223,-0.843327,1.337491,112.848068,-14.563161,0.339173,0.02322,-0.641783,-0.687413,13.535322,130.132919,-24.452282,-0.135929,0.925207,0.098909,0.340194,-1.198791,127.413132,23.368282,0.3164,0.877044,0.052628,-0.357653,12.97459,130.9823,36.084915,-0.013524,0.294013,0.506019,-0.810752,27.39455,117.267586,18.57106,0.132568,0.0704,0.666506,-0.730233,20.079617,136.507523,7.817875,0.06522,0.860961,0.18631,0.468807,-5.152437,89.221184,8.467628,0.136286,0.970201,-0.016596,0.199651,-2.928807,56.354095,-5.147398,0.01709,0.931806,-0.139977,0.334442,-15.117553,13.084981,-6.146323,-0.095342,0.79696,-0.028938,0.595758,6.046099,89.039955,23.365784,0.050157,-0.59464,0.086914,-0.797705,10.233951,54.102783,29.059229,0.024273,0.80552,-0.075399,0.587251,6.681211,10.044137,37.305004,0.01709,0.931806,-0.139977,0.334442,-7.231879,3.461994,-14.939366,0.024273,0.80552,-0.075399,0.587251,19.081951,1.966059,33.689804
961,8.008333,-0.015009,0.89389,0.041445,0.446114,0.482243,89.129951,15.912456,-0.005745,0.889711,0.067905,0.451409,-0.005388,96.74205,16.376337,-0.016052,0.888053,0.068365,0.454347,-1.239864,113.840889,18.372341,0.105353,0.939773,-0.065665,0.318457,-3.070979,133.845337,20.530836,0.08519,0.960421,-0.227744,0.135895,1.483304,147.489899,18.247561,-0.014704,0.831988,0.11159,0.543257,-5.535158,127.650681,17.345795,0.286888,-0.405364,0.237405,-0.834874,-13.464984,129.52562,-0.230865,0.223139,-0.126085,-0.472468,-0.843259,1.344359,112.851181,-14.563021,0.338681,0.0235,-0.641766,-0.687663,13.529208,130.144272,-24.45286,-0.136295,0.925236,0.099058,0.339925,-1.165906,127.40033,23.372564,0.31606,0.876973,0.052267,-0.35818,13.010722,130.981827,36.082108,-0.013582,0.293844,0.505879,-0.810899,27.4221,117.278709,18.552103,0.132736,0.070133,0.666368,-0.730354,20.095987,136.517548,7.804493,0.065682,0.861132,0.1866,0.468314,-5.123426,89.224503,8.46824,0.135981,0.97053,-0.016533,0.198263,-2.925819,56.369423,-5.179959,0.016397,0.931983,-0.140854,0.333616,-15.088805,13.092667,-6.161423,-0.095145,0.796887,-0.029075,0.59588,6.087912,89.0354,23.35667,0.050086,-0.594565,0.087151,-0.79774,10.258002,54.096119,29.05019,0.024239,0.80545,-0.075342,0.587356,6.683808,10.040554,37.303143,0.016397,0.931983,-0.140854,0.333616,-7.215049,3.455694,-14.949831,0.024239,0.80545,-0.075342,0.587356,19.086531,1.964276,33.69072
962,8.016667,-0.01495,0.894006,0.041538,0.445874,0.51912,89.130981,15.908459,-0.006101,0.889839,0.068189,0.451109,0.031787,96.742996,16.374144,-0.015902,0.888217,0.06856,0.454001,-1.217775,113.845894,18.374325,0.105089,0.939911,-0.065745,0.318122,-3.046243,133.849442,20.543257,0.084997,0.960454,-0.227792,0.135703,1.500396,147.495453,18.253347,-0.014866,0.832129,0.111771,0.542999,-5.513233,127.656342,17.357386,0.287127,-0.405693,0.237088,-0.834722,-13.453731,129.528625,-0.214738,0.223094,-0.12614,-0.472638,-0.843167,1.3494,112.859962,-14.56002,0.338692,0.02306,-0.642049,-0.687407,13.525322,130.156326,-24.451622,-0.136474,0.925412,0.099596,0.339217,-1.139223,127.403084,23.380575,0.315914,0.876868,0.051643,-0.358655,13.054143,130.987595,36.070576,-0.013712,0.293591,0.505776,-0.811053,27.452362,117.282463,18.531336,0.133327,0.070157,0.66568,-0.730871,20.114534,136.522583,7.794184,0.066097,0.861282,0.186905,0.467857,-5.090575,89.227066,8.467298,0.135972,0.970781,-0.016581,0.197029,-2.915035,56.384026,-5.213383,0.01634,0.932044,-0.141434,0.333202,-15.079266,13.107175,-6.175075,-0.094916,0.796735,-0.029168,0.596115,6.128816,89.034889,23.349621,0.050072,-0.594422,0.087382,-0.797822,10.28039,54.092896,29.040003,0.02416,0.805496,-0.075485,0.587277,6.687629,10.040823,37.303574,0.01634,0.932044,-0.141434,0.333202,-7.216766,3.45753,-14.95965,0.02416,0.805496,-0.075485,0.587277,19.089222,1.962786,33.691204
963,8.025,-0.014877,0.894138,0.041628,0.445605,0.556817,89.133423,15.907516,-0.006358,0.889989,0.068375,0.450781,0.07001,96.745354,16.375078,-0.015875,0.888392,0.068712,0.453637,-1.18944,113.845039,18.377138,0.105282,0.939906,-0.066103,0.317999,-3.018831,133.847778,20.552759,0.084131,0.960566,-0.227584,0.135797,1.535468,147.489807,18.254427,-0.014987,0.832317,0.111953,0.54267,-5.487578,127.655174,17.367283,0.287398,-0.406018,0.23667,-0.834589,-13.44178,129.525879,-0.198814,0.223016,-0.126094,-0.472915,-0.843039,1.357882,112.866592,-14.558572,0.338535,0.023093,-0.642201,-0.687342,13.521309,130.170822,-24.448135,-0.136604,0.925499,0.099758,0.33888,-1.108638,127.400925,23.386852,0.315804,0.876783,0.051863,-0.358929,13.092214,130.989731,36.067265,-0.013569,0.293321,0.505628,-0.811246,27.483707,117.296089,18.513538,0.133265,0.069931,0.665259,-0.731287,20.130798,136.535065,7.77932,0.066369,0.861915,0.186895,0.466656,-5.057397,89.231239,8.469783,0.135887,0.97111,-0.016176,0.195496,-2.91791,56.390488,-5.22207,0.016433,0.932045,-0.141723,0.333072,-15.069386,13.110381,-6.198426,-0.094565,0.796548,-0.029362,0.596412,6.171031,89.035606,23.345249,0.050082,-0.594325,0.087513,-0.797879,10.292559,54.089672,29.03327,0.0243,0.805477,-0.075381,0.587311,6.690016,10.039753,37.304054,0.016433,0.932045,-0.141723,0.333072,-7.212772,3.453431,-14.980245,0.0243,0.805477,-0.075381,0.587311,19.091194,1.961688,33.690323
964,8.033333,-0.014775,0.894263,0.04173,0.445347,0.587483,89.135826,15.904572,-0.006428,0.89019,0.068512,0.450363,0.101507,96.747673,16.374359,-0.015781,0.888626,0.068885,0.453155,-1.161356,113.847939,18.380251,0.105076,0.940114,-0.06582,0.317509,-2.989354,133.849838,20.564728,0.084029,0.960601,-0.227757,0.135322,1.555148,147.495575,18.269016,-0.015129,0.832512,0.112068,0.542343,-5.461264,127.658203,17.379814,0.287368,-0.406336,0.236415,-0.834517,-13.429033,129.525177,-0.18052,0.222806,-0.12613,-0.473093,-0.84299,1.363337,112.873909,-14.557065,0.33836,0.023173,-0.642338,-0.687297,13.518426,130.184845,-24.444912,-0.136787,0.925556,0.099955,0.338593,-1.075765,127.4021,23.394526,0.31572,0.876638,0.051862,-0.359357,13.130663,130.996292,36.067158,-0.013063,0.292554,0.50562,-0.811536,27.508663,117.31012,18.496555,0.133882,0.069199,0.665828,-0.730726,20.135265,136.546326,7.776512,0.066837,0.861513,0.187657,0.467026,-5.03106,89.235947,8.470144,0.135944,0.971266,-0.016597,0.194645,-2.888102,56.419991,-5.280464,0.016544,0.932045,-0.142729,0.332635,-15.052536,13.142506,-6.210352,-0.09447,0.796531,-0.02941,0.596446,6.206026,89.035706,23.339001,0.049973,-0.59431,0.08779,-0.797867,10.319933,54.088699,29.025984,0.024321,0.805417,-0.075383,0.587393,6.691743,10.042161,37.303532,0.016544,0.932045,-0.142729,0.332635,-7.212755,3.462021,-14.981291,0.024321,0.805417,-0.075383,0.587393,19.093445,1.963799,33.692272
965,8.041667,-0.014531,0.894463,0.041913,0.444936,0.618808,89.139435,15.900543,-0.006,0.890294,0.068552,0.450156,0.135145,96.751152,16.374704,-0.016168,0.888653,0.069103,0.453055,-1.114439,113.847458,18.388319,0.104443,0.940317,-0.065502,0.317182,-2.960072,133.847641,20.573694,0.084218,0.960624,-0.22787,0.134853,1.563697,147.500366,18.278513,-0.015133,0.8329,0.112271,0.541705,-5.426908,127.653885,17.388969,0.287352,-0.406593,0.23604,-0.834504,-13.421506,129.522034,-0.159054,0.222605,-0.126195,-0.473237,-0.842952,1.369162,112.883949,-14.552609,0.337913,0.023604,-0.642393,-0.687452,13.517916,130.20134,-24.440468,-0.136983,0.925616,0.099945,0.338352,-1.040253,127.401543,23.403,0.315659,0.876493,0.051894,-0.359759,13.170436,131.00415,36.068474,-0.012838,0.29214,0.505502,-0.811761,27.53513,117.324951,18.481565,0.134008,0.068883,0.665577,-0.730961,20.145386,136.557678,7.769284,0.067217,0.861655,0.187911,0.466606,-5.006701,89.244759,8.471453,0.135848,0.971577,-0.016546,0.193158,-2.88492,56.439243,-5.307353,0.016457,0.932081,-0.143331,0.332282,-15.041677,13.159257,-6.22143,-0.09437,0.796357,-0.029431,0.596694,6.244317,89.034103,23.329634,0.049875,-0.59428,0.088103,-0.797861,10.349965,54.085838,29.014822,0.024327,0.805335,-0.075403,0.587502,6.694008,10.043362,37.301781,0.016457,0.932081,-0.143331,0.332282,-7.211541,3.465963,-14.98684,0.024327,0.805335,-0.075403,0.587502,19.096514,1.964581,33.694233
966,8.05,-0.014485,0.894638,0.042127,0.444565,0.654718,89.143044,15.895531,-0.005949,0.890441,0.068826,0.449825,0.170427,96.754517,16.373127,-0.016236,0.888796,0.069225,0.452754,-1.081016,113.848648,18.396252,0.104336,0.940438,-0.06533,0.316896,-2.930544,133.848068,20.585358,0.083897,0.960674,-0.227967,0.134532,1.587786,147.502899,18.292015,-0.015168,0.833246,0.112366,0.541152,-5.39783,127.654053,17.401485,0.28721,-0.406716,0.235737,-0.834578,-13.415584,129.520432,-0.136156,0.222359,-0.126456,-0.473378,-0.842899,1.37738,112.895981,-14.543112,0.337593,0.023603,-0.64253,-0.687481,13.51724,130.217026,-24.437325,-0.136926,0.925732,0.100143,0.337998,-1.007137,127.40213,23.412586,0.315449,0.876354,0.051728,-0.360306,13.213425,131.00206,36.06773,-0.01293,0.291709,0.505357,-0.812006,27.564257,117.333282,18.461409,0.133993,0.068566,0.665301,-0.731245,20.155659,136.568176,7.763641,0.067669,0.861779,0.188271,0.466168,-4.976967,89.25058,8.471153,0.135756,0.97198,-0.016501,0.19119,-2.877464,56.459057,-5.344327,0.016501,0.932079,-0.143963,0.33201,-15.027369,13.17668,-6.236128,-0.094215,0.796403,-0.029476,0.596654,6.286403,89.035507,23.319908,0.049756,-0.594184,0.088426,-0.797904,10.381738,54.085342,29.000858,0.024297,0.805248,-0.075547,0.587604,6.695464,10.046929,37.295986,0.016501,0.932079,-0.143963,0.33201,-7.207382,3.468841,-14.994502,0.024297,0.805248,-0.075547,0.587604,19.098013,1.965753,33.69392
967,8.058333,-0.013817,0.894809,0.041983,0.444256,0.681813,89.158806,15.892183,-0.006157,0.890626,0.069008,0.449429,0.207796,96.770744,16.372534,-0.016173,0.889009,0.069465,0.452301,-1.050877,113.848938,18.396751,0.104103,0.940565,-0.065479,0.316562,-2.90143,133.847076,20.596516,0.083498,0.960755,-0.227811,0.134463,1.610686,147.502594,18.295019,-0.015287,0.833454,0.112594,0.54078,-5.370935,127.65406,17.412424,0.287279,-0.407016,0.235392,-0.834506,-13.404141,129.519638,-0.118224,0.222092,-0.126519,-0.473553,-0.842862,1.384498,112.905327,-14.541282,0.337307,0.023493,-0.642477,-0.687674,13.515753,130.23317,-24.433519,-0.13717,0.925769,0.100343,0.337738,-0.974114,127.400223,23.418961,0.315447,0.876198,0.051769,-0.36068,13.250658,131.007523,36.067272,-0.01282,0.291291,0.505314,-0.812184,27.587296,117.343269,18.445879,0.134037,0.068288,0.665147,-0.731403,20.165518,136.57869,7.758999,0.068051,0.861969,0.188294,0.46575,-4.955334,89.276001,8.4721,0.135502,0.972178,-0.016452,0.190366,-2.88508,56.488792,-5.358008,0.015498,0.932237,-0.144779,0.33126,-15.013152,13.200084,-6.239357,-0.094123,0.796372,-0.029392,0.596715,6.31896,89.041603,23.312267,0.049652,-0.594248,0.088735,-0.797828,10.4123,54.089855,28.984898,0.024425,0.805119,-0.075771,0.587746,6.699179,10.055444,37.289257,0.015498,0.932237,-0.144779,0.33126,-7.198217,3.482461,-14.991382,0.024425,0.805119,-0.075771,0.587746,19.099449,1.967789,33.693913
968,8.066667,-0.013515,0.894967,0.041927,0.443953,0.709003,89.163139,15.889891,-0.006293,0.890765,0.06924,0.449116,0.239652,96.775284,16.371677,-0.016234,0.88916,0.069598,0.451981,-1.026102,113.852966,18.401407,0.103983,0.940677,-0.065489,0.316269,-2.880468,133.850281,20.605473,0.083339,0.960814,-0.227747,0.134244,1.627363,147.506683,18.300819,-0.015286,0.833623,0.112672,0.540503,-5.350547,127.657082,17.422184,0.287207,-0.407163,0.235187,-0.834517,-13.395363,129.523026,-0.103098,0.221844,-0.126646,-0.473663,-0.842846,1.39205,112.916969,-14.536934,0.337081,0.023308,-0.642527,-0.687745,13.517671,130.250031,-24.430323,-0.137087,0.925847,0.100424,0.337535,-0.949446,127.403519,23.425594,0.315422,0.876091,0.051952,-0.360935,13.281521,131.007965,36.067741,-0.012808,0.291085,0.505247,-0.8123,27.609221,117.350876,18.433548,0.133832,0.068083,0.664704,-0.731862,20.178858,136.585815,7.752744,0.068444,0.862341,0.188469,0.464934,-4.933314,89.28463,8.473806,0.135264,0.972405,-0.016378,0.189378,-2.894162,56.505947,-5.381124,0.017019,0.932053,-0.145036,0.33159,-15.001467,13.211218,-6.252487,-0.094075,0.796428,-0.029339,0.596651,6.351319,89.041656,23.305973,0.049492,-0.594736,0.089089,-0.797435,10.444668,54.089039,28.973267,0.024613,0.80509,-0.075898,0.587762,6.702968,10.058856,37.287235,0.017019,0.932053,-0.145036,0.33159,-7.204679,3.474896,-14.999911,0.024613,0.80509,-0.075898,0.587762,19.09988,1.965645,33.692822
969,8.075,-0.013247,0.895105,0.041995,0.443675,0.738976,89.16935,15.887147,-0.006923,0.890927,0.069604,0.448728,0.272985,96.781517,16.371828,-0.015941,0.889396,0.069712,0.451509,-1.01713,113.860413,18.403845,0.104086,0.940804,-0.065505,0.315852,-2.861873,133.857483,20.618328,0.083124,0.960879,-0.227745,0.133917,1.647152,147.513153,18.311714,-0.015377,0.833693,0.112682,0.540392,-5.337679,127.666496,17.43516,0.287045,-0.407151,0.235102,-0.834602,-13.387045,129.52919,-0.088382,0.221673,-0.126869,-0.473797,-0.842782,1.403005,112.929489,-14.526822,0.336942,0.023264,-0.642695,-0.687657,13.520633,130.265869,-24.426683,-0.136706,0.925981,0.100763,0.337221,-0.930075,127.408836,23.433626,0.315151,0.876039,0.052071,-0.361281,13.313155,130.997131,36.066559,-0.012902,0.290641,0.505156,-0.812514,27.636665,117.356705,18.416056,0.133645,0.067619,0.66501,-0.731661,20.189308,136.59613,7.750228,0.068936,0.862885,0.188115,0.463994,-4.908069,89.295616,8.474742,0.134848,0.972666,-0.016051,0.188362,-2.926186,56.512268,-5.377434,0.017023,0.9321,-0.145066,0.331446,-14.993264,13.206491,-6.257633,-0.093983,0.796454,-0.029169,0.596638,6.386021,89.043083,23.299553,0.049354,-0.594702,0.089489,-0.797424,10.481594,54.088528,28.953213,0.024596,0.804933,-0.07614,0.587946,6.703688,10.063556,37.278385,0.017023,0.9321,-0.145066,0.331446,-7.19975,3.469342,-15.007058,0.024596,0.804933,-0.07614,0.587946,19.100368,1.965824,33.693344
970,8.083333,-0.012928,0.895263,0.041762,0.443387,0.764123,89.17469,15.885541,-0.007053,0.891056,0.069784,0.448442,0.30423,96.787277,16.369362,-0.016009,0.889527,0.069919,0.451217,-0.992025,113.865448,18.4053,0.103953,0.940917,-0.065491,0.315562,-2.842257,133.861252,20.626554,0.083027,0.960947,-0.227617,0.133704,1.661997,147.518066,18.317345,-0.015318,0.833865,0.112735,0.540115,-5.317947,127.670311,17.443224,0.286386,-0.407331,0.234921,-0.834792,-13.378951,129.534714,-0.074793,0.221247,-0.126816,-0.473699,-0.842957,1.407848,112.952187,-14.53629,0.336853,0.023156,-0.64278,-0.687625,13.525495,130.284576,-24.420628,-0.13698,0.926088,0.100871,0.336784,-0.906449,127.412483,23.438822,0.315182,0.875965,0.051666,-0.36149,13.3453,131.011459,36.059113,-0.012508,0.2903,0.505227,-0.812598,27.659733,117.363617,18.406975,0.134194,0.066505,0.664871,-0.73179,20.20709,136.600632,7.744551,0.069436,0.863174,0.188102,0.463386,-4.887843,89.304092,8.476939,0.13448,0.972784,-0.016145,0.188003,-2.946753,56.525326,-5.391849,0.013216,0.932618,-0.14582,0.329828,-14.984155,13.210911,-6.253103,-0.093966,0.796433,-0.028924,0.596681,6.416089,89.04528,23.294142,0.049243,-0.594726,0.089889,-0.797368,10.520908,54.089485,28.933447,0.025532,0.804775,-0.07635,0.588095,6.708985,10.069979,37.272011,0.013216,0.932618,-0.14582,0.329828,-7.17013,3.489127,-15.001323,0.025532,0.804775,-0.07635,0.588095,19.093573,1.953336,33.687935
971,8.091667,-0.012653,0.895392,0.041856,0.443127,0.790728,89.181503,15.880709,-0.007101,0.891231,0.069897,0.448076,0.334103,96.794083,16.367809,-0.015993,0.889716,0.07022,0.450799,-0.964215,113.867355,18.406469,0.103762,0.94107,-0.065462,0.315176,-2.818287,133.861481,20.639612,0.082852,0.961024,-0.227502,0.133463,1.679106,147.519989,18.327093,-0.015343,0.834097,0.112902,0.539722,-5.295097,127.671417,17.455425,0.28538,-0.407137,0.234872,-0.835244,-13.372521,129.536636,-0.054932,0.220903,-0.126983,-0.473769,-0.842983,1.423821,112.975273,-14.530894,0.337078,0.023199,-0.643236,-0.687087,13.534446,130.308563,-24.413513,-0.136963,0.926254,0.100661,0.336396,-0.877975,127.411858,23.446802,0.315016,0.875867,0.051292,-0.361927,13.384062,131.015381,36.054153,-0.012526,0.28979,0.505103,-0.812856,27.687294,117.370918,18.390337,0.134511,0.066145,0.664778,-0.731848,20.215313,136.60881,7.744293,0.069946,0.863593,0.187716,0.462684,-4.86567,89.316048,8.475585,0.13419,0.973082,-0.016002,0.186677,-2.980183,56.531971,-5.388339,0.016488,0.932279,-0.145067,0.330969,-14.991514,13.210142,-6.240759,-0.094002,0.796844,-0.028774,0.596133,6.447127,89.046967,23.285831,0.049083,-0.594792,0.090324,-0.79728,10.564224,54.09103,28.91531,0.025581,0.804648,-0.076558,0.58824,6.713519,10.077151,37.26577,0.016488,0.932279,-0.145067,0.330969,-7.199774,3.477199,-14.996439,0.025581,0.804648,-0.076558,0.58824,19.096958,1.95559,33.688892
972,8.1,-0.012493,0.895547,0.041954,0.442809,0.821242,89.186768,15.875955,-0.006504,0.891306,0.070002,0.447918,0.366322,96.799278,16.365637,-0.016598,0.889704,0.070432,0.450767,-0.914173,113.862679,18.415829,0.103605,0.941123,-0.065348,0.315092,-2.793765,133.854813,20.645575,0.082589,0.961127,-0.227276,0.133263,1.69817,147.515289,18.334124,-0.014592,0.834401,0.113297,0.53919,-5.262593,127.661072,17.462343,0.28582,-0.407463,0.234763,-0.834966,-13.363134,129.556305,-0.034107,0.221163,-0.126953,-0.473737,-0.842937,1.421888,112.988792,-14.51461,0.33702,0.023369,-0.643446,-0.686912,13.540041,130.326874,-24.40596,-0.137175,0.92626,0.100737,0.33627,-0.845333,127.408127,23.453903,0.315023,0.875724,0.051154,-0.362286,13.417718,131.018784,36.058067,-0.01245,0.289601,0.505097,-0.812929,27.70693,117.37471,18.382608,0.135051,0.065744,0.663061,-0.733341,20.229919,136.612015,7.741454,0.07051,0.863824,0.187461,0.462272,-4.840483,89.324501,8.474961,0.133778,0.973173,-0.015948,0.186504,-3.004811,56.539261,-5.39291,0.011388,0.93298,-0.145807,0.328877,-14.979975,13.207335,-6.240913,-0.093882,0.796685,-0.028552,0.596375,6.482967,89.049026,23.276949,0.049091,-0.594589,0.09073,-0.797385,10.601165,54.090588,28.890041,0.025529,0.804596,-0.076909,0.588267,6.720045,10.083395,37.261604,0.011388,0.93298,-0.145807,0.328877,-7.157631,3.500987,-14.998831,0.025529,0.804596,-0.076909,0.588267,19.101105,1.955512,33.690853
973,8.108333,-0.012187,0.895433,0.042547,0.442992,0.86336,89.198318,15.851887,-0.006878,0.891347,0.070721,0.447718,0.408508,96.810181,16.351643,-0.016634,0.88987,0.070369,0.450447,-0.892997,113.855637,18.416557,0.103402,0.941251,-0.065332,0.314781,-2.77192,133.848068,20.644098,0.082547,0.961259,-0.226824,0.13311,1.713248,147.510223,18.329325,-0.014425,0.834558,0.113612,0.538885,-5.242727,127.653656,17.46372,0.285664,-0.407527,0.234589,-0.835036,-13.356197,129.559448,-0.025599,0.221017,-0.12677,-0.473838,-0.842946,1.430355,113.00116,-14.515095,0.336925,0.0236,-0.643543,-0.68686,13.54627,130.346222,-24.397135,-0.137313,0.926218,0.101048,0.336238,-0.821196,127.40197,23.452183,0.314783,0.875746,0.051342,-0.362417,13.441245,131.013412,36.056816,-0.012397,0.28928,0.504917,-0.813156,27.73348,117.384125,18.372398,0.13505,0.065389,0.662876,-0.73354,20.239681,136.618286,7.73932,0.071278,0.863687,0.186865,0.462651,-4.795485,89.346214,8.448883,0.133586,0.973371,-0.016154,0.185589,-3.020971,56.552853,-5.407714,0.011371,0.933048,-0.145829,0.328675,-14.98389,13.216925,-6.223247,-0.093803,0.796573,-0.028481,0.596541,6.522204,89.050415,23.254889,0.049085,-0.594482,0.091144,-0.797417,10.637814,54.09063,28.86145,0.025493,0.804553,-0.077085,0.588305,6.725949,10.09016,37.253998,0.011371,0.933048,-0.145829,0.328675,-7.165679,3.510017,-14.984234,0.025493,0.804553,-0.077085,0.588305,19.106169,1.959276,33.687164
974,8.116667,-0.013517,0.89576,0.043033,0.442243,0.912494,89.163887,15.8495,-0.006791,0.891537,0.070411,0.447391,0.43658,96.77459,16.347282,-0.016824,0.889908,0.071077,0.450254,-0.860308,113.8685,18.410219,0.103347,0.941371,-0.065419,0.314422,-2.758409,133.856628,20.659979,0.082554,0.961354,-0.226665,0.132689,1.724606,147.518631,18.340229,-0.014882,0.834684,0.113787,0.53864,-5.224209,127.66317,17.473862,0.285508,-0.407727,0.234333,-0.835064,-13.347396,129.556686,-0.012279,0.22058,-0.126868,-0.473697,-0.843125,1.43692,113.00975,-14.517021,0.335895,0.023962,-0.643491,-0.687401,13.556424,130.352707,-24.391645,-0.137274,0.926295,0.101206,0.335991,-0.800175,127.40947,23.460392,0.314761,0.875623,0.051441,-0.362716,13.4691,131.018829,36.057888,-0.012302,0.288882,0.504937,-0.813286,27.750523,117.395294,18.360304,0.135072,0.065052,0.663061,-0.733399,20.245615,136.635178,7.736422,0.071985,0.864226,0.186948,0.4615,-4.758067,89.292931,8.455115,0.13347,0.973456,-0.016442,0.1852,-3.042468,56.508972,-5.431133,0.01037,0.933172,-0.144697,0.328854,-15.000442,13.17108,-6.21465,-0.093453,0.796615,-0.028561,0.596537,6.583056,89.034843,23.243883,0.048997,-0.594532,0.091621,-0.797331,10.675707,54.070709,28.840164,0.02541,0.804463,-0.076936,0.588451,6.725913,10.077294,37.251919,0.01037,0.933172,-0.144697,0.328854,-7.1565,3.498107,-14.990163,0.02541,0.804463,-0.076936,0.588451,19.109983,1.950888,33.688259
975,8.125,-0.013336,0.895824,0.04326,0.442097,0.943611,89.168526,15.830368,-0.006882,0.891616,0.070922,0.44715,0.468715,96.778999,16.332554,-0.016887,0.890021,0.071267,0.449999,-0.838177,113.868797,18.409868,0.103335,0.94147,-0.065233,0.314168,-2.741378,133.855743,20.665819,0.082439,0.961435,-0.226507,0.132441,1.738745,147.519272,18.349398,-0.014561,0.834786,0.113802,0.538489,-5.206971,127.662323,17.479471,0.285308,-0.407926,0.234242,-0.835061,-13.336825,129.565796,-0.00248,0.220292,-0.126768,-0.473645,-0.843245,1.441115,113.024208,-14.51979,0.335553,0.024156,-0.64339,-0.687655,13.563517,130.369568,-24.383806,-0.13664,0.926426,0.101232,0.335881,-0.779554,127.408493,23.463491,0.314203,0.875606,0.051513,-0.363231,13.499316,130.995911,36.056374,-0.012387,0.288091,0.504792,-0.813655,27.779556,117.401382,18.335541,0.135153,0.064251,0.663892,-0.732702,20.245518,136.648102,7.736871,0.072496,0.864543,0.186126,0.461158,-4.729449,89.302322,8.437986,0.133164,0.97353,-0.016129,0.185057,-3.078556,56.501762,-5.416876,0.015178,0.932626,-0.143617,0.330687,-15.005181,13.155612,-6.220901,-0.093374,0.796703,-0.028554,0.596431,6.616671,89.034729,23.22275,0.048998,-0.594523,0.091959,-0.797298,10.705921,54.069519,28.814749,0.025352,0.804407,-0.077219,0.588493,6.732097,10.081709,37.244457,0.015178,0.932626,-0.143617,0.330687,-7.190609,3.465751,-15.003976,0.025352,0.804407,-0.077219,0.588493,19.114649,1.950487,33.686516
976,8.133333,-0.013187,0.895979,0.043297,0.441784,0.969088,89.168701,15.818274,-0.006882,0.891742,0.071284,0.446841,0.496163,96.77919,16.322132,-0.01693,0.890155,0.07143,0.449706,-0.815479,113.865723,18.410799,0.103225,0.941584,-0.065124,0.313883,-2.722416,133.851669,20.672411,0.082335,0.96153,-0.226261,0.132239,1.752729,147.516846,18.356169,-0.014518,0.834879,0.113997,0.538305,-5.188444,127.658318,17.486267,0.285243,-0.408104,0.233823,-0.835113,-13.326031,129.566376,0.00841,0.220195,-0.126198,-0.473975,-0.84317,1.454616,113.041435,-14.525102,0.335629,0.024547,-0.643816,-0.687205,13.572344,130.40921,-24.370094,-0.137394,0.926375,0.101926,0.335504,-0.757127,127.404312,23.467392,0.314327,0.875452,0.051017,-0.363567,13.523552,131.010971,36.052727,-0.012413,0.287954,0.504865,-0.813658,27.786728,117.404625,18.32723,0.135203,0.063869,0.66369,-0.73291,20.252684,136.653793,7.734746,0.072912,0.865227,0.18499,0.460266,-4.709196,89.304993,8.429951,0.132737,0.973739,-0.015799,0.184294,-3.136601,56.478714,-5.372985,0.014499,0.932843,-0.142472,0.330597,-15.021774,13.121414,-6.189371,-0.093303,0.796745,-0.028528,0.596388,6.647373,89.03241,23.206598,0.049007,-0.594409,0.092278,-0.797346,10.73405,54.066132,28.793865,0.025346,0.804366,-0.077514,0.588511,6.736986,10.083667,37.240479,0.014499,0.932843,-0.142472,0.330597,-7.191954,3.462621,-14.993063,0.025346,0.804366,-0.077514,0.588511,19.117006,1.946528,33.687248
977,8.141667,-0.013025,0.895994,0.043739,0.441716,1.00047,89.176056,15.797096,-0.007034,0.891803,0.071722,0.446649,0.526826,96.786026,16.308126,-0.016842,0.890255,0.071725,0.449464,-0.795189,113.862595,18.407166,0.103053,0.941706,-0.064987,0.313603,-2.70369,133.84697,20.681438,0.082294,0.961608,-0.226056,0.132047,1.76462,147.514435,18.365578,-0.014516,0.83491,0.11457,0.538135,-5.170584,127.655121,17.493034,0.285976,-0.408512,0.233482,-0.834759,-13.315267,129.574432,0.019713,0.220258,-0.12583,-0.474181,-0.843093,1.456165,113.046906,-14.520238,0.335014,0.024989,-0.644117,-0.687207,13.575188,130.433136,-24.358675,-0.137257,0.926413,0.102142,0.335389,-0.735981,127.398254,23.4716,0.313903,0.875455,0.050865,-0.363945,13.549129,130.997849,36.053928,-0.012828,0.287982,0.504693,-0.813749,27.811808,117.409203,18.314455,0.135127,0.063735,0.662606,-0.733915,20.270071,136.660507,7.728795,0.073426,0.865086,0.184312,0.460721,-4.679023,89.318642,8.409821,0.132529,0.973724,-0.015969,0.184506,-3.15368,56.479866,-5.368698,0.014649,0.932915,-0.142081,0.330557,-15.023587,13.118085,-6.16933,-0.093243,0.79674,-0.028601,0.596401,6.679963,89.033478,23.184372,0.049036,-0.594105,0.092565,-0.797538,10.760109,54.066704,28.773319,0.025566,0.804246,-0.077534,0.588663,6.741054,10.089266,37.235676,0.014649,0.932915,-0.142081,0.330557,-7.194673,3.466537,-14.981772,0.025566,0.804246,-0.077534,0.588663,19.119623,1.948368,33.686005
978,8.15,-0.011796,0.896392,0.04301,0.441014,0.982812,89.201019,15.798598,-0.006589,0.891978,0.071573,0.446329,0.531312,96.812424,16.308331,-0.01688,0.890331,0.071978,0.449271,-0.771668,113.859749,18.406458,0.102756,0.941849,-0.064827,0.313304,-2.685635,133.84259,20.689512,0.082363,0.961692,-0.225827,0.131788,1.772268,147.513428,18.373381,-0.014341,0.835093,0.114692,0.537829,-5.15187,127.65123,17.49966,0.285968,-0.408737,0.233065,-0.834767,-13.309467,129.577301,0.033116,0.22004,-0.125483,-0.474435,-0.843059,1.462506,113.064888,-14.523417,0.335075,0.025024,-0.643923,-0.687359,13.574025,130.464798,-24.345503,-0.137356,0.926452,0.102487,0.335137,-0.714695,127.393387,23.476276,0.313697,0.875446,0.051089,-0.364113,13.575903,130.993256,36.052288,-0.012528,0.287272,0.504491,-0.814129,27.838942,117.41909,18.302036,0.135755,0.063427,0.662418,-0.733996,20.269966,136.6642,7.732618,0.073329,0.86525,0.183542,0.460735,-4.708795,89.357483,8.420936,0.132034,0.973704,-0.015559,0.185,-3.203418,56.497513,-5.309145,0.014677,0.933004,-0.141839,0.330407,-15.023676,13.122812,-6.143407,-0.09347,0.796957,-0.028312,0.596088,6.674419,89.044556,23.176262,0.049027,-0.593839,0.092773,-0.797712,10.781797,54.079647,28.756845,0.02564,0.804006,-0.07808,0.588914,6.74469,10.10561,37.228264,0.014677,0.933004,-0.141839,0.330407,-7.196945,3.476216,-14.963203,0.02564,0.804006,-0.07808,0.588914,19.11965,1.952644,33.693737
979,8.158333,-0.011557,0.896349,0.043776,0.441031,1.014711,89.218414,15.768846,-0.006344,0.891988,0.072196,0.446211,0.561311,96.82888,16.290644,-0.017186,0.890371,0.072064,0.449168,-0.74126,113.844933,18.408205,0.102603,0.941918,-0.064793,0.313155,-2.667494,133.826859,20.688986,0.082157,0.961829,-0.225403,0.13164,1.785454,147.499054,18.37145,-0.014043,0.835252,0.11513,0.537496,-5.13037,127.633514,17.500383,0.285919,-0.408892,0.232733,-0.834801,-13.302192,129.576782,0.042388,0.219766,-0.125345,-0.474581,-0.843069,1.471311,113.077377,-14.527371,0.334678,0.025306,-0.643839,-0.68762,13.578028,130.486328,-24.33952,-0.13767,0.926402,0.102625,0.335103,-0.691967,127.379272,23.476242,0.313556,0.87539,0.051105,-0.364366,13.596171,130.988495,36.052376,-0.012829,0.287331,0.504418,-0.814149,27.854145,117.422775,18.29158,0.135436,0.063352,0.661517,-0.734874,20.283083,136.670135,7.726429,0.073626,0.865696,0.182028,0.460452,-4.676713,89.385178,8.391263,0.131684,0.97372,-0.01526,0.18519,-3.245412,56.488846,-5.259459,0.014383,0.933172,-0.141033,0.330293,-15.030432,13.10499,-6.116269,-0.093373,0.796897,-0.0285,0.596175,6.706134,89.051651,23.146427,0.049163,-0.593404,0.092991,-0.798002,10.799416,54.086189,28.733963,0.025855,0.803925,-0.078377,0.588976,6.74963,10.116991,37.224449,0.014383,0.933172,-0.141033,0.330293,-7.19694,3.478657,-14.952193,0.025855,0.803925,-0.078377,0.588976,19.119722,1.954643,33.694527
980,8.166667,-0.011425,0.896518,0.043804,0.440689,1.030495,89.220848,15.754877,-0.006538,0.892154,0.071888,0.445926,0.578924,96.831337,16.278128,-0.016744,0.890517,0.072524,0.44882,-0.725341,113.863754,18.38558,0.102611,0.942017,-0.064653,0.312882,-2.643096,133.843597,20.691576,0.08189,0.961919,-0.22514,0.131595,1.807818,147.516846,18.37624,-0.014154,0.835421,0.115263,0.537202,-5.110657,127.654839,17.4977,0.285883,-0.408926,0.232726,-0.834799,-13.294601,129.595871,0.045136,0.219525,-0.125259,-0.474704,-0.843075,1.477577,113.097069,-14.526643,0.334364,0.02546,-0.643809,-0.687796,13.57947,130.512756,-24.331076,-0.137413,0.92632,0.102877,0.335357,-0.667385,127.392075,23.46957,0.313526,0.875301,0.051284,-0.364582,13.616898,130.98735,36.054081,-0.012793,0.287099,0.504408,-0.814238,27.867559,117.428604,18.282097,0.135366,0.063037,0.661166,-0.735229,20.290527,136.675278,7.724661,0.073547,0.866229,0.180998,0.459868,-4.666618,89.38974,8.381736,0.131391,0.973663,-0.015086,0.185713,-3.274588,56.465942,-5.206666,0.009231,0.933998,-0.140622,0.328312,-15.031126,13.074696,-6.080108,-0.093244,0.796593,-0.028529,0.5966,6.727608,89.051964,23.128017,0.049326,-0.593131,0.093154,-0.798176,10.809453,54.084908,28.713942,0.025873,0.80392,-0.078466,0.588971,6.753983,10.119888,37.223316,0.009231,0.933998,-0.140622,0.328312,-7.158137,3.501052,-14.93814,0.025873,0.80392,-0.078466,0.588971,19.122959,1.955439,33.694344
981,8.175,-0.011375,0.896694,0.043982,0.440313,1.048414,89.220573,15.737048,-0.006506,0.892313,0.072106,0.445573,0.596543,96.830826,16.263252,-0.016549,0.890682,0.07272,0.448469,-0.709248,113.86261,18.378418,0.102469,0.942152,-0.064421,0.312569,-2.622646,133.841568,20.695744,0.081785,0.962002,-0.224915,0.131437,1.821292,147.517578,18.383421,-0.013962,0.835564,0.115393,0.536957,-5.093559,127.654671,17.500834,0.28584,-0.409023,0.232528,-0.834821,-13.287894,129.603439,0.054009,0.219386,-0.125197,-0.474822,-0.843054,1.484959,113.112595,-14.526071,0.334198,0.025613,-0.64385,-0.687832,13.582399,130.534042,-24.326097,-0.137371,0.926339,0.103337,0.335181,-0.645494,127.388428,23.468981,0.313366,0.875239,0.051365,-0.364856,13.643821,130.97702,36.049683,-0.012954,0.286727,0.504301,-0.814433,27.889166,117.429016,18.265257,0.135254,0.062783,0.660814,-0.735588,20.296883,136.678894,7.722587,0.073583,0.866736,0.179854,0.459355,-4.654881,89.391403,8.368733,0.131111,0.973599,-0.014811,0.186265,-3.311763,56.438549,-5.153991,0.008714,0.934205,-0.139479,0.328225,-15.039174,13.039949,-6.053436,-0.093013,0.796709,-0.028959,0.59646,6.751708,89.049736,23.105362,0.049307,-0.592998,0.093752,-0.798206,10.803181,54.081379,28.705204,0.025148,0.804272,-0.079168,0.588427,6.702964,10.126236,37.244095,0.008714,0.934205,-0.139479,0.328225,-7.153738,3.496114,-14.932537,0.025148,0.804272,-0.079168,0.588427,19.069069,1.958445,33.712807
982,8.183333,-0.011226,0.896916,0.044129,0.43985,1.058781,89.228348,15.72166,-0.006378,0.892457,0.072262,0.445263,0.608238,96.838463,16.251116,-0.01647,0.890797,0.072908,0.448213,-0.694927,113.864983,18.372911,0.102455,0.942269,-0.064161,0.312275,-2.608197,133.842926,20.69895,0.081819,0.962086,-0.224708,0.131156,1.832016,147.521027,18.391674,-0.013878,0.835627,0.11568,0.536798,-5.08058,127.657112,17.503109,0.284206,-0.408336,0.23291,-0.835608,-13.281623,129.613846,0.060326,0.218563,-0.125821,-0.474981,-0.843085,1.511545,113.14212,-14.520783,0.334156,0.025627,-0.644002,-0.68771,13.585917,130.556412,-24.321955,-0.13734,0.926365,0.103538,0.335062,-0.629054,127.38887,23.468588,0.313416,0.87518,0.051717,-0.364906,13.663695,130.974335,36.04628,-0.012783,0.286282,0.504298,-0.814593,27.905447,117.431953,18.254686,0.135404,0.062496,0.660648,-0.735734,20.301348,136.682648,7.722844,0.073573,0.867128,0.178615,0.4591,-4.652174,89.402458,8.359356,0.130919,0.973445,-0.014378,0.187241,-3.354382,56.417835,-5.090138,0.013298,0.933686,-0.137885,0.330215,-15.057194,13.013586,-6.035954,-0.093052,0.796768,-0.028727,0.596386,6.769736,89.054237,23.083963,0.049551,-0.592795,0.093535,-0.798367,10.833879,54.085445,28.67189,0.026482,0.803713,-0.078726,0.589191,6.759965,10.12882,37.215752,0.013298,0.933686,-0.137885,0.330215,-7.190631,3.466446,-14.928237,0.026482,0.803713,-0.078726,0.589191,19.121029,1.949674,33.6931
983,8.191667,-0.011322,0.897417,0.043142,0.438924,1.04852,89.213562,15.732485,-0.00601,0.892692,0.071931,0.444849,0.603821,96.824959,16.248264,-0.016365,0.890903,0.073087,0.447977,-0.682969,113.866028,18.367788,0.102504,0.942327,-0.063958,0.312125,-2.595095,133.843063,20.702625,0.081656,0.962143,-0.224551,0.131109,1.844141,147.522308,18.400309,-0.013826,0.835645,0.115962,0.536712,-5.06916,127.658478,17.505705,0.28417,-0.408393,0.232744,-0.835639,-13.27384,129.622345,0.06544,0.218495,-0.12575,-0.475126,-0.843031,1.520975,113.15757,-14.521832,0.334141,0.025702,-0.644165,-0.687562,13.589224,130.576797,-24.319454,-0.137131,0.926429,0.103741,0.334906,-0.614433,127.387939,23.468689,0.313251,0.875139,0.051861,-0.365125,13.68458,130.964249,36.041862,-0.012806,0.285836,0.504249,-0.814781,27.923334,117.433586,18.238964,0.135517,0.062095,0.660534,-0.73585,20.305391,136.685959,7.722534,0.073171,0.868303,0.177556,0.45735,-4.677575,89.377136,8.381711,0.130495,0.973284,-0.013796,0.18841,-3.41782,56.361412,-4.994908,0.007319,0.934571,-0.136586,0.328433,-15.073278,12.945718,-5.998449,-0.093022,0.796652,-0.028456,0.596559,6.774615,89.049988,23.08326,0.049611,-0.592602,0.093728,-0.798484,10.847418,54.079689,28.655439,0.026414,0.80361,-0.078786,0.589327,6.760991,10.126835,37.212719,0.007319,0.934571,-0.136586,0.328433,-7.14608,3.47885,-14.922647,0.026414,0.80361,-0.078786,0.589327,19.123638,1.94765,33.695721
984,8.2,-0.011014,0.897239,0.044226,0.439188,1.076282,89.241638,15.692423,-0.006157,0.892654,0.072718,0.444795,0.62839,96.851692,16.224962,-0.016192,0.890963,0.073365,0.447818,-0.673727,113.874374,18.364508,0.102775,0.942386,-0.063767,0.311897,-2.584199,133.849991,20.712772,0.081518,0.962229,-0.224436,0.130763,1.859703,147.528763,18.416708,-0.013745,0.835659,0.11607,0.536668,-5.059695,127.667549,17.512836,0.284022,-0.408522,0.232658,-0.83565,-13.266316,129.636093,0.074008,0.218388,-0.125688,-0.475165,-0.843046,1.525041,113.176224,-14.522322,0.334118,0.025659,-0.644474,-0.687284,13.592112,130.598328,-24.315453,-0.13716,0.926478,0.10432,0.334578,-0.602763,127.393028,23.473989,0.313296,0.87504,0.052006,-0.365303,13.704448,130.964478,36.039223,-0.012719,0.285487,0.504306,-0.814869,27.934814,117.436623,18.227459,0.135616,0.061712,0.660356,-0.736023,20.310595,136.691132,7.721448,0.073271,0.86859,0.175543,0.457567,-4.645617,89.419479,8.338712,0.130258,0.973017,-0.013276,0.189987,-3.456467,56.35413,-4.921299,0.00739,0.934567,-0.135954,0.328706,-15.081075,12.931597,-5.985063,-0.093059,0.796269,-0.028504,0.597063,6.798181,89.063805,23.046135,0.049808,-0.59212,0.093971,-0.798801,10.867498,54.094196,28.625187,0.026422,0.803561,-0.079394,0.589312,6.769288,10.147208,37.20694,0.00739,0.934567,-0.135954,0.328706,-7.145685,3.478485,-14.91656,0.026422,0.803561,-0.079394,0.589312,19.125938,1.955526,33.697956
985,8.208333,-0.010855,0.897288,0.044499,0.439063,1.087361,89.257141,15.672581,-0.006078,0.892732,0.073009,0.444593,0.639887,96.866882,16.209984,-0.016069,0.891063,0.073547,0.447592,-0.663347,113.882591,18.359232,0.102917,0.942445,-0.063605,0.311704,-2.572102,133.857285,20.71669,0.081398,0.962303,-0.224254,0.130606,1.873444,147.536285,18.425104,-0.013638,0.835739,0.116283,0.536501,-5.049403,127.676216,17.515491,0.283922,-0.408562,0.232562,-0.835692,-13.263064,129.65184,0.080781,0.218378,-0.125655,-0.475195,-0.843037,1.528955,113.197304,-14.520891,0.334144,0.025665,-0.644756,-0.687007,13.595269,130.620972,-24.312859,-0.137082,0.92657,0.104719,0.334233,-0.589408,127.399132,23.474234,0.313256,0.874952,0.051731,-0.365588,13.727572,130.964462,36.030071,-0.012811,0.285036,0.504333,-0.815009,27.948246,117.43541,18.211498,0.135857,0.061318,0.660378,-0.735992,20.312714,136.696762,7.722,0.073195,0.868615,0.174527,0.45792,-4.636647,89.439758,8.320629,0.130007,0.972902,-0.013164,0.190751,-3.471692,56.348251,-4.876122,0.007252,0.934804,-0.135407,0.32826,-15.072036,12.919596,-5.95451,-0.09286,0.796258,-0.028771,0.597095,6.811369,89.074532,23.024532,0.049876,-0.591672,0.094478,-0.799069,10.857877,54.103374,28.610453,0.026692,0.803598,-0.079257,0.589267,6.72259,10.165587,37.221489,0.007252,0.934804,-0.135407,0.32826,-7.141016,3.479417,-14.903548,0.026692,0.803598,-0.079257,0.589267,19.076738,1.972397,33.707218
986,8.216667,-0.010642,0.897428,0.044447,0.438786,1.088244,89.266571,15.659961,-0.005908,0.892834,0.073115,0.444373,0.644211,96.87645,16.198225,-0.015903,0.891154,0.073694,0.447393,-0.654681,113.888763,18.353262,0.103015,0.942518,-0.063345,0.311504,-2.559565,133.862808,20.719431,0.081297,0.962372,-0.22411,0.130403,1.885635,147.54303,18.434502,-0.013564,0.83582,0.116599,0.536308,-5.039217,127.683327,17.516968,0.283961,-0.408586,0.232417,-0.835707,-13.260992,129.667007,0.086997,0.218429,-0.125659,-0.475233,-0.843002,1.533514,113.217476,-14.517773,0.334321,0.025547,-0.644645,-0.68703,13.597423,130.640564,-24.310663,-0.136948,0.926609,0.104849,0.334136,-0.57648,127.403305,23.47352,0.313243,0.874847,0.05168,-0.365856,13.744413,130.962784,36.026554,-0.012826,0.284689,0.504422,-0.815074,27.955093,117.435814,18.198439,0.136086,0.060965,0.660266,-0.736079,20.315002,136.701004,7.722194,0.072954,0.868964,0.173195,0.457802,-4.640373,89.452072,8.311673,0.129915,0.972426,-0.012808,0.19325,-3.507257,56.325054,-4.798473,0.006857,0.934833,-0.134515,0.328552,-15.090757,12.893417,-5.936208,-0.092889,0.79612,-0.028566,0.597285,6.816862,89.081078,23.008247,0.050042,-0.591372,0.094672,-0.799257,10.872473,54.10947,28.584778,0.024235,0.803812,-0.080747,0.58888,6.72918,10.176474,37.21637,0.006857,0.934833,-0.134515,0.328552,-7.142643,3.477022,-14.895129,0.024235,0.803812,-0.080747,0.58888,19.096174,1.991445,33.728374
987,8.225,-0.010348,0.897537,0.044444,0.438572,1.085024,89.276031,15.646953,-0.005774,0.892934,0.07319,0.444161,0.645169,96.886009,16.187258,-0.01567,0.891261,0.073791,0.447173,-0.650069,113.896057,18.346687,0.103118,0.942611,-0.063107,0.311238,-2.54774,133.869812,20.721035,0.081268,0.962458,-0.223919,0.130115,1.897145,147.551086,18.441793,-0.013356,0.835881,0.116834,0.536167,-5.030919,127.692238,17.517653,0.283966,-0.408636,0.232414,-0.835682,-13.258765,129.686859,0.091796,0.218349,-0.125707,-0.475254,-0.843004,1.53366,113.236908,-14.514618,0.334154,0.025574,-0.644698,-0.68706,13.596097,130.660934,-24.307875,-0.136642,0.926673,0.104861,0.33408,-0.56514,127.40873,23.47176,0.313263,0.874692,0.051709,-0.366204,13.760452,130.957611,36.02243,-0.01312,0.284418,0.50441,-0.815171,27.956974,117.433807,18.180626,0.135712,0.061174,0.660297,-0.736103,20.30867,136.705826,7.719532,0.072599,0.869377,0.171878,0.457571,-4.647218,89.466225,8.301612,0.129787,0.972271,-0.012228,0.194152,-3.54004,56.303101,-4.71916,0.006703,0.934889,-0.133632,0.328755,-15.101394,12.867146,-5.916052,-0.092941,0.796119,-0.028363,0.597287,6.817267,89.085838,22.992292,0.050147,-0.59113,0.094815,-0.799413,10.884408,54.11409,28.559511,0.024657,0.803657,-0.080966,0.589044,6.733946,10.184484,37.204876,0.006703,0.934889,-0.133632,0.328755,-7.141788,3.472093,-14.887172,0.024657,0.803657,-0.080966,0.589044,19.095177,1.988491,33.722206
988,8.233333,-0.009877,0.897756,0.044103,0.438168,1.072178,89.276718,15.640651,-0.00612,0.893097,0.073282,0.443813,0.641313,96.887299,16.179638,-0.015003,0.891469,0.073813,0.446777,-0.666015,113.908295,18.338566,0.10361,0.942721,-0.062822,0.310797,-2.53899,133.882736,20.726608,0.081217,0.962548,-0.223864,0.129573,1.914825,147.562683,18.456888,-0.01353,0.835855,0.116899,0.536188,-5.032251,127.709839,17.522038,0.283977,-0.40868,0.232273,-0.835696,-13.259029,129.700317,0.095204,0.218199,-0.12569,-0.47531,-0.843013,1.534978,113.255562,-14.515455,0.33393,0.025448,-0.644768,-0.687108,13.594714,130.682465,-24.305067,-0.136354,0.926775,0.105053,0.333856,-0.560893,127.417816,23.471542,0.313531,0.874528,0.052147,-0.366304,13.773558,130.955322,36.015308,-0.012733,0.283732,0.504744,-0.81521,27.95726,117.430565,18.164032,0.136208,0.060527,0.660814,-0.735601,20.306744,136.709808,7.719944,0.072358,0.869596,0.170629,0.45766,-4.666832,89.471634,8.300722,0.129551,0.971692,-0.012007,0.197197,-3.585527,56.275536,-4.637937,0.007288,0.934815,-0.131707,0.32973,-15.118972,12.833611,-5.886168,-0.093065,0.796146,-0.028082,0.597245,6.811189,89.081802,22.980579,0.050222,-0.591072,0.095036,-0.799424,10.897614,54.110573,28.53694,0.02811,0.803154,-0.079087,0.589829,6.73487,10.185421,37.199032,0.007288,0.934815,-0.131707,0.32973,-7.136858,3.47749,-14.877954,0.02811,0.803154,-0.079087,0.589829,19.078335,1.973848,33.690151
989,8.241667,-0.009878,0.897796,0.044114,0.438085,1.073367,89.277939,15.631027,-0.006316,0.893159,0.073582,0.443637,0.642456,96.888504,16.170198,-0.01443,0.891595,0.073848,0.446538,-0.674863,113.905548,18.335257,0.103777,0.942821,-0.062755,0.310454,-2.527219,133.880478,20.735426,0.081114,0.96265,-0.223678,0.129203,1.929122,147.559814,18.466986,-0.013336,0.835829,0.116796,0.536256,-5.028389,127.711716,17.529026,0.283873,-0.408905,0.232101,-0.835668,-13.252552,129.70665,0.101466,0.217908,-0.125562,-0.475437,-0.843036,1.535904,113.268661,-14.522433,0.333682,0.025564,-0.644775,-0.687218,13.591258,130.70369,-24.301729,-0.136377,0.926898,0.105236,0.333447,-0.553603,127.412155,23.475578,0.313594,0.874381,0.05217,-0.366599,13.791178,130.950424,36.007305,-0.013058,0.283665,0.504878,-0.815145,27.961344,117.426491,18.144669,0.135914,0.060463,0.660317,-0.736107,20.31448,136.715729,7.710482,0.072087,0.869914,0.169376,0.457564,-4.667,89.472839,8.292159,0.129511,0.971283,-0.011692,0.199246,-3.612554,56.243587,-4.563344,0.006905,0.934904,-0.130628,0.329915,-15.134326,12.800062,-5.862698,-0.092994,0.795967,-0.027844,0.597506,6.813734,89.083031,22.969896,0.050349,-0.591008,0.09518,-0.799447,10.904601,54.109913,28.511078,0.025214,0.803334,-0.080781,0.589485,6.737764,10.188365,37.189476,0.006905,0.934904,-0.130628,0.329915,-7.136603,3.47181,-14.869555,0.025214,0.803334,-0.080781,0.589485,19.098032,1.987748,33.714275
990,8.25,-0.009257,0.898189,0.0433,0.437374,1.039956,89.280846,15.640952,-0.00581,0.893338,0.073144,0.443355,0.623429,96.892677,16.173479,-0.014202,0.891668,0.073909,0.446391,-0.670999,113.912674,18.333366,0.103871,0.942881,-0.062506,0.310289,-2.515837,133.887512,20.740147,0.08105,0.96269,-0.223644,0.129003,1.940269,147.567993,18.478247,-0.013246,0.83586,0.11701,0.536164,-5.020221,127.720535,17.53282,0.283394,-0.408982,0.232286,-0.835742,-13.248314,129.722397,0.10791,0.217564,-0.12561,-0.475416,-0.84313,1.53227,113.284561,-14.524124,0.333556,0.02578,-0.644687,-0.687353,13.588238,130.722748,-24.298212,-0.135869,0.926987,0.105046,0.333468,-0.54338,127.417709,23.477661,0.313618,0.87424,0.0527,-0.366838,13.806213,130.940582,36.008221,-0.012894,0.28329,0.50502,-0.81519,27.966297,117.428841,18.12837,0.136022,0.060267,0.660406,-0.736023,20.316463,136.721558,7.70433,0.071395,0.870185,0.168667,0.457419,-4.71223,89.478859,8.311427,0.129463,0.971141,-0.011035,0.200008,-3.64115,56.225418,-4.480002,0.008271,0.934712,-0.129725,0.330783,-15.146049,12.779435,-5.844883,-0.093163,0.795749,-0.027391,0.59779,6.792143,89.082832,22.970476,0.050425,-0.590937,0.095289,-0.799482,10.909854,54.110165,28.494596,0.026761,0.803026,-0.080179,0.589919,6.738599,10.19117,37.183784,0.008271,0.934712,-0.129725,0.330783,-7.145397,3.4601,-14.858367,0.026761,0.803026,-0.080179,0.589919,19.089411,1.97876,33.702816
991,8.258333,-0.009012,0.898243,0.043373,0.437261,1.033984,89.292854,15.63055,-0.005282,0.893474,0.073549,0.44302,0.620414,96.904663,16.165764,-0.014461,0.891849,0.073621,0.446068,-0.662595,113.915321,18.345583,0.104101,0.943001,-0.062082,0.309931,-2.510728,133.891556,20.738039,0.081255,0.962776,-0.223526,0.128438,1.946575,147.573532,18.487442,-0.012891,0.835836,0.117256,0.536155,-5.015797,127.721474,17.537258,0.283888,-0.409491,0.232067,-0.835386,-13.244605,129.739914,0.114596,0.217599,-0.125206,-0.475409,-0.843185,1.519273,113.297806,-14.52949,0.333211,0.026149,-0.644642,-0.687549,13.584034,130.746231,-24.291746,-0.135708,0.927042,0.105113,0.33336,-0.534775,127.424393,23.47924,0.313809,0.874082,0.052877,-0.367027,13.819315,130.941345,36.006325,-0.012668,0.282959,0.505241,-0.815172,27.965672,117.427353,18.117315,0.136444,0.060261,0.660706,-0.735676,20.31875,136.721588,7.702623,0.071239,0.87032,0.167372,0.457663,-4.720136,89.495468,8.302667,0.129317,0.970766,-0.01068,0.20193,-3.679372,56.209419,-4.406183,0.007355,0.934872,-0.129435,0.330466,-15.16263,12.759343,-5.822133,-0.093196,0.79553,-0.027289,0.598082,6.788103,89.09024,22.958433,0.050584,-0.590528,0.095291,-0.799773,10.910028,54.117619,28.479702,0.026642,0.802987,-0.080671,0.58991,6.742737,10.200108,37.178272,0.007355,0.934872,-0.129435,0.330466,-7.153397,3.454435,-14.8429,0.026642,0.802987,-0.080671,0.58991,19.090267,1.979578,33.704842
992,8.266667,-0.008848,0.898312,0.04347,0.437114,1.028946,89.303276,15.619175,-0.005046,0.893544,0.073674,0.442861,0.617055,96.915001,16.156878,-0.014278,0.891926,0.073656,0.445914,-0.660023,113.922485,18.344017,0.104255,0.943068,-0.062023,0.309689,-2.501773,133.898743,20.741344,0.081243,0.962861,-0.223345,0.128121,1.958182,147.580093,18.492275,-0.012634,0.835852,0.117431,0.536099,-5.009726,127.730003,17.540199,0.283935,-0.409847,0.231927,-0.835234,-13.241126,129.760162,0.120127,0.217495,-0.124913,-0.475385,-0.843269,1.51073,113.319717,-14.537936,0.333048,0.026509,-0.64451,-0.687738,13.578913,130.771133,-24.285767,-0.13554,0.927089,0.105177,0.333276,-0.526583,127.43045,23.480457,0.31391,0.873969,0.053386,-0.367137,13.831414,130.941147,36.00481,-0.012287,0.282564,0.505336,-0.815256,27.970165,117.434601,18.104158,0.136688,0.059995,0.660854,-0.73552,20.318153,136.727142,7.695525,0.07121,0.870198,0.166129,0.458351,-4.727632,89.509285,8.293318,0.129156,0.970258,-0.010462,0.204472,-3.716826,56.193398,-4.33953,0.007227,0.934868,-0.128579,0.330812,-15.178569,12.739166,-5.801629,-0.093215,0.795259,-0.027308,0.598439,6.785524,89.097275,22.945032,0.050762,-0.589994,0.095215,-0.800166,10.90523,54.124977,28.470018,0.026982,0.80292,-0.080807,0.589968,6.747114,10.207772,37.174553,0.007227,0.934868,-0.128579,0.330812,-7.155347,3.455059,-14.831391,0.026982,0.80292,-0.080807,0.589968,19.089655,1.979188,33.702457
993,8.275,-0.008632,0.89837,0.043381,0.437007,1.01919,89.311905,15.612314,-0.004903,0.893604,0.073839,0.442713,0.610924,96.923805,16.150293,-0.013971,0.892021,0.073506,0.445757,-0.663294,113.922607,18.343836,0.104315,0.943143,-0.061867,0.30947,-2.490869,133.900101,20.741652,0.08122,0.962929,-0.223206,0.127865,1.968503,147.582199,18.495993,-0.012386,0.835893,0.117714,0.535978,-5.004196,127.732979,17.541607,0.283353,-0.409897,0.232154,-0.835344,-13.240862,129.776459,0.125584,0.217012,-0.124872,-0.475398,-0.843392,1.503275,113.336525,-14.540813,0.332871,0.026743,-0.644307,-0.688005,13.57176,130.794952,-24.277433,-0.135471,0.927139,0.105309,0.333123,-0.518842,127.43055,23.480045,0.314124,0.873746,0.053342,-0.367491,13.843836,130.937943,35.999947,-0.01206,0.282414,0.505571,-0.815165,27.961672,117.425346,18.087372,0.136513,0.0593,0.661149,-0.735344,20.316538,136.722275,7.680081,0.071049,0.870452,0.164628,0.458436,-4.73919,89.520706,8.287955,0.128963,0.969697,-0.010015,0.207256,-3.767749,56.167786,-4.249907,0.006735,0.934911,-0.127547,0.3311,-15.200461,12.708259,-5.780183,-0.093218,0.794975,-0.027364,0.598812,6.77757,89.103104,22.936674,0.050973,-0.589476,0.095069,-0.800551,10.892441,54.131065,28.466888,0.02729,0.802925,-0.080847,0.58994,6.750287,10.213316,37.17625,0.006735,0.934911,-0.127547,0.3311,-7.158081,3.452186,-14.821675,0.02729,0.802925,-0.080847,0.58994,19.088312,1.979031,33.701618
994,8.283333,-0.008445,0.898424,0.043273,0.43691,1.010173,89.318336,15.606612,-0.004706,0.893683,0.07393,0.442542,0.605259,96.930428,16.144411,-0.013757,0.892125,0.073426,0.44557,-0.66387,113.928497,18.343939,0.104634,0.943204,-0.061672,0.309217,-2.481779,133.906693,20.743162,0.081153,0.962995,-0.223193,0.127437,1.983452,147.587982,18.504141,-0.012113,0.835993,0.117764,0.535818,-4.999208,127.740753,17.544083,0.283528,-0.410137,0.232259,-0.835138,-13.242785,129.79332,0.132394,0.216659,-0.125035,-0.475371,-0.843474,1.488304,113.343872,-14.536439,0.33224,0.026876,-0.643605,-0.68896,13.557163,130.805023,-24.272751,-0.135284,0.927173,0.105443,0.333062,-0.511284,127.436218,23.480473,0.314307,0.873538,0.053451,-0.367811,13.854939,130.935593,35.998554,-0.011794,0.282209,0.505803,-0.815096,27.954187,117.420975,18.072874,0.136633,0.058959,0.661428,-0.735098,20.314449,136.721802,7.66795,0.070858,0.870677,0.163291,0.458515,-4.749844,89.529312,8.283602,0.128807,0.969396,-0.0094,0.208785,-3.81049,56.143211,-4.168109,0.005567,0.934957,-0.126466,0.331407,-15.215845,12.678968,-5.767118,-0.093259,0.794826,-0.027713,0.598987,6.770191,89.107361,22.929623,0.051009,-0.589338,0.094767,-0.800686,10.871161,54.137241,28.482262,0.027463,0.802941,-0.080918,0.589902,6.750854,10.21466,37.177605,0.005567,0.934957,-0.126466,0.331407,-7.143582,3.458266,-14.818112,0.027463,0.802941,-0.080918,0.589902,19.08567,1.976185,33.701523
995,8.291667,-0.008547,0.898462,0.043274,0.43683,1.002225,89.31897,15.602237,-0.004587,0.893722,0.073726,0.442498,0.595953,96.93103,16.139397,-0.013351,0.892152,0.073541,0.445508,-0.66722,113.942444,18.336136,0.104664,0.94329,-0.061594,0.308959,-2.472408,133.92041,20.746923,0.081279,0.963037,-0.223178,0.127062,1.991984,147.602112,18.508718,-0.012015,0.836138,0.117708,0.535605,-4.99425,127.757813,17.544886,0.283188,-0.410358,0.232315,-0.835129,-13.24673,129.811356,0.13753,0.216276,-0.124905,-0.47525,-0.843659,1.473376,113.363602,-14.544232,0.33189,0.027081,-0.643428,-0.689287,13.547905,130.825943,-24.265814,-0.134913,0.927262,0.105608,0.332914,-0.505338,127.447189,23.480215,0.314556,0.873349,0.053524,-0.368037,13.868602,130.932159,35.993462,-0.011692,0.28201,0.506014,-0.815036,27.950733,117.411232,18.059072,0.136855,0.058839,0.661055,-0.735401,20.3165,136.715118,7.661287,0.070913,0.870498,0.162309,0.459195,-4.759061,89.528168,8.280173,0.128656,0.969192,-0.009066,0.209838,-3.846414,56.119846,-4.113775,0.004457,0.935115,-0.126198,0.33108,-15.230868,12.651568,-5.751423,-0.093213,0.794571,-0.027989,0.59932,6.763511,89.109764,22.924301,0.051155,-0.589,0.09448,-0.80096,10.84773,54.140125,28.492298,0.02764,0.802984,-0.08089,0.589838,6.752016,10.213989,37.181343,0.004457,0.935115,-0.126198,0.33108,-7.147606,3.446664,-14.808679,0.02764,0.802984,-0.08089,0.589838,19.084263,1.973228,33.70155
996,8.3,-0.008466,0.898499,0.04313,0.43677,0.991162,89.324867,15.599474,-0.004495,0.893815,0.073961,0.442272,0.586993,96.937141,16.135241,-0.013164,0.892302,0.073373,0.445243,-0.675672,113.938286,18.339712,0.104811,0.943378,-0.061537,0.30865,-2.47036,133.91745,20.748375,0.081362,0.963101,-0.223075,0.126709,1.996253,147.598587,18.511213,-0.011931,0.836118,0.11781,0.535616,-4.996989,127.755463,17.548933,0.282966,-0.410683,0.232112,-0.835101,-13.249108,129.813904,0.141981,0.215829,-0.124611,-0.475325,-0.843775,1.461828,113.375427,-14.559346,0.331528,0.027331,-0.643226,-0.689639,13.535336,130.84726,-24.259943,-0.134526,0.927375,0.105531,0.332778,-0.504478,127.443787,23.481483,0.314506,0.873237,0.05368,-0.368324,13.876985,130.917007,35.989357,-0.011624,0.281765,0.506149,-0.815038,27.949589,117.404137,18.04141,0.137081,0.058632,0.661172,-0.735271,20.315075,136.712784,7.651017,0.070927,0.870399,0.16119,0.459776,-4.771131,89.534203,8.278204,0.12857,0.968555,-0.008836,0.212822,-3.888782,56.100201,-4.048522,0.008649,0.934575,-0.124783,0.333051,-15.256457,12.629568,-5.739583,-0.093324,0.794464,-0.028008,0.599444,6.753454,89.115532,22.920746,0.051385,-0.58871,0.093822,-0.801235,10.842189,54.147453,28.495195,0.02804,0.802752,-0.081304,0.590078,6.802351,10.212308,37.164772,0.008649,0.934575,-0.124783,0.333051,-7.185857,3.420635,-14.804038,0.02804,0.802752,-0.081304,0.590078,19.12792,1.957077,33.695641
997,8.308333,-0.008645,0.898537,0.043168,0.436684,0.982118,89.327255,15.599455,-0.003777,0.893821,0.073526,0.44234,0.575291,96.93943,16.134579,-0.013372,0.892205,0.073544,0.445401,-0.658946,113.943947,18.33671,0.10457,0.94347,-0.061827,0.308395,-2.464623,133.92186,20.747448,0.081688,0.963209,-0.22277,0.126211,1.996978,147.602768,18.498835,-0.011533,0.836368,0.117963,0.535201,-4.986893,127.759048,17.54615,0.282625,-0.410812,0.232148,-0.835143,-13.256595,129.831573,0.149222,0.215445,-0.124581,-0.475252,-0.843919,1.44783,113.396469,-14.562384,0.331116,0.027518,-0.643128,-0.689921,13.523664,130.869308,-24.252405,-0.134359,0.927403,0.1056,0.332747,-0.496568,127.448822,23.480431,0.314658,0.873063,0.053698,-0.368602,13.887435,130.915421,35.987209,-0.011468,0.281597,0.506357,-0.814969,27.944088,117.399551,18.029034,0.137286,0.058442,0.661288,-0.735143,20.315205,136.711746,7.642619,0.070689,0.870802,0.160122,0.459422,-4.781523,89.533821,8.27917,0.128447,0.968189,-0.008371,0.214572,-3.925537,56.072975,-3.976343,0.008239,0.934614,-0.123813,0.333315,-15.270692,12.59878,-5.726005,-0.093093,0.794296,-0.028585,0.599675,6.745759,89.120682,22.919741,0.05136,-0.588217,0.093734,-0.801609,10.795154,54.151855,28.518188,0.027898,0.8029,-0.080956,0.589932,6.75491,10.214991,37.178886,0.008239,0.934614,-0.123813,0.333315,-7.18303,3.415822,-14.801598,0.027898,0.8029,-0.080956,0.589932,19.084188,1.968918,33.701164
998,8.316667,-0.008617,0.898591,0.043135,0.436577,0.969837,89.335022,15.598166,-0.003449,0.893885,0.073587,0.442202,0.563684,96.94725,16.13307,-0.013284,0.892277,0.073392,0.445284,-0.660542,113.94458,18.341349,0.104827,0.943527,-0.061747,0.308148,-2.460021,133.923508,20.748432,0.081725,0.963284,-0.22269,0.125752,2.006754,147.60321,18.502844,-0.011223,0.836472,0.11805,0.535026,-4.984895,127.760719,17.549128,0.282343,-0.411142,0.232107,-0.835088,-13.262117,129.844238,0.157087,0.215011,-0.124374,-0.475193,-0.844093,1.42898,113.41288,-14.572014,0.330719,0.027725,-0.642975,-0.690246,13.509795,130.8918,-24.244625,-0.134303,0.927475,0.105594,0.332569,-0.492984,127.450478,23.482208,0.31501,0.872818,0.053617,-0.368894,13.896201,130.916229,35.983265,-0.011389,0.281466,0.506717,-0.814791,27.92971,117.387413,18.016741,0.137382,0.05822,0.66142,-0.735024,20.313896,136.709091,7.635336,0.070532,0.870999,0.159034,0.45945,-4.795548,89.541695,8.279257,0.12821,0.967777,-0.008015,0.216576,-3.966093,56.054485,-3.905896,0.003195,0.935196,-0.123683,0.331815,-15.280414,12.574291,-5.705444,-0.093133,0.794271,-0.028747,0.599695,6.735222,89.128342,22.917076,0.051684,-0.58794,0.093021,-0.801875,10.779763,54.160702,28.52648,0.028121,0.802812,-0.081382,0.589983,6.804573,10.21485,37.171711,0.003195,0.935196,-0.123683,0.331815,-7.149225,3.438751,-14.789992,0.028121,0.802812,-0.081382,0.589983,19.127462,1.956683,33.700039
999,8.325,-0.008579,0.898651,0.042976,0.436469,0.955893,89.342812,15.59994,-0.003533,0.893975,0.07352,0.44203,0.55138,96.955261,16.132965,-0.012755,0.892405,0.073365,0.44505,-0.674517,113.960457,18.33914,0.105132,0.943582,-0.061859,0.307853,-2.453792,133.940094,20.755283,0.081674,0.963321,-0.222747,0.125404,2.020865,147.616913,18.507729,-0.010673,0.837015,0.117414,0.534327,-4.986392,127.78096,17.555063,0.282492,-0.411259,0.231711,-0.83509,-13.293036,129.865707,0.177203,0.215243,-0.124451,-0.474883,-0.844197,1.402666,113.446854,-14.56124,0.330491,0.027928,-0.642846,-0.690467,13.495019,130.911728,-24.23843,-0.133677,0.927662,0.105074,0.332466,-0.491161,127.464142,23.485281,0.31518,0.872705,0.053871,-0.368979,13.907179,130.915497,35.979778,-0.011112,0.281175,0.506797,-0.814846,27.93166,117.38588,18.006809,0.13758,0.058123,0.661496,-0.734926,20.311764,136.708572,7.628966,0.070437,0.871259,0.158035,0.459317,-4.811271,89.548721,8.282412,0.127995,0.967348,-0.007664,0.218626,-4.011449,56.037998,-3.839891,0.002812,0.935213,-0.122954,0.33204,-15.296634,12.552345,-5.689692,-0.093112,0.794241,-0.029028,0.599724,6.723056,89.136894,22.917471,0.051723,-0.587857,0.092705,-0.801969,10.754115,54.170143,28.542025,0.02822,0.802826,-0.081448,0.58995,6.802592,10.219392,37.173115,0.002812,0.935213,-0.122954,0.33204,-7.15107,3.437148,-14.781796,0.02822,0.802826,-0.081448,0.58995,19.123291,1.958315,33.700607
1000,8.333333,-0.008228,0.89874,0.042659,0.436324,0.935309,89.355049,15.602682,-0.003636,0.894061,0.073513,0.441858,0.53781,96.967995,16.133774,-0.012256,0.892528,0.073291,0.444828,-0.690737,113.972961,18.338388,0.10572,0.943564,-0.062117,0.307655,-2.450114,133.953537,20.761333,0.081324,0.96339,-0.222725,0.125143,2.041498,147.624344,18.511078,-0.010531,0.837112,0.117229,0.53422,-4.990265,127.797676,17.560797,0.282261,-0.411435,0.231796,-0.835057,-13.301479,129.88269,0.185154,0.214921,-0.12448,-0.474869,-0.844282,1.384488,113.462875,-14.561911,0.330223,0.02805,-0.642689,-0.690736,13.476489,130.929749,-24.232967,-0.13318,0.927796,0.105021,0.332307,-0.491904,127.474976,23.488323,0.315482,0.872435,0.053732,-0.36938,13.915664,130.910492,35.976547,-0.011107,0.281055,0.507118,-0.814688,27.914366,117.369881,17.991764,0.137567,0.057958,0.661593,-0.734855,20.306681,136.70018,7.62092,0.070532,0.870999,0.157151,0.460097,-4.834322,89.564133,8.287188,0.127681,0.966895,-0.007405,0.220811,-4.059338,56.034481,-3.7843,0.002794,0.935199,-0.122442,0.33227,-15.308412,12.541262,-5.675784,-0.093032,0.794345,-0.029577,0.599572,6.70494,89.145958,22.918177,0.051823,-0.587555,0.092115,-0.802252,10.708991,54.180431,28.569555,0.028345,0.80285,-0.081456,0.58991,6.801495,10.220808,37.175499,0.002794,0.935199,-0.122442,0.33227,-7.154964,3.438112,-14.77289,0.028345,0.80285,-0.081456,0.58991,19.120169,1.95757,33.700943
1001,8.341667,-0.008096,0.898798,0.04236,0.436236,0.913361,89.364067,15.609699,-0.003589,0.894158,0.073425,0.441675,0.519729,96.97744,16.137609,-0.011903,0.892662,0.073118,0.444597,-0.705472,113.981461,18.340334,0.105955,0.943606,-0.06222,0.307426,-2.448388,133.963409,20.763887,0.08133,0.963399,-0.222818,0.124897,2.049413,147.631851,18.511652,-0.010277,0.837175,0.117217,0.534128,-4.99503,127.809402,17.564947,0.282041,-0.411604,0.231961,-0.835002,-13.310237,129.901962,0.192118,0.214697,-0.124467,-0.474837,-0.84436,1.364256,113.477745,-14.561481,0.330137,0.028132,-0.642629,-0.69083,13.458499,130.947418,-24.227665,-0.132855,0.9279,0.105017,0.332148,-0.493483,127.483429,23.489878,0.315624,0.87231,0.05367,-0.369564,13.921535,130.908478,35.972382,-0.010929,0.280889,0.507238,-0.814673,27.908295,117.362686,17.982195,0.13777,0.057796,0.661722,-0.734713,20.302189,136.694107,7.61407,0.070374,0.871469,0.156044,0.459608,-4.857738,89.572861,8.295353,0.127471,0.966657,-0.006671,0.221994,-4.117025,56.016899,-3.704981,0.007168,0.934651,-0.121033,0.334257,-15.331212,12.517926,-5.669881,-0.093051,0.794481,-0.029979,0.59937,6.684461,89.155266,22.924046,0.051854,-0.587488,0.091638,-0.802354,10.673726,54.191696,28.597948,0.028547,0.802915,-0.081499,0.589806,6.801176,10.224483,37.180866,0.007168,0.934651,-0.121033,0.334257,-7.192358,3.408827,-14.774099,0.028547,0.802915,-0.081499,0.589806,19.115908,1.957111,33.702152
1002,8.35,-0.008023,0.898868,0.042102,0.436119,0.896543,89.372681,15.615427,-0.003547,0.894258,0.073421,0.441474,0.50569,96.986404,16.140348,-0.011668,0.892793,0.072971,0.444364,-0.717559,113.989044,18.343653,0.105775,0.943784,-0.062049,0.306974,-2.448719,133.972092,20.766628,0.081951,0.963385,-0.222971,0.124331,2.041106,147.643204,18.514658,-0.009938,0.837304,0.116972,0.533985,-5.000358,127.819153,17.569599,0.281905,-0.411801,0.232,-0.83494,-13.321754,129.916931,0.200373,0.214442,-0.124491,-0.474856,-0.84441,1.343186,113.491798,-14.561687,0.329977,0.028157,-0.642478,-0.691046,13.435724,130.963806,-24.223223,-0.132536,0.928002,0.104933,0.332018,-0.495652,127.491295,23.492022,0.315871,0.872156,0.05373,-0.369707,13.925992,130.907028,35.969414,-0.010741,0.280766,0.507407,-0.814612,27.89884,117.353966,17.9739,0.137797,0.05764,0.661841,-0.734613,20.297653,136.6875,7.60708,0.070362,0.871783,0.155083,0.45934,-4.876488,89.580498,8.302582,0.127174,0.9665,-0.006083,0.222862,-4.171072,56.003117,-3.639811,0.006843,0.934639,-0.12044,0.33451,-15.346421,12.496674,-5.65985,-0.092953,0.794457,-0.030392,0.599395,6.669573,89.164864,22.928274,0.051987,-0.587109,0.091138,-0.802679,10.635458,54.201775,28.621542,0.028712,0.803006,-0.081571,0.589664,6.801597,10.22757,37.186024,0.006843,0.934639,-0.12044,0.33451,-7.194143,3.404303,-14.768776,0.028712,0.803006,-0.081571,0.589664,19.112185,1.956011,33.702614
1003,8.358333,-0.008269,0.898912,0.041992,0.436034,0.880579,89.377258,15.623789,-0.003313,0.894349,0.073195,0.44133,0.487129,96.991058,16.145594,-0.011563,0.89288,0.072864,0.444209,-0.725052,113.993248,18.345526,0.105956,0.943834,-0.062055,0.306759,-2.450078,133.97702,20.766838,0.082091,0.963398,-0.223041,0.124011,2.043748,147.646851,18.515074,-0.009898,0.837065,0.117317,0.534285,-5.004506,127.824387,17.571455,0.28152,-0.412102,0.23243,-0.834802,-13.313514,129.932053,0.197496,0.213773,-0.12441,-0.475026,-0.844496,1.327704,113.493523,-14.573193,0.329649,0.028128,-0.642501,-0.691182,13.414279,130.979813,-24.219423,-0.132339,0.928116,0.104977,0.331763,-0.497712,127.49604,23.49226,0.316131,0.871995,0.053767,-0.369859,13.932498,130.905731,35.961395,-0.010591,0.280494,0.507621,-0.814574,27.890688,117.344498,17.960667,0.137965,0.057473,0.6621,-0.734361,20.292128,136.684113,7.600652,0.070482,0.872335,0.154019,0.458631,-4.893753,89.579979,8.311829,0.126784,0.966341,-0.005443,0.223789,-4.24118,55.980354,-3.570858,0.006201,0.934658,-0.119494,0.334809,-15.368393,12.464333,-5.649416,-0.092852,0.794321,-0.03069,0.599575,6.654911,89.174538,22.935749,0.05213,-0.586547,0.090661,-0.803135,10.601072,54.211414,28.642467,0.028937,0.803024,-0.081588,0.589626,6.802838,10.23075,37.189636,0.006201,0.934658,-0.119494,0.334809,-7.195133,3.399721,-14.767197,0.028937,0.803024,-0.081588,0.589626,19.110056,1.955274,33.703648
1004,8.366667,-0.008177,0.898999,0.041733,0.435881,0.861211,89.390015,15.633446,-0.00328,0.894437,0.073091,0.441168,0.470847,97.004173,16.152386,-0.01135,0.892983,0.0727,0.444034,-0.73824,114.005753,18.349739,0.106179,0.943871,-0.062185,0.306541,-2.452195,133.990677,20.769358,0.082256,0.963399,-0.223127,0.123733,2.047758,147.658035,18.514853,-0.009387,0.83753,0.116844,0.53367,-5.011087,127.838943,17.575827,0.281905,-0.412201,0.232079,-0.834721,-13.345924,129.950424,0.214703,0.213936,-0.124574,-0.47491,-0.844496,1.29963,113.518539,-14.559075,0.329334,0.028007,-0.642463,-0.691372,13.38906,130.99707,-24.213923,-0.132064,0.928233,0.104967,0.331548,-0.501906,127.509056,23.49473,0.316492,0.871816,0.053925,-0.369949,13.936657,130.910461,35.956463,-0.010421,0.280337,0.507878,-0.814471,27.879211,117.338905,17.951397,0.137968,0.057314,0.662186,-0.734295,20.289261,136.681992,7.595605,0.070623,0.87254,0.152823,0.458619,-4.915635,89.592056,8.32345,0.12638,0.966334,-0.004616,0.224066,-4.31211,55.967682,-3.491638,0.005557,0.934671,-0.11873,0.335057,-15.387656,12.441722,-5.637032,-0.092795,0.794227,-0.031033,0.599691,6.638058,89.187973,22.943441,0.052272,-0.585886,0.090122,-0.803669,10.565409,54.225594,28.667683,0.028924,0.80307,-0.081795,0.589535,6.80613,10.237503,37.193813,0.005557,0.934671,-0.11873,0.335057,-7.195493,3.400715,-14.76129,0.028924,0.80307,-0.081795,0.589535,19.110668,1.957983,33.707951
1005,8.375,-0.007808,0.899085,0.041324,0.43575,0.834648,89.409103,15.647059,-0.003363,0.894522,0.072918,0.441023,0.452146,97.023865,16.162895,-0.010959,0.893093,0.072568,0.443845,-0.756142,114.020729,18.353186,0.106391,0.943942,-0.062336,0.306216,-2.453123,134.00679,20.775436,0.082467,0.963429,-0.223156,0.123312,2.052414,147.671631,18.516874,-0.009556,0.837257,0.117017,0.534056,-5.018435,127.857361,17.582603,0.281441,-0.412537,0.232651,-0.834552,-13.337168,129.968796,0.213753,0.213274,-0.12454,-0.4751,-0.844562,1.279555,113.518753,-14.568375,0.329188,0.027994,-0.64247,-0.691436,13.361872,131.011719,-24.210167,-0.131834,0.92838,0.104937,0.331238,-0.506625,127.523376,23.499273,0.316872,0.87163,0.053954,-0.370058,13.94226,130.918915,35.950642,-0.010214,0.280131,0.508134,-0.814385,27.867777,117.333817,17.94261,0.138091,0.057157,0.6624,-0.734091,20.284477,136.68187,7.590923,0.070581,0.872731,0.152119,0.458496,-4.944443,89.613876,8.338914,0.126035,0.966211,-0.004015,0.2248,-4.363585,55.973763,-3.432425,0.005301,0.934652,-0.118568,0.33517,-15.395936,12.439513,-5.631485,-0.092683,0.7939,-0.031093,0.600138,6.613739,89.20433,22.955206,0.052494,-0.58531,0.089649,-0.804127,10.529071,54.240746,28.680309,0.029273,0.803046,-0.081817,0.589548,6.809282,10.247103,37.195087,0.005301,0.934652,-0.118568,0.33517,-7.196723,3.4047,-14.755544,0.029273,0.803046,-0.081817,0.589548,19.109331,1.961656,33.707462
1006,8.383333,-0.007692,0.899156,0.040966,0.435638,0.806187,89.424057,15.663547,-0.003092,0.894578,0.072625,0.44096,0.427726,97.039299,16.175303,-0.010825,0.893133,0.072349,0.443804,-0.767273,114.032494,18.360146,0.106594,0.943957,-0.062463,0.306075,-2.455375,134.019943,20.777031,0.082617,0.96343,-0.223255,0.123021,2.056032,147.682465,18.516069,-0.009321,0.837353,0.116876,0.533941,-5.023722,127.870735,17.586233,0.281447,-0.412831,0.232767,-0.834373,-13.347405,129.986313,0.22026,0.213069,-0.124552,-0.475173,-0.84457,1.253621,113.528847,-14.569134,0.329117,0.027879,-0.642484,-0.691462,13.332191,131.025513,-24.207357,-0.131586,0.928428,0.104647,0.331293,-0.511321,127.536461,23.502436,0.317256,0.871383,0.053793,-0.370333,13.938673,130.926819,35.953922,-0.009982,0.280162,0.508558,-0.814112,27.840462,117.325737,17.939632,0.138351,0.056987,0.662752,-0.733738,20.278341,136.679459,7.585491,0.070751,0.872482,0.151845,0.459034,-4.974746,89.627777,8.356832,0.125689,0.966105,-0.003944,0.225452,-4.406372,55.983459,-3.403091,0.005131,0.934681,-0.118355,0.335168,-15.406178,12.44131,-5.608749,-0.092554,0.793732,-0.03094,0.600388,6.587121,89.220337,22.970263,0.052778,-0.584793,0.089347,-0.804518,10.499996,54.254353,28.682446,0.028611,0.803252,-0.083027,0.589129,6.811379,10.258534,37.199558,0.005131,0.934681,-0.118355,0.335168,-7.203361,3.412908,-14.73591,0.028611,0.803252,-0.083027,0.589129,19.104122,1.958635,33.72057
1007,8.391667,-0.007527,0.899227,0.040597,0.435529,0.777263,89.434174,15.680202,-0.002948,0.894667,0.072314,0.440832,0.403587,97.049919,16.18804,-0.010606,0.89323,0.072067,0.443659,-0.781756,114.041832,18.365379,0.107169,0.943894,-0.062762,0.306008,-2.456512,134.031113,20.77639,0.082322,0.963479,-0.223233,0.12288,2.07234,147.687347,18.512259,-0.009093,0.837541,0.116629,0.533704,-5.029871,127.882477,17.588543,0.281568,-0.413264,0.232679,-0.834142,-13.363544,129.999222,0.2275,0.212963,-0.124449,-0.475128,-0.844638,1.220688,113.539375,-14.575808,0.329035,0.027757,-0.642471,-0.691518,13.302029,131.036713,-24.207253,-0.131368,0.928504,0.104514,0.331209,-0.515489,127.54731,23.503181,0.317763,0.871147,0.053942,-0.370432,13.938883,130.932266,35.951061,-0.009703,0.280041,0.508946,-0.813915,27.819723,117.314972,17.932852,0.138526,0.056885,0.662905,-0.733575,20.272779,136.675079,7.579452,0.070819,0.872883,0.151311,0.458437,-5.00549,89.637566,8.374918,0.125233,0.965871,-0.003406,0.226713,-4.46727,55.982388,-3.355309,0.005012,0.934615,-0.11809,0.335447,-15.414317,12.429589,-5.612682,-0.092501,0.793763,-0.030967,0.600353,6.560017,89.230774,22.985489,0.052852,-0.584763,0.088926,-0.804581,10.469034,54.264229,28.696817,0.029658,0.803063,-0.082139,0.58946,6.814163,10.262373,37.197269,0.005012,0.934615,-0.11809,0.335447,-7.202376,3.408635,-14.739007,0.029658,0.803063,-0.082139,0.58946,19.105417,1.964307,33.708633
1008,8.4,-0.007685,0.899336,0.040362,0.435325,0.755,89.440247,15.699814,-0.003046,0.89475,0.072093,0.440699,0.380826,97.056244,16.203455,-0.010177,0.893332,0.071719,0.443521,-0.804422,114.057541,18.3738,0.107304,0.943925,-0.063073,0.3058,-2.457095,134.04921,20.780268,0.082488,0.963483,-0.223266,0.122675,2.077063,147.702286,18.507839,-0.008421,0.837585,0.116246,0.53373,-5.038206,127.902473,17.59503,0.281089,-0.413546,0.233322,-0.833984,-13.371221,130.033188,0.235382,0.212553,-0.124768,-0.474931,-0.844805,1.184757,113.553169,-14.573277,0.328914,0.027578,-0.642448,-0.691604,13.271299,131.045883,-24.207327,-0.131035,0.928587,0.104183,0.331212,-0.521856,127.564064,23.507982,0.318237,0.870906,0.054021,-0.370582,13.935828,130.941696,35.954002,-0.009359,0.280078,0.509325,-0.813669,27.794815,117.308571,17.930944,0.138482,0.056654,0.663348,-0.7332,20.266647,136.673004,7.571208,0.07104,0.873165,0.150736,0.458055,-5.031025,89.638908,8.396989,0.124491,0.965906,-0.002877,0.226977,-4.530854,55.973591,-3.305805,0.004733,0.93486,-0.117404,0.335008,-15.403171,12.403843,-5.596951,-0.092429,0.794023,-0.031143,0.600012,6.541025,89.241585,23.00264,0.052839,-0.585003,0.088564,-0.804448,10.440866,54.274857,28.719139,0.029832,0.803106,-0.082227,0.58938,6.813664,10.267094,37.200859,0.004733,0.93486,-0.117404,0.335008,-7.192832,3.400695,-14.742279,0.029832,0.803106,-0.082227,0.58938,19.101101,1.964444,33.709686
1009,8.408333,-0.007522,0.899463,0.039938,0.435102,0.722249,89.451859,15.723305,-0.002956,0.8948,0.071742,0.440655,0.353252,97.068413,16.222309,-0.009987,0.893358,0.071413,0.443522,-0.823743,114.07032,18.383207,0.107214,0.943985,-0.063203,0.305618,-2.464092,134.063919,20.782089,0.083012,0.963449,-0.223367,0.122401,2.068023,147.716782,18.504278,-0.008678,0.837712,0.115974,0.533586,-5.049091,127.917526,17.59931,0.281217,-0.413918,0.233136,-0.833809,-13.38792,130.033585,0.240664,0.212394,-0.124595,-0.475104,-0.844773,1.15636,113.555618,-14.581765,0.329103,0.027132,-0.642452,-0.691528,13.236041,131.055374,-24.206081,-0.130696,0.928673,0.10383,0.331217,-0.532708,127.578629,23.512209,0.318504,0.870757,0.053969,-0.370709,13.928297,130.94899,35.956341,-0.009181,0.28019,0.509568,-0.81348,27.773258,117.305351,17.930464,0.138514,0.056609,0.663596,-0.732973,20.260185,136.670563,7.565718,0.071093,0.873413,0.150383,0.45769,-5.067433,89.649628,8.423356,0.124048,0.965872,-0.002365,0.227373,-4.58725,55.977268,-3.25999,0.004447,0.934851,-0.117168,0.335121,-15.410317,12.397369,-5.591008,-0.092486,0.794074,-0.03104,0.599942,6.51193,89.254082,23.023254,0.05286,-0.584976,0.088278,-0.804497,10.419952,54.287659,28.736025,0.029148,0.803324,-0.083382,0.588956,6.814091,10.275555,37.204258,0.004447,0.934851,-0.117168,0.335121,-7.19211,3.402376,-14.737288,0.029148,0.803324,-0.083382,0.588956,19.094971,1.95992,33.720951
1010,8.416667,-0.006673,0.899617,0.039148,0.43487,0.681693,89.479263,15.749481,-0.002886,0.894886,0.071412,0.440536,0.329753,97.096954,16.243385,-0.009864,0.893434,0.071123,0.443419,-0.838699,114.084183,18.393364,0.107346,0.944006,-0.063431,0.305459,-2.469161,134.079559,20.784267,0.083248,0.963448,-0.223394,0.1222,2.067673,147.729874,18.500629,-0.008267,0.837774,0.115755,0.533543,-5.057846,127.933029,17.604755,0.28081,-0.414079,0.233694,-0.833709,-13.398725,130.057693,0.24814,0.211981,-0.12496,-0.47503,-0.844865,1.12465,113.562798,-14.575977,0.32888,0.027002,-0.642474,-0.691618,13.205271,131.063141,-24.206787,-0.130724,0.92873,0.104068,0.330971,-0.540058,127.594521,23.516607,0.319091,0.870526,0.054227,-0.370709,13.926961,130.964111,35.953964,-0.008849,0.280098,0.509864,-0.81333,27.75209,117.302391,17.926548,0.138432,0.05669,0.663842,-0.73276,20.251043,136.669754,7.560137,0.071372,0.873203,0.149705,0.45827,-5.111972,89.684677,8.452902,0.123435,0.965841,-0.001638,0.227843,-4.664047,56.000648,-3.198055,0.00472,0.934782,-0.117201,0.335297,-15.418779,12.406862,-5.584881,-0.0925,0.794228,-0.031013,0.599737,6.475358,89.273849,23.046061,0.052896,-0.584856,0.087751,-0.80464,10.386772,54.307484,28.756901,0.03022,0.803072,-0.082706,0.58934,6.819217,10.287365,37.199738,0.00472,0.934782,-0.117201,0.335297,-7.20099,3.408772,-14.728498,0.03022,0.803072,-0.082706,0.58934,19.09676,1.96893,33.711319
1011,8.425,-0.00658,0.899719,0.038836,0.434689,0.65364,89.492538,15.774232,-0.002925,0.894977,0.071061,0.440407,0.305142,97.110626,16.264551,-0.009547,0.893532,0.070813,0.443277,-0.858897,114.099434,18.403381,0.107745,0.943996,-0.063383,0.305361,-2.471969,134.096832,20.789127,0.083194,0.963413,-0.223689,0.121974,2.074678,147.744598,18.509779,-0.008155,0.837855,0.115398,0.533495,-5.066926,127.951515,17.612373,0.280539,-0.414318,0.233951,-0.83361,-13.409851,130.072189,0.25626,0.21158,-0.125191,-0.474998,-0.844949,1.096663,113.569572,-14.575751,0.328372,0.027219,-0.64252,-0.691808,13.17637,131.071136,-24.207275,-0.130513,0.928809,0.103659,0.330962,-0.547175,127.610992,23.522606,0.319476,0.870333,0.054216,-0.370832,13.922206,130.978699,35.957718,-0.008469,0.280095,0.510143,-0.81316,27.729433,117.302551,17.927528,0.13865,0.056607,0.664167,-0.73243,20.241734,136.670807,7.554838,0.071508,0.873855,0.149149,0.457186,-5.142992,89.696846,8.47998,0.122901,0.965899,-0.000963,0.227889,-4.736572,56.002354,-3.142202,0.002521,0.934914,-0.117229,0.334942,-15.431705,12.396574,-5.577221,-0.092508,0.794397,-0.031086,0.599507,6.450272,89.288239,23.068485,0.052895,-0.584717,0.087405,-0.804779,10.360634,54.322315,28.782658,0.029692,0.803277,-0.083526,0.588972,6.816254,10.296744,37.206768,0.002521,0.934914,-0.117229,0.334942,-7.189445,3.417871,-14.717865,0.029692,0.803277,-0.083526,0.588972,19.089025,1.969696,33.722134
1012,8.433333,-0.006373,0.899853,0.03854,0.434441,0.623824,89.504471,15.800261,-0.00274,0.895054,0.070603,0.440325,0.280284,97.12294,16.287987,-0.009461,0.893575,0.070496,0.443243,-0.870826,114.112411,18.415546,0.108045,0.943954,-0.063706,0.305316,-2.475041,134.111694,20.791477,0.083197,0.963418,-0.223734,0.121847,2.082012,147.754959,18.505951,-0.008089,0.837964,0.115156,0.533376,-5.072977,127.965904,17.618067,0.280552,-0.414553,0.234128,-0.833439,-13.420842,130.083176,0.26391,0.211334,-0.125362,-0.475113,-0.84492,1.070921,113.571075,-14.571955,0.328199,0.027102,-0.642517,-0.691898,13.145205,131.078751,-24.207092,-0.130534,0.928892,0.103408,0.330799,-0.552749,127.626381,23.52799,0.320093,0.870122,0.054569,-0.370742,13.920596,130.99913,35.957115,-0.007862,0.279912,0.510431,-0.813048,27.710449,117.304825,17.927422,0.13886,0.056472,0.66435,-0.732235,20.232788,136.670563,7.550351,0.071755,0.873375,0.149431,0.457972,-5.176878,89.709656,8.509271,0.12277,0.965602,-0.001014,0.229213,-4.765827,56.023693,-3.137437,-0.000292,0.935047,-0.117818,0.334374,-15.447448,12.415025,-5.579983,-0.092484,0.794275,-0.031174,0.599668,6.424526,89.299278,23.091251,0.052902,-0.584572,0.086887,-0.80494,10.328651,54.333424,28.810141,0.030419,0.803122,-0.08266,0.589268,6.820213,10.299802,37.207169,-0.000292,0.935047,-0.117818,0.334374,-7.179294,3.448413,-14.709105,0.030419,0.803122,-0.08266,0.589268,19.09498,1.97911,33.71439
1013,8.441667,-0.00609,0.9,0.037968,0.43419,0.584565,89.515388,15.831402,-0.002543,0.895168,0.070093,0.440176,0.248844,97.13459,16.313255,-0.009384,0.893662,0.070182,0.443119,-0.888049,114.124916,18.428213,0.108289,0.943927,-0.0641,0.305232,-2.483528,134.126038,20.794493,0.083255,0.963418,-0.223748,0.121782,2.082877,147.764694,18.500154,-0.007985,0.838004,0.114854,0.533381,-5.084892,127.979698,17.624989,0.280494,-0.414831,0.234302,-0.833271,-13.432649,130.094116,0.270428,0.21099,-0.125607,-0.475174,-0.844935,1.042587,113.573563,-14.572175,0.32794,0.026946,-0.642332,-0.692198,13.111073,131.083206,-24.209866,-0.130224,0.928983,0.102949,0.330808,-0.563002,127.641357,23.53371,0.320505,0.869906,0.054623,-0.370886,13.91326,131.009232,35.96077,-0.007366,0.279752,0.510765,-0.812899,27.683455,117.301033,17.926592,0.139226,0.056174,0.664818,-0.731763,20.217346,136.66951,7.545757,0.071883,0.873403,0.149308,0.457938,-5.220263,89.720497,8.543691,0.122137,0.96582,-0.000507,0.228633,-4.821678,56.033211,-3.099626,-0.000467,0.935211,-0.117629,0.333981,-15.440279,12.410534,-5.566838,-0.092548,0.794286,-0.031183,0.599643,6.389392,89.31028,23.119112,0.052878,-0.584615,0.086438,-0.804958,10.296806,54.345299,28.841129,0.030521,0.803198,-0.082734,0.589149,6.819631,10.304451,37.213223,-0.000467,0.935211,-0.117629,0.333981,-7.176992,3.449424,-14.705765,0.030521,0.803198,-0.082734,0.589149,19.091248,1.980577,33.716953
1014,8.45,-0.005834,0.900114,0.03749,0.433999,0.545864,89.52562,15.862541,-0.001792,0.895267,0.069573,0.440061,0.216933,97.145424,16.339586,-0.009892,0.893703,0.069705,0.443102,-0.88732,114.115997,18.44739,0.108345,0.943896,-0.0643,0.305267,-2.492588,134.119415,20.787466,0.083396,0.963432,-0.223644,0.121771,2.077068,147.75621,18.48852,-0.007625,0.838186,0.114862,0.533097,-5.090906,127.967667,17.625969,0.280552,-0.415143,0.234166,-0.833135,-13.450585,130.092606,0.278433,0.210758,-0.125696,-0.475271,-0.844925,1.014301,113.573822,-14.576233,0.327777,0.026754,-0.64222,-0.692387,13.076587,131.08638,-24.212523,-0.130062,0.929065,0.102536,0.33077,-0.568942,127.639267,23.535194,0.320687,0.869786,0.054888,-0.370971,13.909924,131.007202,35.959206,-0.007105,0.279522,0.510897,-0.812897,27.670612,117.298111,17.918446,0.139424,0.056094,0.664937,-0.731624,20.20516,136.667053,7.540683,0.071995,0.873407,0.149164,0.45796,-5.262107,89.731003,8.577342,0.121729,0.965883,3.2e-05,0.228589,-4.875011,56.041801,-3.060826,-0.000842,0.935148,-0.117728,0.334123,-15.447743,12.410146,-5.565928,-0.092623,0.794488,-0.031192,0.599363,6.353834,89.320244,23.147739,0.052808,-0.58476,0.086001,-0.804904,10.267113,54.356308,28.872103,0.030581,0.80328,-0.082764,0.58903,6.819034,10.308006,37.216984,-0.000842,0.935148,-0.117728,0.334123,-7.176438,3.450452,-14.698987,0.030581,0.80328,-0.082764,0.58903,19.088459,1.982485,33.716942
1015,8.458333,-0.00564,0.900211,0.037032,0.43384,0.509221,89.530708,15.896612,-0.002685,0.895507,0.069371,0.439599,0.18608,97.151062,16.368713,-0.009058,0.894081,0.06924,0.442428,-0.942113,114.132477,18.458662,0.108722,0.943957,-0.064811,0.304835,-2.507176,134.139145,20.79821,0.083559,0.963403,-0.223739,0.121708,2.074893,147.769608,18.486441,-0.007689,0.838018,0.114267,0.533489,-5.12187,127.991631,17.64197,0.280575,-0.415373,0.234337,-0.832964,-13.465333,130.104004,0.285104,0.21052,-0.125955,-0.475317,-0.84492,0.985166,113.575874,-14.57316,0.327536,0.026504,-0.642271,-0.692464,13.042894,131.089752,-24.215252,-0.129723,0.92935,0.10254,0.330099,-0.590786,127.655937,23.543793,0.321022,0.869659,0.05464,-0.371017,13.908672,131.015686,35.945976,-0.007038,0.279331,0.511075,-0.812851,27.656147,117.288574,17.908855,0.139535,0.055871,0.665001,-0.731562,20.193413,136.664337,7.536222,0.072208,0.873476,0.149054,0.45783,-5.301361,89.735512,8.613482,0.121309,0.965835,0.000458,0.229011,-4.932867,56.046165,-3.024866,-0.000995,0.935104,-0.117514,0.33432,-15.459834,12.405348,-5.56292,-0.092588,0.79453,-0.031096,0.599318,6.319802,89.325897,23.179743,0.052852,-0.584601,0.085572,-0.805063,10.235592,54.361069,28.89694,0.030659,0.803342,-0.082631,0.58896,6.818909,10.306573,37.222054,-0.000995,0.935104,-0.117514,0.33432,-7.180987,3.45222,-14.695581,0.030659,0.803342,-0.082631,0.58896,19.087948,1.982459,33.717316
1016,8.466667,-0.005609,0.900324,0.036741,0.43363,0.47796,89.535782,15.927452,-0.002664,0.89564,0.068972,0.439391,0.157285,97.156471,16.395838,-0.009023,0.894219,0.068837,0.442214,-0.963926,114.142273,18.474516,0.108739,0.94395,-0.065389,0.304727,-2.519966,134.151215,20.800585,0.083809,0.963391,-0.22363,0.121837,2.066822,147.77739,18.472914,-0.007654,0.83804,0.113947,0.533523,-5.138657,128.002472,17.650042,0.280658,-0.415594,0.234387,-0.832812,-13.480717,130.109512,0.291844,0.210312,-0.126225,-0.475459,-0.844852,0.958814,113.575935,-14.571031,0.327311,0.026297,-0.642365,-0.692491,13.006621,131.091782,-24.21973,-0.129458,0.929527,0.102363,0.329761,-0.60474,127.669212,23.549829,0.32124,0.869577,0.0544,-0.371055,13.906013,131.023926,35.94017,-0.006687,0.279264,0.51127,-0.812754,27.644571,117.283562,17.906361,0.139826,0.055069,0.664971,-0.731594,20.189798,136.658554,7.529944,0.07266,0.873647,0.148993,0.457452,-5.336032,89.738609,8.646985,0.121199,0.965778,0.000921,0.229309,-5.002515,56.05265,-3.002203,-0.001385,0.934637,-0.117586,0.335596,-15.509759,12.409499,-5.581483,-0.092446,0.794472,-0.031206,0.599411,6.291951,89.332962,23.207918,0.052887,-0.58467,0.085061,-0.805065,10.194408,54.366745,28.925747,0.030517,0.803415,-0.0826,0.588872,6.8169,10.304743,37.227055,-0.001385,0.934637,-0.117586,0.335596,-7.198331,3.459934,-14.68801,0.030517,0.803415,-0.0826,0.588872,19.087185,1.983392,33.720108
1017,8.475,-0.005496,0.900477,0.03639,0.433345,0.443708,89.54393,15.95909,-0.002119,0.895681,0.068194,0.439433,0.127054,97.165024,16.423506,-0.009126,0.894153,0.068653,0.442374,-0.966002,114.157745,18.486948,0.108962,0.943847,-0.066071,0.304819,-2.522925,134.167633,20.804289,0.083729,0.963417,-0.223532,0.121862,2.075652,147.787155,18.461014,-0.007649,0.838298,0.113816,0.533145,-5.140464,128.017609,17.655308,0.280719,-0.415868,0.234476,-0.832629,-13.498155,130.120346,0.304109,0.210154,-0.126535,-0.475493,-0.844826,0.927082,113.579681,-14.564763,0.3271,0.026066,-0.642535,-0.692442,12.970042,131.094742,-24.22267,-0.129565,0.929628,0.102238,0.329474,-0.60868,127.68676,23.55687,0.321807,0.869363,0.054186,-0.371095,13.908347,131.048584,35.937935,-0.006312,0.279232,0.51148,-0.812636,27.625978,117.281601,17.908478,0.139972,0.054949,0.664819,-0.731713,20.180767,136.655716,7.526517,0.072835,0.873559,0.149139,0.457544,-5.374912,89.745598,8.68229,0.120833,0.965698,0.001169,0.229836,-5.046154,56.06456,-2.981244,-0.001868,0.934624,-0.117797,0.335556,-15.515597,12.413499,-5.580257,-0.092346,0.794369,-0.031258,0.599561,6.262328,89.342255,23.235889,0.052956,-0.584548,0.084566,-0.805201,10.155886,54.374947,28.953127,0.030576,0.803467,-0.082415,0.588824,6.816152,10.306048,37.233116,-0.001868,0.934624,-0.117797,0.335556,-7.199082,3.463604,-14.681816,0.030576,0.803467,-0.082415,0.588824,19.087013,1.987487,33.721569
1018,8.483333,-0.005464,0.900614,0.036181,0.433077,0.412886,89.55365,15.98967,-0.001863,0.895811,0.067706,0.439244,0.098197,97.174988,16.451519,-0.009235,0.894247,0.068389,0.442221,-0.978897,114.165054,18.503536,0.109042,0.943865,-0.066465,0.304649,-2.534662,134.176331,20.809702,0.083902,0.963442,-0.223443,0.121711,2.068551,147.792404,18.455624,-0.007593,0.838401,0.113502,0.533051,-5.153376,128.024506,17.665201,0.281019,-0.416213,0.234316,-0.832401,-13.514963,130.122131,0.31527,0.210191,-0.126606,-0.47566,-0.844712,0.899045,113.579628,-14.562435,0.327126,0.025914,-0.642777,-0.69221,12.933868,131.098068,-24.22505,-0.129604,0.929762,0.102045,0.329138,-0.619612,127.697014,23.565426,0.322128,0.869214,0.054057,-0.371185,13.905579,131.064682,35.935307,-0.0061,0.279263,0.511607,-0.812548,27.608702,117.283165,17.90592,0.139903,0.054622,0.664467,-0.732071,20.169392,136.659561,7.517707,0.072833,0.873752,0.149099,0.457189,-5.410059,89.753983,8.716297,0.120526,0.96571,0.001592,0.229944,-5.087218,56.072052,-2.944854,-0.001651,0.934647,-0.11751,0.335593,-15.521365,12.414426,-5.575459,-0.092225,0.794326,-0.031453,0.599627,6.23583,89.353317,23.263042,0.053021,-0.584259,0.084,-0.805465,10.113769,54.3853,28.986519,0.030554,0.803554,-0.082258,0.588728,6.815065,10.308441,37.240513,-0.001651,0.934647,-0.11751,0.335593,-7.20573,3.469088,-14.682295,0.030554,0.803554,-0.082258,0.588728,19.086779,1.993306,33.72385
1019,8.491667,-0.005368,0.900721,0.03604,0.432868,0.380574,89.55957,16.017998,-0.001474,0.895868,0.067434,0.439171,0.06825,97.181084,16.478619,-0.009486,0.894277,0.067859,0.442236,-0.992118,114.164391,18.527325,0.10914,0.943806,-0.066939,0.304695,-2.547507,134.178391,20.809931,0.083999,0.963451,-0.223338,0.121761,2.062325,147.790237,18.444374,-0.007419,0.838529,0.113355,0.532883,-5.16623,128.022949,17.672535,0.281,-0.416322,0.234385,-0.832333,-13.534856,130.122406,0.326216,0.210027,-0.126929,-0.475823,-0.844612,0.872613,113.576492,-14.554037,0.327044,0.025739,-0.642887,-0.692153,12.89719,131.098114,-24.227413,-0.129407,0.929934,0.101567,0.328878,-0.632733,127.702271,23.573343,0.32227,0.869127,0.05403,-0.371269,13.901064,131.070831,35.932873,-0.005722,0.279135,0.511647,-0.812569,27.596027,117.283966,17.90139,0.140002,0.054392,0.665005,-0.73158,20.154377,136.659973,7.507421,0.072613,0.874343,0.148796,0.456193,-5.445767,89.760231,8.747353,0.120301,0.965802,0.002292,0.229673,-5.132703,56.069588,-2.888876,-0.002314,0.9346,-0.117383,0.335767,-15.533869,12.407332,-5.572639,-0.092109,0.794393,-0.03159,0.599548,6.206916,89.358917,23.288641,0.053142,-0.583825,0.083457,-0.805828,10.073061,54.389977,29.014515,0.031575,0.803589,-0.081632,0.588714,6.815276,10.306096,37.247231,-0.002314,0.9346,-0.117383,0.335767,-7.204198,3.471381,-14.675866,0.031575,0.803589,-0.081632,0.588714,19.079967,1.987674,33.713882
1020,8.5,-0.005346,0.900827,0.035593,0.432683,0.344785,89.55938,16.051527,-0.001759,0.895985,0.06695,0.439005,0.035804,97.181381,16.50621,-0.008988,0.894413,0.067575,0.442015,-1.025768,114.168785,18.536278,0.109207,0.94382,-0.067467,0.304508,-2.557534,134.184708,20.817953,0.084072,0.963444,-0.223338,0.12177,2.057582,147.792236,18.437836,-0.007349,0.838556,0.112979,0.532921,-5.184926,128.031906,17.682634,0.281179,-0.41634,0.234542,-0.832219,-13.552034,130.126053,0.334945,0.209935,-0.127454,-0.476011,-0.844451,0.850731,113.570404,-14.539009,0.326843,0.025528,-0.642926,-0.69222,12.860147,131.090408,-24.231438,-0.129211,0.930138,0.101239,0.32848,-0.648382,127.706718,23.580851,0.322353,0.869056,0.053685,-0.371413,13.897533,131.074966,35.926193,-0.005832,0.27907,0.51174,-0.812532,27.583998,117.279114,17.89513,0.140583,0.054862,0.664757,-0.731658,20.144119,136.661652,7.505359,0.072736,0.874405,0.148919,0.456014,-5.484542,89.756653,8.783184,0.119902,0.96572,0.002624,0.230222,-5.177408,56.069901,-2.86445,-0.001601,0.934499,-0.116522,0.336351,-15.536049,12.39917,-5.574683,-0.092092,0.794632,-0.03169,0.599228,6.174112,89.362099,23.319868,0.053094,-0.583871,0.082968,-0.805849,10.037311,54.393394,29.049122,0.031044,0.803753,-0.081986,0.588469,6.812502,10.301744,37.253174,-0.001601,0.934499,-0.116522,0.336351,-7.19985,3.476891,-14.685339,0.031044,0.803753,-0.081986,0.588469,19.078136,1.984261,33.720886
1021,8.508333,-0.005239,0.900877,0.035138,0.432618,0.301737,89.567932,16.084524,-0.00151,0.896103,0.066447,0.438841,-0.002734,97.190445,16.533682,-0.00887,0.894541,0.067182,0.441819,-1.048471,114.176117,18.551842,0.109271,0.943831,-0.067958,0.304344,-2.568479,134.19426,20.821852,0.084203,0.963447,-0.223303,0.121717,2.051624,147.797729,18.428234,-0.007326,0.83863,0.112688,0.532868,-5.200638,128.040924,17.691587,0.28109,-0.416341,0.234872,-0.832156,-13.569969,130.129532,0.3443,0.209716,-0.127865,-0.476207,-0.844332,0.82456,113.562073,-14.524482,0.326773,0.025089,-0.643364,-0.691861,12.822639,131.08786,-24.231365,-0.129184,0.930278,0.100953,0.32818,-0.661474,127.716972,23.587854,0.322675,0.868954,0.053469,-0.371405,13.892338,131.089752,35.922646,-0.005381,0.279054,0.511828,-0.812485,27.568138,117.276588,17.896753,0.141029,0.05487,0.664826,-0.731509,20.132347,136.654602,7.497979,0.072581,0.874561,0.148995,0.455715,-5.52866,89.76329,8.816987,0.119627,0.965729,0.00303,0.230321,-5.213359,56.076538,-2.830444,-0.002782,0.934625,-0.117236,0.335745,-15.539821,12.400105,-5.571348,-0.092134,0.794768,-0.031735,0.599039,6.132133,89.372581,23.35206,0.053053,-0.583938,0.082435,-0.805858,9.997108,54.40464,29.084763,0.031048,0.803827,-0.082049,0.588359,6.809029,10.304668,37.258369,-0.002782,0.934625,-0.117236,0.335745,-7.203047,3.471915,-14.675683,0.031048,0.803827,-0.082049,0.588359,19.072937,1.985754,33.723461
1022,8.516667,-0.00526,0.900974,0.034894,0.432436,0.269017,89.574646,16.115089,-0.001295,0.896231,0.066154,0.438625,-0.03404,97.197411,16.56082,-0.008961,0.894677,0.066727,0.441612,-1.068356,114.185249,18.573599,0.109492,0.943775,-0.068465,0.304323,-2.583017,134.205795,20.825954,0.084198,0.963417,-0.223375,0.121832,2.046953,147.803848,18.420727,-0.007286,0.838742,0.111916,0.532854,-5.217961,128.050156,17.702572,0.280087,-0.416242,0.235139,-0.832468,-13.587899,130.124039,0.353812,0.209012,-0.128348,-0.47631,-0.844375,0.80433,113.564514,-14.526031,0.3266,0.024778,-0.643694,-0.691647,12.783607,131.082489,-24.230722,-0.128749,0.93054,0.100115,0.327867,-0.6761,127.730629,23.597006,0.323037,0.868757,0.05318,-0.371593,13.890017,131.100922,35.917957,-0.005054,0.278994,0.512035,-0.812378,27.546013,117.269264,17.891209,0.141432,0.054887,0.664975,-0.731295,20.118198,136.649002,7.487967,0.072463,0.87478,0.149053,0.455294,-5.564308,89.767555,8.849838,0.119416,0.965866,0.003387,0.229852,-5.245373,56.080818,-2.797511,-0.002848,0.934621,-0.117046,0.335821,-15.547678,12.40004,-5.560035,-0.092032,0.795197,-0.031945,0.598474,6.102343,89.381737,23.380342,0.053082,-0.583985,0.081947,-0.805871,9.956673,54.413403,29.117819,0.03024,0.804129,-0.082984,0.587857,6.805636,10.306486,37.268291,-0.002848,0.934621,-0.117046,0.335821,-7.207316,3.47693,-14.666065,0.03024,0.804129,-0.082984,0.587857,19.065895,1.980856,33.736546
1023,8.525,-0.006947,0.900988,0.035627,0.432324,0.274709,89.563904,16.139551,-0.00144,0.896325,0.065929,0.438467,-0.056349,97.18557,16.584242,-0.008869,0.894783,0.066355,0.441453,-1.092737,114.19709,18.590809,0.109515,0.943771,-0.068983,0.30421,-2.597044,134.219696,20.831738,0.084346,0.963381,-0.223469,0.121836,2.037252,147.813751,18.412247,-0.007328,0.838805,0.112239,0.532686,-5.236105,128.063431,17.71306,0.280634,-0.416316,0.235381,-0.832179,-13.612949,130.141861,0.368176,0.20941,-0.128402,-0.47654,-0.844139,0.770003,113.562119,-14.498117,0.326929,0.024462,-0.644597,-0.690662,12.748676,131.096024,-24.222935,-0.128348,0.930736,0.099775,0.327572,-0.692131,127.745293,23.60594,0.323317,0.868608,0.053079,-0.37171,13.885483,131.107559,35.915478,-0.004606,0.278851,0.512205,-0.812322,27.527231,117.263885,17.88718,0.141988,0.054846,0.665198,-0.730988,20.103287,136.644226,7.478689,0.072796,0.875094,0.149169,0.454599,-5.560048,89.734329,8.874885,0.11954,0.965424,0.003382,0.231638,-5.267155,56.053509,-2.790252,-0.003283,0.934444,-0.116477,0.336507,-15.575033,12.375394,-5.573971,-0.091632,0.795295,-0.032353,0.598383,6.109467,89.393486,23.404217,0.053037,-0.583968,0.081472,-0.805935,9.924568,54.421783,29.147392,0.03116,0.803965,-0.081861,0.58819,6.805037,10.307461,37.269878,-0.003283,0.934444,-0.116477,0.336507,-7.210776,3.470297,-14.675717,0.03116,0.803965,-0.081861,0.58819,19.067699,1.990474,33.726116
1024,8.533333,-0.005274,0.901166,0.034561,0.432062,0.192453,89.600822,16.177616,-0.000866,0.896474,0.065229,0.438269,-0.108403,97.223938,16.618797,-0.00882,0.894905,0.065996,0.441262,-1.114375,114.208199,18.609253,0.109688,0.943773,-0.069386,0.304052,-2.610044,134.232758,20.838467,0.084439,0.963354,-0.223636,0.121679,2.031435,147.822556,18.408836,-0.007379,0.838958,0.111535,0.532593,-5.252854,128.075577,17.724783,0.280682,-0.416423,0.235528,-0.832067,-13.633497,130.137375,0.379743,0.209328,-0.128602,-0.476759,-0.844005,0.741053,113.549866,-14.486032,0.326982,0.024275,-0.644936,-0.690326,12.708822,131.089813,-24.219318,-0.128222,0.930911,0.099452,0.327221,-0.70635,127.759346,23.61582,0.323683,0.868452,0.052851,-0.37179,13.881413,131.123383,35.912853,-0.00408,0.27883,0.512369,-0.812229,27.5075,117.261292,17.886858,0.142426,0.054746,0.6655,-0.730635,20.090673,136.639221,7.467702,0.072357,0.874707,0.149082,0.455442,-5.646901,89.790558,8.917119,0.118913,0.965581,0.004122,0.231291,-5.318495,56.103348,-2.728617,-0.002592,0.934512,-0.117118,0.336102,-15.55834,12.412283,-5.559843,-0.09204,0.795307,-0.031964,0.598326,6.031806,89.411079,23.43811,0.053051,-0.583933,0.080994,-0.806007,9.886845,54.442944,29.176315,0.030306,0.804169,-0.083124,0.587779,6.801996,10.321769,37.274803,-0.002592,0.934512,-0.117118,0.336102,-7.216094,3.485446,-14.660496,0.030306,0.804169,-0.083124,0.587779,19.059305,1.992205,33.742065
1025,8.541667,-0.005097,0.900926,0.035175,0.432515,0.177225,89.628082,16.188299,-0.000711,0.896481,0.065599,0.438199,-0.12548,97.250572,16.63895,-0.009211,0.895038,0.065356,0.441079,-1.131757,114.227486,18.642447,0.110072,0.943716,-0.069735,0.304008,-2.62971,134.255157,20.841978,0.084572,0.963298,-0.22391,0.121527,2.024577,147.839493,18.406267,-0.007509,0.839046,0.111113,0.532541,-5.272741,128.092865,17.738609,0.280666,-0.416434,0.235643,-0.832035,-13.655472,130.141479,0.393023,0.209319,-0.1289,-0.476982,-0.843836,0.715707,113.549492,-14.470998,0.327191,0.024142,-0.645138,-0.690043,12.66461,131.08371,-24.212563,-0.127832,0.93111,0.09926,0.326865,-0.723946,127.78624,23.628378,0.32411,0.86829,0.05283,-0.371799,13.876705,131.141006,35.912632,-0.003405,0.278693,0.512463,-0.81222,27.487755,117.261627,17.888588,0.142952,0.054955,0.665902,-0.73015,20.072216,136.633041,7.459219,0.072596,0.874323,0.148711,0.456261,-5.654868,89.826057,8.922194,0.118659,0.965501,0.004294,0.231753,-5.342721,56.133442,-2.708333,-0.002234,0.934485,-0.117585,0.336015,-15.555936,12.43709,-5.554147,-0.091959,0.795331,-0.032087,0.5983,6.009317,89.430107,23.454405,0.053149,-0.583873,0.080526,-0.806091,9.854691,54.461456,29.195992,0.031521,0.804046,-0.082284,0.588001,6.808042,10.334414,37.276932,-0.002234,0.934485,-0.117585,0.336015,-7.223189,3.496075,-14.64958,0.031521,0.804046,-0.082284,0.588001,19.060209,2.003078,33.730587
1026,8.55,-0.006395,0.90088,0.035339,0.432581,0.173469,89.606308,16.215057,-0.001254,0.896597,0.065377,0.437994,-0.148221,97.228394,16.659346,-0.008584,0.895232,0.065122,0.440733,-1.170254,114.254341,18.653769,0.110241,0.943758,-0.070299,0.303688,-2.640501,134.283707,20.856615,0.08469,0.963231,-0.224253,0.121342,2.021476,147.862625,18.405476,-0.008006,0.839086,0.110696,0.532558,-5.294164,128.125137,17.754927,0.280916,-0.416545,0.236062,-0.831776,-13.675891,130.149048,0.405948,0.209138,-0.129669,-0.476939,-0.843787,0.67993,113.534637,-14.447885,0.326734,0.023758,-0.644822,-0.690569,12.617728,131.054199,-24.211977,-0.127651,0.931235,0.099057,0.32664,-0.740647,127.812065,23.640709,0.324591,0.868084,0.052534,-0.371902,13.86749,131.164383,35.91674,-0.002866,0.27892,0.512657,-0.812021,27.457928,117.260849,17.895752,0.143205,0.05508,0.666141,-0.729873,20.058218,136.626099,7.44849,0.072941,0.874571,0.148941,0.455655,-5.657281,89.783852,8.947344,0.118839,0.965231,0.004263,0.232785,-5.366887,56.099701,-2.708223,-0.002381,0.934139,-0.116313,0.337416,-15.593036,12.407163,-5.56606,-0.091723,0.795405,-0.032241,0.598229,6.004219,89.428764,23.482771,0.053066,-0.583843,0.080203,-0.80615,9.83033,54.457737,29.222721,0.031158,0.804108,-0.082084,0.587964,6.802122,10.32525,37.2808,-0.002381,0.934139,-0.116313,0.337416,-7.22169,3.498371,-14.65767,0.031158,0.804108,-0.082084,0.587964,19.060459,2.003591,33.733032
1027,8.558333,-0.006543,0.901289,0.034442,0.431798,0.115487,89.599731,16.269606,-0.000764,0.896819,0.064328,0.437696,-0.201943,97.222748,16.700857,-0.008529,0.895325,0.064782,0.440595,-1.192877,114.260826,18.671692,0.110297,0.943765,-0.070756,0.303539,-2.654762,134.292007,20.86351,0.084872,0.963182,-0.224474,0.1212,2.011748,147.867096,18.39982,-0.007551,0.839658,0.109848,0.531837,-5.311795,128.132675,17.766233,0.281774,-0.41669,0.235585,-0.831548,-13.723525,130.15065,0.431092,0.20971,-0.129938,-0.476816,-0.843673,0.637797,113.539001,-14.420505,0.326646,0.023353,-0.645047,-0.690414,12.576318,131.042908,-24.204821,-0.127508,0.931377,0.098728,0.326392,-0.756458,127.821243,23.650696,0.324948,0.867966,0.0527,-0.371843,13.859378,131.174179,35.917389,-0.002302,0.278896,0.512733,-0.811983,27.439863,117.259361,17.89761,0.143479,0.055273,0.666395,-0.729573,20.043329,136.618713,7.438649,0.072768,0.874587,0.14967,0.455414,-5.727843,89.766998,9.011758,0.118521,0.965508,0.004762,0.231785,-5.405606,56.096554,-2.682526,-0.003229,0.934283,-0.116581,0.336917,-15.597164,12.397647,-5.566464,-0.091782,0.795674,-0.031968,0.597878,5.958817,89.432457,23.527454,0.052969,-0.584023,0.079824,-0.806064,9.802408,54.460953,29.252789,0.030965,0.80415,-0.08201,0.587927,6.798081,10.322085,37.284817,-0.003229,0.934283,-0.116581,0.336917,-7.225508,3.490166,-14.659074,0.030965,0.80415,-0.08201,0.587927,19.059208,2.004898,33.73621
1028,8.566667,-0.006246,0.901003,0.034791,0.43237,0.093114,89.619934,16.281754,-0.000531,0.896791,0.064423,0.43774,-0.222804,97.242645,16.719563,-0.008859,0.895395,0.064366,0.440506,-1.206511,114.252937,18.693584,0.110229,0.943772,-0.071103,0.303461,-2.672752,134.286057,20.864695,0.085098,0.963135,-0.224646,0.121097,1.994431,147.859039,18.390688,-0.0073,0.839833,0.109773,0.531579,-5.328861,128.122849,17.774323,0.283669,-0.417328,0.235166,-0.830702,-13.751343,130.146332,0.445044,0.210497,-0.129704,-0.476978,-0.843422,0.592211,113.512245,-14.398597,0.326558,0.023042,-0.645157,-0.690364,12.535912,131.028381,-24.199104,-0.12756,0.931432,0.098191,0.326375,-0.77244,127.818657,23.658323,0.325113,0.86786,0.0524,-0.371988,13.843308,131.180603,35.922653,-0.002057,0.279185,0.512866,-0.8118,27.412384,117.254517,17.902979,0.143747,0.055517,0.666627,-0.72929,20.029207,136.61264,7.429017,0.072977,0.874723,0.148823,0.455396,-5.741076,89.795403,9.01675,0.118172,0.96597,0.00562,0.230011,-5.4603,56.109119,-2.632899,-0.003376,0.9342,-0.116649,0.337123,-15.609437,12.403568,-5.565416,-0.091816,0.795781,-0.031998,0.597727,5.927303,89.444466,23.546757,0.052946,-0.584202,0.079437,-0.805974,9.772598,54.473537,29.274487,0.031279,0.804146,-0.082054,0.58791,6.796628,10.328897,37.285339,-0.003376,0.9342,-0.116649,0.337123,-7.231609,3.496187,-14.652437,0.031279,0.804146,-0.082054,0.58791,19.053188,2.005918,33.734543
1029,8.575,-0.004824,0.901146,0.034013,0.432153,0.022869,89.652954,16.319689,-0.000333,0.896911,0.063877,0.437573,-0.26822,97.276718,16.756281,-0.008732,0.895513,0.064022,0.440321,-1.235514,114.258644,18.713192,0.110374,0.943758,-0.071599,0.303334,-2.690566,134.293655,20.874474,0.08524,0.963056,-0.22497,0.121018,1.98392,147.861801,18.387812,-0.007337,0.839883,0.109425,0.531572,-5.351196,128.130188,17.788509,0.28418,-0.417448,0.235277,-0.830436,-13.773987,130.145218,0.458394,0.210636,-0.129982,-0.477166,-0.843238,0.561519,113.49646,-14.376579,0.326568,0.022735,-0.645285,-0.690249,12.49369,131.012604,-24.192024,-0.127441,0.931577,0.097924,0.32609,-0.79231,127.826736,23.670637,0.325326,0.867779,0.051989,-0.372047,13.831835,131.189545,35.924717,-0.001824,0.279434,0.512892,-0.811699,27.39122,117.247093,17.910416,0.144199,0.056147,0.666641,-0.729139,20.016108,136.599701,7.423433,0.072727,0.874434,0.148766,0.456009,-5.815105,89.845894,9.058169,0.117817,0.965693,0.006374,0.231333,-5.512592,56.155788,-2.579889,-0.002576,0.933923,-0.117639,0.337553,-15.611649,12.443531,-5.584384,-0.092092,0.795808,-0.031537,0.597674,5.860844,89.460014,23.581209,0.052986,-0.58451,0.079053,-0.805786,9.741781,54.49062,29.294222,0.031426,0.804227,-0.082267,0.587761,6.798567,10.34089,37.289108,-0.002576,0.933923,-0.117639,0.337553,-7.241454,3.506456,-14.649257,0.031426,0.804227,-0.082267,0.587761,19.049763,2.011175,33.735596
1030,8.583333,-0.006337,0.901474,0.033768,0.431468,-0.003834,89.614807,16.369438,-0.000374,0.897113,0.062944,0.437295,-0.313814,97.238564,16.792892,-0.008469,0.895615,0.063761,0.440155,-1.270411,114.270828,18.726236,0.110226,0.943785,-0.072441,0.303104,-2.710901,134.307358,20.883089,0.085603,0.96301,-0.225047,0.12099,1.965433,147.870255,18.371305,-0.007349,0.839913,0.109347,0.531541,-5.37702,128.144943,17.799782,0.284644,-0.417486,0.235584,-0.830171,-13.801047,130.157852,0.470023,0.210845,-0.130372,-0.477185,-0.843115,0.525092,113.488029,-14.35035,0.326537,0.022502,-0.645335,-0.690224,12.450637,130.995544,-24.184401,-0.127241,0.931715,0.097724,0.325833,-0.81589,127.839867,23.680088,0.325631,0.867674,0.051833,-0.372047,13.816701,131.199646,35.924915,-0.001213,0.279454,0.512938,-0.811664,27.365568,117.241875,17.914549,0.144355,0.05585,0.667072,-0.728737,19.993282,136.587219,7.412797,0.072891,0.874676,0.149753,0.455195,-5.852523,89.779892,9.11586,0.117506,0.965614,0.006006,0.231833,-5.538097,56.112514,-2.587467,-0.003675,0.934245,-0.116198,0.337151,-15.616653,12.393263,-5.558848,-0.09189,0.795881,-0.031384,0.597616,5.844856,89.449722,23.623016,0.052905,-0.584411,0.078831,-0.805885,9.721427,54.47699,29.318562,0.030176,0.804473,-0.082819,0.587412,6.788825,10.323328,37.295643,-0.003675,0.934245,-0.116198,0.337151,-7.23155,3.499097,-14.652099,0.030176,0.804473,-0.082819,0.587412,19.047138,2.001648,33.747845
1031,8.591667,-0.006342,0.901534,0.033653,0.431351,-0.038273,89.618011,16.399891,-0.000339,0.897159,0.062716,0.437234,-0.347517,97.24189,16.821775,-0.008332,0.895673,0.063255,0.440112,-1.299064,114.267769,18.747862,0.110282,0.943753,-0.072771,0.303106,-2.725543,134.306976,20.888992,0.08558,0.962925,-0.22543,0.120964,1.954934,147.866913,18.368984,-0.006898,0.840057,0.108852,0.53142,-5.396299,128.143936,17.810942,0.283494,-0.416914,0.2363,-0.830648,-13.825564,130.160797,0.484188,0.210333,-0.131335,-0.47729,-0.843033,0.507972,113.487518,-14.325129,0.326654,0.022357,-0.645417,-0.690097,12.407703,130.977325,-24.178547,-0.127315,0.931787,0.097395,0.325696,-0.834579,127.840408,23.69087,0.32578,0.86763,0.051777,-0.372028,13.800735,131.207916,35.930317,-0.000712,0.279437,0.512955,-0.81166,27.345184,117.242935,17.922228,0.14493,0.055849,0.667031,-0.728661,19.973881,136.580688,7.410156,0.072874,0.874065,0.150759,0.456039,-5.888838,89.782013,9.147799,0.117564,0.965725,0.00577,0.231344,-5.528418,56.135994,-2.61547,-0.003437,0.934146,-0.116753,0.337237,-15.618391,12.417725,-5.562463,-0.091947,0.795893,-0.031195,0.597601,5.812292,89.454018,23.651981,0.052886,-0.584589,0.078494,-0.80579,9.70028,54.481197,29.339182,0.031182,0.804329,-0.081658,0.58772,6.792646,10.322589,37.297977,-0.003437,0.934146,-0.116753,0.337237,-7.237776,3.50868,-14.645282,0.031182,0.804329,-0.081658,0.58772,19.052399,2.008992,33.736237
1032,8.6,-0.005065,0.901651,0.032593,0.431204,-0.110858,89.648232,16.443752,-0.000173,0.897201,0.062166,0.437225,-0.395459,97.273407,16.859514,-0.008234,0.895699,0.062845,0.440121,-1.332038,114.272812,18.768032,0.110502,0.943726,-0.073179,0.303012,-2.747687,134.314178,20.896133,0.085739,0.962861,-0.225799,0.120674,1.94149,147.869354,18.366682,-0.00694,0.840129,0.108359,0.531407,-5.421803,128.150589,17.82213,0.283599,-0.416878,0.236508,-0.830571,-13.851605,130.155853,0.494297,0.210634,-0.131307,-0.477478,-0.842856,0.478299,113.472603,-14.307302,0.327149,0.022164,-0.646353,-0.688992,12.374194,130.970459,-24.170532,-0.127135,0.931919,0.097153,0.325462,-0.860175,127.848419,23.702198,0.326013,0.867494,0.051439,-0.372188,13.782827,131.214005,35.932972,-0.000215,0.279178,0.51317,-0.811614,27.312923,117.234421,17.925417,0.145771,0.055606,0.66763,-0.727962,19.944958,136.573212,7.411603,0.072327,0.875115,0.149822,0.454418,-5.964059,89.825058,9.19409,0.116895,0.966154,0.007513,0.229837,-5.622783,56.153297,-2.495868,-0.002788,0.933941,-0.116392,0.337934,-15.623905,12.422999,-5.564687,-0.092257,0.795918,-0.030563,0.597553,5.742342,89.471413,23.693413,0.052823,-0.584687,0.078142,-0.805757,9.67515,54.499878,29.357687,0.031005,0.80426,-0.082109,0.587761,6.790374,10.335726,37.294022,-0.002788,0.933941,-0.116392,0.337934,-7.236022,3.516931,-14.643714,0.031005,0.80426,-0.082109,0.587761,19.048426,2.015782,33.741261
1033,8.608333,-0.005043,0.901664,0.0326,0.431178,-0.147743,89.651146,16.471689,0.000311,0.897212,0.061911,0.437238,-0.432074,97.276314,16.887703,-0.008651,0.895691,0.06231,0.440205,-1.349425,114.266518,18.794506,0.11057,0.943677,-0.073424,0.303079,-2.770865,134.310303,20.895782,0.085962,0.962777,-0.226141,0.120547,1.922341,147.863052,18.360836,-0.006785,0.840184,0.10821,0.531352,-5.442673,128.141922,17.829355,0.284294,-0.41706,0.236522,-0.830238,-13.874809,130.148926,0.502861,0.210928,-0.131427,-0.477622,-0.842682,0.446689,113.451149,-14.290489,0.327207,0.021982,-0.646435,-0.688894,12.333796,130.946426,-24.164602,-0.127074,0.931991,0.096812,0.325382,-0.882245,127.84877,23.71081,0.326129,0.867423,0.051343,-0.372265,13.76338,131.217117,35.937683,-0.000394,0.279538,0.512927,-0.811643,27.286423,117.231712,17.92935,0.145067,0.056465,0.667258,-0.728377,19.91592,136.565414,7.405336,0.072153,0.874749,0.150453,0.454942,-6.001369,89.828377,9.222383,0.116837,0.966176,0.007496,0.229778,-5.621268,56.168343,-2.500103,-0.002118,0.933909,-0.116629,0.337946,-15.617985,12.436795,-5.565641,-0.09237,0.795967,-0.030269,0.597485,5.705883,89.473907,23.720997,0.052816,-0.584701,0.077904,-0.805771,9.65804,54.502583,29.373041,0.031279,0.804274,-0.081893,0.587757,6.790143,10.335016,37.296452,-0.002118,0.933909,-0.116629,0.337946,-7.240832,3.518927,-14.642993,0.031279,0.804274,-0.081893,0.587757,19.046759,2.015169,33.738525
1034,8.616667,-0.005147,0.901682,0.032465,0.431149,-0.181004,89.647308,16.503901,2.9e-05,0.897296,0.061676,0.437099,-0.465866,97.272591,16.917385,-0.008456,0.895821,0.061893,0.440003,-1.388334,114.269089,18.813522,0.110515,0.943724,-0.073989,0.302816,-2.794853,134.315109,20.903551,0.086347,0.962705,-0.226413,0.120338,1.900308,147.863968,18.351524,-0.00676,0.840175,0.107706,0.531469,-5.472447,128.146774,17.842121,0.284784,-0.417134,0.236787,-0.829957,-13.899767,130.144684,0.512232,0.210846,-0.132021,-0.477625,-0.842608,0.411811,113.426796,-14.26799,0.326748,0.021675,-0.645903,-0.68962,12.288176,130.91037,-24.16048,-0.126885,0.932089,0.096524,0.32526,-0.909318,127.853943,23.721497,0.326315,0.867343,0.051106,-0.372321,13.741247,131.220016,35.943077,0.000371,0.279203,0.513261,-0.811547,27.255678,117.222954,17.937344,0.146248,0.055532,0.667948,-0.72758,19.893293,136.554779,7.41019,0.0722,0.874221,0.151383,0.45564,-6.035078,89.821693,9.254886,0.11673,0.966065,0.007136,0.230309,-5.617492,56.182144,-2.52499,-0.0028,0.934112,-0.117458,0.337092,-15.610811,12.447885,-5.562573,-0.092445,0.796054,-0.030054,0.597369,5.673069,89.472923,23.752916,0.052801,-0.585053,0.077652,-0.805541,9.639464,54.501652,29.395357,0.031323,0.804479,-0.081859,0.587478,6.792285,10.330423,37.305813,-0.0028,0.934112,-0.117458,0.337092,-7.246226,3.516491,-14.638214,0.031323,0.804479,-0.081859,0.587478,19.045948,2.01036,33.738239
1035,8.625,-0.005242,0.901677,0.032436,0.43116,-0.214316,89.646248,16.531866,5e-05,0.897338,0.061491,0.437039,-0.500298,97.271553,16.944313,-0.008423,0.89589,0.061456,0.439924,-1.419215,114.268173,18.835087,0.11054,0.943731,-0.074373,0.302691,-2.816597,134.316391,20.910088,0.086622,0.962624,-0.226751,0.120149,1.881772,147.862122,18.347307,-0.006852,0.84011,0.107364,0.53164,-5.497481,128.146881,17.853897,0.285431,-0.417355,0.237042,-0.829551,-13.917721,130.135483,0.519492,0.210957,-0.132149,-0.477814,-0.842454,0.377698,113.393829,-14.249476,0.326742,0.02136,-0.645929,-0.689608,12.249647,130.887634,-24.154985,-0.126888,0.932179,0.096211,0.325092,-0.933316,127.856552,23.732594,0.32673,0.867218,0.051188,-0.372238,13.721447,131.227737,35.947731,0.000695,0.279187,0.513336,-0.811505,27.224785,117.215157,17.945744,0.146265,0.055717,0.667919,-0.72759,19.865995,136.543533,7.412564,0.072206,0.874274,0.151544,0.455484,-6.068184,89.81881,9.28264,0.116692,0.965769,0.007391,0.231559,-5.647733,56.182827,-2.507289,-0.003151,0.933905,-0.117586,0.337618,-15.62856,12.448109,-5.579195,-0.092567,0.795915,-0.029739,0.59755,5.639554,89.473686,23.781092,0.052701,-0.585265,0.07745,-0.805412,9.624998,54.502689,29.411755,0.031193,0.804457,-0.081762,0.58753,6.789083,10.327691,37.305214,-0.003151,0.933905,-0.117586,0.337618,-7.248329,3.517801,-14.641467,0.031193,0.804457,-0.081762,0.58753,19.045837,2.011669,33.738815
1036,8.633333,-0.005347,0.901701,0.032495,0.431105,-0.244938,89.644524,16.55798,4.2e-05,0.897367,0.061428,0.436989,-0.532724,97.269753,16.970568,-0.008462,0.895939,0.060996,0.439887,-1.450913,114.268364,18.859535,0.110604,0.943727,-0.074813,0.302571,-2.841447,134.318832,20.917353,0.086901,0.962559,-0.227045,0.119913,1.86161,147.860687,18.342754,-0.007198,0.839939,0.107253,0.531928,-5.524674,128.147568,17.866751,0.285332,-0.417279,0.237364,-0.829531,-13.932859,130.123886,0.525092,0.21094,-0.132227,-0.478087,-0.84229,0.357802,113.371696,-14.236517,0.327124,0.021069,-0.646515,-0.688886,12.219534,130.876328,-24.148926,-0.126833,0.93229,0.095964,0.324868,-0.960033,127.860809,23.745256,0.326925,0.867148,0.050948,-0.372262,13.700919,131.234497,35.952282,0.000829,0.279243,0.513307,-0.811504,27.19652,117.20945,17.954197,0.146261,0.055888,0.667921,-0.727576,19.837645,136.535294,7.41559,0.072185,0.874265,0.15188,0.455394,-6.099676,89.815758,9.309424,0.116363,0.966078,0.007475,0.230429,-5.667901,56.186794,-2.500129,-0.001827,0.933849,-0.116513,0.338153,-15.622352,12.445271,-5.560796,-0.092665,0.796063,-0.029557,0.597347,5.6098,89.473282,23.806534,0.052616,-0.585574,0.077264,-0.805211,9.60997,54.502808,29.43004,0.031071,0.80452,-0.081657,0.587465,6.785952,10.324412,37.308723,-0.001827,0.933849,-0.116513,0.338153,-7.244436,3.527559,-14.637602,0.031071,0.80452,-0.081657,0.587465,19.044624,2.012367,33.739643
1037,8.641667,-0.005419,0.901748,0.032436,0.43101,-0.277963,89.643715,16.585989,0.000249,0.897356,0.061316,0.437027,-0.566322,97.26899,16.99732,-0.00875,0.895907,0.060579,0.440006,-1.476473,114.266396,18.885754,0.110603,0.943705,-0.075208,0.302543,-2.870307,134.318726,20.923203,0.087301,0.962485,-0.227324,0.119684,1.835756,147.857498,18.337927,-0.007652,0.839449,0.107613,0.532622,-5.551832,128.144043,17.877991,0.285694,-0.417646,0.237804,-0.829096,-13.931131,130.116028,0.521873,0.21073,-0.132172,-0.478307,-0.842226,0.332208,113.336372,-14.234966,0.327015,0.020669,-0.646783,-0.688698,12.188436,130.855423,-24.145308,-0.126775,0.932392,0.095687,0.324682,-0.98882,127.863762,23.758068,0.327292,0.867049,0.050732,-0.3722,13.677385,131.240036,35.958054,0.000908,0.279405,0.513419,-0.811377,27.162712,117.195442,17.96752,0.146477,0.056071,0.667096,-0.728274,19.814201,136.519485,7.423666,0.071928,0.87482,0.151752,0.454409,-6.134214,89.813202,9.338619,0.116149,0.966275,0.008107,0.229688,-5.704075,56.178844,-2.4556,-0.002169,0.933861,-0.116227,0.338215,-15.62943,12.433735,-5.559169,-0.092757,0.796182,-0.029329,0.597186,5.578287,89.474228,23.833361,0.052559,-0.585822,0.077066,-0.805053,9.594527,54.504025,29.447058,0.031936,0.804444,-0.080656,0.58766,6.78405,10.322353,37.312195,-0.002169,0.933861,-0.116227,0.338215,-7.243716,3.525887,-14.638451,0.031936,0.804444,-0.080656,0.58766,19.043316,2.017303,33.72892
1038,8.65,-0.005451,0.901801,0.03234,0.430906,-0.314603,89.643059,16.614986,9e-05,0.897423,0.061136,0.436915,-0.60272,97.268417,17.024817,-0.008607,0.895996,0.060232,0.439874,-1.514885,114.267746,18.905581,0.110741,0.943731,-0.075583,0.302315,-2.897074,134.321854,20.933298,0.087627,0.962421,-0.22765,0.119347,1.814664,147.85672,18.337912,-0.007786,0.839266,0.107292,0.532973,-5.582972,128.14711,17.892096,0.284822,-0.417289,0.238364,-0.829415,-13.947666,130.109619,0.527854,0.210286,-0.132782,-0.478414,-0.842181,0.317323,113.326035,-14.222919,0.32716,0.020527,-0.6468,-0.688618,12.154428,130.834961,-24.142395,-0.126788,0.932467,0.095224,0.324597,-1.0182,127.867317,23.77083,0.327606,0.86697,0.050512,-0.372136,13.650006,131.250565,35.966476,0.00132,0.279458,0.513556,-0.811272,27.126944,117.188354,17.98341,0.14688,0.055967,0.667209,-0.728097,19.786129,136.510147,7.428818,0.071807,0.874983,0.151953,0.454047,-6.172512,89.811165,9.368923,0.115923,0.966312,0.008419,0.229637,-5.733108,56.179928,-2.43386,-0.002321,0.933858,-0.116153,0.33825,-15.632802,12.43057,-5.559371,-0.092909,0.796352,-0.02907,0.596947,5.543306,89.474945,23.861048,0.052456,-0.586078,0.076867,-0.804893,9.580833,54.505676,29.465284,0.030668,0.80456,-0.081145,0.587501,6.781701,10.320267,37.313473,-0.002321,0.933858,-0.116153,0.33825,-7.243765,3.525907,-14.638708,0.030668,0.80456,-0.081145,0.587501,19.050732,2.024917,33.741169
1039,8.658333,-0.005816,0.901837,0.032293,0.430829,-0.350498,89.635918,16.645092,6.9e-05,0.897489,0.061082,0.436787,-0.643297,97.261261,17.051899,-0.008537,0.896095,0.059733,0.439743,-1.555364,114.266838,18.931492,0.110862,0.943747,-0.075763,0.302179,-2.925862,134.323425,20.942673,0.087858,0.962323,-0.228108,0.11909,1.789911,147.856003,18.342758,-0.007958,0.839047,0.106995,0.533375,-5.616138,128.147583,17.907564,0.284928,-0.417381,0.238538,-0.829282,-13.964123,130.100113,0.534162,0.210293,-0.133001,-0.478468,-0.842114,0.292397,113.306786,-14.213721,0.327255,0.020295,-0.64685,-0.688534,12.124864,130.814819,-24.142534,-0.126914,0.932478,0.095309,0.324491,-1.049626,127.870247,23.785063,0.327862,0.866901,0.050341,-0.372096,13.620008,131.257416,35.977901,0.001835,0.279483,0.513583,-0.811245,27.089655,117.181183,18.000355,0.147261,0.055953,0.667423,-0.727826,19.751232,136.495453,7.433568,0.071834,0.874955,0.152362,0.453961,-6.209573,89.79747,9.399823,0.115898,0.965706,0.008387,0.232183,-5.759397,56.17535,-2.428523,-0.00234,0.93364,-0.116151,0.338851,-15.649361,12.425426,-5.576813,-0.093011,0.796553,-0.028822,0.596675,5.508577,89.474365,23.890362,0.05238,-0.586366,0.076654,-0.804708,9.564342,54.505421,29.483456,0.030488,0.804598,-0.081164,0.587456,6.779236,10.316351,37.315975,-0.00234,0.93364,-0.116151,0.338851,-7.247249,3.521752,-14.645022,0.030488,0.804598,-0.081164,0.587456,19.049919,2.023389,33.743793
1040,8.666667,-0.005932,0.901838,0.032185,0.430833,-0.382331,89.630684,16.674986,9e-06,0.89752,0.060882,0.436751,-0.676026,97.256111,17.079546,-0.008531,0.896143,0.059373,0.439693,-1.586968,114.264122,18.952353,0.110994,0.943754,-0.076161,0.302007,-2.950732,134.322433,20.950724,0.088094,0.962287,-0.228343,0.118758,1.770961,147.850967,18.340393,-0.00812,0.838989,0.106734,0.533516,-5.643389,128.145508,17.919954,0.285052,-0.417403,0.238598,-0.829211,-13.985472,130.087967,0.54258,0.210351,-0.133328,-0.478461,-0.842052,0.268562,113.289856,-14.202258,0.327251,0.020051,-0.646879,-0.688515,12.097459,130.792923,-24.144903,-0.126329,0.932572,0.094761,0.324607,-1.076218,127.870514,23.797054,0.327986,0.86684,0.050746,-0.372073,13.596232,131.2435,35.990448,0.002447,0.279146,0.513638,-0.811325,27.062481,117.170563,18.007767,0.147864,0.055771,0.667622,-0.727535,19.718084,136.480499,7.438291,0.071731,0.875031,0.152714,0.45371,-6.241313,89.789421,9.429576,0.115729,0.965795,0.008594,0.231892,-5.776418,56.173927,-2.416994,-0.002307,0.933662,-0.116085,0.338812,-15.648551,12.420806,-5.57678,-0.093054,0.796741,-0.028517,0.596433,5.476651,89.471939,23.920397,0.052366,-0.586469,0.076473,-0.804651,9.549561,54.502319,29.496744,0.030467,0.804675,-0.081066,0.587366,6.777675,10.310632,37.319183,-0.002307,0.933662,-0.116085,0.338812,-7.247416,3.51826,-14.647005,0.030467,0.804675,-0.081066,0.587366,19.048685,2.019925,33.742889
1041,8.675,-0.006032,0.901856,0.032142,0.430797,-0.414488,89.62706,16.70315,-0.000344,0.897587,0.060681,0.43664,-0.709259,97.25251,17.106472,-0.008246,0.89625,0.059074,0.43952,-1.628283,114.270493,18.968954,0.111343,0.943777,-0.076456,0.301733,-2.976069,134.330444,20.96187,0.088324,0.962229,-0.228737,0.118292,1.756019,147.854095,18.345156,-0.008628,0.838853,0.106477,0.533773,-5.674689,128.154633,17.934128,0.284993,-0.417359,0.238721,-0.829218,-14.005813,130.076385,0.5492,0.210451,-0.133466,-0.478529,-0.841966,0.247069,113.274742,-14.192717,0.32758,0.019858,-0.647134,-0.688124,12.073795,130.780518,-24.145344,-0.126625,0.93257,0.094652,0.32453,-1.105188,127.877953,23.809334,0.328418,0.86673,0.050209,-0.372022,13.566305,131.263275,36.00045,0.0029,0.279441,0.513744,-0.811154,27.019548,117.161667,18.030495,0.14816,0.05586,0.667745,-0.727355,19.688255,136.46463,7.441809,0.071665,0.875074,0.152993,0.453544,-6.27402,89.783752,9.458142,0.115568,0.965763,0.008768,0.232097,-5.798039,56.17366,-2.403316,-0.003209,0.933775,-0.116509,0.338348,-15.652023,12.417441,-5.577001,-0.093107,0.796799,-0.028228,0.59636,5.445044,89.47036,23.948156,0.052353,-0.586613,0.076278,-0.804566,9.533754,54.500282,29.510025,0.030555,0.804765,-0.081006,0.587246,6.776575,10.305798,37.32185,-0.003209,0.933775,-0.116509,0.338348,-7.249836,3.513224,-14.644611,0.030555,0.804765,-0.081006,0.587246,19.045881,2.01484,33.740303
1042,8.683333,-0.006165,0.901921,0.032121,0.430661,-0.444243,89.625885,16.732212,-0.000475,0.897621,0.060457,0.436602,-0.740641,97.251335,17.134405,-0.008219,0.896277,0.058795,0.439503,-1.660148,114.267799,18.987829,0.111345,0.943811,-0.076718,0.301557,-3.001975,134.329086,20.971212,0.088647,0.962168,-0.229048,0.117946,1.73149,147.850723,18.346479,-0.008922,0.838781,0.106382,0.533901,-5.702559,128.152618,17.946569,0.286584,-0.417945,0.2382,-0.828524,-14.028199,130.0634,0.557803,0.211015,-0.133415,-0.478531,-0.841832,0.211905,113.249313,-14.182293,0.327272,0.01966,-0.646624,-0.688755,12.041463,130.752487,-24.146605,-0.127082,0.932541,0.094326,0.32453,-1.132825,127.877426,23.821667,0.328898,0.866597,0.049858,-0.371955,13.534191,131.283203,36.012478,0.00324,0.279634,0.51374,-0.811089,26.973331,117.154732,18.053072,0.148292,0.056636,0.66802,-0.727015,19.646242,136.45311,7.448999,0.071578,0.875133,0.153363,0.45332,-6.305931,89.780083,9.488891,0.115417,0.965739,0.008901,0.232267,-5.815325,56.17717,-2.392313,-0.003022,0.933752,-0.116514,0.338411,-15.653084,12.418037,-5.576115,-0.093197,0.796829,-0.027841,0.596325,5.417444,89.471687,23.975533,0.052352,-0.58646,0.076165,-0.804688,9.528004,54.501236,29.519009,0.030493,0.8048,-0.081048,0.587196,6.777366,10.305184,37.324337,-0.003022,0.933752,-0.116514,0.338411,-7.252301,3.512005,-14.643245,0.030493,0.8048,-0.081048,0.587196,19.046555,2.014291,33.742214
1043,8.691667,-0.005952,0.901952,0.031948,0.430612,-0.483323,89.628868,16.760326,-0.000809,0.897651,0.060309,0.436559,-0.775633,97.254524,17.161562,-0.008031,0.896333,0.058536,0.439428,-1.703344,114.275528,19.005938,0.111569,0.943795,-0.077161,0.301413,-3.033591,134.338165,20.983427,0.088942,0.962092,-0.229369,0.117721,1.708705,147.854614,18.348063,-0.009319,0.838548,0.106142,0.534308,-5.738225,128.162277,17.961226,0.286768,-0.417918,0.238271,-0.828454,-14.046717,130.056915,0.562496,0.211141,-0.133653,-0.478586,-0.841731,0.192781,113.236938,-14.171454,0.327323,0.019527,-0.646741,-0.688626,12.017288,130.737457,-24.148205,-0.126991,0.932598,0.094137,0.324459,-1.167462,127.88633,23.835485,0.329069,0.866575,0.049544,-0.371897,13.50223,131.291733,36.023178,0.003527,0.279938,0.513654,-0.811038,26.937687,117.14946,18.071884,0.148442,0.057048,0.668022,-0.72695,19.614658,136.438782,7.450639,0.071382,0.875117,0.1537,0.453267,-6.34585,89.785225,9.517733,0.115229,0.965822,0.009152,0.232007,-5.832579,56.187702,-2.377725,-0.002189,0.93361,-0.11621,0.338915,-15.649779,12.425071,-5.576787,-0.093325,0.796909,-0.027432,0.596217,5.379203,89.472511,24.002918,0.052401,-0.586635,0.076053,-0.804568,9.515113,54.502167,29.528076,0.030663,0.804937,-0.080947,0.587012,6.7768,10.305047,37.331642,-0.002189,0.93361,-0.11621,0.338915,-7.248821,3.518682,-14.643402,0.030663,0.804937,-0.080947,0.587012,19.042995,2.013405,33.741032
1044,8.7,-0.00606,0.901982,0.031883,0.430551,-0.51988,89.627792,16.787512,-0.000936,0.897674,0.060149,0.436535,-0.813214,97.253494,17.187157,-0.008053,0.89636,0.05825,0.439411,-1.742459,114.276672,19.0249,0.111456,0.94381,-0.077564,0.301303,-3.068392,134.340637,20.991686,0.089427,0.962015,-0.229552,0.117622,1.673624,147.854782,18.343964,-0.010075,0.83834,0.106102,0.534628,-5.774467,128.163712,17.972929,0.287047,-0.417866,0.237999,-0.828462,-14.069139,130.034393,0.565019,0.211267,-0.133703,-0.478791,-0.841576,0.179526,113.220886,-14.16745,0.327311,0.01945,-0.646939,-0.688447,11.993699,130.723877,-24.149549,-0.126965,0.932586,0.093757,0.324611,-1.203486,127.889954,23.84712,0.32905,0.866591,0.048753,-0.371981,13.462623,131.298599,36.038212,0.003716,0.280427,0.513536,-0.810943,26.895411,117.141518,18.096605,0.14873,0.057392,0.66818,-0.72672,19.578938,136.42305,7.452944,0.071206,0.875139,0.154141,0.453103,-6.383358,89.781776,9.54564,0.115023,0.966159,0.009306,0.230695,-5.846766,56.192135,-2.371042,-0.00226,0.933687,-0.116159,0.33872,-15.647468,12.425494,-5.565857,-0.0934,0.796901,-0.027043,0.596233,5.343597,89.473808,24.029383,0.05238,-0.586738,0.075874,-0.804511,9.500291,54.502941,29.535698,0.030491,0.804879,-0.081046,0.587087,6.774728,10.303179,37.328751,-0.00226,0.933687,-0.116159,0.33872,-7.249335,3.520712,-14.636664,0.030491,0.804879,-0.081046,0.587087,19.042887,2.01227,33.743164
1045,8.708333,-0.006674,0.902003,0.032127,0.430482,-0.546354,89.614357,16.810787,-0.000786,0.897688,0.060069,0.436517,-0.849729,97.2397,17.209772,-0.0083,0.896362,0.057887,0.439448,-1.773739,114.274597,19.048561,0.111567,0.943759,-0.077973,0.301317,-3.102242,134.340118,20.997816,0.0897,0.961962,-0.229704,0.117557,1.646017,147.850143,18.340332,-0.010197,0.838235,0.105831,0.534844,-5.807286,128.160233,17.984146,0.287237,-0.41783,0.237813,-0.828467,-14.092907,130.022247,0.570992,0.211448,-0.1338,-0.478873,-0.841468,0.162049,113.213158,-14.16044,0.327425,0.019339,-0.647093,-0.688251,11.970589,130.713821,-24.149897,-0.126904,0.932622,0.093468,0.324615,-1.236856,127.892128,23.859028,0.329219,0.866579,0.048716,-0.371864,13.429745,131.302338,36.049088,0.004364,0.280413,0.51352,-0.810954,26.861256,117.136703,18.113276,0.149412,0.057445,0.668342,-0.726427,19.544102,136.408264,7.455188,0.071099,0.875161,0.154499,0.452955,-6.4108,89.759926,9.569524,0.114939,0.965888,0.009312,0.231869,-5.857746,56.177078,-2.365534,-0.003011,0.933837,-0.11632,0.338244,-15.647276,12.408725,-5.571061,-0.093453,0.797027,-0.026789,0.596068,5.318092,89.468781,24.05205,0.052351,-0.587043,0.075765,-0.804301,9.48973,54.497646,29.54537,0.030718,0.804935,-0.08075,0.58704,6.773409,10.296122,37.331684,-0.003011,0.933837,-0.11632,0.338244,-7.249195,3.506822,-14.644745,0.030718,0.804935,-0.08075,0.58704,19.041071,2.007645,33.73877
1046,8.716667,-0.006588,0.902025,0.03195,0.43045,-0.579753,89.614487,16.835815,-0.000843,0.89765,0.060106,0.436591,-0.880774,97.240021,17.232935,-0.008524,0.89632,0.057552,0.439574,-1.807079,114.271614,19.071577,0.111964,0.94361,-0.078553,0.301487,-3.138057,134.338547,21.004589,0.089641,0.961954,-0.229719,0.117641,1.626045,147.840881,18.336359,-0.0105,0.837978,0.105865,0.535234,-5.841629,128.156036,17.995007,0.287322,-0.417772,0.237777,-0.828477,-14.110863,130.01062,0.57327,0.211465,-0.133893,-0.479006,-0.841373,0.147559,113.201973,-14.155314,0.327478,0.019174,-0.647224,-0.688107,11.948775,130.704422,-24.149363,-0.126885,0.932616,0.093082,0.324752,-1.272902,127.892998,23.871443,0.329332,0.866587,0.048486,-0.371776,13.390438,131.306885,36.064407,0.005002,0.280584,0.513486,-0.810913,26.821482,117.131172,18.136209,0.150072,0.057492,0.668539,-0.726105,19.507317,136.391815,7.45721,0.070913,0.875186,0.154744,0.452853,-6.444732,89.760048,9.594983,0.11463,0.966078,0.009561,0.231218,-5.873402,56.180729,-2.349117,-0.00287,0.933962,-0.116294,0.337908,-15.633416,12.406412,-5.563231,-0.093541,0.797214,-0.026445,0.595819,5.285225,89.468925,24.076649,0.05232,-0.58734,0.075634,-0.804098,9.478182,54.497665,29.552864,0.030677,0.804996,-0.080883,0.586939,6.772473,10.294065,37.331043,-0.00287,0.933962,-0.116294,0.337908,-7.244404,3.503317,-14.644131,0.030677,0.804996,-0.080883,0.586939,19.038401,2.003457,33.737122
1047,8.725,-0.007096,0.902013,0.032145,0.430453,-0.604561,89.602127,16.858227,-0.000741,0.897606,0.060078,0.436685,-0.913868,97.227356,17.254696,-0.008775,0.89626,0.057257,0.439731,-1.837102,114.264595,19.094507,0.111537,0.943685,-0.0786,0.301397,-3.17225,134.332718,21.012201,0.090375,0.961863,-0.229929,0.117412,1.580545,147.837906,18.338327,-0.010739,0.837782,0.105831,0.535542,-5.873647,128.147507,18.006189,0.286908,-0.417548,0.237956,-0.828682,-14.12988,129.994949,0.577529,0.21129,-0.134026,-0.479215,-0.841277,0.13396,113.188446,-14.148251,0.327749,0.019084,-0.647412,-0.687804,11.92605,130.69957,-24.146721,-0.126761,0.932675,0.092335,0.324842,-1.307042,127.889595,23.884504,0.32941,0.866607,0.048412,-0.371669,13.355253,131.308365,36.077358,0.005631,0.280551,0.513333,-0.811017,26.787806,117.126968,18.154774,0.150655,0.057647,0.668761,-0.725767,19.465572,136.375946,7.460834,0.070845,0.875313,0.155161,0.452474,-6.469369,89.740723,9.617117,0.1146,0.966051,0.009582,0.231343,-5.885171,56.169914,-2.350283,0.000217,0.933613,-0.115584,0.339127,-15.641788,12.395024,-5.56694,-0.093542,0.797203,-0.026186,0.595845,5.260247,89.463524,24.099335,0.052313,-0.587659,0.075515,-0.803877,9.464182,54.491306,29.56098,0.03045,0.805072,-0.080813,0.586857,6.769664,10.286027,37.333542,0.000217,0.933613,-0.115584,0.339127,-7.268018,3.48035,-14.650551,0.03045,0.805072,-0.080813,0.586857,19.038326,2.000317,33.737652
1048,8.733333,-0.0072,0.901893,0.032141,0.430703,-0.64118,89.599564,16.882593,-0.000792,0.897576,0.059906,0.43677,-0.952009,97.224777,17.278238,-0.008793,0.896262,0.056999,0.439759,-1.874418,114.262894,19.111958,0.111594,0.943661,-0.07879,0.301402,-3.205723,134.332199,21.019966,0.09054,0.961818,-0.230075,0.117365,1.550099,147.835449,18.341619,-0.010721,0.837534,0.105675,0.535962,-5.908176,128.146072,18.016773,0.286928,-0.417435,0.238058,-0.828703,-14.146979,129.992722,0.57978,0.211367,-0.134087,-0.479338,-0.841177,0.119308,113.182762,-14.139687,0.327966,0.01886,-0.647743,-0.687395,11.904686,130.694748,-24.142515,-0.12693,0.93266,0.09228,0.324837,-1.341935,127.890083,23.895454,0.329488,0.866644,0.048062,-0.37156,13.318827,131.315598,36.088264,0.005944,0.280773,0.513083,-0.811096,26.752949,117.122795,18.175892,0.150742,0.058053,0.668846,-0.725639,19.424412,136.360519,7.464922,0.070619,0.875366,0.155481,0.452298,-6.501948,89.736542,9.638183,0.114504,0.965959,0.009647,0.231776,-5.89555,56.170547,-2.341588,0.000208,0.933605,-0.115589,0.339146,-15.641075,12.393769,-5.566206,-0.093727,0.797403,-0.025815,0.595565,5.219588,89.462578,24.127003,0.052226,-0.588093,0.075366,-0.803579,9.451575,54.491444,29.573935,0.03036,0.805103,-0.080841,0.586815,6.76726,10.283324,37.333839,0.000208,0.933605,-0.115589,0.339146,-7.266791,3.479075,-14.649323,0.03036,0.805103,-0.080841,0.586815,19.036364,1.998405,33.737637
1049,8.741667,-0.007317,0.901853,0.032199,0.430779,-0.672138,89.599167,16.903196,-0.000792,0.897559,0.059917,0.436804,-0.98499,97.224304,17.298838,-0.00892,0.896261,0.056721,0.439795,-1.907411,114.258232,19.132393,0.111644,0.943625,-0.079028,0.301432,-3.238431,134.328705,21.028084,0.090626,0.961808,-0.230086,0.117362,1.520732,147.829651,18.344046,-0.010992,0.83732,0.105615,0.536303,-5.940763,128.140839,18.028419,0.286417,-0.417197,0.238239,-0.828947,-14.165192,129.978912,0.583741,0.211123,-0.134145,-0.479548,-0.84111,0.10702,113.172821,-14.134389,0.328093,0.019042,-0.647925,-0.687158,11.884317,130.695526,-24.137384,-0.127062,0.932593,0.091882,0.32509,-1.375036,127.888321,23.90765,0.329503,0.866679,0.047817,-0.371495,13.278074,131.322372,36.107246,0.006321,0.281061,0.512963,-0.811069,26.714193,117.123245,18.201387,0.151207,0.058398,0.668709,-0.72564,19.387516,136.350723,7.471053,0.070542,0.875307,0.155744,0.452333,-6.531641,89.734695,9.657737,0.114343,0.96591,0.009689,0.232055,-5.911234,56.173752,-2.335484,0.000239,0.933613,-0.115566,0.339133,-15.641173,12.39374,-5.563205,-0.09385,0.797407,-0.025537,0.595552,5.187365,89.463638,24.148655,0.052214,-0.588351,0.075228,-0.803404,9.438285,54.493141,29.584917,0.030379,0.80511,-0.080771,0.586814,6.765743,10.283035,37.337555,0.000239,0.933613,-0.115566,0.339133,-7.267498,3.479273,-14.647102,0.030379,0.80511,-0.080771,0.586814,19.035263,1.99924,33.740196
1050,8.75,-0.007451,0.901841,0.032265,0.430797,-0.702869,89.597229,16.922995,-0.000782,0.89752,0.059741,0.436907,-1.018004,97.222267,17.318661,-0.009074,0.8962,0.056607,0.43993,-1.937536,114.25415,19.146587,0.111554,0.943592,-0.079187,0.30153,-3.272402,134.325058,21.035185,0.09073,0.961787,-0.230088,0.117443,1.486056,147.825363,18.346733,-0.011203,0.83708,0.105669,0.536662,-5.972786,128.135742,18.036728,0.286357,-0.4171,0.238228,-0.829021,-14.182102,129.969696,0.584495,0.211018,-0.134043,-0.47976,-0.841032,0.094731,113.165985,-14.13189,0.327978,0.019267,-0.648156,-0.686988,11.864269,130.697601,-24.130501,-0.12721,0.932523,0.091727,0.325277,-1.408873,127.88591,23.91748,0.329476,0.866837,0.048202,-0.371101,13.238053,131.326248,36.122738,0.006911,0.281117,0.512632,-0.811254,26.69067,117.132202,18.225233,0.151507,0.058656,0.668426,-0.725818,19.350758,136.341019,7.478008,0.07039,0.875287,0.156075,0.452281,-6.56205,89.731056,9.677241,0.114402,0.965715,0.009718,0.232836,-5.921989,56.175961,-2.331274,0.000297,0.933451,-0.115602,0.339568,-15.653761,12.397223,-5.570685,-0.094004,0.797404,-0.025261,0.595543,5.156313,89.463394,24.168747,0.052205,-0.588466,0.07509,-0.803333,9.427671,54.493965,29.595831,0.030613,0.805172,-0.080628,0.586737,6.765714,10.281908,37.341003,0.000297,0.933451,-0.115602,0.339568,-7.271883,3.481884,-14.646157,0.030613,0.805172,-0.080628,0.586737,19.032896,1.99731,33.737503
1051,8.758333,-0.007393,0.901864,0.032214,0.430754,-0.734875,89.591179,16.943371,-0.000824,0.897449,0.059626,0.437068,-1.04886,97.216278,17.338726,-0.009199,0.896094,0.056473,0.440161,-1.968407,114.251007,19.16259,0.111612,0.943497,-0.079386,0.301752,-3.305902,134.322418,21.043821,0.090604,0.961772,-0.230125,0.117594,1.456674,147.820602,18.352011,-0.011456,0.836911,0.105708,0.536913,-6.00421,128.131897,18.046007,0.286322,-0.416972,0.238089,-0.829136,-14.202865,129.959518,0.58811,0.210963,-0.133946,-0.479965,-0.840944,0.083074,113.163139,-14.127781,0.327759,0.019816,-0.648221,-0.687016,11.84503,130.702682,-24.12314,-0.127443,0.932483,0.091638,0.325325,-1.443357,127.884399,23.92923,0.329489,0.866881,0.047903,-0.371025,13.20005,131.333893,36.136108,0.00703,0.281424,0.51234,-0.811332,26.655167,117.132401,18.246401,0.151372,0.058997,0.667926,-0.726279,19.30961,136.329681,7.484265,0.070251,0.875291,0.156436,0.452171,-6.59476,89.725533,9.698202,0.114324,0.965737,0.009822,0.232778,-5.935622,56.177094,-2.327866,0.0015,0.933271,-0.115408,0.340123,-15.658728,12.396926,-5.574038,-0.094147,0.797463,-0.024975,0.595454,5.125011,89.456818,24.18854,0.052215,-0.588514,0.074997,-0.803306,9.417155,54.48827,29.604933,0.030436,0.805258,-0.080483,0.586647,6.76277,10.275066,37.346107,0.0015,0.933271,-0.115408,0.340123,-7.281515,3.475267,-14.647601,0.030436,0.805258,-0.080483,0.586647,19.03269,1.996116,33.738979
1052,8.766667,-0.007487,0.901797,0.032066,0.430903,-0.766695,89.589371,16.965879,-0.000808,0.897339,0.059693,0.437285,-1.081061,97.2146,17.358528,-0.009386,0.895983,0.056147,0.440425,-2.001456,114.247009,19.184246,0.11168,0.943373,-0.079557,0.30207,-3.340472,134.319763,21.049959,0.090399,0.961754,-0.230151,0.11785,1.426648,147.815964,18.356224,-0.011713,0.836747,0.105525,0.537198,-6.036865,128.126984,18.055073,0.286412,-0.416922,0.237803,-0.829213,-14.223396,129.943741,0.590353,0.210939,-0.133699,-0.480234,-0.840836,0.071998,113.157776,-14.12823,0.32773,0.020059,-0.648309,-0.686939,11.824412,130.707245,-24.114899,-0.127657,0.932418,0.091897,0.325353,-1.479524,127.883896,23.9412,0.32945,0.86691,0.047595,-0.371031,13.161072,131.337479,36.150299,0.007434,0.28137,0.512178,-0.811449,26.617342,117.131233,18.26524,0.151954,0.058925,0.667813,-0.726267,19.262342,136.320953,7.493515,0.070153,0.875256,0.156737,0.45215,-6.624163,89.721069,9.718708,0.114217,0.965713,0.009904,0.232927,-5.949237,56.178356,-2.322479,0.001596,0.933235,-0.115351,0.340241,-15.660959,12.396139,-5.575063,-0.094272,0.797576,-0.024684,0.595295,5.090774,89.457672,24.213051,0.05216,-0.5888,0.074842,-0.803114,9.403401,54.489773,29.617332,0.030333,0.805271,-0.080504,0.586633,6.759931,10.273952,37.347328,0.001596,0.933235,-0.115351,0.340241,-7.282338,3.475001,-14.647841,0.030333,0.805271,-0.080504,0.586633,19.030813,1.996171,33.740776
1053,8.775,-0.00744,0.901698,0.031933,0.431121,-0.809892,89.586143,16.988522,-0.000969,0.897297,0.059566,0.437389,-1.122839,97.211517,17.379576,-0.009334,0.895971,0.055937,0.440476,-2.046502,114.244629,19.198889,0.111551,0.943324,-0.079849,0.302193,-3.380024,134.318375,21.057886,0.090417,0.961744,-0.230025,0.118165,1.386561,147.813126,18.355999,-0.011858,0.836461,0.105263,0.537691,-6.077871,128.125381,18.064758,0.286334,-0.416709,0.237746,-0.829364,-14.243778,129.934113,0.589544,0.210887,-0.133492,-0.480517,-0.84072,0.062501,113.153717,-14.124842,0.327881,0.019964,-0.648718,-0.686484,11.80444,130.713547,-24.103966,-0.127612,0.932429,0.091756,0.325381,-1.521186,127.882935,23.951424,0.329204,0.866982,0.046969,-0.371162,13.119149,131.336594,36.160828,0.007611,0.281335,0.511999,-0.811573,26.57885,117.128395,18.279881,0.152604,0.058655,0.667644,-0.726308,19.213737,136.313705,7.502747,0.070021,0.875179,0.15702,0.452221,-6.663871,89.717697,9.738523,0.114189,0.965805,0.0101,0.232549,-5.970441,56.18,-2.315558,0.001566,0.933065,-0.115426,0.340682,-15.676949,12.397567,-5.58083,-0.094474,0.797692,-0.024158,0.595129,5.044086,89.45459,24.238522,0.052206,-0.589062,0.074785,-0.802924,9.391602,54.487576,29.620522,0.029802,0.805487,-0.081229,0.586263,6.757238,10.271427,37.351757,0.001566,0.933065,-0.115426,0.340682,-7.288932,3.475494,-14.644011,0.029802,0.805487,-0.081229,0.586263,19.024242,1.986872,33.747555
1054,8.783333,-0.007444,0.901623,0.03183,0.431285,-0.846484,89.583733,17.010487,-0.000976,0.897206,0.059483,0.437587,-1.15887,97.209198,17.400043,-0.009398,0.895876,0.055763,0.440691,-2.081877,114.242027,19.216454,0.111738,0.943203,-0.079775,0.302521,-3.415063,134.316513,21.067717,0.090108,0.961711,-0.230153,0.118417,1.357337,147.810364,18.371529,-0.012524,0.836265,0.105145,0.538004,-6.111855,128.122635,18.075487,0.286292,-0.416603,0.237408,-0.829528,-14.264091,129.908676,0.59156,0.2108,-0.133114,-0.480893,-0.840587,0.055373,113.1436,-14.127469,0.327773,0.020688,-0.648771,-0.686464,11.785898,130.720596,-24.093269,-0.127762,0.932391,0.091744,0.325435,-1.558004,127.881981,23.96442,0.329106,0.867036,0.046682,-0.371159,13.079495,131.340851,36.175747,0.008041,0.281247,0.511826,-0.811708,26.542763,117.130592,18.299131,0.153223,0.05836,0.667445,-0.726385,19.166759,136.308105,7.512766,0.069709,0.87514,0.157319,0.45224,-6.697824,89.714508,9.758343,0.113988,0.965815,0.010187,0.232605,-5.97486,56.180405,-2.304004,0.00173,0.933207,-0.115264,0.340346,-15.662103,12.394005,-5.573197,-0.094649,0.797688,-0.023635,0.595128,5.004855,89.45295,24.262629,0.052156,-0.589427,0.074741,-0.802664,9.384508,54.486511,29.622286,0.029659,0.80542,-0.081189,0.586368,6.754115,10.269302,37.34877,0.00173,0.933207,-0.115264,0.340346,-7.282723,3.473724,-14.646125,0.029659,0.80542,-0.081189,0.586368,19.024349,1.987889,33.748337
1055,8.791667,-0.007574,0.901508,0.031904,0.431518,-0.875612,89.577499,17.032141,-0.001104,0.89706,0.059359,0.437902,-1.190372,97.202866,17.421766,-0.0095,0.895713,0.0557,0.441027,-2.116127,114.236618,19.232151,0.111787,0.943073,-0.079938,0.302866,-3.452599,134.31131,21.078838,0.089849,0.961708,-0.230116,0.11871,1.3239,147.80336,18.380924,-0.012826,0.836072,0.105127,0.538301,-6.14654,128.116638,18.085667,0.286284,-0.416467,0.237173,-0.829666,-14.286081,129.893814,0.594926,0.210799,-0.1328,-0.481183,-0.84047,0.045273,113.139557,-14.124836,0.327988,0.020636,-0.649097,-0.686055,11.765932,130.727371,-24.079826,-0.127626,0.932405,0.091765,0.32544,-1.597134,127.877464,23.97809,0.32879,0.867155,0.046905,-0.371132,13.041566,131.331207,36.189419,0.008474,0.280878,0.511444,-0.812072,26.51687,117.137695,18.308567,0.153449,0.058092,0.667688,-0.726134,19.112242,136.306046,7.520042,0.069612,0.875068,0.157658,0.452276,-6.723174,89.706841,9.776929,0.113927,0.965762,0.010203,0.232855,-5.982505,56.179367,-2.30277,0.00175,0.933186,-0.115221,0.340419,-15.663317,12.391737,-5.574518,-0.094788,0.797829,-0.023174,0.594935,4.97195,89.448166,24.287352,0.052101,-0.589807,0.074692,-0.802393,9.380367,54.482071,29.625628,0.030516,0.80529,-0.080124,0.586648,6.754202,10.263687,37.346832,0.00175,0.933186,-0.115221,0.340419,-7.282473,3.472323,-14.646938,0.030516,0.80529,-0.080124,0.586648,19.02655,1.990787,33.734085
1056,8.8,-0.007846,0.901375,0.032055,0.43178,-0.902068,89.571632,17.047728,-0.000495,0.896895,0.059272,0.438253,-1.221696,97.196785,17.437544,-0.010299,0.895489,0.055499,0.44149,-2.127244,114.214981,19.252373,0.111574,0.942946,-0.079832,0.303367,-3.489973,134.289932,21.076826,0.089698,0.961725,-0.229896,0.119112,1.282262,147.784286,18.382921,-0.012928,0.835984,0.105803,0.538303,-6.17309,128.088928,18.087038,0.286384,-0.416306,0.236813,-0.829815,-14.312443,129.876999,0.597323,0.210853,-0.132462,-0.481432,-0.840368,0.035056,113.136925,-14.122849,0.327966,0.020934,-0.649237,-0.685924,11.748052,130.734299,-24.067074,-0.128203,0.932178,0.091557,0.325921,-1.630008,127.861336,23.984797,0.328562,0.867308,0.046683,-0.371004,12.99084,131.335693,36.211658,0.008727,0.280942,0.511162,-0.812225,26.479153,117.145302,18.33814,0.15389,0.058024,0.667327,-0.726379,19.064274,136.299606,7.541446,0.069497,0.874949,0.157886,0.452444,-6.745337,89.697777,9.789001,0.113916,0.965695,0.010179,0.233138,-5.987632,56.174301,-2.300726,0.001577,0.933189,-0.115036,0.340474,-15.667096,12.386412,-5.573026,-0.094965,0.79788,-0.022722,0.594855,4.9412,89.44548,24.306452,0.052141,-0.59032,0.074165,-0.802062,9.379318,54.480316,29.626125,0.029537,0.805149,-0.081384,0.58672,6.797938,10.255239,37.324085,0.001577,0.933189,-0.115036,0.340474,-7.281565,3.472949,-14.646967,0.029537,0.805149,-0.081384,0.58672,19.071293,1.972043,33.738449
1057,8.808333,-0.007991,0.901221,0.032276,0.432082,-0.932758,89.568436,17.061962,-0.000502,0.896752,0.059142,0.438563,-1.255975,97.193336,17.45376,-0.01041,0.895334,0.05549,0.441802,-2.160443,114.212418,19.264242,0.111498,0.942827,-0.079915,0.303742,-3.527685,134.287308,21.085938,0.089479,0.961705,-0.22984,0.11954,1.244882,147.781448,18.391495,-0.012428,0.835762,0.105667,0.538685,-6.207688,128.085617,18.094803,0.285978,-0.41593,0.237289,-0.830008,-14.331564,129.888687,0.599435,0.210797,-0.132545,-0.481507,-0.840326,0.020596,113.139938,-14.106317,0.328092,0.021257,-0.649447,-0.685655,11.730638,130.740952,-24.054226,-0.128432,0.932096,0.091555,0.326068,-1.668749,127.859261,23.995798,0.328295,0.867462,0.046459,-0.370911,12.946105,131.341003,36.227718,0.008668,0.280915,0.510934,-0.812378,26.447386,117.155632,18.360022,0.154524,0.058534,0.667012,-0.726492,19.020611,136.306839,7.563228,0.069299,0.874818,0.158094,0.452656,-6.771113,89.694138,9.799276,0.113863,0.965622,0.010132,0.233467,-5.991334,56.173397,-2.296627,0.000309,0.933337,-0.115047,0.340069,-15.666106,12.384325,-5.567036,-0.095155,0.797843,-0.022259,0.594892,4.905597,89.442734,24.324648,0.05206,-0.590169,0.074692,-0.802129,9.373824,54.478657,29.62623,0.029125,0.805417,-0.081099,0.586411,6.74895,10.259896,37.345688,0.000309,0.933337,-0.115047,0.340069,-7.270823,3.482156,-14.643044,0.029125,0.805417,-0.081099,0.586411,19.027185,1.98867,33.749153
1058,8.816667,-0.008095,0.901039,0.032423,0.432449,-0.965276,89.565422,17.077351,-0.000797,0.896609,0.059054,0.438866,-1.291055,97.190155,17.470354,-0.01033,0.89521,0.055459,0.44206,-2.204022,114.212296,19.273657,0.111404,0.942778,-0.079827,0.303952,-3.568323,134.287399,21.09528,0.089444,0.961699,-0.229783,0.119726,1.20197,147.782898,18.403601,-0.012653,0.835453,0.105641,0.539164,-6.247867,128.086334,18.102421,0.285883,-0.41563,0.237361,-0.83017,-14.351532,129.883713,0.597091,0.210794,-0.132284,-0.481786,-0.840208,0.012049,113.136398,-14.099151,0.328301,0.021451,-0.649649,-0.685358,11.712826,130.748413,-24.038815,-0.128669,0.932032,0.091596,0.326145,-1.712296,127.858887,24.005964,0.327809,0.867628,0.04573,-0.371041,12.898246,131.348083,36.240917,0.008524,0.281092,0.510494,-0.812595,26.411295,117.168114,18.377813,0.154106,0.058198,0.667445,-0.726211,18.966585,136.313904,7.57269,0.069117,0.874614,0.158363,0.452984,-6.797699,89.690811,9.809894,0.113861,0.965537,0.010091,0.233821,-5.993202,56.174324,-2.296188,0.000297,0.933308,-0.115025,0.340155,-15.667523,12.385151,-5.566531,-0.095382,0.797797,-0.021783,0.594935,4.867148,89.440033,24.344809,0.052051,-0.590219,0.074596,-0.802102,9.368103,54.477535,29.629162,0.030057,0.805219,-0.079975,0.586791,6.750116,10.257396,37.343086,0.000297,0.933308,-0.115025,0.340155,-7.270117,3.483701,-14.641285,0.030057,0.805219,-0.079975,0.586791,19.031073,1.994792,33.736019
1059,8.825,-0.008077,0.900888,0.032389,0.432766,-1.002584,89.563774,17.093233,-0.00092,0.896485,0.059025,0.439124,-1.328021,97.188545,17.485762,-0.010282,0.895102,0.055393,0.442287,-2.245178,114.216972,19.286749,0.111249,0.942721,-0.079866,0.304175,-3.607042,134.292419,21.106501,0.08938,0.961682,-0.229736,0.120002,1.160462,147.788681,18.41378,-0.013539,0.835217,0.105705,0.539495,-6.286131,128.091614,18.11268,0.286039,-0.41547,0.237029,-0.830291,-14.375058,129.863083,0.597897,0.210836,-0.131843,-0.482098,-0.840087,0.00392,113.127853,-14.097047,0.328364,0.02167,-0.649761,-0.685214,11.696527,130.754135,-24.023052,-0.128422,0.932001,0.091035,0.326488,-1.753532,127.863754,24.01849,0.327834,0.86769,0.046095,-0.37083,12.850809,131.349747,36.261757,0.008803,0.281131,0.510339,-0.812676,26.371319,117.174232,18.400761,0.154001,0.058238,0.667245,-0.726413,18.921202,136.310135,7.587881,0.068861,0.874392,0.158716,0.453329,-6.829891,89.689407,9.821675,0.113826,0.965465,0.010037,0.234136,-5.993001,56.178391,-2.297356,0.000561,0.933303,-0.115063,0.340156,-15.664324,12.388388,-5.565475,-0.095594,0.797631,-0.021313,0.59514,4.824725,89.438148,24.364788,0.052079,-0.590191,0.074466,-0.802133,9.356208,54.477085,29.63249,0.030177,0.80518,-0.079814,0.58686,6.74873,10.255462,37.341488,0.000561,0.933303,-0.115063,0.340156,-7.270935,3.483574,-14.640644,0.030177,0.80518,-0.079814,0.58686,19.030397,1.994316,33.733505
1060,8.833333,-0.00811,0.900715,0.032584,0.43311,-1.035255,89.559639,17.10359,-0.00095,0.896313,0.059054,0.439471,-1.362592,97.184204,17.498463,-0.010439,0.894927,0.055368,0.442642,-2.28182,114.213203,19.299578,0.11079,0.942668,-0.07988,0.304502,-3.649625,134.28862,21.115044,0.089476,0.961644,-0.229621,0.120452,1.107318,147.788101,18.419817,-0.013637,0.834975,0.10554,0.539901,-6.324911,128.086761,18.120041,0.285988,-0.415139,0.237036,-0.830472,-14.396771,129.853409,0.596896,0.210866,-0.13164,-0.482333,-0.839977,-0.003421,113.121704,-14.087993,0.32848,0.02187,-0.649926,-0.684995,11.681327,130.756821,-24.008495,-0.128868,0.931832,0.091724,0.326603,-1.79704,127.860847,24.029551,0.327526,0.867872,0.045763,-0.370716,12.799959,131.352951,36.279827,0.008815,0.281337,0.510053,-0.812784,26.335598,117.18161,18.426985,0.154191,0.058263,0.666974,-0.72662,18.877251,136.309143,7.604705,0.068678,0.874177,0.158938,0.453693,-6.857009,89.686516,9.827607,0.113798,0.965372,0.009972,0.234538,-5.996361,56.178738,-2.298687,0.000511,0.933274,-0.115035,0.340245,-15.665349,12.388057,-5.564628,-0.095838,0.797453,-0.020955,0.595353,4.786499,89.432755,24.379572,0.052146,-0.590256,0.074397,-0.802088,9.345513,54.473949,29.638466,0.029169,0.805437,-0.080613,0.586448,6.747177,10.252028,37.348808,0.000511,0.933274,-0.115035,0.340245,-7.269176,3.484461,-14.638418,0.029169,0.805437,-0.080613,0.586448,19.029856,1.990021,33.74625
1061,8.841667,-0.008331,0.900503,0.032845,0.433528,-1.065417,89.559639,17.115652,-0.00097,0.896118,0.059044,0.43987,-1.397693,97.183891,17.512491,-0.010625,0.894726,0.055368,0.443043,-2.318128,114.211502,19.312431,0.110708,0.942544,-0.079894,0.304911,-3.69348,134.286758,21.123972,0.089391,0.961616,-0.229567,0.120845,1.063192,147.786636,18.43018,-0.01389,0.834708,0.105669,0.540281,-6.3642,128.083725,18.12734,0.286093,-0.414897,0.236976,-0.830574,-14.419884,129.846588,0.596376,0.210976,-0.131369,-0.482497,-0.839898,-0.014365,113.117645,-14.079711,0.328541,0.022136,-0.649979,-0.684907,11.666231,130.759354,-23.993116,-0.129534,0.931657,0.092304,0.326674,-1.841686,127.859917,24.041029,0.327774,0.867812,0.04522,-0.370705,12.746832,131.36763,36.296951,0.009175,0.28156,0.510346,-0.812519,26.274303,117.175232,18.454645,0.154667,0.057566,0.667134,-0.726427,18.834778,136.305084,7.617439,0.068512,0.873984,0.159172,0.454006,-6.880342,89.685211,9.83419,0.113769,0.965273,0.009874,0.234961,-5.99728,56.181122,-2.300666,0.000685,0.933258,-0.114956,0.340315,-15.664434,12.389671,-5.56172,-0.096002,0.79724,-0.020532,0.595626,4.749508,89.434067,24.397114,0.052177,-0.590187,0.07426,-0.802149,9.333989,54.476254,29.640505,0.030166,0.805204,-0.079477,0.586873,6.746428,10.252794,37.345673,0.000685,0.933258,-0.114956,0.340315,-7.26888,3.48631,-14.636312,0.030166,0.805204,-0.079477,0.586873,19.031574,1.998694,33.733414
1062,8.85,-0.007661,0.900356,0.032574,0.433866,-1.116244,89.56916,17.126146,-0.000882,0.895965,0.058961,0.440192,-1.437663,97.19384,17.523584,-0.010898,0.89454,0.055841,0.443353,-2.354572,114.217468,19.321527,0.110992,0.942307,-0.080544,0.30537,-3.748868,134.290375,21.14472,0.089048,0.961611,-0.229391,0.121468,1.022576,147.782684,18.439201,-0.014205,0.834268,0.105544,0.540977,-6.411931,128.086884,18.1422,0.286087,-0.414858,0.236918,-0.830612,-14.438118,129.840057,0.596744,0.210984,-0.13096,-0.482577,-0.839913,-0.029412,113.113892,-14.079393,0.328451,0.022736,-0.649957,-0.684952,11.652045,130.762177,-23.977371,-0.129406,0.931689,0.09211,0.32669,-1.893594,127.863312,24.05909,0.327603,0.867914,0.045068,-0.370635,12.695803,131.368942,36.314552,0.009393,0.281505,0.510246,-0.812598,26.231993,117.179512,18.476505,0.155052,0.057375,0.66744,-0.726079,18.785816,136.305908,7.634556,0.068132,0.873621,0.159346,0.454701,-6.925914,89.70401,9.840657,0.113683,0.9652,0.009946,0.2353,-6.003919,56.200157,-2.291991,0.001157,0.933179,-0.115245,0.340432,-15.661016,12.407064,-5.560803,-0.096401,0.796966,-0.019984,0.595947,4.693426,89.434311,24.411634,0.052268,-0.590171,0.074166,-0.802163,9.321495,54.480392,29.642672,0.029202,0.805415,-0.080504,0.586492,6.74539,10.256526,37.349339,0.001157,0.933179,-0.115245,0.340432,-7.271388,3.492736,-14.630108,0.029202,0.805415,-0.080504,0.586492,19.029123,1.996253,33.746391
1063,8.858333,-0.007888,0.900174,0.032954,0.43421,-1.146996,89.563133,17.132847,-0.001367,0.89584,0.059053,0.440434,-1.474205,97.187386,17.533876,-0.010672,0.894456,0.055849,0.443527,-2.40835,114.219162,19.327988,0.11096,0.942226,-0.080379,0.305674,-3.794975,134.292236,21.155272,0.089,0.961537,-0.229483,0.121914,0.975648,147.786026,18.455696,-0.013965,0.83376,0.105926,0.541691,-6.459532,128.09053,18.150373,0.285931,-0.414432,0.237604,-0.830683,-14.456016,129.862671,0.59326,0.211042,-0.131059,-0.482552,-0.839898,-0.045846,113.115295,-14.057234,0.328551,0.022881,-0.650045,-0.684816,11.638161,130.764954,-23.962313,-0.129359,0.931605,0.092242,0.326911,-1.943415,127.863731,24.068838,0.327449,0.868025,0.04527,-0.370486,12.640863,131.364792,36.331707,0.009734,0.281299,0.510122,-0.812743,26.188219,117.18409,18.49518,0.155526,0.057319,0.667743,-0.725704,18.730988,136.304398,7.651362,0.068047,0.873381,0.159598,0.455087,-6.951033,89.697487,9.84286,0.113691,0.965081,0.009778,0.235791,-6.009994,56.198547,-2.301859,0.001738,0.932967,-0.114595,0.341231,-15.669724,12.405345,-5.561262,-0.096646,0.796731,-0.019611,0.596234,4.65704,89.42878,24.422832,0.052305,-0.590136,0.074096,-0.802193,9.312832,54.477165,29.644657,0.028817,0.805397,-0.080419,0.586548,6.743374,10.252717,37.350185,0.001738,0.932967,-0.114595,0.341231,-7.268116,3.501311,-14.629584,0.028817,0.805397,-0.080419,0.586548,19.033314,2.000238,33.750553
1064,8.866667,-0.008252,0.899954,0.033275,0.434634,-1.170614,89.567116,17.143814,-0.000817,0.895559,0.059027,0.441009,-1.505156,97.190948,17.546677,-0.01131,0.8941,0.055938,0.444216,-2.422591,114.212273,19.346596,0.110444,0.942101,-0.080477,0.306221,-3.835259,134.284363,21.164539,0.08909,0.96149,-0.229394,0.122386,0.924924,147.781067,18.4611,-0.014107,0.833668,0.106134,0.541788,-6.487817,128.078537,18.157532,0.285994,-0.414222,0.237436,-0.830814,-14.48009,129.850891,0.59852,0.211035,-0.1308,-0.482736,-0.839834,-0.056465,113.111053,-14.047339,0.328571,0.022954,-0.650007,-0.684839,11.622058,130.76857,-23.94322,-0.129498,0.931375,0.091901,0.327603,-1.981019,127.859024,24.083368,0.327405,0.86803,0.045334,-0.370505,12.58429,131.365814,36.367123,0.010309,0.281479,0.510197,-0.812627,26.132425,117.188354,18.528622,0.156172,0.057124,0.667853,-0.725479,18.683567,136.300751,7.666039,0.067912,0.87329,0.159784,0.455217,-6.967664,89.69825,9.848212,0.113697,0.965007,0.009712,0.236092,-6.010257,56.202232,-2.303297,0.001845,0.932929,-0.114563,0.341344,-15.670898,12.409028,-5.560037,-0.096743,0.796588,-0.019204,0.596422,4.626435,89.435974,24.439415,0.05231,-0.590318,0.073991,-0.802069,9.303782,54.484581,29.643351,0.029628,0.805154,-0.079603,0.586952,6.74387,10.258791,37.344345,0.001845,0.932929,-0.114563,0.341344,-7.268275,3.504822,-14.62725,0.029628,0.805154,-0.079603,0.586952,19.035351,2.010573,33.740219
1065,8.875,-0.008593,0.899722,0.033525,0.43509,-1.203659,89.560043,17.153486,-0.000885,0.895366,0.058911,0.441416,-1.544756,97.18354,17.557352,-0.011178,0.893909,0.056015,0.444594,-2.463761,114.213158,19.353098,0.110204,0.942001,-0.080426,0.30663,-3.873824,134.285019,21.175587,0.089017,0.961414,-0.229465,0.122904,0.881426,147.783798,18.473837,-0.014283,0.833577,0.106076,0.541935,-6.525159,128.080612,18.164614,0.286257,-0.413882,0.237324,-0.830925,-14.511045,129.84671,0.602067,0.211393,-0.13063,-0.482759,-0.839757,-0.069679,113.109802,-14.029656,0.328734,0.023102,-0.650012,-0.684751,11.610229,130.766479,-23.926979,-0.129543,0.931209,0.091832,0.328078,-2.023322,127.858475,24.094122,0.327391,0.868013,0.045111,-0.370585,12.529485,131.365234,36.392704,0.010834,0.281354,0.510357,-0.812563,26.074997,117.184532,18.554789,0.1572,0.056876,0.668424,-0.72475,18.629883,136.296112,7.684431,0.067723,0.87314,0.160031,0.455444,-6.993223,89.68782,9.85188,0.1136,0.964943,0.009569,0.236409,-6.012757,56.195621,-2.308317,-0.001565,0.933322,-0.114809,0.340186,-15.667096,12.400187,-5.553781,-0.096977,0.796486,-0.018767,0.596534,4.585906,89.432266,24.455093,0.052345,-0.590395,0.073904,-0.802017,9.294295,54.482925,29.644798,0.029616,0.805179,-0.079574,0.586922,6.743188,10.256293,37.343937,-0.001565,0.933322,-0.114809,0.340186,-7.240865,3.521476,-14.624092,0.029616,0.805179,-0.079574,0.586922,19.034813,2.008841,33.738525
1066,8.883333,-0.008171,0.899518,0.033375,0.435531,-1.241481,89.567848,17.158886,-0.001171,0.895115,0.059262,0.441879,-1.57598,97.191605,17.563328,-0.011255,0.893677,0.056013,0.44506,-2.509697,114.21431,19.364399,0.110353,0.941845,-0.080461,0.307046,-3.92344,134.286118,21.184683,0.089024,0.961372,-0.229486,0.123185,0.83787,147.783371,18.485964,-0.014193,0.833558,0.105799,0.542021,-6.571068,128.08136,18.171152,0.286723,-0.413482,0.236925,-0.831078,-14.553449,129.84491,0.606757,0.212265,-0.13012,-0.48272,-0.839639,-0.084475,113.119568,-14.010882,0.329327,0.023306,-0.650608,-0.683894,11.605477,130.774933,-23.908497,-0.129284,0.931091,0.091722,0.328547,-2.075435,127.859833,24.105391,0.327301,0.868168,0.045789,-0.370219,12.468034,131.3564,36.417915,0.011898,0.280898,0.510378,-0.812692,26.03104,117.189598,18.582237,0.158504,0.05641,0.669158,-0.723825,18.576221,136.288315,7.703891,0.067384,0.872945,0.160169,0.455821,-7.024022,89.701775,9.851829,0.113626,0.964947,0.009673,0.236373,-6.012706,56.209446,-2.30549,-0.001266,0.933213,-0.1152,0.340355,-15.667145,12.414721,-5.560213,-0.097229,0.796275,-0.018295,0.59679,4.54106,89.433922,24.465946,0.052418,-0.590638,0.073837,-0.80184,9.282021,54.486824,29.641109,0.029493,0.805159,-0.07966,0.586944,6.741957,10.260007,37.342773,-0.001266,0.933213,-0.1152,0.340355,-7.243726,3.524387,-14.621743,0.029493,0.805159,-0.07966,0.586944,19.034508,2.012722,33.740147
1067,8.891667,-0.008267,0.899293,0.033594,0.435976,-1.27236,89.562134,17.163481,-0.001168,0.894846,0.059509,0.442389,-1.609832,97.185638,17.570131,-0.011561,0.893393,0.056044,0.445617,-2.54843,114.210785,19.37863,0.110387,0.941631,-0.080558,0.307664,-3.974934,134.282166,21.193623,0.088916,0.961309,-0.229472,0.123782,0.790801,147.778183,18.496511,-0.014296,0.833491,0.105618,0.542156,-6.615472,128.0755,18.177776,0.287005,-0.413067,0.236671,-0.831258,-14.592064,129.832535,0.610092,0.212693,-0.129844,-0.48274,-0.839562,-0.098571,113.116196,-13.993576,0.329567,0.023472,-0.650548,-0.683829,11.593964,130.77095,-23.889872,-0.128688,0.93104,0.090961,0.329134,-2.127336,127.857353,24.117811,0.326988,0.868235,0.045475,-0.370378,12.407145,131.339752,36.44495,0.012402,0.280625,0.510527,-0.812686,25.974781,117.180428,18.606865,0.159833,0.055966,0.6703,-0.722508,18.518984,136.280426,7.725557,0.067212,0.872708,0.160361,0.456231,-7.047631,89.696548,9.850681,0.113641,0.964888,0.009566,0.236614,-6.013596,56.206959,-2.312258,-0.001268,0.933135,-0.115006,0.340633,-15.670809,12.41236,-5.56037,-0.097485,0.796174,-0.017917,0.596895,4.50291,89.427711,24.47628,0.05242,-0.590784,0.073748,-0.80174,9.273683,54.483189,29.641474,0.029619,0.805097,-0.079439,0.587053,6.741504,10.255197,37.339008,-0.001268,0.933135,-0.115006,0.340633,-7.240428,3.526837,-14.620146,0.029619,0.805097,-0.079439,0.587053,19.035669,2.010548,33.735851
1068,8.9,-0.008088,0.899052,0.03374,0.436465,-1.310228,89.551987,17.166643,-0.001161,0.894619,0.059532,0.442844,-1.646434,97.175385,17.576309,-0.011648,0.893162,0.056191,0.446059,-2.58627,114.203964,19.385498,0.110219,0.941496,-0.080462,0.308162,-4.01943,134.274597,21.203508,0.088849,0.961226,-0.229539,0.124343,0.743298,147.772507,18.510511,-0.014088,0.833257,0.105609,0.542523,-6.65545,128.067963,18.183645,0.287118,-0.412733,0.236834,-0.831339,-14.616852,129.83316,0.609893,0.212979,-0.129603,-0.48276,-0.839515,-0.112814,113.111237,-13.976886,0.329803,0.023762,-0.650567,-0.683687,11.581892,130.766556,-23.870228,-0.129888,0.930752,0.091683,0.329279,-2.173211,127.849579,24.128122,0.327388,0.868231,0.044947,-0.370098,12.345533,131.364105,36.464684,0.013337,0.280519,0.510748,-0.812569,25.910288,117.175415,18.647755,0.161216,0.055638,0.671036,-0.721543,18.46125,136.271317,7.748322,0.066987,0.872336,0.16069,0.456861,-7.0776,89.690933,9.8477,0.113627,0.964748,0.009266,0.237203,-6.009857,56.206715,-2.327109,-0.001362,0.933151,-0.114911,0.340623,-15.670279,12.411305,-5.5548,-0.097891,0.795999,-0.017499,0.597074,4.457145,89.413033,24.485584,0.052439,-0.590746,0.073732,-0.801769,9.267301,54.473114,29.645348,0.028854,0.80518,-0.079451,0.586975,6.736875,10.2451,37.343323,-0.001362,0.933151,-0.114911,0.340623,-7.238255,3.528847,-14.616055,0.028854,0.80518,-0.079451,0.586975,19.039757,2.0121,33.743305
1069,8.908333,-0.0084,0.898759,0.033979,0.437045,-1.336661,89.548943,17.169003,-0.001424,0.894357,0.059763,0.443343,-1.679011,97.17202,17.579643,-0.011596,0.892921,0.056334,0.446525,-2.631655,114.203453,19.391773,0.110204,0.941353,-0.080309,0.308642,-4.066471,134.273499,21.215096,0.088795,0.961136,-0.229698,0.124788,0.696716,147.772598,18.528975,-0.014512,0.833053,0.105424,0.542861,-6.699425,128.067917,18.190393,0.28675,-0.412232,0.236829,-0.831716,-14.646125,129.817017,0.608383,0.212989,-0.129294,-0.482857,-0.839504,-0.120062,113.106224,-13.96925,0.330034,0.024044,-0.6506,-0.683534,11.570694,130.763214,-23.848814,-0.129966,0.930516,0.09147,0.329972,-2.223366,127.847458,24.139448,0.327602,0.868255,0.045352,-0.369803,12.276895,131.363861,36.497192,0.014146,0.280456,0.510974,-0.812434,25.84577,117.172119,18.685848,0.162244,0.055678,0.671605,-0.72078,18.406372,136.261444,7.771973,0.066812,0.872082,0.160993,0.457264,-7.094508,89.685028,9.84251,0.113709,0.964814,0.009086,0.236901,-6.00012,56.206097,-2.344459,-0.001212,0.933098,-0.114719,0.340831,-15.672461,12.412074,-5.555271,-0.098029,0.795628,-0.017101,0.597557,4.421186,89.412865,24.495493,0.052577,-0.590546,0.073626,-0.801916,9.252951,54.473888,29.64147,0.029148,0.805144,-0.079165,0.587049,6.735574,10.245768,37.343113,-0.001212,0.933098,-0.114719,0.340831,-7.237183,3.532834,-14.616648,0.029148,0.805144,-0.079165,0.587049,19.03821,2.014045,33.739326
1070,8.916667,-0.008296,0.898254,0.034965,0.438005,-1.354441,89.562782,17.147341,-0.001572,0.894043,0.060425,0.443884,-1.702398,97.184845,17.571825,-0.011869,0.892694,0.056496,0.44695,-2.669948,114.19915,19.399805,0.10992,0.941235,-0.079774,0.309243,-4.118411,134.268188,21.22336,0.089054,0.960939,-0.230036,0.125493,0.635581,147.77356,18.552521,-0.014636,0.832732,0.105569,0.543321,-6.744709,128.06131,18.195543,0.286775,-0.411866,0.236984,-0.831845,-14.671919,129.811539,0.604852,0.213133,-0.128962,-0.482905,-0.839492,-0.133738,113.097336,-13.956779,0.330217,0.024223,-0.65056,-0.683478,11.558567,130.757858,-23.826685,-0.130281,0.930324,0.091675,0.330332,-2.274406,127.843002,24.149004,0.32761,0.868298,0.044603,-0.369784,12.213485,131.365891,36.519398,0.014582,0.280481,0.511151,-0.812307,25.782806,117.158295,18.721035,0.163546,0.055481,0.672176,-0.719968,18.351023,136.249329,7.795286,0.066861,0.871637,0.160357,0.458328,-7.096662,89.709343,9.808796,0.113604,0.964421,0.008918,0.238553,-6.011834,56.216301,-2.340219,-0.000843,0.933027,-0.114742,0.341021,-15.67328,12.419855,-5.550741,-0.09825,0.795431,-0.017091,0.597783,4.387779,89.416229,24.485886,0.052681,-0.590708,0.073438,-0.801808,9.230813,54.480316,29.642042,0.030017,0.805029,-0.078834,0.587208,6.734048,10.250675,37.341705,-0.000843,0.933027,-0.114742,0.341021,-7.239456,3.536791,-14.609724,0.030017,0.805029,-0.078834,0.587208,19.030493,2.012259,33.732086
1071,8.925,-0.008503,0.898292,0.034412,0.437966,-1.402755,89.541382,17.169434,-0.001781,0.893813,0.059895,0.444419,-1.749841,97.163979,17.584957,-0.01135,0.892343,0.056935,0.447608,-2.716923,114.182404,19.393213,0.109461,0.941165,-0.079474,0.309695,-4.155927,134.249908,21.240841,0.089045,0.960838,-0.230225,0.125931,0.585474,147.761002,18.576509,-0.014674,0.832633,0.105506,0.543484,-6.781651,128.048569,18.201223,0.286855,-0.41159,0.237017,-0.831944,-14.701965,129.796951,0.607237,0.213124,-0.128993,-0.482722,-0.839594,-0.152555,113.082489,-13.94288,0.329901,0.024398,-0.649839,-0.684309,11.543863,130.732269,-23.80946,-0.130523,0.929917,0.091424,0.331452,-2.319933,127.819809,24.160728,0.327464,0.868424,0.045441,-0.369515,12.136769,131.348633,36.565876,0.016137,0.279984,0.51132,-0.812342,25.721708,117.161346,18.763224,0.165685,0.055101,0.673376,-0.718385,18.286249,136.236618,7.820508,0.066477,0.871737,0.160951,0.457984,-7.145536,89.679916,9.83117,0.113709,0.964231,0.008832,0.239271,-6.021824,56.196831,-2.341726,-0.000393,0.932657,-0.113543,0.342431,-15.691686,12.402403,-5.554282,-0.098486,0.795294,-0.016596,0.59794,4.340025,89.402847,24.507698,0.052731,-0.590779,0.07333,-0.801762,9.216387,54.469055,29.646793,0.029268,0.805162,-0.079147,0.58702,6.730709,10.238468,37.344589,-0.000393,0.932657,-0.113543,0.342431,-7.22814,3.544185,-14.60987,0.029268,0.805162,-0.079147,0.58702,19.031729,2.005223,33.73877
1072,8.933333,-0.008547,0.897746,0.035199,0.439022,-1.417009,89.547882,17.150663,-0.002349,0.893572,0.060997,0.444751,-1.770459,97.169632,17.576277,-0.011574,0.892288,0.056805,0.447729,-2.77286,114.190826,19.409912,0.109936,0.940914,-0.079452,0.310294,-4.217845,134.258728,21.248623,0.088952,0.960676,-0.230488,0.126746,0.53854,147.766266,18.592987,-0.01495,0.832124,0.105323,0.544291,-6.840996,128.055389,18.210861,0.286008,-0.410871,0.237596,-0.832426,-14.726964,129.794571,0.600547,0.21287,-0.128991,-0.482718,-0.839661,-0.160776,113.077888,-13.930218,0.330137,0.024589,-0.649692,-0.684329,11.532344,130.725281,-23.788404,-0.130423,0.929824,0.091551,0.331717,-2.380964,127.83036,24.17177,0.327599,0.868459,0.04485,-0.369387,12.069941,131.352524,36.585564,0.017423,0.279397,0.511714,-0.81227,25.655218,117.146538,18.798082,0.168716,0.054682,0.67445,-0.716702,18.222342,136.220947,7.846312,0.066342,0.871642,0.160643,0.458294,-7.142529,89.692894,9.79905,0.113608,0.964151,0.008714,0.239645,-6.016492,56.201477,-2.350673,-0.001286,0.932989,-0.114476,0.341212,-15.679076,12.404797,-5.554539,-0.098671,0.795332,-0.016601,0.597859,4.308511,89.40287,24.502274,0.052821,-0.590894,0.073143,-0.801688,9.195503,54.471684,29.648972,0.029233,0.805164,-0.079171,0.587016,6.729107,10.239503,37.3438,-0.001286,0.932989,-0.114476,0.341212,-7.233368,3.532299,-14.612804,0.029233,0.805164,-0.079171,0.587016,19.030296,2.006309,33.738441
1073,8.941667,-0.010186,0.89744,0.036131,0.439536,-1.41712,89.517662,17.144199,-0.002758,0.893298,0.061469,0.445233,-1.79955,97.137924,17.57135,-0.011445,0.892049,0.056732,0.448218,-2.823908,114.177895,19.414858,0.10961,0.940796,-0.079237,0.310822,-4.263937,134.246246,21.252504,0.089005,0.960584,-0.23049,0.127398,0.484402,147.757797,18.602825,-0.015167,0.831888,0.10542,0.544628,-6.885964,128.043884,18.211771,0.287422,-0.410981,0.237265,-0.831979,-14.757498,129.779633,0.594658,0.213715,-0.128052,-0.482863,-0.839507,-0.187771,113.050735,-13.918482,0.330453,0.024909,-0.649563,-0.684286,11.519095,130.718155,-23.766989,-0.130555,0.92948,0.091194,0.332724,-2.432421,127.817177,24.177467,0.327617,0.868518,0.044774,-0.369241,11.991239,131.343414,36.621758,0.019849,0.278397,0.512179,-0.812265,25.581635,117.133751,18.841127,0.172556,0.052702,0.675895,-0.714572,18.146,136.192261,7.870655,0.066465,0.871596,0.161015,0.458232,-7.133641,89.64328,9.785229,0.113759,0.963903,0.008037,0.240593,-6.003596,56.16156,-2.390821,-0.002807,0.933193,-0.114067,0.340781,-15.69061,12.366944,-5.548836,-0.098626,0.795342,-0.016665,0.597852,4.299401,89.392052,24.503168,0.052905,-0.591007,0.073068,-0.801607,9.181219,54.460396,29.651609,0.029136,0.805238,-0.078784,0.586971,6.725755,10.22802,37.348824,-0.002807,0.933193,-0.114067,0.340781,-7.229868,3.517874,-14.615983,0.029136,0.805238,-0.078784,0.586971,19.031404,2.004202,33.737278
1074,8.95,-0.009773,0.897268,0.03605,0.439904,-1.474095,89.521805,17.143421,-0.001714,0.892937,0.06121,0.445998,-1.850486,97.142281,17.57209,-0.012156,0.891535,0.057002,0.449187,-2.838072,114.142654,19.418375,0.108549,0.940726,-0.078496,0.311591,-4.310591,134.209091,21.251211,0.089609,0.960394,-0.230671,0.128078,0.407019,147.734222,18.616064,-0.014526,0.831866,0.105793,0.544606,-6.916965,128.002808,18.205027,0.286838,-0.410476,0.237323,-0.832413,-14.790121,129.767029,0.591472,0.21365,-0.127772,-0.482745,-0.839634,-0.199847,113.050499,-13.915279,0.330583,0.025177,-0.649498,-0.684276,11.509338,130.709854,-23.745596,-0.130965,0.92921,0.09065,0.333465,-2.476628,127.782837,24.180809,0.327651,0.868612,0.045253,-0.368931,11.923747,131.326859,36.646988,0.022552,0.276525,0.512754,-0.81247,25.525082,117.122627,18.870378,0.177762,0.050701,0.67693,-0.712458,18.068842,136.174149,7.903301,0.066049,0.871024,0.161263,0.459291,-7.184745,89.653954,9.78001,0.113729,0.963775,0.007934,0.241122,-6.005892,56.174004,-2.396288,-0.00163,0.932922,-0.113666,0.341664,-15.690833,12.378618,-5.549994,-0.099121,0.79527,-0.016236,0.597878,4.236556,89.389648,24.506832,0.052994,-0.591153,0.072939,-0.801505,9.164162,54.463959,29.652092,0.029044,0.805268,-0.078875,0.586923,6.72409,10.230738,37.349339,-0.00163,0.932922,-0.113666,0.341664,-7.226302,3.528518,-14.6126,0.029044,0.805268,-0.078875,0.586923,19.029556,2.006468,33.738209
1075,8.958333,-0.009173,0.897062,0.03585,0.440352,-1.518827,89.534012,17.144924,-0.001918,0.892664,0.061414,0.446516,-1.885861,97.154877,17.574701,-0.012199,0.891257,0.057182,0.449713,-2.883197,114.143082,19.422264,0.108534,0.940543,-0.078139,0.312239,-4.361619,134.208649,21.259928,0.089708,0.960232,-0.230933,0.128751,0.355438,147.736542,18.638083,-0.014328,0.832047,0.105262,0.544437,-6.963222,128.002884,18.208616,0.286406,-0.409487,0.23735,-0.833041,-14.843741,129.761536,0.597788,0.214039,-0.127898,-0.482573,-0.839614,-0.211139,113.060333,-13.883972,0.330861,0.025587,-0.649435,-0.684186,11.500001,130.702469,-23.72257,-0.131469,0.928806,0.091307,0.334214,-2.529942,127.781761,24.189596,0.327659,0.868692,0.044934,-0.368774,11.845934,131.330734,36.682617,0.025168,0.275321,0.513339,-0.812433,25.453096,117.118111,18.91717,0.18272,0.048541,0.677821,-0.710504,17.994694,136.15657,7.934216,0.065672,0.870508,0.161662,0.460184,-7.222333,89.674881,9.776138,0.113745,0.963598,0.007658,0.241832,-5.994265,56.200565,-2.410789,-0.001188,0.932841,-0.114249,0.341693,-15.684299,12.405125,-5.548082,-0.099473,0.795207,-0.015832,0.597914,4.18468,89.393143,24.51371,0.053048,-0.591317,0.072818,-0.801391,9.148995,54.471516,29.651297,0.02923,0.805195,-0.078841,0.587018,6.722039,10.237214,37.346493,-0.001188,0.932841,-0.114249,0.341693,-7.22862,3.537466,-14.601785,0.02923,0.805195,-0.078841,0.587018,19.026434,2.010804,33.73658
1076,8.966667,-0.009423,0.896794,0.036183,0.440866,-1.551162,89.527397,17.141401,-0.002021,0.892369,0.06174,0.44706,-1.924127,97.147827,17.573843,-0.012405,0.89096,0.057239,0.450289,-2.931611,114.14933,19.430725,0.108721,0.940249,-0.078177,0.313049,-4.41966,134.214432,21.265694,0.089565,0.960095,-0.231053,0.129658,0.306176,147.740387,18.649628,-0.014725,0.831626,0.105282,0.545066,-7.015015,128.007614,18.211191,0.28637,-0.409129,0.237576,-0.833165,-14.868548,129.756668,0.587364,0.214214,-0.127419,-0.482574,-0.839643,-0.226149,113.050117,-13.878314,0.330966,0.026363,-0.649191,-0.684338,11.489582,130.694977,-23.70134,-0.131351,0.928638,0.091454,0.334687,-2.589531,127.788315,24.198009,0.328027,0.868695,0.045447,-0.368377,11.77529,131.328613,36.706196,0.027945,0.273626,0.514069,-0.812454,25.385189,117.108063,18.949213,0.187438,0.046436,0.679122,-0.708169,17.919142,136.139343,7.96388,0.065349,0.870425,0.1619,0.460302,-7.246139,89.667206,9.766002,0.113818,0.963403,0.007366,0.24258,-5.988504,56.195377,-2.424738,-0.000984,0.932784,-0.113877,0.341974,-15.688703,12.401041,-5.545869,-0.099753,0.795143,-0.015499,0.59796,4.143815,89.387589,24.516802,0.053114,-0.591453,0.072762,-0.801292,9.137662,54.469193,29.647705,0.028896,0.805166,-0.07887,0.587071,6.719568,10.234782,37.345081,-0.000984,0.932784,-0.113877,0.341974,-7.228058,3.540288,-14.601692,0.028896,0.805166,-0.07887,0.587071,19.028389,2.013042,33.739628
1077,8.975,-0.009575,0.896506,0.036389,0.44143,-1.590646,89.518906,17.139772,-0.002117,0.892121,0.062042,0.447511,-1.967348,97.139069,17.573772,-0.012618,0.890734,0.057297,0.450723,-2.983547,114.143013,19.438276,0.109303,0.939924,-0.078271,0.313799,-4.481217,134.207626,21.270708,0.08917,0.960042,-0.230965,0.130476,0.263968,147.728302,18.662277,-0.014655,0.831298,0.105011,0.545621,-7.071106,127.999649,18.213938,0.286441,-0.408683,0.237663,-0.833335,-14.901257,129.747696,0.579613,0.214532,-0.12693,-0.482559,-0.839644,-0.241694,113.040436,-13.867833,0.331241,0.026758,-0.64914,-0.684238,11.480624,130.687943,-23.678806,-0.131568,0.928323,0.0912,0.335543,-2.651528,127.782372,24.205187,0.327778,0.868869,0.044747,-0.368273,11.688835,131.329163,36.739563,0.029914,0.272877,0.514443,-0.812399,25.311455,117.103134,18.996708,0.191165,0.044633,0.680704,-0.705767,17.844492,136.122787,7.993081,0.064976,0.870186,0.162341,0.460651,-7.276296,89.658302,9.757175,0.113918,0.963192,0.006954,0.243383,-5.975884,56.193195,-2.447517,-0.000996,0.932712,-0.113794,0.342197,-15.691015,12.400365,-5.543221,-0.10013,0.795121,-0.015086,0.597937,4.095005,89.379509,24.522367,0.05316,-0.591621,0.072702,-0.80117,9.127707,54.465591,29.645771,0.028694,0.805173,-0.078896,0.587068,6.717988,10.230845,37.343807,-0.000996,0.932712,-0.113794,0.342197,-7.225031,3.541903,-14.596292,0.028694,0.805173,-0.078896,0.587068,19.029057,2.011721,33.740074
1078,8.983333,-0.009856,0.896231,0.036607,0.441964,-1.625367,89.507317,17.136425,-0.00217,0.891819,0.062248,0.448084,-2.00765,97.127151,17.571281,-0.01275,0.890419,0.057445,0.451323,-3.030018,114.13324,19.440916,0.109122,0.939703,-0.078372,0.314496,-4.536376,134.197021,21.275244,0.089263,0.959925,-0.230914,0.131359,0.207901,147.718002,18.666822,-0.01517,0.830579,0.105583,0.546589,-7.120179,127.988853,18.213724,0.286083,-0.408335,0.238197,-0.833476,-14.908749,129.736755,0.56098,0.214395,-0.126378,-0.482748,-0.839654,-0.247566,113.017143,-13.870528,0.331644,0.027138,-0.648999,-0.684161,11.473183,130.679337,-23.659086,-0.131799,0.92812,0.091351,0.335973,-2.70871,127.771759,24.210953,0.328083,0.868826,0.044845,-0.368091,11.618102,131.322327,36.75975,0.031194,0.272127,0.514896,-0.812315,25.237209,117.084465,19.023701,0.193475,0.043936,0.681641,-0.704274,17.772783,136.10434,8.018011,0.064626,0.870081,0.162652,0.46079,-7.302116,89.644226,9.746935,0.113971,0.962804,0.006494,0.244902,-5.967674,56.183086,-2.464951,-0.001063,0.932719,-0.113438,0.342294,-15.692636,12.390793,-5.537306,-0.100488,0.795089,-0.014712,0.597929,4.051383,89.370407,24.525915,0.053159,-0.59177,0.072649,-0.801065,9.120098,54.4608,29.643217,0.028616,0.805134,-0.078834,0.587133,6.715503,10.225362,37.33889,-0.001063,0.932719,-0.113438,0.342294,-7.221732,3.541254,-14.594501,0.028616,0.805134,-0.078834,0.587133,19.028788,2.008777,33.736919
1079,8.991667,-0.010155,0.895959,0.036944,0.442482,-1.659055,89.4935,17.129347,-0.002267,0.891519,0.062465,0.44865,-2.047961,97.112862,17.566566,-0.012852,0.890104,0.057664,0.451913,-3.077916,114.119316,19.440811,0.108883,0.939523,-0.07817,0.315168,-4.593163,134.181976,21.280123,0.089444,0.959775,-0.231012,0.13216,0.146035,147.706146,18.678984,-0.0153,0.830284,0.105516,0.547047,-7.170868,127.974045,18.212975,0.287282,-0.408451,0.237814,-0.833116,-14.939872,129.71843,0.55126,0.215259,-0.125285,-0.482734,-0.839604,-0.27405,112.992538,-13.868262,0.332033,0.027511,-0.648985,-0.683971,11.467435,130.669861,-23.639038,-0.131906,0.927898,0.091393,0.33653,-2.767374,127.756271,24.216036,0.328007,0.868894,0.044385,-0.368056,11.543829,131.307037,36.782581,0.032121,0.271778,0.515293,-0.812144,25.166958,117.062439,19.055029,0.195634,0.043115,0.68275,-0.702653,17.711792,136.08432,8.040522,0.064341,0.869725,0.163215,0.461302,-7.327158,89.628601,9.733189,0.114059,0.962546,0.005902,0.245886,-5.948935,56.177914,-2.502455,-0.000882,0.932675,-0.113225,0.342485,-15.691364,12.386757,-5.535416,-0.100814,0.795007,-0.014408,0.597991,4.009047,89.358398,24.525505,0.053203,-0.59198,0.072601,-0.800911,9.108546,54.452854,29.639881,0.0283,0.805105,-0.07875,0.5872,6.711802,10.217208,37.336807,-0.000882,0.932675,-0.113225,0.342485,-7.217918,3.540595,-14.593532,0.0283,0.805105,-0.07875,0.5872,19.030485,2.007324,33.738033
1080,9.0,-0.01048,0.89564,0.037076,0.443107,-1.697279,89.48291,17.126907,-0.002483,0.891234,0.062638,0.449191,-2.091825,97.10202,17.563448,-0.012851,0.889841,0.057704,0.452425,-3.13218,114.10762,19.439003,0.108764,0.939377,-0.077666,0.315766,-4.649179,134.170105,21.278893,0.089693,0.959609,-0.231251,0.132772,0.085239,147.699005,18.693678,-0.015286,0.829961,0.10561,0.54752,-7.223471,127.962563,18.208065,0.287345,-0.407926,0.237988,-0.833301,-14.972448,129.711487,0.537997,0.21562,-0.124839,-0.482682,-0.839608,-0.288294,112.982193,-13.858909,0.332335,0.02793,-0.648874,-0.683913,11.460135,130.659027,-23.619329,-0.13153,0.92758,0.090512,0.337792,-2.82688,127.744019,24.216162,0.328227,0.86897,0.045517,-0.367541,11.4552,131.286697,36.818077,0.033444,0.271561,0.515877,-0.811792,25.090775,117.051506,19.092529,0.197484,0.042603,0.683452,-0.701483,17.658783,136.068939,8.059088,0.063966,0.869438,0.163765,0.4617,-7.354937,89.614166,9.722683,0.114184,0.9624,0.005457,0.246412,-5.929421,56.172882,-2.533238,-0.000813,0.93263,-0.113142,0.342636,-15.690785,12.383842,-5.535745,-0.101195,0.794843,-0.01392,0.598156,3.960378,89.351654,24.531132,0.053294,-0.592021,0.072579,-0.800876,9.100923,54.450596,29.635075,0.028369,0.805115,-0.078659,0.587195,6.710963,10.215529,37.33746,-0.000813,0.93263,-0.113142,0.342636,-7.214688,3.539112,-14.592785,0.028369,0.805115,-0.078659,0.587195,19.029608,2.006426,33.736748
1081,9.008333,-0.011003,0.895511,0.037029,0.44336,-1.738074,89.464714,17.130575,-0.002468,0.890968,0.062716,0.449707,-2.139585,97.083702,17.562809,-0.012961,0.889514,0.057849,0.453046,-3.181975,114.092651,19.440767,0.108599,0.939176,-0.077458,0.316473,-4.706848,134.154343,21.282764,0.089852,0.959451,-0.231391,0.13356,0.024526,147.685898,18.705906,-0.015285,0.829626,0.105617,0.548026,-7.275172,127.946785,18.206995,0.287237,-0.407441,0.238155,-0.833528,-15.002671,129.698151,0.527769,0.215866,-0.124412,-0.482651,-0.839626,-0.301754,112.968376,-13.851454,0.332639,0.028378,-0.648762,-0.683852,11.453383,130.647751,-23.600746,-0.131618,0.927373,0.09064,0.338291,-2.887002,127.728119,24.221239,0.328314,0.86894,0.045326,-0.367558,11.381123,131.269485,36.839317,0.034267,0.271102,0.516535,-0.811494,25.012987,117.027115,19.116678,0.19969,0.041949,0.684754,-0.699625,17.599928,136.05513,8.082061,0.063587,0.869176,0.16457,0.46196,-7.391348,89.587036,9.722852,0.114087,0.962241,0.004698,0.247093,-5.911635,56.16114,-2.568554,-0.000727,0.932848,-0.112486,0.34226,-15.679528,12.369424,-5.510136,-0.101533,0.794662,-0.0135,0.598348,3.9152,89.342384,24.538296,0.053367,-0.591976,0.072536,-0.800909,9.091345,54.445404,29.63409,0.027388,0.805331,-0.079488,0.586834,6.707963,10.210485,37.339325,-0.000727,0.932848,-0.112486,0.34226,-7.209191,3.538475,-14.58599,0.027388,0.805331,-0.079488,0.586834,19.027494,1.999556,33.745823
1082,9.016667,-0.012164,0.894987,0.038245,0.444283,-1.747628,89.444542,17.107443,-0.001907,0.890517,0.063196,0.450534,-2.1737,97.061722,17.547985,-0.013863,0.889031,0.05789,0.453961,-3.207705,114.061607,19.447443,0.108512,0.938906,-0.077046,0.317404,-4.767627,134.122116,21.27276,0.090047,0.959343,-0.231347,0.134277,-0.038033,147.657303,18.711748,-0.01506,0.829396,0.106294,0.548249,-7.319662,127.908562,18.195572,0.286789,-0.40662,0.238358,-0.834025,-15.03795,129.682587,0.514588,0.216228,-0.123816,-0.482788,-0.839542,-0.306773,112.959686,-13.841631,0.333401,0.028797,-0.649373,-0.682883,11.453147,130.652634,-23.580023,-0.131942,0.926917,0.090324,0.339497,-2.944207,127.700676,24.219452,0.328413,0.869028,0.046076,-0.367167,11.288926,131.251266,36.874397,0.036023,0.270207,0.517173,-0.81131,24.932581,117.016495,19.154743,0.202832,0.041173,0.68647,-0.697082,17.530151,136.037125,8.116689,0.063437,0.869036,0.164782,0.462167,-7.385124,89.558342,9.687572,0.114312,0.962039,0.004046,0.247783,-5.886069,56.136059,-2.611349,-0.000948,0.932852,-0.111868,0.34245,-15.685576,12.34844,-5.508573,-0.101744,0.793987,-0.013234,0.599214,3.889867,89.330742,24.527311,0.053501,-0.591869,0.072541,-0.800978,9.083569,54.436302,29.622654,0.028261,0.805105,-0.078158,0.587281,6.706017,10.202726,37.337399,-0.000948,0.932852,-0.111868,0.34245,-7.204746,3.534038,-14.590708,0.028261,0.805105,-0.078158,0.587281,19.031599,2.005602,33.73317
1083,9.025,-0.012583,0.89462,0.038607,0.444978,-1.782191,89.433517,17.098478,-0.003911,0.890284,0.063759,0.450903,-2.2168,97.050117,17.540779,-0.012113,0.888998,0.058247,0.454029,-3.322875,114.069412,19.428383,0.108814,0.938731,-0.077386,0.317733,-4.826623,134.130096,21.298515,0.089925,0.959149,-0.231666,0.135194,-0.084801,147.660233,18.73345,-0.015689,0.828653,0.105822,0.549445,-7.39619,127.930557,18.207645,0.286457,-0.406087,0.238854,-0.834257,-15.062868,129.679688,0.501741,0.216315,-0.123562,-0.482692,-0.839612,-0.321241,112.947174,-13.832529,0.333655,0.029103,-0.649295,-0.68282,11.446307,130.640549,-23.562605,-0.131706,0.926909,0.090749,0.339498,-3.020989,127.697029,24.23077,0.328399,0.869072,0.046138,-0.367069,11.214531,131.233475,36.88699,0.037054,0.269356,0.51776,-0.811172,24.862486,116.999542,19.169968,0.205141,0.040222,0.688429,-0.694525,17.46501,136.032486,8.136979,0.063166,0.868641,0.165283,0.462768,-7.407977,89.5439,9.669672,0.114419,0.961851,0.003526,0.248471,-5.866776,56.130974,-2.649418,-0.001122,0.932798,-0.11189,0.34259,-15.684984,12.34521,-5.511028,-0.102081,0.793629,-0.0128,0.59964,3.843596,89.323135,24.527283,0.053656,-0.59181,0.072477,-0.801018,9.071929,54.432796,29.615259,0.028456,0.80512,-0.078039,0.587267,6.706748,10.199886,37.337608,-0.001122,0.932798,-0.11189,0.34259,-7.198802,3.532134,-14.58945,0.028456,0.80512,-0.078039,0.587267,19.03088,2.002125,33.729866
1084,9.033333,-0.011984,0.894319,0.03843,0.445615,-1.834835,89.436485,17.090038,-0.0041,0.889869,0.063904,0.4517,-2.260365,97.053513,17.533695,-0.012181,0.888558,0.05844,0.454864,-3.374961,114.054047,19.419779,0.108715,0.938445,-0.077164,0.318665,-4.886437,134.113739,21.294159,0.09002,0.958971,-0.231778,0.136198,-0.145123,147.646088,18.739864,-0.015664,0.82836,0.105842,0.549883,-7.448867,127.914772,18.196253,0.285403,-0.405008,0.239347,-0.835001,-15.096934,129.667145,0.482625,0.216146,-0.123554,-0.48263,-0.839693,-0.321403,112.942421,-13.825824,0.333967,0.029682,-0.648702,-0.683206,11.441442,130.624741,-23.545315,-0.13207,0.926458,0.091272,0.340444,-3.084995,127.680016,24.227541,0.328809,0.868963,0.046683,-0.366892,11.121887,131.217041,36.915741,0.038637,0.268502,0.519197,-0.810462,24.762465,116.976295,19.198515,0.208991,0.038463,0.689494,-0.692417,17.414627,136.023407,8.168535,0.062653,0.868084,0.16571,0.46373,-7.450329,89.555908,9.65359,0.114477,0.961762,0.003176,0.248794,-5.849381,56.148445,-2.672697,-0.000798,0.932764,-0.112263,0.342561,-15.679443,12.363669,-5.508656,-0.102523,0.793322,-0.01224,0.599983,3.780658,89.317062,24.526489,0.053879,-0.59191,0.071729,-0.800996,9.055364,54.432167,29.603941,0.026244,0.804728,-0.079457,0.587716,6.756499,10.191711,37.303097,-0.000798,0.932764,-0.112263,0.342561,-7.200514,3.53887,-14.582469,0.026244,0.804728,-0.079457,0.587716,19.099279,2.000135,33.745403
1085,9.041667,-0.012275,0.89396,0.038773,0.446298,-1.871781,89.42041,17.076817,-0.004078,0.889571,0.06418,0.452247,-2.303968,97.036934,17.522835,-0.012323,0.888275,0.058625,0.455388,-3.423314,114.036179,19.416914,0.108685,0.938285,-0.076802,0.319233,-4.94437,134.094864,21.294378,0.090317,0.958824,-0.231954,0.136739,-0.204508,147.630142,18.752886,-0.015887,0.827799,0.106215,0.55065,-7.500815,127.895714,18.191885,0.285255,-0.404608,0.239645,-0.83516,-15.115913,129.652359,0.464474,0.216332,-0.12296,-0.482715,-0.839683,-0.330792,112.921631,-13.827036,0.334692,0.029519,-0.648906,-0.682664,11.434945,130.611847,-23.528152,-0.132177,0.926141,0.091309,0.341256,-3.144095,127.661087,24.22835,0.328778,0.868926,0.047024,-0.366962,11.040233,131.196945,36.942089,0.039547,0.267998,0.5199,-0.810134,24.679123,116.965034,19.216459,0.21111,0.037669,0.690742,-0.690572,17.351637,136.022919,8.184786,0.062365,0.867658,0.166177,0.464398,-7.475778,89.538406,9.631676,0.11463,0.961508,0.002591,0.24971,-5.83175,56.139435,-2.711933,0.000987,0.932331,-0.1109,0.344178,-15.685275,12.357503,-5.51014,-0.102903,0.792992,-0.011788,0.600363,3.732215,89.302422,24.521959,0.054035,-0.59199,0.071745,-0.800925,9.04505,54.422318,29.592566,0.026029,0.804806,-0.079412,0.587625,6.754189,10.183573,37.303913,0.000987,0.932331,-0.1109,0.344178,-7.190584,3.548783,-14.584833,0.026029,0.804806,-0.079412,0.587625,19.099203,1.996222,33.744225
1086,9.05,-0.01346,0.893566,0.039626,0.446977,-1.890015,89.385399,17.062443,-0.003547,0.889145,0.064534,0.453039,-2.344547,97.000435,17.511663,-0.013322,0.887772,0.058655,0.456337,-3.456409,114.021233,19.426325,0.108723,0.937994,-0.076481,0.320151,-5.015851,134.078735,21.284788,0.090819,0.958661,-0.232063,0.137358,-0.273824,147.615997,18.7579,-0.015991,0.827543,0.106511,0.550974,-7.554717,127.872849,18.181335,0.286489,-0.404554,0.239226,-0.834884,-15.15581,129.633987,0.44837,0.217391,-0.121862,-0.482659,-0.839602,-0.357731,112.899658,-13.825491,0.335308,0.029739,-0.649005,-0.682258,11.428261,130.598633,-23.510603,-0.131983,0.925863,0.090999,0.342165,-3.211265,127.650299,24.227808,0.328904,0.868923,0.04751,-0.366794,10.950975,131.178696,36.968208,0.040996,0.267131,0.5209,-0.809706,24.592056,116.950081,19.241617,0.214279,0.036065,0.692061,-0.688357,17.291636,136.018082,8.21141,0.062107,0.867342,0.166874,0.464773,-7.482143,89.491348,9.608206,0.114879,0.961256,0.00176,0.250572,-5.793262,56.106644,-2.767906,-0.000418,0.93266,-0.11109,0.343228,-15.684259,12.329536,-5.508694,-0.103161,0.792771,-0.011541,0.600615,3.702112,89.279457,24.516682,0.054108,-0.592282,0.0718,-0.8007,9.038276,54.402733,29.586073,0.026706,0.804745,-0.078105,0.587854,6.750245,10.165421,37.306446,-0.000418,0.93266,-0.11109,0.343228,-7.190473,3.528856,-14.592025,0.026706,0.804745,-0.078105,0.587854,19.10136,1.994237,33.730835
1087,9.058333,-0.013234,0.893189,0.039577,0.44774,-1.940913,89.382576,17.053526,-0.003588,0.888791,0.064724,0.453706,-2.392395,96.997765,17.503233,-0.013455,0.887429,0.058832,0.456977,-3.50896,114.003326,19.420546,0.108691,0.937764,-0.076356,0.320865,-5.077794,134.059845,21.28175,0.091086,0.95852,-0.23207,0.138152,-0.334645,147.598099,18.762325,-0.016102,0.827192,0.106687,0.551463,-7.610057,127.853897,18.173037,0.286295,-0.403967,0.239575,-0.835135,-15.19013,129.617447,0.43131,0.217434,-0.121682,-0.48251,-0.839702,-0.375752,112.877571,-13.819128,0.335337,0.029982,-0.648509,-0.682705,11.415472,130.56929,-23.494349,-0.132195,0.925537,0.091148,0.342924,-3.275371,127.631271,24.225796,0.329188,0.868955,0.048388,-0.366348,10.864552,131.160919,36.990612,0.042424,0.266234,0.521844,-0.80932,24.513062,116.934608,19.267897,0.217312,0.034567,0.692626,-0.686914,17.237965,136.007935,8.242578,0.061596,0.866867,0.167216,0.465603,-7.520431,89.492538,9.589899,0.114919,0.961093,0.00144,0.251181,-5.776645,56.111454,-2.788375,-5.2e-05,0.932647,-0.111258,0.343209,-15.676519,12.335065,-5.508684,-0.103671,0.79252,-0.010949,0.60087,3.638605,89.272614,24.517151,0.054218,-0.59251,0.071792,-0.800524,9.026859,54.402454,29.576571,0.026502,0.80479,-0.078224,0.587786,6.747499,10.166109,37.305046,-5.2e-05,0.932647,-0.111258,0.343209,-7.189296,3.52697,-14.590971,0.026502,0.80479,-0.078224,0.587786,19.099375,1.995663,33.73037
1088,9.066667,-0.01378,0.893132,0.039393,0.447854,-1.989412,89.354149,17.0578,-0.003633,0.888523,0.064639,0.454242,-2.447153,96.96933,17.501207,-0.013336,0.887082,0.05883,0.457653,-3.565761,113.988258,19.416056,0.108285,0.937653,-0.075671,0.321489,-5.13169,134.044922,21.278179,0.091602,0.958318,-0.232348,0.138746,-0.402435,147.59137,18.776859,-0.016191,0.826947,0.10683,0.551801,-7.661045,127.840187,18.164652,0.286357,-0.403479,0.239522,-0.835364,-15.22657,129.605499,0.41689,0.218229,-0.120698,-0.482488,-0.839651,-0.389953,112.871124,-13.816871,0.336417,0.030726,-0.648659,-0.681998,11.416631,130.571106,-23.473459,-0.132292,0.925292,0.091347,0.343496,-3.335518,127.615356,24.223879,0.329431,0.868811,0.048553,-0.36645,10.788199,131.142578,37.007301,0.043438,0.265255,0.522966,-0.808863,24.424261,116.911079,19.279167,0.219894,0.032891,0.6944,-0.684378,17.177345,136.01033,8.266276,0.061071,0.866597,0.168182,0.465828,-7.566758,89.45359,9.592402,0.115096,0.960892,0.000875,0.25187,-5.754569,56.091034,-2.825913,-0.000294,0.932621,-0.110851,0.343411,-15.680346,12.318188,-5.508461,-0.104044,0.792328,-0.010395,0.601068,3.587933,89.254715,24.523199,0.054311,-0.592647,0.07181,-0.800414,9.019393,54.389236,29.568663,0.026386,0.804775,-0.077961,0.587846,6.74505,10.154036,37.305172,-0.000294,0.932621,-0.110851,0.343411,-7.183196,3.522022,-14.593023,0.026386,0.804775,-0.077961,0.587846,19.10144,1.990818,33.729565
1089,9.075,-0.014268,0.892487,0.040455,0.44903,-2.004357,89.349937,17.025488,-0.00473,0.888164,0.065482,0.454812,-2.47662,96.963615,17.479397,-0.012943,0.886911,0.058989,0.457975,-3.643257,113.981339,19.402287,0.108394,0.937492,-0.075505,0.321962,-5.19875,134.037659,21.276814,0.092064,0.958147,-0.232444,0.139461,-0.466062,147.584457,18.783861,-0.016709,0.82642,0.107031,0.552535,-7.729614,127.836502,18.157412,0.285872,-0.402699,0.24003,-0.835761,-15.263057,129.592911,0.395127,0.218055,-0.120652,-0.482345,-0.839785,-0.406028,112.85318,-13.81101,0.336231,0.031243,-0.64786,-0.682825,11.403119,130.545425,-23.457592,-0.131948,0.925041,0.091118,0.344365,-3.408319,127.605072,24.21941,0.32947,0.868861,0.049389,-0.366184,10.695763,131.118652,37.028236,0.044722,0.2642,0.523926,-0.808517,24.340776,116.900024,19.296677,0.222703,0.031265,0.696054,-0.681861,17.115614,136.010666,8.296014,0.06095,0.866226,0.167985,0.466603,-7.56179,89.451172,9.54528,0.115187,0.960687,0.000408,0.252613,-5.737824,56.082821,-2.855752,-0.000256,0.932618,-0.110677,0.343473,-15.679932,12.311813,-5.507671,-0.10446,0.792019,-0.010063,0.60141,3.553077,89.248703,24.505695,0.054475,-0.592296,0.071871,-0.800657,9.019749,54.388927,29.552534,0.026208,0.804817,-0.078232,0.587761,6.74648,10.156107,37.302959,-0.000256,0.932618,-0.110677,0.343473,-7.1811,3.519353,-14.594248,0.026208,0.804817,-0.078232,0.587761,19.101711,1.990108,33.72971
1090,9.083333,-0.014915,0.892353,0.040319,0.449286,-2.056474,89.319519,17.022188,-0.004423,0.887846,0.065419,0.455445,-2.536751,96.933067,17.469648,-0.013195,0.886483,0.05919,0.45877,-3.695527,113.9673,19.396397,0.108469,0.937227,-0.075315,0.322751,-5.265412,134.0224,21.272009,0.092418,0.957994,-0.232507,0.140167,-0.529085,147.569901,18.789745,-0.016275,0.826135,0.10701,0.552978,-7.78718,127.820465,18.146772,0.285928,-0.402303,0.240244,-0.835871,-15.302211,129.592331,0.378226,0.218458,-0.120101,-0.482016,-0.839948,-0.433698,112.846542,-13.808745,0.336483,0.031651,-0.647586,-0.682942,11.397106,130.53389,-23.440882,-0.131857,0.92474,0.09095,0.345251,-3.476846,127.590202,24.216612,0.329637,0.868849,0.049815,-0.366004,10.604486,131.098099,37.052006,0.045726,0.263448,0.525004,-0.808007,24.250624,116.879738,19.321091,0.225343,0.029552,0.697088,-0.680011,17.059624,136.007278,8.328395,0.060081,0.865923,0.168888,0.466952,-7.609257,89.409073,9.53838,0.115105,0.960722,-0.000209,0.252517,-5.696043,56.054924,-2.887376,-0.000253,0.933062,-0.109816,0.342543,-15.645448,12.28221,-5.483161,-0.104864,0.791598,-0.0095,0.601902,3.496309,89.229958,24.505997,0.054638,-0.592318,0.071846,-0.800633,9.006416,54.375423,29.541767,0.026065,0.804821,-0.077918,0.587804,6.743871,10.143885,37.302628,-0.000253,0.933062,-0.109816,0.342543,-7.161829,3.508515,-14.602036,0.026065,0.804821,-0.077918,0.587804,19.104242,1.986551,33.727367
1091,9.091667,-0.014791,0.891975,0.040579,0.450016,-2.106788,89.310722,17.005213,-0.004599,0.887497,0.064996,0.456184,-2.587516,96.924011,17.456676,-0.012908,0.8861,0.059823,0.459437,-3.745874,113.948891,19.36562,0.108293,0.937082,-0.074957,0.323312,-5.318624,134.001251,21.267948,0.092764,0.957861,-0.232554,0.140765,-0.587659,147.552673,18.796953,-0.016173,0.825999,0.107085,0.553169,-7.835728,127.803848,18.129993,0.285894,-0.401747,0.240241,-0.836151,-15.342699,129.581482,0.358617,0.219098,-0.119229,-0.481873,-0.839988,-0.450419,112.841415,-13.810153,0.337223,0.03217,-0.647863,-0.68229,11.39909,130.533081,-23.423264,-0.132489,0.924263,0.091471,0.346146,-3.5344,127.564796,24.205879,0.329935,0.868791,0.050597,-0.365767,10.516483,131.082748,37.071846,0.047118,0.262389,0.526052,-0.807589,24.161434,116.866234,19.338539,0.22785,0.027633,0.698767,-0.67753,16.995869,136.007919,8.354591,0.059642,0.865512,0.169048,0.467712,-7.647407,89.405182,9.512453,0.115083,0.960402,-0.000588,0.253741,-5.690898,56.051136,-2.906835,-7.5e-05,0.933039,-0.109674,0.342651,-15.643764,12.27799,-5.482062,-0.105451,0.791426,-0.00897,0.602033,3.43383,89.216263,24.497971,0.054733,-0.592508,0.07187,-0.800483,8.998466,54.369831,29.529858,0.027334,0.804686,-0.077294,0.588013,6.74119,10.139534,37.299339,-7.5e-05,0.933039,-0.109674,0.342651,-7.159677,3.505972,-14.602113,0.027334,0.804686,-0.077294,0.588013,19.093695,1.975178,33.712929
1092,9.1,-0.015146,0.891588,0.040974,0.450736,-2.13697,89.296577,16.98381,-0.004716,0.887178,0.065884,0.456675,-2.625626,96.90921,17.437801,-0.013473,0.885846,0.059619,0.459936,-3.802592,113.931229,19.371323,0.108516,0.936792,-0.074717,0.324134,-5.392848,133.983963,21.254978,0.093095,0.957686,-0.232577,0.141699,-0.654648,147.535355,18.797615,-0.015747,0.825664,0.106799,0.553737,-7.9015,127.782021,18.119223,0.286164,-0.401329,0.240212,-0.836268,-15.384647,129.569702,0.338808,0.219405,-0.11879,-0.481579,-0.840138,-0.473833,112.830055,-13.810942,0.337191,0.032512,-0.647028,-0.683081,11.388782,130.508987,-23.407518,-0.132443,0.923958,0.09133,0.347015,-3.607234,127.551338,24.200424,0.330124,0.868692,0.050906,-0.365788,10.420774,131.064896,37.092533,0.048089,0.261678,0.52727,-0.806969,24.058285,116.847443,19.354252,0.230187,0.025885,0.700711,-0.674795,16.93401,136.011795,8.376649,0.05967,0.865134,0.1693,0.468316,-7.665303,89.389099,9.481957,0.115465,0.960244,-0.000907,0.254164,-5.693196,56.041359,-2.951788,0.002606,0.932236,-0.109334,0.344927,-15.684718,12.276175,-5.512559,-0.105861,0.791258,-0.008656,0.602187,3.391363,89.204063,24.485662,0.054816,-0.592745,0.071903,-0.800299,8.991213,54.363411,29.51852,0.027057,0.804707,-0.077489,0.587972,6.738358,10.13436,37.296368,0.002606,0.932236,-0.109334,0.344927,-7.18907,3.48881,-14.607037,0.027057,0.804707,-0.077489,0.587972,19.092064,1.970328,33.713352
1093,9.108333,-0.015443,0.891184,0.041334,0.451492,-2.172787,89.284012,16.963205,-0.004915,0.886718,0.066233,0.457516,-2.668352,96.896057,17.419628,-0.013411,0.885382,0.059813,0.460805,-3.859311,113.925316,19.360456,0.108485,0.936568,-0.074123,0.324925,-5.452817,133.977188,21.250599,0.093514,0.957475,-0.232914,0.142298,-0.717298,147.533173,18.813557,-0.015869,0.82534,0.107278,0.554124,-7.955472,127.776802,18.106983,0.285822,-0.400755,0.240715,-0.836515,-15.421873,129.572662,0.320356,0.219747,-0.118336,-0.481234,-0.840311,-0.499496,112.823486,-13.805923,0.33767,0.032951,-0.64689,-0.682954,11.385027,130.497559,-23.390879,-0.132276,0.923702,0.090991,0.347847,-3.673094,127.543114,24.196447,0.330446,0.868601,0.051326,-0.365654,10.334231,131.05098,37.112564,0.049051,0.260938,0.528321,-0.806463,23.965645,116.828072,19.373972,0.232429,0.024347,0.701872,-0.672875,16.874537,136.01033,8.403744,0.058881,0.864895,0.169619,0.468743,-7.688242,89.375328,9.451865,0.115364,0.960381,-0.001293,0.253689,-5.65067,56.028652,-2.974163,0.003353,0.932649,-0.109283,0.343821,-15.643612,12.261441,-5.494401,-0.106293,0.791108,-0.008269,0.602314,3.342669,89.192703,24.474543,0.054898,-0.592747,0.071879,-0.800294,8.982307,54.358124,29.505032,0.027076,0.804599,-0.07741,0.588128,6.735589,10.129574,37.287514,0.003353,0.932649,-0.109283,0.343821,-7.181897,3.466977,-14.613617,0.027076,0.804599,-0.07741,0.588128,19.091335,1.966988,33.708256
1094,9.116667,-0.015947,0.890735,0.041846,0.452312,-2.208035,89.271194,16.942062,-0.005013,0.886349,0.066631,0.458171,-2.714418,96.882339,17.401501,-0.013528,0.885043,0.059984,0.46143,-3.915962,113.908211,19.351786,0.10878,0.93625,-0.07413,0.325742,-5.518182,133.959122,21.244713,0.093541,0.957348,-0.232858,0.143218,-0.77148,147.512604,18.815508,-0.015869,0.824936,0.107452,0.554691,-8.014479,127.758789,18.095955,0.285725,-0.40031,0.240851,-0.836722,-15.456501,129.560989,0.299758,0.220091,-0.117647,-0.481081,-0.840405,-0.518702,112.811951,-13.810357,0.338172,0.033448,-0.646578,-0.682977,11.379681,130.486389,-23.374504,-0.132292,0.923401,0.09081,0.348688,-3.740744,127.524826,24.191477,0.330685,0.868539,0.052003,-0.36549,10.243708,131.031219,37.132751,0.050129,0.260085,0.529398,-0.805966,23.873108,116.811081,19.390387,0.235048,0.022906,0.702992,-0.670842,16.814735,136.008987,8.429927,0.058394,0.865215,0.169401,0.46829,-7.709383,89.359215,9.420349,0.115359,0.960171,-0.001473,0.254483,-5.655857,56.003201,-2.977958,0.002952,0.932675,-0.108692,0.343941,-15.650427,12.235936,-5.490784,-0.106706,0.790929,-0.007969,0.60248,3.293313,89.183167,24.463778,0.055036,-0.592995,0.071842,-0.800104,8.967649,54.354507,29.496172,0.027079,0.804586,-0.077384,0.58815,6.733368,10.126838,37.287243,0.002952,0.932675,-0.108692,0.343941,-7.177216,3.459056,-14.61626,0.027079,0.804586,-0.077384,0.58815,19.089537,1.964764,33.708286
1095,9.125,-0.016222,0.89038,0.042308,0.452958,-2.239054,89.25824,16.918512,-0.005291,0.885946,0.067073,0.458882,-2.7527,96.868668,17.381943,-0.01371,0.884636,0.06024,0.462171,-3.971449,113.895676,19.340649,0.108804,0.936007,-0.073858,0.326494,-5.586528,133.94516,21.237928,0.094015,0.957166,-0.232972,0.143937,-0.838478,147.500336,18.820862,-0.015986,0.824603,0.107512,0.555172,-8.074482,127.74472,18.082735,0.285073,-0.399624,0.241261,-0.837154,-15.495697,129.546677,0.27782,0.220186,-0.117108,-0.480885,-0.840567,-0.539249,112.798119,-13.813123,0.338638,0.033962,-0.646354,-0.682932,11.375368,130.475754,-23.358307,-0.13291,0.922931,0.091521,0.34951,-3.811015,127.510666,24.185442,0.330945,0.868568,0.05279,-0.365072,10.144856,131.024246,37.155598,0.051285,0.259361,0.530368,-0.805488,23.781307,116.805687,19.417389,0.237555,0.021727,0.704211,-0.668717,16.753832,136.014175,8.460008,0.058198,0.864211,0.170297,0.469842,-7.729328,89.346214,9.388707,0.115599,0.959842,-0.002509,0.255605,-5.610777,56.010258,-3.052562,0.004197,0.93247,-0.108415,0.344569,-15.646616,12.248346,-5.493117,-0.107101,0.790707,-0.007702,0.602705,3.251221,89.170273,24.448317,0.055176,-0.59312,0.071874,-0.799999,8.957519,54.347343,29.484278,0.027059,0.804574,-0.07722,0.588188,6.729693,10.121483,37.287472,0.004197,0.93247,-0.108415,0.344569,-7.176467,3.466636,-14.616799,0.027059,0.804574,-0.07722,0.588188,19.088034,1.963101,33.707573
1096,9.133333,-0.016408,0.89003,0.042589,0.453612,-2.272979,89.244713,16.897181,-0.005226,0.885558,0.067397,0.459584,-2.791442,96.854675,17.362762,-0.014068,0.884212,0.060625,0.462922,-4.014504,113.874908,19.330704,0.108639,0.935801,-0.073569,0.327203,-5.651171,133.922104,21.233603,0.094513,0.956999,-0.233044,0.144605,-0.907048,147.48053,18.82704,-0.016158,0.824358,0.107804,0.555473,-8.12794,127.720749,18.07144,0.284981,-0.399195,0.241131,-0.837428,-15.535963,129.524902,0.261255,0.220457,-0.116436,-0.480725,-0.840681,-0.558014,112.787056,-13.819586,0.338871,0.034529,-0.646017,-0.683108,11.370048,130.464828,-23.342606,-0.133096,0.922524,0.091262,0.350579,-3.874964,127.487991,24.181513,0.331138,0.868579,0.053628,-0.364749,10.05001,131.005844,37.183674,0.051983,0.258952,0.531269,-0.804981,23.692205,116.793564,19.444857,0.239503,0.020795,0.704553,-0.66769,16.70013,136.01355,8.490827,0.057713,0.864063,0.170491,0.470104,-7.752097,89.332596,9.359253,0.115721,0.959793,-0.002851,0.255731,-5.59336,55.997341,-3.076956,0.003286,0.9326,-0.108691,0.34414,-15.647143,12.238148,-5.492208,-0.10751,0.790533,-0.007469,0.602863,3.206138,89.156822,24.435108,0.055254,-0.593128,0.071841,-0.799991,8.944061,54.339897,29.476574,0.026984,0.804541,-0.076934,0.588274,6.722868,10.114387,37.2836,0.003286,0.9326,-0.108691,0.34414,-7.174505,3.458297,-14.61536,0.026984,0.804541,-0.076934,0.588274,19.085672,1.963086,33.703003
1097,9.141667,-0.01691,0.889571,0.043026,0.454452,-2.307359,89.235947,16.876347,-0.005092,0.885067,0.067803,0.460471,-2.836118,96.845085,17.343872,-0.014376,0.883703,0.06065,0.463879,-4.063442,113.862946,19.324934,0.108347,0.935499,-0.073308,0.328221,-5.713612,133.909653,21.221188,0.09492,0.956764,-0.233182,0.145671,-0.975272,147.471954,18.825073,-0.016437,0.824176,0.108084,0.555681,-8.180539,127.70668,18.054527,0.285093,-0.39875,0.241007,-0.837638,-15.579283,129.508957,0.240295,0.220887,-0.115678,-0.480561,-0.840767,-0.579326,112.778328,-13.825673,0.339225,0.035109,-0.645581,-0.683315,11.36387,130.45636,-23.326965,-0.133414,0.922159,0.091536,0.351346,-3.940901,127.476822,24.173971,0.331335,0.868588,0.054432,-0.364431,9.959912,130.997711,37.201149,0.053476,0.257607,0.532168,-0.804721,23.607491,116.790771,19.462181,0.242283,0.019327,0.706921,-0.66422,16.627222,136.02417,8.521972,0.057235,0.86368,0.170946,0.470701,-7.771944,89.320015,9.32783,0.115919,0.960123,-0.003141,0.254394,-5.559661,55.991917,-3.118167,0.003596,0.93256,-0.108666,0.344253,-15.640219,12.236979,-5.498842,-0.107856,0.790268,-0.007096,0.603153,3.157224,89.151886,24.424862,0.055495,-0.593188,0.071822,-0.799931,8.928479,54.339874,29.462311,0.027039,0.80456,-0.076973,0.588241,6.722203,10.116508,37.285717,0.003596,0.93256,-0.108666,0.344253,-7.169499,3.454871,-14.621611,0.027039,0.80456,-0.076973,0.588241,19.083637,1.963521,33.704205
1098,9.15,-0.017184,0.889143,0.043326,0.455251,-2.34325,89.22374,16.854612,-0.00582,0.884713,0.068217,0.46108,-2.87822,96.832344,17.323812,-0.01424,0.883421,0.06087,0.464392,-4.135882,113.85186,19.305437,0.108523,0.935169,-0.073399,0.32908,-5.786416,133.897644,21.211096,0.095188,0.956558,-0.2331,0.146968,-1.039162,147.457672,18.819723,-0.016343,0.823791,0.108065,0.556259,-8.250269,127.696678,18.038113,0.285233,-0.398164,0.241124,-0.837834,-15.624207,129.504211,0.214131,0.221468,-0.115119,-0.480341,-0.840816,-0.602506,112.771736,-13.826421,0.339366,0.036209,-0.645299,-0.683454,11.35328,130.440002,-23.314159,-0.133072,0.921799,0.091792,0.352352,-4.017672,127.462982,24.162283,0.330993,0.8688,0.055337,-0.3641,9.859247,130.962738,37.220581,0.053273,0.257686,0.532865,-0.804248,23.531635,116.784409,19.47784,0.243527,0.018575,0.706158,-0.664598,16.586634,136.037308,8.541946,0.056789,0.863355,0.171307,0.471219,-7.794119,89.306595,9.296176,0.116081,0.959948,-0.003674,0.254974,-5.534619,55.983681,-3.155214,0.003581,0.932541,-0.108575,0.344333,-15.639729,12.232455,-5.499691,-0.108268,0.789965,-0.006663,0.603481,3.10762,89.140892,24.41305,0.055715,-0.593078,0.071859,-0.799994,8.918238,54.334808,29.446152,0.02615,0.804734,-0.077956,0.587913,6.720094,10.114116,37.286938,0.003581,0.932541,-0.108575,0.344333,-7.166599,3.452678,-14.622461,0.02615,0.804734,-0.077956,0.587913,19.080118,1.95476,33.715092
1099,9.158333,-0.017068,0.888778,0.043694,0.455931,-2.389542,89.214409,16.828619,-0.005952,0.884308,0.068651,0.461792,-2.925854,96.822578,17.303209,-0.014387,0.88301,0.061209,0.465123,-4.193878,113.811584,19.291508,0.107826,0.935143,-0.072724,0.329533,-5.857571,133.85553,21.205053,0.096246,0.956346,-0.23332,0.147313,-1.132689,147.425797,18.827517,-0.016249,0.823359,0.108659,0.556784,-8.313007,127.655045,18.024635,0.285075,-0.397592,0.241029,-0.838188,-15.664413,129.480835,0.193208,0.221692,-0.114474,-0.480351,-0.84084,-0.616129,112.760071,-13.832806,0.339715,0.036724,-0.645015,-0.683521,11.345892,130.434296,-23.300266,-0.133521,0.921505,0.090998,0.353156,-4.090594,127.420189,24.155788,0.330585,0.869015,0.055451,-0.36394,9.759702,130.942474,37.236279,0.053621,0.257349,0.533448,-0.803946,23.452557,116.780869,19.495964,0.245434,0.017192,0.706489,-0.663581,16.527813,136.046097,8.56539,0.056264,0.862931,0.171482,0.471994,-7.828938,89.302979,9.261986,0.116162,0.959603,-0.004165,0.256225,-5.5201,55.980118,-3.180495,0.003562,0.932539,-0.108531,0.344354,-15.640359,12.230942,-5.497709,-0.108848,0.789828,-0.006203,0.603561,3.049854,89.125839,24.395252,0.055867,-0.593052,0.071926,-0.799997,8.911827,54.328323,29.428022,0.026054,0.804696,-0.077973,0.587967,6.716818,10.110021,37.283188,0.003562,0.932539,-0.108531,0.344354,-7.166281,3.45237,-14.62076,0.026054,0.804696,-0.077973,0.587967,19.078415,1.951882,33.714005
1100,9.166667,-0.01743,0.888316,0.04404,0.456784,-2.428396,89.193153,16.802559,-0.006163,0.883957,0.068965,0.462413,-2.972503,96.800667,17.278793,-0.0143,0.882707,0.061497,0.465663,-4.25391,113.796219,19.273245,0.107749,0.934973,-0.072375,0.330119,-5.921111,133.838837,21.19763,0.09666,0.956175,-0.233426,0.147979,-1.198955,147.41217,18.832226,-0.0167,0.823064,0.108435,0.557252,-8.37231,127.640244,18.010246,0.284996,-0.397139,0.240759,-0.838506,-15.702966,129.44899,0.16854,0.221855,-0.11361,-0.480413,-0.840878,-0.628705,112.744629,-13.849148,0.33996,0.037257,-0.644798,-0.683575,11.338541,130.428558,-23.286264,-0.133819,0.921126,0.091189,0.353984,-4.157346,127.401695,24.146381,0.330699,0.868915,0.055841,-0.364015,9.667179,130.927109,37.253273,0.054292,0.256553,0.534457,-0.803485,23.353142,116.769753,19.504236,0.24784,0.015789,0.707067,-0.662105,16.458679,136.057388,8.588449,0.055837,0.862755,0.17162,0.472316,-7.853043,89.27951,9.225317,0.116278,0.959886,-0.004497,0.255102,-5.508662,55.956604,-3.210389,0.003438,0.932538,-0.107861,0.344568,-15.649082,12.21011,-5.489768,-0.109408,0.789628,-0.005769,0.603725,2.996251,89.106796,24.379799,0.055999,-0.593407,0.072037,-0.799714,8.906791,54.317619,29.413431,0.025984,0.804776,-0.077716,0.587895,6.71441,10.10209,37.284878,0.003438,0.932538,-0.107861,0.344568,-7.165066,3.448433,-14.619824,0.025984,0.804776,-0.077716,0.587895,19.07859,1.950234,33.710285
1101,9.175,-0.017806,0.887943,0.044401,0.457459,-2.460964,89.179802,16.779217,-0.006072,0.883546,0.069456,0.463126,-3.013041,96.786621,17.257292,-0.014894,0.882267,0.061644,0.466458,-4.301378,113.783875,19.267441,0.107705,0.934702,-0.072022,0.330977,-5.994226,133.825058,21.184332,0.097181,0.955976,-0.233526,0.148769,-1.272878,147.401154,18.833202,-0.016505,0.822498,0.109165,0.55795,-8.432606,127.623093,17.993685,0.28413,-0.396327,0.241663,-0.838924,-15.73334,129.457123,0.142294,0.221795,-0.113353,-0.480281,-0.841004,-0.648059,112.737717,-13.845557,0.340372,0.037786,-0.644705,-0.683429,11.330573,130.426208,-23.272694,-0.133893,0.920844,0.091498,0.354608,-4.228942,127.390503,24.137794,0.330244,0.86913,0.056082,-0.363877,9.57769,130.910629,37.264946,0.055165,0.25532,0.53507,-0.803411,23.284939,116.774712,19.515251,0.251641,0.014618,0.70743,-0.660307,16.389885,136.080963,8.620385,0.055332,0.862618,0.171793,0.472563,-7.873868,89.263695,9.193557,0.116454,0.959782,-0.004848,0.25541,-5.489062,55.941017,-3.235073,0.003336,0.932518,-0.107606,0.344702,-15.6517,12.198487,-5.491449,-0.109859,0.789259,-0.005281,0.604131,2.951939,89.095909,24.364876,0.056089,-0.593726,0.072186,-0.799458,8.905854,54.313393,29.393438,0.025849,0.80469,-0.077764,0.588012,6.710874,10.100714,37.280155,0.003336,0.932518,-0.107606,0.344702,-7.162012,3.443801,-14.622935,0.025849,0.80469,-0.077764,0.588012,19.077429,1.95011,33.710938
1102,9.183333,-0.018314,0.887243,0.045555,0.458682,-2.472109,89.18232,16.739542,-0.006568,0.883007,0.070085,0.464052,-3.039801,96.787277,17.228889,-0.014956,0.881801,0.062105,0.467276,-4.355159,113.779381,19.248495,0.107646,0.93447,-0.071787,0.331699,-6.060698,133.818192,21.178976,0.097607,0.955801,-0.233654,0.149409,-1.340061,147.396271,18.837997,-0.017212,0.822244,0.109091,0.558316,-8.490279,127.61779,17.97858,0.282581,-0.395258,0.242285,-0.839772,-15.774241,129.429382,0.118053,0.221336,-0.113044,-0.480333,-0.841137,-0.660029,112.719978,-13.850496,0.340768,0.038362,-0.644654,-0.683247,11.323014,130.424286,-23.259136,-0.134885,0.920328,0.092459,0.355322,-4.298026,127.381943,24.130356,0.330164,0.869358,0.056355,-0.363363,9.478623,130.919022,37.284424,0.056391,0.254866,0.535588,-0.803124,23.208471,116.78653,19.549484,0.254489,0.012811,0.706595,-0.660148,16.331047,136.084198,8.647344,0.05516,0.862412,0.17147,0.473077,-7.863782,89.268913,9.138807,0.116525,0.959058,-0.005452,0.258069,-5.472182,55.936981,-3.263657,0.00341,0.932478,-0.107581,0.344818,-15.648612,12.196508,-5.497682,-0.110228,0.789084,-0.005009,0.604294,2.919565,89.095718,24.340275,0.056174,-0.593969,0.072303,-0.799261,8.904526,54.318798,29.370647,0.026033,0.804508,-0.077883,0.588237,6.70817,10.108495,37.270283,0.00341,0.932478,-0.107581,0.344818,-7.157382,3.44183,-14.62774,0.026033,0.804508,-0.077883,0.588237,19.073502,1.952749,33.708576
1103,9.191667,-0.018733,0.887164,0.045452,0.458829,-2.524043,89.152786,16.736395,-0.006709,0.882779,0.069804,0.464524,-3.096784,96.757645,17.221308,-0.015097,0.881481,0.062384,0.467838,-4.413997,113.763664,19.230976,0.1074,0.934335,-0.07125,0.332276,-6.131059,133.800903,21.167595,0.098207,0.955625,-0.233719,0.150038,-1.419314,147.38472,18.841991,-0.016532,0.821673,0.109718,0.559054,-8.553694,127.600739,17.961464,0.283523,-0.395046,0.242242,-0.839567,-15.806602,129.451096,0.092274,0.222305,-0.112267,-0.480141,-0.841095,-0.682411,112.729683,-13.851086,0.341168,0.038977,-0.644606,-0.683058,11.31382,130.423187,-23.245958,-0.134577,0.920018,0.093015,0.356095,-4.369323,127.364227,24.118578,0.329423,0.869694,0.057006,-0.36313,9.389232,130.87825,37.297737,0.056998,0.253994,0.53587,-0.803169,23.153984,116.785858,19.55794,0.256662,0.010616,0.706096,-0.65988,16.268652,136.094101,8.669756,0.054549,0.861965,0.172437,0.47361,-7.91292,89.23172,9.133593,0.116763,0.959047,-0.006145,0.257987,-5.442847,55.918724,-3.304346,0.003202,0.932531,-0.107041,0.344846,-15.655719,12.183964,-5.483275,-0.110759,0.78903,-0.004321,0.604273,2.864835,89.073853,24.339195,0.056221,-0.594277,0.072473,-0.799013,8.908883,54.30484,29.353607,0.026555,0.804299,-0.076674,0.588659,6.706021,10.097218,37.26643,0.003202,0.932531,-0.107041,0.344846,-7.158031,3.443772,-14.621204,0.026555,0.804299,-0.076674,0.588659,19.080372,1.95831,33.697544
1104,9.2,-0.019155,0.886725,0.045972,0.459607,-2.56164,89.136932,16.712177,-0.007224,0.882263,0.06976,0.465503,-3.144169,96.740822,17.200655,-0.014582,0.88093,0.063086,0.468796,-4.477561,113.734726,19.197893,0.107062,0.934155,-0.071033,0.332937,-6.191662,133.769012,21.167297,0.098519,0.955499,-0.23371,0.150652,-1.488071,147.356766,18.848225,-0.01667,0.821488,0.109112,0.559442,-8.609678,127.575562,17.944769,0.283429,-0.39454,0.241742,-0.83998,-15.845606,129.410141,0.067072,0.222534,-0.111239,-0.480433,-0.841004,-0.687429,112.71524,-13.871171,0.341674,0.039587,-0.644609,-0.682767,11.304619,130.424988,-23.231951,-0.135027,0.919586,0.092919,0.357066,-4.438457,127.326355,24.1103,0.328906,0.870029,0.058007,-0.362636,9.288581,130.85199,37.319191,0.057919,0.253387,0.536184,-0.803086,23.09038,116.795387,19.579786,0.25867,0.008778,0.705764,-0.659477,16.20713,136.101868,8.692724,0.054138,0.861221,0.173154,0.474747,-7.936884,89.214172,9.099714,0.116947,0.958652,-0.00689,0.259351,-5.400432,55.915642,-3.363568,0.003441,0.932495,-0.107251,0.344876,-15.643157,12.185627,-5.497108,-0.111378,0.789124,-0.003778,0.604039,2.813604,89.0597,24.324638,0.056269,-0.594557,0.072694,-0.798781,8.916637,54.300171,29.333344,0.026459,0.804257,-0.076645,0.588724,6.703376,10.095927,37.262138,0.003441,0.932495,-0.107251,0.344876,-7.149388,3.438322,-14.631873,0.026459,0.804257,-0.076645,0.588724,19.079823,1.95917,33.69561
1105,9.208333,-0.019612,0.886372,0.046249,0.46024,-2.595013,89.121773,16.693935,-0.007228,0.881953,0.069994,0.466055,-3.186013,96.724998,17.182524,-0.015186,0.880595,0.063429,0.469361,-4.525152,113.726028,19.186865,0.10684,0.933964,-0.070835,0.333585,-6.26846,133.757858,21.155813,0.099137,0.955327,-0.23365,0.151425,-1.569855,147.348541,18.843843,-0.016946,0.821081,0.109408,0.559972,-8.67385,127.561508,17.929377,0.283491,-0.393985,0.241587,-0.840264,-15.886394,129.39624,0.042248,0.222907,-0.11046,-0.480509,-0.840965,-0.701049,112.711647,-13.878732,0.342079,0.040098,-0.644562,-0.682579,11.29548,130.429291,-23.217665,-0.135218,0.919355,0.092973,0.357573,-4.510781,127.317238,24.100611,0.328531,0.870305,0.057684,-0.362365,9.200212,130.845886,37.325348,0.05826,0.253224,0.536307,-0.803031,23.025492,116.794731,19.599916,0.259959,0.007324,0.705346,-0.659435,16.145086,136.099289,8.711657,0.053719,0.860369,0.174141,0.475977,-7.959077,89.194511,9.073546,0.117226,0.958406,-0.007813,0.260107,-5.344967,55.91721,-3.430316,0.002393,0.93274,-0.108416,0.343856,-15.631166,12.194282,-5.49901,-0.111816,0.789104,-0.003225,0.603988,2.769052,89.049026,24.314323,0.056348,-0.594896,0.072882,-0.798506,8.920402,54.296196,29.310349,0.026307,0.804185,-0.076725,0.588819,6.701338,10.095209,37.25565,0.002393,0.93274,-0.108416,0.343856,-7.15024,3.42902,-14.628488,0.026307,0.804185,-0.076725,0.588819,19.079845,1.959285,33.694374
1106,9.216667,-0.019848,0.885941,0.046728,0.461011,-2.634253,89.101311,16.668758,-0.007289,0.881637,0.070522,0.466572,-3.232241,96.703712,17.161627,-0.015591,0.880329,0.063419,0.469847,-4.582592,113.69883,19.179695,0.10741,0.933604,-0.070705,0.334436,-6.34122,133.730179,21.139639,0.098832,0.955264,-0.233433,0.152358,-1.625457,147.317383,18.84211,-0.017337,0.820616,0.109832,0.560559,-8.738834,127.531158,17.912579,0.283367,-0.393502,0.24122,-0.840638,-15.925399,129.365463,0.014952,0.223194,-0.109391,-0.480667,-0.840938,-0.710464,112.702309,-13.899403,0.3426,0.040648,-0.644763,-0.682095,11.290841,130.436569,-23.205038,-0.135537,0.919058,0.092863,0.358243,-4.582762,127.29174,24.088717,0.328033,0.870623,0.057821,-0.362031,9.106291,130.8293,37.333786,0.058461,0.252962,0.536507,-0.802965,22.961756,116.797173,19.616852,0.261036,0.005888,0.705367,-0.659001,16.084681,136.107254,8.732807,0.053179,0.860578,0.173863,0.475762,-7.984911,89.175079,9.038961,0.117271,0.958439,-0.007977,0.259957,-5.350545,55.886745,-3.431237,0.001766,0.932808,-0.107579,0.343938,-15.644759,12.165016,-5.485178,-0.112433,0.788993,-0.002727,0.604021,2.716405,89.027534,24.298557,0.056411,-0.595211,0.073089,-0.798248,8.923049,54.284359,29.293383,0.025279,0.80433,-0.07751,0.588563,6.695868,10.086724,37.255062,0.001766,0.932808,-0.107579,0.343938,-7.14864,3.425177,-14.6249,0.025279,0.80433,-0.07751,0.588563,19.077257,1.950752,33.703938
1107,9.225,-0.020271,0.885502,0.047194,0.461787,-2.674895,89.081078,16.643547,-0.007168,0.881213,0.070566,0.467367,-3.282317,96.682564,17.139181,-0.015895,0.879859,0.063776,0.470667,-4.631371,113.675262,19.159048,0.10734,0.933335,-0.070296,0.335296,-6.409388,133.704407,21.12417,0.099046,0.955131,-0.233327,0.153209,-1.695741,147.294937,18.842142,-0.017237,0.820261,0.110338,0.560981,-8.795988,127.504883,17.889891,0.283196,-0.392865,0.241362,-0.840952,-15.964341,129.355377,-0.013368,0.223338,-0.108817,-0.480664,-0.840976,-0.726514,112.694992,-13.905935,0.342687,0.041327,-0.644527,-0.682234,11.279013,130.432663,-23.191032,-0.135661,0.918759,0.093268,0.358859,-4.651539,127.266075,24.073856,0.327419,0.87095,0.058099,-0.361756,9.019099,130.79863,37.339268,0.058308,0.252655,0.536626,-0.802993,22.906445,116.793648,19.625813,0.261918,0.004571,0.704777,-0.659293,16.027065,136.11438,8.754756,0.052313,0.860096,0.174792,0.476388,-8.011887,89.152718,9.004164,0.117767,0.958302,-0.008606,0.260218,-5.283278,55.880981,-3.490044,0.00358,0.932457,-0.106866,0.345096,-15.633663,12.170664,-5.50423,-0.113062,0.788965,-0.002138,0.603943,2.662097,89.009438,24.282928,0.056507,-0.595512,0.073317,-0.797996,8.929226,54.276161,29.271061,0.024867,0.804414,-0.077484,0.58847,6.693933,10.08251,37.252525,0.00358,0.932457,-0.106866,0.345096,-7.135121,3.43117,-14.64203,0.024867,0.804414,-0.077484,0.58847,19.079781,1.953501,33.701
1108,9.233333,-0.020346,0.88489,0.048273,0.462846,-2.704338,89.072739,16.599007,-0.007543,0.880772,0.071246,0.46809,-3.320978,96.6726,17.107941,-0.01597,0.879513,0.063988,0.471283,-4.693225,113.653267,19.140068,0.107584,0.933011,-0.070291,0.336119,-6.479335,133.681213,21.109985,0.09894,0.955059,-0.232997,0.154223,-1.756072,147.26973,18.835714,-0.01786,0.819837,0.110518,0.561546,-8.859718,127.482246,17.870071,0.283157,-0.392371,0.240843,-0.841345,-16.00264,129.31958,-0.044706,0.223486,-0.107597,-0.480928,-0.840943,-0.730932,112.685585,-13.931717,0.343191,0.041585,-0.644511,-0.68198,11.277762,130.448868,-23.176933,-0.135792,0.918422,0.093393,0.359637,-4.723947,127.242264,24.059803,0.326767,0.871314,0.058386,-0.361424,8.923653,130.773193,37.349342,0.058176,0.252481,0.536764,-0.802966,22.846357,116.796539,19.641275,0.262649,0.003089,0.704304,-0.659516,15.969496,136.124435,8.779555,0.051737,0.859518,0.174994,0.47742,-8.023027,89.153618,8.946961,0.118034,0.958655,-0.008967,0.258784,-5.237277,55.882633,-3.536644,0.003941,0.932446,-0.10702,0.345072,-15.62167,12.17854,-5.510478,-0.113743,0.788774,-0.001698,0.604066,2.614351,88.991859,24.251053,0.056643,-0.595591,0.073571,-0.797904,8.937177,54.26947,29.244713,0.025096,0.804244,-0.077079,0.588744,6.691983,10.080544,37.249557,0.003941,0.932446,-0.10702,0.345072,-7.129637,3.432019,-14.647605,0.025096,0.804244,-0.077079,0.588744,19.081455,1.956413,33.699505
1109,9.241667,-0.020945,0.884497,0.04894,0.4635,-2.738804,89.04847,16.573399,-0.008229,0.880258,0.071505,0.469005,-3.368629,96.646957,17.086605,-0.015535,0.878984,0.064495,0.472214,-4.767855,113.625511,19.11396,0.107118,0.93284,-0.070182,0.336763,-6.550229,133.651382,21.108244,0.099527,0.95492,-0.232855,0.154922,-1.83762,147.243973,18.836292,-0.017959,0.819309,0.110614,0.562294,-8.926328,127.457901,17.854742,0.283147,-0.391913,0.240646,-0.841618,-16.036554,129.29776,-0.07278,0.223703,-0.10666,-0.481061,-0.840928,-0.740805,112.676117,-13.948129,0.343404,0.04237,-0.644443,-0.681888,11.269895,130.450912,-23.161676,-0.136522,0.918079,0.09443,0.359965,-4.803446,127.207626,24.052658,0.326254,0.87159,0.058557,-0.361193,8.827308,130.74704,37.357224,0.057986,0.252281,0.537033,-0.802862,22.776581,116.791824,19.65316,0.26324,0.00182,0.704517,-0.659058,15.906504,136.135559,8.800961,0.051209,0.859146,0.175481,0.477966,-8.045743,89.125969,8.913162,0.118207,0.95803,-0.009953,0.260974,-5.202876,55.863274,-3.579646,-0.000486,0.932957,-0.107166,0.343666,-15.620515,12.164548,-5.496345,-0.114325,0.788534,-0.001061,0.604271,2.568135,88.97097,24.233633,0.056752,-0.595657,0.07386,-0.79782,8.949114,54.257919,29.218208,0.025698,0.804031,-0.075871,0.589166,6.689942,10.073951,37.246429,-0.000486,0.932957,-0.107166,0.343666,-7.09576,3.455579,-14.638871,0.025698,0.804031,-0.075871,0.589166,19.087393,1.965361,33.688717
1110,9.25,-0.021388,0.884133,0.049585,0.464104,-2.773596,89.02433,16.547852,-0.008198,0.879956,0.071772,0.469531,-3.41433,96.621559,17.066172,-0.015995,0.878679,0.064549,0.472759,-4.820004,113.621773,19.103951,0.107449,0.932595,-0.06964,0.337447,-6.620974,133.646774,21.090218,0.099864,0.954783,-0.232907,0.155468,-1.901893,147.240753,18.840145,-0.018322,0.818836,0.110766,0.562941,-8.987882,127.45047,17.835382,0.282972,-0.391403,0.240731,-0.84189,-16.069386,129.285248,-0.104025,0.223889,-0.105783,-0.481096,-0.84097,-0.754598,112.66761,-13.963172,0.343649,0.043168,-0.644404,-0.681751,11.263701,130.453674,-23.147379,-0.136452,0.917841,0.095047,0.360438,-4.87288,127.205254,24.038734,0.325971,0.87186,0.058992,-0.360726,8.745407,130.730576,37.359795,0.057913,0.251997,0.537157,-0.802874,22.722361,116.790688,19.665497,0.263728,0.000777,0.704125,-0.659284,15.851966,136.140396,8.82558,0.050618,0.85876,0.176224,0.47845,-8.069743,89.100792,8.880142,0.118515,0.957823,-0.010757,0.261559,-5.157869,55.852425,-3.634912,-0.000448,0.932935,-0.106968,0.343787,-15.619267,12.161753,-5.495999,-0.114903,0.788453,-0.000563,0.604268,2.522552,88.947868,24.215561,0.056845,-0.595827,0.074095,-0.797665,8.956806,54.244198,29.197002,0.025208,0.804054,-0.075698,0.589179,6.687587,10.064298,37.244789,-0.000448,0.932935,-0.106968,0.343787,-7.09146,3.45713,-14.639815,0.025208,0.804054,-0.075698,0.589179,19.092855,1.967008,33.688599
1111,9.258333,-0.021504,0.88382,0.049775,0.464675,-2.823012,88.994682,16.527954,-0.008375,0.879584,0.071793,0.470221,-3.466985,96.591553,17.0476,-0.01598,0.878275,0.064874,0.473466,-4.880296,113.595558,19.082544,0.107424,0.932372,-0.069377,0.338126,-6.688546,133.618881,21.079124,0.100067,0.95469,-0.232744,0.156154,-1.96985,147.214813,18.840017,-0.017455,0.819004,0.110329,0.562811,-9.048944,127.424255,17.816389,0.282755,-0.390534,0.24055,-0.842418,-16.137341,129.276306,-0.118525,0.224498,-0.10536,-0.480733,-0.841069,-0.781916,112.677597,-13.955352,0.343906,0.043914,-0.644381,-0.681596,11.258426,130.455276,-23.13447,-0.135885,0.917623,0.09386,0.361515,-4.943893,127.175758,24.026203,0.325283,0.872208,0.059443,-0.360432,8.650266,130.692429,37.37418,0.057553,0.252051,0.537258,-0.802815,22.662201,116.786018,19.681198,0.264048,-2.4e-05,0.703873,-0.659425,15.79734,136.14418,8.847449,0.049987,0.857936,0.177402,0.479558,-8.109173,89.071548,8.853357,0.118833,0.957556,-0.011746,0.262349,-5.101563,55.848358,-3.705836,-0.000257,0.932904,-0.107088,0.343835,-15.611617,12.166479,-5.497936,-0.115602,0.788346,0.000286,0.604274,2.463148,88.917816,24.202549,0.057019,-0.595776,0.074457,-0.797657,8.972399,54.225624,29.166466,0.02491,0.804097,-0.075489,0.589159,6.686366,10.052336,37.245697,-0.000257,0.932904,-0.107088,0.343835,-7.086143,3.45729,-14.639585,0.02491,0.804097,-0.075489,0.589159,19.09708,1.96401,33.68808
1112,9.266667,-0.021673,0.883462,0.050079,0.465315,-2.866715,88.973412,16.504406,-0.008468,0.879205,0.071947,0.470905,-3.5155,96.569702,17.026461,-0.016163,0.877872,0.065167,0.474166,-4.935188,113.566711,19.062664,0.107447,0.932056,-0.069542,0.338954,-6.757114,133.588257,21.064619,0.100056,0.954609,-0.232375,0.157203,-2.033107,147.182541,18.826672,-0.017625,0.818395,0.110805,0.563596,-9.108975,127.393745,17.795477,0.282412,-0.389985,0.24071,-0.842742,-16.162849,129.254578,-0.15213,0.224455,-0.104496,-0.480902,-0.841091,-0.788772,112.659897,-13.973074,0.344098,0.04463,-0.644322,-0.681509,11.252788,130.454559,-23.119461,-0.137168,0.917166,0.095239,0.361831,-5.013899,127.144829,24.011854,0.325392,0.872395,0.059787,-0.359823,8.557823,130.684219,37.37664,0.057276,0.252291,0.537556,-0.80256,22.589264,116.774193,19.701975,0.263823,-0.000597,0.703589,-0.659818,15.744281,136.141342,8.867469,0.049323,0.857568,0.178025,0.480053,-8.141653,89.050858,8.822099,0.119081,0.957477,-0.012311,0.262499,-5.064529,55.838776,-3.749617,-6.5e-05,0.932869,-0.106989,0.343962,-15.608555,12.163416,-5.500609,-0.116291,0.788231,0.001002,0.604291,2.408224,88.895973,24.186712,0.05702,-0.595951,0.075519,-0.797426,8.986094,54.215229,29.140213,0.024017,0.804579,-0.075847,0.588492,6.626423,10.056287,37.276512,-6.5e-05,0.932869,-0.106989,0.343962,-7.082602,3.454822,-14.642376,0.024017,0.804579,-0.075847,0.588492,19.038319,1.974159,33.708961
1113,9.275,-0.022191,0.883352,0.049885,0.46552,-2.925065,88.931381,16.497698,-0.00851,0.878944,0.071685,0.471431,-3.579583,96.527626,17.013296,-0.016301,0.877512,0.065446,0.474788,-4.998788,113.54097,19.04192,0.107413,0.931852,-0.069287,0.339578,-6.832363,133.560867,21.049761,0.100486,0.954496,-0.232202,0.15787,-2.109134,147.157104,18.822145,-0.017244,0.818012,0.110651,0.564195,-9.176797,127.36673,17.774593,0.282079,-0.389239,0.240844,-0.84316,-16.205034,129.23912,-0.181872,0.224661,-0.103889,-0.480809,-0.841164,-0.803585,112.651146,-13.980387,0.344334,0.045273,-0.644167,-0.681493,11.248622,130.450027,-23.107372,-0.136647,0.917014,0.094811,0.362525,-5.09058,127.116943,23.996765,0.32467,0.87274,0.05991,-0.359619,8.467201,130.640442,37.37989,0.056592,0.25234,0.537649,-0.802531,22.531357,116.759583,19.708282,0.264003,-0.001233,0.70354,-0.659797,15.691196,136.140137,8.887588,0.048519,0.85729,0.179234,0.480182,-8.196026,88.998848,8.812566,0.119373,0.957364,-0.013033,0.262744,-5.025743,55.811943,-3.802402,-0.000537,0.932897,-0.106525,0.344028,-15.610989,12.144485,-5.500932,-0.117002,0.78806,0.001973,0.604374,2.345895,88.863914,24.182831,0.057105,-0.596121,0.075884,-0.797258,9.004138,54.195213,29.113106,0.024229,0.804525,-0.074694,0.588705,6.624834,10.04211,37.275333,-0.000537,0.932897,-0.106525,0.344028,-7.07445,3.451243,-14.64743,0.024229,0.804525,-0.074694,0.588705,19.046942,1.980431,33.697063
1114,9.283333,-0.022854,0.882744,0.050705,0.466551,-2.949317,88.902832,16.469128,-0.008955,0.878521,0.072111,0.472145,-3.619211,96.49736,16.99025,-0.016315,0.877171,0.065638,0.475391,-5.061081,113.516342,19.024218,0.10738,0.931688,-0.068909,0.340116,-6.900206,133.535202,21.037289,0.100961,0.954389,-0.232102,0.15836,-2.179198,147.134354,18.822689,-0.017577,0.81759,0.110889,0.564749,-9.239264,127.34201,17.756495,0.281119,-0.388386,0.240943,-0.843845,-16.242813,129.2117,-0.209895,0.224522,-0.103116,-0.480967,-0.841206,-0.808719,112.643066,-13.995144,0.344768,0.046021,-0.644257,-0.681139,11.243315,130.457062,-23.090124,-0.136819,0.916714,0.09498,0.363173,-5.161588,127.09037,23.984192,0.32427,0.873078,0.060567,-0.359049,8.37615,130.613663,37.38765,0.05662,0.252173,0.537723,-0.802532,22.475758,116.756187,19.725937,0.264545,-0.002032,0.703314,-0.65982,15.635758,136.138657,8.9111,0.048259,0.856613,0.180172,0.481065,-8.201814,88.967728,8.77134,0.119688,0.957062,-0.014211,0.26364,-4.969911,55.803055,-3.886399,-0.000331,0.932864,-0.10642,0.344149,-15.607998,12.145254,-5.500978,-0.117606,0.787967,0.002632,0.604376,2.30318,88.837936,24.166914,0.057142,-0.596305,0.076271,-0.797081,9.022997,54.17955,29.086246,0.024374,0.804346,-0.074082,0.589021,6.620063,10.032124,37.272232,-0.000331,0.932864,-0.10642,0.344149,-7.07128,3.452596,-14.647863,0.024374,0.804346,-0.074082,0.589021,19.049171,1.980963,33.694588
1115,9.291667,-0.023248,0.882258,0.051572,0.467356,-2.982324,88.884354,16.438231,-0.0092,0.87811,0.072479,0.472847,-3.66417,96.477249,16.967573,-0.016434,0.87679,0.06583,0.476063,-5.120656,113.489914,19.006927,0.107364,0.931473,-0.068631,0.340766,-6.969233,133.507584,21.023088,0.101288,0.954291,-0.23193,0.158992,-2.24866,147.108704,18.819748,-0.017739,0.817078,0.111623,0.565339,-9.301244,127.314636,17.736835,0.27988,-0.387503,0.241656,-0.844459,-16.278719,129.198151,-0.238253,0.22424,-0.102688,-0.480892,-0.841376,-0.826526,112.628387,-14.001864,0.345113,0.046807,-0.644036,-0.681119,11.236938,130.455002,-23.076712,-0.137028,0.916442,0.095032,0.363767,-5.233144,127.062439,23.970772,0.323259,0.873508,0.058883,-0.359195,8.285637,130.588776,37.392551,0.05568,0.252709,0.537724,-0.802428,22.414408,116.739128,19.748011,0.265226,-0.002986,0.703172,-0.659693,15.584443,136.136047,8.933794,0.047473,0.856742,0.180364,0.480842,-8.220469,88.951302,8.730689,0.119896,0.95734,-0.014511,0.262517,-4.937232,55.786205,-3.912725,-0.000425,0.932972,-0.106022,0.343981,-15.601871,12.133661,-5.49395,-0.118267,0.787837,0.00339,0.604413,2.255821,88.817406,24.145773,0.057243,-0.596453,0.076686,-0.796923,9.044311,54.170452,29.051315,0.022732,0.804469,-0.074688,0.588842,6.618905,10.029772,37.266983,-0.000425,0.932972,-0.106022,0.343981,-7.0653,3.450948,-14.650416,0.022732,0.804469,-0.074688,0.588842,19.060833,1.992041,33.703735
1116,9.3,-0.02305,0.881855,0.051896,0.468089,-3.03161,88.866653,16.411444,-0.009564,0.877695,0.072702,0.473577,-3.713546,96.459167,16.94599,-0.016375,0.876392,0.066104,0.47676,-5.185734,113.463333,18.984003,0.107314,0.931199,-0.068596,0.341535,-7.039082,133.47963,21.009476,0.101593,0.954142,-0.231746,0.159955,-2.317178,147.081161,18.811457,-0.017819,0.816619,0.111555,0.566014,-9.365392,127.288506,17.715744,0.278863,-0.386724,0.242119,-0.845019,-16.313189,129.171234,-0.270918,0.224016,-0.102028,-0.480884,-0.841521,-0.84094,112.605919,-14.017335,0.345479,0.047522,-0.643844,-0.681066,11.231894,130.447357,-23.063759,-0.136945,0.916089,0.095495,0.364565,-5.307161,127.032806,23.955961,0.323407,0.873661,0.061058,-0.358324,8.189981,130.544861,37.403236,0.056096,0.252214,0.538201,-0.802235,22.346798,116.724304,19.758366,0.265552,-0.00381,0.702923,-0.659824,15.53082,136.125641,8.955992,0.046751,0.856394,0.180836,0.481354,-8.257135,88.940552,8.695407,0.120084,0.957287,-0.015017,0.262594,-4.905883,55.782772,-3.949346,-0.000631,0.932972,-0.106001,0.343988,-15.598226,12.135631,-5.492266,-0.119122,0.787745,0.004332,0.604359,2.193916,88.792755,24.127481,0.057299,-0.596765,0.077153,-0.79664,9.070238,54.160805,29.016567,0.022382,0.804396,-0.074763,0.588946,6.617938,10.027164,37.262009,-0.000631,0.932972,-0.106001,0.343988,-7.058445,3.455399,-14.64809,0.022382,0.804396,-0.074763,0.588946,19.064486,1.993542,33.705635
1117,9.308333,-0.02344,0.88152,0.052348,0.468651,-3.068646,88.840706,16.391748,-0.009771,0.877333,0.072912,0.47421,-3.759397,96.432228,16.929132,-0.016593,0.876017,0.066211,0.477426,-5.2425,113.433037,18.968737,0.107441,0.930954,-0.068257,0.342232,-7.107179,133.448471,20.992352,0.101831,0.95404,-0.231631,0.160577,-2.382365,147.051331,18.80896,-0.017795,0.816188,0.111898,0.566568,-9.425847,127.256561,17.694702,0.279992,-0.38655,0.241384,-0.844936,-16.349354,129.150284,-0.300169,0.224906,-0.100869,-0.480946,-0.841388,-0.85109,112.598419,-14.033477,0.345812,0.048207,-0.643564,-0.681113,11.225579,130.440872,-23.05113,-0.137586,0.915746,0.096193,0.365003,-5.377187,127.002213,23.941193,0.323439,0.873916,0.061272,-0.357636,8.100763,130.523682,37.405243,0.055967,0.252318,0.538512,-0.802002,22.282572,116.699112,19.783609,0.26619,-0.004261,0.702453,-0.660064,15.484977,136.106339,8.983157,0.046165,0.856214,0.181538,0.481467,-8.284028,88.912842,8.668833,0.120354,0.957236,-0.015569,0.262625,-4.870865,55.769287,-3.996651,0.000449,0.932744,-0.105217,0.344845,-15.598949,12.1295,-5.498872,-0.119771,0.787769,0.005291,0.604191,2.146735,88.768562,24.114664,0.057386,-0.597141,0.077702,-0.796299,9.10096,54.148315,28.976339,0.022104,0.804415,-0.074704,0.588937,6.618362,10.023215,37.258354,0.000449,0.932744,-0.105217,0.344845,-7.052242,3.457962,-14.656469,0.022104,0.804415,-0.074704,0.588937,19.068783,1.995196,33.702877
1118,9.316667,-0.023821,0.881155,0.052863,0.469259,-3.10625,88.809906,16.368992,-0.010024,0.876955,0.07296,0.474896,-3.806181,96.40033,16.910059,-0.016604,0.875617,0.066554,0.47811,-5.29967,113.404831,18.946302,0.107354,0.930753,-0.068036,0.342848,-7.172906,133.418411,20.980288,0.102236,0.953917,-0.231532,0.161195,-2.450046,147.023376,18.805754,-0.017848,0.815799,0.11204,0.567099,-9.484727,127.228081,17.674887,0.279373,-0.385752,0.241408,-0.845499,-16.384844,129.125839,-0.328539,0.224935,-0.100356,-0.480955,-0.841436,-0.854529,112.590195,-14.045175,0.346093,0.048816,-0.643375,-0.681106,11.220862,130.430939,-23.039419,-0.137377,0.915389,0.095509,0.366153,-5.445816,126.970657,23.927555,0.322616,0.874228,0.060274,-0.357787,8.001773,130.488251,37.422935,0.055731,0.252816,0.538585,-0.801813,22.206053,116.678032,19.808153,0.26596,-0.005945,0.70359,-0.658932,15.421794,136.090378,8.993903,0.045488,0.85616,0.182087,0.481419,-8.310657,88.881035,8.638669,0.120577,0.957137,-0.016153,0.262847,-4.837794,55.747299,-4.036266,-0.00092,0.932968,-0.105499,0.34415,-15.598151,12.114016,-5.496009,-0.120425,0.787646,0.006276,0.604212,2.098158,88.738785,24.099314,0.057448,-0.597479,0.078252,-0.795987,9.130504,54.130547,28.93412,0.021918,0.804323,-0.074534,0.589091,6.615786,10.01381,37.250912,-0.00092,0.932968,-0.105499,0.34415,-7.048188,3.44838,-14.656157,0.021918,0.804323,-0.074534,0.589091,19.071564,1.992383,33.699329
1119,9.325,-0.024154,0.880775,0.053404,0.469895,-3.145226,88.778824,16.34433,-0.010354,0.876578,0.073153,0.475556,-3.853901,96.368118,16.889753,-0.016767,0.875241,0.066707,0.478771,-5.362416,113.375977,18.925797,0.107609,0.930418,-0.068378,0.343609,-7.245901,133.388504,20.960613,0.102372,0.953857,-0.231059,0.162137,-2.510323,146.988815,18.784563,-0.017865,0.815351,0.112263,0.567697,-9.550441,127.197968,17.650522,0.278853,-0.385054,0.241642,-0.845922,-16.424217,129.102997,-0.36221,0.224999,-0.099667,-0.480883,-0.841542,-0.871383,112.572411,-14.059402,0.346441,0.049368,-0.643185,-0.681069,11.214111,130.420258,-23.028036,-0.137729,0.915027,0.096069,0.366779,-5.521038,126.940826,23.909334,0.322452,0.874497,0.060756,-0.357195,7.905024,130.458679,37.426064,0.055743,0.252866,0.53873,-0.801699,22.137335,116.658699,19.825897,0.26552,-0.007019,0.704267,-0.658376,15.361115,136.074417,9.009823,0.044954,0.855894,0.182702,0.481711,-8.338218,88.850021,8.606334,0.12076,0.957016,-0.016784,0.263166,-4.806993,55.72884,-4.085264,-0.000922,0.932943,-0.1052,0.344311,-15.597129,12.101388,-5.49872,-0.121056,0.787571,0.007251,0.604173,2.047765,88.707626,24.082325,0.05762,-0.597585,0.078775,-0.795843,9.156853,54.111195,28.889297,0.021683,0.804291,-0.074392,0.589162,6.615455,10.003614,37.246445,-0.000922,0.932943,-0.1052,0.344311,-7.042142,3.442894,-14.660925,0.021683,0.804291,-0.074392,0.589162,19.076101,1.988874,33.696857
1120,9.333333,-0.024556,0.880402,0.054033,0.4705,-3.180017,88.749428,16.317966,-0.010944,0.87616,0.073242,0.476297,-3.898977,96.337387,16.868433,-0.016546,0.874823,0.067057,0.479494,-5.428183,113.341316,18.895792,0.107519,0.930186,-0.068269,0.344287,-7.312311,133.352249,20.945639,0.102664,0.953738,-0.230868,0.162921,-2.5775,146.953827,18.775866,-0.017942,0.815089,0.112484,0.568027,-9.612293,127.165016,17.626211,0.278139,-0.384234,0.24184,-0.846473,-16.47146,129.074097,-0.391661,0.225026,-0.099071,-0.480738,-0.841689,-0.890236,112.554237,-14.069512,0.346747,0.049956,-0.642947,-0.681095,11.20912,130.408478,-23.015858,-0.137545,0.914724,0.095471,0.367759,-5.593099,126.901672,23.891327,0.321939,0.874848,0.06108,-0.356742,7.807037,130.416245,37.434612,0.055395,0.253249,0.538822,-0.801541,22.074038,116.638718,19.844936,0.265172,-0.007625,0.704691,-0.658055,15.310484,136.059753,9.023419,0.044557,0.855438,0.183436,0.482278,-8.362027,88.820313,8.572611,0.120944,0.956932,-0.017504,0.263339,-4.772491,55.715752,-4.145967,-0.001377,0.932972,-0.105257,0.344212,-15.594875,12.094524,-5.503777,-0.121654,0.787535,0.008171,0.604088,2.001993,88.678535,24.063322,0.057751,-0.597725,0.079296,-0.795677,9.183962,54.093468,28.843636,0.020731,0.804285,-0.074998,0.589128,6.614228,9.99465,37.238293,-0.001377,0.932972,-0.105257,0.344212,-7.035817,3.438983,-14.664966,0.020731,0.804285,-0.074998,0.589128,19.08062,1.982605,33.702816
1121,9.341667,-0.024906,0.880041,0.05454,0.471098,-3.219797,88.722885,16.292372,-0.01103,0.875769,0.073549,0.476967,-3.947487,96.309738,16.846619,-0.016751,0.874413,0.067256,0.480206,-5.486322,113.317398,18.881218,0.107539,0.929951,-0.06812,0.344945,-7.383212,133.326981,20.932514,0.103101,0.953606,-0.230803,0.163512,-2.646736,146.929306,18.771049,-0.017922,0.814686,0.112448,0.568613,-9.674788,127.139427,17.607861,0.277975,-0.383741,0.24187,-0.846742,-16.508167,129.051163,-0.419523,0.225314,-0.09831,-0.480616,-0.84177,-0.907633,112.537109,-14.082376,0.34711,0.050544,-0.642799,-0.681006,11.203889,130.394623,-23.004145,-0.137647,0.914443,0.095621,0.368381,-5.665869,126.876518,23.879574,0.322046,0.874975,0.061587,-0.356248,7.715418,130.388794,37.442074,0.055159,0.253515,0.539128,-0.801267,21.997475,116.612152,19.863939,0.264664,-0.007924,0.705005,-0.65792,15.25499,136.041382,9.039953,0.044063,0.85511,0.183994,0.482692,-8.390993,88.793251,8.539786,0.121093,0.956836,-0.018105,0.263579,-4.745685,55.700184,-4.192845,-0.001378,0.932958,-0.104956,0.344341,-15.59453,12.084135,-5.505238,-0.122204,0.78745,0.008962,0.604077,1.951398,88.652519,24.044954,0.057894,-0.598184,0.079714,-0.79528,9.197482,54.077965,28.804514,0.020554,0.804161,-0.074724,0.589337,6.610826,9.986609,37.233089,-0.001378,0.932958,-0.104956,0.344341,-7.031149,3.435729,-14.669127,0.020554,0.804161,-0.074724,0.589337,19.083935,1.98318,33.701805
1122,9.35,-0.025256,0.879634,0.055202,0.471762,-3.248808,88.699608,16.267473,-0.01129,0.875396,0.074027,0.47757,-3.986362,96.285088,16.827509,-0.01707,0.874068,0.067266,0.480821,-5.543069,113.298706,18.872107,0.107629,0.929708,-0.067856,0.345621,-7.452847,133.307785,20.916239,0.103495,0.953455,-0.230804,0.164139,-2.713912,146.911179,18.766953,-0.018158,0.814232,0.11259,0.569228,-9.736536,127.118385,17.589632,0.277168,-0.382839,0.24222,-0.847315,-16.542494,129.028793,-0.448272,0.225246,-0.097982,-0.480599,-0.841836,-0.914285,112.521347,-14.087455,0.347419,0.051152,-0.642456,-0.681127,11.197721,130.378616,-22.992519,-0.137809,0.914013,0.095904,0.369312,-5.73658,126.858841,23.867208,0.321871,0.875134,0.061252,-0.356073,7.616377,130.367065,37.458656,0.054809,0.254,0.539434,-0.800931,21.910997,116.588928,19.89188,0.264671,-0.008244,0.705403,-0.657486,15.194681,136.025757,9.060862,0.04361,0.854882,0.184423,0.482973,-8.408019,88.770935,8.506911,0.121302,0.956777,-0.018645,0.263658,-4.715906,55.686306,-4.234166,-0.001641,0.932963,-0.104773,0.344385,-15.594975,12.076584,-5.506077,-0.1228,0.787609,0.00978,0.603735,1.910403,88.628288,24.028032,0.057978,-0.598372,0.080236,-0.79508,9.226372,54.065239,28.764236,0.020227,0.80409,-0.074681,0.589452,6.609281,9.98227,37.227215,-0.001641,0.932963,-0.104773,0.344385,-7.025982,3.435014,-14.671178,0.020227,0.80409,-0.074681,0.589452,19.08791,1.985054,33.701332
1123,9.358333,-0.025499,0.879206,0.055876,0.472466,-3.292176,88.670883,16.237841,-0.011269,0.874984,0.07424,0.478294,-4.038298,96.255028,16.804552,-0.017167,0.873645,0.067456,0.48156,-5.59977,113.269928,18.854874,0.107107,0.929609,-0.06722,0.346174,-7.518381,133.277847,20.902147,0.104437,0.95321,-0.231086,0.164567,-2.796882,146.889633,18.767742,-0.018321,0.813792,0.112898,0.56979,-9.794739,127.08889,17.569672,0.277486,-0.382833,0.242103,-0.847247,-16.575634,129.003754,-0.477196,0.225694,-0.096876,-0.480391,-0.841963,-0.944172,112.496094,-14.112393,0.347835,0.051805,-0.642095,-0.681205,11.188775,130.359909,-22.983515,-0.138323,0.913707,0.09637,0.369755,-5.805425,126.828407,23.853977,0.322065,0.87525,0.061708,-0.355533,7.529361,130.344849,37.461136,0.054992,0.253851,0.539884,-0.800663,21.837729,116.562561,19.908833,0.265136,-0.009209,0.705445,-0.65724,15.140793,136.006683,9.081311,0.043117,0.854515,0.184885,0.483491,-8.438762,88.745087,8.468929,0.121468,0.956682,-0.019189,0.263889,-4.692791,55.669575,-4.280082,4.3e-05,0.932555,-0.103271,0.345943,-15.598366,12.065324,-5.511788,-0.123518,0.787515,0.01065,0.603696,1.854409,88.596687,24.006754,0.058094,-0.598736,0.080704,-0.79475,9.247247,54.047512,28.724751,0.019945,0.804059,-0.074638,0.589509,6.60723,9.972533,37.222122,4.3e-05,0.932555,-0.103271,0.345943,-7.012301,3.444088,-14.68006,0.019945,0.804059,-0.074638,0.589509,19.090256,1.980754,33.699493
1124,9.366667,-0.027381,0.87875,0.057021,0.473072,-3.291499,88.616577,16.210758,-0.011837,0.87458,0.074776,0.478935,-4.071513,96.197227,16.778606,-0.017077,0.873275,0.067527,0.482223,-5.663764,113.244926,18.838758,0.107234,0.929322,-0.067406,0.346869,-7.582132,133.252594,20.888832,0.10446,0.953142,-0.230789,0.165365,-2.852948,146.861862,18.755302,-0.018449,0.813346,0.113006,0.570401,-9.854515,127.064957,17.551189,0.277294,-0.382457,0.24241,-0.847392,-16.608232,128.981125,-0.505725,0.225613,-0.096589,-0.480102,-0.842183,-0.969386,112.467239,-14.124905,0.347612,0.052338,-0.641112,-0.682203,11.175121,130.322128,-22.977962,-0.138312,0.913349,0.096072,0.370721,-5.874672,126.802025,23.841394,0.322156,0.875319,0.062235,-0.355189,7.432514,130.316833,37.475967,0.055224,0.25387,0.540414,-0.800283,21.750763,116.537941,19.929045,0.265571,-0.010224,0.705507,-0.656984,15.081501,135.987823,9.099065,0.042821,0.854776,0.185411,0.482853,-8.425549,88.670891,8.433393,0.121807,0.956484,-0.020066,0.264384,-4.652596,55.607445,-4.33894,-0.00242,0.932968,-0.10324,0.344827,-15.606922,12.013716,-5.50904,-0.123837,0.787637,0.011058,0.603466,1.84255,88.562271,23.988125,0.05814,-0.599016,0.081178,-0.794487,9.271779,54.019356,28.694769,0.019521,0.804064,-0.074213,0.58957,6.603727,9.951753,37.221615,-0.00242,0.932968,-0.10324,0.344827,-7.009502,3.415818,-14.688581,0.019521,0.804064,-0.074213,0.58957,19.096432,1.975495,33.698112
1125,9.375,-0.027279,0.878498,0.057194,0.473525,-3.345697,88.598694,16.190481,-0.011519,0.874128,0.074657,0.479785,-4.125887,96.179123,16.760979,-0.017531,0.872694,0.067706,0.483232,-5.70533,113.192657,18.817064,0.107235,0.928993,-0.067247,0.347781,-7.64557,133.1987,20.862303,0.104595,0.953066,-0.230505,0.166108,-2.914423,146.808853,18.738794,-0.018028,0.813105,0.11341,0.570678,-9.904745,127.009109,17.519344,0.275899,-0.381447,0.243193,-0.848077,-16.646832,128.948868,-0.539395,0.225168,-0.096379,-0.48,-0.842384,-0.987275,112.433983,-14.133554,0.347877,0.05278,-0.64076,-0.682366,11.167691,130.29953,-22.971176,-0.138657,0.912829,0.095909,0.371913,-5.93966,126.749626,23.819004,0.321776,0.875563,0.062443,-0.354895,7.32951,130.271729,37.488693,0.055002,0.254113,0.540713,-0.80002,21.671759,116.509247,19.948513,0.265879,-0.011222,0.70514,-0.657237,15.022818,135.966736,9.116791,0.042581,0.853409,0.186646,0.484813,-8.471854,88.656807,8.40794,0.12212,0.955882,-0.020969,0.26634,-4.611556,55.624664,-4.419164,-0.001233,0.932559,-0.104053,0.345697,-15.611328,12.041128,-5.541589,-0.124537,0.788017,0.011719,0.602812,1.780461,88.540581,23.973022,0.05828,-0.599227,0.081443,-0.794291,9.280264,54.011131,28.666538,0.020724,0.803975,-0.073638,0.589722,6.603362,9.948871,37.218189,-0.001233,0.932559,-0.104053,0.345697,-7.016498,3.413804,-14.695907,0.020724,0.803975,-0.073638,0.589722,19.088135,1.965368,33.683006
1126,9.383333,-0.027636,0.878229,0.057419,0.473975,-3.383112,88.572845,16.165422,-0.01178,0.873781,0.075031,0.480352,-4.169997,96.15258,16.735935,-0.017474,0.87235,0.067802,0.483843,-5.766013,113.176918,18.799419,0.107103,0.928756,-0.067145,0.348473,-7.707564,133.182526,20.847767,0.10491,0.952868,-0.230579,0.166939,-2.978193,146.794189,18.730032,-0.01829,0.812749,0.113442,0.571171,-9.962569,126.994064,17.499882,0.277759,-0.381885,0.24268,-0.84742,-16.682474,128.928711,-0.567667,0.226349,-0.094989,-0.479709,-0.842391,-1.027434,112.401306,-14.151793,0.348133,0.053197,-0.640537,-0.682412,11.160528,130.275986,-22.963615,-0.138731,0.912427,0.096023,0.372841,-6.00625,126.73246,23.80496,0.322113,0.875589,0.063103,-0.354409,7.235331,130.249969,37.502552,0.055065,0.254488,0.541198,-0.799568,21.584364,116.482185,19.972076,0.265657,-0.011883,0.704566,-0.65793,14.968869,135.944183,9.129241,0.042111,0.853033,0.1874,0.485224,-8.500953,88.627731,8.377389,0.122279,0.956213,-0.021344,0.265046,-4.579411,55.61285,-4.475562,-0.001133,0.932539,-0.104048,0.345751,-15.602979,12.034231,-5.55471,-0.125306,0.788435,0.012217,0.602095,1.734728,88.517952,23.953455,0.058236,-0.599557,0.081786,-0.794009,9.302253,54.003056,28.645298,0.02064,0.803929,-0.073669,0.589783,6.60238,9.945363,37.213253,-0.001133,0.932539,-0.104048,0.345751,-7.00839,3.406107,-14.708497,0.02064,0.803929,-0.073669,0.589783,19.088484,1.962614,33.681084
1127,9.391667,-0.027904,0.877888,0.057671,0.474561,-3.421029,88.555656,16.142706,-0.011862,0.87345,0.075488,0.48088,-4.213709,96.13472,16.714111,-0.017795,0.872038,0.067719,0.484405,-5.82147,113.161613,18.78952,0.107306,0.9285,-0.066783,0.34916,-7.773991,133.167221,20.827414,0.105227,0.952694,-0.230722,0.167538,-3.040152,146.7798,18.725649,-0.0183,0.81251,0.113322,0.571533,-10.021995,126.976517,17.478973,0.278946,-0.381758,0.242042,-0.84727,-16.725832,128.909927,-0.59468,0.227376,-0.094116,-0.479467,-0.84235,-1.049235,112.390961,-14.164202,0.348436,0.053602,-0.640249,-0.682496,11.152149,130.252365,-22.958204,-0.138344,0.912146,0.095486,0.37381,-6.073947,126.719025,23.789406,0.322026,0.875692,0.063096,-0.354234,7.143775,130.22551,37.512844,0.055122,0.254173,0.541625,-0.799375,21.502367,116.45932,19.988956,0.266627,-0.012856,0.704801,-0.657267,14.899466,135.936813,9.155162,0.04168,0.852801,0.187826,0.485504,-8.528234,88.609192,8.347683,0.122329,0.956202,-0.021802,0.265023,-4.561296,55.603146,-4.514021,-0.000865,0.932523,-0.103863,0.345849,-15.599908,12.027407,-5.554776,-0.12578,0.788339,0.012798,0.602111,1.686176,88.502129,23.937729,0.058427,-0.599412,0.081955,-0.794087,9.304423,53.996754,28.617525,0.020618,0.803844,-0.073658,0.589901,6.601436,9.943563,37.207581,-0.000865,0.932523,-0.103863,0.345849,-7.006068,3.40109,-14.710969,0.020618,0.803844,-0.073658,0.589901,19.089052,1.961504,33.679192
1128,9.4,-0.028067,0.877562,0.058134,0.475097,-3.461684,88.543556,16.114531,-0.011875,0.873113,0.075807,0.481442,-4.260245,96.121666,16.690439,-0.017931,0.871692,0.067917,0.484993,-5.874438,113.14106,18.773405,0.107171,0.928297,-0.066554,0.349785,-7.83699,133.145386,20.814224,0.10559,0.952506,-0.230856,0.168192,-3.106504,146.760468,18.721094,-0.018687,0.812287,0.113021,0.571898,-10.078156,126.954819,17.460964,0.276736,-0.380019,0.242622,-0.848609,-16.765287,128.87114,-0.620696,0.226662,-0.094666,-0.479614,-0.842397,-1.033366,112.37912,-14.158949,0.348701,0.053886,-0.640069,-0.682507,11.1453,130.22821,-22.952271,-0.138586,0.911647,0.094621,0.375155,-6.138682,126.696968,23.776739,0.322084,0.87583,0.063573,-0.353754,7.037413,130.216919,37.536716,0.055336,0.2547,0.541855,-0.799036,21.412035,116.453018,20.02417,0.266382,-0.013551,0.704326,-0.657862,14.834428,135.923035,9.170887,0.041101,0.853215,0.187461,0.484968,-8.559227,88.599266,8.313201,0.122249,0.956356,-0.021641,0.264517,-4.578089,55.580021,-4.510172,-0.001422,0.932524,-0.103273,0.346023,-15.606764,12.001907,-5.556947,-0.126366,0.788222,0.013242,0.602132,1.635859,88.487854,23.915861,0.058577,-0.59938,0.082078,-0.794088,9.305069,53.993839,28.596163,0.020612,0.803771,-0.073655,0.590001,6.601198,9.944036,37.203331,-0.001422,0.932524,-0.103273,0.346023,-6.998245,3.394909,-14.717534,0.020612,0.803771,-0.073655,0.590001,19.08989,1.962236,33.678162
1129,9.408333,-0.028315,0.877214,0.058551,0.475675,-3.493414,88.530838,16.088081,-0.012014,0.872704,0.076265,0.482108,-4.298695,96.107986,16.667219,-0.01825,0.871267,0.068062,0.485724,-5.92625,113.124954,18.760323,0.107427,0.927971,-0.06646,0.350589,-7.904585,133.128006,20.798321,0.105694,0.952341,-0.230985,0.168884,-3.165315,146.741608,18.715464,-0.018569,0.811911,0.113336,0.572373,-10.136169,126.936165,17.441025,0.278608,-0.380667,0.24239,-0.847772,-16.802433,128.865555,-0.646952,0.227994,-0.093235,-0.479035,-0.842527,-1.090661,112.347458,-14.176804,0.349185,0.054173,-0.639902,-0.682393,11.138611,130.203766,-22.94685,-0.139028,0.911209,0.095348,0.37587,-6.207435,126.68055,23.763578,0.322227,0.875943,0.064319,-0.353208,6.94308,130.200546,37.547993,0.055328,0.25484,0.542018,-0.798881,21.333261,116.440178,20.04545,0.266113,-0.013832,0.703868,-0.658455,14.7672,135.912079,9.188548,0.040911,0.852979,0.187499,0.485383,-8.580467,88.586998,8.27991,0.12224,0.955803,-0.022243,0.266464,-4.580243,55.567665,-4.537302,0.00017,0.932269,-0.102591,0.346913,-15.620255,11.991728,-5.554646,-0.126895,0.788208,0.013665,0.602029,1.593639,88.474678,23.896254,0.058736,-0.599231,0.08225,-0.794171,9.310506,53.99102,28.574505,0.020557,0.803765,-0.073766,0.589998,6.601448,9.945437,37.201614,0.00017,0.932269,-0.102591,0.346913,-7.011823,3.386103,-14.716604,0.020557,0.803765,-0.073766,0.589998,19.089758,1.962233,33.678268
1130,9.416667,-0.027354,0.876847,0.058458,0.476417,-3.548978,88.537834,16.06101,-0.012372,0.872368,0.076639,0.482646,-4.341219,96.115967,16.645256,-0.018196,0.871004,0.068271,0.486169,-5.985199,113.111649,18.740204,0.107507,0.92776,-0.066302,0.351153,-7.966785,133.113632,20.785542,0.105945,0.952157,-0.231145,0.16954,-3.224831,146.727615,18.711277,-0.019244,0.811516,0.113686,0.572841,-10.194592,126.923225,17.423088,0.276504,-0.378827,0.24319,-0.849055,-16.839092,128.841492,-0.674072,0.2275,-0.093951,-0.479166,-0.842506,-1.073863,112.340309,-14.162294,0.349739,0.054369,-0.639721,-0.682264,11.132245,130.179733,-22.942791,-0.139038,0.910922,0.095373,0.376555,-6.272265,126.664886,23.749504,0.322295,0.876033,0.064154,-0.352953,6.858179,130.180786,37.554081,0.054484,0.255729,0.541994,-0.798672,21.255581,116.411743,20.064295,0.26496,-0.013688,0.702272,-0.660623,14.708814,135.887009,9.197203,0.040418,0.852523,0.187593,0.48619,-8.623857,88.609871,8.245052,0.122062,0.955791,-0.022412,0.266576,-4.578249,55.590214,-4.557055,0.000622,0.93227,-0.103148,0.346747,-15.607052,12.01103,-5.55684,-0.127504,0.787906,0.01417,0.602284,1.525902,88.465797,23.876966,0.058943,-0.599156,0.082201,-0.794217,9.296158,53.994179,28.555614,0.022114,0.803435,-0.073227,0.590459,6.601091,9.950066,37.194595,0.000622,0.93227,-0.103148,0.346747,-7.011502,3.387903,-14.714435,0.022114,0.803435,-0.073227,0.590459,19.079781,1.953517,33.667439
1131,9.425,-0.028842,0.876409,0.059479,0.477009,-3.552877,88.502609,16.026882,-0.013568,0.87204,0.077129,0.483129,-4.372839,96.077629,16.613317,-0.017456,0.870791,0.068681,0.48652,-6.064779,113.097855,18.705481,0.107304,0.927657,-0.066273,0.351492,-8.029203,133.098633,20.778944,0.106332,0.951982,-0.231246,0.170145,-3.291547,146.714233,18.705515,-0.019175,0.811029,0.113607,0.573549,-10.260401,126.915276,17.405796,0.276363,-0.378191,0.243557,-0.849279,-16.873535,128.837418,-0.702441,0.228235,-0.093382,-0.478943,-0.842498,-1.092221,112.328995,-14.162981,0.350851,0.054501,-0.640119,-0.681308,11.132604,130.167801,-22.937853,-0.139123,0.910586,0.095198,0.377381,-6.342764,126.643959,23.734575,0.321922,0.876293,0.064624,-0.352563,6.76265,130.160553,37.562733,0.054149,0.255682,0.541753,-0.798873,21.187391,116.41188,20.079454,0.264577,-0.013492,0.702523,-0.660513,14.62822,135.884827,9.222163,0.040307,0.852614,0.187857,0.485936,-8.615682,88.560287,8.202977,0.122205,0.955667,-0.023105,0.266894,-4.557834,55.547035,-4.611788,-0.001664,0.932456,-0.1026,0.346406,-15.614918,11.973843,-5.55916,-0.127431,0.786927,0.014285,0.603575,1.509928,88.444931,23.850786,0.059347,-0.598785,0.082169,-0.79447,9.273462,53.972225,28.532568,0.02193,0.803511,-0.072821,0.590412,6.598548,9.931943,37.197285,-0.001664,0.932456,-0.1026,0.346406,-6.99134,3.385274,-14.722878,0.02193,0.803511,-0.072821,0.590412,19.082788,1.946606,33.664356
1132,9.433333,-0.028922,0.876084,0.059668,0.477578,-3.592996,88.48951,16.000355,-0.013594,0.871728,0.077475,0.483634,-4.41578,96.06411,16.58819,-0.01766,0.870488,0.068841,0.487032,-6.115522,113.082886,18.689281,0.107261,0.927431,-0.066158,0.352122,-8.091465,133.082489,20.763151,0.106536,0.951796,-0.231398,0.170848,-3.353676,146.699051,18.696352,-0.019163,0.810788,0.113556,0.573899,-10.315794,126.898598,17.386446,0.278197,-0.378745,0.243144,-0.848551,-16.91337,128.821732,-0.727361,0.229513,-0.091986,-0.478436,-0.842592,-1.143643,112.29631,-14.180621,0.351368,0.054594,-0.639879,-0.68126,11.126768,130.142456,-22.931889,-0.138902,0.910332,0.094683,0.378203,-6.405696,126.628151,23.719923,0.321607,0.876482,0.064645,-0.352376,6.67802,130.140091,37.569801,0.053351,0.256177,0.541427,-0.798989,21.120525,116.402603,20.092403,0.26337,-0.012973,0.702199,-0.66135,14.556196,135.876068,9.235445,0.039772,0.853139,0.187406,0.485232,-8.64559,88.54837,8.169861,0.122094,0.955862,-0.022839,0.266268,-4.581719,55.520012,-4.604007,-0.000739,0.9323,-0.101715,0.347089,-15.623694,11.943274,-5.564311,-0.127866,0.786718,0.014481,0.603752,1.459597,88.430649,23.830847,0.05956,-0.598752,0.082073,-0.794489,9.25421,53.966259,28.52219,0.021969,0.803539,-0.072722,0.590385,6.597367,9.926823,37.196789,-0.000739,0.9323,-0.101715,0.347089,-6.994081,3.367058,-14.733911,0.021969,0.803539,-0.072722,0.590385,19.081789,1.94288,33.661358
1133,9.441667,-0.02911,0.875834,0.059967,0.477987,-3.629341,88.484047,15.975118,-0.013775,0.871404,0.077853,0.484153,-4.457091,96.057938,16.565168,-0.017854,0.87015,0.06899,0.487607,-6.169807,113.074623,18.673506,0.107058,0.927219,-0.06614,0.352745,-8.156889,133.07312,20.747452,0.106888,0.951618,-0.231424,0.171582,-3.422254,146.691147,18.683043,-0.019162,0.810474,0.11356,0.574342,-10.374075,126.888763,17.366896,0.278403,-0.378221,0.243341,-0.848661,-16.951965,128.814178,-0.753829,0.230132,-0.091587,-0.478146,-0.842631,-1.166263,112.282135,-14.180195,0.351946,0.054706,-0.639658,-0.68116,11.120625,130.119537,-22.926702,-0.139323,0.909882,0.095551,0.378912,-6.472424,126.61908,23.705612,0.321271,0.876727,0.065096,-0.351991,6.58597,130.128082,37.580109,0.052664,0.256801,0.540847,-0.799228,21.054287,116.409149,20.109486,0.261606,-0.011893,0.702171,-0.662101,14.475945,135.872879,9.245701,0.039578,0.852271,0.188094,0.486506,-8.674434,88.543091,8.13979,0.121986,0.956079,-0.023366,0.265492,-4.555446,55.532051,-4.66116,0.002547,0.932135,-0.101587,0.347559,-15.601492,11.95513,-5.564597,-0.128166,0.786428,0.014623,0.604062,1.415752,88.425011,23.810446,0.05983,-0.598585,0.081982,-0.794604,9.231042,53.966404,28.509876,0.020959,0.803746,-0.07396,0.589986,6.593439,9.928531,37.19828,0.002547,0.932135,-0.101587,0.347559,-7.007693,3.350559,-14.741272,0.020959,0.803746,-0.07396,0.589986,19.074921,1.934928,33.674316
1134,9.45,-0.029184,0.875507,0.060225,0.478549,-3.670245,88.477264,15.946545,-0.013601,0.871088,0.078253,0.484662,-4.501229,96.050613,16.538958,-0.018054,0.869834,0.069122,0.488145,-6.216416,113.063202,18.660858,0.106867,0.927098,-0.065365,0.353266,-8.214407,133.060669,20.734238,0.107207,0.951424,-0.231853,0.171883,-3.490188,146.685577,18.691479,-0.019071,0.810372,0.113482,0.574505,-10.424744,126.875725,17.350266,0.276663,-0.37686,0.244094,-0.849619,-16.995504,128.80307,-0.772841,0.229852,-0.092029,-0.477906,-0.842796,-1.174791,112.279579,-14.168504,0.352487,0.0549,-0.639333,-0.68117,11.112177,130.097748,-22.919464,-0.139682,0.909539,0.095581,0.379596,-6.531023,126.60704,23.693899,0.321043,0.876784,0.064511,-0.352164,6.50339,130.123871,37.588951,0.051845,0.257366,0.540661,-0.799225,20.973042,116.404198,20.120003,0.260778,-0.011375,0.701733,-0.6629,14.39856,135.870285,9.255803,0.039226,0.852258,0.187939,0.486618,-8.705239,88.538216,8.104737,0.121816,0.955994,-0.023531,0.265862,-4.568708,55.521053,-4.674725,0.002261,0.932153,-0.101339,0.347588,-15.603982,11.94112,-5.564185,-0.128538,0.786111,0.014781,0.604392,1.364749,88.416313,23.788353,0.060088,-0.598418,0.081766,-0.794732,9.205137,53.964848,28.498312,0.019671,0.803699,-0.073786,0.590115,6.595056,9.926569,37.192963,0.002261,0.932153,-0.101339,0.347588,-7.004204,3.345117,-14.743286,0.019671,0.803699,-0.073786,0.590115,19.095118,1.957193,33.679996
1135,9.458333,-0.029365,0.875206,0.060545,0.479048,-3.706856,88.472816,15.920897,-0.01339,0.870775,0.07859,0.485176,-4.542936,96.045418,16.515774,-0.018409,0.869496,0.0692,0.488722,-6.259164,113.061333,18.650845,0.10671,0.926905,-0.065101,0.353867,-8.272495,133.057846,20.718576,0.107519,0.951246,-0.232038,0.172419,-3.552681,146.685638,18.684956,-0.019088,0.810233,0.113533,0.574689,-10.474298,126.87104,17.332449,0.276747,-0.376322,0.244326,-0.849763,-17.036831,128.799896,-0.793475,0.230366,-0.091798,-0.477515,-0.842902,-1.200651,112.270317,-14.163303,0.352834,0.055043,-0.639045,-0.681249,11.106067,130.076233,-22.913111,-0.1402,0.909188,0.095877,0.380168,-6.58917,126.60569,23.681492,0.320812,0.876969,0.064189,-0.351973,6.422763,130.132385,37.595097,0.051664,0.257668,0.540251,-0.799417,20.90737,116.413666,20.137802,0.260481,-0.011188,0.701077,-0.663714,14.319828,135.869781,9.266164,0.039073,0.851849,0.188122,0.487275,-8.732754,88.534393,8.073262,0.121648,0.956026,-0.024054,0.265776,-4.570647,55.521275,-4.708343,-0.000255,0.932461,-0.101543,0.346707,-15.604146,11.939896,-5.547826,-0.128824,0.785697,0.014851,0.604868,1.319042,88.41124,23.768532,0.060373,-0.598152,0.081569,-0.794932,9.175116,53.965153,28.491688,0.018728,0.803875,-0.074798,0.589779,6.591494,9.927073,37.195251,-0.000255,0.932461,-0.101543,0.346707,-6.988571,3.362569,-14.729584,0.018728,0.803875,-0.074798,0.589779,19.090527,1.951715,33.69223
1136,9.466667,-0.029481,0.874947,0.060837,0.479476,-3.74877,88.469109,15.890042,-0.013499,0.870501,0.078904,0.485613,-4.588816,96.041061,16.487534,-0.01836,0.869229,0.069458,0.489162,-6.31458,113.054863,18.629242,0.106716,0.926756,-0.064885,0.354296,-8.332345,133.049988,20.705944,0.107729,0.951121,-0.232163,0.172813,-3.612869,146.679169,18.680796,-0.019218,0.809949,0.113654,0.575062,-10.530004,126.864792,17.314194,0.277969,-0.376341,0.244228,-0.849384,-17.07575,128.794113,-0.817746,0.231369,-0.090972,-0.477151,-0.842923,-1.237799,112.249146,-14.166431,0.35325,0.055274,-0.638677,-0.681359,11.098101,130.054382,-22.906429,-0.140224,0.909053,0.095165,0.380662,-6.651253,126.596405,23.667006,0.320339,0.877228,0.063636,-0.351859,6.345858,130.131882,37.592228,0.051529,0.25758,0.539826,-0.799741,20.850832,116.420052,20.146446,0.26126,-0.011266,0.700039,-0.664501,14.239676,135.871033,9.278219,0.038908,0.851286,0.18831,0.488198,-8.766894,88.532028,8.037447,0.121448,0.955946,-0.024486,0.266115,-4.574278,55.523022,-4.744818,-0.000612,0.932511,-0.101595,0.346555,-15.600756,11.939147,-5.546246,-0.129317,0.785587,0.014835,0.604906,1.269355,88.406197,23.742638,0.060535,-0.59814,0.081356,-0.79495,9.151369,53.969147,28.48844,0.020407,0.803571,-0.073022,0.59036,6.591492,9.929702,37.192123,-0.000612,0.932511,-0.101595,0.346555,-6.983621,3.363915,-14.728493,0.020407,0.803571,-0.073022,0.59036,19.09197,1.964486,33.671219
1137,9.475,-0.029825,0.874634,0.061096,0.479993,-3.780664,88.463303,15.864396,-0.013414,0.870172,0.079316,0.486138,-4.627544,96.034462,16.462303,-0.018757,0.868859,0.069963,0.489733,-6.360012,113.056587,18.617979,0.106848,0.926513,-0.065172,0.354839,-8.403042,133.048279,20.703081,0.107948,0.950977,-0.232286,0.173303,-3.675408,146.67424,18.675289,-0.019671,0.809513,0.11379,0.575634,-10.589057,126.862541,17.30481,0.27713,-0.37526,0.244618,-0.850024,-17.108614,128.783524,-0.837451,0.231166,-0.091468,-0.477084,-0.842963,-1.237673,112.245354,-14.155345,0.353277,0.05553,-0.637788,-0.682157,11.082273,130.023117,-22.899389,-0.140093,0.908922,0.095203,0.381013,-6.718848,126.59491,23.662859,0.31994,0.877417,0.063421,-0.351789,6.269344,130.12326,37.598217,0.051707,0.257306,0.539561,-0.799996,20.790443,116.422508,20.157143,0.262488,-0.01171,0.698636,-0.665486,14.159668,135.867935,9.292591,0.03881,0.851004,0.188374,0.488674,-8.789167,88.523689,8.00564,0.121304,0.955867,-0.024825,0.266435,-4.581199,55.515873,-4.774658,-0.000783,0.932456,-0.101325,0.346784,-15.603265,11.930362,-5.547146,-0.129656,0.785402,0.014918,0.605071,1.227839,88.402924,23.723152,0.060786,-0.597753,0.081191,-0.795238,9.130885,53.972305,28.480642,0.020378,0.803604,-0.073228,0.59029,6.592096,9.933186,37.192142,-0.000783,0.932456,-0.101325,0.346784,-6.977447,3.363317,-14.728889,0.020378,0.803604,-0.073228,0.59029,19.090349,1.964126,33.672039
1138,9.483333,-0.029969,0.874389,0.061164,0.480422,-3.816283,88.459877,15.839711,-0.013517,0.86993,0.079655,0.486513,-4.665881,96.030777,16.437052,-0.018895,0.868626,0.070153,0.490112,-6.408371,113.054237,18.600727,0.107394,0.926189,-0.06533,0.355491,-8.460911,133.044647,20.688833,0.107415,0.950915,-0.232236,0.174036,-3.715197,146.665176,18.666843,-0.020391,0.809306,0.113963,0.575866,-10.641508,126.858887,17.287102,0.277333,-0.374811,0.244453,-0.850204,-17.149607,128.76236,-0.861123,0.231716,-0.090839,-0.476928,-0.842968,-1.256534,112.231865,-14.162156,0.353873,0.055729,-0.637527,-0.682076,11.074217,130.005905,-22.890972,-0.14089,0.908503,0.095977,0.381525,-6.776911,126.591202,23.648561,0.31969,0.877592,0.06327,-0.351608,6.187463,130.131958,37.602936,0.052039,0.257144,0.539391,-0.800141,20.723799,116.436455,20.170412,0.263712,-0.01188,0.697767,-0.66591,14.081529,135.873032,9.303648,0.038599,0.850654,0.188553,0.489229,-8.816937,88.519165,7.975949,0.121165,0.955655,-0.025118,0.267231,-4.581524,55.51498,-4.804657,-0.000643,0.932408,-0.101441,0.346879,-15.598162,11.927763,-5.557834,-0.129917,0.785378,0.014757,0.60505,1.18437,88.400597,23.703474,0.060965,-0.59798,0.080913,-0.795083,9.094853,53.974472,28.48107,0.022047,0.803404,-0.072473,0.590596,6.587908,9.933263,37.191219,-0.000643,0.932408,-0.101441,0.346879,-6.972895,3.356776,-14.736416,0.022047,0.803404,-0.072473,0.590596,19.075716,1.953374,33.658585
1139,9.491667,-0.030376,0.874056,0.061505,0.480959,-3.84994,88.459488,15.813131,-0.013525,0.869644,0.079968,0.486972,-4.707835,96.029373,16.411465,-0.019057,0.868346,0.070345,0.490574,-6.457002,113.051437,18.583445,0.107421,0.926055,-0.065094,0.355873,-8.520087,133.040512,20.673927,0.107594,0.950842,-0.232288,0.174257,-3.774517,146.662415,18.660887,-0.020354,0.809224,0.113877,0.575998,-10.694407,126.854645,17.268383,0.277894,-0.374852,0.244593,-0.849962,-17.196646,128.75798,-0.881949,0.232461,-0.089927,-0.476343,-0.843192,-1.308866,112.212517,-14.170672,0.354396,0.056021,-0.637145,-0.682137,11.066035,129.990295,-22.882145,-0.140852,0.908375,0.095767,0.381896,-6.836657,126.587082,23.634003,0.319082,0.877886,0.062852,-0.3515,6.117152,130.127548,37.598251,0.051698,0.25733,0.538681,-0.800582,20.678101,116.44722,20.174381,0.263709,-0.011495,0.696589,-0.66715,14.004004,135.874039,9.304616,0.038396,0.850414,0.188555,0.489663,-8.840514,88.515976,7.942951,0.121011,0.955583,-0.025384,0.267533,-4.586219,55.510735,-4.828642,-0.00062,0.932427,-0.101329,0.346862,-15.595891,11.921361,-5.55863,-0.129966,0.784971,0.014628,0.605571,1.140634,88.403008,23.683313,0.061338,-0.597874,0.080523,-0.795173,9.04512,53.977539,28.475498,0.021873,0.803448,-0.072761,0.590508,6.584961,9.934765,37.191074,-0.00062,0.932427,-0.101329,0.346862,-6.970745,3.352748,-14.739534,0.021873,0.803448,-0.072761,0.590508,19.071371,1.951653,33.660816
1140,9.5,-0.028649,0.873948,0.060794,0.481352,-3.940028,88.485901,15.79414,-0.013118,0.869371,0.080057,0.487455,-4.769945,96.05867,16.395395,-0.019357,0.868032,0.070363,0.491116,-6.506124,113.046585,18.57155,0.107052,0.925935,-0.064765,0.356356,-8.581398,133.035095,20.655405,0.108024,0.950698,-0.232357,0.174682,-3.846824,146.661972,18.650192,-0.020209,0.809014,0.113939,0.576286,-10.748384,126.847519,17.248287,0.277845,-0.374294,0.244838,-0.850153,-17.238018,128.758209,-0.905792,0.232957,-0.089477,-0.476021,-0.843285,-1.334398,112.20845,-14.170197,0.354945,0.056313,-0.636854,-0.682099,11.058082,129.977661,-22.871527,-0.1411,0.908136,0.095898,0.382339,-6.898722,126.583038,23.618931,0.318546,0.878164,0.062565,-0.351344,6.039284,130.127335,37.596863,0.051111,0.257695,0.538146,-0.800862,20.624203,116.461395,20.181734,0.263409,-0.010676,0.695992,-0.667905,13.931269,135.883713,9.309702,0.037834,0.849434,0.188685,0.491354,-8.925467,88.564651,7.920892,0.120616,0.955525,-0.025326,0.267923,-4.607215,55.55986,-4.830403,-0.00015,0.932406,-0.102356,0.346615,-15.581835,11.961648,-5.560243,-0.130553,0.78463,0.015031,0.605876,1.04541,88.40715,23.667389,0.061725,-0.597664,0.080116,-0.795342,8.997258,53.993427,28.465572,0.022152,0.803376,-0.073092,0.590554,6.584581,9.94907,37.18639,-0.00015,0.932406,-0.102356,0.346615,-6.97397,3.364275,-14.730477,0.022152,0.803376,-0.073092,0.590554,19.064976,1.954777,33.660141
1141,9.508333,-0.028741,0.874,0.060378,0.481302,-3.994023,88.474968,15.791411,-0.012777,0.869177,0.079607,0.487884,-4.822083,96.048424,16.386518,-0.019887,0.867635,0.070989,0.491705,-6.544051,113.063278,18.557304,0.106816,0.925827,-0.064653,0.356729,-8.651726,133.047363,20.65099,0.108685,0.95053,-0.232616,0.17484,-3.923025,146.676712,18.648638,-0.019737,0.808673,0.113908,0.576787,-10.804635,126.858818,17.236719,0.277658,-0.373856,0.245503,-0.850215,-17.272577,128.786102,-0.923342,0.233453,-0.089248,-0.4755,-0.843465,-1.368888,112.215721,-14.161899,0.355439,0.056747,-0.636631,-0.682015,11.048516,129.968689,-22.86025,-0.141067,0.908061,0.096197,0.382455,-6.963913,126.595879,23.61282,0.317973,0.878491,0.062946,-0.350977,5.970991,130.133743,37.595245,0.0505,0.257755,0.537524,-0.801299,20.588854,116.49482,20.186571,0.263211,-0.009588,0.695074,-0.668955,13.866541,135.911209,9.324306,0.037293,0.849629,0.18897,0.490948,-8.980247,88.548416,7.918612,0.120489,0.955551,-0.0253,0.267887,-4.625193,55.548393,-4.832497,0.000143,0.932346,-0.101955,0.346895,-15.588488,11.947309,-5.561099,-0.13076,0.78459,0.015167,0.60588,0.992201,88.401512,23.664211,0.061965,-0.597726,0.079849,-0.795304,8.961166,53.991943,28.463804,0.022063,0.80341,-0.073028,0.590518,6.581138,9.946415,37.187691,0.000143,0.932346,-0.101955,0.346895,-6.976704,3.356736,-14.734022,0.022063,0.80341,-0.073028,0.590518,19.062878,1.954824,33.660072
1142,9.516667,-0.028831,0.873735,0.060633,0.481746,-4.032719,88.478264,15.762654,-0.013058,0.868964,0.080052,0.488183,-4.864153,96.051178,16.360058,-0.019702,0.867495,0.071027,0.491956,-6.601642,113.052666,18.537359,0.106609,0.925762,-0.064268,0.357028,-8.704164,133.036835,20.635437,0.108808,0.950446,-0.232615,0.175227,-3.98347,146.670395,18.642914,-0.02017,0.808418,0.114407,0.577031,-10.857162,126.849915,17.218275,0.278067,-0.37356,0.245173,-0.850307,-17.313545,128.776077,-0.946018,0.234076,-0.088457,-0.475361,-0.843455,-1.389539,112.215614,-14.172562,0.355946,0.057198,-0.636304,-0.682017,11.036528,129.963058,-22.849155,-0.141558,0.907867,0.096494,0.382658,-7.019999,126.583992,23.596397,0.317222,0.878823,0.062517,-0.350902,5.90351,130.132919,37.586559,0.049639,0.258121,0.536814,-0.801711,20.549473,116.51516,20.184937,0.262412,-0.00901,0.694483,-0.66989,13.799495,135.927826,9.325629,0.037027,0.849313,0.188972,0.491514,-9.010876,88.553169,7.884762,0.120399,0.955486,-0.025491,0.268145,-4.631231,55.551792,-4.854411,0.00253,0.932047,-0.101665,0.347774,-15.591232,11.949616,-5.567337,-0.13103,0.784574,0.015049,0.605845,0.945438,88.403358,23.640547,0.062262,-0.597519,0.079547,-0.795466,8.9242,53.998566,28.458092,0.022105,0.803395,-0.073209,0.590515,6.579346,9.952021,37.186386,0.00253,0.932047,-0.101665,0.347774,-6.99305,3.343593,-14.738544,0.022105,0.803395,-0.073209,0.590515,19.058865,1.956051,33.660835
1143,9.525,-0.028943,0.873431,0.060972,0.482247,-4.072765,88.475349,15.735113,-0.013196,0.868761,0.08022,0.488513,-4.908521,96.047523,16.335722,-0.019642,0.867333,0.071182,0.492219,-6.654374,113.05336,18.515722,0.106737,0.925571,-0.064206,0.357496,-8.758519,133.036728,20.619759,0.108714,0.95035,-0.232549,0.175892,-4.033393,146.669632,18.633232,-0.019847,0.80822,0.1142,0.577361,-10.909346,126.851013,17.199066,0.277803,-0.373017,0.245545,-0.850524,-17.351473,128.784256,-0.969529,0.234339,-0.088084,-0.475092,-0.843572,-1.415639,112.217453,-14.173846,0.356289,0.057615,-0.63602,-0.682068,11.025901,129.960632,-22.839483,-0.141731,0.907552,0.096502,0.383339,-7.07602,126.582848,23.579399,0.316481,0.879178,0.062337,-0.350715,5.825398,130.133453,37.5895,0.048717,0.258849,0.536124,-0.801994,20.503246,116.540321,20.195496,0.261055,-0.008558,0.693549,-0.671391,13.736609,135.943085,9.330565,0.036688,0.849316,0.188746,0.491621,-9.041798,88.552216,7.851487,0.120264,0.955522,-0.025511,0.268075,-4.648073,55.542965,-4.862412,0.002168,0.932017,-0.101427,0.347926,-15.597164,11.937952,-5.569537,-0.131329,0.784381,0.015008,0.606032,0.896268,88.398476,23.61874,0.062551,-0.597376,0.079272,-0.795578,8.888367,53.999184,28.453442,0.022125,0.80343,-0.07321,0.590467,6.577189,9.951955,37.187241,0.002168,0.932017,-0.101427,0.347926,-6.989363,3.341136,-14.740351,0.022125,0.80343,-0.07321,0.590467,19.055981,1.955584,33.660042
