Format Version,1.23,Take Name,p14_hook_right_main_018,Take Notes,,Capture Frame Rate,120.000000,Export Frame Rate,120.000000,Capture Start Time,2025-08-25 06.05.58.919 오후,Total Frames in Take,1287,Total Exported Frames,1287,Rotation Type,Quaternion,Length Units,Centimeters,Coordinate Space,Global

,Type,Bone,Bone,Bone,Bone,Bone,Bone,Bone,Bone,Bone,Bone,Bone,Bone,Bone,Bone,Bone,Bone,Bone,Bone,Bone,Bone,Bone,Bone,Bone,Bone,Bone,Bone,Bone,Bone,Bone,Bone,Bone,Bone,Bone,Bone,Bone,Bone,Bone,Bone,Bone,Bone,Bone,Bone,Bone,Bone,Bone,Bone,Bone,Bone,Bone,Bone,Bone,Bone,Bone,Bone,Bone,Bone,Bone,Bone,Bone,Bone,Bone,Bone,Bone,Bone,Bone,Bone,Bone,Bone,Bone,Bone,Bone,Bone,Bone,Bone,Bone,Bone,Bone,Bone,Bone,Bone,Bone,Bone,Bone,Bone,Bone,Bone,Bone,Bone,Bone,Bone,Bone,Bone,Bone,Bone,Bone,Bone,Bone,Bone,Bone,Bone,Bone,Bone,Bone,Bone,Bone,Bone,Bone,Bone,Bone,Bone,Bone,Bone,Bone,Bone,Bone,Bone,Bone,Bone,Bone,Bone,Bone,Bone,Bone,Bone,Bone,Bone,Bone,Bone,Bone,Bone,Bone,Bone,Bone,Bone,Bone,Bone,Bone,Bone,Bone,Bone,Bone,Bone,Bone,Bone,Bone,Bone,Bone
,Name,asdf:Hip,asdf:Hip,asdf:Hip,asdf:Hip,asdf:Hip,asdf:Hip,asdf:Hip,asdf:Ab,asdf:Ab,asdf:Ab,asdf:Ab,asdf:Ab,asdf:Ab,asdf:Ab,asdf:Chest,asdf:Chest,asdf:Chest,asdf:Chest,asdf:Chest,asdf:Chest,asdf:Chest,asdf:Neck,asdf:Neck,asdf:Neck,asdf:Neck,asdf:Neck,asdf:Neck,asdf:Neck,asdf:Head,asdf:Head,asdf:Head,asdf:Head,asdf:Head,asdf:Head,asdf:Head,asdf:LShoulder,asdf:LShoulder,asdf:LShoulder,asdf:LShoulder,asdf:LShoulder,asdf:LShoulder,asdf:LShoulder,asdf:LUArm,asdf:LUArm,asdf:LUArm,asdf:LUArm,asdf:LUArm,asdf:LUArm,asdf:LUArm,asdf:LFArm,asdf:LFArm,asdf:LFArm,asdf:LFArm,asdf:LFArm,asdf:LFArm,asdf:LFArm,asdf:LHand,asdf:LHand,asdf:LHand,asdf:LHand,asdf:LHand,asdf:LHand,asdf:LHand,asdf:RShoulder,asdf:RShoulder,asdf:RShoulder,asdf:RShoulder,asdf:RShoulder,asdf:RShoulder,asdf:RShoulder,asdf:RUArm,asdf:RUArm,asdf:RUArm,asdf:RUArm,asdf:RUArm,asdf:RUArm,asdf:RUArm,asdf:RFArm,asdf:RFArm,asdf:RFArm,asdf:RFArm,asdf:RFArm,asdf:RFArm,asdf:RFArm,asdf:RHand,asdf:RHand,asdf:RHand,asdf:RHand,asdf:RHand,asdf:RHand,asdf:RHand,asdf:LThigh,asdf:LThigh,asdf:LThigh,asdf:LThigh,asdf:LThigh,asdf:LThigh,asdf:LThigh,asdf:LShin,asdf:LShin,asdf:LShin,asdf:LShin,asdf:LShin,asdf:LShin,asdf:LShin,asdf:LFoot,asdf:LFoot,asdf:LFoot,asdf:LFoot,asdf:LFoot,asdf:LFoot,asdf:LFoot,asdf:RThigh,asdf:RThigh,asdf:RThigh,asdf:RThigh,asdf:RThigh,asdf:RThigh,asdf:RThigh,asdf:RShin,asdf:RShin,asdf:RShin,asdf:RShin,asdf:RShin,asdf:RShin,asdf:RShin,asdf:RFoot,asdf:RFoot,asdf:RFoot,asdf:RFoot,asdf:RFoot,asdf:RFoot,asdf:RFoot,asdf:LToe,asdf:LToe,asdf:LToe,asdf:LToe,asdf:LToe,asdf:LToe,asdf:LToe,asdf:RToe,asdf:RToe,asdf:RToe,asdf:RToe,asdf:RToe,asdf:RToe,asdf:RToe
,ID,"1","1","1","1","1","1","1","2","2","2","2","2","2","2","3","3","3","3","3","3","3","4","4","4","4","4","4","4","5","5","5","5","5","5","5","6","6","6","6","6","6","6","7","7","7","7","7","7","7","8","8","8","8","8","8","8","9","9","9","9","9","9","9","A","A","A","A","A","A","A","B","B","B","B","B","B","B","C","C","C","C","C","C","C","D","D","D","D","D","D","D","E","E","E","E","E","E","E","F","F","F","F","F","F","F","10","10","10","10","10","10","10","12","12","12","12","12","12","12","13","13","13","13","13","13","13","14","14","14","14","14","14","14","11","11","11","11","11","11","11","15","15","15","15","15","15","15"
,,Rotation,Rotation,Rotation,Rotation,Position,Position,Position,Rotation,Rotation,Rotation,Rotation,Position,Position,Position,Rotation,Rotation,Rotation,Rotation,Position,Position,Position,Rotation,Rotation,Rotation,Rotation,Position,Position,Position,Rotation,Rotation,Rotation,Rotation,Position,Position,Position,Rotation,Rotation,Rotation,Rotation,Position,Position,Position,Rotation,Rotation,Rotation,Rotation,Position,Position,Position,Rotation,Rotation,Rotation,Rotation,Position,Position,Position,Rotation,Rotation,Rotation,Rotation,Position,Position,Position,Rotation,Rotation,Rotation,Rotation,Position,Position,Position,Rotation,Rotation,Rotation,Rotation,Position,Position,Position,Rotation,Rotation,Rotation,Rotation,Position,Position,Position,Rotation,Rotation,Rotation,Rotation,Position,Position,Position,Rotation,Rotation,Rotation,Rotation,Position,Position,Position,Rotation,Rotation,Rotation,Rotation,Position,Position,Position,Rotation,Rotation,Rotation,Rotation,Position,Position,Position,Rotation,Rotation,Rotation,Rotation,Position,Position,Position,Rotation,Rotation,Rotation,Rotation,Position,Position,Position,Rotation,Rotation,Rotation,Rotation,Position,Position,Position,Rotation,Rotation,Rotation,Rotation,Position,Position,Position,Rotation,Rotation,Rotation,Rotation,Position,Position,Position
Frame,Time (Seconds),X,Y,Z,W,X,Y,Z,X,Y,Z,W,X,Y,Z,X,Y,Z,W,X,Y,Z,X,Y,Z,W,X,Y,Z,X,Y,Z,W,X,Y,Z,X,Y,Z,W,X,Y,Z,X,Y,Z,W,X,Y,Z,X,Y,Z,W,X,Y,Z,X,Y,Z,W,X,Y,Z,X,Y,Z,W,X,Y,Z,X,Y,Z,W,X,Y,Z,X,Y,Z,W,X,Y,Z,X,Y,Z,W,X,Y,Z,X,Y,Z,W,X,Y,Z,X,Y,Z,W,X,Y,Z,X,Y,Z,W,X,Y,Z,X,Y,Z,W,X,Y,Z,X,Y,Z,W,X,Y,Z,X,Y,Z,W,X,Y,Z,X,Y,Z,W,X,Y,Z,X,Y,Z,W,X,Y,Z
0,0.000000,-0.003299,0.912181,-0.014217,0.409528,-4.994925,84.194542,22.599646,-0.061317,0.908274,0.109220,0.399187,-4.951931,91.833092,22.380800,0.001862,0.916556,0.006686,0.399847,-8.632186,109.784103,25.150475,0.118533,0.942115,-0.096992,0.298265,-8.671240,129.985901,25.428164,0.041058,0.977308,-0.127468,0.164122,-3.604690,143.280670,22.312502,0.087924,0.926167,-0.026685,0.365749,-11.976203,123.758820,23.216619,0.416828,-0.429560,0.417403,-0.683745,-25.866949,126.535904,10.000296,0.496917,-0.425336,0.339798,-0.675796,-18.377825,101.911011,3.652567,0.564270,-0.427673,0.260415,-0.656415,-9.387781,82.441391,-1.583096,-0.035941,0.879107,-0.105841,0.463332,-6.909688,123.693558,28.675661,0.565745,0.819175,0.027592,0.090131,4.095744,126.817978,44.310707,0.518030,0.819387,0.178883,0.168078,13.204950,102.114555,47.397667,0.484475,0.775507,0.346688,0.208998,22.044218,82.361099,49.355663,0.079423,0.884903,0.187849,0.418750,-11.188072,84.029945,15.637845,0.091936,0.933479,0.032835,0.345089,-10.590665,51.350368,1.416472,-0.043537,0.934062,0.020682,0.353843,-17.289375,7.243228,-4.193023,-0.116097,0.904871,-0.025474,0.408756,1.198222,84.359138,29.561447,0.001654,0.905201,-0.148774,0.398090,7.945129,49.721390,34.587811,-0.067355,0.886473,0.026246,0.457099,2.484443,6.747878,46.639236,-0.043537,0.934062,0.020682,0.353843,-7.492831,2.184641,-14.706916,-0.067355,0.886473,0.026246,0.457099,14.632411,2.264906,38.612198
1,0.008333,-0.003213,0.912755,-0.014170,0.408249,-4.982041,84.196335,22.586510,-0.061210,0.908830,0.109555,0.397844,-4.938449,91.834908,22.368786,0.001570,0.917139,0.006745,0.398508,-8.615808,109.783409,25.156572,0.118263,0.942401,-0.096817,0.297525,-8.666251,129.985229,25.431803,0.039648,0.977467,-0.127101,0.163807,-3.611746,143.283966,22.313494,0.088033,0.926837,-0.027212,0.363981,-11.973889,123.755852,23.230698,0.418017,-0.428718,0.417675,-0.683381,-25.913895,126.533531,10.066464,0.496320,-0.420181,0.342129,-0.678279,-18.398470,101.898422,3.789895,0.558231,-0.424013,0.261506,-0.663480,-9.292191,82.458771,-1.292549,-0.036400,0.879580,-0.105904,0.462384,-6.891437,123.694359,28.674948,0.565453,0.819162,0.027204,0.092182,4.146719,126.832291,44.284203,0.519703,0.817948,0.175080,0.173830,13.253647,102.140869,47.472252,0.484804,0.775741,0.341748,0.215406,21.919567,82.372787,49.693897,0.079307,0.884830,0.187763,0.418965,-11.194684,84.033852,15.642050,0.091926,0.933632,0.033049,0.344659,-10.589223,51.350655,1.429354,-0.042764,0.934071,0.021028,0.353892,-17.283010,7.244614,-4.194630,-0.115658,0.905833,-0.025374,0.406752,1.230600,84.358818,29.530970,0.002002,0.905699,-0.149674,0.396614,7.963640,49.713448,34.523270,-0.068529,0.887069,0.027043,0.455720,2.462140,6.764230,46.642555,-0.042764,0.934071,0.021028,0.353892,-7.492316,2.186836,-14.714360,-0.068529,0.887069,0.027043,0.455720,14.598201,2.316258,38.578121
2,0.016667,-0.003257,0.913287,-0.014564,0.407044,-4.967878,84.191063,22.579475,-0.061266,0.909369,0.109702,0.396561,-4.922745,91.829460,22.355923,0.001478,0.917704,0.006905,0.397203,-8.601741,109.784248,25.154158,0.118062,0.942659,-0.096926,0.296750,-8.657743,129.985977,25.433916,0.038116,0.977650,-0.126576,0.163481,-3.611479,143.285553,22.305883,0.088167,0.927483,-0.027904,0.362248,-11.969672,123.756042,23.240875,0.415705,-0.424961,0.421081,-0.685047,-25.957533,126.532875,10.127328,0.492873,-0.415649,0.344227,-0.682510,-18.423504,101.872551,3.973217,0.551859,-0.421655,0.261595,-0.670244,-9.217223,82.475891,-1.055662,-0.036685,0.879888,-0.106312,0.461681,-6.871740,123.694977,28.670635,0.565321,0.819056,0.026522,0.094106,4.190794,126.847473,44.259682,0.521062,0.816775,0.171511,0.178766,13.286617,102.165558,47.551388,0.485741,0.775609,0.337803,0.219943,21.805902,82.388512,50.006718,0.079264,0.884729,0.187863,0.419141,-11.198829,84.025124,15.651518,0.091959,0.933801,0.033171,0.344179,-10.584710,51.344120,1.434129,-0.043341,0.934056,0.020835,0.353874,-17.280325,7.239357,-4.197672,-0.115179,0.906827,-0.025126,0.404681,1.263072,84.357002,29.507431,0.002289,0.906232,-0.150608,0.395038,7.984212,49.702854,34.454662,-0.070077,0.887688,0.027134,0.454272,2.447330,6.778955,46.647312,-0.043341,0.934056,0.020835,0.353874,-7.484659,2.182749,-14.713338,-0.070077,0.887688,0.027134,0.454272,14.571175,2.353259,38.552303
3,0.025000,-0.003037,0.913811,-0.014318,0.405876,-4.950293,84.190468,22.554943,-0.061172,0.909979,0.109860,0.395129,-4.903890,91.828995,22.336128,0.001293,0.918365,0.007032,0.395671,-8.576545,109.777809,25.146004,0.116777,0.943191,-0.096514,0.295700,-8.641004,129.979492,25.427624,0.037178,0.977805,-0.126137,0.163110,-3.636846,143.293228,22.292154,0.088331,0.928163,-0.028268,0.360432,-11.957329,123.748192,23.245117,0.415916,-0.423766,0.421597,-0.685341,-25.994915,126.530121,10.185894,0.491782,-0.412224,0.345723,-0.684614,-18.430212,101.866058,4.084673,0.546672,-0.419915,0.260399,-0.676028,-9.153160,82.504776,-0.858792,-0.036976,0.879984,-0.106949,0.461328,-6.841296,123.689056,28.657850,0.565460,0.818724,0.026141,0.096243,4.233027,126.861534,44.234467,0.521971,0.815824,0.168555,0.183212,13.298966,102.182480,47.628490,0.486455,0.775498,0.334086,0.224390,21.695744,82.412567,50.290089,0.079195,0.884433,0.187580,0.419904,-11.198963,84.030426,15.642828,0.091949,0.934092,0.033420,0.343366,-10.577110,51.341057,1.445028,-0.042616,0.934082,0.021140,0.353876,-17.268995,7.237613,-4.201552,-0.114814,0.907721,-0.025121,0.402777,1.298378,84.350517,29.467058,0.002565,0.906742,-0.151474,0.393532,8.006822,49.690376,34.389462,-0.071806,0.888389,0.026754,0.452651,2.437029,6.790134,46.650188,-0.042616,0.934082,0.021140,0.353876,-7.479860,2.181210,-14.723394,-0.071806,0.888389,0.026754,0.452651,14.545568,2.376968,38.525486
4,0.033333,-0.003079,0.914446,-0.014508,0.404436,-4.933460,84.183571,22.544254,-0.061299,0.910506,0.109992,0.393857,-4.886813,91.822014,22.322458,0.001175,0.918879,0.006936,0.394476,-8.563468,109.777855,25.141317,0.116293,0.943510,-0.096539,0.294864,-8.630397,129.979614,25.417583,0.036054,0.977984,-0.125722,0.162609,-3.642908,143.297165,22.271801,0.088300,0.928691,-0.028644,0.359049,-11.951396,123.747185,23.245409,0.416728,-0.423519,0.421782,-0.684887,-26.027737,126.526085,10.227325,0.491972,-0.409815,0.346236,-0.685665,-18.460169,101.852676,4.167491,0.543984,-0.418649,0.259134,-0.679459,-9.117335,82.520821,-0.705233,-0.036944,0.880111,-0.107684,0.460917,-6.821300,123.690346,28.644838,0.565738,0.818336,0.025494,0.098064,4.267772,126.873352,44.208805,0.522869,0.814946,0.165887,0.186957,13.298244,102.194687,47.698856,0.487477,0.775099,0.330650,0.228602,21.581570,82.437836,50.535030,0.079121,0.884200,0.187839,0.420293,-11.203883,84.021729,15.651909,0.092037,0.934116,0.033375,0.343281,-10.563089,51.338482,1.440874,-0.042290,0.934105,0.021203,0.353849,-17.264233,7.236230,-4.204014,-0.114547,0.908612,-0.025205,0.400833,1.336963,84.345406,29.436600,0.003084,0.907446,-0.152131,0.391648,8.036488,49.681194,34.342464,-0.073183,0.888776,0.025396,0.451749,2.426752,6.799140,46.648525,-0.042290,0.934105,0.021203,0.353849,-7.478857,2.177908,-14.728429,-0.073183,0.888776,0.025396,0.451749,14.526947,2.369663,38.520271
5,0.041667,-0.003063,0.915086,-0.014737,0.402977,-4.917118,84.174828,22.535879,-0.061318,0.911057,0.109880,0.392608,-4.869197,91.813171,22.310902,0.000958,0.919382,0.006916,0.393303,-8.542092,109.774948,25.131611,0.115689,0.943701,-0.097124,0.294297,-8.616388,129.976730,25.403753,0.034601,0.978091,-0.125109,0.162752,-3.643147,143.293839,22.233606,0.088288,0.929204,-0.029053,0.357689,-11.940424,123.742523,23.241381,0.417064,-0.423278,0.422273,-0.684529,-26.054615,126.518570,10.263745,0.492173,-0.408143,0.346121,-0.686574,-18.498192,101.833153,4.239100,0.542964,-0.417039,0.257425,-0.681910,-9.094815,82.529976,-0.597265,-0.036990,0.880187,-0.108400,0.460599,-6.796557,123.688873,28.627720,0.566013,0.817929,0.024740,0.100044,4.303731,126.885017,44.180988,0.523971,0.813692,0.164995,0.190096,13.296914,102.207970,47.777073,0.485123,0.775813,0.328796,0.233800,21.470575,82.446480,50.722713,0.078953,0.884099,0.188335,0.420316,-11.209487,84.011894,15.663591,0.092095,0.934231,0.033263,0.342965,-10.542350,51.340031,1.427621,-0.042156,0.934130,0.021027,0.353811,-17.253736,7.238075,-4.207366,-0.114254,0.909197,-0.025275,0.399585,1.375251,84.337769,29.408165,0.003396,0.907856,-0.152496,0.390552,8.060772,49.669022,34.301102,-0.074600,0.888995,0.023529,0.451186,2.427587,6.797150,46.631908,-0.042156,0.934130,0.021027,0.353811,-7.471098,2.173586,-14.731355,-0.074600,0.888995,0.023529,0.451186,14.524526,2.339576,38.514183
6,0.050000,-0.003172,0.915768,-0.014610,0.401428,-4.894086,84.164284,22.527964,-0.061280,0.911582,0.109709,0.391443,-4.848842,91.802673,22.304026,0.000757,0.919824,0.006845,0.392270,-8.515182,109.769890,25.124889,0.115309,0.943943,-0.096824,0.293769,-8.595539,129.971725,25.391283,0.033174,0.978201,-0.124947,0.162512,-3.637208,143.294662,22.222277,0.088278,0.929704,-0.029399,0.356361,-11.922364,123.735786,23.238203,0.417636,-0.423602,0.422344,-0.683935,-26.073378,126.509918,10.300301,0.492909,-0.407769,0.345401,-0.686632,-18.534702,101.815178,4.291597,0.543634,-0.416448,0.256539,-0.682071,-9.101116,82.538422,-0.536244,-0.037181,0.880560,-0.108944,0.459742,-6.766397,123.685417,28.613001,0.567300,0.816904,0.022671,0.101610,4.363916,126.894699,44.142105,0.524384,0.813407,0.162861,0.192006,13.263059,102.201782,47.861111,0.486072,0.775347,0.326845,0.236103,21.373793,82.467201,50.912060,0.078964,0.883938,0.188872,0.420411,-11.209669,84.000847,15.677008,0.092108,0.934194,0.033031,0.343084,-10.524981,51.343544,1.408477,-0.041994,0.934201,0.020981,0.353646,-17.243931,7.240409,-4.208325,-0.114005,0.909657,-0.025386,0.398600,1.421497,84.327728,29.378918,0.003631,0.908008,-0.152848,0.390059,8.093306,49.655342,34.264755,-0.076143,0.889256,0.021104,0.450534,2.435270,6.793296,46.618317,-0.041994,0.934201,0.020981,0.353646,-7.466794,2.172767,-14.735921,-0.076143,0.889256,0.021104,0.450534,14.526881,2.295188,38.515011
7,0.058333,-0.003265,0.916359,-0.014438,0.400084,-4.869092,84.154312,22.520918,-0.061284,0.912070,0.109475,0.390369,-4.826536,91.792770,22.298748,0.000464,0.920241,0.006744,0.391294,-8.487440,109.767082,25.116877,0.114784,0.944220,-0.097199,0.292959,-8.576803,129.968979,25.374994,0.032121,0.978417,-0.124305,0.161918,-3.633484,143.292816,22.186340,0.088148,0.930169,-0.029873,0.355138,-11.905228,123.730560,23.231573,0.418113,-0.424195,0.422267,-0.683323,-26.090855,126.496490,10.329871,0.493744,-0.408171,0.344104,-0.686444,-18.575388,101.794388,4.322393,0.545041,-0.416755,0.256035,-0.680949,-9.128407,82.559242,-0.523830,-0.037166,0.880546,-0.110165,0.459480,-6.737860,123.684898,28.595453,0.568590,0.815877,0.020901,0.103017,4.401850,126.914299,44.113644,0.524751,0.813148,0.161391,0.193337,13.207993,102.204422,47.939781,0.486796,0.774906,0.325816,0.237473,21.271076,82.487617,51.062458,0.079219,0.883821,0.189454,0.420347,-11.204749,83.990883,15.688523,0.092104,0.934143,0.032600,0.343265,-10.518859,51.352154,1.377618,-0.041597,0.934190,0.021034,0.353717,-17.249802,7.246408,-4.204181,-0.113813,0.910109,-0.025561,0.397612,1.466566,84.317741,29.353312,0.003834,0.908118,-0.153031,0.389729,8.126402,49.642876,34.237881,-0.077091,0.889472,0.018679,0.450052,2.449918,6.785989,46.600887,-0.041597,0.934190,0.021034,0.353717,-7.474991,2.175931,-14.732570,-0.077091,0.889472,0.018679,0.450052,14.534008,2.239182,38.513554
8,0.066667,-0.003318,0.916939,-0.014220,0.398759,-4.846280,84.144341,22.514181,-0.060916,0.912588,0.109250,0.389278,-4.806118,91.782883,22.294678,0.000014,0.920662,0.006467,0.390306,-8.448729,109.763931,25.115601,0.114422,0.944416,-0.097509,0.292365,-8.550186,129.966003,25.356388,0.030751,0.978583,-0.123774,0.161582,-3.617011,143.289963,22.152630,0.087979,0.930667,-0.030169,0.353849,-11.879285,123.723648,23.225513,0.418587,-0.425612,0.421833,-0.682419,-26.101456,126.482605,10.362614,0.495251,-0.409217,0.342269,-0.685653,-18.630419,101.774307,4.325209,0.547431,-0.417805,0.254326,-0.679026,-9.168693,82.562874,-0.553901,-0.037391,0.880408,-0.111132,0.459493,-6.700420,123.685852,28.578354,0.569217,0.815088,0.021724,0.105605,4.438145,126.939980,44.092190,0.525189,0.812285,0.161846,0.195386,13.177872,102.219345,48.000355,0.486520,0.774552,0.325718,0.239323,21.178505,82.509354,51.170845,0.079270,0.883906,0.190182,0.419830,-11.201652,83.981941,15.700097,0.092107,0.934155,0.032180,0.343271,-10.504686,51.363503,1.343547,-0.041537,0.934201,0.020831,0.353707,-17.248943,7.255361,-4.203120,-0.113776,0.910458,-0.025708,0.396813,1.509091,84.306740,29.328262,0.004108,0.908249,-0.153121,0.389386,8.166645,49.631805,34.215488,-0.077123,0.889507,0.016558,0.450060,2.469316,6.777575,46.578121,-0.041537,0.934201,0.020831,0.353707,-7.475563,2.178816,-14.729905,-0.077123,0.889507,0.016558,0.450060,14.547418,2.177619,38.511936
9,0.075000,-0.003341,0.917437,-0.014122,0.397617,-4.825968,84.137413,22.509413,-0.060651,0.913043,0.109163,0.388276,-4.786992,91.776001,22.291100,-0.000434,0.921052,0.006131,0.389390,-8.415499,109.754921,25.116371,0.113845,0.944587,-0.098285,0.291779,-8.528101,129.957138,25.337732,0.029562,0.978746,-0.123019,0.161397,-3.607221,143.278610,22.104822,0.087846,0.931091,-0.030274,0.352755,-11.857832,123.710808,23.219536,0.418833,-0.427083,0.421314,-0.681670,-26.110882,126.466240,10.390099,0.496391,-0.410857,0.340375,-0.684790,-18.683125,101.755272,4.310383,0.549876,-0.419244,0.253157,-0.676596,-9.224260,82.558670,-0.626425,-0.037459,0.880123,-0.112689,0.459655,-6.668331,123.681198,28.562117,0.570280,0.814145,0.021354,0.107203,4.464302,126.965668,44.073826,0.525478,0.811721,0.162135,0.196708,13.121737,102.227829,48.055634,0.485548,0.774479,0.326754,0.240119,21.076939,82.533745,51.254948,0.079109,0.884350,0.190956,0.418572,-11.198296,83.975639,15.711167,0.092056,0.934425,0.031897,0.342577,-10.487599,51.376408,1.311719,-0.041291,0.934345,0.020472,0.353378,-17.240540,7.265791,-4.204631,-0.113690,0.910687,-0.025690,0.396313,1.546360,84.299194,29.307657,0.004132,0.908186,-0.153207,0.389497,8.201580,49.622795,34.187614,-0.075944,0.889443,0.014636,0.450456,2.497796,6.770963,46.555557,-0.041291,0.934345,0.020472,0.353378,-7.478104,2.176697,-14.735518,-0.075944,0.889443,0.014636,0.450456,14.566363,2.106273,38.512302
10,0.083333,-0.003367,0.917895,-0.014158,0.396556,-4.807856,84.127533,22.507738,-0.060182,0.913522,0.109041,0.387254,-4.769281,91.766098,22.288708,-0.000648,0.921476,0.005801,0.388392,-8.377032,109.747849,25.120768,0.113301,0.944788,-0.099241,0.291014,-8.492193,129.950226,25.326595,0.028290,0.978943,-0.122308,0.160971,-3.582326,143.267288,22.058964,0.087532,0.931605,-0.030710,0.351435,-11.825562,123.701752,23.220493,0.418756,-0.429058,0.420386,-0.681050,-26.116747,126.443222,10.430552,0.497225,-0.412791,0.338643,-0.683879,-18.737211,101.737511,4.271258,0.552499,-0.420065,0.252710,-0.674113,-9.299397,82.554787,-0.731125,-0.037637,0.879708,-0.114346,0.460024,-6.624502,123.677086,28.551844,0.571681,0.813035,0.020665,0.108297,4.494431,126.998154,44.065578,0.525883,0.811464,0.162037,0.196766,13.054570,102.236237,48.107555,0.486406,0.773895,0.326207,0.241007,20.990761,82.533577,51.306194,0.078953,0.885023,0.191716,0.416828,-11.195876,83.965286,15.724251,0.091929,0.934786,0.031749,0.341637,-10.480296,51.385033,1.282160,-0.041082,0.934362,0.020303,0.353366,-17.232815,7.271475,-4.211132,-0.113669,0.910928,-0.025501,0.395778,1.580163,84.289780,29.291225,0.004078,0.907829,-0.153299,0.390294,8.242292,49.612347,34.154377,-0.073935,0.889125,0.012879,0.451469,2.528787,6.763011,46.526497,-0.041082,0.934362,0.020303,0.353366,-7.473284,2.175613,-14.741432,-0.073935,0.889125,0.012879,0.451469,14.591640,2.027082,38.516376
11,0.091667,-0.003385,0.918240,-0.013991,0.395763,-4.786974,84.118309,22.501907,-0.059803,0.913893,0.109121,0.386413,-4.749845,91.756943,22.285080,-0.001032,0.921820,0.005327,0.387581,-8.343660,109.741554,25.128973,0.113219,0.944900,-0.099926,0.290449,-8.465521,129.944107,25.311258,0.027067,0.979108,-0.121928,0.160465,-3.555535,143.255646,22.021351,0.087178,0.931936,-0.030722,0.350645,-11.800402,123.692009,23.218363,0.418238,-0.430711,0.419929,-0.680606,-26.115482,126.422592,10.452847,0.497916,-0.415280,0.336834,-0.682763,-18.790970,101.718376,4.222314,0.555318,-0.421902,0.251154,-0.671224,-9.391648,82.543007,-0.862847,-0.037376,0.879456,-0.116425,0.460007,-6.589972,123.675415,28.540590,0.573019,0.811947,0.020028,0.109498,4.530349,127.024200,44.047367,0.526198,0.811226,0.162476,0.196544,12.995395,102.240013,48.152691,0.486719,0.773485,0.326690,0.241038,20.917786,82.537827,51.328152,0.078617,0.886034,0.192332,0.414453,-11.186710,83.957176,15.729443,0.091798,0.935017,0.031652,0.341048,-10.469899,51.390015,1.257923,-0.040586,0.934490,0.020268,0.353088,-17.217968,7.273734,-4.218966,-0.113578,0.911003,-0.025354,0.395640,1.612762,84.279449,29.274372,0.003952,0.907481,-0.153319,0.391096,8.273957,49.600002,34.124477,-0.070925,0.888814,0.011366,0.452604,2.559111,6.751126,46.497581,-0.040586,0.934490,0.020268,0.353088,-7.469896,2.171309,-14.756703,-0.070925,0.888814,0.011366,0.452604,14.609511,1.936015,38.515968
12,0.100000,-0.003436,0.918567,-0.013914,0.395006,-4.768802,84.109207,22.498381,-0.059329,0.914388,0.109006,0.385348,-4.733031,91.747871,22.282297,-0.001352,0.922303,0.004944,0.386434,-8.304802,109.730003,25.132565,0.112505,0.945074,-0.100964,0.289798,-8.432378,129.932693,25.295692,0.025981,0.979194,-0.121496,0.160447,-3.536763,143.240173,21.968206,0.087000,0.932217,-0.031552,0.349867,-11.770539,123.677567,23.217115,0.418818,-0.433832,0.418021,-0.679441,-26.107937,126.392319,10.473289,0.499628,-0.418367,0.334719,-0.680664,-18.841692,101.700233,4.127480,0.558622,-0.423647,0.248333,-0.668427,-9.491744,82.517532,-1.033460,-0.037935,0.879088,-0.117775,0.460320,-6.546897,123.667679,28.526390,0.574096,0.811032,0.019642,0.110700,4.560622,127.060463,44.032784,0.526966,0.810740,0.163149,0.195932,12.946131,102.258751,48.195084,0.487574,0.772895,0.327195,0.240518,20.841223,82.546646,51.323463,0.078191,0.887086,0.192995,0.411967,-11.179683,83.947945,15.736473,0.091851,0.935177,0.031396,0.340620,-10.456393,51.394238,1.235038,-0.040691,0.934472,0.019990,0.353139,-17.219297,7.277379,-4.218858,-0.113484,0.910890,-0.025153,0.395939,1.642080,84.270462,29.260290,0.003795,0.907228,-0.153182,0.391738,8.301414,49.588783,34.096916,-0.067960,0.888797,0.009635,0.453133,2.595439,6.736016,46.460629,-0.040691,0.934472,0.019990,0.353139,-7.469811,2.168742,-14.752274,-0.067960,0.888797,0.009635,0.453133,14.621615,1.835946,38.494205
13,0.108333,-0.003553,0.918817,-0.013691,0.394430,-4.748753,84.101746,22.490622,-0.058684,0.914661,0.109249,0.384728,-4.716113,91.740494,22.276936,-0.001839,0.922539,0.004286,0.385875,-8.267797,109.724686,25.147331,0.111861,0.945179,-0.102159,0.289287,-8.403160,129.927567,25.278425,0.025125,0.979341,-0.120985,0.160070,-3.518245,143.228867,21.910734,0.086494,0.932361,-0.031536,0.349610,-11.741355,123.667816,23.213846,0.418459,-0.435976,0.417332,-0.678713,-26.089108,126.365318,10.477999,0.500225,-0.421751,0.332564,-0.679192,-18.891249,101.674858,4.048526,0.561398,-0.426331,0.246510,-0.665062,-9.607516,82.502106,-1.222262,-0.037968,0.878547,-0.119906,0.460800,-6.511307,123.668442,28.516823,0.575489,0.809947,0.019624,0.111414,4.578978,127.101814,44.026623,0.527237,0.810582,0.164046,0.195107,12.871186,102.272690,48.212315,0.487877,0.772601,0.328113,0.239594,20.768963,82.550285,51.288837,0.077847,0.888118,0.193460,0.409585,-11.168102,83.940247,15.736753,0.091735,0.935403,0.031309,0.340039,-10.448015,51.395535,1.214974,-0.040900,0.934612,0.019836,0.352753,-17.207251,7.276267,-4.223914,-0.113451,0.910776,-0.025055,0.396218,1.670597,84.263252,29.244492,0.003682,0.906829,-0.153122,0.392684,8.329154,49.580688,34.075863,-0.064263,0.888726,0.009128,0.453820,2.621621,6.726223,46.432938,-0.040900,0.934612,0.019836,0.352753,-7.464725,2.165451,-14.762714,-0.064263,0.888726,0.009128,0.453820,14.623316,1.761895,38.469376
14,0.116667,-0.003691,0.919058,-0.013745,0.393865,-4.732936,84.096642,22.495594,-0.058145,0.914896,0.109232,0.384256,-4.702046,91.735344,22.280312,-0.002194,0.922703,0.003634,0.385488,-8.233711,109.721687,25.159719,0.111480,0.945267,-0.103000,0.288849,-8.372111,129.924698,25.261057,0.024158,0.979487,-0.120797,0.159471,-3.493227,143.221069,21.865263,0.086134,0.932448,-0.031810,0.349443,-11.711053,123.661400,23.208523,0.417805,-0.438281,0.416665,-0.678041,-26.065742,126.342682,10.477063,0.500325,-0.425275,0.330654,-0.677853,-18.945221,101.655128,3.951045,0.564077,-0.427898,0.244355,-0.662579,-9.737947,82.481827,-1.439632,-0.038088,0.878176,-0.121579,0.461057,-6.476580,123.670670,28.507126,0.576844,0.808952,0.019034,0.111743,4.604173,127.138664,44.016037,0.527661,0.810606,0.164472,0.193498,12.809742,102.284966,48.226570,0.490004,0.771584,0.328456,0.238054,20.710077,82.567848,51.232719,0.077362,0.889224,0.194248,0.406895,-11.160575,83.932510,15.749675,0.091764,0.935551,0.031019,0.339649,-10.430120,51.404209,1.191702,-0.040789,0.934676,0.019662,0.352606,-17.203012,7.283795,-4.220893,-0.113402,0.910578,-0.024789,0.396702,1.694703,84.260765,29.241514,0.003525,0.906398,-0.153281,0.393618,8.355155,49.576473,34.057816,-0.062124,0.888724,0.008548,0.454133,2.642086,6.726274,46.427135,-0.040789,0.934676,0.019662,0.352606,-7.465442,2.167006,-14.761381,-0.062124,0.888724,0.008548,0.454133,14.626896,1.717545,38.465942
15,0.125000,-0.003772,0.919146,-0.013489,0.393667,-4.713073,84.093399,22.479935,-0.057926,0.914991,0.109552,0.383972,-4.684898,91.732201,22.267757,-0.002251,0.922817,0.003052,0.385220,-8.214536,109.725998,25.163609,0.111422,0.945276,-0.103931,0.288510,-8.345973,129.929169,25.242376,0.023188,0.979605,-0.120747,0.158926,-3.463468,143.217285,21.819534,0.085698,0.932431,-0.032062,0.349571,-11.688246,123.664711,23.198805,0.417264,-0.440460,0.416100,-0.677308,-26.042372,126.326607,10.462649,0.500687,-0.429191,0.328419,-0.676201,-18.998417,101.639893,3.850923,0.566928,-0.431098,0.242565,-0.658718,-9.872305,82.461777,-1.669632,-0.038166,0.878076,-0.122910,0.460889,-6.450695,123.678139,28.494352,0.578324,0.807845,0.018272,0.112219,4.635838,127.171600,43.993408,0.528063,0.810699,0.165048,0.191512,12.745072,102.292374,48.239662,0.491172,0.771295,0.329155,0.235608,20.655628,82.579308,51.160019,0.076904,0.890249,0.194532,0.404599,-11.143591,83.929810,15.736753,0.091810,0.935743,0.030835,0.339124,-10.413356,51.404320,1.172471,-0.040718,0.934737,0.019667,0.352452,-17.198750,7.283631,-4.222186,-0.113461,0.910333,-0.024898,0.397240,1.717446,84.256981,29.223118,0.003504,0.906223,-0.153304,0.394012,8.375661,49.574013,34.052078,-0.059913,0.888639,0.008578,0.454595,2.658074,6.724417,46.421402,-0.040718,0.934737,0.019667,0.352452,-7.465362,2.166063,-14.766150,-0.059913,0.888639,0.008578,0.454595,14.630119,1.685847,38.459843
16,0.133333,-0.003865,0.919225,-0.013298,0.393488,-4.693193,84.091034,22.461023,-0.057631,0.915101,0.109924,0.383648,-4.667523,91.729904,22.250952,-0.002419,0.922947,0.002359,0.384911,-8.191710,109.723732,25.165077,0.111576,0.945247,-0.104632,0.288289,-8.318615,129.927032,25.215429,0.022108,0.979696,-0.120783,0.158487,-3.427976,143.207382,21.774179,0.085591,0.932392,-0.032430,0.349668,-11.663636,123.660431,23.182922,0.416304,-0.442306,0.415747,-0.676913,-26.015860,126.313255,10.442731,0.500286,-0.433293,0.326648,-0.674739,-19.042730,101.629601,3.745035,0.569270,-0.433775,0.240604,-0.655652,-10.018071,82.436371,-1.915939,-0.038362,0.877764,-0.124292,0.461097,-6.422559,123.680161,28.474962,0.579693,0.806863,0.017625,0.112328,4.655973,127.205505,43.972519,0.528361,0.810805,0.166149,0.189274,12.679845,102.301582,48.236130,0.491728,0.771048,0.329799,0.234355,20.615705,82.577019,51.053291,0.076753,0.890835,0.194652,0.403278,-11.126326,83.927277,15.720338,0.091777,0.935798,0.030590,0.339004,-10.404565,51.403473,1.151875,-0.040460,0.934685,0.019871,0.352608,-17.195488,7.280895,-4.220313,-0.113505,0.910292,-0.025371,0.397293,1.739939,84.254784,29.201710,0.003497,0.906021,-0.153136,0.394542,8.387182,49.574219,34.062923,-0.058250,0.888517,0.008599,0.455051,2.668930,6.720000,46.415932,-0.040460,0.934685,0.019871,0.352608,-7.460670,2.166097,-14.764301,-0.058250,0.888517,0.008599,0.455051,14.633271,1.659148,38.456924
17,0.141667,-0.003795,0.919241,-0.013373,0.393449,-4.677640,84.087250,22.439232,-0.057540,0.915106,0.110249,0.383555,-4.650534,91.726097,22.228525,-0.002387,0.922982,0.002029,0.384831,-8.178003,109.728333,25.156963,0.111398,0.945209,-0.105748,0.288076,-8.298568,129.931686,25.195513,0.021431,0.979743,-0.120976,0.158143,-3.405435,143.202759,21.722147,0.085178,0.932267,-0.032656,0.350080,-11.645907,123.664948,23.167255,0.415638,-0.444220,0.415102,-0.676464,-25.989672,126.298836,10.413620,0.500020,-0.437752,0.324980,-0.672860,-19.078131,101.621643,3.628886,0.571301,-0.437419,0.238458,-0.652240,-10.173117,82.404900,-2.170565,-0.038410,0.877632,-0.125356,0.461057,-6.403902,123.686150,28.458368,0.580710,0.806152,0.016672,0.112329,4.675917,127.231766,43.950378,0.529270,0.810741,0.166776,0.186435,12.637242,102.311935,48.238213,0.493608,0.770566,0.330472,0.231014,20.572897,82.584145,50.933796,0.076683,0.891226,0.194728,0.402388,-11.111353,83.924156,15.699084,0.091740,0.935754,0.030278,0.339163,-10.397400,51.401699,1.127225,-0.039961,0.934721,0.020140,0.352553,-17.193916,7.276797,-4.218761,-0.113570,0.910066,-0.025887,0.397759,1.756072,84.250336,29.179382,0.003387,0.905720,-0.152901,0.395325,8.390237,49.572708,34.079288,-0.057049,0.888440,0.008646,0.455352,2.678623,6.711954,46.412678,-0.039961,0.934721,0.020140,0.352553,-7.464690,2.163726,-14.768746,-0.057049,0.888440,0.008646,0.455352,14.636983,1.635797,38.454418
18,0.150000,-0.003823,0.919262,-0.013329,0.393401,-4.658677,84.089485,22.414585,-0.057718,0.915079,0.110571,0.383501,-4.632246,91.728348,22.204334,-0.002221,0.922993,0.001570,0.384807,-8.171168,109.732727,25.142094,0.111083,0.945203,-0.106425,0.287967,-8.278433,129.936172,25.166119,0.020898,0.979738,-0.121402,0.157919,-3.389175,143.203110,21.671619,0.085013,0.932104,-0.032847,0.350538,-11.629996,123.670181,23.142534,0.415226,-0.446258,0.414328,-0.675850,-25.962416,126.294411,10.374170,0.499464,-0.442253,0.323603,-0.670991,-19.113047,101.623299,3.504761,0.573206,-0.440413,0.237961,-0.648727,-10.342220,82.384613,-2.429878,-0.038087,0.877396,-0.126570,0.461200,-6.387716,123.691727,28.433371,0.581839,0.805420,0.015542,0.111891,4.687908,127.248405,43.925838,0.529894,0.810853,0.167599,0.183414,12.584804,102.309944,48.224468,0.493993,0.770800,0.330956,0.228704,20.538223,82.577477,50.792164,0.076620,0.891451,0.194601,0.401965,-11.093096,83.926247,15.675118,0.091827,0.935863,0.030102,0.338855,-10.385880,51.399578,1.112348,-0.040043,0.934674,0.019992,0.352676,-17.196768,7.275152,-4.219253,-0.113532,0.909769,-0.026481,0.398409,1.775742,84.252716,29.154051,0.003219,0.905342,-0.152670,0.396279,8.386985,49.576698,34.096130,-0.055705,0.888319,0.008910,0.455749,2.684287,6.709495,46.411201,-0.040043,0.934674,0.019992,0.352676,-7.464355,2.159145,-14.764871,-0.055705,0.888319,0.008910,0.455749,14.637843,1.621581,38.453247
19,0.158333,-0.003846,0.919296,-0.013289,0.393324,-4.642181,84.094986,22.385277,-0.057613,0.915027,0.110825,0.383568,-4.616331,91.733864,22.175453,-0.002177,0.922934,0.001222,0.384950,-8.155068,109.734680,25.122684,0.110547,0.945223,-0.107127,0.287849,-8.255265,129.938171,25.134394,0.020605,0.979752,-0.121723,0.157624,-3.375597,143.202377,21.616142,0.084670,0.931924,-0.032694,0.351112,-11.608397,123.672127,23.113579,0.414184,-0.448068,0.413980,-0.675505,-25.927471,126.284721,10.327862,0.498275,-0.446406,0.322698,-0.669559,-19.148651,101.618553,3.371263,0.573290,-0.444688,0.237189,-0.646013,-10.515018,82.360779,-2.693851,-0.038145,0.877128,-0.127449,0.461464,-6.367749,123.695061,28.406031,0.582918,0.804715,0.014931,0.111430,4.698293,127.270302,43.901077,0.530226,0.811128,0.168397,0.180482,12.534028,102.311554,48.193840,0.495999,0.770103,0.331950,0.225244,20.515802,82.581871,50.640533,0.076655,0.891503,0.194316,0.401980,-11.077724,83.931679,15.646884,0.091828,0.935664,0.029873,0.339424,-10.381007,51.397480,1.100436,-0.039865,0.934707,0.020185,0.352599,-17.195787,7.271838,-4.216087,-0.113527,0.909451,-0.027348,0.399078,1.793362,84.258301,29.123671,0.003007,0.905076,-0.152309,0.397027,8.375777,49.585533,34.126648,-0.054609,0.888252,0.009128,0.456008,2.692980,6.708300,46.415981,-0.039865,0.934707,0.020185,0.352599,-7.466375,2.158961,-14.765994,-0.054609,0.888252,0.009128,0.456008,14.641437,1.610808,38.456490
20,0.166667,-0.003684,0.919268,-0.013529,0.393382,-4.631587,84.103996,22.354506,-0.057269,0.914829,0.111324,0.383947,-4.602006,91.742798,22.142269,-0.002561,0.922695,0.000817,0.385521,-8.138025,109.744644,25.110334,0.110571,0.945085,-0.107640,0.288100,-8.246249,129.948105,25.100883,0.020344,0.979734,-0.122352,0.157283,-3.360774,143.207077,21.570997,0.084163,0.931635,-0.032214,0.352045,-11.594385,123.678627,23.082438,0.413614,-0.449987,0.413474,-0.674888,-25.891363,126.277336,10.269186,0.497141,-0.450578,0.321907,-0.667987,-19.181692,101.614288,3.234973,0.572626,-0.449674,0.236763,-0.643301,-10.693594,82.341316,-2.952421,-0.038070,0.876885,-0.128159,0.461734,-6.360316,123.709145,28.381357,0.583831,0.804156,0.014610,0.110732,4.696303,127.295517,43.880566,0.530591,0.811329,0.169502,0.177445,12.483807,102.317574,48.149490,0.496234,0.770453,0.332510,0.222690,20.500370,82.572258,50.465836,0.076632,0.891381,0.194008,0.402402,-11.066309,83.941666,15.615302,0.091916,0.935587,0.029646,0.339632,-10.370453,51.398705,1.088421,-0.040357,0.934646,0.019868,0.352724,-17.198429,7.273314,-4.213255,-0.113617,0.909025,-0.028229,0.399960,1.803135,84.266319,29.093710,0.002845,0.904692,-0.151851,0.398076,8.361126,49.598507,34.162636,-0.053540,0.888067,0.009393,0.456490,2.693597,6.708684,46.415039,-0.040357,0.934646,0.019868,0.352724,-7.462071,2.157434,-14.755302,-0.053540,0.888067,0.009393,0.456490,14.641437,1.603476,38.459568
21,0.175000,-0.003629,0.919227,-0.013482,0.393480,-4.616738,84.115829,22.317867,-0.057027,0.914793,0.111314,0.384071,-4.586647,91.754654,22.106627,-0.002805,0.922635,0.000917,0.385663,-8.113536,109.751366,25.076384,0.110293,0.945116,-0.107816,0.288039,-8.232419,129.954773,25.066853,0.020321,0.979696,-0.123133,0.156912,-3.353319,143.214111,21.529573,0.083686,0.931483,-0.031775,0.352599,-11.576626,123.683525,23.047394,0.412853,-0.451795,0.412549,-0.674712,-25.861570,126.269844,10.218227,0.495408,-0.454732,0.322086,-0.666370,-19.197845,101.622322,3.086589,0.571011,-0.454391,0.237221,-0.641250,-10.882525,82.316864,-3.209002,-0.038236,0.876528,-0.128498,0.462304,-6.344202,123.716805,28.347921,0.584364,0.803838,0.014720,0.110212,4.691504,127.317200,43.858780,0.530930,0.811456,0.170786,0.174598,12.452058,102.326141,48.099861,0.498801,0.769199,0.333706,0.219479,20.495886,82.577988,50.286316,0.076738,0.891195,0.193545,0.403016,-11.050028,83.954773,15.577266,0.091875,0.935463,0.029461,0.340001,-10.364664,51.400173,1.075971,-0.039896,0.934736,0.020178,0.352519,-17.192802,7.273117,-4.211584,-0.113702,0.908478,-0.029162,0.401109,1.816552,84.276886,29.058468,0.002576,0.904242,-0.151448,0.399254,8.346616,49.614258,34.198452,-0.052419,0.887974,0.009583,0.456796,2.699535,6.713295,46.421242,-0.039896,0.934736,0.020178,0.352519,-7.464896,2.160307,-14.762916,-0.052419,0.887974,0.009583,0.456796,14.642769,1.597534,38.465637
22,0.183333,-0.003558,0.919100,-0.013472,0.393778,-4.599953,84.126373,22.271463,-0.056891,0.914729,0.111401,0.384217,-4.568850,91.765213,22.060806,-0.002965,0.922592,0.001121,0.385764,-8.090907,109.751938,25.033266,0.109716,0.945184,-0.107689,0.288086,-8.218937,129.955276,25.028845,0.020516,0.979566,-0.124156,0.156889,-3.355761,143.220108,21.490166,0.083325,0.931297,-0.030984,0.353247,-11.559863,123.683037,23.007057,0.412341,-0.453655,0.411499,-0.674419,-25.829433,126.265739,10.160063,0.493509,-0.458857,0.322282,-0.664856,-19.209129,101.633774,2.934821,0.568833,-0.459022,0.237681,-0.639715,-11.066958,82.297966,-3.471711,-0.038431,0.876121,-0.128688,0.463007,-6.328612,123.717346,28.308741,0.584744,0.803681,0.014548,0.109359,4.681321,127.330658,43.834896,0.531560,0.811474,0.172008,0.171368,12.428265,102.329933,48.043736,0.500391,0.768675,0.334667,0.216209,20.492378,82.571449,50.085766,0.076737,0.891146,0.193059,0.403359,-11.028880,83.966553,15.526670,0.092022,0.935162,0.029048,0.340823,-10.352472,51.398556,1.055080,-0.040312,0.934707,0.019957,0.352561,-17.201006,7.271770,-4.208266,-0.113819,0.908048,-0.030158,0.401976,1.828974,84.286201,29.016256,0.002396,0.903851,-0.151024,0.400300,8.332777,49.629688,34.230198,-0.051544,0.887765,0.009671,0.457300,2.701441,6.717115,46.419449,-0.040312,0.934707,0.019957,0.352561,-7.468515,2.157614,-14.754717,-0.051544,0.887765,0.009671,0.457300,14.645624,1.591931,38.471329
23,0.191667,-0.003278,0.918962,-0.013738,0.394092,-4.587688,84.140816,22.227501,-0.056879,0.914587,0.111616,0.384497,-4.550984,91.779572,22.014799,-0.003131,0.922472,0.001326,0.386048,-8.075279,109.758163,24.992455,0.109172,0.945182,-0.108268,0.288081,-8.212667,129.961441,24.993052,0.020921,0.979491,-0.124829,0.156774,-3.359598,143.224640,21.434460,0.082959,0.931080,-0.030320,0.353962,-11.549438,123.688164,22.967621,0.411569,-0.455440,0.410580,-0.674247,-25.801764,126.265190,10.100356,0.491358,-0.462764,0.322888,-0.663446,-19.227451,101.649437,2.778525,0.566131,-0.463419,0.237899,-0.638860,-11.259605,82.273094,-3.731346,-0.038689,0.875755,-0.128614,0.463697,-6.321476,123.723557,28.272539,0.584880,0.803634,0.015706,0.108819,4.662899,127.347183,43.814392,0.531897,0.811397,0.173904,0.168754,12.407685,102.335869,47.963924,0.500372,0.768946,0.335940,0.213295,20.501808,82.555298,49.870457,0.077021,0.890542,0.192272,0.405011,-11.012033,83.983757,15.478277,0.092042,0.935087,0.028932,0.341033,-10.350368,51.397240,1.047748,-0.040362,0.934700,0.019939,0.352575,-17.202934,7.270166,-4.207977,-0.113895,0.907683,-0.031027,0.402712,1.836657,84.297882,28.976723,0.002091,0.903378,-0.150637,0.401512,8.315868,49.646385,34.254257,-0.050255,0.887611,0.009706,0.457741,2.706868,6.723198,46.416401,-0.040362,0.934700,0.019939,0.352575,-7.469656,2.156095,-14.753744,-0.050255,0.887611,0.009706,0.457741,14.646623,1.581403,38.472359
24,0.200000,-0.003149,0.918745,-0.013802,0.394598,-4.570078,84.153481,22.181767,-0.056952,0.914376,0.111793,0.384936,-4.531063,91.792221,21.968969,-0.003431,0.922284,0.001623,0.386494,-8.061021,109.765388,24.949215,0.108705,0.945112,-0.108717,0.288317,-8.214223,129.968567,24.956131,0.021446,0.979337,-0.125771,0.156907,-3.368862,143.230743,21.383244,0.082718,0.930875,-0.029688,0.354610,-11.544125,123.693314,22.925478,0.410542,-0.456787,0.409776,-0.674451,-25.780218,126.268936,10.039984,0.488779,-0.466723,0.324020,-0.662024,-19.236080,101.672974,2.625200,0.562951,-0.468113,0.238737,-0.637936,-11.456812,82.238785,-3.987338,-0.038756,0.875551,-0.128492,0.464110,-6.321317,123.731102,28.235451,0.585461,0.803355,0.015839,0.107732,4.648017,127.356590,43.787487,0.531630,0.811933,0.175250,0.165597,12.369232,102.329338,47.884502,0.502298,0.768034,0.337303,0.209875,20.523468,82.553391,49.656788,0.077356,0.890177,0.191588,0.406074,-10.987004,83.998039,15.425455,0.092017,0.934875,0.028643,0.341644,-10.349770,51.396496,1.027821,-0.040549,0.934684,0.019910,0.352599,-17.205774,7.267502,-4.207283,-0.113905,0.907303,-0.031933,0.403495,1.846848,84.308914,28.938076,0.001872,0.902960,-0.150180,0.402623,8.295810,49.661655,34.280052,-0.049386,0.887392,0.009741,0.458259,2.706223,6.726032,46.407204,-0.040549,0.934684,0.019910,0.352599,-7.470115,2.154708,-14.751469,-0.049386,0.887392,0.009741,0.458259,14.646999,1.573607,38.471592
25,0.208333,-0.002896,0.918495,-0.013855,0.395180,-4.559288,84.167908,22.131296,-0.056743,0.914136,0.111958,0.385488,-4.516257,91.806648,21.919312,-0.003763,0.922046,0.001903,0.387057,-8.041480,109.770187,24.904467,0.108053,0.945178,-0.108272,0.288513,-8.211428,129.973221,24.916506,0.022210,0.979189,-0.127030,0.156712,-3.385551,143.244431,21.350813,0.082323,0.930658,-0.028807,0.355343,-11.533647,123.695770,22.880135,0.409579,-0.458362,0.408792,-0.674565,-25.752085,126.267715,9.974429,0.486078,-0.470454,0.325519,-0.660636,-19.241646,101.693596,2.458252,0.559748,-0.471823,0.240537,-0.637343,-11.661620,82.219040,-4.237832,-0.038683,0.875238,-0.128359,0.464744,-6.317364,123.736481,28.196495,0.585808,0.803236,0.016444,0.106634,4.629368,127.359756,43.764961,0.531519,0.812144,0.177313,0.162697,12.341493,102.318909,47.795460,0.500784,0.768920,0.339044,0.207432,20.548599,82.532654,49.423256,0.077574,0.889802,0.190762,0.407241,-10.967669,84.016289,15.366793,0.092086,0.934711,0.028415,0.342095,-10.350286,51.394630,1.013914,-0.040418,0.934601,0.020077,0.352823,-17.216604,7.265615,-4.207472,-0.113942,0.906870,-0.032620,0.404402,1.849092,84.319534,28.895802,0.001591,0.902703,-0.149907,0.403303,8.275085,49.676033,34.289646,-0.048607,0.887244,0.009697,0.458630,2.709056,6.732944,46.401176,-0.040418,0.934601,0.020077,0.352823,-7.476782,2.156060,-14.749381,-0.048607,0.887244,0.009697,0.458630,14.648732,1.568969,38.471420
26,0.216667,-0.002568,0.918194,-0.013867,0.395880,-4.546854,84.186302,22.080267,-0.056952,0.913792,0.112378,0.386149,-4.498988,91.825066,21.870129,-0.003801,0.921762,0.002028,0.387731,-8.038452,109.779610,24.862925,0.107425,0.945152,-0.108271,0.288836,-8.211814,129.982620,24.878922,0.022944,0.979022,-0.128051,0.156821,-3.400829,143.258316,21.309786,0.081937,0.930412,-0.028100,0.356133,-11.529996,123.705017,22.836384,0.408500,-0.459853,0.407883,-0.674755,-25.729136,126.271179,9.908293,0.483472,-0.474215,0.327005,-0.659122,-19.251915,101.719391,2.291097,0.556274,-0.476250,0.241591,-0.636693,-11.868197,82.191620,-4.490276,-0.038647,0.875072,-0.128082,0.465136,-6.321501,123.745491,28.160378,0.585857,0.803276,0.017439,0.105897,4.611228,127.364258,43.739731,0.531516,0.812276,0.179521,0.159593,12.328599,102.315094,47.708153,0.501843,0.768307,0.340673,0.204450,20.585981,82.517204,49.179440,0.077914,0.889407,0.189768,0.408501,-10.944951,84.040039,15.305916,0.091982,0.934661,0.028346,0.342264,-10.358744,51.395206,1.004514,-0.040571,0.934655,0.020100,0.352660,-17.217621,7.264134,-4.209218,-0.113956,0.906497,-0.033364,0.405172,1.851243,84.332565,28.854618,0.001341,0.902549,-0.149616,0.403755,8.251819,49.692791,34.302322,-0.047683,0.887123,0.009752,0.458960,2.710593,6.741786,46.397163,-0.040571,0.934655,0.020100,0.352660,-7.479803,2.156697,-14.754006,-0.047683,0.887123,0.009752,0.458960,14.647431,1.566663,38.470398
27,0.225000,-0.002292,0.917906,-0.013858,0.396548,-4.539042,84.200813,22.028660,-0.057128,0.913538,0.112470,0.386699,-4.487216,91.839600,21.820360,-0.003771,0.921553,0.002341,0.388228,-8.034644,109.787277,24.810642,0.107659,0.945086,-0.107510,0.289246,-8.211802,129.990219,24.838640,0.023171,0.978851,-0.129326,0.156807,-3.398102,143.271484,21.293985,0.081655,0.930151,-0.027365,0.356935,-11.526608,123.713257,22.788748,0.407865,-0.461488,0.406874,-0.674632,-25.705368,126.277687,9.837976,0.481097,-0.477922,0.328351,-0.657512,-19.264444,101.744781,2.129736,0.553152,-0.480341,0.243455,-0.635630,-12.074945,82.173882,-4.730280,-0.038709,0.874852,-0.127610,0.465673,-6.323855,123.751488,28.118366,0.586325,0.803100,0.018006,0.104539,4.589285,127.366188,43.712383,0.530634,0.813001,0.181402,0.156687,12.292714,102.300690,47.603901,0.502719,0.767570,0.343022,0.201113,20.635111,82.514648,48.943268,0.078115,0.889211,0.188968,0.409258,-10.927296,84.059166,15.244931,0.091939,0.934325,0.028027,0.343218,-10.365798,51.394962,0.986841,-0.040894,0.934608,0.020072,0.352751,-17.225670,7.261553,-4.205772,-0.114050,0.906112,-0.033926,0.405958,1.849211,84.342453,28.812391,0.001024,0.902160,-0.149449,0.404688,8.234632,49.706913,34.304585,-0.047133,0.886987,0.009656,0.459282,2.712632,6.751368,46.392090,-0.040894,0.934608,0.020072,0.352751,-7.482570,2.156953,-14.747049,-0.047133,0.886987,0.009656,0.459282,14.649489,1.566549,38.471699
28,0.233333,-0.002090,0.917609,-0.013723,0.397243,-4.528456,84.210625,21.973675,-0.057238,0.913356,0.112459,0.387114,-4.474452,91.849480,21.768528,-0.003828,0.921422,0.002703,0.388536,-8.025747,109.791397,24.754314,0.107521,0.945102,-0.106930,0.289461,-8.210727,129.994263,24.794846,0.023697,0.978696,-0.130385,0.156818,-3.403882,143.282074,21.265499,0.080937,0.929766,-0.026198,0.358187,-11.521743,123.717285,22.738815,0.406676,-0.462961,0.406361,-0.674650,-25.670328,126.269508,9.752671,0.478777,-0.481378,0.329857,-0.655928,-19.279465,101.751900,1.954620,0.550204,-0.484621,0.244982,-0.634351,-12.282085,82.145103,-4.970426,-0.039003,0.874575,-0.126920,0.466357,-6.322555,123.754189,28.071922,0.586526,0.803112,0.018817,0.103172,4.565020,127.369354,43.683701,0.529832,0.813738,0.183067,0.153609,12.271020,102.291809,47.491673,0.505774,0.765712,0.345088,0.196957,20.693863,82.523582,48.696938,0.078339,0.888988,0.188168,0.410069,-10.906450,84.073273,15.180209,0.091870,0.934220,0.027730,0.343545,-10.370419,51.390053,0.964770,-0.041001,0.934577,0.020388,0.352802,-17.231964,7.254007,-4.203190,-0.114069,0.905773,-0.034426,0.406667,1.849538,84.347977,28.767141,0.000718,0.901914,-0.149473,0.405227,8.217190,49.715164,34.297092,-0.046691,0.886929,0.009483,0.459443,2.711953,6.760213,46.394341,-0.041001,0.934577,0.020388,0.352802,-7.485700,2.159016,-14.746195,-0.046691,0.886929,0.009483,0.459443,14.646676,1.565097,38.477482
29,0.241667,-0.002042,0.917336,-0.013426,0.397882,-4.512232,84.214279,21.912037,-0.057644,0.913160,0.112485,0.387508,-4.459218,91.853264,21.711378,-0.003685,0.921300,0.003086,0.388824,-8.024834,109.788116,24.689714,0.107247,0.945187,-0.105960,0.289643,-8.210512,129.990936,24.746706,0.024397,0.978537,-0.131407,0.156851,-3.417214,143.290024,21.241480,0.080851,0.929438,-0.025504,0.359106,-11.520040,123.715546,22.683468,0.405880,-0.464221,0.405738,-0.674638,-25.643604,126.272377,9.671026,0.476614,-0.485080,0.331147,-0.654124,-19.287888,101.769722,1.797618,0.547554,-0.488985,0.246146,-0.632843,-12.485583,82.122192,-5.199197,-0.039042,0.874397,-0.126288,0.466859,-6.324171,123.748245,28.019833,0.586254,0.803323,0.020406,0.102776,4.545131,127.355507,43.646160,0.529563,0.813743,0.185941,0.151037,12.272389,102.274750,47.389309,0.505862,0.765195,0.347627,0.194257,20.742775,82.513741,48.441334,0.078505,0.888906,0.187385,0.410572,-10.880762,84.079796,15.109643,0.091824,0.934182,0.027436,0.343686,-10.370918,51.377453,0.937298,-0.041080,0.934527,0.020755,0.352903,-17.237038,7.239199,-4.205620,-0.114015,0.905360,-0.034949,0.407557,1.856298,84.348770,28.714430,0.000387,0.901599,-0.149414,0.405948,8.199697,49.717667,34.282810,-0.046543,0.886749,0.009322,0.459808,2.713744,6.761095,46.383060,-0.041080,0.934527,0.020755,0.352903,-7.486632,2.154918,-14.749962,-0.046543,0.886749,0.009322,0.459808,14.652917,1.560302,38.476643
30,0.250000,-0.001966,0.917010,-0.013154,0.398643,-4.499610,84.224182,21.850882,-0.057999,0.912773,0.112741,0.388293,-4.447021,91.863281,21.654551,-0.003648,0.920960,0.003314,0.389627,-8.029415,109.787735,24.632036,0.107073,0.945125,-0.105324,0.290140,-8.217338,129.990509,24.697920,0.025061,0.978395,-0.132144,0.157015,-3.430767,143.296814,21.210896,0.080693,0.929113,-0.024760,0.360034,-11.522598,123.715714,22.626055,0.405199,-0.465907,0.404879,-0.674401,-25.621307,126.275291,9.587216,0.475040,-0.488496,0.332245,-0.652167,-19.311794,101.788986,1.626226,0.545497,-0.492943,0.247009,-0.631210,-12.685553,82.095459,-5.428608,-0.039001,0.874304,-0.125696,0.467196,-6.336040,123.746529,27.971485,0.586450,0.803348,0.021124,0.101302,4.521211,127.343163,43.608643,0.528523,0.814468,0.188105,0.148060,12.252213,102.250992,47.266590,0.505438,0.765145,0.349871,0.191508,20.811638,82.512283,48.178398,0.078469,0.888962,0.186636,0.410800,-10.856852,84.092842,15.037870,0.091836,0.934204,0.027178,0.343644,-10.363971,51.370152,0.911959,-0.041121,0.934485,0.020934,0.353001,-17.239349,7.230818,-4.209313,-0.113949,0.904947,-0.035292,0.408463,1.857631,84.355522,28.663891,-0.000121,0.901013,-0.149535,0.407204,8.181209,49.725075,34.258823,-0.046176,0.886687,0.008954,0.459972,2.715175,6.771740,46.379555,-0.041121,0.934485,0.020934,0.353001,-7.485794,2.151846,-14.753303,-0.046176,0.886687,0.008954,0.459972,14.652163,1.556795,38.479156
31,0.258333,-0.001757,0.916797,-0.013010,0.399138,-4.493587,84.226974,21.791103,-0.058178,0.912504,0.112819,0.388875,-4.438847,91.866150,21.598087,-0.003753,0.920697,0.003537,0.390245,-8.029760,109.786728,24.572861,0.107125,0.945045,-0.104607,0.290640,-8.225145,129.989395,24.645271,0.025572,0.978257,-0.132781,0.157254,-3.439970,143.302032,21.180567,0.080556,0.928814,-0.024120,0.360880,-11.525332,123.714104,22.566864,0.404492,-0.467200,0.404141,-0.674374,-25.601286,126.275948,9.503907,0.473362,-0.491918,0.333328,-0.650260,-19.324097,101.806343,1.466370,0.543134,-0.497258,0.247282,-0.629756,-12.876267,82.073120,-5.647733,-0.038629,0.874119,-0.125365,0.467662,-6.345965,123.745003,27.919262,0.586040,0.803790,0.021702,0.100037,4.495504,127.325035,43.571171,0.528250,0.814570,0.190785,0.145014,12.265509,102.234940,47.160088,0.504228,0.765229,0.353005,0.188589,20.885681,82.488770,47.907784,0.078390,0.888936,0.186108,0.411110,-10.843475,84.100166,14.971155,0.091826,0.934185,0.026855,0.343722,-10.356779,51.362537,0.879662,-0.040932,0.934402,0.021271,0.353221,-17.240944,7.221475,-4.214837,-0.114017,0.904532,-0.035720,0.409324,1.856302,84.353790,28.611052,-0.000497,0.900551,-0.149533,0.408226,8.166209,49.726604,34.241478,-0.045982,0.886561,0.008792,0.460238,2.716972,6.773228,46.369640,-0.040932,0.934402,0.021271,0.353221,-7.483404,2.149632,-14.758574,-0.045982,0.886561,0.008792,0.460238,14.656157,1.551837,38.476826
32,0.266667,-0.001613,0.916604,-0.012790,0.399589,-4.488668,84.228455,21.733404,-0.058455,0.912273,0.112710,0.389408,-4.433151,91.867722,21.544378,-0.003623,0.920474,0.003914,0.390769,-8.033905,109.789780,24.509628,0.107281,0.944956,-0.104283,0.290988,-8.230452,129.992371,24.597984,0.025966,0.978187,-0.132990,0.157446,-3.441750,143.306870,21.145298,0.080422,0.928426,-0.023515,0.361945,-11.527942,123.718559,22.510813,0.403794,-0.468696,0.403708,-0.674014,-25.574886,126.281883,9.416959,0.471633,-0.494990,0.334522,-0.648569,-19.353367,101.820740,1.310689,0.541323,-0.500379,0.249033,-0.628151,-13.074949,82.056305,-5.853391,-0.038517,0.874050,-0.124908,0.467922,-6.354654,123.745468,27.869108,0.586017,0.803945,0.022597,0.098727,4.477737,127.314583,43.529789,0.527464,0.815046,0.193202,0.141968,12.262997,102.217506,47.035908,0.503214,0.765497,0.355237,0.186005,20.963625,82.482574,47.631504,0.078281,0.888858,0.185820,0.411431,-10.831854,84.105644,14.907148,0.091814,0.934288,0.026428,0.343478,-10.342020,51.359184,0.836332,-0.041491,0.934437,0.021030,0.353079,-17.239857,7.215887,-4.220160,-0.114187,0.904161,-0.035920,0.410078,1.854517,84.351265,28.559662,-0.000764,0.900267,-0.149802,0.408752,8.164625,49.727875,34.213165,-0.045451,0.886534,0.008682,0.460343,2.720027,6.781784,46.369171,-0.041491,0.934437,0.021030,0.353079,-7.480469,2.143539,-14.761943,-0.045451,0.886534,0.008682,0.460343,14.655439,1.550354,38.477303
33,0.275000,-0.001467,0.916483,-0.012527,0.399875,-4.489910,84.231674,21.673325,-0.058489,0.912040,0.112820,0.389915,-4.433902,91.871048,21.488894,-0.003572,0.920229,0.004009,0.391344,-8.038125,109.787544,24.454542,0.107513,0.944844,-0.103864,0.291416,-8.234363,129.990143,24.547140,0.026265,0.978141,-0.133011,0.157667,-3.440455,143.306808,21.110126,0.080246,0.928026,-0.022848,0.363053,-11.529372,123.716858,22.454458,0.402892,-0.470069,0.403408,-0.673777,-25.546301,126.280952,9.328635,0.470121,-0.497948,0.335395,-0.646950,-19.380289,101.828682,1.153476,0.539359,-0.504246,0.249620,-0.626513,-13.259146,82.043884,-6.060350,-0.038306,0.873876,-0.124620,0.468341,-6.362782,123.742447,27.819216,0.586135,0.804005,0.023998,0.097191,4.455003,127.300964,43.492401,0.526217,0.815722,0.195538,0.139492,12.248879,102.191589,46.889671,0.502763,0.765236,0.357937,0.183096,21.044006,82.474312,47.359997,0.077967,0.888907,0.185718,0.411429,-10.828833,84.113243,14.843035,0.091785,0.934457,0.025938,0.343063,-10.322397,51.360584,0.787242,-0.041535,0.934479,0.021122,0.352956,-17.235306,7.214493,-4.224083,-0.114443,0.903760,-0.036146,0.410871,1.849013,84.350105,28.503614,-0.001044,0.899681,-0.149977,0.409976,8.163710,49.732040,34.184578,-0.045052,0.886355,0.008491,0.460730,2.718810,6.790700,46.357216,-0.041535,0.934479,0.021122,0.352956,-7.477955,2.144967,-14.769107,-0.045052,0.886355,0.008491,0.460730,14.656453,1.549379,38.475292
34,0.283333,-0.001353,0.916395,-0.012336,0.400083,-4.493164,84.232048,21.616735,-0.058467,0.911810,0.112639,0.390509,-4.436686,91.871498,21.435692,-0.003599,0.919929,0.004226,0.392046,-8.037365,109.778870,24.391541,0.108113,0.944567,-0.103429,0.292246,-8.238086,129.981369,24.491608,0.026063,0.978034,-0.132969,0.158395,-3.427278,143.297546,21.076403,0.080430,0.927736,-0.021971,0.363805,-11.528551,123.708199,22.391491,0.402045,-0.471314,0.403080,-0.673609,-25.523149,126.289711,9.245276,0.468583,-0.500682,0.336472,-0.645395,-19.405279,101.847313,1.004700,0.537506,-0.507481,0.250547,-0.625122,-13.436058,82.033745,-6.252514,-0.038220,0.873740,-0.124120,0.468735,-6.370155,123.732826,27.764133,0.585973,0.804232,0.025453,0.095913,4.433600,127.281044,43.449326,0.524862,0.816346,0.198294,0.137034,12.250617,102.165771,46.748276,0.501825,0.765035,0.360856,0.180766,21.139549,82.480080,47.084801,0.077772,0.888741,0.185933,0.411728,-10.828998,84.116951,14.783524,0.091795,0.934431,0.025148,0.343190,-10.298968,51.367821,0.720379,-0.041250,0.934469,0.021122,0.353015,-17.236568,7.218266,-4.225867,-0.114762,0.903299,-0.036152,0.411793,1.842670,84.347145,28.449947,-0.001248,0.899355,-0.150343,0.410556,8.171589,49.734341,34.147060,-0.044853,0.886263,0.008172,0.460933,2.721774,6.802928,46.352482,-0.041250,0.934469,0.021122,0.353015,-7.480825,2.145705,-14.770915,-0.044853,0.886263,0.008172,0.460933,14.659736,1.551082,38.478054
35,0.291667,-0.001103,0.916357,-0.011977,0.400182,-4.502089,84.233383,21.557756,-0.058613,0.911609,0.112432,0.391014,-4.444282,91.872978,21.383270,-0.003299,0.919680,0.004358,0.392631,-8.046658,109.771942,24.326519,0.108122,0.944436,-0.103045,0.292801,-8.238403,129.974487,24.436119,0.026293,0.977962,-0.132657,0.159065,-3.427403,143.294067,21.034494,0.080514,0.927454,-0.021529,0.364531,-11.529032,123.703812,22.328794,0.401269,-0.473152,0.402510,-0.673125,-25.502628,126.293076,9.161769,0.467672,-0.502619,0.337382,-0.644073,-19.452389,101.861694,0.839010,0.535872,-0.510054,0.251625,-0.623996,-13.596666,82.026810,-6.436975,-0.038026,0.873785,-0.123414,0.468852,-6.377438,123.723518,27.707981,0.586121,0.804303,0.025849,0.094297,4.422621,127.252998,43.399948,0.523729,0.817082,0.200464,0.133787,12.246750,102.129410,46.617825,0.501586,0.764741,0.363332,0.177688,21.228788,82.474007,46.804752,0.077406,0.888480,0.186279,0.412203,-10.836464,84.125214,14.723078,0.091830,0.934840,0.024490,0.342113,-10.265376,51.381218,0.649577,-0.041044,0.934470,0.020859,0.353054,-17.231926,7.229299,-4.234512,-0.115127,0.902959,-0.036214,0.412431,1.832287,84.341553,28.392437,-0.001530,0.898744,-0.150683,0.411766,8.178430,49.735035,34.108551,-0.043441,0.886110,0.008309,0.461360,2.722401,6.812903,46.343792,-0.041044,0.934470,0.020859,0.353054,-7.478189,2.147551,-14.776999,-0.043441,0.886110,0.008309,0.461360,14.654702,1.545241,38.471344
36,0.300000,-0.000925,0.916328,-0.011613,0.400258,-4.509743,84.224510,21.497688,-0.058772,0.911413,0.112286,0.391490,-4.451651,91.864243,21.329393,-0.003065,0.919440,0.004542,0.393192,-8.059836,109.768913,24.264420,0.108388,0.944239,-0.103151,0.293299,-8.245857,129.971451,24.384468,0.026468,0.977934,-0.132099,0.159672,-3.424429,143.287964,20.985512,0.080673,0.927148,-0.021251,0.365290,-11.535737,123.702850,22.269825,0.400125,-0.474087,0.402544,-0.673127,-25.486856,126.300179,9.080568,0.466117,-0.504665,0.338324,-0.643106,-19.485033,101.876381,0.700694,0.534231,-0.512428,0.252457,-0.623122,-13.748734,82.025772,-6.613948,-0.037829,0.873878,-0.122804,0.468856,-6.390687,123.718216,27.655289,0.585888,0.804646,0.026281,0.092675,4.409842,127.230087,43.350883,0.523058,0.817524,0.202465,0.130665,12.264482,102.105835,46.488209,0.498747,0.766213,0.365677,0.174498,21.325203,82.452469,46.528004,0.077112,0.888214,0.186861,0.412567,-10.842986,84.122086,14.661869,0.091751,0.935326,0.023734,0.340856,-10.229818,51.390327,0.561701,-0.040968,0.934559,0.020576,0.352842,-17.219730,7.233829,-4.247041,-0.115564,0.902749,-0.036175,0.412772,1.823499,84.326935,28.333509,-0.001728,0.898261,-0.151145,0.412650,8.196303,49.727406,34.062279,-0.042672,0.886010,0.008571,0.461620,2.727037,6.817871,46.335751,-0.040968,0.934559,0.020576,0.352842,-7.472346,2.143525,-14.791277,-0.042672,0.886010,0.008571,0.461620,14.657514,1.546313,38.463139
37,0.308333,-0.000748,0.916333,-0.011397,0.400254,-4.521223,84.217049,21.443590,-0.058995,0.911319,0.112013,0.391754,-4.461974,91.856857,21.279409,-0.002722,0.919316,0.004706,0.393482,-8.074350,109.761345,24.200817,0.108658,0.944051,-0.103400,0.293718,-8.250279,129.963898,24.332354,0.026448,0.977910,-0.131331,0.160455,-3.417656,143.275955,20.931896,0.080691,0.926766,-0.020686,0.366287,-11.541984,123.698166,22.212046,0.399173,-0.475176,0.402477,-0.672965,-25.464731,126.302162,8.994162,0.464505,-0.506387,0.339411,-0.642345,-19.514856,101.885117,0.557761,0.532197,-0.514299,0.253802,-0.622774,-13.890055,82.025925,-6.786541,-0.037579,0.873935,-0.122181,0.468932,-6.400312,123.707855,27.600744,0.585465,0.805009,0.028072,0.091667,4.398170,127.200378,43.302059,0.522204,0.817917,0.204816,0.127927,12.288968,102.075615,46.343117,0.500530,0.764856,0.367742,0.170973,21.416035,82.460930,46.242561,0.077159,0.887758,0.187477,0.413260,-10.854525,84.119263,14.607760,0.091900,0.935794,0.022424,0.339620,-10.214453,51.404453,0.469503,-0.041246,0.934323,0.020307,0.353450,-17.263397,7.244977,-4.224356,-0.116037,0.902395,-0.035883,0.413438,1.812080,84.314835,28.279421,-0.001839,0.897885,-0.151702,0.413261,8.219339,49.721619,34.007874,-0.042462,0.885883,0.008171,0.461890,2.729991,6.827301,46.325459,-0.041246,0.934323,0.020307,0.353450,-7.500292,2.151091,-14.752301,-0.042462,0.885883,0.008171,0.461890,14.661522,1.543137,38.462906
38,0.316667,-0.000692,0.916319,-0.011284,0.400290,-4.533399,84.206482,21.392223,-0.059150,0.911214,0.111765,0.392045,-4.474053,91.846329,21.229963,-0.002566,0.919168,0.004716,0.393830,-8.089704,109.755539,24.140217,0.109144,0.943830,-0.103408,0.294245,-8.260049,129.958130,24.274563,0.026380,0.977893,-0.130511,0.161233,-3.411816,143.266388,20.881493,0.080910,0.926395,-0.020238,0.367202,-11.551914,123.693619,22.150860,0.398141,-0.476273,0.402545,-0.672760,-25.447300,126.309944,8.906646,0.463265,-0.507613,0.340503,-0.641695,-19.555668,101.897667,0.415702,0.530732,-0.515634,0.255361,-0.622282,-14.022693,82.037315,-6.938549,-0.037151,0.874098,-0.121643,0.468803,-6.414309,123.701080,27.543438,0.585345,0.805270,0.028249,0.090074,4.390099,127.168968,43.246136,0.521139,0.818703,0.206536,0.124433,12.303698,102.042755,46.215118,0.498293,0.766271,0.369140,0.168134,21.529186,82.443817,45.965504,0.077037,0.887258,0.188645,0.413826,-10.866170,84.110474,14.555876,0.091784,0.936309,0.021273,0.338303,-10.173635,51.425659,0.350869,-0.040940,0.934408,0.019894,0.353285,-17.254730,7.259748,-4.232686,-0.116456,0.902298,-0.035552,0.413561,1.799373,84.302483,28.228569,-0.002047,0.897430,-0.152256,0.414045,8.242195,49.714527,33.948875,-0.043142,0.885892,0.007100,0.461827,2.738219,6.835413,46.312790,-0.040940,0.934408,0.019894,0.353285,-7.499689,2.151407,-14.761101,-0.043142,0.885892,0.007100,0.461827,14.670751,1.533926,38.463425
39,0.325000,-0.000615,0.916347,-0.010968,0.400234,-4.552326,84.197571,21.342009,-0.059280,0.911212,0.111110,0.392215,-4.493851,91.837524,21.184641,-0.001903,0.919114,0.004896,0.393956,-8.103580,109.744171,24.069347,0.109257,0.943777,-0.103114,0.294473,-8.252174,129.946808,24.220877,0.026254,0.977908,-0.129703,0.161813,-3.402003,143.256943,20.837931,0.081151,0.926123,-0.020018,0.367846,-11.550228,123.687675,22.090956,0.396325,-0.476813,0.403453,-0.672905,-25.425732,126.314415,8.827974,0.461354,-0.508531,0.341441,-0.641846,-19.600210,101.901154,0.294419,0.528705,-0.517029,0.256438,-0.622408,-14.137690,82.041946,-7.096328,-0.036897,0.873944,-0.121689,0.469098,-6.414053,123.684990,27.484903,0.585271,0.805482,0.028723,0.088498,4.380371,127.146271,43.195923,0.520085,0.819298,0.208727,0.121229,12.313475,102.016785,46.084057,0.499986,0.764691,0.371352,0.165406,21.622353,82.455353,45.683895,0.076660,0.886904,0.190188,0.413947,-10.885941,84.105247,14.506392,0.091726,0.936903,0.019990,0.336748,-10.120438,51.457958,0.219078,-0.040677,0.934515,0.019097,0.353076,-17.243401,7.286337,-4.242955,-0.117029,0.902144,-0.035169,0.413768,1.781288,84.289894,28.177626,-0.002123,0.897123,-0.152877,0.414481,8.270479,49.709545,33.891541,-0.043088,0.885795,0.006646,0.462025,2.743489,6.847495,46.304272,-0.040677,0.934515,0.019097,0.353076,-7.498072,2.153764,-14.768577,-0.043088,0.885795,0.006646,0.462025,14.677067,1.534163,38.464523
40,0.333333,-0.000872,0.916426,-0.010393,0.400069,-4.562689,84.187828,21.294619,-0.059341,0.911218,0.110718,0.392303,-4.511355,91.827972,21.143726,-0.001600,0.919063,0.004793,0.394078,-8.117291,109.734833,24.013741,0.109873,0.943573,-0.103149,0.294887,-8.253042,129.937561,24.166267,0.025910,0.977921,-0.128747,0.162552,-3.384223,143.242691,20.790459,0.081582,0.925877,-0.020128,0.368363,-11.554525,123.680626,22.035160,0.395590,-0.478453,0.403179,-0.672337,-25.412586,126.320114,8.756479,0.460830,-0.509179,0.341903,-0.641463,-19.658421,101.912926,0.157359,0.527595,-0.517782,0.257206,-0.622406,-14.242226,82.058441,-7.236586,-0.036464,0.874032,-0.121890,0.468914,-6.419774,123.674408,27.430456,0.585196,0.805699,0.029254,0.086834,4.382545,127.123940,43.138630,0.519290,0.819775,0.210509,0.118297,12.335782,101.991043,45.940357,0.496693,0.766508,0.373207,0.162722,21.721987,82.441422,45.405022,0.076298,0.886494,0.191981,0.414066,-10.898755,84.095444,14.461279,0.091745,0.937774,0.018663,0.334387,-10.053573,51.493050,0.076269,-0.039995,0.934602,0.018371,0.352962,-17.229445,7.317123,-4.256505,-0.117563,0.902157,-0.034814,0.413617,1.773378,84.280220,28.127960,-0.002062,0.896929,-0.153560,0.414648,8.307827,49.707024,33.833549,-0.042044,0.885709,0.006607,0.462286,2.748106,6.863791,46.296520,-0.039995,0.934602,0.018371,0.352962,-7.495889,2.157754,-14.779920,-0.042044,0.885709,0.006607,0.462286,14.675844,1.535220,38.458225
41,0.341667,-0.000931,0.916543,-0.009960,0.399812,-4.582774,84.168839,21.246962,-0.059350,0.911260,0.110345,0.392310,-4.534953,91.809113,21.101759,-0.001234,0.919048,0.004655,0.394117,-8.136969,109.724335,23.960070,0.110536,0.943441,-0.102855,0.295163,-8.256926,129.927139,24.113295,0.025625,0.977952,-0.127999,0.163000,-3.371453,143.230072,20.752815,0.082137,0.925655,-0.020211,0.368793,-11.563132,123.672890,21.981701,0.393872,-0.478741,0.403957,-0.672675,-25.405390,126.330063,8.690065,0.459071,-0.509682,0.342718,-0.641890,-19.699091,101.925514,0.051633,0.526178,-0.518123,0.258403,-0.622827,-14.332120,82.079903,-7.372513,-0.036111,0.874371,-0.121763,0.468343,-6.428818,123.662445,27.377409,0.585205,0.805801,0.029644,0.085679,4.395247,127.095505,43.074219,0.518168,0.820432,0.212484,0.115084,12.358466,101.959038,45.814907,0.499055,0.764581,0.376103,0.157819,21.825085,82.459427,45.134598,0.075669,0.886090,0.194177,0.414023,-10.922673,84.078720,14.417143,0.091848,0.938486,0.017061,0.332441,-9.971395,51.529972,-0.082265,-0.039647,0.934748,0.017378,0.352664,-17.213036,7.350603,-4.268050,-0.118187,0.902149,-0.034476,0.413487,1.757126,84.258957,28.076780,-0.002077,0.896684,-0.154207,0.414938,8.341937,49.694576,33.777912,-0.042146,0.885679,0.006136,0.462341,2.755203,6.869245,46.290241,-0.039647,0.934748,0.017378,0.352664,-7.492718,2.160830,-14.788755,-0.042146,0.885679,0.006136,0.462341,14.682904,1.530410,38.458874
42,0.350000,-0.001012,0.916726,-0.009434,0.399405,-4.598721,84.145729,21.198364,-0.059520,0.911353,0.110116,0.392131,-4.555310,91.786156,21.060005,-0.000755,0.919113,0.004234,0.393971,-8.160499,109.708809,23.909908,0.110608,0.943369,-0.102856,0.295367,-8.255947,129.911819,24.055120,0.025538,0.977962,-0.126888,0.163819,-3.367514,143.214127,20.696541,0.082787,0.925483,-0.020158,0.369083,-11.570411,123.660721,21.927086,0.392670,-0.479528,0.404265,-0.672631,-25.400221,126.341164,8.627173,0.458340,-0.510007,0.343074,-0.641964,-19.747150,101.940681,-0.057587,0.525395,-0.518646,0.258676,-0.622940,-14.407013,82.099983,-7.493991,-0.035233,0.874639,-0.122188,0.467798,-6.434373,123.646210,27.321144,0.585239,0.805963,0.029023,0.084130,4.411892,127.054993,43.007915,0.517523,0.820934,0.214117,0.111312,12.386971,101.917290,45.702389,0.496014,0.766358,0.377542,0.155328,21.925484,82.444107,44.859051,0.075230,0.885781,0.196567,0.413636,-10.944675,84.058205,14.374140,0.091809,0.939082,0.015282,0.330853,-9.898840,51.571308,-0.256869,-0.039359,0.934903,0.016163,0.352345,-17.197414,7.386109,-4.278999,-0.118740,0.902102,-0.034202,0.413452,1.747233,84.233253,28.022591,-0.002099,0.896382,-0.154851,0.415350,8.375393,49.676876,33.721970,-0.042023,0.885591,0.006008,0.462521,2.760629,6.869453,46.282925,-0.039359,0.934903,0.016163,0.352345,-7.490883,2.160686,-14.794784,-0.042023,0.885591,0.006008,0.462521,14.689761,1.525917,38.456951
43,0.358333,-0.000971,0.916928,-0.009382,0.398942,-4.635138,84.123665,21.155792,-0.059197,0.911594,0.109656,0.391749,-4.591544,91.764107,21.018387,-0.000297,0.919300,0.004069,0.393537,-8.178722,109.694946,23.859735,0.111432,0.943163,-0.103437,0.295511,-8.254472,129.898026,24.006138,0.024877,0.978004,-0.125620,0.164651,-3.339139,143.188660,20.640579,0.083318,0.925369,-0.020492,0.369230,-11.577004,123.650253,21.880909,0.391261,-0.480236,0.404662,-0.672709,-25.399187,126.344490,8.575853,0.457387,-0.510179,0.343200,-0.642439,-19.799168,101.949326,-0.158084,0.524373,-0.519060,0.258769,-0.623416,-14.473256,82.125908,-7.617857,-0.035441,0.875284,-0.121324,0.466800,-6.435867,123.630478,27.270090,0.585788,0.805744,0.028311,0.082632,4.445960,127.026871,42.934910,0.516177,0.821982,0.215391,0.107300,12.400167,101.877907,45.585648,0.498075,0.765225,0.378638,0.151610,22.032125,82.470711,44.588722,0.074227,0.885577,0.199187,0.413000,-10.987977,84.037300,14.337963,0.091840,0.940361,0.013867,0.327254,-9.809492,51.613651,-0.422686,-0.038539,0.935114,0.015105,0.351920,-17.167831,7.425263,-4.298170,-0.119376,0.901955,-0.033871,0.413616,1.717702,84.210030,27.973621,-0.002192,0.896156,-0.155377,0.415640,8.394877,49.662846,33.671513,-0.042016,0.885514,0.005831,0.462672,2.763871,6.870148,46.275303,-0.038539,0.935114,0.015105,0.351920,-7.482590,2.162576,-14.815001,-0.042016,0.885514,0.005831,0.462672,14.694850,1.522256,38.455116
44,0.366667,-0.001085,0.917156,-0.009238,0.398421,-4.664759,84.097214,21.112829,-0.058956,0.911780,0.109329,0.391444,-4.623718,91.737694,20.976730,0.000261,0.919430,0.003672,0.393237,-8.198638,109.679413,23.813128,0.111886,0.943058,-0.103792,0.295551,-8.247287,129.882614,23.953688,0.024412,0.978088,-0.124287,0.165229,-3.317059,143.166458,20.583153,0.083894,0.925325,-0.020714,0.369197,-11.579570,123.638680,21.832472,0.390120,-0.480438,0.405148,-0.672935,-25.398958,126.350250,8.528033,0.456184,-0.510567,0.343261,-0.642954,-19.830048,101.957787,-0.233302,0.524035,-0.518676,0.259373,-0.623769,-14.526579,82.156586,-7.727527,-0.034821,0.875458,-0.121962,0.466355,-6.434908,123.613594,27.218269,0.585578,0.806001,0.028229,0.081633,4.464710,126.998611,42.873180,0.515864,0.822214,0.217015,0.103699,12.440674,101.852501,45.485233,0.496945,0.765925,0.380200,0.147823,22.118776,82.479263,44.327660,0.073200,0.885653,0.202207,0.411549,-11.025343,84.010056,14.302233,0.092284,0.940927,0.011243,0.325597,-9.714483,51.662018,-0.612347,-0.037890,0.935112,0.013883,0.352046,-17.193998,7.475057,-4.265841,-0.120015,0.902053,-0.033992,0.413209,1.695826,84.184364,27.923426,-0.002112,0.896199,-0.155706,0.415426,8.412365,49.648674,33.644691,-0.041846,0.885491,0.005937,0.462730,2.765585,6.865141,46.272511,-0.037890,0.935112,0.013883,0.352046,-7.516453,2.173140,-14.770046,-0.041846,0.885491,0.005937,0.462730,14.696365,1.517606,38.451775
45,0.375000,-0.001154,0.917458,-0.009011,0.397730,-4.695491,84.072601,21.067562,-0.058727,0.912018,0.109018,0.391010,-4.656895,91.713142,20.934195,0.000737,0.919605,0.003291,0.392831,-8.219788,109.665695,23.766453,0.112565,0.942924,-0.104147,0.295597,-8.244651,129.868988,23.900452,0.023948,0.978162,-0.122953,0.165854,-3.293589,143.144333,20.526981,0.084571,0.925310,-0.020973,0.369064,-11.586125,123.628258,21.784235,0.389180,-0.481072,0.405478,-0.672827,-25.404894,126.360466,8.483380,0.455687,-0.510636,0.342857,-0.643466,-19.882545,101.969376,-0.311176,0.523733,-0.518672,0.258885,-0.624228,-14.571695,82.187485,-7.831983,-0.034359,0.875770,-0.122653,0.465621,-6.436718,123.598907,27.165472,0.585641,0.806087,0.027665,0.080517,4.490627,126.977669,42.802395,0.515188,0.822878,0.217996,0.099655,12.472268,101.830269,45.384541,0.497102,0.766377,0.380612,0.143845,22.217432,82.497803,44.069885,0.072467,0.885591,0.205109,0.410375,-11.066325,83.986069,14.266544,0.092142,0.941709,0.009370,0.323428,-9.640867,51.714676,-0.802769,-0.037581,0.935355,0.012327,0.351493,-17.171543,7.521894,-4.276314,-0.120452,0.901902,-0.034149,0.413398,1.675342,84.159134,27.868580,-0.002268,0.896127,-0.156039,0.415455,8.413595,49.631702,33.614098,-0.041914,0.885471,0.006106,0.462761,2.766552,6.857565,46.273594,-0.037581,0.935355,0.012327,0.351493,-7.514422,2.174983,-14.776508,-0.041914,0.885471,0.006106,0.462761,14.699305,1.515220,38.452316
46,0.383333,-0.001391,0.917685,-0.008880,0.397206,-4.725988,84.044144,21.020634,-0.058250,0.912282,0.108726,0.390546,-4.691591,91.684715,20.887638,0.001107,0.919815,0.002934,0.392340,-8.234778,109.651520,23.720531,0.113190,0.942820,-0.104466,0.295575,-8.240154,129.854874,23.847113,0.023528,0.978239,-0.121663,0.166414,-3.270315,143.122452,20.470715,0.085411,0.925358,-0.021316,0.368731,-11.589866,123.616577,21.736774,0.388003,-0.481477,0.406134,-0.672822,-25.412624,126.374435,8.445363,0.454983,-0.510522,0.342366,-0.644316,-19.939125,101.981758,-0.375306,0.523190,-0.518716,0.258241,-0.624915,-14.610435,82.226074,-7.929386,-0.033164,0.876086,-0.124102,0.464728,-6.434731,123.584274,27.112505,0.586331,0.805798,0.026488,0.078763,4.527925,126.944756,42.728634,0.513893,0.823917,0.218853,0.095808,12.481477,101.784325,45.270206,0.495817,0.767321,0.381690,0.140345,22.319239,82.503540,43.815357,0.071380,0.885835,0.208065,0.408546,-11.104568,83.954605,14.226918,0.092215,0.942524,0.007525,0.321073,-9.552402,51.759148,-0.991559,-0.037375,0.935513,0.010814,0.351145,-17.151228,7.564762,-4.291958,-0.120941,0.901866,-0.034338,0.413319,1.652591,84.133682,27.814346,-0.002382,0.896083,-0.156399,0.415414,8.416594,49.615582,33.585644,-0.041914,0.885499,0.006347,0.462704,2.765865,6.851596,46.277756,-0.037375,0.935513,0.010814,0.351145,-7.508773,2.175345,-14.783898,-0.041914,0.885499,0.006347,0.462704,14.698630,1.515172,38.452457
47,0.391667,-0.001792,0.917942,-0.008790,0.396614,-4.750757,84.014893,20.970646,-0.058154,0.912604,0.108532,0.389863,-4.722611,91.655464,20.836470,0.001946,0.920150,0.002529,0.391554,-8.260056,109.636292,23.668892,0.113726,0.942820,-0.104577,0.295331,-8.227725,129.839630,23.793701,0.023143,0.978319,-0.120390,0.166923,-3.244184,143.102158,20.417604,0.085991,0.925495,-0.021382,0.368249,-11.592622,123.607384,21.689661,0.387188,-0.482155,0.406420,-0.672633,-25.425308,126.385948,8.412899,0.454790,-0.510343,0.341565,-0.645019,-19.998810,101.994026,-0.438839,0.523634,-0.518050,0.257707,-0.625315,-14.640320,82.265869,-8.019336,-0.032850,0.876660,-0.124165,0.463650,-6.428341,123.565964,27.056545,0.587034,0.805465,0.024662,0.077517,4.573895,126.912453,42.647820,0.513096,0.824801,0.219307,0.091324,12.494065,101.741615,45.190613,0.496342,0.767627,0.381931,0.136101,22.403086,82.511604,43.576557,0.070444,0.886096,0.210839,0.406718,-11.138082,83.919266,14.185238,0.092319,0.943419,0.005772,0.318442,-9.474726,51.797176,-1.175864,-0.036789,0.935553,0.009620,0.351133,-17.141762,7.602408,-4.309253,-0.121279,0.901787,-0.034775,0.413356,1.636568,84.110519,27.756054,-0.002543,0.896067,-0.156630,0.415361,8.408633,49.600414,33.565556,-0.042419,0.885420,0.006483,0.462806,2.762993,6.843016,46.282112,-0.036789,0.935553,0.009620,0.351133,-7.509511,2.175189,-14.791067,-0.042419,0.885420,0.006483,0.462806,14.703173,1.517146,38.460941
48,0.400000,-0.002472,0.918165,-0.008751,0.396094,-4.767024,83.983566,20.916241,-0.057735,0.912934,0.108513,0.389156,-4.748744,91.624107,20.778475,0.002252,0.920482,0.002230,0.390771,-8.272053,109.619377,23.621109,0.114094,0.942784,-0.105241,0.295069,-8.223508,129.822723,23.739599,0.022994,0.978407,-0.118858,0.167525,-3.226592,143.076187,20.347746,0.086663,0.925705,-0.021463,0.367558,-11.596918,123.592499,21.643223,0.386922,-0.482833,0.406401,-0.672311,-25.444799,126.395287,8.387403,0.454860,-0.510251,0.340396,-0.645660,-20.052153,102.003876,-0.486397,0.523892,-0.517836,0.256800,-0.625649,-14.655991,82.303673,-8.099071,-0.032532,0.877095,-0.124856,0.462664,-6.423541,123.548637,27.001318,0.587038,0.805543,0.023705,0.076968,4.614910,126.892517,42.567543,0.512770,0.825080,0.220608,0.087421,12.539318,101.723686,45.117008,0.492579,0.770123,0.382881,0.132961,22.505182,82.508087,43.336315,0.069830,0.886431,0.213473,0.404713,-11.161966,83.876648,14.138180,0.092173,0.943767,0.003817,0.317481,-9.415639,51.828110,-1.366660,-0.036265,0.935629,0.008818,0.351007,-17.129515,7.629242,-4.322199,-0.121501,0.901775,-0.035364,0.413266,1.627919,84.090477,27.694304,-0.002717,0.896132,-0.156806,0.415152,8.396990,49.587147,33.547382,-0.042564,0.885423,0.006749,0.462784,2.761785,6.834778,46.285450,-0.036265,0.935629,0.008818,0.351007,-7.508210,2.175140,-14.800119,-0.042564,0.885423,0.006749,0.462784,14.704150,1.517532,38.461750
49,0.408333,-0.002859,0.918405,-0.008925,0.395530,-4.795894,83.949265,20.858860,-0.057337,0.913291,0.108444,0.388397,-4.782077,91.589722,20.716303,0.002813,0.920853,0.002005,0.389894,-8.292368,109.606659,23.568464,0.114605,0.942783,-0.105552,0.294762,-8.219303,129.809921,23.687380,0.022859,0.978466,-0.117662,0.168039,-3.208185,143.056610,20.289976,0.087104,0.925962,-0.021265,0.366817,-11.604196,123.583817,21.597284,0.386483,-0.483223,0.406699,-0.672103,-25.470198,126.406731,8.364696,0.454921,-0.510197,0.338888,-0.646453,-20.110374,102.012421,-0.521019,0.524374,-0.517662,0.254732,-0.626235,-14.667344,82.343430,-8.178495,-0.032151,0.877586,-0.125424,0.461603,-6.420662,123.533592,26.945499,0.587522,0.805336,0.022091,0.075921,4.656741,126.870171,42.485596,0.511926,0.825724,0.221648,0.083571,12.559517,101.694954,45.039188,0.490438,0.771493,0.383627,0.130767,22.591839,82.527939,43.107765,0.068748,0.886726,0.215939,0.402941,-11.199128,83.834526,14.088758,0.092205,0.944621,0.002266,0.314936,-9.342031,51.850784,-1.536544,-0.035950,0.935780,0.007966,0.350658,-17.110495,7.651594,-4.340413,-0.121738,0.901591,-0.035790,0.413561,1.607340,84.064011,27.628962,-0.003131,0.896048,-0.157019,0.415251,8.376804,49.566956,33.518478,-0.042588,0.885545,0.006831,0.462547,2.765542,6.820834,46.288033,-0.035950,0.935780,0.007966,0.350658,-7.503058,2.171339,-14.817410,-0.042588,0.885545,0.006831,0.462547,14.704287,1.505710,38.457367
50,0.416667,-0.003177,0.918603,-0.009157,0.395062,-4.826770,83.920303,20.797888,-0.056693,0.913758,0.108231,0.387451,-4.816091,91.560669,20.650150,0.003219,0.921347,0.001937,0.388724,-8.299692,109.587357,23.509115,0.114601,0.942970,-0.105354,0.294236,-8.210269,129.790543,23.631815,0.023039,0.978510,-0.116612,0.168489,-3.203474,143.039307,20.236156,0.087793,0.926390,-0.021387,0.365564,-11.605412,123.567535,21.549110,0.386358,-0.483899,0.406503,-0.671807,-25.502283,126.415932,8.354428,0.455274,-0.509964,0.337420,-0.647155,-20.168669,102.024330,-0.554458,0.524971,-0.517232,0.253345,-0.626652,-14.672070,82.383392,-8.244845,-0.031872,0.877753,-0.126161,0.461105,-6.408338,123.512123,26.884117,0.587664,0.805322,0.021050,0.075261,4.687545,126.850151,42.410706,0.511093,0.826484,0.222086,0.079911,12.586758,101.674225,44.968296,0.492897,0.770497,0.384174,0.125688,22.675381,82.566597,42.907887,0.067693,0.887348,0.218100,0.400579,-11.236856,83.798477,14.034398,0.092113,0.944991,0.000715,0.313857,-9.290731,51.871353,-1.695508,-0.035535,0.935852,0.007263,0.350522,-17.098471,7.670230,-4.356145,-0.121970,0.901677,-0.036403,0.413252,1.583315,84.042122,27.561378,-0.003426,0.896123,-0.157164,0.415032,8.351107,49.552242,33.494682,-0.043227,0.885431,0.006905,0.462706,2.761357,6.810397,46.287960,-0.035535,0.935852,0.007263,0.350522,-7.500777,2.166899,-14.829972,-0.043227,0.885431,0.006905,0.462706,14.709562,1.506227,38.464298
51,0.425000,-0.003444,0.918658,-0.009374,0.394927,-4.858692,83.899338,20.732058,-0.055952,0.914101,0.108365,0.386711,-4.850473,91.539612,20.579659,0.003455,0.921755,0.001817,0.387753,-8.310316,109.577599,23.458239,0.114735,0.943072,-0.105515,0.293800,-8.210119,129.780731,23.580057,0.023262,0.978560,-0.115551,0.168898,-3.200849,143.027069,20.178549,0.088434,0.926845,-0.021576,0.364242,-11.612884,123.559425,21.504725,0.386501,-0.484386,0.406160,-0.671581,-25.542772,126.430809,8.349891,0.455536,-0.510019,0.335748,-0.647797,-20.219410,102.042641,-0.574525,0.525691,-0.516739,0.251675,-0.627128,-14.677447,82.437073,-8.308300,-0.031850,0.878360,-0.126573,0.459836,-6.404605,123.501495,26.828770,0.588196,0.805055,0.019126,0.074477,4.736625,126.840652,42.322617,0.510325,0.827269,0.222273,0.076089,12.608923,101.658836,44.905106,0.493746,0.770522,0.384250,0.121916,22.756344,82.599754,42.713688,0.067064,0.887653,0.219719,0.399122,-11.270744,83.771362,13.970544,0.091845,0.945253,-0.000688,0.313146,-9.262840,51.888702,-1.841587,-0.035228,0.935917,0.006764,0.350389,-17.089495,7.683137,-4.369500,-0.122344,0.901821,-0.036977,0.412775,1.553360,84.027306,27.493572,-0.003691,0.896192,-0.157327,0.414818,8.330785,49.546947,33.471035,-0.043158,0.885404,0.006942,0.462763,2.759353,6.809864,46.288204,-0.035228,0.935917,0.006764,0.350389,-7.499649,2.163282,-14.841825,-0.043158,0.885404,0.006942,0.462763,14.708048,1.505687,38.465290
52,0.433333,-0.003611,0.918707,-0.009458,0.394810,-4.884577,83.887794,20.661879,-0.055462,0.914402,0.108500,0.386033,-4.878203,91.528030,20.507284,0.003649,0.922129,0.001767,0.386862,-8.322230,109.572304,23.400942,0.115267,0.943145,-0.105185,0.293474,-8.213892,129.775391,23.523834,0.023475,0.978595,-0.114775,0.169197,-3.194801,143.020874,20.133564,0.089024,0.927376,-0.021660,0.362738,-11.623096,123.555542,21.454695,0.387380,-0.485312,0.405199,-0.670987,-25.591305,126.450027,8.345644,0.456623,-0.509981,0.333781,-0.648077,-20.274193,102.067268,-0.597258,0.526434,-0.516600,0.249245,-0.627590,-14.671916,82.485321,-8.361151,-0.031751,0.879167,-0.126351,0.458359,-6.404558,123.495232,26.768654,0.588644,0.804780,0.017554,0.074294,4.789454,126.820862,42.227322,0.509710,0.827708,0.223182,0.072699,12.635212,101.634872,44.849533,0.492640,0.771299,0.384872,0.119484,22.824469,82.631599,42.525249,0.066397,0.888030,0.220946,0.397715,-11.298318,83.756363,13.902036,0.091610,0.945221,-0.002014,0.313308,-9.237232,51.905907,-1.968028,-0.035137,0.935983,0.006155,0.350232,-17.081001,7.696790,-4.378006,-0.122514,0.902017,-0.037751,0.412226,1.529165,84.019218,27.421722,-0.004134,0.896102,-0.157375,0.414991,8.297949,49.545948,33.449661,-0.043101,0.885355,0.006984,0.462860,2.757923,6.810531,46.285976,-0.035137,0.935983,0.006155,0.350232,-7.497601,2.159790,-14.847178,-0.043101,0.885355,0.006984,0.462860,14.707973,1.506729,38.464882
53,0.441667,-0.003705,0.918725,-0.009532,0.394765,-4.906557,83.881744,20.583504,-0.054969,0.914692,0.108796,0.385333,-4.901075,91.521957,20.427301,0.003842,0.922523,0.001801,0.385920,-8.331038,109.569405,23.341295,0.115739,0.943235,-0.104979,0.293073,-8.215913,129.772430,23.468342,0.023752,0.978643,-0.113889,0.169479,-3.188028,143.016357,20.085026,0.089503,0.928013,-0.021902,0.360972,-11.631349,123.554138,21.404821,0.387705,-0.485572,0.404958,-0.670756,-25.645748,126.466156,8.349056,0.457220,-0.509884,0.331783,-0.648759,-20.331682,102.083191,-0.595112,0.527506,-0.516385,0.247374,-0.627606,-14.667438,82.537689,-8.402077,-0.031327,0.879405,-0.127000,0.457752,-6.401987,123.490990,26.708099,0.588577,0.804912,0.016160,0.073711,4.814633,126.810966,42.151588,0.509319,0.828197,0.223243,0.069623,12.669158,101.629707,44.792961,0.493399,0.771283,0.385114,0.115619,22.888121,82.671417,42.363697,0.065723,0.888558,0.221491,0.396342,-11.320953,83.748161,13.824323,0.091440,0.945229,-0.002987,0.313323,-9.225896,51.908566,-2.063085,-0.035142,0.935961,0.006019,0.350293,-17.082729,7.697087,-4.385652,-0.122588,0.901987,-0.038473,0.412204,1.507838,84.015335,27.342686,-0.004711,0.895775,-0.157473,0.415654,8.259977,49.547283,33.418941,-0.043138,0.885249,0.006908,0.463061,2.753289,6.815097,46.280331,-0.035142,0.935961,0.006019,0.350293,-7.498340,2.156630,-14.852090,-0.043138,0.885249,0.006908,0.463061,14.706957,1.510135,38.465553
54,0.450000,-0.003616,0.918652,-0.009455,0.394938,-4.926630,83.878799,20.502710,-0.054611,0.914950,0.108977,0.384718,-4.920330,91.519043,20.348125,0.004021,0.922903,0.001917,0.385007,-8.339998,109.573158,23.276789,0.116145,0.943326,-0.104742,0.292703,-8.219872,129.776108,23.410814,0.024129,0.978665,-0.113118,0.169815,-3.184998,143.019272,20.034895,0.089966,0.928591,-0.022164,0.359351,-11.640846,123.559357,21.351841,0.388787,-0.486259,0.404280,-0.670040,-25.697285,126.487755,8.345029,0.458471,-0.509954,0.329422,-0.649024,-20.389526,102.102219,-0.595872,0.528759,-0.516317,0.244500,-0.627734,-14.658364,82.583786,-8.442501,-0.030886,0.879661,-0.127603,0.457122,-6.401015,123.493088,26.644737,0.588433,0.805124,0.014645,0.072855,4.838994,126.805946,42.072742,0.509154,0.828343,0.223829,0.067164,12.709133,101.630806,44.725845,0.491286,0.772377,0.385944,0.114540,22.953400,82.691017,42.196556,0.065101,0.889075,0.221498,0.395279,-11.338490,83.747276,13.741082,0.091294,0.945005,-0.003771,0.314032,-9.223033,51.902092,-2.132413,-0.035250,0.935900,0.006188,0.350443,-17.087963,7.688698,-4.390151,-0.122754,0.901879,-0.039202,0.412321,1.485230,84.010330,27.264339,-0.005253,0.895590,-0.157577,0.416004,8.225359,49.549221,33.393097,-0.041950,0.885146,0.007855,0.463352,2.753398,6.820482,46.280735,-0.035250,0.935900,0.006188,0.350443,-7.498521,2.153968,-14.854992,-0.041950,0.885146,0.007855,0.463352,14.704585,1.522854,38.457195
55,0.458333,-0.003104,0.918473,-0.009263,0.395362,-4.954746,83.881531,20.403820,-0.054092,0.915139,0.109491,0.384196,-4.942344,91.521873,20.255033,0.004323,0.923275,0.002206,0.384108,-8.352000,109.584740,23.212231,0.116186,0.943468,-0.104780,0.292217,-8.224959,129.787537,23.361635,0.024790,0.978677,-0.112355,0.170155,-3.191243,143.030182,19.981909,0.090234,0.929174,-0.022243,0.357769,-11.651978,123.573494,21.304514,0.389914,-0.486705,0.403643,-0.669446,-25.750521,126.513817,8.346039,0.459689,-0.510074,0.327187,-0.649199,-20.438477,102.125381,-0.584393,0.530022,-0.516521,0.242038,-0.627456,-14.647288,82.633591,-8.467505,-0.031099,0.880182,-0.127497,0.456132,-6.401887,123.501419,26.587158,0.588479,0.805143,0.013549,0.072480,4.872624,126.815399,41.989731,0.508648,0.829020,0.223136,0.064913,12.742792,101.642181,44.661026,0.494876,0.771039,0.385178,0.110616,23.014450,82.743858,42.074924,0.064579,0.889311,0.220868,0.395187,-11.360430,83.760132,13.636149,0.091074,0.944783,-0.004425,0.314754,-9.232213,51.890244,-2.185978,-0.035695,0.935925,0.006538,0.350324,-17.095400,7.673722,-4.387934,-0.123106,0.901660,-0.039928,0.412625,1.450939,84.002922,27.171494,-0.005846,0.895321,-0.157690,0.416533,8.189566,49.552074,33.359291,-0.041857,0.885088,0.007608,0.463476,2.753488,6.827134,46.274685,-0.035695,0.935925,0.006538,0.350324,-7.502717,2.152822,-14.857113,-0.041857,0.885088,0.007608,0.463476,14.704903,1.522172,38.456451
56,0.466667,-0.002539,0.918265,-0.009099,0.395853,-4.974225,83.900009,20.314976,-0.053798,0.915278,0.110056,0.383745,-4.954809,91.540451,20.171913,0.004352,0.923601,0.002429,0.383322,-8.359975,109.594704,23.153168,0.116041,0.943695,-0.103976,0.291828,-8.235195,129.797440,23.311216,0.025720,0.978644,-0.112128,0.170356,-3.213325,143.048965,19.948751,0.090604,0.929792,-0.022253,0.356066,-11.664929,123.583893,21.257195,0.391351,-0.487301,0.402670,-0.668760,-25.807962,126.541046,8.351156,0.461299,-0.510215,0.324818,-0.649136,-20.485073,102.152359,-0.572128,0.531595,-0.516460,0.238786,-0.627421,-14.627859,82.673569,-8.489152,-0.031366,0.880997,-0.126812,0.454730,-6.405865,123.510147,26.530880,0.588698,0.805033,0.012334,0.072139,4.917490,126.815247,41.899483,0.508501,0.829232,0.223163,0.063239,12.776581,101.641014,44.593586,0.495708,0.770557,0.385681,0.108473,23.057821,82.770714,41.950340,0.064195,0.889600,0.219825,0.395181,-11.372716,83.789421,13.540326,0.090946,0.944563,-0.004654,0.315448,-9.250893,51.883244,-2.209364,-0.035760,0.935808,0.006740,0.350628,-17.108181,7.664812,-4.393975,-0.123108,0.901464,-0.040582,0.412989,1.424266,84.010605,27.089626,-0.006605,0.894920,-0.157662,0.417394,8.141020,49.563549,33.322166,-0.042873,0.885035,0.006159,0.463505,2.754689,6.838653,46.258526,-0.035760,0.935808,0.006740,0.350628,-7.507332,2.150216,-14.858980,-0.042873,0.885035,0.006159,0.463505,14.710394,1.511818,38.461773
57,0.475000,-0.001613,0.917980,-0.008987,0.396522,-4.998588,83.923340,20.221598,-0.053551,0.915498,0.110551,0.383110,-4.966752,91.563866,20.085733,0.004492,0.924065,0.002699,0.382200,-8.367143,109.608368,23.088442,0.115748,0.944016,-0.103266,0.291157,-8.241089,129.811005,23.258617,0.026762,0.978631,-0.111864,0.170443,-3.235729,143.071716,19.907818,0.091087,0.930405,-0.022564,0.354317,-11.676071,123.598846,21.209103,0.392806,-0.487646,0.401903,-0.668116,-25.863850,126.572815,8.356144,0.462724,-0.510428,0.322585,-0.649067,-20.526089,102.180244,-0.547621,0.533130,-0.516490,0.236021,-0.627140,-14.613208,82.722809,-8.496872,-0.031356,0.881278,-0.126677,0.454223,-6.404229,123.521637,26.469963,0.588401,0.805345,0.011135,0.071265,4.937008,126.821854,41.826427,0.508497,0.829530,0.222457,0.061838,12.821275,101.655640,44.522026,0.497093,0.770118,0.385288,0.106626,23.103165,82.807419,41.846733,0.064191,0.889609,0.218322,0.395993,-11.387274,83.829323,13.437447,0.090563,0.944370,-0.004702,0.316136,-9.294962,51.876163,-2.220671,-0.036271,0.935751,0.006946,0.350724,-17.119785,7.651523,-4.396076,-0.123301,0.901112,-0.041115,0.413647,1.390098,84.017357,27.005747,-0.007271,0.894601,-0.157701,0.418051,8.098559,49.576797,33.282963,-0.042254,0.884995,0.005686,0.463645,2.754821,6.853843,46.243382,-0.036271,0.935751,0.006946,0.350724,-7.510655,2.147900,-14.859259,-0.042254,0.884995,0.005686,0.463645,14.704813,1.506729,38.451756
58,0.483333,-0.000746,0.917641,-0.008907,0.397310,-5.019472,83.954826,20.133770,-0.053366,0.915607,0.111208,0.382687,-4.975852,91.595413,20.004322,0.004587,0.924421,0.003098,0.381334,-8.377567,109.634193,23.033176,0.115529,0.944240,-0.102881,0.290652,-8.253954,129.836700,23.219587,0.027786,0.978581,-0.111805,0.170608,-3.259828,143.102905,19.873709,0.091292,0.930834,-0.022699,0.353126,-11.691916,123.625755,21.171434,0.394161,-0.488147,0.401367,-0.667274,-25.910877,126.607811,8.354853,0.464358,-0.510361,0.320478,-0.648997,-20.576178,102.206657,-0.527216,0.534843,-0.516316,0.233380,-0.626813,-14.600602,82.773170,-8.493373,-0.031421,0.881760,-0.126441,0.453348,-6.410232,123.544991,26.422363,0.588156,0.805612,0.010390,0.070386,4.961621,126.839539,41.757393,0.508687,0.829658,0.221761,0.061055,12.867800,101.678787,44.439781,0.497695,0.770153,0.384621,0.105975,23.142794,82.835159,41.750885,0.064200,0.889627,0.216566,0.396914,-11.396544,83.876106,13.338507,0.090253,0.943980,-0.004641,0.317389,-9.340281,51.868587,-2.212994,-0.036595,0.935667,0.007241,0.350908,-17.134356,7.638845,-4.395026,-0.123286,0.900502,-0.041551,0.414934,1.357600,84.033546,26.929033,-0.008105,0.894070,-0.157642,0.419192,8.043058,49.595306,33.243378,-0.041993,0.884812,0.005132,0.464025,2.752082,6.871829,46.223690,-0.036595,0.935667,0.007241,0.350908,-7.516681,2.146621,-14.856355,-0.041993,0.884812,0.005132,0.464025,14.703819,1.507734,38.446415
59,0.491667,0.000405,0.917340,-0.008743,0.398008,-5.037976,83.996071,20.040276,-0.053228,0.915634,0.112019,0.382404,-4.979109,91.636696,19.920164,0.004605,0.924682,0.003436,0.380697,-8.384830,109.660217,22.977743,0.115154,0.944435,-0.102422,0.290331,-8.265627,129.862640,23.176960,0.028797,0.978504,-0.111761,0.170910,-3.286484,143.136154,19.837757,0.091743,0.931421,-0.022950,0.351441,-11.704965,123.652199,21.129543,0.395488,-0.488490,0.400810,-0.666572,-25.966728,126.650681,8.364460,0.465836,-0.510199,0.318594,-0.648993,-20.626141,102.242592,-0.494983,0.536132,-0.516161,0.230751,-0.626813,-14.584512,82.812836,-8.482359,-0.031756,0.882205,-0.126077,0.452561,-6.416053,123.569283,26.373158,0.587750,0.805976,0.009998,0.069655,4.982604,126.865616,41.687889,0.509117,0.829689,0.220725,0.060797,12.919489,101.712677,44.352837,0.497927,0.770538,0.383838,0.104925,23.180508,82.851532,41.672543,0.064541,0.889272,0.214344,0.398857,-11.404705,83.938148,13.235111,0.089847,0.943551,-0.004400,0.318778,-9.401552,51.865505,-2.188641,-0.037265,0.935608,0.007483,0.350989,-17.151371,7.628995,-4.390937,-0.123330,0.900090,-0.042214,0.415747,1.328754,84.053993,26.845438,-0.008673,0.894004,-0.157601,0.419337,7.991324,49.620472,33.209522,-0.042445,0.884559,0.004197,0.464473,2.745413,6.896698,46.207134,-0.037265,0.935608,0.007483,0.350989,-7.523937,2.150399,-14.850431,-0.042445,0.884559,0.004197,0.464473,14.705503,1.516191,38.454079
60,0.500000,0.001381,0.916995,-0.008739,0.398802,-5.051519,84.033707,19.957150,-0.053286,0.915626,0.112808,0.382183,-4.978904,91.674309,19.843092,0.004668,0.924919,0.003779,0.380117,-8.395929,109.685913,22.926226,0.114950,0.944643,-0.101588,0.290026,-8.279512,129.888199,23.139156,0.029653,0.978428,-0.112105,0.170973,-3.313534,143.171188,19.818071,0.091997,0.931890,-0.023130,0.350119,-11.720475,123.678658,21.091780,0.396964,-0.488874,0.400058,-0.665863,-26.016384,126.686714,8.367207,0.467509,-0.510106,0.316862,-0.648710,-20.663805,102.273895,-0.471920,0.537742,-0.516033,0.228625,-0.626318,-14.569693,82.860992,-8.462778,-0.032060,0.882758,-0.125299,0.451675,-6.424999,123.592934,26.328722,0.587524,0.806231,0.009370,0.068691,5.003938,126.882408,41.622345,0.509240,0.829874,0.219867,0.060346,12.961989,101.733994,44.266735,0.498603,0.770600,0.382843,0.104893,23.217157,82.876030,41.589157,0.064816,0.889158,0.212341,0.400135,-11.406433,83.992348,13.140830,0.089498,0.943125,-0.004208,0.320138,-9.457866,51.861309,-2.167945,-0.037770,0.935526,0.007756,0.351147,-17.169678,7.619023,-4.387637,-0.123216,0.899505,-0.042652,0.417001,1.303395,84.075066,26.773468,-0.009487,0.893544,-0.157569,0.420311,7.936729,49.642189,33.171486,-0.041586,0.884396,0.004213,0.464862,2.743237,6.918839,46.191555,-0.037770,0.935526,0.007756,0.351147,-7.532450,2.153180,-14.844786,-0.041586,0.884396,0.004213,0.464862,14.701718,1.527109,38.443810
61,0.508333,0.002697,0.916627,-0.009011,0.399634,-5.072168,84.071754,19.878046,-0.053053,0.915573,0.113493,0.382141,-4.979342,91.712204,19.768290,0.004624,0.925070,0.004310,0.379744,-8.397776,109.718407,22.877855,0.114322,0.944871,-0.101014,0.289735,-8.291067,129.920547,23.109913,0.030706,0.978338,-0.112506,0.171042,-3.347431,143.213791,19.796566,0.091997,0.932301,-0.023195,0.349019,-11.730630,123.711250,21.059385,0.398330,-0.489309,0.399362,-0.665147,-26.056326,126.720879,8.368733,0.469146,-0.509710,0.315497,-0.648505,-20.696722,102.303268,-0.452892,0.539556,-0.515391,0.227842,-0.625571,-14.549396,82.910370,-8.430450,-0.032095,0.883162,-0.124863,0.451003,-6.430923,123.623154,26.292002,0.586839,0.806767,0.010050,0.068164,5.021438,126.903442,41.570068,0.510011,0.829478,0.219359,0.061132,13.025996,101.765465,44.173058,0.499264,0.770440,0.382060,0.105771,23.241224,82.885811,41.527016,0.065194,0.888910,0.210137,0.401784,-11.414597,84.050728,13.050016,0.089024,0.942936,-0.003753,0.320830,-9.526947,51.856815,-2.133784,-0.038170,0.935481,0.008055,0.351218,-17.184135,7.606587,-4.384064,-0.123172,0.898831,-0.043084,0.418421,1.270261,84.092781,26.706076,-0.010296,0.893064,-0.157406,0.421371,7.877615,49.661770,33.140907,-0.042245,0.884238,0.003068,0.465112,2.739931,6.935227,46.172626,-0.038170,0.935481,0.008055,0.351218,-7.540118,2.152973,-14.841334,-0.042245,0.884238,0.003068,0.465112,14.704352,1.524601,38.447266
62,0.516667,0.003632,0.916288,-0.009318,0.400396,-5.085886,84.105766,19.806355,-0.052944,0.915583,0.114142,0.381938,-4.977995,91.746040,19.698088,0.004580,0.925292,0.004741,0.379199,-8.400183,109.742523,22.830902,0.113653,0.945153,-0.100253,0.289342,-8.301578,129.944519,23.078354,0.031678,0.978259,-0.112963,0.171013,-3.383286,143.250061,19.776648,0.092172,0.932639,-0.023213,0.348066,-11.740968,123.735382,21.027088,0.399303,-0.489345,0.399085,-0.664703,-26.091173,126.753151,8.366089,0.470385,-0.509238,0.314632,-0.648399,-20.721746,102.328682,-0.430535,0.541295,-0.514252,0.227106,-0.625274,-14.529737,82.944405,-8.392817,-0.032480,0.883687,-0.123846,0.450228,-6.435092,123.645470,26.253424,0.586370,0.807205,0.009712,0.067056,5.043366,126.918098,41.513538,0.510738,0.829317,0.218113,0.061696,13.085021,101.788368,44.081421,0.500039,0.770339,0.381114,0.106256,23.261112,82.891663,41.476852,0.065661,0.888677,0.208169,0.403245,-11.416840,84.098259,12.967652,0.088631,0.942450,-0.003460,0.322366,-9.592396,51.850021,-2.108203,-0.038835,0.935354,0.008321,0.351476,-17.204424,7.593328,-4.384388,-0.122955,0.898219,-0.043303,0.419773,1.245067,84.113274,26.645056,-0.011156,0.892497,-0.157392,0.422554,7.822513,49.679813,33.097427,-0.041325,0.884001,0.003112,0.465644,2.737072,6.954527,46.153728,-0.038835,0.935354,0.008321,0.351476,-7.546700,2.154118,-14.836513,-0.041325,0.884001,0.003112,0.465644,14.701886,1.532712,38.436813
63,0.525000,0.004503,0.916057,-0.009999,0.400899,-5.103839,84.138245,19.748812,-0.052597,0.915670,0.114532,0.381661,-4.979523,91.778206,19.636402,0.004224,0.925513,0.005287,0.378656,-8.393232,109.766449,22.787226,0.113357,0.945376,-0.099363,0.289037,-8.316170,129.968338,23.049562,0.032441,0.978180,-0.113579,0.170913,-3.413895,143.284470,19.766727,0.092162,0.932978,-0.023045,0.347171,-11.751235,123.757019,20.997692,0.400080,-0.488578,0.399134,-0.664770,-26.125622,126.778725,8.365088,0.470778,-0.509031,0.314183,-0.648494,-20.718498,102.347198,-0.388764,0.542242,-0.513435,0.226801,-0.625235,-14.505964,82.973099,-8.349837,-0.032925,0.884179,-0.122791,0.449518,-6.439182,123.668968,26.217779,0.585988,0.807557,0.009664,0.066151,5.062899,126.935699,41.461365,0.511338,0.829204,0.216936,0.062394,13.134715,101.811996,43.993439,0.500515,0.770493,0.379998,0.106900,23.279980,82.893852,41.434101,0.066082,0.888426,0.206441,0.404617,-11.427151,84.140411,12.903038,0.088196,0.942006,-0.003097,0.323784,-9.657678,51.845055,-2.078208,-0.039428,0.935313,0.008431,0.351517,-17.219215,7.581231,-4.383887,-0.122801,0.897773,-0.043634,0.420737,1.219472,84.136078,26.594585,-0.011840,0.892128,-0.157193,0.423389,7.770221,49.701965,33.070591,-0.041251,0.883928,0.002001,0.465795,2.735073,6.972468,46.132599,-0.039428,0.935313,0.008431,0.351517,-7.553914,2.151360,-14.833864,-0.041251,0.883928,0.002001,0.465795,14.696871,1.522257,38.431030
64,0.533333,0.005371,0.915780,-0.010364,0.401510,-5.119804,84.170967,19.693836,-0.052719,0.915701,0.114846,0.381475,-4.981035,91.810684,19.581732,0.004364,0.925717,0.005853,0.378147,-8.402122,109.793053,22.741539,0.113189,0.945553,-0.098780,0.288722,-8.328324,129.994659,23.027172,0.032899,0.978114,-0.114114,0.170846,-3.436437,143.317505,19.756195,0.092248,0.933231,-0.023030,0.346466,-11.764537,123.785088,20.971869,0.400734,-0.488287,0.399049,-0.664641,-26.157230,126.811615,8.361292,0.471515,-0.508290,0.314082,-0.648589,-20.731449,102.375069,-0.366965,0.542966,-0.512440,0.226813,-0.625420,-14.481836,82.997169,-8.302799,-0.033189,0.884627,-0.121825,0.448880,-6.446768,123.691940,26.186043,0.585292,0.808129,0.009950,0.065284,5.076861,126.948456,41.415524,0.512168,0.828890,0.215879,0.063419,13.197902,101.836250,43.903965,0.500965,0.770541,0.379051,0.107802,23.298927,82.892258,41.396629,0.066574,0.888218,0.204697,0.405876,-11.433820,84.185074,12.839505,0.087815,0.941446,-0.002753,0.325517,-9.726468,51.843243,-2.048400,-0.039920,0.935187,0.008542,0.351795,-17.241674,7.573205,-4.385933,-0.122649,0.897271,-0.043934,0.421820,1.194211,84.156860,26.548168,-0.012515,0.891714,-0.157011,0.424308,7.718464,49.721958,33.046669,-0.041255,0.883776,0.001376,0.466085,2.730940,6.988817,46.115036,-0.039920,0.935187,0.008542,0.351795,-7.564578,2.151831,-14.829402,-0.041255,0.883776,0.001376,0.466085,14.695086,1.523515,38.427822
65,0.541667,0.006289,0.915514,-0.010306,0.402105,-5.133650,84.192039,19.637064,-0.052542,0.915726,0.115114,0.381358,-4.982312,91.831612,19.531504,0.004219,0.925876,0.006431,0.377749,-8.401034,109.814140,22.703594,0.112898,0.945697,-0.098273,0.288538,-8.341355,130.015503,23.008585,0.033206,0.978037,-0.114607,0.170899,-3.461878,143.345276,19.747261,0.092169,0.933420,-0.022861,0.345990,-11.774902,123.805473,20.950235,0.400997,-0.487893,0.399284,-0.664631,-26.180958,126.832497,8.355035,0.472076,-0.507228,0.314287,-0.648913,-20.744736,102.389442,-0.348458,0.543725,-0.511238,0.227833,-0.625373,-14.455898,83.017807,-8.246584,-0.033427,0.884980,-0.120977,0.448395,-6.452630,123.711098,26.159794,0.584506,0.808737,0.010825,0.064648,5.087252,126.959167,41.378777,0.512916,0.828594,0.214864,0.064674,13.261429,101.859116,43.815357,0.502017,0.770355,0.377813,0.108581,23.321484,82.887657,41.367908,0.067082,0.887998,0.202975,0.407137,-11.438554,84.222115,12.774399,0.087443,0.940775,-0.002507,0.327553,-9.793927,51.835068,-2.021992,-0.040614,0.935048,0.008807,0.352077,-17.265669,7.559055,-4.385690,-0.122630,0.896629,-0.044289,0.423152,1.171253,84.161964,26.499727,-0.013085,0.891296,-0.156848,0.425228,7.673777,49.728958,33.029999,-0.041229,0.883519,0.001592,0.466575,2.724706,6.992528,46.102219,-0.040614,0.935048,0.008807,0.352077,-7.574055,2.152469,-14.823363,-0.041229,0.883519,0.001592,0.466575,14.698169,1.532758,38.425583
66,0.550000,0.006951,0.915295,-0.010351,0.402591,-5.142365,84.213730,19.592932,-0.052275,0.915744,0.115273,0.381305,-4.981438,91.853157,19.490900,0.003960,0.925979,0.007004,0.377489,-8.392106,109.829819,22.671370,0.112214,0.945866,-0.098104,0.288308,-8.350752,130.030960,22.993828,0.033550,0.978000,-0.114787,0.170921,-3.491791,143.367508,19.729576,0.092121,0.933559,-0.022526,0.345651,-11.779748,123.819565,20.931992,0.401173,-0.487629,0.399471,-0.664606,-26.195217,126.850128,8.348419,0.472583,-0.506068,0.314836,-0.649183,-20.753241,102.402092,-0.337475,0.544508,-0.509525,0.229194,-0.625592,-14.430162,83.029984,-8.187936,-0.033721,0.885381,-0.120041,0.447833,-6.454517,123.725555,26.138533,0.583815,0.809286,0.011506,0.063904,5.104102,126.965370,41.345051,0.513795,0.828228,0.213767,0.066009,13.326200,101.876106,43.730881,0.502694,0.770334,0.376670,0.109564,23.339344,82.872688,41.346462,0.067606,0.887816,0.201479,0.408189,-11.439817,84.254639,12.723485,0.086748,0.940356,-0.001607,0.328941,-9.855802,51.829517,-1.995921,-0.040983,0.935125,0.009055,0.351823,-17.239126,7.542282,-4.426161,-0.122610,0.896220,-0.044497,0.424001,1.155087,84.172829,26.462379,-0.013579,0.890913,-0.156802,0.426031,7.643823,49.740803,33.011497,-0.040536,0.883511,0.001508,0.466650,2.724322,7.004258,46.094494,-0.040983,0.935125,0.009055,0.351823,-7.548522,2.145957,-14.870077,-0.040536,0.883511,0.001508,0.466650,14.691772,1.532772,38.416828
67,0.558333,0.007599,0.915112,-0.010428,0.402993,-5.153150,84.231827,19.556690,-0.052111,0.915753,0.115402,0.381264,-4.982635,91.871086,19.457649,0.003892,0.926068,0.007447,0.377263,-8.388761,109.843994,22.644373,0.112029,0.945942,-0.097651,0.288284,-8.356656,130.044891,22.982378,0.033400,0.977944,-0.115136,0.171040,-3.506081,143.386963,19.728275,0.092047,0.933641,-0.022381,0.345457,-11.783751,123.833504,20.917406,0.401072,-0.487633,0.399649,-0.664557,-26.204945,126.863800,8.340337,0.473497,-0.504571,0.315511,-0.649355,-20.770706,102.413055,-0.342761,0.544870,-0.508503,0.229596,-0.625961,-14.401002,83.032936,-8.126915,-0.033968,0.885808,-0.119131,0.447212,-6.455974,123.737953,26.121309,0.583279,0.809725,0.011770,0.063187,5.123532,126.968132,41.313976,0.514462,0.827939,0.212990,0.066943,13.383603,101.887848,43.662704,0.503283,0.770238,0.375589,0.111232,23.367271,82.850098,41.320740,0.068040,0.887624,0.200241,0.409142,-11.444390,84.283119,12.681627,0.086377,0.939684,-0.001437,0.330954,-9.909272,51.826714,-1.973891,-0.041530,0.935086,0.009243,0.351858,-17.251278,7.533667,-4.423226,-0.122647,0.896034,-0.044711,0.424360,1.138090,84.180542,26.431755,-0.013905,0.890631,-0.156745,0.426631,7.619932,49.750515,32.998188,-0.040941,0.883341,0.001124,0.466938,2.719913,7.013154,46.085827,-0.041530,0.935086,0.009243,0.351858,-7.553525,2.148246,-14.866135,-0.040941,0.883341,0.001124,0.466938,14.694768,1.538184,38.422211
68,0.566667,0.008058,0.914981,-0.010462,0.403281,-5.160116,84.240585,19.531525,-0.051892,0.915792,0.115389,0.381205,-4.982953,91.879723,19.434887,0.003744,0.926148,0.007770,0.377062,-8.381325,109.853806,22.624590,0.111804,0.946079,-0.096977,0.288149,-8.359607,130.054550,22.972403,0.033248,0.977950,-0.115414,0.170846,-3.520684,143.404495,19.733276,0.091984,0.933756,-0.022363,0.345163,-11.784348,123.842384,20.905876,0.400569,-0.486862,0.400414,-0.664965,-26.213848,126.871338,8.338007,0.473598,-0.503329,0.316326,-0.649848,-20.772255,102.414345,-0.322874,0.545367,-0.507285,0.230964,-0.626013,-14.369843,83.026146,-8.065039,-0.034177,0.886288,-0.118115,0.446513,-6.454293,123.747086,26.107454,0.582809,0.810099,0.012381,0.062619,5.148879,126.964272,41.284824,0.515103,0.827655,0.212145,0.068193,13.441816,101.890961,43.591816,0.503968,0.770101,0.374569,0.112510,23.390043,82.826706,41.306572,0.068408,0.887556,0.199324,0.409676,-11.446890,84.299362,12.652430,0.086100,0.939269,-0.001314,0.332202,-9.953948,51.820427,-1.957458,-0.041924,0.935028,0.009511,0.351959,-17.265779,7.523042,-4.418679,-0.122703,0.895985,-0.044830,0.424434,1.126658,84.181808,26.410618,-0.014168,0.890429,-0.156762,0.427037,7.607794,49.753525,32.986862,-0.040411,0.883402,0.001159,0.466868,2.722238,7.017293,46.083626,-0.041924,0.935028,0.009511,0.351959,-7.560770,2.149075,-14.860755,-0.040411,0.883402,0.001159,0.466868,14.690701,1.535667,38.414772
69,0.575000,0.008700,0.914822,-0.010522,0.403626,-5.174347,84.245834,19.511465,-0.051601,0.915849,0.115348,0.381121,-4.987790,91.884789,19.418018,0.003702,0.926256,0.008030,0.376790,-8.374503,109.855484,22.609961,0.110933,0.946321,-0.096397,0.287886,-8.358192,130.056076,22.966879,0.033353,0.977945,-0.115567,0.170750,-3.547978,143.417862,19.733833,0.091909,0.933806,-0.022379,0.345047,-11.782410,123.843887,20.899542,0.400342,-0.486410,0.400796,-0.665202,-26.215557,126.870155,8.335225,0.473738,-0.502194,0.317325,-0.650137,-20.766880,102.410088,-0.312524,0.545821,-0.505553,0.232424,-0.626478,-14.342746,83.011284,-8.005728,-0.034471,0.886687,-0.117252,0.445926,-6.449305,123.747726,26.097975,0.582482,0.810425,0.012196,0.061469,5.173377,126.957962,41.261871,0.515781,0.827463,0.210937,0.069138,13.494083,101.889992,43.526470,0.504241,0.770187,0.373683,0.113639,23.410305,82.793343,41.294365,0.068605,0.887508,0.198492,0.410151,-11.455738,84.315033,12.627556,0.085884,0.938963,-0.001103,0.333125,-9.992565,51.814426,-1.937076,-0.042353,0.934965,0.009615,0.352071,-17.277603,7.513657,-4.416790,-0.122868,0.896082,-0.044920,0.424174,1.107044,84.176643,26.395374,-0.014292,0.890335,-0.156697,0.427253,7.597662,49.751820,32.980366,-0.040477,0.883334,0.001064,0.466992,2.721334,7.014078,46.075638,-0.042353,0.934965,0.009615,0.352071,-7.565253,2.147191,-14.855893,-0.040477,0.883334,0.001064,0.466992,14.692200,1.531164,38.411461
70,0.583333,0.009098,0.914699,-0.010533,0.403897,-5.184569,84.246895,19.501907,-0.051269,0.915876,0.115345,0.381102,-4.992359,91.885735,19.410824,0.003593,0.926311,0.008138,0.376655,-8.367151,109.854713,22.607002,0.110485,0.946444,-0.096148,0.287738,-8.356506,130.055267,22.966293,0.033002,0.977989,-0.115516,0.170601,-3.560755,143.422684,19.735022,0.091790,0.933816,-0.022395,0.345053,-11.779545,123.842331,20.899212,0.400011,-0.485895,0.401265,-0.665495,-26.213381,126.864136,8.334604,0.473812,-0.501081,0.318364,-0.650434,-20.758093,102.400780,-0.299647,0.545985,-0.504385,0.234034,-0.626678,-14.312657,82.985641,-7.946853,-0.034640,0.886946,-0.116816,0.445513,-6.444911,123.747101,26.096094,0.581975,0.810838,0.012681,0.060707,5.191597,126.954094,41.250072,0.516248,0.827324,0.209999,0.070169,13.548491,101.894035,43.468594,0.504727,0.770174,0.372881,0.114199,23.438614,82.775345,41.289474,0.068710,0.887637,0.197788,0.410194,-11.461749,84.322716,12.614229,0.085712,0.938652,-0.000828,0.334044,-10.025820,51.803242,-1.910944,-0.042602,0.934936,0.009945,0.352108,-17.285801,7.499781,-4.415877,-0.123029,0.896354,-0.044929,0.423549,1.092610,84.171066,26.389587,-0.014269,0.890271,-0.156711,0.427382,7.597664,49.749134,32.975445,-0.041440,0.883326,0.000269,0.466924,2.717088,7.011735,46.070244,-0.042602,0.934936,0.009945,0.352108,-7.569000,2.144768,-14.856723,-0.041440,0.883326,0.000269,0.466924,14.692860,1.522629,38.418167
71,0.591667,0.009410,0.914625,-0.010464,0.404057,-5.191636,84.247139,19.500696,-0.050874,0.915865,0.115318,0.381190,-4.995479,91.885918,19.412531,0.003387,0.926286,0.008163,0.376717,-8.355911,109.851883,22.612299,0.109571,0.946542,-0.096347,0.287696,-8.353381,130.052490,22.969379,0.032802,0.978014,-0.115183,0.170721,-3.580566,143.424866,19.724720,0.091625,0.933823,-0.022480,0.345070,-11.773658,123.837959,20.902517,0.399694,-0.485459,0.401597,-0.665804,-26.208199,126.852669,8.337024,0.473902,-0.500024,0.319503,-0.650623,-20.744566,102.388443,-0.289487,0.546086,-0.503135,0.235393,-0.627085,-14.284113,82.956551,-7.886599,-0.034825,0.887216,-0.116368,0.445077,-6.439693,123.745415,26.100132,0.581547,0.811233,0.012592,0.059542,5.211329,126.949440,41.243576,0.516925,0.827134,0.208767,0.071088,13.602084,101.896683,43.416309,0.504976,0.770316,0.371963,0.115137,23.458519,82.749123,41.290398,0.068839,0.887776,0.197264,0.410125,-11.466287,84.328751,12.610783,0.085521,0.938370,-0.000590,0.334885,-10.055502,51.795780,-1.886618,-0.042742,0.934918,0.010265,0.352130,-17.290024,7.489333,-4.412307,-0.123167,0.896568,-0.044831,0.423068,1.083016,84.165535,26.390612,-0.014219,0.890296,-0.156779,0.427307,7.603248,49.745384,32.970768,-0.041417,0.883323,0.000232,0.466932,2.717131,7.009783,46.069370,-0.042742,0.934918,0.010265,0.352130,-7.570305,2.144303,-14.855546,-0.041417,0.883323,0.000232,0.466932,14.692643,1.519433,38.417797
72,0.600000,0.009489,0.914581,-0.010190,0.404163,-5.191358,84.243942,19.507021,-0.050488,0.915808,0.115327,0.381374,-4.995778,91.882782,19.423189,0.003121,0.926194,0.008077,0.376949,-8.344269,109.851982,22.628458,0.109546,0.946482,-0.096366,0.287896,-8.350495,130.052704,22.978275,0.031966,0.978062,-0.115057,0.170690,-3.577188,143.425034,19.734131,0.091450,0.933778,-0.022624,0.345229,-11.767091,123.835991,20.911922,0.399443,-0.485068,0.401913,-0.666048,-26.198622,126.842155,8.340929,0.473935,-0.499149,0.320592,-0.650735,-20.728365,102.376297,-0.276720,0.546314,-0.501663,0.236492,-0.627652,-14.257688,82.921837,-7.831264,-0.034951,0.887524,-0.116053,0.444534,-6.435709,123.747574,26.112259,0.581164,0.811577,0.012593,0.058594,5.233709,126.948463,41.242195,0.517465,0.827000,0.207711,0.071814,13.654002,101.902222,43.375443,0.505027,0.770587,0.371157,0.115701,23.486753,82.725403,41.292843,0.068974,0.887962,0.196766,0.409938,-11.464390,84.328926,12.615672,0.085479,0.937906,-0.000360,0.336193,-10.080235,51.783310,-1.855873,-0.043076,0.934835,0.010576,0.352300,-17.300774,7.476199,-4.409778,-0.123350,0.896592,-0.044601,0.422986,1.081675,84.158958,26.398369,-0.014027,0.890454,-0.156908,0.426936,7.621058,49.740566,32.968742,-0.040686,0.883333,0.000892,0.466977,2.720063,7.008105,46.072041,-0.043076,0.934835,0.010576,0.352300,-7.572803,2.143207,-14.851488,-0.040686,0.883333,0.000892,0.466977,14.691976,1.523845,38.410469
73,0.608333,0.009431,0.914519,-0.009885,0.404313,-5.187408,84.240005,19.522524,-0.050265,0.915762,0.115287,0.381526,-4.994511,91.878960,19.442636,0.002973,0.926127,0.007974,0.377116,-8.335204,109.848190,22.649063,0.109899,0.946308,-0.096854,0.288173,-8.345452,130.049011,22.992762,0.030665,0.978120,-0.114692,0.170841,-3.557765,143.414230,19.740524,0.091196,0.933670,-0.022673,0.345586,-11.760103,123.831009,20.927059,0.399251,-0.484593,0.402322,-0.666262,-26.183897,126.826599,8.344666,0.473827,-0.498530,0.321528,-0.650827,-20.706631,102.356705,-0.257103,0.546821,-0.500597,0.238854,-0.627166,-14.236816,82.894379,-7.776318,-0.035118,0.887886,-0.115519,0.443938,-6.430581,123.745201,26.129345,0.580822,0.811849,0.012968,0.058133,5.258884,126.940445,41.244995,0.518053,0.826753,0.207012,0.072433,13.703094,101.899681,43.347889,0.505007,0.770964,0.370176,0.116415,23.508253,82.698730,41.296494,0.068950,0.888300,0.196528,0.409324,-11.458195,84.326263,12.629148,0.085545,0.937753,-0.000109,0.336604,-10.089780,51.773727,-1.828316,-0.043292,0.934793,0.010840,0.352378,-17.307112,7.467616,-4.408558,-0.123527,0.896529,-0.044245,0.423107,1.083378,84.153748,26.415899,-0.013761,0.890620,-0.157082,0.426535,7.643855,49.736210,32.969692,-0.040639,0.883402,0.001004,0.466849,2.720669,7.008013,46.078552,-0.043292,0.934793,0.010840,0.352378,-7.574354,2.144017,-14.850598,-0.040639,0.883402,0.001004,0.466849,14.690381,1.525723,38.412128
74,0.616667,0.009338,0.914516,-0.009586,0.404329,-5.180412,84.232964,19.546366,-0.050134,0.915723,0.115256,0.381646,-4.990656,91.872025,19.470083,0.002928,0.926061,0.007748,0.377282,-8.326608,109.840309,22.676605,0.110188,0.946215,-0.096695,0.288421,-8.335150,130.041290,23.011183,0.029310,0.978179,-0.114646,0.170771,-3.539744,143.405746,19.767160,0.091012,0.933600,-0.022816,0.345813,-11.749624,123.822662,20.947065,0.399241,-0.484271,0.402368,-0.666475,-26.168612,126.809242,8.357022,0.473753,-0.498084,0.322568,-0.650708,-20.676744,102.340279,-0.238075,0.546718,-0.499813,0.240132,-0.627394,-14.214855,82.855156,-7.723758,-0.035266,0.888207,-0.115254,0.443352,-6.421971,123.738731,26.151293,0.580638,0.812037,0.012799,0.057371,5.287241,126.932312,41.252007,0.518238,0.826768,0.206342,0.072856,13.747432,101.894714,43.327995,0.505678,0.770723,0.369461,0.117363,23.548328,82.672005,41.303837,0.068881,0.888718,0.196433,0.408472,-11.450991,84.319893,12.652808,0.085619,0.937609,0.000163,0.336985,-10.094960,51.764011,-1.798309,-0.043318,0.934752,0.011148,0.352474,-17.309227,7.459050,-4.406715,-0.123678,0.896309,-0.043771,0.423577,1.090166,84.146034,26.439922,-0.013453,0.890775,-0.157264,0.426153,7.671136,49.728184,32.971458,-0.040539,0.883476,0.001219,0.466718,2.721899,7.004380,46.084831,-0.043318,0.934752,0.011148,0.352474,-7.573136,2.143983,-14.849994,-0.040539,0.883476,0.001219,0.466718,14.689263,1.525848,38.412067
75,0.625000,0.009175,0.914512,-0.009467,0.404344,-5.172361,84.223434,19.577837,-0.050055,0.915698,0.115168,0.381742,-4.985612,91.862579,19.502214,0.002899,0.926008,0.007569,0.377417,-8.318048,109.832298,22.706646,0.110152,0.946211,-0.096851,0.288393,-8.325003,130.033401,23.034086,0.028394,0.978292,-0.114414,0.170434,-3.529535,143.396713,19.785465,0.090725,0.933462,-0.022950,0.346253,-11.739398,123.814331,20.971178,0.399158,-0.483803,0.402720,-0.666652,-26.148615,126.787865,8.366865,0.473542,-0.497677,0.323435,-0.650742,-20.647755,102.314743,-0.210588,0.546576,-0.499267,0.241475,-0.627436,-14.191945,82.815308,-7.671258,-0.035521,0.888535,-0.114798,0.442792,-6.413259,123.731781,26.176977,0.580499,0.812214,0.012254,0.056379,5.314484,126.924286,41.263535,0.518591,0.826774,0.205352,0.073069,13.789235,101.889526,43.314228,0.506023,0.770796,0.368679,0.117854,23.575748,82.649742,41.316246,0.068694,0.889130,0.196490,0.407579,-11.442768,84.308472,12.684101,0.085842,0.937482,0.000414,0.337281,-10.087738,51.752354,-1.766552,-0.043403,0.934737,0.011323,0.352497,-17.312229,7.450846,-4.405157,-0.123691,0.896618,-0.043609,0.422936,1.098045,84.138390,26.471573,-0.013140,0.891084,-0.157247,0.425523,7.689494,49.719765,32.988453,-0.040560,0.883569,0.001420,0.466538,2.725170,6.994721,46.092083,-0.043403,0.934737,0.011323,0.352497,-7.574229,2.141335,-14.849483,-0.040560,0.883569,0.001420,0.466538,14.690500,1.521273,38.412521
76,0.633333,0.008619,0.914579,-0.009310,0.404208,-5.149434,84.220001,19.619982,-0.050104,0.915669,0.115212,0.381793,-4.971435,91.859344,19.543093,0.002740,0.925942,0.007316,0.377585,-8.305081,109.821716,22.746910,0.110234,0.946134,-0.097024,0.288559,-8.314178,130.023010,23.062450,0.027144,0.978375,-0.114157,0.170336,-3.514422,143.384094,19.811029,0.090586,0.933340,-0.023293,0.346595,-11.727205,123.802376,21.001968,0.399259,-0.483486,0.402770,-0.666791,-26.128239,126.765533,8.385858,0.473505,-0.497677,0.324081,-0.650448,-20.613272,102.291779,-0.180722,0.546539,-0.499087,0.241845,-0.627470,-14.172381,82.768723,-7.626049,-0.035523,0.888648,-0.114854,0.442550,-6.402939,123.723434,26.209745,0.580205,0.812474,0.012318,0.055646,5.333096,126.916061,41.289829,0.519020,0.826679,0.204577,0.073271,13.830288,101.886261,43.307976,0.506358,0.770963,0.367857,0.117896,23.598503,82.629387,41.330070,0.068737,0.889650,0.196556,0.406404,-11.422086,84.296791,12.728189,0.085960,0.937415,0.000785,0.337435,-10.086892,51.742958,-1.729475,-0.043331,0.934731,0.011518,0.352515,-17.309507,7.443306,-4.404130,-0.123273,0.897120,-0.043639,0.421989,1.123219,84.143219,26.511776,-0.012960,0.891274,-0.157068,0.425198,7.694380,49.717411,33.011227,-0.040602,0.883623,0.001557,0.466432,2.727281,6.986880,46.095913,-0.043331,0.934731,0.011518,0.352515,-7.571282,2.138184,-14.850482,-0.040602,0.883623,0.001557,0.466432,14.691782,1.517283,38.412308
77,0.641667,0.008376,0.914565,-0.009133,0.404248,-5.133765,84.211639,19.665140,-0.050062,0.915660,0.115244,0.381811,-4.960267,91.851089,19.589235,0.002593,0.925925,0.006991,0.377634,-8.292655,109.811699,22.794357,0.109850,0.946106,-0.097685,0.288572,-8.302331,130.013199,23.095470,0.026314,0.978444,-0.113704,0.170371,-3.507714,143.371109,19.823399,0.090567,0.933163,-0.023647,0.347053,-11.714973,123.791016,21.039076,0.399274,-0.483226,0.402959,-0.666857,-26.103804,126.747704,8.407540,0.473433,-0.497580,0.324800,-0.650215,-20.583559,102.271011,-0.147226,0.546505,-0.498945,0.242824,-0.627234,-14.156872,82.728371,-7.573136,-0.035796,0.888698,-0.114831,0.442435,-6.391252,123.715935,26.247463,0.579923,0.812722,0.012426,0.054941,5.347964,126.917099,41.323254,0.519465,0.826568,0.203829,0.073447,13.866637,101.891968,43.308601,0.506879,0.770998,0.367129,0.117691,23.619499,82.610916,41.348396,0.068741,0.890052,0.196628,0.405486,-11.405885,84.285599,12.772835,0.086103,0.937436,0.001184,0.337339,-10.083684,51.733814,-1.690631,-0.043290,0.934756,0.011744,0.352448,-17.306406,7.436445,-4.402486,-0.123167,0.897271,-0.043392,0.421725,1.138354,84.137672,26.557446,-0.012664,0.891342,-0.156952,0.425106,7.712355,49.708481,33.036041,-0.040724,0.883667,0.001819,0.466338,2.727380,6.973994,46.100960,-0.043290,0.934756,0.011744,0.352448,-7.569455,2.136768,-14.852784,-0.040724,0.883667,0.001819,0.466338,14.692619,1.512495,38.412750
78,0.650000,0.007891,0.914577,-0.008946,0.404236,-5.105088,84.206757,19.714348,-0.050353,0.915668,0.115338,0.381725,-4.939515,91.846382,19.638044,0.002588,0.925955,0.006727,0.377564,-8.283190,109.807251,22.842810,0.109773,0.946084,-0.098094,0.288534,-8.289013,130.008896,23.133997,0.025365,0.978508,-0.113539,0.170257,-3.493566,143.363647,19.850271,0.090380,0.932981,-0.023881,0.347575,-11.703147,123.786354,21.081186,0.399590,-0.483402,0.402830,-0.666617,-26.079252,126.732025,8.432595,0.473926,-0.497552,0.325090,-0.649733,-20.562550,102.253166,-0.118259,0.546223,-0.499731,0.242514,-0.626974,-14.140730,82.692474,-7.522318,-0.036220,0.888872,-0.114502,0.442136,-6.378632,123.712830,26.288786,0.579740,0.812886,0.012548,0.054406,5.369677,126.921883,41.355820,0.519922,0.826399,0.203269,0.073675,13.902727,101.899590,43.314953,0.507108,0.771089,0.366658,0.117579,23.638184,82.596466,41.370052,0.068902,0.890479,0.196628,0.404521,-11.377537,84.273857,12.822270,0.086275,0.937514,0.001662,0.337077,-10.081209,51.723640,-1.647072,-0.043343,0.934753,0.011990,0.352442,-17.304647,7.429072,-4.402411,-0.123034,0.897432,-0.043359,0.421424,1.167360,84.139648,26.606426,-0.012178,0.891653,-0.156742,0.424545,7.736151,49.707912,33.076752,-0.040725,0.883757,0.002130,0.466166,2.728456,6.966409,46.110001,-0.043343,0.934753,0.011990,0.352442,-7.566558,2.136461,-14.855230,-0.040725,0.883757,0.002130,0.466166,14.692073,1.512421,38.413940
79,0.658333,0.007500,0.914573,-0.008915,0.404253,-5.075357,84.206451,19.771408,-0.050746,0.915612,0.115481,0.381764,-4.915439,91.846176,19.693134,0.002489,0.925916,0.006421,0.377667,-8.275156,109.807541,22.897461,0.110102,0.945957,-0.098292,0.288758,-8.280011,130.009384,23.175665,0.024281,0.978524,-0.113638,0.170256,-3.473230,143.359802,19.890966,0.090168,0.932728,-0.023649,0.348324,-11.694010,123.785675,21.126101,0.399441,-0.482450,0.403501,-0.666990,-26.051395,126.725212,8.454837,0.473529,-0.498021,0.325619,-0.649398,-20.514637,102.238609,-0.060855,0.546213,-0.500522,0.242662,-0.626294,-14.126026,82.659531,-7.468315,-0.036311,0.889004,-0.114387,0.441893,-6.370648,123.715225,26.334923,0.579457,0.813132,0.012342,0.053791,5.385706,126.924553,41.395622,0.520206,0.826305,0.202888,0.073772,13.939678,101.907898,43.335449,0.507150,0.771044,0.366758,0.117385,23.662708,82.595131,41.399635,0.069169,0.890740,0.196586,0.403921,-11.347663,84.267128,12.879139,0.086468,0.937553,0.002164,0.336918,-10.079195,51.718372,-1.595952,-0.043554,0.934768,0.012062,0.352372,-17.303970,7.426968,-4.398281,-0.122718,0.897094,-0.043112,0.422261,1.196948,84.145775,26.663679,-0.012028,0.891540,-0.156455,0.424893,7.747436,49.706985,33.114998,-0.040880,0.883830,0.002373,0.466013,2.733668,6.957090,46.118362,-0.043554,0.934768,0.012062,0.352372,-7.565003,2.138490,-14.852378,-0.040880,0.883830,0.002373,0.466013,14.697247,1.511129,38.416546
80,0.666667,0.007028,0.914583,-0.008819,0.404241,-5.041437,84.206024,19.831137,-0.051363,0.915549,0.115591,0.381799,-4.888718,91.845886,19.751284,0.002639,0.925884,0.006242,0.377748,-8.272341,109.811256,22.951559,0.109929,0.945836,-0.099097,0.288945,-8.268888,130.013153,23.225357,0.023403,0.978506,-0.113435,0.170617,-3.459707,143.357407,19.919147,0.089973,0.932505,-0.023866,0.348955,-11.685110,123.790421,21.176567,0.400560,-0.482588,0.402813,-0.666635,-26.026806,126.718643,8.484943,0.473808,-0.498700,0.325860,-0.648551,-20.467701,102.232399,-0.017203,0.545907,-0.501244,0.243006,-0.625850,-14.113309,82.631241,-7.419193,-0.036502,0.889074,-0.114159,0.441795,-6.362668,123.718903,26.386314,0.579274,0.813305,0.012080,0.053199,5.396506,126.930580,41.444309,0.520554,0.826126,0.202801,0.073561,13.965064,101.917625,43.367290,0.506854,0.771174,0.366798,0.117684,23.678461,82.589165,41.421257,0.069449,0.890929,0.196620,0.403439,-11.314050,84.259377,12.939087,0.086772,0.937313,0.002523,0.337504,-10.070059,51.714336,-1.546480,-0.043624,0.934775,0.012132,0.352343,-17.307564,7.427812,-4.392734,-0.122398,0.897112,-0.043171,0.422310,1.231175,84.152672,26.723185,-0.011658,0.891679,-0.156092,0.424744,7.759404,49.708649,33.169121,-0.040739,0.883916,0.003034,0.465858,2.732011,6.947762,46.131008,-0.043624,0.934775,0.012132,0.352343,-7.568310,2.141919,-14.847866,-0.040739,0.883916,0.003034,0.465858,14.694402,1.516033,38.417316
81,0.675000,0.006646,0.914592,-0.008756,0.404228,-5.004860,84.207283,19.895077,-0.051743,0.915479,0.115655,0.381895,-4.857860,91.847244,19.813738,0.002429,0.925808,0.006164,0.377936,-8.255592,109.810593,23.010313,0.109876,0.945704,-0.099577,0.289234,-8.258865,130.012573,23.277977,0.022554,0.978469,-0.113548,0.170868,-3.446009,143.352692,19.960506,0.089673,0.932369,-0.023917,0.349393,-11.672215,123.788094,21.229687,0.400852,-0.482436,0.402732,-0.666618,-26.004147,126.703903,8.524177,0.473735,-0.499087,0.326175,-0.648149,-20.433811,102.216637,0.032347,0.545645,-0.501848,0.243363,-0.625456,-14.104825,82.604424,-7.366876,-0.036722,0.889036,-0.114027,0.441888,-6.351871,123.719910,26.441618,0.578959,0.813562,0.012082,0.052703,5.403497,126.937233,41.501377,0.520790,0.826033,0.202607,0.073469,13.994185,101.930298,43.403831,0.507628,0.770721,0.366780,0.117369,23.699177,82.593483,41.456184,0.069761,0.890966,0.196529,0.403348,-11.277768,84.254608,13.003251,0.087118,0.937204,0.003040,0.337712,-10.057651,51.710117,-1.485573,-0.043671,0.934789,0.012075,0.352302,-17.307720,7.429266,-4.387557,-0.122068,0.897077,-0.043233,0.422473,1.268049,84.159958,26.786903,-0.011213,0.891966,-0.155647,0.424317,7.772464,49.710564,33.228207,-0.040723,0.883978,0.003441,0.465738,2.732695,6.936267,46.140953,-0.043671,0.934789,0.012075,0.352302,-7.569059,2.142323,-14.842711,-0.040723,0.883978,0.003441,0.465738,14.694609,1.514261,38.419689
82,0.683333,0.006140,0.914578,-0.008945,0.404264,-4.963845,84.209663,19.964760,-0.052107,0.915366,0.115567,0.382146,-4.822756,91.849670,19.877659,0.002209,0.925659,0.006390,0.378299,-8.233145,109.816025,23.065777,0.109490,0.945679,-0.099788,0.289387,-8.248188,130.017929,23.338552,0.022184,0.978450,-0.113915,0.170783,-3.443189,143.358902,20.013115,0.089117,0.932249,-0.023723,0.349868,-11.656359,123.792030,21.285994,0.401137,-0.482180,0.402667,-0.666672,-25.979292,126.689529,8.566150,0.473681,-0.499606,0.326404,-0.647673,-20.393034,102.201591,0.086705,0.545351,-0.502759,0.243214,-0.625037,-14.092165,82.576599,-7.314221,-0.036957,0.889069,-0.113702,0.441886,-6.340091,123.725555,26.502110,0.578892,0.813661,0.011488,0.052048,5.414703,126.945457,41.561771,0.520989,0.826042,0.202305,0.072787,14.013163,101.940453,43.454544,0.507014,0.771310,0.366397,0.117350,23.715029,82.600220,41.487213,0.070284,0.890859,0.196290,0.403610,-11.236338,84.246918,13.072494,0.087349,0.937233,0.003711,0.337567,-10.052089,51.700962,-1.416022,-0.043545,0.934873,0.012293,0.352088,-17.301569,7.424149,-4.380430,-0.121566,0.897087,-0.043306,0.422588,1.308648,84.172401,26.857027,-0.010833,0.892228,-0.155137,0.423962,7.778548,49.714748,33.288937,-0.040731,0.884051,0.003803,0.465597,2.732948,6.925455,46.149635,-0.043545,0.934873,0.012293,0.352088,-7.568382,2.141363,-14.842781,-0.040731,0.884051,0.003803,0.465597,14.694082,1.512411,38.420864
83,0.691667,0.005682,0.914589,-0.008944,0.404245,-4.917320,84.214600,20.034084,-0.052666,0.915294,0.115678,0.382206,-4.782637,91.854683,19.944168,0.001886,0.925597,0.006543,0.378450,-8.214629,109.822502,23.128523,0.109657,0.945577,-0.099744,0.289674,-8.244162,130.024368,23.402075,0.021591,0.978368,-0.114603,0.170867,-3.433620,143.364441,20.081013,0.088677,0.932094,-0.023709,0.350392,-11.647213,123.796127,21.348145,0.401571,-0.482096,0.402346,-0.666665,-25.958956,126.676918,8.611922,0.473671,-0.500034,0.326651,-0.647225,-20.354717,102.191177,0.138028,0.544950,-0.503464,0.243378,-0.624757,-14.078170,82.552185,-7.262004,-0.037208,0.889078,-0.113489,0.441901,-6.332631,123.733246,26.566019,0.578920,0.813688,0.011101,0.051378,5.420907,126.958214,41.625576,0.520649,0.826565,0.201316,0.072021,14.021298,101.952599,43.501358,0.508957,0.770817,0.365312,0.115549,23.744917,82.619453,41.533241,0.070742,0.890802,0.196001,0.403797,-11.190189,84.244064,13.142124,0.087685,0.937163,0.004398,0.337665,-10.040467,51.694633,-1.341365,-0.043437,0.934931,0.012284,0.351946,-17.296816,7.423613,-4.374667,-0.120920,0.896977,-0.043376,0.423000,1.355549,84.185127,26.926044,-0.010513,0.892446,-0.154615,0.423703,7.779757,49.716728,33.346161,-0.040908,0.884066,0.004061,0.465551,2.732208,6.912270,46.155521,-0.043437,0.934931,0.012284,0.351946,-7.567965,2.139259,-14.840258,-0.040908,0.884066,0.004061,0.465551,14.695424,1.508044,38.423805
84,0.700000,0.004793,0.914533,-0.008961,0.404384,-4.849409,84.222321,20.107014,-0.053365,0.915218,0.115886,0.382229,-4.727028,91.862541,20.011391,0.001466,0.925562,0.006717,0.378534,-8.185732,109.826302,23.192596,0.109428,0.945486,-0.099989,0.289973,-8.233631,130.028137,23.466221,0.021066,0.978264,-0.115005,0.171258,-3.425771,143.367538,20.138594,0.088244,0.932014,-0.023478,0.350730,-11.630650,123.796822,21.411631,0.402283,-0.482253,0.401568,-0.666590,-25.936157,126.664505,8.665458,0.474056,-0.500499,0.326903,-0.646457,-20.306818,102.186264,0.186514,0.544532,-0.504507,0.243252,-0.624329,-14.056977,82.530403,-7.200138,-0.037429,0.888882,-0.113358,0.442309,-6.316989,123.738731,26.630497,0.578714,0.813856,0.011205,0.051017,5.421926,126.970604,41.699970,0.520750,0.826419,0.201655,0.072012,14.036944,101.968674,43.557556,0.508391,0.770742,0.366452,0.114927,23.753681,82.638908,41.580563,0.071420,0.890976,0.195425,0.403572,-11.120357,84.236488,13.213259,0.088033,0.937147,0.005215,0.337607,-10.034262,51.677860,-1.254462,-0.043617,0.934939,0.012563,0.351894,-17.295042,7.413044,-4.366706,-0.120040,0.896935,-0.043647,0.423312,1.421540,84.208145,27.000771,-0.010179,0.892672,-0.153987,0.423463,7.780013,49.726322,33.414207,-0.040971,0.884132,0.004298,0.465417,2.733097,6.903812,46.163338,-0.043617,0.934939,0.012563,0.351894,-7.564668,2.137976,-14.835565,-0.040971,0.884132,0.004298,0.465417,14.695629,1.506206,38.425949
85,0.708333,0.004314,0.914422,-0.009113,0.404638,-4.795543,84.231186,20.184332,-0.054142,0.915020,0.116162,0.382510,-4.678893,91.871437,20.083649,0.001102,0.925408,0.007020,0.378906,-8.171320,109.842979,23.264141,0.109408,0.945374,-0.100185,0.290277,-8.237598,130.044693,23.543531,0.020887,0.978172,-0.115712,0.171327,-3.427231,143.382324,20.212469,0.087842,0.931794,-0.023455,0.351418,-11.627346,123.810913,21.484392,0.402644,-0.482049,0.401280,-0.666694,-25.916904,126.663033,8.716843,0.474009,-0.500907,0.327265,-0.645992,-20.264847,102.187920,0.243966,0.544723,-0.504559,0.243946,-0.623849,-14.042557,82.518707,-7.138047,-0.037590,0.888835,-0.113272,0.442412,-6.317873,123.756088,26.707558,0.578420,0.814056,0.011846,0.051023,5.417068,126.992432,41.779171,0.520825,0.826386,0.201690,0.071754,14.050063,101.995316,43.618099,0.508877,0.770672,0.366277,0.113797,23.769844,82.656189,41.629341,0.072039,0.890799,0.194798,0.404155,-11.062751,84.235985,13.287161,0.088453,0.936882,0.006044,0.338220,-10.025036,51.666225,-1.159044,-0.043523,0.934965,0.012865,0.351825,-17.293592,7.408914,-4.358662,-0.119589,0.897160,-0.043853,0.422941,1.471665,84.226387,27.081501,-0.009511,0.893172,-0.153379,0.422645,7.798138,49.738129,33.492001,-0.041030,0.884172,0.004551,0.465333,2.732464,6.897625,46.173065,-0.043523,0.934965,0.012865,0.351825,-7.564860,2.140731,-14.832516,-0.041030,0.884172,0.004551,0.465333,14.695224,1.507030,38.431137
86,0.716667,0.003875,0.914445,-0.008648,0.404599,-4.735775,84.242783,20.252943,-0.054627,0.914927,0.116291,0.382624,-4.628146,91.883217,20.156046,0.000610,0.925309,0.007216,0.379145,-8.138139,109.846222,23.332418,0.108702,0.945440,-0.099531,0.290553,-8.225876,130.047852,23.611584,0.020807,0.978052,-0.116489,0.171498,-3.437701,143.396652,20.293266,0.087372,0.931744,-0.022845,0.351707,-11.607965,123.810486,21.550728,0.402687,-0.481776,0.401237,-0.666891,-25.892845,126.653481,8.775912,0.473710,-0.501157,0.327516,-0.645890,-20.225018,102.180412,0.307681,0.544561,-0.504649,0.244380,-0.623748,-14.022435,82.511635,-7.076477,-0.037650,0.888505,-0.113268,0.443072,-6.301176,123.761307,26.776674,0.578107,0.814295,0.011832,0.050752,5.410944,127.002037,41.865086,0.520986,0.826307,0.201827,0.071116,14.064595,102.011299,43.693542,0.509219,0.770522,0.366317,0.113158,23.779169,82.677101,41.677475,0.072731,0.890551,0.193908,0.405005,-11.003633,84.243614,13.356362,0.088825,0.936819,0.007025,0.338275,-10.022468,51.656330,-1.054233,-0.043504,0.934989,0.013069,0.351756,-17.291983,7.406092,-4.348146,-0.119172,0.897449,-0.044377,0.422392,1.532083,84.241959,27.149523,-0.008817,0.893599,-0.152723,0.421994,7.820296,49.749901,33.577217,-0.041136,0.884228,0.004951,0.465214,2.733109,6.890211,46.184643,-0.043504,0.934989,0.013069,0.351756,-7.564407,2.143033,-14.825651,-0.041136,0.884228,0.004951,0.465214,14.696585,1.510900,38.435970
87,0.725000,0.003308,0.914368,-0.008742,0.404776,-4.670299,84.247940,20.334192,-0.055294,0.914837,0.116204,0.382770,-4.569988,91.888412,20.232491,0.000095,0.925224,0.007727,0.379343,-8.102904,109.854576,23.396664,0.108913,0.945404,-0.098791,0.290843,-8.217806,130.055923,23.687016,0.020488,0.977944,-0.117597,0.171394,-3.428172,143.409912,20.391781,0.086919,0.931703,-0.022128,0.351973,-11.590637,123.815178,21.621204,0.403011,-0.481760,0.400858,-0.666936,-25.871300,126.651253,8.840140,0.473697,-0.501381,0.327745,-0.645610,-20.186514,102.182724,0.370130,0.544347,-0.504841,0.244757,-0.623631,-13.999970,82.506058,-7.010089,-0.038311,0.888402,-0.112599,0.443390,-6.286082,123.770203,26.849457,0.578337,0.814147,0.011540,0.050580,5.413146,127.023460,41.945171,0.520778,0.826375,0.202306,0.070476,14.053628,102.028229,43.774647,0.508934,0.770477,0.366827,0.113087,23.785669,82.695869,41.725918,0.073515,0.890380,0.193274,0.405541,-10.935560,84.238365,13.435261,0.089315,0.936183,0.007659,0.339890,-10.014197,51.641773,-0.958221,-0.043524,0.934955,0.013416,0.351830,-17.299498,7.400227,-4.332998,-0.118539,0.897630,-0.044549,0.422165,1.594962,84.257515,27.233124,-0.008208,0.894065,-0.152201,0.421208,7.839747,49.755833,33.651482,-0.041014,0.884350,0.005472,0.464987,2.734557,6.880912,46.199654,-0.043524,0.934955,0.013416,0.351830,-7.569042,2.146641,-14.812580,-0.041014,0.884350,0.005472,0.464987,14.695088,1.512589,38.438831
88,0.733333,0.002737,0.914185,-0.009438,0.405179,-4.609490,84.262627,20.428272,-0.055823,0.914706,0.116066,0.383049,-4.512807,91.902954,20.313354,-0.000426,0.925092,0.008093,0.379657,-8.060676,109.858116,23.462412,0.108136,0.945421,-0.098230,0.291267,-8.200767,130.059219,23.758404,0.020501,0.977763,-0.118412,0.171864,-3.433782,143.423920,20.473730,0.086412,0.931779,-0.022099,0.351898,-11.564456,123.814896,21.688505,0.403505,-0.482023,0.399991,-0.666967,-25.850592,126.633362,8.909659,0.474158,-0.501574,0.327822,-0.645082,-20.142458,102.176575,0.421492,0.544049,-0.505528,0.244312,-0.623509,-13.969022,82.498779,-6.941477,-0.038913,0.888013,-0.112200,0.444218,-6.263444,123.774994,26.920397,0.577992,0.814373,0.012456,0.050661,5.405525,127.045120,42.035881,0.520762,0.826160,0.203126,0.070757,14.066720,102.055336,43.841618,0.508666,0.770201,0.367732,0.113239,23.799627,82.719788,41.783504,0.074083,0.890387,0.192371,0.405853,-10.868737,84.237984,13.523918,0.089851,0.936090,0.008877,0.339976,-10.005292,51.622540,-0.830384,-0.043555,0.934976,0.013761,0.351759,-17.297659,7.391441,-4.324708,-0.117842,0.898065,-0.044513,0.421441,1.649757,84.287270,27.332628,-0.007636,0.894400,-0.151603,0.420722,7.856983,49.773605,33.722958,-0.040967,0.884386,0.005479,0.464924,2.735296,6.881511,46.205566,-0.043555,0.934976,0.013761,0.351759,-7.567475,2.147235,-14.809243,-0.040967,0.884386,0.005479,0.464924,14.694280,1.512646,38.442730
89,0.741667,0.002164,0.914050,-0.009810,0.405477,-4.545277,84.270790,20.517321,-0.056684,0.914599,0.116067,0.383177,-4.454249,91.911049,20.393684,-0.000764,0.925031,0.008349,0.379800,-8.032033,109.864082,23.530045,0.107625,0.945458,-0.097454,0.291597,-8.188728,130.064987,23.830372,0.020602,0.977593,-0.119232,0.172253,-3.439484,143.440399,20.563683,0.086117,0.931713,-0.022240,0.352138,-11.546655,123.818375,21.758057,0.403757,-0.482013,0.399681,-0.667007,-25.828194,126.623848,8.971233,0.474209,-0.501637,0.328023,-0.644893,-20.106432,102.170906,0.481127,0.544124,-0.505379,0.244892,-0.623337,-13.945651,82.500877,-6.869660,-0.038691,0.887671,-0.112298,0.444897,-6.247272,123.781670,26.991611,0.577831,0.814459,0.012796,0.051020,5.398945,127.048286,42.125374,0.520615,0.826154,0.203693,0.070280,14.068049,102.061638,43.936501,0.508221,0.770417,0.368084,0.112621,23.805372,82.744171,41.850750,0.074825,0.890163,0.191674,0.406536,-10.800061,84.233513,13.608989,0.089991,0.935698,0.010256,0.340976,-9.993363,51.606876,-0.723147,-0.043379,0.935243,0.013933,0.351063,-17.251274,7.380420,-4.345625,-0.117142,0.898468,-0.044545,0.420772,1.709508,84.308060,27.425653,-0.006956,0.894983,-0.151059,0.419688,7.876469,49.782875,33.792686,-0.041040,0.884440,0.005643,0.464811,2.735082,6.875104,46.213146,-0.043379,0.935243,0.013933,0.351063,-7.538044,2.138103,-14.846799,-0.041040,0.884440,0.005643,0.464811,14.693512,1.511215,38.446033
90,0.750000,0.001780,0.913945,-0.010137,0.405708,-4.480206,84.274574,20.603365,-0.057359,0.914420,0.116027,0.383516,-4.392485,91.914757,20.472797,-0.001263,0.924844,0.008766,0.380243,-7.995048,109.872009,23.597864,0.107137,0.945462,-0.096788,0.291985,-8.176920,130.072601,23.906036,0.020729,0.977470,-0.119897,0.172472,-3.443699,143.457489,20.654957,0.085717,0.931699,-0.022386,0.352263,-11.525139,123.822662,21.827991,0.404146,-0.482070,0.399234,-0.666998,-25.805950,126.611542,9.036713,0.474567,-0.501701,0.327851,-0.644668,-20.068151,102.163460,0.543457,0.544487,-0.505549,0.245255,-0.622740,-13.907763,82.500465,-6.799592,-0.039779,0.887380,-0.111547,0.445569,-6.230790,123.790405,27.066671,0.577882,0.814420,0.013252,0.050959,5.388954,127.083954,42.214947,0.520044,0.826519,0.203719,0.070131,14.055315,102.095154,44.009323,0.508957,0.770064,0.368159,0.111456,23.822701,82.784546,41.923096,0.075524,0.890143,0.190552,0.406979,-10.731529,84.228233,13.691950,0.090452,0.935665,0.011578,0.340904,-9.995592,51.578510,-0.591348,-0.043388,0.935228,0.014513,0.351078,-17.251514,7.362124,-4.338562,-0.116373,0.898856,-0.044566,0.420153,1.771117,84.320908,27.514780,-0.006410,0.895369,-0.150548,0.419057,7.893356,49.783062,33.856247,-0.041111,0.884487,0.005968,0.464712,2.736113,6.860760,46.219799,-0.043388,0.935228,0.014513,0.351078,-7.536180,2.135294,-14.845511,-0.041111,0.884487,0.005968,0.464712,14.694926,1.505845,38.447075
91,0.758333,0.001436,0.913873,-0.010691,0.405857,-4.415924,84.279724,20.697802,-0.057914,0.914243,0.115866,0.383902,-4.329558,91.919746,20.557386,-0.001903,0.924617,0.009269,0.380780,-7.949845,109.875549,23.667383,0.106290,0.945453,-0.096491,0.292420,-8.163569,130.075684,23.984392,0.020857,0.977352,-0.120226,0.172898,-3.452850,143.469269,20.736395,0.085382,0.931704,-0.022026,0.352352,-11.499598,123.821472,21.899611,0.403913,-0.481476,0.399413,-0.667461,-25.780184,126.603127,9.106499,0.474142,-0.501787,0.328010,-0.644832,-20.019608,102.157593,0.621358,0.544521,-0.505330,0.245362,-0.622846,-13.868984,82.499779,-6.728853,-0.040121,0.887088,-0.111070,0.446239,-6.211364,123.795113,27.144501,0.577839,0.814476,0.013075,0.050599,5.384175,127.094612,42.310028,0.520050,0.826445,0.204136,0.069754,14.055093,102.106682,44.094490,0.508519,0.770075,0.368601,0.111921,23.825623,82.797386,41.984802,0.076185,0.890194,0.189311,0.407324,-10.665016,84.223312,13.784441,0.090971,0.935380,0.012972,0.341497,-10.002634,51.547115,-0.441812,-0.043549,0.935184,0.015176,0.351147,-17.256470,7.342276,-4.326746,-0.115761,0.899194,-0.044491,0.419608,1.833167,84.336143,27.611164,-0.005679,0.895867,-0.150055,0.418180,7.922915,49.787678,33.926018,-0.041046,0.884557,0.006310,0.464580,2.737436,6.851256,46.228592,-0.043549,0.935184,0.015176,0.351147,-7.536013,2.134823,-14.838585,-0.041046,0.884557,0.006310,0.464580,14.694770,1.503802,38.448452
92,0.766667,0.000884,0.913752,-0.010868,0.406127,-4.339622,84.287468,20.791058,-0.058592,0.914020,0.115705,0.384377,-4.259817,91.927452,20.644766,-0.002691,0.924347,0.009647,0.381422,-7.902381,109.881660,23.737621,0.105541,0.945485,-0.095487,0.292917,-8.151567,130.081360,24.056477,0.021115,0.977242,-0.120719,0.173142,-3.465862,143.489243,20.831364,0.085024,0.931674,-0.021156,0.352572,-11.473813,123.821617,21.966343,0.403558,-0.481011,0.399901,-0.667719,-25.750742,126.601944,9.168875,0.473869,-0.501512,0.328153,-0.645174,-19.987141,102.152679,0.696515,0.544640,-0.504809,0.245372,-0.623159,-13.831393,82.506660,-6.650999,-0.040593,0.886585,-0.110699,0.447285,-6.192923,123.803856,27.218658,0.577402,0.814755,0.014019,0.050834,5.364895,127.116867,42.409992,0.520318,0.826067,0.204864,0.070092,14.061287,102.136528,44.176765,0.507991,0.770096,0.369124,0.112443,23.826283,82.803879,42.057320,0.076840,0.890342,0.188302,0.407344,-10.584652,84.220253,13.874128,0.091530,0.935175,0.014154,0.341862,-9.993650,51.524044,-0.309218,-0.043592,0.935216,0.015666,0.351035,-17.256084,7.331261,-4.313459,-0.114926,0.899374,-0.044442,0.419455,1.905408,84.354675,27.707985,-0.005055,0.896271,-0.149558,0.417499,7.945127,49.792179,33.994045,-0.041321,0.884597,0.006649,0.464473,2.737420,6.841752,46.238220,-0.043592,0.935216,0.015666,0.351035,-7.536274,2.137161,-14.832494,-0.041321,0.884597,0.006649,0.464473,14.697077,1.506473,38.453312
93,0.775000,0.000414,0.913683,-0.010868,0.406282,-4.272424,84.293076,20.881718,-0.059105,0.913879,0.115488,0.384702,-4.199160,91.933075,20.732515,-0.003268,0.924161,0.010139,0.381856,-7.856637,109.884521,23.808935,0.104763,0.945490,-0.095159,0.293290,-8.135121,130.083694,24.137142,0.021269,0.977153,-0.120776,0.173591,-3.470696,143.499954,20.916092,0.084888,0.931717,-0.020970,0.352503,-11.446387,123.820175,22.040871,0.404090,-0.481434,0.399015,-0.667622,-25.726110,126.598335,9.246044,0.474501,-0.501323,0.328190,-0.644837,-19.946537,102.159859,0.753498,0.544611,-0.504676,0.244967,-0.623452,-13.783601,82.507881,-6.571400,-0.040714,0.886159,-0.110857,0.448080,-6.170481,123.807487,27.298208,0.577096,0.814933,0.014856,0.051218,5.359385,127.130112,42.508686,0.520417,0.825839,0.205482,0.070237,14.072416,102.154991,44.267143,0.507850,0.770034,0.369406,0.112585,23.831076,82.822655,42.137585,0.077455,0.890490,0.186986,0.407510,-10.515128,84.217819,13.962770,0.092085,0.934952,0.015537,0.342262,-10.000024,51.493168,-0.157787,-0.044108,0.935168,0.016280,0.351070,-17.264248,7.313249,-4.298378,-0.114346,0.899449,-0.044320,0.419467,1.970280,84.368340,27.800667,-0.004311,0.896736,-0.149142,0.416657,7.976971,49.795578,34.061878,-0.041352,0.884639,0.007056,0.464385,2.736411,6.833365,46.250542,-0.044108,0.935168,0.016280,0.351070,-7.536551,2.141060,-14.820921,-0.041352,0.884639,0.007056,0.464385,14.696590,1.508550,38.459267
94,0.783333,-0.000312,0.913611,-0.011005,0.406440,-4.192161,84.299660,20.977329,-0.059990,0.913532,0.115512,0.385379,-4.128160,91.939613,20.821724,-0.003851,0.923760,0.010525,0.382809,-7.819194,109.891891,23.884172,0.104814,0.945333,-0.094282,0.294059,-8.125760,130.090576,24.217484,0.021001,0.977075,-0.121090,0.173841,-3.462886,143.514114,21.024649,0.084576,0.931620,-0.020811,0.352842,-11.424166,123.823166,22.112577,0.403896,-0.481077,0.399303,-0.667825,-25.696665,126.591660,9.307599,0.474444,-0.500798,0.328373,-0.645194,-19.911087,102.151299,0.824557,0.544598,-0.504338,0.245577,-0.623497,-13.732438,82.507629,-6.487943,-0.041103,0.885993,-0.110224,0.448528,-6.159175,123.816132,27.380857,0.576791,0.815131,0.014843,0.051515,5.353885,127.142784,42.603172,0.520419,0.825837,0.205639,0.069782,14.084000,102.174614,44.375610,0.507803,0.770181,0.369314,0.112089,23.845543,82.845398,42.226044,0.078252,0.890641,0.185819,0.407562,-10.432472,84.210976,14.056381,0.092677,0.934740,0.016846,0.342619,-10.002004,51.464165,-0.015582,-0.044249,0.935116,0.016881,0.351163,-17.273346,7.297883,-4.287085,-0.113569,0.899673,-0.044458,0.419184,2.048151,84.388344,27.898275,-0.003644,0.896997,-0.148511,0.416326,8.003586,49.803841,34.143566,-0.041078,0.884670,0.007605,0.464343,2.737350,6.824249,46.259674,-0.044249,0.935116,0.016881,0.351163,-7.540396,2.143290,-14.813401,-0.041078,0.884670,0.007605,0.464343,14.696465,1.509246,38.460072
95,0.791667,-0.000941,0.913582,-0.011270,0.406498,-4.117263,84.302406,21.077240,-0.060850,0.913303,0.115406,0.385818,-4.060384,91.942253,20.914032,-0.004441,0.923480,0.010818,0.383469,-7.780978,109.894058,23.959000,0.104570,0.945221,-0.093921,0.294622,-8.114337,130.092285,24.293869,0.020872,0.977018,-0.121021,0.174224,-3.457914,143.520630,21.111813,0.084172,0.931501,-0.020412,0.353276,-11.401534,123.820808,22.183580,0.403590,-0.480807,0.399645,-0.668000,-25.664812,126.579414,9.366199,0.474487,-0.500074,0.328466,-0.645676,-19.879940,102.136826,0.889120,0.544718,-0.503796,0.246072,-0.623635,-13.673621,82.501839,-6.409420,-0.041286,0.885621,-0.109969,0.449308,-6.144150,123.820099,27.459457,0.576843,0.815104,0.015090,0.051287,5.341207,127.151337,42.701691,0.519850,0.826174,0.205698,0.069866,14.069351,102.181244,44.456589,0.507642,0.770209,0.369574,0.111774,23.855936,82.864326,42.314857,0.079194,0.890755,0.184699,0.407639,-10.356673,84.200996,14.155653,0.093050,0.934622,0.018243,0.342769,-10.018184,51.435165,0.125515,-0.044557,0.935085,0.017423,0.351180,-17.276630,7.279530,-4.276032,-0.112819,0.899925,-0.044511,0.418839,2.122147,84.403816,27.998825,-0.002945,0.897335,-0.147955,0.415801,8.031023,49.807545,34.223122,-0.041149,0.884762,0.008019,0.464154,2.736331,6.812727,46.272621,-0.044557,0.935085,0.017423,0.351180,-7.538555,2.142684,-14.806289,-0.041149,0.884762,0.008019,0.464154,14.694598,1.508833,38.464157
96,0.800000,-0.001605,0.913471,-0.011807,0.406728,-4.052641,84.301842,21.184338,-0.061412,0.913080,0.115231,0.386309,-4.001654,91.941475,21.009512,-0.005241,0.923187,0.011131,0.384154,-7.740567,109.893074,24.038528,0.104243,0.945112,-0.093429,0.295243,-8.108850,130.090698,24.372421,0.020768,0.976943,-0.121031,0.174651,-3.461834,143.525574,21.204206,0.084053,0.931327,-0.020509,0.353757,-11.382173,123.813583,22.257336,0.403303,-0.480292,0.399922,-0.668378,-25.633049,126.565620,9.424763,0.474472,-0.499554,0.328686,-0.645978,-19.833658,102.123535,0.956129,0.544738,-0.503347,0.245720,-0.624119,-13.612186,82.493118,-6.328540,-0.041689,0.885313,-0.109638,0.449959,-6.132743,123.821960,27.541119,0.576639,0.815219,0.016010,0.051470,5.328645,127.163528,42.799122,0.519729,0.826125,0.205933,0.070652,14.068295,102.196075,44.534302,0.507331,0.770199,0.370017,0.111785,23.856226,82.875534,42.416294,0.079857,0.890793,0.183737,0.407861,-10.288529,84.184998,14.259824,0.093607,0.934635,0.019717,0.342500,-10.017366,51.401424,0.269736,-0.044616,0.935088,0.017983,0.351137,-17.277760,7.260168,-4.270667,-0.112256,0.900057,-0.044197,0.418740,2.183247,84.418686,28.108850,-0.002178,0.897698,-0.147478,0.415190,8.066744,49.811390,34.295799,-0.040539,0.884780,0.008795,0.464159,2.736118,6.803542,46.282814,-0.044616,0.935088,0.017983,0.351137,-7.538471,2.138809,-14.807341,-0.040539,0.884780,0.008795,0.464159,14.691824,1.510494,38.463081
97,0.808333,-0.002493,0.913473,-0.012000,0.406716,-3.969928,84.299835,21.287367,-0.062592,0.912880,0.115027,0.386653,-3.930141,91.939339,21.104330,-0.005665,0.922954,0.011503,0.384697,-7.708462,109.893250,24.108849,0.103984,0.945053,-0.092953,0.295672,-8.098548,130.090363,24.449774,0.020650,0.976923,-0.120775,0.174950,-3.459977,143.531174,21.294399,0.083668,0.931154,-0.020215,0.354320,-11.362705,123.810555,22.328482,0.403017,-0.479696,0.400282,-0.668763,-25.600618,126.551750,9.479205,0.474244,-0.498920,0.329005,-0.646473,-19.786160,102.108749,1.023531,0.544542,-0.502752,0.246079,-0.624628,-13.547841,82.485428,-6.248797,-0.042021,0.884912,-0.109439,0.450763,-6.119559,123.822533,27.618494,0.576459,0.815334,0.016506,0.051500,5.312675,127.174782,42.896019,0.519490,0.826116,0.206405,0.071133,14.063149,102.210190,44.617798,0.507124,0.769970,0.370548,0.112543,23.866299,82.878029,42.506935,0.080635,0.891036,0.182874,0.407566,-10.205942,84.166420,14.363265,0.094181,0.934517,0.021023,0.342588,-10.014589,51.369179,0.403911,-0.044924,0.935078,0.018467,0.351099,-17.281822,7.242393,-4.264417,-0.111358,0.900135,-0.044114,0.418820,2.266088,84.433258,28.211468,-0.001591,0.897884,-0.146946,0.414980,8.094880,49.811134,34.367157,-0.041078,0.884812,0.008751,0.464052,2.739556,6.788990,46.291702,-0.044924,0.935078,0.018467,0.351099,-7.538846,2.137208,-14.805533,-0.041078,0.884812,0.008751,0.464052,14.698497,1.502262,38.472633
98,0.816667,-0.003235,0.913437,-0.012213,0.406785,-3.896448,84.300789,21.390085,-0.063402,0.912658,0.114899,0.387083,-3.865685,91.940155,21.199476,-0.006168,0.922682,0.011758,0.385333,-7.670792,109.890572,24.185905,0.103472,0.945038,-0.092358,0.296087,-8.083825,130.087204,24.528263,0.020683,0.976912,-0.120551,0.175163,-3.461371,143.536758,21.386534,0.083281,0.931032,-0.020038,0.354744,-11.338036,123.803986,22.401814,0.403109,-0.479556,0.400032,-0.668957,-25.566828,126.532913,9.539824,0.474444,-0.498212,0.329400,-0.646671,-19.734648,102.095306,1.080786,0.544730,-0.501754,0.247078,-0.624872,-13.479710,82.477257,-6.161472,-0.042163,0.884643,-0.108993,0.451387,-6.102280,123.821259,27.699127,0.576256,0.815462,0.016696,0.051698,5.307698,127.172783,42.993443,0.519528,0.826001,0.206687,0.071371,14.069512,102.212395,44.718506,0.506362,0.770285,0.370721,0.113245,23.868704,82.879982,42.609287,0.081317,0.891141,0.182050,0.407570,-10.131330,84.153114,14.465253,0.094791,0.934143,0.022165,0.343365,-10.007792,51.342316,0.537051,-0.045076,0.935052,0.018878,0.351126,-17.286400,7.230339,-4.251914,-0.110819,0.900464,-0.044121,0.418254,2.338434,84.448456,28.314919,-0.000688,0.898218,-0.146335,0.414475,8.136755,49.817837,34.451561,-0.040873,0.884767,0.009211,0.464147,2.737943,6.779408,46.297459,-0.045076,0.935052,0.018878,0.351126,-7.540112,2.137764,-14.796066,-0.040873,0.884767,0.009211,0.464147,14.698548,1.501385,38.475056
99,0.825000,-0.004083,0.913487,-0.012552,0.406655,-3.823580,84.298584,21.500996,-0.064190,0.912459,0.114777,0.387458,-3.802576,91.937729,21.300381,-0.006728,0.922405,0.011917,0.385981,-7.633687,109.885002,24.269510,0.103729,0.944788,-0.092104,0.296873,-8.070317,130.081192,24.608753,0.020032,0.976848,-0.120190,0.175844,-3.439184,143.530960,21.480761,0.082942,0.930871,-0.019850,0.355255,-11.314313,123.793983,22.478474,0.402937,-0.479342,0.400098,-0.669175,-25.531208,126.512360,9.601109,0.474640,-0.497465,0.329583,-0.647009,-19.690952,102.076744,1.141901,0.545062,-0.500753,0.247252,-0.625316,-13.413161,82.473465,-6.074999,-0.042850,0.884515,-0.108281,0.451745,-6.086105,123.817909,27.783209,0.576120,0.815529,0.017096,0.052020,5.309082,127.181801,43.085827,0.519644,0.825826,0.206931,0.071843,14.077434,102.223846,44.812901,0.506013,0.770385,0.370732,0.114086,23.872652,82.877853,42.712646,0.082049,0.891244,0.181539,0.407425,-10.060319,84.133934,14.578220,0.095442,0.933856,0.023202,0.343897,-10.000583,51.318420,0.660703,-0.045112,0.934992,0.019303,0.351258,-17.298273,7.221800,-4.239441,-0.110266,0.900560,-0.043781,0.418231,2.413159,84.463242,28.423771,0.000150,0.898650,-0.145943,0.413676,8.186962,49.821777,34.522221,-0.041593,0.884872,0.009338,0.463880,2.745610,6.772989,46.310890,-0.045112,0.934992,0.019303,0.351258,-7.547458,2.141050,-14.785112,-0.041593,0.884872,0.009338,0.463880,14.709080,1.507913,38.484146
100,0.833333,-0.004902,0.913506,-0.012734,0.406596,-3.747498,84.294296,21.607288,-0.065464,0.912293,0.114543,0.387706,-3.736806,91.933250,21.399042,-0.007044,0.922224,0.012236,0.386398,-7.610117,109.884216,24.341856,0.103610,0.944727,-0.091419,0.297318,-8.063642,130.079910,24.687840,0.019918,0.976797,-0.120042,0.176241,-3.438820,143.536423,21.579514,0.082386,0.930573,-0.018859,0.356216,-11.300528,123.790802,22.552376,0.402857,-0.478792,0.400445,-0.669409,-25.494486,126.501106,9.648042,0.474632,-0.496639,0.330020,-0.647426,-19.640987,102.061996,1.208106,0.544654,-0.500390,0.247763,-0.625760,-13.339249,82.455505,-5.986361,-0.042924,0.884205,-0.108085,0.452390,-6.077186,123.817146,27.861891,0.575765,0.815760,0.017807,0.052090,5.295131,127.182343,43.181225,0.519775,0.825620,0.207077,0.072827,14.084770,102.230659,44.890594,0.505672,0.770289,0.371243,0.114585,23.869471,82.872032,42.820263,0.082882,0.891202,0.180759,0.407695,-9.984997,84.114334,14.685580,0.095932,0.933820,0.024506,0.343768,-9.997128,51.288460,0.792381,-0.045447,0.935022,0.019814,0.351107,-17.295603,7.205873,-4.231253,-0.109816,0.900883,-0.043590,0.417672,2.490002,84.474258,28.528997,0.000668,0.899163,-0.145044,0.412878,8.244843,49.824535,34.598358,-0.041770,0.884957,0.009817,0.463692,2.805458,6.752267,46.301853,-0.045447,0.935022,0.019814,0.351107,-7.543331,2.142217,-14.783795,-0.041770,0.884957,0.009817,0.463692,14.769382,1.501436,38.466240
101,0.841667,-0.005830,0.913530,-0.012943,0.406524,-3.666444,84.294281,21.717489,-0.066473,0.912165,0.114284,0.387913,-3.667420,91.932999,21.500559,-0.007730,0.922046,0.012512,0.386800,-7.571067,109.877823,24.418419,0.103503,0.944618,-0.090824,0.297884,-8.054626,130.072830,24.763773,0.019614,0.976733,-0.119764,0.176817,-3.434539,143.535156,21.673605,0.081965,0.930362,-0.018722,0.356873,-11.280344,123.778954,22.625494,0.402380,-0.477832,0.400928,-0.670092,-25.458857,126.474831,9.701168,0.474362,-0.495970,0.330395,-0.647945,-19.577221,102.036621,1.278200,0.544940,-0.499508,0.248185,-0.626048,-13.261098,82.443382,-5.900473,-0.042898,0.883774,-0.108073,0.453236,-6.061786,123.813034,27.939665,0.575323,0.816078,0.018202,0.051852,5.280934,127.179970,43.280544,0.520025,0.825422,0.206894,0.073809,14.098844,102.236816,44.968864,0.505913,0.769895,0.371571,0.115101,23.864986,82.867409,42.935287,0.083669,0.891371,0.180232,0.407399,-9.904852,84.096947,14.797071,0.096566,0.933815,0.025652,0.343521,-9.987087,51.266850,0.914103,-0.045441,0.934964,0.020120,0.351246,-17.303896,7.200405,-4.223183,-0.109219,0.901090,-0.043315,0.417412,2.571964,84.491608,28.637907,0.001566,0.899572,-0.144684,0.412110,8.299069,49.830864,34.670471,-0.041594,0.885066,0.010110,0.463493,2.810387,6.749394,46.316929,-0.045441,0.934964,0.020120,0.351246,-7.547721,2.144961,-14.776054,-0.041594,0.885066,0.010110,0.463493,14.770301,1.503218,38.472084
102,0.850000,-0.006733,0.913582,-0.013073,0.406388,-3.589591,84.285965,21.826145,-0.067458,0.911962,0.114250,0.388230,-3.602399,91.924461,21.601795,-0.008382,0.921790,0.012652,0.387392,-7.541099,109.870514,24.503603,0.103702,0.944350,-0.090995,0.298613,-8.051343,130.064972,24.843632,0.019268,0.976668,-0.119200,0.177594,-3.421136,143.524185,21.755133,0.081793,0.930097,-0.018537,0.357613,-11.266094,123.766396,22.702616,0.402346,-0.477341,0.400852,-0.670509,-25.425213,126.457237,9.756001,0.474380,-0.495146,0.331024,-0.648242,-19.515463,102.024254,1.337557,0.544645,-0.498866,0.249147,-0.626435,-13.180696,82.422050,-5.812301,-0.043066,0.883662,-0.107728,0.453522,-6.054511,123.808479,28.023573,0.575358,0.816053,0.018385,0.051802,5.277610,127.176117,43.372131,0.519904,0.825452,0.206857,0.074426,14.093685,102.231804,45.052624,0.504544,0.770686,0.371353,0.116510,23.867308,82.848770,43.042053,0.084609,0.891271,0.179814,0.407608,-9.829840,84.072304,14.907873,0.097085,0.933507,0.026598,0.344140,-9.980708,51.242767,1.024155,-0.045772,0.934939,0.020389,0.351252,-17.307774,7.189822,-4.213284,-0.108511,0.901201,-0.042900,0.417399,2.650658,84.499619,28.744417,0.002357,0.899729,-0.144300,0.411897,8.345572,49.825333,34.729458,-0.041736,0.884992,0.010459,0.463614,2.809830,6.734180,46.317680,-0.045772,0.934939,0.020389,0.351252,-7.547335,2.145142,-14.767361,-0.041736,0.884992,0.010459,0.463614,14.774805,1.498841,38.473312
103,0.858333,-0.007417,0.913643,-0.013408,0.406228,-3.525944,84.279366,21.935398,-0.068366,0.911835,0.114169,0.388393,-3.546264,91.917580,21.702120,-0.008757,0.921635,0.012727,0.387750,-7.515188,109.860741,24.587254,0.103848,0.944273,-0.090480,0.298962,-8.040707,130.054840,24.924036,0.019081,0.976678,-0.118879,0.177773,-3.408959,143.517426,21.852516,0.081379,0.929866,-0.018370,0.358315,-11.249087,123.753593,22.781372,0.402169,-0.476420,0.400885,-0.671249,-25.391340,126.430618,9.813470,0.473980,-0.494826,0.331544,-0.648513,-19.436460,102.004799,1.406035,0.544457,-0.498332,0.249573,-0.626853,-13.100632,82.392265,-5.738196,-0.043371,0.883559,-0.107339,0.453785,-6.041736,123.800301,28.106434,0.575148,0.816178,0.018870,0.051977,5.280107,127.172470,43.461582,0.520045,0.825385,0.206473,0.075245,14.108014,102.231888,45.135372,0.504811,0.770680,0.370911,0.116809,23.869133,82.840660,43.161667,0.085074,0.891232,0.179492,0.407739,-9.768441,84.051544,15.019606,0.097735,0.933603,0.027786,0.343601,-9.956299,51.219391,1.142532,-0.045641,0.934979,0.020606,0.351150,-17.303291,7.183635,-4.210295,-0.108035,0.901420,-0.042380,0.417102,2.716553,84.507187,28.851192,0.003151,0.900116,-0.144082,0.411122,8.398919,49.822392,34.787033,-0.041338,0.885181,0.010742,0.463283,2.816885,6.725982,46.333416,-0.045641,0.934979,0.020606,0.351150,-7.545891,2.143199,-14.769212,-0.041338,0.885181,0.010742,0.463283,14.773268,1.491817,38.475174
104,0.866667,-0.008257,0.913662,-0.013660,0.406162,-3.454019,84.271301,22.047197,-0.069535,0.911714,0.113986,0.388523,-3.484520,91.909203,21.805191,-0.009197,0.921507,0.012837,0.388040,-7.491758,109.852692,24.667152,0.103851,0.944084,-0.090532,0.299540,-8.035508,130.046371,25.000921,0.018779,0.976591,-0.118340,0.178644,-3.400491,143.508316,21.931581,0.081127,0.929598,-0.018048,0.359081,-11.236887,123.741982,22.857029,0.401972,-0.475800,0.401002,-0.671737,-25.359423,126.413010,9.866426,0.474192,-0.493877,0.331824,-0.648938,-19.378180,101.990868,1.467028,0.544994,-0.497246,0.250213,-0.626994,-13.009355,82.378784,-5.650833,-0.043655,0.883449,-0.106739,0.454114,-6.033006,123.794029,28.185432,0.574944,0.816289,0.019670,0.052201,5.276332,127.166534,43.549721,0.520059,0.825330,0.206243,0.076367,14.115432,102.228973,45.209347,0.505996,0.770061,0.370200,0.118009,23.865627,82.834846,43.281479,0.085716,0.891288,0.179269,0.407580,-9.697265,84.027275,15.132634,0.098385,0.933456,0.028745,0.343736,-9.934729,51.197212,1.251379,-0.045847,0.934991,0.020725,0.351086,-17.304983,7.177791,-4.202831,-0.107685,0.902089,-0.042090,0.415774,2.789227,84.515320,28.961760,0.004251,0.900700,-0.143676,0.409974,8.466879,49.823402,34.860394,-0.041894,0.885400,0.010788,0.462813,2.825453,6.717202,46.341194,-0.045847,0.934991,0.020725,0.351086,-7.546584,2.142696,-14.763371,-0.041894,0.885400,0.010788,0.462813,14.779094,1.491471,38.473171
105,0.875000,-0.009133,0.913649,-0.013977,0.406160,-3.377998,84.262505,22.153929,-0.071104,0.911581,0.114012,0.388543,-3.418766,91.900047,21.902061,-0.009344,0.921454,0.012959,0.388160,-7.482104,109.847298,24.743534,0.103799,0.944088,-0.089846,0.299751,-8.033281,130.040726,25.079483,0.018761,0.976571,-0.118129,0.178893,-3.404032,143.508942,22.029026,0.080919,0.929298,-0.018031,0.359905,-11.231799,123.735428,22.934017,0.401626,-0.474391,0.401470,-0.672660,-25.332689,126.397705,9.918131,0.473582,-0.493300,0.332456,-0.649498,-19.300411,101.977959,1.548312,0.544722,-0.496533,0.250749,-0.627581,-12.923178,82.359085,-5.563156,-0.043740,0.883419,-0.106466,0.454228,-6.029350,123.788750,28.263803,0.574728,0.816426,0.020077,0.052288,5.275681,127.159775,43.631580,0.520229,0.825228,0.205838,0.077404,14.127480,102.226189,45.283142,0.506077,0.770040,0.369946,0.118594,23.863756,82.818817,43.399734,0.086589,0.891213,0.179073,0.407645,-9.620991,84.001175,15.239772,0.098977,0.933084,0.029470,0.344513,-9.918347,51.176846,1.346092,-0.045823,0.934976,0.021029,0.351110,-17.310581,7.171729,-4.193201,-0.107077,0.902452,-0.041665,0.415185,2.864994,84.523842,29.068085,0.005067,0.901004,-0.143436,0.409381,8.520677,49.820080,34.917931,-0.041734,0.885506,0.011149,0.462616,2.829509,6.708363,46.353363,-0.045823,0.934976,0.021029,0.351110,-7.551053,2.144510,-14.756447,-0.041734,0.885506,0.011149,0.462616,14.779594,1.489225,38.475574
106,0.883333,-0.010014,0.913744,-0.013951,0.405928,-3.312980,84.257805,22.259056,-0.072102,0.911447,0.113933,0.388696,-3.366271,91.895103,22.002094,-0.009556,0.921300,0.012966,0.388520,-7.461390,109.832260,24.824627,0.103332,0.943993,-0.089756,0.300241,-8.020714,130.025528,25.157305,0.018681,0.976485,-0.117651,0.179681,-3.402181,143.497696,22.107992,0.080560,0.929038,-0.017659,0.360676,-11.215081,123.718666,23.010204,0.402108,-0.474177,0.400925,-0.672848,-25.296692,126.371857,9.971598,0.474076,-0.492620,0.332467,-0.649649,-19.230433,101.960007,1.603296,0.544884,-0.496061,0.251444,-0.627535,-12.827885,82.353294,-5.480723,-0.043979,0.883041,-0.106748,0.454872,-6.016852,123.774780,28.344082,0.574338,0.816660,0.020858,0.052602,5.264680,127.160980,43.725796,0.520669,0.824813,0.205941,0.078580,14.138496,102.234604,45.368256,0.506373,0.769625,0.370072,0.119625,23.849133,82.805237,43.518978,0.087162,0.891183,0.178944,0.407647,-9.559171,83.981705,15.348357,0.099626,0.933158,0.030420,0.344042,-9.896465,51.161182,1.446620,-0.045910,0.934931,0.021102,0.351215,-17.315636,7.172775,-4.188503,-0.106650,0.902884,-0.041288,0.414393,2.933211,84.533905,29.169756,0.006026,0.901545,-0.143147,0.408275,8.578167,49.821400,34.977940,-0.041727,0.885566,0.011468,0.462493,2.833896,6.703192,46.362228,-0.045910,0.934931,0.021102,0.351215,-7.552653,2.148550,-14.749988,-0.041727,0.885566,0.011468,0.462493,14.783074,1.491811,38.477921
107,0.891667,-0.010855,0.913802,-0.014056,0.405772,-3.247066,84.249413,22.364071,-0.073119,0.911362,0.113753,0.388759,-3.311500,91.886398,22.100449,-0.009758,0.921212,0.013083,0.388718,-7.439704,109.824600,24.902380,0.103660,0.943805,-0.089476,0.300799,-8.008418,130.017593,25.236124,0.018100,0.976391,-0.117400,0.180418,-3.380738,143.489716,22.200529,0.079926,0.928757,-0.017147,0.361563,-11.198960,123.709404,23.087219,0.402015,-0.473451,0.401075,-0.673326,-25.259703,126.345459,10.022642,0.474002,-0.491784,0.332579,-0.650279,-19.163326,101.935921,1.669503,0.544877,-0.495334,0.252169,-0.627826,-12.731112,82.344879,-5.399802,-0.044173,0.882992,-0.106213,0.455075,-6.003086,123.767540,28.423372,0.574310,0.816655,0.021550,0.052713,5.270633,127.151680,43.811268,0.520865,0.824665,0.205516,0.079942,14.145543,102.224640,45.437492,0.504824,0.770611,0.369897,0.120363,23.844778,82.767021,43.643311,0.087620,0.891241,0.178920,0.407432,-9.495297,83.958229,15.455834,0.100287,0.933246,0.031293,0.343534,-9.865495,51.142799,1.542896,-0.045971,0.934958,0.021274,0.351123,-17.315361,7.171115,-4.181573,-0.106156,0.903377,-0.040998,0.413474,3.001164,84.540596,29.272306,0.006895,0.902012,-0.142805,0.407349,8.629329,49.818909,35.041771,-0.041632,0.885652,0.011957,0.462325,2.838720,6.692934,46.373047,-0.045971,0.934958,0.021274,0.351123,-7.553354,2.152048,-14.746416,-0.041632,0.885652,0.011957,0.462325,14.786064,1.492324,38.478848
108,0.900000,-0.011531,0.913805,-0.014257,0.405740,-3.181905,84.237228,22.465939,-0.073970,0.911253,0.113779,0.388846,-3.254536,91.873894,22.195313,-0.010220,0.921108,0.013036,0.388954,-7.413713,109.814285,24.986223,0.103188,0.943860,-0.088777,0.300997,-7.998987,130.006958,25.310799,0.018330,0.976382,-0.117180,0.180583,-3.388402,143.488388,22.290571,0.079712,0.928533,-0.017126,0.362187,-11.183273,123.695244,23.162985,0.401708,-0.472339,0.401408,-0.674090,-25.227848,126.322784,10.079328,0.473834,-0.491212,0.332623,-0.650810,-19.089954,101.916420,1.747311,0.544896,-0.494928,0.251442,-0.628420,-12.631973,82.323967,-5.321536,-0.044470,0.883069,-0.105876,0.454975,-5.990266,123.759933,28.501844,0.574484,0.816530,0.021643,0.052715,5.285930,127.148033,43.887043,0.521153,0.824549,0.204874,0.080906,14.150202,102.216980,45.509972,0.505242,0.770541,0.369104,0.121490,23.835386,82.733513,43.761024,0.088194,0.891195,0.178771,0.407472,-9.430330,83.933014,15.558445,0.100832,0.933438,0.032308,0.342756,-9.840547,51.120983,1.638636,-0.045965,0.934994,0.021474,0.351016,-17.308786,7.164973,-4.181417,-0.105764,0.903941,-0.040716,0.412368,3.066520,84.541443,29.373432,0.007863,0.902554,-0.142512,0.406233,8.685199,49.812187,35.106495,-0.041527,0.885780,0.012328,0.462079,2.840806,6.679961,46.386257,-0.045965,0.934994,0.021474,0.351016,-7.548703,2.151061,-14.750472,-0.041527,0.885780,0.012328,0.462079,14.784286,1.486931,38.481243
109,0.908333,-0.012223,0.913867,-0.014503,0.405570,-3.124661,84.225250,22.570021,-0.075076,0.911188,0.113484,0.388872,-3.205477,91.861549,22.291689,-0.010373,0.921044,0.013059,0.389102,-7.399918,109.807037,25.057570,0.103794,0.943707,-0.088492,0.301352,-7.991303,129.999557,25.380474,0.017867,0.976374,-0.116821,0.180908,-3.365232,143.479065,22.375360,0.079385,0.928284,-0.016992,0.362904,-11.173011,123.686745,23.232082,0.402221,-0.471978,0.400953,-0.674308,-25.199461,126.303139,10.126760,0.474416,-0.490457,0.332527,-0.651005,-19.024118,101.903275,1.803413,0.545440,-0.494012,0.251744,-0.628547,-12.531802,82.316353,-5.240808,-0.044373,0.882902,-0.105978,0.455285,-5.981769,123.753372,28.572638,0.574360,0.816609,0.022135,0.052634,5.283842,127.140953,43.965706,0.521631,0.824233,0.204349,0.082354,14.156148,102.211594,45.570499,0.504602,0.770948,0.368603,0.123075,23.809294,82.707016,43.880211,0.088637,0.891219,0.178832,0.407298,-9.375350,83.907425,15.665186,0.101380,0.933482,0.033168,0.342393,-9.814305,51.102520,1.729465,-0.045742,0.935035,0.021622,0.350926,-17.303532,7.161534,-4.176442,-0.105409,0.904359,-0.040437,0.411568,3.126027,84.543076,29.474854,0.008799,0.902945,-0.142060,0.405502,8.735486,49.806862,35.174683,-0.041627,0.885754,0.012684,0.462111,2.840604,6.664479,46.389141,-0.045742,0.935035,0.021622,0.350926,-7.547349,2.149042,-14.749774,-0.041627,0.885754,0.012684,0.462111,14.787141,1.481793,38.481956
110,0.916667,-0.012870,0.913907,-0.014848,0.405449,-3.075523,84.216736,22.670292,-0.075775,0.911154,0.113505,0.388811,-3.163275,91.852638,22.383148,-0.010845,0.921009,0.012871,0.389177,-7.382323,109.797989,25.140228,0.103388,0.943568,-0.089209,0.301716,-7.988319,129.990295,25.448698,0.017919,0.976302,-0.115940,0.181854,-3.365578,143.466385,22.423244,0.079259,0.927988,-0.016925,0.363690,-11.165088,123.673668,23.304209,0.402099,-0.471115,0.401258,-0.674803,-25.170187,126.285049,10.175069,0.474440,-0.489507,0.332523,-0.651704,-18.964628,101.885223,1.874112,0.546049,-0.492493,0.251985,-0.629114,-12.429555,82.301224,-5.160002,-0.044489,0.882866,-0.105984,0.455342,-5.974862,123.747841,28.645655,0.574201,0.816703,0.022541,0.052737,5.288340,127.139641,44.039558,0.522120,0.823891,0.203908,0.083759,14.169767,102.213036,45.636879,0.504696,0.770785,0.368476,0.124087,23.795010,82.678421,44.000843,0.088972,0.891103,0.179040,0.407387,-9.327743,83.885315,15.767482,0.101893,0.933571,0.033887,0.341927,-9.780054,51.089954,1.809740,-0.045568,0.935133,0.021691,0.350685,-17.292482,7.162687,-4.168331,-0.105014,0.904680,-0.039976,0.411009,3.176697,84.548164,29.573103,0.009501,0.903238,-0.141763,0.404936,8.778195,49.803379,35.228348,-0.041490,0.885841,0.012933,0.461950,2.844101,6.654570,46.397297,-0.045568,0.935133,0.021691,0.350685,-7.543304,2.149879,-14.747977,-0.041490,0.885841,0.012933,0.461950,14.787486,1.476083,38.482601
111,0.925000,-0.013833,0.913925,-0.014957,0.405371,-3.009547,84.209366,22.765137,-0.076694,0.911038,0.113590,0.388878,-3.110103,91.844818,22.470512,-0.011191,0.920910,0.012852,0.389404,-7.362934,109.790085,25.217358,0.103361,0.943469,-0.089339,0.301997,-7.981599,129.982101,25.519493,0.017790,0.976305,-0.115333,0.182236,-3.357192,143.457184,22.492077,0.079107,0.927807,-0.017062,0.364178,-11.153369,123.662865,23.375290,0.402368,-0.470336,0.401226,-0.675205,-25.145626,126.265991,10.230839,0.474825,-0.488915,0.331961,-0.652154,-18.899879,101.868652,1.952763,0.546444,-0.492335,0.251378,-0.629137,-12.321571,82.293114,-5.082010,-0.044270,0.882541,-0.106558,0.455858,-5.965888,123.741844,28.719326,0.574061,0.816814,0.022895,0.052390,5.279842,127.137848,44.125069,0.522391,0.823654,0.203550,0.085259,14.171707,102.213371,45.697090,0.504420,0.770684,0.368456,0.125887,23.775881,82.657654,44.119526,0.089446,0.890994,0.179025,0.407528,-9.262468,83.860718,15.863811,0.102487,0.933802,0.034713,0.341035,-9.742806,51.071011,1.893732,-0.045340,0.935175,0.021892,0.350589,-17.284546,7.159743,-4.164475,-0.104449,0.904957,-0.039836,0.410556,3.243374,84.558014,29.666460,0.010190,0.903602,-0.141354,0.404250,8.815883,49.803986,35.293499,-0.041322,0.885950,0.013272,0.461745,2.849106,6.645977,46.409389,-0.045340,0.935175,0.021892,0.350589,-7.539321,2.149706,-14.749071,-0.041322,0.885950,0.013272,0.461745,14.788612,1.473462,38.484947
112,0.933333,-0.014636,0.913902,-0.014947,0.405397,-2.952946,84.208420,22.850695,-0.077365,0.910931,0.113605,0.388989,-3.064771,91.843536,22.551241,-0.011452,0.920814,0.012868,0.389621,-7.340305,109.782791,25.287813,0.103396,0.943378,-0.089052,0.302352,-7.969004,129.974548,25.586292,0.017504,0.976276,-0.114962,0.182656,-3.344262,143.451767,22.568888,0.078523,0.927622,-0.016673,0.364794,-11.136649,123.653412,23.441616,0.402246,-0.469398,0.401555,-0.675735,-25.115072,126.240074,10.279200,0.474923,-0.488192,0.331575,-0.652821,-18.836533,101.842735,2.025940,0.546851,-0.491624,0.250488,-0.629695,-12.219024,82.289841,-5.006009,-0.044768,0.882709,-0.105941,0.455629,-5.951774,123.735809,28.788132,0.574362,0.816572,0.023350,0.052654,5.300333,127.137283,44.188015,0.522819,0.823351,0.203150,0.086505,14.172379,102.205513,45.756542,0.503697,0.771248,0.367663,0.127629,23.752758,82.621361,44.227200,0.089741,0.891041,0.178956,0.407391,-9.205050,83.846169,15.949329,0.103094,0.933699,0.035374,0.341066,-9.708221,51.058475,1.975319,-0.044740,0.935204,0.022198,0.350569,-17.279634,7.162607,-4.156967,-0.104015,0.905270,-0.039748,0.409984,3.299156,84.570663,29.752060,0.010908,0.904051,-0.140935,0.403374,8.850188,49.809689,35.357368,-0.040973,0.885980,0.013689,0.461706,2.851003,6.642413,46.419708,-0.044740,0.935204,0.022198,0.350569,-7.540132,2.154215,-14.747606,-0.040973,0.885980,0.013689,0.461706,14.788179,1.475456,38.488132
113,0.941667,-0.015391,0.913881,-0.015149,0.405407,-2.905706,84.204079,22.942539,-0.077898,0.910880,0.113347,0.389079,-3.026820,91.838753,22.635578,-0.011673,0.920740,0.012863,0.389789,-7.317434,109.779106,25.355465,0.103008,0.943395,-0.088765,0.302516,-7.954340,129.970673,25.650164,0.017513,0.976274,-0.114570,0.182910,-3.341367,143.453049,22.637823,0.078275,0.927488,-0.016748,0.365182,-11.118650,123.647881,23.505419,0.402690,-0.469124,0.401167,-0.675890,-25.087606,126.223923,10.330878,0.475542,-0.487091,0.331356,-0.653304,-18.778980,101.831947,2.084729,0.546948,-0.490842,0.250565,-0.630190,-12.108413,82.288300,-4.921606,-0.045017,0.882697,-0.105746,0.455672,-5.935802,123.733292,28.853851,0.574595,0.816399,0.023750,0.052617,5.313928,127.139999,44.254311,0.523225,0.823148,0.202322,0.087915,14.172003,102.202370,45.808296,0.504712,0.770831,0.366713,0.128867,23.727581,82.589516,44.343494,0.090070,0.890925,0.179152,0.407486,-9.157224,83.827438,16.041412,0.103644,0.933675,0.035926,0.340909,-9.673628,51.048958,2.046312,-0.044527,0.935253,0.022231,0.350464,-17.274553,7.166848,-4.147629,-0.103679,0.905301,-0.039532,0.410022,3.345811,84.580711,29.843664,0.011571,0.904389,-0.140472,0.402757,8.881593,49.813538,35.425568,-0.041004,0.886077,0.013882,0.461513,2.852735,6.635890,46.431133,-0.044527,0.935253,0.022231,0.350464,-7.539524,2.156899,-14.741644,-0.041004,0.886077,0.013882,0.461513,14.787558,1.474041,38.492691
114,0.950000,-0.016062,0.913897,-0.015325,0.405340,-2.860902,84.195168,23.026951,-0.078504,0.910784,0.113124,0.389246,-2.990319,91.829437,22.713392,-0.011880,0.920612,0.012899,0.390086,-7.300349,109.775032,25.417078,0.103409,0.943162,-0.089124,0.303000,-7.945596,129.966354,25.709644,0.017027,0.976243,-0.113899,0.183542,-3.316843,143.442673,22.694414,0.078193,0.927383,-0.016796,0.365464,-11.105955,123.642113,23.563374,0.402605,-0.468360,0.401362,-0.676355,-25.067408,126.214043,10.380077,0.475903,-0.485997,0.330922,-0.654074,-18.729097,101.823616,2.152108,0.547677,-0.489721,0.250296,-0.630536,-11.998310,82.292427,-4.844525,-0.045024,0.882703,-0.105841,0.455638,-5.926629,123.730072,28.915176,0.574387,0.816518,0.024158,0.052867,5.324264,127.138611,44.314381,0.524244,0.822452,0.201844,0.089445,14.193627,102.204933,45.867378,0.504270,0.771090,0.366090,0.130805,23.691896,82.557205,44.456738,0.090413,0.890599,0.179328,0.408045,-9.113051,83.805786,16.127106,0.104111,0.933942,0.036508,0.339972,-9.636898,51.036232,2.111369,-0.043958,0.935334,0.022571,0.350297,-17.264799,7.166639,-4.137872,-0.103296,0.905525,-0.039364,0.409641,3.391249,84.584549,29.926794,0.012161,0.904716,-0.140062,0.402149,8.909927,49.810783,35.484524,-0.040888,0.886085,0.014293,0.461494,2.855237,6.624031,46.440083,-0.043958,0.935334,0.022571,0.350297,-7.538398,2.159431,-14.741108,-0.040888,0.886085,0.014293,0.461494,14.790336,1.470869,38.496410
115,0.958333,-0.016610,0.913877,-0.015388,0.405360,-2.818167,84.188362,23.099674,-0.078942,0.910751,0.112977,0.389279,-2.954825,91.822327,22.781836,-0.012114,0.920575,0.013012,0.390161,-7.277921,109.767700,25.474089,0.103284,0.943105,-0.089254,0.303181,-7.933678,129.958679,25.767115,0.016888,0.976241,-0.113276,0.183948,-3.306322,143.434723,22.748444,0.078081,0.927282,-0.016735,0.365749,-11.090393,123.632858,23.620125,0.402362,-0.467204,0.401838,-0.677016,-25.044464,126.201126,10.428307,0.475742,-0.485248,0.330544,-0.654938,-18.669083,101.810249,2.230397,0.548448,-0.488404,0.250207,-0.630921,-11.896496,82.298851,-4.772415,-0.045078,0.882617,-0.105726,0.455826,-5.912031,123.723351,28.972816,0.574350,0.816513,0.024781,0.053052,5.332027,127.132286,44.376923,0.524883,0.822037,0.201216,0.090914,14.202576,102.198341,45.918991,0.504728,0.770929,0.365424,0.131844,23.659546,82.527397,44.568359,0.090795,0.890137,0.179404,0.408934,-9.069679,83.789177,16.199814,0.104609,0.934020,0.036989,0.339552,-9.601188,51.026489,2.168324,-0.043840,0.935370,0.022668,0.350210,-17.258352,7.169423,-4.132851,-0.102864,0.905633,-0.039320,0.409515,3.433346,84.587547,29.999537,0.012628,0.905084,-0.139678,0.401440,8.926597,49.807186,35.541157,-0.041435,0.886250,0.014082,0.461135,2.856276,6.611818,46.454002,-0.043840,0.935370,0.022668,0.350210,-7.534850,2.163438,-14.739318,-0.041435,0.886250,0.014082,0.461135,14.789345,1.460605,38.506027
116,0.966667,-0.016959,0.913850,-0.015582,0.405399,-2.783436,84.182304,23.164213,-0.079337,0.910698,0.113003,0.389314,-2.923755,91.816002,22.841497,-0.012244,0.920540,0.013016,0.390240,-7.261743,109.763428,25.529253,0.103248,0.943068,-0.089212,0.303321,-7.922448,129.954285,25.820341,0.016826,0.976245,-0.112840,0.184201,-3.295720,143.430893,22.803293,0.077897,0.927213,-0.016734,0.365962,-11.077250,123.627495,23.673367,0.402669,-0.466509,0.401779,-0.677348,-25.026411,126.188805,10.474995,0.476127,-0.484255,0.330091,-0.655622,-18.614084,101.800201,2.299137,0.548681,-0.487336,0.249224,-0.631933,-11.782206,82.292328,-4.697965,-0.045166,0.882644,-0.105556,0.455804,-5.899853,123.719742,29.026962,0.574449,0.816450,0.024815,0.052935,5.344678,127.128670,44.430725,0.525535,0.821730,0.200210,0.092139,14.209888,102.192429,45.966370,0.505345,0.770840,0.364255,0.133234,23.628469,82.495575,44.675697,0.090889,0.889895,0.179558,0.409372,-9.034143,83.775703,16.264051,0.105055,0.934268,0.037523,0.338673,-9.559929,51.018188,2.220282,-0.043593,0.935447,0.022569,0.350042,-17.243509,7.173103,-4.131860,-0.102583,0.905794,-0.039350,0.409225,3.467271,84.588905,30.064375,0.013179,0.905496,-0.139169,0.400668,8.943503,49.804600,35.598064,-0.041234,0.886234,0.014534,0.461170,2.855845,6.597769,46.455746,-0.043593,0.935447,0.022569,0.350042,-7.526588,2.161650,-14.741778,-0.041234,0.886234,0.014534,0.461170,14.789513,1.455162,38.503090
117,0.975000,-0.017241,0.913782,-0.015780,0.405533,-2.749793,84.176483,23.228075,-0.079650,0.910619,0.112922,0.389458,-2.892768,91.809937,22.900829,-0.012466,0.920457,0.013028,0.390428,-7.241558,109.760178,25.581139,0.103036,0.943044,-0.088813,0.303585,-7.910734,129.950790,25.869032,0.016847,0.976203,-0.112629,0.184552,-3.291532,143.432266,22.862171,0.077651,0.927169,-0.016649,0.366130,-11.062026,123.622391,23.721659,0.402747,-0.465833,0.401848,-0.677726,-25.007872,126.175835,10.518270,0.476652,-0.483070,0.329688,-0.656317,-18.565071,101.789238,2.360456,0.549270,-0.486477,0.249225,-0.632084,-11.671269,82.295578,-4.618512,-0.045329,0.882728,-0.105467,0.455646,-5.886897,123.717545,29.077396,0.574832,0.816188,0.024357,0.053019,5.362659,127.129959,44.476715,0.526105,0.821469,0.199425,0.092909,14.204010,102.186264,46.028713,0.505489,0.770924,0.363496,0.134265,23.589783,82.472000,44.777798,0.091117,0.889651,0.179756,0.409763,-8.998291,83.763573,16.326290,0.105409,0.934522,0.037944,0.337813,-9.526190,51.014065,2.263929,-0.043218,0.935536,0.022524,0.349852,-17.232105,7.178557,-4.127110,-0.102197,0.906058,-0.039447,0.408728,3.498704,84.589394,30.129858,0.013551,0.905763,-0.138657,0.400231,8.950466,49.799992,35.655655,-0.041258,0.886278,0.014903,0.461072,2.856166,6.581244,46.462051,-0.043218,0.935536,0.022524,0.349852,-7.523441,2.161650,-14.742004,-0.041258,0.886278,0.014903,0.461072,14.789844,1.448151,38.503269
118,0.983333,-0.017784,0.913710,-0.015960,0.405664,-2.715808,84.176247,23.290428,-0.079840,0.910557,0.112731,0.389619,-2.865207,91.809319,22.957281,-0.012646,0.920368,0.013090,0.390631,-7.217630,109.757744,25.627241,0.103376,0.943020,-0.087403,0.303952,-7.894559,129.948105,25.914421,0.016462,0.976153,-0.112970,0.184641,-3.275922,143.439178,22.950027,0.077580,0.927204,-0.016632,0.366058,-11.042504,123.618484,23.765776,0.402764,-0.465142,0.401942,-0.678135,-24.990833,126.169754,10.564585,0.476976,-0.482047,0.329326,-0.657015,-18.517916,101.785400,2.423897,0.550025,-0.485002,0.248837,-0.632713,-11.569650,82.303825,-4.544296,-0.045551,0.882653,-0.105160,0.455841,-5.869797,123.715698,29.123816,0.574856,0.816173,0.024634,0.052875,5.372096,127.130951,44.528107,0.526736,0.821236,0.198109,0.094197,14.212835,102.186134,46.065338,0.507598,0.770129,0.361968,0.134999,23.560694,82.445213,44.884331,0.091236,0.889530,0.180014,0.409887,-8.961967,83.752701,16.387169,0.105810,0.934762,0.038334,0.336978,-9.487501,51.011372,2.305713,-0.042881,0.935640,0.022428,0.349624,-17.220423,7.186153,-4.123159,-0.101751,0.906187,-0.039516,0.408547,3.530349,84.599792,30.193687,0.013836,0.906090,-0.138162,0.399652,8.952785,49.804302,35.709995,-0.041198,0.886353,0.015219,0.460922,2.859843,6.573942,46.470600,-0.042881,0.935640,0.022428,0.349624,-7.520630,2.162821,-14.743129,-0.041198,0.886353,0.015219,0.460922,14.791575,1.447823,38.504410
119,0.991667,-0.018317,0.913604,-0.015940,0.405880,-2.683608,84.179947,23.342752,-0.079627,0.910580,0.112583,0.389651,-2.840498,91.812737,23.006557,-0.013123,0.920357,0.013221,0.390636,-7.180678,109.751106,25.672739,0.102994,0.943018,-0.087081,0.304180,-7.877414,129.940826,25.957266,0.016456,0.976087,-0.112746,0.185128,-3.270407,143.437271,22.999256,0.077385,0.927259,-0.016491,0.365965,-11.019090,123.607841,23.809359,0.402606,-0.464485,0.402112,-0.678578,-24.971210,126.154327,10.611266,0.477352,-0.480813,0.328929,-0.657845,-18.473177,101.772324,2.483566,0.550423,-0.484010,0.248307,-0.633334,-11.463086,82.312027,-4.468110,-0.045844,0.882290,-0.105457,0.456445,-5.846631,123.710823,29.167530,0.574763,0.816207,0.025508,0.052947,5.372868,127.143166,44.584335,0.527595,0.820709,0.197256,0.095758,14.218843,102.198776,46.098282,0.507777,0.770334,0.360927,0.135938,23.519480,82.417747,44.982754,0.091572,0.889259,0.180028,0.410393,-8.926142,83.747444,16.436775,0.106089,0.934881,0.038668,0.336524,-9.464337,51.010849,2.344795,-0.042518,0.935683,0.022402,0.349554,-17.213266,7.193246,-4.116691,-0.101279,0.906325,-0.039795,0.408331,3.558926,84.612442,30.248732,0.014041,0.906362,-0.137575,0.399228,8.944284,49.811687,35.768169,-0.041184,0.886375,0.015416,0.460874,2.860645,6.567287,46.477501,-0.042518,0.935683,0.022402,0.349554,-7.518849,2.165255,-14.739354,-0.041184,0.886375,0.015416,0.460874,14.792195,1.445867,38.508026
120,1.000000,-0.018598,0.913455,-0.016004,0.406200,-2.661171,84.182594,23.385044,-0.079760,0.910510,0.112530,0.389804,-2.821458,91.815201,23.046150,-0.013143,0.920312,0.013372,0.390735,-7.166173,109.754730,25.708055,0.103069,0.943030,-0.086352,0.304327,-7.866056,129.944275,25.997826,0.016493,0.976060,-0.112824,0.185217,-3.262224,143.446335,23.060616,0.077340,0.927319,-0.016575,0.365820,-11.006306,123.611382,23.847559,0.403219,-0.463944,0.401681,-0.678840,-24.962830,126.155327,10.653624,0.478034,-0.480047,0.328459,-0.658144,-18.419748,101.779747,2.542816,0.551143,-0.483010,0.247723,-0.633700,-11.360743,82.321289,-4.396369,-0.046077,0.882355,-0.105129,0.456371,-5.835003,123.713722,29.206860,0.574930,0.816086,0.025629,0.052937,5.386284,127.148033,44.621925,0.528484,0.820042,0.196935,0.097220,14.222166,102.199768,46.131191,0.506558,0.770942,0.360064,0.139287,23.466818,82.396408,45.065395,0.091822,0.888965,0.180148,0.410923,-8.898659,83.744789,16.474842,0.106343,0.934876,0.038762,0.336444,-9.440438,51.014542,2.368242,-0.042533,0.935770,0.022124,0.349336,-17.208174,7.202456,-4.108040,-0.101060,0.906505,-0.039918,0.407972,3.576317,84.620407,30.295246,0.014319,0.906675,-0.137192,0.398640,8.946278,49.817192,35.814186,-0.041219,0.886454,0.015554,0.460715,2.860528,6.564039,46.486908,-0.042533,0.935770,0.022124,0.349336,-7.519296,2.167002,-14.732226,-0.041219,0.886454,0.015554,0.460715,14.790138,1.446442,38.512070
121,1.008333,-0.018783,0.913317,-0.016106,0.406497,-2.642012,84.184036,23.417219,-0.079717,0.910472,0.112507,0.389908,-2.804136,91.816483,23.075714,-0.013362,0.920284,0.013576,0.390786,-7.147794,109.758087,25.737228,0.103051,0.942961,-0.086012,0.304642,-7.859048,129.947174,26.031071,0.016430,0.975967,-0.112736,0.185767,-3.256955,143.452148,23.104574,0.077424,0.927351,-0.016599,0.365719,-10.995491,123.612953,23.879129,0.403707,-0.463434,0.401516,-0.678995,-24.954384,126.159737,10.688242,0.478779,-0.479092,0.327882,-0.658586,-18.379215,101.785683,2.598821,0.552020,-0.481956,0.247339,-0.633889,-11.262223,82.337799,-4.325006,-0.046062,0.882382,-0.104957,0.456360,-5.824873,123.717102,29.239059,0.574966,0.816071,0.025419,0.052874,5.396863,127.147888,44.654594,0.529282,0.819660,0.195841,0.098309,14.230871,102.199188,46.167461,0.507220,0.770835,0.358912,0.140439,23.429626,82.370590,45.157509,0.092046,0.888642,0.180257,0.411521,-8.874883,83.742271,16.503099,0.106484,0.934976,0.038828,0.336114,-9.417869,51.017750,2.383265,-0.042338,0.935855,0.022073,0.349135,-17.197508,7.208812,-4.100021,-0.100769,0.906571,-0.040123,0.407879,3.590859,84.625793,30.331337,0.014443,0.906974,-0.136785,0.398095,8.936826,49.819576,35.854610,-0.041171,0.886502,0.015799,0.460619,2.861864,6.556723,46.494102,-0.042338,0.935855,0.022073,0.349135,-7.515311,2.169694,-14.728565,-0.041171,0.886502,0.015799,0.460619,14.790294,1.444512,38.514034
122,1.016667,-0.018810,0.913145,-0.016266,0.406875,-2.631232,84.187927,23.442820,-0.079411,0.910469,0.112447,0.389996,-2.792589,91.820282,23.098839,-0.013641,0.920282,0.013831,0.390773,-7.124759,109.761856,25.762159,0.102727,0.942969,-0.085838,0.304778,-7.850397,129.950363,26.061094,0.016612,0.975913,-0.112482,0.186186,-3.257636,143.459061,23.137070,0.077439,0.927395,-0.016571,0.365605,-10.982370,123.614441,23.907627,0.403925,-0.462689,0.401598,-0.679325,-24.944391,126.162384,10.720274,0.479159,-0.478166,0.327560,-0.659142,-18.336174,101.788948,2.655972,0.552895,-0.480515,0.247256,-0.634253,-11.170124,82.350731,-4.255219,-0.046050,0.882448,-0.104611,0.456314,-5.811711,123.720932,29.267471,0.575029,0.816022,0.025411,0.052965,5.411693,127.145126,44.683258,0.530117,0.819223,0.194928,0.099260,14.241391,102.195129,46.200073,0.507620,0.770956,0.357580,0.141724,23.391890,82.345459,45.236523,0.092143,0.888281,0.180400,0.412217,-8.858348,83.744446,16.523624,0.106677,0.935019,0.038837,0.335933,-9.391965,51.024879,2.391951,-0.042023,0.935896,0.021848,0.349078,-17.188606,7.219705,-4.096335,-0.100562,0.906702,-0.040508,0.407602,3.595883,84.631416,30.362017,0.014470,0.907040,-0.136217,0.398138,8.918974,49.824425,35.902481,-0.041077,0.886489,0.016106,0.460641,2.861560,6.547701,46.495476,-0.042023,0.935896,0.021848,0.349078,-7.511563,2.171139,-14.725092,-0.041077,0.886489,0.016106,0.460641,14.790768,1.441936,38.512444
123,1.025000,-0.018760,0.912938,-0.016483,0.407333,-2.627110,84.189377,23.460188,-0.079283,0.910391,0.112588,0.390162,-2.786247,91.821655,23.113413,-0.013577,0.920255,0.013996,0.390834,-7.118272,109.769737,25.783607,0.102479,0.943011,-0.085650,0.304784,-7.844148,129.958130,26.089632,0.016897,0.975913,-0.112227,0.186314,-3.259452,143.470169,23.168364,0.077440,0.927380,-0.016678,0.365637,-10.975787,123.622940,23.933519,0.404142,-0.462065,0.401712,-0.679554,-24.936886,126.169327,10.744900,0.479584,-0.477080,0.327385,-0.659707,-18.302887,101.794968,2.704559,0.553201,-0.479333,0.246599,-0.635136,-11.082034,82.355522,-4.188981,-0.045967,0.882542,-0.104465,0.456173,-5.805807,123.727570,29.294052,0.575238,0.815886,0.025214,0.052872,5.422884,127.145935,44.707279,0.530580,0.819051,0.193746,0.100509,14.240360,102.191696,46.225414,0.509412,0.770037,0.356819,0.142207,23.351322,82.339462,45.330025,0.092286,0.887787,0.180476,0.413215,-8.847310,83.745026,16.534836,0.106765,0.935080,0.038764,0.335743,-9.371664,51.029301,2.393936,-0.041677,0.935946,0.021782,0.348989,-17.179186,7.225317,-4.089305,-0.100427,0.906776,-0.040635,0.407456,3.593090,84.633728,30.385542,0.014499,0.907242,-0.135883,0.397790,8.904756,49.825554,35.929489,-0.040981,0.886502,0.016338,0.460616,2.860963,6.540713,46.497078,-0.041677,0.935946,0.021782,0.348989,-7.507880,2.171197,-14.720638,-0.040981,0.886502,0.016338,0.460616,14.789781,1.439450,38.510590
124,1.033333,-0.018668,0.912704,-0.016628,0.407857,-2.625244,84.194160,23.470444,-0.079108,0.910203,0.112933,0.390537,-2.782004,91.826408,23.122116,-0.013671,0.920102,0.014092,0.391186,-7.115668,109.779068,25.805634,0.102258,0.942939,-0.085750,0.305050,-7.846693,129.967255,26.113451,0.017258,0.975867,-0.111967,0.186677,-3.265789,143.479904,23.189146,0.077681,0.927374,-0.016820,0.365595,-10.975132,123.631561,23.954195,0.404532,-0.461350,0.401739,-0.679791,-24.935987,126.184608,10.766600,0.480201,-0.476057,0.327017,-0.660179,-18.268147,101.810005,2.755068,0.553721,-0.478615,0.246308,-0.635338,-10.990610,82.373566,-4.121052,-0.045703,0.882850,-0.104150,0.455675,-5.809297,123.736824,29.318708,0.575420,0.815777,0.024737,0.052810,5.437903,127.139114,44.721992,0.531497,0.818538,0.192982,0.101318,14.244613,102.181778,46.251431,0.509033,0.770376,0.356076,0.143581,23.303080,82.311256,45.393024,0.092309,0.887410,0.180554,0.413983,-8.837552,83.750175,16.537989,0.106761,0.935236,0.038685,0.335319,-9.348683,51.036774,2.391225,-0.041222,0.936089,0.021738,0.348663,-17.161217,7.232162,-4.081722,-0.100282,0.906784,-0.040714,0.407467,3.587065,84.638145,30.402899,0.014393,0.907326,-0.135606,0.397698,8.887048,49.828335,35.947823,-0.040993,0.886493,0.016392,0.460630,2.862808,6.536463,46.497761,-0.041222,0.936089,0.021738,0.348663,-7.502099,2.171674,-14.721102,-0.040993,0.886493,0.016392,0.460630,14.792220,1.436736,38.511185
125,1.041667,-0.018647,0.912447,-0.016592,0.408433,-2.624338,84.200134,23.469181,-0.078865,0.910063,0.113134,0.390853,-2.780808,91.832413,23.121403,-0.013675,0.920005,0.014364,0.391404,-7.110784,109.787682,25.814205,0.102803,0.942859,-0.084833,0.305371,-7.846324,129.975540,26.131916,0.017168,0.975816,-0.112201,0.186816,-3.256896,143.491989,23.238678,0.077723,0.927351,-0.016726,0.365650,-10.972378,123.640266,23.967978,0.405190,-0.461415,0.401516,-0.679487,-24.931408,126.196060,10.778983,0.481371,-0.474759,0.326535,-0.660500,-18.257246,101.818481,2.781775,0.554408,-0.477706,0.246219,-0.635457,-10.910733,82.390968,-4.058132,-0.045622,0.882950,-0.103814,0.455567,-5.809084,123.743927,29.334970,0.575439,0.815780,0.024443,0.052690,5.442225,127.137245,44.737236,0.532283,0.818190,0.191767,0.102302,14.248443,102.179955,46.270439,0.509034,0.770779,0.354800,0.144573,23.262215,82.285240,45.467258,0.092356,0.886990,0.180550,0.414875,-8.827903,83.756706,16.528862,0.106873,0.935268,0.038465,0.335221,-9.327869,51.043819,2.380498,-0.040913,0.936107,0.021703,0.348652,-17.157095,7.239824,-4.076441,-0.100118,0.906785,-0.040916,0.407485,3.579227,84.643562,30.409500,0.014202,0.907306,-0.135352,0.397837,8.862735,49.832592,35.962860,-0.040870,0.886488,0.016513,0.460647,2.861449,6.534040,46.498470,-0.040913,0.936107,0.021703,0.348652,-7.501499,2.175098,-14.717004,-0.040870,0.886488,0.016513,0.460647,14.790466,1.435655,38.510445
126,1.050000,-0.018511,0.912198,-0.016470,0.408999,-2.628527,84.206070,23.459301,-0.078506,0.909923,0.113161,0.391243,-2.783647,91.838493,23.113974,-0.013617,0.919881,0.014786,0.391683,-7.103620,109.797966,25.811550,0.102887,0.942594,-0.085867,0.305874,-7.843779,129.985397,26.145639,0.017036,0.975706,-0.111354,0.187904,-3.241446,143.492416,23.228935,0.077861,0.927364,-0.016396,0.365602,-10.967149,123.651245,23.974556,0.405542,-0.460653,0.401733,-0.679665,-24.926720,126.216721,10.788017,0.481940,-0.473922,0.326304,-0.660801,-18.224588,101.835274,2.826081,0.555656,-0.476235,0.246212,-0.635474,-10.834517,82.410255,-3.994632,-0.045592,0.883033,-0.103229,0.455541,-5.807086,123.751556,29.344717,0.575414,0.815803,0.024314,0.052654,5.445256,127.133598,44.748699,0.533095,0.817726,0.190879,0.103432,14.253195,102.177071,46.284370,0.509795,0.770335,0.354611,0.144719,23.218271,82.260193,45.533440,0.092412,0.886541,0.180474,0.415853,-8.823555,83.765793,16.511162,0.106900,0.935303,0.038246,0.335139,-9.313746,51.051670,2.365325,-0.040846,0.936068,0.021615,0.348771,-17.152483,7.246697,-4.073401,-0.100175,0.906630,-0.041072,0.407800,3.566501,84.646347,30.407440,0.014081,0.907351,-0.135185,0.397794,8.847101,49.837097,35.974327,-0.040919,0.886520,0.016564,0.460580,2.862191,6.534180,46.501289,-0.040846,0.936068,0.021615,0.348771,-7.495140,2.179005,-14.710966,-0.040919,0.886520,0.016564,0.460580,14.790696,1.437716,38.511272
127,1.058333,-0.018223,0.911905,-0.016387,0.409669,-2.640555,84.213509,23.439457,-0.078021,0.909752,0.113298,0.391698,-2.791931,91.846130,23.096972,-0.013668,0.919730,0.015370,0.392012,-7.100418,109.813751,25.805218,0.103019,0.942568,-0.084989,0.306154,-7.851841,130.000397,26.159933,0.017311,0.975634,-0.111723,0.188032,-3.251798,143.513794,23.269283,0.077874,0.927257,-0.016152,0.365882,-10.970209,123.666832,23.979998,0.405750,-0.459662,0.402221,-0.679923,-24.921741,126.235756,10.785623,0.482309,-0.473075,0.326142,-0.661218,-18.192045,101.847473,2.868019,0.556222,-0.475579,0.245967,-0.635564,-10.761940,82.430519,-3.935327,-0.045190,0.883156,-0.103006,0.455394,-5.814013,123.764336,29.353922,0.575346,0.815843,0.024371,0.052762,5.444923,127.128304,44.757050,0.533749,0.817342,0.190228,0.104301,14.256403,102.173218,46.295868,0.509617,0.770570,0.354286,0.144892,23.183884,82.235947,45.583927,0.092249,0.886135,0.180342,0.416811,-8.825560,83.778656,16.482054,0.106926,0.935530,0.038101,0.334511,-9.294389,51.059002,2.348293,-0.040523,0.936100,0.021558,0.348726,-17.144016,7.253528,-4.073752,-0.100476,0.906648,-0.041352,0.407656,3.544449,84.648361,30.396860,0.014106,0.907591,-0.135003,0.397307,8.836913,49.845062,35.989616,-0.040946,0.886531,0.016462,0.460560,2.862078,6.537783,46.504333,-0.040523,0.936100,0.021558,0.348726,-7.491165,2.180819,-14.712998,-0.040946,0.886531,0.016462,0.460560,14.790056,1.439116,38.514938
128,1.066667,-0.018122,0.911592,-0.016240,0.410376,-2.652629,84.223236,23.415651,-0.077646,0.909589,0.113502,0.392093,-2.803250,91.855988,23.075733,-0.013547,0.919617,0.015677,0.392269,-7.102265,109.820328,25.793987,0.102910,0.942514,-0.084684,0.306442,-7.854157,130.006729,26.161829,0.017641,0.975552,-0.111597,0.188504,-3.258150,143.523376,23.279963,0.078148,0.927237,-0.015965,0.365882,-10.971246,123.674583,23.975941,0.408656,-0.461092,0.399767,-0.678662,-24.921125,126.255943,10.782248,0.484548,-0.472349,0.326062,-0.660139,-18.156849,101.881073,2.852746,0.556585,-0.474215,0.246067,-0.636227,-10.692220,82.445114,-3.879005,-0.045074,0.883147,-0.102516,0.455533,-5.817993,123.768555,29.352751,0.575241,0.815917,0.024403,0.052736,5.436435,127.120438,44.761803,0.534226,0.817110,0.189441,0.105100,14.254440,102.167557,46.298851,0.510859,0.770094,0.353005,0.146169,23.147865,82.225677,45.629128,0.092054,0.885968,0.180368,0.417199,-8.826897,83.791122,16.448549,0.106970,0.935601,0.037778,0.334337,-9.276564,51.069569,2.318555,-0.040193,0.936171,0.021411,0.348583,-17.140905,7.262733,-4.076174,-0.100513,0.906424,-0.041354,0.408145,3.521638,84.655350,30.382755,0.013824,0.907448,-0.134928,0.397670,8.813420,49.852608,35.979630,-0.040901,0.886433,0.016251,0.460759,2.860034,6.542799,46.496105,-0.040193,0.936171,0.021411,0.348583,-7.495113,2.182423,-14.718193,-0.040901,0.886433,0.016251,0.460759,14.790288,1.438367,38.513790
129,1.075000,-0.017738,0.911320,-0.016021,0.411005,-2.673085,84.228119,23.381132,-0.077174,0.909403,0.113704,0.392557,-2.819506,91.861191,23.046568,-0.013421,0.919461,0.016026,0.392626,-7.106969,109.826920,25.776525,0.102802,0.942454,-0.084416,0.306736,-7.859875,130.013016,26.159023,0.018040,0.975483,-0.111455,0.188907,-3.267542,143.532593,23.285027,0.078569,0.927185,-0.015925,0.365924,-10.975057,123.682404,23.965969,0.406322,-0.458329,0.402650,-0.680228,-24.921188,126.279282,10.771357,0.483167,-0.470916,0.326340,-0.662035,-18.144890,101.883804,2.915856,0.557287,-0.472902,0.246499,-0.636422,-10.629730,82.473396,-3.826784,-0.045052,0.883188,-0.101977,0.455576,-5.825931,123.772499,29.346796,0.575197,0.815946,0.024421,0.052761,5.427063,127.114357,44.759075,0.534689,0.816849,0.188767,0.105979,14.247606,102.162407,46.296810,0.510589,0.770419,0.352386,0.146895,23.115698,82.195953,45.668880,0.091898,0.885503,0.180231,0.418276,-8.837976,83.804108,16.405233,0.106910,0.935866,0.037577,0.333635,-9.264931,51.076996,2.287421,-0.040470,0.936166,0.020924,0.348595,-17.135172,7.267645,-4.082740,-0.100541,0.906048,-0.041410,0.408966,3.491805,84.652138,30.357031,0.013293,0.907232,-0.134932,0.398180,8.778632,49.850117,35.963055,-0.040911,0.886457,0.016244,0.460713,2.862510,6.539109,46.495602,-0.040470,0.936166,0.020924,0.348595,-7.487662,2.177337,-14.718424,-0.040911,0.886457,0.016244,0.460713,14.791981,1.434579,38.512184
130,1.083333,-0.017426,0.910977,-0.015753,0.411788,-2.692873,84.231255,23.336418,-0.076782,0.909153,0.114043,0.393116,-2.836358,91.864624,23.007420,-0.013185,0.919272,0.016383,0.393062,-7.118242,109.834412,25.752676,0.102780,0.942389,-0.083901,0.307084,-7.868195,130.020279,26.151831,0.018439,0.975402,-0.111473,0.189276,-3.279008,143.544205,23.293335,0.078843,0.927068,-0.015750,0.366171,-10.982369,123.692085,23.950428,0.406477,-0.457576,0.403078,-0.680389,-24.919834,126.300751,10.748984,0.483708,-0.469814,0.326481,-0.662354,-18.125256,101.898888,2.929232,0.557845,-0.471940,0.246372,-0.636696,-10.563175,82.477715,-3.782300,-0.044807,0.883209,-0.101549,0.455656,-5.838247,123.776695,29.336134,0.575188,0.815949,0.024463,0.052801,5.412783,127.102959,44.753223,0.535066,0.816621,0.188215,0.106816,14.233696,102.151176,46.291439,0.510451,0.770600,0.351849,0.147710,23.076851,82.171288,45.702076,0.091768,0.885181,0.180142,0.419026,-8.845956,83.814461,16.349665,0.106854,0.935987,0.037207,0.333357,-9.255651,51.083355,2.240589,-0.040258,0.936080,0.020854,0.348853,-17.134365,7.270437,-4.094471,-0.100740,0.905747,-0.041543,0.409572,3.460211,84.648041,30.323172,0.012915,0.907086,-0.134917,0.398528,8.752063,49.849667,35.947071,-0.040970,0.886404,0.016191,0.460812,2.863211,6.537414,46.489780,-0.040258,0.936080,0.020854,0.348853,-7.483408,2.176230,-14.725166,-0.040970,0.886404,0.016191,0.460812,14.794831,1.432466,38.509834
131,1.091667,-0.017076,0.910555,-0.015599,0.412740,-2.727730,84.241379,23.290768,-0.076229,0.908884,0.114285,0.393775,-2.866966,91.875008,22.965965,-0.012846,0.919058,0.016675,0.393560,-7.134929,109.842613,25.724030,0.102968,0.942315,-0.083373,0.307391,-7.877180,130.028458,26.138988,0.018716,0.975373,-0.111403,0.189438,-3.285899,143.555359,23.297989,0.079303,0.926991,-0.015712,0.366267,-10.991555,123.703316,23.929066,0.406559,-0.456907,0.403443,-0.680574,-24.923485,126.328751,10.725093,0.484115,-0.468673,0.326760,-0.662726,-18.112061,101.922203,2.934630,0.558531,-0.470580,0.247111,-0.636816,-10.512092,82.505890,-3.738847,-0.044485,0.883227,-0.100983,0.455778,-5.853140,123.781433,29.320314,0.574974,0.816094,0.024480,0.052885,5.394708,127.087173,44.744141,0.535444,0.816336,0.187946,0.107571,14.228189,102.140068,46.286133,0.510469,0.770498,0.351642,0.148665,23.044846,82.152321,45.725719,0.091603,0.884736,0.180191,0.419980,-8.866421,83.831581,16.290951,0.106669,0.935964,0.036561,0.333550,-9.249108,51.099586,2.183186,-0.040125,0.936123,0.020620,0.348766,-17.130772,7.278842,-4.093791,-0.101048,0.905402,-0.041556,0.410256,3.410961,84.651176,30.290583,0.012504,0.906984,-0.134898,0.398780,8.717803,49.857307,35.928188,-0.041052,0.886329,0.015898,0.460960,2.860313,6.543633,46.482544,-0.040125,0.936123,0.020620,0.348766,-7.483817,2.176876,-14.724401,-0.041052,0.886329,0.015898,0.460960,14.794156,1.432580,38.509830
132,1.100000,-0.016683,0.910224,-0.015093,0.413504,-2.754359,84.248596,23.227703,-0.075696,0.908644,0.114782,0.394287,-2.891057,91.882668,22.912312,-0.012506,0.918896,0.016940,0.393938,-7.148846,109.845207,25.692034,0.103055,0.942265,-0.082647,0.307712,-7.882842,130.031052,26.121944,0.018990,0.975309,-0.111408,0.189739,-3.293711,143.563263,23.302832,0.079713,0.926892,-0.015448,0.366440,-10.998130,123.708939,23.904648,0.406513,-0.456256,0.403916,-0.680757,-24.922606,126.352463,10.696432,0.484355,-0.467438,0.327218,-0.663197,-18.099928,101.940048,2.934258,0.558757,-0.469191,0.247503,-0.637489,-10.460312,82.519577,-3.701726,-0.044344,0.883160,-0.100416,0.456048,-5.864017,123.780716,29.300081,0.574717,0.816245,0.024872,0.053166,5.374768,127.072571,44.733475,0.535812,0.815990,0.187884,0.108469,14.222336,102.130524,46.276443,0.510715,0.770204,0.351507,0.149664,23.010933,82.136040,45.744995,0.091549,0.884265,0.180270,0.420948,-8.881523,83.849251,16.217194,0.106505,0.935688,0.035551,0.334486,-9.242928,51.118587,2.105784,-0.040176,0.936134,0.020321,0.348750,-17.135437,7.288143,-4.089292,-0.101250,0.904963,-0.041762,0.411153,3.372806,84.647942,30.238214,0.011949,0.906739,-0.134998,0.399321,8.680832,49.858208,35.900219,-0.041140,0.886256,0.015890,0.461091,2.858705,6.545755,46.479111,-0.040176,0.936134,0.020321,0.348750,-7.489182,2.178745,-14.716965,-0.041140,0.886256,0.015890,0.461091,14.795735,1.435858,38.510429
133,1.108333,-0.016224,0.909856,-0.014642,0.414349,-2.792397,84.256348,23.159794,-0.074916,0.908375,0.115174,0.394940,-2.925282,91.890854,22.853436,-0.012167,0.918672,0.017281,0.394455,-7.163905,109.852203,25.654598,0.103689,0.942092,-0.082550,0.308052,-7.890979,130.037903,26.102152,0.019060,0.975312,-0.111072,0.189909,-3.284309,143.566315,23.293480,0.080029,0.926790,-0.014950,0.366649,-11.006124,123.718979,23.875628,0.406405,-0.455590,0.404420,-0.680968,-24.922699,126.380478,10.662701,0.484513,-0.466246,0.327732,-0.663667,-18.089455,101.962296,2.928007,0.558794,-0.468114,0.248116,-0.638010,-10.414377,82.538551,-3.671000,-0.044181,0.883048,-0.100053,0.456358,-5.877969,123.783936,29.276810,0.574677,0.816266,0.025155,0.053134,5.350387,127.064812,44.720123,0.535723,0.815984,0.187723,0.109231,14.200571,102.123085,46.253223,0.511716,0.769527,0.350749,0.151495,22.980871,82.138229,45.753689,0.091453,0.883859,0.180296,0.421808,-8.906807,83.868134,16.137535,0.106283,0.935482,0.034685,0.335222,-9.247677,51.136887,2.026971,-0.040014,0.936042,0.020171,0.349023,-17.143234,7.296711,-4.094977,-0.101625,0.904588,-0.041911,0.411871,3.322013,84.644569,30.182053,0.011403,0.906508,-0.135144,0.399812,8.645015,49.861153,35.868740,-0.041241,0.886224,0.015807,0.461146,2.856398,6.551084,46.475765,-0.040014,0.936042,0.020171,0.349023,-7.492915,2.181845,-14.716323,-0.041241,0.886224,0.015807,0.461146,14.795047,1.440546,38.509926
134,1.116667,-0.015739,0.909464,-0.013973,0.415250,-2.823381,84.257713,23.082108,-0.074226,0.908062,0.115686,0.395640,-2.953470,91.892746,22.787991,-0.011868,0.918424,0.017741,0.395021,-7.179961,109.860191,25.614441,0.104003,0.942108,-0.080925,0.308329,-7.903563,130.045532,26.083406,0.019361,0.975280,-0.111804,0.189613,-3.300598,143.584976,23.322197,0.080437,0.926626,-0.015011,0.366973,-11.017263,123.729683,23.846128,0.406139,-0.454937,0.404965,-0.681239,-24.922102,126.404251,10.623479,0.484603,-0.465116,0.328352,-0.664088,-18.080690,101.981064,2.911840,0.558951,-0.466845,0.248569,-0.638626,-10.377422,82.555649,-3.648355,-0.043932,0.883060,-0.099488,0.456483,-5.895648,123.787651,29.253593,0.574563,0.816331,0.025417,0.053249,5.329140,127.050529,44.703316,0.535905,0.815750,0.187792,0.109961,14.185614,102.110863,46.233765,0.510580,0.769897,0.351790,0.151032,22.957628,82.102188,45.755630,0.091298,0.883610,0.180357,0.422337,-8.924155,83.882767,16.047276,0.106046,0.935379,0.033692,0.335685,-9.245013,51.151054,1.937315,-0.040200,0.936039,0.019997,0.349021,-17.148256,7.300261,-4.098043,-0.101885,0.904272,-0.042167,0.412472,3.277392,84.632652,30.116940,0.010836,0.906340,-0.135329,0.400146,8.605506,49.854542,35.831200,-0.041378,0.886146,0.015843,0.461283,2.852605,6.547835,46.471329,-0.040200,0.936039,0.019997,0.349021,-7.496561,2.182745,-14.716866,-0.041378,0.886146,0.015843,0.461283,14.795192,1.440233,38.509502
135,1.125000,-0.015092,0.909105,-0.013412,0.416077,-2.868430,84.263107,22.994270,-0.073516,0.907687,0.116281,0.396458,-2.992834,91.898682,22.711950,-0.011359,0.918106,0.018123,0.395757,-7.206571,109.864937,25.565201,0.104383,0.941921,-0.080488,0.308886,-7.917775,130.050201,26.055897,0.019496,0.975199,-0.111805,0.190015,-3.305844,143.590347,23.313110,0.080975,0.926482,-0.015039,0.367215,-11.032052,123.738930,23.806559,0.405575,-0.454078,0.405744,-0.681685,-24.926632,126.431847,10.576859,0.484480,-0.463793,0.329205,-0.664680,-18.077320,102.003029,2.890167,0.559107,-0.465445,0.249882,-0.638999,-10.343723,82.572083,-3.628170,-0.043708,0.883101,-0.098803,0.456574,-5.918936,123.787430,29.222151,0.574490,0.816372,0.025429,0.053390,5.303404,127.030930,44.677727,0.535864,0.815732,0.187749,0.110368,14.163497,102.092918,46.214108,0.511120,0.769421,0.351908,0.151357,22.932205,82.085960,45.751808,0.090969,0.883170,0.180456,0.423285,-8.956757,83.903381,15.947874,0.105804,0.935339,0.032683,0.335974,-9.238826,51.169945,1.841083,-0.039860,0.936034,0.019787,0.349085,-17.150867,7.308504,-4.104722,-0.102316,0.903853,-0.042376,0.413262,3.219897,84.622841,30.040663,0.010145,0.906057,-0.135544,0.400732,8.564242,49.852264,35.785553,-0.041242,0.886090,0.015775,0.461405,2.852987,6.549499,46.464081,-0.039860,0.936034,0.019787,0.349085,-7.501862,2.181798,-14.721548,-0.041242,0.886090,0.015775,0.461405,14.796160,1.438406,38.505386
136,1.133333,-0.014506,0.908763,-0.013036,0.416857,-2.911364,84.268173,22.907459,-0.072861,0.907433,0.116766,0.397016,-3.029788,91.904160,22.633984,-0.010948,0.917925,0.018403,0.396176,-7.229429,109.866287,25.510201,0.105020,0.941783,-0.079670,0.309303,-7.930089,130.051498,26.017527,0.019557,0.975140,-0.111861,0.190281,-3.306139,143.593582,23.304718,0.081545,0.926361,-0.014812,0.367406,-11.045792,123.743858,23.760012,0.405376,-0.453230,0.406165,-0.682116,-24.931366,126.459953,10.525589,0.484310,-0.462912,0.330136,-0.664956,-18.059381,102.029625,2.863950,0.559241,-0.464035,0.250969,-0.639481,-10.316159,82.587891,-3.617655,-0.043014,0.882894,-0.098283,0.457153,-5.937484,123.784950,29.180204,0.574304,0.816513,0.025428,0.053242,5.266687,126.997360,44.655453,0.535848,0.815724,0.187682,0.110621,14.139000,102.063347,46.186127,0.510888,0.769478,0.351959,0.151733,22.901886,82.064873,45.734718,0.090530,0.882980,0.180655,0.423691,-8.987898,83.921188,15.850249,0.105443,0.935629,0.031844,0.335360,-9.229853,51.187195,1.744030,-0.040040,0.936062,0.019348,0.349014,-17.141401,7.314033,-4.115264,-0.102529,0.903352,-0.042509,0.414290,3.165170,84.615166,29.964670,0.009266,0.905638,-0.135762,0.401624,8.512516,49.848499,35.730404,-0.040584,0.885956,0.016215,0.461707,2.854489,6.549531,46.452560,-0.040040,0.936062,0.019348,0.349014,-7.493397,2.177505,-14.728260,-0.040584,0.885956,0.016215,0.461707,14.798580,1.440641,38.493820
137,1.141667,-0.014063,0.908437,-0.012598,0.417596,-2.954582,84.273949,22.815722,-0.072478,0.907135,0.117181,0.397646,-3.069429,91.910309,22.551054,-0.010230,0.917713,0.018911,0.396662,-7.264078,109.870384,25.443892,0.105540,0.941660,-0.079040,0.309663,-7.946547,130.055450,25.981203,0.019745,0.975085,-0.111846,0.190549,-3.312412,143.598770,23.292021,0.082216,0.926149,-0.015050,0.367780,-11.065784,123.754135,23.710918,0.404898,-0.452553,0.406836,-0.682450,-24.936459,126.490044,10.464956,0.484198,-0.461694,0.330998,-0.665456,-18.060877,102.054276,2.823916,0.559255,-0.462647,0.251983,-0.640075,-10.292591,82.606613,-3.616204,-0.042562,0.882672,-0.097886,0.457708,-5.962984,123.782242,29.136381,0.574162,0.816602,0.025838,0.053221,5.223018,126.973892,44.629055,0.535583,0.815777,0.187976,0.111014,14.104089,102.042198,46.146748,0.511000,0.769229,0.351705,0.153199,22.872768,82.053665,45.705017,0.090232,0.882768,0.180867,0.424106,-9.019863,83.937790,15.748316,0.105041,0.935901,0.030932,0.334811,-9.229969,51.205425,1.637787,-0.039781,0.936094,0.019251,0.348961,-17.139330,7.319516,-4.128258,-0.102806,0.902905,-0.042749,0.415169,3.110699,84.610115,29.883125,0.008503,0.905307,-0.136017,0.402302,8.462828,49.848961,35.677589,-0.040766,0.885850,0.015898,0.461905,2.849692,6.555000,46.443512,-0.039781,0.936094,0.019251,0.348961,-7.495480,2.177586,-14.742414,-0.040766,0.885850,0.015898,0.461905,14.797774,1.440860,38.494137
138,1.150000,-0.013488,0.908146,-0.011853,0.418268,-3.000488,84.279541,22.714161,-0.071749,0.906743,0.117728,0.398509,-3.111932,91.916420,22.463423,-0.009852,0.917338,0.019324,0.397519,-7.292162,109.873032,25.381168,0.106103,0.941428,-0.078459,0.310322,-7.967742,130.057770,25.939230,0.019966,0.975004,-0.111815,0.190963,-3.320591,143.601486,23.274618,0.082806,0.925947,-0.014718,0.368169,-11.085237,123.760155,23.656317,0.404320,-0.451826,0.407608,-0.682813,-24.941040,126.521111,10.399994,0.483786,-0.460553,0.332004,-0.666044,-18.063950,102.078995,2.780611,0.559071,-0.461360,0.254006,-0.640366,-10.283481,82.637604,-3.618936,-0.042009,0.882486,-0.097450,0.458210,-5.992463,123.780350,29.091225,0.573818,0.816817,0.026309,0.053397,5.177524,126.946953,44.600586,0.535632,0.815600,0.188473,0.111237,14.078503,102.022018,46.112675,0.510604,0.769251,0.351881,0.154002,22.844727,82.027122,45.665890,0.089736,0.882568,0.181221,0.424478,-9.055593,83.958832,15.637321,0.104762,0.936156,0.029855,0.334283,-9.217676,51.229214,1.519790,-0.039851,0.936060,0.018798,0.349071,-17.139795,7.332143,-4.142894,-0.103222,0.902583,-0.043217,0.415718,3.054618,84.600258,29.791004,0.007851,0.905156,-0.136284,0.402565,8.415634,49.848087,35.630928,-0.039957,0.885742,0.016092,0.462175,2.842793,6.559709,46.440105,-0.039851,0.936060,0.018798,0.349071,-7.494058,2.179017,-14.749901,-0.039957,0.885742,0.016092,0.462175,14.788725,1.439444,38.491447
139,1.158333,-0.012620,0.907856,-0.011316,0.418940,-3.056431,84.283051,22.612255,-0.070883,0.906430,0.118114,0.399261,-3.159073,91.920464,22.374435,-0.009459,0.917038,0.019841,0.398194,-7.317721,109.876297,25.314430,0.106290,0.941250,-0.078405,0.310810,-7.987470,130.060532,25.897459,0.020438,0.974923,-0.111500,0.191506,-3.333681,143.603165,23.239014,0.083355,0.925778,-0.014360,0.368485,-11.103718,123.766876,23.601925,0.403208,-0.450870,0.408557,-0.683535,-24.946964,126.551910,10.337523,0.483134,-0.459462,0.333212,-0.666668,-18.065182,102.106873,2.731795,0.559066,-0.459709,0.255193,-0.641085,-10.275237,82.655594,-3.632972,-0.041595,0.882347,-0.096893,0.458635,-6.018838,123.778404,29.044243,0.573987,0.816675,0.026721,0.053538,5.137417,126.922348,44.568096,0.535004,0.815781,0.189341,0.111455,14.027315,101.993027,46.073090,0.509895,0.769138,0.352843,0.154712,22.820786,82.010223,45.619865,0.089064,0.882579,0.181724,0.424379,-9.101477,83.981155,15.525990,0.104477,0.936302,0.028679,0.334067,-9.207434,51.256008,1.397574,-0.039863,0.936011,0.018301,0.349226,-17.142790,7.347381,-4.155922,-0.103768,0.902093,-0.043455,0.416619,2.988615,84.584953,29.698521,0.007089,0.904711,-0.136620,0.403463,8.371321,49.842308,35.575092,-0.040042,0.885660,0.016159,0.462323,2.837604,6.561145,46.433155,-0.039863,0.936011,0.018301,0.349226,-7.494874,2.181294,-14.754642,-0.040042,0.885660,0.016159,0.462323,14.787291,1.443877,38.488216
140,1.166667,-0.011942,0.907629,-0.010688,0.419467,-3.113148,84.285889,22.508739,-0.070234,0.906119,0.118533,0.399958,-3.210279,91.923759,22.283920,-0.008887,0.916750,0.020195,0.398852,-7.355706,109.880188,25.244703,0.106207,0.941201,-0.077517,0.311211,-8.010376,130.064255,25.849592,0.021252,0.974833,-0.111577,0.191833,-3.364338,143.614487,23.216290,0.084172,0.925458,-0.014334,0.369104,-11.128352,123.775673,23.542578,0.402560,-0.450429,0.409218,-0.683813,-24.948618,126.588974,10.260182,0.482919,-0.458324,0.334286,-0.667069,-18.074400,102.138878,2.663862,0.558650,-0.459302,0.257636,-0.640762,-10.270271,82.679214,-3.656057,-0.041023,0.881959,-0.096680,0.459477,-6.051116,123.777046,28.992043,0.573325,0.817093,0.027565,0.053836,5.077021,126.900185,44.540257,0.534999,0.815527,0.190300,0.111703,14.005540,101.984039,46.034611,0.509252,0.769045,0.353902,0.154872,22.799805,81.993774,45.566441,0.088643,0.882473,0.182346,0.424423,-9.150274,84.000305,15.415051,0.103907,0.936266,0.027245,0.334465,-9.209665,51.285980,1.261327,-0.039747,0.936085,0.018004,0.349059,-17.138878,7.359478,-4.157943,-0.104278,0.901552,-0.043825,0.417624,2.923978,84.571465,29.602432,0.006303,0.904403,-0.136910,0.404069,8.321280,49.838684,35.523750,-0.040130,0.885613,0.016171,0.462405,2.833676,6.563720,46.429802,-0.039747,0.936085,0.018004,0.349059,-7.496811,2.184095,-14.757454,-0.040130,0.885613,0.016171,0.462405,14.785738,1.448061,38.487392
141,1.175000,-0.011320,0.907360,-0.009986,0.420084,-3.166281,84.292725,22.397474,-0.069671,0.905765,0.119198,0.400660,-3.259144,91.931046,22.186308,-0.008297,0.916464,0.020561,0.399503,-7.397944,109.885704,25.174797,0.107076,0.940933,-0.077160,0.311810,-8.037107,130.069595,25.802288,0.021454,0.974730,-0.111596,0.192320,-3.368468,143.616135,23.190134,0.084687,0.925134,-0.014046,0.369808,-11.156957,123.786224,23.483606,0.401957,-0.449961,0.409736,-0.684165,-24.953682,126.620689,10.181266,0.482417,-0.457432,0.335515,-0.667428,-18.079626,102.168533,2.591417,0.558258,-0.458041,0.259433,-0.641281,-10.276114,82.697502,-3.690699,-0.040335,0.881824,-0.096232,0.459891,-6.087324,123.777130,28.940136,0.572974,0.817282,0.028584,0.054158,5.028217,126.870110,44.503372,0.534788,0.815392,0.191277,0.112034,13.976169,101.959976,45.981819,0.509008,0.768691,0.355057,0.154789,22.776131,81.975006,45.503761,0.087824,0.882621,0.183149,0.423938,-9.194008,84.023102,15.295175,0.103592,0.936379,0.025819,0.334360,-9.184842,51.319374,1.116855,-0.039600,0.936135,0.017379,0.348972,-17.131733,7.380181,-4.172116,-0.104516,0.900910,-0.044093,0.418920,2.861445,84.562355,29.499773,0.005221,0.903935,-0.137262,0.405010,8.257276,49.834805,35.452999,-0.040585,0.885616,0.015837,0.462371,2.833518,6.567374,46.420753,-0.039600,0.936135,0.017379,0.348972,-7.494990,2.186523,-14.767520,-0.040585,0.885616,0.015837,0.462371,14.787960,1.449603,38.483295
142,1.183333,-0.010675,0.907153,-0.009448,0.420559,-3.218095,84.295776,22.288168,-0.069204,0.905457,0.119694,0.401288,-3.305367,91.934479,22.088570,-0.007762,0.916200,0.021064,0.400092,-7.437772,109.887054,25.097778,0.107664,0.940757,-0.076588,0.312281,-8.065658,130.070435,25.752111,0.021976,0.974636,-0.111651,0.192705,-3.384201,143.617065,23.163437,0.085178,0.924848,-0.013718,0.370423,-11.186339,123.792122,23.420902,0.401268,-0.449426,0.410170,-0.684661,-24.962202,126.647606,10.101438,0.481848,-0.456645,0.336800,-0.667731,-18.081491,102.196732,2.513482,0.557307,-0.457579,0.260644,-0.641946,-10.283902,82.710686,-3.733231,-0.040062,0.881753,-0.095315,0.460240,-6.123590,123.772514,28.883787,0.573102,0.817162,0.029295,0.054237,4.980349,126.841011,44.460152,0.533970,0.815743,0.192038,0.112082,13.920080,101.926826,45.919868,0.510971,0.767040,0.355913,0.154546,22.751547,81.972763,45.434677,0.087007,0.883019,0.183739,0.423021,-9.238650,84.041237,15.179231,0.103490,0.936732,0.024163,0.333525,-9.174737,51.342754,0.988945,-0.039439,0.935947,0.017092,0.349509,-17.167881,7.394207,-4.150488,-0.104895,0.900543,-0.044544,0.419566,2.802460,84.550323,29.397106,0.004359,0.903523,-0.137499,0.405859,8.204317,49.831276,35.394314,-0.040627,0.885493,0.015777,0.462605,2.831685,6.568962,46.407310,-0.039439,0.935947,0.017092,0.349509,-7.521537,2.191684,-14.732803,-0.040627,0.885493,0.015777,0.462605,14.790484,1.450483,38.476871
143,1.191667,-0.010007,0.906922,-0.008970,0.421083,-3.281356,84.296410,22.183376,-0.068436,0.905132,0.119991,0.402063,-3.362336,91.935455,21.994635,-0.007497,0.915850,0.021419,0.400880,-7.475236,109.886551,25.021502,0.108193,0.940567,-0.075636,0.312902,-8.099618,130.069489,25.692713,0.022714,0.974520,-0.111884,0.193074,-3.409432,143.619537,23.137947,0.085926,0.924528,-0.013163,0.371069,-11.217752,123.793968,23.350597,0.400509,-0.449272,0.410690,-0.684895,-24.970083,126.682831,10.014033,0.481232,-0.455612,0.337997,-0.668275,-18.104673,102.229347,2.420662,0.556696,-0.455767,0.261858,-0.643270,-10.297346,82.724701,-3.793628,-0.039098,0.881515,-0.095102,0.460823,-6.164342,123.768341,28.822100,0.572817,0.817320,0.030052,0.054464,4.921747,126.801872,44.418015,0.533666,0.815673,0.193247,0.111959,13.877493,101.892723,45.865452,0.510125,0.767010,0.357194,0.154533,22.723547,81.948029,45.349949,0.086209,0.883156,0.184855,0.422413,-9.293940,84.056847,15.067177,0.103072,0.936916,0.022605,0.333246,-9.154959,51.377857,0.832616,-0.038627,0.935944,0.016637,0.349627,-17.161921,7.415014,-4.160918,-0.105446,0.900221,-0.044826,0.420089,2.731227,84.535973,29.299576,0.003607,0.903180,-0.137825,0.406519,8.155940,49.826988,35.334274,-0.040799,0.885422,0.015579,0.462731,2.824430,6.572226,46.396793,-0.038627,0.935944,0.016637,0.349627,-7.522748,2.191826,-14.739582,-0.040799,0.885422,0.015579,0.462731,14.786309,1.451270,38.472607
144,1.200000,-0.009035,0.906582,-0.008487,0.421848,-3.352700,84.296341,22.073191,-0.067713,0.904777,0.120275,0.402899,-3.423167,91.935799,21.897346,-0.006884,0.915522,0.021881,0.401613,-7.519385,109.890869,24.941454,0.108708,0.940324,-0.075772,0.313420,-8.129146,130.073364,25.639212,0.023314,0.974431,-0.111588,0.193619,-3.422019,143.618347,23.088842,0.086226,0.924146,-0.012506,0.371972,-11.248467,123.803459,23.283640,0.399457,-0.448656,0.411362,-0.685509,-24.972790,126.710800,9.922253,0.480234,-0.454952,0.339392,-0.668735,-18.107378,102.257607,2.327919,0.555681,-0.455020,0.263227,-0.644117,-10.318244,82.746834,-3.859197,-0.038378,0.881456,-0.094527,0.461115,-6.203686,123.766434,28.763035,0.572655,0.817408,0.030488,0.054600,4.874144,126.766113,44.371365,0.533482,0.815534,0.194511,0.111654,13.838932,101.859810,45.811962,0.507577,0.767962,0.358892,0.154262,22.700485,81.912270,45.256821,0.085261,0.883120,0.185882,0.422229,-9.353609,84.076950,14.946495,0.102736,0.937120,0.021008,0.332882,-9.126301,51.413502,0.677420,-0.038398,0.935993,0.015963,0.349554,-17.155392,7.438168,-4.168475,-0.106138,0.899666,-0.044947,0.421088,2.648211,84.515732,29.199886,0.002806,0.902965,-0.138206,0.406872,8.106288,49.817955,35.268864,-0.041062,0.885320,0.015488,0.462907,2.821567,6.572193,46.388870,-0.038398,0.935993,0.015963,0.349554,-7.522268,2.194560,-14.742550,-0.041062,0.885320,0.015488,0.462907,14.788757,1.452763,38.471714
145,1.208333,-0.008746,0.906449,-0.007499,0.422159,-3.399039,84.303558,21.953167,-0.067140,0.904472,0.120820,0.403516,-3.471822,91.943329,21.792849,-0.006367,0.915234,0.022343,0.402253,-7.558380,109.893921,24.860645,0.109303,0.940136,-0.075011,0.313960,-8.157023,130.075867,25.583441,0.023891,0.974310,-0.111818,0.194025,-3.438223,143.622238,23.062092,0.086678,0.923801,-0.011827,0.372745,-11.276850,123.810867,23.215542,0.400477,-0.450029,0.409957,-0.684855,-24.975851,126.742661,9.833534,0.480896,-0.454674,0.340197,-0.668039,-18.114653,102.301338,2.197336,0.554372,-0.455271,0.264111,-0.644705,-10.340498,82.775307,-3.939354,-0.038325,0.881281,-0.093776,0.461607,-6.239640,123.763786,28.701820,0.572827,0.817232,0.031476,0.054873,4.820755,126.749756,44.325134,0.533000,0.815461,0.196129,0.111661,13.773555,101.838066,45.746796,0.505943,0.768087,0.361105,0.153842,22.667707,81.878540,45.157288,0.084472,0.883537,0.186978,0.421030,-9.395155,84.096786,14.822060,0.102367,0.936990,0.019134,0.333473,-9.103654,51.452946,0.509369,-0.038224,0.936027,0.015214,0.349515,-17.155527,7.464046,-4.172776,-0.106532,0.899373,-0.045466,0.421558,2.597078,84.510330,29.084274,0.002061,0.902666,-0.138647,0.407390,8.061125,49.821873,35.200985,-0.040869,0.885118,0.015220,0.463319,2.814358,6.586763,46.380222,-0.038224,0.936027,0.015214,0.349515,-7.527346,2.198670,-14.740531,-0.040869,0.885118,0.015220,0.463319,14.785921,1.458301,38.475533
146,1.216667,-0.008573,0.906225,-0.006547,0.422659,-3.445654,84.298149,21.838709,-0.066608,0.904130,0.121166,0.404266,-3.522107,91.938171,21.692648,-0.005933,0.914893,0.022850,0.403006,-7.600042,109.895409,24.777946,0.110140,0.939904,-0.073688,0.314674,-8.191484,130.076630,25.526043,0.024435,0.974140,-0.112479,0.194431,-3.458635,143.626816,23.051933,0.087343,0.923463,-0.011221,0.373446,-11.310058,123.816040,23.144924,0.399343,-0.449578,0.410696,-0.685371,-24.984308,126.778946,9.744473,0.479572,-0.454328,0.341047,-0.668792,-18.133738,102.336166,2.103355,0.553050,-0.454784,0.264996,-0.645821,-10.373791,82.814232,-4.037951,-0.037733,0.881137,-0.093417,0.462003,-6.281792,123.759720,28.639313,0.572720,0.817272,0.032125,0.055017,4.766181,126.720299,44.276237,0.532802,0.815298,0.197648,0.111110,13.724616,101.809883,45.684727,0.505141,0.767974,0.362220,0.154420,22.631323,81.863068,45.041241,0.083780,0.883642,0.188170,0.420415,-9.433959,84.101761,14.700752,0.102101,0.937421,0.017404,0.332436,-9.071917,51.481472,0.336042,-0.038471,0.936048,0.014512,0.349463,-17.158831,7.481986,-4.183464,-0.106971,0.898877,-0.045711,0.422478,2.542652,84.494530,28.976667,0.001346,0.902435,-0.139192,0.407720,8.020703,49.814342,35.127621,-0.040950,0.885038,0.015131,0.463467,2.807889,6.592626,46.374336,-0.038471,0.936048,0.014512,0.349463,-7.531340,2.200586,-14.743847,-0.040950,0.885038,0.015131,0.463467,14.782513,1.463206,38.474911
147,1.225000,-0.007844,0.905964,-0.006201,0.423236,-3.510446,84.291443,21.723700,-0.065749,0.903841,0.121390,0.404985,-3.578946,91.931709,21.587095,-0.005343,0.914599,0.023206,0.403659,-7.633853,109.891365,24.689878,0.110444,0.939780,-0.072649,0.315180,-8.209816,130.072205,25.460360,0.025082,0.974028,-0.112666,0.194802,-3.475517,143.627930,23.019699,0.088139,0.923276,-0.011021,0.373726,-11.330173,123.816895,23.067673,0.398313,-0.449329,0.411130,-0.685874,-24.990917,126.810394,9.660239,0.478540,-0.454274,0.341809,-0.669179,-18.147377,102.370728,2.002912,0.551698,-0.455081,0.265012,-0.646760,-10.405822,82.836807,-4.145723,-0.036857,0.880788,-0.093053,0.462812,-6.309663,123.750137,28.569036,0.572804,0.817160,0.033306,0.055096,4.711850,126.676666,44.231026,0.532200,0.815470,0.198727,0.110815,13.664727,101.762413,45.606586,0.506356,0.766771,0.363915,0.152423,22.601137,81.833076,44.933617,0.083049,0.883739,0.189238,0.419877,-9.489878,84.110069,14.577906,0.101619,0.937818,0.015869,0.331540,-9.057615,51.509834,0.169697,-0.038091,0.936026,0.014167,0.349577,-17.154636,7.496917,-4.198405,-0.107558,0.898371,-0.045837,0.423392,2.468985,84.472809,28.869492,0.000416,0.901905,-0.139686,0.408725,7.973988,49.802429,35.051579,-0.041303,0.884962,0.015046,0.463583,2.805923,6.592950,46.365761,-0.038091,0.936026,0.014167,0.349577,-7.529608,2.202415,-14.754478,-0.041303,0.884962,0.015046,0.463583,14.785674,1.466409,38.472237
148,1.233333,-0.006771,0.905596,-0.005932,0.424045,-3.595969,84.277496,21.607159,-0.064967,0.903500,0.121651,0.405794,-3.651244,91.918060,21.481171,-0.004619,0.914295,0.023507,0.404341,-7.688332,109.887077,24.602470,0.110844,0.939628,-0.071940,0.315655,-8.243067,130.067627,25.395456,0.025874,0.973925,-0.112746,0.195165,-3.502203,143.625626,22.980265,0.088807,0.922993,-0.010637,0.374279,-11.366862,123.818565,22.990999,0.397589,-0.449493,0.411093,-0.686208,-25.006968,126.840317,9.568908,0.477793,-0.454269,0.342256,-0.669488,-18.169626,102.408478,1.881112,0.550784,-0.455024,0.265423,-0.647411,-10.441790,82.873085,-4.274940,-0.036317,0.880671,-0.092398,0.463208,-6.354447,123.739883,28.499580,0.573021,0.816989,0.034133,0.054871,4.654390,126.637505,44.175850,0.531413,0.815708,0.200070,0.110419,13.595411,101.717056,45.515667,0.505325,0.766876,0.364800,0.153195,22.569826,81.812515,44.805573,0.082192,0.883638,0.190429,0.419721,-9.562912,84.116325,14.450452,0.101114,0.938056,0.014185,0.331098,-9.042563,51.538231,-0.004865,-0.038471,0.936095,0.013194,0.349387,-17.150005,7.511568,-4.212146,-0.108695,0.898113,-0.045804,0.423652,2.370974,84.438675,28.763866,-0.000210,0.901544,-0.140286,0.409315,7.946925,49.785606,34.979359,-0.042030,0.884890,0.014788,0.463664,2.800182,6.591207,46.360664,-0.038471,0.936095,0.013194,0.349387,-7.528188,2.195180,-14.760139,-0.042030,0.884890,0.014788,0.463664,14.787322,1.468431,38.475925
149,1.241667,-0.006464,0.905311,-0.005263,0.424668,-3.656995,84.272911,21.489765,-0.064197,0.903229,0.122050,0.406400,-3.712281,91.913651,21.374994,-0.004058,0.914061,0.023795,0.404859,-7.730418,109.877625,24.517832,0.111271,0.939502,-0.070987,0.316096,-8.269589,130.057831,25.330322,0.026535,0.973815,-0.112959,0.195504,-3.523640,143.619705,22.947113,0.089352,0.922657,-0.010027,0.374993,-11.395810,123.813698,22.916178,0.394065,-0.447385,0.413996,-0.687871,-25.011433,126.862373,9.475311,0.474990,-0.454250,0.342528,-0.671354,-18.200897,102.416420,1.808590,0.549840,-0.455595,0.265178,-0.647912,-10.480148,82.900513,-4.420607,-0.035734,0.880422,-0.092079,0.463790,-6.389566,123.725449,28.430223,0.573078,0.816956,0.034374,0.054620,4.599991,126.599190,44.124413,0.531365,0.815491,0.201548,0.109564,13.539004,101.677032,45.445816,0.503725,0.767056,0.367007,0.152290,22.525919,81.775116,44.670135,0.081489,0.883600,0.191323,0.419531,-9.614163,84.122177,14.324689,0.100725,0.938401,0.012739,0.330297,-9.025167,51.560204,-0.164264,-0.038200,0.936052,0.012684,0.349552,-17.146809,7.522964,-4.231141,-0.109278,0.897729,-0.045899,0.424304,2.300174,84.423637,28.654840,-0.001189,0.900711,-0.140802,0.410966,7.905445,49.780239,34.897823,-0.042244,0.884814,0.014306,0.463806,2.798076,6.599030,46.346703,-0.038200,0.936052,0.012684,0.349552,-7.525666,2.190326,-14.771551,-0.042244,0.884814,0.014306,0.463806,14.787777,1.467267,38.471699
150,1.250000,-0.005907,0.905035,-0.004557,0.425271,-3.717467,84.266411,21.368559,-0.063852,0.902873,0.122462,0.407121,-3.769549,91.907364,21.267128,-0.003324,0.913763,0.024103,0.405518,-7.785252,109.871544,24.426138,0.111781,0.939322,-0.070346,0.316593,-8.302938,130.051376,25.261629,0.027294,0.973708,-0.112948,0.195933,-3.546913,143.614059,22.903278,0.089685,0.922324,-0.009336,0.375749,-11.432755,123.813606,22.835737,0.395733,-0.449557,0.411734,-0.686854,-25.024080,126.882805,9.374973,0.476037,-0.455083,0.342228,-0.670200,-18.217787,102.456429,1.642422,0.549342,-0.456185,0.264872,-0.648044,-10.523162,82.933304,-4.577259,-0.034999,0.880366,-0.091472,0.464073,-6.434385,123.713242,28.356716,0.573205,0.816867,0.034690,0.054418,4.547015,126.551903,44.062988,0.531176,0.815619,0.202123,0.108463,13.479474,101.626396,45.365578,0.505892,0.765755,0.367259,0.151040,22.479034,81.749794,44.540184,0.080679,0.883721,0.192258,0.419005,-9.665208,84.130653,14.195357,0.100521,0.938383,0.011014,0.330472,-9.005146,51.584877,-0.326882,-0.038154,0.935936,0.012051,0.349890,-17.160534,7.540274,-4.243716,-0.109856,0.897072,-0.045998,0.425533,2.230273,84.402176,28.541761,-0.002081,0.900244,-0.141320,0.411807,7.860393,49.768459,34.816021,-0.042281,0.884735,0.014137,0.463958,2.795363,6.600645,46.334003,-0.038154,0.935936,0.012051,0.349890,-7.534206,2.190704,-14.770799,-0.042281,0.884735,0.014137,0.463958,14.787415,1.465315,38.464909
151,1.258333,-0.005374,0.904765,-0.003741,0.425860,-3.782367,84.254669,21.242336,-0.063252,0.902611,0.122780,0.407698,-3.832325,91.895821,21.155628,-0.002652,0.913552,0.024496,0.405976,-7.836035,109.866058,24.333010,0.112294,0.939191,-0.069408,0.317006,-8.335762,130.045288,25.193754,0.028108,0.973585,-0.113125,0.196326,-3.572452,143.610992,22.867638,0.090145,0.922002,-0.008794,0.376442,-11.469015,123.813538,22.756859,0.394764,-0.449788,0.411955,-0.687128,-25.036930,126.905678,9.277744,0.475200,-0.455619,0.341897,-0.670599,-18.251276,102.483536,1.513739,0.549019,-0.456527,0.264540,-0.648213,-10.567691,82.968712,-4.749355,-0.034608,0.880295,-0.090719,0.464384,-6.476121,123.701477,28.282564,0.573476,0.816676,0.035118,0.054157,4.495129,126.514290,44.000580,0.530928,0.815496,0.203729,0.107596,13.412624,101.582123,45.277779,0.505092,0.765466,0.369017,0.150897,22.435093,81.710228,44.385551,0.080067,0.883756,0.193022,0.418698,-9.720875,84.134361,14.061215,0.099977,0.938319,0.009315,0.330870,-9.003803,51.602566,-0.489630,-0.038295,0.935909,0.011915,0.349950,-17.162874,7.545054,-4.250460,-0.110650,0.896338,-0.046208,0.426849,2.156141,84.374985,28.423458,-0.002613,0.900537,-0.141871,0.410974,7.820545,49.755131,34.743214,-0.042542,0.884710,0.014008,0.463986,2.788840,6.601578,46.329056,-0.038295,0.935909,0.011915,0.349950,-7.534114,2.193469,-14.774291,-0.042542,0.884710,0.014008,0.463986,14.783382,1.466700,38.463470
152,1.266667,-0.004808,0.904419,-0.003058,0.426607,-3.845949,84.250954,21.118032,-0.062555,0.902221,0.123237,0.408530,-3.892475,91.892258,21.044407,-0.002399,0.913183,0.024886,0.406783,-7.882217,109.860138,24.243849,0.113208,0.938894,-0.068750,0.317702,-8.379799,130.038635,25.122686,0.028774,0.973467,-0.113157,0.196797,-3.595167,143.602005,22.826952,0.090659,0.921698,-0.008140,0.377077,-11.509887,123.809746,22.674421,0.393694,-0.449853,0.412170,-0.687571,-25.055664,126.928535,9.179192,0.474144,-0.456223,0.341572,-0.671101,-18.282520,102.513054,1.383358,0.548562,-0.457044,0.264670,-0.648182,-10.616088,83.015755,-4.927757,-0.033893,0.880169,-0.090440,0.464731,-6.526749,123.691582,28.208797,0.573593,0.816554,0.036272,0.053986,4.433928,126.476028,43.939232,0.530813,0.815410,0.204700,0.106965,13.345234,101.539482,45.173378,0.505186,0.765256,0.369793,0.149744,22.383667,81.664406,44.236298,0.079513,0.883586,0.193471,0.418954,-9.772696,84.145576,13.926968,0.099506,0.938288,0.007808,0.331141,-9.002813,51.619850,-0.634745,-0.038337,0.935896,0.011696,0.349988,-17.166441,7.551554,-4.256772,-0.111327,0.895997,-0.046538,0.427353,2.080799,84.356323,28.309097,-0.003385,0.900291,-0.142321,0.411351,7.774034,49.749367,34.673386,-0.042660,0.884649,0.013913,0.464093,2.783345,6.607738,46.321209,-0.038337,0.935896,0.011696,0.349988,-7.537045,2.194643,-14.777311,-0.042660,0.884649,0.013913,0.464093,14.780524,1.472219,38.460064
153,1.275000,-0.004113,0.904083,-0.002420,0.427330,-3.908978,84.240692,20.993425,-0.062027,0.902007,0.123444,0.409020,-3.950003,91.882149,20.933119,-0.001727,0.913047,0.025465,0.407055,-7.927104,109.851517,24.145651,0.113424,0.938801,-0.068357,0.317986,-8.409688,130.028946,25.056747,0.029656,0.973337,-0.113055,0.197370,-3.621548,143.593475,22.775248,0.090744,0.921397,-0.007291,0.377810,-11.543159,123.806419,22.596651,0.389626,-0.447982,0.415064,-0.689366,-25.066916,126.939377,9.082624,0.471274,-0.456225,0.341453,-0.673179,-18.331619,102.514580,1.283248,0.547894,-0.457899,0.264625,-0.648163,-10.662735,83.049545,-5.113938,-0.033461,0.879902,-0.090175,0.465318,-6.563280,123.675499,28.133675,0.573799,0.816408,0.036892,0.053589,4.377366,126.442162,43.881191,0.530496,0.815522,0.205593,0.105974,13.278437,101.500153,45.078476,0.506741,0.764048,0.370801,0.148156,22.342142,81.635628,44.088577,0.078684,0.883632,0.194057,0.418743,-9.824335,84.152107,13.792759,0.099151,0.938625,0.006416,0.330319,-8.987959,51.633228,-0.780566,-0.038230,0.935888,0.011520,0.350029,-17.166609,7.556814,-4.267457,-0.112060,0.895615,-0.046765,0.427936,2.006379,84.329277,28.194090,-0.004097,0.900093,-0.142878,0.411585,7.734512,49.735512,34.598648,-0.042961,0.884606,0.013759,0.464153,2.777777,6.608647,46.315430,-0.038230,0.935888,0.011520,0.350029,-7.537972,2.194142,-14.785762,-0.042961,0.884606,0.013759,0.464153,14.778304,1.473550,38.459110
154,1.283333,-0.003536,0.903765,-0.001784,0.428011,-3.965490,84.232018,20.866674,-0.061597,0.901623,0.124131,0.409724,-4.002662,91.873573,20.818905,-0.001214,0.912748,0.025808,0.407706,-7.979651,109.845421,24.058968,0.113553,0.938673,-0.067937,0.318409,-8.449597,130.022202,24.990810,0.030821,0.973213,-0.113056,0.197801,-3.659945,143.588715,22.724306,0.091082,0.921087,-0.006662,0.378496,-11.583903,123.804459,22.519716,0.388463,-0.448422,0.414897,-0.689837,-25.085163,126.957428,8.987866,0.469969,-0.456726,0.341466,-0.673744,-18.363428,102.546921,1.132184,0.546437,-0.458598,0.264928,-0.648774,-10.713289,83.084618,-5.311702,-0.032714,0.879708,-0.090164,0.465740,-6.611893,123.664223,28.063578,0.573997,0.816270,0.037802,0.052941,4.315432,126.406418,43.824612,0.530839,0.814985,0.207084,0.105478,13.208127,101.458778,44.965355,0.504443,0.764737,0.372359,0.148540,22.267515,81.576660,43.916821,0.078211,0.883416,0.194305,0.419171,-9.870070,84.158218,13.657003,0.098685,0.938671,0.005060,0.330353,-8.989375,51.640903,-0.917213,-0.038398,0.935868,0.011394,0.350068,-17.169395,7.554805,-4.276102,-0.112491,0.895210,-0.047228,0.428619,1.939091,84.305809,28.076345,-0.005158,0.899354,-0.143215,0.413069,7.675079,49.722046,34.527718,-0.043105,0.884495,0.013724,0.464351,2.772322,6.604719,46.302170,-0.038398,0.935868,0.011394,0.350068,-7.538476,2.190648,-14.791555,-0.043105,0.884495,0.013724,0.464351,14.777624,1.470960,38.452278
155,1.291667,-0.002994,0.903441,-0.000981,0.428700,-4.023136,84.222107,20.735109,-0.061097,0.901355,0.124464,0.410287,-4.058047,91.863754,20.701941,-0.000606,0.912552,0.026343,0.408111,-8.025427,109.835388,23.958498,0.113641,0.938552,-0.067741,0.318775,-8.482200,130.011078,24.919888,0.031809,0.973067,-0.112836,0.198487,-3.690448,143.578262,22.661745,0.091461,0.920870,-0.006017,0.378943,-11.618670,123.799194,22.436853,0.387507,-0.448697,0.414587,-0.690382,-25.104124,126.974274,8.894424,0.468533,-0.457623,0.341422,-0.674159,-18.381865,102.580200,0.988307,0.545659,-0.458583,0.265523,-0.649196,-10.764883,83.119774,-5.513858,-0.032045,0.879497,-0.089820,0.466251,-6.651566,123.647285,27.984804,0.574039,0.816234,0.038374,0.052617,4.258974,126.362015,43.762207,0.531197,0.814554,0.208370,0.104462,13.150888,101.412666,44.871353,0.504893,0.763964,0.373624,0.147807,22.202555,81.531929,43.751511,0.077584,0.883326,0.194431,0.419420,-9.916780,84.163849,13.516355,0.098276,0.938636,0.003744,0.330591,-8.988835,51.643074,-1.047176,-0.038530,0.935806,0.011380,0.350220,-17.173027,7.548687,-4.284882,-0.113125,0.894762,-0.047774,0.429328,1.870507,84.280365,27.953863,-0.005928,0.899115,-0.143563,0.413458,7.624257,49.710495,34.463634,-0.043250,0.884425,0.013652,0.464474,2.765627,6.602916,46.291962,-0.038530,0.935806,0.011380,0.350220,-7.537349,2.185703,-14.796572,-0.043250,0.884425,0.013652,0.464474,14.774200,1.469499,38.446857
156,1.300000,-0.002141,0.903085,-0.000376,0.429457,-4.080327,84.216858,20.605234,-0.060539,0.901048,0.125052,0.410865,-4.107409,91.858589,20.585991,-0.000254,0.912339,0.026769,0.408559,-8.065825,109.821854,23.867182,0.113471,0.938475,-0.067288,0.319157,-8.517118,129.996643,24.849827,0.032964,0.972910,-0.112762,0.199108,-3.732185,143.568344,22.604456,0.091876,0.920698,-0.005517,0.379266,-11.653142,123.788437,22.357059,0.389486,-0.451905,0.410975,-0.689335,-25.126150,126.984993,8.807294,0.469614,-0.458751,0.341194,-0.672753,-18.398941,102.632614,0.777778,0.544393,-0.459273,0.265392,-0.649824,-10.821141,83.156845,-5.717386,-0.031543,0.879198,-0.089229,0.466962,-6.691494,123.628975,27.909676,0.574057,0.816200,0.039602,0.052031,4.194581,126.318001,43.708359,0.531294,0.814429,0.208954,0.103778,13.088679,101.366722,44.754646,0.506501,0.762979,0.374198,0.145928,22.142801,81.487473,43.595333,0.076910,0.883058,0.194203,0.420213,-9.961945,84.177811,13.376551,0.097950,0.938783,0.002730,0.330280,-8.985944,51.643288,-1.153107,-0.038465,0.935752,0.011479,0.350366,-17.174126,7.542557,-4.292833,-0.113649,0.894270,-0.048108,0.430176,1.801291,84.255905,27.833916,-0.006873,0.898660,-0.144038,0.414265,7.571347,49.696793,34.386230,-0.043412,0.884369,0.013457,0.464571,2.760747,6.602576,46.282681,-0.038465,0.935752,0.011479,0.350366,-7.535545,2.181650,-14.802919,-0.043412,0.884369,0.013457,0.464571,14.771800,1.466642,38.443024
157,1.308333,-0.001484,0.902784,0.000250,0.430092,-4.136030,84.214256,20.478838,-0.060095,0.900732,0.125558,0.411468,-4.158152,91.856026,20.472525,0.000127,0.912093,0.027253,0.409077,-8.111991,109.818840,23.775152,0.113965,0.938295,-0.066765,0.319620,-8.557798,129.992584,24.781652,0.033864,0.972767,-0.112891,0.199583,-3.762490,143.564148,22.557751,0.091966,0.920443,-0.004875,0.379872,-11.693044,123.788406,22.277857,0.387805,-0.451641,0.410931,-0.690481,-25.147593,126.996597,8.712501,0.467438,-0.459722,0.341572,-0.673414,-18.405807,102.666580,0.627650,0.542948,-0.459489,0.265750,-0.650734,-10.881630,83.202217,-5.931240,-0.030925,0.879233,-0.088873,0.467006,-6.737702,123.620621,27.835863,0.574314,0.816004,0.040324,0.051722,4.148302,126.282333,43.639236,0.531635,0.813908,0.210587,0.102815,13.028422,101.324570,44.649090,0.505792,0.762770,0.375538,0.146042,22.078552,81.439789,43.411594,0.076367,0.882524,0.194211,0.421428,-10.007526,84.191284,13.241858,0.097671,0.938833,0.001507,0.330228,-8.977345,51.651035,-1.271237,-0.038575,0.935705,0.011331,0.350485,-17.178715,7.544923,-4.298944,-0.114066,0.893686,-0.048417,0.431242,1.735465,84.237236,27.715820,-0.007874,0.898171,-0.144511,0.415143,7.514234,49.687019,34.307255,-0.043565,0.884303,0.013294,0.464687,2.755174,6.606412,46.273506,-0.038575,0.935705,0.011331,0.350485,-7.536753,2.181399,-14.804597,-0.043565,0.884303,0.013294,0.464687,14.769094,1.468654,38.439423
158,1.316667,-0.000875,0.902510,0.000837,0.430667,-4.187283,84.217010,20.350357,-0.059587,0.900446,0.126221,0.411964,-4.204858,91.858795,20.356148,0.000316,0.911885,0.027689,0.409511,-8.151768,109.809731,23.684967,0.114415,0.938150,-0.065828,0.320080,-8.598310,129.982498,24.710466,0.034750,0.972618,-0.113149,0.200012,-3.797331,143.557266,22.518541,0.092390,0.920121,-0.004173,0.380557,-11.731240,123.780777,22.197720,0.387066,-0.452403,0.410363,-0.690735,-25.162592,127.013138,8.615124,0.466331,-0.460615,0.341385,-0.673666,-18.432606,102.700447,0.468542,0.541443,-0.460550,0.265626,-0.651288,-10.938748,83.241737,-6.142167,-0.030462,0.879142,-0.088409,0.467296,-6.781189,123.607574,27.760271,0.575028,0.815521,0.040941,0.050921,4.095392,126.246002,43.574028,0.531475,0.813960,0.211281,0.101802,12.936404,101.272141,44.527596,0.506826,0.762020,0.376093,0.144935,22.000313,81.404114,43.239948,0.075749,0.882205,0.194068,0.422272,-10.049571,84.209023,13.105885,0.097364,0.938512,0.000238,0.331233,-8.971434,51.658123,-1.379818,-0.038830,0.935685,0.011270,0.350514,-17.181757,7.546434,-4.300118,-0.114511,0.893312,-0.048940,0.431841,1.675006,84.225006,27.594830,-0.008772,0.897758,-0.144891,0.415884,7.460882,49.685673,34.236874,-0.043520,0.884204,0.013020,0.464888,2.750135,6.616309,46.262581,-0.038830,0.935685,0.011270,0.350514,-7.536627,2.184059,-14.803450,-0.043520,0.884204,0.013020,0.464888,14.766033,1.471282,38.436310
159,1.325000,-0.000166,0.902221,0.001504,0.431272,-4.236866,84.220741,20.218941,-0.059331,0.900098,0.126889,0.412557,-4.249071,91.862511,20.238585,0.000845,0.911641,0.028154,0.410022,-8.199799,109.808731,23.590960,0.114669,0.938028,-0.065021,0.320511,-8.635136,129.980423,24.642084,0.035671,0.972465,-0.113428,0.200434,-3.832670,143.558914,22.476673,0.092297,0.919781,-0.003117,0.381410,-11.769085,123.783890,22.117859,0.385196,-0.452557,0.410728,-0.691462,-25.175905,127.027176,8.513652,0.464626,-0.461256,0.341368,-0.674414,-18.469191,102.727005,0.310738,0.540046,-0.461481,0.265479,-0.651849,-11.003112,83.285324,-6.357572,-0.030143,0.879161,-0.087709,0.467413,-6.825279,123.600449,27.685631,0.575506,0.815151,0.042173,0.050440,4.047821,126.215744,43.505623,0.531507,0.813823,0.212020,0.101190,12.862256,101.230263,44.398735,0.507953,0.761176,0.377066,0.142884,21.933397,81.359482,43.070755,0.075040,0.881867,0.193796,0.423230,-10.089458,84.230034,12.966636,0.097137,0.938409,-0.000852,0.331592,-8.959867,51.663994,-1.481047,-0.038719,0.935652,0.011258,0.350612,-17.182611,7.548386,-4.305689,-0.115045,0.893084,-0.049393,0.432119,1.615728,84.211449,27.471247,-0.009553,0.897412,-0.145397,0.416438,7.418787,49.684013,34.159988,-0.043647,0.884127,0.012561,0.465034,2.744683,6.629148,46.251724,-0.038719,0.935652,0.011258,0.350612,-7.536482,2.184587,-14.807379,-0.043647,0.884127,0.012561,0.465034,14.762465,1.474569,38.434643
160,1.333333,0.000330,0.901949,0.002081,0.431836,-4.279900,84.220001,20.094599,-0.058858,0.899853,0.127398,0.413001,-4.289080,91.861740,20.125467,0.000993,0.911462,0.028641,0.410384,-8.233113,109.804245,23.499893,0.115240,0.937899,-0.063670,0.320953,-8.671481,129.974823,24.571192,0.036360,0.972318,-0.113989,0.200706,-3.863844,143.558426,22.449783,0.092404,0.919552,-0.002372,0.381943,-11.802736,123.780510,22.038157,0.384138,-0.453251,0.410103,-0.691966,-25.193029,127.037773,8.421026,0.463235,-0.462251,0.341418,-0.674664,-18.492447,102.760780,0.144803,0.538378,-0.462345,0.265014,-0.652804,-11.068880,83.323921,-6.576909,-0.029719,0.878825,-0.087463,0.468117,-6.863367,123.591934,27.609694,0.575864,0.814874,0.043390,0.049786,3.985181,126.190361,43.449299,0.531902,0.813117,0.214002,0.100621,12.781206,101.196098,44.275482,0.506473,0.761215,0.378298,0.144662,21.843225,81.314941,42.873642,0.074533,0.881463,0.193587,0.424255,-10.123404,84.242310,12.834999,0.096902,0.937951,-0.002084,0.332947,-8.951935,51.665073,-1.584093,-0.038744,0.935573,0.011292,0.350820,-17.187830,7.545691,-4.309704,-0.115497,0.892696,-0.049653,0.432768,1.563604,84.197701,27.354198,-0.010297,0.897097,-0.145973,0.416898,7.381991,49.679546,34.077435,-0.043804,0.884069,0.012051,0.465143,2.740004,6.641096,46.239780,-0.038744,0.935573,0.011292,0.350820,-7.536679,2.183265,-14.807471,-0.043804,0.884069,0.012051,0.465143,14.759096,1.476090,38.431610
161,1.341667,0.001027,0.901638,0.002650,0.432483,-4.326923,84.222137,19.968025,-0.058734,0.899554,0.127963,0.413496,-4.330281,91.863815,20.011328,0.001353,0.911276,0.029165,0.410759,-8.280439,109.800827,23.404028,0.115190,0.937814,-0.063271,0.321299,-8.714702,129.970139,24.500427,0.037496,0.972148,-0.114033,0.201294,-3.910472,143.556870,22.391319,0.092425,0.919204,-0.001490,0.382778,-11.845417,123.779800,21.957020,0.382445,-0.453226,0.410420,-0.692732,-25.210821,127.049553,8.318448,0.461386,-0.463065,0.341327,-0.675418,-18.522863,102.785446,-0.005621,0.536755,-0.463628,0.265164,-0.653170,-11.128602,83.358604,-6.796887,-0.028992,0.878744,-0.087159,0.468371,-6.910645,123.582985,27.532345,0.576255,0.814574,0.044173,0.049472,3.930361,126.151909,43.381927,0.532375,0.812744,0.214716,0.099610,12.704145,101.148560,44.168915,0.507969,0.760276,0.378785,0.143074,21.750254,81.271652,42.708813,0.073803,0.881315,0.193203,0.424865,-10.159995,84.260765,12.700109,0.096676,0.937696,-0.003085,0.333723,-8.945112,51.665230,-1.673971,-0.038699,0.935520,0.011268,0.350967,-17.189907,7.542377,-4.315207,-0.116061,0.892347,-0.049825,0.433317,1.506150,84.183517,27.235943,-0.011030,0.896688,-0.146562,0.417551,7.350238,49.675873,33.990807,-0.043779,0.883933,0.011494,0.465418,2.736299,6.654313,46.223385,-0.038699,0.935520,0.011268,0.350967,-7.536009,2.178983,-14.809956,-0.043779,0.883933,0.011494,0.465418,14.757660,1.475323,38.427975
162,1.350000,0.001601,0.901311,0.002984,0.433159,-4.377570,84.219299,19.848526,-0.058368,0.899263,0.128485,0.414017,-4.375275,91.860924,19.900236,0.001606,0.911071,0.029473,0.411191,-8.323437,109.796272,23.313923,0.114940,0.937775,-0.062399,0.321673,-8.754016,129.964813,24.425636,0.038645,0.971981,-0.114251,0.201760,-3.962416,143.559570,22.339642,0.092713,0.919022,-0.000872,0.383148,-11.883785,123.777214,21.874462,0.381645,-0.453937,0.409654,-0.693160,-25.236134,127.065720,8.227598,0.460157,-0.464321,0.341049,-0.675535,-18.549070,102.825272,-0.165848,0.535558,-0.464613,0.264875,-0.653571,-11.194854,83.397606,-7.022981,-0.028328,0.878501,-0.086939,0.468909,-6.954304,123.574875,27.454269,0.576525,0.814383,0.044819,0.048897,3.868649,126.118744,43.320232,0.532855,0.812267,0.215795,0.098588,12.628931,101.109268,44.061535,0.508878,0.759301,0.379927,0.141989,21.661612,81.231079,42.533298,0.073219,0.881160,0.192979,0.425389,-10.199708,84.270287,12.571918,0.096390,0.937186,-0.004227,0.335222,-8.946910,51.662457,-1.770984,-0.038808,0.935410,0.011265,0.351249,-17.198092,7.535407,-4.320489,-0.116666,0.892111,-0.049669,0.433658,1.444567,84.168312,27.125132,-0.011741,0.896241,-0.147318,0.418225,7.328799,49.669613,33.890800,-0.043964,0.883922,0.010416,0.465447,2.734429,6.669495,46.205856,-0.038808,0.935410,0.011265,0.351249,-7.536711,2.173372,-14.809048,-0.043964,0.883922,0.010416,0.465447,14.753522,1.466206,38.423130
163,1.358333,0.002471,0.901046,0.003537,0.433702,-4.423437,84.219872,19.728531,-0.058112,0.899026,0.128797,0.414471,-4.412848,91.861389,19.793621,0.002012,0.910908,0.030100,0.411506,-8.356903,109.785774,23.217890,0.114489,0.937782,-0.061703,0.321946,-8.783340,129.952759,24.359257,0.039568,0.971817,-0.114430,0.202265,-4.008553,143.555862,22.289160,0.092716,0.918831,-0.000166,0.383606,-11.912860,123.769699,21.796745,0.380335,-0.454492,0.409309,-0.693720,-25.251583,127.068100,8.138948,0.458687,-0.465453,0.340819,-0.675872,-18.576294,102.848518,-0.323815,0.533944,-0.466134,0.264315,-0.654034,-11.262985,83.434334,-7.246176,-0.028149,0.878187,-0.086594,0.469571,-6.987266,123.557877,27.379631,0.577057,0.813924,0.046677,0.048525,3.812016,126.091255,43.263393,0.532989,0.811789,0.217507,0.098043,12.541739,101.068970,43.929329,0.508771,0.758892,0.380789,0.142249,21.580101,81.179092,42.337196,0.072715,0.881120,0.192505,0.425772,-10.236730,84.289970,12.445015,0.095993,0.936683,-0.005215,0.336724,-8.961164,51.663868,-1.854269,-0.038789,0.935330,0.011322,0.351461,-17.205021,7.530785,-4.321764,-0.117348,0.891905,-0.049651,0.433901,1.389855,84.149780,27.012047,-0.012402,0.895725,-0.148070,0.419044,7.315427,49.662327,33.798950,-0.044067,0.883853,0.009751,0.465583,2.734517,6.683627,46.193512,-0.038789,0.935330,0.011322,0.351461,-7.538918,2.170248,-14.806740,-0.044067,0.883853,0.009751,0.465583,14.754197,1.465321,38.421753
164,1.366667,0.003002,0.900644,0.004073,0.434529,-4.462549,84.227112,19.610373,-0.057940,0.898631,0.129292,0.415197,-4.448270,91.868523,19.686378,0.002455,0.910610,0.030549,0.412130,-8.395402,109.782257,23.125179,0.114518,0.937695,-0.059639,0.322580,-8.813827,129.948044,24.290127,0.040113,0.971610,-0.115386,0.202611,-4.053680,143.565125,22.279051,0.092781,0.918655,0.000602,0.384012,-11.942794,123.769554,21.715965,0.379338,-0.455147,0.408926,-0.694063,-25.268988,127.081085,8.049128,0.457444,-0.466749,0.340238,-0.676113,-18.608650,102.879021,-0.475305,0.533088,-0.467109,0.263656,-0.654302,-11.332594,83.482376,-7.469413,-0.027663,0.877908,-0.086327,0.470169,-7.024888,123.548721,27.305275,0.577630,0.813505,0.047716,0.047715,3.753628,126.062408,43.206249,0.533086,0.811571,0.218350,0.097440,12.452383,101.027596,43.802963,0.509574,0.758078,0.381731,0.141186,21.492558,81.138863,42.167660,0.072445,0.881086,0.191886,0.426167,-10.262415,84.310493,12.316304,0.095575,0.936075,-0.006231,0.338511,-8.983126,51.664673,-1.937549,-0.039124,0.935247,0.011386,0.351642,-17.218245,7.525420,-4.322504,-0.118003,0.891645,-0.049614,0.434260,1.337317,84.143723,26.904440,-0.012519,0.894990,-0.149178,0.420216,7.302233,49.667004,33.711369,-0.044016,0.883636,0.008801,0.466018,2.672480,6.718177,46.191051,-0.039124,0.935247,0.011386,0.351642,-7.544345,2.170346,-14.803073,-0.044016,0.883636,0.008801,0.466018,14.695292,1.475966,38.440269
165,1.375000,0.003463,0.900260,0.004823,0.435313,-4.498031,84.223602,19.495655,-0.057868,0.898453,0.129461,0.415540,-4.482470,91.864868,19.585047,0.002720,0.910541,0.031128,0.412237,-8.430497,109.774605,23.028530,0.114794,0.937648,-0.058480,0.322828,-8.848917,129.938904,24.219112,0.040662,0.971485,-0.115721,0.202908,-4.090558,143.561722,22.242989,0.092812,0.918446,0.001656,0.384499,-11.977358,123.763748,21.636322,0.378547,-0.456015,0.408230,-0.694335,-25.288824,127.091339,7.959032,0.456396,-0.467888,0.339853,-0.676228,-18.640247,102.910675,-0.635070,0.531825,-0.468334,0.263137,-0.654664,-11.400592,83.525925,-7.687191,-0.027324,0.877578,-0.086135,0.470841,-7.060786,123.535706,27.226517,0.577811,0.813371,0.048366,0.047144,3.693973,126.036263,43.145645,0.533747,0.810943,0.219598,0.096240,12.384525,100.997559,43.697018,0.511493,0.756459,0.382556,0.140694,21.399921,81.115166,41.981621,0.072230,0.881196,0.191165,0.426301,-10.285134,84.320839,12.191625,0.095171,0.935551,-0.007094,0.340054,-9.012961,51.653076,-2.012514,-0.039428,0.935070,0.011887,0.352064,-17.236931,7.507941,-4.326036,-0.118817,0.891016,-0.049203,0.435377,1.289072,84.126373,26.799685,-0.013047,0.894273,-0.150067,0.421408,7.309211,49.660500,33.612926,-0.043933,0.883523,0.008176,0.466251,2.671454,6.736821,46.175892,-0.039428,0.935070,0.011887,0.352064,-7.548849,2.169808,-14.802149,-0.043933,0.883523,0.008176,0.466251,14.694905,1.478146,38.437256
166,1.383333,0.003941,0.899793,0.005647,0.436263,-4.535253,84.226463,19.376390,-0.057513,0.898134,0.129941,0.416130,-4.518714,91.867538,19.480322,0.002844,0.910330,0.031601,0.412665,-8.463075,109.767914,22.941393,0.115197,0.937449,-0.057720,0.323401,-8.885398,129.930984,24.151239,0.040907,0.971321,-0.115969,0.203505,-4.120938,143.555649,22.202742,0.093007,0.918259,0.002344,0.384896,-12.010539,123.757919,21.559464,0.377643,-0.456793,0.407713,-0.694620,-25.308746,127.102074,7.873315,0.455209,-0.469103,0.339279,-0.676474,-18.675426,102.940582,-0.786234,0.530248,-0.470098,0.262333,-0.655001,-11.468477,83.569153,-7.908421,-0.026911,0.877263,-0.085980,0.471479,-7.099237,123.525093,27.154095,0.578314,0.812976,0.049606,0.046502,3.633103,126.010559,43.090706,0.534093,0.810446,0.220819,0.095715,12.296000,100.960876,43.574100,0.510714,0.756364,0.384249,0.139417,21.311718,81.051102,41.803753,0.072024,0.881376,0.190111,0.426435,-10.306847,84.338470,12.060309,0.094706,0.934910,-0.007850,0.341925,-9.052911,51.639946,-2.074505,-0.040051,0.934934,0.012325,0.352338,-17.256664,7.487875,-4.326626,-0.119655,0.890519,-0.048975,0.436189,1.236341,84.114464,26.692471,-0.013652,0.893536,-0.150799,0.422690,7.309716,49.661247,33.522446,-0.043594,0.883396,0.007641,0.466532,2.674567,6.758803,46.158676,-0.040051,0.934934,0.012325,0.352338,-7.554553,2.168301,-14.799198,-0.043594,0.883396,0.007641,0.466532,14.697343,1.482346,38.431103
167,1.391667,0.004475,0.899302,0.006524,0.437256,-4.562651,84.225212,19.265661,-0.057684,0.897703,0.130340,0.416909,-4.544746,91.866058,19.385242,0.003196,0.910025,0.031932,0.413309,-8.504817,109.765968,22.854046,0.115385,0.937298,-0.056976,0.323903,-8.920589,129.928116,24.081627,0.041385,0.971213,-0.116086,0.203853,-4.155819,143.556183,22.157864,0.093191,0.918013,0.002674,0.385435,-12.044613,123.758682,21.479856,0.376607,-0.457321,0.407426,-0.695003,-25.325424,127.113434,7.779426,0.453950,-0.470344,0.338801,-0.676697,-18.705347,102.968773,-0.936987,0.529383,-0.471073,0.261694,-0.655256,-11.536331,83.612305,-8.127520,-0.026313,0.877148,-0.085709,0.471776,-7.141268,123.518768,27.081161,0.578838,0.812576,0.050461,0.046039,3.581431,125.979843,43.028038,0.534437,0.810095,0.221662,0.094810,12.214415,100.918938,43.462883,0.511519,0.755648,0.385206,0.137700,21.219360,81.015343,41.636242,0.072060,0.881469,0.189017,0.426724,-10.317991,84.353394,11.937056,0.094204,0.934279,-0.008535,0.343766,-9.096135,51.625668,-2.132852,-0.040660,0.934787,0.012756,0.352645,-17.274860,7.466087,-4.328022,-0.120691,0.890314,-0.048706,0.436351,1.192689,84.097031,26.594269,-0.013722,0.893456,-0.151640,0.422555,7.337877,49.659683,33.440033,-0.043250,0.883316,0.006908,0.466728,2.678171,6.780291,46.145283,-0.040660,0.934787,0.012756,0.352645,-7.558171,2.164795,-14.796347,-0.043250,0.883316,0.006908,0.466728,14.697835,1.480961,38.428532
168,1.400000,0.005191,0.898856,0.007159,0.438154,-4.600497,84.223709,19.155140,-0.057323,0.897366,0.130779,0.417548,-4.577127,91.864319,19.288258,0.003252,0.909777,0.032242,0.413830,-8.533584,109.758141,22.773726,0.114950,0.937223,-0.056523,0.324354,-8.953165,129.919464,24.013372,0.042029,0.971072,-0.116022,0.204429,-4.202141,143.553848,22.100317,0.093114,0.917738,0.003304,0.386104,-12.073459,123.751297,21.404169,0.375680,-0.458112,0.407010,-0.695227,-25.334818,127.111839,7.686329,0.452907,-0.471405,0.338355,-0.676881,-18.735155,102.984367,-1.092968,0.528286,-0.472269,0.261127,-0.655506,-11.600721,83.649910,-8.338787,-0.026190,0.876979,-0.085115,0.472204,-7.176537,123.508453,27.010962,0.579068,0.812348,0.051504,0.046031,3.530755,125.955734,42.970310,0.535316,0.809289,0.222981,0.093636,12.149693,100.889442,43.371609,0.511744,0.755339,0.385759,0.137004,21.125021,80.975220,41.460056,0.071997,0.881359,0.187828,0.427485,-10.341057,84.369148,11.815272,0.093731,0.933719,-0.009058,0.345399,-9.140653,51.608829,-2.180429,-0.041171,0.934655,0.013258,0.352915,-17.292408,7.442081,-4.331264,-0.121677,0.889768,-0.048330,0.437231,1.140063,84.078278,26.495010,-0.014108,0.892898,-0.152381,0.423454,7.351788,49.655369,33.353348,-0.043115,0.883167,0.006202,0.467032,2.681876,6.797218,46.126362,-0.041171,0.934655,0.013258,0.352915,-7.562793,2.159891,-14.797236,-0.043115,0.883167,0.006202,0.467032,14.702477,1.478765,38.424240
169,1.408333,0.006063,0.898418,0.007616,0.439033,-4.638042,84.222122,19.051168,-0.057543,0.896934,0.131144,0.418330,-4.605897,91.862480,19.196423,0.003938,0.909473,0.032656,0.414461,-8.579041,109.755150,22.687538,0.114958,0.937140,-0.055843,0.324708,-8.981223,129.915176,23.953592,0.042398,0.971005,-0.116179,0.204583,-4.234623,143.553940,22.060902,0.093134,0.917452,0.003886,0.386772,-12.103806,123.753464,21.331905,0.374477,-0.458657,0.406882,-0.695592,-25.345016,127.122498,7.596691,0.451678,-0.472454,0.337977,-0.677160,-18.766329,103.010284,-1.240065,0.527104,-0.473627,0.260438,-0.655752,-11.663344,83.685898,-8.548906,-0.025946,0.876777,-0.084669,0.472674,-7.214737,123.498497,26.945009,0.579959,0.811684,0.052482,0.045417,3.475845,125.930641,42.917870,0.535390,0.809081,0.223957,0.092672,12.043004,100.845718,43.258621,0.512286,0.754805,0.386509,0.135807,21.024826,80.934601,41.287895,0.071658,0.881315,0.186994,0.427998,-10.364053,84.385971,11.700332,0.093119,0.933116,-0.009224,0.347187,-9.160701,51.599907,-2.234703,-0.041428,0.934730,0.013425,0.352680,-17.262665,7.423157,-4.368083,-0.122622,0.889079,-0.047867,0.438418,1.087969,84.058289,26.402006,-0.014571,0.892113,-0.153085,0.424838,7.363939,49.648640,33.268414,-0.042918,0.883009,0.005614,0.467355,2.684296,6.810999,46.106495,-0.041428,0.934730,0.013425,0.352680,-7.535115,2.147933,-14.839482,-0.042918,0.883009,0.005614,0.467355,14.706077,1.475524,38.417999
170,1.416667,0.006710,0.898000,0.008304,0.439865,-4.663072,84.223869,18.948267,-0.057498,0.896567,0.131564,0.418990,-4.626809,91.863930,19.107342,0.004064,0.909203,0.033145,0.415012,-8.606413,109.747948,22.609066,0.114876,0.937036,-0.055409,0.325110,-9.012938,129.906631,23.894934,0.042751,0.970915,-0.116215,0.204914,-4.270852,143.548798,22.015516,0.093247,0.917238,0.004425,0.387247,-12.131459,123.747131,21.263224,0.373399,-0.459093,0.406570,-0.696065,-25.357622,127.127579,7.516313,0.450303,-0.473702,0.337514,-0.677435,-18.786711,103.034233,-1.377489,0.525952,-0.474926,0.259961,-0.655927,-11.722317,83.725098,-8.757682,-0.025864,0.876473,-0.084272,0.473312,-7.249222,123.487183,26.882046,0.580467,0.811350,0.052974,0.044305,3.418142,125.911041,42.871689,0.535602,0.808758,0.224901,0.091978,11.959326,100.816467,43.147255,0.513221,0.753545,0.387980,0.135075,20.942068,80.896828,41.125175,0.071670,0.881245,0.185592,0.428749,-10.375299,84.404251,11.587099,0.092854,0.932391,-0.009636,0.349188,-9.205219,51.581062,-2.263113,-0.042031,0.934471,0.013952,0.353275,-17.293463,7.400566,-4.370964,-0.123385,0.888312,-0.047520,0.439796,1.049156,84.043488,26.309437,-0.015015,0.891411,-0.153765,0.426047,7.372942,49.644871,33.187218,-0.043031,0.882877,0.004772,0.467605,2.685297,6.827202,46.088833,-0.042031,0.934471,0.013952,0.353275,-7.544711,2.146448,-14.833265,-0.043031,0.882877,0.004772,0.467605,14.708882,1.472725,38.416374
171,1.425000,0.007208,0.897596,0.009260,0.440662,-4.679522,84.229805,18.846903,-0.057514,0.896204,0.132066,0.419605,-4.643000,91.869507,19.022476,0.004117,0.908948,0.033571,0.415536,-8.631330,109.739975,22.535978,0.114824,0.936824,-0.055335,0.325751,-9.043795,129.897491,23.838116,0.042800,0.970737,-0.116136,0.205791,-4.301466,143.540329,21.964222,0.093302,0.916915,0.005262,0.387987,-12.157891,123.739502,21.197660,0.372356,-0.459980,0.406328,-0.696181,-25.361433,127.133430,7.432342,0.449265,-0.474562,0.337176,-0.677690,-18.823269,103.054443,-1.524287,0.524941,-0.475718,0.259541,-0.656329,-11.787300,83.763741,-8.954248,-0.025675,0.876301,-0.083769,0.473731,-7.282143,123.475960,26.821943,0.580938,0.810942,0.054235,0.044088,3.370243,125.885345,42.823746,0.536058,0.808238,0.226086,0.090987,11.883450,100.780746,43.048843,0.513027,0.753623,0.388226,0.134670,20.853483,80.860504,40.956966,0.071839,0.881091,0.184026,0.429713,-10.378533,84.426445,11.475915,0.092496,0.931617,-0.010074,0.351330,-9.253508,51.563728,-2.283988,-0.042580,0.934282,0.014561,0.353684,-17.320965,7.378036,-4.362358,-0.123987,0.887607,-0.047413,0.441060,1.019490,84.033165,26.217890,-0.015429,0.890793,-0.154348,0.427115,7.374269,49.644451,33.116596,-0.042716,0.882699,0.004498,0.467971,2.681808,6.844053,46.073650,-0.042580,0.934282,0.014561,0.353684,-7.555559,2.146424,-14.820400,-0.042716,0.882699,0.004498,0.467971,14.707500,1.478765,38.412064
172,1.433333,0.007884,0.897130,0.009867,0.441585,-4.699260,84.231560,18.752047,-0.057679,0.895739,0.132488,0.420442,-4.657757,91.870926,18.940544,0.004312,0.908585,0.033937,0.416297,-8.661524,109.737419,22.461622,0.114779,0.936633,-0.054873,0.326395,-9.074077,129.893875,23.780104,0.042986,0.970607,-0.116132,0.206368,-4.334720,143.539917,21.922098,0.093379,0.916640,0.006269,0.388604,-12.184387,123.738457,21.129236,0.371930,-0.461824,0.405435,-0.695708,-25.368790,127.149414,7.349789,0.449081,-0.474828,0.336747,-0.677840,-18.882347,103.087570,-1.690108,0.523408,-0.476822,0.259232,-0.656874,-11.841958,83.798264,-9.145118,-0.025166,0.875943,-0.083639,0.474442,-7.318090,123.469635,26.761452,0.581178,0.810759,0.054815,0.043552,3.309172,125.861320,42.782604,0.536765,0.807636,0.226916,0.090087,11.810060,100.752213,42.965683,0.513816,0.752679,0.389723,0.132600,20.752665,80.829468,40.813213,0.072006,0.880913,0.182413,0.430736,-10.382905,84.444595,11.369658,0.092117,0.930958,-0.010312,0.353166,-9.303491,51.541454,-2.296988,-0.043037,0.934119,0.015367,0.354025,-17.342968,7.349902,-4.359229,-0.124665,0.886875,-0.047364,0.442344,0.984384,84.018532,26.134438,-0.015836,0.890245,-0.154789,0.428081,7.372741,49.641502,33.060310,-0.042867,0.882621,0.003992,0.468109,2.681669,6.854516,46.062099,-0.043037,0.934119,0.015367,0.354025,-7.562819,2.144966,-14.816803,-0.042867,0.882621,0.003992,0.468109,14.709039,1.478951,38.410355
173,1.441667,0.008322,0.896777,0.010402,0.442282,-4.707418,84.233276,18.669834,-0.057880,0.895370,0.132987,0.421042,-4.663677,91.872368,18.868662,0.004380,0.908320,0.034280,0.416847,-8.683969,109.732201,22.399971,0.114497,0.936484,-0.054498,0.326984,-9.100616,129.887695,23.731937,0.043105,0.970432,-0.116317,0.207060,-4.369885,143.538208,21.884888,0.093294,0.916347,0.006701,0.389306,-12.206936,123.733727,21.073011,0.370431,-0.462106,0.405438,-0.696318,-25.370800,127.147308,7.274589,0.447529,-0.475799,0.336697,-0.678210,-18.898293,103.103378,-1.822789,0.522065,-0.477926,0.258855,-0.657289,-11.898924,83.829185,-9.335777,-0.024828,0.875483,-0.083745,0.475289,-7.347468,123.461594,26.710964,0.581811,0.810268,0.056024,0.042695,3.249270,125.846077,42.753399,0.536610,0.807275,0.228652,0.089861,11.715046,100.724663,42.859390,0.513380,0.751904,0.391516,0.133404,20.667372,80.809921,40.657963,0.072270,0.880869,0.180948,0.431399,-10.379462,84.458122,11.278878,0.091627,0.930327,-0.010432,0.354948,-9.352842,51.519741,-2.306698,-0.043621,0.934056,0.016092,0.354088,-17.351604,7.320333,-4.358663,-0.124982,0.886238,-0.047361,0.443530,0.964626,84.008430,26.060789,-0.016257,0.889780,-0.155172,0.428892,7.363418,49.637020,33.004875,-0.042819,0.882470,0.003726,0.468401,2.679307,6.861916,46.048210,-0.043621,0.934056,0.016092,0.354088,-7.561872,2.141060,-14.820017,-0.042819,0.882470,0.003726,0.468401,14.710137,1.479434,38.406769
174,1.450000,0.008834,0.896454,0.010641,0.442921,-4.719020,84.237274,18.596741,-0.058069,0.895050,0.133397,0.421568,-4.670017,91.876152,18.802334,0.004477,0.908094,0.034652,0.417307,-8.704043,109.726952,22.340792,0.114575,0.936306,-0.054054,0.327539,-9.124097,129.881363,23.687801,0.042989,0.970283,-0.116579,0.207637,-4.393284,143.534027,21.856781,0.093252,0.916120,0.006809,0.389849,-12.227077,123.729134,21.020983,0.369075,-0.462400,0.405214,-0.696974,-25.374847,127.142159,7.207089,0.446044,-0.476651,0.336807,-0.678535,-18.907084,103.119911,-1.950750,0.521084,-0.478333,0.259158,-0.657652,-11.948572,83.857956,-9.513082,-0.024590,0.875106,-0.083509,0.476037,-7.373338,123.453163,26.663679,0.581991,0.810027,0.057624,0.042688,3.196298,125.827263,42.725517,0.536978,0.806863,0.229547,0.089081,11.651037,100.701973,42.780773,0.518221,0.748788,0.391919,0.131009,20.581802,80.811371,40.527924,0.072436,0.880784,0.179555,0.432126,-10.380350,84.472725,11.197904,0.091307,0.929626,-0.010591,0.356857,-9.397289,51.500275,-2.308018,-0.044198,0.933902,0.016636,0.354396,-17.370457,7.295900,-4.352774,-0.125295,0.885619,-0.047283,0.444684,0.942310,84.001831,25.995577,-0.016648,0.889445,-0.155562,0.429431,7.353936,49.635479,32.952862,-0.042909,0.882424,0.003250,0.468483,2.678052,6.872439,46.038620,-0.044198,0.933902,0.016636,0.354396,-7.566283,2.137667,-14.810994,-0.042909,0.882424,0.003250,0.468483,14.709093,1.479527,38.404873
175,1.458333,0.009287,0.896021,0.010721,0.443785,-4.723760,84.237930,18.517653,-0.058124,0.894609,0.134205,0.422238,-4.669298,91.876663,18.727451,0.004347,0.907786,0.034871,0.417960,-8.720798,109.721481,22.288815,0.114129,0.936180,-0.053711,0.328112,-9.150245,129.875320,23.641335,0.043270,0.970132,-0.116719,0.208203,-4.432188,143.533508,21.818724,0.092985,0.915821,0.007679,0.390597,-12.247071,123.722771,20.968136,0.367872,-0.462891,0.404961,-0.697430,-25.374147,127.138588,7.135271,0.444630,-0.477419,0.336903,-0.678875,-18.919621,103.135803,-2.082714,0.519428,-0.479291,0.259133,-0.658275,-11.999887,83.891586,-9.689489,-0.024350,0.874643,-0.083489,0.476903,-7.401445,123.446869,26.617804,0.582047,0.809905,0.059016,0.042334,3.136665,125.814857,42.701252,0.537987,0.805876,0.230828,0.088610,11.589513,100.688866,42.697868,0.515618,0.749909,0.393485,0.130173,20.492580,80.749306,40.379951,0.072680,0.880516,0.177968,0.433286,-10.370652,84.481697,11.108062,0.091043,0.928934,-0.010739,0.358717,-9.435659,51.471306,-2.308303,-0.044458,0.933752,0.017568,0.354715,-17.387585,7.262874,-4.348085,-0.125541,0.885017,-0.047347,0.445806,0.923133,83.994171,25.927242,-0.017023,0.889079,-0.155842,0.430073,7.339096,49.632652,32.904388,-0.043009,0.882275,0.002851,0.468757,2.672828,6.878572,46.022842,-0.044458,0.933752,0.017568,0.354715,-7.570932,2.132550,-14.808329,-0.043009,0.882275,0.002851,0.468757,14.707888,1.477537,38.401176
176,1.466667,0.009706,0.895937,0.011009,0.443939,-4.727311,84.244850,18.467888,-0.058335,0.894352,0.134297,0.422724,-4.669097,91.883354,18.684494,0.004240,0.907507,0.035171,0.418541,-8.729394,109.719513,22.241898,0.113894,0.935991,-0.053223,0.328809,-9.168732,129.872559,23.603313,0.043162,0.969929,-0.117131,0.208939,-4.458751,143.535538,21.795761,0.092652,0.915453,0.008775,0.391516,-12.259605,123.719994,20.923216,0.366756,-0.463737,0.404735,-0.697587,-25.361221,127.139580,7.067157,0.443620,-0.477931,0.336996,-0.679130,-18.938562,103.152718,-2.214329,0.517986,-0.480348,0.259532,-0.658483,-12.045382,83.920067,-9.851881,-0.024398,0.874293,-0.083131,0.477604,-7.421198,123.443398,26.579035,0.582819,0.809304,0.060020,0.041798,3.090871,125.808319,42.679958,0.537810,0.805733,0.231959,0.088030,11.498431,100.667213,42.618793,0.516031,0.749237,0.394307,0.129917,20.418995,80.728493,40.253651,0.072937,0.880372,0.176851,0.433992,-10.371513,84.498024,11.056563,0.090756,0.928203,-0.010818,0.360675,-9.477523,51.462067,-2.299523,-0.044778,0.933638,0.017915,0.354957,-17.403982,7.249102,-4.340174,-0.125567,0.884866,-0.047430,0.446089,0.916892,83.991669,25.879213,-0.017306,0.888804,-0.156081,0.430543,7.329553,49.631184,32.864452,-0.043314,0.882163,0.002366,0.468942,2.669652,6.884682,46.009815,-0.044778,0.933638,0.017915,0.354957,-7.577632,2.131759,-14.797669,-0.043314,0.882163,0.002366,0.468942,14.708834,1.476177,38.399971
177,1.475000,0.009943,0.895740,0.011198,0.444326,-4.723272,84.254501,18.417473,-0.058521,0.894051,0.134540,0.423258,-4.663195,91.892883,18.638294,0.004130,0.907224,0.035535,0.419123,-8.734238,109.720184,22.197084,0.113429,0.935851,-0.053029,0.329400,-9.184649,129.872208,23.569702,0.043236,0.969759,-0.117237,0.209650,-4.486565,143.539871,21.766508,0.092304,0.915195,0.009267,0.392189,-12.269182,123.719803,20.881977,0.365333,-0.463892,0.404757,-0.698218,-25.352871,127.133820,7.007632,0.441930,-0.478752,0.337233,-0.679536,-18.938757,103.164604,-2.325209,0.516513,-0.481011,0.259709,-0.659085,-12.090778,83.949509,-10.011341,-0.024252,0.873729,-0.083131,0.478643,-7.438032,123.442123,26.543940,0.583430,0.808781,0.061435,0.041337,3.035829,125.804924,42.670052,0.537942,0.805451,0.232854,0.087444,11.407634,100.652145,42.542259,0.520440,0.746161,0.394907,0.128195,20.320248,80.731880,40.134476,0.073214,0.880213,0.175503,0.434814,-10.360975,84.513245,11.001396,0.090574,0.927430,-0.010873,0.362701,-9.514947,51.446289,-2.280919,-0.045097,0.933498,0.018454,0.355258,-17.423672,7.230461,-4.328311,-0.125594,0.884608,-0.047548,0.446580,0.914430,83.995766,25.833549,-0.017529,0.888567,-0.156288,0.430946,7.321071,49.636562,32.830612,-0.043130,0.882041,0.002117,0.469190,2.664951,6.896591,45.998554,-0.045097,0.933498,0.018454,0.355258,-7.585784,2.131233,-14.783803,-0.043130,0.882041,0.002117,0.469190,14.705512,1.479627,38.396915
178,1.483333,0.010250,0.895344,0.011403,0.445112,-4.713952,84.269104,18.364569,-0.058887,0.893709,0.135062,0.423763,-4.651266,91.907310,18.590334,0.004167,0.907022,0.035869,0.419532,-8.743578,109.723595,22.157057,0.112982,0.935783,-0.052454,0.329840,-9.198912,129.874664,23.542301,0.043232,0.969607,-0.117680,0.210107,-4.516169,143.549377,21.752789,0.092168,0.914865,0.009414,0.392986,-12.279873,123.723412,20.847786,0.363874,-0.463473,0.404876,-0.699188,-25.340267,127.133965,6.950648,0.440077,-0.479995,0.337710,-0.679624,-18.910715,103.183456,-2.419521,0.515517,-0.481633,0.259716,-0.659409,-12.131305,83.975021,-10.159513,-0.024016,0.873335,-0.083131,0.479372,-7.453837,123.442963,26.513973,0.583804,0.808414,0.062774,0.041229,2.993389,125.799736,42.658234,0.538492,0.804701,0.234290,0.087124,11.342549,100.639725,42.482349,0.516928,0.747833,0.396372,0.128139,20.243475,80.688919,40.017502,0.073667,0.879770,0.173738,0.436341,-10.338513,84.534744,10.938764,0.090412,0.927026,-0.010616,0.363780,-9.554434,51.428593,-2.249359,-0.045449,0.933364,0.019169,0.355527,-17.438974,7.209629,-4.322092,-0.125621,0.884506,-0.047742,0.446753,0.910609,84.003456,25.790375,-0.017829,0.888285,-0.156417,0.431469,7.311280,49.646046,32.801693,-0.042291,0.881903,0.002403,0.469523,2.666340,6.910655,45.988403,-0.045449,0.933364,0.019169,0.355527,-7.589428,2.133551,-14.777875,-0.042291,0.881903,0.002403,0.469523,14.705629,1.489275,38.387901
179,1.491667,0.010775,0.895130,0.011247,0.445534,-4.714185,84.278145,18.331310,-0.059091,0.893438,0.135298,0.424230,-4.643363,91.916245,18.558546,0.004037,0.906788,0.036138,0.420017,-8.747374,109.726715,22.127008,0.112977,0.935606,-0.051920,0.330426,-9.212787,129.877045,23.519646,0.042818,0.969460,-0.118195,0.210578,-4.532901,143.555054,21.747950,0.091842,0.914550,0.010026,0.393780,-12.288201,123.725548,20.819374,0.362965,-0.464109,0.404575,-0.699413,-25.326717,127.133057,6.900957,0.439035,-0.480616,0.337772,-0.679828,-18.915504,103.198990,-2.523633,0.514120,-0.482558,0.259920,-0.659742,-12.165225,83.999313,-10.298973,-0.023728,0.872994,-0.083177,0.480000,-7.468206,123.444916,26.490694,0.584220,0.808034,0.063812,0.041198,2.956225,125.794518,42.650734,0.538847,0.804112,0.235764,0.086393,11.279770,100.626282,42.439133,0.520695,0.744838,0.397212,0.127733,20.158588,80.703201,39.910713,0.073689,0.879595,0.172552,0.437160,-10.331538,84.551308,10.900320,0.090451,0.926609,-0.010403,0.364838,-9.574710,51.416130,-2.216308,-0.045645,0.933228,0.019524,0.355839,-17.453146,7.197398,-4.317097,-0.125713,0.884518,-0.047922,0.446685,0.903169,84.004990,25.762302,-0.017951,0.888199,-0.156481,0.431617,7.304239,49.650452,32.787342,-0.042424,0.881842,0.002208,0.469628,2.664275,6.917259,45.982952,-0.045645,0.933228,0.019524,0.355839,-7.593627,2.133238,-14.769265,-0.042424,0.881842,0.002208,0.469628,14.705832,1.493050,38.388054
180,1.500000,0.010694,0.895033,0.011129,0.445733,-4.707196,84.288307,18.319046,-0.059357,0.893266,0.135174,0.424595,-4.636728,91.926468,18.544132,0.003847,0.906580,0.036319,0.420451,-8.747169,109.728767,22.100965,0.112203,0.935529,-0.051515,0.330971,-9.223298,129.878616,23.496786,0.042777,0.969265,-0.118552,0.211285,-4.565509,143.565018,21.731705,0.091538,0.914254,0.010621,0.394522,-12.293215,123.726189,20.792398,0.362174,-0.464831,0.404107,-0.699614,-25.311237,127.131256,6.854217,0.438249,-0.481261,0.337808,-0.679862,-18.915537,103.215836,-2.628065,0.513038,-0.483501,0.260125,-0.659813,-12.195730,84.025612,-10.431316,-0.023580,0.872511,-0.083280,0.480867,-7.478637,123.446777,26.468376,0.585179,0.807338,0.064389,0.040322,2.913786,125.795654,42.649120,0.538928,0.803944,0.236395,0.085721,11.181639,100.609650,42.377380,0.517753,0.746555,0.397952,0.127362,20.079353,80.652687,39.803692,0.073995,0.879467,0.171668,0.437713,-10.321272,84.559158,10.885498,0.090295,0.926201,-0.010189,0.365917,-9.603743,51.405479,-2.186526,-0.045765,0.933198,0.019931,0.355878,-17.459835,7.183817,-4.309143,-0.125581,0.884642,-0.047958,0.446474,0.906879,84.017456,25.752596,-0.018060,0.888110,-0.156516,0.431784,7.300308,49.660805,32.774231,-0.042597,0.881795,0.001668,0.469703,2.665256,6.928945,45.975876,-0.045765,0.933198,0.019931,0.355878,-7.597077,2.131820,-14.764136,-0.042597,0.881795,0.001668,0.469703,14.707433,1.493934,38.389694
181,1.508333,0.011164,0.894640,0.010865,0.446516,-4.703957,84.293869,18.298222,-0.059537,0.892942,0.135275,0.425217,-4.625460,91.931961,18.522966,0.003612,0.906302,0.036510,0.421035,-8.746414,109.734596,22.077736,0.112451,0.935250,-0.051285,0.331711,-9.235288,129.883957,23.476246,0.042080,0.969114,-0.118883,0.211930,-4.570530,143.569687,21.724314,0.091370,0.914086,0.010655,0.394950,-12.298324,123.730316,20.766825,0.361542,-0.465173,0.403524,-0.700050,-25.304443,127.129532,6.816109,0.437249,-0.482125,0.338009,-0.679793,-18.900612,103.235420,-2.714308,0.511841,-0.484334,0.260207,-0.660100,-12.223597,84.046516,-10.551870,-0.023411,0.872056,-0.083302,0.481696,-7.491040,123.452568,26.449064,0.585466,0.807043,0.065525,0.040228,2.870762,125.798401,42.649876,0.539271,0.803323,0.237807,0.085479,11.121189,100.607155,42.337234,0.519847,0.744425,0.399314,0.127041,20.003704,80.651672,39.715820,0.074193,0.879220,0.170474,0.438642,-10.304819,84.570435,10.854923,0.090272,0.925932,-0.009881,0.366612,-9.624345,51.389740,-2.150359,-0.045795,0.933137,0.020445,0.356007,-17.466789,7.167154,-4.303770,-0.125686,0.884694,-0.048062,0.446330,0.896906,84.017296,25.741520,-0.018102,0.888139,-0.156470,0.431739,7.294564,49.663235,32.771961,-0.042366,0.881763,0.001720,0.469783,2.665269,6.930211,45.971874,-0.045795,0.933137,0.020445,0.356007,-7.599400,2.129295,-14.761212,-0.042366,0.881763,0.001720,0.469783,14.706768,1.493308,38.385967
182,1.516667,0.011171,0.894572,0.010554,0.446660,-4.696826,84.298370,18.302933,-0.059719,0.892804,0.134908,0.425598,-4.616135,91.936562,18.523491,0.003259,0.906074,0.036730,0.421509,-8.737949,109.737816,22.060791,0.112120,0.935087,-0.051101,0.332310,-9.244200,129.886612,23.461065,0.041680,0.968958,-0.119114,0.212591,-4.587759,143.575867,21.714529,0.091105,0.913811,0.011087,0.395635,-12.299462,123.730873,20.747639,0.360744,-0.465305,0.403325,-0.700488,-25.286461,127.126656,6.778297,0.436232,-0.483113,0.337960,-0.679770,-18.880636,103.247711,-2.788705,0.510960,-0.485412,0.259833,-0.660137,-12.245409,84.068069,-10.668923,-0.023350,0.871711,-0.083269,0.482330,-7.498097,123.456261,26.435030,0.585917,0.806637,0.066460,0.040269,2.840149,125.801147,42.651012,0.539396,0.803007,0.238824,0.084829,11.062416,100.601074,42.308609,0.522103,0.742724,0.399797,0.126224,19.934387,80.672997,39.640450,0.074415,0.879018,0.169780,0.439277,-10.295288,84.572502,10.857740,0.090353,0.925238,-0.009758,0.368343,-9.641659,51.377319,-2.111895,-0.045762,0.932996,0.020806,0.356358,-17.482744,7.155838,-4.292859,-0.125576,0.884781,-0.048133,0.446179,0.901635,84.024246,25.748125,-0.018064,0.888244,-0.156370,0.431560,7.291450,49.668709,32.778484,-0.042408,0.881730,0.001588,0.469841,2.665780,6.932741,45.970093,-0.045762,0.932996,0.020806,0.356358,-7.606844,2.127579,-14.746883,-0.042408,0.881730,0.001588,0.469841,14.708121,1.493230,38.387405
183,1.525000,0.011158,0.894234,0.010507,0.447337,-4.677600,84.308365,18.300238,-0.060226,0.892496,0.134849,0.426192,-4.596942,91.946579,18.520126,0.003278,0.905808,0.036835,0.422071,-8.736979,109.746300,22.044586,0.112176,0.934881,-0.050555,0.332954,-9.245206,129.894791,23.448715,0.040982,0.968835,-0.119491,0.213075,-4.590033,143.586884,21.721231,0.090870,0.913630,0.011316,0.396100,-12.297029,123.739624,20.730133,0.360526,-0.465894,0.402645,-0.700601,-25.271421,127.130150,6.747797,0.435715,-0.484026,0.337943,-0.679460,-18.865582,103.268204,-2.861533,0.510313,-0.486058,0.259562,-0.660270,-12.268009,84.086388,-10.770484,-0.023206,0.871372,-0.083309,0.482942,-7.502716,123.463783,26.423412,0.586296,0.806309,0.067128,0.040210,2.812904,125.806213,42.654163,0.539834,0.802468,0.239813,0.084342,11.011851,100.598907,42.286472,0.523360,0.741422,0.400794,0.125510,19.867086,80.668594,39.570904,0.074673,0.878948,0.168731,0.439777,-10.264785,84.581947,10.846556,0.090456,0.925081,-0.009341,0.368722,-9.653818,51.364201,-2.067267,-0.045847,0.932953,0.021202,0.356437,-17.488670,7.143670,-4.289553,-0.125430,0.884752,-0.048300,0.446261,0.909584,84.034790,25.753922,-0.018093,0.888202,-0.156200,0.431708,7.284336,49.677780,32.790775,-0.042358,0.881723,0.001513,0.469859,2.665396,6.937134,45.969593,-0.045847,0.932953,0.021202,0.356437,-7.609023,2.126963,-14.745591,-0.042358,0.881723,0.001513,0.469859,14.707220,1.495103,38.387882
184,1.533333,0.010993,0.894025,0.010447,0.447760,-4.660588,84.315094,18.313690,-0.060719,0.892257,0.134571,0.426710,-4.581876,91.953384,18.531660,0.003293,0.905555,0.036808,0.422616,-8.735826,109.753166,22.036604,0.111993,0.934712,-0.050254,0.333537,-9.243889,129.901733,23.439709,0.040368,0.968732,-0.119621,0.213586,-4.594273,143.596954,21.722069,0.090682,0.913310,0.011639,0.396870,-12.293013,123.746788,20.717590,0.359864,-0.465746,0.402719,-0.700996,-25.245083,127.134834,6.713970,0.434643,-0.484787,0.338045,-0.679554,-18.835119,103.280846,-2.912350,0.509044,-0.487184,0.259185,-0.660568,-12.272845,84.103416,-10.859391,-0.023112,0.870942,-0.083530,0.483683,-7.505559,123.470642,26.416630,0.586651,0.805968,0.067985,0.040418,2.782477,125.816048,42.664452,0.540330,0.802007,0.240487,0.083624,10.958452,100.601578,42.277016,0.523242,0.741573,0.401029,0.124348,19.798168,80.663643,39.512321,0.074804,0.878862,0.168005,0.440204,-10.240780,84.585457,10.854651,0.090666,0.925113,-0.008857,0.368601,-9.655161,51.351677,-2.019042,-0.046035,0.932882,0.021529,0.356580,-17.491579,7.133773,-4.287586,-0.125290,0.884662,-0.048449,0.446462,0.919604,84.044739,25.772726,-0.018002,0.888350,-0.155958,0.431495,7.279262,49.686241,32.815983,-0.042412,0.881732,0.001547,0.469839,2.665648,6.938508,45.973675,-0.046035,0.932882,0.021529,0.356580,-7.605916,2.127978,-14.743172,-0.042412,0.881732,0.001547,0.469839,14.707807,1.498055,38.391365
185,1.541667,0.010784,0.893859,0.010326,0.448100,-4.643080,84.320923,18.337143,-0.061242,0.892029,0.134178,0.427236,-4.566468,91.959320,18.552059,0.003175,0.905278,0.036835,0.423208,-8.733470,109.759903,22.033115,0.111344,0.934564,-0.050529,0.334126,-9.247225,129.908417,23.434860,0.040087,0.968598,-0.119413,0.214365,-4.610207,143.606644,21.707224,0.090467,0.913012,0.011886,0.397598,-12.291586,123.752800,20.708942,0.359489,-0.465673,0.402643,-0.701281,-25.222742,127.136322,6.684923,0.433981,-0.485659,0.337812,-0.679470,-18.805912,103.289749,-2.955174,0.508609,-0.488101,0.258647,-0.660436,-12.275555,84.123459,-10.938084,-0.023145,0.870753,-0.083438,0.484036,-7.511588,123.477760,26.414284,0.587174,0.805594,0.067989,0.040285,2.763124,125.823524,42.670479,0.540436,0.801845,0.241013,0.082986,10.907125,100.598839,42.274525,0.523818,0.740996,0.401497,0.123853,19.747290,80.664093,39.472897,0.074860,0.878823,0.167526,0.440455,-10.217684,84.586830,10.873771,0.090930,0.925044,-0.008526,0.368718,-9.647445,51.342190,-1.972538,-0.046155,0.932902,0.021800,0.356495,-17.494425,7.128090,-4.278410,-0.125153,0.884496,-0.048588,0.446814,0.931525,84.055023,25.800514,-0.017889,0.888383,-0.155627,0.431550,7.275405,49.695049,32.850777,-0.042234,0.881737,0.001845,0.469844,2.664940,6.937665,45.978188,-0.046155,0.932902,0.021800,0.356495,-7.608690,2.130724,-14.737955,-0.042234,0.881737,0.001845,0.469844,14.706733,1.502031,38.391842
186,1.550000,0.010423,0.893732,0.010227,0.448364,-4.617352,84.325783,18.368530,-0.061847,0.891801,0.133789,0.427747,-4.545054,91.964325,18.579649,0.003054,0.904995,0.036770,0.423818,-8.728101,109.766602,22.035997,0.111613,0.934314,-0.050280,0.334772,-9.246135,129.915344,23.432930,0.039277,0.968522,-0.119540,0.214784,-4.602151,143.612885,21.718576,0.090127,0.912654,0.012235,0.398486,-12.286077,123.758804,20.704153,0.359602,-0.466546,0.402294,-0.700843,-25.192230,127.134850,6.655322,0.434300,-0.485906,0.337215,-0.679385,-18.803669,103.291145,-3.010611,0.508271,-0.489250,0.258319,-0.659975,-12.267423,84.135818,-11.004188,-0.023027,0.870376,-0.083765,0.484664,-7.513771,123.485497,26.416012,0.587411,0.805380,0.068466,0.040306,2.737591,125.835129,42.686386,0.540648,0.801559,0.241614,0.082610,10.866739,100.605904,42.275162,0.524025,0.740664,0.401991,0.123356,19.700632,80.669746,39.442337,0.075098,0.878736,0.167011,0.440784,-10.187693,84.584877,10.901736,0.091187,0.924976,-0.008063,0.368836,-9.644146,51.330494,-1.920480,-0.046062,0.932828,0.022174,0.356678,-17.496706,7.119915,-4.274343,-0.124882,0.884332,-0.048828,0.447188,0.952989,84.066689,25.835323,-0.017762,0.888443,-0.155200,0.431586,7.269394,49.703564,32.894878,-0.042346,0.881732,0.002043,0.469842,2.664897,6.933835,45.984108,-0.046062,0.932828,0.022174,0.356678,-7.606784,2.131675,-14.734286,-0.042346,0.881732,0.002043,0.469842,14.708670,1.504682,38.396271
187,1.558333,0.010066,0.893600,0.009872,0.448643,-4.594824,84.326973,18.410524,-0.062352,0.891605,0.133281,0.428239,-4.525035,91.965736,18.614368,0.002900,0.904727,0.036588,0.424409,-8.718775,109.770798,22.043673,0.111657,0.934041,-0.050808,0.335438,-9.240206,129.920120,23.430977,0.038470,0.968442,-0.119099,0.215537,-4.588071,143.613708,21.707199,0.090085,0.912386,0.012224,0.399108,-12.276100,123.762131,20.700964,0.358992,-0.465784,0.402615,-0.701477,-25.163321,127.135887,6.634202,0.433184,-0.486869,0.337325,-0.679354,-18.750826,103.296295,-3.026035,0.507786,-0.490111,0.258131,-0.659782,-12.258923,84.144676,-11.061304,-0.022850,0.869806,-0.084360,0.485592,-7.511240,123.491730,26.419178,0.587528,0.805245,0.069050,0.040304,2.705560,125.849068,42.710167,0.540894,0.801239,0.242216,0.082347,10.827450,100.617813,42.279976,0.524440,0.740100,0.402747,0.122513,19.654655,80.674309,39.418812,0.075480,0.878597,0.166697,0.441114,-10.160640,84.577171,10.940049,0.091370,0.924653,-0.007753,0.369605,-9.646200,51.319431,-1.874658,-0.046255,0.932787,0.022389,0.356746,-17.501568,7.111418,-4.266984,-0.124490,0.884384,-0.049083,0.447166,0.970992,84.076767,25.880999,-0.017783,0.888384,-0.154690,0.431890,7.255101,49.708450,32.944107,-0.042137,0.881802,0.002532,0.469726,2.667772,6.924600,45.993137,-0.046255,0.932787,0.022389,0.356746,-7.607579,2.131104,-14.726864,-0.042137,0.881802,0.002532,0.469726,14.709638,1.504439,38.395840
188,1.566667,0.009599,0.893516,0.009439,0.448829,-4.564799,84.325790,18.462477,-0.063101,0.891431,0.132825,0.428632,-4.498464,91.964821,18.657221,0.002859,0.904507,0.036340,0.424898,-8.711353,109.771057,22.057728,0.111613,0.933839,-0.050900,0.336000,-9.230805,129.921112,23.435007,0.037699,0.968367,-0.118952,0.216087,-4.577122,143.614258,21.711864,0.089851,0.912109,0.012293,0.399790,-12.264829,123.762367,20.704636,0.358595,-0.465828,0.402665,-0.701623,-25.132555,127.128258,6.618172,0.432850,-0.487137,0.337169,-0.679452,-18.724369,103.292679,-3.054789,0.507487,-0.490640,0.257864,-0.659724,-12.241478,84.152893,-11.105112,-0.022748,0.869452,-0.084802,0.486152,-7.506151,123.493835,26.428080,0.587769,0.805044,0.069263,0.040429,2.689714,125.857628,42.731236,0.541060,0.801082,0.242523,0.081883,10.796048,100.621429,42.298424,0.525704,0.739220,0.403068,0.121350,19.618439,80.680267,39.411320,0.075900,0.878508,0.166638,0.441241,-10.127665,84.564606,10.989436,0.091583,0.924576,-0.007411,0.369753,-9.639422,51.309990,-1.834394,-0.046110,0.932796,0.022592,0.356728,-17.500601,7.105014,-4.263483,-0.123933,0.884204,-0.049195,0.447665,0.998066,84.086975,25.935516,-0.017783,0.888340,-0.154194,0.432158,7.240156,49.709572,32.991669,-0.042282,0.881840,0.002873,0.469640,2.668328,6.911931,46.000854,-0.046110,0.932796,0.022592,0.356728,-7.607920,2.128485,-14.726393,-0.042282,0.881840,0.002873,0.469640,14.711658,1.502157,38.398479
189,1.575000,0.009154,0.893443,0.008992,0.448993,-4.540758,84.325806,18.520552,-0.063636,0.891297,0.132242,0.429013,-4.477468,91.965088,18.706156,0.002662,0.904288,0.036100,0.425385,-8.701043,109.777412,22.077740,0.111673,0.933606,-0.051232,0.336578,-9.224288,129.928223,23.442593,0.036946,0.968294,-0.118695,0.216687,-4.564098,143.618591,21.714876,0.089758,0.911839,0.012167,0.400432,-12.254656,123.767509,20.712570,0.358090,-0.465552,0.402885,-0.701938,-25.103140,127.127541,6.607154,0.432315,-0.487342,0.337254,-0.679604,-18.690712,103.294777,-3.069958,0.506965,-0.490916,0.257190,-0.660182,-12.217164,84.152306,-11.138106,-0.022599,0.869121,-0.085225,0.486677,-7.502134,123.502899,26.441311,0.587983,0.804899,0.069152,0.040394,2.674227,125.871040,42.756020,0.541370,0.800949,0.242464,0.081308,10.767344,100.630569,42.324055,0.526025,0.739221,0.402908,0.120479,19.581493,80.682518,39.413521,0.076239,0.878424,0.166726,0.441319,-10.101037,84.553490,11.045240,0.091685,0.924482,-0.007170,0.369968,-9.629890,51.304626,-1.794153,-0.046113,0.932913,0.022802,0.356407,-17.490871,7.101006,-4.248447,-0.123570,0.884124,-0.049203,0.447923,1.019522,84.098122,25.995863,-0.017583,0.888539,-0.153733,0.431922,7.236823,49.714367,33.042961,-0.042133,0.881915,0.003269,0.469510,2.670479,6.903317,46.009888,-0.046113,0.932913,0.022802,0.356407,-7.604731,2.129763,-14.720053,-0.042133,0.881915,0.003269,0.469510,14.711830,1.501095,38.399021
190,1.583333,0.008603,0.893549,0.008517,0.448803,-4.516180,84.326645,18.592558,-0.064201,0.891228,0.131415,0.429326,-4.457119,91.966209,18.767883,0.002502,0.904063,0.035856,0.425885,-8.686744,109.780357,22.101233,0.111179,0.933451,-0.051740,0.337093,-9.212388,129.931900,23.454121,0.036437,0.968208,-0.118307,0.217367,-4.558803,143.622589,21.711264,0.089553,0.911556,0.012244,0.401120,-12.239462,123.769524,20.724228,0.357647,-0.465380,0.403078,-0.702167,-25.068008,127.122864,6.599088,0.431979,-0.487409,0.337262,-0.679766,-18.655313,103.292213,-3.083031,0.506891,-0.490919,0.256989,-0.660316,-12.186047,84.156570,-11.159866,-0.022742,0.868746,-0.085497,0.487292,-7.493267,123.508362,26.458370,0.588215,0.804735,0.069056,0.040442,2.659623,125.888184,42.785999,0.541373,0.800925,0.242680,0.080869,10.738068,100.642952,42.357895,0.526515,0.738928,0.402856,0.120309,19.559578,80.689323,39.425163,0.076443,0.878417,0.167046,0.441175,-10.079816,84.541168,11.119355,0.092076,0.924437,-0.006753,0.369990,-9.613018,51.302147,-1.745664,-0.045891,0.932886,0.022817,0.356507,-17.492252,7.104463,-4.247879,-0.123216,0.884167,-0.049112,0.447945,1.047457,84.112129,26.065762,-0.017240,0.888701,-0.153322,0.431747,7.245705,49.721527,33.096184,-0.042165,0.881964,0.003568,0.469413,2.670587,6.898064,46.018951,-0.045891,0.932886,0.022817,0.356507,-7.606095,2.131269,-14.718541,-0.042165,0.881964,0.003568,0.469413,14.711893,1.503569,38.402534
191,1.591667,0.008174,0.893492,0.008126,0.448931,-4.489308,84.332718,18.660130,-0.064514,0.891114,0.130916,0.429669,-4.433449,91.972488,18.827181,0.002140,0.903851,0.035515,0.426365,-8.665080,109.782516,22.136196,0.111401,0.933199,-0.052110,0.337660,-9.198771,129.935120,23.470165,0.035565,0.968162,-0.118056,0.217855,-4.534103,143.621521,21.723261,0.089292,0.911366,0.012145,0.401611,-12.220899,123.769257,20.742643,0.357170,-0.465219,0.403208,-0.702442,-25.035965,127.111420,6.602621,0.431606,-0.487127,0.337369,-0.680151,-18.620888,103.284882,-3.088035,0.506582,-0.490669,0.257276,-0.660626,-12.143623,84.156021,-11.167129,-0.022784,0.868489,-0.085983,0.487663,-7.480770,123.514870,26.482105,0.588553,0.804512,0.068763,0.040482,2.658051,125.906265,42.816780,0.541474,0.800848,0.242778,0.080663,10.715277,100.654099,42.397781,0.526723,0.738652,0.403195,0.119956,19.534479,80.698296,39.453758,0.076580,0.878484,0.166947,0.441055,-10.050945,84.536827,11.185146,0.092450,0.924645,-0.006077,0.369390,-9.597633,51.296963,-1.678153,-0.045796,0.932920,0.022970,0.356421,-17.486902,7.104712,-4.243899,-0.122862,0.884092,-0.049063,0.448195,1.072329,84.128609,26.135115,-0.016921,0.888948,-0.152837,0.431423,7.248311,49.731445,33.153046,-0.042064,0.881998,0.003912,0.469356,2.671338,6.893656,46.027584,-0.045796,0.932920,0.022970,0.356421,-7.603217,2.134433,-14.718279,-0.042064,0.881998,0.003912,0.469356,14.712191,1.506193,38.405464
192,1.600000,0.007535,0.893473,0.007816,0.448986,-4.456501,84.334419,18.732861,-0.065025,0.890965,0.130574,0.430004,-4.407241,91.974426,18.891302,0.001970,0.903634,0.035092,0.426862,-8.651823,109.786247,22.179480,0.111297,0.932983,-0.052771,0.338188,-9.185152,129.940079,23.494793,0.034884,0.968092,-0.117787,0.218422,-4.515432,143.622803,21.732689,0.088826,0.911096,0.012021,0.402331,-12.204851,123.772049,20.769495,0.356455,-0.464778,0.403638,-0.702850,-25.000719,127.095207,6.607619,0.431152,-0.486578,0.337555,-0.680739,-18.582287,103.269890,-3.083808,0.506372,-0.490244,0.257750,-0.660919,-12.089219,84.152641,-11.159798,-0.023111,0.868354,-0.086259,0.487838,-7.471027,123.522392,26.514370,0.588866,0.804281,0.068668,0.040662,2.660597,125.930489,42.851067,0.541483,0.800832,0.242815,0.080662,10.697500,100.671700,42.441093,0.527119,0.738345,0.403306,0.119735,19.519045,80.709663,39.495087,0.076886,0.878455,0.166974,0.441050,-10.017398,84.525314,11.256976,0.092717,0.924896,-0.005446,0.368703,-9.582334,51.289429,-1.617240,-0.045780,0.933024,0.023191,0.356136,-17.474607,7.100969,-4.238464,-0.122575,0.884334,-0.049190,0.447783,1.104398,84.143532,26.208746,-0.016426,0.889201,-0.152286,0.431116,7.261716,49.742229,33.222778,-0.041875,0.882040,0.004445,0.469289,2.671166,6.887832,46.037079,-0.045780,0.933024,0.023191,0.356136,-7.596837,2.136111,-14.720991,-0.041875,0.882040,0.004445,0.469289,14.711332,1.510815,38.406506
193,1.608333,0.007058,0.893604,0.007113,0.448744,-4.432391,84.323845,18.821609,-0.065470,0.890984,0.129640,0.430180,-4.384782,91.964111,18.967165,0.001630,0.903480,0.034657,0.427224,-8.630880,109.786247,22.217535,0.111259,0.932796,-0.053206,0.338646,-9.169675,129.941360,23.510914,0.034268,0.968041,-0.117454,0.218923,-4.495426,143.621368,21.739803,0.088785,0.910932,0.011734,0.402719,-12.185822,123.769760,20.789761,0.356194,-0.464475,0.403813,-0.703082,-24.969868,127.086617,6.615743,0.431010,-0.486086,0.337661,-0.681128,-18.543976,103.261971,-3.072418,0.506281,-0.489730,0.257941,-0.661294,-12.032434,84.145828,-11.143138,-0.023248,0.868097,-0.086580,0.488233,-7.456590,123.527267,26.538717,0.588974,0.804189,0.068522,0.041169,2.659842,125.947151,42.883080,0.541659,0.800719,0.242786,0.080685,10.687781,100.685120,42.498714,0.525343,0.739647,0.403165,0.119978,19.505600,80.708397,39.550335,0.077001,0.878434,0.167535,0.440860,-9.997463,84.500893,11.348493,0.093205,0.924983,-0.005009,0.368367,-9.554092,51.279633,-1.563136,-0.045554,0.933021,0.023396,0.356158,-17.472977,7.098913,-4.234056,-0.122199,0.884563,-0.048903,0.447465,1.132680,84.146790,26.294725,-0.015991,0.889454,-0.151946,0.430731,7.278584,49.736931,33.276703,-0.041721,0.882115,0.005172,0.469155,2.672009,6.871963,46.049809,-0.045554,0.933021,0.023396,0.356158,-7.596432,2.137038,-14.719151,-0.041721,0.882115,0.005172,0.469155,14.711532,1.510631,38.407196
194,1.616667,0.006394,0.893601,0.006691,0.448767,-4.399054,84.324059,18.904842,-0.065940,0.890924,0.129183,0.430369,-4.357625,91.964554,19.040077,0.001337,0.903345,0.034190,0.427548,-8.612280,109.786728,22.266638,0.111204,0.932616,-0.053766,0.339074,-9.154144,129.943161,23.537760,0.033648,0.967971,-0.117347,0.219386,-4.474795,143.619781,21.753962,0.088391,0.910744,0.011461,0.403239,-12.167681,123.768295,20.821138,0.356225,-0.464404,0.403677,-0.703191,-24.938177,127.066574,6.630583,0.431120,-0.485528,0.337778,-0.681398,-18.503002,103.245232,-3.059535,0.506170,-0.489114,0.258139,-0.661758,-11.972424,84.132996,-11.114268,-0.023383,0.867873,-0.087103,0.488531,-7.442554,123.532547,26.573753,0.589212,0.804058,0.067934,0.041297,2.662362,125.967636,42.922981,0.541627,0.800781,0.242686,0.080581,10.674858,100.700356,42.561253,0.523212,0.741060,0.403207,0.120432,19.500381,80.712502,39.610325,0.077056,0.878484,0.167829,0.440637,-9.963918,84.486511,11.431239,0.093734,0.925258,-0.004405,0.367548,-9.517704,51.272881,-1.499905,-0.045469,0.933092,0.023341,0.355988,-17.462587,7.100540,-4.231586,-0.121693,0.885007,-0.048772,0.446737,1.165810,84.161606,26.378447,-0.015543,0.889866,-0.151539,0.430038,7.290363,49.742023,33.331211,-0.042114,0.882206,0.005088,0.468950,2.673774,6.864670,46.059078,-0.045469,0.933092,0.023341,0.355988,-7.590863,2.136104,-14.720005,-0.042114,0.882206,0.005088,0.468950,14.713231,1.506590,38.414082
195,1.625000,0.005779,0.893601,0.006413,0.448779,-4.360334,84.321846,18.988514,-0.066750,0.890867,0.128743,0.430494,-4.325393,91.962509,19.115744,0.001223,0.903260,0.033682,0.427768,-8.600785,109.786926,22.314495,0.111496,0.932380,-0.054247,0.339550,-9.138346,129.944778,23.564981,0.032896,0.967869,-0.117329,0.219958,-4.445330,143.615829,21.774376,0.087999,0.910485,0.011263,0.403914,-12.152091,123.767899,20.853167,0.356131,-0.463879,0.404078,-0.703355,-24.904165,127.048660,6.641993,0.431026,-0.484994,0.337777,-0.681838,-18.460325,103.221085,-3.027016,0.506244,-0.488452,0.258119,-0.662199,-11.908406,84.117928,-11.075137,-0.023419,0.867607,-0.087680,0.488900,-7.429763,123.536812,26.608267,0.589316,0.804013,0.067426,0.041514,2.661123,125.985062,42.964191,0.541462,0.801107,0.241940,0.080693,10.666194,100.715088,42.627106,0.525396,0.739942,0.402757,0.119297,19.495722,80.733665,39.701878,0.077405,0.878425,0.168080,0.440598,-9.925142,84.471741,11.514606,0.094144,0.925390,-0.003867,0.367118,-9.493047,51.267982,-1.442339,-0.045014,0.933156,0.023406,0.355872,-17.455297,7.102185,-4.228672,-0.121144,0.885238,-0.048662,0.446441,1.204473,84.171944,26.462421,-0.015056,0.890251,-0.151063,0.429425,7.300933,49.742096,33.389015,-0.041973,0.882242,0.005669,0.468888,2.672611,6.850457,46.064396,-0.045014,0.933156,0.023406,0.355872,-7.590592,2.134351,-14.722087,-0.041973,0.882242,0.005669,0.468888,14.712173,1.504725,38.410915
196,1.633333,0.005207,0.893699,0.006047,0.448597,-4.325712,84.317505,19.077688,-0.067534,0.890863,0.128274,0.430521,-4.296053,91.958328,19.195978,0.001201,0.903212,0.033166,0.427909,-8.591221,109.788223,22.367411,0.111465,0.932220,-0.054897,0.339895,-9.120850,129.947479,23.598616,0.032378,0.967764,-0.117353,0.220484,-4.421517,143.614334,21.792707,0.087664,0.910256,0.010809,0.404514,-12.136333,123.769257,20.891766,0.356053,-0.463294,0.404448,-0.703567,-24.871885,127.030579,6.661318,0.431150,-0.484272,0.337690,-0.682317,-18.415134,103.197601,-2.985746,0.506564,-0.487675,0.257900,-0.662611,-11.830760,84.102554,-11.021669,-0.023679,0.867524,-0.087811,0.489010,-7.415811,123.541687,26.648485,0.589176,0.804092,0.067199,0.042325,2.670433,126.001450,43.005550,0.541774,0.800743,0.242318,0.081077,10.680613,100.732574,42.710815,0.522825,0.741432,0.402798,0.121192,19.496288,80.734756,39.784237,0.077791,0.878211,0.168376,0.440843,-9.893680,84.454796,11.605891,0.094537,0.925507,-0.003305,0.366727,-9.472317,51.262409,-1.380512,-0.044807,0.933206,0.023473,0.355764,-17.449608,7.102919,-4.223202,-0.120659,0.885430,-0.048417,0.446219,1.242256,84.180222,26.549486,-0.014654,0.890487,-0.150734,0.429066,7.318345,49.740322,33.443951,-0.041958,0.882415,0.006097,0.468558,2.675736,6.838670,46.080132,-0.044807,0.933206,0.023473,0.355764,-7.589228,2.134495,-14.720403,-0.041958,0.882415,0.006097,0.468558,14.711253,1.502965,38.413315
197,1.641667,0.004604,0.893781,0.005675,0.448445,-4.290785,84.315712,19.166065,-0.068180,0.890849,0.127814,0.430584,-4.266786,91.956696,19.275145,0.001079,0.903138,0.032721,0.428099,-8.575869,109.786118,22.420500,0.111601,0.932044,-0.055351,0.340257,-9.102525,129.946548,23.633286,0.031842,0.967671,-0.117510,0.220884,-4.394253,143.609238,21.819042,0.087420,0.910122,0.010512,0.404876,-12.117955,123.766418,20.930769,0.356060,-0.462707,0.404720,-0.703794,-24.843809,127.014160,6.688544,0.431464,-0.483403,0.337661,-0.682748,-18.369883,103.177116,-2.936918,0.507181,-0.486714,0.258092,-0.662771,-11.746392,84.081329,-10.954127,-0.023980,0.867276,-0.088306,0.489347,-7.399854,123.543236,26.689642,0.589025,0.804206,0.066858,0.042822,2.673054,126.023438,43.051834,0.541587,0.800990,0.241721,0.081668,10.690466,100.756493,42.789753,0.524898,0.740227,0.402399,0.120915,19.507458,80.762825,39.902275,0.077895,0.878414,0.168748,0.440279,-9.861403,84.439842,11.696013,0.094990,0.925888,-0.002595,0.365651,-9.442806,51.257545,-1.316230,-0.044718,0.933293,0.023501,0.355545,-17.437384,7.105398,-4.223660,-0.120317,0.885787,-0.048380,0.445607,1.279832,84.191582,26.636114,-0.014008,0.890878,-0.150230,0.428451,7.340684,49.745548,33.513306,-0.041992,0.882445,0.006539,0.468492,2.674599,6.828585,46.088715,-0.044718,0.933293,0.023501,0.355545,-7.582735,2.136503,-14.726016,-0.041992,0.882445,0.006539,0.468492,14.711239,1.504266,38.415749
198,1.650000,0.003910,0.893886,0.005327,0.448246,-4.251663,84.313797,19.261639,-0.068784,0.890845,0.127344,0.430637,-4.234737,91.954933,19.361204,0.000812,0.903055,0.032247,0.428311,-8.557147,109.788094,22.481539,0.111167,0.931892,-0.056534,0.340621,-9.085629,129.949799,23.672304,0.031682,0.967526,-0.117408,0.221595,-4.376646,143.607773,21.824783,0.087332,0.909919,0.010028,0.405363,-12.099404,123.766563,20.975046,0.356052,-0.461812,0.405400,-0.703994,-24.810568,127.003120,6.717168,0.431510,-0.482765,0.337525,-0.683238,-18.322035,103.153458,-2.867125,0.507690,-0.486069,0.258169,-0.662825,-11.666803,84.062889,-10.878647,-0.024299,0.866972,-0.088655,0.489805,-7.383996,123.549904,26.736376,0.588585,0.804482,0.066979,0.043466,2.670933,126.048729,43.106785,0.541633,0.800930,0.241534,0.082502,10.712831,100.789307,42.870583,0.522746,0.741693,0.402162,0.122038,19.527134,80.774704,40.014542,0.078395,0.878211,0.169124,0.440451,-9.825714,84.423454,11.793923,0.095321,0.926192,-0.001943,0.364798,-9.423380,51.255768,-1.256055,-0.044546,0.933372,0.023496,0.355358,-17.426527,7.109010,-4.221285,-0.119825,0.886152,-0.048291,0.445023,1.322388,84.204140,26.729355,-0.013485,0.891175,-0.149764,0.428015,7.360095,49.749069,33.581551,-0.041927,0.882566,0.007018,0.468264,2.676268,6.818259,46.102970,-0.044546,0.933372,0.023496,0.355358,-7.577824,2.137893,-14.728168,-0.041927,0.882566,0.007018,0.468264,14.710376,1.504694,38.418587
199,1.658333,0.003167,0.894038,0.004972,0.447953,-4.211090,84.312401,19.359964,-0.069504,0.890811,0.126991,0.430695,-4.201849,91.953674,19.449583,0.000569,0.902948,0.031667,0.428581,-8.543207,109.788773,22.546759,0.110985,0.931748,-0.057137,0.340975,-9.070837,129.951996,23.712011,0.031543,0.967411,-0.117649,0.221992,-4.359853,143.607178,21.848995,0.087068,0.909730,0.009650,0.405855,-12.083488,123.765625,21.020691,0.356373,-0.461094,0.405713,-0.704122,-24.780979,126.986465,6.747073,0.432071,-0.481830,0.337420,-0.683595,-18.270760,103.128075,-2.800721,0.508290,-0.485353,0.258073,-0.662927,-11.574587,84.045090,-10.784081,-0.024529,0.866925,-0.089044,0.489806,-7.371520,123.555794,26.785091,0.588545,0.804470,0.066898,0.044352,2.682932,126.069679,43.153496,0.541289,0.801167,0.241181,0.083489,10.723189,100.809395,42.957714,0.523757,0.741070,0.401857,0.122492,19.542933,80.800690,40.150726,0.078527,0.878412,0.169698,0.439805,-9.790137,84.406685,11.895770,0.095873,0.926532,-0.001322,0.363794,-9.387012,51.254356,-1.193123,-0.044276,0.933461,0.023353,0.355168,-17.418537,7.116908,-4.219523,-0.119324,0.886570,-0.048197,0.444334,1.367957,84.218109,26.824158,-0.012870,0.891601,-0.149290,0.427312,7.382953,49.753857,33.650135,-0.042003,0.882662,0.007308,0.468072,2.678088,6.808826,46.114784,-0.044276,0.933461,0.023353,0.355168,-7.577232,2.138838,-14.730046,-0.042003,0.882662,0.007308,0.468072,14.710840,1.503316,38.422714
200,1.666667,0.002593,0.894190,0.004420,0.447657,-4.171003,84.308640,19.458839,-0.070220,0.890922,0.126580,0.430470,-4.165810,91.950035,19.536980,0.000465,0.903033,0.031155,0.428440,-8.523599,109.785400,22.610167,0.110668,0.931699,-0.057653,0.341123,-9.045987,129.949921,23.755058,0.031323,0.967276,-0.117999,0.222423,-4.338034,143.603973,21.876177,0.086772,0.909628,0.009220,0.406157,-12.060996,123.761543,21.071007,0.356755,-0.460385,0.406062,-0.704191,-24.750986,126.964966,6.786797,0.432552,-0.480909,0.337271,-0.684012,-18.221157,103.096130,-2.721441,0.508715,-0.484625,0.257915,-0.663195,-11.480503,84.014252,-10.683737,-0.024644,0.866745,-0.089562,0.490026,-7.347226,123.556450,26.834103,0.588453,0.804577,0.066077,0.044869,2.698664,126.084610,43.205566,0.540789,0.801742,0.240230,0.083941,10.742257,100.825058,43.058033,0.525721,0.740362,0.400330,0.123359,19.569937,80.847397,40.301037,0.078843,0.878596,0.170271,0.439160,-9.755041,84.388718,11.998209,0.096288,0.926767,-0.000713,0.363085,-9.362561,51.253819,-1.135088,-0.044387,0.933546,0.023129,0.354946,-17.410767,7.123435,-4.219651,-0.118852,0.886971,-0.048101,0.443670,1.413036,84.228554,26.919470,-0.012198,0.892094,-0.148786,0.426476,7.406893,49.755627,33.720215,-0.042013,0.882706,0.007749,0.467980,2.679184,6.795573,46.124321,-0.044387,0.933546,0.023129,0.354946,-7.573947,2.140383,-14.732016,-0.042013,0.882706,0.007749,0.467980,14.712356,1.501074,38.425316
201,1.675000,0.001873,0.894449,0.003978,0.447149,-4.122758,84.302567,19.558950,-0.070770,0.891014,0.126292,0.430274,-4.124343,91.944077,19.626131,-0.000067,0.903035,0.030514,0.428482,-8.496647,109.785667,22.682999,0.110513,0.931592,-0.058013,0.341406,-9.027411,129.951782,23.795261,0.031219,0.967141,-0.118489,0.222766,-4.319224,143.604477,21.907118,0.086297,0.909576,0.008767,0.406384,-12.039600,123.757851,21.120892,0.357523,-0.459746,0.406143,-0.704172,-24.725603,126.937317,6.827798,0.433381,-0.480138,0.336970,-0.684178,-18.168079,103.059219,-2.638026,0.509880,-0.483451,0.257703,-0.663240,-11.385942,83.979927,-10.574830,-0.025061,0.866599,-0.089767,0.490225,-7.326362,123.563995,26.884809,0.588336,0.804632,0.065869,0.045722,2.711149,126.110588,43.258553,0.540503,0.801823,0.240162,0.085194,10.757952,100.851845,43.154465,0.522916,0.741960,0.400419,0.125379,19.596420,80.854668,40.444672,0.079292,0.878779,0.170912,0.438463,-9.715340,84.366951,12.104573,0.096665,0.927221,-0.000060,0.361826,-9.340454,51.252701,-1.081211,-0.044016,0.933603,0.022997,0.354852,-17.402643,7.128802,-4.221542,-0.118255,0.887524,-0.048085,0.442724,1.469823,84.238190,27.013325,-0.011538,0.892507,-0.148330,0.425790,7.434371,49.755062,33.788048,-0.042049,0.882833,0.008140,0.467730,2.680759,6.781423,46.135025,-0.044016,0.933603,0.022997,0.354852,-7.572062,2.138077,-14.736096,-0.042049,0.882833,0.008140,0.467730,14.711607,1.496882,38.425560
202,1.683333,0.001136,0.894713,0.003608,0.446626,-4.075916,84.300491,19.656424,-0.071305,0.891122,0.125997,0.430049,-4.085006,91.942078,19.713524,-0.000538,0.903057,0.029961,0.428474,-8.469330,109.782616,22.752970,0.110216,0.931516,-0.058442,0.341636,-9.007700,129.950089,23.836948,0.031259,0.966990,-0.119010,0.223138,-4.302537,143.602036,21.935984,0.085895,0.909625,0.008342,0.406367,-12.017565,123.751259,21.171282,0.358314,-0.458976,0.406177,-0.704254,-24.706793,126.910004,6.876458,0.434194,-0.479191,0.336771,-0.684424,-18.113195,103.024269,-2.544910,0.510576,-0.482801,0.257877,-0.663111,-11.286836,83.951340,-10.449180,-0.025244,0.866376,-0.090529,0.490470,-7.304225,123.567261,26.935444,0.587880,0.804929,0.065676,0.046624,2.723645,126.135132,43.311768,0.540368,0.802062,0.239152,0.086630,10.794474,100.883911,43.254490,0.522415,0.742595,0.399731,0.125899,19.633472,80.863174,40.620327,0.080000,0.878721,0.171252,0.438317,-9.677246,84.349480,12.208501,0.096814,0.927561,0.000698,0.360911,-9.337514,51.251572,-1.019189,-0.044126,0.933745,0.022847,0.354473,-17.390532,7.130319,-4.219598,-0.117628,0.887920,-0.047971,0.442109,1.525414,84.251503,27.104347,-0.010881,0.893081,-0.147932,0.424739,7.459283,49.757050,33.848270,-0.042071,0.882943,0.008374,0.467516,2.682699,6.771487,46.144798,-0.044126,0.933745,0.022847,0.354473,-7.567757,2.136434,-14.739950,-0.042071,0.882943,0.008374,0.467516,14.711015,1.492867,38.427326
203,1.691667,0.000466,0.894941,0.003162,0.446174,-4.031543,84.296440,19.758102,-0.071834,0.891215,0.125572,0.429893,-4.046725,91.938087,19.804533,-0.000989,0.903052,0.029506,0.428514,-8.441406,109.780205,22.822300,0.109987,0.931453,-0.058766,0.341826,-8.988389,129.948730,23.881876,0.031317,0.966865,-0.119628,0.223339,-4.285590,143.600159,21.971251,0.085596,0.909680,0.007761,0.406320,-11.995358,123.745430,21.223379,0.359072,-0.458241,0.406261,-0.704297,-24.688065,126.884651,6.927344,0.435259,-0.478158,0.336698,-0.684507,-18.062370,102.990364,-2.449731,0.511834,-0.481342,0.257165,-0.663478,-11.187470,83.906387,-10.314672,-0.025679,0.866396,-0.090655,0.490388,-7.282551,123.570381,26.988253,0.587740,0.805030,0.065045,0.047508,2.747550,126.154999,43.360580,0.540168,0.802229,0.238577,0.087908,10.822658,100.905060,43.361431,0.521193,0.743310,0.399588,0.127194,19.658014,80.883766,40.789871,0.080374,0.879126,0.171765,0.437235,-9.640419,84.330521,12.315779,0.097151,0.927946,0.001471,0.359828,-9.323722,51.249420,-0.954475,-0.044038,0.933831,0.022686,0.354267,-17.383209,7.134184,-4.220942,-0.117145,0.888453,-0.047872,0.441177,1.577334,84.262367,27.200424,-0.010157,0.893538,-0.147475,0.423955,7.491354,49.759144,33.916889,-0.042166,0.883013,0.008707,0.467369,2.684950,6.760055,46.154373,-0.044038,0.933831,0.022686,0.354267,-7.566387,2.134846,-14.744253,-0.042166,0.883013,0.008707,0.467369,14.713058,1.490906,38.430119
204,1.700000,-0.000111,0.895200,0.002600,0.445656,-3.991710,84.295135,19.863934,-0.072289,0.891367,0.125039,0.429655,-4.010936,91.936836,19.898748,-0.001415,0.903096,0.029105,0.428449,-8.410117,109.775902,22.891989,0.109414,0.931462,-0.059017,0.341942,-8.965646,129.945343,23.929588,0.031486,0.966715,-0.120337,0.223585,-4.275110,143.599350,22.007305,0.085204,0.909831,0.007163,0.406074,-11.970289,123.737839,21.278263,0.360029,-0.457407,0.406314,-0.704320,-24.673323,126.854279,6.986408,0.436351,-0.477145,0.336231,-0.684748,-18.009424,102.950203,-2.338476,0.513140,-0.480479,0.257341,-0.663025,-11.079309,83.874672,-10.170468,-0.026117,0.866274,-0.091012,0.490515,-7.256660,123.571121,27.042713,0.587486,0.805248,0.064048,0.048314,2.767746,126.177551,43.415077,0.539521,0.802911,0.237408,0.088819,10.854589,100.931465,43.482773,0.521634,0.743606,0.397990,0.128658,19.709188,80.921898,40.981956,0.080733,0.879438,0.172297,0.436332,-9.609190,84.314880,12.428047,0.097415,0.928415,0.002316,0.358540,-9.311286,51.250957,-0.885379,-0.043898,0.933953,0.022517,0.353975,-17.369915,7.140642,-4.219703,-0.116622,0.888720,-0.047668,0.440799,1.625770,84.275398,27.299822,-0.009474,0.893973,-0.147025,0.423209,7.516585,49.762074,33.984695,-0.042290,0.883074,0.009081,0.467235,2.682687,6.749880,46.165134,-0.043898,0.933953,0.022517,0.353975,-7.561544,2.134982,-14.747897,-0.042290,0.883074,0.009081,0.467235,14.711292,1.491651,38.434208
205,1.708333,-0.000770,0.895497,0.002103,0.445063,-3.947969,84.292755,19.963835,-0.072750,0.891571,0.124687,0.429257,-3.972818,91.934479,19.987377,-0.001827,0.903223,0.028748,0.428203,-8.380118,109.773277,22.963390,0.108831,0.931499,-0.059610,0.341923,-8.944203,129.943497,23.981007,0.031800,0.966568,-0.120924,0.223858,-4.263543,143.597839,22.037086,0.084913,0.909918,0.006468,0.405952,-11.947446,123.731979,21.337515,0.361396,-0.456650,0.406202,-0.704176,-24.656242,126.827492,7.046239,0.437579,-0.476116,0.336065,-0.684762,-17.950813,102.912048,-2.219567,0.513968,-0.479492,0.256891,-0.663273,-10.971229,83.830009,-10.008550,-0.026597,0.866161,-0.091464,0.490605,-7.230693,123.573181,27.099632,0.587159,0.805473,0.063579,0.049150,2.789321,126.204491,43.470703,0.539114,0.803274,0.236493,0.090433,10.892220,100.963745,43.590454,0.522718,0.742981,0.397304,0.129979,19.750320,80.953773,41.175003,0.081082,0.879575,0.172771,0.435802,-9.575295,84.297333,12.535374,0.097777,0.929002,0.003184,0.356911,-9.291835,51.249111,-0.817284,-0.043728,0.934044,0.022445,0.353759,-17.358265,7.145569,-4.221590,-0.116144,0.889157,-0.047531,0.440058,1.679358,84.288170,27.392298,-0.008783,0.894315,-0.146640,0.422634,7.550365,49.765987,34.048809,-0.042172,0.883165,0.009408,0.467068,2.683400,6.742498,46.176086,-0.043728,0.934044,0.022445,0.353759,-7.556684,2.135918,-14.754209,-0.042172,0.883165,0.009408,0.467068,14.709306,1.490569,38.436676
206,1.716667,-0.001491,0.895839,0.001568,0.444374,-3.902255,84.290817,20.066261,-0.073469,0.891725,0.124527,0.428862,-3.933320,91.932549,20.077606,-0.002138,0.903327,0.028276,0.428015,-8.361835,109.774307,23.039520,0.108983,0.931427,-0.059532,0.342086,-8.928909,129.945557,24.034628,0.031752,0.966389,-0.122124,0.223986,-4.244403,143.599243,22.095341,0.084592,0.909915,0.005855,0.406035,-11.932182,123.730560,21.399370,0.362657,-0.456045,0.406346,-0.703836,-24.640482,126.805092,7.103132,0.439064,-0.474842,0.335597,-0.684925,-17.912012,102.872696,-2.101972,0.515539,-0.478087,0.256722,-0.663134,-10.863428,83.788765,-9.846475,-0.026802,0.866131,-0.092030,0.490539,-7.213052,123.579048,27.159733,0.586585,0.805847,0.063309,0.050213,2.809016,126.227745,43.526730,0.539007,0.803421,0.235577,0.092137,10.942025,100.997032,43.703148,0.520624,0.744631,0.396283,0.132039,19.795790,80.963600,41.370316,0.081325,0.879903,0.173288,0.434889,-9.540968,84.278908,12.646452,0.098211,0.929430,0.004022,0.355666,-9.269885,51.246250,-0.744933,-0.043704,0.934132,0.022281,0.353540,-17.349911,7.150898,-4.222311,-0.115621,0.889470,-0.047429,0.439574,1.736458,84.302727,27.486071,-0.008028,0.894860,-0.146202,0.421647,7.581687,49.771210,34.116798,-0.042434,0.883252,0.009500,0.466879,2.683991,6.735044,46.186577,-0.043704,0.934132,0.022281,0.353540,-7.553948,2.136395,-14.757842,-0.042434,0.883252,0.009500,0.466879,14.709526,1.488890,38.442688
207,1.725000,-0.002267,0.896206,0.001079,0.443632,-3.851836,84.288864,20.168819,-0.073910,0.891903,0.124259,0.428493,-3.890203,91.930573,20.168226,-0.002587,0.903403,0.027823,0.427880,-8.326838,109.768188,23.115349,0.108540,0.931361,-0.060768,0.342189,-8.902307,129.940384,24.086292,0.031838,0.966233,-0.122475,0.224456,-4.217669,143.588806,22.110622,0.084201,0.910102,0.005126,0.405706,-11.903648,123.720932,21.459375,0.363316,-0.454681,0.406868,-0.704077,-24.624838,126.770760,7.169308,0.440013,-0.473676,0.335539,-0.685152,-17.853014,102.824005,-1.966434,0.516698,-0.477133,0.256162,-0.663135,-10.753225,83.737587,-9.669531,-0.027342,0.865875,-0.092565,0.490860,-7.182834,123.578392,27.218590,0.585975,0.806216,0.063275,0.051440,2.825897,126.256248,43.589005,0.538642,0.803911,0.234169,0.093574,10.990260,101.036118,43.821968,0.520282,0.745739,0.394437,0.132667,19.849281,80.995583,41.579288,0.081725,0.880182,0.173833,0.434031,-9.502777,84.259918,12.758362,0.098529,0.929796,0.004789,0.354610,-9.252083,51.245403,-0.678061,-0.043439,0.934250,0.022189,0.353267,-17.337894,7.156298,-4.220529,-0.114895,0.889848,-0.047301,0.439013,1.799104,84.317810,27.579275,-0.007453,0.895136,-0.145792,0.421213,7.607344,49.773499,34.175770,-0.042326,0.883307,0.009808,0.466777,2.684840,6.725743,46.194023,-0.043439,0.934250,0.022189,0.353267,-7.551025,2.136190,-14.761838,-0.042326,0.883307,0.009808,0.466777,14.708847,1.485642,38.443665
208,1.733333,-0.003156,0.896514,0.000785,0.443003,-3.802329,84.286560,20.267433,-0.074559,0.892089,0.123814,0.428122,-3.850888,91.928200,20.256826,-0.002800,0.903518,0.027560,0.427653,-8.300848,109.766640,23.180738,0.108471,0.931364,-0.060569,0.342238,-8.879314,129.939377,24.138563,0.031845,0.966077,-0.123647,0.224485,-4.198140,143.589691,22.167753,0.083844,0.910176,0.004273,0.405625,-11.880883,123.717651,21.517263,0.364639,-0.453802,0.407093,-0.703831,-24.606977,126.741722,7.226080,0.441422,-0.472402,0.335312,-0.685236,-17.802488,102.777016,-1.838018,0.518334,-0.475621,0.256459,-0.662830,-10.642946,83.689865,-9.489320,-0.027894,0.865970,-0.092659,0.490644,-7.157194,123.579765,27.274237,0.585796,0.806392,0.062081,0.052167,2.858578,126.277283,43.637119,0.538255,0.804188,0.233392,0.095352,11.030045,101.060173,43.939365,0.520137,0.745475,0.394277,0.135172,19.889269,81.019371,41.784073,0.082078,0.880461,0.174277,0.433219,-9.463577,84.240311,12.864932,0.098910,0.930033,0.005548,0.353871,-9.233072,51.240932,-0.608997,-0.043370,0.934322,0.022058,0.353093,-17.328953,7.159281,-4.220626,-0.114304,0.890472,-0.047171,0.437915,1.858919,84.332809,27.669933,-0.007054,0.896289,-0.145041,0.419022,7.642488,49.777966,34.232849,-0.042284,0.883517,0.010037,0.466378,2.745627,6.710067,46.189262,-0.043370,0.934322,0.022058,0.353093,-7.547056,2.134763,-14.764452,-0.042284,0.883517,0.010037,0.466378,14.763183,1.474679,38.425713
209,1.741667,-0.003814,0.896902,0.000274,0.442213,-3.754363,84.279976,20.368639,-0.075043,0.892394,0.123544,0.427479,-3.808491,91.921547,20.346617,-0.003296,0.903760,0.027072,0.427170,-8.267881,109.758850,23.256880,0.108072,0.931484,-0.060201,0.342104,-8.855532,129.932541,24.188644,0.032092,0.965936,-0.124802,0.224416,-4.188673,143.588440,22.222658,0.083646,0.910396,0.003637,0.405178,-11.856706,123.705849,21.578726,0.365990,-0.452712,0.407327,-0.703696,-24.598101,126.713577,7.297738,0.442784,-0.471196,0.335023,-0.685330,-17.751348,102.731682,-1.688750,0.519839,-0.474329,0.256363,-0.662614,-10.530583,83.638542,-9.295050,-0.028390,0.865864,-0.093104,0.490719,-7.126909,123.577950,27.330908,0.585408,0.806641,0.061672,0.053140,2.884924,126.300705,43.692020,0.537859,0.804640,0.231890,0.097413,11.075033,101.090393,44.050507,0.517998,0.747325,0.393062,0.136698,19.940203,81.027641,42.008732,0.082279,0.880838,0.174698,0.432245,-9.428552,84.218475,12.976167,0.099353,0.930349,0.006440,0.352899,-9.212005,51.231922,-0.529356,-0.043203,0.934394,0.022083,0.352921,-17.319960,7.159141,-4.221214,-0.113750,0.891179,-0.047125,0.436624,1.919825,84.341469,27.761110,-0.006252,0.896854,-0.144640,0.417963,7.679772,49.777313,34.295712,-0.042461,0.883578,0.010212,0.466243,2.747468,6.698003,46.196304,-0.043203,0.934394,0.022083,0.352921,-7.543578,2.133294,-14.769518,-0.042461,0.883578,0.010212,0.466243,14.765108,1.469326,38.428371
210,1.750000,-0.004522,0.897119,0.000206,0.441766,-3.696707,84.281151,20.451773,-0.075645,0.892516,0.123647,0.427089,-3.760094,91.922638,20.424061,-0.003604,0.903894,0.026648,0.426911,-8.239655,109.755447,23.329815,0.107143,0.931652,-0.060505,0.341882,-8.830980,129.929977,24.240959,0.032645,0.965839,-0.125546,0.224337,-4.186439,143.590759,22.256182,0.083208,0.910605,0.002937,0.404803,-11.832325,123.699951,21.639196,0.367114,-0.451416,0.407702,-0.703726,-24.588308,126.681885,7.365829,0.444090,-0.469916,0.334982,-0.685383,-17.695648,102.683594,-1.541443,0.521273,-0.473107,0.256050,-0.662482,-10.419414,83.584106,-9.094187,-0.028740,0.865730,-0.093778,0.490806,-7.099268,123.579002,27.388849,0.584660,0.807144,0.061189,0.054280,2.908473,126.326500,43.748325,0.537558,0.804987,0.230693,0.099040,11.138474,101.130234,44.174442,0.518561,0.747426,0.391472,0.138557,19.996025,81.076172,42.224976,0.082796,0.880891,0.174692,0.432041,-9.378156,84.207237,13.064993,0.099705,0.930548,0.007217,0.352259,-9.197087,51.226604,-0.455517,-0.043103,0.934443,0.022046,0.352805,-17.312038,7.161075,-4.217957,-0.113122,0.891760,-0.047215,0.435589,1.984742,84.355072,27.838552,-0.005631,0.897226,-0.144268,0.417302,7.710162,49.781364,34.352940,-0.042512,0.883678,0.010358,0.466046,2.750472,6.691739,46.204697,-0.043103,0.934443,0.022046,0.352805,-7.539375,2.133038,-14.768663,-0.042512,0.883678,0.010358,0.466046,14.765751,1.467219,38.430321
211,1.758333,-0.005163,0.897489,-0.000188,0.441007,-3.650095,84.278259,20.547096,-0.076041,0.892716,0.123346,0.426687,-3.719642,91.919655,20.509716,-0.004084,0.903991,0.026314,0.426722,-8.206564,109.754143,23.401424,0.106765,0.931702,-0.060984,0.341780,-8.809483,129.929245,24.292202,0.032893,0.965758,-0.126226,0.224268,-4.170795,143.589539,22.290377,0.082940,0.910972,0.002188,0.404036,-11.808168,123.694786,21.697994,0.369131,-0.451104,0.407364,-0.703066,-24.589922,126.656639,7.443501,0.446251,-0.468356,0.334523,-0.685272,-17.667698,102.643051,-1.399370,0.522936,-0.471531,0.255983,-0.662321,-10.309342,83.532158,-8.885639,-0.029243,0.865830,-0.093969,0.490564,-7.072760,123.582520,27.445889,0.584117,0.807479,0.060787,0.055592,2.943073,126.349747,43.797092,0.537339,0.805216,0.229492,0.101132,11.199132,101.163315,44.294556,0.517849,0.748206,0.390125,0.140791,20.045200,81.103378,42.451584,0.083022,0.880986,0.175054,0.431655,-9.343924,84.190353,13.170007,0.100187,0.930815,0.008023,0.351401,-9.171297,51.221436,-0.379157,-0.042941,0.934505,0.021969,0.352666,-17.304083,7.165679,-4.216777,-0.112575,0.892187,-0.047000,0.434879,2.043734,84.366173,27.924187,-0.004953,0.897623,-0.143997,0.416548,7.746834,49.782215,34.403645,-0.042620,0.883755,0.010496,0.465887,2.752556,6.684896,46.212852,-0.042941,0.934505,0.021969,0.352666,-7.536426,2.133697,-14.770241,-0.042620,0.883755,0.010496,0.465887,14.766691,1.465189,38.433472
212,1.766667,-0.006091,0.897832,-0.000413,0.440295,-3.596430,84.277222,20.641172,-0.076594,0.893061,0.123039,0.425955,-3.677224,91.918457,20.594513,-0.004249,0.904319,0.025995,0.426045,-8.174233,109.748367,23.470196,0.105985,0.931927,-0.061002,0.341405,-8.777020,129.924088,24.346947,0.033134,0.965648,-0.127103,0.224210,-4.159963,143.590134,22.334429,0.082485,0.911278,0.001487,0.403444,-11.779205,123.687531,21.761835,0.370513,-0.450418,0.407376,-0.702772,-24.582424,126.623260,7.521214,0.448197,-0.466789,0.334409,-0.685126,-17.627951,102.595970,-1.258941,0.524673,-0.470162,0.255637,-0.662055,-10.199780,83.474747,-8.671867,-0.030075,0.865881,-0.093932,0.490430,-7.035211,123.579788,27.502731,0.583827,0.807706,0.059804,0.056400,2.983791,126.373779,43.847435,0.536808,0.805739,0.228034,0.103068,11.252979,101.193062,44.411530,0.518173,0.748119,0.389392,0.142089,20.103449,81.134247,42.679962,0.083421,0.881195,0.175434,0.430998,-9.301747,84.171906,13.273191,0.100565,0.931009,0.008740,0.350759,-9.151895,51.217224,-0.310798,-0.042871,0.934573,0.021890,0.352499,-17.295938,7.169378,-4.214715,-0.111985,0.892739,-0.046846,0.433915,2.108887,84.382538,28.009151,-0.004204,0.898113,-0.143736,0.415589,7.786860,49.788124,34.454735,-0.042545,0.883835,0.010538,0.465740,2.754511,6.683445,46.220821,-0.042871,0.934573,0.021890,0.352499,-7.532973,2.134380,-14.771078,-0.042545,0.883835,0.010538,0.465740,14.765493,1.463585,38.436676
213,1.775000,-0.006723,0.898205,-0.000767,0.439525,-3.545846,84.274994,20.730843,-0.076853,0.893271,0.123178,0.425427,-3.632994,91.916100,20.675152,-0.004858,0.904469,0.025369,0.425757,-8.139028,109.743431,23.553852,0.105510,0.931968,-0.062081,0.341248,-8.753006,129.920227,24.397438,0.033222,0.965601,-0.127378,0.224245,-4.139074,143.582245,22.350718,0.082256,0.911604,0.000709,0.402755,-11.753146,123.677635,21.824533,0.371930,-0.449274,0.407822,-0.702497,-24.579351,126.594139,7.600653,0.449673,-0.465262,0.334259,-0.685271,-17.589579,102.544907,-1.090922,0.526440,-0.468292,0.256016,-0.661830,-10.091949,83.418312,-8.445488,-0.030589,0.866084,-0.094272,0.489975,-7.005580,123.582199,27.562696,0.583291,0.808100,0.058734,0.057415,3.029509,126.398491,43.893707,0.537085,0.805802,0.226359,0.104803,11.325718,101.228569,44.537258,0.515672,0.750381,0.387344,0.144829,20.147934,81.147156,42.904152,0.083705,0.881442,0.175739,0.430313,-9.263640,84.156158,13.372746,0.100903,0.931333,0.009559,0.349779,-9.132332,51.212479,-0.238116,-0.042583,0.934718,0.021938,0.352148,-17.282656,7.172105,-4.212630,-0.111451,0.893208,-0.046651,0.433107,2.171948,84.393837,28.088940,-0.003457,0.898550,-0.143527,0.414724,7.828336,49.789600,34.500706,-0.042517,0.883890,0.010666,0.465636,2.754741,6.679016,46.227386,-0.042583,0.934718,0.021938,0.352148,-7.530391,2.134919,-14.777843,-0.042517,0.883890,0.010666,0.465636,14.764137,1.461827,38.438999
214,1.783333,-0.007324,0.898587,-0.000952,0.438734,-3.495953,84.275032,20.818907,-0.077319,0.893545,0.122981,0.424823,-3.590156,91.916000,20.756720,-0.005325,0.904687,0.025061,0.425305,-8.106394,109.741554,23.624344,0.105225,0.932171,-0.061406,0.340903,-8.731743,129.918793,24.448950,0.033513,0.965551,-0.128789,0.223611,-4.132740,143.587753,22.415018,0.081815,0.911885,0.000108,0.402209,-11.730618,123.671898,21.885035,0.373534,-0.448192,0.407920,-0.702281,-24.576653,126.564362,7.674146,0.451382,-0.463960,0.334306,-0.685007,-17.539600,102.499405,-0.935395,0.528287,-0.466778,0.256254,-0.661336,-9.989441,83.363426,-8.220948,-0.031422,0.866251,-0.094230,0.489636,-6.977400,123.584892,27.618647,0.582841,0.808374,0.058340,0.058524,3.068565,126.427292,43.938438,0.536608,0.806056,0.225449,0.107232,11.385803,101.265968,44.643925,0.513443,0.751714,0.386544,0.147939,20.204983,81.182274,43.124859,0.084007,0.881634,0.175908,0.429792,-9.226542,84.144577,13.470968,0.101281,0.931664,0.010468,0.348762,-9.116725,51.208740,-0.159046,-0.042390,0.934770,0.021861,0.352038,-17.274031,7.176867,-4.212633,-0.110942,0.893344,-0.046327,0.432991,2.234637,84.405479,28.166845,-0.002734,0.898997,-0.143348,0.413822,7.870111,49.791023,34.541756,-0.042482,0.883958,0.010709,0.465509,2.756545,6.675405,46.232510,-0.042390,0.934770,0.021861,0.352038,-7.526444,2.135443,-14.780137,-0.042482,0.883958,0.010709,0.465509,14.763537,1.458675,38.440113
215,1.791667,-0.007894,0.898908,-0.001588,0.438064,-3.448997,84.262207,20.910517,-0.077655,0.893890,0.122874,0.424066,-3.546809,91.903015,20.835846,-0.005805,0.905011,0.024526,0.424641,-8.073177,109.739891,23.700359,0.104778,0.932303,-0.062062,0.340559,-8.706308,129.917969,24.497644,0.033515,0.965497,-0.129243,0.223579,-4.114298,143.585709,22.439787,0.081541,0.912188,-0.000699,0.401576,-11.706111,123.666176,21.946815,0.374845,-0.446855,0.408475,-0.702111,-24.573593,126.537323,7.751022,0.452789,-0.462611,0.334319,-0.684985,-17.497129,102.450790,-0.765324,0.530167,-0.464893,0.256170,-0.661192,-9.891192,83.308945,-7.990780,-0.032010,0.866413,-0.094502,0.489258,-6.944563,123.589302,27.673656,0.582617,0.808545,0.057321,0.059387,3.114292,126.455437,43.981350,0.536168,0.806538,0.223804,0.109232,11.439959,101.298950,44.756508,0.512942,0.752343,0.385308,0.149696,20.260435,81.208420,43.353844,0.084524,0.881593,0.176458,0.429549,-9.190373,84.116982,13.571283,0.101598,0.931664,0.010924,0.348654,-9.099029,51.201176,-0.107175,-0.042123,0.934802,0.022057,0.351973,-17.268717,7.175976,-4.207940,-0.110271,0.894049,-0.046227,0.431716,2.292380,84.407425,28.249750,-0.002210,0.899290,-0.143056,0.413289,7.897946,49.781734,34.589920,-0.042695,0.884023,0.011058,0.465359,2.759763,6.658381,46.241264,-0.042123,0.934802,0.022057,0.351973,-7.524764,2.136809,-14.779869,-0.042695,0.884023,0.011058,0.465359,14.767676,1.453216,38.442566
216,1.800000,-0.008255,0.899312,-0.001753,0.437227,-3.407531,84.258049,20.989769,-0.077847,0.894175,0.122797,0.423452,-3.509274,91.898766,20.910505,-0.006319,0.905226,0.024103,0.424199,-8.038939,109.735580,23.772558,0.104358,0.932415,-0.062575,0.340287,-8.683224,129.914246,24.545887,0.033507,0.965462,-0.129787,0.223417,-4.098527,143.581497,22.468599,0.081190,0.912528,-0.001178,0.400874,-11.681761,123.657585,22.005526,0.376504,-0.445995,0.408669,-0.701657,-24.573261,126.510002,7.827762,0.454729,-0.460972,0.334400,-0.684765,-17.464531,102.403931,-0.606047,0.531810,-0.463422,0.256328,-0.660844,-9.792856,83.251114,-7.750049,-0.032651,0.866679,-0.094683,0.488709,-6.914721,123.590485,27.727917,0.582001,0.808955,0.056557,0.060561,3.163325,126.479866,44.019653,0.535981,0.806923,0.221870,0.111237,11.519575,101.336029,44.871922,0.515465,0.751265,0.383889,0.150084,20.322260,81.249199,43.590702,0.084873,0.881503,0.176734,0.429551,-9.162451,84.105392,13.661304,0.101913,0.931888,0.011607,0.347941,-9.084002,51.200771,-0.044112,-0.041788,0.934888,0.022034,0.351784,-17.261482,7.182717,-4.205702,-0.109727,0.894735,-0.046270,0.430427,2.347388,84.410706,28.318235,-0.001749,0.899378,-0.142787,0.413193,7.926569,49.776756,34.636566,-0.042574,0.884111,0.011523,0.465190,2.762363,6.646302,46.250080,-0.041788,0.934888,0.022034,0.351784,-7.525292,2.139136,-14.782675,-0.042574,0.884111,0.011523,0.465190,14.768084,1.450873,38.441521
217,1.808333,-0.008732,0.899664,-0.001957,0.436492,-3.361947,84.254539,21.068148,-0.078290,0.894419,0.122720,0.422877,-3.468950,91.895119,20.982985,-0.006434,0.905450,0.023700,0.423741,-8.011538,109.735176,23.839100,0.103766,0.932572,-0.063037,0.339955,-8.652727,129.914551,24.596069,0.033438,0.965425,-0.130381,0.223242,-4.080571,143.582932,22.498611,0.080969,0.912910,-0.002256,0.400043,-11.654547,123.656105,22.064011,0.378095,-0.445213,0.408887,-0.701171,-24.573257,126.485229,7.906347,0.456646,-0.459411,0.334471,-0.684503,-17.437010,102.359642,-0.448079,0.533705,-0.461784,0.256763,-0.660293,-9.700833,83.191589,-7.514256,-0.033232,0.866814,-0.095070,0.488355,-6.881738,123.593285,27.781645,0.581583,0.809301,0.055345,0.061074,3.208236,126.508392,44.061424,0.535836,0.807256,0.219958,0.113295,11.586993,101.374207,44.975437,0.514240,0.752389,0.382551,0.152060,20.372927,81.281624,43.815727,0.085093,0.881536,0.177008,0.429328,-9.128690,84.092201,13.749182,0.102394,0.931959,0.012208,0.347590,-9.058716,51.197136,0.020778,-0.042021,0.934933,0.021646,0.351661,-17.258715,7.189190,-4.202978,-0.109305,0.895074,-0.046146,0.429843,2.404796,84.416878,28.387112,-0.001100,0.899703,-0.142586,0.412557,7.965441,49.775532,34.681175,-0.042569,0.884156,0.011736,0.465101,2.764401,6.639752,46.258419,-0.042021,0.934933,0.021646,0.351661,-7.523992,2.137662,-14.777520,-0.042569,0.884156,0.011736,0.465101,14.769403,1.449492,38.445301
218,1.816667,-0.009513,0.900137,-0.001997,0.435498,-3.299665,84.256943,21.142084,-0.078859,0.894725,0.122877,0.422078,-3.417251,91.897293,21.051296,-0.006755,0.905749,0.023399,0.423113,-7.978176,109.731361,23.907238,0.102932,0.932765,-0.063814,0.339532,-8.625464,129.911148,24.648129,0.033456,0.965387,-0.130690,0.223225,-4.069662,143.580124,22.519239,0.080684,0.913206,-0.002986,0.399419,-11.628538,123.649513,22.125448,0.378075,-0.443168,0.410807,-0.701355,-24.568340,126.458252,7.982996,0.457465,-0.457559,0.334696,-0.685086,-17.419210,102.298752,-0.261670,0.535915,-0.459366,0.256545,-0.660275,-9.616725,83.139221,-7.266489,-0.034042,0.867179,-0.095126,0.487640,-6.847875,123.593178,27.836582,0.581348,0.809466,0.054282,0.062069,3.267027,126.534363,44.096184,0.535553,0.807546,0.218563,0.115253,11.653782,101.405754,45.086903,0.513190,0.753263,0.381190,0.154677,20.431629,81.308540,44.033802,0.085357,0.881908,0.177217,0.428425,-9.082297,84.081131,13.835981,0.102816,0.932051,0.012841,0.347195,-9.036155,51.194542,0.087205,-0.041602,0.934959,0.021733,0.351638,-17.253082,7.195833,-4.199317,-0.108666,0.895429,-0.046303,0.429250,2.482968,84.432755,28.448189,-0.000438,0.900087,-0.142320,0.411810,8.002750,49.782516,34.729271,-0.042345,0.884216,0.011906,0.465002,2.767612,6.639835,46.265362,-0.041602,0.934959,0.021733,0.351638,-7.522942,2.142090,-14.777014,-0.042345,0.884216,0.011906,0.465002,14.769406,1.450582,38.446651
219,1.825000,-0.010024,0.900457,-0.002290,0.434823,-3.253933,84.253922,21.218433,-0.078949,0.895035,0.122740,0.421443,-3.376675,91.894112,21.120302,-0.007332,0.905999,0.023202,0.422579,-7.937166,109.731651,23.973974,0.102442,0.932906,-0.064555,0.339153,-8.601760,129.911469,24.698179,0.033281,0.965386,-0.131100,0.223012,-4.053496,143.578751,22.542519,0.080570,0.913649,-0.004056,0.398418,-11.602095,123.644958,22.184364,0.381142,-0.443199,0.409757,-0.700289,-24.573547,126.434616,8.067161,0.460177,-0.456402,0.334620,-0.684079,-17.380220,102.264618,-0.108013,0.537559,-0.458150,0.256952,-0.659625,-9.520934,83.070717,-7.027365,-0.034326,0.867393,-0.095660,0.487134,-6.814822,123.597862,27.890041,0.580660,0.809938,0.053667,0.062893,3.318432,126.557121,44.134922,0.535585,0.807819,0.216414,0.117231,11.742114,101.443222,45.183491,0.513343,0.754005,0.378988,0.155962,20.494379,81.339554,44.252617,0.085673,0.882135,0.177484,0.427781,-9.047323,84.067123,13.921133,0.103074,0.932225,0.013495,0.346628,-9.022436,51.191158,0.146927,-0.041566,0.935083,0.021575,0.351322,-17.242798,7.198754,-4.197340,-0.108318,0.895994,-0.046252,0.428162,2.539456,84.440727,28.515736,0.000314,0.900464,-0.142101,0.411061,8.046542,49.784767,34.776340,-0.042290,0.884252,0.012050,0.464935,2.768174,6.636474,46.271660,-0.041566,0.935083,0.021575,0.351322,-7.520589,2.140094,-14.779976,-0.042290,0.884252,0.012050,0.464935,14.768852,1.449979,38.449409
220,1.833333,-0.010403,0.900806,-0.002710,0.434089,-3.214304,84.250893,21.296719,-0.079077,0.895402,0.122393,0.420740,-3.339549,91.890930,21.190388,-0.007774,0.906300,0.023076,0.421934,-7.896229,109.728935,24.033876,0.101879,0.933129,-0.064983,0.338628,-8.574348,129.908722,24.746391,0.033121,0.965420,-0.131571,0.222612,-4.038984,143.577118,22.570595,0.080272,0.914031,-0.004743,0.397594,-11.573686,123.638489,22.240702,0.382410,-0.442319,0.410215,-0.699886,-24.572407,126.408363,8.144696,0.461920,-0.454830,0.334997,-0.683766,-17.357666,102.218185,0.048469,0.539370,-0.456440,0.257235,-0.659222,-9.447570,83.016411,-6.783881,-0.034952,0.867734,-0.095751,0.486465,-6.778392,123.598396,27.939695,0.580242,0.810250,0.052523,0.063685,3.378420,126.578392,44.166069,0.535604,0.807910,0.214931,0.119225,11.822491,101.474419,45.286091,0.512887,0.754397,0.377814,0.158396,20.547703,81.369217,44.461555,0.085958,0.882298,0.177871,0.427228,-9.019434,84.054298,14.009010,0.103355,0.932328,0.014075,0.346242,-9.008654,51.191605,0.203122,-0.041128,0.935113,0.021571,0.351294,-17.235989,7.205859,-4.195096,-0.107950,0.896290,-0.045969,0.427665,2.590826,84.447487,28.584427,0.000971,0.900838,-0.141953,0.410292,8.086959,49.783985,34.812855,-0.042207,0.884289,0.012176,0.464870,2.770705,6.631985,46.276768,-0.041128,0.935113,0.021571,0.351294,-7.518925,2.142332,-14.780134,-0.042207,0.884289,0.012176,0.464870,14.769961,1.447423,38.451050
221,1.841667,-0.010773,0.901164,-0.003122,0.433333,-3.174873,84.246864,21.367472,-0.079498,0.895712,0.122335,0.420018,-3.302572,91.886749,21.253119,-0.008006,0.906601,0.022609,0.421306,-7.869485,109.720871,24.091330,0.101477,0.933280,-0.065425,0.338245,-8.547674,129.901367,24.783291,0.032749,0.965431,-0.131874,0.222441,-4.020299,143.569534,22.589489,0.080237,0.914504,-0.005585,0.396501,-11.550127,123.628319,22.288406,0.384577,-0.442075,0.409972,-0.698994,-24.582703,126.385651,8.221237,0.464413,-0.453199,0.335118,-0.683101,-17.345959,102.178017,0.197171,0.541097,-0.455177,0.257686,-0.658503,-9.371553,82.958473,-6.536859,-0.035438,0.867938,-0.096006,0.486015,-6.747002,123.594543,27.980841,0.579820,0.810615,0.050925,0.064180,3.425450,126.594284,44.193764,0.535506,0.808323,0.212734,0.120797,11.892144,101.501289,45.386585,0.512388,0.755369,0.375812,0.160134,20.602058,81.394424,44.672764,0.086481,0.882342,0.178089,0.426941,-8.992082,84.040703,14.089671,0.103427,0.932336,0.014637,0.346177,-9.011471,51.189983,0.255348,-0.041256,0.935222,0.021397,0.350999,-17.227503,7.207042,-4.191724,-0.107519,0.896604,-0.045773,0.427136,2.642336,84.453033,28.645273,0.001500,0.901077,-0.141819,0.409811,8.121024,49.781639,34.845039,-0.042261,0.884335,0.012280,0.464774,2.772916,6.626338,46.281662,-0.041256,0.935222,0.021397,0.350999,-7.516267,2.139995,-14.780417,-0.042261,0.884335,0.012280,0.464774,14.771432,1.445029,38.452667
222,1.850000,-0.011087,0.901512,-0.003502,0.432598,-3.137196,84.242477,21.433397,-0.079369,0.896063,0.122256,0.419316,-3.266812,91.882217,21.311846,-0.008607,0.906883,0.022339,0.420702,-7.825778,109.716782,24.152966,0.100853,0.933508,-0.065759,0.337739,-8.520946,129.897385,24.825256,0.032486,0.965491,-0.132270,0.221982,-4.008871,143.567673,22.613335,0.079997,0.914969,-0.006045,0.395470,-11.521078,123.619125,22.340664,0.385682,-0.440657,0.410613,-0.698905,-24.586790,126.362587,8.301547,0.465630,-0.451967,0.335718,-0.682794,-17.311535,102.136253,0.369251,0.542946,-0.453268,0.258334,-0.658044,-9.303230,82.897667,-6.294120,-0.035911,0.868040,-0.096542,0.485693,-6.710534,123.595406,28.026882,0.579177,0.811053,0.050412,0.064858,3.472739,126.620087,44.228382,0.535638,0.808350,0.211147,0.122795,11.974276,101.541206,45.469330,0.511517,0.756349,0.374009,0.162492,20.656784,81.418571,44.862503,0.086743,0.882548,0.178335,0.426358,-8.966138,84.027946,14.165232,0.103722,0.932285,0.015111,0.346206,-9.003205,51.186710,0.308436,-0.040975,0.935192,0.021463,0.351108,-17.228668,7.210517,-4.187688,-0.107134,0.896837,-0.045591,0.426764,2.691747,84.457016,28.701565,0.001990,0.901202,-0.141692,0.409578,8.154291,49.778534,34.875893,-0.042395,0.884339,0.012386,0.464752,2.774131,6.620160,46.285881,-0.040975,0.935192,0.021463,0.351108,-7.517672,2.142309,-14.776048,-0.042395,0.884339,0.012386,0.464752,14.774013,1.443368,38.455982
223,1.858333,-0.011535,0.901880,-0.003674,0.431818,-3.092627,84.238228,21.495274,-0.079356,0.896456,0.122145,0.418510,-3.227374,91.877785,21.368500,-0.009165,0.907224,0.022097,0.419968,-7.781185,109.711502,24.209972,0.100402,0.933798,-0.065742,0.337074,-8.492142,129.892136,24.864477,0.032214,0.965605,-0.132788,0.221216,-3.994669,143.565918,22.644442,0.079691,0.915426,-0.006946,0.394457,-11.490973,123.609055,22.390537,0.387068,-0.439772,0.411029,-0.698451,-24.589594,126.329544,8.377643,0.467361,-0.450500,0.336141,-0.682373,-17.291168,102.083458,0.527398,0.544478,-0.452140,0.259016,-0.657286,-9.237764,82.835159,-6.049438,-0.036533,0.868313,-0.096716,0.485122,-6.671381,123.594681,28.069118,0.578710,0.811419,0.049242,0.065346,3.531609,126.641808,44.253990,0.535906,0.808352,0.209292,0.124773,12.058470,101.574539,45.554325,0.507801,0.758964,0.373457,0.163220,20.718903,81.406357,45.058033,0.087027,0.882878,0.178412,0.425584,-8.933954,84.014755,14.237325,0.103930,0.932486,0.015818,0.345571,-8.998444,51.178993,0.367667,-0.041064,0.935244,0.021436,0.350960,-17.222157,7.208660,-4.188583,-0.106740,0.897198,-0.045596,0.426102,2.748701,84.461693,28.753222,0.002540,0.901464,-0.141568,0.409042,8.190889,49.777248,34.911995,-0.042434,0.884431,0.012553,0.464568,2.777459,6.615925,46.295044,-0.041064,0.935244,0.021436,0.350960,-7.513653,2.140562,-14.779282,-0.042434,0.884431,0.012553,0.464568,14.775172,1.443671,38.458832
224,1.866667,-0.011857,0.902246,-0.003910,0.431041,-3.055289,84.237289,21.549959,-0.079561,0.896770,0.122212,0.417778,-3.193040,91.876709,21.417933,-0.009420,0.907526,0.021776,0.419324,-7.752111,109.707687,24.261908,0.099893,0.934030,-0.066031,0.336525,-8.466535,129.888687,24.900846,0.031849,0.965686,-0.133084,0.220739,-3.981942,143.564102,22.664803,0.079470,0.915794,-0.007522,0.393635,-11.467473,123.602936,22.436281,0.388617,-0.439117,0.411451,-0.697754,-24.592545,126.308182,8.445205,0.469175,-0.449042,0.336588,-0.681868,-17.282017,102.039024,0.677907,0.545930,-0.450708,0.259130,-0.657019,-9.181931,82.773155,-5.811587,-0.037016,0.868574,-0.097045,0.484553,-6.639902,123.594261,28.108093,0.578279,0.811726,0.048488,0.065902,3.583069,126.662064,44.276440,0.535556,0.808861,0.207189,0.126474,12.132460,101.605072,45.626034,0.511735,0.757277,0.370377,0.165770,20.773661,81.472717,45.246361,0.087329,0.883091,0.178346,0.425107,-8.908968,84.006485,14.302203,0.104065,0.932675,0.016520,0.344985,-9.001923,51.172798,0.427790,-0.041067,0.935251,0.021638,0.350929,-17.217770,7.207033,-4.186335,-0.106444,0.897628,-0.045626,0.425267,2.798390,84.468094,28.797716,0.003076,0.901729,-0.141451,0.408494,8.226678,49.779339,34.944481,-0.042258,0.884500,0.012713,0.464448,2.780967,6.615323,46.301884,-0.041067,0.935251,0.021638,0.350929,-7.509361,2.144314,-14.779689,-0.042258,0.884500,0.012713,0.464448,14.775499,1.444487,38.459877
225,1.875000,-0.012130,0.902658,-0.004155,0.430168,-3.014943,84.234879,21.608171,-0.079764,0.897154,0.122101,0.416946,-3.154976,91.874161,21.471102,-0.009710,0.907884,0.021555,0.418554,-7.716249,109.704254,24.312300,0.099362,0.934286,-0.066439,0.335891,-8.437033,129.885422,24.938837,0.031362,0.965786,-0.133280,0.220249,-3.965197,143.561737,22.682932,0.079078,0.916290,-0.008127,0.392547,-11.439793,123.596909,22.483559,0.390451,-0.438957,0.411302,-0.696918,-24.600393,126.280869,8.521793,0.471275,-0.447613,0.337080,-0.681117,-17.275890,101.996078,0.816803,0.547191,-0.449535,0.259448,-0.656648,-9.134183,82.714714,-5.574285,-0.037956,0.869110,-0.096683,0.483590,-6.602694,123.593834,28.147247,0.577999,0.811926,0.047502,0.066605,3.653692,126.683655,44.290215,0.535694,0.808783,0.206089,0.128175,12.215299,101.634239,45.701714,0.508088,0.759652,0.369342,0.168412,20.835718,81.478592,45.406296,0.087552,0.883470,0.178495,0.424210,-8.882514,83.997482,14.371870,0.104287,0.932919,0.017163,0.344227,-8.998750,51.170383,0.482059,-0.041162,0.935304,0.021535,0.350783,-17.216711,7.210722,-4.186126,-0.105961,0.898013,-0.045641,0.424573,2.852628,84.472267,28.844469,0.003545,0.901982,-0.141331,0.407973,8.254710,49.776302,34.973602,-0.042334,0.884525,0.012934,0.464389,2.781993,6.609517,46.307461,-0.041162,0.935304,0.021535,0.350783,-7.510910,2.146141,-14.780974,-0.042334,0.884525,0.012934,0.464389,14.777144,1.445208,38.462101
226,1.883333,-0.012451,0.902976,-0.004582,0.429486,-2.980766,84.234146,21.669760,-0.079866,0.897531,0.121918,0.416169,-3.122519,91.873253,21.524799,-0.009947,0.908241,0.021412,0.417781,-7.682073,109.704849,24.362389,0.098799,0.934533,-0.067025,0.335254,-8.408581,129.886078,24.980289,0.030869,0.965873,-0.133484,0.219813,-3.948769,143.562195,22.699495,0.078927,0.916705,-0.009049,0.391588,-11.413373,123.595360,22.533161,0.391677,-0.438021,0.411826,-0.696510,-24.604046,126.261543,8.596388,0.472457,-0.446511,0.337822,-0.680653,-17.258862,101.957230,0.973065,0.548612,-0.448001,0.260808,-0.655972,-9.092865,82.652870,-5.345744,-0.038323,0.869477,-0.097014,0.482835,-6.566707,123.596664,28.188669,0.577508,0.812292,0.046584,0.067055,3.716864,126.702759,44.311214,0.535822,0.809058,0.203748,0.129637,12.305405,101.665451,45.772732,0.511427,0.758401,0.367067,0.168916,20.891890,81.525597,45.584793,0.087679,0.883841,0.178723,0.423315,-8.859108,83.987915,14.442500,0.104511,0.933174,0.017809,0.343435,-8.990151,51.168190,0.535417,-0.041369,0.935338,0.021447,0.350673,-17.210600,7.214773,-4.186877,-0.105514,0.898341,-0.045499,0.424005,2.897576,84.480370,28.897020,0.004020,0.902222,-0.141127,0.407509,8.279673,49.776737,35.000275,-0.042363,0.884439,0.013055,0.464546,2.781683,6.605074,46.303333,-0.041369,0.935338,0.021447,0.350673,-7.505408,2.149987,-14.782187,-0.042363,0.884439,0.013055,0.464546,14.780444,1.444362,38.461124
227,1.891667,-0.012551,0.903402,-0.004922,0.428584,-2.948169,84.233681,21.722075,-0.079868,0.897923,0.121903,0.415325,-3.089222,91.872711,21.571905,-0.010481,0.908583,0.021083,0.417040,-7.646623,109.707001,24.413660,0.098652,0.934702,-0.067510,0.334726,-8.386708,129.888336,25.011072,0.030252,0.965978,-0.133635,0.219346,-3.928485,143.562073,22.712866,0.078808,0.917243,-0.009938,0.390327,-11.390875,123.592827,22.575512,0.392734,-0.436497,0.412400,-0.696531,-24.620491,126.243416,8.672714,0.473601,-0.445862,0.338561,-0.679916,-17.229763,101.924583,1.140212,0.549859,-0.447703,0.260576,-0.655224,-9.054371,82.586311,-5.117117,-0.038776,0.870021,-0.096918,0.481837,-6.535158,123.603714,28.223240,0.577265,0.812493,0.045531,0.067424,3.784353,126.720360,44.320766,0.536014,0.809091,0.202129,0.131163,12.385097,101.690170,45.831734,0.506889,0.761628,0.366477,0.169353,20.955143,81.514824,45.734238,0.087860,0.884193,0.178857,0.422486,-8.840906,83.983032,14.506700,0.104657,0.933354,0.018423,0.342866,-8.992068,51.168995,0.586390,-0.041278,0.935414,0.021223,0.350493,-17.208408,7.220313,-4.186851,-0.105160,0.898702,-0.045402,0.423338,2.944569,84.484329,28.937452,0.004464,0.902443,-0.141193,0.406990,8.311762,49.774750,35.019939,-0.042108,0.884582,0.013108,0.464295,2.781844,6.605119,46.315151,-0.041278,0.935414,0.021223,0.350493,-7.508846,2.148395,-14.783910,-0.042108,0.884582,0.013108,0.464295,14.773883,1.441922,38.464302
228,1.900000,-0.012598,0.903765,-0.005309,0.427810,-2.919608,84.234894,21.768375,-0.079744,0.898334,0.121802,0.414490,-3.058908,91.873840,21.612680,-0.010877,0.908955,0.020961,0.416225,-7.606978,109.705666,24.456675,0.098052,0.934983,-0.067872,0.334045,-8.359025,129.886871,25.043610,0.029800,0.966090,-0.133777,0.218827,-3.916056,143.562256,22.725811,0.078551,0.917805,-0.010664,0.389039,-11.363440,123.588005,22.617052,0.394521,-0.436270,0.412067,-0.695861,-24.633539,126.220688,8.749475,0.475238,-0.444975,0.339315,-0.678978,-17.217739,101.892242,1.272950,0.551138,-0.446386,0.261670,-0.654611,-9.029479,82.530334,-4.900184,-0.039048,0.870252,-0.097398,0.481301,-6.497733,123.605324,28.256163,0.576703,0.812891,0.044916,0.067849,3.840963,126.738403,44.338188,0.536129,0.809087,0.200833,0.132703,12.473055,101.721451,45.889027,0.508498,0.760839,0.364677,0.171945,21.012749,81.552856,45.875584,0.088036,0.884611,0.178878,0.421564,-8.824678,83.980354,14.563222,0.104783,0.933498,0.018967,0.342407,-9.000683,51.169060,0.636758,-0.041112,0.935372,0.021256,0.350623,-17.212976,7.224584,-4.181939,-0.104814,0.899133,-0.045389,0.422509,2.985462,84.489426,28.973532,0.004849,0.902726,-0.141117,0.406384,8.336800,49.774586,35.039986,-0.042385,0.884772,0.013089,0.463907,2.785917,6.603354,46.318775,-0.041112,0.935372,0.021256,0.350623,-7.512096,2.151875,-14.777417,-0.042385,0.884772,0.013089,0.463907,14.773649,1.443160,38.459370
229,1.908333,-0.012689,0.904119,-0.005616,0.427056,-2.891308,84.239655,21.805487,-0.079731,0.898684,0.121917,0.413699,-3.029991,91.878517,21.645065,-0.011150,0.909300,0.020830,0.415470,-7.575978,109.706078,24.496498,0.097610,0.935234,-0.068305,0.333383,-8.335366,129.887268,25.074657,0.029315,0.966220,-0.133839,0.218280,-3.902786,143.562668,22.737127,0.078380,0.918324,-0.011375,0.387826,-11.341173,123.585960,22.656172,0.396149,-0.435988,0.411932,-0.695192,-24.648813,126.203979,8.821839,0.477212,-0.444079,0.339881,-0.677897,-17.214098,101.863350,1.403943,0.552646,-0.445849,0.261961,-0.653588,-9.003433,82.470772,-4.683505,-0.039920,0.870888,-0.097287,0.480100,-6.466207,123.608078,28.287262,0.576876,0.812873,0.043243,0.067684,3.914574,126.764938,44.337486,0.535929,0.809671,0.198415,0.133582,12.537262,101.747490,45.931931,0.510931,0.760145,0.362117,0.173205,21.066467,81.601501,46.011513,0.088129,0.884911,0.178751,0.420968,-8.808345,83.981133,14.610302,0.104882,0.933677,0.019573,0.341855,-9.003515,51.167774,0.688936,-0.041285,0.935445,0.021166,0.350415,-17.208160,7.227272,-4.178808,-0.104598,0.899549,-0.045554,0.421659,3.025729,84.498177,29.000669,0.005386,0.903254,-0.140950,0.405261,8.364112,49.781181,35.066212,-0.042402,0.884782,0.013030,0.463889,2.789783,6.606185,46.319008,-0.041285,0.935445,0.021166,0.350415,-7.510453,2.153838,-14.776838,-0.042402,0.884782,0.013030,0.463889,14.777106,1.444736,38.459812
230,1.916667,-0.012911,0.904470,-0.006016,0.426299,-2.857142,84.237541,21.847967,-0.079819,0.899137,0.121857,0.412714,-2.996428,91.876244,21.680683,-0.011502,0.909760,0.020709,0.414457,-7.542157,109.706985,24.534266,0.097206,0.935525,-0.068898,0.332562,-8.311792,129.888062,25.102940,0.028892,0.966366,-0.133815,0.217708,-3.887865,143.562042,22.740873,0.078081,0.918731,-0.011959,0.386904,-11.319330,123.583694,22.694580,0.397443,-0.434993,0.412420,-0.694788,-24.656456,126.183960,8.885315,0.477971,-0.443655,0.340718,-0.677219,-17.197102,101.825272,1.551951,0.553769,-0.444741,0.263362,-0.652829,-8.996689,82.416206,-4.479600,-0.040262,0.871215,-0.097558,0.479422,-6.431962,123.611710,28.314882,0.576476,0.813201,0.042396,0.067692,3.972951,126.783096,44.346607,0.536141,0.809759,0.196778,0.134615,12.620081,101.775894,45.969376,0.510783,0.760797,0.360307,0.174551,21.126762,81.622032,46.122612,0.088363,0.885289,0.178733,0.420130,-8.786108,83.972076,14.662862,0.105011,0.933666,0.020001,0.341819,-9.009652,51.161186,0.736111,-0.041564,0.935490,0.021170,0.350262,-17.211863,7.224626,-4.171144,-0.104280,0.899864,-0.045476,0.421072,3.071824,84.502998,29.033072,0.005825,0.903434,-0.141012,0.404832,8.396389,49.780758,35.080677,-0.042253,0.884816,0.013161,0.463834,2.789423,6.607786,46.325050,-0.041564,0.935490,0.021170,0.350262,-7.514729,2.154151,-14.771114,-0.042253,0.884816,0.013161,0.463834,14.774874,1.447492,38.462238
231,1.925000,-0.013166,0.904815,-0.006116,0.425557,-2.820437,84.237976,21.882479,-0.079864,0.899522,0.121861,0.411864,-2.962729,91.876556,21.712265,-0.011797,0.910144,0.020561,0.413614,-7.506957,109.705757,24.569340,0.096640,0.935807,-0.069244,0.331862,-8.284444,129.886810,25.128349,0.028397,0.966498,-0.133767,0.217212,-3.875163,143.562241,22.747417,0.077821,0.919212,-0.012618,0.385791,-11.293621,123.579803,22.728979,0.398543,-0.434509,0.412768,-0.694254,-24.665634,126.162933,8.950271,0.479298,-0.443042,0.341379,-0.676349,-17.199171,101.787971,1.678462,0.554610,-0.444688,0.263113,-0.652251,-8.992579,82.354416,-4.285770,-0.040646,0.871684,-0.097737,0.478499,-6.395949,123.613045,28.340277,0.576163,0.813438,0.041738,0.067920,4.042015,126.797974,44.347816,0.536420,0.809709,0.195384,0.135830,12.706609,101.798889,46.002068,0.510397,0.761402,0.359097,0.175532,21.184870,81.636497,46.228333,0.088534,0.885636,0.178670,0.419389,-8.761056,83.967422,14.707195,0.105164,0.933777,0.020469,0.341442,-9.008883,51.157101,0.779524,-0.041760,0.935471,0.021238,0.350285,-17.211309,7.225141,-4.168414,-0.103854,0.900127,-0.045572,0.420605,3.120182,84.508530,29.057762,0.006224,0.903781,-0.140940,0.404075,8.417986,49.780582,35.096134,-0.042318,0.884793,0.013293,0.463868,2.790713,6.606209,46.324955,-0.041760,0.935471,0.021238,0.350285,-7.511436,2.158633,-14.767775,-0.042318,0.884793,0.013293,0.463868,14.777952,1.450145,38.462090
232,1.933333,-0.013273,0.905128,-0.006226,0.424887,-2.790320,84.239708,21.913355,-0.079949,0.899888,0.121934,0.411026,-2.933501,91.878227,21.741039,-0.012043,0.910528,0.020256,0.412775,-7.477384,109.699974,24.602404,0.096008,0.936148,-0.069285,0.331072,-8.258350,129.881287,25.146803,0.028015,0.966676,-0.133712,0.216502,-3.868594,143.560928,22.753895,0.077662,0.919664,-0.013144,0.384726,-11.270499,123.571709,22.757946,0.400076,-0.434273,0.412750,-0.693530,-24.675257,126.143181,9.008900,0.480652,-0.442391,0.342137,-0.675431,-17.197153,101.754402,1.795600,0.555633,-0.443797,0.264059,-0.651605,-8.987247,82.297684,-4.095868,-0.041167,0.871921,-0.097991,0.477972,-6.362591,123.610512,28.360256,0.575556,0.813884,0.041275,0.068006,4.093282,126.816116,44.351974,0.536729,0.809570,0.194299,0.136991,12.794352,101.831078,46.027035,0.510038,0.761789,0.358332,0.176455,21.244568,81.656853,46.316444,0.088811,0.885895,0.178498,0.418856,-8.741508,83.966492,14.746936,0.105235,0.933659,0.020831,0.341720,-9.020439,51.155300,0.821905,-0.041464,0.935465,0.021433,0.350323,-17.216114,7.226035,-4.161028,-0.103507,0.900384,-0.045602,0.420137,3.160869,84.512924,29.079771,0.006480,0.903818,-0.140984,0.403973,8.438921,49.780048,35.107082,-0.042220,0.884856,0.013256,0.463758,2.790525,6.607077,46.330677,-0.041464,0.935465,0.021433,0.350323,-7.517890,2.161567,-14.762874,-0.042220,0.884856,0.013256,0.463758,14.774702,1.448614,38.464718
233,1.941667,-0.013308,0.905449,-0.006279,0.424201,-2.760254,84.242210,21.938210,-0.080030,0.900260,0.122000,0.410175,-2.903709,91.880707,21.765034,-0.012260,0.910925,0.020182,0.411897,-7.448215,109.699905,24.631401,0.095494,0.936436,-0.069731,0.330314,-8.235398,129.881119,25.170225,0.027481,0.966829,-0.133608,0.215953,-3.858322,143.561081,22.756029,0.077520,0.920138,-0.013868,0.383594,-11.249850,123.569618,22.789356,0.401625,-0.434249,0.412630,-0.692720,-24.689165,126.127312,9.071509,0.482188,-0.441925,0.342562,-0.674424,-17.204733,101.725479,1.909078,0.556116,-0.444229,0.263875,-0.650972,-8.986404,82.243950,-3.919265,-0.041685,0.872463,-0.097869,0.476961,-6.331227,123.612152,28.382236,0.575533,0.813985,0.040213,0.067629,4.160370,126.830017,44.348076,0.536810,0.809681,0.193123,0.137678,12.865549,101.847542,46.039680,0.507603,0.763600,0.357018,0.178302,21.305218,81.665413,46.381062,0.089035,0.886114,0.178132,0.418503,-8.722291,83.967972,14.780849,0.105300,0.933658,0.021370,0.341669,-9.032145,51.150299,0.871749,-0.041768,0.935487,0.021525,0.350222,-17.216774,7.224307,-4.157965,-0.103236,0.900351,-0.045675,0.420266,3.201783,84.516441,29.095570,0.006858,0.903988,-0.140875,0.403624,8.459608,49.780052,35.120289,-0.042351,0.884774,0.013269,0.463902,2.788680,6.604794,46.323689,-0.041768,0.935487,0.021525,0.350222,-7.517427,2.165462,-14.761472,-0.042351,0.884774,0.013269,0.463902,14.776747,1.448637,38.462139
234,1.950000,-0.013174,0.905713,-0.006579,0.423635,-2.738585,84.239326,21.962046,-0.079894,0.900609,0.122088,0.409407,-2.878346,91.877815,21.785686,-0.012538,0.911285,0.020064,0.411095,-7.417367,109.697739,24.661039,0.095183,0.936687,-0.070165,0.329597,-8.212347,129.878860,25.191570,0.026776,0.967019,-0.133399,0.215317,-3.842564,143.557831,22.758633,0.077435,0.920623,-0.014752,0.382414,-11.228211,123.564926,22.818981,0.403105,-0.434445,0.412471,-0.691832,-24.703074,126.108551,9.133436,0.483432,-0.441550,0.343168,-0.673471,-17.220671,101.693748,2.013242,0.556589,-0.444165,0.264834,-0.650222,-9.006454,82.193581,-3.753690,-0.042255,0.872871,-0.097948,0.476147,-6.299868,123.612259,28.403259,0.575192,0.814231,0.040032,0.067670,4.219932,126.848457,44.346817,0.536900,0.809839,0.191660,0.138440,12.945625,101.873741,46.047340,0.509867,0.762830,0.355485,0.178204,21.367432,81.697716,46.450092,0.089209,0.886274,0.177908,0.418222,-8.709619,83.964996,14.812197,0.105374,0.933612,0.021762,0.341747,-9.041734,51.143845,0.911824,-0.041920,0.935527,0.021493,0.350101,-17.219948,7.220778,-4.153745,-0.103013,0.900532,-0.045755,0.419925,3.232449,84.513657,29.111893,0.007138,0.904170,-0.140849,0.403221,8.476021,49.774506,35.133114,-0.042471,0.884780,0.013392,0.463876,2.788262,6.598947,46.326820,-0.041920,0.935527,0.021493,0.350101,-7.521863,2.162616,-14.758725,-0.042471,0.884780,0.013392,0.463876,14.777539,1.447508,38.464035
235,1.958333,-0.013217,0.905988,-0.006741,0.423043,-2.712674,84.238998,21.980572,-0.079905,0.900982,0.122234,0.408542,-2.852101,91.877434,21.801781,-0.012688,0.911703,0.019905,0.410172,-7.391743,109.699440,24.686705,0.094349,0.937016,-0.071016,0.328718,-8.189086,129.880676,25.209717,0.026433,0.967207,-0.132916,0.214816,-3.837422,143.559021,22.741047,0.077294,0.921070,-0.015365,0.381340,-11.208652,123.565147,22.846067,0.404061,-0.434034,0.412733,-0.691376,-24.716139,126.096634,9.190459,0.484151,-0.441398,0.343838,-0.672711,-17.226290,101.668976,2.122346,0.556453,-0.444707,0.264129,-0.650255,-9.022796,82.141136,-3.602829,-0.042672,0.873353,-0.097825,0.475251,-6.269069,123.615852,28.420374,0.574778,0.814581,0.039261,0.067433,4.282411,126.861282,44.341103,0.537213,0.809856,0.190410,0.138852,13.035041,101.897049,46.057011,0.510735,0.762704,0.354391,0.178438,21.435720,81.717125,46.501144,0.089322,0.886492,0.177582,0.417874,-8.693037,83.962669,14.838600,0.105500,0.933580,0.022191,0.341769,-9.047798,51.134701,0.954889,-0.042118,0.935475,0.021728,0.350200,-17.223053,7.215717,-4.150708,-0.102690,0.900690,-0.045993,0.419638,3.267689,84.515335,29.122543,0.007331,0.904381,-0.140758,0.402775,8.485469,49.772999,35.147800,-0.042365,0.884803,0.013557,0.463838,2.790835,6.595364,46.329998,-0.042118,0.935475,0.021728,0.350200,-7.520026,2.166057,-14.755222,-0.042365,0.884803,0.013557,0.463838,14.779122,1.446556,38.463982
236,1.966667,-0.013494,0.906255,-0.006746,0.422463,-2.673593,84.229759,21.995775,-0.080088,0.901283,0.122374,0.407798,-2.816944,91.868088,21.815205,-0.012786,0.912047,0.019821,0.409407,-7.365592,109.700249,24.707680,0.094069,0.937263,-0.071458,0.327997,-8.164701,129.881531,25.226610,0.025665,0.967410,-0.132638,0.214166,-3.819528,143.558548,22.739326,0.077039,0.921499,-0.015869,0.380332,-11.187385,123.564972,22.869705,0.405179,-0.433885,0.412984,-0.690665,-24.726143,126.081848,9.242393,0.484710,-0.441360,0.344383,-0.672055,-17.240435,101.638031,2.225982,0.556434,-0.444884,0.264786,-0.649883,-9.055047,82.101524,-3.463150,-0.043076,0.873636,-0.097990,0.474660,-6.238502,123.617805,28.435738,0.574456,0.814885,0.038683,0.066831,4.333376,126.878166,44.339878,0.537308,0.810002,0.189322,0.139118,13.109917,101.921867,46.049133,0.508543,0.764586,0.353169,0.179063,21.508684,81.725670,46.528656,0.089718,0.886697,0.177283,0.417480,-8.662955,83.948700,14.861534,0.105567,0.933477,0.022451,0.342011,-9.057957,51.118244,0.984807,-0.042207,0.935438,0.022181,0.350261,-17.229387,7.201579,-4.146776,-0.102232,0.900882,-0.046308,0.419303,3.315769,84.510818,29.130018,0.007558,0.904591,-0.140736,0.402308,8.497264,49.763882,35.160042,-0.042462,0.884833,0.013828,0.463763,2.790782,6.586012,46.335308,-0.042207,0.935438,0.022181,0.350261,-7.522816,2.165002,-14.754269,-0.042462,0.884833,0.013828,0.463763,14.779818,1.445275,38.465149
237,1.975000,-0.013643,0.906556,-0.006681,0.421812,-2.639119,84.228577,22.006294,-0.080096,0.901577,0.122573,0.407085,-2.785071,91.866852,21.825769,-0.013050,0.912352,0.019710,0.408723,-7.335368,109.700012,24.728758,0.093839,0.937414,-0.072516,0.327399,-8.142006,129.881180,25.239849,0.024846,0.967603,-0.132007,0.213780,-3.796088,143.551804,22.718889,0.076920,0.922009,-0.016405,0.379095,-11.165589,123.562332,22.890259,0.406171,-0.433760,0.413097,-0.690093,-24.741451,126.069366,9.298098,0.485486,-0.441492,0.344687,-0.671252,-17.254934,101.613808,2.323571,0.556479,-0.445633,0.263873,-0.649702,-9.081074,82.056007,-3.337622,-0.043433,0.874023,-0.098112,0.473890,-6.208467,123.619698,28.448910,0.574367,0.815005,0.038369,0.066310,4.390524,126.892113,44.332512,0.537414,0.810018,0.188615,0.139575,13.176124,101.938156,46.029385,0.506921,0.765715,0.353237,0.178705,21.569733,81.725243,46.541279,0.090026,0.886878,0.176857,0.417210,-8.638651,83.945534,14.880684,0.105632,0.933242,0.022713,0.342615,-9.070342,51.108253,1.021202,-0.042828,0.935466,0.022286,0.350105,-17.235718,7.193893,-4.139634,-0.101794,0.901048,-0.046708,0.419010,3.360413,84.511620,29.131905,0.007763,0.904808,-0.140687,0.401832,8.503966,49.760952,35.172905,-0.042380,0.884783,0.014058,0.463858,2.788415,6.582111,46.339783,-0.042828,0.935466,0.022286,0.350105,-7.526003,2.166671,-14.748685,-0.042380,0.884783,0.014058,0.463858,14.779326,1.446088,38.469406
238,1.983333,-0.013654,0.906796,-0.006864,0.421292,-2.614913,84.230843,22.016718,-0.079906,0.901929,0.122665,0.406316,-2.759949,91.869072,21.833672,-0.013394,0.912714,0.019702,0.407903,-7.301455,109.697250,24.745636,0.093543,0.937753,-0.072049,0.326615,-8.120157,129.878067,25.251511,0.024197,0.967804,-0.132199,0.212820,-3.789500,143.554443,22.735418,0.076723,0.922486,-0.016757,0.377958,-11.143853,123.556496,22.909386,0.407534,-0.434287,0.412765,-0.689156,-24.754244,126.053444,9.349927,0.486400,-0.441785,0.344874,-0.670301,-17.277452,101.587807,2.400369,0.556523,-0.446185,0.263659,-0.649373,-9.122401,82.019241,-3.232002,-0.043773,0.874380,-0.098244,0.473171,-6.176888,123.618889,28.459190,0.574235,0.815191,0.037674,0.065557,4.447318,126.903107,44.323509,0.537483,0.810253,0.187508,0.139438,13.246232,101.953125,46.009930,0.507679,0.765711,0.352342,0.178334,21.636803,81.743690,46.543793,0.090150,0.887020,0.176464,0.417048,-8.622615,83.946167,14.898054,0.105873,0.933147,0.023064,0.342777,-9.076778,51.100574,1.058981,-0.042764,0.935301,0.022549,0.350536,-17.250324,7.192242,-4.140066,-0.101455,0.901238,-0.046990,0.418651,3.392790,84.515511,29.135382,0.007890,0.904916,-0.140629,0.401608,8.508756,49.761822,35.182426,-0.042272,0.884779,0.014161,0.463875,2.787713,6.581697,46.341534,-0.042764,0.935301,0.022549,0.350536,-7.530799,2.171756,-14.743328,-0.042272,0.884779,0.014161,0.463875,14.778306,1.446768,38.469948
239,1.991667,-0.013576,0.907074,-0.007035,0.420694,-2.591426,84.231102,22.020529,-0.080020,0.902313,0.122738,0.405419,-2.734403,91.869331,21.835718,-0.013492,0.913156,0.019765,0.406907,-7.278182,109.697365,24.753050,0.093176,0.938072,-0.072342,0.325739,-8.100985,129.877975,25.260490,0.023672,0.968002,-0.131911,0.212158,-3.781132,143.554718,22.727983,0.076429,0.922898,-0.016996,0.377000,-11.128137,123.555611,22.925013,0.408619,-0.434510,0.412653,-0.688440,-24.768307,126.040421,9.393282,0.487295,-0.442296,0.344925,-0.669287,-17.296869,101.564743,2.473398,0.556584,-0.447465,0.262309,-0.648986,-9.164073,81.983887,-3.139061,-0.044178,0.874804,-0.098036,0.472394,-6.149131,123.619331,28.464005,0.573960,0.815435,0.037211,0.065202,4.502192,126.911232,44.308529,0.537778,0.810314,0.186796,0.138899,13.320349,101.968063,45.995090,0.510621,0.764385,0.350759,0.178747,21.695297,81.775459,46.524006,0.090236,0.887141,0.176009,0.416964,-8.608554,83.946426,14.909834,0.105993,0.933323,0.023557,0.342225,-9.083569,51.090504,1.096006,-0.042966,0.935266,0.022693,0.350593,-17.254793,7.186505,-4.143187,-0.101143,0.901341,-0.047265,0.418474,3.425704,84.515778,29.131226,0.008029,0.905054,-0.140642,0.401289,8.514763,49.759434,35.185699,-0.042395,0.884778,0.014161,0.463865,2.785924,6.579823,46.342796,-0.042966,0.935266,0.022693,0.350593,-7.531514,2.172093,-14.745882,-0.042395,0.884778,0.014161,0.463865,14.777522,1.446593,38.471638
240,2.000000,-0.013523,0.907189,-0.007277,0.420442,-2.569661,84.237114,22.017050,-0.079937,0.902573,0.123070,0.404755,-2.710397,91.875305,21.829250,-0.013700,0.913491,0.019748,0.406149,-7.253905,109.699905,24.762020,0.092568,0.938374,-0.072511,0.325003,-8.083679,129.880310,25.266108,0.023324,0.968171,-0.131685,0.211567,-3.781552,143.559952,22.719019,0.076322,0.923359,-0.017505,0.375867,-11.112231,123.556229,22.937101,0.409955,-0.435178,0.412198,-0.687495,-24.786074,126.031898,9.437715,0.488102,-0.442947,0.344787,-0.668338,-17.325548,101.548157,2.534585,0.556255,-0.448705,0.261178,-0.648868,-9.212962,81.953979,-3.069893,-0.044486,0.875244,-0.097956,0.471565,-6.124125,123.623184,28.467861,0.573444,0.815861,0.036880,0.064596,4.556458,126.921669,44.291313,0.538306,0.810236,0.185910,0.138501,13.410126,101.990166,45.964233,0.511721,0.764280,0.349747,0.178032,21.764389,81.791031,46.495094,0.090378,0.887230,0.175439,0.416985,-8.590767,83.951424,14.909760,0.105966,0.933500,0.023980,0.341723,-9.091982,51.083054,1.126513,-0.043225,0.935348,0.022751,0.350341,-17.250710,7.180360,-4.142997,-0.100808,0.901508,-0.047599,0.418157,3.451445,84.522797,29.124340,0.008023,0.905191,-0.140588,0.400998,8.511236,49.763878,35.188587,-0.042245,0.884815,0.014076,0.463810,2.788364,6.582895,46.343426,-0.043225,0.935348,0.022751,0.350341,-7.530301,2.170071,-14.750272,-0.042245,0.884815,0.014076,0.463810,14.777172,1.445384,38.470806
241,2.008333,-0.013516,0.907467,-0.007494,0.419838,-2.551574,84.238197,22.019043,-0.079713,0.902959,0.123191,0.403900,-2.690942,91.876343,21.828381,-0.014059,0.913885,0.019668,0.405252,-7.226072,109.701660,24.772974,0.092361,0.938524,-0.073682,0.324367,-8.067289,129.881790,25.269053,0.022630,0.968332,-0.130948,0.211362,-3.763126,143.553909,22.685347,0.076193,0.923790,-0.017926,0.374814,-11.096466,123.554733,22.948952,0.410988,-0.435759,0.411883,-0.686699,-24.801687,126.021667,9.479828,0.488868,-0.443773,0.344597,-0.667328,-17.354225,101.530312,2.589622,0.556459,-0.449913,0.260156,-0.648267,-9.267654,81.923424,-3.012170,-0.044601,0.875621,-0.098201,0.470803,-6.097665,123.627388,28.469971,0.573465,0.815936,0.036361,0.063747,4.610328,126.931999,44.273594,0.538388,0.810341,0.185742,0.137788,13.468501,102.000717,45.925762,0.508734,0.766372,0.349710,0.177672,21.839025,81.775177,46.435970,0.090573,0.887168,0.175115,0.417210,-8.582135,83.950951,14.919842,0.105984,0.933515,0.024271,0.341656,-9.102118,51.076996,1.150602,-0.043071,0.935279,0.022932,0.350530,-17.253696,7.175899,-4.143214,-0.100423,0.902092,-0.048022,0.416941,3.478988,84.525444,29.118246,0.008074,0.905250,-0.140535,0.400883,8.509761,49.763882,35.191475,-0.042371,0.884773,0.013994,0.463880,2.786078,6.581628,46.340988,-0.043071,0.935279,0.022932,0.350530,-7.530092,2.168965,-14.749141,-0.042371,0.884773,0.013994,0.463880,14.777027,1.443907,38.471775
242,2.016667,-0.013507,0.907747,-0.007695,0.419230,-2.536174,84.238373,22.017933,-0.079607,0.903301,0.123290,0.403126,-2.674256,91.876480,21.824635,-0.014197,0.914244,0.019637,0.404439,-7.204886,109.701965,24.778078,0.092090,0.938802,-0.073710,0.323632,-8.050284,129.881989,25.271507,0.022095,0.968512,-0.130802,0.210681,-3.756213,143.555847,22.680199,0.076102,0.924208,-0.018319,0.373782,-11.081977,123.553696,22.958071,0.411862,-0.435977,0.411811,-0.686079,-24.817678,126.013611,9.518748,0.489373,-0.445126,0.344159,-0.666282,-17.377163,101.513435,2.652451,0.557348,-0.450958,0.258939,-0.647264,-9.328574,81.892548,-2.971344,-0.044770,0.876115,-0.098093,0.469889,-6.073430,123.628738,28.470219,0.573493,0.816012,0.035986,0.062734,4.667288,126.934517,44.251377,0.538389,0.810535,0.185425,0.137070,13.530557,102.002922,45.871307,0.507734,0.767238,0.349674,0.176860,21.908611,81.783157,46.364594,0.090663,0.887276,0.174884,0.417058,-8.576255,83.949730,14.926887,0.105932,0.933589,0.024494,0.341453,-9.111400,51.071167,1.169236,-0.043343,0.935305,0.023150,0.350415,-17.252958,7.170069,-4.139974,-0.100125,0.902384,-0.048344,0.416342,3.503907,84.527023,29.108980,0.008115,0.905444,-0.140542,0.400441,8.510163,49.763428,35.190804,-0.042180,0.884798,0.014151,0.463847,2.788351,6.581426,46.342236,-0.043343,0.935305,0.023150,0.350415,-7.528566,2.171769,-14.749249,-0.042180,0.884798,0.014151,0.463847,14.777512,1.444938,38.469498
243,2.025000,-0.013430,0.908027,-0.007681,0.418625,-2.518804,84.238373,22.010555,-0.079423,0.903642,0.123421,0.402355,-2.656043,91.876518,21.818029,-0.014497,0.914592,0.019566,0.403643,-7.179019,109.698318,24.781927,0.091858,0.939029,-0.073722,0.323035,-8.033887,129.878098,25.268559,0.021462,0.968654,-0.130621,0.210209,-3.748410,143.553513,22.671251,0.076115,0.924660,-0.018543,0.372649,-11.066323,123.547318,22.962936,0.410256,-0.434620,0.413958,-0.686611,-24.834723,126.006607,9.556988,0.488274,-0.445895,0.343598,-0.666864,-17.425560,101.483307,2.739444,0.557948,-0.452199,0.257983,-0.646262,-9.389833,81.874443,-2.947031,-0.045311,0.876744,-0.097564,0.468774,-6.048326,123.627174,28.466415,0.573918,0.815829,0.035175,0.061677,4.731075,126.938591,44.219997,0.538048,0.811180,0.184597,0.135705,13.575459,101.998840,45.817463,0.509583,0.766738,0.349058,0.174921,21.983791,81.796944,46.288315,0.090702,0.887396,0.174662,0.416888,-8.568363,83.951149,14.927533,0.105909,0.933618,0.024566,0.341376,-9.115425,51.067566,1.182364,-0.043280,0.935330,0.023391,0.350340,-17.253260,7.166344,-4.131504,-0.099902,0.902606,-0.048595,0.415885,3.530756,84.525604,29.093578,0.008254,0.905642,-0.140660,0.399949,8.518365,49.760551,35.182407,-0.042149,0.884788,0.014181,0.463867,2.787054,6.581736,46.341290,-0.043280,0.935330,0.023391,0.350340,-7.530549,2.173717,-14.744994,-0.042149,0.884788,0.014181,0.463867,14.776397,1.445573,38.468609
244,2.033333,-0.013340,0.908247,-0.007715,0.418150,-2.506633,84.239136,22.000113,-0.079059,0.904037,0.123443,0.401533,-2.642509,91.877312,21.807758,-0.014875,0.914993,0.019642,0.402717,-7.149930,109.696983,24.781389,0.091409,0.939405,-0.073266,0.322172,-8.019512,129.876205,25.265539,0.021130,0.968845,-0.130676,0.209327,-3.753611,143.558258,22.671015,0.076124,0.925100,-0.018858,0.371537,-11.051643,123.542580,22.967321,0.414025,-0.437720,0.410656,-0.684359,-24.852041,125.999748,9.593934,0.490827,-0.447616,0.342814,-0.664234,-17.441860,101.490829,2.726007,0.558295,-0.453677,0.256995,-0.645320,-9.449482,81.856087,-2.937959,-0.045573,0.877021,-0.097705,0.468200,-6.022681,123.627495,28.460705,0.573777,0.815997,0.035231,0.060727,4.776636,126.948692,44.198578,0.538256,0.811050,0.185104,0.134962,13.635763,102.011528,45.754070,0.507577,0.767793,0.350002,0.174236,22.052061,81.786804,46.184608,0.090709,0.887510,0.174370,0.416765,-8.563644,83.953178,14.923411,0.105960,0.933622,0.024738,0.341335,-9.122131,51.062424,1.195884,-0.043266,0.935281,0.023541,0.350462,-17.259106,7.162943,-4.133657,-0.099695,0.902824,-0.048899,0.415425,3.550379,84.525093,29.076811,0.008301,0.905902,-0.140761,0.399323,8.518793,49.759209,35.176544,-0.042050,0.884850,0.014198,0.463757,2.787713,6.583017,46.345695,-0.043266,0.935281,0.023541,0.350462,-7.533364,2.174308,-14.746244,-0.042050,0.884850,0.014198,0.463757,14.774208,1.445796,38.469372
245,2.041667,-0.013263,0.908480,-0.007773,0.417647,-2.495540,84.239410,21.985098,-0.078957,0.904344,0.123565,0.400824,-2.630077,91.877602,21.792511,-0.014902,0.915335,0.019622,0.401939,-7.133266,109.695778,24.775108,0.091014,0.939704,-0.073296,0.321404,-8.003127,129.875000,25.258812,0.020739,0.969036,-0.130406,0.208645,-3.750736,143.559570,22.655319,0.075956,0.925519,-0.018897,0.370525,-11.038806,123.540985,22.966343,0.412129,-0.436363,0.412794,-0.685083,-24.869305,125.993553,9.623246,0.489481,-0.448573,0.342295,-0.664849,-17.489567,101.464859,2.793270,0.558771,-0.455033,0.255795,-0.644429,-9.518461,81.840004,-2.942672,-0.045842,0.877516,-0.097390,0.467311,-6.000538,123.626694,28.451180,0.573717,0.816142,0.034813,0.059575,4.830039,126.948837,44.167351,0.538184,0.811515,0.184539,0.133217,13.700162,102.013313,45.686283,0.513124,0.765010,0.348389,0.173460,22.123917,81.836967,46.070656,0.090656,0.887568,0.174207,0.416720,-8.560437,83.954323,14.915122,0.106058,0.933575,0.024733,0.341436,-9.121363,51.058830,1.199058,-0.043581,0.935201,0.023531,0.350638,-17.266016,7.161188,-4.133905,-0.099434,0.903068,-0.049350,0.414904,3.569357,84.524498,29.055077,0.008230,0.906164,-0.140730,0.398740,8.511156,49.758072,35.173321,-0.043181,0.884909,0.013924,0.463549,2.794164,6.581002,46.346313,-0.043581,0.935201,0.023531,0.350638,-7.533120,2.175857,-14.741480,-0.043181,0.884909,0.013924,0.463549,14.786736,1.452512,38.473557
246,2.050000,-0.012725,0.908687,-0.008057,0.417207,-2.505297,84.242821,21.968863,-0.078676,0.904650,0.123593,0.400178,-2.630646,91.881157,21.775820,-0.014762,0.915670,0.019630,0.401179,-7.120809,109.693108,24.765598,0.089966,0.940083,-0.073559,0.320529,-7.985201,129.872482,25.252613,0.020641,0.969220,-0.130003,0.208052,-3.762113,143.561951,22.627222,0.075937,0.926043,-0.019211,0.369201,-11.026159,123.539391,22.964621,0.412975,-0.437457,0.411817,-0.684463,-24.894724,125.989281,9.660596,0.489922,-0.449995,0.341786,-0.663825,-17.522980,101.466057,2.802361,0.558982,-0.456410,0.255303,-0.643467,-9.590738,81.827461,-2.960516,-0.046153,0.877884,-0.097505,0.466564,-5.978738,123.623428,28.441065,0.573648,0.816272,0.034621,0.058557,4.877764,126.956032,44.137123,0.538548,0.811419,0.184874,0.131857,13.758495,102.022026,45.618401,0.509982,0.767135,0.349246,0.171607,22.195002,81.810204,45.943680,0.090456,0.887506,0.174121,0.416933,-8.577299,83.964645,14.904711,0.105939,0.933709,0.024760,0.341103,-9.125021,51.064430,1.199411,-0.043378,0.935291,0.023454,0.350427,-17.260891,7.164633,-4.129259,-0.099451,0.903157,-0.049617,0.414674,3.566705,84.520996,29.033014,0.008178,0.906342,-0.140761,0.398325,8.503197,49.756695,35.167606,-0.043005,0.884952,0.013912,0.463483,2.794507,6.580317,46.347530,-0.043378,0.935291,0.023454,0.350427,-7.535039,2.174833,-14.741194,-0.043005,0.884952,0.013912,0.463483,14.784164,1.448997,38.472172
247,2.058333,-0.012574,0.908864,-0.008075,0.416825,-2.499294,84.240669,21.946768,-0.078639,0.904910,0.123766,0.399545,-2.622518,91.879059,21.754496,-0.014619,0.915994,0.019651,0.400444,-7.112217,109.691116,24.753944,0.089450,0.940423,-0.073699,0.319642,-7.971271,129.870636,25.244724,0.020389,0.969451,-0.129681,0.207200,-3.764496,143.562485,22.605719,0.075764,0.926379,-0.019244,0.368391,-11.017344,123.538498,22.960896,0.413700,-0.438560,0.411153,-0.683718,-24.910078,125.983337,9.681179,0.490325,-0.451290,0.341180,-0.662959,-17.560623,101.459419,2.801526,0.559272,-0.457681,0.255033,-0.642418,-9.660365,81.812798,-2.989758,-0.046228,0.878292,-0.097452,0.465799,-5.961078,123.620750,28.429201,0.573549,0.816444,0.034508,0.057184,4.922789,126.952805,44.106411,0.538586,0.811639,0.185017,0.130141,13.817976,102.020729,45.532394,0.511824,0.766255,0.349085,0.170378,22.266323,81.830040,45.794083,0.090583,0.887467,0.173972,0.417050,-8.577309,83.964935,14.887691,0.105770,0.933753,0.024762,0.341034,-9.135838,51.062668,1.187758,-0.043412,0.935258,0.023511,0.350507,-17.257999,7.159659,-4.135354,-0.099216,0.903308,-0.050060,0.414349,3.578720,84.516403,29.005844,0.008076,0.906461,-0.140827,0.398033,8.489184,49.751923,35.160236,-0.042033,0.884945,0.014243,0.463576,2.790015,6.577072,46.350864,-0.043412,0.935258,0.023511,0.350507,-7.529834,2.171833,-14.746097,-0.042033,0.884945,0.014243,0.463576,14.773305,1.440572,38.469200
248,2.066667,-0.012376,0.909001,-0.008105,0.416531,-2.495671,84.239632,21.921432,-0.078310,0.905252,0.123888,0.398795,-2.616014,91.878090,21.730045,-0.014808,0.916382,0.019601,0.399550,-7.093277,109.688164,24.741814,0.089278,0.940646,-0.073885,0.318992,-7.958035,129.867523,25.228539,0.019823,0.969598,-0.129304,0.206801,-3.757056,143.559189,22.579281,0.075713,0.926764,-0.019307,0.367428,-11.006445,123.533737,22.952423,0.413895,-0.439427,0.410729,-0.683298,-24.926931,125.977669,9.701639,0.490418,-0.452603,0.340643,-0.662271,-17.599354,101.454735,2.795243,0.559508,-0.458988,0.254397,-0.641532,-9.733420,81.799728,-3.032013,-0.046258,0.878633,-0.097371,0.465171,-5.939604,123.619209,28.410881,0.573686,0.816490,0.033884,0.055499,4.966812,126.949059,44.072884,0.538582,0.811927,0.185109,0.128216,13.863683,102.014557,45.444775,0.510826,0.767160,0.349012,0.169450,22.339136,81.820068,45.637653,0.090496,0.887420,0.174038,0.417140,-8.578339,83.967033,14.866245,0.105777,0.933695,0.024467,0.341212,-9.127976,51.065289,1.164714,-0.043462,0.935253,0.023423,0.350520,-17.258907,7.161126,-4.135393,-0.099046,0.903606,-0.050648,0.413667,3.586998,84.512238,28.976620,0.007989,0.906732,-0.140765,0.397441,8.473708,49.749573,35.160168,-0.042006,0.884969,0.014287,0.463532,2.791150,6.573030,46.352722,-0.043462,0.935253,0.023423,0.350520,-7.530194,2.171495,-14.744788,-0.042006,0.884969,0.014287,0.463532,14.773579,1.437205,38.469307
249,2.075000,-0.012149,0.909139,-0.008132,0.416236,-2.493224,84.239067,21.893162,-0.078012,0.905514,0.124105,0.398191,-2.610300,91.877602,21.702885,-0.014933,0.916686,0.019595,0.398849,-7.077964,109.684502,24.728828,0.088952,0.940912,-0.073876,0.318298,-7.946903,129.863724,25.213968,0.019477,0.969775,-0.129080,0.206146,-3.757685,143.557678,22.557936,0.075679,0.927132,-0.019277,0.366508,-10.997229,123.528862,22.943405,0.414123,-0.440353,0.410096,-0.682944,-24.944071,125.973801,9.720535,0.490319,-0.454005,0.340380,-0.661520,-17.632109,101.455856,2.779945,0.559349,-0.460340,0.254100,-0.640820,-9.812148,81.786552,-3.081717,-0.046425,0.879011,-0.097238,0.464466,-5.922106,123.616364,28.394133,0.573833,0.816514,0.033434,0.053874,5.009110,126.947533,44.038563,0.538585,0.812189,0.185412,0.126085,13.906464,102.010132,45.353653,0.509452,0.768235,0.349810,0.167053,22.412796,81.807640,45.465111,0.090471,0.887359,0.174186,0.417215,-8.580581,83.970116,14.841875,0.105676,0.933792,0.024127,0.341003,-9.122924,51.071705,1.132050,-0.043296,0.935280,0.023343,0.350473,-17.257122,7.164124,-4.134685,-0.098877,0.903804,-0.051158,0.413212,3.594134,84.508011,28.944448,0.007765,0.906867,-0.140761,0.397137,8.457968,49.746670,35.153389,-0.043070,0.885053,0.014083,0.463279,2.797565,6.569714,46.355591,-0.043296,0.935280,0.023343,0.350473,-7.531363,2.170528,-14.744930,-0.043070,0.885053,0.014083,0.463279,14.784920,1.443393,38.473473
250,2.083333,-0.012051,0.909226,-0.008042,0.416051,-2.493109,84.243690,21.859478,-0.077670,0.905779,0.124273,0.397603,-2.609429,91.882286,21.671093,-0.015063,0.916997,0.019696,0.398123,-7.065362,109.686592,24.710196,0.088986,0.941092,-0.074139,0.317697,-7.940358,129.865494,25.197676,0.018931,0.969934,-0.128767,0.205641,-3.750624,143.557327,22.531605,0.075558,0.927418,-0.019207,0.365810,-10.992117,123.529709,22.931618,0.414259,-0.441434,0.409499,-0.682522,-24.959465,125.972626,9.730042,0.490320,-0.455236,0.340179,-0.660777,-17.672115,101.458534,2.750042,0.559370,-0.461437,0.254096,-0.640013,-9.894771,81.778313,-3.137247,-0.046675,0.879655,-0.096784,0.463316,-5.908439,123.618660,28.374344,0.573809,0.816587,0.033581,0.052918,5.063197,126.947006,43.991055,0.538911,0.812154,0.185845,0.124273,13.967426,102.009705,45.260532,0.509808,0.768285,0.350307,0.164677,22.479570,81.805710,45.294426,0.090458,0.887308,0.174302,0.417278,-8.583377,83.977112,14.810616,0.105575,0.933761,0.023691,0.341150,-9.120291,51.081432,1.094034,-0.043128,0.935287,0.023225,0.350483,-17.258827,7.170066,-4.134252,-0.098677,0.904087,-0.051733,0.412569,3.597157,84.510269,28.908342,0.007548,0.907037,-0.140784,0.396746,8.435543,49.750328,35.144928,-0.042789,0.885084,0.014020,0.463249,2.796866,6.573638,46.359104,-0.043128,0.935287,0.023225,0.350483,-7.534880,2.171526,-14.743827,-0.042789,0.885084,0.014020,0.463249,14.780693,1.441778,38.475227
251,2.091667,-0.011771,0.909326,-0.008039,0.415841,-2.497839,84.243355,21.821037,-0.077272,0.906040,0.124438,0.397035,-2.610338,91.882057,21.634504,-0.015122,0.917300,0.019805,0.397417,-7.053475,109.687363,24.687941,0.089024,0.941270,-0.074264,0.317128,-7.932034,129.866028,25.179205,0.018356,0.970074,-0.128580,0.205151,-3.742723,143.556793,22.506962,0.075409,0.927708,-0.019099,0.365111,-10.985917,123.529861,22.917072,0.414019,-0.442082,0.409210,-0.682421,-24.973942,125.970314,9.736954,0.489775,-0.456614,0.340007,-0.660318,-17.704418,101.460251,2.724300,0.559101,-0.462630,0.254038,-0.639409,-9.977150,81.773117,-3.205613,-0.046740,0.880141,-0.096573,0.462429,-5.893899,123.619247,28.351990,0.573959,0.816600,0.033519,0.051108,5.109310,126.943604,43.947315,0.538886,0.812374,0.186344,0.122170,14.014396,102.002808,45.140060,0.510020,0.768338,0.350251,0.163895,22.548887,81.812561,45.088650,0.090530,0.887023,0.174663,0.417718,-8.591487,83.981552,14.774921,0.105400,0.933712,0.023001,0.341384,-9.114908,51.095760,1.034115,-0.043024,0.935291,0.023015,0.350499,-17.258934,7.178169,-4.132983,-0.098566,0.904197,-0.052126,0.412304,3.595809,84.505165,28.867153,0.007325,0.907103,-0.140973,0.396532,8.417212,49.746559,35.124348,-0.042111,0.885121,0.014230,0.463233,2.792619,6.574383,46.362942,-0.043024,0.935291,0.023015,0.350499,-7.536277,2.172902,-14.740562,-0.042111,0.885121,0.014230,0.463233,14.770481,1.438321,38.472744
252,2.100000,-0.011369,0.909501,-0.007842,0.415473,-2.498286,84.241447,21.768675,-0.076902,0.906246,0.124878,0.396498,-2.606525,91.880341,21.587479,-0.015204,0.917552,0.019899,0.396825,-7.043038,109.688629,24.664576,0.088886,0.941480,-0.074222,0.316552,-7.925807,129.867035,25.158581,0.017995,0.970215,-0.128513,0.204559,-3.743054,143.559128,22.482889,0.075200,0.927963,-0.018915,0.364515,-10.981075,123.530319,22.899874,0.414067,-0.443192,0.408568,-0.682057,-24.987169,125.967072,9.738274,0.489438,-0.458118,0.339753,-0.659656,-17.741875,101.462662,2.680962,0.558798,-0.463794,0.253799,-0.638926,-10.068939,81.770920,-3.288609,-0.046692,0.880523,-0.096493,0.461724,-5.882095,123.620483,28.328245,0.573826,0.816781,0.033768,0.049517,5.146564,126.939796,43.906662,0.539129,0.812494,0.186508,0.120030,14.068240,102.001427,45.023666,0.511669,0.767763,0.350445,0.161007,22.615639,81.812325,44.890800,0.090502,0.886842,0.174811,0.418045,-8.597800,83.988007,14.727330,0.105193,0.933808,0.022473,0.341221,-9.109846,51.105545,0.978129,-0.042919,0.935320,0.022877,0.350445,-17.253891,7.181871,-4.136959,-0.098451,0.904531,-0.052802,0.411513,3.601227,84.494896,28.810019,0.007073,0.907229,-0.141155,0.396182,8.400697,49.739735,35.103088,-0.042186,0.885208,0.014221,0.463059,2.794557,6.571832,46.367294,-0.042919,0.935320,0.022877,0.350445,-7.533919,2.171722,-14.744695,-0.042186,0.885208,0.014221,0.463059,14.770007,1.436408,38.473026
253,2.108333,-0.010997,0.909604,-0.007879,0.415257,-2.508686,84.240341,21.722673,-0.076547,0.906583,0.124967,0.395766,-2.611564,91.879341,21.543348,-0.015095,0.917964,0.020086,0.395867,-7.034138,109.685532,24.631763,0.088426,0.941845,-0.074026,0.315641,-7.915362,129.863770,25.135338,0.017894,0.970382,-0.128417,0.203834,-3.750513,143.560486,22.455418,0.075091,0.928224,-0.018736,0.363884,-10.975515,123.527992,22.880610,0.413932,-0.444122,0.408071,-0.681831,-25.000063,125.964546,9.738630,0.488978,-0.459500,0.339645,-0.659091,-17.777020,101.465736,2.639188,0.558549,-0.464864,0.254120,-0.638238,-10.156880,81.765938,-3.367979,-0.046926,0.880859,-0.096187,0.461122,-5.865172,123.615959,28.298325,0.574155,0.816708,0.033258,0.047210,5.184158,126.936150,43.861900,0.539063,0.812795,0.186834,0.117767,14.097667,101.991203,44.893764,0.511002,0.768123,0.352040,0.157899,22.680761,81.793175,44.674446,0.090373,0.886665,0.175203,0.418285,-8.611713,83.992920,14.684155,0.104833,0.934055,0.021935,0.340691,-9.099751,51.118584,0.914676,-0.042629,0.935466,0.022715,0.350099,-17.233503,7.185972,-4.139699,-0.098399,0.904828,-0.053122,0.410831,3.594341,84.487762,28.761190,0.006786,0.907322,-0.141410,0.395885,8.385752,49.734299,35.069744,-0.042264,0.885323,0.014057,0.462839,2.797659,6.572515,46.366306,-0.042629,0.935466,0.022715,0.350099,-7.524758,2.168046,-14.754042,-0.042264,0.885323,0.014057,0.462839,14.769236,1.433860,38.468258
254,2.116667,-0.010526,0.909690,-0.007822,0.415082,-2.526672,84.239792,21.668577,-0.075994,0.906866,0.125162,0.395162,-2.623396,91.878967,21.493046,-0.015159,0.918294,0.020191,0.395093,-7.027839,109.685181,24.598957,0.088239,0.942120,-0.073747,0.314938,-7.912685,129.863174,25.106134,0.017757,0.970523,-0.128386,0.203193,-3.758260,143.563400,22.427929,0.075017,0.928446,-0.018646,0.363335,-10.975228,123.526955,22.855898,0.414386,-0.445651,0.406953,-0.681226,-25.015682,125.963150,9.730847,0.488911,-0.460963,0.339601,-0.658141,-17.816458,101.473534,2.575707,0.557718,-0.466582,0.254427,-0.637588,-10.254269,81.759430,-3.456416,-0.047047,0.881241,-0.095738,0.460473,-5.855788,123.615494,28.265009,0.573923,0.816941,0.033547,0.045768,5.216289,126.930084,43.813602,0.539154,0.812901,0.187672,0.115256,14.151001,101.989914,44.775192,0.512847,0.767223,0.351948,0.156492,22.755438,81.802467,44.446228,0.089976,0.886436,0.175668,0.418660,-8.632595,84.000801,14.632280,0.104781,0.934299,0.021296,0.340078,-9.075488,51.132996,0.845686,-0.042773,0.935488,0.022091,0.350064,-17.227884,7.196900,-4.148042,-0.098436,0.905185,-0.053456,0.409991,3.579252,84.478783,28.704876,0.006411,0.907412,-0.141734,0.395568,8.368966,49.728382,35.031555,-0.042387,0.885451,0.013730,0.462592,2.803916,6.574410,46.369255,-0.042773,0.935488,0.022091,0.350064,-7.520211,2.163830,-14.756195,-0.042387,0.885451,0.013730,0.462592,14.770885,1.429030,38.468597
255,2.125000,-0.010080,0.909737,-0.007807,0.414990,-2.546426,84.239845,21.616280,-0.075626,0.907043,0.125312,0.394780,-2.637064,91.879166,21.443804,-0.014993,0.918520,0.020289,0.394568,-7.030617,109.688583,24.562540,0.088163,0.942383,-0.073280,0.314279,-7.910551,129.866608,25.076542,0.017570,0.970696,-0.128451,0.202338,-3.765006,143.571075,22.406288,0.074947,0.928590,-0.018235,0.363003,-10.977042,123.531700,22.828011,0.414548,-0.447202,0.406322,-0.680488,-25.027233,125.971832,9.714122,0.489091,-0.462367,0.339012,-0.657327,-17.874197,101.483009,2.510088,0.557889,-0.467898,0.254024,-0.636635,-10.350336,81.761658,-3.556877,-0.046906,0.881713,-0.095368,0.459661,-5.851355,123.617577,28.231243,0.573776,0.817122,0.034022,0.043985,5.250179,126.918625,43.761703,0.539480,0.812935,0.187995,0.112941,14.202319,101.981354,44.632301,0.513944,0.766996,0.352088,0.153668,22.814753,81.798363,44.210567,0.089514,0.886295,0.176478,0.418717,-8.653933,84.008545,14.581102,0.104544,0.934717,0.020483,0.339052,-9.041887,51.155163,0.758527,-0.041947,0.935644,0.021894,0.349760,-17.205082,7.211563,-4.150805,-0.098853,0.905736,-0.053847,0.408621,3.561082,84.471146,28.651459,0.006576,0.907855,-0.141960,0.394465,8.375426,49.729595,35.007984,-0.042475,0.885456,0.013379,0.462585,2.802687,6.581590,46.364632,-0.041947,0.935644,0.021894,0.349760,-7.513298,2.164042,-14.766613,-0.042475,0.885456,0.013379,0.462585,14.768903,1.428621,38.467785
256,2.133333,-0.009504,0.909751,-0.007849,0.414971,-2.574985,84.241821,21.559103,-0.075107,0.907229,0.125290,0.394457,-2.657357,91.881302,21.389696,-0.014893,0.918730,0.020590,0.394067,-7.032020,109.693527,24.517052,0.087725,0.942574,-0.073370,0.313809,-7.912749,129.871185,25.044287,0.017465,0.970770,-0.128275,0.202103,-3.780152,143.577789,22.364985,0.074978,0.928733,-0.018146,0.362635,-10.981282,123.537422,22.795277,0.414623,-0.448123,0.405820,-0.680135,-25.041634,125.980614,9.692855,0.488577,-0.464032,0.338757,-0.656667,-17.910715,101.495453,2.454542,0.557279,-0.469515,0.253804,-0.636065,-10.447476,81.767212,-3.659781,-0.047003,0.882199,-0.094629,0.458869,-5.849667,123.620369,28.192923,0.573490,0.817379,0.034338,0.042677,5.279680,126.909569,43.705982,0.539908,0.812790,0.188918,0.110374,14.255222,101.978516,44.511398,0.513962,0.767100,0.353354,0.150137,22.879856,81.783310,43.971466,0.089163,0.885795,0.177214,0.419538,-8.682998,84.019958,14.524060,0.104312,0.935415,0.019786,0.337233,-9.013238,51.180649,0.666590,-0.041679,0.935753,0.021196,0.349544,-17.187967,7.230181,-4.161309,-0.098988,0.905880,-0.053943,0.408257,3.533028,84.463676,28.594145,0.006128,0.907918,-0.142399,0.394170,8.355652,49.724766,34.958805,-0.042489,0.885578,0.013184,0.462355,2.807724,6.587467,46.368130,-0.041679,0.935753,0.021196,0.349544,-7.505780,2.160975,-14.775541,-0.042489,0.885578,0.013184,0.462355,14.769140,1.429572,38.467224
257,2.141667,-0.009191,0.909893,-0.007382,0.414677,-2.598024,84.245491,21.496626,-0.074485,0.907441,0.125163,0.394128,-2.679060,91.885170,21.335720,-0.014827,0.918906,0.020885,0.393644,-7.028022,109.694183,24.468420,0.087534,0.942795,-0.072651,0.313364,-7.910769,129.871429,25.008070,0.017273,0.970863,-0.128429,0.201576,-3.791292,143.584885,22.343588,0.074922,0.928937,-0.017819,0.362140,-10.980601,123.538574,22.758266,0.414630,-0.449173,0.405270,-0.679766,-25.055176,125.985275,9.671781,0.488197,-0.465771,0.338332,-0.655937,-17.950569,101.504623,2.392448,0.557557,-0.470530,0.254023,-0.634984,-10.547781,81.775421,-3.770146,-0.047105,0.882742,-0.093766,0.457990,-5.843991,123.619064,28.151199,0.573903,0.817222,0.033870,0.040448,5.316216,126.894203,43.645050,0.539507,0.813358,0.189179,0.107665,14.276464,101.955101,44.367023,0.515684,0.766177,0.354231,0.146844,22.945387,81.783623,43.730251,0.088898,0.885186,0.178073,0.420516,-8.710701,84.032562,14.465359,0.104107,0.935740,0.018779,0.336451,-8.982255,51.211651,0.563088,-0.041272,0.935849,0.020528,0.349375,-17.174662,7.253840,-4.167108,-0.099012,0.906076,-0.054213,0.407780,3.514653,84.458420,28.527891,0.005811,0.908070,-0.142827,0.393669,8.334200,49.721928,34.908054,-0.042125,0.885437,0.013056,0.462662,2.803281,6.595260,46.365726,-0.041272,0.935849,0.020528,0.349375,-7.502376,2.162297,-14.779679,-0.042125,0.885437,0.013056,0.462662,14.766121,1.429388,38.472195
258,2.150000,-0.008482,0.910018,-0.007358,0.414417,-2.641051,84.240135,21.427040,-0.073679,0.907658,0.125093,0.393802,-2.712417,91.880005,21.270977,-0.014622,0.919095,0.021134,0.393197,-7.032303,109.694382,24.415102,0.087111,0.943020,-0.072367,0.312871,-7.911117,129.871445,24.967665,0.017329,0.970950,-0.128343,0.201208,-3.807467,143.589813,22.304068,0.075034,0.929082,-0.017204,0.361775,-10.984232,123.540459,22.717110,0.414478,-0.450013,0.404931,-0.679505,-25.068401,126.000465,9.643444,0.487830,-0.467549,0.337926,-0.655154,-17.989269,101.522804,2.329352,0.557231,-0.472731,0.253430,-0.633870,-10.644352,81.778412,-3.885018,-0.047167,0.883047,-0.093223,0.457507,-5.842295,123.616859,28.105024,0.573960,0.817274,0.034085,0.038350,5.334816,126.883293,43.588528,0.539423,0.813533,0.190102,0.105108,14.300354,101.943459,44.213047,0.515921,0.766039,0.354899,0.145109,23.003145,81.773933,43.464066,0.088469,0.884478,0.179306,0.421570,-8.757978,84.039429,14.399111,0.103821,0.935939,0.017484,0.336055,-8.947536,51.244522,0.434269,-0.040593,0.935968,0.020043,0.349163,-17.157490,7.277137,-4.174915,-0.099347,0.906298,-0.054488,0.407168,3.475876,84.440834,28.454967,0.005414,0.907905,-0.143170,0.393930,8.313045,49.711208,34.859158,-0.042240,0.885373,0.012983,0.462777,2.799146,6.592977,46.356735,-0.040593,0.935968,0.020043,0.349163,-7.498405,2.165184,-14.789693,-0.042240,0.885373,0.012983,0.462777,14.764835,1.426995,38.467602
259,2.158333,-0.008193,0.910165,-0.007095,0.414105,-2.676254,84.234154,21.350119,-0.072807,0.907838,0.125282,0.393490,-2.745326,91.874161,21.199570,-0.014499,0.919248,0.021310,0.392835,-7.036644,109.687820,24.363859,0.087441,0.943139,-0.072066,0.312488,-7.913455,129.864716,24.925249,0.017013,0.971076,-0.128277,0.200665,-3.805220,143.583435,22.270552,0.075306,0.929279,-0.017219,0.361210,-10.988852,123.534882,22.674593,0.414656,-0.451493,0.403924,-0.679013,-25.087250,126.005424,9.618271,0.487735,-0.469115,0.337634,-0.654254,-18.035713,101.537766,2.244304,0.557232,-0.473766,0.253458,-0.633086,-10.747237,81.785217,-4.003739,-0.047182,0.883436,-0.092787,0.456842,-5.842618,123.608719,28.058437,0.573692,0.817501,0.034834,0.036813,5.358002,126.866219,43.526817,0.539804,0.813291,0.191312,0.102805,14.345969,101.932404,44.062889,0.516175,0.765851,0.355639,0.143375,23.054977,81.761147,43.198223,0.088025,0.884152,0.180400,0.421880,-8.798088,84.040398,14.326271,0.103922,0.936467,0.015857,0.334632,-8.920713,51.267944,0.308079,-0.040438,0.935752,0.019617,0.349784,-17.195295,7.297566,-4.154594,-0.099528,0.906352,-0.054893,0.406949,3.445580,84.427910,28.373966,0.004909,0.907858,-0.143529,0.393914,8.283920,49.704014,34.808243,-0.042323,0.885364,0.012850,0.462790,2.798737,6.594572,46.352406,-0.040438,0.935752,0.019617,0.349784,-7.525016,2.173180,-14.753170,-0.042323,0.885364,0.012850,0.462790,14.764910,1.426414,38.465431
260,2.166667,-0.007748,0.910351,-0.006715,0.413710,-2.717201,84.233307,21.270285,-0.072069,0.908018,0.125415,0.393168,-2.782547,91.873505,21.127865,-0.014384,0.919399,0.021532,0.392473,-7.048579,109.684540,24.308195,0.087871,0.943239,-0.071797,0.312129,-7.924410,129.861206,24.880011,0.016769,0.971192,-0.128224,0.200160,-3.808536,143.579407,22.234442,0.075428,0.929367,-0.016830,0.360976,-11.001764,123.532524,22.628752,0.414490,-0.452628,0.403502,-0.678611,-25.106018,126.013329,9.580687,0.487452,-0.470527,0.337203,-0.653673,-18.090771,101.548531,2.162688,0.556895,-0.475427,0.253278,-0.632208,-10.848674,81.794907,-4.126585,-0.046931,0.883872,-0.092493,0.456083,-5.851245,123.603630,28.008535,0.573869,0.817473,0.034635,0.034832,5.377135,126.845459,43.460083,0.539297,0.813717,0.192502,0.099829,14.361861,101.908875,43.915943,0.516530,0.765405,0.357175,0.140635,23.125093,81.757179,42.922333,0.087337,0.883761,0.181741,0.422266,-8.845266,84.050056,14.251590,0.103651,0.937389,0.014788,0.332175,-8.876748,51.303638,0.172181,-0.039827,0.935900,0.018761,0.349505,-17.172550,7.325250,-4.170632,-0.099789,0.906409,-0.055208,0.406714,3.410864,84.416557,28.288980,0.004537,0.908106,-0.143998,0.393176,8.258292,49.698845,34.749752,-0.042559,0.885395,0.012398,0.462721,2.796346,6.601202,46.348854,-0.039827,0.935900,0.018761,0.349505,-7.517370,2.171263,-14.768624,-0.042559,0.885395,0.012398,0.462721,14.761662,1.424944,38.465893
261,2.175000,-0.007190,0.910491,-0.006412,0.413417,-2.762162,84.227516,21.187689,-0.071370,0.908183,0.125566,0.392866,-2.821705,91.867897,21.053026,-0.014051,0.919566,0.021715,0.392083,-7.064694,109.678314,24.249722,0.087953,0.943412,-0.071468,0.311658,-7.930811,129.855042,24.833971,0.016703,0.971318,-0.128112,0.199626,-3.817595,143.575348,22.195282,0.075636,0.929510,-0.016560,0.360576,-11.013007,123.529068,22.581724,0.414008,-0.453417,0.403247,-0.678530,-25.127203,126.021790,9.546703,0.486748,-0.472012,0.336852,-0.653308,-18.138935,101.562164,2.086355,0.556866,-0.476344,0.253244,-0.631558,-10.947790,81.806580,-4.256011,-0.046901,0.884302,-0.091881,0.455377,-5.857792,123.594711,27.957069,0.573733,0.817620,0.035140,0.033064,5.395625,126.822937,43.393238,0.539572,0.813709,0.193250,0.096927,14.395031,101.890144,43.757622,0.517182,0.765386,0.357434,0.137650,23.176727,81.735497,42.639172,0.086921,0.883029,0.183318,0.423202,-8.894883,84.056076,14.172764,0.103493,0.937738,0.013135,0.331307,-8.835958,51.345516,0.010338,-0.039537,0.935896,0.017658,0.349605,-17.172087,7.360041,-4.180819,-0.100028,0.906377,-0.055608,0.406672,3.370559,84.398949,28.202612,0.003914,0.908083,-0.144397,0.393089,8.221745,49.687794,34.695728,-0.042512,0.885462,0.012356,0.462599,2.797708,6.600019,46.349152,-0.039537,0.935896,0.017658,0.349605,-7.520905,2.173708,-14.766664,-0.042512,0.885462,0.012356,0.462599,14.760221,1.421952,38.463135
262,2.183333,-0.006783,0.910598,-0.006131,0.413192,-2.808216,84.222115,21.098598,-0.070654,0.908343,0.125732,0.392571,-2.863901,91.862640,20.970430,-0.013592,0.919743,0.021896,0.391674,-7.083724,109.673264,24.184338,0.088221,0.943528,-0.071327,0.311261,-7.935388,129.850174,24.782974,0.016483,0.971428,-0.127868,0.199262,-3.817921,143.569977,22.148300,0.075770,0.929601,-0.016141,0.360334,-11.024007,123.527847,22.529289,0.415138,-0.455572,0.401469,-0.677449,-25.144199,126.031670,9.502892,0.487310,-0.473537,0.336437,-0.651998,-18.183971,101.584389,1.976165,0.556133,-0.478044,0.252689,-0.631141,-11.043173,81.813774,-4.383890,-0.046622,0.884903,-0.091057,0.454404,-5.863829,123.586319,27.899956,0.574115,0.817425,0.035183,0.031160,5.424919,126.788101,43.315819,0.539015,0.814057,0.194620,0.094323,14.407517,101.848160,43.595318,0.516928,0.765094,0.359417,0.135039,23.237606,81.721664,42.357269,0.086304,0.882640,0.185112,0.423359,-8.944516,84.059769,14.086589,0.103176,0.938349,0.011470,0.329734,-8.788155,51.388706,-0.165981,-0.038890,0.936018,0.016736,0.349396,-17.154430,7.393649,-4.193309,-0.100307,0.906153,-0.055846,0.407070,3.328084,84.384460,28.110609,0.003238,0.907902,-0.144909,0.393324,8.187183,49.679176,34.629147,-0.042534,0.885469,0.012209,0.462587,2.797205,6.604296,46.345882,-0.038890,0.936018,0.016736,0.349396,-7.517423,2.175689,-14.776524,-0.042534,0.885469,0.012209,0.462587,14.759103,1.422829,38.461155
263,2.191667,-0.006454,0.910764,-0.005645,0.412839,-2.852345,84.217178,21.005068,-0.069969,0.908555,0.125806,0.392179,-2.906571,91.857857,20.885765,-0.013032,0.919968,0.022187,0.391149,-7.100892,109.662178,24.112514,0.088102,0.943714,-0.071255,0.310749,-7.936020,129.839172,24.731319,0.016438,0.971532,-0.127517,0.198984,-3.824572,143.560394,22.094608,0.076029,0.929755,-0.015969,0.359890,-11.032246,123.521408,22.475260,0.415028,-0.457031,0.400809,-0.676924,-25.163300,126.037720,9.463050,0.487149,-0.474636,0.335899,-0.651597,-18.245611,101.595833,1.879773,0.555510,-0.479328,0.252041,-0.630974,-11.135274,81.828018,-4.516770,-0.046565,0.885255,-0.090387,0.453857,-5.865717,123.570724,27.839911,0.574099,0.817514,0.035107,0.029148,5.442494,126.757469,43.244625,0.539212,0.814122,0.195336,0.091105,14.432520,101.819397,43.439411,0.517941,0.764747,0.359717,0.132297,23.286428,81.693321,42.066540,0.085468,0.882578,0.186878,0.422881,-8.994161,84.064178,13.997677,0.102961,0.939014,0.009889,0.327953,-8.737862,51.429703,-0.337037,-0.038351,0.936110,0.015757,0.349256,-17.140636,7.427624,-4.208667,-0.100639,0.906095,-0.056294,0.407057,3.289472,84.370178,28.012457,0.002709,0.907725,-0.145360,0.393571,8.156692,49.673241,34.569229,-0.042723,0.885397,0.011990,0.462713,2.790820,6.609863,46.339165,-0.038351,0.936110,0.015757,0.349256,-7.515343,2.177791,-14.786783,-0.042723,0.885397,0.011990,0.462713,14.755879,1.425672,38.461029
264,2.200000,-0.006219,0.910933,-0.005235,0.412474,-2.895797,84.209991,20.907747,-0.069400,0.908650,0.126192,0.391937,-2.949384,91.850784,20.795662,-0.012507,0.920086,0.022303,0.390882,-7.129622,109.656120,24.045097,0.088566,0.943731,-0.071900,0.310417,-7.946883,129.833450,24.676744,0.016367,0.971672,-0.126806,0.198760,-3.819124,143.546936,22.025309,0.076252,0.929845,-0.015092,0.359647,-11.049957,123.519753,22.418711,0.414409,-0.457667,0.400724,-0.676924,-25.186485,126.056717,9.416455,0.486288,-0.475888,0.335674,-0.651442,-18.295992,101.618919,1.795321,0.554900,-0.480494,0.251914,-0.630674,-11.228834,81.844101,-4.653593,-0.046095,0.885691,-0.090009,0.453129,-5.880122,123.561310,27.780243,0.574050,0.817617,0.035063,0.027192,5.455364,126.723526,43.169968,0.538961,0.814276,0.196680,0.088272,14.454198,101.788116,43.281548,0.518238,0.764114,0.361697,0.129360,23.344940,81.680817,41.777473,0.084542,0.882414,0.188884,0.422517,-9.043286,84.064156,13.905176,0.102799,0.939546,0.008031,0.326528,-8.672212,51.472206,-0.523475,-0.037642,0.936272,0.014609,0.348947,-17.122074,7.464144,-4.220676,-0.100931,0.906192,-0.056859,0.406689,3.251692,84.355827,27.910318,0.002072,0.907527,-0.145795,0.393872,8.123577,49.667645,34.509853,-0.042604,0.885382,0.011922,0.462755,2.790343,6.615367,46.335133,-0.037642,0.936272,0.014609,0.348947,-7.514624,2.176013,-14.795939,-0.042604,0.885382,0.011922,0.462755,14.754699,1.427860,38.458103
265,2.208333,-0.006002,0.911078,-0.004999,0.412161,-2.939694,84.198425,20.813618,-0.069026,0.908861,0.126384,0.391452,-2.991773,91.839294,20.706196,-0.011954,0.920356,0.022478,0.390253,-7.159333,109.639999,23.968931,0.088808,0.943920,-0.071068,0.309963,-7.958346,129.817551,24.616364,0.016380,0.971727,-0.126904,0.198430,-3.833052,143.535980,21.986738,0.076905,0.929973,-0.015234,0.359170,-11.070005,123.508194,22.358089,0.414513,-0.459057,0.399805,-0.676463,-25.215921,126.067352,9.370404,0.486164,-0.476912,0.335204,-0.651028,-18.353973,101.639267,1.692614,0.554093,-0.481663,0.251217,-0.630771,-11.314056,81.859825,-4.790379,-0.045457,0.885989,-0.090010,0.452610,-5.892649,123.541405,27.712418,0.573942,0.817698,0.035978,0.025827,5.463290,126.680443,43.091793,0.538909,0.814275,0.198058,0.085474,14.472556,101.748566,43.116657,0.518185,0.764239,0.362474,0.126633,23.390150,81.655540,41.479309,0.083907,0.882242,0.190838,0.422125,-9.092041,84.058105,13.815204,0.102480,0.939963,0.006207,0.325466,-8.626451,51.511436,-0.712575,-0.037211,0.936338,0.013632,0.348855,-17.107376,7.495153,-4.236687,-0.101228,0.906121,-0.057161,0.406732,3.212653,84.338745,27.812031,0.001420,0.907183,-0.146362,0.394456,8.094275,49.657307,34.439701,-0.043478,0.885418,0.011078,0.462625,2.786545,6.619728,46.329750,-0.037211,0.936338,0.013632,0.348855,-7.509503,2.176428,-14.805301,-0.043478,0.885418,0.011078,0.462625,14.753534,1.423161,38.462704
266,2.216667,-0.005568,0.911245,-0.004648,0.411802,-3.004354,84.184692,20.709146,-0.068161,0.909035,0.126709,0.391095,-3.052646,91.825691,20.609375,-0.011385,0.920549,0.022573,0.389807,-7.193448,109.623207,23.896507,0.088850,0.944079,-0.070900,0.309505,-7.972500,129.801132,24.556837,0.016622,0.971823,-0.126580,0.198143,-3.849478,143.520691,21.929525,0.077342,0.930045,-0.015023,0.358899,-11.092451,123.496094,22.297890,0.413875,-0.459572,0.399709,-0.676560,-25.243298,126.074310,9.319343,0.485273,-0.478178,0.334726,-0.651011,-18.402420,101.651810,1.605092,0.553746,-0.482730,0.251245,-0.630249,-11.403685,81.884041,-4.935102,-0.045047,0.886511,-0.089501,0.451729,-5.909719,123.521133,27.647060,0.574267,0.817550,0.035658,0.023617,5.478537,126.635063,43.007637,0.538558,0.814623,0.198921,0.082315,14.473818,101.698196,42.945637,0.518322,0.764101,0.363634,0.123541,23.435827,81.624260,41.177883,0.082707,0.882296,0.192878,0.421322,-9.162319,84.054459,13.715479,0.102478,0.940519,0.003781,0.323894,-8.571198,51.549320,-0.900459,-0.036667,0.936335,0.012769,0.348956,-17.128607,7.530818,-4.205170,-0.101908,0.906171,-0.057527,0.406399,3.153610,84.314934,27.702814,0.000868,0.906946,-0.146895,0.394805,8.070300,49.646320,34.371578,-0.043551,0.885345,0.010927,0.462761,2.784124,6.622678,46.321533,-0.036667,0.936335,0.012769,0.348956,-7.536857,2.183541,-14.764934,-0.043551,0.885345,0.010927,0.462761,14.753617,1.423498,38.460014
267,2.225000,-0.005263,0.911400,-0.004228,0.411466,-3.065668,84.170464,20.597807,-0.067094,0.909194,0.126986,0.390818,-3.112384,91.811569,20.505819,-0.010953,0.920693,0.022739,0.389470,-7.219394,109.608063,23.818544,0.089562,0.944108,-0.070604,0.309280,-7.984719,129.786072,24.492146,0.016403,0.971900,-0.126412,0.197892,-3.846171,143.503464,21.877966,0.077850,0.930207,-0.014831,0.358379,-11.110508,123.484505,22.231594,0.413501,-0.460659,0.399232,-0.676331,-25.272768,126.084503,9.269860,0.484908,-0.479043,0.334196,-0.650919,-18.464699,101.669243,1.503820,0.553036,-0.483611,0.250008,-0.630688,-11.483978,81.899216,-5.078517,-0.044679,0.887015,-0.088844,0.450905,-5.923721,123.502792,27.576859,0.574376,0.817505,0.036074,0.021834,5.494627,126.590576,42.920357,0.538289,0.814801,0.200014,0.079617,14.487544,101.653244,42.768143,0.520709,0.762427,0.364816,0.120321,23.481989,81.603607,40.880356,0.081649,0.882149,0.194810,0.420946,-9.228834,84.048637,13.608573,0.102267,0.941031,0.001944,0.322489,-8.517532,51.584538,-1.092942,-0.036327,0.936367,0.011627,0.348944,-17.115561,7.561213,-4.223321,-0.102506,0.906120,-0.057814,0.406321,3.097498,84.292282,27.587038,0.000147,0.906476,-0.147536,0.395645,8.044374,49.634739,34.290916,-0.043541,0.885304,0.010691,0.462847,2.783122,6.628001,46.312492,-0.036327,0.936367,0.011627,0.348944,-7.531176,2.180104,-14.772573,-0.043541,0.885304,0.010691,0.462847,14.753056,1.422868,38.455601
268,2.233333,-0.004912,0.911504,-0.003848,0.411244,-3.127370,84.153122,20.483635,-0.066486,0.909309,0.127310,0.390549,-3.171619,91.794327,20.399151,-0.010363,0.920853,0.022849,0.389102,-7.263022,109.596001,23.733824,0.090443,0.944126,-0.070622,0.308963,-8.007854,129.774323,24.421078,0.016380,0.972025,-0.125928,0.197591,-3.847028,143.486069,21.812674,0.078441,0.930306,-0.014684,0.357998,-11.141747,123.477295,22.159069,0.413351,-0.461358,0.398802,-0.676200,-25.310999,126.101173,9.209787,0.484403,-0.480240,0.333523,-0.650758,-18.518892,101.692451,1.409272,0.552469,-0.484837,0.249151,-0.630583,-11.565766,81.920403,-5.228595,-0.043892,0.887371,-0.088509,0.450347,-5.950496,123.487007,27.500021,0.574083,0.817777,0.035695,0.019911,5.490054,126.540611,42.833828,0.538773,0.814605,0.200865,0.076131,14.505105,101.611801,42.610638,0.519579,0.763364,0.365274,0.117846,23.513130,81.549225,40.569534,0.080314,0.882462,0.196770,0.419635,-9.294009,84.040169,13.497313,0.102066,0.941475,0.000031,0.321258,-8.460091,51.615334,-1.284207,-0.035860,0.936448,0.010783,0.348802,-17.100653,7.587963,-4.235566,-0.103231,0.906019,-0.057857,0.406355,3.039268,84.266075,27.469957,-0.000463,0.906112,-0.148396,0.396156,8.030917,49.619526,34.197445,-0.043629,0.885260,0.010421,0.462928,2.781937,6.635708,46.306061,-0.035860,0.936448,0.010783,0.348802,-7.527052,2.179423,-14.780587,-0.043629,0.885260,0.010421,0.462928,14.753037,1.425157,38.454533
269,2.241667,-0.004566,0.911538,-0.003262,0.411177,-3.186068,84.134033,20.365656,-0.066035,0.909398,0.127605,0.390321,-3.229178,91.775352,20.291513,-0.009530,0.921028,0.023122,0.388693,-7.310240,109.582863,23.644901,0.090803,0.944314,-0.070210,0.308377,-8.028060,129.761337,24.355755,0.016830,0.972176,-0.125661,0.196975,-3.863605,143.474060,21.758327,0.078603,0.930316,-0.014676,0.357935,-11.172287,123.471001,22.089525,0.413090,-0.462218,0.398599,-0.675892,-25.342283,126.100861,9.142278,0.484021,-0.481060,0.332615,-0.650901,-18.583683,101.693489,1.308531,0.552430,-0.485252,0.248657,-0.630493,-11.644364,81.952217,-5.375239,-0.043510,0.888067,-0.087863,0.449138,-5.976051,123.467865,27.425634,0.574666,0.817444,0.035071,0.017736,5.507929,126.494110,42.732368,0.538414,0.815058,0.201198,0.072869,14.491770,101.554848,42.432484,0.520235,0.763209,0.365790,0.114307,23.546597,81.504021,40.268791,0.079295,0.882584,0.198565,0.418725,-9.353797,84.031456,13.380140,0.101709,0.941725,-0.001986,0.320633,-8.415676,51.645615,-1.480408,-0.035411,0.936559,0.010052,0.348571,-17.086462,7.612056,-4.244868,-0.103922,0.905877,-0.057961,0.406482,2.981661,84.236603,27.351171,-0.001171,0.905547,-0.149200,0.397142,8.013318,49.601120,34.105736,-0.043513,0.885186,0.010380,0.463081,2.780078,6.638929,46.297604,-0.035411,0.936559,0.010052,0.348571,-7.525147,2.179225,-14.788546,-0.043513,0.885186,0.010380,0.463081,14.752598,1.425870,38.449909
270,2.250000,-0.004309,0.911704,-0.002467,0.410817,-3.247826,84.117462,20.240313,-0.065421,0.909503,0.128067,0.390030,-3.292378,91.758881,20.178881,-0.008813,0.921184,0.023096,0.388342,-7.357955,109.563576,23.557693,0.091604,0.944396,-0.069793,0.307984,-8.048407,129.742630,24.279104,0.017044,0.972320,-0.125274,0.196494,-3.867750,143.453491,21.697865,0.079361,0.930412,-0.014476,0.357528,-11.202794,123.457588,22.012280,0.413051,-0.463432,0.397925,-0.675482,-25.379444,126.118088,9.078587,0.483961,-0.481835,0.331837,-0.650769,-18.651989,101.717888,1.195829,0.551846,-0.486489,0.248153,-0.630249,-11.721375,81.981674,-5.526080,-0.042511,0.888381,-0.087967,0.448592,-6.002306,123.444916,27.344231,0.574469,0.817552,0.036346,0.016528,5.503990,126.437248,42.640869,0.538538,0.814816,0.202694,0.070478,14.502050,101.504372,42.250275,0.520317,0.763020,0.366930,0.111507,23.566458,81.470695,39.962845,0.078239,0.882526,0.200072,0.418328,-9.421107,84.025345,13.259559,0.101403,0.942367,-0.003623,0.318823,-8.376861,51.670467,-1.661234,-0.034955,0.936599,0.009417,0.348528,-17.074224,7.632160,-4.261589,-0.104939,0.905664,-0.058097,0.406675,2.925456,84.209572,27.221066,-0.001373,0.905808,-0.150143,0.396191,8.016501,49.590359,34.014439,-0.044077,0.885226,0.009514,0.462971,2.778913,6.653595,46.293720,-0.034955,0.936599,0.009417,0.348528,-7.520726,2.177711,-14.801187,-0.044077,0.885226,0.009514,0.462971,14.751313,1.426678,38.455074
271,2.258333,-0.004144,0.911757,-0.001786,0.410705,-3.308195,84.093231,20.114237,-0.064917,0.909675,0.128327,0.389628,-3.354735,91.734718,20.063341,-0.007952,0.921451,0.023414,0.387708,-7.406954,109.545601,23.461226,0.091738,0.944610,-0.069517,0.307350,-8.069840,129.724640,24.208450,0.017706,0.972412,-0.125006,0.196150,-3.890622,143.436890,21.632212,0.079885,0.930466,-0.014183,0.357281,-11.235710,123.446548,21.938381,0.412535,-0.464050,0.397855,-0.675414,-25.415970,126.130280,9.013444,0.483585,-0.482605,0.330979,-0.650916,-18.715927,101.733185,1.097802,0.551939,-0.487016,0.247215,-0.630130,-11.792706,82.010315,-5.673141,-0.042166,0.888916,-0.087131,0.447726,-6.027669,123.420464,27.262911,0.574663,0.817489,0.035622,0.014318,5.509840,126.384354,42.541569,0.538448,0.815092,0.202894,0.067330,14.499703,101.449791,42.076820,0.521795,0.762301,0.367333,0.108137,23.590126,81.434738,39.672138,0.077124,0.882801,0.201712,0.417165,-9.483227,84.009132,13.134928,0.101141,0.942313,-0.005672,0.319036,-8.338170,51.688896,-1.853409,-0.034642,0.936589,0.008859,0.348600,-17.071661,7.647517,-4.274568,-0.105681,0.905433,-0.058101,0.406998,2.866838,84.177330,27.093548,-0.002034,0.905408,-0.151090,0.396742,8.002570,49.569286,33.910172,-0.043561,0.885164,0.009754,0.463132,2.777553,6.658372,46.284805,-0.034642,0.936589,0.008859,0.348600,-7.521667,2.175083,-14.808023,-0.043561,0.885164,0.009754,0.463132,14.748803,1.430416,38.445087
272,2.266667,-0.003714,0.911810,-0.000721,0.410595,-3.370362,84.071091,19.979164,-0.064504,0.909695,0.128753,0.389508,-3.417590,91.712669,19.945808,-0.007165,0.921553,0.023530,0.387472,-7.461448,109.521149,23.364397,0.093295,0.944530,-0.069438,0.307145,-8.096677,129.700455,24.128414,0.017620,0.972551,-0.124540,0.195766,-3.877492,143.403275,21.567259,0.080654,0.930595,-0.013732,0.356790,-11.272272,123.428490,21.854986,0.412302,-0.464404,0.397504,-0.675520,-25.461325,126.146851,8.946946,0.482952,-0.483700,0.330321,-0.650907,-18.763885,101.758110,1.003426,0.551212,-0.488034,0.245555,-0.630628,-11.863656,82.031799,-5.826176,-0.040966,0.889373,-0.087187,0.446918,-6.061336,123.391029,27.176613,0.574821,0.817425,0.035310,0.012295,5.508048,126.312553,42.439323,0.538337,0.815077,0.204169,0.064487,14.491148,101.377129,41.896057,0.520793,0.762520,0.368801,0.106409,23.604870,81.385262,39.359100,0.076131,0.882802,0.202867,0.416786,-9.547136,84.002457,13.001227,0.100780,0.942270,-0.007478,0.319241,-8.310725,51.704674,-2.028203,-0.034373,0.936602,0.008345,0.348607,-17.065208,7.658884,-4.287817,-0.106550,0.905125,-0.058117,0.407453,2.806413,84.139725,26.957100,-0.002685,0.904902,-0.152147,0.397489,7.993536,49.544952,33.802147,-0.043664,0.885140,0.009527,0.463174,2.773479,6.663132,46.279293,-0.034373,0.936602,0.008345,0.348607,-7.519574,2.170033,-14.816679,-0.043664,0.885140,0.009527,0.463174,14.745510,1.430979,38.443562
273,2.275000,-0.002770,0.911874,-0.000126,0.410460,-3.457915,84.040192,19.833851,-0.063661,0.909819,0.129042,0.389263,-3.495733,91.681877,19.814718,-0.006037,0.921754,0.023674,0.387006,-7.514761,109.493271,23.256783,0.093609,0.944746,-0.068525,0.306589,-8.109818,129.672897,24.044136,0.018180,0.972671,-0.124289,0.195275,-3.892145,143.380646,21.507006,0.081351,0.930804,-0.013317,0.356103,-11.300068,123.409691,21.767073,0.411604,-0.464929,0.397323,-0.675691,-25.503736,126.159958,8.881881,0.482525,-0.484427,0.329551,-0.651073,-18.824587,101.779808,0.896684,0.551478,-0.488341,0.244693,-0.630492,-11.932627,82.065788,-5.980135,-0.040240,0.889648,-0.086947,0.446484,-6.083526,123.356102,27.083067,0.574736,0.817476,0.036001,0.010759,5.503145,126.247406,42.338417,0.538489,0.814946,0.205027,0.062107,14.493267,101.316582,41.707706,0.521405,0.762184,0.369412,0.103674,23.614655,81.338043,39.062328,0.074953,0.882821,0.203889,0.416459,-9.636868,83.992142,12.857670,0.100329,0.942213,-0.009210,0.319506,-8.300794,51.711304,-2.199596,-0.034186,0.936534,0.008154,0.348810,-17.066496,7.659954,-4.301962,-0.107656,0.904568,-0.058082,0.408402,2.721040,84.088234,26.810032,-0.003591,0.904242,-0.153133,0.398603,7.972370,49.510082,33.689945,-0.044121,0.885086,0.009347,0.463237,2.775219,6.655860,46.271030,-0.034186,0.936534,0.008154,0.348810,-7.518908,2.164269,-14.825489,-0.044121,0.885086,0.009347,0.463237,14.752084,1.425676,38.441376
274,2.283333,-0.002693,0.911936,0.001346,0.410321,-3.496240,84.017990,19.687460,-0.063397,0.909813,0.129650,0.389117,-3.542212,91.659653,19.689329,-0.005455,0.921846,0.023979,0.386776,-7.562461,109.475639,23.157892,0.094440,0.944750,-0.068638,0.306295,-8.140417,129.654953,23.965832,0.018650,0.972785,-0.123718,0.195029,-3.900922,143.356506,21.431547,0.081602,0.930854,-0.012838,0.355932,-11.337043,123.396667,21.684160,0.410911,-0.465368,0.397466,-0.675726,-25.543842,126.162849,8.805834,0.481873,-0.484813,0.328875,-0.651611,-18.892347,101.784363,0.792552,0.550714,-0.489038,0.243850,-0.630947,-12.000099,82.095810,-6.127706,-0.039616,0.890291,-0.086183,0.445404,-6.117752,123.333427,26.997345,0.575023,0.817293,0.036078,0.008929,5.508168,126.187386,42.229851,0.538409,0.815071,0.205411,0.059842,14.482713,101.253166,41.516846,0.522852,0.761294,0.370029,0.100679,23.618196,81.298218,38.782265,0.074169,0.883014,0.204699,0.415792,-9.677328,83.982506,12.713096,0.100009,0.942207,-0.010985,0.319568,-8.278626,51.716949,-2.371216,-0.034053,0.936463,0.007972,0.349017,-17.068195,7.663047,-4.314491,-0.108422,0.904277,-0.058616,0.408769,2.684848,84.053474,26.661825,-0.004014,0.904049,-0.153975,0.398713,7.966245,49.491562,33.600109,-0.044203,0.884988,0.009113,0.463422,2.771710,6.660867,46.262150,-0.034053,0.936463,0.007972,0.349017,-7.517947,2.161326,-14.832449,-0.044203,0.884988,0.009113,0.463422,14.751676,1.426192,38.440250
275,2.291667,-0.002518,0.911899,0.002514,0.410400,-3.549580,84.008919,19.539686,-0.062866,0.909831,0.130211,0.388974,-3.600438,91.650528,19.558933,-0.004789,0.921973,0.024391,0.386456,-7.609229,109.459221,23.053707,0.094956,0.944839,-0.068590,0.305874,-8.168517,129.638000,23.887608,0.019277,0.972898,-0.123210,0.194725,-3.917456,143.336624,21.356895,0.082098,0.931000,-0.012380,0.355450,-11.372400,123.385490,21.600332,0.410379,-0.466058,0.397173,-0.675746,-25.589329,126.176575,8.738565,0.481497,-0.485303,0.328138,-0.651895,-18.959589,101.806244,0.682511,0.550970,-0.489033,0.243932,-0.630695,-12.069897,82.140701,-6.275924,-0.038732,0.890594,-0.085928,0.444926,-6.149323,123.310837,26.909649,0.574992,0.817289,0.037002,0.007363,5.495792,126.128769,42.134197,0.538822,0.814654,0.206596,0.057688,14.473589,101.198647,41.325233,0.522795,0.761197,0.370751,0.099040,23.608789,81.237373,38.477345,0.073477,0.883166,0.204958,0.415465,-9.729486,83.985359,12.564224,0.099478,0.942231,-0.012408,0.319611,-8.285115,51.720081,-2.516378,-0.034245,0.936432,0.007856,0.349085,-17.070839,7.659650,-4.324203,-0.109022,0.903705,-0.058920,0.409828,2.630324,84.032478,26.515150,-0.004876,0.903552,-0.154776,0.399517,7.932623,49.482407,33.496315,-0.044037,0.884834,0.008773,0.463738,2.767990,6.674650,46.247845,-0.034245,0.936432,0.007856,0.349085,-7.517384,2.156960,-14.838740,-0.044037,0.884834,0.008773,0.463738,14.750510,1.429520,38.436867
276,2.300000,-0.001857,0.911885,0.003357,0.410428,-3.614092,83.997665,19.388903,-0.062372,0.909839,0.130891,0.388807,-3.661035,91.639244,19.424034,-0.003979,0.922115,0.024618,0.386111,-7.662728,109.446228,22.949890,0.095677,0.944908,-0.068352,0.305487,-8.195085,129.624847,23.805073,0.019823,0.973003,-0.122792,0.194410,-3.928393,143.320572,21.285025,0.082743,0.931138,-0.012057,0.354951,-11.408904,123.378876,21.513868,0.409899,-0.467079,0.396635,-0.675648,-25.635454,126.198349,8.668953,0.481345,-0.485404,0.327751,-0.652127,-19.033575,101.839043,0.556912,0.550382,-0.489129,0.243120,-0.631447,-12.133877,82.173347,-6.422953,-0.038474,0.891068,-0.085112,0.444155,-6.181754,123.291946,26.818985,0.575519,0.816962,0.036406,0.005009,5.490687,126.085052,42.027164,0.538608,0.814915,0.206777,0.055302,14.437861,101.146828,41.133236,0.523939,0.760345,0.371629,0.096204,23.601072,81.195602,38.195690,0.072842,0.883142,0.205202,0.415506,-9.793617,83.991776,12.413068,0.098906,0.941796,-0.014033,0.321001,-8.301315,51.727009,-2.663951,-0.034340,0.936333,0.007798,0.349344,-17.083178,7.660237,-4.330596,-0.109772,0.902865,-0.059199,0.411438,2.565433,84.003555,26.364738,-0.005886,0.902779,-0.155544,0.400950,7.894532,49.467525,33.394821,-0.044047,0.884685,0.008560,0.464024,2.763922,6.682184,46.234989,-0.034340,0.936333,0.007798,0.349344,-7.523056,2.157263,-14.838921,-0.044047,0.884685,0.008560,0.464024,14.750713,1.432203,38.433834
277,2.308333,-0.001403,0.911899,0.004815,0.410385,-3.660821,83.994225,19.227434,-0.062042,0.909756,0.131861,0.388724,-3.710578,91.635643,19.285738,-0.003383,0.922180,0.024957,0.385940,-7.714183,109.433029,22.848635,0.095529,0.945013,-0.069041,0.305053,-8.229457,129.611145,23.725838,0.021064,0.973095,-0.121940,0.194351,-3.962921,143.302826,21.183630,0.083323,0.931185,-0.011492,0.354710,-11.449368,123.370323,21.429163,0.408838,-0.466982,0.397061,-0.676108,-25.678820,126.218735,8.593841,0.480157,-0.485888,0.327434,-0.652801,-19.090097,101.862846,0.460829,0.549817,-0.489236,0.242804,-0.631977,-12.201815,82.211334,-6.571200,-0.037718,0.891687,-0.084396,0.443113,-6.220183,123.273323,26.732101,0.575574,0.816896,0.037186,0.003441,5.490316,126.025513,41.918476,0.539274,0.814409,0.207520,0.053448,14.434828,101.089790,40.932709,0.523350,0.760697,0.372183,0.094469,23.578705,81.134178,37.902012,0.072180,0.883408,0.204747,0.415282,-9.841035,84.007202,12.252218,0.098388,0.941681,-0.015157,0.321444,-8.325176,51.722301,-2.779277,-0.034503,0.936260,0.008049,0.349516,-17.095228,7.649293,-4.339808,-0.110402,0.902252,-0.059846,0.412519,2.519393,83.981255,26.202652,-0.006720,0.902253,-0.156256,0.401844,7.860634,49.460613,33.298801,-0.044321,0.884515,0.007983,0.464333,2.759194,6.696171,46.219971,-0.034503,0.936260,0.008049,0.349516,-7.528692,2.154804,-14.846738,-0.044321,0.884515,0.007983,0.464333,14.751689,1.436003,38.434456
278,2.316667,-0.000629,0.911860,0.005735,0.410460,-3.723214,83.996376,19.071527,-0.061564,0.909747,0.132784,0.388508,-3.767953,91.637665,19.147514,-0.002882,0.922335,0.025260,0.385553,-7.766508,109.423157,22.747972,0.095947,0.945058,-0.070214,0.304514,-8.267447,129.600784,23.644484,0.022159,0.973237,-0.120824,0.194219,-3.982498,143.281006,21.071730,0.083758,0.931268,-0.010989,0.354406,-11.493531,123.364281,21.344746,0.408181,-0.467700,0.396626,-0.676264,-25.728506,126.235687,8.520677,0.479797,-0.485976,0.327288,-0.653073,-19.157019,101.892853,0.334803,0.549018,-0.489620,0.242444,-0.632513,-12.268579,82.248215,-6.713589,-0.037092,0.892048,-0.083901,0.442532,-6.259857,123.258804,26.643091,0.575934,0.816646,0.037261,0.001314,5.472374,125.979507,41.818356,0.539318,0.814305,0.208268,0.051658,14.395494,101.040062,40.737476,0.524021,0.759889,0.373190,0.093281,23.552561,81.084885,37.621304,0.071367,0.883563,0.204193,0.415365,-9.902303,84.029564,12.095381,0.097888,0.941662,-0.016087,0.321609,-8.351189,51.720184,-2.879826,-0.035008,0.936170,0.008126,0.349707,-17.105827,7.640958,-4.348628,-0.111069,0.901621,-0.060313,0.413650,2.455876,83.963181,26.047674,-0.007669,0.901732,-0.156942,0.402728,7.816401,49.457054,33.199661,-0.044033,0.884337,0.007605,0.464706,2.754366,6.713170,46.204075,-0.035008,0.936170,0.008126,0.349707,-7.529324,2.154031,-14.850428,-0.044033,0.884337,0.007605,0.464706,14.749031,1.439934,38.430756
279,2.325000,-0.000027,0.911841,0.006884,0.410486,-3.765313,83.989189,18.914436,-0.061620,0.909849,0.133509,0.388012,-3.808878,91.630264,19.010199,-0.002018,0.922664,0.025775,0.384737,-7.818189,109.411194,22.636568,0.096413,0.945369,-0.068944,0.303691,-8.294110,129.587936,23.566151,0.023161,0.973340,-0.121071,0.193428,-4.010606,143.274826,21.026718,0.084192,0.931433,-0.010587,0.353882,-11.531572,123.358833,21.262306,0.407536,-0.468355,0.396205,-0.676446,-25.778112,126.252190,8.456018,0.479034,-0.486297,0.327092,-0.653492,-19.221428,101.922455,0.219517,0.548228,-0.489530,0.242477,-0.633255,-12.342008,82.289650,-6.861124,-0.036476,0.892286,-0.083499,0.442180,-6.288463,123.238846,26.551012,0.575910,0.816600,0.038619,-0.000248,5.457625,125.930573,41.720737,0.540128,0.813680,0.208901,0.050464,14.382248,100.996635,40.530796,0.524588,0.759436,0.373745,0.091536,23.508602,81.031006,37.346531,0.071007,0.883705,0.203605,0.415414,-9.944016,84.041389,11.938061,0.097283,0.941333,-0.017220,0.322693,-8.387692,51.711250,-2.991739,-0.035518,0.936057,0.008408,0.349950,-17.122677,7.624802,-4.357066,-0.111604,0.901063,-0.060884,0.414636,2.413390,83.936989,25.890810,-0.008564,0.900988,-0.157649,0.404096,7.782786,49.444313,33.100773,-0.044232,0.884150,0.007241,0.465048,2.747764,6.721711,46.185379,-0.035518,0.936057,0.008408,0.349950,-7.534368,2.150963,-14.854926,-0.044232,0.884150,0.007241,0.465048,14.748892,1.442613,38.426014
280,2.333333,0.001054,0.911767,0.007471,0.410639,-3.834455,84.002014,18.763123,-0.061165,0.909719,0.134368,0.388091,-3.866651,91.642952,18.873840,-0.001371,0.922675,0.026211,0.384685,-7.870695,109.406784,22.532793,0.097111,0.945460,-0.067912,0.303419,-8.329248,129.582687,23.488708,0.024050,0.973387,-0.121461,0.192838,-4.036666,143.272690,20.981531,0.084435,0.931536,-0.009861,0.353575,-11.572346,123.359367,21.177206,0.406705,-0.468691,0.396279,-0.676671,-25.825714,126.271904,8.382879,0.478293,-0.486543,0.326730,-0.654033,-19.288843,101.948212,0.112857,0.547590,-0.489713,0.241986,-0.633853,-12.408495,82.325729,-7.005806,-0.035865,0.892764,-0.082714,0.441412,-6.328619,123.228027,26.465025,0.576318,0.816241,0.040058,-0.001835,5.445457,125.883362,41.619446,0.540448,0.813252,0.209956,0.049556,14.345004,100.946136,40.316021,0.524561,0.759049,0.374793,0.090617,23.463743,80.977165,37.068455,0.070582,0.883569,0.202745,0.416196,-10.010792,84.077110,11.784864,0.096534,0.941165,-0.017981,0.323366,-8.441184,51.717770,-3.080127,-0.035824,0.935979,0.008334,0.350129,-17.134445,7.620680,-4.365471,-0.112395,0.900466,-0.061140,0.415680,2.341882,83.926926,25.741381,-0.009461,0.900312,-0.158325,0.405317,7.745168,49.449093,32.996861,-0.044255,0.883910,0.006322,0.465516,2.740310,6.747150,46.160236,-0.035824,0.935979,0.008334,0.350129,-7.539060,2.148297,-14.857617,-0.044255,0.883910,0.006322,0.465516,14.745977,1.446037,38.422947
281,2.341667,0.001825,0.911668,0.008346,0.410839,-3.884105,84.013161,18.614429,-0.060773,0.909694,0.135374,0.387862,-3.911079,91.653847,18.742188,-0.001063,0.922839,0.026635,0.384261,-7.913589,109.402374,22.439714,0.097315,0.945625,-0.067820,0.302858,-8.366798,129.577408,23.416393,0.025352,0.973451,-0.121373,0.192405,-4.071899,143.266876,20.910307,0.084823,0.931611,-0.009270,0.353298,-11.613411,123.357140,21.101622,0.405622,-0.469262,0.396229,-0.676954,-25.871819,126.292145,8.318051,0.477499,-0.486684,0.326607,-0.654570,-19.361254,101.978912,-0.003318,0.546932,-0.489728,0.242053,-0.634383,-12.484035,82.368179,-7.150836,-0.035362,0.893057,-0.082240,0.440947,-6.364818,123.219299,26.384445,0.576471,0.816102,0.040524,-0.004032,5.426535,125.848053,41.530064,0.541091,0.812871,0.210117,0.048088,14.316052,100.913216,40.117035,0.526124,0.758080,0.374854,0.089400,23.416628,80.929611,36.803513,0.070206,0.883720,0.201719,0.416436,-10.057343,84.108093,11.633672,0.095886,0.940836,-0.018700,0.324476,-8.491749,51.715405,-3.158926,-0.036281,0.935860,0.008505,0.350395,-17.150085,7.609468,-4.374631,-0.112829,0.899980,-0.061595,0.416548,2.289132,83.918228,25.595188,-0.010524,0.899518,-0.158918,0.406818,7.699055,49.451355,32.897614,-0.044371,0.883693,0.005503,0.465926,2.736465,6.768248,46.137829,-0.036281,0.935860,0.008505,0.350395,-7.543303,2.146717,-14.861364,-0.044371,0.883693,0.005503,0.465926,14.746974,1.448900,38.420597
282,2.350000,0.002568,0.911597,0.009211,0.410974,-3.927577,84.026230,18.469643,-0.060601,0.909661,0.136237,0.387666,-3.949655,91.666634,18.614098,-0.000652,0.922986,0.027094,0.383879,-7.956054,109.399940,22.342026,0.097629,0.945784,-0.067134,0.302415,-8.400630,129.574005,23.342405,0.026431,0.973485,-0.121506,0.192001,-4.104780,143.266571,20.854900,0.085141,0.931711,-0.008418,0.352980,-11.651598,123.357681,21.023178,0.405449,-0.470228,0.395551,-0.676784,-25.916613,126.316216,8.252401,0.477347,-0.487237,0.326086,-0.654529,-19.425701,102.014420,-0.117640,0.546259,-0.490503,0.241201,-0.634689,-12.556574,82.409088,-7.293949,-0.035053,0.893406,-0.081373,0.440427,-6.398615,123.211693,26.301420,0.576750,0.815851,0.041378,-0.005919,5.411366,125.813766,41.437138,0.541727,0.812512,0.210140,0.046878,14.282815,100.878868,39.915821,0.527759,0.757193,0.374773,0.087604,23.359840,80.887993,36.550671,0.069923,0.883886,0.200654,0.416647,-10.098682,84.140411,11.487287,0.095262,0.940346,-0.019451,0.326031,-8.544724,51.714348,-3.233261,-0.036825,0.935731,0.008689,0.350680,-17.170698,7.600257,-4.381418,-0.113275,0.899287,-0.061953,0.417868,2.243529,83.912048,25.452000,-0.011512,0.898726,-0.159576,0.408283,7.660034,49.455517,32.798260,-0.044266,0.883489,0.004776,0.466331,2.731416,6.793219,46.118008,-0.036825,0.935731,0.008689,0.350680,-7.551131,2.148425,-14.862120,-0.044266,0.883489,0.004776,0.466331,14.744869,1.454800,38.418537
283,2.358333,0.003128,0.911460,0.009997,0.411255,-3.958212,84.035065,18.332224,-0.060842,0.909617,0.137124,0.387417,-3.977478,91.675186,18.491150,-0.000094,0.923184,0.027650,0.383363,-8.004625,109.403702,22.247019,0.097810,0.945963,-0.066804,0.301869,-8.436460,129.576569,23.276999,0.027602,0.973501,-0.121644,0.191671,-4.140744,143.270493,20.796785,0.085384,0.931784,-0.007868,0.352741,-11.693631,123.365448,20.952499,0.404485,-0.470419,0.395782,-0.677092,-25.963593,126.340630,8.191113,0.476333,-0.487811,0.325667,-0.655048,-19.491911,102.043999,-0.208722,0.545655,-0.491039,0.241054,-0.634850,-12.635273,82.452576,-7.436110,-0.034620,0.893747,-0.080598,0.439911,-6.434750,123.208847,26.224560,0.577270,0.815394,0.042840,-0.007500,5.394003,125.781548,41.350639,0.542405,0.811880,0.211039,0.045945,14.232516,100.842163,39.715225,0.527915,0.756907,0.375232,0.087168,23.286224,80.836830,36.285046,0.069884,0.884157,0.199615,0.416577,-10.124956,84.164825,11.346287,0.094639,0.939712,-0.020287,0.327985,-8.601742,51.708710,-3.311100,-0.037530,0.935526,0.008950,0.351145,-17.197735,7.586974,-4.388105,-0.113596,0.898746,-0.062438,0.418872,2.208533,83.905296,25.318161,-0.012537,0.897582,-0.160038,0.410582,7.622294,49.458248,32.710777,-0.044206,0.883203,0.004289,0.466884,2.725188,6.811443,46.091640,-0.037530,0.935526,0.008950,0.351145,-7.559404,2.150027,-14.859297,-0.044206,0.883203,0.004289,0.466884,14.745644,1.460754,38.411640
284,2.366667,0.004065,0.911247,0.010414,0.411709,-4.016684,84.051445,18.207701,-0.060264,0.909578,0.137668,0.387407,-4.025606,91.691330,18.378315,0.000018,0.923263,0.028326,0.383124,-8.037052,109.399834,22.157034,0.097499,0.946148,-0.066468,0.301463,-8.474898,129.571167,23.214045,0.028976,0.973492,-0.121772,0.191430,-4.191891,143.269775,20.737741,0.085560,0.931897,-0.007081,0.352416,-11.731240,123.362076,20.882950,0.404277,-0.471758,0.394766,-0.676879,-26.008898,126.354805,8.134283,0.476410,-0.488332,0.325166,-0.654853,-19.561518,102.075623,-0.334433,0.545292,-0.491704,0.240634,-0.634806,-12.716103,82.497986,-7.578663,-0.034389,0.894100,-0.079906,0.439338,-6.469626,123.200180,26.152122,0.577718,0.815073,0.042391,-0.010016,5.379237,125.751808,41.266026,0.543214,0.811410,0.211146,0.044154,14.187967,100.808357,39.534744,0.528720,0.756190,0.375783,0.086136,23.211422,80.798187,36.028240,0.069816,0.884047,0.198541,0.417335,-10.176332,84.200386,11.215887,0.093873,0.939475,-0.020784,0.328851,-8.669453,51.713108,-3.374017,-0.038038,0.935419,0.009012,0.351373,-17.214975,7.580215,-4.394176,-0.114431,0.898326,-0.062617,0.419517,2.142964,83.902496,25.199514,-0.013062,0.897336,-0.160562,0.410898,7.598604,49.470623,32.631920,-0.043878,0.882989,0.003608,0.467324,2.719641,6.840143,46.071289,-0.038038,0.935419,0.009012,0.351373,-7.565923,2.150560,-14.859276,-0.043878,0.882989,0.003608,0.467324,14.741596,1.468452,38.408318
285,2.375000,0.004921,0.911173,0.011108,0.411846,-4.057477,84.058334,18.079672,-0.060051,0.909579,0.138403,0.387175,-4.058871,91.697876,18.265337,0.000161,0.923418,0.028844,0.382711,-8.072571,109.400047,22.072489,0.097589,0.946309,-0.065923,0.301048,-8.512609,129.570175,23.151217,0.030129,0.973472,-0.122130,0.191124,-4.233344,143.272308,20.687910,0.085772,0.931999,-0.006642,0.352103,-11.770056,123.363052,20.816452,0.403803,-0.472276,0.394361,-0.677036,-26.054848,126.369843,8.079107,0.475731,-0.489245,0.324585,-0.654953,-19.616423,102.102684,-0.430736,0.544939,-0.492246,0.240080,-0.634899,-12.795392,82.540909,-7.723300,-0.033998,0.894301,-0.079352,0.439060,-6.503739,123.196396,26.080772,0.578156,0.814691,0.043249,-0.011982,5.355621,125.724457,41.190392,0.544162,0.810730,0.211550,0.043027,14.135247,100.778786,39.347073,0.529817,0.755373,0.376070,0.085304,23.124079,80.745445,35.777191,0.069731,0.884201,0.197416,0.417557,-10.214885,84.227165,11.086341,0.093199,0.938880,-0.021373,0.330698,-8.733737,51.707291,-3.433383,-0.038726,0.935271,0.009248,0.351685,-17.238300,7.565296,-4.400511,-0.114841,0.897950,-0.063123,0.420134,2.099930,83.889496,25.073000,-0.013748,0.896989,-0.161025,0.411452,7.560857,49.468853,32.553421,-0.044495,0.882746,0.002907,0.467731,2.711738,6.853416,46.051186,-0.038726,0.935271,0.009248,0.351685,-7.574203,2.149569,-14.858934,-0.044495,0.882746,0.002907,0.467731,14.743874,1.473571,38.409950
286,2.383333,0.005895,0.911013,0.011340,0.412180,-4.109941,84.070160,17.961166,-0.059634,0.909576,0.139102,0.386996,-4.099297,91.709465,18.156202,0.000425,0.923577,0.029302,0.382291,-8.107321,109.403137,21.992647,0.097736,0.946479,-0.065113,0.300643,-8.544096,129.572174,23.092754,0.031053,0.973451,-0.122680,0.190733,-4.269098,143.279343,20.650105,0.086048,0.932143,-0.006270,0.351661,-11.804376,123.367859,20.754511,0.403271,-0.472850,0.393934,-0.677202,-26.099390,126.390282,8.032330,0.475017,-0.490249,0.324093,-0.654965,-19.671852,102.136024,-0.522485,0.544669,-0.492817,0.239805,-0.634792,-12.879078,82.579933,-7.865677,-0.033692,0.894507,-0.078815,0.438760,-6.533269,123.195137,26.013845,0.578711,0.814206,0.044392,-0.013816,5.337129,125.702789,41.118206,0.544994,0.810089,0.212062,0.042042,14.080185,100.753059,39.159687,0.531282,0.754221,0.376614,0.083977,23.035862,80.705872,35.531441,0.069636,0.884112,0.196331,0.418272,-10.262023,84.257385,10.963617,0.092558,0.938447,-0.021856,0.332074,-8.796753,51.706112,-3.487229,-0.039370,0.935149,0.009271,0.351939,-17.260647,7.555279,-4.406813,-0.115277,0.897227,-0.063225,0.421543,2.042141,83.882935,24.958715,-0.014654,0.896477,-0.161496,0.412352,7.515562,49.470360,32.467064,-0.044193,0.882658,0.002215,0.467928,2.708314,6.870899,46.030090,-0.039370,0.935149,0.009271,0.351939,-7.583939,2.147344,-14.857610,-0.044193,0.882658,0.002215,0.467928,14.737850,1.469881,38.399704
287,2.391667,0.006629,0.910829,0.011815,0.412562,-4.145302,84.083961,17.850504,-0.059917,0.909554,0.139550,0.386843,-4.127522,91.722961,18.056772,0.001077,0.923753,0.029894,0.381819,-8.149232,109.404358,21.903069,0.097320,0.946728,-0.064617,0.300098,-8.570243,129.571945,23.035503,0.032102,0.973440,-0.122884,0.190482,-4.312617,143.285675,20.599348,0.085959,0.932288,-0.005415,0.351314,-11.837457,123.373703,20.690868,0.403198,-0.474329,0.392929,-0.676795,-26.142532,126.405121,7.982150,0.475062,-0.490817,0.323375,-0.654861,-19.747356,102.165649,-0.638552,0.544020,-0.493742,0.239332,-0.634808,-12.958723,82.619049,-8.010120,-0.033541,0.894772,-0.077930,0.438389,-6.560988,123.188850,25.944407,0.579236,0.813773,0.044868,-0.015684,5.322406,125.675453,41.042019,0.545921,0.809492,0.212229,0.040639,14.030334,100.721153,38.987370,0.533210,0.753002,0.376630,0.082614,22.945362,80.669853,35.294994,0.069663,0.884165,0.195222,0.418674,-10.291344,84.287346,10.848100,0.091931,0.938071,-0.022275,0.333280,-8.855501,51.705395,-3.536385,-0.039951,0.935014,0.009428,0.352228,-17.278301,7.545826,-4.412590,-0.115607,0.896804,-0.063643,0.422288,2.000740,83.880577,24.852907,-0.015322,0.896079,-0.161772,0.413084,7.475865,49.477211,32.402084,-0.043728,0.882391,0.001915,0.468476,2.701083,6.887564,46.007324,-0.039951,0.935014,0.009428,0.352228,-7.588475,2.148586,-14.856756,-0.043728,0.882391,0.001915,0.468476,14.734253,1.473212,38.392132
288,2.400000,0.007377,0.910677,0.012150,0.412876,-4.182265,84.096977,17.748867,-0.059615,0.909593,0.140030,0.386625,-4.156258,91.735695,17.964525,0.001125,0.923922,0.030501,0.381362,-8.171482,109.404182,21.830004,0.097401,0.946840,-0.063946,0.299862,-8.599504,129.570297,22.986021,0.032683,0.973362,-0.123398,0.190449,-4.346083,143.288391,20.567209,0.086109,0.932380,-0.004658,0.351042,-11.866506,123.373413,20.637447,0.402798,-0.475236,0.392322,-0.676748,-26.177967,126.420929,7.939774,0.474597,-0.491792,0.322848,-0.654727,-19.803196,102.194885,-0.733602,0.543689,-0.494461,0.238871,-0.634706,-13.042990,82.658897,-8.146461,-0.033440,0.894953,-0.077405,0.438120,-6.584850,123.184654,25.885630,0.579969,0.813184,0.045370,-0.017618,5.307914,125.658264,40.977997,0.546832,0.808867,0.212548,0.039142,13.967377,100.695549,38.823284,0.534484,0.752161,0.376759,0.081442,22.848328,80.629051,35.057438,0.069706,0.884098,0.194133,0.419314,-10.323280,84.315697,10.742518,0.090989,0.937650,-0.022027,0.334736,-8.913445,51.703938,-3.576851,-0.040333,0.935092,0.009512,0.351973,-17.248779,7.527885,-4.458476,-0.115906,0.896427,-0.064143,0.422930,1.958751,83.878265,24.755215,-0.016034,0.895623,-0.161962,0.413970,7.431921,49.484409,32.348995,-0.044061,0.882224,0.001161,0.468763,2.693827,6.902313,45.990635,-0.040333,0.935092,0.009512,0.351973,-7.560341,2.136717,-14.907063,-0.044061,0.882224,0.001161,0.468763,14.731975,1.474396,38.392998
289,2.408333,0.007974,0.910535,0.012573,0.413164,-4.214540,84.108818,17.651518,-0.058970,0.909598,0.140788,0.386435,-4.182970,91.747231,17.876839,0.000885,0.924046,0.030760,0.381041,-8.186444,109.411064,21.777628,0.097300,0.946947,-0.063516,0.299650,-8.627002,129.576553,22.939789,0.033290,0.973324,-0.123689,0.190350,-4.380612,143.298477,20.530371,0.086029,0.932407,-0.003967,0.350998,-11.891492,123.378197,20.591616,0.402297,-0.476146,0.391805,-0.676706,-26.204678,126.432297,7.897471,0.474102,-0.492850,0.322299,-0.654561,-19.854349,102.218887,-0.828949,0.543102,-0.495553,0.237815,-0.634753,-13.127396,82.698586,-8.283689,-0.033324,0.895174,-0.076762,0.437791,-6.606181,123.191406,25.836187,0.580491,0.812706,0.046661,-0.019039,5.298074,125.649368,40.922050,0.547969,0.807887,0.213528,0.038128,13.922639,100.683556,38.665585,0.536017,0.750806,0.377435,0.080742,22.754452,80.601540,34.825657,0.069793,0.884060,0.193099,0.419858,-10.350949,84.340965,10.641564,0.090402,0.937080,-0.022523,0.336453,-8.969856,51.701511,-3.617382,-0.040874,0.934968,0.009772,0.352235,-17.269545,7.517877,-4.454620,-0.116143,0.895879,-0.064766,0.423931,1.921869,83.876671,24.661470,-0.016882,0.894862,-0.161949,0.415584,7.382230,49.492451,32.307964,-0.044330,0.882028,0.000660,0.469107,2.688342,6.912470,45.971478,-0.040874,0.934968,0.009772,0.352235,-7.568735,2.139688,-14.898419,-0.044330,0.882028,0.000660,0.469107,14.732963,1.476442,38.389908
290,2.416667,0.008507,0.910360,0.012895,0.413528,-4.242950,84.121086,17.567444,-0.058934,0.909544,0.141047,0.386474,-4.206085,91.759239,17.800634,0.001379,0.924104,0.031287,0.380855,-8.210525,109.413353,21.708727,0.096887,0.947138,-0.062829,0.299326,-8.640530,129.577469,22.898207,0.033850,0.973324,-0.123945,0.190087,-4.412013,143.307175,20.501732,0.085977,0.932572,-0.003442,0.350578,-11.909093,123.383904,20.543056,0.401343,-0.476700,0.391719,-0.676932,-26.234043,126.443901,7.863606,0.473086,-0.493699,0.321926,-0.654839,-19.908133,102.241173,-0.910050,0.542320,-0.496306,0.237437,-0.634974,-13.207230,82.731453,-8.417547,-0.033236,0.895187,-0.076426,0.437830,-6.621690,123.187431,25.785166,0.581200,0.812123,0.047185,-0.020886,5.281441,125.636795,40.873318,0.549288,0.807026,0.213686,0.036461,13.858422,100.663544,38.519985,0.536708,0.750475,0.377459,0.079092,22.635727,80.560585,34.600269,0.069886,0.884010,0.192196,0.420360,-10.373581,84.364822,10.552832,0.089878,0.936549,-0.022971,0.338040,-9.018290,51.701500,-3.653830,-0.041460,0.934875,0.009829,0.352412,-17.286331,7.511201,-4.451446,-0.116273,0.895452,-0.065369,0.424704,1.887681,83.877342,24.582056,-0.017690,0.894256,-0.161922,0.416864,7.330993,49.500877,32.275417,-0.044628,0.881813,0.000388,0.469483,2.683475,6.922636,45.960190,-0.041460,0.934875,0.009829,0.352412,-7.575182,2.141060,-14.889772,-0.044628,0.881813,0.000388,0.469483,14.736398,1.484573,38.393288
291,2.425000,0.009251,0.910162,0.012790,0.413952,-4.280498,84.131119,17.491669,-0.058482,0.909503,0.141671,0.386411,-4.232730,91.769119,17.728107,0.001316,0.924188,0.031502,0.380633,-8.230998,109.421181,21.664160,0.096802,0.947246,-0.062442,0.299091,-8.666374,129.584763,22.860804,0.034332,0.973326,-0.124150,0.189856,-4.444203,143.317871,20.472605,0.085868,0.932660,-0.002972,0.350376,-11.934222,123.391052,20.505051,0.401380,-0.478054,0.390486,-0.676668,-26.265387,126.453804,7.833284,0.472970,-0.494855,0.321229,-0.654392,-19.956856,102.271080,-1.007767,0.541550,-0.497766,0.236544,-0.634822,-13.287104,82.768089,-8.554184,-0.032782,0.895303,-0.076247,0.437658,-6.644298,123.194328,25.744608,0.581733,0.811646,0.048013,-0.022613,5.265860,125.624557,40.830311,0.550602,0.806132,0.213916,0.035045,13.805972,100.648354,38.376335,0.538420,0.749401,0.377511,0.077378,22.529985,80.517975,34.383099,0.069734,0.883979,0.191250,0.420882,-10.404354,84.386734,10.471560,0.089479,0.936068,-0.023203,0.339458,-9.060517,51.696049,-3.673121,-0.041737,0.934774,0.010091,0.352638,-17.301052,7.500279,-4.451454,-0.116492,0.894835,-0.065822,0.425873,1.843358,83.875511,24.511776,-0.017846,0.893729,-0.162219,0.417870,7.276329,49.506912,32.247467,-0.044804,0.881489,-0.000001,0.470074,2.614718,6.937829,45.955914,-0.041737,0.934774,0.010091,0.352638,-7.581133,2.140304,-14.886847,-0.044804,0.881489,-0.000001,0.470074,14.677942,1.493437,38.409996
292,2.433333,0.009807,0.910000,0.012811,0.414295,-4.307703,84.138229,17.425825,-0.058258,0.909498,0.141996,0.386338,-4.252423,91.776047,17.666098,0.001452,0.924283,0.031862,0.380373,-8.247656,109.426689,21.616650,0.096740,0.947375,-0.061988,0.298797,-8.683146,129.589325,22.828934,0.034592,0.973351,-0.124344,0.189550,-4.467468,143.326157,20.450720,0.085701,0.932731,-0.002441,0.350231,-11.952072,123.397293,20.470282,0.400862,-0.478872,0.389996,-0.676679,-26.288277,126.461449,7.804562,0.472103,-0.495822,0.320866,-0.654465,-20.000967,102.291801,-1.087212,0.540639,-0.498572,0.236540,-0.634968,-13.363668,82.798920,-8.681985,-0.032673,0.895299,-0.076191,0.437684,-6.659206,123.196770,25.706726,0.582295,0.811120,0.049482,-0.023851,5.250336,125.622322,40.793671,0.551776,0.805274,0.214327,0.033786,13.752728,100.643204,38.240299,0.540379,0.748437,0.376881,0.076113,22.422682,80.503609,34.179276,0.069911,0.883681,0.190189,0.421958,-10.426060,84.403488,10.401278,0.089008,0.935776,-0.023251,0.340383,-9.109157,51.685703,-3.683144,-0.042119,0.934688,0.010455,0.352810,-17.311169,7.482579,-4.451062,-0.116507,0.894285,-0.066351,0.426940,1.810652,83.872963,24.450371,-0.018650,0.893278,-0.162047,0.418865,7.218890,49.509602,32.226570,-0.044244,0.881449,0.000105,0.470203,2.613096,6.938127,45.946468,-0.042119,0.934688,0.010455,0.352810,-7.582254,2.136544,-14.885226,-0.044244,0.881449,0.000105,0.470203,14.673427,1.488518,38.399696
293,2.441667,0.010246,0.909856,0.012652,0.414605,-4.333230,84.145569,17.375969,-0.057892,0.909521,0.142254,0.386244,-4.270920,91.783318,17.616837,0.001334,0.924370,0.032119,0.380142,-8.256555,109.430656,21.581181,0.096552,0.947484,-0.061399,0.298633,-8.700088,129.592651,22.801348,0.034667,0.973347,-0.124591,0.189396,-4.494830,143.334961,20.436331,0.085512,0.932760,-0.001995,0.350204,-11.967508,123.400116,20.441931,0.400073,-0.479259,0.389800,-0.676985,-26.305698,126.463577,7.778295,0.471000,-0.497279,0.320291,-0.654436,-20.029940,102.306458,-1.155613,0.540105,-0.499719,0.235730,-0.634822,-13.440310,82.825439,-8.818611,-0.032614,0.895399,-0.076018,0.437514,-6.672013,123.199867,25.675722,0.583235,0.810372,0.049747,-0.025676,5.243447,125.620079,40.758850,0.552764,0.804673,0.214318,0.031951,13.682956,100.628807,38.117363,0.543866,0.746408,0.376260,0.074250,22.309967,80.485344,33.980202,0.069788,0.883715,0.189437,0.422244,-10.446636,84.417099,10.347359,0.088729,0.935370,-0.023355,0.341563,-9.140892,51.677746,-3.687903,-0.042362,0.934607,0.010694,0.352989,-17.321806,7.470590,-4.448787,-0.116540,0.894037,-0.066820,0.427378,1.780178,83.874039,24.404581,-0.019623,0.893394,-0.161464,0.418797,7.172079,49.515678,32.214119,-0.044000,0.881465,0.000288,0.470195,2.667596,6.930590,45.925396,-0.042362,0.934607,0.010694,0.352989,-7.585625,2.133684,-14.880842,-0.044000,0.881465,0.000288,0.470195,14.726177,1.482035,38.375072
294,2.450000,0.010967,0.909650,0.012290,0.415050,-4.370076,84.163544,17.332945,-0.057553,0.909510,0.142339,0.386289,-4.295557,91.801193,17.573374,0.001516,0.924421,0.032523,0.379980,-8.267534,109.432648,21.541588,0.096109,0.947636,-0.060954,0.298386,-8.710278,129.593567,22.779709,0.034753,0.973368,-0.124721,0.189185,-4.521437,143.342010,20.421345,0.085386,0.932835,-0.001622,0.350037,-11.978632,123.403168,20.415964,0.399823,-0.480334,0.388890,-0.676894,-26.322206,126.467430,7.758620,0.470496,-0.498402,0.320024,-0.654075,-20.063572,102.328423,-1.236025,0.538790,-0.501294,0.234925,-0.634996,-13.515779,82.848778,-8.935685,-0.032662,0.895426,-0.075996,0.437459,-6.681317,123.198212,25.647732,0.583945,0.809828,0.049151,-0.027771,5.235871,125.619591,40.729301,0.554055,0.803804,0.214548,0.029840,13.625532,100.619331,38.015182,0.543707,0.746357,0.376809,0.073137,22.201561,80.454491,33.779633,0.069439,0.883701,0.188565,0.422722,-10.476312,84.444557,10.298475,0.088523,0.935082,-0.023190,0.342413,-9.168306,51.678234,-3.673495,-0.042497,0.934560,0.010717,0.353096,-17.326317,7.467103,-4.449263,-0.116626,0.893741,-0.067179,0.427917,1.736160,83.882523,24.367413,-0.020242,0.893094,-0.161186,0.419514,7.117539,49.529007,32.205494,-0.044509,0.881354,-0.000416,0.470356,2.662304,6.938088,45.914745,-0.042497,0.934560,0.010717,0.353096,-7.586265,2.132369,-14.878816,-0.044509,0.881354,-0.000416,0.470356,14.725611,1.479626,38.379139
295,2.458333,0.011257,0.909438,0.012201,0.415508,-4.384256,84.175095,17.298264,-0.057454,0.909431,0.142653,0.386375,-4.305268,91.812683,17.539339,0.001443,0.924428,0.032718,0.379947,-8.278675,109.441231,21.518909,0.095845,0.947660,-0.061366,0.298308,-8.727078,129.601639,22.763208,0.034707,0.973396,-0.124416,0.189250,-4.542325,143.348969,20.391045,0.085149,0.932827,-0.001164,0.350116,-11.993816,123.411034,20.397774,0.399668,-0.481620,0.387983,-0.676592,-26.336788,126.472916,7.739176,0.470087,-0.499474,0.319513,-0.653800,-20.106392,102.349365,-1.316351,0.538389,-0.501980,0.235122,-0.634721,-13.593351,82.881348,-9.054551,-0.032410,0.895575,-0.075916,0.437187,-6.696124,123.205986,25.629156,0.584636,0.809254,0.049757,-0.028875,5.230932,125.616661,40.704639,0.555343,0.802933,0.214734,0.027986,13.574460,100.608337,37.923405,0.545704,0.745459,0.376037,0.071376,22.091009,80.437660,33.603592,0.069325,0.883746,0.187737,0.423016,-10.483276,84.460403,10.257711,0.088423,0.934563,-0.023199,0.343854,-9.189354,51.670742,-3.660718,-0.042766,0.934458,0.010996,0.353324,-17.338121,7.458064,-4.445239,-0.116554,0.893543,-0.067704,0.428266,1.714765,83.889786,24.338814,-0.020645,0.893094,-0.160891,0.419608,7.072248,49.540119,32.210083,-0.044371,0.881280,-0.000308,0.470507,2.659170,6.942123,45.910961,-0.042766,0.934458,0.010996,0.353324,-7.589308,2.133872,-14.871987,-0.044371,0.881280,-0.000308,0.470507,14.724189,1.484527,38.377472
296,2.466667,0.011505,0.909184,0.012024,0.416063,-4.394721,84.185471,17.276978,-0.057286,0.909394,0.142734,0.386456,-4.311310,91.823044,17.517223,0.001347,0.924454,0.032919,0.379868,-8.280739,109.452202,21.501755,0.096250,0.947629,-0.060737,0.298408,-8.735726,129.612091,22.752110,0.034001,0.973398,-0.124705,0.189181,-4.544787,143.361130,20.400919,0.084817,0.932802,-0.000759,0.350266,-12.000760,123.421082,20.385359,0.399316,-0.482505,0.387462,-0.676468,-26.341867,126.476372,7.723045,0.469598,-0.500764,0.318760,-0.653533,-20.135303,102.364304,-1.379304,0.537727,-0.503598,0.234018,-0.634408,-13.658439,82.907837,-9.170187,-0.032290,0.895611,-0.075886,0.437127,-6.702162,123.216263,25.615835,0.585483,0.808569,0.050102,-0.030258,5.227210,125.622131,40.690254,0.556437,0.802093,0.215288,0.025992,13.513869,100.602913,37.837852,0.546934,0.744631,0.376229,0.069568,21.984859,80.422905,33.419300,0.069193,0.883789,0.186968,0.423287,-10.485038,84.473679,10.229013,0.088414,0.934279,-0.023067,0.344635,-9.202589,51.662170,-3.638890,-0.043415,0.934409,0.011173,0.353371,-17.345896,7.448798,-4.441061,-0.116421,0.893197,-0.068044,0.428970,1.695597,83.897255,24.324945,-0.021068,0.893004,-0.160578,0.419898,7.027951,49.548676,32.217964,-0.044711,0.881266,-0.000572,0.470501,2.656330,6.943217,45.908939,-0.043415,0.934409,0.011173,0.353371,-7.588680,2.136416,-14.865978,-0.044711,0.881266,-0.000572,0.470501,14.723465,1.483946,38.380051
297,2.475000,0.011708,0.908925,0.011739,0.416631,-4.405524,84.198189,17.265533,-0.057129,0.909313,0.142896,0.386609,-4.317637,91.835793,17.503162,0.001156,0.924435,0.032893,0.379917,-8.283780,109.459686,21.493660,0.095594,0.947780,-0.060304,0.298225,-8.745548,129.619675,22.740091,0.034103,0.973466,-0.124658,0.188842,-4.576370,143.376160,20.393749,0.084652,0.932774,-0.000378,0.350380,-12.008264,123.427139,20.374144,0.398687,-0.483222,0.387252,-0.676448,-26.347355,126.481544,7.709342,0.468964,-0.501774,0.318360,-0.653408,-20.168859,102.378357,-1.435547,0.536970,-0.505020,0.233443,-0.634131,-13.725892,82.930199,-9.268941,-0.032190,0.895658,-0.075926,0.437032,-6.710219,123.225067,25.605286,0.586302,0.807904,0.050252,-0.031877,5.222645,125.627899,40.677422,0.557445,0.801401,0.215440,0.024436,13.453052,100.598785,37.749855,0.548506,0.743534,0.376428,0.067824,21.880966,80.406151,33.259399,0.069088,0.883843,0.186117,0.423566,-10.486938,84.487686,10.209937,0.088390,0.933874,-0.022801,0.345756,-9.220111,51.652527,-3.603316,-0.043123,0.934320,0.011595,0.353627,-17.352257,7.437682,-4.436798,-0.116276,0.893071,-0.068312,0.429229,1.675890,83.908691,24.321131,-0.021368,0.893047,-0.160237,0.419923,6.988485,49.560310,32.228355,-0.044488,0.881202,-0.000422,0.470642,2.653543,6.946182,45.903999,-0.043123,0.934320,0.011595,0.353627,-7.591146,2.133547,-14.862267,-0.044488,0.881202,-0.000422,0.470642,14.721571,1.487618,38.376030
298,2.483333,0.011762,0.908667,0.011638,0.417193,-4.407830,84.208900,17.261925,-0.057090,0.909249,0.142997,0.386728,-4.318696,91.846519,17.498549,0.000996,0.924436,0.032858,0.379918,-8.284959,109.467293,21.491909,0.095223,0.947843,-0.060058,0.298194,-8.752167,129.627365,22.734577,0.033845,0.973499,-0.124566,0.188780,-4.595026,143.388031,20.391396,0.084280,0.932755,0.000048,0.350521,-12.013188,123.433533,20.369745,0.398293,-0.483566,0.386787,-0.676700,-26.350874,126.480194,7.701495,0.467992,-0.503289,0.318086,-0.653074,-20.170931,102.391350,-1.480107,0.536643,-0.505881,0.233370,-0.633748,-13.790041,82.954979,-9.365125,-0.032127,0.895707,-0.075907,0.436938,-6.715152,123.233856,25.600988,0.587053,0.807314,0.049865,-0.033577,5.221022,125.633980,40.670933,0.558567,0.800753,0.215180,0.022278,13.398844,100.594940,37.681686,0.550209,0.742793,0.375732,0.065991,21.777296,80.394653,33.107964,0.069102,0.883893,0.185243,0.423843,-10.480483,84.498596,10.198795,0.088377,0.933442,-0.022495,0.346944,-9.237550,51.640415,-3.561794,-0.043074,0.934268,0.012044,0.353756,-17.357994,7.424107,-4.430864,-0.116239,0.893204,-0.068871,0.428872,1.664823,83.919205,24.325054,-0.021379,0.893290,-0.159742,0.419593,6.960846,49.575680,32.264404,-0.044556,0.881194,-0.000533,0.470650,2.650684,6.947348,45.903564,-0.043074,0.934268,0.012044,0.353756,-7.593209,2.131411,-14.858707,-0.044556,0.881194,-0.000533,0.470650,14.719046,1.487035,38.377399
299,2.491667,0.011984,0.908432,0.011284,0.417709,-4.410439,84.217102,17.269833,-0.057072,0.909171,0.143004,0.386913,-4.316082,91.854767,17.503010,0.000801,0.924396,0.032830,0.380017,-8.282879,109.476471,21.496273,0.094829,0.947856,-0.060204,0.298248,-8.757079,129.636642,22.734875,0.033411,0.973529,-0.124348,0.188844,-4.609086,143.398865,20.384598,0.084065,0.932710,0.000253,0.350692,-12.015505,123.441246,20.370525,0.398348,-0.484636,0.385777,-0.676478,-26.349957,126.482796,7.697382,0.467701,-0.504686,0.317631,-0.652425,-20.183554,102.410713,-1.537121,0.535471,-0.507975,0.232377,-0.633430,-13.850376,82.969925,-9.462908,-0.032042,0.895697,-0.076091,0.436933,-6.718580,123.244354,25.602997,0.587733,0.806765,0.049968,-0.034687,5.217988,125.644600,40.672607,0.559681,0.799937,0.215513,0.020323,13.349422,100.596657,37.631805,0.551754,0.741729,0.375989,0.063554,21.678635,80.388832,32.966827,0.069017,0.884010,0.184441,0.423962,-10.474970,84.507874,10.199772,0.088451,0.933226,-0.022002,0.347537,-9.249928,51.627739,-3.509890,-0.043077,0.934237,0.012409,0.353823,-17.360689,7.410636,-4.427770,-0.115850,0.893079,-0.069016,0.429216,1.654092,83.926331,24.339891,-0.021802,0.893204,-0.159370,0.419896,6.918119,49.577789,32.278816,-0.044688,0.881221,-0.000376,0.470586,2.651438,6.940398,45.903332,-0.043077,0.934237,0.012409,0.353823,-7.593284,2.127684,-14.858097,-0.044688,0.881221,-0.000376,0.470586,14.720708,1.485747,38.374519
300,2.500000,0.012035,0.908186,0.011054,0.418247,-4.406466,84.222748,17.285875,-0.057104,0.909084,0.143024,0.387104,-4.310081,91.860466,17.516237,0.000558,0.924352,0.032696,0.380138,-8.279676,109.484528,21.509464,0.094681,0.947853,-0.060132,0.298320,-8.761056,129.645081,22.739262,0.032913,0.973581,-0.124179,0.188778,-4.617314,143.408752,20.390036,0.083900,0.932612,0.000395,0.350993,-12.016730,123.447548,20.376684,0.398010,-0.485266,0.385322,-0.676485,-26.344082,126.484741,7.694472,0.467193,-0.505893,0.317310,-0.652011,-20.191525,102.424217,-1.579331,0.534879,-0.509332,0.231612,-0.633120,-13.903329,82.986298,-9.543534,-0.032200,0.895698,-0.076121,0.436913,-6.721176,123.254715,25.610695,0.588373,0.806267,0.049415,-0.036198,5.215665,125.660881,40.679146,0.560652,0.799334,0.215397,0.018396,13.301537,100.604073,37.590271,0.553356,0.740725,0.375938,0.061595,21.588894,80.386833,32.847481,0.069029,0.883965,0.183944,0.424269,-10.462581,84.512634,10.208570,0.088226,0.932838,-0.021192,0.348684,-9.249070,51.619564,-3.471048,-0.043435,0.934464,0.012291,0.353184,-17.314703,7.395739,-4.459774,-0.115755,0.893129,-0.069349,0.429083,1.649649,83.932861,24.363180,-0.021728,0.893466,-0.158900,0.419519,6.898547,49.586044,32.319572,-0.044337,0.881205,-0.000050,0.470651,2.649548,6.934926,45.906590,-0.043435,0.934464,0.012291,0.353184,-7.558163,2.112910,-14.900327,-0.044337,0.881205,-0.000050,0.470651,14.717871,1.483370,38.374023
301,2.508333,0.012092,0.907976,0.011048,0.418703,-4.399620,84.232498,17.306643,-0.057256,0.909002,0.142887,0.387324,-4.302519,91.870201,17.537338,0.000403,0.924291,0.032592,0.380295,-8.275804,109.493187,21.522438,0.094555,0.947789,-0.060347,0.298520,-8.761602,129.654007,22.745880,0.032192,0.973611,-0.123794,0.189001,-4.618700,143.416946,20.390854,0.083644,0.932516,0.000697,0.351308,-12.015230,123.455116,20.384077,0.397865,-0.486319,0.384693,-0.676172,-26.335665,126.486862,7.692748,0.466959,-0.506838,0.316933,-0.651627,-20.211641,102.436813,-1.627007,0.534497,-0.510354,0.231615,-0.632619,-13.957737,83.009567,-9.617077,-0.032196,0.895643,-0.076249,0.437005,-6.721452,123.264931,25.619980,0.588958,0.805802,0.049120,-0.037384,5.212301,125.673340,40.690525,0.561815,0.798532,0.215490,0.016570,13.256970,100.608505,37.559502,0.553560,0.740573,0.376250,0.059650,21.493658,80.375458,32.734451,0.068948,0.884109,0.183047,0.424372,-10.448607,84.523354,10.223281,0.088428,0.932734,-0.020517,0.348951,-9.256474,51.605999,-3.399693,-0.043378,0.934433,0.012716,0.353259,-17.317577,7.382855,-4.453619,-0.115568,0.892892,-0.069526,0.429597,1.649368,83.941643,24.390003,-0.021813,0.893525,-0.158454,0.419560,6.876427,49.593494,32.355003,-0.044328,0.881225,0.000125,0.470614,2.650697,6.929973,45.910305,-0.043378,0.934433,0.012716,0.353259,-7.558719,2.110693,-14.897400,-0.044328,0.881225,0.000125,0.470614,14.719075,1.482581,38.374809
302,2.516667,0.011993,0.907786,0.010756,0.419125,-4.388589,84.239754,17.341728,-0.057479,0.908911,0.142658,0.387590,-4.291090,91.877586,17.567778,0.000295,0.924198,0.032562,0.380522,-8.270354,109.504410,21.541464,0.094977,0.947645,-0.060061,0.298901,-8.760018,129.665314,22.762022,0.031004,0.973605,-0.123890,0.189164,-4.606551,143.427368,20.420509,0.083285,0.932384,0.001089,0.351743,-12.011472,123.465584,20.399418,0.397701,-0.487086,0.384216,-0.675988,-26.322371,126.489281,7.695415,0.466557,-0.507897,0.316660,-0.651223,-20.218489,102.448143,-1.660447,0.534017,-0.511470,0.231498,-0.632165,-14.005150,83.024826,-9.681591,-0.032137,0.895523,-0.076577,0.437197,-6.720261,123.276962,25.637972,0.589324,0.805492,0.049042,-0.038417,5.207120,125.689316,40.712933,0.562799,0.797958,0.215190,0.014609,13.224819,100.621117,37.539894,0.557340,0.738538,0.375030,0.057320,21.415983,80.383392,32.641716,0.069202,0.884038,0.182380,0.424765,-10.431026,84.526695,10.252619,0.088591,0.932475,-0.020013,0.349631,-9.269630,51.594460,-3.337002,-0.043684,0.934373,0.013057,0.353366,-17.327774,7.372075,-4.444223,-0.115267,0.893049,-0.069741,0.429318,1.653848,83.952805,24.430838,-0.021794,0.893676,-0.157977,0.419418,6.857864,49.601841,32.398773,-0.044349,0.881277,0.000338,0.470515,2.650870,6.924674,45.916878,-0.043684,0.934373,0.013057,0.353366,-7.562318,2.112395,-14.888132,-0.044349,0.881277,0.000338,0.470515,14.718702,1.482703,38.376591
303,2.525000,0.011866,0.907606,0.010506,0.419524,-4.372446,84.246368,17.385176,-0.057780,0.908743,0.142469,0.388008,-4.275213,91.884331,17.606987,0.000055,0.924010,0.032400,0.380993,-8.264735,109.516350,21.569220,0.094696,0.947536,-0.060346,0.299275,-8.761484,129.677673,22.779764,0.030450,0.973600,-0.123634,0.189446,-4.611723,143.439484,20.430180,0.083079,0.932241,0.001201,0.352169,-12.008715,123.475899,20.416740,0.397409,-0.487549,0.383923,-0.675993,-26.309330,126.493225,7.699647,0.465846,-0.508884,0.316482,-0.651048,-20.217407,102.460304,-1.685075,0.533481,-0.512123,0.231440,-0.632110,-14.043524,83.041512,-9.743445,-0.031971,0.895475,-0.076823,0.437266,-6.722839,123.291267,25.660824,0.589960,0.805001,0.048329,-0.039816,5.202635,125.702156,40.737526,0.563456,0.797630,0.214815,0.012592,13.174733,100.624252,37.526466,0.557301,0.738741,0.375088,0.054648,21.338726,80.382362,32.557098,0.069472,0.884023,0.181780,0.425009,-10.408709,84.529236,10.290645,0.088788,0.932064,-0.019506,0.350704,-9.279222,51.584099,-3.270375,-0.043637,0.934311,0.013454,0.353523,-17.336550,7.363057,-4.435634,-0.114760,0.892442,-0.069542,0.430745,1.663817,83.963493,24.479708,-0.022130,0.893441,-0.157591,0.420047,6.829590,49.602234,32.428135,-0.044313,0.881370,0.000647,0.470344,2.654808,6.915432,45.925816,-0.043637,0.934311,0.013454,0.353523,-7.566944,2.113509,-14.880760,-0.044313,0.881370,0.000647,0.470344,14.720686,1.480355,38.377430
304,2.533333,0.011692,0.907467,0.010281,0.419834,-4.354806,84.256790,17.437235,-0.058062,0.908655,0.142166,0.388284,-4.258608,91.894890,17.654852,-0.000175,0.923892,0.032280,0.381289,-8.254011,109.526566,21.601282,0.094695,0.947406,-0.060678,0.299622,-8.757875,129.688202,22.803677,0.029695,0.973593,-0.123388,0.189763,-4.604076,143.447586,20.447084,0.083023,0.932028,0.001248,0.352747,-12.001618,123.484489,20.440943,0.397009,-0.488074,0.383738,-0.675953,-26.286816,126.499786,7.706050,0.465447,-0.509651,0.316434,-0.650757,-20.214571,102.473534,-1.708482,0.532760,-0.513363,0.231029,-0.631863,-14.073597,83.053406,-9.788763,-0.032388,0.895339,-0.076940,0.437492,-6.719107,123.303558,25.688543,0.590527,0.804555,0.047968,-0.040842,5.197655,125.731384,40.769417,0.564150,0.797161,0.214821,0.011012,13.129899,100.645103,37.525345,0.557854,0.738520,0.374882,0.053396,21.265675,80.392693,32.489323,0.069804,0.883916,0.181125,0.425456,-10.386289,84.535011,10.338452,0.088959,0.931952,-0.018747,0.350999,-9.291286,51.576233,-3.192215,-0.043617,0.934270,0.013737,0.353622,-17.338587,7.355306,-4.429009,-0.114440,0.892467,-0.069662,0.430760,1.676677,83.978577,24.536016,-0.021999,0.893611,-0.157041,0.419897,6.818541,49.613274,32.482464,-0.044305,0.881433,0.000820,0.470226,2.656413,6.910408,45.933159,-0.043617,0.934270,0.013737,0.353622,-7.566140,2.113134,-14.875185,-0.044305,0.881433,0.000820,0.470226,14.720943,1.479327,38.379738
305,2.541667,0.011493,0.907386,0.009869,0.420025,-4.337027,84.261894,17.498863,-0.058208,0.908540,0.141943,0.388611,-4.240987,91.900185,17.709507,-0.000604,0.923714,0.031985,0.381745,-8.239806,109.534775,21.645283,0.094220,0.947324,-0.060664,0.300034,-8.755725,129.697174,22.829813,0.029196,0.973554,-0.123349,0.190067,-4.613062,143.459671,20.471704,0.082661,0.931828,0.001357,0.353358,-11.993747,123.489677,20.469156,0.396577,-0.488468,0.383555,-0.676026,-26.264549,126.492798,7.715267,0.465002,-0.510293,0.316452,-0.650563,-20.205229,102.474533,-1.727935,0.532300,-0.514105,0.230922,-0.631686,-14.096025,83.061638,-9.824563,-0.032494,0.895172,-0.077217,0.437776,-6.716429,123.316101,25.722227,0.590875,0.804260,0.048017,-0.041566,5.190434,125.752960,40.809452,0.564974,0.796595,0.214824,0.009619,13.097724,100.663040,37.532761,0.559419,0.737613,0.374584,0.051628,21.198093,80.396538,32.435600,0.070006,0.883976,0.180703,0.425478,-10.365611,84.533539,10.397368,0.089199,0.931719,-0.018032,0.351594,-9.296170,51.565872,-3.113678,-0.043532,0.934241,0.014044,0.353698,-17.340099,7.346427,-4.423137,-0.114151,0.892364,-0.069591,0.431061,1.691557,83.990250,24.600357,-0.021833,0.893833,-0.156582,0.419605,6.814901,49.619545,32.535400,-0.044146,0.881577,0.001155,0.469970,2.661334,6.903079,45.945484,-0.043532,0.934241,0.014044,0.353698,-7.565954,2.111550,-14.871370,-0.044146,0.881577,0.001155,0.469970,14.721310,1.477694,38.380722
306,2.550000,0.011201,0.907269,0.009357,0.420297,-4.310937,84.266434,17.575083,-0.058796,0.908465,0.141446,0.388880,-4.215724,91.904976,17.776785,-0.000789,0.923598,0.031803,0.382041,-8.228292,109.541664,21.686298,0.093982,0.947226,-0.060818,0.300386,-8.748686,129.704529,22.861031,0.028604,0.973510,-0.123274,0.190430,-4.609718,143.467377,20.498600,0.082379,0.931598,0.001458,0.354030,-11.984040,123.495331,20.501194,0.395995,-0.488594,0.383678,-0.676206,-26.238213,126.488968,7.726492,0.464355,-0.510750,0.316613,-0.650588,-20.190434,102.475060,-1.735145,0.531599,-0.514709,0.230791,-0.631833,-14.106888,83.064667,-9.850099,-0.032636,0.894951,-0.077437,0.438179,-6.710087,123.325180,25.757757,0.591181,0.804020,0.047426,-0.042507,5.182749,125.771622,40.854500,0.565429,0.796353,0.214591,0.007952,13.066647,100.677193,37.555962,0.560904,0.736778,0.374278,0.049600,21.147078,80.412209,32.399597,0.070476,0.883977,0.180249,0.425591,-10.335389,84.529152,10.469742,0.089403,0.931488,-0.017240,0.352192,-9.307894,51.554535,-3.027585,-0.043476,0.934216,0.014401,0.353755,-17.342974,7.335863,-4.415001,-0.114066,0.892570,-0.069492,0.430672,1.713514,84.003708,24.680422,-0.021152,0.894327,-0.156105,0.418764,6.838045,49.630630,32.604397,-0.044243,0.881664,0.001259,0.469798,2.660460,6.898102,45.955723,-0.043476,0.934216,0.014401,0.353755,-7.567077,2.109880,-14.866057,-0.044243,0.881664,0.001259,0.469798,14.718875,1.476447,38.385788
307,2.558333,0.010890,0.907208,0.008926,0.420447,-4.285631,84.272186,17.648560,-0.059205,0.908386,0.141057,0.389143,-4.191994,91.910957,17.842295,-0.001065,0.923459,0.031772,0.382377,-8.213198,109.546814,21.731144,0.093462,0.947139,-0.061294,0.300725,-8.743842,129.709732,22.900251,0.028181,0.973455,-0.123090,0.190893,-4.613559,143.472534,20.522354,0.082066,0.931365,0.001458,0.354714,-11.974546,123.498413,20.539618,0.395352,-0.488710,0.383777,-0.676443,-26.211933,126.480019,7.743412,0.463798,-0.511165,0.316781,-0.650578,-20.174192,102.471970,-1.739524,0.531240,-0.515171,0.230905,-0.631717,-14.115858,83.067329,-9.867762,-0.032887,0.894785,-0.077629,0.438466,-6.704439,123.332092,25.800154,0.591443,0.803816,0.047430,-0.042716,5.177989,125.791145,40.903030,0.566118,0.795845,0.214700,0.006696,13.044509,100.692490,37.595249,0.561423,0.736585,0.374081,0.048060,21.093210,80.421745,32.382896,0.070914,0.883830,0.179784,0.426021,-10.307852,84.526268,10.541020,0.089633,0.931255,-0.016510,0.352785,-9.315768,51.544106,-2.940507,-0.043258,0.934215,0.014913,0.353764,-17.345997,7.326919,-4.401494,-0.113729,0.892782,-0.069499,0.430321,1.736589,84.018105,24.756100,-0.020780,0.894618,-0.155564,0.418363,6.842967,49.639629,32.668377,-0.044254,0.881744,0.001477,0.469646,2.662042,6.890535,45.965504,-0.043258,0.934215,0.014913,0.353764,-7.570702,2.112097,-14.858678,-0.044254,0.881744,0.001477,0.469646,14.718898,1.474243,38.389263
308,2.566667,0.010391,0.907150,0.008687,0.420590,-4.249908,84.279411,17.730728,-0.059760,0.908293,0.140575,0.389450,-4.161677,91.918411,17.917961,-0.001266,0.923300,0.031562,0.382778,-8.195231,109.553505,21.780745,0.093499,0.946986,-0.061160,0.301223,-8.730628,129.716934,22.938704,0.027410,0.973385,-0.123250,0.191257,-4.598420,143.480301,20.567457,0.081757,0.931188,0.001245,0.355252,-11.958120,123.503769,20.578539,0.394588,-0.488655,0.383978,-0.676814,-26.182669,126.470757,7.764658,0.463063,-0.511415,0.317179,-0.650711,-20.150253,102.468895,-1.737269,0.530536,-0.515548,0.231122,-0.631921,-14.115564,83.066940,-9.875817,-0.033288,0.894447,-0.077778,0.439098,-6.692577,123.341217,25.843763,0.591558,0.803728,0.046973,-0.043286,5.167364,125.818192,40.961395,0.566531,0.795570,0.214668,0.005426,13.024092,100.717796,37.643574,0.562176,0.736180,0.373895,0.046897,21.057384,80.439232,32.379471,0.071466,0.883882,0.179179,0.426076,-10.270082,84.523209,10.621090,0.089900,0.930999,-0.015576,0.353436,-9.330774,51.531178,-2.840056,-0.043341,0.934156,0.015365,0.353891,-17.352585,7.315606,-4.393351,-0.113286,0.892803,-0.069231,0.430436,1.770265,84.035614,24.840366,-0.020397,0.894820,-0.155151,0.418102,6.856242,49.647312,32.723022,-0.044025,0.881826,0.001815,0.469513,2.664029,6.885263,45.974861,-0.043341,0.934156,0.015365,0.353891,-7.572266,2.113815,-14.852333,-0.044025,0.881826,0.001815,0.469513,14.717780,1.473900,38.390148
309,2.575000,0.009982,0.907165,0.008389,0.420572,-4.219266,84.282478,17.816422,-0.060001,0.908146,0.140206,0.389889,-4.134784,91.921684,17.996897,-0.001708,0.923029,0.031264,0.383455,-8.173743,109.562454,21.842710,0.093168,0.946872,-0.061039,0.301706,-8.721877,129.726593,22.982292,0.027032,0.973353,-0.123359,0.191405,-4.597517,143.492828,20.614016,0.081315,0.930993,0.001306,0.355864,-11.942457,123.509613,20.622747,0.393909,-0.488488,0.384230,-0.677187,-26.152950,126.460899,7.789671,0.462314,-0.511639,0.317540,-0.650891,-20.122169,102.463470,-1.724499,0.530131,-0.515484,0.231448,-0.632194,-14.111156,83.072594,-9.871679,-0.033473,0.894207,-0.077927,0.439546,-6.684671,123.354515,25.895939,0.591680,0.803627,0.047066,-0.043392,5.159523,125.841476,41.024261,0.566837,0.795299,0.214883,0.004570,13.008085,100.739525,37.698898,0.562877,0.735748,0.373824,0.045823,21.027460,80.461868,32.394905,0.072099,0.883883,0.178804,0.426124,-10.239880,84.517029,10.706848,0.090114,0.930363,-0.014938,0.355080,-9.351185,51.521908,-2.750167,-0.043713,0.934067,0.015592,0.354068,-17.367666,7.308045,-4.377902,-0.113139,0.892845,-0.069022,0.430422,1.801348,84.047935,24.925995,-0.019767,0.895157,-0.154705,0.417575,6.884810,49.655205,32.790924,-0.043853,0.881925,0.002229,0.469341,2.666593,6.878477,45.987011,-0.043713,0.934067,0.015592,0.354068,-7.578855,2.116499,-14.834030,-0.043853,0.881925,0.002229,0.469341,14.717476,1.474692,38.392353
310,2.583333,0.009320,0.907269,0.008139,0.420369,-4.178098,84.287094,17.909170,-0.060166,0.908161,0.139848,0.389956,-4.101162,91.926559,18.081907,-0.002317,0.922925,0.031025,0.383721,-8.139925,109.566139,21.912321,0.093554,0.946642,-0.061159,0.302283,-8.707388,129.730789,23.033398,0.025983,0.973270,-0.123466,0.191902,-4.569378,143.493515,20.668509,0.080930,0.930833,0.001295,0.356367,-11.920785,123.508705,20.677500,0.393216,-0.488934,0.384124,-0.677329,-26.119793,126.445496,7.828393,0.462098,-0.511312,0.317879,-0.651137,-20.107769,102.457642,-1.721740,0.529648,-0.515501,0.232146,-0.632329,-14.092119,83.067123,-9.860422,-0.033968,0.893868,-0.078274,0.440137,-6.666068,123.363220,25.954025,0.591703,0.803599,0.047179,-0.043480,5.156705,125.874580,41.095070,0.567298,0.795029,0.214681,0.003747,13.003406,100.773003,37.762432,0.564114,0.735307,0.372953,0.044787,21.003065,80.485062,32.427448,0.072517,0.883949,0.178542,0.426026,-10.202129,84.508461,10.802069,0.090490,0.930425,-0.013938,0.354860,-9.349364,51.510979,-2.651469,-0.043786,0.934077,0.015859,0.354022,-17.365623,7.300633,-4.372979,-0.112379,0.892686,-0.068567,0.431023,1.845933,84.065727,25.016272,-0.019625,0.895092,-0.154354,0.417852,6.890779,49.656311,32.832935,-0.043846,0.881976,0.002552,0.469243,2.670341,6.869319,45.995010,-0.043786,0.934077,0.015859,0.354022,-7.576327,2.116926,-14.832539,-0.043846,0.881976,0.002552,0.469243,14.720872,1.473310,38.394268
311,2.591667,0.008900,0.907336,0.007540,0.420244,-4.140624,84.293190,18.015797,-0.060698,0.908080,0.139327,0.390249,-4.065636,91.932907,18.177519,-0.002707,0.922724,0.030867,0.384214,-8.116319,109.576653,21.981930,0.093300,0.946488,-0.061384,0.302799,-8.696457,129.741608,23.090769,0.025538,0.973169,-0.123660,0.192349,-4.561316,143.504257,20.720432,0.080454,0.930546,0.001832,0.357224,-11.903751,123.516342,20.734957,0.392461,-0.488628,0.384657,-0.677684,-26.082069,126.442566,7.860607,0.461377,-0.511183,0.318388,-0.651500,-20.075920,102.454247,-1.692031,0.529051,-0.515497,0.232789,-0.632596,-14.067386,83.058678,-9.836699,-0.034256,0.893674,-0.078360,0.440492,-6.654704,123.376892,26.017288,0.591801,0.803535,0.047038,-0.043483,5.155174,125.900528,41.166359,0.567510,0.794875,0.214699,0.003142,12.995756,100.796486,37.837925,0.564473,0.735148,0.372811,0.044041,20.985367,80.509308,32.478439,0.073208,0.883760,0.178232,0.426430,-10.166766,84.502754,10.910125,0.090731,0.930577,-0.012797,0.354445,-9.360801,51.504562,-2.544548,-0.043535,0.934103,0.016175,0.353970,-17.361538,7.295397,-4.365651,-0.111874,0.892853,-0.068004,0.430898,1.885517,84.083618,25.121468,-0.019149,0.895429,-0.154069,0.417256,6.917437,49.660645,32.886600,-0.043751,0.882180,0.002734,0.468869,2.678277,6.864074,46.011440,-0.043535,0.934103,0.016175,0.353970,-7.575089,2.117253,-14.830634,-0.043751,0.882180,0.002734,0.468869,14.722151,1.470781,38.398224
312,2.600000,0.008393,0.907423,0.007135,0.420073,-4.102481,84.293152,18.120634,-0.061283,0.908029,0.139038,0.390380,-4.031887,91.933098,18.273479,-0.002899,0.922613,0.030372,0.384518,-8.099827,109.582352,22.060276,0.092815,0.946413,-0.061429,0.303175,-8.679793,129.748489,23.147539,0.025187,0.973078,-0.123793,0.192769,-4.555718,143.513855,20.773760,0.079788,0.930289,0.002135,0.358038,-11.885809,123.520897,20.796150,0.392196,-0.488713,0.384572,-0.677825,-26.045673,126.426567,7.896867,0.461242,-0.510982,0.318706,-0.651598,-20.040464,102.443550,-1.669671,0.528532,-0.515589,0.232994,-0.632879,-14.031446,83.043465,-9.806747,-0.034472,0.893416,-0.078581,0.440960,-6.640259,123.386765,26.082090,0.591938,0.803456,0.046669,-0.043478,5.153078,125.922707,41.241982,0.567391,0.794930,0.214820,0.002650,12.985067,100.814438,37.925213,0.564849,0.734722,0.373189,0.043122,20.979380,80.538651,32.547272,0.073550,0.884069,0.178011,0.425823,-10.131455,84.490974,11.017032,0.091109,0.930525,-0.011722,0.354521,-9.363073,51.490742,-2.434847,-0.043501,0.934103,0.016515,0.353959,-17.360806,7.285378,-4.358649,-0.111533,0.893145,-0.067568,0.430450,1.926493,84.095329,25.224239,-0.018431,0.895871,-0.153707,0.416473,6.954607,49.662724,32.949036,-0.043618,0.882301,0.003150,0.468649,2.682719,6.853726,46.022644,-0.043501,0.934103,0.016515,0.353959,-7.573979,2.115848,-14.827535,-0.043618,0.882301,0.003150,0.468649,14.723269,1.468567,38.398422
313,2.608333,0.007926,0.907571,0.006538,0.419773,-4.068043,84.290077,18.230536,-0.061558,0.908054,0.138622,0.390426,-4.000039,91.930267,18.372070,-0.003465,0.922512,0.030210,0.384770,-8.072747,109.588013,22.142136,0.092677,0.946283,-0.061606,0.303585,-8.671607,129.754395,23.214396,0.024814,0.972963,-0.124156,0.193165,-4.548091,143.519287,20.836884,0.079290,0.930016,0.001952,0.358858,-11.870620,123.522202,20.865683,0.391592,-0.487962,0.384990,-0.678477,-26.010799,126.406586,7.940054,0.460512,-0.510993,0.319161,-0.651883,-19.983778,102.426468,-1.620021,0.528078,-0.515658,0.233291,-0.633093,-13.989806,83.031563,-9.762272,-0.034225,0.893113,-0.079394,0.441446,-6.628012,123.396660,26.154757,0.591899,0.803508,0.046628,-0.043092,5.149375,125.939049,41.325970,0.567190,0.795018,0.215029,0.002223,12.985617,100.829781,38.026894,0.565429,0.734464,0.372849,0.042844,20.985931,80.573929,32.633213,0.073863,0.884418,0.177944,0.425072,-10.101859,84.475311,11.130703,0.091292,0.930719,-0.010429,0.354005,-9.366627,51.476658,-2.326922,-0.043351,0.934247,0.016963,0.353575,-17.339561,7.271719,-4.360346,-0.111297,0.893373,-0.066950,0.430134,1.965773,84.104843,25.330368,-0.017621,0.896313,-0.153454,0.415650,7.001108,49.662548,33.007133,-0.043867,0.882438,0.003273,0.468367,2.685504,6.843919,46.034779,-0.043351,0.934247,0.016963,0.353575,-7.561590,2.112050,-14.842362,-0.043867,0.882438,0.003273,0.468367,14.724140,1.465010,38.403122
314,2.616667,0.007343,0.907741,0.006253,0.419420,-4.022055,84.291115,18.341002,-0.062314,0.908014,0.138314,0.390509,-3.960259,91.931496,18.474827,-0.003683,0.922399,0.029902,0.385062,-8.054357,109.589348,22.223305,0.092356,0.946199,-0.061757,0.303915,-8.656871,129.756424,23.280519,0.024523,0.972882,-0.124345,0.193488,-4.539347,143.522232,20.897938,0.078854,0.929772,0.001899,0.359586,-11.853459,123.522041,20.934288,0.391475,-0.488151,0.384952,-0.678430,-25.976044,126.389290,7.985625,0.460605,-0.510505,0.319319,-0.652122,-19.957251,102.410576,-1.583188,0.527899,-0.515379,0.233882,-0.633251,-13.946578,83.017853,-9.711413,-0.034453,0.892717,-0.080187,0.442086,-6.614225,123.401131,26.226810,0.591691,0.803682,0.046744,-0.042565,5.140646,125.966431,41.411625,0.567165,0.794947,0.215352,0.002490,12.992311,100.859489,38.131496,0.564245,0.735000,0.373585,0.042863,20.996004,80.598274,32.737915,0.074472,0.884555,0.177755,0.424759,-10.061553,84.464249,11.245696,0.091529,0.930709,-0.009421,0.353999,-9.375134,51.467262,-2.218577,-0.043436,0.934319,0.017243,0.353361,-17.335737,7.264421,-4.343824,-0.110945,0.893549,-0.066497,0.429929,2.017443,84.117989,25.436306,-0.016745,0.896860,-0.153115,0.414629,7.046612,49.665813,33.072643,-0.043972,0.882559,0.003513,0.468128,2.687962,6.835130,46.046215,-0.043436,0.934319,0.017243,0.353361,-7.560853,2.112875,-14.832714,-0.043972,0.882559,0.003513,0.468128,14.724520,1.463357,38.406258
315,2.625000,0.006637,0.907964,0.005976,0.418953,-3.971832,84.294388,18.455616,-0.062823,0.908021,0.138130,0.390476,-3.917998,91.934975,18.581034,-0.004318,0.922305,0.029450,0.385314,-8.027426,109.596756,22.317017,0.092190,0.946014,-0.062105,0.304469,-8.646852,129.764709,23.347330,0.024134,0.972723,-0.124575,0.194188,-4.528656,143.528976,20.956974,0.078296,0.929548,0.001799,0.360289,-11.837043,123.524666,21.007465,0.391174,-0.487628,0.385237,-0.678818,-25.943422,126.369774,8.036278,0.460399,-0.510135,0.319510,-0.652463,-19.909203,102.391525,-1.523955,0.528051,-0.514859,0.234217,-0.633423,-13.889042,83.006027,-9.645999,-0.034827,0.892565,-0.080232,0.442354,-6.600775,123.414948,26.303164,0.591718,0.803705,0.046173,-0.042389,5.143895,125.994576,41.493439,0.566917,0.795217,0.215009,0.002544,12.994674,100.884071,38.238586,0.564373,0.734994,0.373422,0.042701,21.012169,80.621338,32.857273,0.074932,0.884993,0.177597,0.423830,-10.018817,84.453369,11.366358,0.091869,0.930817,-0.008247,0.353656,-9.380317,51.457279,-2.102464,-0.043513,0.934359,0.017528,0.353231,-17.332661,7.258189,-4.333882,-0.110104,0.894797,-0.066692,0.427514,2.075152,84.135414,25.544872,-0.016162,0.897300,-0.152490,0.413932,7.066075,49.671829,33.154793,-0.044134,0.882720,0.003871,0.467806,2.693913,6.822243,46.061230,-0.043513,0.934359,0.017528,0.353231,-7.559100,2.114916,-14.828065,-0.044134,0.882720,0.003871,0.467806,14.728005,1.461240,38.409828
316,2.633333,0.005773,0.908345,0.005776,0.418141,-3.919580,84.292564,18.582417,-0.063321,0.908119,0.137594,0.390355,-3.876349,91.933350,18.699499,-0.004805,0.922229,0.029121,0.385516,-7.994004,109.596680,22.410700,0.091528,0.945936,-0.062465,0.304837,-8.626704,129.765244,23.421022,0.023956,0.972591,-0.124704,0.194787,-4.521737,143.531097,21.017120,0.077837,0.929386,0.001014,0.360807,-11.811850,123.520874,21.085777,0.390743,-0.486877,0.385591,-0.679404,-25.906504,126.338051,8.095768,0.460068,-0.509906,0.319638,-0.652814,-19.847961,102.361801,-1.454083,0.528293,-0.514604,0.234595,-0.633289,-13.825030,82.992294,-9.574216,-0.035393,0.892336,-0.080301,0.442759,-6.577970,123.419662,26.384005,0.591620,0.803820,0.046338,-0.041366,5.151274,126.021004,41.582497,0.566582,0.795460,0.214992,0.002832,13.012713,100.908875,38.366066,0.564982,0.734812,0.372874,0.042560,21.046743,80.650330,32.999073,0.075284,0.885653,0.177593,0.422388,-9.979433,84.435318,11.503812,0.092293,0.930822,-0.006968,0.353558,-9.385015,51.442898,-1.976009,-0.043651,0.934394,0.017890,0.353104,-17.332203,7.249081,-4.327184,-0.109605,0.894708,-0.066036,0.427930,2.140271,84.149811,25.661022,-0.015276,0.897795,-0.152226,0.412987,7.116719,49.672215,33.216755,-0.043934,0.882839,0.004409,0.467596,2.696533,6.812885,46.074383,-0.043651,0.934394,0.017890,0.353104,-7.559015,2.116774,-14.827076,-0.043934,0.882839,0.004409,0.467596,14.727309,1.462147,38.410610
317,2.641667,0.005463,0.908694,0.005384,0.417393,-3.875253,84.286385,18.698120,-0.064027,0.908135,0.137298,0.390309,-3.833729,91.927292,18.807749,-0.004913,0.922142,0.028716,0.385753,-7.971868,109.595467,22.500038,0.090989,0.945857,-0.062290,0.305280,-8.602557,129.764908,23.493471,0.023613,0.972422,-0.125159,0.195377,-4.511624,143.535339,21.091848,0.077548,0.929192,0.000994,0.361369,-11.787286,123.519051,21.161716,0.390456,-0.485753,0.386174,-0.680043,-25.867983,126.324951,8.154140,0.459623,-0.509762,0.320002,-0.653061,-19.775305,102.345314,-1.365434,0.528001,-0.514696,0.234280,-0.633574,-13.755462,82.972565,-9.486796,-0.035764,0.891915,-0.080671,0.443509,-6.556141,123.421524,26.462715,0.591193,0.804184,0.046184,-0.040571,5.146312,126.043793,41.678249,0.566428,0.795604,0.214854,0.003424,13.038015,100.936195,38.500809,0.564265,0.735353,0.372831,0.043107,21.078148,80.677704,33.160976,0.075794,0.885840,0.177495,0.421946,-9.946830,84.420799,11.629402,0.092609,0.931060,-0.005683,0.352873,-9.394180,51.431389,-1.859561,-0.043838,0.934408,0.018194,0.353029,-17.328531,7.241356,-4.322497,-0.109112,0.895662,-0.065999,0.426061,2.196325,84.151970,25.766838,-0.014473,0.898196,-0.151733,0.412326,7.158615,49.666336,33.295139,-0.043491,0.882917,0.005604,0.467477,2.701436,6.791398,46.087791,-0.043838,0.934408,0.018194,0.353029,-7.554206,2.119108,-14.826248,-0.043491,0.882917,0.005604,0.467477,14.730976,1.463910,38.405884
318,2.650000,0.004593,0.909072,0.004959,0.416585,-3.821735,84.286850,18.827406,-0.064668,0.908226,0.136964,0.390109,-3.789489,91.927956,18.925554,-0.005388,0.922103,0.028350,0.385866,-7.942955,109.593964,22.597792,0.090858,0.945694,-0.062668,0.305745,-8.585724,129.764069,23.570095,0.023192,0.972259,-0.125436,0.196064,-4.493265,143.532516,21.159735,0.077065,0.929020,0.000922,0.361915,-11.766164,123.513916,21.243975,0.390945,-0.485323,0.386043,-0.680143,-25.834448,126.300934,8.218913,0.459792,-0.509373,0.319995,-0.653249,-19.714312,102.320267,-1.280447,0.528035,-0.514137,0.234382,-0.633961,-13.677708,82.951523,-9.391694,-0.036023,0.891711,-0.081058,0.443829,-6.536396,123.424957,26.546482,0.591041,0.804363,0.045671,-0.039813,5.154346,126.063553,41.768200,0.566042,0.795893,0.214793,0.003885,13.058765,100.953880,38.639126,0.563605,0.735779,0.372913,0.043754,21.119011,80.695686,33.320652,0.076232,0.886453,0.177632,0.420519,-9.906021,84.403191,11.769304,0.092985,0.931210,-0.004444,0.352394,-9.398371,51.421989,-1.741490,-0.043516,0.934432,0.018454,0.352991,-17.325953,7.237110,-4.316086,-0.108335,0.896532,-0.065775,0.424462,2.262551,84.170517,25.885508,-0.013743,0.898496,-0.151265,0.411867,7.196297,49.670742,33.367653,-0.043457,0.883010,0.006019,0.467299,2.704118,6.781197,46.098961,-0.043516,0.934432,0.018454,0.352991,-7.555079,2.118203,-14.824672,-0.043457,0.883010,0.006019,0.467299,14.731993,1.463323,38.407795
319,2.658333,0.003902,0.909440,0.004501,0.415793,-3.770736,84.283531,18.956957,-0.065413,0.908322,0.136552,0.389905,-3.745108,91.924789,19.044313,-0.005564,0.922091,0.028162,0.385908,-7.917893,109.595581,22.693768,0.091109,0.945521,-0.062969,0.306143,-8.564340,129.766037,23.656284,0.022555,0.972116,-0.125828,0.196595,-4.461035,143.530624,21.242348,0.076588,0.928920,0.000485,0.362273,-11.743440,123.514198,21.332863,0.391185,-0.484708,0.386076,-0.680425,-25.804504,126.277626,8.294991,0.460135,-0.508967,0.319692,-0.653472,-19.654039,102.296600,-1.183848,0.528764,-0.513889,0.234668,-0.633450,-13.590455,82.932426,-9.290344,-0.036760,0.891529,-0.081074,0.444131,-6.514181,123.428741,26.635929,0.590854,0.804555,0.045413,-0.038999,5.164098,126.093765,41.862606,0.565499,0.796298,0.214696,0.005045,13.083657,100.983574,38.776363,0.562375,0.736553,0.373062,0.045258,21.170191,80.725388,33.507637,0.076646,0.887037,0.177716,0.419176,-9.867421,84.384552,11.909327,0.093344,0.931538,-0.003056,0.351447,-9.403577,51.409996,-1.619261,-0.043373,0.934470,0.018731,0.352894,-17.319796,7.230205,-4.313377,-0.107907,0.896572,-0.065037,0.424599,2.325949,84.182510,26.004585,-0.012864,0.898874,-0.151048,0.411150,7.254386,49.669258,33.427807,-0.043446,0.883175,0.006327,0.466985,2.709352,6.771717,46.113323,-0.043373,0.934470,0.018731,0.352894,-7.551780,2.116999,-14.827392,-0.043446,0.883175,0.006327,0.466985,14.732948,1.461006,38.410534
320,2.666667,0.003020,0.909805,0.004297,0.415002,-3.712208,84.280159,19.087324,-0.066177,0.908470,0.136140,0.389576,-3.697466,91.921539,19.166227,-0.005955,0.922135,0.027903,0.385815,-7.888536,109.592094,22.792202,0.090796,0.945467,-0.063474,0.306299,-8.545432,129.762955,23.739042,0.022418,0.972020,-0.125906,0.197034,-4.445675,143.525879,21.309624,0.076171,0.928793,0.000326,0.362687,-11.721657,123.507622,21.421089,0.391634,-0.484062,0.386059,-0.680636,-25.773558,126.253464,8.369635,0.460514,-0.508475,0.319652,-0.653607,-19.589230,102.270592,-1.082473,0.529104,-0.513236,0.234061,-0.633919,-13.500979,82.901917,-9.175630,-0.037257,0.891343,-0.081257,0.444428,-6.491400,123.429062,26.723278,0.590566,0.804830,0.045160,-0.037961,5.175196,126.115082,41.955219,0.565127,0.796648,0.214347,0.006265,13.117003,101.005539,38.921322,0.561137,0.737426,0.373081,0.046244,21.219885,80.744926,33.709953,0.077101,0.887475,0.177669,0.418183,-9.821250,84.364609,12.050185,0.093830,0.931886,-0.001597,0.350401,-9.402580,51.393856,-1.489139,-0.043447,0.934515,0.019021,0.352750,-17.316113,7.221618,-4.311965,-0.107302,0.897078,-0.064595,0.423752,2.396833,84.195709,26.124462,-0.011936,0.899218,-0.150659,0.410569,7.307704,49.669079,33.496964,-0.043475,0.883227,0.006683,0.466878,2.710324,6.758904,46.120739,-0.043447,0.934515,0.019021,0.352750,-7.549748,2.116788,-14.831577,-0.043475,0.883227,0.006683,0.466878,14.733858,1.457319,38.411568
321,2.675000,0.002113,0.910179,0.004060,0.414191,-3.653215,84.278656,19.217072,-0.066822,0.908536,0.135711,0.389462,-3.649517,91.920135,19.286928,-0.006276,0.922059,0.027719,0.386006,-7.854805,109.588173,22.889044,0.090473,0.945374,-0.063731,0.306628,-8.520989,129.759293,23.823929,0.022209,0.971894,-0.126235,0.197466,-4.426384,143.522339,21.386532,0.075705,0.928762,0.000263,0.362863,-11.693464,123.501221,21.508234,0.391886,-0.483455,0.386195,-0.680846,-25.743162,126.229286,8.450669,0.461096,-0.507525,0.319508,-0.654006,-19.533249,102.243378,-0.976917,0.529860,-0.512277,0.233981,-0.634092,-13.399179,82.880760,-9.046024,-0.037468,0.890936,-0.081679,0.445149,-6.465450,123.428024,26.812712,0.589983,0.805316,0.045036,-0.036858,5.175701,126.130310,42.061241,0.564794,0.796980,0.213950,0.007552,13.158424,101.027588,39.078743,0.560853,0.737766,0.372681,0.047473,21.277380,80.758263,33.926785,0.077653,0.888037,0.177836,0.416815,-9.774886,84.345856,12.190727,0.094213,0.931927,-0.000445,0.350195,-9.406606,51.385426,-1.375168,-0.043340,0.934538,0.019260,0.352689,-17.316261,7.219455,-4.304899,-0.106760,0.897725,-0.064191,0.422578,2.468456,84.211456,26.243416,-0.010960,0.899646,-0.150305,0.409786,7.367180,49.672852,33.567745,-0.043550,0.883349,0.006933,0.466637,2.714904,6.751081,46.131847,-0.043340,0.934538,0.019260,0.352689,-7.551686,2.119752,-14.828667,-0.043550,0.883349,0.006933,0.466637,14.736032,1.456492,38.414112
322,2.683333,0.001355,0.910636,0.003552,0.413192,-3.601562,84.277634,19.357401,-0.067487,0.908617,0.135349,0.389283,-3.605130,91.919220,19.415400,-0.006811,0.921978,0.027368,0.386215,-7.827431,109.589790,22.997049,0.090247,0.945226,-0.064262,0.307041,-8.508283,129.761398,23.910364,0.022109,0.971741,-0.126561,0.198021,-4.413614,143.521957,21.459038,0.075365,0.928646,-0.000018,0.363230,-11.675226,123.498657,21.599731,0.394325,-0.483793,0.384370,-0.680229,-25.716585,126.210213,8.529763,0.462655,-0.507327,0.319214,-0.653202,-19.449488,102.233147,-0.882436,0.530649,-0.511578,0.234833,-0.633682,-13.298278,82.859055,-8.912423,-0.037687,0.890953,-0.081925,0.445052,-6.449728,123.434746,26.906807,0.589854,0.805492,0.044205,-0.036072,5.194140,126.148544,42.151215,0.563925,0.797777,0.213216,0.008901,13.187918,101.042343,39.228226,0.560198,0.738559,0.371815,0.049623,21.344866,80.783669,34.154808,0.078144,0.888523,0.178040,0.415600,-9.738687,84.327995,12.344410,0.094579,0.932336,0.001030,0.349004,-9.413530,51.378197,-1.248376,-0.043446,0.934577,0.019319,0.352570,-17.310982,7.218522,-4.303151,-0.106166,0.898357,-0.063662,0.421463,2.535562,84.227280,26.370394,-0.010016,0.900138,-0.149938,0.408864,7.422039,49.674824,33.637394,-0.043657,0.883481,0.007248,0.466373,2.719788,6.741375,46.142876,-0.043446,0.934577,0.019319,0.352570,-7.547806,2.121408,-14.829472,-0.043657,0.883481,0.007248,0.466373,14.738664,1.455832,38.415440
323,2.691667,0.000528,0.911063,0.003180,0.412255,-3.541360,84.275322,19.495747,-0.068211,0.908724,0.135104,0.388992,-3.554042,91.916969,19.543346,-0.007309,0.921966,0.026938,0.386265,-7.797712,109.593567,23.109009,0.090422,0.945155,-0.063910,0.307281,-8.490463,129.765839,23.998468,0.021927,0.971636,-0.127339,0.198058,-4.393025,143.527771,21.559450,0.075021,0.928614,-0.000335,0.363384,-11.653440,123.498535,21.694794,0.393109,-0.481498,0.386352,-0.681437,-25.692486,126.193176,8.618854,0.462172,-0.506087,0.319283,-0.654471,-19.388908,102.198883,-0.724876,0.531132,-0.510929,0.233670,-0.634230,-13.179573,82.824883,-8.759488,-0.038098,0.890786,-0.082211,0.445299,-6.428616,123.443924,27.002636,0.589205,0.806032,0.044146,-0.034656,5.205530,126.177383,42.250950,0.563404,0.798224,0.212840,0.010693,13.245246,101.078590,39.390823,0.559323,0.739279,0.371437,0.051578,21.428160,80.807404,34.395504,0.078867,0.888838,0.178157,0.414737,-9.692932,84.308716,12.495324,0.094894,0.932492,0.002336,0.348495,-9.422862,51.369976,-1.125448,-0.043424,0.934641,0.019522,0.352392,-17.307270,7.216072,-4.295265,-0.105707,0.899048,-0.063288,0.420159,2.610212,84.241928,26.496168,-0.008816,0.900786,-0.149550,0.407605,7.489601,49.679150,33.718712,-0.043508,0.883584,0.007719,0.466183,2.721946,6.733206,46.156330,-0.043424,0.934641,0.019522,0.352392,-7.547748,2.123945,-14.827386,-0.043508,0.883584,0.007719,0.466183,14.738050,1.457068,38.418167
324,2.700000,-0.000498,0.911476,0.002812,0.411343,-3.478498,84.270859,19.637138,-0.069263,0.908948,0.134262,0.388575,-3.503120,91.912537,19.673180,-0.007300,0.922076,0.027176,0.385985,-7.767888,109.589294,23.196938,0.089533,0.945160,-0.065104,0.307275,-8.463740,129.761047,24.095602,0.022048,0.971490,-0.127227,0.198834,-4.380178,143.519958,21.616619,0.074630,0.928633,-0.000857,0.363416,-11.626980,123.494171,21.791113,0.393598,-0.480606,0.386565,-0.681664,-25.667381,126.167442,8.712242,0.462820,-0.505116,0.318850,-0.654974,-19.326982,102.166962,-0.590587,0.532629,-0.509509,0.234217,-0.633916,-13.064278,82.808861,-8.606080,-0.038517,0.890505,-0.082526,0.445765,-6.398934,123.438194,27.095768,0.588622,0.806540,0.043419,-0.033648,5.217871,126.192596,42.353527,0.562940,0.798775,0.211909,0.012340,13.297635,101.099205,39.559616,0.558505,0.740145,0.370654,0.053600,21.500044,80.821037,34.652832,0.079226,0.889495,0.178396,0.413154,-9.644065,84.283951,12.648973,0.095423,0.932734,0.003694,0.347689,-9.413511,51.355328,-0.996938,-0.043424,0.934657,0.019753,0.352336,-17.302074,7.211214,-4.290367,-0.104941,0.900160,-0.062931,0.418019,2.687070,84.257767,26.625305,-0.007865,0.901242,-0.149167,0.406756,7.545976,49.680275,33.791004,-0.043591,0.883700,0.008067,0.465950,2.727081,6.722620,46.168285,-0.043424,0.934657,0.019753,0.352336,-7.543158,2.125177,-14.825988,-0.043591,0.883700,0.008067,0.465950,14.741388,1.456055,38.420818
325,2.708333,-0.001275,0.911911,0.002604,0.410378,-3.419371,84.268463,19.771288,-0.070056,0.909102,0.134385,0.388030,-3.453478,91.910133,19.799583,-0.007759,0.922196,0.026587,0.385731,-7.746471,109.590172,23.319992,0.089591,0.945024,-0.065911,0.307503,-8.449975,129.762924,24.189775,0.021884,0.971340,-0.127420,0.199457,-4.357233,143.515533,21.691036,0.074249,0.928541,-0.001201,0.363726,-11.611903,123.491455,21.896044,0.396629,-0.481219,0.384336,-0.680735,-25.645769,126.145889,8.806324,0.465255,-0.504415,0.318398,-0.654008,-19.245548,102.154778,-0.479695,0.533068,-0.509079,0.233575,-0.634130,-12.936224,82.774078,-8.432911,-0.038837,0.890606,-0.082666,0.445511,-6.381042,123.445259,27.198017,0.588440,0.806728,0.043507,-0.032186,5.243576,126.212486,42.447506,0.562523,0.799347,0.210690,0.014905,13.339760,101.117798,39.713501,0.557825,0.740816,0.370234,0.054318,21.560783,80.814751,34.933231,0.079855,0.889744,0.178600,0.412409,-9.599690,84.266701,12.796156,0.095813,0.932988,0.004969,0.346883,-9.413960,51.350403,-0.880142,-0.043618,0.934727,0.019656,0.352131,-17.297884,7.213983,-4.285873,-0.104568,0.900404,-0.062226,0.417691,2.760950,84.270218,26.746422,-0.006526,0.902247,-0.149013,0.404602,7.620248,49.680882,33.854408,-0.043683,0.883835,0.008222,0.465682,2.727876,6.717375,46.182449,-0.043618,0.934727,0.019656,0.352131,-7.541834,2.127264,-14.823818,-0.043683,0.883835,0.008222,0.465682,14.739017,1.455685,38.426762
326,2.716667,-0.002285,0.912407,0.002078,0.409272,-3.361718,84.265030,19.919750,-0.070688,0.909298,0.133759,0.387671,-3.406576,91.906685,19.934433,-0.008268,0.922207,0.026379,0.385708,-7.709601,109.585571,23.425756,0.089039,0.945054,-0.065894,0.307578,-8.428807,129.758438,24.279881,0.022128,0.971234,-0.127943,0.199616,-4.350609,143.514603,21.776995,0.073730,0.928613,-0.001296,0.363648,-11.585895,123.482719,21.991085,0.395543,-0.478795,0.386596,-0.681795,-25.624937,126.117363,8.902907,0.464870,-0.502897,0.318054,-0.655616,-19.193752,102.101471,-0.297271,0.534191,-0.507914,0.233123,-0.634285,-12.807515,82.746269,-8.255351,-0.039247,0.890598,-0.082604,0.445501,-6.354894,123.444733,27.292988,0.587717,0.807359,0.042361,-0.031090,5.268832,126.224983,42.540794,0.562303,0.799792,0.209457,0.016585,13.413808,101.137161,39.889996,0.556263,0.742290,0.369283,0.056629,21.640829,80.822624,35.204987,0.080411,0.890061,0.179061,0.411415,-9.558868,84.242020,12.959599,0.096229,0.933279,0.006291,0.345963,-9.409325,51.343815,-0.760624,-0.043631,0.934828,0.019664,0.351861,-17.289942,7.215917,-4.282448,-0.103880,0.900813,-0.061600,0.417073,2.835433,84.288040,26.879900,-0.005554,0.902721,-0.148629,0.403699,7.674901,49.682941,33.924450,-0.043725,0.883938,0.008477,0.465477,2.729947,6.708097,46.191837,-0.043631,0.934828,0.019664,0.351861,-7.539815,2.129274,-14.825916,-0.043725,0.883938,0.008477,0.465477,14.738980,1.453137,38.428326
327,2.725000,-0.003122,0.912849,0.001744,0.408282,-3.300370,84.257874,20.057545,-0.071507,0.909426,0.133528,0.387301,-3.354810,91.899483,20.062395,-0.008579,0.922241,0.026085,0.385638,-7.682815,109.585274,23.537519,0.089176,0.944995,-0.066179,0.307655,-8.408993,129.758545,24.375914,0.021965,0.971171,-0.128389,0.199652,-4.324447,143.511749,21.867081,0.073367,0.928731,-0.001680,0.363418,-11.564181,123.479927,22.092468,0.398506,-0.479132,0.384340,-0.681108,-25.611765,126.096436,9.009825,0.467258,-0.502249,0.317534,-0.654667,-19.105457,102.093765,-0.171998,0.535824,-0.506271,0.232963,-0.634280,-12.672588,82.716423,-8.072532,-0.039678,0.890571,-0.082881,0.445467,-6.332456,123.447945,27.393692,0.587364,0.807662,0.042527,-0.029622,5.291131,126.247704,42.638035,0.561594,0.800484,0.208467,0.019474,13.462838,101.162514,40.045189,0.555425,0.743165,0.368368,0.059270,21.719072,80.834305,35.496986,0.080900,0.890462,0.179402,0.410302,-9.512530,84.218025,13.110868,0.096678,0.933519,0.007552,0.345164,-9.400587,51.334167,-0.644071,-0.043668,0.934932,0.019725,0.351578,-17.282272,7.215625,-4.278941,-0.103225,0.901234,-0.061012,0.416412,2.911792,84.297729,27.004225,-0.004632,0.903096,-0.148342,0.402977,7.732710,49.677826,33.988476,-0.043780,0.884052,0.008937,0.465248,2.733102,6.694463,46.203766,-0.043668,0.934932,0.019725,0.351578,-7.537957,2.130730,-14.828624,-0.043780,0.884052,0.008937,0.465248,14.740578,1.451471,38.429756
328,2.733333,-0.004102,0.913307,0.001356,0.407249,-3.240129,84.249939,20.199987,-0.072497,0.909751,0.132859,0.386583,-3.305829,91.891457,20.193380,-0.008559,0.922499,0.026041,0.385026,-7.653472,109.572563,23.634104,0.088492,0.945154,-0.066083,0.307387,-8.377655,129.745941,24.471655,0.022154,0.971058,-0.128846,0.199887,-4.313324,143.504196,21.957722,0.072916,0.928901,-0.002056,0.363074,-11.536148,123.467270,22.192966,0.399604,-0.478339,0.384176,-0.681114,-25.595987,126.062759,9.119309,0.468521,-0.500896,0.317117,-0.655002,-19.042763,102.054787,-0.015159,0.537018,-0.504960,0.232871,-0.634349,-12.540874,82.690636,-7.872842,-0.040265,0.890395,-0.083160,0.445713,-6.297386,123.435524,27.487240,0.586770,0.808139,0.042867,-0.027829,5.315877,126.260849,42.734726,0.561107,0.801061,0.207278,0.022286,13.530013,101.182701,40.208763,0.554735,0.744098,0.367225,0.061092,21.802147,80.840561,35.798225,0.081433,0.890766,0.180037,0.409258,-9.467859,84.190399,13.267404,0.097188,0.933669,0.008619,0.344591,-9.386295,51.328995,-0.541303,-0.043606,0.934917,0.019634,0.351630,-17.279444,7.220900,-4.276724,-0.102766,0.902135,-0.060554,0.414638,2.987601,84.309479,27.132570,-0.003351,0.903840,-0.148019,0.401437,7.806824,49.678864,34.064701,-0.043716,0.884181,0.009285,0.465002,2.735642,6.685984,46.216835,-0.043606,0.934917,0.019634,0.351630,-7.534850,2.132951,-14.824674,-0.043716,0.884181,0.009285,0.465002,14.739627,1.450519,38.432373
329,2.741667,-0.005191,0.913753,0.000936,0.406237,-3.174144,84.248909,20.346651,-0.073251,0.909991,0.132374,0.386040,-3.252459,91.890289,20.327496,-0.009040,0.922622,0.025841,0.384734,-7.614441,109.563431,23.742046,0.088049,0.945172,-0.066482,0.307372,-8.353202,129.736908,24.564869,0.022291,0.970961,-0.129031,0.200224,-4.297448,143.494995,22.036209,0.072801,0.929052,-0.002552,0.362707,-11.508377,123.454140,22.292812,0.400753,-0.477351,0.384083,-0.681185,-25.579161,126.038994,9.228823,0.469851,-0.499678,0.316658,-0.655202,-18.972054,102.024803,0.149661,0.538353,-0.503552,0.231738,-0.634751,-12.400194,82.655449,-7.673045,-0.040840,0.890437,-0.083343,0.445543,-6.266392,123.430298,27.583937,0.586355,0.808536,0.041705,-0.026780,5.350928,126.278130,42.824142,0.560528,0.801754,0.205887,0.024696,13.593891,101.201370,40.379627,0.553471,0.745384,0.365900,0.064730,21.883780,80.857193,36.099873,0.081976,0.891130,0.180502,0.408150,-9.417027,84.167587,13.427936,0.097673,0.933911,0.009849,0.343764,-9.372761,51.324451,-0.424336,-0.043591,0.935021,0.019578,0.351357,-17.271395,7.226899,-4.270973,-0.102048,0.902750,-0.059982,0.413559,3.068740,84.330238,27.265369,-0.002331,0.904339,-0.147670,0.400449,7.867817,49.684223,34.134254,-0.043653,0.884275,0.009565,0.464823,2.739522,6.681540,46.227604,-0.043591,0.935021,0.019578,0.351357,-7.533241,2.137020,-14.823937,-0.043653,0.884275,0.009565,0.464823,14.740896,1.451951,38.435173
330,2.750000,-0.006002,0.914340,0.001006,0.404902,-3.104035,84.236931,20.469839,-0.074061,0.910147,0.132375,0.385517,-3.194129,91.878166,20.446754,-0.009497,0.922682,0.025498,0.384602,-7.585748,109.564888,23.855427,0.087331,0.945216,-0.067165,0.307293,-8.336071,129.738724,24.658497,0.022794,0.970894,-0.129109,0.200440,-4.294179,143.496246,22.104668,0.072401,0.929126,-0.002878,0.362594,-11.488166,123.451874,22.393471,0.401516,-0.475734,0.384816,-0.681454,-25.564390,126.017952,9.331640,0.470737,-0.498243,0.316382,-0.655792,-18.905468,101.986923,0.335262,0.539834,-0.501939,0.231578,-0.634829,-12.260302,82.618965,-7.456007,-0.041346,0.890637,-0.083087,0.445144,-6.244798,123.436317,27.683254,0.585691,0.809070,0.041871,-0.024888,5.384700,126.296234,42.911911,0.560272,0.802180,0.204538,0.027685,13.674132,101.227425,40.544106,0.553138,0.746217,0.364201,0.067495,21.965322,80.866837,36.410599,0.082469,0.891525,0.180835,0.407040,-9.366934,84.142242,13.569406,0.098119,0.934097,0.010949,0.343097,-9.360967,51.313484,-0.316954,-0.043588,0.935088,0.019680,0.351174,-17.265371,7.225850,-4.264051,-0.101448,0.903114,-0.059751,0.412944,3.158864,84.331619,27.370274,-0.001320,0.904736,-0.147369,0.399668,7.931366,49.674927,34.203686,-0.043564,0.884381,0.010369,0.464613,2.742131,6.663907,46.241253,-0.043588,0.935088,0.019680,0.351174,-7.531091,2.138494,-14.821802,-0.043564,0.884381,0.010369,0.464613,14.742338,1.452924,38.434578
331,2.758333,-0.006900,0.914794,0.000543,0.403861,-3.040677,84.231552,20.609480,-0.074644,0.910473,0.132165,0.384706,-3.140502,91.872627,20.574472,-0.010113,0.922936,0.025060,0.384005,-7.546157,109.559975,23.971916,0.086985,0.945331,-0.067322,0.307001,-8.312141,129.734222,24.749575,0.023012,0.970862,-0.129354,0.200414,-4.279430,143.492783,22.186861,0.072181,0.929457,-0.003491,0.361784,-11.461885,123.441818,22.496733,0.403168,-0.475189,0.384143,-0.681238,-25.562073,125.992409,9.457736,0.472561,-0.496610,0.315849,-0.655976,-18.848232,101.960060,0.505812,0.541328,-0.500289,0.231713,-0.634811,-12.113942,82.589676,-7.231946,-0.041502,0.890584,-0.083622,0.445135,-6.211860,123.437500,27.779930,0.585182,0.809509,0.041124,-0.023805,5.417445,126.311913,43.006004,0.560000,0.802531,0.203471,0.030734,13.741258,101.247963,40.708385,0.550832,0.747751,0.363750,0.071683,22.039003,80.859825,36.713577,0.082912,0.891937,0.181333,0.405823,-9.319046,84.117981,13.723405,0.098602,0.934351,0.012130,0.342226,-9.344938,51.307297,-0.205588,-0.043528,0.935193,0.019622,0.350906,-17.256626,7.230649,-4.259328,-0.100912,0.903621,-0.059232,0.412041,3.237693,84.345123,27.495558,-0.000200,0.905258,-0.147007,0.398618,7.998444,49.676304,34.275429,-0.043573,0.884407,0.010636,0.464557,2.744975,6.655574,46.250240,-0.043528,0.935193,0.019622,0.350906,-7.529135,2.140819,-14.822147,-0.043573,0.884407,0.010636,0.464557,14.745407,1.451319,38.439423
332,2.766667,-0.007719,0.915198,0.000186,0.402930,-2.979705,84.224449,20.749865,-0.075517,0.910700,0.131678,0.384167,-3.088826,91.865341,20.704933,-0.010358,0.923086,0.024849,0.383652,-7.515362,109.553955,24.076344,0.087222,0.945320,-0.067528,0.306925,-8.286941,129.728424,24.842606,0.022793,0.970824,-0.129647,0.200433,-4.246519,143.484024,22.276106,0.072021,0.929731,-0.004190,0.361105,-11.436447,123.433723,22.595863,0.404247,-0.473849,0.384427,-0.681372,-25.556555,125.969612,9.575573,0.473780,-0.495168,0.315300,-0.656451,-18.786886,101.925827,0.696713,0.543231,-0.498211,0.231304,-0.634968,-11.971471,82.558914,-7.008062,-0.042096,0.890775,-0.083688,0.444684,-6.182457,123.434151,27.875120,0.584833,0.809835,0.040311,-0.022628,5.460449,126.329079,43.086903,0.559568,0.803197,0.201541,0.033746,13.808805,101.266434,40.865395,0.549270,0.749211,0.362631,0.074059,22.119328,80.852959,37.032070,0.083515,0.892166,0.181726,0.405020,-9.271858,84.094170,13.876677,0.099028,0.934598,0.013354,0.341383,-9.336494,51.300812,-0.092933,-0.043422,0.935258,0.019558,0.350750,-17.249502,7.234538,-4.255457,-0.100436,0.904198,-0.058711,0.410964,3.312449,84.354729,27.623051,0.000928,0.905787,-0.146641,0.397550,8.066480,49.674686,34.350063,-0.043830,0.884547,0.010777,0.464263,2.748348,6.644344,46.261646,-0.043422,0.935258,0.019558,0.350750,-7.526821,2.141684,-14.821243,-0.043830,0.884547,0.010777,0.464263,14.746681,1.446917,38.443054
333,2.775000,-0.008680,0.915609,-0.000128,0.401976,-2.916197,84.218254,20.883387,-0.076081,0.911015,0.131474,0.383377,-3.036873,91.858902,20.828276,-0.010859,0.923347,0.024463,0.383034,-7.476838,109.547363,24.188736,0.087214,0.945284,-0.068656,0.306787,-8.260631,129.722168,24.933382,0.022579,0.970785,-0.129348,0.200836,-4.211693,143.469452,22.335987,0.071524,0.929927,-0.004580,0.360693,-11.408949,123.422897,22.697824,0.405652,-0.473208,0.384273,-0.681069,-25.543350,125.936058,9.688632,0.475801,-0.493333,0.314796,-0.656612,-18.735195,101.882492,0.865854,0.545007,-0.496647,0.230938,-0.634804,-11.826265,82.522133,-6.772240,-0.042555,0.891004,-0.083841,0.444154,-6.148060,123.432686,27.970196,0.584581,0.810096,0.039433,-0.021337,5.511615,126.344742,43.165855,0.559347,0.803691,0.199662,0.036699,13.878610,101.281120,41.027222,0.547860,0.750808,0.360671,0.077803,22.189194,80.843803,37.350590,0.083979,0.892594,0.182128,0.403799,-9.222367,84.069168,14.023441,0.099498,0.934996,0.014615,0.340103,-9.323337,51.291782,0.016606,-0.043491,0.935339,0.019463,0.350529,-17.242432,7.237082,-4.255393,-0.099671,0.904584,-0.058276,0.410362,3.389974,84.367332,27.743334,0.001751,0.906175,-0.146171,0.396835,8.112691,49.672756,34.417229,-0.044083,0.884570,0.011021,0.464189,2.753657,6.630251,46.266373,-0.043491,0.935339,0.019463,0.350529,-7.524255,2.142245,-14.824367,-0.044083,0.884570,0.011021,0.464189,14.754160,1.442384,38.444763
334,2.783333,-0.009558,0.915975,-0.000447,0.401121,-2.852740,84.213562,21.015701,-0.076771,0.911243,0.131341,0.382742,-2.983805,91.853966,20.950842,-0.011353,0.923532,0.024224,0.382586,-7.445331,109.550003,24.301836,0.086908,0.945414,-0.068655,0.306472,-8.243478,129.724838,25.030296,0.022789,0.970777,-0.129766,0.200585,-4.204069,143.474091,22.428453,0.071230,0.930132,-0.005328,0.360212,-11.389193,123.421333,22.802982,0.406736,-0.471810,0.384834,-0.681075,-25.538645,125.914085,9.806241,0.477016,-0.491612,0.314303,-0.657257,-18.683342,101.843071,1.067956,0.546485,-0.494882,0.230777,-0.634971,-11.682404,82.486519,-6.532384,-0.042842,0.891160,-0.084088,0.443765,-6.123364,123.439468,28.070398,0.583922,0.810592,0.039846,-0.019700,5.548722,126.364647,43.254002,0.559141,0.804084,0.197939,0.040385,13.960091,101.310944,41.173767,0.547294,0.751545,0.359545,0.079861,22.267315,80.843750,37.675705,0.084537,0.892932,0.182558,0.402739,-9.171408,84.047035,14.167669,0.099948,0.935156,0.015666,0.339483,-9.311300,51.287533,0.119404,-0.043370,0.935425,0.019405,0.350317,-17.238346,7.243755,-4.249378,-0.099047,0.905154,-0.057828,0.409319,3.465927,84.380081,27.863735,0.002758,0.906610,-0.145814,0.395965,8.169824,49.672962,34.485489,-0.043868,0.884602,0.011550,0.464136,2.752741,6.621477,46.275482,-0.043370,0.935425,0.019405,0.350317,-7.526366,2.145852,-14.822563,-0.043868,0.884602,0.011550,0.464136,14.752439,1.443772,38.445915
335,2.791667,-0.010451,0.916328,-0.001189,0.400289,-2.801679,84.209152,21.160629,-0.077371,0.911560,0.130602,0.382120,-2.940766,91.849266,21.080046,-0.011618,0.923747,0.024176,0.382063,-7.409081,109.545563,24.400209,0.086428,0.945520,-0.069294,0.306139,-8.215961,129.720245,25.123259,0.022766,0.970778,-0.129695,0.200626,-4.185553,143.467728,22.498226,0.070954,0.930439,-0.005832,0.359464,-11.361176,123.414566,22.901426,0.408457,-0.470953,0.384577,-0.680784,-25.533009,125.891350,9.926033,0.478819,-0.490176,0.313790,-0.657264,-18.624359,101.811089,1.255522,0.548430,-0.492792,0.230136,-0.635152,-11.543996,82.451210,-6.293092,-0.043162,0.891298,-0.084352,0.443407,-6.089482,123.436844,28.162956,0.583077,0.811224,0.040349,-0.017599,5.593867,126.376709,43.335064,0.559325,0.804307,0.195779,0.043772,14.061711,101.335861,41.330738,0.547650,0.752235,0.357206,0.081394,22.338205,80.852425,38.010864,0.085044,0.893064,0.183025,0.402128,-9.132433,84.021797,14.324309,0.100408,0.935379,0.016891,0.338671,-9.299965,51.280582,0.233763,-0.043452,0.935507,0.019297,0.350096,-17.231527,7.248676,-4.245105,-0.098499,0.905730,-0.057264,0.408256,3.529076,84.396515,27.996952,0.003677,0.907075,-0.145385,0.395050,8.222419,49.677040,34.561218,-0.043791,0.884730,0.011855,0.463890,2.757526,6.614864,46.289917,-0.043452,0.935507,0.019297,0.350096,-7.523999,2.148538,-14.821304,-0.043791,0.884730,0.011855,0.463890,14.753397,1.443448,38.450336
336,2.800000,-0.011159,0.916650,-0.001515,0.399532,-2.744573,84.204758,21.285480,-0.077842,0.911869,0.130254,0.381406,-2.891662,91.844620,21.196112,-0.012074,0.924004,0.023957,0.381440,-7.366763,109.535027,24.500179,0.085969,0.945710,-0.069265,0.305685,-8.186822,129.709702,25.208553,0.022873,0.970818,-0.129788,0.200362,-4.170902,143.460312,22.577711,0.070754,0.930843,-0.006435,0.358447,-11.330548,123.400093,22.995794,0.409455,-0.469693,0.384954,-0.680842,-25.531775,125.862633,10.049857,0.480453,-0.488405,0.313404,-0.657574,-18.575668,101.770004,1.451950,0.550446,-0.491004,0.229648,-0.634969,-11.408222,82.418259,-6.038203,-0.043764,0.891288,-0.084851,0.443273,-6.051931,123.430161,28.250340,0.582647,0.811589,0.039626,-0.016592,5.634001,126.398895,43.414833,0.559079,0.804747,0.193898,0.047079,14.130239,101.362442,41.476761,0.546293,0.753483,0.355829,0.084933,22.407841,80.846390,38.324974,0.085394,0.893423,0.183178,0.401184,-9.086330,84.002815,14.459780,0.100849,0.935737,0.018179,0.337483,-9.286313,51.269848,0.350513,-0.043531,0.935627,0.019289,0.349766,-17.220943,7.249987,-4.239973,-0.098027,0.906086,-0.057019,0.407612,3.597185,84.406700,28.111181,0.004619,0.907428,-0.144846,0.394428,8.272340,49.678623,34.642841,-0.043736,0.884737,0.012313,0.463870,2.757706,6.603074,46.298946,-0.043531,0.935627,0.019289,0.349766,-7.520053,2.150171,-14.822419,-0.043736,0.884737,0.012313,0.463870,14.754626,1.442340,38.453926
337,2.808333,-0.012207,0.916955,-0.001659,0.398800,-2.675129,84.198936,21.410082,-0.078526,0.912104,0.130016,0.380783,-2.836088,91.838417,21.312429,-0.012426,0.924209,0.023673,0.380949,-7.328179,109.525322,24.601385,0.085524,0.945886,-0.069096,0.305303,-8.156618,129.700180,25.294197,0.022948,0.970849,-0.129989,0.200073,-4.155655,143.454865,22.661793,0.070651,0.931304,-0.007233,0.357253,-11.299792,123.387360,23.089846,0.411072,-0.468620,0.384811,-0.680688,-25.534683,125.836693,10.178425,0.482368,-0.486895,0.312946,-0.657510,-18.519386,101.735497,1.652937,0.552396,-0.489326,0.228777,-0.634886,-11.268642,82.372513,-5.781837,-0.044477,0.891505,-0.084963,0.442743,-6.015728,123.424088,28.338871,0.582147,0.812060,0.037507,-0.016042,5.685937,126.418015,43.486267,0.559196,0.805133,0.191296,0.049653,14.214002,101.385605,41.637917,0.545252,0.754771,0.353859,0.088346,22.473734,80.841377,38.643883,0.086013,0.893627,0.183516,0.400442,-9.027317,83.977982,14.594680,0.101315,0.935944,0.019166,0.336716,-9.267982,51.261402,0.448075,-0.043401,0.935706,0.019296,0.349570,-17.215067,7.253325,-4.232932,-0.097354,0.906512,-0.056653,0.406876,3.677060,84.419891,28.225485,0.005490,0.907894,-0.144482,0.393476,8.325322,49.679474,34.710548,-0.043737,0.884854,0.012617,0.463639,2.764676,6.595236,46.312561,-0.043401,0.935706,0.019296,0.349570,-7.519910,2.152096,-14.819948,-0.043737,0.884854,0.012617,0.463639,14.758757,1.441868,38.458366
338,2.816667,-0.012952,0.917191,-0.002085,0.398232,-2.620868,84.197006,21.534876,-0.078849,0.912237,0.129774,0.380480,-2.789737,91.836174,21.426825,-0.013025,0.924249,0.023416,0.380849,-7.289783,109.529404,24.705631,0.085605,0.945844,-0.069592,0.305298,-8.136587,129.704147,25.379681,0.022737,0.970857,-0.130054,0.200013,-4.129377,143.454590,22.734749,0.070375,0.931656,-0.008104,0.356368,-11.274373,123.386368,23.181822,0.412367,-0.467657,0.385081,-0.680414,-25.535244,125.814949,10.295178,0.484074,-0.484932,0.312711,-0.657819,-18.483168,101.698471,1.843560,0.554281,-0.487074,0.229011,-0.634890,-11.139090,82.335281,-5.525699,-0.044777,0.891857,-0.084940,0.442008,-5.989394,123.432861,28.429846,0.581816,0.812354,0.036719,-0.014952,5.736445,126.434959,43.556915,0.559066,0.805683,0.188518,0.052728,14.286740,101.404930,41.780243,0.544846,0.756023,0.351218,0.090652,22.533901,80.844376,38.970345,0.086478,0.893640,0.183686,0.400237,-8.981146,83.960121,14.727556,0.101752,0.936433,0.020473,0.335143,-9.249321,51.253723,0.557932,-0.043135,0.935817,0.019235,0.349308,-17.201036,7.258308,-4.232878,-0.096835,0.906908,-0.056136,0.406188,3.739409,84.433884,28.342194,0.006277,0.907957,-0.144047,0.393479,8.374558,49.682117,34.775612,-0.043650,0.884830,0.012835,0.463688,2.764912,6.587449,46.315125,-0.043135,0.935817,0.019235,0.349308,-7.514707,2.152316,-14.825675,-0.043650,0.884830,0.012835,0.463688,14.759933,1.438386,38.459549
339,2.825000,-0.013557,0.917411,-0.002618,0.397702,-2.574045,84.192619,21.657999,-0.079072,0.912571,0.129254,0.379809,-2.748212,91.831512,21.538885,-0.013568,0.924515,0.023236,0.380194,-7.244926,109.523415,24.799601,0.085236,0.946035,-0.069253,0.304890,-8.108762,129.697906,25.459188,0.022729,0.970873,-0.130356,0.199743,-4.116019,143.453247,22.817766,0.070086,0.932040,-0.008531,0.355410,-11.243956,123.375656,23.270563,0.414051,-0.466732,0.385086,-0.680023,-25.532829,125.789238,10.412142,0.485926,-0.483316,0.312352,-0.657813,-18.435114,101.659096,2.038088,0.555950,-0.485430,0.228662,-0.634816,-11.010081,82.295479,-5.268739,-0.045214,0.891895,-0.085354,0.441807,-5.951771,123.430923,28.511238,0.581248,0.812790,0.036625,-0.013535,5.779417,126.454613,43.629868,0.559011,0.805964,0.186502,0.056087,14.366884,101.432816,41.917904,0.544409,0.756970,0.349024,0.093792,22.599443,80.846718,39.280739,0.086786,0.893663,0.184017,0.399966,-8.941895,83.941406,14.858273,0.102351,0.936766,0.021550,0.333961,-9.223984,51.247467,0.660188,-0.043085,0.935843,0.019007,0.349256,-17.199030,7.267103,-4.229098,-0.096313,0.907156,-0.055548,0.405841,3.793804,84.443840,28.457726,0.006926,0.908083,-0.143650,0.393321,8.415328,49.680199,34.836586,-0.043744,0.884915,0.013084,0.463509,2.768682,6.576032,46.322449,-0.043085,0.935843,0.019007,0.349256,-7.515033,2.154451,-14.820822,-0.043744,0.884915,0.013084,0.463509,14.762478,1.434337,38.460171
340,2.833333,-0.014249,0.917683,-0.003026,0.397047,-2.517440,84.189644,21.772947,-0.079648,0.912833,0.129118,0.379104,-2.698922,91.828201,21.644043,-0.013981,0.924772,0.022958,0.379570,-7.211656,109.521996,24.896088,0.084745,0.946156,-0.070038,0.304470,-8.086217,129.696548,25.539551,0.022821,0.970905,-0.130129,0.199722,-4.101971,143.449020,22.870531,0.069586,0.932289,-0.008760,0.354849,-11.220667,123.370621,23.360485,0.415534,-0.465528,0.385517,-0.679700,-25.527668,125.763855,10.518435,0.487626,-0.481662,0.312141,-0.657869,-18.388044,101.614616,2.235556,0.558079,-0.483294,0.228758,-0.634544,-10.888002,82.258202,-5.004857,-0.046076,0.892281,-0.084864,0.441034,-5.921591,123.433411,28.594107,0.580940,0.813103,0.034614,-0.013184,5.833004,126.476631,43.690609,0.559081,0.806365,0.183706,0.058788,14.439930,101.456329,42.056091,0.544979,0.757146,0.346913,0.096848,22.650629,80.853806,39.587784,0.087283,0.893708,0.184292,0.399630,-8.894631,83.923538,14.982553,0.102718,0.936861,0.022519,0.333515,-9.205218,51.242989,0.754268,-0.042967,0.935995,0.018881,0.348872,-17.183880,7.273236,-4.223735,-0.095950,0.907761,-0.055320,0.404603,3.859751,84.455750,28.563345,0.007941,0.908567,-0.143209,0.392345,8.473431,49.685337,34.910900,-0.043661,0.884984,0.013314,0.463379,2.771776,6.571147,46.331783,-0.042967,0.935995,0.018881,0.348872,-7.510123,2.155572,-14.822392,-0.043661,0.884984,0.013314,0.463379,14.763409,1.433904,38.463299
341,2.841667,-0.015003,0.917980,-0.003357,0.396328,-2.468388,84.187805,21.887133,-0.080086,0.913152,0.128718,0.378381,-2.658548,91.825996,21.749151,-0.014278,0.925048,0.022765,0.378899,-7.176827,109.516632,24.984375,0.084611,0.946383,-0.069329,0.303963,-8.059077,129.691193,25.616705,0.022661,0.970968,-0.130565,0.199148,-4.086489,143.449936,22.962688,0.069471,0.932689,-0.009668,0.353797,-11.193945,123.362602,23.446018,0.414991,-0.463063,0.387779,-0.680428,-25.530476,125.740669,10.634117,0.488277,-0.479721,0.311897,-0.658919,-18.362249,101.562584,2.460831,0.559954,-0.481928,0.227646,-0.634330,-10.769801,82.217392,-4.745329,-0.046558,0.892491,-0.084962,0.440539,-5.887404,123.430862,28.672005,0.580204,0.813628,0.035250,-0.011400,5.882364,126.491165,43.753223,0.559478,0.806253,0.181766,0.062458,14.536921,101.483559,42.177094,0.544129,0.758468,0.344436,0.100071,22.704479,80.853554,39.886692,0.087686,0.893536,0.184720,0.399729,-8.855797,83.906303,15.106967,0.103295,0.937038,0.023354,0.332785,-9.177497,51.242043,0.841579,-0.042677,0.936043,0.018640,0.348791,-17.182823,7.286406,-4.217676,-0.095528,0.908345,-0.055116,0.403419,3.919021,84.469307,28.667297,0.008841,0.909022,-0.142725,0.391447,8.519854,49.691528,34.983730,-0.043336,0.885030,0.013615,0.463313,2.772909,6.566241,46.339840,-0.042677,0.936043,0.018640,0.348791,-7.514572,2.159112,-14.816702,-0.043336,0.885030,0.013615,0.463313,14.761484,1.431935,38.464783
342,2.850000,-0.015751,0.918197,-0.003873,0.395791,-2.419194,84.185829,22.002876,-0.080437,0.913458,0.128237,0.377729,-2.616812,91.823608,21.853247,-0.014776,0.925299,0.022695,0.378270,-7.138147,109.517075,25.070709,0.084292,0.946517,-0.069510,0.303594,-8.037518,129.691193,25.693394,0.022512,0.970986,-0.130651,0.199021,-4.073593,143.450577,23.029713,0.069245,0.933103,-0.010485,0.352723,-11.169627,123.358627,23.530264,0.418662,-0.463664,0.385708,-0.678946,-25.536758,125.718903,10.749388,0.491612,-0.478386,0.311859,-0.657426,-18.313099,101.542389,2.620365,0.561691,-0.480251,0.227709,-0.634044,-10.661399,82.172279,-4.472563,-0.046804,0.892789,-0.085133,0.439875,-5.856218,123.434425,28.749163,0.579932,0.813886,0.033999,-0.010623,5.935286,126.504532,43.811401,0.559381,0.806663,0.179236,0.065289,14.607479,101.498566,42.307602,0.544404,0.758843,0.342488,0.102392,22.757362,80.862442,40.185814,0.088246,0.893451,0.185032,0.399650,-8.814105,83.887688,15.230501,0.103677,0.936973,0.024218,0.332785,-9.163089,51.238705,0.930832,-0.042468,0.936126,0.018568,0.348597,-17.174170,7.293880,-4.212536,-0.095014,0.908665,-0.054704,0.402875,3.975718,84.483963,28.775251,0.009491,0.909363,-0.142300,0.390793,8.559443,49.695988,35.047798,-0.043737,0.885306,0.013686,0.462745,2.782394,6.560880,46.351204,-0.042468,0.936126,0.018568,0.348597,-7.512660,2.162251,-14.815609,-0.043737,0.885306,0.013686,0.462745,14.764998,1.433392,38.462631
343,2.858333,-0.016321,0.918362,-0.004272,0.395381,-2.378936,84.180939,22.107660,-0.080706,0.913631,0.127911,0.377363,-2.582201,91.818390,21.949083,-0.015102,0.925418,0.022437,0.377982,-7.107398,109.515503,25.154030,0.083652,0.946630,-0.070086,0.303286,-8.014824,129.689697,25.762388,0.022471,0.971062,-0.130260,0.198912,-4.064651,143.448608,23.075966,0.069093,0.933417,-0.011127,0.351902,-11.145589,123.354248,23.605808,0.420448,-0.462867,0.385794,-0.678337,-25.535948,125.701439,10.848667,0.493540,-0.476656,0.312078,-0.657133,-18.276663,101.508141,2.801739,0.563427,-0.478336,0.228442,-0.633687,-10.556394,82.127991,-4.205500,-0.047523,0.893120,-0.084947,0.439160,-5.829073,123.436096,28.821453,0.579372,0.814320,0.033543,-0.009284,5.984176,126.526169,43.862564,0.559769,0.806605,0.177190,0.068197,14.692214,101.528404,42.431374,0.544072,0.759718,0.340136,0.105459,22.803556,80.867584,40.462383,0.088629,0.893273,0.185379,0.399804,-8.779555,83.870102,15.341249,0.104059,0.937191,0.025023,0.331993,-9.139939,51.235092,1.009992,-0.042168,0.936241,0.018470,0.348329,-17.163002,7.300979,-4.205671,-0.094658,0.908866,-0.054254,0.402567,4.021683,84.491776,28.874073,0.010120,0.909540,-0.141949,0.390494,8.597811,49.695488,35.105927,-0.043623,0.885378,0.014011,0.462608,2.785312,6.552508,46.361015,-0.042168,0.936241,0.018470,0.348329,-7.510939,2.163242,-14.814392,-0.043623,0.885378,0.014011,0.462608,14.765714,1.431416,38.464939
344,2.866667,-0.016902,0.918603,-0.004534,0.394794,-2.333281,84.174995,22.205463,-0.080705,0.914015,0.127374,0.376617,-2.543226,91.812119,22.039824,-0.015738,0.925716,0.022400,0.377228,-7.057542,109.510490,25.229940,0.083259,0.946792,-0.070017,0.302903,-7.987687,129.683960,25.827953,0.022239,0.971075,-0.130297,0.198850,-4.050321,143.445816,23.137833,0.068909,0.933855,-0.011800,0.350752,-11.114433,123.343575,23.680058,0.421811,-0.461768,0.386111,-0.678059,-25.537079,125.676636,10.956836,0.495103,-0.475208,0.312315,-0.656895,-18.236940,101.468727,2.991182,0.564848,-0.476982,0.228432,-0.633446,-10.460280,82.078278,-3.944547,-0.048026,0.893160,-0.085179,0.438980,-5.789735,123.434723,28.887192,0.578983,0.814639,0.032766,-0.008283,6.027786,126.545624,43.920643,0.559887,0.806761,0.175078,0.070788,14.760635,101.552734,42.557076,0.543397,0.760825,0.337823,0.108354,22.846800,80.878258,40.734222,0.089069,0.892971,0.185667,0.400246,-8.742182,83.852242,15.447457,0.104617,0.937333,0.025803,0.331355,-9.114579,51.230431,1.086499,-0.042043,0.936230,0.018222,0.348388,-17.164179,7.310352,-4.205876,-0.094159,0.909022,-0.053916,0.402375,4.075621,84.497749,28.963470,0.010736,0.909890,-0.141624,0.389778,8.630934,49.692139,35.158413,-0.043476,0.885453,0.014400,0.462468,2.788239,6.542039,46.370483,-0.042043,0.936230,0.018222,0.348388,-7.512777,2.164719,-14.811364,-0.043476,0.885453,0.014400,0.462468,14.766333,1.428537,38.465996
345,2.875000,-0.017502,0.918730,-0.004799,0.394470,-2.290190,84.170128,22.300430,-0.081053,0.914235,0.126951,0.376150,-2.507009,91.806892,22.127523,-0.015944,0.925914,0.022307,0.376738,-7.026571,109.510712,25.301525,0.082861,0.946939,-0.070076,0.302540,-7.962662,129.684082,25.893412,0.021982,0.971123,-0.130289,0.198649,-4.037065,143.447906,23.196228,0.068796,0.934192,-0.012450,0.349854,-11.089586,123.341919,23.751017,0.423633,-0.461222,0.386108,-0.677296,-25.537222,125.663376,11.054058,0.497205,-0.473710,0.312612,-0.656246,-18.210169,101.438881,3.163932,0.566723,-0.475262,0.228736,-0.632954,-10.373737,82.024239,-3.684249,-0.048383,0.893401,-0.085211,0.438444,-5.759480,123.436646,28.952547,0.578558,0.814986,0.031842,-0.007428,6.074902,126.559113,43.970325,0.560178,0.806874,0.172717,0.072963,14.834532,101.572098,42.672600,0.543170,0.761885,0.334966,0.110884,22.892731,80.873695,40.984825,0.089355,0.892925,0.186064,0.400101,-8.703476,83.835136,15.547183,0.104941,0.937587,0.026494,0.330479,-9.084374,51.227493,1.154293,-0.041899,0.936409,0.018078,0.347930,-17.145195,7.316774,-4.198370,-0.093787,0.909380,-0.053575,0.401698,4.123097,84.505119,29.053679,0.011395,0.910198,-0.141295,0.389160,8.669032,49.691898,35.212666,-0.043595,0.885543,0.014528,0.462279,2.791458,6.534731,46.379227,-0.041899,0.936409,0.018078,0.347930,-7.506030,2.165336,-14.812170,-0.043595,0.885543,0.014528,0.462279,14.767849,1.425904,38.469143
346,2.883333,-0.018215,0.918736,-0.004927,0.394422,-2.247505,84.171967,22.386154,-0.080947,0.914434,0.126759,0.375753,-2.473578,91.808334,22.207172,-0.016645,0.926075,0.022195,0.376318,-6.983680,109.507164,25.376934,0.082545,0.947017,-0.070317,0.302324,-7.944048,129.679825,25.954384,0.021622,0.971166,-0.130135,0.198579,-4.025898,143.443741,23.246809,0.068572,0.934566,-0.013075,0.348875,-11.065028,123.332199,23.819490,0.423489,-0.458727,0.388131,-0.677924,-25.540369,125.638580,11.151363,0.497576,-0.472280,0.313171,-0.656730,-18.174706,101.388039,3.378036,0.568417,-0.473902,0.229366,-0.632226,-10.295055,81.976494,-3.420676,-0.048634,0.893582,-0.085392,0.438011,-5.730546,123.437408,29.016336,0.578154,0.815313,0.030930,-0.006781,6.117606,126.570549,44.021038,0.560221,0.807075,0.170618,0.075309,14.902538,101.589539,42.779816,0.543245,0.762388,0.332817,0.113498,22.937666,80.887589,41.230133,0.089924,0.892648,0.186183,0.400536,-8.661017,83.823837,15.633780,0.105266,0.937585,0.027084,0.330333,-9.067206,51.226616,1.217991,-0.041416,0.936495,0.018081,0.347758,-17.138226,7.324881,-4.192688,-0.093410,0.909665,-0.053223,0.401187,4.166006,84.520103,29.138529,0.011989,0.910519,-0.140981,0.388504,8.701441,49.699181,35.261616,-0.043386,0.885645,0.014541,0.462104,2.794227,6.535286,46.386456,-0.041416,0.936495,0.018081,0.347758,-7.507966,2.168153,-14.812004,-0.043386,0.885645,0.014541,0.462104,14.765519,1.423693,38.470436
347,2.891667,-0.018485,0.918873,-0.005532,0.394081,-2.220077,84.163521,22.475698,-0.080838,0.914712,0.126231,0.375277,-2.446356,91.799637,22.286671,-0.017014,0.926276,0.022237,0.375804,-6.944451,109.505699,25.443060,0.081747,0.947259,-0.069737,0.301920,-7.918938,129.677765,26.016975,0.021539,0.971181,-0.130441,0.198315,-4.028718,143.450836,23.315638,0.068180,0.934900,-0.013746,0.348029,-11.037599,123.327400,23.886921,0.425214,-0.458283,0.387991,-0.677224,-25.537861,125.611832,11.243336,0.499697,-0.470745,0.313817,-0.655912,-18.144852,101.348785,3.535306,0.569784,-0.472789,0.229758,-0.631687,-10.218085,81.916626,-3.159571,-0.049088,0.893631,-0.085674,0.437805,-5.697541,123.437675,29.077932,0.577621,0.815722,0.030261,-0.006051,6.155894,126.590744,44.074284,0.560623,0.807034,0.168336,0.077856,14.973969,101.618851,42.885849,0.543439,0.762770,0.331121,0.114952,22.964535,80.910576,41.482716,0.089991,0.892699,0.186822,0.400110,-8.638415,83.806305,15.728387,0.105746,0.937712,0.027586,0.329776,-9.036621,51.226936,1.272078,-0.041597,0.936516,0.017488,0.347709,-17.135727,7.336769,-4.190177,-0.093186,0.910050,-0.052871,0.400413,4.198261,84.520737,29.223009,0.012624,0.910951,-0.140664,0.387585,8.734674,49.694176,35.313187,-0.043455,0.885741,0.014864,0.461903,2.797721,6.523669,46.396439,-0.041597,0.936516,0.017488,0.347709,-7.506393,2.166178,-14.803592,-0.043455,0.885741,0.014864,0.461903,14.767411,1.420935,38.472282
348,2.900000,-0.018677,0.918978,-0.005968,0.393822,-2.194216,84.159508,22.555828,-0.080842,0.914907,0.125887,0.374916,-2.420621,91.795433,22.359583,-0.017272,0.926426,0.022120,0.375430,-6.912978,109.504738,25.506279,0.081161,0.947384,-0.069705,0.301691,-7.895136,129.676666,26.072323,0.021229,0.971196,-0.130407,0.198296,-4.021903,143.453415,23.365429,0.067928,0.935213,-0.014362,0.347212,-11.012918,123.324120,23.947451,0.428730,-0.458680,0.386111,-0.675812,-25.536507,125.592407,11.327763,0.502370,-0.469975,0.314759,-0.653969,-18.085640,101.331314,3.669410,0.571395,-0.470971,0.231430,-0.630979,-10.150799,81.855049,-2.907023,-0.049497,0.893859,-0.085735,0.437281,-5.668812,123.438774,29.134199,0.577417,0.815899,0.029504,-0.005246,6.200823,126.605736,44.114799,0.560698,0.807065,0.167019,0.079800,15.031865,101.635719,42.984600,0.541907,0.764134,0.329360,0.118147,23.002085,80.921829,41.684105,0.090579,0.892387,0.186729,0.400716,-8.616233,83.795784,15.812365,0.106159,0.937953,0.027891,0.328932,-9.044424,51.221500,1.345462,-0.041102,0.936328,0.018043,0.348247,-17.173756,7.340729,-4.147305,-0.092977,0.910232,-0.052539,0.400090,4.227801,84.523224,29.299292,0.013123,0.911110,-0.140344,0.387310,8.762609,49.691395,35.360466,-0.043496,0.885785,0.015154,0.461805,2.799169,6.513965,46.402470,-0.041102,0.936328,0.018043,0.348247,-7.535830,2.180105,-14.757769,-0.043496,0.885785,0.015154,0.461805,14.768715,1.419003,38.473099
349,2.908333,-0.019099,0.919043,-0.006189,0.393646,-2.166550,84.158218,22.626341,-0.080876,0.915073,0.125614,0.374596,-2.397590,91.793861,22.424500,-0.017435,0.926567,0.022065,0.375077,-6.885313,109.501633,25.562500,0.080478,0.947509,-0.070321,0.301339,-7.872496,129.673431,26.124376,0.020986,0.971285,-0.129896,0.198223,-4.014130,143.449554,23.393147,0.067874,0.935524,-0.015077,0.346354,-10.990156,123.319534,24.003393,0.428206,-0.455963,0.388508,-0.676608,-25.537088,125.577545,11.408780,0.502200,-0.468623,0.315942,-0.654498,-18.052906,101.288582,3.872249,0.572134,-0.470148,0.232178,-0.630648,-10.089515,81.790749,-2.656803,-0.050446,0.894027,-0.085388,0.436898,-5.642186,123.436890,29.186096,0.577271,0.816038,0.028613,-0.004676,6.236755,126.629875,44.153786,0.560617,0.807416,0.164657,0.081706,15.077027,101.660828,43.075718,0.542916,0.764279,0.326793,0.119696,23.035877,80.939987,41.904640,0.090863,0.892158,0.186944,0.401060,-8.590844,83.785645,15.885532,0.106455,0.938012,0.028369,0.328629,-9.024903,51.220776,1.397613,-0.040476,0.936404,0.018092,0.348113,-17.166374,7.348066,-4.141454,-0.092753,0.910527,-0.052329,0.399498,4.257744,84.530792,29.367149,0.013614,0.911362,-0.140050,0.386808,8.788145,49.694424,35.405506,-0.043322,0.885835,0.015338,0.461719,2.800781,6.510732,46.410038,-0.040476,0.936404,0.018092,0.348113,-7.537831,2.181929,-14.757751,-0.043322,0.885835,0.015338,0.461719,14.767874,1.417876,38.475616
350,2.916667,-0.019419,0.919102,-0.006553,0.393486,-2.140460,84.152336,22.693142,-0.080754,0.915264,0.125336,0.374248,-2.373838,91.787720,22.484312,-0.017694,0.926720,0.021973,0.374691,-6.852648,109.499191,25.616592,0.080572,0.947578,-0.069898,0.301196,-7.847917,129.670792,26.171515,0.020130,0.971335,-0.129940,0.198038,-3.991099,143.449585,23.451675,0.067713,0.935844,-0.015764,0.345489,-10.964614,123.314735,24.055519,0.429583,-0.455321,0.388494,-0.676176,-25.535593,125.559067,11.486281,0.503601,-0.467284,0.317365,-0.653691,-18.019783,101.260864,4.011242,0.572350,-0.469432,0.232818,-0.630750,-10.038102,81.727257,-2.413671,-0.050415,0.894138,-0.085992,0.436555,-5.612470,123.436371,29.233814,0.577090,0.816208,0.027490,-0.004091,6.278183,126.637589,44.190441,0.560635,0.807497,0.163462,0.083165,15.129827,101.670052,43.172325,0.543180,0.764144,0.326104,0.121227,23.069324,80.960548,42.084663,0.090829,0.891933,0.187647,0.401240,-8.566880,83.771614,15.954817,0.106516,0.938200,0.028974,0.328018,-8.974832,51.225056,1.425053,-0.040175,0.936751,0.017785,0.347228,-17.107019,7.356647,-4.161495,-0.092505,0.910673,-0.052072,0.399257,4.285960,84.533051,29.431469,0.013946,0.911300,-0.139762,0.387046,8.809397,49.691494,35.445045,-0.043289,0.885851,0.015601,0.461683,2.801898,6.501391,46.413349,-0.040175,0.936751,0.017785,0.347228,-7.502512,2.178288,-14.793597,-0.043289,0.885851,0.015601,0.461683,14.769107,1.414664,38.475182
351,2.925000,-0.019786,0.919080,-0.006855,0.393513,-2.114861,84.147987,22.747547,-0.080485,0.915378,0.125309,0.374035,-2.351563,91.783081,22.532249,-0.018059,0.926811,0.021898,0.374454,-6.819951,109.495293,25.668314,0.080169,0.947666,-0.070087,0.300982,-7.827596,129.666489,26.215151,0.019668,0.971426,-0.129557,0.197886,-3.981019,143.446243,23.485569,0.067671,0.936035,-0.016197,0.344958,-10.941341,123.307594,24.103380,0.430906,-0.454247,0.388890,-0.675828,-25.526741,125.545456,11.549719,0.504455,-0.466097,0.319013,-0.653077,-17.975481,101.232788,4.157878,0.571970,-0.468944,0.233846,-0.631077,-9.984874,81.653587,-2.176565,-0.050841,0.894283,-0.085874,0.436232,-5.586743,123.434784,29.279005,0.576583,0.816584,0.027065,-0.003179,6.313172,126.647995,44.225700,0.561316,0.807185,0.161941,0.084570,15.196155,101.689484,43.260674,0.542050,0.765654,0.323626,0.123381,23.093090,80.954155,42.254955,0.091323,0.891817,0.187413,0.401497,-8.540608,83.758759,16.009062,0.106960,0.938388,0.029096,0.327323,-8.982479,51.212357,1.479939,-0.040160,0.936494,0.018245,0.347897,-17.152184,7.353121,-4.123829,-0.092260,0.910836,-0.051935,0.398960,4.310886,84.537209,29.486031,0.014359,0.911640,-0.139499,0.386325,8.824528,49.691406,35.482361,-0.043357,0.885882,0.015738,0.461612,2.800963,6.495759,46.419991,-0.040160,0.936494,0.018245,0.347897,-7.531356,2.187475,-14.747357,-0.043357,0.885882,0.015738,0.461612,14.768128,1.413344,38.478981
352,2.933333,-0.019892,0.919170,-0.006977,0.393295,-2.101379,84.150795,22.795164,-0.080271,0.915548,0.125280,0.373676,-2.338887,91.785805,22.577574,-0.018429,0.926952,0.021753,0.374095,-6.797282,109.494926,25.716656,0.080035,0.947725,-0.070283,0.300785,-7.816390,129.665833,26.252838,0.019150,0.971498,-0.129233,0.197795,-3.972675,143.444901,23.515808,0.067677,0.936168,-0.016692,0.344574,-10.927975,123.303917,24.147003,0.432298,-0.453262,0.389067,-0.675499,-25.523598,125.535980,11.604202,0.505397,-0.465179,0.320457,-0.652296,-17.932241,101.212837,4.288295,0.571953,-0.468511,0.234760,-0.631074,-9.942406,81.598663,-1.959858,-0.051035,0.894358,-0.086124,0.436007,-5.569573,123.437164,29.318535,0.576234,0.816846,0.026658,-0.002458,6.337166,126.660713,44.257561,0.561380,0.807279,0.160558,0.085879,15.241724,101.708221,43.336681,0.542143,0.766098,0.322068,0.124283,23.120510,80.977333,42.412888,0.091521,0.891429,0.187404,0.402316,-8.530243,83.758858,16.059816,0.107135,0.938530,0.029587,0.326816,-8.971455,51.214802,1.525426,-0.039728,0.936513,0.018176,0.347902,-17.144173,7.361522,-4.120397,-0.092085,0.911022,-0.051796,0.398594,4.327485,84.542740,29.530514,0.014620,0.911797,-0.139290,0.386018,8.836271,49.693615,35.511166,-0.043343,0.885942,0.015847,0.461494,2.802194,6.493404,46.424953,-0.039728,0.936513,0.018176,0.347902,-7.527945,2.189436,-14.744952,-0.043343,0.885942,0.015847,0.461494,14.767557,1.413433,38.479679
353,2.941667,-0.020056,0.919219,-0.007187,0.393171,-2.084920,84.148895,22.838146,-0.080247,0.915533,0.125450,0.373661,-2.323499,91.783760,22.616663,-0.018531,0.926924,0.021535,0.374172,-6.784450,109.495995,25.762648,0.079641,0.947717,-0.070689,0.300819,-7.804127,129.667145,26.289064,0.018653,0.971545,-0.128825,0.197882,-3.967533,143.445374,23.537884,0.067454,0.936228,-0.017107,0.344435,-10.915193,123.304138,24.185705,0.435542,-0.453841,0.387544,-0.673900,-25.515715,125.522789,11.646218,0.507397,-0.464320,0.321871,-0.650656,-17.889496,101.195717,4.379806,0.570896,-0.468327,0.235133,-0.632029,-9.904402,81.541962,-1.750115,-0.051767,0.894605,-0.085747,0.435487,-5.557702,123.439995,29.358112,0.576315,0.816820,0.025749,-0.002005,6.363690,126.681313,44.281609,0.561148,0.807500,0.159704,0.086899,15.263417,101.725403,43.407990,0.541321,0.766777,0.321119,0.126126,23.147926,80.988029,42.544312,0.091654,0.891240,0.187562,0.402631,-8.515486,83.752617,16.104671,0.107337,0.938551,0.029839,0.326665,-8.955167,51.214527,1.556885,-0.039766,0.936590,0.017953,0.347700,-17.138107,7.366485,-4.114737,-0.091928,0.911216,-0.051637,0.398208,4.345645,84.545174,29.571619,0.014964,0.912026,-0.139117,0.385527,8.851429,49.692810,35.535614,-0.043214,0.885958,0.015976,0.461471,2.800970,6.489187,46.426804,-0.039766,0.936590,0.017953,0.347700,-7.526689,2.188668,-14.740857,-0.043214,0.885958,0.015976,0.461471,14.765204,1.410630,38.478912
354,2.950000,-0.020155,0.919250,-0.007329,0.393089,-2.073935,84.148315,22.871971,-0.079978,0.915610,0.125454,0.373529,-2.313066,91.783081,22.647913,-0.018704,0.926973,0.021443,0.374048,-6.764174,109.495285,25.798214,0.079463,0.947756,-0.070684,0.300745,-7.788878,129.666321,26.318697,0.018028,0.971609,-0.128557,0.197800,-3.957434,143.445618,23.565674,0.067346,0.936387,-0.017543,0.344001,-10.898849,123.301888,24.218084,0.434712,-0.451282,0.389977,-0.674750,-25.511488,125.511513,11.691133,0.506049,-0.463160,0.323547,-0.651701,-17.862762,101.158882,4.534849,0.568763,-0.468504,0.234862,-0.633919,-9.876711,81.492638,-1.565731,-0.051599,0.894680,-0.086150,0.435273,-5.540080,123.440681,29.389086,0.576007,0.817053,0.025271,-0.001268,6.389193,126.682411,44.306183,0.561156,0.807615,0.158609,0.087778,15.307814,101.731644,43.479488,0.541988,0.766747,0.319916,0.126499,23.178568,81.006348,42.675678,0.091820,0.890884,0.187543,0.403388,-8.505635,83.749298,16.139744,0.107499,0.938669,0.030164,0.326242,-8.943961,51.212872,1.588193,-0.039546,0.936601,0.017932,0.347696,-17.133341,7.369724,-4.111917,-0.091767,0.911304,-0.051475,0.398062,4.357764,84.547333,29.604197,0.015078,0.912094,-0.139019,0.385397,8.858829,49.691673,35.552513,-0.043280,0.886031,0.016078,0.461322,2.803988,6.485894,46.432686,-0.039546,0.936601,0.017932,0.347696,-7.524359,2.189024,-14.738832,-0.043280,0.886031,0.016078,0.461322,14.766608,1.410688,38.480232
355,2.958333,-0.020285,0.919294,-0.007332,0.392979,-2.061361,84.147247,22.896811,-0.079604,0.915717,0.125500,0.373330,-2.302327,91.781944,22.671965,-0.018955,0.927048,0.021341,0.373854,-6.739847,109.492302,25.829443,0.079065,0.947832,-0.070652,0.300619,-7.772282,129.663132,26.342508,0.017549,0.971664,-0.128270,0.197759,-3.952349,143.444962,23.586159,0.067286,0.936544,-0.017899,0.343567,-10.880591,123.296669,24.245615,0.435374,-0.450079,0.390762,-0.674673,-25.505119,125.500084,11.731452,0.505888,-0.462404,0.324814,-0.651733,-17.831409,101.132904,4.651838,0.566648,-0.469158,0.233893,-0.635684,-9.849246,81.446304,-1.402758,-0.051942,0.894715,-0.086173,0.435156,-5.519800,123.439575,29.414410,0.575716,0.817272,0.024823,-0.000675,6.412071,126.693260,44.326824,0.561026,0.807637,0.158286,0.088980,15.348527,101.747581,43.539883,0.541682,0.766573,0.320761,0.126724,23.207897,81.041473,42.788975,0.091966,0.890639,0.187621,0.403861,-8.494566,83.745987,16.166157,0.107613,0.938751,0.030325,0.325956,-8.931994,51.213562,1.605634,-0.039346,0.936624,0.017906,0.347659,-17.127836,7.373494,-4.108891,-0.091635,0.911422,-0.051384,0.397835,4.371844,84.548515,29.627462,0.015267,0.912252,-0.138962,0.385036,8.868504,49.690464,35.565056,-0.043325,0.886063,0.016098,0.461255,2.804395,6.483788,46.436512,-0.039346,0.936624,0.017906,0.347659,-7.521872,2.189928,-14.737135,-0.043325,0.886063,0.016098,0.461255,14.766325,1.409627,38.482357
356,2.966667,-0.020352,0.919307,-0.007574,0.392943,-2.055255,84.143188,22.917595,-0.079312,0.915765,0.125679,0.373215,-2.295713,91.777786,22.688951,-0.019037,0.927092,0.021186,0.373749,-6.726947,109.494400,25.858185,0.079079,0.947812,-0.070733,0.300660,-7.760052,129.665375,26.364336,0.016832,0.971691,-0.128037,0.197838,-3.938890,143.446503,23.606169,0.067161,0.936650,-0.018325,0.343279,-10.868571,123.298035,24.270372,0.436851,-0.449526,0.390771,-0.674081,-25.501400,125.491730,11.764198,0.506470,-0.462258,0.325386,-0.651099,-17.801691,101.114037,4.749293,0.565176,-0.470380,0.232243,-0.636697,-9.830605,81.412964,-1.266523,-0.052700,0.894845,-0.085739,0.434885,-5.506659,123.442993,29.437950,0.575549,0.817405,0.024328,-0.000150,6.431277,126.714981,44.341511,0.561155,0.807602,0.157720,0.089496,15.377934,101.771797,43.592625,0.541057,0.767202,0.319986,0.127545,23.230978,81.049629,42.872868,0.092079,0.890390,0.187707,0.404344,-8.488946,83.738998,16.187576,0.107739,0.938804,0.030464,0.325747,-8.922975,51.210369,1.618469,-0.039354,0.936617,0.017926,0.347675,-17.126434,7.373491,-4.109591,-0.091599,0.911553,-0.051249,0.397561,4.378435,84.547371,29.647614,0.015422,0.912379,-0.138930,0.384740,8.878451,49.687870,35.574142,-0.043369,0.886104,0.016185,0.461169,2.806300,6.480813,46.439575,-0.039354,0.936617,0.017926,0.347675,-7.519950,2.190564,-14.737682,-0.043369,0.886104,0.016185,0.461169,14.767464,1.409369,38.482521
357,2.975000,-0.020438,0.919335,-0.007716,0.392868,-2.053098,84.144501,22.935537,-0.079157,0.915793,0.125720,0.373166,-2.293936,91.779007,22.704407,-0.019033,0.927105,0.021106,0.373722,-6.719620,109.493340,25.876978,0.079218,0.947791,-0.070464,0.300751,-7.751351,129.664444,26.380247,0.016042,0.971717,-0.127912,0.197857,-3.928252,143.446808,23.630962,0.067369,0.936741,-0.018857,0.342962,-10.860417,123.297028,24.287392,0.438217,-0.449240,0.390845,-0.673342,-25.500601,125.491676,11.790001,0.507059,-0.462252,0.325613,-0.650531,-17.790312,101.100769,4.832919,0.563993,-0.471569,0.230618,-0.637456,-9.824650,81.387314,-1.158241,-0.051945,0.894775,-0.086485,0.434972,-5.498196,123.442375,29.454636,0.575164,0.817697,0.023603,0.000157,6.439859,126.700928,44.361042,0.561376,0.807633,0.156985,0.089118,15.410015,101.765129,43.648075,0.541082,0.767823,0.318191,0.128188,23.252539,81.046448,42.931862,0.092188,0.890192,0.187857,0.404684,-8.487815,83.737793,16.206652,0.107766,0.938875,0.030544,0.325527,-8.918570,51.214588,1.625350,-0.039016,0.936631,0.017885,0.347678,-17.123301,7.378676,-4.108250,-0.091484,0.911666,-0.051056,0.397352,4.381618,84.551201,29.664421,0.015455,0.912399,-0.138959,0.384682,8.881111,49.688774,35.574131,-0.043527,0.886136,0.015998,0.461099,2.805881,6.482542,46.441120,-0.039016,0.936631,0.017885,0.347678,-7.520403,2.191048,-14.737290,-0.043527,0.886136,0.015998,0.461099,14.766542,1.408523,38.484959
358,2.983333,-0.020402,0.919398,-0.007687,0.392723,-2.054346,84.142578,22.938423,-0.078875,0.915809,0.125898,0.373125,-2.294889,91.777115,22.707947,-0.018909,0.927112,0.021013,0.373716,-6.712984,109.490051,25.890402,0.079097,0.947789,-0.070517,0.300776,-7.738686,129.661514,26.392057,0.015362,0.971763,-0.127566,0.197908,-3.918275,143.444153,23.640415,0.067535,0.936904,-0.019419,0.342452,-10.849688,123.294846,24.299774,0.439993,-0.449883,0.390125,-0.672172,-25.502539,125.488838,11.817128,0.508318,-0.462397,0.325329,-0.649587,-17.793060,101.090561,4.885034,0.563232,-0.472912,0.228681,-0.637832,-9.824119,81.367302,-1.080038,-0.052221,0.894742,-0.086399,0.435024,-5.487332,123.439003,29.466911,0.575097,0.817761,0.023052,0.000257,6.447855,126.705765,44.373810,0.561119,0.807848,0.156772,0.089161,15.422124,101.770851,43.682068,0.541235,0.767779,0.317687,0.129054,23.274153,81.064270,42.975590,0.092133,0.890056,0.187978,0.404939,-8.491212,83.736694,16.211548,0.107812,0.938968,0.030563,0.325242,-8.910676,51.216022,1.624259,-0.038912,0.936657,0.017826,0.347624,-17.120361,7.381100,-4.109789,-0.091460,0.911718,-0.051046,0.397240,4.382521,84.548462,29.665297,0.015463,0.912437,-0.138940,0.384596,8.881468,49.685661,35.573189,-0.043058,0.886122,0.016341,0.461158,2.807255,6.478977,46.438972,-0.038912,0.936657,0.017826,0.347624,-7.519923,2.190753,-14.739720,-0.043058,0.886122,0.016341,0.461158,14.765863,1.407118,38.478359
359,2.991667,-0.020339,0.919450,-0.007668,0.392606,-2.058428,84.140404,22.935919,-0.078595,0.915827,0.126056,0.373087,-2.298234,91.774979,22.706118,-0.018844,0.927118,0.020901,0.373712,-6.708482,109.486542,25.897724,0.079137,0.947742,-0.070510,0.300918,-7.730055,129.658295,26.396162,0.014614,0.971774,-0.127247,0.198115,-3.907986,143.440720,23.645803,0.067811,0.937002,-0.019770,0.342108,-10.842380,123.291924,24.304926,0.440812,-0.448794,0.390557,-0.672112,-25.502924,125.491806,11.832354,0.508206,-0.463539,0.324970,-0.649040,-17.759460,101.085281,4.967505,0.562952,-0.474578,0.226703,-0.637547,-9.825470,81.353210,-1.029911,-0.052229,0.894687,-0.086460,0.435123,-5.479944,123.435822,29.471987,0.574969,0.817863,0.022595,0.000470,6.451874,126.704117,44.381248,0.560835,0.808193,0.156124,0.088957,15.433928,101.771370,43.712822,0.541556,0.767912,0.317407,0.127597,23.303259,81.066284,43.018349,0.092128,0.889904,0.188174,0.405185,-8.497059,83.735725,16.210661,0.107798,0.938945,0.030420,0.325327,-8.906235,51.220226,1.611568,-0.038738,0.936642,0.017792,0.347685,-17.118458,7.384241,-4.110771,-0.091381,0.911702,-0.050852,0.397319,4.380203,84.545074,29.661179,0.015295,0.912296,-0.139129,0.384869,8.879152,49.679832,35.554634,-0.043537,0.886180,0.016163,0.461009,2.808998,6.477413,46.439629,-0.038738,0.936642,0.017792,0.347685,-7.518578,2.191186,-14.739882,-0.043537,0.886180,0.016163,0.461009,14.768803,1.407602,38.479500
360,3.000000,-0.020256,0.919515,-0.007547,0.392461,-2.063202,84.137665,22.924524,-0.078314,0.915839,0.126248,0.373053,-2.302604,91.772331,22.696964,-0.018782,0.927120,0.020900,0.373711,-6.706280,109.485390,25.899416,0.078922,0.947754,-0.070535,0.300930,-7.725507,129.657227,26.398764,0.014142,0.971806,-0.126947,0.198185,-3.908957,143.440704,23.645880,0.068009,0.937130,-0.020087,0.341700,-10.838583,123.291328,24.307262,0.442021,-0.449084,0.390128,-0.671373,-25.508875,125.494858,11.846804,0.509140,-0.464318,0.324207,-0.648132,-17.761456,101.083336,5.004225,0.563318,-0.476029,0.225156,-0.636689,-9.836189,81.346153,-1.001651,-0.052206,0.894676,-0.086456,0.435149,-5.476100,123.434364,29.474300,0.574837,0.817963,0.022336,0.000705,6.454946,126.701843,44.384354,0.560724,0.808268,0.156195,0.088850,15.445018,101.771500,43.734177,0.541281,0.768056,0.317591,0.127441,23.320093,81.070457,43.035229,0.092087,0.889824,0.188323,0.405300,-8.504020,83.735306,16.201221,0.107725,0.938997,0.030244,0.325214,-8.904213,51.223289,1.594120,-0.038586,0.936671,0.017866,0.347619,-17.116264,7.384947,-4.110321,-0.091526,0.911829,-0.050993,0.396977,4.377614,84.540024,29.647827,0.015426,0.912506,-0.139173,0.384351,8.884059,49.677696,35.552792,-0.043443,0.886205,0.016220,0.460967,2.807808,6.476739,46.440186,-0.038586,0.936671,0.017866,0.347619,-7.519238,2.192190,-14.742152,-0.043443,0.886205,0.016220,0.460967,14.766198,1.407016,38.477879
361,3.008333,-0.020157,0.919574,-0.007401,0.392331,-2.070441,84.136841,22.908754,-0.078006,0.915868,0.126384,0.372999,-2.309361,91.771599,22.683863,-0.018703,0.927137,0.020974,0.373666,-6.703848,109.483383,25.895199,0.079032,0.947725,-0.070359,0.301033,-7.721198,129.655212,26.398579,0.013464,0.971807,-0.126797,0.198324,-3.902657,143.439362,23.651913,0.068250,0.937250,-0.020261,0.341313,-10.835064,123.290001,24.306154,0.442746,-0.449338,0.389785,-0.670923,-25.514353,125.500610,11.857535,0.509843,-0.465125,0.323465,-0.647371,-17.764889,101.087311,5.023568,0.563779,-0.477474,0.223756,-0.635693,-9.849005,81.343338,-0.998377,-0.052201,0.894730,-0.086297,0.435070,-5.472041,123.431549,29.472673,0.574944,0.817899,0.021912,0.000795,6.461673,126.696037,44.381256,0.560364,0.808521,0.156422,0.088424,15.445256,101.762924,43.747784,0.540986,0.768226,0.317553,0.127758,23.337221,81.082031,43.031811,0.092078,0.889727,0.188483,0.405441,-8.513236,83.737228,16.187180,0.107599,0.939120,0.030072,0.324919,-8.905760,51.229374,1.570603,-0.038650,0.936668,0.017689,0.347630,-17.114206,7.387656,-4.113044,-0.091511,0.911849,-0.050951,0.396940,4.372354,84.536453,29.630331,0.015267,0.912449,-0.139360,0.384425,8.879267,49.673622,35.531963,-0.043512,0.886210,0.016187,0.460952,2.808793,6.476900,46.439369,-0.038650,0.936668,0.017689,0.347630,-7.516783,2.190871,-14.742554,-0.043512,0.886210,0.016187,0.460952,14.767434,1.407303,38.477352
362,3.016667,-0.019932,0.919624,-0.007128,0.392229,-2.082219,84.132111,22.878256,-0.077622,0.915870,0.126567,0.373011,-2.319640,91.767067,22.658583,-0.018544,0.927132,0.021160,0.373676,-6.705049,109.484795,25.882383,0.079088,0.947676,-0.070444,0.301153,-7.719260,129.656555,26.395094,0.012814,0.971805,-0.126547,0.198538,-3.898000,143.439728,23.647270,0.068448,0.937338,-0.020361,0.341024,-10.834099,123.292793,24.299698,0.443403,-0.449792,0.389312,-0.670461,-25.519955,125.509727,11.859964,0.510366,-0.465932,0.322723,-0.646749,-17.772543,101.096519,5.023332,0.564385,-0.478275,0.222948,-0.634837,-9.867214,81.350037,-1.019249,-0.051914,0.894647,-0.086527,0.435230,-5.471100,123.431107,29.466328,0.574778,0.818011,0.022070,0.000978,6.458362,126.689911,44.379555,0.560297,0.808500,0.156888,0.088217,15.451993,101.760338,43.749393,0.540298,0.768503,0.318276,0.127206,23.351505,81.075226,43.014587,0.091949,0.889697,0.188594,0.405485,-8.526672,83.738350,16.157927,0.107486,0.939200,0.029781,0.324750,-8.906972,51.231789,1.538157,-0.039064,0.936657,0.017608,0.347617,-17.115551,7.386312,-4.116230,-0.091607,0.911845,-0.051134,0.396903,4.362235,84.525871,29.598587,0.015100,0.912395,-0.139499,0.384510,8.870334,49.665630,35.514595,-0.043587,0.886207,0.016320,0.460946,2.807746,6.471959,46.438435,-0.039064,0.936657,0.017608,0.347617,-7.514329,2.191776,-14.743404,-0.043587,0.886207,0.016320,0.460946,14.767553,1.406729,38.475395
363,3.025000,-0.019789,0.919661,-0.007145,0.392150,-2.096753,84.133827,22.858788,-0.077548,0.915938,0.126529,0.372873,-2.332087,91.768867,22.639757,-0.018212,0.927224,0.021350,0.373454,-6.712455,109.481071,25.862879,0.079195,0.947668,-0.070492,0.301140,-7.716971,129.653000,26.387981,0.012202,0.971805,-0.126273,0.198749,-3.892514,143.435211,23.639765,0.068605,0.937401,-0.020284,0.340824,-10.835840,123.291924,24.290401,0.443689,-0.450220,0.388910,-0.670217,-25.526169,125.515900,11.857202,0.510565,-0.466795,0.321933,-0.646362,-17.782623,101.105103,5.007635,0.565083,-0.478733,0.222306,-0.634095,-9.891179,81.365112,-1.066056,-0.052032,0.894636,-0.086185,0.435306,-5.470180,123.424698,29.454416,0.574744,0.818032,0.022177,0.001086,6.456262,126.682030,44.370384,0.560105,0.808568,0.157380,0.087928,15.451969,101.753174,43.741676,0.540555,0.768134,0.318882,0.126826,23.362272,81.075844,42.985985,0.091902,0.889630,0.188936,0.405482,-8.542458,83.742393,16.139519,0.107299,0.939388,0.029490,0.324295,-8.909495,51.244431,1.500300,-0.038690,0.936657,0.017467,0.347667,-17.113859,7.393798,-4.120118,-0.091642,0.911893,-0.051133,0.396785,4.348951,84.525261,29.578054,0.014929,0.912390,-0.139649,0.384472,8.860130,49.665470,35.494389,-0.043471,0.886199,0.016241,0.460975,2.806878,6.475091,46.436428,-0.038690,0.936657,0.017467,0.347667,-7.515832,2.191589,-14.746430,-0.043471,0.886199,0.016241,0.460975,14.765763,1.406305,38.474266
364,3.033333,-0.019220,0.919736,-0.007184,0.392000,-2.122886,84.131218,22.822309,-0.077263,0.915994,0.126644,0.372756,-2.350019,91.766586,22.606169,-0.017873,0.927298,0.021568,0.373273,-6.721294,109.476868,25.837248,0.079091,0.947679,-0.070439,0.301143,-7.716318,129.648911,26.375818,0.011821,0.971778,-0.126066,0.199034,-3.895064,143.432098,23.628101,0.068868,0.937468,-0.020152,0.340594,-10.838975,123.290619,24.275410,0.443508,-0.450610,0.388594,-0.670258,-25.533968,125.526253,11.849821,0.510328,-0.467483,0.321425,-0.646306,-17.796003,101.120995,4.974247,0.565568,-0.478762,0.222465,-0.633585,-9.918227,81.385025,-1.132992,-0.051931,0.894598,-0.086102,0.435412,-5.471130,123.417595,29.437294,0.574749,0.818020,0.022464,0.001219,6.452152,126.670303,44.356789,0.559842,0.808669,0.158059,0.087461,15.447542,101.741394,43.725140,0.540708,0.767921,0.319083,0.126954,23.371241,81.080284,42.938431,0.091632,0.889652,0.189285,0.405331,-8.571196,83.749237,16.105001,0.107091,0.939446,0.029034,0.324236,-8.913188,51.257156,1.452141,-0.038780,0.936659,0.017220,0.347664,-17.113956,7.400113,-4.123302,-0.091875,0.911963,-0.051291,0.396551,4.325424,84.513191,29.539618,0.014655,0.912203,-0.139819,0.384864,8.848550,49.657604,35.471569,-0.043666,0.886189,0.016320,0.460973,2.807154,6.470776,46.434147,-0.038780,0.936659,0.017220,0.347664,-7.515778,2.192272,-14.746712,-0.043666,0.886189,0.016320,0.460973,14.768209,1.406678,38.472263
365,3.041667,-0.018774,0.919815,-0.007248,0.391836,-2.149185,84.127167,22.782249,-0.076861,0.916045,0.126762,0.372672,-2.369700,91.762772,22.567924,-0.017643,0.927344,0.021762,0.373160,-6.729169,109.476135,25.809414,0.079354,0.947550,-0.071129,0.301318,-7.718425,129.648178,26.358847,0.011244,0.971746,-0.125496,0.199585,-3.883712,143.424591,23.595966,0.069016,0.937508,-0.019819,0.340474,-10.843404,123.291862,24.255911,0.442800,-0.451028,0.388395,-0.670561,-25.540766,125.537468,11.834924,0.510054,-0.467840,0.321290,-0.646331,-17.814585,101.140167,4.917995,0.565744,-0.479001,0.222523,-0.633227,-9.946509,81.402267,-1.207840,-0.051705,0.894640,-0.086107,0.435352,-5.474177,123.414612,29.416460,0.574787,0.817982,0.022889,0.001273,6.452038,126.659454,44.335323,0.559765,0.808530,0.159219,0.087137,15.445122,101.729988,43.692970,0.540695,0.767337,0.320657,0.126579,23.371775,81.081696,42.866280,0.091335,0.889749,0.189655,0.405013,-8.600211,83.752373,16.067144,0.106862,0.939587,0.028600,0.323943,-8.917664,51.266403,1.400177,-0.038749,0.936648,0.017127,0.347700,-17.113853,7.402700,-4.129460,-0.092142,0.911941,-0.051411,0.396524,4.301842,84.501961,29.497355,0.014537,0.912379,-0.140055,0.384367,8.838849,49.650742,35.444389,-0.043751,0.886187,0.016274,0.460970,2.805008,6.469530,46.433243,-0.038749,0.936648,0.017127,0.347700,-7.515451,2.192102,-14.751318,-0.043751,0.886187,0.016274,0.460970,14.766632,1.405450,38.472202
366,3.050000,-0.018352,0.919903,-0.006914,0.391655,-2.172586,84.126862,22.727018,-0.076504,0.916051,0.127133,0.372605,-2.389221,91.762787,22.519960,-0.017488,0.927366,0.021921,0.373102,-6.741981,109.477112,25.779623,0.079631,0.947548,-0.070350,0.301433,-7.727789,129.649094,26.337391,0.010905,0.971699,-0.125770,0.199660,-3.891466,143.429810,23.598347,0.069089,0.937471,-0.019353,0.340588,-10.854116,123.294159,24.232296,0.441750,-0.451319,0.388429,-0.671037,-25.548071,125.548386,11.808843,0.509536,-0.468195,0.321018,-0.646617,-17.837234,101.158348,4.849319,0.566217,-0.478990,0.223067,-0.632620,-9.978020,81.431496,-1.304623,-0.051391,0.894724,-0.085896,0.435258,-5.484167,123.413918,29.392164,0.574725,0.818011,0.023399,0.001264,6.446463,126.644196,44.310658,0.559747,0.808426,0.160009,0.086767,15.443320,101.716507,43.652493,0.538852,0.768308,0.321697,0.125905,23.379187,81.056732,42.792126,0.090967,0.889923,0.189897,0.404600,-8.626550,83.761726,16.014206,0.106641,0.939648,0.028075,0.323883,-8.920347,51.277531,1.342823,-0.038436,0.936625,0.017125,0.347797,-17.113907,7.406911,-4.135591,-0.092361,0.911894,-0.051788,0.396531,4.281377,84.491989,29.439831,0.014276,0.912398,-0.140250,0.384260,8.821646,49.646423,35.417393,-0.043841,0.886188,0.016229,0.460962,2.803848,6.469440,46.431614,-0.038436,0.936625,0.017125,0.347797,-7.516594,2.193007,-14.756804,-0.043841,0.886188,0.016229,0.460962,14.766002,1.405483,38.471298
367,3.058333,-0.018056,0.919990,-0.006784,0.391467,-2.194858,84.128540,22.676405,-0.076444,0.916071,0.127337,0.372499,-2.408149,91.764656,22.472984,-0.017135,0.927422,0.022155,0.372966,-6.761739,109.479416,25.741165,0.079829,0.947552,-0.070221,0.301398,-7.737761,129.651459,26.313183,0.010787,0.971696,-0.125649,0.199759,-3.897334,143.432037,23.579165,0.069191,0.937394,-0.018806,0.340811,-10.867785,123.299477,24.204695,0.440505,-0.451589,0.388545,-0.671607,-25.555307,125.564240,11.775547,0.508504,-0.468599,0.320937,-0.647177,-17.862192,101.181831,4.769854,0.566173,-0.478585,0.223712,-0.632738,-10.016546,81.459404,-1.424427,-0.051103,0.894843,-0.085574,0.435110,-5.496137,123.413124,29.362934,0.574880,0.817898,0.023567,0.000842,6.440613,126.627708,44.279922,0.559504,0.808563,0.160531,0.086092,15.428090,101.697281,43.598114,0.539092,0.767983,0.322352,0.125180,23.379742,81.049332,42.703026,0.090716,0.890051,0.190283,0.404193,-8.651767,83.769432,15.966100,0.106383,0.939721,0.027478,0.323809,-8.924897,51.292442,1.278369,-0.038575,0.936622,0.016744,0.347808,-17.114899,7.413897,-4.141576,-0.092415,0.911882,-0.052107,0.396504,4.262050,84.487656,29.386711,0.013839,0.912200,-0.140435,0.384678,8.796866,49.645172,35.386372,-0.043902,0.886167,0.016143,0.460999,2.803502,6.471774,46.427933,-0.038575,0.936622,0.016744,0.347808,-7.517008,2.191361,-14.758030,-0.043902,0.886167,0.016143,0.460999,14.766552,1.406525,38.469784
368,3.066667,-0.017899,0.920013,-0.006752,0.391420,-2.219927,84.137833,22.632257,-0.076210,0.916099,0.127323,0.372483,-2.431208,91.774040,22.430239,-0.016947,0.927445,0.022463,0.372900,-6.774187,109.480133,25.699511,0.079885,0.947574,-0.070058,0.301355,-7.747756,129.651886,26.285965,0.010800,0.971702,-0.125538,0.199798,-3.907366,143.433395,23.556576,0.069307,0.937286,-0.018172,0.341119,-10.878857,123.301765,24.173471,0.440623,-0.453537,0.386878,-0.671179,-25.557625,125.578621,11.736188,0.508857,-0.468765,0.320786,-0.646854,-17.889431,101.216003,4.634907,0.565962,-0.478234,0.224364,-0.632961,-10.048952,81.497932,-1.553772,-0.050691,0.894966,-0.085436,0.434934,-5.506382,123.411118,29.330944,0.575085,0.817752,0.023629,0.000335,6.437936,126.608765,44.245525,0.559310,0.808595,0.161546,0.085139,15.412911,101.674500,43.539612,0.539495,0.767315,0.323297,0.125107,23.381111,81.036339,42.586796,0.090255,0.890441,0.190776,0.403205,-8.677627,83.781647,15.922552,0.106143,0.939946,0.026969,0.323277,-8.923199,51.312096,1.217905,-0.038336,0.936617,0.016484,0.347860,-17.111229,7.426479,-4.147514,-0.092382,0.911855,-0.052179,0.396564,4.237773,84.494019,29.341963,0.013344,0.912028,-0.140694,0.385010,8.767970,49.651634,35.345650,-0.043994,0.886128,0.015761,0.461078,2.802267,6.483558,46.422939,-0.038336,0.936617,0.016484,0.347860,-7.515440,2.194536,-14.761242,-0.043994,0.886128,0.015761,0.461078,14.766058,1.410066,38.471149
369,3.075000,-0.017455,0.920107,-0.006478,0.391223,-2.249930,84.139618,22.564964,-0.075809,0.916092,0.127591,0.372491,-2.456652,91.776123,22.369497,-0.016717,0.927434,0.022749,0.372921,-6.789569,109.481216,25.653168,0.080148,0.947547,-0.069862,0.301415,-7.758865,129.652756,26.253799,0.010720,0.971700,-0.125417,0.199887,-3.912745,143.434235,23.532286,0.069526,0.937231,-0.017469,0.341262,-10.891258,123.304794,24.136755,0.437455,-0.452757,0.388561,-0.672803,-25.565075,125.598648,11.696754,0.506765,-0.468766,0.320814,-0.648480,-17.928623,101.236931,4.558290,0.565918,-0.477971,0.225165,-0.632915,-10.086865,81.533012,-1.694836,-0.050442,0.895120,-0.085050,0.434720,-5.518898,123.409378,29.294443,0.575435,0.817492,0.024105,-0.000098,6.433601,126.591492,44.205784,0.558991,0.808785,0.162088,0.084399,15.387225,101.650528,43.466114,0.540179,0.766758,0.323983,0.123788,23.378532,81.017883,42.476177,0.089822,0.890759,0.191019,0.402483,-8.710791,83.793045,15.857802,0.105715,0.940006,0.026313,0.323296,-8.933774,51.324547,1.150465,-0.038389,0.936688,0.016442,0.347666,-17.105234,7.427633,-4.147357,-0.092540,0.911813,-0.052596,0.396570,4.210930,84.486198,29.272127,0.012865,0.911922,-0.140950,0.385184,8.739317,49.649017,35.307278,-0.043837,0.886105,0.015785,0.461137,2.801938,6.486300,46.420593,-0.038389,0.936688,0.016442,0.347666,-7.513401,2.194954,-14.764294,-0.043837,0.886105,0.015785,0.461137,14.765376,1.411295,38.469242
370,3.083333,-0.016977,0.920193,-0.006489,0.391043,-2.285529,84.140991,22.506968,-0.075634,0.916060,0.127663,0.372580,-2.485512,91.777748,22.314247,-0.016327,0.927394,0.023017,0.373021,-6.814429,109.485664,25.602861,0.080265,0.947590,-0.069420,0.301349,-7.773184,129.657227,26.219316,0.010950,0.971728,-0.125485,0.199695,-3.927831,143.441376,23.510305,0.069640,0.937118,-0.016941,0.341575,-10.908533,123.312607,24.096649,0.436041,-0.453367,0.388426,-0.673389,-25.573450,125.617065,11.648111,0.505493,-0.469145,0.320762,-0.649224,-17.960701,101.267982,4.441555,0.566111,-0.476673,0.226782,-0.633144,-10.137528,81.583855,-1.853576,-0.050053,0.895226,-0.084745,0.434606,-5.537088,123.410248,29.255428,0.575511,0.817419,0.024728,-0.000872,6.420770,126.573547,44.166481,0.559147,0.808569,0.163012,0.083654,15.369720,101.632523,43.374168,0.539364,0.766998,0.324851,0.123582,23.362768,80.991539,42.332188,0.089437,0.890804,0.191718,0.402137,-8.749326,83.802528,15.802217,0.105435,0.939971,0.025414,0.323560,-8.932848,51.348186,1.063125,-0.038235,0.936678,0.016066,0.347728,-17.105843,7.441768,-4.152973,-0.092731,0.911741,-0.052820,0.396661,4.178267,84.479454,29.211718,0.012424,0.911813,-0.141219,0.385357,8.711963,49.646488,35.267170,-0.043946,0.886061,0.015686,0.461215,2.799357,6.489602,46.416306,-0.038235,0.936678,0.016066,0.347728,-7.515337,2.197514,-14.765401,-0.043946,0.886061,0.015686,0.461215,14.764845,1.413694,38.468613
371,3.091667,-0.016363,0.920326,-0.005886,0.390766,-2.319042,84.136162,22.423523,-0.075404,0.916064,0.128052,0.372484,-2.514052,91.773338,22.243000,-0.016108,0.927427,0.023224,0.372935,-6.841622,109.485222,25.549442,0.079872,0.947661,-0.069791,0.301147,-7.795229,129.656693,26.177019,0.011650,0.971763,-0.124995,0.199794,-3.958285,143.440338,23.453566,0.069847,0.936935,-0.016049,0.342077,-10.932584,123.313995,24.051540,0.434317,-0.454034,0.388522,-0.673998,-25.583097,125.636971,11.589497,0.504680,-0.469307,0.320487,-0.649874,-18.006382,101.298012,4.311171,0.566593,-0.476045,0.227417,-0.632958,-10.184577,81.631943,-2.017743,-0.049597,0.895438,-0.084393,0.434291,-5.560081,123.407509,29.209295,0.575563,0.817379,0.024795,-0.001844,6.410141,126.548447,44.115154,0.559306,0.808491,0.163401,0.082571,15.355760,101.607681,43.278580,0.539855,0.766532,0.325676,0.122147,23.345654,80.977562,42.187157,0.088966,0.890935,0.192049,0.401792,-8.787255,83.812592,15.722299,0.105046,0.940120,0.024581,0.323319,-8.936884,51.361328,0.976051,-0.038137,0.936704,0.016005,0.347672,-17.103138,7.443804,-4.156410,-0.093041,0.911722,-0.053400,0.396555,4.149171,84.459724,29.124748,0.012025,0.911705,-0.141519,0.385516,8.686893,49.635239,35.225826,-0.044091,0.886011,0.015741,0.461295,2.794733,6.485093,46.411808,-0.038137,0.936704,0.016005,0.347672,-7.515094,2.196837,-14.769721,-0.044091,0.886011,0.015741,0.461295,14.763282,1.412667,38.466499
372,3.100000,-0.015859,0.920334,-0.005842,0.390769,-2.364694,84.137573,22.352165,-0.075069,0.916105,0.128197,0.372400,-2.552883,91.775009,22.175274,-0.015728,0.927504,0.023443,0.372745,-6.870185,109.484711,25.491207,0.080235,0.947725,-0.069154,0.300994,-7.812748,129.656250,26.132906,0.011822,0.971788,-0.125059,0.199620,-3.971940,143.442657,23.428894,0.069939,0.936864,-0.015313,0.342286,-10.954412,123.316681,24.004482,0.432800,-0.454774,0.388234,-0.674640,-25.598866,125.652435,11.537714,0.503492,-0.469849,0.320184,-0.650554,-18.045965,101.330055,4.179601,0.566829,-0.475060,0.228276,-0.633178,-10.239430,81.679100,-2.201445,-0.049304,0.895603,-0.083936,0.434072,-5.579620,123.403824,29.159964,0.575742,0.817239,0.025213,-0.002627,6.399099,126.526512,44.062824,0.559377,0.808442,0.164012,0.081352,15.333658,101.583397,43.179356,0.541101,0.765570,0.326606,0.120167,23.332563,80.949165,42.027927,0.088260,0.891174,0.192642,0.401133,-8.833164,83.822975,15.650764,0.104910,0.940256,0.023713,0.323033,-8.931499,51.379047,0.887941,-0.038129,0.936566,0.015612,0.348062,-17.113390,7.455194,-4.164793,-0.093328,0.911592,-0.053600,0.396759,4.103777,84.452171,29.053566,0.011469,0.911650,-0.141865,0.385534,8.652836,49.633030,35.176662,-0.044183,0.886015,0.015467,0.461288,2.794063,6.490531,46.409588,-0.038129,0.936566,0.015612,0.348062,-7.517795,2.198058,-14.766237,-0.044183,0.886015,0.015467,0.461288,14.762250,1.412508,38.467316
373,3.108333,-0.015533,0.920401,-0.005650,0.390625,-2.401608,84.137955,22.274954,-0.074894,0.916160,0.128173,0.372308,-2.586380,91.775581,22.102741,-0.015342,0.927570,0.023732,0.372579,-6.895945,109.481689,25.419926,0.080278,0.947839,-0.068596,0.300751,-7.828257,129.653168,26.078463,0.012243,0.971846,-0.124885,0.199425,-3.991894,143.443542,23.388472,0.070254,0.936785,-0.014527,0.342472,-10.973879,123.316895,23.946066,0.431173,-0.455732,0.387959,-0.675193,-25.611696,125.674202,11.475555,0.502696,-0.469989,0.319952,-0.651182,-18.093712,101.367607,4.030056,0.566939,-0.474640,0.229264,-0.633037,-10.285486,81.725464,-2.385267,-0.048918,0.895759,-0.083289,0.433919,-5.597070,123.397156,29.099554,0.575838,0.817143,0.026024,-0.003320,6.388265,126.495361,44.002205,0.559766,0.808030,0.165138,0.080491,15.316704,101.552055,43.063847,0.540164,0.765925,0.327247,0.120381,23.302633,80.916046,41.849293,0.087631,0.891347,0.193158,0.400639,-8.872365,83.830353,15.575436,0.104638,0.940558,0.022917,0.322298,-8.923923,51.392735,0.798540,-0.038083,0.936578,0.015423,0.348043,-17.110291,7.460403,-4.172647,-0.093640,0.911544,-0.054029,0.396736,4.069149,84.445557,28.974470,0.010990,0.911369,-0.142120,0.386118,8.626116,49.633865,35.133915,-0.044183,0.885925,0.015258,0.461468,2.790545,6.496924,46.400196,-0.038083,0.936578,0.015423,0.348043,-7.516158,2.197760,-14.772682,-0.044183,0.885925,0.015258,0.461468,14.761092,1.413833,38.464722
374,3.116667,-0.015446,0.920446,-0.005073,0.390531,-2.432634,84.135422,22.188747,-0.074929,0.916155,0.128144,0.372323,-2.619639,91.773186,22.025190,-0.014811,0.927592,0.024190,0.372516,-6.930478,109.481140,25.341141,0.080483,0.947896,-0.068182,0.300610,-7.849728,129.652374,26.024891,0.012609,0.971874,-0.124776,0.199331,-4.011873,143.444717,23.347065,0.070421,0.936645,-0.013688,0.342854,-10.999786,123.320786,23.885178,0.429882,-0.456579,0.387739,-0.675571,-25.626532,125.694679,11.404829,0.501703,-0.470640,0.319404,-0.651746,-18.140461,101.400085,3.888304,0.566617,-0.474846,0.229532,-0.633074,-10.343933,81.772217,-2.583576,-0.048493,0.895947,-0.082875,0.433659,-5.622032,123.391197,29.037821,0.576236,0.816853,0.026123,-0.004526,6.373653,126.467216,43.936741,0.559777,0.808092,0.165600,0.078832,15.277287,101.517197,42.942627,0.540343,0.765839,0.327824,0.118541,23.278090,80.880272,41.656761,0.087342,0.891368,0.193697,0.400395,-8.904810,83.833511,15.490343,0.104192,0.940485,0.021771,0.322734,-8.926072,51.407146,0.688682,-0.038422,0.936655,0.015154,0.347809,-17.106403,7.461840,-4.176587,-0.093851,0.911429,-0.054533,0.396883,4.039542,84.437332,28.887154,0.010538,0.911467,-0.142472,0.385770,8.594601,49.632351,35.085842,-0.044250,0.885910,0.015081,0.461496,2.788256,6.503546,46.398277,-0.038422,0.936655,0.015154,0.347809,-7.514800,2.195431,-14.777038,-0.044250,0.885910,0.015081,0.461496,14.759217,1.416961,38.465675
375,3.125000,-0.015117,0.920545,-0.004832,0.390314,-2.477771,84.133980,22.103102,-0.074665,0.916201,0.128066,0.372291,-2.661636,91.771927,21.944942,-0.014447,0.927617,0.024628,0.372441,-6.962286,109.481491,25.262075,0.080811,0.947969,-0.067500,0.300447,-7.874443,129.652298,25.967785,0.013037,0.971924,-0.124703,0.199104,-4.034036,143.447845,23.310247,0.070708,0.936523,-0.012916,0.343160,-11.027089,123.324097,23.821825,0.428325,-0.457426,0.387538,-0.676101,-25.644142,125.718185,11.333979,0.500807,-0.471016,0.318997,-0.652363,-18.190903,101.438347,3.737646,0.566688,-0.474659,0.230224,-0.632899,-10.399748,81.826904,-2.778518,-0.047904,0.896052,-0.082491,0.433579,-5.648345,123.387085,28.973532,0.576298,0.816772,0.027116,-0.005387,6.352213,126.436127,43.874073,0.559877,0.807972,0.166382,0.077696,15.251623,101.487396,42.812260,0.542295,0.764416,0.328584,0.116692,23.256895,80.851440,41.464840,0.086576,0.891778,0.194369,0.399321,-8.953290,83.839447,15.407598,0.103920,0.940515,0.020765,0.322801,-8.924110,51.422165,0.586061,-0.038192,0.936569,0.014965,0.348075,-17.110777,7.467916,-4.186902,-0.094173,0.911417,-0.055028,0.396766,3.997748,84.428505,28.798607,0.010015,0.911377,-0.142784,0.385880,8.560107,49.631710,35.037720,-0.044293,0.885836,0.014898,0.461640,2.784485,6.509927,46.392590,-0.038192,0.936569,0.014965,0.348075,-7.516164,2.194287,-14.781040,-0.044293,0.885836,0.014898,0.461640,14.757699,1.419494,38.465847
376,3.133333,-0.014761,0.920624,-0.004475,0.390147,-2.515091,84.136810,22.016304,-0.074752,0.916117,0.127941,0.372521,-2.696104,91.774979,21.865324,-0.014106,0.927504,0.024972,0.372710,-6.997654,109.480377,25.175100,0.081576,0.947865,-0.067491,0.300570,-7.902422,129.650894,25.898573,0.013232,0.972004,-0.124082,0.199091,-4.041028,143.442047,23.248665,0.071007,0.936389,-0.011882,0.343500,-11.056314,123.325859,23.745129,0.428699,-0.459471,0.385412,-0.675693,-25.662691,125.744011,11.249430,0.500704,-0.471978,0.318973,-0.651759,-18.221743,101.493164,3.549113,0.566290,-0.474405,0.231637,-0.632930,-10.472191,81.877495,-2.982275,-0.047457,0.896337,-0.081736,0.433183,-5.680414,123.382103,28.899883,0.576433,0.816664,0.027236,-0.006610,6.335084,126.402222,43.794273,0.560026,0.807920,0.166821,0.076200,15.225492,101.452759,42.675694,0.542883,0.763988,0.329177,0.115075,23.232939,80.823883,41.262619,0.085952,0.891901,0.194939,0.398902,-8.993247,83.850983,15.322974,0.103669,0.940693,0.019764,0.322426,-8.914736,51.441872,0.483781,-0.038084,0.936574,0.014667,0.348086,-17.111517,7.479280,-4.194053,-0.094261,0.911369,-0.055375,0.396806,3.963066,84.422646,28.709633,0.009272,0.911062,-0.143232,0.386477,8.520893,49.629768,34.973896,-0.044281,0.885797,0.014679,0.461722,2.783124,6.518224,46.386677,-0.038084,0.936574,0.014667,0.348086,-7.518676,2.196600,-14.785284,-0.044281,0.885797,0.014679,0.461722,14.756785,1.422191,38.464214
377,3.141667,-0.014335,0.920670,-0.004039,0.390057,-2.560308,84.129349,21.914423,-0.074756,0.916126,0.127924,0.372505,-2.737935,91.767761,21.772129,-0.013579,0.927547,0.025373,0.372598,-7.039992,109.476021,25.081863,0.081965,0.947915,-0.066929,0.300432,-7.930941,129.646301,25.828388,0.013676,0.972056,-0.123721,0.199031,-4.064283,143.439377,23.196241,0.071460,0.936247,-0.011006,0.343823,-11.089699,123.325836,23.668669,0.425444,-0.458736,0.387140,-0.677260,-25.684952,125.771568,11.165343,0.498441,-0.472360,0.318646,-0.653374,-18.278955,101.522530,3.425720,0.566069,-0.474701,0.231723,-0.632874,-10.534918,81.929153,-3.190507,-0.046876,0.896381,-0.081381,0.433223,-5.712337,123.372627,28.821993,0.576500,0.816587,0.027803,-0.007787,6.303977,126.366821,43.720963,0.560468,0.807431,0.168276,0.074925,15.189366,101.418732,42.534004,0.541503,0.764337,0.330659,0.115011,23.188673,80.777184,41.033207,0.085246,0.892184,0.195410,0.398190,-9.039993,83.853996,15.222136,0.103309,0.940719,0.018687,0.322532,-8.914882,51.449352,0.373492,-0.038228,0.936544,0.014644,0.348152,-17.112518,7.476336,-4.203787,-0.094600,0.911080,-0.055821,0.397327,3.919379,84.404694,28.606710,0.008609,0.910817,-0.143672,0.386907,8.482553,49.619911,34.911900,-0.043976,0.885603,0.014787,0.462120,2.778459,6.518653,46.380287,-0.038228,0.936544,0.014644,0.348152,-7.516733,2.194656,-14.792856,-0.043976,0.885603,0.014787,0.462120,14.756770,1.421498,38.465576
378,3.150000,-0.014001,0.920693,-0.003587,0.390019,-2.605807,84.128418,21.811897,-0.074906,0.916131,0.127752,0.372522,-2.781444,91.767029,21.677967,-0.012864,0.927592,0.025965,0.372470,-7.085922,109.474442,24.979452,0.082545,0.947995,-0.065991,0.300230,-7.958888,129.644257,25.759041,0.014023,0.972121,-0.123618,0.198755,-4.085176,143.440903,23.156080,0.071585,0.936077,-0.010044,0.344289,-11.123901,123.330093,23.590080,0.424094,-0.459465,0.386941,-0.677726,-25.706041,125.792542,11.074739,0.497136,-0.473004,0.318466,-0.653989,-18.327379,101.557526,3.265404,0.565080,-0.475153,0.232364,-0.633184,-10.607535,81.979713,-3.402518,-0.046185,0.896505,-0.081089,0.433093,-5.744834,123.363792,28.741726,0.576744,0.816377,0.028643,-0.008593,6.278320,126.328888,43.640995,0.560402,0.807454,0.169197,0.073076,15.148086,101.378204,42.393162,0.543043,0.763400,0.331042,0.112854,23.165092,80.743523,40.803345,0.084561,0.892587,0.195785,0.397249,-9.086226,83.862076,15.119955,0.102916,0.940535,0.017552,0.323255,-8.922462,51.459599,0.266971,-0.038692,0.936476,0.014385,0.348294,-17.116972,7.475612,-4.209361,-0.094946,0.910788,-0.056205,0.397858,3.874611,84.394753,28.503838,0.008002,0.910799,-0.144154,0.386782,8.445266,49.617722,34.846218,-0.043988,0.885595,0.014475,0.462145,2.775756,6.528047,46.375099,-0.038692,0.936476,0.014385,0.348294,-7.513872,2.192117,-14.790887,-0.043988,0.885595,0.014475,0.462145,14.753326,1.423235,38.464207
379,3.158333,-0.013496,0.920711,-0.003295,0.389999,-2.657280,84.130981,21.706722,-0.074661,0.916047,0.127799,0.372762,-2.827552,91.769829,21.579920,-0.012565,0.927489,0.026317,0.372712,-7.124330,109.474335,24.884623,0.083245,0.947940,-0.065621,0.300289,-7.991564,129.643723,25.681683,0.014399,0.972209,-0.123089,0.198623,-4.101793,143.438934,23.095121,0.071898,0.935989,-0.009316,0.344483,-11.157405,123.332443,23.505527,0.424425,-0.461164,0.385044,-0.677446,-25.732634,125.815605,10.986236,0.496754,-0.474103,0.318196,-0.653615,-18.359276,101.608192,3.086814,0.563848,-0.475902,0.232919,-0.633515,-10.678309,82.028671,-3.615851,-0.045574,0.896779,-0.080627,0.432678,-5.780916,123.359932,28.659901,0.577102,0.816085,0.029476,-0.009513,6.258342,126.295235,43.552055,0.560652,0.807152,0.170370,0.071750,15.105343,101.339844,42.238541,0.543004,0.763062,0.332439,0.111212,23.123434,80.696983,40.568115,0.083927,0.892758,0.196135,0.396827,-9.138252,83.875435,15.014895,0.102459,0.940562,0.016474,0.323378,-8.931165,51.475124,0.157709,-0.038447,0.936483,0.014365,0.348303,-17.118355,7.479382,-4.215340,-0.095397,0.910740,-0.056648,0.397797,3.823691,84.386520,28.398550,0.007430,0.910649,-0.144602,0.386979,8.411000,49.619164,34.781830,-0.044005,0.885502,0.014017,0.462334,2.770289,6.540325,46.365215,-0.038447,0.936483,0.014365,0.348303,-7.517698,2.192763,-14.797521,-0.044005,0.885502,0.014017,0.462334,14.749505,1.424456,38.463966
380,3.166667,-0.012991,0.920693,-0.002693,0.390062,-2.704209,84.126320,21.591908,-0.074942,0.916033,0.127805,0.372738,-2.870949,91.765434,21.476563,-0.011663,0.927577,0.026592,0.372502,-7.178058,109.471855,24.778246,0.083960,0.947989,-0.064769,0.300120,-8.015452,129.641541,25.599388,0.014737,0.972262,-0.122836,0.198498,-4.114141,143.438751,23.041054,0.072364,0.935825,-0.008654,0.344848,-11.191608,123.337433,23.417456,0.420959,-0.460405,0.387062,-0.678973,-25.754482,125.845757,10.888791,0.494151,-0.474358,0.318283,-0.655358,-18.426620,101.636208,2.953639,0.562911,-0.476318,0.233225,-0.633923,-10.757571,82.075531,-3.828615,-0.044752,0.896727,-0.080545,0.432886,-5.812458,123.351036,28.569109,0.577419,0.815815,0.030261,-0.010878,6.222680,126.256958,43.470364,0.560551,0.807080,0.171614,0.070379,15.048790,101.298691,42.073444,0.543122,0.762556,0.333725,0.110251,23.082560,80.662750,40.323006,0.083145,0.893092,0.196384,0.396116,-9.184514,83.883820,14.898949,0.102117,0.940721,0.015447,0.323076,-8.932515,51.481174,0.047542,-0.038253,0.936397,0.014395,0.348555,-17.122555,7.476196,-4.226081,-0.095945,0.910506,-0.057163,0.398127,3.776097,84.368828,28.284866,0.006871,0.910537,-0.145087,0.387072,8.381454,49.613129,34.718430,-0.044129,0.885465,0.013808,0.462400,2.768543,6.546199,46.359478,-0.038253,0.936397,0.014395,0.348555,-7.518169,2.188526,-14.804360,-0.044129,0.885465,0.013808,0.462400,14.749273,1.426901,38.462738
381,3.175000,-0.012565,0.920768,-0.002368,0.389900,-2.761383,84.125641,21.484596,-0.074709,0.916107,0.127717,0.372632,-2.924090,91.764946,21.376396,-0.011212,0.927653,0.026766,0.372313,-7.220839,109.469627,24.678219,0.084393,0.947981,-0.064884,0.300001,-8.043781,129.639359,25.512859,0.015218,0.972337,-0.121860,0.198696,-4.130428,143.433182,22.954651,0.072899,0.935717,-0.008067,0.345042,-11.225290,123.338890,23.328207,0.420386,-0.461439,0.386199,-0.679118,-25.779968,125.874092,10.795442,0.493236,-0.475435,0.318116,-0.655349,-18.467247,101.683601,2.788516,0.561733,-0.477401,0.233630,-0.634004,-10.840203,82.127556,-4.039811,-0.043990,0.896804,-0.080218,0.432866,-5.843891,123.345375,28.477522,0.577916,0.815435,0.030422,-0.012379,6.194557,126.219414,43.382278,0.560485,0.807109,0.172444,0.068517,14.988338,101.253784,41.914921,0.543580,0.761965,0.335055,0.108023,23.035543,80.634575,40.077938,0.082382,0.893264,0.196962,0.395600,-9.244240,83.892792,14.793770,0.101694,0.940586,0.014160,0.323659,-8.935620,51.497345,-0.072253,-0.038484,0.936393,0.014061,0.348552,-17.125338,7.481199,-4.229902,-0.096517,0.910382,-0.057480,0.398227,3.721474,84.358482,28.175426,0.006244,0.910396,-0.145683,0.387190,8.353718,49.613232,34.646023,-0.044038,0.885482,0.013453,0.462386,2.769919,6.561136,46.355713,-0.038484,0.936393,0.014061,0.348552,-7.519590,2.187141,-14.803735,-0.044038,0.885482,0.013453,0.462386,14.748043,1.431642,38.461643
382,3.183333,-0.012024,0.920751,-0.001849,0.389962,-2.815869,84.132210,21.367691,-0.074405,0.916013,0.127959,0.372840,-2.974060,91.771751,21.270000,-0.010981,0.927571,0.027112,0.372501,-7.263409,109.470924,24.582314,0.085098,0.947989,-0.064006,0.299963,-8.083062,129.640106,25.433203,0.015800,0.972430,-0.121639,0.198327,-4.158094,143.436081,22.904537,0.073422,0.935585,-0.007588,0.345299,-11.264847,123.342010,23.242134,0.418784,-0.461678,0.386402,-0.679828,-25.809679,125.902130,10.702999,0.491526,-0.476420,0.317945,-0.656000,-18.517021,101.723625,2.641790,0.560791,-0.478044,0.233988,-0.634222,-10.927540,82.180351,-4.255590,-0.043437,0.896985,-0.080001,0.432586,-5.885458,123.343300,28.393555,0.578417,0.815025,0.031414,-0.013448,6.164230,126.193916,43.293728,0.560647,0.806870,0.173639,0.066972,14.925873,101.221642,41.749237,0.544040,0.761366,0.336279,0.106106,22.979624,80.597176,39.823856,0.081885,0.893100,0.196930,0.396089,-9.298083,83.912415,14.675799,0.101239,0.940555,0.013148,0.323935,-8.950866,51.510258,-0.174734,-0.038656,0.936343,0.013935,0.348674,-17.130890,7.483313,-4.235979,-0.096842,0.909804,-0.057682,0.399438,3.666345,84.352013,28.059584,0.005200,0.909758,-0.146281,0.388479,8.304951,49.612888,34.558460,-0.044011,0.885401,0.013076,0.462554,2.769176,6.575429,46.344517,-0.038656,0.936343,0.013935,0.348674,-7.520962,2.187860,-14.805319,-0.044011,0.885401,0.013076,0.462554,14.748475,1.436276,38.458511
383,3.191667,-0.011550,0.920668,-0.001291,0.390173,-2.867053,84.132164,21.246410,-0.074537,0.915955,0.128229,0.372865,-3.021871,91.771904,21.159367,-0.010398,0.927623,0.027228,0.372378,-7.320652,109.473160,24.479660,0.085613,0.948006,-0.063776,0.299813,-8.120106,129.642578,25.343782,0.016499,0.972506,-0.120929,0.198336,-4.183825,143.437149,22.825035,0.073699,0.935367,-0.006789,0.345849,-11.308777,123.349060,23.149618,0.419837,-0.464063,0.384168,-0.678821,-25.837317,125.929138,10.595697,0.492068,-0.477488,0.317408,-0.655078,-18.570433,101.772842,2.445121,0.559565,-0.479387,0.233375,-0.634517,-11.012607,82.228104,-4.466181,-0.042809,0.897261,-0.079584,0.432153,-5.927838,123.341705,28.299416,0.578796,0.814711,0.032199,-0.014304,6.138458,126.162628,43.191803,0.560759,0.806552,0.175414,0.065213,14.875561,101.185631,41.585838,0.544449,0.760526,0.337883,0.104931,22.936232,80.567993,39.550816,0.081405,0.893264,0.196867,0.395849,-9.346406,83.924576,14.551356,0.100693,0.940616,0.012147,0.323967,-8.974770,51.515060,-0.282513,-0.038983,0.936271,0.014092,0.348825,-17.138302,7.475924,-4.243533,-0.097346,0.909682,-0.058281,0.399506,3.612299,84.339752,27.941462,0.004473,0.909450,-0.146715,0.389045,8.265415,49.612556,34.493523,-0.043860,0.885368,0.012829,0.462639,2.766610,6.585890,46.336155,-0.038983,0.936271,0.014092,0.348825,-7.521042,2.188271,-14.810109,-0.043860,0.885368,0.012829,0.462639,14.744924,1.438520,38.454021
384,3.200000,-0.011007,0.920614,-0.000711,0.390318,-2.923170,84.133186,21.121365,-0.074308,0.915914,0.128722,0.372841,-3.073805,91.773132,21.045702,-0.009813,0.927689,0.027180,0.372233,-7.372323,109.474686,24.386471,0.086151,0.947931,-0.064620,0.299715,-8.148987,129.644699,25.257734,0.016904,0.972594,-0.119677,0.198628,-4.191842,143.429916,22.720602,0.073972,0.935203,-0.006374,0.346241,-11.345439,123.355469,23.062544,0.416832,-0.463579,0.385972,-0.679979,-25.861879,125.950455,10.497705,0.489733,-0.478090,0.317227,-0.656474,-18.644873,101.790154,2.314764,0.558954,-0.479665,0.232909,-0.635016,-11.109024,82.271561,-4.678474,-0.042221,0.897320,-0.079541,0.432096,-5.962713,123.340370,28.210455,0.579454,0.814175,0.033263,-0.015649,6.107444,126.140038,43.103718,0.560915,0.806182,0.177136,0.063779,14.802009,101.154259,41.406288,0.544196,0.759978,0.339874,0.103780,22.869081,80.531326,39.273010,0.080863,0.893386,0.196956,0.395640,-9.400638,83.939148,14.424081,0.100151,0.940468,0.010956,0.324608,-8.995586,51.525856,-0.400676,-0.039101,0.936192,0.014036,0.349026,-17.146019,7.474458,-4.250793,-0.097921,0.909517,-0.058789,0.399667,3.554297,84.327232,27.818649,0.003805,0.909151,-0.147237,0.389552,8.228413,49.612297,34.420513,-0.044611,0.885214,0.012111,0.462882,2.759323,6.598928,46.325066,-0.039101,0.936192,0.014036,0.349026,-7.523156,2.186757,-14.812242,-0.044611,0.885214,0.012111,0.462882,14.746269,1.444342,38.460785
385,3.208333,-0.010510,0.920457,-0.000320,0.390702,-2.983731,84.138786,21.005640,-0.074349,0.915856,0.128773,0.372959,-3.129670,91.778900,20.938379,-0.009202,0.927723,0.027269,0.372159,-7.430068,109.477303,24.279226,0.086284,0.948000,-0.064315,0.299524,-8.185078,129.647583,25.163082,0.017750,0.972666,-0.118980,0.198620,-4.227664,143.434265,22.634277,0.074425,0.934985,-0.005804,0.346743,-11.388655,123.363136,22.964642,0.416350,-0.464670,0.385469,-0.679815,-25.889025,125.981438,10.386096,0.488921,-0.479139,0.316935,-0.656456,-18.705120,101.830383,2.146900,0.557809,-0.480867,0.233094,-0.635045,-11.205738,82.315895,-4.893705,-0.041457,0.897537,-0.079139,0.431794,-6.004942,123.339119,28.111488,0.579935,0.813732,0.035494,-0.016008,6.077792,126.104927,43.000877,0.561180,0.805568,0.179429,0.062796,14.742178,101.114548,41.218884,0.544228,0.759272,0.341663,0.102897,22.805346,80.489120,38.988289,0.080276,0.893464,0.197083,0.395519,-9.455806,83.956154,14.302826,0.099627,0.940489,0.009846,0.324744,-9.011909,51.539684,-0.513868,-0.039005,0.936174,0.013948,0.349087,-17.150480,7.476789,-4.256067,-0.098461,0.909218,-0.059109,0.400167,3.488344,84.321419,27.708452,0.002984,0.908854,-0.147677,0.390086,8.184101,49.616726,34.348663,-0.044005,0.885232,0.011779,0.462913,2.759771,6.614533,46.313885,-0.039005,0.936174,0.013948,0.349087,-7.527518,2.185798,-14.815779,-0.044005,0.885232,0.011779,0.462913,14.739982,1.443184,38.450356
386,3.216667,-0.009873,0.920418,0.000325,0.390811,-3.047439,84.141541,20.878744,-0.074196,0.915895,0.128875,0.372857,-3.188266,91.781853,20.824337,-0.008436,0.927850,0.027399,0.371850,-7.483843,109.477341,24.170692,0.087063,0.948020,-0.063936,0.299315,-8.211812,129.647888,25.071177,0.018046,0.972734,-0.118507,0.198543,-4.237447,143.432587,22.558277,0.074777,0.934842,-0.005444,0.347059,-11.425183,123.369385,22.870012,0.415620,-0.465768,0.385309,-0.679601,-25.915028,126.004791,10.282904,0.488224,-0.480046,0.316361,-0.656589,-18.778742,101.857666,1.990971,0.556800,-0.482071,0.232162,-0.635360,-11.302686,82.355667,-5.099899,-0.040918,0.897493,-0.079273,0.431912,-6.037836,123.334213,28.012991,0.580540,0.813271,0.035272,-0.017859,6.042679,126.083824,42.907185,0.561279,0.805422,0.180498,0.060674,14.666521,101.084793,41.051422,0.544961,0.758153,0.343625,0.100711,22.738504,80.468079,38.716190,0.079755,0.893124,0.196865,0.396501,-9.518179,83.974525,14.174229,0.099098,0.940827,0.009061,0.323947,-9.031563,51.545990,-0.614673,-0.039154,0.936118,0.013995,0.349219,-17.151976,7.472303,-4.268170,-0.098962,0.908872,-0.059290,0.400803,3.423301,84.308556,27.583260,0.002081,0.908435,-0.148372,0.390803,8.141318,49.612442,34.252502,-0.044045,0.885141,0.011296,0.463096,2.756858,6.628346,46.300488,-0.039154,0.936118,0.013995,0.349219,-7.524348,2.184278,-14.825121,-0.044045,0.885141,0.011296,0.463096,14.738705,1.445666,38.446899
387,3.225000,-0.009158,0.920359,0.000942,0.390967,-3.108998,84.138283,20.750727,-0.073984,0.915813,0.129019,0.373051,-3.243452,91.778786,20.709251,-0.007919,0.927810,0.027594,0.371948,-7.533960,109.471687,24.062065,0.087458,0.947934,-0.064366,0.299383,-8.245572,129.642136,24.977570,0.018537,0.972768,-0.117570,0.198889,-4.256848,143.421295,22.457005,0.075187,0.934693,-0.005002,0.347376,-11.463686,123.367928,22.771111,0.414528,-0.466518,0.385286,-0.679766,-25.942606,126.023651,10.175703,0.487294,-0.481040,0.315978,-0.656737,-18.842474,101.884460,1.829828,0.555829,-0.483446,0.231287,-0.635484,-11.399319,82.393631,-5.312812,-0.040459,0.897654,-0.079121,0.431648,-6.077302,123.324478,27.915033,0.581309,0.812657,0.036048,-0.019222,6.013480,126.055016,42.804409,0.561505,0.805035,0.182095,0.058931,14.587294,101.045105,40.865185,0.544923,0.757481,0.345704,0.098848,22.662521,80.426430,38.423126,0.078897,0.893127,0.197075,0.396562,-9.577707,83.988037,14.043858,0.098729,0.940912,0.007873,0.323846,-9.029697,51.555698,-0.734566,-0.039122,0.936090,0.013917,0.349302,-17.154356,7.473648,-4.275991,-0.099644,0.908406,-0.059550,0.401651,3.359710,84.288521,27.457596,0.001334,0.908120,-0.149032,0.391287,8.107533,49.604259,34.167213,-0.043968,0.885078,0.010965,0.463231,2.754504,6.637573,46.291088,-0.039122,0.936090,0.013917,0.349302,-7.525430,2.183284,-14.830581,-0.043968,0.885078,0.010965,0.463231,14.736608,1.445670,38.443993
388,3.233333,-0.008384,0.920267,0.001404,0.391199,-3.179772,84.143730,20.624704,-0.073540,0.915729,0.129318,0.373241,-3.306091,91.784424,20.594328,-0.007403,0.927776,0.027620,0.372039,-7.585318,109.472641,23.961676,0.088007,0.947969,-0.063581,0.299277,-8.278074,129.643356,24.885838,0.019016,0.972854,-0.117379,0.198533,-4.281435,143.424820,22.390581,0.075437,0.934564,-0.004760,0.347673,-11.501734,123.373138,22.676117,0.413758,-0.467213,0.385151,-0.679834,-25.971199,126.040718,10.072349,0.486157,-0.482178,0.315699,-0.656879,-18.899975,101.908806,1.681030,0.555273,-0.483854,0.231581,-0.635553,-11.501755,82.435165,-5.515202,-0.039772,0.897724,-0.079338,0.431528,-6.116243,123.322380,27.820910,0.581564,0.812396,0.037226,-0.020254,5.980721,126.032387,42.709015,0.562315,0.804306,0.183514,0.056705,14.536658,101.022766,40.688778,0.545844,0.756908,0.345793,0.097832,22.587463,80.395737,38.121391,0.078105,0.893099,0.197336,0.396651,-9.645354,84.010162,13.914466,0.098247,0.940867,0.006632,0.324149,-9.038110,51.576279,-0.858258,-0.039201,0.936044,0.013463,0.349433,-17.157539,7.484076,-4.283295,-0.100370,0.908085,-0.059876,0.402147,3.285810,84.277298,27.334944,0.000541,0.907835,-0.149566,0.391746,8.066895,49.606167,34.088669,-0.044023,0.885038,0.010345,0.463318,2.753691,6.653699,46.280216,-0.039201,0.936044,0.013463,0.349433,-7.526172,2.182663,-14.830112,-0.044023,0.885038,0.010345,0.463318,14.735251,1.447164,38.441994
389,3.241667,-0.007752,0.920061,0.001982,0.391695,-3.238115,84.148750,20.492682,-0.073134,0.915603,0.129920,0.373421,-3.358989,91.789574,20.474144,-0.007095,0.927762,0.027466,0.372093,-7.634305,109.478378,23.867233,0.088770,0.947846,-0.063753,0.299405,-8.313227,129.649612,24.790216,0.019375,0.972877,-0.116743,0.198762,-4.294209,143.425079,22.297749,0.075750,0.934315,-0.004504,0.348279,-11.541003,123.381493,22.580536,0.412638,-0.468062,0.385458,-0.679757,-25.992310,126.063011,9.958906,0.485288,-0.482930,0.315455,-0.657086,-18.975729,101.930771,1.522759,0.553973,-0.485400,0.230677,-0.635836,-11.605261,82.470459,-5.714459,-0.039283,0.897930,-0.079074,0.431191,-6.156037,123.327316,27.725843,0.582589,0.811602,0.037628,-0.021857,5.953682,126.015160,42.607594,0.562126,0.804308,0.184684,0.054732,14.442785,100.989578,40.504803,0.547107,0.755502,0.347651,0.095027,22.512388,80.383835,37.839062,0.077494,0.892936,0.197154,0.397227,-9.696655,84.030273,13.775381,0.097829,0.940875,0.005551,0.324274,-9.046616,51.584511,-0.969413,-0.039348,0.935995,0.013373,0.349553,-17.162149,7.483742,-4.291949,-0.100894,0.907854,-0.060296,0.402474,3.220426,84.267220,27.209982,-0.000366,0.907312,-0.150142,0.392738,8.020302,49.607197,34.007267,-0.043760,0.884956,0.010011,0.463505,2.747426,6.670234,46.270737,-0.039348,0.935995,0.013373,0.349553,-7.526809,2.181634,-14.834791,-0.043760,0.884956,0.010011,0.463505,14.728361,1.451893,38.439404
390,3.250000,-0.007094,0.919977,0.002558,0.391900,-3.300104,84.142944,20.364750,-0.072550,0.915639,0.130124,0.373377,-3.415167,91.783882,20.358234,-0.006863,0.927838,0.027268,0.371921,-7.673314,109.473587,23.766548,0.089388,0.947684,-0.064556,0.299563,-8.340398,129.645401,24.685720,0.019620,0.972857,-0.115681,0.199455,-4.297677,143.411179,22.178082,0.076314,0.934266,-0.004136,0.348289,-11.572592,123.378670,22.478546,0.411752,-0.468752,0.385474,-0.679810,-26.020292,126.085426,9.858176,0.484105,-0.484173,0.315189,-0.657172,-19.038620,101.958466,1.378064,0.553348,-0.486014,0.230575,-0.635950,-11.712464,82.500053,-5.920316,-0.038726,0.897845,-0.079308,0.431375,-6.185679,123.322449,27.621790,0.583024,0.811230,0.038192,-0.023013,5.919559,125.995300,42.509884,0.562856,0.803580,0.186337,0.052257,14.379001,100.965454,40.339504,0.546801,0.755373,0.348771,0.093699,22.430178,80.351868,37.533623,0.076766,0.892777,0.197436,0.397588,-9.755834,84.040001,13.644496,0.097449,0.940827,0.004242,0.324547,-9.045586,51.594151,-1.097327,-0.039326,0.935925,0.013278,0.349745,-17.166653,7.485557,-4.300387,-0.101338,0.907411,-0.060712,0.403299,3.155626,84.245888,27.085003,-0.001406,0.906790,-0.150682,0.393731,7.965566,49.595860,33.925953,-0.044752,0.884843,0.009429,0.463640,2.744928,6.673670,46.263268,-0.039326,0.935925,0.013278,0.349745,-7.527508,2.180862,-14.838449,-0.044752,0.884843,0.009429,0.463640,14.735479,1.454844,38.446995
391,3.258333,-0.006318,0.919869,0.002887,0.392165,-3.373417,84.140305,20.235188,-0.072134,0.915604,0.130319,0.373474,-3.479550,91.781372,20.237904,-0.005946,0.927884,0.027308,0.371821,-7.725626,109.467079,23.657312,0.089355,0.947784,-0.064127,0.299346,-8.358866,129.639267,24.591864,0.020126,0.972897,-0.115390,0.199378,-4.321382,143.408386,22.094242,0.076860,0.934196,-0.004189,0.348357,-11.602087,123.379601,22.380846,0.410756,-0.469680,0.385388,-0.679821,-26.044697,126.105209,9.758714,0.483325,-0.484863,0.315222,-0.657221,-19.105698,101.985657,1.222696,0.552324,-0.486927,0.230183,-0.636283,-11.810283,82.528488,-6.106524,-0.038374,0.897939,-0.079420,0.431192,-6.213890,123.310539,27.522587,0.583513,0.810782,0.039567,-0.024069,5.898530,125.972557,42.406776,0.563782,0.802705,0.187837,0.050318,14.325089,100.939438,40.147987,0.547312,0.754796,0.349652,0.092067,22.345659,80.309425,37.222641,0.075931,0.892646,0.197766,0.397877,-9.825464,84.053078,13.511178,0.096996,0.940708,0.002888,0.325041,-9.047875,51.607452,-1.227729,-0.039320,0.935898,0.013053,0.349826,-17.168968,7.490081,-4.307271,-0.101956,0.907007,-0.061082,0.403996,3.078630,84.227539,26.959198,-0.002378,0.906288,-0.151178,0.394692,7.911942,49.589695,33.845242,-0.045754,0.884759,0.008303,0.463723,2.739855,6.681299,46.250797,-0.039320,0.935898,0.013053,0.349826,-7.528742,2.179448,-14.841342,-0.045754,0.884759,0.008303,0.463723,14.736930,1.448543,38.453873
392,3.266667,-0.005647,0.919770,0.003521,0.392402,-3.437910,84.134018,20.105436,-0.071527,0.915600,0.130552,0.373519,-3.538410,91.775146,20.121071,-0.005647,0.927920,0.027316,0.371734,-7.768911,109.468254,23.557859,0.090040,0.947648,-0.065200,0.299342,-8.390956,129.640564,24.497240,0.020437,0.972941,-0.114410,0.199697,-4.326512,143.397614,21.976906,0.077224,0.934042,-0.004274,0.348689,-11.638041,123.383186,22.285425,0.409967,-0.470543,0.385425,-0.679679,-26.069519,126.120293,9.653055,0.482362,-0.485970,0.314959,-0.657238,-19.175037,102.003189,1.074163,0.551503,-0.487875,0.229927,-0.636361,-11.920940,82.553879,-6.305130,-0.037773,0.898179,-0.079274,0.430771,-6.248834,123.309998,27.426048,0.584573,0.809984,0.039004,-0.026043,5.879409,125.947739,42.301666,0.564023,0.802478,0.188819,0.047482,14.235059,100.897125,39.974377,0.547770,0.754219,0.350637,0.090309,22.253498,80.292023,36.921047,0.075340,0.892340,0.198079,0.398520,-9.886642,84.062965,13.378058,0.096807,0.940595,0.000878,0.325436,-9.051863,51.619774,-1.363094,-0.039432,0.935690,0.012957,0.350372,-17.214725,7.498425,-4.270548,-0.102553,0.906646,-0.061594,0.404577,3.010823,84.205070,26.832813,-0.003345,0.905832,-0.151624,0.395560,7.862799,49.580402,33.771793,-0.044174,0.884740,0.009161,0.463895,2.741711,6.684655,46.242085,-0.039432,0.935690,0.012957,0.350372,-7.561322,2.186987,-14.792138,-0.044174,0.884740,0.009161,0.463895,14.730019,1.451315,38.432087
393,3.275000,-0.005132,0.919679,0.003839,0.392619,-3.499462,84.122238,19.977280,-0.071097,0.915566,0.130773,0.373608,-3.594635,91.763405,20.000450,-0.004944,0.927946,0.027268,0.371684,-7.815483,109.463142,23.451523,0.090455,0.947594,-0.065248,0.299376,-8.410388,129.635864,24.399729,0.020620,0.972931,-0.114034,0.199943,-4.334280,143.389938,21.881985,0.077348,0.933973,-0.004383,0.348845,-11.666181,123.383797,22.185698,0.409294,-0.471533,0.385242,-0.679503,-26.092709,126.123688,9.548267,0.481757,-0.486772,0.314972,-0.657081,-19.240166,102.012108,0.920352,0.550595,-0.488912,0.229744,-0.636419,-12.023849,82.568619,-6.483860,-0.037377,0.898137,-0.079757,0.430805,-6.276299,123.301147,27.325476,0.585023,0.809574,0.040009,-0.027137,5.851977,125.933205,42.202084,0.564806,0.801790,0.189940,0.045278,14.176644,100.879692,39.796307,0.549275,0.753077,0.351433,0.087554,22.168478,80.270576,36.626278,0.074609,0.892226,0.198464,0.398720,-9.945115,84.062363,13.246838,0.096387,0.940416,-0.000527,0.326077,-9.049473,51.622261,-1.497538,-0.039496,0.935629,0.012989,0.350527,-17.216364,7.493565,-4.279409,-0.103055,0.906394,-0.062198,0.404920,2.946191,84.182106,26.707724,-0.004208,0.905463,-0.152042,0.396235,7.809796,49.570118,33.701611,-0.044841,0.884628,0.008573,0.464057,2.734757,6.686357,46.231812,-0.039496,0.935629,0.012989,0.350527,-7.558707,2.183804,-14.797952,-0.044841,0.884628,0.008573,0.464057,14.729959,1.447871,38.435852
394,3.283333,-0.004348,0.919605,0.004417,0.392796,-3.576690,84.121147,19.847950,-0.070137,0.915670,0.130745,0.373544,-3.664322,91.762360,19.883932,-0.004551,0.928048,0.027183,0.371439,-7.848732,109.452843,23.345201,0.090723,0.947601,-0.065038,0.299318,-8.427390,129.625885,24.296257,0.020858,0.972919,-0.113746,0.200138,-4.346042,143.379807,21.786175,0.077516,0.933906,-0.003823,0.348994,-11.689277,123.376656,22.083241,0.408197,-0.472233,0.385549,-0.679502,-26.110781,126.129974,9.442995,0.480709,-0.487629,0.315030,-0.657185,-19.305819,102.019592,0.774163,0.549807,-0.489607,0.229708,-0.636578,-12.128659,82.579353,-6.669594,-0.036858,0.898103,-0.080088,0.430858,-6.296624,123.289169,27.220032,0.585883,0.808924,0.039117,-0.029215,5.831371,125.908829,42.099060,0.565322,0.801466,0.190468,0.042243,14.096462,100.841667,39.630943,0.550757,0.751915,0.352269,0.084834,22.077799,80.237381,36.332363,0.073734,0.892095,0.198743,0.399039,-10.019900,84.078957,13.115036,0.095850,0.940496,-0.001735,0.326000,-9.055442,51.637489,-1.621990,-0.039505,0.935669,0.012675,0.350433,-17.213064,7.499757,-4.285291,-0.103778,0.906098,-0.062524,0.405348,2.866520,84.163330,26.580864,-0.005027,0.905320,-0.152633,0.396325,7.763335,49.564903,33.618534,-0.045111,0.884593,0.007875,0.464111,2.732609,6.698015,46.224110,-0.039505,0.935669,0.012675,0.350433,-7.558372,2.181683,-14.802355,-0.045111,0.884593,0.007875,0.464111,14.728459,1.445980,38.438274
395,3.291667,-0.003957,0.919514,0.004904,0.393006,-3.639352,84.124985,19.725523,-0.069284,0.915757,0.130905,0.373434,-3.724423,91.766182,19.770674,-0.004285,0.928159,0.027079,0.371172,-7.878467,109.445206,23.246996,0.090649,0.947648,-0.065303,0.299136,-8.445315,129.618591,24.198294,0.021367,0.972926,-0.113307,0.200299,-4.364612,143.371094,21.679468,0.077929,0.933867,-0.003863,0.349006,-11.711990,123.371140,21.987238,0.407069,-0.472781,0.385821,-0.679643,-26.130676,126.138733,9.346903,0.479607,-0.488538,0.315265,-0.657203,-19.364336,102.032104,0.637566,0.548901,-0.490607,0.229962,-0.636498,-12.232145,82.587563,-6.843873,-0.036333,0.898147,-0.080443,0.430745,-6.316355,123.280670,27.120840,0.586499,0.808412,0.039232,-0.030811,5.816875,125.887680,41.997814,0.566279,0.800745,0.191207,0.039690,14.038595,100.813499,39.457249,0.552258,0.750926,0.352480,0.082947,21.984364,80.204620,36.037617,0.073151,0.891951,0.199144,0.399268,-10.079538,84.093079,12.989661,0.095329,0.940231,-0.003164,0.326908,-9.062611,51.656883,-1.755430,-0.039311,0.935647,0.012335,0.350523,-17.216064,7.510832,-4.290420,-0.104171,0.905762,-0.062980,0.405927,2.800836,84.156883,26.461384,-0.006007,0.904971,-0.153055,0.396945,7.704817,49.568363,33.542629,-0.045044,0.884528,0.007330,0.464250,2.730137,6.714061,46.213066,-0.039311,0.935647,0.012335,0.350523,-7.562418,2.181781,-14.802882,-0.045044,0.884528,0.007330,0.464250,14.725486,1.447680,38.436157
396,3.300000,-0.002961,0.919413,0.005182,0.393247,-3.725596,84.116776,19.598221,-0.068080,0.915782,0.131073,0.373535,-3.798345,91.758034,19.653248,-0.003871,0.928177,0.026895,0.371146,-7.914711,109.442543,23.151960,0.090793,0.947680,-0.064263,0.299214,-8.463262,129.616470,24.102619,0.021698,0.972847,-0.113872,0.200327,-4.386734,143.375580,21.613317,0.078165,0.933792,-0.003931,0.349153,-11.735762,123.371902,21.892046,0.406264,-0.473637,0.385838,-0.679520,-26.149023,126.146873,9.247142,0.478757,-0.489540,0.315457,-0.656985,-19.426321,102.043900,0.493965,0.547853,-0.491852,0.229972,-0.636437,-12.346804,82.605515,-7.015083,-0.035892,0.898320,-0.080565,0.430397,-6.339786,123.276733,27.025206,0.587259,0.807814,0.038770,-0.032555,5.806288,125.869583,41.894173,0.566966,0.800232,0.191957,0.036482,13.974828,100.784264,39.292686,0.553698,0.749926,0.352992,0.080158,21.901306,80.178032,35.730469,0.072216,0.891864,0.199530,0.399438,-10.162377,84.104027,12.859040,0.094810,0.940239,-0.004436,0.327021,-9.072169,51.669109,-1.883636,-0.039434,0.935628,0.012094,0.350569,-17.219219,7.515046,-4.296769,-0.105063,0.905434,-0.063259,0.406386,2.711184,84.129524,26.337400,-0.006889,0.904552,-0.153592,0.397678,7.660130,49.556824,33.464474,-0.044891,0.884410,0.007385,0.464488,2.727677,6.718352,46.204769,-0.039434,0.935628,0.012094,0.350569,-7.563970,2.180976,-14.805211,-0.044891,0.884410,0.007385,0.464488,14.725966,1.451452,38.432751
397,3.308333,-0.002138,0.919233,0.005419,0.393672,-3.804012,84.114281,19.477772,-0.067090,0.915803,0.131318,0.373576,-3.866663,91.755562,19.541042,-0.003580,0.928239,0.026596,0.371015,-7.951468,109.435463,23.060320,0.091057,0.947576,-0.065147,0.299273,-8.484476,129.610107,24.004192,0.021906,0.972806,-0.113383,0.200780,-4.393502,143.361130,21.493900,0.078613,0.933777,-0.004105,0.349090,-11.762365,123.367264,21.796761,0.405908,-0.474711,0.385378,-0.679244,-26.174623,126.156044,9.153748,0.478300,-0.490420,0.315749,-0.656521,-19.487070,102.061104,0.351655,0.546865,-0.492956,0.230173,-0.636360,-12.450259,82.602707,-7.176611,-0.035514,0.898499,-0.080926,0.429988,-6.364909,123.269783,26.928320,0.588054,0.807179,0.038302,-0.034451,5.795856,125.854477,41.786697,0.567850,0.799659,0.192267,0.033542,13.908136,100.757942,39.118141,0.554708,0.749509,0.352757,0.078090,21.804953,80.143753,35.431595,0.071395,0.891760,0.199874,0.399646,-10.234651,84.117401,12.732718,0.094330,0.940469,-0.005577,0.326479,-9.078934,51.683880,-2.008043,-0.039465,0.935612,0.011733,0.350622,-17.220627,7.522676,-4.305854,-0.105799,0.905145,-0.063489,0.406802,2.626626,84.111153,26.222824,-0.007698,0.904376,-0.154096,0.397868,7.612374,49.551598,33.387901,-0.044692,0.884363,0.007092,0.464601,2.724896,6.728146,46.195847,-0.039465,0.935612,0.011733,0.350622,-7.564947,2.179448,-14.809251,-0.044692,0.884363,0.007092,0.464601,14.721997,1.451296,38.428734
398,3.316667,-0.001621,0.918968,0.006154,0.394281,-3.873266,84.112762,19.351652,-0.066442,0.915752,0.131544,0.373738,-3.933115,91.753944,19.428312,-0.002917,0.928279,0.026275,0.370943,-7.999162,109.432098,22.962990,0.091160,0.947514,-0.065589,0.299343,-8.502403,129.607605,23.904833,0.022246,0.972730,-0.113204,0.201214,-4.404818,143.354721,21.383986,0.078838,0.933687,-0.003602,0.349285,-11.789876,123.369347,21.698700,0.405304,-0.475189,0.385600,-0.679145,-26.195478,126.172783,9.051339,0.477383,-0.491525,0.316024,-0.656229,-19.541067,102.076828,0.226937,0.546411,-0.493642,0.230791,-0.635994,-12.560608,82.613625,-7.332963,-0.035040,0.898734,-0.080989,0.429523,-6.391565,123.264488,26.829220,0.588683,0.806667,0.037883,-0.036129,5.785986,125.832573,41.676731,0.568794,0.799072,0.192353,0.030940,13.852728,100.727715,38.949154,0.557244,0.747912,0.352797,0.075099,21.706772,80.122932,35.159420,0.070914,0.891702,0.200069,0.399765,-10.294989,84.130219,12.598130,0.093649,0.940542,-0.006807,0.326441,-9.101162,51.697384,-2.141096,-0.039915,0.935666,0.011298,0.350439,-17.221975,7.526040,-4.314497,-0.106429,0.904767,-0.063798,0.407431,2.548456,84.095306,26.105175,-0.008700,0.903797,-0.154538,0.398990,7.560097,49.548073,33.311497,-0.044689,0.884233,0.006760,0.464854,2.722244,6.738365,46.184063,-0.039915,0.935666,0.011298,0.350439,-7.566947,2.175973,-14.815012,-0.044689,0.884233,0.006760,0.464854,14.722359,1.453487,38.427074
399,3.325000,-0.000862,0.918796,0.006360,0.394681,-3.953551,84.112923,19.231352,-0.065274,0.915759,0.131778,0.373843,-4.004021,91.754097,19.315464,-0.002770,0.928295,0.026041,0.370921,-8.033178,109.430786,22.873003,0.092061,0.947366,-0.065828,0.299483,-8.527368,129.606827,23.808294,0.022338,0.972697,-0.113273,0.201323,-4.403158,143.346420,21.289795,0.079133,0.933654,-0.004016,0.349301,-11.817749,123.369308,21.604389,0.404683,-0.476165,0.385643,-0.678806,-26.221107,126.177719,8.955585,0.477008,-0.492032,0.316059,-0.656106,-19.617718,102.081802,0.092851,0.545305,-0.495049,0.230549,-0.635938,-12.657060,82.608093,-7.486890,-0.034555,0.899141,-0.080865,0.428733,-6.419186,123.263718,26.734627,0.589528,0.806014,0.036594,-0.038206,5.785953,125.810936,41.563057,0.569494,0.798726,0.192230,0.027563,13.791763,100.691940,38.786522,0.559302,0.746888,0.352280,0.072373,21.621925,80.092339,34.871227,0.070234,0.891416,0.200218,0.400447,-10.369429,84.144951,12.472335,0.093085,0.940682,-0.007862,0.326176,-9.116940,51.709511,-2.256294,-0.040023,0.935673,0.011010,0.350420,-17.221954,7.530075,-4.321634,-0.107064,0.904708,-0.064084,0.407350,2.462326,84.080902,25.990370,-0.009737,0.903252,-0.154985,0.400025,7.506590,49.545948,33.232681,-0.044423,0.884124,0.006404,0.465092,2.722106,6.750381,46.172035,-0.040023,0.935673,0.011010,0.350420,-7.567092,2.173540,-14.818999,-0.044423,0.884124,0.006404,0.465092,14.722286,1.453183,38.423557
400,3.333333,0.000285,0.918594,0.006312,0.395151,-4.040244,84.093193,19.112822,-0.064222,0.915704,0.132188,0.374016,-4.074358,91.734383,19.203159,-0.002422,0.928293,0.025518,0.370966,-8.078547,109.430923,22.792240,0.093154,0.947143,-0.065551,0.299910,-8.551899,129.608124,23.713137,0.022069,0.972549,-0.113973,0.201671,-4.398866,143.342560,21.214048,0.079509,0.933573,-0.004261,0.349430,-11.848590,123.372444,21.513445,0.404322,-0.476234,0.385751,-0.678912,-26.246157,126.190857,8.860272,0.476069,-0.493528,0.316421,-0.655490,-19.650677,102.096535,-0.012706,0.544818,-0.496321,0.230936,-0.635222,-12.763816,82.606461,-7.629108,-0.033965,0.899488,-0.081025,0.428023,-6.450490,123.264923,26.644129,0.589965,0.805615,0.036651,-0.039777,5.779792,125.792458,41.455204,0.570899,0.797827,0.192120,0.025233,13.751766,100.670410,38.609783,0.561514,0.745634,0.352038,0.069291,21.517042,80.060280,34.600201,0.069332,0.891341,0.200610,0.400575,-10.449210,84.144569,12.347369,0.092633,0.940558,-0.009115,0.326629,-9.126015,51.711369,-2.380002,-0.040151,0.935615,0.010972,0.350559,-17.228954,7.526323,-4.329983,-0.108073,0.904177,-0.064145,0.408251,2.368722,84.041824,25.878275,-0.010572,0.902748,-0.155514,0.400937,7.468042,49.522892,33.158329,-0.044868,0.884028,0.006266,0.465233,2.719146,6.743625,46.164520,-0.040151,0.935615,0.010972,0.350559,-7.569733,2.170293,-14.823593,-0.044868,0.884028,0.006266,0.465233,14.725611,1.449438,38.423721
401,3.341667,0.000948,0.918288,0.006687,0.395856,-4.118084,84.095833,18.994904,-0.063224,0.915810,0.131954,0.374010,-4.145236,91.736946,19.094494,-0.001888,0.928443,0.025557,0.370591,-8.108874,109.423935,22.686626,0.092291,0.947383,-0.065304,0.299474,-8.562417,129.601151,23.617168,0.023090,0.972508,-0.114259,0.201594,-4.436319,143.343094,21.114656,0.079961,0.933587,-0.004389,0.349290,-11.866826,123.369598,21.417370,0.404071,-0.476659,0.385777,-0.678748,-26.265400,126.202705,8.768620,0.475184,-0.494793,0.316808,-0.654990,-19.692474,102.108025,-0.120100,0.543813,-0.497605,0.231365,-0.634923,-12.868322,82.597420,-7.769971,-0.033593,0.899607,-0.081237,0.427761,-6.464550,123.254623,26.543495,0.590586,0.805092,0.035822,-0.041865,5.775389,125.772049,41.348312,0.572159,0.797003,0.192112,0.022645,13.699466,100.642097,38.439621,0.562347,0.745123,0.352167,0.067342,21.411545,80.014961,34.323067,0.068608,0.891262,0.200802,0.400778,-10.516641,84.161400,12.219724,0.092129,0.940453,-0.010294,0.327039,-9.138694,51.726578,-2.499045,-0.040228,0.935591,0.010619,0.350625,-17.233097,7.535201,-4.337949,-0.109015,0.903443,-0.064035,0.409641,2.280473,84.030273,25.770082,-0.011400,0.902246,-0.156057,0.401832,7.431682,49.524921,33.077938,-0.044766,0.883909,0.005659,0.465477,2.717362,6.762519,46.151997,-0.040228,0.935591,0.010619,0.350625,-7.572638,2.170760,-14.826126,-0.044766,0.883909,0.005659,0.465477,14.724523,1.452086,38.423412
402,3.350000,0.001835,0.917894,0.007049,0.396758,-4.206073,84.095200,18.878016,-0.062123,0.915756,0.132001,0.374309,-4.223084,91.736191,18.988035,-0.001366,0.928449,0.025203,0.370602,-8.150185,109.422112,22.594900,0.092535,0.947248,-0.066215,0.299624,-8.578861,129.600113,23.519964,0.023251,0.972425,-0.114086,0.202074,-4.438271,143.333786,20.996077,0.080242,0.933560,-0.004558,0.349295,-11.890963,123.372040,21.321886,0.404264,-0.478057,0.385309,-0.677915,-26.287640,126.212929,8.672732,0.475693,-0.495544,0.316713,-0.654099,-19.766342,102.117279,-0.251298,0.543897,-0.498548,0.230957,-0.634260,-12.974888,82.602341,-7.895396,-0.033369,0.899917,-0.081005,0.427169,-6.488790,123.251808,26.447996,0.590922,0.804771,0.034952,-0.043957,5.771330,125.756119,41.238331,0.573501,0.796229,0.191603,0.020126,13.664797,100.623772,38.267693,0.564211,0.744121,0.351772,0.064849,21.314827,79.985466,34.060940,0.068050,0.890897,0.200683,0.401744,-10.591260,84.178719,12.090436,0.091587,0.940508,-0.011218,0.327003,-9.165606,51.735050,-2.604277,-0.039934,0.935488,0.010721,0.350931,-17.241745,7.536504,-4.348713,-0.109879,0.902830,-0.063840,0.410790,2.179113,84.011681,25.665596,-0.012488,0.901543,-0.156576,0.403173,7.381618,49.518044,32.992352,-0.044472,0.883787,0.005575,0.465738,2.717188,6.772554,46.139389,-0.039934,0.935488,0.010721,0.350931,-7.577234,2.171878,-14.833058,-0.044472,0.883787,0.005575,0.465738,14.725682,1.456191,38.416965
403,3.358333,0.002254,0.917515,0.007560,0.397622,-4.274177,84.095070,18.766531,-0.061266,0.915587,0.132362,0.374736,-4.288509,91.735924,18.886236,-0.000894,0.928361,0.024638,0.370861,-8.193499,109.423050,22.515511,0.093332,0.947096,-0.065678,0.299974,-8.596237,129.602234,23.426373,0.023220,0.972316,-0.114967,0.202101,-4.437173,143.334610,20.925829,0.080516,0.933520,-0.004580,0.349338,-11.915344,123.376991,21.230879,0.404083,-0.477901,0.385576,-0.677981,-26.309151,126.227341,8.580585,0.474889,-0.497167,0.316950,-0.653336,-19.790880,102.128647,-0.337452,0.543748,-0.499877,0.230949,-0.633343,-13.075630,82.597092,-8.019479,-0.033156,0.900328,-0.080581,0.426400,-6.516007,123.253227,26.359896,0.591457,0.804268,0.033776,-0.046800,5.770094,125.741234,41.131409,0.574732,0.795561,0.190911,0.017882,13.616361,100.604202,38.076584,0.566064,0.743070,0.351239,0.063647,21.211555,79.946259,33.793823,0.067694,0.890519,0.200840,0.402563,-10.646536,84.189644,11.967051,0.091133,0.940195,-0.012532,0.327981,-9.180270,51.747017,-2.725983,-0.040023,0.935406,0.010456,0.351147,-17.255234,7.543823,-4.354381,-0.110772,0.902268,-0.063970,0.411764,2.098183,84.000504,25.566011,-0.013373,0.900622,-0.156829,0.405099,7.345512,49.522102,32.932434,-0.044553,0.883617,0.004986,0.466059,2.715346,6.785813,46.121441,-0.040023,0.935406,0.010456,0.351147,-7.585716,2.173403,-14.831141,-0.044553,0.883617,0.004986,0.466059,14.727757,1.456318,38.414173
404,3.366667,0.003177,0.917029,0.007876,0.398730,-4.356558,84.097023,18.646103,-0.060464,0.915465,0.132496,0.375116,-4.360031,91.737724,18.775848,-0.000173,0.928358,0.024440,0.370882,-8.241290,109.426903,22.419254,0.093453,0.946947,-0.067122,0.300087,-8.614047,129.606506,23.333471,0.023651,0.972209,-0.114682,0.202728,-4.439642,143.327438,20.796022,0.081163,0.933415,-0.004920,0.349463,-11.942385,123.386574,21.136917,0.404471,-0.478211,0.385681,-0.677471,-26.328754,126.255379,8.482332,0.474685,-0.498619,0.316762,-0.652469,-19.830448,102.146873,-0.423748,0.544204,-0.500920,0.231298,-0.631999,-13.169032,82.593262,-8.140709,-0.033069,0.900607,-0.080267,0.425877,-6.543276,123.253929,26.265951,0.591502,0.804119,0.032698,-0.049481,5.760314,125.732437,41.024506,0.576307,0.794601,0.190364,0.015533,13.590065,100.600121,37.889492,0.566802,0.742677,0.351135,0.062209,21.113750,79.913918,33.519245,0.067080,0.890324,0.200648,0.403192,-10.712384,84.209846,11.831443,0.090583,0.940053,-0.013554,0.328499,-9.202703,51.755844,-2.832031,-0.040642,0.935414,0.009941,0.351070,-17.260807,7.546064,-4.362145,-0.111513,0.901623,-0.063872,0.412990,1.999269,83.984200,25.460762,-0.014561,0.899700,-0.157201,0.406960,7.286438,49.516632,32.849388,-0.044774,0.883397,0.004499,0.466460,2.711466,6.793818,46.101158,-0.040642,0.935414,0.009941,0.351070,-7.587996,2.168646,-14.832279,-0.044774,0.883397,0.004499,0.466460,14.731000,1.455846,38.410877
405,3.375000,0.003849,0.916544,0.008215,0.399831,-4.421875,84.093185,18.533957,-0.059768,0.915323,0.132639,0.375524,-4.418165,91.733727,18.672558,0.000272,0.928321,0.024269,0.370987,-8.280711,109.429970,22.329967,0.093977,0.946846,-0.066812,0.300313,-8.634308,129.609924,23.244390,0.023904,0.972066,-0.115633,0.202845,-4.447423,143.329666,20.721132,0.081579,0.933312,-0.005245,0.349637,-11.968165,123.393188,21.047081,0.404599,-0.478580,0.385954,-0.676979,-26.347218,126.272308,8.386514,0.474750,-0.500072,0.316074,-0.651643,-19.878767,102.152931,-0.511844,0.544815,-0.502932,0.230985,-0.629985,-13.259831,82.592056,-8.268568,-0.032766,0.900919,-0.079993,0.425290,-6.570216,123.255310,26.177198,0.591291,0.804144,0.031215,-0.052469,5.753513,125.717285,40.921711,0.578223,0.793499,0.189336,0.013041,13.580338,100.594246,37.706089,0.568931,0.741426,0.350637,0.060490,21.013407,79.875046,33.253376,0.066645,0.890192,0.200390,0.403684,-10.761226,84.220154,11.704213,0.090166,0.939920,-0.014514,0.328954,-9.223667,51.754631,-2.930825,-0.040553,0.935281,0.010187,0.351428,-17.274330,7.540485,-4.371336,-0.112242,0.900906,-0.063905,0.414350,1.917475,83.966217,25.363701,-0.015538,0.899045,-0.157579,0.408222,7.238554,49.510582,32.783554,-0.044581,0.883338,0.004293,0.466591,2.709980,6.801131,46.094219,-0.040553,0.935281,0.010187,0.351428,-7.593717,2.168945,-14.837274,-0.044581,0.883338,0.004293,0.466591,14.729029,1.455475,38.408516
406,3.383333,0.004907,0.915946,0.008049,0.401191,-4.506964,84.091919,18.428755,-0.058553,0.915110,0.132690,0.376217,-4.487622,91.732368,18.571520,0.000462,0.928157,0.023953,0.371416,-8.313286,109.435989,22.245512,0.093866,0.946717,-0.067465,0.300608,-8.655444,129.616547,23.150782,0.024628,0.971939,-0.115924,0.203199,-4.464998,143.332108,20.610737,0.082293,0.933286,-0.005792,0.349532,-11.991083,123.400879,20.953167,0.405331,-0.479081,0.385890,-0.676223,-26.368443,126.298332,8.294863,0.475228,-0.501810,0.315016,-0.650469,-19.922853,102.167366,-0.588688,0.546111,-0.504486,0.229863,-0.628029,-13.347525,82.594933,-8.389384,-0.032307,0.901403,-0.079382,0.424415,-6.597881,123.261978,26.088247,0.591399,0.803909,0.029708,-0.055642,5.755827,125.695801,40.812332,0.579636,0.792860,0.187842,0.010552,13.557735,100.576363,37.509209,0.571635,0.739897,0.349967,0.057521,20.923494,79.835388,32.992207,0.066401,0.889594,0.200077,0.405195,-10.825833,84.235886,11.580395,0.089545,0.939640,-0.015482,0.329878,-9.257421,51.759113,-3.026382,-0.040765,0.935254,0.010145,0.351476,-17.283287,7.537544,-4.374527,-0.113292,0.899880,-0.063610,0.416334,1.811907,83.947960,25.277115,-0.016467,0.898403,-0.157881,0.409482,7.191901,49.506523,32.720367,-0.044339,0.883200,0.004224,0.466877,2.708505,6.808296,46.082230,-0.040765,0.935254,0.010145,0.351476,-7.599486,2.167247,-14.838156,-0.044339,0.883200,0.004224,0.466877,14.729866,1.457847,38.403481
407,3.391667,0.005760,0.915299,0.008263,0.402649,-4.580984,84.094055,18.323296,-0.057838,0.914839,0.132770,0.376958,-4.551251,91.734306,18.474335,0.001055,0.927999,0.023763,0.371824,-8.358290,109.446808,22.159437,0.094602,0.946523,-0.067848,0.300903,-8.675762,129.627701,23.066330,0.024984,0.971836,-0.116573,0.203276,-4.461336,143.335541,20.524246,0.082651,0.933199,-0.006101,0.349673,-12.017377,123.416458,20.865305,0.406245,-0.479503,0.385929,-0.675352,-26.388615,126.322350,8.202000,0.475780,-0.503770,0.313237,-0.649409,-19.966085,102.175484,-0.654960,0.547939,-0.506428,0.229037,-0.625169,-13.426963,82.610992,-8.519831,-0.031761,0.901837,-0.078989,0.423606,-6.628701,123.270264,26.004929,0.591139,0.803932,0.027832,-0.058940,5.752936,125.676598,40.710052,0.580900,0.792170,0.186993,0.007504,13.551077,100.566841,37.325474,0.574052,0.738317,0.349697,0.055361,20.857372,79.813507,32.708626,0.066019,0.889290,0.199647,0.406135,-10.877848,84.254333,11.455061,0.089075,0.939501,-0.016307,0.330361,-9.282811,51.761688,-3.113492,-0.041519,0.935214,0.009986,0.351500,-17.293049,7.534930,-4.382102,-0.114197,0.898911,-0.063657,0.418170,1.715879,83.933769,25.191528,-0.017419,0.897678,-0.157935,0.411007,7.136272,49.507446,32.675255,-0.044234,0.883029,0.004077,0.467211,2.704992,6.813666,46.068680,-0.041519,0.935214,0.009986,0.351500,-7.601208,2.168601,-14.840312,-0.044234,0.883029,0.004077,0.467211,14.730551,1.458495,38.399811
408,3.400000,0.006385,0.914581,0.008465,0.404265,-4.648355,84.099686,18.219427,-0.057251,0.914503,0.132950,0.377798,-4.611411,91.739777,18.377201,0.001625,0.927799,0.023443,0.372340,-8.406055,109.460091,22.074627,0.095000,0.946258,-0.068556,0.301449,-8.697845,129.641541,22.977947,0.025367,0.971639,-0.116999,0.203926,-4.464729,143.341309,20.423565,0.083278,0.933112,-0.006382,0.349752,-12.045286,123.434357,20.774311,0.407631,-0.479340,0.386132,-0.674516,-26.410358,126.358810,8.108272,0.476453,-0.506324,0.310514,-0.648236,-19.987833,102.190086,-0.688927,0.550862,-0.508377,0.227132,-0.621704,-13.482803,82.636620,-8.654636,-0.031311,0.902284,-0.078439,0.422789,-6.662355,123.281860,25.919771,0.590718,0.804056,0.026020,-0.062198,5.747191,125.661507,40.605709,0.582277,0.791469,0.185781,0.004007,13.550785,100.564621,37.139206,0.575943,0.737516,0.348727,0.052447,20.791573,79.796722,32.414742,0.065719,0.889054,0.199069,0.406985,-10.920772,84.272308,11.329151,0.088326,0.939120,-0.016551,0.331631,-9.310329,51.760406,-3.194674,-0.041737,0.935320,0.009980,0.351191,-17.263403,7.522425,-4.431039,-0.115104,0.897950,-0.063755,0.419968,1.624061,83.927063,25.109703,-0.018308,0.896931,-0.157907,0.412608,7.083638,49.516457,32.637127,-0.044324,0.882864,0.003618,0.467519,2.701176,6.824741,46.053173,-0.041737,0.935320,0.009980,0.351191,-7.576177,2.157986,-14.894502,-0.044324,0.882864,0.003618,0.467519,14.731015,1.459841,38.397820
409,3.408333,0.007019,0.913766,0.008579,0.406091,-4.709667,84.108963,18.126301,-0.056738,0.914188,0.133004,0.378618,-4.664879,91.748894,18.289673,0.002112,0.927637,0.023081,0.372764,-8.446210,109.470535,21.992748,0.095773,0.945988,-0.068394,0.302087,-8.714690,129.652588,22.889706,0.025513,0.971403,-0.117965,0.204475,-4.459530,143.348282,20.350132,0.083978,0.933144,-0.007365,0.349480,-12.067595,123.448730,20.684988,0.409255,-0.479813,0.385649,-0.673473,-26.435497,126.385345,8.024976,0.477587,-0.508830,0.306915,-0.647153,-20.017220,102.203712,-0.739796,0.554679,-0.509464,0.224708,-0.618291,-13.522847,82.679176,-8.817737,-0.031026,0.902583,-0.077918,0.422269,-6.689400,123.291382,25.835251,0.590024,0.804350,0.024542,-0.065505,5.737847,125.651321,40.509396,0.583233,0.791118,0.184315,-0.000009,13.562497,100.574280,36.948135,0.578313,0.736700,0.347158,0.048049,20.760574,79.795799,32.106655,0.065671,0.888694,0.198360,0.408123,-10.954348,84.293449,11.211188,0.087824,0.938773,-0.017300,0.332705,-9.343609,51.761009,-3.266548,-0.042129,0.935255,0.009943,0.351319,-17.275509,7.517347,-4.433648,-0.115900,0.896918,-0.063651,0.421966,1.535013,83.924484,25.041412,-0.019257,0.896114,-0.157909,0.414336,7.031021,49.526020,32.597778,-0.044479,0.882718,0.003063,0.467783,2.699120,6.837562,46.040596,-0.042129,0.935255,0.009943,0.351319,-7.581370,2.156301,-14.892443,-0.044479,0.882718,0.003063,0.467783,14.732689,1.461404,38.399017
410,3.416667,0.007914,0.912762,0.008413,0.408328,-4.783444,84.119904,18.035851,-0.056003,0.913851,0.133064,0.379519,-4.725547,91.759666,18.202595,0.002647,0.927491,0.022754,0.373143,-8.486263,109.482193,21.914145,0.096312,0.945757,-0.068714,0.302567,-8.730143,129.664749,22.806831,0.025853,0.971207,-0.118626,0.204978,-4.455971,143.354340,20.266251,0.084568,0.933234,-0.008060,0.349082,-12.089094,123.464653,20.600735,0.411168,-0.480761,0.384768,-0.672134,-26.463917,126.413635,7.951455,0.479205,-0.511553,0.302122,-0.646064,-20.057949,102.221428,-0.793097,0.559039,-0.510991,0.221247,-0.614339,-13.554093,82.744621,-9.008065,-0.030972,0.903052,-0.077110,0.421417,-6.715138,123.301605,25.755245,0.589369,0.804584,0.022257,-0.069229,5.740102,125.644447,40.408379,0.583502,0.791295,0.182626,-0.005033,13.579103,100.584457,36.759693,0.581009,0.735561,0.345897,0.041637,20.764565,79.825340,31.779491,0.065541,0.888142,0.197589,0.409715,-10.993916,84.318558,11.090389,0.087383,0.938283,-0.018104,0.334159,-9.372414,51.763142,-3.334402,-0.042278,0.935226,0.010011,0.351377,-17.289686,7.515097,-4.432729,-0.116895,0.896043,-0.063529,0.423565,1.427027,83.921249,24.981312,-0.020161,0.895291,-0.157745,0.416130,6.975847,49.538208,32.569183,-0.043841,0.882482,0.003169,0.468288,2.695944,6.848297,46.024025,-0.042278,0.935226,0.010011,0.351377,-7.592485,2.157521,-14.890465,-0.043841,0.882482,0.003169,0.468288,14.732486,1.466343,38.391216
411,3.425000,0.008592,0.911697,0.008155,0.410692,-4.851683,84.136513,17.956547,-0.055558,0.913383,0.133302,0.380625,-4.783152,91.776169,18.124111,0.003442,0.927253,0.022208,0.373759,-8.535633,109.493271,21.844345,0.096551,0.945492,-0.069143,0.303219,-8.742065,129.676605,22.728418,0.026223,0.970961,-0.119278,0.205716,-4.455253,143.361206,20.182247,0.085473,0.933370,-0.009312,0.348466,-12.110035,123.482048,20.520563,0.413268,-0.481450,0.383892,-0.670852,-26.495562,126.447472,7.887307,0.480662,-0.514263,0.296499,-0.645435,-20.089090,102.243950,-0.825463,0.563160,-0.512528,0.216715,-0.610902,-13.550648,82.819725,-9.214752,-0.030690,0.903417,-0.076433,0.420777,-6.743014,123.310852,25.682032,0.588395,0.805020,0.020635,-0.072859,5.733772,125.631310,40.320389,0.583718,0.791379,0.181361,-0.010016,13.606283,100.597313,36.566914,0.583441,0.734355,0.345114,0.034867,20.781145,79.856628,31.437546,0.065556,0.887547,0.196645,0.411454,-11.025852,84.344933,10.979077,0.086959,0.937904,-0.018628,0.335303,-9.405679,51.763130,-3.386152,-0.042530,0.935172,0.009928,0.351491,-17.301868,7.510170,-4.437102,-0.117771,0.894879,-0.063115,0.425838,1.322486,83.928085,24.934015,-0.021177,0.894262,-0.157596,0.418342,6.919761,49.555965,32.535759,-0.044147,0.882311,0.002275,0.468586,2.693913,6.865621,46.006283,-0.042530,0.935172,0.009928,0.351491,-7.599681,2.153258,-14.890553,-0.044147,0.882311,0.002275,0.468586,14.734763,1.466244,38.392597
412,3.433333,0.009244,0.910532,0.007852,0.413262,-4.921292,84.156456,17.884945,-0.054917,0.912864,0.133513,0.381887,-4.842250,91.796005,18.052607,0.003949,0.926945,0.021638,0.374552,-8.580196,109.508766,21.782860,0.096346,0.945203,-0.070490,0.303875,-8.759761,129.692963,22.653084,0.027090,0.970718,-0.119456,0.206648,-4.464684,143.368607,20.072937,0.086293,0.933489,-0.010465,0.347912,-12.132726,123.501656,20.443733,0.415504,-0.482344,0.382882,-0.669404,-26.527739,126.481804,7.824752,0.482804,-0.517098,0.289028,-0.644960,-20.125866,102.266815,-0.859515,0.568575,-0.514498,0.210517,-0.606380,-13.515216,82.929504,-9.461023,-0.030370,0.903727,-0.075828,0.420244,-6.774600,123.326401,25.614298,0.587229,0.805561,0.019180,-0.076589,5.720309,125.624588,40.240707,0.583074,0.791920,0.180655,-0.015864,13.635916,100.621674,36.372368,0.585340,0.733580,0.344193,0.027735,20.844090,79.919090,31.053183,0.065470,0.887002,0.195654,0.413111,-11.055782,84.373817,10.872839,0.086622,0.937446,-0.019110,0.336640,-9.433599,51.763489,-3.427293,-0.042931,0.935141,0.009755,0.351530,-17.314610,7.506901,-4.438648,-0.118770,0.893493,-0.062540,0.428547,1.213199,83.939095,24.897055,-0.022179,0.893117,-0.157384,0.420810,6.867817,49.578667,32.509209,-0.043652,0.882097,0.002003,0.469036,2.693303,6.886208,45.989044,-0.042931,0.935141,0.009755,0.351530,-7.607815,2.149822,-14.887735,-0.043652,0.882097,0.002003,0.469036,14.735878,1.473635,38.387463
413,3.441667,0.009869,0.909189,0.007783,0.416194,-4.980648,84.175247,17.820543,-0.054368,0.912247,0.133671,0.383381,-4.893021,91.814636,17.991474,0.004431,0.926559,0.021193,0.375525,-8.621227,109.529945,21.729111,0.096733,0.944846,-0.071043,0.304731,-8.776899,129.714752,22.589808,0.027522,0.970450,-0.120348,0.207329,-4.463317,143.383377,20.003315,0.087065,0.933617,-0.011753,0.347334,-12.153167,123.526741,20.376295,0.417754,-0.483133,0.381937,-0.667973,-26.558548,126.518166,7.771823,0.485425,-0.520158,0.279799,-0.644601,-20.158749,102.290680,-0.879051,0.575017,-0.516786,0.201493,-0.601405,-13.450414,83.079590,-9.732309,-0.030269,0.904140,-0.074852,0.419538,-6.805970,123.347023,25.558010,0.585907,0.806165,0.017291,-0.080701,5.712142,125.624214,40.167854,0.582000,0.792379,0.181430,-0.022229,13.675712,100.655128,36.181335,0.586497,0.732372,0.345226,0.021715,20.936363,80.011681,30.617363,0.065480,0.886319,0.194519,0.415106,-11.069582,84.402863,10.769164,0.086375,0.936985,-0.019525,0.337961,-9.450590,51.761055,-3.459322,-0.043176,0.935110,0.009809,0.351580,-17.322079,7.502064,-4.439277,-0.119858,0.892273,-0.061986,0.430861,1.108286,83.947632,24.871922,-0.022393,0.892027,-0.157556,0.423040,6.828472,49.600784,32.496376,-0.043418,0.881799,0.001401,0.469620,2.630846,6.914058,45.987194,-0.043176,0.935110,0.009809,0.351580,-7.611406,2.149142,-14.886892,-0.043418,0.881799,0.001401,0.469620,14.678590,1.484002,38.406307
414,3.450000,0.010403,0.907724,0.007313,0.419375,-5.046253,84.197525,17.776424,-0.053917,0.911604,0.133639,0.384983,-4.948802,91.836853,17.944551,0.004938,0.926149,0.020667,0.376559,-8.667710,109.553055,21.680916,0.097765,0.944197,-0.072423,0.306087,-8.797383,129.738556,22.529476,0.027290,0.970053,-0.120917,0.208882,-4.439212,143.389313,19.923401,0.088216,0.933664,-0.013248,0.346862,-12.177323,123.553894,20.312160,0.419863,-0.484555,0.380872,-0.666227,-26.587576,126.567223,7.718490,0.488834,-0.522338,0.269170,-0.644789,-20.217661,102.327049,-0.918894,0.581167,-0.519950,0.190713,-0.596259,-13.344842,83.274254,-10.035561,-0.029919,0.904073,-0.074991,0.419682,-6.841784,123.369850,25.505722,0.583887,0.807230,0.016459,-0.084763,5.672462,125.637375,40.120377,0.580695,0.792618,0.183718,-0.028237,13.725668,100.721619,35.983086,0.585897,0.731569,0.348210,0.016754,21.055714,80.129913,30.142933,0.065551,0.885407,0.193503,0.417509,-11.085450,84.430679,10.682584,0.086236,0.936280,-0.019994,0.339917,-9.463619,51.761459,-3.482526,-0.043141,0.935071,0.009852,0.351686,-17.335678,7.501972,-4.435118,-0.120974,0.891012,-0.061180,0.433268,0.992944,83.964363,24.870264,-0.023165,0.890896,-0.157143,0.425528,6.787515,49.629601,32.492989,-0.043062,0.881569,0.001069,0.470085,2.630051,6.934354,45.969276,-0.043141,0.935071,0.009852,0.351686,-7.622891,2.149902,-14.881200,-0.043062,0.881569,0.001069,0.470085,14.680840,1.491595,38.402348
415,3.458333,0.010879,0.906067,0.006691,0.422942,-5.115433,84.226082,17.749454,-0.053358,0.910909,0.133349,0.386802,-5.008034,91.865395,17.912430,0.005392,0.925673,0.020159,0.377748,-8.710140,109.579727,21.638489,0.098411,0.943638,-0.073534,0.307336,-8.816155,129.765884,22.474844,0.027463,0.969689,-0.121596,0.210151,-4.426329,143.403336,19.852381,0.088958,0.933654,-0.014449,0.346653,-12.198364,123.584236,20.252598,0.421915,-0.484958,0.380339,-0.664941,-26.609156,126.608337,7.662124,0.491541,-0.525060,0.257165,-0.645419,-20.238443,102.351204,-0.926931,0.587554,-0.522726,0.177192,-0.591727,-13.209497,83.507164,-10.368863,-0.030101,0.904478,-0.073634,0.419037,-6.876258,123.396446,25.459789,0.582048,0.808179,0.015562,-0.088456,5.658516,125.646935,40.059479,0.578614,0.793208,0.186510,-0.035236,13.791460,100.779602,35.788960,0.586534,0.729424,0.351906,0.008999,21.216675,80.292862,29.635969,0.065592,0.884397,0.192432,0.420131,-11.098444,84.462547,10.608272,0.086145,0.935705,-0.020270,0.341504,-9.470354,51.764236,-3.488839,-0.042877,0.935047,0.009858,0.351784,-17.341637,7.504347,-4.428807,-0.122227,0.889427,-0.060061,0.436316,0.867578,83.989624,24.890636,-0.023922,0.889649,-0.156600,0.428286,6.749462,49.666927,32.500816,-0.043000,0.881359,0.000259,0.470486,2.631890,6.959558,45.950920,-0.042877,0.935047,0.009858,0.351784,-7.629430,2.149668,-14.874090,-0.043000,0.881359,0.000259,0.470486,14.685379,1.496432,38.403000
416,3.466667,0.011319,0.904280,0.006285,0.426743,-5.173893,84.251656,17.725389,-0.053204,0.910084,0.133129,0.388835,-5.058445,91.890892,17.886084,0.005912,0.925111,0.019596,0.379146,-8.760669,109.608315,21.598955,0.098689,0.943117,-0.074447,0.308624,-8.839872,129.795135,22.422060,0.028112,0.969288,-0.122462,0.211408,-4.429558,143.423248,19.785425,0.089676,0.933432,-0.015293,0.347030,-12.224407,123.616966,20.193686,0.423919,-0.486080,0.379479,-0.663336,-26.620081,126.654709,7.589205,0.494592,-0.526115,0.244967,-0.646973,-20.272482,102.383423,-0.976946,-0.593319,0.523263,-0.162853,0.589617,-13.022834,83.783653,-10.715694,-0.029940,0.904875,-0.072386,0.418408,-6.918140,123.424820,25.416862,0.579930,0.809329,0.014709,-0.091932,5.637427,125.648102,40.002853,0.576016,0.793639,0.191049,-0.042938,13.867614,100.834885,35.605770,0.584626,0.728175,0.357730,0.001862,21.410271,80.480240,29.071144,0.065709,0.883093,0.191026,0.423484,-11.096516,84.492424,10.534185,0.086234,0.934930,-0.020439,0.343586,-9.466189,51.756756,-3.475691,-0.042837,0.934973,0.010019,0.351981,-17.347994,7.498866,-4.421699,-0.123482,0.887658,-0.058825,0.439722,0.748729,84.010880,24.916595,-0.024550,0.888487,-0.156116,0.430831,6.718774,49.699696,32.510014,-0.042201,0.881141,0.000057,0.470967,2.631771,6.981468,45.934910,-0.042837,0.934973,0.010019,0.351981,-7.631328,2.148238,-14.864916,-0.042201,0.881141,0.000057,0.470967,14.684695,1.502604,38.397495
417,3.475000,0.011553,0.902303,0.006044,0.430905,-5.220384,84.277840,17.705524,-0.052989,0.909166,0.132924,0.391076,-5.100869,91.917046,17.864956,0.006369,0.924474,0.019117,0.380712,-8.801230,109.633148,21.564224,0.099262,0.942472,-0.075518,0.310147,-8.857394,129.820496,22.376348,0.028439,0.968849,-0.123344,0.212861,-4.416387,143.435883,19.725521,0.090382,0.933128,-0.016172,0.347624,-12.242322,123.645462,20.139900,0.424525,-0.486425,0.379692,-0.662574,-26.617081,126.695503,7.514541,0.496153,-0.526227,0.232230,-0.650374,-20.295824,102.408707,-1.027101,-0.597029,0.523807,-0.147156,0.589516,-12.785045,84.109772,-11.107467,-0.030018,0.905060,-0.071453,0.418162,-6.953873,123.449326,25.380966,0.577452,0.810649,0.014022,-0.095923,5.609505,125.659729,39.962177,0.572151,0.794754,0.195807,-0.051660,13.951998,100.912056,35.410084,0.582988,0.726464,0.363757,-0.007515,21.667812,80.729553,28.460575,0.065791,0.881867,0.189494,0.426701,-11.076374,84.520668,10.460027,0.086461,0.934079,-0.020606,0.345828,-9.448268,51.744225,-3.454448,-0.042620,0.934942,0.010287,0.352082,-17.351858,7.490474,-4.412442,-0.124762,0.885762,-0.057575,0.443333,0.635607,84.035011,24.951021,-0.025143,0.887158,-0.155522,0.433741,6.694153,49.736099,32.529781,-0.041945,0.880921,-0.000504,0.471400,2.633844,7.003850,45.918118,-0.042620,0.934942,0.010287,0.352082,-7.634441,2.144654,-14.857417,-0.041945,0.880921,-0.000504,0.471400,14.689157,1.508033,38.396889
418,3.483333,0.011755,0.900301,0.005580,0.435074,-5.274931,84.301720,17.707363,-0.052980,0.908218,0.132349,0.393467,-5.150289,91.940926,17.862309,0.007062,0.923769,0.018679,0.382429,-8.851686,109.661827,21.532907,0.099614,0.941799,-0.076937,0.311726,-8.876719,129.849472,22.339256,0.028922,0.968377,-0.124109,0.214493,-4.407692,143.450806,19.663477,0.090985,0.932813,-0.016760,0.348282,-12.263831,123.679527,20.092073,0.424833,-0.487064,0.379266,-0.662150,-26.616615,126.741920,7.444708,0.496827,-0.525132,0.219880,-0.655021,-20.311209,102.456261,-1.111867,-0.599490,0.522236,-0.133387,0.591683,-12.506790,84.489456,-11.527215,-0.030268,0.905408,-0.070047,0.417628,-6.995030,123.475945,25.352612,0.574666,0.812243,0.014579,-0.099034,5.585060,125.671303,39.921696,0.567865,0.795558,0.202293,-0.060784,14.065605,101.000038,35.212631,0.579535,0.725422,0.370979,-0.016654,21.968725,81.020020,27.791321,0.065797,0.880239,0.188208,0.430613,-11.063560,84.544220,10.407919,0.086506,0.933247,-0.020155,0.348081,-9.414776,51.733185,-3.422350,-0.041818,0.935099,0.010600,0.351751,-17.305759,7.478490,-4.438702,-0.126003,0.883855,-0.056141,0.446957,0.513698,84.059212,25.006807,-0.025800,0.885802,-0.154827,0.436713,6.664300,49.770866,32.559151,-0.041758,0.880770,-0.000976,0.471699,2.638986,7.022232,45.905685,-0.041818,0.935099,0.010600,0.351751,-7.603280,2.131893,-14.897164,-0.041758,0.880770,-0.000976,0.471699,14.695443,1.512506,38.396461
419,3.491667,0.012380,0.898034,0.005066,0.439722,-5.342301,84.318039,17.730062,-0.052544,0.907202,0.131187,0.396249,-5.206431,91.957108,17.882790,0.007393,0.922916,0.018201,0.384501,-8.887729,109.690475,21.510326,0.099650,0.941129,-0.078025,0.313463,-8.894799,129.878632,22.303967,0.029617,0.967889,-0.125073,0.216034,-4.408113,143.470581,19.610083,0.091443,0.932462,-0.017020,0.349088,-12.278436,123.710892,20.045536,0.423501,-0.486780,0.379717,-0.662953,-26.606195,126.784554,7.372569,0.495131,-0.522934,0.208059,-0.661889,-20.304300,102.507652,-1.211403,-0.600144,0.518280,-0.120842,0.597169,-12.185023,84.934341,-11.982840,-0.030717,0.905708,-0.068496,0.417202,-7.033385,123.504997,25.329664,0.571745,0.813774,0.013910,-0.103371,5.559412,125.690231,39.889282,0.562074,0.797381,0.207667,-0.071632,14.170921,101.098022,35.007580,0.577519,0.723388,0.377231,-0.029630,22.315344,81.376007,27.095032,0.065760,0.878601,0.186814,0.434553,-11.054847,84.566772,10.371134,0.086944,0.932408,-0.020061,0.350219,-9.386381,51.718117,-3.367180,-0.041321,0.935042,0.011048,0.351949,-17.308485,7.469907,-4.423329,-0.127693,0.881836,-0.054179,0.450694,0.370244,84.069313,25.088989,-0.026178,0.884393,-0.154196,0.439758,6.657028,49.796104,32.597801,-0.041839,0.880511,-0.001048,0.472176,2.641072,7.031718,45.896606,-0.041321,0.935042,0.011048,0.351949,-7.605514,2.129931,-14.884716,-0.041839,0.880511,-0.001048,0.472176,14.706236,1.521938,38.401432
420,3.500000,0.011981,0.896120,0.004908,0.443623,-5.375006,84.345695,17.760792,-0.052419,0.906229,0.130183,0.398815,-5.244197,91.984940,17.909241,0.007418,0.922037,0.017854,0.386618,-8.915120,109.719040,21.493393,0.099999,0.940383,-0.078874,0.315371,-8.917650,129.907684,22.274477,0.030322,0.967334,-0.126392,0.217649,-4.406195,143.489899,19.572863,0.092137,0.932034,-0.017377,0.350029,-12.293412,123.739914,20.004410,0.420814,-0.486555,0.380143,-0.664584,-26.590746,126.831627,7.301507,0.492259,-0.519248,0.196862,-0.670305,-20.294394,102.581276,-1.361208,0.598865,-0.513609,0.109797,-0.604576,-11.816051,85.434189,-12.473089,-0.031002,0.906079,-0.066894,0.416636,-7.072683,123.535194,25.312614,0.568313,0.815647,0.013050,-0.107566,5.537716,125.703522,39.859516,0.555565,0.798958,0.214382,-0.083983,14.309793,101.201157,34.814613,0.573833,0.722060,0.384145,-0.042160,22.703413,81.805054,26.333881,0.065796,0.877080,0.185362,0.438227,-11.023516,84.586380,10.352333,0.087602,0.931655,-0.019799,0.352069,-9.346596,51.699566,-3.293329,-0.040831,0.934976,0.011563,0.352164,-17.312950,7.460740,-4.408071,-0.128866,0.879879,-0.052696,0.454345,0.273503,84.105011,25.169254,-0.026483,0.883175,-0.153459,0.442438,6.649942,49.841938,32.648659,-0.041420,0.880403,-0.001607,0.472411,2.647503,7.058594,45.890461,-0.040831,0.934976,0.011563,0.352164,-7.608794,2.129297,-14.872709,-0.041420,0.880403,-0.001607,0.472411,14.709949,1.529391,38.405220
421,3.508333,0.012596,0.893725,0.004035,0.448421,-5.439458,84.355881,17.819128,-0.052435,0.905188,0.128364,0.401757,-5.295062,91.995010,17.960567,0.008165,0.921135,0.017593,0.388761,-8.950776,109.742203,21.472145,0.100414,0.939517,-0.080394,0.317430,-8.923222,129.930740,22.255226,0.030414,0.966725,-0.127351,0.219772,-4.378878,143.497223,19.529835,0.092618,0.931621,-0.017614,0.350991,-12.298751,123.768829,19.968977,0.417178,-0.486259,0.380594,-0.666831,-26.566526,126.872551,7.235806,0.488764,-0.514582,0.185099,-0.679745,-20.273092,102.661308,-1.537690,0.597202,-0.508074,0.098610,-0.612770,-11.397260,85.994568,-12.991956,-0.031585,0.906305,-0.065280,0.416355,-7.102942,123.554901,25.301214,0.564516,0.817724,0.012897,-0.111724,5.515110,125.717186,39.842381,0.548436,0.800201,0.222432,-0.097053,14.466892,101.318825,34.612526,0.566272,0.722229,0.393282,-0.055237,23.123184,82.287941,25.506618,0.065588,0.875394,0.184151,0.442123,-11.007915,84.599419,10.350405,0.088376,0.930855,-0.019464,0.354006,-9.296827,51.678741,-3.209104,-0.040149,0.934895,0.012173,0.352436,-17.314466,7.450986,-4.393214,-0.130637,0.877860,-0.050564,0.457973,0.128999,84.112343,25.287849,-0.026727,0.881695,-0.152631,0.445649,6.653749,49.866356,32.717438,-0.040841,0.880283,-0.001252,0.472687,2.656011,7.061383,45.890568,-0.040149,0.934895,0.012173,0.352436,-7.609576,2.128559,-14.861755,-0.040841,0.880283,-0.001252,0.472687,14.719026,1.533010,38.405628
422,3.516667,0.012837,0.891203,0.003448,0.453409,-5.495126,84.363480,17.888247,-0.052206,0.904112,0.126414,0.404817,-5.344176,92.002579,18.024168,0.008143,0.920151,0.017308,0.391095,-8.975079,109.766899,21.462648,0.100828,0.938606,-0.082262,0.319507,-8.945846,129.955872,22.234865,0.031070,0.966143,-0.128167,0.221758,-4.365484,143.503616,19.476835,0.093236,0.931052,-0.017606,0.352333,-12.311482,123.793625,19.934914,0.412639,-0.485467,0.381417,-0.669755,-26.538225,126.916817,7.160647,0.484215,-0.509429,0.172783,-0.690046,-20.237270,102.751663,-1.733714,0.595736,-0.500971,0.087768,-0.621630,-10.950926,86.619644,-13.543716,-0.032286,0.906716,-0.062959,0.415765,-7.142790,123.581184,25.293503,0.560606,0.819817,0.012185,-0.116071,5.492560,125.729729,39.821686,0.539706,0.801974,0.230618,-0.111224,14.625075,101.437256,34.414318,0.558966,0.721440,0.402604,-0.070651,23.587143,82.851944,24.661619,0.065794,0.873369,0.182886,0.446600,-10.979620,84.605843,10.357611,0.089125,0.929986,-0.019153,0.356111,-9.253422,51.653992,-3.124034,-0.039651,0.934775,0.012908,0.352784,-17.320492,7.437107,-4.376422,-0.132403,0.875586,-0.048268,0.462049,-0.010631,84.121117,25.418884,-0.026999,0.880134,-0.151780,0.448996,6.664073,49.892048,32.793049,-0.039410,0.880229,-0.000297,0.472910,2.672510,7.065091,45.896435,-0.039651,0.934775,0.012908,0.352784,-7.610847,2.129055,-14.847862,-0.039410,0.880229,-0.000297,0.472910,14.729383,1.540127,38.399086
423,3.525000,0.012798,0.888907,0.003106,0.457898,-5.523803,84.379112,17.952194,-0.052660,0.903042,0.125043,0.407562,-5.371676,92.018265,18.083960,0.008446,0.919262,0.016869,0.393194,-9.007333,109.791039,21.459156,0.100602,0.937992,-0.082864,0.321221,-8.961631,129.980408,22.219927,0.032269,0.965574,-0.129604,0.223222,-4.374397,143.524307,19.454401,0.093380,0.930293,-0.016818,0.354335,-12.322886,123.820175,19.908249,0.407457,-0.484348,0.382471,-0.673128,-26.493788,126.955261,7.074977,0.479067,-0.503747,0.159761,-0.700864,-20.177969,102.841827,-1.948279,0.593588,-0.494100,0.075889,-0.630682,-10.464187,87.293114,-14.118290,-0.032895,0.906981,-0.060924,0.415443,-7.178788,123.605713,25.290367,0.556372,0.822020,0.011499,-0.120837,5.465402,125.742462,39.812588,0.530240,0.803438,0.239753,-0.125903,14.788789,101.567734,34.206951,0.550870,0.719927,0.413321,-0.086096,24.063602,83.482277,23.776527,0.065908,0.871511,0.181416,0.450791,-10.932066,84.617653,10.366509,0.090000,0.929082,-0.018729,0.358269,-9.196772,51.628704,-3.022896,-0.038039,0.934700,0.013755,0.353129,-17.319778,7.424477,-4.357780,-0.133668,0.873042,-0.046384,0.466667,-0.115540,84.140572,25.537878,-0.027473,0.878193,-0.150754,0.453096,6.660664,49.922787,32.871716,-0.038685,0.880108,-0.000047,0.473195,2.687649,7.070243,45.896828,-0.038039,0.934700,0.013755,0.353129,-7.616776,2.121780,-14.838080,-0.038685,0.880108,-0.000047,0.473195,14.743310,1.541482,38.400333
424,3.533333,0.012781,0.886664,0.002035,0.462234,-5.576979,84.385086,18.057936,-0.052822,0.902038,0.122912,0.410403,-5.418153,92.024323,18.175814,0.008720,0.918303,0.016475,0.395439,-9.037683,109.813866,21.467102,0.100917,0.937139,-0.084380,0.323213,-8.977351,130.003586,22.217751,0.032992,0.964958,-0.130780,0.225087,-4.359883,143.532181,19.427698,0.093400,0.929450,-0.016421,0.356553,-12.332911,123.845200,19.892895,0.401106,-0.482430,0.384164,-0.677343,-26.442549,126.982010,6.992716,0.473272,-0.497762,0.145277,-0.712139,-20.097214,102.926208,-2.162677,0.592677,-0.486118,0.062569,-0.639146,-9.944942,88.034294,-14.713051,-0.033708,0.907371,-0.058640,0.414852,-7.215261,123.628868,25.300098,0.551553,0.824586,0.011153,-0.125389,5.445830,125.756561,39.808918,0.520309,0.804275,0.249873,-0.141365,14.992866,101.717285,34.000885,0.541105,0.718107,0.425524,-0.102262,24.562922,84.197723,22.857082,0.066073,0.869366,0.180584,0.455222,-10.910897,84.613846,10.419492,0.090667,0.928308,-0.018247,0.360125,-9.145480,51.604988,-2.916818,-0.038303,0.934811,0.014345,0.352782,-17.305386,7.409987,-4.329807,-0.135201,0.871004,-0.044132,0.470240,-0.243062,84.156326,25.696383,-0.027602,0.876902,-0.149777,0.455903,6.672618,49.953400,32.969101,-0.037797,0.880183,0.000314,0.473128,2.708601,7.075104,45.911926,-0.038303,0.934811,0.014345,0.352782,-7.605588,2.125408,-14.822218,-0.037797,0.880183,0.000314,0.473128,14.755836,1.542579,38.404675
425,3.541667,0.011595,0.884769,0.001808,0.465882,-5.582537,84.409584,18.139168,-0.053295,0.900996,0.121747,0.412969,-5.438618,92.049286,18.246172,0.008991,0.917355,0.016185,0.397639,-9.063168,109.834930,21.479498,0.101192,0.936355,-0.085197,0.325177,-8.989945,130.024841,22.223919,0.033694,0.964313,-0.132494,0.226738,-4.349337,143.544144,19.427250,0.093470,0.928582,-0.015888,0.358813,-12.339390,123.868416,19.885054,0.395485,-0.481812,0.384238,-0.681036,-26.385895,127.010582,6.917457,0.467990,-0.490994,0.130214,-0.723156,-20.011976,103.033623,-2.423026,0.591164,-0.477149,0.048684,-0.648447,-9.402964,88.830551,-15.318995,-0.034359,0.907643,-0.056592,0.414489,-7.247795,123.649681,25.316698,0.546429,0.827162,0.010310,-0.130813,5.423241,125.766922,39.818363,0.508929,0.805384,0.259632,-0.157923,15.194932,101.874413,33.782776,0.530927,0.715868,0.437268,-0.120191,25.086706,84.985458,21.909660,0.066983,0.867306,0.178925,0.459651,-10.853873,84.616486,10.456781,0.091015,0.926906,-0.017727,0.363659,-9.132346,51.573730,-2.801088,-0.037441,0.934843,0.015639,0.352735,-17.298603,7.382730,-4.299966,-0.136082,0.868634,-0.042863,0.474467,-0.311201,84.202675,25.821552,-0.027801,0.875447,-0.148456,0.459109,6.665820,50.008919,33.078739,-0.036291,0.880017,0.000584,0.473553,2.725248,7.096174,45.914124,-0.037441,0.934843,0.015639,0.352735,-7.604951,2.123127,-14.810589,-0.036291,0.880017,0.000584,0.473553,14.765909,1.549442,38.406815
426,3.550000,0.012347,0.881917,0.000304,0.471244,-5.659341,84.405472,18.286772,-0.052860,0.899897,0.118730,0.416287,-5.495105,92.044945,18.379803,0.009081,0.916285,0.015813,0.400112,-9.068821,109.845016,21.505789,0.100591,0.935638,-0.086230,0.327150,-8.988264,130.035324,22.238054,0.034637,0.963666,-0.134057,0.228425,-4.345568,143.549637,19.420771,0.093242,0.927782,-0.014941,0.360977,-12.328534,123.879333,19.885029,0.388878,-0.480774,0.384603,-0.685354,-26.316336,127.022293,6.854327,0.461719,-0.483804,0.114087,-0.734666,-19.904345,103.134277,-2.685856,0.589406,-0.467759,0.033728,-0.657773,-8.835335,89.689888,-15.936258,-0.035562,0.907979,-0.054247,0.413964,-7.266357,123.661148,25.344118,0.541315,0.829742,0.010164,-0.135659,5.418266,125.782379,39.833305,0.496804,0.805757,0.270667,-0.175159,15.416410,102.041710,33.573635,0.518244,0.713840,0.450339,-0.138024,25.619551,85.859474,20.935354,0.067268,0.864988,0.178355,0.464177,-10.836701,84.611107,10.540709,0.091892,0.926141,-0.017087,0.365412,-9.082791,51.556564,-2.683503,-0.037079,0.934747,0.015926,0.353016,-17.297628,7.377988,-4.280017,-0.138056,0.866913,-0.040321,0.477259,-0.481981,84.199837,26.032835,-0.027648,0.874156,-0.147105,0.462003,6.678282,50.029572,33.221893,-0.035620,0.880012,0.001682,0.473611,2.739944,7.080141,45.934689,-0.037079,0.934747,0.015926,0.353016,-7.600597,2.122342,-14.789501,-0.035620,0.880012,0.001682,0.473611,14.780019,1.551043,38.413445
427,3.558333,0.011287,0.880096,-0.000134,0.474662,-5.667660,84.423149,18.402571,-0.053032,0.898873,0.117205,0.418901,-5.514867,92.063004,18.482641,0.008963,0.915257,0.015564,0.402470,-9.077618,109.862816,21.543707,0.100574,0.934810,-0.087533,0.329170,-8.999244,130.053528,22.265083,0.035624,0.962969,-0.135809,0.230169,-4.336451,143.556396,19.426186,0.092696,0.926759,-0.013818,0.363778,-12.327853,123.896469,19.898354,0.382166,-0.479835,0.384282,-0.689953,-26.240921,127.030334,6.785707,0.455040,-0.475831,0.097775,-0.746300,-19.767990,103.250412,-2.980678,0.586092,-0.458217,0.017508,-0.668002,-8.237391,90.607712,-16.546379,-0.036742,0.908474,-0.051651,0.413107,-7.293832,123.680962,25.383526,0.535743,0.832544,0.010209,-0.140518,5.414961,125.801064,39.851692,0.483588,0.806015,0.281419,-0.193099,15.660121,102.228859,33.359074,0.506245,0.710501,0.462508,-0.158087,26.165455,86.831055,19.967350,0.067778,0.862816,0.177296,0.468530,-10.785227,84.607101,10.616332,0.092841,0.925346,-0.016355,0.367216,-9.032319,51.530624,-2.553059,-0.036279,0.934719,0.016744,0.353134,-17.298180,7.365620,-4.258029,-0.138877,0.864711,-0.038976,0.481112,-0.550094,84.239197,26.188808,-0.027748,0.872657,-0.145691,0.465267,6.674181,50.077545,33.354713,-0.034405,0.879979,0.002200,0.473760,2.755918,7.091409,45.949081,-0.036279,0.934719,0.016744,0.353134,-7.604346,2.123170,-14.777049,-0.034405,0.879979,0.002200,0.473760,14.788800,1.558103,38.419426
428,3.566667,0.011896,0.877522,-0.001626,0.479387,-5.733497,84.419632,18.561289,-0.052750,0.897941,0.114558,0.421659,-5.562040,92.059235,18.626633,0.008772,0.914387,0.015191,0.404461,-9.083693,109.878754,21.594494,0.099891,0.934204,-0.088538,0.330826,-9.007848,130.070068,22.299129,0.037041,0.962278,-0.137719,0.231696,-4.346590,143.568680,19.437637,0.091901,0.925546,-0.012119,0.367113,-12.326330,123.911095,19.923170,0.375271,-0.479019,0.383988,-0.694454,-26.150646,127.034470,6.714498,0.447380,-0.466970,0.080601,-0.758481,-19.624243,103.365326,-3.282680,0.581905,-0.447845,0.001761,-0.678836,-7.616289,91.592697,-17.151651,-0.038041,0.909001,-0.048941,0.412159,-7.316189,123.700096,25.430340,0.530126,0.835287,0.009873,-0.145484,5.419170,125.821533,39.874943,0.469627,0.805584,0.292699,-0.211691,15.906488,102.420296,33.154484,0.493583,0.706188,0.475341,-0.178114,26.691484,87.878922,18.997540,0.068295,0.860540,0.176706,0.472844,-10.766779,84.599663,10.720210,0.093616,0.924461,-0.015565,0.369278,-8.999925,51.513302,-2.422468,-0.035589,0.934645,0.017336,0.353373,-17.299572,7.359016,-4.237344,-0.140645,0.862779,-0.036561,0.484246,-0.700214,84.239601,26.402367,-0.027383,0.871746,-0.144344,0.467413,6.688377,50.100189,33.506447,-0.033871,0.879983,0.003121,0.473786,2.767769,7.077092,45.973236,-0.035589,0.934645,0.017336,0.353373,-7.605770,2.125068,-14.760633,-0.033871,0.879983,0.003121,0.473786,14.800103,1.559017,38.431530
429,3.575000,0.011471,0.875236,-0.002628,0.483553,-5.759299,84.427872,18.717733,-0.052746,0.896917,0.112614,0.424353,-5.586436,92.067558,18.767351,0.008537,0.913426,0.014654,0.406651,-9.085135,109.894180,21.660051,0.100572,0.933184,-0.090254,0.333026,-9.010835,130.086304,22.341190,0.037318,0.961524,-0.139576,0.233663,-4.306486,143.564819,19.455532,0.090920,0.924331,-0.010623,0.370450,-12.318477,123.924812,19.956669,0.367462,-0.478180,0.383290,-0.699574,-26.054382,127.028656,6.651509,0.438678,-0.457255,0.063463,-0.771007,-19.457045,103.495811,-3.617200,0.576065,-0.437363,-0.014605,-0.690398,-6.976673,92.641388,-17.742764,-0.039460,0.909618,-0.045946,0.411007,-7.334741,123.719879,25.487974,0.524156,0.838158,0.010112,-0.150499,5.433101,125.842354,39.903717,0.454764,0.804673,0.304183,-0.230575,16.175440,102.630257,32.934708,0.480539,0.701142,0.487885,-0.198623,27.216990,89.023071,18.036053,0.069183,0.858219,0.175418,0.477391,-10.717997,84.591309,10.828914,0.094400,0.923993,-0.014215,0.370301,-8.980736,51.481300,-2.258039,-0.035539,0.934585,0.018176,0.353494,-17.298105,7.336664,-4.220485,-0.141851,0.860816,-0.034870,0.487503,-0.800601,84.264435,26.606554,-0.027061,0.870695,-0.142712,0.469884,6.692522,50.140678,33.676315,-0.032763,0.879977,0.004122,0.473868,2.781014,7.073885,45.994194,-0.035539,0.934585,0.018176,0.353494,-7.599493,2.124595,-14.750195,-0.032763,0.879977,0.004122,0.473868,14.808397,1.565040,38.437859
430,3.583333,0.010505,0.873412,-0.003436,0.486857,-5.773968,84.440964,18.871004,-0.052676,0.896015,0.110908,0.426711,-5.608166,92.080902,18.903307,0.008138,0.912513,0.014344,0.408715,-9.084625,109.915733,21.731567,0.100473,0.932337,-0.092202,0.334891,-9.021451,130.108490,22.394884,0.038370,0.960765,-0.141460,0.235473,-4.293805,143.570251,19.469406,0.089939,0.923116,-0.009273,0.373740,-12.315826,123.943535,20.000978,0.362008,-0.478752,0.380187,-0.703708,-25.963736,127.026176,6.600679,0.430940,-0.446892,0.045227,-0.782645,-19.269796,103.652397,-3.964523,0.569696,-0.426508,-0.030760,-0.701849,-6.314503,93.749336,-18.311083,-0.040664,0.910314,-0.043098,0.409655,-7.357059,123.745575,25.554932,0.518174,0.840834,0.009468,-0.156218,5.450024,125.863960,39.936417,0.438510,0.803582,0.315411,-0.249964,16.429924,102.841888,32.711994,0.466602,0.694904,0.500708,-0.220640,27.723312,90.244835,17.091785,0.069677,0.856253,0.174587,0.481140,-10.673296,84.580803,10.944728,0.095423,0.922936,-0.013295,0.372702,-8.938137,51.454960,-2.102361,-0.034972,0.934521,0.018828,0.353683,-17.303625,7.325500,-4.197172,-0.142199,0.859006,-0.033531,0.490677,-0.874639,84.301125,26.797279,-0.026757,0.869378,-0.141533,0.472689,6.660488,50.177895,33.824806,-0.031918,0.879807,0.004847,0.474233,2.736085,7.079488,46.027493,-0.034972,0.934521,0.018828,0.353683,-7.604661,2.124825,-14.732188,-0.031918,0.879807,0.004847,0.474233,14.764759,1.577003,38.468582
431,3.591667,0.007853,0.872797,-0.003156,0.488010,-5.715647,84.484840,18.946779,-0.052912,0.895134,0.111687,0.428324,-5.587357,92.125549,18.963253,0.007867,0.911631,0.014029,0.410695,-9.084445,109.931305,21.803272,0.100041,0.931553,-0.094468,0.336565,-9.027451,130.124588,22.450607,0.039616,0.960046,-0.142984,0.237273,-4.283072,143.568954,19.472651,0.088847,0.921714,-0.007281,0.377486,-12.310405,123.957153,20.047401,0.354970,-0.478397,0.377866,-0.708767,-25.856825,127.023720,6.540854,0.421655,-0.435976,0.026909,-0.794612,-19.051575,103.820526,-4.324986,0.562727,-0.414807,-0.047320,-0.713466,-5.644598,94.922577,-18.854383,-0.042047,0.910911,-0.040380,0.408463,-7.375737,123.764503,25.622961,0.511483,0.844012,0.009659,-0.161045,5.464686,125.887657,39.973988,0.422287,0.801380,0.326483,-0.269950,16.728678,103.081749,32.505424,0.452862,0.687875,0.512322,-0.243455,28.199308,91.543053,16.175243,0.070656,0.853927,0.172819,0.485747,-10.594926,84.583885,11.007530,0.096195,0.922150,-0.012332,0.374478,-8.911652,51.424061,-1.959790,-0.034793,0.934478,0.019630,0.353772,-17.304123,7.305685,-4.176590,-0.142033,0.857766,-0.034299,0.492837,-0.836367,84.385796,26.886028,-0.026628,0.868336,-0.139858,0.475103,6.643878,50.262920,33.973648,-0.030698,0.879692,0.004354,0.474532,2.747772,7.121512,46.032589,-0.034793,0.934478,0.019630,0.353772,-7.602538,2.124472,-14.718782,-0.030698,0.879692,0.004354,0.474532,14.766997,1.589999,38.479839
432,3.600000,0.008880,0.869605,-0.005864,0.493633,-5.811534,84.455841,19.232689,-0.053357,0.894282,0.106605,0.431334,-5.649276,92.095909,19.221745,0.007963,0.910795,0.013803,0.412550,-9.093006,109.950325,21.879847,0.099736,0.930750,-0.096777,0.338217,-9.030034,130.143814,22.520594,0.040649,0.959278,-0.144697,0.239158,-4.265135,143.569229,19.490339,0.087346,0.920251,-0.005271,0.381418,-12.305824,123.976959,20.106148,0.347060,-0.477399,0.375563,-0.714557,-25.746861,127.013573,6.488013,0.411289,-0.424986,0.008189,-0.806326,-18.799049,104.000603,-4.687723,0.555537,-0.402053,-0.064513,-0.724962,-4.979207,96.150162,-19.372787,-0.043771,0.911615,-0.037325,0.407001,-7.393937,123.784088,25.701778,0.504787,0.846908,0.009431,-0.166878,5.486952,125.918816,40.014774,0.405026,0.798652,0.337886,-0.289726,17.010317,103.336014,32.269104,0.436859,0.679689,0.525713,-0.266090,28.639734,92.926399,15.275892,0.070935,0.852730,0.173212,0.487666,-10.587616,84.545815,11.230828,0.097223,0.921946,-0.010595,0.374768,-8.878008,51.398499,-1.764998,-0.034401,0.934466,0.020213,0.353809,-17.295780,7.294431,-4.163207,-0.143537,0.856661,-0.030222,0.494587,-1.035453,84.365868,27.234549,-0.025957,0.867905,-0.138544,0.476312,6.664927,50.254852,34.141182,-0.030252,0.879828,0.006239,0.474287,2.756465,7.077366,46.066265,-0.034401,0.934466,0.020213,0.353809,-7.595644,2.124564,-14.712295,-0.030252,0.879828,0.006239,0.474287,14.776048,1.586004,38.484840
433,3.608333,0.008366,0.868076,-0.006774,0.496314,-5.807380,84.468040,19.393400,-0.053987,0.893438,0.105719,0.433218,-5.645009,92.108078,19.366987,0.007499,0.910035,0.013112,0.414256,-9.101246,109.967995,21.979126,0.099865,0.930038,-0.097516,0.339921,-9.044976,130.162521,22.586811,0.041912,0.958477,-0.147328,0.240539,-4.261927,143.579926,19.549707,0.085927,0.918716,-0.003379,0.385443,-12.310409,123.990990,20.170315,0.339105,-0.476774,0.372661,-0.720290,-25.641378,126.999306,6.438184,0.401071,-0.412599,-0.011172,-0.817790,-18.546820,104.195595,-5.069373,0.547982,-0.389379,-0.082669,-0.735707,-4.299613,97.438393,-19.846621,-0.045261,0.912405,-0.034314,0.405327,-7.419418,123.808411,25.784567,0.498059,0.849800,0.009374,-0.172307,5.509015,125.947426,40.053989,0.386613,0.795285,0.349451,-0.309735,17.292467,103.592552,32.042992,0.422152,0.670276,0.537671,-0.288838,29.053154,94.389442,14.423124,0.071871,0.850715,0.172399,0.491322,-10.534159,84.540733,11.362140,0.098006,0.921031,-0.009558,0.376837,-8.854425,51.382923,-1.610772,-0.033783,0.934470,0.020669,0.353833,-17.295816,7.290718,-4.140399,-0.144003,0.855546,-0.029017,0.496450,-1.080601,84.395348,27.424658,-0.025483,0.867204,-0.137175,0.478008,6.675421,50.288807,34.291000,-0.029702,0.879860,0.006784,0.474255,2.766114,7.075193,46.084194,-0.033783,0.934470,0.020669,0.353833,-7.600135,2.126392,-14.696301,-0.029702,0.879860,0.006784,0.474255,14.782260,1.589613,38.493137
434,3.616667,0.007431,0.866030,-0.008008,0.499873,-5.835159,84.476219,19.616156,-0.054163,0.892675,0.103035,0.435409,-5.675621,92.116203,19.566933,0.007092,0.909266,0.012596,0.415964,-9.099410,109.984123,22.079185,0.100791,0.929130,-0.098979,0.341704,-9.050567,130.179428,22.661154,0.042693,0.957713,-0.149669,0.241997,-4.221702,143.576584,19.607216,0.084092,0.917098,-0.001243,0.389690,-12.305342,124.003944,20.240356,0.331147,-0.476228,0.369387,-0.726018,-25.520840,126.973389,6.388672,0.390466,-0.399662,-0.031236,-0.828753,-18.269855,104.393318,-5.457417,0.540261,-0.375464,-0.101667,-0.746196,-3.622414,98.774078,-20.282944,-0.047023,0.913229,-0.031166,0.403523,-7.435392,123.829842,25.873137,0.491111,0.852763,0.009957,-0.177498,5.543302,125.981033,40.095024,0.368358,0.790598,0.361333,-0.329705,17.594837,103.870102,31.810497,0.404366,0.660787,0.551103,-0.310054,29.418417,95.909843,13.595967,0.072524,0.849175,0.172303,0.493918,-10.496133,84.521553,11.546328,0.098922,0.920842,-0.008072,0.377093,-8.819575,51.368107,-1.438136,-0.032955,0.934509,0.021223,0.353775,-17.285072,7.289782,-4.124254,-0.144687,0.854978,-0.026506,0.497369,-1.174185,84.430885,27.685982,-0.024771,0.866966,-0.136048,0.478799,6.704835,50.328480,34.431767,-0.028608,0.880015,0.007284,0.474028,2.778182,7.083946,46.105259,-0.032955,0.934509,0.021223,0.353775,-7.597537,2.131314,-14.690490,-0.028608,0.880015,0.007284,0.474028,14.781836,1.595330,38.496651
435,3.625000,0.006592,0.864423,-0.009447,0.502634,-5.855437,84.476837,19.828686,-0.054069,0.892013,0.100815,0.437294,-5.695777,92.116615,19.754513,0.006456,0.908537,0.011978,0.417582,-9.084735,109.991478,22.187923,0.100985,0.928336,-0.100477,0.343365,-9.049823,130.187744,22.736580,0.043534,0.956956,-0.151805,0.243506,-4.194362,143.569382,19.656864,0.081863,0.915384,0.001412,0.394169,-12.292341,124.006332,20.314468,0.322784,-0.475073,0.366387,-0.732036,-25.386137,126.931465,6.338336,0.378852,-0.386443,-0.052185,-0.839292,-17.959911,104.580864,-5.829991,0.532687,-0.359887,-0.120567,-0.756432,-2.952959,100.155518,-20.671835,-0.049012,0.914015,-0.027768,0.401750,-7.442351,123.844444,25.964809,0.483845,0.855819,0.010507,-0.182642,5.584247,126.012482,40.140266,0.349494,0.784939,0.373363,-0.349748,17.913168,104.159714,31.583357,0.389407,0.647462,0.563595,-0.333941,29.741148,97.505989,12.835558,0.073098,0.847650,0.172462,0.496390,-10.465052,84.494537,11.729303,0.099871,0.920224,-0.006944,0.378372,-8.779253,51.350952,-1.279132,-0.031953,0.934432,0.021925,0.354027,-17.280270,7.288054,-4.102727,-0.144996,0.854121,-0.024623,0.498846,-1.245824,84.459145,27.928070,-0.024281,0.866544,-0.134663,0.479978,6.707358,50.356258,34.583817,-0.027916,0.880079,0.008211,0.473935,2.786987,7.075843,46.125717,-0.031953,0.934432,0.021925,0.354027,-7.595250,2.137767,-14.675262,-0.027916,0.880079,0.008211,0.473935,14.786583,1.600513,38.501152
436,3.633333,0.005930,0.862857,-0.010508,0.505304,-5.862162,84.478661,20.038136,-0.054317,0.891381,0.098618,0.439049,-5.702811,92.118240,19.945358,0.005688,0.907871,0.011463,0.419055,-9.069221,110.005661,22.296715,0.101137,0.927449,-0.102790,0.345027,-9.054651,130.202789,22.813530,0.044557,0.956125,-0.153597,0.245455,-4.166133,143.561478,19.686811,0.079627,0.913635,0.004087,0.398641,-12.283608,124.014572,20.390692,0.315111,-0.474012,0.362268,-0.738092,-25.254028,126.896561,6.291099,0.367388,-0.372878,-0.073214,-0.848898,-17.615274,104.800507,-6.206110,0.524254,-0.343462,-0.140640,-0.766428,-2.293158,101.575974,-21.003973,-0.051107,0.914811,-0.024556,0.399883,-7.451837,123.866096,26.056988,0.476620,0.858722,0.011135,-0.187899,5.624616,126.058128,40.182762,0.329488,0.779563,0.383633,-0.369520,18.218180,104.469025,31.346518,0.370723,0.635454,0.574364,-0.358982,30.044233,99.129097,12.116570,0.073525,0.846570,0.172225,0.498249,-10.421756,84.475060,11.910470,0.100822,0.920264,-0.005204,0.378050,-8.741666,51.330112,-1.095241,-0.031465,0.934530,0.022299,0.353789,-17.262384,7.282481,-4.092243,-0.145294,0.853638,-0.022881,0.499669,-1.302569,84.482262,28.165800,-0.023617,0.866095,-0.133329,0.481192,6.724363,50.379635,34.733780,-0.027778,0.880078,0.008953,0.473932,2.794276,7.064223,46.140297,-0.031465,0.934530,0.022299,0.353789,-7.586588,2.136807,-14.675463,-0.027778,0.880078,0.008953,0.473932,14.796017,1.605372,38.507301
437,3.641667,0.005378,0.861502,-0.012105,0.507581,-5.884571,84.481926,20.260620,-0.054449,0.890853,0.096435,0.440586,-5.719854,92.121048,20.142956,0.005047,0.907277,0.010817,0.420365,-9.058066,110.014252,22.414629,0.101177,0.926586,-0.105398,0.346545,-9.056770,130.212234,22.896927,0.045653,0.955297,-0.155246,0.247431,-4.135938,143.545685,19.713724,0.077828,0.911785,0.006423,0.403174,-12.275116,124.017975,20.475382,0.307020,-0.473015,0.358051,-0.744174,-25.115685,126.867912,6.250970,0.355080,-0.358868,-0.094033,-0.858073,-17.265818,105.041016,-6.583837,0.515008,-0.325752,-0.159969,-0.776571,-1.658401,103.028061,-21.284815,-0.053223,0.915655,-0.021525,0.397845,-7.459620,123.882034,26.155830,0.469159,0.861590,0.011155,-0.193462,5.671297,126.102135,40.226589,0.308506,0.773723,0.393394,-0.389125,18.526505,104.784866,31.111553,0.354548,0.622158,0.582856,-0.384049,30.301186,100.806686,11.482336,0.073845,0.845266,0.172490,0.500319,-10.401299,84.453758,12.109103,0.101794,0.920187,-0.003661,0.377995,-8.698829,51.318695,-0.918847,-0.030717,0.934603,0.022476,0.353651,-17.246845,7.287544,-4.076098,-0.145638,0.853336,-0.020851,0.500172,-1.367842,84.510086,28.412136,-0.023073,0.865698,-0.132287,0.482220,6.748431,50.408268,34.873600,-0.026896,0.880299,0.009675,0.473558,2.807988,7.065687,46.172817,-0.030717,0.934603,0.022476,0.353651,-7.581345,2.138557,-14.667114,-0.026896,0.880299,0.009675,0.473558,14.797915,1.612264,38.517395
438,3.650000,0.005182,0.860139,-0.013080,0.509866,-5.891494,84.472862,20.468672,-0.054387,0.890256,0.094416,0.442234,-5.721448,92.111633,20.337105,0.004125,0.906610,0.010243,0.421825,-9.030936,110.026909,22.539402,0.101543,0.925752,-0.107390,0.348051,-9.054431,130.225723,22.984964,0.046674,0.954544,-0.157319,0.248835,-4.098418,143.537201,19.764576,0.074969,0.909854,0.009623,0.407986,-12.257822,124.023369,20.564329,0.298146,-0.471958,0.354006,-0.750363,-24.964088,126.818443,6.209035,0.341816,-0.343972,-0.115035,-0.866956,-16.908535,105.274239,-6.971306,0.504895,-0.307635,-0.179478,-0.786276,-1.031058,104.505386,-21.516394,-0.055320,0.916517,-0.018306,0.395729,-7.460517,123.903297,26.260504,0.461334,0.864574,0.012006,-0.198844,5.726638,126.148544,40.274567,0.287808,0.766596,0.403085,-0.408680,18.855976,105.127922,30.866056,0.334685,0.609142,0.592702,-0.406984,30.495337,102.527061,10.890274,0.074324,0.843979,0.172492,0.502416,-10.364919,84.431633,12.293367,0.102768,0.919959,-0.002212,0.378298,-8.658584,51.301670,-0.747050,-0.030081,0.934611,0.022828,0.353660,-17.235886,7.287675,-4.060175,-0.146119,0.852824,-0.019228,0.500970,-1.418068,84.514084,28.643978,-0.022305,0.865198,-0.131094,0.483477,6.778950,50.417637,35.031498,-0.026588,0.880435,0.010915,0.473294,2.814656,7.043648,46.201118,-0.030081,0.934611,0.022828,0.353660,-7.575635,2.141335,-14.657262,-0.026588,0.880435,0.010915,0.473294,14.802900,1.616633,38.524334
439,3.658333,0.003807,0.858816,-0.014054,0.512078,-5.895553,84.474091,20.687550,-0.054359,0.889708,0.092337,0.443778,-5.735590,92.112648,20.532885,0.003650,0.905996,0.009755,0.423157,-9.012954,110.033440,22.661716,0.101647,0.924993,-0.109380,0.349417,-9.046107,130.232819,23.081249,0.047757,0.953761,-0.159425,0.250285,-4.062303,143.524017,19.820261,0.071940,0.907810,0.012812,0.412966,-12.239806,124.026016,20.659182,0.290035,-0.471254,0.348716,-0.756437,-24.804897,126.761505,6.168774,0.328560,-0.328799,-0.136113,-0.874879,-16.517036,105.529251,-7.368904,0.494190,-0.288795,-0.198344,-0.795634,-0.431861,106.005524,-21.688492,-0.057457,0.917306,-0.015511,0.393711,-7.459216,123.915253,26.369583,0.452741,0.867509,0.008673,-0.205860,5.780317,126.194061,40.328743,0.265117,0.759890,0.410431,-0.428751,19.175554,105.464951,30.652063,0.316808,0.595714,0.599818,-0.430089,30.645010,104.276253,10.378986,0.074949,0.842696,0.172733,0.504391,-10.327085,84.400902,12.489683,0.103704,0.919819,-0.000816,0.378387,-8.618541,51.283516,-0.582381,-0.029937,0.934617,0.023029,0.353646,-17.224518,7.286522,-4.043694,-0.146438,0.852690,-0.017211,0.501179,-1.464019,84.547272,28.885418,-0.021506,0.864781,-0.130159,0.484511,6.822723,50.452232,35.163700,-0.025674,0.880459,0.011392,0.473291,2.824059,7.053137,46.222996,-0.029937,0.934617,0.023029,0.353646,-7.565440,2.144019,-14.643717,-0.025674,0.880459,0.011392,0.473291,14.805442,1.625318,38.536068
440,3.666667,0.002423,0.857872,-0.014742,0.513646,-5.870925,84.474152,20.903790,-0.054857,0.889231,0.090578,0.445034,-5.723431,92.112541,20.729519,0.003043,0.905441,0.009375,0.424358,-8.990760,110.038460,22.788174,0.101585,0.924270,-0.110777,0.350905,-9.040196,130.238281,23.183357,0.048778,0.952830,-0.162099,0.251911,-4.037616,143.515945,19.896109,0.068444,0.905614,0.016512,0.418218,-12.222791,124.026176,20.760281,0.281416,-0.470150,0.343638,-0.762677,-24.637737,126.695457,6.128804,0.314386,-0.313594,-0.157501,-0.882051,-16.108414,105.784950,-7.755269,0.483159,-0.269519,-0.216755,-0.804322,0.137059,107.523849,-21.813911,-0.060185,0.918301,-0.011883,0.391100,-7.457296,123.925873,26.483473,0.444576,0.870308,0.007697,-0.211794,5.849204,126.247429,40.371723,0.242812,0.752192,0.418355,-0.447469,19.501499,105.819679,30.417427,0.300384,0.581462,0.605520,-0.452788,30.754822,106.032928,9.941594,0.075852,0.841535,0.172966,0.506110,-10.272644,84.371750,12.690189,0.104524,0.919950,0.000697,0.377845,-8.582499,51.269825,-0.423335,-0.029345,0.934709,0.023297,0.353435,-17.206064,7.288170,-4.032652,-0.146248,0.852047,-0.015613,0.502379,-1.469205,84.576553,29.117390,-0.020829,0.864233,-0.129067,0.485808,6.855036,50.473808,35.303543,-0.024876,0.880489,0.012331,0.473253,2.835151,7.046673,46.244453,-0.029345,0.934709,0.023297,0.353435,-7.557016,2.146422,-14.642170,-0.024876,0.880489,0.012331,0.473253,14.812498,1.631174,38.542564
441,3.675000,0.002483,0.856489,-0.016322,0.515902,-5.909341,84.455032,21.121355,-0.054062,0.888716,0.088516,0.446571,-5.748149,92.092667,20.927275,0.002087,0.904843,0.008759,0.425650,-8.960398,110.038147,22.927273,0.101930,0.923470,-0.112330,0.352415,-9.034758,130.238617,23.283419,0.049825,0.951975,-0.164600,0.253314,-4.001240,143.498199,19.970497,0.065340,0.903337,0.019743,0.423465,-12.203085,124.018112,20.863216,0.274334,-0.469846,0.337048,-0.768364,-24.462997,126.629082,6.091164,0.300916,-0.297631,-0.178449,-0.888269,-15.680690,106.064369,-8.147156,0.470945,-0.250379,-0.235255,-0.812512,0.690727,109.038376,-21.866188,-0.062764,0.919388,-0.008259,0.388226,-7.453874,123.934448,26.600197,0.436942,0.873352,0.013632,-0.214831,5.927145,126.294556,40.410137,0.222961,0.742269,0.428253,-0.464677,19.867516,106.217384,30.146643,0.283850,0.566004,0.610755,-0.475445,30.815834,107.782661,9.573120,0.076383,0.840068,0.173398,0.508316,-10.267760,84.337715,12.884894,0.105255,0.919757,0.001997,0.378108,-8.558654,51.252197,-0.267522,-0.029083,0.934754,0.023624,0.353314,-17.196632,7.284647,-4.011614,-0.147213,0.851405,-0.013453,0.503246,-1.550922,84.572342,29.357815,-0.019903,0.863994,-0.128068,0.486535,6.901787,50.485325,35.455814,-0.024210,0.880584,0.013450,0.473080,2.844833,7.031700,46.277218,-0.029083,0.934754,0.023624,0.353314,-7.551974,2.148805,-14.627979,-0.024210,0.880584,0.013450,0.473080,14.817947,1.634790,38.555733
442,3.683333,0.001305,0.855491,-0.016984,0.517537,-5.902148,84.445038,21.332455,-0.053744,0.888314,0.086689,0.447767,-5.750738,92.082405,21.120712,0.001027,0.904334,0.008300,0.426744,-8.924158,110.032310,23.061796,0.102224,0.922793,-0.113590,0.353695,-9.029740,130.233231,23.382788,0.050986,0.951191,-0.167046,0.254426,-3.970451,143.477936,20.049688,0.061642,0.900993,0.023594,0.428784,-12.182818,124.003777,20.965666,0.268981,-0.469908,0.328440,-0.773927,-24.285278,126.547768,6.052761,0.288631,-0.281332,-0.199720,-0.893116,-15.202332,106.369354,-8.545102,0.459059,-0.231162,-0.253788,-0.819403,1.210612,110.555962,-21.853729,-0.065349,0.920271,-0.004783,0.385756,-7.447460,123.937187,26.714308,0.428369,0.876499,0.016687,-0.219022,5.994781,126.338913,40.457451,0.201694,0.732874,0.435869,-0.481906,20.232088,106.625732,29.900169,0.268392,0.550965,0.613208,-0.498378,30.850830,109.535980,9.274143,0.076962,0.838951,0.173731,0.509957,-10.229151,84.302017,13.079855,0.106172,0.919751,0.003444,0.377855,-8.516212,51.231075,-0.108673,-0.028732,0.934809,0.023979,0.353174,-17.180836,7.281658,-4.001203,-0.147573,0.851110,-0.011876,0.503680,-1.575145,84.588051,29.585054,-0.018863,0.863918,-0.127068,0.486975,6.952484,50.505733,35.604557,-0.023583,0.880642,0.014304,0.472979,2.853308,7.025549,46.302654,-0.028732,0.934809,0.023979,0.353174,-7.541824,2.151483,-14.625428,-0.023583,0.880642,0.014304,0.472979,14.822570,1.641252,38.566399
443,3.691667,0.000494,0.854385,-0.018062,0.519326,-5.903044,84.437111,21.548082,-0.053634,0.887909,0.084997,0.448906,-5.753226,92.073929,21.316151,0.000059,0.903884,0.007781,0.427707,-8.896557,110.026314,23.199507,0.102645,0.922026,-0.115762,0.354869,-9.028866,130.227615,23.484701,0.052128,0.950414,-0.169145,0.255706,-3.932497,143.447296,20.109009,0.057730,0.898400,0.027636,0.434489,-12.168729,123.989853,21.071812,0.261181,-0.468957,0.321887,-0.779906,-24.098484,126.464722,6.008873,0.275605,-0.264654,-0.220394,-0.897456,-14.742216,106.660675,-8.925181,0.448074,-0.211419,-0.273710,-0.824388,1.712462,112.047539,-21.793413,-0.067830,0.921115,-0.001422,0.383332,-7.445610,123.939491,26.830679,0.419845,0.879469,0.019777,-0.223324,6.056070,126.381493,40.508305,0.179723,0.723803,0.442583,-0.497926,20.575777,107.038712,29.654688,0.253545,0.535875,0.612992,-0.522297,30.860626,111.264351,9.065800,0.077617,0.837940,0.174170,0.511367,-10.195510,84.270157,13.277912,0.106900,0.919971,0.004906,0.377097,-8.482658,51.217304,0.044084,-0.028421,0.934974,0.024134,0.352751,-17.160284,7.282951,-3.986992,-0.147750,0.850438,-0.009996,0.504803,-1.610577,84.604073,29.818253,-0.018071,0.863589,-0.126037,0.487854,6.987373,50.522549,35.741405,-0.022642,0.880617,0.015264,0.473041,2.861294,7.016251,46.322353,-0.028421,0.934974,0.024134,0.352751,-7.533535,2.153415,-14.622643,-0.022642,0.880617,0.015264,0.473041,14.826992,1.642997,38.572922
444,3.700000,-0.000454,0.853320,-0.018846,0.521048,-5.902051,84.420738,21.757664,-0.053515,0.887651,0.083298,0.449749,-5.757896,92.057106,21.508261,-0.000823,0.903617,0.007316,0.428278,-8.871285,110.019478,23.335760,0.102860,0.921451,-0.117566,0.355705,-9.027943,130.221039,23.588640,0.053613,0.949636,-0.171486,0.256727,-3.904897,143.420731,20.175293,0.053832,0.895687,0.031713,0.440273,-12.157321,123.975716,21.181686,0.253517,-0.467635,0.315224,-0.785927,-23.907856,126.384987,5.967985,0.261825,-0.248529,-0.240480,-0.901027,-14.260866,106.964149,-9.281042,0.435938,-0.191175,-0.291647,-0.829670,2.177942,113.515854,-21.679024,-0.070552,0.922022,0.002197,0.380647,-7.441486,123.940125,26.946634,0.411160,0.882485,0.023059,-0.227236,6.125074,126.428246,40.551559,0.158981,0.713199,0.449034,-0.514238,20.933994,107.468330,29.416758,0.235840,0.521823,0.615640,-0.541358,30.783838,112.973526,8.893643,0.078354,0.836597,0.174787,0.513240,-10.161135,84.230492,13.470753,0.107755,0.919924,0.006060,0.376950,-8.438994,51.201202,0.179438,-0.028008,0.935031,0.024309,0.352621,-17.147844,7.284480,-3.974658,-0.148376,0.850191,-0.008431,0.505064,-1.642969,84.610985,30.044573,-0.016752,0.863907,-0.125029,0.487598,7.046524,50.540630,35.897984,-0.022120,0.880802,0.016215,0.472690,2.865603,7.007444,46.345974,-0.028008,0.935031,0.024309,0.352621,-7.527734,2.155200,-14.616440,-0.022120,0.880802,0.016215,0.472690,14.824615,1.650661,38.574841
445,3.708333,-0.001041,0.852363,-0.019945,0.522569,-5.900741,84.403137,21.961590,-0.053026,0.887268,0.081826,0.450830,-5.754998,92.038841,21.693445,-0.001886,0.903159,0.006836,0.429248,-8.830638,110.011360,23.477814,0.103480,0.920827,-0.118740,0.356751,-9.018038,130.213089,23.694592,0.054621,0.948956,-0.174099,0.257273,-3.862653,143.396072,20.265450,0.049665,0.892986,0.035802,0.445901,-12.132862,123.958839,21.291939,0.246081,-0.466735,0.307780,-0.791754,-23.706882,126.295853,5.932353,0.247994,-0.231962,-0.260451,-0.903802,-13.769447,107.286224,-9.644811,0.423117,-0.171896,-0.310949,-0.833507,2.600293,114.981888,-21.509726,-0.073599,0.922897,0.006023,0.377900,-7.429464,123.940491,27.067120,0.402653,0.885251,0.026346,-0.231315,6.200823,126.484154,40.597881,0.138371,0.702408,0.455135,-0.529460,21.277662,107.908524,29.178539,0.218706,0.507181,0.617583,-0.559934,30.674097,114.646355,8.800380,0.078982,0.835564,0.175312,0.514647,-10.130222,84.192337,13.660028,0.108580,0.920068,0.007391,0.376339,-8.402914,51.183189,0.319427,-0.028105,0.935088,0.024430,0.352454,-17.136675,7.284114,-3.966846,-0.148590,0.849291,-0.006456,0.506541,-1.671260,84.613930,30.263155,-0.015871,0.863648,-0.124265,0.488280,7.092120,50.546013,36.019814,-0.020986,0.880736,0.017618,0.472813,2.868233,6.993133,46.367954,-0.028105,0.935088,0.024430,0.352454,-7.518962,2.158990,-14.612803,-0.020986,0.880736,0.017618,0.472813,14.825042,1.655925,38.579979
446,3.716667,-0.002144,0.851351,-0.020578,0.524188,-5.892582,84.391953,22.167767,-0.052549,0.886939,0.080005,0.451859,-5.755625,92.027214,21.882832,-0.003027,0.902754,0.006465,0.430098,-8.785810,109.999062,23.611641,0.104550,0.920150,-0.119705,0.357859,-9.008580,130.200745,23.794849,0.055385,0.948266,-0.176806,0.257807,-3.810955,143.365799,20.360565,0.045672,0.890191,0.040119,0.451514,-12.108005,123.937180,21.396578,0.240854,-0.466583,0.298584,-0.796955,-23.501593,126.214394,5.893786,0.234753,-0.215703,-0.279544,-0.905659,-13.260983,107.639740,-10.008361,0.409210,-0.149986,-0.324703,-0.839416,2.976984,116.402092,-21.299086,-0.076241,0.923545,0.009238,0.375721,-7.415566,123.936462,27.180693,0.393650,0.888056,0.028889,-0.235717,6.262996,126.530243,40.653084,0.117025,0.692534,0.458796,-0.544250,21.610943,108.356598,28.951571,0.200268,0.494230,0.616131,-0.579665,30.525566,116.266037,8.758087,0.079894,0.834388,0.175728,0.516268,-10.090394,84.156876,13.850800,0.109345,0.919994,0.008651,0.376270,-8.375114,51.168484,0.457427,-0.027704,0.935120,0.024616,0.352389,-17.128922,7.286244,-3.958277,-0.148775,0.848551,-0.004700,0.507745,-1.694770,84.627029,30.484734,-0.014959,0.863364,-0.123332,0.489047,7.134998,50.561642,36.154259,-0.020082,0.880709,0.018760,0.472860,2.872395,6.985459,46.387798,-0.027704,0.935120,0.024616,0.352389,-7.516211,2.161847,-14.609090,-0.020082,0.880709,0.018760,0.472860,14.826700,1.664483,38.584892
447,3.725000,-0.002982,0.850517,-0.021461,0.525502,-5.876426,84.376106,22.360874,-0.052013,0.886613,0.078400,0.452841,-5.742818,92.010735,22.057955,-0.004295,0.902326,0.006439,0.430984,-8.731237,109.994034,23.740715,0.105115,0.919581,-0.120791,0.358792,-8.999984,130.195358,23.900690,0.056495,0.947573,-0.179588,0.258189,-3.772817,143.344849,20.451664,0.041611,0.887519,0.044346,0.456741,-12.080486,123.922112,21.503342,0.232613,-0.464793,0.291732,-0.802964,-23.303839,126.137863,5.868032,0.221418,-0.200027,-0.297767,-0.906807,-12.760395,107.985733,-10.321543,0.397371,-0.129357,-0.341878,-0.841714,3.354463,117.781937,-21.054628,-0.079525,0.924286,0.012913,0.373101,-7.399560,123.938499,27.296751,0.384442,0.891079,0.032221,-0.239047,6.335200,126.599884,40.698601,0.096892,0.681632,0.462229,-0.558869,21.979156,108.845459,28.748163,0.182986,0.481189,0.614632,-0.597662,30.341736,117.865288,8.777653,0.080637,0.833517,0.176271,0.517374,-10.048459,84.118637,14.031607,0.110150,0.919778,0.009660,0.376541,-8.338505,51.152374,0.583200,-0.027728,0.935151,0.024744,0.352296,-17.122353,7.287672,-3.945659,-0.149065,0.848661,-0.003111,0.507488,-1.704393,84.633575,30.690140,-0.013858,0.863103,-0.122651,0.489713,7.201629,50.573467,36.271381,-0.019516,0.880624,0.019543,0.473009,2.875845,6.979349,46.401501,-0.027728,0.935151,0.024744,0.352296,-7.511099,2.166901,-14.599532,-0.019516,0.880624,0.019543,0.473009,14.831034,1.670303,38.591827
448,3.733333,-0.003948,0.849535,-0.021869,0.527064,-5.863612,84.361374,22.552261,-0.051815,0.886251,0.076955,0.453820,-5.738702,91.995628,22.236515,-0.005172,0.901941,0.005988,0.431788,-8.697729,109.981445,23.872194,0.105571,0.919127,-0.121702,0.359512,-8.990688,130.182663,24.000195,0.057819,0.946969,-0.182135,0.258329,-3.739523,143.319183,20.538254,0.037571,0.884671,0.048531,0.462158,-12.059443,123.902039,21.607098,0.225555,-0.463228,0.283993,-0.808637,-23.102327,126.058983,5.835654,0.208010,-0.184537,-0.315749,-0.907183,-12.245627,108.343567,-10.628311,0.384129,-0.108713,-0.357736,-0.844187,3.678686,119.128929,-20.762794,-0.082749,0.924937,0.016472,0.370637,-7.388964,123.933006,27.408876,0.375019,0.893840,0.033229,-0.243530,6.396528,126.662079,40.744865,0.076359,0.670759,0.465224,-0.572554,22.305222,109.318634,28.543039,0.166073,0.467112,0.614171,-0.614020,30.115648,119.420517,8.843128,0.081465,0.832576,0.176541,0.518666,-10.004881,84.084030,14.208293,0.110898,0.919980,0.010999,0.375788,-8.312419,51.134132,0.717627,-0.027415,0.935197,0.024955,0.352181,-17.115608,7.286796,-3.940019,-0.149241,0.847996,-0.001119,0.508555,-1.722342,84.638718,30.896229,-0.012962,0.862654,-0.122004,0.490688,7.259222,50.581734,36.374573,-0.019049,0.880490,0.020307,0.473247,2.881134,6.971228,46.411240,-0.027415,0.935197,0.024955,0.352181,-7.509490,2.168324,-14.599627,-0.019049,0.880490,0.020307,0.473247,14.839660,1.675028,38.597958
449,3.741667,-0.004877,0.848690,-0.022360,0.528395,-5.843463,84.349609,22.732016,-0.051419,0.885944,0.075492,0.454709,-5.726147,91.983406,22.402605,-0.006399,0.901571,0.005922,0.432544,-8.649753,109.977898,23.994770,0.107368,0.918458,-0.122718,0.360344,-8.986366,130.178589,24.098671,0.058547,0.946467,-0.184722,0.258169,-3.675313,143.290955,20.636517,0.033535,0.881969,0.052380,0.467186,-12.037537,123.888573,21.707708,0.218006,-0.461912,0.275027,-0.814537,-22.910488,125.982773,5.810241,0.194770,-0.168877,-0.332511,-0.907183,-11.723528,108.766319,-10.959132,0.370624,-0.088170,-0.372727,-0.846132,3.959987,120.444992,-20.430643,-0.085684,0.925533,0.019822,0.368314,-7.377005,123.936356,27.517366,0.365533,0.896592,0.034083,-0.247684,6.455867,126.726257,40.791557,0.056266,0.660192,0.467048,-0.585531,22.628824,109.797546,28.356907,0.149233,0.453014,0.611732,-0.631104,29.865002,120.903358,8.956191,0.082204,0.831675,0.176851,0.519888,-9.958391,84.052261,14.375713,0.111679,0.919880,0.012077,0.375770,-8.277680,51.118767,0.843561,-0.026970,0.935203,0.025088,0.352191,-17.108063,7.289299,-3.929362,-0.149408,0.847786,0.000583,0.508858,-1.728534,84.646957,31.088320,-0.012005,0.862236,-0.121431,0.491589,7.322608,50.593472,36.473103,-0.018478,0.880383,0.020916,0.473441,2.885323,6.968269,46.419518,-0.026970,0.935203,0.025088,0.352191,-7.505899,2.169736,-14.592009,-0.018478,0.880383,0.020916,0.473441,14.844661,1.679589,38.602375
450,3.750000,-0.005729,0.847751,-0.022988,0.529865,-5.825021,84.333893,22.917002,-0.051235,0.885582,0.074046,0.455672,-5.713083,91.967117,22.572754,-0.007645,0.901171,0.005800,0.433358,-8.608871,109.972061,24.118475,0.108173,0.917970,-0.123700,0.361009,-8.988809,130.172089,24.195814,0.060017,0.945904,-0.187279,0.258051,-3.644477,143.267975,20.722502,0.028838,0.878533,0.057503,0.473331,-12.022157,123.872520,21.807356,0.210992,-0.459199,0.267675,-0.820347,-22.682537,125.908806,5.759114,0.181524,-0.154479,-0.350535,-0.905710,-11.151490,109.129562,-11.219051,0.357821,-0.067601,-0.387650,-0.846830,4.211941,121.717430,-20.071148,-0.088390,0.926165,0.022934,0.365895,-7.372386,123.937698,27.625462,0.356335,0.899176,0.034552,-0.251623,6.511045,126.784561,40.834625,0.036258,0.649412,0.468603,-0.597796,22.931782,110.257683,28.185993,0.133609,0.439087,0.608442,-0.647417,29.580387,122.329071,9.122653,0.082839,0.830870,0.177255,0.520935,-9.910782,84.016335,14.547139,0.112538,0.919779,0.013156,0.375724,-8.234802,51.100517,0.971463,-0.026736,0.935237,0.025217,0.352109,-17.098797,7.290816,-3.919232,-0.149643,0.847676,0.002553,0.508965,-1.739261,84.651443,31.286865,-0.010887,0.862264,-0.121004,0.491670,7.396437,50.603413,36.562229,-0.017911,0.880304,0.021372,0.473589,2.890407,6.966603,46.426487,-0.026736,0.935237,0.025217,0.352109,-7.500479,2.172212,-14.585805,-0.017911,0.880304,0.021372,0.473589,14.849040,1.681652,38.605751
451,3.758333,-0.006588,0.846936,-0.023423,0.531139,-5.799291,84.318192,23.087570,-0.050740,0.885257,0.072686,0.456577,-5.694425,91.950951,22.730894,-0.009102,0.900771,0.005742,0.434161,-8.552739,109.961510,24.237915,0.109646,0.917379,-0.124552,0.361775,-8.984786,130.160583,24.287239,0.060946,0.945441,-0.189691,0.257769,-3.590839,143.236160,20.814091,0.025529,0.876161,0.061285,0.477425,-11.997579,123.850014,21.901817,0.204135,-0.456655,0.258956,-0.826279,-22.514101,125.850403,5.754451,0.169944,-0.140288,-0.366491,-0.903948,-10.616115,109.563400,-11.448386,0.345720,-0.047403,-0.402862,-0.846129,4.439077,122.940979,-19.676203,-0.091272,0.926604,0.026110,0.363859,-7.358552,123.935005,27.728235,0.347052,0.901704,0.035306,-0.255417,6.562376,126.843857,40.884323,0.017267,0.638306,0.470370,-0.609114,23.227297,110.730133,28.023741,0.119209,0.423755,0.605261,-0.663234,29.287369,123.704216,9.330925,0.083400,0.830437,0.177448,0.521470,-9.859671,83.982315,14.706081,0.113323,0.919713,0.014303,0.375607,-8.200339,51.078041,1.100414,-0.026631,0.935266,0.025464,0.352024,-17.089930,7.287103,-3.910358,-0.149765,0.847552,0.004363,0.509124,-1.738912,84.654068,31.469059,-0.009884,0.862112,-0.120654,0.492045,7.468505,50.609524,36.641197,-0.017726,0.880289,0.021537,0.473616,2.896028,6.963238,46.432663,-0.026631,0.935266,0.025464,0.352024,-7.493838,2.173947,-14.581545,-0.017726,0.880289,0.021537,0.473616,14.854137,1.679909,38.610031
452,3.766667,-0.007282,0.846127,-0.023741,0.532403,-5.770951,84.301514,23.251141,-0.050741,0.884822,0.071480,0.457610,-5.671938,91.933891,22.884872,-0.010056,0.900298,0.005852,0.435119,-8.512870,109.956314,24.350218,0.110607,0.917086,-0.124778,0.362147,-8.981598,130.154587,24.386297,0.062626,0.945072,-0.192332,0.256758,-3.559072,143.220337,20.920675,0.021086,0.873000,0.065775,0.482805,-11.977832,123.837128,21.998272,0.199080,-0.455040,0.249964,-0.831158,-22.302189,125.780853,5.720510,0.159533,-0.124924,-0.382410,-0.901502,-10.083488,109.962555,-11.693600,0.334570,-0.027603,-0.417831,-0.844226,4.645119,124.110031,-19.255915,-0.094369,0.927355,0.029847,0.360855,-7.351480,123.934067,27.834570,0.338175,0.904160,0.036063,-0.258520,6.631532,126.907661,40.910088,-0.001625,0.626967,0.471150,-0.620426,23.534426,111.190506,27.870556,0.105269,0.409888,0.600047,-0.678862,28.954857,125.008789,9.582545,0.084132,0.829686,0.177486,0.522534,-9.806080,83.951088,14.858063,0.114138,0.919435,0.015301,0.376003,-8.170714,51.056503,1.226076,-0.026405,0.935213,0.025765,0.352158,-17.090645,7.284894,-3.898425,-0.149986,0.847261,0.006049,0.509526,-1.735822,84.651939,31.644218,-0.008894,0.861691,-0.120256,0.492898,7.543187,50.613369,36.726959,-0.017328,0.880204,0.022069,0.473766,2.901957,6.956786,46.439880,-0.026405,0.935213,0.025765,0.352158,-7.492852,2.177502,-14.570838,-0.017328,0.880204,0.022069,0.473766,14.861414,1.681399,38.613953
453,3.775000,-0.008232,0.845331,-0.024005,0.533640,-5.732478,84.288445,23.409956,-0.050968,0.884483,0.070350,0.458413,-5.643051,91.920403,23.032669,-0.011141,0.899958,0.006034,0.435793,-8.474046,109.948990,24.455318,0.112323,0.916590,-0.125547,0.362608,-8.985461,130.146255,24.478571,0.063785,0.944728,-0.194533,0.256082,-3.509568,143.190475,21.015781,0.017269,0.870232,0.069879,0.487356,-11.964723,123.821053,22.089785,0.193319,-0.452656,0.241226,-0.836386,-22.123692,125.722923,5.703372,0.148333,-0.110871,-0.397194,-0.898856,-9.562692,110.386261,-11.897045,0.321890,-0.008754,-0.431187,-0.842845,4.820164,125.232506,-18.809479,-0.097376,0.927838,0.033400,0.358496,-7.347460,123.931244,27.933046,0.328078,0.906694,0.030676,-0.263307,6.678951,126.968071,40.947407,-0.021909,0.617496,0.469280,-0.630868,23.806047,111.624825,27.756001,0.091116,0.397034,0.594779,-0.693036,28.599020,126.240875,9.849720,0.084912,0.828919,0.177487,0.523624,-9.742753,83.919975,15.005743,0.114974,0.919148,0.016182,0.376413,-8.135082,51.034821,1.347765,-0.026081,0.935183,0.026121,0.352235,-17.090744,7.282925,-3.881672,-0.150182,0.847421,0.007492,0.509182,-1.722201,84.656921,31.814167,-0.007784,0.861516,-0.119901,0.493309,7.622631,50.623940,36.813107,-0.017675,0.880231,0.021652,0.473722,2.906572,6.958032,46.447735,-0.026081,0.935183,0.026121,0.352235,-7.493410,2.181687,-14.557446,-0.017675,0.880231,0.021652,0.473722,14.866598,1.676902,38.626545
454,3.783333,-0.009052,0.844580,-0.024256,0.534803,-5.693066,84.272232,23.562294,-0.051074,0.884071,0.069290,0.459358,-5.611640,91.903793,23.175201,-0.012161,0.899518,0.006344,0.436668,-8.430977,109.944344,24.559475,0.113143,0.916162,-0.127313,0.362819,-8.984945,130.140503,24.575466,0.065389,0.944441,-0.196222,0.255444,-3.470448,143.159454,21.078981,0.013670,0.867437,0.074080,0.491812,-11.946194,123.808304,22.182800,0.188166,-0.450279,0.232658,-0.841256,-21.940428,125.679459,5.691885,0.137851,-0.097331,-0.411291,-0.895748,-9.050390,110.810028,-12.070807,0.309289,0.010416,-0.443669,-0.841065,4.966414,126.293625,-18.346294,-0.100371,0.928138,0.036578,0.356577,-7.340650,123.930000,28.035074,0.319127,0.909092,0.031487,-0.265929,6.715995,127.034233,41.000824,-0.039005,0.606603,0.469097,-0.640672,24.076672,112.096390,27.650400,0.077827,0.383893,0.589530,-0.706416,28.232098,127.402878,10.165754,0.085566,0.828351,0.177387,0.524449,-9.679920,83.887955,15.147654,0.115791,0.919054,0.017253,0.376343,-8.100748,51.008236,1.473264,-0.025411,0.935131,0.026643,0.352383,-17.086901,7.276532,-3.871466,-0.150306,0.847355,0.008862,0.509233,-1.706212,84.656509,31.976934,-0.006731,0.861429,-0.119554,0.493560,7.695176,50.627792,36.898209,-0.016488,0.880126,0.022502,0.473919,2.910178,6.953034,46.458462,-0.025411,0.935131,0.026643,0.352383,-7.491420,2.182339,-14.552268,-0.016488,0.880126,0.022502,0.473919,14.866254,1.677079,38.627750
455,3.791667,-0.009768,0.844024,-0.024346,0.535664,-5.648259,84.263054,23.700928,-0.050663,0.883617,0.068377,0.460411,-5.574955,91.894333,23.306904,-0.013383,0.898955,0.006920,0.437782,-8.367867,109.944008,24.665667,0.114600,0.915656,-0.128087,0.363365,-8.976412,130.138580,24.680305,0.066466,0.944146,-0.198427,0.254553,-3.414733,143.137650,21.184509,0.008745,0.863892,0.079189,0.497336,-11.914558,123.798439,22.280235,0.182432,-0.448806,0.224608,-0.845484,-21.701323,125.617157,5.659537,0.126703,-0.082588,-0.425052,-0.892444,-8.545895,111.207581,-12.286633,0.296998,0.029181,-0.455176,-0.838902,5.096431,127.310310,-17.855103,-0.103118,0.928354,0.038831,0.354990,-7.324003,123.932526,28.144001,0.310748,0.911184,0.033245,-0.268465,6.754743,127.107689,41.068527,-0.053976,0.594888,0.469555,-0.650163,24.323385,112.568497,27.551105,0.065743,0.369834,0.586268,-0.717767,27.835306,128.501297,10.483566,0.086285,0.827632,0.177253,0.525510,-9.617684,83.866318,15.278630,0.116523,0.918879,0.018195,0.376501,-8.068120,50.992004,1.587856,-0.025191,0.935129,0.026850,0.352389,-17.080715,7.278585,-3.860898,-0.150318,0.847086,0.010105,0.509655,-1.678832,84.659782,32.123226,-0.005790,0.861224,-0.119257,0.494001,7.765806,50.633003,36.974560,-0.016118,0.880081,0.022895,0.473998,2.916301,6.950813,46.468090,-0.025191,0.935129,0.026850,0.352389,-7.486676,2.187630,-14.544532,-0.016118,0.880081,0.022895,0.473998,14.872090,1.679724,38.633667
456,3.800000,-0.010542,0.843483,-0.024416,0.536497,-5.604374,84.247246,23.834211,-0.050555,0.883205,0.067694,0.461314,-5.540078,91.878242,23.433008,-0.014515,0.898473,0.007339,0.438727,-8.321457,109.944870,24.769745,0.115973,0.915194,-0.129222,0.363691,-8.978539,130.137939,24.778881,0.067931,0.943886,-0.200323,0.253643,-3.369633,143.113770,21.272274,0.005448,0.861138,0.082995,0.501521,-11.896343,123.790253,22.373901,0.179539,-0.447039,0.214888,-0.849556,-21.522985,125.584816,5.657338,0.118165,-0.068679,-0.437896,-0.888576,-8.057155,111.650208,-12.433107,0.285466,0.047601,-0.465245,-0.836535,5.194513,128.283615,-17.356447,-0.106297,0.928468,0.042115,0.353375,-7.318586,123.936554,28.247374,0.302776,0.913155,0.034526,-0.270709,6.778702,127.183998,41.133678,-0.069045,0.584132,0.469221,-0.658676,24.542551,113.020668,27.473080,0.053919,0.357665,0.581542,-0.728682,27.441511,129.524017,10.830048,0.086842,0.827118,0.177125,0.526271,-9.556869,83.837357,15.404582,0.117338,0.918541,0.019056,0.377029,-8.032187,50.966690,1.702268,-0.024847,0.935046,0.027282,0.352600,-17.078508,7.273298,-3.850245,-0.150309,0.846987,0.011076,0.509802,-1.651880,84.657135,32.263840,-0.004838,0.861372,-0.118885,0.493843,7.826547,50.631618,37.057827,-0.015941,0.880067,0.023420,0.474004,2.921572,6.940544,46.481743,-0.024847,0.935046,0.027282,0.352600,-7.481838,2.190400,-14.535357,-0.015941,0.880067,0.023420,0.474004,14.878343,1.680234,38.641575
457,3.808333,-0.011259,0.843058,-0.024560,0.537144,-5.558110,84.235123,23.961098,-0.050329,0.882810,0.067074,0.462184,-5.501554,91.865768,23.552216,-0.015685,0.897980,0.007841,0.439688,-8.267584,109.943047,24.870609,0.117354,0.914758,-0.129987,0.364074,-8.976019,130.134369,24.876451,0.069264,0.943610,-0.202387,0.252669,-3.322887,143.090729,21.368841,0.001800,0.858260,0.086952,0.505792,-11.872470,123.779083,22.465755,0.174393,-0.444824,0.206881,-0.853768,-21.333414,125.543037,5.651618,0.108351,-0.055446,-0.450142,-0.884623,-7.583757,112.065353,-12.571043,0.273822,0.065660,-0.473998,-0.834288,5.274475,129.200989,-16.844944,-0.108982,0.928456,0.044514,0.352294,-7.307812,123.937546,28.349102,0.294656,0.915002,0.034074,-0.273473,6.796635,127.250565,41.210854,-0.083838,0.573926,0.468210,-0.666603,24.737898,113.449982,27.411539,0.042503,0.345978,0.577548,-0.738194,27.035036,130.474304,11.186030,0.087425,0.826670,0.176876,0.526962,-9.497360,83.812325,15.525908,0.118089,0.918031,0.019869,0.377995,-8.004874,50.942600,1.817785,-0.024492,0.934992,0.027725,0.352735,-17.078596,7.267961,-3.836658,-0.150222,0.847017,0.011979,0.509757,-1.618861,84.657913,32.396286,-0.003977,0.861354,-0.118603,0.493950,7.887393,50.632011,37.132092,-0.015392,0.880040,0.024019,0.474043,2.927096,6.934235,46.495773,-0.024492,0.934992,0.027725,0.352735,-7.481069,2.193297,-14.524916,-0.015392,0.880040,0.024019,0.474043,14.882152,1.681532,38.647884
458,3.816667,-0.012065,0.842658,-0.024519,0.537755,-5.507079,84.226784,24.077652,-0.050489,0.882412,0.066646,0.462988,-5.460941,91.857178,23.662722,-0.016841,0.897512,0.008410,0.440588,-8.227355,109.944000,24.962687,0.118888,0.914019,-0.132692,0.364455,-8.987839,130.133423,24.967852,0.070660,0.943341,-0.203416,0.252462,-3.268432,143.047668,21.412718,-0.001233,0.855493,0.090676,0.509811,-11.863002,123.770813,22.551043,0.169394,-0.441922,0.199497,-0.858028,-21.165857,125.521111,5.647509,0.099450,-0.042712,-0.461823,-0.880344,-7.120669,112.476585,-12.664766,0.263403,0.082742,-0.482804,-0.831068,5.339459,130.072220,-16.317928,-0.111734,0.928489,0.047155,0.351000,-7.310717,123.940781,28.443645,0.286679,0.916860,0.032904,-0.275862,6.805460,127.319229,41.275471,-0.098220,0.564207,0.466671,-0.673975,24.923042,113.864601,27.365314,0.031665,0.334507,0.572939,-0.747558,26.630312,131.357056,11.552347,0.088069,0.826125,0.176623,0.527794,-9.433742,83.791557,15.637231,0.118785,0.917753,0.020644,0.378409,-7.974818,50.923519,1.921441,-0.024421,0.934955,0.028023,0.352813,-17.075882,7.266524,-3.824542,-0.150000,0.846994,0.012829,0.509841,-1.580416,84.662018,32.518074,-0.003258,0.861120,-0.118355,0.494423,7.943136,50.632870,37.195415,-0.015043,0.879977,0.024475,0.474147,2.933031,6.929341,46.505581,-0.024421,0.934955,0.028023,0.352813,-7.476322,2.199128,-14.514421,-0.015043,0.879977,0.024475,0.474147,14.888787,1.683361,38.654266
459,3.825000,-0.012934,0.842286,-0.024470,0.538320,-5.453024,84.222687,24.188721,-0.050376,0.882011,0.066332,0.463809,-5.418206,91.852776,23.767302,-0.018039,0.897020,0.008927,0.441532,-8.177271,109.943916,25.056692,0.119456,0.913690,-0.133011,0.364978,-8.990367,130.131287,25.058418,0.072498,0.942835,-0.205639,0.252030,-3.250813,143.037231,21.505632,-0.004194,0.852894,0.094369,0.513467,-11.843783,123.761002,22.636063,0.164570,-0.439372,0.192202,-0.861933,-21.001051,125.499901,5.652048,0.090850,-0.030165,-0.472606,-0.876059,-6.685209,112.882736,-12.749849,0.252717,0.100005,-0.490584,-0.827925,5.379645,130.878983,-15.784749,-0.114715,0.928305,0.049726,0.350167,-7.304525,123.943329,28.538338,0.279124,0.918575,0.032193,-0.277981,6.808111,127.394844,41.354599,-0.111746,0.554767,0.465259,-0.680647,25.090099,114.275337,27.339828,0.022488,0.323694,0.567291,-0.756900,26.236254,132.189362,11.936037,0.088714,0.825809,0.176265,0.528299,-9.367945,83.774117,15.743545,0.119631,0.917444,0.021387,0.378851,-7.952160,50.905209,2.025335,-0.024348,0.934778,0.028214,0.353272,-17.093580,7.269162,-3.814912,-0.149834,0.847135,0.013468,0.509637,-1.538103,84.671257,32.633896,-0.002339,0.861256,-0.118064,0.494261,8.000021,50.639759,37.264278,-0.014423,0.879817,0.024958,0.474437,2.933491,6.929574,46.512459,-0.024348,0.934778,0.028214,0.353272,-7.483747,2.206300,-14.497704,-0.014423,0.879817,0.024958,0.474437,14.890705,1.687330,38.660873
460,3.833333,-0.013911,0.841864,-0.024397,0.538958,-5.390954,84.212013,24.292023,-0.050246,0.881584,0.065916,0.464694,-5.368976,91.841759,23.863529,-0.019215,0.896503,0.009735,0.442514,-8.119816,109.946861,25.139799,0.121148,0.913077,-0.133763,0.365680,-8.989947,130.131866,25.148884,0.073596,0.942445,-0.207510,0.251637,-3.196870,143.015381,21.601582,-0.007102,0.850302,0.098171,0.517009,-11.819995,123.754646,22.717337,0.160007,-0.436626,0.185462,-0.865655,-20.834583,125.487267,5.656523,0.082669,-0.017869,-0.483164,-0.871435,-6.256269,113.271103,-12.809782,0.242577,0.116781,-0.497849,-0.824418,5.401589,131.643188,-15.240556,-0.117359,0.927983,0.051710,0.349858,-7.294322,123.947075,28.629711,0.271569,0.920323,0.031512,-0.279755,6.802932,127.465942,41.444595,-0.123676,0.545825,0.463440,-0.687024,25.253025,114.682098,27.340200,0.013930,0.312339,0.561498,-0.766140,25.853848,132.942825,12.307792,0.089414,0.825852,0.175751,0.528285,-9.292572,83.748665,15.841487,0.120233,0.917016,0.022117,0.379654,-7.937781,50.875736,2.126752,-0.024198,0.934686,0.028932,0.353468,-17.097767,7.255527,-3.802062,-0.149545,0.847083,0.014207,0.509789,-1.489336,84.675362,32.742558,-0.001563,0.861417,-0.117938,0.494013,8.057763,50.639153,37.319496,-0.014401,0.879788,0.025366,0.474471,2.939351,6.926018,46.525047,-0.024198,0.934686,0.028932,0.353468,-7.482674,2.210417,-14.488522,-0.014401,0.879788,0.025366,0.474471,14.898987,1.693758,38.670490
461,3.841667,-0.014495,0.841603,-0.024272,0.539357,-5.337031,84.210533,24.385567,-0.050034,0.881154,0.065706,0.465562,-5.323392,91.840118,23.953880,-0.020349,0.895951,0.010405,0.443564,-8.066067,109.953392,25.224813,0.122255,0.912603,-0.134498,0.366224,-8.989282,130.136032,25.236794,0.075161,0.942069,-0.209236,0.251150,-3.158457,143.002045,21.687786,-0.009731,0.847923,0.101966,0.520130,-11.796794,123.752022,22.796989,0.156340,-0.433988,0.178644,-0.869079,-20.684254,125.487282,5.669871,0.075459,-0.005811,-0.492904,-0.866786,-5.852553,113.658318,-12.846679,0.232880,0.132999,-0.505116,-0.820327,5.407622,132.357407,-14.696810,-0.119878,0.927653,0.054304,0.349485,-7.285643,123.954857,28.720108,0.263778,0.921825,0.025092,-0.282898,6.798549,127.528397,41.534225,-0.137680,0.538630,0.460398,-0.692067,25.376060,115.012703,27.356783,0.005070,0.302307,0.556519,-0.773868,25.474844,133.636063,12.688033,0.090025,0.825465,0.175228,0.528960,-9.230328,83.739159,15.931639,0.120795,0.916840,0.022895,0.379853,-7.920300,50.860977,2.225167,-0.023968,0.934657,0.029202,0.353539,-17.097754,7.256114,-3.788871,-0.149400,0.847244,0.014734,0.509550,-1.443734,84.681908,32.839497,-0.000685,0.861596,-0.117747,0.493748,8.115220,50.643696,37.376591,-0.013985,0.879669,0.025709,0.474685,2.940079,6.926346,46.530293,-0.023968,0.934657,0.029202,0.353539,-7.482539,2.215852,-14.477508,-0.013985,0.879669,0.025709,0.474685,14.901145,1.697067,38.675922
462,3.850000,-0.015090,0.841262,-0.024154,0.539877,-5.275221,84.209991,24.468672,-0.050193,0.880764,0.065611,0.466295,-5.269942,91.839394,24.033596,-0.021587,0.895498,0.011228,0.444401,-8.017469,109.954544,25.296556,0.123881,0.911677,-0.137213,0.366975,-9.000194,130.134384,25.315199,0.076113,0.941675,-0.209897,0.251791,-3.098909,142.956192,21.722963,-0.011827,0.845709,0.105222,0.523034,-11.784250,123.743141,22.867418,0.152736,-0.430900,0.172257,-0.872539,-20.552567,125.488022,5.679974,0.068374,0.005661,-0.502128,-0.862068,-5.460413,114.029732,-12.859197,0.222765,0.148437,-0.512386,-0.815968,5.403793,133.022110,-14.150185,-0.122191,0.927243,0.056083,0.349491,-7.284940,123.956772,28.799158,0.257535,0.923256,0.025011,-0.283987,6.777408,127.587379,41.621223,-0.148487,0.530391,0.458525,-0.697418,25.494713,115.357498,27.378374,-0.002857,0.293682,0.551157,-0.781005,25.094275,134.255539,13.066803,0.090701,0.825340,0.174590,0.529250,-9.157721,83.730331,16.010246,0.121326,0.916506,0.023561,0.380450,-7.907100,50.844948,2.315472,-0.023965,0.934629,0.029446,0.353591,-17.100647,7.254413,-3.777392,-0.149239,0.847234,0.015276,0.509597,-1.392722,84.689651,32.927097,0.000135,0.861569,-0.117626,0.493825,8.176162,50.649189,37.426189,-0.013443,0.879515,0.025957,0.474973,2.942038,6.929245,46.533821,-0.023965,0.934629,0.029446,0.353591,-7.483470,2.220686,-14.467345,-0.013443,0.879515,0.025957,0.474973,14.904160,1.698864,38.681801
463,3.858333,-0.015574,0.840879,-0.024021,0.540466,-5.216957,84.210648,24.547348,-0.050274,0.880296,0.065644,0.467164,-5.218684,91.839920,24.109991,-0.022544,0.894973,0.012061,0.445387,-7.971189,109.958092,25.370136,0.124924,0.911156,-0.137906,0.367655,-9.003528,130.135422,25.400576,0.077539,0.941192,-0.211622,0.251716,-3.065853,142.940414,21.808260,-0.013630,0.844112,0.107829,0.525035,-11.766438,123.739090,22.942198,0.149562,-0.427632,0.165906,-0.875921,-20.451706,125.486931,5.712937,0.061598,0.016098,-0.510352,-0.857605,-5.096952,114.391121,-12.831089,0.211512,0.163141,-0.519992,-0.811330,5.395657,133.627243,-13.604114,-0.125143,0.926622,0.057843,0.349809,-7.280832,123.959610,28.884052,0.252290,0.924467,0.025829,-0.284680,6.744615,127.668724,41.724049,-0.158140,0.523309,0.457014,-0.701625,25.582806,115.692650,27.425009,-0.010076,0.286043,0.544667,-0.788299,24.763077,134.818192,13.444182,0.091268,0.825322,0.173787,0.529445,-9.087322,83.724579,16.083727,0.121778,0.916590,0.024525,0.380042,-7.897818,50.826611,2.413797,-0.024359,0.934590,0.029526,0.353661,-17.097477,7.250124,-3.769655,-0.149027,0.847200,0.015704,0.509703,-1.346591,84.696709,33.010971,0.000756,0.861353,-0.117376,0.494260,8.224800,50.652683,37.477669,-0.014052,0.879470,0.025911,0.475041,2.949066,6.927499,46.536018,-0.024359,0.934590,0.029526,0.353661,-7.474420,2.222701,-14.457282,-0.014052,0.879470,0.025911,0.475041,14.918065,1.704222,38.689743
464,3.866667,-0.015980,0.840504,-0.023927,0.541040,-5.163145,84.210426,24.617121,-0.050324,0.879853,0.065704,0.467984,-5.170573,91.839577,24.177616,-0.023512,0.894474,0.012749,0.446319,-7.927752,109.962822,25.436666,0.126232,0.910625,-0.138059,0.368466,-9.007469,130.137665,25.473448,0.078740,0.940719,-0.213312,0.251686,-3.031155,142.929520,21.898458,-0.015225,0.842566,0.110286,0.526961,-11.750192,123.735916,23.006557,0.146485,-0.424157,0.160060,-0.879212,-20.355164,125.490700,5.737762,0.055237,0.026391,-0.518491,-0.852889,-4.742420,114.735207,-12.791352,0.201701,0.176419,-0.527319,-0.806305,5.368663,134.199875,-13.060238,-0.127545,0.926170,0.059939,0.349784,-7.277631,123.964432,28.957939,0.247482,0.925615,0.026081,-0.285148,6.724967,127.729202,41.806671,-0.167388,0.516322,0.455179,-0.705836,25.676432,115.978149,27.470661,-0.017282,0.279243,0.539259,-0.794307,24.433008,135.307129,13.805270,0.091694,0.825211,0.173100,0.529770,-9.021700,83.718803,16.148430,0.122317,0.916548,0.025298,0.379919,-7.878466,50.809395,2.502079,-0.024272,0.934560,0.029748,0.353729,-17.095993,7.248217,-3.762093,-0.148878,0.847111,0.016079,0.509881,-1.304591,84.702049,33.085812,0.001394,0.861148,-0.117173,0.494665,8.270636,50.655685,37.526424,-0.013589,0.879345,0.026258,0.475266,2.950306,6.926340,46.538475,-0.024272,0.934560,0.029748,0.353729,-7.471563,2.225860,-14.450860,-0.013589,0.879345,0.026258,0.475266,14.920507,1.705515,38.692410
465,3.875000,-0.016476,0.840130,-0.023809,0.541612,-5.101418,84.212700,24.682552,-0.050544,0.879426,0.065754,0.468755,-5.115884,91.841682,24.240459,-0.024355,0.894012,0.013683,0.447171,-7.883205,109.971146,25.495386,0.127638,0.909978,-0.138930,0.369252,-9.010276,130.143356,25.549591,0.079684,0.940269,-0.214626,0.251954,-2.986297,142.912994,21.975195,-0.017138,0.840574,0.113260,0.529446,-11.733260,123.737595,23.071266,0.143664,-0.421126,0.154995,-0.882038,-20.234114,125.502884,5.752043,0.048859,0.036669,-0.526101,-0.848225,-4.400934,115.046822,-12.761395,0.191574,0.189600,-0.533499,-0.801705,5.336212,134.709747,-12.524364,-0.129090,0.925513,0.060740,0.350817,-7.272644,123.970818,29.031424,0.243327,0.926635,0.028527,-0.285177,6.686551,127.774452,41.915890,-0.174997,0.510025,0.453755,-0.709477,25.745260,116.251183,27.537220,-0.024159,0.273789,0.534086,-0.799505,24.134832,135.735413,14.153377,0.092172,0.825130,0.172496,0.530009,-8.948138,83.714363,16.208872,0.122851,0.916623,0.025984,0.379520,-7.852367,50.796318,2.579467,-0.023902,0.934576,0.029932,0.353696,-17.092169,7.250065,-3.755264,-0.148437,0.846795,0.016363,0.510525,-1.254699,84.711037,33.156231,0.001683,0.860305,-0.116950,0.496180,8.301689,50.655998,37.570835,-0.013338,0.879210,0.026546,0.475507,2.953068,6.922036,46.543686,-0.023902,0.934576,0.029932,0.353696,-7.471672,2.228741,-14.448062,-0.013338,0.879210,0.026546,0.475507,14.926517,1.705049,38.700020
466,3.883333,-0.016844,0.839766,-0.023584,0.542175,-5.041011,84.214188,24.742544,-0.050598,0.878947,0.065723,0.469652,-5.061777,91.843155,24.300270,-0.025275,0.893462,0.014491,0.448193,-7.831416,109.971474,25.550360,0.129013,0.909312,-0.139513,0.370193,-9.006330,130.140930,25.615793,0.080386,0.939870,-0.215746,0.252261,-2.937398,142.891708,22.050138,-0.018530,0.838975,0.116020,0.531335,-11.708436,123.730469,23.126810,0.140737,-0.417612,0.150563,-0.884943,-20.129719,125.516701,5.770907,0.043379,0.046401,-0.533401,-0.843474,-4.068486,115.336266,-12.699647,0.183350,0.201810,-0.540304,-0.796070,5.297599,135.177521,-11.997104,-0.131673,0.924764,0.062618,0.351499,-7.262123,123.970100,29.097387,0.237710,0.927766,0.019676,-0.286977,6.652390,127.835396,42.011795,-0.185814,0.507061,0.449629,-0.711475,25.799719,116.441872,27.647490,-0.030596,0.268953,0.529337,-0.804072,23.866314,136.100815,14.487765,0.092758,0.824969,0.171788,0.530387,-8.876122,83.712212,16.263821,0.123272,0.916649,0.026654,0.379273,-7.835885,50.784538,2.653329,-0.023637,0.934569,0.030183,0.353711,-17.088421,7.250780,-3.748347,-0.148352,0.847020,0.016500,0.510173,-1.205900,84.716164,33.221268,0.002375,0.860196,-0.116814,0.496398,8.352274,50.659645,37.620537,-0.012781,0.879087,0.026974,0.475726,2.953922,6.923077,46.550762,-0.023637,0.934569,0.030183,0.353711,-7.469467,2.233436,-14.444394,-0.012781,0.879087,0.026974,0.475726,14.927943,1.709277,38.705860
467,3.891667,-0.017317,0.839464,-0.023263,0.542641,-4.978368,84.216728,24.793303,-0.051148,0.878444,0.065865,0.470511,-5.007614,91.845680,24.351217,-0.025565,0.892940,0.015516,0.449182,-7.799367,109.976196,25.593925,0.129991,0.908720,-0.140436,0.370955,-9.003399,130.143814,25.689772,0.081359,0.939438,-0.216670,0.252767,-2.897237,142.875275,22.118654,-0.019890,0.837472,0.118184,0.533177,-11.690833,123.733566,23.184385,0.137924,-0.414216,0.146534,-0.887654,-20.034149,125.529709,5.791888,0.038266,0.055912,-0.540051,-0.838901,-3.759666,115.604378,-12.630791,0.175468,0.213626,-0.545558,-0.791165,5.252907,135.594849,-11.478376,-0.133205,0.924006,0.063262,0.352798,-7.257958,123.969795,29.165087,0.238514,0.928170,0.039167,-0.282981,6.605392,127.874100,42.122704,-0.185231,0.498035,0.452532,-0.716147,25.853184,116.724205,27.701616,-0.036607,0.265097,0.525621,-0.807531,23.623106,136.402908,14.805232,0.093406,0.824726,0.171004,0.530905,-8.803751,83.710495,16.310438,0.123643,0.916662,0.027252,0.379078,-7.823347,50.772274,2.721068,-0.023814,0.934584,0.030342,0.353645,-17.086708,7.249660,-3.740437,-0.148059,0.846930,0.016612,0.510405,-1.152986,84.722969,33.276169,0.002777,0.859901,-0.116702,0.496933,8.390870,50.660515,37.660534,-0.012201,0.879028,0.027514,0.475819,2.960901,6.921777,46.560925,-0.023814,0.934584,0.030342,0.353645,-7.466923,2.238415,-14.438593,-0.012201,0.879028,0.027514,0.475819,14.933642,1.713697,38.710274
468,3.900000,-0.017833,0.839259,-0.023027,0.542952,-4.915757,84.220428,24.837362,-0.051284,0.877984,0.066326,0.471291,-4.953407,91.849266,24.394012,-0.026420,0.892404,0.016412,0.450164,-7.759076,109.980370,25.646883,0.130760,0.908232,-0.140733,0.371768,-9.010326,130.145020,25.758123,0.082607,0.938958,-0.217891,0.253097,-2.877779,142.866058,22.195072,-0.021160,0.835886,0.120463,0.535104,-11.677255,123.730804,23.241047,0.134821,-0.410846,0.143315,-0.890219,-19.938782,125.543121,5.811226,0.033730,0.065395,-0.546208,-0.834412,-3.467417,115.841995,-12.555822,0.169135,0.225218,-0.550317,-0.786016,5.206098,135.966476,-10.967490,-0.134844,0.923281,0.064321,0.353881,-7.258198,123.971962,29.231766,0.239124,0.928352,0.055449,-0.279119,6.558487,127.913986,42.227753,-0.184951,0.490486,0.454193,-0.720365,25.905933,116.964706,27.786293,-0.042427,0.262526,0.522313,-0.810228,23.403566,136.644943,15.103038,0.093965,0.824450,0.170331,0.531450,-8.734525,83.708450,16.351864,0.124020,0.916804,0.027787,0.378572,-7.804008,50.761307,2.780612,-0.023634,0.934610,0.030574,0.353568,-17.083050,7.249725,-3.732479,-0.147850,0.846997,0.016613,0.510353,-1.096988,84.732407,33.322861,0.003331,0.859872,-0.116657,0.496992,8.434919,50.665546,37.698952,-0.011724,0.878963,0.027809,0.475934,2.963540,6.926173,46.570812,-0.023634,0.934610,0.030574,0.353568,-7.466084,2.242786,-14.435190,-0.011724,0.878963,0.027809,0.475934,14.935158,1.719055,38.717804
469,3.908333,-0.018001,0.838992,-0.022901,0.543363,-4.871587,84.218979,24.875303,-0.051397,0.877520,0.066832,0.472070,-4.912229,91.847816,24.432152,-0.026900,0.891903,0.017031,0.451105,-7.731384,109.976151,25.696781,0.131741,0.907585,-0.141788,0.372600,-9.011281,130.138947,25.820244,0.083429,0.938570,-0.218448,0.253782,-2.839855,142.838943,22.249285,-0.022282,0.834339,0.122949,0.536903,-11.663840,123.722839,23.292801,0.132977,-0.407598,0.140115,-0.892496,-19.848745,125.560257,5.829488,0.030018,0.074627,-0.551849,-0.830055,-3.188319,116.056358,-12.470033,0.162704,0.236424,-0.554297,-0.781271,5.159239,136.290985,-10.475126,-0.136573,0.922415,0.065264,0.355301,-7.257806,123.965775,29.293034,0.230233,0.929925,0.020052,-0.286060,6.501676,127.948547,42.337204,-0.203326,0.496496,0.444625,-0.717258,25.862408,116.901230,27.988499,-0.047607,0.260705,0.519312,-0.812454,23.213985,136.827271,15.378266,0.094364,0.824200,0.169909,0.531903,-8.681910,83.705551,16.386095,0.124374,0.916574,0.028019,0.378996,-7.783650,50.753532,2.824505,-0.023450,0.934619,0.030668,0.353548,-17.080324,7.251024,-3.723963,-0.147805,0.846895,0.016818,0.510528,-1.061264,84.732407,33.364513,0.003806,0.859773,-0.116644,0.497162,8.474549,50.665092,37.728554,-0.011264,0.878866,0.028177,0.476103,2.965233,6.925750,46.577061,-0.023450,0.934619,0.030668,0.353548,-7.465363,2.244707,-14.428766,-0.011264,0.878866,0.028177,0.476103,14.937222,1.721657,38.722610
470,3.916667,-0.018236,0.838826,-0.022730,0.543619,-4.822299,84.216103,24.908518,-0.051396,0.876972,0.067269,0.473026,-4.867235,91.844925,24.465597,-0.027408,0.891254,0.017848,0.452324,-7.695903,109.975143,25.741482,0.132013,0.907081,-0.142308,0.373531,-9.009158,130.135681,25.883293,0.084635,0.938086,-0.219189,0.254534,-2.821047,142.827011,22.310379,-0.023204,0.833019,0.125057,0.538426,-11.644287,123.718002,23.341656,0.131247,-0.404300,0.137390,-0.894673,-19.764120,125.578049,5.850381,0.027009,0.083925,-0.557361,-0.825576,-2.921656,116.247574,-12.371576,0.157793,0.247539,-0.557856,-0.776288,5.094661,136.580719,-9.986770,-0.137553,0.921701,0.065750,0.356683,-7.255071,123.961617,29.354174,0.228723,0.930470,0.019581,-0.285532,6.455868,127.965378,42.442955,-0.207840,0.494545,0.443017,-0.718306,25.869347,116.978226,28.119343,-0.052293,0.259395,0.516300,-0.814502,23.061691,136.956741,15.631517,0.094494,0.824136,0.169629,0.532069,-8.627276,83.700684,16.417030,0.124870,0.916543,0.028273,0.378890,-7.744827,50.743622,2.866683,-0.023167,0.934640,0.030774,0.353503,-17.073690,7.253522,-3.718345,-0.147677,0.846859,0.016914,0.510623,-1.017322,84.731522,33.400005,0.004292,0.859827,-0.116709,0.497049,8.513969,50.661743,37.754654,-0.011145,0.878833,0.028433,0.476152,2.965317,6.924123,46.587109,-0.023167,0.934640,0.030774,0.353503,-7.462297,2.247082,-14.426294,-0.011145,0.878833,0.028433,0.476152,14.938293,1.724851,38.730968
471,3.925000,-0.018434,0.838649,-0.022356,0.543900,-4.773851,84.211960,24.932714,-0.051551,0.876440,0.067765,0.473923,-4.824286,91.840935,24.492926,-0.027677,0.890657,0.018714,0.453446,-7.668684,109.973564,25.779461,0.133065,0.906572,-0.142262,0.374411,-9.007651,130.132217,25.945854,0.085351,0.937730,-0.220139,0.254789,-2.789080,142.814392,22.393391,-0.023940,0.831928,0.126706,0.539693,-11.628342,123.714760,23.388763,0.130123,-0.401061,0.134716,-0.896699,-19.693888,125.592682,5.874296,0.024099,0.092428,-0.562250,-0.821433,-2.674547,116.421005,-12.263745,0.151758,0.257748,-0.561233,-0.771721,5.036556,136.831085,-9.520488,-0.138501,0.920820,0.066128,0.358519,-7.254481,123.955551,29.412573,0.229868,0.930844,0.029873,-0.282485,6.395434,127.978516,42.559124,-0.207514,0.491178,0.443734,-0.720265,25.872835,117.081299,28.253614,-0.056673,0.259357,0.513255,-0.816144,22.945309,137.033920,15.866632,0.094862,0.824032,0.169175,0.532308,-8.572992,83.697189,16.438576,0.125150,0.916212,0.028341,0.379591,-7.725790,50.734146,2.900520,-0.022932,0.934688,0.031033,0.353369,-17.069920,7.250688,-3.706680,-0.147673,0.846820,0.016930,0.510688,-0.974708,84.726738,33.426849,0.004890,0.860020,-0.116749,0.496701,8.556637,50.656925,37.781136,-0.010845,0.878727,0.028699,0.476337,2.963529,6.920642,46.592091,-0.022932,0.934688,0.031033,0.353369,-7.463105,2.248693,-14.420816,-0.010845,0.878727,0.028699,0.476337,14.938217,1.724000,38.736820
472,3.933333,-0.018599,0.838467,-0.022036,0.544189,-4.726537,84.210617,24.954384,-0.051698,0.875925,0.068206,0.474796,-4.781606,91.839714,24.517307,-0.028051,0.890072,0.019540,0.454536,-7.639406,109.968163,25.812435,0.133511,0.906109,-0.142344,0.375340,-9.007146,130.124695,26.000008,0.086185,0.937309,-0.220793,0.255489,-2.771745,142.801636,22.458401,-0.024261,0.830979,0.128270,0.540769,-11.612556,123.706673,23.428743,0.130756,-0.397928,0.131661,-0.898455,-19.632446,125.613190,5.896412,0.021862,0.100939,-0.566553,-0.817528,-2.437231,116.582787,-12.146383,0.145393,0.266572,-0.565214,-0.767029,4.987048,137.047928,-9.062142,-0.138651,0.920026,0.066139,0.360491,-7.253747,123.946289,29.463503,0.229503,0.931345,0.031019,-0.281003,6.339631,127.965141,42.669754,-0.210352,0.490813,0.442352,-0.720541,25.870211,117.094566,28.416559,-0.060724,0.260413,0.509883,-0.817629,22.868399,137.063736,16.084251,0.095306,0.823768,0.169015,0.532688,-8.519709,83.696442,16.457542,0.125479,0.915901,0.028171,0.380246,-7.698279,50.735550,2.912664,-0.022601,0.934686,0.030975,0.353399,-17.070112,7.258645,-3.698417,-0.147547,0.846763,0.016987,0.510816,-0.933364,84.724792,33.451225,0.005247,0.859865,-0.116835,0.496945,8.591991,50.652458,37.798882,-0.010448,0.878646,0.028993,0.476478,2.964942,6.918308,46.598839,-0.022601,0.934686,0.030975,0.353399,-7.466180,2.251671,-14.412810,-0.010448,0.878646,0.028993,0.476478,14.939746,1.723677,38.742420
473,3.941667,-0.018709,0.838258,-0.021668,0.544522,-4.681671,84.208542,24.968859,-0.052045,0.875374,0.068786,0.475690,-4.741037,91.837814,24.535551,-0.028109,0.889490,0.020423,0.455632,-7.621309,109.961655,25.840187,0.133375,0.905833,-0.142241,0.376093,-9.007610,130.116623,26.056707,0.087454,0.936857,-0.221459,0.256138,-2.772565,142.795761,22.522345,-0.024893,0.830055,0.129821,0.541790,-11.600989,123.700417,23.468832,0.128124,-0.394025,0.130881,-0.900666,-19.576866,125.625084,5.918412,0.018454,0.107360,-0.571161,-0.813578,-2.206917,116.698524,-12.008322,0.139704,0.274128,-0.568441,-0.763028,4.932939,137.234421,-8.628366,-0.139281,0.919258,0.066047,0.362220,-7.257093,123.934242,29.514563,0.231478,0.931533,0.038565,-0.277807,6.281092,127.968277,42.772789,-0.209822,0.489691,0.442747,-0.721216,25.858059,117.103745,28.578747,-0.064169,0.262378,0.507173,-0.818423,22.826090,137.041885,16.283590,0.095584,0.823695,0.168814,0.532816,-8.468012,83.696320,16.468851,0.125783,0.915815,0.028105,0.380358,-7.668494,50.734360,2.925256,-0.022421,0.934699,0.030957,0.353378,-17.066374,7.263991,-3.691818,-0.147520,0.846674,0.017021,0.510971,-0.895330,84.720764,33.468864,0.005650,0.859820,-0.116904,0.497002,8.628902,50.647949,37.815247,-0.010220,0.878555,0.029273,0.476634,2.967068,6.915635,46.601997,-0.022421,0.934699,0.030957,0.353378,-7.464827,2.254658,-14.407248,-0.010220,0.878555,0.029273,0.476634,14.943827,1.724942,38.745953
474,3.950000,-0.018664,0.838000,-0.021245,0.544936,-4.640305,84.203072,24.977404,-0.052186,0.874811,0.069458,0.476611,-4.702401,91.832649,24.549858,-0.028346,0.888891,0.021229,0.456749,-7.600566,109.954521,25.870615,0.134150,0.905348,-0.142136,0.377022,-9.010479,130.107605,26.109945,0.087975,0.936524,-0.222102,0.256620,-2.752277,142.780701,22.594839,-0.025343,0.829297,0.131448,0.542536,-11.590043,123.691818,23.507244,0.127666,-0.390504,0.129401,-0.902476,-19.533710,125.640724,5.944894,0.016487,0.113951,-0.574613,-0.810286,-1.996887,116.805824,-11.864394,0.134269,0.281126,-0.572010,-0.758778,4.905751,137.380707,-8.217483,-0.139157,0.918420,0.065413,0.364503,-7.261520,123.922714,29.564100,0.228521,0.932286,0.020232,-0.279664,6.213718,127.950920,42.888058,-0.217367,0.495395,0.437656,-0.718187,25.807920,116.955246,28.819334,-0.065972,0.264304,0.506398,-0.818140,22.817963,136.968658,16.457912,0.095908,0.823497,0.168561,0.533143,-8.418265,83.695778,16.473373,0.126011,0.915814,0.028057,0.380289,-7.642151,50.732170,2.932431,-0.022206,0.934718,0.031008,0.353338,-17.060633,7.266727,-3.687711,-0.147535,0.846451,0.017129,0.511332,-0.862345,84.710365,33.481434,0.005969,0.859500,-0.116999,0.497529,8.664796,50.638115,37.825890,-0.010100,0.878444,0.029601,0.476820,2.968687,6.908131,46.602104,-0.022206,0.934718,0.031008,0.353338,-7.462014,2.256510,-14.405349,-0.010100,0.878444,0.029601,0.476820,14.949213,1.724064,38.747425
475,3.958333,-0.018495,0.837689,-0.020968,0.545431,-4.606816,84.197083,24.982870,-0.052245,0.874336,0.070059,0.477388,-4.668820,91.826935,24.560240,-0.028597,0.888407,0.021991,0.457637,-7.580097,109.942879,25.896389,0.134824,0.904971,-0.141894,0.377777,-9.013317,130.094055,26.157003,0.088633,0.936235,-0.222571,0.257042,-2.736706,142.763580,22.661919,-0.025603,0.828847,0.132546,0.542945,-11.580431,123.678467,23.541508,0.127987,-0.387176,0.127787,-0.904093,-19.506382,125.644669,5.973081,0.015797,0.120337,-0.577394,-0.807394,-1.810326,116.891968,-11.718904,0.130076,0.288282,-0.573862,-0.755418,4.884722,137.491196,-7.844524,-0.138934,0.917660,0.064864,0.366594,-7.264222,123.907005,29.607237,0.229606,0.932757,0.019425,-0.277253,6.154186,127.925667,42.991291,-0.217922,0.497882,0.436410,-0.717057,25.793251,116.856232,29.043501,-0.066855,0.267616,0.504199,-0.818349,22.868481,136.844803,16.621323,0.096093,0.823482,0.168378,0.533191,-8.374845,83.695145,16.474117,0.126183,0.915932,0.028024,0.379950,-7.615817,50.729668,2.936764,-0.022116,0.934810,0.031016,0.353100,-17.051781,7.267958,-3.683006,-0.147605,0.846163,0.017373,0.511780,-0.838787,84.699020,33.491623,0.006264,0.859421,-0.117175,0.497621,8.699027,50.628841,37.828957,-0.010148,0.878410,0.029719,0.476875,2.971290,6.902885,46.604675,-0.022116,0.934810,0.031016,0.353100,-7.459468,2.256949,-14.405918,-0.010148,0.878410,0.029719,0.476875,14.953855,1.722450,38.750706
476,3.966667,-0.018663,0.837421,-0.020468,0.545856,-4.564757,84.193741,24.982517,-0.052563,0.873906,0.070843,0.478023,-4.632871,91.823814,24.564856,-0.028646,0.888008,0.022747,0.458371,-7.568231,109.929825,25.917944,0.134869,0.904737,-0.141875,0.378329,-9.017425,130.079514,26.203568,0.089635,0.935911,-0.222821,0.257657,-2.736983,142.748688,22.714123,-0.025839,0.828424,0.133679,0.543301,-11.575323,123.665527,23.575188,0.129562,-0.383788,0.126121,-0.905546,-19.485815,125.650230,6.001875,0.016219,0.126526,-0.580015,-0.804556,-1.628855,116.958595,-11.558048,0.127316,0.294429,-0.576133,-0.751780,4.864001,137.580582,-7.493079,-0.138859,0.916854,0.064187,0.368750,-7.269175,123.889137,29.648245,0.235584,0.932676,0.039193,-0.270334,6.088599,127.905060,43.093636,-0.209094,0.495615,0.440680,-0.718642,25.781076,116.817215,29.236082,-0.065771,0.271337,0.504900,-0.816778,22.939869,136.664200,16.769249,0.096270,0.823417,0.168239,0.533304,-8.324029,83.694206,16.469753,0.126433,0.916381,0.028093,0.378776,-7.578875,50.727837,2.933802,-0.022096,0.934899,0.030833,0.352881,-17.041090,7.272139,-3.687976,-0.147510,0.846057,0.017452,0.511981,-0.805485,84.693275,33.495285,0.006520,0.859333,-0.117360,0.497726,8.728622,50.621307,37.826622,-0.009940,0.878320,0.029857,0.477037,2.971759,6.899548,46.604130,-0.022096,0.934899,0.030833,0.352881,-7.454553,2.255944,-14.413627,-0.009940,0.878320,0.029857,0.477037,14.955857,1.719747,38.752094
477,3.975000,-0.018553,0.837185,-0.020031,0.546239,-4.531780,84.185097,24.973148,-0.052841,0.873557,0.071713,0.478501,-4.601942,91.815498,24.561953,-0.028652,0.887712,0.023511,0.458906,-7.562480,109.918167,25.936460,0.135719,0.904456,-0.141510,0.378832,-9.026200,130.066406,26.248499,0.090370,0.935660,-0.223251,0.257938,-2.725528,142.731842,22.782036,-0.026031,0.828055,0.134428,0.543670,-11.576488,123.654305,23.608162,0.129944,-0.380301,0.125458,-0.907053,-19.471046,125.650917,6.029038,0.016247,0.131364,-0.582319,-0.802113,-1.463959,116.997353,-11.395847,0.124494,0.299645,-0.577814,-0.748896,4.856397,137.642532,-7.175954,-0.137955,0.916224,0.063068,0.370843,-7.277645,123.872467,29.686590,0.237932,0.933040,0.038800,-0.267055,6.029826,127.863777,43.189064,-0.207716,0.499383,0.440179,-0.716738,25.756763,116.642822,29.488558,-0.064649,0.276266,0.504479,-0.815475,23.071909,136.436386,16.906162,0.096414,0.823379,0.168092,0.533382,-8.283332,83.691650,16.456621,0.126632,0.916608,0.028020,0.378164,-7.551085,50.723721,2.923770,-0.021929,0.934928,0.030806,0.352818,-17.036327,7.272187,-3.692344,-0.147519,0.846035,0.017395,0.512016,-0.780228,84.678535,33.489674,0.006770,0.859353,-0.117493,0.497657,8.752129,50.606613,37.825226,-0.010109,0.878254,0.029990,0.477145,2.970713,6.887963,46.602119,-0.021929,0.934928,0.030806,0.352818,-7.453019,2.253510,-14.419718,-0.010109,0.878254,0.029990,0.477145,14.959013,1.713797,38.752781
478,3.983333,-0.018445,0.837045,-0.019458,0.546477,-4.493616,84.174644,24.957834,-0.053192,0.873197,0.072718,0.478968,-4.567065,91.805458,24.554852,-0.028612,0.887393,0.024095,0.459494,-7.557222,109.901978,25.953606,0.135757,0.904335,-0.140911,0.379330,-9.030524,130.049194,26.286346,0.091384,0.935348,-0.223589,0.258419,-2.732068,142.721008,22.839180,-0.026002,0.827815,0.135250,0.543833,-11.574451,123.638893,23.635496,0.130812,-0.376879,0.125160,-0.908397,-19.462208,125.654854,6.055528,0.016821,0.135696,-0.584525,-0.799772,-1.313767,117.012932,-11.227923,0.122602,0.303941,-0.579151,-0.746440,4.842624,137.682922,-6.885345,-0.137628,0.915434,0.061988,0.373092,-7.283624,123.852180,29.719757,0.241364,0.933227,0.038423,-0.263351,5.962533,127.837814,43.284058,-0.205663,0.504255,0.439990,-0.714029,25.706450,116.431808,29.761965,-0.063283,0.282788,0.504930,-0.813063,23.244587,136.161942,17.034487,0.096634,0.823243,0.167953,0.533596,-8.240377,83.688690,16.438770,0.126890,0.916716,0.027835,0.377832,-7.522795,50.720451,2.905858,-0.021998,0.934925,0.030637,0.352836,-17.037670,7.273870,-3.700249,-0.147466,0.845967,0.017272,0.512147,-0.746853,84.660599,33.476898,0.007013,0.859424,-0.117726,0.497476,8.777279,50.587250,37.819332,-0.010081,0.878213,0.030404,0.477196,2.968533,6.873825,46.604210,-0.021998,0.934925,0.030637,0.352836,-7.453801,2.251371,-14.425334,-0.010081,0.878213,0.030404,0.477196,14.959560,1.709728,38.752399
479,3.991667,-0.018272,0.837000,-0.018925,0.546570,-4.460311,84.162117,24.936481,-0.053605,0.872890,0.073795,0.479317,-4.535963,91.793343,24.541746,-0.028351,0.887138,0.024520,0.459979,-7.558635,109.881927,25.966267,0.135613,0.904322,-0.140084,0.379721,-9.030695,130.028900,26.318285,0.092506,0.935058,-0.223821,0.258868,-2.741748,142.711349,22.892962,-0.025783,0.827716,0.135896,0.543833,-11.572325,123.621559,23.658117,0.132259,-0.373724,0.124935,-0.909522,-19.460533,125.658241,6.080741,0.017821,0.139705,-0.586415,-0.797673,-1.183558,117.012932,-11.065011,0.120891,0.307943,-0.580072,-0.744361,4.826925,137.704712,-6.621375,-0.136585,0.914694,0.060624,0.375505,-7.287916,123.828209,29.747131,0.244344,0.933578,0.035204,-0.259785,5.899320,127.786980,43.376553,-0.204426,0.510535,0.438798,-0.710648,25.665379,116.177353,30.061695,-0.062075,0.290249,0.505466,-0.810189,23.453974,135.837189,17.161085,0.096905,0.823023,0.167820,0.533928,-8.205297,83.684265,16.416178,0.126934,0.916730,0.027520,0.377804,-7.503173,50.716579,2.881128,-0.022070,0.934984,0.030667,0.352672,-17.032660,7.269445,-3.700223,-0.147516,0.846056,0.017051,0.511994,-0.715325,84.639969,33.456787,0.007332,0.859648,-0.117940,0.497032,8.804494,50.567127,37.812649,-0.010342,0.878137,0.030681,0.477312,2.966068,6.858668,46.602539,-0.022070,0.934984,0.030667,0.352672,-7.451686,2.248453,-14.428604,-0.010342,0.878137,0.030681,0.477312,14.963026,1.705096,38.752876
480,4.000000,-0.018232,0.837008,-0.018406,0.546577,-4.431031,84.156281,24.912403,-0.053905,0.872622,0.074734,0.479624,-4.510503,91.787827,24.524643,-0.028039,0.886906,0.025076,0.460417,-7.558844,109.865280,25.972301,0.135661,0.904253,-0.139522,0.380074,-9.030215,130.011856,26.349302,0.093476,0.934821,-0.223841,0.259358,-2.743682,142.700165,22.941278,-0.025605,0.827746,0.136371,0.543676,-11.569655,123.608139,23.678354,0.133800,-0.370566,0.124925,-0.910589,-19.464811,125.659691,6.105827,0.018852,0.143017,-0.588280,-0.795687,-1.063120,116.999626,-10.898497,0.119371,0.310938,-0.581508,-0.742238,4.809920,137.714981,-6.379194,-0.135875,0.913664,0.058749,0.378555,-7.290989,123.806595,29.771673,0.249006,0.933576,0.035285,-0.255317,5.814618,127.755096,43.482563,-0.201070,0.517118,0.439065,-0.706670,25.580740,115.907494,30.379108,-0.060383,0.298101,0.506723,-0.806673,23.699999,135.474747,17.288025,0.096927,0.822810,0.167929,0.534218,-8.175917,83.684341,16.391727,0.127126,0.917018,0.027238,0.377062,-7.466017,50.719589,2.849951,-0.021941,0.935041,0.030424,0.352549,-17.025970,7.275447,-3.706929,-0.147444,0.846120,0.016796,0.511917,-0.686145,84.628220,33.433079,0.007560,0.859853,-0.118175,0.496619,8.820595,50.553249,37.800846,-0.009885,0.877972,0.031046,0.477602,2.958335,6.850067,46.601097,-0.021941,0.935041,0.030424,0.352549,-7.449890,2.246579,-14.435986,-0.009885,0.877972,0.031046,0.477602,14.957842,1.699449,38.753399
481,4.008333,-0.018244,0.837130,-0.017955,0.546406,-4.404329,84.151718,24.887693,-0.053994,0.872341,0.075752,0.479966,-4.487805,91.783508,24.505606,-0.027885,0.886603,0.025654,0.460976,-7.557738,109.857117,25.983080,0.135346,0.904271,-0.138962,0.380347,-9.034571,130.002853,26.382736,0.094772,0.934587,-0.223915,0.259670,-2.759834,142.700317,22.987062,-0.025384,0.827825,0.136592,0.543510,-11.569137,123.601746,23.700888,0.135778,-0.367632,0.125023,-0.911471,-19.471708,125.664078,6.132948,0.020066,0.145939,-0.589931,-0.793902,-0.956455,116.975693,-10.733114,0.117839,0.313431,-0.583099,-0.740182,4.793771,137.712799,-6.155798,-0.134642,0.912821,0.056550,0.381354,-7.298016,123.793861,29.799706,0.255278,0.933283,0.041116,-0.249251,5.738111,127.720451,43.582943,-0.195243,0.522710,0.440997,-0.702977,25.498857,115.632103,30.692974,-0.058292,0.306720,0.508632,-0.802383,23.975046,135.071594,17.420168,0.096896,0.822766,0.168122,0.534230,-8.152695,83.684196,16.368299,0.127259,0.917062,0.026825,0.376938,-7.433208,50.723629,2.816826,-0.022029,0.935114,0.030166,0.352373,-17.018929,7.280517,-3.709195,-0.147305,0.846248,0.016543,0.511755,-0.655962,84.619247,33.407085,0.007600,0.859978,-0.118464,0.496333,8.834299,50.540756,37.783146,-0.010104,0.878048,0.031119,0.477453,2.958961,6.843784,46.605484,-0.022029,0.935114,0.030166,0.352373,-7.446821,2.245550,-14.438944,-0.010104,0.878048,0.031119,0.477453,14.958328,1.698026,38.754375
482,4.016667,-0.018371,0.837380,-0.017511,0.546032,-4.375596,84.149590,24.860203,-0.054226,0.872222,0.076494,0.480039,-4.464576,91.781548,24.482790,-0.027743,0.886462,0.026394,0.461215,-7.555383,109.852287,25.979698,0.134394,0.904439,-0.138434,0.380479,-9.041012,129.996796,26.408079,0.096262,0.934260,-0.223853,0.260351,-2.794332,142.708878,23.015400,-0.024988,0.828050,0.136882,0.543114,-11.571492,123.598541,23.715591,0.137724,-0.364482,0.125580,-0.912367,-19.491537,125.677361,6.157475,0.022033,0.148673,-0.591509,-0.792167,-0.861442,116.941154,-10.556719,0.117744,0.316051,-0.584531,-0.737951,4.772428,137.707367,-5.947007,-0.133276,0.911875,0.053983,0.384458,-7.303532,123.783554,29.816839,0.260616,0.933072,0.038907,-0.244833,5.654669,127.688370,43.679504,-0.192184,0.530459,0.441362,-0.697766,25.385141,115.300522,31.029779,-0.054964,0.316276,0.510646,-0.797615,24.261145,134.645813,17.564960,0.096854,0.822772,0.168447,0.534127,-8.131483,83.684662,16.343985,0.127332,0.917461,0.026471,0.375966,-7.398378,50.731308,2.775729,-0.021524,0.935207,0.030074,0.352166,-17.009062,7.288179,-3.713372,-0.147077,0.846356,0.016164,0.511653,-0.619708,84.614525,33.376419,0.007679,0.860056,-0.118648,0.496152,8.843994,50.530361,37.765892,-0.010455,0.877999,0.031139,0.477534,2.956160,6.837430,46.599926,-0.021524,0.935207,0.030074,0.352166,-7.447139,2.245462,-14.448553,-0.010455,0.877999,0.031139,0.477534,14.960403,1.696919,38.752842
483,4.025000,-0.018285,0.837714,-0.017138,0.545535,-4.354047,84.146706,24.826288,-0.054226,0.872101,0.077413,0.480111,-4.445260,91.778908,24.454405,-0.027330,0.886309,0.026643,0.461520,-7.551357,109.839104,25.979849,0.134628,0.904436,-0.137648,0.380688,-9.026999,129.983994,26.424355,0.096710,0.934226,-0.223654,0.260477,-2.781065,142.702759,23.055403,-0.024305,0.828584,0.137186,0.542253,-11.558998,123.589310,23.724806,0.139993,-0.361721,0.126105,-0.913048,-19.516537,125.691368,6.186415,0.023960,0.151112,-0.592940,-0.790577,-0.787112,116.901871,-10.388263,0.117322,0.318391,-0.585529,-0.736219,4.738713,137.687057,-5.756798,-0.131443,0.910393,0.050178,0.389088,-7.294889,123.766968,29.828966,0.266200,0.932619,0.036974,-0.240816,5.543349,127.647163,43.809666,-0.187856,0.538740,0.442501,-0.691855,25.221264,114.956459,31.380186,-0.051016,0.325401,0.515098,-0.791319,24.562111,134.194427,17.703213,0.096848,0.822787,0.168797,0.533994,-8.120112,83.686951,16.314283,0.127292,0.917686,0.025972,0.375466,-7.375047,50.741947,2.726404,-0.021816,0.935286,0.029563,0.351981,-17.003029,7.295558,-3.715014,-0.146915,0.846576,0.015750,0.511349,-0.587982,84.606468,33.338295,0.007698,0.860264,-0.118959,0.495718,8.852827,50.517975,37.743366,-0.010675,0.878042,0.031169,0.477448,2.954173,6.831720,46.603138,-0.021816,0.935286,0.029563,0.351981,-7.443997,2.242115,-14.447734,-0.010675,0.878042,0.031169,0.477448,14.959176,1.694964,38.754749
484,4.033333,-0.018276,0.838166,-0.016815,0.544850,-4.327646,84.144089,24.794247,-0.054317,0.872013,0.078447,0.480093,-4.421742,91.776466,24.426653,-0.027212,0.886161,0.026910,0.461795,-7.548967,109.831451,25.983507,0.133456,0.904620,-0.137255,0.380805,-9.025497,129.976028,26.439306,0.097953,0.934012,-0.223215,0.261154,-2.811884,142.709808,23.067369,-0.023682,0.829003,0.137160,0.541647,-11.555667,123.582901,23.734362,0.142198,-0.359030,0.126690,-0.913689,-19.539839,125.700821,6.209995,0.025721,0.153210,-0.594390,-0.789028,-0.715438,116.856720,-10.227460,0.116451,0.320724,-0.587017,-0.734157,4.706462,137.665634,-5.581094,-0.129634,0.909285,0.047296,0.392631,-7.295255,123.757004,29.841202,0.272415,0.932050,0.038216,-0.235822,5.453968,127.604767,43.912022,-0.182629,0.545682,0.444637,-0.686422,25.080603,114.620720,31.706467,-0.046017,0.334222,0.518655,-0.785605,24.866531,133.737534,17.854574,0.096764,0.822991,0.169259,0.533548,-8.107623,83.687820,16.288223,0.127276,0.917967,0.025527,0.374815,-7.346818,50.752789,2.677058,-0.021545,0.935381,0.029243,0.351771,-16.993204,7.303953,-3.720223,-0.146648,0.846945,0.015228,0.510830,-0.547669,84.600365,33.300270,0.007740,0.860417,-0.119201,0.495393,8.861306,50.505138,37.721294,-0.010705,0.878025,0.031276,0.477471,2.952031,6.824118,46.599781,-0.021545,0.935381,0.029243,0.351771,-7.442808,2.239056,-14.455223,-0.010705,0.878025,0.031276,0.477471,14.958265,1.690491,38.751236
485,4.041667,-0.018125,0.838665,-0.016647,0.544092,-4.310900,84.144997,24.758478,-0.054489,0.871860,0.079606,0.480161,-4.404795,91.777542,24.394379,-0.026630,0.885959,0.027000,0.462210,-7.557692,109.824036,25.984713,0.134254,0.904346,-0.137516,0.381081,-9.015296,129.969681,26.453920,0.097851,0.934114,-0.222477,0.261457,-2.777926,142.693222,23.087172,-0.022981,0.829423,0.137354,0.540984,-11.549206,123.580971,23.742071,0.144689,-0.356822,0.127301,-0.914077,-19.562456,125.721573,6.233736,0.027311,0.155135,-0.595585,-0.787696,-0.662477,116.814758,-10.082693,0.115341,0.322575,-0.588823,-0.732072,4.670260,137.641373,-5.422047,-0.128276,0.908293,0.044732,0.395662,-7.294031,123.746513,29.852802,0.279080,0.931264,0.039549,-0.230865,5.376172,127.575241,43.999992,-0.177707,0.552465,0.447094,-0.680668,24.930603,114.279762,32.015816,-0.041991,0.342209,0.522414,-0.779880,25.171638,133.279846,18.015108,0.096394,0.823491,0.169845,0.532657,-8.106370,83.692863,16.259134,0.127215,0.918663,0.025273,0.373143,-7.315800,50.766911,2.627720,-0.021456,0.935519,0.028757,0.351450,-16.977448,7.315516,-3.729014,-0.146512,0.847471,0.014764,0.510010,-0.515429,84.597137,33.257820,0.007915,0.861106,-0.119563,0.494105,8.873045,50.498070,37.692795,-0.011009,0.878053,0.031048,0.477429,2.947442,6.825063,46.599812,-0.021456,0.935519,0.028757,0.351450,-7.436881,2.236546,-14.466106,-0.011009,0.878053,0.031048,0.477429,14.954712,1.689811,38.753910
486,4.050000,-0.018142,0.839268,-0.016422,0.543167,-4.289910,84.150986,24.721415,-0.054630,0.871810,0.080603,0.480068,-4.386284,91.783638,24.360157,-0.026230,0.885836,0.027218,0.462455,-7.560792,109.822807,25.979921,0.134281,0.904335,-0.137287,0.381180,-9.008317,129.968826,26.464033,0.098250,0.934137,-0.221902,0.261714,-2.771992,142.694672,23.104031,-0.022055,0.829865,0.137015,0.540430,-11.544100,123.583519,23.745913,0.146494,-0.354674,0.128348,-0.914479,-19.582153,125.743462,6.251326,0.028715,0.156552,-0.596635,-0.786571,-0.615326,116.765717,-9.948245,0.114570,0.324034,-0.590391,-0.730283,4.643586,137.613434,-5.283730,-0.126832,0.907141,0.042110,0.399043,-7.291994,123.742142,29.858965,0.282165,0.930669,0.019107,-0.232105,5.288380,127.549072,44.091942,-0.181324,0.563989,0.443785,-0.672379,24.720577,113.861206,32.353210,-0.038829,0.350116,0.526852,-0.773524,25.433031,132.860901,18.186373,0.096264,0.823977,0.170304,0.531782,-8.104115,83.700943,16.230350,0.127044,0.919065,0.024929,0.372234,-7.302434,50.784321,2.577077,-0.021896,0.935677,0.027969,0.351065,-16.968166,7.327479,-3.736004,-0.146313,0.848178,0.014168,0.508906,-0.475705,84.601036,33.212479,0.007931,0.861314,-0.119887,0.493663,8.885368,50.496590,37.664005,-0.011336,0.878112,0.030538,0.477344,2.948756,6.830588,46.597965,-0.021896,0.935677,0.027969,0.351065,-7.434451,2.231790,-14.471261,-0.011336,0.878112,0.030538,0.477344,14.955133,1.686914,38.756210
487,4.058333,-0.018064,0.839939,-0.015769,0.542150,-4.264945,84.151581,24.673519,-0.054804,0.871747,0.081637,0.479989,-4.366179,91.784599,24.321409,-0.025720,0.885695,0.027417,0.462742,-7.565001,109.821823,25.971663,0.135105,0.904174,-0.136957,0.381391,-8.998127,129.968460,26.471964,0.098006,0.934276,-0.221363,0.261766,-2.743453,142.690414,23.131386,-0.021298,0.830096,0.136921,0.540129,-11.536930,123.587326,23.746916,0.148419,-0.352998,0.129233,-0.914693,-19.588858,125.767830,6.261267,0.030239,0.158207,-0.597463,-0.785554,-0.571236,116.722717,-9.840977,0.114519,0.325522,-0.591876,-0.728425,4.621181,137.584824,-5.167372,-0.125263,0.906029,0.039438,0.402325,-7.288386,123.737671,29.862652,0.288215,0.929740,0.021340,-0.228169,5.205397,127.520386,44.178120,-0.177460,0.568984,0.446550,-0.667351,24.550667,113.571190,32.604580,-0.036792,0.356654,0.532308,-0.766872,25.647938,132.485657,18.360392,0.095986,0.824571,0.170841,0.530737,-8.099762,83.709442,16.191330,0.126948,0.919573,0.024490,0.371040,-7.278192,50.802059,2.516980,-0.021179,0.935726,0.027757,0.350996,-16.959066,7.341060,-3.744106,-0.146061,0.848761,0.013573,0.508023,-0.430128,84.593727,33.155708,0.007977,0.861695,-0.120381,0.492875,8.899288,50.482838,37.624275,-0.011335,0.878102,0.030702,0.477352,2.945430,6.827569,46.599110,-0.021179,0.935726,0.027757,0.350996,-7.435030,2.232275,-14.481730,-0.011335,0.878102,0.030702,0.477352,14.952746,1.688015,38.756096
488,4.066667,-0.018016,0.840584,-0.015359,0.541163,-4.243209,84.151527,24.626688,-0.055058,0.871648,0.082672,0.479962,-4.347630,91.784760,24.280369,-0.025080,0.885528,0.027609,0.463086,-7.573856,109.821724,25.959761,0.135071,0.904133,-0.136595,0.381630,-8.987885,129.969269,26.478354,0.098044,0.934276,-0.220880,0.262159,-2.736380,142.695511,23.148254,-0.020442,0.830314,0.136639,0.539899,-11.530891,123.593185,23.745367,0.149778,-0.351664,0.130327,-0.914830,-19.593853,125.793945,6.267334,0.031702,0.159790,-0.597832,-0.784894,-0.541428,116.679993,-9.754755,0.114922,0.327121,-0.592484,-0.727150,4.609546,137.550537,-5.069933,-0.123877,0.905073,0.037459,0.405085,-7.286598,123.733566,29.864290,0.297658,0.928263,0.052676,-0.216684,5.134238,127.489838,44.250031,-0.164233,0.565714,0.457025,-0.666425,24.457071,113.445450,32.754395,-0.035870,0.361454,0.537042,-0.761348,25.818094,132.164627,18.534502,0.095831,0.825175,0.171345,0.529664,-8.097990,83.714355,16.153294,0.126825,0.919911,0.024036,0.370274,-7.265460,50.817154,2.455121,-0.021806,0.935796,0.026936,0.350833,-16.956821,7.351377,-3.756320,-0.145815,0.849263,0.012987,0.507269,-0.388428,84.588692,33.100082,0.008012,0.862177,-0.120776,0.491934,8.909411,50.471581,37.586906,-0.011971,0.878163,0.030264,0.477253,2.945200,6.824934,46.596745,-0.021806,0.935796,0.026936,0.350833,-7.432742,2.227004,-14.486478,-0.011971,0.878163,0.030264,0.477253,14.954705,1.683014,38.758629
489,4.075000,-0.017843,0.841183,-0.014858,0.540252,-4.230432,84.154663,24.578465,-0.055041,0.871522,0.083636,0.480025,-4.337142,91.788223,24.240108,-0.024484,0.885316,0.027699,0.463518,-7.580084,109.820938,25.950336,0.135480,0.903979,-0.136133,0.382014,-8.974757,129.969467,26.482655,0.097735,0.934306,-0.220539,0.262456,-2.715655,142.697006,23.171862,-0.019568,0.830443,0.136408,0.539792,-11.521508,123.597931,23.742559,0.150600,-0.350542,0.131553,-0.914950,-19.590303,125.821289,6.270084,0.033090,0.160932,-0.597891,-0.784559,-0.513153,116.640640,-9.684364,0.115553,0.328607,-0.592250,-0.726571,4.619007,137.517395,-4.998679,-0.121388,0.904239,0.035007,0.407912,-7.282745,123.729576,29.865509,0.301850,0.927415,0.055295,-0.213849,5.072676,127.429306,44.322060,-0.162475,0.567951,0.460035,-0.662874,24.326988,113.213989,32.921947,-0.034756,0.364640,0.541355,-0.756812,25.936779,131.913879,18.717405,0.095601,0.825921,0.171751,0.528409,-8.103693,83.725296,16.113102,0.126562,0.920203,0.023688,0.369658,-7.262760,50.834900,2.399126,-0.021922,0.935898,0.026372,0.350598,-16.948641,7.361636,-3.768373,-0.145694,0.849843,0.012474,0.506345,-0.357171,84.584030,33.043827,0.008010,0.862548,-0.121220,0.491175,8.920010,50.463486,37.547230,-0.011576,0.878231,0.030188,0.477143,2.944322,6.826490,46.596123,-0.021922,0.935898,0.026372,0.350598,-7.430602,2.223272,-14.497200,-0.011576,0.878231,0.030188,0.477143,14.947712,1.677268,38.753437
490,4.083333,-0.017589,0.841635,-0.014517,0.539564,-4.225368,84.154060,24.530972,-0.055041,0.871299,0.084601,0.480262,-4.331900,91.787918,24.199188,-0.023793,0.885026,0.027780,0.464102,-7.593204,109.820381,25.939747,0.135984,0.903757,-0.136010,0.382404,-8.965048,129.970078,26.487007,0.097434,0.934369,-0.220093,0.262716,-2.692667,142.694244,23.188387,-0.018726,0.830456,0.136250,0.539840,-11.515772,123.603783,23.738426,0.151295,-0.349717,0.132766,-0.914976,-19.583788,125.851227,6.268670,0.034146,0.161419,-0.597288,-0.784872,-0.493026,116.605232,-9.631656,0.115011,0.329728,-0.592030,-0.726328,4.663145,137.474548,-4.954492,-0.119951,0.903478,0.033653,0.410129,-7.284579,123.725418,29.866817,0.305691,0.926465,0.057485,-0.211923,5.014006,127.389778,44.380726,-0.162118,0.569648,0.463004,-0.659429,24.188072,113.019928,33.039257,-0.034984,0.366481,0.544442,-0.753692,26.017448,131.737473,18.891642,0.095520,0.826366,0.172298,0.527549,-8.112641,83.732155,16.071659,0.126391,0.920261,0.023090,0.369610,-7.259954,50.854065,2.328919,-0.021428,0.935931,0.025985,0.350569,-16.952288,7.374382,-3.782973,-0.145610,0.850201,0.012266,0.505772,-0.338095,84.575966,32.990284,0.007957,0.862748,-0.121727,0.490699,8.929722,50.453312,37.497002,-0.012433,0.878206,0.029710,0.477197,2.940852,6.827316,46.590126,-0.021428,0.935931,0.025985,0.350569,-7.441326,2.220558,-14.510658,-0.012433,0.878206,0.029710,0.477197,14.951041,1.677682,38.758133
491,4.091667,-0.017393,0.842049,-0.014072,0.538938,-4.222062,84.153679,24.485046,-0.055081,0.871008,0.085433,0.480637,-4.329988,91.787834,24.160686,-0.023036,0.884658,0.027908,0.464834,-7.608651,109.819206,25.925980,0.136914,0.903404,-0.136390,0.382770,-8.956296,129.970047,26.490921,0.097053,0.934539,-0.219379,0.262850,-2.655321,142.681290,23.196938,-0.017771,0.830391,0.136036,0.540028,-11.510567,123.609650,23.732019,0.151481,-0.348721,0.134130,-0.915126,-19.572084,125.884338,6.262793,0.035034,0.161328,-0.596976,-0.785089,-0.463720,116.575714,-9.579751,0.114973,0.330100,-0.591654,-0.726471,4.710035,137.445648,-4.927182,-0.118375,0.902907,0.032767,0.411913,-7.288970,123.719978,29.867237,0.308819,0.925508,0.060358,-0.210765,4.967333,127.338371,44.428368,-0.162421,0.569679,0.466524,-0.656842,24.065420,112.859131,33.097851,-0.035816,0.365992,0.548001,-0.751307,26.051035,131.642715,19.048254,0.095283,0.827035,0.172905,0.526343,-8.122063,83.739357,16.031221,0.126183,0.920562,0.022547,0.368966,-7.251986,50.872982,2.261569,-0.021488,0.935976,0.025467,0.350484,-16.949848,7.386342,-3.791762,-0.145583,0.850611,0.011992,0.505097,-0.322061,84.568008,32.938873,0.007909,0.863008,-0.122154,0.490136,8.937873,50.444305,37.453880,-0.012880,0.878263,0.029276,0.477108,2.939862,6.827617,46.585545,-0.021488,0.935976,0.025467,0.350484,-7.441950,2.219227,-14.515770,-0.012880,0.878263,0.029276,0.477108,14.950644,1.673159,38.757633
492,4.100000,-0.017074,0.842436,-0.013637,0.538354,-4.225417,84.150551,24.437000,-0.055039,0.870775,0.086110,0.480943,-4.333049,91.785057,24.120934,-0.022279,0.884356,0.028091,0.465435,-7.623623,109.816490,25.907713,0.137870,0.903084,-0.136301,0.383215,-8.948073,129.968292,26.492512,0.096629,0.934605,-0.219031,0.263061,-2.622075,142.671524,23.215618,-0.016537,0.830286,0.135689,0.540315,-11.506318,123.613907,23.723492,0.151306,-0.348083,0.135103,-0.915255,-19.557467,125.922630,6.253949,0.035834,0.161879,-0.596521,-0.785285,-0.439417,116.574181,-9.553414,0.116928,0.329334,-0.590380,-0.727542,4.752064,137.446945,-4.899158,-0.116676,0.902483,0.032433,0.413352,-7.292543,123.712646,29.864281,0.310779,0.924776,0.065998,-0.209403,4.933243,127.273216,44.465263,-0.163068,0.568166,0.470018,-0.655499,23.997276,112.768082,33.110538,-0.037769,0.364427,0.549775,-0.750676,26.054632,131.623886,19.193333,0.095007,0.827467,0.173423,0.525545,-8.137342,83.745621,15.988231,0.125926,0.921249,0.022281,0.367351,-7.244356,50.888298,2.198468,-0.021366,0.936046,0.025038,0.350336,-16.940838,7.394785,-3.807463,-0.145599,0.850859,0.011873,0.504677,-0.313492,84.555481,32.885769,0.007806,0.863071,-0.122631,0.489908,8.945341,50.431908,37.403992,-0.013122,0.878202,0.029085,0.477224,2.936807,6.825563,46.578018,-0.021366,0.936046,0.025038,0.350336,-7.439012,2.214895,-14.530690,-0.013122,0.878202,0.029085,0.477224,14.951012,1.669569,38.756374
493,4.108333,-0.016855,0.842801,-0.012953,0.537805,-4.227212,84.146523,24.387777,-0.055093,0.870501,0.086636,0.481339,-4.337861,91.781418,24.082390,-0.021306,0.884013,0.028412,0.466110,-7.640236,109.809532,25.883421,0.139101,0.902671,-0.136231,0.383766,-8.936424,129.962311,26.497055,0.095973,0.934646,-0.218810,0.263343,-2.577877,142.654633,23.240971,-0.015282,0.829998,0.135602,0.540815,-11.499839,123.615860,23.714655,0.150897,-0.347814,0.136527,-0.915214,-19.531563,125.965927,6.241683,0.035722,0.160819,-0.594878,-0.786753,-0.424078,116.558411,-9.543400,0.114156,0.329617,-0.590375,-0.727859,4.866378,137.401489,-4.911863,-0.115639,0.902101,0.032945,0.414435,-7.294806,123.699142,29.861662,0.311886,0.924106,0.069538,-0.209570,4.905567,127.212128,44.495380,-0.164917,0.565338,0.473413,-0.655039,23.929367,112.703743,33.077499,-0.040205,0.361121,0.554016,-0.749027,25.986069,131.676926,19.330334,0.094770,0.827794,0.173893,0.524917,-8.150280,83.751915,15.943688,0.125706,0.921794,0.021905,0.366079,-7.235670,50.903023,2.135266,-0.021547,0.936128,0.024627,0.350134,-16.934998,7.403028,-3.818919,-0.145709,0.851113,0.011780,0.504219,-0.304144,84.541130,32.831867,0.007754,0.863245,-0.123155,0.489469,8.960295,50.419689,37.354702,-0.012793,0.878241,0.029030,0.477164,2.937358,6.824869,46.573959,-0.021547,0.936128,0.024627,0.350134,-7.437243,2.213950,-14.541310,-0.012793,0.878241,0.029030,0.477164,14.947065,1.663005,38.749283
494,4.116667,-0.016532,0.843128,-0.012165,0.537321,-4.235796,84.138992,24.332762,-0.055055,0.870277,0.086810,0.481717,-4.348934,91.774353,24.040243,-0.020210,0.883721,0.028962,0.466680,-7.653808,109.801033,25.845995,0.140226,0.902431,-0.135500,0.384181,-8.921638,129.954391,26.499077,0.095614,0.934668,-0.218845,0.263363,-2.540357,142.644119,23.277578,-0.014103,0.829654,0.135974,0.541282,-11.490885,123.617302,23.700720,0.148839,-0.347415,0.138023,-0.915478,-19.504381,126.015762,6.225953,0.035699,0.161025,-0.593935,-0.787425,-0.404000,116.574776,-9.547748,0.116228,0.328886,-0.588272,-0.729562,4.935887,137.414627,-4.899594,-0.114976,0.901799,0.033915,0.415198,-7.293083,123.682007,29.852890,0.311922,0.923682,0.072652,-0.210330,4.888701,127.153908,44.511887,-0.168572,0.562526,0.475821,-0.654784,23.894396,112.688301,33.009884,-0.044132,0.357843,0.555390,-0.749362,25.909237,131.802887,19.457991,0.094512,0.828109,0.174251,0.524347,-8.168767,83.757362,15.892681,0.125430,0.922211,0.021499,0.365148,-7.234760,50.913872,2.072729,-0.021845,0.936193,0.024292,0.349966,-16.931063,7.406062,-3.829046,-0.146080,0.851598,0.011446,0.503300,-0.302826,84.520615,32.772842,0.007839,0.863433,-0.123566,0.489033,8.976369,50.406326,37.319332,-0.013886,0.878219,0.028698,0.477194,2.933493,6.820729,46.569111,-0.021845,0.936193,0.024292,0.349966,-7.435172,2.211011,-14.550196,-0.013886,0.878219,0.028698,0.477194,14.952606,1.665414,38.754562
495,4.125000,-0.016473,0.843341,-0.011425,0.537005,-4.237249,84.123451,24.280014,-0.054974,0.870080,0.087010,0.482046,-4.355813,91.759109,23.997557,-0.019326,0.883476,0.029540,0.467145,-7.664038,109.794319,25.810835,0.141305,0.902148,-0.135319,0.384514,-8.911568,129.947708,26.500586,0.095518,0.934666,-0.218667,0.263555,-2.503746,142.629120,23.299036,-0.013173,0.829269,0.136196,0.541839,-11.484662,123.618576,23.687809,0.147851,-0.347122,0.138903,-0.915616,-19.475742,126.054718,6.207995,0.035705,0.160646,-0.592364,-0.788684,-0.377494,116.590515,-9.554360,0.115266,0.329055,-0.587094,-0.730587,5.048128,137.401703,-4.909573,-0.114450,0.901674,0.035331,0.415496,-7.292806,123.667358,29.844179,0.311233,0.923326,0.075812,-0.211792,4.884030,127.097145,44.517189,-0.172672,0.559024,0.478124,-0.655037,23.879742,112.712250,32.898064,-0.048444,0.353323,0.556025,-0.750768,25.813147,131.983047,19.558174,0.094478,0.828497,0.174945,0.523508,-8.176581,83.750168,15.842530,0.125230,0.922327,0.020578,0.364975,-7.227717,50.923477,1.983698,-0.021666,0.936159,0.024199,0.350073,-16.939281,7.407662,-3.833344,-0.146222,0.851685,0.011499,0.503110,-0.297916,84.496735,32.717499,0.007883,0.863848,-0.124162,0.488147,8.992588,50.385498,37.263760,-0.014133,0.878180,0.028684,0.477260,2.929708,6.813255,46.563210,-0.021666,0.936159,0.024199,0.350073,-7.443126,2.208341,-14.552185,-0.014133,0.878180,0.028684,0.477260,14.952281,1.660932,38.752014
496,4.133333,-0.015942,0.843585,-0.010948,0.536648,-4.256967,84.122482,24.229252,-0.054462,0.869992,0.086944,0.482275,-4.372717,91.758568,23.957344,-0.018804,0.883292,0.030167,0.467474,-7.661887,109.785126,25.775702,0.142518,0.901938,-0.134411,0.384877,-8.902866,129.937820,26.497210,0.095658,0.934603,-0.218856,0.263570,-2.472190,142.617584,23.335230,-0.012334,0.828739,0.137329,0.542384,-11.476198,123.614143,23.672388,0.146906,-0.346793,0.139708,-0.915770,-19.445248,126.104164,6.190108,0.035576,0.160271,-0.590826,-0.789919,-0.346780,116.619682,-9.559780,0.114255,0.328691,-0.585691,-0.732035,5.163517,137.405640,-4.914041,-0.114338,0.901594,0.037213,0.415537,-7.288639,123.651489,29.831760,0.322440,0.904134,0.225833,-0.166053,4.887896,127.046646,44.513077,-0.122111,0.515953,0.512168,-0.675696,24.423391,113.578186,32.692284,-0.053602,0.349962,0.553516,-0.753839,25.723293,132.223709,19.652706,0.094197,0.828540,0.175447,0.523323,-8.203774,83.762314,15.794691,0.124948,0.922660,0.020168,0.364252,-7.222172,50.944401,1.917382,-0.022183,0.936272,0.023517,0.349786,-16.928879,7.420745,-3.848894,-0.146418,0.851788,0.011519,0.502877,-0.310159,84.482643,32.663815,0.007768,0.864037,-0.124595,0.487705,8.993883,50.375538,37.213402,-0.013825,0.878188,0.028581,0.477260,2.925759,6.812814,46.553959,-0.022183,0.936272,0.023517,0.349786,-7.436142,2.208399,-14.564440,-0.013825,0.878188,0.028581,0.477260,14.944856,1.653698,38.741894
497,4.141667,-0.015605,0.843725,-0.010326,0.536449,-4.270260,84.115158,24.174829,-0.054007,0.869967,0.086904,0.482378,-4.386826,91.751610,23.913727,-0.018334,0.883220,0.030778,0.467588,-7.661124,109.780930,25.738684,0.143539,0.901791,-0.133420,0.385187,-8.896945,129.932816,26.490700,0.096159,0.934430,-0.219116,0.263785,-2.449255,142.613602,23.367647,-0.011548,0.828332,0.137778,0.542909,-11.471333,123.614159,23.655670,0.145889,-0.346299,0.140130,-0.916055,-19.419012,126.141861,6.169072,0.035468,0.160102,-0.589467,-0.790973,-0.308642,116.657326,-9.566357,0.113163,0.328749,-0.583811,-0.733678,5.274538,137.421936,-4.914269,-0.113819,0.901603,0.039115,0.415484,-7.285097,123.640991,29.815998,0.320543,0.904055,0.226378,-0.169379,4.897723,126.987518,44.503262,-0.127533,0.511293,0.513122,-0.677511,24.438740,113.656067,32.537182,-0.058197,0.343979,0.555311,-0.754931,25.565580,132.482956,19.724733,0.093941,0.828550,0.175869,0.523212,-8.221240,83.766510,15.741738,0.124985,0.923062,0.019593,0.363252,-7.210187,50.955711,1.849718,-0.022196,0.936150,0.023137,0.350137,-16.945074,7.430830,-3.859533,-0.146485,0.851616,0.011567,0.503148,-0.319279,84.463814,32.607922,0.007482,0.863974,-0.125044,0.487706,8.988982,50.358189,37.159973,-0.015132,0.878180,0.028110,0.477264,2.923357,6.805161,46.547230,-0.022196,0.936150,0.023137,0.350137,-7.445524,2.208596,-14.564218,-0.015132,0.878180,0.028110,0.477264,14.952770,1.652062,38.747078
498,4.150000,-0.015244,0.843764,-0.009923,0.536407,-4.292868,84.112274,24.122635,-0.053401,0.869986,0.086777,0.482434,-4.408102,91.749016,23.869698,-0.017918,0.883210,0.031488,0.467576,-7.660522,109.779312,25.701056,0.144107,0.901754,-0.132714,0.385304,-8.894916,129.930038,26.486250,0.097283,0.934198,-0.219206,0.264120,-2.439528,142.613037,23.388186,-0.011248,0.827815,0.138378,0.543551,-11.469915,123.616196,23.641008,0.144671,-0.345739,0.140327,-0.916429,-19.390852,126.169792,6.146035,0.034947,0.159830,-0.587951,-0.792178,-0.262880,116.699532,-9.576593,0.110822,0.329083,-0.582311,-0.735076,5.401695,137.435104,-4.910383,-0.113826,0.901872,0.041461,0.414670,-7.283288,123.632622,29.801105,0.318369,0.904003,0.227016,-0.172868,4.925659,126.944099,44.474613,-0.133314,0.506904,0.513762,-0.679208,24.477022,113.765442,32.357132,-0.062423,0.338436,0.554711,-0.757536,25.430691,132.773544,19.771225,0.093773,0.828460,0.176248,0.523257,-8.244904,83.773331,15.689641,0.124673,0.923111,0.018951,0.363267,-7.208653,50.969826,1.782277,-0.021411,0.936178,0.023206,0.350106,-16.939131,7.435712,-3.863724,-0.146696,0.851569,0.011667,0.503165,-0.340832,84.451218,32.555626,0.007277,0.864029,-0.125439,0.487511,8.983315,50.350159,37.109428,-0.015176,0.878132,0.027956,0.477360,2.918543,6.805736,46.537090,-0.021411,0.936178,0.023206,0.350106,-7.448257,2.207233,-14.573055,-0.015176,0.878132,0.027956,0.477360,14.949316,1.649344,38.741215
499,4.158333,-0.014899,0.843829,-0.009420,0.536322,-4.315728,84.113213,24.067755,-0.052790,0.870029,0.086633,0.482450,-4.430667,91.750267,23.824142,-0.017510,0.883221,0.032304,0.467515,-7.661627,109.786858,25.662188,0.145034,0.901592,-0.132138,0.385534,-8.896806,129.936050,26.484310,0.098209,0.933919,-0.219353,0.264640,-2.423110,142.616272,23.413239,-0.010780,0.827342,0.138797,0.544172,-11.472008,123.627304,23.628012,0.143187,-0.344980,0.140604,-0.916906,-19.367144,126.208305,6.125397,0.035171,0.160274,-0.586764,-0.792958,-0.215490,116.754005,-9.578003,0.110486,0.330633,-0.580128,-0.736156,5.503223,137.467010,-4.895601,-0.113654,0.902220,0.043663,0.413734,-7.284318,123.632690,29.787409,0.315626,0.904262,0.226916,-0.176635,4.956193,126.905907,44.443199,-0.139010,0.502836,0.513752,-0.681095,24.529938,113.898804,32.177399,-0.066223,0.333441,0.553729,-0.760142,25.296247,133.070160,19.799137,0.093400,0.828435,0.176653,0.523227,-8.269647,83.784714,15.635230,0.124514,0.923316,0.018390,0.362829,-7.196480,50.986397,1.718415,-0.021685,0.936229,0.022753,0.349983,-16.935120,7.446840,-3.871309,-0.146807,0.851343,0.011720,0.503514,-0.361809,84.441704,32.500278,0.006845,0.863784,-0.125800,0.487857,8.968899,50.343060,37.058685,-0.015446,0.878099,0.027756,0.477424,2.918059,6.806252,46.530361,-0.021685,0.936229,0.022753,0.349983,-7.445710,2.209028,-14.577383,-0.015446,0.878099,0.027756,0.477424,14.951563,1.648518,38.739594
500,4.166667,-0.014552,0.843867,-0.008912,0.536282,-4.338795,84.112404,24.010731,-0.051942,0.870068,0.086608,0.482475,-4.453436,91.749756,23.776520,-0.017323,0.883215,0.032965,0.467487,-7.657437,109.792671,25.629177,0.146388,0.901320,-0.131825,0.385766,-8.898386,129.940384,26.478430,0.099048,0.933751,-0.219190,0.265057,-2.393271,142.610703,23.432970,-0.010657,0.826791,0.139738,0.544771,-11.471990,123.634735,23.613878,0.142149,-0.344267,0.140408,-0.917366,-19.341955,126.242981,6.103974,0.035268,0.161012,-0.585883,-0.793456,-0.161314,116.819168,-9.582353,0.110096,0.331637,-0.577811,-0.737584,5.592190,137.515350,-4.871994,-0.113867,0.902653,0.046006,0.412474,-7.283808,123.633072,29.772940,0.312792,0.904528,0.226783,-0.180444,4.995154,126.880325,44.402313,-0.143881,0.498069,0.513759,-0.683577,24.591213,114.049217,31.987673,-0.069802,0.327365,0.554295,-0.762048,25.140318,133.371582,19.807943,0.093178,0.828210,0.176982,0.523511,-8.293714,83.794441,15.578273,0.124202,0.923668,0.017939,0.362062,-7.190053,51.001488,1.651230,-0.021370,0.936311,0.022482,0.349799,-16.922712,7.453489,-3.882815,-0.147102,0.851090,0.011647,0.503856,-0.383875,84.430367,32.443188,0.006605,0.863713,-0.126070,0.487916,8.959742,50.337780,37.020405,-0.015405,0.878009,0.027837,0.477586,2.915129,6.806794,46.522732,-0.021370,0.936311,0.022482,0.349799,-7.441694,2.205133,-14.591153,-0.015405,0.878009,0.027837,0.477586,14.951469,1.650551,38.735367
501,4.175000,-0.014065,0.843890,-0.008609,0.536262,-4.365618,84.116760,23.953571,-0.051139,0.870161,0.086602,0.482396,-4.476465,91.754410,23.727259,-0.017163,0.883286,0.033623,0.467313,-7.654604,109.800682,25.594448,0.147082,0.901300,-0.131160,0.385774,-8.902080,129.946854,26.470407,0.100479,0.933529,-0.219155,0.265327,-2.386332,142.617569,23.449461,-0.010541,0.826288,0.140575,0.545322,-11.474702,123.644043,23.598701,0.140927,-0.343450,0.140102,-0.917907,-19.321507,126.276871,6.082076,0.035303,0.162385,-0.585279,-0.793620,-0.106533,116.892303,-9.585765,0.110290,0.332792,-0.575476,-0.738860,5.658909,137.575363,-4.825992,-0.114332,0.903171,0.048505,0.410922,-7.284007,123.635818,29.756058,0.309996,0.904748,0.226724,-0.184201,5.040359,126.864609,44.351311,-0.149472,0.494255,0.513411,-0.685405,24.656116,114.208588,31.788916,-0.073102,0.323134,0.551427,-0.765617,25.016159,133.675064,19.809233,0.092855,0.828030,0.177294,0.523747,-8.321192,83.809486,15.521021,0.123970,0.923864,0.017372,0.361670,-7.182690,51.020123,1.588331,-0.021209,0.936380,0.022099,0.349648,-16.917345,7.465142,-3.886990,-0.147463,0.850973,0.011400,0.503955,-0.410044,84.424034,32.386124,0.006380,0.863680,-0.126239,0.487934,8.945457,50.338627,36.992420,-0.015285,0.877969,0.027920,0.477659,2.910672,6.811225,46.517395,-0.021209,0.936380,0.022099,0.349648,-7.442750,2.204854,-14.595166,-0.015285,0.877969,0.027920,0.477659,14.947555,1.655434,38.730553
502,4.183333,-0.013615,0.843962,-0.008248,0.536167,-4.390174,84.124680,23.894602,-0.050407,0.870347,0.086502,0.482155,-4.498201,91.762611,23.676643,-0.016953,0.883463,0.034330,0.466934,-7.650480,109.811089,25.554573,0.148296,0.901104,-0.130876,0.385864,-8.903414,129.955597,26.460255,0.101313,0.933315,-0.218991,0.265897,-2.360144,142.617371,23.461348,-0.010411,0.825820,0.141394,0.545821,-11.476593,123.656082,23.581842,0.139694,-0.342487,0.140085,-0.918458,-19.302389,126.313278,6.059499,0.035172,0.163476,-0.584882,-0.793695,-0.052118,116.955063,-9.580747,0.109421,0.334562,-0.573810,-0.739485,5.717337,137.624054,-4.779052,-0.114836,0.903736,0.050976,0.409238,-7.280525,123.640404,29.735518,0.306854,0.905172,0.226385,-0.187761,5.092887,126.853333,44.292717,-0.153839,0.489926,0.512825,-0.687980,24.741190,114.380524,31.598646,-0.074778,0.318634,0.549831,-0.768483,24.879044,133.968414,19.788548,0.092519,0.827875,0.177477,0.523989,-8.347869,83.828087,15.462666,0.123768,0.924113,0.016900,0.361124,-7.178582,51.038921,1.532054,-0.021248,0.936418,0.021642,0.349572,-16.915413,7.477990,-3.891783,-0.147628,0.850747,0.011008,0.504295,-0.432479,84.421272,32.326538,0.005926,0.863492,-0.126295,0.488258,8.916863,50.338711,36.966312,-0.015723,0.877984,0.027509,0.477641,2.911323,6.812063,46.513210,-0.021248,0.936418,0.021642,0.349572,-7.443683,2.205850,-14.596662,-0.015723,0.877984,0.027509,0.477641,14.950073,1.651902,38.732155
503,4.191667,-0.013239,0.844038,-0.007965,0.536061,-4.412302,84.136543,23.835203,-0.049733,0.870494,0.086626,0.481936,-4.517827,91.774704,23.623991,-0.016770,0.883610,0.034887,0.466622,-7.649964,109.823189,25.518555,0.149040,0.900995,-0.130861,0.385838,-8.906515,129.966400,26.447979,0.102467,0.933133,-0.218531,0.266472,-2.345218,142.620941,23.457981,-0.010358,0.825340,0.142378,0.546292,-11.480432,123.669601,23.564280,0.138884,-0.341446,0.139837,-0.919006,-19.286331,126.352097,6.036922,0.034998,0.164655,-0.584734,-0.793568,0.005336,117.024246,-9.570403,0.108476,0.335842,-0.572948,-0.739712,5.765162,137.684525,-4.723958,-0.115349,0.904215,0.052953,0.407781,-7.279926,123.647835,29.714907,0.303646,0.905759,0.225403,-0.191295,5.135021,126.852486,44.238518,-0.157479,0.486431,0.511835,-0.690369,24.816126,114.556671,31.423187,-0.077201,0.313897,0.548949,-0.770820,24.751478,134.234802,19.742830,0.092320,0.827838,0.177514,0.524070,-8.372302,83.848694,15.404049,0.123435,0.924177,0.016454,0.361096,-7.188614,51.057838,1.478633,-0.021091,0.936442,0.021326,0.349537,-16.912937,7.488150,-3.897119,-0.147712,0.850573,0.010480,0.504575,-0.452301,84.424393,32.266357,0.005505,0.863404,-0.126295,0.488419,8.881508,50.342773,36.944206,-0.015464,0.877891,0.027658,0.477811,2.906869,6.815687,46.508492,-0.021091,0.936442,0.021326,0.349537,-7.444745,2.205956,-14.600168,-0.015464,0.877891,0.027658,0.477811,14.946832,1.655734,38.729183
504,4.200000,-0.012870,0.844104,-0.007713,0.535969,-4.433682,84.151855,23.775566,-0.049065,0.870687,0.086751,0.481634,-4.536530,91.790215,23.570633,-0.016635,0.883815,0.035406,0.466199,-7.648812,109.839996,25.482189,0.149456,0.901032,-0.130744,0.385630,-8.909883,129.981918,26.433250,0.103834,0.932978,-0.218054,0.266876,-2.340467,142.633652,23.449183,-0.010312,0.825034,0.142891,0.546622,-11.484890,123.687347,23.545652,0.137950,-0.340428,0.139707,-0.919543,-19.276896,126.384125,6.014305,0.034430,0.165731,-0.584733,-0.793369,0.053497,117.082977,-9.561020,0.106596,0.337272,-0.572168,-0.739938,5.797435,137.734543,-4.664142,-0.116062,0.904849,0.055367,0.405847,-7.278443,123.660484,29.692200,0.300528,0.906310,0.224855,-0.194230,5.191093,126.858971,44.170338,-0.160791,0.483312,0.510550,-0.692745,24.912083,114.733521,31.254383,-0.079023,0.310175,0.546234,-0.774064,24.648754,134.482056,19.685415,0.092146,0.827577,0.177693,0.524453,-8.395708,83.872314,15.345081,0.123137,0.924319,0.015886,0.360860,-7.188489,51.083691,1.416437,-0.020853,0.936517,0.020791,0.349383,-16.908449,7.505765,-3.900060,-0.147698,0.850338,0.010001,0.504986,-0.471656,84.431389,32.206051,0.004971,0.863230,-0.126291,0.488733,8.841944,50.348793,36.916946,-0.015350,0.877854,0.027503,0.477891,2.905469,6.821135,46.502338,-0.020853,0.936517,0.020791,0.349383,-7.448074,2.206801,-14.601731,-0.015350,0.877854,0.027503,0.477891,14.944975,1.655709,38.725956
505,4.208333,-0.012491,0.844225,-0.007547,0.535791,-4.452716,84.165337,23.717672,-0.048534,0.870903,0.086802,0.481288,-4.552089,91.803886,23.518005,-0.016476,0.884039,0.035889,0.465742,-7.648284,109.859695,25.442413,0.150327,0.901001,-0.130520,0.385439,-8.912234,130.000427,26.414356,0.104866,0.932895,-0.217635,0.267107,-2.324478,142.645935,23.444340,-0.010221,0.824798,0.143530,0.546811,-11.489042,123.708176,23.523333,0.137165,-0.339021,0.139855,-0.920158,-19.273090,126.422569,5.991165,0.034303,0.166605,-0.585086,-0.792932,0.105816,117.134048,-9.531318,0.105379,0.338689,-0.571712,-0.739818,5.819116,137.787994,-4.604202,-0.116524,0.905265,0.057014,0.404557,-7.276178,123.676147,29.665459,0.297456,0.906973,0.223549,-0.197347,5.229684,126.869690,44.113327,-0.163352,0.481100,0.509084,-0.694761,24.983370,114.904930,31.097857,-0.080501,0.307217,0.544470,-0.776331,24.553905,134.698456,19.600945,0.091773,0.827553,0.177839,0.524507,-8.418476,83.893410,15.288694,0.122923,0.924711,0.015545,0.359943,-7.182978,51.103600,1.365319,-0.020736,0.936581,0.020347,0.349245,-16.901766,7.519951,-3.906258,-0.147710,0.850207,0.009456,0.505214,-0.486956,84.437256,32.146652,0.004524,0.863204,-0.126298,0.488781,8.806441,50.354141,36.893524,-0.015547,0.877842,0.027240,0.477923,2.903815,6.826243,46.498722,-0.020736,0.936581,0.020347,0.349245,-7.447296,2.207896,-14.606659,-0.015547,0.877842,0.027240,0.477923,14.944482,1.656900,38.726734
506,4.216667,-0.012152,0.844260,-0.007617,0.535742,-4.478992,84.184334,23.660616,-0.047748,0.871103,0.086838,0.480998,-4.573430,91.822990,23.462824,-0.016418,0.884238,0.036339,0.465330,-7.643876,109.877869,25.403122,0.150940,0.901002,-0.130345,0.385257,-8.913774,130.017380,26.392805,0.105769,0.932818,-0.217254,0.267328,-2.313502,142.658661,23.432667,-0.009902,0.824796,0.143907,0.546722,-11.491138,123.726616,23.499016,0.136730,-0.337979,0.139610,-0.920644,-19.279224,126.458702,5.971393,0.034526,0.168106,-0.585300,-0.792447,0.140730,117.193962,-9.513958,0.105589,0.339819,-0.570857,-0.739930,5.821033,137.847382,-4.544028,-0.117145,0.905817,0.059053,0.402846,-7.272532,123.690987,29.637178,0.294655,0.907517,0.222865,-0.199806,5.281244,126.880753,44.044270,-0.165029,0.478759,0.507774,-0.696937,25.071072,115.064026,30.948704,-0.080379,0.304909,0.542271,-0.778789,24.477667,134.888626,19.506128,0.091306,0.827648,0.177952,0.524400,-8.445883,83.917046,15.232022,0.122696,0.925055,0.015237,0.359146,-7.180582,51.124008,1.318914,-0.020596,0.936643,0.019907,0.349113,-16.895353,7.534489,-3.911427,-0.147724,0.850184,0.008904,0.505257,-0.512101,84.451614,32.089211,0.004027,0.863208,-0.126231,0.488796,8.762120,50.368088,36.870510,-0.015554,0.877795,0.026914,0.478027,2.900827,6.838301,46.492466,-0.020596,0.936643,0.019907,0.349113,-7.446854,2.209225,-14.610535,-0.015554,0.877795,0.026914,0.478027,14.941772,1.660866,38.726303
507,4.225000,-0.011766,0.844417,-0.007443,0.535506,-4.496943,84.199341,23.601963,-0.047029,0.871332,0.087010,0.480622,-4.587873,91.838181,23.409599,-0.016503,0.884454,0.036727,0.464887,-7.637367,109.893631,25.369431,0.151144,0.901023,-0.130931,0.384929,-8.917050,130.031876,26.371988,0.106784,0.932771,-0.216515,0.267687,-2.307592,142.664871,23.397003,-0.009787,0.824626,0.144613,0.546794,-11.493921,123.741409,23.477129,0.136069,-0.337057,0.139671,-0.921070,-19.279020,126.492569,5.951159,0.034093,0.168830,-0.585292,-0.792318,0.173007,117.240181,-9.501290,0.103831,0.341011,-0.571046,-0.739485,5.842210,137.884918,-4.496617,-0.117763,0.906277,0.060709,0.401383,-7.269207,123.704491,29.611080,0.292174,0.908024,0.222108,-0.201976,5.324551,126.895645,43.982933,-0.165916,0.477398,0.506399,-0.698658,25.145363,115.208031,30.818537,-0.080174,0.303541,0.540301,-0.780711,24.428331,135.043289,19.388739,0.090982,0.827644,0.177978,0.524454,-8.468728,83.939865,15.175429,0.122419,0.925477,0.014986,0.358165,-7.182659,51.143253,1.272632,-0.020993,0.936724,0.019430,0.348899,-16.888475,7.546949,-3.917626,-0.147523,0.850039,0.008348,0.505569,-0.525159,84.458817,32.028496,0.003393,0.863035,-0.126265,0.489097,8.715502,50.370373,36.839638,-0.015698,0.877786,0.026790,0.478047,2.898566,6.840935,46.490047,-0.020993,0.936724,0.019430,0.348899,-7.442286,2.212971,-14.614437,-0.015698,0.877786,0.026790,0.478047,14.940622,1.662339,38.726372
508,4.233333,-0.011488,0.844631,-0.007329,0.535176,-4.515316,84.216896,23.545891,-0.046328,0.871592,0.087140,0.480195,-4.603671,91.855858,23.357317,-0.016505,0.884693,0.037089,0.464403,-7.631711,109.910904,25.335064,0.151742,0.901002,-0.131086,0.384690,-8.917715,130.048065,26.351225,0.107267,0.932763,-0.216093,0.267863,-2.293180,142.673416,23.377354,-0.009719,0.824585,0.144991,0.546757,-11.495420,123.758400,23.455359,0.135826,-0.336268,0.139558,-0.921411,-19.282146,126.519547,5.931686,0.034137,0.169796,-0.585418,-0.792017,0.199710,117.280151,-9.490922,0.103393,0.341950,-0.571106,-0.739066,5.847356,137.920578,-4.456832,-0.118365,0.906687,0.062156,0.400056,-7.264017,123.719337,29.584688,0.289813,0.908615,0.221065,-0.203854,5.365422,126.914200,43.924362,-0.165928,0.476487,0.504863,-0.700386,25.218657,115.341972,30.706995,-0.078363,0.303164,0.537875,-0.782714,24.390791,135.158020,19.259132,0.090703,0.827746,0.178009,0.524331,-8.493807,83.962936,15.122355,0.122105,0.925683,0.014668,0.357752,-7.192331,51.163506,1.227660,-0.020596,0.936748,0.019084,0.348877,-16.885073,7.559454,-3.921737,-0.147410,0.850191,0.007643,0.505358,-0.536827,84.470848,31.969429,0.002912,0.863163,-0.126221,0.488885,8.673050,50.379227,36.816948,-0.014986,0.877701,0.027180,0.478202,2.897774,6.848505,46.486549,-0.020596,0.936748,0.019084,0.348877,-7.444767,2.212162,-14.617091,-0.014986,0.877701,0.027180,0.478202,14.937624,1.669980,38.719414
509,4.241667,-0.011148,0.844831,-0.007321,0.534867,-4.533775,84.231323,23.490667,-0.045600,0.871853,0.087154,0.479789,-4.617872,91.870407,23.305000,-0.016439,0.884926,0.037516,0.463926,-7.620675,109.920334,25.296789,0.151718,0.901205,-0.130936,0.384274,-8.911762,130.056305,26.330120,0.107920,0.932775,-0.215844,0.267760,-2.291212,142.683685,23.355951,-0.009641,0.824667,0.145433,0.546517,-11.490662,123.768112,23.432108,0.135858,-0.335662,0.139329,-0.921662,-19.287596,126.539734,5.914630,0.034319,0.170607,-0.585560,-0.791729,0.219248,117.313454,-9.484238,0.103165,0.342680,-0.570835,-0.738969,5.847598,137.954758,-4.428766,-0.119376,0.907274,0.064146,0.398106,-7.252631,123.725533,29.556831,0.288225,0.908855,0.221181,-0.204911,5.427824,126.932617,43.848671,-0.165171,0.475355,0.503728,-0.702150,25.306839,115.446892,30.594667,-0.075920,0.303727,0.535839,-0.784132,24.377346,135.238068,19.121008,0.090336,0.828134,0.178120,0.523743,-8.518575,83.982788,15.069953,0.121830,0.925807,0.014303,0.357540,-7.201240,51.181454,1.181258,-0.020854,0.936786,0.018687,0.348782,-16.884508,7.570428,-3.926736,-0.147355,0.850466,0.006978,0.504921,-0.548976,84.479858,31.911383,0.002552,0.863345,-0.126213,0.488569,8.636252,50.386375,36.792461,-0.015239,0.877680,0.026817,0.478254,2.892805,6.855309,46.479458,-0.020854,0.936786,0.018687,0.348782,-7.445004,2.215160,-14.618807,-0.015239,0.877680,0.026817,0.478254,14.934203,1.671102,38.718513
510,4.250000,-0.010737,0.845104,-0.007233,0.534446,-4.550449,84.242180,23.431118,-0.045005,0.872141,0.087245,0.479304,-4.630047,91.881416,23.249990,-0.016313,0.885198,0.037858,0.463384,-7.613930,109.930634,25.256691,0.151840,0.901399,-0.130750,0.383834,-8.906271,130.065720,26.305378,0.108309,0.932835,-0.215641,0.267558,-2.286573,142.694046,23.333307,-0.009528,0.824846,0.145723,0.546172,-11.487952,123.779190,23.406252,0.136026,-0.335065,0.139242,-0.921868,-19.299585,126.558533,5.896550,0.034989,0.171374,-0.585648,-0.791469,0.229785,117.336296,-9.476158,0.103939,0.343509,-0.570683,-0.738593,5.842070,137.980087,-4.413351,-0.120097,0.907486,0.064943,0.397277,-7.242367,123.732971,29.525713,0.287077,0.909114,0.220583,-0.206014,5.456938,126.956215,43.797165,-0.163747,0.475360,0.502877,-0.703089,25.346941,115.528259,30.509735,-0.072601,0.304299,0.532956,-0.786187,24.378536,135.281403,18.977032,0.089928,0.828337,0.178140,0.523486,-8.543806,84.001007,15.014245,0.121536,0.926406,0.014203,0.356089,-7.206178,51.194935,1.138681,-0.020894,0.936845,0.018369,0.348635,-16.876585,7.577226,-3.936465,-0.147214,0.850504,0.006295,0.504907,-0.557094,84.483353,31.847990,0.002107,0.863547,-0.126242,0.488206,8.595414,50.386272,36.765278,-0.015321,0.877686,0.026744,0.478244,2.889266,6.855676,46.476387,-0.020894,0.936845,0.018369,0.348635,-7.441073,2.213862,-14.627999,-0.015321,0.877686,0.026744,0.478244,14.930910,1.670765,38.716297
511,4.258333,-0.010344,0.845372,-0.007195,0.534029,-4.562793,84.255432,23.371702,-0.044393,0.872398,0.087536,0.478841,-4.637712,91.894814,23.194309,-0.016267,0.885443,0.038119,0.462897,-7.605409,109.940468,25.222307,0.152005,0.901551,-0.130740,0.383416,-8.900427,130.074814,26.281878,0.108422,0.932943,-0.215455,0.267287,-2.278703,142.701706,23.308270,-0.009431,0.825070,0.145888,0.545790,-11.484103,123.789154,23.382643,0.136234,-0.334621,0.139223,-0.922001,-19.311970,126.572868,5.880879,0.035528,0.171771,-0.585768,-0.791270,0.233437,117.350098,-9.471122,0.104522,0.343968,-0.570470,-0.738462,5.833566,137.997589,-4.410089,-0.120495,0.907791,0.065288,0.396401,-7.231771,123.740860,29.497402,0.286364,0.909321,0.219786,-0.206943,5.490760,126.976395,43.745380,-0.161761,0.475474,0.502221,-0.703940,25.382093,115.581810,30.431313,-0.069047,0.305060,0.531553,-0.787161,24.388491,135.290634,18.826071,0.089626,0.828655,0.178025,0.523073,-8.564596,84.020828,14.958652,0.121240,0.926625,0.013975,0.355628,-7.220717,51.207970,1.099759,-0.021014,0.936876,0.018077,0.348560,-16.876659,7.583204,-3.942188,-0.147065,0.850703,0.005565,0.504624,-0.560989,84.490036,31.784752,0.001692,0.863665,-0.126287,0.487988,8.558191,50.389217,36.737858,-0.015431,0.877679,0.026450,0.478269,2.884840,6.859490,46.472065,-0.021014,0.936876,0.018077,0.348560,-7.442590,2.213251,-14.631692,-0.015431,0.877679,0.026450,0.478269,14.926535,1.668687,38.715992
512,4.266667,-0.009902,0.845592,-0.007305,0.533687,-4.579453,84.265541,23.316881,-0.043821,0.872638,0.087726,0.478421,-4.647841,91.905037,23.141706,-0.016248,0.885673,0.038289,0.462442,-7.599690,109.952118,25.187439,0.152087,0.901715,-0.130702,0.383011,-8.896635,130.085953,26.254114,0.108502,0.933056,-0.215303,0.266982,-2.275173,142.712585,23.278816,-0.009201,0.825436,0.145738,0.545281,-11.482338,123.800743,23.355722,0.136572,-0.334138,0.139306,-0.922114,-19.331879,126.585625,5.863860,0.035959,0.171739,-0.585946,-0.791126,0.229433,117.355492,-9.463432,0.104664,0.343969,-0.570458,-0.738450,5.820829,138.008789,-4.415963,-0.120893,0.908191,0.065946,0.395252,-7.223740,123.751343,29.466110,0.286263,0.909288,0.219782,-0.207230,5.530303,126.995590,43.683891,-0.160018,0.476134,0.501648,-0.704301,25.418381,115.609634,30.357584,-0.066133,0.307039,0.528724,-0.788545,24.427322,135.272217,18.680689,0.089257,0.829042,0.177902,0.522564,-8.588224,84.036812,14.906990,0.120974,0.926842,0.013827,0.355160,-7.236017,51.216137,1.067433,-0.021111,0.936881,0.017903,0.348550,-16.877531,7.585221,-3.948837,-0.146937,0.850785,0.004956,0.504529,-0.570682,84.494270,31.726772,0.001151,0.863465,-0.126268,0.488348,8.519673,50.390316,36.711182,-0.015808,0.877679,0.026204,0.478271,2.885094,6.860027,46.465385,-0.021111,0.936881,0.017903,0.348550,-7.443263,2.211623,-14.636332,-0.015808,0.877679,0.026204,0.478271,14.929232,1.668216,38.713783
513,4.275000,-0.009571,0.845839,-0.007220,0.533304,-4.588039,84.277954,23.261271,-0.043433,0.872952,0.087833,0.477863,-4.652913,91.917564,23.089918,-0.016017,0.886007,0.038467,0.461795,-7.591920,109.959267,25.147142,0.151962,0.901966,-0.130665,0.382481,-8.883146,130.092865,26.225435,0.108358,0.933191,-0.215133,0.266703,-2.267592,142.721359,23.244875,-0.009187,0.825825,0.145871,0.544657,-11.474427,123.809578,23.327845,0.136934,-0.333815,0.139405,-0.922162,-19.350368,126.594070,5.847789,0.036093,0.171338,-0.586133,-0.791068,0.220922,117.354652,-9.461159,0.104151,0.343667,-0.570620,-0.738538,5.808776,138.013702,-4.431692,-0.121132,0.908378,0.065941,0.394750,-7.206801,123.756363,29.431900,0.286402,0.909298,0.219329,-0.207472,5.560380,127.011261,43.635452,-0.157740,0.477084,0.501144,-0.704531,25.438917,115.616287,30.302614,-0.062965,0.309074,0.527109,-0.789091,24.466463,135.219574,18.537376,0.089440,0.829181,0.177546,0.522434,-8.604566,84.055305,14.854917,0.120527,0.926139,0.013191,0.357164,-7.278997,51.227917,1.028703,-0.021439,0.936832,0.017829,0.348666,-16.893541,7.585740,-3.941180,-0.146764,0.850915,0.004344,0.504366,-0.571513,84.500610,31.667624,0.000768,0.863636,-0.126365,0.488021,8.487628,50.392616,36.681179,-0.015961,0.877670,0.026003,0.478293,2.882201,6.864464,46.461670,-0.021439,0.936832,0.017829,0.348666,-7.453400,2.213591,-14.624216,-0.015961,0.877670,0.026003,0.478293,14.927222,1.669702,38.713421
514,4.283333,-0.009269,0.846135,-0.007201,0.532839,-4.595878,84.288857,23.211401,-0.043095,0.873283,0.087940,0.477270,-4.657097,91.928551,23.042797,-0.015978,0.886342,0.038564,0.461146,-7.585232,109.967674,25.111103,0.151831,0.902193,-0.130565,0.382031,-8.876087,130.101013,26.194525,0.108179,0.933283,-0.215126,0.266461,-2.266804,142.732071,23.210924,-0.009100,0.826256,0.145867,0.544004,-11.471231,123.818039,23.299719,0.137555,-0.333596,0.139453,-0.922142,-19.374748,126.601364,5.831930,0.036399,0.170982,-0.586290,-0.791015,0.203572,117.350372,-9.461042,0.103676,0.343517,-0.570414,-0.738834,5.788178,138.013214,-4.452993,-0.121058,0.908556,0.065677,0.394409,-7.194671,123.764099,29.397511,0.286823,0.909252,0.218917,-0.207530,5.583642,127.022125,43.590332,-0.155712,0.478366,0.500699,-0.704429,25.448128,115.603722,30.256599,-0.060354,0.311510,0.525431,-0.789457,24.511484,135.151764,18.404654,0.089055,0.829704,0.177540,0.521670,-8.621732,84.071167,14.809381,0.120300,0.926606,0.013131,0.356028,-7.286595,51.238728,0.996082,-0.021290,0.936871,0.017644,0.348580,-16.890577,7.591495,-3.949783,-0.146553,0.851190,0.003750,0.503968,-0.570024,84.506538,31.613422,0.000393,0.863776,-0.126461,0.487749,8.457695,50.393784,36.651173,-0.016176,0.877693,0.025730,0.478258,2.880242,6.867772,46.457153,-0.021290,0.936871,0.017644,0.348580,-7.454610,2.212862,-14.633245,-0.016176,0.877693,0.025730,0.478258,14.925376,1.669096,38.711700
515,4.291667,-0.008859,0.846438,-0.007224,0.532364,-4.602298,84.299347,23.161728,-0.042780,0.873602,0.088201,0.476666,-4.658128,91.939156,22.996191,-0.016015,0.886674,0.038510,0.460511,-7.579020,109.976074,25.080200,0.151712,0.902368,-0.130585,0.381657,-8.869394,130.109543,26.161945,0.107880,0.933349,-0.215173,0.266313,-2.264602,142.741730,23.173166,-0.009061,0.826689,0.145812,0.543362,-11.468337,123.825920,23.271950,0.138194,-0.333464,0.139486,-0.922089,-19.398939,126.605560,5.815852,0.036580,0.170463,-0.586448,-0.791001,0.183573,117.342987,-9.464736,0.102970,0.343181,-0.570226,-0.739233,5.767709,138.011002,-4.479853,-0.120614,0.908870,0.064978,0.393936,-7.183067,123.773262,29.363636,0.287694,0.909161,0.218327,-0.207346,5.613846,127.029015,43.540211,-0.154176,0.480259,0.500300,-0.703762,25.455851,115.561378,30.215252,-0.057290,0.314616,0.520941,-0.791426,24.584091,135.058182,18.280666,0.088921,0.830121,0.177288,0.521116,-8.637733,84.087906,14.764142,0.119971,0.926551,0.012944,0.356289,-7.313727,51.247387,0.968978,-0.021647,0.936886,0.017465,0.348527,-16.895388,7.592612,-3.953536,-0.146265,0.851309,0.003180,0.503854,-0.566862,84.510796,31.559313,-0.000027,0.863919,-0.126572,0.487467,8.424169,50.391762,36.620113,-0.016291,0.877682,0.025615,0.478282,2.877720,6.868258,46.454765,-0.021647,0.936886,0.017465,0.348527,-7.457455,2.212865,-14.634703,-0.016291,0.877682,0.025615,0.478282,14.923817,1.668292,38.711666
516,4.300000,-0.008403,0.846754,-0.007443,0.531866,-4.610449,84.308434,23.115309,-0.042551,0.873954,0.088427,0.475998,-4.658691,91.948311,22.950686,-0.016029,0.887050,0.038382,0.459797,-7.573717,109.979248,25.047567,0.151220,0.902601,-0.130784,0.381234,-8.861356,130.113083,26.125490,0.107607,0.933381,-0.215160,0.266321,-2.268754,142.748245,23.122375,-0.008987,0.827124,0.145901,0.542677,-11.465250,123.828758,23.241514,0.138962,-0.333410,0.139516,-0.921988,-19.424715,126.608635,5.798593,0.036933,0.170155,-0.586762,-0.790819,0.159246,117.332146,-9.471700,0.103116,0.342550,-0.569799,-0.739835,5.731974,138.009018,-4.508406,-0.120018,0.909081,0.064310,0.393740,-7.170199,123.777679,29.326323,0.288813,0.908878,0.218151,-0.207215,5.638236,127.024094,43.494629,-0.152124,0.481071,0.500531,-0.703489,25.448895,115.503395,30.168808,-0.054288,0.316888,0.520311,-0.791146,24.623451,134.962570,18.168331,0.088878,0.830630,0.176990,0.520412,-8.655917,84.102043,14.722426,0.119571,0.926275,0.012680,0.357152,-7.352509,51.253464,0.944524,-0.021947,0.936844,0.017421,0.348624,-16.905355,7.589454,-3.952065,-0.145953,0.851264,0.002783,0.504023,-0.564982,84.514824,31.508190,-0.000445,0.864096,-0.126721,0.487113,8.392402,50.389122,36.583664,-0.016617,0.877717,0.025269,0.478224,2.875906,6.869045,46.450256,-0.021947,0.936844,0.017421,0.348624,-7.462182,2.211630,-14.629570,-0.016617,0.877717,0.025269,0.478224,14.922443,1.664864,38.710682
517,4.308333,-0.007953,0.847099,-0.007648,0.531320,-4.614949,84.314278,23.068110,-0.042625,0.874275,0.088800,0.475333,-4.655802,91.954224,22.904509,-0.015871,0.887419,0.038261,0.459098,-7.578261,109.983757,25.014315,0.150876,0.902787,-0.131126,0.380812,-8.857138,130.118164,26.091867,0.107189,0.933419,-0.215220,0.266309,-2.271705,142.753220,23.072622,-0.008993,0.827549,0.145802,0.542055,-11.467806,123.834404,23.212782,0.139489,-0.333321,0.139653,-0.921920,-19.453409,126.608345,5.780871,0.037069,0.169513,-0.586884,-0.790859,0.131653,117.317009,-9.478959,0.102733,0.341847,-0.569893,-0.740141,5.707680,137.999207,-4.541396,-0.119214,0.909369,0.063598,0.393436,-7.163122,123.782539,29.290768,0.290067,0.908576,0.217967,-0.206983,5.662055,127.013588,43.447437,-0.149616,0.481430,0.501069,-0.703399,25.439325,115.432419,30.124437,-0.050951,0.317813,0.520376,-0.790953,24.654375,134.852661,18.061504,0.088714,0.831225,0.176714,0.519583,-8.671357,84.112976,14.680388,0.119255,0.926171,0.012510,0.357531,-7.382738,51.255363,0.922650,-0.022128,0.936813,0.017456,0.348694,-16.913158,7.584178,-3.953599,-0.145807,0.851615,0.002134,0.503475,-0.558542,84.515587,31.455830,-0.000694,0.864326,-0.126818,0.486679,8.370191,50.386608,36.559700,-0.016868,0.877759,0.025021,0.478152,2.873770,6.868756,46.447311,-0.022128,0.936813,0.017456,0.348694,-7.466347,2.209178,-14.629301,-0.016868,0.877759,0.025021,0.478152,14.920233,1.661757,38.709518
518,4.316667,-0.007673,0.847533,-0.007595,0.530633,-4.609508,84.319893,23.019499,-0.042719,0.874661,0.088980,0.474580,-4.647306,91.959915,22.858883,-0.015834,0.887822,0.038216,0.458324,-7.573560,109.984756,24.974895,0.150640,0.902873,-0.131643,0.380523,-8.849339,130.119354,26.052624,0.106439,0.933406,-0.215287,0.266602,-2.266110,142.751251,23.015419,-0.008655,0.828145,0.145630,0.541196,-11.465406,123.835457,23.178738,0.140120,-0.333173,0.139802,-0.921856,-19.487329,126.611565,5.763855,0.037477,0.168815,-0.586916,-0.790965,0.100772,117.303398,-9.481816,0.102700,0.341195,-0.569951,-0.740402,5.685163,137.990051,-4.578598,-0.118844,0.909528,0.062786,0.393310,-7.150125,123.783958,29.249212,0.291601,0.908159,0.217983,-0.206636,5.682286,127.015396,43.399239,-0.147108,0.481258,0.501840,-0.703496,25.419846,115.362930,30.079533,-0.047789,0.318175,0.520981,-0.790607,24.662790,134.751312,17.969242,0.088665,0.831884,0.176327,0.518668,-8.679607,84.123550,14.638294,0.118874,0.926021,0.012378,0.358051,-7.418046,51.255585,0.902788,-0.022490,0.936783,0.017488,0.348749,-16.918797,7.575950,-3.955624,-0.145543,0.851919,0.001286,0.503041,-0.539407,84.516228,31.400703,-0.000925,0.864644,-0.126854,0.486105,8.345981,50.381557,36.542030,-0.016979,0.877797,0.024979,0.478079,2.872492,6.864569,46.446152,-0.022490,0.936783,0.017488,0.348749,-7.466777,2.205564,-14.629042,-0.016979,0.877797,0.024979,0.478079,14.918557,1.658041,38.707417
519,4.325000,-0.007362,0.847916,-0.007619,0.530025,-4.606977,84.327362,22.975981,-0.043012,0.874997,0.089132,0.473904,-4.640669,91.967453,22.817614,-0.015642,0.888196,0.038099,0.457615,-7.576645,109.986305,24.935081,0.149854,0.903095,-0.132350,0.380062,-8.842507,130.121521,26.013201,0.106112,0.933387,-0.215281,0.266802,-2.274075,142.753723,22.945425,-0.008345,0.828642,0.145472,0.540482,-11.465762,123.838440,23.144062,0.140711,-0.333118,0.140022,-0.921752,-19.517788,126.616982,5.743466,0.037984,0.168320,-0.586973,-0.791005,0.069000,117.288780,-9.491648,0.103123,0.340680,-0.569665,-0.740800,5.657737,137.981018,-4.618612,-0.118288,0.909664,0.062101,0.393272,-7.140709,123.785690,29.207567,0.292802,0.907798,0.217849,-0.206667,5.697967,127.008675,43.353836,-0.145819,0.481777,0.502526,-0.702919,25.397661,115.302910,30.024803,-0.045894,0.319225,0.521040,-0.790257,24.695036,134.673065,17.886843,0.088543,0.832634,0.175917,0.517624,-8.689177,84.135750,14.600554,0.118540,0.925918,0.012312,0.358432,-7.453380,51.255936,0.891094,-0.022809,0.936759,0.017592,0.348787,-16.926897,7.569018,-3.955008,-0.145256,0.852133,0.000667,0.502762,-0.524778,84.518974,31.351408,-0.001256,0.864800,-0.126966,0.485797,8.323226,50.378281,36.517105,-0.017334,0.877959,0.024759,0.477780,2.874168,6.863919,46.446171,-0.022809,0.936759,0.017592,0.348787,-7.470278,2.204686,-14.627398,-0.017334,0.877959,0.024759,0.477780,14.917368,1.656734,38.703426
520,4.333333,-0.007243,0.848298,-0.007721,0.529414,-4.598475,84.335793,22.937256,-0.043175,0.875367,0.089201,0.473193,-4.629909,91.975876,22.778549,-0.015562,0.888586,0.038010,0.456867,-7.569652,109.987961,24.897064,0.149585,0.903270,-0.132403,0.379733,-8.830100,130.123550,25.974548,0.105365,0.933367,-0.215833,0.266720,-2.269365,142.757996,22.899488,-0.008060,0.829115,0.145410,0.539777,-11.459318,123.840546,23.110708,0.141266,-0.333233,0.140245,-0.921592,-19.541056,126.622833,5.724490,0.038422,0.167885,-0.586943,-0.791098,0.038370,117.274261,-9.507604,0.103512,0.340273,-0.569326,-0.741193,5.635402,137.971573,-4.659984,-0.117561,0.909594,0.060943,0.393832,-7.124039,123.787857,29.166906,0.293914,0.907444,0.217184,-0.207344,5.704206,127.001205,43.324829,-0.144628,0.481583,0.503591,-0.702536,25.354443,115.247932,29.964626,-0.042982,0.319207,0.521477,-0.790140,24.692368,134.613297,17.822699,0.088393,0.833534,0.175450,0.516358,-8.692774,84.145088,14.567717,0.118247,0.926109,0.012478,0.358027,-7.486814,51.251675,0.888240,-0.023133,0.936742,0.017802,0.348800,-16.933092,7.558900,-3.958197,-0.145024,0.851979,0.000198,0.503091,-0.504176,84.526497,31.306797,-0.001384,0.865131,-0.127131,0.485164,8.311326,50.380970,36.496078,-0.017214,0.877913,0.024614,0.477878,2.872270,6.870395,46.447227,-0.023133,0.936742,0.017802,0.348800,-7.472018,2.203517,-14.631128,-0.017214,0.877913,0.024614,0.477878,14.915294,1.657915,38.707779
521,4.341667,-0.007053,0.848733,-0.007827,0.528716,-4.588172,84.342728,22.900356,-0.043453,0.875704,0.089400,0.472505,-4.616421,91.982834,22.741838,-0.015588,0.888938,0.037677,0.456209,-7.567132,109.994385,24.864323,0.149257,0.903405,-0.132391,0.379544,-8.821598,130.130951,25.930325,0.104703,0.933262,-0.216620,0.266714,-2.269955,142.768860,22.850105,-0.007706,0.829574,0.145240,0.539123,-11.456414,123.846642,23.074537,0.141788,-0.333402,0.140433,-0.921422,-19.565702,126.632919,5.701792,0.038863,0.167655,-0.586789,-0.791240,0.004943,117.265953,-9.530284,0.103999,0.340017,-0.569206,-0.741335,5.612968,137.963287,-4.701001,-0.117034,0.909843,0.060839,0.393430,-7.112201,123.797012,29.124355,0.294681,0.907085,0.217376,-0.207623,5.733118,126.995453,43.270164,-0.143145,0.480608,0.504603,-0.702781,25.353258,115.216194,29.888641,-0.041403,0.317710,0.523717,-0.789346,24.694923,134.582001,17.744291,0.088503,0.834376,0.174767,0.515210,-8.696279,84.154030,14.537540,0.117865,0.925860,0.012532,0.358794,-7.541600,51.244957,0.891340,-0.023662,0.936675,0.018151,0.348927,-16.950834,7.544184,-3.955129,-0.144711,0.852273,-0.000506,0.502681,-0.480065,84.531433,31.263172,-0.001559,0.865401,-0.127210,0.484661,8.294209,50.379456,36.479794,-0.017399,0.877973,0.024477,0.477768,2.871131,6.870728,46.447720,-0.023662,0.936675,0.018151,0.348927,-7.480104,2.203587,-14.626905,-0.017399,0.877973,0.024477,0.477768,14.913350,1.657340,38.707630
522,4.350000,-0.006947,0.849146,-0.008032,0.528051,-4.579409,84.351311,22.868114,-0.043957,0.875969,0.089471,0.471955,-4.604747,91.991394,22.707806,-0.015330,0.889218,0.037394,0.455696,-7.571177,109.998833,24.825321,0.149016,0.903477,-0.132605,0.379395,-8.810568,130.136581,25.886662,0.103855,0.933175,-0.217384,0.266727,-2.263541,142.774582,22.797077,-0.007238,0.829901,0.145094,0.538666,-11.453058,123.853210,23.035898,0.142034,-0.333611,0.140803,-0.921252,-19.581711,126.648819,5.673711,0.039034,0.167509,-0.586625,-0.791384,-0.023994,117.259125,-9.560956,0.104152,0.339846,-0.568882,-0.741640,5.594724,137.955688,-4.739753,-0.116704,0.910167,0.061318,0.392704,-7.101756,123.802422,29.080605,0.295809,0.906354,0.218531,-0.208001,5.768650,126.985146,43.207138,-0.142319,0.479116,0.506070,-0.702912,25.345173,115.180229,29.784416,-0.040494,0.315929,0.524726,-0.789437,24.688889,134.575638,17.671076,0.088535,0.835171,0.174138,0.514128,-8.700645,84.162308,14.511770,0.117497,0.925976,0.012832,0.358607,-7.589382,51.238014,0.898741,-0.024210,0.936630,0.018377,0.348998,-16.959751,7.530141,-3.958957,-0.144417,0.852744,-0.001102,0.501966,-0.458173,84.540321,31.224459,-0.001670,0.865780,-0.127337,0.483949,8.281798,50.382351,36.459438,-0.017561,0.878073,0.024148,0.477594,2.870033,6.876564,46.446323,-0.024210,0.936630,0.018377,0.348998,-7.480855,2.201260,-14.629338,-0.017561,0.878073,0.024148,0.477594,14.909169,1.657138,38.705505
523,4.358333,-0.006813,0.849531,-0.008275,0.527430,-4.571243,84.359047,22.839371,-0.044453,0.876239,0.089320,0.471436,-4.592995,91.999092,22.677015,-0.015074,0.889489,0.037242,0.455187,-7.570846,110.001923,24.782362,0.148769,0.903622,-0.132244,0.379273,-8.797638,130.140442,25.843657,0.103014,0.933047,-0.218567,0.266534,-2.260746,142.784912,22.759010,-0.006753,0.830152,0.145054,0.538295,-11.446998,123.858345,22.996441,0.142078,-0.333880,0.141196,-0.921087,-19.591398,126.666580,5.643667,0.038913,0.167401,-0.586401,-0.791579,-0.049067,117.256104,-9.597939,0.103902,0.339678,-0.568808,-0.741810,5.582997,137.949402,-4.775405,-0.116346,0.910298,0.061272,0.392515,-7.088674,123.805557,29.036077,0.295676,0.906202,0.218023,-0.209378,5.790733,126.977386,43.156864,-0.142946,0.478344,0.506628,-0.702909,25.340960,115.191528,29.679155,-0.040100,0.314671,0.524732,-0.789956,24.676647,134.615021,17.607939,0.088664,0.835838,0.173439,0.513257,-8.704740,84.169838,14.489086,0.117111,0.925876,0.013100,0.358980,-7.641822,51.229858,0.910166,-0.024615,0.936597,0.018699,0.349044,-16.969908,7.514468,-3.961200,-0.144098,0.853306,-0.001697,0.501101,-0.437745,84.548264,31.189655,-0.001836,0.865995,-0.127429,0.483540,8.267368,50.383842,36.440544,-0.017862,0.878064,0.023630,0.477626,2.869244,6.880233,46.444294,-0.024615,0.936597,0.018699,0.349044,-7.484627,2.198359,-14.632280,-0.017862,0.878064,0.023630,0.477626,14.909309,1.651958,38.710888
524,4.366667,-0.006708,0.849862,-0.008449,0.526894,-4.562225,84.364166,22.812630,-0.044681,0.876408,0.089162,0.471129,-4.581308,92.004189,22.648865,-0.015018,0.889617,0.037148,0.454947,-7.562821,110.005974,24.746058,0.148737,0.903695,-0.132073,0.379169,-8.785598,130.144852,25.805357,0.102237,0.932990,-0.219776,0.266038,-2.251625,142.791519,22.723637,-0.006391,0.830393,0.144971,0.537950,-11.437581,123.862823,22.960419,0.141457,-0.334170,0.141591,-0.921017,-19.596519,126.678978,5.615760,0.038361,0.167172,-0.586107,-0.791872,-0.070384,117.258537,-9.640447,0.103360,0.339510,-0.568534,-0.742171,5.580379,137.945450,-4.808871,-0.115778,0.910550,0.061792,0.392016,-7.075974,123.810104,28.997684,0.294657,0.906262,0.217507,-0.211087,5.823706,126.956306,43.105690,-0.144803,0.477387,0.506549,-0.703237,25.367743,115.232483,29.565060,-0.040298,0.314143,0.523436,-0.791015,24.657682,134.701355,17.556250,0.088772,0.836471,0.172747,0.512440,-8.706275,84.174942,14.467576,0.116645,0.925758,0.013377,0.359427,-7.689138,51.219238,0.923370,-0.024880,0.936651,0.019134,0.348856,-16.967663,7.494706,-3.960582,-0.143867,0.854112,-0.002341,0.499790,-0.418177,84.553398,31.157681,-0.001929,0.866274,-0.127487,0.483024,8.258413,50.384426,36.426193,-0.017744,0.878114,0.023608,0.477539,2.870989,6.882164,46.441563,-0.024880,0.936651,0.019134,0.348856,-7.482389,2.192825,-14.638749,-0.017744,0.878114,0.023608,0.477539,14.908287,1.651689,38.705338
525,4.375000,-0.006602,0.850139,-0.008633,0.526446,-4.553332,84.372322,22.786505,-0.045111,0.876578,0.088993,0.470804,-4.569655,92.012321,22.621220,-0.014876,0.889776,0.037159,0.454638,-7.561286,110.013596,24.706587,0.148890,0.903560,-0.132866,0.379154,-8.778782,130.152603,25.769320,0.101192,0.932872,-0.220687,0.266098,-2.233507,142.789078,22.669754,-0.006121,0.830496,0.144811,0.537836,-11.434184,123.871544,22.925449,0.140699,-0.334393,0.141850,-0.921012,-19.598005,126.692368,5.583847,0.037817,0.167122,-0.585783,-0.792148,-0.083655,117.271103,-9.686917,0.102928,0.339558,-0.568302,-0.742387,5.584561,137.949860,-4.840468,-0.115787,0.910900,0.062701,0.391053,-7.068336,123.817062,28.959633,0.293534,0.906292,0.217210,-0.212822,5.860463,126.953697,43.043091,-0.147052,0.476728,0.506071,-0.703561,25.400526,115.300011,29.436333,-0.043507,0.313213,0.523320,-0.791291,24.639305,134.812347,17.486500,0.088798,0.836930,0.172014,0.511933,-8.706214,84.183006,14.445845,0.116397,0.925792,0.013702,0.359407,-7.726541,51.209618,0.941968,-0.025391,0.936640,0.019372,0.348834,-16.974354,7.480687,-3.960840,-0.143674,0.854391,-0.002694,0.499366,-0.400451,84.561638,31.127163,-0.001955,0.866624,-0.127663,0.482350,8.254766,50.388847,36.406013,-0.017650,0.878095,0.023259,0.477594,2.869520,6.890634,46.440144,-0.025391,0.936640,0.019372,0.348834,-7.483397,2.190436,-14.639720,-0.017650,0.878095,0.023259,0.477594,14.905148,1.650100,38.708126
526,4.383333,-0.006597,0.850358,-0.008691,0.526092,-4.538946,84.378494,22.762119,-0.045409,0.876711,0.088845,0.470556,-4.554804,92.018471,22.596117,-0.014916,0.889888,0.037117,0.454421,-7.553028,110.020638,24.672546,0.149155,0.903458,-0.132549,0.379404,-8.770917,130.159729,25.733318,0.100249,0.932598,-0.222361,0.266019,-2.220950,142.796951,22.646791,-0.006059,0.830590,0.144990,0.537644,-11.427412,123.878189,22.891527,0.139865,-0.334615,0.141837,-0.921061,-19.599270,126.703659,5.554461,0.037147,0.167098,-0.585382,-0.792481,-0.092614,117.295815,-9.734400,0.102197,0.339638,-0.567877,-0.742777,5.596466,137.963699,-4.868537,-0.115910,0.911205,0.063298,0.390211,-7.058641,123.824669,28.923603,0.271412,0.924995,0.066668,-0.257441,5.894576,126.960014,42.984901,-0.207903,0.516306,0.475091,-0.681538,24.984743,114.559196,29.399937,-0.045697,0.312934,0.521433,-0.792523,24.619560,134.951752,17.427910,0.088978,0.837232,0.171308,0.511643,-8.698770,84.188705,14.424931,0.116218,0.925621,0.013851,0.359899,-7.761106,51.200317,0.954743,-0.025566,0.936561,0.019745,0.349013,-16.986740,7.468003,-3.959663,-0.143528,0.854622,-0.002917,0.499012,-0.379122,84.568283,31.099308,-0.001942,0.866802,-0.127904,0.481966,8.261712,50.392586,36.382946,-0.017979,0.878108,0.022666,0.477587,2.869434,6.899896,46.437229,-0.025566,0.936561,0.019745,0.349013,-7.488665,2.189597,-14.638082,-0.017979,0.878108,0.022666,0.477587,14.905201,1.649028,38.712440
527,4.391667,-0.006632,0.850534,-0.008714,0.525806,-4.524479,84.386459,22.740076,-0.045664,0.876868,0.088634,0.470278,-4.540669,92.026428,22.573502,-0.015139,0.890025,0.037205,0.454140,-7.542378,110.026459,24.639378,0.148987,0.903334,-0.133929,0.379281,-8.769566,130.165024,25.699574,0.099942,0.932432,-0.222933,0.266240,-2.211135,142.788788,22.576172,-0.006241,0.830562,0.145223,0.537623,-11.424693,123.881973,22.859819,0.138879,-0.334921,0.141478,-0.921154,-19.597338,126.706299,5.522945,0.036188,0.167279,-0.584957,-0.792801,-0.096162,117.330528,-9.792569,0.101119,0.339751,-0.567281,-0.743329,5.612024,137.984711,-4.892727,-0.116435,0.911600,0.064585,0.388917,-7.052211,123.831009,28.889227,0.270168,0.924937,0.072471,-0.257389,5.935318,126.970482,42.917908,-0.208429,0.513747,0.475675,-0.682902,25.062624,114.710526,29.257551,-0.047893,0.311991,0.518895,-0.794428,24.599613,135.115738,17.366749,0.089063,0.837466,0.170633,0.511472,-8.689889,84.195923,14.405698,0.116097,0.925572,0.014070,0.360056,-7.785471,51.192165,0.970946,-0.026032,0.936541,0.019940,0.349020,-16.993219,7.457861,-3.959276,-0.143399,0.854732,-0.003159,0.498858,-0.359069,84.577003,31.074455,-0.001907,0.867106,-0.128078,0.481372,8.266427,50.398773,36.366745,-0.017143,0.878152,0.022775,0.477532,2.870721,6.910095,46.436481,-0.026032,0.936541,0.019940,0.349020,-7.489430,2.189495,-14.637563,-0.017143,0.878152,0.022775,0.477532,14.897934,1.650445,38.704361
528,4.400000,-0.006644,0.850634,-0.008769,0.525643,-4.512141,84.392105,22.719473,-0.045836,0.877044,0.088468,0.469963,-4.528073,92.032059,22.552086,-0.015421,0.890204,0.037181,0.453780,-7.532175,110.035309,24.611052,0.148799,0.903380,-0.133972,0.379230,-8.768612,130.173584,25.665716,0.099928,0.932150,-0.224233,0.266140,-2.214654,142.798767,22.538639,-0.006642,0.830389,0.145735,0.537746,-11.422813,123.888313,22.830063,0.137778,-0.335106,0.141079,-0.921313,-19.590145,126.711151,5.490445,0.035191,0.167483,-0.584704,-0.792990,-0.089547,117.371872,-9.848086,0.099854,0.340186,-0.566545,-0.743862,5.628369,138.013931,-4.914028,-0.117560,0.912090,0.065891,0.387208,-7.045597,123.841476,28.856070,0.267165,0.925484,0.067445,-0.259911,5.983126,127.007568,42.840504,-0.212373,0.513572,0.473991,-0.682989,25.126822,114.827560,29.131657,-0.049228,0.310514,0.517437,-0.795875,24.579041,135.301575,17.300373,0.089102,0.837626,0.169952,0.511430,-8.680754,84.200844,14.386710,0.116068,0.925495,0.014306,0.360254,-7.805032,51.181042,0.989534,-0.026194,0.936471,0.020261,0.349179,-17.001719,7.446757,-3.961409,-0.143272,0.855018,-0.003529,0.498403,-0.343529,84.583366,31.052235,-0.001946,0.867230,-0.128114,0.481139,8.264091,50.402702,36.357903,-0.017901,0.878206,0.022112,0.477435,2.872620,6.914857,46.433525,-0.026194,0.936471,0.020261,0.349179,-7.491570,2.188710,-14.639123,-0.017901,0.878206,0.022112,0.477435,14.902243,1.648979,38.709396
529,4.408333,-0.006576,0.850672,-0.008872,0.525582,-4.500624,84.396889,22.699211,-0.045859,0.877268,0.088199,0.469594,-4.514854,92.036827,22.531033,-0.015791,0.890439,0.037190,0.453306,-7.513555,110.037758,24.581846,0.148181,0.903543,-0.134090,0.379041,-8.762937,130.175537,25.630728,0.100317,0.931842,-0.225328,0.266146,-2.224020,142.805618,22.491920,-0.006885,0.830418,0.146144,0.537587,-11.415674,123.887421,22.800007,0.136235,-0.335116,0.140672,-0.921602,-19.589489,126.710083,5.463412,0.034106,0.167420,-0.584490,-0.793208,-0.083137,117.415909,-9.895201,0.098633,0.340632,-0.565701,-0.744462,5.646867,138.048569,-4.933391,-0.118485,0.912504,0.067383,0.385690,-7.032230,123.845741,28.821522,0.264344,0.925957,0.067785,-0.261019,6.033500,127.028015,42.767708,-0.214641,0.511961,0.472997,-0.684178,25.226084,114.988449,29.003269,-0.050963,0.309070,0.515384,-0.797658,24.555651,135.494141,17.236828,0.089006,0.837854,0.169160,0.511334,-8.670457,84.205704,14.367058,0.116093,0.925449,0.014668,0.360350,-7.820466,51.165520,1.018553,-0.026499,0.936416,0.020506,0.349289,-17.006886,7.432699,-3.964281,-0.143098,0.855385,-0.003997,0.497818,-0.330791,84.588066,31.031364,-0.002022,0.867330,-0.128039,0.480979,8.253513,50.404114,36.353550,-0.017840,0.878174,0.022001,0.477502,2.873074,6.914565,46.427719,-0.026499,0.936416,0.020506,0.349289,-7.490250,2.184406,-14.641009,-0.017840,0.878174,0.022001,0.477502,14.902719,1.645082,38.706081
530,4.416667,-0.006413,0.850683,-0.008991,0.525563,-4.491041,84.396759,22.675861,-0.045860,0.877492,0.088010,0.469211,-4.502202,92.036697,22.507448,-0.016177,0.890687,0.037227,0.452801,-7.497944,110.045540,24.554268,0.147962,0.903526,-0.134590,0.378990,-8.761282,130.182724,25.598082,0.100419,0.931517,-0.226247,0.266465,-2.223241,142.809448,22.444054,-0.007422,0.830321,0.146504,0.537633,-11.412404,123.891708,22.772287,0.135095,-0.335142,0.139936,-0.921872,-19.584036,126.704849,5.433117,0.033161,0.167703,-0.584441,-0.793225,-0.067693,117.464684,-9.945374,0.097567,0.341162,-0.565013,-0.744882,5.660291,138.088211,-4.949528,-0.119275,0.912943,0.068606,0.384190,-7.022326,123.855247,28.789000,0.261686,0.926309,0.068554,-0.262246,6.080882,127.053192,42.696381,-0.216920,0.510083,0.472417,-0.685261,25.313568,115.154358,28.865698,-0.052676,0.307663,0.514194,-0.798858,24.526340,135.703430,17.177794,0.088994,0.837777,0.168567,0.511659,-8.661275,84.207001,14.343876,0.116104,0.925379,0.014779,0.360520,-7.827804,51.152409,1.030064,-0.026562,0.936382,0.020867,0.349354,-17.010546,7.420102,-3.964049,-0.143048,0.855473,-0.004418,0.497678,-0.320808,84.586517,31.007847,-0.002103,0.867392,-0.127960,0.480888,8.246420,50.401791,36.352520,-0.018158,0.878188,0.021777,0.477474,2.876787,6.910461,46.424770,-0.026562,0.936382,0.020867,0.349354,-7.490585,2.182110,-14.642874,-0.018158,0.878188,0.021777,0.477474,14.907946,1.639733,38.706341
531,4.425000,-0.006416,0.850667,-0.009119,0.525587,-4.477371,84.401222,22.659164,-0.045908,0.877694,0.087833,0.468862,-4.487532,92.041122,22.489075,-0.016549,0.890919,0.037111,0.452341,-7.481174,110.052200,24.530741,0.147264,0.903651,-0.134588,0.378965,-8.755274,130.189240,25.564253,0.100846,0.931112,-0.227347,0.266784,-2.234585,142.822891,22.401970,-0.008004,0.830238,0.146889,0.537647,-11.405528,123.895050,22.744720,0.134111,-0.335123,0.139124,-0.922145,-19.576231,126.697601,5.403397,0.032224,0.168074,-0.584574,-0.793086,-0.047174,117.512718,-9.992059,0.096527,0.341663,-0.564754,-0.744984,5.668544,138.131393,-4.960327,-0.120362,0.913443,0.069698,0.382463,-7.009424,123.864616,28.757065,0.258849,0.926833,0.067719,-0.263424,6.134995,127.091743,42.618740,-0.219840,0.509247,0.471039,-0.685901,25.413147,115.317657,28.744665,-0.054686,0.306515,0.510849,-0.801306,24.523754,135.905899,17.114941,0.089035,0.837656,0.168045,0.512022,-8.647142,84.210167,14.326978,0.116141,0.925263,0.014872,0.360803,-7.830060,51.143562,1.041995,-0.026573,0.936369,0.021039,0.349378,-17.011271,7.412264,-3.963830,-0.142869,0.855408,-0.004743,0.497839,-0.307599,84.592270,30.991352,-0.002211,0.867414,-0.127923,0.480858,8.236475,50.404106,36.351124,-0.018150,0.878197,0.021652,0.477464,2.877158,6.911972,46.425392,-0.026573,0.936369,0.021039,0.349378,-7.490094,2.178985,-14.643884,-0.018150,0.878197,0.021652,0.477464,14.907430,1.637991,38.707806
532,4.433333,-0.006453,0.850693,-0.009455,0.525538,-4.465322,84.410332,22.644444,-0.045851,0.877975,0.087572,0.468389,-4.473282,92.050133,22.469688,-0.017029,0.891216,0.037131,0.451736,-7.459492,110.062775,24.505587,0.146736,0.903858,-0.134217,0.378807,-8.750498,130.199097,25.531918,0.101349,0.930765,-0.228506,0.266816,-2.247167,142.842072,22.371239,-0.008697,0.830115,0.147317,0.537710,-11.398741,123.901276,22.718636,0.133272,-0.335026,0.138213,-0.922439,-19.566351,126.690826,5.373764,0.031469,0.168635,-0.584919,-0.792743,-0.020467,117.563942,-10.034807,0.095995,0.342244,-0.564920,-0.744660,5.669076,138.180634,-4.967239,-0.121342,0.913823,0.070736,0.381052,-6.994723,123.877480,28.725212,0.255771,0.927410,0.066872,-0.264614,6.182247,127.129578,42.550095,-0.222100,0.507520,0.469888,-0.687241,25.511068,115.491333,28.631979,-0.055732,0.304756,0.510079,-0.802395,24.487024,136.114471,17.060966,0.089130,0.837274,0.167729,0.512732,-8.636034,84.215408,14.312819,0.116178,0.925187,0.014819,0.360988,-7.825226,51.142441,1.043293,-0.026484,0.936363,0.021099,0.349398,-17.010221,7.411787,-3.961187,-0.142611,0.855252,-0.005116,0.498176,-0.294609,84.605255,30.976068,-0.002388,0.867345,-0.127762,0.481023,8.218788,50.412113,36.352840,-0.017984,0.878151,0.021596,0.477557,2.878380,6.916350,46.421467,-0.026484,0.936363,0.021099,0.349398,-7.489330,2.179213,-14.641835,-0.017984,0.878151,0.021596,0.477557,14.908387,1.638726,38.705956
533,4.441667,-0.006603,0.850753,-0.009566,0.525438,-4.443964,84.417175,22.628611,-0.045661,0.878260,0.087453,0.467896,-4.453002,92.056915,22.451195,-0.017862,0.891492,0.037149,0.451157,-7.429481,110.068085,24.487961,0.146204,0.903978,-0.134711,0.378551,-8.750172,130.203171,25.500542,0.101771,0.930553,-0.229067,0.266913,-2.256501,142.845993,22.319380,-0.009358,0.829906,0.147741,0.537904,-11.392162,123.899139,22.695286,0.132234,-0.334861,0.137336,-0.922779,-19.551224,126.677475,5.344584,0.030665,0.169124,-0.585535,-0.792216,0.013345,117.610573,-10.075699,0.095500,0.343104,-0.565092,-0.744198,5.664801,138.232880,-4.974424,-0.122804,0.914192,0.071932,0.379470,-6.980794,123.886696,28.696505,0.252552,0.928121,0.065544,-0.265542,6.228957,127.179077,42.480515,-0.224672,0.506463,0.468045,-0.688442,25.618448,115.674171,28.535942,-0.057506,0.303647,0.508160,-0.803906,24.461649,136.317474,17.006523,0.089275,0.837106,0.167317,0.513116,-8.616606,84.218781,14.298031,0.116219,0.925143,0.014808,0.361089,-7.823857,51.137829,1.047338,-0.026645,0.936356,0.021238,0.349395,-17.012047,7.408002,-3.958472,-0.142273,0.855150,-0.005601,0.498443,-0.271324,84.615570,30.959192,-0.002486,0.867420,-0.127656,0.480917,8.203122,50.415932,36.356155,-0.018056,0.878127,0.021512,0.477603,2.876200,6.917760,46.421535,-0.026645,0.936356,0.021238,0.349395,-7.489074,2.180789,-14.639896,-0.018056,0.878127,0.021512,0.477603,14.907301,1.639015,38.708492
534,4.450000,-0.006558,0.850795,-0.009796,0.525366,-4.431965,84.427666,22.614809,-0.045563,0.878522,0.087109,0.467477,-4.438578,92.067345,22.434769,-0.018535,0.891741,0.037220,0.450632,-7.404608,110.078339,24.463358,0.145657,0.904079,-0.135119,0.378376,-8.750220,130.212219,25.467003,0.102093,0.930329,-0.229539,0.267164,-2.267041,142.855911,22.267975,-0.010306,0.829757,0.148299,0.537963,-11.387173,123.903320,22.667946,0.131578,-0.334568,0.136385,-0.923120,-19.543055,126.663185,5.312798,0.030029,0.169653,-0.586199,-0.791636,0.045709,117.654037,-10.110630,0.094890,0.343890,-0.565580,-0.743542,5.655515,138.282089,-4.979342,-0.124196,0.914608,0.073091,0.377790,-6.969119,123.899696,28.664259,0.249923,0.928706,0.064592,-0.266216,6.276626,127.231094,42.404285,-0.226979,0.505227,0.466598,-0.689574,25.717154,115.836716,28.440029,-0.058545,0.302868,0.506239,-0.805335,24.436804,136.505341,16.956339,0.089115,0.837069,0.166920,0.513333,-8.606027,84.227745,14.284976,0.116359,0.925317,0.015008,0.360588,-7.815425,51.135300,1.062875,-0.026533,0.936359,0.021251,0.349393,-17.011242,7.408935,-3.959176,-0.141950,0.854902,-0.006044,0.498955,-0.257904,84.627586,30.944645,-0.002695,0.867383,-0.127476,0.481029,8.178328,50.421761,36.362232,-0.018011,0.878116,0.021607,0.477620,2.874139,6.919566,46.422222,-0.026533,0.936359,0.021251,0.349393,-7.489441,2.180918,-14.641255,-0.018011,0.878116,0.021607,0.477620,14.905575,1.642586,38.708488
535,4.458333,-0.006593,0.850849,-0.010042,0.525273,-4.415923,84.436890,22.603355,-0.045585,0.878713,0.086929,0.467150,-4.421039,92.076492,22.419836,-0.019056,0.891926,0.037107,0.450253,-7.384491,110.091766,24.443756,0.145200,0.904180,-0.135254,0.378262,-8.746397,130.225204,25.434399,0.102283,0.930142,-0.230145,0.267221,-2.273784,142.871887,22.225792,-0.011097,0.829587,0.148720,0.538094,-11.380225,123.912117,22.641861,0.131169,-0.334214,0.135686,-0.923409,-19.530005,126.656189,5.281349,0.029401,0.169950,-0.587024,-0.790984,0.081372,117.688858,-10.137706,0.094092,0.344304,-0.566308,-0.742898,5.644451,138.325516,-4.985594,-0.125195,0.914920,0.074005,0.376524,-6.957384,123.916420,28.634640,0.247037,0.929394,0.063909,-0.266674,6.315682,127.274994,42.341644,-0.229008,0.504340,0.464759,-0.690793,25.819296,116.005585,28.363949,-0.060194,0.302314,0.504372,-0.806593,24.415409,136.680618,16.904602,0.089121,0.837015,0.166724,0.513485,-8.591801,84.234016,14.274508,0.116423,0.925275,0.014952,0.360678,-7.806563,51.136971,1.063617,-0.026574,0.936386,0.021171,0.349323,-17.008978,7.411796,-3.956701,-0.141637,0.854902,-0.006566,0.499038,-0.240044,84.639771,30.932203,-0.002867,0.867321,-0.127270,0.481195,8.158533,50.428093,36.371284,-0.018207,0.878134,0.021456,0.477586,2.874794,6.921256,46.421963,-0.026574,0.936386,0.021171,0.349323,-7.488594,2.182038,-14.639184,-0.018207,0.878134,0.021456,0.477586,14.906799,1.643196,38.709866
536,4.466667,-0.006682,0.850902,-0.010408,0.525179,-4.400722,84.447083,22.596159,-0.045612,0.878913,0.086714,0.466811,-4.404076,92.086555,22.407167,-0.019592,0.892117,0.037010,0.449859,-7.363667,110.101410,24.424690,0.144849,0.904303,-0.135267,0.378098,-8.742677,130.234299,25.402700,0.102253,0.930051,-0.230663,0.267102,-2.279418,142.884293,22.188314,-0.011788,0.829506,0.149045,0.538115,-11.373205,123.916962,22.616676,0.131341,-0.333956,0.134771,-0.923612,-19.521496,126.645721,5.253060,0.029144,0.170481,-0.587785,-0.790314,0.112155,117.720482,-10.162067,0.093658,0.344775,-0.567189,-0.742061,5.627913,138.364822,-4.990892,-0.126361,0.915202,0.074916,0.375267,-6.945385,123.929306,28.605764,0.244208,0.930135,0.061113,-0.267351,6.352948,127.320946,42.280090,-0.231660,0.504348,0.462461,-0.691445,25.911108,116.144051,28.304348,-0.061783,0.302032,0.501849,-0.808150,24.405987,136.831360,16.856985,0.089078,0.836929,0.166703,0.513639,-8.578405,84.239227,14.268342,0.116489,0.925336,0.014964,0.360499,-7.789004,51.141132,1.060323,-0.026371,0.936464,0.020998,0.349141,-16.997381,7.417372,-3.961340,-0.141285,0.854908,-0.006856,0.499122,-0.223038,84.654945,30.923977,-0.002894,0.867609,-0.127239,0.480684,8.143810,50.436455,36.369114,-0.017240,0.878049,0.021727,0.477767,2.869410,6.928942,46.421761,-0.026371,0.936464,0.020998,0.349141,-7.483836,2.180792,-14.646569,-0.017240,0.878049,0.021727,0.477767,14.896461,1.644367,38.706402
537,4.475000,-0.006766,0.850972,-0.010681,0.525059,-4.384398,84.455124,22.587572,-0.045462,0.879137,0.086459,0.466451,-4.386681,92.094482,22.394361,-0.020366,0.892306,0.036910,0.449459,-7.336064,110.110031,24.407394,0.144958,0.904275,-0.135404,0.378075,-8.740710,130.241974,25.368353,0.101829,0.930013,-0.231037,0.267073,-2.273581,142.889389,22.151653,-0.012462,0.829399,0.149399,0.538166,-11.365231,123.918663,22.590204,0.131689,-0.333627,0.133948,-0.923801,-19.510763,126.633499,5.223103,0.029002,0.170843,-0.588529,-0.789687,0.146253,117.743393,-10.182553,0.093046,0.345226,-0.568068,-0.741256,5.617818,138.395782,-5.001022,-0.127293,0.915441,0.075546,0.374242,-6.932504,123.942245,28.575632,0.242579,0.930543,0.063499,-0.266857,6.386445,127.361954,42.222881,-0.232274,0.502928,0.461578,-0.692862,26.000622,116.292274,28.240299,-0.062533,0.302467,0.499925,-0.809122,24.389893,136.969772,16.815395,0.089257,0.836718,0.166686,0.513958,-8.564413,84.243279,14.261021,0.116507,0.925071,0.014653,0.361186,-7.781146,51.147060,1.047932,-0.026195,0.936488,0.020826,0.349100,-16.997416,7.422843,-3.955280,-0.141003,0.854924,-0.007206,0.499170,-0.204383,84.666962,30.914122,-0.003002,0.867602,-0.127132,0.480724,8.132984,50.443150,36.371010,-0.017622,0.878063,0.021456,0.477739,2.871231,6.933227,46.419861,-0.026195,0.936488,0.020826,0.349100,-7.487203,2.179817,-14.640323,-0.017622,0.878063,0.021456,0.477739,14.900191,1.647129,38.708519
538,4.483333,-0.006950,0.851058,-0.010918,0.524913,-4.362082,84.465828,22.577963,-0.045462,0.879334,0.086231,0.466121,-4.364899,92.105064,22.380196,-0.020923,0.892478,0.036885,0.449093,-7.308806,110.116722,24.386438,0.144488,0.904390,-0.135609,0.377904,-8.732677,130.247803,25.336922,0.101599,0.929997,-0.231219,0.267061,-2.276048,142.897552,22.108292,-0.013232,0.829462,0.149647,0.537982,-11.353050,123.920311,22.564411,0.132026,-0.333246,0.133196,-0.923999,-19.505478,126.614471,5.197334,0.028970,0.170924,-0.589257,-0.789127,0.175652,117.756500,-10.196015,0.092683,0.345368,-0.568809,-0.740667,5.608827,138.421631,-5.015474,-0.128231,0.915603,0.076025,0.373428,-6.915771,123.951721,28.546425,0.240360,0.931170,0.060741,-0.267320,6.417462,127.400948,42.172272,-0.234053,0.502977,0.459619,-0.693530,26.075333,116.395248,28.200562,-0.063045,0.302330,0.498132,-0.810239,24.380497,137.077515,16.768936,0.089233,0.836795,0.166770,0.513809,-8.544913,84.248764,14.252962,0.116594,0.925127,0.014494,0.361020,-7.759442,51.154251,1.035739,-0.025893,0.936536,0.020623,0.349006,-16.988955,7.431454,-3.955445,-0.140704,0.854983,-0.007567,0.499149,-0.179252,84.682884,30.902964,-0.003057,0.867552,-0.127065,0.480832,8.127623,50.453449,36.371071,-0.017791,0.878061,0.021032,0.477756,2.871750,6.942031,46.416527,-0.025893,0.936536,0.020623,0.349006,-7.484702,2.179819,-14.641558,-0.017791,0.878061,0.021032,0.477756,14.900546,1.647634,38.710625
539,4.491667,-0.007055,0.851109,-0.011142,0.524823,-4.342964,84.473328,22.569571,-0.045499,0.879489,0.085910,0.465884,-4.345363,92.112473,22.368055,-0.021487,0.892601,0.036902,0.448820,-7.284395,110.125671,24.364141,0.144003,0.904502,-0.135525,0.377851,-8.728618,130.255753,25.305420,0.101264,0.929947,-0.231569,0.267058,-2.285047,142.911133,22.072800,-0.013833,0.829478,0.149630,0.537946,-11.343967,123.924149,22.537510,0.132473,-0.332833,0.132584,-0.924173,-19.497255,126.598427,5.167757,0.029037,0.170983,-0.589942,-0.788600,0.207110,117.764214,-10.209526,0.092354,0.345461,-0.569599,-0.740057,5.603537,138.438568,-5.033889,-0.129494,0.915727,0.076809,0.372527,-6.903397,123.963127,28.517040,0.238667,0.931761,0.059911,-0.266967,6.443275,127.449142,42.120361,-0.234544,0.502603,0.458035,-0.694683,26.154169,116.506645,28.173716,-0.063255,0.301982,0.496862,-0.811131,24.373037,137.164383,16.722782,0.089248,0.836960,0.166823,0.513520,-8.527525,84.252426,14.245540,0.116683,0.925046,0.014278,0.361207,-7.745444,51.159348,1.024517,-0.025879,0.936568,0.020445,0.348932,-16.988256,7.437843,-3.953405,-0.140487,0.855156,-0.007927,0.498908,-0.158404,84.694221,30.893602,-0.003076,0.867585,-0.127023,0.480783,8.124312,50.460827,36.373554,-0.017399,0.878031,0.020879,0.477832,2.872360,6.948456,46.416924,-0.025879,0.936568,0.020445,0.348932,-7.486416,2.181296,-14.639248,-0.017399,0.878031,0.020879,0.477832,14.897882,1.644851,38.712238
540,4.500000,-0.007152,0.851169,-0.011350,0.524721,-4.320774,84.479248,22.559877,-0.045228,0.879596,0.085653,0.465757,-4.322796,92.118301,22.354876,-0.022374,0.892627,0.036809,0.448734,-7.247595,110.128609,24.347233,0.143343,0.904623,-0.135051,0.377982,-8.722013,130.257385,25.269211,0.100913,0.929884,-0.231969,0.267065,-2.298640,142.924347,22.041740,-0.014390,0.829488,0.149865,0.537851,-11.328129,123.919189,22.507706,0.132872,-0.332508,0.132263,-0.924278,-19.484783,126.579880,5.137446,0.028611,0.170213,-0.590098,-0.788665,0.235559,117.755905,-10.225238,0.090157,0.345221,-0.571100,-0.739282,5.634512,138.429688,-5.065858,-0.130278,0.915790,0.077133,0.372031,-6.886979,123.970627,28.486712,0.237278,0.932274,0.059605,-0.266481,6.466088,127.481567,42.077339,-0.234676,0.502395,0.456672,-0.695684,26.225763,116.595375,28.155691,-0.063045,0.302141,0.495388,-0.811990,24.376003,137.227448,16.677362,0.089316,0.837093,0.166886,0.513271,-8.507304,84.254784,14.236932,0.116720,0.925204,0.014147,0.360796,-7.730812,51.164066,1.009662,-0.025746,0.936600,0.020345,0.348860,-16.983137,7.443008,-3.954465,-0.140349,0.855276,-0.008211,0.498736,-0.134245,84.703712,30.882824,-0.002999,0.867621,-0.127065,0.480708,8.131213,50.467873,36.373558,-0.017142,0.878009,0.020814,0.477883,2.872296,6.956422,46.417294,-0.025746,0.936600,0.020345,0.348860,-7.484644,2.182389,-14.641285,-0.017142,0.878009,0.020814,0.477883,14.895874,1.647650,38.713135
541,4.508333,-0.007398,0.851218,-0.011474,0.524635,-4.293177,84.481522,22.551149,-0.044941,0.879609,0.085350,0.465816,-4.297418,92.120476,22.342566,-0.023340,0.892524,0.036754,0.448894,-7.206929,110.127113,24.329288,0.142078,0.904694,-0.135324,0.378194,-8.715346,130.254272,25.231441,0.100694,0.929794,-0.231904,0.267516,-2.319628,142.930252,21.984499,-0.014743,0.829691,0.149923,0.537512,-11.309629,123.909119,22.474792,0.133304,-0.332048,0.131781,-0.924450,-19.480022,126.557610,5.109124,0.029618,0.170783,-0.590974,-0.787849,0.263287,117.751717,-10.234426,0.092744,0.345325,-0.570860,-0.739100,5.609087,138.446426,-5.087774,-0.131061,0.915729,0.077277,0.371876,-6.871287,123.973656,28.455757,0.236577,0.932555,0.058893,-0.266277,6.478340,127.510468,42.043064,-0.234702,0.502352,0.455858,-0.696240,26.261395,116.644684,28.138680,-0.062374,0.302459,0.494578,-0.812417,24.373909,137.267273,16.637112,0.089470,0.837269,0.166957,0.512934,-8.481320,84.251961,14.229152,0.116801,0.925127,0.013860,0.360978,-7.716525,51.164906,0.992046,-0.025680,0.936627,0.020323,0.348795,-16.983900,7.444838,-3.952650,-0.140166,0.855432,-0.008546,0.498514,-0.105032,84.711082,30.873146,-0.002950,0.867476,-0.127026,0.480980,8.139077,50.471981,36.375652,-0.017118,0.877952,0.020642,0.477997,2.874831,6.959611,46.412605,-0.025680,0.936627,0.020323,0.348795,-7.487669,2.182886,-14.640824,-0.017118,0.877952,0.020642,0.477997,14.899306,1.646242,38.713009
542,4.516667,-0.007459,0.851231,-0.011640,0.524608,-4.267897,84.481384,22.540873,-0.045480,0.879610,0.085349,0.465760,-4.271608,92.120270,22.329626,-0.023530,0.892546,0.036595,0.448853,-7.199231,110.130653,24.307795,0.141736,0.904695,-0.135401,0.378293,-8.711585,130.257919,25.200829,0.100049,0.929795,-0.232011,0.267661,-2.323125,142.936264,21.948870,-0.015196,0.829609,0.149779,0.537666,-11.304809,123.910988,22.447279,0.133933,-0.331746,0.131770,-0.924469,-19.468229,126.542877,5.075808,0.029794,0.170270,-0.591081,-0.787873,0.285858,117.728447,-10.248962,0.091931,0.345038,-0.571753,-0.738645,5.633042,138.425064,-5.125366,-0.131673,0.915779,0.077277,0.371537,-6.866039,123.979149,28.427887,0.236487,0.932805,0.061095,-0.264982,6.487116,127.538940,42.005718,-0.233270,0.501652,0.455573,-0.697412,26.308901,116.701378,28.134499,-0.061227,0.302850,0.493888,-0.812778,24.377028,137.284592,16.601622,0.089511,0.837455,0.166892,0.512644,-8.456546,84.249214,14.219204,0.116923,0.925215,0.013762,0.360717,-7.701243,51.161133,0.984123,-0.025549,0.936617,0.020379,0.348828,-16.983223,7.443389,-3.953740,-0.140139,0.855395,-0.008733,0.498583,-0.079247,84.713547,30.862543,-0.002732,0.867646,-0.127127,0.480647,8.156137,50.474136,36.376148,-0.016904,0.877951,0.020658,0.478006,2.874369,6.963980,46.413460,-0.025549,0.936617,0.020379,0.348828,-7.487433,2.181610,-14.642392,-0.016904,0.877951,0.020658,0.478006,14.896971,1.648059,38.712704
543,4.525000,-0.007479,0.851270,-0.011849,0.524540,-4.243030,84.478867,22.531609,-0.045685,0.879603,0.085211,0.465780,-4.245342,92.117668,22.317492,-0.023985,0.892499,0.036513,0.448929,-7.177237,110.128036,24.287622,0.141189,0.904680,-0.135297,0.378570,-8.704569,130.254669,25.169325,0.099314,0.929729,-0.232244,0.267960,-2.329279,142.939285,21.915966,-0.015604,0.829631,0.149504,0.537696,-11.292535,123.904327,22.418692,0.134591,-0.331494,0.131599,-0.924488,-19.454229,126.517532,5.043591,0.030242,0.170071,-0.591317,-0.787722,0.311078,117.701553,-10.265790,0.092385,0.344577,-0.572588,-0.738157,5.649098,138.405991,-5.162047,-0.131927,0.915701,0.076917,0.371712,-6.855107,123.979019,28.400213,0.236111,0.933083,0.060737,-0.264420,6.490394,127.552094,41.982071,-0.232735,0.501940,0.454801,-0.697888,26.337358,116.722809,28.140440,-0.060458,0.303387,0.493235,-0.813032,24.386175,137.278534,16.568232,0.089659,0.837537,0.166844,0.512500,-8.433005,84.244362,14.210672,0.116941,0.925184,0.013602,0.360797,-7.690557,51.157032,0.973007,-0.025382,0.936659,0.020472,0.348722,-16.978735,7.439261,-3.952901,-0.140084,0.855430,-0.008903,0.498534,-0.053054,84.713371,30.852545,-0.002657,0.867416,-0.127189,0.481047,8.173352,50.473095,36.374157,-0.016278,0.877948,0.020720,0.478031,2.878492,6.964302,46.410500,-0.025382,0.936659,0.020472,0.348722,-7.486782,2.178187,-14.645299,-0.016278,0.877948,0.020720,0.478031,14.895697,1.641316,38.706215
544,4.533333,-0.007602,0.851325,-0.011979,0.524446,-4.215026,84.475746,22.523426,-0.045869,0.879606,0.085135,0.465769,-4.217919,92.114471,22.306637,-0.024374,0.892469,0.036329,0.448982,-7.153854,110.121170,24.270824,0.140910,0.904658,-0.135003,0.378830,-8.691932,130.247574,25.138739,0.098453,0.929739,-0.232406,0.268104,-2.325075,142.938034,21.891611,-0.016065,0.829675,0.149350,0.537658,-11.276111,123.894028,22.391964,0.134966,-0.331176,0.131599,-0.924548,-19.438835,126.488945,5.014607,0.030714,0.169780,-0.591529,-0.787607,0.337662,117.668221,-10.277597,0.092861,0.344365,-0.572852,-0.737990,5.669168,138.380722,-5.197220,-0.132289,0.915431,0.076175,0.372402,-6.839681,123.975082,28.374144,0.236305,0.933209,0.060686,-0.263815,6.482244,127.568245,41.973843,-0.232121,0.502905,0.454143,-0.697825,26.341286,116.725098,28.160404,-0.060027,0.304769,0.491652,-0.813506,24.408043,137.250504,16.539181,0.089669,0.837561,0.166859,0.512455,-8.406801,84.238037,14.203487,0.117124,0.925561,0.013601,0.359769,-7.665053,51.151192,0.964545,-0.025474,0.936692,0.020467,0.348626,-16.973785,7.437280,-3.956856,-0.139989,0.855543,-0.009070,0.498364,-0.023251,84.713455,30.843365,-0.002355,0.867893,-0.127345,0.480145,8.192639,50.471474,36.370113,-0.016926,0.877918,0.020447,0.478074,2.877807,6.966132,46.410858,-0.025474,0.936692,0.020467,0.348626,-7.483074,2.176973,-14.650738,-0.016926,0.877918,0.020447,0.478074,14.900754,1.645232,38.714088
545,4.541667,-0.007821,0.851397,-0.011971,0.524327,-4.178495,84.470238,22.511450,-0.046427,0.879577,0.085184,0.465761,-4.184331,92.108917,22.293007,-0.024631,0.892435,0.036227,0.449043,-7.138613,110.110947,24.248890,0.140187,0.904702,-0.134784,0.379071,-8.684160,130.237167,25.108334,0.097843,0.929670,-0.232501,0.268483,-2.336114,142.936798,21.860271,-0.016479,0.829642,0.149238,0.537728,-11.265577,123.881546,22.363735,0.135474,-0.330901,0.131704,-0.924557,-19.424858,126.461243,4.982495,0.031064,0.169250,-0.591294,-0.787884,0.359808,117.628387,-10.292114,0.092368,0.344111,-0.573370,-0.737769,5.710293,138.337570,-5.237853,-0.132550,0.915317,0.075599,0.372708,-6.830154,123.966660,28.346603,0.234010,0.933952,0.045818,-0.266223,6.480260,127.575920,41.953300,-0.236727,0.506821,0.450281,-0.695945,26.328894,116.635040,28.202116,-0.059326,0.305662,0.491697,-0.813194,24.411633,137.208893,16.516846,0.089942,0.837477,0.166727,0.512586,-8.372535,84.229141,14.192751,0.117248,0.925514,0.013420,0.359857,-7.649851,51.142651,0.951880,-0.025581,0.936657,0.020635,0.348703,-16.974106,7.430905,-3.959356,-0.139785,0.855496,-0.009371,0.498496,0.015545,84.711334,30.830149,-0.002289,0.867626,-0.127407,0.480611,8.207756,50.465687,36.369312,-0.016924,0.877889,0.020514,0.478125,2.879778,6.961724,46.409096,-0.025581,0.936657,0.020635,0.348703,-7.479962,2.176217,-14.652951,-0.016924,0.877889,0.020514,0.478125,14.903935,1.642486,38.713066
546,4.550000,-0.007937,0.851417,-0.012135,0.524290,-4.148594,84.466850,22.504637,-0.046533,0.879466,0.085194,0.465958,-4.154644,92.105446,22.283131,-0.025331,0.892252,0.036004,0.449387,-7.111258,110.096863,24.235735,0.139516,0.904551,-0.135163,0.379545,-8.678334,130.222290,25.073837,0.097247,0.929603,-0.232245,0.269154,-2.340925,142.923904,21.812742,-0.016650,0.829778,0.149086,0.537555,-11.250872,123.861290,22.333401,0.136084,-0.330512,0.131860,-0.924584,-19.417149,126.431229,4.954001,0.031851,0.168894,-0.591156,-0.788032,0.378977,117.582642,-10.296647,0.092938,0.343811,-0.573431,-0.737789,5.742323,138.297745,-5.273521,-0.132794,0.915075,0.074918,0.373350,-6.820569,123.956940,28.319904,0.236613,0.933557,0.056365,-0.263267,6.468776,127.581573,41.943104,-0.231868,0.504845,0.452527,-0.697559,26.335430,116.656784,28.205156,-0.058497,0.306618,0.491519,-0.813002,24.424259,137.150101,16.496347,0.090061,0.837436,0.166710,0.512638,-8.343340,84.222321,14.186394,0.117463,0.925446,0.013205,0.359969,-7.627515,51.136948,0.942357,-0.025491,0.936661,0.020696,0.348694,-16.975801,7.429230,-3.959047,-0.139594,0.855466,-0.009578,0.498597,0.046151,84.711388,30.822880,-0.002152,0.867672,-0.127450,0.480518,8.218971,50.462204,36.368820,-0.017510,0.877904,0.020347,0.478084,2.879467,6.959182,46.406521,-0.025491,0.936661,0.020696,0.348694,-7.482600,2.175250,-14.653828,-0.017510,0.877904,0.020347,0.478084,14.907813,1.643832,38.714348
547,4.558333,-0.008121,0.851422,-0.012179,0.524277,-4.114211,84.463501,22.495804,-0.047039,0.879359,0.085315,0.466086,-4.122292,92.102028,22.272247,-0.025525,0.892145,0.035816,0.449604,-7.096838,110.086845,24.219095,0.138955,0.904480,-0.135113,0.379937,-8.667684,130.212433,25.046528,0.096608,0.929494,-0.232344,0.269676,-2.342698,142.919739,21.783506,-0.016831,0.829815,0.148660,0.537609,-11.237776,123.849655,22.307913,0.136604,-0.330221,0.132058,-0.924583,-19.401550,126.405205,4.925215,0.032814,0.169088,-0.591143,-0.787961,0.402026,117.539932,-10.306053,0.094717,0.343507,-0.573113,-0.737952,5.763645,138.261856,-5.301321,-0.132539,0.914800,0.073931,0.374312,-6.810519,123.948990,28.296610,0.237310,0.933533,0.056421,-0.262711,6.453588,127.574684,41.944099,-0.230924,0.505631,0.452520,-0.697307,26.318249,116.614792,28.231239,-0.057251,0.307995,0.491192,-0.812768,24.444733,137.084976,16.484224,0.090241,0.837283,0.166623,0.512885,-8.309143,84.215614,14.177754,0.117709,0.925469,0.012965,0.359840,-7.603306,51.130508,0.932528,-0.025576,0.936649,0.020774,0.348716,-16.980188,7.427418,-3.955503,-0.139389,0.855424,-0.009877,0.498721,0.080722,84.711388,30.813852,-0.001869,0.868001,-0.127527,0.479904,8.229902,50.458549,36.371975,-0.017103,0.877828,0.020502,0.478232,2.872142,6.957176,46.407093,-0.025576,0.936649,0.020774,0.348716,-7.485342,2.176407,-14.650281,-0.017103,0.877828,0.020502,0.478232,14.899837,1.640119,38.715088
548,4.566667,-0.008317,0.851488,-0.012181,0.524167,-4.075824,84.458153,22.485178,-0.047926,0.879256,0.085642,0.466131,-4.086481,92.096634,22.260021,-0.025508,0.892082,0.035588,0.449748,-7.096275,110.082878,24.202557,0.139256,0.904219,-0.135497,0.380312,-8.662501,130.209167,25.021816,0.095585,0.929480,-0.232358,0.270075,-2.324471,142.909256,21.756037,-0.017229,0.829693,0.148278,0.537891,-11.233250,123.845963,22.284788,0.137106,-0.329926,0.132424,-0.924562,-19.384766,126.382431,4.893546,0.033477,0.168878,-0.590874,-0.788180,0.423972,117.492699,-10.316748,0.095218,0.343087,-0.572642,-0.738448,5.801947,138.212982,-5.335158,-0.132743,0.914447,0.073090,0.375265,-6.807914,123.946503,28.274885,0.236569,0.933842,0.045073,-0.264466,6.426400,127.587112,41.947304,-0.233780,0.509559,0.450095,-0.695062,26.260603,116.506172,28.287745,-0.056170,0.309208,0.491094,-0.812442,24.468088,137.008148,16.471966,0.090363,0.837245,0.166527,0.512956,-8.272852,84.207146,14.168279,0.117918,0.925513,0.012875,0.359661,-7.576692,51.121307,0.924359,-0.025687,0.936668,0.020881,0.348652,-16.974527,7.422432,-3.961143,-0.139120,0.855192,-0.010306,0.499186,0.121204,84.709160,30.802076,-0.001925,0.867431,-0.127423,0.480961,8.236117,50.451614,36.381256,-0.017253,0.877783,0.020631,0.478302,2.874978,6.947875,46.404324,-0.025687,0.936668,0.020881,0.348652,-7.479629,2.175370,-14.657820,-0.017253,0.877783,0.020631,0.478302,14.906023,1.636131,38.713882
549,4.575000,-0.008506,0.851561,-0.012310,0.524042,-4.036998,84.456497,22.475698,-0.048700,0.879113,0.085968,0.466260,-4.049103,92.094879,22.247356,-0.025601,0.891950,0.035419,0.450017,-7.088994,110.072693,24.186123,0.138714,0.904163,-0.135597,0.380606,-8.655739,130.199265,24.997139,0.095197,0.929396,-0.232402,0.270463,-2.328710,142.903244,21.725149,-0.017371,0.829698,0.147846,0.537997,-11.224803,123.835075,22.260839,0.137068,-0.329525,0.133089,-0.924615,-19.371689,126.358589,4.865543,0.034137,0.168535,-0.590538,-0.788477,0.441734,117.439499,-10.321440,0.096101,0.342902,-0.572450,-0.738569,5.842354,138.160660,-5.366082,-0.132675,0.914139,0.072272,0.376196,-6.803142,123.937798,28.253609,0.237860,0.933673,0.045154,-0.263891,6.404773,127.583710,41.950123,-0.232544,0.510451,0.450452,-0.694590,26.222601,116.440735,28.317303,-0.055152,0.310483,0.491946,-0.811510,24.488527,136.924515,16.461027,0.090403,0.837238,0.166482,0.512976,-8.236415,84.201256,14.160135,0.118316,0.925557,0.012609,0.359425,-7.544047,51.114868,0.917386,-0.025563,0.936606,0.020878,0.348827,-16.984404,7.423854,-3.956414,-0.138877,0.854937,-0.010686,0.499681,0.162419,84.711739,30.791262,-0.001852,0.867138,-0.127360,0.481506,8.246094,50.449932,36.389645,-0.017626,0.877705,0.020683,0.478430,2.875666,6.944734,46.401386,-0.025563,0.936606,0.020878,0.348827,-7.486835,2.175532,-14.650101,-0.017626,0.877705,0.020683,0.478430,14.912838,1.639449,38.716080
550,4.583333,-0.008763,0.851553,-0.012378,0.524050,-3.997514,84.454636,22.465740,-0.049440,0.878934,0.086274,0.466463,-4.012417,92.092918,22.234457,-0.025864,0.891781,0.035234,0.450351,-7.081695,110.066101,24.169508,0.137627,0.904108,-0.135717,0.381088,-8.654876,130.192657,24.968500,0.095121,0.929101,-0.232595,0.271335,-2.351214,142.905289,21.685022,-0.017439,0.829686,0.147502,0.538109,-11.219981,123.826256,22.233627,0.137551,-0.329106,0.133626,-0.924615,-19.362114,126.341057,4.834844,0.035052,0.168330,-0.590140,-0.788779,0.458328,117.390228,-10.324276,0.096848,0.342743,-0.572000,-0.738894,5.882349,138.110794,-5.397179,-0.132596,0.913783,0.071519,0.377233,-6.802997,123.933456,28.229771,0.239067,0.933535,0.044093,-0.263469,6.375444,127.582863,41.953720,-0.231766,0.512040,0.450593,-0.693589,26.174568,116.366051,28.354311,-0.054433,0.311640,0.492405,-0.810836,24.523499,136.833496,16.453827,0.090517,0.837197,0.166289,0.513085,-8.196690,84.194649,14.150201,0.118503,0.925506,0.012492,0.359499,-7.516562,51.105152,0.914575,-0.025545,0.936668,0.021019,0.348653,-16.975622,7.417846,-3.956193,-0.138640,0.854587,-0.011036,0.500339,0.201662,84.714615,30.781281,-0.001806,0.866839,-0.127300,0.482060,8.254419,50.448669,36.398815,-0.016967,0.877605,0.021047,0.478622,2.876633,6.942087,46.400597,-0.025545,0.936668,0.021019,0.348653,-7.481717,2.173013,-14.654843,-0.016967,0.877605,0.021047,0.478622,14.912516,1.636851,38.713234
551,4.591667,-0.009060,0.851564,-0.012454,0.524025,-3.961427,84.452415,22.458700,-0.050099,0.878747,0.086488,0.466706,-3.979594,92.090591,22.224047,-0.025979,0.891591,0.035022,0.450737,-7.074049,110.059166,24.153557,0.138236,0.903822,-0.135630,0.381577,-8.647876,130.186081,24.942141,0.094326,0.929083,-0.232895,0.271417,-2.327519,142.893860,21.672014,-0.017669,0.829748,0.147039,0.538131,-11.210593,123.818459,22.207869,0.138039,-0.328635,0.134012,-0.924654,-19.351492,126.316299,4.806068,0.036023,0.168203,-0.589817,-0.789003,0.479904,117.341232,-10.324365,0.097874,0.342534,-0.571657,-0.739121,5.922135,138.061996,-5.425030,-0.132504,0.913416,0.070612,0.378322,-6.798882,123.928345,28.207842,0.240730,0.933277,0.044707,-0.262762,6.348630,127.582886,41.960056,-0.230270,0.513093,0.451380,-0.692797,26.125160,116.293953,28.387482,-0.053457,0.312640,0.493372,-0.809928,24.559118,136.744095,16.449097,0.090504,0.837222,0.166215,0.513069,-8.160983,84.186974,14.143526,0.118813,0.925512,0.012358,0.359385,-7.483170,51.095570,0.912569,-0.025473,0.936687,0.021097,0.348603,-16.972528,7.414574,-3.955863,-0.138530,0.854399,-0.011419,0.500681,0.238128,84.717850,30.773872,-0.001606,0.866742,-0.127216,0.482257,8.268418,50.450348,36.414032,-0.017030,0.877568,0.020980,0.478690,2.876388,6.941790,46.399517,-0.025473,0.936687,0.021097,0.348603,-7.480269,2.171045,-14.656607,-0.017030,0.877568,0.020980,0.478690,14.913729,1.635769,38.714989
552,4.600000,-0.009406,0.851545,-0.012488,0.524049,-3.921631,84.451469,22.451290,-0.050787,0.878578,0.086707,0.466907,-3.944021,92.089539,22.213425,-0.026209,0.891429,0.034888,0.451054,-7.064545,110.053040,24.137203,0.137002,0.903901,-0.135394,0.381919,-8.644456,130.179840,24.916191,0.094641,0.928781,-0.233289,0.272003,-2.355254,142.901611,21.640413,-0.017739,0.829706,0.146866,0.538241,-11.203421,123.810371,22.182707,0.138348,-0.328076,0.134622,-0.924718,-19.339649,126.303009,4.777971,0.036944,0.167986,-0.589438,-0.789290,0.502522,117.296288,-10.319503,0.098765,0.342308,-0.571115,-0.739526,5.967083,138.015686,-5.449321,-0.132223,0.913081,0.069783,0.379382,-6.796154,123.923996,28.185877,0.242395,0.932990,0.045722,-0.262075,6.323128,127.576134,41.965664,-0.228941,0.513875,0.452397,-0.691994,26.076149,116.220985,28.414095,-0.052227,0.313721,0.494103,-0.809144,24.592299,136.657501,16.455631,0.090704,0.837212,0.166057,0.513103,-8.120608,84.180214,14.136010,0.119015,0.925419,0.012175,0.359565,-7.460067,51.087643,0.907090,-0.025373,0.936676,0.021230,0.348632,-16.971016,7.410583,-3.954506,-0.138343,0.854056,-0.011702,0.501311,0.277346,84.722733,30.766571,-0.001476,0.866526,-0.127199,0.482650,8.282207,50.451996,36.423199,-0.016765,0.877506,0.021182,0.478804,2.876304,6.943008,46.399326,-0.025373,0.936676,0.021230,0.348632,-7.478708,2.169581,-14.656448,-0.016765,0.877506,0.021182,0.478804,14.914041,1.638391,38.714436
553,4.608333,-0.009734,0.851497,-0.012466,0.524120,-3.883297,84.448814,22.444990,-0.051504,0.878411,0.086815,0.467124,-3.910117,92.086792,22.204779,-0.026247,0.891282,0.034820,0.451349,-7.056081,110.047684,24.118906,0.136819,0.903734,-0.135575,0.382315,-8.636408,130.174606,24.894222,0.094359,0.928611,-0.233509,0.272491,-2.348015,142.895950,21.615213,-0.017912,0.829751,0.146461,0.538277,-11.193587,123.804787,22.159866,0.138700,-0.327651,0.134960,-0.924767,-19.328058,126.283607,4.752339,0.037691,0.167923,-0.589049,-0.789559,0.524069,117.256966,-10.320112,0.099448,0.342120,-0.570899,-0.739688,6.009430,137.974258,-5.469095,-0.131965,0.912776,0.069146,0.380321,-6.790310,123.919167,28.165949,0.246452,0.932046,0.058595,-0.259072,6.303954,127.567482,41.970516,-0.223681,0.511722,0.456581,-0.692562,26.034773,116.193512,28.402418,-0.051585,0.314650,0.495094,-0.808218,24.630072,136.578018,16.461967,0.090780,0.837354,0.165930,0.512897,-8.080753,84.172546,14.129111,0.119444,0.925290,0.011955,0.359762,-7.432698,51.077957,0.904636,-0.025225,0.936551,0.021326,0.348972,-16.984835,7.409611,-3.954510,-0.138274,0.853851,-0.012059,0.501671,0.314160,84.725082,30.760870,-0.001257,0.866398,-0.127111,0.482903,8.299717,50.453590,36.440174,-0.017337,0.877499,0.020917,0.478809,2.877649,6.942532,46.398464,-0.025225,0.936551,0.021326,0.348972,-7.486049,2.169809,-14.651283,-0.017337,0.877499,0.020917,0.478809,14.919739,1.639174,38.719536
554,4.616667,-0.010006,0.851486,-0.012467,0.524134,-3.847647,84.448959,22.439075,-0.052126,0.878226,0.086902,0.467387,-3.877995,92.086853,22.196671,-0.026312,0.891092,0.034721,0.451728,-7.045470,110.042023,24.101568,0.136709,0.903603,-0.135488,0.382696,-8.626663,130.169083,24.871471,0.094209,0.928480,-0.233776,0.272760,-2.339927,142.892303,21.596567,-0.018061,0.829679,0.146487,0.538375,-11.181437,123.798691,22.136211,0.138985,-0.327311,0.135388,-0.924781,-19.311598,126.273849,4.726148,0.038217,0.167953,-0.588668,-0.789811,0.546183,117.223633,-10.324717,0.099771,0.341965,-0.570709,-0.739863,6.050731,137.937836,-5.483830,-0.131664,0.912481,0.068560,0.381239,-6.783306,123.914322,28.146040,0.247828,0.931791,0.059132,-0.258556,6.286954,127.556694,41.974915,-0.222592,0.512357,0.457506,-0.691832,25.995907,116.123856,28.424501,-0.051080,0.314972,0.496879,-0.807029,24.662235,136.500244,16.468878,0.090779,0.837450,0.165828,0.512775,-8.044731,84.168358,14.123151,0.119763,0.925287,0.011832,0.359667,-7.402401,51.071339,0.904459,-0.025331,0.936553,0.021342,0.348958,-16.985126,7.409585,-3.953671,-0.138211,0.853584,-0.012242,0.502137,0.349437,84.729561,30.754999,-0.000997,0.866353,-0.127115,0.482984,8.321576,50.457146,36.447544,-0.016974,0.877402,0.021035,0.478994,2.878125,6.946123,46.394341,-0.025331,0.936553,0.021342,0.348958,-7.485503,2.171289,-14.650443,-0.016974,0.877402,0.021035,0.478994,14.920492,1.640768,38.717224
555,4.625000,-0.010252,0.851385,-0.012498,0.524291,-3.817644,84.446594,22.436089,-0.052756,0.877987,0.086966,0.467752,-3.850890,92.084404,22.191313,-0.026306,0.890861,0.034624,0.452189,-7.040447,110.036682,24.086008,0.136732,0.903426,-0.135517,0.383094,-8.620052,130.164032,24.851707,0.094155,0.928352,-0.234019,0.273007,-2.330484,142.886597,21.579700,-0.018120,0.829552,0.146351,0.538606,-11.172745,123.793587,22.114614,0.139197,-0.326956,0.135798,-0.924815,-19.293198,126.265427,4.699552,0.038687,0.168135,-0.588388,-0.789958,0.571014,117.193817,-10.329923,0.100027,0.342059,-0.570513,-0.739936,6.087205,137.905258,-5.493471,-0.131235,0.912177,0.067945,0.382222,-6.780828,123.909462,28.128979,0.246735,0.932100,0.047195,-0.260928,6.264731,127.541588,41.983837,-0.226518,0.516400,0.455139,-0.689107,25.936991,116.000977,28.471523,-0.051385,0.315758,0.498043,-0.805984,24.694597,136.434036,16.477877,0.090879,0.837460,0.165786,0.512754,-8.011566,84.161781,14.118713,0.119989,0.925139,0.011616,0.359980,-7.377085,51.065075,0.898874,-0.025305,0.936561,0.021414,0.348935,-16.983635,7.407737,-3.951875,-0.138254,0.853562,-0.012381,0.502159,0.376279,84.731400,30.753464,-0.000724,0.866256,-0.127133,0.483153,8.345871,50.460075,36.456192,-0.016885,0.877335,0.020874,0.479126,2.878474,6.949425,46.391453,-0.025305,0.936561,0.021414,0.348935,-7.484566,2.171094,-14.649945,-0.016885,0.877335,0.020874,0.479126,14.921435,1.638813,38.718914
556,4.633333,-0.010555,0.851261,-0.012562,0.524486,-3.784042,84.445038,22.434847,-0.053312,0.877784,0.086978,0.468068,-3.820666,92.082726,22.186800,-0.026347,0.890670,0.034604,0.452566,-7.028352,110.029541,24.070717,0.136738,0.903276,-0.135623,0.383407,-8.609370,130.156845,24.834303,0.094101,0.928257,-0.234166,0.273221,-2.317030,142.878082,21.562426,-0.018162,0.829451,0.146247,0.538788,-11.159497,123.786209,22.095289,0.139240,-0.326667,0.136139,-0.924861,-19.272276,126.255646,4.676308,0.039201,0.168502,-0.588171,-0.790016,0.597030,117.168404,-10.336987,0.100773,0.342379,-0.570279,-0.739867,6.119379,137.879715,-5.499954,-0.130883,0.911857,0.067443,0.383195,-6.772691,123.902489,28.113377,0.247795,0.931850,0.047776,-0.260710,6.247579,127.525459,41.994404,-0.226420,0.517469,0.455790,-0.687907,25.898064,115.943230,28.486019,-0.052100,0.316638,0.498446,-0.805343,24.736322,136.379410,16.492500,0.091044,0.837415,0.165734,0.512816,-7.974050,84.154770,14.115686,0.120202,0.925082,0.011445,0.360060,-7.350276,51.058960,0.893083,-0.025240,0.936577,0.021453,0.348894,-16.979462,7.405886,-3.951157,-0.138162,0.853524,-0.012503,0.502247,0.405965,84.735306,30.754005,-0.000488,0.866302,-0.127139,0.483070,8.365095,50.462376,36.461704,-0.016789,0.877275,0.020748,0.479245,2.880029,6.951824,46.387665,-0.025240,0.936577,0.021453,0.348894,-7.481865,2.169597,-14.650711,-0.016789,0.877275,0.020748,0.479245,14.923486,1.636767,38.718975
557,4.641667,-0.010791,0.851146,-0.012611,0.524667,-3.753530,84.442543,22.435520,-0.053907,0.877564,0.087009,0.468407,-3.792779,92.080132,22.184940,-0.026237,0.890469,0.034474,0.452978,-7.020532,110.022903,24.058113,0.137876,0.902921,-0.135564,0.383857,-8.595575,130.150818,24.818310,0.093467,0.928276,-0.234434,0.273147,-2.273388,142.862015,21.565012,-0.018196,0.829310,0.146141,0.539034,-11.145310,123.780754,22.077583,0.138985,-0.326372,0.136540,-0.924944,-19.247795,126.248344,4.653553,0.039626,0.168919,-0.588017,-0.790021,0.625917,117.147408,-10.345594,0.101692,0.342808,-0.569842,-0.739879,6.150355,137.858429,-5.504490,-0.130585,0.911603,0.067095,0.383960,-6.763967,123.896156,28.099663,0.251590,0.930903,0.064694,-0.256780,6.236568,127.510475,42.001419,-0.220450,0.513968,0.460342,-0.689437,25.894409,115.973747,28.464836,-0.052710,0.317374,0.499574,-0.804314,24.763245,136.336014,16.509489,0.091211,0.837438,0.165668,0.512769,-7.939908,84.148041,14.114682,0.120410,0.924873,0.011235,0.360533,-7.329222,51.052845,0.889924,-0.025137,0.936562,0.021487,0.348939,-16.979786,7.403841,-3.948459,-0.138084,0.853481,-0.012562,0.502340,0.432847,84.737053,30.756361,-0.000249,0.866287,-0.127173,0.483088,8.384631,50.462700,36.465733,-0.015963,0.877132,0.020968,0.479525,2.879234,6.952924,46.383846,-0.025137,0.936562,0.021487,0.348939,-7.482148,2.167408,-14.647904,-0.015963,0.877132,0.020968,0.479525,14.920568,1.632002,38.715889
558,4.650000,-0.011034,0.850964,-0.012581,0.524957,-3.719873,84.437851,22.435829,-0.054585,0.877309,0.087002,0.468806,-3.762443,92.075378,22.183674,-0.026260,0.890240,0.034423,0.453431,-7.013258,110.019043,24.043736,0.136720,0.903027,-0.135579,0.384015,-8.588581,130.147049,24.800890,0.094454,0.928044,-0.234505,0.273532,-2.294091,142.868759,21.535028,-0.018025,0.829159,0.145841,0.539353,-11.135681,123.776855,22.058023,0.138736,-0.325983,0.136866,-0.925070,-19.225082,126.245621,4.628073,0.040288,0.169569,-0.587770,-0.790031,0.657398,117.134949,-10.353565,0.103242,0.343284,-0.569616,-0.739618,6.184958,137.843872,-5.506475,-0.130050,0.911433,0.066892,0.384581,-6.760467,123.892570,28.084555,0.251886,0.930864,0.063480,-0.256937,6.227002,127.488564,42.003277,-0.221304,0.514921,0.460387,-0.688422,25.872675,115.921783,28.474659,-0.053263,0.318197,0.500204,-0.803561,24.789444,136.301208,16.527876,0.091303,0.837433,0.165607,0.512781,-7.900477,84.139740,14.112213,0.120701,0.924976,0.011146,0.360176,-7.297370,51.044296,0.887738,-0.024987,0.936593,0.021590,0.348859,-16.976473,7.401424,-3.948937,-0.137980,0.853523,-0.012716,0.502293,0.460731,84.735962,30.759445,-0.000048,0.866346,-0.127142,0.482990,8.401096,50.459831,36.474018,-0.016309,0.877145,0.020921,0.479492,2.882522,6.949335,46.381645,-0.024987,0.936593,0.021590,0.348859,-7.481884,2.166145,-14.651661,-0.016309,0.877145,0.020921,0.479492,14.926436,1.632007,38.715233
559,4.658333,-0.011253,0.850859,-0.012588,0.525124,-3.689939,84.434425,22.437105,-0.055259,0.877087,0.086969,0.469150,-3.735254,92.071877,22.183094,-0.026094,0.890038,0.034353,0.453840,-7.007988,110.013756,24.029203,0.136715,0.902944,-0.135450,0.384259,-8.576433,130.142303,24.786154,0.094816,0.927933,-0.234688,0.273626,-2.282102,142.865417,21.525482,-0.017805,0.829003,0.145669,0.539646,-11.123446,123.773239,22.040600,0.138440,-0.325629,0.137159,-0.925196,-19.200888,126.247215,4.605844,0.040910,0.170146,-0.587491,-0.790083,0.689557,117.128967,-10.360597,0.104699,0.343806,-0.569441,-0.739306,6.223059,137.835785,-5.508497,-0.129787,0.911247,0.066778,0.385131,-6.753637,123.886955,28.071091,0.252627,0.930675,0.064645,-0.256602,6.220077,127.473000,42.005199,-0.221316,0.515222,0.461034,-0.687760,25.855053,115.886879,28.477606,-0.053762,0.318843,0.500486,-0.803096,24.814814,136.274536,16.545301,0.091399,0.837355,0.165557,0.512908,-7.867186,84.132751,14.111933,0.121047,0.924826,0.010924,0.360451,-7.269668,51.037384,0.887017,-0.025239,0.936552,0.021577,0.348954,-16.982851,7.401583,-3.945192,-0.137843,0.853445,-0.012859,0.502460,0.487308,84.736099,30.762276,0.000166,0.866423,-0.127124,0.482857,8.413345,50.457550,36.482227,-0.016035,0.877061,0.020993,0.479652,2.880381,6.946644,46.380035,-0.025239,0.936552,0.021577,0.348954,-7.483505,2.168617,-14.644822,-0.016035,0.877061,0.020993,0.479652,14.924749,1.627362,38.715702
560,4.666667,-0.011592,0.850784,-0.012541,0.525238,-3.654416,84.432030,22.441271,-0.055963,0.876866,0.086908,0.469490,-3.704478,92.069374,22.185148,-0.026009,0.889825,0.034315,0.454266,-6.999782,110.010841,24.015980,0.136816,0.902852,-0.135211,0.384522,-8.564827,130.139679,24.772373,0.095226,0.927830,-0.234883,0.273667,-2.269021,142.864426,21.520952,-0.017653,0.828861,0.145359,0.539953,-11.110538,123.771248,22.024111,0.137987,-0.325266,0.137340,-0.925365,-19.175358,126.245453,4.583547,0.041453,0.170772,-0.587200,-0.790136,0.724986,117.127609,-10.369973,0.106179,0.344358,-0.569200,-0.739023,6.264317,137.831558,-5.509100,-0.129501,0.911088,0.066701,0.385616,-6.746426,123.883797,28.058746,0.253713,0.930353,0.068139,-0.255793,6.215686,127.458824,42.006474,-0.220510,0.514827,0.462252,-0.687496,25.843493,115.868088,28.472429,-0.054264,0.319364,0.500823,-0.802645,24.837801,136.254410,16.561195,0.091598,0.837287,0.165512,0.512996,-7.829274,84.125443,14.115080,0.121206,0.924768,0.010817,0.360550,-7.243791,51.031609,0.885780,-0.024968,0.936622,0.021662,0.348780,-16.972898,7.399061,-3.943766,-0.137585,0.853465,-0.013142,0.502489,0.520442,84.738617,30.767462,0.000348,0.866490,-0.127042,0.482759,8.420767,50.455509,36.495674,-0.016012,0.877028,0.021056,0.479710,2.878317,6.942734,46.379917,-0.024968,0.936622,0.021662,0.348780,-7.480048,2.165474,-14.648858,-0.016012,0.877028,0.021056,0.479710,14.923787,1.624722,38.716431
561,4.675000,-0.011839,0.850747,-0.012430,0.525295,-3.622261,84.427986,22.442533,-0.056670,0.876697,0.086935,0.469717,-3.676408,92.065277,22.185867,-0.025868,0.889681,0.034250,0.454561,-6.996464,110.009911,24.005054,0.137056,0.902711,-0.135265,0.384749,-8.555507,130.139221,24.761204,0.095618,0.927709,-0.235005,0.273836,-2.252106,142.861084,21.513189,-0.017526,0.828603,0.145308,0.540367,-11.101484,123.771713,22.011042,0.137386,-0.324858,0.137645,-0.925552,-19.149155,126.251450,4.563344,0.042002,0.171324,-0.586784,-0.790296,0.760783,117.130569,-10.375545,0.107605,0.344995,-0.568910,-0.738743,6.313306,137.829575,-5.507617,-0.129195,0.910966,0.066659,0.386013,-6.741262,123.882629,28.048519,0.253670,0.930372,0.064989,-0.256585,6.212022,127.445854,42.007465,-0.222118,0.516115,0.461925,-0.686232,25.819460,115.816971,28.476614,-0.054963,0.319800,0.501405,-0.802060,24.861265,136.237885,16.574312,0.091762,0.837003,0.165371,0.513476,-7.795906,84.118561,14.115840,0.121439,0.924888,0.010804,0.360164,-7.217834,51.023544,0.889173,-0.025189,0.936658,0.021641,0.348669,-16.968424,7.396051,-3.942713,-0.137338,0.853296,-0.013419,0.502836,0.551385,84.737411,30.769226,0.000436,0.866457,-0.126969,0.482837,8.424820,50.450005,36.508705,-0.015772,0.876994,0.021375,0.479767,2.877749,6.935573,46.383072,-0.025189,0.936658,0.021641,0.348669,-7.475861,2.164140,-14.648875,-0.015772,0.876994,0.021375,0.479767,14.923472,1.622250,38.716732
562,4.683333,-0.012101,0.850713,-0.012413,0.525345,-3.588449,84.425179,22.448135,-0.057459,0.876535,0.086815,0.469945,-3.646121,92.062386,22.189573,-0.025566,0.889548,0.034182,0.454843,-6.990835,110.009766,23.990826,0.138321,0.902462,-0.134475,0.385157,-8.538040,130.139893,24.749596,0.095412,0.927655,-0.235506,0.273661,-2.209049,142.858597,21.539234,-0.017345,0.828400,0.145237,0.540703,-11.086242,123.774429,21.996767,0.136773,-0.324480,0.137960,-0.925728,-19.120070,126.260506,4.543596,0.042342,0.171808,-0.586318,-0.790519,0.798270,117.136177,-10.381973,0.108520,0.345506,-0.568655,-0.738566,6.367588,137.828445,-5.503399,-0.128612,0.910825,0.066410,0.386582,-6.729606,123.881615,28.036898,0.254265,0.930171,0.066931,-0.256224,6.212471,127.425812,42.011070,-0.221674,0.515873,0.462808,-0.685963,25.813675,115.795410,28.472513,-0.054884,0.319991,0.501689,-0.801811,24.882580,136.219894,16.587585,0.091968,0.836777,0.165366,0.513810,-7.760984,84.111748,14.121037,0.121660,0.924907,0.010684,0.360045,-7.189940,51.019306,0.887659,-0.025376,0.936699,0.021535,0.348550,-16.963110,7.396424,-3.940133,-0.137038,0.853297,-0.013852,0.502905,0.584086,84.738602,30.775230,0.000526,0.866477,-0.126791,0.482848,8.423687,50.446171,36.530991,-0.015753,0.877017,0.021647,0.479712,2.877207,6.927684,46.387802,-0.025376,0.936699,0.021535,0.348550,-7.471625,2.163557,-14.646779,-0.015753,0.877017,0.021647,0.479712,14.923159,1.620891,38.717304
563,4.691667,-0.012269,0.850662,-0.012534,0.525420,-3.565082,84.426117,22.455416,-0.057913,0.876399,0.086624,0.470177,-3.623947,92.063217,22.193939,-0.025383,0.889415,0.034124,0.455118,-6.979714,110.006157,23.979921,0.138484,0.902398,-0.134244,0.385329,-8.519477,130.136826,24.739500,0.095916,0.927560,-0.235598,0.273726,-2.187876,142.856522,21.538172,-0.017162,0.828191,0.145264,0.541021,-11.068521,123.772598,21.984592,0.135990,-0.324121,0.138194,-0.925935,-19.089281,126.267052,4.526606,0.042731,0.172508,-0.586054,-0.790541,0.837985,117.145790,-10.388921,0.109992,0.346135,-0.567736,-0.738762,6.410933,137.835876,-5.494887,-0.128384,0.910665,0.066348,0.387047,-6.715472,123.877548,28.027348,0.254692,0.930027,0.067660,-0.256133,6.214939,127.412643,42.014618,-0.221420,0.515832,0.463503,-0.685606,25.807131,115.772736,28.471174,-0.054669,0.319880,0.502526,-0.801346,24.904446,136.205597,16.597839,0.091972,0.836582,0.165347,0.514133,-7.736083,84.108849,14.127695,0.121908,0.924957,0.010711,0.359831,-7.160913,51.016033,0.895406,-0.024993,0.936745,0.021461,0.348459,-16.954618,7.398629,-3.940352,-0.136800,0.853147,-0.014145,0.503215,0.605919,84.743385,30.783138,0.000553,0.866473,-0.126568,0.482912,8.418716,50.446880,36.551025,-0.016018,0.877032,0.021711,0.479674,2.879117,6.923306,46.389240,-0.024993,0.936745,0.021461,0.348459,-7.469462,2.159786,-14.649688,-0.016018,0.877032,0.021711,0.479674,14.927318,1.621758,38.718647
564,4.700000,-0.012449,0.850672,-0.012608,0.525399,-3.542843,84.426811,22.462002,-0.058395,0.876309,0.086450,0.470318,-3.603456,92.063812,22.198120,-0.025163,0.889330,0.034067,0.455301,-6.972179,110.006821,23.969713,0.138899,0.902279,-0.134068,0.385519,-8.503184,130.138092,24.730978,0.096318,0.927464,-0.235648,0.273866,-2.162112,142.855774,21.540442,-0.017158,0.827967,0.145077,0.541413,-11.054011,123.775330,21.974348,0.135372,-0.323884,0.138250,-0.926099,-19.058302,126.268341,4.508600,0.042855,0.173067,-0.585565,-0.790775,0.876275,117.155434,-10.402256,0.110406,0.346767,-0.567112,-0.738882,6.465835,137.836044,-5.489398,-0.128168,0.910525,0.066272,0.387460,-6.703285,123.877632,28.018820,0.254800,0.929975,0.066710,-0.256462,6.216877,127.404488,42.017639,-0.221914,0.516339,0.463708,-0.684926,25.797203,115.748199,28.471119,-0.054737,0.320120,0.503440,-0.800672,24.927967,136.197449,16.606634,0.092007,0.836307,0.165386,0.514561,-7.714174,84.105965,14.134583,0.122162,0.924992,0.010661,0.359657,-7.132774,51.014507,0.899172,-0.025164,0.936793,0.021325,0.348325,-16.949726,7.402578,-3.938788,-0.136582,0.853361,-0.014623,0.502898,0.628487,84.747658,30.789419,0.000748,0.866847,-0.126354,0.482297,8.413352,50.447891,36.575695,-0.015201,0.876929,0.022102,0.479871,2.874794,6.919491,46.393108,-0.025164,0.936793,0.021325,0.348325,-7.466262,2.161808,-14.648678,-0.015201,0.876929,0.022102,0.479871,14.920393,1.616489,38.719437
565,4.708333,-0.012645,0.850707,-0.012790,0.525333,-3.520085,84.430328,22.471386,-0.058899,0.876229,0.086160,0.470457,-3.581798,92.067184,22.203571,-0.024959,0.889239,0.034087,0.455488,-6.962127,110.010674,23.956673,0.139089,0.902250,-0.133720,0.385639,-8.486333,130.142288,24.722128,0.096999,0.927349,-0.235748,0.273931,-2.143387,142.862000,21.543381,-0.017075,0.827684,0.145161,0.541827,-11.038305,123.781097,21.962963,0.134485,-0.323598,0.138623,-0.926273,-19.025349,126.281036,4.490307,0.042867,0.173572,-0.585046,-0.791048,0.913583,117.165802,-10.413319,0.110811,0.347301,-0.566290,-0.739201,6.522391,137.837326,-5.479935,-0.127941,0.910405,0.066223,0.387827,-6.689953,123.880424,28.009197,0.255115,0.929888,0.067018,-0.256384,6.221453,127.398453,42.018311,-0.221840,0.516552,0.464029,-0.684572,25.795374,115.731750,28.471508,-0.054869,0.320329,0.503959,-0.800252,24.950617,136.183441,16.610846,0.091991,0.836069,0.165520,0.514907,-7.692611,84.104607,14.144754,0.122438,0.925170,0.010678,0.359104,-7.099742,51.016117,0.902443,-0.025038,0.936850,0.021071,0.348196,-16.941628,7.410288,-3.939890,-0.136211,0.853329,-0.014905,0.503045,0.652442,84.756050,30.798018,0.000711,0.866831,-0.126185,0.482371,8.404157,50.449669,36.589554,-0.015085,0.876934,0.022210,0.479861,2.874935,6.917417,46.395153,-0.025038,0.936850,0.021071,0.348196,-7.463250,2.161370,-14.650295,-0.015085,0.876934,0.022210,0.479861,14.919779,1.615525,38.719524
566,4.716667,-0.012782,0.850729,-0.012949,0.525289,-3.504302,84.433578,22.478931,-0.059210,0.876142,0.085850,0.470638,-3.566538,92.070320,22.207947,-0.024639,0.889134,0.034017,0.455716,-6.951995,110.014847,23.945076,0.139398,0.902197,-0.133841,0.385609,-8.463611,130.147308,24.713520,0.097756,0.927366,-0.235448,0.273861,-2.111977,142.862778,21.535173,-0.017098,0.827434,0.145240,0.542186,-11.018343,123.788261,21.951944,0.133710,-0.323379,0.138864,-0.926426,-18.990259,126.291298,4.472828,0.042839,0.174091,-0.584512,-0.791330,0.952652,117.177979,-10.426632,0.110971,0.347931,-0.565562,-0.739438,6.581012,137.839127,-5.471286,-0.127617,0.910278,0.066051,0.388258,-6.672853,123.883667,28.000296,0.255466,0.929769,0.067354,-0.256380,6.228787,127.391136,42.021049,-0.221662,0.516667,0.464395,-0.684295,25.793299,115.713264,28.470295,-0.055024,0.320455,0.504768,-0.799681,24.970236,136.166977,16.612968,0.091997,0.835861,0.165576,0.515226,-7.677628,84.104118,14.152849,0.122590,0.925248,0.010685,0.358851,-7.077931,51.017021,0.907347,-0.024839,0.936899,0.020983,0.348084,-16.933384,7.414574,-3.937781,-0.135982,0.853380,-0.015181,0.503011,0.669023,84.763039,30.805016,0.000750,0.866974,-0.126048,0.482149,8.397423,50.452797,36.604839,-0.014992,0.876958,0.022333,0.479813,2.873672,6.917447,46.399734,-0.024839,0.936899,0.020983,0.348084,-7.459949,2.161207,-14.650374,-0.014992,0.876958,0.022333,0.479813,14.917397,1.617353,38.721115
567,4.725000,-0.012856,0.850813,-0.012973,0.525151,-3.486887,84.436523,22.484360,-0.059477,0.876087,0.085577,0.470755,-3.549943,92.073227,22.212479,-0.024532,0.889043,0.033917,0.455906,-6.939487,110.018204,23.935793,0.139464,0.902071,-0.134218,0.385750,-8.445602,130.151154,24.702299,0.098477,0.927259,-0.235054,0.274304,-2.087967,142.861801,21.516693,-0.016779,0.827222,0.145147,0.542545,-11.001019,123.792671,21.940067,0.132943,-0.323088,0.139179,-0.926590,-18.958271,126.306152,4.455765,0.042777,0.174380,-0.583967,-0.791672,0.989954,117.191338,-10.435672,0.110981,0.348315,-0.565066,-0.739635,6.641871,137.842224,-5.465044,-0.127359,0.910177,0.065932,0.388601,-6.658031,123.887215,27.990231,0.255828,0.929684,0.067814,-0.256204,6.235838,127.386009,42.020298,-0.221554,0.516990,0.464642,-0.683918,25.795355,115.697083,28.471848,-0.055249,0.320774,0.504782,-0.799529,24.999020,136.149796,16.614368,0.091967,0.835713,0.165667,0.515442,-7.662868,84.105667,14.159661,0.122758,0.925375,0.010687,0.358467,-7.054511,51.020336,0.910169,-0.024813,0.936955,0.020821,0.347945,-16.925617,7.421592,-3.936400,-0.135694,0.853446,-0.015567,0.502965,0.689093,84.767380,30.809057,0.000929,0.867649,-0.125921,0.480966,8.386795,50.452400,36.621651,-0.015253,0.876903,0.022420,0.479902,2.867914,6.914189,46.406578,-0.024813,0.936955,0.020821,0.347945,-7.456140,2.163558,-14.650204,-0.015253,0.876903,0.022420,0.479902,14.916173,1.619879,38.731075
568,4.733333,-0.012915,0.850875,-0.013256,0.525042,-3.476618,84.442451,22.491875,-0.059570,0.876032,0.085255,0.470905,-3.538193,92.079010,22.215843,-0.024387,0.888938,0.033892,0.456120,-6.925485,110.025429,23.926695,0.139451,0.902057,-0.134156,0.385810,-8.426127,130.158737,24.694633,0.099368,0.927160,-0.234915,0.274437,-2.069125,142.870178,21.510929,-0.016878,0.826962,0.145214,0.542920,-10.982093,123.801277,21.930531,0.132401,-0.322820,0.139354,-0.926735,-18.923435,126.315285,4.439071,0.042730,0.174604,-0.583566,-0.791921,1.031385,117.201973,-10.444448,0.110849,0.348596,-0.564424,-0.740012,6.700011,137.843903,-5.462502,-0.127472,0.910143,0.066058,0.388621,-6.641910,123.893929,27.982735,0.256471,0.929568,0.067929,-0.255951,6.250229,127.394577,42.013931,-0.221323,0.517219,0.464860,-0.683671,25.799128,115.676178,28.475624,-0.055412,0.321173,0.505433,-0.798946,25.023663,136.126007,16.614698,0.091861,0.835570,0.165847,0.515634,-7.654719,84.107903,14.168387,0.122913,0.925500,0.010675,0.358089,-7.030202,51.025414,0.912517,-0.024595,0.937031,0.020604,0.347770,-16.916296,7.430065,-3.934056,-0.135462,0.853486,-0.015833,0.502952,0.701483,84.777000,30.815359,0.000920,0.867782,-0.125772,0.480766,8.375990,50.458145,36.635754,-0.015107,0.876932,0.022476,0.479852,2.866492,6.916576,46.411030,-0.024595,0.937031,0.020604,0.347770,-7.453799,2.163904,-14.650038,-0.015107,0.876932,0.022476,0.479852,14.912730,1.621651,38.732780
569,4.741667,-0.012901,0.850946,-0.013332,0.524925,-3.465231,84.444664,22.495941,-0.059334,0.876028,0.084930,0.471000,-3.526054,92.081207,22.219044,-0.024479,0.888860,0.033771,0.456277,-6.899689,110.026726,23.922951,0.139748,0.901910,-0.134253,0.386013,-8.401521,130.160187,24.684563,0.099829,0.927085,-0.234648,0.274750,-2.035239,142.867691,21.503693,-0.016919,0.826809,0.145317,0.543124,-10.956194,123.801819,21.921358,0.131749,-0.322633,0.139460,-0.926877,-18.888897,126.317940,4.426287,0.042622,0.174677,-0.583259,-0.792136,1.070771,117.210861,-10.454538,0.110818,0.348816,-0.563588,-0.740551,6.753954,137.846603,-5.465119,-0.127276,0.910018,0.065735,0.389034,-6.618213,123.896408,27.975113,0.256901,0.929497,0.068188,-0.255710,6.263418,127.393356,42.016876,-0.220961,0.517630,0.464949,-0.683416,25.807152,115.657402,28.486324,-0.055372,0.321586,0.505204,-0.798928,25.055922,136.093765,16.614870,0.091786,0.835384,0.166059,0.515880,-7.645623,84.109612,14.173627,0.123118,0.925668,0.010591,0.357587,-7.004715,51.031155,0.908488,-0.024501,0.937056,0.020342,0.347723,-16.912994,7.440191,-3.932275,-0.135233,0.853523,-0.016094,0.502943,0.715161,84.779724,30.818254,0.000850,0.867778,-0.125644,0.480805,8.366692,50.457035,36.646294,-0.015237,0.876999,0.022618,0.479717,2.867744,6.912560,46.414562,-0.024501,0.937056,0.020342,0.347723,-7.453436,2.166053,-14.646923,-0.015237,0.876999,0.022618,0.479717,14.913625,1.622973,38.732082
570,4.750000,-0.012792,0.851001,-0.013583,0.524833,-3.460146,84.447487,22.499939,-0.059292,0.876012,0.084713,0.471075,-3.517575,92.083969,22.220671,-0.024407,0.888804,0.033554,0.456404,-6.885958,110.029068,23.917900,0.139844,0.901841,-0.134226,0.386148,-8.381339,130.163254,24.672867,0.100438,0.926984,-0.234479,0.275012,-2.012270,142.870102,21.494957,-0.016687,0.826679,0.145058,0.543399,-10.937336,123.804878,21.910908,0.131438,-0.322481,0.139572,-0.926957,-18.858791,126.324585,4.411258,0.042843,0.174874,-0.582878,-0.792362,1.104414,117.217781,-10.464996,0.111252,0.349061,-0.562951,-0.740855,6.804131,137.848145,-5.471923,-0.126805,0.909976,0.065282,0.389361,-6.601034,123.899902,27.965855,0.257528,0.929350,0.068184,-0.255613,6.275373,127.386032,42.015095,-0.220723,0.518047,0.465245,-0.682976,25.804619,115.620735,28.489101,-0.055243,0.322184,0.505729,-0.798363,25.086685,136.059296,16.610594,0.091760,0.835232,0.166269,0.516065,-7.642395,84.111717,14.178589,0.123116,0.925903,0.010628,0.356977,-6.989056,51.037907,0.902480,-0.024386,0.937166,0.020094,0.347451,-16.899088,7.446951,-3.934757,-0.135085,0.853613,-0.016294,0.502824,0.722104,84.783249,30.821291,0.000828,0.867843,-0.125552,0.480712,8.358474,50.458176,36.655167,-0.015030,0.877005,0.022855,0.479702,2.866235,6.911614,46.417938,-0.024386,0.937166,0.020094,0.347451,-7.447734,2.164886,-14.652744,-0.015030,0.877005,0.022855,0.479702,14.911023,1.625108,38.731625
571,4.758333,-0.012693,0.851028,-0.013664,0.524790,-3.456248,84.448639,22.500126,-0.059190,0.875984,0.084382,0.471199,-3.511744,92.085121,22.220592,-0.024200,0.888739,0.033389,0.456556,-6.871315,110.032150,23.908548,0.139977,0.901775,-0.134294,0.386230,-8.356338,130.167206,24.661169,0.100904,0.926942,-0.234245,0.275185,-1.982940,142.872040,21.483854,-0.016617,0.826615,0.144906,0.543539,-10.914791,123.809906,21.898972,0.131643,-0.322390,0.139483,-0.926973,-18.830437,126.329491,4.396674,0.043227,0.175041,-0.582489,-0.792590,1.137200,117.224083,-10.474483,0.111652,0.349102,-0.562819,-0.740875,6.853753,137.848175,-5.483403,-0.126120,0.909933,0.064695,0.389783,-6.580395,123.903206,27.955311,0.257779,0.929355,0.068238,-0.255330,6.289999,127.372780,42.014160,-0.219935,0.518487,0.465415,-0.682780,25.820080,115.594780,28.500425,-0.054892,0.322171,0.506865,-0.797672,25.131327,136.016357,16.598936,0.091794,0.834948,0.166520,0.516436,-7.639386,84.113647,14.179190,0.123173,0.926020,0.010461,0.356660,-6.972527,51.046234,0.887823,-0.024389,0.937204,0.019780,0.347367,-16.894258,7.456228,-3.933950,-0.134961,0.853608,-0.016437,0.502861,0.726891,84.783623,30.821060,0.000699,0.867717,-0.125501,0.480954,8.350475,50.456490,36.659492,-0.015240,0.877103,0.022824,0.479517,2.867835,6.908745,46.422363,-0.024389,0.937204,0.019780,0.347367,-7.445835,2.165772,-14.650381,-0.015240,0.877103,0.022824,0.479517,14.911318,1.624345,38.732552
572,4.766667,-0.012485,0.851081,-0.013715,0.524706,-3.455482,84.447113,22.495708,-0.059091,0.875991,0.084182,0.471234,-3.507895,92.083656,22.217196,-0.023902,0.888728,0.033138,0.456610,-6.861530,110.035446,23.900677,0.140606,0.901637,-0.134342,0.386306,-8.331281,130.171738,24.649704,0.101016,0.926963,-0.234094,0.275201,-1.941490,142.870056,21.479269,-0.016291,0.826392,0.144883,0.543892,-10.894307,123.815933,21.888344,0.131606,-0.322320,0.139883,-0.926943,-18.795460,126.347603,4.381248,0.043497,0.174892,-0.582213,-0.792811,1.168628,117.223869,-10.483438,0.112092,0.348965,-0.562746,-0.740929,6.901935,137.847137,-5.501884,-0.125639,0.909998,0.064233,0.389861,-6.560436,123.906967,27.945093,0.258359,0.929304,0.067781,-0.255048,6.312266,127.366684,42.004250,-0.219427,0.518960,0.465574,-0.682476,25.834089,115.553581,28.509258,-0.053846,0.322586,0.506863,-0.797577,25.175398,135.969711,16.588291,0.091835,0.834603,0.166826,0.516888,-7.640351,84.114937,14.175531,0.123194,0.926258,0.010260,0.356040,-6.957033,51.055344,0.865573,-0.024388,0.937270,0.019546,0.347201,-16.890205,7.465431,-3.933468,-0.134876,0.853645,-0.016491,0.502819,0.729388,84.779282,30.815884,0.000632,0.867695,-0.125556,0.480978,8.346301,50.450634,36.654186,-0.015275,0.877067,0.022974,0.479575,2.866201,6.904140,46.424057,-0.024388,0.937270,0.019546,0.347201,-7.446332,2.168664,-14.650792,-0.015275,0.877067,0.022974,0.479575,14.911776,1.623977,38.734619
573,4.775000,-0.012329,0.851076,-0.013893,0.524714,-3.459532,84.447243,22.494930,-0.058964,0.875997,0.083917,0.471286,-3.508491,92.083771,22.215340,-0.023550,0.888727,0.032797,0.456655,-6.853433,110.036530,23.892267,0.140999,0.901541,-0.134368,0.386380,-8.304329,130.174393,24.635506,0.101170,0.926956,-0.233936,0.275302,-1.904222,142.868668,21.469694,-0.016086,0.826181,0.144688,0.544272,-10.873116,123.820236,21.875746,0.131866,-0.322249,0.140117,-0.926895,-18.758528,126.356598,4.362227,0.043867,0.174780,-0.581971,-0.792993,1.204522,117.217781,-10.494587,0.112539,0.348681,-0.562759,-0.740985,6.951984,137.839966,-5.524516,-0.125314,0.909947,0.063862,0.390147,-6.539613,123.908905,27.932796,0.259039,0.929171,0.067374,-0.254952,6.327629,127.361801,41.998631,-0.218530,0.519275,0.466117,-0.682153,25.833393,115.511192,28.513292,-0.052162,0.322823,0.507913,-0.796925,25.214073,135.920349,16.575115,0.091934,0.834153,0.167271,0.517452,-7.644316,84.115791,14.174679,0.123178,0.926530,0.010021,0.355342,-6.940852,51.068104,0.836243,-0.024354,0.937312,0.019231,0.347108,-16.884026,7.477415,-3.934896,-0.134808,0.853600,-0.016404,0.502916,0.725251,84.778687,30.815182,0.000520,0.867634,-0.125636,0.481067,8.340607,50.448547,36.646679,-0.015132,0.877067,0.023213,0.479568,2.864779,6.903857,46.426945,-0.024354,0.937312,0.019231,0.347108,-7.443670,2.171838,-14.650962,-0.015132,0.877067,0.023213,0.479568,14.910042,1.627722,38.734253
574,4.783333,-0.012180,0.851091,-0.013865,0.524694,-3.462952,84.443649,22.488256,-0.058780,0.875960,0.083594,0.471435,-3.510202,92.080246,22.210236,-0.023250,0.888654,0.032634,0.456825,-6.845380,110.043015,23.880213,0.141301,0.901457,-0.134606,0.386381,-8.282632,130.181885,24.622858,0.101488,0.926973,-0.233799,0.275244,-1.872741,142.870651,21.454790,-0.015830,0.825961,0.144578,0.544642,-10.854825,123.829483,21.862206,0.132118,-0.322126,0.140664,-0.926819,-18.724955,126.373962,4.342984,0.044253,0.174384,-0.581747,-0.793223,1.234165,117.205368,-10.500772,0.112802,0.348341,-0.562816,-0.741061,6.998706,137.826096,-5.552620,-0.124530,0.910034,0.063329,0.390281,-6.523419,123.915184,27.920801,0.259848,0.929008,0.067174,-0.254775,6.347342,127.348602,41.988194,-0.217615,0.519772,0.466530,-0.681785,25.835642,115.457024,28.513664,-0.051106,0.323111,0.508516,-0.796491,25.258831,135.859207,16.549543,0.091920,0.833771,0.167731,0.517922,-7.648200,84.114853,14.168133,0.123280,0.926849,0.009733,0.354485,-6.918800,51.077957,0.804356,-0.024285,0.937292,0.018948,0.347181,-16.883871,7.488999,-3.936856,-0.134884,0.853600,-0.016290,0.502900,0.722297,84.772453,30.808384,0.000545,0.867658,-0.125804,0.480981,8.346355,50.443493,36.635475,-0.015966,0.877138,0.022679,0.479436,2.862332,6.902594,46.428005,-0.024285,0.937292,0.018948,0.347181,-7.443511,2.175227,-14.648861,-0.015966,0.877138,0.022679,0.479436,14.910757,1.624550,38.741570
575,4.791667,-0.012022,0.851101,-0.013948,0.524679,-3.471488,84.439674,22.481695,-0.058398,0.875960,0.083389,0.471520,-3.516012,92.076286,22.203857,-0.023047,0.888617,0.032193,0.456939,-6.836787,110.048248,23.874260,0.141812,0.901305,-0.134858,0.386462,-8.258754,130.188660,24.604675,0.101603,0.926988,-0.233719,0.275220,-1.833390,142.869736,21.437159,-0.015671,0.825751,0.144322,0.545033,-10.835153,123.836586,21.847143,0.132384,-0.321992,0.141114,-0.926759,-18.688978,126.383041,4.320896,0.044626,0.174002,-0.581581,-0.793407,1.267985,117.189194,-10.510135,0.113195,0.347838,-0.562914,-0.741164,7.046527,137.809814,-5.583365,-0.123966,0.910131,0.063149,0.390263,-6.505156,123.922554,27.906742,0.261130,0.928734,0.069827,-0.253751,6.371580,127.339317,41.972721,-0.215639,0.519573,0.467396,-0.681971,25.852085,115.420441,28.511047,-0.049919,0.323716,0.508518,-0.796320,25.304186,135.788498,16.523140,0.091913,0.833406,0.168212,0.518354,-7.657103,84.112564,14.161688,0.123205,0.927172,0.009506,0.353671,-6.901962,51.087082,0.771172,-0.024336,0.937389,0.018721,0.346927,-16.872301,7.496065,-3.939985,-0.134890,0.853484,-0.016113,0.503100,0.714127,84.766777,30.801701,0.000384,0.867437,-0.125930,0.481347,8.343596,50.437534,36.620052,-0.015249,0.877000,0.023406,0.479678,2.862515,6.899473,46.426903,-0.024336,0.937389,0.018721,0.346927,-7.437929,2.176632,-14.654456,-0.015249,0.877000,0.023406,0.479678,14.911806,1.629784,38.736088
576,4.800000,-0.011704,0.851138,-0.013874,0.524629,-3.483525,84.429245,22.469368,-0.058223,0.875979,0.083010,0.471571,-3.524525,92.066017,22.195045,-0.022383,0.888632,0.031916,0.456962,-6.833977,110.044693,23.856567,0.141807,0.901377,-0.134881,0.386288,-8.227011,130.187042,24.589293,0.101977,0.926991,-0.233776,0.275023,-1.802392,142.867966,21.419664,-0.015364,0.825780,0.143215,0.545289,-10.812540,123.839012,21.831043,0.132615,-0.321860,0.141296,-0.926744,-18.655890,126.373306,4.298343,0.045016,0.173677,-0.581362,-0.793617,1.302861,117.167580,-10.522912,0.113675,0.347386,-0.562939,-0.741283,7.097797,137.789032,-5.615223,-0.123934,0.910143,0.062916,0.390283,-6.482406,123.918045,27.890638,0.259527,0.929332,0.054414,-0.256958,6.394039,127.337181,41.956306,-0.219896,0.524291,0.463726,-0.679502,25.831955,115.290901,28.546583,-0.049713,0.324445,0.509466,-0.795430,25.353741,135.706589,16.484346,0.091817,0.832870,0.168928,0.519000,-7.670262,84.107918,14.149702,0.123216,0.927652,0.009178,0.352414,-6.871653,51.098396,0.722399,-0.024374,0.937463,0.018271,0.346750,-16.859711,7.507077,-3.948195,-0.135134,0.853433,-0.015903,0.503128,0.703212,84.750572,30.789036,0.000362,0.867306,-0.126204,0.481510,8.354487,50.425541,36.603577,-0.016083,0.877108,0.022893,0.479479,2.861446,6.893692,46.431263,-0.024374,0.937463,0.018271,0.346750,-7.430465,2.175948,-14.661363,-0.016083,0.877108,0.022893,0.479479,14.912817,1.622630,38.744652
577,4.808333,-0.011527,0.851207,-0.013833,0.524520,-3.496729,84.422264,22.458666,-0.057920,0.876010,0.082633,0.471619,-3.535802,92.059113,22.186293,-0.021795,0.888632,0.031569,0.457013,-6.829070,110.040794,23.840868,0.141899,0.901347,-0.135195,0.386213,-8.194639,130.185074,24.571945,0.102141,0.926968,-0.233847,0.274978,-1.765027,142.861664,21.395077,-0.015210,0.825769,0.142876,0.545399,-10.788646,123.840370,21.814007,0.132944,-0.321745,0.141628,-0.926686,-18.627544,126.373077,4.279093,0.045469,0.173156,-0.581106,-0.793892,1.330130,117.146698,-10.530752,0.113964,0.347010,-0.563026,-0.741349,7.145825,137.767944,-5.650366,-0.123523,0.910227,0.062513,0.390282,-6.458827,123.913956,27.873892,0.262377,0.928683,0.066167,-0.253628,6.421579,127.325127,41.937862,-0.214295,0.521591,0.466858,-0.681223,25.870770,115.295876,28.529200,-0.048113,0.325043,0.510464,-0.794644,25.398190,135.628128,16.453119,0.091636,0.832315,0.169968,0.519582,-7.685658,84.104141,14.139980,0.123325,0.928293,0.008699,0.350695,-6.827197,51.117371,0.660571,-0.024215,0.937509,0.017667,0.346668,-16.848011,7.527709,-3.954959,-0.135342,0.853409,-0.015693,0.503119,0.692200,84.740387,30.777353,0.000287,0.867062,-0.126419,0.481894,8.363463,50.418888,36.586430,-0.016131,0.877155,0.022997,0.479386,2.862572,6.891915,46.431316,-0.024215,0.937509,0.017667,0.346668,-7.424313,2.178838,-14.664163,-0.016131,0.877155,0.022997,0.479386,14.913326,1.624114,38.741508
578,4.816667,-0.011350,0.851324,-0.013845,0.524334,-3.514497,84.412270,22.447521,-0.057490,0.876129,0.082142,0.471535,-3.551231,92.049179,22.176420,-0.021331,0.888708,0.031311,0.456906,-6.822745,110.038666,23.823488,0.142590,0.901141,-0.135922,0.386183,-8.166819,130.184418,24.554045,0.101978,0.926958,-0.233858,0.275063,-1.713193,142.846298,21.367273,-0.015220,0.825477,0.143134,0.545774,-10.768298,123.842323,21.797112,0.133201,-0.321692,0.142319,-0.926562,-18.591330,126.382423,4.256178,0.045835,0.172671,-0.580848,-0.794166,1.357757,117.119026,-10.542128,0.114274,0.346477,-0.562947,-0.741610,7.194306,137.740845,-5.685270,-0.122933,0.910236,0.061764,0.390567,-6.436716,123.911606,27.855789,0.263388,0.928531,0.065990,-0.253183,6.440731,127.312622,41.924931,-0.213850,0.523527,0.466503,-0.680120,25.873688,115.231796,28.539116,-0.047893,0.327350,0.507882,-0.795364,25.481134,135.537399,16.414272,0.091324,0.831826,0.171109,0.520045,-7.707144,84.096863,14.130606,0.123457,0.928907,0.008231,0.349030,-6.779043,51.133774,0.597957,-0.024160,0.937581,0.017081,0.346507,-16.833691,7.546335,-3.964680,-0.135569,0.853208,-0.015392,0.503409,0.678150,84.727684,30.764437,0.000197,0.866745,-0.126674,0.482398,8.371760,50.409912,36.565952,-0.016021,0.877046,0.023238,0.479576,2.861109,6.888741,46.430996,-0.024160,0.937581,0.017081,0.346507,-7.416193,2.181212,-14.671209,-0.016021,0.877046,0.023238,0.479576,14.915299,1.625485,38.743462
579,4.825000,-0.011098,0.851486,-0.013717,0.524080,-3.532314,84.399910,22.431499,-0.057055,0.876236,0.081788,0.471450,-3.566869,92.036949,22.164099,-0.020906,0.888766,0.030838,0.456844,-6.818602,110.032509,23.807972,0.142798,0.901065,-0.136379,0.386123,-8.138655,130.180176,24.529547,0.102134,0.926890,-0.234046,0.275076,-1.675731,142.834991,21.333540,-0.014935,0.825459,0.142697,0.545923,-10.748122,123.839912,21.775955,0.133526,-0.321531,0.142814,-0.926495,-18.565187,126.380684,4.232460,0.046359,0.172166,-0.580540,-0.794470,1.381919,117.089043,-10.550803,0.114610,0.346115,-0.562821,-0.741823,7.241633,137.710114,-5.722171,-0.122158,0.910299,0.060889,0.390802,-6.415433,123.906830,27.833864,0.264583,0.928318,0.065645,-0.252811,6.462236,127.293526,41.906254,-0.212120,0.524153,0.466776,-0.679992,25.871748,115.150955,28.542311,-0.047215,0.327502,0.509801,-0.794113,25.522348,135.421341,16.367828,0.091284,0.831328,0.172073,0.520530,-7.730034,84.089790,14.116946,0.123702,0.929585,0.007256,0.347156,-6.754609,51.149761,0.531603,-0.024120,0.937392,0.016688,0.347038,-16.869127,7.566410,-3.936834,-0.135944,0.852924,-0.015077,0.503799,0.665405,84.710022,30.746056,0.000146,0.866430,-0.126984,0.482881,8.389933,50.398819,36.545338,-0.016224,0.877133,0.023318,0.479406,2.864299,6.884721,46.433174,-0.024120,0.937392,0.016688,0.347038,-7.441314,2.190671,-14.628948,-0.016224,0.877133,0.023318,0.479406,14.917907,1.626245,38.741459
580,4.833333,-0.010817,0.851741,-0.013671,0.523672,-3.554730,84.387428,22.414095,-0.056561,0.876403,0.081369,0.471273,-3.586127,92.024590,22.149559,-0.020469,0.888864,0.030285,0.456711,-6.814832,110.026405,23.789551,0.143035,0.901021,-0.136663,0.386039,-8.108883,130.176178,24.499537,0.102334,0.926802,-0.234378,0.275015,-1.637768,142.825577,21.298656,-0.014680,0.825572,0.141911,0.545963,-10.727365,123.837616,21.750587,0.134081,-0.321410,0.143087,-0.926415,-18.543003,126.370094,4.205260,0.046923,0.171839,-0.580209,-0.794750,1.404084,117.057076,-10.564557,0.114913,0.345641,-0.562357,-0.742349,7.285594,137.677109,-5.758973,-0.121682,0.910355,0.059881,0.390976,-6.392593,123.902596,27.807030,0.266089,0.928049,0.065405,-0.252278,6.484320,127.287605,41.880520,-0.210752,0.525231,0.467251,-0.679259,25.865723,115.069618,28.544542,-0.045479,0.328895,0.510109,-0.793441,25.590853,135.315857,16.328138,0.090964,0.830710,0.173542,0.521086,-7.760526,84.082275,14.103436,0.123777,0.930179,0.006488,0.345550,-6.700778,51.174294,0.446917,-0.023828,0.937491,0.015947,0.346827,-16.853035,7.591650,-3.942119,-0.136369,0.852719,-0.014755,0.504040,0.651066,84.692581,30.724752,0.000169,0.866174,-0.127375,0.483238,8.410728,50.388931,36.521862,-0.016010,0.877042,0.023527,0.479570,2.862279,6.883761,46.436195,-0.023828,0.937491,0.015947,0.346827,-7.435628,2.193105,-14.631913,-0.016010,0.877042,0.023527,0.479570,14.917707,1.627589,38.745754
581,4.841667,-0.010630,0.852068,-0.013581,0.523147,-3.578067,84.371910,22.392773,-0.055970,0.876651,0.081082,0.470931,-3.607913,92.009171,22.130915,-0.020012,0.889050,0.029553,0.456416,-6.811964,110.014259,23.773256,0.143549,0.900937,-0.137395,0.385783,-8.075919,130.166534,24.465870,0.102287,0.926856,-0.234429,0.274806,-1.586258,142.802856,21.250950,-0.014442,0.825647,0.141444,0.545979,-10.705612,123.829353,21.724480,0.134336,-0.321319,0.143596,-0.926331,-18.520868,126.359596,4.178663,0.047205,0.171201,-0.579855,-0.795129,1.421569,117.018532,-10.579711,0.114877,0.344957,-0.562080,-0.742882,7.330768,137.636932,-5.799992,-0.120775,0.910272,0.058323,0.391684,-6.366559,123.893448,27.777863,0.267990,0.927586,0.065935,-0.251831,6.497400,127.268097,41.865669,-0.208759,0.526284,0.468105,-0.678470,25.836941,114.968704,28.543770,-0.044347,0.330034,0.511486,-0.792145,25.652206,135.188171,16.276148,0.090579,0.829871,0.175439,0.521853,-7.794177,84.070663,14.087203,0.123901,0.931276,0.005641,0.342551,-6.626135,51.204884,0.338216,-0.023420,0.937636,0.015015,0.346504,-16.828808,7.624081,-3.951003,-0.136807,0.852352,-0.014346,0.504554,0.638043,84.673157,30.698343,0.000150,0.865814,-0.127837,0.483761,8.434943,50.377201,36.490925,-0.015783,0.877017,0.023882,0.479606,2.861861,6.882656,46.437973,-0.023420,0.937636,0.015015,0.346504,-7.426225,2.196416,-14.639097,-0.015783,0.877017,0.023882,0.479606,14.917474,1.632263,38.743881
582,4.850000,-0.010264,0.852510,-0.013581,0.522434,-3.610657,84.352638,22.368158,-0.055208,0.876928,0.080678,0.470575,-3.635955,91.990013,22.109257,-0.019510,0.889222,0.028931,0.456142,-6.809232,110.007706,23.753952,0.144062,0.900815,-0.138299,0.385554,-8.043491,130.162247,24.433897,0.102204,0.926853,-0.234653,0.274655,-1.533508,142.783539,21.200989,-0.014270,0.825762,0.140917,0.545945,-10.684157,123.827049,21.698452,0.134816,-0.321352,0.144164,-0.926161,-18.501034,126.351418,4.152501,0.047761,0.170758,-0.579387,-0.795532,1.431628,116.975334,-10.596889,0.115403,0.344337,-0.561881,-0.743238,7.371315,137.590744,-5.842797,-0.120098,0.910375,0.057339,0.391798,-6.341088,123.888901,27.748981,0.269868,0.927229,0.065573,-0.251233,6.525730,127.254822,41.836277,-0.206593,0.527626,0.468552,-0.677783,25.827646,114.861229,28.547144,-0.043027,0.330828,0.512426,-0.791278,25.729620,135.032013,16.214262,0.090064,0.828972,0.177388,0.522712,-7.840815,84.057304,14.069518,0.124064,0.932164,0.004721,0.340082,-6.553138,51.233925,0.230226,-0.023060,0.937751,0.014048,0.346258,-16.808754,7.655892,-3.959786,-0.137438,0.852099,-0.013873,0.504822,0.619500,84.647964,30.666798,0.000201,0.865549,-0.128399,0.484085,8.469056,50.363396,36.455730,-0.015779,0.877040,0.023946,0.479560,2.863771,6.881804,46.441250,-0.023060,0.937751,0.014048,0.346258,-7.418890,2.198736,-14.644051,-0.015779,0.877040,0.023946,0.479560,14.918867,1.632939,38.745296
583,4.858333,-0.009998,0.853047,-0.013634,0.521560,-3.646160,84.331009,22.342148,-0.054497,0.877240,0.080366,0.470129,-3.667833,91.968445,22.084700,-0.018760,0.889434,0.028237,0.455805,-6.813011,109.995880,23.733913,0.144316,0.900827,-0.138891,0.385217,-8.007314,130.153198,24.403200,0.102096,0.926844,-0.235133,0.274315,-1.487000,142.765442,21.155893,-0.013983,0.826027,0.139742,0.545854,-10.662578,123.821594,21.673561,0.134995,-0.321327,0.144661,-0.926066,-18.483618,126.329651,4.127131,0.048148,0.170046,-0.579023,-0.795926,1.442283,116.927025,-10.614493,0.115665,0.343871,-0.561795,-0.743479,7.411733,137.543152,-5.890974,-0.119684,0.910713,0.056887,0.391205,-6.314491,123.878433,27.720531,0.272185,0.926734,0.065440,-0.250593,6.574154,127.239487,41.789017,-0.204717,0.528720,0.469521,-0.676827,25.826496,114.735153,28.531757,-0.040680,0.332461,0.513438,-0.790061,25.826147,134.884293,16.152658,0.089570,0.827877,0.179785,0.523713,-7.893430,84.039505,14.052120,0.124231,0.932988,0.003493,0.337770,-6.467440,51.270805,0.097267,-0.022619,0.937890,0.012824,0.345958,-16.784611,7.695615,-3.969375,-0.138001,0.851928,-0.013398,0.504970,0.601111,84.622505,30.632177,0.000175,0.865251,-0.128982,0.484462,8.500114,50.348072,36.413837,-0.015877,0.877099,0.024015,0.479447,2.867109,6.879971,46.442390,-0.022619,0.937890,0.012824,0.345958,-7.410481,2.201311,-14.648414,-0.015877,0.877099,0.024015,0.479447,14.921533,1.634202,38.743279
584,4.866667,-0.009798,0.853725,-0.013610,0.520453,-3.684394,84.306702,22.311575,-0.053728,0.877664,0.079895,0.469507,-3.703981,91.944214,22.056055,-0.018086,0.889728,0.027578,0.455298,-6.816603,109.985435,23.706568,0.144365,0.900956,-0.139602,0.384640,-7.974178,130.145233,24.365314,0.102338,0.926852,-0.235576,0.273818,-1.448609,142.749130,21.096209,-0.013642,0.826339,0.138840,0.545620,-10.643950,123.816772,21.642567,0.135432,-0.321348,0.145323,-0.925891,-18.475252,126.315224,4.099345,0.048846,0.169473,-0.578490,-0.796394,1.439741,116.873840,-10.632239,0.116436,0.343277,-0.561423,-0.743914,7.444182,137.484558,-5.942519,-0.118490,0.910827,0.055495,0.391504,-6.288621,123.869431,27.684361,0.274607,0.926183,0.065538,-0.249961,6.601982,127.209343,41.756088,-0.201822,0.529943,0.470441,-0.676102,25.800884,114.593109,28.527372,-0.039287,0.333170,0.515909,-0.788221,25.902617,134.691437,16.073875,0.088935,0.826688,0.182557,0.524738,-7.953223,84.018776,14.032502,0.124811,0.933928,0.001470,0.334962,-6.365379,51.313602,-0.053295,-0.022134,0.937857,0.011434,0.346127,-16.803534,7.750475,-3.936409,-0.138637,0.852094,-0.012932,0.504528,0.584435,84.594635,30.590647,0.000253,0.865060,-0.129720,0.484607,8.540899,50.331871,36.362682,-0.016015,0.877113,0.024024,0.479415,2.868041,6.880933,46.443031,-0.022134,0.937857,0.011434,0.346127,-7.435573,2.214453,-14.599304,-0.016015,0.877113,0.024024,0.479415,14.923291,1.637273,38.743782
585,4.875000,-0.009753,0.854487,-0.013674,0.519201,-3.727693,84.277458,22.283844,-0.052982,0.878153,0.079213,0.468792,-3.746563,91.914948,22.027872,-0.017353,0.890067,0.026972,0.454701,-6.823239,109.969055,23.672621,0.144653,0.901080,-0.140498,0.383915,-7.942899,130.131241,24.323841,0.102426,0.926952,-0.235999,0.273080,-1.405198,142.722397,21.029932,-0.013125,0.826598,0.138275,0.545384,-10.628062,123.806465,21.607672,0.135475,-0.321407,0.146386,-0.925697,-18.469894,126.308121,4.069610,0.049386,0.168534,-0.577812,-0.797051,1.426666,116.814896,-10.653567,0.117148,0.342500,-0.560921,-0.744538,7.479543,137.420624,-6.004094,-0.117064,0.910858,0.053168,0.392182,-6.264250,123.853851,27.643385,0.277413,0.925508,0.066379,-0.249139,6.618775,127.177452,41.725910,-0.198512,0.531584,0.472026,-0.674687,25.757313,114.441620,28.524357,-0.036419,0.334490,0.517658,-0.786651,26.012060,134.492111,15.994814,0.087895,0.826010,0.185715,0.524873,-8.020802,83.989799,14.017325,0.125221,0.935060,0.000046,0.331638,-6.247502,51.354454,-0.207603,-0.021435,0.937999,0.009956,0.345832,-16.775755,7.800362,-3.945984,-0.139329,0.852257,-0.012272,0.504078,0.565416,84.565117,30.550362,0.000355,0.864686,-0.130569,0.485046,8.589628,50.314869,36.302841,-0.016115,0.877088,0.023905,0.479463,2.866650,6.883806,46.440350,-0.021435,0.937999,0.009956,0.345832,-7.427187,2.217938,-14.601705,-0.016115,0.877088,0.023905,0.479463,14.923120,1.638560,38.744087
586,4.883333,-0.009658,0.855349,-0.013828,0.517777,-3.776591,84.243698,22.252481,-0.052227,0.878642,0.078619,0.468060,-3.793417,91.881149,21.995289,-0.016480,0.890388,0.026116,0.454154,-6.834479,109.942802,23.636774,0.145133,0.901079,-0.141421,0.383397,-7.906653,130.108017,24.273981,0.102088,0.927022,-0.236465,0.272567,-1.350858,142.684143,20.958693,-0.012628,0.826998,0.137703,0.544933,-10.609926,123.787399,21.566105,0.136098,-0.321553,0.147115,-0.925439,-18.471268,126.290321,4.036969,0.050152,0.167727,-0.577120,-0.797675,1.408945,116.751648,-10.678898,0.117852,0.341682,-0.560531,-0.745097,7.508601,137.352066,-6.071204,-0.116496,0.911086,0.052070,0.391970,-6.238271,123.829308,27.596178,0.280320,0.924915,0.065908,-0.248211,6.656346,127.151024,41.668530,-0.195521,0.533261,0.473112,-0.673476,25.733370,114.271881,28.517067,-0.033300,0.336276,0.519565,-0.784769,26.121017,134.266205,15.910438,0.087337,0.824834,0.189084,0.525613,-8.097260,83.956291,14.000329,0.125299,0.936073,-0.001690,0.328732,-6.147757,51.403988,-0.390844,-0.020638,0.938168,0.008459,0.345462,-16.745380,7.851925,-3.952681,-0.140040,0.852227,-0.011374,0.503953,0.544078,84.531105,30.504635,0.000413,0.864389,-0.131617,0.485292,8.643592,50.293510,36.226849,-0.016307,0.877109,0.023855,0.479422,2.867501,6.887165,46.439800,-0.020638,0.938168,0.008459,0.345462,-7.419135,2.221624,-14.602764,-0.016307,0.877109,0.023855,0.479422,14.924863,1.643302,38.743996
587,4.891667,-0.009531,0.856308,-0.013985,0.516189,-3.833424,84.208153,22.215445,-0.051228,0.879237,0.077819,0.467185,-3.847826,91.845581,21.957220,-0.015637,0.890785,0.025519,0.453439,-6.841791,109.917580,23.593601,0.147111,0.900917,-0.142125,0.382764,-7.872218,130.085129,24.225626,0.101060,0.927324,-0.237253,0.271234,-1.264196,142.634003,20.910830,-0.012065,0.827500,0.136868,0.544394,-10.592725,123.769066,21.524412,0.136760,-0.321816,0.147833,-0.925136,-18.477365,126.269302,4.005352,0.050898,0.166786,-0.576341,-0.798388,1.382662,116.684616,-10.707882,0.118362,0.340967,-0.560240,-0.745562,7.534364,137.274811,-6.146064,-0.115334,0.911294,0.050761,0.392000,-6.211002,123.804184,27.547222,0.284690,0.923823,0.072737,-0.245380,6.693138,127.105652,41.615616,-0.189743,0.534256,0.475717,-0.672504,25.713354,114.107643,28.498863,-0.032015,0.338111,0.520903,-0.783145,26.267315,133.999222,15.796516,0.087080,0.824000,0.192026,0.525896,-8.184752,83.921486,13.979387,0.124918,0.937428,-0.002989,0.324986,-6.100832,51.445915,-0.565489,-0.020336,0.938265,0.007328,0.345241,-16.718916,7.885802,-3.964317,-0.140933,0.852191,-0.010424,0.503786,0.517903,84.494820,30.451500,0.000501,0.863846,-0.132711,0.485960,8.705570,50.273640,36.146370,-0.016273,0.877019,0.023718,0.479594,2.867014,6.893292,46.434040,-0.020336,0.938265,0.007328,0.345241,-7.404961,2.222458,-14.607641,-0.016273,0.877019,0.023718,0.479594,14.926359,1.645536,38.743996
588,4.900000,-0.009186,0.857456,-0.014331,0.514276,-3.900652,84.160507,22.169758,-0.050242,0.879977,0.076927,0.466046,-3.908392,91.797882,21.909746,-0.014675,0.891314,0.025028,0.452458,-6.853118,109.877739,23.538309,0.146130,0.901496,-0.143082,0.381416,-7.839216,130.047470,24.171410,0.101823,0.927423,-0.237658,0.270256,-1.252970,142.595398,20.809959,-0.011431,0.827954,0.136231,0.543878,-10.579254,123.737045,21.476749,0.136895,-0.322132,0.148818,-0.924848,-18.486250,126.241219,3.968333,0.050938,0.165139,-0.575421,-0.799391,1.347488,116.605865,-10.747271,0.117611,0.339666,-0.559639,-0.746725,7.569362,137.184357,-6.235190,-0.113178,0.911616,0.048748,0.392137,-6.183855,123.763206,27.489630,0.286120,0.923775,0.066149,-0.245763,6.735208,127.020248,41.554676,-0.188057,0.537755,0.474829,-0.670814,25.702179,113.868591,28.514194,-0.029017,0.340077,0.524559,-0.779964,26.394081,133.701935,15.685402,0.086153,0.822937,0.195673,0.526370,-8.288832,83.876328,13.953191,0.124996,0.939001,-0.004512,0.320363,-6.000557,51.490105,-0.759210,-0.019707,0.938407,0.005789,0.344922,-16.685537,7.932776,-3.979321,-0.142311,0.852497,-0.009558,0.502897,0.487527,84.444687,30.386322,0.000887,0.863301,-0.133896,0.486604,8.793701,50.250084,36.069256,-0.016386,0.876913,0.023563,0.479791,2.865652,6.898201,46.425495,-0.019707,0.938407,0.005789,0.344922,-7.391178,2.222295,-14.614582,-0.016386,0.876913,0.023563,0.479791,14.928746,1.648136,38.742916
589,4.908333,-0.009116,0.858739,-0.014286,0.512133,-3.961680,84.101067,22.117945,-0.049337,0.880795,0.075995,0.464747,-3.969507,91.738480,21.859087,-0.013484,0.891918,0.024361,0.451338,-6.867854,109.833397,23.478252,0.147407,0.901469,-0.144048,0.380624,-7.798095,130.005829,24.110319,0.100570,0.927645,-0.238271,0.269421,-1.175264,142.530289,20.733292,-0.010901,0.828675,0.135442,0.542987,-10.562036,123.702324,21.423862,0.137409,-0.322545,0.149396,-0.924534,-18.507000,126.201881,3.931983,0.051446,0.163877,-0.574705,-0.800132,1.303475,116.528870,-10.790250,0.117946,0.338668,-0.559263,-0.747407,7.579832,137.102066,-6.328347,-0.112277,0.911887,0.047135,0.391963,-6.151065,123.717690,27.425367,0.287186,0.923625,0.045971,-0.249656,6.781145,126.968918,41.479675,-0.191175,0.546055,0.470809,-0.666044,25.613455,113.513901,28.554016,-0.026290,0.343305,0.525743,-0.777846,26.555195,133.359421,15.558854,0.085070,0.822671,0.199580,0.525493,-8.390874,83.818787,13.923350,0.125230,0.940444,-0.006752,0.315970,-5.903364,51.529430,-0.968543,-0.019292,0.938483,0.004463,0.344757,-16.686226,7.979640,-3.955897,-0.143523,0.852419,-0.008422,0.502704,0.467515,84.383354,30.312538,0.001201,0.862822,-0.135399,0.487035,8.887432,50.212002,35.967857,-0.016901,0.876857,0.023216,0.479893,2.864011,6.896588,46.421200,-0.019292,0.938483,0.004463,0.344757,-7.404932,2.229916,-14.581421,-0.016901,0.876857,0.023216,0.479893,14.932129,1.644954,38.747585
590,4.916667,-0.009287,0.860195,-0.014304,0.509679,-4.024720,84.035164,22.060091,-0.048152,0.881601,0.075186,0.463475,-4.035386,91.672523,21.799694,-0.012734,0.892421,0.023693,0.450401,-6.880507,109.783127,23.418009,0.147446,0.901784,-0.145161,0.379438,-7.770892,129.957642,24.040640,0.100555,0.927903,-0.238646,0.268204,-1.142628,142.469162,20.626524,-0.010337,0.829362,0.135176,0.542014,-10.552616,123.657921,21.363691,0.137845,-0.323076,0.150095,-0.924171,-18.538969,126.164612,3.891689,0.051875,0.162551,-0.573834,-0.801000,1.242261,116.448906,-10.841748,0.118347,0.337407,-0.558821,-0.748244,7.581187,137.012054,-6.429381,-0.110498,0.912222,0.045373,0.391897,-6.128755,123.668243,27.355709,0.294168,0.922156,0.064717,-0.242704,6.820825,126.884911,41.401978,-0.179256,0.543726,0.476881,-0.666944,25.619411,113.335190,28.526262,-0.021929,0.345698,0.528892,-0.774781,26.708805,132.973999,15.427006,0.083512,0.822682,0.204042,0.524010,-8.500594,83.750381,13.890985,0.125540,0.941804,-0.008779,0.311718,-5.776159,51.570702,-1.195571,-0.018685,0.938627,0.002864,0.344415,-16.654835,8.030727,-3.971164,-0.144929,0.852412,-0.007314,0.502331,0.451153,84.319946,30.229198,0.001538,0.861972,-0.137001,0.488091,8.996305,50.176262,35.863747,-0.016955,0.876724,0.023259,0.480132,2.863659,6.900162,46.415920,-0.018685,0.938627,0.002864,0.344415,-7.393781,2.232612,-14.588049,-0.016955,0.876724,0.023259,0.480132,14.936667,1.650380,38.748734
591,4.925000,-0.008864,0.861834,-0.014528,0.506904,-4.106424,83.961655,21.995623,-0.047075,0.882519,0.074661,0.461921,-4.110628,91.599030,21.735596,-0.011581,0.893071,0.022705,0.449194,-6.908423,109.711601,23.360056,0.146690,0.902372,-0.146262,0.377907,-7.738440,129.889099,23.969202,0.100691,0.928187,-0.238916,0.266927,-1.126286,142.395645,20.506018,-0.009585,0.830155,0.134623,0.540950,-10.545866,123.595406,21.304943,0.138691,-0.323933,0.150329,-0.923706,-18.577427,126.108826,3.854643,0.051899,0.160658,-0.572657,-0.802222,1.170671,116.364578,-10.904376,0.116981,0.335971,-0.558465,-0.749370,7.593986,136.907242,-6.549129,-0.108349,0.912862,0.043324,0.391238,-6.105412,123.597549,27.284685,0.297856,0.921633,0.063333,-0.240549,6.882407,126.773163,41.304962,-0.174338,0.546999,0.477282,-0.665282,25.620440,113.026299,28.550507,-0.016847,0.349082,0.530432,-0.772334,26.896454,132.537323,15.285913,0.080978,0.823287,0.209097,0.521460,-8.635022,83.682014,13.855446,0.126184,0.943147,-0.010933,0.307299,-5.614656,51.621502,-1.427220,-0.017670,0.938811,0.000771,0.343979,-16.619215,8.099943,-3.986978,-0.146650,0.852419,-0.005701,0.501839,0.422173,84.241295,30.135799,0.001926,0.861137,-0.139101,0.488968,9.129974,50.131893,35.728794,-0.016725,0.876570,0.023468,0.480410,2.864291,6.908062,46.416180,-0.017670,0.938811,0.000771,0.343979,-7.386958,2.236369,-14.592990,-0.016725,0.876570,0.023468,0.480410,14.940928,1.660356,38.753284
592,4.933333,-0.008829,0.863715,-0.014446,0.503696,-4.177380,83.878555,21.916855,-0.046131,0.883550,0.073955,0.460155,-4.182711,91.515976,21.658188,-0.010541,0.893782,0.022076,0.447834,-6.935822,109.642319,23.282156,0.146921,0.902749,-0.147313,0.376506,-7.716010,129.821884,23.888680,0.100027,0.928559,-0.239225,0.265602,-1.095616,142.314285,20.390282,-0.008975,0.830896,0.134163,0.539936,-10.546625,123.534218,21.234751,0.138474,-0.324413,0.151116,-0.923442,-18.621086,126.052078,3.804903,0.051751,0.158713,-0.572141,-0.802986,1.097943,116.271606,-10.969013,0.116634,0.334714,-0.558107,-0.750253,7.575272,136.812408,-6.671523,-0.106000,0.913444,0.041232,0.390747,-6.087667,123.527290,27.200705,0.298256,0.921766,0.037594,-0.244902,6.934516,126.654732,41.199921,-0.177826,0.557686,0.471018,-0.659929,25.547874,112.566666,28.636684,-0.012482,0.353354,0.531094,-0.770016,27.109903,132.051880,15.126741,0.078246,0.824178,0.214007,0.518468,-8.766425,83.600800,13.810537,0.127032,0.944503,-0.013497,0.302646,-5.453814,51.657356,-1.655616,-0.016789,0.938856,-0.000850,0.343900,-16.610981,8.160731,-3.966594,-0.148456,0.852587,-0.004549,0.501034,0.411666,84.156303,30.023170,0.002350,0.859937,-0.141210,0.490472,9.272457,50.084053,35.602318,-0.016466,0.876211,0.023925,0.481052,2.862331,6.913561,46.418877,-0.016789,0.938856,-0.000850,0.343900,-7.396346,2.245743,-14.559376,-0.016466,0.876211,0.023925,0.481052,14.949849,1.673789,38.767712
593,4.941667,-0.008698,0.865866,-0.014209,0.499998,-4.254548,83.784142,21.822123,-0.044910,0.884899,0.072831,0.457856,-4.261076,91.421707,21.567621,-0.009213,0.894791,0.021645,0.445866,-6.950563,109.551941,23.182564,0.147962,0.903169,-0.148645,0.374563,-7.673644,129.733337,23.799191,0.098629,0.929297,-0.239047,0.263695,-1.025395,142.200348,20.263304,-0.008239,0.832089,0.133969,0.538156,-10.533033,123.454216,21.155888,0.138831,-0.325312,0.151294,-0.923043,-18.682337,125.982094,3.762358,0.051716,0.156765,-0.571254,-0.804002,1.002872,116.183342,-11.044505,0.116245,0.333129,-0.557783,-0.751259,7.549843,136.707672,-6.807082,-0.103896,0.913760,0.038726,0.390831,-6.047474,123.433258,27.101835,0.308219,0.919840,0.071927,-0.231778,6.989281,126.525307,41.095348,-0.158869,0.552174,0.480562,-0.662514,25.613964,112.377525,28.616264,-0.007028,0.357545,0.533744,-0.766310,27.302589,131.515076,14.974551,0.074992,0.825863,0.218698,0.514293,-8.912815,83.511353,13.755218,0.127560,0.944715,-0.015904,0.301645,-5.309689,51.677086,-1.870266,-0.016159,0.938851,-0.002165,0.343937,-16.578209,8.198920,-3.979415,-0.150401,0.852459,-0.003230,0.500682,0.403720,84.056938,29.889029,0.002633,0.858310,-0.143700,0.492593,9.428528,50.025379,35.453640,-0.015705,0.875684,0.024761,0.481993,2.859683,6.918800,46.428688,-0.016159,0.938851,-0.002165,0.343937,-7.374725,2.243164,-14.559033,-0.015705,0.875684,0.024761,0.481993,14.960276,1.689515,38.791031
594,4.950000,-0.008235,0.868338,-0.013873,0.495711,-4.336394,83.679840,21.716419,-0.043746,0.886325,0.071931,0.455346,-4.340574,91.317657,21.469917,-0.008117,0.895819,0.021103,0.443843,-6.973407,109.461685,23.083435,0.147663,0.904003,-0.149581,0.372290,-7.645718,129.644775,23.701754,0.098161,0.929985,-0.238881,0.261588,-1.008274,142.104355,20.119614,-0.007458,0.833329,0.133650,0.536326,-10.532077,123.372292,21.072060,0.139327,-0.326310,0.151292,-0.922616,-18.758078,125.908897,3.715944,0.051751,0.154965,-0.570519,-0.804870,0.892675,116.097725,-11.128426,0.116205,0.331460,-0.557143,-0.752478,7.501627,136.615509,-6.947531,-0.101764,0.914453,0.036722,0.389963,-6.019427,123.341080,26.997427,0.313168,0.919167,0.069092,-0.228656,7.060585,126.391960,40.959572,-0.152966,0.557001,0.480501,-0.659901,25.598413,111.967705,28.669081,-0.000751,0.362605,0.534850,-0.763186,27.536991,130.928879,14.808573,0.070573,0.828458,0.223524,0.508638,-9.074370,83.418381,13.695693,0.128303,0.944421,-0.018456,0.302103,-5.137333,51.690407,-2.064827,-0.014693,0.938840,-0.003178,0.344026,-16.535528,8.237207,-3.983015,-0.152652,0.852532,-0.001949,0.499883,0.401584,83.941292,29.737144,0.003254,0.857104,-0.146516,0.493857,9.609797,49.957893,35.295582,-0.015060,0.875048,0.025919,0.483108,2.851924,6.925133,46.444191,-0.014693,0.938840,-0.003178,0.344026,-7.350381,2.240334,-14.555340,-0.015060,0.875048,0.025919,0.483108,14.971326,1.716007,38.822598
595,4.958333,-0.007700,0.871419,-0.013141,0.490304,-4.422709,83.566788,21.595360,-0.042468,0.887933,0.071216,0.452438,-4.426785,91.205040,21.362648,-0.006812,0.896922,0.020505,0.441661,-7.001725,109.363258,22.983608,0.147408,0.904799,-0.150989,0.369880,-7.614556,129.548141,23.605162,0.097151,0.930744,-0.238699,0.259423,-0.983390,141.994141,19.964668,-0.006517,0.834778,0.133296,0.534168,-10.531376,123.283783,20.989763,0.139621,-0.327304,0.151208,-0.922233,-18.847366,125.831879,3.678279,0.051816,0.152735,-0.570127,-0.805570,0.770274,116.015434,-11.206341,0.116745,0.329498,-0.556322,-0.753861,7.427701,136.528137,-7.101138,-0.098921,0.915134,0.033513,0.389387,-5.989653,123.239899,26.892794,0.318123,0.918561,0.066392,-0.225023,7.129856,126.241890,40.828449,-0.146347,0.561955,0.480243,-0.657385,25.589239,111.540878,28.749641,0.006745,0.368256,0.535628,-0.759898,27.777206,130.295639,14.651355,0.065334,0.831674,0.228490,0.501839,-9.260215,83.321640,13.633749,0.128862,0.943538,-0.021226,0.304435,-4.959393,51.702927,-2.250803,-0.012553,0.938802,-0.004149,0.344203,-16.474533,8.272547,-3.977646,-0.155032,0.852247,-0.000695,0.499640,0.414797,83.811935,29.556973,0.003512,0.854425,-0.149651,0.497545,9.809253,49.880512,35.121284,-0.013205,0.874219,0.027569,0.484568,2.843542,6.931397,46.462860,-0.012553,0.938802,-0.004149,0.344203,-7.313359,2.229048,-14.544219,-0.013205,0.874219,0.027569,0.484568,14.978516,1.737889,38.855408
596,4.966667,-0.006720,0.874988,-0.012644,0.483934,-4.528015,83.446442,21.457300,-0.040803,0.889797,0.070188,0.449077,-4.524360,91.085114,21.238503,-0.005213,0.898176,0.020057,0.439148,-7.020531,109.244263,22.862602,0.146382,0.906192,-0.150797,0.366945,-7.565646,129.430664,23.498024,0.096165,0.931698,-0.238692,0.256353,-0.977568,141.889923,19.824844,-0.005098,0.836661,0.133314,0.531224,-10.517159,123.176979,20.895992,0.139721,-0.328709,0.151100,-0.921736,-18.955326,125.755783,3.648287,0.051423,0.150117,-0.569226,-0.806724,0.615177,115.936485,-11.296370,0.116395,0.327327,-0.555868,-0.755195,7.352732,136.438278,-7.264141,-0.096583,0.915696,0.030314,0.388913,-5.942183,123.115524,26.773134,0.323634,0.917821,0.064338,-0.220742,7.209338,126.085533,40.685455,-0.138976,0.567401,0.479892,-0.654557,25.582392,111.089729,28.839653,0.014989,0.375598,0.536011,-0.755906,28.044075,129.608246,14.480567,0.059101,0.834980,0.233210,0.494902,-9.481454,83.222801,13.566653,0.129585,0.942225,-0.023877,0.307976,-4.771493,51.704155,-2.400507,-0.010442,0.938549,-0.004889,0.344954,-16.412855,8.301321,-3.966317,-0.157728,0.852444,0.000215,0.498459,0.425424,83.670082,29.347944,0.003686,0.851814,-0.152790,0.501054,10.018264,49.798740,34.939735,-0.012345,0.873792,0.028397,0.485313,2.851367,6.935122,46.477718,-0.010442,0.938549,-0.004889,0.344954,-7.261623,2.217826,-14.518549,-0.012345,0.873792,0.028397,0.485313,14.995087,1.750439,38.878197
597,4.975000,-0.005905,0.879190,-0.012240,0.476278,-4.629677,83.324112,21.305504,-0.039862,0.892130,0.069508,0.444617,-4.619918,90.963089,21.098047,-0.003212,0.899921,0.019539,0.435602,-7.067283,109.137726,22.728773,0.145704,0.907531,-0.152527,0.363171,-7.527997,129.325623,23.382738,0.094877,0.932927,-0.237508,0.253449,-0.961809,141.771820,19.626984,-0.003471,0.838402,0.133745,0.528377,-10.524717,123.085495,20.799936,0.140512,-0.330116,0.151280,-0.921083,-19.080320,125.710938,3.617251,0.051351,0.147251,-0.568515,-0.807757,0.438160,115.863823,-11.377059,0.115878,0.324963,-0.554806,-0.757074,7.246258,136.352081,-7.437648,-0.093213,0.916541,0.026366,0.388031,-5.903288,123.001770,26.640341,0.329243,0.917194,0.062222,-0.215600,7.299552,125.915649,40.515869,-0.131136,0.573015,0.479253,-0.651747,25.597378,110.616089,28.945272,0.023651,0.383069,0.536270,-0.751740,28.331270,128.872269,14.311033,0.052133,0.839118,0.238009,0.486328,-9.720317,83.118698,13.502172,0.130044,0.940866,-0.026586,0.311694,-4.587135,51.705994,-2.543123,-0.006587,0.938236,-0.004469,0.345904,-16.335409,8.326167,-3.938791,-0.160164,0.852803,0.000916,0.497066,0.460963,83.529526,29.108837,0.004420,0.849467,-0.156471,0.503887,10.230783,49.713455,34.728695,-0.011232,0.873317,0.028812,0.486169,2.802817,6.952757,46.481426,-0.006587,0.938236,-0.004469,0.345904,-7.205024,2.215895,-14.493604,-0.011232,0.873317,0.028812,0.486169,14.952643,1.762970,38.895172
598,4.983333,-0.004644,0.884047,-0.012427,0.467210,-4.752151,83.199814,21.153522,-0.038426,0.894782,0.068512,0.439539,-4.726164,90.838928,20.952448,-0.001206,0.901824,0.018962,0.431685,-7.100754,109.020866,22.587660,0.145146,0.909150,-0.152527,0.359324,-7.475464,129.210037,23.257605,0.093009,0.934206,-0.236973,0.249906,-0.944608,141.662842,19.462355,-0.001541,0.840672,0.134269,0.524633,-10.519532,122.983459,20.697533,0.139867,-0.331716,0.151733,-0.920532,-19.228277,125.662682,3.600287,0.050673,0.143857,-0.567657,-0.809014,0.226757,115.797256,-11.464291,0.115831,0.322589,-0.554697,-0.758176,7.121446,136.275803,-7.618223,-0.090200,0.917378,0.022523,0.387007,-5.847355,122.877731,26.497063,0.335116,0.916535,0.060364,-0.209801,7.407645,125.746216,40.332268,-0.123337,0.579421,0.478390,-0.648230,25.629404,110.132957,29.064613,0.033395,0.392355,0.534927,-0.747526,28.671785,128.107742,14.150468,0.046068,0.842234,0.242302,0.479384,-10.002504,83.015076,13.456217,0.129388,0.939666,-0.028986,0.315352,-4.487864,51.706898,-2.666621,-0.003579,0.938092,-0.003611,0.346349,-16.243515,8.323771,-3.886543,-0.162589,0.853805,0.001719,0.494548,0.498201,83.384560,28.850826,0.004782,0.848201,-0.160154,0.504859,10.455225,49.624443,34.478512,-0.010931,0.873345,0.028095,0.486169,2.819285,6.968909,46.477543,-0.003579,0.938092,-0.003611,0.346349,-7.133933,2.206510,-14.455279,-0.010931,0.873345,0.028095,0.486169,14.962522,1.756949,38.895935
599,4.991667,-0.004074,0.889840,-0.012587,0.456081,-4.846650,83.081200,20.996155,-0.037572,0.897849,0.067627,0.433453,-4.814313,90.720329,20.796570,0.000640,0.903995,0.018753,0.427131,-7.135525,108.908859,22.432476,0.143900,0.911105,-0.152977,0.354653,-7.435817,129.098373,23.128550,0.091572,0.935674,-0.235873,0.245954,-0.958303,141.559143,19.268562,0.000204,0.842824,0.135137,0.520947,-10.526557,122.884926,20.592646,0.140525,-0.333790,0.151492,-0.919721,-19.384701,125.619362,3.581110,0.050582,0.141236,-0.566956,-0.809972,0.001049,115.745209,-11.566838,0.116386,0.320367,-0.553909,-0.759608,6.963902,136.217697,-7.803848,-0.086434,0.918647,0.018423,0.385067,-5.796101,122.756981,26.344284,0.340509,0.916161,0.056709,-0.203684,7.542715,125.558731,40.112450,-0.117002,0.587281,0.476250,-0.643892,25.705410,109.631142,29.194820,0.043844,0.402973,0.530112,-0.744763,29.084120,127.316498,14.003670,0.040776,0.845155,0.246574,0.472496,-10.288616,82.906631,13.432863,0.128238,0.939295,-0.030633,0.316766,-4.439795,51.714588,-2.796954,0.000128,0.937926,-0.002282,0.346827,-16.144585,8.313647,-3.862440,-0.164320,0.856291,0.001584,0.489655,0.595316,83.255768,28.559446,0.005617,0.848441,-0.164153,0.503161,10.681470,49.535946,34.198761,-0.011187,0.873502,0.026460,0.485972,2.825249,6.997824,46.469334,0.000128,0.937926,-0.002282,0.346827,-7.060995,2.195116,-14.452788,-0.011187,0.873502,0.026460,0.485972,14.959168,1.748468,38.898617
600,5.000000,-0.003362,0.896390,-0.013549,0.443047,-4.944808,82.980087,20.850859,-0.037199,0.901429,0.066129,0.426226,-4.899123,90.618912,20.642473,0.002819,0.906565,0.018853,0.421635,-7.170121,108.805786,22.252548,0.142446,0.913402,-0.152873,0.349337,-7.388065,128.994858,22.991211,0.089997,0.937232,-0.234675,0.241709,-0.978088,141.472366,19.072996,0.002258,0.845689,0.136118,0.516020,-10.532236,122.797691,20.481262,0.140795,-0.336047,0.151187,-0.918908,-19.588179,125.593292,3.584194,0.050098,0.137722,-0.565608,-0.811548,-0.277701,115.718887,-11.659436,0.115931,0.317796,-0.553590,-0.760988,6.792919,136.165329,-7.998009,-0.082785,0.919939,0.014388,0.382952,-5.732408,122.641205,26.174429,0.345908,0.915830,0.052420,-0.197118,7.693288,125.378593,39.870914,-0.110699,0.595707,0.473281,-0.639440,25.799047,109.130264,29.338139,0.051632,0.413960,0.527280,-0.740235,29.514605,126.495911,13.859294,0.036417,0.847905,0.250449,0.465839,-10.605301,82.812027,13.449542,0.126510,0.939576,-0.031541,0.316539,-4.489295,51.733326,-2.898772,0.002078,0.937892,-0.001381,0.346919,-16.076546,8.297878,-3.834922,-0.165349,0.860200,0.000649,0.482405,0.715685,83.148140,28.252172,0.006796,0.850353,-0.168170,0.498570,10.877806,49.452366,33.898846,-0.011919,0.873825,0.024249,0.485490,2.818115,7.035604,46.454285,0.002078,0.937892,-0.001381,0.346919,-7.009344,2.184059,-14.442028,-0.011919,0.873825,0.024249,0.485490,14.939472,1.741111,38.894871
601,5.008333,-0.003550,0.903724,-0.014707,0.427848,-4.999809,82.891075,20.722267,-0.037106,0.905530,0.064320,0.417733,-4.952667,90.529381,20.495914,0.004110,0.909506,0.019213,0.415226,-7.174105,108.695671,22.066172,0.141038,0.916024,-0.151855,0.343436,-7.345404,128.883820,22.841225,0.088376,0.938964,-0.233446,0.236725,-1.013473,141.388733,18.883705,0.004353,0.849017,0.138071,0.509989,-10.535865,122.696457,20.365772,0.140388,-0.338225,0.150793,-0.918235,-19.831026,125.568031,3.611963,0.049373,0.133206,-0.564174,-0.813343,-0.592110,115.709259,-11.731929,0.114933,0.315409,-0.553325,-0.762325,6.601250,136.129196,-8.200732,-0.079335,0.921563,0.010423,0.379894,-5.656269,122.521927,25.990189,0.350793,0.915862,0.048111,-0.189279,7.881482,125.201393,39.587463,-0.104877,0.604829,0.469269,-0.634799,25.967365,108.650223,29.501560,0.059906,0.426864,0.522810,-0.735437,30.020983,125.675293,13.729379,0.033403,0.851512,0.253988,0.457495,-10.906987,82.714005,13.516524,0.124065,0.940725,-0.031066,0.314132,-4.650908,51.747547,-2.991024,0.001948,0.937893,-0.000600,0.346920,-16.024113,8.254326,-3.867688,-0.164736,0.865830,-0.001246,0.472439,0.907370,83.068153,27.928009,0.007165,0.853357,-0.172183,0.492020,11.033686,49.358013,33.553223,-0.014171,0.874896,0.020974,0.483649,2.865304,7.064542,46.449684,0.001948,0.937893,-0.000600,0.346920,-6.952065,2.162228,-14.483139,-0.014171,0.874896,0.020974,0.483649,14.960238,1.719423,38.883595
602,5.016667,-0.004075,0.911730,-0.016461,0.410440,-5.029357,82.825539,20.603712,-0.038220,0.910167,0.062309,0.407741,-4.982881,90.462944,20.348780,0.005211,0.912953,0.019718,0.407554,-7.188639,108.590187,21.855932,0.138346,0.919066,-0.151575,0.336457,-7.321133,128.777130,22.669130,0.087859,0.940737,-0.231250,0.231988,-1.099955,141.312500,18.633112,0.006466,0.852687,0.140864,0.503031,-10.560742,122.598137,20.236973,0.140435,-0.340374,0.149751,-0.917605,-20.128101,125.557350,3.652501,0.049108,0.128581,-0.562420,-0.815315,-0.949875,115.737465,-11.791976,0.114057,0.313050,-0.552593,-0.763958,6.380087,136.123138,-8.405784,-0.075622,0.923539,0.006624,0.375915,-5.587271,122.407570,25.778023,0.355047,0.916202,0.042314,-0.180901,8.089278,125.017204,39.249397,-0.100647,0.614828,0.464025,-0.629713,26.180378,108.176079,29.665323,0.067085,0.440930,0.517836,-0.730018,30.578882,124.863243,13.619800,0.030695,0.856568,0.257436,0.446179,-11.208459,82.630363,13.630229,0.121480,0.942078,-0.030069,0.311172,-4.894320,51.777245,-3.066330,0.000257,0.937735,-0.000737,0.347351,-16.027502,8.221475,-3.918320,-0.162649,0.872918,-0.003842,0.459940,1.149744,83.020706,27.577194,0.007431,0.856015,-0.176662,0.485771,11.145433,49.262802,33.149345,-0.016244,0.875703,0.017502,0.482259,2.855967,7.110199,46.424191,0.000257,0.937735,-0.000737,0.347351,-6.927022,2.142142,-14.516741,-0.016244,0.875703,0.017502,0.482259,14.929640,1.707091,38.865334
603,5.025000,-0.004728,0.920242,-0.018456,0.390886,-5.012650,82.770241,20.505928,-0.040390,0.915193,0.060156,0.396450,-4.968891,90.406494,20.218115,0.005923,0.916748,0.020449,0.398899,-7.192239,108.495117,21.645529,0.136091,0.922507,-0.149276,0.328903,-7.302446,128.680557,22.498510,0.087313,0.942576,-0.229793,0.226102,-1.201752,141.266403,18.435755,0.008343,0.856901,0.143839,0.494936,-10.589586,122.507080,20.116615,0.139087,-0.342486,0.148434,-0.917238,-20.468893,125.542557,3.729992,0.048164,0.122935,-0.560617,-0.817481,-1.346317,115.798378,-11.830996,0.113518,0.309681,-0.551941,-0.765880,6.133688,136.152679,-8.608353,-0.072322,0.926294,0.003174,0.369783,-5.512261,122.304680,25.562235,0.358747,0.916882,0.036566,-0.171146,8.360405,124.854912,38.843113,-0.096722,0.625589,0.457955,-0.624148,26.493567,107.747078,29.827747,0.074756,0.454453,0.509931,-0.726536,31.260920,124.081276,13.501509,0.028653,0.863042,0.260698,0.431711,-11.483691,82.554688,13.803092,0.118469,0.943682,-0.028318,0.307616,-5.223208,51.813400,-3.118449,-0.001388,0.937571,-0.000625,0.347791,-16.060308,8.183453,-3.992540,-0.159049,0.881726,-0.007025,0.444088,1.458392,82.985794,27.208767,0.007613,0.860120,-0.181754,0.476552,11.233497,49.147804,32.685680,-0.019123,0.877090,0.012819,0.479774,2.855472,7.159555,46.417934,-0.001388,0.937571,-0.000625,0.347791,-6.930701,2.123074,-14.576754,-0.019123,0.877090,0.012819,0.479774,14.891111,1.679289,38.853966
604,5.033333,-0.004805,0.928944,-0.020967,0.369594,-4.993626,82.738655,20.411762,-0.043717,0.920869,0.057577,0.383111,-4.943410,90.373383,20.086935,0.006675,0.921365,0.021565,0.388043,-7.214261,108.403687,21.408745,0.133349,0.926372,-0.147034,0.320052,-7.303896,128.586838,22.316250,0.087392,0.944395,-0.227800,0.220427,-1.343493,141.226593,18.212770,0.010201,0.861190,0.147914,0.486178,-10.646462,122.419418,19.996658,0.137852,-0.344790,0.146684,-0.916842,-20.857378,125.546204,3.831992,0.047596,0.117328,-0.558662,-0.819674,-1.791398,115.895775,-11.856346,0.113799,0.306450,-0.551377,-0.767543,5.842378,136.215637,-8.805877,-0.068920,0.929259,0.000276,0.362942,-5.442028,122.203156,25.320381,0.360588,0.918163,0.028660,-0.161655,8.643460,124.680832,38.389282,-0.093290,0.636534,0.451360,-0.618382,26.873878,107.372871,29.971891,0.083808,0.466868,0.504369,-0.721541,32.014362,123.351036,13.378943,0.026819,0.870775,0.263741,0.414092,-11.766442,82.511017,14.014421,0.114851,0.944780,-0.026351,0.305788,-5.645526,51.876247,-3.149615,-0.003812,0.937228,-0.001239,0.348695,-16.128216,8.160723,-4.069066,-0.154650,0.891472,-0.009739,0.425753,1.779190,82.966293,26.809103,0.007236,0.864256,-0.187715,0.466660,11.312076,49.033173,32.121937,-0.021847,0.878396,0.007212,0.477379,2.872007,7.242498,46.407715,-0.003812,0.937228,-0.001239,0.348695,-6.953246,2.108095,-14.618436,-0.021847,0.878396,0.007212,0.477379,14.865294,1.660079,38.851185
605,5.041667,-0.004561,0.937719,-0.023029,0.346601,-4.942577,82.733673,20.311798,-0.048432,0.927066,0.055069,0.367655,-4.885957,90.367058,19.957586,0.007254,0.926745,0.022793,0.374928,-7.249859,108.315300,21.163963,0.129992,0.930947,-0.143972,0.309374,-7.323535,128.495926,22.127392,0.088709,0.946393,-0.225373,0.213724,-1.536795,141.204254,17.987333,0.012272,0.865513,0.152766,0.476864,-10.727522,122.332787,19.887070,0.137192,-0.347788,0.144193,-0.916204,-21.284206,125.566994,3.967507,0.047593,0.112376,-0.556304,-0.821969,-2.289878,116.032814,-11.878035,0.115417,0.303332,-0.550701,-0.769023,5.505812,136.305176,-8.990428,-0.066321,0.932822,-0.001051,0.354180,-5.374148,122.105362,25.060522,0.361586,0.919774,0.024211,-0.150616,8.968429,124.516914,37.859394,-0.089565,0.645957,0.446410,-0.612728,27.343416,107.077194,30.050308,0.094346,0.478924,0.500736,-0.714838,32.846840,122.725929,13.247657,0.025982,0.878774,0.266373,0.395129,-12.022367,82.505180,14.255959,0.110557,0.946248,-0.023785,0.303029,-6.146732,51.966732,-3.163545,-0.006858,0.936991,-0.002469,0.349277,-16.202684,8.152592,-4.152345,-0.149336,0.901509,-0.013027,0.405969,2.137213,82.962166,26.367638,0.005913,0.867912,-0.194027,0.457217,11.357756,48.919209,31.526829,-0.022399,0.879968,0.002344,0.474499,2.918465,7.343647,46.427513,-0.006858,0.936991,-0.002469,0.349277,-6.985070,2.098001,-14.663342,-0.022399,0.879968,0.002344,0.474499,14.842878,1.647081,38.847206
606,5.050000,-0.003967,0.946512,-0.024931,0.321679,-4.864833,82.749573,20.204153,-0.053054,0.933842,0.052546,0.349806,-4.799654,90.381638,19.823999,0.006785,0.932886,0.024251,0.359291,-7.251631,108.229973,20.925404,0.126296,0.935835,-0.140830,0.297371,-7.347945,128.408096,21.938047,0.090112,0.948442,-0.222511,0.206944,-1.752444,141.187897,17.755301,0.015892,0.870919,0.156294,0.465640,-10.808361,122.240494,19.798717,0.135927,-0.351661,0.141172,-0.915385,-21.770985,125.596680,4.181635,0.047034,0.106411,-0.553448,-0.824718,-2.874577,116.210793,-11.868210,0.115921,0.300693,-0.549215,-0.771044,5.112267,136.419495,-9.164805,-0.064645,0.936690,-0.001614,0.344137,-5.283853,122.016434,24.789165,0.361092,0.921810,0.020171,-0.139541,9.338971,124.384201,37.275272,-0.086223,0.654398,0.442147,-0.607318,27.903240,106.885445,30.069204,0.106799,0.489824,0.498371,-0.707314,33.746307,122.230911,13.101006,0.025806,0.887397,0.268793,0.373645,-12.255146,82.530106,14.531061,0.105352,0.947769,-0.020937,0.300328,-6.727850,52.083336,-3.160803,-0.009014,0.936847,-0.003706,0.349605,-16.272572,8.156672,-4.221653,-0.143981,0.911573,-0.016809,0.384735,2.525479,82.969032,25.877247,0.004314,0.872189,-0.201123,0.445890,11.421199,48.822163,30.918673,-0.021307,0.882378,-0.003188,0.470047,3.018189,7.497275,46.520660,-0.009014,0.936847,-0.003706,0.349605,-7.028107,2.091344,-14.702839,-0.021307,0.882378,-0.003188,0.470047,14.825480,1.646721,38.874584
607,5.058333,-0.003121,0.954836,-0.026715,0.295913,-4.784627,82.773804,20.079283,-0.055792,0.941028,0.050418,0.329867,-4.709349,90.404549,19.675310,0.005020,0.939627,0.025838,0.341187,-7.192426,108.160568,20.718365,0.122288,0.941229,-0.136157,0.283894,-7.358033,128.336319,21.768593,0.091553,0.950522,-0.220289,0.198993,-1.982092,141.206451,17.574884,0.018751,0.876317,0.159900,0.454036,-10.865095,122.153259,19.753500,0.133165,-0.357087,0.137757,-0.914209,-22.237370,125.603012,4.452953,0.044646,0.100779,-0.551313,-0.826985,-3.494364,116.404640,-11.882782,0.116131,0.298269,-0.547926,-0.772869,4.644766,136.563629,-9.311378,-0.064388,0.940921,-0.001490,0.332446,-5.151379,121.951660,24.527153,0.359611,0.924086,0.018775,-0.128031,9.779213,124.318314,36.643776,-0.083801,0.662552,0.438123,-0.601707,28.563372,106.826767,30.012978,0.117939,0.500886,0.494453,-0.700514,34.749073,121.905067,12.912173,0.026695,0.895677,0.270824,0.351716,-12.471640,82.570923,14.814541,0.099342,0.949712,-0.017725,0.296420,-7.385591,52.205635,-3.147647,-0.011634,0.936824,-0.004796,0.349575,-16.342472,8.157176,-4.281984,-0.138744,0.921320,-0.020799,0.362611,2.902386,82.976685,25.344023,0.001723,0.875915,-0.208717,0.434980,11.477529,48.734947,30.296703,-0.017673,0.885198,-0.008527,0.464801,3.177391,7.688552,46.669846,-0.011634,0.936824,-0.004796,0.349575,-7.073275,2.089646,-14.740023,-0.017673,0.885198,-0.008527,0.464801,14.826088,1.654311,38.923927
608,5.066667,-0.002120,0.962567,-0.028435,0.269541,-4.722585,82.808685,19.952143,-0.057032,0.948129,0.048573,0.308932,-4.636636,90.438065,19.525084,0.003046,0.946356,0.027153,0.321967,-7.111350,108.149658,20.543722,0.118370,0.946485,-0.132397,0.269491,-7.348147,128.323242,21.621685,0.092578,0.952732,-0.217907,0.190390,-2.188302,141.270889,17.395237,0.021093,0.881889,0.163460,0.441711,-10.899133,122.122047,19.743881,0.129975,-0.364218,0.134585,-0.912326,-22.695585,125.640442,4.783909,0.040765,0.095051,-0.549239,-0.829241,-4.179469,116.620491,-11.906220,0.115216,0.295375,-0.546525,-0.775106,4.108118,136.729813,-9.435600,-0.064430,0.945596,-0.000893,0.318897,-4.995315,121.948883,24.281490,0.357041,0.926371,0.017624,-0.118524,10.277022,124.320580,35.963398,-0.085144,0.670797,0.434048,-0.595302,29.283106,106.895004,29.808367,0.127907,0.513224,0.488405,-0.694047,35.823112,121.807693,12.680255,0.028119,0.903792,0.272618,0.328709,-12.687641,82.627792,15.117476,0.092647,0.952272,-0.013853,0.290522,-8.110969,52.337540,-3.106511,-0.014390,0.936805,-0.006043,0.349505,-16.406864,8.162504,-4.340760,-0.133753,0.930434,-0.025013,0.340262,3.242471,82.989578,24.786808,-0.001493,0.880781,-0.216674,0.421039,11.507632,48.664658,29.690409,-0.013524,0.889250,-0.015303,0.456966,3.421893,7.922602,46.909134,-0.014390,0.936805,-0.006043,0.349505,-7.112822,2.090267,-14.773991,-0.013524,0.889250,-0.015303,0.456966,14.849502,1.662459,39.014587
609,5.075000,-0.000889,0.969538,-0.030079,0.243084,-4.675407,82.849327,19.799532,-0.056588,0.954940,0.047573,0.287445,-4.576836,90.477287,19.350523,0.000730,0.952862,0.028590,0.302053,-6.998667,108.165237,20.393583,0.114185,0.951610,-0.129251,0.254352,-7.319511,128.335938,21.503281,0.093173,0.955043,-0.215412,0.181133,-2.383365,141.354767,17.228582,0.023143,0.887542,0.167134,0.428719,-10.905978,122.113594,19.768309,0.126086,-0.372756,0.131546,-0.909863,-23.137091,125.685867,5.174649,0.035058,0.088600,-0.547297,-0.831497,-4.911713,116.848160,-11.927879,0.112265,0.291897,-0.546183,-0.777095,3.521783,136.909348,-9.542255,-0.064820,0.950609,-0.000119,0.303547,-4.816915,121.974602,24.055372,0.352062,0.929286,0.018809,-0.110124,10.823688,124.363556,35.235741,-0.090513,0.678575,0.428782,-0.589482,30.118824,107.127213,29.458836,0.134502,0.528808,0.478851,-0.687731,36.941181,121.979439,12.383633,0.029948,0.911482,0.273676,0.305622,-12.893313,82.696976,15.407308,0.085794,0.955135,-0.009377,0.283316,-8.876557,52.455532,-3.028518,-0.017243,0.936824,-0.006907,0.349308,-16.484642,8.161175,-4.408987,-0.129259,0.939014,-0.029636,0.317279,3.542500,83.001671,24.191757,-0.004909,0.887045,-0.225042,0.403091,11.525079,48.610493,29.099310,-0.007439,0.894681,-0.022635,0.446069,3.759023,8.202803,47.229008,-0.017243,0.936824,-0.006907,0.349308,-7.165929,2.095309,-14.823898,-0.007439,0.894681,-0.022635,0.446069,14.879712,1.678743,39.112949
610,5.083333,-0.000354,0.975777,-0.031610,0.216470,-4.628857,82.895920,19.648338,-0.054902,0.961287,0.046274,0.266031,-4.529562,90.522446,19.175755,-0.001368,0.958856,0.030330,0.282266,-6.858365,108.228424,20.244745,0.110344,0.956325,-0.126992,0.239041,-7.257283,128.394928,21.404266,0.092482,0.957527,-0.212687,0.171331,-2.531804,141.471100,17.067020,0.025250,0.893980,0.169919,0.413871,-10.873847,122.153175,19.806917,0.121023,-0.382361,0.129211,-0.906894,-23.585752,125.752701,5.636982,0.028220,0.081112,-0.545089,-0.833968,-5.712664,117.086349,-11.919024,0.108671,0.287996,-0.545307,-0.779673,2.883267,137.093140,-9.630352,-0.065820,0.956287,0.002874,0.284910,-4.612576,122.045181,23.839258,0.344962,0.932668,0.018072,-0.103952,11.447894,124.452301,34.403496,-0.102006,0.686180,0.420900,-0.584461,31.075457,107.493713,28.932583,0.136559,0.546019,0.464488,-0.683715,38.076439,122.441444,11.992285,0.031616,0.918991,0.274433,0.281322,-13.074739,82.761940,15.711596,0.079107,0.958237,-0.004425,0.274781,-9.642186,52.557396,-2.901894,-0.021676,0.937208,-0.008420,0.347995,-16.568378,8.157724,-4.475339,-0.125002,0.947768,-0.035054,0.291345,3.817026,83.029900,23.585077,-0.008067,0.895056,-0.233439,0.379890,11.534886,48.586540,28.549826,0.000435,0.901576,-0.031305,0.431487,4.209277,8.528733,47.615147,-0.021676,0.937208,-0.008420,0.347995,-7.234378,2.097017,-14.879558,0.000435,0.901576,-0.031305,0.431487,14.916602,1.688766,39.208511
611,5.091667,0.000298,0.981147,-0.033210,0.190388,-4.623495,82.952888,19.475883,-0.052601,0.967123,0.045425,0.244628,-4.522389,90.577827,18.978752,-0.002397,0.964449,0.032216,0.262289,-6.740682,108.299599,20.090454,0.106247,0.960823,-0.125457,0.223141,-7.175547,128.461182,21.320524,0.091440,0.960097,-0.209553,0.161061,-2.668069,141.587509,16.903460,0.027243,0.900542,0.172332,0.398227,-10.829024,122.208084,19.857231,0.117500,-0.393027,0.125794,-0.903272,-24.029150,125.817802,6.143643,0.021687,0.073878,-0.542553,-0.836485,-6.548309,117.344955,-11.895114,0.105153,0.283276,-0.544962,-0.782122,2.216244,137.286041,-9.704449,-0.067050,0.962229,0.007182,0.263759,-4.405759,122.116646,23.626608,0.334695,0.936766,0.015071,-0.101102,12.098026,124.543129,33.479172,-0.117267,0.692347,0.411645,-0.580906,32.126545,108.000694,28.190327,0.130668,0.560903,0.454190,-0.679725,39.174713,123.173500,11.425738,0.032713,0.925529,0.274784,0.258494,-13.267158,82.840492,15.994040,0.073115,0.961434,0.000756,0.265138,-10.361836,52.654720,-2.739276,-0.026082,0.937442,-0.010378,0.347007,-16.665316,8.171314,-4.547945,-0.122045,0.956209,-0.040533,0.262921,4.020168,83.065285,22.957727,-0.010795,0.904161,-0.242681,0.351401,11.579983,48.599365,28.008324,0.010014,0.910726,-0.041928,0.410756,4.788817,8.941877,48.081753,-0.026082,0.937442,-0.010378,0.347007,-7.310516,2.104378,-14.929822,0.010014,0.910726,-0.041928,0.410756,14.916569,1.724297,39.281834
612,5.100000,-0.000187,0.985655,-0.034963,0.165109,-4.611936,83.028305,19.302187,-0.050242,0.972491,0.045689,0.222822,-4.526530,90.651421,18.775024,-0.003116,0.969797,0.033305,0.241607,-6.634878,108.342278,19.961893,0.102592,0.965155,-0.123427,0.206679,-7.082127,128.500824,21.236601,0.089820,0.962785,-0.206114,0.149984,-2.788177,141.678406,16.759821,0.031092,0.906949,0.175026,0.381893,-10.774437,122.237488,19.922003,0.113182,-0.404104,0.123668,-0.899220,-24.459597,125.920036,6.712474,0.014997,0.065229,-0.539563,-0.839281,-7.418786,117.599045,-11.811521,0.102058,0.277821,-0.544467,-0.784828,1.541264,137.471893,-9.768469,-0.069044,0.968028,0.012314,0.240837,-4.195989,122.162643,23.413906,0.321128,0.941547,0.016852,-0.100413,12.745473,124.637459,32.480240,-0.131858,0.695401,0.403876,-0.579582,33.253078,108.696350,27.180668,0.117442,0.570085,0.447532,-0.678915,40.204021,124.132347,10.606530,0.033346,0.931552,0.274825,0.235734,-13.423101,82.917274,16.269054,0.067752,0.964676,0.005977,0.254508,-11.019057,52.736069,-2.542485,-0.030112,0.937485,-0.012132,0.346509,-16.759882,8.187890,-4.611692,-0.118781,0.964111,-0.045986,0.232952,4.199230,83.139336,22.335318,-0.013587,0.912999,-0.252760,0.319937,11.599525,48.651020,27.468596,0.017025,0.922022,-0.055905,0.382700,5.442809,9.448737,48.612259,-0.030112,0.937485,-0.012132,0.346509,-7.376587,2.116866,-14.965439,0.017025,0.922022,-0.055905,0.382700,14.831975,1.809324,39.360966
613,5.108333,-0.000521,0.989291,-0.036555,0.141302,-4.634664,83.108185,19.126038,-0.047005,0.977369,0.046857,0.200858,-4.563599,90.729561,18.572201,-0.003465,0.974834,0.034258,0.220256,-6.536945,108.398247,19.868286,0.098880,0.969077,-0.122956,0.189722,-6.978308,128.554077,21.186882,0.087858,0.965409,-0.202398,0.138931,-2.896056,141.765625,16.613197,0.034721,0.913236,0.176779,0.365436,-10.709003,122.282883,20.027403,0.108648,-0.415546,0.121829,-0.894804,-24.861437,126.014626,7.334146,0.008591,0.055828,-0.536600,-0.841944,-8.293973,117.841064,-11.678429,0.099877,0.272250,-0.543251,-0.787898,0.859237,137.653839,-9.821148,-0.071161,0.973682,0.019309,0.215656,-3.983695,122.220802,23.227608,0.305369,0.946146,0.017028,-0.106154,13.391659,124.744179,31.416977,-0.147608,0.695144,0.398422,-0.579868,34.359856,109.521446,25.816158,0.100661,0.572463,0.447812,-0.679424,41.094677,125.349411,9.483133,0.034422,0.936144,0.274296,0.217281,-13.581790,83.002304,16.520939,0.062666,0.967242,0.010920,0.245755,-11.630237,52.805592,-2.318071,-0.034737,0.937779,-0.013862,0.345213,-16.839720,8.205265,-4.652826,-0.115826,0.971243,-0.051271,0.201602,4.312463,83.214066,21.731136,-0.016707,0.921576,-0.262729,0.285294,11.595326,48.712963,26.945765,0.021948,0.934004,-0.072048,0.349233,6.239317,9.981304,49.148254,-0.034737,0.937779,-0.013862,0.345213,-7.438706,2.136506,-14.991810,0.021948,0.934004,-0.072048,0.349233,14.761331,1.896828,39.446712
614,5.116667,-0.000887,0.992207,-0.037237,0.118901,-4.667332,83.188919,18.921511,-0.043525,0.981620,0.049007,0.179239,-4.613122,90.809509,18.355225,-0.003510,0.979384,0.035008,0.198919,-6.449201,108.479797,19.791906,0.096342,0.972336,-0.123727,0.173127,-6.869483,128.633530,21.149111,0.085025,0.967920,-0.198692,0.128155,-2.961282,141.857361,16.460352,0.037881,0.919001,0.178634,0.349418,-10.635718,122.356461,20.146961,0.105315,-0.426897,0.120141,-0.890075,-25.222963,126.123871,7.966848,0.003190,0.046152,-0.533787,-0.844353,-9.140839,118.070564,-11.508157,0.098294,0.266613,-0.542190,-0.790750,0.190435,137.827484,-9.875023,-0.073278,0.978714,0.027986,0.189646,-3.777180,122.303925,23.050863,0.287416,0.950376,0.018409,-0.117638,13.994783,124.877151,30.322180,-0.162134,0.690055,0.397031,-0.583012,35.390984,110.509552,24.114059,0.084459,0.567487,0.454877,-0.681111,41.744537,126.812790,8.067794,0.035276,0.939951,0.273323,0.201350,-13.723087,83.089981,16.723249,0.058470,0.968817,0.015277,0.240294,-12.163518,52.859543,-2.098206,-0.038999,0.937868,-0.015558,0.344442,-16.927547,8.223778,-4.692743,-0.113297,0.977209,-0.056075,0.170536,4.388423,83.287849,21.119772,-0.020675,0.929622,-0.271973,0.247804,11.599512,48.782200,26.403648,0.028115,0.945621,-0.088583,0.311712,7.267154,10.508365,49.601139,-0.038999,0.937868,-0.015558,0.344442,-7.500871,2.155218,-15.008455,0.028115,0.945621,-0.088583,0.311712,14.781797,1.968563,39.466766
615,5.125000,-0.001011,0.994384,-0.037399,0.098998,-4.745515,83.272980,18.722469,-0.038879,0.985326,0.052046,0.157840,-4.704287,90.893394,18.152555,-0.004230,0.983542,0.035334,0.177139,-6.362773,108.567879,19.761927,0.094508,0.975097,-0.125359,0.156649,-6.783782,128.720459,21.135925,0.082139,0.970153,-0.195562,0.117527,-3.028907,141.942459,16.318424,0.041373,0.924095,0.179974,0.334584,-10.571599,122.431839,20.301590,0.104985,-0.438149,0.117719,-0.884955,-25.541267,126.246468,8.609972,-0.000551,0.036253,-0.531115,-0.846524,-9.944664,118.284248,-11.292681,0.096855,0.260009,-0.541358,-0.793692,-0.453670,137.983948,-9.935040,-0.074172,0.983290,0.039831,0.161407,-3.591136,122.400574,22.899109,0.267305,0.953833,0.022150,-0.135134,14.559839,124.977409,29.163153,-0.178169,0.680648,0.398149,-0.588602,36.313057,111.618065,22.015297,0.068693,0.556869,0.458663,-0.689062,42.101906,128.519363,6.345987,0.035650,0.943054,0.271703,0.188561,-13.882104,83.185242,16.888365,0.054736,0.969811,0.019517,0.236833,-12.626468,52.893745,-1.857504,-0.042791,0.938015,-0.016826,0.343532,-16.984556,8.233240,-4.725423,-0.111031,0.982295,-0.060541,0.138215,4.391072,83.360718,20.556572,-0.024765,0.936610,-0.280433,0.208580,11.569767,48.855965,25.890144,0.033062,0.956256,-0.106305,0.270519,8.395465,11.019146,49.974953,-0.042791,0.938015,-0.016826,0.343532,-7.539112,2.171050,-15.027705,0.033062,0.956256,-0.106305,0.270519,14.798072,2.019679,39.481155
616,5.133333,-0.000583,0.996037,-0.036722,0.081009,-4.835809,83.360931,18.521198,-0.033775,0.988490,0.054307,0.137106,-4.799213,90.982124,17.961464,-0.005432,0.987128,0.036618,0.155588,-6.255854,108.673820,19.711332,0.093313,0.977413,-0.127361,0.140481,-6.702716,128.822189,21.137770,0.079208,0.972087,-0.193279,0.106851,-3.083395,142.033997,16.190329,0.044842,0.928557,0.182208,0.320269,-10.496381,122.518494,20.458235,0.104763,-0.448665,0.116417,-0.879870,-25.817684,126.392960,9.251882,-0.003663,0.026217,-0.529497,-0.847899,-10.699354,118.469986,-11.031833,0.097884,0.251940,-0.541024,-0.796391,-1.105225,138.139252,-9.972653,-0.074061,0.986970,0.053720,0.132360,-3.409276,122.513489,22.749054,0.245820,0.955767,0.027061,-0.159215,15.072974,125.070251,27.964952,-0.194514,0.667883,0.401586,-0.595672,37.034878,112.841942,19.544167,0.050662,0.538269,0.459654,-0.704570,42.146770,130.421158,4.317328,0.035758,0.945497,0.269669,0.178983,-14.032761,83.294670,17.017689,0.051556,0.970569,0.023607,0.234053,-13.002120,52.925217,-1.615436,-0.045296,0.938272,-0.018078,0.342444,-17.005108,8.250165,-4.761080,-0.108475,0.986358,-0.065012,0.105382,4.361143,83.427200,20.024710,-0.028212,0.942359,-0.288893,0.166445,11.500380,48.922466,25.411144,0.034555,0.965471,-0.124663,0.226120,9.567061,11.535204,50.315636,-0.045296,0.938272,-0.018078,0.342444,-7.559322,2.180898,-15.058881,0.034555,0.965471,-0.124663,0.226120,14.804491,2.097015,39.564198
617,5.141667,-0.000202,0.997238,-0.034885,0.065565,-4.915656,83.444450,18.310101,-0.028845,0.990982,0.056578,0.117994,-4.883776,91.067657,17.778206,-0.006648,0.990038,0.038223,0.135354,-6.144439,108.800575,19.661118,0.091921,0.979355,-0.129434,0.125147,-6.619464,128.943497,21.153854,0.076504,0.973604,-0.192201,0.096443,-3.138222,142.144852,16.081047,0.048109,0.932881,0.183794,0.306003,-10.410521,122.624718,20.614130,0.106126,-0.458207,0.114706,-0.875001,-26.066231,126.542877,9.895790,-0.005801,0.015465,-0.528502,-0.848771,-11.385714,118.643211,-10.715941,0.098297,0.243390,-0.541821,-0.798454,-1.723132,138.301529,-10.006107,-0.072409,0.989644,0.068630,0.103203,-3.235941,122.645714,22.614101,0.221560,0.956007,0.023167,-0.190852,15.521804,125.147858,26.764084,-0.212504,0.653047,0.403012,-0.604941,37.497669,114.152077,16.818222,0.032498,0.514086,0.457173,-0.725019,41.748913,132.449356,2.019670,0.035656,0.947688,0.267320,0.170753,-14.154804,83.398071,17.091576,0.048994,0.970983,0.026580,0.232564,-13.309653,52.938156,-1.402706,-0.047114,0.938498,-0.018427,0.341559,-17.031864,8.253357,-4.748323,-0.105517,0.989480,-0.069575,0.070383,4.323492,83.490837,19.528627,-0.031718,0.946209,-0.296668,0.125181,11.417546,48.984764,24.965916,0.035346,0.972661,-0.142225,0.180146,10.776726,12.025812,50.566776,-0.047114,0.938498,-0.018427,0.341559,-7.586215,2.193245,-15.051635,0.035346,0.972661,-0.142225,0.180146,14.808061,2.182868,39.659519
618,5.150000,0.000146,0.998076,-0.032516,0.052800,-4.985356,83.527664,18.112261,-0.023815,0.992889,0.058529,0.100894,-4.956882,91.153305,17.616371,-0.007426,0.992303,0.040174,0.116900,-6.015690,108.926216,19.612478,0.089713,0.980990,-0.131567,0.110909,-6.503217,129.062515,21.188229,0.073709,0.974683,-0.192480,0.086667,-3.177558,142.256592,15.993531,0.051100,0.936894,0.185572,0.291858,-10.290265,122.732224,20.768721,0.109552,-0.467884,0.111688,-0.869833,-26.262140,126.685822,10.541101,-0.007231,0.005125,-0.527705,-0.849381,-12.020552,118.817314,-10.388054,0.098091,0.234403,-0.544344,-0.799452,-2.313049,138.459808,-10.029928,-0.069674,0.991234,0.085519,0.072708,-3.046506,122.772026,22.501139,0.197557,0.953648,0.038869,-0.223643,15.934150,125.207123,25.524532,-0.221744,0.630388,0.409957,-0.620787,37.722771,115.679146,13.809617,0.011969,0.486541,0.454783,-0.745860,40.852665,134.533173,-0.556940,0.035561,0.949543,0.264766,0.164323,-14.252663,83.498383,17.129950,0.046671,0.971500,0.029601,0.230508,-13.558290,52.941113,-1.209341,-0.048529,0.938841,-0.018758,0.340397,-17.022068,8.251598,-4.762930,-0.102379,0.991316,-0.073850,0.036848,4.281951,83.556938,19.094574,-0.033856,0.948747,-0.303291,0.082144,11.323116,49.048054,24.582518,0.035176,0.977576,-0.157664,0.135094,11.971277,12.459022,50.709152,-0.048529,0.938841,-0.018758,0.340397,-7.587274,2.196348,-15.079030,0.035176,0.977576,-0.157664,0.135094,14.833823,2.275684,39.745174
619,5.158333,0.000800,0.998640,-0.029996,0.042632,-5.040235,83.613983,17.934328,-0.020260,0.994302,0.061122,0.084959,-5.008485,91.242020,17.477032,-0.007519,0.994166,0.041927,0.099089,-5.918796,109.057846,19.598688,0.087596,0.982406,-0.133559,0.096781,-6.388704,129.188278,21.252872,0.071304,0.975424,-0.193946,0.076479,-3.218364,142.375427,15.944740,0.054591,0.940573,0.186607,0.278426,-10.176043,122.851517,20.949696,0.111774,-0.476096,0.110524,-0.865231,-26.430431,126.854233,11.197303,-0.009802,-0.006979,-0.527409,-0.849526,-12.586123,118.962585,-9.988145,0.095707,0.224239,-0.548036,-0.800133,-2.862180,138.609543,-10.021328,-0.065224,0.991591,0.104297,0.040190,-2.874995,122.900978,22.421837,0.172120,0.948694,0.052687,-0.259958,16.271173,125.244560,24.229557,-0.227527,0.606040,0.414556,-0.639602,37.627220,117.313210,10.673049,-0.005914,0.455100,0.446529,-0.770364,39.498333,136.580673,-3.348607,0.036522,0.951085,0.262069,0.159446,-14.325619,83.605026,17.140356,0.044326,0.971968,0.031905,0.228681,-13.823011,52.951420,-1.043779,-0.050121,0.939108,-0.019028,0.339414,-17.041279,8.255452,-4.744050,-0.098777,0.992122,-0.076882,0.005094,4.245149,83.622932,18.728300,-0.036639,0.949551,-0.308500,0.042880,11.203538,49.094978,24.201874,0.032862,0.980350,-0.171821,0.091164,13.142577,12.810212,50.686485,-0.050121,0.939108,-0.019028,0.339414,-7.611156,2.208759,-15.069442,0.032862,0.980350,-0.171821,0.091164,14.903307,2.330320,39.769749
620,5.166667,0.001266,0.999022,-0.026808,0.035142,-5.087191,83.702919,17.760841,-0.017164,0.995355,0.062801,0.070923,-5.053456,91.333710,17.352192,-0.006254,0.995539,0.044821,0.082795,-5.829811,109.204391,19.561485,0.084584,0.983639,-0.135664,0.083036,-6.231342,129.325394,21.343584,0.068849,0.975845,-0.196471,0.066220,-3.240562,142.508240,15.921760,0.057844,0.943862,0.187860,0.265496,-10.030949,122.992340,21.129162,0.115899,-0.484325,0.108554,-0.860356,-26.543695,127.040359,11.840509,-0.011402,-0.018105,-0.527195,-0.849475,-13.095559,119.112442,-9.585238,0.093383,0.214246,-0.551537,-0.800740,-3.377872,138.748367,-9.995707,-0.060117,0.990648,0.122226,0.007965,-2.685492,123.029800,22.361174,0.145129,0.940914,0.059603,-0.300110,16.545620,125.299660,22.951601,-0.229614,0.581358,0.415264,-0.660951,37.163414,119.008026,7.521477,-0.017170,0.421482,0.432300,-0.796978,37.662262,138.540405,-6.310870,0.037470,0.952281,0.259523,0.156222,-14.383419,83.708939,17.105862,0.042188,0.972174,0.033850,0.227930,-14.036886,52.965660,-0.929937,-0.051292,0.939391,-0.019462,0.338429,-17.031345,8.264557,-4.754038,-0.095482,0.992046,-0.078957,-0.022221,4.209037,83.696899,18.415823,-0.038932,0.948792,-0.313409,0.007309,11.086882,49.146374,23.848619,0.031584,0.980985,-0.184452,0.051459,14.202666,13.151705,50.615299,-0.051292,0.939391,-0.019462,0.338429,-7.611212,2.217679,-15.088447,0.031584,0.980985,-0.184452,0.051459,14.960764,2.414200,39.834068
621,5.175000,0.001963,0.999266,-0.023559,0.030132,-5.132229,83.795670,17.615475,-0.013234,0.996145,0.064205,0.058291,-5.091399,91.428932,17.256573,-0.004034,0.996576,0.047529,0.067532,-5.702674,109.333015,19.538692,0.079696,0.985011,-0.136606,0.068860,-5.994823,129.444824,21.441614,0.066498,0.976027,-0.199850,0.054853,-3.242926,142.645035,15.936195,0.061251,0.946987,0.189344,0.252216,-9.816315,123.122704,21.309908,0.119567,-0.493086,0.106616,-0.855104,-26.579718,127.220596,12.504703,-0.013494,-0.028939,-0.526809,-0.849384,-13.563481,119.261047,-9.174530,0.090659,0.204789,-0.555992,-0.800447,-3.850699,138.887756,-9.940086,-0.056272,0.988345,0.139282,-0.024666,-2.436343,123.134781,22.315292,0.117924,0.930301,0.063024,-0.341557,16.790979,125.422844,21.674381,-0.225010,0.555483,0.413072,-0.685698,36.378105,120.747635,4.433355,-0.017696,0.385759,0.413212,-0.824702,35.380127,140.322784,-9.374351,0.038122,0.953338,0.257244,0.153358,-14.434505,83.818993,17.053415,0.040724,0.972254,0.035007,0.227682,-14.213003,52.995289,-0.846538,-0.051960,0.939441,-0.019967,0.338159,-17.056858,8.290442,-4.741133,-0.093145,0.991535,-0.079464,-0.043210,4.170047,83.772339,18.177534,-0.040746,0.947356,-0.316727,-0.023267,10.998915,49.196114,23.507647,0.028156,0.980166,-0.195422,0.017068,15.132899,13.402477,50.405674,-0.051960,0.939441,-0.019967,0.338159,-7.636624,2.237274,-15.071754,0.028156,0.980166,-0.195422,0.017068,15.072021,2.448586,39.817383
622,5.183333,0.002960,0.999404,-0.021014,0.027210,-5.175157,83.881378,17.492849,-0.007016,0.996818,0.065213,0.045308,-5.121200,91.516296,17.173107,-0.002670,0.997411,0.050340,0.051274,-5.480968,109.444321,19.512581,0.074395,0.986170,-0.137727,0.054447,-5.692882,129.545380,21.535913,0.063028,0.976122,-0.203228,0.043726,-3.194761,142.760941,15.946956,0.063497,0.950016,0.190875,0.238756,-9.522270,123.226799,21.493935,0.125020,-0.503355,0.101246,-0.848972,-26.530886,127.329956,13.174850,-0.014731,-0.037433,-0.526024,-0.849518,-13.998005,119.436172,-8.811084,0.088429,0.196646,-0.557965,-0.801365,-4.284769,139.021484,-9.863787,-0.053855,0.984970,0.153871,-0.057079,-2.113389,123.228027,22.257755,0.089449,0.917155,0.056677,-0.384205,17.021585,125.623703,20.400434,-0.217595,0.531641,0.405446,-0.711072,35.280708,122.428604,1.448862,-0.008720,0.351383,0.386163,-0.852838,32.731449,141.869873,-12.498357,0.038876,0.954121,0.255048,0.151959,-14.480467,83.925865,16.984844,0.039569,0.971653,0.035680,0.230331,-14.361840,53.026054,-0.784419,-0.052097,0.939448,-0.020446,0.338091,-17.080305,8.317148,-4.721735,-0.092192,0.990667,-0.079461,-0.061371,4.130153,83.836891,18.000853,-0.041722,0.945569,-0.319256,-0.047264,10.988833,49.248043,23.209393,0.027762,0.978396,-0.204668,-0.008985,15.893594,13.606271,50.179493,-0.052097,0.939448,-0.020446,0.338091,-7.661402,2.253005,-15.047136,0.027762,0.978396,-0.204668,-0.008985,15.182185,2.474084,39.802994
623,5.191667,0.004304,0.999465,-0.018775,0.026438,-5.226794,83.964119,17.377562,0.001518,0.997318,0.066040,0.031505,-5.153463,91.600243,17.092503,-0.002668,0.998035,0.052920,0.033437,-5.173956,109.556534,19.480291,0.068610,0.987159,-0.138880,0.039018,-5.353064,129.646820,21.610867,0.059352,0.976170,-0.206272,0.031963,-3.131776,142.877441,15.941228,0.065196,0.952844,0.192638,0.225228,-9.169098,123.320351,21.673677,0.124447,-0.513281,0.099685,-0.843279,-26.412449,127.408554,13.844897,-0.019848,-0.048008,-0.525342,-0.849304,-14.397919,119.564941,-8.446254,0.084809,0.188560,-0.557723,-0.803864,-4.687181,139.149002,-9.775286,-0.053759,0.980186,0.167816,-0.090467,-1.737706,123.333656,22.172897,0.061224,0.902229,0.046708,-0.424327,17.206799,125.963631,19.086586,-0.203459,0.509071,0.392161,-0.738689,33.971455,124.085739,-1.363018,0.007289,0.317747,0.358779,-0.877645,29.767286,143.076660,-15.669887,0.038471,0.954769,0.253120,0.151219,-14.532696,84.035042,16.883556,0.039195,0.971188,0.035829,0.232322,-14.422541,53.063156,-0.759839,-0.051768,0.939382,-0.021172,0.338279,-17.097137,8.352554,-4.707914,-0.093670,0.989991,-0.078689,-0.070366,4.079108,83.893188,17.871567,-0.041920,0.943964,-0.321250,-0.063025,11.084725,49.315216,22.955254,0.027587,0.976411,-0.212304,-0.028080,16.464052,13.789829,49.988358,-0.051768,0.939382,-0.021172,0.338279,-7.679857,2.266482,-15.021891,0.027587,0.976411,-0.212304,-0.028080,15.279643,2.513709,39.812416
624,5.200000,0.005342,0.999481,-0.016485,0.027173,-5.265807,84.042564,17.270903,0.011420,0.997621,0.065874,0.016809,-5.177359,91.679779,17.021297,-0.003977,0.998369,0.055175,0.014122,-4.803638,109.682510,19.415703,0.064775,0.987915,-0.138859,0.023380,-4.995555,129.762619,21.639278,0.054332,0.976129,-0.209364,0.019653,-3.000480,143.012207,15.929977,0.066611,0.955532,0.194836,0.211093,-8.776433,123.417351,21.821081,0.123213,-0.523317,0.098099,-0.837457,-26.251522,127.477180,14.508409,-0.025812,-0.059010,-0.524306,-0.849091,-14.771949,119.702744,-8.086811,0.079625,0.180581,-0.556530,-0.807047,-5.058964,139.280762,-9.689529,-0.055939,0.974772,0.178540,-0.121710,-1.331488,123.464882,22.034378,0.033452,0.885549,0.034609,-0.462045,17.346884,126.419655,17.824402,-0.183368,0.490191,0.372688,-0.766285,32.478378,125.696884,-3.930636,0.028375,0.286217,0.329500,-0.899280,26.618635,143.907166,-18.834394,0.039124,0.955061,0.251119,0.152536,-14.570786,84.133736,16.763052,0.038503,0.970710,0.035805,0.234429,-14.503884,53.093548,-0.760110,-0.051295,0.939317,-0.021639,0.338502,-17.110107,8.377957,-4.697420,-0.096502,0.989643,-0.077229,-0.073010,4.039171,83.951401,17.778751,-0.043397,0.943439,-0.321859,-0.066680,11.249524,49.395599,22.725079,0.028113,0.974588,-0.218641,-0.039806,16.861378,13.916704,49.771969,-0.051295,0.939317,-0.021639,0.338502,-7.694606,2.275152,-15.003127,0.028113,0.974588,-0.218641,-0.039806,15.378441,2.521801,39.768936
625,5.208333,0.006241,0.999449,-0.014652,0.029115,-5.297657,84.126167,17.172668,0.021744,0.997631,0.065249,0.001115,-5.195807,91.764091,16.951632,-0.005816,0.998331,0.057061,-0.006816,-4.407699,109.817123,19.325161,0.062120,0.988295,-0.139126,0.007588,-4.626618,129.887939,21.628588,0.048164,0.976092,-0.211812,0.007828,-2.826752,143.147827,15.878460,0.067389,0.958226,0.196936,0.196160,-8.358754,123.519112,21.944195,0.130570,-0.535248,0.088017,-0.829888,-26.065451,127.517990,15.175301,-0.026461,-0.065736,-0.522231,-0.849855,-15.156039,119.939819,-7.766412,0.075799,0.173132,-0.555345,-0.809859,-5.410807,139.415466,-9.604182,-0.061995,0.970222,0.181672,-0.147718,-0.911799,123.611404,21.847769,0.006585,0.866751,0.022295,-0.498198,17.467394,126.981827,16.730967,-0.157429,0.477300,0.346845,-0.791896,30.815310,127.268150,-6.171375,0.054975,0.260729,0.297106,-0.916911,23.409977,144.323105,-21.937714,0.039688,0.955289,0.248974,0.154463,-14.600404,84.234474,16.628595,0.037458,0.970653,0.036302,0.234759,-14.561664,53.120995,-0.764175,-0.050611,0.939534,-0.022340,0.337957,-17.064926,8.401492,-4.723787,-0.100324,0.989848,-0.074498,-0.067718,4.005089,84.017860,17.716742,-0.044953,0.943301,-0.322709,-0.063413,11.444205,49.486141,22.489452,0.028872,0.972875,-0.224801,-0.046323,17.097807,14.068916,49.608372,-0.050611,0.939534,-0.022340,0.337957,-7.671477,2.272445,-15.034045,0.028872,0.972875,-0.224801,-0.046323,15.442249,2.556664,39.768112
626,5.216667,0.006250,0.999403,-0.013169,0.031317,-5.297183,84.213234,17.082457,0.031926,0.997369,0.063122,-0.015869,-5.195410,91.851791,16.884296,-0.008087,0.997724,0.060124,-0.029445,-3.992071,109.987381,19.172186,0.059580,0.988434,-0.139176,-0.008922,-4.246573,130.042404,21.605740,0.041830,0.975828,-0.214465,-0.003844,-2.644887,143.314316,15.824792,0.066543,0.960903,0.198700,0.180987,-7.916411,123.645103,22.049793,0.126927,-0.545660,0.085780,-0.823885,-25.849205,127.516090,15.823540,-0.033890,-0.077266,-0.520329,-0.849788,-15.515882,120.096970,-7.434674,0.069449,0.165063,-0.552981,-0.813722,-5.748709,139.553421,-9.535326,-0.070773,0.966064,0.181056,-0.170087,-0.482152,123.791672,21.619421,-0.034476,0.847546,-0.023842,-0.529064,17.576418,127.634109,15.749182,-0.148028,0.474985,0.308854,-0.810608,29.182512,128.514557,-8.068651,0.084090,0.246585,0.257554,-0.930479,20.314554,144.400864,-24.878651,0.040220,0.955597,0.247114,0.155408,-14.597443,84.321968,16.497568,0.037031,0.970894,0.036151,0.233853,-14.599626,53.145729,-0.782503,-0.050312,0.939586,-0.022678,0.337837,-17.072578,8.422372,-4.717605,-0.103928,0.990265,-0.071357,-0.059007,4.003078,84.104500,17.667347,-0.046553,0.943608,-0.323159,-0.054810,11.640138,49.592598,22.267660,0.027477,0.971554,-0.230063,-0.048988,17.183294,14.214691,49.460583,-0.050312,0.939586,-0.022678,0.337837,-7.686240,2.281240,-15.027140,0.027477,0.971554,-0.230063,-0.048988,15.489040,2.596091,39.752800
627,5.225000,0.005659,0.999366,-0.013220,0.032563,-5.270480,84.317764,17.015226,0.042211,0.996621,0.062436,-0.032665,-5.177472,91.956413,16.816116,-0.011237,0.996786,0.060334,-0.051496,-3.558435,110.100731,19.049419,0.057605,0.988473,-0.137878,-0.024351,-3.885505,130.152298,21.502907,0.035121,0.975556,-0.216436,-0.014597,-2.456835,143.449280,15.734248,0.065992,0.963343,0.201208,0.164715,-7.475173,123.722336,22.103245,0.122305,-0.556167,0.083124,-0.817808,-25.628778,127.469757,16.469431,-0.041649,-0.089217,-0.517817,-0.849807,-15.885481,120.259003,-7.106824,0.062291,0.157393,-0.551661,-0.816711,-6.081469,139.689850,-9.482148,-0.081202,0.960791,0.182948,-0.191877,-0.068403,123.935471,21.348711,-0.070178,0.827409,-0.052719,-0.554698,17.623152,128.318634,14.781136,-0.137737,0.474669,0.269121,-0.826615,27.558231,129.846817,-9.748955,0.111490,0.248963,0.208004,-0.939320,17.434624,144.253235,-27.532265,0.041001,0.955899,0.245347,0.156141,-14.569394,84.415146,16.407288,0.036614,0.971196,0.036294,0.232638,-14.632386,53.181396,-0.768501,-0.049599,0.939673,-0.023178,0.337665,-17.070904,8.456224,-4.704357,-0.106687,0.990781,-0.067841,-0.048673,4.028435,84.220390,17.623165,-0.049189,0.944124,-0.323080,-0.042767,11.799433,49.715027,22.044741,0.026392,0.970179,-0.235728,-0.049880,17.218285,14.355225,49.286247,-0.049599,0.939673,-0.023178,0.337665,-7.698075,2.294321,-15.013798,0.026392,0.970179,-0.235728,-0.049880,15.523630,2.622248,39.717083
628,5.233333,0.004757,0.999385,-0.013881,0.031841,-5.204412,84.421097,16.940329,0.047168,0.995539,0.063981,-0.050839,-5.124999,92.059616,16.730623,-0.014202,0.995244,0.060482,-0.075025,-3.278464,110.214928,18.984758,0.057409,0.987735,-0.139691,-0.039629,-3.666239,130.262711,21.460123,0.030136,0.975250,-0.217760,-0.023655,-2.363772,143.542770,15.623008,0.065732,0.965343,0.202415,0.151066,-7.167490,123.801483,22.224459,0.118819,-0.565072,0.080789,-0.812434,-25.489426,127.444969,17.089495,-0.049739,-0.103270,-0.515813,-0.848998,-16.255167,120.405212,-6.741925,0.052291,0.147062,-0.549313,-0.820911,-6.467763,139.827530,-9.460544,-0.088108,0.955310,0.185117,-0.212958,0.193809,124.079620,21.124969,-0.107873,0.808321,-0.079806,-0.573247,17.509388,128.868500,13.874203,-0.138512,0.479596,0.225258,-0.836696,25.979340,131.065994,-11.149732,0.126557,0.263313,0.150472,-0.944462,14.879140,143.971115,-29.886267,0.041585,0.956535,0.243853,0.154423,-14.504367,84.501472,16.346001,0.036171,0.971646,0.036544,0.230784,-14.655568,53.219055,-0.740449,-0.049231,0.939912,-0.023946,0.337000,-17.057688,8.492610,-4.684310,-0.108699,0.991261,-0.064833,-0.037199,4.095543,84.340729,17.534657,-0.051125,0.944579,-0.322870,-0.030184,11.948850,49.837795,21.827913,0.025833,0.968923,-0.241248,-0.048169,17.168020,14.483222,49.115162,-0.049231,0.939912,-0.023946,0.337000,-7.706264,2.305975,-14.998378,0.025833,0.968923,-0.241248,-0.048169,15.526472,2.638510,39.675270
629,5.241667,0.003288,0.999484,-0.015172,0.028122,-5.107359,84.534088,16.859934,0.046406,0.994554,0.062493,-0.069307,-5.050604,92.172203,16.629578,-0.015867,0.992912,0.065158,-0.098120,-3.186540,110.410141,18.805595,0.058628,0.986458,-0.143070,-0.054726,-3.564809,130.432159,21.482723,0.027331,0.974622,-0.219833,-0.032224,-2.352693,143.672256,15.536362,0.065925,0.967008,0.203112,0.138910,-6.992923,123.944489,22.347870,0.114770,-0.571916,0.082195,-0.808074,-25.450457,127.507820,17.661915,-0.058144,-0.118875,-0.514320,-0.847327,-16.640972,120.506119,-6.340908,0.041846,0.135528,-0.548048,-0.824333,-6.919884,139.949341,-9.451143,-0.089419,0.950157,0.188395,-0.231762,0.308064,124.274406,20.912010,-0.142940,0.790859,-0.100284,-0.586560,17.290586,129.258240,13.032201,-0.145963,0.486707,0.181990,-0.841838,24.475521,132.133102,-12.322834,0.127650,0.280329,0.094278,-0.946696,12.701917,143.612183,-31.937265,0.041903,0.957471,0.242737,0.150237,-14.411690,84.587395,16.335125,0.035647,0.972367,0.037099,0.227717,-14.672068,53.268154,-0.682396,-0.048192,0.940297,-0.024819,0.336010,-17.029408,8.541998,-4.656397,-0.109090,0.991534,-0.063315,-0.030847,4.196970,84.480774,17.384743,-0.052373,0.944773,-0.322802,-0.021426,12.047380,49.970058,21.620348,0.025212,0.967484,-0.247247,-0.046980,17.119083,14.623171,48.945324,-0.048192,0.940297,-0.024819,0.336010,-7.714753,2.320331,-14.982653,0.025212,0.967484,-0.247247,-0.046980,15.519253,2.659339,39.649590
630,5.250000,0.002211,0.999653,-0.016619,0.020326,-4.975907,84.639015,16.749445,0.044960,0.993318,0.061171,-0.086920,-4.936957,92.276520,16.496222,-0.018620,0.990303,0.069785,-0.118674,-3.087138,110.569885,18.600473,0.057661,0.985103,-0.146750,-0.068643,-3.497571,130.562836,21.482267,0.026463,0.974034,-0.221287,-0.039868,-2.431211,143.765366,15.425494,0.066917,0.968435,0.203949,0.126728,-6.840883,124.041855,22.425392,0.118431,-0.579390,0.077615,-0.802656,-25.418684,127.554337,18.198833,-0.061306,-0.130793,-0.513621,-0.845771,-17.026608,120.613266,-5.970582,0.034256,0.124174,-0.550603,-0.824769,-7.401273,140.050781,-9.447074,-0.088683,0.944847,0.192482,-0.249700,0.392310,124.439896,20.694096,-0.169395,0.775851,-0.111746,-0.597389,17.045275,129.548889,12.213943,-0.153448,0.491622,0.145542,-0.844736,23.112354,132.977615,-13.363396,0.118404,0.295302,0.053795,-0.946511,10.883667,143.208115,-33.628483,0.042406,0.958809,0.241526,0.143362,-14.287387,84.673920,16.370052,0.034720,0.973596,0.038409,0.222330,-14.717513,53.315880,-0.572406,-0.047487,0.940797,-0.026024,0.334617,-16.989483,8.592757,-4.629436,-0.108209,0.991671,-0.063652,-0.028782,4.335572,84.604103,17.128838,-0.051767,0.944660,-0.323362,-0.019374,12.116114,50.082779,21.406725,0.024288,0.966080,-0.252930,-0.046117,17.077173,14.762756,48.786690,-0.047487,0.940797,-0.026024,0.334617,-7.717879,2.330495,-14.969882,0.024288,0.966080,-0.252930,-0.046117,15.516874,2.687232,39.629684
631,5.258333,0.001156,0.999788,-0.018467,0.009016,-4.822111,84.735580,16.628132,0.059685,0.991846,0.068962,-0.089018,-4.801901,92.372154,16.346117,-0.022182,0.990959,0.061677,-0.117063,-2.406557,110.397766,18.658842,0.037162,0.986264,-0.142505,-0.074793,-3.003036,130.427917,21.233452,0.025776,0.973525,-0.222237,-0.046856,-2.546824,143.732635,15.325462,0.065407,0.970418,0.205906,0.107769,-6.293434,123.893013,22.262354,0.124575,-0.593381,0.062084,-0.792796,-25.051249,127.212181,18.731977,-0.064286,-0.137944,-0.514915,-0.843624,-17.414110,120.683327,-5.799928,0.030381,0.114841,-0.553130,-0.824583,-7.955462,140.108887,-9.449066,-0.097911,0.937430,0.193154,-0.272634,0.943250,124.328003,20.554693,-0.181079,0.761439,-0.111491,-0.612364,17.065329,129.924850,11.384645,-0.155445,0.492224,0.121999,-0.847743,21.954784,133.615433,-14.407578,0.106681,0.305819,0.026104,-0.945734,9.421367,142.902451,-34.966217,0.043251,0.960187,0.240566,0.135268,-14.139840,84.754028,16.459730,0.033646,0.974837,0.040135,0.216678,-14.780580,53.368176,-0.424483,-0.046558,0.941332,-0.027448,0.333127,-16.948154,8.650640,-4.598514,-0.106224,0.991661,-0.065469,-0.032238,4.495618,84.717140,16.796535,-0.051373,0.944414,-0.324167,-0.018970,12.155652,50.182213,21.180765,0.023657,0.964534,-0.258803,-0.046210,17.071753,14.905390,48.624462,-0.046558,0.941332,-0.027448,0.333127,-7.725132,2.339773,-14.952846,0.023657,0.964534,-0.258803,-0.046210,15.522898,2.717709,39.615303
632,5.266667,-0.000166,0.999797,-0.019588,-0.004802,-4.645504,84.806366,16.474924,0.057538,0.990649,0.068150,-0.103249,-4.649476,92.442307,16.175625,-0.023861,0.988979,0.064139,-0.131292,-2.301412,110.484444,18.433220,0.031034,0.985336,-0.143993,-0.086114,-2.914685,130.498962,21.122950,0.026400,0.972920,-0.223459,-0.052882,-2.722450,143.798080,15.187902,0.066318,0.971734,0.205800,0.094774,-6.144743,123.943886,22.213013,0.124610,-0.600924,0.061608,-0.787126,-24.999887,127.196648,19.173399,-0.067608,-0.148473,-0.515998,-0.840911,-17.837221,120.655426,-5.497940,0.029612,0.106571,-0.555820,-0.823911,-8.549178,140.132904,-9.444963,-0.098442,0.933299,0.192985,-0.286389,1.038149,124.420860,20.301601,-0.184289,0.751868,-0.107796,-0.623788,16.858259,130.122299,10.681118,-0.153584,0.492516,0.111656,-0.849337,20.936844,133.903625,-15.238621,0.101345,0.310246,0.013362,-0.945144,8.272536,142.716904,-35.978577,0.044137,0.961673,0.239526,0.125954,-13.964343,84.805023,16.564470,0.032696,0.975954,0.042086,0.211363,-14.839479,53.389080,-0.253113,-0.046107,0.941860,-0.028150,0.331635,-16.909090,8.680299,-4.568268,-0.102514,0.991500,-0.068638,-0.041333,4.673337,84.807709,16.385376,-0.050775,0.943859,-0.325593,-0.023279,12.121636,50.247860,20.934933,0.023241,0.962902,-0.264577,-0.047733,17.113008,15.048901,48.464882,-0.046107,0.941860,-0.028150,0.331635,-7.727074,2.344362,-14.943716,0.023241,0.962902,-0.264577,-0.047733,15.537969,2.754421,39.606640
633,5.275000,-0.001735,0.999582,-0.021075,-0.019736,-4.463334,84.850815,16.320427,0.055640,0.989300,0.067538,-0.116737,-4.496203,92.485779,15.998989,-0.026928,0.987015,0.065646,-0.144108,-2.185285,110.565948,18.213978,0.025020,0.984360,-0.145362,-0.096327,-2.876979,130.566269,20.988916,0.027153,0.972366,-0.224360,-0.058566,-2.936997,143.858200,15.034988,0.066086,0.972993,0.205162,0.082618,-6.029773,123.983719,22.138006,0.123391,-0.608615,0.062019,-0.781355,-24.969664,127.131989,19.548592,-0.071627,-0.157441,-0.517327,-0.838126,-18.302902,120.581078,-5.258787,0.030100,0.099483,-0.559434,-0.822333,-9.184732,140.121658,-9.427175,-0.098523,0.929794,0.192274,-0.298005,1.098223,124.520554,20.045536,-0.179924,0.745027,-0.102940,-0.634008,16.654676,130.290192,10.043331,-0.145372,0.490220,0.113849,-0.851816,20.136036,133.937057,-15.982553,0.106178,0.307386,0.017058,-0.945489,7.380623,142.634888,-36.715416,0.045149,0.963068,0.239061,0.115373,-13.775290,84.826233,16.688795,0.031882,0.976531,0.043775,0.208457,-14.908835,53.400887,-0.095768,-0.046236,0.942301,-0.028647,0.330320,-16.888029,8.700430,-4.537679,-0.098179,0.991207,-0.071866,-0.052016,4.848622,84.875397,15.952058,-0.050879,0.943148,-0.327261,-0.027988,12.052746,50.285866,20.666283,0.022065,0.961192,-0.270294,-0.050641,17.191795,15.185753,48.295094,-0.046236,0.942301,-0.028647,0.330320,-7.735630,2.351056,-14.931065,0.022065,0.961192,-0.270294,-0.050641,15.573057,2.786915,39.591534
634,5.283333,-0.003300,0.999144,-0.022008,-0.034886,-4.277863,84.868874,16.153017,0.052188,0.987928,0.067614,-0.129244,-4.339985,92.503105,15.818700,-0.029353,0.985185,0.065501,-0.155751,-2.122779,110.620705,18.026815,0.019251,0.983440,-0.145956,-0.105703,-2.879067,130.616272,20.819071,0.027926,0.971839,-0.225157,-0.063675,-3.175824,143.907516,14.870697,0.066713,0.974005,0.204382,0.071350,-5.961811,124.013565,22.040277,0.119490,-0.615795,0.066320,-0.775964,-24.965704,127.096367,19.875856,-0.077587,-0.166407,-0.517810,-0.835560,-18.794346,120.466652,-5.038552,0.029754,0.093181,-0.562603,-0.820920,-9.808197,140.076691,-9.389663,-0.098017,0.927222,0.190741,-0.307035,1.112146,124.596313,19.783173,-0.169903,0.740550,-0.096207,-0.643011,16.460773,130.386978,9.476664,-0.133708,0.486045,0.125156,-0.854529,19.518396,133.778030,-16.636898,0.115431,0.298140,0.032087,-0.946973,6.691946,142.666885,-37.244545,0.045401,0.964515,0.239030,0.102544,-13.574251,84.821732,16.804029,0.030935,0.976581,0.045334,0.208034,-14.948651,53.396927,0.036445,-0.046147,0.943089,-0.028892,0.328055,-16.817347,8.703613,-4.523625,-0.092867,0.990609,-0.075315,-0.066315,5.018526,84.916016,15.502005,-0.049889,0.941974,-0.329624,-0.039307,11.932898,50.290321,20.381741,0.022245,0.959237,-0.276217,-0.055451,17.324129,15.320826,48.127884,-0.046147,0.943089,-0.028892,0.328055,-7.717930,2.343454,-14.956871,0.022245,0.959237,-0.276217,-0.055451,15.592294,2.820484,39.592911
635,5.291667,-0.004583,0.998496,-0.023023,-0.049551,-4.111840,84.846344,15.996992,0.047538,0.986611,0.068064,-0.140377,-4.199222,92.479729,15.649112,-0.031041,0.983557,0.064283,-0.165893,-2.120058,110.639717,17.876322,0.013797,0.982522,-0.146403,-0.114135,-2.922810,130.637558,20.639198,0.028492,0.971370,-0.225719,-0.068400,-3.439475,143.927383,14.702686,0.067365,0.975046,0.202539,0.061037,-5.946210,124.022034,21.936989,0.119611,-0.623221,0.066735,-0.769958,-24.999613,127.046112,20.159666,-0.082504,-0.173843,-0.518020,-0.833443,-19.319027,120.369514,-4.858725,0.026721,0.086458,-0.563159,-0.821379,-10.452549,140.004700,-9.354864,-0.096662,0.925281,0.189148,-0.314220,1.077631,124.635674,19.536152,-0.156843,0.737754,-0.088973,-0.650540,16.263527,130.404083,8.979166,-0.121194,0.480638,0.141013,-0.856980,19.031004,133.470261,-17.206816,0.124440,0.286049,0.055127,-0.948500,6.152840,142.729034,-37.617718,0.046830,0.965504,0.238909,0.092370,-13.384956,84.782318,16.921135,0.030203,0.976780,0.046719,0.206895,-15.035063,53.362816,0.168496,-0.046866,0.943419,-0.028076,0.327071,-16.818872,8.676937,-4.497226,-0.088125,0.989837,-0.078218,-0.079617,5.161276,84.910378,15.072851,-0.048829,0.940610,-0.332170,-0.050320,11.823812,50.255280,20.092169,0.019265,0.957666,-0.280507,-0.061814,17.457279,15.427938,47.968666,-0.046866,0.943419,-0.028076,0.327071,-7.730884,2.343582,-14.956694,0.019265,0.957666,-0.280507,-0.061814,15.637739,2.851096,39.565346
636,5.300000,-0.005527,0.997728,-0.023329,-0.062959,-3.975210,84.788719,15.837444,0.042346,0.985382,0.068165,-0.150272,-4.081944,92.421738,15.487027,-0.032013,0.982074,0.062611,-0.174890,-2.166042,110.617027,17.728504,0.009730,0.981748,-0.145754,-0.121786,-2.993965,130.620972,20.439333,0.028079,0.970898,-0.226267,-0.073295,-3.681798,143.920380,14.541799,0.068789,0.975819,0.200850,0.052005,-5.968774,123.998749,21.813065,0.119856,-0.630874,0.067188,-0.763622,-25.054228,127.004395,20.382078,-0.088641,-0.180312,-0.516687,-0.832265,-19.885674,120.275131,-4.733048,0.020862,0.078943,-0.562696,-0.822621,-11.060414,139.904358,-9.321858,-0.094325,0.924032,0.187808,-0.319367,1.008482,124.630188,19.284405,-0.142510,0.736027,-0.079335,-0.657009,16.085304,130.331390,8.536296,-0.108900,0.474315,0.157630,-0.859255,18.631826,133.129074,-17.702124,0.130143,0.273792,0.081526,-0.949449,5.715090,142.788742,-37.858067,0.047537,0.966438,0.239080,0.081111,-13.220033,84.713303,17.010654,0.029569,0.976914,0.047726,0.206126,-15.112726,53.304379,0.263831,-0.049050,0.943722,-0.027261,0.325944,-16.825798,8.623648,-4.477086,-0.083730,0.988814,-0.080637,-0.093458,5.269613,84.864128,14.664234,-0.048306,0.938951,-0.335062,-0.061405,11.709191,50.182579,19.790691,0.016324,0.955954,-0.284513,-0.070268,17.638323,15.524191,47.816040,-0.049050,0.943722,-0.027261,0.325944,-7.735425,2.331992,-14.959630,0.016324,0.955954,-0.284513,-0.070268,15.683632,2.878649,39.547245
637,5.308333,-0.005779,0.996937,-0.023008,-0.074530,-3.878929,84.722969,15.684812,0.037675,0.984288,0.067461,-0.158767,-3.993196,92.356178,15.340824,-0.032542,0.980730,0.061304,-0.182626,-2.230781,110.573837,17.568697,0.006673,0.980912,-0.146211,-0.128021,-3.067971,130.582947,20.238260,0.026110,0.970665,-0.226120,-0.077438,-3.891382,143.877487,14.347132,0.070584,0.976443,0.199126,0.043896,-6.004084,123.956993,21.675781,0.118654,-0.637519,0.070457,-0.757976,-25.109968,126.966156,20.559614,-0.096153,-0.188186,-0.515431,-0.830465,-20.412146,120.124077,-4.617406,0.013821,0.071072,-0.561125,-0.824559,-11.649445,139.777542,-9.318554,-0.091819,0.922936,0.187333,-0.323518,0.931464,124.599167,19.037476,-0.129078,0.734764,-0.069434,-0.662299,15.922947,130.231018,8.134561,-0.100645,0.468344,0.171682,-0.860843,18.292847,132.821320,-18.141651,0.130717,0.263784,0.100313,-0.950404,5.349308,142.866013,-38.027065,0.049055,0.967180,0.238637,0.072167,-13.094044,84.647545,17.072159,0.028458,0.977135,0.049102,0.204907,-15.248686,53.233971,0.365770,-0.051750,0.943947,-0.026203,0.324962,-16.844547,8.559429,-4.473351,-0.080655,0.987549,-0.082563,-0.106889,5.336186,84.798401,14.297464,-0.047879,0.937250,-0.337849,-0.071608,11.643638,50.103218,19.495443,0.015721,0.954010,-0.288735,-0.079061,17.854790,15.609800,47.662872,-0.051750,0.943947,-0.026203,0.324962,-7.742023,2.321315,-14.977317,0.015721,0.954010,-0.288735,-0.079061,15.714030,2.898873,39.541733
638,5.316667,-0.006574,0.996141,-0.024108,-0.084131,-3.766327,84.641357,15.579170,0.033009,0.983571,0.064051,-0.165516,-3.897405,92.273621,15.220584,-0.032895,0.979552,0.061614,-0.188677,-2.309115,110.521629,17.342295,0.004016,0.980251,-0.145804,-0.133542,-3.141383,130.528259,20.031851,0.023338,0.970324,-0.226228,-0.082143,-4.080312,143.827728,14.169164,0.072667,0.976899,0.197706,0.036055,-6.050384,123.897507,21.502022,0.119237,-0.644535,0.071455,-0.751832,-25.169001,126.924309,20.693951,-0.102408,-0.195085,-0.513102,-0.829566,-20.955599,120.001305,-4.546605,0.006593,0.062404,-0.558877,-0.826873,-12.205276,139.629089,-9.360159,-0.089643,0.922231,0.187072,-0.326279,0.851356,124.550674,18.779100,-0.119328,0.733507,-0.061676,-0.666277,15.788648,130.118988,7.769681,-0.097640,0.463254,0.180740,-0.862088,18.006765,132.580933,-18.532122,0.126188,0.258448,0.110383,-0.951366,5.014046,142.916565,-38.156246,0.050509,0.967685,0.238814,0.063270,-12.952868,84.557114,17.144156,0.027720,0.977184,0.050065,0.204542,-15.360109,53.159904,0.441475,-0.054626,0.944089,-0.024986,0.324172,-16.875128,8.490220,-4.467974,-0.078071,0.986517,-0.083252,-0.117296,5.420216,84.725601,14.014185,-0.048075,0.935721,-0.340437,-0.078850,11.606974,50.009315,19.216318,0.013083,0.952322,-0.291809,-0.088083,18.066364,15.675449,47.522511,-0.054626,0.944089,-0.024986,0.324172,-7.753878,2.312005,-14.991091,0.013083,0.952322,-0.291809,-0.088083,15.774892,2.914470,39.521881
639,5.325000,-0.006710,0.995440,-0.024583,-0.091918,-3.709380,84.572037,15.468369,0.030279,0.982906,0.062689,-0.170437,-3.846004,92.203918,15.103798,-0.032668,0.978796,0.060808,-0.192859,-2.357205,110.430527,17.181852,0.001621,0.979637,-0.146008,-0.137806,-3.175364,130.441742,19.841442,0.019473,0.970081,-0.225995,-0.086547,-4.214892,143.738297,13.989149,0.074636,0.977223,0.196340,0.030247,-6.068964,123.812508,21.348381,0.119378,-0.651329,0.072741,-0.745807,-25.191263,126.868698,20.770908,-0.107629,-0.201385,-0.510566,-0.828964,-21.454506,119.869888,-4.523742,0.001719,0.054239,-0.557831,-0.828179,-12.699851,139.466232,-9.456150,-0.088654,0.921114,0.187278,-0.329569,0.809228,124.463524,18.566006,-0.114153,0.732379,-0.057422,-0.668799,15.669724,130.019165,7.446809,-0.098054,0.459001,0.184590,-0.863499,17.773357,132.415604,-18.870441,0.120339,0.256793,0.113513,-0.952203,4.686190,142.895660,-38.264389,0.051972,0.968149,0.238251,0.056766,-12.870336,84.489647,17.176859,0.026827,0.977123,0.051128,0.204685,-15.493244,53.083984,0.522631,-0.057335,0.944155,-0.023594,0.323617,-16.909498,8.419594,-4.463837,-0.077278,0.985584,-0.083773,-0.125039,5.451576,84.654419,13.759880,-0.048218,0.934412,-0.342614,-0.084652,11.628010,49.935551,18.957077,0.013476,0.950423,-0.295298,-0.096505,18.287945,15.736622,47.379910,-0.057335,0.944155,-0.023594,0.323617,-7.765993,2.304580,-15.004538,0.013476,0.950423,-0.295298,-0.096505,15.802485,2.927509,39.515270
640,5.333333,-0.006990,0.994887,-0.025311,-0.097521,-3.671647,84.514343,15.370983,0.028919,0.982503,0.060684,-0.173692,-3.815651,92.145607,14.996539,-0.032928,0.978287,0.060636,-0.195431,-2.384474,110.349976,17.002451,-0.001046,0.979113,-0.146460,-0.141019,-3.207297,130.361343,19.659447,0.015632,0.969804,-0.225924,-0.090518,-4.347683,143.651382,13.811132,0.076111,0.977510,0.195120,0.024678,-6.086919,123.729965,21.183630,0.119469,-0.657527,0.073472,-0.740261,-25.212452,126.799309,20.824345,-0.110620,-0.207274,-0.507958,-0.828722,-21.911474,119.750763,-4.517077,0.000137,0.047051,-0.556970,-0.829198,-13.149407,139.293579,-9.605658,-0.088802,0.920278,0.186702,-0.332181,0.776142,124.386360,18.365393,-0.113514,0.731352,-0.057999,-0.669982,15.568657,129.955917,7.162827,-0.099160,0.455360,0.184508,-0.865316,17.596064,132.297287,-19.165361,0.117822,0.254519,0.112772,-0.953216,4.361759,142.778580,-38.394009,0.052415,0.968475,0.237839,0.052357,-12.812749,84.430740,17.182632,0.026686,0.977174,0.051722,0.204313,-15.543848,53.014374,0.566031,-0.059494,0.944245,-0.022238,0.323060,-16.938591,8.354798,-4.469402,-0.076961,0.984980,-0.083556,-0.130034,5.469456,84.597946,13.559333,-0.049055,0.933348,-0.344430,-0.088445,11.648163,49.873016,18.713121,0.013385,0.948591,-0.298617,-0.104035,18.505058,15.793591,47.232491,-0.059494,0.944245,-0.022238,0.323060,-7.779590,2.296431,-15.029341,0.013385,0.948591,-0.298617,-0.104035,15.856793,2.938001,39.497894
641,5.341667,-0.006983,0.994519,-0.026224,-0.100969,-3.663676,84.465691,15.284244,0.031845,0.982519,0.060646,-0.173104,-3.810285,92.096237,14.896422,-0.033564,0.978846,0.057448,-0.193480,-2.281708,110.215088,16.874352,-0.006935,0.978956,-0.145897,-0.142519,-3.160130,130.239960,19.408978,0.012367,0.969688,-0.225122,-0.094190,-4.473300,143.532394,13.602510,0.076190,0.977732,0.194677,0.018319,-6.031702,123.611328,20.960041,0.116943,-0.663151,0.075269,-0.735452,-25.167370,126.635918,20.840771,-0.114333,-0.213929,-0.506056,-0.827689,-22.274368,119.589218,-4.550976,0.000438,0.039943,-0.556608,-0.829814,-13.543208,139.124008,-9.803757,-0.092265,0.918981,0.186033,-0.335190,0.842034,124.266312,18.167603,-0.114886,0.729833,-0.062250,-0.671021,15.532434,129.967804,6.897232,-0.099982,0.452026,0.182278,-0.867439,17.469316,132.198685,-19.447363,0.118786,0.251759,0.108676,-0.954304,4.058711,142.587372,-38.552208,0.052415,0.968771,0.237131,0.050047,-12.792026,84.385597,17.159256,0.026753,0.977286,0.052189,0.203648,-15.565962,52.945263,0.595155,-0.061372,0.944235,-0.020903,0.322827,-16.961428,8.290368,-4.481449,-0.077254,0.984761,-0.082392,-0.132245,5.464673,84.545776,13.409230,-0.050166,0.932382,-0.346245,-0.090895,11.664956,49.810299,18.465096,0.013163,0.946808,-0.301829,-0.110821,18.701479,15.853557,47.086868,-0.061372,0.944235,-0.020903,0.322827,-7.783036,2.285870,-15.055314,0.013163,0.946808,-0.301829,-0.110821,15.911160,2.952982,39.478134
642,5.350000,-0.006826,0.994298,-0.027049,-0.102925,-3.680848,84.429138,15.195995,0.033908,0.982437,0.059988,-0.173408,-3.827129,92.059044,14.795682,-0.034735,0.978947,0.056090,-0.193159,-2.230060,110.152603,16.733854,-0.010889,0.978650,-0.146081,-0.144173,-3.166279,130.180481,19.223713,0.009872,0.969311,-0.225577,-0.097235,-4.602620,143.466644,13.432097,0.075540,0.977893,0.194499,0.013739,-6.020848,123.547318,20.786777,0.115555,-0.666860,0.077019,-0.732129,-25.166029,126.513123,20.835499,-0.116029,-0.220508,-0.504855,-0.826459,-22.548666,119.437851,-4.578207,0.001446,0.033875,-0.557181,-0.829699,-13.880740,138.971863,-10.033119,-0.095141,0.918209,0.184262,-0.337473,0.853546,124.215248,17.999023,-0.117329,0.728971,-0.068383,-0.670939,15.463558,130.009613,6.671663,-0.100186,0.449612,0.178738,-0.869405,17.376219,132.111786,-19.685291,0.122318,0.249077,0.103395,-0.955149,3.798960,142.346420,-38.730614,0.051912,0.969056,0.236207,0.049416,-12.801804,84.354530,17.106876,0.027004,0.977316,0.052350,0.203431,-15.555930,52.879272,0.605914,-0.062834,0.944218,-0.019484,0.322685,-16.971558,8.227098,-4.489026,-0.077709,0.984789,-0.080827,-0.132734,5.440108,84.503746,13.285114,-0.050662,0.931318,-0.347943,-0.094955,11.660536,49.755081,18.224298,0.011814,0.945144,-0.304796,-0.116890,18.874683,15.908829,46.932610,-0.062834,0.944218,-0.019484,0.322685,-7.776406,2.274515,-15.077679,0.011814,0.945144,-0.304796,-0.116890,15.981655,2.963115,39.439781
643,5.358333,-0.006496,0.994208,-0.028275,-0.103486,-3.714742,84.401543,15.125696,0.035892,0.982306,0.059230,-0.174006,-3.858172,92.030487,14.706334,-0.036384,0.978848,0.055000,-0.193669,-2.193743,110.120438,16.603479,-0.014155,0.978192,-0.147270,-0.145778,-3.202436,130.148468,19.063616,0.008372,0.968932,-0.226250,-0.099554,-4.746477,143.416275,13.257620,0.074057,0.978042,0.194553,0.009882,-6.031133,123.507141,20.638981,0.116901,-0.670272,0.074824,-0.729020,-25.188437,126.388123,20.822748,-0.115261,-0.225663,-0.503667,-0.825900,-22.795322,119.341637,-4.621038,0.002620,0.027953,-0.557017,-0.830026,-14.178205,138.833649,-10.279992,-0.097870,0.917698,0.182031,-0.339289,0.838574,124.196335,17.844866,-0.119410,0.728192,-0.074902,-0.670722,15.380575,130.069489,6.470664,-0.099401,0.448551,0.174942,-0.870814,17.282578,132.016068,-19.899000,0.126450,0.248020,0.100415,-0.955203,3.591596,142.068787,-38.950996,0.050041,0.969189,0.236193,0.048810,-12.833619,84.335701,17.046780,0.027782,0.977394,0.051612,0.203140,-15.469241,52.846355,0.553343,-0.063275,0.944255,-0.018596,0.322541,-16.968285,8.191112,-4.490609,-0.078274,0.984925,-0.079141,-0.132413,5.404136,84.467384,13.204614,-0.051893,0.930611,-0.349306,-0.096203,11.647196,49.705772,18.022659,0.012034,0.943648,-0.307642,-0.121408,19.012007,15.956306,46.806545,-0.063275,0.944255,-0.018596,0.322541,-7.769349,2.265933,-15.091332,0.012034,0.943648,-0.307642,-0.121408,16.020397,2.971684,39.420528
644,5.366667,-0.006316,0.994185,-0.029302,-0.103431,-3.747766,84.385117,15.052092,0.031717,0.981593,0.056520,-0.179652,-3.890051,92.013184,14.616834,-0.037192,0.977120,0.057848,-0.201262,-2.375061,110.205948,16.443394,-0.012213,0.976905,-0.152377,-0.149293,-3.373063,130.218582,19.029861,0.007593,0.968503,-0.227619,-0.100664,-4.911691,143.426666,13.087852,0.073193,0.978348,0.193390,0.008891,-6.167476,123.564491,20.612507,0.118910,-0.671472,0.074772,-0.727595,-25.330431,126.405731,20.823910,-0.113142,-0.231385,-0.502021,-0.825611,-23.022276,119.287956,-4.607882,0.002899,0.022696,-0.557209,-0.830057,-14.450422,138.714523,-10.525593,-0.096711,0.918355,0.179783,-0.339041,0.656672,124.279274,17.715090,-0.121548,0.728337,-0.080900,-0.669482,15.213919,130.082397,6.324460,-0.098383,0.449462,0.171015,-0.871240,17.176693,131.904495,-20.049648,0.130447,0.248159,0.098683,-0.954810,3.438599,141.781693,-39.208031,0.048938,0.969323,0.235775,0.049272,-12.866899,84.324577,16.972134,0.028240,0.977405,0.051024,0.203171,-15.420503,52.813393,0.507523,-0.063828,0.944205,-0.017664,0.322631,-16.970482,8.155039,-4.493279,-0.078440,0.985109,-0.077459,-0.131940,5.371368,84.445656,13.132051,-0.053547,0.930133,-0.350460,-0.095727,11.608635,49.667122,17.834047,0.012384,0.942305,-0.310562,-0.124339,19.104555,16.006014,46.687466,-0.063828,0.944205,-0.017664,0.322631,-7.761093,2.260077,-15.101769,0.012384,0.942305,-0.310562,-0.124339,16.047808,2.980195,39.401325
645,5.375000,-0.006109,0.994213,-0.030281,-0.102885,-3.789313,84.374634,14.993484,0.032197,0.981320,0.056817,-0.180958,-3.929751,92.001854,14.542958,-0.038655,0.976761,0.056392,-0.203132,-2.393071,110.192741,16.375000,-0.014486,0.976392,-0.153994,-0.150778,-3.455868,130.207611,18.917994,0.007244,0.968013,-0.229408,-0.101347,-5.075753,143.392700,12.946571,0.071450,0.978617,0.192738,0.007454,-6.220103,123.547028,20.526094,0.120748,-0.672841,0.072821,-0.726224,-25.393728,126.311981,20.777031,-0.112218,-0.235652,-0.502164,-0.824443,-23.167900,119.200554,-4.663861,0.002742,0.018185,-0.558634,-0.829211,-14.689356,138.620056,-10.745064,-0.097892,0.918125,0.177979,-0.340275,0.591122,124.280106,17.602964,-0.121289,0.727661,-0.083794,-0.669909,15.106982,130.109207,6.172855,-0.095454,0.450987,0.168107,-0.871343,17.042801,131.812332,-20.211180,0.134512,0.250055,0.097779,-0.953844,3.318651,141.505188,-39.487881,0.048170,0.969316,0.235463,0.051616,-12.910588,84.319511,16.903469,0.028670,0.977584,0.050517,0.202373,-15.372825,52.792515,0.455220,-0.064497,0.944132,-0.017273,0.322734,-16.973921,8.131724,-4.507590,-0.078563,0.985344,-0.075983,-0.130964,5.331962,84.429764,13.083500,-0.054673,0.929742,-0.351412,-0.095395,11.560032,49.636459,17.687393,0.012626,0.941367,-0.312812,-0.125767,19.145958,16.046354,46.599968,-0.064497,0.944132,-0.017273,0.322734,-7.753753,2.254224,-15.116394,0.012626,0.941367,-0.312812,-0.125767,16.058155,2.987864,39.385761
646,5.383333,-0.005865,0.994234,-0.031315,-0.102387,-3.828992,84.381012,14.934436,0.032218,0.981090,0.057224,-0.182071,-3.967124,92.007294,14.467772,-0.039896,0.976451,0.055013,-0.204759,-2.426924,110.173073,16.310129,-0.015729,0.975950,-0.155749,-0.151708,-3.545875,130.190216,18.810793,0.006394,0.967618,-0.230940,-0.101695,-5.214760,143.351608,12.800753,0.069949,0.978878,0.191998,0.006460,-6.283899,123.524544,20.442507,0.123321,-0.673692,0.070207,-0.725260,-25.466290,126.225685,20.717873,-0.111096,-0.238944,-0.502968,-0.823156,-23.281321,119.121124,-4.728486,0.001805,0.014916,-0.560544,-0.827989,-14.908516,138.543121,-10.935825,-0.098632,0.918019,0.176580,-0.341074,0.515995,124.272644,17.496881,-0.120479,0.726910,-0.085162,-0.670697,15.005120,130.114685,6.039492,-0.092761,0.453345,0.165245,-0.870958,16.895306,131.729645,-20.353403,0.137257,0.252742,0.095770,-0.952948,3.224640,141.245499,-39.772636,0.047570,0.969236,0.235507,0.053429,-12.952230,84.332069,16.835201,0.028624,0.978254,0.049854,0.199285,-15.342112,52.802467,0.381286,-0.064888,0.944208,-0.017449,0.322424,-16.966784,8.135462,-4.517475,-0.078193,0.985556,-0.074603,-0.130380,5.294247,84.429947,13.033670,-0.055716,0.929420,-0.352357,-0.094440,11.481531,49.617691,17.548483,0.012267,0.940563,-0.315175,-0.125915,19.130819,16.097769,46.525742,-0.064888,0.944208,-0.017449,0.322424,-7.749681,2.256950,-15.128389,0.012267,0.940563,-0.315175,-0.125915,16.052645,3.000829,39.377426
647,5.391667,-0.005706,0.994273,-0.031691,-0.101905,-3.851091,84.384605,14.871576,0.031533,0.981051,0.057190,-0.182412,-3.987163,92.010567,14.398887,-0.040947,0.976334,0.053991,-0.205377,-2.473114,110.154747,16.241760,-0.016730,0.975652,-0.157260,-0.151962,-3.640472,130.172958,18.711597,0.005293,0.967181,-0.232746,-0.101792,-5.345307,143.313843,12.666869,0.068894,0.979048,0.191519,0.006204,-6.359765,123.502945,20.356865,0.127034,-0.673565,0.067682,-0.724977,-25.547951,126.162514,20.632755,-0.109462,-0.240798,-0.505283,-0.821415,-23.335468,119.024323,-4.801807,0.001636,0.012818,-0.563595,-0.825950,-15.105367,138.481827,-11.082539,-0.098710,0.917861,0.175838,-0.341860,0.435087,124.263657,17.402847,-0.119528,0.726152,-0.085678,-0.671622,14.902822,130.103378,5.917291,-0.090847,0.455815,0.162200,-0.870443,16.739248,131.654343,-20.483234,0.138138,0.256697,0.093443,-0.951994,3.128347,141.000122,-40.036846,0.048064,0.969171,0.235292,0.055094,-12.976201,84.339050,16.763422,0.028360,0.978427,0.049425,0.198581,-15.372907,52.805626,0.317839,-0.065872,0.944053,-0.017679,0.322664,-16.985619,8.133441,-4.537430,-0.077214,0.985805,-0.073423,-0.129754,5.274019,84.430161,12.979731,-0.056941,0.929224,-0.353320,-0.092012,11.379647,49.594620,17.425522,0.011253,0.940051,-0.317125,-0.124936,19.061401,16.148180,46.479012,-0.065872,0.944053,-0.017679,0.322664,-7.752500,2.259876,-15.137154,0.011253,0.940051,-0.317125,-0.124936,16.029934,3.015274,39.376865
648,5.400000,-0.005314,0.994334,-0.031468,-0.101398,-3.885554,84.390480,14.806579,0.030651,0.981122,0.056901,-0.182272,-4.015070,92.016716,14.336599,-0.041348,0.976352,0.053250,-0.205407,-2.536464,110.143959,16.173256,-0.017005,0.975404,-0.158890,-0.151830,-3.725737,130.164047,18.617245,0.003581,0.966761,-0.234408,-0.102049,-5.443867,143.283875,12.530628,0.067574,0.979413,0.190120,0.006143,-6.437856,123.493217,20.270967,0.131061,-0.673254,0.064741,-0.724817,-25.633060,126.102875,20.535633,-0.107543,-0.241277,-0.507875,-0.819929,-23.377764,118.936607,-4.887286,0.001498,0.012346,-0.566902,-0.823692,-15.276527,138.429642,-11.197736,-0.098931,0.917967,0.174447,-0.342224,0.356321,124.257507,17.316313,-0.118626,0.725401,-0.086088,-0.672540,14.812735,130.089539,5.812581,-0.089521,0.457867,0.159303,-0.870038,16.595161,131.582260,-20.595018,0.138415,0.259924,0.090138,-0.951397,3.027950,140.777237,-40.261509,0.048116,0.968996,0.235528,0.057085,-13.012670,84.351471,16.688896,0.028360,0.978347,0.048471,0.199208,-15.377995,52.826328,0.222892,-0.066229,0.943993,-0.018027,0.322748,-17.004829,8.145746,-4.549741,-0.076346,0.986002,-0.072816,-0.129112,5.241562,84.429482,12.924263,-0.057868,0.929174,-0.354081,-0.088960,11.278297,49.578110,17.339949,0.009340,0.939876,-0.318387,-0.123185,18.946346,16.189671,46.463699,-0.066229,0.943993,-0.018027,0.322748,-7.766554,2.267139,-15.142186,0.009340,0.939876,-0.318387,-0.123185,15.995082,3.027248,39.382439
649,5.408333,-0.005228,0.994420,-0.031439,-0.100569,-3.907495,84.386635,14.749527,0.029932,0.981353,0.056350,-0.181316,-4.035280,92.012909,14.279745,-0.041845,0.976575,0.052436,-0.204451,-2.587880,110.143707,16.102913,-0.017476,0.975290,-0.160034,-0.151307,-3.805935,130.165604,18.517763,0.002130,0.966353,-0.235972,-0.102349,-5.537536,143.270081,12.402028,0.066126,0.979655,0.189376,0.006426,-6.513590,123.493752,20.174723,-0.300136,0.673720,0.156647,0.656873,-25.716150,126.050964,20.416006,0.011114,-0.157006,-0.503776,-0.849374,-24.572855,120.785561,-5.540380,0.001925,0.012944,-0.570049,-0.821506,-15.421716,138.387131,-11.279645,-0.099185,0.917994,0.173510,-0.342556,0.285809,124.262192,17.233191,-0.118099,0.724817,-0.087406,-0.673092,14.731446,130.093170,5.715418,-0.088938,0.458792,0.156959,-0.870037,16.481077,131.512390,-20.698408,0.138765,0.261541,0.086681,-0.951224,2.917878,140.594452,-40.423649,0.048197,0.968796,0.236132,0.057904,-13.037741,84.348663,16.616598,0.028271,0.978285,0.047402,0.199782,-15.391737,52.844376,0.109106,-0.066706,0.943848,-0.018388,0.323053,-17.027237,8.154121,-4.569053,-0.075274,0.986214,-0.072280,-0.128422,5.222750,84.424606,12.882456,-0.058979,0.929219,-0.354840,-0.084628,11.176774,49.556095,17.275082,0.007265,0.939956,-0.319027,-0.121047,18.805759,16.227699,46.477741,-0.066706,0.943848,-0.018388,0.323053,-7.777442,2.271856,-15.149392,0.007265,0.939956,-0.319027,-0.121047,15.945089,3.044696,39.397594
650,5.416667,-0.005100,0.994546,-0.031420,-0.099318,-3.939566,84.383987,14.698033,0.029204,0.981662,0.055896,-0.179898,-4.064789,92.010307,14.228182,-0.042210,0.976911,0.051384,-0.203035,-2.648826,110.147652,16.042358,-0.018108,0.975114,-0.161658,-0.150637,-3.893469,130.172729,18.417015,0.001436,0.966089,-0.236944,-0.102605,-5.643744,143.255371,12.259939,0.064852,0.979951,0.188262,0.006979,-6.599705,123.501289,20.077927,-0.302729,0.672490,0.156409,0.657000,-25.808453,126.014626,20.286003,0.011962,-0.155416,-0.506983,-0.847745,-24.573473,120.669136,-5.649826,0.003433,0.014341,-0.573996,-0.818726,-15.533477,138.348816,-11.343501,-0.099879,0.918444,0.171501,-0.342158,0.207832,124.270943,17.155596,-0.117741,0.724397,-0.089617,-0.673317,14.658685,130.099045,5.642894,-0.089086,0.458885,0.154866,-0.870347,16.396761,131.421906,-20.776712,0.138022,0.261868,0.084420,-0.951445,2.805299,140.416565,-40.520561,0.047669,0.968636,0.237084,0.057119,-13.074501,84.347603,16.542076,0.028055,0.978235,0.046062,0.200367,-15.400836,52.871822,-0.023615,-0.067058,0.943791,-0.018972,0.323114,-17.038921,8.169213,-4.581255,-0.074176,0.986546,-0.071849,-0.126741,5.195368,84.420372,12.853991,-0.059593,0.929162,-0.355590,-0.081629,11.061415,49.535736,17.236969,0.005926,0.940101,-0.319637,-0.118353,18.651211,16.261810,46.511871,-0.067058,0.943791,-0.018972,0.323114,-7.785082,2.275688,-15.151798,0.005926,0.940101,-0.319637,-0.118353,15.878380,3.061011,39.429932
651,5.425000,-0.005223,0.994700,-0.031565,-0.097721,-3.961006,84.374771,14.653109,0.028345,0.981975,0.055360,-0.178487,-4.087557,92.000931,14.181039,-0.042826,0.977210,0.050316,-0.201730,-2.706919,110.163025,15.985767,-0.018641,0.974930,-0.163333,-0.149955,-3.987825,130.190353,18.321669,0.001168,0.965885,-0.237720,-0.102734,-5.754075,143.250458,12.121475,0.063458,0.980366,0.186554,0.007298,-6.688895,123.517845,19.986668,0.138969,-0.669316,0.062443,-0.727190,-25.904396,125.981155,20.168161,-0.103081,-0.238636,-0.516945,-0.815595,-23.353239,118.642105,-5.177384,0.005089,0.016416,-0.577430,-0.816260,-15.605426,138.305496,-11.405769,-0.100510,0.919089,0.169562,-0.341208,0.125731,124.292458,17.082218,-0.117090,0.724155,-0.092086,-0.673358,14.596848,130.113586,5.591456,-0.088854,0.457850,0.153805,-0.871104,16.340117,131.321625,-20.833311,0.138137,0.261094,0.083929,-0.951685,2.687149,140.262238,-40.549824,0.047613,0.968400,0.237859,0.057943,-13.101787,84.335426,16.467905,0.027894,0.978258,0.044801,0.200567,-15.406334,52.885498,-0.149842,-0.067285,0.943695,-0.019094,0.323340,-17.052145,8.171770,-4.594267,-0.073097,0.986834,-0.071489,-0.125321,5.179774,84.414116,12.838313,-0.059449,0.929052,-0.356336,-0.079701,10.960900,49.514465,17.214600,0.003207,0.940524,-0.319448,-0.115570,18.481737,16.286797,46.559761,-0.067285,0.943695,-0.019094,0.323340,-7.790876,2.277989,-15.158161,0.003207,0.940524,-0.319448,-0.115570,15.824914,3.076169,39.451729
652,5.433333,-0.004975,0.994863,-0.031680,-0.096021,-4.001126,84.364174,14.606995,0.027608,0.982302,0.055261,-0.176826,-4.123255,91.990265,14.132601,-0.043708,0.977578,0.048835,-0.200114,-2.771607,110.169838,15.942496,-0.018656,0.974860,-0.164737,-0.148865,-4.103253,130.200027,18.224970,0.001445,0.965772,-0.238294,-0.102464,-5.866680,143.241821,11.985570,0.062362,0.980646,0.185408,0.008275,-6.796004,123.525848,19.896736,0.141001,-0.667667,0.061992,-0.728352,-26.016253,125.954887,20.030319,-0.101084,-0.236275,-0.519189,-0.815107,-23.345276,118.569626,-5.289430,0.007359,0.018967,-0.579652,-0.814610,-15.651256,138.269012,-11.462781,-0.101238,0.920039,0.167116,-0.339634,0.027158,124.307907,17.014412,-0.116628,0.724213,-0.095039,-0.672965,14.534081,130.116150,5.562357,-0.088832,0.456070,0.154021,-0.872001,16.311096,131.203323,-20.865402,0.138883,0.257575,0.084405,-0.952493,2.577454,140.152603,-40.523930,0.047129,0.968252,0.238542,0.058010,-13.148088,84.328636,16.390429,0.027529,0.978401,0.043695,0.200159,-15.414717,52.898632,-0.270189,-0.067107,0.943657,-0.019235,0.323478,-17.050419,8.174288,-4.610265,-0.072615,0.987032,-0.071620,-0.123960,5.145837,84.399719,12.823560,-0.059573,0.929109,-0.356765,-0.076983,10.888340,49.496403,17.221418,0.001040,0.941078,-0.318723,-0.113083,18.335682,16.297541,46.617870,-0.067107,0.943657,-0.019235,0.323478,-7.788323,2.275238,-15.170487,0.001040,0.941078,-0.318723,-0.113083,15.775955,3.088263,39.471798
653,5.441667,-0.004951,0.995049,-0.031980,-0.093966,-4.049250,84.361794,14.566061,0.027294,0.982621,0.055402,-0.175045,-4.170475,91.987587,14.086824,-0.044493,0.977958,0.047356,-0.198435,-2.831253,110.184189,15.907966,-0.019585,0.974673,-0.166686,-0.147800,-4.209778,130.217331,18.136076,0.002138,0.965741,-0.238681,-0.101838,-5.997834,143.232040,11.847297,0.060891,0.980852,0.184739,0.009672,-6.895743,123.542091,19.814522,0.141191,-0.666078,0.062920,-0.729689,-26.122051,125.925507,19.882816,-0.100327,-0.234178,-0.520438,-0.815009,-23.344814,118.505081,-5.415228,0.008742,0.021546,-0.580954,-0.813605,-15.662607,138.234894,-11.525597,-0.101828,0.920971,0.164882,-0.338019,-0.063645,124.330246,16.955116,-0.115607,0.724482,-0.097768,-0.672460,14.481063,130.123474,5.543444,-0.088593,0.453491,0.155175,-0.873165,16.306664,131.078354,-20.886120,0.139763,0.254183,0.086676,-0.953071,2.476294,140.067795,-40.445961,0.047159,0.968048,0.239042,0.059315,-13.203494,84.325974,16.311735,0.026945,0.978305,0.042567,0.200954,-15.447261,52.913200,-0.384437,-0.066811,0.943650,-0.019316,0.323556,-17.048576,8.177241,-4.616318,-0.072401,0.987268,-0.071678,-0.122161,5.104995,84.397606,12.820387,-0.059719,0.929149,-0.357038,-0.075099,10.824943,49.492668,17.234695,-0.001195,0.941502,-0.318042,-0.111451,18.226151,16.312885,46.664326,-0.066811,0.943650,-0.019316,0.323556,-7.788229,2.273085,-15.175223,-0.001195,0.941502,-0.318042,-0.111451,15.746180,3.105490,39.486725
654,5.450000,-0.004768,0.995244,-0.032580,-0.091678,-4.104723,84.365280,14.523909,0.026780,0.982975,0.055649,-0.173048,-4.222898,91.990509,14.035024,-0.045184,0.978366,0.046104,-0.196552,-2.905088,110.177185,15.870039,-0.019399,0.974708,-0.167818,-0.146301,-4.325210,130.212540,18.051554,0.002463,0.965663,-0.239359,-0.100981,-6.100212,143.212585,11.728851,0.060374,0.980964,0.184203,0.011595,-7.007025,123.536346,19.732853,-0.308823,0.667177,0.153649,0.660223,-26.234167,125.913910,19.723026,0.016544,-0.145842,-0.512751,-0.845898,-24.576433,120.368217,-6.147088,0.010382,0.023926,-0.580093,-0.814133,-15.655327,138.197800,-11.597243,-0.102370,0.922080,0.163061,-0.335709,-0.164772,124.329865,16.899336,-0.114470,0.724909,-0.099632,-0.671920,14.435923,130.108398,5.551912,-0.088853,0.450809,0.156502,-0.874290,16.313858,130.958588,-20.877544,0.139562,0.251011,0.088590,-0.953765,2.382666,140.008835,-40.332394,0.046773,0.967850,0.239397,0.061379,-13.266915,84.332504,16.227417,0.026710,0.978262,0.041469,0.201420,-15.446610,52.929234,-0.495090,-0.066489,0.943601,-0.019525,0.323752,-17.045210,8.183843,-4.627080,-0.072649,0.987428,-0.072098,-0.120462,5.057469,84.398056,12.820400,-0.059567,0.929336,-0.356954,-0.073288,10.790612,49.499985,17.271746,-0.002860,0.941985,-0.317253,-0.109573,18.121454,16.313181,46.711060,-0.066489,0.943601,-0.019525,0.323752,-7.784513,2.271231,-15.180938,-0.002860,0.941985,-0.317253,-0.109573,15.714902,3.111234,39.498528
655,5.458333,-0.004712,0.995438,-0.032967,-0.089413,-4.154246,84.364151,14.485568,0.025644,0.983405,0.055489,-0.170813,-4.270988,91.989006,13.990448,-0.045263,0.978831,0.045304,-0.194392,-2.999548,110.174110,15.829428,-0.019850,0.974625,-0.169350,-0.145028,-4.433922,130.212143,17.976837,0.003201,0.965610,-0.239821,-0.100367,-6.216743,143.191071,11.613122,0.059663,0.981066,0.183744,0.013756,-7.121763,123.537659,19.655317,-0.309557,0.665888,0.152725,0.661394,-26.350096,125.903595,19.557159,0.017207,-0.143501,-0.512688,-0.846323,-24.586254,120.330254,-6.299998,0.011009,0.025779,-0.579114,-0.814764,-15.634409,138.164444,-11.684883,-0.102729,0.923202,0.161451,-0.333286,-0.267041,124.328827,16.851435,-0.113507,0.725487,-0.101365,-0.671200,14.393627,130.088547,5.571966,-0.088894,0.448074,0.158801,-0.875277,16.334475,130.847366,-20.855730,0.140790,0.247337,0.090815,-0.954335,2.320072,139.993362,-40.192490,0.046241,0.967624,0.240031,0.062848,-13.324094,84.331665,16.147394,0.026582,0.978094,0.040150,0.202520,-15.438453,52.946568,-0.617561,-0.066078,0.943542,-0.019732,0.323995,-17.045319,8.190876,-4.633186,-0.073015,0.987586,-0.072672,-0.118585,5.015601,84.396637,12.823741,-0.059543,0.929576,-0.356678,-0.071583,10.770592,49.508297,17.322948,-0.003965,0.942486,-0.316287,-0.108016,18.044199,16.303551,46.756237,-0.066078,0.943542,-0.019732,0.323995,-7.784193,2.269001,-15.181476,-0.003965,0.942486,-0.316287,-0.108016,15.692237,3.112079,39.506626
656,5.466667,-0.004615,0.995660,-0.033556,-0.086688,-4.218487,84.365791,14.448595,0.025060,0.983849,0.055540,-0.168312,-4.333175,91.990059,13.944080,-0.045334,0.979336,0.044473,-0.192012,-3.088180,110.161362,15.790251,-0.019664,0.974734,-0.170398,-0.143078,-4.537124,130.202148,17.901894,0.003006,0.965582,-0.240473,-0.099073,-6.302575,143.167404,11.505498,0.058968,0.981134,0.183416,0.016060,-7.231895,123.529526,19.576626,0.140561,-0.661966,0.065702,-0.733299,-26.460764,125.885406,19.385155,-0.098895,-0.227657,-0.520577,-0.816941,-23.412981,118.397690,-5.861856,0.011356,0.027185,-0.577446,-0.815897,-15.605283,138.131485,-11.788932,-0.103185,0.924354,0.160362,-0.330465,-0.363565,124.318085,16.805496,-0.111097,0.726077,-0.101080,-0.671009,14.366001,130.067154,5.610663,-0.088708,0.445641,0.161356,-0.876071,16.349163,130.747925,-20.816025,0.140121,0.244581,0.093254,-0.954908,2.275528,139.992844,-40.038013,0.045640,0.967379,0.240518,0.065163,-13.397297,84.334358,16.060213,0.026406,0.978098,0.038957,0.202756,-15.427526,52.961994,-0.738938,-0.065527,0.943527,-0.019907,0.324140,-17.039835,8.196982,-4.646992,-0.073888,0.987768,-0.073412,-0.116041,4.960322,84.397217,12.836976,-0.059328,0.929932,-0.356090,-0.070046,10.770681,49.525730,17.395210,-0.004805,0.943064,-0.315112,-0.106353,17.975199,16.281002,46.800346,-0.065527,0.943527,-0.019907,0.324140,-7.782036,2.264973,-15.192511,-0.004805,0.943064,-0.315112,-0.106353,15.674335,3.104197,39.507793
657,5.475000,-0.004418,0.995913,-0.033716,-0.083678,-4.293467,84.364258,14.408834,0.025003,0.984348,0.055560,-0.165370,-4.403830,91.988388,13.901292,-0.045757,0.979910,0.043914,-0.189090,-3.167166,110.146881,15.750946,-0.019193,0.974870,-0.171409,-0.140995,-4.643433,130.188110,17.839369,0.002902,0.965544,-0.240943,-0.098297,-6.382293,143.140533,11.409797,0.058479,0.981134,0.183306,0.018855,-7.343392,123.514702,19.502625,0.140186,-0.661091,0.065833,-0.734147,-26.570711,125.871750,19.201189,-0.098143,-0.225101,-0.519912,-0.818162,-23.462463,118.395615,-6.041884,0.012609,0.028764,-0.576054,-0.816808,-15.575269,138.109985,-11.907707,-0.103424,0.925483,0.159499,-0.327636,-0.459046,124.306320,16.772404,-0.109076,0.726749,-0.101096,-0.670610,14.340767,130.039932,5.662607,-0.088769,0.443426,0.164353,-0.876631,16.375896,130.648300,-20.761906,0.139535,0.241737,0.096864,-0.955359,2.259745,140.018021,-39.872215,0.045491,0.967130,0.240674,0.068314,-13.481871,84.334839,15.964869,0.026546,0.978125,0.037489,0.202883,-15.446181,52.966846,-0.850283,-0.065754,0.943094,-0.019651,0.325368,-17.097200,8.192414,-4.632227,-0.074878,0.987901,-0.074161,-0.113778,4.894938,84.393677,12.852800,-0.059920,0.930248,-0.355424,-0.068719,10.769905,49.540565,17.468441,-0.004611,0.943403,-0.314108,-0.106324,17.979015,16.259554,46.831383,-0.065754,0.943094,-0.019651,0.325368,-7.808318,2.271951,-15.156884,-0.004611,0.943403,-0.314108,-0.106324,15.672469,3.099141,39.511078
658,5.483333,-0.004436,0.996184,-0.033885,-0.080305,-4.360524,84.361534,14.371122,0.024398,0.984917,0.055595,-0.162028,-4.469650,91.985489,13.860665,-0.045712,0.980561,0.043506,-0.185792,-3.261030,110.142151,15.719099,-0.019008,0.974932,-0.173231,-0.138335,-4.745594,130.184982,17.786076,0.002616,0.965681,-0.241063,-0.096648,-6.463764,143.113083,11.302237,0.058485,0.981053,0.183347,0.022316,-7.458619,123.513306,19.434898,0.139295,-0.659823,0.067532,-0.735302,-26.680374,125.895050,19.002071,-0.097675,-0.223105,-0.519460,-0.819052,-23.495358,118.389297,-6.222627,0.014042,0.030370,-0.575660,-0.817004,-15.546623,138.097977,-12.038951,-0.103472,0.926527,0.159057,-0.324872,-0.555799,124.301407,16.750708,-0.106844,0.727611,-0.100789,-0.670080,14.313501,130.018265,5.725400,-0.088778,0.441457,0.167406,-0.877046,16.411840,130.559311,-20.695616,0.138457,0.239101,0.101255,-0.955724,2.269191,140.053329,-39.698772,0.045139,0.966833,0.240967,0.071637,-13.559231,84.329895,15.864979,0.026382,0.978002,0.036146,0.203741,-15.439820,52.969681,-0.974253,-0.065501,0.943051,-0.019368,0.325560,-17.097853,8.185572,-4.636675,-0.076249,0.987959,-0.075163,-0.111684,4.838183,84.393181,12.877266,-0.059980,0.930689,-0.354515,-0.067382,10.806973,49.565506,17.564013,-0.004599,0.943903,-0.312698,-0.106051,17.975199,16.227098,46.871788,-0.065501,0.943051,-0.019368,0.325560,-7.806818,2.270100,-15.162231,-0.004599,0.943903,-0.312698,-0.106051,15.671125,3.088877,39.510956
659,5.491667,-0.003905,0.996494,-0.034181,-0.076260,-4.456448,84.367355,14.351124,0.024641,0.985546,0.055231,-0.158248,-4.555764,91.991074,13.835105,-0.045808,0.981263,0.043068,-0.182126,-3.348814,110.130608,15.681820,-0.018384,0.975202,-0.174008,-0.135513,-4.848177,130.174606,17.726582,0.002217,0.965761,-0.241334,-0.095174,-6.528064,143.093109,11.213628,0.058411,0.980987,0.183313,0.025483,-7.573713,123.503922,19.358679,0.137605,-0.658490,0.069476,-0.736633,-26.789942,125.905167,18.804943,-0.097506,-0.221678,-0.518809,-0.819871,-23.525854,118.387543,-6.406107,0.015558,0.031678,-0.574347,-0.817850,-15.517056,138.089478,-12.187325,-0.103777,0.927767,0.158582,-0.321449,-0.650928,124.290344,16.725901,-0.104162,0.728444,-0.099909,-0.669730,14.301636,129.996140,5.807989,-0.088236,0.439559,0.171060,-0.877349,16.454863,130.471420,-20.609877,0.138168,0.236898,0.106165,-0.955781,2.301513,140.103073,-39.507607,0.043970,0.966360,0.241592,0.076478,-13.667043,84.343407,15.770004,0.026942,0.977691,0.034586,0.205424,-15.379013,52.997292,-1.113379,-0.065124,0.942833,-0.019923,0.326233,-17.108870,8.205944,-4.651966,-0.078130,0.988097,-0.075769,-0.108717,4.754146,84.391312,12.932242,-0.059763,0.931050,-0.353694,-0.066903,10.844985,49.590862,17.663984,-0.004436,0.944390,-0.311324,-0.105757,17.976833,16.197821,46.918392,-0.065124,0.942833,-0.019923,0.326233,-7.808100,2.273424,-15.159313,-0.004436,0.944390,-0.311324,-0.105757,15.672771,3.081724,39.518208
660,5.500000,-0.003605,0.996840,-0.033904,-0.071746,-4.540469,84.365501,14.316768,0.023868,0.986217,0.055148,-0.154161,-4.632571,91.989532,13.804186,-0.045057,0.982024,0.042632,-0.178271,-3.462101,110.122810,15.656456,-0.017651,0.975459,-0.174650,-0.132915,-4.942919,130.171082,17.672699,0.001952,0.965824,-0.241509,-0.094091,-6.582798,143.081924,11.134402,0.058377,0.980935,0.183088,0.028950,-7.692600,123.506462,19.289011,0.137065,-0.657263,0.070415,-0.737741,-26.901678,125.930634,18.602810,-0.096541,-0.219815,-0.518351,-0.820776,-23.558910,118.400002,-6.594054,0.017382,0.033039,-0.573230,-0.818544,-15.492995,138.088409,-12.340654,-0.104080,0.928874,0.158742,-0.318059,-0.748105,124.278793,16.709776,-0.101166,0.729501,-0.098920,-0.669185,14.286026,129.981094,5.902612,-0.087647,0.437754,0.175133,-0.877507,16.510574,130.384323,-20.510548,0.138075,0.233542,0.110596,-0.956118,2.358793,140.171173,-39.304169,0.043275,0.966099,0.241532,0.080259,-13.763559,84.343857,15.652053,0.026968,0.977365,0.033245,0.207182,-15.362096,52.991356,-1.230596,-0.065295,0.942758,-0.019582,0.326435,-17.112947,8.191952,-4.655054,-0.080217,0.988264,-0.076506,-0.105103,4.682621,84.387138,12.981482,-0.059812,0.931550,-0.352733,-0.064937,10.907400,49.618252,17.770536,-0.004469,0.944939,-0.309710,-0.105598,17.977873,16.164696,46.970661,-0.065295,0.942758,-0.019582,0.326435,-7.804866,2.270499,-15.162170,-0.004469,0.944939,-0.309710,-0.105598,15.674228,3.074250,39.525066
661,5.508333,-0.003184,0.997185,-0.033860,-0.066831,-4.629340,84.368942,14.290502,0.023501,0.986935,0.055207,-0.149532,-4.712451,91.993073,13.777715,-0.044795,0.982860,0.042164,-0.173784,-3.563678,110.125229,15.639480,-0.016877,0.975749,-0.175662,-0.129505,-5.046638,130.176071,17.628580,0.001474,0.965980,-0.241585,-0.092286,-6.639601,143.074173,11.053652,0.058487,0.980801,0.183098,0.032909,-7.816348,123.514748,19.224216,0.137083,-0.656206,0.070597,-0.738660,-27.015436,125.970932,18.388515,-0.095387,-0.217578,-0.517941,-0.821766,-23.600424,118.436775,-6.797606,0.019039,0.034287,-0.572408,-0.819031,-15.476209,138.103699,-12.498330,-0.103999,0.930262,0.158204,-0.314275,-0.847971,124.279747,16.707977,-0.097899,0.730643,-0.097610,-0.668617,14.279530,129.954895,6.017437,-0.086885,0.436159,0.179619,-0.877470,16.578848,130.287094,-20.390308,0.138187,0.230635,0.115608,-0.956215,2.445452,140.244263,-39.087669,0.042276,0.965842,0.241698,0.083332,-13.865177,84.351944,15.534639,0.027034,0.977129,0.031833,0.208505,-15.340209,52.999043,-1.358518,-0.065134,0.942642,-0.019525,0.326806,-17.118805,8.191699,-4.662643,-0.082569,0.988397,-0.077132,-0.101512,4.606498,84.385941,13.046363,-0.059315,0.932030,-0.351784,-0.063642,10.982715,49.651199,17.883751,-0.004609,0.945533,-0.308106,-0.104964,17.967564,16.132221,47.029404,-0.065134,0.942642,-0.019525,0.326806,-7.804008,2.270738,-15.164086,-0.004609,0.945533,-0.308106,-0.104964,15.677127,3.066710,39.536083
662,5.516667,-0.003131,0.997538,-0.033908,-0.061307,-4.701202,84.369240,14.272467,0.022710,0.987687,0.055271,-0.144583,-4.780713,91.993317,13.758442,-0.044301,0.983723,0.041641,-0.169096,-3.668860,110.136833,15.633507,-0.016428,0.975981,-0.176939,-0.126030,-5.145283,130.191208,17.591436,0.001348,0.966213,-0.241417,-0.090269,-6.700399,143.072372,10.974360,0.058175,0.980731,0.182828,0.036833,-7.938497,123.534760,19.166262,0.135415,-0.654519,0.072635,-0.740264,-27.128393,126.006363,18.178722,-0.095133,-0.216304,-0.518023,-0.822079,-23.611692,118.456337,-6.988647,0.020774,0.035865,-0.572644,-0.818756,-15.462676,138.135818,-12.654640,-0.103707,0.931600,0.157973,-0.310500,-0.945516,124.288818,16.715843,-0.094757,0.731923,-0.096625,-0.667813,14.275718,129.932892,6.142542,-0.086071,0.433972,0.184434,-0.877636,16.664116,130.188828,-20.258144,0.138192,0.226810,0.122493,-0.956272,2.536693,140.325272,-38.829823,0.041748,0.965498,0.241881,0.086974,-13.950237,84.349770,15.414314,0.027017,0.976908,0.030398,0.209753,-15.324037,53.000046,-1.493266,-0.065180,0.942533,-0.019371,0.327119,-17.124119,8.184591,-4.673438,-0.084876,0.988575,-0.077759,-0.097307,4.547833,84.388718,13.130619,-0.059504,0.932767,-0.350461,-0.059848,11.068925,49.688438,18.021933,-0.004939,0.946291,-0.306038,-0.104160,17.946434,16.087917,47.099133,-0.065180,0.942533,-0.019371,0.327119,-7.801326,2.268746,-15.170667,-0.004939,0.946291,-0.306038,-0.104160,15.675823,3.054378,39.544357
663,5.525000,-0.002923,0.997894,-0.033629,-0.055399,-4.788305,84.380272,14.246435,0.022248,0.988469,0.055443,-0.139141,-4.861351,92.004662,13.736018,-0.043806,0.984645,0.041299,-0.163860,-3.775426,110.151962,15.626129,-0.015995,0.976206,-0.178471,-0.122122,-5.244902,130.209244,17.559361,0.001297,0.966532,-0.241000,-0.087944,-6.759423,143.069794,10.892962,0.057965,0.980590,0.182755,0.041028,-8.063816,123.557365,19.107452,0.136274,-0.653157,0.071918,-0.741380,-27.241993,126.050278,17.959063,-0.093402,-0.213486,-0.518592,-0.822656,-23.625317,118.504189,-7.195302,0.022860,0.037725,-0.573134,-0.818273,-15.453142,138.179123,-12.798893,-0.103508,0.933051,0.157336,-0.306507,-1.044222,124.300705,16.730967,-0.090911,0.733483,-0.095136,-0.666849,14.274056,129.911423,6.280789,-0.084837,0.431292,0.190088,-0.877871,16.768484,130.083221,-20.110767,0.138812,0.223011,0.130203,-0.956057,2.649477,140.421936,-38.530754,0.040789,0.965320,0.241594,0.090144,-14.050214,84.360641,15.278642,0.027146,0.976652,0.029170,0.211100,-15.304625,52.995365,-1.609358,-0.065594,0.942384,-0.019200,0.327477,-17.135025,8.173964,-4.686688,-0.087732,0.988771,-0.078413,-0.092122,4.473604,84.399910,13.214229,-0.058981,0.933497,-0.349093,-0.056914,11.172764,49.742062,18.165342,-0.005396,0.947050,-0.304061,-0.103026,17.910776,16.049892,47.169060,-0.065594,0.942384,-0.019200,0.327477,-7.799057,2.267714,-15.177602,-0.005396,0.947050,-0.304061,-0.103026,15.670202,3.046489,39.553623
664,5.533333,-0.002364,0.998231,-0.033242,-0.049245,-4.885106,84.405777,14.218055,0.021821,0.989221,0.055798,-0.133616,-4.946194,92.030609,13.712677,-0.043307,0.985547,0.040846,-0.158596,-3.884706,110.174942,15.623501,-0.015026,0.976543,-0.179413,-0.118105,-5.347568,130.235489,17.527670,0.001095,0.966779,-0.240847,-0.085616,-6.803521,143.084183,10.825457,0.057743,0.980442,0.182566,0.045483,-8.191822,123.588455,19.050024,0.135410,-0.651451,0.073238,-0.742908,-27.356064,126.103828,17.730619,-0.092881,-0.211116,-0.519347,-0.822850,-23.631575,118.542076,-7.403310,0.025105,0.039737,-0.573851,-0.817610,-15.447649,138.239029,-12.932944,-0.103624,0.934547,0.157070,-0.302014,-1.146294,124.320747,16.748024,-0.086473,0.735175,-0.093904,-0.665749,14.277007,129.911163,6.442436,-0.084412,0.428605,0.196071,-0.877912,16.890877,129.967178,-19.938066,0.138015,0.218650,0.137390,-0.956174,2.790953,140.538086,-38.192795,0.040799,0.965166,0.240510,0.094579,-14.159073,84.392303,15.135755,0.026813,0.976333,0.028443,0.212709,-15.344689,52.989834,-1.687977,-0.066100,0.942178,-0.018964,0.327981,-17.154762,8.163047,-4.698167,-0.090799,0.989038,-0.078924,-0.085613,4.388863,84.419258,13.300355,-0.059312,0.934408,-0.347448,-0.051424,11.272674,49.806171,18.310972,-0.005326,0.947745,-0.302453,-0.101358,17.863373,16.014519,47.232689,-0.066100,0.942178,-0.018964,0.327981,-7.801138,2.269395,-15.180442,-0.005326,0.947745,-0.302453,-0.101358,15.655276,3.036441,39.564747
665,5.541667,-0.002053,0.998536,-0.032918,-0.042872,-4.972085,84.434875,14.189705,0.021336,0.989981,0.056078,-0.127818,-5.024983,92.060051,13.688684,-0.043090,0.986446,0.040655,-0.153019,-3.990910,110.204468,15.618104,-0.014223,0.976944,-0.180134,-0.113713,-5.457088,130.266403,17.505016,0.001018,0.967015,-0.240894,-0.082776,-6.854848,143.105988,10.773017,0.057286,0.980290,0.182431,0.049693,-8.324311,123.622002,18.995411,0.137011,-0.649985,0.071594,-0.744057,-27.475060,126.149193,17.512848,-0.091021,-0.207873,-0.520496,-0.823157,-23.636822,118.603157,-7.608675,0.026751,0.042137,-0.573908,-0.817397,-15.451872,138.303619,-13.057364,-0.103568,0.936274,0.156299,-0.297044,-1.252618,124.347855,16.772984,-0.081615,0.736966,-0.092820,-0.664533,14.286489,129.904037,6.624052,-0.084449,0.425208,0.202938,-0.877999,17.029419,129.822678,-19.743258,0.136729,0.213963,0.145578,-0.956207,2.945215,140.668304,-37.788170,0.040560,0.964886,0.239511,0.099917,-14.257017,84.422974,14.988860,0.026947,0.975983,0.027508,0.214417,-15.340917,52.984928,-1.775183,-0.066497,0.941975,-0.018746,0.328497,-17.175598,8.154085,-4.709073,-0.093802,0.989378,-0.079242,-0.077807,4.312847,84.446785,13.390550,-0.059338,0.935276,-0.345842,-0.046176,11.368468,49.876793,18.459351,-0.006012,0.948516,-0.300678,-0.099373,17.795357,15.985245,47.300922,-0.066497,0.941975,-0.018746,0.328497,-7.805326,2.271421,-15.182636,-0.006012,0.948516,-0.300678,-0.099373,15.641769,3.033234,39.573635
666,5.550000,-0.002203,0.998809,-0.032811,-0.036048,-5.049003,84.469666,14.168042,0.020672,0.990754,0.056454,-0.121626,-5.100712,92.094940,13.668389,-0.042729,0.987379,0.040337,-0.147072,-4.101367,110.234467,15.620330,-0.013166,0.977394,-0.180633,-0.109082,-5.566436,130.298691,17.483593,0.000968,0.967236,-0.240989,-0.079857,-6.896018,143.132477,10.726753,0.056797,0.980075,0.182364,0.054510,-8.459203,123.658119,18.941378,0.135570,-0.648107,0.073446,-0.745777,-27.592670,126.200165,17.272669,-0.091989,-0.205623,-0.521880,-0.822738,-23.639397,118.637535,-7.826024,0.027285,0.044642,-0.573858,-0.817282,-15.472905,138.388168,-13.164288,-0.103700,0.938191,0.155382,-0.291375,-1.360459,124.374962,16.803875,-0.076134,0.738873,-0.091468,-0.663252,14.306840,129.898956,6.836066,-0.084582,0.421413,0.210661,-0.877997,17.185806,129.664978,-19.515837,0.134806,0.207749,0.154664,-0.956424,3.129695,140.817719,-37.320728,0.040828,0.964512,0.238352,0.106009,-14.343964,84.450691,14.840470,0.026976,0.975487,0.026590,0.216773,-15.349957,52.974712,-1.857112,-0.066740,0.941721,-0.018212,0.329203,-17.198097,8.139544,-4.715553,-0.096697,0.989643,-0.079622,-0.070122,4.245959,84.488640,13.495614,-0.059263,0.936247,-0.343931,-0.040502,11.466130,49.962280,18.629694,-0.006724,0.949345,-0.298822,-0.096979,17.708509,15.951446,47.371208,-0.066740,0.941721,-0.018212,0.329203,-7.807887,2.274776,-15.181301,-0.006724,0.949345,-0.298822,-0.096979,15.619129,3.026831,39.580681
667,5.558333,-0.002014,0.999039,-0.032628,-0.029186,-5.130210,84.510460,14.132648,0.020103,0.991475,0.057114,-0.115378,-5.175518,92.135933,13.635346,-0.042534,0.988275,0.040112,-0.141045,-4.206338,110.273071,15.619781,-0.012082,0.977849,-0.181240,-0.104007,-5.676278,130.338699,17.464003,0.000810,0.967508,-0.241080,-0.076218,-6.933142,143.165070,10.679232,0.056022,0.979870,0.182237,0.059208,-8.592422,123.700783,18.886837,0.136244,-0.646727,0.072653,-0.746929,-27.708567,126.245842,17.034439,-0.091510,-0.201563,-0.523416,-0.822821,-23.654396,118.696960,-8.052285,0.028465,0.047397,-0.575134,-0.816189,-15.488571,138.477768,-13.247116,-0.103580,0.940132,0.154686,-0.285473,-1.467568,124.411224,16.835835,-0.069473,0.741153,-0.089481,-0.661710,14.332618,129.895416,7.057610,-0.084028,0.415916,0.219537,-0.878497,17.371367,129.486069,-19.274197,0.133368,0.201025,0.166194,-0.956128,3.313939,140.971848,-36.766033,0.040743,0.964278,0.236737,0.111639,-14.433527,84.490707,14.677337,0.027127,0.974922,0.025830,0.219373,-15.350181,52.959549,-1.920985,-0.067381,0.941528,-0.017837,0.329647,-17.218908,8.121527,-4.720721,-0.099654,0.989825,-0.080312,-0.062171,4.173106,84.530220,13.587957,-0.059893,0.937320,-0.341736,-0.032574,11.561069,50.053108,18.813452,-0.007469,0.950234,-0.296850,-0.094232,17.610636,15.913683,47.443523,-0.067381,0.941528,-0.017837,0.329647,-7.810634,2.274323,-15.180066,-0.007469,0.950234,-0.296850,-0.094232,15.594101,3.018481,39.585354
668,5.566667,-0.001779,0.999215,-0.032819,-0.022118,-5.217752,84.561157,14.104258,0.019627,0.992188,0.057873,-0.108756,-5.256017,92.186447,13.603658,-0.042396,0.989194,0.039815,-0.134586,-4.314938,110.310577,15.622644,-0.011029,0.978348,-0.181645,-0.098587,-5.793012,130.377655,17.444641,0.000944,0.967826,-0.241038,-0.072204,-6.974167,143.199280,10.637362,0.055625,0.979608,0.182202,0.063854,-8.732682,123.742226,18.830290,0.136553,-0.644929,0.072717,-0.748419,-27.828390,126.304398,16.799282,-0.091945,-0.198391,-0.525246,-0.822377,-23.651611,118.749657,-8.265549,0.028436,0.049609,-0.575616,-0.815718,-15.514976,138.576263,-13.323805,-0.104059,0.942038,0.154368,-0.279118,-1.581134,124.446777,16.872259,-0.061718,0.743573,-0.087775,-0.659989,14.354218,129.914551,7.306497,-0.084352,0.409820,0.229732,-0.878724,17.567482,129.276260,-19.000025,0.131343,0.193063,0.176456,-0.956211,3.532571,141.158707,-36.124275,0.040490,0.964076,0.235316,0.116382,-14.527843,84.541550,14.517265,0.027127,0.974184,0.024892,0.222734,-15.358268,52.961086,-1.991619,-0.067248,0.941374,-0.017540,0.330129,-17.236155,8.118781,-4.715634,-0.102604,0.990062,-0.080603,-0.052467,4.092340,84.580765,13.691250,-0.060230,0.938302,-0.339589,-0.025313,11.635717,50.149525,18.996567,-0.008514,0.951111,-0.295006,-0.091028,17.490900,15.882147,47.513969,-0.067248,0.941374,-0.017540,0.330129,-7.817809,2.278804,-15.169951,-0.008514,0.951111,-0.295006,-0.091028,15.564034,3.013675,39.589756
669,5.575000,-0.001689,0.999347,-0.032910,-0.014849,-5.296025,84.618309,14.073131,0.019100,0.992874,0.058582,-0.102004,-5.329285,92.243515,13.570862,-0.042361,0.990075,0.039622,-0.128009,-4.419185,110.350624,15.622165,-0.009831,0.978900,-0.181652,-0.093067,-5.908938,130.418427,17.426409,0.001057,0.968123,-0.241018,-0.068172,-7.008321,143.240952,10.607136,0.054990,0.979259,0.182493,0.068732,-8.870811,123.784698,18.772284,0.136169,-0.643258,0.073124,-0.749886,-27.944189,126.357208,16.553179,-0.093028,-0.194816,-0.527088,-0.821932,-23.656418,118.805801,-8.493924,0.028065,0.052378,-0.576722,-0.814776,-15.542485,138.685272,-13.386726,-0.104214,0.944304,0.153103,-0.272010,-1.693491,124.485001,16.909344,-0.053284,0.746171,-0.085000,-0.658152,14.392402,129.911728,7.574967,-0.084695,0.402446,0.240848,-0.879122,17.785444,129.053665,-18.702721,0.129114,0.184308,0.187253,-0.956188,3.759131,141.366516,-35.402481,0.040496,0.963903,0.233208,0.121925,-14.611133,84.595963,14.350740,0.027181,0.973568,0.024393,0.225460,-15.366809,52.945129,-2.026443,-0.067189,0.941218,-0.016888,0.330619,-17.251923,8.100888,-4.713203,-0.105370,0.990136,-0.081277,-0.043844,4.019083,84.640656,13.795521,-0.060931,0.939379,-0.337024,-0.016385,11.710853,50.258224,19.203243,-0.008908,0.952035,-0.293175,-0.087174,17.354717,15.842426,47.584187,-0.067189,0.941218,-0.016888,0.330619,-7.821658,2.278161,-15.166404,-0.008908,0.952035,-0.293175,-0.087174,15.519808,3.002086,39.592808
670,5.583333,-0.001593,0.999428,-0.032927,-0.007612,-5.368189,84.669464,14.035039,0.018082,0.993537,0.059350,-0.095052,-5.396345,92.294655,13.532269,-0.041940,0.990950,0.039665,-0.121188,-4.534932,110.399292,15.621159,-0.008836,0.979394,-0.181791,-0.087531,-6.020065,130.468399,17.414799,0.001288,0.968417,-0.240944,-0.064124,-7.043347,143.289688,10.581376,0.054487,0.979058,0.181950,0.073288,-9.009741,123.838356,18.716692,0.137352,-0.641811,0.071850,-0.751033,-28.060188,126.422028,16.320583,-0.093143,-0.190752,-0.528929,-0.821689,-23.664036,118.887138,-8.712709,0.027863,0.054690,-0.577408,-0.814145,-15.571399,138.800354,-13.443411,-0.103874,0.946415,0.152641,-0.264971,-1.806565,124.529060,16.952564,-0.045116,0.748981,-0.082817,-0.655846,14.428544,129.905350,7.850193,-0.085960,0.393961,0.252278,-0.879637,18.024916,128.817169,-18.391916,0.126134,0.174310,0.198650,-0.956161,3.990917,141.584732,-34.607742,0.040350,0.963828,0.231044,0.126595,-14.686335,84.644470,14.177807,0.027178,0.972841,0.023786,0.228641,-15.373683,52.921188,-2.061644,-0.066452,0.941147,-0.015606,0.331033,-17.262291,8.074292,-4.701365,-0.107915,0.990137,-0.082209,-0.035000,3.949957,84.694458,13.892271,-0.061199,0.940350,-0.334546,-0.008741,11.772451,50.361572,19.425880,-0.009570,0.953144,-0.290708,-0.083153,17.210651,15.799069,47.668377,-0.066452,0.941147,-0.015606,0.331033,-7.827929,2.277589,-15.165331,-0.009570,0.953144,-0.290708,-0.083153,15.475952,2.997522,39.592812
671,5.591667,-0.001575,0.999447,-0.033202,-0.000221,-5.436513,84.728752,14.004045,0.017179,0.994168,0.060086,-0.087888,-5.460677,92.353668,13.496889,-0.041581,0.991804,0.039631,-0.114130,-4.645082,110.448586,15.620570,-0.007626,0.979778,-0.182567,-0.081525,-6.128745,130.519012,17.400597,0.001354,0.968885,-0.240224,-0.059612,-7.067150,143.330170,10.536063,0.053957,0.978654,0.182272,0.078110,-9.145395,123.892509,18.657490,0.137522,-0.640100,0.071818,-0.752464,-28.169781,126.490227,16.076626,-0.093353,-0.186353,-0.530842,-0.821441,-23.657087,118.957840,-8.936675,0.028701,0.057799,-0.579415,-0.812474,-15.581587,138.915970,-13.492950,-0.103714,0.948829,0.151270,-0.257068,-1.917034,124.574219,16.995853,-0.036811,0.751881,-0.079876,-0.653407,14.479211,129.893967,8.152796,-0.087333,0.384453,0.263937,-0.880288,18.280945,128.594269,-18.050713,0.122924,0.163621,0.210250,-0.955988,4.226887,141.821747,-33.738728,0.040197,0.963747,0.228706,0.131411,-14.755741,84.699562,14.009140,0.027209,0.972002,0.023274,0.232227,-15.374878,52.898766,-2.080760,-0.066213,0.941099,-0.014590,0.331263,-17.267178,8.049858,-4.683376,-0.110587,0.990008,-0.083347,-0.026595,3.882714,84.757950,13.998948,-0.060901,0.941359,-0.331861,-0.001622,11.845714,50.480114,19.671671,-0.010521,0.954269,-0.288164,-0.078882,17.049664,15.753415,47.756447,-0.066213,0.941099,-0.014590,0.331263,-7.827918,2.277366,-15.156311,-0.010521,0.954269,-0.288164,-0.078882,15.426929,2.992044,39.594479
672,5.600000,-0.001325,0.999426,-0.033095,0.007074,-5.503949,84.788101,13.965583,0.016370,0.994773,0.060743,-0.080426,-5.520614,92.413139,13.459919,-0.041505,0.992633,0.039849,-0.106623,-4.748835,110.496643,15.614661,-0.006369,0.980348,-0.182114,-0.075574,-6.241900,130.566620,17.391830,0.001664,0.969123,-0.240231,-0.055563,-7.091766,143.384857,10.528984,0.053534,0.978247,0.182384,0.083087,-9.282819,123.941544,18.596664,0.137053,-0.638175,0.072393,-0.754128,-28.277874,126.557877,15.825611,-0.094420,-0.182463,-0.532898,-0.820860,-23.639084,119.026100,-9.164786,0.028712,0.060799,-0.579976,-0.811854,-15.595222,139.041321,-13.543140,-0.103420,0.951211,0.150196,-0.248884,-2.029679,124.618546,17.044712,-0.028792,0.754731,-0.077199,-0.650839,14.529361,129.878693,8.473535,-0.090065,0.374769,0.275404,-0.880675,18.536524,128.366898,-17.687946,0.117943,0.152322,0.220658,-0.956137,4.476209,142.060226,-32.816185,0.039577,0.963658,0.226389,0.136184,-14.822253,84.759048,13.834628,0.027037,0.970912,0.023019,0.236787,-15.343271,52.879555,-2.102275,-0.065226,0.941411,-0.013627,0.330614,-17.213818,8.028751,-4.687864,-0.113037,0.989828,-0.084639,-0.017310,3.814356,84.817154,14.096538,-0.060869,0.942312,-0.329090,0.006548,11.895245,50.593864,19.929583,-0.011480,0.955516,-0.285389,-0.073552,16.859501,15.702099,47.852676,-0.065226,0.941411,-0.013627,0.330614,-7.797941,2.269258,-15.188954,-0.011480,0.955516,-0.285389,-0.073552,15.373429,2.985367,39.595570
673,5.608333,-0.001462,0.999329,-0.033491,0.014727,-5.566208,84.854111,13.939920,0.015378,0.995383,0.060885,-0.072583,-5.581004,92.478737,13.428077,-0.041012,0.993445,0.040368,-0.098768,-4.862444,110.547722,15.594824,-0.005050,0.980772,-0.182499,-0.068953,-6.347669,130.617661,17.378986,0.001466,0.969571,-0.239508,-0.050654,-7.102966,143.431061,10.496102,0.053022,0.977872,0.182255,0.087964,-9.418838,123.996262,18.525864,0.137368,-0.636233,0.072092,-0.755739,-28.383684,126.626434,15.567350,-0.094730,-0.177685,-0.534840,-0.820610,-23.611347,119.103989,-9.400707,0.029117,0.064015,-0.581116,-0.810776,-15.585414,139.159882,-13.587763,-0.103266,0.953314,0.150243,-0.240739,-2.141058,124.662567,17.088896,-0.019418,0.757880,-0.072471,-0.648065,14.573725,129.878494,8.797567,-0.092742,0.363773,0.287565,-0.881121,18.795906,128.168671,-17.317862,0.112696,0.141406,0.230002,-0.956244,4.737854,142.332413,-31.814278,0.039117,0.963610,0.223845,0.140783,-14.881398,84.817680,13.666536,0.027386,0.969546,0.022461,0.242334,-15.321983,52.853943,-2.103180,-0.064966,0.941301,-0.012533,0.331020,-17.220285,8.002562,-4.658409,-0.115446,0.989573,-0.085819,-0.007186,3.748982,84.890541,14.213305,-0.060856,0.943223,-0.326172,0.015462,11.937271,50.720829,20.208391,-0.011456,0.956798,-0.282671,-0.067112,16.645721,15.656972,47.959705,-0.064966,0.941301,-0.012533,0.331020,-7.795541,2.269471,-15.165994,-0.011456,0.956798,-0.282671,-0.067112,15.303627,2.986121,39.607952
674,5.616667,-0.001276,0.999191,-0.033473,0.022278,-5.626798,84.913513,13.911160,0.014418,0.995826,0.062537,-0.064897,-5.634885,92.538162,13.399546,-0.040483,0.994234,0.039583,-0.091065,-4.965218,110.569176,15.629900,-0.003855,0.981175,-0.182655,-0.062592,-6.445937,130.643387,17.369099,0.001457,0.970017,-0.238648,-0.045953,-7.111817,143.455032,10.473674,0.052998,0.977273,0.182610,0.093719,-9.545029,124.028107,18.475470,0.137161,-0.634621,0.072177,-0.757122,-28.469467,126.698090,15.301643,-0.095838,-0.172817,-0.536555,-0.820401,-23.589180,119.185661,-9.648570,0.028751,0.067511,-0.581582,-0.810171,-15.570092,139.284058,-13.624409,-0.102971,0.955504,0.149664,-0.232399,-2.244821,124.681366,17.150625,-0.012088,0.760854,-0.069340,-0.645094,14.625226,129.841370,9.143620,-0.096648,0.352409,0.299722,-0.881268,19.063370,127.957413,-16.923986,0.107733,0.129965,0.241489,-0.955607,5.008544,142.612946,-30.763912,0.038798,0.963326,0.221310,0.146699,-14.936792,84.875854,13.497056,0.027892,0.968278,0.021925,0.247346,-15.286754,52.829899,-2.107215,-0.064363,0.941193,-0.011453,0.331483,-17.227806,7.978898,-4.636806,-0.117710,0.989202,-0.087275,0.002436,3.683196,84.951180,14.325263,-0.061199,0.943993,-0.323184,0.026137,11.968975,50.837063,20.500349,-0.013493,0.958223,-0.279262,-0.060335,16.404646,15.602532,48.079906,-0.064363,0.941193,-0.011453,0.331483,-7.796726,2.268270,-15.150944,-0.013493,0.958223,-0.279262,-0.060335,15.254391,2.987900,39.615189
675,5.625000,-0.001207,0.998976,-0.033725,0.030137,-5.690161,84.976158,13.897790,0.013959,0.996272,0.063672,-0.056512,-5.693063,92.600563,13.382324,-0.039841,0.995032,0.038879,-0.082539,-5.057772,110.591469,15.655680,-0.002854,0.981741,-0.181682,-0.056281,-6.529964,130.669998,17.351757,0.001515,0.970303,-0.238222,-0.041951,-7.110348,143.495529,10.474473,0.052701,0.976809,0.182365,0.099044,-9.660060,124.061562,18.410732,0.136895,-0.632756,0.072314,-0.758716,-28.545942,126.756058,15.034459,-0.097230,-0.167975,-0.538658,-0.819865,-23.541403,119.254494,-9.894382,0.027926,0.071240,-0.581965,-0.809606,-15.550717,139.402145,-13.648912,-0.103053,0.957483,0.149456,-0.224208,-2.337038,124.699890,17.210390,-0.004292,0.763868,-0.066104,-0.641964,14.677279,129.821503,9.489116,-0.101000,0.340446,0.312130,-0.881175,19.335775,127.745369,-16.525381,0.102312,0.118202,0.252808,-0.954803,5.300931,142.894379,-29.669121,0.038264,0.962912,0.219016,0.152867,-14.992478,84.934738,13.337413,0.028552,0.967395,0.021478,0.250740,-15.232368,52.813839,-2.114108,-0.063968,0.941057,-0.010867,0.331968,-17.231951,7.964438,-4.626374,-0.120035,0.988725,-0.088666,0.012370,3.612155,85.017586,14.458168,-0.060377,0.944801,-0.320169,0.034607,11.994776,50.960327,20.813734,-0.014757,0.959638,-0.275965,-0.052163,16.128235,15.542335,48.204590,-0.063968,0.941057,-0.010867,0.331968,-7.792895,2.265698,-15.139796,-0.014757,0.959638,-0.275965,-0.052163,15.188557,2.984595,39.629997
676,5.633333,-0.001317,0.998704,-0.033701,0.038110,-5.743186,85.026039,13.883737,0.012397,0.996732,0.063038,-0.048979,-5.743659,92.650452,13.368567,-0.039470,0.995584,0.039935,-0.075229,-5.183039,110.650024,15.627170,-0.000299,0.982102,-0.181595,-0.049986,-6.649494,130.726379,17.353703,0.001477,0.970600,-0.237729,-0.037660,-7.103015,143.553696,10.470196,0.052475,0.976148,0.182733,0.104837,-9.804585,124.120079,18.349981,0.137357,-0.631031,0.071890,-0.760109,-28.645620,126.847122,14.756287,-0.098436,-0.162499,-0.539979,-0.819956,-23.522247,119.354393,-10.151054,0.026234,0.074564,-0.581377,-0.809786,-15.517423,139.529877,-13.673157,-0.102400,0.959702,0.149644,-0.214693,-2.463948,124.750198,17.257776,0.003746,0.766806,-0.062559,-0.638812,14.717366,129.802887,9.867997,-0.105129,0.328428,0.325092,-0.880567,19.590097,127.531746,-16.090899,0.097632,0.105366,0.263898,-0.953795,5.614592,143.182831,-28.533340,0.037706,0.962251,0.217350,0.159406,-15.035354,84.977585,13.175161,0.029461,0.966573,0.020547,0.253864,-15.151961,52.801849,-2.163260,-0.063502,0.940856,-0.010358,0.332641,-17.243708,7.953673,-4.621832,-0.122079,0.988189,-0.090019,0.021827,3.548982,85.074493,14.592312,-0.059865,0.945394,-0.317210,0.044982,12.009136,51.069744,21.123901,-0.013322,0.961092,-0.272964,-0.040184,15.815538,15.476635,48.334572,-0.063502,0.940856,-0.010358,0.332641,-7.793360,2.264415,-15.130241,-0.013322,0.961092,-0.272964,-0.040184,15.125454,2.974415,39.655762
677,5.641667,-0.001362,0.998343,-0.033995,0.046401,-5.792013,85.081352,13.886617,0.012650,0.997057,0.064194,-0.039961,-5.788692,92.705467,13.366940,-0.039341,0.996281,0.039081,-0.065944,-5.238544,110.672638,15.668371,0.000203,0.982511,-0.181193,-0.042900,-6.718164,130.752136,17.346495,0.001350,0.970947,-0.237019,-0.032890,-7.094221,143.584930,10.468550,0.051789,0.975449,0.183262,0.110602,-9.897462,124.149773,18.290592,0.132887,-0.629173,0.075726,-0.762069,-28.693140,126.892578,14.478040,-0.103573,-0.159627,-0.541487,-0.818892,-23.475630,119.400024,-10.409813,0.022958,0.077624,-0.579431,-0.810992,-15.492553,139.651871,-13.695900,-0.102873,0.961585,0.149359,-0.206067,-2.537146,124.772026,17.334820,0.012906,0.769454,-0.057867,-0.635945,14.781037,129.797501,10.252363,-0.107862,0.315360,0.338758,-0.879862,19.839481,127.319847,-15.652063,0.094679,0.091815,0.275987,-0.952070,5.944884,143.464767,-27.365828,0.037779,0.961496,0.215334,0.166519,-15.071117,85.026596,13.024068,0.030158,0.966029,0.020149,0.255878,-15.104425,52.789070,-2.184453,-0.063788,0.940611,-0.010110,0.333288,-17.260746,7.943172,-4.628820,-0.124023,0.987590,-0.090548,0.032949,3.487093,85.136101,14.749166,-0.058858,0.945846,-0.314417,0.055252,12.006219,51.172256,21.415531,-0.010634,0.962563,-0.269877,-0.022937,15.450345,15.409747,48.451790,-0.063788,0.940611,-0.010110,0.333288,-7.792033,2.264686,-15.126520,-0.010634,0.962563,-0.269877,-0.022937,15.112331,2.966461,39.668064
678,5.650000,-0.001412,0.997931,-0.034007,0.054556,-5.835700,85.132721,13.895038,0.011143,0.997420,0.063287,-0.031997,-5.828877,92.756813,13.375187,-0.038725,0.996729,0.040622,-0.058142,-5.352137,110.746971,15.652281,0.002410,0.982661,-0.181761,-0.036519,-6.816369,130.823441,17.379324,0.001201,0.971149,-0.236732,-0.028751,-7.075128,143.648239,10.481077,0.050743,0.974840,0.182951,0.116794,-10.023377,124.224472,18.250578,0.132522,-0.627198,0.076090,-0.763722,-28.768658,126.969078,14.198709,-0.104960,-0.154145,-0.543098,-0.818699,-23.422560,119.481186,-10.663244,0.021783,0.081614,-0.579616,-0.810500,-15.442213,139.766876,-13.709223,-0.102535,0.963575,0.149251,-0.196809,-2.647924,124.834618,17.410740,0.021820,0.772090,-0.054107,-0.632830,14.817476,129.800995,10.655674,-0.111106,0.302416,0.352474,-0.878614,20.069071,127.092377,-15.187120,0.092142,0.078451,0.288582,-0.949777,6.284946,143.736191,-26.170788,0.038043,0.960647,0.213554,0.173506,-15.099459,85.071877,12.881186,0.030790,0.965512,0.019685,0.257782,-15.063314,52.781349,-2.214479,-0.064006,0.940352,-0.009960,0.333978,-17.280405,7.937253,-4.637406,-0.125933,0.986859,-0.091349,0.043649,3.428058,85.193558,14.908889,-0.057636,0.946197,-0.311366,0.066637,12.003531,51.274132,21.727461,-0.005393,0.963784,-0.266610,-0.003161,15.041900,15.327111,48.566959,-0.064006,0.940352,-0.009960,0.333978,-7.793345,2.266364,-15.122643,-0.005393,0.963784,-0.266610,-0.003161,15.070112,2.946728,39.688400
679,5.658333,-0.001526,0.997438,-0.034130,0.062855,-5.872235,85.180267,13.913849,0.011294,0.997606,0.064229,-0.022992,-5.862709,92.804237,13.392085,-0.038728,0.997282,0.039231,-0.048879,-5.401243,110.754013,15.702624,0.003173,0.983091,-0.180741,-0.029251,-6.884425,130.834961,17.360027,0.001031,0.971422,-0.236170,-0.023715,-7.056372,143.673782,10.485200,0.050512,0.974189,0.182960,0.122187,-10.111379,124.239792,18.185179,0.133035,-0.625861,0.074642,-0.764872,-28.807619,127.012672,13.931046,-0.106296,-0.148476,-0.544630,-0.818556,-23.361109,119.571213,-10.923050,0.019676,0.085411,-0.579163,-0.810487,-15.383312,139.879227,-13.723034,-0.103607,0.965391,0.149134,-0.187205,-2.721164,124.843689,17.481668,0.031878,0.774372,-0.048652,-0.630052,14.878565,129.801010,11.077729,-0.113234,0.289058,0.366708,-0.877011,20.287518,126.866974,-14.707935,0.090169,0.064415,0.301947,-0.946862,6.655493,143.997681,-24.956427,0.038529,0.959786,0.211850,0.180127,-15.117827,85.111916,12.746303,0.031348,0.964860,0.019202,0.260182,-15.033690,52.772377,-2.243881,-0.064509,0.940057,-0.009758,0.334719,-17.304424,7.929721,-4.643517,-0.127548,0.985989,-0.091565,0.056323,3.373357,85.248627,15.081395,-0.057277,0.946027,-0.308325,0.081777,11.971191,51.361210,22.029707,-0.002971,0.964710,-0.262714,0.017527,14.576533,15.241030,48.681606,-0.064509,0.940057,-0.009758,0.334719,-7.794643,2.270978,-15.114718,-0.002971,0.964710,-0.262714,0.017527,15.050019,2.935529,39.711998
680,5.666667,-0.001575,0.996879,-0.034208,0.071128,-5.897233,85.226196,13.934528,0.010422,0.997766,0.064403,-0.014382,-5.884048,92.850075,13.411633,-0.038589,0.997674,0.039272,-0.040185,-5.474101,110.793045,15.731929,0.005020,0.983371,-0.180171,-0.022219,-6.965997,130.874298,17.377798,0.000776,0.971521,-0.236181,-0.019098,-7.023869,143.720596,10.515019,0.049793,0.973412,0.183001,0.128452,-10.213308,124.281776,18.142038,0.132311,-0.623867,0.075188,-0.766571,-28.851505,127.070656,13.650298,-0.107466,-0.142391,-0.546199,-0.818439,-23.277189,119.638298,-11.178168,0.019506,0.089731,-0.580898,-0.808781,-15.296543,139.979660,-13.722905,-0.103927,0.967343,0.148452,-0.177226,-2.811397,124.878784,17.567398,0.042420,0.776461,-0.042686,-0.627285,14.926680,129.793594,11.522452,-0.116368,0.276658,0.381034,-0.874490,20.478546,126.627609,-14.205338,0.086903,0.051919,0.313132,-0.944299,7.061528,144.245667,-23.732431,0.038954,0.958997,0.210087,0.186198,-15.122164,85.151581,12.613956,0.031997,0.964194,0.018799,0.262588,-14.996621,52.761353,-2.266108,-0.064764,0.939666,-0.009530,0.335771,-17.327087,7.921004,-4.651681,-0.129429,0.984921,-0.091924,0.068766,3.327697,85.300812,15.255101,-0.056199,0.945619,-0.305077,0.097843,11.964896,51.452553,22.344034,0.000209,0.965219,-0.258392,0.039811,14.059661,15.142211,48.781696,-0.064764,0.939666,-0.009530,0.335771,-7.790280,2.273002,-15.104085,0.000209,0.965219,-0.258392,0.039811,15.005409,2.920516,39.735191
681,5.675000,-0.001779,0.996262,-0.034097,0.079348,-5.922634,85.270477,13.963260,0.009257,0.997905,0.063738,-0.006170,-5.908378,92.894455,13.441925,-0.038399,0.997922,0.040641,-0.032032,-5.559278,110.867050,15.745169,0.007213,0.983225,-0.181619,-0.015206,-7.055037,130.944473,17.433653,0.000429,0.971653,-0.235983,-0.014239,-6.990545,143.769653,10.531555,0.048297,0.972618,0.183002,0.134881,-10.321684,124.353287,18.123318,0.130514,-0.621423,0.076979,-0.768683,-28.899967,127.129837,13.382618,-0.109560,-0.137853,-0.547682,-0.817947,-23.178730,119.692459,-11.410904,0.018014,0.093371,-0.581049,-0.808294,-15.209663,140.076355,-13.732916,-0.103540,0.969333,0.147486,-0.167096,-2.910781,124.943481,17.670393,0.052576,0.778455,-0.037312,-0.624380,14.965563,129.787231,11.986158,-0.120420,0.265090,0.394782,-0.871421,20.659035,126.382027,-13.680060,0.081800,0.039295,0.325241,-0.941267,7.481456,144.470703,-22.507572,0.039376,0.958132,0.208385,0.192376,-15.124496,85.187004,12.490985,0.032690,0.963158,0.018315,0.266312,-14.956203,52.748371,-2.282813,-0.064942,0.939407,-0.009216,0.336470,-17.349005,7.910442,-4.652094,-0.131359,0.983550,-0.091828,0.083316,3.279229,85.353943,15.435534,-0.055129,0.944885,-0.301625,0.114784,11.944313,51.540314,22.654488,0.006303,0.965111,-0.253665,0.064622,13.515268,15.030930,48.853256,-0.064942,0.939407,-0.009216,0.336470,-7.793768,2.273897,-15.093853,0.006303,0.965111,-0.253665,0.064622,14.941936,2.897565,39.751083
682,5.683333,-0.001701,0.995568,-0.034254,0.087567,-5.946605,85.312370,14.003047,0.008821,0.997853,0.064827,0.002840,-5.926645,92.936203,13.479561,-0.037800,0.998247,0.039436,-0.022784,-5.614866,110.867462,15.820301,0.008073,0.983433,-0.180910,-0.008080,-7.103292,130.950638,17.445818,0.000152,0.971744,-0.235849,-0.009386,-6.951222,143.785141,10.562459,0.047528,0.972001,0.182519,0.140148,-10.394732,124.366821,18.086330,0.129720,-0.619378,0.076958,-0.770468,-28.919741,127.147972,13.144152,-0.110898,-0.133321,-0.549187,-0.817509,-23.063807,119.744339,-11.628016,0.016699,0.096722,-0.580829,-0.808086,-15.113603,140.157028,-13.744601,-0.104557,0.971035,0.146619,-0.157040,-2.975600,124.942307,17.769735,0.063627,0.780219,-0.030558,-0.621511,15.018833,129.768402,12.455122,-0.125185,0.253713,0.408432,-0.867837,20.833788,126.129402,-13.151710,0.075171,0.028995,0.336318,-0.938296,7.930896,144.667511,-21.266193,0.040255,0.957249,0.206344,0.198686,-15.122899,85.224899,12.379239,0.033059,0.962466,0.018335,0.268756,-14.947245,52.730869,-2.272256,-0.064984,0.939149,-0.008742,0.337194,-17.365492,7.895189,-4.658169,-0.133326,0.981968,-0.091275,0.098148,3.229690,85.399849,15.626855,-0.054602,0.943351,-0.297882,0.135553,11.924412,51.616108,22.949400,0.009334,0.964297,-0.248662,0.090621,12.925297,14.899694,48.885513,-0.064984,0.939149,-0.008742,0.337194,-7.792399,2.272840,-15.091218,0.009334,0.964297,-0.248662,0.090621,14.921467,2.864856,39.759647
683,5.691667,-0.001801,0.994820,-0.034055,0.095763,-5.953661,85.347595,14.041112,0.007932,0.997779,0.065142,0.011458,-5.931204,92.971626,13.520694,-0.037700,0.998400,0.039748,-0.014042,-5.671831,110.905945,15.875528,0.009896,0.983316,-0.181637,-0.000876,-7.170215,130.988419,17.500475,-0.000103,0.971748,-0.235978,-0.004547,-6.903614,143.811569,10.599474,0.046415,0.971122,0.182470,0.146535,-10.478268,124.406860,18.075129,0.129081,-0.616910,0.078032,-0.772445,-28.936386,127.189400,12.889433,-0.112180,-0.128745,-0.550982,-0.816860,-22.927544,119.771591,-11.841846,0.015773,0.100006,-0.580374,-0.808033,-15.010053,140.221741,-13.750559,-0.104637,0.972706,0.145829,-0.147064,-3.054226,124.975876,17.888617,0.074869,0.781849,-0.023845,-0.618496,15.057111,129.750580,12.937077,-0.130544,0.243464,0.421570,-0.863691,20.987698,125.865089,-12.606950,0.066898,0.019820,0.348080,-0.934865,8.389110,144.829224,-20.043591,0.040709,0.956436,0.204838,0.203996,-15.101947,85.253410,12.266617,0.033739,0.961591,0.017822,0.271823,-14.898738,52.717888,-2.292118,-0.065327,0.938913,-0.008534,0.337790,-17.380619,7.884627,-4.657994,-0.134677,0.980268,-0.091121,0.112401,3.194624,85.441772,15.815608,-0.052506,0.942138,-0.294355,0.151574,11.876116,51.681854,23.262613,0.015890,0.962926,-0.242058,0.118018,12.312383,14.757434,48.917553,-0.065327,0.938913,-0.008534,0.337790,-7.789902,2.272613,-15.080418,0.015890,0.962926,-0.242058,0.118018,14.850593,2.843858,39.767273
684,5.700000,-0.001847,0.993979,-0.034199,0.104083,-5.958920,85.378532,14.089420,0.007127,0.997592,0.065936,0.020305,-5.932583,93.002411,13.566947,-0.037442,0.998503,0.039544,-0.005032,-5.723862,110.924065,15.950682,0.011520,0.983284,-0.181602,0.006323,-7.226480,131.007980,17.553789,-0.000477,0.971643,-0.236452,0.000187,-6.850674,143.830338,10.656385,0.045319,0.970307,0.182150,0.152548,-10.552443,124.430374,18.067083,0.130238,-0.614634,0.077159,-0.774151,-28.944775,127.210876,12.651650,-0.111617,-0.122829,-0.552721,-0.816672,-22.780111,119.799736,-12.043240,0.016331,0.103797,-0.582012,-0.806363,-14.882938,140.272247,-13.743038,-0.104906,0.974272,0.145262,-0.136702,-3.125554,124.990250,18.014297,0.086917,0.783123,-0.016055,-0.615553,15.097526,129.719925,13.444220,-0.134051,0.233060,0.434642,-0.859534,21.117313,125.587082,-12.040045,0.060652,0.010283,0.360681,-0.930658,8.841084,144.942307,-18.832016,0.040555,0.955561,0.203744,0.209159,-15.076211,85.277962,12.162328,0.034958,0.960735,0.017092,0.274724,-14.800840,52.709675,-2.321792,-0.065102,0.938660,-0.008344,0.338541,-17.398855,7.881653,-4.662193,-0.136194,0.978250,-0.090623,0.127541,3.158370,85.479103,16.016514,-0.052381,0.939166,-0.289841,0.176677,11.832473,51.742016,23.574806,0.019916,0.960685,-0.234960,0.146564,11.651364,14.579269,48.886387,-0.065102,0.938660,-0.008344,0.338541,-7.793270,2.273539,-15.073013,0.019916,0.960685,-0.234960,0.146564,14.808043,2.803061,39.750759
685,5.708333,-0.001718,0.993088,-0.034181,0.112276,-5.958567,85.408905,14.143684,0.006506,0.997343,0.066530,0.028944,-5.925995,93.032799,13.621931,-0.037357,0.998502,0.039793,0.003754,-5.760982,110.946182,16.027300,0.013109,0.983036,-0.182444,0.013509,-7.274275,131.029556,17.627148,-0.000855,0.971543,-0.236809,0.005037,-6.790203,143.838638,10.711832,0.044043,0.969482,0.181711,0.158577,-10.614347,124.454269,18.074461,0.129506,-0.612087,0.078404,-0.776164,-28.938412,127.225243,12.427645,-0.112328,-0.118533,-0.554507,-0.815999,-22.618338,119.796013,-12.222505,0.016345,0.107170,-0.582791,-0.805358,-14.760351,140.304688,-13.738658,-0.105333,0.975798,0.144212,-0.126199,-3.187194,125.007698,18.152443,0.099760,0.784181,-0.007617,-0.612414,15.139400,129.695480,13.969505,-0.136002,0.222972,0.447259,-0.855422,21.236494,125.300468,-11.452445,0.055702,0.000516,0.373136,-0.926103,9.298321,144.999390,-17.649914,0.040881,0.954702,0.202132,0.214512,-15.042830,85.305565,12.066582,0.035833,0.960078,0.016870,0.276914,-14.734097,52.692509,-2.315774,-0.064898,0.938450,-0.007830,0.339172,-17.407789,7.869378,-4.664621,-0.137458,0.975785,-0.089966,0.144414,3.125696,85.512238,16.220787,-0.051422,0.935981,-0.285226,0.199854,11.761539,51.791348,23.894287,0.024840,0.957559,-0.226808,0.176132,10.963533,14.380980,48.826332,-0.064898,0.938450,-0.007830,0.339172,-7.789030,2.273585,-15.069914,0.024840,0.957559,-0.226808,0.176132,14.749161,2.759890,39.731121
686,5.716667,-0.001687,0.992131,-0.033855,0.120528,-5.940673,85.419403,14.207916,0.005412,0.997046,0.066670,0.037740,-5.903895,93.043648,13.691457,-0.037046,0.998424,0.040193,0.012687,-5.799700,110.966255,16.103022,0.014112,0.982908,-0.182442,0.020199,-7.314895,131.049271,17.705563,-0.000481,0.971277,-0.237769,0.009331,-6.743289,143.857269,10.794938,0.042563,0.968578,0.181371,0.164773,-10.671003,124.477814,18.083633,0.130439,-0.609609,0.078447,-0.777951,-28.922409,127.233162,12.198880,-0.111945,-0.113664,-0.556413,-0.815447,-22.442226,119.781555,-12.402882,0.016374,0.111063,-0.583209,-0.804528,-14.628169,140.317932,-13.741231,-0.105755,0.977232,0.143320,-0.115299,-3.245697,125.021194,18.294498,0.112268,0.784905,-0.000309,-0.609361,15.179441,129.665894,14.515996,-0.137356,0.213405,0.459337,-0.851235,21.333691,124.983833,-10.840842,0.052189,-0.008956,0.386381,-0.920818,9.736038,145.005768,-16.488808,0.041327,0.953835,0.200920,0.219367,-14.989129,85.312149,11.980192,0.036745,0.959241,0.016385,0.279709,-14.657179,52.666897,-2.328414,-0.065395,0.938261,-0.007170,0.339616,-17.414722,7.848263,-4.666123,-0.138725,0.972998,-0.089060,0.161553,3.107782,85.526665,16.435640,-0.049584,0.932563,-0.280476,0.221814,11.704704,51.819157,24.210972,0.027912,0.953532,-0.217921,0.206173,10.268239,14.150426,48.721828,-0.065395,0.938261,-0.007170,0.339616,-7.779041,2.276019,-15.068393,0.027912,0.953532,-0.217921,0.206173,14.727719,2.707304,39.706757
687,5.725000,-0.001330,0.991113,-0.033987,0.128603,-5.927601,85.434402,14.281446,0.004426,0.996660,0.067088,0.046349,-5.880939,93.058517,13.764000,-0.037150,0.998256,0.040562,0.021459,-5.833822,110.971413,16.188623,0.015751,0.982562,-0.183219,0.027458,-7.367532,131.052917,17.792542,-0.000616,0.971055,-0.238426,0.014341,-6.685277,143.848114,10.868269,0.041480,0.967637,0.181065,0.170805,-10.732786,124.482574,18.102610,0.131112,-0.606575,0.079168,-0.780134,-28.909285,127.236115,11.989590,-0.111429,-0.109135,-0.558268,-0.814868,-22.239477,119.744919,-12.549397,0.016590,0.114456,-0.583929,-0.803524,-14.471701,140.309738,-13.725946,-0.106189,0.978502,0.142505,-0.104641,-3.312055,125.022057,18.444155,0.125222,0.785517,0.007263,-0.605995,15.200353,129.625900,15.063125,-0.138182,0.204565,0.470705,-0.847051,21.408382,124.644051,-10.223380,0.048309,-0.018236,0.398757,-0.915602,10.154433,144.954346,-15.371886,0.041612,0.952830,0.199898,0.224554,-14.938584,85.328369,11.906622,0.037764,0.958481,0.015862,0.282199,-14.565084,52.655602,-2.338014,-0.065007,0.938064,-0.006789,0.340242,-17.417568,7.842276,-4.663620,-0.139706,0.970021,-0.088152,0.178241,3.083380,85.540428,16.656269,-0.047873,0.928519,-0.275235,0.244552,11.624328,51.840939,24.527401,0.030839,0.948550,-0.208656,0.236146,9.568761,13.895300,48.562420,-0.065007,0.938064,-0.006789,0.340242,-7.771168,2.276839,-15.059601,0.030839,0.948550,-0.208656,0.236146,14.699957,2.639712,39.669384
688,5.733333,-0.000861,0.990033,-0.033791,0.136718,-5.909751,85.439171,14.362660,0.003536,0.996190,0.067651,0.054916,-5.852175,93.063507,13.849556,-0.037110,0.998041,0.040345,0.030159,-5.859087,110.955093,16.290356,0.015710,0.982100,-0.184517,0.034449,-7.404843,131.037430,17.872187,0.000083,0.970924,-0.238552,0.019989,-6.660169,143.814041,10.920076,0.040351,0.966830,0.180312,0.176350,-10.780091,124.469650,18.122105,0.132758,-0.603541,0.078813,-0.782241,-28.885592,127.213371,11.797601,-0.110373,-0.104266,-0.560234,-0.814300,-22.018147,119.696472,-12.678948,0.016785,0.117583,-0.585296,-0.802073,-14.303219,140.284363,-13.694364,-0.107142,0.979759,0.141089,-0.093205,-3.366001,125.003242,18.592781,0.138794,0.785915,0.015725,-0.602351,15.226199,129.580200,15.640153,-0.137248,0.196138,0.481231,-0.843274,21.477690,124.299011,-9.574817,0.045602,-0.027351,0.410699,-0.910219,10.557782,144.848862,-14.292934,0.041848,0.951544,0.198987,0.230690,-14.880625,85.337166,11.840372,0.039041,0.958007,0.015434,0.283654,-14.446886,52.639896,-2.346212,-0.065157,0.937863,-0.006488,0.340771,-17.416616,7.834190,-4.671740,-0.140699,0.966586,-0.087555,0.195574,3.061122,85.541168,16.884947,-0.045971,0.923413,-0.270137,0.268738,11.535666,51.854050,24.879852,0.031525,0.942713,-0.198989,0.265900,8.824693,13.642359,48.423351,-0.065157,0.937863,-0.006488,0.340771,-7.756022,2.279265,-15.060165,0.031525,0.942713,-0.198989,0.265900,14.656340,2.597639,39.699265
689,5.741667,-0.000329,0.988926,-0.033598,0.144558,-5.884653,85.430374,14.453009,0.003070,0.995614,0.068638,0.063499,-5.815391,93.054924,13.944474,-0.037328,0.997739,0.040021,0.039021,-5.862371,110.940262,16.419189,0.016688,0.981715,-0.185025,0.041509,-7.430412,131.022995,17.973814,0.000211,0.970567,-0.239546,0.024848,-6.594829,143.791122,11.016433,0.039202,0.965904,0.179829,0.182085,-10.811378,124.456146,18.163626,0.134058,-0.600295,0.079474,-0.784448,-28.840776,127.192047,11.622073,-0.109334,-0.099905,-0.562206,-0.813627,-21.771708,119.619957,-12.779940,0.017199,0.120707,-0.586526,-0.800700,-14.113646,140.239883,-13.652365,-0.108230,0.980854,0.139326,-0.082460,-3.406664,124.987671,18.765839,0.151075,0.786240,0.020847,-0.598806,15.249598,129.546143,16.216213,-0.137013,0.189010,0.490886,-0.839365,21.538105,123.910294,-8.912626,0.044005,-0.035019,0.421539,-0.905065,10.944777,144.685165,-13.248142,0.042383,0.949956,0.198439,0.237508,-14.814436,85.333786,11.788700,0.040372,0.957269,0.014825,0.285984,-14.324737,52.624203,-2.367641,-0.065025,0.937587,-0.006134,0.341561,-17.418953,7.826346,-4.682147,-0.141377,0.962715,-0.086601,0.213760,3.045129,85.526955,17.117317,-0.044321,0.917669,-0.264561,0.293133,11.428349,51.841618,25.215345,0.033498,0.935692,-0.188704,0.296224,8.111843,13.348404,48.216480,-0.065025,0.937587,-0.006134,0.341561,-7.741265,2.280665,-15.059595,0.033498,0.935692,-0.188704,0.296224,14.627361,2.521973,39.705311
690,5.750000,-0.000026,0.987727,-0.033616,0.152530,-5.841968,85.423126,14.560759,0.001961,0.994996,0.069197,0.072047,-5.763996,93.047653,14.053236,-0.037449,0.997354,0.040024,0.047755,-5.873423,110.912415,16.542036,0.017202,0.981228,-0.185904,0.048316,-7.459877,130.994766,18.082762,0.000876,0.970220,-0.240390,0.029751,-6.547951,143.749573,11.110541,0.037880,0.965026,0.179227,0.187533,-10.846422,124.429276,18.209003,0.135403,-0.596901,0.079758,-0.786775,-28.801744,127.147995,11.459837,-0.108094,-0.095423,-0.563873,-0.813177,-21.519596,119.535782,-12.866920,0.017320,0.123809,-0.587012,-0.799868,-13.906839,140.174271,-13.599525,-0.109580,0.981918,0.137005,-0.071129,-3.453133,124.957184,18.940821,0.163234,0.786549,0.025420,-0.595020,15.259168,129.503891,16.816313,-0.137162,0.184072,0.499522,-0.835333,21.584711,123.498596,-8.217463,0.040732,-0.040468,0.430853,-0.900594,11.318355,144.473419,-12.258127,0.042599,0.948457,0.198434,0.243390,-14.727612,85.327080,11.752738,0.042069,0.956656,0.013964,0.287827,-14.164899,52.618645,-2.403557,-0.064735,0.937314,-0.006239,0.342363,-17.422703,7.831147,-4.693838,-0.141645,0.958745,-0.085247,0.231252,3.043675,85.519173,17.368780,-0.042335,0.911075,-0.259060,0.317864,11.319561,51.822655,25.530481,0.034235,0.927448,-0.178282,0.326932,7.382873,13.054893,47.965767,-0.064735,0.937314,-0.006239,0.342363,-7.730479,2.280998,-15.055314,0.034235,0.927448,-0.178282,0.326932,14.598572,2.460971,39.731323
691,5.758333,0.000321,0.986514,-0.033540,0.160206,-5.791543,85.402222,14.672091,0.000898,0.994301,0.070055,0.080351,-5.704575,93.026825,14.167179,-0.037481,0.996923,0.039673,0.056270,-5.875272,110.875214,16.680824,0.018018,0.980859,-0.185929,0.054965,-7.475339,130.958603,18.193739,0.001358,0.969747,-0.241677,0.034368,-6.481050,143.711884,11.229986,0.036480,0.963971,0.179301,0.193081,-10.867608,124.395203,18.262377,0.137204,-0.593274,0.080306,-0.789147,-28.745127,127.099182,11.303999,-0.106643,-0.091264,-0.565811,-0.812500,-21.238760,119.423424,-12.934473,0.017472,0.126539,-0.587602,-0.799004,-13.688219,140.088898,-13.542371,-0.110789,0.982975,0.133909,-0.059620,-3.487552,124.918556,19.120169,0.174356,0.786786,0.028261,-0.591413,15.272723,129.447571,17.424225,-0.138018,0.181074,0.506869,-0.831412,21.626080,123.060478,-7.507802,0.035988,-0.044024,0.440088,-0.896153,11.664907,144.205872,-11.325269,0.043272,0.946654,0.198621,0.250048,-14.632437,85.307983,11.726154,0.043706,0.955954,0.013050,0.289951,-14.012093,52.608978,-2.449511,-0.064666,0.936977,-0.006340,0.343296,-17.429098,7.831883,-4.711056,-0.141649,0.954567,-0.084904,0.248048,3.049352,85.496460,17.618029,-0.039273,0.904661,-0.253753,0.340081,11.187334,51.795864,25.900667,0.034210,0.918732,-0.166644,0.356359,6.621868,12.760904,47.745747,-0.064666,0.936977,-0.006340,0.343296,-7.717032,2.280062,-15.053037,0.034210,0.918732,-0.166644,0.356359,14.515591,2.432781,39.800774
692,5.766667,0.000718,0.985231,-0.033459,0.167930,-5.743530,85.375000,14.797178,-0.000043,0.993595,0.070720,0.088128,-5.646851,92.999687,14.295198,-0.037759,0.996451,0.039428,0.064077,-5.872914,110.836533,16.827000,0.019047,0.980250,-0.186960,0.061584,-7.495321,130.919846,18.316782,0.001601,0.969335,-0.242560,0.039402,-6.411536,143.656891,11.336699,0.035166,0.963285,0.177819,0.198056,-10.888626,124.356651,18.331602,0.139371,-0.589725,0.080371,-0.791417,-28.694391,127.033821,11.181531,-0.104151,-0.086648,-0.567243,-0.812330,-20.965992,119.303688,-12.969724,0.018561,0.129952,-0.588197,-0.797993,-13.452423,139.980194,-13.467288,-0.111740,0.983930,0.130628,-0.048299,-3.522876,124.879478,19.304907,0.187671,0.786784,0.033572,-0.587047,15.276539,129.383972,18.029097,-0.136545,0.178252,0.513639,-0.828105,21.647141,122.600220,-6.793512,0.032088,-0.045350,0.448893,-0.891857,11.975725,143.877563,-10.459482,0.043575,0.944793,0.199024,0.256626,-14.537176,85.283447,11.712988,0.045586,0.955444,0.012177,0.291378,-13.831032,52.597736,-2.489290,-0.064118,0.936686,-0.006246,0.344192,-17.428810,7.833755,-4.730070,-0.141110,0.950258,-0.084188,0.264594,3.050117,85.466553,17.881369,-0.036202,0.898303,-0.247889,0.360959,11.021404,51.746445,26.246284,0.032235,0.909329,-0.156166,0.384309,5.899337,12.426132,47.446674,-0.064118,0.936686,-0.006246,0.344192,-7.702440,2.279934,-15.057522,0.032235,0.909329,-0.156166,0.384309,14.446608,2.360115,39.849110
693,5.775000,0.001223,0.983917,-0.033103,0.175529,-5.683639,85.342979,14.931112,-0.001066,0.992820,0.071509,0.095883,-5.576443,92.968010,14.436601,-0.038170,0.995913,0.039099,0.071910,-5.861486,110.794113,16.990124,0.020180,0.979632,-0.187809,0.068130,-7.511153,130.877228,18.452652,0.002031,0.968833,-0.243730,0.044209,-6.335697,143.600357,11.462064,0.033391,0.962479,0.176792,0.203133,-10.902958,124.313332,18.414583,0.142051,-0.585946,0.080327,-0.793748,-28.634525,126.950089,11.067801,-0.101237,-0.082006,-0.568833,-0.812069,-20.670227,119.156540,-12.986244,0.019886,0.133249,-0.588598,-0.797121,-13.203692,139.845963,-13.382483,-0.112986,0.984770,0.126906,-0.036850,-3.553538,124.837723,19.503624,0.199261,0.787003,0.035206,-0.582823,15.272802,129.330139,18.653133,-0.134288,0.177433,0.519180,-0.825189,21.667633,122.103584,-6.037943,0.031088,-0.045997,0.455980,-0.888257,12.258920,143.489349,-9.664829,0.044560,0.942889,0.199191,0.263244,-14.428620,85.257111,11.711365,0.047101,0.954979,0.011593,0.292681,-13.685753,52.582329,-2.514167,-0.063286,0.936296,-0.006024,0.345410,-17.425644,7.829732,-4.749526,-0.140112,0.945934,-0.082920,0.280537,3.061342,85.428848,18.150860,-0.033177,0.891381,-0.242727,0.381344,10.851518,51.673653,26.544792,0.031237,0.899401,-0.144663,0.411308,5.186976,12.106687,47.139622,-0.063286,0.936296,-0.006024,0.345410,-7.680593,2.274623,-15.058658,0.031237,0.899401,-0.144663,0.411308,14.341877,2.317727,39.896172
694,5.783333,0.001999,0.982545,-0.033061,0.183054,-5.634918,85.305336,15.076481,-0.001463,0.991978,0.072501,0.103548,-5.512402,92.930374,14.585602,-0.038799,0.995321,0.038490,0.079684,-5.834925,110.743561,17.169512,0.021071,0.979027,-0.188359,0.074720,-7.519288,130.826614,18.592575,0.002436,0.968260,-0.245048,0.049185,-6.258838,143.540375,11.599745,0.031905,0.961482,0.176357,0.208404,-10.906161,124.260643,18.505772,0.144162,-0.582029,0.081693,-0.796106,-28.557444,126.873337,10.959764,-0.098741,-0.077972,-0.570628,-0.811514,-20.362312,118.976440,-12.982777,0.021530,0.136130,-0.589390,-0.796005,-12.957353,139.689529,-13.287642,-0.113771,0.985532,0.123033,-0.025431,-3.575018,124.790215,19.709455,0.210197,0.787243,0.035797,-0.578606,15.271986,129.255966,19.280710,-0.130007,0.177287,0.523502,-0.823172,21.689060,121.580673,-5.268776,0.033121,-0.046204,0.462758,-0.884660,12.498096,143.031708,-8.948733,0.044707,0.940656,0.200217,0.270336,-14.329563,85.229149,11.722947,0.049339,0.954381,0.010361,0.294306,-13.468942,52.584511,-2.565006,-0.061842,0.935959,-0.006113,0.346583,-17.429277,7.848886,-4.760052,-0.138480,0.941964,-0.082475,0.294493,3.059728,85.381523,18.430016,-0.030120,0.884571,-0.237735,0.400136,10.627497,51.588650,26.875681,0.029220,0.889818,-0.132891,0.435557,4.468948,11.788604,46.870872,-0.061842,0.935959,-0.006113,0.346583,-7.673976,2.277405,-15.050644,0.029220,0.889818,-0.132891,0.435557,14.179657,2.293579,39.967957
695,5.791667,0.002589,0.981134,-0.032631,0.190539,-5.561872,85.257057,15.227538,-0.002700,0.991077,0.073549,0.111133,-5.428030,92.882484,14.745771,-0.039082,0.994688,0.037988,0.087328,-5.818409,110.680565,17.358015,0.021601,0.978419,-0.188928,0.080848,-7.523291,130.764282,18.746931,0.003281,0.967681,-0.246357,0.053774,-6.191786,143.468918,11.750672,0.030251,0.960725,0.174867,0.213340,-10.908811,124.198463,18.610695,0.147626,-0.578091,0.081627,-0.798345,-28.483414,126.770065,10.874003,-0.095345,-0.073576,-0.572121,-0.811279,-20.045450,118.790222,-12.956421,0.022698,0.138927,-0.589868,-0.795135,-12.689161,139.512497,-13.182461,-0.114676,0.986205,0.118548,-0.013962,-3.597014,124.728134,19.926764,0.220538,0.787619,0.035075,-0.574273,15.259483,129.174332,19.919991,-0.124246,0.178494,0.526559,-0.821851,21.705282,121.032822,-4.471272,0.036430,-0.046103,0.469863,-0.880782,12.692380,142.514175,-8.309007,0.045950,0.938865,0.200337,0.276201,-14.204343,85.188515,11.741590,0.051220,0.953474,0.009263,0.296947,-13.335119,52.555340,-2.572021,-0.061457,0.935326,-0.005335,0.348368,-17.479567,7.834780,-4.734025,-0.136546,0.938341,-0.082079,0.306813,3.080599,85.325607,18.713486,-0.027798,0.877865,-0.232776,0.417607,10.419440,51.490166,27.190676,0.025264,0.881079,-0.122512,0.456127,3.872141,11.468214,46.611164,-0.061457,0.935326,-0.005335,0.348368,-7.686803,2.282423,-14.999339,0.025264,0.881079,-0.122512,0.456127,14.074729,2.260237,40.036674
696,5.800000,0.003243,0.979677,-0.032266,0.197943,-5.486454,85.209831,15.385401,-0.003800,0.990139,0.074388,0.118648,-5.340275,92.835564,14.912088,-0.039274,0.993999,0.037665,0.094890,-5.792961,110.617661,17.544634,0.023355,0.977709,-0.189451,0.087450,-7.514831,130.701752,18.906879,0.002968,0.967046,-0.247776,0.058488,-6.074297,143.395874,11.913144,0.028267,0.960058,0.173200,0.217923,-10.899173,124.136589,18.719378,0.149992,-0.573769,0.082849,-0.800892,-28.401682,126.650581,10.802425,-0.092367,-0.069969,-0.573917,-0.810674,-19.710447,118.569695,-12.902596,0.024167,0.141764,-0.590511,-0.794113,-12.421916,139.316467,-13.065717,-0.115812,0.986763,0.113485,-0.002691,-3.608129,124.664879,20.146448,0.231166,0.787645,0.032619,-0.570187,15.245494,129.104691,20.552792,-0.117673,0.181211,0.529257,-0.820489,21.684673,120.437195,-3.658320,0.040355,-0.044402,0.476962,-0.876874,12.856025,141.940186,-7.736613,0.046242,0.936974,0.201372,0.281763,-14.075247,85.150017,11.769064,0.053385,0.952848,0.008202,0.298601,-13.119089,52.548420,-2.610792,-0.060596,0.935029,-0.005462,0.349312,-17.473276,7.846567,-4.747152,-0.133749,0.934725,-0.081199,0.319071,3.102339,85.269653,19.001740,-0.026956,0.870424,-0.227346,0.435832,10.167880,51.370083,27.454889,0.021228,0.872760,-0.112503,0.474534,3.367314,11.119303,46.307098,-0.060596,0.935029,-0.005462,0.349312,-7.669202,2.282898,-14.995529,0.021228,0.872760,-0.112503,0.474534,14.008164,2.193826,40.045177
697,5.808333,0.004222,0.978211,-0.031595,0.205153,-5.410084,85.141647,15.538820,-0.004833,0.989142,0.075529,0.125975,-5.247895,92.767921,15.079700,-0.039657,0.993273,0.037049,0.102296,-5.762018,110.546135,17.744898,0.024052,0.976976,-0.190186,0.093644,-7.506836,130.630875,19.067945,0.003601,0.966455,-0.248891,0.063279,-5.989481,143.313049,12.068774,0.026813,0.959343,0.171669,0.222425,-10.887086,124.065063,18.834270,0.154121,-0.569358,0.083236,-0.803212,-28.315887,126.541245,10.744693,-0.087999,-0.065826,-0.575805,-0.810168,-19.360748,118.344131,-12.821778,0.026653,0.144438,-0.591901,-0.792516,-12.145786,139.107697,-12.938644,-0.117209,0.987171,0.108106,0.008230,-3.618246,124.595390,20.369736,0.240582,0.788050,0.027804,-0.565972,15.220412,129.044159,21.175497,-0.111094,0.185600,0.531045,-0.819269,21.677956,119.826492,-2.826603,0.046179,-0.040833,0.481449,-0.874304,13.015059,141.334183,-7.219034,0.046338,0.934721,0.202728,0.288186,-13.944570,85.097816,11.795905,0.055820,0.951991,0.006750,0.300918,-12.867357,52.535892,-2.665059,-0.059461,0.934791,-0.005505,0.350144,-17.463484,7.855997,-4.753498,-0.130920,0.931228,-0.080623,0.330415,3.124402,85.185471,19.281736,-0.026015,0.863127,-0.222219,0.452718,9.916700,51.225883,27.717939,0.015883,0.865487,-0.102038,0.490172,2.888936,10.763323,46.025604,-0.059461,0.934791,-0.005505,0.350144,-7.653390,2.279884,-14.989340,0.015883,0.865487,-0.102038,0.490172,13.931891,2.148305,40.030773
698,5.816667,0.005270,0.976702,-0.030981,0.212287,-5.333107,85.074303,15.700499,-0.006190,0.988074,0.076738,0.133350,-5.153917,92.701012,15.255122,-0.039492,0.992509,0.036345,0.109747,-5.741389,110.456360,17.950190,0.024436,0.976279,-0.190644,0.099690,-7.486375,130.543701,19.232677,0.004174,0.965866,-0.249914,0.068036,-5.902674,143.218445,12.234727,0.025358,0.958643,0.170161,0.226726,-10.869107,123.980988,18.952971,0.157265,-0.564516,0.084638,-0.805870,-28.225990,126.417778,10.698471,-0.083707,-0.062294,-0.577646,-0.809591,-18.992182,118.094490,-12.715751,0.029242,0.147588,-0.593296,-0.790799,-11.850961,138.882858,-12.807091,-0.118367,0.987506,0.102315,0.018770,-3.623607,124.505447,20.596933,0.254519,0.788426,0.031500,-0.559117,15.193457,128.960144,21.784391,-0.099825,0.187982,0.532611,-0.819160,21.694052,119.254539,-2.012868,0.052847,-0.035972,0.484857,-0.872254,13.169917,140.686768,-6.761376,0.046999,0.932532,0.203769,0.294369,-13.811904,85.047661,11.832923,0.057850,0.951067,0.005590,0.303470,-12.660206,52.520325,-2.699964,-0.058772,0.934579,-0.005446,0.350824,-17.455418,7.859892,-4.756861,-0.128421,0.927786,-0.079768,0.341114,3.145689,85.100952,19.568073,-0.025690,0.855956,-0.217070,0.468572,9.699883,51.085369,27.966993,0.010053,0.859185,-0.093381,0.502971,2.530445,10.417899,45.758415,-0.058772,0.934579,-0.005446,0.350824,-7.637551,2.278735,-14.982504,0.010053,0.859185,-0.093381,0.502971,13.912371,2.082763,40.006832
699,5.825000,0.006510,0.975126,-0.030312,0.219470,-5.264518,84.998222,15.872425,-0.007343,0.987009,0.078023,0.140252,-5.065826,92.625336,15.442513,-0.039462,0.991772,0.035240,0.116570,-5.719140,110.363564,18.171444,0.024273,0.975571,-0.191320,0.105208,-7.466551,130.454224,19.397804,0.005261,0.965313,-0.250702,0.072745,-5.835636,143.119324,12.393269,0.023632,0.958045,0.168293,0.230802,-10.850035,123.893524,19.081913,0.160925,-0.559559,0.085534,-0.808505,-28.137953,126.275803,10.668303,-0.078574,-0.058428,-0.579635,-0.808972,-18.616856,117.834999,-12.588258,0.033371,0.150536,-0.594862,-0.788901,-11.557922,138.646210,-12.663865,-0.119615,0.987724,0.096279,0.028686,-3.627498,124.415329,20.824799,0.263719,0.788755,0.025478,-0.554679,15.159829,128.886169,22.368870,-0.092562,0.194861,0.533763,-0.817654,21.669746,118.606888,-1.183701,0.059626,-0.029576,0.487667,-0.870489,13.325959,140.015411,-6.361932,0.047616,0.930233,0.204638,0.300871,-13.685232,84.992538,11.879886,0.060055,0.950023,0.004700,0.306313,-12.453650,52.494656,-2.712227,-0.057820,0.934233,-0.005163,0.351908,-17.454971,7.856789,-4.768046,-0.125467,0.923988,-0.078997,0.352510,3.156197,85.003899,19.864964,-0.025887,0.849312,-0.212169,0.482683,9.435625,50.926136,28.221628,0.005855,0.853805,-0.083084,0.513888,2.203158,10.070408,45.550201,-0.057820,0.934233,-0.005163,0.351908,-7.622685,2.274107,-14.978987,0.005855,0.853805,-0.083084,0.513888,13.878491,2.029543,39.970364
700,5.833333,0.007916,0.973632,-0.029616,0.226054,-5.190550,84.918335,16.044136,-0.008952,0.985939,0.079628,0.146639,-4.970428,92.545769,15.630786,-0.039272,0.991064,0.033848,0.122900,-5.706343,110.263252,18.401695,0.024797,0.974915,-0.191520,0.110658,-7.447134,130.358383,19.562174,0.006123,0.964694,-0.251659,0.077437,-5.752002,143.019562,12.565792,0.022111,0.957272,0.166900,0.235130,-10.833536,123.800674,19.217104,0.164727,-0.554342,0.086907,-0.811183,-28.046000,126.141380,10.638741,-0.073275,-0.054531,-0.581617,-0.808319,-18.229305,117.562172,-12.443634,0.037571,0.153466,-0.596647,-0.786797,-11.252623,138.399582,-12.507728,-0.120679,0.987829,0.090384,0.038236,-3.633360,124.318481,21.051296,0.272844,0.789285,0.020420,-0.549698,15.119290,128.803650,22.937422,-0.084210,0.202259,0.534203,-0.816472,21.661276,117.980942,-0.361453,0.066938,-0.022640,0.491278,-0.868132,13.479733,139.324921,-6.020399,0.047894,0.928252,0.205656,0.306202,-13.556215,84.937210,11.937542,0.062060,0.949582,0.003867,0.307289,-12.236349,52.470989,-2.717192,-0.056717,0.934224,-0.004887,0.352116,-17.429050,7.854491,-4.762331,-0.122979,0.920605,-0.079054,0.362096,3.175114,84.899452,20.150734,-0.025500,0.844286,-0.207359,0.493490,9.205511,50.778271,28.513611,0.001987,0.849232,-0.073542,0.522870,1.939303,9.739274,45.389091,-0.056717,0.934224,-0.004887,0.352116,-7.603358,2.266927,-14.976947,0.001987,0.849232,-0.073542,0.522870,13.863245,1.972201,39.948898
701,5.841667,0.009339,0.972116,-0.028686,0.232553,-5.116553,84.833275,16.216066,-0.010158,0.984859,0.081431,0.152704,-4.875837,92.461166,15.823068,-0.039338,0.990346,0.032555,0.128870,-5.680878,110.159065,18.644747,0.025179,0.974179,-0.192138,0.115863,-7.424601,130.257462,19.742661,0.007118,0.964095,-0.252466,0.082047,-5.670119,142.908890,12.743253,0.020451,0.956642,0.164787,0.239297,-10.810163,123.700806,19.370089,0.168819,-0.549121,0.087777,-0.813794,-27.948772,125.986801,10.630608,-0.067639,-0.051097,-0.583628,-0.807584,-17.834707,117.284462,-12.276626,0.041468,0.156669,-0.597948,-0.784980,-10.946687,138.145950,-12.355169,-0.121205,0.987922,0.084363,0.046920,-3.632453,124.218658,21.290319,0.281926,0.789635,0.016076,-0.544735,15.086615,128.704926,23.482586,-0.075454,0.209894,0.534707,-0.815070,21.649462,117.366112,0.436398,0.075226,-0.014628,0.494350,-0.865878,13.643050,138.633698,-5.719602,0.048571,0.926080,0.206507,0.312044,-13.426213,84.878159,11.997490,0.063884,0.948712,0.002990,0.309607,-12.039033,52.441608,-2.716608,-0.055302,0.934250,-0.004204,0.352279,-17.406088,7.845232,-4.750412,-0.121002,0.917537,-0.079409,0.370376,3.193107,84.788391,20.434643,-0.024682,0.841232,-0.203012,0.500506,9.011230,50.636818,28.823799,-0.002740,0.846368,-0.065390,0.528562,1.740904,9.433702,45.292694,-0.055302,0.934250,-0.004204,0.352279,-7.590214,2.259831,-14.975649,-0.002740,0.846368,-0.065390,0.528562,13.862434,1.921268,39.932163
702,5.850000,0.010661,0.970637,-0.028157,0.238656,-5.048487,84.752655,16.397072,-0.011209,0.983762,0.083735,0.158350,-4.787630,92.380600,16.018251,-0.039401,0.989662,0.030631,0.134459,-5.658450,110.054031,18.908421,0.025595,0.973597,-0.192133,0.120580,-7.400514,130.157135,19.919270,0.008392,0.963514,-0.253305,0.086061,-5.592019,142.807800,12.932264,0.018643,0.955990,0.162560,0.243535,-10.786197,123.601517,19.530010,0.173207,-0.544030,0.088444,-0.816216,-27.848259,125.826050,10.626427,-0.061703,-0.047338,-0.585635,-0.806835,-17.445341,117.002556,-12.104431,0.045645,0.160419,-0.598959,-0.783218,-10.646751,137.884552,-12.194778,-0.121791,0.987874,0.078770,0.055377,-3.630483,124.121033,21.530226,0.290982,0.789921,0.012499,-0.539628,15.049556,128.613846,24.021633,-0.066148,0.218304,0.535214,-0.813335,21.630896,116.784760,1.228532,0.083578,-0.006597,0.497104,-0.863631,13.822499,137.954468,-5.462661,0.049185,0.923971,0.207290,0.317630,-13.304054,84.820274,12.073889,0.065725,0.947924,0.002418,0.311631,-11.849998,52.411102,-2.693985,-0.054276,0.934217,-0.003647,0.352533,-17.385000,7.835910,-4.741989,-0.119139,0.915071,-0.080311,0.376831,3.207081,84.685036,20.720253,-0.023831,0.840090,-0.198962,0.504079,8.821657,50.511848,29.159945,-0.006242,0.844768,-0.057768,0.531968,1.602919,9.158632,45.271427,-0.054276,0.934217,-0.003647,0.352533,-7.573055,2.253922,-14.972861,-0.006242,0.844768,-0.057768,0.531968,13.868541,1.870475,39.929058
703,5.858333,0.011747,0.969232,-0.027479,0.244327,-4.977728,84.666847,16.590294,-0.012341,0.982705,0.085461,0.163812,-4.701106,92.295006,16.227098,-0.039223,0.988964,0.028931,0.139907,-5.637794,109.954163,19.165567,0.025673,0.972855,-0.192841,0.125330,-7.368757,130.061935,20.099977,0.009330,0.962962,-0.253827,0.090492,-5.512916,142.702103,13.106368,0.016951,0.955440,0.160101,0.247418,-10.757154,123.508873,19.691778,0.177528,-0.538807,0.089288,-0.818657,-27.747696,125.671265,10.637384,-0.056314,-0.044268,-0.587306,-0.806189,-17.052855,116.724274,-11.908976,0.048759,0.162501,-0.600142,-0.781694,-10.329993,137.623779,-12.023706,-0.122067,0.987751,0.073582,0.063510,-3.623497,124.026405,21.769787,0.299503,0.790119,0.009520,-0.534714,15.016469,128.517166,24.548496,-0.057256,0.227170,0.535637,-0.811301,21.611013,116.240395,1.997225,0.091146,0.002101,0.500871,-0.860707,14.011046,137.304169,-5.233334,0.049311,0.922180,0.208635,0.321908,-13.181790,84.753922,12.170489,0.067822,0.947111,0.001661,0.313653,-11.635706,52.385509,-2.677231,-0.053124,0.934171,-0.003273,0.352834,-17.365433,7.835221,-4.731739,-0.117050,0.912773,-0.080972,0.382869,3.226334,84.579781,21.010099,-0.023802,0.840176,-0.195174,0.505416,8.632880,50.379013,29.473894,-0.009667,0.844155,-0.050804,0.533598,1.560324,8.891407,45.302246,-0.053124,0.934171,-0.003273,0.352834,-7.558237,2.250574,-14.965716,-0.009667,0.844155,-0.050804,0.533598,13.937812,1.811483,39.937904
704,5.866667,0.012364,0.967909,-0.026496,0.249592,-4.904122,84.591743,16.780937,-0.013176,0.981653,0.087256,0.169025,-4.620152,92.220482,16.436144,-0.039290,0.988243,0.027309,0.145208,-5.612417,109.864494,19.426666,0.026399,0.972072,-0.193509,0.130128,-7.341589,129.975739,20.286633,0.010053,0.962388,-0.254442,0.094695,-5.420269,142.604675,13.290438,0.015690,0.954811,0.157895,0.251314,-10.729213,123.423454,19.859940,0.180541,-0.533311,0.091766,-0.821318,-27.646042,125.541458,10.658258,-0.051466,-0.042298,-0.588792,-0.805535,-16.662619,116.440460,-11.686817,0.051557,0.164563,-0.601804,-0.779803,-10.008374,137.363770,-11.852231,-0.121879,0.987627,0.068399,0.071130,-3.618155,123.942780,22.013559,0.307275,0.790322,0.007364,-0.530018,14.983821,128.418304,25.058571,-0.050055,0.236844,0.536224,-0.808618,21.593391,115.749657,2.729553,0.096766,0.011715,0.503070,-0.858732,14.237576,136.704605,-5.017147,0.049860,0.920205,0.209652,0.326776,-13.059431,84.691528,12.272079,0.069731,0.946649,0.001271,0.314630,-11.446319,52.357327,-2.642895,-0.052314,0.934142,-0.002869,0.353035,-17.346577,7.830543,-4.724100,-0.115027,0.911426,-0.081294,0.386604,3.251187,84.491959,21.289795,-0.023355,0.841569,-0.192750,0.504046,8.484551,50.261433,29.742123,-0.011570,0.844735,-0.044777,0.533183,1.515107,8.687374,45.388325,-0.052314,0.934142,-0.002869,0.353035,-7.542537,2.247681,-14.962065,-0.011570,0.844735,-0.044777,0.533183,13.950909,1.770737,39.946404
705,5.875000,0.013096,0.966593,-0.026060,0.254652,-4.844458,84.518631,16.986284,-0.013748,0.980596,0.088715,0.174274,-4.549564,92.147430,16.652267,-0.039083,0.987489,0.025680,0.150593,-5.586852,109.779892,19.684387,0.026378,0.971308,-0.194094,0.134881,-7.302592,129.895279,20.471243,0.010994,0.961757,-0.255054,0.099250,-5.336796,142.515671,13.471977,0.014056,0.954228,0.155802,0.254906,-10.692744,123.345604,20.024998,0.185017,-0.528331,0.092664,-0.823437,-27.541006,125.404129,10.685043,-0.046003,-0.039629,-0.590069,-0.805066,-16.286037,116.175934,-11.471954,0.054418,0.166327,-0.602884,-0.778399,-9.690139,137.110947,-11.680788,-0.121929,0.987381,0.064319,0.077940,-3.605168,123.862900,22.255163,0.314256,0.790554,0.005309,-0.525585,14.957017,128.333435,25.540871,-0.043399,0.245946,0.536764,-0.805923,21.584625,115.309433,3.422636,0.102514,0.021551,0.507337,-0.855357,14.463017,136.160614,-4.805639,0.050365,0.918326,0.210865,0.331174,-12.951867,84.630875,12.392138,0.071698,0.946425,0.000439,0.314863,-11.270708,52.336651,-2.601707,-0.051315,0.934058,-0.002406,0.353407,-17.360498,7.834759,-4.669196,-0.113201,0.910790,-0.081391,0.388617,3.262952,84.406380,21.580429,-0.022734,0.844240,-0.190857,0.500316,8.358192,50.147282,30.001322,-0.011983,0.845504,-0.038762,0.532426,1.496997,8.505339,45.514256,-0.051315,0.934058,-0.002406,0.353407,-7.557709,2.253383,-14.909170,-0.011983,0.845504,-0.038762,0.532426,13.968423,1.729862,39.977104
706,5.883333,0.013223,0.965359,-0.025210,0.259367,-4.779971,84.449677,17.191801,-0.014507,0.979508,0.090754,0.179212,-4.484946,92.079094,16.872263,-0.038715,0.986760,0.023549,0.155726,-5.577034,109.695625,19.964865,0.026862,0.970577,-0.194588,0.139267,-7.268870,129.816406,20.660227,0.011761,0.961221,-0.255539,0.103036,-5.248382,142.428558,13.661713,0.013187,0.953643,0.153191,0.258697,-10.664587,123.270416,20.202293,0.189625,-0.523241,0.093785,-0.825509,-27.438324,125.293259,10.721469,-0.040257,-0.037446,-0.591258,-0.804607,-15.910676,115.927872,-11.236885,0.057674,0.167515,-0.604008,-0.777037,-9.371518,136.871231,-11.514413,-0.121634,0.987169,0.060437,0.083964,-3.600007,123.784866,22.504904,0.319862,0.791211,0.004102,-0.521208,14.927170,128.240723,26.001368,-0.038826,0.255012,0.537040,-0.803150,21.609268,114.936020,4.067358,0.106028,0.031251,0.510021,-0.853030,14.716331,135.687988,-4.584940,0.050676,0.916570,0.212261,0.335077,-12.842142,84.565720,12.518819,0.073460,0.946296,0.000152,0.314845,-11.083000,52.315842,-2.561291,-0.050597,0.934185,-0.002228,0.353178,-17.330021,7.836929,-4.654162,-0.111432,0.910976,-0.081623,0.388644,3.282202,84.333633,21.864782,-0.021975,0.847820,-0.189365,0.494833,8.257525,50.048904,30.253002,-0.011758,0.846824,-0.033250,0.530703,1.506299,8.352902,45.668667,-0.050597,0.934185,-0.002228,0.353178,-7.539553,2.251900,-14.903933,-0.011758,0.846824,-0.033250,0.530703,13.988654,1.697689,40.011597
707,5.891667,0.013310,0.964220,-0.024822,0.263603,-4.716365,84.387299,17.409231,-0.015381,0.978513,0.091938,0.183912,-4.420211,92.016983,17.097061,-0.038171,0.986031,0.021981,0.160634,-5.565588,109.625969,20.219929,0.027244,0.969782,-0.195313,0.143641,-7.229095,129.751328,20.847946,0.012198,0.960631,-0.256077,0.107069,-5.155871,142.352036,13.844215,0.012358,0.952979,0.150950,0.262474,-10.631506,123.210075,20.372429,0.194014,-0.518430,0.095289,-0.827351,-27.329784,125.201569,10.752778,-0.034534,-0.035173,-0.592272,-0.804229,-15.551487,115.688789,-11.008315,0.061128,0.169277,-0.605012,-0.775609,-9.060103,136.637848,-11.351865,-0.120969,0.986935,0.057689,0.089426,-3.589433,123.718140,22.744356,0.325133,0.791861,0.004781,-0.516934,14.907294,128.144226,26.434484,-0.035032,0.262760,0.537762,-0.800339,21.644339,114.624832,4.649063,0.108443,0.039902,0.512633,-0.850797,14.977802,135.296539,-4.354203,0.051114,0.915047,0.213762,0.338204,-12.737206,84.504555,12.665683,0.075021,0.946498,0.000137,0.313868,-10.917669,52.303432,-2.511127,-0.049477,0.934349,-0.002137,0.352900,-17.299335,7.845366,-4.640331,-0.109745,0.911591,-0.081893,0.387622,3.304474,84.270050,22.152779,-0.021401,0.851215,-0.187889,0.489563,8.173510,49.961872,30.507437,-0.010919,0.848483,-0.027703,0.528385,1.539788,8.213544,45.832253,-0.049477,0.934349,-0.002137,0.352900,-7.526854,2.249894,-14.901564,-0.010919,0.848483,-0.027703,0.528385,14.017344,1.670897,40.035015
708,5.900000,0.012786,0.963195,-0.024363,0.267390,-4.650796,84.333916,17.629143,-0.016779,0.977525,0.093563,0.188172,-4.363008,91.964149,17.322748,-0.037429,0.985354,0.020150,0.165138,-5.582955,109.577118,20.490498,0.028530,0.968947,-0.196253,0.147693,-7.207672,129.707855,21.043041,0.012684,0.960086,-0.256643,0.110490,-5.059078,142.291946,14.032182,0.011440,0.952175,0.148760,0.266651,-10.620016,123.172653,20.555752,0.198331,-0.513425,0.096940,-0.829254,-27.233509,125.131691,10.783848,-0.028571,-0.032888,-0.593272,-0.803822,-15.198228,115.470695,-10.770345,0.065354,0.170677,-0.606117,-0.774094,-8.753099,136.428864,-11.186309,-0.119886,0.986798,0.055066,0.093940,-3.598965,123.672462,22.990904,0.328877,0.793024,0.005822,-0.512755,14.875793,128.055954,26.838551,-0.032720,0.269552,0.538196,-0.797882,21.711151,114.386345,5.177853,0.109677,0.047044,0.514787,-0.848971,15.237930,134.989899,-4.105792,0.051997,0.913482,0.215168,0.341394,-12.634409,84.442039,12.822994,0.076304,0.946690,0.000320,0.312980,-10.783811,52.290417,-2.454662,-0.048294,0.934475,-0.001914,0.352733,-17.270897,7.849824,-4.629555,-0.108095,0.912849,-0.081931,0.385110,3.332817,84.225792,22.435293,-0.020506,0.854564,-0.186755,0.484172,8.117940,49.892418,30.734753,-0.010494,0.849852,-0.023467,0.526395,1.562368,8.102524,45.979691,-0.048294,0.934475,-0.001914,0.352733,-7.514290,2.246849,-14.901790,-0.010494,0.849852,-0.023467,0.526395,14.034784,1.649873,40.071590
709,5.908333,0.012227,0.962345,-0.023824,0.270508,-4.585792,84.282898,17.844517,-0.017629,0.976627,0.094542,0.192224,-4.307453,91.913742,17.544664,-0.036962,0.984645,0.018690,0.169583,-5.578051,109.533775,20.738050,0.029371,0.968172,-0.196933,0.151649,-7.176734,129.668213,21.228378,0.013207,0.959505,-0.257298,0.113901,-4.966690,142.240387,14.215225,0.010091,0.951551,0.146379,0.270226,-10.594566,123.137047,20.725506,0.202289,-0.508898,0.097800,-0.830986,-27.134817,125.041748,10.819541,-0.022932,-0.030714,-0.594014,-0.803541,-14.863020,115.274788,-10.552769,0.069258,0.172096,-0.607131,-0.772644,-8.451736,136.237198,-11.037614,-0.119238,0.986576,0.053375,0.097981,-3.595160,123.631981,23.223166,0.331406,0.794076,0.006429,-0.509483,14.855552,127.987442,27.215307,-0.031737,0.275361,0.539064,-0.795348,21.779745,114.208412,5.652383,0.110322,0.052212,0.517131,-0.847159,15.498593,134.778900,-3.841058,0.052780,0.912341,0.216608,0.343409,-12.538409,84.382095,12.987065,0.077390,0.947008,0.000658,0.311747,-10.668346,52.280651,-2.393404,-0.046962,0.934622,-0.001611,0.352524,-17.240705,7.855103,-4.619038,-0.106712,0.914065,-0.082013,0.382586,3.366827,84.183701,22.701969,-0.019495,0.857254,-0.185572,0.479895,8.083672,49.830101,30.956697,-0.010209,0.851072,-0.019547,0.524585,1.577995,7.996959,46.104069,-0.046962,0.934622,-0.001611,0.352524,-7.502259,2.245082,-14.904648,-0.010209,0.851072,-0.019547,0.524585,14.046654,1.629962,40.095963
710,5.916667,0.011271,0.961643,-0.023400,0.273072,-4.516768,84.243431,18.067911,-0.018640,0.975807,0.095542,0.195766,-4.253458,91.874924,17.771025,-0.036519,0.983996,0.017268,0.173551,-5.579376,109.505035,20.990660,0.030811,0.967363,-0.197696,0.155488,-7.152495,129.642838,21.421141,0.013458,0.958883,-0.258143,0.117154,-4.865376,142.200424,14.406533,0.009732,0.950737,0.144618,0.274026,-10.575694,123.115479,20.905712,0.205503,-0.504573,0.099701,-0.832607,-27.036083,125.009514,10.865576,-0.017595,-0.029176,-0.594437,-0.803420,-14.551809,115.110611,-10.322178,0.073359,0.173333,-0.607870,-0.771407,-8.160592,136.069672,-10.891185,-0.118407,0.986415,0.052037,0.101282,-3.596084,123.606133,23.458996,0.332701,0.795589,0.007857,-0.506248,14.836799,127.927528,27.568800,-0.031911,0.279844,0.539480,-0.793492,21.889635,114.104530,6.075825,0.109995,0.056458,0.518603,-0.846028,15.746312,134.653549,-3.556330,0.053276,0.911770,0.218277,0.343791,-12.443826,84.326347,13.168554,0.078605,0.947529,0.001151,0.309854,-10.557050,52.280392,-2.325164,-0.046336,0.934711,-0.001934,0.352370,-17.222858,7.871956,-4.613516,-0.105551,0.915211,-0.082238,0.380111,3.410290,84.160522,22.967268,-0.018030,0.860075,-0.184158,0.475428,8.068517,49.792011,31.193130,-0.010665,0.852341,-0.016478,0.522618,1.589501,7.906881,46.207695,-0.046336,0.934711,-0.001934,0.352370,-7.495584,2.246438,-14.901235,-0.010665,0.852341,-0.016478,0.522618,14.053976,1.617191,40.110146
711,5.925000,0.010431,0.961110,-0.023106,0.274999,-4.450523,84.201065,18.279480,-0.019558,0.975094,0.096135,0.198916,-4.200187,91.833046,17.983917,-0.035992,0.983386,0.016369,0.177167,-5.575406,109.490417,21.219185,0.032381,0.966586,-0.198501,0.158934,-7.122793,129.630997,21.611980,0.013723,0.958334,-0.258875,0.119965,-4.758444,142.172821,14.594814,0.009022,0.949979,0.143067,0.277470,-10.551450,123.107841,21.079765,0.208178,-0.500589,0.101274,-0.834156,-26.938761,124.978050,10.916368,-0.012530,-0.027500,-0.594654,-0.803413,-14.258939,114.973831,-10.105147,0.077903,0.174397,-0.608618,-0.770130,-7.876135,135.929001,-10.746838,-0.118024,0.986176,0.051887,0.104088,-3.590162,123.591888,23.683826,0.332611,0.797242,0.008616,-0.503687,14.823905,127.892494,27.898458,-0.033554,0.283560,0.539425,-0.792141,22.017002,114.063347,6.455979,0.108348,0.059905,0.519944,-0.845180,15.968863,134.605042,-3.255945,0.053976,0.911329,0.219794,0.343885,-12.358245,84.269485,13.348746,0.079368,0.947850,0.001685,0.308672,-10.476665,52.276253,-2.254191,-0.045540,0.934884,-0.001896,0.352014,-17.195072,7.878792,-4.600965,-0.104703,0.916236,-0.082364,0.377844,3.457198,84.132637,23.210213,-0.016222,0.862903,-0.182896,0.470833,8.077608,49.752884,31.410412,-0.011195,0.853255,-0.013747,0.521193,1.592368,7.820556,46.289932,-0.045540,0.934884,-0.001896,0.352014,-7.484246,2.245070,-14.899731,-0.011195,0.853255,-0.013747,0.521193,14.058718,1.602022,40.123615
712,5.933333,0.009064,0.960692,-0.022648,0.276541,-4.372789,84.170914,18.490103,-0.020426,0.974608,0.096202,0.201164,-4.143987,91.803619,18.195871,-0.035945,0.982936,0.015605,0.179727,-5.559010,109.477112,21.427219,0.034211,0.965951,-0.198737,0.162086,-7.100014,129.618805,21.785965,0.014007,0.957740,-0.259667,0.122924,-4.656419,142.152557,14.781507,0.008701,0.949359,0.141487,0.280398,-10.528557,123.096397,21.244156,0.210717,-0.496892,0.102270,-0.835606,-26.852802,124.953667,10.977424,-0.007250,-0.025691,-0.594389,-0.803735,-13.988217,114.871407,-9.894011,0.082567,0.175797,-0.609340,-0.768754,-7.588983,135.813354,-10.609888,-0.117936,0.985882,0.051604,0.107075,-3.580831,123.580933,23.884096,0.331691,0.798980,0.009672,-0.501517,14.809595,127.871994,28.210205,-0.036057,0.286282,0.539597,-0.790935,22.150755,114.078247,6.795120,0.106402,0.061976,0.520870,-0.844709,16.182369,134.640320,-2.941304,0.054530,0.911544,0.221133,0.342365,-12.265144,84.216469,13.534552,0.080070,0.948014,0.002361,0.307983,-10.411465,52.269600,-2.166414,-0.044469,0.935090,-0.001651,0.351605,-17.172295,7.882443,-4.585310,-0.103844,0.916811,-0.082487,0.376657,3.519566,84.125359,23.445654,-0.014376,0.865353,-0.181438,0.466946,8.091795,49.734272,31.625319,-0.011752,0.853976,-0.011567,0.520051,1.591620,7.749078,46.348434,-0.044469,0.935090,-0.001651,0.351605,-7.481466,2.242878,-14.899701,-0.011752,0.853976,-0.011567,0.520051,14.060509,1.589548,40.128265
713,5.941667,0.007696,0.960413,-0.022131,0.277594,-4.294898,84.145462,18.688396,-0.021719,0.974211,0.096114,0.202985,-4.088040,91.778877,18.396198,-0.035593,0.982566,0.015339,0.181832,-5.556655,109.484604,21.618366,0.035535,0.965316,-0.199440,0.164702,-7.082501,129.627655,21.965858,0.014855,0.957163,-0.260333,0.125874,-4.576277,142.147430,14.958564,0.008679,0.948566,0.140844,0.283389,-10.514094,123.107948,21.410894,0.212456,-0.493527,0.103868,-0.836962,-26.773006,124.973473,11.042495,-0.002655,-0.024160,-0.593902,-0.804170,-13.749173,114.805092,-9.687920,0.086956,0.177086,-0.609237,-0.768055,-7.323057,135.729996,-10.469802,-0.117936,0.985606,0.052396,0.109212,-3.577328,123.587349,24.080423,0.329896,0.800841,0.010578,-0.499710,14.795190,127.869522,28.490597,-0.039888,0.288261,0.539609,-0.790023,22.295254,114.142349,7.087801,0.103377,0.063489,0.521190,-0.844774,16.378927,134.744125,-2.615990,0.055062,0.911945,0.222072,0.340599,-12.176810,84.168716,13.716097,0.080665,0.948469,0.003415,0.306413,-10.364305,52.255692,-2.058317,-0.044184,0.935313,-0.001318,0.351050,-17.150461,7.877687,-4.572307,-0.103130,0.917234,-0.082809,0.375752,3.587014,84.122208,23.660698,-0.012456,0.867328,-0.179842,0.463944,8.112363,49.724384,31.838100,-0.012594,0.854428,-0.009691,0.519327,1.580562,7.682717,46.385002,-0.044184,0.935313,-0.001318,0.351050,-7.474049,2.243026,-14.902902,-0.012594,0.854428,-0.009691,0.519327,14.059011,1.579609,40.128494
714,5.950000,0.006504,0.960205,-0.022212,0.278336,-4.217088,84.126762,18.890009,-0.022816,0.973865,0.095873,0.204632,-4.027145,91.760376,18.591707,-0.035184,0.982219,0.015159,0.183789,-5.539628,109.484932,21.798239,0.036587,0.964888,-0.199418,0.166986,-7.048634,129.629379,22.138586,0.015746,0.956590,-0.261163,0.128383,-4.493304,142.146652,15.144568,0.008505,0.947904,0.140414,0.285815,-10.483887,123.112740,21.570339,0.212939,-0.490443,0.105184,-0.838486,-26.689404,124.980141,11.119024,0.000838,-0.022929,-0.593238,-0.804700,-13.519258,114.767036,-9.496644,0.090438,0.178180,-0.609125,-0.767490,-7.056191,135.678406,-10.326548,-0.118358,0.985267,0.053421,0.111297,-3.557353,123.586037,24.267384,0.327379,0.802839,0.012470,-0.498113,14.793484,127.874123,28.761271,-0.043800,0.288752,0.539287,-0.789856,22.465742,114.268204,7.342088,0.100141,0.064064,0.521704,-0.844803,16.546309,134.908188,-2.279202,0.055558,0.912522,0.223116,0.338285,-12.091620,84.127937,13.905981,0.081182,0.948736,0.004452,0.305434,-10.325117,52.251961,-1.948352,-0.043517,0.935499,-0.001156,0.350638,-17.129158,7.882226,-4.558040,-0.102218,0.917110,-0.082560,0.376358,3.657444,84.125587,23.874039,-0.010911,0.868856,-0.178443,0.461658,8.125381,49.711491,32.014423,-0.013565,0.854801,-0.008165,0.518714,1.569667,7.621503,46.410053,-0.043517,0.935499,-0.001156,0.350638,-7.468699,2.244015,-14.901612,-0.013565,0.854801,-0.008165,0.518714,14.058346,1.568598,40.125259
715,5.958333,0.005079,0.960057,-0.021827,0.278904,-4.135495,84.115273,19.076113,-0.023715,0.973662,0.095212,0.205801,-3.967923,91.749397,18.777489,-0.035273,0.981950,0.015494,0.185174,-5.513010,109.500038,21.956524,0.038329,0.964352,-0.199691,0.169350,-7.028512,129.643829,22.307354,0.016382,0.956027,-0.261826,0.131118,-4.403431,142.152191,15.323220,0.007973,0.947195,0.140406,0.288175,-10.460368,123.126648,21.724739,0.213704,-0.487827,0.105583,-0.839766,-26.613735,124.987030,11.191750,0.003717,-0.021024,-0.592498,-0.805289,-13.312383,114.758728,-9.331953,0.092623,0.179466,-0.608449,-0.767465,-6.809486,135.649277,-10.169633,-0.118837,0.984904,0.054672,0.113371,-3.541536,123.599876,24.441504,0.324203,0.804922,0.014335,-0.496777,14.786845,127.894798,29.019747,-0.049155,0.289922,0.538551,-0.789615,22.639305,114.436470,7.572628,0.095101,0.065232,0.519415,-0.846705,16.713413,135.121811,-1.956195,0.056015,0.913376,0.223504,0.335637,-12.004438,84.092697,14.083309,0.081647,0.948978,0.005810,0.304535,-10.303938,52.232681,-1.810311,-0.042973,0.935611,-0.000591,0.350408,-17.112589,7.871008,-4.542134,-0.101329,0.916774,-0.082182,0.377497,3.733449,84.137848,24.068914,-0.009385,0.870234,-0.177142,0.459594,8.144312,49.706398,32.166946,-0.014352,0.854991,-0.006911,0.518399,1.557395,7.571992,46.417686,-0.042973,0.935611,-0.000591,0.350408,-7.461442,2.241397,-14.899084,-0.014352,0.854991,-0.006911,0.518399,14.057061,1.560354,40.115135
716,5.966667,0.003799,0.959927,-0.021607,0.279391,-4.059292,84.117332,19.259266,-0.024254,0.973434,0.094607,0.207092,-3.911288,91.751778,18.958492,-0.035543,0.981631,0.016066,0.186759,-5.477176,109.529472,22.114515,0.039198,0.963869,-0.200075,0.171437,-7.008224,129.671753,22.483543,0.017628,0.955445,-0.262579,0.133667,-4.339064,142.171860,15.501330,0.007453,0.946393,0.140897,0.290572,-10.433529,123.152817,21.882500,0.213108,-0.485422,0.106807,-0.841155,-26.533466,125.012444,11.267878,0.005182,-0.019752,-0.591772,-0.805847,-13.121796,114.764366,-9.174005,0.093394,0.180765,-0.607148,-0.768097,-6.578437,135.644363,-10.005220,-0.119317,0.984607,0.056382,0.114598,-3.523759,123.627853,24.621916,0.320750,0.806988,0.016613,-0.495594,14.789358,127.929535,29.254580,-0.054426,0.289597,0.537666,-0.789992,22.822111,114.642426,7.767510,0.089785,0.065044,0.517927,-0.848209,16.841692,135.378372,-1.624370,0.056535,0.913984,0.223825,0.333676,-11.923386,84.072784,14.258972,0.082141,0.948895,0.007061,0.304634,-10.282782,52.227177,-1.669766,-0.042192,0.935719,-0.000311,0.350213,-17.098665,7.874227,-4.522583,-0.100315,0.916519,-0.081836,0.378462,3.804802,84.161873,24.259558,-0.008118,0.871801,-0.175914,0.457111,8.151237,49.711792,32.313107,-0.015102,0.855403,-0.006064,0.517708,1.556350,7.536429,46.438438,-0.042192,0.935719,-0.000311,0.350213,-7.459508,2.243250,-14.889953,-0.015102,0.855403,-0.006064,0.517708,14.058468,1.555688,40.111397
717,5.975000,0.002878,0.959825,-0.021689,0.279747,-3.990165,84.122047,19.433937,-0.024234,0.973243,0.094021,0.208255,-3.855217,91.756531,19.128067,-0.036142,0.981316,0.016748,0.188233,-5.420788,109.549347,22.263842,0.040248,0.963547,-0.199670,0.173463,-6.981304,129.688980,22.653030,0.018783,0.954876,-0.263429,0.135886,-4.267235,142.192062,15.693506,0.006992,0.945844,0.141077,0.292281,-10.395614,123.165985,22.033770,0.211860,-0.484052,0.106901,-0.842248,-26.457211,125.019928,11.360245,0.005755,-0.017616,-0.590552,-0.806787,-12.976141,114.809013,-9.054554,0.093557,0.182507,-0.605654,-0.768844,-6.367271,135.666763,-9.825532,-0.120304,0.984245,0.058404,0.115659,-3.494720,123.647346,24.794369,0.316657,0.809042,0.018470,-0.494812,14.799765,127.973595,29.477489,-0.059464,0.288969,0.536126,-0.790905,23.011913,114.875160,7.942454,0.084606,0.064886,0.517098,-0.849259,16.938320,135.637604,-1.312519,0.056978,0.914606,0.223784,0.331918,-11.850667,84.060440,14.428182,0.082575,0.949216,0.008666,0.303471,-10.270521,52.217113,-1.511228,-0.041843,0.935836,-0.000049,0.349943,-17.082722,7.872859,-4.504486,-0.099448,0.916063,-0.081176,0.379934,3.870336,84.183655,24.439692,-0.007008,0.873113,-0.174991,0.454975,8.166165,49.713562,32.434540,-0.015573,0.855769,-0.005384,0.517095,1.556655,7.507554,46.461151,-0.041843,0.935836,-0.000049,0.349943,-7.452589,2.244629,-14.881727,-0.015573,0.855769,-0.005384,0.517095,14.058462,1.549635,40.112011
718,5.983333,0.002017,0.959693,-0.021505,0.280218,-3.920038,84.133698,19.593481,-0.024337,0.973049,0.093546,0.209363,-3.798348,91.768372,19.286697,-0.036740,0.981019,0.017561,0.189589,-5.368661,109.577133,22.405533,0.040869,0.963208,-0.199471,0.175418,-6.959584,129.713882,22.820196,0.019937,0.954289,-0.264195,0.138331,-4.211988,142.218079,15.875846,0.006510,0.945130,0.141565,0.294357,-10.362679,123.186852,22.181961,0.210945,-0.482666,0.106875,-0.843275,-26.377350,125.039879,11.437990,0.005802,-0.015227,-0.589873,-0.807331,-12.824986,114.863243,-8.946716,0.092876,0.184181,-0.603730,-0.770040,-6.178485,135.709000,-9.634582,-0.121195,0.983931,0.060549,0.116301,-3.470065,123.674156,24.962137,0.311794,0.810881,0.018714,-0.494879,14.810321,128.021790,29.680389,-0.065481,0.288529,0.534735,-0.791532,23.180984,115.108025,8.094907,0.079985,0.064376,0.514407,-0.851377,17.022587,135.924194,-1.008756,0.057713,0.915093,0.223272,0.330794,-11.775702,84.057465,14.580337,0.082868,0.949472,0.010363,0.302536,-10.275457,52.203846,-1.346208,-0.041535,0.935953,0.000324,0.349666,-17.069155,7.866865,-4.485622,-0.098521,0.915901,-0.080577,0.380693,3.935626,84.209923,24.606625,-0.006146,0.874065,-0.174205,0.453460,8.181664,49.719856,32.541687,-0.015667,0.856145,-0.004757,0.516476,1.560896,7.488146,46.485382,-0.041535,0.935953,0.000324,0.349666,-7.447400,2.244752,-14.873945,-0.015667,0.856145,-0.004757,0.516476,14.058065,1.546233,40.112156
719,5.991667,0.001306,0.959576,-0.021460,0.280627,-3.853898,84.145874,19.744507,-0.024647,0.972819,0.093459,0.210433,-3.742702,91.780617,19.435387,-0.037028,0.980740,0.018196,0.190912,-5.328455,109.608635,22.550419,0.041602,0.963011,-0.198634,0.177269,-6.936232,129.743607,22.985855,0.020986,0.953681,-0.265157,0.140515,-4.156003,142.258072,16.073046,0.005911,0.944486,0.142117,0.296165,-10.332504,123.214737,22.330439,0.209071,-0.481332,0.107239,-0.844458,-26.306080,125.061943,11.524476,0.005418,-0.013220,-0.589234,-0.807836,-12.689654,114.925095,-8.837335,0.091778,0.186743,-0.602279,-0.770690,-6.007030,135.763855,-9.444556,-0.122233,0.983650,0.062713,0.116443,-3.447711,123.703941,25.129589,0.307263,0.812995,0.020466,-0.494175,14.821592,128.079758,29.864676,-0.070370,0.287055,0.532903,-0.792882,23.377899,115.371552,8.230042,0.075907,0.063480,0.511665,-0.853468,17.088097,136.212799,-0.719035,0.058449,0.915297,0.222688,0.330494,-11.705325,84.056992,14.724940,0.083092,0.949941,0.012121,0.300935,-10.272514,52.190887,-1.182836,-0.041112,0.936197,0.000673,0.349063,-17.042789,7.860801,-4.466968,-0.097691,0.915861,-0.079999,0.381125,3.997530,84.234756,24.764072,-0.005447,0.874555,-0.173462,0.452807,8.202333,49.726460,32.641621,-0.015737,0.856429,-0.004247,0.516008,1.567295,7.470808,46.505779,-0.041112,0.936197,0.000673,0.349063,-7.438037,2.242586,-14.873116,-0.015737,0.856429,-0.004247,0.516008,14.061132,1.541845,40.113987
720,6.000000,0.000897,0.959362,-0.021425,0.281364,-3.797101,84.168777,19.885874,-0.024589,0.972620,0.093146,0.211493,-3.691823,91.803558,19.575584,-0.037727,0.980461,0.019136,0.192113,-5.276330,109.631516,22.677961,0.041418,0.962682,-0.199009,0.178670,-6.919566,129.762955,23.143223,0.022742,0.953349,-0.265034,0.142710,-4.129985,142.272354,16.225027,0.005732,0.943780,0.143216,0.297887,-10.303082,123.229408,22.468666,0.207367,-0.480370,0.107187,-0.845432,-26.237106,125.092079,11.607115,0.004937,-0.010665,-0.588678,-0.808282,-12.571017,115.006065,-8.746664,0.091125,0.189231,-0.600698,-0.771395,-5.857893,135.834915,-9.251114,-0.123192,0.983345,0.065415,0.116526,-3.425916,123.725662,25.285271,0.301815,0.814957,0.020568,-0.494297,14.833519,128.124146,30.037371,-0.076098,0.286066,0.530820,-0.794107,23.559355,115.622208,8.350343,0.071572,0.062617,0.508833,-0.855597,17.136728,136.496155,-0.444627,0.059497,0.915356,0.221601,0.330872,-11.640825,84.072456,14.854421,0.083202,0.950191,0.013969,0.300031,-10.296266,52.180744,-1.009682,-0.040609,0.936360,0.001131,0.348684,-17.028910,7.856637,-4.448184,-0.096869,0.915787,-0.079069,0.381705,4.046623,84.265106,24.917326,-0.005138,0.874466,-0.172908,0.453194,8.219218,49.734852,32.715378,-0.015685,0.856672,-0.003906,0.515609,1.576430,7.461631,46.522152,-0.040609,0.936360,0.001131,0.348684,-7.436693,2.244602,-14.869213,-0.015685,0.856672,-0.003906,0.515609,14.065703,1.539826,40.114838
721,6.008333,0.000519,0.959174,-0.021345,0.282010,-3.743814,84.194504,20.012478,-0.024775,0.972397,0.093360,0.212402,-3.644201,91.829338,19.701805,-0.037838,0.980244,0.019781,0.193131,-5.239791,109.655090,22.808708,0.042487,0.962568,-0.197733,0.180444,-6.892896,129.785187,23.296951,0.023213,0.952831,-0.265757,0.144736,-4.064475,142.310272,16.423073,0.005183,0.943082,0.144181,0.299634,-10.272133,123.251030,22.606964,0.204794,-0.479604,0.107354,-0.846472,-26.165945,125.114380,11.686769,0.003994,-0.008185,-0.588288,-0.808600,-12.462770,115.088821,-8.671945,0.090960,0.191844,-0.599421,-0.771762,-5.726596,135.915710,-9.064445,-0.124090,0.983091,0.067598,0.116463,-3.400935,123.746635,25.438208,0.296881,0.816791,0.021677,-0.494210,14.850460,128.168411,30.199554,-0.080795,0.284449,0.528633,-0.795681,23.737469,115.879730,8.456159,0.067359,0.061322,0.506568,-0.857374,17.162939,136.766144,-0.189481,0.060486,0.915240,0.220552,0.331714,-11.580762,84.091591,14.970607,0.083351,0.950523,0.015702,0.298853,-10.311741,52.175259,-0.850138,-0.040299,0.936528,0.001215,0.348266,-17.014488,7.857999,-4.432376,-0.096339,0.916037,-0.078447,0.381367,4.093135,84.297417,25.054348,-0.004373,0.874980,-0.172348,0.452423,8.251691,49.752895,32.796501,-0.015736,0.856914,-0.003964,0.515204,1.583734,7.461634,46.535736,-0.040299,0.936528,0.001215,0.348266,-7.434742,2.244353,-14.864004,-0.015736,0.856914,-0.003964,0.515204,14.067062,1.538986,40.117626
722,6.016667,0.000162,0.958969,-0.021103,0.282724,-3.684907,84.214142,20.128838,-0.025136,0.972205,0.093582,0.213137,-3.591341,91.849144,19.820242,-0.038061,0.980068,0.020593,0.193892,-5.204134,109.677528,22.931700,0.042838,0.962560,-0.196665,0.181566,-6.872757,129.805618,23.449030,0.024375,0.952444,-0.266189,0.146285,-4.029837,142.345444,16.608063,0.004633,0.942407,0.145126,0.301306,-10.246153,123.270081,22.743696,0.202274,-0.478790,0.107411,-0.847531,-26.101231,125.133575,11.767359,0.003428,-0.005672,-0.588058,-0.808792,-12.357339,115.172218,-8.595428,0.091717,0.194549,-0.598779,-0.771493,-5.606264,136.001328,-8.884455,-0.124964,0.982854,0.070203,0.115988,-3.379594,123.766266,25.586075,0.291369,0.818926,0.021925,-0.493948,14.867650,128.209732,30.343155,-0.085793,0.283159,0.525767,-0.797515,23.940355,116.132996,8.557733,0.063259,0.060339,0.503368,-0.859638,17.189207,137.018677,0.048977,0.061604,0.915120,0.219322,0.332653,-11.514343,84.105843,15.075421,0.083515,0.950768,0.017381,0.297932,-10.332140,52.160679,-0.693788,-0.040157,0.936649,0.001611,0.347956,-17.007082,7.850883,-4.417476,-0.095866,0.916141,-0.077893,0.381349,4.144530,84.322449,25.182253,-0.003529,0.875507,-0.171813,0.451615,8.288100,49.765259,32.875790,-0.015726,0.857098,-0.003839,0.514899,1.588150,7.456827,46.546436,-0.040157,0.936649,0.001611,0.347956,-7.434618,2.245763,-14.860370,-0.015726,0.857098,-0.003839,0.514899,14.067491,1.536862,40.118095
723,6.025000,-0.000208,0.958766,-0.020567,0.283450,-3.632521,84.232727,20.230461,-0.025409,0.972005,0.093787,0.213926,-3.546469,91.868057,19.928185,-0.038370,0.979872,0.021476,0.194725,-5.173968,109.705040,23.045193,0.042918,0.962214,-0.197360,0.182626,-6.862184,129.830673,23.593607,0.025621,0.952365,-0.265345,0.148109,-4.004404,142.359924,16.739475,0.004550,0.941738,0.146469,0.302748,-10.228322,123.293198,22.871704,0.200545,-0.478076,0.107282,-0.848360,-26.049677,125.177406,11.850339,0.003341,-0.003142,-0.587730,-0.809044,-12.268123,115.268616,-8.512630,0.092542,0.197162,-0.598464,-0.770976,-5.499403,136.092300,-8.709760,-0.125633,0.982656,0.072358,0.115620,-3.366936,123.790977,25.726271,0.286941,0.820307,0.021741,-0.494256,14.877113,128.250305,30.480757,-0.090418,0.282094,0.524200,-0.798412,24.069376,116.340317,8.653702,0.060179,0.059303,0.500315,-0.861711,17.210394,137.252548,0.278395,0.062446,0.914624,0.218423,0.334447,-11.454301,84.120354,15.165290,0.083967,0.950969,0.018671,0.297084,-10.318196,52.154587,-0.565514,-0.039625,0.936789,0.001634,0.347639,-17.000198,7.855788,-4.405536,-0.095663,0.916379,-0.077382,0.380933,4.189259,84.345093,25.295630,-0.002299,0.877077,-0.171518,0.448678,8.337307,49.779476,32.948769,-0.015640,0.857504,-0.003908,0.514225,1.598097,7.461304,46.569847,-0.039625,0.936789,0.001634,0.347639,-7.440546,2.245225,-14.857236,-0.015640,0.857504,-0.003908,0.514225,14.065935,1.538101,40.122204
724,6.033333,-0.000642,0.958566,-0.020185,0.284153,-3.579570,84.250710,20.325329,-0.025619,0.971873,0.094006,0.214403,-3.501314,91.886284,20.026823,-0.038560,0.979760,0.022470,0.195136,-5.139362,109.720383,23.148884,0.043722,0.962248,-0.195987,0.183729,-6.843115,129.843658,23.734402,0.026160,0.952073,-0.265516,0.149577,-3.960329,142.390686,16.923384,0.004322,0.941299,0.147227,0.303747,-10.203780,123.305061,22.997385,0.197967,-0.477392,0.107191,-0.849362,-26.001751,125.195465,11.943578,0.002438,-0.001507,-0.587609,-0.809140,-12.184526,115.357605,-8.429614,0.092645,0.199245,-0.597791,-0.770950,-5.408429,136.182220,-8.545589,-0.126119,0.982472,0.074283,0.115434,-3.344999,123.802521,25.858263,0.281831,0.822296,0.022187,-0.493871,14.895968,128.271393,30.615620,-0.094508,0.280702,0.521298,-0.800327,24.262539,116.565193,8.752447,0.057062,0.058567,0.497367,-0.863678,17.224234,137.462143,0.492736,0.063858,0.914198,0.217149,0.336170,-11.393900,84.132339,15.248808,0.084015,0.950977,0.020127,0.296950,-10.351593,52.139736,-0.433846,-0.039400,0.936887,0.002016,0.347399,-16.999020,7.846722,-4.398689,-0.095382,0.916728,-0.076960,0.380250,4.234759,84.369087,25.401848,-0.001193,0.878144,-0.171150,0.446731,8.382053,49.794994,33.017025,-0.015559,0.857703,-0.004055,0.513894,1.600474,7.465145,46.580685,-0.039400,0.936887,0.002016,0.347399,-7.446024,2.243530,-14.860431,-0.015559,0.857703,-0.004055,0.513894,14.061594,1.537057,40.124546
725,6.041667,-0.000840,0.958370,-0.019808,0.284840,-3.530898,84.261742,20.413698,-0.026064,0.971728,0.094371,0.214846,-3.456974,91.897537,20.119902,-0.038641,0.979665,0.023308,0.195502,-5.115278,109.731438,23.251015,0.044004,0.962098,-0.195963,0.184468,-6.829051,129.852905,23.868416,0.027025,0.952080,-0.264595,0.151008,-3.932189,142.399353,17.062315,0.004235,0.940842,0.148219,0.304678,-10.186080,123.313927,23.118326,0.195987,-0.476867,0.106890,-0.850154,-25.962126,125.218109,12.035605,0.001986,0.000244,-0.587316,-0.809355,-12.114901,115.444901,-8.348340,0.093058,0.201266,-0.597415,-0.770667,-5.323278,136.265976,-8.390616,-0.126374,0.982325,0.076155,0.115187,-3.329522,123.809959,25.984774,0.277317,0.823803,0.021988,-0.493924,14.911172,128.280136,30.741947,-0.098651,0.279966,0.519254,-0.801412,24.408770,116.743431,8.845232,0.054368,0.058002,0.494005,-0.865817,17.249882,137.644119,0.690007,0.065253,0.913687,0.215957,0.338055,-11.337939,84.141563,15.326015,0.084154,0.950738,0.021395,0.297587,-10.383764,52.124985,-0.313261,-0.040000,0.936942,0.002151,0.347180,-17.006210,7.838812,-4.394585,-0.095115,0.916766,-0.076525,0.380313,4.276143,84.381912,25.501383,-0.000324,0.878870,-0.170777,0.445447,8.417696,49.799438,33.081512,-0.015679,0.857877,-0.003844,0.513602,1.602290,7.458007,46.591949,-0.040000,0.936942,0.002151,0.347180,-7.451181,2.245326,-14.859660,-0.015679,0.857877,-0.003844,0.513602,14.061419,1.536561,40.125874
726,6.050000,-0.001096,0.958200,-0.019211,0.285451,-3.480722,84.265175,20.488798,-0.026093,0.971586,0.094750,0.215319,-3.412957,91.901321,20.202677,-0.038965,0.979540,0.024125,0.195961,-5.076747,109.732887,23.346064,0.045066,0.962347,-0.193698,0.185306,-6.810040,129.851776,23.992418,0.027356,0.951973,-0.264640,0.151543,-3.887942,142.428070,17.252512,0.004157,0.940409,0.149895,0.305198,-10.160228,123.310791,23.229393,0.194446,-0.476555,0.106200,-0.850769,-25.924025,125.234840,12.132679,0.001266,0.001674,-0.587184,-0.809451,-12.053220,115.531433,-8.268576,0.092784,0.202663,-0.596698,-0.770890,-5.256067,136.346771,-8.241615,-0.126586,0.982179,0.077673,0.115181,-3.306720,123.808922,26.102766,0.273807,0.825164,0.022952,-0.493566,14.931947,128.279739,30.867144,-0.101330,0.278638,0.517356,-0.802768,24.550844,116.901360,8.940546,0.052506,0.057481,0.492049,-0.867079,17.264103,137.793060,0.873895,0.066564,0.913528,0.214650,0.339059,-11.281262,84.143402,15.391191,0.084150,0.950571,0.022670,0.298025,-10.427872,52.099014,-0.196877,-0.039802,0.936986,0.002908,0.347079,-17.013723,7.817841,-4.390111,-0.094827,0.916701,-0.076174,0.380611,4.319818,84.386955,25.586409,0.000373,0.879550,-0.170544,0.444192,8.449986,49.796764,33.137512,-0.015801,0.858185,-0.003511,0.513085,1.608033,7.448184,46.612083,-0.039802,0.936986,0.002908,0.347079,-7.460794,2.242020,-14.866531,-0.015801,0.858185,-0.003511,0.513085,14.062482,1.536261,40.128307
727,6.058333,-0.001480,0.958023,-0.018509,0.286088,-3.432132,84.270409,20.554813,-0.026536,0.971428,0.095311,0.215730,-3.372869,91.906944,20.277338,-0.038878,0.979452,0.025049,0.196301,-5.058252,109.736763,23.436659,0.044868,0.962437,-0.192864,0.185757,-6.795606,129.854080,24.119640,0.028337,0.951946,-0.264017,0.152616,-3.878903,142.443192,17.401356,0.004252,0.940047,0.150937,0.305798,-10.144127,123.313942,23.342264,0.192972,-0.476189,0.106037,-0.851330,-25.893677,125.257240,12.228699,0.000570,0.002709,-0.586994,-0.809586,-12.002555,115.599037,-8.180163,0.092315,0.203869,-0.596197,-0.771015,-5.195015,136.413696,-8.098593,-0.126994,0.982018,0.079497,0.114865,-3.292508,123.807922,26.220846,0.270866,0.826301,0.023216,-0.493274,14.944956,128.286285,30.982702,-0.103936,0.278080,0.515943,-0.803537,24.664072,117.026779,9.038946,0.050871,0.057037,0.489482,-0.868658,17.294647,137.913254,1.040676,0.067474,0.913288,0.213919,0.339987,-11.225868,84.145287,15.446896,0.084404,0.950381,0.023426,0.298501,-10.434060,52.087284,-0.116396,-0.039940,0.937075,0.003093,0.346822,-17.018934,7.813090,-4.384221,-0.094437,0.916436,-0.075825,0.381414,4.361605,84.395523,25.662731,0.000780,0.879518,-0.170204,0.444385,8.469686,49.796288,33.184406,-0.015946,0.858244,-0.003213,0.512984,1.606145,7.437330,46.615314,-0.039940,0.937075,0.003093,0.346822,-7.469722,2.243306,-14.867231,-0.015946,0.858244,-0.003213,0.512984,14.062267,1.534616,40.126373
728,6.066667,-0.001737,0.957893,-0.018096,0.286550,-3.382977,84.272369,20.621738,-0.026706,0.971308,0.095725,0.216067,-3.329152,91.909119,20.349213,-0.039145,0.979353,0.026036,0.196617,-5.024065,109.727264,23.519600,0.044124,0.962490,-0.192623,0.185907,-6.779997,129.841705,24.238916,0.029550,0.952091,-0.262879,0.153440,-3.883214,142.436737,17.523087,0.004453,0.939883,0.151477,0.306030,-10.122146,123.299995,23.447397,0.191736,-0.476148,0.105238,-0.851731,-25.866127,125.258347,12.328583,-0.000570,0.003491,-0.586752,-0.809759,-11.963980,115.665588,-8.103638,0.091021,0.204256,-0.595343,-0.771726,-5.144546,136.474747,-7.965032,-0.127397,0.981866,0.080748,0.114847,-3.272687,123.794815,26.330975,0.268080,0.827423,0.022941,-0.492928,14.960972,128.282242,31.098864,-0.106015,0.277752,0.514368,-0.804388,24.777803,117.121277,9.148270,0.049843,0.056949,0.487983,-0.869566,17.321945,137.998306,1.192435,0.068398,0.913088,0.213219,0.340778,-11.171772,84.144714,15.506347,0.084640,0.950235,0.024236,0.298836,-10.444102,52.074337,-0.034580,-0.039913,0.937147,0.003274,0.346629,-17.025530,7.807204,-4.380195,-0.093968,0.916341,-0.075427,0.381837,4.405816,84.400024,25.737131,0.001284,0.879845,-0.169995,0.443817,8.491163,49.790195,33.222347,-0.015966,0.858349,-0.002751,0.512810,1.604799,7.424921,46.621620,-0.039913,0.937147,0.003274,0.346629,-7.480392,2.241684,-14.869177,-0.015966,0.858349,-0.002751,0.512810,14.061168,1.533476,40.122910
729,6.075000,-0.001832,0.957768,-0.017720,0.286991,-3.343313,84.268272,20.680714,-0.026921,0.971173,0.095996,0.216524,-3.292401,91.905228,20.413288,-0.039175,0.979233,0.027100,0.197064,-4.998572,109.721901,23.590765,0.044037,0.962754,-0.191012,0.186223,-6.764465,129.833954,24.351120,0.030428,0.952120,-0.262412,0.153892,-3.875024,142.452667,17.676718,0.004617,0.939649,0.152833,0.306073,-10.102903,123.292389,23.542963,0.191113,-0.476032,0.104754,-0.851995,-25.845814,125.273010,12.426579,-0.001062,0.004309,-0.586585,-0.809875,-11.932426,115.717545,-8.015450,0.090261,0.205022,-0.594995,-0.771880,-5.105169,136.522369,-7.835186,-0.127755,0.981686,0.082080,0.115036,-3.256103,123.784279,26.433340,0.266195,0.828181,0.022566,-0.492694,14.972332,128.277924,31.215328,-0.107865,0.278142,0.513402,-0.804625,24.854757,117.178848,9.262784,0.048535,0.057294,0.486790,-0.870286,17.361542,138.053436,1.328114,0.069283,0.913153,0.212485,0.340885,-11.127383,84.140785,15.558136,0.084612,0.950062,0.025083,0.299322,-10.473866,52.056812,0.042009,-0.040961,0.937249,0.003330,0.346231,-17.027763,7.793012,-4.378574,-0.093691,0.916373,-0.075103,0.381893,4.440758,84.395760,25.803291,0.001825,0.880124,-0.169803,0.443334,8.516751,49.778755,33.260368,-0.016340,0.858456,-0.002358,0.512621,1.602522,7.407763,46.627167,-0.040961,0.937249,0.003330,0.346231,-7.480051,2.239714,-14.871691,-0.016340,0.858456,-0.002358,0.512621,14.062090,1.531127,40.121185
730,6.083333,-0.001844,0.957661,-0.017515,0.287361,-3.307191,84.261208,20.735943,-0.026791,0.971084,0.096463,0.216735,-3.257261,91.898277,20.471487,-0.039557,0.979153,0.028003,0.197257,-4.963151,109.711563,23.665909,0.044101,0.962803,-0.190431,0.186551,-6.751420,129.820389,24.458576,0.030859,0.952304,-0.261350,0.154471,-3.860202,142.447296,17.800457,0.004737,0.939460,0.153858,0.306137,-10.082379,123.276497,23.638502,0.190088,-0.475955,0.104526,-0.852296,-25.823732,125.273979,12.522927,-0.001504,0.005211,-0.586419,-0.809990,-11.903922,115.753807,-7.931204,0.090389,0.205786,-0.594796,-0.771815,-5.067465,136.558624,-7.707547,-0.127902,0.981545,0.082683,0.115644,-3.237155,123.771179,26.532143,0.264736,0.828852,0.022113,-0.492372,14.984390,128.265076,31.340084,-0.109282,0.278826,0.512542,-0.804745,24.924746,117.208458,9.392266,0.047750,0.058346,0.486159,-0.870612,17.407816,138.075729,1.459862,0.070014,0.913280,0.211984,0.340707,-11.087303,84.134483,15.607331,0.084655,0.949803,0.025687,0.300080,-10.496906,52.042614,0.104991,-0.040993,0.937319,0.003662,0.346033,-17.034494,7.782230,-4.373562,-0.093442,0.916502,-0.074685,0.381726,4.472921,84.387932,25.864553,0.002403,0.880547,-0.169751,0.442510,8.545765,49.763149,33.287151,-0.016915,0.858599,-0.002089,0.512365,1.600395,7.390797,46.633469,-0.040993,0.937319,0.003662,0.346033,-7.489899,2.237780,-14.874199,-0.016915,0.858599,-0.002089,0.512365,14.063442,1.528937,40.120819
731,6.091667,-0.001905,0.957547,-0.017178,0.287758,-3.272228,84.252998,20.782177,-0.027009,0.970953,0.096943,0.217078,-3.224564,91.890244,20.522408,-0.039511,0.979064,0.028922,0.197577,-4.943274,109.702385,23.731750,0.043637,0.963150,-0.188849,0.186480,-6.737302,129.809250,24.560499,0.031980,0.952410,-0.260788,0.154538,-3.866901,142.460419,17.939550,0.005082,0.939362,0.154952,0.305881,-10.066055,123.266006,23.726387,0.189290,-0.475749,0.104794,-0.852555,-25.813341,125.287476,12.623562,-0.001729,0.005559,-0.586120,-0.810203,-11.886117,115.775932,-7.829539,0.090179,0.206444,-0.594362,-0.771999,-5.034203,136.576324,-7.587728,-0.127791,0.981435,0.083117,0.116392,-3.222662,123.757133,26.624956,0.264577,0.829459,0.023100,-0.491390,14.993252,128.241913,31.462654,-0.109539,0.279343,0.512076,-0.804827,24.989281,117.208313,9.528549,0.047284,0.059407,0.485719,-0.870811,17.463121,138.066925,1.578873,0.070481,0.913551,0.211456,0.340211,-11.048073,84.126869,15.647083,0.084706,0.949847,0.026392,0.299864,-10.509731,52.023720,0.166228,-0.040948,0.937387,0.004163,0.345849,-17.033491,7.767415,-4.372352,-0.093205,0.916806,-0.074164,0.381154,4.503615,84.379135,25.917271,0.002941,0.881012,-0.169889,0.441529,8.580213,49.745667,33.297165,-0.017217,0.858761,-0.001888,0.512084,1.601599,7.377789,46.640354,-0.040948,0.937387,0.004163,0.345849,-7.492029,2.235447,-14.882411,-0.017217,0.858761,-0.001888,0.512084,14.064590,1.525065,40.119385
732,6.100000,-0.001932,0.957455,-0.016676,0.288094,-3.233574,84.245911,20.817150,-0.026943,0.970836,0.097594,0.217317,-3.188417,91.883408,20.564611,-0.039791,0.978977,0.029796,0.197822,-4.910385,109.688278,23.796310,0.043271,0.963603,-0.186681,0.186407,-6.722623,129.792175,24.656893,0.032811,0.952483,-0.260546,0.154321,-3.873240,142.475525,18.088631,0.005280,0.939344,0.155763,0.305522,-10.045189,123.247353,23.810616,0.188518,-0.475547,0.104980,-0.852816,-25.800886,125.283455,12.722405,-0.001863,0.005981,-0.586016,-0.810275,-11.865560,115.783562,-7.730587,0.090540,0.206980,-0.594015,-0.772080,-5.008282,136.582825,-7.470355,-0.128103,0.981288,0.083318,0.117136,-3.203568,123.739830,26.713139,0.264983,0.829711,0.022823,-0.490757,15.002531,128.232407,31.580460,-0.109892,0.280506,0.512171,-0.804314,25.020128,117.169403,9.671018,0.047122,0.060683,0.485159,-0.871044,17.530224,138.027023,1.694138,0.070896,0.913916,0.210882,0.339500,-11.005815,84.121887,15.676554,0.084741,0.949959,0.027033,0.299445,-10.520941,52.005665,0.221066,-0.041218,0.937467,0.004550,0.345594,-17.032230,7.752958,-4.370222,-0.092882,0.917257,-0.073784,0.380222,4.538667,84.369942,25.957748,0.003397,0.881315,-0.170084,0.440844,8.612294,49.728168,33.300232,-0.017653,0.858867,-0.001731,0.511891,1.600171,7.366502,46.645569,-0.041218,0.937467,0.004550,0.345594,-7.492420,2.233778,-14.888503,-0.017653,0.858867,-0.001731,0.511891,14.065534,1.523868,40.120090
733,6.108333,-0.001898,0.957393,-0.016241,0.288325,-3.202994,84.238258,20.846375,-0.027383,0.970720,0.098575,0.217340,-3.159195,91.875977,20.600365,-0.039750,0.978960,0.030549,0.197799,-4.905646,109.685425,23.865053,0.043634,0.963707,-0.185895,0.186570,-6.722199,129.787613,24.755800,0.033056,0.952632,-0.259772,0.154654,-3.865403,142.480972,18.210148,0.005451,0.939360,0.155975,0.305359,-10.043419,123.243317,23.900099,0.188850,-0.475396,0.104777,-0.852852,-25.802916,125.287201,12.818721,-0.001192,0.006894,-0.585718,-0.810485,-11.857698,115.789398,-7.628510,0.091460,0.207419,-0.593861,-0.771973,-4.986726,136.580276,-7.353099,-0.127536,0.981266,0.083440,0.117850,-3.201610,123.732971,26.802662,0.265915,0.830127,0.023457,-0.489518,15.003605,128.201050,31.695795,-0.109126,0.281263,0.512157,-0.804163,25.059370,117.106155,9.819982,0.047561,0.061787,0.486236,-0.870342,17.588442,137.954529,1.797423,0.071214,0.914269,0.210427,0.338764,-10.972754,84.117111,15.701956,0.084744,0.949970,0.027533,0.299361,-10.532432,51.990425,0.266908,-0.041500,0.937570,0.004830,0.345278,-17.030794,7.740223,-4.366616,-0.092672,0.917680,-0.073391,0.379328,4.566765,84.359406,25.990793,0.003768,0.881492,-0.170269,0.440415,8.644846,49.710743,33.298191,-0.018069,0.858936,-0.001706,0.511761,1.602487,7.355001,46.646412,-0.041500,0.937570,0.004830,0.345278,-7.494232,2.231055,-14.893086,-0.018069,0.858936,-0.001706,0.511761,14.070222,1.519031,40.119492
734,6.116667,-0.001999,0.957382,-0.015738,0.288388,-3.170154,84.234200,20.869049,-0.027694,0.970585,0.099601,0.217436,-3.130029,91.872154,20.629957,-0.039648,0.978915,0.031189,0.197940,-4.895766,109.673401,23.927801,0.043414,0.963879,-0.185164,0.186456,-6.713511,129.774338,24.844374,0.033596,0.952863,-0.258857,0.154652,-3.867186,142.478760,18.315664,0.005822,0.939697,0.155613,0.304501,-10.034207,123.231003,23.979338,0.188881,-0.475159,0.104828,-0.852971,-25.813812,125.279022,12.927370,-0.000677,0.006949,-0.585396,-0.810718,-11.857225,115.779831,-7.511453,0.091781,0.207766,-0.593094,-0.772430,-4.971048,136.561447,-7.247275,-0.127293,0.981197,0.083151,0.118889,-3.193113,123.717186,26.884163,0.267480,0.830191,0.023553,-0.488552,15.004967,128.173645,31.814293,-0.108256,0.282688,0.512615,-0.803488,25.066555,117.010262,9.976027,0.048095,0.063488,0.487237,-0.869630,17.656216,137.853714,1.890477,0.071426,0.914688,0.209994,0.337857,-10.939234,84.113945,15.723586,0.084764,0.950119,0.028051,0.298834,-10.538917,51.976437,0.309981,-0.040656,0.937716,0.005667,0.344970,-17.027546,7.729134,-4.364694,-0.092436,0.918125,-0.073239,0.378336,4.598927,84.354462,26.014513,0.004171,0.881706,-0.170389,0.439937,8.673782,49.701092,33.301388,-0.018085,0.858921,-0.001558,0.511787,1.601969,7.349303,46.646587,-0.040656,0.937716,0.005667,0.344970,-7.504532,2.232711,-14.910078,-0.018085,0.858921,-0.001558,0.511787,14.071101,1.517126,40.118954
735,6.125000,-0.002215,0.957426,-0.015167,0.288273,-3.135474,84.233818,20.885052,-0.028351,0.970429,0.100726,0.217529,-3.101064,91.872032,20.653351,-0.039246,0.978876,0.031812,0.198114,-4.899034,109.663185,23.984953,0.042824,0.964106,-0.184359,0.186221,-6.706014,129.763809,24.929064,0.034197,0.953102,-0.257891,0.154656,-3.881583,142.481476,18.416649,0.006258,0.939850,0.155546,0.304053,-10.030053,123.223518,24.053963,0.189072,-0.474999,0.105387,-0.852949,-25.820028,125.283920,13.019127,-0.000198,0.007079,-0.584973,-0.811022,-11.861603,115.756416,-7.405256,0.092073,0.207923,-0.592560,-0.772763,-4.953955,136.530701,-7.148645,-0.126961,0.981153,0.082318,0.120179,-3.189512,123.701904,26.961386,0.269452,0.830017,0.023071,-0.487786,14.999890,128.145248,31.935194,-0.106972,0.284466,0.513699,-0.802340,25.045008,116.884125,10.139577,0.049482,0.064697,0.488758,-0.868609,17.733160,137.736679,1.975010,0.071713,0.915019,0.209641,0.337118,-10.905769,84.112801,15.741441,0.084783,0.950153,0.028497,0.298680,-10.545379,51.967663,0.342765,-0.041418,0.937715,0.005404,0.344885,-17.024279,7.722920,-4.369466,-0.092092,0.918461,-0.073179,0.377616,4.634821,84.354843,26.028664,0.004444,0.881932,-0.170526,0.439428,8.694739,49.696331,33.299366,-0.018027,0.858977,-0.001587,0.511694,1.603586,7.348969,46.648338,-0.041418,0.937715,0.005404,0.344885,-7.495766,2.227572,-14.910441,-0.018027,0.858977,-0.001587,0.511694,14.070547,1.515178,40.117996
736,6.133333,-0.002369,0.957521,-0.014533,0.287987,-3.105792,84.232361,20.894211,-0.028668,0.970304,0.101849,0.217519,-3.076493,91.870850,20.671103,-0.039091,0.978841,0.032292,0.198240,-4.894066,109.650360,24.038868,0.042928,0.964446,-0.182738,0.186034,-6.698871,129.750229,25.002951,0.034521,0.953324,-0.257324,0.154158,-3.881077,142.490402,18.531763,0.006586,0.940054,0.155822,0.303275,-10.023496,123.211220,24.120516,0.189692,-0.474849,0.105648,-0.852862,-25.831610,125.282181,13.113678,0.000777,0.007356,-0.584436,-0.811406,-11.868559,115.729233,-7.295643,0.092950,0.207987,-0.592759,-0.772488,-4.933894,136.493500,-7.054052,-0.126731,0.981053,0.081921,0.121507,-3.183522,123.685852,27.029884,0.272252,0.829718,0.023377,-0.486724,14.995694,128.117599,32.050999,-0.105133,0.286006,0.514942,-0.801238,25.015215,116.744141,10.301987,0.050725,0.066273,0.490899,-0.867210,17.805103,137.599731,2.055816,0.071932,0.915390,0.209329,0.336257,-10.879144,84.112076,15.755208,0.084737,0.950080,0.028755,0.298901,-10.555278,51.959873,0.370477,-0.041765,0.937898,0.005486,0.344345,-17.022173,7.715747,-4.364023,-0.091887,0.918739,-0.073281,0.376968,4.667559,84.352646,26.033211,0.004832,0.882334,-0.170636,0.438573,8.716537,49.692501,33.302246,-0.018346,0.859075,-0.001711,0.511518,1.603180,7.348814,46.651096,-0.041765,0.937898,0.005486,0.344345,-7.501855,2.225655,-14.915130,-0.018346,0.859075,-0.001711,0.511518,14.069971,1.516681,40.118961
737,6.141667,-0.002462,0.957628,-0.013926,0.287662,-3.080909,84.230545,20.899071,-0.029006,0.970187,0.103024,0.217443,-3.055725,91.869293,20.684423,-0.038714,0.978832,0.032839,0.198268,-4.893471,109.632957,24.089394,0.042572,0.964667,-0.181968,0.185721,-6.687787,129.732574,25.078075,0.034848,0.953626,-0.256286,0.153951,-3.886047,142.484650,18.623396,0.007116,0.940331,0.155554,0.302540,-10.015830,123.196373,24.187677,0.190406,-0.474683,0.106116,-0.852737,-25.840918,125.279129,13.207468,0.001602,0.007217,-0.583982,-0.811733,-11.874790,115.689400,-7.182494,0.093532,0.207535,-0.592309,-0.772885,-4.917487,136.444260,-6.966839,-0.126370,0.980989,0.080728,0.123182,-3.175581,123.663879,27.097553,0.275583,0.829186,0.024076,-0.485721,14.991300,128.081970,32.175060,-0.102674,0.287642,0.516509,-0.799962,24.965794,116.586540,10.469511,0.052383,0.068002,0.493408,-0.865552,17.877140,137.441666,2.128132,0.072136,0.915707,0.209109,0.335485,-10.857741,84.111931,15.765296,0.084724,0.949858,0.028912,0.299591,-10.565643,51.955242,0.389302,-0.041806,0.937926,0.005586,0.344263,-17.023802,7.711741,-4.362957,-0.091651,0.918877,-0.073350,0.376677,4.695923,84.349167,26.032846,0.005115,0.882762,-0.170766,0.437658,8.729969,49.686642,33.298851,-0.018439,0.859147,-0.001693,0.511393,1.602891,7.347205,46.653835,-0.041806,0.937926,0.005586,0.344263,-7.504612,2.224616,-14.916632,-0.018439,0.859147,-0.001693,0.511393,14.068797,1.516782,40.118477
738,6.150000,-0.002591,0.957782,-0.013273,0.287177,-3.053892,84.228394,20.899725,-0.029358,0.970049,0.104293,0.217406,-3.033570,91.867409,20.694059,-0.038661,0.978785,0.033251,0.198444,-4.893397,109.619904,24.140394,0.042830,0.964809,-0.181187,0.185691,-6.689093,129.718582,25.145472,0.034828,0.953926,-0.255353,0.153645,-3.884383,142.480743,18.712044,0.007590,0.940515,0.155508,0.301980,-10.016500,123.182976,24.248455,0.191519,-0.474522,0.106514,-0.852528,-25.854445,125.279144,13.289356,0.002187,0.006839,-0.583224,-0.812280,-11.884670,115.646271,-7.077758,0.092906,0.206369,-0.592045,-0.773475,-4.889678,136.384262,-6.890299,-0.126137,0.980888,0.080097,0.124633,-3.177232,123.648369,27.160978,0.278704,0.828734,0.023953,-0.484717,14.977998,128.055618,32.289330,-0.100432,0.289655,0.517862,-0.798644,24.912464,116.425201,10.637408,0.054082,0.069886,0.495695,-0.863989,17.945295,137.275986,2.190957,0.072322,0.916128,0.208924,0.334410,-10.835905,84.111092,15.773775,0.084710,0.949678,0.029000,0.300157,-10.578536,51.950806,0.404704,-0.041825,0.937962,0.005691,0.344159,-17.030247,7.707548,-4.358524,-0.091402,0.918951,-0.073463,0.376536,4.728121,84.345695,26.025677,0.005350,0.883061,-0.170933,0.436985,8.744027,49.681107,33.291866,-0.018516,0.859227,-0.001752,0.511256,1.601989,7.347014,46.655823,-0.041825,0.937962,0.005691,0.344159,-7.512897,2.223275,-14.915339,-0.018516,0.859227,-0.001752,0.511256,14.066243,1.516258,40.117611
739,6.158333,-0.002710,0.957928,-0.012681,0.286716,-3.025551,84.229111,20.898998,-0.029815,0.969926,0.105565,0.217281,-3.009665,91.868347,20.701469,-0.038389,0.978773,0.033753,0.198468,-4.894328,109.603371,24.187357,0.042996,0.964909,-0.180601,0.185703,-6.683286,129.701538,25.214430,0.034573,0.954155,-0.254530,0.153644,-3.876810,142.471344,18.796963,0.007957,0.940675,0.155698,0.301371,-10.012887,123.168030,24.310287,0.192099,-0.474334,0.107228,-0.852413,-25.864830,125.276161,13.373748,0.003175,0.006556,-0.582805,-0.812579,-11.893700,115.598953,-6.971413,0.093955,0.206049,-0.591795,-0.773624,-4.877245,136.329849,-6.819126,-0.125711,0.980816,0.079281,0.126144,-3.173447,123.627945,27.223274,0.282424,0.827838,0.024003,-0.484092,14.971262,128.017944,32.403393,-0.097853,0.291414,0.519841,-0.797037,24.827147,116.237984,10.796430,0.055996,0.071355,0.498180,-0.862316,18.003923,137.099731,2.250896,0.072721,0.916377,0.208702,0.333780,-10.812481,84.112953,15.780494,0.084618,0.949580,0.029082,0.300488,-10.597116,51.950191,0.415947,-0.042203,0.938033,0.005705,0.343920,-17.037170,7.705963,-4.354038,-0.091017,0.919023,-0.073596,0.376426,4.761378,84.345268,26.017502,0.005484,0.883276,-0.171096,0.436486,8.749566,49.677071,33.281746,-0.018337,0.859242,-0.001553,0.511239,1.598042,7.348141,46.656963,-0.042203,0.938033,0.005705,0.343920,-7.521099,2.225808,-14.914143,-0.018337,0.859242,-0.001553,0.511239,14.061344,1.519503,40.115051
740,6.166667,-0.002797,0.958083,-0.012101,0.286221,-2.997904,84.227806,20.896015,-0.030270,0.969777,0.106883,0.217237,-2.985929,91.867249,20.706593,-0.038266,0.978729,0.034225,0.198631,-4.897058,109.594391,24.235491,0.043168,0.965034,-0.180025,0.185574,-6.685080,129.691650,25.281883,0.034581,0.954413,-0.253819,0.153220,-3.877819,142.468918,18.879625,0.008339,0.940879,0.155525,0.300814,-10.014818,123.159241,24.370316,0.192482,-0.474004,0.108155,-0.852393,-25.879532,125.276009,13.453981,0.004229,0.006217,-0.582294,-0.812944,-11.902401,115.550766,-6.864137,0.095241,0.205631,-0.591774,-0.773594,-4.859731,136.272827,-6.750589,-0.125094,0.980783,0.078191,0.127681,-3.176201,123.615860,27.285749,0.286173,0.826917,0.024144,-0.483457,14.959380,127.982925,32.516964,-0.095083,0.293018,0.521906,-0.795433,24.734825,116.055191,10.954590,0.058594,0.073068,0.500749,-0.860511,18.057001,136.924454,2.312289,0.072946,0.916817,0.208482,0.332656,-10.790118,84.113304,15.785522,0.084526,0.949599,0.029312,0.300431,-10.613708,51.946342,0.429282,-0.042476,0.938100,0.005739,0.343703,-17.039934,7.701912,-4.357477,-0.090715,0.919071,-0.073674,0.376367,4.794309,84.342308,26.006512,0.005702,0.883538,-0.171273,0.435883,8.761239,49.671017,33.267635,-0.018635,0.859262,-0.001652,0.511193,1.594628,7.347736,46.652660,-0.042476,0.938100,0.005739,0.343703,-7.525733,2.225306,-14.921108,-0.018635,0.859262,-0.001652,0.511193,14.059692,1.521091,40.112331
741,6.175000,-0.003058,0.958208,-0.011386,0.285830,-2.959917,84.226463,20.890062,-0.030875,0.969635,0.108068,0.217202,-2.954959,91.866142,20.709963,-0.038404,0.978678,0.034613,0.198790,-4.895507,109.573936,24.273596,0.042925,0.965282,-0.178839,0.185485,-6.692257,129.669678,25.333935,0.034871,0.954558,-0.253380,0.152973,-3.898087,142.464142,18.960342,0.008996,0.941216,0.155312,0.299850,-10.018980,123.136543,24.416620,0.193312,-0.473617,0.108500,-0.852376,-25.905674,125.269081,13.535375,0.005563,0.005944,-0.581812,-0.813283,-11.913048,115.511452,-6.756534,0.096401,0.205277,-0.591504,-0.773751,-4.847092,136.221024,-6.686516,-0.124340,0.980751,0.077030,0.129360,-3.181462,123.593918,27.334515,0.289879,0.826120,0.025021,-0.482566,14.944688,127.932884,32.621498,-0.092380,0.294579,0.523487,-0.794135,24.652555,115.876221,11.100342,0.059492,0.074386,0.503311,-0.858839,18.096876,136.738693,2.359428,0.073396,0.917213,0.208203,0.331639,-10.756273,84.111198,15.785909,0.084126,0.949598,0.029984,0.300479,-10.633033,51.940632,0.436702,-0.042291,0.938306,0.005893,0.343160,-17.006783,7.693723,-4.397042,-0.090205,0.918995,-0.073814,0.376648,4.836440,84.341736,25.994215,0.005820,0.883749,-0.171402,0.435401,8.764198,49.665340,33.252254,-0.019022,0.859284,-0.001898,0.511142,1.590450,7.346168,46.646423,-0.042291,0.938306,0.005893,0.343160,-7.506389,2.218620,-14.973870,-0.019022,0.859284,-0.001898,0.511142,14.057252,1.519302,40.109604
742,6.183333,-0.003000,0.958298,-0.010852,0.285550,-2.932769,84.219810,20.881733,-0.031368,0.969471,0.109330,0.217230,-2.929345,91.859680,20.709700,-0.038303,0.978630,0.035045,0.198968,-4.896763,109.552849,24.312485,0.042740,0.965526,-0.177783,0.185272,-6.693189,129.647690,25.390348,0.035114,0.954747,-0.252916,0.152506,-3.910909,142.457275,19.041992,0.009359,0.941436,0.155303,0.299152,-10.019831,123.115494,24.466049,0.193841,-0.473448,0.108788,-0.852313,-25.922468,125.257050,13.609886,0.006313,0.005648,-0.581359,-0.813603,-11.924670,115.475227,-6.666800,0.096921,0.204805,-0.591026,-0.774177,-4.835908,136.175766,-6.626230,-0.123872,0.980686,0.076184,0.130790,-3.183254,123.570015,27.386602,0.293473,0.825200,0.025542,-0.481939,14.932993,127.890923,32.722130,-0.089672,0.295583,0.525391,-0.792814,24.561764,115.703629,11.239030,0.061900,0.075784,0.505579,-0.857214,18.128004,136.571548,2.420147,0.073687,0.917555,0.207896,0.330822,-10.732111,84.108475,15.782049,0.084351,0.949752,0.029591,0.299968,-10.649097,51.931877,0.445208,-0.042954,0.938192,0.006184,0.343384,-17.055258,7.686275,-4.357568,-0.089841,0.919233,-0.073845,0.376146,4.866573,84.331154,25.981417,0.006122,0.884386,-0.171691,0.433990,8.773830,49.650406,33.229710,-0.019259,0.859383,-0.001817,0.510967,1.586153,7.340476,46.645592,-0.042954,0.938192,0.006184,0.343384,-7.541844,2.226133,-14.930431,-0.019259,0.859383,-0.001817,0.510967,14.053122,1.518946,40.104328
743,6.191667,-0.002852,0.958357,-0.010444,0.285367,-2.913518,84.213028,20.873636,-0.031523,0.969323,0.110563,0.217246,-2.909741,91.853035,20.708220,-0.038565,0.978568,0.035519,0.199135,-4.891647,109.530731,24.351519,0.042824,0.965667,-0.176933,0.185332,-6.702372,129.623413,25.445690,0.035181,0.954887,-0.252479,0.152339,-3.921451,142.444412,19.119812,0.009938,0.941546,0.155492,0.298689,-10.024172,123.089691,24.514788,0.193766,-0.473235,0.109512,-0.852356,-25.937111,125.251816,13.677833,0.006684,0.005048,-0.580976,-0.813878,-11.937024,115.441086,-6.583302,0.097126,0.204563,-0.590554,-0.774575,-4.827799,136.136932,-6.573345,-0.123468,0.980643,0.075093,0.132118,-3.188887,123.546494,27.437996,0.297035,0.824144,0.025590,-0.481562,14.917689,127.853523,32.817348,-0.087370,0.297023,0.527286,-0.791273,24.454218,115.527748,11.372161,0.063278,0.076804,0.507331,-0.855986,18.153751,136.404846,2.470665,0.073992,0.917761,0.207659,0.330330,-10.714815,84.106529,15.776851,0.083970,0.949508,0.030155,0.300789,-10.665675,51.926113,0.447884,-0.043199,0.938386,0.006099,0.342825,-17.020058,7.677782,-4.398300,-0.089531,0.919578,-0.073779,0.375388,4.887781,84.319519,25.970423,0.006363,0.884830,-0.172005,0.432955,8.782691,49.634125,33.203106,-0.019892,0.859415,-0.001924,0.510889,1.579350,7.334170,46.642036,-0.043199,0.938386,0.006099,0.342825,-7.516894,2.217373,-14.980234,-0.019892,0.859415,-0.001924,0.510889,14.050923,1.519369,40.103577
744,6.200000,-0.002660,0.958375,-0.010073,0.285322,-2.894524,84.204445,20.864292,-0.031863,0.969168,0.111685,0.217313,-2.889557,91.844582,20.705156,-0.038596,0.978520,0.035965,0.199288,-4.892936,109.517418,24.385620,0.042336,0.965796,-0.176425,0.185256,-6.708604,129.608719,25.496861,0.035469,0.955016,-0.251937,0.152362,-3.944021,142.438187,19.181005,0.010039,0.941592,0.155822,0.298368,-10.028633,123.075043,24.559292,0.194111,-0.473175,0.109721,-0.852284,-25.948910,125.242767,13.734221,0.007109,0.004833,-0.580568,-0.814166,-11.948226,115.414978,-6.518234,0.097240,0.204231,-0.589941,-0.775115,-4.818874,136.101563,-6.526546,-0.122994,0.980600,0.074500,0.133213,-3.194285,123.530869,27.484852,0.300407,0.823031,0.025461,-0.481380,14.905563,127.819565,32.901402,-0.085232,0.298131,0.529029,-0.789925,24.344564,115.360626,11.490032,0.064827,0.078107,0.508921,-0.854808,18.162064,136.243210,2.520270,0.074242,0.917972,0.207379,0.329863,-10.696327,84.103363,15.768162,0.083912,0.949473,0.030224,0.300908,-10.678185,51.917290,0.450994,-0.043433,0.938395,0.006258,0.342768,-17.025122,7.668453,-4.400351,-0.089238,0.919856,-0.073528,0.374827,4.907280,84.305519,25.960423,0.006472,0.885093,-0.172463,0.432233,8.794446,49.613750,33.166672,-0.019995,0.859474,-0.001844,0.510785,1.575691,7.328108,46.642323,-0.043433,0.938395,0.006258,0.342768,-7.520277,2.214643,-14.984184,-0.019995,0.859474,-0.001844,0.510785,14.047167,1.516685,40.100666
745,6.208333,-0.002415,0.958389,-0.009712,0.285289,-2.881135,84.196320,20.852938,-0.032308,0.968983,0.112857,0.217468,-2.874169,91.836586,20.700153,-0.038250,0.978468,0.036507,0.199510,-4.902667,109.496895,24.417006,0.041895,0.965966,-0.175723,0.185138,-6.709279,129.587677,25.552025,0.035631,0.955132,-0.251538,0.152257,-3.961049,142.428101,19.251316,0.010150,0.941557,0.156198,0.298278,-10.032026,123.056725,24.605204,0.194562,-0.473390,0.109511,-0.852089,-25.954300,125.232254,13.784650,0.007504,0.005094,-0.580199,-0.814424,-11.961961,115.401550,-6.472156,0.097621,0.204090,-0.589494,-0.775444,-4.815601,136.077133,-6.481025,-0.122575,0.980560,0.073882,0.134234,-3.198606,123.505737,27.533976,0.303370,0.822009,0.026022,-0.481239,14.894650,127.778557,32.984966,-0.082726,0.298502,0.530511,-0.789057,24.245974,115.220901,11.592814,0.066211,0.078569,0.511626,-0.853043,18.148071,136.102341,2.565130,0.074615,0.918056,0.207099,0.329720,-10.683308,84.101524,15.757259,0.083738,0.949305,0.030200,0.301488,-10.698707,51.911140,0.449175,-0.043630,0.938440,0.006475,0.342614,-17.028612,7.659552,-4.399343,-0.089096,0.920209,-0.073431,0.374013,4.921039,84.291107,25.948616,0.006448,0.884931,-0.172807,0.432427,8.807964,49.596519,33.141415,-0.020225,0.859503,-0.001729,0.510727,1.574854,7.321513,46.642696,-0.043630,0.938440,0.006475,0.342614,-7.524527,2.213408,-14.987798,-0.020225,0.859503,-0.001729,0.510727,14.048420,1.516206,40.099602
746,6.216667,-0.002237,0.958402,-0.009269,0.285263,-2.868416,84.188683,20.837845,-0.032602,0.968820,0.114035,0.217533,-2.860767,91.829094,20.692322,-0.038135,0.978431,0.036874,0.199646,-4.909477,109.483047,24.448425,0.041665,0.966109,-0.175036,0.185096,-6.714633,129.573090,25.598616,0.035698,0.955231,-0.251198,0.152180,-3.976355,142.423584,19.314108,0.010348,0.941539,0.156421,0.298212,-10.037714,123.043167,24.645905,0.194608,-0.473697,0.109428,-0.851918,-25.961351,125.228119,13.829247,0.007573,0.005320,-0.579698,-0.814779,-11.983444,115.397820,-6.437723,0.097657,0.204049,-0.589370,-0.775545,-4.812893,136.061340,-6.440061,-0.122201,0.980532,0.073378,0.135058,-3.204970,123.489319,27.576696,0.305397,0.821338,0.025883,-0.481110,14.883237,127.748093,33.055374,-0.080750,0.298900,0.531432,-0.788491,24.175745,115.109215,11.685435,0.067931,0.078800,0.512708,-0.852236,18.136808,135.978729,2.607591,0.074835,0.918129,0.206897,0.329594,-10.670893,84.099449,15.742524,0.083683,0.949176,0.030112,0.301920,-10.707710,51.905441,0.442088,-0.043881,0.938430,0.006672,0.342607,-17.033144,7.652542,-4.400292,-0.089035,0.920409,-0.073300,0.373560,4.934061,84.277916,25.933165,0.006382,0.884624,-0.173173,0.432909,8.824123,49.581192,33.113926,-0.020442,0.859506,-0.001679,0.510714,1.574664,7.317531,46.641930,-0.043881,0.938430,0.006672,0.342607,-7.525950,2.214239,-14.989996,-0.020442,0.859506,-0.001679,0.510714,14.050508,1.516637,40.099255
747,6.225000,-0.002052,0.958420,-0.008815,0.285218,-2.859402,84.181953,20.823116,-0.032887,0.968661,0.115059,0.217659,-2.851041,91.822502,20.685049,-0.038048,0.978378,0.037180,0.199865,-4.918190,109.467186,24.474117,0.041462,0.966308,-0.174117,0.184970,-6.722631,129.556580,25.636700,0.035940,0.955402,-0.250705,0.151863,-3.995355,142.420166,19.374239,0.010581,0.941507,0.156808,0.298101,-10.045700,123.027481,24.678322,0.194338,-0.473691,0.109527,-0.851970,-25.971729,125.224709,13.867673,0.007449,0.005303,-0.579551,-0.814885,-11.994698,115.396515,-6.400907,0.097556,0.204059,-0.589198,-0.775686,-4.816735,136.057220,-6.400590,-0.121851,0.980500,0.072914,0.135855,-3.214161,123.471306,27.612272,0.307697,0.820319,0.025928,-0.481382,14.868991,127.716789,33.117889,-0.079110,0.299264,0.532951,-0.787494,24.072893,114.995941,11.758243,0.069266,0.078904,0.513791,-0.851466,18.118933,135.879974,2.643409,0.074881,0.918228,0.206746,0.329403,-10.662369,84.098427,15.728450,0.083632,0.949186,0.030044,0.301910,-10.709053,51.900471,0.436358,-0.043856,0.938482,0.006875,0.342464,-17.032104,7.646439,-4.398776,-0.089105,0.920537,-0.073241,0.373240,4.943564,84.265480,25.917784,0.006429,0.884610,-0.173477,0.432816,8.842245,49.569008,33.095131,-0.020427,0.859568,-0.001627,0.510610,1.578650,7.314861,46.645279,-0.043856,0.938482,0.006875,0.342464,-7.527849,2.213077,-14.993647,-0.020427,0.859568,-0.001627,0.510610,14.053032,1.514923,40.098972
748,6.233333,-0.002000,0.958460,-0.008205,0.285102,-2.849771,84.173004,20.802385,-0.033226,0.968518,0.115960,0.217768,-2.843317,91.813721,20.673470,-0.037834,0.978330,0.037641,0.200058,-4.929916,109.450890,24.490999,0.041214,0.966463,-0.173398,0.184891,-6.729854,129.539551,25.673157,0.036099,0.955544,-0.250219,0.151734,-4.013463,142.413620,19.427538,0.010956,0.941574,0.156865,0.297845,-10.054186,123.012230,24.707067,0.193917,-0.473722,0.109401,-0.852065,-25.985796,125.222290,13.907263,0.007280,0.005268,-0.579344,-0.815034,-12.008856,115.409454,-6.368829,0.097353,0.204228,-0.589279,-0.775605,-4.820801,136.065292,-6.365419,-0.121214,0.980498,0.072277,0.136772,-3.223552,123.451424,27.643820,0.308838,0.819767,0.026486,-0.481560,14.855915,127.673492,33.179447,-0.077844,0.299294,0.533692,-0.787106,24.013376,114.926506,11.815426,0.069857,0.078487,0.514753,-0.850876,18.097803,135.809586,2.676316,0.074878,0.918328,0.206637,0.329192,-10.653975,84.093674,15.709551,0.083665,0.949065,0.029876,0.302296,-10.706707,51.892460,0.424330,-0.043874,0.938476,0.007091,0.342472,-17.035160,7.638011,-4.399921,-0.089292,0.920604,-0.073287,0.373021,4.954432,84.252342,25.895220,0.006582,0.884547,-0.173773,0.432823,8.865751,49.558743,33.079559,-0.020533,0.859613,-0.001699,0.510530,1.578420,7.314023,46.646332,-0.043874,0.938476,0.007091,0.342472,-7.529910,2.210555,-14.996923,-0.020533,0.859613,-0.001699,0.510530,14.052248,1.513888,40.099148
749,6.241667,-0.001924,0.958492,-0.007732,0.285009,-2.847996,84.167633,20.786205,-0.033596,0.968383,0.116782,0.217871,-2.842497,91.808472,20.664553,-0.037559,0.978292,0.037995,0.200227,-4.948707,109.436264,24.507053,0.041348,0.966702,-0.172157,0.184770,-6.740834,129.524673,25.705143,0.036231,0.955682,-0.249940,0.151293,-4.027821,142.415054,19.491795,0.011248,0.941512,0.157196,0.297856,-10.067527,122.999504,24.732706,0.193346,-0.473757,0.109194,-0.852202,-25.998640,125.224030,13.935163,0.006785,0.005351,-0.579228,-0.815120,-12.021056,115.433716,-6.351356,0.096795,0.204327,-0.589343,-0.775601,-4.826866,136.088379,-6.332408,-0.120629,0.980472,0.072748,0.137228,-3.237601,123.433517,27.671865,0.309614,0.819279,0.027155,-0.481854,14.842495,127.629471,33.225239,-0.077256,0.299015,0.534442,-0.786761,23.959486,114.874283,11.848821,0.070153,0.078175,0.515273,-0.850565,18.073259,135.768997,2.712094,0.074908,0.918295,0.206577,0.329316,-10.653186,84.092194,15.694830,0.083638,0.949001,0.029739,0.302520,-10.707306,51.889538,0.412665,-0.044079,0.938512,0.007087,0.342349,-17.036060,7.633951,-4.400703,-0.089559,0.920626,-0.073223,0.372916,4.957195,84.243080,25.877581,0.006719,0.884494,-0.174049,0.432818,8.888431,49.552208,33.064224,-0.020336,0.859615,-0.001652,0.510535,1.579516,7.316277,46.646736,-0.044079,0.938512,0.007087,0.342349,-7.531412,2.208411,-14.999220,-0.020336,0.859615,-0.001652,0.510535,14.051687,1.514368,40.097980
750,6.250000,-0.001957,0.958526,-0.007273,0.284905,-2.844717,84.163712,20.771006,-0.033953,0.968292,0.117426,0.217874,-2.841711,91.804649,20.655939,-0.037329,0.978274,0.038538,0.200254,-4.965360,109.425179,24.517672,0.041576,0.966824,-0.171430,0.184756,-6.752815,129.512604,25.738997,0.036060,0.955837,-0.249449,0.151165,-4.037213,142.412048,19.545582,0.011479,0.941347,0.157771,0.298065,-10.081027,122.989334,24.759010,0.192552,-0.473788,0.108925,-0.852399,-26.007101,125.230171,13.957387,0.006198,0.005640,-0.579282,-0.815084,-12.027987,115.470551,-6.342873,0.096590,0.204543,-0.589274,-0.775621,-4.836072,136.127991,-6.298707,-0.120391,0.980458,0.073116,0.137338,-3.250998,123.418365,27.698669,0.309609,0.819092,0.027421,-0.482162,14.830160,127.602921,33.257217,-0.077303,0.298641,0.534785,-0.786666,23.931637,114.858292,11.867878,0.070161,0.077717,0.515642,-0.850383,18.052868,135.759979,2.749897,0.074792,0.918317,0.206665,0.329226,-10.651016,84.090134,15.681298,0.083693,0.948944,0.029518,0.302704,-10.696883,51.888836,0.396252,-0.044151,0.938540,0.007017,0.342263,-17.035446,7.632899,-4.400977,-0.089782,0.920604,-0.073083,0.372943,4.961582,84.237289,25.860714,0.006936,0.884696,-0.174365,0.432276,8.910855,49.547813,33.044182,-0.020327,0.859629,-0.001826,0.510511,1.580799,7.322043,46.646893,-0.044151,0.938540,0.007017,0.342263,-7.532180,2.206175,-15.000134,-0.020327,0.859629,-0.001826,0.510511,14.051522,1.515796,40.099220
751,6.258333,-0.001966,0.958549,-0.006807,0.284840,-2.844778,84.159920,20.756315,-0.034125,0.968215,0.117848,0.217962,-2.843937,91.800949,20.648027,-0.037246,0.978227,0.039147,0.200380,-4.976929,109.414719,24.522192,0.041588,0.966976,-0.170497,0.184818,-6.766139,129.500504,25.768024,0.035999,0.955933,-0.249105,0.151139,-4.054249,142.412369,19.598944,0.011686,0.941190,0.158368,0.298236,-10.093657,122.978188,24.779242,0.191712,-0.473855,0.108456,-0.852611,-26.015615,125.234398,13.974757,0.005581,0.006004,-0.579322,-0.815057,-12.034451,115.515175,-6.343464,0.096111,0.205167,-0.588762,-0.775905,-4.844862,136.173035,-6.270715,-0.119966,0.980444,0.073877,0.137404,-3.264289,123.404083,27.720896,0.309119,0.819018,0.028173,-0.482557,14.820126,127.568199,33.284195,-0.078011,0.298137,0.534988,-0.786649,23.917439,114.865875,11.867933,0.069378,0.077443,0.515693,-0.850441,18.034550,135.783463,2.787160,0.074793,0.918294,0.206711,0.329262,-10.651766,84.088661,15.667629,0.083642,0.948892,0.029310,0.302901,-10.695984,51.888721,0.379696,-0.044185,0.938573,0.007090,0.342166,-17.034964,7.630918,-4.399732,-0.090023,0.920499,-0.073024,0.373156,4.962210,84.231171,25.844999,0.006983,0.884538,-0.174569,0.432515,8.927094,49.544174,33.031826,-0.020432,0.859640,-0.002031,0.510488,1.581689,7.324868,46.646309,-0.044185,0.938573,0.007090,0.342166,-7.533325,2.206378,-15.001467,-0.020432,0.859640,-0.002031,0.510488,14.051962,1.515240,40.100773
752,6.266667,-0.001999,0.958563,-0.006459,0.284799,-2.845737,84.157875,20.744240,-0.034369,0.968149,0.118220,0.218013,-2.846904,91.798973,20.640921,-0.037119,0.978196,0.039725,0.200443,-4.990717,109.401871,24.524323,0.041529,0.967219,-0.169294,0.184667,-6.779632,129.486176,25.793861,0.036229,0.956064,-0.248749,0.150843,-4.076415,142.414246,19.654980,0.011868,0.940934,0.159213,0.298586,-10.107198,122.965118,24.797064,0.190656,-0.473991,0.107790,-0.852857,-26.020893,125.239799,13.984275,0.004686,0.006581,-0.579403,-0.815001,-12.038906,115.574440,-6.359062,0.095678,0.205547,-0.589239,-0.775496,-4.852668,136.236679,-6.243062,-0.119875,0.980412,0.074831,0.137195,-3.278062,123.387383,27.739780,0.308169,0.819124,0.028841,-0.482945,14.809421,127.543404,33.299168,-0.079410,0.297636,0.535033,-0.786668,23.917952,114.898262,11.853848,0.068219,0.077289,0.514998,-0.850970,18.022963,135.836838,2.826340,0.074791,0.918274,0.206695,0.329328,-10.653152,84.087875,15.656191,0.083592,0.948857,0.029209,0.303034,-10.696515,51.887478,0.369239,-0.044299,0.938599,0.007091,0.342081,-17.033369,7.628393,-4.401167,-0.090253,0.920353,-0.072908,0.373482,4.961679,84.227867,25.832289,0.007099,0.884534,-0.174754,0.432447,8.942145,49.542622,33.018963,-0.020449,0.859624,-0.002193,0.510513,1.581444,7.329270,46.643642,-0.044299,0.938599,0.007091,0.342081,-7.532435,2.204982,-15.004115,-0.020449,0.859624,-0.002193,0.510513,14.051373,1.516025,40.100658
753,6.275000,-0.001992,0.958548,-0.006123,0.284858,-2.849695,84.157906,20.731750,-0.034538,0.968106,0.118475,0.218042,-2.852214,91.799072,20.633373,-0.037097,0.978171,0.040356,0.200442,-5.003592,109.395744,24.523380,0.042085,0.967349,-0.168343,0.184733,-6.796710,129.478073,25.818020,0.035995,0.956217,-0.248310,0.150649,-4.082425,142.417038,19.707043,0.011955,0.940651,0.160147,0.298974,-10.122934,122.957565,24.813229,0.189433,-0.474089,0.107125,-0.853158,-26.027548,125.248512,13.990521,0.003703,0.007083,-0.579437,-0.814978,-12.042907,115.641235,-6.378487,0.094922,0.206191,-0.589155,-0.775481,-4.858365,136.304825,-6.219703,-0.120101,0.980355,0.075898,0.136817,-3.293769,123.377609,27.756191,0.306588,0.819559,0.029370,-0.483181,14.795627,127.537407,33.306519,-0.080945,0.297035,0.534582,-0.787045,23.943583,114.967773,11.833620,0.066674,0.076637,0.514858,-0.851236,18.010109,135.914795,2.861583,0.074691,0.918381,0.206740,0.329022,-10.656488,84.089813,15.642723,0.083529,0.948940,0.029125,0.302800,-10.697295,51.889645,0.355251,-0.044414,0.938624,0.006999,0.341998,-17.032314,7.629171,-4.404699,-0.090438,0.920167,-0.072752,0.373927,4.957098,84.225998,25.820776,0.007180,0.884649,-0.174926,0.432142,8.950296,49.541504,33.004040,-0.020251,0.859608,-0.002235,0.510547,1.581206,7.333660,46.641235,-0.044414,0.938624,0.006999,0.341998,-7.532279,2.204456,-15.007780,-0.020251,0.859608,-0.002235,0.510547,14.049411,1.516518,40.098438
754,6.283333,-0.002003,0.958548,-0.005884,0.284863,-2.857079,84.157349,20.721544,-0.034576,0.968103,0.118500,0.218034,-2.860805,91.798561,20.626623,-0.037100,0.978150,0.041085,0.200397,-5.013576,109.393944,24.517021,0.041921,0.967596,-0.167202,0.184510,-6.812642,129.473862,25.840452,0.036400,0.956329,-0.247978,0.150388,-4.110148,142.428391,19.757277,0.011928,0.940370,0.161344,0.299216,-10.137012,122.953773,24.826836,0.188031,-0.474250,0.106451,-0.853463,-26.036039,125.258980,13.998956,0.002449,0.007427,-0.579489,-0.814943,-12.051890,115.714111,-6.399703,0.093716,0.206865,-0.588191,-0.776180,-4.870139,136.378540,-6.196857,-0.120158,0.980308,0.077169,0.136392,-3.307584,123.371719,27.769482,0.304880,0.819696,0.029439,-0.484024,14.785769,127.528023,33.309505,-0.083237,0.296669,0.534571,-0.786952,23.945879,115.033463,11.798014,0.064731,0.076065,0.514319,-0.851763,17.999653,136.015137,2.895660,0.074604,0.918424,0.206762,0.328908,-10.663811,84.090324,15.632412,0.083483,0.948890,0.029025,0.302978,-10.700314,51.889896,0.345498,-0.044436,0.938637,0.006966,0.341962,-17.033247,7.628205,-4.405859,-0.090575,0.919936,-0.072710,0.374469,4.949653,84.224373,25.810677,0.007137,0.884617,-0.174967,0.432191,8.948705,49.541218,32.997120,-0.020137,0.859581,-0.002257,0.510598,1.580605,7.334638,46.638752,-0.044436,0.938637,0.006966,0.341962,-7.533876,2.202814,-15.009189,-0.020137,0.859581,-0.002257,0.510598,14.048312,1.515301,40.096958
755,6.291667,-0.001987,0.958513,-0.005641,0.284984,-2.867686,84.156532,20.709154,-0.034459,0.968115,0.118444,0.218030,-2.872228,91.797791,20.617863,-0.037201,0.978130,0.041807,0.200325,-5.020401,109.393608,24.507164,0.041790,0.967787,-0.166241,0.184409,-6.829146,129.470810,25.858418,0.036659,0.956439,-0.247541,0.150347,-4.135698,142.438370,19.799032,0.011911,0.940015,0.162824,0.299531,-10.150477,122.950470,24.836462,0.186405,-0.474245,0.105977,-0.853882,-26.042217,125.274040,14.001804,0.001138,0.007753,-0.579796,-0.814724,-12.052449,115.789200,-6.420991,0.092889,0.207457,-0.588449,-0.775926,-4.884983,136.462830,-6.173305,-0.120284,0.980262,0.078651,0.135769,-3.320731,123.367752,27.778465,0.302744,0.820302,0.030531,-0.484272,14.778026,127.522675,33.301842,-0.085244,0.295422,0.534045,-0.787563,23.994246,115.139664,11.749848,0.062998,0.075156,0.514257,-0.852011,17.987501,136.137711,2.934729,0.074480,0.918502,0.206756,0.328722,-10.673134,84.091064,15.618032,0.083373,0.948939,0.028930,0.302864,-10.704846,51.889133,0.334276,-0.044431,0.938668,0.007011,0.341876,-17.031679,7.625309,-4.405299,-0.090771,0.919724,-0.072727,0.374940,4.937763,84.221992,25.800276,0.007090,0.884471,-0.174912,0.432512,8.945394,49.541542,32.994980,-0.020695,0.859521,-0.002594,0.510675,1.578239,7.333162,46.631569,-0.044431,0.938668,0.007011,0.341876,-7.534195,2.200953,-15.010847,-0.020695,0.859521,-0.002594,0.510675,14.050870,1.514045,40.098972
756,6.300000,-0.001968,0.958472,-0.005507,0.285127,-2.879818,84.156487,20.694834,-0.034330,0.968121,0.118339,0.218081,-2.884657,91.797760,20.605589,-0.037241,0.978095,0.042673,0.200306,-5.028139,109.398506,24.493011,0.041663,0.967968,-0.165316,0.184318,-6.845392,129.472641,25.878143,0.036930,0.956527,-0.247192,0.150294,-4.160623,142.452698,19.841696,0.011849,0.939658,0.164009,0.300007,-10.164011,122.952591,24.845514,0.185186,-0.474651,0.105121,-0.854027,-26.044767,125.290527,13.997844,-0.000289,0.008452,-0.579823,-0.814699,-12.065842,115.870308,-6.462255,0.091328,0.208335,-0.588177,-0.776083,-4.899724,136.545212,-6.153441,-0.120436,0.980210,0.080127,0.135144,-3.334192,123.367867,27.787642,0.300756,0.820678,0.031379,-0.484819,14.769709,127.522507,33.294373,-0.087811,0.294698,0.533786,-0.787728,24.021425,115.242622,11.698606,0.060592,0.074489,0.512929,-0.853044,17.980921,136.270004,2.970713,0.074438,0.918504,0.206729,0.328743,-10.683755,84.092056,15.601377,0.083262,0.948910,0.028807,0.302998,-10.713036,51.888870,0.320238,-0.044595,0.938660,0.007000,0.341878,-17.033163,7.622731,-4.406730,-0.090922,0.919498,-0.072760,0.375450,4.924118,84.220909,25.788292,0.006956,0.884475,-0.174909,0.432507,8.936669,49.542767,32.991398,-0.020712,0.859556,-0.002631,0.510615,1.580403,7.334116,46.633034,-0.044595,0.938660,0.007000,0.341878,-7.533910,2.199836,-15.011448,-0.020712,0.859556,-0.002631,0.510615,14.052078,1.514315,40.099205
757,6.308333,-0.001975,0.958423,-0.005448,0.285294,-2.892638,84.160027,20.684776,-0.033827,0.968152,0.118158,0.218121,-2.897817,91.801315,20.596355,-0.037740,0.978043,0.043308,0.200331,-5.021405,109.396599,24.479679,0.041417,0.968252,-0.163777,0.184255,-6.863475,129.467010,25.885736,0.037394,0.956636,-0.246791,0.150145,-4.193392,142.467850,19.887640,0.011921,0.939384,0.165146,0.300238,-10.173991,122.943970,24.846048,0.183044,-0.474820,0.104679,-0.854449,-26.049295,125.299095,13.994123,-0.002100,0.008831,-0.580026,-0.814548,-12.073983,115.948807,-6.500493,0.090234,0.208811,-0.587537,-0.776567,-4.917032,136.630447,-6.132180,-0.120810,0.980104,0.081798,0.134575,-3.344884,123.364578,27.789068,0.298155,0.821494,0.032573,-0.484964,14.761469,127.525948,33.282623,-0.090049,0.293366,0.532947,-0.788540,24.088326,115.377281,11.645018,0.058758,0.073548,0.512498,-0.853513,17.969988,136.415115,3.009773,0.074381,0.918515,0.206715,0.328734,-10.694798,84.095764,15.588596,0.083119,0.948979,0.028746,0.302825,-10.720899,51.891563,0.309594,-0.044669,0.938685,0.006967,0.341798,-17.031424,7.622969,-4.407127,-0.090918,0.919347,-0.072623,0.375847,4.909522,84.224281,25.780954,0.006717,0.884383,-0.174944,0.432685,8.922430,49.544655,32.976704,-0.020697,0.859528,-0.002780,0.510662,1.581021,7.336813,46.628838,-0.044669,0.938685,0.006967,0.341798,-7.533274,2.199900,-15.012739,-0.020697,0.859528,-0.002780,0.510662,14.052423,1.513244,40.097858
758,6.316667,-0.001957,0.958384,-0.005441,0.285425,-2.909796,84.163658,20.673195,-0.033485,0.968199,0.117824,0.218144,-2.914732,91.804955,20.584961,-0.037776,0.978012,0.044267,0.200266,-5.023835,109.404228,24.459490,0.040994,0.968567,-0.162417,0.183895,-6.874935,129.471130,25.903172,0.037951,0.956765,-0.246437,0.149762,-4.225849,142.490845,19.936804,0.011736,0.939082,0.166216,0.300600,-10.182622,122.948517,24.851974,0.181061,-0.475217,0.104101,-0.854722,-26.049673,125.311539,13.989708,-0.003698,0.009519,-0.580115,-0.814471,-12.087950,116.032051,-6.546290,0.089334,0.209882,-0.587627,-0.776314,-4.935185,136.716721,-6.112806,-0.121544,0.979979,0.083572,0.133730,-3.353169,123.366806,27.794516,0.296027,0.821934,0.033184,-0.485481,14.755067,127.548965,33.266026,-0.092629,0.292162,0.532659,-0.788882,24.122332,115.502716,11.588661,0.056629,0.072464,0.511905,-0.854105,17.954456,136.575363,3.054258,0.074331,0.918476,0.206627,0.328910,-10.710561,84.099754,15.574882,0.082940,0.949076,0.028754,0.302570,-10.732660,51.892437,0.302449,-0.044655,0.938704,0.006992,0.341748,-17.029110,7.621211,-4.408400,-0.090940,0.919249,-0.072662,0.376074,4.890969,84.227570,25.771507,0.006456,0.884293,-0.174897,0.432892,8.902454,49.548626,32.971363,-0.020690,0.859526,-0.002838,0.510666,1.580434,7.338998,46.628391,-0.044655,0.938704,0.006992,0.341748,-7.532185,2.198576,-15.015325,-0.020690,0.859526,-0.002838,0.510666,14.051506,1.513957,40.098095
759,6.325000,-0.001938,0.958347,-0.005486,0.285546,-2.925138,84.169540,20.663214,-0.033035,0.968256,0.117494,0.218138,-2.929585,91.810829,20.574396,-0.038176,0.977970,0.045075,0.200215,-5.020134,109.412674,24.440823,0.040930,0.968715,-0.161546,0.183900,-6.893413,129.475433,25.913229,0.038169,0.956935,-0.245700,0.149831,-4.250243,142.506546,19.969173,0.011486,0.938773,0.167355,0.300942,-10.193953,122.950623,24.853123,0.179564,-0.475615,0.103208,-0.854924,-26.053261,125.319901,13.980910,-0.005227,0.010275,-0.580257,-0.814352,-12.101768,116.113686,-6.594992,0.088129,0.210706,-0.587405,-0.776397,-4.956630,136.800217,-6.095738,-0.121963,0.979872,0.085207,0.133101,-3.364645,123.372337,27.795509,0.293491,0.822664,0.034287,-0.485707,14.746143,127.563499,33.251656,-0.095215,0.291071,0.531948,-0.789457,24.181070,115.645180,11.532955,0.054219,0.071279,0.510536,-0.855180,17.948639,136.732834,3.094358,0.074209,0.918478,0.206627,0.328934,-10.724619,84.105721,15.562935,0.082852,0.949105,0.028694,0.302510,-10.738353,51.897102,0.293255,-0.044713,0.938716,0.006873,0.341709,-17.029264,7.624250,-4.409699,-0.090850,0.919295,-0.072777,0.375961,4.874342,84.233360,25.763494,0.006222,0.884245,-0.174746,0.433055,8.877763,49.554462,32.968033,-0.020729,0.859455,-0.002902,0.510782,1.577745,7.339806,46.621277,-0.044713,0.938716,0.006873,0.341709,-7.532924,2.199073,-15.015846,-0.020729,0.859455,-0.002902,0.510782,14.050632,1.513876,40.095249
760,6.333333,-0.001943,0.958320,-0.005522,0.285637,-2.940459,84.174721,20.651499,-0.032612,0.968322,0.117123,0.218109,-2.944804,91.816002,20.562134,-0.038558,0.977933,0.045884,0.200138,-5.016943,109.417053,24.418098,0.040683,0.968953,-0.160381,0.183718,-6.911682,129.475647,25.919428,0.038678,0.957136,-0.244925,0.149684,-4.282343,142.522461,20.003702,0.011529,0.938513,0.168299,0.301223,-10.205335,122.948814,24.850544,0.178154,-0.476042,0.102425,-0.855075,-26.058043,125.332390,13.971834,-0.006791,0.010943,-0.580318,-0.814288,-12.119606,116.192352,-6.642380,0.086610,0.211541,-0.587328,-0.776399,-4.977632,136.880142,-6.079565,-0.122359,0.979774,0.086519,0.132613,-3.376009,123.373711,27.792433,0.290451,0.823325,0.034065,-0.486429,14.736054,127.574303,33.237095,-0.098390,0.290487,0.531006,-0.789918,24.227867,115.773987,11.478777,0.051280,0.070111,0.509293,-0.856198,17.930937,136.883224,3.129099,0.074144,0.918469,0.206597,0.328991,-10.738964,84.110626,15.549731,0.082723,0.949094,0.028623,0.302587,-10.748237,51.900440,0.283340,-0.044804,0.938717,0.006804,0.341697,-17.029814,7.625303,-4.410604,-0.090750,0.919474,-0.073004,0.375502,4.858046,84.238823,25.753265,0.005947,0.884294,-0.174624,0.433007,8.852339,49.560974,32.967915,-0.020701,0.859521,-0.002990,0.510672,1.579631,7.342190,46.622978,-0.044804,0.938717,0.006804,0.341697,-7.532988,2.199236,-15.015864,-0.020701,0.859521,-0.002990,0.510672,14.050050,1.513671,40.094543
761,6.341667,-0.001721,0.958306,-0.005730,0.285682,-2.965107,84.177620,20.639051,-0.032141,0.968368,0.116833,0.218131,-2.965289,91.818878,20.547619,-0.038805,0.977891,0.046570,0.200138,-5.018803,109.424141,24.397451,0.040538,0.969080,-0.159661,0.183707,-6.928748,129.479401,25.923813,0.038957,0.957365,-0.243909,0.149808,-4.306971,142.535828,20.025972,0.011297,0.938329,0.169081,0.301369,-10.217462,122.951401,24.846838,0.176791,-0.476202,0.101649,-0.855362,-26.066956,125.336540,13.963784,-0.008070,0.011556,-0.580608,-0.814061,-12.128162,116.263069,-6.679587,0.085561,0.212469,-0.587553,-0.776091,-5.000700,136.957123,-6.062326,-0.122830,0.979676,0.087796,0.132056,-3.388415,123.377823,27.789158,0.288406,0.823865,0.035437,-0.486635,14.724898,127.591171,33.219799,-0.100766,0.289112,0.530602,-0.790393,24.268881,115.907669,11.421296,0.049345,0.069478,0.508401,-0.856893,17.913675,137.041595,3.173144,0.073895,0.918467,0.206656,0.329015,-10.763157,84.116379,15.536551,0.082603,0.949041,0.028507,0.302797,-10.754423,51.905312,0.272033,-0.044769,0.938746,0.006735,0.341622,-17.027981,7.627803,-4.410238,-0.090761,0.919512,-0.073178,0.375373,4.832942,84.238853,25.741554,0.005693,0.884350,-0.174482,0.432953,8.824229,49.562969,32.967300,-0.020798,0.859515,-0.002981,0.510678,1.578063,7.339468,46.621887,-0.044769,0.938746,0.006735,0.341622,-7.533394,2.199466,-15.016346,-0.020798,0.859515,-0.002981,0.510678,14.049599,1.512593,40.094112
762,6.350000,-0.001710,0.958284,-0.005796,0.285753,-2.984206,84.183655,20.625813,-0.031684,0.968423,0.116495,0.218133,-2.983935,91.824898,20.533463,-0.039258,0.977841,0.047287,0.200127,-5.018588,109.432236,24.374842,0.040779,0.969192,-0.158802,0.183808,-6.952135,129.483353,25.925800,0.039148,0.957609,-0.242862,0.149903,-4.327138,142.549973,20.052021,0.011095,0.938131,0.169761,0.301608,-10.233171,122.952797,24.840876,0.175473,-0.476293,0.100999,-0.855660,-26.077259,125.339996,13.950406,-0.009372,0.012119,-0.580973,-0.813778,-12.136075,116.326859,-6.717751,0.084546,0.213178,-0.587221,-0.776259,-5.027251,137.027466,-6.047269,-0.123344,0.979560,0.089226,0.131484,-3.404585,123.383652,27.783615,0.286287,0.824540,0.036488,-0.486665,14.709655,127.610626,33.200550,-0.103148,0.288251,0.529734,-0.790983,24.316645,116.036591,11.371361,0.046677,0.068831,0.506963,-0.857946,17.895657,137.177872,3.203889,0.073800,0.918420,0.206612,0.329197,-10.781500,84.122253,15.522160,0.082441,0.948997,0.028430,0.302983,-10.764665,51.908886,0.262499,-0.044632,0.938778,0.006703,0.341554,-17.025719,7.628578,-4.409986,-0.090671,0.919690,-0.073502,0.374895,4.813088,84.245064,25.729465,0.005460,0.884367,-0.174223,0.433025,8.793465,49.571404,32.971882,-0.020977,0.859438,-0.003168,0.510800,1.574741,7.339558,46.615173,-0.044632,0.938778,0.006703,0.341554,-7.534256,2.197841,-15.017657,-0.020977,0.859438,-0.003168,0.510800,14.048922,1.510945,40.094013
763,6.358333,-0.001604,0.958276,-0.005851,0.285782,-3.002512,84.189796,20.609451,-0.031549,0.968442,0.116345,0.218149,-3.000447,91.831032,20.516754,-0.039383,0.977809,0.047886,0.200116,-5.029593,109.442963,24.354685,0.040626,0.969374,-0.157889,0.183669,-6.972853,129.491379,25.928228,0.039626,0.957838,-0.241919,0.149838,-4.357543,142.570023,20.076954,0.010897,0.937903,0.170515,0.301902,-10.250751,122.960449,24.836121,0.174484,-0.476398,0.100420,-0.855871,-26.088137,125.351120,13.936674,-0.010420,0.012756,-0.581272,-0.813543,-12.146108,116.387108,-6.752269,0.083683,0.213901,-0.587256,-0.776128,-5.052593,137.093170,-6.032393,-0.123403,0.979498,0.090599,0.130947,-3.422246,123.391342,27.779043,0.283325,0.825304,0.036334,-0.487115,14.696887,127.615143,33.182060,-0.105736,0.287283,0.528729,-0.791665,24.370102,116.156029,11.321505,0.045188,0.067897,0.505814,-0.858778,17.871338,137.311661,3.238740,0.073695,0.918376,0.206498,0.329413,-10.799505,84.129982,15.505320,0.082301,0.949019,0.028392,0.302958,-10.775007,51.912140,0.255111,-0.044665,0.938777,0.006638,0.341554,-17.025356,7.629570,-4.410256,-0.090622,0.919825,-0.073909,0.374495,4.794481,84.249611,25.713583,0.005245,0.884503,-0.173986,0.432847,8.763776,49.579601,32.979515,-0.020912,0.859437,-0.003126,0.510805,1.574104,7.340112,46.614513,-0.044665,0.938777,0.006638,0.341554,-7.533701,2.197483,-15.017065,-0.020912,0.859437,-0.003126,0.510805,14.047927,1.511538,40.092628
764,6.366667,-0.001465,0.958262,-0.005866,0.285828,-3.023777,84.196732,20.590096,-0.031178,0.968468,0.116152,0.218188,-3.019600,91.837982,20.497786,-0.039617,0.977761,0.048532,0.200145,-5.034289,109.451309,24.331694,0.040550,0.969555,-0.156818,0.183649,-6.992021,129.496460,25.928732,0.039871,0.958046,-0.241064,0.149818,-4.384160,142.588852,20.104923,0.010472,0.937506,0.171619,0.302521,-10.265176,122.964462,24.828783,0.173762,-0.476514,0.099876,-0.856018,-26.088419,125.356544,13.909123,-0.011355,0.013632,-0.581709,-0.813203,-12.146455,116.433586,-6.797606,0.083100,0.214607,-0.587478,-0.775827,-5.075456,137.147888,-6.022593,-0.124019,0.979380,0.091894,0.130346,-3.437123,123.396805,27.772539,0.280008,0.826025,0.034008,-0.487977,14.682193,127.638985,33.160515,-0.108859,0.287278,0.527456,-0.792093,24.409882,116.255775,11.284487,0.043637,0.067277,0.504343,-0.859772,17.845015,137.425293,3.264186,0.073517,0.918382,0.206392,0.329503,-10.820288,84.139328,15.485202,0.082164,0.948896,0.028270,0.303393,-10.785342,51.916515,0.245520,-0.044753,0.938800,0.006549,0.341479,-17.025286,7.631287,-4.408535,-0.090496,0.919805,-0.074155,0.374528,4.772735,84.254143,25.694990,0.004825,0.884445,-0.173842,0.433027,8.726822,49.585091,32.973789,-0.020982,0.859433,-0.003139,0.510808,1.573405,7.340720,46.612720,-0.044753,0.938800,0.006549,0.341479,-7.534650,2.197682,-15.015477,-0.020982,0.859433,-0.003139,0.510808,14.047903,1.512854,40.091503
765,6.375000,-0.001345,0.958234,-0.005979,0.285921,-3.045372,84.203629,20.573639,-0.030705,0.968524,0.115697,0.218250,-3.038937,91.844849,20.480196,-0.039925,0.977701,0.049361,0.200175,-5.033465,109.460899,24.301571,0.040217,0.969618,-0.156639,0.183542,-7.010035,129.501785,25.928703,0.040276,0.958382,-0.239592,0.149924,-4.412986,142.597412,20.107361,0.010260,0.937375,0.172244,0.302579,-10.277022,122.968384,24.818764,0.173125,-0.476553,0.099321,-0.856189,-26.099072,125.360451,13.897369,-0.011858,0.014203,-0.581949,-0.813015,-12.153213,116.477539,-6.823954,0.082943,0.215260,-0.587933,-0.775318,-5.094810,137.196045,-6.015751,-0.124495,0.979266,0.092948,0.129996,-3.449512,123.402679,27.763493,0.277990,0.826547,0.033678,-0.488269,14.668748,127.658333,33.144390,-0.110719,0.286819,0.526538,-0.792612,24.440987,116.347778,11.250538,0.042271,0.066856,0.502947,-0.860691,17.816614,137.523346,3.280050,0.073415,0.918386,0.206219,0.329623,-10.840893,84.147743,15.467215,0.081983,0.948836,0.028224,0.303631,-10.801560,51.918770,0.240575,-0.044725,0.938806,0.006563,0.341467,-17.026278,7.630634,-4.406235,-0.090455,0.919867,-0.074599,0.374297,4.750147,84.259506,25.680061,0.004540,0.884489,-0.173525,0.433068,8.691366,49.594643,32.985722,-0.020965,0.859424,-0.003123,0.510823,1.572327,7.340133,46.611233,-0.044725,0.938806,0.006563,0.341467,-7.536180,2.197100,-15.013697,-0.020965,0.859424,-0.003123,0.510823,14.046997,1.512426,40.090191
766,6.383333,-0.001218,0.958175,-0.005969,0.286119,-3.066999,84.209503,20.552956,-0.030487,0.968520,0.115876,0.218204,-3.058738,91.850739,20.460218,-0.040056,0.977705,0.049639,0.200063,-5.046452,109.462448,24.288904,0.040202,0.969950,-0.154636,0.183490,-7.030211,129.501801,25.926144,0.040536,0.958463,-0.239293,0.149813,-4.443707,142.622543,20.156902,0.010006,0.937204,0.172919,0.302732,-10.294988,122.967705,24.813805,0.172787,-0.476536,0.098757,-0.856332,-26.113642,125.359406,13.887414,-0.012125,0.014647,-0.582157,-0.812854,-12.161035,116.509995,-6.843695,0.082876,0.215711,-0.588116,-0.775061,-5.113477,137.232132,-6.012868,-0.124966,0.979172,0.093874,0.129590,-3.466967,123.403152,27.757179,0.276442,0.827086,0.034043,-0.488212,14.650825,127.673027,33.128387,-0.111674,0.285933,0.525738,-0.793329,24.471586,116.431824,11.220546,0.041706,0.066198,0.502485,-0.861038,17.783031,137.605255,3.292330,0.073383,0.918380,0.205990,0.329789,-10.860416,84.155914,15.443299,0.081774,0.948757,0.028151,0.303944,-10.821909,51.919891,0.231607,-0.044802,0.938778,0.006649,0.341532,-17.029425,7.628307,-4.405348,-0.090395,0.919842,-0.074910,0.374311,4.726419,84.263084,25.662609,0.004248,0.884641,-0.173317,0.432843,8.655134,49.600754,32.986992,-0.021232,0.859447,-0.003266,0.510773,1.570813,7.339525,46.609753,-0.044802,0.938778,0.006649,0.341532,-7.536779,2.197930,-15.012147,-0.021232,0.859447,-0.003266,0.510773,14.046595,1.512296,40.090416
767,6.391667,-0.001027,0.958117,-0.005942,0.286314,-3.090709,84.217163,20.530945,-0.030508,0.968516,0.115676,0.218322,-3.079745,91.858414,20.439436,-0.039926,0.977673,0.050236,0.200093,-5.067211,109.472725,24.260990,0.040062,0.970097,-0.153812,0.183434,-7.050682,129.510086,25.922781,0.040893,0.958633,-0.238496,0.149904,-4.472444,142.641510,20.174133,0.009837,0.937112,0.173322,0.302794,-10.315547,122.977409,24.802401,0.172612,-0.476346,0.098547,-0.856498,-26.132885,125.368080,13.873879,-0.012235,0.014868,-0.582315,-0.812735,-12.168450,116.533554,-6.855613,0.082750,0.215949,-0.588258,-0.774900,-5.129142,137.258392,-6.014059,-0.125076,0.979107,0.094636,0.129417,-3.487548,123.409149,27.746368,0.274771,0.827642,0.033767,-0.488231,14.630914,127.679695,33.114780,-0.112920,0.285717,0.524759,-0.793878,24.499479,116.496506,11.198727,0.041031,0.066314,0.501452,-0.861664,17.756289,137.663574,3.296512,0.073244,0.918429,0.205725,0.329849,-10.882056,84.167114,15.418096,0.081542,0.948776,0.028148,0.303946,-10.840095,51.921864,0.225975,-0.044813,0.938801,0.006650,0.341469,-17.027990,7.626858,-4.404505,-0.090274,0.919790,-0.075214,0.374407,4.700638,84.267220,25.643793,0.003812,0.884636,-0.173102,0.432943,8.612468,49.606575,32.985199,-0.021257,0.859441,-0.003247,0.510782,1.569715,7.338312,46.607697,-0.044813,0.938801,0.006650,0.341469,-7.536654,2.196552,-15.012510,-0.021257,0.859441,-0.003247,0.510782,14.046004,1.511928,40.088577
768,6.400000,-0.000898,0.958028,-0.005946,0.286612,-3.113616,84.223267,20.510071,-0.030198,0.968487,0.115614,0.218527,-3.100713,91.864517,20.419071,-0.040149,0.977603,0.050713,0.200273,-5.077311,109.477325,24.239983,0.039687,0.970222,-0.153108,0.183448,-7.073690,129.512024,25.918362,0.041468,0.958804,-0.237614,0.150051,-4.509030,142.653275,20.186146,0.009646,0.937054,0.173646,0.302793,-10.334136,122.978317,24.791142,0.172580,-0.476133,0.098292,-0.856652,-26.151653,125.365829,13.862181,-0.012165,0.015018,-0.582425,-0.812655,-12.173788,116.544792,-6.864010,0.082784,0.216092,-0.588401,-0.774748,-5.140208,137.271637,-6.018902,-0.125250,0.979045,0.095152,0.129339,-3.507476,123.411705,27.737982,0.273686,0.828034,0.033694,-0.488180,14.610081,127.686249,33.106289,-0.113822,0.285796,0.524043,-0.794194,24.512842,116.542984,11.185312,0.040379,0.066627,0.500139,-0.862433,17.736582,137.702957,3.294645,0.073252,0.918421,0.205440,0.330049,-10.901790,84.175468,15.392365,0.081299,0.948626,0.028074,0.304487,-10.864061,51.921917,0.217858,-0.044901,0.938801,0.006711,0.341455,-17.030815,7.622981,-4.403184,-0.090235,0.919707,-0.075531,0.374557,4.674558,84.271065,25.627781,0.003533,0.884847,-0.172844,0.432618,8.574016,49.613327,32.989479,-0.021444,0.859455,-0.003351,0.510751,1.568466,7.336861,46.605705,-0.044901,0.938801,0.006711,0.341455,-7.538676,2.195217,-15.011777,-0.021444,0.859455,-0.003351,0.510751,14.045581,1.510723,40.087944
769,6.408333,-0.000755,0.957936,-0.005865,0.286922,-3.135575,84.229973,20.482775,-0.029909,0.968438,0.115789,0.218692,-3.120904,91.871246,20.393593,-0.040388,0.977545,0.051061,0.200419,-5.088899,109.478828,24.221607,0.039505,0.970357,-0.152178,0.183543,-7.097733,129.511322,25.911453,0.041853,0.958918,-0.236991,0.150199,-4.541837,142.664581,20.202927,0.009453,0.936999,0.173963,0.302788,-10.353939,122.976349,24.779303,0.172530,-0.475840,0.098195,-0.856836,-26.171707,125.360535,13.849982,-0.011932,0.015143,-0.582482,-0.812615,-12.178080,116.546890,-6.868719,0.083160,0.216159,-0.588566,-0.774564,-5.147439,137.275284,-6.025092,-0.125391,0.978977,0.095659,0.129345,-3.528438,123.412025,27.728483,0.272954,0.828400,0.033655,-0.487971,14.587700,127.689003,33.099625,-0.114204,0.285772,0.523434,-0.794549,24.522488,116.571213,11.180210,0.040281,0.066828,0.499377,-0.862864,17.715714,137.721466,3.292041,0.073260,0.918403,0.205050,0.330338,-10.920438,84.185135,15.360010,0.081047,0.948511,0.028004,0.304916,-10.888139,51.920258,0.209580,-0.044987,0.938797,0.006844,0.341453,-17.033367,7.617286,-4.401465,-0.090094,0.919745,-0.075968,0.374407,4.649288,84.274818,25.605541,0.003103,0.884885,-0.172566,0.432654,8.528902,49.619987,32.991348,-0.021460,0.859456,-0.003288,0.510749,1.567761,7.334638,46.602760,-0.044987,0.938797,0.006844,0.341453,-7.539997,2.193935,-15.011213,-0.021460,0.859456,-0.003288,0.510749,14.045382,1.510258,40.084396
770,6.416667,-0.000671,0.957868,-0.005726,0.287152,-3.152745,84.236763,20.456173,-0.029928,0.968352,0.116027,0.218942,-3.137444,91.878059,20.369396,-0.040315,0.977479,0.051393,0.200668,-5.108730,109.481575,24.204569,0.039253,0.970500,-0.151371,0.183508,-7.117800,129.512924,25.907549,0.042356,0.959048,-0.236416,0.150133,-4.573008,142.676849,20.218678,0.009343,0.937023,0.174034,0.302678,-10.373650,122.978851,24.769236,0.172915,-0.475578,0.098117,-0.856912,-26.194086,125.359138,13.842933,-0.011396,0.015197,-0.582341,-0.812723,-12.186416,116.541351,-6.864506,0.083497,0.216096,-0.588492,-0.774602,-5.149271,137.265945,-6.032720,-0.125322,0.978942,0.095727,0.129627,-3.549552,123.412254,27.721994,0.272348,0.828665,0.033360,-0.487881,14.564414,127.685059,33.103764,-0.114393,0.286102,0.522948,-0.794724,24.521420,116.582275,11.186830,0.040309,0.067089,0.498968,-0.863079,17.699034,137.724548,3.285451,0.073180,0.918469,0.204693,0.330395,-10.935143,84.194130,15.329641,0.080884,0.948404,0.027939,0.305299,-10.905502,51.917984,0.203227,-0.045182,0.938764,0.006932,0.341516,-17.036884,7.612315,-4.400335,-0.090004,0.919630,-0.076384,0.374627,4.629651,84.279404,25.582705,0.002781,0.885043,-0.172323,0.432430,8.490326,49.627930,32.994160,-0.022163,0.859519,-0.003539,0.510610,1.567724,7.334861,46.601250,-0.045182,0.938764,0.006932,0.341516,-7.539758,2.193437,-15.009003,-0.022163,0.859519,-0.003539,0.510610,14.048915,1.514776,40.085880
771,6.425000,-0.000497,0.957759,-0.005677,0.287516,-3.176280,84.244499,20.429468,-0.029845,0.968270,0.116346,0.219147,-3.158612,91.885803,20.344185,-0.040332,0.977435,0.051588,0.200833,-5.130013,109.484138,24.190042,0.039017,0.970609,-0.150689,0.183543,-7.141586,129.514618,25.900236,0.042806,0.959155,-0.235823,0.150257,-4.606329,142.687592,20.228064,0.009401,0.937031,0.174039,0.302646,-10.396430,122.980675,24.758299,0.173391,-0.475218,0.098301,-0.856995,-26.217560,125.362885,13.833416,-0.010702,0.015239,-0.582209,-0.812826,-12.193648,116.527618,-6.855573,0.084050,0.216009,-0.588404,-0.774633,-5.150403,137.248993,-6.040084,-0.125437,0.978890,0.095731,0.129906,-3.573334,123.413589,27.713448,0.272423,0.828869,0.033294,-0.487497,14.536712,127.689468,33.105968,-0.114178,0.286456,0.522647,-0.794825,24.511398,116.578079,11.201432,0.040485,0.067593,0.498824,-0.863115,17.684299,137.708939,3.279071,0.073194,0.918358,0.204340,0.330918,-10.954787,84.205208,15.297008,0.080679,0.948225,0.027805,0.305919,-10.926174,51.918922,0.192241,-0.045350,0.938760,0.007020,0.341503,-17.040939,7.609609,-4.398313,-0.089969,0.919382,-0.076739,0.375170,4.602226,84.283798,25.561928,0.002507,0.885270,-0.172068,0.432068,8.446611,49.635773,32.997906,-0.021756,0.859458,-0.003355,0.510732,1.561290,7.334700,46.599026,-0.045350,0.938760,0.007020,0.341503,-7.542055,2.194823,-15.007498,-0.021756,0.859458,-0.003355,0.510732,14.041269,1.513076,40.082710
772,6.433333,-0.000364,0.957672,-0.005577,0.287806,-3.196847,84.249290,20.404690,-0.029824,0.968195,0.116656,0.219320,-3.177649,91.890625,20.321451,-0.040294,0.977399,0.051736,0.200974,-5.151143,109.483955,24.177280,0.038923,0.970722,-0.149997,0.183535,-7.162669,129.513947,25.893337,0.043145,0.959302,-0.235169,0.150246,-4.633412,142.695648,20.238798,0.009446,0.937061,0.173905,0.302631,-10.417369,122.980453,24.748417,0.174017,-0.474934,0.098518,-0.857001,-26.238829,125.362648,13.824007,-0.009910,0.015364,-0.581977,-0.813000,-12.202869,116.504356,-6.846952,0.084668,0.215927,-0.588204,-0.774741,-5.148432,137.220856,-6.047208,-0.125540,0.978845,0.095624,0.130227,-3.595070,123.412231,27.705570,0.272768,0.828987,0.033139,-0.487114,14.510743,127.691139,33.109894,-0.113639,0.286753,0.522572,-0.794845,24.495245,116.558167,11.220792,0.041139,0.067924,0.499128,-0.862882,17.672865,137.679764,3.273846,0.073136,0.918372,0.204023,0.331087,-10.972245,84.212868,15.267500,0.080506,0.948164,0.027740,0.306160,-10.944914,51.916767,0.183731,-0.045606,0.938732,0.007109,0.341544,-17.045673,7.604620,-4.398124,-0.089839,0.919126,-0.077109,0.375754,4.578550,84.285721,25.541878,0.002143,0.885457,-0.171817,0.431788,8.399642,49.640079,33.000954,-0.021989,0.859480,-0.003322,0.510685,1.557390,7.331070,46.599121,-0.045606,0.938732,0.007109,0.341544,-7.542871,2.194969,-15.006420,-0.021989,0.859480,-0.003322,0.510685,14.039191,1.513661,40.082531
773,6.441667,-0.000186,0.957583,-0.005532,0.288105,-3.222398,84.254021,20.382616,-0.029699,0.968109,0.116951,0.219558,-3.200759,91.895355,20.300835,-0.040268,0.977348,0.051820,0.201206,-5.172666,109.482574,24.166557,0.039060,0.970784,-0.149384,0.183677,-7.184247,129.512299,25.885668,0.043314,0.959425,-0.234604,0.150293,-4.653148,142.701065,20.248461,0.009522,0.937155,0.173604,0.302508,-10.438657,122.979149,24.737930,0.174597,-0.474614,0.098850,-0.857022,-26.262955,125.359787,13.817286,-0.009085,0.015352,-0.581680,-0.813222,-12.214340,116.474655,-6.833562,0.085398,0.215631,-0.588086,-0.774832,-5.145092,137.186005,-6.055291,-0.125526,0.978818,0.095346,0.130643,-3.617719,123.410080,27.698347,0.273364,0.829013,0.032820,-0.486757,14.484030,127.688179,33.116905,-0.113261,0.287437,0.522565,-0.794656,24.469704,116.519775,11.246393,0.041387,0.068716,0.499181,-0.862777,17.665104,137.636307,3.266547,0.073017,0.918332,0.203836,0.331338,-10.994584,84.221001,15.240544,0.080340,0.948076,0.027612,0.306490,-10.960000,51.918221,0.171110,-0.045822,0.938733,0.007136,0.341510,-17.048639,7.603031,-4.397372,-0.089769,0.919038,-0.077436,0.375919,4.549788,84.287041,25.524689,0.001774,0.885580,-0.171566,0.431637,8.356072,49.644108,33.003860,-0.022164,0.859490,-0.003245,0.510662,1.555204,7.327229,46.598293,-0.045822,0.938733,0.007136,0.341510,-7.544228,2.196348,-15.005743,-0.022164,0.859490,-0.003245,0.510662,14.038857,1.514231,40.081310
774,6.450000,-0.000023,0.957518,-0.005561,0.288322,-3.245184,84.257820,20.362045,-0.029800,0.967998,0.117322,0.219836,-3.221014,91.899147,20.280567,-0.040239,0.977287,0.051768,0.201522,-5.200462,109.482910,24.157707,0.038880,0.970855,-0.148900,0.183735,-7.211020,129.512939,25.874334,0.043847,0.959541,-0.234010,0.150325,-4.686794,142.708130,20.249048,0.009634,0.937236,0.173274,0.302445,-10.465384,122.980080,24.724892,0.175104,-0.474092,0.099495,-0.857133,-26.291067,125.360504,13.806213,-0.008218,0.015168,-0.581426,-0.813416,-12.223011,116.437546,-6.815060,0.085990,0.215437,-0.587687,-0.775124,-5.141049,137.144119,-6.065401,-0.125288,0.978809,0.094967,0.131215,-3.646307,123.410461,27.689669,0.274193,0.828956,0.032455,-0.486412,14.451948,127.679298,33.127167,-0.112669,0.288182,0.522882,-0.794262,24.431328,116.465286,11.277132,0.042016,0.069236,0.499505,-0.862517,17.661943,137.581833,3.261063,0.072934,0.918265,0.203731,0.331608,-11.015047,84.227524,15.216449,0.080179,0.947947,0.027439,0.306945,-10.973258,51.920807,0.155477,-0.045814,0.938744,0.007139,0.341481,-17.050896,7.602444,-4.396833,-0.089666,0.918840,-0.077575,0.376397,4.524679,84.288109,25.507641,0.001423,0.885687,-0.171451,0.431463,8.316567,49.645401,32.995155,-0.022373,0.859480,-0.003261,0.510669,1.550837,7.324865,46.595726,-0.045814,0.938744,0.007139,0.341481,-7.547215,2.195728,-15.005838,-0.022373,0.859480,-0.003261,0.510669,14.036626,1.514606,40.080399
775,6.458333,0.000142,0.957434,-0.005496,0.288602,-3.268502,84.259483,20.342350,-0.029792,0.967894,0.117612,0.220137,-3.242181,91.900826,20.262556,-0.040191,0.977224,0.051748,0.201843,-5.224463,109.478882,24.148460,0.038700,0.970926,-0.148400,0.183801,-7.233568,129.509155,25.864056,0.044306,0.959642,-0.233500,0.150344,-4.716218,142.710907,20.251141,0.009786,0.937337,0.172899,0.302339,-10.488023,122.976723,24.712414,0.175758,-0.473699,0.100031,-0.857153,-26.316071,125.357605,13.797262,-0.007241,0.015052,-0.581105,-0.813657,-12.233936,116.397408,-6.798245,0.086719,0.215293,-0.587418,-0.775286,-5.135817,137.098389,-6.077592,-0.125156,0.978779,0.094239,0.132083,-3.670816,123.406197,27.681622,0.276522,0.828718,0.034882,-0.485330,14.419864,127.670418,33.147865,-0.110448,0.288082,0.523679,-0.794085,24.387026,116.418098,11.311945,0.042932,0.069641,0.500386,-0.861929,17.658222,137.517120,3.256107,0.072879,0.918229,0.203613,0.331792,-11.035355,84.232460,15.192191,0.079936,0.947817,0.027310,0.307420,-10.989930,51.921749,0.139798,-0.045945,0.938765,0.007171,0.341406,-17.048347,7.599247,-4.397904,-0.089622,0.918669,-0.077755,0.376789,4.498350,84.286514,25.492508,0.001090,0.885807,-0.171291,0.431281,8.279276,49.645226,32.992165,-0.022468,0.859498,-0.003102,0.510636,1.549035,7.319707,46.594845,-0.045945,0.938765,0.007171,0.341406,-7.544883,2.194678,-15.008200,-0.022468,0.859498,-0.003102,0.510636,14.036177,1.514630,40.077484
776,6.466667,0.000249,0.957353,-0.005388,0.288872,-3.291094,84.261856,20.322721,-0.029838,0.967771,0.118010,0.220461,-3.263671,91.903214,20.244986,-0.040092,0.977160,0.051614,0.202205,-5.251678,109.474838,24.142927,0.038750,0.970922,-0.148184,0.183982,-7.256406,129.505997,25.853321,0.044527,0.959751,-0.232946,0.150436,-4.737364,142.710205,20.246941,0.009905,0.937436,0.172491,0.302261,-10.511851,122.974251,24.700502,0.176582,-0.473284,0.100544,-0.857153,-26.341635,125.354233,13.787672,-0.006062,0.014932,-0.580716,-0.813947,-12.244134,116.353897,-6.779798,0.087479,0.215292,-0.587328,-0.775269,-5.126178,137.048676,-6.093363,-0.124930,0.978762,0.093662,0.132835,-3.696707,123.402367,27.674637,0.278418,0.828537,0.035999,-0.484473,14.388442,127.658150,33.165703,-0.108974,0.288498,0.524260,-0.793754,24.343878,116.352333,11.352086,0.043488,0.070504,0.501432,-0.861222,17.657236,137.440353,3.254396,0.072766,0.918189,0.203581,0.331947,-11.055039,84.237282,15.168171,0.079773,0.947720,0.027081,0.307783,-11.000507,51.924492,0.120272,-0.046052,0.938764,0.007220,0.341392,-17.049715,7.598525,-4.395781,-0.089588,0.918477,-0.077953,0.377223,4.472851,84.286430,25.477272,0.000733,0.885819,-0.171112,0.431329,8.242594,49.646919,32.990723,-0.022610,0.859481,-0.003005,0.510658,1.547015,7.315817,46.593136,-0.046052,0.938764,0.007220,0.341392,-7.545283,2.196353,-15.006429,-0.022610,0.859481,-0.003005,0.510658,14.036462,1.515174,40.076252
777,6.475000,0.000383,0.957247,-0.005239,0.289224,-3.315239,84.263702,20.301245,-0.030026,0.967638,0.118427,0.220793,-3.286470,91.905090,20.226288,-0.039824,0.977111,0.051508,0.202524,-5.285399,109.470345,24.135880,0.038827,0.970929,-0.148054,0.184036,-7.279287,129.502792,25.843658,0.044804,0.959879,-0.232406,0.150373,-4.758360,142.708344,20.241293,0.009870,0.937460,0.172192,0.302358,-10.537894,122.972931,24.689251,0.177369,-0.472885,0.100973,-0.857161,-26.365429,125.348755,13.772251,-0.004938,0.014973,-0.580372,-0.814199,-12.252466,116.312897,-6.769021,0.088317,0.215314,-0.587106,-0.775337,-5.117347,137.001755,-6.109652,-0.124668,0.978743,0.092910,0.133744,-3.724356,123.397194,27.667614,0.280180,0.828253,0.036451,-0.483909,14.353934,127.643570,33.188477,-0.107728,0.289220,0.524956,-0.793201,24.286137,116.275093,11.396845,0.044036,0.071367,0.502705,-0.860381,17.654238,137.360123,3.253271,0.072334,0.918420,0.203699,0.331331,-11.075383,84.242302,15.140960,0.079709,0.947574,0.026747,0.308276,-10.999897,51.928459,0.095412,-0.045978,0.938766,0.007206,0.341398,-17.050755,7.599971,-4.393534,-0.089648,0.918304,-0.078168,0.377586,4.444906,84.285110,25.461531,0.000456,0.885974,-0.170947,0.431076,8.209665,49.648758,32.992043,-0.023344,0.859604,-0.003080,0.510418,1.546388,7.312554,46.594448,-0.045978,0.938766,0.007206,0.341398,-7.547007,2.196661,-15.004214,-0.023344,0.859604,-0.003080,0.510418,14.039162,1.520851,40.075981
778,6.483333,0.000444,0.957120,-0.004867,0.289650,-3.340017,84.261917,20.277718,-0.030019,0.967510,0.118761,0.221175,-3.311973,91.903351,20.208488,-0.039809,0.977035,0.051418,0.202916,-5.314528,109.463104,24.128309,0.039073,0.970937,-0.147680,0.184244,-7.307757,129.495987,25.831879,0.045060,0.959925,-0.232190,0.150339,-4.780358,142.705353,20.241400,0.010136,0.937508,0.171825,0.302409,-10.566097,122.966293,24.675709,0.177849,-0.472413,0.101663,-0.857240,-26.392231,125.347862,13.757938,-0.004005,0.014787,-0.580062,-0.814428,-12.263062,116.272629,-6.754805,0.089216,0.215000,-0.586956,-0.775434,-5.112258,136.955917,-6.125744,-0.124400,0.978719,0.092327,0.134569,-3.754909,123.390259,27.659481,0.281112,0.828125,0.035148,-0.483683,14.317388,127.626419,33.207726,-0.107506,0.290720,0.525388,-0.792396,24.233450,116.185066,11.446905,0.044496,0.072556,0.503318,-0.859899,17.662075,137.276794,3.252690,0.072168,0.918338,0.203627,0.331636,-11.095564,84.243568,15.110515,0.079626,0.947485,0.026497,0.308595,-11.006067,51.925922,0.073199,-0.046032,0.938730,0.007366,0.341486,-17.055309,7.595036,-4.394245,-0.089815,0.918150,-0.078351,0.377881,4.415530,84.280273,25.444920,0.000287,0.886145,-0.170820,0.430776,8.183615,49.648083,32.992893,-0.023109,0.859565,-0.002894,0.510496,1.543349,7.307968,46.594383,-0.046032,0.938730,0.007366,0.341486,-7.548550,2.196641,-15.004727,-0.023109,0.859565,-0.002894,0.510496,14.035976,1.517283,40.074741
779,6.491667,0.000555,0.957006,-0.004694,0.290028,-3.365944,84.260002,20.258602,-0.030202,0.967350,0.119225,0.221601,-3.337014,91.901466,20.192404,-0.039553,0.976963,0.051205,0.203362,-5.351318,109.456421,24.125746,0.039182,0.970915,-0.147529,0.184455,-7.333496,129.491013,25.822142,0.045358,0.959944,-0.232008,0.150410,-4.802262,142.701859,20.236921,0.010483,0.937412,0.171900,0.302655,-10.594901,122.963043,24.664825,0.178564,-0.472084,0.102398,-0.857185,-26.414984,125.359680,13.741589,-0.002948,0.014712,-0.579695,-0.814695,-12.277251,116.236557,-6.743990,0.090193,0.214810,-0.586681,-0.775582,-5.108536,136.911942,-6.144393,-0.124054,0.978707,0.091544,0.135506,-3.786109,123.383545,27.654552,0.282776,0.827866,0.035300,-0.483145,14.279715,127.607300,33.233269,-0.106473,0.291732,0.526227,-0.791607,24.173626,116.099655,11.497331,0.045512,0.073824,0.504206,-0.859218,17.671902,137.192902,3.255251,0.071891,0.918310,0.203627,0.331776,-11.117403,84.244530,15.085260,0.079528,0.947496,0.026292,0.308602,-11.007619,51.924026,0.054234,-0.046126,0.938768,0.007462,0.341368,-17.054260,7.590762,-4.393083,-0.089924,0.918118,-0.078519,0.377900,4.385515,84.275475,25.431942,0.000051,0.886206,-0.170695,0.430699,8.155913,49.646576,32.993809,-0.023329,0.859600,-0.002803,0.510427,1.540472,7.302600,46.595375,-0.046126,0.938768,0.007462,0.341368,-7.548907,2.195767,-15.006553,-0.023329,0.859600,-0.002803,0.510427,14.034778,1.517322,40.074154
780,6.500000,0.000655,0.956861,-0.004458,0.290512,-3.390488,84.256737,20.241932,-0.030271,0.967216,0.119567,0.221992,-3.361122,91.898232,20.179649,-0.039488,0.976899,0.050970,0.203745,-5.381759,109.446693,24.122644,0.039422,0.970907,-0.147248,0.184673,-7.360125,129.482452,25.809563,0.045636,0.959935,-0.231992,0.150409,-4.822028,142.695984,20.233801,0.010765,0.937411,0.171523,0.302862,-10.622295,122.954872,24.652267,0.179113,-0.471735,0.102875,-0.857206,-26.437294,125.358704,13.723246,-0.002044,0.014609,-0.579385,-0.814921,-12.287309,116.203369,-6.739499,0.091116,0.214454,-0.586287,-0.775871,-5.103566,136.871475,-6.166440,-0.123693,0.978674,0.090870,0.136532,-3.815746,123.374809,27.647173,0.284045,0.827634,0.035015,-0.482820,14.242736,127.584625,33.260094,-0.105702,0.292937,0.526911,-0.790809,24.115154,116.016853,11.546315,0.046140,0.074936,0.505666,-0.858229,17.680679,137.111023,3.254664,0.071669,0.918288,0.203659,0.331863,-11.136707,84.244278,15.060737,0.079433,0.947456,0.026054,0.308770,-11.010214,51.922451,0.032680,-0.046141,0.938762,0.007545,0.341379,-17.054729,7.586718,-4.392838,-0.090031,0.918018,-0.078596,0.378102,4.355731,84.269203,25.423124,-0.000231,0.886164,-0.170581,0.430832,8.129311,49.642532,32.993645,-0.023403,0.859617,-0.002573,0.510396,1.538727,7.295063,46.596390,-0.046141,0.938762,0.007545,0.341379,-7.548742,2.194071,-15.006934,-0.023403,0.859617,-0.002573,0.510396,14.034590,1.516360,40.072323
781,6.508333,0.000741,0.956716,-0.004219,0.290993,-3.416933,84.253204,20.226952,-0.030442,0.967048,0.119812,0.222568,-3.387329,91.894730,20.168556,-0.039215,0.976794,0.050803,0.204340,-5.417828,109.437164,24.116600,0.039364,0.970888,-0.147034,0.184955,-7.385118,129.474487,25.798002,0.046038,0.959873,-0.232082,0.150538,-4.847551,142.690735,20.228485,0.010720,0.937482,0.170641,0.303141,-10.650169,122.948853,24.637852,0.179778,-0.471476,0.102866,-0.857210,-26.458662,125.342583,13.697213,-0.001148,0.014881,-0.579123,-0.815103,-12.295635,116.173485,-6.750330,0.092044,0.214304,-0.586163,-0.775896,-5.099098,136.837036,-6.190215,-0.123386,0.978628,0.090265,0.137535,-3.846920,123.364815,27.640799,0.285570,0.827443,0.035369,-0.482222,14.203846,127.562462,33.287533,-0.104541,0.293821,0.527673,-0.790127,24.060804,115.938637,11.596687,0.046871,0.075561,0.507042,-0.857323,17.689245,137.030594,3.257230,0.071464,0.918220,0.203701,0.332069,-11.157940,84.243546,15.037969,0.079337,0.947398,0.025833,0.308991,-11.013681,51.920845,0.011952,-0.046156,0.938754,0.007672,0.341396,-17.055214,7.582703,-4.393494,-0.090225,0.917996,-0.078720,0.378082,4.324073,84.262863,25.415934,-0.000355,0.886344,-0.170441,0.430517,8.106998,49.640076,32.999512,-0.023675,0.859675,-0.002438,0.510286,1.536546,7.288313,46.598637,-0.046156,0.938754,0.007672,0.341396,-7.548329,2.193598,-15.008585,-0.023675,0.859675,-0.002438,0.510286,14.034204,1.516812,40.071636
782,6.516667,0.000826,0.956545,-0.004135,0.291554,-3.443883,84.251175,20.215679,-0.030722,0.966863,0.120052,0.223204,-3.413384,91.892708,20.158905,-0.038902,0.976683,0.050588,0.204983,-5.457749,109.428917,24.110809,0.039684,0.970814,-0.146895,0.185386,-7.412056,129.468109,25.785061,0.046252,0.959806,-0.232196,0.150727,-4.863164,142.685074,20.222395,0.010975,0.937424,0.170148,0.303586,-10.680546,122.944664,24.622213,0.180225,-0.471131,0.103289,-0.857255,-26.478369,125.344788,13.667549,-0.000262,0.015009,-0.578818,-0.815319,-12.302690,116.148331,-6.758949,0.092973,0.214314,-0.586060,-0.775861,-5.091279,136.805801,-6.216617,-0.122979,0.978582,0.089721,0.138578,-3.880849,123.356186,27.633820,0.286955,0.827289,0.035974,-0.481618,14.162649,127.537476,33.315838,-0.103561,0.294547,0.528569,-0.789387,24.008438,115.869537,11.643599,0.048170,0.076760,0.508386,-0.856348,17.701963,136.965103,3.267925,0.071402,0.918030,0.203966,0.332448,-11.178804,84.243431,15.017621,0.079183,0.947211,0.025389,0.309640,-11.017806,51.927780,-0.023384,-0.046499,0.938775,0.007401,0.341299,-17.055771,7.585401,-4.390910,-0.090529,0.917858,-0.078705,0.378348,4.291039,84.258926,25.413740,-0.000403,0.886509,-0.170324,0.430223,8.091856,49.639881,33.005463,-0.023710,0.859679,-0.002294,0.510279,1.534282,7.284537,46.599663,-0.046499,0.938775,0.007401,0.341299,-7.548174,2.192667,-15.003530,-0.023710,0.859679,-0.002294,0.510279,14.032984,1.517000,40.071140
783,6.525000,0.000777,0.956363,-0.003861,0.292156,-3.468940,84.253601,20.205244,-0.030931,0.966666,0.120237,0.223928,-3.440348,91.895164,20.152281,-0.038571,0.976543,0.050529,0.205725,-5.496453,109.429184,24.107258,0.039956,0.970711,-0.146944,0.185827,-7.438488,129.469650,25.780464,0.046497,0.959709,-0.232447,0.150881,-4.878583,142.685181,20.219479,0.011020,0.937238,0.169923,0.304287,-10.710053,122.948730,24.612185,0.180453,-0.470878,0.103785,-0.857286,-26.491320,125.352356,13.634473,0.000294,0.015036,-0.578540,-0.815515,-12.308473,116.129875,-6.775297,0.093628,0.214139,-0.585577,-0.776195,-5.083247,136.782196,-6.245972,-0.122521,0.978566,0.089265,0.139387,-3.914516,123.354973,27.633873,0.288068,0.827172,0.035929,-0.481158,14.124620,127.518448,33.342735,-0.102942,0.295504,0.529267,-0.788642,23.959938,115.801476,11.692217,0.048765,0.077502,0.509654,-0.855493,17.714027,136.903351,3.278147,0.071260,0.917873,0.204148,0.332799,-11.197308,84.246422,14.997450,0.079119,0.947047,0.025023,0.310187,-11.016769,51.934647,-0.051659,-0.046475,0.938782,0.007289,0.341285,-17.056999,7.589689,-4.389767,-0.090762,0.917719,-0.078582,0.378656,4.259427,84.260773,25.413040,-0.000549,0.886481,-0.170222,0.430320,8.076138,49.643368,33.004250,-0.023776,0.859649,-0.002235,0.510327,1.532693,7.284922,46.595566,-0.046475,0.938782,0.007289,0.341285,-7.550290,2.193726,-15.001533,-0.023776,0.859649,-0.002235,0.510327,14.033125,1.519812,40.068226
784,6.533333,0.000918,0.956162,-0.003753,0.292814,-3.499358,84.252136,20.197319,-0.031369,0.966458,0.120449,0.224647,-3.469143,91.893707,20.146591,-0.037991,0.976433,0.050310,0.206407,-5.545457,109.427299,24.104275,0.040347,0.970602,-0.146973,0.186286,-7.464013,129.470459,25.772390,0.046654,0.959612,-0.232655,0.151127,-4.889782,142.684464,20.214376,0.011304,0.937278,0.169271,0.304515,-10.742376,122.953583,24.600557,0.180613,-0.470565,0.104053,-0.857392,-26.518011,125.361359,13.615651,0.001126,0.014963,-0.578012,-0.815890,-12.322471,116.125153,-6.779087,0.094498,0.214055,-0.585225,-0.776378,-5.071120,136.766739,-6.273220,-0.122342,0.978509,0.088875,0.140194,-3.950365,123.351494,27.631266,0.289362,0.827184,0.036732,-0.480298,14.081724,127.507256,33.367950,-0.102255,0.296328,0.529968,-0.787951,23.921227,115.752113,11.740032,0.048923,0.077962,0.510388,-0.855004,17.733845,136.855286,3.291991,0.071106,0.917676,0.204395,0.333222,-11.220551,84.248024,14.978890,0.079015,0.946961,0.024655,0.310506,-11.016901,51.941860,-0.081953,-0.046376,0.938814,0.007221,0.341212,-17.057222,7.593781,-4.387930,-0.091144,0.917428,-0.078348,0.379317,4.221834,84.256248,25.415751,-0.000665,0.886462,-0.170183,0.430375,8.064315,49.641167,33.004601,-0.024033,0.859727,-0.002187,0.510184,1.530734,7.281533,46.596985,-0.046376,0.938814,0.007221,0.341212,-7.553411,2.194879,-15.000799,-0.024033,0.859727,-0.002187,0.510184,14.031831,1.521289,40.066616
785,6.541667,0.000922,0.955945,-0.003557,0.293522,-3.524390,84.251877,20.190237,-0.031388,0.966260,0.120622,0.225403,-3.494963,91.893471,20.142412,-0.038108,0.976274,0.049942,0.207224,-5.576295,109.424507,24.104017,0.040606,0.970435,-0.147235,0.186891,-7.497811,129.468796,25.755062,0.047072,0.959546,-0.232603,0.151498,-4.910650,142.678864,20.193640,0.011529,0.936830,0.169818,0.305579,-10.774137,122.951088,24.582142,0.180611,-0.470340,0.104635,-0.857445,-26.524426,125.380280,13.565624,0.001407,0.015310,-0.577680,-0.816119,-12.324134,116.119507,-6.814663,0.094881,0.214079,-0.584646,-0.776761,-5.056076,136.756210,-6.303283,-0.121876,0.978444,0.088585,0.141229,-3.987293,123.351135,27.624126,0.290080,0.827289,0.037133,-0.479653,14.037928,127.486946,33.396709,-0.102352,0.297430,0.530457,-0.787194,23.888222,115.707649,11.786839,0.048571,0.079040,0.511119,-0.854489,17.755461,136.818771,3.312473,0.070919,0.917502,0.204634,0.333594,-11.237838,84.248848,14.960363,0.079012,0.946789,0.024248,0.311063,-11.009974,51.947762,-0.111018,-0.045892,0.938811,0.007382,0.341281,-17.059006,7.597857,-4.385833,-0.091286,0.917135,-0.078081,0.380044,4.189056,84.254906,25.420111,-0.000992,0.886290,-0.170122,0.430752,8.042112,49.638699,32.998455,-0.024254,0.859745,-0.002108,0.510144,1.531214,7.277259,46.596100,-0.045892,0.938811,0.007382,0.341281,-7.558352,2.198148,-15.001118,-0.024254,0.859745,-0.002108,0.510144,14.034351,1.522166,40.065094
786,6.550000,0.000897,0.955713,-0.003367,0.294281,-3.548311,84.250671,20.185011,-0.032002,0.966017,0.120770,0.226277,-3.520065,91.892288,20.139870,-0.037646,0.976119,0.049737,0.208087,-5.628059,109.424355,24.100416,0.041239,0.970269,-0.147348,0.187527,-7.531109,129.470871,25.745636,0.047279,0.959440,-0.232796,0.151805,-4.921275,142.677612,20.186939,0.011806,0.936540,0.169824,0.306455,-10.812339,122.956512,24.567907,0.180496,-0.469961,0.105087,-0.857622,-26.541615,125.401451,13.524885,0.001641,0.015378,-0.577269,-0.816408,-12.327421,116.125641,-6.838864,0.094676,0.214254,-0.583710,-0.777441,-5.038445,136.755798,-6.330738,-0.121319,0.978426,0.088355,0.141980,-4.030310,123.349739,27.621498,0.290317,0.827546,0.036978,-0.479079,13.991917,127.463020,33.419464,-0.102875,0.298620,0.530776,-0.786460,23.864117,115.664314,11.830205,0.048186,0.079939,0.511690,-0.854085,17.779961,136.784714,3.335501,0.070718,0.917373,0.204835,0.333869,-11.253444,84.248184,14.942898,0.078999,0.946705,0.023940,0.311347,-11.002972,51.950939,-0.136353,-0.045914,0.938828,0.007302,0.341234,-17.058331,7.599512,-4.386390,-0.091589,0.917002,-0.077859,0.380337,4.156821,84.253159,25.427128,-0.001067,0.886254,-0.170053,0.430853,8.033194,49.638439,33.000359,-0.024357,0.859725,-0.002085,0.510171,1.529377,7.274899,46.594833,-0.045914,0.938828,0.007302,0.341234,-7.558726,2.197862,-15.001625,-0.024357,0.859725,-0.002085,0.510171,14.034099,1.521912,40.065010
787,6.558333,0.000858,0.955458,-0.003128,0.295110,-3.573965,84.250359,20.179564,-0.032171,0.965794,0.120829,0.227172,-3.547331,91.892006,20.137756,-0.037416,0.975942,0.049615,0.208988,-5.665118,109.421051,24.096474,0.041848,0.970062,-0.147554,0.188297,-7.559613,129.468765,25.737110,0.047338,0.959338,-0.232900,0.152274,-4.926277,142.671112,20.179047,0.012054,0.936282,0.169878,0.307201,-10.842444,122.956215,24.553772,0.180060,-0.469689,0.105407,-0.857823,-26.553749,125.415588,13.488400,0.001770,0.015482,-0.576759,-0.816766,-12.329592,116.137550,-6.867369,0.094726,0.214388,-0.583216,-0.777768,-5.015205,136.758087,-6.358539,-0.121416,0.978321,0.088274,0.142669,-4.065762,123.345711,27.619684,0.290689,0.827837,0.036893,-0.478357,13.947943,127.460266,33.443169,-0.103473,0.299740,0.531038,-0.785779,23.845343,115.637184,11.878792,0.047721,0.080976,0.511680,-0.854019,17.805506,136.765259,3.367999,0.070460,0.917232,0.204992,0.334214,-11.269994,84.248428,14.924095,0.079023,0.946584,0.023621,0.311730,-10.993194,51.953167,-0.158949,-0.045646,0.938839,0.007333,0.341240,-17.057854,7.600722,-4.384972,-0.091994,0.916736,-0.077679,0.380917,4.122065,84.252289,25.435030,-0.001098,0.886263,-0.169924,0.430886,8.024796,49.640877,33.009800,-0.024420,0.859747,-0.002053,0.510132,1.527943,7.273409,46.595348,-0.045646,0.938839,0.007333,0.341240,-7.560895,2.197034,-15.001533,-0.024420,0.859747,-0.002053,0.510132,14.032870,1.522091,40.064449
788,6.566667,0.000842,0.955176,-0.002921,0.296022,-3.599382,84.249855,20.175875,-0.032375,0.965587,0.120885,0.227991,-3.573881,91.891518,20.137045,-0.037148,0.975795,0.049474,0.209754,-5.702723,109.420609,24.094427,0.042412,0.969835,-0.147821,0.189130,-7.586783,129.469696,25.730312,0.047313,0.959175,-0.233085,0.153021,-4.930415,142.667023,20.171299,0.012205,0.935956,0.169977,0.308131,-10.871998,122.959160,24.542515,0.179760,-0.469452,0.105524,-0.858001,-26.560974,125.431183,13.448318,0.001933,0.015848,-0.576289,-0.817090,-12.326342,116.156555,-6.901690,0.094806,0.214656,-0.582747,-0.778037,-4.989226,136.767212,-6.383668,-0.121258,0.978240,0.088027,0.143509,-4.099793,123.344551,27.618822,0.291201,0.828206,0.037799,-0.477335,13.906089,127.451256,33.471973,-0.103707,0.300452,0.531230,-0.785346,23.839464,115.620949,11.928111,0.047191,0.082033,0.512150,-0.853666,17.829672,136.751114,3.404280,0.070165,0.917106,0.205092,0.334561,-11.285363,84.248718,14.905721,0.079042,0.946517,0.023357,0.311950,-10.981162,51.953453,-0.176775,-0.045692,0.938879,0.007338,0.341123,-17.053835,7.600155,-4.382278,-0.092228,0.916493,-0.077432,0.381495,4.086599,84.250984,25.446028,-0.001362,0.885938,-0.169799,0.431603,8.006537,49.639904,33.013458,-0.024049,0.859676,-0.001489,0.510271,1.524613,7.268649,46.594345,-0.045692,0.938879,0.007338,0.341123,-7.559021,2.196967,-15.001014,-0.024049,0.859676,-0.001489,0.510271,14.031082,1.525465,40.059246
789,6.575000,0.000897,0.954849,-0.002741,0.297078,-3.629573,84.250793,20.172915,-0.032745,0.965341,0.120899,0.228973,-3.604036,91.892471,20.136984,-0.036616,0.975626,0.049419,0.210644,-5.750741,109.427132,24.091063,0.042940,0.969624,-0.148067,0.189897,-7.614879,129.478027,25.727636,0.047506,0.959016,-0.233287,0.153654,-4.937050,142.670670,20.167809,0.012447,0.935644,0.169736,0.309201,-10.905401,122.971466,24.532764,0.178784,-0.469313,0.105977,-0.858225,-26.568560,125.456284,13.404982,0.001815,0.016319,-0.575541,-0.817608,-12.332079,116.185425,-6.945463,0.095017,0.215050,-0.582194,-0.778316,-4.958619,136.780426,-6.407217,-0.120955,0.978173,0.087949,0.144263,-4.138181,123.348549,27.621056,0.291187,0.828709,0.038135,-0.476443,13.862139,127.441315,33.501034,-0.104448,0.301370,0.531246,-0.784885,23.841064,115.610565,11.978461,0.046530,0.083079,0.512420,-0.853439,17.858156,136.744614,3.445918,0.069906,0.916894,0.205135,0.335170,-11.303878,84.251579,14.885767,0.079050,0.946409,0.023089,0.312295,-10.971755,51.954987,-0.193296,-0.045624,0.938912,0.007340,0.341040,-17.051235,7.600692,-4.378440,-0.092641,0.916284,-0.077134,0.381958,4.044733,84.250008,25.460064,-0.001498,0.885840,-0.169690,0.431845,7.995886,49.641106,33.021210,-0.024232,0.859753,-0.001540,0.510132,1.525274,7.266569,46.597252,-0.045624,0.938912,0.007340,0.341040,-7.559019,2.196725,-14.999109,-0.024232,0.859753,-0.001540,0.510132,14.031157,1.524771,40.059799
790,6.583333,0.000899,0.954552,-0.002335,0.298035,-3.657641,84.256836,20.164112,-0.032840,0.965086,0.120942,0.230009,-3.633883,91.898552,20.134140,-0.036527,0.975402,0.049379,0.211702,-5.788445,109.432091,24.086451,0.043534,0.969410,-0.148111,0.190820,-7.650530,129.483398,25.720194,0.047836,0.958861,-0.233430,0.154295,-4.949295,142.673569,20.165846,0.012630,0.935315,0.169757,0.310174,-10.940279,122.977829,24.517853,0.178212,-0.468898,0.106134,-0.858552,-26.579899,125.475761,13.359946,0.001957,0.016864,-0.575063,-0.817933,-12.324526,116.214058,-6.981426,0.095240,0.215468,-0.581666,-0.778568,-4.928258,136.799118,-6.427006,-0.120566,0.978088,0.087915,0.145184,-4.179622,123.352852,27.620729,0.291037,0.829301,0.038642,-0.475461,13.814002,127.427528,33.533657,-0.105275,0.302251,0.531153,-0.784499,23.847086,115.604988,12.031775,0.045708,0.084110,0.512590,-0.853281,17.884075,136.743683,3.491697,0.069703,0.916702,0.204989,0.335824,-11.321333,84.259865,14.861594,0.079045,0.946258,0.022895,0.312767,-10.968897,51.956963,-0.203496,-0.045574,0.938932,0.007359,0.340992,-17.051298,7.601783,-4.375025,-0.093121,0.915623,-0.076793,0.383493,4.006051,84.253815,25.466629,-0.001663,0.885598,-0.169561,0.432392,7.985023,49.647503,33.025066,-0.024355,0.859696,-0.001658,0.510223,1.524194,7.269070,46.593594,-0.045574,0.938932,0.007359,0.340992,-7.560649,2.197722,-14.997047,-0.024355,0.859696,-0.001658,0.510223,14.032060,1.526342,40.060757
791,6.591667,0.000926,0.954150,-0.002333,0.299320,-3.682227,84.260620,20.162912,-0.033095,0.964830,0.120873,0.231079,-3.658056,91.902328,20.133123,-0.036215,0.975207,0.049377,0.212656,-5.825720,109.439003,24.079203,0.044115,0.969251,-0.147908,0.191652,-7.677080,129.491241,25.713762,0.048123,0.958708,-0.233609,0.154886,-4.954729,142.681946,20.171001,0.012702,0.934994,0.169483,0.311290,-10.969014,122.988213,24.503712,0.177553,-0.468546,0.106293,-0.858861,-26.581699,125.492622,13.309596,0.001918,0.017639,-0.574731,-0.818150,-12.310616,116.241669,-7.025650,0.095449,0.216045,-0.581642,-0.778400,-4.897708,136.823364,-6.442217,-0.120542,0.977936,0.087946,0.146204,-4.214046,123.357880,27.619591,0.290732,0.829985,0.038792,-0.474442,13.768299,127.427277,33.570351,-0.106131,0.303202,0.530914,-0.784178,23.862112,115.609299,12.094398,0.045127,0.085081,0.512432,-0.853310,17.914415,136.747574,3.544163,0.069627,0.916480,0.204910,0.336494,-11.331616,84.264061,14.839787,0.079033,0.946158,0.022623,0.313092,-10.965201,51.958107,-0.218420,-0.045535,0.938944,0.007425,0.340964,-17.052898,7.601666,-4.368619,-0.093577,0.915365,-0.076556,0.384044,3.967163,84.257172,25.486040,-0.001689,0.885496,-0.169325,0.432693,7.977655,49.654354,33.043789,-0.024368,0.859693,-0.001648,0.510227,1.523520,7.268744,46.593063,-0.045535,0.938944,0.007425,0.340964,-7.563120,2.198925,-14.992085,-0.024368,0.859693,-0.001648,0.510227,14.031637,1.526441,40.060337
792,6.600000,0.000931,0.953804,-0.002050,0.300422,-3.710055,84.268440,20.156792,-0.033252,0.964549,0.120789,0.232271,-3.687079,91.910164,20.131187,-0.035945,0.974957,0.049379,0.213843,-5.864465,109.447983,24.070518,0.044474,0.969082,-0.147717,0.192566,-7.707200,129.500992,25.705225,0.048633,0.958566,-0.233636,0.155563,-4.969154,142.692795,20.172792,0.012759,0.934557,0.169689,0.312484,-11.000292,123.000313,24.485809,0.173013,-0.467361,0.109370,-0.860045,-26.584059,125.516930,13.254191,0.000095,0.016744,-0.574708,-0.818188,-12.289368,116.242599,-7.053816,0.095525,0.216728,-0.581140,-0.778576,-4.865978,136.845154,-6.455903,-0.120299,0.977800,0.088015,0.147269,-4.252574,123.365044,27.617941,0.290231,0.830727,0.038918,-0.473438,13.719929,127.420570,33.607784,-0.107142,0.304212,0.530704,-0.783791,23.879635,115.614304,12.156460,0.044567,0.085992,0.512368,-0.853287,17.949945,136.756165,3.598104,0.069543,0.916207,0.204698,0.337382,-11.347128,84.273506,14.816007,0.078974,0.946035,0.022480,0.313489,-10.966012,51.960510,-0.226730,-0.045352,0.938979,0.007428,0.340890,-17.050993,7.602632,-4.365635,-0.093981,0.915071,-0.076365,0.384683,3.927017,84.263374,25.497576,-0.001827,0.885304,-0.169085,0.433179,7.963669,49.663879,33.056633,-0.024264,0.859632,-0.001550,0.510336,1.522387,7.271004,46.589291,-0.045352,0.938979,0.007428,0.340890,-7.564840,2.197916,-14.991336,-0.024264,0.859632,-0.001550,0.510336,14.031670,1.529595,40.058006
793,6.608333,0.000897,0.953379,-0.002065,0.301766,-3.733188,84.269348,20.155453,-0.033317,0.964265,0.120732,0.233465,-3.710586,91.911079,20.129496,-0.035830,0.974713,0.049351,0.214978,-5.895110,109.453026,24.064465,0.044761,0.968903,-0.147524,0.193548,-7.734987,129.506500,25.696934,0.049065,0.958429,-0.233540,0.156413,-4.982736,142.699615,20.174742,0.012768,0.934175,0.169719,0.313609,-11.027402,123.007011,24.469265,0.174456,-0.467367,0.108025,-0.859921,-26.583878,125.531509,13.201655,0.001009,0.018566,-0.574212,-0.818496,-12.273972,116.283440,-7.107608,0.095532,0.217575,-0.580694,-0.778672,-4.832595,136.865189,-6.467475,-0.120017,0.977667,0.087752,0.148534,-4.286814,123.369202,27.616999,0.289867,0.831548,0.039794,-0.472146,13.673806,127.410629,33.651817,-0.107981,0.305033,0.530455,-0.783526,23.909470,115.627060,12.224154,0.043949,0.087169,0.512434,-0.853160,17.990631,136.770111,3.658660,0.069567,0.916008,0.204486,0.338047,-11.355169,84.273682,14.793159,0.078916,0.945725,0.022254,0.314455,-10.970067,51.954735,-0.236683,-0.045429,0.938980,0.007667,0.340872,-17.052349,7.595125,-4.360958,-0.094397,0.914475,-0.075862,0.386096,3.888793,84.265022,25.517746,-0.001985,0.885089,-0.168976,0.433660,7.954704,49.665649,33.061630,-0.024451,0.859659,-0.001676,0.510280,1.522917,7.269531,46.588642,-0.045429,0.938980,0.007667,0.340872,-7.565134,2.197529,-14.989323,-0.024451,0.859659,-0.001676,0.510280,14.032528,1.527834,40.058250
794,6.616667,0.000978,0.952966,-0.002010,0.303069,-3.758839,84.272934,20.153009,-0.033334,0.963949,0.120570,0.234851,-3.735285,91.914658,20.128267,-0.035759,0.974406,0.049358,0.216377,-5.924887,109.459518,24.054714,0.045247,0.968786,-0.146728,0.194622,-7.764395,129.513153,25.685453,0.049585,0.958293,-0.233591,0.157010,-4.994927,142.714188,20.190825,0.012509,0.933906,0.169477,0.314549,-11.054921,123.014709,24.447254,0.173926,-0.466910,0.107775,-0.860308,-26.588774,125.532928,13.147065,0.001124,0.019786,-0.573948,-0.818652,-12.253362,116.311409,-7.156281,0.095880,0.218481,-0.580249,-0.778707,-4.801246,136.886383,-6.475228,-0.119621,0.977501,0.087645,0.150003,-4.323248,123.374664,27.614269,0.289097,0.832422,0.040116,-0.471049,13.624063,127.395943,33.701939,-0.109135,0.306179,0.530130,-0.783139,23.938238,115.638649,12.297499,0.043370,0.088436,0.512586,-0.852968,18.036026,136.783188,3.722165,0.069494,0.915819,0.204172,0.338763,-11.366133,84.278954,14.769897,0.078887,0.945638,0.022187,0.314728,-10.972488,51.950146,-0.238505,-0.045359,0.938978,0.007867,0.340883,-17.053095,7.589856,-4.357982,-0.094778,0.914065,-0.075652,0.387014,3.848455,84.266914,25.536123,-0.002195,0.884710,-0.168653,0.434558,7.937266,49.670403,33.080780,-0.024504,0.859619,-0.001543,0.510346,1.521093,7.264543,46.584648,-0.045359,0.938978,0.007867,0.340883,-7.565807,2.196826,-14.988605,-0.024504,0.859619,-0.001543,0.510346,14.032976,1.526849,40.055080
795,6.625000,0.001049,0.952540,-0.002116,0.304404,-3.782843,84.279457,20.153708,-0.033480,0.963603,0.120454,0.236305,-3.757723,91.921173,20.127777,-0.035631,0.974080,0.049401,0.217850,-5.958034,109.471954,24.046844,0.045550,0.968588,-0.146407,0.195775,-7.795352,129.525787,25.677601,0.050184,0.958177,-0.233332,0.157906,-5.010683,142.729614,20.197369,0.012511,0.933468,0.169695,0.315729,-11.084445,123.028854,24.427753,0.173422,-0.466338,0.108101,-0.860679,-26.589472,125.557350,13.090333,0.001383,0.020901,-0.573709,-0.818792,-12.229511,116.336548,-7.195992,0.096481,0.219382,-0.579823,-0.778697,-4.767107,136.907486,-6.481297,-0.119547,0.977309,0.087751,0.151246,-4.362165,123.385559,27.615026,0.288621,0.833412,0.040356,-0.469568,13.571321,127.398323,33.748871,-0.110404,0.307601,0.529713,-0.782685,23.973938,115.649734,12.382483,0.042456,0.089977,0.512239,-0.853061,18.091833,136.793976,3.790478,0.069442,0.915672,0.203814,0.339385,-11.375016,84.286079,14.749289,0.078865,0.945463,0.022161,0.315259,-10.976862,51.946354,-0.235458,-0.045402,0.938980,0.007963,0.340869,-17.054001,7.585645,-4.355528,-0.095129,0.913657,-0.075292,0.387960,3.809330,84.272835,25.558126,-0.002315,0.884581,-0.168418,0.434909,7.923084,49.677219,33.093296,-0.024641,0.859587,-0.001682,0.510392,1.520278,7.264307,46.581356,-0.045402,0.938980,0.007963,0.340869,-7.566317,2.195572,-14.987299,-0.024641,0.859587,-0.001682,0.510392,14.033479,1.525359,40.055424
796,6.633333,0.001263,0.952087,-0.002152,0.305818,-3.808717,84.285782,20.153852,-0.033483,0.963258,0.120246,0.237809,-3.780283,91.927490,20.128445,-0.035475,0.973742,0.049545,0.219349,-5.985269,109.481743,24.037262,0.045719,0.968371,-0.146162,0.196987,-7.820209,129.535446,25.672268,0.050661,0.958093,-0.232849,0.158972,-5.023198,142.741562,20.203848,0.012441,0.932973,0.170094,0.316979,-11.107858,123.040329,24.409241,0.170798,-0.465518,0.109965,-0.861411,-26.582300,125.579155,13.032425,0.000555,0.021101,-0.573653,-0.818826,-12.203379,116.341309,-7.232691,0.096918,0.220422,-0.579163,-0.778840,-4.733947,136.922974,-6.489526,-0.119856,0.977020,0.087930,0.152756,-4.395174,123.393013,27.617105,0.288073,0.834332,0.039979,-0.468301,13.517651,127.409950,33.808300,-0.111768,0.309488,0.529310,-0.782021,24.000053,115.659454,12.482002,0.041390,0.091662,0.512501,-0.852776,18.151899,136.804718,3.860865,0.069470,0.915468,0.203338,0.340216,-11.384799,84.295929,14.726913,0.078783,0.945338,0.022192,0.315654,-10.986909,51.942657,-0.228569,-0.045478,0.938984,0.008135,0.340844,-17.054527,7.580921,-4.351540,-0.095513,0.913283,-0.074844,0.388830,3.767365,84.275642,25.580793,-0.002422,0.884543,-0.168266,0.435046,7.911343,49.680431,33.101265,-0.024744,0.859624,-0.001661,0.510325,1.520909,7.262942,46.580788,-0.045478,0.938984,0.008135,0.340844,-7.566115,2.196187,-14.985360,-0.024744,0.859624,-0.001661,0.510325,14.034235,1.525996,40.053345
797,6.641667,0.001347,0.951643,-0.002116,0.307195,-3.825439,84.290428,20.151402,-0.033511,0.962903,0.120103,0.239312,-3.795908,91.932137,20.126945,-0.035479,0.973387,0.049710,0.220882,-6.007047,109.490097,24.027718,0.045915,0.968131,-0.145974,0.198255,-7.846176,129.543137,25.666264,0.051196,0.958061,-0.232082,0.160113,-5.035395,142.750763,20.208588,0.012435,0.932581,0.169941,0.318211,-11.130153,123.048759,24.389935,0.170427,-0.464976,0.110284,-0.861736,-26.574278,125.593414,12.973285,0.001004,0.022293,-0.573403,-0.818969,-12.172334,116.353142,-7.274377,0.097745,0.221492,-0.578475,-0.778944,-4.692867,136.929230,-6.499599,-0.119946,0.976748,0.087854,0.154463,-4.427528,123.399628,27.618969,0.287871,0.835377,0.040780,-0.466490,13.464144,127.413330,33.873116,-0.112618,0.311093,0.528771,-0.781626,24.042425,115.671768,12.589283,0.040444,0.093778,0.512604,-0.852530,18.214294,136.808533,3.933021,0.069583,0.915286,0.202855,0.340970,-11.385777,84.302208,14.702548,0.078751,0.945153,0.022176,0.316216,-10.995152,51.936047,-0.225219,-0.045570,0.938965,0.008343,0.340880,-17.058029,7.573783,-4.349501,-0.095803,0.912857,-0.074609,0.389803,3.734899,84.278648,25.600252,-0.002628,0.884164,-0.168001,0.435917,7.896229,49.684910,33.117901,-0.024919,0.859608,-0.001659,0.510343,1.519340,7.259506,46.578926,-0.045570,0.938965,0.008343,0.340880,-7.567249,2.195552,-14.984504,-0.024919,0.859608,-0.001659,0.510343,14.034712,1.525213,40.053062
798,6.650000,0.001495,0.951159,-0.002131,0.308692,-3.846667,84.296265,20.151974,-0.033357,0.962514,0.119988,0.240952,-3.814876,91.937958,20.128056,-0.035578,0.972991,0.049790,0.222583,-6.025933,109.494080,24.021769,0.046110,0.967994,-0.145090,0.199527,-7.872538,129.546509,25.659340,0.051840,0.958017,-0.231526,0.160974,-5.051687,142.763962,20.230707,0.012406,0.932175,0.170020,0.319358,-11.151468,123.052193,24.369799,0.170052,-0.464186,0.110740,-0.862178,-26.567289,125.604141,12.916574,0.001488,0.023016,-0.573383,-0.818963,-12.131782,116.356850,-7.303964,0.098509,0.222322,-0.578691,-0.778451,-4.651837,136.935028,-6.515325,-0.120005,0.976459,0.087820,0.156249,-4.460181,123.402771,27.622292,0.287514,0.836444,0.041038,-0.464772,13.409448,127.411499,33.942326,-0.113788,0.313127,0.528263,-0.780988,24.083511,115.672127,12.705138,0.039607,0.096210,0.512448,-0.852392,18.289986,136.802139,4.009852,0.069717,0.914992,0.202323,0.342044,-11.389817,84.310516,14.679355,0.078707,0.945017,0.022212,0.316630,-11.003963,51.930344,-0.218107,-0.045541,0.938969,0.008577,0.340865,-17.060318,7.567608,-4.346918,-0.096107,0.912611,-0.074378,0.390349,3.696483,84.282013,25.624592,-0.002689,0.884135,-0.167691,0.436093,7.879421,49.689968,33.138084,-0.024835,0.859554,-0.001352,0.510439,1.516871,7.255247,46.576508,-0.045541,0.938969,0.008577,0.340865,-7.569535,2.195251,-14.984888,-0.024835,0.859554,-0.001352,0.510439,14.034559,1.527138,40.049652
799,6.658333,0.001863,0.950657,-0.002314,0.310229,-3.876407,84.297958,20.151928,-0.033255,0.962079,0.119913,0.242732,-3.838368,91.939621,20.127144,-0.035428,0.972570,0.049878,0.224422,-6.052973,109.500969,24.016056,0.046333,0.967825,-0.144276,0.200880,-7.897553,129.553467,25.654940,0.052341,0.958011,-0.230784,0.161910,-5.064973,142.779770,20.254013,0.012117,0.931632,0.170059,0.320929,-11.174269,123.061028,24.350451,0.172140,-0.463955,0.109666,-0.862025,-26.551384,125.613113,12.845346,0.002942,0.024868,-0.573093,-0.819107,-12.091965,116.366531,-7.358417,0.099099,0.222987,-0.578377,-0.778419,-4.604939,136.929749,-6.540042,-0.119995,0.976174,0.087370,0.158280,-4.495071,123.407539,27.628136,0.284456,0.837892,0.034994,-0.464539,13.349896,127.410385,34.021156,-0.117253,0.317460,0.526481,-0.779929,24.128139,115.635445,12.856410,0.038544,0.098592,0.512902,-0.851895,18.366604,136.778671,4.081409,0.069771,0.914620,0.201816,0.343325,-11.401808,84.317589,14.654944,0.078694,0.944823,0.022225,0.317211,-11.011526,51.923340,-0.211765,-0.045619,0.938934,0.008792,0.340947,-17.063871,7.560471,-4.344982,-0.096588,0.912239,-0.074075,0.391156,3.648993,84.278320,25.648911,-0.002743,0.884150,-0.167417,0.436168,7.864810,49.689678,33.159664,-0.024908,0.859576,-0.001159,0.510400,1.516178,7.246712,46.578632,-0.045619,0.938934,0.008792,0.340947,-7.569792,2.194741,-14.983355,-0.024908,0.859576,-0.001159,0.510400,14.035063,1.524292,40.049084
800,6.666667,0.001871,0.950165,-0.002387,0.311732,-3.889341,84.305420,20.155880,-0.033187,0.961641,0.119999,0.244428,-3.850798,91.947083,20.130135,-0.035630,0.972149,0.049752,0.226235,-6.069970,109.502563,24.017540,0.046607,0.967681,-0.143093,0.202350,-7.924405,129.554993,25.646198,0.052863,0.957987,-0.230040,0.162934,-5.079882,142.794250,20.283455,0.012054,0.931261,0.169932,0.322074,-11.195004,123.061729,24.330521,0.172440,-0.463345,0.109905,-0.862262,-26.543653,125.617340,12.788251,0.003899,0.025498,-0.572744,-0.819329,-12.057036,116.356613,-7.389536,0.099891,0.223642,-0.577398,-0.778857,-4.554382,136.912506,-6.572358,-0.119995,0.975877,0.087180,0.160200,-4.528193,123.410019,27.633133,0.284486,0.839120,0.035219,-0.462283,13.293076,127.406189,34.096031,-0.118092,0.319948,0.525911,-0.779170,24.181282,115.612732,12.997993,0.038032,0.101358,0.512490,-0.851842,18.466042,136.743439,4.160181,0.069829,0.914215,0.201613,0.344510,-11.397312,84.324684,14.635118,0.078399,0.944577,0.022521,0.317995,-10.996703,51.925190,-0.219871,-0.045387,0.939249,0.008596,0.340115,-17.012226,7.559344,-4.374894,-0.096786,0.911845,-0.073844,0.392069,3.618630,84.286148,25.676643,-0.002805,0.884241,-0.167093,0.436108,7.846229,49.697792,33.182098,-0.025196,0.859606,-0.001369,0.510334,1.516166,7.245109,46.579048,-0.045387,0.939249,0.008596,0.340115,-7.540062,2.184984,-15.028429,-0.025196,0.859606,-0.001369,0.510334,14.035758,1.521875,40.051582
801,6.675000,0.001859,0.949709,-0.002300,0.313121,-3.900538,84.313492,20.157114,-0.033467,0.961194,0.120012,0.246137,-3.862553,91.955154,20.132629,-0.035467,0.971731,0.049809,0.228036,-6.098060,109.506699,24.013281,0.046713,0.967533,-0.142125,0.203714,-7.949643,129.559372,25.642246,0.053492,0.957995,-0.229091,0.164018,-5.097520,142.809586,20.310671,0.011745,0.930829,0.169679,0.323462,-11.218246,123.068008,24.312267,0.172824,-0.462636,0.110364,-0.862508,-26.532459,125.618233,12.723166,0.004947,0.026079,-0.572495,-0.819478,-12.016383,116.332161,-7.421777,0.101300,0.223624,-0.577191,-0.778833,-4.502669,136.883972,-6.609844,-0.119780,0.975600,0.086643,0.162326,-4.563448,123.412201,27.639448,0.284383,0.840409,0.035236,-0.459998,13.233246,127.395157,34.177799,-0.118656,0.322425,0.525306,-0.778471,24.236292,115.582970,13.149927,0.038235,0.104173,0.512673,-0.851383,18.565710,136.698135,4.241561,0.070059,0.913867,0.201078,0.345696,-11.392339,84.332970,14.614426,0.078392,0.944410,0.022525,0.318493,-11.001175,51.920414,-0.212303,-0.045477,0.939248,0.008714,0.340101,-17.013826,7.554489,-4.370637,-0.096871,0.911405,-0.073649,0.393107,3.591262,84.294006,25.699800,-0.003049,0.884030,-0.166778,0.436654,7.821326,49.704777,33.199844,-0.025145,0.859579,-0.001201,0.510382,1.514722,7.242775,46.578342,-0.045477,0.939248,0.008714,0.340101,-7.540699,2.184179,-15.025361,-0.025145,0.859579,-0.001201,0.510382,14.035474,1.522853,40.050186
802,6.683333,0.001850,0.949195,-0.002296,0.314676,-3.913145,84.321358,20.161148,-0.033595,0.960757,0.119989,0.247832,-3.875266,91.963020,20.136742,-0.035426,0.971319,0.049859,0.229779,-6.121618,109.512558,24.011066,0.047090,0.967300,-0.141484,0.205170,-7.974953,129.565140,25.639051,0.053950,0.958081,-0.227730,0.165253,-5.105422,142.821457,20.332064,0.011561,0.930405,0.169394,0.324837,-11.240101,123.074814,24.295599,0.173371,-0.461840,0.111215,-0.862715,-26.519945,125.623680,12.660921,0.006209,0.026191,-0.572142,-0.819713,-11.974874,116.291359,-7.441682,0.102514,0.223598,-0.576740,-0.779016,-4.443851,136.837418,-6.656983,-0.119715,0.975263,0.086251,0.164593,-4.597144,123.416725,27.646593,0.287139,0.841668,0.041034,-0.455481,13.171439,127.390549,34.266430,-0.115919,0.322971,0.525544,-0.778497,24.310211,115.567993,13.316001,0.039862,0.107364,0.513509,-0.850407,18.674627,136.629272,4.331086,0.070377,0.913423,0.200497,0.347141,-11.386752,84.340622,14.593954,0.078407,0.944207,0.022541,0.319089,-11.007699,51.914604,-0.203630,-0.045583,0.939212,0.008884,0.340182,-17.018492,7.548943,-4.367492,-0.097025,0.911018,-0.073579,0.393978,3.560462,84.302094,25.728344,-0.003279,0.883767,-0.166311,0.437362,7.795313,49.714260,33.232128,-0.025225,0.859578,-0.001160,0.510380,1.514709,7.238403,46.578827,-0.045583,0.939212,0.008884,0.340182,-7.541916,2.184351,-15.022031,-0.025225,0.859578,-0.001160,0.510380,14.036453,1.520667,40.050667
803,6.691667,0.001875,0.948752,-0.002173,0.316010,-3.928690,84.325653,20.163826,-0.033539,0.960326,0.119916,0.249537,-3.891004,91.967331,20.141371,-0.035452,0.970877,0.049953,0.231617,-6.141744,109.518265,24.009857,0.047140,0.967285,-0.139773,0.206400,-8.000055,129.570404,25.637760,0.054815,0.958138,-0.226773,0.165957,-5.129648,142.846420,20.380726,0.011622,0.930633,0.167689,0.325065,-11.260487,123.080734,24.279768,0.174554,-0.461076,0.111347,-0.862868,-26.534536,125.611916,12.633628,0.008365,0.025596,-0.571244,-0.820338,-11.953595,116.250763,-7.429551,0.103796,0.223560,-0.576242,-0.779225,-4.378787,136.775696,-6.719467,-0.119815,0.974905,0.085809,0.166856,-4.630191,123.421097,27.655899,0.287166,0.843178,0.039755,-0.452776,13.108397,127.392326,34.357235,-0.115819,0.326326,0.524426,-0.777865,24.376589,115.508987,13.510651,0.040416,0.110156,0.514420,-0.849473,18.788858,136.528854,4.404362,0.070567,0.913037,0.200043,0.348377,-11.386607,84.346016,14.575635,0.078411,0.943971,0.022501,0.319788,-11.011609,51.908936,-0.197777,-0.045618,0.939207,0.009120,0.340185,-17.020786,7.543168,-4.362829,-0.097235,0.910599,-0.073612,0.394888,3.529228,84.305290,25.752014,-0.003444,0.883630,-0.165819,0.437824,7.769090,49.720718,33.267956,-0.025390,0.859587,-0.000988,0.510357,1.514006,7.230264,46.580143,-0.045618,0.939207,0.009120,0.340185,-7.543125,2.185210,-15.019737,-0.025390,0.859587,-0.000988,0.510357,14.037989,1.519079,40.050541
804,6.700000,0.001721,0.948276,-0.002114,0.317434,-3.936718,84.329201,20.169031,-0.033469,0.959863,0.119962,0.251301,-3.901520,91.970894,20.146734,-0.035749,0.970398,0.050022,0.233552,-6.157910,109.526062,24.014297,0.047545,0.967076,-0.138786,0.207946,-8.031745,129.577057,25.638359,0.055275,0.958251,-0.225394,0.167025,-5.144611,142.862991,20.415632,0.011547,0.930343,0.166730,0.326390,-11.283794,123.086166,24.266153,0.175733,-0.460369,0.112281,-0.862886,-26.524471,125.611008,12.574995,0.010448,0.025625,-0.570606,-0.820758,-11.920054,116.184784,-7.440589,0.106266,0.222997,-0.576025,-0.779214,-4.313284,136.699966,-6.780801,-0.119565,0.974580,0.085266,0.169199,-4.667222,123.428902,27.668873,0.288094,0.844772,0.039880,-0.449190,13.043191,127.384949,34.453213,-0.114932,0.329487,0.523536,-0.777264,24.454594,115.431175,13.725132,0.042113,0.114282,0.515050,-0.848463,18.920261,136.408539,4.484810,0.070819,0.912708,0.199576,0.349454,-11.377833,84.347107,14.558476,0.078470,0.943745,0.022451,0.320443,-11.013863,51.899254,-0.191543,-0.045716,0.939175,0.009376,0.340254,-17.026562,7.534122,-4.358209,-0.097391,0.910190,-0.073563,0.395800,3.504398,84.311295,25.779587,-0.003510,0.883620,-0.165389,0.438007,7.748164,49.728363,33.300896,-0.025428,0.859579,-0.000819,0.510370,1.512543,7.225129,46.581364,-0.045716,0.939175,0.009376,0.340254,-7.545599,2.184039,-15.016142,-0.025428,0.859579,-0.000819,0.510370,14.038044,1.518584,40.050610
805,6.708333,0.001635,0.947823,-0.002035,0.318785,-3.943155,84.331451,20.175055,-0.033621,0.959390,0.119893,0.253112,-3.909561,91.973152,20.153545,-0.035781,0.969911,0.050212,0.235522,-6.178343,109.532059,24.013809,0.047818,0.966924,-0.137413,0.209498,-8.058537,129.582184,25.641176,0.055805,0.958297,-0.224232,0.168146,-5.160491,142.882858,20.462206,0.011434,0.930073,0.165790,0.327640,-11.305077,123.092094,24.252321,0.174851,-0.459128,0.115261,-0.863333,-26.514179,125.608864,12.518376,0.011703,0.024155,-0.570138,-0.821111,-11.885225,116.076614,-7.428971,0.108578,0.222411,-0.575445,-0.779491,-4.247962,136.594849,-6.852449,-0.119084,0.974250,0.084534,0.171787,-4.702301,123.432899,27.681923,0.288380,0.846433,0.038162,-0.446017,12.978369,127.365578,34.556824,-0.114526,0.333587,0.522283,-0.776418,24.531622,115.326225,13.957240,0.043861,0.118395,0.515228,-0.847702,19.062904,136.255554,4.561872,0.071016,0.912463,0.199108,0.350319,-11.368254,84.348244,14.543313,0.078533,0.943510,0.022467,0.321117,-11.015237,51.889103,-0.182122,-0.045859,0.939157,0.009599,0.340277,-17.029839,7.524929,-4.356275,-0.097478,0.909872,-0.073552,0.396512,3.481944,84.314659,25.806797,-0.003730,0.883258,-0.164928,0.438908,7.725732,49.732830,33.333157,-0.025413,0.859552,-0.000551,0.510416,1.512272,7.216048,46.580601,-0.045859,0.939157,0.009599,0.340277,-7.546206,2.182323,-15.015584,-0.025413,0.859552,-0.000551,0.510416,14.039800,1.515753,40.048271
806,6.716667,0.001702,0.947338,-0.002089,0.320224,-3.947725,84.334274,20.184399,-0.033850,0.958911,0.119855,0.254909,-3.912849,91.975967,20.162477,-0.035771,0.969440,0.050300,0.237436,-6.196787,109.537193,24.015612,0.048189,0.966787,-0.135876,0.211042,-8.080637,129.587006,25.642818,0.056203,0.958397,-0.222876,0.169244,-5.170123,142.903824,20.512583,0.011023,0.929821,0.164827,0.328851,-11.322576,123.097839,24.238882,0.176257,-0.458403,0.116768,-0.863230,-26.501211,125.595215,12.461446,0.014050,0.023479,-0.569231,-0.821722,-11.855557,115.967194,-7.427546,0.111251,0.221040,-0.574826,-0.779962,-4.171704,136.469955,-6.932768,-0.118932,0.973819,0.083819,0.174658,-4.733277,123.436508,27.694508,0.289488,0.848161,0.037185,-0.442083,12.910241,127.356888,34.671101,-0.112850,0.337833,0.520969,-0.775710,24.614779,115.210495,14.220304,0.046200,0.122863,0.516107,-0.846406,19.216343,136.068665,4.633273,0.071275,0.912217,0.198577,0.351209,-11.355678,84.351868,14.530131,0.078579,0.943138,0.022455,0.322198,-11.018946,51.880287,-0.168230,-0.045865,0.939156,0.009874,0.340272,-17.032936,7.516709,-4.349573,-0.097502,0.909475,-0.073495,0.397426,3.460227,84.316689,25.838665,-0.003866,0.883245,-0.164481,0.439102,7.699591,49.734585,33.366245,-0.025693,0.859597,-0.000346,0.510327,1.511721,7.204646,46.583408,-0.045865,0.939156,0.009874,0.340272,-7.548609,2.181441,-15.011929,-0.025693,0.859597,-0.000346,0.510327,14.041794,1.513381,40.048103
807,6.725000,0.001682,0.946878,-0.002127,0.321581,-3.951374,84.338631,20.192463,-0.033824,0.958405,0.119872,0.256800,-3.916574,91.980324,20.169947,-0.036023,0.968907,0.050362,0.239552,-6.206976,109.538399,24.018715,0.047906,0.966756,-0.134001,0.212444,-8.104808,129.587234,25.641750,0.057163,0.958488,-0.221572,0.170115,-5.202722,142.926193,20.564526,0.010849,0.929666,0.163733,0.329840,-11.338346,123.097244,24.222311,0.178214,-0.457789,0.118378,-0.862934,-26.491898,125.580635,12.409653,0.017145,0.022752,-0.567902,-0.822603,-11.836450,115.838989,-7.416713,0.114657,0.219594,-0.574703,-0.779968,-4.085816,136.316086,-7.023439,-0.118712,0.973357,0.082765,0.177860,-4.764351,123.437454,27.706823,0.290599,0.850076,0.035540,-0.437791,12.837466,127.344276,34.795471,-0.111097,0.342896,0.519198,-0.774928,24.708096,115.071777,14.516417,0.048514,0.127930,0.516385,-0.845356,19.385344,135.844757,4.704388,0.071386,0.912108,0.198046,0.351769,-11.343107,84.355568,14.517002,0.078713,0.942770,0.022464,0.323241,-11.018401,51.870094,-0.150909,-0.046004,0.939111,0.010140,0.340369,-17.038837,7.508448,-4.343484,-0.097517,0.909186,-0.073519,0.398077,3.440360,84.321686,25.867924,-0.003924,0.883364,-0.164029,0.439029,7.674615,49.740059,33.400558,-0.025922,0.859641,-0.000264,0.510241,1.510265,7.196820,46.585846,-0.046004,0.939111,0.010140,0.340369,-7.550089,2.181809,-15.006232,-0.025922,0.859641,-0.000264,0.510241,14.041766,1.510876,40.048637
808,6.733333,0.001658,0.946424,-0.002157,0.322914,-3.954204,84.343338,20.198702,-0.033897,0.957871,0.120080,0.258679,-3.919580,91.985031,20.175688,-0.036065,0.968383,0.050388,0.241650,-6.221510,109.537842,24.025633,0.047885,0.966627,-0.132259,0.214120,-8.124757,129.586441,25.645164,0.057550,0.958544,-0.220238,0.171395,-5.221473,142.944916,20.620207,0.010485,0.929420,0.162705,0.331052,-11.352643,123.097054,24.210245,0.180433,-0.457169,0.120500,-0.862508,-26.475466,125.561714,12.354373,0.020522,0.021616,-0.566485,-0.823533,-11.816817,115.677795,-7.399065,0.118373,0.217752,-0.574056,-0.780405,-3.993900,136.128418,-7.128552,-0.118029,0.972925,0.081093,0.181412,-4.793735,123.435913,27.723200,0.291757,0.851781,0.032785,-0.433903,12.764898,127.315346,34.932949,-0.109489,0.348612,0.517562,-0.773700,24.779457,114.893547,14.830329,0.051513,0.133964,0.516931,-0.843909,19.560575,135.590332,4.776848,0.071586,0.912005,0.197481,0.352312,-11.329920,84.359604,14.502441,0.078738,0.942486,0.022514,0.324058,-11.024198,51.860256,-0.135100,-0.045946,0.939101,0.010467,0.340395,-17.041626,7.499170,-4.337909,-0.097517,0.908799,-0.073481,0.398967,3.421511,84.327072,25.894960,-0.004026,0.883447,-0.163623,0.439013,7.649508,49.745041,33.429276,-0.026024,0.859665,-0.000092,0.510195,1.509585,7.189906,46.587563,-0.045946,0.939101,0.010467,0.340395,-7.552021,2.180610,-15.003920,-0.026024,0.859665,-0.000092,0.510195,14.042327,1.509562,40.047871
809,6.741667,0.001664,0.945970,-0.002168,0.324243,-3.959802,84.346687,20.203798,-0.033938,0.957307,0.120340,0.260635,-3.924998,91.988380,20.180695,-0.036075,0.967828,0.050423,0.243854,-6.237906,109.533356,24.033194,0.048190,0.966398,-0.131053,0.215817,-8.145559,129.581787,25.649647,0.057865,0.958747,-0.218313,0.172612,-5.229117,142.952515,20.665035,0.010362,0.929427,0.161322,0.331713,-11.367851,123.093262,24.198303,0.182627,-0.456591,0.122921,-0.862011,-26.473797,125.539871,12.317191,0.024288,0.019948,-0.564494,-0.824839,-11.818407,115.500893,-7.360329,0.122609,0.215292,-0.573185,-0.781074,-3.895949,135.908295,-7.240193,-0.117554,0.972451,0.079965,0.184729,-4.824891,123.430206,27.741056,0.293407,0.853718,0.030403,-0.429132,12.691018,127.287247,35.065849,-0.107561,0.354913,0.515321,-0.772601,24.872690,114.698318,15.168812,0.054022,0.141311,0.516803,-0.842631,19.753370,135.288315,4.844488,0.071639,0.911960,0.196824,0.352784,-11.319487,84.362923,14.486839,0.078860,0.942295,0.022675,0.324573,-11.026888,51.845654,-0.111113,-0.046225,0.939060,0.010767,0.340460,-17.047581,7.486948,-4.334328,-0.097620,0.908474,-0.073543,0.399671,3.399883,84.330452,25.920761,-0.003974,0.883761,-0.163183,0.438546,7.626853,49.750500,33.465187,-0.026198,0.859706,0.000100,0.510117,1.507152,7.182413,46.590950,-0.046225,0.939060,0.010767,0.340460,-7.552728,2.179393,-15.001154,-0.026198,0.859706,0.000100,0.510117,14.041474,1.509219,40.048077
810,6.750000,0.001541,0.945481,-0.002045,0.325667,-3.951241,84.351334,20.211861,-0.034156,0.956741,0.120571,0.262571,-3.918797,91.993034,20.189976,-0.036179,0.967279,0.050450,0.246004,-6.248472,109.529900,24.042339,0.048228,0.966437,-0.128161,0.217367,-8.164019,129.577911,25.654545,0.058398,0.958796,-0.217355,0.173368,-5.252632,142.980270,20.752647,0.010253,0.929532,0.159282,0.332407,-11.379598,123.089584,24.187544,0.185516,-0.456068,0.125574,-0.861288,-26.467770,125.510368,12.278599,0.028876,0.018150,-0.562219,-0.826285,-11.822036,115.290154,-7.312623,0.127560,0.212825,-0.572138,-0.781724,-3.785658,135.649460,-7.366762,-0.117033,0.971903,0.078367,0.188592,-4.852439,123.426010,27.759373,0.295091,0.855751,0.027422,-0.424098,12.612324,127.260635,35.216839,-0.104829,0.361888,0.512577,-0.771565,24.969170,114.488518,15.545854,0.057214,0.149208,0.516920,-0.840986,19.953001,134.940918,4.905545,0.071900,0.911979,0.196097,0.353087,-11.293681,84.366074,14.472768,0.078935,0.942057,0.022836,0.325234,-11.032181,51.831100,-0.086282,-0.046495,0.939032,0.011128,0.340491,-17.051453,7.474122,-4.329531,-0.097527,0.908168,-0.073580,0.400381,3.391198,84.336594,25.950953,-0.003931,0.884095,-0.162796,0.438017,7.605225,49.755730,33.498459,-0.026234,0.859763,0.000286,0.510020,1.505236,7.176238,46.596409,-0.046495,0.939032,0.011128,0.340491,-7.552071,2.179035,-14.998520,-0.026234,0.859763,0.000286,0.510020,14.039430,1.507989,40.049007
811,6.758333,0.001508,0.944975,-0.002086,0.327131,-3.946291,84.354591,20.222933,-0.034283,0.956174,0.120747,0.264529,-3.914085,91.996292,20.200352,-0.036304,0.966716,0.050562,0.248166,-6.257118,109.527061,24.051765,0.048066,0.966389,-0.126244,0.218736,-8.182285,129.574249,25.662783,0.059123,0.958995,-0.215705,0.174080,-5.277237,142.997986,20.815865,0.010260,0.929722,0.157052,0.332936,-11.390492,123.086082,24.179050,0.188116,-0.455610,0.128878,-0.860478,-26.465031,125.481705,12.247771,0.033879,0.015957,-0.559327,-0.828101,-11.841718,115.057838,-7.252695,0.133627,0.209715,-0.570964,-0.782409,-3.661525,135.354172,-7.503678,-0.116343,0.971349,0.076568,0.192571,-4.879387,123.421967,27.780109,0.297401,0.857679,0.024129,-0.418756,12.532851,127.229454,35.373074,-0.101505,0.369426,0.509853,-0.770241,25.055843,114.241234,15.950224,0.061119,0.157678,0.516465,-0.839444,20.167311,134.546265,4.962747,0.072131,0.911959,0.195359,0.353501,-11.270923,84.368439,14.461124,0.079021,0.941891,0.023058,0.325676,-11.037127,51.815235,-0.057594,-0.046742,0.939005,0.011498,0.340519,-17.055109,7.460392,-4.324957,-0.097391,0.907785,-0.073621,0.401274,3.378341,84.340744,25.984741,-0.004158,0.883876,-0.162282,0.438646,7.575032,49.758419,33.535194,-0.026472,0.859777,0.000582,0.509983,1.504002,7.164076,46.598263,-0.046742,0.939005,0.011498,0.340519,-7.551478,2.177775,-14.996344,-0.026472,0.859777,0.000582,0.509983,14.041615,1.506482,40.048191
812,6.766667,0.001460,0.944456,-0.001959,0.328628,-3.937895,84.356468,20.231707,-0.034279,0.955565,0.121029,0.266596,-3.906978,91.998177,20.210764,-0.036679,0.966095,0.050600,0.250508,-6.260540,109.523918,24.066200,0.048677,0.966203,-0.123959,0.220717,-8.204598,129.569839,25.670227,0.059023,0.959109,-0.214314,0.175201,-5.282977,143.015823,20.895529,0.009989,0.929956,0.154849,0.333323,-11.401958,123.080086,24.170109,0.191290,-0.455324,0.132293,-0.859411,-26.466724,125.439926,12.219368,0.039362,0.013240,-0.555788,-0.830286,-11.876867,114.793991,-7.185957,0.139686,0.205881,-0.568975,-0.783817,-3.522975,135.008255,-7.662126,-0.115117,0.970795,0.074216,0.196971,-4.908654,123.419121,27.802879,0.299296,0.859809,0.020110,-0.413214,12.448168,127.182892,35.543102,-0.097187,0.377464,0.506479,-0.769126,25.155687,113.979553,16.386969,0.066564,0.166762,0.516531,-0.837231,20.387545,134.101563,5.005142,0.072497,0.911841,0.194501,0.354203,-11.244236,84.370178,14.446720,0.079109,0.941667,0.023290,0.326285,-11.045556,51.796902,-0.027418,-0.046974,0.938968,0.011937,0.340574,-17.061352,7.444283,-4.320937,-0.097255,0.907230,-0.073682,0.402549,3.368446,84.342758,26.016691,-0.004284,0.884000,-0.161787,0.438578,7.544074,49.759205,33.573170,-0.026701,0.859842,0.000977,0.509860,1.503701,7.150534,46.603672,-0.046974,0.938968,0.011937,0.340574,-7.552849,2.175848,-14.994994,-0.026701,0.859842,0.000977,0.509860,14.043850,1.505766,40.047390
813,6.775000,0.001512,0.943948,-0.002179,0.330083,-3.930570,84.360603,20.246960,-0.034696,0.954946,0.121319,0.268619,-3.897758,92.002304,20.223152,-0.036740,0.965509,0.050560,0.252757,-6.274824,109.511101,24.076378,0.048625,0.966051,-0.122266,0.222334,-8.224556,129.557007,25.673687,0.059539,0.959298,-0.212414,0.176304,-5.303659,143.021103,20.949831,0.010558,0.930281,0.152505,0.333479,-11.415479,123.067711,24.157965,0.194788,-0.455159,0.136648,-0.858030,-26.475748,125.418854,12.199846,0.045681,0.009832,-0.551315,-0.832987,-11.940044,114.501724,-7.095125,0.146306,0.201794,-0.566526,-0.785444,-3.368542,134.609695,-7.838481,-0.114606,0.970090,0.071944,0.201532,-4.939102,123.405754,27.820917,0.301910,0.861889,0.015635,-0.407128,12.351850,127.151787,35.715630,-0.091294,0.385674,0.503138,-0.767967,25.240730,113.692917,16.860880,0.074032,0.176050,0.517401,-0.834159,20.609417,133.595306,5.047438,0.072846,0.911638,0.193601,0.355145,-11.219044,84.373810,14.439480,0.079217,0.941532,0.023663,0.326621,-11.051683,51.779247,0.012919,-0.047133,0.938942,0.012379,0.340606,-17.063971,7.429731,-4.317444,-0.097148,0.906869,-0.073630,0.403398,3.357904,84.347404,26.054440,-0.004261,0.884279,-0.161383,0.438165,7.521096,49.761803,33.608429,-0.026786,0.859881,0.001246,0.509790,1.500887,7.141394,46.609829,-0.047133,0.938942,0.012379,0.340606,-7.551869,2.174767,-14.994937,-0.026786,0.859881,0.001246,0.509790,14.042246,1.504289,40.049274
814,6.783333,0.001524,0.943442,-0.002280,0.331526,-3.918050,84.365768,20.259186,-0.035133,0.954239,0.121966,0.270774,-3.884520,92.007454,20.234026,-0.036581,0.964881,0.050389,0.255201,-6.290827,109.504059,24.098297,0.048882,0.965906,-0.120253,0.223998,-8.236673,129.551132,25.685665,0.059756,0.959505,-0.210762,0.177081,-5.309825,143.035400,21.023447,0.010701,0.930493,0.150013,0.334014,-11.423779,123.063721,24.153938,0.197385,-0.454881,0.142140,-0.856690,-26.470100,125.391022,12.173617,0.051890,0.005845,-0.546430,-0.835876,-12.002179,114.174393,-7.000137,0.154072,0.196518,-0.563832,-0.787233,-3.194501,134.164337,-8.026521,-0.113772,0.969378,0.069684,0.206171,-4.965722,123.397949,27.849442,0.305070,0.863699,0.010818,-0.401047,12.259328,127.114609,35.900547,-0.084606,0.394770,0.499695,-0.766357,25.307089,113.374588,17.360483,0.082208,0.186120,0.517246,-0.831299,20.847301,133.031418,5.073067,0.073404,0.911306,0.192631,0.356408,-11.188725,84.378471,14.429435,0.079296,0.941294,0.023982,0.327265,-11.063127,51.763023,0.049761,-0.047414,0.938889,0.012732,0.340701,-17.069658,7.416004,-4.313974,-0.097057,0.906517,-0.073823,0.404175,3.352624,84.353058,26.088938,-0.004350,0.884210,-0.160766,0.438530,7.497866,49.768230,33.656319,-0.026264,0.859837,0.002185,0.509888,1.503788,7.129994,46.611248,-0.047414,0.938889,0.012732,0.340701,-7.551505,2.173511,-14.992203,-0.026264,0.859837,0.002185,0.509888,14.046553,1.507814,40.040577
815,6.791667,0.001519,0.942958,-0.002448,0.332899,-3.904845,84.370018,20.273418,-0.035458,0.953536,0.122500,0.272959,-3.870502,92.011688,20.245861,-0.036415,0.964229,0.050238,0.257705,-6.300097,109.488831,24.116390,0.049316,0.965840,-0.117016,0.225893,-8.242061,129.537018,25.694584,0.059472,0.959619,-0.209674,0.177850,-5.310581,143.053207,21.128735,0.011334,0.931035,0.147010,0.333816,-11.425119,123.051575,24.146152,0.200351,-0.454934,0.147896,-0.854998,-26.476019,125.361954,12.168308,0.059019,0.001018,-0.540256,-0.839428,-12.099178,113.825058,-6.883527,0.162190,0.190918,-0.560776,-0.789161,-2.998918,133.657593,-8.240312,-0.113071,0.968561,0.066842,0.211273,-4.986012,123.381767,27.874931,0.308712,0.865534,0.006476,-0.394343,12.162659,127.078033,36.096668,-0.076342,0.404053,0.496106,-0.764717,25.374624,113.046585,17.894234,0.092230,0.196923,0.516906,-0.827963,21.097103,132.410461,5.097008,0.073767,0.911119,0.191705,0.357310,-11.158513,84.381516,14.422521,0.079490,0.940942,0.024270,0.328209,-11.066702,51.744492,0.091608,-0.047559,0.938834,0.013171,0.340814,-17.076630,7.401499,-4.308226,-0.096930,0.906149,-0.073997,0.404997,3.348822,84.358521,26.124317,-0.004436,0.884097,-0.160194,0.438965,7.473996,49.773777,33.703053,-0.026282,0.859836,0.002557,0.509886,1.502964,7.119119,46.614502,-0.047559,0.938834,0.013171,0.340814,-7.553203,2.172349,-14.988293,-0.026282,0.859836,0.002557,0.509886,14.047893,1.506163,40.040081
816,6.800000,0.001395,0.942477,-0.002483,0.334260,-3.886465,84.371407,20.287395,-0.035778,0.952789,0.123085,0.275250,-3.853693,92.013084,20.258757,-0.036476,0.963514,0.050071,0.260390,-6.308357,109.477493,24.138523,0.048682,0.965595,-0.115786,0.227707,-8.255301,129.526169,25.704178,0.060008,0.959800,-0.207524,0.179211,-5.336978,143.057175,21.173885,0.012322,0.931722,0.143848,0.333241,-11.430915,123.041199,24.138607,0.204044,-0.454931,0.153934,-0.853058,-26.495775,125.343414,12.176747,0.067438,-0.004790,-0.532864,-0.843496,-12.215378,113.459610,-6.733879,0.171284,0.184099,-0.556901,-0.791600,-2.775071,133.086716,-8.480741,-0.111960,0.967765,0.063988,0.216338,-5.012593,123.370506,27.903137,0.314682,0.867432,0.008147,-0.385318,12.061860,127.032410,36.292995,-0.064405,0.412284,0.493329,-0.763217,25.449568,112.726364,18.435991,0.102842,0.208147,0.516543,-0.824185,21.366098,131.721756,5.104383,0.074192,0.910911,0.190803,0.358234,-11.123222,84.380432,14.415586,0.079663,0.940700,0.024564,0.328837,-11.068370,51.723320,0.130327,-0.047665,0.938795,0.013710,0.340888,-17.081135,7.384091,-4.303427,-0.096767,0.905910,-0.074223,0.405530,3.350292,84.362373,26.159203,-0.004379,0.884246,-0.159688,0.438851,7.453907,49.777756,33.750198,-0.026443,0.859860,0.002871,0.509837,1.500012,7.108465,46.621166,-0.047665,0.938795,0.013710,0.340888,-7.553489,2.170491,-14.987334,-0.026443,0.859860,0.002871,0.509837,14.047463,1.505449,40.043076
817,6.808333,0.001363,0.941994,-0.002499,0.335618,-3.867143,84.372810,20.302122,-0.036177,0.952076,0.123737,0.277366,-3.834704,92.014488,20.273142,-0.036385,0.962868,0.049841,0.262827,-6.317403,109.467224,24.164360,0.048977,0.965462,-0.113546,0.229328,-8.262368,129.517105,25.717112,0.060174,0.960048,-0.205784,0.179833,-5.339416,143.069687,21.254820,0.013503,0.932451,0.140315,0.332661,-11.433233,123.033432,24.136547,0.207680,-0.455123,0.160857,-0.850798,-26.511864,125.329926,12.190954,0.076247,-0.011420,-0.524574,-0.847867,-12.356265,113.062454,-6.567898,0.180832,0.176657,-0.551830,-0.794717,-2.543125,132.449265,-8.737576,-0.110749,0.966788,0.060562,0.222235,-5.033810,123.360184,27.933329,0.318756,0.869044,0.003140,-0.378347,11.950873,126.987389,36.518200,-0.054429,0.423665,0.489004,-0.760539,25.483978,112.363289,19.032301,0.113226,0.220295,0.516094,-0.819937,21.649822,130.971252,5.105971,0.074574,0.910762,0.189833,0.359048,-11.086946,84.381119,14.409483,0.079895,0.940387,0.024903,0.329650,-11.069807,51.701714,0.175183,-0.047939,0.938730,0.014177,0.341009,-17.088121,7.367322,-4.299255,-0.096658,0.905612,-0.074291,0.406208,3.352659,84.364510,26.194763,-0.004317,0.884299,-0.159279,0.438892,7.441653,49.779121,33.790150,-0.026467,0.859885,0.003311,0.509790,1.498435,7.098064,46.626980,-0.047939,0.938730,0.014177,0.341009,-7.553635,2.169203,-14.984599,-0.026467,0.859885,0.003311,0.509790,14.047769,1.505990,40.043179
818,6.816667,0.001160,0.941548,-0.002534,0.336868,-3.841357,84.374474,20.318607,-0.036751,0.951296,0.124498,0.279617,-3.811612,92.016159,20.288115,-0.036090,0.962167,0.049545,0.265475,-6.329813,109.454056,24.191803,0.049906,0.965264,-0.110552,0.231415,-8.264441,129.505997,25.730896,0.059630,0.960181,-0.204585,0.180668,-5.321531,143.084976,21.362989,0.014445,0.933299,0.136514,0.331825,-11.432701,123.025063,24.134014,0.210868,-0.455210,0.168339,-0.848517,-26.531843,125.302628,12.210726,0.085494,-0.018992,-0.515216,-0.852574,-12.511073,112.640106,-6.386172,0.191388,0.167843,-0.546103,-0.798105,-2.286997,131.746048,-9.016026,-0.110139,0.965717,0.057187,0.228011,-5.053802,123.346397,27.965637,0.323359,0.870603,-0.002274,-0.370788,11.835338,126.962448,36.741577,-0.042647,0.435503,0.484122,-0.757723,25.511974,111.991837,19.665375,0.124271,0.232499,0.516607,-0.814627,21.934891,130.140350,5.098489,0.075035,0.910586,0.188896,0.359891,-11.045500,84.378929,14.406829,0.080138,0.939995,0.025183,0.330685,-11.070030,51.679146,0.219436,-0.048177,0.938670,0.014687,0.341120,-17.095398,7.349512,-4.292450,-0.096424,0.905285,-0.074376,0.406977,3.362786,84.370026,26.230389,-0.004314,0.884333,-0.158871,0.438973,7.427849,49.782295,33.827976,-0.026639,0.859943,0.003553,0.509682,1.499298,7.089561,46.632725,-0.048177,0.938670,0.014687,0.341120,-7.554554,2.167619,-14.980001,-0.026639,0.859943,0.003553,0.509682,14.049965,1.505798,40.044411
819,6.825000,0.001109,0.941103,-0.002555,0.338109,-3.817577,84.376816,20.334335,-0.037495,0.950468,0.125379,0.281929,-3.788427,92.018501,20.303314,-0.035881,0.961434,0.049139,0.268222,-6.350087,109.444321,24.222383,0.049748,0.964899,-0.109725,0.233357,-8.276599,129.498474,25.742510,0.059864,0.960403,-0.202187,0.182105,-5.331113,143.086090,21.403240,0.015899,0.934041,0.132930,0.331125,-11.441173,123.019554,24.130215,0.215206,-0.455160,0.176121,-0.845871,-26.556576,125.300468,12.228189,0.096491,-0.027142,-0.504759,-0.857421,-12.675500,112.208450,-6.175104,0.203463,0.158285,-0.539713,-0.801410,-2.011126,130.972809,-9.314739,-0.108978,0.964615,0.053282,0.234098,-5.083883,123.337105,27.997902,0.328411,0.871953,-0.007579,-0.363025,11.706121,126.926971,36.972576,-0.029561,0.447749,0.479334,-0.754245,25.510220,111.598495,20.321722,0.136911,0.245531,0.517484,-0.808196,22.226688,129.238876,5.092703,0.075488,0.910400,0.187798,0.360839,-11.006112,84.380165,14.403584,0.080372,0.939658,0.025614,0.331552,-11.074519,51.655758,0.273204,-0.048317,0.938608,0.015238,0.341246,-17.102396,7.331472,-4.287615,-0.096296,0.905073,-0.074387,0.407476,3.370957,84.373474,26.265087,-0.004165,0.884440,-0.158544,0.438876,7.423332,49.784119,33.862019,-0.026707,0.859940,0.003837,0.509681,1.497275,7.081938,46.636383,-0.048317,0.938608,0.015238,0.341246,-7.555786,2.165874,-14.977908,-0.026707,0.859940,0.003837,0.509681,14.050131,1.506060,40.045567
820,6.833333,0.001026,0.940681,-0.002692,0.339279,-3.796094,84.377823,20.355883,-0.038173,0.949626,0.126213,0.284296,-3.767377,92.019501,20.322498,-0.035419,0.960681,0.048708,0.271044,-6.370439,109.436035,24.256189,0.049554,0.964673,-0.107965,0.235146,-8.278797,129.493240,25.759041,0.060126,0.960603,-0.200310,0.183036,-5.338695,143.098740,21.472511,0.017219,0.934971,0.128884,0.330033,-11.442647,123.018059,24.130322,0.219924,-0.455162,0.183896,-0.842996,-26.584349,125.290024,12.260057,0.108335,-0.036286,-0.493123,-0.862425,-12.851812,111.763428,-5.939248,0.216076,0.147595,-0.532866,-0.804724,-1.714556,130.129272,-9.631841,-0.107986,0.963573,0.050102,0.239492,-5.107539,123.328270,28.034821,0.333939,0.872875,-0.014460,-0.355478,11.591821,126.895096,37.186062,-0.016083,0.460425,0.474564,-0.750026,25.489286,111.168060,20.990786,0.151063,0.258924,0.518012,-0.801125,22.533806,128.268127,5.097556,0.075953,0.910007,0.186972,0.362159,-10.969859,84.378799,14.407277,0.080656,0.939293,0.025889,0.332495,-11.069937,51.637341,0.316642,-0.048635,0.938555,0.015585,0.341330,-17.108765,7.318434,-4.281837,-0.096136,0.904720,-0.074187,0.408334,3.377671,84.376854,26.304489,-0.004122,0.884432,-0.158295,0.438984,7.418560,49.783180,33.887882,-0.026811,0.859965,0.004075,0.509632,1.497366,7.073879,46.640671,-0.048635,0.938555,0.015585,0.341330,-7.556015,2.165557,-14.972782,-0.026811,0.859965,0.004075,0.509632,14.051744,1.505247,40.046627
821,6.841667,0.000955,0.940271,-0.002702,0.340415,-3.768686,84.377838,20.375256,-0.039278,0.948754,0.127070,0.286663,-3.740903,92.019516,20.341394,-0.034738,0.959929,0.048415,0.273833,-6.401994,109.436707,24.288425,0.050990,0.964318,-0.105754,0.237291,-8.285141,129.496979,25.782001,0.059367,0.960768,-0.199030,0.183815,-5.306769,143.118378,21.573097,0.018872,0.936068,0.123787,0.328781,-11.450521,123.027267,24.134670,0.225133,-0.454804,0.192060,-0.839989,-26.621866,125.288712,12.300297,0.121049,-0.046706,-0.480735,-0.867214,-13.034733,111.306450,-5.662229,0.229310,0.135889,-0.524977,-0.808301,-1.420800,129.214203,-9.959939,-0.106508,0.962372,0.045931,0.245737,-5.137339,123.326508,28.075377,0.339073,0.873608,-0.022546,-0.348324,11.456895,126.860771,37.428268,-0.001775,0.473940,0.469041,-0.745237,25.438133,110.739113,21.699841,0.165354,0.272792,0.519861,-0.792456,22.832857,127.222061,5.123883,0.076478,0.909748,0.186009,0.363194,-10.928060,84.377434,14.409333,0.080913,0.938781,0.026157,0.333855,-11.071941,51.616074,0.365412,-0.048753,0.938488,0.016102,0.341474,-17.117575,7.302162,-4.272076,-0.095894,0.904406,-0.074023,0.409116,3.390687,84.378242,26.341179,-0.004082,0.884457,-0.158092,0.439006,7.414507,49.779522,33.910606,-0.027032,0.860049,0.004248,0.509477,1.497866,7.064399,46.646023,-0.048753,0.938488,0.016102,0.341474,-7.558977,2.164488,-14.965116,-0.027032,0.860049,0.004248,0.509477,14.052971,1.503129,40.047138
822,6.850000,0.000902,0.939895,-0.002681,0.341451,-3.742516,84.377220,20.394024,-0.040579,0.947915,0.127827,0.288912,-3.715569,92.018898,20.360226,-0.033979,0.959219,0.048001,0.276480,-6.440370,109.439178,24.315659,0.051848,0.963942,-0.104604,0.239136,-8.293624,129.503174,25.796547,0.059130,0.961054,-0.196856,0.184735,-5.288024,143.132187,21.631828,0.020549,0.937137,0.118932,0.327424,-11.462260,123.039246,24.132854,0.229304,-0.453696,0.201502,-0.837243,-26.665548,125.294289,12.338316,0.133449,-0.058484,-0.467540,-0.871881,-13.222103,110.833717,-5.351571,0.242783,0.122595,-0.516742,-0.811791,-1.124533,128.234024,-10.285876,-0.105214,0.961180,0.042033,0.251589,-5.169994,123.327080,28.107718,0.345789,0.874356,-0.027049,-0.339412,11.322107,126.835800,37.648987,0.014341,0.487122,0.463821,-0.739849,25.384441,110.318985,22.410492,0.179899,0.287833,0.519766,-0.783985,23.147850,126.120293,5.157889,0.076836,0.909613,0.185038,0.363952,-10.888732,84.375961,14.412347,0.081220,0.938479,0.026578,0.334597,-11.070242,51.592834,0.419754,-0.048993,0.938422,0.016586,0.341598,-17.125141,7.285392,-4.267223,-0.095785,0.904202,-0.074007,0.409595,3.403700,84.378471,26.375702,-0.003825,0.884692,-0.157824,0.438632,7.417031,49.778091,33.943111,-0.027136,0.860062,0.004539,0.509446,1.495935,7.055172,46.650269,-0.048993,0.938422,0.016586,0.341598,-7.559983,2.163323,-14.961884,-0.027136,0.860062,0.004539,0.509446,14.053133,1.502450,40.048172
823,6.858333,0.000709,0.939599,-0.002518,0.342268,-3.703709,84.376846,20.414814,-0.042306,0.947140,0.128646,0.290837,-3.680357,92.018547,20.382370,-0.033422,0.958593,0.047529,0.278789,-6.483462,109.443626,24.345276,0.052555,0.963643,-0.103253,0.240769,-8.313463,129.510956,25.809761,0.059414,0.961259,-0.194915,0.185631,-5.287515,143.149979,21.692802,0.022523,0.938117,0.113878,0.326285,-11.483902,123.051178,24.133467,0.235402,-0.453157,0.210589,-0.833599,-26.712742,125.309608,12.372598,0.146639,-0.070243,-0.453352,-0.876376,-13.441905,110.346413,-5.027224,0.255347,0.108419,-0.509102,-0.814775,-0.837089,127.194443,-10.601271,-0.103588,0.959981,0.038094,0.257402,-5.210177,123.331047,28.138088,0.352324,0.874765,-0.033613,-0.330943,11.180417,126.804222,37.865456,0.030721,0.501034,0.458147,-0.733569,25.301844,109.873772,23.144339,0.194954,0.302450,0.520217,-0.774526,23.466785,124.937035,5.219253,0.077366,0.909544,0.184115,0.364480,-10.839521,84.373207,14.420732,0.081460,0.938176,0.026959,0.335357,-11.072045,51.571621,0.472231,-0.049104,0.938379,0.017123,0.341672,-17.131689,7.269526,-4.258927,-0.095501,0.904076,-0.074047,0.409931,3.432103,84.380493,26.408895,-0.003569,0.884921,-0.157602,0.438250,7.423365,49.776672,33.972244,-0.027287,0.860104,0.004783,0.509365,1.496113,7.047310,46.654819,-0.049104,0.938379,0.017123,0.341672,-7.562293,2.163046,-14.957246,-0.027287,0.860104,0.004783,0.509365,14.054841,1.502685,40.048840
824,6.866667,0.000635,0.939316,-0.002419,0.343046,-3.671000,84.371864,20.437860,-0.043609,0.946310,0.129486,0.292966,-3.649204,92.013573,20.406467,-0.032721,0.957889,0.046838,0.281395,-6.517262,109.443558,24.381041,0.053300,0.963230,-0.102259,0.242673,-8.316337,129.515396,25.821907,0.059242,0.961471,-0.192846,0.186746,-5.265189,143.160706,21.744616,0.024708,0.939256,0.108520,0.324670,-11.490202,123.060570,24.133043,0.243069,-0.452843,0.218178,-0.829608,-26.755787,125.324966,12.421045,0.161244,-0.082171,-0.438790,-0.880177,-13.642372,109.892342,-4.685655,0.268777,0.093947,-0.500686,-0.817463,-0.569625,126.106155,-10.905649,-0.101783,0.958528,0.033254,0.264118,-5.237535,123.331139,28.171104,0.358493,0.874702,-0.041754,-0.323475,11.031718,126.771072,38.111656,0.047978,0.515460,0.452093,-0.726369,25.179821,109.429428,23.903742,0.211197,0.316958,0.521780,-0.763335,23.775124,123.688423,5.303559,0.077725,0.909525,0.183176,0.364924,-10.796879,84.367516,14.431972,0.081764,0.937891,0.027454,0.336039,-11.071151,51.545315,0.532798,-0.049491,0.938315,0.017637,0.341766,-17.137728,7.250106,-4.253615,-0.095376,0.904095,-0.074089,0.409911,3.454880,84.376213,26.443750,-0.003198,0.885169,-0.157371,0.437836,7.437040,49.771130,34.006100,-0.027317,0.860111,0.005233,0.509349,1.495317,7.034975,46.659000,-0.049491,0.938315,0.017637,0.341766,-7.560869,2.161594,-14.953819,-0.027317,0.860111,0.005233,0.509349,14.056481,1.501649,40.048172
825,6.875000,0.000454,0.939072,-0.002238,0.343713,-3.634205,84.366867,20.463804,-0.044845,0.945463,0.130404,0.295099,-3.615928,92.008591,20.434067,-0.031985,0.957162,0.046161,0.284056,-6.548231,109.446609,24.424231,0.054339,0.962718,-0.101752,0.244680,-8.315136,129.522919,25.842434,0.058678,0.961699,-0.190745,0.187907,-5.227087,143.168671,21.794468,0.026703,0.940259,0.103377,0.323284,-11.492562,123.073341,24.140301,0.250920,-0.452036,0.226832,-0.825379,-26.788946,125.341141,12.469239,0.175283,-0.095269,-0.424431,-0.883209,-13.841033,109.401009,-4.294706,0.281233,0.079096,-0.491318,-0.820523,-0.331070,124.970711,-11.186506,-0.100394,0.957103,0.028533,0.270298,-5.261604,123.334061,28.212416,0.366125,0.874622,-0.046232,-0.314405,10.890547,126.758362,38.347416,0.068152,0.529129,0.446684,-0.718228,25.052149,109.009727,24.665247,0.228506,0.331389,0.522896,-0.751363,24.090899,122.363831,5.415517,0.077991,0.909543,0.182371,0.365226,-10.751547,84.360481,14.447805,0.082126,0.937877,0.028032,0.335941,-11.060179,51.520252,0.592008,-0.049625,0.938275,0.018100,0.341832,-17.140009,7.233265,-4.253341,-0.095127,0.904019,-0.074053,0.410143,3.483136,84.373260,26.479801,-0.002923,0.885397,-0.157230,0.437428,7.448575,49.764416,34.033737,-0.027437,0.860209,0.005524,0.509174,1.496355,7.024136,46.667759,-0.049625,0.938275,0.018100,0.341832,-7.559081,2.158593,-14.956471,-0.027437,0.860209,0.005524,0.509174,14.057532,1.499530,40.049675
826,6.883333,0.000055,0.938816,-0.002406,0.344411,-3.597749,84.371529,20.496962,-0.046393,0.944712,0.131110,0.296947,-3.584299,92.013245,20.462730,-0.031157,0.956558,0.045321,0.286309,-6.586067,109.447189,24.455631,0.054775,0.962470,-0.100643,0.246014,-8.314681,129.528732,25.846922,0.059202,0.961973,-0.188603,0.188498,-5.214230,143.182983,21.837320,0.028958,0.941145,0.098049,0.322170,-11.498589,123.084625,24.136097,0.258989,-0.451471,0.235361,-0.820795,-26.817993,125.364601,12.497632,0.189511,-0.108178,-0.409111,-0.886009,-14.051998,108.922768,-3.917669,0.293584,0.063429,-0.482294,-0.822908,-0.105843,123.783684,-11.451986,-0.098642,0.955542,0.023786,0.276847,-5.285985,123.335312,28.236792,0.373643,0.873967,-0.052740,-0.306253,10.740854,126.732346,38.577824,0.087922,0.542948,0.441236,-0.709076,24.875835,108.562378,25.431698,0.246967,0.346281,0.524594,-0.737495,24.382839,120.986870,5.572486,0.078482,0.909577,0.181493,0.365473,-10.706135,84.357048,14.470394,0.082363,0.937565,0.028578,0.336707,-11.066448,51.499523,0.656922,-0.049802,0.938227,0.018537,0.341915,-17.145496,7.218817,-4.246479,-0.094733,0.903962,-0.073884,0.410389,3.510637,84.386017,26.523527,-0.002765,0.885427,-0.157028,0.437440,7.453941,49.770054,34.056431,-0.027524,0.860213,0.005471,0.509162,1.496935,7.023973,46.668556,-0.049802,0.938227,0.018537,0.341915,-7.559744,2.157799,-14.951759,-0.027524,0.860213,0.005471,0.509162,14.058495,1.499369,40.051182
827,6.891667,-0.000362,0.938571,-0.002180,0.345078,-3.558879,84.373550,20.526808,-0.047929,0.944026,0.131692,0.298621,-3.552578,92.015282,20.493633,-0.030252,0.956025,0.044394,0.288322,-6.621363,109.445908,24.485470,0.055738,0.962180,-0.099100,0.247553,-8.307235,129.533035,25.847971,0.059126,0.962131,-0.186993,0.189321,-5.181823,143.197556,21.893097,0.030590,0.942116,0.092526,0.320812,-11.499588,123.094788,24.130939,0.267757,-0.450760,0.243202,-0.816073,-26.849049,125.361618,12.529579,0.204135,-0.121490,-0.393568,-0.888073,-14.247992,108.439682,-3.521211,0.305830,0.047254,-0.473219,-0.824802,0.105077,122.548210,-11.699713,-0.097018,0.953901,0.019291,0.283351,-5.303399,123.334946,28.257011,0.381706,0.872974,-0.058463,-0.297993,10.594557,126.709030,38.802464,0.108001,0.557380,0.435769,-0.698404,24.671272,108.118248,26.193153,0.264537,0.361187,0.525887,-0.723192,24.697790,119.549667,5.762783,0.079126,0.909656,0.180415,0.365672,-10.658686,84.353195,14.490157,0.082446,0.937398,0.029302,0.337090,-11.086789,51.475090,0.727683,-0.050011,0.938189,0.019102,0.341958,-17.148603,7.199380,-4.241718,-0.094437,0.903842,-0.073709,0.410754,3.540928,84.393906,26.563459,-0.002509,0.885501,-0.156887,0.437343,7.467577,49.772110,34.078228,-0.027454,0.860216,0.005588,0.509160,1.497055,7.021925,46.670048,-0.050011,0.938189,0.019102,0.341958,-7.558284,2.155755,-14.951113,-0.027454,0.860216,0.005588,0.509160,14.058521,1.499095,40.051033
828,6.900000,-0.000387,0.938412,-0.001960,0.345511,-3.526739,84.361496,20.552904,-0.048959,0.943441,0.132041,0.300147,-3.521944,92.003235,20.522739,-0.029601,0.955509,0.043614,0.290214,-6.638903,109.442673,24.513451,0.056835,0.961767,-0.098383,0.249187,-8.293255,129.534164,25.850254,0.058794,0.962302,-0.185026,0.190483,-5.133274,143.200562,21.929504,0.032418,0.943066,0.087147,0.319343,-11.490680,123.100113,24.126890,0.274767,-0.449594,0.251489,-0.811863,-26.872107,125.363052,12.567173,0.218186,-0.135521,-0.377118,-0.889837,-14.432761,107.988129,-3.121713,0.318680,0.030688,-0.463146,-0.826436,0.293832,121.265121,-11.924024,-0.095582,0.952114,0.014321,0.290065,-5.310212,123.332893,28.276903,0.389936,0.871822,-0.063580,-0.289541,10.449290,126.698112,39.030952,0.128067,0.572526,0.429456,-0.686572,24.452608,107.697868,26.961821,0.281353,0.377922,0.525720,-0.708261,25.024059,118.059937,6.003009,0.079642,0.909683,0.179608,0.365890,-10.620975,84.342094,14.509702,0.082662,0.936830,0.029680,0.338578,-11.100914,51.449100,0.784551,-0.050359,0.938091,0.019685,0.342142,-17.161308,7.178605,-4.232788,-0.094406,0.903843,-0.073564,0.410783,3.567497,84.380898,26.596106,-0.001943,0.886051,-0.156913,0.436220,7.496189,49.757160,34.100853,-0.027686,0.860286,0.005976,0.509025,1.495561,7.007483,46.680077,-0.050359,0.938091,0.019685,0.342142,-7.561749,2.154481,-14.943072,-0.027686,0.860286,0.005976,0.509025,14.059265,1.497423,40.054661
829,6.908333,-0.000680,0.938207,-0.002287,0.346066,-3.496910,84.362160,20.596096,-0.049778,0.942843,0.132302,0.301771,-3.494565,92.003876,20.559706,-0.029100,0.954941,0.042903,0.292232,-6.650106,109.443268,24.545872,0.058381,0.961349,-0.097243,0.250884,-8.279591,129.538422,25.857746,0.058337,0.962466,-0.183454,0.191314,-5.075449,143.208572,21.986183,0.033964,0.944097,0.081577,0.317603,-11.479525,123.107674,24.126785,0.283261,-0.448671,0.258359,-0.807284,-26.899921,125.354019,12.615864,0.233675,-0.149879,-0.359913,-0.890727,-14.602336,107.557472,-2.707937,0.332122,0.013773,-0.452897,-0.827278,0.468591,119.924461,-12.131812,-0.094166,0.950313,0.009828,0.296549,-5.316123,123.334846,28.302406,0.398705,0.870109,-0.068424,-0.281535,10.306417,126.689293,39.257771,0.147475,0.588151,0.422509,-0.673659,24.185434,107.274567,27.716213,0.297312,0.396258,0.523588,-0.693138,25.326771,116.518166,6.298264,0.079778,0.909763,0.179043,0.365939,-10.583986,84.335518,14.544529,0.083079,0.936780,0.030286,0.338562,-11.087319,51.429642,0.851147,-0.050260,0.938057,0.020047,0.342229,-17.164063,7.168633,-4.229705,-0.094187,0.903808,-0.073297,0.410959,3.590166,84.388802,26.647663,-0.001707,0.885976,-0.156717,0.436445,7.511441,49.759335,34.129787,-0.027743,0.860314,0.006083,0.508973,1.496488,7.004076,46.683151,-0.050260,0.938057,0.020047,0.342229,-7.562616,2.153210,-14.942375,-0.027743,0.860314,0.006083,0.508973,14.060515,1.497414,40.055527
830,6.916667,-0.001004,0.938071,-0.002392,0.346433,-3.457109,84.355507,20.632833,-0.050702,0.942268,0.132539,0.303303,-3.458846,91.997208,20.593224,-0.028808,0.954375,0.042194,0.294207,-6.656269,109.437965,24.573385,0.058867,0.961045,-0.096556,0.252198,-8.268829,129.536255,25.858093,0.058789,0.962657,-0.181551,0.192028,-5.048620,143.210419,22.014158,0.035780,0.945139,0.076440,0.315578,-11.468746,123.107269,24.120506,0.291750,-0.447629,0.265053,-0.802656,-26.933912,125.352287,12.669542,0.249631,-0.164747,-0.341579,-0.890992,-14.772582,107.148453,-2.279995,0.346290,-0.004254,-0.441731,-0.827610,0.631352,118.531967,-12.315838,-0.092835,0.948571,0.005767,0.302591,-5.322345,123.331894,28.321249,0.407418,0.868338,-0.072727,-0.273332,10.169567,126.676392,39.463558,0.167685,0.603351,0.415507,-0.659699,23.917513,106.865395,28.450647,0.312668,0.414647,0.523324,-0.675603,25.628338,114.931870,6.634972,0.080002,0.909968,0.178387,0.365699,-10.539438,84.322502,14.575742,0.083470,0.936575,0.030835,0.338983,-11.078597,51.402462,0.917810,-0.050567,0.938007,0.020579,0.342289,-17.168842,7.150325,-4.223772,-0.094099,0.903979,-0.073246,0.410612,3.625220,84.388519,26.689926,-0.000942,0.886713,-0.156602,0.434989,7.545283,49.757328,34.164734,-0.027782,0.860384,0.006302,0.508850,1.494434,6.998631,46.689121,-0.050567,0.938007,0.020579,0.342289,-7.561541,2.152505,-14.939415,-0.027782,0.860384,0.006302,0.508850,14.058081,1.497759,40.055965
831,6.925000,-0.001442,0.937945,-0.002344,0.346773,-3.411230,84.348854,20.671412,-0.051410,0.941713,0.132946,0.304729,-3.419482,91.990540,20.630173,-0.028703,0.953828,0.041416,0.296097,-6.652302,109.429169,24.612146,0.059208,0.960665,-0.096281,0.253670,-8.254073,129.530319,25.864994,0.059315,0.962712,-0.179825,0.193212,-5.018114,143.205338,22.037359,0.037560,0.946262,0.071292,0.313201,-11.452152,123.101654,24.122873,0.301872,-0.447794,0.269538,-0.797310,-26.970190,125.343964,12.743120,0.267556,-0.179550,-0.322152,-0.890165,-14.943799,106.782806,-1.872474,0.361427,-0.021370,-0.429896,-0.827105,0.756449,117.080353,-12.484603,-0.091501,0.946614,0.000934,0.309108,-5.322278,123.326790,28.347673,0.416683,0.866274,-0.075268,-0.265103,10.024701,126.671722,39.688663,0.188508,0.618941,0.408194,-0.644014,23.602734,106.475769,29.175476,0.327521,0.432831,0.521391,-0.658437,25.916454,113.280914,7.041256,0.080392,0.910216,0.177804,0.365281,-10.489152,84.308502,14.609215,0.083749,0.936324,0.031388,0.339557,-11.075577,51.378105,0.978202,-0.050823,0.937984,0.021041,0.342286,-17.168957,7.133266,-4.222117,-0.093759,0.904087,-0.073196,0.410461,3.666693,84.389214,26.733610,-0.000489,0.887025,-0.156470,0.434399,7.567825,49.752964,34.194828,-0.027851,0.860438,0.006499,0.508753,1.494376,6.990495,46.695370,-0.050823,0.937984,0.021041,0.342286,-7.557951,2.150516,-14.941460,-0.027851,0.860438,0.006499,0.508753,14.058228,1.495349,40.057858
832,6.933333,-0.001664,0.937899,-0.002121,0.346899,-3.375961,84.352234,20.703325,-0.052066,0.941085,0.133576,0.306278,-3.388566,91.993919,20.664108,-0.028405,0.953211,0.040602,0.298216,-6.656297,109.419373,24.653345,0.060191,0.960229,-0.095798,0.255263,-8.239640,129.523895,25.874916,0.059516,0.962780,-0.178468,0.194069,-4.971218,143.198807,22.074547,0.039387,0.947186,0.066352,0.311264,-11.437629,123.096931,24.126368,0.311707,-0.447089,0.274813,-0.792103,-26.997093,125.342728,12.804010,0.284963,-0.195113,-0.302567,-0.888358,-15.089490,106.412598,-1.430660,0.377004,-0.040748,-0.417140,-0.825955,0.874121,115.601036,-12.617324,-0.090298,0.944951,-0.003001,0.314492,-5.326270,123.319916,28.378019,0.425851,0.864186,-0.077489,-0.256571,9.899108,126.662674,39.882374,0.210068,0.633670,0.400640,-0.627552,23.303614,106.096626,29.876209,0.342908,0.450311,0.519472,-0.640144,26.185692,111.591812,7.496724,0.080672,0.910385,0.177049,0.365165,-10.452246,84.309433,14.639230,0.083980,0.936240,0.032064,0.339668,-11.078901,51.363163,1.048446,-0.050886,0.937996,0.021284,0.342230,-17.170185,7.125661,-4.216383,-0.093457,0.904133,-0.073114,0.410444,3.700324,84.395027,26.767418,-0.000224,0.887031,-0.156368,0.434426,7.584791,49.753891,34.214638,-0.027863,0.860447,0.006591,0.508735,1.493749,6.988549,46.696762,-0.050886,0.937996,0.021284,0.342230,-7.559212,2.150032,-14.939062,-0.027863,0.860447,0.006591,0.508735,14.057940,1.495817,40.057892
833,6.941667,-0.001655,0.937712,-0.002582,0.347400,-3.348190,84.337891,20.751862,-0.052510,0.940510,0.133935,0.307806,-3.358199,91.979553,20.706078,-0.028181,0.952638,0.039838,0.300166,-6.652736,109.406708,24.698492,0.061035,0.959816,-0.095506,0.256724,-8.220718,129.514236,25.890213,0.059778,0.962819,-0.177275,0.194887,-4.923131,143.187851,22.110445,0.040912,0.948047,0.061742,0.309389,-11.418040,123.088455,24.136089,0.321082,-0.446592,0.279770,-0.786887,-27.017843,125.331459,12.868822,0.301688,-0.211565,-0.281934,-0.885854,-15.232426,106.056770,-1.000452,0.391182,-0.059171,-0.403472,-0.825037,0.940679,114.059425,-12.728125,-0.089139,0.943203,-0.007135,0.319955,-5.323871,123.310234,28.412407,0.435450,0.861668,-0.078735,-0.248422,9.775249,126.656387,40.081005,0.232012,0.647997,0.393726,-0.609304,22.959606,105.725769,30.549589,0.359443,0.466906,0.517576,-0.620415,26.433039,109.877792,8.009540,0.081252,0.910491,0.176491,0.365041,-10.417991,84.292252,14.680231,0.084110,0.935881,0.032582,0.340575,-11.098974,51.338612,1.109946,-0.051100,0.937933,0.021877,0.342333,-17.179979,7.106081,-4.208273,-0.093398,0.904307,-0.072705,0.410146,3.721612,84.383530,26.823490,0.000262,0.887212,-0.156320,0.434072,7.616934,49.737347,34.241508,-0.028086,0.860517,0.006987,0.508599,1.493999,6.970659,46.703396,-0.051100,0.937933,0.021877,0.342333,-7.563003,2.148727,-14.934036,-0.028086,0.860517,0.006987,0.508599,14.060326,1.490728,40.057991
834,6.950000,-0.001816,0.937578,-0.002579,0.347762,-3.313558,84.329918,20.795813,-0.053004,0.939983,0.134347,0.309150,-3.325866,91.971573,20.749207,-0.027986,0.952119,0.039144,0.301918,-6.647763,109.394394,24.745396,0.061601,0.959397,-0.095555,0.258133,-8.202003,129.504578,25.909945,0.060253,0.962766,-0.176186,0.195985,-4.880799,143.175034,22.139435,0.042395,0.948842,0.056886,0.307679,-11.398647,123.079803,24.150934,0.331303,-0.447031,0.283205,-0.781151,-27.034546,125.316643,12.932579,0.318199,-0.227210,-0.260342,-0.882806,-15.372497,105.735031,-0.607115,0.403487,-0.078882,-0.390115,-0.823885,0.972901,112.500610,-12.779194,-0.088066,0.941490,-0.011228,0.325139,-5.320024,123.300682,28.449362,0.445274,0.859272,-0.077275,-0.239606,9.656884,126.654800,40.272152,0.257297,0.660215,0.387963,-0.589406,22.610607,105.387260,31.180477,0.375207,0.482199,0.520406,-0.596558,26.605501,108.105934,8.572226,0.081873,0.910536,0.175932,0.365060,-10.378654,84.281479,14.718731,0.084235,0.935650,0.033142,0.341123,-11.114546,51.321022,1.167880,-0.051292,0.937890,0.022220,0.342401,-17.185534,7.093698,-4.204758,-0.093213,0.904480,-0.072402,0.409860,3.751539,84.378365,26.872894,0.000695,0.887323,-0.156275,0.433862,7.646427,49.726582,34.264969,-0.028141,0.860535,0.007371,0.508560,1.493667,6.958654,46.707928,-0.051292,0.937890,0.022220,0.342401,-7.564206,2.147681,-14.931851,-0.028141,0.860535,0.007371,0.508560,14.061946,1.488820,40.057903
835,6.958333,-0.002126,0.937331,-0.002942,0.348420,-3.277817,84.321785,20.846970,-0.053622,0.939466,0.134644,0.310482,-3.292609,91.963387,20.793499,-0.027524,0.951651,0.038447,0.303522,-6.645106,109.384064,24.788473,0.062035,0.959079,-0.095268,0.259312,-8.175029,129.497467,25.929346,0.060961,0.962687,-0.175440,0.196823,-4.837436,143.168396,22.175085,0.043709,0.949530,0.051771,0.306272,-11.374785,123.075546,24.165569,0.341531,-0.447053,0.286800,-0.775401,-27.039776,125.298019,12.985015,0.333989,-0.243385,-0.238693,-0.878772,-15.487379,105.412170,-0.200625,0.415199,-0.097818,-0.375111,-0.823003,0.974159,110.922531,-12.793805,-0.087374,0.939852,-0.014844,0.329885,-5.310247,123.291885,28.484076,0.455452,0.856377,-0.076060,-0.231077,9.550904,126.663467,40.447132,0.280474,0.673227,0.381529,-0.567922,22.231394,105.051971,31.791824,0.391645,0.497555,0.519221,-0.573988,26.787033,106.336449,9.227757,0.082043,0.910645,0.175557,0.364931,-10.334348,84.265533,14.760013,0.084701,0.935700,0.033686,0.340817,-11.093315,51.297653,1.228498,-0.051465,0.937867,0.022635,0.342409,-17.188082,7.080668,-4.202047,-0.092987,0.904642,-0.071946,0.409634,3.778715,84.378036,26.933926,0.001117,0.887467,-0.156214,0.433587,7.674569,49.718563,34.289318,-0.028441,0.860620,0.007529,0.508397,1.494343,6.948998,46.712990,-0.051465,0.937867,0.022635,0.342409,-7.563783,2.147629,-14.932449,-0.028441,0.860620,0.007529,0.508397,14.063837,1.487365,40.058525
836,6.966667,-0.002122,0.937125,-0.003302,0.348972,-3.255326,84.311790,20.894602,-0.053948,0.938863,0.135188,0.312009,-3.268110,91.953354,20.835991,-0.027212,0.951072,0.037553,0.305470,-6.648475,109.389450,24.844963,0.063409,0.958602,-0.095086,0.260807,-8.157774,129.506287,25.952265,0.061334,0.962604,-0.175050,0.197458,-4.775813,143.172379,22.220150,0.044820,0.949994,0.047251,0.305402,-11.358365,123.085976,24.184147,0.352673,-0.448548,0.289234,-0.768616,-27.040169,125.294922,13.024497,0.351202,-0.258059,-0.216014,-0.873728,-15.633091,105.120979,0.153713,0.427576,-0.116759,-0.360640,-0.820662,0.946136,109.326721,-12.764306,-0.086124,0.938448,-0.018591,0.333994,-5.311249,123.300621,28.527102,0.465160,0.853529,-0.074402,-0.222663,9.452616,126.672874,40.609829,0.303624,0.685926,0.373973,-0.545401,21.861670,104.744339,32.368443,0.407211,0.513593,0.517153,-0.550413,26.937029,104.546692,9.939662,0.082430,0.910522,0.175015,0.365410,-10.304691,84.253242,14.799368,0.084978,0.935528,0.034249,0.341164,-11.096140,51.276363,1.291679,-0.051621,0.937826,0.023033,0.342471,-17.194601,7.067046,-4.196834,-0.093112,0.904905,-0.071548,0.409093,3.794038,84.370331,26.989836,0.001786,0.887914,-0.156192,0.432678,7.714095,49.708439,34.320934,-0.028523,0.860743,0.007844,0.508180,1.494090,6.938419,46.723183,-0.051621,0.937826,0.023033,0.342471,-7.566323,2.146392,-14.929350,-0.028523,0.860743,0.007844,0.508180,14.062646,1.485493,40.059807
837,6.975000,-0.002389,0.936958,-0.003379,0.349418,-3.220069,84.303894,20.942921,-0.054917,0.938374,0.135665,0.313102,-3.236232,91.945435,20.881777,-0.026513,0.950696,0.036571,0.306818,-6.664999,109.400642,24.897820,0.063883,0.958246,-0.095325,0.261909,-8.136881,129.521942,25.973993,0.062247,0.962402,-0.174671,0.198491,-4.734253,143.183533,22.244171,0.045977,0.950226,0.043189,0.305109,-11.345442,123.105705,24.205521,0.362659,-0.449469,0.292421,-0.762199,-27.030104,125.309082,13.048786,0.367103,-0.273152,-0.192910,-0.867991,-15.765151,104.849586,0.507790,0.439617,-0.135243,-0.344226,-0.818508,0.869702,107.728134,-12.687487,-0.084676,0.937019,-0.022318,0.338124,-5.310060,123.314034,28.565079,0.474575,0.850584,-0.072053,-0.214695,9.355829,126.680740,40.768082,0.326164,0.698313,0.365782,-0.521708,21.480583,104.458427,32.898827,0.422169,0.529972,0.514051,-0.525980,27.050844,102.764404,10.715426,0.082874,0.910482,0.174556,0.365630,-10.263607,84.240166,14.841003,0.085258,0.935423,0.034773,0.341329,-11.092869,51.257088,1.350729,-0.051842,0.937814,0.023350,0.342451,-17.197515,7.055312,-4.191466,-0.092919,0.905061,-0.071206,0.408853,3.823469,84.367615,27.044836,0.002294,0.888216,-0.156102,0.432086,7.743312,49.699696,34.347500,-0.028642,0.860773,0.008137,0.508118,1.494429,6.927335,46.727135,-0.051842,0.937814,0.023350,0.342451,-7.566671,2.145497,-14.926651,-0.028642,0.860773,0.008137,0.508118,14.064720,1.483252,40.059803
838,6.983333,-0.003143,0.936818,-0.003040,0.349789,-3.166908,84.307243,20.986885,-0.055974,0.937860,0.136282,0.314187,-3.195663,91.948753,20.926559,-0.025958,0.950294,0.035448,0.308238,-6.675436,109.410797,24.950859,0.064621,0.957938,-0.095145,0.262917,-8.113692,129.536545,25.988733,0.063317,0.962246,-0.174511,0.199046,-4.686705,143.196167,22.274054,0.047155,0.950567,0.038925,0.304439,-11.328729,123.123192,24.221575,0.372658,-0.450686,0.294737,-0.755737,-27.024958,125.319168,13.079662,0.382825,-0.288197,-0.168693,-0.861354,-15.890233,104.604698,0.844707,0.451495,-0.154098,-0.325796,-0.816249,0.767615,106.104431,-12.568635,-0.083252,0.935678,-0.025901,0.341913,-5.305921,123.327873,28.598654,0.483748,0.847462,-0.069719,-0.207209,9.269407,126.689323,40.911110,0.347280,0.711083,0.355762,-0.497184,21.095541,104.187645,33.388943,0.436453,0.546079,0.507592,-0.503643,27.145115,100.981560,11.557798,0.083345,0.910611,0.173933,0.365498,-10.205526,84.232536,14.879420,0.085602,0.935344,0.035391,0.341398,-11.084032,51.239563,1.416494,-0.051891,0.937814,0.023588,0.342427,-17.197783,7.046971,-4.188471,-0.092381,0.905297,-0.071070,0.408476,3.871710,84.381943,27.094349,0.002683,0.888368,-0.155976,0.431818,7.764248,49.705524,34.371208,-0.028581,0.860774,0.008031,0.508121,1.492935,6.929794,46.727844,-0.051891,0.937814,0.023588,0.342427,-7.566407,2.144054,-14.926330,-0.028581,0.860774,0.008031,0.508121,14.062116,1.482236,40.061264
839,6.991667,-0.003414,0.936713,-0.003242,0.350068,-3.125864,84.302841,21.033691,-0.056937,0.937363,0.137006,0.315179,-3.157396,91.944305,20.969015,-0.025133,0.949939,0.034232,0.309535,-6.687648,109.421158,25.008530,0.065890,0.957512,-0.095094,0.264171,-8.080531,129.552032,26.008181,0.063816,0.961989,-0.174706,0.199956,-4.612554,143.205917,22.310526,0.047691,0.950642,0.035387,0.304553,-11.306143,123.143349,24.243322,0.381579,-0.451661,0.297522,-0.749587,-26.997709,125.317619,13.090584,0.397759,-0.303067,-0.144355,-0.853873,-15.997058,104.355690,1.159564,0.464022,-0.172854,-0.306117,-0.813079,0.626859,104.472198,-12.412083,-0.081718,0.934259,-0.029768,0.345826,-5.294645,123.341156,28.636242,0.492545,0.844452,-0.065794,-0.199932,9.186194,126.698242,41.060871,0.369289,0.722287,0.346225,-0.471228,20.714079,103.948425,33.827644,0.450246,0.563119,0.502953,-0.476670,27.179802,99.217743,12.443299,0.083743,0.910556,0.173338,0.365826,-10.160814,84.222084,14.922078,0.085961,0.935258,0.036049,0.341472,-11.076248,51.219116,1.486115,-0.051982,0.937779,0.023930,0.342486,-17.199095,7.036290,-4.185495,-0.092070,0.905385,-0.070866,0.408387,3.909086,84.383598,27.145308,0.003117,0.888659,-0.155870,0.431255,7.788545,49.701038,34.399864,-0.028714,0.860866,0.008204,0.507955,1.494473,6.922570,46.735462,-0.051982,0.937779,0.023930,0.342486,-7.564632,2.143563,-14.925231,-0.028714,0.860866,0.008204,0.507955,14.063269,1.481074,40.063202
840,7.000000,-0.003322,0.936565,-0.003755,0.350458,-3.098885,84.286560,21.097363,-0.057596,0.936990,0.137069,0.316139,-3.126330,91.927979,21.025816,-0.024628,0.949606,0.033044,0.310724,-6.689914,109.430908,25.062811,0.065958,0.957285,-0.095065,0.264985,-8.049815,129.566025,26.021507,0.065246,0.961762,-0.174630,0.200654,-4.575721,143.219727,22.328928,0.048045,0.950529,0.032936,0.305124,-11.282311,123.159744,24.260557,0.389646,-0.451993,0.300877,-0.743876,-26.959074,125.318649,13.084048,0.412305,-0.318277,-0.119578,-0.845225,-16.080767,104.114441,1.473276,0.477244,-0.191783,-0.286238,-0.808409,0.445530,102.818001,-12.211933,-0.080435,0.932940,-0.033264,0.349352,-5.281421,123.355186,28.668058,0.501204,0.841455,-0.060956,-0.192438,9.112508,126.713112,41.193050,0.391174,0.732412,0.336701,-0.444058,20.340031,103.730705,34.227543,0.466622,0.578599,0.496188,-0.448647,27.160353,97.493652,13.422487,0.084065,0.910419,0.173115,0.366198,-10.128749,84.204033,14.979924,0.086334,0.935011,0.036562,0.342000,-11.065472,51.199394,1.549543,-0.051959,0.937769,0.024272,0.342491,-17.200300,7.025698,-4.179984,-0.091999,0.905508,-0.070372,0.408214,3.930979,84.369080,27.214798,0.003612,0.888824,-0.155775,0.430944,7.821874,49.680607,34.434868,-0.028921,0.860976,0.008764,0.507747,1.496282,6.899768,46.746071,-0.051959,0.937769,0.024272,0.342491,-7.565114,2.141906,-14.923133,-0.028921,0.860976,0.008764,0.507747,14.066755,1.474812,40.063519
841,7.008333,-0.003749,0.936514,-0.003750,0.350592,-3.062347,84.284706,21.139507,-0.058057,0.936624,0.137619,0.316901,-3.095910,91.926079,21.065744,-0.024162,0.949307,0.031930,0.311791,-6.688300,109.438965,25.116840,0.066528,0.956948,-0.095417,0.265933,-8.017409,129.577942,26.037249,0.066344,0.961481,-0.174740,0.201541,-4.520134,143.225601,22.344181,0.048625,0.950594,0.030211,0.305114,-11.256433,123.173859,24.280275,0.396865,-0.452786,0.303390,-0.738537,-26.931280,125.322006,13.098994,0.426606,-0.333005,-0.093183,-0.835722,-16.171547,103.914894,1.753087,0.490372,-0.211061,-0.264998,-0.802973,0.233631,101.146988,-11.962402,-0.078855,0.931673,-0.036899,0.352712,-5.265104,123.367226,28.700861,0.508630,0.838522,-0.058078,-0.186559,9.047191,126.718155,41.320919,0.411354,0.742637,0.324565,-0.417056,19.995260,103.531052,34.593090,0.484875,0.592399,0.485228,-0.422508,27.123785,95.799324,14.449136,0.084327,0.910234,0.172807,0.366743,-10.090414,84.194771,15.020105,0.086782,0.934753,0.036912,0.342553,-11.044373,51.185703,1.601824,-0.051880,0.937766,0.024490,0.342497,-17.202301,7.021302,-4.174380,-0.091711,0.905505,-0.070320,0.408296,3.965720,84.374641,27.258909,0.003907,0.888776,-0.155558,0.431119,7.839143,49.681873,34.467743,-0.028968,0.861014,0.008876,0.507677,1.495947,6.895152,46.749409,-0.051880,0.937766,0.024490,0.342497,-7.567243,2.142515,-14.919922,-0.028968,0.861014,0.008876,0.507677,14.066376,1.473575,40.064014
842,7.016667,-0.003816,0.936377,-0.004033,0.350952,-3.039633,84.277115,21.195538,-0.058494,0.936340,0.137749,0.317602,-3.072605,91.918449,21.117350,-0.023604,0.949076,0.030973,0.312631,-6.688756,109.448921,25.169697,0.067505,0.956655,-0.095640,0.266658,-7.985219,129.591400,26.059320,0.067405,0.961236,-0.175116,0.202031,-4.455911,143.232208,22.371420,0.049440,0.950761,0.027300,0.304737,-11.232055,123.190346,24.305738,0.404006,-0.454138,0.304776,-0.733246,-26.912689,125.334038,13.131722,0.441243,-0.347707,-0.065785,-0.824668,-16.262665,103.757736,2.004866,0.503742,-0.230288,-0.243530,-0.796181,-0.035231,99.463684,-11.667805,-0.077542,0.930542,-0.040044,0.355635,-5.248136,123.379807,28.736513,0.516068,0.835471,-0.054190,-0.180902,8.991890,126.727425,41.438931,0.430970,0.751796,0.312574,-0.389057,19.646072,103.347816,34.908386,0.501376,0.605383,0.475323,-0.395224,27.040476,94.160820,15.516688,0.084772,0.909956,0.172449,0.367498,-10.062975,84.184143,15.070764,0.087056,0.934560,0.037423,0.342955,-11.044198,51.171612,1.662962,-0.051971,0.937733,0.024731,0.342556,-17.206482,7.014904,-4.167137,-0.091644,0.905479,-0.069925,0.408436,3.983708,84.370094,27.320313,0.004331,0.888944,-0.155398,0.430826,7.863449,49.672512,34.502506,-0.029119,0.861055,0.009257,0.507593,1.496520,6.881657,46.757435,-0.051971,0.937733,0.024731,0.342556,-7.568590,2.143620,-14.913541,-0.029119,0.861055,0.009257,0.507593,14.069065,1.471514,40.066772
843,7.025000,-0.004175,0.936491,-0.004391,0.350640,-3.020776,84.277550,21.234802,-0.058472,0.936149,0.138222,0.317962,-3.057007,91.918793,21.149584,-0.023169,0.948896,0.030204,0.313284,-6.681155,109.453453,25.218773,0.067633,0.956380,-0.096507,0.267300,-7.951857,129.598648,26.083555,0.068894,0.960885,-0.175271,0.203063,-4.409324,143.230850,22.376598,0.049352,0.950474,0.025960,0.305762,-11.204869,123.199936,24.332882,0.410636,-0.454978,0.306221,-0.728424,-26.861610,125.325035,13.121873,0.454231,-0.362424,-0.037796,-0.812954,-16.298872,103.592941,2.217262,0.515581,-0.249111,-0.220478,-0.789626,-0.354932,97.779427,-11.320522,-0.076384,0.929594,-0.042464,0.358075,-5.226742,123.386475,28.771591,0.523061,0.832727,-0.048801,-0.174904,8.952700,126.726929,41.543480,0.449997,0.760129,0.299420,-0.360630,19.334742,103.180840,35.174706,0.514368,0.617734,0.465334,-0.370533,26.927322,92.567276,16.635714,0.084811,0.909705,0.172211,0.368222,-10.048152,84.175980,15.114790,0.087425,0.934533,0.037941,0.342879,-11.027726,51.158089,1.720093,-0.052019,0.937751,0.024862,0.342489,-17.205095,7.010680,-4.164190,-0.091547,0.905293,-0.069727,0.408903,4.006599,84.379128,27.354816,0.004606,0.888954,-0.155285,0.430843,7.882319,49.678303,34.523533,-0.028928,0.861058,0.009266,0.507599,1.497583,6.884485,46.758862,-0.052019,0.937751,0.024862,0.342489,-7.567905,2.143353,-14.913015,-0.028928,0.861058,0.009266,0.507599,14.068419,1.471728,40.067101
844,7.033333,-0.004958,0.936607,-0.004332,0.350320,-2.990117,84.283264,21.276669,-0.058610,0.935990,0.138611,0.318237,-3.037900,91.924408,21.188107,-0.022720,0.948751,0.029519,0.313823,-6.673077,109.457718,25.268415,0.068117,0.956212,-0.096689,0.267712,-7.918398,129.605408,26.111961,0.070415,0.960554,-0.176058,0.203423,-4.359168,143.233521,22.405939,0.049744,0.950566,0.024108,0.305563,-11.177818,123.209229,24.363943,0.418229,-0.457067,0.304121,-0.723661,-26.837767,125.326797,13.155991,0.467802,-0.377015,-0.007877,-0.799349,-16.308052,103.523125,2.362879,0.526162,-0.268451,-0.196453,-0.782620,-0.737825,96.122169,-10.911989,-0.075141,0.928578,-0.045203,0.360629,-5.204411,123.392334,28.809149,0.529542,0.829716,-0.044903,-0.170706,8.911222,126.727547,41.652882,0.466859,0.768905,0.283404,-0.332431,19.008516,103.026009,35.404049,0.528154,0.629480,0.451316,-0.348026,26.783169,91.026039,17.821844,0.084941,0.909577,0.171935,0.368638,-10.021530,84.168419,15.161530,0.087680,0.934729,0.038549,0.342211,-11.010953,51.145317,1.780394,-0.051831,0.937845,0.025094,0.342244,-17.194929,7.006106,-4.158290,-0.091285,0.905211,-0.069691,0.409149,4.041296,84.398109,27.391806,0.005074,0.889499,-0.155107,0.429775,7.899400,49.693508,34.551735,-0.028826,0.861118,0.008998,0.507508,1.498788,6.895134,46.762806,-0.051831,0.937845,0.025094,0.342244,-7.564662,2.142663,-14.915079,-0.028826,0.861118,0.008998,0.507508,14.065829,1.474292,40.070457
845,7.041667,-0.004537,0.936204,-0.005132,0.351391,-2.967195,84.270592,21.356791,-0.059536,0.935740,0.138241,0.318959,-3.004543,91.911674,21.258987,-0.022118,0.948604,0.028923,0.314364,-6.672331,109.454178,25.315084,0.068860,0.955906,-0.097447,0.268339,-7.887517,129.604370,26.142773,0.071694,0.960141,-0.176871,0.204222,-4.299289,143.221802,22.425474,0.049671,0.950167,0.023531,0.306858,-11.154854,123.211960,24.395733,0.423345,-0.458249,0.305132,-0.719501,-26.784330,125.320457,13.143632,0.478165,-0.390402,0.021795,-0.786428,-16.344687,103.394768,2.511408,0.535127,-0.287261,-0.170904,-0.775830,-1.180486,94.490723,-10.446156,-0.074181,0.927944,-0.046459,0.362297,-5.186112,123.389053,28.847439,0.535132,0.827028,-0.042041,-0.167004,8.888334,126.708450,41.740372,0.483460,0.776093,0.266215,-0.305082,18.736334,102.871391,35.610302,0.540031,0.641986,0.437230,-0.324113,26.588419,89.542519,19.040426,0.085237,0.909523,0.171921,0.368708,-9.984682,84.157814,15.225643,0.088047,0.934850,0.039041,0.341728,-10.992461,51.137966,1.837857,-0.051885,0.937863,0.025037,0.342190,-17.194773,7.007989,-4.150064,-0.091392,0.905380,-0.068952,0.408877,4.050292,84.383369,27.487936,0.005824,0.889965,-0.154901,0.428876,7.939255,49.672855,34.602348,-0.029137,0.861228,0.009671,0.507290,1.498865,6.869483,46.774933,-0.051885,0.937863,0.025037,0.342190,-7.565331,2.143542,-14.907127,-0.029137,0.861228,0.009671,0.507290,14.068994,1.469476,40.071560
846,7.050000,-0.004711,0.936020,-0.005524,0.351872,-2.940586,84.265450,21.414454,-0.059751,0.935507,0.138164,0.319637,-2.978269,91.906448,21.310095,-0.021940,0.948366,0.028514,0.315132,-6.655871,109.450706,25.358778,0.069054,0.955690,-0.097928,0.268883,-7.859738,129.602142,26.172083,0.073515,0.959697,-0.177922,0.204748,-4.259767,143.214111,22.446133,0.049396,0.949674,0.023560,0.308421,-11.128262,123.210732,24.423704,0.430611,-0.461105,0.303244,-0.714143,-26.721546,125.309921,13.119772,0.489098,-0.402837,0.051990,-0.771882,-16.360203,103.300682,2.584021,0.542588,-0.304935,-0.144066,-0.769323,-1.682003,92.910149,-9.925199,-0.073088,0.927518,-0.047768,0.363437,-5.166609,123.386826,28.884939,0.540451,0.824675,-0.037026,-0.162647,8.882028,126.686188,41.811111,0.500271,0.781721,0.248671,-0.277135,18.502897,102.736328,35.760551,0.551260,0.654982,0.421577,-0.298973,26.344269,88.128105,20.295723,0.085425,0.909415,0.171839,0.368970,-9.951739,84.147041,15.276168,0.088400,0.935049,0.039560,0.341033,-10.969992,51.127457,1.888531,-0.052010,0.937890,0.025043,0.342097,-17.190048,7.006746,-4.149086,-0.091064,0.905247,-0.068396,0.409338,4.070567,84.383865,27.552736,0.005988,0.889835,-0.154772,0.429189,7.951429,49.663639,34.624054,-0.029324,0.861245,0.009932,0.507246,1.498613,6.856841,46.777981,-0.052010,0.937890,0.025043,0.342097,-7.561452,2.143690,-14.907537,-0.029324,0.861245,0.009932,0.507246,14.071215,1.465926,40.071926
847,7.058333,-0.005283,0.936082,-0.005956,0.351693,-2.920357,84.258400,21.472685,-0.059867,0.935347,0.137909,0.320191,-2.963928,91.899231,21.359072,-0.021512,0.948122,0.028152,0.315928,-6.645188,109.446648,25.395859,0.069244,0.955526,-0.097921,0.269421,-7.828731,129.599670,26.199766,0.075263,0.959198,-0.179444,0.205121,-4.220702,143.210678,22.478092,0.048855,0.948858,0.024088,0.310969,-11.101229,123.211113,24.448334,0.434627,-0.462596,0.304225,-0.710318,-26.635420,125.297531,13.060977,0.496806,-0.414258,0.082326,-0.758154,-16.378683,103.180290,2.649775,0.549739,-0.321462,-0.114229,-0.762497,-2.244109,91.392311,-9.355815,-0.072279,0.927395,-0.048111,0.363869,-5.146775,123.382446,28.919357,0.544975,0.822504,-0.033791,-0.159208,8.894250,126.658035,41.859848,0.515939,0.786586,0.229020,-0.250279,18.313425,102.607132,35.893337,0.562056,0.666981,0.403939,-0.275793,26.079485,86.794899,21.600233,0.085603,0.909219,0.171923,0.369371,-9.933745,84.127174,15.337214,0.088694,0.935162,0.040102,0.340584,-10.955240,51.111839,1.939332,-0.051644,0.937947,0.025422,0.341967,-17.185917,6.999695,-4.149681,-0.090924,0.905238,-0.068149,0.409431,4.093031,84.389626,27.608156,0.006358,0.889951,-0.154546,0.429025,7.971569,49.665180,34.660004,-0.029199,0.861286,0.010092,0.507180,1.500076,6.852508,46.783276,-0.051644,0.937947,0.025422,0.341967,-7.563076,2.142692,-14.916017,-0.029199,0.861286,0.010092,0.507180,14.071253,1.463575,40.072952
848,7.066667,-0.004988,0.935598,-0.006350,0.352974,-2.907747,84.262299,21.520428,-0.059941,0.934983,0.137806,0.321283,-2.944816,91.903099,21.402718,-0.021175,0.947802,0.027851,0.316935,-6.630154,109.441757,25.428667,0.069750,0.955255,-0.097750,0.270311,-7.797815,129.596039,26.224133,0.076705,0.958614,-0.181243,0.205734,-4.172435,143.205948,22.515348,0.048406,0.948050,0.024419,0.313468,-11.072188,123.209824,24.467697,0.437575,-0.464018,0.305248,-0.707135,-26.547628,125.284561,12.998497,0.503002,-0.424601,0.113374,-0.744211,-16.393795,103.075043,2.683336,0.555951,-0.336295,-0.082420,-0.755666,-2.859336,89.933723,-8.738624,-0.071411,0.927313,-0.048459,0.364203,-5.127013,123.377296,28.951200,0.549008,0.820362,-0.032032,-0.156750,8.909421,126.626991,41.903202,0.531167,0.790159,0.207917,-0.224233,18.135838,102.481583,36.017757,0.571981,0.678989,0.385040,-0.252103,25.755676,85.517746,22.939882,0.085839,0.908809,0.171354,0.370589,-9.904364,84.133545,15.365783,0.088962,0.935443,0.040772,0.339663,-10.938768,51.107155,1.996157,-0.051662,0.938007,0.025264,0.341813,-17.177088,7.004160,-4.151043,-0.091109,0.905360,-0.067598,0.409211,4.088870,84.391060,27.675072,0.006809,0.890184,-0.154376,0.428596,7.997342,49.663689,34.695919,-0.029411,0.861401,0.010120,0.506973,1.502195,6.846830,46.791733,-0.051662,0.938007,0.025264,0.341813,-7.557961,2.142933,-14.918796,-0.029411,0.861401,0.010120,0.506973,14.072331,1.461603,40.076477
849,7.075000,-0.005547,0.935419,-0.006463,0.353437,-2.869407,84.253540,21.570345,-0.060574,0.934604,0.137624,0.322343,-2.913797,91.894241,21.447983,-0.020562,0.947411,0.027445,0.318178,-6.625095,109.440628,25.457890,0.070470,0.954934,-0.097525,0.271338,-7.765123,129.596848,26.244179,0.077986,0.958023,-0.183185,0.206285,-4.116257,143.205048,22.552120,0.047880,0.947158,0.025002,0.316187,-11.044343,123.214912,24.481224,0.438430,-0.464286,0.307923,-0.705267,-26.455385,125.278389,12.923628,0.505983,-0.434146,0.144726,-0.731131,-16.401724,102.971779,2.720431,0.560607,-0.349332,-0.047696,-0.749274,-3.538735,88.563416,-8.089258,-0.070403,0.927367,-0.048761,0.364220,-5.110551,123.375031,28.980047,0.552427,0.818519,-0.030027,-0.154755,8.930923,126.592934,41.934509,0.545339,0.793094,0.185458,-0.198020,17.990673,102.372635,36.098034,0.585721,0.687315,0.362852,-0.229930,25.430477,84.351723,24.342073,0.086351,0.908544,0.171167,0.371206,-9.859816,84.114258,15.408884,0.089253,0.935481,0.041164,0.339432,-10.923107,51.089584,2.037309,-0.051232,0.938045,0.025520,0.341755,-17.175114,6.994143,-4.150041,-0.090798,0.905602,-0.067435,0.408769,4.121001,84.392830,27.731810,0.007170,0.890288,-0.154169,0.428448,8.017805,49.659855,34.731388,-0.029460,0.861473,0.010401,0.506842,1.503714,6.837705,46.798248,-0.051232,0.938045,0.025520,0.341755,-7.561034,2.135085,-14.923270,-0.029460,0.861473,0.010401,0.506842,14.073721,1.459963,40.076767
850,7.083333,-0.005806,0.935206,-0.006910,0.353989,-2.854481,84.250244,21.622585,-0.060746,0.934266,0.137187,0.323477,-2.900081,91.890808,21.492416,-0.020106,0.946994,0.027021,0.319482,-6.616671,109.438919,25.480614,0.070283,0.954752,-0.097480,0.272041,-7.734874,129.596832,26.255009,0.080094,0.957463,-0.184798,0.206639,-4.087503,143.206268,22.566090,0.047702,0.946215,0.025281,0.319003,-11.016858,123.218010,24.485895,0.439597,-0.464537,0.310094,-0.703421,-26.359268,125.279388,12.836975,0.507095,-0.442968,0.176096,-0.718070,-16.389143,102.887360,2.739480,0.563721,-0.359785,-0.009826,-0.743422,-4.275681,87.296509,-7.420598,-0.069473,0.927553,-0.048480,0.363962,-5.095172,123.373055,29.000818,0.555326,0.816695,-0.029619,-0.154093,8.958644,126.553596,41.951134,0.558729,0.794728,0.162830,-0.172385,17.858938,102.265572,36.150883,0.597524,0.696071,0.341284,-0.204880,25.071526,83.289871,25.750912,0.086595,0.908174,0.171116,0.372076,-9.837568,84.103462,15.453002,0.089515,0.935631,0.041604,0.338897,-10.905172,51.080547,2.077396,-0.051662,0.938086,0.025506,0.341578,-17.169020,6.992605,-4.151282,-0.090833,0.905760,-0.066937,0.408494,4.128607,84.397034,27.792171,0.007630,0.890487,-0.154060,0.428065,8.044511,49.659737,34.759556,-0.029431,0.861513,0.010528,0.506773,1.502950,6.835193,46.803017,-0.051662,0.938086,0.025506,0.341578,-7.554657,2.137588,-14.926085,-0.029431,0.861513,0.010528,0.506773,14.072233,1.460049,40.078102
851,7.091667,-0.006295,0.935104,-0.007443,0.354240,-2.829305,84.248260,21.670547,-0.060970,0.933954,0.136603,0.324580,-2.878971,91.888603,21.530094,-0.019545,0.946560,0.026682,0.320828,-6.600304,109.437691,25.490660,0.070366,0.954528,-0.096952,0.272993,-7.693765,129.597229,26.257801,0.081662,0.956860,-0.186643,0.207158,-4.042788,143.210938,22.588207,0.047289,0.945093,0.026081,0.322308,-10.979277,123.222443,24.480768,0.439123,-0.464389,0.314306,-0.701944,-26.241070,125.279892,12.725735,0.505716,-0.450049,0.207042,-0.706287,-16.403061,102.770523,2.760388,0.564577,-0.367907,0.028079,-0.738315,-5.069186,86.128494,-6.729010,-0.068386,0.927778,-0.048317,0.363617,-5.070105,123.370514,29.012293,0.558008,0.814976,-0.029748,-0.153479,8.999249,126.509644,41.955837,0.571285,0.795151,0.140061,-0.147484,17.751232,102.156242,36.204193,0.612402,0.701309,0.317693,-0.179445,24.690500,82.345894,27.190472,0.087037,0.907704,0.171188,0.373086,-9.808962,84.089401,15.497377,0.089675,0.935787,0.041837,0.338396,-10.888016,51.073730,2.104852,-0.051568,0.938157,0.025612,0.341389,-17.161327,6.990111,-4.144858,-0.090641,0.905950,-0.066613,0.408169,4.150352,84.407112,27.843718,0.007967,0.890602,-0.153937,0.427865,8.066072,49.664246,34.783386,-0.029447,0.861549,0.010426,0.506713,1.504951,6.836757,46.805733,-0.051568,0.938157,0.025612,0.341389,-7.551988,2.136708,-14.924870,-0.029447,0.861549,0.010426,0.506713,14.072946,1.459346,40.080215
852,7.100000,-0.006125,0.934722,-0.007335,0.355252,-2.816603,84.235367,21.708393,-0.061381,0.933609,0.135837,0.325815,-2.864286,91.875771,21.570353,-0.018711,0.946187,0.026123,0.322021,-6.598478,109.442398,25.497860,0.070734,0.954353,-0.096065,0.273823,-7.653771,129.604431,26.253143,0.083269,0.956265,-0.188671,0.207429,-3.994823,143.224197,22.614140,0.047441,0.944100,0.025943,0.325194,-10.947539,123.235359,24.470879,0.439194,-0.464440,0.317902,-0.700244,-26.136375,125.297699,12.622584,0.503071,-0.456210,0.237297,-0.694609,-16.421436,102.680191,2.782126,0.562666,-0.374730,0.065210,-0.733984,-5.907048,85.079140,-6.033722,-0.067276,0.928220,-0.047757,0.362769,-5.049311,123.373772,29.016941,0.559699,0.813648,-0.031723,-0.153972,9.049717,126.464699,41.939777,0.582698,0.794821,0.115283,-0.124227,17.693455,102.060760,36.238922,0.628897,0.703349,0.291980,-0.156644,24.325705,81.536568,28.651720,0.087327,0.907178,0.171048,0.374359,-9.782925,84.080086,15.520090,0.089988,0.935834,0.042059,0.338154,-10.865679,51.064587,2.127412,-0.051446,0.938120,0.025778,0.341497,-17.159866,6.987685,-4.148664,-0.090862,0.906050,-0.066102,0.407981,4.149718,84.390648,27.896696,0.008470,0.890946,-0.153907,0.427149,8.096073,49.645809,34.809093,-0.029608,0.861632,0.010922,0.506552,1.505465,6.818229,46.814964,-0.051446,0.938120,0.025778,0.341497,-7.548885,2.137544,-14.928682,-0.029608,0.861632,0.010922,0.506552,14.075023,1.455171,40.080921
853,7.108333,-0.006344,0.934653,-0.007731,0.355420,-2.811775,84.220177,21.757238,-0.061606,0.933430,0.134680,0.326765,-2.860407,91.860451,21.612341,-0.017801,0.945852,0.025611,0.323098,-6.594715,109.446800,25.496418,0.072404,0.954035,-0.094895,0.274900,-7.609422,129.611237,26.242876,0.083810,0.955773,-0.190727,0.207600,-3.908158,143.232819,22.653828,0.047578,0.942914,0.025777,0.328612,-10.912559,123.248505,24.455330,0.438628,-0.464109,0.322667,-0.698637,-26.014297,125.315010,12.496943,0.498747,-0.461382,0.266138,-0.683776,-16.444897,102.569748,2.809561,0.558741,-0.380555,0.101039,-0.729916,-6.779597,84.155548,-5.356421,-0.066336,0.928856,-0.046864,0.361427,-5.024183,123.376045,29.014465,0.561799,0.811858,-0.035472,-0.154954,9.117387,126.419815,41.901958,0.592157,0.794130,0.089930,-0.103050,17.620192,101.946167,36.288673,0.643178,0.705543,0.265180,-0.134946,23.967176,80.856171,30.108330,0.087572,0.906412,0.171414,0.375985,-9.775816,84.058441,15.566535,0.090197,0.936056,0.042227,0.337462,-10.840014,51.054935,2.142856,-0.051227,0.938182,0.026006,0.341342,-17.151148,6.982711,-4.149003,-0.090962,0.906102,-0.065601,0.407923,4.152265,84.381912,27.947945,0.008855,0.891121,-0.153864,0.426792,8.120288,49.633675,34.830769,-0.029796,0.861686,0.011160,0.506443,1.505251,6.805512,46.821125,-0.051227,0.938182,0.026006,0.341342,-7.545362,2.136157,-14.935258,-0.029796,0.861686,0.011160,0.506443,14.076129,1.450991,40.082752
854,7.116667,-0.006736,0.934445,-0.007931,0.355956,-2.794001,84.211258,21.796432,-0.062222,0.933111,0.133700,0.327958,-2.847058,91.851410,21.646509,-0.016887,0.945436,0.024920,0.324414,-6.600027,109.464134,25.489485,0.072928,0.953872,-0.093595,0.275770,-7.571822,129.631271,26.220116,0.085368,0.955228,-0.192676,0.207671,-3.861348,143.261642,22.674196,0.047898,0.941683,0.025351,0.332110,-10.884232,123.274734,24.427654,0.437342,-0.462974,0.328944,-0.697268,-25.895226,125.348640,12.356814,0.492639,-0.465648,0.293340,-0.674115,-16.486851,102.452698,2.868683,0.552916,-0.384136,0.133619,-0.727234,-7.676120,83.361153,-4.702391,-0.064828,0.929538,-0.046311,0.360015,-5.008080,123.392143,29.002806,0.563376,0.810140,-0.041511,-0.156710,9.180612,126.373055,41.853153,0.600072,0.792856,0.064022,-0.084819,17.560314,101.829361,36.361862,0.654548,0.707857,0.238602,-0.116510,23.632256,80.311325,31.527542,0.087931,0.905800,0.171532,0.377323,-9.750843,84.041313,15.597857,0.090456,0.936216,0.042397,0.336927,-10.814853,51.045193,2.156055,-0.051182,0.938084,0.026154,0.341606,-17.145954,6.978464,-4.154220,-0.090957,0.905870,-0.065048,0.408527,4.162840,84.381203,27.995008,0.009122,0.891107,-0.153857,0.426818,8.142305,49.627743,34.844765,-0.029842,0.861716,0.011324,0.506385,1.505837,6.799814,46.824093,-0.051182,0.938084,0.026154,0.341606,-7.534225,2.135707,-14.936887,-0.029842,0.861716,0.011324,0.506385,14.077088,1.449929,40.082733
855,7.125000,-0.006911,0.934136,-0.007897,0.356764,-2.778066,84.207085,21.820110,-0.062754,0.932753,0.132920,0.329189,-2.833681,91.847198,21.669687,-0.015886,0.945036,0.023975,0.325698,-6.604705,109.483849,25.478888,0.073896,0.953597,-0.092382,0.276873,-7.526864,129.654175,26.185322,0.086440,0.954723,-0.194283,0.208053,-3.793401,143.290085,22.685078,0.048630,0.940606,0.024406,0.335111,-10.850726,123.304199,24.390825,0.435821,-0.460917,0.336731,-0.695865,-25.781420,125.393448,12.223425,0.484913,-0.469864,0.317675,-0.665710,-16.547152,102.319550,2.998996,0.546218,-0.387821,0.165441,-0.723789,-8.585433,82.703598,-4.089233,-0.063213,0.930140,-0.046080,0.358776,-4.986521,123.411522,28.981527,0.564906,0.808826,-0.046229,-0.156666,9.244699,126.330330,41.799061,0.606641,0.791047,0.038552,-0.068885,17.533588,101.721169,36.465256,0.666243,0.708453,0.209367,-0.101877,23.347006,79.917969,32.907124,0.088244,0.905156,0.171495,0.378808,-9.724125,84.034241,15.609532,0.090716,0.936279,0.042391,0.336684,-10.787137,51.041149,2.160181,-0.050884,0.938087,0.026309,0.341630,-17.141724,6.978601,-4.155684,-0.090809,0.906073,-0.064907,0.408132,4.167992,84.379921,28.030687,0.009156,0.891013,-0.153707,0.427067,8.145198,49.623245,34.865456,-0.029925,0.861780,0.011577,0.506267,1.508406,6.791219,46.829971,-0.050884,0.938087,0.026309,0.341630,-7.532075,2.136839,-14.940652,-0.029925,0.861780,0.011577,0.506267,14.079902,1.448664,40.083252
856,7.133333,-0.007142,0.933896,-0.008150,0.357381,-2.769067,84.202332,21.853817,-0.063287,0.932446,0.131846,0.330387,-2.826500,91.842339,21.698483,-0.014783,0.944636,0.022922,0.326984,-6.612497,109.508362,25.464565,0.074804,0.953220,-0.092860,0.277764,-7.479612,129.682053,26.144196,0.087634,0.954409,-0.194747,0.208561,-3.713395,143.308731,22.643147,0.050002,0.939820,0.022142,0.337265,-10.816580,123.339294,24.348486,0.435131,-0.459727,0.343966,-0.693542,-25.685898,125.449501,12.109748,0.479033,-0.474120,0.338168,-0.656796,-16.654633,102.195381,3.140455,0.539628,-0.394132,0.189696,-0.719359,-9.478736,82.154984,-3.524736,-0.061608,0.930745,-0.046642,0.357412,-4.964368,123.435661,28.954708,0.566900,0.807193,-0.052265,-0.155990,9.312476,126.303413,41.732975,0.611796,0.788904,0.015145,-0.055734,17.492950,101.609573,36.627995,0.672925,0.711793,0.181204,-0.087681,23.081577,79.646873,34.201283,0.088451,0.904498,0.171825,0.380179,-9.706859,84.023720,15.634169,0.090969,0.936497,0.042349,0.336014,-10.753350,51.041294,2.157403,-0.050505,0.938121,0.026319,0.341593,-17.134914,6.982574,-4.157936,-0.090937,0.906077,-0.064579,0.408148,4.168724,84.380943,28.073465,0.009480,0.891108,-0.153559,0.426915,8.163686,49.622890,34.890850,-0.029968,0.861799,0.011704,0.506229,1.508570,6.787321,46.832455,-0.050505,0.938121,0.026319,0.341593,-7.529902,2.136960,-14.945308,-0.029968,0.861799,0.011704,0.506229,14.080522,1.448467,40.083660
857,7.141667,-0.007150,0.933557,-0.008215,0.358264,-2.757563,84.203400,21.875910,-0.063847,0.932104,0.130887,0.331625,-2.814596,91.843391,21.719555,-0.013322,0.944265,0.021400,0.328220,-6.617606,109.535835,25.445366,0.075522,0.952936,-0.092353,0.278711,-7.409715,129.713913,26.085209,0.088381,0.954108,-0.195378,0.209031,-3.622914,143.341095,22.608318,0.051977,0.939559,0.019052,0.337883,-10.766188,123.380531,24.292778,0.434837,-0.458720,0.351497,-0.690611,-25.611540,125.522186,12.030443,0.474346,-0.479233,0.354489,-0.647818,-16.808928,102.076134,3.337730,0.534992,-0.402678,0.209483,-0.712566,-10.364430,81.720642,-3.001268,-0.059973,0.930909,-0.048216,0.357052,-4.925431,123.463287,28.913778,0.569359,0.805051,-0.059886,-0.155361,9.369072,126.293579,41.680634,0.615417,0.786872,-0.006264,-0.045331,17.411753,101.498116,36.857090,0.676853,0.715558,0.155328,-0.075637,22.834066,79.458427,35.409882,0.088577,0.904014,0.172069,0.381189,-9.683569,84.024139,15.643162,0.091241,0.936545,0.042123,0.335834,-10.716131,51.049316,2.146734,-0.050513,0.938187,0.026001,0.341435,-17.128515,6.993339,-4.156520,-0.091006,0.906020,-0.064276,0.408306,4.168442,84.382652,28.108656,0.009697,0.891118,-0.153438,0.426934,8.175614,49.622711,34.909237,-0.030104,0.861770,0.011712,0.506270,1.507557,6.784174,46.832962,-0.050513,0.938187,0.026001,0.341435,-7.527813,2.139111,-14.943849,-0.030104,0.861770,0.011712,0.506270,14.081499,1.447571,40.086098
858,7.150000,-0.007166,0.933315,-0.008686,0.358883,-2.758138,84.199799,21.906155,-0.064171,0.931858,0.129341,0.332858,-2.812716,91.839668,21.742947,-0.011541,0.943888,0.020068,0.329454,-6.618939,109.571983,25.412930,0.076076,0.952770,-0.091789,0.279314,-7.326261,129.754074,26.024706,0.089321,0.953957,-0.195704,0.209016,-3.525581,143.383133,22.570442,0.054553,0.939777,0.015590,0.337046,-10.705267,123.432777,24.231932,0.436560,-0.459908,0.357531,-0.685618,-25.561874,125.622856,11.991797,0.473406,-0.485145,0.365523,-0.637898,-17.043951,101.981094,3.549136,0.533471,-0.413363,0.221567,-0.703880,-11.213071,81.384560,-2.522202,-0.058722,0.930655,-0.050790,0.357566,-4.875943,123.496559,28.867647,0.572139,0.802995,-0.066628,-0.153027,9.410087,126.317764,41.646000,0.618128,0.784825,-0.024720,-0.036838,17.322716,101.418732,37.152119,0.681019,0.717215,0.131820,-0.066628,22.611650,79.365372,36.533531,0.088563,0.903636,0.172500,0.381893,-9.675864,84.017036,15.664318,0.091460,0.936743,0.042047,0.335230,-10.684774,51.052620,2.140714,-0.050473,0.938225,0.025785,0.341353,-17.121786,6.999660,-4.158520,-0.091138,0.905865,-0.063850,0.408688,4.159587,84.382561,28.147989,0.009785,0.891041,-0.153336,0.427129,8.184894,49.620438,34.926678,-0.029997,0.861823,0.011956,0.506180,1.511046,6.779247,46.837646,-0.050473,0.938225,0.025785,0.341353,-7.523895,2.139094,-14.945496,-0.029997,0.861823,0.011956,0.506180,14.083797,1.446943,40.085175
859,7.158333,-0.007122,0.932883,-0.008911,0.360000,-2.742491,84.207458,21.918606,-0.064117,0.931563,0.128361,0.334069,-2.795010,91.847267,21.752365,-0.010405,0.943527,0.018413,0.330621,-6.596996,109.610809,25.389374,0.076626,0.952528,-0.091313,0.280145,-7.239669,129.796478,25.952372,0.090036,0.953773,-0.195916,0.209352,-3.423385,143.426590,22.519545,0.057587,0.940634,0.010665,0.334332,-10.635002,123.482109,24.166103,0.438756,-0.461899,0.362633,-0.680176,-25.549030,125.719139,12.004540,0.473852,-0.491498,0.372791,-0.628428,-17.323236,101.896690,3.783023,0.534008,-0.424633,0.230319,-0.693885,-12.015007,81.137802,-2.092406,-0.057243,0.930069,-0.054012,0.358855,-4.816785,123.537659,28.815859,0.575451,0.800916,-0.072754,-0.148650,9.440096,126.351563,41.628330,0.620737,0.782519,-0.038356,-0.029628,17.221216,101.342133,37.535782,0.682845,0.719307,0.113739,-0.058172,22.369152,79.319229,37.563946,0.088704,0.903283,0.172663,0.382621,-9.645269,84.023827,15.660268,0.091649,0.936855,0.041751,0.334902,-10.647609,51.065182,2.122107,-0.050123,0.938308,0.025526,0.341196,-17.111609,7.013097,-4.155596,-0.091174,0.905733,-0.063650,0.409003,4.160287,84.391090,28.176943,0.009905,0.890991,-0.153173,0.427288,8.191456,49.627621,34.945248,-0.030104,0.861848,0.011766,0.506136,1.512104,6.782141,46.837700,-0.050123,0.938308,0.025526,0.341196,-7.521490,2.141639,-14.944577,-0.030104,0.861848,0.011766,0.506136,14.084220,1.446774,40.086449
860,7.166667,-0.006953,0.932711,-0.009655,0.360427,-2.752385,84.209396,21.947845,-0.063846,0.931433,0.126732,0.335103,-2.798319,91.849037,21.771904,-0.009133,0.943184,0.016966,0.331711,-6.579686,109.649719,25.357109,0.077944,0.952108,-0.091556,0.281129,-7.155181,129.838470,25.881302,0.090154,0.953671,-0.195725,0.209944,-3.296469,143.459015,22.457993,0.061014,0.941679,0.006513,0.330872,-10.567858,123.532310,24.099026,0.442219,-0.465755,0.366703,-0.673085,-25.555307,125.842049,12.041760,0.476784,-0.498131,0.376031,-0.618986,-17.676556,101.835464,4.018331,0.536234,-0.437007,0.233905,-0.683203,-12.773458,80.963295,-1.709522,-0.056043,0.929164,-0.057804,0.360794,-4.760016,123.576797,28.761852,0.578932,0.798933,-0.078860,-0.142566,9.448062,126.402580,41.625820,0.622703,0.780813,-0.045307,-0.022781,17.110077,101.283524,38.007446,0.682647,0.721601,0.104859,-0.047847,22.144497,79.327446,38.477146,0.088534,0.902802,0.173359,0.383481,-9.649466,84.023651,15.683291,0.091835,0.937158,0.041564,0.334025,-10.608273,51.080036,2.105460,-0.049634,0.938413,0.025129,0.341007,-17.099380,7.029623,-4.155975,-0.091336,0.905492,-0.063185,0.409573,4.144695,84.395134,28.212399,0.009986,0.890868,-0.153008,0.427602,8.195742,49.629559,34.957981,-0.030138,0.861774,0.011759,0.506260,1.512061,6.779676,46.832111,-0.049634,0.938413,0.025129,0.341007,-7.519498,2.142087,-14.946776,-0.030138,0.861774,0.011759,0.506260,14.086413,1.444709,40.084721
861,7.175000,-0.006689,0.932406,-0.010192,0.361208,-2.754390,84.218765,21.960728,-0.063537,0.931343,0.125450,0.335896,-2.793450,91.858299,21.778557,-0.007882,0.942988,0.015648,0.332364,-6.555099,109.688721,25.324266,0.078600,0.951887,-0.092308,0.281446,-7.065605,129.880066,25.814665,0.090798,0.953683,-0.195135,0.210159,-3.181959,143.490295,22.378490,0.064494,0.943153,0.001683,0.326038,-10.496386,123.582123,24.038107,0.446659,-0.471577,0.368906,-0.664845,-25.589949,125.960289,12.127406,0.481881,-0.504672,0.375814,-0.609803,-18.086441,101.788734,4.240738,0.540427,-0.448881,0.234169,-0.672019,-13.473649,80.852036,-1.372965,-0.055031,0.927803,-0.062424,0.363672,-4.694694,123.615387,28.708679,0.582295,0.797875,-0.081330,-0.133090,9.436961,126.473358,41.649487,0.625559,0.778669,-0.046241,-0.014602,17.030401,101.266685,38.530285,0.684011,0.720986,0.104162,-0.038176,21.903385,79.352341,39.318924,0.088322,0.902661,0.173822,0.383651,-9.641041,84.033897,15.684685,0.092007,0.937359,0.041258,0.333452,-10.570516,51.099087,2.083471,-0.049340,0.938501,0.024649,0.340844,-17.089069,7.049239,-4.153376,-0.091460,0.905286,-0.062899,0.410045,4.132262,84.403633,28.236771,0.010038,0.890820,-0.152869,0.427750,8.196192,49.637112,34.969688,-0.030145,0.861745,0.011617,0.506312,1.511688,6.783497,46.829880,-0.049340,0.938501,0.024649,0.340844,-7.517078,2.145486,-14.943823,-0.030145,0.861745,0.011617,0.506312,14.086204,1.445228,40.085403
862,7.183333,-0.006458,0.932076,-0.010956,0.362039,-2.760549,84.231110,21.975569,-0.062429,0.931401,0.124104,0.336440,-2.791919,91.870438,21.783764,-0.007546,0.942873,0.014431,0.332753,-6.502909,109.727119,25.297455,0.079498,0.951506,-0.093853,0.281970,-6.984436,129.920151,25.745815,0.091338,0.953620,-0.194296,0.210986,-3.062279,143.511505,22.278877,0.068128,0.944743,-0.003325,0.320636,-10.422925,123.623566,23.979431,0.450656,-0.477839,0.370997,-0.656461,-25.633171,126.076164,12.233396,0.487385,-0.510820,0.373327,-0.601785,-18.526892,101.746284,4.466535,0.545439,-0.459290,0.230817,-0.662022,-14.117869,80.799294,-1.081725,-0.054173,0.926319,-0.066714,0.366806,-4.625007,123.658012,28.654676,0.586048,0.796482,-0.084162,-0.122803,9.421563,126.550591,41.680153,0.627909,0.777140,-0.041771,-0.006202,16.922092,101.254364,39.109371,0.683888,0.720444,0.112094,-0.026318,21.652899,79.401276,40.067501,0.088127,0.902326,0.174270,0.384281,-9.636053,84.044991,15.687355,0.092277,0.937577,0.041004,0.332797,-10.530748,51.118828,2.062884,-0.048802,0.938516,0.024172,0.340914,-17.083879,7.071569,-4.156005,-0.091574,0.904958,-0.062575,0.410792,4.114956,84.417221,28.263783,0.010014,0.890701,-0.152654,0.428075,8.190239,49.649288,34.982525,-0.030104,0.861680,0.011447,0.506430,1.511539,6.789744,46.824543,-0.048802,0.938516,0.024172,0.340914,-7.516935,2.149367,-14.942524,-0.030104,0.861680,0.011447,0.506430,14.086643,1.446796,40.084873
863,7.191667,-0.006046,0.931857,-0.011739,0.362586,-2.765687,84.240288,21.986597,-0.061788,0.931469,0.122978,0.336787,-2.786747,91.879425,21.785898,-0.006955,0.942825,0.013317,0.332949,-6.465586,109.760979,25.270414,0.080395,0.951152,-0.096249,0.282103,-6.909707,129.955597,25.684177,0.092149,0.953651,-0.193116,0.211576,-2.944754,143.520309,22.161934,0.072166,0.946525,-0.008733,0.314333,-10.359202,123.662415,23.927135,0.452482,-0.483623,0.374041,-0.649201,-25.702583,126.202736,12.374485,0.492509,-0.515999,0.369537,-0.595502,-19.011404,101.725838,4.701427,0.551276,-0.468470,0.225178,-0.652630,-14.722183,80.798531,-0.827449,-0.053224,0.924654,-0.071312,0.370265,-4.563103,123.694054,28.604656,0.589360,0.795441,-0.086885,-0.111267,9.388646,126.624046,41.723351,0.630125,0.775751,-0.033952,0.001006,16.825951,101.255920,39.745731,0.685096,0.717548,0.124565,-0.015887,21.415489,79.464340,40.734238,0.088008,0.902037,0.174883,0.384707,-9.633901,84.055939,15.690366,0.092271,0.937813,0.040606,0.332181,-10.497072,51.143528,2.030678,-0.048467,0.938687,0.023681,0.340523,-17.065884,7.093260,-4.150237,-0.091635,0.904623,-0.062473,0.411531,4.102526,84.424637,28.282827,0.009928,0.890652,-0.152409,0.428266,8.179268,49.656601,35.000153,-0.030120,0.861676,0.011456,0.506434,1.514285,6.790164,46.824932,-0.048467,0.938687,0.023681,0.340523,-7.512522,2.153891,-14.940953,-0.030120,0.861676,0.011456,0.506434,14.089656,1.447679,40.085381
864,7.200000,-0.005575,0.931542,-0.012736,0.363367,-2.780083,84.256866,21.995323,-0.060816,0.931561,0.121845,0.337118,-2.788730,91.895714,21.783035,-0.006719,0.942798,0.012478,0.333065,-6.420203,109.785843,25.238949,0.081460,0.950757,-0.098383,0.282395,-6.844082,129.981476,25.623878,0.092795,0.953575,-0.192366,0.212316,-2.833009,143.520584,22.055664,0.075753,0.948233,-0.013541,0.308111,-10.299492,123.689270,23.874954,0.456211,-0.490374,0.375062,-0.640885,-25.772371,126.310898,12.514797,0.498331,-0.521928,0.363840,-0.588964,-19.470356,101.705338,4.924212,0.556351,-0.477543,0.216497,-0.644636,-15.280283,80.829391,-0.624368,-0.052656,0.922716,-0.076452,0.374135,-4.504490,123.721718,28.553825,0.592406,0.794376,-0.090126,-0.099494,9.337965,126.712593,41.774158,0.631572,0.774896,-0.024605,0.006887,16.715967,101.286575,40.414482,0.687518,0.712823,0.138441,-0.006064,21.203087,79.566566,41.341244,0.087925,0.901581,0.175525,0.385502,-9.637829,84.073814,15.687656,0.092281,0.937997,0.040075,0.331723,-10.465211,51.176418,1.989642,-0.047862,0.938816,0.023004,0.340301,-17.053869,7.122463,-4.143653,-0.091754,0.904283,-0.062274,0.412280,4.077662,84.439919,28.302988,0.009756,0.890486,-0.152140,0.428710,8.162407,49.671661,35.014328,-0.029955,0.861618,0.011293,0.506546,1.515666,6.797573,46.821617,-0.047862,0.938816,0.023004,0.340301,-7.513465,2.158256,-14.934426,-0.029955,0.861618,0.011293,0.506546,14.090380,1.448728,40.085896
865,7.208333,-0.005035,0.931247,-0.013683,0.364097,-2.790568,84.271057,21.992701,-0.060019,0.931570,0.120901,0.337577,-2.786097,91.909615,21.769938,-0.006465,0.942701,0.011850,0.333366,-6.381748,109.819397,25.203621,0.081909,0.950555,-0.099715,0.282476,-6.787629,130.015793,25.567924,0.094276,0.953380,-0.192356,0.212552,-2.754082,143.540009,21.968714,0.079044,0.949794,-0.017753,0.302204,-10.247610,123.724937,23.823151,0.458873,-0.497383,0.376494,-0.632691,-25.840431,126.426018,12.647096,0.503641,-0.526489,0.356894,-0.584621,-19.962582,101.695610,5.122215,0.560095,-0.484755,0.205356,-0.639637,-15.779980,80.930779,-0.489680,-0.051978,0.920758,-0.080933,0.378092,-4.455550,123.756882,28.505665,0.595545,0.793171,-0.092685,-0.087265,9.274311,126.796974,41.831760,0.632344,0.774493,-0.011888,0.012673,16.575701,101.323387,41.088528,0.685865,0.710764,0.156129,0.005270,20.998684,79.664772,41.855179,0.087685,0.901540,0.176156,0.385366,-9.638517,84.090797,15.674323,0.092245,0.938331,0.039615,0.330841,-10.434578,51.206219,1.943733,-0.047253,0.938938,0.022427,0.340086,-17.039862,7.148379,-4.143583,-0.091812,0.904034,-0.062434,0.412788,4.057381,84.451309,28.311079,0.009581,0.890330,-0.151756,0.429174,8.137263,49.685242,35.036678,-0.029998,0.861545,0.011176,0.506670,1.513080,6.800356,46.817413,-0.047253,0.938938,0.022427,0.340086,-7.512071,2.162015,-14.935285,-0.029998,0.861545,0.011176,0.506670,14.089548,1.449366,40.086678
866,7.216667,-0.004550,0.931002,-0.014587,0.364695,-2.799855,84.284538,21.987453,-0.059409,0.931706,0.119762,0.337716,-2.783293,91.922775,21.754534,-0.006162,0.942749,0.011592,0.333245,-6.344308,109.844849,25.156631,0.083479,0.950071,-0.102364,0.282698,-6.735141,130.041641,25.515228,0.094884,0.953225,-0.191931,0.213358,-2.638511,143.531967,21.860506,0.081886,0.951253,-0.021359,0.296574,-10.200240,123.752853,23.773178,0.459896,-0.503389,0.379103,-0.625601,-25.905970,126.525581,12.774168,0.506099,-0.529661,0.350843,-0.583294,-20.451311,101.676750,5.321088,0.560105,-0.490613,0.197244,-0.637712,-16.244232,81.040619,-0.414694,-0.051669,0.918965,-0.084548,0.381689,-4.406919,123.781845,28.454157,0.598153,0.792165,-0.095279,-0.074894,9.218302,126.872047,41.875793,0.632576,0.774320,-0.000311,0.016599,16.460960,101.371170,41.751904,0.686636,0.706460,0.171087,0.013193,20.845102,79.805183,42.326382,0.087638,0.901182,0.176550,0.386032,-9.639767,84.106430,15.660310,0.092196,0.938677,0.039276,0.329912,-10.411407,51.231171,1.906022,-0.047126,0.939044,0.021749,0.339855,-17.028799,7.170102,-4.144701,-0.091686,0.903812,-0.062798,0.413249,4.040055,84.462646,28.314596,0.009235,0.890338,-0.151310,0.429323,8.097598,49.698170,35.061932,-0.029924,0.861595,0.011254,0.506588,1.516388,6.800538,46.820305,-0.047126,0.939044,0.021749,0.339855,-7.509338,2.163970,-14.934603,-0.029924,0.861595,0.011254,0.506588,14.091250,1.450301,40.085972
867,7.225000,-0.004035,0.930803,-0.015623,0.365165,-2.812813,84.293686,21.983625,-0.058240,0.931830,0.118537,0.338009,-2.783021,91.931511,21.738853,-0.006383,0.942691,0.011466,0.333410,-6.289458,109.868172,25.112837,0.084427,0.949822,-0.103312,0.282907,-6.687075,130.064972,25.463619,0.096195,0.952910,-0.192659,0.213522,-2.556835,143.540726,21.793045,0.085138,0.952658,-0.024878,0.290818,-10.149481,123.774376,23.722725,0.459124,-0.508304,0.382840,-0.619892,-25.965178,126.636711,12.905741,0.507551,-0.532396,0.345043,-0.583003,-20.925108,101.680756,5.518948,0.561507,-0.496086,0.192365,-0.633722,-16.681763,81.166206,-0.367717,-0.051437,0.917120,-0.088181,0.385317,-4.357839,123.807060,28.405756,0.600619,0.791066,-0.097610,-0.062801,9.160487,126.951454,41.922562,0.631787,0.774817,0.011289,0.019405,16.334686,101.435341,42.396912,0.686915,0.702507,0.185042,0.019790,20.739170,79.965904,42.743294,0.087860,0.900409,0.176881,0.387631,-9.646415,84.117355,15.649613,0.092002,0.939181,0.039105,0.328551,-10.398226,51.253193,1.867710,-0.046922,0.939144,0.021265,0.339640,-17.013172,7.187695,-4.153382,-0.091659,0.903581,-0.063197,0.413698,4.020789,84.470024,28.317636,0.009015,0.890379,-0.150835,0.429410,8.061255,49.708775,35.091801,-0.030025,0.861578,0.011300,0.506610,1.514757,6.797859,46.821079,-0.046922,0.939144,0.021265,0.339640,-7.501980,2.166215,-14.943452,-0.030025,0.861578,0.011300,0.506610,14.091182,1.450269,40.087547
868,7.233333,-0.003680,0.930612,-0.016395,0.365621,-2.816739,84.301079,21.966949,-0.057500,0.931944,0.117757,0.338094,-2.777462,91.938568,21.713198,-0.006085,0.942740,0.011298,0.333282,-6.249364,109.886642,25.070021,0.084431,0.949639,-0.105373,0.282760,-6.633308,130.083740,25.418442,0.097868,0.952518,-0.193090,0.214120,-2.488376,143.539886,21.692837,0.087915,0.953879,-0.028333,0.285627,-10.100424,123.795273,23.679279,0.457976,-0.513492,0.386059,-0.614445,-26.013439,126.731064,13.025960,0.511054,-0.535898,0.337357,-0.581230,-21.385666,101.685776,5.671796,0.568074,-0.501216,0.184177,-0.626222,-17.095760,81.322784,-0.354199,-0.051485,0.915220,-0.091840,0.388955,-4.307460,123.824631,28.360697,0.602501,0.790093,-0.100298,-0.051827,9.101519,127.034523,41.970695,0.631003,0.775182,0.021895,0.021192,16.222399,101.519966,43.003590,0.683528,0.702140,0.197913,0.024875,20.651001,80.134018,43.117615,0.087829,0.900106,0.177391,0.388107,-9.644188,84.125526,15.626289,0.091973,0.939491,0.038590,0.327732,-10.371945,51.273853,1.813369,-0.046631,0.939221,0.020835,0.339492,-17.005140,7.204288,-4.157649,-0.091418,0.903307,-0.063761,0.414262,4.010710,84.476631,28.307611,0.008682,0.890470,-0.150396,0.429382,8.014712,49.717350,35.113438,-0.029921,0.861543,0.011501,0.506672,1.512116,6.794018,46.821671,-0.046631,0.939221,0.020835,0.339492,-7.501440,2.168062,-14.947440,-0.029921,0.861543,0.011501,0.506672,14.089528,1.449805,40.087311
869,7.241667,-0.003255,0.930489,-0.017265,0.365899,-2.824506,84.312759,21.941216,-0.056707,0.932093,0.117315,0.337971,-2.774252,91.949844,21.677485,-0.006025,0.942850,0.011166,0.332977,-6.212865,109.904968,25.029877,0.085069,0.949467,-0.106823,0.282603,-6.592636,130.102219,25.374237,0.099360,0.952110,-0.194120,0.214316,-2.420706,143.540649,21.615032,0.090592,0.954916,-0.031124,0.280999,-10.062108,123.814049,23.638666,0.456670,-0.519707,0.388803,-0.608432,-26.058207,126.827095,13.132355,0.515915,-0.538297,0.329153,-0.579420,-21.883619,101.701447,5.781125,0.573642,-0.506626,0.172072,-0.620206,-17.484491,81.478142,-0.353039,-0.051534,0.913476,-0.095479,0.392160,-4.266104,123.843277,28.316319,0.603875,0.789286,-0.103203,-0.041364,9.045691,127.118111,42.006016,0.629617,0.776008,0.030602,0.021398,16.130363,101.621094,43.579296,0.681997,0.700792,0.207460,0.027032,20.621496,80.314621,43.463284,0.087751,0.899703,0.177865,0.388841,-9.648210,84.138557,15.596485,0.091905,0.939857,0.038073,0.326761,-10.346038,51.297939,1.755765,-0.046064,0.939286,0.020398,0.339416,-16.995085,7.223687,-4.162809,-0.091162,0.903078,-0.064498,0.414704,3.999197,84.486961,28.285944,0.008270,0.890567,-0.149933,0.429350,7.961411,49.731083,35.133469,-0.029821,0.861505,0.011541,0.506742,1.510071,6.794625,46.821899,-0.046064,0.939286,0.020398,0.339416,-7.500091,2.169686,-14.951961,-0.029821,0.861505,0.011541,0.506742,14.087826,1.449954,40.088535
870,7.250000,-0.003023,0.930357,-0.017734,0.366213,-2.828936,84.324295,21.919683,-0.056223,0.932256,0.116871,0.337756,-2.772660,91.961151,21.650604,-0.005884,0.943009,0.011022,0.332534,-6.189108,109.926285,24.995590,0.085627,0.949286,-0.108738,0.282311,-6.561403,130.123718,25.336514,0.100977,0.951636,-0.195374,0.214526,-2.361949,143.540283,21.530096,0.093044,0.955772,-0.033754,0.276955,-10.034737,123.836472,23.605394,0.454878,-0.523288,0.392189,-0.604520,-26.100832,126.919998,13.227113,0.516271,-0.541102,0.324126,-0.579323,-22.264458,101.729500,5.913619,0.575601,-0.510262,0.166638,-0.616885,-17.868099,81.625656,-0.375717,-0.051542,0.911983,-0.098492,0.394880,-4.234315,123.864517,28.277576,0.604838,0.788676,-0.105607,-0.031758,8.994487,127.192810,42.034664,0.628346,0.776677,0.038528,0.021679,16.054674,101.723572,44.093311,0.677661,0.702381,0.215797,0.029460,20.601421,80.496811,43.773190,0.088145,0.898770,0.178369,0.390676,-9.648387,84.150833,15.570363,0.091772,0.939886,0.037262,0.326808,-10.328324,51.327942,1.686765,-0.046047,0.939366,0.019737,0.339236,-16.990000,7.245991,-4.159801,-0.090785,0.903079,-0.065194,0.414676,3.990516,84.497757,28.269001,0.007841,0.890604,-0.149493,0.429435,7.908020,49.743416,35.149979,-0.029821,0.861458,0.011599,0.506821,1.506902,6.794467,46.820145,-0.046047,0.939366,0.019737,0.339236,-7.501025,2.173937,-14.945774,-0.029821,0.861458,0.011599,0.506821,14.086190,1.451246,40.088497
871,7.258333,-0.002807,0.930253,-0.018193,0.366457,-2.831572,84.331810,21.891928,-0.055841,0.932401,0.116678,0.337485,-2.769594,91.968437,21.617550,-0.005656,0.943182,0.010794,0.332054,-6.170582,109.942650,24.962914,0.085991,0.949250,-0.109487,0.282032,-6.530974,130.140396,25.298382,0.102712,0.951044,-0.197356,0.214513,-2.317817,143.547516,21.473852,0.095035,0.956432,-0.035660,0.273741,-10.009673,123.854637,23.572634,0.452671,-0.527139,0.395265,-0.600816,-26.129829,126.998306,13.296729,0.516232,-0.542748,0.320522,-0.579823,-22.636349,101.755646,5.991259,0.576230,-0.513683,0.164871,-0.613926,-18.233875,81.776718,-0.406564,-0.051762,0.910602,-0.101158,0.397357,-4.204459,123.880707,28.238873,0.605897,0.787628,-0.109265,-0.024342,8.947430,127.264526,42.056030,0.626080,0.778196,0.044528,0.021263,15.961695,101.821480,44.549614,0.674565,0.703160,0.222581,0.031381,20.618763,80.687973,44.059002,0.088311,0.897989,0.178949,0.392167,-9.647710,84.158875,15.539037,0.091746,0.939922,0.036394,0.326812,-10.298175,51.352848,1.614229,-0.045507,0.939429,0.019343,0.339159,-16.983467,7.264719,-4.158368,-0.090305,0.903111,-0.065947,0.414592,3.984567,84.504745,28.244818,0.007177,0.890264,-0.149076,0.430297,7.849507,49.751255,35.159729,-0.029954,0.861416,0.011620,0.506884,1.506313,6.790221,46.817036,-0.045507,0.939429,0.019343,0.339159,-7.502885,2.176339,-14.944034,-0.029954,0.861416,0.011620,0.506884,14.087975,1.449539,40.087807
872,7.266667,-0.002397,0.930193,-0.018377,0.366604,-2.839355,84.342560,21.856895,-0.055447,0.932494,0.116661,0.337299,-2.770470,91.979111,21.582201,-0.005494,0.943300,0.010476,0.331731,-6.158751,109.964539,24.934460,0.086316,0.949258,-0.109974,0.281718,-6.508579,130.162628,25.260132,0.104593,0.950445,-0.199622,0.214164,-2.284932,143.563065,21.423796,0.096748,0.956909,-0.036795,0.271314,-9.991678,123.877785,23.539902,0.449949,-0.530328,0.398417,-0.597965,-26.150364,127.078140,13.342318,0.516382,-0.544511,0.317430,-0.579738,-22.968323,101.795280,6.033554,0.578350,-0.515873,0.161433,-0.611004,-18.578682,81.920753,-0.450015,-0.051681,0.909342,-0.103702,0.399589,-4.183247,123.903214,28.202135,0.606379,0.787155,-0.111356,-0.017070,8.900043,127.329765,42.073776,0.624328,0.779278,0.049709,0.021666,15.899333,101.922050,44.941433,0.669474,0.706092,0.228401,0.032731,20.640659,80.856361,44.330032,0.088133,0.897505,0.179490,0.393066,-9.653530,84.175423,15.501746,0.091783,0.939924,0.035578,0.326884,-10.262941,51.380981,1.547834,-0.045113,0.939495,0.018728,0.339061,-16.975138,7.288182,-4.157458,-0.089902,0.903079,-0.066639,0.414639,3.974820,84.509689,28.212044,0.006632,0.890383,-0.148800,0.430153,7.792953,49.757565,35.159744,-0.029932,0.861429,0.011735,0.506860,1.505875,6.788456,46.817680,-0.045113,0.939495,0.018728,0.339061,-7.502489,2.179127,-14.940312,-0.029932,0.861429,0.011735,0.506860,14.087534,1.450234,40.086514
873,7.275000,-0.001974,0.930120,-0.018183,0.366801,-2.844709,84.345596,21.806622,-0.055091,0.932551,0.116893,0.337120,-2.770829,91.982285,21.537069,-0.005270,0.943420,0.010260,0.331398,-6.152324,109.984718,24.905760,0.087440,0.949063,-0.110880,0.281672,-6.490632,130.183090,25.226307,0.105764,0.949822,-0.202122,0.214008,-2.230537,143.567795,21.375439,0.098252,0.957200,-0.037794,0.269606,-9.978464,123.899750,23.510218,0.447237,-0.533183,0.401171,-0.595615,-26.161587,127.148987,13.366977,0.515257,-0.545857,0.316293,-0.580094,-23.257280,101.837372,6.042153,0.578125,-0.517184,0.160331,-0.610398,-18.914242,82.049667,-0.501191,-0.051867,0.908447,-0.105503,0.401128,-4.166709,123.923157,28.168324,0.606643,0.786726,-0.113693,-0.010985,8.868087,127.388672,42.075897,0.621821,0.781040,0.053285,0.021837,15.859455,102.018295,45.274502,0.669202,0.705118,0.232050,0.033627,20.719978,81.052650,44.582031,0.087854,0.897091,0.179980,0.393849,-9.656224,84.187065,15.448398,0.091835,0.940185,0.034767,0.326205,-10.221408,51.401676,1.471356,-0.044973,0.939566,0.018278,0.338908,-16.966095,7.304603,-4.162159,-0.089573,0.903118,-0.067509,0.414484,3.966806,84.504128,28.164846,0.006206,0.890732,-0.148569,0.429517,7.739001,49.756115,35.158054,-0.030165,0.861442,0.011862,0.506821,1.503306,6.780362,46.819096,-0.044973,0.939566,0.018278,0.338908,-7.499580,2.181888,-14.943929,-0.030165,0.861442,0.011862,0.506821,14.087240,1.448671,40.086983
874,7.283333,-0.001792,0.930039,-0.018366,0.366998,-2.848323,84.358955,21.768934,-0.054849,0.932645,0.116899,0.336897,-2.770779,91.995552,21.497818,-0.004954,0.943566,0.010192,0.330991,-6.143692,110.001907,24.871168,0.087016,0.949265,-0.110406,0.281310,-6.468879,130.200470,25.193489,0.107756,0.949015,-0.205210,0.213652,-2.225655,143.592514,21.349461,0.099538,0.957456,-0.038598,0.268106,-9.962196,123.919464,23.479979,0.443675,-0.535377,0.404114,-0.594319,-26.166702,127.211227,13.384718,0.512903,-0.546632,0.317039,-0.581043,-23.512379,101.883484,6.020864,0.575880,-0.518738,0.161755,-0.610825,-19.237974,82.159904,-0.559916,-0.052469,0.907595,-0.106946,0.402594,-4.146377,123.938843,28.133022,0.606888,0.786275,-0.115856,-0.006005,8.840326,127.452278,42.073517,0.619836,0.782334,0.056885,0.022813,15.820414,102.115524,45.551064,0.662402,0.709957,0.236253,0.037003,20.783716,81.182549,44.801403,0.087614,0.896696,0.180640,0.394498,-9.657158,84.202263,15.407798,0.091898,0.940425,0.033934,0.325583,-10.177675,51.430851,1.396281,-0.044622,0.939664,0.017559,0.338722,-16.955990,7.329667,-4.164218,-0.089130,0.903369,-0.068184,0.413921,3.960511,84.515648,28.130070,0.005803,0.891028,-0.148359,0.428982,7.688603,49.768517,35.151245,-0.029965,0.861408,0.011761,0.506893,1.500249,6.786701,46.815159,-0.044622,0.939664,0.017559,0.338722,-7.499319,2.183855,-14.943621,-0.029965,0.861408,0.011761,0.506893,14.082872,1.449628,40.084877
875,7.291667,-0.001689,0.929931,-0.018109,0.367283,-2.852138,84.366150,21.719263,-0.054491,0.932619,0.117223,0.336915,-2.774484,92.002892,21.452404,-0.004852,0.943592,0.009995,0.330923,-6.141403,110.020485,24.843731,0.087570,0.949206,-0.110687,0.281225,-6.460057,130.219238,25.159925,0.109202,0.948367,-0.207906,0.213192,-2.200458,143.605179,21.312740,0.100506,0.957531,-0.038824,0.267442,-9.955640,123.938835,23.448839,0.440122,-0.538369,0.406283,-0.592778,-26.166428,127.265442,13.375102,0.511222,-0.546435,0.318706,-0.581796,-23.775600,101.933609,5.935452,0.573874,-0.518905,0.164456,-0.611850,-19.548468,82.255035,-0.626697,-0.052415,0.907009,-0.108521,0.403499,-4.139140,123.957779,28.101032,0.606875,0.786029,-0.117720,-0.001783,8.819522,127.496513,42.061207,0.617136,0.784325,0.058436,0.023720,15.802161,102.193962,45.774651,0.661357,0.710284,0.237976,0.038354,20.899538,81.327484,45.024109,0.087395,0.896466,0.181034,0.394890,-9.657079,84.212914,15.353878,0.091895,0.940513,0.033123,0.325413,-10.145951,51.448917,1.323883,-0.044212,0.939694,0.017281,0.338707,-16.949026,7.342803,-4.166805,-0.088782,0.903580,-0.068861,0.413425,3.952803,84.519386,28.084648,0.005387,0.891227,-0.148238,0.428616,7.642219,49.774456,35.137070,-0.030197,0.861365,0.011580,0.506956,1.496708,6.788990,46.810169,-0.044212,0.939694,0.017281,0.338707,-7.497698,2.185260,-14.945285,-0.030197,0.861365,0.011580,0.506956,14.081624,1.450999,40.084900
876,7.300000,-0.001475,0.929816,-0.017890,0.367586,-2.860615,84.374252,21.669479,-0.054263,0.932555,0.117537,0.337020,-2.781070,92.011131,21.406958,-0.004493,0.943591,0.009843,0.330936,-6.146199,110.036850,24.813414,0.087673,0.949306,-0.110468,0.280943,-6.449112,130.235870,25.128618,0.110708,0.947771,-0.210649,0.212368,-2.189993,143.623398,21.286448,0.101068,0.957513,-0.038874,0.267288,-9.949562,123.958115,23.417780,0.436559,-0.540205,0.408451,-0.592251,-26.159155,127.305222,13.348907,0.508730,-0.547049,0.321036,-0.582123,-23.967018,101.975838,5.840074,0.571498,-0.519888,0.167523,-0.612407,-19.840349,82.322441,-0.714019,-0.052575,0.906589,-0.109499,0.404155,-4.133128,123.972725,28.070074,0.606488,0.786173,-0.118749,0.001633,8.804342,127.534309,42.044098,0.615478,0.785345,0.061033,0.026364,15.811893,102.264656,45.930599,0.656327,0.713359,0.241839,0.043219,20.986004,81.439468,45.206581,0.087075,0.896242,0.181542,0.395235,-9.661414,84.226112,15.299547,0.091821,0.940654,0.032366,0.325101,-10.109735,51.471256,1.246876,-0.043861,0.939818,0.016826,0.338430,-16.930798,7.359469,-4.175518,-0.088807,0.904116,-0.069716,0.412101,3.940183,84.522385,28.039413,0.005408,0.891882,-0.148054,0.427314,7.616008,49.786221,35.141956,-0.030037,0.861331,0.011503,0.507025,1.492840,6.795898,46.808918,-0.043861,0.939818,0.016826,0.338430,-7.490701,2.185781,-14.956104,-0.030037,0.861331,0.011503,0.507025,14.076911,1.453689,40.085403
877,7.308333,-0.001315,0.929703,-0.017460,0.367894,-2.869033,84.382233,21.611198,-0.054150,0.932428,0.117940,0.337248,-2.789545,92.019356,21.355721,-0.004259,0.943527,0.009775,0.331126,-6.158197,110.050774,24.778269,0.088079,0.949280,-0.110703,0.280811,-6.451355,130.249924,25.093958,0.112164,0.947202,-0.213132,0.211666,-2.180424,143.632690,21.248318,0.101655,0.957363,-0.038534,0.267651,-9.954195,123.973930,23.381536,0.432914,-0.541499,0.410706,-0.592187,-26.151672,127.345192,13.301224,0.505888,-0.547473,0.324297,-0.582393,-24.131664,102.021133,5.726420,0.569138,-0.520463,0.172264,-0.612801,-20.119028,82.367416,-0.804240,-0.052981,0.906490,-0.109353,0.404365,-4.139604,123.985580,28.036148,0.606157,0.786255,-0.119851,0.003579,8.789657,127.559814,42.014538,0.612611,0.787486,0.061235,0.028709,15.817979,102.313805,46.015526,0.654673,0.714402,0.242558,0.046879,21.135637,81.530655,45.375687,0.086856,0.896038,0.181813,0.395621,-9.665629,84.239731,15.236652,0.091780,0.940810,0.031608,0.324736,-10.086052,51.489212,1.173033,-0.043674,0.939824,0.016460,0.338456,-16.928158,7.372379,-4.181405,-0.088651,0.904101,-0.070391,0.412052,3.927562,84.524742,27.985746,0.004974,0.891983,-0.147965,0.427140,7.573643,49.793331,35.126785,-0.030199,0.861298,0.011282,0.507076,1.491005,6.800222,46.804661,-0.043674,0.939824,0.016460,0.338456,-7.490422,2.187006,-14.958446,-0.030199,0.861298,0.011282,0.507076,14.076307,1.455078,40.085800
878,7.316667,-0.001165,0.929562,-0.016994,0.368272,-2.880632,84.387344,21.554222,-0.053751,0.932265,0.118167,0.337683,-2.801537,92.024712,21.306227,-0.004266,0.943367,0.009749,0.331580,-6.161325,110.058807,24.740707,0.088181,0.949216,-0.111040,0.280863,-6.454576,130.257996,25.055166,0.113446,0.946677,-0.215251,0.211185,-2.178130,143.636780,21.201832,0.102104,0.957185,-0.038547,0.268114,-9.955828,123.981941,23.339670,0.429054,-0.542144,0.412858,-0.592908,-26.140118,127.368340,13.243285,0.502576,-0.548218,0.328485,-0.582213,-24.251144,102.057037,5.592389,0.566770,-0.520814,0.177297,-0.613262,-20.394739,82.396530,-0.898056,-0.052993,0.906395,-0.109315,0.404588,-4.145728,123.993744,27.999874,0.604794,0.787331,-0.119577,0.005992,8.776482,127.568558,41.984623,0.611072,0.788523,0.061741,0.031783,15.891108,102.360115,46.069115,0.652366,0.715993,0.243306,0.050741,21.280174,81.598663,45.525505,0.086523,0.895847,0.182318,0.395893,-9.672033,84.250504,15.174023,0.091795,0.940862,0.030647,0.324675,-10.052242,51.508976,1.088335,-0.043436,0.939856,0.016078,0.338415,-16.924196,7.387009,-4.184915,-0.088558,0.903947,-0.070865,0.412330,3.910770,84.524185,27.934420,0.004452,0.891852,-0.147964,0.427419,7.534538,49.796383,35.104282,-0.030040,0.861246,0.011254,0.507174,1.490157,6.802803,46.800297,-0.043436,0.939856,0.016078,0.338415,-7.490909,2.188902,-14.959711,-0.030040,0.861246,0.011254,0.507174,14.075318,1.454665,40.083557
879,7.325000,-0.000948,0.929434,-0.016591,0.368615,-2.900477,84.391060,21.495846,-0.053697,0.932055,0.118392,0.338192,-2.820477,92.028648,21.254831,-0.003970,0.943180,0.009795,0.332115,-6.183692,110.064423,24.696529,0.088107,0.949308,-0.110615,0.280742,-6.466431,130.263657,25.016556,0.115102,0.946142,-0.217624,0.210255,-2.195786,143.647141,21.173058,0.102056,0.956900,-0.037857,0.269245,-9.969123,123.989998,23.295277,0.426109,-0.543217,0.413847,-0.593360,-26.130253,127.379021,13.162726,0.500055,-0.548971,0.332551,-0.581365,-24.346390,102.087128,5.422979,0.564101,-0.522161,0.182716,-0.612988,-20.640289,82.393242,-1.011601,-0.052964,0.906487,-0.108769,0.404532,-4.164276,123.997322,27.962038,0.603371,0.788501,-0.118980,0.007280,8.759810,127.562508,41.947514,0.609119,0.789932,0.061102,0.035321,15.964643,102.383949,46.058075,0.651321,0.716771,0.242952,0.054730,21.444921,81.646545,45.658272,0.085882,0.895742,0.182894,0.396006,-9.687187,84.260651,15.110519,0.091875,0.941244,0.029842,0.323617,-10.008060,51.526237,1.006846,-0.043072,0.939908,0.015662,0.338338,-16.916327,7.401219,-4.192900,-0.088610,0.903678,-0.071221,0.412847,3.886234,84.521469,27.881172,0.003963,0.891742,-0.148001,0.427641,7.498569,49.797935,35.077400,-0.030045,0.861179,0.011080,0.507292,1.489105,6.804958,46.793591,-0.043072,0.939908,0.015662,0.338338,-7.489753,2.188117,-14.966330,-0.030045,0.861179,0.011080,0.507292,14.075269,1.452756,40.081963
880,7.333333,-0.000727,0.929297,-0.016032,0.368984,-2.920290,84.392426,21.433565,-0.053653,0.931836,0.118658,0.338708,-2.840204,92.030289,21.201767,-0.003740,0.942989,0.009860,0.332656,-6.207638,110.066902,24.651844,0.088408,0.949240,-0.110537,0.280906,-6.482701,130.266159,24.977272,0.116166,0.945634,-0.219739,0.209755,-2.203659,143.648529,21.139273,0.101974,0.956583,-0.037408,0.270465,-9.985923,123.994385,23.250221,0.423178,-0.543896,0.414483,-0.594391,-26.122185,127.382004,13.077651,0.497439,-0.549976,0.337016,-0.580087,-24.405394,102.116631,5.236763,0.561860,-0.523310,0.188400,-0.612344,-20.872250,82.374481,-1.134813,-0.052607,0.906666,-0.108196,0.404330,-4.186401,123.998070,27.923601,0.601981,0.789648,-0.118430,0.007091,8.745449,127.541267,41.907494,0.607522,0.791094,0.059719,0.039010,16.039288,102.382851,45.984287,0.647100,0.720560,0.241786,0.059955,21.591015,81.662590,45.751686,0.085486,0.895690,0.183438,0.395957,-9.701934,84.269577,15.042710,0.091740,0.941601,0.028996,0.322694,-9.982476,51.544529,0.916454,-0.043299,0.939970,0.015037,0.338165,-16.909275,7.412806,-4.201063,-0.088638,0.903117,-0.071424,0.414031,3.861355,84.515266,27.824419,0.003412,0.891657,-0.148208,0.427751,7.459978,49.794159,35.039200,-0.030762,0.861217,0.010373,0.507199,1.485280,6.806344,46.792049,-0.043299,0.939970,0.015037,0.338165,-7.485985,2.185259,-14.970366,-0.030762,0.861217,0.010373,0.507199,14.073277,1.447556,40.089119
881,7.341667,-0.000595,0.929117,-0.015405,0.369463,-2.941328,84.388939,21.368916,-0.053570,0.931605,0.118857,0.339287,-2.862791,92.027107,21.146795,-0.003627,0.942778,0.009931,0.333254,-6.231230,110.058281,24.601892,0.088599,0.949188,-0.110449,0.281057,-6.503131,130.257507,24.931391,0.117379,0.945161,-0.221599,0.209254,-2.218803,143.639557,21.098148,0.101658,0.956301,-0.036559,0.271692,-10.005272,123.986748,23.198530,0.420284,-0.544104,0.414834,-0.596008,-26.118252,127.368698,12.987244,0.494303,-0.550897,0.342122,-0.578904,-24.428856,102.135551,5.037376,0.558553,-0.524359,0.194258,-0.612641,-21.084572,82.340691,-1.267015,-0.052461,0.906844,-0.107153,0.404228,-4.211677,123.988380,27.879255,0.599853,0.791541,-0.116590,0.006878,8.723989,127.510048,41.865055,0.605357,0.792762,0.056937,0.042783,16.153589,102.378510,45.861725,0.646880,0.721560,0.238760,0.062382,21.806816,81.676254,45.838036,0.084838,0.895433,0.184213,0.396318,-9.716372,84.272552,14.970943,0.091816,0.942150,0.028041,0.321148,-9.927402,51.559937,0.814712,-0.043182,0.940048,0.014609,0.337982,-16.896805,7.424560,-4.212747,-0.088925,0.902670,-0.071651,0.414905,3.833718,84.505333,27.766886,0.002926,0.891236,-0.148330,0.428588,7.436804,49.790161,35.007988,-0.030705,0.861097,0.010386,0.507406,1.485313,6.805327,46.783504,-0.043182,0.940048,0.014609,0.337982,-7.480094,2.184189,-14.981569,-0.030705,0.861097,0.010386,0.507406,14.076058,1.446145,40.086056
882,7.350000,-0.000598,0.928918,-0.014858,0.369986,-2.965122,84.385628,21.307245,-0.053842,0.931319,0.119043,0.339963,-2.889587,92.024055,21.092922,-0.003181,0.942536,0.010135,0.333937,-6.271700,110.049454,24.547812,0.089032,0.949115,-0.110473,0.281156,-6.529625,130.248642,24.890882,0.118519,0.944721,-0.223517,0.208554,-2.232993,143.627762,21.061226,0.101283,0.955889,-0.035793,0.273382,-10.033754,123.981567,23.148649,0.418017,-0.544503,0.414398,-0.597539,-26.113991,127.353752,12.882650,0.491481,-0.551870,0.347136,-0.577393,-24.428436,102.157295,4.816442,0.555832,-0.524680,0.200566,-0.612809,-21.272289,82.292244,-1.418342,-0.052265,0.907225,-0.105662,0.403790,-4.246900,123.975822,27.837709,0.597381,0.793761,-0.114180,0.006471,8.703276,127.466217,41.817921,0.604430,0.793337,0.055314,0.047120,16.290054,102.364731,45.706673,0.643087,0.725248,0.236382,0.067662,21.978888,81.656334,45.876209,0.084663,0.895017,0.184942,0.396956,-9.732964,84.272820,14.901585,0.091634,0.942502,0.026987,0.320258,-9.901281,51.577271,0.705417,-0.042884,0.940085,0.014384,0.337928,-16.890753,7.433692,-4.221057,-0.089306,0.902270,-0.071829,0.415660,3.802720,84.498436,27.712906,0.002600,0.891142,-0.148498,0.428727,7.418684,49.789932,34.979488,-0.030655,0.861033,0.010294,0.507519,1.485039,6.809413,46.779728,-0.042884,0.940085,0.014384,0.337928,-7.479049,2.184146,-14.989795,-0.030655,0.861033,0.010294,0.507519,14.076601,1.447327,40.086132
883,7.358333,-0.000674,0.928710,-0.014381,0.370529,-2.986338,84.375801,21.246988,-0.053810,0.931047,0.119091,0.340696,-2.914461,92.014435,21.039057,-0.003222,0.942250,0.010347,0.334736,-6.296683,110.028473,24.491243,0.088846,0.949109,-0.110193,0.281347,-6.559309,130.227478,24.841599,0.119867,0.944268,-0.225158,0.208073,-2.268642,143.610458,21.018795,0.100584,0.955437,-0.034022,0.275437,-10.059198,123.960365,23.091030,0.415529,-0.544206,0.414596,-0.599404,-26.101202,127.320946,12.761620,0.488072,-0.552831,0.352087,-0.576367,-24.407244,102.155563,4.600713,0.552218,-0.525779,0.206808,-0.613060,-21.440557,82.237717,-1.583840,-0.052227,0.907588,-0.103764,0.403472,-4.280306,123.953995,27.789890,0.594971,0.795958,-0.111516,0.005006,8.679963,127.412811,41.768593,0.602321,0.794957,0.051436,0.051069,16.420000,102.333878,45.497620,0.642445,0.727136,0.231530,0.070222,22.205904,81.638977,45.910938,0.084373,0.894862,0.185903,0.396918,-9.746690,84.264824,14.833397,0.091538,0.942625,0.025729,0.320027,-9.868840,51.591198,0.586359,-0.042756,0.940084,0.014168,0.337955,-16.887945,7.440066,-4.229098,-0.089670,0.901796,-0.071923,0.416595,3.774013,84.486771,27.660582,0.002217,0.890845,-0.148699,0.429278,7.402746,49.783867,34.947540,-0.030673,0.860944,0.010317,0.507669,1.484707,6.808546,46.774517,-0.042756,0.940084,0.014168,0.337955,-7.477550,2.183474,-14.995538,-0.030673,0.860944,0.010317,0.507669,14.078898,1.447404,40.085129
884,7.366667,-0.000684,0.928472,-0.013685,0.371151,-3.013978,84.364525,21.182993,-0.053880,0.930610,0.119463,0.341746,-2.946060,92.003456,20.984915,-0.003255,0.941814,0.010437,0.335956,-6.340435,110.020172,24.446289,0.089285,0.948870,-0.110468,0.281906,-6.606006,130.219086,24.799290,0.120928,0.943802,-0.226890,0.207690,-2.298431,143.596542,20.976097,0.099934,0.954900,-0.033088,0.277641,-10.100718,123.951912,23.038630,0.413346,-0.543687,0.414149,-0.601690,-26.100550,127.293480,12.637886,0.484782,-0.553736,0.357093,-0.575194,-24.356997,102.166496,4.369812,0.549226,-0.526387,0.213995,-0.612760,-21.579391,82.183540,-1.761860,-0.051794,0.908296,-0.101750,0.402446,-4.334013,123.945358,27.752441,0.592657,0.798165,-0.108084,0.002987,8.660028,127.354858,41.711895,0.600397,0.796239,0.049004,0.055912,16.546640,102.291779,45.234528,0.639685,0.730128,0.227790,0.076341,22.414423,81.608139,45.883961,0.083891,0.894925,0.186809,0.396451,-9.765731,84.258011,14.760271,0.091811,0.942891,0.024021,0.319298,-9.838127,51.602673,0.471023,-0.042775,0.939846,0.014052,0.338618,-16.933241,7.448393,-4.202064,-0.090124,0.901188,-0.071702,0.417848,3.737773,84.471039,27.605715,0.001792,0.890512,-0.149125,0.429822,7.391932,49.771694,34.896889,-0.030655,0.860881,0.010329,0.507776,1.484280,6.807640,46.769909,-0.042775,0.939846,0.014052,0.338618,-7.507811,2.189607,-14.954273,-0.030655,0.860881,0.010329,0.507776,14.080034,1.446576,40.083389
885,7.375000,-0.000745,0.928247,-0.012955,0.371737,-3.040581,84.352943,21.115938,-0.054052,0.930362,0.119479,0.342388,-2.977548,91.992172,20.927916,-0.003149,0.941586,0.010893,0.336582,-6.379071,110.000702,24.383837,0.089120,0.948758,-0.111033,0.282112,-6.647040,130.199265,24.755434,0.122323,0.943247,-0.228415,0.207723,-2.338515,143.572113,20.917212,0.099279,0.954423,-0.032091,0.279628,-10.138813,123.933411,22.984255,0.411676,-0.542768,0.413118,-0.604367,-26.100809,127.257156,12.519852,0.481199,-0.555228,0.361709,-0.573878,-24.259073,102.172615,4.144881,0.545092,-0.527951,0.219579,-0.613129,-21.687243,82.120377,-1.961850,-0.051529,0.908802,-0.099734,0.401842,-4.378372,123.922966,27.705713,0.589846,0.800704,-0.104662,0.000909,8.635560,127.290359,41.656864,0.599004,0.797169,0.046041,0.059971,16.698797,102.254723,44.968571,0.637478,0.733003,0.223230,0.080600,22.625946,81.566826,45.839897,0.083669,0.894638,0.187888,0.396637,-9.784210,84.250298,14.684624,0.091698,0.942992,0.022587,0.319136,-9.807769,51.621140,0.335526,-0.042107,0.939787,0.013986,0.338869,-16.935644,7.458985,-4.211592,-0.090676,0.900707,-0.071715,0.418763,3.703048,84.455597,27.547253,0.001560,0.890441,-0.149436,0.429862,7.384512,49.763508,34.859192,-0.030898,0.860834,0.010088,0.507847,1.482902,6.807727,46.765102,-0.042107,0.939787,0.013986,0.338869,-7.511715,2.191714,-14.960961,-0.030898,0.860834,0.010088,0.507847,14.080864,1.444478,40.084492
886,7.383333,-0.000584,0.927996,-0.012271,0.372387,-3.072453,84.342072,21.045567,-0.054190,0.930038,0.119648,0.343187,-3.010891,91.981575,20.868202,-0.003010,0.941289,0.011248,0.337402,-6.420501,109.978676,24.323374,0.089597,0.948556,-0.111034,0.282639,-6.688320,130.176956,24.710154,0.123040,0.942736,-0.230241,0.207604,-2.364088,143.546722,20.878914,0.098352,0.953893,-0.030740,0.281906,-10.177253,123.912605,22.928051,0.410012,-0.542126,0.412213,-0.606688,-26.096764,127.211990,12.391467,0.477865,-0.555803,0.366099,-0.573323,-24.178530,102.167557,3.914243,0.540888,-0.528426,0.225432,-0.614318,-21.765156,82.054863,-2.164517,-0.051237,0.909224,-0.097736,0.401415,-4.425034,123.898277,27.659512,0.587320,0.803093,-0.100462,-0.002116,8.603354,127.223526,41.607273,0.596598,0.798743,0.043459,0.064742,16.824091,102.204430,44.645489,0.636059,0.734695,0.219898,0.085426,22.857479,81.529175,45.757607,0.083456,0.894156,0.189077,0.397204,-9.807078,84.246811,14.604714,0.091481,0.943164,0.021027,0.318794,-9.772891,51.647057,0.188972,-0.042328,0.939859,0.013284,0.338670,-16.929222,7.475206,-4.217117,-0.091198,0.900419,-0.071688,0.419273,3.662173,84.437340,27.486416,0.001137,0.890036,-0.149798,0.430575,7.373503,49.751740,34.814011,-0.030874,0.860771,0.010165,0.507953,1.482211,6.805593,46.759716,-0.042328,0.939859,0.013284,0.338670,-7.509447,2.191367,-14.961995,-0.030874,0.860771,0.010165,0.507953,14.081981,1.443936,40.081249
887,7.391667,-0.000391,0.927755,-0.011564,0.373011,-3.106144,84.325859,20.973835,-0.054223,0.929775,0.119860,0.343820,-3.045759,91.965614,20.807638,-0.003081,0.941060,0.011561,0.338029,-6.460742,109.956535,24.266457,0.089887,0.948396,-0.111340,0.282965,-6.735803,130.154495,24.664005,0.124096,0.942248,-0.231760,0.207498,-2.399755,143.519379,20.829048,0.097106,0.953374,-0.029281,0.284239,-10.220268,123.889992,22.873793,0.408577,-0.541067,0.410955,-0.609449,-26.098049,127.154648,12.263684,0.474738,-0.556863,0.369641,-0.572619,-24.064060,102.154732,3.682697,0.536925,-0.530041,0.230070,-0.614683,-21.808601,81.999939,-2.388347,-0.051177,0.909835,-0.095510,0.400573,-4.474367,123.874962,27.612925,0.584888,0.805515,-0.095044,-0.004216,8.580438,127.161560,41.545139,0.594393,0.800077,0.042021,0.069346,16.951574,102.160919,44.312447,0.633826,0.737092,0.216043,0.091028,23.083748,81.482254,45.630749,0.083155,0.893752,0.190422,0.397533,-9.832093,84.238708,14.523806,0.091405,0.943083,0.019287,0.319168,-9.733750,51.671772,0.034358,-0.041723,0.939806,0.012981,0.338904,-16.932192,7.492363,-4.224897,-0.091832,0.900342,-0.071751,0.419288,3.619806,84.413017,27.423864,0.000926,0.890030,-0.150171,0.430458,7.369353,49.736324,34.774155,-0.030844,0.860738,0.010358,0.508008,1.482061,6.800210,46.757851,-0.041723,0.939806,0.012981,0.338904,-7.514317,2.194377,-14.964475,-0.030844,0.860738,0.010358,0.508008,14.083397,1.442841,40.078892
888,7.400000,-0.000557,0.927503,-0.010635,0.373663,-3.129286,84.313423,20.903831,-0.055114,0.929407,0.120190,0.344556,-3.076444,91.953491,20.749899,-0.002483,0.940798,0.011628,0.338760,-6.529486,109.939934,24.205986,0.090037,0.948331,-0.111164,0.283204,-6.783043,130.137970,24.614050,0.125407,0.941708,-0.233540,0.207169,-2.442949,143.503601,20.786331,0.096225,0.952800,-0.028146,0.286568,-10.271607,123.878250,22.815092,0.407316,-0.539707,0.410122,-0.612054,-26.104456,127.118179,12.130535,0.471498,-0.557625,0.372389,-0.572775,-23.956284,102.154068,3.473515,0.533293,-0.531113,0.234855,-0.615111,-21.818537,81.948250,-2.628566,-0.050705,0.910415,-0.093577,0.399771,-4.533021,123.854362,27.563038,0.582193,0.808091,-0.089424,-0.006629,8.548482,127.092567,41.481529,0.592321,0.801224,0.041380,0.074045,17.085032,102.117348,43.957813,0.630952,0.739442,0.214298,0.095928,23.305120,81.438553,45.465061,0.082944,0.893183,0.191832,0.398176,-9.846160,84.229729,14.444309,0.091305,0.943568,0.017623,0.317857,-9.682294,51.698727,-0.125034,-0.041360,0.939863,0.012471,0.338810,-16.926056,7.512149,-4.230306,-0.092280,0.900210,-0.071727,0.419477,3.587587,84.397110,27.363354,0.000633,0.889849,-0.150608,0.430681,7.364763,49.726051,34.726055,-0.030851,0.860679,0.010314,0.508108,1.481009,6.801724,46.753628,-0.041360,0.939863,0.012471,0.338810,-7.515600,2.196700,-14.967752,-0.030851,0.860679,0.010314,0.508108,14.083730,1.443439,40.078026
889,7.408333,-0.000610,0.927233,-0.009758,0.374357,-3.159612,84.300072,20.830219,-0.055394,0.929051,0.120413,0.345392,-3.112424,91.940414,20.688446,-0.002406,0.940477,0.011799,0.339643,-6.579206,109.914085,24.143501,0.090603,0.948136,-0.110779,0.283828,-6.832561,130.111984,24.558874,0.126197,0.941198,-0.235293,0.207024,-2.476717,143.477768,20.749592,0.095379,0.952251,-0.026792,0.288795,-10.318044,123.853127,22.750959,0.407199,-0.539047,0.407960,-0.614154,-26.107538,127.072540,11.996258,0.469221,-0.558706,0.374327,-0.572328,-23.827896,102.150726,3.251400,0.530065,-0.531991,0.237952,-0.615951,-21.799534,81.905273,-2.873411,-0.050458,0.910970,-0.091530,0.399012,-4.588377,123.827126,27.509659,0.579696,0.810432,-0.084048,-0.009359,8.517610,127.023270,41.414841,0.589796,0.802777,0.040674,0.077684,17.205624,102.072762,43.595936,0.630139,0.740216,0.212524,0.099192,23.540922,81.405464,45.259819,0.082523,0.892720,0.193388,0.398550,-9.866820,84.221443,14.360597,0.091259,0.943853,0.015833,0.317117,-9.624092,51.728214,-0.291695,-0.041175,0.939942,0.011765,0.338638,-16.918516,7.535496,-4.238104,-0.092843,0.900097,-0.071781,0.419586,3.547596,84.378693,27.299845,0.000382,0.889756,-0.150986,0.430740,7.357975,49.715618,34.683002,-0.030963,0.860623,0.010306,0.508196,1.478902,6.801498,46.749241,-0.041175,0.939942,0.011765,0.338638,-7.515939,2.199181,-14.972109,-0.030963,0.860623,0.010306,0.508196,14.084045,1.444787,40.076946
890,7.416667,-0.000580,0.926955,-0.009030,0.375063,-3.194007,84.288315,20.757814,-0.055946,0.928723,0.120779,0.346057,-3.150460,91.928864,20.626554,-0.002093,0.940247,0.011856,0.340281,-6.643250,109.896446,24.084230,0.090624,0.947929,-0.111450,0.284249,-6.885777,130.094330,24.505907,0.127212,0.940662,-0.236541,0.207412,-2.522004,143.453262,20.681643,0.094587,0.951672,-0.025584,0.291065,-10.372345,123.838043,22.691233,0.406317,-0.537872,0.406842,-0.616506,-26.116680,127.037346,11.864571,0.467223,-0.559391,0.374846,-0.572953,-23.721617,102.151741,3.047738,0.527660,-0.533508,0.239436,-0.616129,-21.738396,81.876854,-3.142492,-0.049932,0.911397,-0.089997,0.398452,-4.649121,123.807251,27.457649,0.577350,0.812699,-0.077789,-0.011652,8.476225,126.960007,41.354473,0.587229,0.804247,0.042033,0.081138,17.305630,102.034584,43.233589,0.627081,0.742206,0.212981,0.102660,23.763788,81.358498,44.996990,0.082068,0.892252,0.194914,0.398948,-9.891348,84.215157,14.277913,0.091223,0.943865,0.013951,0.317179,-9.568025,51.758789,-0.454327,-0.040716,0.940005,0.011079,0.338540,-16.913107,7.560444,-4.240486,-0.093407,0.899948,-0.071742,0.419788,3.503334,84.361465,27.237719,0.000011,0.889530,-0.151408,0.431059,7.349051,49.705482,34.635838,-0.030979,0.860591,0.010209,0.508252,1.478901,6.802845,46.747150,-0.040716,0.940005,0.011079,0.338540,-7.519594,2.201005,-14.970904,-0.030979,0.860591,0.010209,0.508252,14.084569,1.444039,40.077526
891,7.425000,-0.000594,0.926654,-0.008070,0.375829,-3.229894,84.273186,20.678230,-0.056319,0.928388,0.120896,0.346854,-3.191959,91.913994,20.560528,-0.001794,0.939966,0.012025,0.341052,-6.701116,109.874199,24.013319,0.090820,0.947769,-0.110998,0.284897,-6.934971,130.071976,24.445337,0.128044,0.940064,-0.238264,0.207639,-2.565720,143.434006,20.638266,0.093549,0.951228,-0.024593,0.292932,-10.421472,123.818268,22.621651,0.406178,-0.536817,0.405114,-0.618652,-26.131100,126.987114,11.735784,0.465955,-0.560051,0.374508,-0.573561,-23.601528,102.138611,2.852118,0.525413,-0.535351,0.239628,-0.616376,-21.636425,81.852875,-3.403844,-0.049682,0.911793,-0.088206,0.397977,-4.706050,123.782288,27.397383,0.574863,0.815046,-0.071091,-0.013384,8.434906,126.897705,41.287868,0.584880,0.805588,0.044050,0.083684,17.413925,102.005531,42.876286,0.625350,0.743199,0.213714,0.104494,23.985859,81.326614,44.690037,0.081374,0.891759,0.196453,0.399438,-9.916507,84.206398,14.187193,0.091312,0.944344,0.012216,0.315797,-9.495576,51.784897,-0.619158,-0.040409,0.940063,0.010396,0.338437,-16.903151,7.583922,-4.249713,-0.094143,0.899954,-0.071807,0.419600,3.456718,84.339981,27.169270,-0.000301,0.889099,-0.151819,0.431803,7.348739,49.694504,34.592323,-0.030965,0.860528,0.010253,0.508358,1.477483,6.803071,46.742706,-0.040409,0.940063,0.010396,0.338437,-7.517204,2.203074,-14.976035,-0.030965,0.860528,0.010253,0.508358,14.084889,1.445205,40.075619
892,7.433333,-0.000635,0.926367,-0.007184,0.376554,-3.267004,84.257973,20.598871,-0.056665,0.928079,0.121186,0.347525,-3.234645,91.898979,20.493502,-0.001600,0.939731,0.012119,0.341695,-6.762084,109.856071,23.949236,0.090940,0.947663,-0.110535,0.285390,-6.990169,130.053787,24.387308,0.129195,0.939441,-0.240015,0.207732,-2.618395,143.419525,20.596188,0.092698,0.950747,-0.023680,0.294834,-10.476147,123.801743,22.556894,0.406547,-0.535821,0.403171,-0.620539,-26.148611,126.946083,11.610518,0.465022,-0.560908,0.372719,-0.574645,-23.479141,102.131927,2.671963,0.524075,-0.536826,0.238529,-0.616658,-21.495018,81.847664,-3.690793,-0.049603,0.912214,-0.086517,0.397391,-4.767258,123.762466,27.340406,0.572630,0.817167,-0.064077,-0.015062,8.392050,126.847878,41.220211,0.582681,0.806725,0.047948,0.085899,17.504374,101.987053,42.513046,0.620798,0.745782,0.217004,0.106434,24.188936,81.284370,44.318687,0.080854,0.891209,0.197967,0.400023,-9.943456,84.196594,14.097327,0.091355,0.944746,0.010425,0.314645,-9.434899,51.811646,-0.786074,-0.040034,0.940080,0.009709,0.338457,-16.901381,7.607743,-4.256672,-0.094908,0.899933,-0.071736,0.419485,3.409448,84.319351,27.100414,-0.000413,0.889203,-0.152339,0.431406,7.353096,49.683460,34.540916,-0.030974,0.860485,0.010118,0.508433,1.476047,6.806266,46.738655,-0.040034,0.940080,0.009709,0.338457,-7.520956,2.204770,-14.976700,-0.030974,0.860485,0.010118,0.508433,14.084014,1.445305,40.075115
893,7.441667,-0.000815,0.926073,-0.006309,0.377291,-3.299615,84.240829,20.517113,-0.056778,0.927775,0.121471,0.348216,-3.274766,91.882011,20.423126,-0.001608,0.939479,0.012224,0.342385,-6.811995,109.834503,23.884115,0.090771,0.947426,-0.111017,0.286041,-7.042142,130.032104,24.325930,0.130096,0.938863,-0.241122,0.208497,-2.667598,143.394012,20.524492,0.091942,0.950336,-0.022652,0.296471,-10.524988,123.780205,22.489136,0.406864,-0.534812,0.401375,-0.622363,-26.165346,126.905571,11.491527,0.464453,-0.561146,0.370312,-0.576426,-23.361971,102.124443,2.502494,0.522883,-0.537983,0.236754,-0.617345,-21.310186,81.853294,-3.974073,-0.049379,0.912583,-0.085177,0.396861,-4.823129,123.740349,27.281019,0.570888,0.818809,-0.057939,-0.016811,8.353372,126.796173,41.151058,0.580110,0.808271,0.052186,0.086296,17.568403,101.960693,42.174919,0.617007,0.747872,0.220609,0.106403,24.394709,81.249481,43.902012,0.080171,0.890622,0.199638,0.400636,-9.965704,84.182411,14.004919,0.091453,0.945363,0.008625,0.312810,-9.354034,51.837009,-0.960371,-0.039792,0.940190,0.008989,0.338199,-16.886335,7.631639,-4.266233,-0.095367,0.899449,-0.071908,0.420389,3.366475,84.299248,27.029306,-0.001135,0.888359,-0.152567,0.433059,7.326517,49.671341,34.498238,-0.031074,0.860374,0.010232,0.508612,1.475586,6.800482,46.730793,-0.039792,0.940190,0.008989,0.338199,-7.516460,2.206805,-14.984447,-0.031074,0.860374,0.010232,0.508612,14.087890,1.443902,40.071941
894,7.450000,-0.000887,0.925790,-0.005341,0.378000,-3.339221,84.227196,20.428490,-0.057109,0.927477,0.121870,0.348817,-3.320918,91.868553,20.347799,-0.001279,0.939280,0.012354,0.342927,-6.876609,109.814835,23.815435,0.091223,0.947136,-0.111642,0.286614,-7.096321,130.012344,24.266582,0.130822,0.938353,-0.242195,0.209095,-2.701830,143.365082,20.455950,0.091381,0.949919,-0.021820,0.298039,-10.580446,123.763206,22.422827,0.407522,-0.533827,0.399089,-0.624246,-26.188683,126.874649,11.375741,0.464592,-0.561581,0.367040,-0.577982,-23.232452,102.131760,2.330510,0.522981,-0.538562,0.232773,-0.618270,-21.094084,81.864357,-4.270120,-0.049196,0.912919,-0.083937,0.396375,-4.884106,123.717987,27.221224,0.569204,0.820289,-0.052641,-0.019030,8.308019,126.747322,41.082222,0.577609,0.809837,0.057049,0.085311,17.620607,101.938797,41.843220,0.612758,0.750141,0.225115,0.105541,24.593220,81.224289,43.426929,0.079509,0.889835,0.201253,0.401707,-9.995332,84.174263,13.906048,0.091499,0.945983,0.006839,0.310962,-9.275665,51.867474,-1.137623,-0.039214,0.940305,0.008172,0.337967,-16.868311,7.660374,-4.278126,-0.095922,0.899104,-0.071892,0.421002,3.316889,84.280136,26.950932,-0.001640,0.888186,-0.153063,0.433238,7.307488,49.659637,34.437920,-0.030923,0.860305,0.010292,0.508736,1.475096,6.802541,46.727390,-0.039214,0.940305,0.008172,0.337967,-7.512330,2.207629,-14.994314,-0.030923,0.860305,0.010292,0.508736,14.088188,1.445245,40.070606
895,7.458333,-0.001152,0.925519,-0.004211,0.378676,-3.371183,84.209259,20.334940,-0.057208,0.927239,0.122129,0.349342,-3.363102,91.850769,20.268703,-0.001345,0.939102,0.012716,0.343401,-6.927707,109.795464,23.742035,0.091293,0.946885,-0.112163,0.287217,-7.155199,129.992599,24.205893,0.131667,0.937773,-0.243274,0.209915,-2.751538,143.339600,20.385706,0.090609,0.949578,-0.020925,0.299423,-10.635189,123.743378,22.354607,0.407741,-0.532711,0.397398,-0.626132,-26.216820,126.834427,11.264322,0.465025,-0.560922,0.363119,-0.580743,-23.126110,102.125679,2.170848,0.523462,-0.538432,0.228654,-0.619512,-20.830933,81.893410,-4.558373,-0.049215,0.913284,-0.082669,0.395799,-4.943694,123.697151,27.158741,0.567844,0.821500,-0.047495,-0.020842,8.266057,126.706528,41.007294,0.575225,0.811297,0.063076,0.083276,17.656780,101.921295,41.529419,0.608370,0.752173,0.231219,0.103240,24.777510,81.200851,42.902687,0.078631,0.889295,0.202920,0.402238,-10.017746,84.159668,13.802741,0.091726,0.946361,0.004867,0.309780,-9.183976,51.890999,-1.316674,-0.038837,0.940380,0.007477,0.337820,-16.854668,7.685554,-4.286183,-0.096482,0.898686,-0.072136,0.421725,3.275380,84.258850,26.867140,-0.002163,0.887831,-0.153438,0.433829,7.287959,49.648529,34.389370,-0.031129,0.860271,0.010154,0.508784,1.474444,6.801966,46.724461,-0.038837,0.940380,0.007477,0.337820,-7.508115,2.210357,-14.999159,-0.031129,0.860271,0.010154,0.508784,14.089552,1.444428,40.071682
896,7.466667,-0.001203,0.925269,-0.003478,0.379294,-3.418300,84.196472,20.242069,-0.057160,0.927060,0.122275,0.349772,-3.415145,91.838066,20.185907,-0.001325,0.938971,0.013060,0.343747,-6.979558,109.771515,23.661205,0.090721,0.946818,-0.112127,0.287633,-7.211219,129.968292,24.138311,0.132973,0.937102,-0.244466,0.210701,-2.820707,143.319168,20.316549,0.089777,0.949306,-0.020106,0.300590,-10.688656,123.719643,22.280304,0.408126,-0.531745,0.395435,-0.627943,-26.248983,126.787743,11.153797,0.465944,-0.560001,0.358540,-0.583732,-23.021236,102.116226,2.006986,0.524332,-0.537918,0.223303,-0.621173,-20.537554,81.927780,-4.855279,-0.049641,0.913613,-0.081058,0.395319,-5.000705,123.671295,27.088612,0.566366,0.822886,-0.040477,-0.021230,8.222097,126.670204,40.926975,0.572721,0.812762,0.069983,0.080695,17.700872,101.914688,41.216175,0.605272,0.753490,0.236911,0.098854,24.978134,81.195831,42.337738,0.077433,0.888750,0.204578,0.402833,-10.056137,84.151138,13.700975,0.092318,0.947128,0.002566,0.307277,-9.087153,51.917313,-1.484567,-0.038298,0.940333,0.006810,0.338024,-16.879353,7.720142,-4.254141,-0.097287,0.898222,-0.072202,0.422516,3.219537,84.241806,26.783163,-0.002519,0.887756,-0.153874,0.433827,7.274431,49.643303,34.336967,-0.031176,0.860206,0.009897,0.508897,1.472366,6.808930,46.719673,-0.038298,0.940333,0.006810,0.338024,-7.535916,2.221925,-14.958035,-0.031176,0.860206,0.009897,0.508897,14.088352,1.445944,40.072964
897,7.475000,-0.001484,0.924964,-0.002834,0.380041,-3.467429,84.178230,20.145691,-0.057036,0.926943,0.122547,0.350007,-3.471947,91.819885,20.097000,-0.001240,0.938947,0.013244,0.343806,-7.035365,109.745956,23.581221,0.090747,0.946778,-0.111362,0.288055,-7.266413,129.942566,24.066465,0.134005,0.936438,-0.245985,0.211231,-2.878575,143.300766,20.267353,0.088995,0.949055,-0.018678,0.301704,-10.743826,123.694763,22.205496,0.408278,-0.530403,0.393886,-0.629949,-26.283566,126.749039,11.046455,0.466985,-0.558724,0.353418,-0.587238,-22.915421,102.111946,1.857560,0.526245,-0.536573,0.217442,-0.622796,-20.210705,81.976326,-5.151442,-0.049873,0.913849,-0.079992,0.394961,-5.056477,123.644295,27.014494,0.565654,0.823381,-0.038581,-0.024303,8.176404,126.634430,40.845119,0.570102,0.814603,0.075911,0.075118,17.690466,101.890961,40.941257,0.601332,0.755141,0.243537,0.094080,25.148741,81.186058,41.730209,0.076162,0.888295,0.206529,0.403084,-10.094674,84.132568,13.593866,0.092601,0.947749,0.000584,0.305280,-8.982982,51.942017,-1.673447,-0.037652,0.940423,0.006000,0.337863,-16.859297,7.748991,-4.265452,-0.098090,0.897802,-0.072301,0.423206,3.159817,84.223900,26.697517,-0.003057,0.887342,-0.154273,0.434529,7.256648,49.637596,34.284504,-0.030850,0.860111,0.009951,0.509076,1.472151,6.814551,46.714523,-0.037652,0.940423,0.006000,0.337863,-7.528915,2.222484,-14.966165,-0.030850,0.860111,0.009951,0.509076,14.088078,1.448132,40.070461
898,7.483333,-0.001552,0.924622,-0.002154,0.380878,-3.519370,84.159142,20.041401,-0.056692,0.926780,0.122871,0.350383,-3.528767,91.800842,20.001919,-0.001484,0.938854,0.013507,0.344047,-7.085266,109.722206,23.499634,0.090513,0.946585,-0.111852,0.288573,-7.329335,129.918503,23.991421,0.135173,0.935806,-0.246831,0.212299,-2.941124,143.273209,20.180441,0.088393,0.948907,-0.017857,0.302395,-10.801824,123.669121,22.126572,0.409131,-0.529859,0.391142,-0.631562,-26.329517,126.709869,10.947101,0.468700,-0.556686,0.347987,-0.591038,-22.816553,102.118828,1.689363,0.528285,-0.533961,0.212355,-0.625065,-19.846258,82.035233,-5.452475,-0.049828,0.913982,-0.079338,0.394789,-5.116961,123.620651,26.938528,0.564611,0.824155,-0.035668,-0.026652,8.121343,126.598907,40.766518,0.567772,0.816059,0.083207,0.068982,17.691544,101.877090,40.669655,0.597217,0.756585,0.251193,0.088389,25.316042,81.189285,41.068764,0.074545,0.887812,0.208294,0.403543,-10.134744,84.117096,13.477570,0.093123,0.948334,-0.001320,0.303297,-8.860534,51.961357,-1.850294,-0.037016,0.940508,0.005137,0.337711,-16.838272,7.777169,-4.277690,-0.098927,0.897269,-0.072401,0.424122,3.096003,84.201187,26.605230,-0.003670,0.886848,-0.154699,0.435380,7.234874,49.627659,34.227547,-0.030915,0.860027,0.009823,0.509217,1.470610,6.816816,46.708885,-0.037016,0.940508,0.005137,0.337711,-7.520849,2.221134,-14.974398,-0.030915,0.860027,0.009823,0.509217,14.088675,1.448361,40.070549
899,7.491667,-0.001652,0.924364,-0.001211,0.381505,-3.556984,84.133217,19.933786,-0.056760,0.926615,0.123111,0.350724,-3.573257,91.774956,19.907043,-0.001668,0.938757,0.013947,0.344293,-7.137135,109.697250,23.411303,0.090541,0.946348,-0.112176,0.289213,-7.394445,129.893021,23.917128,0.136011,0.935158,-0.247883,0.213387,-2.999416,143.244186,20.101608,0.087561,0.948802,-0.016772,0.303029,-10.861925,123.642731,22.046047,0.409317,-0.528326,0.389371,-0.633815,-26.380428,126.664856,10.848775,0.469976,-0.554437,0.342164,-0.595521,-22.708174,102.114616,1.544663,0.530765,-0.531027,0.206229,-0.627509,-19.453350,82.103439,-5.754597,-0.049686,0.914146,-0.078764,0.394544,-5.179590,123.594536,26.860994,0.564040,0.824414,-0.035798,-0.030330,8.066776,126.558540,40.684330,0.564954,0.817988,0.089766,0.060536,17.660080,101.846817,40.429134,0.593989,0.757246,0.259271,0.080830,25.482145,81.203270,40.376274,0.072951,0.887467,0.210102,0.403656,-10.163436,84.096146,13.360945,0.093673,0.948588,-0.003409,0.302316,-8.732827,51.977562,-2.030890,-0.035984,0.940580,0.004490,0.337629,-16.816307,7.803514,-4.286800,-0.099744,0.896774,-0.072633,0.424938,3.049468,84.170296,26.506630,-0.004105,0.886504,-0.155190,0.435901,7.225843,49.610744,34.171753,-0.031030,0.859946,0.009804,0.509346,1.469679,6.813887,46.704693,-0.035984,0.940580,0.004490,0.337629,-7.513927,2.219649,-14.982112,-0.031030,0.859946,0.009804,0.509346,14.090763,1.446778,40.070995
900,7.500000,-0.001785,0.923979,-0.000373,0.382439,-3.610166,84.104942,19.818789,-0.056453,0.926475,0.123439,0.351027,-3.633188,91.746696,19.803089,-0.001808,0.938716,0.014277,0.344390,-7.192530,109.670685,23.322063,0.091029,0.946126,-0.112131,0.289804,-7.459805,129.866058,23.838444,0.136736,0.934588,-0.248920,0.214215,-3.048821,143.214493,20.031742,0.086933,0.948717,-0.015960,0.303519,-10.923834,123.615074,21.963341,0.408886,-0.525750,0.388375,-0.636839,-26.435072,126.623047,10.752192,0.470513,-0.551860,0.336771,-0.600544,-22.577814,102.111938,1.419831,0.533329,-0.527119,0.200174,-0.630584,-19.038837,82.186081,-6.041519,-0.050126,0.914436,-0.077485,0.394068,-5.242504,123.567116,26.779472,0.563531,0.824661,-0.035260,-0.033519,8.016684,126.526283,40.591545,0.562155,0.819693,0.096800,0.052107,17.629593,101.824295,40.179485,0.592596,0.756232,0.267731,0.072548,25.641939,81.233444,39.662079,0.071645,0.887152,0.211515,0.403843,-10.203317,84.071548,13.232586,0.093849,0.948664,-0.005427,0.301993,-8.645010,51.981987,-2.207309,-0.035502,0.940629,0.004201,0.337549,-16.798780,7.812491,-4.293079,-0.100694,0.896400,-0.072821,0.425470,2.982985,84.138336,26.404991,-0.004713,0.885951,-0.155655,0.436853,7.208986,49.594315,34.112782,-0.031042,0.859859,0.009936,0.509491,1.469504,6.810942,46.699287,-0.035502,0.940629,0.004201,0.337549,-7.504357,2.215968,-14.988689,-0.031042,0.859859,0.009936,0.509491,14.093626,1.447321,40.068550
901,7.508333,-0.002153,0.923626,0.000358,0.383289,-3.647636,84.081459,19.700760,-0.056425,0.926315,0.123790,0.351330,-3.680119,91.723190,19.693199,-0.001894,0.938662,0.014683,0.344520,-7.243776,109.642220,23.222919,0.090106,0.946120,-0.112189,0.290090,-7.520020,129.837112,23.753471,0.138220,0.933915,-0.249754,0.215224,-3.131501,143.190704,19.938889,0.086208,0.948684,-0.015376,0.303860,-10.980788,123.585930,21.872980,0.408847,-0.523773,0.386897,-0.639388,-26.488871,126.573776,10.652095,0.471304,-0.548533,0.331275,-0.606004,-22.460831,102.104210,1.282910,0.536047,-0.521700,0.195336,-0.634293,-18.601633,82.271568,-6.329377,-0.050393,0.914486,-0.076829,0.394047,-5.300797,123.537064,26.690683,0.562397,0.825456,-0.032895,-0.035349,7.957994,126.495728,40.503246,0.559990,0.820670,0.104958,0.043538,17.631935,101.820625,39.937057,0.590319,0.755867,0.275868,0.063919,25.798559,81.278236,38.917084,0.070884,0.886899,0.212444,0.404046,-10.228619,84.046951,13.102404,0.093835,0.948590,-0.007257,0.302190,-8.591060,51.977749,-2.371551,-0.034807,0.940527,0.004352,0.337902,-16.792854,7.810098,-4.302474,-0.101393,0.895837,-0.072960,0.426466,2.933347,84.115967,26.299116,-0.005499,0.885092,-0.156207,0.438384,7.190499,49.583443,34.041245,-0.031031,0.859748,0.009725,0.509681,1.470032,6.816289,46.691364,-0.034807,0.940527,0.004352,0.337902,-7.497497,2.210732,-14.995784,-0.031031,0.859748,0.009725,0.509681,14.095908,1.447507,40.068161
902,7.516667,-0.002300,0.923239,0.001083,0.384218,-3.687551,84.059799,19.577776,-0.056144,0.926155,0.124209,0.351649,-3.726358,91.701500,19.579550,-0.002325,0.938596,0.015132,0.344677,-7.284742,109.606674,23.123760,0.090382,0.945964,-0.111263,0.290868,-7.583685,129.800949,23.665268,0.138845,0.933234,-0.251231,0.216053,-3.190526,143.161850,19.881762,0.085528,0.948641,-0.014263,0.304239,-11.036823,123.546944,21.780140,0.408100,-0.521630,0.386085,-0.642102,-26.540487,126.522552,10.549889,0.472376,-0.544422,0.325509,-0.611972,-22.360411,102.092064,1.145395,0.537877,-0.517682,0.189423,-0.637818,-18.139160,82.363914,-6.610106,-0.050475,0.914587,-0.076012,0.393960,-5.358470,123.501762,26.599810,0.561887,0.825585,-0.034149,-0.039061,7.902680,126.450790,40.412174,0.557282,0.822111,0.111789,0.032774,17.592354,101.785088,39.719715,0.587986,0.755441,0.284041,0.053874,25.936737,81.327232,38.153507,0.069518,0.886808,0.213899,0.403715,-10.255246,84.027985,12.966177,0.094097,0.948554,-0.009470,0.302163,-8.494048,51.989304,-2.557360,-0.034062,0.940549,0.003920,0.337924,-16.778072,7.829428,-4.306436,-0.102300,0.895346,-0.073083,0.427258,2.880145,84.091614,26.189375,-0.006020,0.884716,-0.156852,0.438907,7.183810,49.573559,33.970188,-0.031078,0.859709,0.009323,0.509753,1.471821,6.825084,46.687103,-0.034062,0.940549,0.003920,0.337924,-7.491674,2.211025,-14.997549,-0.031078,0.859709,0.009323,0.509753,14.097196,1.447299,40.070240
903,7.525000,-0.002323,0.922832,0.001903,0.385191,-3.731532,84.034271,19.450235,-0.056202,0.925928,0.124569,0.352110,-3.775501,91.675934,19.463402,-0.002527,0.938479,0.015542,0.344978,-7.341769,109.575127,23.016760,0.089451,0.945944,-0.110817,0.291390,-7.654245,129.768860,23.570929,0.140409,0.932468,-0.252232,0.217180,-3.286286,143.139862,19.793968,0.084815,0.948603,-0.012933,0.304616,-11.102075,123.513809,21.679573,0.407592,-0.519758,0.384890,-0.644655,-26.601536,126.478615,10.440679,0.473782,-0.539742,0.319849,-0.617985,-22.269255,102.091232,0.993317,0.540420,-0.511868,0.183755,-0.642006,-17.666590,82.474480,-6.882004,-0.050699,0.914533,-0.075347,0.394186,-5.426828,123.469254,26.502905,0.560915,0.826056,-0.034490,-0.042615,7.826530,126.416649,40.323090,0.554690,0.823278,0.118521,0.022043,17.558693,101.772285,39.482395,0.586720,0.754234,0.291625,0.042970,26.071894,81.390610,37.370193,0.068482,0.886353,0.214891,0.404363,-10.285268,84.007980,12.824780,0.094238,0.948480,-0.011465,0.302281,-8.417830,51.989437,-2.727859,-0.033542,0.940541,0.003780,0.337998,-16.767546,7.835695,-4.311681,-0.103164,0.894714,-0.073184,0.428356,2.822205,84.060562,26.075691,-0.006722,0.884076,-0.157482,0.439958,7.167585,49.556206,33.894001,-0.030797,0.859572,0.009541,0.509996,1.471308,6.826347,46.680336,-0.033542,0.940541,0.003780,0.337998,-7.485599,2.208332,-15.001943,-0.030797,0.859572,0.009541,0.509996,14.098867,1.449821,40.066631
904,7.533333,-0.002060,0.922546,0.002380,0.385874,-3.784778,84.004677,19.319805,-0.056298,0.925749,0.124838,0.352471,-3.827862,91.646324,19.341206,-0.002635,0.938383,0.016090,0.345212,-7.402457,109.543694,22.901218,0.089532,0.945704,-0.110936,0.292097,-7.726817,129.736710,23.474554,0.141132,0.931859,-0.253029,0.218394,-3.351846,143.105896,19.699261,0.084422,0.948555,-0.011773,0.304922,-11.170095,123.481491,21.575468,0.407004,-0.517001,0.384199,-0.647648,-26.664930,126.445244,10.329917,0.474351,-0.535363,0.314141,-0.624254,-22.152931,102.096176,0.867822,0.542576,-0.506137,0.178222,-0.646277,-17.182081,82.592674,-7.157572,-0.050737,0.914578,-0.074455,0.394245,-5.497262,123.435577,26.401630,0.559733,0.826717,-0.034092,-0.045556,7.754146,126.370934,40.226250,0.552315,0.824056,0.125510,0.011318,17.542795,101.754311,39.241180,0.584557,0.753634,0.298844,0.031963,26.197916,81.471298,36.575821,0.067517,0.885720,0.216093,0.405272,-10.328720,83.986366,12.684647,0.094257,0.948525,-0.013515,0.302049,-8.348601,51.995396,-2.910748,-0.032865,0.940520,0.003510,0.338127,-16.755733,7.846573,-4.318203,-0.104193,0.894061,-0.073379,0.429436,2.759164,84.022987,25.954966,-0.007354,0.883570,-0.158109,0.440741,7.153697,49.535877,33.821751,-0.030754,0.859490,0.009608,0.510137,1.471416,6.824598,46.676235,-0.032865,0.940520,0.003510,0.338127,-7.479093,2.205257,-15.005723,-0.030754,0.859490,0.009608,0.510137,14.101076,1.449152,40.065655
905,7.541667,-0.002112,0.922208,0.003106,0.386677,-3.824344,83.978806,19.180470,-0.056231,0.925527,0.125237,0.352922,-3.872471,91.620384,19.211760,-0.003040,0.938238,0.016631,0.345578,-7.449815,109.505310,22.782602,0.087819,0.945808,-0.110345,0.292504,-7.797318,129.697510,23.370657,0.143088,0.931056,-0.253853,0.219589,-3.470116,143.083023,19.598148,0.083882,0.948566,-0.010763,0.305074,-11.232053,123.439835,21.464190,0.406184,-0.514607,0.383322,-0.650583,-26.726801,126.395630,10.216428,0.475498,-0.530131,0.308531,-0.630611,-22.048197,102.091072,0.720879,0.544387,-0.500765,0.172656,-0.650436,-16.679850,82.718987,-7.415948,-0.050853,0.914439,-0.073857,0.394664,-5.563017,123.396721,26.294834,0.558967,0.826926,-0.035703,-0.049754,7.675124,126.327980,40.133018,0.549105,0.825469,0.130704,-0.000817,17.488020,101.726936,39.009769,0.585921,0.750871,0.304192,0.018898,26.312384,81.579880,35.788929,0.066728,0.885320,0.216451,0.406084,-10.356718,83.964882,12.533912,0.094483,0.948784,-0.015548,0.301066,-8.302047,51.977413,-3.059007,-0.032625,0.940340,0.004008,0.338644,-16.784500,7.837746,-4.290490,-0.105028,0.893641,-0.073842,0.430025,2.708030,83.992729,25.827026,-0.007991,0.883197,-0.158714,0.441259,7.135366,49.522938,33.751118,-0.030759,0.859442,0.009364,0.510221,1.472054,6.829783,46.673969,-0.032625,0.940340,0.004008,0.338644,-7.497130,2.207553,-14.974551,-0.030759,0.859442,0.009364,0.510221,14.101803,1.448544,40.068279
906,7.550000,-0.001875,0.921916,0.003571,0.387370,-3.879748,83.955276,19.042320,-0.056286,0.925327,0.125544,0.353329,-3.927310,91.596832,19.081535,-0.003121,0.938120,0.017169,0.345871,-7.511177,109.474350,22.659557,0.087080,0.945772,-0.109542,0.293143,-7.869429,129.665787,23.266756,0.144475,0.930221,-0.255137,0.220731,-3.564513,143.063583,19.512411,0.082943,0.948430,-0.009661,0.305791,-11.299746,123.408195,21.352123,0.405387,-0.511559,0.383157,-0.653574,-26.783600,126.341782,10.083558,0.476110,-0.525086,0.303004,-0.637018,-21.932407,102.069412,0.592302,0.546558,-0.494279,0.166752,-0.655101,-16.186083,82.852798,-7.659083,-0.051010,0.914339,-0.073051,0.395026,-5.633731,123.363350,26.186296,0.557816,0.827473,-0.036105,-0.053166,7.592714,126.288666,40.036930,0.546053,0.826355,0.137151,-0.012394,17.455105,101.714287,38.772224,0.583791,0.750259,0.310223,0.007815,26.432741,81.702957,34.982368,0.065785,0.884566,0.217208,0.407476,-10.402139,83.948837,12.385952,0.094546,0.948758,-0.017386,0.301026,-8.240923,51.975845,-3.222244,-0.032064,0.940287,0.003843,0.338847,-16.778316,7.842705,-4.298305,-0.106082,0.893137,-0.074089,0.430772,2.642643,83.961716,25.698689,-0.008610,0.882791,-0.159397,0.441813,7.121811,49.510391,33.673779,-0.030582,0.859352,0.009176,0.510388,1.472235,6.837705,46.670036,-0.032064,0.940287,0.003843,0.338847,-7.493004,2.202578,-14.978918,-0.030582,0.859352,0.009176,0.510388,14.101882,1.449373,40.069927
907,7.558333,-0.001732,0.921698,0.004372,0.387880,-3.924219,83.931900,18.893667,-0.056424,0.925091,0.126077,0.353735,-3.974540,91.573364,18.944984,-0.003277,0.937971,0.017816,0.346242,-7.570562,109.440353,22.536579,0.087643,0.945476,-0.109002,0.294129,-7.944041,129.630844,23.165983,0.144824,0.929580,-0.256322,0.221825,-3.622853,143.030289,19.436298,0.082167,0.948325,-0.008738,0.306352,-11.368256,123.372879,21.241632,0.404720,-0.508900,0.382329,-0.656542,-26.843781,126.288368,9.956941,0.476864,-0.519931,0.297628,-0.643188,-21.815136,102.059685,0.446416,0.548787,-0.487609,0.161863,-0.659448,-15.692735,82.994225,-7.906113,-0.051269,0.914305,-0.072090,0.395248,-5.706080,123.326782,26.080292,0.557152,0.827630,-0.036749,-0.057096,7.512531,126.247108,39.939445,0.542838,0.827358,0.142203,-0.024162,17.391228,101.687752,38.519623,0.584401,0.747886,0.314819,-0.005562,26.512527,81.832634,34.190056,0.064445,0.884538,0.217959,0.407348,-10.439243,83.933746,12.230088,0.094669,0.948582,-0.019309,0.301424,-8.173555,51.971626,-3.385556,-0.031585,0.940246,0.003755,0.339008,-16.772661,7.846925,-4.304548,-0.106851,0.892649,-0.074668,0.431492,2.590806,83.930054,25.557247,-0.009504,0.882162,-0.160029,0.442821,7.093613,49.496548,33.595741,-0.030333,0.859294,0.009118,0.510501,1.474862,6.843462,46.669495,-0.031585,0.940246,0.003755,0.339008,-7.489182,2.199719,-14.983012,-0.030333,0.859294,0.009118,0.510501,14.103563,1.450074,40.071709
908,7.566667,-0.001262,0.921505,0.005170,0.388329,-3.985379,83.907120,18.727125,-0.056392,0.924847,0.126705,0.354152,-4.033838,91.548492,18.792450,-0.003281,0.937818,0.018384,0.346625,-7.637815,109.406471,22.403358,0.087137,0.945357,-0.108071,0.295004,-8.019650,129.596130,23.054066,0.145810,0.928793,-0.257423,0.223194,-3.714313,143.007568,19.349260,0.081910,0.948243,-0.007564,0.306705,-11.439850,123.338905,21.120203,0.403989,-0.506137,0.381795,-0.659432,-26.908611,126.258514,9.827315,0.477773,-0.514366,0.292178,-0.649456,-21.709637,102.068832,0.309135,0.550906,-0.480797,0.156363,-0.663994,-15.189936,83.147476,-8.139666,-0.051374,0.914208,-0.071192,0.395622,-5.781639,123.289825,25.963465,0.555959,0.828250,-0.035931,-0.060170,7.425116,126.200958,39.835846,0.540379,0.827494,0.148456,-0.034721,17.355061,101.672279,38.252701,0.581044,0.747715,0.320975,-0.016922,26.582108,81.949455,33.390995,0.063649,0.883675,0.218396,0.409110,-10.493937,83.922867,12.057251,0.094413,0.948257,-0.021345,0.302391,-8.134038,51.967060,-3.557351,-0.031413,0.940261,0.003789,0.338982,-16.765532,7.845435,-4.304562,-0.107878,0.891960,-0.075438,0.432526,2.523180,83.891373,25.396999,-0.010434,0.881689,-0.160618,0.443527,7.056789,49.481819,33.520275,-0.030136,0.859232,0.009120,0.510616,1.477717,6.847408,46.671677,-0.031413,0.940261,0.003789,0.338982,-7.484432,2.197355,-14.984629,-0.030136,0.859232,0.009120,0.510616,14.106300,1.451185,40.075989
909,7.575000,-0.001246,0.921365,0.006438,0.388643,-4.022689,83.879646,18.560783,-0.056569,0.924600,0.127318,0.354548,-4.078481,91.520798,18.644037,-0.003564,0.937641,0.018967,0.347069,-7.697915,109.372040,22.271643,0.085932,0.945245,-0.107546,0.295909,-8.098933,129.560745,22.940285,0.147099,0.927910,-0.258296,0.225007,-3.824715,142.984406,19.243706,0.081269,0.948141,-0.006581,0.307214,-11.511519,123.302139,20.997461,0.403245,-0.503456,0.381177,-0.662291,-26.972235,126.209435,9.690388,0.478769,-0.508611,0.286966,-0.655550,-21.604727,102.060867,0.161356,0.553020,-0.474207,0.151762,-0.668030,-14.693254,83.294884,-8.361478,-0.051617,0.914132,-0.070212,0.395941,-5.857924,123.253845,25.846117,0.555390,0.828344,-0.036321,-0.063792,7.338080,126.159286,39.729919,0.536668,0.828424,0.153495,-0.046264,17.277786,101.644638,37.997826,0.582014,0.744976,0.324642,-0.029631,26.643223,82.119713,32.610859,0.062798,0.883399,0.218850,0.409594,-10.526708,83.904877,11.886509,0.094329,0.947858,-0.023402,0.303512,-8.091180,51.955559,-3.729743,-0.031504,0.940190,0.003857,0.339168,-16.770485,7.840797,-4.309647,-0.108657,0.891325,-0.076168,0.433511,2.481329,83.854416,25.235058,-0.011550,0.880582,-0.161323,0.445440,7.031672,49.464779,33.432976,-0.029783,0.859139,0.009105,0.510793,1.484112,6.852979,46.670715,-0.031504,0.940190,0.003857,0.339168,-7.483935,2.195595,-14.986499,-0.029783,0.859139,0.009105,0.510793,14.111954,1.451230,40.078125
910,7.583333,-0.001095,0.921177,0.007461,0.389071,-4.069218,83.871086,18.393473,-0.056803,0.924431,0.127771,0.354788,-4.129007,91.512016,18.492006,-0.003605,0.937572,0.019708,0.347213,-7.759824,109.341240,22.127348,0.085463,0.945087,-0.106730,0.296843,-8.172896,129.528778,22.823389,0.148015,0.927039,-0.259355,0.226771,-3.912400,142.962967,19.149305,0.080372,0.947999,-0.004866,0.307919,-11.581204,123.270821,20.870966,0.402307,-0.499697,0.380866,-0.665877,-27.030718,126.165024,9.545227,0.479175,-0.503689,0.282212,-0.661094,-21.450752,102.060143,0.027603,0.554869,-0.468021,0.145738,-0.672189,-14.202332,83.448380,-8.573483,-0.051614,0.913902,-0.069507,0.396597,-5.929095,123.219238,25.721321,0.554458,0.828745,-0.035673,-0.066981,7.246778,126.115051,39.626240,0.533599,0.828636,0.159358,-0.056918,17.219223,101.625717,37.731792,0.581130,0.743187,0.329130,-0.040424,26.686398,82.288528,31.829176,0.061847,0.883334,0.219024,0.409785,-10.567030,83.906387,11.713200,0.094121,0.947569,-0.025194,0.304336,-8.063205,51.954067,-3.886113,-0.031583,0.940154,0.003604,0.339264,-16.773113,7.843611,-4.315165,-0.109441,0.890788,-0.076822,0.434301,2.428594,83.835777,25.073742,-0.012700,0.879540,-0.161984,0.447224,7.000050,49.465477,33.340725,-0.029602,0.858994,0.008389,0.511060,1.489864,6.875399,46.663712,-0.031583,0.940154,0.003604,0.339264,-7.484304,2.192636,-14.987000,-0.029602,0.858994,0.008389,0.511060,14.116341,1.453771,40.084835
911,7.591667,-0.000696,0.921028,0.008208,0.389409,-4.126247,83.860306,18.224140,-0.056817,0.924181,0.128556,0.355156,-4.184888,91.501068,18.335537,-0.003940,0.937408,0.020198,0.347626,-7.826625,109.317314,21.994537,0.084661,0.944859,-0.106133,0.298009,-8.259572,129.503952,22.704262,0.149265,0.926022,-0.260418,0.228881,-4.018708,142.948456,19.045242,0.079752,0.947866,-0.004324,0.308497,-11.660156,123.244118,20.744419,0.401949,-0.497248,0.379741,-0.668564,-27.099714,126.121521,9.400832,0.480542,-0.497798,0.277435,-0.666563,-21.344919,102.063957,-0.132370,0.556950,-0.461458,0.141694,-0.675860,-13.718468,83.604210,-8.771422,-0.051330,0.913912,-0.068828,0.396728,-6.012358,123.194542,25.599817,0.554131,0.828596,-0.036598,-0.070901,7.160604,126.070229,39.511673,0.529474,0.829573,0.163812,-0.068049,17.123575,101.588692,37.472115,0.579686,0.741842,0.332914,-0.052934,26.733326,82.457039,31.072950,0.060955,0.883250,0.219099,0.410060,-10.619178,83.907928,11.539197,0.093703,0.947234,-0.026931,0.305357,-8.052411,51.950134,-4.038665,-0.031759,0.940156,0.003478,0.339244,-16.773882,7.840753,-4.317731,-0.110464,0.890114,-0.077209,0.435354,2.366684,83.812675,24.909084,-0.013767,0.878482,-0.162775,0.448982,6.980002,49.462639,33.236832,-0.029068,0.858818,0.007858,0.511395,1.495343,6.898189,46.651966,-0.031759,0.940156,0.003478,0.339244,-7.484003,2.188218,-14.987814,-0.029068,0.858818,0.007858,0.511395,14.119027,1.455915,40.084785
912,7.600000,-0.000156,0.920813,0.009724,0.389883,-4.170810,83.851288,18.041252,-0.057414,0.923987,0.129326,0.355283,-4.230941,91.491646,18.177168,-0.003966,0.937402,0.020720,0.347608,-7.903413,109.297607,21.853449,0.084086,0.944647,-0.105513,0.299062,-8.344670,129.483383,22.582586,0.150415,0.924992,-0.261374,0.231192,-4.118275,142.937057,18.940613,0.079196,0.947613,-0.002958,0.309435,-11.742732,123.224022,20.616838,0.401051,-0.494029,0.379325,-0.671719,-27.163263,126.096413,9.246155,0.480943,-0.492247,0.273289,-0.672087,-21.222515,102.082291,-0.282500,0.559206,-0.454007,0.138619,-0.679670,-13.250915,83.769516,-8.967939,-0.051499,0.913762,-0.068264,0.397148,-6.094760,123.172119,25.472004,0.553388,0.828911,-0.035497,-0.073535,7.064597,126.045944,39.397102,0.526634,0.829333,0.169878,-0.077495,17.051035,101.586998,37.206833,0.577324,0.740519,0.338227,-0.062699,26.745621,82.632576,30.327696,0.059960,0.883574,0.218645,0.409751,-10.656864,83.919281,11.349818,0.093414,0.947060,-0.028330,0.305859,-8.046850,51.938747,-4.174101,-0.031847,0.940026,0.003647,0.339592,-16.781900,7.831460,-4.330722,-0.111391,0.889228,-0.077597,0.436857,2.315245,83.783302,24.732685,-0.014926,0.877263,-0.163671,0.450997,6.959984,49.452221,33.120899,-0.028751,0.858650,0.007307,0.511703,1.499463,6.917086,46.638428,-0.031847,0.940026,0.003647,0.339592,-7.482605,2.184600,-14.995593,-0.028751,0.858650,0.007307,0.511703,14.121916,1.456954,40.083729
913,7.608333,0.000373,0.920434,0.010862,0.390748,-4.227858,83.855148,17.858845,-0.057602,0.923826,0.129941,0.355448,-4.287484,91.495148,18.013868,-0.004097,0.937424,0.021478,0.347502,-7.970942,109.274948,21.703581,0.084177,0.944296,-0.104902,0.300357,-8.427727,129.459381,22.459606,0.151074,0.923949,-0.262463,0.233685,-4.196718,142.918121,18.841705,0.078021,0.947312,-0.000985,0.310664,-11.821347,123.200012,20.486277,0.400052,-0.490567,0.379274,-0.674873,-27.219507,126.051964,9.080168,0.481279,-0.486529,0.269177,-0.677645,-21.096020,102.075813,-0.428418,0.560968,-0.447032,0.135007,-0.683557,-12.778479,83.919998,-9.151734,-0.051340,0.913773,-0.067397,0.397292,-6.172292,123.146034,25.340164,0.552967,0.828999,-0.034704,-0.076047,6.983283,126.001274,39.272667,0.523318,0.829341,0.175278,-0.087239,16.974501,101.556732,36.947624,0.576771,0.738201,0.342045,-0.073479,26.755116,82.816383,29.604038,0.059150,0.883882,0.217979,0.409559,-10.701321,83.940651,11.155425,0.092840,0.946152,-0.029943,0.308675,-8.064034,51.932503,-4.306851,-0.031981,0.939954,0.003736,0.339779,-16.794607,7.824054,-4.336244,-0.112639,0.888478,-0.077513,0.438077,2.245604,83.769653,24.562265,-0.015858,0.876158,-0.164726,0.452725,6.959306,49.457573,32.989655,-0.028170,0.858374,0.006197,0.512213,1.502281,6.956166,46.614273,-0.031981,0.939954,0.003736,0.339779,-7.489306,2.181072,-14.997935,-0.028170,0.858374,0.006197,0.512213,14.121017,1.460833,40.081863
914,7.616667,0.000619,0.920069,0.012163,0.391567,-4.274747,83.853317,17.679768,-0.057921,0.923549,0.130696,0.355837,-4.338832,91.492851,17.854507,-0.004521,0.937306,0.021806,0.347795,-8.044411,109.263863,21.563660,0.083071,0.943932,-0.104356,0.301996,-8.522078,129.447571,22.325996,0.152572,0.922553,-0.263508,0.237027,-4.315961,142.917755,18.721682,0.077445,0.947201,-0.000228,0.311148,-11.908094,123.185417,20.348423,0.399180,-0.486707,0.378894,-0.678388,-27.298054,126.025024,8.928184,0.481183,-0.481415,0.265605,-0.682756,-20.959290,102.096222,-0.558588,0.562708,-0.439996,0.132364,-0.687199,-12.338507,84.087204,-9.318457,-0.051295,0.913689,-0.066839,0.397585,-6.262130,123.135567,25.205946,0.552317,0.829229,-0.033886,-0.078595,6.884587,125.981232,39.148758,0.520162,0.829159,0.180880,-0.095970,16.892994,101.557251,36.685638,0.575508,0.735900,0.346933,-0.082943,26.757675,83.015343,28.906584,0.058794,0.884129,0.217050,0.409572,-10.736256,83.952698,10.965018,0.092138,0.945105,-0.031410,0.311932,-8.104499,51.912750,-4.432196,-0.032667,0.939739,0.004172,0.340304,-16.816578,7.800719,-4.347264,-0.113809,0.887796,-0.077508,0.439157,2.186763,83.753929,24.394516,-0.016901,0.874535,-0.165682,0.455469,6.963240,49.460686,32.863132,-0.027838,0.858059,0.005109,0.512770,1.506160,6.990746,46.585503,-0.032667,0.939739,0.004172,0.340304,-7.490448,2.176734,-15.000788,-0.027838,0.858059,0.005109,0.512770,14.124393,1.464568,40.078194
915,7.625000,0.001236,0.919576,0.013322,0.392684,-4.325002,83.865051,17.500025,-0.058505,0.923291,0.131229,0.356216,-4.387579,91.504120,17.694674,-0.004565,0.937260,0.022364,0.347883,-8.119186,109.256599,21.410025,0.082168,0.943568,-0.103611,0.303632,-8.606443,129.439301,22.192831,0.153994,0.921067,-0.264732,0.240497,-4.421475,142.921524,18.609056,0.076593,0.946995,0.001621,0.311981,-11.989149,123.177574,20.208225,0.398353,-0.483632,0.378417,-0.681334,-27.364080,126.007614,8.765395,0.481145,-0.475785,0.262358,-0.687966,-20.847956,102.123169,-0.712939,0.563862,-0.432373,0.130408,-0.691453,-11.911542,84.258438,-9.487574,-0.051226,0.913630,-0.065965,0.397875,-6.344096,123.125420,25.066784,0.551866,0.829297,-0.033401,-0.081210,6.793980,125.955795,39.020851,0.517278,0.828853,0.185703,-0.104601,16.806625,101.547050,36.427414,0.574512,0.733835,0.350639,-0.092058,26.732666,83.202812,28.236788,0.058450,0.884285,0.216123,0.409774,-10.770175,83.983742,10.769908,0.091271,0.944035,-0.032418,0.315305,-8.141356,51.912273,-4.562044,-0.032889,0.939610,0.004030,0.340639,-16.809080,7.791725,-4.397851,-0.114986,0.886974,-0.077206,0.440562,2.120172,83.746361,24.230143,-0.017954,0.873041,-0.166738,0.457903,6.966158,49.468987,32.723469,-0.027370,0.857688,0.003796,0.513428,1.509720,7.033917,46.553535,-0.032889,0.939610,0.004030,0.340639,-7.473361,2.166586,-15.042360,-0.027370,0.857688,0.003796,0.513428,14.126350,1.469535,40.075745
916,7.633333,0.002217,0.918895,0.014524,0.394228,-4.394556,83.876755,17.313559,-0.058576,0.923065,0.131752,0.356597,-4.450928,91.515259,17.530899,-0.004940,0.937257,0.022949,0.347847,-8.190961,109.251663,21.259037,0.081226,0.943111,-0.103208,0.305436,-8.700621,129.433151,22.058708,0.155717,0.919377,-0.265896,0.244535,-4.534249,142.924362,18.487020,0.075630,0.946846,0.002883,0.312656,-12.076468,123.169327,20.069057,0.397259,-0.480616,0.377583,-0.684562,-27.440744,125.978958,8.606899,0.482039,-0.470037,0.259430,-0.692387,-20.736990,102.151596,-0.884289,0.565162,-0.426383,0.126739,-0.694785,-11.489878,84.413979,-9.634850,-0.051087,0.913509,-0.065488,0.398250,-6.431099,123.119400,24.927273,0.551260,0.829533,-0.032466,-0.083265,6.695960,125.938225,38.894047,0.514563,0.828342,0.190787,-0.112582,16.726149,101.549706,36.180832,0.573035,0.731684,0.355030,-0.101108,26.702913,83.404938,27.599222,0.057657,0.884329,0.214946,0.410410,-10.817011,84.021446,10.562265,0.090831,0.942689,-0.033975,0.319270,-8.163001,51.907253,-4.675632,-0.033170,0.939370,0.003998,0.341274,-16.838594,7.788789,-4.403261,-0.116606,0.885762,-0.076475,0.442696,2.027899,83.732056,24.064854,-0.019154,0.871257,-0.167915,0.460814,6.977558,49.473415,32.573967,-0.027027,0.857404,0.002352,0.513928,1.519842,7.077798,46.524010,-0.033170,0.939370,0.003998,0.341274,-7.485499,2.166278,-15.033901,-0.027027,0.857404,0.002352,0.513928,14.132899,1.473916,40.073368
917,7.641667,0.003306,0.918126,0.015250,0.395981,-4.470291,83.899925,17.144022,-0.058904,0.922709,0.131925,0.357400,-4.516190,91.538010,17.378023,-0.005221,0.937080,0.023632,0.348274,-8.270579,109.260429,21.101952,0.081154,0.942339,-0.102853,0.307948,-8.800838,129.440506,21.923315,0.156994,0.917521,-0.267372,0.249037,-4.625841,142.935043,18.374331,0.075006,0.946655,0.004264,0.313370,-12.168670,123.175575,19.923647,0.396762,-0.477267,0.376894,-0.687566,-27.519270,125.978577,8.441564,0.482152,-0.464951,0.256710,-0.696743,-20.617861,102.199295,-1.028525,0.566175,-0.420117,0.125202,-0.698049,-11.090915,84.579758,-9.779716,-0.051297,0.913463,-0.064551,0.398481,-6.527771,123.125839,24.787054,0.550847,0.829555,-0.032575,-0.085710,6.591326,125.938118,38.762619,0.511548,0.828118,0.195015,-0.120450,16.623766,101.562454,35.944241,0.571653,0.729653,0.358801,-0.109910,26.667744,83.605690,26.990911,0.057528,0.884311,0.213068,0.411445,-10.866824,84.069054,10.368731,0.089939,0.941430,-0.034885,0.323115,-8.243844,51.896477,-4.750933,-0.033920,0.939112,0.004333,0.341904,-16.871849,7.769150,-4.410878,-0.118496,0.884520,-0.075365,0.444863,1.926241,83.730797,23.919313,-0.020105,0.869346,-0.169066,0.463951,7.008101,49.491814,32.429626,-0.026552,0.857047,0.000539,0.514553,1.526029,7.134414,46.485817,-0.033920,0.939112,0.004333,0.341904,-7.495210,2.163787,-15.029825,-0.026552,0.857047,0.000539,0.514553,14.133972,1.480328,40.069077
918,7.650000,0.004232,0.917326,0.015756,0.397802,-4.543460,83.930336,16.978752,-0.059392,0.922358,0.132159,0.358138,-4.579920,91.568069,17.225384,-0.005378,0.936946,0.024148,0.348598,-8.353875,109.271965,20.944523,0.080301,0.941633,-0.102508,0.310438,-8.897613,129.450989,21.783001,0.158882,0.915372,-0.268921,0.254033,-4.734814,142.953262,18.249168,0.074261,0.946460,0.005430,0.314116,-12.260032,123.185638,19.775534,0.395737,-0.473814,0.376666,-0.690663,-27.596813,125.975060,8.271695,0.482116,-0.459827,0.254189,-0.701078,-20.512222,102.240623,-1.175585,0.567357,-0.413396,0.122997,-0.701486,-10.710739,84.738533,-9.921320,-0.051216,0.913424,-0.063751,0.398710,-6.622523,123.135292,24.642864,0.550279,0.829831,-0.031101,-0.087210,6.489806,125.932823,38.627743,0.508965,0.827494,0.200152,-0.127071,16.541607,101.578262,35.698135,0.569732,0.728204,0.362797,-0.116199,26.627699,83.823692,26.410004,0.057124,0.884163,0.211228,0.412765,-10.912909,84.119522,10.178519,0.089298,0.940179,-0.035802,0.326815,-8.297937,51.888020,-4.816515,-0.034496,0.938892,0.004569,0.342449,-16.900221,7.756197,-4.413968,-0.120508,0.883510,-0.074321,0.446502,1.825988,83.741150,23.778988,-0.020714,0.867798,-0.170090,0.466442,7.050478,49.525307,32.295986,-0.025959,0.856582,-0.001562,0.515356,1.532308,7.201376,46.438599,-0.034496,0.938892,0.004569,0.342449,-7.504216,2.163541,-15.022492,-0.025959,0.856582,-0.001562,0.515356,14.134897,1.488664,40.063404
919,7.658333,0.005241,0.916488,0.016438,0.399690,-4.612464,83.960434,16.810074,-0.060049,0.922008,0.132387,0.358845,-4.639470,91.597687,17.072334,-0.005526,0.936838,0.024725,0.348845,-8.440217,109.290405,20.786030,0.079423,0.940872,-0.102557,0.312945,-8.997939,129.468231,21.644098,0.161065,0.913077,-0.270350,0.259345,-4.844676,142.974670,18.114929,0.073552,0.946272,0.006861,0.314821,-12.355078,123.202599,19.628649,0.394323,-0.470130,0.376714,-0.693955,-27.678745,125.983093,8.105179,0.481582,-0.454797,0.252120,-0.705460,-20.411655,102.293686,-1.316478,0.567832,-0.407420,0.121402,-0.704867,-10.350065,84.901283,-10.055814,-0.051175,0.913214,-0.063164,0.399288,-6.720150,123.151245,24.498959,0.549462,0.830231,-0.030192,-0.088864,6.374472,125.939270,38.502316,0.506430,0.827077,0.203895,-0.133790,16.458502,101.610588,35.470222,0.568406,0.726912,0.365105,-0.123342,26.583122,84.039482,25.871298,0.056901,0.884099,0.208940,0.414095,-10.953686,84.172417,9.984179,0.088498,0.938769,-0.036564,0.330976,-8.371917,51.870537,-4.864464,-0.035050,0.938650,0.005162,0.343047,-16.931353,7.730875,-4.411716,-0.122526,0.882166,-0.073046,0.448814,1.728757,83.748459,23.635969,-0.021600,0.865751,-0.171292,0.469752,7.097157,49.554184,32.150112,-0.025255,0.856260,-0.003727,0.515914,1.542776,7.270518,46.398590,-0.035050,0.938650,0.005162,0.343047,-7.513933,2.160169,-15.012804,-0.025255,0.856260,-0.003727,0.515914,14.134648,1.495939,40.058041
920,7.666667,0.006413,0.915695,0.016687,0.401477,-4.692341,83.995644,16.657267,-0.060479,0.921673,0.132244,0.359685,-4.704978,91.632561,16.930149,-0.005751,0.936656,0.025335,0.349286,-8.520792,109.320030,20.628769,0.078262,0.939999,-0.102830,0.315759,-9.096046,129.496521,21.506477,0.163405,0.910472,-0.272040,0.265205,-4.956263,143.006516,17.975143,0.072647,0.946100,0.008228,0.315513,-12.446064,123.230125,19.481550,0.393675,-0.467126,0.376131,-0.696663,-27.757936,125.993881,7.938387,0.481452,-0.450166,0.250176,-0.709202,-20.318281,102.350807,-1.464941,0.568558,-0.401013,0.120147,-0.708163,-10.020476,85.061356,-10.185663,-0.051323,0.913214,-0.061837,0.399478,-6.815761,123.178551,24.357203,0.548999,0.830407,-0.029561,-0.090282,6.272388,125.951729,38.369560,0.503950,0.826657,0.207503,-0.140056,16.369938,101.639053,35.255100,0.567474,0.725367,0.367327,-0.129951,26.528566,84.252045,25.368780,0.056587,0.883597,0.206464,0.416446,-11.006617,84.229973,9.807163,0.087885,0.937794,-0.036808,0.333862,-8.441557,51.852238,-4.878271,-0.035504,0.938427,0.005877,0.343597,-16.958372,7.704458,-4.412697,-0.124789,0.881046,-0.071704,0.450605,1.621934,83.761322,23.507368,-0.022070,0.864194,-0.172356,0.472202,7.156500,49.593102,32.019718,-0.024783,0.855865,-0.006181,0.516568,1.552736,7.344172,46.351650,-0.035504,0.938427,0.005877,0.343597,-7.521342,2.157874,-15.008992,-0.024783,0.855865,-0.006181,0.516568,14.135812,1.504582,40.053322
921,7.675000,0.007520,0.914780,0.016533,0.403544,-4.777373,84.039940,16.518456,-0.060466,0.921326,0.131938,0.360686,-4.774199,91.676697,16.795982,-0.006377,0.936407,0.025939,0.349898,-8.585998,109.350494,20.476931,0.077119,0.939003,-0.103066,0.318909,-9.194021,129.525406,21.368244,0.165839,0.907638,-0.273904,0.271416,-5.065757,143.039139,17.837698,0.072105,0.945912,0.009452,0.316166,-12.531497,123.255241,19.334345,0.392335,-0.463586,0.376263,-0.699706,-27.830427,126.013779,7.772798,0.480886,-0.445812,0.248491,-0.712918,-20.221344,102.411949,-1.598518,0.569081,-0.395517,0.118556,-0.711096,-9.704486,85.219322,-10.307396,-0.051385,0.912850,-0.061151,0.400407,-6.907683,123.209000,24.217533,0.548340,0.830790,-0.027948,-0.091275,6.151440,125.975243,38.258308,0.501390,0.826395,0.210865,-0.145655,16.277758,101.686707,35.050335,0.566370,0.724418,0.368637,-0.136198,26.480507,84.473900,24.905846,0.056136,0.883099,0.204002,0.418771,-11.060347,84.292511,9.640280,0.087390,0.936758,-0.036927,0.336874,-8.504119,51.839111,-4.878730,-0.036049,0.938155,0.006375,0.344274,-16.984638,7.684329,-4.415423,-0.127139,0.879782,-0.069922,0.452693,1.505600,83.787369,23.396631,-0.022626,0.862413,-0.173438,0.475029,7.223120,49.643364,31.885195,-0.024643,0.855554,-0.009123,0.517046,1.568907,7.430318,46.302803,-0.036049,0.938155,0.006375,0.344274,-7.524859,2.157228,-15.001607,-0.024643,0.855554,-0.009123,0.517046,14.140913,1.519165,40.049286
922,7.683333,0.008637,0.914005,0.016006,0.405295,-4.869811,84.093163,16.386410,-0.060315,0.921011,0.131644,0.361621,-4.848310,91.729912,16.663502,-0.006768,0.936159,0.026574,0.350506,-8.651521,109.391487,20.329594,0.076027,0.937949,-0.103325,0.322173,-9.283893,129.564850,21.238991,0.168107,0.904628,-0.276078,0.277795,-5.164934,143.081741,17.709675,0.071069,0.945534,0.011273,0.317472,-12.611469,123.292770,19.194801,0.391253,-0.460700,0.376545,-0.702061,-27.884090,126.035179,7.594697,0.480947,-0.441423,0.246629,-0.716247,-20.144867,102.462296,-1.742823,0.569596,-0.391224,0.116543,-0.713388,-9.410847,85.374359,-10.422088,-0.051519,0.912578,-0.060197,0.401152,-6.994076,123.248398,24.085390,0.547918,0.830962,-0.026951,-0.092534,6.041372,126.005783,38.149887,0.498775,0.826359,0.213579,-0.150793,16.179964,101.733871,34.856052,0.566061,0.722613,0.369971,-0.143271,26.428955,84.690430,24.488125,0.055356,0.882472,0.201514,0.421392,-11.126044,84.361198,9.484488,0.087062,0.936170,-0.036684,0.338616,-8.554896,51.829697,-4.855990,-0.036214,0.937972,0.006816,0.344747,-17.001585,7.668159,-4.418736,-0.129414,0.878333,-0.067930,0.455158,1.386422,83.825119,23.288334,-0.023386,0.860294,-0.174524,0.478424,7.285603,49.703144,31.741106,-0.023703,0.855154,-0.011995,0.517692,1.586177,7.527217,46.249260,-0.036214,0.937972,0.006816,0.344747,-7.527979,2.154859,-14.999750,-0.023703,0.855154,-0.011995,0.517692,14.141581,1.534526,40.040146
923,7.691667,0.009161,0.913238,0.015573,0.407026,-4.946030,84.144066,16.266962,-0.059722,0.920666,0.131316,0.362716,-4.915038,91.780884,16.541321,-0.007616,0.935793,0.027125,0.351422,-8.694813,109.431961,20.196732,0.075056,0.936729,-0.103950,0.325731,-9.367988,129.603638,21.114256,0.170347,0.901487,-0.278291,0.284354,-5.250321,143.119476,17.579418,0.070219,0.945383,0.012599,0.318059,-12.679327,123.326096,19.060461,0.390166,-0.458394,0.376207,-0.704354,-27.942158,126.053551,7.443951,0.480895,-0.437209,0.245116,-0.719379,-20.077082,102.521790,-1.892151,0.570065,-0.386391,0.115446,-0.715821,-9.144221,85.532356,-10.534256,-0.051710,0.912167,-0.059628,0.402148,-7.071690,123.290276,23.962307,0.547451,0.831248,-0.025338,-0.093184,5.931996,126.047066,38.056297,0.496695,0.825928,0.216759,-0.155410,16.091299,101.794472,34.684925,0.565058,0.721945,0.371081,-0.147662,26.367092,84.908455,24.100637,0.054874,0.881705,0.199199,0.424152,-11.175884,84.418152,9.341456,0.086434,0.935060,-0.036089,0.341892,-8.601766,51.816715,-4.838782,-0.035968,0.937877,0.007358,0.345020,-16.979446,7.641482,-4.461574,-0.131670,0.877327,-0.066281,0.456691,1.283824,83.869980,23.192471,-0.023757,0.858859,-0.175514,0.480616,7.361093,49.774216,31.624830,-0.023047,0.854992,-0.015401,0.517899,1.610124,7.631021,46.207577,-0.035968,0.937877,0.007358,0.345020,-7.500638,2.140168,-15.044167,-0.023047,0.854992,-0.015401,0.517899,14.141865,1.548369,40.038273
924,7.700000,0.009458,0.912618,0.014961,0.408431,-5.012117,84.199844,16.160044,-0.059952,0.920319,0.131003,0.363672,-4.973597,91.836861,16.427765,-0.007858,0.935483,0.027605,0.352204,-8.759269,109.482529,20.064186,0.073989,0.935647,-0.104219,0.328981,-9.449181,129.652985,20.995842,0.173023,0.898222,-0.280855,0.290483,-5.340002,143.171677,17.462019,0.069632,0.945157,0.013654,0.318814,-12.752321,123.374535,18.931709,0.391981,-0.457998,0.373300,-0.705149,-27.999687,126.093292,7.292872,0.482404,-0.433830,0.243985,-0.720798,-19.999853,102.618446,-2.071973,0.570299,-0.381311,0.114698,-0.718474,-8.907823,85.683784,-10.646243,-0.051864,0.911745,-0.058986,0.403178,-7.152939,123.339203,23.842985,0.546910,0.831572,-0.024049,-0.093808,5.817978,126.092896,37.967743,0.494513,0.825821,0.219015,-0.159718,16.002460,101.860306,34.529140,0.563875,0.721386,0.371723,-0.153201,26.311598,85.120087,23.760166,0.054622,0.880981,0.196989,0.426713,-11.220514,84.474609,9.215322,0.085970,0.933933,-0.036068,0.345076,-8.658585,51.808773,-4.818161,-0.036107,0.937654,0.007840,0.345601,-16.998220,7.626215,-4.456714,-0.133591,0.876322,-0.064373,0.458332,1.196280,83.925079,23.104767,-0.024392,0.856995,-0.176608,0.483502,7.438757,49.847881,31.491358,-0.021626,0.854796,-0.018627,0.518179,1.639563,7.742083,46.162758,-0.036107,0.937654,0.007840,0.345601,-7.503294,2.139624,-15.032495,-0.021626,0.854796,-0.018627,0.518179,14.141408,1.562588,40.029137
925,7.708333,0.009233,0.911973,0.014423,0.409893,-5.064133,84.251518,16.059217,-0.059649,0.919991,0.130899,0.364588,-5.025795,91.888840,16.318089,-0.008531,0.935162,0.028006,0.353010,-8.803044,109.534775,19.951035,0.073111,0.934311,-0.104984,0.332711,-9.524886,129.703888,20.887623,0.175234,0.894637,-0.283726,0.297350,-5.412210,143.219620,17.346510,0.068746,0.944883,0.014747,0.319770,-12.814948,123.421120,18.815746,0.390566,-0.455761,0.373290,-0.707385,-28.043425,126.120758,7.147767,0.482001,-0.430288,0.242976,-0.723526,-19.934843,102.682709,-2.215700,0.570397,-0.377818,0.114077,-0.720339,-8.682914,85.828056,-10.757865,-0.051810,0.911127,-0.058813,0.404603,-7.224196,123.392693,23.736889,0.546632,0.831776,-0.021998,-0.094121,5.702330,126.143799,37.902786,0.492251,0.825844,0.221523,-0.163090,15.899803,101.927376,34.389572,0.563360,0.720410,0.372325,-0.158143,26.257366,85.326370,23.465425,0.054580,0.880379,0.194827,0.428947,-11.250317,84.518646,9.094405,0.085454,0.932410,-0.036184,0.349284,-8.718120,51.792110,-4.802379,-0.036315,0.937422,0.008562,0.346192,-17.020029,7.602355,-4.452488,-0.135544,0.875574,-0.062637,0.459429,1.122051,83.984390,23.024031,-0.024752,0.855478,-0.177664,0.485777,7.531134,49.928936,31.373203,-0.020445,0.854719,-0.022140,0.518216,1.674042,7.858375,46.122482,-0.036315,0.937422,0.008562,0.346192,-7.507305,2.137581,-15.023571,-0.020445,0.854719,-0.022140,0.518216,14.142730,1.579005,40.022903
926,7.716667,0.009100,0.911315,0.013862,0.411376,-5.118580,84.316269,15.967351,-0.059386,0.919590,0.130772,0.365685,-5.078989,91.953865,16.217644,-0.009145,0.934755,0.028193,0.354054,-8.848789,109.596443,19.844311,0.071946,0.932940,-0.105972,0.336477,-9.597548,129.764694,20.778381,0.177889,0.890831,-0.286716,0.304253,-5.486551,143.276810,17.221600,0.068210,0.944668,0.015305,0.320493,-12.875170,123.477791,18.699312,0.390134,-0.454215,0.372613,-0.708974,-28.088531,126.164543,7.008673,0.481784,-0.427332,0.242373,-0.725622,-19.878536,102.762939,-2.357608,0.570304,-0.373816,0.114113,-0.722491,-8.496916,85.963997,-10.864203,-0.052723,0.910739,-0.057501,0.405546,-7.295579,123.456429,23.633141,0.546421,0.831926,-0.021253,-0.094192,5.597652,126.220512,37.826817,0.490038,0.825876,0.223777,-0.166478,15.806691,102.012703,34.287918,0.562978,0.719507,0.372975,-0.162036,26.214344,85.539169,23.207743,0.054721,0.879709,0.192493,0.431352,-11.282096,84.577126,8.982235,0.084866,0.931021,-0.036107,0.353121,-8.794516,51.787231,-4.772535,-0.036372,0.937186,0.009047,0.346812,-17.046499,7.587960,-4.444456,-0.137444,0.875029,-0.060787,0.460151,1.044936,84.055405,22.952467,-0.024425,0.854591,-0.179194,0.486793,7.624699,50.020645,31.253094,-0.018342,0.854577,-0.025592,0.518369,1.657321,7.997757,46.093781,-0.036372,0.937186,0.009047,0.346812,-7.517667,2.137173,-15.008250,-0.018342,0.854577,-0.025592,0.518369,14.084556,1.606630,40.025757
927,7.725000,0.009803,0.910531,0.012152,0.413146,-5.207340,84.365860,15.919187,-0.059024,0.919272,0.129849,0.366873,-5.147644,92.003944,16.150192,-0.009511,0.934381,0.028319,0.355022,-8.898197,109.658958,19.746771,0.071062,0.931512,-0.107082,0.340248,-9.663560,129.826645,20.679531,0.180387,0.886941,-0.289805,0.311143,-5.545507,143.332397,17.106789,0.067617,0.944253,0.016441,0.321783,-12.932256,123.537399,18.593525,0.389113,-0.452297,0.372763,-0.710681,-28.116631,126.216316,6.863464,0.481140,-0.424792,0.241849,-0.727712,-19.820372,102.839516,-2.488740,0.570107,-0.370764,0.113872,-0.724255,-8.329686,86.097130,-10.973200,-0.052778,0.910123,-0.057225,0.406959,-7.362989,123.520020,23.539022,0.545945,0.832228,-0.020656,-0.094418,5.485548,126.283562,37.773281,0.488103,0.825914,0.225591,-0.169501,15.719870,102.090744,34.205040,0.562227,0.719174,0.373413,-0.165086,26.163826,85.736809,22.995584,0.054603,0.879226,0.190752,0.433121,-11.343412,84.625809,8.909913,0.084250,0.930213,-0.035711,0.355431,-8.876056,51.787422,-4.732356,-0.036646,0.937009,0.009382,0.347250,-17.065191,7.576224,-4.437943,-0.139859,0.875101,-0.058238,0.459614,0.928732,84.105911,22.928459,-0.024244,0.854646,-0.180593,0.486187,7.745746,50.097282,31.144295,-0.016604,0.855033,-0.028841,0.517504,1.713157,8.118853,46.084118,-0.036646,0.937009,0.009382,0.347250,-7.522514,2.137568,-14.995493,-0.016604,0.855033,-0.028841,0.517504,14.088592,1.625548,40.018715
928,7.733333,0.009388,0.910176,0.010598,0.413981,-5.271013,84.424194,15.881083,-0.058828,0.918999,0.128797,0.367955,-5.207481,92.062935,16.087912,-0.009911,0.933920,0.028459,0.356210,-8.940321,109.722115,19.646578,0.070039,0.929954,-0.108179,0.344351,-9.723957,129.889160,20.577873,0.182925,0.882702,-0.293219,0.318432,-5.600597,143.389313,16.990084,0.067320,0.943983,0.017084,0.322601,-12.982334,123.597404,18.483328,0.388830,-0.451081,0.372343,-0.711827,-28.147846,126.273300,6.728201,0.481233,-0.422606,0.241353,-0.729086,-19.776810,102.921509,-2.619839,0.570215,-0.368283,0.113502,-0.725493,-8.187956,86.216125,-11.073816,-0.052803,0.909526,-0.056662,0.408366,-7.425767,123.584282,23.443102,0.545376,0.832651,-0.020314,-0.094041,5.378196,126.341713,37.718647,0.486506,0.825775,0.227451,-0.172260,15.649171,102.163841,34.154408,0.561504,0.718586,0.374306,-0.168056,26.118574,85.917458,22.821707,0.054529,0.879065,0.189466,0.434021,-11.394373,84.665230,8.860027,0.083397,0.929630,-0.034827,0.357240,-8.949324,51.791416,-4.700694,-0.036406,0.937063,0.009722,0.347120,-17.040161,7.561752,-4.468385,-0.141617,0.875226,-0.056004,0.459116,0.852347,84.183167,22.902140,-0.024159,0.854589,-0.181782,0.485849,7.855459,50.191605,31.031645,-0.013611,0.855256,-0.031774,0.517051,1.769799,8.251554,46.057484,-0.036406,0.937063,0.009722,0.347120,-7.501930,2.129439,-15.033214,-0.013611,0.855256,-0.031774,0.517051,14.087139,1.645496,39.995575
929,7.741667,0.008695,0.909730,0.009973,0.414989,-5.304026,84.501228,15.838118,-0.058988,0.918576,0.128347,0.369143,-5.246381,92.140358,16.031939,-0.010348,0.933410,0.028502,0.357529,-8.981833,109.796501,19.567331,0.069446,0.928197,-0.109563,0.348747,-9.783865,129.963104,20.492826,0.184997,0.878295,-0.296939,0.325885,-5.639461,143.452484,16.888800,0.066744,0.943522,0.017707,0.324035,-13.031343,123.668419,18.390110,0.387533,-0.449528,0.372824,-0.713264,-28.163925,126.330841,6.589570,0.480632,-0.420541,0.241312,-0.730689,-19.737705,102.995468,-2.749866,0.570287,-0.366035,0.113881,-0.726514,-8.071980,86.330315,-11.173979,-0.052764,0.908834,-0.056325,0.409956,-7.488933,123.660507,23.365709,0.544826,0.833100,-0.019537,-0.093426,5.264783,126.413284,37.687065,0.484349,0.826270,0.228641,-0.174375,15.573716,102.251289,34.124744,0.563552,0.716383,0.373450,-0.172454,26.098522,86.113411,22.712137,0.054934,0.879296,0.187154,0.434504,-11.412041,84.725815,8.803165,0.082656,0.928950,-0.034040,0.359251,-9.058352,51.793106,-4.630211,-0.036663,0.936915,0.010198,0.347479,-17.063095,7.547507,-4.456944,-0.143066,0.876124,-0.054205,0.457166,0.803990,84.276649,22.873072,-0.023992,0.854768,-0.183012,0.485080,7.973100,50.300365,30.921358,-0.011141,0.855549,-0.035484,0.516384,1.833882,8.399945,46.035709,-0.036663,0.936915,0.010198,0.347479,-7.512562,2.130818,-15.018683,-0.011141,0.855549,-0.035484,0.516384,14.089958,1.671264,39.984516
930,7.750000,0.008475,0.909399,0.008723,0.415747,-5.351760,84.565506,15.817100,-0.058929,0.918204,0.127480,0.370375,-5.289398,92.205048,15.992186,-0.010830,0.932854,0.028537,0.358960,-9.015870,109.868797,19.494518,0.069323,0.926409,-0.110859,0.353087,-9.837997,130.034897,20.413109,0.187176,0.873883,-0.300889,0.332806,-5.661124,143.511810,16.799923,0.066543,0.943119,0.018504,0.325203,-13.073571,123.737000,18.301729,0.387283,-0.448696,0.372474,-0.714106,-28.177816,126.401855,6.465484,0.480495,-0.419154,0.241613,-0.731476,-19.698116,103.086113,-2.874604,0.569771,-0.364400,0.113534,-0.727794,-7.984019,86.429771,-11.266192,-0.053012,0.908042,-0.056106,0.411707,-7.546583,123.734901,23.294460,0.544287,0.833557,-0.019136,-0.092563,5.150385,126.495110,37.664730,0.482760,0.826493,0.230001,-0.175933,15.498938,102.346565,34.126152,0.563517,0.715491,0.373994,-0.175070,26.070234,86.286217,22.638750,0.055396,0.879557,0.184908,0.434879,-11.448106,84.776749,8.771618,0.081804,0.928513,-0.032875,0.360680,-9.189054,51.788078,-4.540162,-0.037220,0.936777,0.010938,0.347770,-17.086020,7.522872,-4.448451,-0.144500,0.876784,-0.052065,0.455696,0.744587,84.354271,22.862581,-0.023788,0.855601,-0.184371,0.483103,8.085273,50.391174,30.811256,-0.008494,0.856046,-0.038337,0.515406,1.905624,8.534771,46.030731,-0.037220,0.936777,0.010938,0.347770,-7.520727,2.131937,-15.010017,-0.008494,0.856046,-0.038337,0.515406,14.098734,1.700786,39.970345
931,7.758333,0.008230,0.909011,0.007341,0.416627,-5.405551,84.630333,15.821733,-0.058645,0.917811,0.126294,0.371798,-5.337961,92.270279,15.976116,-0.011412,0.932214,0.028391,0.360611,-9.042205,109.935555,19.435246,0.069138,0.924464,-0.112478,0.357680,-9.885770,130.101471,20.338402,0.189203,0.869255,-0.304937,0.340019,-5.673384,143.562973,16.709032,0.066409,0.942667,0.019197,0.326497,-13.108100,123.799347,18.219366,0.386351,-0.447580,0.372846,-0.715116,-28.180344,126.467857,6.343219,0.479807,-0.418083,0.241913,-0.732441,-19.662338,103.163086,-2.989388,0.569418,-0.363537,0.114329,-0.728377,-7.913665,86.520035,-11.366249,-0.053107,0.907241,-0.055644,0.413518,-7.599003,123.805321,23.231831,0.543833,0.833932,-0.019323,-0.091816,5.039666,126.563766,37.653740,0.480855,0.826902,0.231396,-0.177390,15.421682,102.424324,34.151276,0.563189,0.715072,0.374662,-0.176405,26.050604,86.454010,22.597858,0.055295,0.880486,0.183374,0.433660,-11.488317,84.826767,8.764094,0.081199,0.928161,-0.031838,0.361815,-9.290054,51.797043,-4.455732,-0.037503,0.936692,0.011101,0.347964,-17.103533,7.516932,-4.440274,-0.146035,0.878061,-0.049811,0.452992,0.677215,84.433899,22.879372,-0.023367,0.856266,-0.185621,0.481463,8.209971,50.486229,30.713409,-0.006238,0.856529,-0.041293,0.514407,1.972447,8.669618,46.018425,-0.037503,0.936692,0.011101,0.347964,-7.530364,2.133487,-14.998518,-0.006238,0.856529,-0.041293,0.514407,14.105378,1.734111,39.952587
932,7.766667,0.008034,0.908827,0.006294,0.417048,-5.441562,84.689835,15.827757,-0.058702,0.917320,0.125599,0.373232,-5.370087,92.330048,15.966389,-0.011890,0.931501,0.028074,0.362460,-9.071351,109.996864,19.395056,0.068924,0.922500,-0.114041,0.362268,-9.930063,130.163055,20.277590,0.191330,0.864533,-0.309192,0.346953,-5.683190,143.609741,16.633505,0.066591,0.942099,0.019353,0.328085,-13.140289,123.857285,18.151087,0.385507,-0.446865,0.373203,-0.715832,-28.171328,126.534142,6.224710,0.479223,-0.417229,0.242495,-0.733118,-19.633528,103.236320,-3.107148,0.569190,-0.362752,0.115667,-0.728735,-7.869960,86.601891,-11.459907,-0.052754,0.906403,-0.055340,0.415438,-7.651276,123.870682,23.185516,0.543138,0.834538,-0.019084,-0.090461,4.927161,126.614235,37.662811,0.479195,0.827066,0.233235,-0.178704,15.362367,102.490616,34.209770,0.559728,0.716920,0.376404,-0.176212,26.041836,86.606476,22.584013,0.055608,0.881078,0.181513,0.433199,-11.517845,84.874847,8.764232,0.080375,0.928133,-0.030353,0.362199,-9.405100,51.799191,-4.354306,-0.038234,0.936739,0.011332,0.347749,-17.102270,7.498798,-4.438880,-0.147323,0.879601,-0.047990,0.449772,0.634721,84.504822,22.891283,-0.022938,0.857155,-0.186802,0.479441,8.334099,50.571381,30.624342,-0.003794,0.857218,-0.043501,0.513099,2.048194,8.792562,46.012531,-0.038234,0.936739,0.011332,0.347749,-7.525479,2.129036,-15.000805,-0.003794,0.857218,-0.043501,0.513099,14.118692,1.770010,39.922348
933,7.775000,0.007676,0.908633,0.005298,0.417491,-5.470147,84.744942,15.851179,-0.059201,0.916764,0.124779,0.374793,-5.397351,92.385414,15.973741,-0.011946,0.930744,0.027740,0.364423,-9.109120,110.052834,19.361046,0.069333,0.920424,-0.116330,0.366715,-9.966897,130.219727,20.228413,0.193175,0.860005,-0.313155,0.353565,-5.662670,143.640839,16.557526,0.066820,0.941443,0.019442,0.329912,-13.169583,123.913452,18.091999,0.384351,-0.445775,0.374127,-0.716650,-28.152870,126.599464,6.107728,0.478121,-0.416888,0.243242,-0.733783,-19.600128,103.299927,-3.206152,0.568604,-0.362173,0.116224,-0.729391,-7.844935,86.668610,-11.552680,-0.052317,0.905427,-0.055473,0.417598,-7.701842,123.928497,23.149523,0.542282,0.835263,-0.018985,-0.088918,4.808671,126.661530,37.687538,0.477351,0.827704,0.234118,-0.179531,15.307808,102.556976,34.295635,0.559211,0.716763,0.376641,-0.177978,26.047787,86.750870,22.640156,0.055934,0.881976,0.179914,0.431996,-11.539649,84.916176,8.781477,0.079749,0.927752,-0.029127,0.363411,-9.515783,51.801891,-4.253367,-0.038416,0.936627,0.011942,0.348012,-17.121241,7.485920,-4.429567,-0.148024,0.880766,-0.046058,0.447459,0.599356,84.573708,22.920879,-0.022465,0.857917,-0.188090,0.477593,8.424514,50.642078,30.534693,-0.002417,0.857719,-0.045690,0.512078,2.079404,8.904752,46.010929,-0.038416,0.936627,0.011942,0.348012,-7.534748,2.134489,-14.991996,-0.002417,0.857719,-0.045690,0.512078,14.103773,1.811558,39.911369
934,7.783333,0.007508,0.908503,0.004263,0.417790,-5.498262,84.793289,15.894306,-0.059351,0.916282,0.123679,0.376309,-5.421238,92.433952,16.001442,-0.012308,0.929981,0.027416,0.366378,-9.126647,110.100616,19.342243,0.069432,0.918331,-0.118593,0.371192,-9.995061,130.267868,20.190285,0.195103,0.855284,-0.317228,0.360265,-5.641264,143.665115,16.490738,0.066895,0.940692,0.020201,0.331987,-13.186510,123.958824,18.045273,0.382953,-0.445609,0.375099,-0.716994,-28.116173,126.656952,5.996970,0.477287,-0.416127,0.244278,-0.734414,-19.594166,103.350052,-3.326687,0.567693,-0.361900,0.116917,-0.730126,-7.837533,86.715797,-11.644386,-0.052470,0.904515,-0.055376,0.419564,-7.740187,123.979713,23.125830,0.541803,0.835742,-0.019318,-0.087243,4.705924,126.718880,37.717865,0.475619,0.828429,0.234828,-0.179853,15.248221,102.621887,34.407021,0.559538,0.716255,0.376673,-0.178923,26.056665,86.873917,22.737020,0.056392,0.882605,0.178485,0.431243,-11.563153,84.953621,8.820394,0.079143,0.927425,-0.027812,0.364481,-9.624195,51.806511,-4.143724,-0.038702,0.936576,0.012285,0.348105,-17.136490,7.475156,-4.418235,-0.149020,0.882096,-0.044207,0.444686,0.566629,84.632957,22.968218,-0.022029,0.859099,-0.188796,0.475204,8.536221,50.710510,30.472347,-0.000722,0.858313,-0.047668,0.510907,2.170036,8.995360,45.999641,-0.038702,0.936576,0.012285,0.348105,-7.543854,2.135933,-14.981262,-0.000722,0.858313,-0.047668,0.510907,14.143461,1.831819,39.882103
935,7.791667,0.007400,0.908456,0.003591,0.417900,-5.513223,84.827171,15.945305,-0.060177,0.915738,0.122639,0.377840,-5.433412,92.467941,16.042433,-0.012061,0.929215,0.026972,0.368355,-9.158789,110.144485,19.331751,0.069610,0.916355,-0.120583,0.375378,-10.013099,130.312973,20.164940,0.197202,0.850598,-0.321577,0.366308,-5.611660,143.688492,16.443216,0.067047,0.939958,0.020335,0.334021,-13.200966,124.005524,18.009918,0.381518,-0.445234,0.376125,-0.717454,-28.077358,126.710594,5.897457,0.476008,-0.416005,0.245464,-0.734917,-19.578522,103.397011,-3.430602,0.566899,-0.361648,0.118562,-0.730601,-7.850233,86.755234,-11.737318,-0.052316,0.903609,-0.055296,0.421539,-7.776196,124.024460,23.113493,0.541139,0.836384,-0.019527,-0.085138,4.606150,126.759354,37.760475,0.474090,0.829007,0.235908,-0.179813,15.205786,102.674568,34.545292,0.556599,0.718007,0.378119,-0.178016,26.076429,86.984283,22.868963,0.056800,0.883205,0.177268,0.430463,-11.576437,84.980453,8.869800,0.078681,0.927403,-0.026462,0.364737,-9.712820,51.805763,-4.034684,-0.039183,0.936575,0.012664,0.348039,-17.142776,7.461267,-4.408478,-0.149727,0.883436,-0.042838,0.441913,0.549991,84.673897,23.020809,-0.021377,0.861357,-0.189344,0.470909,8.630220,50.757999,30.435701,0.001005,0.859286,-0.048540,0.509186,2.267755,9.058928,46.007641,-0.039183,0.936575,0.012664,0.348039,-7.545392,2.137150,-14.974814,0.001005,0.859286,-0.048540,0.509186,14.189048,1.849527,39.842350
936,7.800000,0.007216,0.908596,0.003172,0.417601,-5.513949,84.850456,16.004526,-0.060903,0.915264,0.121631,0.379195,-5.433990,92.491302,16.094624,-0.012139,0.928465,0.026417,0.370279,-9.174346,110.171532,19.334442,0.069811,0.914292,-0.123029,0.379552,-10.025024,130.341125,20.143921,0.199212,0.845889,-0.325647,0.372479,-5.570457,143.689835,16.389339,0.067440,0.939176,0.020641,0.336115,-13.206142,124.032639,17.982006,0.379474,-0.444677,0.377671,-0.718071,-28.026110,126.755630,5.804569,0.474031,-0.416089,0.247074,-0.735608,-19.562775,103.430344,-3.526492,0.565868,-0.361240,0.121120,-0.731184,-7.881469,86.776337,-11.829922,-0.052105,0.902450,-0.055645,0.423995,-7.802572,124.054810,23.108007,0.540689,0.836946,-0.019136,-0.082530,4.500169,126.790962,37.821682,0.472032,0.830112,0.236556,-0.179279,15.148830,102.714478,34.708035,0.555578,0.718642,0.378110,-0.178659,26.115307,87.076584,23.050579,0.057354,0.883748,0.176161,0.429730,-11.581861,84.997337,8.932915,0.078366,0.927380,-0.025031,0.364965,-9.798562,51.799263,-3.922688,-0.039309,0.936480,0.013204,0.348260,-17.155621,7.443678,-4.407193,-0.150198,0.884712,-0.041861,0.439286,0.553962,84.703568,23.076138,-0.020415,0.863076,-0.189868,0.467582,8.716152,50.791855,30.420023,0.001793,0.860442,-0.049211,0.507164,2.316946,9.107033,46.015038,-0.039309,0.936480,0.013204,0.348260,-7.550315,2.135413,-14.974308,0.001793,0.860442,-0.049211,0.507164,14.193784,1.869628,39.796986
937,7.808333,0.006962,0.908779,0.002825,0.417210,-5.504522,84.858078,16.078650,-0.061214,0.914756,0.120688,0.380670,-5.425839,92.499016,16.162271,-0.012625,0.927608,0.025623,0.372462,-9.168722,110.185417,19.360355,0.069650,0.912221,-0.125214,0.383826,-10.027567,130.356201,20.130753,0.201421,0.841051,-0.329850,0.378499,-5.530872,143.682541,16.346985,0.067984,0.938448,0.020725,0.338029,-13.197059,124.043251,17.964773,0.376830,-0.444411,0.379453,-0.718689,-27.964167,126.786743,5.727870,0.472059,-0.415957,0.248839,-0.736355,-19.559786,103.448845,-3.624964,0.564204,-0.361958,0.122653,-0.731858,-7.916883,86.775230,-11.919134,-0.051688,0.901208,-0.056331,0.426590,-7.817813,124.075546,23.116240,0.540260,0.837476,-0.019210,-0.079899,4.401063,126.811577,37.899651,0.470237,0.831051,0.237601,-0.178262,15.096956,102.741280,34.902184,0.553808,0.719690,0.379322,-0.177363,26.155954,87.147041,23.271374,0.058021,0.884092,0.175503,0.429201,-11.578588,84.997963,9.012181,0.078130,0.927186,-0.023929,0.365581,-9.865459,51.788868,-3.824485,-0.039710,0.936439,0.013734,0.348305,-17.166668,7.425117,-4.397914,-0.149999,0.885907,-0.041747,0.436950,0.569544,84.718193,23.145119,-0.019797,0.865238,-0.189216,0.463862,8.742478,50.801529,30.454165,0.002052,0.861864,-0.047960,0.504863,2.389811,9.092254,46.002762,-0.039710,0.936439,0.013734,0.348305,-7.554554,2.135232,-14.968053,0.002052,0.861864,-0.047960,0.504863,14.237383,1.878043,39.702473
938,7.816667,0.007105,0.909095,0.002631,0.416519,-5.493687,84.843132,16.158173,-0.061693,0.914318,0.119673,0.381962,-5.411723,92.484062,16.239956,-0.012694,0.926836,0.024821,0.374430,-9.163218,110.186852,19.394085,0.069973,0.910116,-0.128348,0.387711,-10.014172,130.359192,20.131605,0.203309,0.836507,-0.333547,0.384275,-5.454875,143.650131,16.298605,0.068321,0.937687,0.020658,0.340072,-13.177921,124.044846,17.961315,0.373897,-0.444364,0.381217,-0.719316,-27.889591,126.799324,5.660255,0.470058,-0.415859,0.250867,-0.737002,-19.554148,103.451576,-3.729617,0.562689,-0.362903,0.124953,-0.732168,-7.963363,86.759918,-12.004452,-0.051339,0.899882,-0.056969,0.429339,-7.820602,124.081657,23.135557,0.539703,0.838187,-0.018185,-0.076366,4.308547,126.819443,37.992363,0.468724,0.831972,0.238542,-0.176687,15.065594,102.761253,35.118992,0.552353,0.720775,0.379781,-0.176511,26.209089,87.200485,23.540169,0.058604,0.884421,0.175004,0.428647,-11.578454,84.983948,9.100929,0.077973,0.927150,-0.022864,0.365774,-9.925684,51.767235,-3.723948,-0.039799,0.936395,0.014595,0.348378,-17.178932,7.396799,-4.382447,-0.150095,0.886911,-0.041649,0.434885,0.591080,84.702324,23.215416,-0.019596,0.868160,-0.187840,0.458944,8.790018,50.787144,30.502193,0.001535,0.864781,-0.045994,0.500036,2.567399,9.030497,45.976059,-0.039799,0.936395,0.014595,0.348378,-7.561685,2.130778,-14.959838,0.001535,0.864781,-0.045994,0.500036,14.360282,1.865169,39.519310
939,7.825000,0.007261,0.909368,0.002372,0.415922,-5.478944,84.827080,16.259544,-0.062107,0.913918,0.118511,0.383214,-5.393112,92.467995,16.338673,-0.012683,0.926103,0.024114,0.376287,-9.146960,110.179993,19.443539,0.070299,0.908159,-0.130153,0.391619,-9.988210,130.353745,20.153091,0.205169,0.831742,-0.338287,0.389451,-5.379615,143.623215,16.304678,0.068512,0.936876,0.021021,0.342239,-13.147195,124.038734,17.977827,0.370657,-0.444341,0.383316,-0.719891,-27.800560,126.804558,5.609918,0.467189,-0.416157,0.253191,-0.737863,-19.549141,103.441856,-3.816892,0.560713,-0.363159,0.128266,-0.732983,-8.031934,86.728157,-12.092909,-0.051026,0.898661,-0.057777,0.431819,-7.810633,124.078522,23.173449,0.539688,0.838467,-0.018049,-0.073379,4.236992,126.822006,38.095387,0.467293,0.832955,0.239642,-0.174338,15.018642,102.759918,35.349785,0.550966,0.721418,0.381611,-0.174256,26.249817,87.227898,23.852268,0.059344,0.884728,0.174513,0.428111,-11.572935,84.968536,9.210283,0.077846,0.927241,-0.021475,0.365654,-9.989747,51.745831,-3.607824,-0.040583,0.936361,0.015332,0.348347,-17.187128,7.368085,-4.376945,-0.149684,0.887659,-0.041566,0.433506,0.615048,84.685631,23.308807,-0.019632,0.871541,-0.186095,0.453209,8.802620,50.761169,30.565067,0.002366,0.868979,-0.041805,0.493075,2.756729,8.945978,45.950634,-0.040583,0.936361,0.015332,0.348347,-7.560205,2.129984,-14.959389,0.002366,0.868979,-0.041805,0.493075,14.458455,1.861437,39.243744
940,7.833333,0.007445,0.909672,0.001990,0.415256,-5.461813,84.813843,16.378418,-0.062480,0.913655,0.117219,0.384174,-5.370934,92.454742,16.453329,-0.012729,0.925516,0.023386,0.377772,-9.120299,110.165070,19.504320,0.070578,0.906292,-0.132550,0.395074,-9.953309,130.340164,20.184616,0.207231,0.827061,-0.342702,0.394436,-5.292682,143.581802,16.303131,0.068634,0.936128,0.021581,0.344220,-13.108582,124.023926,18.007523,0.367040,-0.444236,0.385433,-0.720679,-27.708603,126.801277,5.579251,0.463961,-0.416695,0.255882,-0.738668,-19.538519,103.428947,-3.894392,0.558315,-0.363643,0.131307,-0.734034,-8.111073,86.681839,-12.176331,-0.050680,0.897295,-0.058969,0.434529,-7.788719,124.067810,23.220211,0.539946,0.838597,-0.017899,-0.069947,4.169280,126.822678,38.211983,0.465689,0.834072,0.240836,-0.171628,14.962235,102.749214,35.614441,0.548158,0.723170,0.383772,-0.171079,26.304752,87.230423,24.199114,0.060036,0.884861,0.174492,0.427749,-11.566072,84.955475,9.338047,0.077884,0.927066,-0.020342,0.366154,-10.032227,51.738125,-3.499944,-0.040968,0.936366,0.015628,0.348275,-17.195181,7.356638,-4.368588,-0.148871,0.888502,-0.041760,0.432040,0.642447,84.672218,23.418789,-0.019922,0.875399,-0.183666,0.446707,8.785898,50.731613,30.649158,0.001341,0.873627,-0.038189,0.485094,2.976076,8.836666,45.908199,-0.040968,0.936366,0.015628,0.348275,-7.564991,2.130432,-14.953947,0.001341,0.873627,-0.038189,0.485094,14.584284,1.845893,38.945282
941,7.841667,0.007123,0.910126,0.001884,0.414267,-5.418451,84.788338,16.512712,-0.063045,0.913477,0.115892,0.384909,-5.331303,92.429314,16.584023,-0.012874,0.924994,0.022623,0.379089,-9.083160,110.146263,19.579723,0.070836,0.904513,-0.135088,0.398234,-9.910892,130.322632,20.228106,0.209476,0.822443,-0.347046,0.399082,-5.198613,143.534714,16.308426,0.068759,0.935397,0.021944,0.346154,-13.062188,124.004318,18.051249,0.363403,-0.444475,0.387282,-0.721382,-27.609808,126.790749,5.563706,0.460590,-0.417431,0.258871,-0.739320,-19.526737,103.414345,-3.974321,0.555512,-0.364530,0.134930,-0.735063,-8.204680,86.626289,-12.261334,-0.050412,0.895929,-0.060074,0.437219,-7.757232,124.053955,23.279053,0.540190,0.838730,-0.017630,-0.066452,4.110967,126.821709,38.339649,0.464494,0.835162,0.241880,-0.168059,14.915212,102.737869,35.889545,0.545731,0.724644,0.386154,-0.167192,26.358854,87.214188,24.593054,0.061028,0.885193,0.174759,0.426811,-11.538092,84.923721,9.485585,0.077936,0.927061,-0.019242,0.366216,-10.071834,51.721565,-3.399523,-0.041518,0.936367,0.016103,0.348186,-17.202936,7.336888,-4.362036,-0.147367,0.889621,-0.042198,0.430205,0.701188,84.652962,23.539841,-0.020364,0.878935,-0.180939,0.440818,8.753179,50.683205,30.735687,-0.000593,0.877531,-0.035244,0.478223,3.190000,8.700442,45.844551,-0.041518,0.936367,0.016103,0.348186,-7.567640,2.129096,-14.951817,-0.000593,0.877531,-0.035244,0.478223,14.725344,1.801227,38.672371
942,7.850000,0.007023,0.910563,0.001993,0.413305,-5.370701,84.758606,16.654154,-0.063390,0.913329,0.114666,0.385569,-5.285550,92.399590,16.726248,-0.012876,0.924526,0.021701,0.380284,-9.033869,110.124161,19.673599,0.070825,0.902670,-0.137958,0.401421,-9.848359,130.302185,20.286419,0.211533,0.817518,-0.351657,0.404049,-5.087183,143.482086,16.317875,0.068628,0.934851,0.022224,0.347636,-12.998679,123.982582,18.111876,0.359786,-0.445232,0.388667,-0.721983,-27.507166,126.767853,5.578627,0.457450,-0.418428,0.262284,-0.739503,-19.516798,103.396896,-4.050416,0.552635,-0.365806,0.138471,-0.735939,-8.315933,86.544121,-12.335175,-0.050224,0.894481,-0.061212,0.440039,-7.707240,124.036995,23.353312,0.540644,0.838759,-0.016774,-0.062496,4.065829,126.821373,38.485340,0.463614,0.836186,0.242945,-0.163810,14.871109,102.723053,36.186897,0.543581,0.726113,0.388294,-0.162811,26.416080,87.170494,25.027298,0.061998,0.885342,0.174848,0.426326,-11.505198,84.893143,9.639977,0.078139,0.927173,-0.017921,0.365955,-10.104161,51.701725,-3.279994,-0.041771,0.936379,0.016680,0.348096,-17.209091,7.315487,-4.357289,-0.145425,0.890667,-0.042451,0.428674,0.763797,84.624062,23.668333,-0.021239,0.881483,-0.178253,0.436765,8.700342,50.615299,30.807949,-0.002983,0.879366,-0.032715,0.475013,3.382648,8.549052,45.772301,-0.041771,0.936379,0.016680,0.348096,-7.571523,2.125662,-14.953823,-0.002983,0.879366,-0.032715,0.475013,14.907137,1.739910,38.497326
943,7.858333,0.006924,0.911025,0.001940,0.412289,-5.316638,84.725174,16.814957,-0.064432,0.913063,0.113490,0.386374,-5.232459,92.366188,16.885590,-0.012416,0.923986,0.020866,0.381654,-9.004460,110.108482,19.777817,0.071023,0.900976,-0.140675,0.404237,-9.789824,130.288406,20.365370,0.214055,0.812783,-0.356375,0.408120,-4.977898,143.436356,16.352234,0.068246,0.934132,0.022337,0.349628,-12.943414,123.971176,18.188719,0.356235,-0.445788,0.390322,-0.722508,-27.400089,126.743950,5.592981,0.453790,-0.419705,0.265659,-0.739830,-19.504366,103.372101,-4.111677,0.549339,-0.367030,0.142530,-0.737022,-8.437046,86.461479,-12.412114,-0.049589,0.893217,-0.062872,0.442438,-7.667345,124.023453,23.445652,0.541169,0.838759,-0.015568,-0.058123,4.026167,126.817513,38.637470,0.463018,0.837145,0.244127,-0.158758,14.829338,102.703476,36.499405,0.541162,0.727642,0.390878,-0.157780,26.470476,87.108673,25.505108,0.062904,0.885525,0.175524,0.425535,-11.466801,84.857643,9.814469,0.078484,0.927161,-0.016894,0.365960,-10.113136,51.691174,-3.174443,-0.041863,0.936415,0.016936,0.347977,-17.213007,7.306588,-4.348781,-0.143134,0.891755,-0.042541,0.427171,0.833526,84.592712,23.815443,-0.022028,0.882730,-0.176158,0.435053,8.637505,50.537365,30.878757,-0.003912,0.879524,-0.029784,0.474905,3.494187,8.407417,45.724392,-0.041863,0.936415,0.016936,0.347977,-7.576437,2.124421,-14.949973,-0.003912,0.879524,-0.029784,0.474905,15.045481,1.680370,38.415623
944,7.866667,0.007206,0.911292,0.002017,0.411693,-5.265296,84.691635,16.989010,-0.065123,0.912951,0.112120,0.386922,-5.177621,92.332581,17.062441,-0.011952,0.923660,0.020007,0.382504,-8.953943,110.076180,19.896074,0.071318,0.899317,-0.143411,0.406910,-9.709247,130.257996,20.458054,0.215998,0.808048,-0.361157,0.412273,-4.844460,143.372803,16.400496,0.068101,0.933594,0.022607,0.351075,-12.868604,123.942993,18.283213,0.352663,-0.446539,0.391686,-0.723059,-27.286774,126.714027,5.643035,0.449961,-0.421615,0.269197,-0.739803,-19.483124,103.348877,-4.151821,0.545667,-0.369072,0.146303,-0.737990,-8.570985,86.360397,-12.486694,-0.049339,0.891938,-0.064014,0.444876,-7.602052,123.993454,23.549696,0.542022,0.838494,-0.014924,-0.054012,4.008593,126.802063,38.802269,0.462552,0.838092,0.245135,-0.153481,14.787184,102.662918,36.829952,0.538787,0.729545,0.393246,-0.151099,26.518784,87.018585,26.013205,0.063857,0.885582,0.176135,0.425022,-11.424542,84.829506,9.996619,0.078885,0.927066,-0.015776,0.366167,-10.119177,51.686954,-3.058133,-0.042341,0.936459,0.016939,0.347801,-17.215229,7.304746,-4.340502,-0.141208,0.893088,-0.042296,0.425047,0.893951,84.553757,23.981401,-0.022184,0.883393,-0.174849,0.434226,8.602747,50.457882,30.953094,-0.004648,0.879126,-0.027206,0.475791,3.537327,8.287248,45.709717,-0.042341,0.936459,0.016939,0.347801,-7.577633,2.127608,-14.943220,-0.004648,0.879126,-0.027206,0.475791,15.127730,1.632094,38.397053
945,7.875000,0.007662,0.911620,0.001877,0.410958,-5.216721,84.650726,17.178114,-0.065209,0.912939,0.111193,0.387204,-5.121748,92.291573,17.252390,-0.011863,0.923429,0.018836,0.383123,-8.888026,110.038223,20.052343,0.071671,0.897821,-0.146313,0.409113,-9.622277,130.221954,20.571520,0.218146,0.803623,-0.365727,0.415746,-4.703858,143.300980,16.463438,0.067707,0.933030,0.022612,0.352645,-12.785536,123.905884,18.405516,0.349118,-0.447800,0.392819,-0.723384,-27.162956,126.662621,5.715898,0.446317,-0.423657,0.272477,-0.739644,-19.466200,103.307846,-4.187653,0.542336,-0.370946,0.150063,-0.738750,-8.715188,86.255417,-12.558152,-0.048910,0.890549,-0.066340,0.447358,-7.526002,123.961571,23.678955,0.543120,0.838021,-0.014477,-0.050320,4.000477,126.799202,38.989876,0.462210,0.839180,0.245688,-0.147568,14.736327,102.628998,37.170975,0.536475,0.731318,0.395674,-0.144259,26.566236,86.907753,26.556713,0.064440,0.885674,0.177195,0.424301,-11.387104,84.795296,10.195684,0.079582,0.927267,-0.014644,0.365553,-10.095934,51.684792,-2.941524,-0.042259,0.936501,0.016865,0.347701,-17.213505,7.309425,-4.336530,-0.139524,0.894144,-0.041852,0.423425,0.953662,84.506157,24.160543,-0.021763,0.882758,-0.174101,0.435836,8.584028,50.373913,31.039948,-0.006862,0.878827,-0.025091,0.476430,3.487976,8.178147,45.713959,-0.042259,0.936501,0.016865,0.347701,-7.579251,2.129334,-14.940837,-0.006862,0.878827,-0.025091,0.476430,15.126966,1.603745,38.405426
946,7.883333,0.007773,0.911941,0.001820,0.410244,-5.154778,84.592751,17.388321,-0.065208,0.912909,0.110724,0.387409,-5.057845,92.233574,17.462420,-0.011970,0.923209,0.017078,0.383732,-8.820239,109.993866,20.247572,0.071959,0.896369,-0.148906,0.411305,-9.531588,130.180038,20.699059,0.220290,0.799183,-0.370531,0.418910,-4.564378,143.226852,16.547474,0.067731,0.932463,0.022285,0.354160,-12.699326,123.860535,18.549692,0.345877,-0.449207,0.393789,-0.723541,-27.035137,126.613487,5.812271,0.442653,-0.426398,0.275706,-0.739073,-19.445753,103.269363,-4.198699,0.538718,-0.374155,0.153926,-0.738984,-8.877066,86.139778,-12.625587,-0.048579,0.889555,-0.067734,0.449160,-7.446794,123.927536,23.829975,0.544068,0.837697,-0.012930,-0.045678,4.018315,126.780746,39.184017,0.462952,0.839664,0.246492,-0.141002,14.723118,102.585052,37.528248,0.533912,0.733260,0.398144,-0.136932,26.601414,86.766441,27.137447,0.064842,0.886175,0.178855,0.422494,-11.336056,84.738785,10.415564,0.080439,0.927617,-0.013653,0.364513,-10.045441,51.674126,-2.836653,-0.042255,0.936587,0.016902,0.347468,-17.203161,7.308578,-4.334573,-0.137820,0.894891,-0.041143,0.422473,1.026501,84.446709,24.361076,-0.020643,0.882148,-0.173802,0.437244,8.579776,50.276585,31.136719,-0.010593,0.878853,-0.022942,0.476423,3.383381,8.067187,45.736145,-0.042255,0.936587,0.016902,0.347468,-7.574101,2.129215,-14.943954,-0.010593,0.878853,-0.022942,0.476423,15.076649,1.594791,38.423203
947,7.891667,0.008432,0.912124,0.001794,0.409823,-5.107570,84.549263,17.589136,-0.064324,0.912879,0.110767,0.387614,-5.001265,92.189926,17.666950,-0.012226,0.923023,0.015433,0.384241,-8.732623,109.940811,20.463440,0.071783,0.894980,-0.152445,0.413061,-9.428217,130.128891,20.849234,0.222382,0.794959,-0.374742,0.422084,-4.415787,143.134399,16.623051,0.067491,0.931989,0.021947,0.355471,-12.598613,123.805061,18.716606,0.343004,-0.451197,0.394256,-0.723417,-26.899620,126.544571,5.937233,0.439205,-0.429481,0.278723,-0.738213,-19.424757,103.217407,-4.198640,0.534712,-0.377926,0.157058,-0.739316,-9.050968,86.017197,-12.687013,-0.048449,0.888596,-0.069661,0.450775,-7.352002,123.884819,24.002592,0.545538,0.836991,-0.011520,-0.041241,4.057300,126.769661,39.392250,0.463535,0.840381,0.246837,-0.134038,14.697634,102.535210,37.895309,0.532081,0.735017,0.399847,-0.129466,26.635551,86.607597,27.749506,0.065352,0.886098,0.179987,0.422095,-11.295077,84.706299,10.622149,0.081192,0.927977,-0.012464,0.363471,-10.007362,51.675320,-2.714080,-0.042004,0.936709,0.016720,0.347177,-17.190344,7.317910,-4.327773,-0.136667,0.895300,-0.040903,0.422003,1.079938,84.392220,24.556122,-0.018928,0.882033,-0.172974,0.437881,8.572239,50.198132,31.278360,-0.013625,0.878217,-0.020582,0.477625,3.262234,7.956827,45.743996,-0.042004,0.936709,0.016720,0.347177,-7.570997,2.130730,-14.942145,-0.013625,0.878217,-0.020582,0.477625,15.023094,1.583280,38.452667
948,7.900000,0.008754,0.912182,0.001868,0.409688,-5.039102,84.494408,17.804417,-0.063889,0.912787,0.110921,0.387858,-4.928753,92.134979,17.885269,-0.012172,0.922857,0.013812,0.384704,-8.648610,109.887222,20.692230,0.072356,0.893664,-0.155092,0.414820,-9.317204,130.077271,21.018070,0.223999,0.791001,-0.379468,0.424435,-4.250453,143.047440,16.748323,0.067381,0.931466,0.021938,0.356862,-12.494009,123.751495,18.900774,0.340624,-0.453265,0.394717,-0.722997,-26.757208,126.486740,6.078301,0.436065,-0.433372,0.281335,-0.736809,-19.400808,103.170250,-4.168183,0.531569,-0.382024,0.159986,-0.738847,-9.242712,85.897278,-12.739162,-0.048367,0.887632,-0.071617,0.452372,-7.252668,123.839676,24.191854,0.546845,0.836342,-0.010502,-0.037174,4.101043,126.758492,39.616184,0.464717,0.840949,0.246630,-0.126557,14.682611,102.489365,38.272289,0.530684,0.736463,0.401525,-0.121552,26.655853,86.425629,28.397741,0.065891,0.886401,0.181451,0.420746,-11.228575,84.657501,10.839313,0.082217,0.928183,-0.011498,0.362746,-9.949695,51.669300,-2.603237,-0.041693,0.936727,0.016650,0.347169,-17.187401,7.324868,-4.325459,-0.135209,0.895585,-0.040964,0.421863,1.150371,84.331306,24.769520,-0.017145,0.882542,-0.171771,0.437401,8.550943,50.109314,31.451237,-0.016364,0.877723,-0.017743,0.478560,3.155141,7.824913,45.758343,-0.041693,0.936727,0.016650,0.347169,-7.571668,2.132471,-14.940553,-0.016364,0.877723,-0.017743,0.478560,14.977889,1.557988,38.474674
949,7.908333,0.009265,0.912226,0.001797,0.409578,-4.986488,84.442184,18.026165,-0.062713,0.912702,0.111059,0.388212,-4.868568,92.082626,18.109215,-0.012145,0.922636,0.011987,0.385295,-8.553278,109.844360,20.937214,0.072220,0.892376,-0.158752,0.416229,-9.192673,130.036346,21.195007,0.225899,0.787146,-0.383480,0.426983,-4.080004,142.962326,16.846640,0.067246,0.931086,0.021228,0.357920,-12.375996,123.708214,19.094616,0.338517,-0.455397,0.395121,-0.722427,-26.610601,126.428642,6.237257,0.432956,-0.437992,0.283603,-0.735039,-19.373775,103.121017,-4.114037,0.528247,-0.387028,0.161655,-0.738263,-9.447462,85.769478,-12.794486,-0.048195,0.886869,-0.073111,0.453648,-7.141427,123.806335,24.392223,0.548592,0.835390,-0.009437,-0.032901,4.168149,126.747597,39.844692,0.465788,0.841647,0.246041,-0.118897,14.664131,102.432953,38.661953,0.530131,0.737715,0.402210,-0.113862,26.674696,86.229881,29.073647,0.066227,0.886518,0.182981,0.419783,-11.177473,84.613434,11.062596,0.083163,0.928510,-0.010391,0.361725,-9.887042,51.668144,-2.483686,-0.041287,0.936880,0.016464,0.346813,-17.169146,7.335612,-4.321275,-0.133995,0.895751,-0.040662,0.421927,1.204496,84.270943,24.989733,-0.016140,0.883261,-0.169840,0.436743,8.538051,50.023888,31.616732,-0.018161,0.877370,-0.014534,0.479251,3.149521,7.677174,45.741127,-0.041287,0.936880,0.016464,0.346813,-7.566218,2.133602,-14.943258,-0.018161,0.877370,-0.014534,0.479251,15.021255,1.513019,38.449432
950,7.916667,0.009619,0.912314,0.001862,0.409374,-4.933111,84.396317,18.251759,-0.061496,0.912705,0.111122,0.388382,-4.810640,92.036652,18.337908,-0.011915,0.922517,0.010375,0.385632,-8.455865,109.801865,21.184748,0.072621,0.891163,-0.161788,0.417587,-9.061664,129.995544,21.385830,0.227383,0.783412,-0.387927,0.429041,-3.896769,142.881348,16.980366,0.067352,0.930804,0.019998,0.358703,-12.254004,123.666893,19.300684,0.337952,-0.458500,0.394282,-0.721185,-26.466326,126.373970,6.415892,0.430991,-0.443133,0.285643,-0.732316,-19.344770,103.082443,-4.050941,0.525095,-0.393196,0.163584,-0.736826,-9.668007,85.642967,-12.828189,-0.047515,0.885835,-0.075363,0.455367,-7.023230,123.771027,24.601921,0.549747,0.834771,-0.008749,-0.029300,4.228305,126.731636,40.093018,0.467697,0.842110,0.244709,-0.110584,14.668882,102.386711,39.051243,0.529840,0.738895,0.402805,-0.105129,26.682318,86.007965,29.782116,0.066505,0.886761,0.184431,0.418590,-11.127077,84.574089,11.291008,0.084112,0.929007,-0.009121,0.360262,-9.827690,51.669407,-2.352753,-0.040944,0.937030,0.016189,0.346462,-17.150280,7.348925,-4.315753,-0.132252,0.895476,-0.040709,0.423054,1.260855,84.218544,25.212509,-0.015209,0.884005,-0.168161,0.435920,8.475834,49.938698,31.799984,-0.021038,0.877297,-0.011654,0.479345,3.092757,7.538298,45.764488,-0.040944,0.937030,0.016189,0.346462,-7.559677,2.135573,-14.943305,-0.021038,0.877297,-0.011654,0.479345,15.012590,1.483894,38.459335
951,7.925000,0.009323,0.912268,0.001988,0.409482,-4.853185,84.338150,18.489006,-0.060629,0.912736,0.111175,0.388429,-4.735640,91.978561,18.575079,-0.011521,0.922507,0.008829,0.385708,-8.356770,109.766518,21.439182,0.073229,0.890138,-0.164545,0.418589,-8.923834,129.961746,21.588717,0.228823,0.779973,-0.392368,0.430500,-3.706814,142.809265,17.133087,0.067596,0.930518,0.018982,0.359454,-12.127954,123.633972,19.519129,0.337506,-0.461106,0.393980,-0.719897,-26.318094,126.335526,6.608760,0.429109,-0.449065,0.287172,-0.729204,-19.310972,103.046677,-3.940938,0.522704,-0.400009,0.164335,-0.734689,-9.898125,85.513695,-12.846023,-0.047268,0.885097,-0.076863,0.456576,-6.897913,123.741570,24.821018,0.551269,0.833893,-0.008449,-0.025581,4.311796,126.722397,40.338531,0.469934,0.842514,0.242677,-0.102182,14.674366,102.337936,39.454472,0.531004,0.739619,0.402122,-0.096418,26.668184,85.773529,30.521955,0.067548,0.886666,0.185758,0.418037,-11.045606,84.511848,11.526780,0.084978,0.929082,-0.008025,0.359891,-9.779437,51.652157,-2.228086,-0.040758,0.937111,0.016399,0.346255,-17.139109,7.343146,-4.307845,-0.130250,0.895598,-0.040954,0.423394,1.339237,84.164444,25.451231,-0.014140,0.885360,-0.166755,0.433740,8.419143,49.848549,31.997437,-0.023598,0.877609,-0.008535,0.478720,3.040596,7.403007,45.825882,-0.040758,0.937111,0.016399,0.346255,-7.554527,2.133220,-14.942503,-0.023598,0.877609,-0.008535,0.478720,14.993514,1.459538,38.483784
952,7.933333,0.009230,0.912285,0.001859,0.409447,-4.796341,84.296951,18.728724,-0.059509,0.912744,0.111244,0.388563,-4.679281,91.937393,18.812401,-0.010999,0.922433,0.007083,0.385936,-8.266546,109.740379,21.696285,0.073627,0.889045,-0.167773,0.419560,-8.786973,129.937210,21.788757,0.230435,0.776502,-0.396403,0.432215,-3.517917,142.741119,17.269325,0.068289,0.930249,0.018180,0.360060,-12.004673,123.611053,19.735321,0.338481,-0.464133,0.393035,-0.718007,-26.174253,126.326157,6.805231,0.427585,-0.455727,0.288618,-0.725385,-19.276220,103.034576,-3.810102,0.520121,-0.407165,0.165489,-0.732328,-10.154722,85.394249,-12.850989,-0.046754,0.884277,-0.078499,0.457936,-6.777081,123.721466,25.039566,0.552505,0.833183,-0.008236,-0.021837,4.386321,126.716270,40.587734,0.472419,0.842770,0.240379,-0.093687,14.685932,102.299866,39.864319,0.530581,0.741549,0.401323,-0.086763,26.652485,85.530731,31.269562,0.067850,0.886813,0.187146,0.417055,-10.989334,84.468071,11.766945,0.086009,0.929657,-0.006551,0.358185,-9.714643,51.648201,-2.081874,-0.040296,0.937279,0.016231,0.345863,-17.116230,7.353118,-4.304595,-0.128464,0.895553,-0.040804,0.424048,1.396652,84.125824,25.690502,-0.013379,0.886610,-0.165441,0.431709,8.364799,49.776127,32.179100,-0.025449,0.878012,-0.005703,0.477928,3.008618,7.289436,45.889343,-0.040296,0.937279,0.016231,0.345863,-7.545862,2.133417,-14.947256,-0.025449,0.878012,-0.005703,0.477928,14.982200,1.440213,38.505352
953,7.941667,0.008697,0.912257,0.001997,0.409521,-4.716867,84.258041,18.969151,-0.059096,0.912556,0.111514,0.388992,-4.608108,91.898621,19.051432,-0.009741,0.922228,0.005442,0.386486,-8.191811,109.726593,21.952703,0.074603,0.887914,-0.170533,0.420669,-8.639780,129.925323,22.003363,0.231439,0.773288,-0.400793,0.433390,-3.308656,142.687805,17.439787,0.069185,0.930038,0.016455,0.360517,-11.877749,123.606560,19.958996,0.340313,-0.467310,0.391800,-0.715752,-26.029800,126.329590,7.011384,0.426785,-0.462990,0.289531,-0.720879,-19.237238,103.029480,-3.653135,0.518013,-0.415361,0.165580,-0.729192,-10.422936,85.283699,-12.833323,-0.045948,0.883587,-0.080074,0.459076,-6.656089,123.709061,25.269239,0.553340,0.832717,-0.008183,-0.018194,4.469707,126.706490,40.843838,0.475649,0.842708,0.237543,-0.084699,14.728126,102.268532,40.280647,0.531219,0.742781,0.400199,-0.076965,26.628048,85.274155,32.050869,0.068926,0.886610,0.188170,0.416849,-10.908908,84.421158,12.006331,0.086836,0.929480,-0.005371,0.358465,-9.673638,51.639164,-1.935463,-0.039446,0.937447,0.016643,0.345485,-17.105110,7.355666,-4.285787,-0.126695,0.896012,-0.040869,0.423604,1.475174,84.094917,25.931973,-0.013097,0.887924,-0.163618,0.429709,8.333811,49.713398,32.368511,-0.027149,0.878651,-0.003133,0.476683,3.056965,7.172072,45.939423,-0.039446,0.937447,0.016643,0.345485,-7.551011,2.137548,-14.943833,-0.027149,0.878651,-0.003133,0.476683,15.040035,1.408455,38.503677
954,7.950000,0.007537,0.912296,0.001866,0.409457,-4.638871,84.234406,19.221264,-0.059125,0.912469,0.111667,0.389148,-4.545455,91.875282,19.294456,-0.008169,0.922157,0.003850,0.386711,-8.138375,109.729721,22.204308,0.076083,0.886744,-0.173838,0.421517,-8.502921,129.930176,22.220127,0.232405,0.770219,-0.404842,0.434573,-3.092892,142.640610,17.604395,0.070251,0.929718,0.015043,0.361197,-11.765985,123.621353,20.185011,0.343255,-0.470238,0.390424,-0.713177,-25.893280,126.362595,7.214218,0.426404,-0.470981,0.290194,-0.715642,-19.189215,103.041824,-3.461151,0.516474,-0.424126,0.165751,-0.725189,-10.709393,85.182968,-12.786746,-0.044579,0.883001,-0.081790,0.460034,-6.546500,123.711380,25.497623,0.554218,0.832227,-0.006783,-0.013932,4.549967,126.694511,41.095882,0.479042,0.842525,0.234713,-0.074700,14.764052,102.235031,40.680458,0.532243,0.743829,0.398622,-0.067351,26.581535,85.014610,32.857937,0.069585,0.886873,0.189089,0.415764,-10.832233,84.376816,12.259163,0.087809,0.929786,-0.003682,0.357455,-9.627223,51.626049,-1.758486,-0.039756,0.937458,0.016512,0.345426,-17.087654,7.356462,-4.273281,-0.124955,0.896457,-0.040693,0.423197,1.554492,84.091995,26.183367,-0.012248,0.889232,-0.162160,0.427576,8.312479,49.678253,32.553829,-0.027969,0.879096,-0.000924,0.475823,3.056679,7.092279,45.992222,-0.039756,0.937458,0.016512,0.345426,-7.532028,2.138089,-14.929840,-0.027969,0.879096,-0.000924,0.475823,15.044548,1.393606,38.514267
955,7.958333,0.006322,0.912317,0.001700,0.409433,-4.562075,84.224091,19.464144,-0.059045,0.912287,0.111685,0.389581,-4.484558,91.865242,19.527409,-0.006577,0.921939,0.002527,0.387271,-8.083744,109.756279,22.443249,0.077866,0.885448,-0.176790,0.422687,-8.368300,129.958023,22.434446,0.233265,0.767098,-0.409064,0.435677,-2.873786,142.618576,17.781612,0.071485,0.929551,0.013368,0.361450,-11.653863,123.659729,20.402927,0.347044,-0.473182,0.388714,-0.710325,-25.767296,126.421677,7.421449,0.426681,-0.479295,0.290502,-0.709809,-19.139826,103.075729,-3.246715,0.514822,-0.434320,0.165030,-0.720479,-10.998158,85.087311,-12.718468,-0.043473,0.882658,-0.082532,0.460666,-6.440486,123.735489,25.721752,0.555465,0.831436,-0.007708,-0.010648,4.637235,126.695442,41.337734,0.482026,0.842983,0.229677,-0.065417,14.782274,102.204918,41.095364,0.534061,0.745345,0.394769,-0.058296,26.529074,84.751801,33.697903,0.070511,0.886696,0.189595,0.415754,-10.756130,84.344574,12.502249,0.088686,0.930091,-0.001869,0.356457,-9.593901,51.616714,-1.572387,-0.039275,0.937578,0.016634,0.345151,-17.071665,7.360139,-4.258949,-0.123656,0.897190,-0.040431,0.422048,1.631981,84.103615,26.426041,-0.011049,0.890731,-0.160873,0.424967,8.324568,49.665321,32.732552,-0.028677,0.879573,0.000438,0.474899,3.061563,7.039464,46.041046,-0.039275,0.937578,0.016634,0.345151,-7.526954,2.139673,-14.924255,-0.028677,0.879573,0.000438,0.474899,15.047529,1.383421,38.527767
956,7.966667,0.004636,0.912260,0.001056,0.409583,-4.490376,84.242477,19.723846,-0.058965,0.912000,0.111605,0.390287,-4.432354,91.883934,19.767590,-0.005006,0.921575,0.001108,0.388167,-8.032911,109.790443,22.681515,0.079402,0.884181,-0.180010,0.423694,-8.236713,129.993134,22.644251,0.234361,0.764206,-0.412916,0.436536,-2.661904,142.601028,17.944162,0.073335,0.929451,0.011680,0.361394,-11.543469,123.705200,20.615042,0.352034,-0.476555,0.386460,-0.706836,-25.648079,126.509819,7.633126,0.428026,-0.487862,0.290346,-0.703196,-19.097805,103.132103,-3.013115,0.513975,-0.444412,0.163311,-0.715302,-11.298644,85.005646,-12.615913,-0.041988,0.882212,-0.083737,0.461441,-6.340170,123.767517,25.943899,0.556091,0.831050,-0.008247,-0.007128,4.714761,126.699959,41.581200,0.485943,0.842739,0.224906,-0.055382,14.826205,102.194450,41.510273,0.536196,0.746428,0.391252,-0.047554,26.455856,84.487961,34.555260,0.071294,0.886810,0.189898,0.415239,-10.682477,84.329361,12.759712,0.089487,0.930769,0.000467,0.354487,-9.568316,51.617615,-1.356208,-0.038679,0.937773,0.016500,0.344694,-17.043695,7.373574,-4.248013,-0.122557,0.898148,-0.039652,0.420401,1.701723,84.155586,26.687981,-0.009570,0.892168,-0.159619,0.422454,8.360500,49.693562,32.899929,-0.028451,0.879804,0.000859,0.474484,3.064261,7.028815,46.069901,-0.038679,0.937773,0.016500,0.344694,-7.515972,2.142830,-14.923469,-0.028451,0.879804,0.000859,0.474484,15.042835,1.379646,38.539692
957,7.975000,0.003394,0.912543,0.001507,0.408964,-4.410726,84.243492,19.937452,-0.059146,0.911818,0.111645,0.390672,-4.372809,91.885086,19.979683,-0.003076,0.921313,-0.000028,0.388810,-7.990197,109.834908,22.897984,0.080814,0.883102,-0.183106,0.424350,-8.104267,130.038269,22.848621,0.235713,0.761502,-0.416300,0.437320,-2.455964,142.595261,18.100227,0.075445,0.929304,0.009906,0.361393,-11.436069,123.763885,20.818472,0.357071,-0.479042,0.385087,-0.703368,-25.528559,126.619194,7.834439,0.429013,-0.496610,0.289945,-0.696605,-19.048170,103.189346,-2.739736,0.513001,-0.455405,0.161600,-0.709452,-11.604933,84.944199,-12.479351,-0.039978,0.881780,-0.084706,0.462266,-6.239979,123.806259,26.154556,0.556929,0.830498,-0.009373,-0.003886,4.791801,126.689377,41.817368,0.489694,0.842543,0.219689,-0.045355,14.855686,102.164421,41.923012,0.537335,0.748269,0.387374,-0.036133,26.365038,84.213570,35.422726,0.071946,0.886976,0.189601,0.414909,-10.612463,84.312706,12.981699,0.090264,0.931349,0.002817,0.352752,-9.553605,51.599575,-1.135269,-0.038272,0.937850,0.016957,0.344507,-17.024248,7.368785,-4.234555,-0.122023,0.899082,-0.039648,0.418556,1.791011,84.174278,26.893204,-0.007739,0.893453,-0.158376,0.420236,8.429084,49.702927,33.075459,-0.028810,0.880005,0.001496,0.474088,3.065718,6.999791,46.092945,-0.038272,0.937850,0.016957,0.344507,-7.503699,2.145736,-14.920174,-0.028810,0.880005,0.001496,0.474088,15.044249,1.371017,38.547405
958,7.983333,0.001782,0.912676,0.001299,0.408679,-4.338716,84.271866,20.166807,-0.058989,0.911609,0.111381,0.391260,-4.321981,91.913589,20.196060,-0.001454,0.920972,-0.000806,0.389625,-7.935148,109.880936,23.107916,0.082672,0.882024,-0.185384,0.425243,-7.976579,130.084579,23.055038,0.236874,0.758952,-0.419992,0.437596,-2.251472,142.598557,18.285173,0.077437,0.929206,0.008017,0.361270,-11.327291,123.821831,21.020018,0.362250,-0.481596,0.383607,-0.699776,-25.411415,126.722107,8.036871,0.430780,-0.505031,0.289370,-0.689665,-19.000769,103.239952,-2.463516,0.512789,-0.466165,0.158849,-0.703211,-11.904692,84.879318,-12.307801,-0.038320,0.881560,-0.085508,0.462678,-6.140540,123.846458,26.365292,0.557881,0.829852,-0.010692,-0.000214,4.881499,126.688362,42.042488,0.493561,0.842190,0.214179,-0.035240,14.889911,102.142403,42.349327,0.538724,0.749944,0.383063,-0.024984,26.263710,83.950134,36.314194,0.072404,0.887292,0.189034,0.414412,-10.544951,84.312073,13.214838,0.091134,0.932037,0.005596,0.350672,-9.540175,51.588345,-0.881514,-0.037626,0.937994,0.017098,0.344180,-17.002192,7.373852,-4.224504,-0.121543,0.900452,-0.039568,0.415749,1.867520,84.231659,27.118774,-0.005830,0.894719,-0.156855,0.418140,8.497005,49.751518,33.261108,-0.028533,0.880049,0.001413,0.474023,3.067923,7.002926,46.100967,-0.037626,0.937994,0.017098,0.344180,-7.495443,2.147447,-14.920762,-0.028533,0.880049,0.001413,0.474023,15.042103,1.368191,38.552967
959,7.991667,0.000367,0.912854,0.000876,0.408284,-4.267576,84.297287,20.399290,-0.058711,0.911469,0.110703,0.391819,-4.267921,91.939072,20.413811,0.000148,0.920645,-0.001443,0.390398,-7.866226,109.925224,23.306911,0.084385,0.881027,-0.187522,0.426036,-7.837959,130.128891,23.255560,0.238005,0.756589,-0.423333,0.437854,-2.041905,142.602264,18.465069,0.079962,0.929187,0.007002,0.360789,-11.206797,123.877884,21.214405,0.367399,-0.484372,0.382530,-0.695753,-25.288967,126.854683,8.246464,0.432994,-0.512781,0.288740,-0.682790,-18.976780,103.308502,-2.169868,0.512371,-0.477322,0.155861,-0.696668,-12.203817,84.835464,-12.089849,-0.036459,0.880954,-0.086538,0.463790,-6.029001,123.884247,26.568407,0.558214,0.829618,-0.010765,0.003909,4.958519,126.683876,42.277409,0.497939,0.841267,0.209117,-0.024416,14.946404,102.132545,42.767963,0.540047,0.751710,0.378330,-0.012189,26.148453,83.699074,37.214199,0.072978,0.887586,0.188580,0.413887,-10.479875,84.310204,13.452634,0.091928,0.932489,0.008224,0.349206,-9.533381,51.580219,-0.633213,-0.037403,0.938147,0.017037,0.343789,-16.983990,7.382080,-4.209734,-0.120964,0.900995,-0.038833,0.414811,1.944722,84.284370,27.345947,-0.004192,0.895645,-0.155700,0.416605,8.566071,49.790104,33.417343,-0.028387,0.880199,0.001304,0.473754,3.070498,7.007572,46.115082,-0.037403,0.938147,0.017037,0.343789,-7.488647,2.151383,-14.914028,-0.028387,0.880199,0.001304,0.473754,15.038003,1.367902,38.560184
960,8.000000,-0.001037,0.913022,0.000012,0.407909,-4.212223,84.338699,20.636410,-0.057727,0.911369,0.109811,0.392449,-4.226766,91.980484,20.630116,0.001310,0.920274,-0.001863,0.391267,-7.778582,109.965309,23.503542,0.085696,0.880128,-0.189287,0.426851,-7.700405,130.168854,23.454981,0.239201,0.754334,-0.426443,0.438074,-1.847247,142.609070,18.647709,0.082138,0.929240,0.005730,0.360184,-11.080774,123.926437,21.406607,0.372130,-0.486772,0.381797,-0.691956,-25.166174,126.963829,8.456248,0.435787,-0.520277,0.287736,-0.675729,-18.947844,103.352699,-1.869120,0.513463,-0.488268,0.152076,-0.689074,-12.486897,84.781578,-11.842313,-0.034739,0.880682,-0.087227,0.464310,-5.913124,123.919334,26.770401,0.559418,0.828766,-0.011734,0.007778,5.060437,126.674057,42.497089,0.502011,0.840504,0.203358,-0.013518,14.974618,102.097656,43.186893,0.542536,0.752334,0.373694,-0.001015,26.007784,83.433655,38.135590,0.073298,0.888039,0.188093,0.413080,-10.430209,84.321144,13.694856,0.092669,0.933297,0.011194,0.346762,-9.531509,51.581417,-0.371470,-0.037085,0.938323,0.016702,0.343359,-16.960148,7.400751,-4.200719,-0.120236,0.901825,-0.038109,0.413283,2.005764,84.356255,27.577963,-0.002734,0.896513,-0.154351,0.415251,8.613072,49.845512,33.570526,-0.028083,0.880179,0.000857,0.473809,3.069547,7.024476,46.116726,-0.037085,0.938323,0.016702,0.343359,-7.478912,2.157421,-14.911329,-0.028083,0.880179,0.000857,0.473809,15.032709,1.369620,38.566307
961,8.008333,-0.001873,0.913382,-0.000425,0.407100,-4.138656,84.363380,20.854099,-0.057118,0.911218,0.108865,0.393150,-4.162163,92.005119,20.836514,0.002418,0.919811,-0.002029,0.392349,-7.682517,110.002281,23.685043,0.087001,0.879196,-0.190798,0.427833,-7.560483,130.205627,23.647980,0.240336,0.752124,-0.429445,0.438322,-1.652125,142.616058,18.831257,0.084896,0.929396,0.004344,0.359162,-10.949521,123.971687,21.588152,0.376324,-0.488730,0.381878,-0.688253,-25.045565,127.089378,8.668496,0.437817,-0.527002,0.287186,-0.669410,-18.931789,103.402946,-1.546244,0.514814,-0.497495,0.150493,-0.681775,-12.764271,84.742119,-11.562996,-0.032868,0.880223,-0.087653,0.465235,-5.794555,123.950409,26.964102,0.560742,0.827806,-0.013604,0.010988,5.150607,126.651505,42.719849,0.505618,0.839861,0.197419,-0.002955,14.982952,102.048561,43.606575,0.543637,0.753838,0.368852,0.011630,25.854599,83.180511,39.054790,0.073860,0.888430,0.187386,0.412460,-10.368891,84.328262,13.923603,0.093365,0.934072,0.014113,0.344373,-9.536970,51.575516,-0.116481,-0.036632,0.938450,0.016602,0.343066,-16.942497,7.413134,-4.193365,-0.119299,0.902579,-0.037711,0.411942,2.091579,84.398491,27.784595,-0.001253,0.897613,-0.153209,0.413300,8.660415,49.869598,33.714561,-0.028151,0.880296,0.001034,0.473588,3.067150,7.016444,46.128319,-0.036632,0.938450,0.016602,0.343066,-7.472979,2.162144,-14.910584,-0.028151,0.880296,0.001034,0.473588,15.028050,1.366711,38.570488
962,8.016667,-0.002409,0.913724,-0.001158,0.406326,-4.073829,84.381142,21.083015,-0.056277,0.911130,0.107444,0.393866,-4.100270,92.022835,21.051882,0.003276,0.919352,-0.002080,0.393417,-7.574917,110.039185,23.863419,0.087804,0.878391,-0.192343,0.428631,-7.420143,130.242325,23.838230,0.241616,0.750091,-0.431930,0.438659,-1.469647,142.625565,19.003437,0.086777,0.929642,0.003070,0.358087,-10.814447,124.015060,21.766943,0.380245,-0.491303,0.381522,-0.684453,-24.927860,127.183426,8.878615,0.440956,-0.532413,0.286848,-0.663183,-18.933382,103.433357,-1.258794,0.516690,-0.505531,0.148071,-0.674941,-13.013382,84.692963,-11.250620,-0.031274,0.879854,-0.088056,0.465966,-5.672055,123.982384,27.154863,0.561921,0.826933,-0.013867,0.015291,5.250667,126.638435,42.933823,0.509670,0.838602,0.192121,0.008559,15.006807,102.013054,44.017342,0.545107,0.754807,0.364031,0.024603,25.689327,82.928802,39.981121,0.074867,0.888659,0.186747,0.412074,-10.315757,84.331360,14.163139,0.093635,0.934476,0.016827,0.343079,-9.572740,51.572220,0.132971,-0.036629,0.938699,0.016599,0.342385,-16.922327,7.421949,-4.169999,-0.118258,0.903216,-0.037072,0.410904,2.168100,84.430931,28.002892,0.000169,0.898886,-0.152092,0.410941,8.696788,49.881001,33.854122,-0.028450,0.880437,0.001508,0.473308,3.062500,6.997043,46.142315,-0.036629,0.938699,0.016599,0.342385,-7.468386,2.170250,-14.900613,-0.028450,0.880437,0.001508,0.473308,15.023907,1.362934,38.573627
963,8.025000,-0.002642,0.914091,-0.002011,0.405496,-4.012231,84.391724,21.305349,-0.055518,0.911044,0.106072,0.394544,-4.036678,92.033363,21.260885,0.004267,0.918915,-0.001957,0.394429,-7.467699,110.061607,24.035055,0.089040,0.877698,-0.193229,0.429395,-7.278069,130.264465,24.030399,0.242607,0.748514,-0.434251,0.438515,-1.282531,142.626892,19.197981,0.089118,0.929775,0.002357,0.357172,-10.678508,124.045120,21.945396,0.383077,-0.493088,0.382454,-0.681062,-24.801327,127.288315,9.086002,0.443486,-0.537012,0.287103,-0.657655,-18.937723,103.463196,-0.951312,0.518618,-0.512838,0.146445,-0.668271,-13.242966,84.642517,-10.906316,-0.029599,0.879338,-0.088870,0.466895,-5.548104,123.998215,27.344629,0.563120,0.826030,-0.013603,0.019647,5.345028,126.614464,43.150681,0.513442,0.837221,0.187134,0.020473,15.021615,101.966431,44.417297,0.546237,0.755498,0.359796,0.037339,25.511391,82.686287,40.907806,0.075978,0.888878,0.186227,0.411634,-10.266698,84.331520,14.396884,0.093847,0.935096,0.019492,0.341186,-9.616403,51.570522,0.366439,-0.036514,0.938849,0.016552,0.341987,-16.910091,7.432511,-4.152097,-0.117138,0.903823,-0.036371,0.409950,2.242235,84.451935,28.213818,0.001411,0.900168,-0.151141,0.408474,8.726905,49.879532,33.980709,-0.028925,0.880658,0.002147,0.472864,3.060745,6.969798,46.163826,-0.036514,0.938849,0.016552,0.341987,-7.466554,2.178046,-14.890522,-0.028925,0.880658,0.002147,0.472864,15.022427,1.357727,38.579212
964,8.033333,-0.002811,0.914422,-0.003043,0.404740,-3.945118,84.393776,21.536402,-0.055167,0.911030,0.104238,0.395115,-3.965580,92.035316,21.476490,0.005322,0.918558,-0.001663,0.395247,-7.358336,110.070351,24.191202,0.090060,0.877163,-0.193874,0.429986,-7.134236,130.272842,24.214468,0.243593,0.747124,-0.436211,0.438393,-1.102793,142.619232,19.385729,0.091558,0.930183,0.001568,0.355492,-10.541536,124.062157,22.114891,0.385216,-0.494916,0.383348,-0.678020,-24.693668,127.383659,9.307822,0.445695,-0.540254,0.288106,-0.653052,-18.962156,103.494820,-0.654076,0.520570,-0.517468,0.146115,-0.663238,-13.447126,84.588676,-10.545201,-0.027930,0.878820,-0.089388,0.467873,-5.420908,123.999130,27.523232,0.563853,0.825408,-0.012666,0.024734,5.440499,126.570686,43.358421,0.517402,0.835441,0.182444,0.032374,15.061341,101.911591,44.819527,0.547531,0.756146,0.354825,0.050524,25.330034,82.454811,41.828712,0.077332,0.888735,0.186056,0.411769,-10.210976,84.322914,14.638368,0.094152,0.935694,0.021955,0.339310,-9.648932,51.572182,0.580201,-0.036656,0.938944,0.016108,0.341733,-16.901487,7.448512,-4.140110,-0.115920,0.904743,-0.035615,0.408331,2.320739,84.464630,28.434435,0.002697,0.901432,-0.150262,0.405998,8.760729,49.868114,34.105976,-0.029306,0.880914,0.003090,0.472358,3.055952,6.935036,46.188419,-0.036656,0.938944,0.016108,0.341733,-7.463554,2.183477,-14.878284,-0.029306,0.880914,0.003090,0.472358,15.017300,1.351146,38.582508
965,8.041667,-0.002713,0.914763,-0.003726,0.403964,-3.888014,84.380997,21.751696,-0.054616,0.911070,0.102625,0.395521,-3.902945,92.022476,21.682852,0.006309,0.918287,-0.001639,0.395862,-7.255575,110.074852,24.350853,0.090900,0.876566,-0.194877,0.430572,-6.995265,130.276886,24.390930,0.244425,0.745744,-0.437668,0.438827,-0.928345,142.603226,19.555428,0.093790,0.930438,0.000531,0.354242,-10.410865,124.074043,22.281687,0.386978,-0.496747,0.384553,-0.674989,-24.581327,127.462639,9.512517,0.447500,-0.542168,0.290004,-0.649381,-18.995090,103.508499,-0.374817,0.522006,-0.520301,0.147916,-0.659483,-13.623603,84.527573,-10.165880,-0.026519,0.878382,-0.089750,0.468708,-5.297660,123.997414,27.696873,0.565175,0.824357,-0.013015,0.029021,5.536449,126.529922,43.557037,0.521141,0.833685,0.177225,0.044418,15.065879,101.847824,45.215446,0.548927,0.756062,0.350785,0.063244,25.115971,82.215675,42.759754,0.078405,0.888831,0.185742,0.411500,-10.165583,84.306679,14.864354,0.094485,0.936090,0.024353,0.337958,-9.684793,51.559532,0.794813,-0.036967,0.939022,0.016110,0.341485,-16.898514,7.451501,-4.126867,-0.114789,0.905638,-0.034879,0.406727,2.389554,84.455315,28.639036,0.003755,0.902263,-0.149484,0.404429,8.789330,49.836494,34.219276,-0.029539,0.881056,0.004867,0.472064,3.047933,6.883058,46.211689,-0.036967,0.939022,0.016110,0.341485,-7.462955,2.189549,-14.868638,-0.029539,0.881056,0.004867,0.472064,15.015112,1.346130,38.580658
966,8.050000,-0.002492,0.915065,-0.004844,0.403269,-3.829368,84.359726,21.963020,-0.054598,0.910904,0.101367,0.396230,-3.834372,92.001083,21.879919,0.007470,0.917834,-0.001744,0.396891,-7.173684,110.081566,24.506260,0.091831,0.876085,-0.195212,0.431201,-6.868661,130.282944,24.561369,0.245406,0.744709,-0.439074,0.438633,-0.771224,142.598129,19.735857,0.096025,0.930731,-0.000508,0.352871,-10.293253,124.089195,22.440014,0.387892,-0.497747,0.386472,-0.672627,-24.484844,127.545227,9.712456,0.448558,-0.543119,0.292695,-0.646643,-19.029804,103.526154,-0.090246,0.522903,-0.521376,0.149825,-0.657489,-13.772100,84.456879,-9.777690,-0.024801,0.878175,-0.090231,0.469097,-5.192432,123.997368,27.866632,0.566521,0.823260,-0.012781,0.033670,5.630950,126.481316,43.741787,0.524763,0.831682,0.172378,0.056704,15.064171,101.776161,45.595329,0.551057,0.755025,0.347294,0.075236,24.880522,81.993309,43.675636,0.079687,0.888660,0.185690,0.411646,-10.117412,84.280815,15.085294,0.094811,0.936180,0.026324,0.337467,-9.716526,51.546715,0.982898,-0.036985,0.939070,0.016343,0.341339,-16.899729,7.453221,-4.110645,-0.113613,0.906290,-0.033980,0.405679,2.458676,84.438644,28.840750,0.004573,0.902808,-0.148796,0.403456,8.816406,49.796261,34.321915,-0.030854,0.881308,0.005872,0.471498,3.046525,6.824973,46.236454,-0.036985,0.939070,0.016343,0.341339,-7.466636,2.197535,-14.857647,-0.030854,0.881308,0.005872,0.471498,15.021881,1.330813,38.587364
967,8.058333,-0.002516,0.915338,-0.005493,0.402641,-3.761707,84.338013,22.156874,-0.054365,0.910947,0.100364,0.396419,-3.763110,91.979256,22.064547,0.008465,0.917679,-0.002056,0.397228,-7.080598,110.068382,24.660192,0.092447,0.875740,-0.195654,0.431570,-6.733701,130.269058,24.719847,0.246244,0.743783,-0.439828,0.438979,-0.613953,142.573669,19.895571,0.098519,0.931151,-0.001773,0.351068,-10.169564,124.082886,22.594633,0.385901,-0.497055,0.390809,-0.671778,-24.391525,127.613281,9.921501,0.447364,-0.542338,0.296851,-0.646231,-19.078709,103.523842,0.213833,0.523169,-0.520971,0.155283,-0.656331,-13.895649,84.400368,-9.367570,-0.023218,0.877533,-0.090919,0.470245,-5.072965,123.979332,28.025002,0.567627,0.822313,-0.012957,0.037842,5.711548,126.425385,43.932461,0.528154,0.829555,0.167786,0.068840,15.062443,101.703606,45.972260,0.549363,0.756359,0.343671,0.089511,24.650511,81.771744,44.575531,0.081008,0.888519,0.185154,0.411933,-10.059187,84.253868,15.287848,0.095068,0.936840,0.028683,0.335364,-9.753045,51.520752,1.180807,-0.037133,0.939117,0.016775,0.341173,-16.897350,7.443306,-4.102800,-0.112843,0.907153,-0.032968,0.404046,2.535772,84.422165,29.025900,0.005247,0.903383,-0.148013,0.402447,8.883831,49.762527,34.408314,-0.031038,0.881517,0.007427,0.471072,3.100803,6.770933,46.242939,-0.037133,0.939117,0.016775,0.341173,-7.465228,2.200533,-14.856958,-0.031038,0.881517,0.007427,0.471072,15.077936,1.317571,38.567478
968,8.066667,-0.002608,0.915633,-0.006508,0.401954,-3.707804,84.312096,22.351460,-0.053664,0.911027,0.099389,0.396574,-3.704324,91.953148,22.244368,0.009242,0.917523,-0.002416,0.397568,-6.985892,110.060188,24.818468,0.093618,0.875387,-0.195801,0.431966,-6.604450,130.260254,24.877361,0.246802,0.743286,-0.440464,0.438869,-0.452146,142.554657,20.068527,0.100512,0.931395,-0.002977,0.349845,-10.049316,124.079857,22.749897,0.385508,-0.497724,0.393457,-0.669960,-24.289139,127.666878,10.112771,0.447210,-0.540944,0.301258,-0.645467,-19.121704,103.517723,0.475205,0.523166,-0.518882,0.161535,-0.656480,-13.993837,84.331474,-8.953128,-0.022074,0.877107,-0.091396,0.471001,-4.956952,123.967865,28.184071,0.569148,0.821063,-0.012490,0.042087,5.802009,126.386047,44.113083,0.531070,0.827416,0.163431,0.081475,15.043281,101.637604,46.322147,0.548945,0.756508,0.339720,0.104619,24.401720,81.589043,45.463882,0.082163,0.888393,0.185166,0.411971,-10.015581,84.218826,15.492004,0.095320,0.937028,0.030492,0.334610,-9.781015,51.499474,1.351722,-0.037274,0.939154,0.017250,0.341031,-16.895699,7.435975,-4.085978,-0.112041,0.907993,-0.032135,0.402447,2.599973,84.405357,29.210913,0.006305,0.904171,-0.147504,0.400847,8.930471,49.728981,34.505493,-0.031500,0.881765,0.008768,0.470554,3.100678,6.724980,46.271904,-0.037274,0.939154,0.017250,0.341031,-7.463951,2.207190,-14.847276,-0.031500,0.881765,0.008768,0.470554,15.079650,1.310959,38.571507
969,8.075000,-0.002901,0.916001,-0.007125,0.401102,-3.650826,84.283607,22.523224,-0.053384,0.911136,0.098983,0.396465,-3.647755,91.924507,22.405693,0.010414,0.917493,-0.002820,0.397606,-6.915969,110.048485,24.972576,0.094903,0.874996,-0.196534,0.432147,-6.484576,130.247528,25.035328,0.247180,0.742874,-0.440702,0.439116,-0.291926,142.522400,20.228371,0.102724,0.931595,-0.004608,0.348650,-9.944519,124.076080,22.906380,0.384946,-0.498248,0.396120,-0.668322,-24.199247,127.721832,10.302912,0.446875,-0.538695,0.306060,-0.645320,-19.171009,103.516617,0.732615,0.522643,-0.515193,0.167615,-0.658275,-14.069777,84.267601,-8.529206,-0.020647,0.876791,-0.091978,0.471541,-4.852951,123.950455,28.341002,0.570382,0.819957,-0.011337,0.046975,5.888665,126.332413,44.287163,0.533744,0.825355,0.158399,0.093899,15.032259,101.564041,46.672188,0.554071,0.753251,0.334445,0.117324,24.147617,81.442436,46.360844,0.083186,0.888232,0.184974,0.412200,-9.971321,84.180817,15.675625,0.095708,0.936849,0.032027,0.334855,-9.803208,51.468456,1.518233,-0.037162,0.939110,0.018092,0.341121,-16.902164,7.420251,-4.062068,-0.111331,0.908473,-0.031477,0.401611,2.669670,84.386398,29.370823,0.007290,0.904965,-0.147031,0.399209,8.978806,49.695744,34.596947,-0.032759,0.882105,0.009776,0.469811,3.107097,6.680399,46.300880,-0.037162,0.939110,0.018092,0.341121,-7.467091,2.212845,-14.830812,-0.032759,0.882105,0.009776,0.469811,15.090219,1.308407,38.577538
970,8.083333,-0.003195,0.916340,-0.008133,0.400306,-3.605724,84.265030,22.690174,-0.052809,0.911227,0.098779,0.396383,-3.600703,91.905663,22.556723,0.011463,0.917428,-0.003432,0.397723,-6.847253,110.038498,25.126410,0.095786,0.874897,-0.196553,0.432142,-6.367146,130.236465,25.183407,0.247883,0.742727,-0.440870,0.438800,-0.153056,142.504837,20.387550,0.104540,0.931768,-0.005734,0.347630,-9.841418,124.072754,23.055353,0.383446,-0.497981,0.399689,-0.667257,-24.109100,127.769768,10.481517,0.445735,-0.535758,0.311449,-0.645975,-19.217331,103.505692,0.989860,0.521183,-0.511606,0.174538,-0.660428,-14.130020,84.203598,-8.102526,-0.019078,0.876028,-0.093448,0.472734,-4.751572,123.936424,28.491329,0.571074,0.819208,-0.008466,0.051969,5.948781,126.295700,44.468575,0.536939,0.822257,0.155118,0.107366,15.024317,101.515007,46.982128,0.549483,0.755645,0.330992,0.132338,23.871279,81.265907,47.202744,0.084008,0.888010,0.184905,0.412541,-9.938069,84.149780,15.853731,0.096051,0.936906,0.033606,0.334443,-9.818255,51.445389,1.677445,-0.036497,0.939058,0.018844,0.341297,-16.900221,7.412410,-4.042840,-0.110753,0.909248,-0.030887,0.400060,2.726621,84.380272,29.526615,0.008216,0.905754,-0.146545,0.397575,9.024711,49.677841,34.687420,-0.034207,0.882656,0.009864,0.468668,3.115974,6.650978,46.330215,-0.036497,0.939058,0.018844,0.341297,-7.465894,2.218317,-14.818663,-0.034207,0.882656,0.009864,0.468668,15.093740,1.300445,38.583710
971,8.091667,-0.003779,0.916575,-0.008587,0.399752,-3.548941,84.258705,22.831545,-0.052117,0.911321,0.098699,0.396278,-3.549416,91.899162,22.688162,0.012122,0.917428,-0.003831,0.397699,-6.769650,110.027023,25.264704,0.096957,0.874718,-0.196616,0.432215,-6.258696,130.224258,25.317499,0.248579,0.742643,-0.440759,0.438659,-0.015231,142.483398,20.536222,0.106837,0.932161,-0.007590,0.345838,-9.742482,124.065414,23.190891,0.382443,-0.497774,0.402530,-0.666279,-24.039494,127.822533,10.668286,0.444892,-0.532816,0.316812,-0.646381,-19.257631,103.509506,1.246132,0.520502,-0.507047,0.182069,-0.662444,-14.180767,84.129074,-7.678280,-0.017989,0.875587,-0.094247,0.473435,-4.652581,123.922440,28.626644,0.572328,0.818046,-0.007466,0.056445,6.023663,126.261650,44.622959,0.539510,0.819578,0.151046,0.120023,14.997482,101.460793,47.297661,0.548887,0.755029,0.327455,0.146380,23.582994,81.145195,48.042503,0.084756,0.887834,0.184452,0.412972,-9.889476,84.130165,16.002934,0.096516,0.937071,0.035193,0.333681,-9.823595,51.422836,1.833057,-0.036190,0.939000,0.019456,0.341454,-16.900902,7.407734,-4.028832,-0.110331,0.910076,-0.030729,0.398302,2.791594,84.387245,29.660152,0.009449,0.906771,-0.145930,0.395450,9.077217,49.677471,34.786659,-0.033983,0.882839,0.010495,0.468327,3.117084,6.636381,46.350407,-0.036190,0.939000,0.019456,0.341454,-7.464423,2.226919,-14.809164,-0.033983,0.882839,0.010495,0.468327,15.089501,1.298176,38.587143
972,8.100000,-0.003969,0.916924,-0.009253,0.398934,-3.510881,84.247749,22.960758,-0.051455,0.911463,0.098762,0.396023,-3.510093,91.888008,22.806892,0.013142,0.917463,-0.004283,0.397580,-6.709551,110.025894,25.397486,0.098146,0.874441,-0.196927,0.432366,-6.153539,130.221924,25.449844,0.249004,0.742419,-0.440623,0.438934,0.122983,142.468079,20.678518,0.108463,0.932280,-0.009235,0.344969,-9.651582,124.070847,23.324202,0.380809,-0.496766,0.406684,-0.665445,-23.958290,127.865448,10.823991,0.443617,-0.529365,0.321916,-0.647570,-19.301495,103.487183,1.508390,0.519777,-0.501901,0.188454,-0.665141,-14.210260,84.055237,-7.258283,-0.016417,0.875128,-0.095284,0.474134,-4.560659,123.916603,28.758690,0.573289,0.817014,-0.004600,0.061704,6.092025,126.223770,44.775349,0.542022,0.816478,0.147865,0.133082,14.974506,101.405296,47.588036,0.546420,0.755527,0.323953,0.160185,23.287640,81.020752,48.845417,0.085201,0.887803,0.184295,0.413016,-9.863567,84.111115,16.143608,0.096988,0.936659,0.036243,0.334588,-9.829693,51.405071,1.970670,-0.036206,0.938905,0.019836,0.341693,-16.908678,7.404935,-4.000458,-0.110130,0.910407,-0.030444,0.397623,2.841806,84.384384,29.777908,0.010531,0.907573,-0.145424,0.393766,9.126576,49.670204,34.875587,-0.034110,0.883036,0.011127,0.467932,3.117496,6.617803,46.371677,-0.036206,0.938905,0.019836,0.341693,-7.465474,2.234616,-14.779938,-0.034110,0.883036,0.011127,0.467932,15.087058,1.296810,38.592213
973,8.108333,-0.004540,0.917231,-0.009602,0.398215,-3.458235,84.247169,23.080050,-0.051054,0.911571,0.098875,0.395797,-3.463443,91.887245,22.917812,0.014104,0.917504,-0.004697,0.397450,-6.649657,110.021973,25.518394,0.098712,0.874488,-0.196931,0.432139,-6.051311,130.216797,25.570768,0.249910,0.742373,-0.440310,0.438811,0.237324,142.458786,20.804764,0.110212,0.932699,-0.011005,0.343226,-9.562818,124.073074,23.446030,0.379486,-0.495637,0.410380,-0.664772,-23.901176,127.909729,10.995018,0.442620,-0.526166,0.326391,-0.648618,-19.345131,103.473236,1.782758,0.519735,-0.497548,0.195577,-0.666387,-14.238310,84.004356,-6.835721,-0.015604,0.874663,-0.096245,0.474824,-4.470742,123.908112,28.879122,0.574566,0.815768,-0.003231,0.066226,6.157556,126.207687,44.913067,0.544384,0.813713,0.143478,0.144676,14.931634,101.368126,47.875874,0.549164,0.752889,0.318537,0.173527,22.973732,80.957558,49.619545,0.085770,0.887639,0.184008,0.413377,-9.821509,84.098282,16.273039,0.097435,0.936329,0.037272,0.335268,-9.826335,51.391636,2.101454,-0.035449,0.938896,0.020426,0.341760,-16.906876,7.406125,-3.974661,-0.109772,0.910816,-0.030309,0.396796,2.905040,84.396057,29.887060,0.011587,0.908309,-0.144902,0.392231,9.175360,49.675674,34.960209,-0.034125,0.883200,0.011367,0.467616,3.117841,6.611734,46.387463,-0.035449,0.938896,0.020426,0.341760,-7.468293,2.243747,-14.761991,-0.034125,0.883200,0.011367,0.467616,15.083049,1.296683,38.597248
974,8.116667,-0.004904,0.917540,-0.009830,0.397493,-3.410627,84.255043,23.184969,-0.050817,0.911506,0.099331,0.395863,-3.419681,91.894997,23.017321,0.015139,0.917364,-0.005230,0.397727,-6.604403,110.025635,25.636261,0.099823,0.874324,-0.196707,0.432319,-5.959188,130.219025,25.685701,0.250658,0.742377,-0.440095,0.438593,0.354869,142.456192,20.940933,0.112095,0.932982,-0.012329,0.341800,-9.483647,124.083122,23.559807,0.379106,-0.494711,0.413561,-0.663707,-23.843643,127.972137,11.150042,0.442349,-0.523362,0.330527,-0.648978,-19.377893,103.475487,2.054054,0.519829,-0.493558,0.201196,-0.667607,-14.259502,83.938370,-6.419457,-0.014442,0.874530,-0.096959,0.474960,-4.395309,123.907234,28.996059,0.575831,0.814462,-0.001499,0.071183,6.229345,126.180984,45.036102,0.546604,0.810573,0.140500,0.156381,14.890144,101.320885,48.155708,0.546722,0.752952,0.314565,0.187637,22.653423,80.897942,50.349789,0.085912,0.888022,0.183557,0.412727,-9.784552,84.098343,16.388103,0.097874,0.936121,0.038442,0.335590,-9.822543,51.381596,2.239884,-0.034848,0.938906,0.020743,0.341777,-16.901808,7.411742,-3.950035,-0.109396,0.911200,-0.030133,0.396028,2.963298,84.411743,29.981834,0.012386,0.908676,-0.144482,0.391509,9.218855,49.684734,35.027824,-0.034118,0.883310,0.011482,0.467405,3.119800,6.611604,46.398212,-0.034848,0.938906,0.020743,0.341777,-7.468168,2.251630,-14.742775,-0.034118,0.883310,0.011482,0.467405,15.081735,1.299172,38.601181
975,8.125000,-0.005160,0.917811,-0.010111,0.396856,-3.359729,84.258072,23.275242,-0.050761,0.911638,0.099511,0.395522,-3.370783,91.897903,23.102106,0.016012,0.917481,-0.005348,0.397421,-6.556937,110.036972,25.730473,0.100679,0.874332,-0.196930,0.432002,-5.877450,130.229202,25.789320,0.251751,0.742310,-0.439641,0.438536,0.457504,142.456863,21.047935,0.113655,0.933380,-0.013933,0.340132,-9.413687,124.100327,23.662727,0.379564,-0.493744,0.416140,-0.662553,-23.804119,128.027145,11.300209,0.442718,-0.520985,0.333752,-0.648987,-19.401125,103.472664,2.330396,0.520863,-0.489884,0.206125,-0.668004,-14.267174,83.878540,-6.009075,-0.013545,0.874468,-0.097435,0.475004,-4.322131,123.913155,29.095592,0.577460,0.812905,-0.000791,0.075666,6.301860,126.165405,45.139111,0.548716,0.807784,0.136759,0.166415,14.828155,101.280167,48.424511,0.544955,0.753235,0.308818,0.200731,22.338245,80.840233,51.029278,0.086142,0.888173,0.183226,0.412501,-9.743033,84.095009,16.487333,0.098302,0.936074,0.039370,0.335488,-9.809168,51.372433,2.352712,-0.034319,0.938899,0.021180,0.341822,-16.896370,7.416630,-3.927217,-0.108999,0.911565,-0.029954,0.395312,3.023575,84.421143,30.063148,0.013153,0.908888,-0.144167,0.391109,9.262720,49.687180,35.081497,-0.034663,0.883368,0.011231,0.467261,3.117064,6.607616,46.402302,-0.034319,0.938899,0.021180,0.341822,-7.465926,2.262754,-14.725730,-0.034663,0.883368,0.011231,0.467261,15.080688,1.296379,38.607044
976,8.133333,-0.005371,0.918115,-0.010192,0.396146,-3.310169,84.263626,23.355406,-0.051056,0.911790,0.099904,0.395033,-3.323820,91.903397,23.179871,0.016902,0.917666,-0.005468,0.396956,-6.525330,110.044708,25.819645,0.101972,0.874336,-0.196676,0.431806,-5.810900,130.235703,25.888010,0.252688,0.742284,-0.439392,0.438290,0.550943,142.457504,21.167561,0.115122,0.933675,-0.015447,0.338761,-9.359835,124.114021,23.761848,0.380336,-0.492268,0.418725,-0.661579,-23.773310,128.076080,11.437478,0.443476,-0.519458,0.336246,-0.648406,-19.407581,103.461960,2.614115,0.522838,-0.487478,0.209632,-0.667129,-14.278357,83.822205,-5.607329,-0.012582,0.874248,-0.098530,0.475210,-4.263205,123.915314,29.189543,0.578965,0.811469,-0.000578,0.079479,6.354183,126.155762,45.239082,0.550399,0.805145,0.133220,0.176223,14.756841,101.248993,48.676277,0.542684,0.753269,0.304370,0.213163,22.024609,80.820404,51.677811,0.086326,0.888599,0.182765,0.411748,-9.703932,84.096458,16.577450,0.098620,0.935778,0.040255,0.336116,-9.807769,51.364113,2.465700,-0.033388,0.938849,0.021748,0.342016,-16.890198,7.420283,-3.902830,-0.108642,0.911853,-0.029687,0.394766,3.083595,84.430786,30.133364,0.013873,0.909091,-0.143975,0.390681,9.310491,49.690155,35.120659,-0.034896,0.883374,0.011184,0.467235,3.118016,6.607389,46.403713,-0.033388,0.938849,0.021748,0.342016,-7.463320,2.272099,-14.707169,-0.034896,0.883374,0.011184,0.467235,15.083270,1.298189,38.609566
977,8.141667,-0.005496,0.918297,-0.010075,0.395725,-3.267663,84.273026,23.420492,-0.051224,0.912025,0.100146,0.394408,-3.283857,91.912811,23.245850,0.017765,0.917979,-0.005542,0.396192,-6.494189,110.059761,25.894627,0.102884,0.874446,-0.196583,0.431409,-5.746489,130.249527,25.973469,0.253989,0.741975,-0.439180,0.438273,0.633565,142.465897,21.263544,0.116431,0.934125,-0.016895,0.337000,-9.308962,124.134911,23.849615,0.382356,-0.491617,0.419985,-0.660098,-23.756817,128.128494,11.575785,0.445369,-0.518233,0.338067,-0.647141,-19.413181,103.463623,2.884202,0.524939,-0.485770,0.212150,-0.665927,-14.280290,83.764885,-5.213185,-0.011179,0.874100,-0.099468,0.475321,-4.203751,123.924683,29.268801,0.580547,0.809909,-0.000349,0.083737,6.410853,126.135231,45.324326,0.552461,0.802497,0.129646,0.184329,14.679390,101.207520,48.930801,0.541864,0.753144,0.298577,0.223627,21.708736,80.783554,52.265911,0.086456,0.889017,0.182308,0.411021,-9.667604,84.104652,16.648397,0.098917,0.935564,0.040940,0.336541,-9.805048,51.362015,2.560824,-0.033560,0.938854,0.021582,0.341995,-16.888264,7.428452,-3.877281,-0.108490,0.912106,-0.029339,0.394248,3.132278,84.441391,30.192583,0.014657,0.909390,-0.143891,0.389988,9.362118,49.696949,35.149529,-0.034743,0.883390,0.011011,0.467220,3.117098,6.613994,46.402863,-0.033560,0.938854,0.021582,0.341995,-7.460593,2.277588,-14.679648,-0.034743,0.883390,0.011011,0.467220,15.079787,1.298335,38.609188
978,8.150000,-0.005428,0.918437,-0.010103,0.395401,-3.229757,84.279625,23.478996,-0.051462,0.912177,0.100449,0.393948,-3.244889,91.919418,23.304377,0.018395,0.918206,-0.005495,0.395639,-6.467324,110.068810,25.962219,0.104078,0.874603,-0.196244,0.430960,-5.696957,130.257660,26.052412,0.255241,0.742149,-0.438695,0.437737,0.704990,142.469986,21.361736,0.117704,0.934570,-0.017938,0.335265,-9.268780,124.148331,23.929079,0.385490,-0.491839,0.420193,-0.657974,-23.750282,128.177612,11.706671,0.448364,-0.517367,0.338857,-0.645350,-19.427469,103.466560,3.136748,0.527350,-0.484938,0.213526,-0.664187,-14.274851,83.706245,-4.841567,-0.010308,0.873766,-0.100698,0.475696,-4.157387,123.929108,29.342079,0.581993,0.808539,-0.001080,0.086880,6.444107,126.134155,45.407021,0.554549,0.799876,0.125935,0.191873,14.595139,101.190094,49.164749,0.540425,0.753133,0.293740,0.233342,21.390989,80.770073,52.816113,0.086526,0.889376,0.181959,0.410385,-9.634502,84.112259,16.711420,0.099115,0.935593,0.041568,0.336326,-9.797091,51.361412,2.643208,-0.033091,0.938964,0.021717,0.341732,-16.879051,7.436049,-3.851953,-0.108341,0.912355,-0.028911,0.393744,3.174987,84.446999,30.246574,0.015283,0.909507,-0.143894,0.389690,9.410154,49.698467,35.168114,-0.034846,0.883396,0.010873,0.467203,3.117484,6.617278,46.401649,-0.033091,0.938964,0.021717,0.341732,-7.461875,2.283750,-14.662787,-0.034846,0.883396,0.010873,0.467203,15.080273,1.299584,38.609512
979,8.158333,-0.005452,0.918539,-0.009938,0.395167,-3.184991,84.281662,23.522938,-0.051824,0.912238,0.100885,0.393647,-3.201510,91.921494,23.350502,0.018837,0.918343,-0.005607,0.395297,-6.443630,110.077515,26.020332,0.104513,0.874788,-0.195984,0.430596,-5.655062,130.265656,26.113138,0.256959,0.741982,-0.438095,0.437616,0.752039,142.478470,21.430758,0.118859,0.935075,-0.018691,0.333405,-9.233933,124.159859,23.991474,0.388532,-0.491381,0.420783,-0.656147,-23.753040,128.224823,11.825634,0.451042,-0.516803,0.339466,-0.643613,-19.432709,103.464043,3.399212,0.530333,-0.483989,0.214869,-0.662067,-14.268562,83.647110,-4.478146,-0.009324,0.873650,-0.101423,0.475776,-4.118755,123.935196,29.400673,0.583382,0.807185,-0.002024,0.090082,6.480548,126.120567,45.469746,0.556435,0.797569,0.122135,0.198362,14.515715,101.163551,49.387569,0.540285,0.752631,0.288446,0.241738,21.093130,80.781700,53.317719,0.086784,0.889664,0.181577,0.409874,-9.593168,84.115128,16.758593,0.099213,0.935735,0.042103,0.335835,-9.791682,51.357590,2.706428,-0.032826,0.939060,0.021964,0.341478,-16.868793,7.437992,-3.832844,-0.108043,0.912485,-0.028565,0.393551,3.223187,84.448196,30.287283,0.015757,0.909555,-0.143969,0.389530,9.450066,49.693653,35.176720,-0.034822,0.883399,0.010928,0.467198,3.118051,6.615740,46.400707,-0.032826,0.939060,0.021964,0.341478,-7.459455,2.289395,-14.652261,-0.034822,0.883399,0.010928,0.467198,15.080756,1.299094,38.607735
980,8.166667,-0.005558,0.918576,-0.009683,0.395088,-3.142507,84.280380,23.551672,-0.051721,0.912333,0.101553,0.393269,-3.162068,91.920280,23.382170,0.019004,0.918542,-0.005652,0.394825,-6.411023,110.081650,26.078779,0.105889,0.874631,-0.195549,0.430777,-5.615499,130.269516,26.172203,0.257569,0.741913,-0.437728,0.437740,0.821019,142.478134,21.519325,0.120085,0.935683,-0.020279,0.331157,-9.198615,124.165092,24.053774,0.392044,-0.491521,0.420332,-0.654240,-23.764246,128.258575,11.953281,0.454638,-0.516593,0.339259,-0.641357,-19.431044,103.461601,3.640660,0.533625,-0.484074,0.214568,-0.659452,-14.247565,83.592834,-4.135624,-0.008575,0.873279,-0.102578,0.476223,-4.077980,123.938301,29.457718,0.585327,0.805529,-0.004021,0.092194,6.505373,126.121262,45.537628,0.558156,0.795735,0.118212,0.203206,14.399570,101.142357,49.599884,0.539715,0.752710,0.283291,0.248761,20.800838,80.779266,53.763138,0.087034,0.889952,0.181142,0.409388,-9.551833,84.113922,16.788414,0.099325,0.935806,0.042481,0.335556,-9.787009,51.348240,2.755821,-0.032711,0.939146,0.022321,0.341229,-16.863811,7.433510,-3.816428,-0.107801,0.912622,-0.028300,0.393318,3.266820,84.446846,30.314932,0.016140,0.909617,-0.144137,0.389308,9.486900,49.687508,35.178822,-0.034935,0.883464,0.010926,0.467066,3.120385,6.615055,46.404243,-0.032711,0.939146,0.022321,0.341229,-7.460294,2.293124,-14.644811,-0.034935,0.883464,0.010926,0.467066,15.081874,1.299828,38.608425
981,8.175000,-0.005620,0.918593,-0.009374,0.395054,-3.102087,84.276512,23.565493,-0.051732,0.912349,0.102142,0.393077,-3.124390,91.916481,23.399948,0.019173,0.918645,-0.005572,0.394579,-6.383191,110.081718,26.118126,0.106263,0.874778,-0.195241,0.430526,-5.582654,130.269363,26.217005,0.259028,0.741901,-0.436874,0.437754,0.857776,142.479568,21.573713,0.121393,0.936293,-0.021596,0.328865,-9.168389,124.166443,24.098692,0.395315,-0.491051,0.420349,-0.652612,-23.780396,128.295242,12.066303,0.457768,-0.516441,0.338948,-0.639416,-19.423462,103.458572,3.885639,0.536977,-0.484038,0.214343,-0.656826,-14.219546,83.543335,-3.808197,-0.007739,0.872889,-0.103810,0.476685,-4.044956,123.936806,29.499861,0.586636,0.804259,-0.005535,0.094844,6.521837,126.115944,45.591171,0.560343,0.793617,0.114926,0.207318,14.308458,101.128815,49.807587,0.540236,0.752284,0.278482,0.254285,20.518370,80.788055,54.154812,0.087385,0.890013,0.180688,0.409381,-9.511892,84.111252,16.802660,0.099378,0.935967,0.042751,0.335055,-9.783023,51.338207,2.787930,-0.032684,0.939209,0.022648,0.341036,-16.859577,7.426503,-3.804747,-0.107605,0.912723,-0.028105,0.393153,3.307718,84.441765,30.328327,0.016532,0.909806,-0.144392,0.388755,9.521585,49.678627,35.172993,-0.034928,0.883499,0.010990,0.467001,3.120974,6.613943,46.408810,-0.032684,0.939209,0.022648,0.341036,-7.459790,2.294461,-14.640320,-0.034928,0.883499,0.010990,0.467001,15.081510,1.300143,38.610573
982,8.183333,-0.005691,0.918595,-0.008988,0.395057,-3.059583,84.267792,23.560677,-0.051698,0.912333,0.102860,0.392931,-3.085211,91.907860,23.400122,0.019193,0.918722,-0.005407,0.394401,-6.355278,110.081627,26.145565,0.106638,0.874826,-0.194828,0.430524,-5.556598,130.269318,26.250734,0.260160,0.741801,-0.436146,0.437978,0.888270,142.482574,21.621653,0.122173,0.936809,-0.022429,0.327047,-9.142570,124.166740,24.131796,0.398980,-0.491098,0.420072,-0.650521,-23.793428,128.317230,12.154231,0.461215,-0.516128,0.338390,-0.637483,-19.426586,103.440285,4.102221,0.540417,-0.483695,0.214486,-0.654205,-14.189262,83.487663,-3.502731,-0.007202,0.872489,-0.104636,0.477244,-4.017052,123.935829,29.530937,0.588273,0.802790,-0.007250,0.097009,6.529405,126.114204,45.635693,0.562002,0.792140,0.111544,0.210301,14.191975,101.112534,49.990871,0.541023,0.752136,0.273671,0.258244,20.259050,80.793137,54.495747,0.087626,0.890300,0.180303,0.408874,-9.469330,84.104172,16.797743,0.099499,0.936039,0.042827,0.334810,-9.775351,51.324226,2.799873,-0.032857,0.939212,0.023002,0.340987,-16.861385,7.415271,-3.800927,-0.107388,0.912796,-0.028216,0.393033,3.350163,84.431412,30.323606,0.016708,0.909634,-0.144573,0.389082,9.547655,49.665405,35.168667,-0.034940,0.883506,0.011246,0.466979,3.122365,6.605947,46.410454,-0.032857,0.939212,0.023002,0.340987,-7.459875,2.294449,-14.640320,-0.034940,0.883506,0.011246,0.466979,15.083793,1.298690,38.609116
983,8.191667,-0.005782,0.918658,-0.008771,0.394914,-3.024289,84.261368,23.553059,-0.051573,0.912357,0.103335,0.392769,-3.052529,91.901489,23.395008,0.019019,0.918791,-0.005188,0.394252,-6.325622,110.077194,26.159636,0.107091,0.874712,-0.194973,0.430576,-5.536852,130.265228,26.270004,0.261133,0.741798,-0.434871,0.438671,0.920809,142.472931,21.644085,0.123202,0.937372,-0.023425,0.324971,-9.120499,124.161469,24.150572,0.402493,-0.490881,0.419603,-0.648821,-23.814028,128.341263,12.235634,0.464444,-0.515681,0.337897,-0.635760,-19.415012,103.431473,4.303577,0.543311,-0.483565,0.214539,-0.651883,-14.138227,83.436836,-3.218290,-0.006876,0.872039,-0.105186,0.477950,-3.993132,123.931633,29.548000,0.590202,0.801196,-0.010403,0.098180,6.527367,126.111938,45.669468,0.563506,0.791163,0.107878,0.211858,14.057326,101.094925,50.165577,0.543155,0.751186,0.269540,0.260865,20.012070,80.809341,54.789169,0.087872,0.890375,0.180104,0.408745,-9.436129,84.097801,16.792112,0.099579,0.936108,0.042801,0.334596,-9.765646,51.315834,2.799518,-0.032938,0.939223,0.023208,0.340934,-16.860634,7.408109,-3.799864,-0.107164,0.912837,-0.028275,0.392994,3.387551,84.424934,30.314005,0.016839,0.909601,-0.144819,0.389062,9.569184,49.655731,35.156357,-0.035439,0.883554,0.011036,0.466855,3.124932,6.603056,46.413239,-0.032938,0.939223,0.023208,0.340934,-7.458899,2.293612,-14.642042,-0.035439,0.883554,0.011036,0.466855,15.088144,1.297399,38.613552
984,8.200000,-0.005915,0.918725,-0.008518,0.394763,-2.992762,84.253113,23.532751,-0.051440,0.912306,0.103805,0.392781,-3.024421,91.893272,23.377462,0.018952,0.918764,-0.004793,0.394323,-6.301050,110.072556,26.160856,0.107726,0.874785,-0.193958,0.430728,-5.521094,130.260864,26.284903,0.262000,0.742081,-0.434022,0.438516,0.941610,142.478210,21.691608,0.123878,0.937894,-0.024125,0.323151,-9.101728,124.156967,24.160776,0.405194,-0.490221,0.419919,-0.647433,-23.834488,128.356705,12.301434,0.467226,-0.515036,0.337357,-0.634530,-19.415237,103.410828,4.495059,0.546378,-0.482955,0.213995,-0.649947,-14.089198,83.384933,-2.956098,-0.006566,0.871424,-0.105880,0.478922,-3.975159,123.925735,29.558903,0.591764,0.799806,-0.012952,0.099792,6.509481,126.112236,45.702873,0.565345,0.790006,0.105414,0.212516,13.924649,101.086853,50.340927,0.544177,0.751127,0.265663,0.262873,19.769369,80.814339,55.021622,0.088120,0.890310,0.179904,0.408921,-9.406794,84.089157,16.773895,0.099686,0.936185,0.042675,0.334365,-9.755220,51.305176,2.786492,-0.033017,0.939206,0.023443,0.340958,-16.864517,7.398400,-3.803752,-0.107010,0.912750,-0.028372,0.393231,3.421270,84.417068,30.291609,0.017017,0.909653,-0.145101,0.388828,9.589006,49.645908,35.137630,-0.035110,0.883518,0.011352,0.466941,3.123268,6.601128,46.412380,-0.033017,0.939206,0.023443,0.340958,-7.460720,2.291049,-14.647508,-0.035110,0.883518,0.011352,0.466941,15.086183,1.298855,38.609936
985,8.208333,-0.005942,0.918779,-0.008194,0.394643,-2.963014,84.245155,23.498032,-0.051307,0.912275,0.104166,0.392775,-2.997024,91.885391,23.347130,0.018825,0.918759,-0.004186,0.394347,-6.274098,110.061111,26.144474,0.107956,0.874934,-0.193072,0.430766,-5.508515,130.249832,26.289055,0.262825,0.742418,-0.432866,0.438594,0.950237,142.478027,21.719147,0.124397,0.938422,-0.024571,0.321381,-9.084659,124.145546,24.158485,0.407378,-0.489243,0.420443,-0.646461,-23.856630,128.362808,12.354254,0.469500,-0.514037,0.337012,-0.633844,-19.409958,103.384956,4.666564,0.548980,-0.482026,0.213909,-0.648471,-14.025404,83.336853,-2.718596,-0.006522,0.870741,-0.106396,0.480050,-3.958302,123.912491,29.556740,0.593228,0.798505,-0.015229,0.101181,6.484425,126.111557,45.726158,0.567064,0.789041,0.102987,0.212711,13.792772,101.078140,50.488777,0.547204,0.749896,0.262657,0.263127,19.540459,80.824783,55.211292,0.088297,0.890291,0.179727,0.409003,-9.378805,84.083138,16.740795,0.099741,0.936243,0.042417,0.334217,-9.742472,51.296829,2.759212,-0.033191,0.939203,0.023662,0.340935,-16.865253,7.389063,-3.809863,-0.106911,0.912640,-0.028596,0.393499,3.452777,84.407181,30.255270,0.017128,0.909736,-0.145444,0.388502,9.606421,49.635418,35.114902,-0.035240,0.883548,0.011313,0.466876,3.123748,6.599936,46.415390,-0.033191,0.939203,0.023662,0.340935,-7.459524,2.289357,-14.655548,-0.035240,0.883548,0.011313,0.466876,15.086608,1.298443,38.612328
986,8.216667,-0.005910,0.918826,-0.007865,0.394540,-2.936375,84.238144,23.451815,-0.051073,0.912068,0.104929,0.393082,-2.971940,91.878471,23.305723,0.018474,0.918556,-0.003857,0.394840,-6.254957,110.059647,26.132751,0.108528,0.874886,-0.191868,0.431258,-5.507742,130.248993,26.284328,0.263443,0.742762,-0.432029,0.438467,0.954637,142.489868,21.753611,0.124761,0.938841,-0.025446,0.319945,-9.076082,124.142143,24.148045,0.409585,-0.488652,0.420640,-0.645385,-23.880213,128.365158,12.386242,0.471962,-0.512610,0.336852,-0.633256,-19.411655,103.360176,4.800156,0.550996,-0.481123,0.214064,-0.647379,-13.954992,83.288857,-2.502370,-0.006312,0.870056,-0.106905,0.481181,-3.955328,123.912048,29.551739,0.594317,0.797468,-0.016228,0.102805,6.445398,126.117996,45.747261,0.568649,0.787876,0.102199,0.213177,13.667640,101.077942,50.605358,0.547513,0.749982,0.260872,0.264012,19.325861,80.815926,55.342602,0.088351,0.890267,0.179642,0.409081,-9.353688,84.079102,16.695953,0.099836,0.936359,0.042048,0.333912,-9.722143,51.291286,2.718018,-0.033422,0.939201,0.023682,0.340915,-16.866222,7.382422,-3.820532,-0.106848,0.912576,-0.029012,0.393633,3.480938,84.397194,30.207676,0.017186,0.909754,-0.145714,0.388356,9.618014,49.626179,35.093487,-0.035519,0.883544,0.011170,0.466865,3.123003,6.597960,46.414524,-0.033422,0.939201,0.023682,0.340915,-7.458497,2.285604,-14.665839,-0.035519,0.883544,0.011170,0.466865,15.087790,1.296767,38.614220
987,8.225000,-0.005809,0.918890,-0.007697,0.394396,-2.914451,84.237305,23.396879,-0.051166,0.912003,0.105398,0.393095,-2.949633,91.877678,23.253769,0.018395,0.918534,-0.003229,0.394901,-6.241903,110.050774,26.094528,0.108343,0.874976,-0.191400,0.431330,-5.507625,130.240433,26.268206,0.264112,0.742957,-0.430678,0.439063,0.945635,142.489365,21.746332,0.125182,0.939319,-0.026144,0.318316,-9.071734,124.133621,24.124729,0.410974,-0.487292,0.421437,-0.645010,-23.912086,128.367264,12.412496,0.473737,-0.511065,0.336694,-0.633264,-19.408741,103.337029,4.930960,0.553370,-0.479476,0.214216,-0.646527,-13.874017,83.248894,-2.310317,-0.006199,0.869053,-0.107539,0.482849,-3.951655,123.900925,29.528952,0.595726,0.796274,-0.018412,0.103529,6.386800,126.121628,45.762287,0.569826,0.787383,0.101321,0.212273,13.512188,101.072289,50.714661,0.549557,0.748918,0.259978,0.263668,19.123428,80.815300,55.428211,0.088257,0.890304,0.179604,0.409039,-9.333912,84.081230,16.642988,0.099923,0.936529,0.041627,0.333462,-9.698224,51.291252,2.670041,-0.033465,0.939212,0.023616,0.340885,-16.865507,7.380781,-3.832262,-0.106714,0.912437,-0.029519,0.393954,3.505008,84.393372,30.150772,0.017109,0.909654,-0.145937,0.388510,9.617450,49.622433,35.067959,-0.035494,0.883444,0.011236,0.467055,3.119135,6.599826,46.408440,-0.033465,0.939212,0.023616,0.340885,-7.458206,2.282619,-14.677313,-0.035494,0.883444,0.011236,0.467055,15.087327,1.300094,38.612358
988,8.233333,-0.005650,0.918919,-0.007344,0.394338,-2.894050,84.234894,23.330692,-0.051253,0.911875,0.106034,0.393210,-2.929146,91.875389,23.193495,0.018356,0.918467,-0.002535,0.395063,-6.234537,110.046326,26.054436,0.108984,0.875125,-0.189868,0.431543,-5.512807,130.236191,26.253370,0.264414,0.743626,-0.429727,0.438679,0.940309,142.501755,21.776564,0.125331,0.939638,-0.026802,0.317259,-9.072336,124.129852,24.101000,0.412574,-0.486476,0.421711,-0.644425,-23.937256,128.363495,12.419954,0.475608,-0.509272,0.337045,-0.633119,-19.404060,103.313446,5.023218,0.555309,-0.477295,0.215097,-0.646185,-13.795116,83.198906,-2.134623,-0.006136,0.867954,-0.108546,0.484598,-3.954140,123.893631,29.506851,0.596848,0.795310,-0.019254,0.104328,6.318779,126.138130,45.778473,0.571044,0.786636,0.101433,0.211716,13.364463,101.077415,50.786961,0.551565,0.747487,0.259811,0.263699,18.921228,80.816292,55.462688,0.088312,0.890179,0.179481,0.409351,-9.314397,84.084137,16.577522,0.099894,0.936712,0.041129,0.333016,-9.681005,51.291702,2.610384,-0.033116,0.939210,0.023785,0.340914,-16.864046,7.377007,-3.845807,-0.106553,0.912259,-0.030111,0.394364,3.526297,84.385651,30.083858,0.016911,0.909571,-0.146216,0.388607,9.609408,49.614788,35.037804,-0.035663,0.883407,0.011085,0.467115,3.116339,6.598896,46.406704,-0.033116,0.939210,0.023785,0.340914,-7.459211,2.279805,-14.693443,-0.035663,0.883407,0.011085,0.467115,15.086585,1.297786,38.614716
989,8.241667,-0.005498,0.918879,-0.007019,0.394439,-2.881303,84.233131,23.258677,-0.051214,0.911777,0.106549,0.393302,-2.916197,91.873718,23.126961,0.018122,0.918431,-0.001928,0.395161,-6.227706,110.039139,26.005220,0.108690,0.875267,-0.189524,0.431480,-5.524381,130.229477,26.223057,0.265012,0.744081,-0.428069,0.439169,0.917470,142.502167,21.749611,0.125406,0.939954,-0.027259,0.316256,-9.077863,124.121880,24.064203,0.413268,-0.485079,0.422506,-0.644513,-23.966688,128.355225,12.413539,0.476708,-0.507230,0.337611,-0.633629,-19.397072,103.288773,5.095176,0.556469,-0.475279,0.215843,-0.646423,-13.711095,83.161095,-1.991540,-0.006114,0.866894,-0.109162,0.486355,-3.960693,123.885300,29.471010,0.597968,0.794327,-0.019860,0.105282,6.246159,126.147781,45.781666,0.571960,0.786069,0.102455,0.210854,13.210276,101.075340,50.845264,0.552325,0.746762,0.261024,0.262965,18.736059,80.797424,55.456169,0.088104,0.890209,0.179584,0.409285,-9.300194,84.087372,16.504017,0.099961,0.937035,0.040565,0.332157,-9.651660,51.294975,2.536409,-0.033268,0.939254,0.023532,0.340795,-16.863283,7.377344,-3.867712,-0.106491,0.912156,-0.030666,0.394578,3.537589,84.378883,30.013338,0.016678,0.909482,-0.146517,0.388712,9.599797,49.609482,35.003021,-0.035531,0.883353,0.011195,0.467226,3.114053,6.600824,46.403419,-0.033268,0.939254,0.023532,0.340795,-7.460358,2.274852,-14.714512,-0.035531,0.883353,0.011195,0.467226,15.085443,1.300710,38.612522
990,8.250000,-0.005232,0.918902,-0.006348,0.394401,-2.865273,84.234734,23.165485,-0.050918,0.911649,0.107480,0.393385,-2.900484,91.875496,23.044790,0.017659,0.918375,-0.001303,0.395315,-6.214669,110.029045,25.957567,0.108809,0.875405,-0.188229,0.431737,-5.538536,130.220123,26.191307,0.265121,0.744699,-0.426915,0.439178,0.893521,142.510040,21.751146,0.125174,0.940215,-0.027640,0.315537,-9.083061,124.109444,24.026478,0.413919,-0.484176,0.422869,-0.644536,-23.991732,128.331680,12.397181,0.477944,-0.504923,0.338203,-0.634224,-19.392038,103.255371,5.131639,0.558159,-0.472119,0.217357,-0.646775,-13.623354,83.132805,-1.869513,-0.006368,0.865905,-0.109655,0.488000,-3.967460,123.875534,29.434883,0.599234,0.793226,-0.019452,0.106457,6.177147,126.162598,45.780910,0.572364,0.785696,0.104489,0.210151,13.047719,101.070763,50.876106,0.553338,0.745411,0.263401,0.262297,18.565022,80.778130,55.406849,0.088038,0.890002,0.179634,0.409728,-9.284778,84.098457,16.411209,0.099983,0.937165,0.039699,0.331886,-9.623615,51.306511,2.442238,-0.033334,0.939235,0.023177,0.340865,-16.865105,7.383022,-3.887594,-0.106346,0.912127,-0.031584,0.394611,3.554232,84.371010,29.919762,0.016302,0.909352,-0.146813,0.388920,9.580882,49.603470,34.965210,-0.035475,0.883316,0.011195,0.467300,3.113032,6.601482,46.400894,-0.033334,0.939235,0.023177,0.340865,-7.460926,2.271740,-14.729169,-0.035475,0.883316,0.011195,0.467300,15.085176,1.300646,38.611649
991,8.258333,-0.005006,0.918872,-0.005963,0.394479,-2.856407,84.237877,23.076988,-0.050744,0.911490,0.108388,0.393525,-2.890763,91.878746,22.963064,0.017109,0.918290,-0.000852,0.395537,-6.212173,110.023071,25.908003,0.108531,0.875460,-0.187533,0.431997,-5.563718,130.214966,26.149822,0.265286,0.745147,-0.425502,0.439690,0.855636,142.516754,21.724188,0.125178,0.940331,-0.027801,0.315175,-9.098840,124.100288,23.980915,0.413907,-0.482466,0.423954,-0.645113,-24.016331,128.321671,12.362632,0.478364,-0.502679,0.339120,-0.635201,-19.377649,103.233170,5.164295,0.559204,-0.469385,0.218891,-0.647345,-13.534053,83.099876,-1.773017,-0.006480,0.865013,-0.110111,0.489476,-3.985567,123.871277,29.391729,0.600200,0.792314,-0.017871,0.108069,6.103084,126.176811,45.769756,0.572950,0.784976,0.107520,0.209718,12.893875,101.065956,50.878231,0.552574,0.745231,0.266643,0.261138,18.390646,80.743927,55.310905,0.088020,0.889770,0.179916,0.410113,-9.274806,84.108292,16.321531,0.099876,0.937286,0.038636,0.331702,-9.597831,51.323353,2.335745,-0.033439,0.939261,0.022778,0.340810,-16.863714,7.390449,-3.900062,-0.106206,0.912273,-0.032253,0.394257,3.561993,84.367455,29.832443,0.015894,0.909288,-0.147214,0.388935,9.562685,49.600853,34.915127,-0.035026,0.883249,0.011434,0.467454,3.113990,6.608310,46.397038,-0.033439,0.939261,0.022778,0.340810,-7.460894,2.269521,-14.738258,-0.035026,0.883249,0.011434,0.467454,15.085520,1.307324,38.606949
992,8.266667,-0.004741,0.918849,-0.005513,0.394541,-2.849128,84.241806,22.977507,-0.050721,0.911319,0.109505,0.393616,-2.882466,91.882797,22.871490,0.016824,0.918234,-0.000331,0.395680,-6.219987,110.020485,25.854290,0.108417,0.875613,-0.186676,0.432087,-5.590472,130.212799,26.110979,0.265239,0.745832,-0.424204,0.439811,0.817234,142.527405,21.704149,0.124890,0.940356,-0.027738,0.315220,-9.119178,124.096390,23.936485,0.414068,-0.481297,0.424496,-0.645526,-24.038351,128.308090,12.316849,0.478967,-0.500558,0.339725,-0.636098,-19.364328,103.213287,5.163499,0.559980,-0.466779,0.219760,-0.648263,-13.442337,83.072311,-1.715301,-0.006693,0.864124,-0.110534,0.490946,-4.007446,123.868225,29.348793,0.601276,0.791409,-0.016575,0.108926,6.025268,126.194969,45.758152,0.572941,0.784798,0.110676,0.208760,12.737682,101.061104,50.857090,0.554582,0.742578,0.269885,0.261110,18.247192,80.737961,55.174236,0.087650,0.889861,0.180217,0.409862,-9.266651,84.120064,16.221073,0.099827,0.937552,0.037598,0.331084,-9.561264,51.338207,2.227430,-0.033320,0.939292,0.022448,0.340759,-16.858494,7.397315,-3.914804,-0.105955,0.912228,-0.033071,0.394359,3.568395,84.363548,29.733940,0.015316,0.909160,-0.147561,0.389126,9.529164,49.596951,34.863419,-0.035135,0.883209,0.011205,0.467527,3.113235,6.611979,46.391945,-0.033320,0.939292,0.022448,0.340759,-7.459054,2.266284,-14.751156,-0.035135,0.883209,0.011205,0.467527,15.086100,1.306853,38.606724
993,8.275000,-0.004367,0.918844,-0.004787,0.394568,-2.847743,84.243462,22.866554,-0.050501,0.911126,0.110731,0.393748,-2.880204,91.884628,22.772985,0.016264,0.918144,0.000079,0.395913,-6.228680,110.014236,25.799927,0.108251,0.875742,-0.185710,0.432285,-5.626557,130.207306,26.063038,0.265130,0.746537,-0.422935,0.439904,0.767697,142.536591,21.677784,0.124722,0.940314,-0.027648,0.315419,-9.145886,124.086807,23.884886,0.414098,-0.480029,0.424872,-0.646204,-24.061806,128.293106,12.259122,0.479172,-0.498510,0.340682,-0.637038,-19.340059,103.197266,5.140837,0.560823,-0.463730,0.221988,-0.648963,-13.357368,83.057121,-1.676694,-0.006849,0.863283,-0.110953,0.492327,-4.036626,123.863899,29.299747,0.602131,0.790623,-0.014132,0.110242,5.943386,126.209572,45.738518,0.573203,0.784296,0.114262,0.207997,12.585915,101.051773,50.810837,0.555272,0.741201,0.273321,0.259981,18.095837,80.705223,55.007809,0.087392,0.889668,0.180553,0.410188,-9.264935,84.133461,16.109604,0.099666,0.937800,0.036361,0.330569,-9.527938,51.357033,2.102646,-0.033826,0.939386,0.021853,0.340489,-16.852306,7.405022,-3.926681,-0.105874,0.912232,-0.034181,0.394278,3.569449,84.353462,29.623505,0.014825,0.909085,-0.147778,0.389238,9.493999,49.590965,34.822269,-0.035279,0.883090,0.011217,0.467741,3.109250,6.610426,46.384575,-0.033826,0.939386,0.021853,0.340489,-7.455543,2.263065,-14.760176,-0.035279,0.883090,0.011217,0.467741,15.087369,1.307787,38.605747
994,8.283333,-0.003987,0.918832,-0.004173,0.394607,-2.849927,84.243980,22.751978,-0.050306,0.910882,0.111681,0.394069,-2.880746,91.885269,22.669333,0.015708,0.917951,0.000607,0.396382,-6.237719,110.009262,25.730110,0.107946,0.875642,-0.184986,0.432874,-5.664802,130.203033,26.004234,0.264662,0.746965,-0.421699,0.440644,0.717789,142.544678,21.636776,0.124179,0.940222,-0.027078,0.315958,-9.173109,124.078629,23.819300,0.413743,-0.478750,0.425601,-0.646900,-24.081091,128.271072,12.178354,0.479340,-0.496128,0.341442,-0.638364,-19.327234,103.171631,5.094185,0.561251,-0.460896,0.223443,-0.650112,-13.263138,83.038086,-1.666351,-0.006798,0.862310,-0.111502,0.493905,-4.069125,123.860252,29.239321,0.602973,0.789918,-0.011556,0.110998,5.850589,126.221252,45.712364,0.572971,0.784175,0.118104,0.206945,12.430483,101.036140,50.730484,0.555575,0.739953,0.277116,0.258868,17.973522,80.660660,54.799549,0.087016,0.889535,0.181038,0.410342,-9.266611,84.145012,15.994376,0.099516,0.938160,0.035104,0.329727,-9.488750,51.376404,1.968403,-0.033572,0.939423,0.021451,0.340436,-16.843763,7.413623,-3.944020,-0.105849,0.912165,-0.035130,0.394357,3.566758,84.342941,29.509581,0.014326,0.909056,-0.148159,0.389180,9.462273,49.584755,34.769814,-0.035405,0.883054,0.011037,0.467804,3.105768,6.613040,46.380405,-0.033572,0.939423,0.021451,0.340436,-7.452053,2.258246,-14.775519,-0.035405,0.883054,0.011037,0.467804,15.085429,1.307707,38.605793
995,8.291667,-0.003482,0.918806,-0.003519,0.394678,-2.861407,84.245338,22.629681,-0.050054,0.910691,0.112685,0.394256,-2.889082,91.886765,22.559261,0.015180,0.917842,0.001267,0.396653,-6.252556,110.002472,25.656635,0.107693,0.875795,-0.184035,0.433032,-5.709876,130.196838,25.946918,0.264300,0.747776,-0.420442,0.440687,0.657058,142.553543,21.599220,0.123618,0.940116,-0.027005,0.316500,-9.207739,124.068939,23.755068,0.413719,-0.477970,0.425369,-0.647644,-24.107830,128.240784,12.096634,0.479630,-0.494116,0.342002,-0.639405,-19.303961,103.150223,5.014752,0.561747,-0.458038,0.225021,-0.651159,-13.173013,83.035210,-1.690935,-0.006913,0.861591,-0.111590,0.495137,-4.106710,123.853912,29.177999,0.603907,0.789164,-0.008809,0.111533,5.765725,126.225555,45.677887,0.572675,0.784099,0.122010,0.205782,12.279530,101.009560,50.626606,0.555821,0.738756,0.280992,0.257578,17.855747,80.624680,54.559662,0.086868,0.889357,0.181689,0.410471,-9.277110,84.159813,15.870963,0.099042,0.938318,0.033509,0.329587,-9.468048,51.406204,1.809551,-0.033729,0.939545,0.020852,0.340123,-16.832165,7.425120,-3.953513,-0.105858,0.912041,-0.036148,0.394548,3.554296,84.330856,29.388397,0.013770,0.909172,-0.148519,0.388790,9.420345,49.577980,34.716228,-0.035539,0.882987,0.011051,0.467919,3.101764,6.614459,46.377724,-0.033729,0.939545,0.020852,0.340123,-7.447774,2.255116,-14.784381,-0.035539,0.882987,0.011051,0.467919,15.084842,1.311448,38.606796
996,8.300000,-0.003113,0.918620,-0.002710,0.395120,-2.866575,84.248116,22.494982,-0.050099,0.910350,0.114013,0.394657,-2.893918,91.889656,22.438128,0.014776,0.917653,0.001720,0.397105,-6.280753,110.000214,25.578928,0.107156,0.876069,-0.182731,0.433163,-5.760454,130.195023,25.879795,0.264144,0.748635,-0.419237,0.440469,0.579897,142.573730,21.555975,0.123068,0.939966,-0.026433,0.317206,-9.249431,124.064400,23.681419,0.413520,-0.477023,0.425330,-0.648494,-24.137440,128.221756,12.002395,0.479636,-0.492306,0.342380,-0.640593,-19.283859,103.139175,4.926192,0.561972,-0.455771,0.226645,-0.651991,-13.084555,83.030624,-1.747169,-0.007016,0.861006,-0.111435,0.496187,-4.153563,123.852242,29.109314,0.604938,0.788373,-0.005982,0.111728,5.678490,126.228752,45.632599,0.572043,0.784196,0.126398,0.204516,12.123935,100.978325,50.494583,0.555162,0.737896,0.285910,0.256049,17.755661,80.572884,54.282578,0.086573,0.889146,0.182051,0.410832,-9.275813,84.174850,15.729989,0.098762,0.938901,0.032135,0.328143,-9.431532,51.426983,1.654774,-0.033716,0.939597,0.020424,0.340007,-16.822115,7.432816,-3.972948,-0.105586,0.911610,-0.037143,0.395523,3.542664,84.321381,29.259974,0.012888,0.908889,-0.148889,0.389341,9.357224,49.569599,34.651020,-0.034652,0.882674,0.011240,0.468572,3.090791,6.613860,46.369179,-0.033716,0.939597,0.020424,0.340007,-7.441782,2.251120,-14.801746,-0.034652,0.882674,0.011240,0.468572,15.077511,1.303726,38.608734
997,8.308333,-0.002892,0.918654,-0.001982,0.395047,-2.874540,84.249672,22.361820,-0.050340,0.910118,0.114806,0.394930,-2.903174,91.891289,22.316540,0.014670,0.917483,0.002491,0.397496,-6.310330,109.992584,25.478979,0.106592,0.876145,-0.182146,0.433394,-5.806454,130.187393,25.806948,0.263471,0.749337,-0.417839,0.441008,0.515249,142.578430,21.491129,0.122796,0.939827,-0.025887,0.317768,-9.288599,124.056877,23.597429,0.412971,-0.476046,0.425265,-0.649604,-24.165377,128.209839,11.902540,0.479531,-0.490757,0.342603,-0.641740,-19.259474,103.139755,4.818127,0.562282,-0.453654,0.227205,-0.653004,-12.997101,83.034325,-1.835880,-0.007291,0.860274,-0.111235,0.497497,-4.197314,123.841629,29.029503,0.605503,0.787894,-0.002794,0.112168,5.584183,126.228920,45.581223,0.571902,0.783999,0.130935,0.202804,11.988100,100.951424,50.356598,0.554970,0.737043,0.289921,0.254405,17.660948,80.510315,53.976990,0.086038,0.889178,0.182908,0.410494,-9.284883,84.185577,15.597781,0.098506,0.939398,0.030532,0.326950,-9.386139,51.453423,1.485561,-0.033560,0.939662,0.019884,0.339874,-16.810045,7.445666,-3.989989,-0.105336,0.911384,-0.038279,0.396004,3.535803,84.313774,29.125860,0.011977,0.908565,-0.149242,0.389991,9.299050,49.564342,34.586681,-0.034577,0.882589,0.011310,0.468736,3.086364,6.616029,46.360542,-0.033560,0.939662,0.019884,0.339874,-7.435991,2.247846,-14.816496,-0.034577,0.882589,0.011310,0.468736,15.075562,1.306736,38.603352
998,8.316667,-0.002457,0.918659,-0.001462,0.395041,-2.900315,84.248222,22.228857,-0.050215,0.909942,0.115152,0.395252,-2.925990,91.889900,22.193497,0.014439,0.917309,0.003462,0.397898,-6.334517,109.985687,25.367674,0.106118,0.876222,-0.181147,0.433775,-5.854994,130.180527,25.728136,0.262519,0.750060,-0.416699,0.441424,0.446494,142.588806,21.432325,0.122308,0.939737,-0.025109,0.318285,-9.327832,124.049400,23.505735,0.412431,-0.475043,0.424917,-0.650907,-24.196497,128.193237,11.797299,0.479032,-0.489483,0.342766,-0.642998,-19.224340,103.141312,4.694845,0.562469,-0.451528,0.228676,-0.653803,-12.910599,83.046387,-1.955540,-0.007043,0.859439,-0.111506,0.498880,-4.241215,123.831581,28.942078,0.606180,0.787419,0.000274,0.111883,5.486997,126.221558,45.524776,0.571322,0.784193,0.135335,0.200790,11.850825,100.912819,50.186913,0.554963,0.736003,0.293813,0.252961,17.588131,80.456520,53.636677,0.085572,0.888993,0.183866,0.410564,-9.310787,84.195381,15.464844,0.098140,0.939706,0.028784,0.326331,-9.352414,51.482590,1.307513,-0.033226,0.939711,0.019387,0.339799,-16.801184,7.459056,-4.005014,-0.105357,0.911033,-0.039373,0.396697,3.510157,84.301064,28.992867,0.011073,0.908257,-0.149512,0.390631,9.239308,49.557995,34.529556,-0.035172,0.882534,0.011096,0.468800,3.082722,6.615088,46.352482,-0.033226,0.939711,0.019387,0.339799,-7.433824,2.244433,-14.829236,-0.035172,0.882534,0.011096,0.468800,15.077932,1.308801,38.602531
999,8.325000,-0.001841,0.918558,-0.000950,0.395281,-2.932974,84.246971,22.086914,-0.049977,0.909664,0.115903,0.395702,-2.953078,91.888710,22.062449,0.014084,0.917080,0.004004,0.398433,-6.365300,109.974968,25.262960,0.105356,0.876348,-0.180302,0.434057,-5.907865,130.170059,25.638092,0.261791,0.750842,-0.415433,0.441722,0.367596,142.595612,21.354099,0.121759,0.939635,-0.024267,0.318862,-9.371497,124.036766,23.407305,0.411837,-0.474471,0.424295,-0.652105,-24.231125,128.169983,11.683646,0.478958,-0.488188,0.342641,-0.644104,-19.202185,103.140030,4.543776,0.562251,-0.450282,0.228638,-0.654862,-12.826241,83.053223,-2.099996,-0.006944,0.858946,-0.110999,0.499843,-4.291077,123.820587,28.849506,0.606668,0.787165,0.003480,0.110962,5.399923,126.201485,45.455288,0.571120,0.784097,0.139218,0.199080,11.743243,100.861671,49.974354,0.553278,0.736461,0.298108,0.250283,17.526407,80.368217,53.274979,0.084766,0.888884,0.184953,0.410479,-9.339972,84.208450,15.319511,0.097797,0.940267,0.026981,0.324970,-9.299156,51.514446,1.118828,-0.033075,0.939880,0.018706,0.339383,-16.780085,7.475820,-4.020632,-0.105575,0.910543,-0.040352,0.397664,3.474025,84.285492,28.854317,0.010243,0.908054,-0.149867,0.390989,9.183187,49.551270,34.466633,-0.035154,0.882455,0.011047,0.468951,3.077271,6.616309,46.344597,-0.033075,0.939880,0.018706,0.339383,-7.425879,2.241151,-14.846558,-0.035154,0.882455,0.011047,0.468951,15.074740,1.308672,38.599060
1000,8.333333,-0.001055,0.918392,-0.000616,0.395671,-2.981163,84.240807,21.940432,-0.049905,0.909351,0.116444,0.396273,-2.992244,91.882584,21.925407,0.013953,0.916816,0.004827,0.399036,-6.412117,109.965622,25.143158,0.105098,0.876441,-0.179246,0.434370,-5.973058,130.160568,25.546963,0.260879,0.751781,-0.414357,0.441674,0.286275,142.602356,21.286531,0.121215,0.939448,-0.023592,0.319667,-9.428268,124.027321,23.303015,0.411040,-0.473325,0.424024,-0.653615,-24.273088,128.147430,11.556005,0.478239,-0.487229,0.342101,-0.645649,-19.174368,103.137909,4.394072,0.562207,-0.449089,0.229320,-0.655481,-12.739677,83.075592,-2.279069,-0.006822,0.858688,-0.110333,0.500436,-4.354955,123.808075,28.751719,0.607136,0.786869,0.006217,0.110381,5.313157,126.174477,45.372910,0.570617,0.784377,0.143559,0.196316,11.633164,100.808739,49.777802,0.553629,0.735431,0.302051,0.247792,17.488321,80.304695,52.883743,0.083863,0.888686,0.185996,0.410622,-9.382449,84.218208,15.167552,0.097478,0.941063,0.025376,0.322884,-9.250833,51.540936,0.928974,-0.032878,0.939948,0.018064,0.339250,-16.763399,7.489148,-4.048981,-0.106083,0.910114,-0.041178,0.398427,3.420124,84.263405,28.713310,0.009449,0.907828,-0.150327,0.391358,9.133414,49.541656,34.398151,-0.034971,0.882394,0.011204,0.469077,3.071364,6.617722,46.338261,-0.032878,0.939948,0.018064,0.339250,-7.416238,2.235210,-14.871654,-0.034971,0.882394,0.011204,0.469077,15.069956,1.311561,38.593452
1001,8.341667,-0.000822,0.918254,0.000099,0.395992,-3.017160,84.245407,21.791664,-0.049757,0.909050,0.117012,0.396812,-3.029289,91.887199,21.788074,0.013892,0.916552,0.005537,0.399635,-6.452681,109.956871,25.023397,0.104680,0.876534,-0.177698,0.434917,-6.027607,130.151581,25.452782,0.259607,0.752590,-0.413644,0.441714,0.207629,142.617310,21.227186,0.120681,0.939294,-0.022797,0.320380,-9.475749,124.018837,23.196653,0.410251,-0.472653,0.423273,-0.655082,-24.307896,128.128006,11.429818,0.477524,-0.486566,0.341542,-0.646973,-19.141727,103.146004,4.220333,0.561790,-0.448236,0.229488,-0.656362,-12.658331,83.098862,-2.488410,-0.006941,0.858202,-0.110019,0.501335,-4.409532,123.796211,28.651819,0.607489,0.786801,0.009410,0.108688,5.223616,126.164154,45.293079,0.570446,0.784401,0.147186,0.194015,11.540580,100.768051,49.523998,0.554142,0.734420,0.305879,0.244933,17.451880,80.221725,52.468746,0.083455,0.888327,0.187223,0.410923,-9.413719,84.232071,15.014297,0.097062,0.941168,0.023125,0.322873,-9.214163,51.582581,0.712913,-0.032753,0.940032,0.017139,0.339076,-16.757847,7.513699,-4.062567,-0.106167,0.909774,-0.042117,0.399080,3.379400,84.258743,28.569031,0.008305,0.907304,-0.150721,0.392447,9.066917,49.543835,34.321110,-0.035202,0.882303,0.010672,0.469243,3.070026,6.628725,46.325687,-0.032753,0.940032,0.017139,0.339076,-7.418770,2.233645,-14.879510,-0.035202,0.882303,0.010672,0.469243,15.071407,1.312651,38.592003
1002,8.350000,-0.000304,0.918139,0.000553,0.396258,-3.065994,84.240982,21.636024,-0.049637,0.908852,0.117262,0.397207,-3.073608,91.882782,21.641943,0.013542,0.916369,0.006394,0.400053,-6.495884,109.939667,24.883942,0.103864,0.876606,-0.177499,0.435051,-6.097815,130.134354,25.339615,0.258762,0.753424,-0.411920,0.442398,0.116338,142.608917,21.109009,0.120302,0.939073,-0.021612,0.321253,-9.535754,123.999977,23.072378,0.409368,-0.471896,0.422744,-0.656521,-24.349754,128.108292,11.282405,0.477011,-0.485835,0.340454,-0.648472,-19.121946,103.151009,4.031900,0.561451,-0.448140,0.229205,-0.656817,-12.571248,83.129570,-2.721956,-0.006438,0.857759,-0.109593,0.502193,-4.474377,123.777008,28.532024,0.607868,0.786712,0.011757,0.106966,5.125677,126.123489,45.195442,0.569787,0.784766,0.151455,0.191171,11.437895,100.701973,49.278214,0.552442,0.734594,0.310935,0.241864,17.431442,80.143234,52.030014,0.083019,0.887914,0.188264,0.411429,-9.458640,84.239868,14.854950,0.096849,0.941783,0.020697,0.321304,-9.191795,51.613052,0.503001,-0.032790,0.939854,0.016622,0.339592,-16.796209,7.530877,-4.048248,-0.106491,0.909328,-0.043119,0.399904,3.326652,84.242096,28.417099,0.007148,0.906664,-0.151118,0.393793,9.000734,49.538200,34.248322,-0.035259,0.882216,0.010568,0.469403,3.066353,6.632262,46.316563,-0.032790,0.939854,0.016622,0.339592,-7.446498,2.237813,-14.849639,-0.035259,0.882216,0.010568,0.469403,15.070650,1.314538,38.588539
1003,8.358333,0.000248,0.917912,0.001002,0.396782,-3.122411,84.236153,21.485096,-0.049642,0.908583,0.117477,0.397758,-3.125001,91.877937,21.500660,0.013501,0.916140,0.007334,0.400564,-6.552438,109.932312,24.747551,0.104036,0.876743,-0.175967,0.435354,-6.171345,130.126526,25.237587,0.257528,0.754555,-0.411213,0.441848,0.031561,142.620209,21.047131,0.119366,0.938747,-0.020040,0.322652,-9.601686,123.993172,22.956116,0.408772,-0.471655,0.421815,-0.657663,-24.389454,128.084412,11.127348,0.476429,-0.485210,0.339144,-0.650052,-19.107956,103.154083,3.823189,0.560978,-0.447363,0.228921,-0.657850,-12.491270,83.172890,-2.982796,-0.006317,0.857834,-0.108587,0.502285,-4.546384,123.765144,28.421175,0.608109,0.786589,0.015201,0.106062,5.050132,126.088455,45.089867,0.569401,0.784937,0.155919,0.188006,11.356995,100.642036,49.023026,0.552134,0.734361,0.314408,0.238764,17.426203,80.060127,51.563782,0.082284,0.887518,0.189716,0.411763,-9.507304,84.247810,14.696735,0.096465,0.942477,0.018570,0.319509,-9.144487,51.651466,0.277817,-0.033209,0.939960,0.015597,0.339308,-16.786879,7.555112,-4.067781,-0.107157,0.908928,-0.043727,0.400568,3.262481,84.224495,28.273457,0.006368,0.906447,-0.151698,0.394082,8.957265,49.534500,34.166889,-0.034991,0.882110,0.010446,0.469625,3.062127,6.643403,46.306908,-0.033209,0.939960,0.015597,0.339308,-7.442331,2.238800,-14.862209,-0.034991,0.882110,0.010446,0.469625,15.067122,1.319064,38.584538
1004,8.366667,0.000628,0.917637,0.001473,0.397417,-3.178757,84.230247,21.332642,-0.049657,0.908373,0.117348,0.398274,-3.178893,91.872009,21.357115,0.013386,0.915950,0.008163,0.400985,-6.604393,109.915016,24.595304,0.102843,0.876782,-0.176134,0.435492,-6.241224,130.108826,25.114315,0.256672,0.755114,-0.409573,0.442914,-0.064386,142.609268,20.905504,0.119324,0.938564,-0.019179,0.323253,-9.664099,123.975754,22.820902,0.407820,-0.471215,0.420843,-0.659190,-24.437227,128.074966,10.976601,0.475539,-0.484852,0.337826,-0.651656,-19.090322,103.177773,3.607310,0.559896,-0.447581,0.228030,-0.658931,-12.411022,83.214035,-3.271843,-0.005994,0.857504,-0.108042,0.502970,-4.613780,123.744354,28.290426,0.608348,0.786786,0.016920,0.102930,4.956219,126.049103,44.976936,0.569002,0.785460,0.158925,0.184480,11.282396,100.579544,48.724930,0.552322,0.733770,0.318281,0.234987,17.433586,79.979393,51.081150,0.081732,0.886725,0.191304,0.412847,-9.554256,84.251907,14.535480,0.096145,0.943102,0.016239,0.317886,-9.090452,51.692234,0.036792,-0.033114,0.940050,0.014580,0.339112,-16.780451,7.583040,-4.088963,-0.107730,0.908512,-0.044206,0.401306,3.196742,84.208595,28.129805,0.005383,0.905994,-0.152345,0.394889,8.909506,49.530384,34.074955,-0.034866,0.882020,0.010079,0.469812,3.060871,6.655941,46.296032,-0.033114,0.940050,0.014580,0.339112,-7.444468,2.238522,-14.876882,-0.034866,0.882020,0.010079,0.469812,15.066254,1.320893,38.581650
1005,8.375000,0.001090,0.917395,0.002357,0.397970,-3.239010,84.222122,21.165253,-0.049614,0.908001,0.117753,0.399007,-3.238070,91.863823,21.204926,0.013535,0.915618,0.008839,0.401724,-6.669290,109.896126,24.453159,0.102911,0.876882,-0.174433,0.435960,-6.312005,130.089325,24.999882,0.255187,0.756301,-0.408877,0.442390,-0.149900,142.611786,20.835199,0.118647,0.938324,-0.017884,0.324270,-9.729595,123.958481,22.692638,0.406875,-0.471079,0.419612,-0.660653,-24.483442,128.047470,10.820800,0.474589,-0.484693,0.336238,-0.653286,-19.074913,103.187241,3.372087,0.558891,-0.447854,0.227463,-0.659793,-12.341062,83.267883,-3.585405,-0.005763,0.857540,-0.107550,0.503016,-4.688171,123.720978,28.170103,0.608666,0.786752,0.019809,0.100775,4.880110,126.008667,44.859947,0.568392,0.785932,0.162894,0.180850,11.209056,100.513458,48.424347,0.551580,0.733903,0.321968,0.231263,17.457045,79.885178,50.570786,0.080806,0.886194,0.192953,0.413401,-9.606284,84.258240,14.360446,0.096049,0.943818,0.013808,0.315898,-9.024761,51.733017,-0.211115,-0.033092,0.940033,0.013361,0.339211,-16.784733,7.615590,-4.111672,-0.108417,0.907910,-0.044719,0.402424,3.128264,84.186012,27.970058,0.004278,0.905264,-0.153065,0.396296,8.862593,49.521641,33.974838,-0.034772,0.881918,0.009732,0.470018,3.059316,6.666022,46.283230,-0.033092,0.940033,0.013361,0.339211,-7.450425,2.238458,-14.884819,-0.034772,0.881918,0.009732,0.470018,15.065795,1.321170,38.577343
1006,8.383333,0.001401,0.917197,0.002687,0.398423,-3.305899,84.205742,21.012806,-0.049695,0.907843,0.117535,0.399421,-3.302619,91.847404,21.059011,0.013301,0.915452,0.009481,0.402096,-6.732783,109.870399,24.295233,0.102093,0.876984,-0.173925,0.436149,-6.394810,130.063370,24.862051,0.254404,0.756980,-0.407519,0.442932,-0.257058,142.598633,20.699924,0.118299,0.937950,-0.016393,0.325556,-9.804746,123.931610,22.545944,0.405695,-0.470531,0.418802,-0.662282,-24.529398,128.024155,10.639148,0.473303,-0.484431,0.334685,-0.655208,-19.057489,103.197433,3.125303,0.557773,-0.447935,0.226899,-0.660879,-12.266879,83.329483,-3.916915,-0.005129,0.857484,-0.107017,0.503232,-4.767678,123.693443,28.027382,0.608588,0.787011,0.022332,0.098671,4.792452,125.950539,44.726051,0.567888,0.786432,0.166553,0.176884,11.148683,100.439217,48.122692,0.552479,0.733068,0.325988,0.226076,17.486589,79.803917,50.052582,0.080081,0.885360,0.194943,0.414394,-9.666440,84.249649,14.201755,0.095735,0.944695,0.011409,0.313457,-8.961906,51.771133,-0.468227,-0.033115,0.940151,0.012255,0.338924,-16.773432,7.642850,-4.136127,-0.109270,0.907518,-0.045041,0.403041,3.054641,84.161827,27.823856,0.003430,0.904801,-0.153811,0.397071,8.829921,49.512749,33.877476,-0.034627,0.881792,0.009346,0.470273,3.058588,6.677106,46.270153,-0.033115,0.940151,0.012255,0.338924,-7.448810,2.236330,-14.902947,-0.034627,0.881792,0.009346,0.470273,15.066324,1.320824,38.574181
1007,8.391667,0.001964,0.916940,0.003227,0.399008,-3.382819,84.186401,20.846964,-0.049675,0.907661,0.117396,0.399877,-3.374981,91.827980,20.904169,0.013407,0.915295,0.010091,0.402434,-6.803347,109.848526,24.133677,0.101920,0.877174,-0.172508,0.436371,-6.471596,130.040894,24.724882,0.253210,0.757986,-0.406689,0.442658,-0.352731,142.596085,20.595083,0.117814,0.937815,-0.015801,0.326148,-9.878013,123.910942,22.398857,0.404758,-0.470734,0.417103,-0.663782,-24.592161,127.992355,10.475266,0.472505,-0.484267,0.332759,-0.656883,-19.055077,103.211143,2.859603,0.556705,-0.447852,0.225005,-0.662480,-12.197777,83.387009,-4.268780,-0.004930,0.857594,-0.106188,0.503222,-4.845042,123.667656,27.883833,0.608709,0.787220,0.024291,0.095748,4.715562,125.901985,44.585293,0.567138,0.787177,0.169949,0.172695,11.094081,100.372360,47.797665,0.551983,0.733156,0.328967,0.222661,17.537323,79.733154,49.513584,0.078548,0.884931,0.197162,0.414553,-9.734632,84.243958,14.027876,0.095773,0.945386,0.008780,0.311440,-8.863173,51.810139,-0.731751,-0.032833,0.940221,0.011047,0.338798,-16.759563,7.677734,-4.160551,-0.110283,0.907075,-0.045419,0.403719,2.968993,84.128838,27.666054,0.002528,0.904413,-0.154639,0.397639,8.793257,49.498062,33.777176,-0.035450,0.881793,0.008281,0.470231,3.057891,6.684926,46.263962,-0.032833,0.940221,0.011047,0.338798,-7.444538,2.236136,-14.918005,-0.035450,0.881793,0.008281,0.470231,15.068158,1.313651,38.582401
1008,8.400000,0.002266,0.916572,0.003840,0.399845,-3.460781,84.165718,20.680000,-0.049807,0.907442,0.117248,0.400400,-3.452510,91.807213,20.747639,0.013534,0.915132,0.010615,0.402787,-6.882678,109.816185,23.966063,0.101143,0.877206,-0.172444,0.436513,-6.554984,130.007980,24.578875,0.252283,0.758653,-0.405160,0.443446,-0.454777,142.569763,20.441538,0.117428,0.937451,-0.014534,0.327392,-9.958475,123.879875,22.243685,0.402643,-0.469899,0.416784,-0.665857,-24.644617,127.960922,10.285497,0.470791,-0.483923,0.330894,-0.659305,-19.051781,103.215698,2.593957,0.555710,-0.448176,0.224260,-0.663349,-12.125913,83.457191,-4.639453,-0.004873,0.857822,-0.105492,0.502980,-4.929789,123.631691,27.732368,0.608833,0.787386,0.026149,0.093069,4.640277,125.849617,44.430595,0.566564,0.787880,0.173281,0.168001,11.037641,100.303772,47.471840,0.552728,0.732644,0.332189,0.217659,17.584396,79.658760,48.956264,0.077636,0.883968,0.199029,0.415885,-9.800095,84.233040,13.849378,0.095811,0.946268,0.005684,0.308813,-8.791677,51.841808,-0.994812,-0.032800,0.940117,0.010296,0.339114,-16.786987,7.706043,-4.139320,-0.111370,0.906536,-0.045843,0.404582,2.878533,84.098396,27.510622,0.001684,0.904046,-0.155287,0.398227,8.753819,49.487545,33.685513,-0.035165,0.881624,0.008086,0.470571,3.055775,6.692138,46.249928,-0.032800,0.940117,0.010296,0.339114,-7.467409,2.244419,-14.882671,-0.035165,0.881624,0.008086,0.470571,15.068276,1.312328,38.577843
1009,8.408333,0.002495,0.916301,0.004627,0.400456,-3.530951,84.137482,20.500767,-0.050086,0.907055,0.117538,0.401157,-3.524328,91.778862,20.580833,0.013895,0.914791,0.010929,0.403540,-6.972720,109.794197,23.803537,0.100639,0.877342,-0.171183,0.436852,-6.637301,129.985321,24.434118,0.251324,0.759491,-0.404405,0.443246,-0.561570,142.567291,20.322191,0.116854,0.936999,-0.012459,0.328971,-10.039579,123.860695,22.088078,0.401400,-0.470086,0.415732,-0.667131,-24.690788,127.944389,10.088005,0.469960,-0.483711,0.328657,-0.661170,-19.060877,103.235176,2.308231,0.554406,-0.448855,0.221725,-0.664831,-12.057984,83.530022,-5.020327,-0.004720,0.858337,-0.104476,0.502315,-5.020081,123.605644,27.584854,0.608861,0.787616,0.027980,0.090372,4.575964,125.796059,44.271805,0.565949,0.788533,0.176911,0.163156,10.997749,100.236595,47.142445,0.552914,0.732353,0.335697,0.212726,17.649832,79.590347,48.382244,0.076441,0.883111,0.201332,0.416818,-9.861137,84.214630,13.661787,0.095742,0.946738,0.002598,0.307432,-8.691041,51.875996,-1.284882,-0.032346,0.940205,0.009279,0.338942,-16.770536,7.736733,-4.153011,-0.112333,0.905852,-0.046467,0.405777,2.799236,84.060333,27.339748,0.000674,0.903577,-0.156041,0.398998,8.709303,49.468956,33.590050,-0.034676,0.881527,0.008437,0.470783,3.055575,6.694460,46.245361,-0.032346,0.940205,0.009279,0.338942,-7.462916,2.243362,-14.890546,-0.034676,0.881527,0.008437,0.470783,15.068567,1.316711,38.572590
1010,8.416667,0.002617,0.916059,0.005401,0.400999,-3.617138,84.104446,20.326870,-0.050036,0.907112,0.116933,0.401211,-3.613609,91.745697,20.418530,0.013924,0.914869,0.011389,0.403350,-7.049362,109.754631,23.619587,0.099623,0.877513,-0.171200,0.436734,-6.720254,129.945297,24.267536,0.250613,0.760018,-0.402746,0.444254,-0.669624,142.534500,20.140791,0.116537,0.936770,-0.011280,0.329779,-10.121473,123.821602,21.917540,0.399483,-0.469854,0.414742,-0.669059,-24.754921,127.907440,9.896547,0.468427,-0.483367,0.326549,-0.663549,-19.069830,103.243568,2.013747,0.553268,-0.448810,0.220448,-0.666234,-11.993276,83.611977,-5.419424,-0.004267,0.858391,-0.104165,0.502291,-5.099708,123.563431,27.412098,0.608862,0.787969,0.028677,0.087005,4.497427,125.732658,44.101185,0.565080,0.789643,0.179713,0.157647,10.950792,100.163528,46.810318,0.553009,0.732494,0.338958,0.206741,17.728292,79.525009,47.807716,0.074923,0.882397,0.203856,0.417379,-9.939205,84.189491,13.480478,0.095765,0.947165,-0.000474,0.306118,-8.586593,51.907379,-1.572572,-0.031601,0.940263,0.008404,0.338876,-16.756620,7.767928,-4.168435,-0.113439,0.905172,-0.046983,0.406925,2.704929,84.019402,27.173260,-0.000425,0.903045,-0.156787,0.399909,8.662109,49.449249,33.495853,-0.034985,0.881535,0.008104,0.470752,3.058023,6.695718,46.243729,-0.031601,0.940263,0.008404,0.338876,-7.461297,2.243675,-14.900771,-0.034985,0.881535,0.008104,0.470752,15.071986,1.313982,38.575287
1011,8.425000,0.002632,0.915831,0.006010,0.401511,-3.704124,84.072098,20.147264,-0.050033,0.906970,0.116740,0.401589,-3.704166,91.713242,20.247538,0.014114,0.914740,0.011810,0.403624,-7.137657,109.720421,23.440193,0.099199,0.877613,-0.170488,0.436908,-6.808585,129.910477,24.106905,0.249623,0.760765,-0.401645,0.444529,-0.775274,142.512039,19.992521,0.116069,0.936355,-0.009669,0.331169,-10.208475,123.789009,21.749201,0.397622,-0.469711,0.413870,-0.670806,-24.810549,127.876068,9.690528,0.467026,-0.483162,0.324408,-0.665733,-19.080029,103.254166,1.710001,0.551661,-0.449910,0.218707,-0.667396,-11.933039,83.688652,-5.828352,-0.004264,0.858705,-0.103481,0.501896,-5.190079,123.525688,27.246592,0.608938,0.788198,0.029934,0.083921,4.422405,125.679985,43.928780,0.564150,0.790607,0.182931,0.152358,10.898846,100.099373,46.469368,0.553782,0.731909,0.342303,0.201158,17.799919,79.469505,47.220528,0.073551,0.881208,0.206411,0.418875,-10.018524,84.162003,13.293862,0.095806,0.947510,-0.003668,0.305012,-8.475305,51.940109,-1.869471,-0.031702,0.940341,0.007127,0.338679,-16.739405,7.802567,-4.184801,-0.114620,0.904700,-0.047688,0.407561,2.610276,83.982201,27.000666,-0.001411,0.902504,-0.157455,0.400864,8.617213,49.436005,33.406586,-0.034729,0.881424,0.008092,0.470978,3.055645,6.701488,46.236588,-0.031702,0.940341,0.007127,0.338679,-7.451491,2.245385,-14.906549,-0.034729,0.881424,0.008092,0.470978,15.070974,1.316055,38.572876
1012,8.433333,0.002540,0.915687,0.006728,0.401828,-3.788605,84.032082,19.958742,-0.050041,0.906941,0.116548,0.401709,-3.794379,91.673096,20.068493,0.014453,0.914739,0.012281,0.403601,-7.224854,109.677292,23.253384,0.099078,0.877821,-0.169100,0.437057,-6.890911,129.866501,23.943031,0.248506,0.761560,-0.400882,0.444483,-0.875453,142.486923,19.860449,0.115279,0.936178,-0.008579,0.331975,-10.292355,123.748528,21.578493,0.395332,-0.469666,0.412763,-0.672869,-24.880795,127.819824,9.498010,0.465380,-0.482723,0.322079,-0.668330,-19.099504,103.250084,1.394254,0.550166,-0.450153,0.216881,-0.669061,-11.868179,83.763573,-6.257145,-0.004192,0.859292,-0.102886,0.501013,-5.273825,123.477760,27.075397,0.608899,0.788514,0.030544,0.080966,4.373017,125.614655,43.739979,0.563512,0.791405,0.186254,0.146432,10.877813,100.027557,46.138813,0.553131,0.732426,0.345654,0.195247,17.892632,79.410324,46.615017,0.072016,0.880522,0.209085,0.419258,-10.098265,84.125816,13.101027,0.095817,0.948356,-0.006750,0.302317,-8.369537,51.967178,-2.176164,-0.030923,0.940418,0.006239,0.338554,-16.724697,7.832697,-4.205431,-0.115708,0.904026,-0.048425,0.408661,2.521054,83.938347,26.816458,-0.002540,0.901927,-0.158190,0.401867,8.567360,49.415070,33.308315,-0.034596,0.881339,0.008116,0.471146,3.056471,6.701827,46.230686,-0.030923,0.940418,0.006239,0.338554,-7.450925,2.243962,-14.923018,-0.034596,0.881339,0.008116,0.471146,15.073538,1.315281,38.570480
1013,8.441667,0.002524,0.915458,0.007341,0.402339,-3.887991,83.993896,19.763535,-0.049761,0.906945,0.116221,0.401830,-3.897816,91.634781,19.881763,0.014614,0.914765,0.012602,0.403524,-7.313764,109.639069,23.058928,0.098621,0.877973,-0.168296,0.437165,-6.979050,129.827774,23.763046,0.247728,0.762101,-0.399845,0.444924,-0.983169,142.461868,19.693996,0.114801,0.935796,-0.006865,0.333256,-10.381064,123.711609,21.394638,0.393513,-0.470120,0.411684,-0.674278,-24.940756,127.785576,9.280415,0.464163,-0.482103,0.319785,-0.670721,-19.134951,103.259407,1.063000,0.548431,-0.450499,0.214889,-0.670893,-11.811407,83.844353,-6.686191,-0.004174,0.859558,-0.102609,0.500613,-5.361685,123.436714,26.890564,0.608606,0.788970,0.031644,0.078256,4.300669,125.566101,43.547123,0.562548,0.792352,0.189637,0.140559,10.847216,99.976349,45.799553,0.553322,0.732455,0.348482,0.189486,17.991087,79.372063,46.004238,0.070752,0.879829,0.211314,0.419812,-10.190007,84.092018,12.898853,0.095584,0.948780,-0.009669,0.300976,-8.303488,51.987339,-2.472861,-0.030979,0.940365,0.005253,0.338714,-16.720591,7.853156,-4.235003,-0.117001,0.903514,-0.049036,0.409352,2.414024,83.895782,26.628214,-0.003675,0.901338,-0.159013,0.402855,8.519217,49.398209,33.201088,-0.034433,0.881245,0.007844,0.471338,3.056390,6.709066,46.223145,-0.030979,0.940365,0.005253,0.338714,-7.445677,2.239070,-14.938346,-0.034433,0.881245,0.007844,0.471338,15.073937,1.313644,38.569935
1014,8.450000,0.002274,0.915282,0.008061,0.402726,-3.979995,83.955040,19.563662,-0.049840,0.906943,0.116211,0.401828,-3.997803,91.595772,19.690416,0.014477,0.914820,0.012878,0.403397,-7.416199,109.599670,22.866030,0.098471,0.877991,-0.167857,0.437332,-7.090968,129.788254,23.578041,0.246954,0.762578,-0.398783,0.445489,-1.102760,142.429092,19.518610,0.114515,0.935367,-0.006055,0.334572,-10.490680,123.671402,21.208117,0.390582,-0.469230,0.411535,-0.676689,-25.018852,127.743256,9.055405,0.461668,-0.481580,0.317801,-0.673755,-19.162203,103.261314,0.742728,0.547008,-0.450019,0.213711,-0.672750,-11.761004,83.928444,-7.130782,-0.003555,0.860307,-0.101921,0.499471,-5.469713,123.396744,26.702606,0.608446,0.789470,0.030669,0.074769,4.237090,125.487724,43.338169,0.561387,0.793830,0.191913,0.133597,10.822274,99.898254,45.478443,0.554947,0.731758,0.351425,0.181836,18.104910,79.346069,45.404972,0.069403,0.879189,0.213603,0.420218,-10.276217,84.054337,12.693686,0.095705,0.948826,-0.013293,0.300656,-8.227218,52.005505,-2.773485,-0.030881,0.940174,0.004413,0.339263,-16.752752,7.880888,-4.226842,-0.118063,0.902685,-0.049921,0.410767,2.316227,83.855743,26.433636,-0.005141,0.900349,-0.159613,0.404807,8.451976,49.382202,33.103458,-0.034336,0.881130,0.007816,0.471560,3.057710,6.711438,46.214008,-0.030881,0.940174,0.004413,0.339263,-7.469070,2.244055,-14.910605,-0.034336,0.881130,0.007816,0.471560,15.078038,1.314149,38.566494
1015,8.458333,0.001966,0.915100,0.008630,0.403130,-4.078714,83.911049,19.364723,-0.049539,0.906973,0.115876,0.401893,-4.104382,91.551659,19.497532,0.014308,0.914844,0.013062,0.403343,-7.506673,109.552597,22.665134,0.097951,0.878026,-0.167464,0.437530,-7.190629,129.741180,23.381187,0.246379,0.762939,-0.397547,0.446295,-1.218354,142.390808,19.325691,0.113836,0.935025,-0.004258,0.335785,-10.587790,123.623253,21.010393,0.388427,-0.469284,0.410573,-0.678474,-25.090477,127.692101,8.826263,0.459962,-0.481013,0.315566,-0.676373,-19.194578,103.258308,0.400443,0.545257,-0.450030,0.211942,-0.674721,-11.711724,84.016968,-7.575879,-0.003576,0.860786,-0.101867,0.498657,-5.566103,123.349785,26.504284,0.608008,0.790074,0.030601,0.071926,4.172173,125.437271,43.121891,0.560605,0.794721,0.194901,0.127099,10.807739,99.851555,45.148350,0.554053,0.732599,0.354502,0.175076,18.209915,79.321938,44.788025,0.067553,0.878799,0.215967,0.420127,-10.368894,84.009430,12.489199,0.095775,0.948871,-0.016360,0.300338,-8.132679,52.014946,-3.064295,-0.030116,0.940137,0.003849,0.339441,-16.747051,7.899719,-4.255085,-0.119116,0.902218,-0.050632,0.411400,2.211465,83.812675,26.240248,-0.006015,0.899516,-0.160893,0.406138,8.387884,49.362030,32.990372,-0.034191,0.880969,0.007555,0.471877,2.998075,6.729031,46.225033,-0.030116,0.940137,0.003849,0.339441,-7.469519,2.240335,-14.932272,-0.034191,0.880969,0.007555,0.471877,15.021274,1.323503,38.587849
1016,8.466667,0.001742,0.914818,0.009040,0.403761,-4.178172,83.873955,19.159401,-0.049574,0.907008,0.115407,0.401945,-4.209605,91.514465,19.296549,0.014271,0.914916,0.013346,0.403170,-7.604634,109.510254,22.446287,0.097152,0.878140,-0.167318,0.437534,-7.294451,129.698578,23.172180,0.246173,0.763173,-0.396149,0.447249,-1.343193,142.355820,19.109581,0.113336,0.934872,-0.003046,0.336393,-10.690623,123.580788,20.799614,0.386124,-0.469209,0.409645,-0.680398,-25.181870,127.646545,8.600860,0.458225,-0.480536,0.313176,-0.678996,-19.241919,103.263161,0.060728,0.543932,-0.449840,0.210021,-0.676515,-11.671463,84.101585,-8.030736,-0.003456,0.861302,-0.101329,0.497874,-5.666844,123.306129,26.291531,0.607764,0.790545,0.030042,0.068984,4.101686,125.376221,42.893539,0.559323,0.795861,0.197841,0.120921,10.774954,99.792358,44.816914,0.549026,0.736043,0.358119,0.169002,18.323612,79.270462,44.185986,0.065428,0.879204,0.218301,0.418406,-10.458870,83.971695,12.275209,0.095667,0.948461,-0.019713,0.301463,-8.048265,52.029312,-3.359128,-0.029880,0.940128,0.003007,0.339496,-16.742464,7.923100,-4.271243,-0.120561,0.901941,-0.051054,0.411536,2.102527,83.776222,26.043591,-0.007183,0.898602,-0.161986,0.407705,8.356649,49.353340,32.863396,-0.033879,0.880881,0.006853,0.472074,2.997980,6.753457,46.216793,-0.029880,0.940128,0.003007,0.339496,-7.469001,2.239136,-14.938901,-0.033879,0.880881,0.006853,0.472074,15.018247,1.326306,38.590355
1017,8.475000,0.001311,0.914494,0.009734,0.404479,-4.272728,83.828255,18.947006,-0.049454,0.907063,0.115073,0.401933,-4.314574,91.468582,19.091160,0.014181,0.915064,0.013586,0.402831,-7.700221,109.465729,22.231340,0.097169,0.878278,-0.166311,0.437638,-7.397010,129.653900,22.964500,0.245564,0.763683,-0.395236,0.447522,-1.456246,142.323914,18.926392,0.112597,0.934646,-0.001664,0.337277,-10.792642,123.535728,20.592144,0.383985,-0.469460,0.408508,-0.682117,-25.267273,127.591660,8.370414,0.456616,-0.480082,0.310827,-0.681476,-19.290451,103.260170,-0.291148,0.542550,-0.449543,0.208097,-0.678414,-11.638397,84.185005,-8.488668,-0.003830,0.861950,-0.100868,0.496844,-5.764750,123.260902,26.080290,0.607575,0.791017,0.028790,0.065695,4.043387,125.330650,42.658978,0.557806,0.797581,0.199344,0.113932,10.752293,99.749092,44.486732,0.551021,0.735443,0.360099,0.160711,18.455669,79.267792,43.596466,0.063373,0.879879,0.220253,0.416276,-10.542637,83.923981,12.052956,0.095511,0.948325,-0.022856,0.301720,-7.981504,52.023769,-3.643400,-0.029519,0.940056,0.002781,0.339730,-16.747009,7.926917,-4.285700,-0.121937,0.901252,-0.051394,0.412595,1.997180,83.732521,25.841057,-0.008295,0.898059,-0.163121,0.408428,8.319918,49.335899,32.729759,-0.033569,0.880763,0.006446,0.472322,2.998500,6.770739,46.208214,-0.029519,0.940056,0.002781,0.339730,-7.472937,2.233489,-14.947781,-0.033569,0.880763,0.006446,0.472322,15.018092,1.329368,38.590836
1018,8.483333,0.001370,0.914121,0.010096,0.405315,-4.378864,83.784218,18.730728,-0.049660,0.907087,0.115043,0.401860,-4.422265,91.424438,18.880270,0.014049,0.915205,0.013314,0.402524,-7.815362,109.427513,22.017738,0.096993,0.878234,-0.166007,0.437881,-7.512364,129.616135,22.738605,0.245344,0.763790,-0.394037,0.448515,-1.577905,142.291260,18.707298,0.112405,0.934296,-0.000616,0.338315,-10.909394,123.496414,20.372223,0.381635,-0.469153,0.408093,-0.683893,-25.358549,127.557526,8.122098,0.454680,-0.479589,0.308607,-0.684121,-19.348492,103.267311,-0.631841,0.541027,-0.449265,0.205918,-0.680477,-11.611904,84.267281,-8.944908,-0.003752,0.862483,-0.100514,0.495990,-5.877757,123.225044,25.857109,0.606918,0.791817,0.027561,0.062589,3.963260,125.282120,42.417881,0.556432,0.798898,0.201335,0.107749,10.735634,99.711212,44.158615,0.550491,0.735647,0.364218,0.152081,18.575230,79.266510,43.020706,0.061370,0.880320,0.221738,0.414853,-10.636167,83.883835,11.825287,0.095258,0.948440,-0.025641,0.301215,-7.929760,52.012573,-3.905488,-0.029714,0.940031,0.002689,0.339780,-16.749063,7.923526,-4.298882,-0.123413,0.900576,-0.051682,0.413596,1.878438,83.684601,25.636169,-0.009847,0.896700,-0.164144,0.410962,8.277916,49.315922,32.593132,-0.033760,0.880658,0.005705,0.472514,3.005692,6.783423,46.193462,-0.029714,0.940031,0.002689,0.339780,-7.471980,2.229714,-14.958143,-0.033760,0.880658,0.005705,0.472514,15.027055,1.326566,38.589970
1019,8.491667,0.001447,0.913627,0.010512,0.406416,-4.484076,83.738991,18.503675,-0.050203,0.906962,0.114887,0.402120,-4.529160,91.379074,18.659447,0.014108,0.915220,0.013288,0.402489,-7.940790,109.390259,21.784016,0.096628,0.878369,-0.165484,0.437888,-7.635143,129.578827,22.504864,0.245732,0.764030,-0.392843,0.448941,-1.715516,142.263245,18.480947,0.111546,0.934068,0.000221,0.339225,-11.033143,123.459557,20.138744,0.380051,-0.469048,0.407022,-0.685484,-25.465849,127.499580,7.862284,0.453421,-0.479340,0.305924,-0.686333,-19.404293,103.255402,-0.983263,0.539974,-0.449792,0.203918,-0.681566,-11.588937,84.349998,-9.401585,-0.003443,0.863090,-0.100408,0.494958,-6.001115,123.187546,25.623238,0.606176,0.792669,0.026154,0.059510,3.879625,125.228333,42.162357,0.554862,0.800387,0.202921,0.101641,10.719622,99.670097,43.822815,0.551178,0.735276,0.366929,0.144688,18.698048,79.275078,42.451744,0.059566,0.880788,0.222732,0.413588,-10.724712,83.843262,11.583236,0.094949,0.949047,-0.028049,0.299178,-7.897802,51.987953,-4.158646,-0.030320,0.939976,0.002883,0.339880,-16.756014,7.905239,-4.319338,-0.125342,0.899841,-0.051593,0.414626,1.756559,83.634720,25.424114,-0.010943,0.895698,-0.165559,0.412549,8.272145,49.299576,32.438671,-0.033388,0.880531,0.004905,0.472786,3.011386,6.811061,46.180187,-0.030320,0.939976,0.002883,0.339880,-7.469372,2.222819,-14.976357,-0.033388,0.880531,0.004905,0.472786,15.029982,1.329403,38.590168
1020,8.500000,0.001464,0.913131,0.011006,0.407516,-4.586046,83.704185,18.278667,-0.050832,0.907021,0.114209,0.402102,-4.634169,91.344109,18.441378,0.014265,0.915415,0.013527,0.402030,-8.054493,109.346054,21.531790,0.096137,0.878482,-0.164897,0.437991,-7.746607,129.534180,22.263891,0.245846,0.763968,-0.391692,0.449988,-1.845023,142.229553,18.248024,0.111319,0.933931,0.001350,0.339674,-11.147419,123.416519,19.897650,0.378355,-0.469142,0.406038,-0.686940,-25.570274,127.462639,7.611623,0.452136,-0.479073,0.303381,-0.688492,-19.470943,103.263184,-1.329911,0.538919,-0.449828,0.201433,-0.683115,-11.574223,84.435020,-9.855810,-0.003849,0.863468,-0.099866,0.494403,-6.109961,123.140991,25.376982,0.605103,0.793691,0.025354,0.057117,3.791911,125.182892,41.903320,0.553448,0.801674,0.204391,0.096118,10.715641,99.642738,43.493469,0.552427,0.734677,0.368950,0.137660,18.812862,79.303879,41.910313,0.057954,0.880858,0.223558,0.413222,-10.809994,83.812691,11.343284,0.094786,0.949384,-0.030405,0.297927,-7.863620,51.970154,-4.402538,-0.030954,0.939831,0.002750,0.340225,-16.770761,7.897046,-4.346202,-0.127146,0.898642,-0.051330,0.416703,1.637902,83.595680,25.214052,-0.012415,0.893893,-0.166787,0.415912,8.258565,49.291096,32.279537,-0.032936,0.880190,0.003929,0.473460,3.018302,6.842384,46.151299,-0.030954,0.939831,0.002750,0.340225,-7.469752,2.217922,-14.992438,-0.032936,0.880190,0.003929,0.473460,15.039442,1.330840,38.587002
1021,8.508333,0.001852,0.912537,0.011356,0.408831,-4.709273,83.678612,18.053202,-0.051276,0.906894,0.113824,0.402440,-4.754401,91.318390,18.223160,0.014366,0.915428,0.013332,0.402005,-8.184894,109.320663,21.292557,0.096067,0.878288,-0.164776,0.438441,-7.870069,129.508896,22.019064,0.245909,0.763826,-0.390495,0.451234,-1.968937,142.206268,18.008894,0.111059,0.933645,0.002294,0.340541,-11.273120,123.391739,19.654728,0.376790,-0.469152,0.405304,-0.688225,-25.675369,127.439690,7.345155,0.450955,-0.478934,0.301061,-0.690379,-19.544983,103.278053,-1.677044,0.537864,-0.450342,0.199076,-0.684297,-11.578799,84.519669,-10.302485,-0.004299,0.864228,-0.099098,0.493225,-6.235408,123.116005,25.133816,0.603887,0.794785,0.024399,0.055166,3.711416,125.153816,41.633640,0.551959,0.802892,0.205883,0.091206,10.724717,99.635246,43.177078,0.553563,0.733735,0.371687,0.130575,18.937996,79.348984,41.402409,0.056559,0.880704,0.224021,0.413493,-10.913183,83.796646,11.100041,0.094306,0.949383,-0.032652,0.297847,-7.860628,51.957500,-4.632393,-0.031055,0.939663,0.002702,0.340678,-16.786686,7.888964,-4.370660,-0.129388,0.897600,-0.050874,0.418312,1.494636,83.560577,25.006363,-0.013707,0.892279,-0.168053,0.418817,8.256989,49.293663,32.120312,-0.032209,0.879860,0.002793,0.474133,3.027345,6.886110,46.121376,-0.031055,0.939663,0.002702,0.340678,-7.474410,2.209986,-15.007120,-0.032209,0.879860,0.002793,0.474133,15.047378,1.336899,38.582893
1022,8.516667,0.001930,0.912202,0.011314,0.409580,-4.838746,83.650032,17.844559,-0.051344,0.906894,0.112679,0.402755,-4.882661,91.289825,18.014372,0.013961,0.915364,0.013447,0.402160,-8.297631,109.290848,21.041759,0.096075,0.878188,-0.164093,0.438895,-7.999761,129.479416,21.765991,0.246196,0.763918,-0.389304,0.451951,-2.103640,142.185349,17.775621,0.110517,0.933343,0.003656,0.341531,-11.396927,123.359169,19.401196,0.375916,-0.469799,0.404159,-0.688935,-25.777657,127.404320,7.065576,0.450434,-0.478706,0.298298,-0.692076,-19.630348,103.278114,-2.039523,0.537038,-0.450923,0.196597,-0.685280,-11.585749,84.607956,-10.751017,-0.004829,0.864607,-0.098586,0.492658,-6.360895,123.088242,24.882065,0.602735,0.795774,0.024509,0.053428,3.607382,125.131950,41.368206,0.550208,0.804045,0.207789,0.087218,10.704364,99.632248,42.839195,0.552886,0.733819,0.374465,0.124913,19.039419,79.394547,40.896767,0.054735,0.880670,0.224875,0.413347,-11.031231,83.769211,10.881242,0.094000,0.949075,-0.034910,0.298665,-7.841180,51.942944,-4.849965,-0.031478,0.939520,0.002517,0.341035,-16.801632,7.882958,-4.395158,-0.131790,0.896525,-0.050225,0.419942,1.353738,83.530853,24.807873,-0.014786,0.890708,-0.169394,0.421577,8.273252,49.304005,31.963411,-0.031464,0.879568,0.001303,0.474731,3.035637,6.939900,46.092407,-0.031478,0.939520,0.002517,0.341035,-7.477209,2.203769,-15.020859,-0.031464,0.879568,0.001303,0.474731,15.051264,1.344021,38.581459
1023,8.525000,0.002255,0.911594,0.011442,0.410926,-4.962193,83.630363,17.629749,-0.052204,0.906733,0.111934,0.403213,-5.002645,91.270088,17.803328,0.014059,0.915311,0.013146,0.402288,-8.436455,109.271118,20.790737,0.096132,0.877819,-0.164282,0.439549,-8.130166,129.459900,21.505482,0.246303,0.763649,-0.387841,0.453602,-2.226688,142.163010,17.516962,0.110224,0.933125,0.004305,0.342212,-11.529310,123.339973,19.142675,0.374737,-0.469691,0.403308,-0.690149,-25.894493,127.382324,6.788042,0.449610,-0.478788,0.295883,-0.693589,-19.705368,103.292763,-2.385504,0.536377,-0.451601,0.193602,-0.686203,-11.599816,84.690331,-11.191506,-0.005205,0.865011,-0.098131,0.492035,-6.494860,123.069511,24.625021,0.601811,0.796635,0.023770,0.051288,3.497040,125.114822,41.096657,0.547883,0.805732,0.208968,0.083384,10.664898,99.631378,42.504498,0.551874,0.734288,0.376672,0.119894,19.145567,79.454758,40.424442,0.053556,0.880212,0.225210,0.414293,-11.134063,83.756310,10.648273,0.093418,0.948568,-0.037185,0.300182,-7.843208,51.931667,-5.065449,-0.031703,0.939341,0.002518,0.341507,-16.815872,7.876620,-4.415252,-0.134193,0.895369,-0.049193,0.421766,1.209675,83.504417,24.611225,-0.015929,0.889026,-0.170903,0.424466,8.296182,49.315804,31.786098,-0.030697,0.879211,-0.000453,0.475442,3.046086,7.001033,46.057598,-0.031703,0.939341,0.002518,0.341507,-7.478267,2.200165,-15.030831,-0.030697,0.879211,-0.000453,0.475442,15.057600,1.351830,38.580059
1024,8.533333,0.002465,0.911034,0.011306,0.412170,-5.096153,83.611389,17.423790,-0.052859,0.906714,0.110644,0.403526,-5.133054,91.251144,17.596743,0.014055,0.915334,0.012997,0.402240,-8.571034,109.261108,20.530350,0.096066,0.877696,-0.163835,0.439977,-8.262448,129.450043,21.239502,0.246787,0.763438,-0.386674,0.454688,-2.363228,142.159241,17.264133,0.109934,0.932812,0.004592,0.343156,-11.662531,123.329857,18.878763,0.373900,-0.469951,0.402620,-0.690827,-26.005135,127.364349,6.495351,0.449019,-0.478676,0.293646,-0.694998,-19.799557,103.301178,-2.736157,0.536254,-0.451863,0.192527,-0.686429,-11.636130,84.775612,-11.615071,-0.005529,0.865337,-0.097782,0.491528,-6.627493,123.060333,24.360619,0.600477,0.797701,0.023947,0.050262,3.383608,125.108017,40.820301,0.546011,0.806961,0.210288,0.080397,10.642023,99.647797,42.183670,0.553205,0.733280,0.377925,0.115920,19.235552,79.527657,39.987328,0.051229,0.879935,0.226064,0.414710,-11.248927,83.740105,10.425528,0.093503,0.948162,-0.039504,0.301141,-7.779054,51.925571,-5.270150,-0.031506,0.939226,0.001980,0.341845,-16.821537,7.887938,-4.433889,-0.136847,0.894048,-0.047882,0.423862,1.056621,83.482681,24.422050,-0.017054,0.886937,-0.172289,0.428215,8.331889,49.336269,31.608973,-0.029840,0.878719,-0.002369,0.476400,3.057484,7.067606,46.007584,-0.031506,0.939226,0.001980,0.341845,-7.480174,2.195602,-15.037653,-0.029840,0.878719,-0.002369,0.476400,15.067204,1.360178,38.571503
1025,8.541667,0.002644,0.910384,0.011514,0.413597,-5.221573,83.600029,17.210943,-0.053385,0.906570,0.109548,0.404079,-5.257566,91.239700,17.387857,0.013766,0.915231,0.012758,0.402491,-8.697847,109.251572,20.274187,0.096268,0.877414,-0.163488,0.440624,-8.396239,129.441086,20.969891,0.247227,0.763324,-0.385305,0.455803,-2.492387,142.153198,17.010702,0.109567,0.932508,0.005056,0.344090,-11.793038,123.318184,18.611433,0.373028,-0.470236,0.401935,-0.691503,-26.113886,127.344475,6.200211,0.448695,-0.478685,0.291262,-0.696204,-19.893316,103.308067,-3.090756,0.535446,-0.453161,0.188967,-0.687193,-11.668731,84.847244,-12.046844,-0.006028,0.865776,-0.097261,0.490852,-6.760896,123.054016,24.096205,0.599025,0.798782,0.024646,0.050089,3.275710,125.106064,40.539803,0.544369,0.807767,0.212342,0.078013,10.627380,99.671295,41.878384,0.551772,0.733697,0.380250,0.112455,19.315258,79.607483,39.566475,0.049917,0.879493,0.225886,0.415904,-11.352365,83.733650,10.193508,0.093003,0.947398,-0.041497,0.303422,-7.784626,51.903908,-5.449314,-0.031759,0.938997,0.002195,0.342449,-16.840593,7.872415,-4.451600,-0.139518,0.892525,-0.046677,0.426327,0.909219,83.466408,24.228378,-0.018037,0.885049,-0.173659,0.431516,8.367829,49.364510,31.438690,-0.029028,0.878246,-0.004545,0.477305,3.064491,7.141575,45.960297,-0.031759,0.938997,0.002195,0.342449,-7.482060,2.188851,-15.044925,-0.029028,0.878246,-0.004545,0.477305,15.070430,1.370272,38.567524
1026,8.550000,0.002793,0.909683,0.011291,0.415140,-5.349906,83.593597,17.015257,-0.054222,0.906449,0.108017,0.404651,-5.382719,91.233330,17.189955,0.013717,0.915145,0.012507,0.402698,-8.829445,109.249924,20.009901,0.096557,0.877054,-0.163093,0.441422,-8.525713,129.439743,20.695583,0.247501,0.763065,-0.383982,0.457202,-2.614825,142.154724,16.756170,0.109216,0.932217,0.005465,0.344983,-11.922206,123.316071,18.338701,0.371928,-0.469874,0.401740,-0.692454,-26.222197,127.334106,5.900774,0.447882,-0.478967,0.289382,-0.697317,-19.975269,103.319153,-3.427906,0.535349,-0.453977,0.187236,-0.687203,-11.717703,84.921005,-12.460254,-0.006568,0.866137,-0.096947,0.490271,-6.892522,123.054062,23.825832,0.597775,0.799719,0.024972,0.049902,3.165919,125.116173,40.254829,0.542377,0.808733,0.214474,0.076021,10.597919,99.704018,41.579258,0.549820,0.734260,0.382493,0.110718,19.394928,79.698425,39.167511,0.049361,0.879326,0.225072,0.416764,-11.456841,83.728310,9.977070,0.091840,0.946363,-0.043072,0.306769,-7.864017,51.868450,-5.598550,-0.032501,0.938718,0.003158,0.343135,-16.868301,7.829604,-4.466489,-0.142291,0.891248,-0.045122,0.428245,0.757028,83.458885,24.053446,-0.018354,0.883098,-0.175491,0.434745,8.420211,49.402523,31.264439,-0.028064,0.877610,-0.007146,0.478501,3.016783,7.238171,45.918758,-0.032501,0.938718,0.003158,0.343135,-7.483015,2.179657,-15.054128,-0.028064,0.877610,-0.007146,0.478501,15.019865,1.390906,38.581242
1027,8.558333,0.003246,0.908956,0.010911,0.416737,-5.486277,83.597931,16.825649,-0.055493,0.906424,0.106426,0.404955,-5.510675,91.237755,16.997906,0.013914,0.915233,0.012148,0.402502,-8.977017,109.259689,19.744190,0.096721,0.876886,-0.162954,0.441772,-8.660015,129.449646,20.419769,0.248158,0.762860,-0.382403,0.458508,-2.744751,142.165192,16.488699,0.108856,0.931766,0.005755,0.346307,-12.061486,123.326996,18.067419,0.373034,-0.470972,0.399777,-0.692249,-26.329044,127.334282,5.588859,0.448545,-0.479482,0.287574,-0.697285,-20.053473,103.346466,-3.790259,0.534808,-0.454634,0.184504,-0.687930,-11.773424,84.984253,-12.863161,-0.006804,0.866336,-0.097080,0.489888,-7.029536,123.064461,23.552443,0.596585,0.800616,0.025089,0.049712,3.043313,125.135612,39.971458,0.540221,0.810027,0.215600,0.074395,10.551667,99.745514,41.288067,0.548194,0.734989,0.384262,0.107786,19.456896,79.809013,38.817726,0.048001,0.879165,0.224549,0.417543,-11.568398,83.737686,9.766109,0.091184,0.945281,-0.044740,0.310045,-7.892794,51.851643,-5.736450,-0.033054,0.938525,0.003381,0.343608,-16.891548,7.815161,-4.475579,-0.145037,0.889506,-0.043408,0.431115,0.595843,83.458183,23.885191,-0.019679,0.880596,-0.176606,0.439288,8.458905,49.447250,31.095404,-0.027356,0.877096,-0.009789,0.479435,3.040546,7.322722,45.858330,-0.033054,0.938525,0.003381,0.343608,-7.488802,2.177270,-15.054146,-0.027356,0.877096,-0.009789,0.479435,15.038413,1.402048,38.571335
1028,8.566667,0.003607,0.908189,0.010469,0.418413,-5.616329,83.614693,16.644352,-0.056308,0.906311,0.104513,0.405595,-5.633210,91.254623,16.812737,0.013621,0.915125,0.011835,0.402767,-9.097166,109.271172,19.478102,0.096718,0.876497,-0.162780,0.442608,-8.786099,129.461761,20.137428,0.248745,0.762435,-0.380823,0.460209,-2.868121,142.179459,16.217461,0.108385,0.931467,0.006113,0.347253,-12.184544,123.336258,17.788122,0.370043,-0.469513,0.401656,-0.693757,-26.430660,127.330292,5.280842,0.446780,-0.479104,0.286206,-0.699238,-20.162132,103.344749,-4.108799,0.534248,-0.455530,0.181706,-0.688516,-11.832365,85.046959,-13.259787,-0.007477,0.866576,-0.096985,0.489474,-7.155653,123.079559,23.276230,0.595946,0.801093,0.025084,0.049689,2.932536,125.170006,39.683384,0.537839,0.811297,0.217207,0.073134,10.481401,99.791992,41.001274,0.545580,0.736133,0.385939,0.107247,19.507950,79.916519,38.474636,0.047062,0.878766,0.223685,0.418952,-11.672318,83.757401,9.562439,0.090461,0.944381,-0.046078,0.312790,-7.939846,51.837372,-5.856349,-0.033452,0.938295,0.003634,0.344196,-16.918518,7.800025,-4.487602,-0.147731,0.888170,-0.041834,0.433105,0.439659,83.471992,23.726267,-0.020950,0.878018,-0.177609,0.443960,8.501924,49.507710,30.936401,-0.026203,0.876559,-0.012491,0.480419,3.065133,7.419783,45.796623,-0.033452,0.938295,0.003634,0.344196,-7.497303,2.173454,-15.055760,-0.026203,0.876559,-0.012491,0.480419,15.053323,1.418312,38.559967
1029,8.575000,0.003583,0.907365,0.010296,0.420202,-5.727554,83.634964,16.464455,-0.057153,0.906215,0.103088,0.406055,-5.743990,91.274956,16.630245,0.013127,0.915115,0.011229,0.402823,-9.215288,109.292816,19.232826,0.097123,0.876137,-0.162152,0.443461,-8.912651,129.484512,19.861700,0.249227,0.762128,-0.379487,0.461560,-2.987299,142.207123,15.968946,0.107890,0.931119,0.006117,0.348339,-12.308313,123.354050,17.521290,0.369201,-0.469713,0.401378,-0.694230,-26.529295,127.329102,4.979402,0.446446,-0.479294,0.285090,-0.699777,-20.258921,103.360710,-4.452744,0.534251,-0.455942,0.180130,-0.688655,-11.910794,85.097816,-13.645273,-0.007973,0.866684,-0.097321,0.489207,-7.279891,123.107735,23.010303,0.594931,0.801842,0.025121,0.049765,2.818134,125.220215,39.408585,0.536176,0.812092,0.218620,0.072297,10.430737,99.861519,40.731884,0.542047,0.737777,0.387923,0.106706,19.543198,80.025520,38.159882,0.046599,0.878378,0.222661,0.420360,-11.755591,83.776192,9.358703,0.089532,0.943594,-0.047431,0.315221,-8.001004,51.820492,-5.980635,-0.033959,0.938088,0.004080,0.344704,-16.942852,7.779470,-4.493827,-0.150297,0.886591,-0.040580,0.435569,0.300483,83.493736,23.570206,-0.021414,0.875842,-0.178649,0.447802,8.539921,49.576618,30.802053,-0.025857,0.875845,-0.015803,0.481640,3.032332,7.523760,45.735321,-0.033959,0.938088,0.004080,0.344704,-7.503233,2.170384,-15.054857,-0.025857,0.875845,-0.015803,0.481640,15.019692,1.438583,38.567520
1030,8.583333,0.003625,0.906635,0.009457,0.421795,-5.847827,83.662354,16.314571,-0.058066,0.906175,0.101317,0.406461,-5.858561,91.302589,16.468983,0.012702,0.915107,0.010312,0.402879,-9.334733,109.326920,18.996855,0.096869,0.875919,-0.161988,0.444007,-9.032939,129.519852,19.584938,0.250286,0.761698,-0.377950,0.462954,-3.112537,142.246323,15.697236,0.107266,0.930733,0.006164,0.349561,-12.428139,123.384560,17.256601,0.368037,-0.469608,0.401540,-0.694826,-26.621284,127.336418,4.675919,0.445752,-0.479355,0.284470,-0.700429,-20.352541,103.380455,-4.788796,0.533629,-0.457006,0.179320,-0.688643,-11.994166,85.148033,-14.014962,-0.008504,0.866638,-0.097676,0.489209,-7.400233,123.149529,22.746582,0.594199,0.802397,0.024803,0.049708,2.697386,125.286575,39.141930,0.534152,0.813268,0.219394,0.071717,10.356385,99.942383,40.475227,0.539480,0.738978,0.389401,0.106016,19.572258,80.144493,37.886246,0.046093,0.877951,0.221650,0.421839,-11.850849,83.797958,9.187568,0.088638,0.942941,-0.048340,0.317283,-8.070089,51.806915,-6.071439,-0.034408,0.937892,0.004512,0.345187,-16.965590,7.759398,-4.501429,-0.152947,0.884780,-0.038533,0.438505,0.155194,83.526749,23.441578,-0.022342,0.873631,-0.179617,0.451672,8.597887,49.655376,30.653360,-0.024789,0.875346,-0.019097,0.482483,3.057462,7.637355,45.672298,-0.034408,0.937892,0.004512,0.345187,-7.508809,2.166825,-15.055856,-0.024789,0.875346,-0.019097,0.482483,15.029642,1.458706,38.559299
1031,8.591667,0.003777,0.905781,0.008837,0.423637,-5.947055,83.710861,16.156813,-0.059209,0.906085,0.100121,0.406792,-5.951980,91.351250,16.303602,0.012175,0.915166,0.009408,0.402782,-9.450512,109.384560,18.773718,0.097134,0.875443,-0.162461,0.444715,-9.153399,129.578751,19.319780,0.250894,0.761081,-0.376597,0.464740,-3.217062,142.297348,15.430644,0.106455,0.930110,0.006043,0.351462,-12.547687,123.437813,17.004999,0.366869,-0.469469,0.402031,-0.695253,-26.695908,127.356651,4.363519,0.444890,-0.479530,0.284286,-0.700932,-20.441200,103.405251,-5.122007,0.533242,-0.457326,0.178946,-0.688829,-12.089708,85.195908,-14.374149,-0.008817,0.866814,-0.097788,0.488870,-7.518424,123.215393,22.494265,0.593567,0.802867,0.024514,0.049818,2.591826,125.363861,38.880337,0.532556,0.813961,0.220750,0.071562,10.290083,100.032402,40.229500,0.535244,0.740802,0.391480,0.107096,19.582991,80.270096,37.620468,0.045849,0.877789,0.220002,0.423064,-11.921032,83.844406,9.005403,0.087632,0.942157,-0.049022,0.319777,-8.154860,51.799877,-6.144612,-0.035076,0.937706,0.004813,0.345620,-16.989380,7.742384,-4.511223,-0.155561,0.883337,-0.037023,0.440619,0.026922,83.577316,23.308220,-0.023026,0.871403,-0.180299,0.455653,8.660140,49.755299,30.526096,-0.023536,0.874717,-0.022686,0.483530,3.076618,7.762155,45.598579,-0.035076,0.937706,0.004813,0.345620,-7.514619,2.165161,-15.057651,-0.023536,0.874717,-0.022686,0.483530,15.032885,1.480954,38.548908
1032,8.600000,0.003753,0.904825,0.007771,0.425696,-6.056762,83.783897,16.020882,-0.059549,0.905907,0.098962,0.407423,-6.055429,91.424568,16.152767,0.011259,0.915063,0.008336,0.403067,-9.545901,109.444740,18.574068,0.097254,0.875167,-0.161985,0.445404,-9.265373,129.640549,19.065683,0.251708,0.760802,-0.375696,0.465484,-3.327755,142.364212,15.195078,0.105557,0.929611,0.005983,0.353053,-12.653333,123.490646,16.765503,0.365935,-0.469999,0.401832,-0.695502,-26.765507,127.374626,4.073088,0.444369,-0.479662,0.284587,-0.701050,-20.528734,103.438225,-5.461981,0.532471,-0.457782,0.178878,-0.689139,-12.194591,85.235718,-14.716637,-0.009414,0.866557,-0.098508,0.489169,-7.627170,123.287132,22.258339,0.592322,0.803716,0.025348,0.050527,2.471334,125.470337,38.647057,0.531927,0.814047,0.221798,0.072025,10.244095,100.162064,40.004101,0.531758,0.742535,0.392767,0.107747,19.567520,80.404053,37.392410,0.045780,0.877568,0.218163,0.424479,-11.998151,83.908852,8.842223,0.086488,0.941660,-0.049316,0.321505,-8.260397,51.806419,-6.191803,-0.035515,0.937556,0.004940,0.345981,-17.010178,7.733607,-4.516207,-0.158005,0.881496,-0.034634,0.443622,-0.115374,83.658951,23.199541,-0.024416,0.867953,-0.180811,0.461919,8.718581,49.879356,30.373037,-0.021953,0.873879,-0.027024,0.484896,3.113522,7.908773,45.500244,-0.035515,0.937556,0.004940,0.345981,-7.522110,2.164667,-15.055044,-0.021953,0.873879,-0.027024,0.484896,15.050621,1.503303,38.530365
1033,8.608333,0.003593,0.904078,0.006744,0.427298,-6.143509,83.864281,15.888539,-0.060174,0.905664,0.098072,0.408086,-6.137897,91.505196,16.005188,0.010278,0.914860,0.007317,0.403573,-9.636714,109.523567,18.384106,0.097122,0.874579,-0.162514,0.446394,-9.376099,129.720886,18.822184,0.252287,0.760004,-0.374930,0.467089,-3.429865,142.438812,14.945960,0.104727,0.928974,0.005737,0.354973,-12.755658,123.561623,16.534740,0.364711,-0.470264,0.402198,-0.695755,-26.821911,127.410210,3.780723,0.443554,-0.479931,0.285291,-0.701096,-20.613945,103.480324,-5.789424,0.531584,-0.458701,0.179438,-0.689067,-12.312857,85.276199,-15.045389,-0.010319,0.866729,-0.098275,0.488892,-7.735264,123.377571,22.033533,0.592183,0.803901,0.024136,0.049808,2.373014,125.585747,38.412872,0.530622,0.815020,0.221366,0.071967,10.158348,100.281761,39.777985,0.529445,0.743779,0.393573,0.107618,19.545692,80.544319,37.189400,0.045439,0.877146,0.216651,0.426159,-12.059446,83.978546,8.688716,0.085708,0.940763,-0.049899,0.324236,-8.318789,51.827019,-6.239294,-0.035858,0.937499,0.004450,0.346107,-17.024717,7.747334,-4.516868,-0.160315,0.879963,-0.033235,0.445936,-0.227573,83.750023,23.088364,-0.024827,0.866592,-0.181206,0.464291,8.772828,50.016083,30.269772,-0.020255,0.873376,-0.031328,0.485615,3.141712,8.060178,45.427982,-0.035858,0.937499,0.004450,0.346107,-7.531643,2.169232,-15.046340,-0.020255,0.873376,-0.031328,0.485615,15.047063,1.529551,38.520237
1034,8.616667,0.003312,0.903377,0.005397,0.428801,-6.238305,83.963379,15.767744,-0.060468,0.905283,0.097387,0.409050,-6.227950,91.604576,15.863972,0.009617,0.914465,0.006239,0.404503,-9.726479,109.614197,18.210354,0.097076,0.874125,-0.162544,0.447283,-9.473084,129.812637,18.598099,0.252788,0.759651,-0.374420,0.467801,-3.522594,142.530472,14.728154,0.103510,0.928340,0.005468,0.356990,-12.846109,123.646545,16.319393,0.363176,-0.469995,0.402881,-0.696344,-26.866554,127.445480,3.500208,0.442038,-0.480526,0.286462,-0.701169,-20.674341,103.521255,-6.094273,0.530674,-0.459168,0.180801,-0.689101,-12.437671,85.321983,-15.355494,-0.010985,0.866538,-0.098828,0.489107,-7.836711,123.477936,21.828701,0.591722,0.804291,0.023689,0.049188,2.262908,125.719688,38.208824,0.529713,0.815629,0.221172,0.072357,10.080382,100.425049,39.563171,0.526090,0.745595,0.394577,0.107830,19.514469,80.688644,37.002068,0.045488,0.876773,0.214817,0.427849,-12.130296,84.062286,8.548080,0.084396,0.940112,-0.049523,0.326519,-8.421317,51.854660,-6.266488,-0.036066,0.937488,0.004058,0.346119,-17.010571,7.751551,-4.557812,-0.162406,0.878602,-0.031558,0.447980,-0.346315,83.864479,22.987408,-0.025784,0.864366,-0.181313,0.468329,8.818208,50.170910,30.150757,-0.018437,0.872587,-0.036073,0.486776,3.186222,8.222842,45.330315,-0.036066,0.937488,0.004058,0.346119,-7.516199,2.165344,-15.081826,-0.018437,0.872587,-0.036073,0.486776,15.062197,1.556084,38.502495
1035,8.625000,0.002831,0.902799,0.003967,0.430034,-6.311424,84.073410,15.663637,-0.061258,0.904816,0.096567,0.410159,-6.298432,91.714851,15.736985,0.008931,0.913935,0.005259,0.405729,-9.811079,109.712196,18.037895,0.096584,0.873529,-0.163204,0.448312,-9.567462,129.911606,18.378521,0.253322,0.759015,-0.373805,0.469034,-3.615263,142.624634,14.495466,0.102497,0.927751,0.005183,0.358811,-12.931742,123.738655,16.105450,0.361825,-0.470127,0.403346,-0.696689,-26.909769,127.495239,3.227597,0.440771,-0.481098,0.288022,-0.700934,-20.743990,103.577614,-6.400306,0.529416,-0.460216,0.182680,-0.688874,-12.576440,85.360840,-15.653819,-0.011786,0.866124,-0.099746,0.489633,-7.936948,123.585281,21.628443,0.591230,0.804633,0.024241,0.049245,2.142002,125.873184,38.014912,0.528921,0.816128,0.220894,0.073381,9.990033,100.587296,39.355877,0.524355,0.746933,0.393871,0.109586,19.455057,80.857491,36.847248,0.045632,0.876872,0.212333,0.428867,-12.183733,84.152855,8.427719,0.083267,0.939622,-0.049048,0.328286,-8.544434,51.870537,-6.240823,-0.036783,0.937395,0.004124,0.346295,-17.028364,7.746187,-4.554533,-0.164291,0.877490,-0.029879,0.449587,-0.439115,83.993973,22.899555,-0.026744,0.862182,-0.181333,0.472276,8.880615,50.336933,30.034330,-0.016482,0.871890,-0.041168,0.487690,3.252790,8.394039,45.229725,-0.036783,0.937395,0.004124,0.346295,-7.522044,2.169453,-15.072777,-0.016482,0.871890,-0.041168,0.487690,15.090630,1.581546,38.479977
1036,8.633333,0.002290,0.902282,0.002419,0.431134,-6.382007,84.190430,15.566392,-0.062387,0.904270,0.095837,0.411362,-6.366371,91.832062,15.614836,0.008609,0.913328,0.004291,0.407111,-9.907784,109.824715,17.868935,0.096075,0.873002,-0.163754,0.449247,-9.660660,130.024734,18.168930,0.253987,0.758412,-0.373489,0.469902,-3.708947,142.734451,14.274293,0.101900,0.926993,0.004468,0.360943,-13.019483,123.847878,15.898405,0.360764,-0.470243,0.403875,-0.696854,-26.942757,127.570435,2.951546,0.439675,-0.481873,0.290031,-0.700262,-20.805403,103.653954,-6.697328,0.528135,-0.461700,0.185005,-0.688244,-12.722974,85.394730,-15.934122,-0.012738,0.865686,-0.100317,0.490267,-8.041332,123.704720,21.436682,0.590172,0.805376,0.024297,0.049749,2.012650,126.037659,37.832134,0.528707,0.816327,0.220560,0.073702,9.924289,100.772835,39.196190,0.522236,0.748810,0.392704,0.111069,19.397738,81.042877,36.709446,0.045842,0.876823,0.209841,0.430170,-12.236717,84.248367,8.316023,0.082134,0.938777,-0.048615,0.331041,-8.667093,51.892410,-6.206674,-0.037213,0.937294,0.004123,0.346525,-17.048332,7.747409,-4.547591,-0.166109,0.876920,-0.028516,0.450118,-0.527297,84.132484,22.816763,-0.027119,0.861244,-0.181386,0.473944,8.942040,50.512611,29.929733,-0.014432,0.871188,-0.046328,0.488545,3.311532,8.573276,45.133953,-0.037213,0.937294,0.004123,0.346525,-7.532186,2.175436,-15.059471,-0.014432,0.871188,-0.046328,0.488545,15.107611,1.613015,38.462315
1037,8.641667,0.001697,0.901862,0.000652,0.432021,-6.452942,84.311905,15.486294,-0.063347,0.903766,0.094804,0.412561,-6.433863,91.953659,15.506490,0.008164,0.912689,0.003352,0.408560,-9.992403,109.937630,17.705498,0.096053,0.872332,-0.163722,0.450563,-9.746675,130.138229,17.963900,0.254145,0.757794,-0.373660,0.470677,-3.788375,142.848450,14.080959,0.100913,0.926216,0.004233,0.363211,-13.098177,123.956535,15.695745,0.361490,-0.471655,0.402621,-0.696249,-26.965570,127.637711,2.677271,0.439744,-0.483091,0.292207,-0.698472,-20.845110,103.735306,-7.017121,0.526816,-0.463169,0.187590,-0.687568,-12.878550,85.426331,-16.200754,-0.013413,0.865250,-0.100706,0.490938,-8.137530,123.825142,21.249994,0.589560,0.805780,0.024417,0.050413,1.890243,126.190506,37.656857,0.528059,0.816889,0.219901,0.074097,9.836702,100.938057,39.047371,0.521415,0.749925,0.391760,0.110740,19.337059,81.218117,36.598465,0.045837,0.876772,0.207504,0.431408,-12.293429,84.345680,8.224308,0.081180,0.938160,-0.047940,0.333119,-8.776659,51.920151,-6.155410,-0.037616,0.937239,0.003875,0.346632,-17.061678,7.755270,-4.542773,-0.167312,0.876451,-0.027368,0.450657,-0.612455,84.278137,22.748280,-0.027638,0.860192,-0.181916,0.475618,8.962237,50.682259,29.833565,-0.012065,0.870912,-0.050959,0.488641,3.319362,8.762780,45.087887,-0.037616,0.937239,0.003875,0.346632,-7.539515,2.181131,-15.048057,-0.012065,0.870912,-0.050959,0.488641,15.059994,1.662514,38.466156
1038,8.650000,0.000682,0.901572,-0.000861,0.432627,-6.504452,84.429657,15.420793,-0.064624,0.903230,0.093654,0.413797,-6.489355,92.071442,15.413436,0.007691,0.911974,0.002431,0.410169,-10.076262,110.058739,17.549974,0.095875,0.871546,-0.164400,0.451872,-9.833116,130.259857,17.767029,0.254328,0.757136,-0.373398,0.471843,-3.863634,142.962753,13.877299,0.100429,0.925302,0.003754,0.365674,-13.176126,124.073135,15.500051,0.360372,-0.471375,0.403867,-0.696296,-26.977760,127.726974,2.404228,0.438282,-0.484144,0.294526,-0.697688,-20.896603,103.810860,-7.281087,0.525249,-0.465003,0.189964,-0.686876,-13.038140,85.459770,-16.450411,-0.014143,0.864799,-0.101311,0.491588,-8.234988,123.953796,21.071934,0.589043,0.806079,0.024514,0.051620,1.767258,126.357460,37.488804,0.527578,0.817276,0.219453,0.074572,9.739491,101.115944,38.929321,0.521948,0.750140,0.390578,0.110949,19.260849,81.397423,36.513416,0.045656,0.877170,0.205182,0.431727,-12.335206,84.434174,8.150913,0.080429,0.937535,-0.047118,0.335172,-8.875169,51.939140,-6.084944,-0.037923,0.937151,0.003863,0.346837,-17.076387,7.756317,-4.536622,-0.168365,0.876380,-0.026108,0.450477,-0.673699,84.425140,22.690674,-0.027744,0.860140,-0.182084,0.475642,9.006771,50.849663,29.728764,-0.009647,0.870209,-0.055296,0.489476,3.364361,8.936235,44.999859,-0.037923,0.937151,0.003863,0.346837,-7.546324,2.185343,-15.036419,-0.009647,0.870209,-0.055296,0.489476,15.061595,1.703589,38.444931
1039,8.658333,-0.000152,0.901299,-0.002400,0.433190,-6.555899,84.547653,15.361120,-0.066076,0.902753,0.092420,0.414886,-6.542101,92.189369,15.327061,0.007604,0.911358,0.001830,0.411540,-10.160941,110.177139,17.395840,0.095913,0.871019,-0.164587,0.452810,-9.911366,130.378418,17.589668,0.254385,0.756842,-0.373465,0.472232,-3.933427,143.078644,13.704224,0.099731,0.924397,0.003586,0.368145,-13.249736,124.190163,15.320020,0.357234,-0.469746,0.406778,-0.697319,-26.986513,127.813469,2.147752,0.435631,-0.484937,0.297324,-0.697610,-20.949160,103.877129,-7.514962,0.523732,-0.467342,0.192825,-0.685649,-13.197951,85.484276,-16.686804,-0.014681,0.864040,-0.102248,0.492711,-8.325359,124.075722,20.906822,0.588536,0.806378,0.024591,0.052672,1.633444,126.519264,37.344200,0.526944,0.817699,0.219219,0.075111,9.631477,101.288460,38.828773,0.522097,0.750304,0.390026,0.111077,19.174982,81.586365,36.446156,0.045366,0.877635,0.202709,0.431982,-12.377580,84.525726,8.084007,0.079709,0.936750,-0.046153,0.337663,-8.973394,51.956905,-5.995838,-0.038168,0.937072,0.003922,0.347021,-17.089603,7.755628,-4.528327,-0.169247,0.876650,-0.024963,0.449686,-0.734217,84.569572,22.638231,-0.027548,0.860703,-0.182387,0.474518,9.042847,51.011173,29.624039,-0.006945,0.869424,-0.058699,0.490519,3.392200,9.106708,44.916664,-0.038168,0.937072,0.003922,0.347021,-7.552568,2.188986,-15.024085,-0.006945,0.869424,-0.058699,0.490519,15.051040,1.759930,38.420532
1040,8.666667,-0.001181,0.901080,-0.003951,0.433633,-6.599900,84.658989,15.322293,-0.067342,0.902305,0.090853,0.416001,-6.589981,92.300529,15.260060,0.007201,0.910698,0.001137,0.413009,-10.230282,110.295807,17.253277,0.095462,0.870522,-0.164706,0.453817,-9.984277,130.497406,17.415291,0.254633,0.756417,-0.373452,0.472788,-4.010033,143.199295,13.529624,0.098793,0.923456,0.003508,0.370751,-13.314438,124.305000,15.144926,0.357980,-0.471286,0.405887,-0.696417,-26.983797,127.890335,1.892380,0.435838,-0.486221,0.299997,-0.695440,-20.984875,103.958572,-7.805533,0.522535,-0.469254,0.196354,-0.684253,-13.366693,85.502983,-16.906811,-0.015148,0.863376,-0.102882,0.493728,-8.408013,124.200317,20.747692,0.588098,0.806613,0.024345,0.054071,1.511400,126.675247,37.204178,0.526454,0.817941,0.219285,0.075717,9.528887,101.454758,38.757496,0.522962,0.749599,0.390237,0.111027,19.089014,81.762886,36.401237,0.045069,0.878083,0.200440,0.432161,-12.414399,84.607224,8.039592,0.079135,0.936330,-0.045001,0.339115,-9.060337,51.971291,-5.896148,-0.038417,0.937027,0.004044,0.347115,-17.096079,7.752383,-4.520226,-0.169903,0.877586,-0.023755,0.447674,-0.785401,84.710747,22.604994,-0.027670,0.860530,-0.182562,0.474756,9.086103,51.164013,29.513580,-0.005651,0.868669,-0.061972,0.491469,3.433094,9.265884,44.822693,-0.038417,0.937027,0.004044,0.347115,-7.553847,2.191688,-15.014413,-0.005651,0.868669,-0.061972,0.491469,15.069230,1.827870,38.389988
1041,8.675000,-0.002213,0.900901,-0.005383,0.433986,-6.632847,84.760925,15.297073,-0.068147,0.902040,0.088998,0.416845,-6.627618,92.402206,15.208270,0.006424,0.910199,0.000794,0.414121,-10.267298,110.400642,17.123772,0.095543,0.869943,-0.164846,0.454859,-10.044301,130.602692,17.260477,0.254113,0.756221,-0.373408,0.473417,-4.060533,143.302216,13.381701,0.098195,0.922586,0.002921,0.373074,-13.361990,124.403656,14.989957,0.356489,-0.471371,0.407006,-0.696470,-26.968992,127.956100,1.664574,0.434366,-0.487341,0.302802,-0.694360,-21.022579,104.017471,-8.048714,0.521214,-0.471279,0.200056,-0.682796,-13.532880,85.516655,-17.119173,-0.016416,0.862536,-0.103181,0.495093,-8.469110,124.311653,20.604778,0.587946,0.806601,0.024478,0.055816,1.396468,126.839661,37.085548,0.526096,0.817976,0.219713,0.076580,9.413240,101.623390,38.709511,0.523306,0.749081,0.390664,0.111403,18.984205,81.933784,36.377995,0.044813,0.878583,0.198196,0.432205,-12.441571,84.680214,8.010024,0.078702,0.936052,-0.043703,0.340152,-9.141621,51.978867,-5.784595,-0.038545,0.936956,0.004409,0.347287,-17.103407,7.743439,-4.513202,-0.170101,0.878281,-0.022665,0.446289,-0.824123,84.841629,22.584122,-0.027224,0.861169,-0.183386,0.473304,9.105237,51.296078,29.415115,-0.001704,0.867651,-0.062377,0.493242,3.407983,9.422859,44.775917,-0.038545,0.936956,0.004409,0.347287,-7.554793,2.193906,-15.007502,-0.001704,0.867651,-0.062377,0.493242,15.021004,1.922879,38.373451
1042,8.683333,-0.003380,0.900802,-0.006508,0.434168,-6.648622,84.849640,15.284677,-0.069288,0.901727,0.087615,0.417626,-6.651970,92.490623,15.172656,0.005742,0.909682,-0.000168,0.415267,-10.311203,110.497665,17.022060,0.094973,0.869389,-0.165551,0.455782,-10.097302,130.700089,17.112246,0.253820,0.755914,-0.372902,0.474461,-4.113554,143.394714,13.217446,0.097086,0.921615,0.003003,0.375754,-13.406609,124.494316,14.847880,0.351159,-0.468984,0.411869,-0.697929,-26.944239,128.004974,1.441012,0.430556,-0.487255,0.306053,-0.695367,-21.089956,104.032562,-8.244924,0.519456,-0.473488,0.203760,-0.681511,-13.691828,85.523453,-17.313110,-0.016752,0.861771,-0.104184,0.496201,-8.527764,124.417534,20.475132,0.588172,0.806310,0.024294,0.057684,1.294810,126.979973,36.976261,0.525375,0.818154,0.220542,0.077238,9.286264,101.761230,38.684673,0.523581,0.748275,0.391744,0.111736,18.881779,82.093201,36.366306,0.044696,0.879214,0.196219,0.431836,-12.454282,84.740242,7.995560,0.078318,0.935654,-0.042545,0.341480,-9.215073,51.982540,-5.679216,-0.038550,0.936873,0.004816,0.347506,-17.111403,7.732713,-4.504498,-0.170223,0.879445,-0.022003,0.443979,-0.842961,84.959045,22.573793,-0.026714,0.861824,-0.183512,0.472090,9.132822,51.414352,29.341072,0.004043,0.865852,-0.060170,0.496653,3.412326,9.542814,44.697807,-0.038550,0.936873,0.004816,0.347506,-7.556572,2.194142,-14.998928,0.004043,0.865852,-0.060170,0.496653,15.023717,2.016668,38.323147
1043,8.691667,-0.004376,0.900696,-0.007806,0.434358,-6.661006,84.924850,15.290300,-0.069876,0.901519,0.086323,0.418245,-6.669418,92.565430,15.153795,0.004543,0.909252,-0.001153,0.416219,-10.329378,110.575974,16.948635,0.094678,0.868878,-0.165679,0.456768,-10.143060,130.778839,16.982681,0.253118,0.755832,-0.372684,0.475138,-4.159234,143.473892,13.089432,0.096346,0.920770,0.002233,0.378014,-13.439234,124.562248,14.728841,0.348789,-0.468947,0.413243,-0.698330,-26.916409,128.032333,1.250689,0.428662,-0.488028,0.309165,-0.694619,-21.120354,104.059914,-8.470168,0.517915,-0.475421,0.208016,-0.680050,-13.847992,85.514771,-17.501816,-0.017734,0.860854,-0.105183,0.497546,-8.572001,124.507866,20.366400,0.588113,0.806215,0.024104,0.059666,1.197454,127.127167,36.890114,0.525226,0.817954,0.221354,0.078048,9.180235,101.911972,38.688938,0.523750,0.747403,0.393164,0.111793,18.776499,82.244614,36.381916,0.044219,0.879876,0.194741,0.431207,-12.463449,84.788200,7.999084,0.078337,0.935383,-0.041492,0.342346,-9.250650,51.986294,-5.575582,-0.038460,0.936820,0.005064,0.347656,-17.117516,7.728773,-4.497122,-0.169988,0.880700,-0.020998,0.441623,-0.858563,85.061501,22.581518,-0.026369,0.862068,-0.183396,0.471710,9.153059,51.508026,29.251650,0.011700,0.864198,-0.054581,0.500046,3.417654,9.631008,44.587868,-0.038460,0.936820,0.005064,0.347656,-7.559531,2.195926,-14.991696,0.011700,0.864198,-0.054581,0.500046,15.028302,2.128930,38.183559
1044,8.700000,-0.005452,0.900657,-0.008750,0.434409,-6.657876,84.988495,15.306171,-0.070626,0.901341,0.085048,0.418763,-6.674834,92.628670,15.149532,0.003482,0.908869,-0.002041,0.417062,-10.341102,110.642838,16.888407,0.094063,0.868589,-0.165854,0.457382,-10.178818,130.845932,16.872129,0.252485,0.756009,-0.372288,0.475503,-4.204149,143.543106,12.971732,0.095124,0.919841,0.001997,0.380580,-13.463452,124.619797,14.627825,0.347148,-0.470144,0.413580,-0.698144,-26.874268,128.039581,1.070862,0.427529,-0.488433,0.312435,-0.693568,-21.152597,104.077545,-8.719404,0.516112,-0.476568,0.212264,-0.679305,-13.998901,85.496315,-17.679512,-0.018355,0.859831,-0.106596,0.498990,-8.606559,124.585327,20.274448,0.587938,0.806176,0.024292,0.061798,1.106283,127.257835,36.823006,0.525382,0.817562,0.222170,0.078790,9.086252,102.047989,38.707199,0.523974,0.746879,0.393578,0.112777,18.673393,82.367477,36.404335,0.044164,0.880548,0.193348,0.430466,-12.459293,84.826126,8.014666,0.078187,0.935143,-0.040432,0.343162,-9.298176,51.985348,-5.477900,-0.038568,0.936788,0.005404,0.347725,-17.121120,7.717914,-4.490538,-0.169667,0.881778,-0.020457,0.439617,-0.856458,85.150864,22.597677,-0.026027,0.862569,-0.182726,0.471072,9.168000,51.588013,29.201019,0.021977,0.864911,-0.046166,0.499314,3.446081,9.687337,44.477554,-0.038568,0.936788,0.005404,0.347725,-7.559367,2.195228,-14.987032,0.021977,0.864911,-0.046166,0.499314,14.982092,2.238345,37.879330
1045,8.708333,-0.005941,0.900646,-0.009781,0.434403,-6.658240,85.028885,15.328657,-0.071122,0.901068,0.083886,0.419501,-6.675077,92.668686,15.154574,0.002343,0.908341,-0.003105,0.418213,-10.342052,110.690399,16.844564,0.093143,0.868187,-0.166439,0.458119,-10.203585,130.893539,16.770189,0.251724,0.756222,-0.371446,0.476226,-4.239753,143.589752,12.850112,0.094094,0.918948,0.001836,0.382985,-13.475195,124.657043,14.535658,0.343918,-0.470081,0.415817,-0.698456,-26.822393,128.034668,0.905533,0.424929,-0.488541,0.315522,-0.693692,-21.195959,104.064606,-8.920236,0.514372,-0.477516,0.217517,-0.678296,-14.143737,85.473862,-17.848986,-0.019041,0.858880,-0.107964,0.500305,-8.632520,124.644684,20.194574,0.588236,0.805827,0.023705,0.063717,1.028400,127.371277,36.764687,0.524987,0.817566,0.222839,0.079475,8.977005,102.159096,38.747643,0.524312,0.745911,0.394975,0.112733,18.576235,82.486412,36.458172,0.044126,0.881250,0.192019,0.429628,-12.459650,84.849968,8.037532,0.077754,0.934832,-0.038765,0.344297,-9.350656,51.972408,-5.377359,-0.038953,0.936868,0.005980,0.347455,-17.087502,7.687026,-4.525871,-0.169313,0.882271,-0.019926,0.438787,-0.856831,85.207809,22.619783,-0.025679,0.862932,-0.181413,0.470934,9.169151,51.634876,29.169378,0.025684,0.868006,-0.039691,0.494298,3.479034,9.689578,44.334919,-0.038953,0.936868,0.005980,0.347455,-7.525898,2.183339,-15.032479,0.025684,0.868006,-0.039691,0.494298,14.938156,2.340981,37.494576
1046,8.716667,-0.006645,0.900702,-0.010511,0.434259,-6.637421,85.066483,15.365455,-0.071753,0.900864,0.082904,0.420028,-6.659131,92.705925,15.176659,0.001101,0.907910,-0.004081,0.419144,-10.331468,110.723114,16.821501,0.092265,0.867930,-0.166604,0.458723,-10.221960,130.926147,16.690449,0.250807,0.756582,-0.370906,0.476558,-4.273716,143.626373,12.759727,0.093042,0.918099,0.001508,0.385273,-13.480012,124.678650,14.466852,0.341020,-0.470696,0.417030,-0.698739,-26.766726,128.011017,0.766684,0.422920,-0.488656,0.318875,-0.693306,-21.224556,104.050873,-9.130898,0.512325,-0.478278,0.221548,-0.678004,-14.279602,85.430618,-18.008387,-0.019707,0.857828,-0.109672,0.501713,-8.648887,124.689232,20.135630,0.588448,0.805514,0.023606,0.065717,0.956394,127.476288,36.728008,0.525307,0.817254,0.222965,0.080218,8.878054,102.262642,38.798157,0.523563,0.746335,0.395204,0.112606,18.462008,82.568237,36.527134,0.044283,0.882115,0.190753,0.428399,-12.440992,84.869858,8.076509,0.077656,0.934764,-0.037586,0.344634,-9.400078,51.958763,-5.271578,-0.039460,0.936839,0.006555,0.347467,-17.092821,7.663908,-4.518793,-0.168648,0.882887,-0.019661,0.437815,-0.833850,85.263107,22.654400,-0.024788,0.864068,-0.179674,0.469562,9.167338,51.673401,29.155642,0.027465,0.872204,-0.034193,0.487173,3.506412,9.667587,44.163792,-0.039460,0.936839,0.006555,0.347467,-7.523746,2.180772,-15.029335,0.027465,0.872204,-0.034193,0.487173,14.867785,2.425482,37.052216
1047,8.725000,-0.006986,0.900844,-0.011093,0.433946,-6.614411,85.090073,15.410599,-0.072408,0.900585,0.081945,0.420699,-6.637023,92.729248,15.211537,0.000050,0.907371,-0.005100,0.420300,-10.315503,110.738686,16.810783,0.091439,0.867643,-0.166847,0.459345,-10.227062,130.941376,16.624645,0.249584,0.757190,-0.370202,0.476784,-4.292148,143.644257,12.682343,0.092028,0.917437,0.001114,0.387090,-13.472832,124.684357,14.409910,0.339141,-0.472136,0.417041,-0.698676,-26.712460,127.972473,0.653574,0.421275,-0.488946,0.322005,-0.692656,-21.242699,104.034355,-9.337131,0.510078,-0.479054,0.226950,-0.677364,-14.411540,85.396942,-18.156763,-0.020534,0.856707,-0.111293,0.503235,-8.656146,124.715614,20.090889,0.588820,0.805101,0.023327,0.067517,0.888557,127.567329,36.707230,0.524823,0.817446,0.223093,0.081075,8.774274,102.349426,38.861023,0.524110,0.745825,0.395313,0.113057,18.370129,82.668175,36.624409,0.044588,0.882617,0.189907,0.427708,-12.422968,84.883049,8.125912,0.077669,0.934763,-0.036611,0.344741,-9.438006,51.950932,-5.182882,-0.039787,0.936776,0.006985,0.347589,-17.102018,7.649767,-4.513194,-0.167520,0.883151,-0.019846,0.437707,-0.805854,85.297089,22.695286,-0.023369,0.865747,-0.177796,0.467252,9.121859,51.680862,29.172056,0.028995,0.875613,-0.030160,0.481197,3.470417,9.608555,43.996387,-0.039787,0.936776,0.006985,0.347589,-7.525383,2.181589,-15.024647,0.028995,0.875613,-0.030160,0.481197,14.742395,2.443842,36.667473
1048,8.733333,-0.007177,0.900998,-0.011664,0.433607,-6.581773,85.099396,15.461156,-0.072795,0.900304,0.081087,0.421400,-6.603303,92.738327,15.252972,-0.001223,0.906808,-0.006016,0.421500,-10.280771,110.741570,16.814178,0.090029,0.867494,-0.167132,0.459800,-10.223104,130.943802,16.572922,0.248611,0.757763,-0.369517,0.476913,-4.315925,143.652756,12.608573,0.090568,0.916661,0.001466,0.389266,-13.453327,124.675690,14.366791,0.335517,-0.472460,0.418818,-0.699143,-26.637804,127.914604,0.545965,0.418399,-0.488879,0.325411,-0.692854,-21.263084,103.985199,-9.516953,0.507945,-0.478694,0.231484,-0.677686,-14.539057,85.344124,-18.298586,-0.021364,0.855611,-0.112772,0.504733,-8.651712,124.729980,20.060341,0.589316,0.804608,0.022802,0.069221,0.833138,127.643715,36.700172,0.524809,0.817602,0.222352,0.081625,8.675494,102.419838,38.940659,0.525343,0.745550,0.394368,0.112446,18.264305,82.740463,36.742462,0.045002,0.883177,0.189151,0.426843,-12.395765,84.884605,8.181030,0.077693,0.934065,-0.035920,0.346694,-9.473413,51.934685,-5.097576,-0.040396,0.936678,0.007579,0.347771,-17.119394,7.629338,-4.502636,-0.166323,0.883382,-0.019528,0.437711,-0.767780,85.314186,22.741282,-0.021876,0.868203,-0.175631,0.463572,9.097264,51.668594,29.161083,0.028579,0.878344,-0.030358,0.476207,3.483494,9.521398,43.785652,-0.040396,0.936678,0.007579,0.347771,-7.530378,2.183524,-15.014415,0.028579,0.878344,-0.030358,0.476207,14.673996,2.358933,36.330761
1049,8.741667,-0.007282,0.901104,-0.012259,0.433368,-6.547657,85.102966,15.521365,-0.073111,0.900040,0.080277,0.422064,-6.566747,92.741653,15.304303,-0.002370,0.906286,-0.006898,0.422602,-10.240883,110.735703,16.830086,0.088884,0.867198,-0.167625,0.460401,-10.209879,130.937302,16.536993,0.247115,0.758276,-0.368918,0.477338,-4.320719,143.647766,12.550722,0.089318,0.916171,0.000975,0.390706,-13.426283,124.659180,14.339174,0.331633,-0.472526,0.420459,-0.699967,-26.575958,127.844635,0.472839,0.415334,-0.488883,0.328531,-0.693223,-21.277519,103.932205,-9.670562,0.505692,-0.478779,0.235750,-0.677841,-14.651482,85.283478,-18.434753,-0.022231,0.854519,-0.114231,0.506215,-8.638575,124.734604,20.044184,0.589774,0.804147,0.021961,0.070940,0.786767,127.711250,36.706684,0.525046,0.817549,0.221756,0.082251,8.587759,102.483391,39.044529,0.525011,0.746164,0.393452,0.113127,18.159571,82.795906,36.880486,0.045533,0.883411,0.188576,0.426556,-12.365481,84.881645,8.244495,0.077799,0.934126,-0.035014,0.346598,-9.498632,51.919685,-5.016325,-0.040761,0.936623,0.008105,0.347866,-17.125469,7.610053,-4.499877,-0.164717,0.883682,-0.018904,0.437741,-0.729832,85.324280,22.798235,-0.020272,0.870853,-0.173670,0.459393,9.056969,51.639069,29.129395,0.020188,0.880315,-0.035770,0.472608,3.469772,9.424189,43.567749,-0.040761,0.936623,0.008105,0.347866,-7.528818,2.182104,-15.013927,0.020188,0.880315,-0.035770,0.472608,14.661139,2.239980,36.135117
1050,8.750000,-0.007472,0.901452,-0.012871,0.432623,-6.501431,85.091866,15.602679,-0.073311,0.899767,0.079437,0.422770,-6.519266,92.730286,15.375948,-0.003778,0.905650,-0.007750,0.423938,-10.186640,110.720123,16.867371,0.087582,0.866962,-0.168115,0.460916,-10.192134,130.920868,16.519053,0.245693,0.758984,-0.368358,0.477380,-4.325260,143.633850,12.508054,0.088115,0.915697,0.000886,0.392089,-13.390430,124.630798,14.328983,0.328261,-0.472810,0.421550,-0.700707,-26.506435,127.770638,0.420421,0.412342,-0.489232,0.331583,-0.693310,-21.270977,103.880676,-9.808270,0.502831,-0.479876,0.240429,-0.677550,-14.752928,85.213379,-18.564785,-0.022953,0.853284,-0.116040,0.507853,-8.619701,124.730705,20.047823,0.590023,0.803781,0.022344,0.072869,0.740007,127.773026,36.735432,0.525230,0.817257,0.221830,0.083761,8.510677,102.542244,39.141853,0.524257,0.746664,0.392997,0.114895,18.063501,82.838676,37.027428,0.046365,0.883624,0.188552,0.426037,-12.331226,84.862541,8.335648,0.077827,0.933612,-0.034471,0.348027,-9.525219,51.905396,-4.950109,-0.041160,0.936573,0.008582,0.347941,-17.138317,7.592762,-4.491777,-0.162706,0.884305,-0.018070,0.437270,-0.671634,85.321190,22.869713,-0.018749,0.872785,-0.172285,0.456303,9.022389,51.586853,29.080925,0.013791,0.879435,-0.040616,0.474083,3.424323,9.323546,43.372639,-0.041160,0.936573,0.008582,0.347941,-7.534312,2.181752,-15.007843,0.013791,0.879435,-0.040616,0.474083,14.684772,2.106900,36.077030
1051,8.758333,-0.007351,0.901617,-0.013071,0.432276,-6.446025,85.079407,15.674154,-0.073522,0.899510,0.078918,0.423378,-6.460959,92.717773,15.445469,-0.005019,0.905147,-0.008446,0.424984,-10.125309,110.694847,16.912802,0.086340,0.866966,-0.168226,0.461102,-10.163821,130.894699,16.517689,0.244264,0.759954,-0.367941,0.476891,-4.324318,143.614548,12.488574,0.086643,0.915226,0.000924,0.393515,-13.346514,124.594223,14.334824,0.325090,-0.473543,0.422448,-0.701150,-26.429081,127.680885,0.382940,0.409677,-0.489510,0.334442,-0.693321,-21.270584,103.814507,-9.939464,0.500233,-0.480481,0.244625,-0.677542,-14.852902,85.131004,-18.683586,-0.023761,0.852073,-0.117696,0.509466,-8.589184,124.715363,20.064402,0.590609,0.803211,0.022206,0.074432,0.705501,127.823196,36.776264,0.525496,0.817225,0.220766,0.085206,8.427326,102.584007,39.250671,0.525008,0.746736,0.391719,0.115361,17.959700,82.856155,37.209499,0.046640,0.883899,0.188396,0.425504,-12.281450,84.850571,8.411629,0.078347,0.933890,-0.033685,0.347242,-9.505561,51.891041,-4.874549,-0.041277,0.936570,0.008885,0.347927,-17.137247,7.580885,-4.492136,-0.160754,0.884954,-0.016688,0.436733,-0.610600,85.308250,22.936682,-0.017971,0.873681,-0.171263,0.455002,9.011502,51.525467,28.994530,0.009217,0.876632,-0.045073,0.478958,3.415763,9.228027,43.185814,-0.041277,0.936570,0.008885,0.347927,-7.531419,2.179107,-15.011278,0.009217,0.876632,-0.045073,0.478958,14.783351,1.968045,36.102444
1052,8.766667,-0.006883,0.901723,-0.013267,0.432056,-6.394198,85.062263,15.747227,-0.073436,0.899254,0.078441,0.424024,-6.401449,92.700653,15.518929,-0.006326,0.904654,-0.008934,0.426007,-10.053627,110.665749,16.968115,0.085103,0.866890,-0.168614,0.461333,-10.131084,130.864655,16.532650,0.242581,0.760810,-0.367722,0.476553,-4.315183,143.587708,12.479549,0.085397,0.914852,0.000366,0.394656,-13.296415,124.553574,14.355188,0.322304,-0.474343,0.423089,-0.701509,-26.352423,127.586319,0.366645,0.407164,-0.490126,0.336749,-0.693249,-21.262859,103.744354,-10.046006,0.497848,-0.481038,0.247715,-0.677781,-14.945999,85.058220,-18.791985,-0.024700,0.851127,-0.118822,0.510739,-8.552265,124.695518,20.095211,0.591176,0.802596,0.022653,0.076405,0.690321,127.861557,36.825035,0.525899,0.816801,0.220582,0.087241,8.360842,102.613365,39.366287,0.524918,0.746764,0.391229,0.117239,17.857260,82.865723,37.397430,0.047293,0.883729,0.188261,0.425845,-12.233283,84.839737,8.487445,0.078749,0.933579,-0.033183,0.348034,-9.497490,51.880955,-4.808913,-0.041454,0.936483,0.009038,0.348138,-17.147449,7.573464,-4.487686,-0.158428,0.885591,-0.015804,0.436324,-0.555113,85.284790,23.007008,-0.017686,0.872622,-0.170579,0.457298,8.955440,51.447033,28.932741,0.003098,0.874364,-0.047899,0.482890,3.328427,9.127625,43.045967,-0.041454,0.936483,0.009038,0.348138,-7.534534,2.177868,-15.003531,0.003098,0.874364,-0.047899,0.482890,14.815651,1.885286,36.139759
1053,8.775000,-0.006466,0.901889,-0.013272,0.431715,-6.327107,85.038414,15.826033,-0.073180,0.899090,0.078130,0.424472,-6.328665,92.676888,15.600428,-0.007678,0.904266,-0.009321,0.426798,-9.964092,110.624023,17.039953,0.083583,0.867004,-0.168750,0.461347,-10.083890,130.821884,16.566938,0.240810,0.761749,-0.367706,0.475963,-4.302750,143.553116,12.489896,0.084059,0.914648,0.000155,0.395415,-13.231943,124.500038,14.395666,0.319947,-0.475268,0.423143,-0.701929,-26.273520,127.481483,0.382657,0.404795,-0.491366,0.338786,-0.692765,-21.232935,103.671661,-10.126910,0.495705,-0.482341,0.251135,-0.677167,-15.032384,84.973335,-18.892363,-0.025613,0.849812,-0.120453,0.512498,-8.498128,124.662720,20.143661,0.591714,0.802037,0.023085,0.077965,0.672916,127.898041,36.899582,0.526229,0.816485,0.220090,0.089416,8.296909,102.640823,39.490707,0.524363,0.747239,0.390342,0.119623,17.760649,82.870468,37.607082,0.048058,0.883545,0.188307,0.426122,-12.171782,84.822929,8.570539,0.079161,0.933180,-0.032804,0.349046,-9.478405,51.870583,-4.750407,-0.042026,0.936484,0.009168,0.348063,-17.151253,7.566693,-4.482361,-0.156076,0.886168,-0.015425,0.436014,-0.482432,85.253891,23.081526,-0.017673,0.870476,-0.169692,0.461696,8.898168,51.362564,28.907394,-0.001129,0.873337,-0.048458,0.484699,3.236044,9.015984,42.924759,-0.042026,0.936484,0.009168,0.348063,-7.533552,2.180571,-14.998686,-0.001129,0.873337,-0.048458,0.484699,14.799666,1.819049,36.099049
1054,8.783333,-0.006016,0.902043,-0.013138,0.431404,-6.252994,85.009674,15.909046,-0.072938,0.898951,0.077990,0.424835,-6.249311,92.648277,15.688250,-0.008970,0.903938,-0.009664,0.427460,-9.873235,110.587799,17.124765,0.082073,0.867109,-0.169456,0.461163,-10.033952,130.784531,16.616831,0.239082,0.762665,-0.367620,0.475434,-4.281549,143.516388,12.501293,0.082656,0.914427,0.000119,0.396221,-13.165799,124.452469,14.451853,0.317887,-0.476134,0.423350,-0.702154,-26.191717,127.382919,0.413547,0.402557,-0.492735,0.340320,-0.692345,-21.204094,103.597687,-10.176652,0.492894,-0.484325,0.252437,-0.677318,-15.107415,84.886047,-18.978851,-0.026800,0.848943,-0.121268,0.513684,-8.440730,124.634804,20.206451,0.592454,0.801264,0.023511,0.080128,0.680777,127.930054,36.977726,0.526788,0.815878,0.220068,0.091690,8.240149,102.661156,39.643265,0.525373,0.746444,0.389549,0.122702,17.657095,82.868668,37.834480,0.048711,0.883460,0.188451,0.426160,-12.102788,84.802879,8.657427,0.079692,0.932842,-0.032453,0.349860,-9.445376,51.858913,-4.691437,-0.042058,0.936468,0.009386,0.348096,-17.151711,7.560548,-4.476324,-0.153835,0.886244,-0.015469,0.436654,-0.403199,85.216461,23.160666,-0.017837,0.868038,-0.168579,0.466662,8.834608,51.275719,28.926750,-0.006284,0.872743,-0.048574,0.485717,3.152373,8.895794,42.834766,-0.042058,0.936468,0.009386,0.348096,-7.532276,2.180585,-14.994211,-0.006284,0.872743,-0.048574,0.485717,14.792995,1.767447,36.068226
1055,8.791667,-0.005354,0.902235,-0.012828,0.431021,-6.179833,84.974144,15.990098,-0.072789,0.898913,0.078101,0.424921,-6.169160,92.612991,15.777935,-0.009826,0.903792,-0.009881,0.427745,-9.788263,110.543777,17.219389,0.080805,0.867373,-0.169878,0.460734,-9.976325,130.739670,16.688694,0.237076,0.763726,-0.367842,0.474563,-4.251797,143.474152,12.542441,0.081234,0.914214,0.000129,0.397006,-13.098136,124.400925,14.528855,0.316163,-0.477013,0.423356,-0.702331,-26.108955,127.280472,0.466034,0.400368,-0.494502,0.341421,-0.691812,-21.166039,103.519783,-10.199965,0.490631,-0.486373,0.254039,-0.676895,-15.180187,84.809181,-19.051907,-0.027679,0.847966,-0.122328,0.514999,-8.376940,124.596169,20.286211,0.593095,0.800612,0.024165,0.081702,0.690295,127.946602,37.075974,0.527424,0.815177,0.219904,0.094621,8.195927,102.666222,39.784149,0.524878,0.746219,0.389798,0.125372,17.561594,82.834816,38.074883,0.049464,0.883461,0.188671,0.425973,-12.035926,84.781052,8.743185,0.080080,0.932292,-0.032260,0.351252,-9.421741,51.848263,-4.641747,-0.042147,0.936460,0.009638,0.348101,-17.154625,7.554349,-4.466659,-0.151860,0.885706,-0.015668,0.438427,-0.323741,85.167244,23.237011,-0.017443,0.866145,-0.167509,0.470563,8.775260,51.183880,28.972725,-0.009408,0.871490,-0.046932,0.488072,3.045455,8.770379,42.758339,-0.042147,0.936460,0.009638,0.348101,-7.533412,2.181989,-14.986809,-0.009408,0.871490,-0.046932,0.488072,14.771470,1.725482,36.052109
1056,8.800000,-0.004744,0.902403,-0.012377,0.430688,-6.100619,84.943100,16.071424,-0.072426,0.898796,0.078646,0.425130,-6.084572,92.582222,15.869503,-0.010731,0.903566,-0.010134,0.428196,-9.699448,110.506645,17.333284,0.079569,0.867644,-0.170350,0.460265,-9.915892,130.701584,16.777618,0.235086,0.764845,-0.368352,0.473353,-4.218158,143.437714,12.599662,0.079674,0.914144,-0.000040,0.397483,-13.026471,124.355721,14.622458,0.315564,-0.477983,0.422508,-0.702452,-26.032310,127.177216,0.543274,0.398741,-0.497217,0.342022,-0.690508,-21.100504,103.444328,-10.189539,0.488602,-0.489409,0.254507,-0.675998,-15.249814,84.727730,-19.105885,-0.028416,0.847133,-0.123182,0.516124,-8.311296,124.564789,20.384260,0.593511,0.800095,0.025096,0.083441,0.709385,127.960945,37.189899,0.528719,0.814124,0.219375,0.097638,8.173571,102.672806,39.939835,0.525178,0.745857,0.389304,0.127782,17.450583,82.798767,38.334564,0.050134,0.883507,0.188679,0.425796,-11.962165,84.763969,8.828564,0.080523,0.931978,-0.031794,0.352026,-9.392489,51.836159,-4.577212,-0.042094,0.936507,0.009938,0.347973,-17.147709,7.545954,-4.461605,-0.149969,0.885001,-0.016557,0.440463,-0.239073,85.122238,23.314283,-0.016930,0.866167,-0.165691,0.471185,8.702799,51.100243,29.067999,-0.012023,0.870447,-0.044599,0.490089,3.000700,8.630660,42.691483,-0.042094,0.936507,0.009938,0.347973,-7.529063,2.180820,-14.987786,-0.012023,0.870447,-0.044599,0.490089,14.804405,1.678383,36.025009
1057,8.808333,-0.004347,0.902567,-0.012034,0.430360,-6.014476,84.906311,16.163830,-0.072237,0.898838,0.079283,0.424953,-5.995285,92.545609,15.969239,-0.011416,0.903575,-0.010500,0.428149,-9.612923,110.464600,17.457336,0.078545,0.867995,-0.170854,0.459591,-9.848079,130.658630,16.876467,0.232838,0.766013,-0.368889,0.472156,-4.172910,143.394547,12.667325,0.078365,0.914107,-0.000099,0.397828,-12.953006,124.307205,14.729543,0.315515,-0.479374,0.421369,-0.702210,-25.956255,127.081314,0.638556,0.397755,-0.499965,0.341991,-0.689107,-21.044094,103.374222,-10.160080,0.486824,-0.492947,0.254370,-0.674760,-15.308991,84.648170,-19.145473,-0.029075,0.846397,-0.124129,0.517067,-8.237462,124.527824,20.490612,0.594165,0.799423,0.025551,0.085082,0.743974,127.968254,37.308258,0.529690,0.813246,0.218965,0.100569,8.152353,102.669350,40.109558,0.525127,0.745576,0.388754,0.131259,17.354025,82.764465,38.606239,0.050845,0.883497,0.188939,0.425618,-11.881356,84.736656,8.925062,0.081118,0.931918,-0.031387,0.352085,-9.350984,51.820969,-4.517902,-0.041406,0.936537,0.010397,0.347959,-17.142973,7.537112,-4.455871,-0.147971,0.884598,-0.017853,0.441896,-0.147596,85.075966,23.402599,-0.016042,0.866726,-0.164123,0.470737,8.621452,51.014702,29.189932,-0.014796,0.869878,-0.042127,0.491243,2.924078,8.495980,42.661266,-0.041406,0.936537,0.010397,0.347959,-7.530580,2.176702,-14.990168,-0.014796,0.869878,-0.042127,0.491243,14.793674,1.641282,36.010761
1058,8.816667,-0.003745,0.902698,-0.011678,0.430100,-5.927985,84.873055,16.249643,-0.072100,0.898870,0.080483,0.424685,-5.902887,92.512558,16.063908,-0.011814,0.903657,-0.010775,0.427958,-9.534596,110.428116,17.594746,0.077754,0.868395,-0.171399,0.458767,-9.779655,130.621536,16.997007,0.230496,0.767210,-0.369732,0.470699,-4.121898,143.355225,12.757736,0.077276,0.913998,-0.000317,0.398292,-12.882439,124.266830,14.856717,0.316469,-0.480924,0.419654,-0.701748,-25.877935,126.998665,0.750315,0.397161,-0.503308,0.341610,-0.687202,-20.968208,103.315460,-10.101724,0.485139,-0.497025,0.253922,-0.673149,-15.365541,84.581436,-19.161779,-0.029721,0.845769,-0.125304,0.517774,-8.164598,124.494553,20.615633,0.594967,0.798692,0.025731,0.086268,0.787055,127.982422,37.439400,0.530887,0.812398,0.217827,0.103539,8.134062,102.670097,40.280838,0.525749,0.745145,0.387734,0.134203,17.254532,82.716080,38.894684,0.051455,0.883764,0.188899,0.425006,-11.799123,84.716431,9.014031,0.081725,0.931372,-0.031022,0.353420,-9.317578,51.804096,-4.446250,-0.041553,0.936510,0.010737,0.348003,-17.148567,7.527071,-4.445356,-0.146128,0.884377,-0.019242,0.442892,-0.056847,85.029686,23.485256,-0.015474,0.867843,-0.162364,0.469305,8.548548,50.933464,29.312225,-0.016606,0.869475,-0.039250,0.492135,2.903821,8.361512,42.636833,-0.041553,0.936510,0.010737,0.348003,-7.532615,2.177262,-14.981797,-0.016606,0.869475,-0.039250,0.492135,14.826073,1.600349,35.984753
1059,8.825000,-0.003387,0.902798,-0.011257,0.429903,-5.832529,84.845543,16.342979,-0.072147,0.898870,0.081871,0.424411,-5.805294,92.485229,16.165401,-0.012178,0.903743,-0.011019,0.427760,-9.460699,110.398933,17.742603,0.077322,0.868758,-0.171879,0.457971,-9.714944,130.591782,17.129717,0.228083,0.768455,-0.370732,0.469056,-4.066630,143.321838,12.866993,0.076345,0.913988,-0.001452,0.398492,-12.815845,124.234093,14.995575,0.317766,-0.482164,0.417896,-0.701360,-25.810709,126.915382,0.878905,0.396812,-0.506849,0.340745,-0.685228,-20.886232,103.252220,-10.010105,0.483613,-0.501457,0.252146,-0.671626,-15.411167,84.515930,-19.153753,-0.030448,0.845340,-0.126105,0.518238,-8.095610,124.468246,20.752268,0.595312,0.798286,0.026068,0.087548,0.835714,127.997765,37.578140,0.532400,0.811392,0.216391,0.106620,8.149193,102.680397,40.460808,0.527797,0.744030,0.386030,0.137227,17.168444,82.677544,39.199413,0.052294,0.884031,0.188803,0.424392,-11.706868,84.698357,9.109771,0.082253,0.931451,-0.030377,0.353143,-9.290356,51.789654,-4.371201,-0.041545,0.936536,0.011097,0.347923,-17.144896,7.516858,-4.438825,-0.143966,0.883964,-0.021242,0.444332,0.041811,84.992729,23.576187,-0.014886,0.869168,-0.160985,0.467342,8.441290,50.857555,29.475140,-0.017864,0.869528,-0.036003,0.492246,2.839016,8.243897,42.683830,-0.041545,0.936536,0.011097,0.347923,-7.529779,2.176412,-14.980775,-0.017864,0.869528,-0.036003,0.492246,14.797018,1.576541,36.001316
1060,8.833333,-0.003068,0.902817,-0.011042,0.429873,-5.748275,84.826805,16.436941,-0.072011,0.898930,0.083125,0.424064,-5.718059,92.466599,16.264423,-0.012373,0.903918,-0.011104,0.427383,-9.387549,110.373222,17.886175,0.076785,0.869310,-0.172249,0.456875,-9.647709,130.565796,17.266926,0.225988,0.769801,-0.371620,0.467155,-4.014581,143.294235,12.979393,0.075598,0.913935,-0.001463,0.398756,-12.748687,124.206581,15.137443,0.320406,-0.483622,0.415692,-0.700464,-25.739801,126.861099,1.012269,0.397298,-0.510942,0.339249,-0.682644,-20.792542,103.207382,-9.886938,0.482235,-0.506827,0.249185,-0.669689,-15.447442,84.452156,-19.123030,-0.030866,0.845173,-0.126520,0.518385,-8.023716,124.443878,20.890118,0.595442,0.797983,0.026297,0.089332,0.900703,127.995941,37.714905,0.534215,0.810137,0.215223,0.109411,8.189227,102.679047,40.664227,0.528269,0.744020,0.384245,0.140431,17.089819,82.635910,39.507435,0.052839,0.884200,0.188479,0.424115,-11.623147,84.686707,9.204025,0.082986,0.931522,-0.029541,0.352855,-9.255142,51.773365,-4.274220,-0.041497,0.936547,0.011563,0.347885,-17.144272,7.506952,-4.432802,-0.141713,0.884096,-0.023562,0.444676,0.126597,84.966896,23.669857,-0.014879,0.869932,-0.159428,0.466454,8.311403,50.793255,29.647282,-0.018588,0.869778,-0.032548,0.492018,2.787820,8.134707,42.743744,-0.041497,0.936547,0.011563,0.347885,-7.529166,2.178272,-14.980708,-0.018588,0.869778,-0.032548,0.492018,14.771035,1.558422,36.016296
1061,8.841667,-0.002838,0.902792,-0.010748,0.429933,-5.646184,84.811523,16.535494,-0.072086,0.898845,0.084719,0.423915,-5.614715,92.451439,16.368555,-0.012717,0.903955,-0.011328,0.427288,-9.312702,110.357025,18.042717,0.076415,0.869657,-0.172855,0.456047,-9.581618,130.549042,17.409369,0.223805,0.771059,-0.372474,0.465449,-3.955183,143.271759,13.096115,0.075185,0.913948,-0.001580,0.398804,-12.680314,124.187019,15.284975,0.323578,-0.484876,0.413541,-0.699411,-25.672352,126.825119,1.157561,0.398107,-0.515203,0.337268,-0.679946,-20.694946,103.171516,-9.728144,0.481179,-0.512517,0.245571,-0.667449,-15.476174,84.406487,-19.060131,-0.031078,0.845087,-0.127029,0.518388,-7.954268,124.430359,21.036518,0.596234,0.797297,0.025921,0.090283,0.969514,127.999512,37.858044,0.535309,0.809578,0.213159,0.112212,8.198955,102.671288,40.855080,0.530265,0.743277,0.381715,0.143710,17.021990,82.583664,39.833267,0.053884,0.884236,0.188051,0.424099,-11.520111,84.677650,9.301688,0.083543,0.931388,-0.028821,0.353137,-9.231287,51.760757,-4.181581,-0.041790,0.936601,0.011905,0.347693,-17.143936,7.498905,-4.420646,-0.139212,0.884358,-0.026333,0.444790,0.227743,84.945389,23.769300,-0.014997,0.870843,-0.157604,0.465370,8.169462,50.731529,29.843784,-0.019242,0.870166,-0.028806,0.491539,2.748222,8.021280,42.813892,-0.041790,0.936601,0.011905,0.347693,-7.529059,2.182207,-14.974814,-0.019242,0.870166,-0.028806,0.491539,14.753169,1.541940,36.031345
1062,8.850000,-0.002820,0.902819,-0.010844,0.429874,-5.551263,84.798027,16.643763,-0.072013,0.898931,0.085665,0.423554,-5.518923,92.437912,16.475603,-0.012840,0.904150,-0.011080,0.426878,-9.229456,110.343346,18.183844,0.075822,0.870213,-0.173122,0.454983,-9.507452,130.535477,17.557560,0.221882,0.772202,-0.373496,0.463653,-3.898719,143.258209,13.221407,0.074772,0.914100,-0.002023,0.398530,-12.605415,124.172852,15.433860,0.327090,-0.485931,0.411360,-0.698331,-25.608313,126.789940,1.312539,0.399332,-0.519437,0.334852,-0.677195,-20.589785,103.132210,-9.545276,0.480334,-0.518745,0.241297,-0.664800,-15.486181,84.363297,-18.970886,-0.031247,0.844684,-0.127308,0.518966,-7.874202,124.416245,21.181149,0.596099,0.797239,0.025963,0.091665,1.025964,127.998901,38.012302,0.537008,0.808509,0.211502,0.114905,8.250572,102.676102,41.066334,0.530215,0.743889,0.379398,0.146826,16.967510,82.534615,40.157978,0.054613,0.884279,0.188149,0.423872,-11.426139,84.663689,9.410739,0.083987,0.931289,-0.027681,0.353386,-9.183500,51.755096,-4.100502,-0.041657,0.936829,0.012049,0.347089,-17.097013,7.494140,-4.451289,-0.136780,0.884357,-0.029006,0.445380,0.323612,84.932365,23.876785,-0.015255,0.871571,-0.155737,0.464625,8.025999,50.681179,30.048370,-0.019720,0.870615,-0.025316,0.490917,2.714511,7.919020,42.892231,-0.041657,0.936829,0.012049,0.347089,-7.496726,2.179213,-15.019615,-0.019720,0.870615,-0.025316,0.490917,14.735061,1.528431,36.053352
1063,8.858333,-0.002509,0.902622,-0.010640,0.430296,-5.447071,84.795937,16.744112,-0.072270,0.898770,0.087225,0.423535,-5.411706,92.435913,16.580824,-0.012672,0.904195,-0.010993,0.426790,-9.154531,110.330162,18.336126,0.075045,0.870904,-0.173150,0.453777,-9.427940,130.522537,17.715929,0.220193,0.773602,-0.374421,0.461371,-3.845157,143.249512,13.358742,0.074590,0.914182,-0.001949,0.398376,-12.527808,124.161278,15.590943,0.334412,-0.489180,0.405795,-0.695846,-25.536516,126.773300,1.474032,0.403247,-0.524669,0.331790,-0.672331,-20.444870,103.128799,-9.378567,0.480946,-0.524405,0.237188,-0.661387,-15.486139,84.328552,-18.849615,-0.031150,0.844592,-0.127718,0.519020,-7.795402,124.401855,21.337370,0.596542,0.796839,0.025340,0.092429,1.102808,127.989754,38.168449,0.538342,0.807958,0.208859,0.117343,8.291970,102.662888,41.271923,0.532580,0.743329,0.376214,0.149280,16.915342,82.491104,40.497952,0.055735,0.884181,0.187427,0.424251,-11.315209,84.668388,9.505497,0.084593,0.931309,-0.026796,0.353256,-9.159665,51.749275,-3.994289,-0.041626,0.936873,0.012301,0.346966,-17.095631,7.493171,-4.437433,-0.134517,0.884672,-0.032185,0.445224,0.421068,84.923485,23.982725,-0.014813,0.873544,-0.153731,0.461594,7.883284,50.642418,30.282143,-0.020795,0.871171,-0.022369,0.490030,2.665504,7.823271,42.973625,-0.041626,0.936873,0.012301,0.346966,-7.497727,2.184469,-15.011051,-0.020795,0.871171,-0.022369,0.490030,14.700363,1.517118,36.081738
1064,8.866667,-0.002361,0.902557,-0.010783,0.430429,-5.341894,84.788872,16.864178,-0.072732,0.898749,0.087980,0.423344,-5.303523,92.428810,16.699911,-0.012525,0.904328,-0.010574,0.426524,-9.073223,110.318520,18.473677,0.074572,0.871497,-0.173193,0.452699,-9.348666,130.511414,17.871399,0.218415,0.774883,-0.375194,0.459436,-3.783527,143.240570,13.498065,0.074668,0.914488,-0.002196,0.397658,-12.449286,124.151756,15.742683,0.336024,-0.487944,0.406620,-0.695456,-25.479694,126.763702,1.645795,0.403398,-0.528197,0.328776,-0.670958,-20.359562,103.077400,-9.101736,0.480930,-0.530976,0.231991,-0.657990,-15.471008,84.302727,-18.702953,-0.031482,0.844872,-0.127078,0.518701,-7.713448,124.387672,21.486473,0.597043,0.796359,0.024226,0.093624,1.196776,127.972321,38.311882,0.539794,0.807323,0.206389,0.119401,8.342421,102.643394,41.498055,0.533676,0.743659,0.372858,0.152110,16.868855,82.445534,40.839478,0.056932,0.884002,0.186986,0.424659,-11.207912,84.662659,9.623825,0.085244,0.930833,-0.026016,0.354411,-9.135021,51.741386,-3.883655,-0.041790,0.936905,0.012439,0.346855,-17.099827,7.491523,-4.422812,-0.131667,0.884569,-0.034833,0.446082,0.524125,84.915085,24.104530,-0.014835,0.874933,-0.151613,0.459658,7.719392,50.592571,30.488258,-0.021744,0.871439,-0.019006,0.489653,2.619484,7.715294,43.030540,-0.041790,0.936905,0.012439,0.346855,-7.502284,2.188108,-14.999411,-0.021744,0.871439,-0.019006,0.489653,14.677519,1.502481,36.094536
1065,8.875000,-0.002039,0.902477,-0.011170,0.430589,-5.250871,84.784752,16.997982,-0.072923,0.898817,0.088541,0.423050,-5.205488,92.424583,16.830486,-0.012233,0.904547,-0.010190,0.426077,-8.988409,110.304626,18.620304,0.074706,0.872189,-0.172305,0.451681,-9.260090,130.498138,18.037256,0.216306,0.776405,-0.376276,0.456972,-3.708739,143.238068,13.677788,0.075134,0.914832,-0.002685,0.396773,-12.364207,124.141159,15.905668,0.344438,-0.491713,0.400403,-0.692285,-25.419128,126.763168,1.833351,0.408763,-0.532732,0.325063,-0.665916,-20.228722,103.086937,-8.902648,0.481280,-0.537437,0.226777,-0.654296,-15.439460,84.272789,-18.516441,-0.031458,0.844826,-0.127134,0.518764,-7.622589,124.370659,21.644947,0.597239,0.796105,0.023683,0.094664,1.285177,127.955902,38.471527,0.541110,0.806625,0.204053,0.122143,8.408027,102.628120,41.717281,0.534208,0.743947,0.370617,0.154301,16.842161,82.389839,41.195660,0.057834,0.883733,0.186780,0.425188,-11.114346,84.660797,9.755528,0.086047,0.931009,-0.024899,0.353833,-9.096352,51.741421,-3.764857,-0.041446,0.936966,0.012396,0.346733,-17.092886,7.498827,-4.418201,-0.129018,0.885152,-0.037478,0.445484,0.612604,84.908707,24.240435,-0.014291,0.876927,-0.149560,0.456537,7.563657,50.550606,30.702818,-0.022853,0.871612,-0.015921,0.489404,2.550407,7.616302,43.083920,-0.041446,0.936966,0.012396,0.346733,-7.501859,2.190460,-14.998227,-0.022853,0.871612,-0.015921,0.489404,14.633476,1.492900,36.112061
1066,8.883333,-0.001962,0.902283,-0.011425,0.430988,-5.141131,84.775909,17.137922,-0.073708,0.898778,0.088950,0.422911,-5.092936,92.415657,16.967449,-0.011845,0.904701,-0.009734,0.425771,-8.910524,110.302528,18.760214,0.074187,0.872818,-0.172450,0.450496,-9.176080,130.496796,18.200583,0.214768,0.777683,-0.376747,0.455134,-3.642975,143.237823,13.821218,0.075206,0.915104,-0.003070,0.396130,-12.283722,124.143257,16.063824,0.349165,-0.492248,0.398578,-0.690588,-25.358004,126.762749,2.009010,0.411736,-0.535929,0.321682,-0.663154,-20.118231,103.056213,-8.635761,0.482098,-0.543357,0.221510,-0.650598,-15.380387,84.244873,-18.300030,-0.031165,0.844887,-0.126960,0.518725,-7.538071,124.364624,21.800093,0.597415,0.795853,0.023243,0.095773,1.371966,127.936661,38.628284,0.542437,0.806016,0.201324,0.124778,8.472494,102.610275,41.933277,0.536180,0.743655,0.367573,0.156136,16.811020,82.340607,41.554787,0.059035,0.883278,0.186648,0.426025,-10.998209,84.651138,9.890306,0.086900,0.931386,-0.023860,0.352704,-9.046833,51.738255,-3.655670,-0.041189,0.937042,0.012411,0.346557,-17.082211,7.504365,-4.413491,-0.126521,0.885776,-0.039912,0.444747,0.715947,84.900688,24.385538,-0.013962,0.879178,-0.147235,0.452961,7.439926,50.510536,30.917316,-0.024028,0.871960,-0.013081,0.488813,2.546290,7.513353,43.126869,-0.041189,0.937042,0.012411,0.346557,-7.497829,2.193482,-14.998281,-0.024028,0.871960,-0.013081,0.488813,14.647765,1.474370,36.113411
1067,8.891667,-0.001672,0.902052,-0.011907,0.431460,-5.045050,84.761665,17.289661,-0.073996,0.898727,0.088933,0.422972,-4.989579,92.401260,17.114485,-0.011579,0.904766,-0.009130,0.425654,-8.818332,110.295448,18.902748,0.073936,0.873324,-0.172631,0.449486,-9.084620,130.490417,18.369789,0.212911,0.779139,-0.376936,0.453354,-3.561790,143.230515,13.974759,0.075665,0.915443,-0.003406,0.395255,-12.192664,124.139618,16.225519,0.353884,-0.492864,0.396912,-0.688703,-25.291082,126.771370,2.195507,0.415132,-0.538700,0.318248,-0.660444,-20.013241,103.030777,-8.354120,0.483291,-0.548910,0.215913,-0.646923,-15.305820,84.213234,-18.056141,-0.030821,0.844916,-0.126969,0.518697,-7.445447,124.353577,21.960768,0.597325,0.795768,0.022928,0.097109,1.466545,127.914429,38.790287,0.543576,0.805266,0.199442,0.127652,8.559083,102.594521,42.161301,0.537549,0.743084,0.365493,0.159003,16.806694,82.299660,41.915123,0.060056,0.882819,0.186648,0.426834,-10.894552,84.637810,10.035918,0.087815,0.931508,-0.022863,0.352220,-8.994777,51.733589,-3.538395,-0.040838,0.937108,0.012526,0.346416,-17.075087,7.509872,-4.404689,-0.123807,0.886262,-0.042031,0.444348,0.804452,84.885529,24.543407,-0.013438,0.881097,-0.145046,0.449944,7.295320,50.459312,31.120876,-0.025795,0.871987,-0.010134,0.488745,2.491122,7.403293,43.157394,-0.040838,0.937108,0.012526,0.346416,-7.497266,2.198132,-14.994976,-0.025795,0.871987,-0.010134,0.488745,14.625959,1.460479,36.119480
1068,8.900000,-0.001489,0.901847,-0.012100,0.431883,-4.938482,84.746445,17.443413,-0.074658,0.898554,0.089269,0.423153,-4.879136,92.385979,17.266808,-0.011176,0.904722,-0.008883,0.425764,-8.737857,110.287178,19.056089,0.073732,0.873874,-0.172318,0.448569,-8.993614,130.482697,18.539070,0.211176,0.780730,-0.377080,0.451305,-3.485214,143.228043,14.141130,0.076448,0.915836,-0.004145,0.394185,-12.104421,124.135193,16.389032,0.357988,-0.492900,0.395823,-0.687181,-25.230942,126.784721,2.388653,0.418443,-0.540729,0.315180,-0.658164,-19.909195,103.007889,-8.056798,0.485350,-0.552933,0.210626,-0.643691,-15.208533,84.179382,-17.781641,-0.030690,0.845202,-0.126402,0.518377,-7.358456,124.342171,22.125574,0.597687,0.795406,0.022114,0.098034,1.566713,127.886116,38.951683,0.544455,0.804532,0.198092,0.130600,8.626760,102.565514,42.385223,0.536726,0.743352,0.364159,0.163528,16.797783,82.242424,42.263386,0.060899,0.882598,0.186683,0.427155,-10.781203,84.624023,10.184181,0.088911,0.931618,-0.021949,0.351711,-8.928144,51.728012,-3.416450,-0.040613,0.937164,0.012540,0.346290,-17.071224,7.518032,-4.389743,-0.120768,0.886905,-0.044046,0.443705,0.904239,84.868866,24.702644,-0.013044,0.883041,-0.143053,0.446770,7.146855,50.402035,31.307650,-0.027425,0.872091,-0.006989,0.488526,2.435242,7.293448,43.191643,-0.040613,0.937164,0.012540,0.346290,-7.498568,2.204146,-14.983627,-0.027425,0.872091,-0.006989,0.488526,14.600092,1.449790,36.122585
1069,8.908333,-0.001418,0.901559,-0.012361,0.432477,-4.831728,84.726898,17.602575,-0.075037,0.898503,0.089193,0.423209,-4.769560,92.366341,17.422888,-0.010878,0.904799,-0.008517,0.425614,-8.641020,110.272011,19.204035,0.073425,0.874500,-0.171997,0.447521,-8.892256,130.468048,18.705551,0.209551,0.782348,-0.376896,0.449410,-3.401739,143.219345,14.302503,0.077287,0.916259,-0.004634,0.393033,-12.005272,124.123253,16.550772,0.361809,-0.493156,0.394984,-0.685477,-25.161951,126.796547,2.583252,0.422226,-0.541665,0.312435,-0.656284,-19.818405,102.981209,-7.762876,0.486783,-0.557135,0.205551,-0.640618,-15.082805,84.134323,-17.477249,-0.030411,0.845246,-0.126078,0.518401,-7.257307,124.323868,22.285887,0.597774,0.795227,0.021740,0.099037,1.667555,127.852341,39.115417,0.545452,0.803877,0.196041,0.133539,8.711637,102.534554,42.602043,0.537960,0.742814,0.362190,0.166269,16.794479,82.195084,42.620354,0.062142,0.881994,0.186704,0.428213,-10.664882,84.603447,10.335666,0.089860,0.931538,-0.021080,0.351737,-8.872650,51.718903,-3.300802,-0.040368,0.937178,0.012704,0.346275,-17.067190,7.520828,-4.377278,-0.117815,0.887244,-0.045662,0.443659,1.001425,84.850349,24.869484,-0.013446,0.884357,-0.140690,0.444903,7.009177,50.343628,31.483994,-0.028661,0.872347,-0.003885,0.488031,2.449563,7.175708,43.210869,-0.040368,0.937178,0.012704,0.346275,-7.496995,2.208661,-14.974252,-0.028661,0.872347,-0.003885,0.488031,14.635158,1.424616,36.101730
1070,8.916667,-0.001292,0.901262,-0.012806,0.433084,-4.735743,84.706375,17.773495,-0.074950,0.898399,0.089279,0.423428,-4.668782,92.345642,17.588551,-0.011016,0.904747,-0.008499,0.425722,-8.540790,110.258911,19.373734,0.073175,0.874964,-0.171872,0.446703,-8.797326,130.454834,18.873508,0.207946,0.783935,-0.376604,0.447631,-3.319526,143.209198,14.463454,0.077815,0.916623,-0.005121,0.392073,-11.908127,124.109032,16.718519,0.364863,-0.492656,0.394760,-0.684347,-25.090822,126.794960,2.777985,0.425262,-0.542116,0.310502,-0.654867,-19.711718,102.941277,-7.460838,0.489266,-0.558896,0.201982,-0.638324,-14.945279,84.089813,-17.148691,-0.029595,0.845216,-0.126576,0.518376,-7.161579,124.311401,22.454744,0.597603,0.795142,0.022474,0.100576,1.766191,127.822968,39.286263,0.546254,0.803171,0.194369,0.136910,8.804826,102.509392,42.814274,0.539301,0.742264,0.359765,0.169608,16.804712,82.151619,42.979935,0.063286,0.881364,0.186851,0.429279,-10.559102,84.581299,10.498767,0.090793,0.931279,-0.020244,0.352231,-8.817259,51.710869,-3.178210,-0.039968,0.937237,0.012827,0.346158,-17.062239,7.524836,-4.358749,-0.114966,0.888061,-0.047012,0.442629,1.087617,84.831444,25.048225,-0.013313,0.885961,-0.138951,0.442255,6.882613,50.286366,31.652308,-0.031132,0.872673,-0.001396,0.487309,2.417063,7.074401,43.252476,-0.039968,0.937237,0.012827,0.346158,-7.498532,2.211577,-14.961030,-0.031132,0.872673,-0.001396,0.487309,14.628570,1.418733,36.111324
1071,8.925000,-0.001261,0.901014,-0.013289,0.433584,-4.641469,84.689156,17.938831,-0.075184,0.898263,0.089290,0.423672,-4.570780,92.328232,17.747478,-0.010473,0.904692,-0.008353,0.425856,-8.452102,110.244576,19.528704,0.073095,0.875397,-0.171639,0.445957,-8.691235,130.441071,19.043137,0.206071,0.785510,-0.376299,0.445991,-3.222852,143.198883,14.631428,0.079024,0.917052,-0.006175,0.390810,-11.806819,124.099495,16.882601,0.367658,-0.491860,0.394946,-0.683315,-25.020500,126.813957,2.976973,0.427904,-0.541753,0.309292,-0.654019,-19.607670,102.917633,-7.143936,0.491629,-0.559084,0.199772,-0.637037,-14.788887,84.046043,-16.793745,-0.029611,0.845274,-0.126339,0.518337,-7.061796,124.293610,22.620373,0.597754,0.794968,0.021772,0.101205,1.867499,127.800835,39.451988,0.546889,0.802607,0.192807,0.139855,8.889832,102.489426,43.027668,0.537998,0.742891,0.358717,0.173185,16.827566,82.097374,43.325481,0.064158,0.880824,0.186821,0.430268,-10.456763,84.560577,10.657714,0.091842,0.931477,-0.019051,0.351500,-8.755007,51.697289,-3.041456,-0.039657,0.937288,0.013004,0.346047,-17.050457,7.524267,-4.348722,-0.112285,0.888677,-0.048258,0.441945,1.173824,84.817726,25.219950,-0.013268,0.887466,-0.137291,0.439749,6.767021,50.237656,31.814951,-0.032482,0.873058,0.001012,0.486532,2.396636,6.984338,43.296654,-0.039657,0.937288,0.013004,0.346047,-7.492034,2.212276,-14.956400,-0.032482,0.873058,0.001012,0.486532,14.620906,1.406145,36.116508
1072,8.933333,-0.001594,0.900817,-0.013673,0.433981,-4.547139,84.673302,18.112228,-0.075017,0.898238,0.089192,0.423776,-4.478392,92.312210,17.913414,-0.010104,0.904705,-0.008318,0.425838,-8.354400,110.236969,19.694317,0.073090,0.875907,-0.171250,0.445105,-8.580660,130.433792,19.216377,0.204305,0.787153,-0.376022,0.444137,-3.122376,143.196671,14.806784,0.079796,0.917428,-0.007170,0.389753,-11.700376,124.095024,17.053570,0.369916,-0.491190,0.395394,-0.682318,-24.941257,126.823334,3.176548,0.430729,-0.540345,0.308755,-0.653583,-19.512285,102.885902,-6.838050,0.494416,-0.557790,0.198510,-0.636410,-14.612019,83.992157,-16.411230,-0.029321,0.845264,-0.126339,0.518371,-6.955008,124.283958,22.791233,0.597695,0.794858,0.022571,0.102232,1.973584,127.781845,39.625168,0.547324,0.802195,0.190625,0.143463,8.988541,102.470848,43.218250,0.543391,0.739465,0.356322,0.175929,16.846878,82.092567,43.688000,0.064998,0.880278,0.187028,0.431168,-10.355997,84.535950,10.826135,0.092957,0.931466,-0.018028,0.351292,-8.686076,51.685925,-2.908708,-0.039202,0.937315,0.013112,0.346024,-17.042118,7.528019,-4.335210,-0.109996,0.889933,-0.049391,0.439865,1.261720,84.810654,25.398323,-0.012878,0.889065,-0.135774,0.436993,6.691441,50.202213,31.981077,-0.033487,0.873505,0.003048,0.485653,2.385402,6.910738,43.342628,-0.039202,0.937315,0.013112,0.346024,-7.488693,2.214040,-14.946397,-0.033487,0.873505,0.003048,0.485653,14.615139,1.396034,36.122852
1073,8.941667,-0.001979,0.900581,-0.014065,0.434457,-4.457873,84.668900,18.274767,-0.074579,0.898061,0.089178,0.424230,-4.391724,92.307617,18.068035,-0.009850,0.904509,-0.008231,0.426261,-8.254647,110.237679,19.853752,0.072922,0.876317,-0.171156,0.444361,-8.472896,130.434769,19.383263,0.202901,0.788766,-0.375484,0.442370,-3.024501,143.199829,14.967736,0.080676,0.917860,-0.008033,0.388535,-11.592961,124.097992,17.215134,0.371446,-0.489516,0.396568,-0.682009,-24.865129,126.846252,3.371978,0.432609,-0.538463,0.309168,-0.653699,-19.398409,102.865997,-6.518859,0.497249,-0.555281,0.199092,-0.636215,-14.417498,83.937019,-16.014851,-0.029062,0.845299,-0.126238,0.518353,-6.852890,124.282967,22.957302,0.597501,0.794867,0.023018,0.103194,2.077023,127.770294,39.792728,0.547938,0.801379,0.189518,0.147103,9.093816,102.463600,43.412476,0.542629,0.739503,0.355081,0.180574,16.876703,82.059761,44.025997,0.065659,0.879768,0.186739,0.432233,-10.259000,84.521790,10.982703,0.094000,0.931911,-0.016515,0.349906,-8.622894,51.670219,-2.752512,-0.038511,0.937401,0.013408,0.345857,-17.020216,7.525152,-4.326341,-0.108344,0.891284,-0.050620,0.437393,1.343253,84.816010,25.566828,-0.012140,0.890680,-0.134217,0.434197,6.648925,50.190605,32.161530,-0.033601,0.873893,0.004969,0.484930,2.380570,6.859639,43.385956,-0.038511,0.937401,0.013408,0.345857,-7.477005,2.211536,-14.946895,-0.033601,0.873893,0.004969,0.484930,14.608720,1.393044,36.127007
1074,8.950000,-0.002852,0.900468,-0.014414,0.434674,-4.365678,84.671852,18.439919,-0.074092,0.897907,0.089483,0.424578,-4.309168,92.310349,18.222601,-0.009517,0.904324,-0.008231,0.426662,-8.164821,110.256767,20.026155,0.073601,0.876585,-0.171029,0.443770,-8.370676,130.454117,19.561300,0.201154,0.790447,-0.375273,0.440341,-2.910957,143.216827,15.153003,0.081377,0.918067,-0.009240,0.387872,-11.492567,124.119804,17.388571,0.373048,-0.488037,0.397929,-0.681401,-24.780252,126.875732,3.561841,0.434685,-0.535458,0.310366,-0.654222,-19.294231,102.846741,-6.199157,0.499244,-0.551973,0.200574,-0.637065,-14.203125,83.876953,-15.575178,-0.028779,0.845543,-0.126148,0.517993,-6.757498,124.300323,23.135004,0.597950,0.794445,0.023598,0.103713,2.187500,127.775070,39.965015,0.547653,0.801211,0.188055,0.150905,9.170134,102.459023,43.585373,0.541938,0.739521,0.354123,0.184413,16.919893,82.040100,44.368549,0.066319,0.879420,0.186807,0.432810,-10.163200,84.507210,11.145368,0.094978,0.932019,-0.015371,0.349405,-8.557053,51.663651,-2.612521,-0.037928,0.937496,0.013368,0.345666,-17.000637,7.531938,-4.308564,-0.106578,0.892169,-0.051454,0.435922,1.431843,84.836487,25.734468,-0.011616,0.891979,-0.132849,0.431961,6.611409,50.190102,32.319195,-0.033892,0.874297,0.006063,0.484169,2.382602,6.825179,43.426830,-0.037928,0.937496,0.013368,0.345666,-7.468046,2.210921,-14.934945,-0.033892,0.874297,0.006063,0.484169,14.606168,1.388989,36.137398
1075,8.958333,-0.003481,0.900423,-0.014866,0.434748,-4.287516,84.685303,18.598547,-0.073542,0.897896,0.089309,0.424733,-4.236647,92.323540,18.370836,-0.009083,0.904264,-0.008163,0.426798,-8.070127,110.265968,20.175947,0.073214,0.876987,-0.171042,0.443033,-8.261223,130.463699,19.721022,0.199923,0.791716,-0.374720,0.439092,-2.815423,143.228455,15.301448,0.082354,0.918341,-0.010135,0.386994,-11.387040,124.132713,17.544214,0.374289,-0.486037,0.399758,-0.681080,-24.694899,126.911148,3.741412,0.436509,-0.532095,0.311904,-0.655019,-19.182896,102.830490,-5.876599,0.502047,-0.547633,0.203271,-0.637752,-13.976324,83.824371,-15.122941,-0.028753,0.845485,-0.125843,0.518162,-6.653580,124.306961,23.292166,0.597695,0.794567,0.023884,0.104178,2.284671,127.775528,40.127037,0.548170,0.800619,0.186159,0.154478,9.278337,102.464172,43.758900,0.541689,0.739567,0.352594,0.187858,16.952837,82.032272,44.704052,0.067074,0.878917,0.186341,0.433916,-10.083776,84.506416,11.303328,0.095738,0.932166,-0.013822,0.348870,-8.522285,51.657635,-2.447242,-0.037090,0.937593,0.013625,0.345482,-16.981476,7.534883,-4.292171,-0.105413,0.893484,-0.052310,0.433403,1.508743,84.864189,25.893766,-0.010715,0.893305,-0.131541,0.429637,6.606899,50.206532,32.482700,-0.033744,0.874663,0.006876,0.483507,2.385410,6.808689,43.463821,-0.037090,0.937593,0.013625,0.345482,-7.461128,2.211674,-14.928431,-0.033744,0.874663,0.006876,0.483507,14.600283,1.389830,36.146969
1076,8.966667,-0.003997,0.900340,-0.015490,0.434894,-4.219427,84.692169,18.749996,-0.072629,0.897711,0.089635,0.425212,-4.171468,92.330063,18.510281,-0.008874,0.903989,-0.008211,0.427385,-7.983425,110.287201,20.339806,0.073673,0.877302,-0.170515,0.442535,-8.165758,130.485046,19.886612,0.198717,0.793244,-0.374557,0.437016,-2.718116,143.253952,15.481350,0.083546,0.918566,-0.011568,0.386164,-11.291305,124.155548,17.705122,0.375242,-0.483466,0.401783,-0.681194,-24.616367,126.956001,3.923379,0.438012,-0.528219,0.314281,-0.656017,-19.058247,102.826393,-5.544232,0.503957,-0.542984,0.206107,-0.639309,-13.733718,83.764336,-14.643745,-0.028262,0.845600,-0.125884,0.517992,-6.565252,124.327324,23.459242,0.597445,0.794498,0.025847,0.105659,2.380922,127.779892,40.293198,0.547876,0.800154,0.185606,0.158544,9.373930,102.468384,43.925240,0.540563,0.739842,0.351220,0.192535,17.006632,82.029282,45.024986,0.067442,0.878728,0.186102,0.434343,-10.013245,84.499535,11.453184,0.096595,0.932293,-0.012442,0.348346,-8.475611,51.647949,-2.293380,-0.036337,0.937685,0.013886,0.345303,-16.963900,7.536763,-4.276186,-0.104630,0.894023,-0.052651,0.432438,1.574391,84.884796,26.046806,-0.009783,0.894285,-0.130436,0.427954,6.619815,50.217976,32.628105,-0.033659,0.874939,0.007585,0.483002,2.386749,6.792387,43.494492,-0.036337,0.937685,0.013886,0.345303,-7.454802,2.212381,-14.921922,-0.033659,0.874939,0.007585,0.483002,14.595681,1.389353,36.156044
1077,8.975000,-0.005030,0.900456,-0.015959,0.434626,-4.133431,84.719681,18.903147,-0.072374,0.897645,0.089619,0.425398,-4.096652,92.357208,18.650101,-0.008339,0.903845,-0.008062,0.427702,-7.899838,110.313377,20.482126,0.073670,0.877612,-0.170540,0.441911,-8.065061,130.511688,20.043579,0.197688,0.794439,-0.374185,0.435629,-2.621128,143.280273,15.632764,0.084323,0.918749,-0.012590,0.385528,-11.194333,124.186394,17.855265,0.376215,-0.480870,0.404188,-0.681072,-24.533369,127.000153,4.089758,0.440025,-0.523963,0.316385,-0.657071,-18.945322,102.813133,-5.212285,0.506797,-0.538346,0.209467,-0.639893,-13.482340,83.707520,-14.148251,-0.027887,0.845645,-0.125719,0.517979,-6.472187,124.350037,23.612827,0.596963,0.794705,0.026810,0.106582,2.475337,127.787003,40.449257,0.548004,0.799578,0.184621,0.162116,9.488492,102.482544,44.091511,0.539327,0.740246,0.349991,0.196644,17.063496,82.034889,45.334347,0.068259,0.878650,0.185472,0.434643,-9.931417,84.505974,11.610233,0.097217,0.932570,-0.010702,0.347489,-8.460084,51.645599,-2.122574,-0.035413,0.937743,0.014066,0.345232,-16.947550,7.541630,-4.263025,-0.103721,0.894197,-0.052960,0.432261,1.664553,84.933388,26.196060,-0.009322,0.895085,-0.128838,0.426776,6.644466,50.255375,32.768341,-0.033319,0.875208,0.007640,0.482538,2.450157,6.791732,43.496727,-0.035413,0.937743,0.014066,0.345232,-7.449273,2.212283,-14.915932,-0.033319,0.875208,0.007640,0.482538,14.648159,1.384795,36.142994
1078,8.983333,-0.005052,0.900448,-0.016917,0.434605,-4.087080,84.732338,19.049744,-0.071632,0.897458,0.089893,0.425860,-4.044240,92.369377,18.783379,-0.007722,0.903570,-0.008163,0.428293,-7.831801,110.344788,20.636059,0.074122,0.877864,-0.170465,0.441363,-7.972467,130.543442,20.204359,0.196684,0.795805,-0.373924,0.433809,-2.521824,143.310303,15.796894,0.085433,0.918850,-0.014098,0.384990,-11.106367,124.222626,18.009722,0.376952,-0.477977,0.406681,-0.681216,-24.454142,127.053978,4.256300,0.441733,-0.519304,0.319287,-0.658218,-18.826210,102.812828,-4.879307,0.509712,-0.532492,0.213970,-0.640986,-13.227140,83.642754,-13.635757,-0.027053,0.845785,-0.126053,0.517713,-6.391602,124.378647,23.773540,0.596834,0.794603,0.027754,0.107823,2.568340,127.793839,40.607796,0.547832,0.799188,0.184248,0.165021,9.575603,102.490929,44.272083,0.537216,0.741242,0.348795,0.200754,17.118832,82.033775,45.624146,0.068478,0.878731,0.185177,0.434571,-9.885402,84.510513,11.757340,0.097855,0.933116,-0.008970,0.345887,-8.438299,51.644485,-1.964492,-0.034577,0.937787,0.014111,0.345196,-16.928648,7.548639,-4.255576,-0.103223,0.894390,-0.053128,0.431959,1.711241,84.954155,26.342144,-0.008412,0.896040,-0.127680,0.425135,6.656791,50.270069,32.908302,-0.033153,0.875382,0.008231,0.482224,2.453230,6.778258,43.518284,-0.034577,0.937787,0.014111,0.345196,-7.439925,2.211674,-14.913179,-0.033153,0.875382,0.008231,0.482224,14.647116,1.383273,36.148964
1079,8.991667,-0.005424,0.900420,-0.017512,0.434636,-4.016565,84.752602,19.192673,-0.071531,0.897445,0.089802,0.425923,-3.974876,92.389267,18.915649,-0.007104,0.903568,-0.007871,0.428314,-7.757686,110.365082,20.766621,0.074787,0.878223,-0.170015,0.440712,-7.880848,130.564285,20.356281,0.195715,0.797060,-0.373700,0.432134,-2.423343,143.333054,15.962829,0.086325,0.918950,-0.014999,0.384517,-11.020117,124.248520,18.154816,0.375327,-0.472975,0.411903,-0.682467,-24.376068,127.098808,4.413251,0.442067,-0.513927,0.322170,-0.660805,-18.722567,102.782486,-4.504185,0.513243,-0.526446,0.218309,-0.641699,-12.960197,83.584099,-13.106433,-0.026804,0.846008,-0.125677,0.517453,-6.305487,124.394356,23.919014,0.596484,0.794724,0.028300,0.108723,2.665430,127.792801,40.750813,0.547554,0.798898,0.183708,0.167923,9.684484,102.496323,44.436947,0.535946,0.741464,0.347957,0.204741,17.194273,82.048798,45.902493,0.069345,0.878608,0.184401,0.435012,-9.814318,84.519714,11.900163,0.098377,0.933617,-0.007045,0.344430,-8.439158,51.641762,-1.800495,-0.034172,0.937738,0.013984,0.345374,-16.916975,7.552359,-4.256091,-0.102432,0.894245,-0.053240,0.432434,1.781187,84.985489,26.485180,-0.007501,0.896924,-0.126578,0.423615,6.669970,50.290649,33.037045,-0.033209,0.875508,0.008380,0.481988,2.453027,6.772339,43.532433,-0.034172,0.937738,0.013984,0.345374,-7.428890,2.207937,-14.910521,-0.033209,0.875508,0.008380,0.481988,14.644191,1.381651,36.155468
1080,9.000000,-0.006054,0.900572,-0.017668,0.434305,-3.932243,84.771004,19.330666,-0.071673,0.897351,0.089890,0.426080,-3.898299,92.407478,19.047298,-0.006574,0.903424,-0.007788,0.428626,-7.687294,110.381149,20.898142,0.075147,0.878439,-0.169845,0.440284,-7.792396,130.580704,20.499960,0.194877,0.798132,-0.373277,0.430897,-2.330777,143.349533,16.111792,0.087764,0.919091,-0.016281,0.383803,-10.935691,124.269035,18.292490,0.377263,-0.470510,0.413439,-0.682174,-24.303188,127.152397,4.569061,0.444749,-0.509043,0.324905,-0.661445,-18.593571,102.787659,-4.178865,0.516657,-0.520116,0.223300,-0.642404,-12.685667,83.520226,-12.570617,-0.026462,0.846166,-0.125307,0.517303,-6.224938,124.407234,24.060043,0.596201,0.794772,0.028567,0.109846,2.752703,127.786484,40.892124,0.547077,0.798736,0.183705,0.170234,9.776657,102.497169,44.617863,0.534145,0.741908,0.347410,0.208730,17.271656,82.061005,46.165989,0.070349,0.878912,0.183855,0.434468,-9.735214,84.526367,12.042694,0.098725,0.934386,-0.005378,0.342268,-8.448513,51.644062,-1.656116,-0.033593,0.937811,0.013824,0.345241,-16.909748,7.558978,-4.242905,-0.101541,0.894130,-0.053222,0.432883,1.870728,85.015648,26.618635,-0.006617,0.897416,-0.125710,0.422844,6.700742,50.307716,33.144680,-0.033091,0.875549,0.008600,0.481918,2.454585,6.768590,43.541496,-0.033593,0.937811,0.013824,0.345241,-7.431315,2.204122,-14.900690,-0.033091,0.875549,0.008600,0.481918,14.644456,1.381594,36.159706
1081,9.008333,-0.006035,0.900356,-0.017960,0.434742,-3.864347,84.787163,19.453260,-0.071527,0.897215,0.090252,0.426314,-3.828056,92.423477,19.166025,-0.006061,0.903358,-0.007750,0.428775,-7.619666,110.401833,21.030718,0.075770,0.878765,-0.169375,0.439708,-7.706626,130.601669,20.642828,0.194194,0.799323,-0.372967,0.429262,-2.238897,143.372864,16.269171,0.088262,0.919034,-0.016771,0.383802,-10.854809,124.293938,18.431082,0.377788,-0.467054,0.416663,-0.682296,-24.218931,127.187538,4.706524,0.446784,-0.503638,0.327485,-0.662938,-18.479465,102.759598,-3.843351,0.520272,-0.513766,0.227619,-0.643079,-12.405483,83.454727,-12.033430,-0.026138,0.846460,-0.125035,0.516904,-6.145865,124.424980,24.200277,0.596053,0.794751,0.028640,0.110777,2.848422,127.786530,41.027008,0.546737,0.798563,0.183604,0.172235,9.870829,102.502274,44.789761,0.532318,0.742464,0.347230,0.211697,17.350296,82.071930,46.411087,0.071686,0.878925,0.182926,0.434615,-9.660249,84.540367,12.159739,0.098807,0.935661,-0.003436,0.338768,-8.484243,51.647316,-1.523215,-0.034398,0.937954,0.013438,0.344788,-16.902819,7.562146,-4.244243,-0.101068,0.893912,-0.053009,0.433471,1.931556,85.033966,26.746782,-0.005871,0.897405,-0.124849,0.423134,6.734222,50.317596,33.248096,-0.033095,0.875582,0.008998,0.481850,2.457298,6.758252,43.547127,-0.034398,0.937954,0.013438,0.344788,-7.427305,2.205109,-14.903527,-0.033095,0.875582,0.008998,0.481850,14.647949,1.381075,36.159466
1082,9.016667,-0.005747,0.900254,-0.018598,0.434931,-3.815387,84.786674,19.594894,-0.071755,0.897293,0.089597,0.426249,-3.770833,92.422684,19.300802,-0.004870,0.903503,-0.007463,0.428489,-7.562119,110.415756,21.141825,0.075510,0.879311,-0.169303,0.438687,-7.610697,130.616302,20.785057,0.193840,0.800264,-0.372425,0.428139,-2.156558,143.389938,16.401594,0.089130,0.919187,-0.017882,0.383186,-10.772318,124.318001,18.565590,0.378812,-0.463783,0.419192,-0.682412,-24.148788,127.226936,4.856311,0.448750,-0.498215,0.330209,-0.664355,-18.359905,102.745331,-3.504662,0.524027,-0.506502,0.233503,-0.643683,-12.122575,83.390709,-11.492705,-0.025678,0.846623,-0.124844,0.516705,-6.059524,124.431168,24.332022,0.595750,0.794821,0.028681,0.111888,2.943625,127.772995,41.157944,0.546359,0.798479,0.183422,0.174010,9.972016,102.497353,44.967094,0.530974,0.742868,0.347684,0.212908,17.437782,82.082748,46.655895,0.073193,0.878809,0.182294,0.434864,-9.608291,84.539482,12.299006,0.099067,0.937436,-0.001676,0.333761,-8.542499,51.645531,-1.390803,-0.035163,0.937856,0.013194,0.344987,-16.944376,7.564169,-4.222976,-0.100838,0.894131,-0.052520,0.433132,1.977517,85.033867,26.890785,-0.004686,0.898444,-0.124207,0.421127,6.783481,50.310516,33.352242,-0.033283,0.875758,0.009651,0.481505,2.458166,6.735664,43.565094,-0.035163,0.937856,0.013194,0.344987,-7.456975,2.208836,-14.872536,-0.033283,0.875758,0.009651,0.481505,14.647913,1.377021,36.162498
1083,9.025000,-0.005510,0.900211,-0.018875,0.435010,-3.761718,84.783493,19.719574,-0.071423,0.897326,0.089442,0.426268,-3.712038,92.419388,19.423244,-0.004596,0.903532,-0.007338,0.428434,-7.491568,110.422707,21.265190,0.076206,0.879617,-0.168719,0.438178,-7.532348,130.623428,20.917717,0.193232,0.801315,-0.372127,0.426704,-2.071174,143.400436,16.552908,0.090067,0.919348,-0.018904,0.382532,-10.696684,124.327377,18.695742,0.381253,-0.461559,0.420045,-0.682035,-24.086054,127.255547,5.003162,0.451877,-0.493059,0.332667,-0.664856,-18.226061,102.736366,-3.196599,0.528346,-0.498660,0.238941,-0.644280,-11.832438,83.324280,-10.957099,-0.025723,0.846973,-0.124416,0.516232,-5.983143,124.436066,24.461647,0.595772,0.794801,0.027505,0.112211,3.038863,127.768875,41.279255,0.545622,0.798864,0.183268,0.174716,10.062072,102.499458,45.139019,0.530038,0.742863,0.347752,0.215132,17.554497,82.090645,46.865440,0.074574,0.878748,0.181822,0.434950,-9.553378,84.538002,12.422639,0.099051,0.939091,0.000344,0.329085,-8.587301,51.646358,-1.280104,-0.035884,0.937979,0.012619,0.344598,-16.942108,7.564482,-4.240461,-0.100468,0.894235,-0.052102,0.433053,2.029943,85.028992,27.016508,-0.003854,0.898689,-0.123590,0.420795,6.826291,50.297207,33.439671,-0.033527,0.875833,0.010369,0.481336,2.460940,6.707966,43.573784,-0.035884,0.937979,0.012619,0.344598,-7.457610,2.201121,-14.888570,-0.033527,0.875833,0.010369,0.481336,14.653624,1.370442,36.160767
1084,9.033333,-0.005422,0.900113,-0.018948,0.435212,-3.705479,84.781845,19.837900,-0.071370,0.897322,0.089625,0.426248,-3.654038,92.417709,19.541174,-0.004125,0.903584,-0.007591,0.428324,-7.435234,110.422981,21.390377,0.076032,0.879995,-0.168737,0.437442,-7.454447,130.623703,21.041826,0.193051,0.802195,-0.371392,0.425774,-2.001925,143.401520,16.668526,0.091133,0.919502,-0.020112,0.381845,-10.626048,124.330940,18.820929,0.381819,-0.457719,0.423002,-0.682478,-24.028276,127.280281,5.145475,0.453567,-0.487480,0.334897,-0.666697,-18.113276,102.708115,-2.853735,0.532197,-0.491249,0.244058,-0.644885,-11.536226,83.250824,-10.433227,-0.025137,0.847069,-0.124417,0.516104,-5.911045,124.434891,24.585730,0.595362,0.795050,0.026833,0.112778,3.117244,127.747955,41.403877,0.545432,0.798856,0.183359,0.175248,10.159558,102.491119,45.310822,0.527256,0.744404,0.347775,0.216602,17.650909,82.089470,47.054596,0.076329,0.878500,0.181407,0.435320,-9.493895,84.537186,12.538362,0.098913,0.940245,0.002020,0.325809,-8.644461,51.653660,-1.191582,-0.036713,0.938049,0.011865,0.344348,-16.948864,7.569671,-4.260468,-0.099967,0.894402,-0.051450,0.432902,2.082936,85.026505,27.137440,-0.003067,0.899253,-0.123280,0.419686,6.869159,50.282742,33.503128,-0.033815,0.876002,0.010819,0.480998,2.464381,6.686110,43.588299,-0.036713,0.938049,0.011865,0.344348,-7.463509,2.194793,-14.902008,-0.033815,0.876002,0.010819,0.480998,14.656260,1.363555,36.163197
1085,9.041667,-0.005202,0.900001,-0.019081,0.435439,-3.654181,84.772003,19.954664,-0.071059,0.897294,0.089840,0.426314,-3.598753,92.407829,19.657574,-0.003871,0.903582,-0.007862,0.428326,-7.375497,110.424332,21.519684,0.076173,0.880313,-0.168675,0.436802,-7.380741,130.624969,21.165619,0.192671,0.803224,-0.370674,0.424628,-1.929480,143.402725,16.790545,0.091864,0.919641,-0.021285,0.381272,-10.556665,124.333786,18.946402,0.384247,-0.455421,0.423915,-0.682087,-23.970669,127.292778,5.284591,0.456358,-0.482216,0.337061,-0.667529,-17.985397,102.684273,-2.548944,0.536414,-0.482755,0.249973,-0.645540,-11.243133,83.181564,-9.914063,-0.024611,0.847030,-0.125017,0.516047,-5.841660,124.436058,24.711227,0.594690,0.795487,0.026479,0.113326,3.189915,127.743553,41.528694,0.545027,0.799087,0.183115,0.175708,10.268080,102.502632,45.473495,0.526640,0.744783,0.348033,0.216384,17.771149,82.109161,47.243954,0.078119,0.877970,0.181310,0.436111,-9.438954,84.529869,12.652156,0.098843,0.941243,0.003441,0.322925,-8.691491,51.663544,-1.124816,-0.037664,0.938047,0.010937,0.344281,-16.958103,7.579014,-4.286533,-0.099656,0.894920,-0.050890,0.431969,2.130593,85.014137,27.257172,-0.002138,0.899839,-0.122927,0.418539,6.921324,50.261860,33.572800,-0.034061,0.876124,0.011474,0.480745,2.467546,6.656999,43.600689,-0.037664,0.938047,0.010937,0.344281,-7.466931,2.189483,-14.915461,-0.034061,0.876124,0.011474,0.480745,14.660585,1.353969,36.163540
1086,9.050000,-0.005051,0.899864,-0.018752,0.435737,-3.599201,84.765854,20.048143,-0.070204,0.897159,0.090645,0.426568,-3.543790,92.401894,19.756598,-0.003968,0.903450,-0.008291,0.428594,-7.306677,110.423920,21.658499,0.076692,0.880469,-0.168414,0.436496,-7.307953,130.624252,21.287109,0.191930,0.804339,-0.370062,0.423386,-1.848948,143.402267,16.922457,0.092287,0.919902,-0.022372,0.380478,-10.483718,124.331757,19.071384,0.386092,-0.452945,0.425079,-0.681969,-23.918139,127.291367,5.429782,0.459000,-0.476851,0.338843,-0.668668,-17.866013,102.649567,-2.246122,0.540636,-0.474637,0.255488,-0.645878,-10.946147,83.115929,-9.408353,-0.024691,0.847181,-0.125244,0.515740,-5.772147,124.438095,24.838945,0.594684,0.795579,0.025355,0.112966,3.271535,127.751396,41.648769,0.544406,0.799787,0.182057,0.175551,10.354367,102.515045,45.614388,0.526786,0.745056,0.347770,0.215510,17.895227,82.120079,47.416248,0.079642,0.877710,0.181239,0.436388,-9.379156,84.528831,12.741651,0.098847,0.942214,0.004640,0.320063,-8.724132,51.677799,-1.076437,-0.038111,0.938029,0.010004,0.344309,-16.966078,7.594207,-4.314695,-0.099530,0.895521,-0.050462,0.430802,2.180753,85.002869,27.354633,-0.001104,0.900487,-0.122717,0.417208,6.985082,50.245712,33.632961,-0.034300,0.876236,0.011975,0.480510,2.470309,6.635904,43.611977,-0.038111,0.938029,0.010004,0.344309,-7.472311,2.184721,-14.931168,-0.034300,0.876236,0.011975,0.480510,14.664021,1.348500,36.164810
1087,9.058333,-0.004996,0.899873,-0.018461,0.435733,-3.545950,84.760269,20.142097,-0.069922,0.897118,0.090828,0.426663,-3.491721,92.396484,19.854931,-0.003388,0.903419,-0.008296,0.428665,-7.249108,110.422424,21.767368,0.076345,0.880853,-0.168525,0.435739,-7.229082,130.622925,21.405830,0.191556,0.805353,-0.369127,0.422443,-1.782017,143.401550,17.028122,0.092950,0.920272,-0.023965,0.379323,-10.411100,124.334846,19.186520,0.387971,-0.450534,0.426333,-0.681718,-23.874752,127.297005,5.574320,0.461634,-0.471630,0.340376,-0.669779,-17.763725,102.620041,-1.940250,0.544818,-0.466580,0.260481,-0.646239,-10.661856,83.046654,-8.912477,-0.024487,0.847190,-0.125464,0.515682,-5.700361,124.433426,24.954901,0.593886,0.796049,0.025686,0.113783,3.346053,127.744171,41.763760,0.544082,0.799890,0.182418,0.175712,10.469410,102.523636,45.757294,0.524526,0.746682,0.347553,0.215743,18.024651,82.129532,47.559868,0.081276,0.877169,0.181477,0.437075,-9.325979,84.526550,12.835558,0.098782,0.943135,0.005667,0.317344,-8.753809,51.700436,-1.045278,-0.038404,0.938037,0.009027,0.344283,-16.970259,7.616639,-4.344955,-0.099187,0.895917,-0.049927,0.430118,2.234079,84.993996,27.448637,-0.000269,0.901021,-0.122541,0.416106,7.038239,50.228161,33.678867,-0.034566,0.876284,0.012486,0.480391,2.474577,6.614366,43.618134,-0.038404,0.938037,0.009027,0.344283,-7.476885,2.184343,-14.950127,-0.034566,0.876284,0.012486,0.480391,14.671246,1.343348,36.164192
1088,9.066667,-0.004770,0.900000,-0.018066,0.435489,-3.502031,84.757210,20.230835,-0.069316,0.897178,0.090898,0.426621,-3.447395,92.393677,19.950592,-0.003170,0.903432,-0.008421,0.428636,-7.185012,110.418640,21.874840,0.075937,0.881334,-0.168269,0.434936,-7.154894,130.619125,21.512531,0.191428,0.806405,-0.368193,0.421307,-1.725796,143.403458,17.129187,0.093468,0.920704,-0.025532,0.378044,-10.340187,124.332558,19.293644,0.389546,-0.447568,0.427741,-0.681891,-23.837648,127.292992,5.714588,0.464073,-0.466761,0.341541,-0.670910,-17.649164,102.584816,-1.632204,0.549419,-0.458905,0.264975,-0.646013,-10.373510,82.987282,-8.431723,-0.024699,0.847082,-0.125625,0.515811,-5.629066,124.428986,25.061747,0.593731,0.796312,0.024045,0.113108,3.411774,127.750420,41.871494,0.543206,0.800932,0.181276,0.174855,10.553002,102.538895,45.889999,0.525427,0.746589,0.347124,0.214564,18.163355,82.165077,47.704773,0.082655,0.876533,0.182038,0.437859,-9.286072,84.530563,12.927249,0.098860,0.943951,0.006531,0.314867,-8.768684,51.735092,-1.027977,-0.038884,0.937963,0.007432,0.344470,-16.975761,7.653630,-4.381689,-0.098845,0.896254,-0.049339,0.429564,2.282009,84.983856,27.534422,0.000409,0.901352,-0.122523,0.415395,7.086670,50.209034,33.713886,-0.034960,0.876394,0.012948,0.480150,2.476539,6.594846,43.629955,-0.038884,0.937963,0.007432,0.344470,-7.477809,2.184471,-14.963789,-0.034960,0.876394,0.012948,0.480150,14.675063,1.340706,36.167137
1089,9.075000,-0.004500,0.900205,-0.017869,0.435077,-3.468678,84.757004,20.309807,-0.068451,0.897178,0.091125,0.426712,-3.411775,92.393616,20.034037,-0.003134,0.903328,-0.008436,0.428855,-7.123373,110.415771,21.978613,0.076527,0.881456,-0.168208,0.434610,-7.091587,130.616241,21.616360,0.190651,0.807498,-0.367395,0.420261,-1.650795,143.397858,17.239523,0.093939,0.921088,-0.026868,0.376897,-10.276266,124.329926,19.395914,0.392193,-0.445217,0.428398,-0.681500,-23.803848,127.290215,5.846845,0.467021,-0.462353,0.342274,-0.671542,-17.533928,102.553246,-1.332058,0.552813,-0.452945,0.268190,-0.645998,-10.089974,82.927414,-7.964235,-0.024972,0.847121,-0.125810,0.515687,-5.567940,124.425980,25.166304,0.593473,0.796582,0.023425,0.112688,3.477317,127.759529,41.971268,0.542543,0.801569,0.180775,0.174514,10.639788,102.554634,45.993477,0.524185,0.747712,0.346827,0.214169,18.290447,82.185593,47.819214,0.083610,0.876000,0.182891,0.438389,-9.259449,84.536591,13.011366,0.099041,0.944917,0.007298,0.311882,-8.765053,51.774632,-1.023175,-0.039290,0.937971,0.005587,0.344435,-16.976398,7.697353,-4.421108,-0.098501,0.896625,-0.048749,0.428934,2.322094,84.977409,27.608246,0.000990,0.901688,-0.122571,0.414649,7.127644,50.193619,33.736298,-0.035081,0.876511,0.013368,0.479915,2.476836,6.580558,43.638302,-0.039290,0.937971,0.005587,0.344435,-7.480426,2.183757,-14.981897,-0.035081,0.876511,0.013368,0.479915,14.674459,1.338396,36.165604
1090,9.083333,-0.004165,0.900520,-0.017697,0.434434,-3.442429,84.762360,20.383432,-0.067750,0.897268,0.091275,0.426602,-3.382254,92.399109,20.112207,-0.003023,0.903315,-0.008564,0.428882,-7.070425,110.412178,22.072159,0.076451,0.881738,-0.168110,0.434088,-7.032360,130.612595,21.707157,0.190293,0.808414,-0.366511,0.419434,-1.597807,143.395905,17.327522,0.094056,0.921441,-0.028027,0.375917,-10.218845,124.326958,19.487366,0.394117,-0.442014,0.429661,-0.681679,-23.774149,127.276825,5.963750,0.469513,-0.458187,0.342960,-0.672310,-17.411020,102.511620,-1.033505,0.556972,-0.446726,0.271126,-0.645530,-9.813598,82.875572,-7.510823,-0.025012,0.847083,-0.125764,0.515760,-5.510857,124.422363,25.258041,0.592355,0.797261,0.024049,0.113629,3.531438,127.756584,42.064468,0.542044,0.801849,0.181193,0.174343,10.752890,102.572632,46.112324,0.523884,0.748217,0.346388,0.213852,18.425316,82.224449,47.927193,0.084339,0.875383,0.183970,0.439030,-9.243674,84.549149,13.093099,0.099731,0.946065,0.007391,0.308156,-8.748935,51.824142,-1.027386,-0.039650,0.937671,0.003552,0.345236,-17.029043,7.759315,-4.419977,-0.098077,0.897008,-0.048195,0.428292,2.358817,84.975571,27.673765,0.001474,0.901972,-0.122590,0.414025,7.159069,50.182007,33.750324,-0.035467,0.876545,0.013459,0.479823,2.475209,6.569481,43.639072,-0.039650,0.937671,0.003552,0.345236,-7.517269,2.196794,-14.940815,-0.035467,0.876545,0.013459,0.479823,14.675418,1.334998,36.165211
1091,9.091667,-0.003871,0.901029,-0.017443,0.433390,-3.407698,84.766579,20.453949,-0.067171,0.897458,0.091425,0.426260,-3.345466,92.403503,20.188108,-0.003136,0.903374,-0.008655,0.428754,-7.014802,110.412003,22.162981,0.076442,0.882132,-0.167845,0.433391,-6.979314,130.612320,21.792706,0.190178,0.809420,-0.365645,0.418302,-1.552414,143.399078,17.413668,0.094052,0.921847,-0.029250,0.374829,-10.165661,124.325714,19.575457,0.396963,-0.439762,0.429950,-0.681302,-23.752657,127.260361,6.080359,0.472601,-0.454334,0.343413,-0.672530,-17.297422,102.474007,-0.755785,0.560396,-0.441287,0.272957,-0.645535,-9.550480,82.818031,-7.074058,-0.025675,0.847332,-0.125462,0.515392,-5.456043,124.423195,25.344770,0.592211,0.797425,0.023416,0.113360,3.599627,127.771629,42.141171,0.541294,0.802440,0.181209,0.173938,10.833372,102.592758,46.198696,0.522932,0.748766,0.346635,0.213859,18.547586,82.259521,48.009472,0.084730,0.875350,0.185592,0.438337,-9.225876,84.560677,13.176912,0.100049,0.947097,0.007816,0.304856,-8.713792,51.883125,-1.052444,-0.039672,0.937657,0.001126,0.345288,-17.020760,7.824585,-4.460971,-0.097526,0.897605,-0.047852,0.427205,2.410479,84.972481,27.730986,0.002064,0.902364,-0.122601,0.413164,7.193851,50.168888,33.763226,-0.035791,0.876506,0.013614,0.479865,2.471076,6.556800,43.635395,-0.039672,0.937657,0.001126,0.345288,-7.514963,2.198627,-14.953444,-0.035791,0.876506,0.013614,0.479865,14.675847,1.330820,36.163033
1092,9.100000,-0.003696,0.901702,-0.017226,0.432000,-3.378299,84.774422,20.522493,-0.066587,0.897735,0.091408,0.425773,-3.315492,92.411484,20.260693,-0.003263,0.903477,-0.008690,0.428537,-6.963930,110.421562,22.246170,0.076672,0.882428,-0.167751,0.432784,-6.932570,130.621826,21.872421,0.189953,0.810332,-0.364814,0.417362,-1.504901,143.408386,17.493809,0.093925,0.922236,-0.030258,0.373822,-10.118754,124.334213,19.657784,0.398447,-0.436666,0.431410,-0.681504,-23.735874,127.252258,6.189487,0.475146,-0.450361,0.343627,-0.673299,-17.203449,102.439346,-0.474820,0.564056,-0.436561,0.274322,-0.644983,-9.293810,82.771133,-6.655791,-0.026115,0.847431,-0.125629,0.515166,-5.406379,124.433601,25.424809,0.591966,0.797637,0.023277,0.113183,3.657429,127.798820,42.213459,0.540369,0.803047,0.181541,0.173664,10.908675,102.624741,46.269417,0.521444,0.749580,0.347072,0.213933,18.674234,82.299927,48.075493,0.085128,0.875053,0.187487,0.438046,-9.218919,84.573608,13.263316,0.100383,0.948032,0.008073,0.301818,-8.674511,51.951279,-1.090975,-0.039556,0.937645,-0.001447,0.345333,-17.013517,7.899123,-4.503861,-0.096901,0.898254,-0.047491,0.426023,2.462321,84.975235,27.781672,0.002466,0.902558,-0.122710,0.412705,7.225145,50.160515,33.765766,-0.036015,0.876541,0.013551,0.479786,2.470721,6.550980,43.634033,-0.039556,0.937645,-0.001447,0.345333,-7.515893,2.204551,-14.966673,-0.036015,0.876541,0.013551,0.479786,14.676020,1.326578,36.161430
1093,9.108333,-0.003337,0.902391,-0.017036,0.430569,-3.358966,84.785965,20.581827,-0.065844,0.898181,0.091363,0.424956,-3.292889,92.423157,20.324915,-0.003501,0.903783,-0.008750,0.427888,-6.913239,110.431885,22.323517,0.076857,0.882843,-0.167600,0.431963,-6.889795,130.632050,21.943436,0.189853,0.811267,-0.363789,0.416484,-1.464444,143.419418,17.564314,0.093533,0.922642,-0.030914,0.372865,-10.076868,124.342583,19.735344,0.400651,-0.433842,0.432208,-0.681511,-23.724529,127.239754,6.293471,0.477842,-0.447072,0.343536,-0.673630,-17.098272,102.406845,-0.201584,0.567244,-0.432659,0.274402,-0.644783,-9.046734,82.730751,-6.258902,-0.026918,0.847812,-0.125268,0.514586,-5.356233,124.445488,25.495550,0.591704,0.797855,0.022781,0.113114,3.729079,127.827454,42.269207,0.539733,0.803541,0.181581,0.173317,10.997624,102.660660,46.339428,0.520673,0.750048,0.347659,0.213214,18.796782,82.353401,48.140781,0.085290,0.874747,0.189498,0.437760,-9.222637,84.593117,13.341040,0.100750,0.948952,0.008212,0.298784,-8.627542,52.026783,-1.137856,-0.039790,0.937635,-0.004277,0.345311,-17.004704,7.981485,-4.545687,-0.096411,0.898815,-0.047173,0.424984,2.504705,84.978806,27.822617,0.002833,0.902861,-0.122841,0.412000,7.253184,50.155197,33.766270,-0.036227,0.876596,0.013469,0.479673,2.471844,6.548736,43.635098,-0.039790,0.937635,-0.004277,0.345311,-7.513777,2.215374,-14.975344,-0.036227,0.876596,0.013469,0.479673,14.676881,1.325233,36.161434
1094,9.116667,-0.003065,0.903157,-0.016729,0.428973,-3.337333,84.801262,20.635509,-0.065171,0.898736,0.091509,0.423854,-3.269962,92.438644,20.384502,-0.003883,0.904224,-0.008896,0.426947,-6.867038,110.445610,22.402594,0.077001,0.883352,-0.167197,0.431052,-6.855427,130.645554,22.010563,0.189843,0.812110,-0.363001,0.415533,-1.436856,143.437225,17.635595,0.093234,0.922994,-0.031870,0.371985,-10.043653,124.353050,19.812822,0.402942,-0.431210,0.432599,-0.681582,-23.718872,127.228081,6.394221,0.480414,-0.443913,0.343599,-0.673857,-16.989847,102.382935,0.053491,0.569772,-0.429533,0.275303,-0.644259,-8.809571,82.702812,-5.878316,-0.027754,0.848384,-0.124833,0.513703,-5.311085,124.461922,25.563118,0.591793,0.797779,0.022579,0.113229,3.807640,127.858994,42.315578,0.538815,0.804054,0.182421,0.172913,11.069233,102.691910,46.396461,0.518755,0.750861,0.348651,0.213409,18.917427,82.402374,48.174992,0.085481,0.874448,0.191746,0.437340,-9.226605,84.615913,13.415331,0.101070,0.949962,0.008252,0.295449,-8.577147,52.113014,-1.203105,-0.039287,0.937638,-0.007255,0.345310,-16.992117,8.073565,-4.593413,-0.095919,0.899399,-0.046834,0.423896,2.551939,84.986610,27.855688,0.003176,0.903056,-0.123122,0.411487,7.286791,50.153984,33.757236,-0.035828,0.876656,0.013715,0.479586,2.472812,6.553924,43.638508,-0.039287,0.937638,-0.007255,0.345310,-7.516143,2.224482,-14.990415,-0.035828,0.876656,0.013715,0.479586,14.673636,1.330761,36.157730
1095,9.125000,-0.003378,0.903977,-0.016120,0.427263,-3.300658,84.818375,20.673920,-0.064854,0.899320,0.092009,0.422555,-3.242064,92.456032,20.429153,-0.004106,0.904760,-0.009126,0.425804,-6.833162,110.459770,22.473732,0.076912,0.883913,-0.166983,0.430000,-6.826243,130.659470,22.069454,0.190030,0.812882,-0.361961,0.414844,-1.418896,143.454422,17.690172,0.092786,0.923353,-0.032777,0.371128,-10.018860,124.365067,19.883581,0.404960,-0.428766,0.432968,-0.681693,-23.722004,127.213348,6.487784,0.482250,-0.440343,0.343754,-0.674808,-16.898481,102.358627,0.287071,0.570227,-0.426707,0.275595,-0.645609,-8.577515,82.685844,-5.529654,-0.028265,0.848690,-0.124878,0.513158,-5.271799,124.478279,25.621838,0.591559,0.797942,0.022861,0.113247,3.867502,127.890778,42.359951,0.537976,0.804483,0.183110,0.172797,11.143546,102.726768,46.434032,0.517885,0.751060,0.349459,0.213501,19.028498,82.463646,48.201241,0.085830,0.874294,0.194080,0.436551,-9.217184,84.633095,13.476053,0.101375,0.950526,0.007889,0.293533,-8.526727,52.198647,-1.291773,-0.039049,0.937586,-0.010281,0.345400,-16.983913,8.164233,-4.642107,-0.095216,0.900072,-0.046903,0.422616,2.615868,85.003654,27.871788,0.003465,0.903194,-0.123275,0.411135,7.312360,50.161911,33.750065,-0.035687,0.876656,0.013334,0.479607,2.473166,6.565410,43.634693,-0.039049,0.937586,-0.010281,0.345400,-7.518231,2.234051,-15.002484,-0.035687,0.876656,0.013334,0.479607,14.671249,1.330809,36.157440
1096,9.133333,-0.003125,0.904690,-0.015767,0.425768,-3.285982,84.834175,20.707228,-0.064119,0.899850,0.092610,0.421404,-3.226596,92.472031,20.468876,-0.004735,0.905214,-0.009518,0.424822,-6.801653,110.483566,22.550438,0.076740,0.884419,-0.167041,0.428966,-6.811470,130.682739,22.121008,0.190475,0.813679,-0.360726,0.414153,-1.414164,143.477966,17.730135,0.092049,0.923671,-0.033583,0.370446,-10.003885,124.383118,19.949917,0.406166,-0.425775,0.433918,-0.682246,-23.731888,127.195488,6.571998,0.482306,-0.436294,0.344471,-0.677029,-16.816502,102.330719,0.515044,0.567221,-0.424674,0.275630,-0.649569,-8.358665,82.684471,-5.208487,-0.028531,0.848943,-0.125448,0.512586,-5.244460,124.507202,25.677692,0.591250,0.798211,0.023140,0.112905,3.916977,127.937256,42.400105,0.537319,0.804889,0.183623,0.172409,11.216490,102.776627,46.452930,0.516446,0.751884,0.349612,0.213834,19.138411,82.525543,48.202850,0.085969,0.874290,0.196282,0.435546,-9.226312,84.656349,13.528806,0.101737,0.950904,0.007044,0.292203,-8.490028,52.284874,-1.374351,-0.038983,0.937499,-0.013064,0.345550,-17.004780,8.255929,-4.650066,-0.095086,0.900962,-0.046869,0.420748,2.654347,85.012001,27.885649,0.004002,0.903572,-0.123458,0.410244,7.355819,50.168262,33.748138,-0.036168,0.876726,0.012518,0.479466,2.475947,6.576183,43.632286,-0.038983,0.937499,-0.013064,0.345550,-7.545450,2.253079,-14.974334,-0.036168,0.876726,0.012518,0.479466,14.672510,1.328063,36.162033
1097,9.141667,-0.002927,0.905356,-0.015339,0.424366,-3.272504,84.849243,20.731670,-0.063929,0.900481,0.093308,0.419930,-3.213512,92.487320,20.500439,-0.005063,0.905886,-0.009833,0.423376,-6.790032,110.497536,22.614126,0.076775,0.885002,-0.167071,0.427743,-6.807144,130.696350,22.167566,0.190756,0.814534,-0.359326,0.413561,-1.416308,143.490936,17.766949,0.091543,0.923921,-0.034257,0.369888,-10.004623,124.393936,20.012028,0.407253,-0.423073,0.434497,-0.682911,-23.752239,127.180161,6.648789,0.481311,-0.431897,0.345722,-0.679913,-16.741915,102.312958,0.712125,0.561265,-0.423076,0.275435,-0.655838,-8.154417,82.700607,-4.922476,-0.029367,0.849572,-0.125668,0.511442,-5.226980,124.524284,25.724476,0.591222,0.798373,0.022156,0.112103,3.978002,127.981354,42.417381,0.536791,0.805599,0.183145,0.171242,11.288859,102.823662,46.468105,0.516618,0.752187,0.349515,0.212509,19.256323,82.579033,48.198486,0.086135,0.873962,0.198561,0.435138,-9.235065,84.678528,13.571537,0.102032,0.951300,0.006584,0.290816,-8.442172,52.373249,-1.471695,-0.038646,0.937402,-0.016202,0.345719,-16.998661,8.349144,-4.703374,-0.094522,0.901258,-0.046665,0.420264,2.690058,85.019958,27.891806,0.004081,0.903924,-0.123798,0.409365,7.365028,50.167240,33.722019,-0.035751,0.876793,0.012604,0.479372,2.475866,6.582773,43.635117,-0.038646,0.937402,-0.016202,0.345719,-7.549629,2.261808,-14.987516,-0.035751,0.876793,0.012604,0.479372,14.667172,1.330759,36.159031
1098,9.150000,-0.002865,0.905905,-0.014727,0.423215,-3.256993,84.860977,20.741831,-0.063440,0.901113,0.093944,0.418504,-3.201402,92.499344,20.519396,-0.005510,0.906574,-0.009923,0.421894,-6.767444,110.504448,22.667017,0.076664,0.885710,-0.166903,0.426361,-6.800114,130.703003,22.209572,0.191044,0.815591,-0.357719,0.412736,-1.422617,143.500397,17.800798,0.090818,0.924222,-0.034631,0.369278,-10.000237,124.397194,20.067934,0.408690,-0.421062,0.434358,-0.683383,-23.770449,127.153954,6.721863,0.480288,-0.427784,0.346917,-0.682622,-16.663706,102.292236,0.877592,0.554257,-0.421913,0.273873,-0.663161,-7.959183,82.715813,-4.672937,-0.030017,0.850061,-0.125886,0.510537,-5.204005,124.533974,25.764633,0.590993,0.798694,0.021248,0.111197,4.035281,128.012924,42.434021,0.536243,0.806161,0.183428,0.170007,11.371225,102.861298,46.477036,0.514556,0.753474,0.350229,0.211775,19.380886,82.635353,48.165520,0.086413,0.873635,0.200526,0.434837,-9.237747,84.696434,13.596741,0.102208,0.951265,0.005934,0.290885,-8.403442,52.450485,-1.571037,-0.038069,0.937301,-0.019057,0.345910,-16.991648,8.428881,-4.752256,-0.094256,0.901739,-0.046759,0.419281,2.723761,85.025528,27.886921,0.004429,0.904495,-0.123989,0.408039,7.385323,50.169849,33.710194,-0.036080,0.876817,0.011986,0.479319,2.475378,6.589904,43.632881,-0.038069,0.937301,-0.019057,0.345910,-7.554408,2.262075,-14.999817,-0.036080,0.876817,0.011986,0.479319,14.666131,1.327220,36.163406
1099,9.158333,-0.002694,0.906391,-0.013755,0.422207,-3.237396,84.873894,20.728510,-0.063135,0.901653,0.094828,0.417185,-3.185959,92.512688,20.520573,-0.005889,0.907215,-0.009932,0.420508,-6.752148,110.512863,22.707315,0.076419,0.886412,-0.166633,0.425050,-6.799268,130.711227,22.243170,0.191310,0.816587,-0.356171,0.411982,-1.439116,143.513519,17.827509,0.090167,0.924633,-0.034953,0.368377,-10.001858,124.402641,20.113462,0.409539,-0.419383,0.434188,-0.684015,-23.802378,127.134155,6.793527,0.479327,-0.423786,0.347393,-0.685543,-16.613031,102.281548,1.011897,0.546606,-0.422274,0.269812,-0.670901,-7.772214,82.748451,-4.477390,-0.030889,0.850729,-0.125740,0.509407,-5.188295,124.544441,25.795403,0.590610,0.799048,0.020612,0.110806,4.093594,128.044510,42.436684,0.536186,0.806488,0.183564,0.168481,11.458112,102.902184,46.485573,0.513792,0.754426,0.349792,0.210961,19.493967,82.679161,48.120262,0.086947,0.873270,0.201868,0.434845,-9.234051,84.720131,13.596517,0.102149,0.951119,0.005243,0.291394,-8.389066,52.519260,-1.666157,-0.037232,0.937311,-0.020959,0.345864,-16.988749,8.495892,-4.791407,-0.094134,0.902144,-0.047181,0.418388,2.759258,85.027657,27.860504,0.004695,0.904810,-0.124187,0.407277,7.406141,50.173168,33.702587,-0.036008,0.876884,0.011765,0.479207,2.475667,6.597867,43.635464,-0.037232,0.937311,-0.020959,0.345864,-7.568527,2.271275,-15.019660,-0.036008,0.876884,0.011765,0.479207,14.662790,1.328584,36.164707
1100,9.166667,-0.002644,0.906737,-0.012847,0.421492,-3.216975,84.886040,20.710192,-0.062924,0.902113,0.095836,0.415992,-3.170849,92.525215,20.515120,-0.006310,0.907810,-0.009947,0.419215,-6.741798,110.516487,22.742741,0.076227,0.887042,-0.166465,0.423834,-6.804749,130.714630,22.270969,0.191333,0.817676,-0.354388,0.411347,-1.458887,143.520218,17.847494,0.089450,0.925097,-0.035109,0.367373,-10.008875,124.402931,20.152838,0.410033,-0.417273,0.434110,-0.685059,-23.843023,127.109489,6.862727,0.477664,-0.420680,0.347744,-0.688433,-16.556438,102.270599,1.144197,0.539688,-0.422328,0.266595,-0.677719,-7.612942,82.784958,-4.321178,-0.031711,0.851551,-0.125522,0.508035,-5.179214,124.550377,25.820959,0.590514,0.799322,0.019035,0.109611,4.154788,128.067581,42.429451,0.536071,0.806960,0.183547,0.166596,11.539267,102.931175,46.478783,0.512559,0.755405,0.350172,0.209826,19.607491,82.717827,48.051762,0.087275,0.873420,0.203026,0.433936,-9.224881,84.740433,13.587501,0.102191,0.950921,0.004609,0.292035,-8.378513,52.577080,-1.753998,-0.037953,0.937177,-0.023329,0.345997,-16.996340,8.553916,-4.831859,-0.093947,0.902494,-0.047573,0.417632,2.790931,85.031647,27.832884,0.004851,0.905007,-0.124346,0.406789,7.418965,50.177299,33.690758,-0.035930,0.876890,0.011551,0.479207,2.475331,6.605685,43.633263,-0.037953,0.937177,-0.023329,0.345997,-7.572841,2.276310,-15.024647,-0.035930,0.876890,0.011551,0.479207,14.660704,1.329979,36.164181
1101,9.175000,-0.002549,0.906950,-0.011880,0.421062,-3.194483,84.893990,20.677319,-0.062796,0.902580,0.096861,0.414758,-3.153371,92.533531,20.496241,-0.006746,0.908477,-0.009759,0.417766,-6.732275,110.517136,22.764412,0.075906,0.887809,-0.165945,0.422488,-6.815187,130.715195,22.292286,0.191387,0.818830,-0.352612,0.410554,-1.491581,143.529312,17.866695,0.089083,0.925580,-0.035729,0.366182,-10.020308,124.400505,20.184599,0.412439,-0.417598,0.431989,-0.684756,-23.890835,127.088394,6.928661,0.477621,-0.418358,0.347338,-0.690081,-16.521288,102.273109,1.213998,0.533138,-0.423064,0.263229,-0.683734,-7.481189,82.828842,-4.219168,-0.032432,0.852254,-0.125360,0.506849,-5.172664,124.552536,25.837225,0.590196,0.799729,0.017794,0.108558,4.206185,128.085464,42.417084,0.535956,0.807593,0.182891,0.164608,11.622734,102.957985,46.463242,0.513089,0.755913,0.349620,0.207606,19.721445,82.763565,47.986378,0.087602,0.873756,0.203814,0.432824,-9.209147,84.757660,13.560154,0.102218,0.950464,0.003856,0.293522,-8.376995,52.621246,-1.838440,-0.038417,0.937029,-0.025035,0.346227,-17.012133,8.598002,-4.866143,-0.093990,0.902934,-0.048151,0.416602,2.820181,85.030319,27.794487,0.005203,0.905384,-0.124521,0.405891,7.440265,50.180496,33.685452,-0.035902,0.876886,0.011349,0.479222,2.471527,6.613109,43.633987,-0.038417,0.937029,-0.025035,0.346227,-7.583930,2.281956,-15.030785,-0.035902,0.876886,0.011349,0.479222,14.655931,1.331987,36.167164
1102,9.183333,-0.002648,0.907100,-0.010749,0.420770,-3.162946,84.903976,20.630470,-0.062862,0.902946,0.098036,0.413674,-3.130530,92.543915,20.464415,-0.007179,0.909066,-0.009392,0.416485,-6.725564,110.513641,22.773947,0.075266,0.888609,-0.165777,0.420984,-6.831223,130.711746,22.308117,0.191486,0.820104,-0.350615,0.409673,-1.534839,143.531769,17.866985,0.088383,0.926053,-0.035659,0.365162,-10.035607,124.394287,20.207619,0.411154,-0.415238,0.433193,-0.686203,-23.939850,127.061104,6.982782,0.475527,-0.416085,0.346456,-0.693336,-16.521305,102.248787,1.318791,0.528084,-0.424083,0.259696,-0.688360,-7.370919,82.869545,-4.155224,-0.033269,0.853016,-0.124998,0.505601,-5.172136,124.549774,25.846540,0.589795,0.800300,0.015911,0.106812,4.253545,128.098175,42.396511,0.535785,0.808563,0.181452,0.161972,11.715178,102.982201,46.431129,0.514862,0.756102,0.348547,0.204309,19.858212,82.805359,47.903004,0.087894,0.874404,0.204111,0.431314,-9.182183,84.774902,13.517033,0.102198,0.950033,0.003248,0.294926,-8.385086,52.650757,-1.909007,-0.039060,0.936890,-0.026238,0.346443,-17.030218,8.626759,-4.897038,-0.093481,0.902753,-0.048520,0.417066,2.856291,85.033051,27.743906,0.004889,0.905101,-0.124828,0.406431,7.429829,50.178955,33.645924,-0.035785,0.876825,0.011268,0.479344,2.469440,6.618172,43.627491,-0.039060,0.936890,-0.026238,0.346443,-7.593817,2.287120,-15.039374,-0.035785,0.876825,0.011268,0.479344,14.654435,1.333497,36.164135
1103,9.191667,-0.002560,0.907134,-0.009778,0.420721,-3.134413,84.908600,20.569712,-0.062815,0.903228,0.099458,0.412724,-3.107033,92.548843,20.417685,-0.007719,0.909599,-0.008999,0.415318,-6.719223,110.507599,22.778507,0.075035,0.889319,-0.165399,0.419672,-6.851929,130.705673,22.318203,0.191255,0.821539,-0.348493,0.408715,-1.573772,143.531845,17.873148,0.087480,0.926527,-0.035287,0.364211,-10.053643,124.384644,20.224350,0.413459,-0.416239,0.430893,-0.685659,-23.990917,127.027222,7.029453,0.477235,-0.415649,0.344287,-0.693505,-16.511103,102.238335,1.343577,0.526954,-0.425164,0.255292,-0.690204,-7.283113,82.910706,-4.136959,-0.033856,0.853676,-0.124847,0.504485,-5.175822,124.544922,25.850729,0.589118,0.801011,0.014674,0.105387,4.292022,128.105209,42.374058,0.536019,0.809156,0.180199,0.159618,11.811998,103.003883,46.391392,0.515655,0.757021,0.347178,0.201216,19.978645,82.828453,47.812119,0.088254,0.875089,0.203806,0.429994,-9.154433,84.788635,13.456777,0.102111,0.949462,0.002717,0.296795,-8.412620,52.660156,-1.962988,-0.039702,0.936693,-0.026768,0.346862,-17.058662,8.634270,-4.920374,-0.093344,0.902551,-0.048925,0.417487,2.885607,85.028557,27.682648,0.004797,0.904959,-0.125183,0.406639,7.435487,50.175465,33.608784,-0.035937,0.876788,0.010990,0.479407,2.467355,6.622580,43.620934,-0.039702,0.936693,-0.026768,0.346862,-7.607313,2.288542,-15.044962,-0.035937,0.876788,0.010990,0.479407,14.653611,1.333231,36.162949
1104,9.200000,-0.002167,0.907121,-0.009163,0.420765,-3.120172,84.909698,20.498230,-0.062777,0.903443,0.100861,0.411918,-3.091292,92.550148,20.357265,-0.008125,0.910067,-0.008512,0.414295,-6.720541,110.495880,22.767771,0.074462,0.890141,-0.164614,0.418337,-6.876830,130.694031,22.318754,0.191093,0.822971,-0.346541,0.407568,-1.630076,143.533524,17.874989,0.086952,0.927044,-0.034920,0.363055,-10.076221,124.370575,20.228714,0.415595,-0.417274,0.428709,-0.685108,-24.049652,127.002678,7.070008,0.479948,-0.416509,0.341138,-0.692672,-16.516027,102.235779,1.359375,0.530033,-0.425727,0.250618,-0.689211,-7.220375,82.941147,-4.160027,-0.034532,0.854520,-0.124030,0.503209,-5.185856,124.533249,25.844124,0.588640,0.801618,0.012665,0.103689,4.329991,128.094940,42.339554,0.535910,0.810083,0.179066,0.156528,11.898635,103.007332,46.351189,0.516330,0.757939,0.345697,0.198561,20.112070,82.848396,47.696362,0.088313,0.875668,0.202949,0.429206,-9.139533,84.801208,13.384554,0.102187,0.948798,0.002412,0.298890,-8.442730,52.648628,-1.986997,-0.040231,0.936391,-0.026606,0.347628,-17.096865,8.624000,-4.939430,-0.093311,0.902243,-0.049211,0.418125,2.899190,85.018196,27.611906,0.004563,0.904708,-0.125652,0.407055,7.434148,50.166668,33.558624,-0.035913,0.876734,0.010923,0.479509,2.463274,6.624186,43.614536,-0.040231,0.936391,-0.026606,0.347628,-7.621880,2.289127,-15.048716,-0.035913,0.876734,0.010923,0.479509,14.650726,1.332930,36.159863
1105,9.208333,-0.001980,0.907127,-0.008742,0.420762,-3.101936,84.902100,20.415520,-0.062877,0.903608,0.102294,0.411188,-3.073169,92.542671,20.281588,-0.008502,0.910483,-0.007645,0.413389,-6.726567,110.484024,22.741655,0.074341,0.890883,-0.163757,0.417116,-6.911633,130.682495,22.318371,0.190550,0.824566,-0.344565,0.406273,-1.685115,143.533569,17.884203,0.086342,0.927543,-0.034466,0.361969,-10.106498,124.357246,20.226822,0.416982,-0.418166,0.427051,-0.684756,-24.114504,126.976952,7.102455,0.482813,-0.417905,0.337127,-0.691804,-16.545189,102.227821,1.362096,0.535878,-0.425685,0.247410,-0.685868,-7.176950,82.978760,-4.228692,-0.035130,0.855452,-0.123017,0.501831,-5.205058,124.519638,25.832573,0.587790,0.802510,0.010768,0.101805,4.362838,128.076080,42.298992,0.536346,0.810643,0.177730,0.153634,12.004995,103.008286,46.295094,0.515715,0.759778,0.344651,0.194913,20.242157,82.840286,47.570358,0.088339,0.876209,0.201577,0.428744,-9.121359,84.800064,13.301805,0.102051,0.947944,0.002067,0.301635,-8.478224,52.608215,-1.989704,-0.040569,0.936250,-0.025194,0.348074,-17.121698,8.580950,-4.934070,-0.093228,0.901854,-0.049695,0.418926,2.917486,85.004128,27.529236,0.004189,0.904282,-0.126076,0.407873,7.427248,50.154907,33.508579,-0.036065,0.876688,0.010909,0.479581,2.462208,6.621718,43.607533,-0.040569,0.936250,-0.025194,0.348074,-7.628184,2.286372,-15.051135,-0.036065,0.876688,0.010909,0.479581,14.652315,1.332342,36.155872
1106,9.216667,-0.001592,0.907178,-0.008490,0.420658,-3.090755,84.892082,20.323088,-0.062812,0.903723,0.103737,0.410584,-3.058254,92.532745,20.195143,-0.009017,0.910806,-0.006693,0.412681,-6.729427,110.463806,22.706244,0.073836,0.891686,-0.162786,0.415867,-6.949662,130.662460,22.309566,0.190114,0.826253,-0.342355,0.404913,-1.754324,143.528717,17.882814,0.086001,0.928152,-0.033941,0.360535,-10.137025,124.334488,20.214827,0.418123,-0.419296,0.425266,-0.684480,-24.187473,126.953232,7.135709,0.485358,-0.419249,0.333515,-0.690960,-16.587687,102.224770,1.346733,0.541273,-0.425725,0.245744,-0.682196,-7.156711,83.011902,-4.312365,-0.035808,0.856481,-0.121747,0.500336,-5.227006,124.497971,25.813038,0.587194,0.803241,0.008380,0.099681,4.397104,128.046585,42.248367,0.536089,0.811716,0.176376,0.150391,12.099055,102.995209,46.232639,0.519163,0.758728,0.343296,0.192221,20.379591,82.873642,47.432190,0.087654,0.877110,0.199835,0.427857,-9.111826,84.798592,13.210646,0.102173,0.947287,0.001971,0.303651,-8.497394,52.548302,-1.958403,-0.040383,0.936040,-0.023118,0.348803,-17.147451,8.523241,-4.916356,-0.093406,0.901374,-0.050151,0.419862,2.930316,84.985573,27.435530,0.003631,0.902919,-0.126569,0.410735,7.431360,50.141960,33.454021,-0.036159,0.876534,0.010968,0.479854,2.461493,6.619576,43.597088,-0.040383,0.936040,-0.023118,0.348803,-7.633046,2.280763,-15.046072,-0.036159,0.876534,0.010968,0.479854,14.657444,1.333225,36.152836
1107,9.225000,-0.001602,0.907199,-0.008216,0.420618,-3.079993,84.878181,20.221725,-0.062726,0.903857,0.105017,0.409974,-3.049390,92.518913,20.097506,-0.009248,0.911163,-0.005408,0.411907,-6.732992,110.430458,22.653181,0.073616,0.892557,-0.160998,0.414731,-6.983465,130.629562,22.300131,0.189151,0.828080,-0.340318,0.403348,-1.820523,143.519562,17.904648,0.085478,0.928766,-0.033061,0.359157,-10.165188,124.301422,20.197361,0.418896,-0.420626,0.423381,-0.684360,-24.257521,126.917442,7.162839,0.487860,-0.420740,0.329992,-0.689983,-16.632158,102.213356,1.303815,0.546933,-0.425474,0.243411,-0.678666,-7.148480,83.034515,-4.424654,-0.036698,0.857251,-0.120522,0.499248,-5.245729,124.460129,25.787413,0.586045,0.804235,0.008029,0.098450,4.418020,128.010513,42.199081,0.536090,0.812262,0.175814,0.148079,12.204406,102.979568,46.147526,0.520321,0.759154,0.342220,0.189305,20.514191,82.868515,47.281857,0.087018,0.877520,0.198082,0.427960,-9.101698,84.786674,13.109796,0.102077,0.946174,0.001817,0.307135,-8.502059,52.478767,-1.936741,-0.039874,0.936009,-0.020637,0.349100,-17.137369,8.451885,-4.910712,-0.093771,0.901154,-0.050656,0.420193,2.941713,84.969688,27.333652,0.003588,0.902872,-0.127251,0.410629,7.448423,50.134563,33.396866,-0.036126,0.876517,0.010787,0.479892,2.458070,6.627724,43.596363,-0.039874,0.936009,-0.020637,0.349100,-7.613956,2.267914,-15.067811,-0.036126,0.876517,0.010787,0.479892,14.653513,1.336456,36.154781
1108,9.233333,-0.001283,0.907266,-0.008222,0.420475,-3.081875,84.847412,20.105591,-0.062286,0.903984,0.106311,0.409428,-3.046832,92.488152,19.983335,-0.009693,0.911462,-0.004090,0.411250,-6.733531,110.391785,22.590633,0.073920,0.893220,-0.160339,0.413504,-7.022552,130.591064,22.278934,0.187893,0.830330,-0.337274,0.401863,-1.866997,143.487534,17.893805,0.085066,0.929302,-0.031830,0.357978,-10.195452,124.261200,20.168011,0.419004,-0.421730,0.421972,-0.684485,-24.323267,126.882729,7.173067,0.489456,-0.421883,0.327097,-0.689533,-16.684015,102.200058,1.242336,0.551476,-0.425067,0.242614,-0.675523,-7.156397,83.056953,-4.553527,-0.037401,0.857931,-0.119263,0.498329,-5.268064,124.417854,25.751135,0.585144,0.805123,0.006780,0.096630,4.429189,127.963974,42.143951,0.535790,0.813069,0.175171,0.145476,12.290354,102.951088,46.058464,0.519020,0.760959,0.341891,0.186197,20.655809,82.835709,47.124146,0.086066,0.878022,0.195808,0.428170,-9.105834,84.761276,12.995502,0.102012,0.944776,0.001175,0.311433,-8.516161,52.377762,-1.888023,-0.039883,0.936058,-0.016914,0.349169,-17.150385,8.349514,-4.844823,-0.094464,0.900984,-0.051338,0.420319,2.942085,84.933540,27.215677,0.003569,0.902753,-0.127935,0.410678,7.471283,50.112682,33.343719,-0.036132,0.876548,0.011014,0.479830,2.456701,6.621528,43.598099,-0.039883,0.936058,-0.016914,0.349169,-7.612994,2.261425,-15.046629,-0.036132,0.876548,0.011014,0.479830,14.652189,1.335896,36.152584
1109,9.241667,-0.001596,0.907366,-0.008101,0.420261,-3.073931,84.819733,19.982489,-0.062352,0.904177,0.107587,0.408657,-3.044035,92.460495,19.859890,-0.009851,0.911886,-0.002580,0.410317,-6.747517,110.343620,22.509838,0.073261,0.894347,-0.157720,0.412191,-7.067719,130.543182,22.251434,0.187157,0.832226,-0.335086,0.400113,-1.965583,143.475967,17.910957,0.084794,0.929704,-0.030480,0.357117,-10.235437,124.214027,20.130606,0.418905,-0.423037,0.420415,-0.684697,-24.388922,126.846840,7.165905,0.490757,-0.423020,0.324726,-0.689032,-16.738686,102.189133,1.146137,0.556181,-0.423642,0.243068,-0.672390,-7.184973,83.076218,-4.707914,-0.038073,0.858759,-0.117583,0.497251,-5.296674,124.363625,25.703865,0.584390,0.805896,0.005524,0.094811,4.440179,127.895950,42.076180,0.534893,0.814298,0.174491,0.142692,12.366538,102.898254,45.956112,0.522255,0.759730,0.341187,0.183445,20.797184,82.839409,46.952007,0.085040,0.878560,0.192979,0.428556,-9.101224,84.729279,12.875279,0.101819,0.943526,0.000715,0.315263,-8.531616,52.254833,-1.809573,-0.039715,0.936249,-0.012333,0.348868,-17.150692,8.222988,-4.756957,-0.094972,0.900954,-0.051986,0.420189,2.953362,84.910187,27.089697,0.003548,0.902717,-0.128782,0.410493,7.496056,50.100971,33.273621,-0.035988,0.876500,0.010848,0.479932,2.454098,6.629345,43.597153,-0.039715,0.936249,-0.012333,0.348868,-7.606874,2.250942,-15.021155,-0.035988,0.876500,0.010848,0.479932,14.649164,1.337643,36.155258
1110,9.250000,-0.001822,0.907480,-0.008258,0.420009,-3.071580,84.783028,19.846865,-0.062196,0.904302,0.109121,0.407998,-3.043836,92.423737,19.720633,-0.010018,0.912226,-0.001109,0.409564,-6.762596,110.294090,22.425943,0.073232,0.895223,-0.156324,0.410823,-7.113510,130.493744,22.219278,0.185941,0.834567,-0.331929,0.398430,-2.035887,143.443863,17.901848,0.084502,0.930137,-0.029161,0.356165,-10.275303,124.165222,20.087736,0.415848,-0.422638,0.421158,-0.686348,-24.457001,126.808258,7.155989,0.490236,-0.423413,0.322824,-0.690054,-16.822014,102.164063,1.061996,0.559860,-0.422987,0.243328,-0.669649,-7.225104,83.089157,-4.874133,-0.038411,0.859454,-0.116106,0.496369,-5.327395,124.308121,25.653053,0.583388,0.806826,0.004771,0.093093,4.442419,127.820297,42.010056,0.534138,0.815167,0.174593,0.140415,12.447922,102.840843,45.844765,0.522021,0.760234,0.341572,0.181295,20.940128,82.809212,46.768414,0.083948,0.878977,0.189889,0.429295,-9.102808,84.687569,12.743059,0.101425,0.942113,0.000154,0.319588,-8.551726,52.115612,-1.724939,-0.039566,0.936452,-0.007144,0.348485,-17.140278,8.076513,-4.652962,-0.095518,0.900985,-0.052508,0.419935,2.959648,84.878494,26.950672,0.003344,0.902541,-0.129887,0.410533,7.522964,50.080566,33.182819,-0.035864,0.876575,0.010762,0.479807,2.456305,6.634536,43.601574,-0.039566,0.936452,-0.007144,0.348485,-7.589910,2.237023,-14.987103,-0.035864,0.876575,0.010762,0.479807,14.647627,1.338832,36.156387
1111,9.258333,-0.001907,0.907602,-0.008593,0.419739,-3.080379,84.723938,19.699505,-0.061762,0.904420,0.110628,0.407395,-3.051709,92.364555,19.568077,-0.010441,0.912513,0.000156,0.408915,-6.778315,110.233284,22.333427,0.072778,0.896202,-0.154770,0.409355,-7.165862,130.432632,22.166660,0.185145,0.837021,-0.328257,0.396691,-2.125660,143.404358,17.870272,0.083929,0.930488,-0.027254,0.355536,-10.319346,124.102592,20.027348,0.414823,-0.423691,0.420126,-0.686952,-24.522125,126.753082,7.120289,0.490293,-0.424178,0.321551,-0.690138,-16.888363,102.132813,0.928828,0.562210,-0.422247,0.244566,-0.667694,-7.287598,83.085442,-5.056801,-0.038519,0.860234,-0.114530,0.495375,-5.363657,124.243568,25.585785,0.581968,0.807886,0.005417,0.092758,4.444035,127.725792,41.926514,0.533585,0.815527,0.175995,0.138664,12.540573,102.771317,45.732559,0.519149,0.762169,0.342435,0.179782,21.084023,82.745781,46.568222,0.082498,0.879533,0.186724,0.429826,-9.115836,84.624451,12.599349,0.100987,0.940544,-0.000504,0.324312,-8.567003,51.950329,-1.636493,-0.039112,0.936667,-0.001026,0.348029,-17.123365,7.903290,-4.539142,-0.096460,0.900923,-0.053062,0.419784,2.955077,84.823425,26.799662,0.003419,0.902743,-0.131050,0.409719,7.562389,50.042564,33.094360,-0.035979,0.876634,0.011069,0.479683,2.456247,6.623873,43.607353,-0.039112,0.936667,-0.001026,0.348029,-7.568845,2.218011,-14.955103,-0.035979,0.876634,0.011069,0.479683,14.648000,1.337320,36.156376
1112,9.266667,-0.002700,0.907780,-0.008783,0.419345,-3.078667,84.663857,19.545153,-0.061295,0.904652,0.111896,0.406604,-3.059831,92.304367,19.405994,-0.010960,0.912892,0.001859,0.408051,-6.786922,110.163567,22.223251,0.072992,0.897124,-0.152681,0.408080,-7.221854,130.362320,22.111120,0.183715,0.839582,-0.324619,0.394936,-2.206890,143.358170,17.858332,0.083798,0.930913,-0.025627,0.354573,-10.364697,124.030663,19.960985,0.413603,-0.424952,0.418739,-0.687755,-24.594851,126.701187,7.088247,0.489969,-0.424861,0.320918,-0.690243,-16.956139,102.113365,0.775170,0.564106,-0.420694,0.246305,-0.666435,-7.365754,83.080498,-5.249975,-0.038773,0.860988,-0.112787,0.494444,-5.398648,124.168411,25.510252,0.581042,0.808727,0.004561,0.091270,4.443986,127.622726,41.835892,0.532416,0.816649,0.176338,0.136098,12.612157,102.686562,45.608883,0.520696,0.761414,0.342777,0.177843,21.232088,82.714081,46.360283,0.080595,0.880345,0.183602,0.429870,-9.120210,84.549530,12.450396,0.100803,0.939068,-0.000366,0.328619,-8.551782,51.770844,-1.542234,-0.038075,0.936840,0.005130,0.347641,-17.075283,7.720444,-4.490312,-0.097211,0.900884,-0.053603,0.419625,2.962875,84.778183,26.639908,0.003456,0.902926,-0.132421,0.408873,7.602650,50.011814,32.990543,-0.036428,0.876768,0.010638,0.479415,2.453025,6.625619,43.615913,-0.038075,0.936840,0.005130,0.347641,-7.521577,2.185215,-14.987530,-0.036428,0.876768,0.010638,0.479415,14.642574,1.334557,36.164528
1113,9.275000,-0.003398,0.907875,-0.008913,0.419132,-3.085146,84.604332,19.385544,-0.061300,0.904829,0.113032,0.405895,-3.075203,92.244743,19.240105,-0.010981,0.913272,0.003597,0.407186,-6.816516,110.092415,22.097237,0.072764,0.898236,-0.149750,0.406758,-7.280917,130.290771,22.049309,0.182592,0.842004,-0.321191,0.393098,-2.311627,143.323074,17.854864,0.083670,0.931166,-0.023811,0.354065,-10.418730,123.961319,19.885376,0.412072,-0.426013,0.417753,-0.688616,-24.663662,126.653465,7.033504,0.489345,-0.425529,0.320659,-0.690394,-17.029099,102.093819,0.606752,0.565119,-0.419821,0.247078,-0.665840,-7.456986,83.064903,-5.455842,-0.039078,0.861796,-0.110905,0.493438,-5.442187,124.088882,25.425476,0.579953,0.809617,0.004915,0.090282,4.438028,127.514221,41.734516,0.531206,0.817474,0.177304,0.134610,12.682746,102.595940,45.458790,0.520053,0.761646,0.344460,0.175467,21.376966,82.651405,46.149128,0.078790,0.881114,0.180266,0.430040,-9.129942,84.477203,12.293776,0.101227,0.937721,-0.000359,0.332313,-8.552577,51.591499,-1.445062,-0.038143,0.936632,0.010651,0.348069,-17.099577,7.548809,-4.439896,-0.098129,0.901111,-0.054246,0.418841,2.959649,84.731468,26.477314,0.003534,0.903104,-0.133592,0.408097,7.643694,49.982815,32.892109,-0.036028,0.876719,0.011000,0.479525,2.453909,6.624672,43.612022,-0.038143,0.936632,0.010651,0.348069,-7.518607,2.160361,-14.988509,-0.036028,0.876719,0.011000,0.479525,14.643121,1.336963,36.157703
1114,9.283333,-0.004333,0.907927,-0.008490,0.419021,-3.076617,84.545166,19.223581,-0.061590,0.904890,0.114000,0.405443,-3.082364,92.185577,19.078020,-0.010814,0.913520,0.005114,0.406618,-6.847657,110.031250,21.965639,0.072605,0.899154,-0.148225,0.405314,-7.330880,130.229218,21.976740,0.181395,0.844714,-0.316658,0.391511,-2.390826,143.280548,17.806997,0.083525,0.931544,-0.021936,0.353226,-10.465569,123.903122,19.798498,0.410580,-0.427331,0.416558,-0.689414,-24.734430,126.617722,6.977926,0.488674,-0.426343,0.320588,-0.690401,-17.106638,102.089081,0.425892,0.565940,-0.419048,0.248130,-0.665238,-7.561290,83.053436,-5.674015,-0.039212,0.862586,-0.108603,0.492558,-5.482088,124.019310,25.332611,0.578840,0.810522,0.005683,0.089250,4.431352,127.402603,41.630264,0.530058,0.818179,0.178477,0.133297,12.754268,102.500938,45.291222,0.518912,0.762155,0.345705,0.174179,21.515100,82.588318,45.920597,0.076340,0.882826,0.177373,0.428169,-9.123017,84.405533,12.133416,0.102293,0.937134,0.000188,0.333640,-8.513414,51.418964,-1.360048,-0.039558,0.936129,0.014892,0.349108,-17.128483,7.395768,-4.445096,-0.098795,0.901210,-0.054663,0.418416,2.969784,84.684792,26.313745,0.003495,0.903071,-0.135001,0.407708,7.686554,49.948734,32.772606,-0.036206,0.876698,0.010900,0.479553,2.452969,6.624606,43.608116,-0.039558,0.936129,0.014892,0.349108,-7.496431,2.135743,-15.011994,-0.036206,0.876698,0.010900,0.479553,14.643927,1.336980,36.156593
1115,9.291667,-0.004802,0.908061,-0.007766,0.418739,-3.079750,84.494362,19.062210,-0.061940,0.904952,0.114574,0.405090,-3.096692,92.134895,18.923702,-0.011008,0.913681,0.006622,0.406228,-6.881523,109.976959,21.826799,0.072937,0.899997,-0.146234,0.404106,-7.396643,130.174042,21.890585,0.180281,0.847410,-0.312336,0.389667,-2.477031,143.246964,17.764524,0.083265,0.931769,-0.019486,0.352838,-10.523242,123.848656,19.698719,0.409147,-0.428313,0.415614,-0.690226,-24.804382,126.588394,6.897199,0.487569,-0.427339,0.321174,-0.690294,-17.179489,102.087532,0.238726,0.566229,-0.418123,0.249412,-0.665096,-7.689213,83.036346,-5.892191,-0.039000,0.863252,-0.106657,0.491833,-5.535102,123.958412,25.228760,0.577916,0.811372,0.006177,0.087471,4.406610,127.295471,41.518707,0.528796,0.818837,0.179843,0.132427,12.802866,102.405754,45.092304,0.512436,0.765584,0.348035,0.173671,21.646755,82.488373,45.673832,0.074528,0.884708,0.175093,0.425534,-9.130464,84.352478,11.975776,0.102732,0.935954,0.000197,0.336803,-8.519366,51.289131,-1.328348,-0.040412,0.935524,0.018233,0.350471,-17.160269,7.274041,-4.456478,-0.099438,0.901143,-0.055153,0.418344,2.970964,84.636246,26.148642,0.003320,0.903029,-0.136296,0.407371,7.714241,49.913116,32.657433,-0.036469,0.876716,0.010868,0.479500,2.451536,6.620479,43.604107,-0.040412,0.935524,0.018233,0.350471,-7.478789,2.113203,-15.027104,-0.036469,0.876716,0.010868,0.479500,14.644006,1.335782,36.152996
1116,9.300000,-0.005053,0.908084,-0.006943,0.418701,-3.080511,84.469048,18.922638,-0.063028,0.904871,0.114753,0.405052,-3.106216,92.109726,18.793941,-0.010615,0.913729,0.007957,0.406108,-6.931434,109.953072,21.687756,0.073262,0.900859,-0.144265,0.402831,-7.453937,130.149704,21.807329,0.179466,0.850060,-0.308220,0.387544,-2.554982,143.243790,17.723980,0.082881,0.932001,-0.017717,0.352407,-10.578860,123.829231,19.598961,0.407507,-0.429577,0.414527,-0.691064,-24.874243,126.580360,6.815797,0.486747,-0.428495,0.322150,-0.689702,-17.258978,102.110802,0.032370,0.566406,-0.418151,0.250084,-0.664674,-7.835367,83.018753,-6.116529,-0.038337,0.863762,-0.105178,0.491308,-5.589139,123.925591,25.127825,0.576592,0.812459,0.008027,0.085956,4.374582,127.210930,41.414837,0.527554,0.819499,0.180658,0.132179,12.865824,102.337006,44.872066,0.514074,0.764194,0.349454,0.172095,21.765697,82.455132,45.439293,0.075721,0.883503,0.172931,0.428701,-9.131778,84.329338,11.836635,0.102008,0.934090,-0.000615,0.342154,-8.615953,51.225124,-1.369569,-0.041420,0.935049,0.020318,0.351504,-17.203676,7.196727,-4.456658,-0.099777,0.901106,-0.055311,0.418322,2.970756,84.608765,26.008642,0.003044,0.902889,-0.137468,0.407289,7.730943,49.891689,32.537357,-0.036496,0.876608,0.010540,0.479704,2.448756,6.627736,43.587601,-0.041420,0.935049,0.020318,0.351504,-7.482491,2.103171,-15.023476,-0.036496,0.876608,0.010540,0.479704,14.643444,1.335476,36.145493
1117,9.308333,-0.004487,0.908079,-0.005641,0.418737,-3.084907,84.476166,18.783150,-0.064418,0.904779,0.114979,0.404975,-3.111088,92.117180,18.676146,-0.010248,0.913820,0.009170,0.405887,-6.984699,109.947792,21.555799,0.073444,0.901927,-0.141887,0.401251,-7.513486,130.143906,21.726320,0.179040,0.852775,-0.304378,0.384804,-2.644831,143.264450,17.691982,0.082805,0.932193,-0.016281,0.351986,-10.637546,123.827995,19.503685,0.405955,-0.430296,0.413529,-0.692127,-24.944904,126.596832,6.737746,0.485560,-0.430884,0.323018,-0.688644,-17.318588,102.160408,-0.151880,0.566995,-0.418912,0.249955,-0.663741,-8.006380,83.019035,-6.354825,-0.037882,0.864234,-0.103806,0.490805,-5.645045,123.912048,25.030241,0.575173,0.813627,0.010478,0.084133,4.339158,127.154694,41.313271,0.526987,0.819508,0.181927,0.132646,12.933497,102.296127,44.623096,0.507795,0.767538,0.351842,0.170985,21.875219,82.376099,45.183693,0.076591,0.882345,0.171471,0.431507,-9.135714,84.356194,11.696388,0.101139,0.931765,-0.001667,0.348686,-8.678686,51.225578,-1.445606,-0.042197,0.934994,0.020491,0.351549,-17.205631,7.181525,-4.477307,-0.099660,0.900748,-0.055388,0.419111,2.965900,84.596138,25.869911,0.002194,0.902173,-0.138522,0.408524,7.710589,49.878014,32.404285,-0.036899,0.876403,0.009721,0.480065,2.443559,6.639823,43.562054,-0.042197,0.934994,0.020491,0.351549,-7.474926,2.101031,-15.041653,-0.036899,0.876403,0.009721,0.480065,14.644544,1.333366,36.140400
1118,9.316667,-0.003395,0.908111,-0.004314,0.418694,-3.082428,84.511086,18.649618,-0.066315,0.904650,0.115023,0.404944,-3.101938,92.152428,18.568026,-0.009718,0.913893,0.010591,0.405700,-7.035503,109.956970,21.417675,0.073018,0.902993,-0.140308,0.399482,-7.567980,130.152374,21.649467,0.178705,0.855473,-0.299974,0.382421,-2.737359,143.293457,17.636335,0.082509,0.932340,-0.014614,0.351740,-10.691843,123.842636,19.409130,0.404810,-0.431970,0.412108,-0.692602,-25.007816,126.624146,6.655617,0.484478,-0.433102,0.324129,-0.687491,-17.395895,102.219666,-0.361948,0.567126,-0.418860,0.250365,-0.663507,-8.198709,83.030067,-6.603371,-0.037654,0.864305,-0.103216,0.490821,-5.696919,123.910919,24.933714,0.574371,0.814339,0.015009,0.082005,4.287349,127.134880,41.220413,0.525273,0.820063,0.183108,0.134374,12.949284,102.270676,44.303967,0.505360,0.768510,0.352960,0.171531,21.962099,82.351044,44.917057,0.076801,0.882439,0.169902,0.431899,-9.134066,84.419968,11.563138,0.100690,0.930634,-0.002524,0.351818,-8.734273,51.253464,-1.489901,-0.042710,0.934927,0.019871,0.351701,-17.240891,7.201576,-4.464340,-0.099571,0.900286,-0.055669,0.420086,2.969209,84.602203,25.736099,0.001409,0.901414,-0.139389,0.409905,7.692602,49.885021,32.290924,-0.037327,0.876238,0.008362,0.480358,2.440190,6.668255,43.538239,-0.042710,0.934927,0.019871,0.351701,-7.503265,2.110290,-15.017109,-0.037327,0.876238,0.008362,0.480358,14.644042,1.334585,36.140842
1119,9.325000,-0.002141,0.908229,-0.002935,0.418458,-3.075293,84.563843,18.527216,-0.067642,0.904609,0.115164,0.404777,-3.086239,92.205444,18.472782,-0.010086,0.913975,0.011976,0.405468,-7.059497,109.975815,21.303314,0.073380,0.904069,-0.138541,0.397595,-7.628195,130.169647,21.580372,0.177975,0.858663,-0.295386,0.379169,-2.818252,143.328812,17.601753,0.082397,0.932449,-0.013458,0.351522,-10.741844,123.859314,19.327564,0.403418,-0.433321,0.411103,-0.693168,-25.064472,126.652977,6.584172,0.482620,-0.435712,0.325092,-0.686694,-17.470633,102.276077,-0.547893,0.566017,-0.420483,0.251597,-0.662962,-8.404894,83.055115,-6.857421,-0.037631,0.864812,-0.101897,0.490205,-5.744228,123.924294,24.849754,0.573192,0.815172,0.019837,0.080941,4.263503,127.120720,41.127483,0.524526,0.819761,0.185694,0.135577,13.006371,102.262222,44.022923,0.503075,0.768994,0.354202,0.173509,22.041969,82.345406,44.624229,0.077256,0.883092,0.168284,0.431117,-9.130748,84.504707,11.443655,0.099931,0.929756,-0.002826,0.354345,-8.822359,51.304199,-1.525141,-0.043026,0.934889,0.018732,0.351826,-17.267809,7.238767,-4.473207,-0.099328,0.899603,-0.056063,0.421551,2.980163,84.622971,25.610775,0.000556,0.900531,-0.140045,0.411619,7.665470,49.905491,32.191296,-0.036626,0.875915,0.007636,0.481012,2.436495,6.705049,43.512012,-0.043026,0.934889,0.018732,0.351826,-7.527359,2.120731,-15.010424,-0.036626,0.875915,0.007636,0.481012,14.641195,1.344029,36.135811
1120,9.333333,-0.000576,0.908412,-0.001588,0.418073,-3.069612,84.626045,18.398136,-0.068492,0.904396,0.115828,0.404920,-3.067454,92.267799,18.372406,-0.010735,0.913822,0.013171,0.405760,-7.072567,109.999596,21.206570,0.073698,0.905008,-0.137697,0.395687,-7.684893,130.191681,21.516907,0.177022,0.862228,-0.289859,0.375776,-2.886910,143.358643,17.549685,0.081807,0.932407,-0.011975,0.351826,-10.783498,123.878418,19.251566,0.402539,-0.435876,0.409865,-0.692810,-25.101583,126.670708,6.502780,0.481696,-0.438153,0.325273,-0.685703,-17.571596,102.312744,-0.760490,0.564913,-0.423225,0.252768,-0.661712,-8.616664,83.089890,-7.126692,-0.037647,0.865291,-0.100940,0.489557,-5.789608,123.944923,24.777103,0.573221,0.815150,0.025147,0.079470,4.242679,127.121864,41.043518,0.522683,0.820368,0.187434,0.136627,12.996324,102.241966,43.713856,0.501193,0.769983,0.354595,0.173766,22.110031,82.345047,44.332035,0.077985,0.884271,0.166467,0.429270,-9.131143,84.603920,11.319564,0.098709,0.929202,-0.003011,0.356134,-8.952999,51.368107,-1.560953,-0.043605,0.934932,0.017392,0.351707,-17.297754,7.280946,-4.470671,-0.099175,0.898907,-0.056675,0.422987,2.991919,84.648163,25.476709,-0.000278,0.899641,-0.140653,0.413356,7.638302,49.933434,32.099201,-0.036440,0.875661,0.006215,0.481510,2.432384,6.748324,43.488815,-0.043605,0.934932,0.017392,0.351707,-7.557793,2.133498,-14.993999,-0.036440,0.875661,0.006215,0.481510,14.637001,1.350062,36.139698
1121,9.341667,0.000518,0.908572,-0.000931,0.417728,-3.067556,84.672157,18.280554,-0.069621,0.904341,0.116034,0.404792,-3.054421,92.313942,18.270937,-0.010724,0.913876,0.014586,0.405590,-7.093469,110.011864,21.091028,0.073540,0.906445,-0.135968,0.393016,-7.728537,130.202362,21.453903,0.176503,0.866092,-0.284100,0.371508,-2.968237,143.389740,17.509151,0.081420,0.932354,-0.010402,0.352106,-10.820868,123.891487,19.173401,0.401207,-0.438190,0.409292,-0.692461,-25.133783,126.690964,6.420372,0.480306,-0.440644,0.325122,-0.685153,-17.686186,102.343155,-0.960953,0.563589,-0.426493,0.254505,-0.660075,-8.836615,83.134613,-7.405990,-0.038297,0.865858,-0.099450,0.488808,-5.824921,123.949348,24.697182,0.573241,0.815160,0.029182,0.077831,4.233859,127.117775,40.948902,0.521755,0.820043,0.190674,0.137640,12.999975,102.222267,43.425785,0.497668,0.770357,0.357323,0.176630,22.142550,82.341209,44.011894,0.078860,0.885959,0.165067,0.426159,-9.134464,84.673683,11.206553,0.097252,0.929145,-0.003093,0.356684,-9.100381,51.414585,-1.614903,-0.044553,0.934955,0.016570,0.351567,-17.325615,7.301789,-4.475867,-0.098887,0.898393,-0.057640,0.424015,2.999352,84.670631,25.354555,-0.001281,0.898703,-0.140887,0.415311,7.590337,49.959698,32.035328,-0.035669,0.875367,0.005747,0.482108,2.431970,6.780639,43.469448,-0.044553,0.934955,0.016570,0.351567,-7.581313,2.142685,-14.989467,-0.035669,0.875367,0.005747,0.482108,14.636868,1.360346,36.137016
1122,9.350000,0.001686,0.908733,-0.000482,0.417374,-3.070564,84.710899,18.150946,-0.070210,0.904356,0.116827,0.404428,-3.044072,92.352661,18.155014,-0.011135,0.914027,0.015888,0.405190,-7.110437,110.029770,20.991909,0.074590,0.907787,-0.134733,0.390136,-7.781818,130.218307,21.396412,0.175638,0.870329,-0.277979,0.366615,-3.024339,143.413605,17.474831,0.080956,0.932169,-0.009180,0.352735,-10.864679,123.906471,19.105759,0.399900,-0.440341,0.408667,-0.692222,-25.163313,126.705063,6.336535,0.478728,-0.443513,0.324959,-0.684484,-17.788799,102.370140,-1.159769,0.561785,-0.430598,0.255565,-0.658536,-9.057728,83.170387,-7.696467,-0.038691,0.866316,-0.098596,0.488138,-5.864036,123.962173,24.625307,0.573343,0.814982,0.034319,0.076845,4.218915,127.125778,40.862976,0.520563,0.819770,0.194624,0.138250,12.986922,102.211868,43.140186,0.497581,0.768703,0.359769,0.179098,22.168694,82.367859,43.666035,0.079851,0.887512,0.163432,0.423363,-9.142932,84.735718,11.081676,0.095548,0.929425,-0.002976,0.356413,-9.262518,51.449512,-1.668748,-0.045397,0.934991,0.016139,0.351383,-17.343988,7.307109,-4.482444,-0.098931,0.897534,-0.058567,0.425694,3.001804,84.686089,25.220215,-0.002166,0.897824,-0.141210,0.417093,7.554539,49.983456,31.969929,-0.035517,0.875164,0.004622,0.482498,2.432870,6.812877,43.452442,-0.045397,0.934991,0.016139,0.351383,-7.596265,2.145570,-14.991671,-0.035517,0.875164,0.004622,0.482498,14.637486,1.363095,36.141441
1123,9.358333,0.002952,0.908888,-0.000990,0.417028,-3.096142,84.741943,18.030857,-0.070698,0.904457,0.117471,0.403930,-3.048821,92.383598,18.035925,-0.011155,0.914277,0.017124,0.404573,-7.138336,110.049583,20.888210,0.075560,0.909407,-0.132882,0.386798,-7.830362,130.236465,21.338476,0.174891,0.874774,-0.271884,0.360920,-3.086503,143.446854,17.451366,0.080439,0.932033,-0.008312,0.353235,-10.909706,123.926476,19.037992,0.398227,-0.442332,0.408378,-0.692088,-25.197918,126.717667,6.255481,0.476812,-0.446329,0.324762,-0.684084,-17.904022,102.393295,-1.353116,0.559750,-0.434330,0.255635,-0.657790,-9.286160,83.201645,-7.992429,-0.038987,0.867108,-0.097284,0.486970,-5.901624,123.975197,24.550858,0.573893,0.814591,0.037278,0.075495,4.224580,127.120697,40.765114,0.520070,0.819245,0.198748,0.137344,12.970023,102.185532,42.891415,0.494332,0.768751,0.363208,0.180936,22.181669,82.361526,43.291828,0.080474,0.889124,0.162210,0.420322,-9.173784,84.784264,10.966203,0.093839,0.929845,-0.002868,0.355773,-9.414072,51.476837,-1.726955,-0.046329,0.935068,0.015860,0.351069,-17.352587,7.305274,-4.489462,-0.099263,0.896818,-0.059373,0.427013,2.981500,84.699623,25.095514,-0.002951,0.897173,-0.141447,0.418407,7.520387,50.008465,31.913202,-0.034573,0.874969,0.004147,0.482926,2.436317,6.844276,43.436398,-0.046329,0.935068,0.015860,0.351069,-7.603027,2.146150,-14.998177,-0.034573,0.874969,0.004147,0.482926,14.636484,1.369662,36.136528
1124,9.366667,0.004127,0.908982,-0.001759,0.416810,-3.131519,84.761742,17.899038,-0.070536,0.904634,0.118431,0.403281,-3.062978,92.403236,17.900894,-0.011047,0.914633,0.018255,0.403721,-7.160549,110.068420,20.790979,0.076765,0.911057,-0.131573,0.383106,-7.866641,130.253769,21.285425,0.173866,0.879481,-0.265125,0.354956,-3.126492,143.471802,17.419817,0.079738,0.931829,-0.007576,0.353947,-10.945632,123.946404,18.977316,0.397940,-0.445328,0.406851,-0.691230,-25.218678,126.721512,6.174384,0.475850,-0.449834,0.324213,-0.682717,-17.999809,102.415176,-1.562313,0.558088,-0.438426,0.255143,-0.656676,-9.517302,83.233246,-8.295654,-0.039060,0.867505,-0.096776,0.486359,-5.927258,123.987137,24.480879,0.574296,0.814347,0.040082,0.073595,4.221779,127.123810,40.682560,0.519650,0.818811,0.202510,0.136024,12.957668,102.171455,42.639656,0.491982,0.768475,0.366518,0.181834,22.205444,82.358765,42.908413,0.080974,0.890160,0.160979,0.418502,-9.212380,84.818001,10.837255,0.092310,0.929793,-0.003111,0.356305,-9.548147,51.487946,-1.794202,-0.046808,0.935055,0.016128,0.351030,-17.366299,7.290912,-4.491829,-0.099895,0.895970,-0.060297,0.428512,2.949343,84.705475,24.960821,-0.003702,0.896524,-0.141580,0.419745,7.487984,50.031174,31.863850,-0.034868,0.874863,0.003182,0.483103,2.442252,6.870818,43.418198,-0.046808,0.935055,0.016128,0.351030,-7.611913,2.144092,-15.002096,-0.034868,0.874863,0.003182,0.483103,14.643684,1.376924,36.134956
1125,9.375000,0.004778,0.909058,-0.002830,0.416633,-3.175461,84.772308,17.785042,-0.069911,0.905042,0.118853,0.402351,-3.091061,92.413643,17.776146,-0.011027,0.915163,0.019253,0.402472,-7.169954,110.073402,20.692877,0.077654,0.912992,-0.129832,0.378891,-7.890852,130.257263,21.225498,0.173060,0.884404,-0.257860,0.348408,-3.169559,143.489395,17.385166,0.079328,0.931809,-0.006820,0.354107,-10.971098,123.951553,18.914495,0.396694,-0.448218,0.405826,-0.690681,-25.242275,126.722107,6.108482,0.474590,-0.453059,0.323846,-0.681634,-18.116135,102.433800,-1.769503,0.555923,-0.442941,0.253559,-0.656095,-9.756758,83.248070,-8.599603,-0.039369,0.867792,-0.096178,0.485940,-5.937714,123.986473,24.404379,0.574691,0.814045,0.042902,0.072248,4.226158,127.121124,40.597153,0.520109,0.817806,0.206552,0.134223,12.948399,102.152969,42.408161,0.488343,0.769037,0.371046,0.180077,22.205248,82.320328,42.510624,0.081216,0.891105,0.160338,0.416686,-9.258974,84.831276,10.725559,0.091033,0.929416,-0.003760,0.357611,-9.655454,51.489342,-1.872733,-0.047276,0.935038,0.016658,0.350987,-17.384968,7.271650,-4.486036,-0.100386,0.895445,-0.061057,0.429386,2.908052,84.713333,24.844522,-0.004452,0.896016,-0.141725,0.420773,7.447292,50.052608,31.815052,-0.034452,0.874655,0.002558,0.483514,2.443181,6.896493,43.403320,-0.047276,0.935038,0.016658,0.350987,-7.625243,2.143952,-15.000696,-0.034452,0.874655,0.002558,0.483514,14.644345,1.381702,36.135422
1126,9.383333,0.005501,0.909180,-0.003596,0.416352,-3.221040,84.772667,17.660868,-0.069065,0.905457,0.119457,0.401382,-3.121718,92.413803,17.645912,-0.011055,0.915694,0.020100,0.401222,-7.178976,110.075882,20.600037,0.079056,0.915001,-0.128178,0.374291,-7.913898,130.258362,21.164534,0.172164,0.889725,-0.249983,0.340965,-3.199218,143.500534,17.350718,0.078986,0.931756,-0.006158,0.354338,-10.995610,123.953720,18.852613,0.394673,-0.450489,0.405575,-0.690508,-25.262564,126.720787,6.041156,0.472727,-0.456405,0.323430,-0.680894,-18.233820,102.445892,-1.964606,0.554325,-0.446698,0.251661,-0.655630,-10.005292,83.271065,-8.908083,-0.039606,0.868082,-0.095746,0.485487,-5.947271,123.984383,24.328770,0.575341,0.813712,0.044056,0.070104,4.232906,127.117668,40.511559,0.520104,0.817500,0.209737,0.131131,12.931728,102.132225,42.192112,0.490021,0.766712,0.374706,0.177843,22.212496,82.342468,42.109768,0.081230,0.891636,0.159515,0.415862,-9.308773,84.837982,10.605085,0.090021,0.928687,-0.004539,0.359744,-9.743035,51.477451,-1.942624,-0.048240,0.934893,0.017229,0.351213,-17.408026,7.243869,-4.475841,-0.100956,0.895181,-0.061930,0.429678,2.866693,84.707344,24.716652,-0.005172,0.895441,-0.141989,0.421898,7.412382,50.062454,31.761324,-0.034496,0.874503,0.002028,0.483788,2.441756,6.913686,43.391273,-0.048240,0.934893,0.017229,0.351213,-7.631710,2.142139,-14.987715,-0.034496,0.874503,0.002028,0.483788,14.645389,1.386796,36.136738
1127,9.391667,0.005805,0.909202,-0.004151,0.416293,-3.263924,84.772667,17.545921,-0.068020,0.905913,0.120226,0.400301,-3.156854,92.413696,17.525179,-0.011208,0.916299,0.020471,0.399815,-7.185457,110.067192,20.523788,0.079818,0.917116,-0.126410,0.369524,-7.931158,130.248932,21.100647,0.171480,0.894929,-0.241757,0.333542,-3.241179,143.505997,17.308191,0.078776,0.931796,-0.005640,0.354286,-11.016027,123.943520,18.795019,0.393436,-0.453325,0.404287,-0.690113,-25.285690,126.710251,5.986509,0.470937,-0.459976,0.323172,-0.679853,-18.337574,102.461349,-2.167050,0.552061,-0.450424,0.250505,-0.655434,-10.255424,83.294258,-9.218675,-0.039934,0.868398,-0.095535,0.484936,-5.950956,123.974594,24.255699,0.576051,0.813331,0.044805,0.068202,4.248931,127.113388,40.424999,0.520404,0.817420,0.211997,0.126736,12.918358,102.110710,41.997608,0.491664,0.765728,0.376662,0.173360,22.245003,82.318718,41.703274,0.080593,0.892163,0.158638,0.415191,-9.352507,84.838837,10.490880,0.089598,0.928135,-0.005105,0.361263,-9.782875,51.451050,-1.984272,-0.048485,0.934788,0.018284,0.351406,-17.427048,7.211119,-4.469029,-0.101170,0.894963,-0.062602,0.429985,2.824659,84.706505,24.600965,-0.006064,0.895015,-0.142296,0.422685,7.360533,50.070667,31.696278,-0.034237,0.874368,0.001719,0.484052,2.439734,6.930667,43.379814,-0.048485,0.934788,0.018284,0.351406,-7.641029,2.140302,-14.986830,-0.034237,0.874368,0.001719,0.484052,14.643685,1.392734,36.134235
1128,9.400000,0.006265,0.909268,-0.004573,0.416138,-3.312287,84.768486,17.435923,-0.066702,0.906512,0.120693,0.399023,-3.196140,92.409370,17.412210,-0.011233,0.917026,0.020945,0.398119,-7.180842,110.053108,20.449417,0.080623,0.919387,-0.124284,0.364392,-7.934026,130.234039,21.044823,0.170561,0.900253,-0.233423,0.325527,-3.272764,143.509415,17.281155,0.078367,0.931871,-0.005137,0.354187,-11.024399,123.928955,18.745691,0.391981,-0.456406,0.403174,-0.689562,-25.299252,126.688095,5.941330,0.469164,-0.463512,0.322772,-0.678867,-18.452057,102.462677,-2.365952,0.550219,-0.453592,0.249239,-0.655281,-10.509265,83.301964,-9.529935,-0.040266,0.868524,-0.096001,0.484590,-5.939171,123.958183,24.187616,0.576523,0.813133,0.045274,0.066225,4.272688,127.115837,40.345688,0.521338,0.817103,0.213851,0.121725,12.927339,102.101860,41.816895,0.493397,0.765087,0.378571,0.166987,22.269653,82.312302,41.290447,0.079506,0.892488,0.157676,0.415070,-9.403168,84.839180,10.382912,0.089499,0.928032,-0.005288,0.361550,-9.796124,51.417305,-2.001847,-0.049332,0.934627,0.019055,0.351674,-17.437336,7.175961,-4.470457,-0.101464,0.895105,-0.063267,0.429523,2.778594,84.697792,24.488935,-0.006705,0.895049,-0.142638,0.422488,7.315925,50.072163,31.632990,-0.034215,0.874258,0.001351,0.484253,2.436241,6.941664,43.368725,-0.049332,0.934627,0.019055,0.351674,-7.634540,2.135257,-14.987106,-0.034215,0.874258,0.001351,0.484253,14.641544,1.394583,36.132431
1129,9.408333,0.006784,0.909244,-0.004748,0.416181,-3.352639,84.755997,17.329224,-0.065638,0.906898,0.121538,0.398066,-3.228161,92.396751,17.306404,-0.011382,0.917571,0.021088,0.396850,-7.188152,110.045326,20.392586,0.082015,0.921417,-0.122950,0.359371,-7.948304,130.225876,20.991953,0.169489,0.905614,-0.224652,0.317282,-3.291848,143.507523,17.244495,0.078090,0.931794,-0.004626,0.354457,-11.042315,123.919693,18.700760,0.391030,-0.459379,0.401730,-0.688970,-25.311440,126.675537,5.889291,0.467308,-0.467457,0.322390,-0.677623,-18.547020,102.476868,-2.562538,0.547309,-0.458071,0.247412,-0.655295,-10.763050,83.322830,-9.844748,-0.040240,0.869128,-0.096076,0.483494,-5.942114,123.950592,24.128649,0.577746,0.812529,0.044403,0.063525,4.310966,127.105591,40.261120,0.521670,0.817571,0.214609,0.115674,12.909386,102.066849,41.637630,0.497145,0.763892,0.379074,0.160057,22.301064,82.304123,40.876564,0.078234,0.892769,0.156613,0.415110,-9.442743,84.834137,10.275614,0.089650,0.928053,-0.005333,0.361458,-9.787341,51.374138,-2.007233,-0.049409,0.934533,0.020240,0.351847,-17.442686,7.135257,-4.476276,-0.101587,0.895210,-0.063872,0.429185,2.737464,84.677849,24.382833,-0.007420,0.895071,-0.143030,0.422297,7.266424,50.059486,31.567314,-0.034235,0.874187,0.001365,0.484379,2.431905,6.939957,43.361935,-0.049409,0.934533,0.020240,0.351847,-7.632063,2.127118,-15.001191,-0.034235,0.874187,0.001365,0.484379,14.639580,1.393627,36.129059
1130,9.416667,0.007006,0.909150,-0.004564,0.416386,-3.373202,84.737228,17.228580,-0.065200,0.907166,0.122564,0.397211,-3.246804,92.377960,17.209743,-0.011058,0.918090,0.020989,0.395662,-7.206873,110.032295,20.341959,0.084177,0.923318,-0.121621,0.354409,-7.952643,130.213303,20.943810,0.167642,0.911033,-0.215919,0.308698,-3.280358,143.496338,17.221018,0.077643,0.931759,-0.004116,0.354656,-11.056616,123.909142,18.660526,0.390174,-0.462666,0.400152,-0.688174,-25.322979,126.655724,5.844005,0.465640,-0.471341,0.321866,-0.676328,-18.652149,102.484451,-2.759229,0.545349,-0.461654,0.246952,-0.654588,-11.020092,83.336380,-10.157688,-0.040396,0.869748,-0.096565,0.482268,-5.942277,123.936668,24.075111,0.578839,0.811990,0.043371,0.061126,4.356183,127.102493,40.176521,0.522666,0.817596,0.215505,0.109157,12.903396,102.042175,41.477024,0.496683,0.765426,0.379627,0.152685,22.328518,82.268997,40.451260,0.077286,0.892757,0.155529,0.415719,-9.460068,84.820526,10.172235,0.089900,0.928057,-0.005457,0.361384,-9.769573,51.325893,-2.016786,-0.050050,0.934371,0.021329,0.352125,-17.449841,7.091174,-4.482939,-0.101636,0.895638,-0.064667,0.428160,2.713664,84.653931,24.284924,-0.007835,0.895242,-0.143324,0.421827,7.229229,50.043560,31.516144,-0.034541,0.874094,0.001378,0.484526,2.423097,6.932181,43.352074,-0.050050,0.934371,0.021329,0.352125,-7.623592,2.119403,-15.010518,-0.034541,0.874094,0.001378,0.484526,14.636366,1.390716,36.124916
1131,9.425000,0.007828,0.908915,-0.004405,0.416885,-3.413425,84.736900,17.134499,-0.064795,0.907326,0.123152,0.396730,-3.276614,92.377472,17.123180,-0.010545,0.918472,0.021141,0.394781,-7.229728,110.027405,20.282595,0.085584,0.925295,-0.120443,0.349282,-7.958333,130.208618,20.899004,0.166280,0.916233,-0.207199,0.299894,-3.288851,143.495911,17.187971,0.077250,0.931765,-0.003494,0.354730,-11.071734,123.908386,18.617668,0.389688,-0.465663,0.398507,-0.687382,-25.338406,126.649345,5.800279,0.463880,-0.475748,0.321111,-0.674809,-18.745428,102.504822,-2.937070,0.542721,-0.466578,0.245634,-0.653775,-11.278425,83.356133,-10.471080,-0.040311,0.870262,-0.097148,0.481230,-5.946855,123.928329,24.022310,0.579170,0.811973,0.042456,0.058820,4.390629,127.099083,40.097725,0.523949,0.817333,0.216546,0.102720,12.932183,102.033188,41.326248,0.500523,0.764019,0.380367,0.145165,22.359785,82.272911,40.032242,0.076434,0.892271,0.154354,0.417356,-9.492299,84.835281,10.071464,0.089961,0.928115,-0.005470,0.361219,-9.761741,51.305367,-2.021120,-0.050103,0.934335,0.021843,0.352179,-17.447893,7.071641,-4.486842,-0.101040,0.895523,-0.065152,0.428469,2.665449,84.638519,24.197533,-0.008813,0.894448,-0.143929,0.423284,7.125887,50.024025,31.443245,-0.034639,0.873861,0.001691,0.484938,2.356031,6.929737,43.355827,-0.050103,0.934335,0.021843,0.352179,-7.618537,2.114226,-15.018288,-0.034639,0.873861,0.001691,0.484938,14.578687,1.397735,36.137302
1132,9.433333,0.008374,0.908569,-0.003921,0.417632,-3.434063,84.736298,17.045340,-0.064797,0.907310,0.123645,0.396612,-3.292754,92.376793,17.044340,-0.009948,0.918681,0.021409,0.394294,-7.253546,110.026695,20.221172,0.087381,0.927059,-0.119516,0.344443,-7.963941,130.207916,20.857410,0.164422,0.921300,-0.198586,0.291094,-3.282961,143.494324,17.157642,0.077244,0.931800,-0.003489,0.354640,-11.085303,123.912575,18.573534,0.389714,-0.468857,0.396557,-0.686323,-25.354498,126.653503,5.758952,0.462447,-0.480527,0.320356,-0.672762,-18.837559,102.535690,-3.108232,0.540218,-0.472074,0.244495,-0.652329,-11.550738,83.374634,-10.774389,-0.039996,0.871163,-0.097504,0.479550,-5.954515,123.922966,23.972597,0.580277,0.811464,0.040559,0.056223,4.446483,127.084770,40.008759,0.525029,0.817553,0.216442,0.095421,12.935862,101.998413,41.179852,0.505018,0.762988,0.379867,0.136041,22.380743,82.256821,39.616623,0.076659,0.890962,0.153090,0.420563,-9.501158,84.847580,9.972374,0.089694,0.927718,-0.005866,0.362298,-9.780338,51.292412,-2.049752,-0.050134,0.934244,0.022397,0.352383,-17.454498,7.054797,-4.482711,-0.100910,0.895371,-0.065709,0.428731,2.633030,84.625015,24.118305,-0.009679,0.894034,-0.144093,0.424084,7.065901,50.013863,31.396791,-0.034643,0.873762,0.002082,0.485115,2.348811,6.925252,43.350830,-0.050134,0.934244,0.022397,0.352383,-7.618816,2.112698,-15.015448,-0.034643,0.873762,0.002082,0.485115,14.576359,1.403039,36.133091
1133,9.441667,0.009039,0.908206,-0.003575,0.418410,-3.451423,84.739388,16.962957,-0.064916,0.907297,0.123979,0.396520,-3.303097,92.379745,16.971128,-0.009332,0.918887,0.021567,0.393821,-7.271895,110.024284,20.157211,0.088784,0.928825,-0.118643,0.339596,-7.961593,130.205719,20.809490,0.162673,0.926133,-0.189908,0.282402,-3.278658,143.493027,17.115442,0.077306,0.931862,-0.002916,0.354470,-11.091617,123.915192,18.524153,0.389488,-0.471327,0.395144,-0.685573,-25.365126,126.666412,5.716571,0.460737,-0.485674,0.319320,-0.670729,-18.912046,102.570297,-3.255674,0.538225,-0.477645,0.242443,-0.650685,-11.815324,83.404160,-11.073527,-0.039590,0.872072,-0.097998,0.477829,-5.955107,123.916412,23.917784,0.581738,0.810759,0.037702,0.053188,4.510997,127.068535,39.913445,0.525704,0.817964,0.216347,0.088115,12.927933,101.955605,41.036934,0.510449,0.761006,0.378997,0.129127,22.396273,82.258842,39.209766,0.076704,0.890027,0.152217,0.422845,-9.506191,84.864510,9.879664,0.089544,0.927353,-0.006402,0.363260,-9.784534,51.290848,-2.090727,-0.050816,0.934182,0.022373,0.352449,-17.461229,7.051394,-4.481969,-0.100875,0.895104,-0.066227,0.429218,2.603344,84.614265,24.046251,-0.010431,0.893681,-0.144196,0.424774,7.013905,50.007473,31.358946,-0.034916,0.873675,0.002159,0.485251,2.344039,6.922910,43.346085,-0.050816,0.934182,0.022373,0.352449,-7.617197,2.116286,-15.010188,-0.034916,0.873675,0.002159,0.485251,14.576944,1.406620,36.132889
1134,9.450000,0.009620,0.907797,-0.003265,0.419287,-3.465001,84.738228,16.888142,-0.065324,0.907240,0.124323,0.396475,-3.310604,92.378448,16.904482,-0.008586,0.919082,0.021707,0.393375,-7.299788,110.027222,20.097601,0.090591,0.930515,-0.117754,0.334767,-7.963697,130.208939,20.767256,0.160755,0.930791,-0.181679,0.273455,-3.268121,143.494644,17.083496,0.077623,0.931817,-0.003050,0.354517,-11.103852,123.924217,18.479877,0.390258,-0.474823,0.392860,-0.684035,-25.374144,126.684914,5.670759,0.460140,-0.490718,0.318066,-0.668057,-19.000959,102.612328,-3.420943,0.536495,-0.483619,0.240858,-0.648285,-12.086907,83.437103,-11.360658,-0.039272,0.872837,-0.098307,0.476392,-5.961913,123.914574,23.868322,0.582592,0.810410,0.035684,0.050488,4.558278,127.057373,39.830296,0.526746,0.817883,0.216862,0.081102,12.937326,101.929321,40.897388,0.514122,0.759615,0.379534,0.120902,22.411369,82.258186,38.796181,0.076654,0.889285,0.151691,0.424600,-9.505867,84.875473,9.793219,0.089490,0.926767,-0.007231,0.364750,-9.773855,51.289856,-2.143837,-0.050781,0.934108,0.022507,0.352644,-17.469410,7.050559,-4.476619,-0.100936,0.894602,-0.066727,0.430170,2.575866,84.600975,23.983065,-0.011197,0.893140,-0.144213,0.425886,6.966886,49.999802,31.334034,-0.034937,0.873612,0.002415,0.485362,2.342967,6.917170,43.345905,-0.050781,0.934108,0.022507,0.352644,-7.621019,2.118856,-15.002349,-0.034937,0.873612,0.002415,0.485362,14.579189,1.407563,36.133232
1135,9.458333,0.010307,0.907220,-0.003106,0.420518,-3.482239,84.742813,16.810350,-0.065334,0.907130,0.124858,0.396556,-3.319361,92.382851,16.833521,-0.007878,0.919250,0.021845,0.392989,-7.317603,110.030304,20.044296,0.091898,0.932119,-0.117355,0.330054,-7.957129,130.212265,20.730612,0.158741,0.935143,-0.173548,0.264935,-3.256797,143.494446,17.040232,0.077568,0.931703,-0.002570,0.354832,-11.106692,123.933067,18.440979,0.390853,-0.477694,0.391254,-0.682615,-25.368660,126.698006,5.623513,0.459397,-0.496156,0.316510,-0.665286,-19.073729,102.638626,-3.557236,0.534687,-0.490598,0.237728,-0.645684,-12.353657,83.460831,-11.634417,-0.038798,0.873407,-0.099123,0.475215,-5.960055,123.913071,23.824907,0.583449,0.810038,0.034303,0.047428,4.604972,127.051254,39.758144,0.527853,0.817804,0.216718,0.074841,12.946934,101.907158,40.733963,0.518665,0.757947,0.379130,0.112971,22.419750,82.243355,38.398888,0.076492,0.888693,0.151185,0.426047,-9.503572,84.892746,9.699099,0.089525,0.926405,-0.008065,0.365641,-9.757754,51.294441,-2.202483,-0.050163,0.933948,0.022612,0.353148,-17.481293,7.056847,-4.474277,-0.101291,0.893880,-0.067196,0.431513,2.539094,84.592880,23.921602,-0.011788,0.892834,-0.144132,0.426539,6.926735,50.001312,31.319601,-0.034928,0.873581,0.002391,0.485418,2.344601,6.917787,43.344261,-0.050163,0.933948,0.022612,0.353148,-7.627580,2.121684,-14.993403,-0.034928,0.873581,0.002391,0.485418,14.581551,1.407509,36.133339
1136,9.466667,0.010830,0.906644,-0.003297,0.421746,-3.498096,84.748894,16.743118,-0.065546,0.906938,0.125493,0.396760,-3.326781,92.388741,16.767242,-0.007185,0.919335,0.021874,0.392801,-7.344314,110.040268,19.996729,0.093437,0.933566,-0.117428,0.325476,-7.958403,130.222610,20.695251,0.156692,0.939265,-0.165737,0.256439,-3.242417,143.494873,16.989182,0.077708,0.931584,-0.002199,0.355118,-11.116796,123.948692,18.403307,0.391631,-0.480561,0.389498,-0.681159,-25.370068,126.723419,5.578275,0.458989,-0.501590,0.314804,-0.662295,-19.148115,102.678421,-3.689472,0.533502,-0.497480,0.234810,-0.642459,-12.618740,83.493088,-11.898268,-0.038134,0.874256,-0.099315,0.473665,-5.967805,123.919090,23.784941,0.584181,0.809778,0.032079,0.044314,4.656197,127.033615,39.683575,0.528909,0.817610,0.216985,0.068459,12.968035,101.877045,40.592556,0.522436,0.756067,0.379859,0.105503,22.433928,82.235771,38.010994,0.076613,0.888134,0.150944,0.427276,-9.499955,84.905983,9.615576,0.089260,0.925821,-0.009040,0.367159,-9.752892,51.303791,-2.275076,-0.050110,0.933968,0.022327,0.353122,-17.482943,7.063434,-4.469604,-0.101704,0.892947,-0.067542,0.433290,2.503764,84.591805,23.870663,-0.012324,0.892396,-0.143985,0.427488,6.891696,50.009525,31.311787,-0.035319,0.873500,0.002055,0.485537,2.345440,6.923360,43.340618,-0.050110,0.933968,0.022327,0.353122,-7.631104,2.120074,-14.986640,-0.035319,0.873500,0.002055,0.485537,14.586637,1.410612,36.138790
1137,9.475000,0.011395,0.906073,-0.003646,0.422953,-3.517660,84.756004,16.681808,-0.065545,0.906817,0.126060,0.396857,-3.336294,92.395622,16.704985,-0.006605,0.919475,0.021954,0.392479,-7.363419,110.047234,19.953585,0.094429,0.934974,-0.117363,0.321143,-7.956985,130.229752,20.664516,0.154665,0.942956,-0.158501,0.248576,-3.239516,143.496994,16.942436,0.077986,0.931498,-0.002110,0.355282,-11.123269,123.960327,18.371159,0.392629,-0.483848,0.387180,-0.679577,-25.370350,126.746033,5.541630,0.459074,-0.506849,0.313274,-0.658949,-19.221006,102.723358,-3.831906,0.532359,-0.504033,0.231355,-0.639547,-12.881702,83.521210,-12.148180,-0.037481,0.874938,-0.099618,0.472393,-5.970387,123.922432,23.749014,0.584964,0.809415,0.030839,0.041395,4.702149,127.016495,39.619110,0.529871,0.817315,0.217481,0.062723,12.978682,101.845230,40.439121,0.525854,0.754249,0.380752,0.098052,22.436432,82.222107,37.629044,0.076916,0.887540,0.150640,0.428562,-9.500284,84.919701,9.538260,0.088914,0.925144,-0.009937,0.368922,-9.764612,51.314293,-2.343038,-0.050451,0.933977,0.021816,0.353080,-17.491653,7.069933,-4.466184,-0.102186,0.891829,-0.067738,0.435443,2.464965,84.592308,23.825356,-0.012933,0.891762,-0.143782,0.428859,6.859021,50.018917,31.304127,-0.034372,0.873400,0.002144,0.485785,2.351024,6.928879,43.333481,-0.050451,0.933977,0.021816,0.353080,-7.638638,2.116684,-14.977461,-0.034372,0.873400,0.002144,0.485785,14.587349,1.404903,36.131977
1138,9.483333,0.011859,0.905514,-0.004023,0.424132,-3.539052,84.767555,16.626163,-0.065040,0.906785,0.126190,0.396971,-3.348853,92.406967,16.647360,-0.006249,0.919605,0.022219,0.392166,-7.359360,110.050377,19.905495,0.095737,0.936226,-0.117367,0.317082,-7.943657,130.232605,20.632090,0.152101,0.946459,-0.151742,0.240948,-3.214367,143.491974,16.896919,0.078340,0.931467,-0.001632,0.355287,-11.114262,123.966301,18.336201,0.392635,-0.486251,0.386169,-0.678433,-25.359043,126.771271,5.508317,0.458241,-0.511955,0.311766,-0.656293,-19.291840,102.758278,-3.943196,0.530930,-0.510847,0.228226,-0.636444,-13.142138,83.562561,-12.384118,-0.037291,0.875629,-0.099306,0.471192,-5.957656,123.922112,23.710438,0.585890,0.808968,0.028906,0.038311,4.759341,127.000404,39.553619,0.530695,0.817191,0.217567,0.056805,12.991439,101.812241,40.298901,0.529045,0.752969,0.380267,0.092448,22.440697,82.221268,37.266510,0.076979,0.887252,0.150645,0.429144,-9.502850,84.935905,9.466997,0.088647,0.924651,-0.010893,0.370194,-9.763133,51.331299,-2.416680,-0.050299,0.933990,0.021441,0.353090,-17.496927,7.084450,-4.462064,-0.102700,0.890668,-0.067837,0.437678,2.424746,84.599213,23.785328,-0.013516,0.890952,-0.143587,0.430587,6.829077,50.034290,31.297123,-0.033462,0.873204,0.002085,0.486201,2.352001,6.940600,43.324940,-0.050299,0.933990,0.021441,0.353090,-7.646207,2.119546,-14.969997,-0.033462,0.873204,0.002085,0.486201,14.585884,1.402455,36.130177
1139,9.491667,0.012199,0.904957,-0.004308,0.425306,-3.556682,84.776939,16.573380,-0.064834,0.906650,0.126458,0.397228,-3.359948,92.416176,16.593088,-0.005615,0.919658,0.022441,0.392037,-7.369253,110.061981,19.862677,0.097533,0.937435,-0.116487,0.313263,-7.933427,130.244110,20.607674,0.149423,0.949779,-0.145860,0.233062,-3.185455,143.501205,16.888165,0.078675,0.931363,-0.001294,0.355487,-11.110917,123.983002,18.307112,0.392953,-0.488913,0.384781,-0.677124,-25.348148,126.804390,5.474447,0.457882,-0.516674,0.310425,-0.653474,-19.361820,102.804398,-4.061302,0.529929,-0.516900,0.225594,-0.633322,-13.389771,83.605186,-12.602890,-0.036326,0.876211,-0.099694,0.470102,-5.952696,123.928871,23.679708,0.586773,0.808533,0.027555,0.034837,4.806807,126.978111,39.499676,0.531414,0.816899,0.218164,0.051767,12.997484,101.773468,40.135830,0.529609,0.752803,0.380751,0.088492,22.444799,82.194580,36.898560,0.077118,0.886857,0.150500,0.429986,-9.501740,84.948555,9.398724,0.088425,0.924331,-0.011675,0.371022,-9.764060,51.342350,-2.480386,-0.050402,0.933981,0.021174,0.353115,-17.503817,7.093564,-4.460247,-0.103339,0.889728,-0.068007,0.439409,2.388376,84.605324,23.748037,-0.013822,0.890532,-0.143418,0.431502,6.812686,50.051434,31.298721,-0.033207,0.873106,0.001887,0.486394,2.354328,6.954143,43.320583,-0.050402,0.933981,0.021174,0.353115,-7.652195,2.122718,-14.964525,-0.033207,0.873106,0.001887,0.486394,14.587903,1.407643,36.131733
1140,9.500000,0.012448,0.904464,-0.004428,0.426346,-3.569555,84.785118,16.517593,-0.064256,0.906488,0.126780,0.397589,-3.368624,92.424248,16.537504,-0.005337,0.919614,0.022685,0.392133,-7.364887,110.070709,19.824839,0.099449,0.938300,-0.116156,0.310179,-7.922664,130.252502,20.583216,0.146151,0.952713,-0.140618,0.226285,-3.144156,143.500595,16.870794,0.079104,0.931283,-0.000568,0.355604,-11.101736,123.993980,18.277847,0.393125,-0.491428,0.383608,-0.675867,-25.333139,126.840591,5.444281,0.457291,-0.521216,0.309155,-0.650877,-19.429771,102.851357,-4.169939,0.528725,-0.522722,0.223229,-0.630382,-13.631542,83.653435,-12.812135,-0.036235,0.876722,-0.099142,0.469273,-5.944581,123.934578,23.651413,0.587013,0.808440,0.027838,0.032639,4.845368,126.968193,39.453648,0.532508,0.816284,0.218769,0.047493,13.028924,101.758835,39.986248,0.532921,0.751117,0.380705,0.082955,22.448523,82.184830,36.567814,0.077370,0.886237,0.150350,0.431268,-9.497995,84.959785,9.329270,0.088245,0.923800,-0.012586,0.372354,-9.763673,51.353161,-2.548566,-0.050440,0.933914,0.020931,0.353302,-17.516142,7.103506,-4.457871,-0.103877,0.888866,-0.068193,0.440994,2.358886,84.610443,23.705915,-0.014140,0.890037,-0.143325,0.432542,6.797417,50.066315,31.292843,-0.033025,0.872956,0.001635,0.486678,2.354170,6.967416,43.314541,-0.050440,0.933914,0.020931,0.353302,-7.660590,2.126842,-14.955707,-0.033025,0.872956,0.001635,0.486678,14.589399,1.412404,36.135082
1141,9.508333,0.012567,0.903929,-0.004470,0.427475,-3.576986,84.786072,16.466381,-0.063638,0.906332,0.126904,0.398004,-3.374160,92.425156,16.486736,-0.005010,0.919558,0.023072,0.392245,-7.354200,110.077843,19.786381,0.101132,0.939099,-0.115799,0.307338,-7.906023,130.259079,20.564272,0.142843,0.955365,-0.135965,0.219970,-3.101860,143.499832,16.858780,0.079517,0.931199,-0.000108,0.355733,-11.086459,124.003746,18.252077,0.392763,-0.493660,0.382801,-0.674908,-25.311756,126.871323,5.416420,0.456254,-0.525175,0.308314,-0.648818,-19.492155,102.893448,-4.276859,0.527185,-0.527761,0.221581,-0.628049,-13.855742,83.703995,-13.009662,-0.035607,0.877118,-0.099198,0.468567,-5.930571,123.937561,23.626778,0.587558,0.808143,0.027785,0.030157,4.886745,126.948692,39.414589,0.533048,0.815851,0.219935,0.043305,13.044673,101.729012,39.841175,0.535159,0.749713,0.381105,0.079335,22.463652,82.167351,36.236019,0.077529,0.885748,0.150107,0.432327,-9.487404,84.962189,9.263271,0.088140,0.923494,-0.013295,0.373114,-9.756598,51.352119,-2.604730,-0.050661,0.933870,0.020920,0.353388,-17.522583,7.102445,-4.457985,-0.104317,0.888220,-0.068379,0.442163,2.333431,84.609947,23.669491,-0.014394,0.889760,-0.143256,0.433126,6.783467,50.074154,31.287548,-0.032639,0.872914,0.001607,0.486778,2.355309,6.974140,43.310814,-0.050661,0.933870,0.020920,0.353388,-7.662895,2.128052,-14.953007,-0.032639,0.872914,0.001607,0.486778,14.588200,1.412958,36.132156
1142,9.516667,0.013092,0.903374,-0.004761,0.428628,-3.602759,84.783936,16.424961,-0.062924,0.906111,0.126797,0.398654,-3.390815,92.422775,16.444992,-0.004588,0.919388,0.023474,0.392625,-7.349202,110.085152,19.749968,0.102449,0.939818,-0.115483,0.304812,-7.892059,130.265778,20.549255,0.139588,0.957759,-0.131833,0.214085,-3.069765,143.501175,16.848135,0.079977,0.931065,0.000411,0.355980,-11.073597,124.014488,18.227720,0.391933,-0.495639,0.382307,-0.674220,-25.289259,126.905403,5.386625,0.455108,-0.528516,0.308101,-0.647010,-19.553429,102.939758,-4.386508,0.525233,-0.532501,0.220273,-0.626142,-14.068294,83.752426,-13.186396,-0.035149,0.877538,-0.098895,0.467880,-5.922092,123.940025,23.606514,0.588101,0.807851,0.027769,0.027253,4.921415,126.928055,39.380741,0.533385,0.815833,0.219921,0.039387,13.054329,101.698494,39.682209,0.538147,0.748387,0.380485,0.074466,22.476721,82.152733,35.931389,0.077263,0.885326,0.149896,0.433313,-9.494528,84.966331,9.206746,0.088185,0.923401,-0.013717,0.373317,-9.740552,51.348793,-2.640580,-0.050510,0.933824,0.020960,0.353528,-17.523932,7.100856,-4.462036,-0.104890,0.887691,-0.068249,0.443108,2.289011,84.601540,23.643177,-0.014647,0.889576,-0.143252,0.433496,6.770894,50.073040,31.275600,-0.032690,0.872898,0.001564,0.486804,2.358133,6.973577,43.306503,-0.050510,0.933824,0.020960,0.353528,-7.662523,2.126015,-14.955232,-0.032690,0.872898,0.001564,0.486804,14.591750,1.412096,36.129307
1143,9.525000,0.013169,0.902954,-0.004677,0.429511,-3.607387,84.781990,16.383282,-0.062477,0.905915,0.126732,0.399192,-3.394946,92.420807,16.405186,-0.004228,0.919232,0.023862,0.392971,-7.340561,110.090401,19.713249,0.103763,0.940414,-0.115128,0.302655,-7.876525,130.270416,20.532450,0.136143,0.959885,-0.128373,0.208819,-3.034371,143.500671,16.838896,0.080956,0.931029,0.000228,0.355853,-11.058666,124.022636,18.202278,0.390933,-0.497350,0.381983,-0.673723,-25.271706,126.946236,5.365676,0.453461,-0.531139,0.308429,-0.645861,-19.612846,102.993027,-4.482513,0.523250,-0.535479,0.220705,-0.625109,-14.260697,83.808426,-13.340621,-0.034591,0.877829,-0.098326,0.467495,-5.911160,123.940849,23.584791,0.588494,0.807641,0.027934,0.024711,4.947825,126.898506,39.354099,0.533575,0.815605,0.220888,0.035986,13.063222,101.662186,39.540653,0.539944,0.747119,0.381046,0.071256,22.493065,82.135895,35.640648,0.076870,0.885278,0.149482,0.433624,-9.485004,84.966187,9.153582,0.088272,0.923630,-0.013743,0.372729,-9.715432,51.335503,-2.656706,-0.050324,0.933856,0.021215,0.353455,-17.508024,7.089016,-4.474035,-0.105086,0.887275,-0.068327,0.443883,2.270230,84.597801,23.612982,-0.014928,0.889299,-0.143238,0.434060,6.755167,50.072990,31.260290,-0.032592,0.872825,0.001483,0.486942,2.357802,6.973898,43.298157,-0.050324,0.933856,0.021215,0.353455,-7.649461,2.118819,-14.972104,-0.032592,0.872825,0.001483,0.486942,14.592340,1.409166,36.125053
1144,9.533333,0.013166,0.902553,-0.004368,0.430355,-3.604048,84.780640,16.349054,-0.062121,0.905659,0.126626,0.399860,-3.393707,92.419502,16.375401,-0.003910,0.918992,0.024346,0.393504,-7.329589,110.097054,19.683481,0.105267,0.940892,-0.114404,0.300919,-7.861879,130.276230,20.525377,0.132616,0.961788,-0.125674,0.203918,-2.995386,143.503510,16.853270,0.081565,0.930819,0.000755,0.356263,-11.042770,124.031876,18.184340,0.389643,-0.499001,0.381999,-0.673241,-25.240671,126.984085,5.337544,0.451933,-0.533685,0.308898,-0.644608,-19.669645,103.040001,-4.582666,0.521293,-0.538619,0.220357,-0.624169,-14.452312,83.858963,-13.487780,-0.033705,0.878150,-0.098087,0.467008,-5.901467,123.942696,23.572659,0.588583,0.807602,0.028930,0.022626,4.977490,126.864449,39.334885,0.533985,0.815328,0.221411,0.032816,13.092525,101.627411,39.400898,0.542665,0.745751,0.380635,0.066982,22.514347,82.119568,35.369522,0.076554,0.885097,0.149088,0.434184,-9.468132,84.967079,9.108435,0.088481,0.923745,-0.013911,0.372388,-9.683887,51.324558,-2.668344,-0.049568,0.933862,0.021467,0.353530,-17.499893,7.081798,-4.475824,-0.105075,0.887016,-0.068354,0.444397,2.260035,84.594193,23.589676,-0.015176,0.889216,-0.143309,0.434196,6.738973,50.069489,31.240952,-0.033195,0.872871,0.000972,0.486820,2.356798,6.972906,43.293327,-0.049568,0.933862,0.021467,0.353530,-7.646667,2.110024,-14.978147,-0.033195,0.872871,0.000972,0.486820,14.592806,1.404271,36.125774
1145,9.541667,0.013089,0.902189,-0.004134,0.431122,-3.603603,84.778984,16.320934,-0.061763,0.905399,0.126562,0.400524,-3.395880,92.417908,16.350178,-0.003518,0.918744,0.024708,0.394065,-7.322633,110.103241,19.659687,0.105596,0.941463,-0.113433,0.299383,-7.846660,130.281815,20.520929,0.129601,0.963377,-0.123428,0.199687,-2.987477,143.516891,16.867235,0.082033,0.930524,0.001441,0.356924,-11.027596,124.041260,18.169870,0.388241,-0.500835,0.382073,-0.672647,-25.204271,127.018890,5.305511,0.450582,-0.535053,0.309891,-0.643942,-19.733438,103.083542,-4.691242,0.518364,-0.541415,0.220937,-0.623983,-14.611726,83.907486,-13.608977,-0.033104,0.878462,-0.097501,0.466585,-5.892839,123.944366,23.564297,0.588751,0.807496,0.029811,0.020828,5.002955,126.833878,39.320839,0.534037,0.815073,0.222601,0.030151,13.111663,101.594757,39.281979,0.543961,0.744648,0.381508,0.063700,22.537315,82.117722,35.126507,0.076018,0.884940,0.149028,0.434618,-9.455414,84.965866,9.070401,0.088884,0.923549,-0.014361,0.372762,-9.633737,51.316238,-2.686688,-0.049260,0.933858,0.021582,0.353577,-17.497217,7.081053,-4.473528,-0.104998,0.886866,-0.068475,0.444697,2.248208,84.592094,23.571468,-0.015475,0.888998,-0.143269,0.434647,6.715842,50.067402,31.229445,-0.033366,0.872790,0.000996,0.486953,2.353016,6.970614,43.288128,-0.049260,0.933858,0.021582,0.353577,-7.645758,2.108991,-14.977379,-0.033366,0.872790,0.000996,0.486953,14.593056,1.405138,36.124996
1146,9.550000,0.012862,0.901903,-0.003705,0.431732,-3.588229,84.776283,16.295898,-0.061672,0.905092,0.126447,0.401269,-3.386487,92.415344,16.329700,-0.003015,0.918430,0.025267,0.394765,-7.311703,110.104179,19.633968,0.107147,0.941664,-0.112851,0.298417,-7.826619,130.281754,20.523565,0.125461,0.964909,-0.121555,0.196046,-2.936397,143.511719,16.892838,0.082642,0.930340,0.001986,0.357258,-11.007232,124.046257,18.158712,0.386761,-0.502552,0.382176,-0.672159,-25.170755,127.052834,5.286601,0.449291,-0.536469,0.310712,-0.643271,-19.795506,103.127731,-4.786254,0.516699,-0.542924,0.221425,-0.623880,-14.764849,83.951050,-13.724247,-0.032832,0.878932,-0.096513,0.465925,-5.880648,123.938904,23.560711,0.589292,0.807124,0.030459,0.018911,5.039701,126.799416,39.305538,0.534090,0.814774,0.223908,0.027490,13.118678,101.551125,39.163116,0.544290,0.744182,0.382300,0.061549,22.555891,82.088699,34.877090,0.075881,0.884740,0.148683,0.435168,-9.430341,84.962685,9.037535,0.089135,0.923524,-0.014580,0.372755,-9.603744,51.304245,-2.694394,-0.048942,0.933835,0.021939,0.353660,-17.495247,7.073653,-4.471388,-0.104736,0.886778,-0.068774,0.444888,2.253883,84.589882,23.554260,-0.015701,0.888938,-0.143242,0.434770,6.693854,50.064194,31.223812,-0.033558,0.872800,0.001069,0.486922,2.348510,6.967354,43.288589,-0.048942,0.933835,0.021939,0.353660,-7.644199,2.107671,-14.978499,-0.033558,0.872800,0.001069,0.486922,14.590329,1.406405,36.124985
1147,9.558333,0.012803,0.901623,-0.003433,0.432319,-3.577029,84.772156,16.276052,-0.061843,0.904768,0.126194,0.402051,-3.377912,92.411270,16.313337,-0.002381,0.918101,0.025852,0.395495,-7.309139,110.106766,19.604292,0.108223,0.941907,-0.112025,0.297574,-7.810590,130.283279,20.525307,0.121794,0.966218,-0.120186,0.192731,-2.902985,143.513855,16.920351,0.083640,0.930096,0.002013,0.357662,-10.992089,124.053909,18.145529,0.385207,-0.503678,0.382748,-0.671884,-25.138002,127.096069,5.262406,0.447511,-0.537345,0.312118,-0.643099,-19.845978,103.174614,-4.863045,0.514897,-0.543447,0.223545,-0.624158,-14.899004,84.003403,-13.809818,-0.032060,0.879114,-0.096103,0.465721,-5.874046,123.934151,23.555361,0.589578,0.806931,0.031117,0.017068,5.055637,126.760414,39.299904,0.533754,0.814759,0.225025,0.025263,13.120264,101.508293,39.057438,0.544580,0.743485,0.383726,0.058460,22.586411,82.062843,34.664757,0.075726,0.884629,0.148476,0.435489,-9.409706,84.959648,9.010130,0.089370,0.923482,-0.014831,0.372793,-9.575791,51.295162,-2.704530,-0.049187,0.933782,0.021960,0.353765,-17.494932,7.069004,-4.468917,-0.104564,0.886692,-0.069059,0.445055,2.255648,84.584663,23.541975,-0.015868,0.888888,-0.143171,0.434889,6.674255,50.059204,31.224903,-0.033552,0.872775,0.001400,0.486966,2.343411,6.961003,43.290051,-0.049187,0.933782,0.021960,0.353765,-7.639006,2.106416,-14.973065,-0.033552,0.872775,0.001400,0.486966,14.587530,1.408080,36.124142
1148,9.566667,0.012961,0.901319,-0.003733,0.432946,-3.572189,84.760979,16.264820,-0.062083,0.904448,0.125913,0.402821,-3.368944,92.400002,16.299156,-0.001611,0.917791,0.026417,0.396180,-7.309349,110.108307,19.576040,0.108600,0.942180,-0.111525,0.296757,-7.792013,130.283752,20.529942,0.118595,0.967328,-0.118945,0.189904,-2.882758,143.516739,16.936155,0.084448,0.929848,0.002452,0.358112,-10.976242,124.061523,18.135143,0.383841,-0.505324,0.383065,-0.671249,-25.104406,127.138123,5.240737,0.446471,-0.537823,0.313241,-0.642876,-19.913315,103.221252,-4.947590,0.512306,-0.545178,0.224555,-0.624419,-15.021680,84.046585,-13.890232,-0.031273,0.879340,-0.095489,0.465472,-5.866237,123.927650,23.552233,0.589709,0.806844,0.031754,0.015440,5.074333,126.715401,39.296074,0.533783,0.814362,0.226606,0.023248,13.133579,101.462593,38.963760,0.544158,0.743044,0.385396,0.056995,22.607794,82.033295,34.458225,0.075525,0.884594,0.148442,0.435607,-9.394674,84.948593,8.990735,0.089629,0.923408,-0.015100,0.372902,-9.547736,51.281208,-2.715783,-0.049563,0.933751,0.022213,0.353779,-17.496937,7.059941,-4.467566,-0.104434,0.886578,-0.069242,0.445285,2.250296,84.573372,23.538906,-0.016036,0.888860,-0.143080,0.434970,6.652911,50.047791,31.230455,-0.033930,0.872799,0.001668,0.486896,2.337947,6.947729,43.294628,-0.049563,0.933751,0.022213,0.353779,-7.636204,2.108259,-14.972342,-0.033930,0.872799,0.001668,0.486896,14.586001,1.406756,36.126205
1149,9.575000,0.013067,0.901183,-0.003129,0.433230,-3.542966,84.745911,16.247025,-0.062654,0.904127,0.125859,0.403470,-3.342270,92.384949,16.290445,-0.000865,0.917497,0.026794,0.396838,-7.306503,110.105919,19.556776,0.109556,0.942297,-0.110067,0.296578,-7.768220,130.280640,20.536264,0.114534,0.968289,-0.118676,0.187653,-2.845929,143.521027,16.987823,0.085316,0.929567,0.002969,0.358633,-10.955965,124.065056,18.128920,0.381838,-0.505861,0.383985,-0.671460,-25.063965,127.179253,5.221468,0.444725,-0.538427,0.314989,-0.642727,-19.939125,103.268089,-5.013699,0.510932,-0.545379,0.226279,-0.624746,-15.126986,84.089958,-13.953057,-0.030597,0.879358,-0.095145,0.465555,-5.853695,123.918488,23.552971,0.589911,0.806677,0.032895,0.014004,5.085509,126.677322,39.302853,0.533411,0.814257,0.228010,0.021698,13.134371,101.422668,38.872921,0.543502,0.742851,0.386972,0.055049,22.633970,82.013626,34.279858,0.075602,0.884699,0.148307,0.435427,-9.360817,84.940125,8.969407,0.089812,0.923247,-0.015410,0.373245,-9.525348,51.270699,-2.731093,-0.050013,0.933724,0.022260,0.353784,-17.499308,7.053238,-4.466193,-0.104174,0.886477,-0.069708,0.445473,2.274885,84.551689,23.524643,-0.016100,0.888838,-0.143045,0.435023,6.644600,50.026859,31.238270,-0.033998,0.872809,0.002406,0.486870,2.335422,6.926086,43.301991,-0.050013,0.933724,0.022260,0.353784,-7.633783,2.107794,-14.969407,-0.033998,0.872809,0.002406,0.486870,14.587349,1.404106,36.125530
1150,9.583333,0.012948,0.900953,-0.002895,0.433713,-3.513062,84.740196,16.235231,-0.063011,0.903839,0.125960,0.404029,-3.315584,92.379311,16.281189,-0.000355,0.917262,0.027192,0.397355,-7.296577,110.104057,19.544134,0.109945,0.942426,-0.109434,0.296259,-7.746325,130.277939,20.546268,0.111148,0.969119,-0.118062,0.185785,-2.820362,143.521744,17.015743,0.086314,0.929320,0.003275,0.359033,-10.935423,124.067184,18.128262,0.379974,-0.506490,0.384760,-0.671600,-25.025665,127.220795,5.210984,0.443131,-0.538724,0.316769,-0.642704,-19.966171,103.316536,-5.072680,0.509438,-0.545439,0.228400,-0.625142,-15.218978,84.129807,-14.003092,-0.029560,0.879386,-0.095115,0.465575,-5.839260,123.911079,23.557789,0.589954,0.806624,0.033880,0.012805,5.101656,126.634155,39.312710,0.533233,0.813921,0.229749,0.020262,13.149494,101.380730,38.800606,0.543095,0.742276,0.388791,0.054012,22.665333,81.988380,34.113842,0.075777,0.884773,0.148128,0.435308,-9.323166,84.934219,8.951418,0.089948,0.923098,-0.015647,0.373570,-9.505980,51.262917,-2.743410,-0.049171,0.933710,0.022515,0.353923,-17.498463,7.048318,-4.466293,-0.103920,0.886315,-0.070031,0.445805,2.297042,84.546181,23.519043,-0.016196,0.888641,-0.142966,0.435448,6.637545,50.020790,31.246693,-0.034310,0.872875,0.002505,0.486730,2.333453,6.918254,43.305912,-0.049171,0.933710,0.022515,0.353923,-7.637682,2.100496,-14.972848,-0.034310,0.872875,0.002505,0.486730,14.586658,1.403097,36.126385
1151,9.591667,0.012946,0.900757,-0.002790,0.434122,-3.487751,84.736069,16.228142,-0.063016,0.903598,0.126069,0.404532,-3.291015,92.375191,16.275620,-0.000187,0.917033,0.027569,0.397858,-7.277396,110.106850,19.541302,0.110683,0.942409,-0.108668,0.296319,-7.727525,130.279892,20.559866,0.107552,0.969803,-0.117976,0.184379,-2.787678,143.525665,17.056244,0.087010,0.929097,0.003648,0.359437,-10.914193,124.071289,18.133160,0.378220,-0.506954,0.385518,-0.671806,-24.988522,127.254440,5.205777,0.441900,-0.538998,0.318122,-0.642654,-19.984863,103.356789,-5.120508,0.508600,-0.545504,0.229820,-0.625248,-15.290570,84.168091,-14.043035,-0.028849,0.879585,-0.094458,0.465377,-5.823986,123.910454,23.568130,0.590337,0.806327,0.034694,0.011628,5.125658,126.596939,39.323269,0.532705,0.813809,0.231457,0.019207,13.151082,101.338043,38.734497,0.542392,0.741702,0.390981,0.053133,22.697054,81.969765,33.973137,0.075943,0.884812,0.147850,0.435294,-9.291248,84.930832,8.939084,0.090091,0.923020,-0.015725,0.373726,-9.493511,51.255440,-2.743651,-0.048985,0.933733,0.022767,0.353870,-17.500084,7.043371,-4.466188,-0.103938,0.885796,-0.070080,0.446824,2.315747,84.541306,23.517200,-0.016104,0.888501,-0.142974,0.435735,6.646910,50.016666,31.253454,-0.034052,0.872831,0.002859,0.486824,2.331255,6.914058,43.308304,-0.048985,0.933733,0.022767,0.353870,-7.641691,2.100172,-14.977160,-0.034052,0.872831,0.002859,0.486824,14.585185,1.403906,36.126171
1152,9.600000,0.012881,0.900601,-0.002656,0.434448,-3.459349,84.734253,16.224697,-0.063322,0.903390,0.126222,0.404901,-3.264413,92.373405,16.273676,0.000169,0.916876,0.027909,0.398195,-7.265544,110.106766,19.538876,0.111150,0.942381,-0.108613,0.296253,-7.708327,130.279037,20.575594,0.104220,0.970422,-0.117551,0.183307,-2.756949,143.521896,17.077164,0.087910,0.928763,0.004098,0.360074,-10.895724,124.073944,18.140896,0.376428,-0.507340,0.386598,-0.671900,-24.946163,127.294731,5.196868,0.440571,-0.538804,0.319753,-0.642919,-20.007511,103.397141,-5.160782,0.507691,-0.545061,0.232265,-0.625469,-15.351767,84.204430,-14.066486,-0.028218,0.879581,-0.094107,0.465494,-5.809520,123.906090,23.579397,0.590351,0.806256,0.036292,0.010999,5.137291,126.565147,39.341152,0.532394,0.813563,0.233085,0.018526,13.162595,101.308121,38.675381,0.541452,0.741621,0.392536,0.052380,22.729973,81.951050,33.851341,0.076254,0.884645,0.147601,0.435663,-9.257591,84.928970,8.931461,0.090263,0.922801,-0.015890,0.374217,-9.482409,51.251732,-2.745507,-0.049130,0.933675,0.022758,0.354006,-17.507753,7.042935,-4.464428,-0.103962,0.885635,-0.070224,0.447114,2.338894,84.539528,23.517933,-0.015911,0.888435,-0.142998,0.435870,6.664348,50.016697,31.265385,-0.033904,0.872846,0.003040,0.486806,2.330487,6.914163,43.313950,-0.049130,0.933675,0.022758,0.354006,-7.644876,2.101241,-14.971894,-0.033904,0.872846,0.003040,0.486806,14.583534,1.406298,36.128571
1153,9.608333,0.012893,0.900471,-0.002534,0.434718,-3.431101,84.734879,16.224058,-0.063284,0.903195,0.126302,0.405317,-3.236824,92.374039,16.274849,0.000347,0.916679,0.028292,0.398622,-7.238728,110.104027,19.540878,0.111129,0.942391,-0.107616,0.296593,-7.681602,130.275421,20.594425,0.100807,0.970867,-0.117790,0.182702,-2.736614,143.528030,17.123989,0.088634,0.928570,0.004544,0.360390,-10.867002,124.072556,18.151464,0.374663,-0.507866,0.387416,-0.672018,-24.903666,127.325020,5.200411,0.439437,-0.538351,0.321315,-0.643296,-20.026905,103.432884,-5.199070,0.506885,-0.544318,0.234780,-0.625831,-15.397194,84.242210,-14.079632,-0.027685,0.879544,-0.093626,0.465693,-5.785863,123.899818,23.594545,0.590566,0.806081,0.036954,0.010007,5.154925,126.532745,39.364864,0.532031,0.813495,0.234224,0.017541,13.167834,101.273537,38.635460,0.541357,0.741007,0.393988,0.051130,22.758469,81.931160,33.750477,0.076625,0.884389,0.147287,0.436224,-9.224961,84.930733,8.927370,0.090405,0.922600,-0.015976,0.374673,-9.475624,51.250927,-2.741681,-0.049002,0.933660,0.022808,0.354059,-17.514673,7.044682,-4.462258,-0.104085,0.885532,-0.070321,0.447275,2.362761,84.539017,23.520746,-0.015631,0.888403,-0.143025,0.435935,6.691353,50.018978,31.278917,-0.033345,0.872854,0.003452,0.486829,2.333154,6.916347,43.318352,-0.049002,0.933660,0.022808,0.354059,-7.651773,2.102968,-14.969698,-0.033345,0.872854,0.003452,0.486829,14.583037,1.410524,36.126011
1154,9.616667,0.012872,0.900408,-0.002511,0.434849,-3.402210,84.732254,16.228590,-0.063472,0.903004,0.126344,0.405699,-3.208387,92.371429,16.279572,0.000595,0.916483,0.028687,0.399043,-7.218945,110.101936,19.542757,0.111478,0.942311,-0.107089,0.296908,-7.659462,130.272430,20.614731,0.097603,0.971283,-0.117910,0.182156,-2.707693,143.527420,17.163158,0.089432,0.928299,0.004989,0.360884,-10.843647,124.072357,18.163063,0.372927,-0.507766,0.388704,-0.672316,-24.861008,127.358887,5.199705,0.438210,-0.537935,0.322664,-0.643806,-20.031843,103.463455,-5.214419,0.505863,-0.544242,0.236573,-0.626048,-15.422366,84.273094,-14.082824,-0.027167,0.879557,-0.093063,0.465813,-5.767521,123.893700,23.610630,0.590726,0.805936,0.037698,0.009414,5.170046,126.499245,39.387737,0.531758,0.813370,0.235324,0.016860,13.173553,101.238525,38.609295,0.540392,0.741128,0.395140,0.050703,22.782919,81.905350,33.674114,0.077068,0.883945,0.147027,0.437133,-9.193964,84.927910,8.930222,0.090527,0.922419,-0.016035,0.375087,-9.468688,51.247501,-2.736537,-0.049162,0.933634,0.022839,0.354104,-17.518965,7.043415,-4.459971,-0.104498,0.884452,-0.069813,0.449390,2.389544,84.536591,23.526958,-0.015078,0.888608,-0.143358,0.435428,6.741789,50.017612,31.276590,-0.033345,0.872896,0.003167,0.486755,2.333184,6.922025,43.322884,-0.049162,0.933634,0.022839,0.354104,-7.653351,2.104355,-14.966109,-0.033345,0.872896,0.003167,0.486755,14.580429,1.409151,36.131443
1155,9.625000,0.012837,0.900372,-0.002517,0.434924,-3.372692,84.730949,16.238523,-0.063787,0.902857,0.126177,0.406029,-3.179315,92.370132,16.289223,0.001178,0.916331,0.029154,0.399357,-7.198000,110.096024,19.539814,0.111661,0.942287,-0.106270,0.297211,-7.624853,130.265381,20.638306,0.094308,0.971651,-0.118240,0.181711,-2.672956,143.526794,17.211676,0.090046,0.928161,0.005337,0.361083,-10.811827,124.070847,18.176287,0.371506,-0.507850,0.389452,-0.672606,-24.819349,127.383896,5.209051,0.437018,-0.537516,0.324170,-0.644210,-20.025564,103.492416,-5.230419,0.505256,-0.542924,0.238732,-0.626863,-15.442367,84.305229,-14.077744,-0.026890,0.879443,-0.092389,0.466177,-5.739447,123.881340,23.626976,0.590662,0.805946,0.038574,0.008967,5.185565,126.466454,39.416130,0.531603,0.813130,0.236529,0.016502,13.193497,101.208603,38.591286,0.539387,0.741136,0.396498,0.050687,22.812542,81.885834,33.615341,0.077373,0.883647,0.146863,0.437736,-9.163245,84.925972,8.939187,0.090749,0.922432,-0.015976,0.375004,-9.454341,51.245476,-2.726926,-0.049305,0.933585,0.022695,0.354222,-17.521004,7.044828,-4.462049,-0.104491,0.885017,-0.069900,0.448265,2.417861,84.535919,23.537861,-0.014791,0.888449,-0.143405,0.435746,6.776728,50.017715,31.287210,-0.032951,0.872890,0.003420,0.486791,2.339055,6.922564,43.324394,-0.049305,0.933585,0.022695,0.354222,-7.651692,2.103635,-14.963707,-0.032951,0.872890,0.003420,0.486791,14.584229,1.410241,36.129017
1156,9.633333,0.012751,0.900389,-0.002602,0.434891,-3.342215,84.725433,16.255541,-0.064065,0.902710,0.125994,0.406368,-3.149448,92.364647,16.304487,0.001586,0.916147,0.029569,0.399747,-7.177061,110.096062,19.544224,0.111595,0.942290,-0.104857,0.297726,-7.595976,130.264374,20.664452,0.091046,0.971929,-0.118929,0.181440,-2.654017,143.539673,17.277390,0.090453,0.927971,0.005719,0.361464,-10.783606,124.073959,18.192978,0.370261,-0.507814,0.390350,-0.672799,-24.777636,127.406403,5.216143,0.436185,-0.536861,0.325353,-0.644724,-20.019033,103.513145,-5.235373,0.504501,-0.542202,0.240210,-0.627531,-15.441222,84.328476,-14.060704,-0.026558,0.879470,-0.091658,0.466290,-5.715882,123.876236,23.647707,0.590744,0.805869,0.039059,0.008421,5.205736,126.437271,39.443142,0.531659,0.812914,0.237175,0.016051,13.209096,101.179268,38.579594,0.538456,0.741421,0.397251,0.050517,22.825722,81.864799,33.571716,0.077713,0.883471,0.146711,0.438083,-9.133344,84.918335,8.956603,0.090937,0.922102,-0.015985,0.375769,-9.445968,51.238422,-2.710652,-0.049100,0.933581,0.022917,0.354245,-17.526892,7.040876,-4.458132,-0.104483,0.885330,-0.069790,0.447665,2.448913,84.532532,23.554480,-0.014420,0.888358,-0.143537,0.435902,6.816048,50.013115,31.293758,-0.032971,0.872900,0.003364,0.486771,2.341386,6.920400,43.325962,-0.049100,0.933581,0.022917,0.354245,-7.658530,2.103364,-14.962417,-0.032971,0.872900,0.003364,0.486771,14.586160,1.406981,36.130733
1157,9.641667,0.012602,0.900431,-0.002665,0.434808,-3.307225,84.723709,16.274261,-0.064450,0.902568,0.125866,0.406663,-3.116081,92.362976,16.321329,0.001953,0.915977,0.030020,0.400102,-7.156350,110.096825,19.550224,0.111836,0.942158,-0.104444,0.298200,-7.569409,130.264008,20.692886,0.087970,0.972183,-0.119240,0.181394,-2.621835,143.541260,17.321814,0.090785,0.927771,0.006259,0.361885,-10.757203,124.077438,18.211988,0.369233,-0.507736,0.391149,-0.672959,-24.737103,127.428795,5.224794,0.435626,-0.536106,0.326407,-0.645198,-20.007389,103.532913,-5.233829,0.503886,-0.541509,0.241399,-0.628166,-15.426323,84.348007,-14.033149,-0.025797,0.879120,-0.091843,0.466955,-5.693730,123.871887,23.670374,0.590605,0.805953,0.039572,0.007728,5.205390,126.412346,39.484661,0.531378,0.812942,0.237714,0.015952,13.218016,101.158867,38.575737,0.538241,0.741173,0.398001,0.050552,22.851265,81.847916,33.552818,0.077870,0.883402,0.146542,0.438250,-9.099775,84.913612,8.976373,0.091185,0.922055,-0.015812,0.375832,-9.425443,51.231915,-2.685364,-0.048942,0.933634,0.023022,0.354122,-17.520777,7.037923,-4.456122,-0.104528,0.885389,-0.069499,0.447583,2.485326,84.533813,23.572149,-0.013954,0.888349,-0.143774,0.435856,6.865455,50.012161,31.294119,-0.032892,0.872918,0.003207,0.486745,2.344866,6.924379,43.326847,-0.048942,0.933634,0.023022,0.354122,-7.656495,2.101323,-14.964670,-0.032892,0.872918,0.003207,0.486745,14.587652,1.405963,36.132061
1158,9.650000,0.012517,0.900479,-0.002637,0.434712,-3.271080,84.721436,16.294910,-0.064721,0.902387,0.125854,0.407026,-3.081288,92.360733,16.341784,0.002184,0.915756,0.030429,0.400574,-7.132617,110.097572,19.565252,0.112252,0.941929,-0.104159,0.298865,-7.544317,130.263718,20.726595,0.084828,0.972385,-0.119648,0.181540,-2.584576,143.540359,17.370956,0.091243,0.927582,0.006553,0.362248,-10.730332,124.079910,18.236557,0.368450,-0.507458,0.391899,-0.673161,-24.696804,127.451263,5.240107,0.435148,-0.535357,0.327236,-0.645721,-19.983274,103.550926,-5.215629,0.503332,-0.540893,0.242356,-0.628773,-15.391949,84.364716,-13.995465,-0.025440,0.879066,-0.091580,0.467128,-5.672508,123.868538,23.699951,0.590517,0.805964,0.040605,0.007911,5.221026,126.392639,39.520691,0.531309,0.812737,0.238553,0.016224,13.238995,101.141754,38.587429,0.538066,0.740933,0.398640,0.050892,22.876724,81.831528,33.554340,0.078032,0.883471,0.146250,0.438179,-9.065217,84.910156,8.998253,0.091437,0.922022,-0.015511,0.375864,-9.411324,51.224167,-2.650495,-0.049107,0.933609,0.023054,0.354162,-17.517164,7.033464,-4.455017,-0.104655,0.885446,-0.069116,0.447499,2.523057,84.532715,23.591566,-0.013479,0.888165,-0.144057,0.436152,6.924248,50.009174,31.293116,-0.032858,0.872932,0.002997,0.486726,2.350587,6.927529,43.327778,-0.049107,0.933609,0.023054,0.354162,-7.650246,2.099588,-14.962360,-0.032858,0.872932,0.002997,0.486726,14.591670,1.403464,36.134441
1159,9.658333,0.012410,0.900604,-0.002523,0.434457,-3.231910,84.718460,16.321194,-0.065014,0.902267,0.125791,0.407265,-3.044335,92.357811,16.368870,0.002338,0.915583,0.030786,0.400942,-7.106601,110.099503,19.585747,0.112623,0.941777,-0.103356,0.299482,-7.518885,130.264740,20.762583,0.081783,0.972570,-0.120254,0.181542,-2.552458,143.545990,17.435219,0.091786,0.927453,0.006468,0.362443,-10.703005,124.082947,18.265133,0.367910,-0.506957,0.392513,-0.673476,-24.660149,127.472198,5.263310,0.434750,-0.534837,0.327906,-0.646081,-19.945210,103.567696,-5.182271,0.503332,-0.540070,0.243198,-0.629155,-15.349254,84.378586,-13.948092,-0.025347,0.879044,-0.091122,0.467264,-5.649577,123.867203,23.732426,0.590409,0.806010,0.041243,0.008010,5.239226,126.380310,39.558178,0.531473,0.812501,0.238967,0.016512,13.263887,101.132133,38.609425,0.537601,0.741078,0.398927,0.051434,22.894619,81.815842,33.574440,0.078269,0.883622,0.146031,0.437906,-9.030242,84.906349,9.027847,0.091699,0.922006,-0.015258,0.375849,-9.401827,51.218437,-2.614562,-0.048963,0.933624,0.023243,0.354130,-17.520750,7.031366,-4.448823,-0.104702,0.885651,-0.068884,0.447118,2.566422,84.530571,23.614540,-0.012917,0.888100,-0.144282,0.436227,6.981415,50.005470,31.301132,-0.032595,0.872957,0.003143,0.486698,2.352940,6.928351,43.330990,-0.048963,0.933624,0.023243,0.354130,-7.655492,2.100882,-14.959317,-0.032595,0.872957,0.003143,0.486698,14.591644,1.404029,36.133801
1160,9.666667,0.012282,0.900730,-0.002478,0.434198,-3.195315,84.715988,16.346447,-0.065024,0.902240,0.125702,0.407349,-3.009797,92.355385,16.393837,0.002494,0.915502,0.031206,0.401094,-7.072122,110.101028,19.607828,0.112451,0.941823,-0.101802,0.299935,-7.485615,130.265182,20.802666,0.079058,0.972699,-0.121249,0.181399,-2.533473,143.562210,17.517256,0.092067,0.927329,0.006625,0.362684,-10.668644,124.085510,18.298584,0.367568,-0.506513,0.393026,-0.673698,-24.616997,127.486710,5.290458,0.434535,-0.534280,0.328424,-0.646422,-19.899569,103.577103,-5.142323,0.503087,-0.539647,0.243728,-0.629509,-15.293222,84.386589,-13.892653,-0.025401,0.879000,-0.090724,0.467422,-5.617049,123.865044,23.767380,0.590345,0.806044,0.041504,0.007987,5.265927,126.373306,39.597904,0.531857,0.812200,0.239108,0.016914,13.294621,101.126740,38.640190,0.537293,0.741161,0.399069,0.052342,22.907017,81.798637,33.611900,0.078439,0.883914,0.145718,0.437390,-8.997884,84.902122,9.056430,0.091924,0.922025,-0.014882,0.375764,-9.396923,51.209599,-2.571708,-0.049250,0.933603,0.023357,0.354138,-17.521784,7.025212,-4.444024,-0.104776,0.885713,-0.068551,0.447029,2.607253,84.529854,23.636465,-0.012493,0.887753,-0.144569,0.436850,7.038419,50.002583,31.303989,-0.032768,0.873021,0.002948,0.486572,2.356341,6.931954,43.336361,-0.049250,0.933603,0.023357,0.354138,-7.653149,2.100954,-14.954265,-0.032768,0.873021,0.002948,0.486572,14.593728,1.405252,36.138771
1161,9.675000,0.012107,0.900869,-0.002343,0.433915,-3.151808,84.713432,16.379686,-0.065302,0.902243,0.125566,0.407341,-2.969583,92.352905,16.427717,0.002601,0.915469,0.031598,0.401137,-7.040386,110.104080,19.634033,0.112492,0.941722,-0.101514,0.300333,-7.456332,130.267212,20.845055,0.076585,0.972800,-0.121647,0.181650,-2.503325,143.566483,17.570095,0.092098,0.927184,0.006770,0.363045,-10.638395,124.089195,18.335680,0.367721,-0.506171,0.393209,-0.673765,-24.576399,127.493134,5.317177,0.434760,-0.533717,0.328690,-0.646601,-19.848238,103.578163,-5.098425,0.502935,-0.539396,0.243818,-0.629810,-15.224067,84.385559,-13.827874,-0.025567,0.879094,-0.090185,0.467340,-5.587325,123.864914,23.804806,0.590461,0.805947,0.041690,0.008156,5.298286,126.368881,39.634205,0.532095,0.812110,0.238844,0.017484,13.319561,101.119911,38.677551,0.537998,0.740675,0.399052,0.052125,22.917990,81.783348,33.674397,0.078784,0.884243,0.145331,0.436791,-8.959038,84.897766,9.093331,0.092094,0.922213,-0.014345,0.375282,-9.399971,51.201069,-2.521194,-0.049060,0.933637,0.023746,0.354049,-17.521736,7.018092,-4.439574,-0.104760,0.885696,-0.068053,0.447143,2.655422,84.529099,23.666039,-0.011962,0.887534,-0.144893,0.437203,7.100802,49.996742,31.302395,-0.032337,0.872978,0.003280,0.486676,2.358751,6.933376,43.337265,-0.049060,0.933637,0.023746,0.354049,-7.655973,2.101994,-14.956334,-0.032337,0.872978,0.003280,0.486676,14.595214,1.408698,36.136539
1162,9.683333,0.011932,0.901040,-0.002310,0.433565,-3.104239,84.710915,16.418839,-0.065386,0.902262,0.125679,0.407250,-2.924606,92.350456,16.466089,0.002355,0.915452,0.031673,0.401171,-7.000978,110.106430,19.676342,0.112238,0.941732,-0.100297,0.300804,-7.427309,130.269424,20.886145,0.074390,0.972841,-0.122498,0.181769,-2.488098,143.581802,17.643732,0.092123,0.927094,0.006826,0.363269,-10.605992,124.089638,18.376842,0.368217,-0.505943,0.392988,-0.673794,-24.537502,127.494965,5.351762,0.435522,-0.533173,0.328559,-0.646603,-19.787901,103.578445,-5.050506,0.503739,-0.538976,0.244013,-0.629452,-15.135616,84.384918,-13.755189,-0.025538,0.879128,-0.089974,0.467318,-5.555310,123.868240,23.846441,0.590580,0.805844,0.041949,0.008411,5.331177,126.367340,39.675991,0.532408,0.811951,0.238619,0.018383,13.344786,101.115845,38.721870,0.538107,0.740493,0.399203,0.052429,22.926903,81.762604,33.752960,0.079127,0.884744,0.144953,0.435839,-8.917211,84.892639,9.137002,0.092290,0.922392,-0.013707,0.374816,-9.404186,51.191978,-2.464165,-0.048993,0.933657,0.024022,0.353988,-17.521568,7.010642,-4.437958,-0.104650,0.885795,-0.067638,0.447036,2.708733,84.529190,23.700676,-0.011384,0.887416,-0.145156,0.437370,7.161612,49.991177,31.306999,-0.032517,0.873026,0.003103,0.486579,2.360847,6.933454,43.338806,-0.048993,0.933657,0.024022,0.353988,-7.657132,2.101095,-14.959015,-0.032517,0.873026,0.003103,0.486579,14.596611,1.406954,36.138294
1163,9.691667,0.011843,0.901252,-0.002341,0.433128,-3.060019,84.703697,16.460629,-0.065490,0.902382,0.125617,0.406987,-2.881395,92.343269,16.506779,0.002385,0.915544,0.031973,0.400938,-6.960107,110.102554,19.715168,0.111841,0.941699,-0.099697,0.301257,-7.389877,130.264771,20.936634,0.071925,0.972826,-0.123136,0.182411,-2.463535,143.585556,17.709221,0.091999,0.927038,0.006707,0.363445,-10.568579,124.085770,18.425413,0.368474,-0.505248,0.393183,-0.674062,-24.496012,127.484848,5.394328,0.435725,-0.532748,0.328442,-0.646876,-19.717251,103.562477,-4.981099,0.504416,-0.538173,0.243881,-0.629648,-15.041410,84.368904,-13.680789,-0.025672,0.879021,-0.089978,0.467512,-5.515112,123.862289,23.892359,0.590397,0.805954,0.042350,0.008708,5.364060,126.366600,39.726128,0.533037,0.811600,0.238325,0.019452,13.388843,101.118637,38.772560,0.538516,0.740301,0.398848,0.053611,22.937258,81.744453,33.843231,0.079569,0.884980,0.144630,0.435387,-8.880093,84.883728,9.184422,0.092440,0.922492,-0.013109,0.374556,-9.410963,51.181412,-2.409996,-0.049539,0.933635,0.024029,0.353969,-17.521137,7.001114,-4.436171,-0.104635,0.885844,-0.067045,0.447031,2.760055,84.523659,23.736835,-0.010698,0.887355,-0.145527,0.437388,7.231299,49.979733,31.305450,-0.032310,0.872966,0.003229,0.486700,2.360888,6.930348,43.339108,-0.049539,0.933635,0.024029,0.353969,-7.651591,2.097785,-14.955345,-0.032310,0.872966,0.003229,0.486700,14.597222,1.404056,36.139400
1164,9.700000,0.011642,0.901496,-0.002475,0.432624,-3.009332,84.696747,16.506649,-0.065387,0.902508,0.125683,0.406704,-2.832561,92.336380,16.549528,0.002025,0.915612,0.032133,0.400772,-6.908046,110.096466,19.763105,0.111426,0.941655,-0.098766,0.301852,-7.353494,130.258331,20.984734,0.069573,0.972765,-0.123966,0.183086,-2.442411,143.590637,17.781734,0.091801,0.927008,0.006832,0.363569,-10.528107,124.076797,18.474575,0.369487,-0.505163,0.392416,-0.674018,-24.453459,127.470421,5.439848,0.436775,-0.532105,0.328239,-0.646801,-19.638187,103.550888,-4.925256,0.505183,-0.537260,0.243730,-0.629871,-14.926301,84.349113,-13.595504,-0.025674,0.878944,-0.090145,0.467625,-5.472627,123.857346,23.939821,0.590507,0.805853,0.042616,0.009314,5.402475,126.365074,39.775845,0.533485,0.811359,0.238052,0.020526,13.419830,101.114105,38.839561,0.538282,0.740590,0.398457,0.054880,22.944286,81.720306,33.950878,0.079949,0.885406,0.144251,0.434575,-8.837616,84.872406,9.236909,0.092648,0.922798,-0.012329,0.373776,-9.415043,51.166618,-2.345195,-0.049876,0.933675,0.024279,0.353799,-17.517942,6.988013,-4.436254,-0.104515,0.886037,-0.066470,0.446763,2.818952,84.521088,23.776388,-0.010038,0.887183,-0.145873,0.437638,7.303641,49.969883,31.303719,-0.032278,0.872923,0.003285,0.486778,2.363531,6.928334,43.336964,-0.049876,0.933675,0.024279,0.353799,-7.648172,2.094863,-14.959953,-0.032278,0.872923,0.003285,0.486778,14.601128,1.403023,36.138649
1165,9.708333,0.011565,0.901732,-0.002638,0.432133,-2.964730,84.690086,16.554726,-0.065365,0.902620,0.125741,0.406441,-2.787925,92.329742,16.594751,0.001881,0.915683,0.032259,0.400600,-6.863862,110.095009,19.812805,0.110582,0.941785,-0.097163,0.302278,-7.316457,130.256577,21.036846,0.067790,0.972675,-0.125069,0.183483,-2.438092,143.609711,17.870865,0.091590,0.926985,0.006805,0.363681,-10.489650,124.074127,18.527145,0.370032,-0.504325,0.392339,-0.674391,-24.413359,127.459740,5.488582,0.437448,-0.531399,0.328062,-0.647016,-19.550066,103.537033,-4.846724,0.506035,-0.536512,0.243333,-0.629979,-14.797956,84.323685,-13.501090,-0.026043,0.879081,-0.089700,0.467431,-5.432114,123.855957,23.990540,0.590511,0.805854,0.042522,0.009399,5.449243,126.367638,39.821636,0.534251,0.811119,0.237014,0.022037,13.466224,101.116302,38.891914,0.538985,0.740345,0.397793,0.056079,22.948313,81.692413,34.075439,0.080247,0.885744,0.143936,0.433936,-8.800973,84.863213,9.291314,0.092907,0.923033,-0.011571,0.373154,-9.415464,51.154350,-2.279939,-0.050545,0.933735,0.024496,0.353531,-17.515711,6.978437,-4.437174,-0.104639,0.886336,-0.065882,0.446228,2.871512,84.516968,23.818134,-0.009254,0.887097,-0.146245,0.437705,7.387468,49.962070,31.309732,-0.032280,0.872979,0.003187,0.486678,2.369199,6.928926,43.340702,-0.050545,0.933735,0.024496,0.353531,-7.644632,2.098193,-14.965635,-0.032280,0.872979,0.003187,0.486678,14.604659,1.401143,36.140667
1166,9.716667,0.011338,0.901970,-0.002866,0.431639,-2.924557,84.687012,16.606062,-0.064741,0.902876,0.125722,0.405977,-2.749345,92.326721,16.641348,0.001279,0.915850,0.032517,0.400199,-6.801797,110.091614,19.869772,0.110025,0.941776,-0.096573,0.302700,-7.280310,130.252579,21.093822,0.065771,0.972591,-0.125695,0.184232,-2.419195,143.615097,17.940924,0.091322,0.926985,0.006784,0.363750,-10.447320,124.065842,18.586863,0.370834,-0.503413,0.392136,-0.674749,-24.370993,127.441559,5.545693,0.438101,-0.530751,0.327660,-0.647310,-19.450560,103.515121,-4.753881,0.507258,-0.535438,0.243445,-0.629865,-14.655590,84.299225,-13.398305,-0.026369,0.879182,-0.089705,0.467223,-5.384972,123.854538,24.046070,0.590457,0.805903,0.042256,0.009737,5.503260,126.376816,39.870758,0.535372,0.810653,0.235942,0.023438,13.523272,101.125626,38.963936,0.539196,0.740581,0.396821,0.057797,22.949938,81.657944,34.210716,0.080632,0.886095,0.143618,0.433254,-8.768839,84.854568,9.348986,0.093100,0.922854,-0.010985,0.373567,-9.426418,51.143593,-2.213731,-0.050159,0.933708,0.024931,0.353627,-17.521900,6.969717,-4.429742,-0.104767,0.886544,-0.065216,0.445883,2.919725,84.519455,23.863136,-0.008524,0.886878,-0.146543,0.438064,7.468142,49.960258,31.315136,-0.032272,0.872943,0.003016,0.486744,2.374980,6.933796,43.338520,-0.050159,0.933708,0.024931,0.353627,-7.651425,2.096916,-14.962222,-0.032272,0.872943,0.003016,0.486744,14.610609,1.401772,36.142017
1167,9.725000,0.011141,0.902270,-0.002795,0.431018,-2.867115,84.681831,16.659370,-0.064579,0.903026,0.125841,0.405632,-2.695068,92.321625,16.694220,0.000769,0.915930,0.032720,0.400001,-6.742921,110.087395,19.930794,0.109428,0.941713,-0.096187,0.303234,-7.243303,130.247849,21.154222,0.063716,0.972501,-0.126200,0.185083,-2.398357,143.618149,18.009399,0.090696,0.926999,0.007007,0.363864,-10.404435,124.057518,18.648756,0.371868,-0.502870,0.391517,-0.674945,-24.329281,127.413979,5.603875,0.439248,-0.529840,0.327284,-0.647469,-19.354122,103.488747,-4.672195,0.507760,-0.535090,0.242951,-0.629946,-14.505805,84.268341,-13.287369,-0.026913,0.879441,-0.089264,0.466787,-5.339716,123.852066,24.105982,0.590620,0.805819,0.041578,0.009756,5.563169,126.383636,39.919083,0.536076,0.810646,0.234216,0.024860,13.573005,101.128433,39.033897,0.540502,0.740396,0.395199,0.059065,22.959137,81.631134,34.367416,0.081201,0.886451,0.143246,0.432542,-8.721466,84.846741,9.410356,0.093335,0.922533,-0.010456,0.374316,-9.435859,51.134727,-2.145977,-0.049912,0.933663,0.025186,0.353764,-17.531092,6.963772,-4.420315,-0.104863,0.886793,-0.064580,0.445457,2.987237,84.516922,23.908386,-0.007596,0.887008,-0.146960,0.437678,7.565753,49.953262,31.321156,-0.032721,0.873091,0.002704,0.486450,2.387357,6.936473,43.342739,-0.049912,0.933663,0.025186,0.353764,-7.659365,2.095203,-14.953576,-0.032721,0.873091,0.002704,0.486450,14.621040,1.403015,36.144035
1168,9.733333,0.010851,0.902532,-0.002892,0.430477,-2.812898,84.678467,16.717186,-0.064419,0.903230,0.125963,0.405167,-2.644199,92.318336,16.748686,0.000520,0.916102,0.032854,0.399596,-6.686991,110.084450,19.993948,0.108684,0.941776,-0.095116,0.303643,-7.198243,130.244583,21.218510,0.061674,0.972391,-0.127027,0.185783,-2.379388,143.629898,18.097586,0.089908,0.927116,0.006994,0.363764,-10.357875,124.052452,18.715555,0.372722,-0.501842,0.390970,-0.675555,-24.291080,127.380814,5.672389,0.439990,-0.528875,0.327016,-0.647890,-19.238493,103.460052,-4.576243,0.508817,-0.533682,0.243088,-0.630236,-14.338404,84.242599,-13.168621,-0.027445,0.879484,-0.089134,0.466701,-5.288325,123.849800,24.168406,0.590432,0.805968,0.041301,0.009968,5.616561,126.396896,39.977646,0.537289,0.810266,0.232542,0.026724,13.637909,101.144722,39.110683,0.540898,0.740800,0.393584,0.061128,22.960672,81.598663,34.538582,0.081577,0.886720,0.142988,0.432004,-8.676066,84.837791,9.475173,0.093692,0.922849,-0.009641,0.373469,-9.429238,51.124870,-2.076034,-0.050217,0.933644,0.025233,0.353766,-17.528549,6.958443,-4.422599,-0.104918,0.887036,-0.063950,0.445051,3.050271,84.519142,23.959200,-0.006657,0.887189,-0.147284,0.437218,7.655960,49.950531,31.331947,-0.032916,0.873153,0.002237,0.486329,2.396104,6.941092,43.344475,-0.050217,0.933644,0.025233,0.353766,-7.653581,2.094495,-14.954960,-0.032916,0.873153,0.002237,0.486329,14.627415,1.398908,36.148441
1169,9.741667,0.010573,0.902918,-0.002934,0.429673,-2.753694,84.673279,16.774431,-0.064515,0.903406,0.126240,0.404672,-2.588521,92.313240,16.803379,0.000183,0.916245,0.032914,0.399265,-6.638458,110.083557,20.059818,0.107623,0.941850,-0.094702,0.303920,-7.162696,130.243530,21.281351,0.060159,0.972292,-0.127475,0.186492,-2.373736,143.640259,18.163372,0.089249,0.927124,0.006999,0.363904,-10.319824,124.048820,18.781645,0.374195,-0.500863,0.390247,-0.675886,-24.253653,127.353653,5.733171,0.441369,-0.528064,0.326310,-0.647968,-19.119051,103.432175,-4.472940,0.510169,-0.532767,0.242086,-0.630303,-14.160125,84.209923,-13.041657,-0.027686,0.879739,-0.088845,0.466262,-5.246325,123.850563,24.230984,0.590265,0.806114,0.040773,0.010243,5.673931,126.399422,40.029324,0.538394,0.810033,0.230588,0.028423,13.705458,101.149513,39.191086,0.542993,0.740462,0.390939,0.063568,22.963661,81.570869,34.718601,0.082054,0.886910,0.142705,0.431616,-8.629851,84.827721,9.542849,0.093997,0.922711,-0.009016,0.373749,-9.426967,51.114609,-2.004843,-0.050064,0.933702,0.025537,0.353613,-17.529696,6.952289,-4.416028,-0.104887,0.887248,-0.063506,0.444699,3.122464,84.518837,24.006014,-0.005649,0.887480,-0.147540,0.436553,7.743457,49.945724,31.348028,-0.032660,0.873188,0.002191,0.486283,2.402112,6.941962,43.344925,-0.050064,0.933702,0.025537,0.353613,-7.658918,2.094589,-14.955198,-0.032660,0.873188,0.002191,0.486283,14.629873,1.394926,36.146606
1170,9.750000,0.010241,0.903228,-0.003077,0.429028,-2.698138,84.666916,16.835926,-0.064171,0.903650,0.126357,0.404145,-2.536588,92.306969,16.860609,-0.000505,0.916414,0.033016,0.398867,-6.574813,110.077522,20.128429,0.106802,0.941899,-0.094276,0.304189,-7.125636,130.237228,21.342863,0.058505,0.972234,-0.127761,0.187123,-2.360406,143.643661,18.230276,0.088803,0.927276,0.007071,0.363625,-10.276330,124.037254,18.848061,0.375603,-0.499915,0.389320,-0.676341,-24.221090,127.327522,5.807585,0.442614,-0.526935,0.325988,-0.648200,-18.997883,103.411362,-4.365981,0.511177,-0.531395,0.241830,-0.630742,-13.972693,84.166336,-12.906593,-0.028134,0.879866,-0.088657,0.466031,-5.198105,123.847984,24.293310,0.589983,0.806341,0.040330,0.010401,5.729512,126.408066,40.084751,0.539566,0.809854,0.228195,0.030521,13.778487,101.163010,39.267853,0.544023,0.740692,0.388858,0.064837,22.971809,81.535919,34.917114,0.082453,0.887191,0.142560,0.431012,-8.584750,84.814728,9.612714,0.094332,0.922902,-0.008278,0.373210,-9.419293,51.103336,-1.937368,-0.050366,0.933703,0.025541,0.353567,-17.526188,6.945529,-4.416341,-0.104930,0.887989,-0.063303,0.443236,3.188474,84.519112,24.059139,-0.004475,0.887998,-0.147639,0.435480,7.830795,49.944817,31.382105,-0.032565,0.873240,0.002068,0.486197,2.406342,6.942609,43.347240,-0.050366,0.933703,0.025541,0.353567,-7.653391,2.091233,-14.955184,-0.032565,0.873240,0.002068,0.486197,14.631121,1.391136,36.147274
1171,9.758333,0.009553,0.903557,-0.003419,0.428348,-2.636564,84.672081,16.904848,-0.064173,0.903811,0.126500,0.403739,-2.482255,92.312309,16.920170,-0.000958,0.916509,0.033186,0.398634,-6.519492,110.074028,20.193100,0.106261,0.941893,-0.093439,0.304656,-7.089539,130.233246,21.406670,0.056658,0.972135,-0.128355,0.187802,-2.343011,143.650925,18.314032,0.088502,0.927291,0.006970,0.363662,-10.235321,124.030052,18.913702,0.376797,-0.498566,0.389108,-0.676795,-24.181110,127.308144,5.871259,0.443814,-0.525624,0.325347,-0.648767,-18.877724,103.385529,-4.245510,0.512138,-0.530547,0.241050,-0.630974,-13.769567,84.129128,-12.766112,-0.028672,0.880150,-0.088295,0.465529,-5.154339,123.846069,24.356562,0.589845,0.806469,0.039705,0.010637,5.790210,126.416542,40.134575,0.540683,0.809660,0.225915,0.032788,13.847542,101.173195,39.347679,0.545086,0.740871,0.386620,0.067206,22.977226,81.499702,35.122898,0.082992,0.887332,0.142481,0.430644,-8.534296,84.805664,9.690436,0.094595,0.923093,-0.007578,0.372684,-9.409916,51.099037,-1.870506,-0.050303,0.933843,0.025579,0.353205,-17.516428,6.944704,-4.411765,-0.104504,0.888332,-0.063000,0.442692,3.261168,84.538498,24.119261,-0.003643,0.888362,-0.147637,0.434745,7.891049,49.955101,31.407055,-0.032221,0.873197,0.001793,0.486298,2.410046,6.952244,43.344040,-0.050303,0.933843,0.025579,0.353205,-7.652309,2.090312,-14.958687,-0.032221,0.873197,0.001793,0.486298,14.631684,1.389164,36.147705
1172,9.766667,0.009085,0.903962,-0.003427,0.427502,-2.568586,84.670845,16.970856,-0.064326,0.904074,0.126492,0.403127,-2.420685,92.311203,16.982868,-0.001377,0.916713,0.033492,0.398138,-6.461363,110.075356,20.256510,0.105596,0.941971,-0.092879,0.304819,-7.051162,130.233704,21.474972,0.055000,0.972078,-0.128747,0.188318,-2.325855,143.661102,18.391991,0.087981,0.927343,0.007008,0.363654,-10.193077,124.027763,18.983969,0.378309,-0.497076,0.388750,-0.677253,-24.142637,127.287849,5.941050,0.444975,-0.524505,0.324616,-0.649243,-18.745825,103.358582,-4.110320,0.513715,-0.529018,0.240670,-0.631122,-13.562187,84.096336,-12.614534,-0.029111,0.880335,-0.088169,0.465177,-5.106223,123.847923,24.421480,0.589662,0.806631,0.039061,0.010964,5.850044,126.430092,40.189445,0.541833,0.809603,0.223036,0.034849,13.918495,101.189255,39.437149,0.546225,0.741521,0.383472,0.068808,22.984713,81.464897,35.344517,0.083535,0.887336,0.142234,0.430612,-8.479974,84.796600,9.767486,0.094944,0.923445,-0.006698,0.371739,-9.397894,51.091408,-1.794350,-0.050151,0.933925,0.025761,0.352995,-17.506344,6.941903,-4.412135,-0.104070,0.888562,-0.063006,0.442332,3.342802,84.545082,24.174225,-0.002804,0.888730,-0.147555,0.434027,7.948324,49.955288,31.447046,-0.032085,0.873247,0.001904,0.486217,2.413201,6.949753,43.349369,-0.050151,0.933925,0.025761,0.352995,-7.647973,2.090457,-14.965781,-0.032085,0.873247,0.001904,0.486217,14.632683,1.387369,36.148838
1173,9.775000,0.008123,0.904614,-0.003112,0.426142,-2.474608,84.675102,17.036629,-0.064727,0.904313,0.126939,0.402387,-2.342032,92.315750,17.046509,-0.001976,0.916886,0.033574,0.397730,-6.400014,110.074272,20.332081,0.104812,0.942019,-0.092237,0.305135,-7.012807,130.232315,21.544207,0.053370,0.971972,-0.129240,0.188996,-2.311806,143.670898,18.472885,0.087346,0.927455,0.006854,0.363525,-10.149431,124.021790,19.057968,0.379729,-0.495740,0.388275,-0.677710,-24.106953,127.257248,6.017427,0.446486,-0.522934,0.323717,-0.649921,-18.620258,103.325096,-3.978272,0.515582,-0.527124,0.240098,-0.631402,-13.338348,84.068703,-12.452435,-0.029705,0.880382,-0.088296,0.465026,-5.057765,123.849854,24.491232,0.588972,0.807100,0.039549,0.011740,5.902591,126.454102,40.252728,0.543364,0.808970,0.221057,0.038178,14.013213,101.226196,39.520119,0.547021,0.741615,0.381608,0.071769,22.995947,81.431374,35.577641,0.084198,0.887693,0.142088,0.429794,-8.407944,84.787346,9.851102,0.095410,0.923383,-0.006058,0.371785,-9.382694,51.087105,-1.720531,-0.050395,0.933932,0.025677,0.352947,-17.507919,6.944835,-4.407452,-0.103046,0.888881,-0.063574,0.441849,3.458728,84.562859,24.222157,-0.002160,0.889007,-0.147289,0.433552,7.986049,49.963078,31.496572,-0.032083,0.873307,0.001961,0.486108,2.416123,6.950212,43.356091,-0.050395,0.933932,0.025677,0.352947,-7.648402,2.093793,-14.960217,-0.032083,0.873307,0.001961,0.486108,14.634056,1.389095,36.151947
1174,9.783333,0.007705,0.905006,-0.003263,0.425316,-2.406632,84.674873,17.108065,-0.064861,0.904609,0.127002,0.401679,-2.278842,92.315605,17.113022,-0.002529,0.917139,0.033746,0.397127,-6.340371,110.076225,20.402441,0.104075,0.942070,-0.091609,0.305418,-6.975598,130.233688,21.612457,0.051813,0.971813,-0.129859,0.189818,-2.297757,143.682999,18.552668,0.086426,0.927575,0.007308,0.363430,-10.107985,124.019089,19.131092,0.381427,-0.494357,0.387566,-0.678172,-24.074385,127.228210,6.093560,0.448125,-0.521487,0.322907,-0.650359,-18.485970,103.295349,-3.843931,0.517197,-0.525457,0.239046,-0.631869,-13.114415,84.041786,-12.281984,-0.030673,0.880647,-0.087812,0.464553,-5.009229,123.854004,24.557913,0.588752,0.807272,0.039152,0.012254,5.965893,126.481262,40.305305,0.544712,0.808696,0.218246,0.040853,14.089559,101.256561,39.607658,0.547640,0.742500,0.378475,0.074440,23.001123,81.392509,35.813515,0.084472,0.888167,0.142057,0.428770,-8.353202,84.778976,9.933366,0.095927,0.923622,-0.005301,0.371069,-9.359519,51.081406,-1.643324,-0.050465,0.933962,0.025674,0.352858,-17.504150,6.947270,-4.404053,-0.102480,0.889378,-0.063998,0.440917,3.539938,84.570763,24.282764,-0.001279,0.889614,-0.146947,0.432425,8.025887,49.966553,31.561747,-0.032147,0.873385,0.002216,0.485963,2.413816,6.944367,43.367474,-0.050465,0.933962,0.025674,0.352858,-7.645939,2.096818,-14.958308,-0.032147,0.873385,0.002216,0.485963,14.631239,1.390293,36.157040
1175,9.791667,0.007243,0.905403,-0.003579,0.424476,-2.333797,84.673927,17.185673,-0.065259,0.904898,0.127065,0.400943,-2.210350,92.314735,17.183140,-0.002862,0.917415,0.033920,0.396474,-6.284253,110.076630,20.472565,0.103004,0.942190,-0.090895,0.305626,-6.933743,130.233566,21.684141,0.050390,0.971635,-0.130470,0.190693,-2.288927,143.696640,18.634617,0.085802,0.927693,0.007322,0.363277,-10.064672,124.016548,19.206944,0.382590,-0.492660,0.387496,-0.678792,-24.039539,127.203812,6.173119,0.449580,-0.519701,0.321953,-0.651257,-18.359413,103.264702,-3.697086,0.519249,-0.523589,0.238497,-0.631944,-12.878633,84.021034,-12.106063,-0.031159,0.881011,-0.087399,0.463907,-4.958216,123.855331,24.626633,0.588473,0.807490,0.038651,0.012820,6.038997,126.489983,40.357365,0.546144,0.808369,0.215307,0.043695,14.179328,101.269569,39.700306,0.548707,0.742947,0.375592,0.076690,23.005686,81.353035,36.066551,0.085022,0.888526,0.142139,0.427890,-8.293806,84.767845,10.021995,0.096297,0.923760,-0.004647,0.370639,-9.343512,51.078587,-1.575022,-0.050845,0.934060,0.025575,0.352551,-17.498039,6.950259,-4.398691,-0.101560,0.889785,-0.064446,0.440245,3.626212,84.580009,24.349352,-0.000648,0.890124,-0.146553,0.431510,8.045761,49.966507,31.624773,-0.031805,0.873437,0.003011,0.485888,2.410697,6.933796,43.381088,-0.050845,0.934060,0.025575,0.352551,-7.643175,2.101009,-14.956622,-0.031805,0.873437,0.003011,0.485888,14.627380,1.394216,36.158268
1176,9.800000,0.006620,0.905837,-0.003807,0.423559,-2.247873,84.673813,17.264824,-0.065419,0.905207,0.127296,0.400146,-2.131586,92.314720,17.254976,-0.003700,0.917679,0.034096,0.395839,-6.212319,110.078217,20.553989,0.101733,0.942343,-0.090105,0.305812,-6.894879,130.234451,21.759111,0.049155,0.971458,-0.131141,0.191456,-2.289160,143.713287,18.719921,0.085226,0.927925,0.007018,0.362827,-10.018373,124.011147,19.288298,0.384148,-0.491123,0.386895,-0.679368,-24.009724,127.174057,6.266227,0.451307,-0.517902,0.320806,-0.652060,-18.224705,103.235336,-3.543866,0.520886,-0.521656,0.236575,-0.632918,-12.624097,83.985756,-11.928556,-0.031975,0.881206,-0.087194,0.463520,-4.904510,123.860680,24.701313,0.588380,0.807587,0.038029,0.012888,6.104613,126.518440,40.419830,0.547118,0.807975,0.213572,0.047177,14.250660,101.299286,39.785332,0.547305,0.743893,0.374767,0.081429,23.023500,81.310822,36.304764,0.085785,0.888838,0.142054,0.427118,-8.222540,84.755524,10.113214,0.096667,0.923917,-0.003976,0.370157,-9.332911,51.073826,-1.500118,-0.050988,0.934119,0.025525,0.352378,-17.497030,6.951395,-4.387559,-0.100384,0.890246,-0.065186,0.439473,3.726794,84.592094,24.416435,-0.000054,0.890702,-0.145970,0.430514,8.055451,49.968502,31.698486,-0.031582,0.873512,0.003585,0.485764,2.408449,6.920433,43.392693,-0.050988,0.934119,0.025525,0.352378,-7.644748,2.102179,-14.947920,-0.031582,0.873512,0.003585,0.485764,14.623684,1.391604,36.159187
1177,9.808333,0.006268,0.906249,-0.004270,0.422677,-2.170742,84.675880,17.344948,-0.065660,0.905486,0.127459,0.399421,-2.056339,92.316803,17.326307,-0.004341,0.917922,0.034256,0.395256,-6.144647,110.076813,20.630169,0.100738,0.942449,-0.089429,0.306013,-6.852779,130.232376,21.831442,0.047701,0.971315,-0.131690,0.192169,-2.277876,143.723938,18.802156,0.084733,0.928150,0.007035,0.362365,-9.970932,124.004326,19.365885,0.385642,-0.489513,0.386288,-0.680029,-23.978506,127.150368,6.357180,0.452917,-0.515907,0.320074,-0.652886,-18.084917,103.214005,-3.393830,0.522813,-0.519386,0.236614,-0.633181,-12.369476,83.960609,-11.739444,-0.032683,0.881583,-0.086727,0.462841,-4.850275,123.861992,24.772692,0.588089,0.807792,0.037879,0.013722,6.181457,126.533760,40.472973,0.548368,0.807584,0.211085,0.050430,14.344485,101.319099,39.879574,0.548140,0.744258,0.372080,0.084730,23.038197,81.280716,36.564541,0.086324,0.889243,0.141866,0.426226,-8.159404,84.748123,10.204952,0.096907,0.924266,-0.002817,0.369234,-9.321157,51.069252,-1.411536,-0.051054,0.934321,0.025474,0.351838,-17.469339,6.950277,-4.395177,-0.099115,0.890497,-0.065790,0.439162,3.817921,84.603630,24.484943,0.000325,0.891196,-0.145344,0.429703,8.050342,49.967628,31.764555,-0.032503,0.873643,0.003371,0.485469,2.407863,6.903174,43.400455,-0.051054,0.934321,0.025474,0.351838,-7.628673,2.099813,-14.965786,-0.032503,0.873643,0.003371,0.485469,14.626307,1.382079,36.166466
1178,9.816667,0.005994,0.906679,-0.004868,0.421752,-2.099446,84.672943,17.427050,-0.065691,0.905879,0.127537,0.398500,-1.985007,92.313835,17.398232,-0.005017,0.918273,0.034385,0.394421,-6.072257,110.073708,20.708479,0.099547,0.942618,-0.088799,0.306066,-6.806412,130.228668,21.904369,0.046385,0.971156,-0.132235,0.192923,-2.267859,143.733841,18.881149,0.084105,0.928437,0.006908,0.361779,-9.920211,123.995461,19.446371,0.386466,-0.487719,0.386383,-0.680796,-23.948332,127.117897,6.454130,0.454405,-0.513467,0.319084,-0.654258,-17.965668,103.177773,-3.233200,0.524947,-0.516401,0.235219,-0.634376,-12.108784,83.932899,-11.545656,-0.033266,0.881703,-0.086554,0.462604,-4.789824,123.862053,24.844173,0.587724,0.808055,0.037816,0.014085,6.248910,126.549973,40.536770,0.549469,0.807336,0.208247,0.054081,14.434181,101.342094,39.961857,0.549921,0.743894,0.369459,0.087803,23.053490,81.252777,36.836613,0.086605,0.889639,0.141881,0.425338,-8.102729,84.735970,10.299254,0.097439,0.924758,-0.001859,0.367866,-9.293244,51.060856,-1.325197,-0.050876,0.934399,0.025482,0.351655,-17.457962,6.950787,-4.394061,-0.097950,0.890936,-0.066353,0.438448,3.903837,84.609917,24.554846,0.000798,0.891762,-0.144800,0.428712,8.051094,49.962856,31.830847,-0.031974,0.873690,0.004524,0.485410,2.404565,6.884250,43.412258,-0.050876,0.934399,0.025482,0.351655,-7.623168,2.098365,-14.969238,-0.031974,0.873690,0.004524,0.485410,14.622420,1.383798,36.161568
1179,9.825000,0.005464,0.907035,-0.005302,0.420986,-2.016723,84.670212,17.508476,-0.065603,0.906217,0.127789,0.397664,-1.906859,92.311127,17.470139,-0.005939,0.918574,0.034501,0.393696,-5.993568,110.076950,20.795238,0.097947,0.942754,-0.088480,0.306257,-6.762854,130.231171,21.981335,0.045218,0.970932,-0.132689,0.194010,-2.268350,143.749954,18.953060,0.083163,0.928688,0.006968,0.361350,-9.868927,123.990944,19.531406,0.387879,-0.486253,0.385769,-0.681388,-23.915165,127.081024,6.551011,0.456235,-0.511076,0.318072,-0.655348,-17.831697,103.144524,-3.082355,0.526914,-0.513895,0.234813,-0.634931,-11.838527,83.914803,-11.347866,-0.033973,0.882046,-0.086171,0.461969,-4.730175,123.869873,24.921535,0.587548,0.808172,0.037741,0.014892,6.329440,126.573433,40.596737,0.550489,0.807081,0.205652,0.057353,14.524439,101.367889,40.059155,0.550656,0.744439,0.366424,0.091230,23.077181,81.227074,37.103966,0.086986,0.890330,0.141742,0.423858,-8.032147,84.720993,10.390827,0.098004,0.924571,-0.001140,0.368187,-9.270306,51.047794,-1.234213,-0.051047,0.934452,0.025614,0.351478,-17.456617,6.947461,-4.384344,-0.096892,0.891434,-0.066737,0.437612,3.998701,84.619431,24.626123,0.000850,0.892329,-0.144000,0.427800,8.074201,49.961311,31.890011,-0.032045,0.873915,0.005090,0.484995,2.466103,6.861928,43.412640,-0.051047,0.934452,0.025614,0.351478,-7.623743,2.100241,-14.963688,-0.032045,0.873915,0.005090,0.484995,14.680489,1.376033,36.145096
1180,9.833333,0.005033,0.907376,-0.005617,0.420253,-1.931585,84.675453,17.587471,-0.065910,0.906459,0.127979,0.397001,-1.825709,92.316391,17.541908,-0.006586,0.918797,0.034853,0.393134,-5.922464,110.076714,20.871229,0.096991,0.942873,-0.087705,0.306417,-6.720661,130.229630,22.060575,0.043785,0.970791,-0.133332,0.194604,-2.257016,143.761459,19.044971,0.082419,0.929032,0.007115,0.360634,-9.820207,123.985001,19.613543,0.389045,-0.484415,0.385515,-0.682176,-23.891264,127.051308,6.654398,0.457861,-0.508576,0.317040,-0.656658,-17.702839,103.115738,-2.914223,0.528789,-0.511350,0.233996,-0.635728,-11.565964,83.897987,-11.141039,-0.034616,0.882421,-0.085824,0.461269,-4.674992,123.871040,24.997663,0.587022,0.808537,0.037815,0.015617,6.407980,126.588509,40.653950,0.551764,0.806647,0.202842,0.061090,14.634564,101.392639,40.146496,0.552383,0.744065,0.363870,0.094014,23.099113,81.206390,37.382389,0.087417,0.890881,0.141525,0.422683,-7.958582,84.716583,10.479554,0.098394,0.925148,-0.000191,0.366634,-9.245923,51.044357,-1.142949,-0.050889,0.934670,0.025690,0.350918,-17.438278,6.950789,-4.371178,-0.095605,0.892274,-0.067635,0.436042,4.095412,84.634331,24.695387,0.001412,0.893071,-0.143316,0.426477,8.074385,49.967152,31.969536,-0.032176,0.874012,0.005496,0.484807,2.464457,6.850216,43.425411,-0.050889,0.934670,0.025690,0.350918,-7.619430,2.103212,-14.963380,-0.032176,0.874012,0.005496,0.484807,14.678971,1.376022,36.149258
1181,9.841667,0.004522,0.907589,-0.006061,0.419792,-1.851929,84.678131,17.670195,-0.065883,0.906778,0.128092,0.396239,-1.750313,92.319061,17.615131,-0.007393,0.919106,0.035045,0.392378,-5.844539,110.076569,20.951651,0.096046,0.943027,-0.086718,0.306522,-6.674757,130.228485,22.135941,0.042296,0.970644,-0.134038,0.195179,-2.243718,143.775024,19.138357,0.081728,0.929374,0.006982,0.359912,-9.767652,123.977890,19.695763,0.390270,-0.482929,0.385115,-0.682755,-23.863264,127.018318,6.757233,0.459636,-0.505844,0.316015,-0.658021,-17.582293,103.084671,-2.755719,0.531197,-0.507652,0.233495,-0.636867,-11.293955,83.885536,-10.933517,-0.035686,0.882707,-0.085055,0.460783,-4.613761,123.874283,25.071789,0.586701,0.808787,0.037270,0.016030,6.483638,126.613403,40.714077,0.552814,0.806362,0.200010,0.064600,14.729476,101.423141,40.242130,0.551605,0.745477,0.361039,0.098218,23.123615,81.182518,37.661785,0.087816,0.891356,0.141330,0.421661,-7.886243,84.707199,10.568429,0.099064,0.925413,0.000553,0.365783,-9.218105,51.036026,-1.052111,-0.051107,0.934685,0.025656,0.350848,-17.444090,6.954375,-4.356715,-0.094443,0.892627,-0.068196,0.435484,4.182385,84.649063,24.771961,0.001965,0.893814,-0.142688,0.425127,8.075133,49.971584,32.043671,-0.032305,0.874124,0.005840,0.484592,2.462039,6.838674,43.437706,-0.051107,0.934685,0.025656,0.350848,-7.624710,2.108216,-14.949075,-0.032305,0.874124,0.005840,0.484592,14.675912,1.374588,36.152882
1182,9.850000,0.004076,0.907830,-0.006648,0.419266,-1.777178,84.678520,17.755205,-0.066037,0.907012,0.128196,0.395644,-1.678021,92.319397,17.689091,-0.008110,0.919314,0.035360,0.391849,-5.777246,110.077560,21.029875,0.094981,0.943157,-0.086493,0.306517,-6.638396,130.228119,22.215006,0.041019,0.970578,-0.134300,0.195601,-2.237449,143.783630,19.213619,0.081074,0.929544,0.007166,0.359615,-9.723952,123.972580,19.778225,0.391407,-0.481047,0.385197,-0.683387,-23.831961,126.992500,6.848396,0.461265,-0.503163,0.315058,-0.659394,-17.458115,103.052940,-2.587574,0.533491,-0.504357,0.232894,-0.637786,-11.023084,83.873138,-10.718477,-0.036416,0.883128,-0.084729,0.459979,-4.564038,123.877243,25.148621,0.586592,0.808884,0.036682,0.016427,6.560023,126.633438,40.768959,0.553482,0.806327,0.197179,0.067936,14.811956,101.444534,40.332623,0.551911,0.746153,0.358127,0.101959,23.152151,81.164429,37.934620,0.087990,0.891667,0.141103,0.421045,-7.819789,84.695549,10.660459,0.099702,0.926032,0.001796,0.364033,-9.177665,51.021988,-0.950159,-0.051242,0.934786,0.025564,0.350565,-17.421684,6.952005,-4.363648,-0.093459,0.892891,-0.068664,0.435081,4.265432,84.661491,24.849951,0.002687,0.894795,-0.142088,0.423256,8.084771,49.975399,32.119484,-0.032327,0.874242,0.006226,0.484373,2.460282,6.827426,43.450691,-0.051242,0.934786,0.025564,0.350565,-7.607556,2.104550,-14.960281,-0.032327,0.874242,0.006226,0.484373,14.672579,1.372992,36.156002
1183,9.858333,0.003625,0.908030,-0.007238,0.418828,-1.700925,84.677620,17.839296,-0.066065,0.907288,0.128161,0.395018,-1.604280,92.318420,17.762049,-0.008889,0.919554,0.035545,0.391253,-5.701286,110.075233,21.103773,0.093827,0.943352,-0.085883,0.306444,-6.593524,130.224747,22.283998,0.039790,0.970535,-0.134547,0.195896,-2.228529,143.792999,19.287760,0.080459,0.929891,0.007073,0.358858,-9.671969,123.963486,19.852869,0.393066,-0.479850,0.384554,-0.683639,-23.804920,126.960815,6.945038,0.463476,-0.500237,0.313888,-0.660626,-17.343817,103.022072,-2.433513,0.535483,-0.501106,0.231910,-0.639038,-10.746719,83.863861,-10.502886,-0.036965,0.883265,-0.084778,0.459662,-4.505301,123.878082,25.216938,0.586144,0.809187,0.036899,0.017057,6.628508,126.653137,40.826992,0.554034,0.806328,0.194243,0.071770,14.907217,101.472641,40.412083,0.554074,0.745459,0.355573,0.104216,23.191694,81.161293,38.218792,0.088360,0.892021,0.140831,0.420306,-7.750444,84.682472,10.750420,0.100304,0.926471,0.002804,0.362743,-9.149644,51.008080,-0.852868,-0.051158,0.934839,0.025715,0.350425,-17.415159,6.949362,-4.358468,-0.092207,0.893628,-0.069459,0.433708,4.348595,84.672768,24.928173,0.003161,0.895528,-0.141269,0.421975,8.075158,49.977928,32.204132,-0.032429,0.874336,0.006687,0.484190,2.459752,6.809324,43.461006,-0.051158,0.934839,0.025715,0.350425,-7.604628,2.104846,-14.959780,-0.032429,0.874336,0.006687,0.484190,14.672226,1.367544,36.157166
1184,9.866667,0.003137,0.908244,-0.007619,0.418360,-1.611608,84.677032,17.913666,-0.066480,0.907505,0.128422,0.394364,-1.519349,92.317802,17.827965,-0.009300,0.919816,0.035754,0.390607,-5.633586,110.078857,21.176710,0.092616,0.943587,-0.085259,0.306262,-6.543557,130.227463,22.358818,0.038498,0.970502,-0.134885,0.196086,-2.216669,143.808884,19.366997,0.079784,0.930190,0.006850,0.358238,-9.619308,123.963333,19.931692,0.394194,-0.478074,0.384710,-0.684145,-23.773661,126.934029,7.041177,0.465347,-0.497407,0.312545,-0.662084,-17.228756,102.987717,-2.259602,0.538072,-0.497747,0.230793,-0.639892,-10.468544,83.855843,-10.284513,-0.037595,0.883583,-0.084328,0.459082,-4.445237,123.882721,25.288692,0.585492,0.809628,0.037149,0.017940,6.707396,126.669884,40.883133,0.554960,0.805833,0.192236,0.075480,15.024919,101.501694,40.500023,0.554376,0.745762,0.353027,0.108985,23.229286,81.171082,38.480793,0.089042,0.892194,0.140476,0.419914,-7.668482,84.670731,10.831078,0.100766,0.926337,0.003565,0.362950,-9.126694,50.997837,-0.769291,-0.051052,0.934930,0.025755,0.350196,-17.404530,6.947890,-4.355177,-0.090952,0.894118,-0.070397,0.432811,4.445267,84.683342,24.996256,0.003660,0.896242,-0.140497,0.420711,8.070559,49.981457,32.289768,-0.032558,0.874489,0.007105,0.483899,2.460029,6.793597,43.474995,-0.051052,0.934930,0.025755,0.350196,-7.600143,2.103001,-14.961995,-0.032558,0.874489,0.007105,0.483899,14.670902,1.363714,36.159637
1185,9.875000,0.002510,0.908383,-0.008046,0.418054,-1.525217,84.680634,17.995132,-0.066757,0.907594,0.128675,0.394029,-1.438956,92.321358,17.899466,-0.010017,0.919897,0.035791,0.390394,-5.567327,110.089348,21.255943,0.091827,0.943701,-0.084456,0.306370,-6.504266,130.237274,22.428307,0.037270,0.970477,-0.135255,0.196190,-2.204401,143.830521,19.451143,0.079345,0.930486,0.006436,0.357574,-9.572463,123.967758,20.005571,0.394972,-0.475860,0.385119,-0.685009,-23.747944,126.917625,7.133502,0.466767,-0.494533,0.311727,-0.663620,-17.107784,102.965454,-2.084307,0.540134,-0.494718,0.230413,-0.640640,-10.196608,83.852119,-10.061605,-0.038204,0.884032,-0.083884,0.458249,-4.396119,123.896881,25.360512,0.585229,0.809824,0.036751,0.018480,6.784318,126.694931,40.933083,0.555651,0.805596,0.189795,0.079020,15.117171,101.531281,40.586205,0.552065,0.747917,0.350777,0.113136,23.269548,81.145821,38.744335,0.089518,0.892632,0.140240,0.418961,-7.586929,84.660439,10.916708,0.101398,0.926383,0.004351,0.362650,-9.094846,50.988888,-0.681210,-0.051014,0.934956,0.025710,0.350135,-17.400206,6.950998,-4.350541,-0.089608,0.894535,-0.071212,0.432095,4.536494,84.700829,25.073559,0.004014,0.896758,-0.139636,0.419895,8.057311,49.989883,32.375126,-0.033095,0.874588,0.007006,0.483686,2.460908,6.780574,43.484352,-0.051014,0.934956,0.025710,0.350135,-7.597689,2.104431,-14.958321,-0.033095,0.874588,0.007006,0.483686,14.673014,1.355760,36.167294
1186,9.883333,0.001916,0.908421,-0.008440,0.417966,-1.450909,84.691574,18.082359,-0.066872,0.907804,0.128493,0.393585,-1.370393,92.332230,17.977427,-0.010633,0.920094,0.035971,0.389898,-5.496367,110.092834,21.326563,0.091205,0.943835,-0.083580,0.306383,-6.458394,130.239731,22.496412,0.035753,0.970452,-0.135645,0.196330,-2.182153,143.844238,19.536819,0.079106,0.930843,0.005879,0.356705,-9.520888,123.965775,20.077906,0.396776,-0.474847,0.384373,-0.685089,-23.721895,126.900208,7.230462,0.469412,-0.491625,0.310456,-0.664511,-17.000185,102.949318,-1.931413,0.542698,-0.491420,0.229162,-0.641459,-9.925200,83.852386,-9.838122,-0.039079,0.884165,-0.083687,0.457953,-4.338969,123.902580,25.427549,0.584745,0.810157,0.036811,0.019078,6.849358,126.726364,40.989807,0.556033,0.805536,0.187399,0.082586,15.210997,101.571930,40.668030,0.552465,0.748226,0.348311,0.116706,23.323294,81.143135,39.007187,0.090085,0.892399,0.139765,0.419492,-7.514036,84.658272,11.005196,0.102009,0.926410,0.005285,0.362396,-9.065381,50.984501,-0.580543,-0.050310,0.935034,0.025708,0.350028,-17.391609,6.958607,-4.345253,-0.088555,0.895092,-0.071916,0.431041,4.612218,84.724876,25.159523,0.004490,0.897233,-0.138726,0.419175,8.053128,50.007736,32.469723,-0.032959,0.874660,0.007332,0.483560,2.461461,6.776011,43.493774,-0.050310,0.935034,0.025708,0.350028,-7.598580,2.104146,-14.958185,-0.032959,0.874660,0.007332,0.483560,14.671678,1.357172,36.169140
1187,9.891667,0.001485,0.908504,-0.008770,0.417783,-1.372869,84.698616,18.162111,-0.067219,0.907946,0.128527,0.393189,-1.296256,92.339211,18.049814,-0.011233,0.920245,0.036103,0.389512,-5.433019,110.098434,21.396835,0.090658,0.943882,-0.083378,0.306457,-6.418927,130.244415,22.562508,0.034169,0.970464,-0.135509,0.196645,-2.158532,143.854080,19.603706,0.078698,0.931006,0.005938,0.356368,-9.475603,123.966110,20.147955,0.397777,-0.472940,0.384983,-0.685484,-23.688396,126.887039,7.310466,0.471227,-0.488611,0.309137,-0.666062,-16.895773,102.920914,-1.758810,0.545410,-0.488009,0.228583,-0.641969,-9.656018,83.864502,-9.613632,-0.039839,0.884530,-0.083219,0.457267,-4.289390,123.910614,25.493526,0.584247,0.810532,0.036218,0.019561,6.920934,126.750473,41.037022,0.556558,0.805427,0.184887,0.085716,15.312513,101.605522,40.755707,0.552613,0.748738,0.345733,0.120329,23.374844,81.146889,39.263103,0.090435,0.892346,0.139351,0.419669,-7.438890,84.655464,11.087479,0.102815,0.926219,0.006005,0.362644,-9.022807,50.977959,-0.482991,-0.050219,0.935072,0.025576,0.349950,-17.390779,6.967631,-4.336195,-0.087498,0.895037,-0.072469,0.431279,4.693154,84.741768,25.236744,0.004819,0.897497,-0.137953,0.418861,8.047988,50.017059,32.550968,-0.032927,0.874737,0.007736,0.483416,2.462710,6.766388,43.503716,-0.050219,0.935072,0.025576,0.349950,-7.600764,2.108540,-14.949793,-0.032927,0.874737,0.007736,0.483416,14.672136,1.356923,36.170822
1188,9.900000,0.000885,0.908535,-0.009374,0.417703,-1.293789,84.702698,18.248375,-0.067579,0.908089,0.128344,0.392855,-1.221653,92.343140,18.123865,-0.011724,0.920384,0.036237,0.389157,-5.367169,110.104462,21.461403,0.089459,0.944130,-0.082231,0.306354,-6.373018,130.249603,22.624722,0.033012,0.970461,-0.135867,0.196609,-2.154399,143.876343,19.684772,0.078176,0.931325,0.005686,0.355653,-9.424970,123.967766,20.213354,0.399554,-0.471743,0.384431,-0.685586,-23.660667,126.867203,7.396399,0.473635,-0.485797,0.308106,-0.666890,-16.785524,102.899910,-1.607341,0.547555,-0.484727,0.226882,-0.643233,-9.391359,83.851646,-9.393806,-0.040380,0.884770,-0.082864,0.456820,-4.234813,123.918449,25.555151,0.583673,0.810945,0.035863,0.020213,6.989659,126.769493,41.086376,0.556923,0.805317,0.182692,0.089022,15.415385,101.635536,40.845642,0.552858,0.748844,0.344092,0.123217,23.428074,81.164345,39.521946,0.091007,0.891971,0.139087,0.420429,-7.361069,84.644707,11.174932,0.103564,0.926355,0.006811,0.362071,-8.979303,50.969349,-0.397052,-0.050017,0.935092,0.025510,0.349928,-17.384968,6.973845,-4.336494,-0.086512,0.895177,-0.073023,0.431094,4.773490,84.760681,25.321817,0.005402,0.898138,-0.137135,0.417748,8.050286,50.029488,32.640648,-0.032979,0.874825,0.007952,0.483250,2.462216,6.759098,43.513813,-0.050017,0.935092,0.025510,0.349928,-7.597641,2.110744,-14.950731,-0.032979,0.874825,0.007952,0.483250,14.670390,1.355569,36.174480
1189,9.908333,0.000363,0.908577,-0.009890,0.417600,-1.215619,84.705040,18.330740,-0.067883,0.908258,0.128230,0.392449,-1.147460,92.345352,18.195717,-0.012292,0.920556,0.036339,0.388722,-5.300458,110.108017,21.527161,0.088376,0.944314,-0.082037,0.306155,-6.328490,130.252304,22.685806,0.031966,0.970503,-0.135750,0.196658,-2.141232,143.887466,19.740061,0.077607,0.931604,0.005488,0.355051,-9.375357,123.966286,20.278913,0.400290,-0.469885,0.384894,-0.686173,-23.631060,126.843178,7.479133,0.475327,-0.482841,0.307217,-0.668241,-16.682072,102.868095,-1.446849,0.550045,-0.481443,0.226532,-0.643697,-9.139858,83.855782,-9.170209,-0.040722,0.884879,-0.082824,0.456585,-4.180361,123.924431,25.616068,0.583209,0.811283,0.035557,0.020556,7.051343,126.785919,41.140141,0.556869,0.805537,0.180468,0.091858,15.505020,101.661133,40.924858,0.553788,0.748723,0.341762,0.126222,23.487789,81.198212,39.759094,0.091708,0.891570,0.138835,0.421211,-7.284514,84.634201,11.258800,0.104204,0.926198,0.007391,0.362276,-8.944506,50.962986,-0.319292,-0.049944,0.935142,0.025360,0.349817,-17.383007,6.980181,-4.329735,-0.085536,0.895383,-0.073663,0.430752,4.853275,84.775887,25.402679,0.005962,0.898785,-0.136300,0.416619,8.051136,50.039406,32.731369,-0.032944,0.874938,0.008214,0.483044,2.462683,6.749061,43.524632,-0.049944,0.935142,0.025360,0.349817,-7.599306,2.112144,-14.945051,-0.032944,0.874938,0.008214,0.483044,14.668295,1.351336,36.176769
1190,9.916667,-0.000188,0.908544,-0.010586,0.417655,-1.135359,84.705780,18.415083,-0.068362,0.908321,0.128143,0.392249,-1.070401,92.345871,18.266882,-0.012802,0.920632,0.036436,0.388516,-5.238690,110.112129,21.590176,0.087231,0.944512,-0.081191,0.306098,-6.286953,130.255615,22.744637,0.030928,0.970515,-0.135937,0.196636,-2.137388,143.904816,19.810593,0.077402,0.931846,0.004776,0.354471,-9.328333,123.965927,20.340412,0.401835,-0.468841,0.384495,-0.686207,-23.601223,126.826248,7.556065,0.477859,-0.479669,0.306447,-0.669073,-16.583988,102.848732,-1.309780,0.552505,-0.477705,0.225539,-0.644723,-8.882317,83.847534,-8.945240,-0.041020,0.885206,-0.082604,0.455965,-4.131138,123.930618,25.675476,0.582472,0.811798,0.035336,0.021474,7.121559,126.796974,41.183449,0.557619,0.805187,0.178448,0.094295,15.618742,101.686493,41.016464,0.551773,0.750958,0.338810,0.129679,23.545950,81.191551,39.979031,0.092399,0.891159,0.138360,0.422084,-7.203407,84.620186,11.342575,0.104892,0.926161,0.008215,0.362154,-8.910236,50.948662,-0.227826,-0.049837,0.935171,0.025390,0.349753,-17.378956,6.979957,-4.328175,-0.084537,0.895445,-0.074125,0.430741,4.932689,84.791382,25.487591,0.006478,0.899320,-0.135517,0.415711,8.052990,50.047649,32.815323,-0.032991,0.874993,0.008428,0.482936,2.462937,6.738734,43.532993,-0.049837,0.935171,0.025390,0.349753,-7.597688,2.111497,-14.945544,-0.032991,0.874993,0.008428,0.482936,14.668226,1.346863,36.180286
1191,9.925000,-0.000385,0.908508,-0.011208,0.417718,-1.061746,84.703369,18.493200,-0.068982,0.908325,0.128159,0.392124,-0.995537,92.343246,18.335117,-0.013149,0.920680,0.036458,0.388389,-5.186957,110.117004,21.652306,0.086786,0.944529,-0.080780,0.306282,-6.248298,130.260056,22.802284,0.029355,0.970511,-0.135990,0.196858,-2.113126,143.915314,19.876110,0.077077,0.931939,0.004440,0.354301,-9.286097,123.967789,20.400291,0.402438,-0.466709,0.385297,-0.686857,-23.565588,126.811996,7.619722,0.479131,-0.476601,0.306054,-0.670534,-16.475334,102.822533,-1.155248,0.554741,-0.473919,0.226086,-0.645405,-8.634901,83.851265,-8.722391,-0.041612,0.885391,-0.082493,0.455573,-4.087564,123.937187,25.734079,0.581899,0.812209,0.035003,0.022030,7.177094,126.820923,41.230141,0.557530,0.805355,0.176683,0.096679,15.708351,101.721786,41.098911,0.550985,0.751923,0.336918,0.132341,23.621130,81.211433,40.190498,0.093060,0.890491,0.137702,0.423561,-7.128809,84.609589,11.419954,0.105547,0.926353,0.009189,0.361451,-8.878520,50.933849,-0.131778,-0.049757,0.935186,0.025445,0.349721,-17.372456,6.979051,-4.328008,-0.083623,0.895220,-0.074463,0.431327,5.005317,84.797150,25.566446,0.006859,0.899669,-0.134825,0.415177,8.052485,50.046051,32.890026,-0.033038,0.875062,0.008898,0.482799,2.463678,6.720778,43.542023,-0.049757,0.935186,0.025445,0.349721,-7.592587,2.111144,-14.946918,-0.033038,0.875062,0.008898,0.482799,14.669362,1.341080,36.181061
1192,9.933333,-0.000827,0.908467,-0.011565,0.417796,-0.983748,84.702942,18.571005,-0.069074,0.908418,0.127976,0.391954,-0.921387,92.342690,18.405142,-0.013840,0.920741,0.036493,0.388218,-5.112048,110.115158,21.715229,0.086345,0.944632,-0.079638,0.306385,-6.199406,130.257355,22.855844,0.027734,0.970547,-0.136254,0.196733,-2.084891,143.924576,19.956507,0.076721,0.932144,0.004301,0.353841,-9.229710,123.959961,20.457830,0.403132,-0.465336,0.385673,-0.687171,-23.523962,126.789940,7.690619,0.480956,-0.473381,0.305575,-0.671726,-16.381248,102.792534,-1.019849,0.556481,-0.470803,0.225357,-0.646442,-8.393324,83.847183,-8.503606,-0.042510,0.885565,-0.082159,0.455211,-4.029483,123.938736,25.790009,0.581501,0.812537,0.033796,0.022300,7.245028,126.846542,41.274391,0.557436,0.805640,0.174700,0.098439,15.800199,101.755333,41.193134,0.551744,0.751776,0.335311,0.134082,23.699089,81.245163,40.398060,0.093504,0.890095,0.137412,0.424389,-7.049585,84.598877,11.496852,0.106343,0.926357,0.009807,0.361189,-8.825523,50.923370,-0.051522,-0.049401,0.935234,0.025402,0.349644,-17.365938,6.984806,-4.322634,-0.082785,0.895538,-0.075052,0.430727,5.082088,84.807014,25.645157,0.007415,0.900062,-0.134035,0.414570,8.062718,50.052254,32.978733,-0.033135,0.875144,0.009176,0.482639,2.465523,6.708592,43.551212,-0.049401,0.935234,0.025402,0.349644,-7.591497,2.111767,-14.944180,-0.033135,0.875144,0.009176,0.482639,14.670769,1.337010,36.183609
1193,9.941667,-0.001155,0.908354,-0.012167,0.418024,-0.914022,84.705292,18.650150,-0.069496,0.908436,0.127617,0.391955,-0.852326,92.344818,18.473850,-0.014336,0.920741,0.036717,0.388179,-5.052264,110.119400,21.765938,0.085751,0.944724,-0.079085,0.306413,-6.161561,130.260376,22.907097,0.026390,0.970619,-0.136192,0.196609,-2.067296,143.935669,20.017170,0.076454,0.932329,0.004067,0.353414,-9.185091,123.959732,20.509054,0.404153,-0.463792,0.385853,-0.687513,-23.492632,126.777328,7.753994,0.482596,-0.470413,0.305230,-0.672791,-16.281202,102.774239,-0.883909,0.558399,-0.467584,0.226200,-0.646830,-8.160849,83.852074,-8.288254,-0.043233,0.885636,-0.081953,0.455043,-3.984617,123.944054,25.841009,0.580700,0.813094,0.033693,0.023058,7.293414,126.872597,41.318916,0.557456,0.805627,0.173527,0.100481,15.896159,101.797569,41.275612,0.549575,0.753664,0.333162,0.137701,23.778278,81.270966,40.581287,0.094206,0.889418,0.136934,0.425804,-6.976298,84.590927,11.573106,0.106986,0.926085,0.010390,0.361681,-8.792838,50.915455,0.030947,-0.049205,0.935254,0.025407,0.349620,-17.364832,6.990293,-4.314118,-0.081975,0.895810,-0.075551,0.430229,5.148253,84.819656,25.727194,0.007959,0.900685,-0.133267,0.413452,8.066103,50.060738,33.066292,-0.033010,0.875259,0.009649,0.482430,2.466419,6.699383,43.564640,-0.049205,0.935254,0.025407,0.349620,-7.592899,2.115212,-14.937036,-0.033010,0.875259,0.009649,0.482430,14.669165,1.337523,36.185822
1194,9.950000,-0.001744,0.908226,-0.012682,0.418284,-0.836241,84.705505,18.726194,-0.069769,0.908384,0.127492,0.392068,-0.779375,92.344810,18.539011,-0.015116,0.920653,0.036747,0.388353,-4.987912,110.122612,21.823004,0.085057,0.944775,-0.078601,0.306574,-6.126905,130.262573,22.952833,0.025208,0.970686,-0.136040,0.196534,-2.054407,143.945923,20.070347,0.076080,0.932486,0.003863,0.353081,-9.140229,123.956253,20.556833,0.404692,-0.462331,0.386308,-0.687925,-23.459095,126.757957,7.810985,0.484267,-0.467142,0.305034,-0.673957,-16.194588,102.747955,-0.762976,0.560315,-0.463964,0.225990,-0.647852,-7.934736,83.850754,-8.076775,-0.043763,0.885849,-0.081477,0.454663,-3.942119,123.950981,25.891113,0.579727,0.813769,0.033478,0.023978,7.347505,126.888481,41.358875,0.557646,0.805674,0.171862,0.101900,16.007769,101.833221,41.364433,0.549677,0.754349,0.331189,0.138298,23.863216,81.307831,40.760376,0.095185,0.888477,0.136251,0.427767,-6.894424,84.577118,11.645885,0.107608,0.925507,0.010852,0.362960,-8.768321,50.901569,0.113116,-0.049066,0.935217,0.025637,0.349721,-17.370220,6.989288,-4.302477,-0.081065,0.896122,-0.076060,0.429661,5.221941,84.833893,25.806501,0.008535,0.901334,-0.132535,0.412260,8.070992,50.069897,33.148586,-0.033277,0.875362,0.009738,0.482223,2.465626,6.691897,43.574898,-0.049066,0.935217,0.025637,0.349721,-7.596829,2.118939,-14.926227,-0.033277,0.875362,0.009738,0.482223,14.667911,1.335884,36.191071
1195,9.958333,-0.002238,0.908107,-0.013155,0.418527,-0.754149,84.707947,18.799946,-0.070382,0.908345,0.127318,0.392104,-0.701063,92.347023,18.603058,-0.015642,0.920625,0.036895,0.388386,-4.928162,110.124817,21.872267,0.084388,0.944862,-0.077922,0.306665,-6.089054,130.263672,22.999298,0.023906,0.970744,-0.135955,0.196469,-2.039567,143.956467,20.129244,0.075399,0.932567,0.003884,0.353014,-9.095282,123.953796,20.603783,0.404850,-0.460693,0.387082,-0.688496,-23.419958,126.731407,7.859188,0.485539,-0.463889,0.305140,-0.675240,-16.107010,102.712761,-0.649142,0.562403,-0.460078,0.227158,-0.648406,-7.720905,83.846161,-7.870820,-0.044286,0.885955,-0.081267,0.454443,-3.897791,123.954842,25.938671,0.579313,0.814102,0.032526,0.024002,7.397820,126.906075,41.399448,0.557106,0.806166,0.170516,0.103217,16.083502,101.859642,41.436428,0.548989,0.755036,0.329904,0.140339,23.947914,81.352150,40.918671,0.095689,0.888252,0.135635,0.428317,-6.808517,84.567459,11.716601,0.108346,0.925537,0.011648,0.362638,-8.726278,50.886833,0.205891,-0.048877,0.935265,0.025686,0.349615,-17.364269,6.990489,-4.296872,-0.079899,0.896520,-0.076601,0.428952,5.300218,84.848434,25.883289,0.008855,0.901747,-0.131826,0.411578,8.064304,50.076942,33.222366,-0.033196,0.875474,0.010074,0.482019,2.467061,6.682575,43.584732,-0.048877,0.935265,0.025686,0.349615,-7.595024,2.119280,-14.924044,-0.033196,0.875474,0.010074,0.482019,14.666689,1.333558,36.191444
1196,9.966667,-0.002558,0.907967,-0.013832,0.418806,-0.685981,84.707451,18.872667,-0.070744,0.908259,0.127288,0.392248,-0.632947,92.346230,18.664351,-0.016428,0.920521,0.036933,0.388597,-4.872936,110.125137,21.926989,0.082807,0.944863,-0.079118,0.306786,-6.063934,130.262863,23.042782,0.023233,0.970796,-0.134941,0.196996,-2.046219,143.955429,20.127352,0.075129,0.932600,0.003624,0.352988,-9.059651,123.947319,20.649017,0.405794,-0.459287,0.387087,-0.688876,-23.386614,126.711700,7.904117,0.486851,-0.461091,0.305460,-0.676066,-16.005264,102.692261,-0.542644,0.563867,-0.456351,0.228068,-0.649449,-7.513361,83.835724,-7.674935,-0.044890,0.886111,-0.080912,0.454142,-3.864972,123.958801,25.986633,0.578656,0.814576,0.031997,0.024485,7.439135,126.923874,41.438549,0.556567,0.806594,0.169562,0.104345,16.163876,101.891113,41.514362,0.548185,0.755769,0.329178,0.141239,24.042242,81.393806,41.066051,0.096193,0.887593,0.134988,0.429772,-6.735953,84.556183,11.785793,0.109111,0.925339,0.012321,0.362893,-8.686874,50.869965,0.297064,-0.048514,0.935253,0.025854,0.349686,-17.364418,6.990046,-4.288960,-0.078977,0.896721,-0.076961,0.428639,5.363991,84.858719,25.959543,0.009440,0.902675,-0.131153,0.409741,8.061006,50.080727,33.292751,-0.033164,0.875503,0.010391,0.481962,2.462066,6.671426,43.591427,-0.048514,0.935253,0.025854,0.349686,-7.596798,2.119432,-14.917893,-0.033164,0.875503,0.010391,0.481962,14.661911,1.329742,36.193211
1197,9.975000,-0.002815,0.907826,-0.014365,0.419092,-0.619433,84.704842,18.939812,-0.071016,0.908218,0.127107,0.392353,-0.566470,92.343369,18.722466,-0.017025,0.920460,0.036973,0.388712,-4.813097,110.121407,21.974356,0.082338,0.944952,-0.077833,0.306966,-6.027064,130.258209,23.082096,0.021904,0.970824,-0.135264,0.196786,-2.031642,143.963806,20.197475,0.074643,0.932688,0.003545,0.352858,-9.014956,123.938393,20.689838,0.405922,-0.458033,0.387517,-0.689393,-23.348318,126.684380,7.948154,0.488017,-0.457859,0.305996,-0.677179,-15.923675,102.662445,-0.453483,0.564935,-0.452963,0.228856,-0.650613,-7.317480,83.823486,-7.484354,-0.045749,0.886222,-0.080285,0.453952,-3.821912,123.957741,26.029020,0.577747,0.815224,0.031383,0.025180,7.485864,126.940872,41.474777,0.556230,0.806857,0.168984,0.105044,16.264565,101.927185,41.601788,0.547781,0.756144,0.328714,0.141878,24.148762,81.443695,41.196304,0.096686,0.887085,0.134522,0.430855,-6.664921,84.545006,11.849298,0.109736,0.925256,0.012862,0.362898,-8.647433,50.856602,0.372364,-0.048394,0.935299,0.025881,0.349578,-17.358471,6.990200,-4.279066,-0.078083,0.897052,-0.077440,0.428022,5.426055,84.864677,26.030327,0.009679,0.902781,-0.130441,0.409729,8.056575,50.081955,33.365269,-0.033082,0.875576,0.010802,0.481826,2.464535,6.656304,43.598583,-0.048394,0.935299,0.025881,0.349578,-7.594438,2.118904,-14.910989,-0.033082,0.875576,0.010802,0.481826,14.663221,1.323521,36.192028
1198,9.983333,-0.003146,0.907696,-0.014874,0.419354,-0.553599,84.702591,19.001934,-0.071367,0.908081,0.127227,0.392566,-0.501905,92.340858,18.775421,-0.017771,0.920312,0.036799,0.389046,-4.763515,110.119080,22.025623,0.081619,0.944941,-0.077753,0.307212,-6.002860,130.255356,23.114721,0.020961,0.970880,-0.134926,0.196843,-2.026177,143.965775,20.227013,0.074236,0.932691,0.003405,0.352939,-8.981165,123.929810,20.725655,0.405965,-0.456218,0.388263,-0.690152,-23.314644,126.659203,7.980546,0.488651,-0.455010,0.306631,-0.678354,-15.832685,102.632431,-0.356159,0.566439,-0.449057,0.230701,-0.651362,-7.131148,83.810165,-7.302860,-0.046285,0.886182,-0.080086,0.454010,-3.792374,123.960175,26.068916,0.576843,0.815840,0.031546,0.025742,7.511441,126.958298,41.514660,0.555722,0.807239,0.168343,0.105824,16.343924,101.963676,41.663334,0.547352,0.756816,0.327617,0.142484,24.242378,81.494644,41.306801,0.097305,0.886506,0.134044,0.432054,-6.594956,84.533104,11.908127,0.110250,0.925185,0.013354,0.362903,-8.615811,50.844120,0.439586,-0.048099,0.935350,0.026005,0.349473,-17.352863,6.989050,-4.269510,-0.077204,0.897524,-0.078027,0.427086,5.487758,84.872070,26.095741,0.010066,0.903306,-0.129755,0.408779,8.051907,50.086109,33.438854,-0.033310,0.875657,0.010897,0.481661,2.464278,6.645107,43.609215,-0.048099,0.935350,0.026005,0.349473,-7.593857,2.117739,-14.906033,-0.033310,0.875657,0.010897,0.481661,14.662841,1.317799,36.198524
1199,9.991667,-0.003833,0.907562,-0.015123,0.419628,-0.469211,84.706970,19.062080,-0.072016,0.907929,0.127278,0.392783,-0.425389,92.345062,18.827721,-0.018354,0.920170,0.036750,0.389358,-4.709286,110.115303,22.068157,0.081190,0.944968,-0.076321,0.307603,-5.969903,130.250854,23.145830,0.019574,0.970857,-0.135356,0.196805,-2.014745,143.975067,20.294348,0.073926,0.932686,0.003461,0.353016,-8.940031,123.921051,20.757896,0.406635,-0.455197,0.388317,-0.690401,-23.273191,126.639984,8.010183,0.489974,-0.452320,0.307288,-0.678901,-15.744125,102.611908,-0.280229,0.567373,-0.446308,0.231657,-0.652098,-6.952352,83.791748,-7.126962,-0.047350,0.886071,-0.079513,0.454218,-3.755174,123.959480,26.104931,0.576358,0.816254,0.029943,0.025375,7.537480,126.984535,41.553600,0.554761,0.808078,0.167481,0.105831,16.400602,102.000984,41.736759,0.546320,0.757570,0.327461,0.142795,24.348057,81.543808,41.412365,0.098026,0.886094,0.133518,0.432899,-6.506191,84.523842,11.964884,0.110819,0.925178,0.013804,0.362731,-8.577910,50.834858,0.505424,-0.047731,0.935420,0.026117,0.349328,-17.347694,6.992191,-4.257991,-0.076015,0.897601,-0.078697,0.427014,5.567769,84.890106,26.159277,0.010255,0.903635,-0.129012,0.408282,8.036253,50.098644,33.509102,-0.033288,0.875730,0.011080,0.481525,2.466107,6.640685,43.616425,-0.047731,0.935420,0.026117,0.349328,-7.595371,2.119717,-14.900114,-0.033288,0.875730,0.011080,0.481525,14.663011,1.317485,36.200047
1200,10.000000,-0.004144,0.907388,-0.015583,0.419984,-0.402744,84.707977,19.117460,-0.072341,0.907766,0.127394,0.393064,-0.360193,92.345802,18.874744,-0.018942,0.920006,0.036686,0.389723,-4.657295,110.111870,22.112545,0.080271,0.945009,-0.075671,0.307878,-5.939209,130.246735,23.178068,0.018575,0.970860,-0.135426,0.196842,-2.012742,143.981339,20.336969,0.073484,0.932640,0.003478,0.353230,-8.900907,123.912598,20.791111,0.406522,-0.453747,0.389011,-0.691031,-23.230721,126.615700,8.036278,0.490712,-0.449676,0.307966,-0.679816,-15.660402,102.583206,-0.203589,0.568321,-0.443552,0.232670,-0.652792,-6.783863,83.775436,-6.964384,-0.048287,0.886061,-0.078973,0.454233,-3.720613,123.959221,26.142498,0.575466,0.816848,0.030196,0.026217,7.568038,127.006973,41.589630,0.554103,0.808466,0.167596,0.106135,16.483358,102.042244,41.803738,0.546172,0.757771,0.327201,0.142897,24.455345,81.608177,41.494171,0.098332,0.885964,0.133100,0.433224,-6.434110,84.515900,12.015728,0.111504,0.925394,0.014355,0.361948,-8.534034,50.823254,0.572176,-0.047468,0.935410,0.026191,0.349385,-17.346087,6.995681,-4.251789,-0.075110,0.897587,-0.079256,0.427100,5.628623,84.900055,26.219193,0.010477,0.903954,-0.128320,0.407788,8.021677,50.105141,33.577614,-0.032986,0.875757,0.011651,0.481484,2.464300,6.631574,43.624668,-0.047468,0.935410,0.026191,0.349385,-7.594939,2.122380,-14.894605,-0.032986,0.875757,0.011651,0.481484,14.660250,1.318163,36.199711
1201,10.008333,-0.004132,0.907223,-0.016271,0.420315,-0.350636,84.703568,19.168694,-0.072585,0.907666,0.127273,0.393288,-0.303410,92.341064,18.916542,-0.019506,0.919884,0.036831,0.389969,-4.609340,110.113434,22.146826,0.079373,0.945013,-0.075287,0.308192,-5.914773,130.246979,23.208485,0.017598,0.970808,-0.135471,0.197155,-2.014072,143.989700,20.371115,0.073100,0.932579,0.003308,0.353472,-8.867873,123.909126,20.820786,0.406465,-0.452247,0.389606,-0.691713,-23.193251,126.595879,8.057507,0.491147,-0.447289,0.308856,-0.680673,-15.575387,102.561211,-0.132074,0.569419,-0.440205,0.234509,-0.653442,-6.630726,83.761307,-6.812516,-0.048890,0.885882,-0.078635,0.454576,-3.690755,123.962463,26.175180,0.574334,0.817636,0.030055,0.026634,7.583533,127.025673,41.629742,0.553600,0.808741,0.167949,0.106107,16.566698,102.085518,41.869129,0.544274,0.758988,0.327216,0.143639,24.563572,81.660690,41.554985,0.098543,0.885658,0.132686,0.433927,-6.376812,84.506233,12.062701,0.112086,0.925653,0.014974,0.361081,-8.494085,50.808704,0.636725,-0.047243,0.935465,0.026392,0.349252,-17.338169,6.994456,-4.249286,-0.074435,0.897624,-0.079835,0.427033,5.675540,84.900909,26.274685,0.010736,0.904356,-0.127605,0.407115,8.008310,50.105373,33.649479,-0.033357,0.875821,0.011908,0.481335,2.463384,6.615856,43.634190,-0.047243,0.935465,0.026392,0.349252,-7.591763,2.123933,-14.897719,-0.033357,0.875821,0.011908,0.481335,14.661641,1.314004,36.204754
1202,10.016667,-0.004422,0.907044,-0.016718,0.420680,-0.288935,84.703979,19.214893,-0.073161,0.907505,0.127280,0.393552,-0.242750,92.341217,18.954697,-0.019995,0.919740,0.037072,0.390261,-4.569962,110.114357,22.176058,0.078325,0.945030,-0.075120,0.308448,-5.897686,130.246429,23.238506,0.016844,0.970760,-0.135495,0.197439,-2.025207,143.996353,20.397394,0.072698,0.932415,0.003271,0.353986,-8.842376,123.905586,20.848278,0.406832,-0.451166,0.389812,-0.692086,-23.155926,126.576912,8.068508,0.492025,-0.445038,0.309796,-0.681087,-15.494850,102.541458,-0.078332,0.570208,-0.437568,0.235601,-0.654132,-6.483755,83.730820,-6.670702,-0.049466,0.885707,-0.078310,0.454911,-3.668944,123.964020,26.206184,0.573316,0.818321,0.030302,0.027227,7.591352,127.041962,41.668015,0.552734,0.809244,0.168383,0.106100,16.634781,102.123795,41.928211,0.543365,0.759546,0.327551,0.143372,24.671368,81.721642,41.612087,0.099020,0.885337,0.132312,0.434589,-6.309356,84.498138,12.104263,0.112599,0.925527,0.015286,0.361230,-8.459804,50.800270,0.685493,-0.046981,0.935478,0.026380,0.349253,-17.334970,6.997237,-4.244488,-0.073514,0.897659,-0.080571,0.426980,5.731485,84.909828,26.325521,0.010888,0.904719,-0.126821,0.406548,7.983448,50.112988,33.719276,-0.033383,0.875841,0.012242,0.481288,2.460994,6.605816,43.639339,-0.046981,0.935478,0.026380,0.349253,-7.591209,2.123561,-14.893902,-0.033383,0.875841,0.012242,0.481288,14.660275,1.312552,36.205463
1203,10.025000,-0.004664,0.906846,-0.017164,0.421086,-0.226890,84.706261,19.257549,-0.073729,0.907337,0.127289,0.393829,-0.181069,92.343224,18.989637,-0.020481,0.919595,0.037235,0.390563,-4.528372,110.113014,22.201399,0.077417,0.945072,-0.074376,0.308728,-5.877034,130.243790,23.261787,0.015960,0.970705,-0.135802,0.197572,-2.033797,144.004578,20.433662,0.072158,0.932264,0.003340,0.354493,-8.813689,123.899879,20.869860,0.406999,-0.449744,0.390235,-0.692675,-23.116350,126.552284,8.073969,0.492324,-0.443323,0.310811,-0.681526,-15.404815,102.515831,-0.022145,0.571025,-0.435119,0.237629,-0.654320,-6.356733,83.704521,-6.544476,-0.050031,0.885460,-0.078039,0.455376,-3.644065,123.963799,26.231375,0.572559,0.818859,0.030011,0.027296,7.597631,127.057281,41.703636,0.551439,0.810084,0.168807,0.105748,16.686831,102.155922,41.977657,0.542473,0.759900,0.328572,0.142532,24.785355,81.790131,41.652405,0.099644,0.884857,0.131956,0.435530,-6.240898,84.492714,12.141726,0.112976,0.925551,0.015535,0.361041,-8.429496,50.796974,0.723926,-0.046530,0.935549,0.026375,0.349123,-17.328444,7.002285,-4.237200,-0.072568,0.897631,-0.081176,0.427088,5.787119,84.919807,26.373371,0.010944,0.904928,-0.126143,0.406293,7.959305,50.120090,33.777447,-0.033516,0.875864,0.012296,0.481236,2.459806,6.597611,43.642937,-0.046530,0.935549,0.026375,0.349123,-7.592180,2.123441,-14.891100,-0.033516,0.875864,0.012296,0.481236,14.659755,1.307563,36.207874
1204,10.033333,-0.004968,0.906606,-0.017491,0.421586,-0.158606,84.706009,19.293293,-0.074255,0.907095,0.127386,0.394255,-0.114746,92.342758,19.018915,-0.021085,0.919365,0.037476,0.391049,-4.483521,110.112694,22.224665,0.076611,0.945063,-0.073721,0.309114,-5.858979,130.241730,23.283693,0.015032,0.970656,-0.136082,0.197693,-2.041019,144.012039,20.467670,0.071525,0.932067,0.003525,0.355139,-8.784905,123.894104,20.888470,0.406909,-0.448473,0.390845,-0.693208,-23.073355,126.525726,8.072424,0.492485,-0.441446,0.311927,-0.682118,-15.326580,102.485382,0.021610,0.571376,-0.432755,0.239235,-0.654995,-6.240604,83.679008,-6.426871,-0.050952,0.885169,-0.077312,0.455964,-3.621311,123.964561,26.255713,0.571734,0.819434,0.030043,0.027320,7.596024,127.077988,41.741650,0.549950,0.811079,0.169278,0.105125,16.735210,102.194954,42.017868,0.544231,0.758654,0.328742,0.142072,24.905937,81.874100,41.674980,0.100353,0.884512,0.131651,0.436161,-6.164695,84.484604,12.171022,0.113313,0.925328,0.015538,0.361506,-8.399060,50.793236,0.749207,-0.046050,0.935622,0.026420,0.348988,-17.323063,7.005420,-4.227564,-0.071528,0.897615,-0.081926,0.427153,5.847482,84.927406,26.415562,0.011084,0.905553,-0.125462,0.405105,7.929864,50.125736,33.836193,-0.033397,0.875893,0.012693,0.481182,2.456619,6.588131,43.649422,-0.046050,0.935622,0.026420,0.348988,-7.594589,2.122434,-14.886681,-0.033397,0.875893,0.012693,0.481182,14.656350,1.306184,36.208244
1205,10.041667,-0.005140,0.906359,-0.017849,0.422100,-0.101619,84.707985,19.326057,-0.074618,0.906813,0.127372,0.394841,-0.057669,92.344513,19.045641,-0.021778,0.919044,0.037740,0.391739,-4.440579,110.113014,22.242716,0.075876,0.945004,-0.072955,0.309659,-5.846725,130.240051,23.299501,0.014094,0.970585,-0.136445,0.197860,-2.052388,144.020248,20.499985,0.071049,0.931919,0.003675,0.355619,-8.759750,123.888206,20.899746,0.406946,-0.447148,0.391297,-0.693787,-23.037586,126.504387,8.068715,0.492888,-0.439971,0.312844,-0.682360,-15.246614,102.463127,0.063405,0.571770,-0.431464,0.239903,-0.655259,-6.127215,83.646683,-6.321688,-0.051556,0.884711,-0.077210,0.456800,-3.604644,123.966125,26.275040,0.570430,0.820290,0.030926,0.027865,7.580726,127.100052,41.779949,0.549113,0.811444,0.170439,0.104808,16.797256,102.245567,42.056519,0.542965,0.759228,0.329884,0.141201,25.014782,81.933914,41.682133,0.100612,0.884172,0.131601,0.436804,-6.099606,84.480728,12.197145,0.113951,0.925202,0.015449,0.361632,-8.343451,50.792133,0.768991,-0.045866,0.935608,0.026155,0.349070,-17.321985,7.017109,-4.222196,-0.070674,0.897720,-0.082654,0.426933,5.896367,84.935234,26.454973,0.011152,0.905881,-0.124804,0.404573,7.903727,50.133442,33.895699,-0.033347,0.875919,0.012942,0.481130,2.454535,6.581151,43.657009,-0.045866,0.935608,0.026155,0.349070,-7.594216,2.125131,-14.877835,-0.033347,0.875919,0.012942,0.481130,14.654069,1.304624,36.211662
1206,10.050000,-0.005240,0.906097,-0.018164,0.422647,-0.050894,84.710426,19.352547,-0.074860,0.906547,0.127386,0.395401,-0.006131,92.346764,19.067146,-0.022376,0.918750,0.038009,0.392368,-4.399608,110.114929,22.258528,0.075327,0.944876,-0.072532,0.310280,-5.832923,130.240067,23.314806,0.012880,0.970489,-0.136705,0.198234,-2.054017,144.026428,20.524750,0.070537,0.931747,0.003918,0.356170,-8.734438,123.884705,20.910450,0.407601,-0.446615,0.391030,-0.693896,-22.999893,126.485352,8.062501,0.493487,-0.438709,0.313854,-0.682276,-15.172622,102.447632,0.082000,0.572169,-0.429980,0.242362,-0.654981,-6.033757,83.620712,-6.232867,-0.052170,0.884370,-0.076799,0.457460,-3.587065,123.968796,26.293056,0.569308,0.821040,0.031385,0.028228,7.572479,127.117798,41.813515,0.548009,0.811962,0.171823,0.104314,16.855745,102.288223,42.094986,0.539952,0.760687,0.332026,0.139878,25.135410,81.989632,41.680206,0.100981,0.883875,0.131489,0.437353,-6.040246,84.478828,12.216516,0.114222,0.925255,0.015405,0.361412,-8.303492,50.793446,0.782733,-0.045442,0.935762,0.026102,0.348718,-17.306877,7.023856,-4.211384,-0.069946,0.897710,-0.083228,0.426963,5.938457,84.942017,26.488579,0.011174,0.906138,-0.124247,0.404169,7.881530,50.139713,33.943985,-0.033345,0.875959,0.013220,0.481050,2.455082,6.574997,43.662434,-0.045442,0.935762,0.026102,0.348718,-7.591500,2.125517,-14.875406,-0.033345,0.875959,0.013220,0.481050,14.654544,1.305285,36.212139
1207,10.058333,-0.005412,0.905798,-0.018432,0.423275,0.002426,84.711258,19.373209,-0.075139,0.906304,0.127456,0.395882,0.046746,92.347420,19.083025,-0.023030,0.918506,0.038362,0.392868,-4.358212,110.111320,22.269791,0.074943,0.944772,-0.071844,0.310849,-5.821941,130.234177,23.327984,0.011619,0.970388,-0.137109,0.198526,-2.056564,144.027802,20.555641,0.070152,0.931545,0.004189,0.356771,-8.711473,123.875023,20.919184,0.407657,-0.445596,0.391195,-0.694426,-22.962423,126.465057,8.053012,0.493651,-0.437644,0.315112,-0.682261,-15.093719,102.431023,0.102223,0.572268,-0.428771,0.243426,-0.655292,-5.947567,83.584419,-6.151932,-0.053107,0.884164,-0.075953,0.457891,-3.570396,123.965622,26.307695,0.568431,0.821620,0.031697,0.028655,7.570022,127.132561,41.838245,0.546561,0.812729,0.173371,0.103371,16.904888,102.322472,42.131237,0.539280,0.760747,0.332823,0.140248,25.256964,82.070869,41.660442,0.101291,0.883665,0.131347,0.437750,-5.976991,84.474472,12.229024,0.114638,0.925250,0.015315,0.361299,-8.258997,50.790894,0.793650,-0.045030,0.935812,0.026141,0.348633,-17.299997,7.029626,-4.205376,-0.069239,0.897704,-0.083833,0.426972,5.981843,84.948044,26.517391,0.011258,0.906466,-0.123723,0.403590,7.861172,50.145943,33.990036,-0.033669,0.875967,0.013336,0.481010,2.453020,6.569716,43.666981,-0.045030,0.935812,0.026141,0.348633,-7.590601,2.127774,-14.873226,-0.033669,0.875967,0.013336,0.481010,14.655473,1.307457,36.216320
1208,10.066667,-0.005373,0.905457,-0.018656,0.423994,0.051044,84.712662,19.384584,-0.075390,0.906078,0.127379,0.396376,0.097578,92.348701,19.091589,-0.023461,0.918291,0.038819,0.393300,-4.316009,110.110435,22.269337,0.075100,0.944680,-0.070197,0.311467,-5.803466,130.231064,23.336901,0.009816,0.970262,-0.138018,0.198613,-2.045035,144.036240,20.613041,0.069494,0.931342,0.004623,0.357423,-8.683477,123.869957,20.921875,0.407481,-0.444609,0.391570,-0.694950,-22.919960,126.441788,8.036050,0.493578,-0.436792,0.316269,-0.682325,-15.020259,102.408539,0.113703,0.572622,-0.427401,0.244936,-0.655316,-5.875741,83.551064,-6.090753,-0.053889,0.883741,-0.075391,0.458709,-3.547751,123.963455,26.315439,0.567908,0.822033,0.030875,0.028088,7.560368,127.148697,41.865360,0.545120,0.813669,0.174327,0.101969,16.928465,102.351151,42.159904,0.535772,0.762646,0.334607,0.139135,25.369379,82.117310,41.631027,0.101482,0.883392,0.131079,0.438336,-5.917029,84.474548,12.230965,0.115127,0.925299,0.015295,0.361019,-8.211949,50.788712,0.804826,-0.044747,0.935830,0.025961,0.348633,-17.295166,7.037491,-4.205597,-0.068596,0.897724,-0.084459,0.426911,6.019116,84.950775,26.538204,0.011339,0.906868,-0.123244,0.402831,7.838671,50.149857,34.031139,-0.033607,0.875981,0.013550,0.480984,2.449296,6.563154,43.671310,-0.044747,0.935830,0.025961,0.348633,-7.589107,2.127780,-14.872873,-0.033607,0.875981,0.013550,0.480984,14.651710,1.305308,36.217468
1209,10.075000,-0.005252,0.905126,-0.018799,0.424696,0.092998,84.714470,19.388081,-0.075620,0.905735,0.127601,0.397044,0.142368,92.350449,19.093933,-0.024014,0.917955,0.039138,0.394018,-4.285444,110.112694,22.272974,0.074326,0.944618,-0.069406,0.312018,-5.799324,130.231232,23.342361,0.008920,0.970156,-0.138559,0.198796,-2.065875,144.046494,20.635281,0.069138,0.931043,0.004699,0.358269,-8.667626,123.867119,20.921360,0.407614,-0.443617,0.391843,-0.695351,-22.882547,126.426529,8.009288,0.493541,-0.436276,0.317314,-0.682197,-14.947513,102.393166,0.122696,0.572508,-0.427071,0.246088,-0.655199,-5.810543,83.514618,-6.043016,-0.054311,0.883447,-0.074786,0.459324,-3.540721,123.965775,26.323219,0.566974,0.822656,0.031327,0.028210,7.543771,127.155914,41.888996,0.543557,0.814508,0.175923,0.100859,16.967709,102.379463,42.177719,0.534361,0.763124,0.336080,0.138389,25.490326,82.189369,41.587029,0.101633,0.883099,0.130907,0.438942,-5.863995,84.477058,12.225207,0.115529,0.925337,0.015130,0.360799,-8.166050,50.790203,0.803494,-0.044386,0.935878,0.025801,0.348565,-17.288824,7.046872,-4.203995,-0.067962,0.897711,-0.085137,0.426904,6.049992,84.951874,26.550955,0.011311,0.907283,-0.122768,0.402043,7.808333,50.152981,34.067829,-0.033615,0.876010,0.013754,0.480924,2.446761,6.555703,43.675617,-0.044386,0.935878,0.025801,0.348565,-7.588407,2.128907,-14.872599,-0.033615,0.876010,0.013754,0.480924,14.649199,1.302994,36.218197
1210,10.083333,-0.004806,0.904717,-0.019138,0.425555,0.115443,84.711479,19.390482,-0.075417,0.905399,0.127619,0.397842,0.173466,92.347328,19.094591,-0.024654,0.917573,0.039518,0.394830,-4.251183,110.112930,22.273815,0.073797,0.944474,-0.068993,0.312670,-5.795751,130.229019,23.345676,0.007819,0.970065,-0.138894,0.199049,-2.077108,144.050125,20.648087,0.068697,0.930797,0.005206,0.358985,-8.650541,123.861435,20.917793,0.407964,-0.443032,0.391614,-0.695649,-22.847931,126.411453,7.984585,0.493579,-0.435886,0.318568,-0.681834,-14.875835,102.384804,0.114894,0.572307,-0.426655,0.247917,-0.654957,-5.756290,83.476227,-6.006409,-0.054938,0.883128,-0.074039,0.459983,-3.533633,123.966003,26.329014,0.566008,0.823303,0.031826,0.028197,7.524708,127.165520,41.911461,0.542141,0.815309,0.177285,0.099621,17.006721,102.411102,42.187195,0.532986,0.763676,0.337856,0.136304,25.609196,82.252518,41.534245,0.101810,0.882568,0.130746,0.440016,-5.828011,84.478638,12.216222,0.115771,0.925314,0.014930,0.360787,-8.132399,50.791348,0.796279,-0.043996,0.935948,0.025747,0.348429,-17.281548,7.052496,-4.202258,-0.067655,0.897383,-0.085436,0.427584,6.058897,84.944321,26.564741,0.011143,0.907291,-0.122436,0.402130,7.782759,50.146091,34.092720,-0.034010,0.876027,0.013967,0.480859,2.445951,6.541145,43.679482,-0.043996,0.935948,0.025747,0.348429,-7.588309,2.128739,-14.874715,-0.034010,0.876027,0.013967,0.480859,14.652085,1.299295,36.220470
1211,10.091667,-0.005137,0.904476,-0.018890,0.426074,0.176553,84.720078,19.378284,-0.075975,0.904989,0.128122,0.398506,0.228554,92.356018,19.083700,-0.025061,0.917202,0.039921,0.395624,-4.224560,110.114502,22.267944,0.073125,0.944397,-0.068238,0.313226,-5.791566,130.228470,23.346846,0.006885,0.969967,-0.139462,0.199165,-2.094894,144.058731,20.666025,0.068215,0.930515,0.005373,0.359804,-8.635566,123.859169,20.910845,0.407816,-0.441988,0.391855,-0.696263,-22.812683,126.393555,7.952355,0.493071,-0.435785,0.319754,-0.681711,-14.801637,102.371284,0.108888,0.571980,-0.426468,0.249300,-0.654839,-5.710754,83.439751,-5.988950,-0.055850,0.882771,-0.072966,0.460729,-3.528313,123.966324,26.331127,0.565131,0.823879,0.032493,0.028193,7.499496,127.179268,41.932434,0.540406,0.816114,0.179366,0.098727,17.034138,102.444862,42.190353,0.531351,0.763880,0.340053,0.136076,25.728174,82.323921,41.472973,0.102280,0.882256,0.130336,0.440653,-5.758603,84.483459,12.197279,0.115925,0.925511,0.014784,0.360239,-8.097228,50.795376,0.786638,-0.043753,0.936089,0.025531,0.348096,-17.266649,7.059339,-4.199329,-0.066831,0.897364,-0.086377,0.427564,6.111709,84.956688,26.559288,0.011014,0.907308,-0.122000,0.402227,7.754250,50.162083,34.122131,-0.033939,0.875984,0.013837,0.480945,2.442674,6.547278,43.678032,-0.043753,0.936089,0.025531,0.348096,-7.583988,2.126875,-14.877369,-0.033939,0.875984,0.013837,0.480945,14.648992,1.301254,36.222248
1212,10.100000,-0.005151,0.904031,-0.018728,0.427026,0.212303,84.729042,19.361437,-0.076062,0.904575,0.128474,0.399316,0.263364,92.365082,19.069054,-0.025497,0.916820,0.040277,0.396444,-4.199350,110.114899,22.258722,0.072598,0.944260,-0.067606,0.313897,-5.789119,130.226822,23.342409,0.005848,0.969849,-0.139909,0.199460,-2.108995,144.064468,20.676979,0.067580,0.930103,0.006172,0.360976,-8.622083,123.855522,20.898802,0.409937,-0.442804,0.389980,-0.695552,-22.769829,126.377342,7.905799,0.494195,-0.436118,0.320828,-0.680178,-14.719319,102.371559,0.052255,0.571623,-0.426708,0.250679,-0.654467,-5.675063,83.408890,-5.984792,-0.056418,0.882379,-0.072206,0.461530,-3.524839,123.965874,26.328436,0.563975,0.824642,0.033147,0.028280,7.471881,127.186050,41.950184,0.539105,0.816774,0.181072,0.097258,17.075434,102.478195,42.195480,0.530501,0.763951,0.342155,0.133709,25.844999,82.389496,41.398132,0.102377,0.881789,0.129942,0.441682,-5.707723,84.493195,12.167929,0.116257,0.925824,0.014669,0.359332,-8.051873,50.799213,0.775849,-0.043597,0.936136,0.025256,0.348009,-17.257193,7.069820,-4.202244,-0.066428,0.897029,-0.086805,0.428241,6.132328,84.964897,26.554945,0.010794,0.907221,-0.121772,0.402499,7.730225,50.171757,34.134045,-0.033915,0.875934,0.013869,0.481037,2.441892,6.551546,43.678127,-0.043597,0.936136,0.025256,0.348009,-7.578850,2.128237,-14.879981,-0.033915,0.875934,0.013869,0.481037,14.649691,1.306026,36.224415
1213,10.108333,-0.004805,0.903485,-0.018833,0.428180,0.232427,84.729889,19.342257,-0.075969,0.904163,0.128680,0.400200,0.289330,92.365913,19.050758,-0.025945,0.916433,0.040640,0.397272,-4.176904,110.116348,22.244635,0.072284,0.944154,-0.066558,0.314512,-5.790042,130.226166,23.333075,0.004897,0.969751,-0.140556,0.199507,-2.124638,144.073105,20.695782,0.067218,0.929730,0.006813,0.361990,-8.611725,123.852791,20.881817,0.409912,-0.442229,0.390081,-0.695876,-22.732943,126.369835,7.859069,0.493847,-0.436200,0.321961,-0.679842,-14.659628,102.366722,0.020784,0.571171,-0.426906,0.251891,-0.654267,-5.650666,83.380577,-5.992504,-0.056869,0.881907,-0.071755,0.462447,-3.524613,123.966476,26.320875,0.562958,0.825303,0.033914,0.028339,7.437298,127.195534,41.965233,0.537609,0.817446,0.183154,0.095984,17.101444,102.511154,42.193012,0.529072,0.764130,0.344499,0.132321,25.955387,82.454933,41.315331,0.102342,0.881323,0.129805,0.442659,-5.669268,84.498680,12.133554,0.116666,0.925874,0.014241,0.359086,-8.003080,50.801647,0.748384,-0.043474,0.936143,0.024985,0.348027,-17.257109,7.079702,-4.204741,-0.066400,0.896765,-0.087056,0.428748,6.134122,84.961090,26.550961,0.010730,0.907281,-0.121624,0.402410,7.718229,50.170795,34.146000,-0.033791,0.875962,0.014202,0.480986,2.441423,6.547207,43.680996,-0.043474,0.936143,0.024985,0.348027,-7.580330,2.129569,-14.879933,-0.033791,0.875962,0.014202,0.480986,14.648689,1.308154,36.221874
1214,10.116667,-0.004671,0.903043,-0.018786,0.429114,0.259986,84.729973,19.316069,-0.075956,0.903753,0.128920,0.401050,0.318732,92.366043,19.026150,-0.026433,0.916024,0.041128,0.398134,-4.154905,110.119568,22.224859,0.071854,0.944047,-0.065531,0.315147,-5.794957,130.226746,23.321918,0.004001,0.969635,-0.141244,0.199606,-2.147154,144.083374,20.711256,0.067066,0.929463,0.007115,0.362699,-8.604063,123.851326,20.861540,0.410241,-0.441936,0.389705,-0.696078,-22.706167,126.366631,7.817757,0.493552,-0.436550,0.323009,-0.679334,-14.603594,102.371849,-0.015838,0.570579,-0.427194,0.253180,-0.654099,-5.633138,83.350494,-6.014312,-0.057365,0.881579,-0.070970,0.463132,-3.527535,123.968102,26.310411,0.562041,0.825907,0.034442,0.028302,7.407636,127.201172,41.972645,0.535876,0.818277,0.185274,0.094514,17.126606,102.538193,42.185642,0.527533,0.764326,0.346965,0.130878,26.072990,82.530960,41.222931,0.102424,0.880992,0.129581,0.443364,-5.626807,84.501099,12.095115,0.116875,0.925955,0.013847,0.358825,-7.963912,50.801121,0.719338,-0.043165,0.936205,0.024964,0.347899,-17.249250,7.082572,-4.205118,-0.066149,0.896596,-0.087493,0.429051,6.146780,84.958839,26.537022,0.010608,0.907481,-0.121431,0.402021,7.698727,50.171600,34.152699,-0.034081,0.875927,0.014107,0.481031,2.442967,6.543556,43.678959,-0.043165,0.936205,0.024964,0.347899,-7.578577,2.128420,-14.883977,-0.034081,0.875927,0.014107,0.481031,14.653380,1.306317,36.223705
1215,10.125000,-0.004474,0.902605,-0.018532,0.430048,0.287350,84.733582,19.278332,-0.076119,0.903224,0.129531,0.402014,0.347435,92.369827,18.993280,-0.026681,0.915552,0.041525,0.399160,-4.144497,110.118889,22.205235,0.070712,0.943980,-0.064566,0.315805,-5.801340,130.224197,23.311123,0.003471,0.969479,-0.141924,0.199892,-2.189607,144.093735,20.718912,0.066921,0.929107,0.007410,0.363631,-8.600348,123.848320,20.840439,0.410355,-0.441655,0.389488,-0.696311,-22.676971,126.361893,7.768835,0.493081,-0.436868,0.324115,-0.678946,-14.552233,102.373779,-0.062194,0.569754,-0.427648,0.254652,-0.653950,-5.622632,83.321777,-6.047218,-0.057811,0.881334,-0.070196,0.463660,-3.536209,123.965302,26.300823,0.561204,0.826460,0.034884,0.028224,7.377995,127.200607,41.977211,0.534563,0.818905,0.187167,0.092766,17.146997,102.557281,42.175968,0.525781,0.764965,0.348651,0.129714,26.171011,82.585396,41.119148,0.102528,0.880546,0.129195,0.444337,-5.584522,84.509781,12.045082,0.116977,0.926123,0.013506,0.358371,-7.928146,50.804199,0.687250,-0.042885,0.936304,0.024810,0.347679,-17.235258,7.086942,-4.207463,-0.066042,0.896308,-0.087857,0.429595,6.159222,84.957382,26.511580,0.010537,0.907404,-0.121451,0.402190,7.688444,50.173698,34.148018,-0.033807,0.875856,0.014261,0.481176,2.435924,6.545967,43.677475,-0.042885,0.936304,0.024810,0.347679,-7.572849,2.125450,-14.890393,-0.033807,0.875856,0.014261,0.481176,14.646872,1.308748,36.223091
1216,10.133333,-0.004366,0.902017,-0.018389,0.431287,0.316695,84.732872,19.229536,-0.076199,0.902702,0.130315,0.402915,0.377725,92.369217,18.947245,-0.027088,0.915138,0.041941,0.400036,-4.134508,110.122063,22.181431,0.070622,0.943767,-0.063925,0.316590,-5.814123,130.225082,23.294472,0.002486,0.969329,-0.142464,0.200250,-2.206972,144.099579,20.722479,0.066649,0.928727,0.007839,0.364640,-8.601776,123.847626,20.815056,0.410441,-0.441199,0.389173,-0.696725,-22.651333,126.356796,7.713519,0.492330,-0.437538,0.325238,-0.678522,-14.492276,102.379646,-0.115404,0.568921,-0.428208,0.256435,-0.653611,-5.620167,83.300064,-6.098722,-0.057985,0.881049,-0.069562,0.464276,-3.548393,123.966965,26.285341,0.560335,0.827040,0.035259,0.028029,7.342890,127.197853,41.978573,0.532920,0.819755,0.189011,0.090954,17.164173,102.575180,42.160137,0.524943,0.764899,0.350855,0.127535,26.278824,82.651970,41.012043,0.102645,0.880230,0.128534,0.445128,-5.535294,84.511658,11.980111,0.117166,0.926092,0.013115,0.358404,-7.897619,50.795639,0.657194,-0.042775,0.936293,0.024889,0.347716,-17.232748,7.081440,-4.211398,-0.065861,0.895890,-0.088226,0.430417,6.168683,84.954086,26.478962,0.010226,0.907202,-0.121446,0.402655,7.667920,50.173332,34.134666,-0.034006,0.875801,0.014193,0.481264,2.436056,6.544906,43.672325,-0.042775,0.936293,0.024889,0.347716,-7.570395,2.120927,-14.894835,-0.034006,0.875801,0.014193,0.481264,14.650120,1.308915,36.222187
1217,10.141667,-0.004059,0.901590,-0.018212,0.432190,0.334760,84.735794,19.188763,-0.076140,0.902276,0.130586,0.403793,0.399128,92.372276,18.910992,-0.027435,0.914718,0.042388,0.400926,-4.117900,110.121452,22.150349,0.070053,0.943711,-0.062806,0.317110,-5.818649,130.222183,23.272615,0.001818,0.969259,-0.143022,0.200197,-2.234226,144.107574,20.727783,0.066345,0.928424,0.008517,0.365452,-8.595402,123.843658,20.783733,0.410194,-0.440926,0.388897,-0.697197,-22.623569,126.350929,7.658930,0.491750,-0.438152,0.326196,-0.678086,-14.440388,102.385941,-0.182084,0.567986,-0.429418,0.257184,-0.653336,-5.616447,83.276237,-6.164726,-0.058529,0.880731,-0.068577,0.464957,-3.552918,123.964333,26.264042,0.559552,0.827563,0.035603,0.027826,7.311390,127.197144,41.975571,0.531393,0.820405,0.191251,0.089330,17.179794,102.593208,42.140232,0.522690,0.765367,0.353744,0.125990,26.374844,82.722588,40.897224,0.102734,0.879964,0.128158,0.445740,-5.502750,84.520874,11.927482,0.117233,0.925950,0.012633,0.358766,-7.875081,50.799297,0.623239,-0.042712,0.936330,0.024787,0.347632,-17.229355,7.085386,-4.211046,-0.065835,0.895555,-0.088451,0.431072,6.172270,84.950706,26.450041,0.010053,0.906978,-0.121491,0.403151,7.657251,50.172543,34.120285,-0.034225,0.875691,0.014087,0.481452,2.432724,6.544781,43.664974,-0.042712,0.936330,0.024787,0.347632,-7.569834,2.121387,-14.895426,-0.034225,0.875691,0.014087,0.481452,14.651603,1.309401,36.222301
1218,10.150000,-0.003846,0.901130,-0.017933,0.433161,0.354342,84.738037,19.135944,-0.076117,0.901806,0.131087,0.404682,0.420090,92.374702,18.863506,-0.027603,0.914301,0.042966,0.401803,-4.107326,110.121658,22.115660,0.069834,0.943570,-0.062034,0.317728,-5.824688,130.220032,23.254848,0.000860,0.969171,-0.143454,0.200318,-2.250236,144.111938,20.731661,0.066114,0.928090,0.009087,0.366326,-8.592062,123.842026,20.754227,0.409665,-0.440405,0.388808,-0.697887,-22.596630,126.348518,7.604104,0.490687,-0.438961,0.327387,-0.677759,-14.385390,102.396324,-0.246610,0.567199,-0.429900,0.258231,-0.653290,-5.628450,83.263107,-6.235299,-0.058977,0.880401,-0.067780,0.465642,-3.560210,123.960793,26.244337,0.558738,0.828086,0.036238,0.027792,7.277356,127.195572,41.973911,0.529886,0.821130,0.193165,0.087482,17.194098,102.610970,42.120613,0.523195,0.764492,0.355661,0.123791,26.467783,82.798401,40.782879,0.102868,0.879556,0.127635,0.446664,-5.467531,84.528664,11.861964,0.117278,0.926005,0.012155,0.358626,-7.853441,50.799488,0.583240,-0.042725,0.936362,0.024837,0.347539,-17.227646,7.085454,-4.211205,-0.065873,0.895123,-0.088820,0.431886,6.176216,84.947418,26.409924,0.009831,0.906874,-0.121519,0.403381,7.645077,50.174271,34.106003,-0.034124,0.875633,0.014085,0.481563,2.435189,6.546730,43.659721,-0.042725,0.936362,0.024837,0.347539,-7.569951,2.122851,-14.897877,-0.034124,0.875633,0.014085,0.481563,14.654984,1.309961,36.219536
1219,10.158333,-0.003782,0.900598,-0.017531,0.434282,0.382729,84.739342,19.072317,-0.076300,0.901288,0.131767,0.405580,0.447024,92.376228,18.805912,-0.027803,0.913887,0.043601,0.402662,-4.101279,110.121574,22.074142,0.069580,0.943468,-0.061063,0.318274,-5.837388,130.217270,23.231869,0.000200,0.969088,-0.143994,0.200335,-2.275887,144.117233,20.734940,0.065547,0.927611,0.010313,0.367608,-8.594773,123.839699,20.719124,0.407888,-0.439080,0.390240,-0.698963,-22.565760,126.342499,7.532631,0.488831,-0.439446,0.328271,-0.678358,-14.351890,102.385201,-0.299753,0.566000,-0.431038,0.258947,-0.653297,-5.640860,83.246628,-6.320710,-0.059537,0.880096,-0.066640,0.466311,-3.573378,123.956665,26.218834,0.557627,0.828737,0.038077,0.028238,7.237447,127.191032,41.966881,0.528673,0.821369,0.195990,0.086290,17.218601,102.632332,42.081894,0.519368,0.766102,0.358018,0.123154,26.563915,82.843979,40.646030,0.103086,0.879345,0.126840,0.447255,-5.421023,84.533951,11.783757,0.117335,0.925759,0.011602,0.359262,-7.839026,50.793552,0.545516,-0.043365,0.936297,0.024848,0.347634,-17.232536,7.079545,-4.211200,-0.065791,0.894691,-0.089143,0.432728,6.186480,84.944733,26.360876,0.009509,0.906517,-0.121797,0.404106,7.632791,50.174904,34.076183,-0.034061,0.875616,0.014006,0.481603,2.431402,6.552881,43.659679,-0.043365,0.936297,0.024848,0.347634,-7.566151,2.124190,-14.893375,-0.034061,0.875616,0.014006,0.481603,14.650885,1.313282,36.220978
1220,10.166667,-0.003574,0.900148,-0.017282,0.435227,0.401592,84.740944,19.009430,-0.076361,0.900802,0.132284,0.406479,0.467385,92.377983,18.747898,-0.027885,0.913463,0.044194,0.403554,-4.094654,110.121170,22.028198,0.069197,0.943360,-0.059949,0.318888,-5.844567,130.214569,23.204725,-0.000461,0.968972,-0.144548,0.200499,-2.300479,144.124207,20.737000,0.065160,0.927269,0.011183,0.368512,-8.593395,123.838211,20.679585,0.407772,-0.439200,0.389656,-0.699281,-22.540581,126.339043,7.467540,0.487810,-0.440338,0.329354,-0.677990,-14.308158,102.396919,-0.391736,0.564539,-0.431834,0.260439,-0.653442,-5.665231,83.237984,-6.421778,-0.060021,0.879652,-0.065739,0.467213,-3.582770,123.951973,26.189180,0.556685,0.829311,0.039274,0.028316,7.193196,127.187820,41.960804,0.527309,0.821915,0.198068,0.084673,17.229771,102.651611,42.046650,0.518987,0.765743,0.360169,0.120698,26.652166,82.902275,40.517941,0.103204,0.878986,0.126244,0.448101,-5.386887,84.540787,11.708586,0.117394,0.925679,0.010966,0.359468,-7.821080,50.791401,0.500901,-0.043391,0.936290,0.024981,0.347642,-17.239042,7.077366,-4.206933,-0.065748,0.894255,-0.089522,0.433557,6.190070,84.941093,26.310276,0.009233,0.906414,-0.121915,0.404309,7.614618,50.175701,34.049564,-0.033493,0.875443,0.014426,0.481943,2.429344,6.555808,43.651459,-0.043391,0.936290,0.024981,0.347642,-7.571849,2.125849,-14.890164,-0.033493,0.875443,0.014426,0.481943,14.651087,1.318762,36.214664
1221,10.175000,-0.003144,0.899710,-0.017057,0.436145,0.411615,84.744598,18.939913,-0.076096,0.900254,0.133029,0.407500,0.482083,92.381798,18.684416,-0.028476,0.912914,0.044749,0.404692,-4.086899,110.123215,21.988873,0.069172,0.943136,-0.059297,0.319679,-5.869107,130.213287,23.173952,-0.001077,0.968896,-0.144845,0.200648,-2.328124,144.127441,20.727318,0.064607,0.926656,0.012586,0.370104,-8.602199,123.834564,20.637695,0.408362,-0.439946,0.388516,-0.699102,-22.506594,126.334778,7.380509,0.487724,-0.441285,0.330124,-0.677061,-14.261903,102.408707,-0.514719,0.563488,-0.433206,0.261453,-0.653036,-5.682848,83.233345,-6.536113,-0.060152,0.879492,-0.064786,0.467630,-3.605774,123.952042,26.160097,0.555970,0.829794,0.039455,0.027988,7.154462,127.175781,41.944931,0.526174,0.822377,0.200002,0.082682,17.234221,102.657227,42.013271,0.517079,0.766269,0.362278,0.119229,26.725298,82.945076,40.379364,0.103164,0.878797,0.125470,0.448699,-5.362012,84.553223,11.627083,0.117330,0.925608,0.010618,0.359680,-7.811671,50.789356,0.466481,-0.043026,0.936248,0.025270,0.347778,-17.234627,7.073295,-4.212471,-0.065948,0.893937,-0.089710,0.434143,6.185242,84.935966,26.252741,0.008938,0.905963,-0.122276,0.405216,7.611479,50.174850,34.010906,-0.033609,0.875420,0.014191,0.481985,2.427479,6.562400,43.647255,-0.043026,0.936248,0.025270,0.347778,-7.567270,2.125731,-14.897387,-0.033609,0.875420,0.014191,0.481985,14.649958,1.321225,36.214577
1222,10.183333,-0.002729,0.899273,-0.016804,0.437056,0.419506,84.746445,18.864504,-0.076210,0.899822,0.133519,0.408271,0.494239,92.383820,18.615322,-0.028372,0.912576,0.045516,0.405374,-4.089933,110.124886,21.931118,0.068455,0.943155,-0.058340,0.319952,-5.881704,130.212402,23.144800,-0.001302,0.968851,-0.145217,0.200595,-2.367210,144.136810,20.718372,0.064569,0.926478,0.013033,0.370540,-8.608592,123.836563,20.594633,0.407962,-0.440068,0.387698,-0.699713,-22.500679,126.341591,7.325456,0.486677,-0.442354,0.330912,-0.676732,-14.228034,102.439987,-0.614474,0.562305,-0.433995,0.262062,-0.653289,-5.706918,83.229691,-6.663836,-0.060366,0.879181,-0.063837,0.468318,-3.620309,123.947395,26.124525,0.555381,0.830206,0.039471,0.027409,7.113996,127.162193,41.928829,0.524676,0.823124,0.201739,0.080522,17.230143,102.658569,41.973026,0.515879,0.766426,0.364253,0.117389,26.803917,82.999916,40.237324,0.103148,0.878548,0.124614,0.449428,-5.339327,84.563812,11.539795,0.117297,0.925569,0.010200,0.359805,-7.807038,50.784447,0.430180,-0.043457,0.936244,0.025073,0.347750,-17.240204,7.066891,-4.214167,-0.066182,0.893732,-0.089840,0.434503,6.178340,84.929070,26.189211,0.008729,0.905755,-0.122697,0.405557,7.612207,50.171829,33.963306,-0.033560,0.875345,0.014066,0.482127,2.426276,6.568316,43.638985,-0.043457,0.936244,0.025073,0.347750,-7.569648,2.118665,-14.895880,-0.033560,0.875345,0.014066,0.482127,14.650111,1.323427,36.211159
1223,10.191667,-0.002325,0.898923,-0.016472,0.437790,0.433668,84.743896,18.784140,-0.076246,0.899392,0.134170,0.408998,0.511945,92.381462,18.542278,-0.028598,0.912206,0.046184,0.406116,-4.088004,110.124504,21.876747,0.068177,0.943043,-0.057498,0.320494,-5.900011,130.209015,23.109808,-0.001799,0.968763,-0.145486,0.200821,-2.398163,144.140518,20.705948,0.064544,0.926131,0.013701,0.371387,-8.616924,123.833557,20.548094,0.406137,-0.439273,0.388533,-0.700810,-22.484777,126.346878,7.255164,0.484622,-0.443128,0.331630,-0.677348,-14.209402,102.451385,-0.700354,0.560831,-0.435145,0.263046,-0.653395,-5.738063,83.231911,-6.799828,-0.060473,0.878760,-0.063077,0.469196,-3.637808,123.942772,26.086271,0.554483,0.830770,0.040391,0.027192,7.064091,127.148590,41.914352,0.523452,0.823625,0.203545,0.078794,17.233721,102.667084,41.924648,0.515250,0.766290,0.366189,0.114990,26.877546,83.046677,40.097313,0.103051,0.878679,0.123896,0.449393,-5.313235,84.570534,11.449844,0.117230,0.925497,0.009691,0.360026,-7.799178,50.777012,0.387436,-0.043057,0.936146,0.025601,0.348025,-17.242308,7.057142,-4.214643,-0.066457,0.893372,-0.090116,0.435142,6.180572,84.917252,26.118437,0.008588,0.905620,-0.123150,0.405725,7.617622,50.166142,33.919350,-0.033563,0.875306,0.013823,0.482205,2.424935,6.572428,43.635468,-0.043057,0.936146,0.025601,0.348025,-7.568134,2.118991,-14.897736,-0.033563,0.875306,0.013823,0.482205,14.648989,1.321622,36.212193
1224,10.200000,-0.002044,0.898615,-0.015997,0.438441,0.447667,84.746078,18.699348,-0.076171,0.898956,0.134451,0.409877,0.526789,92.383904,18.465954,-0.028692,0.911752,0.047185,0.407013,-4.076987,110.120346,21.805517,0.067853,0.943011,-0.056325,0.320865,-5.910078,130.200867,23.071999,-0.002165,0.968770,-0.145766,0.200581,-2.425732,144.141907,20.698252,0.064316,0.925935,0.014726,0.371876,-8.616048,123.827621,20.493242,0.405475,-0.439590,0.387899,-0.701345,-22.470959,126.347282,7.188015,0.483450,-0.444046,0.332334,-0.677240,-14.184313,102.472923,-0.819037,0.559692,-0.435636,0.264112,-0.653614,-5.770782,83.241508,-6.944445,-0.060786,0.878288,-0.062310,0.470142,-3.647870,123.931244,26.041344,0.553778,0.831219,0.040993,0.026914,7.018149,127.134956,41.894062,0.522430,0.824017,0.205262,0.077010,17.229994,102.671013,41.876572,0.513861,0.766610,0.368138,0.112832,26.933182,83.088196,39.955799,0.103045,0.878660,0.123072,0.449657,-5.288636,84.581116,11.356564,0.117124,0.925300,0.009137,0.360581,-7.798110,50.773014,0.344161,-0.043580,0.936171,0.025511,0.347900,-17.247824,7.049966,-4.214030,-0.066441,0.893445,-0.090633,0.434888,6.183971,84.911034,26.042133,0.008219,0.905248,-0.123464,0.406467,7.605905,50.166428,33.874744,-0.033471,0.875195,0.013706,0.482417,2.423861,6.579116,43.625221,-0.043580,0.936171,0.025511,0.347900,-7.571411,2.114918,-14.896536,-0.033471,0.875195,0.013706,0.482417,14.650064,1.324236,36.208363
1225,10.208333,-0.001722,0.898283,-0.015555,0.439138,0.455017,84.748764,18.614573,-0.075960,0.898561,0.135035,0.410590,0.535773,92.386826,18.389460,-0.029151,0.911363,0.047947,0.407761,-4.073208,110.122070,21.748432,0.067685,0.942915,-0.055633,0.321302,-5.936742,130.198593,23.033827,-0.002446,0.968750,-0.145885,0.200586,-2.461249,144.145081,20.679150,0.064028,0.925466,0.015822,0.373044,-8.629383,123.824379,20.443541,0.404157,-0.439440,0.388087,-0.702096,-22.451992,126.349052,7.105714,0.481995,-0.444866,0.332770,-0.677525,-14.166075,102.486214,-0.936320,0.558221,-0.437095,0.264345,-0.653804,-5.800285,83.256027,-7.101165,-0.061009,0.878046,-0.061267,0.470701,-3.670691,123.928894,26.000103,0.553673,0.831297,0.041275,0.026245,6.973873,127.121925,41.869377,0.520485,0.824954,0.207116,0.075161,17.193783,102.661407,41.814487,0.513142,0.766326,0.370176,0.111355,27.001127,83.132492,39.804588,0.103127,0.878583,0.122209,0.450024,-5.269896,84.592613,11.262712,0.116907,0.925211,0.008685,0.360890,-7.808409,50.770615,0.299734,-0.043737,0.936120,0.025692,0.348004,-17.253517,7.042280,-4.216986,-0.066729,0.893118,-0.090781,0.435484,6.179930,84.904915,25.966433,0.007980,0.904998,-0.124002,0.406865,7.610265,50.164963,33.818108,-0.033287,0.875081,0.013572,0.482640,2.423720,6.589272,43.618019,-0.043737,0.936120,0.025692,0.348004,-7.572673,2.113871,-14.898540,-0.033287,0.875081,0.013572,0.482640,14.651301,1.328615,36.207535
1226,10.216667,-0.001355,0.897997,-0.015119,0.439740,0.462347,84.754227,18.520803,-0.075986,0.898077,0.135837,0.411378,0.545361,92.392509,18.304188,-0.029094,0.910945,0.048690,0.408610,-4.079346,110.119392,21.684925,0.067684,0.942781,-0.054819,0.321836,-5.954178,130.193146,22.996769,-0.002942,0.968699,-0.146092,0.200674,-2.483764,144.144989,20.666439,0.063923,0.925135,0.016816,0.373839,-8.639214,123.821602,20.392050,0.404825,-0.441018,0.386016,-0.701863,-22.439354,126.356590,7.032928,0.481744,-0.446016,0.333391,-0.676641,-14.142069,102.526176,-1.093120,0.556709,-0.437983,0.265299,-0.654112,-5.841661,83.276894,-7.263486,-0.061039,0.877694,-0.060476,0.471455,-3.690792,123.920044,25.957874,0.553129,0.831650,0.041853,0.025598,6.926107,127.100632,41.848171,0.519204,0.825618,0.208286,0.073481,17.179703,102.654358,41.749477,0.512446,0.766470,0.371590,0.108831,27.053520,83.174011,39.666470,0.103120,0.878475,0.121249,0.450497,-5.252728,84.607628,11.161098,0.116726,0.924995,0.008139,0.361516,-7.816741,50.768864,0.255916,-0.043971,0.936057,0.025782,0.348137,-17.261795,7.035899,-4.215931,-0.066994,0.892755,-0.090985,0.436144,6.177422,84.900833,25.880510,0.007652,0.904577,-0.124600,0.407623,7.612247,50.166046,33.754204,-0.033073,0.875007,0.013274,0.482796,2.422345,6.603271,43.609589,-0.043971,0.936057,0.025782,0.348137,-7.575324,2.112546,-14.894716,-0.033073,0.875007,0.013274,0.482796,14.649097,1.332263,36.205093
1227,10.225000,-0.001049,0.897832,-0.014550,0.440097,0.475488,84.752380,18.428226,-0.076314,0.897677,0.136496,0.411972,0.558964,92.390930,18.221525,-0.028979,0.910618,0.049456,0.409255,-4.090807,110.117294,21.617100,0.067284,0.942761,-0.053860,0.322140,-5.974956,130.188278,22.957655,-0.002948,0.968665,-0.146276,0.200704,-2.522542,144.148468,20.650717,0.063797,0.924825,0.017790,0.374583,-8.654000,123.819817,20.339281,0.403733,-0.441222,0.385575,-0.702606,-22.433168,126.364159,6.960302,0.480245,-0.447071,0.333712,-0.676852,-14.127386,102.556145,-1.222518,0.555191,-0.439077,0.265598,-0.654547,-5.877577,83.301544,-7.443320,-0.061105,0.877386,-0.059468,0.472148,-3.713332,123.911407,25.912106,0.552251,0.832140,0.043604,0.025702,6.877931,127.076660,41.822559,0.518559,0.825513,0.210701,0.072321,17.182680,102.652122,41.679783,0.511344,0.766406,0.373378,0.108344,27.092224,83.202568,39.505608,0.103144,0.878821,0.120467,0.450026,-5.233756,84.615486,11.063809,0.116410,0.924635,0.007590,0.362547,-7.830977,50.763596,0.207356,-0.044013,0.936038,0.026025,0.348163,-17.263119,7.023233,-4.219151,-0.067156,0.892451,-0.091173,0.436702,6.184732,84.889275,25.792646,0.007366,0.904303,-0.125285,0.408026,7.618924,50.158489,33.684032,-0.033094,0.874937,0.012945,0.482931,2.422773,6.610727,43.602253,-0.044013,0.936038,0.026025,0.348163,-7.574969,2.106857,-14.899628,-0.033094,0.874937,0.012945,0.482931,14.650458,1.331973,36.204823
1228,10.233333,-0.000540,0.897764,-0.014275,0.440246,0.464520,84.749451,18.337473,-0.075879,0.897522,0.136749,0.412307,0.553167,92.388138,18.137970,-0.029211,0.910406,0.050282,0.409608,-4.085067,110.106239,21.545362,0.066626,0.942862,-0.052509,0.322204,-5.991903,130.173355,22.911617,-0.002700,0.968660,-0.146517,0.200560,-2.568893,144.145752,20.634920,0.063885,0.924581,0.018809,0.375119,-8.662012,123.805573,20.282497,0.401210,-0.440589,0.386390,-0.703999,-22.425179,126.367638,6.890432,0.477765,-0.447848,0.334062,-0.677920,-14.123183,102.573189,-1.335590,0.553732,-0.439654,0.265768,-0.655327,-5.915446,83.328339,-7.627982,-0.061479,0.877082,-0.058374,0.472801,-3.725851,123.894920,25.859350,0.551562,0.832520,0.044904,0.025935,6.839731,127.053658,41.788162,0.518040,0.825456,0.212641,0.070998,17.184185,102.646080,41.619770,0.510534,0.766233,0.375517,0.105968,27.131527,83.211281,39.356857,0.102998,0.878680,0.119722,0.450533,-5.242296,84.623291,10.970982,0.116174,0.924363,0.007052,0.363327,-7.848872,50.756489,0.163373,-0.044497,0.935940,0.026205,0.348352,-17.275608,7.010475,-4.218593,-0.067507,0.892186,-0.091169,0.437190,6.171335,84.875618,25.703966,0.007008,0.903911,-0.126016,0.408675,7.623575,50.148140,33.606636,-0.033178,0.874890,0.012659,0.483019,2.422626,6.616420,43.592545,-0.044497,0.935940,0.026205,0.348352,-7.577786,2.104333,-14.894997,-0.033178,0.874890,0.012659,0.483019,14.651262,1.331846,36.200836
1229,10.241667,-0.000230,0.897675,-0.013839,0.440441,0.464043,84.746300,18.239182,-0.075752,0.897248,0.137313,0.412739,0.554047,92.385170,18.047760,-0.029309,0.910137,0.051048,0.410105,-4.091280,110.102882,21.474251,0.066833,0.942777,-0.051765,0.322530,-6.015084,130.166626,22.865942,-0.002937,0.968650,-0.146539,0.200588,-2.591835,144.142776,20.612690,0.063957,0.924329,0.019852,0.375674,-8.677411,123.800400,20.225178,0.401227,-0.441990,0.384564,-0.704111,-22.424093,126.379982,6.819558,0.477264,-0.448955,0.334247,-0.677449,-14.113008,102.621208,-1.499868,0.552217,-0.440909,0.266174,-0.655597,-5.953237,83.362473,-7.819947,-0.061380,0.876741,-0.057637,0.473535,-3.747406,123.885895,25.807535,0.551215,0.832776,0.044878,0.025124,6.791735,127.028587,41.757023,0.517076,0.825893,0.213888,0.069173,17.158669,102.630806,41.554749,0.509773,0.766195,0.377101,0.104265,27.162207,83.232048,39.207466,0.102897,0.879056,0.118919,0.450034,-5.239568,84.628845,10.870063,0.115808,0.924067,0.006599,0.364205,-7.872596,50.746910,0.116428,-0.044689,0.935888,0.026602,0.348438,-17.280054,6.992698,-4.224919,-0.067815,0.892076,-0.091386,0.437321,6.167653,84.863754,25.608297,0.006722,0.903662,-0.126696,0.409020,7.631290,50.142086,33.534332,-0.033979,0.874841,0.011590,0.483078,2.424791,6.625480,43.583008,-0.044689,0.935888,0.026602,0.348438,-7.577281,2.099337,-14.902689,-0.033979,0.874841,0.011590,0.483078,14.657180,1.325956,36.208233
1230,10.250000,0.000139,0.897554,-0.013390,0.440701,0.465251,84.747803,18.138790,-0.075805,0.896916,0.137958,0.413235,0.557350,92.386864,17.956049,-0.029242,0.909846,0.051900,0.410646,-4.101064,110.096848,21.400040,0.066396,0.942829,-0.050606,0.322653,-6.037344,130.157196,22.822908,-0.002646,0.968657,-0.146779,0.200380,-2.635647,144.143005,20.597160,0.063730,0.924023,0.021203,0.376392,-8.693143,123.793945,20.168436,0.400012,-0.442354,0.384096,-0.704829,-22.420004,126.384911,6.744719,0.475806,-0.449943,0.334179,-0.677853,-14.106905,102.649757,-1.639833,0.550630,-0.442157,0.265943,-0.656184,-5.988228,83.405472,-8.016387,-0.061084,0.876481,-0.057060,0.474124,-3.769702,123.872803,25.756678,0.550760,0.833035,0.045764,0.024928,6.749205,126.995529,41.723431,0.516264,0.826141,0.215365,0.067685,17.143248,102.609589,41.488056,0.509450,0.765987,0.378509,0.102246,27.190512,83.248245,39.062180,0.102862,0.879339,0.117861,0.449767,-5.234091,84.640152,10.766225,0.115439,0.923802,0.006294,0.364999,-7.903225,50.739838,0.079633,-0.044390,0.935784,0.026979,0.348726,-17.286842,6.977612,-4.232419,-0.068116,0.892003,-0.091568,0.437386,6.164593,84.855453,25.511354,0.006443,0.903306,-0.127412,0.409588,7.640956,50.139069,33.458153,-0.033863,0.874722,0.011133,0.483312,2.424549,6.638482,43.570854,-0.044390,0.935784,0.026979,0.348726,-7.579549,2.091411,-14.909351,-0.033863,0.874722,0.011133,0.483312,14.657604,1.326181,36.206398
1231,10.258333,0.000367,0.897516,-0.012640,0.440800,0.471484,84.747749,18.032692,-0.075990,0.896648,0.138681,0.413541,0.561672,92.387108,17.861771,-0.029108,0.909652,0.052644,0.410993,-4.116540,110.094833,21.326048,0.066531,0.942806,-0.049596,0.322849,-6.060744,130.152359,22.777670,-0.002725,0.968632,-0.147000,0.200336,-2.663687,144.143921,20.581202,0.063525,0.923673,0.022444,0.377212,-8.712413,123.792206,20.111679,0.398784,-0.443055,0.383585,-0.705362,-22.416363,126.393806,6.666617,0.474342,-0.450865,0.334073,-0.678318,-14.115384,102.680862,-1.792468,0.549027,-0.443106,0.266008,-0.656861,-6.031057,83.445267,-8.228123,-0.060942,0.876370,-0.056079,0.474464,-3.793100,123.864326,25.703648,0.550722,0.833055,0.046199,0.024302,6.713964,126.964691,41.682560,0.515595,0.826152,0.217258,0.066584,17.111847,102.580788,41.406944,0.507760,0.766005,0.380759,0.102173,27.196217,83.247711,38.904598,0.102856,0.879450,0.116867,0.449812,-5.226232,84.650024,10.658730,0.115138,0.923741,0.005822,0.365257,-7.927302,50.733006,0.033345,-0.044774,0.935681,0.027295,0.348928,-17.300621,6.964013,-4.232263,-0.068463,0.891743,-0.091891,0.437793,6.169201,84.845474,25.406656,0.006227,0.902954,-0.128123,0.410145,7.653616,50.136696,33.385128,-0.033769,0.874621,0.010757,0.483511,2.422358,6.652206,43.559204,-0.044774,0.935681,0.027295,0.348928,-7.584031,2.090608,-14.906597,-0.033769,0.874621,0.010757,0.483511,14.656075,1.329421,36.203411
1232,10.266667,0.000613,0.897548,-0.011906,0.440756,0.476259,84.749344,17.923851,-0.075679,0.896361,0.139461,0.413958,0.564869,92.388969,17.764660,-0.029455,0.909322,0.053342,0.411608,-4.115500,110.087250,21.256538,0.066450,0.942820,-0.048209,0.323032,-6.084956,130.140976,22.726614,-0.002476,0.968675,-0.147244,0.199957,-2.701715,144.141693,20.567429,0.063535,0.923522,0.023717,0.377503,-8.725559,123.780571,20.050245,0.397705,-0.443882,0.382748,-0.705906,-22.420935,126.400993,6.600104,0.473215,-0.451851,0.333521,-0.678721,-14.124842,102.716232,-1.942323,0.547672,-0.444264,0.265069,-0.657589,-6.065588,83.498451,-8.441115,-0.060712,0.876034,-0.055550,0.475177,-3.814078,123.852493,25.649097,0.550297,0.833198,0.048610,0.024306,6.667840,126.936081,41.647758,0.514919,0.826399,0.218143,0.065849,17.090534,102.563652,41.303230,0.508926,0.765618,0.380653,0.099631,27.210539,83.252403,38.761166,0.102789,0.879852,0.115875,0.449298,-5.222178,84.661789,10.550316,0.114773,0.923475,0.005344,0.366049,-7.958032,50.727314,-0.010248,-0.045135,0.935592,0.027591,0.349099,-17.313639,6.950298,-4.232157,-0.068802,0.891695,-0.092406,0.437729,6.174695,84.836891,25.297386,0.006063,0.902718,-0.128769,0.410466,7.664805,50.138195,33.318516,-0.033397,0.874498,0.010457,0.483765,2.419413,6.668439,43.548138,-0.045135,0.935592,0.027591,0.349099,-7.588760,2.088895,-14.904412,-0.033397,0.874498,0.010457,0.483765,14.652353,1.333106,36.200150
1233,10.275000,0.000989,0.897581,-0.011375,0.440703,0.476026,84.751137,17.817509,-0.075920,0.896224,0.139960,0.414041,0.566202,92.390945,17.668129,-0.029188,0.909257,0.054340,0.411639,-4.128739,110.078072,21.171083,0.066414,0.942920,-0.046949,0.322935,-6.104976,130.128082,22.682074,-0.002345,0.968675,-0.147536,0.199743,-2.734320,144.136887,20.555862,0.063429,0.923268,0.024805,0.378071,-8.743380,123.772278,19.992661,0.394673,-0.443178,0.383771,-0.707493,-22.422647,126.404778,6.528495,0.470457,-0.452623,0.333267,-0.680247,-14.135000,102.735535,-2.064979,0.546035,-0.445537,0.265240,-0.658020,-6.103479,83.552696,-8.658365,-0.060702,0.875823,-0.054750,0.475659,-3.832047,123.834404,25.591761,0.550139,0.833320,0.048689,0.023547,6.632164,126.903427,41.604809,0.514514,0.826518,0.219030,0.064569,17.066019,102.536301,41.225021,0.508437,0.765487,0.381921,0.098279,27.211395,83.247284,38.620766,0.102576,0.880327,0.114915,0.448662,-5.223273,84.674248,10.444523,0.114339,0.923230,0.005051,0.366808,-7.985251,50.720863,-0.048247,-0.045472,0.935572,0.027906,0.349083,-17.311552,6.934628,-4.239235,-0.069072,0.891594,-0.092717,0.437828,6.175325,84.828026,25.190496,0.005761,0.902411,-0.129505,0.410913,7.671672,50.136078,33.239643,-0.033207,0.874401,0.010082,0.483962,2.418590,6.683105,43.536404,-0.045472,0.935572,0.027906,0.349083,-7.582805,2.085309,-14.913462,-0.033207,0.874401,0.010082,0.483962,14.651212,1.335947,36.196484
1234,10.283333,0.001195,0.897659,-0.010917,0.440553,0.472071,84.749680,17.710352,-0.076001,0.896066,0.140644,0.414137,0.561969,92.389641,17.568619,-0.028948,0.909155,0.055228,0.411764,-4.146641,110.070465,21.092323,0.065908,0.943041,-0.046182,0.322796,-6.128987,130.117111,22.639582,-0.001878,0.968714,-0.147479,0.199600,-2.779311,144.133209,20.528517,0.063275,0.923104,0.025944,0.378420,-8.764937,123.765480,19.937908,0.393606,-0.444101,0.382749,-0.708062,-22.434729,126.409103,6.466293,0.469392,-0.453702,0.332413,-0.680681,-14.148972,102.772453,-2.218223,0.545170,-0.446224,0.264126,-0.658719,-6.137540,83.612892,-8.883389,-0.060597,0.875761,-0.053937,0.475880,-3.854931,123.818756,25.538263,0.550283,0.833211,0.049245,0.022874,6.601632,126.869537,41.559792,0.514243,0.826434,0.220256,0.063631,17.028759,102.500298,41.133522,0.507722,0.765332,0.383350,0.097618,27.193386,83.225311,38.469486,0.102430,0.880725,0.114051,0.448133,-5.229672,84.680023,10.339182,0.113961,0.922972,0.004524,0.367581,-8.017316,50.710403,-0.094048,-0.045771,0.935469,0.028286,0.349289,-17.326698,6.915966,-4.236660,-0.069284,0.891579,-0.093101,0.437743,6.173813,84.819336,25.081522,0.005365,0.902110,-0.130209,0.411357,7.672194,50.134583,33.161224,-0.033176,0.874355,0.009384,0.484060,2.420206,6.697646,43.525970,-0.045771,0.935469,0.028286,0.349289,-7.589274,2.080259,-14.909156,-0.033176,0.874355,0.009384,0.484060,14.650844,1.332895,36.195591
1235,10.291667,0.001966,0.897738,-0.010890,0.440390,0.458272,84.731209,17.600166,-0.076015,0.895941,0.141533,0.414102,0.558546,92.371140,17.463982,-0.028785,0.909126,0.055873,0.411753,-4.169831,110.065422,21.021175,0.065625,0.943167,-0.045321,0.322608,-6.156884,130.109543,22.594776,-0.001351,0.968766,-0.147398,0.199410,-2.823191,144.132401,20.503283,0.063280,0.922839,0.027095,0.378986,-8.791457,123.760834,19.884928,0.393941,-0.446146,0.380506,-0.707799,-22.444628,126.421448,6.399815,0.469162,-0.454998,0.331560,-0.680391,-14.164597,102.823708,-2.395304,0.543997,-0.447069,0.263346,-0.659428,-6.178893,83.669479,-9.114767,-0.060403,0.875775,-0.053181,0.475963,-3.881174,123.807953,25.485092,0.550186,0.833248,0.049916,0.022403,6.573233,126.838432,41.511875,0.514055,0.826265,0.221614,0.062620,17.007113,102.472832,41.045528,0.506862,0.765270,0.384782,0.096932,27.187288,83.211769,38.315094,0.102222,0.881089,0.113209,0.447679,-5.246103,84.674721,10.230921,0.113545,0.922753,0.004117,0.368262,-8.053889,50.688423,-0.142445,-0.046333,0.935318,0.028949,0.349565,-17.339670,6.885141,-4.244385,-0.069777,0.891452,-0.093443,0.437851,6.162646,84.787697,24.969412,0.005183,0.902108,-0.130974,0.411120,7.680281,50.112373,33.085896,-0.033241,0.874283,0.009383,0.484186,2.417521,6.693235,43.519520,-0.046333,0.935318,0.028949,0.349565,-7.588618,2.073590,-14.915353,-0.033241,0.874283,0.009383,0.484186,14.650902,1.329481,36.192986
1236,10.300000,0.002534,0.897884,-0.010592,0.440098,0.444556,84.734383,17.486237,-0.075813,0.895925,0.142372,0.413886,0.550568,92.374374,17.357931,-0.028720,0.909176,0.056698,0.411534,-4.181723,110.056770,20.946001,0.065714,0.943297,-0.044365,0.322342,-6.179672,130.097290,22.551363,-0.001181,0.968836,-0.147341,0.199113,-2.853109,144.125580,20.485117,0.063356,0.922796,0.028105,0.379003,-8.811887,123.751213,19.833069,0.392188,-0.446374,0.379902,-0.708952,-22.464172,126.429276,6.350517,0.467301,-0.456291,0.330645,-0.681250,-14.170609,102.867683,-2.528399,0.542183,-0.448789,0.261507,-0.660485,-6.210514,83.740257,-9.348366,-0.060379,0.875664,-0.052415,0.476257,-3.898862,123.792603,25.430874,0.550291,0.833144,0.050803,0.021677,6.544818,126.808479,41.467400,0.513968,0.826157,0.222377,0.062042,16.974276,102.442169,40.942711,0.506975,0.764939,0.385451,0.096290,27.162283,83.188797,38.174416,0.101974,0.881395,0.112175,0.447394,-5.264568,84.689896,10.120590,0.113146,0.922560,0.003759,0.368873,-8.094236,50.683380,-0.180301,-0.046539,0.935182,0.029249,0.349877,-17.356630,6.871727,-4.245508,-0.070083,0.891208,-0.093787,0.438225,6.153680,84.778862,24.851885,0.004720,0.901712,-0.131710,0.411758,7.676310,50.111176,33.000004,-0.033122,0.874176,0.008817,0.484398,2.416534,6.709022,43.505566,-0.046539,0.935182,0.029249,0.349877,-7.595681,2.070776,-14.912197,-0.033122,0.874176,0.008817,0.484398,14.649600,1.329780,36.189877
1237,10.308333,0.002974,0.898052,-0.010057,0.439765,0.443552,84.730659,17.378950,-0.075959,0.895953,0.142947,0.413600,0.551961,92.370781,17.260904,-0.028574,0.909283,0.057477,0.411199,-4.193113,110.047935,20.867262,0.066065,0.943488,-0.042512,0.321960,-6.197981,130.085205,22.504299,-0.001145,0.968922,-0.147605,0.198496,-2.879936,144.122971,20.489323,0.063168,0.922687,0.029547,0.379191,-8.829680,123.742149,19.778452,0.390934,-0.447469,0.378935,-0.709472,-22.477371,126.434639,6.294116,0.466096,-0.457253,0.329614,-0.681930,-14.196780,102.905952,-2.683605,0.541124,-0.449530,0.260786,-0.661134,-6.247838,83.809860,-9.581905,-0.060356,0.875591,-0.051709,0.476470,-3.912428,123.777115,25.372589,0.550153,0.833096,0.052943,0.021895,6.523496,126.779449,41.416706,0.514673,0.825283,0.223978,0.062088,16.960510,102.417564,40.839527,0.506144,0.764871,0.386738,0.096048,27.119081,83.148598,38.026760,0.102176,0.881486,0.111049,0.447450,-5.270992,84.698013,10.017444,0.112514,0.922226,0.003452,0.369903,-8.149510,50.676506,-0.220238,-0.046928,0.935087,0.029738,0.350037,-17.365942,6.851822,-4.249240,-0.070232,0.891106,-0.094202,0.438320,6.158096,84.763313,24.740458,0.004330,0.901430,-0.132457,0.412142,7.676106,50.102692,32.919426,-0.033125,0.874054,0.008488,0.484624,2.415833,6.717965,43.496452,-0.046928,0.935087,0.029738,0.350037,-7.596216,2.068367,-14.915755,-0.033125,0.874054,0.008488,0.484624,14.651157,1.330836,36.190342
1238,10.316667,0.003460,0.898282,-0.009590,0.439300,0.438626,84.733200,17.265800,-0.076161,0.895921,0.143806,0.413333,0.550511,92.373413,17.157366,-0.028380,0.909348,0.058316,0.410951,-4.214657,110.046219,20.791145,0.065686,0.943708,-0.041580,0.321514,-6.225826,130.080002,22.462688,-0.000551,0.969039,-0.147373,0.198100,-2.927907,144.125290,20.467110,0.062983,0.922471,0.030956,0.379635,-8.856801,123.740540,19.727802,0.389769,-0.448426,0.378099,-0.709955,-22.492352,126.447105,6.234013,0.464994,-0.458294,0.328215,-0.682658,-14.223687,102.948059,-2.831855,0.540263,-0.450458,0.259435,-0.661737,-6.278495,83.889641,-9.817794,-0.060018,0.875585,-0.051205,0.476579,-3.936341,123.767982,25.319159,0.550508,0.832885,0.053085,0.020615,6.497143,126.749733,41.368698,0.514880,0.824967,0.224799,0.061587,16.916323,102.381752,40.729607,0.504574,0.765248,0.387766,0.097152,27.074224,83.103783,37.875496,0.102066,0.881907,0.110134,0.446872,-5.283471,84.712601,9.910119,0.112044,0.921877,0.002958,0.370918,-8.191858,50.675056,-0.265627,-0.047346,0.934962,0.029989,0.350293,-17.381958,6.840605,-4.248243,-0.070403,0.891101,-0.094771,0.438179,6.160721,84.753799,24.621481,0.003943,0.901074,-0.133158,0.412697,7.672714,50.102543,32.841152,-0.033142,0.873950,0.008014,0.484818,2.411284,6.734282,43.484940,-0.047346,0.934962,0.029989,0.350293,-7.601616,2.068717,-14.910210,-0.033142,0.873950,0.008014,0.484818,14.647741,1.335871,36.189060
1239,10.325000,0.004010,0.898472,-0.009285,0.438915,0.423992,84.731949,17.157169,-0.075965,0.895989,0.144492,0.412983,0.541347,92.372185,17.056568,-0.028142,0.909487,0.059101,0.410547,-4.225395,110.035828,20.717070,0.065303,0.943973,-0.040535,0.320947,-6.240049,130.066437,22.422186,-0.000229,0.969193,-0.147046,0.197592,-2.963809,144.119858,20.448488,0.062647,0.922477,0.032414,0.379555,-8.871952,123.730644,19.679688,0.387915,-0.448970,0.377558,-0.710913,-22.511492,126.446548,6.191806,0.463222,-0.459455,0.326871,-0.683726,-14.247060,102.981529,-2.965632,0.539368,-0.450911,0.257770,-0.662809,-6.315430,83.973000,-10.055103,-0.060088,0.875717,-0.050132,0.476441,-3.946349,123.750473,25.266546,0.551033,0.832509,0.053823,0.019893,6.491907,126.714813,41.316208,0.514926,0.825076,0.224454,0.061001,16.881994,102.335930,40.621803,0.507581,0.763802,0.387323,0.094599,27.033489,83.074699,37.756256,0.101985,0.882164,0.109034,0.446651,-5.304340,84.723145,9.806320,0.111533,0.921499,0.002640,0.372011,-8.246271,50.667252,-0.298113,-0.047909,0.934820,0.030353,0.350565,-17.400589,6.822362,-4.248149,-0.070722,0.890997,-0.095213,0.438244,6.152325,84.740753,24.508017,0.003568,0.900841,-0.133856,0.412985,7.669845,50.098698,32.765377,-0.032958,0.873869,0.007699,0.484982,2.409497,6.746927,43.476643,-0.047909,0.934820,0.030353,0.350565,-7.607557,2.066648,-14.905689,-0.032958,0.873869,0.007699,0.484982,14.645391,1.338250,36.187424
1240,10.333333,0.004671,0.898691,-0.009038,0.438464,0.405191,84.731529,17.042299,-0.075559,0.896069,0.145448,0.412548,0.529916,92.371750,16.949467,-0.028074,0.909642,0.059813,0.410104,-4.235710,110.026947,20.649763,0.064984,0.944255,-0.039405,0.320323,-6.258787,130.054291,22.383038,0.000173,0.969359,-0.146825,0.196939,-3.003468,144.116013,20.433891,0.062500,0.922504,0.033540,0.379415,-8.890188,123.720757,19.634842,0.387099,-0.450678,0.375811,-0.711203,-22.534552,126.447845,6.154095,0.462629,-0.460422,0.325240,-0.684255,-14.281768,103.027283,-3.126806,0.538174,-0.452141,0.255672,-0.663754,-6.346200,84.060944,-10.293731,-0.060072,0.875910,-0.049439,0.476160,-3.959112,123.735771,25.216888,0.551106,0.832355,0.055432,0.019859,6.489576,126.686707,41.262238,0.515945,0.824036,0.225919,0.061033,16.875425,102.307465,40.518921,0.506514,0.763985,0.387954,0.096243,26.979506,83.030739,37.608788,0.101884,0.882293,0.108062,0.446656,-5.330398,84.735916,9.697104,0.110949,0.921075,0.002159,0.373239,-8.297851,50.663521,-0.344048,-0.048208,0.934720,0.030710,0.350758,-17.415365,6.806731,-4.246846,-0.071250,0.891038,-0.095667,0.437976,6.140780,84.727142,24.387493,0.003439,0.900857,-0.134615,0.412703,7.679717,50.096619,32.689117,-0.032776,0.873793,0.007203,0.485138,2.405042,6.763092,43.466980,-0.048208,0.934720,0.030710,0.350758,-7.614060,2.064078,-14.902605,-0.032776,0.873793,0.007203,0.485138,14.639359,1.339722,36.186035
1241,10.341667,0.005200,0.898967,-0.008535,0.437903,0.399884,84.731888,16.930590,-0.075458,0.896154,0.146417,0.412039,0.528452,92.372169,16.848133,-0.028251,0.909804,0.060527,0.409627,-4.245387,110.014450,20.583673,0.064324,0.944526,-0.039075,0.319696,-6.285812,130.037918,22.341209,0.000846,0.969553,-0.146059,0.196553,-3.053453,144.104904,20.391897,0.062520,0.922533,0.034740,0.379233,-8.913965,123.704926,19.588675,0.386228,-0.451858,0.374383,-0.711681,-22.563589,126.450203,6.116944,0.461566,-0.461637,0.323479,-0.684989,-14.310464,103.070663,-3.266515,0.536908,-0.453410,0.253831,-0.664620,-6.373951,84.143356,-10.534830,-0.059700,0.875967,-0.049097,0.476137,-3.977221,123.718468,25.165712,0.551103,0.832300,0.056547,0.019106,6.474028,126.650551,41.212845,0.516852,0.823426,0.226058,0.061087,16.861609,102.274132,40.403702,0.508802,0.762456,0.388238,0.095143,26.922745,82.980469,37.482178,0.101797,0.882653,0.107096,0.446196,-5.344779,84.749367,9.592510,0.110406,0.920879,0.001838,0.373883,-8.343647,50.660873,-0.384483,-0.048355,0.934623,0.031018,0.350970,-17.424902,6.793159,-4.248869,-0.071357,0.890844,-0.096157,0.438245,6.144547,84.714417,24.268669,0.003045,0.900657,-0.135312,0.412915,7.672149,50.091671,32.604797,-0.032735,0.873634,0.006694,0.485435,2.400995,6.774834,43.451256,-0.048355,0.934623,0.031018,0.350970,-7.616570,2.060597,-14.902650,-0.032735,0.873634,0.006694,0.485435,14.637411,1.338601,36.183445
1242,10.350000,0.005853,0.899276,-0.008417,0.437261,0.380892,84.730515,16.824049,-0.075310,0.896314,0.147201,0.411438,0.517589,92.370712,16.747480,-0.028125,0.910043,0.061213,0.409003,-4.260842,110.006454,20.514309,0.064107,0.944812,-0.037952,0.319029,-6.306717,130.026825,22.300470,0.001128,0.969718,-0.145717,0.195989,-3.092557,144.101456,20.376331,0.062440,0.922618,0.035986,0.378922,-8.936186,123.696350,19.543419,0.384845,-0.452721,0.373368,-0.712414,-22.595327,126.456848,6.084453,0.460304,-0.462822,0.321705,-0.685874,-14.343376,103.116592,-3.397331,0.536179,-0.454313,0.251985,-0.665294,-6.405872,84.234245,-10.771045,-0.059337,0.876067,-0.048776,0.476033,-3.991725,123.704659,25.113626,0.551542,0.832017,0.056875,0.017731,6.465042,126.618515,41.160488,0.517900,0.822806,0.225938,0.061009,16.829641,102.234818,40.279503,0.509015,0.762239,0.388295,0.095515,26.848061,82.909897,37.344532,0.101539,0.883004,0.106382,0.445732,-5.374105,84.760025,9.494110,0.109931,0.920637,0.001457,0.374621,-8.385493,50.656937,-0.429060,-0.048619,0.934497,0.031277,0.351245,-17.437744,6.779704,-4.253138,-0.071510,0.890724,-0.096506,0.438388,6.135889,84.701004,24.153986,0.002471,0.900127,-0.136045,0.413833,7.660659,50.084614,32.516968,-0.032902,0.873496,0.006066,0.485681,2.397659,6.785381,43.437412,-0.048619,0.934497,0.031277,0.351245,-7.619909,2.057261,-14.902655,-0.032902,0.873496,0.006066,0.485681,14.636786,1.336313,36.183784
1243,10.358333,0.006442,0.899571,-0.008099,0.436652,0.368622,84.733498,16.713369,-0.075082,0.896476,0.148063,0.410818,0.511246,92.373665,16.645008,-0.027920,0.910300,0.061969,0.408332,-4.267837,109.993973,20.445240,0.063668,0.945132,-0.037102,0.318270,-6.317274,130.011063,22.263968,0.001281,0.969920,-0.145170,0.195398,-3.125185,144.092804,20.355196,0.062136,0.922738,0.037105,0.378572,-8.948903,123.683807,19.501539,0.383684,-0.454162,0.372007,-0.712835,-22.619789,126.449677,6.055605,0.459432,-0.463786,0.319791,-0.686702,-14.383327,103.151093,-3.541416,0.534968,-0.455680,0.249617,-0.666226,-6.436213,84.324371,-11.006503,-0.059199,0.876182,-0.048297,0.475886,-3.996092,123.685471,25.064329,0.552218,0.831571,0.057208,0.016477,6.466745,126.585815,41.109676,0.518706,0.822380,0.225748,0.060609,16.794067,102.188828,40.161186,0.509891,0.761869,0.387868,0.095524,26.780037,82.844887,37.206322,0.101586,0.883034,0.105462,0.445881,-5.396165,84.775597,9.391189,0.109309,0.920271,0.001009,0.375703,-8.438839,50.659283,-0.476835,-0.048645,0.934487,0.031590,0.351240,-17.450956,6.769681,-4.253508,-0.071784,0.890767,-0.096995,0.438147,6.133410,84.691399,24.035549,0.002122,0.899851,-0.136768,0.414196,7.662203,50.084549,32.437183,-0.032524,0.873391,0.005721,0.485900,2.396122,6.802919,43.425709,-0.048645,0.934487,0.031590,0.351240,-7.632198,2.055926,-14.906020,-0.032524,0.873391,0.005721,0.485900,14.633483,1.340125,36.179436
1244,10.366667,0.007042,0.899855,-0.007594,0.436066,0.356303,84.735123,16.600561,-0.074837,0.896677,0.148932,0.410109,0.503767,92.375282,16.543060,-0.027593,0.910624,0.062777,0.407507,-4.274993,109.979652,20.377518,0.063228,0.945477,-0.036330,0.317421,-6.324023,129.993393,22.233088,0.001295,0.970127,-0.144581,0.194804,-3.153635,144.081772,20.337223,0.061848,0.922903,0.038104,0.378118,-8.959823,123.670326,19.465086,0.383021,-0.455832,0.370214,-0.713060,-22.645393,126.440285,6.034939,0.458928,-0.464901,0.317583,-0.687309,-14.418936,103.187134,-3.680123,0.534348,-0.456603,0.247178,-0.667000,-6.460817,84.418060,-11.236989,-0.059243,0.876374,-0.047722,0.475585,-3.996727,123.663544,25.018698,0.552307,0.831367,0.059331,0.016269,6.476995,126.554642,41.058617,0.520520,0.821143,0.225874,0.061344,16.799459,102.158501,40.038342,0.511455,0.761017,0.387607,0.095015,26.694847,82.777016,37.086964,0.101516,0.883189,0.104438,0.445831,-5.417862,84.791519,9.285871,0.108769,0.920128,0.000733,0.376210,-8.490200,50.658875,-0.516295,-0.048896,0.934348,0.031867,0.351551,-17.465519,6.758639,-4.256825,-0.072053,0.890715,-0.097536,0.438089,6.130468,84.678719,23.915253,0.001735,0.899548,-0.137474,0.414621,7.659590,50.082134,32.358994,-0.032745,0.873310,0.005038,0.486037,2.393373,6.817785,43.415287,-0.048896,0.934348,0.031867,0.351551,-7.636549,2.055398,-14.904569,-0.032745,0.873310,0.005038,0.486037,14.631880,1.341535,36.181114
1245,10.375000,0.007590,0.900171,-0.007152,0.435413,0.341093,84.737823,16.494104,-0.074462,0.896927,0.149763,0.409327,0.493115,92.377968,16.446220,-0.027468,0.910965,0.063474,0.406645,-4.281517,109.972855,20.317268,0.063104,0.945843,-0.035196,0.316481,-6.335586,129.983322,22.202404,0.001232,0.970374,-0.144194,0.193861,-3.181876,144.078812,20.331776,0.061763,0.922948,0.039568,0.377871,-8.973941,123.662674,19.431316,0.382109,-0.457134,0.369065,-0.713310,-22.667166,126.450768,6.012729,0.457950,-0.466274,0.315329,-0.688068,-14.458747,103.231766,-3.798791,0.533409,-0.458216,0.245050,-0.667431,-6.498689,84.522606,-11.466157,-0.059365,0.876850,-0.046913,0.474773,-4.000278,123.650917,24.975460,0.553159,0.830832,0.059216,0.015063,6.502779,126.530899,40.998192,0.521979,0.820326,0.225607,0.060867,16.777361,102.116821,39.925022,0.511750,0.761045,0.386915,0.096022,26.610725,82.702545,36.945248,0.101413,0.883461,0.103631,0.445503,-5.443536,84.807137,9.187796,0.108262,0.919615,0.000231,0.377608,-8.539435,50.661026,-0.559928,-0.049293,0.934199,0.032047,0.351875,-17.484838,6.750858,-4.255324,-0.072398,0.890779,-0.097976,0.437803,6.125721,84.668518,23.800413,0.001503,0.899496,-0.138242,0.414481,7.665311,50.081600,32.281807,-0.032692,0.873243,0.004529,0.486167,2.390986,6.836212,43.408215,-0.049293,0.934199,0.032047,0.351875,-7.644166,2.057154,-14.896467,-0.032692,0.873243,0.004529,0.486167,14.628633,1.346798,36.182575
1246,10.383333,0.008186,0.900535,-0.006873,0.434652,0.324340,84.737549,16.392384,-0.074433,0.897139,0.150514,0.408592,0.482659,92.377609,16.352163,-0.027054,0.911288,0.064239,0.405827,-4.299177,109.965347,20.252195,0.062431,0.946221,-0.034559,0.315553,-6.348811,129.972778,22.174007,0.001384,0.970604,-0.143512,0.193211,-3.222150,144.075195,20.310207,0.061697,0.923040,0.040803,0.377525,-8.992580,123.656807,19.397419,0.381084,-0.458463,0.367836,-0.713641,-22.696239,126.460289,5.992709,0.457327,-0.467349,0.313122,-0.688761,-14.504272,103.279350,-3.922009,0.532708,-0.459840,0.242465,-0.667818,-6.526614,84.615891,-11.688905,-0.059321,0.877419,-0.046058,0.473810,-4.008684,123.635719,24.932331,0.553846,0.830458,0.058413,0.013528,6.529953,126.498070,40.934837,0.523340,0.819824,0.224415,0.060345,16.766533,102.070114,39.815201,0.514186,0.759953,0.385975,0.095437,26.535133,82.636665,36.830742,0.101209,0.883775,0.102988,0.445075,-5.472438,84.819260,9.095843,0.107764,0.919454,-0.000144,0.378143,-8.581286,50.660748,-0.604145,-0.049627,0.934133,0.032275,0.351983,-17.496660,6.740898,-4.256798,-0.072686,0.890836,-0.098407,0.437544,6.121119,84.655838,23.688923,0.001250,0.899500,-0.138979,0.414226,7.667678,50.077938,32.205723,-0.032330,0.873188,0.004306,0.486291,2.389479,6.850865,43.401234,-0.049627,0.934133,0.032275,0.351983,-7.649682,2.057092,-14.896459,-0.032330,0.873188,0.004306,0.486291,14.624506,1.350893,36.179195
1247,10.391667,0.008955,0.900884,-0.006521,0.433920,0.303818,84.737839,16.287926,-0.074249,0.897372,0.151319,0.407816,0.470368,92.377762,16.257528,-0.026584,0.911650,0.064873,0.404944,-4.314700,109.960579,20.191463,0.062221,0.946598,-0.033738,0.314552,-6.355487,129.965729,22.146219,0.001223,0.970878,-0.142903,0.192282,-3.245233,144.073853,20.298220,0.061565,0.923187,0.041797,0.377079,-9.006375,123.654411,19.365805,0.380088,-0.459445,0.366734,-0.714108,-22.723692,126.467346,5.977045,0.456278,-0.468774,0.310837,-0.689523,-14.536577,103.323456,-4.027840,0.531976,-0.461126,0.239622,-0.668540,-6.554975,84.711235,-11.912478,-0.059060,0.877796,-0.045583,0.473190,-4.011445,123.624107,24.890724,0.554243,0.830166,0.059022,0.012480,6.551165,126.468636,40.880604,0.525169,0.818838,0.223741,0.060353,16.765825,102.034592,39.695488,0.516301,0.759073,0.384885,0.095416,26.449919,82.560364,36.706268,0.100906,0.883931,0.102313,0.444990,-5.504582,84.835472,9.000825,0.107311,0.919258,-0.000510,0.378747,-8.617539,50.662708,-0.647520,-0.049838,0.934059,0.032402,0.352138,-17.506075,6.734127,-4.260363,-0.073028,0.891093,-0.098846,0.436864,6.112218,84.640205,23.575026,0.000995,0.899296,-0.139709,0.414424,7.672906,50.072044,32.128696,-0.032624,0.873092,0.003598,0.486450,2.385724,6.863213,43.390198,-0.049838,0.934059,0.032402,0.352138,-7.653208,2.056210,-14.897171,-0.032624,0.873092,0.003598,0.486450,14.622855,1.350268,36.181618
1248,10.400000,0.009592,0.901264,-0.006116,0.433121,0.281721,84.738632,16.183851,-0.073793,0.897613,0.152164,0.407052,0.454336,92.378456,16.163109,-0.026370,0.911963,0.065526,0.404146,-4.324280,109.952797,20.135403,0.061836,0.946949,-0.033141,0.313632,-6.366076,129.954956,22.119406,0.001112,0.971143,-0.142192,0.191474,-3.274681,144.068344,20.279957,0.061516,0.923405,0.042986,0.376419,-9.020476,123.646614,19.335608,0.379688,-0.460877,0.365042,-0.714264,-22.757301,126.474594,5.970031,0.455767,-0.470234,0.308545,-0.689896,-14.574435,103.372620,-4.134715,0.531299,-0.462313,0.236283,-0.669447,-6.587327,84.797737,-12.126413,-0.058751,0.878289,-0.045183,0.472351,-4.015753,123.610367,24.851624,0.555094,0.829510,0.060378,0.011780,6.579000,126.436684,40.823456,0.526308,0.818207,0.223298,0.060622,16.744560,101.985863,39.564556,0.517966,0.758584,0.383671,0.095176,26.372831,82.487396,36.582970,0.100612,0.884146,0.101842,0.444737,-5.539372,84.850395,8.907088,0.106808,0.919016,-0.001029,0.379473,-8.652133,50.666546,-0.701986,-0.050285,0.933968,0.032283,0.352324,-17.514463,6.728345,-4.261804,-0.073234,0.890917,-0.099224,0.437102,6.102813,84.626862,23.460615,0.000414,0.898855,-0.140437,0.415136,7.662244,50.066174,32.044674,-0.032223,0.873014,0.003316,0.486619,2.385911,6.875610,43.381111,-0.050285,0.933968,0.032283,0.352324,-7.653286,2.052351,-14.891757,-0.032223,0.873014,0.003316,0.486619,14.620468,1.350120,36.177761
1249,10.408333,0.009798,0.901767,-0.005319,0.432078,0.275375,84.746155,16.079771,-0.073628,0.897868,0.153105,0.406165,0.445536,92.386063,16.071173,-0.025985,0.912318,0.066206,0.403258,-4.335948,109.944962,20.080082,0.062031,0.947269,-0.032680,0.312675,-6.372674,129.944305,22.097311,0.000471,0.971452,-0.141372,0.190512,-3.283354,144.059464,20.267874,0.061363,0.923566,0.044109,0.375919,-9.032966,123.640190,19.309614,0.378888,-0.462247,0.363674,-0.714502,-22.785103,126.478600,5.962016,0.455248,-0.471437,0.306212,-0.690457,-14.616460,103.415886,-4.243407,0.530879,-0.463950,0.234120,-0.669407,-6.619464,84.897736,-12.332606,-0.058556,0.878737,-0.044774,0.471579,-4.017267,123.595619,24.815588,0.555649,0.829187,0.060035,0.009967,6.606598,126.407501,40.770618,0.528322,0.817382,0.221631,0.060354,16.741539,101.947762,39.440147,0.520069,0.757984,0.382207,0.094376,26.280106,82.398857,36.464996,0.100589,0.884298,0.101720,0.444468,-5.562458,84.868011,8.816595,0.106348,0.918752,-0.001168,0.380241,-8.680645,50.682076,-0.783283,-0.050363,0.933731,0.031786,0.352987,-17.507265,6.735081,-4.323277,-0.073265,0.890992,-0.099763,0.436821,6.113207,84.624306,23.342947,-0.000020,0.898569,-0.141182,0.415502,7.660194,50.071602,31.961325,-0.032159,0.872953,0.002476,0.486736,2.386447,6.899905,43.370567,-0.050363,0.933731,0.031786,0.352987,-7.631628,2.047324,-14.934606,-0.032159,0.872953,0.002476,0.486736,14.618151,1.353025,36.178833
1250,10.416667,0.010433,0.902222,-0.004802,0.431119,0.256342,84.743240,15.980750,-0.073147,0.898215,0.153728,0.405250,0.431837,92.383026,15.983279,-0.025757,0.912708,0.066878,0.402280,-4.338427,109.936539,20.024538,0.061603,0.947702,-0.031501,0.311566,-6.375466,129.932755,22.072344,0.000201,0.971738,-0.140860,0.189428,-3.311846,144.056488,20.266081,0.061251,0.923820,0.044921,0.375216,-9.040310,123.631645,19.282164,0.377870,-0.463346,0.362636,-0.714856,-22.813444,126.477219,5.957761,0.454487,-0.472689,0.303881,-0.691132,-14.658770,103.449928,-4.338424,0.530200,-0.465594,0.231015,-0.669882,-6.654174,84.990173,-12.532313,-0.058153,0.879074,-0.044597,0.471019,-4.012691,123.581062,24.777205,0.556243,0.828813,0.059938,0.008385,6.633463,126.375793,40.720387,0.530062,0.816649,0.220265,0.060018,16.734896,101.906029,39.321178,0.522496,0.757226,0.380448,0.094158,26.192829,82.321808,36.347382,0.100407,0.884637,0.101494,0.443886,-5.596676,84.880089,8.730074,0.105789,0.918449,-0.001821,0.381126,-8.717203,50.688267,-0.848043,-0.050433,0.933674,0.031974,0.353111,-17.517199,6.730786,-4.323498,-0.073641,0.891079,-0.100196,0.436482,6.109361,84.606384,23.231426,-0.000270,0.898408,-0.141953,0.415588,7.669632,50.063782,31.887821,-0.031888,0.872912,0.002339,0.486828,2.386171,6.911719,43.366646,-0.050433,0.933674,0.031974,0.353111,-7.637605,2.048987,-14.933774,-0.031888,0.872912,0.002339,0.486828,14.616017,1.357665,36.177284
1251,10.425000,0.011148,0.902629,-0.004268,0.430254,0.230408,84.744606,15.879527,-0.072502,0.898649,0.154273,0.404195,0.412265,92.384232,15.893951,-0.025575,0.913189,0.067659,0.401066,-4.337430,109.926437,19.966574,0.061664,0.948083,-0.030730,0.310470,-6.377614,129.918793,22.048697,-0.000407,0.972022,-0.140132,0.188512,-3.322818,144.046555,20.259077,0.061198,0.924072,0.046398,0.374424,-9.047174,123.620560,19.256531,0.377323,-0.464575,0.361291,-0.715029,-22.843563,126.484894,5.960241,0.453726,-0.474062,0.301655,-0.691666,-14.697706,103.494156,-4.424223,0.529565,-0.466643,0.228469,-0.670527,-6.691911,85.084862,-12.723372,-0.058120,0.879667,-0.043861,0.469983,-4.004898,123.564232,24.738064,0.556748,0.828460,0.060246,0.007520,6.679176,126.343956,40.658485,0.531971,0.815646,0.219397,0.059933,16.751583,101.865067,39.210464,0.524262,0.756656,0.379178,0.094048,26.118988,82.242920,36.233376,0.100018,0.885036,0.101146,0.443258,-5.636202,84.897926,8.640175,0.105357,0.918184,-0.002346,0.381879,-8.750546,50.695522,-0.902095,-0.050657,0.933562,0.031964,0.353377,-17.530552,6.730047,-4.326568,-0.074130,0.891230,-0.100698,0.435975,6.097018,84.591286,23.118879,-0.000566,0.898104,-0.142621,0.416014,7.677161,50.061024,31.820774,-0.031918,0.872871,0.001919,0.486903,2.387208,6.926078,43.360786,-0.050657,0.933562,0.031964,0.353377,-7.642789,2.050728,-14.930325,-0.031918,0.872871,0.001919,0.486903,14.616510,1.362269,36.178051
1252,10.433333,0.011740,0.903078,-0.003680,0.429300,0.207891,84.745995,15.784113,-0.071885,0.899019,0.154884,0.403248,0.394073,92.385483,15.810357,-0.025395,0.913586,0.068407,0.400045,-4.338853,109.920845,19.916674,0.061943,0.948390,-0.030302,0.309519,-6.382126,129.909439,22.031454,-0.001123,0.972295,-0.139406,0.187638,-3.326768,144.038345,20.251795,0.061085,0.924320,0.047444,0.373698,-9.055508,123.614098,19.236450,0.376894,-0.466221,0.359728,-0.714971,-22.873466,126.488815,5.964811,0.453561,-0.475155,0.299308,-0.692044,-14.749119,103.536079,-4.520085,0.529196,-0.467920,0.225672,-0.670876,-6.728682,85.177826,-12.906658,-0.058016,0.880360,-0.043033,0.468774,-4.000899,123.552063,24.706556,0.557659,0.827893,0.059778,0.005971,6.727615,126.312698,40.600403,0.533632,0.814935,0.218120,0.059511,16.747272,101.815628,39.095055,0.526386,0.755963,0.377583,0.094175,26.035362,82.166344,36.116169,0.099716,0.885499,0.100853,0.442467,-5.673766,84.914162,8.557307,0.104836,0.917891,-0.002867,0.382723,-8.787279,50.703239,-0.954656,-0.050955,0.933491,0.031935,0.353523,-17.539608,6.728160,-4.326212,-0.074493,0.891452,-0.100986,0.435391,6.089549,84.577820,23.010918,-0.000733,0.898191,-0.143499,0.415524,7.689185,50.055550,31.740915,-0.031723,0.872871,0.001559,0.486916,2.386150,6.943220,43.359150,-0.050955,0.933491,0.031935,0.353523,-7.645689,2.051528,-14.925417,-0.031723,0.872871,0.001559,0.486916,14.611923,1.367804,36.179398
1253,10.441667,0.012263,0.903488,-0.003124,0.428427,0.186210,84.744957,15.691158,-0.071112,0.899360,0.155570,0.402359,0.375996,92.384308,15.728312,-0.025320,0.913949,0.068962,0.399125,-4.335887,109.911392,19.872465,0.062225,0.948749,-0.028951,0.308489,-6.383174,129.897064,22.010904,-0.001754,0.972583,-0.139135,0.186337,-3.335326,144.031921,20.265966,0.061303,0.924747,0.048102,0.372519,-9.059560,123.603348,19.215117,0.376412,-0.467591,0.358145,-0.715126,-22.910580,126.494217,5.981513,0.453132,-0.476375,0.297187,-0.692400,-14.793783,103.583145,-4.599904,0.528979,-0.468877,0.223628,-0.671064,-6.767626,85.266182,-13.079086,-0.057736,0.880850,-0.042669,0.467921,-3.993951,123.538055,24.674997,0.558380,0.827413,0.059821,0.004517,6.766796,126.282227,40.549885,0.535293,0.814183,0.216949,0.059170,16.744617,101.772324,38.977051,0.527985,0.755618,0.376126,0.093827,25.958776,82.082924,35.994919,0.099334,0.886021,0.100645,0.441555,-5.709161,84.926506,8.475864,0.104406,0.917828,-0.003300,0.382988,-8.815421,50.707169,-1.008163,-0.050887,0.933432,0.032121,0.353673,-17.546579,6.724217,-4.331685,-0.074820,0.891816,-0.101347,0.434505,6.081581,84.563408,22.906452,-0.000962,0.898080,-0.144243,0.415506,7.699099,50.049824,31.667454,-0.031148,0.872811,0.001496,0.487061,2.387030,6.956756,43.352833,-0.050887,0.933432,0.032121,0.353673,-7.649500,2.051975,-14.929865,-0.031148,0.872811,0.001496,0.487061,14.609128,1.371670,36.174351
1254,10.450000,0.012853,0.903942,-0.002543,0.427455,0.163229,84.743500,15.599910,-0.070366,0.899707,0.156190,0.401472,0.357413,92.382683,15.648754,-0.025257,0.914292,0.069710,0.398213,-4.333189,109.901428,19.827967,0.061330,0.949160,-0.029193,0.307380,-6.387972,129.883041,21.996965,-0.001661,0.972891,-0.138086,0.185506,-3.366105,144.021057,20.232613,0.061520,0.925091,0.048791,0.371540,-9.066209,123.591446,19.198160,0.375817,-0.468779,0.356869,-0.715299,-22.944427,126.499023,5.996755,0.452622,-0.477547,0.294991,-0.692865,-14.838224,103.624130,-4.670727,0.528610,-0.469948,0.220963,-0.671488,-6.802641,85.351318,-13.246216,-0.057550,0.881335,-0.042382,0.467056,-3.989717,123.521912,24.647867,0.558968,0.826972,0.060510,0.003288,6.803195,126.254204,40.502949,0.537107,0.813363,0.215517,0.059241,16.746649,101.735352,38.853794,0.530407,0.754985,0.374165,0.093096,25.875967,82.001564,35.888245,0.098954,0.886467,0.100603,0.440754,-5.747374,84.939796,8.397475,0.103914,0.917877,-0.003799,0.383001,-8.839771,50.714481,-1.069494,-0.050813,0.933452,0.032166,0.353624,-17.547993,6.722632,-4.334932,-0.075216,0.892197,-0.101648,0.433583,6.073833,84.547203,22.802343,-0.001141,0.897929,-0.145037,0.415555,7.716011,50.042213,31.592537,-0.031260,0.872777,0.000956,0.487117,2.388116,6.969839,43.346821,-0.050813,0.933452,0.032166,0.353624,-7.652618,2.050738,-14.934857,-0.031260,0.872777,0.000956,0.487117,14.609557,1.373207,36.176224
1255,10.458333,0.013405,0.904404,-0.002005,0.426463,0.137226,84.738632,15.509579,-0.069457,0.900064,0.156934,0.400541,0.335584,92.377632,15.569240,-0.025158,0.914658,0.070239,0.397284,-4.330411,109.889542,19.790751,0.061289,0.949519,-0.028626,0.306331,-6.387800,129.868362,21.982826,-0.002172,0.973189,-0.137485,0.184380,-3.375496,144.009735,20.228973,0.061568,0.925380,0.049608,0.370704,-9.069506,123.578476,19.183508,0.375292,-0.469851,0.355662,-0.715472,-22.971539,126.498604,6.009948,0.452088,-0.478790,0.292946,-0.693224,-14.873115,103.657951,-4.736499,0.527747,-0.471711,0.218077,-0.671873,-6.837262,85.429634,-13.403514,-0.057385,0.881998,-0.041941,0.465861,-3.981937,123.505577,24.622837,0.559671,0.826567,0.059609,0.001516,6.854892,126.223801,40.450367,0.538844,0.812693,0.213889,0.058554,16.757139,101.691910,38.747982,0.532874,0.754121,0.372530,0.092569,25.807539,81.923584,35.778408,0.098784,0.886625,0.100534,0.440490,-5.788902,84.948662,8.320295,0.103286,0.917772,-0.004361,0.383417,-8.875747,50.719963,-1.136258,-0.050991,0.933426,0.032231,0.353663,-17.550686,6.716838,-4.337678,-0.075679,0.892315,-0.101890,0.433204,6.063354,84.528610,22.698862,-0.001349,0.897816,-0.145802,0.415532,7.730844,50.032108,31.517591,-0.031177,0.872751,0.000636,0.487168,2.391455,6.979790,43.339928,-0.050991,0.933426,0.032231,0.353663,-7.652520,2.048701,-14.936662,-0.031177,0.872751,0.000636,0.487168,14.611313,1.374194,36.173618
1256,10.466667,0.013988,0.904840,-0.001353,0.425519,0.116094,84.736130,15.419248,-0.068958,0.900451,0.157573,0.399505,0.318340,92.374916,15.491515,-0.024776,0.915125,0.070800,0.396132,-4.334435,109.878349,19.745939,0.061671,0.949902,-0.027125,0.305199,-6.383883,129.854752,21.967371,-0.002885,0.973434,-0.137458,0.183093,-3.377852,144.002274,20.252865,0.061625,0.925689,0.050345,0.369822,-9.073478,123.568550,19.167343,0.374713,-0.471105,0.354560,-0.715498,-23.000549,126.500305,6.022851,0.451674,-0.479705,0.291123,-0.693629,-14.923141,103.690483,-4.804590,0.527676,-0.472062,0.216035,-0.672342,-6.881194,85.507271,-13.546385,-0.057119,0.882503,-0.041617,0.464966,-3.972008,123.488510,24.593536,0.560255,0.826187,0.059411,-0.000001,6.898284,126.191437,40.400726,0.540498,0.811931,0.212691,0.058244,16.765961,101.650032,38.635914,0.534856,0.753369,0.371290,0.092242,25.739393,81.847275,35.666325,0.098636,0.886826,0.100438,0.440141,-5.824720,84.961319,8.242557,0.102757,0.917515,-0.004978,0.384165,-8.909139,50.729160,-1.202256,-0.051232,0.933333,0.032093,0.353886,-17.559639,6.716743,-4.341499,-0.075998,0.892461,-0.102144,0.432787,6.056907,84.510948,22.595940,-0.001601,0.897679,-0.146611,0.415541,7.740652,50.021595,31.439486,-0.031322,0.872744,0.000060,0.487172,2.391180,6.990629,43.334778,-0.051232,0.933333,0.032093,0.353886,-7.654423,2.047820,-14.933547,-0.031322,0.872744,0.000060,0.487172,14.609668,1.373079,36.175499
1257,10.475000,0.014502,0.905284,-0.000727,0.424559,0.093718,84.735451,15.334889,-0.068270,0.900869,0.158108,0.398467,0.299089,92.374031,15.418929,-0.024724,0.915554,0.071527,0.395010,-4.332788,109.871819,19.705906,0.061517,0.950287,-0.026539,0.304084,-6.389126,129.844147,21.957424,-0.003112,0.973682,-0.137026,0.182094,-3.396037,143.995590,20.252724,0.061635,0.925977,0.051036,0.369003,-9.081664,123.559784,19.156065,0.374423,-0.472348,0.353346,-0.715432,-23.032116,126.500893,6.038487,0.451452,-0.480721,0.289249,-0.693854,-14.971325,103.720947,-4.863999,0.527533,-0.472963,0.214046,-0.672457,-6.927656,85.583107,-13.677248,-0.056640,0.883028,-0.041287,0.464056,-3.966932,123.476097,24.569702,0.560865,0.825787,0.059195,-0.001459,6.938219,126.156387,40.356712,0.541923,0.811398,0.211267,0.057606,16.769520,101.604721,38.532562,0.537094,0.752817,0.369328,0.091615,25.678612,81.773201,35.559433,0.098314,0.887298,0.100583,0.439226,-5.862032,84.974396,8.171037,0.102308,0.917464,-0.005601,0.384398,-8.931444,50.739799,-1.269811,-0.051381,0.933274,0.031974,0.354030,-17.566071,6.719697,-4.344276,-0.076323,0.892660,-0.102202,0.432306,6.049468,84.496513,22.498741,-0.002158,0.896663,-0.147436,0.417436,7.756747,50.011528,31.354809,-0.030987,0.872636,-0.000008,0.487387,2.396116,7.002571,43.324440,-0.051381,0.933274,0.031974,0.354030,-7.656473,2.049374,-14.931597,-0.030987,0.872636,-0.000008,0.487387,14.614457,1.378716,36.169872
1258,10.483333,0.014847,0.905801,0.000034,0.423443,0.080814,84.737129,15.246421,-0.067779,0.901272,0.158842,0.397346,0.286131,92.375565,15.342970,-0.024465,0.916021,0.072118,0.393834,-4.333941,109.864761,19.666437,0.061435,0.950644,-0.025979,0.303028,-6.387163,129.834167,21.946503,-0.003429,0.973895,-0.136590,0.181272,-3.404583,143.989044,20.251808,0.061692,0.926246,0.052352,0.368132,-9.086090,123.552704,19.144814,0.374137,-0.473754,0.352284,-0.715175,-23.061163,126.513550,6.057912,0.451256,-0.481479,0.287489,-0.694187,-15.031203,103.757950,-4.917906,0.526974,-0.473898,0.211946,-0.672902,-6.974357,85.656479,-13.798783,-0.056506,0.883814,-0.040560,0.462639,-3.957345,123.463440,24.545090,0.561913,0.825112,0.058615,-0.002853,6.999302,126.125610,40.299488,0.542973,0.811037,0.210122,0.056988,16.767883,101.552452,38.428383,0.539473,0.751825,0.368015,0.091070,25.627651,81.706223,35.450737,0.097960,0.887734,0.100639,0.438412,-5.892392,84.988045,8.097524,0.101936,0.917353,-0.006225,0.384751,-8.946487,50.749290,-1.333216,-0.051361,0.933282,0.031997,0.354010,-17.571215,6.723028,-4.346695,-0.076534,0.892919,-0.102663,0.431623,6.054019,84.486214,22.395319,-0.002483,0.896208,-0.148138,0.418164,7.766901,50.010254,31.285398,-0.031236,0.872593,-0.000784,0.487448,2.396330,7.020077,43.317902,-0.051361,0.933282,0.031997,0.354010,-7.662187,2.053075,-14.934725,-0.031236,0.872593,-0.000784,0.487448,14.614272,1.380947,36.174671
1259,10.491667,0.015325,0.906278,0.000952,0.422404,0.059878,84.738396,15.159819,-0.067148,0.901682,0.159404,0.396297,0.266009,92.376595,15.271938,-0.024098,0.916473,0.072761,0.392686,-4.334181,109.855392,19.626884,0.061570,0.950960,-0.025681,0.302035,-6.381123,129.821747,21.939030,-0.004112,0.974117,-0.136011,0.180501,-3.400736,143.977707,20.249413,0.061866,0.926690,0.053029,0.366887,-9.087313,123.544121,19.135765,0.373699,-0.474768,0.351231,-0.715249,-23.096996,126.519379,6.089206,0.450881,-0.482489,0.285758,-0.694444,-15.078724,103.793228,-4.955960,0.526935,-0.474710,0.210330,-0.672868,-7.022022,85.730934,-13.910177,-0.056421,0.884363,-0.040072,0.461641,-3.944858,123.447479,24.522858,0.562501,0.824709,0.058563,-0.004165,7.047871,126.097618,40.254124,0.544453,0.810304,0.209197,0.056708,16.780924,101.514816,38.325466,0.540652,0.751454,0.367121,0.090747,25.569883,81.641953,35.345005,0.097532,0.888079,0.100590,0.437818,-5.929429,85.004761,8.024967,0.101604,0.917434,-0.006654,0.384639,-8.964690,50.759346,-1.387653,-0.051694,0.933187,0.031761,0.354234,-17.577480,6.727490,-4.353140,-0.076914,0.893118,-0.103096,0.431041,6.049185,84.472038,22.294670,-0.002648,0.896086,-0.148801,0.418188,7.778301,50.006592,31.222296,-0.031220,0.872541,-0.001105,0.487542,2.395766,7.034183,43.312763,-0.051694,0.933187,0.031761,0.354234,-7.660733,2.055157,-14.932881,-0.031220,0.872541,-0.001105,0.487542,14.613480,1.387063,36.175465
1260,10.500000,0.015791,0.906743,0.001557,0.421384,0.039171,84.733322,15.081339,-0.066565,0.902027,0.160105,0.395326,0.247981,92.371277,15.204612,-0.023758,0.916874,0.073278,0.391674,-4.337493,109.842453,19.595562,0.060991,0.951338,-0.025363,0.300986,-6.377433,129.806427,21.934408,-0.004080,0.974330,-0.135526,0.179717,-3.418985,143.966858,20.243916,0.062018,0.927055,0.053692,0.365841,-9.090476,123.532143,19.130272,0.373193,-0.475542,0.350571,-0.715323,-23.129133,126.520966,6.118007,0.450363,-0.483441,0.284136,-0.694784,-15.125338,103.815880,-4.980853,0.526473,-0.476080,0.208698,-0.672770,-7.068531,85.790787,-14.008908,-0.056021,0.884821,-0.039962,0.460822,-3.935955,123.429085,24.505701,0.562713,0.824574,0.058282,-0.005885,7.087790,126.063263,40.217930,0.546009,0.809717,0.207575,0.056084,16.807308,101.480484,38.221840,0.542607,0.751029,0.365340,0.089774,25.526333,81.572868,35.241840,0.097259,0.888356,0.100738,0.437283,-5.965908,85.012421,7.960247,0.101164,0.917386,-0.007237,0.384858,-8.985010,50.765331,-1.451484,-0.051559,0.933189,0.031867,0.354239,-17.581421,6.726188,-4.355726,-0.077346,0.893262,-0.103314,0.430611,6.044249,84.454224,22.202431,-0.002737,0.896016,-0.149534,0.418077,7.798143,49.996750,31.155931,-0.031070,0.872511,-0.001352,0.487603,2.396636,7.044068,43.307880,-0.051559,0.933189,0.031867,0.354239,-7.665635,2.055192,-14.936956,-0.031070,0.872511,-0.001352,0.487603,14.612600,1.388828,36.174019
1261,10.508333,0.016339,0.907177,0.002114,0.420426,0.017924,84.730423,15.001295,-0.065961,0.902353,0.160905,0.394357,0.230879,92.368080,15.135590,-0.023472,0.917274,0.073751,0.390664,-4.340608,109.830902,19.566114,0.060892,0.951647,-0.025238,0.300039,-6.374796,129.792603,21.929159,-0.004311,0.974536,-0.134989,0.178992,-3.423295,143.954330,20.237207,0.062314,0.927418,0.054078,0.364812,-9.094254,123.521149,19.124907,0.373095,-0.476720,0.349541,-0.715094,-23.160620,126.524803,6.146020,0.450349,-0.484148,0.282703,-0.694886,-15.178061,103.842186,-5.013903,0.526219,-0.477026,0.207305,-0.672729,-7.118256,85.851357,-14.090718,-0.055686,0.885466,-0.039609,0.459652,-3.927755,123.412682,24.488718,0.563266,0.824201,0.058089,-0.007113,7.139167,126.028679,40.173607,0.547221,0.809164,0.206708,0.055445,16.824823,101.436615,38.128002,0.545674,0.749375,0.364447,0.088630,25.481363,81.524292,35.136349,0.097086,0.888752,0.100915,0.436475,-6.001855,85.023254,7.893177,0.100630,0.917110,-0.007918,0.385643,-9.012985,50.776314,-1.521652,-0.051757,0.933168,0.031677,0.354281,-17.586918,6.728402,-4.358505,-0.077728,0.893344,-0.103546,0.430317,6.037703,84.437592,22.109413,-0.002933,0.895878,-0.150257,0.418110,7.811396,49.987747,31.088329,-0.030975,0.872485,-0.001660,0.487656,2.398049,7.054651,43.304031,-0.051757,0.933168,0.031677,0.354281,-7.668712,2.054567,-14.936214,-0.030975,0.872485,-0.001660,0.487656,14.612377,1.390606,36.174355
1262,10.516667,0.016897,0.907629,0.002701,0.419424,-0.006215,84.727882,14.925000,-0.065334,0.902691,0.161607,0.393400,0.210864,92.365211,15.070775,-0.023093,0.917673,0.074201,0.389663,-4.344202,109.819672,19.537649,0.061022,0.951949,-0.025067,0.299068,-6.368830,129.779404,21.925467,-0.004592,0.974757,-0.134512,0.178142,-3.418479,143.941559,20.235210,0.062540,0.927838,0.054516,0.363640,-9.095871,123.511375,19.120911,0.373097,-0.477917,0.348491,-0.714806,-23.194214,126.527878,6.179750,0.450452,-0.484899,0.281257,-0.694882,-15.233365,103.866669,-5.039019,0.526478,-0.477313,0.205791,-0.672788,-7.169758,85.902634,-14.165452,-0.055420,0.886116,-0.039094,0.458474,-3.917473,123.396362,24.473101,0.563774,0.823867,0.057740,-0.008213,7.192534,125.993645,40.130630,0.548465,0.808643,0.205724,0.054417,16.846926,101.392570,38.045959,0.545850,0.750057,0.362928,0.088012,25.450865,81.455246,35.028156,0.096793,0.889033,0.101017,0.435944,-6.041346,85.034836,7.830506,0.100198,0.916986,-0.008452,0.386039,-9.036572,50.785328,-1.580032,-0.052576,0.933121,0.031310,0.354318,-17.592617,6.730408,-4.361483,-0.078159,0.893600,-0.103800,0.429646,6.028915,84.420929,22.019493,-0.002998,0.895891,-0.150960,0.417830,7.828656,49.979626,31.025959,-0.030458,0.872437,-0.001564,0.487774,2.397897,7.065621,43.300888,-0.052576,0.933121,0.031310,0.354318,-7.666429,2.055878,-14.931398,-0.030458,0.872437,-0.001564,0.487774,14.609426,1.396576,36.170387
1263,10.525000,0.017384,0.908049,0.003248,0.418490,-0.022964,84.726395,14.853861,-0.064805,0.903067,0.162164,0.392394,0.197516,92.363419,15.010121,-0.022722,0.918110,0.074736,0.388552,-4.341874,109.810280,19.507208,0.061062,0.952273,-0.024650,0.298061,-6.358194,129.767471,21.923059,-0.004863,0.974948,-0.134193,0.177329,-3.413619,143.931732,20.240309,0.062904,0.928261,0.054790,0.362453,-9.092889,123.503021,19.117979,0.372991,-0.478970,0.347743,-0.714521,-23.222849,126.535011,6.214978,0.450494,-0.485662,0.279924,-0.694860,-15.287802,103.889275,-5.053195,0.526332,-0.478247,0.203910,-0.672811,-7.222304,85.946465,-14.229500,-0.055122,0.886560,-0.038568,0.457696,-3.901356,123.381195,24.457279,0.564333,0.823508,0.057109,-0.010098,7.237519,125.958702,40.097553,0.549038,0.808533,0.204816,0.053689,16.856676,101.349411,37.947914,0.547433,0.749382,0.361926,0.088048,25.433449,81.410095,34.921818,0.096584,0.889305,0.101104,0.435416,-6.072372,85.045937,7.772094,0.099805,0.917006,-0.008874,0.386084,-9.057292,50.794781,-1.635730,-0.052580,0.933112,0.031206,0.354349,-17.595806,6.733444,-4.369115,-0.078429,0.893732,-0.104056,0.429259,6.026443,84.406845,21.935627,-0.003140,0.895848,-0.151597,0.417689,7.839151,49.972363,30.965515,-0.030328,0.872401,-0.001826,0.487846,2.397836,7.075754,43.296440,-0.052580,0.933112,0.031206,0.354349,-7.669140,2.056201,-14.937382,-0.030328,0.872401,-0.001826,0.487846,14.607908,1.398523,36.169956
1264,10.533333,0.017719,0.908452,0.003884,0.417596,-0.040293,84.725990,14.784370,-0.064278,0.903360,0.162875,0.391511,0.180935,92.362770,14.951388,-0.022245,0.918486,0.075116,0.387615,-4.345289,109.798988,19.482697,0.061061,0.952588,-0.024299,0.297082,-6.347398,129.754745,21.922134,-0.005044,0.975161,-0.133831,0.176422,-3.409039,143.920929,20.244833,0.063328,0.928681,0.055096,0.361255,-9.090843,123.494270,19.116732,0.373033,-0.479923,0.347054,-0.714195,-23.252319,126.544258,6.252593,0.450487,-0.486459,0.278790,-0.694762,-15.340331,103.910721,-5.056220,0.526120,-0.479129,0.202424,-0.672798,-7.279562,85.984680,-14.278382,-0.055080,0.887047,-0.038257,0.456782,-3.888165,123.364899,24.444992,0.564662,0.823259,0.057258,-0.011096,7.283288,125.935158,40.063198,0.550471,0.807807,0.204081,0.052729,16.881618,101.322052,37.864689,0.548490,0.749340,0.360661,0.087017,25.400955,81.343040,34.805180,0.096434,0.889640,0.101049,0.434775,-6.103404,85.056244,7.714828,0.099477,0.917066,-0.009138,0.386020,-9.087433,50.802231,-1.682868,-0.052272,0.932948,0.031129,0.354834,-17.608574,6.735453,-4.382521,-0.078706,0.893572,-0.104206,0.429506,6.022819,84.395744,21.853914,-0.003429,0.895594,-0.152195,0.418016,7.845872,49.966576,30.901999,-0.030828,0.872372,-0.002602,0.487863,2.400784,7.086483,43.288589,-0.052272,0.932948,0.031129,0.354834,-7.674225,2.053273,-14.941375,-0.030828,0.872372,-0.002602,0.487863,14.612251,1.397562,36.173836
1265,10.541667,0.018128,0.908814,0.004300,0.416785,-0.062455,84.727432,14.720572,-0.063770,0.903655,0.163580,0.390618,0.161944,92.363930,14.895778,-0.021848,0.918874,0.075467,0.386649,-4.352456,109.792801,19.461744,0.061413,0.952869,-0.023844,0.296144,-6.342737,129.747131,21.922449,-0.005217,0.975351,-0.133656,0.175495,-3.401691,143.914124,20.256674,0.063739,0.929007,0.055456,0.360289,-9.094270,123.489937,19.117628,0.373105,-0.480879,0.346491,-0.713787,-23.280731,126.558495,6.285469,0.450640,-0.487141,0.277858,-0.694559,-15.396749,103.933014,-5.058974,0.526336,-0.479684,0.201480,-0.672517,-7.341238,86.018707,-14.314960,-0.054522,0.887715,-0.037735,0.455593,-3.880193,123.354324,24.434576,0.565063,0.822997,0.056852,-0.012139,7.335666,125.895836,40.025639,0.551237,0.807404,0.203804,0.051961,16.908642,101.275955,37.792709,0.548663,0.749214,0.360881,0.086095,25.387928,81.302452,34.707321,0.096191,0.890050,0.101079,0.433983,-6.137908,85.067902,7.662117,0.099082,0.917039,-0.009499,0.386177,-9.114115,50.810982,-1.727466,-0.053000,0.932935,0.030942,0.354777,-17.615076,6.737757,-4.385058,-0.079050,0.893581,-0.104375,0.429383,6.012997,84.386955,21.779024,-0.003607,0.895425,-0.152753,0.418173,7.853725,49.964176,30.847813,-0.030392,0.872293,-0.002548,0.488032,2.399858,7.099483,43.283730,-0.053000,0.932935,0.030942,0.354777,-7.675311,2.058614,-14.940156,-0.030392,0.872293,-0.002548,0.488032,14.609965,1.405780,36.170471
1266,10.550000,0.018554,0.909159,0.004735,0.416009,-0.083779,84.724411,14.659794,-0.063120,0.903947,0.164177,0.389796,0.143926,92.360611,14.843556,-0.021505,0.919222,0.075845,0.385767,-4.352710,109.784271,19.442430,0.061947,0.953095,-0.023330,0.295346,-6.333740,129.736893,21.924339,-0.005546,0.975513,-0.133519,0.174687,-3.385062,143.904083,20.273838,0.064016,0.929461,0.055821,0.359009,-9.092151,123.482742,19.119486,0.373372,-0.481758,0.345870,-0.713356,-23.312931,126.564720,6.328590,0.450826,-0.487961,0.276715,-0.694318,-15.451008,103.946449,-5.045496,0.526597,-0.479895,0.199519,-0.672747,-7.402956,86.049965,-14.340975,-0.054124,0.888243,-0.037457,0.454635,-3.867699,123.341370,24.426094,0.565513,0.822693,0.056473,-0.013507,7.383633,125.863983,39.994656,0.551798,0.807231,0.203235,0.050912,16.927832,101.237473,37.712250,0.548933,0.749452,0.360117,0.085502,25.388109,81.250999,34.596828,0.096010,0.890499,0.101066,0.433104,-6.170988,85.075531,7.611996,0.098644,0.917057,-0.009785,0.386238,-9.145548,50.815945,-1.768397,-0.053349,0.932911,0.030897,0.354790,-17.620575,6.735432,-4.387680,-0.079506,0.893619,-0.104531,0.429182,6.003429,84.373291,21.707592,-0.003595,0.895337,-0.153259,0.418176,7.870148,49.957993,30.799437,-0.030183,0.872159,-0.002648,0.488283,2.396153,7.107219,43.274433,-0.053349,0.932911,0.030897,0.354790,-7.677203,2.058985,-14.940582,-0.030183,0.872159,-0.002648,0.488283,14.607766,1.408277,36.167950
1267,10.558333,0.018851,0.909472,0.005212,0.415305,-0.097004,84.721687,14.600435,-0.062725,0.904204,0.164801,0.389000,0.131941,92.357643,14.792536,-0.021048,0.919573,0.076248,0.384876,-4.356779,109.777740,19.422096,0.062399,0.953339,-0.023136,0.294475,-6.324683,129.728668,21.927967,-0.005684,0.975699,-0.133259,0.173840,-3.368165,143.894867,20.283014,0.064454,0.929846,0.055974,0.357910,-9.091245,123.478447,19.122353,0.373712,-0.482522,0.345444,-0.712868,-23.340382,126.576904,6.367045,0.450972,-0.488754,0.275919,-0.693983,-15.501921,103.959831,-5.025628,0.526781,-0.480408,0.198602,-0.672508,-7.468132,86.072243,-14.352017,-0.053759,0.888681,-0.037232,0.453839,-3.856273,123.329628,24.418377,0.565793,0.822468,0.056672,-0.014565,7.424584,125.835480,39.968269,0.552388,0.806892,0.203163,0.050179,16.950373,101.206795,37.633072,0.549315,0.749351,0.359836,0.085119,25.388504,81.206787,34.486301,0.095853,0.890885,0.101034,0.432352,-6.194907,85.081573,7.562330,0.098291,0.916964,-0.010101,0.386541,-9.168541,50.819397,-1.808852,-0.053607,0.932873,0.030852,0.354855,-17.624838,6.733185,-4.392558,-0.079695,0.893613,-0.104767,0.429102,6.000899,84.361794,21.638540,-0.003781,0.895129,-0.153682,0.418464,7.872998,49.952160,30.750677,-0.030248,0.872035,-0.002906,0.488499,2.394031,7.113185,43.263954,-0.053607,0.932873,0.030852,0.354855,-7.677566,2.058506,-14.942569,-0.030248,0.872035,-0.002906,0.488499,14.608559,1.409113,36.166603
1268,10.566667,0.019186,0.909718,0.005557,0.414747,-0.113093,84.715706,14.547077,-0.062315,0.904424,0.165428,0.388289,0.118444,92.351410,14.745961,-0.020608,0.919899,0.076503,0.384068,-4.362895,109.770416,19.406748,0.063042,0.953537,-0.023331,0.293682,-6.316169,129.720505,21.930616,-0.005930,0.975911,-0.132724,0.173052,-3.343162,143.882889,20.282476,0.064912,0.930204,0.056219,0.356856,-9.090977,123.473724,19.125513,0.373892,-0.483253,0.345284,-0.712355,-23.367008,126.590691,6.404838,0.451166,-0.489367,0.275333,-0.693658,-15.560142,103.969955,-5.002239,0.526936,-0.481118,0.197929,-0.672077,-7.536373,86.083382,-14.351667,-0.053385,0.889278,-0.036675,0.452758,-3.846474,123.318436,24.411913,0.566150,0.822242,0.056001,-0.015990,7.473923,125.801315,39.936733,0.552855,0.806749,0.202704,0.049173,16.976009,101.167557,37.558685,0.549632,0.749228,0.359830,0.084172,25.396677,81.162659,34.382664,0.095763,0.891257,0.101042,0.431603,-6.219399,85.083984,7.516698,0.097985,0.916642,-0.010497,0.387372,-9.195004,50.820698,-1.849820,-0.053810,0.932773,0.030802,0.355091,-17.637772,6.729808,-4.397892,-0.079848,0.893453,-0.104845,0.429389,5.993213,84.347427,21.577456,-0.004136,0.894787,-0.154117,0.419030,7.869652,49.940693,30.699657,-0.030354,0.871980,-0.003075,0.488589,2.394940,7.114029,43.256855,-0.053810,0.932773,0.030802,0.355091,-7.683344,2.056316,-14.941674,-0.030354,0.871980,-0.003075,0.488589,14.611170,1.407457,36.164444
1269,10.575000,0.019442,0.909976,0.005884,0.414163,-0.130680,84.713470,14.501253,-0.061851,0.904741,0.165824,0.387455,0.102471,92.348969,14.706148,-0.020035,0.920306,0.076830,0.383057,-4.363492,109.761002,19.389669,0.063047,0.953856,-0.022309,0.292724,-6.297747,129.710007,21.936665,-0.005774,0.976031,-0.132962,0.172197,-3.336139,143.877548,20.312496,0.065282,0.930616,0.056299,0.355700,-9.083078,123.467705,19.132019,0.374186,-0.484317,0.344922,-0.711654,-23.389168,126.597633,6.448345,0.451637,-0.489874,0.274921,-0.693156,-15.623609,103.974785,-4.982715,0.527089,-0.481757,0.197246,-0.671700,-7.612658,86.089043,-14.337939,-0.052964,0.889682,-0.036511,0.452027,-3.826683,123.303963,24.406340,0.566608,0.821920,0.055693,-0.017337,7.521059,125.769234,39.913994,0.552940,0.806853,0.202342,0.047996,16.993225,101.128899,37.485416,0.550625,0.748781,0.359594,0.082655,25.415319,81.128403,34.275742,0.095587,0.891587,0.101054,0.430956,-6.245828,85.088638,7.478924,0.097697,0.916562,-0.010735,0.387626,-9.216804,50.823124,-1.880906,-0.054000,0.932752,0.030798,0.355118,-17.643692,6.727630,-4.401611,-0.080054,0.893372,-0.104859,0.429514,5.984468,84.338303,21.523581,-0.004365,0.894476,-0.154495,0.419554,7.872185,49.934124,30.653084,-0.030359,0.871840,-0.003227,0.488838,2.394273,7.118106,43.245136,-0.054000,0.932752,0.030798,0.355118,-7.686808,2.056190,-14.943987,-0.030359,0.871840,-0.003227,0.488838,14.613865,1.408115,36.161270
1270,10.583333,0.019603,0.910192,0.006197,0.413676,-0.140904,84.710861,14.459032,-0.061774,0.904957,0.166358,0.386732,0.092618,92.346207,14.669177,-0.019390,0.920669,0.077098,0.382163,-4.375503,109.756050,19.375824,0.063820,0.954053,-0.022628,0.291886,-6.287412,129.704422,21.944603,-0.005895,0.976235,-0.132443,0.171431,-3.304882,143.866913,20.314743,0.065721,0.930947,0.056222,0.354764,-9.083812,123.467026,19.140049,0.374658,-0.485130,0.344820,-0.710900,-23.413425,126.610519,6.486325,0.452052,-0.490385,0.274519,-0.692685,-15.685974,103.976997,-4.949436,0.527307,-0.482444,0.196998,-0.671109,-7.686294,86.088249,-14.313910,-0.052475,0.890233,-0.036187,0.451023,-3.816841,123.294044,24.403511,0.566714,0.821826,0.055725,-0.018217,7.568021,125.736511,39.887547,0.553326,0.806657,0.202313,0.046957,17.032183,101.097038,37.419430,0.551199,0.748593,0.359303,0.081793,25.439966,81.096725,34.169830,0.095536,0.892017,0.101084,0.430070,-6.263448,85.091202,7.443432,0.097395,0.916412,-0.011032,0.388049,-9.239516,50.825413,-1.913774,-0.054195,0.932712,0.030793,0.355196,-17.650934,6.725195,-4.403335,-0.080266,0.893272,-0.105001,0.429647,5.981640,84.330521,21.474632,-0.004495,0.894265,-0.154772,0.419901,7.876964,49.930908,30.619768,-0.030437,0.871749,-0.003465,0.488993,2.394109,7.122698,43.236183,-0.054195,0.932712,0.030793,0.355196,-7.690401,2.055902,-14.943213,-0.030437,0.871749,-0.003465,0.488993,14.615833,1.408195,36.159645
1271,10.591667,0.019701,0.910422,0.006633,0.413158,-0.149618,84.711418,14.419664,-0.061585,0.905201,0.166634,0.386072,0.082619,92.346619,14.636363,-0.018729,0.920996,0.077476,0.381331,-4.378303,109.748970,19.356710,0.063663,0.954358,-0.022085,0.290965,-6.269094,129.695999,21.951401,-0.005388,0.976384,-0.132394,0.170635,-3.298309,143.862076,20.331182,0.066394,0.931391,0.056018,0.353504,-9.075887,123.464027,19.145191,0.375075,-0.485794,0.344758,-0.710256,-23.436636,126.627388,6.531776,0.452374,-0.491040,0.274385,-0.692062,-15.741094,103.984024,-4.906011,0.527404,-0.483197,0.196593,-0.670610,-7.765154,86.084641,-14.276913,-0.052281,0.890698,-0.035646,0.450171,-3.799082,123.280869,24.398449,0.566932,0.821683,0.055262,-0.019252,7.616348,125.706955,39.862545,0.553578,0.806588,0.202212,0.045586,17.065338,101.064850,37.362759,0.551395,0.748698,0.358962,0.081004,25.467291,81.067566,34.064354,0.095567,0.892034,0.100761,0.430105,-6.280074,85.096802,7.411251,0.097076,0.916588,-0.010984,0.387714,-9.267874,50.826782,-1.926723,-0.054605,0.932705,0.030772,0.355151,-17.652502,6.720891,-4.406068,-0.080417,0.893195,-0.105181,0.429735,5.980837,84.326042,21.428078,-0.004655,0.894173,-0.155067,0.419984,7.879183,49.930851,30.589195,-0.030255,0.871743,-0.003590,0.489015,2.396850,7.131010,43.234234,-0.054605,0.932705,0.030772,0.355151,-7.689004,2.055572,-14.944902,-0.030255,0.871743,-0.003590,0.489015,14.616442,1.410865,36.158562
1272,10.600000,0.019786,0.910614,0.007001,0.412724,-0.156637,84.709396,14.385865,-0.061382,0.905324,0.167099,0.385614,0.074577,92.344467,14.608112,-0.018226,0.921207,0.077643,0.380810,-4.384277,109.744522,19.349501,0.064056,0.954528,-0.021762,0.290345,-6.257467,129.691254,21.959208,-0.005098,0.976521,-0.132293,0.169937,-3.280609,143.857147,20.348562,0.067116,0.931872,0.055581,0.352165,-9.072159,123.463104,19.152403,0.375516,-0.486305,0.344682,-0.709711,-23.465778,126.644897,6.581161,0.452764,-0.491734,0.274418,-0.691301,-15.793777,103.992859,-4.855257,0.527771,-0.483801,0.196345,-0.669958,-7.846034,86.074547,-14.228106,-0.051833,0.891133,-0.035284,0.449388,-3.789163,123.272774,24.399181,0.566850,0.821712,0.055347,-0.020183,7.655347,125.676895,39.845200,0.553864,0.806470,0.202163,0.044399,17.107302,101.040314,37.302486,0.551899,0.748643,0.358527,0.079996,25.498999,81.048882,33.960926,0.095652,0.892232,0.100537,0.429726,-6.293697,85.099075,7.383473,0.096750,0.916462,-0.011015,0.388092,-9.297876,50.827007,-1.941699,-0.055014,0.932688,0.030818,0.355128,-17.656025,6.715500,-4.410515,-0.080583,0.893124,-0.105396,0.429799,5.980422,84.319725,21.388258,-0.004737,0.894038,-0.155265,0.420198,7.881828,49.929657,30.567953,-0.030187,0.871687,-0.003650,0.489119,2.395617,7.135400,43.230175,-0.055014,0.932688,0.030818,0.355128,-7.688893,2.055966,-14.948474,-0.030187,0.871687,-0.003650,0.489119,14.615912,1.412914,36.157619
1273,10.608333,0.019928,0.910770,0.007147,0.412371,-0.167072,84.706284,14.360520,-0.061216,0.905503,0.167322,0.385124,0.065278,92.341232,14.585598,-0.017666,0.921457,0.077923,0.380174,-4.388836,109.740433,19.339417,0.064349,0.954693,-0.021689,0.289741,-6.243662,129.686218,21.969398,-0.004786,0.976629,-0.132100,0.169474,-3.261391,143.851196,20.360685,0.067713,0.932214,0.055605,0.351142,-9.066992,123.462608,19.161228,0.376307,-0.487063,0.344475,-0.708872,-23.485365,126.664993,6.623627,0.453453,-0.492435,0.274753,-0.690216,-15.844893,104.000565,-4.809357,0.528161,-0.484237,0.196146,-0.669393,-7.930423,86.045921,-14.170839,-0.051339,0.891489,-0.034975,0.448763,-3.776485,123.263802,24.400120,0.566684,0.821819,0.054945,-0.021545,7.691774,125.645355,39.832016,0.554188,0.806363,0.202056,0.042764,17.150747,101.016342,37.242420,0.551752,0.749164,0.357704,0.079817,25.534462,81.027199,33.841927,0.095584,0.892449,0.100448,0.429311,-6.309456,85.099495,7.362995,0.096543,0.916486,-0.011025,0.388086,-9.316475,50.825226,-1.953179,-0.055219,0.932664,0.030868,0.355157,-17.658100,6.710139,-4.413862,-0.080763,0.893143,-0.105506,0.429699,5.975312,84.313072,21.358046,-0.004741,0.894082,-0.155400,0.420055,7.885678,49.926723,30.549812,-0.030802,0.871651,-0.004297,0.489140,2.396642,7.136250,43.223595,-0.055219,0.932664,0.030868,0.355157,-7.688187,2.054274,-14.950813,-0.030802,0.871651,-0.004297,0.489140,14.620224,1.406960,36.162231
1274,10.616667,0.020050,0.910933,0.007308,0.412003,-0.173079,84.701744,14.339690,-0.061071,0.905674,0.167491,0.384670,0.060046,92.336586,14.567685,-0.017136,0.921691,0.078057,0.379604,-4.389402,109.735168,19.331591,0.064827,0.954871,-0.021337,0.289075,-6.224924,129.680847,21.975847,-0.004455,0.976769,-0.132059,0.168709,-3.234617,143.845352,20.377968,0.068370,0.932659,0.055277,0.349882,-9.056887,123.461136,19.167702,0.376962,-0.487712,0.344436,-0.708096,-23.506027,126.681267,6.670128,0.454045,-0.493039,0.275101,-0.689257,-15.897682,104.002586,-4.756010,0.528862,-0.484502,0.196768,-0.668465,-8.015457,86.019966,-14.103418,-0.051134,0.891934,-0.034306,0.447953,-3.759653,123.255028,24.399509,0.566981,0.821619,0.054294,-0.022973,7.737549,125.617661,39.812767,0.553765,0.806759,0.201828,0.041820,17.175278,100.985085,37.179886,0.552375,0.748452,0.358716,0.077618,25.580305,81.016525,33.757114,0.095537,0.892555,0.100438,0.429105,-6.321036,85.098282,7.347248,0.096392,0.916715,-0.011001,0.387584,-9.327587,50.823231,-1.966200,-0.054498,0.932685,0.031117,0.355190,-17.657415,6.705475,-4.419017,-0.080894,0.893014,-0.105553,0.429931,5.974878,84.305206,21.332132,-0.004823,0.893945,-0.155580,0.420278,7.889644,49.921082,30.531311,-0.030838,0.871631,-0.004328,0.489172,2.397252,7.135704,43.220825,-0.054498,0.932685,0.031117,0.355190,-7.693250,2.048243,-14.960798,-0.030838,0.871631,-0.004328,0.489172,14.621573,1.406206,36.160915
1275,10.625000,0.020165,0.911049,0.007373,0.411739,-0.178560,84.698395,14.324084,-0.061017,0.905795,0.167692,0.384308,0.055818,92.333153,14.553645,-0.016603,0.921885,0.078245,0.379118,-4.393361,109.732018,19.327349,0.064961,0.955022,-0.021248,0.288552,-6.210493,129.677246,21.987732,-0.003970,0.976860,-0.131942,0.168289,-3.218969,143.841644,20.391224,0.068997,0.932983,0.054968,0.348942,-9.050435,123.461700,19.178419,0.377783,-0.488164,0.344757,-0.707191,-23.521692,126.699188,6.710955,0.454412,-0.493699,0.275493,-0.688385,-15.948454,103.994713,-4.687263,0.529017,-0.485138,0.197381,-0.667700,-8.102982,85.987625,-14.024736,-0.050364,0.892328,-0.034182,0.447265,-3.747437,123.247818,24.404070,0.566701,0.821780,0.054362,-0.023923,7.776675,125.581551,39.801628,0.553913,0.806809,0.201505,0.040440,17.228876,100.959145,37.125912,0.553425,0.748288,0.357746,0.076184,25.630686,80.999283,33.661346,0.095391,0.892643,0.100493,0.428941,-6.330481,85.097389,7.335268,0.096360,0.916830,-0.011035,0.387319,-9.327828,50.821144,-1.976749,-0.054672,0.932682,0.031041,0.355179,-17.656998,6.702912,-4.423273,-0.081019,0.892789,-0.105535,0.430379,5.973360,84.299400,21.312901,-0.004789,0.894070,-0.155718,0.419961,7.891952,49.916458,30.515676,-0.030831,0.871590,-0.004436,0.489246,2.396096,7.134914,43.216629,-0.054672,0.932682,0.031041,0.355179,-7.691549,2.045573,-14.963797,-0.030831,0.871590,-0.004436,0.489246,14.621000,1.402771,36.159866
1276,10.633333,0.020176,0.911120,0.007489,0.411579,-0.180954,84.692215,14.314445,-0.060915,0.905894,0.167865,0.384014,0.052887,92.326942,14.545642,-0.016094,0.922058,0.078269,0.378713,-4.394187,109.726036,19.328428,0.065320,0.955140,-0.021012,0.288097,-6.191537,129.671783,21.998297,-0.003659,0.976944,-0.131948,0.167798,-3.193565,143.835678,20.409340,0.069640,0.933347,0.054732,0.347878,-9.039538,123.459793,19.189295,0.378179,-0.488532,0.345019,-0.706597,-23.536072,126.716057,6.756139,0.454924,-0.494271,0.276476,-0.687241,-15.991473,103.995010,-4.628030,0.529265,-0.485930,0.197841,-0.666790,-8.190712,85.941872,-13.936591,-0.049984,0.892586,-0.033993,0.446807,-3.731721,123.239288,24.409775,0.566523,0.821871,0.054358,-0.025009,7.809712,125.556503,39.796848,0.553863,0.806698,0.202295,0.039379,17.269772,100.942253,37.074333,0.552179,0.748673,0.358946,0.075796,25.679558,80.990562,33.552498,0.095420,0.892778,0.100460,0.428662,-6.335320,85.092285,7.327844,0.096278,0.916754,-0.011076,0.387519,-9.338408,50.815952,-1.981986,-0.054932,0.932652,0.031117,0.355212,-17.661724,6.696367,-4.424047,-0.081050,0.892741,-0.105658,0.430443,5.973411,84.292145,21.301044,-0.004811,0.894064,-0.155718,0.419974,7.889468,49.911404,30.512560,-0.030959,0.871565,-0.004421,0.489282,2.395210,7.129884,43.214272,-0.054932,0.932652,0.031117,0.355212,-7.692811,2.044022,-14.963495,-0.030959,0.871565,-0.004421,0.489282,14.622092,1.399976,36.159126
1277,10.641667,0.020115,0.911173,0.007354,0.411466,-0.181274,84.688522,14.315447,-0.060810,0.906063,0.167790,0.383666,0.052603,92.323318,14.544355,-0.015647,0.922262,0.078443,0.378198,-4.387621,109.722092,19.327467,0.065345,0.955306,-0.020731,0.287561,-6.169508,129.667313,22.011646,-0.003121,0.977016,-0.131978,0.167369,-3.174869,143.832535,20.428360,0.070261,0.933734,0.054178,0.346798,-9.024653,123.458794,19.202208,0.379009,-0.489192,0.345105,-0.705652,-23.546896,126.728821,6.802710,0.455539,-0.494751,0.277272,-0.686168,-16.039700,103.987030,-4.564752,0.529534,-0.486465,0.199076,-0.665819,-8.281440,85.906609,-13.838175,-0.049697,0.892761,-0.033913,0.446495,-3.710824,123.231827,24.416288,0.566390,0.821920,0.054510,-0.026043,7.842532,125.537659,39.796120,0.553653,0.806780,0.202743,0.038347,17.307796,100.930916,37.024277,0.552539,0.748216,0.359573,0.074702,25.736868,80.979919,33.454670,0.095459,0.892883,0.100530,0.428417,-6.337415,85.086533,7.330296,0.096248,0.916699,-0.011090,0.387656,-9.343319,50.811733,-1.984277,-0.055171,0.932637,0.031204,0.355204,-17.664375,6.691668,-4.425342,-0.081017,0.892723,-0.105692,0.430477,5.974869,84.290512,21.300598,-0.004852,0.893990,-0.155689,0.420142,7.887448,49.909904,30.513346,-0.030918,0.871565,-0.004359,0.489285,2.395152,7.127601,43.213280,-0.055171,0.932637,0.031204,0.355204,-7.693072,2.044330,-14.964739,-0.030918,0.871565,-0.004359,0.489285,14.621979,1.398613,36.157291
1278,10.650000,0.020300,0.911225,0.007239,0.411345,-0.186524,84.685654,14.318419,-0.060678,0.906167,0.167745,0.383459,0.050672,92.320358,14.546861,-0.015185,0.922394,0.078567,0.377869,-4.384558,109.724686,19.332661,0.065429,0.955446,-0.020716,0.287077,-6.150153,129.669693,22.029118,-0.002477,0.977110,-0.131924,0.166871,-3.154909,143.834686,20.444893,0.070783,0.934005,0.053941,0.345999,-9.011910,123.464752,19.218527,0.379800,-0.489784,0.345481,-0.704632,-23.552750,126.749550,6.844753,0.456209,-0.495266,0.278381,-0.684901,-16.090019,103.979958,-4.496299,0.529948,-0.486992,0.200407,-0.664703,-8.381046,85.857864,-13.727340,-0.049319,0.893102,-0.033503,0.445886,-3.694168,123.231148,24.428324,0.566266,0.821961,0.054803,-0.026827,7.881692,125.516663,39.794262,0.553734,0.806694,0.203116,0.036985,17.352211,100.916779,36.979797,0.551981,0.748869,0.359161,0.074261,25.786118,80.966431,33.350224,0.095370,0.892963,0.100498,0.428277,-6.344385,85.085922,7.334911,0.096262,0.916874,-0.010911,0.387244,-9.347154,50.809456,-1.974530,-0.055466,0.932635,0.031117,0.355172,-17.664190,6.689271,-4.427107,-0.081129,0.892681,-0.105753,0.430529,5.971337,84.285385,21.301926,-0.004745,0.894079,-0.155629,0.419977,7.888524,49.906998,30.522001,-0.030868,0.871553,-0.004148,0.489311,2.392286,7.122922,43.214245,-0.055466,0.932635,0.031117,0.355172,-7.690928,2.042870,-14.965059,-0.030868,0.871553,-0.004148,0.489311,14.620115,1.398337,36.156422
1279,10.658333,0.020274,0.911269,0.007181,0.411249,-0.183619,84.684380,14.330366,-0.060669,0.906219,0.167748,0.383337,0.053613,92.319115,14.557817,-0.014821,0.922475,0.078567,0.377686,-4.381479,109.726402,19.345264,0.066112,0.955474,-0.020232,0.286862,-6.132979,129.671860,22.047636,-0.002163,0.977133,-0.132265,0.166470,-3.123655,143.835876,20.481474,0.071207,0.934225,0.053614,0.345366,-9.000021,123.469475,19.236761,0.380225,-0.490023,0.346260,-0.703854,-23.555468,126.764534,6.882908,0.456448,-0.495739,0.279651,-0.683882,-16.133715,103.964272,-4.423367,0.529890,-0.487818,0.201808,-0.663720,-8.475891,85.802010,-13.618491,-0.048940,0.893381,-0.033332,0.445381,-3.680052,123.231110,24.444071,0.566158,0.822001,0.054872,-0.027708,7.914689,125.500427,39.798172,0.553322,0.806939,0.203523,0.035541,17.389122,100.906685,36.943481,0.552815,0.748381,0.359145,0.073046,25.847912,80.976646,33.256817,0.095420,0.892977,0.100580,0.428218,-6.342971,85.083778,7.348125,0.096314,0.916880,-0.010861,0.387216,-9.346993,50.809158,-1.967736,-0.055502,0.932636,0.031051,0.355170,-17.666582,6.689769,-4.426046,-0.081015,0.892725,-0.105862,0.430432,5.975733,84.284981,21.312609,-0.004676,0.894215,-0.155477,0.419743,7.883300,49.906914,30.535868,-0.031034,0.871550,-0.004112,0.489306,2.390603,7.118532,43.215126,-0.055502,0.932636,0.031051,0.355170,-7.693186,2.041994,-14.963266,-0.031034,0.871550,-0.004112,0.489306,14.620233,1.397235,36.157764
1280,10.666667,0.020197,0.911273,0.007104,0.411246,-0.181599,84.682953,14.348541,-0.060541,0.906331,0.167554,0.383178,0.055045,92.317749,14.574428,-0.014408,0.922603,0.078480,0.377409,-4.371707,109.726074,19.357670,0.066557,0.955513,-0.020089,0.286640,-6.105663,129.672562,22.063696,-0.001915,0.977159,-0.132328,0.166268,-3.086057,143.835129,20.504232,0.071849,0.934541,0.053090,0.344460,-8.979480,123.472801,19.253973,0.380559,-0.490146,0.347005,-0.703220,-23.555599,126.783096,6.928596,0.456669,-0.496254,0.281218,-0.682717,-16.167664,103.955521,-4.344656,0.530173,-0.488205,0.203520,-0.662685,-8.570535,85.746422,-13.495882,-0.048718,0.893558,-0.033112,0.445066,-3.656213,123.229584,24.457685,0.566155,0.821971,0.054825,-0.028751,7.950220,125.487373,39.804653,0.552785,0.807305,0.203743,0.034301,17.421719,100.897644,36.905991,0.553038,0.748148,0.359659,0.071199,25.911880,80.985023,33.174679,0.095430,0.893009,0.100629,0.428138,-6.341058,85.080452,7.366285,0.096384,0.917032,-0.010673,0.386845,-9.344985,50.806679,-1.952723,-0.055491,0.932690,0.031072,0.355027,-17.664791,6.688145,-4.425543,-0.080894,0.892730,-0.105872,0.430442,5.977860,84.285454,21.330797,-0.004673,0.894278,-0.155319,0.419668,7.877395,49.906143,30.551083,-0.030993,0.871599,-0.004031,0.489222,2.391456,7.113338,43.218338,-0.055491,0.932690,0.031072,0.355027,-7.694636,2.040654,-14.965959,-0.030993,0.871599,-0.004031,0.489222,14.619692,1.393328,36.157513
1281,10.675000,0.020290,0.911383,0.007401,0.410993,-0.166549,84.673042,14.367173,-0.060881,0.906410,0.167317,0.383041,0.069585,92.307716,14.597713,-0.014041,0.922693,0.078461,0.377206,-4.366879,109.726425,19.371382,0.066872,0.955542,-0.020371,0.286447,-6.086272,129.673462,22.082699,-0.001512,0.977195,-0.132212,0.166153,-3.056428,143.833191,20.517307,0.072461,0.934779,0.052615,0.343758,-8.965599,123.476219,19.273039,0.381312,-0.490464,0.347575,-0.702309,-23.557001,126.801590,6.969819,0.457133,-0.496864,0.282801,-0.681308,-16.206587,103.943573,-4.266229,0.530354,-0.488666,0.204956,-0.661758,-8.673002,85.678810,-13.369894,-0.048218,0.893729,-0.033171,0.444773,-3.639889,123.228333,24.474033,0.565982,0.822057,0.054713,-0.029898,7.978540,125.469757,39.814323,0.552202,0.807609,0.204329,0.033016,17.456852,100.888153,36.869408,0.552962,0.747965,0.360316,0.070388,25.981205,80.994652,33.083065,0.095526,0.893088,0.100649,0.427948,-6.329817,85.074394,7.388497,0.096460,0.917187,-0.010421,0.386466,-9.341149,50.802212,-1.933955,-0.055522,0.932723,0.031080,0.354936,-17.659456,6.684530,-4.426822,-0.080632,0.892629,-0.106113,0.430642,5.996720,84.271690,21.345850,-0.004673,0.894346,-0.155102,0.419603,7.870047,49.893002,30.573822,-0.031075,0.871673,-0.003535,0.489090,2.393217,7.094154,43.224598,-0.055522,0.932723,0.031080,0.354936,-7.691031,2.037479,-14.969073,-0.031075,0.871673,-0.003535,0.489090,14.622652,1.387250,36.155243
1282,10.683333,0.020171,0.911391,0.007180,0.410984,-0.161910,84.671387,14.398535,-0.060907,0.906467,0.167012,0.383035,0.073965,92.306175,14.625247,-0.013706,0.922734,0.078358,0.377140,-4.359560,109.730362,19.389124,0.067543,0.955508,-0.020492,0.286397,-6.064711,129.678421,22.101862,-0.001367,0.977215,-0.132232,0.166020,-3.015739,143.834259,20.538494,0.073044,0.935114,0.051836,0.342840,-8.948859,123.483315,19.292450,0.382277,-0.490833,0.347879,-0.701375,-23.561405,126.818504,7.017021,0.457882,-0.497398,0.284229,-0.679818,-16.241396,103.933800,-4.184503,0.530611,-0.489627,0.206727,-0.660289,-8.763525,85.611771,-13.237315,-0.047882,0.893933,-0.033036,0.444409,-3.622271,123.231491,24.492355,0.566056,0.821974,0.054665,-0.030845,8.009959,125.458870,39.824223,0.551559,0.807950,0.204923,0.031721,17.480797,100.879204,36.839394,0.552132,0.748089,0.361768,0.068094,26.045237,80.998932,32.996601,0.095526,0.893117,0.100860,0.427837,-6.325396,85.069031,7.419841,0.096614,0.917220,-0.010265,0.386352,-9.331289,50.799881,-1.915511,-0.055327,0.932771,0.031150,0.354833,-17.657019,6.684575,-4.425547,-0.080475,0.892659,-0.106083,0.430617,6.001575,84.273735,21.377228,-0.004560,0.894430,-0.154850,0.419519,7.866174,49.892792,30.598534,-0.031099,0.871672,-0.003409,0.489090,2.390961,7.086820,43.225842,-0.055327,0.932771,0.031150,0.354833,-7.692654,2.037089,-14.971438,-0.031099,0.871672,-0.003409,0.489090,14.621280,1.383306,36.155285
1283,10.691667,0.020077,0.911390,0.006941,0.410995,-0.156266,84.669159,14.436441,-0.061208,0.906525,0.166584,0.383036,0.079796,92.304062,14.659246,-0.013142,0.922799,0.078301,0.377012,-4.358769,109.735512,19.405678,0.067572,0.955583,-0.020469,0.286140,-6.041645,129.684540,22.125160,-0.000787,0.977246,-0.132337,0.165758,-2.992908,143.840424,20.561590,0.073525,0.935346,0.051230,0.342196,-8.933437,123.493385,19.314920,0.382987,-0.490926,0.348580,-0.700575,-23.560333,126.837349,7.058990,0.458077,-0.497929,0.286093,-0.678516,-16.271029,103.921043,-4.097846,0.530639,-0.489833,0.208904,-0.659428,-8.861399,85.542755,-13.099777,-0.047675,0.894216,-0.032596,0.443894,-3.605197,123.234283,24.512772,0.565933,0.822043,0.054519,-0.031529,8.045519,125.446770,39.832752,0.551126,0.808174,0.205434,0.030179,17.521494,100.872162,36.822693,0.551668,0.748282,0.362404,0.066324,26.114094,81.008057,32.915569,0.095522,0.893156,0.101125,0.427693,-6.319661,85.063393,7.457475,0.096828,0.917265,-0.010063,0.386196,-9.318495,50.798012,-1.893950,-0.055712,0.932768,0.030947,0.354798,-17.655149,6.686065,-4.426720,-0.080175,0.892986,-0.106194,0.429967,6.007128,84.274933,21.415407,-0.004497,0.894607,-0.154500,0.419271,7.856053,49.892239,30.633354,-0.031223,0.871744,-0.003124,0.488955,2.392514,7.076490,43.232563,-0.055712,0.932768,0.030947,0.354798,-7.688267,2.037405,-14.969712,-0.031223,0.871744,-0.003124,0.488955,14.623332,1.381571,36.155952
1284,10.700000,0.019765,0.911348,0.006948,0.411104,-0.132465,84.664619,14.474294,-0.061577,0.906532,0.166363,0.383055,0.099178,92.299713,14.695252,-0.012863,0.922843,0.078083,0.376960,-4.350571,109.739044,19.430817,0.068176,0.955541,-0.020528,0.286132,-6.019591,129.689743,22.146566,-0.000589,0.977248,-0.132413,0.165691,-2.953912,143.842331,20.586357,0.074021,0.935560,0.050630,0.341592,-8.916013,123.499954,19.338058,0.383630,-0.490840,0.349487,-0.699831,-23.556074,126.853386,7.100440,0.458452,-0.498618,0.287828,-0.677021,-16.295847,103.902184,-4.003511,0.531008,-0.490595,0.210632,-0.658014,-8.958768,85.467819,-12.954861,-0.047369,0.894400,-0.032522,0.443561,-3.587074,123.238327,24.535069,0.565852,0.822082,0.054312,-0.032302,8.076196,125.438866,39.847218,0.550570,0.808455,0.206026,0.028747,17.554417,100.868477,36.809898,0.551494,0.748203,0.363072,0.065006,26.180882,81.022278,32.841469,0.095678,0.893295,0.101213,0.427348,-6.294428,85.053589,7.493766,0.097095,0.917488,-0.009769,0.385608,-9.303967,50.791584,-1.866618,-0.055875,0.932795,0.030992,0.354698,-17.653900,6.683773,-4.427547,-0.079905,0.892881,-0.106358,0.430194,6.029498,84.275650,21.454821,-0.004300,0.894874,-0.154129,0.418839,7.853901,49.892357,30.675411,-0.031411,0.871818,-0.002840,0.488813,2.394573,7.066131,43.240784,-0.055875,0.932795,0.030992,0.354698,-7.687567,2.038044,-14.972353,-0.031411,0.871818,-0.002840,0.488813,14.626419,1.380704,36.158310
1285,10.708333,0.019544,0.911351,0.006765,0.411111,-0.123159,84.661194,14.522785,-0.061612,0.906621,0.165830,0.383071,0.106556,92.296463,14.739811,-0.012602,0.922880,0.077867,0.376923,-4.336821,109.741188,19.457127,0.068382,0.955558,-0.020667,0.286016,-5.992737,129.693527,22.168953,-0.000114,0.977281,-0.132357,0.165541,-2.920682,143.844437,20.606134,0.074571,0.935875,0.049909,0.340715,-8.893481,123.504997,19.362110,0.384690,-0.491468,0.349716,-0.698693,-23.553581,126.868034,7.151152,0.459239,-0.498918,0.289499,-0.675552,-16.334555,103.889038,-3.922106,0.531151,-0.491024,0.212872,-0.656856,-9.050631,85.396057,-12.809446,-0.047174,0.894444,-0.032682,0.443482,-3.564030,123.241043,24.558475,0.565585,0.822234,0.054379,-0.032975,8.102669,125.437546,39.868587,0.550079,0.808600,0.206963,0.027302,17.594540,100.876259,36.800411,0.550691,0.748468,0.363894,0.064159,26.252535,81.046272,32.760521,0.095746,0.893335,0.101445,0.427192,-6.285168,85.045013,7.542014,0.097342,0.917566,-0.009459,0.385366,-9.293378,50.787292,-1.834464,-0.055881,0.932812,0.031091,0.354644,-17.653400,6.683266,-4.427425,-0.079735,0.892871,-0.106373,0.430243,6.038849,84.277382,21.503555,-0.004146,0.894818,-0.153697,0.419119,7.851480,49.892384,30.720108,-0.031470,0.871821,-0.002488,0.488806,2.392133,7.054100,43.244320,-0.055881,0.932812,0.031091,0.354644,-7.687984,2.040189,-14.974263,-0.031470,0.871821,-0.002488,0.488806,14.626241,1.378078,36.158215
1286,10.716667,0.019299,0.911372,0.006425,0.411081,-0.113111,84.657509,14.578306,-0.061783,0.906693,0.165353,0.383078,0.115331,92.292992,14.789054,-0.012402,0.922912,0.077609,0.376904,-4.327509,109.744026,19.488617,0.068245,0.955530,-0.021727,0.286065,-5.971970,129.698181,22.193995,0.000486,0.977282,-0.131858,0.165932,-2.895089,143.844696,20.601170,0.074957,0.935991,0.049248,0.340406,-8.876434,123.510361,19.389442,0.385467,-0.491683,0.350459,-0.697740,-23.542440,126.878380,7.186947,0.459906,-0.499367,0.291320,-0.673982,-16.362207,103.864906,-3.839848,0.531708,-0.491377,0.214760,-0.655526,-9.145847,85.319862,-12.658970,-0.046776,0.894541,-0.032942,0.443309,-3.546689,123.245132,24.585442,0.565295,0.822399,0.054503,-0.033631,8.127411,125.432266,39.891258,0.549694,0.808709,0.207726,0.026001,17.634369,100.880814,36.791271,0.549999,0.748663,0.364747,0.062962,26.317163,81.065712,32.688759,0.095774,0.893403,0.101777,0.426966,-6.275753,85.034554,7.597725,0.097608,0.917818,-0.009077,0.384709,-9.277719,50.782032,-1.799685,-0.056185,0.932863,0.031016,0.354469,-17.648073,6.682014,-4.427319,-0.079521,0.892898,-0.106327,0.430238,6.049531,84.280464,21.558887,-0.003921,0.895013,-0.153281,0.418858,7.850160,49.892326,30.766100,-0.031513,0.871881,-0.002158,0.488698,2.392061,7.042381,43.250904,-0.056185,0.932863,0.031016,0.354469,-7.683785,2.040102,-14.975736,-0.031513,0.871881,-0.002158,0.488698,14.626500,1.374891,36.158543
