Format Version,1.23,Take Name,p23_straight_post_005,Take Notes,,Capture Frame Rate,120.000000,Export Frame Rate,120.000000,Capture Start Time,2025-09-03 03.33.41.290 오후,Total Frames in Take,1246,Total Exported Frames,1246,Rotation Type,Quaternion,Length Units,Centimeters,Coordinate Space,Global

,Type,Bone,Bone,Bone,Bone,Bone,Bone,Bone,Bone,Bone,Bone,Bone,Bone,Bone,Bone,Bone,Bone,Bone,Bone,Bone,Bone,Bone,Bone,Bone,Bone,Bone,Bone,Bone,Bone,Bone,Bone,Bone,Bone,Bone,Bone,Bone,Bone,Bone,Bone,Bone,Bone,Bone,Bone,Bone,Bone,Bone,Bone,Bone,Bone,Bone,Bone,Bone,Bone,Bone,Bone,Bone,Bone,Bone,Bone,Bone,Bone,Bone,Bone,Bone,Bone,Bone,Bone,Bone,Bone,Bone,Bone,Bone,Bone,Bone,Bone,Bone,Bone,Bone,Bone,Bone,Bone,Bone,Bone,Bone,Bone,Bone,Bone,Bone,Bone,Bone,Bone,Bone,Bone,Bone,Bone,Bone,Bone,Bone,Bone,Bone,Bone,Bone,Bone,Bone,Bone,Bone,Bone,Bone,Bone,Bone,Bone,Bone,Bone,Bone,Bone,Bone,Bone,Bone,Bone,Bone,Bone,Bone,Bone,Bone,Bone,Bone,Bone,Bone,Bone,Bone,Bone,Bone,Bone,Bone,Bone,Bone,Bone,Bone,Bone,Bone,Bone,Bone,Bone,Bone,Bone,Bone,Bone,Bone
,Name,TeslaAvatar_Man:Hip,TeslaAvatar_Man:Hip,TeslaAvatar_Man:Hip,TeslaAvatar_Man:Hip,TeslaAvatar_Man:Hip,TeslaAvatar_Man:Hip,TeslaAvatar_Man:Hip,TeslaAvatar_Man:Ab,TeslaAvatar_Man:Ab,TeslaAvatar_Man:Ab,TeslaAvatar_Man:Ab,TeslaAvatar_Man:Ab,TeslaAvatar_Man:Ab,TeslaAvatar_Man:Ab,TeslaAvatar_Man:Chest,TeslaAvatar_Man:Chest,TeslaAvatar_Man:Chest,TeslaAvatar_Man:Chest,TeslaAvatar_Man:Chest,TeslaAvatar_Man:Chest,TeslaAvatar_Man:Chest,TeslaAvatar_Man:Neck,TeslaAvatar_Man:Neck,TeslaAvatar_Man:Neck,TeslaAvatar_Man:Neck,TeslaAvatar_Man:Neck,TeslaAvatar_Man:Neck,TeslaAvatar_Man:Neck,TeslaAvatar_Man:Head,TeslaAvatar_Man:Head,TeslaAvatar_Man:Head,TeslaAvatar_Man:Head,TeslaAvatar_Man:Head,TeslaAvatar_Man:Head,TeslaAvatar_Man:Head,TeslaAvatar_Man:LShoulder,TeslaAvatar_Man:LShoulder,TeslaAvatar_Man:LShoulder,TeslaAvatar_Man:LShoulder,TeslaAvatar_Man:LShoulder,TeslaAvatar_Man:LShoulder,TeslaAvatar_Man:LShoulder,TeslaAvatar_Man:LUArm,TeslaAvatar_Man:LUArm,TeslaAvatar_Man:LUArm,TeslaAvatar_Man:LUArm,TeslaAvatar_Man:LUArm,TeslaAvatar_Man:LUArm,TeslaAvatar_Man:LUArm,TeslaAvatar_Man:LFArm,TeslaAvatar_Man:LFArm,TeslaAvatar_Man:LFArm,TeslaAvatar_Man:LFArm,TeslaAvatar_Man:LFArm,TeslaAvatar_Man:LFArm,TeslaAvatar_Man:LFArm,TeslaAvatar_Man:LHand,TeslaAvatar_Man:LHand,TeslaAvatar_Man:LHand,TeslaAvatar_Man:LHand,TeslaAvatar_Man:LHand,TeslaAvatar_Man:LHand,TeslaAvatar_Man:LHand,TeslaAvatar_Man:RShoulder,TeslaAvatar_Man:RShoulder,TeslaAvatar_Man:RShoulder,TeslaAvatar_Man:RShoulder,TeslaAvatar_Man:RShoulder,TeslaAvatar_Man:RShoulder,TeslaAvatar_Man:RShoulder,TeslaAvatar_Man:RUArm,TeslaAvatar_Man:RUArm,TeslaAvatar_Man:RUArm,TeslaAvatar_Man:RUArm,TeslaAvatar_Man:RUArm,TeslaAvatar_Man:RUArm,TeslaAvatar_Man:RUArm,TeslaAvatar_Man:RFArm,TeslaAvatar_Man:RFArm,TeslaAvatar_Man:RFArm,TeslaAvatar_Man:RFArm,TeslaAvatar_Man:RFArm,TeslaAvatar_Man:RFArm,TeslaAvatar_Man:RFArm,TeslaAvatar_Man:RHand,TeslaAvatar_Man:RHand,TeslaAvatar_Man:RHand,TeslaAvatar_Man:RHand,TeslaAvatar_Man:RHand,TeslaAvatar_Man:RHand,TeslaAvatar_Man:RHand,TeslaAvatar_Man:LThigh,TeslaAvatar_Man:LThigh,TeslaAvatar_Man:LThigh,TeslaAvatar_Man:LThigh,TeslaAvatar_Man:LThigh,TeslaAvatar_Man:LThigh,TeslaAvatar_Man:LThigh,TeslaAvatar_Man:LShin,TeslaAvatar_Man:LShin,TeslaAvatar_Man:LShin,TeslaAvatar_Man:LShin,TeslaAvatar_Man:LShin,TeslaAvatar_Man:LShin,TeslaAvatar_Man:LShin,TeslaAvatar_Man:LFoot,TeslaAvatar_Man:LFoot,TeslaAvatar_Man:LFoot,TeslaAvatar_Man:LFoot,TeslaAvatar_Man:LFoot,TeslaAvatar_Man:LFoot,TeslaAvatar_Man:LFoot,TeslaAvatar_Man:RThigh,TeslaAvatar_Man:RThigh,TeslaAvatar_Man:RThigh,TeslaAvatar_Man:RThigh,TeslaAvatar_Man:RThigh,TeslaAvatar_Man:RThigh,TeslaAvatar_Man:RThigh,TeslaAvatar_Man:RShin,TeslaAvatar_Man:RShin,TeslaAvatar_Man:RShin,TeslaAvatar_Man:RShin,TeslaAvatar_Man:RShin,TeslaAvatar_Man:RShin,TeslaAvatar_Man:RShin,TeslaAvatar_Man:RFoot,TeslaAvatar_Man:RFoot,TeslaAvatar_Man:RFoot,TeslaAvatar_Man:RFoot,TeslaAvatar_Man:RFoot,TeslaAvatar_Man:RFoot,TeslaAvatar_Man:RFoot,TeslaAvatar_Man:LToe,TeslaAvatar_Man:LToe,TeslaAvatar_Man:LToe,TeslaAvatar_Man:LToe,TeslaAvatar_Man:LToe,TeslaAvatar_Man:LToe,TeslaAvatar_Man:LToe,TeslaAvatar_Man:RToe,TeslaAvatar_Man:RToe,TeslaAvatar_Man:RToe,TeslaAvatar_Man:RToe,TeslaAvatar_Man:RToe,TeslaAvatar_Man:RToe,TeslaAvatar_Man:RToe
,ID,"1","1","1","1","1","1","1","2","2","2","2","2","2","2","3","3","3","3","3","3","3","4","4","4","4","4","4","4","5","5","5","5","5","5","5","6","6","6","6","6","6","6","7","7","7","7","7","7","7","8","8","8","8","8","8","8","9","9","9","9","9","9","9","A","A","A","A","A","A","A","B","B","B","B","B","B","B","C","C","C","C","C","C","C","D","D","D","D","D","D","D","E","E","E","E","E","E","E","F","F","F","F","F","F","F","10","10","10","10","10","10","10","12","12","12","12","12","12","12","13","13","13","13","13","13","13","14","14","14","14","14","14","14","11","11","11","11","11","11","11","15","15","15","15","15","15","15"
,,Rotation,Rotation,Rotation,Rotation,Position,Position,Position,Rotation,Rotation,Rotation,Rotation,Position,Position,Position,Rotation,Rotation,Rotation,Rotation,Position,Position,Position,Rotation,Rotation,Rotation,Rotation,Position,Position,Position,Rotation,Rotation,Rotation,Rotation,Position,Position,Position,Rotation,Rotation,Rotation,Rotation,Position,Position,Position,Rotation,Rotation,Rotation,Rotation,Position,Position,Position,Rotation,Rotation,Rotation,Rotation,Position,Position,Position,Rotation,Rotation,Rotation,Rotation,Position,Position,Position,Rotation,Rotation,Rotation,Rotation,Position,Position,Position,Rotation,Rotation,Rotation,Rotation,Position,Position,Position,Rotation,Rotation,Rotation,Rotation,Position,Position,Position,Rotation,Rotation,Rotation,Rotation,Position,Position,Position,Rotation,Rotation,Rotation,Rotation,Position,Position,Position,Rotation,Rotation,Rotation,Rotation,Position,Position,Position,Rotation,Rotation,Rotation,Rotation,Position,Position,Position,Rotation,Rotation,Rotation,Rotation,Position,Position,Position,Rotation,Rotation,Rotation,Rotation,Position,Position,Position,Rotation,Rotation,Rotation,Rotation,Position,Position,Position,Rotation,Rotation,Rotation,Rotation,Position,Position,Position,Rotation,Rotation,Rotation,Rotation,Position,Position,Position
Frame,Time (Seconds),X,Y,Z,W,X,Y,Z,X,Y,Z,W,X,Y,Z,X,Y,Z,W,X,Y,Z,X,Y,Z,W,X,Y,Z,X,Y,Z,W,X,Y,Z,X,Y,Z,W,X,Y,Z,X,Y,Z,W,X,Y,Z,X,Y,Z,W,X,Y,Z,X,Y,Z,W,X,Y,Z,X,Y,Z,W,X,Y,Z,X,Y,Z,W,X,Y,Z,X,Y,Z,W,X,Y,Z,X,Y,Z,W,X,Y,Z,X,Y,Z,W,X,Y,Z,X,Y,Z,W,X,Y,Z,X,Y,Z,W,X,Y,Z,X,Y,Z,W,X,Y,Z,X,Y,Z,W,X,Y,Z,X,Y,Z,W,X,Y,Z,X,Y,Z,W,X,Y,Z,X,Y,Z,W,X,Y,Z
0,0.000000,-0.048509,0.943521,0.089258,0.315354,7.116607,82.987717,20.914650,-0.050562,0.934870,0.085731,0.340751,6.048085,90.066406,21.910936,-0.018670,0.935252,0.056869,0.348885,3.693685,105.153366,23.847811,0.046813,0.969814,0.055235,0.232848,2.362360,122.870811,25.513626,0.047436,0.993789,-0.001896,0.100645,4.056795,136.540451,25.714224,-0.075057,0.878554,0.146619,0.448343,-0.364920,117.438248,23.047304,-0.600872,0.460283,-0.284557,0.588320,-10.122008,117.431404,9.580222,0.623254,-0.265891,0.294242,-0.674002,0.143079,95.432220,4.634623,0.579766,-0.072956,0.585870,-0.561521,13.230431,81.530991,4.794106,-0.087996,0.909179,0.090692,0.396768,4.953058,117.404762,27.653652,0.557319,0.814260,0.162350,-0.004274,16.089693,118.868889,39.917206,0.612829,0.685594,0.333507,-0.207785,25.473297,96.417458,35.261444,-0.822372,-0.441316,-0.257271,0.250511,28.454708,83.545639,22.536936,0.060195,0.917806,0.130330,0.370166,0.096771,82.677078,15.592948,0.068973,0.986674,0.027021,0.144872,-0.393937,49.086807,5.650247,-0.012840,0.969499,0.137683,0.202360,-6.287796,3.645304,2.282155,-0.029273,0.933732,-0.126145,0.333729,14.136442,83.298347,26.236353,0.062551,0.920512,-0.099647,0.372580,13.101891,49.439030,35.173935,-0.060425,0.867813,0.078617,0.486898,4.399242,4.765260,41.461243,-0.012840,0.969499,0.137683,0.202360,-0.684755,1.733483,-10.855237,-0.060425,0.867813,0.078617,0.486898,16.486433,1.730582,34.227249
1,0.008333,-0.048602,0.943579,0.089355,0.315140,7.113183,82.986504,20.922365,-0.050498,0.934939,0.085693,0.340582,6.043183,90.064812,21.919764,-0.018706,0.935311,0.056793,0.348738,3.691555,105.150833,23.856487,0.046757,0.969823,0.055202,0.232831,2.360245,122.868538,25.519524,0.047345,0.993782,-0.002037,0.100758,4.053366,136.538345,25.718847,-0.075033,0.878614,0.146584,0.448241,-0.367644,117.435440,23.055025,-0.600896,0.460357,-0.284635,0.588199,-10.127899,117.428123,9.590242,0.623205,-0.266138,0.294467,-0.673851,0.131606,95.425621,4.647878,0.579451,-0.073666,0.586631,-0.560958,13.208111,81.515709,4.807327,-0.088100,0.909253,0.090680,0.396578,4.951758,117.402939,27.659733,0.557323,0.814272,0.162272,-0.004575,16.092802,118.871155,39.918789,0.612948,0.685710,0.332751,-0.208263,25.476063,96.421661,35.253029,-0.822522,-0.441983,-0.255588,0.250566,28.445885,83.539764,22.526661,0.060241,0.917852,0.130462,0.369998,0.091130,82.674461,15.603674,0.068943,0.986625,0.026965,0.145226,-0.400882,49.087017,5.651514,-0.012563,0.969477,0.137864,0.202363,-6.291562,3.644857,2.286775,-0.029263,0.933761,-0.126209,0.333625,14.135236,83.298546,26.241058,0.062591,0.920612,-0.099535,0.372355,13.099477,49.440323,35.182663,-0.060487,0.867781,0.078666,0.486939,4.398783,4.764953,41.461308,-0.012563,0.969477,0.137864,0.202363,-0.690277,1.736607,-10.851877,-0.060487,0.867781,0.078666,0.486939,16.487206,1.732394,34.228485
2,0.016667,-0.048592,0.943651,0.089397,0.314913,7.111275,82.982605,20.927313,-0.050578,0.935001,0.085747,0.340385,6.041464,90.060822,21.925591,-0.018663,0.935387,0.056717,0.348550,3.686977,105.149101,23.863848,0.046609,0.969853,0.055076,0.232764,2.358350,122.867180,25.525150,0.047267,0.993776,-0.002088,0.100850,4.048229,136.537460,25.720003,-0.075054,0.878642,0.146494,0.448213,-0.371160,117.434074,23.062462,-0.600564,0.460337,-0.284598,0.588572,-10.132141,117.424599,9.598199,0.622921,-0.266102,0.294978,-0.673905,0.129323,95.426086,4.642109,0.578833,-0.074776,0.586955,-0.561110,13.194868,81.506386,4.810910,-0.088131,0.909330,0.090669,0.396397,4.950117,117.401550,27.665007,0.557293,0.814348,0.161977,-0.004906,16.095751,118.871628,39.919678,0.612935,0.685779,0.332296,-0.208800,25.480478,96.423782,35.248920,-0.822437,-0.442393,-0.254808,0.250915,28.441658,83.548164,22.523283,0.060110,0.918231,0.130592,0.369030,0.086687,82.670555,15.611966,0.068901,0.986623,0.027025,0.145250,-0.403999,49.084370,5.655477,-0.012889,0.969481,0.137822,0.202350,-6.289978,3.641966,2.285734,-0.029216,0.933778,-0.126326,0.333536,14.135864,83.294662,26.242659,0.062595,0.920683,-0.099443,0.372203,13.095124,49.438305,35.190765,-0.060534,0.867796,0.078797,0.486885,4.398249,4.761293,41.463024,-0.012889,0.969481,0.137822,0.202350,-0.686655,1.734344,-10.852148,-0.060534,0.867796,0.078797,0.486885,16.486490,1.732595,34.228268
3,0.025000,-0.048627,0.943673,0.089097,0.314927,7.106937,82.980049,20.938801,-0.050550,0.935053,0.085721,0.340253,6.037974,90.058990,21.932842,-0.018737,0.935449,0.056667,0.348388,3.685166,105.145309,23.870724,0.046373,0.969864,0.055094,0.232762,2.354984,122.863480,25.529661,0.047260,0.993756,-0.002162,0.101044,4.038468,136.534576,25.723511,-0.075017,0.878633,0.146620,0.448195,-0.374703,117.429672,23.068752,-0.600780,0.460539,-0.284397,0.588291,-10.136422,117.423073,9.605031,0.622845,-0.266130,0.294889,-0.674002,0.121487,95.423454,4.646535,0.578167,-0.075422,0.587166,-0.561490,13.187138,81.506424,4.810630,-0.088148,0.909409,0.090621,0.396223,4.948120,117.398514,27.669514,0.557424,0.814475,0.160862,-0.005690,16.098223,118.870506,39.919876,0.612868,0.685943,0.331500,-0.209723,25.475317,96.419876,35.247189,-0.822444,-0.442992,-0.253617,0.251042,28.425888,83.544937,22.513369,0.060062,0.918252,0.130798,0.368914,0.082568,82.665741,15.623302,0.069687,0.986249,0.026628,0.147471,-0.400825,49.082935,5.655071,-0.012680,0.969221,0.137656,0.203715,-6.355593,3.648597,2.297437,-0.029186,0.933845,-0.126239,0.333384,14.131308,83.294357,26.254295,0.062616,0.920754,-0.099385,0.372042,13.092165,49.436344,35.196304,-0.060569,0.867797,0.078846,0.486871,4.396569,4.758513,41.464489,-0.012680,0.969221,0.137656,0.203715,-0.718461,1.734543,-10.825035,-0.060569,0.867797,0.078846,0.486871,16.484945,1.731500,34.229267
4,0.033333,-0.048536,0.943725,0.089180,0.314761,7.109553,82.976219,20.942551,-0.050810,0.935099,0.085816,0.340063,6.041639,90.055077,21.938330,-0.018658,0.935532,0.056627,0.348173,3.679767,105.146515,23.877445,0.046296,0.969900,0.054990,0.232653,2.353100,122.864960,25.536364,0.047113,0.993761,-0.002234,0.101065,4.035032,136.536285,25.726656,-0.075002,0.878704,0.146512,0.448094,-0.378578,117.431473,23.076925,-0.600742,0.460733,-0.284243,0.588252,-10.143356,117.423035,9.615423,0.622743,-0.265984,0.294624,-0.674270,0.110047,95.423523,4.647055,0.577599,-0.076117,0.587057,-0.562095,13.185690,81.513725,4.804730,-0.088218,0.909545,0.090954,0.395819,4.946392,117.399666,27.675200,0.557512,0.814463,0.160613,-0.005761,16.106741,118.870995,39.916309,0.613161,0.685639,0.331360,-0.210080,25.478947,96.417625,35.246960,-0.822041,-0.443807,-0.253644,0.250896,28.409904,83.549393,22.510035,0.060128,0.918364,0.130758,0.368640,0.083182,82.663597,15.629599,0.069569,0.986272,0.026750,0.147354,-0.408477,49.080612,5.662380,-0.012643,0.969230,0.137755,0.203612,-6.351309,3.645358,2.295999,-0.029064,0.933868,-0.126404,0.333268,14.135924,83.288849,26.255503,0.062602,0.920866,-0.099274,0.371796,13.086003,49.433258,35.205418,-0.060704,0.867839,0.078942,0.486763,4.396954,4.753247,41.467167,-0.012643,0.969230,0.137755,0.203612,-0.717030,1.733936,-10.828081,-0.060704,0.867839,0.078942,0.486763,16.484783,1.730449,34.229267
5,0.041667,-0.048543,0.943699,0.088913,0.314914,7.108909,82.973198,20.953695,-0.050969,0.935161,0.085626,0.339919,6.041934,90.052727,21.945654,-0.018507,0.935631,0.056765,0.347895,3.677908,105.143654,23.877907,0.046230,0.969919,0.054978,0.232589,2.355092,122.861740,25.543674,0.046772,0.993758,-0.002315,0.101249,4.035261,136.533295,25.733063,-0.074873,0.878784,0.146532,0.447952,-0.378959,117.429527,23.084057,-0.600645,0.460858,-0.284166,0.588290,-10.148623,117.424286,9.626094,0.622562,-0.265777,0.294204,-0.674702,0.101200,95.424965,4.649546,0.577005,-0.076863,0.586627,-0.563050,13.190919,81.527443,4.796177,-0.088136,0.909606,0.090693,0.395757,4.948817,117.395309,27.679066,0.557497,0.814484,0.160560,-0.005793,16.111265,118.867966,39.918106,0.613284,0.685428,0.331368,-0.210395,25.484259,96.414879,35.249023,-0.821652,-0.444313,-0.253844,0.251072,28.404198,83.554955,22.506855,0.060116,0.918452,0.130747,0.368426,0.084246,82.659233,15.638560,0.069544,0.986356,0.026955,0.146762,-0.409232,49.075924,5.672516,-0.013029,0.969225,0.137757,0.203608,-6.348993,3.641355,2.291473,-0.029042,0.933955,-0.126381,0.333035,14.133573,83.287170,26.268831,0.062669,0.920995,-0.099159,0.371496,13.084992,49.431087,35.217060,-0.060712,0.867837,0.079086,0.486742,4.396216,4.749748,41.469673,-0.013029,0.969225,0.137757,0.203608,-0.711944,1.732139,-10.831742,-0.060712,0.867837,0.079086,0.486742,16.484161,1.730606,34.230434
6,0.050000,-0.048567,0.943701,0.088608,0.314989,7.109205,82.971413,20.963686,-0.051045,0.935119,0.085887,0.339958,6.043186,90.051689,21.951326,-0.018579,0.935617,0.056535,0.347966,3.673308,105.146812,23.890867,0.046246,0.969903,0.054976,0.232652,2.350787,122.865738,25.547977,0.046532,0.993769,-0.002358,0.101258,4.031491,136.537231,25.737581,-0.074928,0.878817,0.146602,0.447856,-0.383044,117.432442,23.090515,-0.600428,0.460873,-0.284202,0.588482,-10.155307,117.426086,9.634436,0.622339,-0.265483,0.293684,-0.675250,0.092844,95.427536,4.651068,0.576515,-0.077373,0.586152,-0.563977,13.197395,81.549461,4.784794,-0.087960,0.909724,0.090704,0.395523,4.943999,117.400230,27.686388,0.557503,0.814544,0.160229,-0.005930,16.113667,118.868484,39.919376,0.613149,0.685425,0.331352,-0.210824,25.486256,96.414482,35.253838,-0.821084,-0.444672,-0.254371,0.251761,28.403765,83.571213,22.510965,0.060270,0.918539,0.130697,0.368201,0.085419,82.655457,15.647510,0.069407,0.986329,0.027028,0.146998,-0.421723,49.072556,5.680797,-0.012778,0.969204,0.138024,0.203542,-6.347353,3.636605,2.293550,-0.028960,0.934016,-0.126363,0.332877,14.132992,83.287361,26.279863,0.062677,0.920983,-0.099044,0.371554,13.080962,49.430630,35.225216,-0.060775,0.867788,0.079165,0.486810,4.394947,4.747293,41.467411,-0.012778,0.969204,0.138024,0.203542,-0.713571,1.733571,-10.831968,-0.060775,0.867788,0.079165,0.486810,16.484632,1.730990,34.229885
7,0.058333,-0.048632,0.943737,0.088706,0.314843,7.108513,82.973656,20.967136,-0.051214,0.935201,0.085705,0.339750,6.041322,90.053596,21.955957,-0.018297,0.935717,0.056735,0.347678,3.669983,105.142166,23.888142,0.046036,0.969963,0.054888,0.232466,2.354899,122.860649,25.555849,0.046266,0.993781,-0.002328,0.101258,4.030299,136.532837,25.741287,-0.074846,0.878885,0.146729,0.447693,-0.382471,117.429688,23.097166,-0.600171,0.460955,-0.284196,0.588684,-10.159979,117.426659,9.644901,0.622217,-0.265099,0.293038,-0.675794,0.084596,95.428886,4.650767,0.576195,-0.077834,0.585397,-0.565024,13.207015,81.576340,4.772168,-0.088066,0.909763,0.090589,0.395435,4.947529,117.393044,27.689573,0.557552,0.814552,0.160016,-0.005952,16.118872,118.866394,39.920414,0.613186,0.685205,0.331575,-0.211082,25.488735,96.410294,35.259514,-0.820568,-0.445131,-0.255133,0.251862,28.399424,83.581207,22.511698,0.060273,0.918622,0.130568,0.368040,0.083216,82.656898,15.653007,0.069312,0.986386,0.027241,0.146617,-0.429254,49.071651,5.694441,-0.012750,0.969190,0.138158,0.203520,-6.344726,3.635550,2.291486,-0.028909,0.934046,-0.126500,0.332746,14.133811,83.290413,26.281265,0.062659,0.920979,-0.098936,0.371597,13.076459,49.435902,35.234398,-0.060753,0.867788,0.079173,0.486810,4.395321,4.750383,41.467735,-0.012750,0.969190,0.138158,0.203520,-0.711559,1.736161,-10.834821,-0.060753,0.867788,0.079173,0.486810,16.484880,1.733960,34.230064
8,0.066667,-0.048723,0.943716,0.088572,0.314932,7.111327,82.971809,20.973671,-0.051082,0.935167,0.085918,0.339812,6.043411,90.051964,21.960161,-0.018573,0.935682,0.056491,0.347798,3.672046,105.149460,23.900902,0.046055,0.969934,0.054856,0.232591,2.350582,122.868576,25.556862,0.046023,0.993784,-0.002205,0.101343,4.026866,136.540665,25.741880,-0.074933,0.878964,0.146780,0.447508,-0.384272,117.435120,23.100878,-0.599662,0.460552,-0.284583,0.589330,-10.166881,117.429199,9.652326,0.621674,-0.264840,0.292432,-0.676658,0.085188,95.434608,4.659528,0.575798,-0.078385,0.584597,-0.566179,13.221413,81.604958,4.758386,-0.087615,0.909926,0.090502,0.395180,4.944418,117.403198,27.694841,0.557624,0.814556,0.159746,-0.005929,16.125103,118.865288,39.918495,0.613341,0.684846,0.331895,-0.211293,25.491030,96.405937,35.265373,-0.820029,-0.445601,-0.256143,0.251760,28.390057,83.592407,22.512238,0.060405,0.918738,0.130453,0.367767,0.087171,82.652962,15.658158,0.069219,0.986389,0.027389,0.146611,-0.439737,49.066727,5.703697,-0.012899,0.969158,0.138360,0.203527,-6.344825,3.630185,2.288590,-0.028803,0.934099,-0.126533,0.332593,14.135483,83.290657,26.289183,0.062651,0.921005,-0.098846,0.371557,13.071877,49.436306,35.242157,-0.060793,0.867796,0.079231,0.486782,4.394680,4.749078,41.468697,-0.012899,0.969158,0.138360,0.203527,-0.710113,1.737344,-10.838000,-0.060793,0.867796,0.079231,0.486782,16.484211,1.734647,34.230145
9,0.075000,-0.048769,0.943685,0.088404,0.315065,7.113770,82.969170,20.981077,-0.051146,0.935171,0.085955,0.339780,6.045850,90.049690,21.964935,-0.018636,0.935712,0.056425,0.347725,3.671818,105.150032,23.906557,0.045967,0.969956,0.054895,0.232508,2.349195,122.869324,25.559654,0.045856,0.993802,-0.002207,0.101242,4.022785,136.541748,25.744953,-0.074934,0.879074,0.146859,0.447265,-0.385590,117.435226,23.105011,-0.599467,0.460580,-0.284498,0.589547,-10.175419,117.428986,9.661707,0.621547,-0.264433,0.291639,-0.677275,0.077751,95.437416,4.657857,0.575341,-0.079621,0.583264,-0.567844,13.239593,81.632553,4.740763,-0.087727,0.909977,0.090579,0.395021,4.943779,117.404518,27.698195,0.557696,0.814523,0.159669,-0.005808,16.127983,118.869591,39.918270,0.613436,0.684624,0.332154,-0.211329,25.490021,96.407272,35.271618,-0.819505,-0.445902,-0.257131,0.251925,28.383276,83.602890,22.516418,0.060381,0.919037,0.130486,0.367014,0.091167,82.648865,15.663598,0.069154,0.986457,0.027493,0.146168,-0.441529,49.063023,5.708111,-0.012934,0.969153,0.138557,0.203415,-6.340851,3.626174,2.287139,-0.028729,0.934158,-0.126532,0.332435,14.136374,83.289474,26.298553,0.062728,0.921072,-0.098809,0.371386,13.069494,49.434795,35.249908,-0.060824,0.867768,0.079326,0.486812,4.388186,4.747778,41.472237,-0.012934,0.969153,0.138557,0.203415,-0.708574,1.739139,-10.841333,-0.060824,0.867768,0.079326,0.486812,16.478685,1.736118,34.234150
10,0.083333,-0.048794,0.943724,0.088598,0.314887,7.110687,82.973564,20.983219,-0.051083,0.935239,0.085865,0.339626,6.041734,90.053551,21.969791,-0.018609,0.935770,0.056431,0.347569,3.671143,105.152046,23.909559,0.045859,0.969988,0.054981,0.232375,2.349624,122.871353,25.563408,0.045650,0.993822,-0.002228,0.101139,4.019595,136.544189,25.750008,-0.074936,0.879210,0.146821,0.447011,-0.386154,117.437386,23.109587,-0.599426,0.460684,-0.284282,0.589612,-10.183533,117.428932,9.671783,0.621612,-0.264057,0.290752,-0.677743,0.070976,95.440613,4.656418,0.575139,-0.080297,0.582257,-0.568985,13.257980,81.663979,4.724007,-0.087735,0.910081,0.090558,0.394784,4.944757,117.406425,27.700979,0.557824,0.814452,0.159587,-0.005610,16.135143,118.873070,39.915211,0.613529,0.684347,0.332548,-0.211339,25.490177,96.405922,35.277805,-0.818619,-0.446752,-0.258543,0.251855,28.377775,83.614548,22.520416,0.060371,0.919017,0.130478,0.367068,0.086154,82.653603,15.668268,0.069060,0.986486,0.027589,0.145995,-0.445530,49.067539,5.713488,-0.012935,0.969188,0.138478,0.203303,-6.335695,3.629988,2.286060,-0.028682,0.934184,-0.126605,0.332339,14.135221,83.293518,26.298168,0.062656,0.921128,-0.098801,0.371263,13.064498,49.439957,35.253258,-0.060745,0.867875,0.079299,0.486637,4.390324,4.751971,41.478600,-0.012935,0.969188,0.138478,0.203303,-0.706437,1.740786,-10.843394,-0.060745,0.867875,0.079299,0.486637,16.477364,1.738476,34.235497
11,0.091667,-0.048830,0.943681,0.088356,0.315080,7.111214,82.972160,20.992821,-0.051220,0.935308,0.085668,0.339464,6.042660,90.052719,21.975731,-0.018461,0.935884,0.056505,0.347258,3.670741,105.150307,23.908651,0.045806,0.970037,0.055089,0.232155,2.353764,122.869507,25.567249,0.045236,0.993853,-0.002278,0.101015,4.021351,136.542603,25.755846,-0.074859,0.879334,0.146805,0.446784,-0.384728,117.436600,23.114109,-0.599349,0.460845,-0.284137,0.589634,-10.189210,117.428741,9.681496,0.621399,-0.263445,0.289717,-0.678619,0.062066,95.441345,4.655536,0.574220,-0.079983,0.582488,-0.569721,13.271528,81.711723,4.703199,-0.087783,0.910146,0.090450,0.394649,4.949293,117.403618,27.701870,0.557966,0.814396,0.159382,-0.005507,16.142946,118.873688,39.912682,0.613438,0.684222,0.332749,-0.211691,25.490177,96.401497,35.284023,-0.817815,-0.447424,-0.259391,0.252401,28.375132,83.626648,22.521002,0.060594,0.919083,0.130321,0.366922,0.088887,82.650604,15.675056,0.068918,0.986435,0.027695,0.146385,-0.462749,49.063553,5.724667,-0.013009,0.969169,0.138625,0.203286,-6.337306,3.624740,2.287231,-0.028580,0.934251,-0.126573,0.332172,14.133541,83.293724,26.310583,0.062658,0.921215,-0.098709,0.371070,13.058479,49.439182,35.261475,-0.060800,0.867900,0.079287,0.486587,4.388583,4.749537,41.480846,-0.013009,0.969169,0.138625,0.203286,-0.707764,1.740116,-10.842756,-0.060800,0.867900,0.079287,0.486587,16.475149,1.736486,34.236778
12,0.100000,-0.048822,0.943669,0.088262,0.315141,7.107697,82.971855,21.000486,-0.051122,0.935292,0.085789,0.339494,6.039604,90.052658,21.982094,-0.018631,0.935869,0.056290,0.347323,3.668325,105.155388,23.920118,0.045614,0.970046,0.055056,0.232163,2.348237,122.875229,25.569353,0.045226,0.993858,-0.002130,0.100977,4.010935,136.548965,25.755894,-0.074949,0.879446,0.146653,0.446598,-0.388994,117.440620,23.118587,-0.599529,0.461304,-0.283709,0.589298,-10.198548,117.426682,9.689691,0.621787,-0.262844,0.288817,-0.678881,0.043762,95.438744,4.647829,0.573937,-0.080776,0.581260,-0.571147,13.287115,81.737808,4.691375,-0.087599,0.910298,0.090342,0.394362,4.944308,117.410866,27.707207,0.558105,0.814341,0.159178,-0.005419,16.146559,118.878090,39.910473,0.613090,0.684452,0.332724,-0.211994,25.486151,96.401054,35.289906,-0.817236,-0.447635,-0.259788,0.253492,28.381067,83.637390,22.526466,0.060576,0.919135,0.130292,0.366804,0.086044,82.650002,15.681855,0.068915,0.986441,0.027822,0.146326,-0.466476,49.062271,5.733832,-0.013068,0.969145,0.138705,0.203344,-6.339168,3.624064,2.285220,-0.028555,0.934317,-0.126588,0.331983,14.129351,83.293709,26.319118,0.062670,0.921292,-0.098595,0.370908,13.054092,49.439335,35.270630,-0.060769,0.867893,0.079425,0.486580,4.388113,4.747754,41.481548,-0.013068,0.969145,0.138705,0.203344,-0.707572,1.742008,-10.844250,-0.060769,0.867893,0.079425,0.486580,16.474730,1.737659,34.236343
13,0.108333,-0.048902,0.943660,0.088033,0.315222,7.110283,82.971016,21.008358,-0.051256,0.935366,0.085617,0.339313,6.042046,90.052292,21.986406,-0.018502,0.935975,0.056406,0.347025,3.669327,105.153801,23.918325,0.045403,0.970116,0.055158,0.231886,2.352659,122.873344,25.573433,0.045044,0.993888,-0.002093,0.100768,4.008704,136.547882,25.760695,-0.074838,0.879562,0.146687,0.446376,-0.386884,117.439796,23.122908,-0.599602,0.461447,-0.283518,0.589205,-10.203591,117.428246,9.699234,0.621857,-0.262534,0.288071,-0.679254,0.037563,95.441307,4.650656,0.573649,-0.081677,0.580080,-0.572506,13.303575,81.762154,4.681582,-0.087615,0.910347,0.090226,0.394273,4.949395,117.408035,27.708050,0.557977,0.814414,0.159265,-0.005150,16.153881,118.877670,39.908974,0.613395,0.684032,0.332795,-0.212356,25.500711,96.401711,35.297859,-0.816394,-0.448486,-0.260487,0.253984,28.375090,83.650375,22.528891,0.060743,0.919179,0.130266,0.366675,0.089659,82.646690,15.688515,0.068759,0.986513,0.027975,0.145879,-0.475685,49.059902,5.738035,-0.013066,0.969147,0.138843,0.203236,-6.333865,3.620511,2.280299,-0.028384,0.934265,-0.126660,0.332114,14.130907,83.295334,26.328199,0.062564,0.921179,-0.098416,0.371253,13.041525,49.441544,35.280193,-0.060878,0.867834,0.079491,0.486661,4.388107,4.745519,41.476597,-0.013066,0.969147,0.138843,0.203236,-0.704931,1.742389,-10.850880,-0.060878,0.867834,0.079491,0.486661,16.476969,1.738614,34.233803
14,0.116667,-0.049008,0.943685,0.088047,0.315127,7.110594,82.972206,21.012293,-0.051242,0.935407,0.085613,0.339204,6.040947,90.053299,21.990149,-0.018475,0.936019,0.056376,0.346914,3.668694,105.156303,23.922569,0.045140,0.970143,0.055333,0.231783,2.353464,122.875999,25.577173,0.044904,0.993900,-0.002007,0.100706,4.001267,136.551483,25.767216,-0.074869,0.879640,0.146734,0.446203,-0.386988,117.442497,23.127560,-0.599476,0.461482,-0.283556,0.589287,-10.208700,117.429710,9.707544,0.621822,-0.262246,0.287385,-0.679688,0.029797,95.442352,4.655403,0.573350,-0.082816,0.579028,-0.573706,13.315260,81.784760,4.672801,-0.087547,0.910435,0.090190,0.394092,4.950394,117.410637,27.711422,0.558142,0.814356,0.158984,-0.005164,16.160028,118.879494,39.907719,0.613303,0.683958,0.332838,-0.212791,25.497734,96.398514,35.302536,-0.815591,-0.449408,-0.261018,0.254389,28.368032,83.663223,22.529940,0.060803,0.919204,0.130365,0.366568,0.089101,82.646027,15.693709,0.068738,0.986474,0.027913,0.146170,-0.478609,49.061562,5.735505,-0.013059,0.969157,0.138878,0.203169,-6.334682,3.621584,2.281950,-0.028307,0.934292,-0.126802,0.331992,14.132089,83.298386,26.330875,0.062558,0.921217,-0.098281,0.371196,13.035521,49.446819,35.290413,-0.060802,0.867841,0.079492,0.486659,4.387547,4.748273,41.476280,-0.013059,0.969157,0.138878,0.203169,-0.707514,1.744439,-10.850128,-0.060802,0.867841,0.079492,0.486659,16.475859,1.740320,34.233006
15,0.125000,-0.049009,0.943724,0.087955,0.315035,7.103277,82.977478,21.021063,-0.051185,0.935476,0.085527,0.339043,6.034127,90.058807,21.997780,-0.018439,0.936094,0.056254,0.346734,3.665469,105.157761,23.928160,0.044969,0.970187,0.055395,0.231618,2.353283,122.877991,25.579393,0.044753,0.993920,-0.001890,0.100578,3.995917,136.554092,25.769604,-0.074878,0.879672,0.146666,0.446161,-0.388855,117.444321,23.132032,-0.599530,0.461580,-0.283459,0.589201,-10.211762,117.429970,9.712892,0.621843,-0.262030,0.286898,-0.679957,0.024961,95.442490,4.657745,0.573149,-0.083330,0.578132,-0.574734,13.322475,81.802414,4.666747,-0.087437,0.910530,0.090105,0.393918,4.950298,117.412743,27.713833,0.558229,0.814280,0.159070,-0.004954,16.165155,118.880173,39.905495,0.613332,0.683819,0.332880,-0.213088,25.498119,96.396133,35.305698,-0.814943,-0.450081,-0.261329,0.254957,28.361324,83.672241,22.530533,0.060805,0.919235,0.130327,0.366504,0.080763,82.650604,15.703872,0.068619,0.986419,0.027993,0.146581,-0.488808,49.065460,5.748079,-0.013222,0.969198,0.138781,0.203027,-6.331597,3.624392,2.286399,-0.028309,0.934291,-0.126756,0.332011,14.125792,83.304359,26.338255,0.062497,0.921288,-0.098247,0.371040,13.030243,49.451984,35.294868,-0.060742,0.867930,0.079445,0.486514,4.389548,4.752126,41.481430,-0.013222,0.969198,0.138781,0.203027,-0.707055,1.745459,-10.846547,-0.060742,0.867930,0.079445,0.486514,16.474964,1.742109,34.234173
16,0.133333,-0.049484,0.943813,0.088461,0.314552,7.111269,82.990036,21.009115,-0.051127,0.935521,0.085926,0.338827,6.033889,90.069397,21.991032,-0.018470,0.936130,0.056208,0.346640,3.664356,105.159248,23.933052,0.044772,0.970244,0.055531,0.231385,2.351848,122.879623,25.582520,0.044621,0.993963,-0.001783,0.100215,3.988049,136.556473,25.774570,-0.074855,0.879788,0.146382,0.446030,-0.390573,117.445580,23.136316,-0.599303,0.461225,-0.283641,0.589622,-10.217482,117.426743,9.720111,0.621520,-0.261996,0.286643,-0.680373,0.030347,95.443741,4.667944,0.572981,-0.084088,0.577321,-0.575607,13.328239,81.815804,4.664105,-0.087369,0.910653,0.090039,0.393664,4.949482,117.414711,27.717072,0.558361,0.814245,0.158788,-0.004997,16.171387,118.882072,39.902260,0.613261,0.683749,0.332827,-0.213600,25.497049,96.393959,35.307537,-0.814289,-0.451080,-0.261418,0.255189,28.354460,83.683685,22.526690,0.060842,0.919181,0.130096,0.366714,0.084218,82.657242,15.698282,0.068577,0.986449,0.028141,0.146370,-0.491489,49.068199,5.755989,-0.013017,0.969224,0.138742,0.202943,-6.329205,3.627357,2.282760,-0.028044,0.934262,-0.127142,0.331968,14.138320,83.322838,26.319944,0.062328,0.921252,-0.098174,0.371176,13.016738,49.476273,35.295277,-0.060338,0.867983,0.079036,0.486536,4.391840,4.773158,41.480343,-0.013017,0.969224,0.138742,0.202943,-0.708394,1.746221,-10.851471,-0.060338,0.867983,0.079036,0.486536,16.473713,1.747418,34.233727
17,0.141667,-0.049086,0.943658,0.087237,0.315420,7.109015,82.967796,21.040052,-0.051442,0.935474,0.085582,0.338996,6.041657,90.050827,22.006262,-0.018459,0.936163,0.056119,0.346567,3.663470,105.159309,23.936949,0.044800,0.970262,0.055679,0.231267,2.352562,122.880051,25.583702,0.044306,0.993997,-0.001652,0.100022,3.988417,136.556885,25.779591,-0.074844,0.879836,0.146490,0.445901,-0.390656,117.445816,23.138826,-0.599522,0.461617,-0.283414,0.589203,-10.221438,117.428169,9.725453,0.621774,-0.261785,0.286228,-0.680397,0.014856,95.441071,4.667753,0.572726,-0.084539,0.576979,-0.576137,13.329853,81.822174,4.662074,-0.087185,0.910747,0.089793,0.393543,4.950119,117.415298,27.718746,0.558371,0.814252,0.158714,-0.005031,16.176249,118.880951,39.900253,0.613294,0.683713,0.332658,-0.213883,25.501329,96.392479,35.306118,-0.814161,-0.451036,-0.261271,0.255826,28.352203,83.687210,22.524763,0.061096,0.919277,0.130534,0.366277,0.090912,82.636299,15.717319,0.068581,0.986364,0.027872,0.146988,-0.494336,49.057426,5.741317,-0.013192,0.969160,0.139049,0.203027,-6.333956,3.615263,2.288704,-0.028084,0.934329,-0.126731,0.331933,14.127117,83.299286,26.362785,0.062502,0.921384,-0.098002,0.370865,13.018203,49.445572,35.312683,-0.060839,0.867866,0.079706,0.486574,4.386478,4.741356,41.480206,-0.013192,0.969160,0.139049,0.203027,-0.709305,1.743750,-10.845262,-0.060839,0.867866,0.079706,0.486574,16.474241,1.739155,34.233620
18,0.150000,-0.049517,0.943749,0.087649,0.314966,7.117078,82.978836,21.029942,-0.051521,0.935530,0.085882,0.338753,6.042468,90.060211,22.000256,-0.018399,0.936227,0.056064,0.346407,3.660429,105.160484,23.938505,0.044729,0.970312,0.055754,0.231053,2.352505,122.881546,25.584379,0.044118,0.994031,-0.001460,0.099766,3.985683,136.558685,25.781315,-0.074949,0.879896,0.146361,0.445808,-0.392301,117.447487,23.140869,-0.599456,0.461625,-0.283467,0.589238,-10.225328,117.424263,9.729155,0.621769,-0.261687,0.286058,-0.680510,0.009101,95.436378,4.671072,0.572654,-0.084790,0.576797,-0.576353,13.327715,81.825111,4.662728,-0.087179,0.910836,0.089735,0.393352,4.950060,117.416595,27.718931,0.558368,0.814213,0.158934,-0.004795,16.181227,118.883659,39.895615,0.613392,0.683603,0.332518,-0.214172,25.506609,96.394600,35.304935,-0.813794,-0.451715,-0.260884,0.256188,28.348276,83.693329,22.520794,0.061120,0.919312,0.130319,0.366260,0.094673,82.641685,15.713246,0.068565,0.986401,0.028038,0.146717,-0.497901,49.059090,5.750191,-0.013105,0.969157,0.139015,0.203073,-6.334713,3.617567,2.284361,-0.027808,0.934345,-0.127076,0.331781,14.139483,83.315979,26.346636,0.062332,0.921380,-0.097965,0.370914,13.005811,49.467327,35.312557,-0.060510,0.867969,0.079305,0.486496,4.389353,4.760489,41.482426,-0.013105,0.969157,0.139015,0.203073,-0.709542,1.744590,-10.849168,-0.060510,0.867969,0.079305,0.486496,16.472500,1.743751,34.234180
19,0.158333,-0.049578,0.943764,0.087409,0.314978,7.116082,82.976067,21.036152,-0.051572,0.935570,0.085885,0.338633,6.041706,90.057961,22.002920,-0.018336,0.936291,0.055984,0.346250,3.658125,105.159966,23.941254,0.044713,0.970354,0.055903,0.230844,2.353540,122.881409,25.585476,0.043837,0.994072,-0.001308,0.099490,3.985072,136.558701,25.785780,-0.074878,0.879946,0.146276,0.445749,-0.392955,117.447510,23.143549,-0.599579,0.461694,-0.283404,0.589089,-10.228093,117.424690,9.733377,0.621772,-0.261859,0.286183,-0.680388,0.004958,95.435867,4.676547,0.572568,-0.085341,0.576524,-0.576630,13.317427,81.818596,4.667958,-0.087193,0.910912,0.089564,0.393211,4.950972,117.416313,27.719784,0.558414,0.814228,0.158686,-0.004928,16.185738,118.886688,39.892754,0.613386,0.683634,0.332144,-0.214669,25.508484,96.396301,35.303204,-0.813406,-0.452437,-0.260415,0.256621,28.342190,83.699432,22.516720,0.061169,0.919353,0.130367,0.366132,0.093919,82.636574,15.719281,0.068515,0.986485,0.028147,0.146156,-0.502002,49.055271,5.752066,-0.013233,0.969128,0.139133,0.203122,-6.334792,3.613681,2.280347,-0.027736,0.934319,-0.127083,0.331856,14.138246,83.315567,26.353020,0.062251,0.921323,-0.097911,0.371082,12.998968,49.466755,35.317650,-0.060490,0.867982,0.079392,0.486462,4.389977,4.758021,41.484211,-0.013233,0.969128,0.139133,0.203122,-0.707254,1.744737,-10.852745,-0.060490,0.867982,0.079392,0.486462,16.472670,1.743131,34.234436
20,0.166667,-0.049583,0.943747,0.087287,0.315062,7.115381,82.975449,21.041643,-0.051641,0.935589,0.085814,0.338590,6.041397,90.057648,22.006638,-0.018289,0.936328,0.055936,0.346159,3.656511,105.160591,23.942413,0.044656,0.970382,0.056009,0.230711,2.354259,122.882309,25.585726,0.043604,0.994099,-0.001103,0.099321,3.983402,136.559845,25.788197,-0.074845,0.879990,0.146189,0.445695,-0.393341,117.448547,23.144712,-0.599722,0.461787,-0.283368,0.588888,-10.230242,117.425034,9.735838,0.621742,-0.261929,0.286132,-0.680411,-0.000415,95.434082,4.681802,0.572252,-0.085410,0.577028,-0.576430,13.309124,81.819183,4.669628,-0.087168,0.910973,0.089505,0.393090,4.951503,117.417053,27.719873,0.558433,0.814248,0.158517,-0.005028,16.189590,118.887962,39.889709,0.613364,0.683644,0.331759,-0.215295,25.511227,96.397018,35.300671,-0.813024,-0.453314,-0.259654,0.257055,28.335369,83.708427,22.510780,0.061183,0.919338,0.130523,0.366113,0.094159,82.635330,15.723571,0.068559,0.986367,0.027955,0.146968,-0.498743,49.056995,5.746198,-0.013153,0.969148,0.139095,0.203056,-6.335269,3.614965,2.286546,-0.027693,0.934330,-0.127128,0.331812,14.136603,83.315567,26.359716,0.062246,0.921386,-0.097793,0.370957,12.993900,49.467392,35.326302,-0.060579,0.867973,0.079461,0.486456,4.390157,4.756480,41.484421,-0.013153,0.969148,0.139095,0.203056,-0.710099,1.744529,-10.847346,-0.060579,0.867973,0.079461,0.486456,16.473549,1.744554,34.234585
21,0.175000,-0.049638,0.943797,0.087369,0.314881,7.113419,82.976456,21.042786,-0.051667,0.935645,0.085740,0.338450,6.038501,90.058365,22.008844,-0.018107,0.936387,0.055944,0.346010,3.654018,105.160919,23.942518,0.044409,0.970415,0.056100,0.230599,2.358007,122.882828,25.588570,0.043311,0.994115,-0.000968,0.099296,3.979850,136.561234,25.791666,-0.074924,0.880006,0.146166,0.445658,-0.392164,117.450264,23.147783,-0.599773,0.461907,-0.283471,0.588692,-10.229772,117.423866,9.739438,0.621929,-0.262143,0.286228,-0.680116,-0.008342,95.427910,4.690175,0.572460,-0.086168,0.576900,-0.576239,13.295335,81.806274,4.679709,-0.087210,0.911024,0.089463,0.392972,4.954222,117.416466,27.721125,0.558282,0.814345,0.158553,-0.005072,16.195154,118.889687,39.888046,0.613621,0.683499,0.331229,-0.215837,25.525171,96.402550,35.297390,-0.812771,-0.453988,-0.258760,0.257568,28.328716,83.715668,22.506407,0.061212,0.919340,0.130398,0.366145,0.090288,82.635559,15.727289,0.068460,0.986454,0.028214,0.146376,-0.507408,49.055187,5.757064,-0.012987,0.969117,0.139229,0.203124,-6.333571,3.613255,2.278740,-0.027651,0.934329,-0.127262,0.331766,14.136550,83.317352,26.358286,0.062211,0.921370,-0.097706,0.371027,12.988382,49.471397,35.332542,-0.060480,0.867957,0.079434,0.486501,4.390059,4.758510,41.483868,-0.012987,0.969117,0.139229,0.203124,-0.707677,1.745643,-10.855240,-0.060480,0.867957,0.079434,0.486501,16.473425,1.744537,34.234840
22,0.183333,-0.049599,0.943852,0.087450,0.314699,7.104820,82.980011,21.046600,-0.051464,0.935713,0.085510,0.338351,6.030259,90.061775,22.014133,-0.018137,0.936417,0.055888,0.345936,3.655160,105.160072,23.942848,0.044400,0.970429,0.056283,0.230496,2.358973,122.882164,25.586769,0.043069,0.994140,-0.000792,0.099145,3.979289,136.560684,25.794464,-0.074845,0.880063,0.146098,0.445582,-0.391441,117.449211,23.147121,-0.599980,0.462096,-0.283437,0.588349,-10.231686,117.423615,9.740713,0.622053,-0.262368,0.286382,-0.679852,-0.017965,95.423111,4.695682,0.572340,-0.086569,0.577362,-0.575835,13.277492,81.794212,4.687015,-0.087255,0.911070,0.089289,0.392893,4.955647,117.416145,27.719645,0.558310,0.814408,0.158116,-0.005374,16.198362,118.893372,39.884430,0.613789,0.683475,0.330611,-0.216383,25.526649,96.405579,35.293449,-0.812441,-0.454891,-0.258041,0.257735,28.313988,83.717133,22.501240,0.061031,0.919301,0.130634,0.366191,0.079596,82.639877,15.733823,0.068540,0.986381,0.028063,0.146860,-0.499794,49.062286,5.753140,-0.012974,0.969182,0.138991,0.202977,-6.333556,3.620583,2.284552,-0.027676,0.934342,-0.127277,0.331721,14.130044,83.320145,26.359377,0.062178,0.921413,-0.097663,0.370937,12.983624,49.474556,35.335220,-0.060589,0.867990,0.079296,0.486450,4.390084,4.760530,41.484966,-0.012974,0.969182,0.138991,0.202977,-0.711877,1.746225,-10.850270,-0.060589,0.867990,0.079296,0.486450,16.472998,1.744666,34.235977
23,0.191667,-0.049155,0.943821,0.086916,0.315011,7.092105,82.968811,21.064989,-0.051451,0.935732,0.085092,0.338404,6.025656,90.052551,22.026995,-0.018163,0.936439,0.055817,0.345885,3.654060,105.159882,23.944632,0.044104,0.970447,0.056352,0.230460,2.357958,122.882225,25.585949,0.043033,0.994138,-0.000540,0.099182,3.969907,136.561722,25.793549,-0.074719,0.880096,0.146009,0.445567,-0.392685,117.448875,23.147430,-0.600007,0.462128,-0.283559,0.588238,-10.234001,117.425499,9.741798,0.622015,-0.262651,0.286697,-0.679644,-0.025152,95.421448,4.702387,0.572241,-0.086987,0.577881,-0.575350,13.258060,81.780006,4.695559,-0.087134,0.911207,0.089212,0.392620,4.954884,117.416550,27.719398,0.558377,0.814412,0.157860,-0.005419,16.205456,118.892326,39.877106,0.613972,0.683478,0.329914,-0.216917,25.530037,96.402031,35.290840,-0.812502,-0.455217,-0.256691,0.258317,28.300444,83.711281,22.500082,0.060968,0.919336,0.130870,0.366029,0.069574,82.633606,15.748336,0.068549,0.986419,0.028097,0.146591,-0.501347,49.059788,5.754475,-0.013075,0.969154,0.138999,0.203096,-6.336413,3.618374,2.284267,-0.027849,0.934364,-0.127037,0.331739,14.114636,83.304008,26.381641,0.062303,0.921598,-0.097566,0.370481,12.984960,49.454819,35.346020,-0.060795,0.867949,0.079758,0.486423,4.387192,4.740489,41.487583,-0.013075,0.969154,0.138999,0.203096,-0.710891,1.744774,-10.849021,-0.060795,0.867949,0.079758,0.486423,16.472336,1.738883,34.236389
24,0.200000,-0.049158,0.943875,0.086908,0.314851,7.088614,82.965721,21.066097,-0.051378,0.935774,0.085016,0.338320,6.022334,90.049484,22.028172,-0.018074,0.936468,0.055747,0.345823,3.653556,105.158928,23.944788,0.044243,0.970461,0.056438,0.230353,2.361402,122.881660,25.584963,0.042606,0.994176,-0.000395,0.098988,3.976384,136.560760,25.795469,-0.074755,0.880083,0.145995,0.445591,-0.390729,117.448715,23.147245,-0.600250,0.462313,-0.283558,0.587845,-10.231145,117.424217,9.740954,0.622133,-0.262940,0.286974,-0.679308,-0.030740,95.414642,4.708547,0.572176,-0.087258,0.578333,-0.574918,13.239983,81.762383,4.705442,-0.087088,0.911246,0.089070,0.392572,4.957488,117.415596,27.718452,0.558379,0.814451,0.157640,-0.005614,16.209572,118.892097,39.874668,0.614085,0.683450,0.329395,-0.217474,25.533899,96.402069,35.286606,-0.812269,-0.456066,-0.255744,0.258490,28.290398,83.711929,22.492657,0.060896,0.919294,0.130976,0.366109,0.064313,82.630142,15.751809,0.068591,0.986420,0.028073,0.146568,-0.498329,49.057671,5.752974,-0.013097,0.969164,0.139019,0.203037,-6.337576,3.616664,2.284488,-0.027847,0.934342,-0.127082,0.331782,14.112917,83.301292,26.380384,0.062278,0.921614,-0.097551,0.370451,12.981651,49.452900,35.347576,-0.060634,0.867967,0.079861,0.486395,4.386677,4.738018,41.489048,-0.013097,0.969164,0.139019,0.203037,-0.713387,1.743779,-10.849471,-0.060634,0.867967,0.079861,0.486395,16.470537,1.736658,34.235619
25,0.208333,-0.049175,0.943859,0.086584,0.314985,7.089115,82.961159,21.073618,-0.051417,0.935779,0.084933,0.338319,6.023907,90.045708,22.031078,-0.018088,0.936487,0.055657,0.345786,3.654394,105.158485,23.945309,0.044166,0.970444,0.056639,0.230389,2.362928,122.881554,25.582336,0.042325,0.994178,-0.000310,0.099086,3.974634,136.560959,25.797853,-0.074645,0.880150,0.145866,0.445519,-0.389564,117.448257,23.145828,-0.600517,0.462431,-0.283459,0.587527,-10.232682,117.424545,9.741518,0.622222,-0.263331,0.287397,-0.678895,-0.034910,95.412682,4.713766,0.572119,-0.087549,0.579012,-0.574247,13.219902,81.742569,4.715677,-0.087164,0.911291,0.088979,0.392471,4.959006,117.415810,27.716625,0.558460,0.814439,0.157412,-0.005734,16.213278,118.896210,39.870342,0.614099,0.683552,0.328824,-0.217978,25.533098,96.404144,35.283119,-0.812101,-0.456831,-0.254615,0.258782,28.281221,83.711800,22.487324,0.060899,0.919346,0.131050,0.365952,0.066333,82.623711,15.757439,0.068650,0.986418,0.028085,0.146556,-0.496254,49.052612,5.753977,-0.013217,0.969144,0.139014,0.203128,-6.340721,3.612408,2.283733,-0.027781,0.934359,-0.127005,0.331769,14.111897,83.298615,26.389795,0.062228,0.921552,-0.097516,0.370621,12.978296,49.448586,35.350536,-0.060774,0.867968,0.079920,0.486364,4.387516,4.732504,41.489182,-0.013217,0.969144,0.139014,0.203128,-0.713292,1.740024,-10.848914,-0.060774,0.867968,0.079920,0.486364,16.472010,1.734561,34.235390
26,0.216667,-0.049211,0.943913,0.086712,0.314781,7.080328,82.963966,21.075087,-0.051161,0.935803,0.084743,0.338341,6.014266,90.048141,22.034336,-0.018066,0.936454,0.055626,0.345882,3.654717,105.158211,23.945196,0.043980,0.970479,0.056654,0.230275,2.364218,122.881439,25.581333,0.042425,0.994202,-0.000029,0.098801,3.970721,136.561478,25.795820,-0.074569,0.880182,0.145767,0.445502,-0.388185,117.448250,23.144468,-0.600268,0.462018,-0.283863,0.587911,-10.232178,117.425133,9.740797,0.621932,-0.263895,0.288276,-0.678570,-0.026822,95.414101,4.724800,0.572426,-0.088026,0.579254,-0.573624,13.199337,81.712410,4.733056,-0.087133,0.911336,0.088860,0.392401,4.959471,117.415573,27.716335,0.558453,0.814506,0.157081,-0.006005,16.215757,118.896957,39.868069,0.614214,0.683640,0.328078,-0.218500,25.535797,96.405342,35.279099,-0.812047,-0.457340,-0.253436,0.259211,28.270208,83.709457,22.485857,0.060778,0.919303,0.131045,0.366081,0.055341,82.626266,15.761836,0.068676,0.986408,0.028143,0.146596,-0.498218,49.054047,5.761634,-0.013251,0.969127,0.138964,0.203239,-6.344100,3.614476,2.285548,-0.027871,0.934327,-0.127022,0.331846,14.105317,83.301666,26.388338,0.062236,0.921614,-0.097479,0.370476,12.976410,49.452290,35.352116,-0.060888,0.867972,0.079781,0.486367,4.387208,4.735628,41.488708,-0.013251,0.969127,0.138964,0.203239,-0.713595,1.740827,-10.845602,-0.060888,0.867972,0.079781,0.486367,16.472157,1.735869,34.236423
27,0.225000,-0.049300,0.943895,0.086414,0.314903,7.076977,82.962555,21.081718,-0.051024,0.935829,0.084587,0.338329,6.010920,90.047348,22.036398,-0.018091,0.936473,0.055554,0.345838,3.657261,105.156685,23.944048,0.043953,0.970425,0.056872,0.230453,2.366869,122.880173,25.577545,0.041959,0.994184,0.000046,0.099181,3.971545,136.560333,25.798130,-0.074498,0.880192,0.145716,0.445509,-0.385740,117.446587,23.141771,-0.600703,0.462561,-0.283708,0.587114,-10.229872,117.424812,9.738198,0.622458,-0.263970,0.288268,-0.678061,-0.045074,95.403374,4.726121,0.572383,-0.088344,0.579931,-0.572934,13.180867,81.699242,4.743125,-0.087209,0.911330,0.088865,0.392397,4.962327,117.414642,27.713165,0.558490,0.814521,0.156863,-0.006159,16.218281,118.898247,39.864941,0.614186,0.683759,0.327486,-0.219093,25.536171,96.405830,35.275494,-0.812046,-0.457916,-0.252023,0.259575,28.262520,83.709732,22.479496,0.060809,0.919252,0.131171,0.366158,0.053499,82.621933,15.766660,0.068676,0.986367,0.028086,0.146887,-0.497889,49.052292,5.757689,-0.013260,0.969101,0.139046,0.203309,-6.343538,3.612426,2.285033,-0.027863,0.934380,-0.126958,0.331723,14.100456,83.303177,26.396778,0.062258,0.921696,-0.097425,0.370283,12.973733,49.452637,35.356434,-0.060874,0.867974,0.079809,0.486361,4.385746,4.735267,41.489571,-0.013260,0.969101,0.139046,0.203309,-0.711047,1.741096,-10.845594,-0.060874,0.867974,0.079809,0.486361,16.470566,1.735990,34.236870
28,0.233333,-0.049266,0.943932,0.086413,0.314799,7.070667,82.962975,21.082916,-0.050916,0.935839,0.084441,0.338354,6.005189,90.047821,22.037849,-0.018044,0.936454,0.055504,0.345902,3.656157,105.157791,23.942324,0.043875,0.970401,0.056957,0.230550,2.367866,122.881531,25.574640,0.041796,0.994177,0.000223,0.099326,3.970056,136.561935,25.797272,-0.074549,0.880205,0.145650,0.445498,-0.385137,117.448174,23.138821,-0.600744,0.462552,-0.283770,0.587049,-10.229354,117.423836,9.735313,0.622439,-0.264254,0.288760,-0.677759,-0.045866,95.400826,4.727461,0.572290,-0.088761,0.580562,-0.572323,13.163534,81.680748,4.751634,-0.087176,0.911363,0.088804,0.392341,4.962334,117.415794,27.710909,0.558524,0.814566,0.156500,-0.006384,16.219950,118.899452,39.861137,0.614170,0.683824,0.326879,-0.219841,25.535816,96.406052,35.272404,-0.811695,-0.459092,-0.250804,0.259776,28.250748,83.713760,22.471792,0.060652,0.919236,0.131235,0.366201,0.045971,82.622726,15.769443,0.068760,0.986379,0.028125,0.146759,-0.493220,49.052921,5.760377,-0.013061,0.969090,0.139019,0.203392,-6.346282,3.614312,2.283846,-0.027938,0.934335,-0.126929,0.331854,14.095363,83.303230,26.396391,0.062211,0.921566,-0.097432,0.370611,12.972956,49.452469,35.355759,-0.060765,0.867939,0.079853,0.486429,4.386527,4.734683,41.488037,-0.013061,0.969090,0.139019,0.203392,-0.713124,1.741084,-10.846228,-0.060765,0.867939,0.079853,0.486429,16.471825,1.734988,34.236305
29,0.241667,-0.049240,0.943940,0.086449,0.314767,7.067351,82.960236,21.086025,-0.050870,0.935856,0.084272,0.338355,6.002097,90.045029,22.041597,-0.018037,0.936458,0.055407,0.345907,3.656279,105.155029,23.941612,0.043544,0.970383,0.057144,0.230639,2.369388,122.879158,25.570797,0.041797,0.994154,0.000358,0.099550,3.961717,136.560684,25.796593,-0.074319,0.880260,0.145451,0.445492,-0.384023,117.445587,23.135906,-0.600974,0.462687,-0.283763,0.586711,-10.229557,117.424866,9.733365,0.622457,-0.264579,0.289025,-0.677503,-0.052055,95.397537,4.732358,0.572051,-0.088931,0.581483,-0.571600,13.146487,81.664017,4.757191,-0.087182,0.911381,0.088680,0.392326,4.963396,117.413582,27.708054,0.558535,0.814564,0.156468,-0.006489,16.221350,118.899155,39.857727,0.614228,0.683908,0.326236,-0.220373,25.536533,96.406174,35.265537,-0.811589,-0.459742,-0.249434,0.260277,28.240112,83.712616,22.465626,0.060537,0.919330,0.131389,0.365930,0.042262,82.620552,15.773034,0.068785,0.986380,0.028122,0.146740,-0.488442,49.052605,5.757283,-0.012995,0.969094,0.138990,0.203396,-6.343945,3.614309,2.280764,-0.027970,0.934325,-0.126933,0.331878,14.092440,83.299919,26.399017,0.062239,0.921700,-0.097392,0.370284,12.971790,49.449352,35.359348,-0.060768,0.867949,0.079901,0.486403,4.386539,4.731166,41.490372,-0.012995,0.969094,0.138990,0.203396,-0.711187,1.739867,-10.849304,-0.060768,0.867949,0.079901,0.486403,16.471556,1.732674,34.237679
30,0.250000,-0.049211,0.943957,0.086445,0.314724,7.066470,82.957825,21.083729,-0.050827,0.935845,0.084266,0.338392,6.001677,90.042671,22.039434,-0.018043,0.936435,0.055362,0.345977,3.656742,105.155060,23.939899,0.043397,0.970383,0.057208,0.230652,2.370092,122.879372,25.567389,0.041834,0.994154,0.000534,0.099533,3.958130,136.561371,25.794012,-0.074284,0.880287,0.145314,0.445489,-0.383106,117.445671,23.132551,-0.601070,0.462701,-0.283802,0.586582,-10.228878,117.423866,9.730191,0.622365,-0.264974,0.289534,-0.677215,-0.053135,95.394577,4.734216,0.571928,-0.088871,0.582522,-0.570674,13.126204,81.642654,4.762809,-0.087101,0.911383,0.088559,0.392366,4.963635,117.413902,27.705490,0.558614,0.814550,0.156246,-0.006690,16.221008,118.898460,39.855824,0.614180,0.684069,0.325668,-0.220846,25.531662,96.404137,35.261063,-0.811604,-0.460162,-0.248215,0.260652,28.230009,83.708275,22.460394,0.060578,0.919206,0.131314,0.366261,0.040848,82.618538,15.771425,0.068811,0.986359,0.028115,0.146869,-0.490851,49.049545,5.759206,-0.012910,0.969081,0.139025,0.203440,-6.348345,3.611535,2.282264,-0.027967,0.934311,-0.126997,0.331893,14.092093,83.297119,26.396032,0.062229,0.921726,-0.097370,0.370228,12.969619,49.447685,35.360401,-0.060703,0.867962,0.079930,0.486384,4.386307,4.729000,41.490479,-0.012910,0.969081,0.139025,0.203440,-0.715036,1.737576,-10.847633,-0.060703,0.867962,0.079930,0.486384,16.470646,1.730297,34.236752
31,0.258333,-0.049241,0.943977,0.086446,0.314657,7.064415,82.958511,21.084625,-0.050765,0.935860,0.084134,0.338393,5.999267,90.043304,22.040283,-0.018036,0.936430,0.055316,0.345996,3.657840,105.154228,23.937342,0.043328,0.970338,0.057293,0.230836,2.371965,122.878731,25.563393,0.041529,0.994132,0.000645,0.099887,3.957890,136.560944,25.792316,-0.074129,0.880308,0.145213,0.445506,-0.381391,117.444969,23.128866,-0.601077,0.462668,-0.283932,0.586539,-10.227449,117.426254,9.726707,0.622211,-0.265257,0.289911,-0.677084,-0.053848,95.394638,4.736673,0.571704,-0.088982,0.583353,-0.570032,13.112879,81.627800,4.766533,-0.087163,0.911389,0.088566,0.392338,4.965160,117.413307,27.702028,0.558536,0.814621,0.156160,-0.006659,16.222916,118.899750,39.851780,0.614448,0.683917,0.325093,-0.221416,25.537937,96.406380,35.261200,-0.811596,-0.460803,-0.246828,0.260861,28.216484,83.702682,22.450483,0.060561,0.919145,0.131298,0.366424,0.038103,82.618591,15.773270,0.068833,0.986350,0.028134,0.146918,-0.491206,49.049179,5.762368,-0.013003,0.969062,0.138971,0.203559,-6.350236,3.611547,2.283091,-0.027951,0.934299,-0.126975,0.331937,14.090726,83.298424,26.395983,0.062177,0.921644,-0.097376,0.370439,12.967326,49.448521,35.358475,-0.060681,0.867929,0.079888,0.486452,4.386797,4.729337,41.488834,-0.013003,0.969062,0.138971,0.203559,-0.713199,1.736545,-10.845063,-0.060681,0.867929,0.079888,0.486452,16.471996,1.729324,34.237072
32,0.266667,-0.049240,0.943938,0.086158,0.314854,7.065240,82.954956,21.088581,-0.050834,0.935831,0.084136,0.338464,6.001204,90.040474,22.040131,-0.018003,0.936421,0.055251,0.346032,3.657122,105.154434,23.936749,0.043186,0.970329,0.057384,0.230874,2.373093,122.879234,25.560968,0.041530,0.994125,0.000761,0.099952,3.954720,136.561905,25.791540,-0.074055,0.880271,0.145162,0.445609,-0.380689,117.445541,23.126776,-0.601211,0.462781,-0.283929,0.586313,-10.224041,117.428818,9.722632,0.622208,-0.265520,0.290132,-0.676890,-0.055530,95.394012,4.736289,0.571504,-0.088986,0.584346,-0.569214,13.101289,81.617180,4.766549,-0.087136,0.911395,0.088469,0.392353,4.965529,117.413727,27.700329,0.558583,0.814597,0.156115,-0.006687,16.223055,118.900597,39.850239,0.614644,0.683617,0.324858,-0.222143,25.535461,96.406189,35.259422,-0.809872,-0.463679,-0.247174,0.260795,28.192162,83.717171,22.442118,0.060619,0.919154,0.131340,0.366377,0.041111,82.613800,15.774422,0.068867,0.986315,0.028066,0.147147,-0.491266,49.045643,5.759469,-0.013042,0.969047,0.138966,0.203633,-6.353457,3.608090,2.284524,-0.027925,0.934331,-0.126907,0.331875,14.089370,83.296112,26.402742,0.062187,0.921735,-0.097361,0.370215,12.966429,49.444897,35.360332,-0.060771,0.867958,0.079921,0.486384,4.387017,4.725566,41.491150,-0.013042,0.969047,0.138966,0.203633,-0.714227,1.733130,-10.842687,-0.060771,0.867958,0.079921,0.486384,16.471806,1.727609,34.237865
33,0.275000,-0.049278,0.943949,0.086241,0.314791,7.062891,82.955536,21.088356,-0.050785,0.935823,0.084022,0.338521,5.998025,90.040794,22.040918,-0.017941,0.936392,0.055213,0.346120,3.656722,105.153526,23.934389,0.043100,0.970277,0.057430,0.231098,2.375072,122.878555,25.558018,0.041183,0.994102,0.000900,0.100326,3.954438,136.561462,25.789854,-0.073938,0.880279,0.145068,0.445642,-0.379094,117.445221,23.123446,-0.601053,0.462700,-0.284196,0.586410,-10.222061,117.430664,9.719012,0.622094,-0.265694,0.290384,-0.676818,-0.057349,95.392784,4.738517,0.571511,-0.088755,0.585265,-0.568299,13.089046,81.608620,4.769746,-0.087133,0.911392,0.088420,0.392371,4.966301,117.412712,27.697954,0.558620,0.814576,0.156090,-0.006768,16.223372,118.900070,39.848228,0.614511,0.683770,0.324553,-0.222486,25.533661,96.405365,35.254559,-0.809883,-0.463875,-0.246318,0.261221,28.190807,83.717834,22.435923,0.060589,0.919119,0.131384,0.366452,0.038134,82.614105,15.775040,0.068892,0.986284,0.027989,0.147361,-0.490383,49.046513,5.757973,-0.013030,0.969054,0.138922,0.203631,-6.355135,3.608873,2.288435,-0.027939,0.934265,-0.126952,0.332041,14.087647,83.296974,26.401672,0.062146,0.921629,-0.097317,0.370496,12.962970,49.446625,35.362331,-0.060530,0.867912,0.080076,0.486470,4.386667,4.726038,41.488342,-0.013030,0.969054,0.138922,0.203631,-0.716078,1.732617,-10.838670,-0.060530,0.867912,0.080076,0.486470,16.471617,1.728520,34.235134
34,0.283333,-0.049274,0.943983,0.086357,0.314660,7.058475,82.960007,21.085798,-0.050616,0.935829,0.083926,0.338555,5.993274,90.044983,22.040100,-0.017928,0.936361,0.055200,0.346207,3.658332,105.154869,23.932055,0.042982,0.970258,0.057499,0.231184,2.377138,122.879967,25.555267,0.041029,0.994098,0.000994,0.100425,3.953031,136.563263,25.788412,-0.073929,0.880268,0.144944,0.445707,-0.376812,117.446732,23.120243,-0.601258,0.462804,-0.284042,0.586193,-10.217900,117.430939,9.714428,0.622220,-0.265913,0.290585,-0.676529,-0.053619,95.392807,4.734166,0.571572,-0.088538,0.585954,-0.567560,13.082250,81.601898,4.768826,-0.087157,0.911396,0.088470,0.392345,4.967742,117.414032,27.695736,0.558576,0.814611,0.156065,-0.006727,16.225361,118.901566,39.845486,0.614606,0.683695,0.324336,-0.222773,25.538147,96.407356,35.254494,-0.809951,-0.463995,-0.245656,0.261420,28.186903,83.718201,22.430452,0.060472,0.919074,0.131421,0.366571,0.032251,82.619057,15.774390,0.068944,0.986276,0.027951,0.147393,-0.486492,49.051155,5.757854,-0.012940,0.969062,0.138803,0.203681,-6.356373,3.613987,2.290808,-0.027968,0.934222,-0.126972,0.332153,14.084697,83.300964,26.397207,0.062091,0.921607,-0.097344,0.370554,12.960381,49.451088,35.359676,-0.060606,0.867946,0.079910,0.486427,4.387438,4.730353,41.489296,-0.012940,0.969062,0.138803,0.203681,-0.716824,1.733821,-10.835528,-0.060606,0.867946,0.079910,0.486427,16.471760,1.729807,34.236294
35,0.291667,-0.049191,0.943927,0.086181,0.314890,7.058479,82.957008,21.087784,-0.050572,0.935796,0.083827,0.338677,5.994966,90.042534,22.039825,-0.017976,0.936328,0.055174,0.346298,3.661993,105.153381,23.929153,0.042844,0.970224,0.057577,0.231334,2.379344,122.878517,25.550791,0.040943,0.994078,0.001113,0.100653,3.951292,136.562225,25.785521,-0.073805,0.880235,0.144966,0.445785,-0.373773,117.444923,23.115623,-0.601304,0.462858,-0.284081,0.586084,-10.213134,117.433563,9.708543,0.622318,-0.266059,0.290749,-0.676312,-0.052433,95.393150,4.731061,0.571710,-0.088280,0.586617,-0.566775,13.076994,81.595840,4.769108,-0.087161,0.911389,0.088453,0.392364,4.969870,117.412903,27.692181,0.558550,0.814617,0.156133,-0.006613,16.226950,118.900696,39.842388,0.614707,0.683572,0.324253,-0.222991,25.541204,96.406494,35.254314,-0.809908,-0.464168,-0.245281,0.261599,28.182089,83.718369,22.425364,0.060540,0.919086,0.131366,0.366551,0.034664,82.616852,15.773145,0.068903,0.986304,0.027983,0.147224,-0.490099,49.048504,5.758424,-0.012980,0.969064,0.138828,0.203651,-6.356392,3.610978,2.290068,-0.027992,0.934222,-0.126935,0.332165,14.082294,83.297157,26.402422,0.062135,0.921650,-0.097308,0.370447,12.960302,49.446716,35.363060,-0.060620,0.867889,0.079985,0.486515,4.385569,4.725826,41.489090,-0.012980,0.969064,0.138828,0.203651,-0.717317,1.731772,-10.836602,-0.060620,0.867889,0.079985,0.486515,16.471624,1.727375,34.238113
36,0.300000,-0.049180,0.943913,0.086191,0.314929,7.057126,82.956352,21.086540,-0.050571,0.935779,0.083799,0.338729,5.993681,90.041878,22.038717,-0.017965,0.936313,0.055047,0.346360,3.660697,105.154350,23.927303,0.042781,0.970194,0.057668,0.231447,2.379879,122.879997,25.544775,0.040797,0.994067,0.001240,0.100818,3.949720,136.563919,25.781839,-0.073716,0.880223,0.144864,0.445856,-0.373547,117.446175,23.110476,-0.601341,0.462825,-0.284123,0.586051,-10.211241,117.436256,9.702169,0.622351,-0.266232,0.290837,-0.676176,-0.050223,95.395210,4.728175,0.571916,-0.087989,0.586989,-0.566228,13.075074,81.591339,4.765610,-0.087133,0.911405,0.088376,0.392351,4.969497,117.414566,27.687735,0.558761,0.814532,0.155811,-0.006848,16.227091,118.902603,39.837437,0.614485,0.683809,0.324016,-0.223222,25.529549,96.403954,35.247211,-0.809951,-0.464453,-0.244648,0.261553,28.177139,83.714592,22.416252,0.060508,0.919046,0.131338,0.366667,0.033726,82.616508,15.771331,0.068923,0.986311,0.027996,0.147162,-0.488483,49.047379,5.759092,-0.012990,0.969062,0.138827,0.203659,-6.356611,3.610161,2.289709,-0.027964,0.934196,-0.126935,0.332241,14.080526,83.296188,26.401747,0.062041,0.921559,-0.097313,0.370688,12.956017,49.445633,35.361622,-0.060724,0.867906,0.079963,0.486475,4.387367,4.723773,41.489079,-0.012990,0.969062,0.138827,0.203659,-0.717229,1.730972,-10.836834,-0.060724,0.867906,0.079963,0.486475,16.473421,1.726223,34.237732
37,0.308333,-0.049132,0.943903,0.086189,0.314967,7.056083,82.956551,21.083427,-0.050542,0.935763,0.083792,0.338780,5.993258,90.042152,22.035759,-0.017915,0.936296,0.055006,0.346415,3.661142,105.154510,23.924286,0.042676,0.970176,0.057753,0.231520,2.382396,122.880386,25.540941,0.040644,0.994063,0.001311,0.100919,3.949000,136.564651,25.779810,-0.073619,0.880199,0.144826,0.445932,-0.371449,117.446815,23.106541,-0.601207,0.462794,-0.284271,0.586142,-10.207374,117.439606,9.696934,0.622306,-0.266308,0.290868,-0.676174,-0.049091,95.396996,4.724236,0.572059,-0.087758,0.587282,-0.565816,13.075987,81.588890,4.759974,-0.087050,0.911386,0.088259,0.392439,4.971082,117.414711,27.684397,0.558704,0.814616,0.155568,-0.006960,16.226868,118.901443,39.835938,0.614530,0.683793,0.323819,-0.223431,25.532364,96.403526,35.248314,-0.810040,-0.464316,-0.244387,0.261766,28.175127,83.711349,22.413214,0.060442,0.918999,0.131345,0.366792,0.033022,82.617554,15.767715,0.069004,0.986324,0.027985,0.147041,-0.483374,49.047997,5.756620,-0.013282,0.969056,0.138602,0.203822,-6.359391,3.611753,2.287835,-0.027919,0.934128,-0.126976,0.332418,14.079144,83.295547,26.399139,0.061959,0.921456,-0.097268,0.370969,12.949026,49.445541,35.360382,-0.060822,0.867857,0.079946,0.486552,4.386957,4.721949,41.484344,-0.013282,0.969056,0.138602,0.203822,-0.713901,1.727781,-10.835398,-0.060822,0.867857,0.079946,0.486552,16.474905,1.725402,34.235733
38,0.316667,-0.049055,0.943881,0.086206,0.315042,7.053377,82.957565,21.081411,-0.050440,0.935760,0.083725,0.338821,5.991448,90.043228,22.034250,-0.017881,0.936288,0.054976,0.346443,3.662971,105.155602,23.921778,0.042565,0.970161,0.057844,0.231580,2.385688,122.881630,25.537807,0.040481,0.994060,0.001342,0.101020,3.948856,136.566238,25.778563,-0.073566,0.880199,0.144813,0.445944,-0.368502,117.448235,23.103430,-0.601232,0.462862,-0.284187,0.586103,-10.204324,117.442451,9.693740,0.622289,-0.266351,0.290955,-0.676135,-0.046786,95.400223,4.717825,0.571998,-0.087476,0.587659,-0.565529,13.074836,81.590126,4.754716,-0.087075,0.911381,0.088297,0.392436,4.973780,117.415794,27.681578,0.558831,0.814540,0.155515,-0.006924,16.229496,118.902794,39.833157,0.614430,0.683823,0.323857,-0.223561,25.528006,96.401581,35.247482,-0.809998,-0.464417,-0.244231,0.261861,28.173023,83.713737,22.409918,0.060421,0.918977,0.131255,0.366883,0.031014,82.620087,15.764677,0.069019,0.986259,0.027957,0.147469,-0.485425,49.048691,5.759744,-0.012935,0.969047,0.138632,0.203867,-6.361684,3.612497,2.290776,-0.027926,0.934087,-0.127015,0.332519,14.075740,83.295044,26.398146,0.061922,0.921444,-0.097222,0.371019,12.944142,49.445755,35.361942,-0.060806,0.867832,0.079982,0.486593,4.386394,4.720908,41.482872,-0.012935,0.969047,0.138632,0.203867,-0.717537,1.727394,-10.832877,-0.060806,0.867832,0.079982,0.486593,16.474995,1.725036,34.235065
39,0.325000,-0.049076,0.943863,0.086389,0.315041,7.053884,82.961746,21.075804,-0.050306,0.935738,0.083704,0.338905,5.990845,90.046921,22.031017,-0.017919,0.936244,0.054975,0.346559,3.666687,105.156960,23.918793,0.042383,0.970147,0.057840,0.231673,2.387941,122.882950,25.534168,0.040410,0.994052,0.001483,0.101120,3.946406,136.568130,25.773886,-0.073547,0.880164,0.144986,0.445961,-0.365309,117.449333,23.099194,-0.601128,0.462863,-0.284273,0.586167,-10.200710,117.446838,9.689203,0.622246,-0.266333,0.290965,-0.676178,-0.045630,95.403580,4.712892,0.572005,-0.087311,0.587848,-0.565351,13.076065,81.593712,4.749591,-0.087076,0.911385,0.088249,0.392437,4.975815,117.417313,27.678692,0.558713,0.814600,0.155632,-0.006719,16.231489,118.904968,39.830223,0.614639,0.683569,0.323947,-0.223630,25.536669,96.405319,35.250481,-0.809816,-0.464621,-0.244439,0.261867,28.171158,83.719490,22.408718,0.060501,0.918953,0.131061,0.366999,0.031548,82.624939,15.758994,0.068142,0.986719,0.028472,0.144676,-0.493842,49.050644,5.764236,-0.012924,0.969292,0.138991,0.202454,-6.293788,3.606066,2.276701,-0.027863,0.934066,-0.127082,0.332556,14.076218,83.298553,26.392614,0.061798,0.921383,-0.097261,0.371181,12.938602,49.450218,35.359238,-0.060734,0.867884,0.079907,0.486522,4.388903,4.724669,41.486229,-0.012924,0.969292,0.138991,0.202454,-0.686126,1.731654,-10.864108,-0.060734,0.867884,0.079907,0.486522,16.475657,1.725906,34.236542
40,0.333333,-0.049118,0.943825,0.086412,0.315143,7.057670,82.960777,21.072729,-0.050369,0.935715,0.083715,0.338958,5.993865,90.045837,22.027945,-0.017854,0.936234,0.054974,0.346590,3.667180,105.158905,23.915648,0.042315,0.970123,0.057948,0.231760,2.390543,122.884979,25.531748,0.040242,0.994044,0.001490,0.101268,3.946640,136.570374,25.774160,-0.073459,0.880150,0.144940,0.446017,-0.363243,117.451813,23.096375,-0.601066,0.462871,-0.284278,0.586222,-10.197412,117.451500,9.685477,0.622253,-0.266203,0.290826,-0.676282,-0.042845,95.408493,4.706944,0.571925,-0.087600,0.587582,-0.565664,13.085138,81.603455,4.742702,-0.086971,0.911381,0.088225,0.392474,4.977617,117.418922,27.676174,0.558764,0.814584,0.155534,-0.006732,16.232924,118.903587,39.828415,0.614541,0.683557,0.324008,-0.223851,25.535271,96.402397,35.250462,-0.809646,-0.464865,-0.244431,0.261967,28.169935,83.725349,22.406118,0.060568,0.918987,0.130961,0.366938,0.036541,82.623604,15.754350,0.068129,0.986702,0.028451,0.144805,-0.496425,49.048050,5.764238,-0.013232,0.969280,0.139033,0.202465,-6.295083,3.603202,2.278019,-0.027832,0.934016,-0.127152,0.332673,14.078799,83.297958,26.391108,0.061786,0.921402,-0.097236,0.371142,12.936358,49.450752,35.361378,-0.060688,0.867860,0.079981,0.486558,4.388779,4.724625,41.487087,-0.013232,0.969280,0.139033,0.202465,-0.684814,1.731709,-10.862093,-0.060688,0.867860,0.079981,0.486558,16.476000,1.727057,34.237682
41,0.341667,-0.049074,0.943785,0.086248,0.315314,7.057688,82.962128,21.070921,-0.050325,0.935684,0.083761,0.339039,5.995038,90.047661,22.023935,-0.017840,0.936213,0.054959,0.346650,3.668930,105.161026,23.913261,0.042284,0.970101,0.057882,0.231873,2.392872,122.887184,25.528955,0.040053,0.994033,0.001590,0.101446,3.948728,136.572632,25.769684,-0.073427,0.880130,0.144880,0.446082,-0.360845,117.454102,23.093306,-0.601091,0.462924,-0.284147,0.586218,-10.193244,117.454193,9.681110,0.622200,-0.266153,0.290863,-0.676334,-0.037418,95.412895,4.697603,0.571772,-0.087479,0.587565,-0.565854,13.089907,81.608963,4.734427,-0.086991,0.911404,0.088214,0.392421,4.979430,117.421028,27.673786,0.558734,0.814584,0.155646,-0.006544,16.236010,118.906662,39.824726,0.614737,0.683340,0.324063,-0.223894,25.540123,96.405243,35.251503,-0.809390,-0.465166,-0.244663,0.262009,28.165146,83.729675,22.404865,0.060590,0.918922,0.130947,0.367103,0.038388,82.625069,15.750122,0.068159,0.986627,0.028326,0.145322,-0.494558,49.049435,5.760273,-0.013163,0.969297,0.138993,0.202415,-6.295752,3.604302,2.282000,-0.027790,0.934016,-0.127188,0.332663,14.076988,83.299194,26.391720,0.061719,0.921327,-0.097202,0.371347,12.931076,49.452465,35.363354,-0.060814,0.867876,0.079911,0.486526,4.388934,4.724958,41.486595,-0.013163,0.969297,0.138993,0.202415,-0.687337,1.731303,-10.858690,-0.060814,0.867876,0.079911,0.486526,16.476313,1.727429,34.237446
42,0.350000,-0.049011,0.943797,0.086556,0.315202,7.054071,82.965233,21.061510,-0.050062,0.935704,0.083625,0.339056,5.991015,90.050087,22.019104,-0.017847,0.936191,0.054990,0.346704,3.674882,105.158165,23.906425,0.042081,0.970099,0.058046,0.231879,2.398090,122.884193,25.522974,0.039907,0.994042,0.001646,0.101421,3.947515,136.570328,25.766832,-0.073312,0.880157,0.144941,0.446028,-0.355180,117.451164,23.086700,-0.600972,0.462948,-0.284191,0.586300,-10.189745,117.455208,9.676088,0.621828,-0.266007,0.290696,-0.676805,-0.036251,95.413498,4.689636,0.571183,-0.086284,0.588694,-0.565460,13.091394,81.622490,4.717336,-0.086999,0.911367,0.088180,0.392511,4.984572,117.417999,27.667791,0.558819,0.814551,0.155517,-0.006506,16.238760,118.903969,39.820908,0.614709,0.683283,0.324147,-0.224022,25.538197,96.399712,35.252144,-0.809116,-0.465456,-0.244940,0.262080,28.161812,83.731201,22.404171,0.060459,0.918875,0.130805,0.367292,0.033413,82.630745,15.742336,0.068209,0.986654,0.028409,0.145103,-0.492856,49.051411,5.764596,-0.012907,0.969278,0.138985,0.202528,-6.298197,3.607339,2.279383,-0.027826,0.933943,-0.127368,0.332797,14.074729,83.299713,26.380686,0.061662,0.921307,-0.097162,0.371417,12.925622,49.456329,35.364502,-0.060844,0.867887,0.079822,0.486517,4.389147,4.727474,41.485779,-0.012907,0.969278,0.138985,0.202528,-0.688734,1.732646,-10.860620,-0.060844,0.867887,0.079822,0.486517,16.476339,1.728179,34.237041
43,0.358333,-0.048977,0.943767,0.086382,0.315348,7.055094,82.965698,21.059757,-0.050087,0.935681,0.083623,0.339115,5.993127,90.051041,22.014992,-0.017796,0.936182,0.054970,0.346735,3.676211,105.158760,23.901827,0.042001,0.970077,0.058120,0.231965,2.401332,122.884926,25.518312,0.039695,0.994035,0.001679,0.101568,3.948262,136.571320,25.763851,-0.073184,0.880086,0.144908,0.446200,-0.352407,117.452217,23.081871,-0.600708,0.462849,-0.284507,0.586495,-10.182500,117.460526,9.667993,0.621702,-0.266007,0.290675,-0.676931,-0.033395,95.415878,4.685606,0.571294,-0.086680,0.588158,-0.565845,13.097885,81.621986,4.710147,-0.086977,0.911354,0.088113,0.392561,4.987065,117.418442,27.663282,0.558960,0.814512,0.155209,-0.006651,16.240067,118.904427,39.817493,0.614543,0.683411,0.324070,-0.224200,25.531622,96.396576,35.250343,-0.808791,-0.465859,-0.245101,0.262218,28.159454,83.732483,22.402277,0.060548,0.918864,0.130745,0.367326,0.035997,82.631065,15.738538,0.068107,0.986709,0.028450,0.144766,-0.497195,49.051388,5.762307,-0.013229,0.969302,0.138892,0.202454,-6.293970,3.606254,2.276690,-0.027763,0.933930,-0.127387,0.332832,14.074191,83.300339,26.380978,0.061602,0.921299,-0.097133,0.371455,12.920189,49.457050,35.364513,-0.060703,0.867878,0.079860,0.486544,4.389519,4.726982,41.485046,-0.013229,0.969302,0.138892,0.202454,-0.684175,1.730751,-10.863051,-0.060703,0.867878,0.079860,0.486544,16.476288,1.726623,34.236050
44,0.366667,-0.048962,0.943744,0.086373,0.315421,7.056183,82.966461,21.054853,-0.050098,0.935660,0.083666,0.339161,5.994396,90.051834,22.009947,-0.017703,0.936173,0.054938,0.346769,3.676572,105.159798,23.897835,0.041871,0.970058,0.058224,0.232043,2.405124,122.886208,25.514353,0.039564,0.994026,0.001699,0.101705,3.948061,136.572998,25.762054,-0.073213,0.880070,0.144894,0.446232,-0.349550,117.454063,23.077709,-0.600353,0.462682,-0.284842,0.586828,-10.178555,117.461502,9.663021,0.621560,-0.265790,0.290363,-0.677280,-0.031234,95.415535,4.682836,0.571242,-0.087241,0.587645,-0.566344,13.112259,81.631477,4.700456,-0.087028,0.911366,0.088049,0.392537,4.989640,117.419197,27.659447,0.558904,0.814546,0.155240,-0.006512,16.242985,118.907654,39.813046,0.614713,0.683252,0.324070,-0.224216,25.537754,96.400085,35.251072,-0.808587,-0.466108,-0.245303,0.262214,28.157917,83.734383,22.400740,0.060570,0.918770,0.130781,0.367547,0.037873,82.632156,15.732569,0.068216,0.986602,0.028245,0.145482,-0.493397,49.053314,5.753413,-0.013154,0.969286,0.138819,0.202586,-6.300327,3.608483,2.280779,-0.027727,0.933879,-0.127466,0.332948,14.074492,83.300766,26.377138,0.061531,0.921242,-0.097119,0.371612,12.915133,49.458740,35.364777,-0.060721,0.867883,0.079840,0.486536,4.389854,4.727626,41.485195,-0.013154,0.969286,0.138819,0.202586,-0.687728,1.730442,-10.857409,-0.060721,0.867883,0.079840,0.486536,16.476564,1.727032,34.236179
45,0.375000,-0.048927,0.943758,0.086610,0.315317,7.053441,82.972450,21.047501,-0.049967,0.935658,0.083619,0.339197,5.991165,90.057281,22.006083,-0.017664,0.936146,0.054915,0.346847,3.678377,105.160141,23.893202,0.041765,0.970040,0.058201,0.232145,2.408379,122.886696,25.509340,0.039461,0.994015,0.001780,0.101855,3.948764,136.573792,25.756014,-0.073169,0.880020,0.144886,0.446340,-0.346423,117.454788,23.072302,-0.600367,0.462715,-0.284769,0.586822,-10.172444,117.464043,9.655436,0.621518,-0.265778,0.290433,-0.677293,-0.024574,95.418968,4.672445,0.571202,-0.087025,0.587600,-0.566463,13.115629,81.635735,4.691450,-0.086954,0.911376,0.087958,0.392550,4.992019,117.419456,27.654903,0.558931,0.814548,0.155134,-0.006476,16.245457,118.906845,39.808540,0.614799,0.683098,0.324179,-0.224296,25.538731,96.397820,35.250751,-0.808226,-0.466531,-0.245791,0.262120,28.153107,83.738350,22.399321,0.060496,0.918701,0.130666,0.367771,0.033919,82.639870,15.726709,0.068182,0.986668,0.028333,0.145034,-0.493140,49.058296,5.756540,-0.013078,0.969309,0.138732,0.202538,-6.297389,3.613496,2.279024,-0.027709,0.933805,-0.127570,0.333117,14.072964,83.305023,26.368290,0.061411,0.921134,-0.097112,0.371900,12.908344,49.464806,35.362038,-0.060682,0.867867,0.079776,0.486580,4.391489,4.732209,41.483353,-0.013078,0.969309,0.138732,0.202538,-0.686690,1.732592,-10.859561,-0.060682,0.867867,0.079776,0.486580,16.478472,1.729516,34.235676
46,0.383333,-0.048879,0.943693,0.086526,0.315544,7.055460,82.973267,21.044785,-0.049932,0.935640,0.083566,0.339266,5.993982,90.058372,22.002203,-0.017562,0.936142,0.054974,0.346853,3.682626,105.161560,23.888012,0.041483,0.970043,0.058338,0.232148,2.415309,122.888008,25.507372,0.039302,0.994017,0.001742,0.101892,3.947332,136.576004,25.755951,-0.073127,0.880022,0.144862,0.446350,-0.340316,117.456963,23.069349,-0.600178,0.462674,-0.284761,0.587052,-10.166220,117.467133,9.652398,0.621237,-0.265595,0.290450,-0.677615,-0.016271,95.424591,4.662420,0.570744,-0.086664,0.588054,-0.566510,13.122460,81.649567,4.680165,-0.086954,0.911338,0.087897,0.392652,4.998122,117.419991,27.651941,0.558996,0.814493,0.155190,-0.006450,16.248892,118.907784,39.807999,0.614779,0.683105,0.324201,-0.224295,25.538593,96.397476,35.249226,-0.808069,-0.466634,-0.245940,0.262280,28.153442,83.740738,22.399763,0.060412,0.918765,0.130775,0.367586,0.038373,82.641426,15.720738,0.068996,0.986321,0.027838,0.147092,-0.482456,49.061127,5.745933,-0.013022,0.969074,0.138437,0.203864,-6.359638,3.624031,2.290263,-0.027641,0.933705,-0.127617,0.333384,14.072546,83.305107,26.368830,0.061314,0.921077,-0.097057,0.372073,12.899817,49.465458,35.363655,-0.060791,0.867834,0.079816,0.486620,4.391872,4.730776,41.482098,-0.013022,0.969074,0.138437,0.203864,-0.715147,1.733910,-10.832519,-0.060791,0.867834,0.079816,0.486620,16.480354,1.730616,34.235867
47,0.391667,-0.048852,0.943691,0.086975,0.315429,7.052615,82.981323,21.032444,-0.049744,0.935660,0.083564,0.339239,5.989604,90.065346,21.996180,-0.017518,0.936145,0.054949,0.346851,3.684692,105.162788,23.883184,0.041426,0.970036,0.058320,0.232189,2.419147,122.889389,25.502247,0.039093,0.994015,0.001877,0.101993,3.949822,136.577560,25.750107,-0.073080,0.880033,0.144831,0.446346,-0.337039,117.458580,23.064344,-0.600114,0.462625,-0.284772,0.587151,-10.163301,117.469620,9.647660,0.621157,-0.265541,0.290445,-0.677712,-0.011393,95.428307,4.656253,0.570626,-0.086946,0.587786,-0.566863,13.129097,81.653801,4.673411,-0.086893,0.911331,0.087907,0.392679,5.001438,117.421150,27.646887,0.559041,0.814496,0.155009,-0.006513,16.251839,118.906845,39.803539,0.614682,0.683201,0.324194,-0.224279,25.539017,96.395065,35.246899,-0.808439,-0.466117,-0.245709,0.262276,28.158072,83.740379,22.400452,0.060422,0.918416,0.130536,0.368540,0.034212,82.652245,15.709961,0.068977,0.986349,0.027893,0.146900,-0.483243,49.067680,5.749372,-0.013018,0.969097,0.138320,0.203835,-6.358598,3.630623,2.290115,-0.027647,0.933674,-0.127862,0.333376,14.071017,83.310402,26.354927,0.061259,0.921044,-0.097020,0.372173,12.892942,49.475155,35.365589,-0.060271,0.867862,0.079795,0.486637,4.390204,4.739210,41.481976,-0.013018,0.969097,0.138320,0.203835,-0.715055,1.737186,-10.832593,-0.060271,0.867862,0.079795,0.486637,16.475328,1.731213,34.233402
48,0.400000,-0.048885,0.943690,0.087059,0.315404,7.055356,82.982208,21.025320,-0.049747,0.935639,0.083620,0.339283,5.991543,90.065971,21.990074,-0.017446,0.936122,0.054980,0.346912,3.685919,105.162834,23.878510,0.041397,0.970003,0.058333,0.232333,2.422304,122.889397,25.499422,0.038838,0.994001,0.001852,0.102223,3.952317,136.577637,25.747772,-0.073067,0.879972,0.144861,0.446459,-0.334240,117.459198,23.060575,-0.599903,0.462553,-0.284964,0.587330,-10.157226,117.471741,9.641486,0.621001,-0.265381,0.290293,-0.677983,-0.007466,95.429268,4.650818,0.570324,-0.087578,0.587511,-0.567355,13.137880,81.662910,4.664073,-0.086883,0.911340,0.087892,0.392665,5.003683,117.420624,27.643755,0.559047,0.814464,0.155162,-0.006353,16.254517,118.906296,39.800014,0.614712,0.683124,0.324301,-0.224276,25.541454,96.393982,35.245544,-0.808306,-0.466271,-0.245813,0.262313,28.158995,83.742104,22.398031,0.060512,0.918383,0.130425,0.368647,0.036723,82.653015,15.703142,0.068892,0.986324,0.027861,0.147113,-0.488249,49.067181,5.747219,-0.013000,0.969106,0.138393,0.203744,-6.355617,3.628883,2.290759,-0.027593,0.933609,-0.128018,0.333503,14.073989,83.311394,26.347498,0.061173,0.921004,-0.096987,0.372294,12.887534,49.478737,35.366791,-0.060727,0.867879,0.079609,0.486581,4.392326,4.741225,41.482224,-0.013000,0.969106,0.138393,0.203744,-0.714488,1.737443,-10.833280,-0.060727,0.867879,0.079609,0.486581,16.479176,1.735051,34.235760
49,0.408333,-0.048752,0.943676,0.087222,0.315423,7.051776,82.983017,21.015974,-0.049636,0.935635,0.083625,0.339310,5.989025,90.066559,21.983528,-0.017312,0.936120,0.054921,0.346935,3.686359,105.164513,23.873302,0.041436,0.970002,0.058343,0.232327,2.427895,122.891472,25.493887,0.038509,0.994019,0.001914,0.102172,3.958862,136.579590,25.742737,-0.073109,0.879970,0.144812,0.446472,-0.330164,117.462036,23.055038,-0.599819,0.462534,-0.285014,0.587406,-10.152535,117.472717,9.635499,0.620867,-0.265361,0.290296,-0.678112,-0.003312,95.430206,4.643942,0.570168,-0.087613,0.587475,-0.567544,13.142151,81.664398,4.654981,-0.086864,0.911327,0.088188,0.392633,5.007599,117.421974,27.638393,0.559099,0.814453,0.155028,-0.006408,16.259388,118.903267,39.794304,0.614771,0.683047,0.324272,-0.224392,25.543398,96.389511,35.240952,-0.808083,-0.466585,-0.245972,0.262293,28.155842,83.741638,22.393785,0.060300,0.918526,0.130469,0.368310,0.033125,82.656990,15.693625,0.068937,0.986400,0.027830,0.146588,-0.480782,49.070148,5.740526,-0.012975,0.969114,0.138306,0.203767,-6.354471,3.632265,2.289407,-0.027624,0.933520,-0.128167,0.333692,14.070427,83.309044,26.338322,0.061129,0.920934,-0.096907,0.372495,12.880588,49.479187,35.367672,-0.060776,0.867792,0.079664,0.486721,4.390451,4.739767,41.476189,-0.012975,0.969114,0.138306,0.203767,-0.713026,1.738217,-10.834117,-0.060776,0.867792,0.079664,0.486721,16.480059,1.735689,34.233456
50,0.416667,-0.048687,0.943665,0.087231,0.315462,7.050896,82.984383,21.011530,-0.049646,0.935601,0.083612,0.339403,5.988946,90.067993,21.979458,-0.017307,0.936081,0.054887,0.347045,3.685945,105.165970,23.868534,0.041439,0.969990,0.058310,0.232385,2.427883,122.893074,25.487896,0.038403,0.994023,0.002053,0.102177,3.959225,136.581161,25.736015,-0.073132,0.879905,0.144835,0.446589,-0.329842,117.463638,23.048685,-0.599857,0.462546,-0.284969,0.587380,-10.148643,117.474686,9.626536,0.620832,-0.265335,0.290399,-0.678110,0.001308,95.432640,4.634412,0.570038,-0.087530,0.587557,-0.567602,13.144225,81.665955,4.648190,-0.086739,0.911346,0.088168,0.392621,5.006841,117.423569,27.633295,0.559106,0.814475,0.154888,-0.006435,16.259666,118.901421,39.788662,0.614754,0.683031,0.324267,-0.224493,25.543266,96.386955,35.238010,-0.807989,-0.466712,-0.246035,0.262298,28.154701,83.741508,22.389311,0.060243,0.918594,0.130470,0.368150,0.032571,82.659546,15.688684,0.068927,0.986368,0.027784,0.146816,-0.479355,49.072258,5.736998,-0.013037,0.969146,0.138249,0.203649,-6.352015,3.634021,2.288777,-0.027591,0.933476,-0.128234,0.333794,14.069221,83.309212,26.334375,0.061031,0.920939,-0.096919,0.372495,12.874714,49.480427,35.367119,-0.060711,0.867871,0.079657,0.486589,4.392417,4.740119,41.480038,-0.013037,0.969146,0.138249,0.203649,-0.713250,1.738752,-10.835718,-0.060711,0.867871,0.079657,0.486589,16.479412,1.734910,34.233425
51,0.425000,-0.048639,0.943666,0.087405,0.315420,7.049474,82.988319,21.002544,-0.049518,0.935599,0.083547,0.339443,5.987433,90.071556,21.973097,-0.017303,0.936056,0.054929,0.347107,3.689554,105.164574,23.860853,0.041382,0.969955,0.058489,0.232497,2.430994,122.891525,25.481569,0.038124,0.994018,0.002055,0.102327,3.959849,136.579803,25.734413,-0.073037,0.879834,0.144928,0.446714,-0.326326,117.462242,23.041534,-0.599709,0.462513,-0.285176,0.587457,-10.141866,117.478241,9.617008,0.620781,-0.265326,0.290460,-0.678135,0.003786,95.433472,4.628140,0.570075,-0.087634,0.587520,-0.567587,13.146132,81.665123,4.642796,-0.086765,0.911306,0.088220,0.392696,5.009761,117.421875,27.626833,0.559145,0.814448,0.154888,-0.006408,16.260471,118.899498,39.784180,0.614647,0.683135,0.324219,-0.224537,25.541925,96.383980,35.234344,-0.807991,-0.466600,-0.245917,0.262601,28.157352,83.739159,22.386208,0.060353,0.918300,0.130246,0.368943,0.030606,82.665192,15.680313,0.068848,0.986376,0.027841,0.146788,-0.485721,49.074745,5.739523,-0.012952,0.969147,0.138264,0.203642,-6.350520,3.635794,2.287329,-0.027599,0.933446,-0.128449,0.333792,14.068341,83.311447,26.324776,0.061032,0.921003,-0.096828,0.372363,12.869217,49.486561,35.371506,-0.060788,0.867835,0.079559,0.486659,4.390799,4.744643,41.478001,-0.012952,0.969147,0.138264,0.203642,-0.712559,1.740489,-10.837505,-0.060788,0.867835,0.079559,0.486659,16.479198,1.738148,34.234268
52,0.433333,-0.048674,0.943648,0.087577,0.315419,7.051393,82.992973,20.994331,-0.049570,0.935568,0.083568,0.339517,5.988105,90.075722,21.967043,-0.017138,0.936029,0.054928,0.347188,3.688700,105.166245,23.854378,0.041279,0.969948,0.058506,0.232539,2.435545,122.893394,25.477024,0.038026,0.994019,0.002111,0.102354,3.961609,136.581985,25.729763,-0.072956,0.879782,0.144797,0.446873,-0.323135,117.465294,23.035919,-0.599535,0.462506,-0.285388,0.587537,-10.134337,117.482613,9.608224,0.620706,-0.265249,0.290483,-0.678223,0.005648,95.434723,4.621598,0.569982,-0.087815,0.587509,-0.567663,13.148678,81.667725,4.637050,-0.086666,0.911258,0.088198,0.392834,5.012243,117.422661,27.622026,0.559018,0.814481,0.155174,-0.006308,16.259911,118.897034,39.782585,0.614836,0.682936,0.324272,-0.224549,25.548468,96.385040,35.229805,-0.807823,-0.466893,-0.245998,0.262521,28.154778,83.742783,22.381842,0.060321,0.918305,0.130148,0.368969,0.032565,82.670227,15.672021,0.068835,0.986403,0.027858,0.146612,-0.484032,49.077717,5.738206,-0.012924,0.969158,0.138262,0.203594,-6.348061,3.638685,2.285727,-0.027522,0.933368,-0.128514,0.333991,14.070220,83.315720,26.316639,0.060879,0.920850,-0.096868,0.372754,12.862666,49.491703,35.365509,-0.060647,0.867856,0.079549,0.486642,4.393170,4.748783,41.477074,-0.012924,0.969158,0.138262,0.203594,-0.711554,1.743167,-10.839704,-0.060647,0.867856,0.079549,0.486642,16.480293,1.740042,34.232132
53,0.441667,-0.049094,0.943686,0.087914,0.315147,7.063667,83.003395,20.974337,-0.049611,0.935529,0.083907,0.339534,5.993441,90.084709,21.949972,-0.017008,0.935984,0.054948,0.347311,3.690091,105.168465,23.845903,0.041196,0.969934,0.058549,0.232601,2.440801,122.895691,25.470676,0.037882,0.994023,0.002131,0.102364,3.964450,136.584549,25.724190,-0.072901,0.879672,0.144960,0.447046,-0.318583,117.468582,23.028145,-0.599475,0.462521,-0.285515,0.587524,-10.124925,117.491028,9.596904,0.620665,-0.265267,0.290655,-0.678180,0.010730,95.440536,4.613032,0.569923,-0.087948,0.587524,-0.567688,13.149802,81.669357,4.632092,-0.086609,0.911166,0.087875,0.393133,5.015653,117.424049,27.615564,0.558965,0.814506,0.155235,-0.006381,16.255852,118.899773,39.782871,0.614727,0.683050,0.324262,-0.224516,25.547276,96.389816,35.225868,-0.807696,-0.466872,-0.246207,0.262755,28.158495,83.749664,22.381773,0.060398,0.918304,0.129956,0.369028,0.042533,82.675087,15.655406,0.068775,0.986461,0.027827,0.146251,-0.483464,49.079723,5.731757,-0.013203,0.969178,0.138210,0.203514,-6.343797,3.639779,2.285049,-0.027373,0.933360,-0.128970,0.333851,14.084801,83.331703,26.293268,0.060842,0.920818,-0.096778,0.372863,12.858012,49.515350,35.368145,-0.060543,0.867875,0.079007,0.486709,4.393939,4.770422,41.472446,-0.013203,0.969178,0.138210,0.203514,-0.707365,1.744406,-10.840436,-0.060543,0.867875,0.079007,0.486709,16.479952,1.746909,34.231804
54,0.450000,-0.049053,0.943693,0.087906,0.315135,7.061665,83.006264,20.968079,-0.049530,0.935505,0.083833,0.339632,5.992046,90.087654,21.943811,-0.016926,0.935937,0.054990,0.347435,3.691712,105.171227,23.838152,0.041161,0.969923,0.058537,0.232656,2.444424,122.898392,25.465149,0.037729,0.994030,0.002209,0.102357,3.967292,136.587341,25.718248,-0.072809,0.879642,0.144891,0.447140,-0.315078,117.472015,23.021139,-0.599329,0.462486,-0.285702,0.587610,-10.119043,117.496643,9.588168,0.620527,-0.265266,0.290786,-0.678250,0.012956,95.443901,4.606832,0.569754,-0.087965,0.587835,-0.567532,13.149005,81.670128,4.626745,-0.086505,0.911129,0.087847,0.393248,5.017986,117.426094,27.609903,0.558938,0.814495,0.155389,-0.006297,16.255756,118.898605,39.779835,0.614674,0.683052,0.324312,-0.224583,25.548727,96.389427,35.222179,-0.807712,-0.466871,-0.246022,0.262879,28.160976,83.752914,22.377098,0.060410,0.918314,0.129812,0.369051,0.040330,82.678566,15.649378,0.068760,0.986420,0.027834,0.146533,-0.489959,49.080696,5.734448,-0.012891,0.969146,0.138342,0.203594,-6.347792,3.640595,2.285594,-0.027379,0.933283,-0.128951,0.334074,14.082999,83.333954,26.286781,0.060720,0.920654,-0.096852,0.373268,12.854898,49.517281,35.360271,-0.060559,0.867873,0.078980,0.486715,4.395927,4.772300,41.471291,-0.012891,0.969146,0.138342,0.203594,-0.711434,1.747176,-10.840205,-0.060559,0.867873,0.078980,0.486715,16.482071,1.748355,34.231056
55,0.458333,-0.048610,0.943611,0.087561,0.315544,7.051893,82.998947,20.973137,-0.049459,0.935469,0.083500,0.339823,5.989418,90.081833,21.945784,-0.016893,0.935900,0.055024,0.347531,3.693282,105.172966,23.831614,0.041105,0.969913,0.058514,0.232712,2.446509,122.900047,25.460035,0.037658,0.994029,0.002271,0.102385,3.968106,136.589142,25.712320,-0.072758,0.879565,0.144847,0.447316,-0.312758,117.474022,23.014957,-0.599312,0.462231,-0.285716,0.587822,-10.111742,117.500534,9.578358,0.620207,-0.265479,0.291189,-0.678288,0.031525,95.452347,4.599754,0.569548,-0.087867,0.588085,-0.567495,13.149576,81.670975,4.619778,-0.086504,0.911128,0.087825,0.393255,5.019379,117.427422,27.604792,0.558937,0.814509,0.155324,-0.006337,16.256969,118.900131,39.774860,0.614767,0.683004,0.324223,-0.224602,25.550011,96.390938,35.217384,-0.807710,-0.466871,-0.246012,0.262897,28.157711,83.752907,22.373363,0.060284,0.918266,0.130057,0.369106,0.034350,82.677391,15.649062,0.068826,0.986443,0.027682,0.146383,-0.480804,49.082912,5.721854,-0.013013,0.969188,0.138243,0.203454,-6.347177,3.642869,2.286796,-0.027644,0.933323,-0.128833,0.333985,14.069435,83.320503,26.297211,0.060927,0.920792,-0.096761,0.372917,12.862306,49.502724,35.369404,-0.060763,0.867790,0.079283,0.486788,4.391254,4.758441,41.468800,-0.013013,0.969188,0.138243,0.203454,-0.713678,1.747381,-10.839929,-0.060763,0.867790,0.079283,0.486788,16.480827,1.744860,34.229969
56,0.466667,-0.048956,0.943641,0.088005,0.315278,7.060300,83.012383,20.951540,-0.049358,0.935445,0.083815,0.339826,5.991406,90.093658,21.928898,-0.016823,0.935860,0.055042,0.347639,3.696205,105.175186,23.823734,0.041063,0.969901,0.058587,0.232754,2.451353,122.902275,25.453472,0.037573,0.994035,0.002254,0.102357,3.971425,136.591507,25.707542,-0.072765,0.879501,0.144904,0.447421,-0.308071,117.476830,23.007298,-0.599234,0.462559,-0.285813,0.587596,-10.103905,117.504631,9.568402,0.620370,-0.265227,0.291151,-0.678253,0.021616,95.448875,4.587220,0.569404,-0.087853,0.588243,-0.567478,13.149216,81.669380,4.615039,-0.086485,0.911105,0.087846,0.393309,5.023043,117.429123,27.598307,0.559003,0.814490,0.155177,-0.006398,16.259335,118.900772,39.769707,0.614700,0.683062,0.324110,-0.224774,25.548643,96.389824,35.213314,-0.807616,-0.467063,-0.245811,0.263033,28.156307,83.754387,22.368999,0.060342,0.918263,0.129687,0.369233,0.040396,82.687119,15.630806,0.068709,0.986477,0.027752,0.146194,-0.486867,49.086388,5.725411,-0.012609,0.969205,0.138286,0.203370,-6.342444,3.645217,2.286673,-0.027516,0.933301,-0.129109,0.333951,14.080204,83.337646,26.272276,0.060794,0.920628,-0.096824,0.373327,12.858507,49.524349,35.359215,-0.060464,0.867844,0.078777,0.486811,4.393893,4.779685,41.464741,-0.012609,0.969205,0.138286,0.203370,-0.714074,1.748710,-10.842104,-0.060464,0.867844,0.078777,0.486811,16.480373,1.749469,34.227695
57,0.475000,-0.048531,0.943575,0.087600,0.315654,7.049533,83.007301,20.957003,-0.049272,0.935423,0.083500,0.339976,5.987852,90.090195,21.930426,-0.016760,0.935840,0.055047,0.347695,3.697419,105.177841,23.817339,0.040987,0.969913,0.058562,0.232721,2.454521,122.904991,25.447958,0.037600,0.994045,0.002321,0.102252,3.972701,136.594467,25.700798,-0.072723,0.879445,0.144850,0.447555,-0.305282,117.480019,23.001160,-0.599675,0.462789,-0.285744,0.586998,-10.097319,117.509033,9.559502,0.620558,-0.265407,0.290832,-0.678148,0.019554,95.446777,4.589526,0.569249,-0.087972,0.588527,-0.567320,13.150930,81.670158,4.608274,-0.086447,0.911093,0.087833,0.393346,5.025310,117.431404,27.592766,0.559008,0.814470,0.155272,-0.006379,16.260845,118.901917,39.764999,0.614716,0.683060,0.324052,-0.224819,25.549936,96.391258,35.206749,-0.807637,-0.467095,-0.245583,0.263122,28.156042,83.756111,22.363035,0.060250,0.918227,0.129833,0.369287,0.033079,82.687492,15.631387,0.068760,0.986463,0.027687,0.146274,-0.483858,49.088642,5.719057,-0.012968,0.969212,0.138092,0.203447,-6.344604,3.647786,2.285076,-0.027756,0.933281,-0.128863,0.334081,14.065987,83.327110,26.282618,0.060882,0.920736,-0.096839,0.373043,12.864582,49.510296,35.359184,-0.060787,0.867803,0.078998,0.486809,4.393919,4.766891,41.465530,-0.012968,0.969212,0.138092,0.203447,-0.711811,1.747771,-10.841298,-0.060787,0.867803,0.078998,0.486809,16.483215,1.746659,34.229012
58,0.483333,-0.048922,0.943601,0.088153,0.315361,7.057928,83.022141,20.934185,-0.049161,0.935414,0.083825,0.339937,5.988740,90.103081,21.913603,-0.016675,0.935820,0.055030,0.347757,3.699702,105.179527,23.809837,0.040962,0.969901,0.058630,0.232758,2.459743,122.906830,25.440884,0.037479,0.994048,0.002332,0.102262,3.976855,136.596375,25.695484,-0.072654,0.879453,0.144710,0.447598,-0.300726,117.482437,22.993576,-0.599333,0.462715,-0.285660,0.587446,-10.091840,117.511559,9.551242,0.620424,-0.265213,0.291421,-0.678093,0.030833,95.455444,4.565832,0.569110,-0.088020,0.588700,-0.567273,13.151407,81.671890,4.602577,-0.086476,0.911064,0.087811,0.393412,5.029306,117.432724,27.585823,0.559083,0.814434,0.155188,-0.006371,16.262949,118.904152,39.759697,0.614691,0.683088,0.323972,-0.224919,25.547859,96.391335,35.203506,-0.807586,-0.467184,-0.245432,0.263264,28.153233,83.757851,22.360285,0.060273,0.918118,0.129584,0.369642,0.038883,82.698425,15.612218,0.068754,0.986456,0.027662,0.146332,-0.482284,49.095230,5.714854,-0.012867,0.969234,0.137963,0.203435,-6.342660,3.654170,2.282896,-0.027652,0.933239,-0.129121,0.334107,14.076972,83.345863,26.256153,0.060748,0.920541,-0.096923,0.373524,12.862356,49.533318,35.346855,-0.060467,0.867815,0.078465,0.486912,4.396945,4.789910,41.460503,-0.012867,0.969234,0.137963,0.203435,-0.711082,1.749967,-10.843394,-0.060467,0.867815,0.078465,0.486912,16.484238,1.752114,34.227982
59,0.491667,-0.048883,0.943582,0.088095,0.315440,7.057312,83.026436,20.928371,-0.049062,0.935394,0.083806,0.340012,5.988826,90.107582,21.907095,-0.016654,0.935791,0.055040,0.347834,3.702981,105.182350,23.803370,0.040911,0.969893,0.058681,0.232788,2.463476,122.909637,25.434906,0.037446,0.994052,0.002324,0.102244,3.978952,136.599350,25.690624,-0.072632,0.879389,0.144723,0.447721,-0.296815,117.485451,22.986937,-0.599512,0.462877,-0.285825,0.587055,-10.084351,117.516159,9.541999,0.620491,-0.265275,0.291136,-0.678129,0.026202,95.451859,4.568254,0.569022,-0.087923,0.588836,-0.567235,13.150631,81.674377,4.597046,-0.086448,0.911032,0.087787,0.393498,5.032469,117.435349,27.580050,0.559034,0.814454,0.155265,-0.006277,16.264023,118.905876,39.755966,0.614746,0.682970,0.324050,-0.225013,25.551723,96.393814,35.201817,-0.807631,-0.467179,-0.245312,0.263246,28.153225,83.762650,22.354172,0.060230,0.918115,0.129547,0.369668,0.039077,82.703178,15.605309,0.068704,0.986538,0.027702,0.145791,-0.480069,49.098961,5.711322,-0.012719,0.969260,0.137895,0.203366,-6.337265,3.657478,2.279595,-0.027690,0.933202,-0.129034,0.334243,14.075546,83.349701,26.251434,0.060691,0.920428,-0.097012,0.373788,12.864182,49.535717,35.337227,-0.060454,0.867839,0.078354,0.486890,4.398806,4.793257,41.457855,-0.012719,0.969260,0.137895,0.203366,-0.708647,1.750549,-10.847569,-0.060454,0.867839,0.078354,0.486890,16.485357,1.752543,34.225319
60,0.500000,-0.048802,0.943582,0.088165,0.315433,7.053568,83.028862,20.919327,-0.048932,0.935391,0.083712,0.340062,5.985886,90.109947,21.899389,-0.016550,0.935769,0.055103,0.347888,3.704855,105.184280,23.794100,0.040876,0.969884,0.058678,0.232832,2.467948,122.911453,25.428940,0.037335,0.994050,0.002400,0.102295,3.982578,136.601257,25.684467,-0.072724,0.879223,0.144901,0.447975,-0.292938,117.488159,22.979639,-0.599236,0.462853,-0.286182,0.587182,-10.072483,117.520462,9.528899,0.620353,-0.265170,0.291257,-0.678245,0.029087,95.451042,4.559624,0.568917,-0.087854,0.589030,-0.567150,13.150169,81.675926,4.591238,-0.086450,0.910990,0.087823,0.393588,5.035867,117.436340,27.573284,0.559100,0.814421,0.155198,-0.006296,16.265074,118.906067,39.751453,0.614639,0.683017,0.324073,-0.225129,25.549114,96.392372,35.197891,-0.807677,-0.467194,-0.245111,0.263266,28.153341,83.765244,22.348614,0.060185,0.918032,0.129504,0.369897,0.035115,82.707344,15.596449,0.068664,0.986504,0.027606,0.146055,-0.479814,49.101959,5.706201,-0.012808,0.969299,0.137844,0.203213,-6.333754,3.659481,2.282133,-0.027841,0.933118,-0.129007,0.334475,14.072021,83.350388,26.242203,0.060688,0.920331,-0.097106,0.374004,12.868917,49.536514,35.329498,-0.060431,0.867817,0.078294,0.486941,4.399202,4.795694,41.456074,-0.012808,0.969299,0.137844,0.203213,-0.708541,1.751650,-10.846360,-0.060431,0.867817,0.078294,0.486941,16.486244,1.753200,34.225117
61,0.508333,-0.048829,0.943631,0.088776,0.315111,7.045381,83.039719,20.901409,-0.048528,0.935395,0.083791,0.340089,5.974916,90.119202,21.889971,-0.016574,0.935713,0.055011,0.348051,3.705442,105.188629,23.790409,0.040962,0.969851,0.058726,0.232941,2.468568,122.916138,25.421694,0.037282,0.994050,0.002383,0.102313,3.985334,136.605682,25.679287,-0.072713,0.879159,0.144830,0.448126,-0.291650,117.492508,22.972385,-0.599229,0.462918,-0.286209,0.587125,-10.066736,117.524956,9.518393,0.620339,-0.265119,0.291389,-0.678221,0.031064,95.453766,4.549256,0.568780,-0.087801,0.589172,-0.567147,13.150075,81.677017,4.585419,-0.086244,0.911003,0.087788,0.393611,5.035552,117.441322,27.567905,0.559148,0.814410,0.155077,-0.006323,16.265348,118.905258,39.746239,0.614649,0.682981,0.324086,-0.225191,25.546669,96.390060,35.194572,-0.807618,-0.467297,-0.245175,0.263202,28.149172,83.765388,22.344715,0.059981,0.917917,0.129354,0.370268,0.023399,82.720596,15.583035,0.068658,0.986570,0.027685,0.145601,-0.478408,49.110775,5.707179,-0.012819,0.969320,0.137581,0.203287,-6.332351,3.668615,2.278764,-0.028029,0.933051,-0.129177,0.334579,14.067362,83.358841,26.219782,0.060498,0.920368,-0.097166,0.373928,12.871471,49.548767,35.322144,-0.060364,0.868026,0.077981,0.486628,4.416246,4.806894,41.461079,-0.012819,0.969320,0.137581,0.203287,-0.705428,1.753378,-10.847921,-0.060364,0.868026,0.077981,0.486628,16.496881,1.755623,34.223103
62,0.516667,-0.048770,0.943567,0.088486,0.315395,7.046184,83.038086,20.897114,-0.048569,0.935365,0.083757,0.340174,5.977532,90.118393,21.881712,-0.016467,0.935708,0.055054,0.348063,3.707185,105.187141,23.780441,0.040892,0.969857,0.058745,0.232925,2.473350,122.914597,25.414452,0.037255,0.994054,0.002397,0.102288,3.988113,136.604355,25.672098,-0.072554,0.879091,0.144925,0.448255,-0.287770,117.491829,22.964270,-0.599191,0.463027,-0.286217,0.587075,-10.059784,117.531136,9.508074,0.620621,-0.265183,0.291716,-0.677797,0.032801,95.458092,4.536623,0.569298,-0.088727,0.587964,-0.567737,13.150904,81.665245,4.586295,-0.086281,0.910940,0.087673,0.393773,5.039361,117.439011,27.559847,0.559180,0.814376,0.155143,-0.006253,16.264679,118.904922,39.742062,0.614702,0.682906,0.324154,-0.225181,25.544277,96.388855,35.191158,-0.807558,-0.467357,-0.245272,0.263189,28.144703,83.764603,22.339626,0.060036,0.917884,0.129368,0.370337,0.027253,82.718834,15.574730,0.068695,0.986521,0.027520,0.145944,-0.476975,49.109734,5.696574,-0.012799,0.969312,0.137594,0.203320,-6.335341,3.667217,2.280522,-0.028127,0.933067,-0.128992,0.334600,14.065114,83.357330,26.219500,0.060708,0.920174,-0.097280,0.374340,12.879787,49.544300,35.312233,-0.060373,0.867807,0.077959,0.487020,4.400255,4.806819,41.449600,-0.012799,0.969312,0.137594,0.203320,-0.707706,1.752238,-10.845890,-0.060373,0.867807,0.077959,0.487020,16.487247,1.755326,34.222351
63,0.525000,-0.048303,0.943463,0.087757,0.315980,7.035872,83.025322,20.908007,-0.048519,0.935221,0.083625,0.340608,5.976240,90.108147,21.884245,-0.016593,0.935566,0.054822,0.348476,3.705327,105.194046,23.780762,0.040923,0.969782,0.058743,0.233233,2.469421,122.922264,25.404961,0.037366,0.994033,0.002457,0.102452,3.985439,136.611862,25.663462,-0.072469,0.879106,0.144695,0.448313,-0.289323,117.498192,22.954977,-0.599323,0.462911,-0.286166,0.587056,-10.060019,117.536781,9.497820,0.620485,-0.265342,0.291907,-0.677777,0.039316,95.465889,4.530519,0.569110,-0.088885,0.587990,-0.567874,13.149750,81.666145,4.579260,-0.085982,0.910998,0.087684,0.393702,5.033704,117.447815,27.555334,0.559172,0.814410,0.154995,-0.006286,16.262604,118.904900,39.735310,0.614584,0.683067,0.324115,-0.225069,25.542625,96.388435,35.187237,-0.808406,-0.466037,-0.244746,0.263418,28.150494,83.760201,22.337748,0.059961,0.917958,0.129646,0.370068,0.022653,82.710770,15.577819,0.068684,0.986589,0.027429,0.145505,-0.472314,49.106083,5.684182,-0.012791,0.969306,0.137717,0.203264,-6.332375,3.662959,2.279127,-0.028414,0.933083,-0.128594,0.334684,14.049092,83.339874,26.238197,0.060817,0.920306,-0.097297,0.373993,12.891151,49.520809,35.312004,-0.060582,0.867793,0.078433,0.486942,4.404187,4.784841,41.450134,-0.012791,0.969306,0.137717,0.203264,-0.706092,1.751443,-10.848372,-0.060582,0.867793,0.078433,0.486942,16.492680,1.747882,34.219273
64,0.533333,-0.048257,0.943466,0.087748,0.315979,7.029045,83.029892,20.899578,-0.048491,0.935278,0.083351,0.340523,5.970083,90.112801,21.875910,-0.016252,0.935623,0.055022,0.348307,3.704391,105.190887,23.763952,0.040795,0.969817,0.058734,0.233110,2.477684,122.918724,25.399252,0.037346,0.994034,0.002504,0.102448,3.990177,136.608749,25.656425,-0.072348,0.879038,0.144778,0.448438,-0.284654,117.497444,22.947126,-0.598979,0.462884,-0.286440,0.587295,-10.052202,117.541595,9.487693,0.620019,-0.265116,0.291994,-0.678254,0.040630,95.468056,4.518946,0.568460,-0.087953,0.589005,-0.567619,13.147132,81.677742,4.565564,-0.086158,0.910907,0.087526,0.393910,5.040185,117.441750,27.545326,0.559209,0.814369,0.155084,-0.006192,16.262623,118.905365,39.730480,0.614676,0.682999,0.324118,-0.225020,25.540697,96.387886,35.183437,-0.808350,-0.466024,-0.244836,0.263528,28.145344,83.757912,22.334112,0.059829,0.917872,0.129593,0.370319,0.015736,82.716057,15.569457,0.068695,0.986570,0.027398,0.145634,-0.469482,49.109299,5.682359,-0.012893,0.969342,0.137538,0.203207,-6.330519,3.666157,2.279250,-0.028591,0.933060,-0.128433,0.334794,14.042354,83.343727,26.229698,0.060790,0.920272,-0.097466,0.374039,12.898757,49.522461,35.297134,-0.060631,0.867848,0.078200,0.486876,4.408039,4.789227,41.450005,-0.012893,0.969342,0.137538,0.203207,-0.705186,1.750179,-10.848009,-0.060631,0.867848,0.078200,0.486876,16.495165,1.747227,34.218960
65,0.541667,-0.048698,0.943559,0.088373,0.315459,7.033190,83.044586,20.877485,-0.048388,0.935278,0.083606,0.340477,5.965956,90.125290,21.860806,-0.016134,0.935582,0.055012,0.348425,3.702109,105.192879,23.756105,0.040863,0.969798,0.058732,0.233181,2.479279,122.920898,25.392405,0.037276,0.994035,0.002509,0.102459,3.993702,136.610687,25.650120,-0.072288,0.878971,0.144804,0.448571,-0.283782,117.500458,22.939228,-0.598779,0.463010,-0.286542,0.587349,-10.047659,117.547546,9.477141,0.620300,-0.265038,0.292309,-0.677893,0.036477,95.471100,4.503682,0.568926,-0.088899,0.587948,-0.568100,13.146323,81.666466,4.566545,-0.086016,0.910899,0.087386,0.393989,5.039953,117.443146,27.538687,0.559260,0.814343,0.155037,-0.006156,16.261143,118.904022,39.725319,0.614634,0.682977,0.324154,-0.225147,25.536390,96.384895,35.180672,-0.808176,-0.466290,-0.244859,0.263572,28.140688,83.758888,22.328714,0.059834,0.917808,0.129216,0.370609,0.014848,82.726006,15.554277,0.068606,0.986597,0.027545,0.145468,-0.477567,49.112446,5.690707,-0.012711,0.969351,0.137469,0.203223,-6.329131,3.668925,2.276380,-0.028575,0.933046,-0.128613,0.334765,14.051533,83.363167,26.200693,0.060684,0.920040,-0.097621,0.374586,12.902882,49.545086,35.279350,-0.060358,0.867888,0.077596,0.486936,4.412214,4.813438,41.443790,-0.012711,0.969351,0.137469,0.203223,-0.704807,1.749945,-10.850873,-0.060358,0.867888,0.077596,0.486936,16.496748,1.752783,34.216293
66,0.550000,-0.048229,0.943505,0.088228,0.315733,7.015075,83.040771,20.880688,-0.048192,0.935272,0.083175,0.340625,5.954593,90.122498,21.863913,-0.016078,0.935556,0.054962,0.348506,3.700308,105.194077,23.748823,0.040952,0.969757,0.058754,0.233329,2.479809,122.922348,25.384048,0.037238,0.994016,0.002554,0.102664,3.996653,136.611847,25.643259,-0.072163,0.878872,0.144880,0.448761,-0.283644,117.502213,22.930687,-0.598421,0.462946,-0.286917,0.587582,-10.042442,117.555252,9.464947,0.619857,-0.264814,0.292250,-0.678410,0.033964,95.474693,4.494054,0.568338,-0.087979,0.589021,-0.567720,13.144192,81.681320,4.551125,-0.085913,0.910888,0.087320,0.394052,5.039328,117.444336,27.531021,0.559334,0.814341,0.154777,-0.006199,16.259439,118.902740,39.718933,0.614659,0.682844,0.324145,-0.225498,25.530581,96.380936,35.179195,-0.807265,-0.467644,-0.245390,0.263470,28.127653,83.763252,22.321428,0.059666,0.917712,0.129391,0.370814,-0.001014,82.729668,15.554073,0.068599,0.986593,0.027468,0.145514,-0.475844,49.117886,5.683581,-0.012759,0.969372,0.137354,0.203199,-6.327742,3.673893,2.276092,-0.029033,0.933077,-0.128262,0.334775,14.031163,83.351883,26.207300,0.060895,0.920174,-0.097751,0.374189,12.920648,49.529312,35.274010,-0.060553,0.867855,0.077828,0.486933,4.410474,4.802355,41.445633,-0.012759,0.969372,0.137354,0.203199,-0.703827,1.751952,-10.850901,-0.060553,0.867855,0.077828,0.486933,16.496956,1.750142,34.217827
67,0.558333,-0.048298,0.943394,0.087755,0.316187,7.018534,83.033882,20.881287,-0.048324,0.935162,0.083229,0.340896,5.958766,90.116714,21.857290,-0.016082,0.935476,0.054867,0.348734,3.698304,105.196381,23.742781,0.041110,0.969710,0.058762,0.233496,2.478451,122.925018,25.374512,0.037199,0.994010,0.002595,0.102729,3.999666,136.613998,25.635326,-0.072004,0.878916,0.144756,0.448740,-0.284248,117.504707,22.920691,-0.598585,0.463030,-0.286739,0.587434,-10.044419,117.560318,9.455956,0.619986,-0.264850,0.292278,-0.678266,0.033203,95.480766,4.483045,0.568420,-0.088071,0.588776,-0.567878,13.144976,81.683060,4.542751,-0.085796,0.910876,0.087273,0.394115,5.036479,117.447151,27.523624,0.559342,0.814364,0.154630,-0.006182,16.255611,118.902435,39.712814,0.614628,0.682827,0.324144,-0.225633,25.526300,96.379501,35.177742,-0.807098,-0.467826,-0.245491,0.263565,28.122610,83.764206,22.316765,0.059791,0.917746,0.129440,0.370692,0.007617,82.719788,15.548038,0.068620,0.986533,0.027271,0.145950,-0.475196,49.109943,5.671346,-0.012708,0.969337,0.137584,0.203213,-6.330082,3.665218,2.278805,-0.029122,0.933160,-0.128000,0.334633,14.029450,83.347977,26.214535,0.060980,0.920183,-0.097870,0.374121,12.932377,49.521072,35.266678,-0.060550,0.867839,0.077922,0.486947,4.411422,4.797217,41.445847,-0.012708,0.969337,0.137584,0.203213,-0.705896,1.749486,-10.848978,-0.060550,0.867839,0.077922,0.486947,16.498362,1.747267,34.217846
68,0.566667,-0.048260,0.943360,0.087606,0.316335,7.016348,83.032089,20.876186,-0.048394,0.935116,0.083277,0.341000,5.957616,90.115349,21.850174,-0.015971,0.935448,0.054819,0.348822,3.693871,105.198219,23.736496,0.041223,0.969693,0.058696,0.233560,2.478163,122.927177,25.367874,0.037205,0.994007,0.002620,0.102757,4.002907,136.615784,25.627800,-0.071915,0.878797,0.144788,0.448978,-0.285466,117.507515,22.913618,-0.598019,0.462828,-0.287060,0.588014,-10.038978,117.567657,9.444070,0.619920,-0.264832,0.292983,-0.678030,0.038791,95.489510,4.465227,0.568860,-0.089066,0.587778,-0.568316,13.141650,81.670593,4.543749,-0.085662,0.910874,0.087168,0.394173,5.034452,117.448685,27.517477,0.559391,0.814298,0.154804,-0.006028,16.252842,118.901100,39.707703,0.614669,0.682753,0.324218,-0.225638,25.520924,96.376884,35.173668,-0.806908,-0.468065,-0.245574,0.263644,28.115337,83.762703,22.310862,0.059628,0.917811,0.129547,0.370520,0.007015,82.718048,15.540850,0.068756,0.986596,0.027193,0.145470,-0.464393,49.108768,5.661657,-0.012679,0.969317,0.137574,0.203315,-6.334319,3.665379,2.277286,-0.029239,0.933182,-0.127797,0.334640,14.025681,83.346138,26.211521,0.061009,0.920135,-0.098042,0.374188,12.941000,49.516071,35.253349,-0.060546,0.867848,0.077896,0.486935,4.411356,4.795638,41.445313,-0.012679,0.969317,0.137574,0.203315,-0.707703,1.749154,-10.849390,-0.060546,0.867848,0.077896,0.486935,16.498013,1.745000,34.217133
69,0.575000,-0.048227,0.943398,0.087686,0.316205,7.007772,83.035591,20.870739,-0.048301,0.935087,0.083151,0.341123,5.949269,90.118698,21.846115,-0.015874,0.935379,0.054794,0.349017,3.689779,105.199013,23.729097,0.041286,0.969653,0.058694,0.233717,2.477292,122.928177,25.360632,0.037254,0.993994,0.002591,0.102865,4.003934,136.616562,25.621275,-0.071769,0.878821,0.144701,0.448981,-0.286533,117.509224,22.905066,-0.597924,0.462849,-0.287091,0.588078,-10.040643,117.572281,9.435964,0.619862,-0.264826,0.293118,-0.678026,0.035274,95.493866,4.454588,0.568839,-0.088969,0.587857,-0.568270,13.138795,81.668480,4.535858,-0.085615,0.910846,0.087107,0.394260,5.031516,117.449043,27.511063,0.559533,0.814228,0.154658,-0.006049,16.247875,118.900513,39.703266,0.614491,0.682840,0.324325,-0.225705,25.508039,96.372620,35.171352,-0.806858,-0.468125,-0.245637,0.263632,28.109550,83.761467,22.304745,0.059463,0.917750,0.129588,0.370683,-0.003069,82.722321,15.537341,0.068752,0.986634,0.027189,0.145216,-0.461033,49.112423,5.659645,-0.012637,0.969349,0.137394,0.203287,-6.331537,3.668961,2.277134,-0.029440,0.933217,-0.127606,0.334598,14.018613,83.348862,26.204140,0.061085,0.920184,-0.098222,0.374009,12.951979,49.516212,35.238438,-0.060643,0.867852,0.077648,0.486956,4.411104,4.799870,41.444450,-0.012637,0.969349,0.137394,0.203287,-0.706184,1.747420,-10.849308,-0.060643,0.867852,0.077648,0.486956,16.498087,1.744508,34.218803
70,0.583333,-0.048193,0.943332,0.087378,0.316492,7.006873,83.029861,20.866859,-0.048500,0.935018,0.083318,0.341245,5.949915,90.113792,21.837902,-0.015716,0.935361,0.054674,0.349089,3.681529,105.200623,23.724226,0.041384,0.969631,0.058700,0.233790,2.475662,122.930435,25.353632,0.037346,0.993985,0.002510,0.102924,4.004956,136.618500,25.615232,-0.071693,0.878744,0.144680,0.449152,-0.289926,117.512276,22.898298,-0.597894,0.462892,-0.287207,0.588019,-10.039306,117.578232,9.425791,0.619797,-0.264873,0.293182,-0.678040,0.031342,95.496712,4.447521,0.568764,-0.088942,0.587928,-0.568276,13.133062,81.668442,4.528237,-0.085638,0.910862,0.087389,0.394157,5.027487,117.450562,27.505011,0.559676,0.814138,0.154616,-0.005905,16.246420,118.899368,39.695160,0.614420,0.682832,0.324441,-0.225757,25.498734,96.367050,35.169186,-0.806744,-0.468220,-0.245724,0.263730,28.102673,83.758949,22.299129,0.059566,0.917736,0.129603,0.370697,-0.000827,82.715919,15.529375,0.068730,0.986582,0.026976,0.145618,-0.464849,49.107140,5.648144,-0.012552,0.969333,0.137542,0.203270,-6.334867,3.662339,2.282904,-0.029585,0.933282,-0.127367,0.334495,14.014572,83.343796,26.204344,0.061169,0.920222,-0.098385,0.373858,12.964036,49.507484,35.226784,-0.060593,0.867886,0.077752,0.486885,4.411624,4.795027,41.444874,-0.012552,0.969333,0.137542,0.203270,-0.710405,1.744512,-10.844459,-0.060593,0.867886,0.077752,0.486885,16.497383,1.741494,34.216412
71,0.591667,-0.048179,0.943294,0.087264,0.316638,7.001151,83.029449,20.863724,-0.048418,0.934988,0.083189,0.341370,5.944751,90.113686,21.833124,-0.015667,0.935320,0.054680,0.349202,3.679738,105.202011,23.716412,0.041455,0.969588,0.058759,0.233940,2.475260,122.931847,25.346474,0.037353,0.993967,0.002399,0.103091,4.006280,136.619675,25.610464,-0.071571,0.878796,0.144495,0.449128,-0.290290,117.514099,22.890203,-0.597644,0.462796,-0.287460,0.588225,-10.040946,117.580627,9.418635,0.619624,-0.264868,0.293271,-0.678162,0.026928,95.497383,4.442402,0.568747,-0.089006,0.587888,-0.568325,13.127775,81.666252,4.522164,-0.085376,0.910797,0.087100,0.394429,5.026029,117.451607,27.498161,0.559727,0.814091,0.154683,-0.005928,16.239313,118.895294,39.694099,0.614326,0.682847,0.324487,-0.225901,25.488800,96.362457,35.164955,-0.806616,-0.468457,-0.245616,0.263805,28.094408,83.759193,22.292046,0.059509,0.917781,0.129614,0.370591,-0.004931,82.715370,15.524131,0.068710,0.986640,0.026996,0.145230,-0.466159,49.106319,5.643691,-0.012708,0.969314,0.137494,0.203385,-6.335383,3.661361,2.279206,-0.029734,0.933340,-0.127175,0.334393,14.007232,83.343529,26.203316,0.061258,0.920305,-0.098502,0.373609,12.972027,49.504406,35.216980,-0.060502,0.867834,0.077692,0.486999,4.409807,4.795065,41.443977,-0.012708,0.969314,0.137494,0.203385,-0.706851,1.743015,-10.846328,-0.060502,0.867834,0.077692,0.486999,16.496616,1.738811,34.218441
72,0.600000,-0.048276,0.943305,0.087318,0.316578,6.998017,83.029129,20.857264,-0.048417,0.934971,0.083176,0.341418,5.940124,90.113098,21.827026,-0.015587,0.935292,0.054673,0.349281,3.674964,105.202927,23.710020,0.041621,0.969570,0.058665,0.234009,2.473099,122.932884,25.340757,0.037389,0.993962,0.002395,0.103133,4.009230,136.620163,25.603428,-0.071562,0.878739,0.144447,0.449258,-0.292939,117.515694,22.883783,-0.597432,0.462724,-0.287687,0.588385,-10.039763,117.582550,9.409439,0.619549,-0.264814,0.293359,-0.678213,0.024893,95.497360,4.435317,0.568760,-0.089007,0.588048,-0.568146,13.122383,81.668015,4.517213,-0.085335,0.910762,0.087088,0.394520,5.022638,117.452118,27.492582,0.559715,0.814074,0.154822,-0.005788,16.233782,118.894363,39.690666,0.614257,0.682840,0.324574,-0.225986,25.484001,96.361450,35.163422,-0.806548,-0.468483,-0.245551,0.264024,28.091536,83.760948,22.286465,0.059485,0.917815,0.129610,0.370510,-0.008581,82.713646,15.518432,0.068699,0.986579,0.026871,0.145669,-0.469241,49.104321,5.638891,-0.012605,0.969305,0.137544,0.203399,-6.337663,3.658599,2.283267,-0.029815,0.933365,-0.127102,0.334343,14.004615,83.344612,26.196098,0.061254,0.920288,-0.098621,0.373620,12.976895,49.504524,35.207027,-0.060000,0.867866,0.077772,0.486991,4.410964,4.797292,41.444069,-0.012605,0.969305,0.137544,0.203399,-0.709469,1.741081,-10.842533,-0.060000,0.867866,0.077772,0.486991,16.494387,1.735920,34.215027
73,0.608333,-0.048213,0.943259,0.087061,0.316795,6.991835,83.028320,20.854877,-0.048424,0.934918,0.083176,0.341564,5.935730,90.113022,21.821201,-0.015545,0.935246,0.054682,0.349404,3.669883,105.204010,23.703894,0.041635,0.969565,0.058573,0.234051,2.469074,122.933983,25.335295,0.037644,0.993955,0.002347,0.103103,4.006219,136.621185,25.595707,-0.071467,0.878699,0.144449,0.449349,-0.296779,117.517159,22.877308,-0.597286,0.462732,-0.287888,0.588430,-10.041338,117.587349,9.401343,0.619212,-0.264679,0.293210,-0.678638,0.017253,95.498810,4.429847,0.568283,-0.087984,0.588937,-0.567861,13.116832,81.679344,4.503608,-0.085249,0.910693,0.086768,0.394769,5.017600,117.452881,27.487478,0.559620,0.813991,0.155610,-0.005477,16.222677,118.895782,39.691051,0.614336,0.682772,0.324714,-0.225777,25.478354,96.366829,35.155243,-0.806456,-0.468632,-0.245437,0.264147,28.086048,83.763351,22.278742,0.059457,0.917852,0.129592,0.370431,-0.012439,82.712814,15.512997,0.068656,0.986619,0.026890,0.145418,-0.472647,49.102936,5.635314,-0.012506,0.969287,0.137598,0.203454,-6.337848,3.656772,2.280020,-0.029993,0.933394,-0.126866,0.334336,13.996109,83.343819,26.196760,0.061281,0.920252,-0.098748,0.373672,12.985664,49.500282,35.196648,-0.060653,0.867864,0.077554,0.486948,4.412784,4.795671,41.442905,-0.012506,0.969287,0.137598,0.203454,-0.708874,1.740203,-10.845587,-0.060653,0.867864,0.077554,0.486948,16.499441,1.738145,34.217651
74,0.616667,-0.048197,0.943295,0.087209,0.316648,6.982453,83.030708,20.848196,-0.048329,0.934924,0.083069,0.341585,5.926050,90.115059,21.816769,-0.015481,0.935223,0.054659,0.349472,3.664312,105.204681,23.697121,0.041767,0.969528,0.058622,0.234167,2.465834,122.934807,25.328461,0.037712,0.993939,0.002242,0.103243,4.006327,136.621597,25.591288,-0.071334,0.878702,0.144362,0.449393,-0.300466,117.518402,22.870070,-0.597365,0.462788,-0.287864,0.588317,-10.044351,117.591385,9.393631,0.619299,-0.264710,0.293267,-0.678522,0.012341,95.501671,4.423471,0.568348,-0.088051,0.588853,-0.567872,13.111279,81.679077,4.499916,-0.085170,0.910675,0.086736,0.394835,5.013280,117.453339,27.480957,0.559643,0.813968,0.155650,-0.005348,16.217085,118.894028,39.685959,0.614234,0.682806,0.324773,-0.225864,25.471535,96.363792,35.154037,-0.806412,-0.468635,-0.245344,0.264361,28.082443,83.762917,22.274265,0.059285,0.917930,0.129623,0.370254,-0.023492,82.716042,15.508459,0.068639,0.986578,0.026842,0.145712,-0.473784,49.105289,5.633302,-0.012574,0.969304,0.137505,0.203431,-6.337085,3.658679,2.280782,-0.030102,0.933345,-0.126749,0.334507,13.988398,83.345375,26.187935,0.061190,0.920084,-0.098892,0.374061,12.986212,49.500206,35.182629,-0.060514,0.867825,0.077561,0.487035,4.413494,4.797182,41.440437,-0.012574,0.969304,0.137505,0.203431,-0.708318,1.739867,-10.844583,-0.060514,0.867825,0.077561,0.487035,16.500607,1.737898,34.216698
75,0.625000,-0.048221,0.943327,0.087462,0.316479,6.974453,83.033134,20.839451,-0.048282,0.934932,0.082980,0.341593,5.916747,90.116814,21.811523,-0.015374,0.935206,0.054684,0.349519,3.657469,105.205750,23.689665,0.041868,0.969512,0.058581,0.234225,2.462153,122.935905,25.323114,0.037834,0.993928,0.002130,0.103304,4.005697,136.622360,25.585619,-0.071255,0.878715,0.144247,0.449417,-0.304941,117.520309,22.863800,-0.597040,0.462590,-0.288272,0.588603,-10.048480,117.593971,9.387112,0.619287,-0.264825,0.293513,-0.678382,0.005664,95.501602,4.423611,0.568827,-0.088983,0.587838,-0.568300,13.103005,81.665001,4.504212,-0.085004,0.910643,0.086681,0.394956,5.008388,117.453682,27.475151,0.559638,0.813959,0.155717,-0.005324,16.209948,118.889633,39.682781,0.614158,0.682809,0.324822,-0.225992,25.464729,96.359688,35.150036,-0.806322,-0.468793,-0.245245,0.264449,28.076881,83.762878,22.267185,0.059134,0.918075,0.129619,0.369919,-0.033343,82.719193,15.502093,0.068598,0.986566,0.026808,0.145816,-0.477628,49.107109,5.631187,-0.012725,0.969321,0.137375,0.203429,-6.337314,3.659815,2.281663,-0.030229,0.933369,-0.126653,0.334467,13.982248,83.347076,26.176811,0.061168,0.920012,-0.099056,0.374197,12.991020,49.500740,35.168312,-0.060444,0.867835,0.077446,0.487043,4.413733,4.800451,41.439373,-0.012725,0.969321,0.137375,0.203429,-0.707654,1.738171,-10.842914,-0.060444,0.867835,0.077446,0.487043,16.500185,1.737358,34.216118
76,0.633333,-0.048196,0.943281,0.087045,0.316736,6.963126,83.032684,20.840935,-0.047988,0.934842,0.083145,0.341841,5.907393,90.117455,21.807188,-0.015669,0.935098,0.054355,0.349846,3.653876,105.209480,23.692945,0.042061,0.969444,0.058632,0.234460,2.452253,122.940590,25.311352,0.038069,0.993914,0.002032,0.103355,4.000901,136.626404,25.577011,-0.071128,0.878781,0.144196,0.449323,-0.311483,117.522240,22.854349,-0.597171,0.462595,-0.288216,0.588493,-10.058410,117.598221,9.380126,0.619368,-0.264917,0.293548,-0.678257,-0.002920,95.505890,4.419206,0.568924,-0.089083,0.587733,-0.568295,13.094812,81.663635,4.500441,-0.084798,0.910656,0.086801,0.394943,4.998498,117.460838,27.469625,0.559617,0.813994,0.155609,-0.005346,16.201574,118.889030,39.676769,0.614280,0.682738,0.324586,-0.226212,25.457481,96.359093,35.146301,-0.806172,-0.469231,-0.244884,0.264464,28.061571,83.756470,22.257305,0.059031,0.918202,0.129748,0.369576,-0.041845,82.717270,15.499962,0.068571,0.986609,0.026738,0.145553,-0.479811,49.106674,5.623714,-0.012697,0.969320,0.137323,0.203468,-6.338907,3.658688,2.282514,-0.030382,0.933399,-0.126394,0.334466,13.968098,83.348099,26.181906,0.061169,0.920033,-0.099128,0.374128,12.993063,49.497822,35.160339,-0.060431,0.867814,0.077477,0.487077,4.413680,4.798853,41.437973,-0.012697,0.969320,0.137323,0.203468,-0.708497,1.735409,-10.841496,-0.060431,0.867814,0.077477,0.487077,16.500673,1.736366,34.215374
77,0.641667,-0.048142,0.943291,0.087019,0.316723,6.956329,83.030609,20.838715,-0.048154,0.934893,0.082836,0.341752,5.901459,90.115524,21.804888,-0.015418,0.935156,0.054574,0.349668,3.647119,105.204941,23.679802,0.042044,0.969473,0.058568,0.234359,2.451451,122.935471,25.308863,0.038162,0.993908,0.001888,0.103377,3.999917,136.621338,25.572464,-0.070673,0.878954,0.143954,0.449135,-0.314904,117.519356,22.849882,-0.597258,0.462639,-0.288044,0.588454,-10.069629,117.603729,9.381345,0.619360,-0.265064,0.293665,-0.678156,-0.011249,95.513664,4.416184,0.568941,-0.089183,0.587656,-0.568343,13.085994,81.660698,4.497342,-0.085066,0.910574,0.086735,0.395090,4.996938,117.453720,27.462959,0.559671,0.813938,0.155705,-0.005337,16.194639,118.890259,39.674061,0.614191,0.682800,0.324581,-0.226275,25.447554,96.359650,35.140862,-0.806094,-0.469424,-0.244701,0.264528,28.054937,83.756927,22.249279,0.059047,0.918235,0.129701,0.369507,-0.048881,82.715919,15.498007,0.068515,0.986540,0.026706,0.146049,-0.489855,49.104618,5.624302,-0.012710,0.969295,0.137388,0.203545,-6.342676,3.655773,2.283761,-0.030426,0.933437,-0.126292,0.334394,13.961538,83.345299,26.179420,0.061210,0.920303,-0.099200,0.373437,12.992479,49.493416,35.152447,-0.060708,0.867847,0.077385,0.486999,4.411968,4.796216,41.441162,-0.012710,0.969295,0.137388,0.203545,-0.710087,1.734367,-10.839594,-0.060708,0.867847,0.077385,0.486999,16.499380,1.735352,34.218563
78,0.650000,-0.048174,0.943284,0.086953,0.316755,6.949173,83.031097,20.834044,-0.048153,0.934887,0.082808,0.341776,5.894118,90.116127,21.799141,-0.015387,0.935148,0.054607,0.349686,3.640099,105.205429,23.673183,0.042148,0.969454,0.058553,0.234424,2.445022,122.935867,25.303698,0.038316,0.993892,0.001750,0.103477,3.996446,136.621399,25.567713,-0.070567,0.879001,0.143876,0.449084,-0.321444,117.520058,22.844162,-0.597127,0.462554,-0.288219,0.588568,-10.078176,117.605995,9.377101,0.619330,-0.265090,0.293640,-0.678184,-0.020907,95.514717,4.415125,0.569044,-0.089453,0.587510,-0.568347,13.078070,81.659981,4.494419,-0.085037,0.910566,0.086697,0.395123,4.990233,117.453835,27.457422,0.559649,0.813945,0.155753,-0.005300,16.187222,118.889877,39.669231,0.614228,0.682797,0.324494,-0.226311,25.441381,96.359695,35.136398,-0.806058,-0.469486,-0.244566,0.264654,28.046762,83.754852,22.244432,0.059016,0.918250,0.129715,0.369469,-0.055620,82.715546,15.492845,0.068473,0.986516,0.026640,0.146249,-0.494648,49.104221,5.619112,-0.012842,0.969296,0.137375,0.203541,-6.343915,3.654525,2.283931,-0.030470,0.933427,-0.126215,0.334448,13.953966,83.346642,26.175243,0.061110,0.920246,-0.099287,0.373569,12.989073,49.493576,35.144253,-0.060546,0.867865,0.077399,0.486984,4.413075,4.796851,41.442490,-0.012842,0.969296,0.137375,0.203541,-0.710458,1.733509,-10.839103,-0.060546,0.867865,0.077399,0.486984,16.499142,1.734014,34.218487
79,0.658333,-0.048200,0.943338,0.087328,0.316488,6.939807,83.034668,20.824486,-0.048062,0.934923,0.082691,0.341718,5.882989,90.118721,21.794834,-0.015343,0.935149,0.054645,0.349678,3.633532,105.204651,23.666134,0.042088,0.969459,0.058471,0.234433,2.439447,122.934998,25.298483,0.038566,0.993877,0.001681,0.103534,3.989818,136.620682,25.559940,-0.070532,0.879033,0.143880,0.449026,-0.327367,117.519585,22.838455,-0.597133,0.462530,-0.288253,0.588565,-10.085985,117.606232,9.372754,0.619256,-0.265155,0.293696,-0.678201,-0.028553,95.514610,4.412651,0.568955,-0.089562,0.587526,-0.568404,13.066896,81.658432,4.490582,-0.085058,0.910562,0.086636,0.395140,4.984411,117.452606,27.451590,0.559619,0.813973,0.155714,-0.005346,16.180841,118.890038,39.663757,0.614286,0.682795,0.324309,-0.226424,25.436666,96.360657,35.130344,-0.806017,-0.469564,-0.244344,0.264844,28.037575,83.754196,22.239021,0.058967,0.918115,0.129605,0.369852,-0.067917,82.720337,15.487059,0.068397,0.986544,0.026679,0.146085,-0.502581,49.106621,5.621298,-0.012690,0.969289,0.137393,0.203569,-6.344982,3.656155,2.284531,-0.030508,0.933433,-0.126288,0.334401,13.947532,83.348999,26.161915,0.060939,0.919892,-0.099353,0.374452,12.983847,49.497387,35.136536,-0.060523,0.867829,0.077359,0.487057,4.414018,4.799947,41.438061,-0.012690,0.969289,0.137393,0.203569,-0.711904,1.734785,-10.838619,-0.060523,0.867829,0.077359,0.487057,16.501003,1.735850,34.216125
80,0.666667,-0.048241,0.943306,0.087133,0.316629,6.934814,83.033592,20.824425,-0.048184,0.934895,0.082692,0.341777,5.878170,90.118073,21.791775,-0.015296,0.935139,0.054655,0.349706,3.624868,105.205063,23.661840,0.042125,0.969441,0.058416,0.234515,2.432188,122.935417,25.295084,0.038709,0.993856,0.001571,0.103675,3.983992,136.620972,25.555510,-0.070599,0.879006,0.143918,0.449057,-0.334948,117.520370,22.834614,-0.597128,0.462556,-0.288299,0.588527,-10.092327,117.605881,9.368011,0.619250,-0.265156,0.293773,-0.678174,-0.037431,95.512772,4.409312,0.568944,-0.089491,0.587546,-0.568404,13.053521,81.657829,4.489217,-0.085010,0.910591,0.086604,0.395092,4.976573,117.452690,27.448034,0.559615,0.813979,0.155695,-0.005354,16.174528,118.889282,39.658897,0.614269,0.682769,0.324308,-0.226549,25.430546,96.359947,35.125698,-0.805919,-0.469783,-0.244260,0.264832,28.030083,83.756332,22.232130,0.058993,0.918225,0.129663,0.369553,-0.071269,82.717720,15.484934,0.068359,0.986507,0.026571,0.146373,-0.509333,49.105274,5.614995,-0.012830,0.969269,0.137421,0.203639,-6.348842,3.653810,2.286855,-0.030531,0.933484,-0.126186,0.334293,13.940898,83.349457,26.163916,0.060894,0.919885,-0.099385,0.374468,12.982148,49.496151,35.132660,-0.060607,0.867828,0.077388,0.487046,4.414910,4.798788,41.438232,-0.012830,0.969269,0.137421,0.203639,-0.712873,1.733986,-10.835278,-0.060607,0.867828,0.077388,0.487046,16.502369,1.736569,34.216293
81,0.675000,-0.048218,0.943320,0.087161,0.316585,6.923731,83.034546,20.821266,-0.048010,0.934897,0.082641,0.341808,5.867326,90.118996,21.789156,-0.015358,0.935115,0.054607,0.349774,3.619506,105.206665,23.659546,0.042232,0.969403,0.058401,0.234655,2.425222,122.937134,25.290329,0.038753,0.993836,0.001461,0.103860,3.980164,136.622314,25.551355,-0.070593,0.879008,0.143975,0.449035,-0.341127,117.521561,22.830137,-0.597246,0.462618,-0.288267,0.588374,-10.099192,117.607964,9.364038,0.619301,-0.265251,0.293692,-0.678125,-0.046209,95.513443,4.407804,0.568943,-0.089610,0.587553,-0.568380,13.044497,81.658524,4.484410,-0.084973,0.910606,0.086670,0.395051,4.969701,117.454887,27.444366,0.559643,0.813955,0.155717,-0.005381,16.168945,118.889656,39.654259,0.614362,0.682745,0.324157,-0.226588,25.423384,96.360039,35.119198,-0.805835,-0.469937,-0.244127,0.264934,28.017994,83.754639,22.227921,0.059004,0.918196,0.129630,0.369637,-0.082880,82.719147,15.482442,0.068271,0.986413,0.026496,0.147058,-0.521623,49.106194,5.614252,-0.012680,0.969257,0.137471,0.203669,-6.351823,3.653246,2.289994,-0.030619,0.933491,-0.126169,0.334272,13.930342,83.349945,26.160091,0.060861,0.919907,-0.099391,0.374419,12.977962,49.496696,35.129761,-0.060472,0.867797,0.077469,0.487104,4.413675,4.799071,41.437458,-0.012680,0.969257,0.137471,0.203669,-0.716105,1.733967,-10.832325,-0.060472,0.867797,0.077469,0.487104,16.501368,1.736967,34.215866
82,0.683333,-0.048254,0.943341,0.087166,0.316515,6.916846,83.034554,20.817486,-0.048096,0.934940,0.082574,0.341696,5.859996,90.118935,21.785364,-0.015282,0.935167,0.054663,0.349630,3.610662,105.206322,23.653156,0.042169,0.969433,0.058338,0.234560,2.418500,122.936653,25.286919,0.038910,0.993831,0.001386,0.103849,3.972044,136.622040,25.545620,-0.070509,0.879047,0.144007,0.448962,-0.349117,117.521706,22.826807,-0.597272,0.462615,-0.288229,0.588369,-10.109760,117.610611,9.362592,0.619269,-0.265358,0.293737,-0.678093,-0.055556,95.516777,4.405752,0.568948,-0.089720,0.587528,-0.568384,13.034355,81.656357,4.480652,-0.085030,0.910633,0.086593,0.394993,4.963164,117.453857,27.439346,0.559626,0.813970,0.155701,-0.005352,16.163626,118.891617,39.647774,0.614449,0.682685,0.324140,-0.226554,25.419050,96.362068,35.114433,-0.805642,-0.470054,-0.244443,0.265024,28.009838,83.757698,22.226273,0.058952,0.918245,0.129623,0.369526,-0.090494,82.718452,15.479657,0.068219,0.986415,0.026497,0.147069,-0.527267,49.104931,5.613319,-0.012832,0.969258,0.137483,0.203649,-6.352805,3.651345,2.289631,-0.030623,0.933539,-0.126192,0.334129,13.924188,83.350647,26.155313,0.060797,0.919945,-0.099416,0.374328,12.972879,49.497833,35.126728,-0.060484,0.867832,0.077400,0.487050,4.413707,4.799947,41.439560,-0.012832,0.969258,0.137483,0.203649,-0.716472,1.733265,-10.832603,-0.060484,0.867832,0.077400,0.487050,16.500420,1.736310,34.216980
83,0.691667,-0.048190,0.943339,0.087102,0.316548,6.905091,83.034828,20.815660,-0.047984,0.934944,0.082607,0.341691,5.849360,90.119461,21.782928,-0.015351,0.935170,0.054570,0.349633,3.602722,105.208359,23.653034,0.042237,0.969402,0.058328,0.234676,2.409389,122.938980,25.282843,0.038985,0.993806,0.001268,0.104058,3.964967,136.624115,25.542015,-0.070471,0.879083,0.143836,0.448953,-0.357843,117.523300,22.823895,-0.597631,0.462851,-0.287949,0.587955,-10.118951,117.610641,9.359999,0.619486,-0.265486,0.293602,-0.677903,-0.067552,95.515656,4.402604,0.568940,-0.089869,0.587471,-0.568427,13.023016,81.655357,4.475355,-0.085001,0.910667,0.086683,0.394901,4.954378,117.456833,27.436527,0.559642,0.813992,0.155523,-0.005523,16.157398,118.892899,39.642811,0.614515,0.682667,0.323980,-0.226657,25.411850,96.363358,35.107380,-0.805578,-0.470214,-0.244382,0.264992,27.997837,83.758224,22.220221,0.058916,0.918229,0.129643,0.369565,-0.101992,82.719482,15.477446,0.068127,0.986418,0.026476,0.147095,-0.535498,49.106030,5.610724,-0.012928,0.969267,0.137480,0.203601,-6.352941,3.651193,2.289993,-0.030698,0.933535,-0.126173,0.334140,13.912174,83.350166,26.153873,0.060726,0.919957,-0.099388,0.374318,12.966082,49.497345,35.125797,-0.060404,0.867802,0.077524,0.487094,4.413933,4.798150,41.438877,-0.012928,0.969267,0.137480,0.203601,-0.717144,1.733612,-10.832546,-0.060404,0.867802,0.077524,0.487094,16.501152,1.736439,34.216316
84,0.700000,-0.048137,0.943360,0.087202,0.316467,6.893546,83.035255,20.812067,-0.048078,0.935005,0.082562,0.341523,5.838177,90.119705,21.781021,-0.015205,0.935254,0.054583,0.349412,3.589040,105.212700,23.649769,0.042300,0.969429,0.058233,0.234577,2.400827,122.943436,25.282114,0.039056,0.993799,0.001175,0.104100,3.958538,136.628387,25.538877,-0.070614,0.879113,0.143677,0.448923,-0.368923,117.528687,22.823917,-0.597284,0.462742,-0.288257,0.588242,-10.130246,117.609261,9.360144,0.619327,-0.265488,0.293494,-0.678094,-0.082667,95.512367,4.403531,0.568946,-0.090441,0.587266,-0.568543,13.010357,81.654228,4.469955,-0.085080,0.910753,0.087020,0.394611,4.945526,117.460419,27.433952,0.559714,0.813967,0.155392,-0.005523,16.155727,118.895515,39.633743,0.614632,0.682592,0.323865,-0.226732,25.406132,96.363708,35.101379,-0.805574,-0.470278,-0.244253,0.265010,27.985495,83.758064,22.214924,0.058990,0.918248,0.129489,0.369559,-0.114522,82.721214,15.475077,0.067201,0.986681,0.026815,0.145688,-0.556893,49.105583,5.616188,-0.012651,0.969490,0.137998,0.202204,-6.290866,3.640881,2.285259,-0.030786,0.933527,-0.126177,0.334155,13.901615,83.349297,26.149059,0.060668,0.919965,-0.099384,0.374308,12.961085,49.496914,35.123253,-0.060635,0.867818,0.077479,0.487044,4.414001,4.797009,41.438145,-0.012651,0.969490,0.137998,0.202204,-0.692905,1.736970,-10.855448,-0.060635,0.867818,0.077479,0.487044,16.501888,1.737429,34.215809
85,0.708333,-0.048114,0.943385,0.087173,0.316402,6.881323,83.036163,20.813448,-0.047897,0.935054,0.082431,0.341445,5.826459,90.120720,21.782190,-0.015340,0.935280,0.054560,0.349342,3.584371,105.212532,23.648987,0.042300,0.969437,0.058225,0.234546,2.392041,122.943207,25.278982,0.039080,0.993799,0.001082,0.104095,3.949775,136.628159,25.535479,-0.070574,0.879141,0.143713,0.448862,-0.376715,117.527435,22.821922,-0.596987,0.462334,-0.288660,0.588667,-10.140036,117.609360,9.359603,0.618953,-0.265680,0.293481,-0.678366,-0.085259,95.513519,4.412844,0.568969,-0.090535,0.587418,-0.568347,12.999254,81.657112,4.467029,-0.085096,0.910806,0.087000,0.394490,4.938369,117.461121,27.431255,0.559729,0.814001,0.155155,-0.005700,16.151649,118.897484,39.628075,0.614782,0.682492,0.323677,-0.226894,25.401133,96.365440,35.095009,-0.805374,-0.470678,-0.244266,0.264895,27.970495,83.761536,22.210779,0.058930,0.918219,0.129538,0.369622,-0.127512,82.722214,15.477458,0.067140,0.986678,0.026815,0.145740,-0.564088,49.106983,5.616926,-0.012873,0.969475,0.137927,0.202308,-6.292342,3.641528,2.286488,-0.030851,0.933551,-0.126122,0.334101,13.890160,83.350113,26.149441,0.060600,0.919945,-0.099397,0.374365,12.955695,49.497032,35.121624,-0.060459,0.867806,0.077624,0.487064,4.413463,4.796618,41.439487,-0.012873,0.969475,0.137927,0.202308,-0.690119,1.736808,-10.852286,-0.060459,0.867806,0.077624,0.487064,16.500849,1.738121,34.215847
86,0.716667,-0.048178,0.943367,0.087172,0.316448,6.876049,83.035889,20.812868,-0.047919,0.935076,0.082423,0.341384,5.820275,90.120361,21.781242,-0.015349,0.935317,0.054522,0.349248,3.577595,105.213295,23.647871,0.042244,0.969449,0.058220,0.234507,2.385599,122.944107,25.276587,0.039107,0.993795,0.001010,0.104118,3.941810,136.629242,25.532495,-0.070555,0.879161,0.143791,0.448800,-0.383648,117.528137,22.820541,-0.597321,0.462560,-0.288337,0.588309,-10.148911,117.611435,9.359644,0.619234,-0.265849,0.293433,-0.678064,-0.095246,95.515808,4.409702,0.569166,-0.090731,0.587192,-0.568351,12.987301,81.656769,4.464597,-0.085223,0.910823,0.087070,0.394408,4.932352,117.462204,27.428822,0.559923,0.813933,0.154802,-0.005975,16.147058,118.901764,39.623943,0.614774,0.682534,0.323484,-0.227066,25.385660,96.365807,35.088158,-0.805279,-0.471069,-0.244061,0.264678,27.952993,83.759422,22.201477,0.058922,0.918306,0.129562,0.369400,-0.132157,82.720963,15.476112,0.067074,0.986644,0.026783,0.146004,-0.569965,49.106094,5.614397,-0.013150,0.969483,0.137903,0.202270,-6.291790,3.639665,2.286216,-0.030806,0.933528,-0.126112,0.334175,13.884255,83.350815,26.149624,0.060477,0.919887,-0.099401,0.374527,12.946339,49.497372,35.120068,-0.060643,0.867831,0.077582,0.487004,4.413269,4.795650,41.441036,-0.013150,0.969483,0.137903,0.202270,-0.688542,1.735815,-10.852244,-0.060643,0.867831,0.077582,0.487004,16.500843,1.738693,34.217072
87,0.725000,-0.048079,0.943398,0.087022,0.316410,6.862496,83.037056,20.811995,-0.047829,0.935116,0.082404,0.341292,5.808776,90.122047,21.778849,-0.015341,0.935356,0.054534,0.349142,3.569218,105.214264,23.645994,0.042187,0.969444,0.058243,0.234536,2.377510,122.945038,25.275362,0.039030,0.993781,0.000857,0.104288,3.932111,136.630341,25.531574,-0.070507,0.879282,0.143627,0.448623,-0.392269,117.529106,22.819828,-0.597251,0.462855,-0.288330,0.588152,-10.163035,117.610229,9.362912,0.619452,-0.265693,0.293100,-0.678070,-0.122695,95.509941,4.406734,0.569213,-0.091012,0.587111,-0.568343,12.974715,81.656410,4.460182,-0.085101,0.910828,0.086821,0.394477,4.924777,117.463097,27.426901,0.559831,0.813989,0.154834,-0.006032,16.138359,118.902054,39.623131,0.614906,0.682430,0.323457,-0.227056,25.381989,96.368660,35.084812,-0.805116,-0.471122,-0.244391,0.264775,27.942757,83.764915,22.202347,0.058834,0.918212,0.129618,0.369627,-0.146305,82.722847,15.475977,0.067014,0.986662,0.026795,0.145906,-0.574585,49.108269,5.612872,-0.013101,0.969481,0.137945,0.202252,-6.291221,3.641158,2.285016,-0.030905,0.933533,-0.126116,0.334150,13.871297,83.351257,26.148012,0.060414,0.919886,-0.099362,0.374549,12.940049,49.498329,35.121067,-0.060647,0.867819,0.077629,0.487017,4.413414,4.795199,41.440750,-0.013101,0.969481,0.137945,0.202252,-0.688748,1.738240,-10.853909,-0.060647,0.867819,0.077629,0.487017,16.501356,1.739470,34.216881
88,0.733333,-0.048124,0.943408,0.087003,0.316380,6.853323,83.036179,20.814499,-0.047841,0.935163,0.082298,0.341186,5.799116,90.121147,21.780924,-0.015363,0.935405,0.054545,0.349006,3.560338,105.215218,23.645323,0.041942,0.969477,0.058205,0.234450,2.368024,122.945915,25.274967,0.039159,0.993774,0.000780,0.104303,3.916215,136.632019,25.528400,-0.070561,0.879282,0.143722,0.448584,-0.402134,117.529808,22.820251,-0.597382,0.462940,-0.288296,0.587968,-10.173809,117.610565,9.363991,0.619534,-0.265854,0.292915,-0.678012,-0.136431,95.508347,4.410431,0.569332,-0.091275,0.586868,-0.568433,12.962146,81.655312,4.456858,-0.085087,0.910913,0.086808,0.394288,4.916241,117.464149,27.425797,0.559873,0.813980,0.154735,-0.006030,16.134874,118.903641,39.617317,0.615110,0.682271,0.323400,-0.227066,25.376177,96.368774,35.081532,-0.805011,-0.471260,-0.244557,0.264696,27.927435,83.764389,22.200279,0.058864,0.918241,0.129666,0.369535,-0.155739,82.721069,15.478875,0.066840,0.986620,0.026741,0.146281,-0.585664,49.107609,5.612037,-0.013107,0.969506,0.138049,0.202061,-6.286079,3.638098,2.289227,-0.030888,0.933592,-0.126120,0.333985,13.862383,83.351288,26.150122,0.060372,0.919994,-0.099306,0.374307,12.931474,49.498337,35.123169,-0.060830,0.867815,0.077658,0.486996,4.411964,4.793706,41.441883,-0.013107,0.969506,0.138049,0.202061,-0.688414,1.738244,-10.852192,-0.060830,0.867815,0.077658,0.486996,16.500925,1.741261,34.218323
89,0.741667,-0.048129,0.943463,0.087006,0.316213,6.843987,83.035942,20.812241,-0.047872,0.935211,0.082333,0.341043,5.789862,90.120903,21.778866,-0.015448,0.935453,0.054504,0.348880,3.549889,105.216202,23.644457,0.041370,0.969505,0.058142,0.234451,2.355463,122.946976,25.271820,0.039648,0.993727,0.000835,0.104563,3.888843,136.634842,25.519964,-0.070512,0.879344,0.143658,0.448491,-0.414554,117.530121,22.818609,-0.597411,0.462941,-0.288286,0.587943,-10.189242,117.610756,9.364541,0.619509,-0.265943,0.292834,-0.678035,-0.151626,95.508484,4.411673,0.569331,-0.091442,0.586764,-0.568514,12.946785,81.655647,4.453357,-0.085043,0.911003,0.086778,0.394096,4.905019,117.465889,27.422789,0.559944,0.813968,0.154535,-0.006069,16.128941,118.905273,39.609455,0.615339,0.682118,0.323231,-0.227143,25.366289,96.368103,35.077099,-0.804849,-0.471706,-0.244512,0.264434,27.906435,83.758720,22.193981,0.058801,0.918245,0.129723,0.369514,-0.166924,82.720451,15.479070,0.066777,0.986634,0.026747,0.146214,-0.591521,49.107513,5.610222,-0.013132,0.969508,0.138104,0.202012,-6.286372,3.637263,2.288012,-0.030905,0.933578,-0.126203,0.333990,13.854897,83.351425,26.145411,0.060300,0.920004,-0.099272,0.374301,12.923105,49.500023,35.124172,-0.060697,0.867818,0.077730,0.486997,4.410836,4.793978,41.442631,-0.013132,0.969508,0.138104,0.202012,-0.689731,1.739112,-10.854086,-0.060697,0.867818,0.077730,0.486997,16.499081,1.741413,34.217930
90,0.750000,-0.048144,0.943420,0.086699,0.316425,6.836981,83.030869,20.819586,-0.048024,0.935203,0.082281,0.341055,5.783827,90.116577,21.781761,-0.015317,0.935483,0.054451,0.348816,3.539031,105.218254,23.645046,0.041907,0.969493,0.058178,0.234400,2.349730,122.949371,25.272375,0.038963,0.993772,0.000658,0.104393,3.897101,136.635574,25.524748,-0.070890,0.879327,0.143729,0.448443,-0.422154,117.533241,22.819658,-0.597562,0.463160,-0.288184,0.587667,-10.196492,117.603706,9.365283,0.619782,-0.265964,0.292556,-0.677897,-0.166013,95.498405,4.411498,0.569483,-0.091838,0.586549,-0.568519,12.932673,81.656799,4.450518,-0.085012,0.911062,0.086734,0.393975,4.898108,117.467606,27.423018,0.559996,0.813955,0.154415,-0.006170,16.125364,118.907120,39.606590,0.615615,0.681919,0.323107,-0.227172,25.359749,96.368965,35.073090,-0.804598,-0.471997,-0.244828,0.264387,27.886538,83.759140,22.193127,0.058927,0.918331,0.129747,0.369271,-0.171538,82.713791,15.483371,0.066708,0.986609,0.026713,0.146424,-0.606153,49.102329,5.609936,-0.012861,0.969439,0.138421,0.202144,-6.294529,3.631064,2.290524,-0.030874,0.933605,-0.126093,0.333961,13.845499,83.347939,26.155802,0.060231,0.920070,-0.099216,0.374164,12.914538,49.494457,35.126808,-0.060935,0.867836,0.077921,0.486905,4.410884,4.786634,41.444267,-0.012861,0.969439,0.138421,0.202144,-0.696079,1.740314,-10.851870,-0.060935,0.867836,0.077921,0.486905,16.499802,1.742078,34.217323
91,0.758333,-0.048191,0.943471,0.086874,0.316216,6.822711,83.034348,20.820179,-0.047853,0.935268,0.082120,0.340941,5.768344,90.119553,21.784737,-0.015345,0.935515,0.054438,0.348731,3.531003,105.218040,23.644953,0.041873,0.969514,0.058137,0.234326,2.341101,122.949181,25.271610,0.038881,0.993782,0.000615,0.104330,3.887717,136.635513,25.522503,-0.070515,0.879500,0.143653,0.448187,-0.430945,117.532791,22.819653,-0.597732,0.463203,-0.288061,0.587521,-10.214684,117.611465,9.372150,0.619789,-0.266262,0.292450,-0.677819,-0.182635,95.506683,4.419243,0.569591,-0.092050,0.586428,-0.568504,12.917203,81.656494,4.448907,-0.085074,0.911151,0.086676,0.393769,4.890136,117.467651,27.422073,0.560015,0.813942,0.154416,-0.006085,16.122440,118.910667,39.600582,0.616051,0.681568,0.323066,-0.227100,25.355833,96.371452,35.070354,-0.804270,-0.472456,-0.245298,0.264128,27.863857,83.759399,22.192823,0.058759,0.918289,0.129921,0.369343,-0.188065,82.717110,15.486938,0.067408,0.986258,0.026335,0.148520,-0.606533,49.107426,5.606748,-0.012995,0.969211,0.138020,0.203500,-6.356210,3.642943,2.300102,-0.030958,0.933615,-0.126137,0.333908,13.833487,83.351585,26.153418,0.060184,0.920107,-0.099161,0.374097,12.907514,49.499252,35.129280,-0.060827,0.867844,0.077912,0.486905,4.410172,4.789898,41.444412,-0.012995,0.969211,0.138020,0.203500,-0.721926,1.741029,-10.825358,-0.060827,0.867844,0.077912,0.486905,16.498322,1.743608,34.216904
92,0.766667,-0.048180,0.943471,0.086755,0.316252,6.812635,83.032700,20.825222,-0.047907,0.935301,0.082066,0.340855,5.758908,90.118225,21.788172,-0.015317,0.935565,0.054407,0.348602,3.520102,105.221153,23.647032,0.041909,0.969509,0.058131,0.234344,2.331734,122.952446,25.273159,0.038556,0.993779,0.000526,0.104481,3.879390,136.638641,25.524160,-0.070496,0.879599,0.143612,0.448009,-0.441327,117.536102,22.822241,-0.597726,0.463153,-0.288144,0.587526,-10.230464,117.613625,9.378664,0.619749,-0.266483,0.292269,-0.677847,-0.198473,95.507988,4.429463,0.569767,-0.092344,0.586179,-0.568536,12.901304,81.656937,4.448447,-0.084997,0.911249,0.086648,0.393565,4.881037,117.470863,27.423176,0.560082,0.813937,0.154198,-0.006173,16.119123,118.912758,39.596481,0.616138,0.681538,0.323037,-0.226995,25.348753,96.371605,35.068226,-0.804203,-0.472223,-0.245818,0.264266,27.853594,83.761803,22.198473,0.058677,0.918340,0.130035,0.369188,-0.197760,82.715019,15.491507,0.067360,0.986294,0.026385,0.148290,-0.609626,49.106735,5.606288,-0.012975,0.969207,0.138081,0.203479,-6.355042,3.641901,2.297037,-0.030992,0.933643,-0.126125,0.333832,13.823030,83.350388,26.158937,0.060133,0.920111,-0.099099,0.374110,12.900266,49.497982,35.134869,-0.060881,0.867859,0.078083,0.486844,4.409196,4.786944,41.446476,-0.012975,0.969207,0.138081,0.203479,-0.721379,1.741601,-10.828922,-0.060881,0.867859,0.078083,0.486844,16.497194,1.745578,34.216648
93,0.775000,-0.048204,0.943485,0.086856,0.316179,6.799762,83.032074,20.829283,-0.047843,0.935368,0.081853,0.340731,5.745337,90.117302,21.793575,-0.015334,0.935622,0.054420,0.348447,3.510740,105.222214,23.647404,0.041881,0.969559,0.058045,0.234162,2.321920,122.953438,25.273970,0.038498,0.993803,0.000514,0.104280,3.869111,136.639740,25.522051,-0.070922,0.879583,0.143645,0.447961,-0.451645,117.536949,22.823946,-0.597732,0.463200,-0.288150,0.587479,-10.240194,117.602325,9.379869,0.619904,-0.266445,0.292065,-0.677808,-0.210579,95.495621,4.430627,0.569963,-0.092595,0.585882,-0.568604,12.886813,81.657745,4.447868,-0.085036,0.911329,0.086652,0.393370,4.872233,117.471992,27.423138,0.560092,0.813951,0.154082,-0.006188,16.115194,118.915817,39.591717,0.616394,0.681390,0.322978,-0.226829,25.344246,96.373924,35.065979,-0.804242,-0.472055,-0.246155,0.264134,27.840036,83.760223,22.201460,0.058688,0.918330,0.130079,0.369194,-0.211405,82.714447,15.496574,0.067263,0.986217,0.026350,0.148851,-0.622754,49.107056,5.608278,-0.013272,0.969204,0.138103,0.203456,-6.358005,3.640848,2.300261,-0.031058,0.933656,-0.126158,0.333776,13.810929,83.349701,26.161993,0.060121,0.920180,-0.098986,0.373973,12.892220,49.498165,35.141624,-0.061008,0.867798,0.078143,0.486927,4.406957,4.784927,41.445499,-0.013272,0.969204,0.138103,0.203456,-0.722701,1.742852,-10.825333,-0.061008,0.867798,0.078143,0.486927,16.497358,1.746865,34.218288
94,0.783333,-0.048218,0.943532,0.086728,0.316072,6.789616,83.030060,20.832731,-0.047792,0.935420,0.081814,0.340605,5.735687,90.115593,21.795341,-0.015404,0.935668,0.054382,0.348326,3.503087,105.221619,23.649010,0.041805,0.969581,0.058028,0.234088,2.312623,122.952911,25.273561,0.038337,0.993811,0.000553,0.104260,3.857809,136.639465,25.520519,-0.071027,0.879646,0.143728,0.447795,-0.460926,117.535782,22.824938,-0.597910,0.463261,-0.288075,0.587287,-10.253923,117.598381,9.384094,0.620061,-0.266624,0.291761,-0.677725,-0.224933,95.490715,4.437853,0.570221,-0.092865,0.585558,-0.568635,12.873292,81.658188,4.445863,-0.085055,0.911405,0.086608,0.393199,4.864106,117.472038,27.422806,0.560150,0.813932,0.153973,-0.006243,16.111425,118.917725,39.587132,0.616693,0.681222,0.322940,-0.226574,25.337263,96.374428,35.061813,-0.804278,-0.471940,-0.246597,0.263819,27.823538,83.755203,22.203814,0.058590,0.918367,0.130255,0.369056,-0.222716,82.711288,15.501627,0.067190,0.986229,0.026332,0.148810,-0.624623,49.106308,5.604765,-0.013375,0.969223,0.138133,0.203340,-6.353668,3.639114,2.299599,-0.031101,0.933625,-0.126156,0.333859,13.801948,83.348839,26.163834,0.060072,0.920226,-0.098938,0.373881,12.885327,49.497459,35.144241,-0.061101,0.867818,0.078228,0.486867,4.406422,4.782820,41.446709,-0.013375,0.969223,0.138133,0.203340,-0.720596,1.742591,-10.827158,-0.061101,0.867818,0.078228,0.486867,16.496716,1.748136,34.217911
95,0.791667,-0.048277,0.943569,0.086684,0.315963,6.781682,83.027710,20.837072,-0.047850,0.935479,0.081772,0.340445,5.727253,90.113274,21.798931,-0.015472,0.935733,0.054353,0.348152,3.493309,105.222084,23.651497,0.041806,0.969633,0.058010,0.233878,2.301213,122.953415,25.274485,0.038218,0.993843,0.000520,0.103998,3.846269,136.639999,25.520468,-0.071044,0.879759,0.143511,0.447641,-0.472543,117.535660,22.827473,-0.597979,0.463245,-0.288117,0.587208,-10.270060,117.593513,9.389899,0.620114,-0.266802,0.291483,-0.677727,-0.241558,95.484619,4.448154,0.570452,-0.093080,0.585291,-0.568643,12.858144,81.655693,4.445583,-0.085046,0.911510,0.086567,0.392966,4.854157,117.473099,27.423424,0.560265,0.813922,0.153600,-0.006452,16.107624,118.919991,39.581917,0.616871,0.681164,0.322901,-0.226321,25.326952,96.373833,35.057621,-0.804421,-0.471678,-0.247091,0.263386,27.809208,83.749290,22.206244,0.058545,0.918453,0.130383,0.368805,-0.231764,82.707497,15.507519,0.067128,0.986238,0.026342,0.148774,-0.630068,49.104473,5.603858,-0.013078,0.969194,0.138408,0.203312,-6.353525,3.636563,2.298834,-0.031028,0.933661,-0.126197,0.333749,13.795129,83.347923,26.166624,0.059964,0.920226,-0.098872,0.373915,12.873833,49.496952,35.148113,-0.061040,0.867816,0.078420,0.486847,4.406051,4.779905,41.448479,-0.013078,0.969194,0.138408,0.203312,-0.723042,1.746158,-10.829919,-0.061040,0.867816,0.078420,0.486847,16.496124,1.749072,34.217690
96,0.800000,-0.048297,0.943567,0.086550,0.316004,6.765963,83.028435,20.845768,-0.047865,0.935521,0.081627,0.340363,5.711822,90.114304,21.805674,-0.015449,0.935785,0.054264,0.348026,3.479164,105.223610,23.654093,0.041799,0.969676,0.057973,0.233709,2.289165,122.955307,25.274551,0.038142,0.993869,0.000481,0.103777,3.834044,136.641937,25.519079,-0.071144,0.879872,0.143457,0.447419,-0.485762,117.537430,22.829165,-0.598417,0.463391,-0.287692,0.586855,-10.289396,117.590248,9.396039,0.620427,-0.267054,0.291358,-0.677395,-0.255468,95.484375,4.451800,0.570732,-0.093262,0.585128,-0.568501,12.839921,81.655266,4.446634,-0.085280,0.911572,0.086847,0.392711,4.842183,117.475105,27.423677,0.560317,0.813920,0.153416,-0.006532,16.100983,118.926361,39.576710,0.617095,0.681155,0.322810,-0.225866,25.317339,96.378685,35.053902,-0.804834,-0.470941,-0.247430,0.263125,27.797249,83.741341,22.211903,0.058548,0.918490,0.130395,0.368707,-0.246993,82.707199,15.515633,0.066937,0.986227,0.026436,0.148918,-0.646265,49.104435,5.611145,-0.013128,0.969217,0.138416,0.203194,-6.350696,3.634620,2.299372,-0.031070,0.933696,-0.126076,0.333694,13.778919,83.349670,26.175901,0.059891,0.920287,-0.098813,0.373792,12.863747,49.496727,35.150593,-0.060990,0.867829,0.078484,0.486819,4.404908,4.777810,41.449711,-0.013128,0.969217,0.138416,0.203194,-0.722920,1.744792,-10.830623,-0.060990,0.867829,0.078484,0.486819,16.494358,1.747828,34.217529
97,0.808333,-0.048322,0.943617,0.086505,0.315864,6.752613,83.030357,20.851559,-0.047825,0.935579,0.081588,0.340217,5.698486,90.116302,21.810902,-0.015591,0.935838,0.054156,0.347897,3.467818,105.224815,23.658848,0.041674,0.969730,0.057917,0.233522,2.274619,122.956779,25.274117,0.038173,0.993892,0.000524,0.103542,3.816252,136.643814,25.515896,-0.071055,0.879988,0.143578,0.447167,-0.499837,117.537560,22.831131,-0.598512,0.463340,-0.287681,0.586804,-10.311416,117.593292,9.403810,0.620248,-0.267176,0.290991,-0.677668,-0.274824,95.487808,4.463234,0.570582,-0.092489,0.585837,-0.568047,12.825322,81.665031,4.441463,-0.085309,0.911689,0.086868,0.392427,4.829314,117.477760,27.424278,0.560315,0.813932,0.153363,-0.006482,16.095381,118.930771,39.570374,0.617434,0.681007,0.322759,-0.225460,25.311893,96.382454,35.051067,-0.805134,-0.470449,-0.247745,0.262791,27.783663,83.732803,22.215424,0.058426,0.918516,0.130501,0.368624,-0.261867,82.708206,15.523479,0.066863,0.986263,0.026516,0.148698,-0.651415,49.106373,5.615438,-0.013030,0.969245,0.138428,0.203059,-6.348840,3.636044,2.298652,-0.031067,0.933744,-0.126121,0.333541,13.767094,83.352501,26.179636,0.059801,0.920335,-0.098697,0.373719,12.852112,49.500343,35.157310,-0.061090,0.867846,0.078459,0.486782,4.405298,4.778328,41.450577,-0.013030,0.969245,0.138428,0.203059,-0.725284,1.746040,-10.833129,-0.061090,0.867846,0.078459,0.486782,16.494772,1.749125,34.218102
98,0.816667,-0.048194,0.943629,0.086442,0.315862,6.740211,83.025017,20.858128,-0.047830,0.935650,0.081482,0.340048,5.688108,90.111305,21.817223,-0.015657,0.935924,0.054093,0.347671,3.458057,105.224701,23.663044,0.041613,0.969793,0.057906,0.233273,2.263820,122.956833,25.275669,0.038059,0.993926,0.000474,0.103264,3.803562,136.644119,25.516186,-0.071253,0.880100,0.143456,0.446953,-0.511239,117.536903,22.834978,-0.598769,0.463447,-0.287378,0.586605,-10.328218,117.583740,9.411579,0.620415,-0.267236,0.290866,-0.677545,-0.287925,95.480797,4.467144,0.570670,-0.092434,0.585732,-0.568076,12.809327,81.664185,4.443979,-0.085339,0.911780,0.086777,0.392229,4.820088,117.478470,27.425613,0.560414,0.813917,0.153069,-0.006643,16.091141,118.934395,39.566727,0.617594,0.681022,0.322572,-0.225241,25.302017,96.383583,35.048355,-0.805212,-0.470212,-0.248052,0.262688,27.769968,83.726517,22.221323,0.058344,0.918574,0.130578,0.368467,-0.274502,82.704643,15.530255,0.066788,0.986289,0.026609,0.148543,-0.658478,49.103546,5.619507,-0.013134,0.969207,0.138559,0.203142,-6.348366,3.632748,2.296274,-0.031207,0.933768,-0.126190,0.333435,13.754924,83.345398,26.185999,0.059889,0.920549,-0.098548,0.373218,12.848498,49.495068,35.171421,-0.061181,0.867827,0.078662,0.486771,4.402742,4.771316,41.453697,-0.013134,0.969207,0.138559,0.203142,-0.721720,1.747020,-10.834794,-0.061181,0.867827,0.078662,0.486771,16.493219,1.748363,34.220291
99,0.825000,-0.048337,0.943667,0.086201,0.315794,6.734154,83.021751,20.867899,-0.047906,0.935692,0.081448,0.339928,5.681263,90.108437,21.823141,-0.015740,0.935971,0.054054,0.347546,3.449104,105.225395,23.667898,0.041543,0.969842,0.057800,0.233108,2.252820,122.957588,25.278341,0.037861,0.993954,0.000501,0.103061,3.791153,136.645096,25.515171,-0.071323,0.880196,0.143461,0.446751,-0.522118,117.536926,22.839127,-0.598778,0.463469,-0.287399,0.586570,-10.344794,117.580605,9.419875,0.620568,-0.267300,0.290632,-0.677481,-0.306076,95.476738,4.476359,0.571007,-0.092522,0.585539,-0.567921,12.795146,81.663689,4.448371,-0.085301,0.911888,0.086720,0.391999,4.810405,117.479881,27.428394,0.560394,0.813935,0.153049,-0.006675,16.087677,118.936363,39.563671,0.617892,0.680906,0.322509,-0.224865,25.299677,96.386131,35.044662,-0.805370,-0.469897,-0.248458,0.262384,27.760155,83.720551,22.227018,0.058440,0.918602,0.130760,0.368315,-0.281075,82.697517,15.540934,0.066721,0.986229,0.026519,0.148987,-0.668008,49.100540,5.616354,-0.013164,0.969173,0.138724,0.203190,-6.351634,3.628495,2.299559,-0.031157,0.933786,-0.126210,0.333382,13.749382,83.345978,26.194864,0.059841,0.920620,-0.098425,0.373083,12.839767,49.495785,35.180477,-0.061125,0.867826,0.078788,0.486760,4.403070,4.769287,41.455376,-0.013164,0.969173,0.138724,0.203190,-0.723323,1.747584,-10.831491,-0.061125,0.867826,0.078788,0.486760,16.493330,1.748647,34.220631
100,0.833333,-0.048798,0.943770,0.086652,0.315292,6.735967,83.030655,20.858738,-0.047991,0.935766,0.081808,0.339627,5.675282,90.115562,21.818512,-0.015797,0.936052,0.053997,0.347336,3.438246,105.225815,23.672815,0.041422,0.969898,0.057825,0.232891,2.241107,122.958160,25.280916,0.037811,0.993979,0.000442,0.102844,3.775748,136.646088,25.517130,-0.071359,0.880360,0.143425,0.446433,-0.534427,117.536858,22.843801,-0.599001,0.463626,-0.287142,0.586343,-10.366370,117.577026,9.431331,0.620755,-0.267389,0.290432,-0.677360,-0.327583,95.474060,4.483991,0.571122,-0.092724,0.585295,-0.568025,12.778960,81.660614,4.452276,-0.085317,0.911987,0.086721,0.391766,4.800122,117.481026,27.430731,0.560403,0.813949,0.152940,-0.006707,16.083380,118.938950,39.560272,0.618179,0.680802,0.322408,-0.224537,25.294844,96.388176,35.042946,-0.805498,-0.469551,-0.248879,0.262209,27.747658,83.713837,22.233833,0.058454,0.918679,0.130552,0.368196,-0.284060,82.700409,15.538467,0.066608,0.986235,0.026670,0.148970,-0.678669,49.099724,5.626736,-0.013182,0.969163,0.138782,0.203198,-6.350025,3.627023,2.297897,-0.030907,0.933802,-0.126546,0.333234,13.755995,83.360901,26.179007,0.059634,0.920524,-0.098342,0.373374,12.823473,49.515568,35.180573,-0.060821,0.867870,0.078474,0.486769,4.405041,4.785299,41.453133,-0.013182,0.969163,0.138782,0.203198,-0.721320,1.747839,-10.833229,-0.060821,0.867870,0.078474,0.486769,16.492493,1.752647,34.218723
101,0.841667,-0.048759,0.943888,0.086904,0.314875,6.719326,83.034477,20.862518,-0.047895,0.935885,0.081639,0.339354,5.658468,90.118813,21.826353,-0.015818,0.936140,0.054000,0.347095,3.427121,105.225716,23.676937,0.041385,0.969982,0.057660,0.232587,2.229670,122.958031,25.285206,0.037664,0.994021,0.000438,0.102486,3.763966,136.646088,25.516050,-0.071475,0.880381,0.143690,0.446289,-0.546762,117.536484,22.849646,-0.599279,0.463722,-0.286961,0.586072,-10.382427,117.576454,9.439905,0.621206,-0.267704,0.290365,-0.676850,-0.342900,95.473358,4.494601,0.571883,-0.093860,0.583917,-0.568490,12.767090,81.646393,4.463360,-0.085367,0.912075,0.086546,0.391589,4.790134,117.481110,27.433849,0.560483,0.813910,0.152849,-0.006834,16.077723,118.943581,39.558804,0.618225,0.680966,0.322405,-0.223915,25.284655,96.391594,35.038300,-0.806736,-0.467541,-0.248730,0.262136,27.745804,83.703644,22.241358,0.058271,0.918619,0.130607,0.368356,-0.305399,82.705544,15.548370,0.066524,0.986281,0.026856,0.148674,-0.685081,49.104382,5.637685,-0.013084,0.969197,0.138697,0.203099,-6.347288,3.631565,2.294832,-0.030975,0.933824,-0.126653,0.333124,13.744050,83.363411,26.176664,0.059587,0.920604,-0.098235,0.373213,12.814516,49.520283,35.186798,-0.060760,0.867891,0.078442,0.486744,4.404711,4.787567,41.453518,-0.013084,0.969197,0.138697,0.203099,-0.721974,1.749478,-10.837333,-0.060760,0.867891,0.078442,0.486744,16.491238,1.753252,34.218258
102,0.850000,-0.048803,0.943958,0.086993,0.314634,6.707422,83.033165,20.866760,-0.047844,0.935973,0.081622,0.339123,5.645804,90.117218,21.831860,-0.015946,0.936221,0.053943,0.346881,3.416378,105.225632,23.683201,0.041207,0.970045,0.057602,0.232371,2.215719,122.958015,25.288244,0.037699,0.994040,0.000415,0.102292,3.745354,136.646652,25.515890,-0.071625,0.880441,0.143669,0.446154,-0.560589,117.535355,22.855059,-0.599854,0.463938,-0.286777,0.585402,-10.399549,117.569824,9.447721,0.621270,-0.267859,0.289590,-0.677062,-0.364721,95.461952,4.514250,0.571582,-0.092966,0.584756,-0.568077,12.751772,81.656197,4.459205,-0.085351,0.912190,0.086479,0.391338,4.778340,117.482124,27.436918,0.560501,0.813923,0.152710,-0.006898,16.072544,118.946037,39.555538,0.618643,0.680811,0.322250,-0.223455,25.278431,96.393394,35.036163,-0.806814,-0.467451,-0.249241,0.261572,27.728373,83.691475,22.250002,0.058228,0.918635,0.130670,0.368300,-0.319904,82.703552,15.556102,0.066421,0.986260,0.026952,0.148841,-0.695752,49.103184,5.642551,-0.013174,0.969202,0.138672,0.203089,-6.346810,3.629592,2.291467,-0.030920,0.933736,-0.126777,0.333328,13.734749,83.362785,26.177422,0.059415,0.920589,-0.098093,0.373315,12.796706,49.521618,35.194054,-0.060709,0.867913,0.078504,0.486702,4.405556,4.784447,41.453941,-0.013174,0.969202,0.138672,0.203089,-0.721129,1.747297,-10.840507,-0.060709,0.867913,0.078504,0.486702,16.491219,1.750923,34.216911
103,0.858333,-0.048768,0.944017,0.087009,0.314457,6.696139,83.031250,20.874199,-0.047902,0.936062,0.081566,0.338881,5.635116,90.115311,21.839880,-0.016041,0.936319,0.053886,0.346619,3.405205,105.222878,23.689465,0.041117,0.970121,0.057553,0.232083,2.202534,122.955383,25.291771,0.037619,0.994075,0.000348,0.101977,3.729685,136.644333,25.516844,-0.071655,0.880513,0.143771,0.445973,-0.574217,117.531792,22.861137,-0.599976,0.463994,-0.286700,0.585271,-10.418416,117.565872,9.457649,0.621348,-0.267961,0.289338,-0.677058,-0.383972,95.457642,4.524993,0.571725,-0.093050,0.584495,-0.568188,12.738764,81.652321,4.462257,-0.085473,0.912308,0.086473,0.391038,4.767219,117.480316,27.440092,0.560553,0.813927,0.152493,-0.007022,16.068550,118.949188,39.551460,0.618913,0.680784,0.322020,-0.223122,25.271494,96.395210,35.032753,-0.806968,-0.467181,-0.249507,0.261324,27.714645,83.681679,22.257290,0.058137,0.918656,0.130770,0.368225,-0.333210,82.701996,15.566193,0.066308,0.986348,0.027106,0.148278,-0.701432,49.102722,5.648655,-0.013144,0.969199,0.138693,0.203089,-6.342050,3.628510,2.288390,-0.030895,0.933714,-0.126792,0.333387,13.725490,83.360504,26.182207,0.059309,0.920564,-0.098010,0.373414,12.784924,49.519493,35.199177,-0.060764,0.867918,0.078576,0.486674,4.404800,4.779675,41.454952,-0.013144,0.969199,0.138693,0.203089,-0.716544,1.746639,-10.843722,-0.060764,0.867918,0.078576,0.486674,16.490585,1.748681,34.217068
104,0.866667,-0.048350,0.943997,0.086513,0.314717,6.678058,83.019409,20.897961,-0.047978,0.936114,0.081133,0.338831,5.624672,90.105301,21.858568,-0.016208,0.936382,0.053826,0.346452,3.396063,105.222176,23.696001,0.041204,0.970150,0.057507,0.231956,2.188812,122.954712,25.294451,0.037334,0.994099,0.000294,0.101850,3.718389,136.643402,25.518539,-0.071765,0.880567,0.143803,0.445839,-0.587193,117.529739,22.866055,-0.600174,0.463995,-0.286619,0.585107,-10.434850,117.560318,9.465091,0.621523,-0.268081,0.289081,-0.676960,-0.398131,95.452187,4.536618,0.571986,-0.093153,0.584298,-0.568112,12.726942,81.650826,4.467640,-0.085558,0.912420,0.086445,0.390764,4.755800,117.480896,27.443224,0.560612,0.813941,0.152194,-0.007160,16.063776,118.953850,39.547901,0.619094,0.680805,0.321864,-0.222781,25.263309,96.398033,35.031448,-0.807120,-0.466893,-0.249891,0.261005,27.703941,83.673737,22.265125,0.058112,0.918662,0.131087,0.368103,-0.349118,82.694771,15.586790,0.066238,0.986311,0.027081,0.148556,-0.708701,49.101101,5.649971,-0.013211,0.969208,0.138731,0.203017,-6.342410,3.625911,2.291340,-0.031057,0.933732,-0.126567,0.333408,13.705235,83.344055,26.209131,0.059416,0.920833,-0.097853,0.372775,12.780338,49.499752,35.215343,-0.061030,0.867864,0.079122,0.486649,4.400780,4.758292,41.460068,-0.013211,0.969208,0.138731,0.203017,-0.718254,1.745514,-10.841565,-0.061030,0.867864,0.079122,0.486649,16.489496,1.744472,34.219902
105,0.875000,-0.048768,0.944151,0.087073,0.314036,6.676091,83.028938,20.889147,-0.047987,0.936222,0.081414,0.338464,5.615203,90.112831,21.856169,-0.016234,0.936474,0.053821,0.346202,3.384846,105.223480,23.701820,0.041073,0.970205,0.057475,0.231760,2.177243,122.956001,25.300121,0.037263,0.994114,0.000207,0.101729,3.703254,136.645142,25.522057,-0.071945,0.880664,0.143721,0.445645,-0.599678,117.530731,22.873434,-0.600468,0.464110,-0.286278,0.584880,-10.452210,117.553650,9.476045,0.621809,-0.268201,0.288868,-0.676740,-0.411107,95.448425,4.543487,0.572261,-0.093386,0.584007,-0.568095,12.716371,81.649033,4.471766,-0.085547,0.912517,0.086344,0.390563,4.745737,117.482460,27.447781,0.560624,0.813960,0.152044,-0.007275,16.058977,118.957245,39.547306,0.619327,0.680706,0.321813,-0.222506,25.257784,96.401237,35.030289,-0.807209,-0.466756,-0.250289,0.260591,27.692339,83.669701,22.269930,0.058046,0.918643,0.130922,0.368220,-0.357922,82.699272,15.587351,0.066148,0.986356,0.027271,0.148262,-0.716360,49.102039,5.662552,-0.013224,0.969208,0.138718,0.203023,-6.340316,3.626698,2.289590,-0.030860,0.933679,-0.126940,0.333434,13.710106,83.358604,26.190943,0.059177,0.920683,-0.097771,0.373204,12.763307,49.520065,35.216522,-0.060796,0.867920,0.078741,0.486640,4.403802,4.774517,41.458828,-0.013224,0.969208,0.138718,0.203023,-0.715926,1.746019,-10.843166,-0.060796,0.867920,0.078741,0.486640,16.489708,1.748035,34.219265
106,0.883333,-0.048749,0.944199,0.086996,0.313915,6.666865,83.026604,20.897537,-0.048030,0.936315,0.081323,0.338221,5.606710,90.110725,21.863743,-0.016381,0.936572,0.053899,0.345917,3.376565,105.221649,23.706905,0.041074,0.970278,0.057319,0.231492,2.163579,122.953712,25.306332,0.037186,0.994142,0.000136,0.101481,3.690217,136.642853,25.523460,-0.072052,0.880687,0.143769,0.445567,-0.612836,117.527512,22.881153,-0.600769,0.464189,-0.286033,0.584628,-10.467176,117.547592,9.485085,0.621987,-0.268362,0.288704,-0.676582,-0.422750,95.443771,4.552993,0.572460,-0.093413,0.583752,-0.568152,12.703614,81.646225,4.476815,-0.085630,0.912614,0.086291,0.390329,4.735289,117.481026,27.452351,0.560725,0.813933,0.151800,-0.007522,16.054161,118.959953,39.546108,0.619361,0.680864,0.321623,-0.222205,25.247177,96.402374,35.025169,-0.807458,-0.466349,-0.250428,0.260413,27.684933,83.662025,22.275505,0.058090,0.918645,0.131027,0.368171,-0.368518,82.696602,15.597577,0.066022,0.986286,0.027240,0.148792,-0.727515,49.101650,5.665088,-0.013268,0.969218,0.138722,0.202970,-6.338740,3.624633,2.293620,-0.030805,0.933737,-0.127021,0.333246,13.702250,83.356606,26.197498,0.059103,0.920750,-0.097613,0.373093,12.751749,49.519276,35.227222,-0.060742,0.867896,0.078890,0.486666,4.404501,4.770088,41.459843,-0.013268,0.969218,0.138722,0.202970,-0.715402,1.744332,-10.839647,-0.060742,0.867896,0.078890,0.486666,16.490862,1.746485,34.219826
107,0.891667,-0.048293,0.944178,0.086606,0.314159,6.646878,83.013298,20.919989,-0.048066,0.936372,0.080953,0.338148,5.594424,90.099030,21.882746,-0.016524,0.936644,0.053828,0.345727,3.365603,105.222412,23.716433,0.041089,0.970315,0.057229,0.231357,2.149010,122.954575,25.311962,0.037038,0.994158,0.000006,0.101379,3.676424,136.643677,25.526449,-0.072146,0.880822,0.143515,0.445366,-0.627052,117.527115,22.889194,-0.601211,0.464335,-0.285609,0.584265,-10.486884,117.539391,9.497155,0.622315,-0.268528,0.288474,-0.676314,-0.437162,95.438469,4.562839,0.572748,-0.093409,0.583537,-0.568084,12.691611,81.641785,4.483274,-0.085669,0.912744,0.086286,0.390017,4.722857,117.483047,27.458330,0.560801,0.813933,0.151513,-0.007712,16.049589,118.964478,39.544426,0.619600,0.680823,0.321464,-0.221892,25.238224,96.405174,35.023220,-0.807455,-0.466379,-0.250889,0.259928,27.670277,83.654922,22.282463,0.057993,0.918625,0.131289,0.368142,-0.386589,82.689117,15.617124,0.065958,0.986317,0.027374,0.148594,-0.732779,49.098213,5.670497,-0.013283,0.969232,0.138775,0.202866,-6.337053,3.621089,2.288825,-0.030997,0.933766,-0.126811,0.333226,13.680345,83.337471,26.222855,0.059200,0.920945,-0.097453,0.372638,12.747555,49.497246,35.243561,-0.061029,0.867868,0.079413,0.486595,4.400602,4.746241,41.463551,-0.013283,0.969232,0.138775,0.202866,-0.716243,1.742407,-10.845759,-0.061029,0.867868,0.079413,0.486595,16.489223,1.739525,34.220272
108,0.900000,-0.048292,0.944219,0.086585,0.314042,6.638935,83.009148,20.928564,-0.048167,0.936447,0.080907,0.337936,5.586716,90.094933,21.891163,-0.016593,0.936736,0.053779,0.345482,3.355463,105.220970,23.723312,0.041103,0.970365,0.057188,0.231153,2.137591,122.953247,25.316671,0.036796,0.994186,-0.000164,0.101190,3.665356,136.642319,25.529655,-0.072324,0.880916,0.143442,0.445176,-0.639073,117.525063,22.896189,-0.601302,0.464295,-0.285545,0.584234,-10.503699,117.529907,9.507674,0.622409,-0.268599,0.288290,-0.676277,-0.450353,95.430359,4.574599,0.572945,-0.093308,0.583597,-0.567841,12.676782,81.640556,4.490267,-0.085724,0.912825,0.086120,0.389852,4.713188,117.482353,27.462582,0.560889,0.813903,0.151338,-0.007868,16.043896,118.968323,39.544388,0.619769,0.680802,0.321418,-0.221555,25.227551,96.407394,35.021091,-0.807627,-0.466143,-0.251247,0.259470,27.657694,83.647896,22.286676,0.057966,0.918635,0.131391,0.368085,-0.395831,82.684662,15.627440,0.065942,0.986277,0.027403,0.148857,-0.738266,49.095402,5.675129,-0.013284,0.969197,0.138810,0.203008,-6.339763,3.618231,2.289569,-0.030971,0.933760,-0.126841,0.333233,13.673702,83.333633,26.229689,0.059157,0.921022,-0.097347,0.372481,12.738381,49.493828,35.251709,-0.061056,0.867879,0.079528,0.486554,4.399673,4.740462,41.465755,-0.013284,0.969197,0.138810,0.203008,-0.715199,1.740503,-10.843544,-0.061056,0.867879,0.079528,0.486554,16.488123,1.736932,34.220863
109,0.908333,-0.048216,0.944284,0.086416,0.313902,6.626827,83.004463,20.938202,-0.048223,0.936524,0.080889,0.337718,5.576528,90.090782,21.899019,-0.016650,0.936825,0.053747,0.345243,3.343723,105.220581,23.731037,0.041147,0.970433,0.057097,0.230882,2.124755,122.952904,25.322968,0.036673,0.994224,-0.000324,0.100862,3.653896,136.641876,25.533134,-0.072502,0.881017,0.143328,0.444983,-0.652542,117.524162,22.904501,-0.601713,0.464491,-0.285205,0.583821,-10.522015,117.520927,9.519556,0.622722,-0.268749,0.287972,-0.676064,-0.468085,95.421753,4.585983,0.573131,-0.093487,0.583411,-0.567814,12.663308,81.635315,4.495874,-0.085855,0.912908,0.086162,0.389620,4.702013,117.482529,27.468214,0.560914,0.813904,0.151234,-0.007985,16.037994,118.972862,39.544540,0.619989,0.680797,0.321277,-0.221157,25.220140,96.411720,35.019253,-0.807836,-0.465841,-0.251517,0.259098,27.647141,83.639053,22.293243,0.057879,0.918619,0.131484,0.368104,-0.409613,82.680023,15.639297,0.065888,0.986309,0.027529,0.148648,-0.743736,49.091770,5.683296,-0.013300,0.969183,0.138892,0.203018,-6.339324,3.614578,2.288281,-0.030947,0.933778,-0.126879,0.333172,13.663268,83.328903,26.237106,0.059071,0.921089,-0.097212,0.372365,12.726122,49.489655,35.261040,-0.061215,0.867900,0.079620,0.486479,4.400021,4.732943,41.467873,-0.013300,0.969183,0.138892,0.203018,-0.714298,1.739237,-10.844975,-0.061215,0.867900,0.079620,0.486479,16.488609,1.733903,34.221352
110,0.916667,-0.048132,0.944330,0.086430,0.313774,6.616212,83.003128,20.946423,-0.048234,0.936605,0.080808,0.337513,5.567125,90.089531,21.907953,-0.016742,0.936908,0.053787,0.345007,3.335556,105.217621,23.737782,0.040794,0.970497,0.056903,0.230724,2.113422,122.949684,25.330219,0.036742,0.994222,-0.000371,0.100863,3.634153,136.639709,25.532616,-0.072490,0.881082,0.143314,0.444860,-0.663855,117.520309,22.913145,-0.601897,0.464304,-0.285423,0.583674,-10.537029,117.516479,9.530929,0.622602,-0.269130,0.287548,-0.676204,-0.480632,95.414444,4.615253,0.573349,-0.093537,0.583060,-0.567947,12.650052,81.631912,4.502553,-0.085960,0.912974,0.086177,0.389439,4.692952,117.479897,27.474228,0.560893,0.813933,0.151153,-0.008085,16.033026,118.973907,39.546257,0.620254,0.680685,0.321181,-0.220898,25.216284,96.413551,35.019325,-0.807996,-0.465628,-0.251754,0.258753,27.635416,83.633438,22.300131,0.057813,0.918590,0.131491,0.368184,-0.421781,82.679924,15.649505,0.065825,0.986349,0.027750,0.148365,-0.750645,49.091263,5.694731,-0.013313,0.969165,0.138869,0.203117,-6.338468,3.614432,2.282143,-0.031009,0.933780,-0.126902,0.333152,13.654205,83.326324,26.243341,0.059131,0.921084,-0.097137,0.372388,12.720755,49.487762,35.270206,-0.061169,0.867857,0.079675,0.486554,4.391994,4.730350,41.468433,-0.013313,0.969165,0.138869,0.203117,-0.710794,1.738481,-10.849894,-0.061169,0.867857,0.079675,0.486554,16.481627,1.732031,34.223354
111,0.925000,-0.048197,0.944361,0.086134,0.313751,6.611980,82.996895,20.958908,-0.048367,0.936653,0.080859,0.337347,5.563366,90.083946,21.916161,-0.016856,0.936982,0.053716,0.344811,3.327005,105.216530,23.747059,0.040607,0.970523,0.056999,0.230623,2.102275,122.948715,25.335957,0.036567,0.994229,-0.000570,0.100856,3.617267,136.639359,25.539524,-0.072632,0.881187,0.143263,0.444645,-0.674984,117.518295,22.921238,-0.601984,0.464219,-0.285370,0.583678,-10.553835,117.508270,9.543222,0.622610,-0.269309,0.287458,-0.676164,-0.492030,95.408241,4.629567,0.573585,-0.093491,0.582866,-0.567915,12.635815,81.625328,4.510651,-0.086033,0.913051,0.086130,0.389253,4.683667,117.479897,27.480167,0.560861,0.813956,0.151145,-0.008103,16.028114,118.977478,39.547634,0.620447,0.680598,0.321155,-0.220661,25.213129,96.417892,35.020432,-0.808087,-0.465461,-0.252024,0.258507,27.627445,83.631531,22.305672,0.057904,0.918550,0.131590,0.368236,-0.426157,82.670929,15.662355,0.065813,0.986311,0.027780,0.148617,-0.757709,49.084835,5.698985,-0.013218,0.969134,0.139024,0.203170,-6.343171,3.608012,2.282436,-0.030935,0.933760,-0.126914,0.333210,13.650118,83.322861,26.255459,0.059091,0.921163,-0.096989,0.372237,12.711000,49.484203,35.281391,-0.061279,0.867841,0.079765,0.486553,4.391591,4.723725,41.470024,-0.013218,0.969134,0.139024,0.203170,-0.714639,1.735880,-10.849772,-0.061279,0.867841,0.079765,0.486553,16.482204,1.729174,34.225037
112,0.933333,-0.048145,0.944419,0.086181,0.313573,6.600661,82.996056,20.968334,-0.048335,0.936727,0.080760,0.337170,5.552713,90.083061,21.926662,-0.016986,0.937044,0.053709,0.344638,3.318538,105.216896,23.755558,0.040597,0.970571,0.056818,0.230466,2.089805,122.948959,25.342855,0.036477,0.994246,-0.000683,0.100712,3.605460,136.639603,25.541115,-0.072734,0.881282,0.143372,0.444406,-0.686911,117.517532,22.929743,-0.602350,0.464326,-0.285015,0.583389,-10.572320,117.504761,9.556571,0.622862,-0.269416,0.287193,-0.676001,-0.505382,95.407501,4.641033,0.573729,-0.093715,0.582578,-0.568027,12.627217,81.626823,4.517484,-0.086073,0.913143,0.086104,0.389035,4.673366,117.481041,27.486780,0.560880,0.813972,0.150980,-0.008218,16.023254,118.981079,39.548832,0.620783,0.680462,0.320986,-0.220383,25.207102,96.421051,35.021450,-0.808039,-0.465559,-0.252432,0.258082,27.610693,83.624863,22.314598,0.057822,0.918517,0.131681,0.368299,-0.439541,82.670883,15.674474,0.065750,0.986320,0.027894,0.148567,-0.762763,49.085808,5.707409,-0.013557,0.969156,0.138838,0.203165,-6.341123,3.608799,2.281641,-0.031008,0.933731,-0.126913,0.333284,13.640862,83.321228,26.262194,0.059076,0.921164,-0.096916,0.372256,12.705824,49.482853,35.289608,-0.060750,0.867830,0.080010,0.486600,4.389959,4.720914,41.472454,-0.013557,0.969156,0.138838,0.203165,-0.710427,1.733325,-10.849168,-0.060750,0.867830,0.080010,0.486600,16.478371,1.724948,34.224369
113,0.941667,-0.048134,0.944487,0.086094,0.313393,6.589303,82.993523,20.979874,-0.048279,0.936795,0.080682,0.337009,5.542077,90.080750,21.937279,-0.017104,0.937098,0.053668,0.344493,3.310379,105.216728,23.765110,0.040492,0.970617,0.056731,0.230313,2.078465,122.948799,25.349777,0.036373,0.994267,-0.000809,0.100550,3.591634,136.639771,25.544703,-0.072679,0.881430,0.143283,0.444149,-0.697842,117.516396,22.938398,-0.602397,0.464646,-0.284284,0.583442,-10.591111,117.502342,9.571050,0.623183,-0.269156,0.287720,-0.675585,-0.518297,95.414810,4.623892,0.573808,-0.093738,0.582317,-0.568212,12.613015,81.622871,4.527285,-0.086096,0.913171,0.085906,0.389008,4.663780,117.481781,27.493862,0.560834,0.814031,0.150820,-0.008455,16.014231,118.985214,39.554955,0.621052,0.680330,0.320868,-0.220203,25.200451,96.427116,35.022747,-0.808053,-0.465635,-0.252756,0.257581,27.594921,83.623253,22.319975,0.057725,0.918536,0.131810,0.368219,-0.452901,82.667717,15.688721,0.065725,0.986313,0.028003,0.148602,-0.767350,49.084236,5.716010,-0.013275,0.969133,0.138976,0.203201,-6.341890,3.607497,2.280496,-0.031044,0.933780,-0.126908,0.333144,13.631505,83.319321,26.271027,0.059076,0.921268,-0.096784,0.372032,12.700233,49.481018,35.299107,-0.061251,0.867830,0.079974,0.486543,4.390307,4.716739,41.472939,-0.013275,0.969133,0.138976,0.203201,-0.712189,1.734323,-10.851061,-0.061251,0.867830,0.079974,0.486543,16.481131,1.726924,34.226349
114,0.950000,-0.047995,0.944523,0.086017,0.313328,6.574499,82.994194,20.990198,-0.048222,0.936867,0.080652,0.336824,5.529576,90.081810,21.947266,-0.017208,0.937178,0.053611,0.344279,3.300486,105.216156,23.775047,0.040469,0.970659,0.056659,0.230161,2.066165,122.948326,25.356808,0.036188,0.994284,-0.000984,0.100442,3.578955,136.639374,25.549294,-0.072864,0.881512,0.143197,0.443985,-0.710258,117.514969,22.947716,-0.602666,0.464449,-0.284708,0.583114,-10.607499,117.493248,9.583311,0.623106,-0.269641,0.286954,-0.675789,-0.537570,95.397774,4.665843,0.574123,-0.093876,0.581945,-0.568252,12.599401,81.613831,4.535628,-0.086173,0.913248,0.085856,0.388821,4.653387,117.482170,27.500814,0.560791,0.814089,0.150660,-0.008601,16.008230,118.989349,39.557312,0.621293,0.680267,0.320666,-0.220011,25.196716,96.432404,35.023975,-0.808166,-0.465528,-0.252882,0.257296,27.583652,83.618721,22.326803,0.057532,0.918475,0.131811,0.368402,-0.468663,82.670151,15.700208,0.065725,0.986383,0.028262,0.148089,-0.768737,49.085125,5.732256,-0.013184,0.969135,0.138846,0.203286,-6.341521,3.609726,2.276232,-0.031147,0.933768,-0.126822,0.333202,13.617661,83.318237,26.280191,0.059048,0.921273,-0.096710,0.372043,12.694658,49.478848,35.305061,-0.061319,0.867826,0.079995,0.486538,4.389565,4.712924,41.473534,-0.013184,0.969135,0.138846,0.203286,-0.710411,1.732328,-10.854125,-0.061319,0.867826,0.079995,0.486538,16.480837,1.724573,34.227077
115,0.958333,-0.047970,0.944546,0.085773,0.313330,6.567493,82.987572,21.003117,-0.048615,0.936866,0.080791,0.336737,5.524000,90.075836,21.956991,-0.017152,0.937229,0.053501,0.344158,3.280929,105.217834,23.785975,0.040476,0.970696,0.056541,0.230031,2.050026,122.950493,25.364920,0.036161,0.994300,-0.001122,0.100296,3.563566,136.641510,25.553984,-0.072990,0.881571,0.143090,0.443882,-0.727951,117.517174,22.957525,-0.602836,0.464421,-0.284612,0.583008,-10.627619,117.489540,9.594934,0.623207,-0.269775,0.286770,-0.675720,-0.553659,95.395287,4.680243,0.574327,-0.093881,0.581822,-0.568171,12.586292,81.610771,4.544016,-0.086194,0.913451,0.086042,0.388298,4.636889,117.484283,27.509212,0.560983,0.814037,0.150223,-0.008673,16.005131,118.991768,39.553032,0.621443,0.680251,0.320488,-0.219899,25.182892,96.428894,35.027500,-0.808372,-0.465508,-0.252746,0.256818,27.565464,83.605858,22.332264,0.057489,0.918503,0.131933,0.368294,-0.475685,82.662582,15.713209,0.065706,0.986417,0.028376,0.147850,-0.770911,49.079460,5.738697,-0.013371,0.969105,0.138944,0.203349,-6.341214,3.604421,2.273938,-0.031167,0.933759,-0.126747,0.333255,13.610671,83.312561,26.293024,0.059130,0.921647,-0.096612,0.371129,12.690207,49.471943,35.313530,-0.061115,0.867831,0.080283,0.486507,4.387584,4.705176,41.479187,-0.013371,0.969105,0.138944,0.203349,-0.706979,1.730809,-10.855612,-0.061115,0.867831,0.080283,0.486507,16.477718,1.721024,34.229111
116,0.966667,-0.047957,0.944606,0.085804,0.313142,6.557129,82.984688,21.011772,-0.048582,0.936936,0.080731,0.336561,5.513865,90.072891,21.966337,-0.017257,0.937290,0.053481,0.343990,3.272653,105.215607,23.794422,0.040353,0.970752,0.056472,0.229831,2.038770,122.948219,25.371647,0.036119,0.994324,-0.001301,0.100064,3.549192,136.639618,25.557623,-0.072942,0.881728,0.142999,0.443606,-0.738956,117.514053,22.965864,-0.602912,0.464341,-0.284552,0.583021,-10.646995,117.484772,9.609480,0.623371,-0.269908,0.286600,-0.675588,-0.567713,95.392654,4.696084,0.574697,-0.094782,0.580817,-0.568675,12.578341,81.603821,4.555492,-0.086207,0.913472,0.085686,0.388324,4.627458,117.482780,27.515707,0.560959,0.814090,0.150005,-0.008993,15.994962,118.995247,39.559601,0.621628,0.680271,0.320229,-0.219688,25.173763,96.434143,35.027401,-0.808399,-0.465526,-0.252974,0.256478,27.551546,83.600243,22.339626,0.057269,0.918686,0.132129,0.367802,-0.488150,82.659752,15.724659,0.065735,0.986432,0.028443,0.147719,-0.769467,49.078503,5.743438,-0.013184,0.969100,0.138951,0.203381,-6.341908,3.604165,2.272902,-0.031236,0.933791,-0.126753,0.333154,13.602408,83.309624,26.298887,0.059142,0.921675,-0.096524,0.371081,12.687291,49.469406,35.321434,-0.061225,0.867830,0.080302,0.486492,4.386959,4.701209,41.479717,-0.013184,0.969100,0.138951,0.203381,-0.708194,1.729692,-10.856750,-0.061225,0.867830,0.080302,0.486492,16.477657,1.719066,34.229748
117,0.975000,-0.048036,0.944621,0.085747,0.313099,6.549439,82.983658,21.024773,-0.048694,0.936981,0.080641,0.336440,5.505397,90.071884,21.978251,-0.017343,0.937344,0.053452,0.343842,3.261967,105.215668,23.802996,0.040290,0.970794,0.056396,0.229686,2.025824,122.948280,25.378370,0.036013,0.994343,-0.001493,0.099914,3.534828,136.639862,25.561560,-0.072875,0.881909,0.142837,0.443310,-0.751798,117.513382,22.974117,-0.603044,0.464256,-0.284429,0.583013,-10.668890,117.481850,9.624457,0.623618,-0.270141,0.286560,-0.675284,-0.582223,95.392929,4.711864,0.575280,-0.095465,0.579973,-0.568832,12.566781,81.593155,4.570072,-0.086198,0.913530,0.085679,0.388192,4.616011,117.483505,27.522326,0.560882,0.814150,0.149966,-0.009020,15.986975,118.996346,39.562908,0.621763,0.680229,0.320148,-0.219557,25.170050,96.436874,35.031231,-0.808478,-0.465407,-0.253076,0.256344,27.543962,83.597656,22.346529,0.057273,0.918647,0.132262,0.367850,-0.496186,82.657013,15.738225,0.065733,0.986392,0.028461,0.147984,-0.773728,49.078247,5.748542,-0.013293,0.969100,0.138880,0.203423,-6.344764,3.603968,2.274926,-0.031255,0.933818,-0.126670,0.333109,13.595065,83.310303,26.311319,0.059135,0.921726,-0.096444,0.370976,12.683574,49.468693,35.329033,-0.061240,0.867864,0.080375,0.486418,4.387183,4.698997,41.481796,-0.013293,0.969100,0.138880,0.203423,-0.709255,1.728094,-10.853757,-0.061240,0.867864,0.080375,0.486418,16.476982,1.718843,34.229515
118,0.983333,-0.048038,0.944688,0.085860,0.312867,6.539152,82.985458,21.033405,-0.048726,0.937056,0.080584,0.336242,5.494812,90.073410,21.988661,-0.017368,0.937415,0.053464,0.343647,3.251724,105.215393,23.811665,0.040201,0.970851,0.056253,0.229494,2.014906,122.947929,25.387392,0.035938,0.994363,-0.001616,0.099739,3.522160,136.639771,25.565735,-0.072996,0.881924,0.142971,0.443217,-0.763303,117.512810,22.984335,-0.603184,0.464308,-0.284331,0.582875,-10.682557,117.479240,9.636280,0.623752,-0.270334,0.286532,-0.675094,-0.595501,95.390327,4.724439,0.575610,-0.095320,0.579894,-0.568605,12.550031,81.587456,4.580437,-0.086350,0.913598,0.085657,0.388001,4.606388,117.483376,27.530327,0.560855,0.814186,0.149868,-0.009139,15.981403,119.001854,39.566380,0.622041,0.680166,0.319956,-0.219243,25.165886,96.443329,35.032810,-0.808542,-0.465329,-0.253358,0.256005,27.532276,83.593163,22.357201,0.057148,0.918661,0.132341,0.367806,-0.509031,82.658997,15.750252,0.065707,0.986403,0.028582,0.147903,-0.776993,49.080704,5.758739,-0.013469,0.969103,0.138767,0.203474,-6.344326,3.606749,2.275000,-0.031319,0.933817,-0.126659,0.333110,13.587335,83.311920,26.316559,0.059025,0.921528,-0.096416,0.371491,12.680307,49.470398,35.335041,-0.061113,0.867902,0.080429,0.486356,4.390675,4.699025,41.484676,-0.013469,0.969103,0.138767,0.203474,-0.706322,1.728657,-10.852301,-0.061113,0.867902,0.080429,0.486356,16.478756,1.718382,34.229713
119,0.991667,-0.048138,0.944656,0.085601,0.313018,6.534293,82.982193,21.049778,-0.048927,0.937081,0.080549,0.336151,5.489595,90.070648,22.000902,-0.017461,0.937475,0.053458,0.343479,3.240527,105.217087,23.821609,0.040060,0.970897,0.056193,0.229338,2.000970,122.949532,25.396198,0.035961,0.994375,-0.001792,0.099609,3.504605,136.641815,25.571695,-0.073295,0.881888,0.143089,0.443201,-0.777059,117.513680,22.994577,-0.603151,0.464244,-0.284484,0.582886,-10.695320,117.473068,9.645811,0.623826,-0.270259,0.286225,-0.675186,-0.609626,95.382263,4.739682,0.575734,-0.095650,0.579515,-0.568810,12.541456,81.590172,4.590203,-0.086391,0.913699,0.085626,0.387762,4.594201,117.485641,27.538723,0.560803,0.814239,0.149774,-0.009150,15.975147,119.006744,39.568829,0.622259,0.680056,0.319872,-0.219089,25.162506,96.448875,35.037827,-0.808598,-0.465324,-0.253505,0.255691,27.521706,83.592041,22.365002,0.057204,0.918666,0.132473,0.367739,-0.512047,82.652893,15.764348,0.065693,0.986387,0.028625,0.148008,-0.780851,49.077496,5.763141,-0.013358,0.969092,0.138871,0.203462,-6.345995,3.603604,2.275111,-0.031346,0.933871,-0.126513,0.333011,13.580634,83.311493,26.335207,0.059089,0.921600,-0.096326,0.371327,12.679763,49.467499,35.345016,-0.060529,0.867851,0.080737,0.486470,4.388890,4.695216,41.486389,-0.013358,0.969092,0.138871,0.203462,-0.709009,1.727807,-10.852947,-0.060529,0.867851,0.080737,0.486470,16.475636,1.713962,34.229469
120,1.000000,-0.048147,0.944722,0.085645,0.312806,6.523757,82.981064,21.061117,-0.049053,0.937136,0.080462,0.336000,5.478953,90.069397,22.013029,-0.017455,0.937530,0.053429,0.343334,3.226814,105.220047,23.830770,0.040083,0.970944,0.056071,0.229167,1.988032,122.952606,25.404648,0.035841,0.994400,-0.001949,0.099396,3.492787,136.644806,25.576609,-0.073485,0.882037,0.142889,0.442938,-0.790828,117.516647,23.004223,-0.603449,0.464251,-0.284234,0.582693,-10.715923,117.465927,9.660567,0.624014,-0.270417,0.285987,-0.675050,-0.623518,95.377983,4.755375,0.575958,-0.095761,0.579305,-0.568777,12.529275,81.588051,4.599629,-0.086017,0.913871,0.085270,0.387518,4.581836,117.488815,27.546709,0.560798,0.814302,0.149436,-0.009260,15.971230,119.004311,39.569527,0.622373,0.679960,0.319830,-0.219122,25.158724,96.445503,35.043461,-0.808733,-0.465167,-0.253603,0.255455,27.511892,83.590050,22.372160,0.057081,0.918708,0.132640,0.367593,-0.524906,82.651482,15.778801,0.065707,0.986334,0.028642,0.148348,-0.783011,49.078194,5.770212,-0.013708,0.969109,0.138691,0.203481,-6.347962,3.604558,2.278483,-0.031400,0.933892,-0.126478,0.332961,13.572422,83.310638,26.343431,0.059086,0.921628,-0.096217,0.371285,12.676363,49.466263,35.352283,-0.061168,0.867827,0.080634,0.486449,4.389706,4.692006,41.484966,-0.013708,0.969109,0.138691,0.203481,-0.708116,1.725638,-10.847904,-0.061168,0.867827,0.080634,0.486449,16.480225,1.717223,34.231674
121,1.008333,-0.048269,0.944684,0.085139,0.313040,6.522729,82.973824,21.083166,-0.049396,0.937145,0.080448,0.335926,5.478285,90.063232,22.027401,-0.017678,0.937587,0.053365,0.343176,3.215354,105.220886,23.842276,0.040046,0.970968,0.056039,0.229078,1.970180,122.953415,25.411499,0.035845,0.994403,-0.002095,0.099363,3.474021,136.645737,25.582180,-0.073541,0.882062,0.143017,0.442837,-0.807317,117.515709,23.013485,-0.603868,0.464353,-0.283956,0.582313,-10.735119,117.464676,9.671847,0.624198,-0.270610,0.285811,-0.674877,-0.639617,95.377396,4.770046,0.576073,-0.095780,0.579052,-0.568915,12.515012,81.585243,4.608923,-0.086059,0.913971,0.085317,0.387261,4.566771,117.491234,27.554304,0.560747,0.814360,0.149312,-0.009284,15.962529,119.008408,39.570873,0.622581,0.679905,0.319655,-0.218958,25.152857,96.450195,35.047634,-0.808675,-0.465291,-0.253784,0.255229,27.499428,83.586220,22.381084,0.057165,0.918865,0.132873,0.367103,-0.523143,82.639793,15.797409,0.065694,0.986343,0.028688,0.148284,-0.785793,49.071510,5.772161,-0.013493,0.969066,0.138945,0.203527,-6.349179,3.597957,2.276868,-0.031353,0.933994,-0.126279,0.332755,13.568601,83.307846,26.368921,0.059256,0.922055,-0.096094,0.370229,12.676203,49.459740,35.364117,-0.061200,0.867850,0.080756,0.486385,4.386322,4.685175,41.490154,-0.013493,0.969066,0.138945,0.203527,-0.709423,1.725003,-10.850408,-0.061200,0.867850,0.080756,0.486385,16.476336,1.713825,34.234623
122,1.016667,-0.048320,0.944788,0.085593,0.312594,6.509613,82.977547,21.089809,-0.049305,0.937243,0.080300,0.335703,5.462899,90.065765,22.040462,-0.017782,0.937644,0.053364,0.343015,3.204948,105.221809,23.852245,0.040018,0.971009,0.055918,0.228941,1.956566,122.954201,25.420370,0.035750,0.994418,-0.002226,0.099242,3.460233,136.646591,25.587311,-0.073628,0.882160,0.142859,0.442679,-0.820577,117.515709,23.023731,-0.603986,0.464371,-0.283822,0.582242,-10.752611,117.458809,9.685267,0.624361,-0.270703,0.285745,-0.674717,-0.654138,95.373161,4.782238,0.576399,-0.095495,0.579121,-0.568563,12.498585,81.582047,4.620572,-0.086163,0.914064,0.085357,0.387012,4.555007,117.492744,27.562786,0.560735,0.814400,0.149133,-0.009363,15.956597,119.013557,39.573364,0.622641,0.679945,0.319505,-0.218883,25.147501,96.455208,35.051979,-0.808953,-0.464943,-0.253605,0.255163,27.492994,83.584587,22.387476,0.057012,0.918810,0.132978,0.367226,-0.541101,82.644424,15.810453,0.065658,0.986360,0.028831,0.148163,-0.789846,49.076866,5.782414,-0.013487,0.969082,0.138779,0.203566,-6.348409,3.603634,2.275311,-0.031440,0.933988,-0.126302,0.332754,13.560328,83.310669,26.369164,0.059144,0.921808,-0.096064,0.370868,12.673033,49.463352,35.367840,-0.061106,0.867887,0.080761,0.486329,4.389299,4.687050,41.489491,-0.013487,0.969082,0.138779,0.203566,-0.707859,1.725937,-10.850949,-0.061106,0.867887,0.080761,0.486329,16.477777,1.714454,34.231903
123,1.025000,-0.048321,0.944779,0.085423,0.312667,6.498905,82.973862,21.108223,-0.049324,0.937291,0.080071,0.335622,5.452866,90.062500,22.056484,-0.017919,0.937690,0.053392,0.342879,3.196694,105.220688,23.861826,0.039971,0.971055,0.055821,0.228776,1.943598,122.952797,25.429396,0.035686,0.994440,-0.002381,0.099040,3.446358,136.645325,25.593046,-0.073617,0.882296,0.142763,0.442440,-0.832622,117.513367,23.033789,-0.604180,0.464418,-0.283564,0.582128,-10.771730,117.453911,9.700605,0.624461,-0.270770,0.285668,-0.674630,-0.668196,95.371407,4.793830,0.576466,-0.095463,0.579022,-0.568601,12.485283,81.580147,4.630620,-0.086194,0.914118,0.085324,0.386884,4.544208,117.492210,27.571377,0.560660,0.814482,0.148965,-0.009433,15.948907,119.014915,39.578766,0.622866,0.679647,0.319450,-0.219250,25.143909,96.457764,35.059750,-0.807860,-0.466864,-0.254123,0.254600,27.472984,83.594124,22.389116,0.056978,0.918845,0.133216,0.367058,-0.551002,82.639908,15.827841,0.065672,0.986334,0.028811,0.148335,-0.793122,49.076534,5.785650,-0.013212,0.969084,0.138868,0.203512,-6.352663,3.603372,2.279163,-0.031500,0.934010,-0.126053,0.332782,13.548811,83.307816,26.388603,0.059158,0.921688,-0.095992,0.371183,12.671052,49.456367,35.372650,-0.061378,0.867797,0.080859,0.486439,4.386535,4.678929,41.484909,-0.013212,0.969084,0.138868,0.203512,-0.715449,1.726666,-10.848670,-0.061378,0.867797,0.080859,0.486439,16.478926,1.712634,34.231262
124,1.033333,-0.047913,0.944672,0.084877,0.313202,6.473466,82.963120,21.143637,-0.049279,0.937325,0.079350,0.335704,5.434878,90.053673,22.085783,-0.017979,0.937727,0.053397,0.342774,3.186466,105.220711,23.871305,0.039887,0.971088,0.055710,0.228678,1.931502,122.952721,25.438435,0.035593,0.994452,-0.002499,0.098957,3.432589,136.645477,25.598352,-0.073509,0.882387,0.142755,0.442279,-0.844556,117.512871,23.043644,-0.604363,0.464481,-0.283432,0.581953,-10.788923,117.455467,9.714383,0.624642,-0.270794,0.285395,-0.674569,-0.684585,95.373146,4.808452,0.576643,-0.095634,0.578634,-0.568788,12.476131,81.585220,4.640700,-0.086240,0.914174,0.085305,0.386744,4.533252,117.492554,27.580076,0.560606,0.814537,0.148862,-0.009514,15.941267,119.017456,39.584030,0.622940,0.679631,0.319275,-0.219341,25.139225,96.461510,35.065002,-0.807916,-0.466884,-0.253884,0.254625,27.463318,83.596893,22.396183,0.056850,0.918856,0.133629,0.366900,-0.571225,82.633835,15.856012,0.065614,0.986408,0.028953,0.147839,-0.796050,49.077152,5.791090,-0.013294,0.969061,0.138879,0.203612,-6.350171,3.604043,2.275366,-0.031909,0.934062,-0.125483,0.332812,13.518158,83.292404,26.431263,0.059376,0.921949,-0.095923,0.370519,12.680343,49.432713,35.388027,-0.061720,0.867792,0.081414,0.486313,4.384139,4.656437,41.492970,-0.013294,0.969061,0.138879,0.203612,-0.709740,1.728062,-10.851185,-0.061720,0.867792,0.081414,0.486313,16.478294,1.708579,34.234760
125,1.041667,-0.048670,0.944932,0.086025,0.311985,6.477489,82.986229,21.124760,-0.049228,0.937438,0.079838,0.335279,5.424705,90.072891,22.080330,-0.017953,0.937778,0.053464,0.342625,3.176095,105.220726,23.879423,0.039701,0.971159,0.055713,0.228408,1.921438,122.952522,25.449320,0.035632,0.994487,-0.002700,0.098586,3.417160,136.645874,25.607533,-0.073631,0.882398,0.142843,0.442208,-0.855331,117.512939,23.054697,-0.604364,0.464615,-0.283540,0.581792,-10.801210,117.452896,9.726561,0.624758,-0.270730,0.285107,-0.674608,-0.706043,95.365700,4.823673,0.576719,-0.095741,0.578457,-0.568873,12.463675,81.583595,4.651532,-0.086336,0.914160,0.085180,0.386783,4.523939,117.492081,27.589396,0.560564,0.814561,0.148886,-0.009558,15.930420,119.021355,39.594261,0.623005,0.679603,0.319228,-0.219311,25.130650,96.466759,35.073071,-0.807898,-0.466938,-0.253910,0.254558,27.452507,83.599068,22.404154,0.056840,0.918799,0.133224,0.367192,-0.579328,82.648613,15.853848,0.064724,0.986732,0.029515,0.145942,-0.810966,49.084274,5.814627,-0.013443,0.969369,0.138941,0.202088,-6.283801,3.603518,2.270453,-0.031661,0.934021,-0.126031,0.332743,13.534305,83.323845,26.395672,0.059120,0.921692,-0.095918,0.371200,12.667961,49.472706,35.381992,-0.061199,0.867892,0.080631,0.486330,4.388967,4.693550,41.489197,-0.013443,0.969369,0.138941,0.202088,-0.681918,1.730764,-10.873063,-0.061199,0.867892,0.080631,0.486330,16.477743,1.719058,34.232872
126,1.050000,-0.048768,0.944938,0.085873,0.311994,6.466568,82.985817,21.140142,-0.049222,0.937461,0.079708,0.335247,5.413110,90.072716,22.093206,-0.018019,0.937793,0.053469,0.342580,3.165741,105.223373,23.888958,0.039690,0.971169,0.055644,0.228383,1.908863,122.955063,25.458271,0.035531,0.994492,-0.002843,0.098569,3.404674,136.648422,25.614525,-0.073502,0.882527,0.142867,0.441965,-0.867390,117.515015,23.064098,-0.604765,0.464722,-0.283162,0.581475,-10.821030,117.457642,9.741749,0.625012,-0.271041,0.285133,-0.674237,-0.720152,95.373367,4.837440,0.577127,-0.095421,0.578436,-0.568534,12.447461,81.579529,4.664471,-0.086460,0.914189,0.085341,0.386652,4.512273,117.495056,27.598337,0.560465,0.814623,0.148921,-0.009570,15.921423,119.026505,39.600391,0.623034,0.679862,0.318871,-0.218947,25.127178,96.474327,35.078426,-0.809169,-0.464775,-0.253070,0.255314,27.453922,83.590843,22.422108,0.056691,0.918802,0.133516,0.367101,-0.589988,82.645744,15.869040,0.065604,0.986328,0.029152,0.148339,-0.805357,49.085686,5.815179,-0.013644,0.969097,0.138538,0.203646,-6.353980,3.613517,2.278741,-0.031758,0.934055,-0.125856,0.332704,13.523123,83.325890,26.411247,0.059150,0.921701,-0.095843,0.371191,12.667664,49.472107,35.388653,-0.061072,0.867846,0.080820,0.486397,4.388732,4.691953,41.488609,-0.013644,0.969097,0.138538,0.203646,-0.710481,1.729850,-10.845397,-0.061072,0.867846,0.080820,0.486397,16.478241,1.720364,34.232319
127,1.058333,-0.048849,0.944991,0.085862,0.311824,6.455438,82.989021,21.152719,-0.049232,0.937515,0.079581,0.335124,5.401104,90.075829,22.105446,-0.018103,0.937830,0.053499,0.342469,3.155492,105.223549,23.897310,0.039550,0.971200,0.055604,0.228288,1.895636,122.955009,25.466745,0.035552,0.994497,-0.002988,0.098506,3.387830,136.648804,25.620821,-0.073557,0.882581,0.142798,0.441869,-0.880136,117.514435,23.073256,-0.604931,0.464812,-0.283047,0.581286,-10.836329,117.453850,9.752835,0.625146,-0.271079,0.285076,-0.674122,-0.736378,95.369011,4.849178,0.577224,-0.095387,0.578312,-0.568567,12.430506,81.576828,4.676541,-0.086613,0.914213,0.085360,0.386558,4.500556,117.495522,27.606274,0.560366,0.814689,0.148935,-0.009526,15.911227,119.031693,39.606266,0.623308,0.679517,0.318856,-0.219258,25.122478,96.481339,35.086376,-0.808042,-0.466774,-0.253569,0.254739,27.431593,83.603722,22.423561,0.056713,0.918823,0.133516,0.367045,-0.602838,82.647232,15.884036,0.064694,0.986708,0.029663,0.146089,-0.820261,49.087357,5.829606,-0.013429,0.969350,0.138936,0.202180,-6.287820,3.607049,2.271590,-0.031810,0.934058,-0.125698,0.332750,13.513714,83.330803,26.421404,0.059126,0.921647,-0.095820,0.371335,12.664929,49.474464,35.389782,-0.061179,0.867848,0.080757,0.486389,4.387871,4.693645,41.487389,-0.013429,0.969350,0.138936,0.202180,-0.683652,1.734042,-10.870910,-0.061179,0.867848,0.080757,0.486389,16.477818,1.722018,34.231861
128,1.066667,-0.048855,0.945009,0.085643,0.311829,6.445633,82.987915,21.168467,-0.049286,0.937552,0.079441,0.335047,5.392184,90.075264,22.118193,-0.018199,0.937866,0.053512,0.342363,3.146537,105.223907,23.905716,0.039375,0.971220,0.055580,0.228238,1.883496,122.955200,25.474545,0.035562,0.994493,-0.003103,0.098536,3.371085,136.649506,25.626770,-0.073783,0.882585,0.142912,0.441787,-0.891706,117.513954,23.081913,-0.605289,0.464962,-0.282782,0.580922,-10.849197,117.447998,9.762488,0.625442,-0.271169,0.284929,-0.673873,-0.748768,95.363129,4.859948,0.577427,-0.095291,0.578301,-0.568389,12.415997,81.575836,4.687300,-0.086640,0.914261,0.085240,0.386465,4.489957,117.496323,27.613783,0.560336,0.814719,0.148887,-0.009494,15.902862,119.035271,39.611298,0.623248,0.679771,0.318690,-0.218887,25.115849,96.485046,35.094288,-0.809479,-0.464394,-0.252765,0.255327,27.434317,83.593765,22.439415,0.056656,0.918848,0.133700,0.366923,-0.612584,82.644814,15.899786,0.064654,0.986693,0.029748,0.146194,-0.822858,49.087925,5.835238,-0.013489,0.969355,0.138943,0.202150,-6.285265,3.607604,2.269433,-0.031887,0.934126,-0.125581,0.332598,13.503849,83.331017,26.437145,0.059201,0.921786,-0.095731,0.371000,12.664327,49.472958,35.399925,-0.061129,0.867879,0.080859,0.486324,4.386078,4.691401,41.490505,-0.013489,0.969355,0.138943,0.202150,-0.681423,1.735129,-10.873281,-0.061129,0.867879,0.080859,0.486324,16.474892,1.721533,34.232357
129,1.075000,-0.048928,0.945055,0.085764,0.311644,6.433798,82.990097,21.179379,-0.049181,0.937627,0.079287,0.334890,5.378996,90.077042,22.130610,-0.018358,0.937914,0.053564,0.342217,3.138484,105.225075,23.914991,0.039348,0.971238,0.055570,0.228168,1.869739,122.955963,25.483795,0.035511,0.994495,-0.003308,0.098530,3.356588,136.650375,25.635445,-0.073814,0.882659,0.142847,0.441655,-0.904271,117.513695,23.092096,-0.605559,0.465128,-0.282474,0.580658,-10.865502,117.445061,9.775477,0.625732,-0.271237,0.284799,-0.673632,-0.764070,95.361580,4.868767,0.577629,-0.095401,0.578207,-0.568262,12.401417,81.576347,4.696920,-0.086862,0.914283,0.085346,0.386339,4.478721,117.498039,27.622396,0.560302,0.814757,0.148806,-0.009509,15.893600,119.042793,39.617287,0.623619,0.679222,0.318736,-0.219463,25.108444,96.492958,35.102108,-0.807364,-0.467892,-0.253935,0.254476,27.400414,83.614288,22.434208,0.056581,0.918882,0.133803,0.366812,-0.626328,82.646111,15.913314,0.064547,0.986730,0.029871,0.145964,-0.830284,49.090557,5.844205,-0.013210,0.969376,0.139010,0.202020,-6.282243,3.609645,2.270010,-0.031951,0.934155,-0.125492,0.332545,13.493922,83.334084,26.445442,0.059178,0.921762,-0.095685,0.371075,12.661203,49.474739,35.404003,-0.061240,0.867878,0.080815,0.486319,4.385951,4.692120,41.490829,-0.013210,0.969376,0.139010,0.202020,-0.683773,1.737553,-10.875051,-0.061240,0.867878,0.080815,0.486319,16.475340,1.722757,34.233429
130,1.083333,-0.049015,0.945109,0.085969,0.311411,6.421880,82.994041,21.189291,-0.049131,0.937672,0.079204,0.334790,5.365218,90.080353,22.143173,-0.018523,0.937930,0.053535,0.342166,3.127517,105.226921,23.925686,0.039319,0.971251,0.055507,0.228132,1.853678,122.957703,25.491575,0.035561,0.994496,-0.003400,0.098499,3.340080,136.652176,25.641260,-0.073964,0.882682,0.142880,0.441574,-0.918936,117.514206,23.101048,-0.605700,0.465131,-0.282365,0.580561,-10.881807,117.441200,9.785678,0.625862,-0.271190,0.284631,-0.673601,-0.777442,95.358864,4.879847,0.577675,-0.095493,0.578083,-0.568325,12.391413,81.579361,4.706966,-0.086989,0.914408,0.085493,0.385981,4.464459,117.500923,27.630875,0.560322,0.814793,0.148528,-0.009546,15.887774,119.049034,39.617302,0.623590,0.679306,0.318555,-0.219550,25.101456,96.497520,35.108189,-0.807420,-0.467806,-0.253760,0.254629,27.393171,83.618355,22.443047,0.056459,0.918852,0.133918,0.366863,-0.640655,82.649345,15.926504,0.064601,0.986687,0.029953,0.146214,-0.833229,49.094971,5.853201,-0.013356,0.969341,0.138912,0.202246,-6.288001,3.615144,2.269460,-0.032070,0.934163,-0.125372,0.332554,13.484415,83.338745,26.452076,0.059192,0.921796,-0.095673,0.370992,12.662202,49.477829,35.405655,-0.061174,0.867904,0.080823,0.486280,4.386741,4.695159,41.491787,-0.013356,0.969341,0.138912,0.202246,-0.682658,1.741009,-10.872380,-0.061174,0.867904,0.080823,0.486280,16.475052,1.725034,34.232910
131,1.091667,-0.049183,0.945105,0.085929,0.311407,6.416294,82.993103,21.200026,-0.049130,0.937704,0.079184,0.334706,5.357520,90.079269,22.152605,-0.018659,0.937962,0.053559,0.342067,3.120044,105.227043,23.934889,0.039236,0.971255,0.055450,0.228142,1.841514,122.957550,25.500055,0.035496,0.994485,-0.003497,0.098628,3.326061,136.652237,25.647724,-0.074001,0.882712,0.143066,0.441447,-0.930028,117.513145,23.110359,-0.605804,0.465274,-0.282180,0.580427,-10.896436,117.441109,9.797634,0.626077,-0.271143,0.284578,-0.673442,-0.793521,95.359245,4.886682,0.577860,-0.095387,0.578012,-0.568226,12.377876,81.581314,4.717710,-0.087126,0.914468,0.085638,0.385777,4.454243,117.501617,27.639151,0.560341,0.814810,0.148365,-0.009530,15.882018,119.052795,39.620930,0.623563,0.679313,0.318518,-0.219658,25.094669,96.499840,35.116875,-0.807652,-0.467623,-0.253403,0.254585,27.385489,83.624290,22.452255,0.056517,0.918851,0.134026,0.366819,-0.645991,82.645378,15.937105,0.064533,0.986668,0.029974,0.146369,-0.839898,49.093510,5.855517,-0.013575,0.969355,0.138935,0.202149,-6.287736,3.613004,2.269863,-0.032127,0.934158,-0.125277,0.332599,13.478580,83.340820,26.462946,0.059224,0.921789,-0.095610,0.371020,12.661934,49.478497,35.411705,-0.061410,0.867862,0.080808,0.486328,4.385719,4.695052,41.491180,-0.013575,0.969355,0.138935,0.202149,-0.683306,1.740790,-10.872639,-0.061410,0.867862,0.080808,0.486328,16.476381,1.727900,34.235004
132,1.100000,-0.049328,0.945097,0.085761,0.311454,6.412679,82.991638,21.212965,-0.049227,0.937717,0.079210,0.334648,5.352631,90.078011,22.162548,-0.018803,0.937986,0.053624,0.341984,3.111509,105.230019,23.945259,0.039191,0.971267,0.055384,0.228116,1.827520,122.960091,25.510952,0.035496,0.994481,-0.003628,0.098662,3.311237,136.654907,25.656515,-0.073952,0.882922,0.142804,0.441119,-0.942649,117.514839,23.121601,-0.605835,0.465250,-0.282003,0.580500,-10.918919,117.438339,9.816294,0.626049,-0.271164,0.284527,-0.673482,-0.809930,95.360565,4.899471,0.577825,-0.095280,0.578157,-0.568133,12.361399,81.584122,4.728040,-0.087151,0.914515,0.085659,0.385656,4.442348,117.504951,27.649530,0.560274,0.814859,0.148346,-0.009562,15.873090,119.057068,39.628349,0.623501,0.679454,0.318457,-0.219485,25.089432,96.505699,35.123970,-0.808401,-0.466483,-0.252957,0.254742,27.385298,83.629036,22.467594,0.056623,0.918902,0.134108,0.366644,-0.648834,82.640656,15.949227,0.064407,0.986678,0.030024,0.146345,-0.849281,49.091152,5.859887,-0.013345,0.969312,0.139263,0.202144,-6.285173,3.609428,2.271548,-0.032105,0.934176,-0.125206,0.332578,13.474192,83.342621,26.476702,0.059196,0.921766,-0.095514,0.371107,12.657963,49.478951,35.420425,-0.061439,0.867850,0.080902,0.486330,4.386724,4.693520,41.492001,-0.013345,0.969312,0.139263,0.202144,-0.682158,1.745205,-10.872690,-0.061439,0.867850,0.080902,0.486330,16.477871,1.729104,34.235519
133,1.108333,-0.049478,0.945099,0.085756,0.311424,6.405369,82.993225,21.222601,-0.049286,0.937766,0.079246,0.334493,5.343333,90.079399,22.171471,-0.018890,0.938052,0.053662,0.341793,3.100386,105.231384,23.955002,0.039270,0.971272,0.055365,0.228085,1.813345,122.961189,25.521166,0.035285,0.994478,-0.003806,0.098765,3.299248,136.655762,25.666613,-0.073995,0.882910,0.142906,0.441103,-0.956640,117.515350,23.132919,-0.605777,0.465244,-0.282118,0.580510,-10.933187,117.439011,9.827813,0.626048,-0.271192,0.284342,-0.673549,-0.827131,95.359322,4.913568,0.577890,-0.095430,0.578099,-0.568100,12.348563,81.585243,4.736270,-0.087361,0.914539,0.085788,0.385521,4.430147,117.506599,27.658726,0.560125,0.814930,0.148524,-0.009451,15.863113,119.063927,39.634747,0.623688,0.679367,0.318293,-0.219464,25.087828,96.515846,35.130997,-0.808615,-0.466414,-0.252459,0.254685,27.376715,83.628479,22.471014,0.056618,0.918946,0.134158,0.366518,-0.656210,82.639679,15.959122,0.064334,0.986692,0.030123,0.146261,-0.856458,49.091072,5.866782,-0.013379,0.969319,0.139301,0.202079,-6.284694,3.609028,2.270936,-0.032165,0.934189,-0.125111,0.332570,13.466949,83.346764,26.486080,0.059214,0.921791,-0.095462,0.371054,12.656924,49.481693,35.425037,-0.061467,0.867855,0.080875,0.486322,4.386242,4.695549,41.492123,-0.013379,0.969319,0.139301,0.202079,-0.683077,1.746091,-10.874084,-0.061467,0.867855,0.080875,0.486322,16.477383,1.730838,34.235744
134,1.116667,-0.049592,0.945093,0.085786,0.311417,6.401976,82.992142,21.230381,-0.049375,0.937782,0.079288,0.334425,5.338263,90.078079,22.179142,-0.018989,0.938079,0.053683,0.341710,3.092153,105.231598,23.963348,0.039167,0.971273,0.055418,0.228086,1.801677,122.961189,25.529110,0.035313,0.994467,-0.003966,0.098855,3.284505,136.656082,25.675365,-0.073947,0.882956,0.142970,0.440998,-0.967570,117.514694,23.141510,-0.605521,0.465435,-0.281661,0.580846,-10.947427,117.440102,9.838876,0.626241,-0.270832,0.285013,-0.673231,-0.837411,95.369041,4.894103,0.577990,-0.095331,0.578057,-0.568058,12.333552,81.585289,4.747432,-0.087488,0.914566,0.085849,0.385415,4.419969,117.507217,27.666426,0.560045,0.814979,0.148556,-0.009442,15.854918,119.068016,39.640106,0.623756,0.679456,0.318182,-0.219154,25.084070,96.521744,35.136387,-0.809762,-0.464539,-0.251883,0.255036,27.375454,83.622444,22.481459,0.056660,0.918998,0.134203,0.366363,-0.659483,82.636856,15.966853,0.064269,0.986771,0.030247,0.145731,-0.862914,49.089436,5.870648,-0.013537,0.969318,0.139360,0.202037,-6.285515,3.607309,2.267344,-0.032165,0.934189,-0.125065,0.332590,13.463434,83.347427,26.493908,0.059187,0.921767,-0.095418,0.371131,12.654368,49.481548,35.429890,-0.061312,0.867864,0.081057,0.486296,4.386964,4.694334,41.493530,-0.013537,0.969318,0.139360,0.202037,-0.683788,1.746954,-10.877996,-0.061312,0.867864,0.081057,0.486296,16.477104,1.731915,34.234547
135,1.125000,-0.049636,0.945140,0.085833,0.311255,6.390079,82.993546,21.239902,-0.049518,0.937840,0.079243,0.334253,5.325710,90.079300,22.189281,-0.018988,0.938146,0.053706,0.341521,3.076463,105.231178,23.970949,0.038844,0.971298,0.055395,0.228041,1.786047,122.960686,25.537756,0.035580,0.994439,-0.004047,0.099038,3.260342,136.656540,25.681284,-0.074018,0.882958,0.142895,0.441008,-0.983984,117.514168,23.151108,-0.605544,0.465397,-0.281721,0.580823,-10.963212,117.436432,9.848017,0.626232,-0.270872,0.284894,-0.673274,-0.853156,95.364555,4.906964,0.577990,-0.095397,0.578106,-0.567997,12.317347,81.584946,4.755913,-0.087449,0.914569,0.085566,0.385481,4.405372,117.506744,27.673855,0.559975,0.815041,0.148466,-0.009705,15.838867,119.069778,39.648636,0.623655,0.679642,0.317952,-0.219199,25.071693,96.526543,35.137253,-0.809823,-0.464505,-0.251644,0.255142,27.366724,83.625435,22.487316,0.056593,0.918995,0.134314,0.366341,-0.673088,82.637482,15.978718,0.064220,0.986771,0.030330,0.145737,-0.869542,49.091614,5.877220,-0.013361,0.969314,0.139349,0.202075,-6.286593,3.609380,2.266967,-0.032227,0.934233,-0.124977,0.332491,13.453245,83.349602,26.501087,0.059184,0.921822,-0.095377,0.371004,12.651260,49.482460,35.432934,-0.061410,0.867890,0.080988,0.486247,4.386360,4.694489,41.494381,-0.013361,0.969314,0.139349,0.202075,-0.685167,1.747705,-10.878315,-0.061410,0.867890,0.080988,0.486247,16.476192,1.731727,34.235023
136,1.133333,-0.049777,0.945156,0.085614,0.311245,6.384995,82.991631,21.251110,-0.049645,0.937846,0.079346,0.334192,5.319698,90.077736,22.196888,-0.019207,0.938162,0.053703,0.341467,3.065168,105.233345,23.980881,0.038926,0.971291,0.055383,0.228059,1.767568,122.962570,25.544983,0.035590,0.994433,-0.004144,0.099097,3.244146,136.658173,25.688728,-0.074121,0.882991,0.142855,0.440938,-1.000424,117.514526,23.159447,-0.605612,0.465319,-0.281652,0.580848,-10.981194,117.432770,9.857541,0.626337,-0.270927,0.284829,-0.673181,-0.865600,95.363319,4.917023,-0.578166,0.095715,-0.577890,0.567985,12.304376,81.584755,4.765118,-0.087382,0.914651,0.085706,0.385269,4.389334,117.510048,27.681717,0.559882,0.815156,0.148174,-0.009846,15.828657,119.070099,39.651314,0.623732,0.679572,0.317869,-0.219317,25.066454,96.528297,35.142986,-0.809630,-0.464683,-0.251961,0.255117,27.355259,83.632431,22.496431,0.056657,0.919008,0.134438,0.366252,-0.678030,82.631996,15.989983,0.064202,0.986724,0.030323,0.146061,-0.876318,49.088989,5.879026,-0.013709,0.969280,0.139365,0.202200,-6.290661,3.606504,2.267881,-0.032239,0.934229,-0.124864,0.332543,13.448021,83.351257,26.512238,0.059177,0.921834,-0.095328,0.370988,12.648925,49.482201,35.437073,-0.061535,0.867884,0.081015,0.486238,4.386315,4.693308,41.494835,-0.013709,0.969280,0.139365,0.202200,-0.683394,1.747176,-10.875242,-0.061535,0.867884,0.081015,0.486238,16.476927,1.732970,34.235790
137,1.141667,-0.049838,0.945179,0.085664,0.311149,6.377240,82.991547,21.258583,-0.049794,0.937854,0.079447,0.334123,5.310979,90.077438,22.204865,-0.019242,0.938182,0.053717,0.341406,3.050895,105.234573,23.990648,0.038932,0.971300,0.055305,0.228039,1.752048,122.963692,25.554844,0.035601,0.994430,-0.004234,0.099117,3.229249,136.659241,25.696512,-0.074212,0.882992,0.142764,0.440950,-1.015797,117.515419,23.169672,-0.605740,0.465380,-0.281505,0.580738,-10.995778,117.429718,9.867199,0.626491,-0.270939,0.284760,-0.673063,-0.878855,95.361282,4.924862,-0.578235,0.095734,-0.578061,0.567736,12.289085,81.587372,4.773923,-0.087539,0.914704,0.085792,0.385088,4.374524,117.511391,27.691275,0.559776,0.815218,0.148234,-0.009827,15.817574,119.075775,39.656746,0.623946,0.679248,0.317864,-0.219717,25.061291,96.536430,35.148266,-0.808360,-0.466941,-0.252427,0.254559,27.333551,83.649536,22.494354,0.056595,0.919019,0.134508,0.366209,-0.686727,82.631004,15.998784,0.064167,0.986729,0.030423,0.146023,-0.879665,49.088818,5.884998,-0.013877,0.969275,0.139391,0.202195,-6.289589,3.606468,2.265521,-0.032276,0.934264,-0.124843,0.332452,13.441207,83.352089,26.518383,0.059174,0.921871,-0.095257,0.370915,12.645960,49.482822,35.442768,-0.061562,0.867872,0.081128,0.486237,4.386465,4.692650,41.495358,-0.013877,0.969275,0.139391,0.202195,-0.681208,1.748833,-10.877368,-0.061562,0.867872,0.081128,0.486237,16.477547,1.735479,34.235798
138,1.150000,-0.050244,0.945275,0.086032,0.310693,6.375298,83.002762,21.253376,-0.049850,0.937857,0.079794,0.334025,5.302334,90.087151,22.203310,-0.019287,0.938165,0.053725,0.341449,3.038105,105.236900,23.998087,0.038906,0.971301,0.055231,0.228059,1.737570,122.965919,25.561943,0.035585,0.994430,-0.004264,0.099116,3.214575,136.661514,25.701496,-0.074383,0.883013,0.142831,0.440856,-1.029571,117.517387,23.176565,-0.605843,0.465363,-0.281444,0.580673,-11.011443,117.427132,9.875546,0.626592,-0.270974,0.284641,-0.673004,-0.892076,95.359459,4.934806,-0.578325,0.095880,-0.578024,0.567659,12.276011,81.589088,4.781851,-0.087545,0.914756,0.085831,0.384956,4.360309,117.513870,27.698692,0.559698,0.815277,0.148205,-0.009853,15.806705,119.078484,39.660931,0.623914,0.679273,0.317747,-0.219900,25.054697,96.540840,35.152725,-0.808370,-0.466970,-0.252124,0.254776,27.325367,83.655983,22.497726,0.056648,0.918857,0.134298,0.366684,-0.692958,82.636696,15.999722,0.064065,0.986774,0.030605,0.145726,-0.889590,49.090977,5.897729,-0.013389,0.969271,0.139547,0.202140,-6.288914,3.608447,2.264652,-0.032183,0.934261,-0.125039,0.332394,13.443554,83.368835,26.507029,0.059049,0.921729,-0.095223,0.371298,12.638137,49.502590,35.441971,-0.061347,0.867902,0.080751,0.486273,4.387838,4.710457,41.492569,-0.013389,0.969271,0.139547,0.202140,-0.685358,1.752498,-10.880529,-0.061347,0.867902,0.080751,0.486273,16.477024,1.740992,34.234875
139,1.158333,-0.050314,0.945240,0.085824,0.310845,6.371353,83.001183,21.261951,-0.050072,0.937842,0.079906,0.334007,5.298203,90.085991,22.208578,-0.019271,0.938189,0.053818,0.341371,3.025960,105.237999,24.004717,0.038830,0.971315,0.055170,0.228026,1.724983,122.966682,25.572010,0.035554,0.994428,-0.004329,0.099152,3.200284,136.662476,25.709394,-0.074522,0.883042,0.142785,0.440789,-1.042345,117.518471,23.186113,-0.605987,0.465542,-0.281229,0.580483,-11.025496,117.423080,9.886083,0.626785,-0.270942,0.284546,-0.672878,-0.908396,95.355537,4.940102,-0.578359,0.095921,-0.578057,0.567582,12.260625,81.589653,4.789111,-0.087576,0.914793,0.085947,0.384833,4.348301,117.514359,27.707327,0.559619,0.815331,0.148199,-0.009920,15.797647,119.078873,39.666756,0.623908,0.679287,0.317561,-0.220144,25.049984,96.543396,35.156586,-0.808392,-0.466990,-0.251688,0.255101,27.316593,83.662201,22.502180,0.056638,0.919087,0.134399,0.366071,-0.695113,82.633080,16.006033,0.064008,0.986737,0.030602,0.146002,-0.895213,49.089184,5.898050,-0.013486,0.969241,0.139679,0.202185,-6.288432,3.605971,2.264503,-0.032203,0.934316,-0.124981,0.332260,13.437819,83.369293,26.517872,0.059069,0.921793,-0.095152,0.371153,12.636352,49.502106,35.449593,-0.061413,0.867927,0.080842,0.486206,4.387679,4.708949,41.494839,-0.013486,0.969241,0.139679,0.202185,-0.682826,1.754286,-10.880405,-0.061413,0.867927,0.080842,0.486206,16.476477,1.742631,34.235210
140,1.166667,-0.050359,0.945306,0.086033,0.310577,6.360256,83.005234,21.268383,-0.050113,0.937886,0.079771,0.333908,5.285835,90.089455,22.217937,-0.019168,0.938208,0.054060,0.341287,3.013717,105.243599,24.010172,0.038614,0.971334,0.055034,0.228013,1.713370,122.971497,25.586897,0.035598,0.994412,-0.004394,0.099289,3.183745,136.667877,25.719265,-0.074774,0.883025,0.142734,0.440798,-1.054514,117.524574,23.198704,-0.605739,0.465544,-0.281371,0.580671,-11.036156,117.421127,9.897606,0.626427,-0.270753,0.284391,-0.673352,-0.923113,95.352516,4.948071,0.577892,-0.094976,0.578895,-0.567363,12.246709,81.600349,4.789503,-0.087482,0.914796,0.085884,0.384863,4.336993,117.518021,27.718889,0.559466,0.815400,0.148391,-0.010040,15.786123,119.080399,39.678799,0.624022,0.679233,0.317444,-0.220155,25.046825,96.550179,35.159557,-0.808413,-0.466958,-0.251584,0.255194,27.308136,83.666306,22.506426,0.056553,0.919051,0.134417,0.366167,-0.709059,82.637054,16.016302,0.063930,0.986774,0.030774,0.145749,-0.902185,49.092819,5.909329,-0.013357,0.969265,0.139584,0.202146,-6.286903,3.609654,2.262600,-0.032249,0.934339,-0.124974,0.332193,13.429570,83.373421,26.520460,0.059067,0.921836,-0.095083,0.371065,12.631895,49.506329,35.452866,-0.061412,0.867889,0.080737,0.486291,4.386286,4.711944,41.493172,-0.013357,0.969265,0.139584,0.202146,-0.683374,1.754576,-10.882716,-0.061412,0.867889,0.080737,0.486291,16.476171,1.743075,34.236401
141,1.175000,-0.050442,0.945298,0.085957,0.310609,6.356823,83.001343,21.275455,-0.050279,0.937884,0.079801,0.333884,5.281573,90.085632,22.223566,-0.019139,0.938224,0.054111,0.341235,3.003592,105.244507,24.015648,0.038657,0.971340,0.055033,0.227980,1.703704,122.972252,25.594526,0.035413,0.994421,-0.004434,0.099260,3.175182,136.668518,25.727049,-0.074896,0.883038,0.142763,0.440742,-1.064535,117.525635,23.206030,-0.605623,0.465516,-0.281488,0.580759,-11.047204,117.418716,9.905727,0.626517,-0.270809,0.284145,-0.673351,-0.936101,95.349075,4.956853,0.578163,-0.095353,0.578749,-0.567172,12.238490,81.600418,4.791975,-0.087607,0.914853,0.085946,0.384684,4.327480,117.518471,27.725607,0.559544,0.815369,0.148266,-0.010095,15.780470,119.084564,39.681339,0.624051,0.679260,0.317250,-0.220272,25.036806,96.552422,35.162754,-0.808339,-0.467060,-0.251399,0.255426,27.294970,83.666824,22.510414,0.056653,0.919065,0.134467,0.366099,-0.711998,82.631416,16.022835,0.063863,0.986730,0.030744,0.146086,-0.910940,49.088902,5.910244,-0.013380,0.969264,0.139719,0.202058,-6.288835,3.604782,2.265308,-0.032163,0.934371,-0.124949,0.332119,13.425645,83.371277,26.528078,0.059015,0.921854,-0.095018,0.371045,12.623629,49.503368,35.457005,-0.061415,0.867891,0.080838,0.486271,4.384690,4.707294,41.493847,-0.013380,0.969264,0.139719,0.202058,-0.687275,1.753698,-10.881412,-0.061415,0.867891,0.080838,0.486271,16.474543,1.740944,34.235996
142,1.183333,-0.050470,0.945351,0.086300,0.310348,6.345077,83.003670,21.278616,-0.050388,0.937942,0.079854,0.333692,5.268201,90.087059,22.231543,-0.019105,0.938295,0.054002,0.341059,2.987957,105.238403,24.023636,0.038653,0.971346,0.055159,0.227925,1.690826,122.966614,25.599503,0.035363,0.994417,-0.004504,0.099320,3.161325,136.662949,25.735245,-0.074872,0.882996,0.142992,0.440756,-1.078981,117.519867,23.213135,-0.605645,0.465505,-0.281541,0.580718,-11.061371,117.417183,9.912597,0.626584,-0.270864,0.283990,-0.673331,-0.951247,95.346382,4.966887,0.578328,-0.095565,0.578487,-0.567237,12.226984,81.598358,4.797813,-0.087691,0.914865,0.085916,0.384644,4.314746,117.512939,27.730665,0.559465,0.815437,0.148174,-0.010248,15.768260,119.082115,39.685482,0.623880,0.679571,0.317004,-0.220150,25.028790,96.552315,35.163811,-0.809405,-0.465227,-0.250630,0.256149,27.296791,83.659813,22.518890,0.056425,0.919040,0.134637,0.366136,-0.726547,82.634720,16.029701,0.064588,0.986469,0.030499,0.147569,-0.905993,49.093613,5.912083,-0.013632,0.969052,0.139199,0.203410,-6.347158,3.616670,2.271535,-0.032235,0.934361,-0.124951,0.332142,13.416701,83.372620,26.527531,0.058954,0.921871,-0.094994,0.371017,12.619124,49.505074,35.458202,-0.061363,0.867918,0.080886,0.486221,4.386322,4.707914,41.495380,-0.013632,0.969052,0.139199,0.203410,-0.709110,1.751734,-10.857613,-0.061363,0.867918,0.080886,0.486221,16.475130,1.741968,34.235634
143,1.191667,-0.050509,0.945290,0.085917,0.310635,6.343105,82.998421,21.291416,-0.050640,0.937906,0.079933,0.333734,5.267093,90.082703,22.238647,-0.019130,0.938306,0.054018,0.341024,2.977444,105.240952,24.031261,0.038574,0.971364,0.055097,0.227880,1.679334,122.969070,25.607401,0.035364,0.994421,-0.004471,0.099284,3.148050,136.665604,25.740900,-0.074963,0.882984,0.143036,0.440750,-1.090307,117.522171,23.221174,-0.605654,0.465515,-0.281560,0.580691,-11.072409,117.417442,9.920433,0.626819,-0.271058,0.284053,-0.673008,-0.963274,95.345955,4.975746,-0.578863,0.096597,-0.577366,0.567657,12.216019,81.586044,4.808994,-0.087852,0.914855,0.086167,0.384576,4.303741,117.515541,27.738321,0.559444,0.815453,0.148160,-0.010365,15.758067,119.086540,39.692123,0.623817,0.679681,0.316844,-0.220217,25.019672,96.558022,35.166271,-0.809443,-0.465111,-0.250428,0.256437,27.289778,83.662102,22.521223,0.056517,0.919100,0.134763,0.365924,-0.725309,82.627197,16.038340,0.064538,0.986469,0.030482,0.147599,-0.909670,49.089207,5.910490,-0.013557,0.969039,0.139367,0.203363,-6.346475,3.611577,2.272035,-0.032146,0.934418,-0.124787,0.332052,13.411519,83.369637,26.544493,0.058906,0.921887,-0.094934,0.371001,12.612881,49.498802,35.462616,-0.061243,0.867932,0.081139,0.486168,4.386229,4.700083,41.496590,-0.013557,0.969039,0.139367,0.203363,-0.709996,1.750987,-10.858404,-0.061243,0.867932,0.081139,0.486168,16.474035,1.738649,34.233330
144,1.200000,-0.050554,0.945282,0.085671,0.310719,6.337748,82.995834,21.298965,-0.050691,0.937826,0.080288,0.333866,5.262138,90.080673,22.242565,-0.019489,0.938232,0.053828,0.341239,2.965780,105.246201,24.045610,0.038500,0.971298,0.055274,0.228131,1.657605,122.974548,25.610750,0.035551,0.994389,-0.004498,0.099535,3.123625,136.671341,25.749123,-0.075051,0.882965,0.143089,0.440755,-1.107991,117.524811,23.226315,-0.605887,0.465520,-0.281403,0.580522,-11.089507,117.418373,9.925143,0.626707,-0.271165,0.284214,-0.673001,-0.976218,95.348274,4.982771,-0.578588,0.096500,-0.577330,0.567991,12.197135,81.583191,4.815947,-0.087660,0.914959,0.086340,0.384333,4.283797,117.523636,27.746170,0.559369,0.815539,0.147965,-0.010447,15.745444,119.087601,39.693878,0.623798,0.679673,0.316759,-0.220420,25.011114,96.560234,35.170616,-0.809353,-0.465328,-0.250322,0.256430,27.278635,83.667824,22.523920,0.056567,0.919164,0.134840,0.365727,-0.729669,82.622673,16.044682,0.064457,0.986459,0.030485,0.147700,-0.917425,49.086533,5.910765,-0.013650,0.969017,0.139491,0.203375,-6.346551,3.607967,2.272540,-0.032176,0.934477,-0.124737,0.331901,13.405165,83.369003,26.553249,0.058933,0.921961,-0.094873,0.370828,12.611124,49.497433,35.468990,-0.061361,0.867924,0.081157,0.486165,4.385421,4.697937,41.498478,-0.013650,0.969017,0.139491,0.203375,-0.708944,1.751386,-10.857985,-0.061361,0.867924,0.081157,0.486165,16.474047,1.738611,34.235706
145,1.208333,-0.050611,0.945263,0.085529,0.310808,6.332802,82.991707,21.306747,-0.050944,0.937865,0.080176,0.333745,5.256942,90.076805,22.248066,-0.019341,0.938306,0.054053,0.341008,2.954329,105.244209,24.045807,0.038406,0.971331,0.055257,0.228010,1.648766,122.971893,25.620594,0.035467,0.994387,-0.004524,0.099577,3.112202,136.668976,25.757643,-0.075135,0.882906,0.143308,0.440788,-1.118602,117.523643,23.234808,-0.605781,0.465497,-0.281507,0.580600,-11.098722,117.418274,9.932587,0.626693,-0.271193,0.284103,-0.673050,-0.987277,95.347229,4.990706,-0.578716,0.096560,-0.577249,0.567933,12.187095,81.584793,4.819911,-0.087802,0.914954,0.086279,0.384326,4.275488,117.519638,27.751911,0.559322,0.815556,0.148046,-0.010475,15.736483,119.088722,39.699570,0.623773,0.679704,0.316657,-0.220540,25.004745,96.563019,35.173302,-0.809335,-0.465312,-0.250100,0.256732,27.271402,83.671631,22.526533,0.056661,0.919153,0.134952,0.365698,-0.733532,82.616951,16.051125,0.064382,0.986418,0.030419,0.148020,-0.924684,49.083668,5.907819,-0.013704,0.969002,0.139624,0.203354,-6.346697,3.603831,2.274866,-0.032194,0.934497,-0.124653,0.331875,13.399136,83.366463,26.562368,0.058917,0.921956,-0.094813,0.370860,12.608480,49.493507,35.473137,-0.061581,0.867891,0.081233,0.486183,4.385891,4.692787,41.497814,-0.013704,0.969002,0.139624,0.203354,-0.709096,1.751333,-10.856234,-0.061581,0.867891,0.081233,0.486183,16.476500,1.738446,34.236332
146,1.216667,-0.050661,0.945316,0.085791,0.310566,6.319853,82.993896,21.310570,-0.050727,0.937879,0.080058,0.333768,5.242404,90.078278,22.255484,-0.019402,0.938259,0.054216,0.341109,2.946897,105.248940,24.052275,0.038428,0.971311,0.055123,0.228122,1.637128,122.975906,25.631596,0.035328,0.994380,-0.004568,0.099701,3.102152,136.672836,25.765440,-0.075325,0.882886,0.143388,0.440769,-1.128525,117.527725,23.243711,-0.605731,0.465573,-0.281473,0.580607,-11.108259,117.417892,9.941231,0.626435,-0.271093,0.283920,-0.673407,-0.999356,95.346596,4.995284,-0.578218,0.095733,-0.578180,0.567633,12.174693,81.596619,4.816262,-0.087802,0.915004,0.086339,0.384192,4.264564,117.523643,27.762011,0.559396,0.815500,0.148071,-0.010477,15.728990,119.092468,39.706421,0.623724,0.679724,0.316622,-0.220671,24.993118,96.565331,35.178841,-0.809193,-0.465505,-0.249992,0.256937,27.259886,83.676025,22.530113,0.056521,0.919135,0.135050,0.365730,-0.749049,82.619339,16.058384,0.064305,0.986472,0.030525,0.147667,-0.928341,49.086803,5.912385,-0.013641,0.969030,0.139532,0.203289,-6.343255,3.606647,2.272779,-0.032295,0.934510,-0.124664,0.331824,13.388756,83.368454,26.562756,0.058913,0.922034,-0.094755,0.370680,12.604909,49.496143,35.476612,-0.061414,0.867891,0.081230,0.486205,4.385825,4.694372,41.498272,-0.013641,0.969030,0.139532,0.203289,-0.707904,1.751217,-10.858880,-0.061414,0.867891,0.081230,0.486205,16.475645,1.737613,34.236450
147,1.225000,-0.050654,0.945308,0.085610,0.310642,6.308842,82.992966,21.318552,-0.050685,0.937816,0.080276,0.333900,5.232211,90.077805,22.260952,-0.019551,0.938193,0.054068,0.341303,2.934821,105.251762,24.064619,0.038549,0.971284,0.055114,0.228218,1.621524,122.979103,25.636923,0.035261,0.994388,-0.004569,0.099640,3.089980,136.675674,25.771502,-0.075308,0.882922,0.143326,0.440720,-1.142226,117.529594,23.249834,-0.605929,0.465715,-0.281231,0.580404,-11.123481,117.419029,9.948501,0.626748,-0.271267,0.284048,-0.672992,-1.014398,95.348679,4.998646,-0.578557,0.096914,-0.577060,0.568226,12.162302,81.583092,4.825778,-0.087532,0.915008,0.086385,0.384235,4.248919,117.528030,27.770456,0.559245,0.815591,0.148135,-0.010629,15.713817,119.087959,39.715576,0.623751,0.679708,0.316515,-0.220795,24.986160,96.565590,35.181133,-0.809228,-0.465482,-0.249807,0.257048,27.249619,83.676979,22.531996,0.056403,0.919233,0.135188,0.365450,-0.759245,82.617645,16.065321,0.064245,0.986504,0.030607,0.147461,-0.930446,49.086796,5.913621,-0.013888,0.969049,0.139426,0.203252,-6.339645,3.606412,2.268467,-0.032380,0.934559,-0.124556,0.331719,13.376927,83.368286,26.571781,0.058923,0.922101,-0.094704,0.370525,12.602205,49.494476,35.480732,-0.061383,0.867915,0.081246,0.486164,4.384957,4.691929,41.499092,-0.013888,0.969049,0.139426,0.203252,-0.703577,1.749388,-10.862656,-0.061383,0.867915,0.081246,0.486164,16.473940,1.735095,34.235909
148,1.233333,-0.050244,0.945243,0.085138,0.311036,6.282719,82.986626,21.341511,-0.050301,0.937813,0.079802,0.334078,5.213375,90.073227,22.278948,-0.019760,0.938149,0.054034,0.341419,2.932002,105.247688,24.072208,0.038531,0.971260,0.055180,0.228309,1.611933,122.974861,25.640640,0.035189,0.994387,-0.004544,0.099681,3.079616,136.671478,25.777102,-0.075110,0.882921,0.143446,0.440719,-1.149216,117.523895,23.253880,-0.606092,0.465840,-0.281083,0.580205,-11.131495,117.420891,9.953259,0.626847,-0.271389,0.284050,-0.672850,-1.024083,95.350037,5.002220,-0.578637,0.096982,-0.576906,0.568289,12.150678,81.581375,4.828800,-0.087660,0.915009,0.086349,0.384210,4.240696,117.525162,27.775967,0.559270,0.815569,0.148159,-0.010656,15.705480,119.089508,39.720612,0.623790,0.679692,0.316407,-0.220889,24.976427,96.566948,35.184235,-0.809148,-0.465566,-0.249686,0.257265,27.236895,83.676483,22.533482,0.056285,0.919158,0.135540,0.365526,-0.781778,82.616219,16.083113,0.064176,0.986463,0.030577,0.147773,-0.935338,49.091103,5.912203,-0.013802,0.969074,0.139353,0.203188,-6.337516,3.609732,2.268987,-0.032656,0.934618,-0.124084,0.331702,13.347215,83.357040,26.599911,0.058975,0.922215,-0.094680,0.370240,12.601827,49.476265,35.484814,-0.061606,0.867898,0.081620,0.486104,4.382868,4.673865,41.501934,-0.013802,0.969074,0.139353,0.203188,-0.703818,1.750187,-10.862792,-0.061606,0.867898,0.081620,0.486104,16.473394,1.729360,34.236320
149,1.241667,-0.050277,0.945252,0.085059,0.311023,6.270020,82.987976,21.348011,-0.050304,0.937817,0.079788,0.334071,5.200593,90.074722,22.284239,-0.019687,0.938152,0.054067,0.341409,2.919344,105.248932,24.077038,0.038570,0.971268,0.055188,0.228267,1.601339,122.976074,25.647467,0.035063,0.994399,-0.004502,0.099600,3.069946,136.672607,25.784279,-0.075190,0.882940,0.143385,0.440687,-1.160502,117.525688,23.260189,-0.606101,0.465887,-0.280984,0.580206,-11.143321,117.419228,9.959991,0.626630,-0.271292,0.283903,-0.673153,-1.035306,95.349602,5.004739,-0.578176,0.096110,-0.577877,0.567921,12.137541,81.593391,4.824918,-0.087646,0.915022,0.086303,0.384194,4.229547,117.525841,27.782116,0.559283,0.815573,0.148075,-0.010805,15.694836,119.090439,39.726250,0.623679,0.679815,0.316285,-0.220995,24.964893,96.568275,35.186104,-0.809223,-0.465429,-0.249461,0.257495,27.228642,83.678108,22.535847,0.056213,0.919103,0.135677,0.365626,-0.794559,82.616554,16.089787,0.064148,0.986463,0.030592,0.147782,-0.938789,49.093479,5.912014,-0.013918,0.969074,0.139231,0.203264,-6.338193,3.611848,2.267798,-0.032704,0.934650,-0.123960,0.331652,13.334599,83.359398,26.606236,0.058897,0.922243,-0.094662,0.370188,12.595736,49.476696,35.484356,-0.061637,0.867915,0.081563,0.486079,4.384292,4.673129,41.503071,-0.013918,0.969074,0.139231,0.203264,-0.701810,1.749476,-10.862434,-0.061637,0.867915,0.081563,0.486079,16.474474,1.727657,34.237263
150,1.250000,-0.050240,0.945264,0.085214,0.310951,6.256111,82.989861,21.352356,-0.050576,0.937837,0.079829,0.333962,5.186569,90.076279,22.290930,-0.019550,0.938212,0.053962,0.341268,2.897306,105.249153,24.082304,0.038276,0.971253,0.055590,0.228280,1.585398,122.976898,25.651104,0.035412,0.994364,-0.004570,0.099824,3.043700,136.674423,25.796932,-0.075192,0.882843,0.143392,0.440877,-1.178919,117.527100,23.265326,-0.606393,0.465949,-0.280772,0.579954,-11.156152,117.421829,9.960938,0.626717,-0.271394,0.283974,-0.673001,-1.045066,95.353226,5.007411,-0.578102,0.096243,-0.577729,0.568124,12.125381,81.592224,4.829173,-0.087525,0.915138,0.087046,0.383778,4.212559,117.526077,27.785545,0.559247,0.815688,0.147572,-0.010874,15.689177,119.079056,39.720310,0.623782,0.679604,0.316241,-0.221418,24.961132,96.555389,35.191509,-0.809084,-0.465694,-0.249466,0.257444,27.212313,83.678215,22.538414,0.056069,0.919060,0.135826,0.365699,-0.809321,82.619781,16.095190,0.064145,0.986422,0.030569,0.148065,-0.939614,49.098400,5.911662,-0.014024,0.969104,0.139047,0.203241,-6.338037,3.616613,2.267984,-0.032789,0.934644,-0.123882,0.331691,13.321543,83.359940,26.609522,0.058730,0.922386,-0.094694,0.369848,12.589680,49.476276,35.484535,-0.061528,0.868106,0.081667,0.485733,4.393498,4.671460,41.514751,-0.014024,0.969104,0.139047,0.203241,-0.701692,1.749653,-10.861608,-0.061528,0.868106,0.081667,0.485733,16.477568,1.726856,34.238445
151,1.258333,-0.050212,0.945234,0.084929,0.311125,6.248369,82.988670,21.359762,-0.050691,0.937804,0.079894,0.334024,5.180296,90.075836,22.294401,-0.019521,0.938200,0.054029,0.341291,2.886165,105.253075,24.086882,0.038349,0.971230,0.055628,0.228356,1.574394,122.980606,25.658270,0.035276,0.994357,-0.004562,0.099941,3.034512,136.677933,25.805733,-0.075214,0.882831,0.143394,0.440896,-1.189877,117.531204,23.271551,-0.606279,0.465938,-0.280914,0.580012,-11.166431,117.425476,9.966658,0.626650,-0.271379,0.283912,-0.673095,-1.058833,95.354904,5.014771,-0.578067,0.096248,-0.577820,0.568066,12.113306,81.595482,4.833728,-0.087470,0.915157,0.087157,0.383719,4.201391,117.529442,27.792021,0.559245,0.815676,0.147647,-0.010847,15.679831,119.079544,39.725403,0.623807,0.679556,0.316239,-0.221498,24.951956,96.556137,35.195629,-0.809024,-0.465799,-0.249382,0.257527,27.200504,83.681610,22.541912,0.056067,0.919027,0.135950,0.365737,-0.815206,82.617775,16.100159,0.064134,0.986391,0.030558,0.148276,-0.941654,49.098747,5.908845,-0.014025,0.969086,0.139060,0.203317,-6.338495,3.616774,2.265167,-0.032842,0.934646,-0.123733,0.331735,13.311943,83.359566,26.619366,0.058809,0.922238,-0.094599,0.370230,12.586660,49.473560,35.485947,-0.061519,0.867887,0.081785,0.486107,4.384503,4.667953,41.502087,-0.014025,0.969086,0.139060,0.203317,-0.700154,1.750158,-10.863616,-0.061519,0.867887,0.081785,0.486107,16.474922,1.726301,34.235138
152,1.266667,-0.050021,0.945209,0.085060,0.311195,6.231214,82.986900,21.364817,-0.050550,0.937816,0.079685,0.334061,5.165102,90.074013,22.302027,-0.019372,0.938203,0.054018,0.341294,2.877000,105.253311,24.089939,0.038452,0.971251,0.055526,0.228275,1.570340,122.981094,25.662760,0.034994,0.994386,-0.004412,0.099766,3.033734,136.678085,25.807922,-0.075097,0.882869,0.143404,0.440838,-1.195526,117.532669,23.275642,-0.606631,0.465886,-0.281225,0.579536,-11.174364,117.430138,9.972438,0.626420,-0.271812,0.283223,-0.673425,-1.072992,95.350731,5.047295,-0.577732,0.097217,-0.577083,0.568990,12.106563,81.595932,4.832784,-0.087553,0.915128,0.087094,0.383785,4.195799,117.528999,27.796041,0.559366,0.815643,0.147353,-0.011074,15.672082,119.082138,39.731102,0.623702,0.679667,0.316147,-0.221585,24.937222,96.556244,35.199421,-0.809261,-0.465369,-0.249242,0.257696,27.189213,83.681641,22.545593,0.055932,0.918921,0.136072,0.365978,-0.831935,82.620041,16.104357,0.064114,0.986435,0.030625,0.147976,-0.943871,49.102276,5.908721,-0.014107,0.969082,0.138948,0.203408,-6.339028,3.620431,2.260953,-0.033059,0.934645,-0.123645,0.331750,13.294361,83.353752,26.625275,0.058849,0.922371,-0.094552,0.369904,12.585192,49.467220,35.491180,-0.061666,0.867917,0.081835,0.486026,4.383315,4.661238,41.504906,-0.014107,0.969082,0.138948,0.203408,-0.697838,1.751082,-10.866219,-0.061666,0.867917,0.081835,0.486026,16.473551,1.722853,34.236340
153,1.275000,-0.050050,0.945181,0.084841,0.311334,6.221642,82.984406,21.372845,-0.050627,0.937754,0.079697,0.334219,5.155961,90.072021,22.306807,-0.019351,0.938142,0.054055,0.341457,2.864283,105.257240,24.094625,0.038759,0.971216,0.055419,0.228398,1.557614,122.984909,25.668711,0.034756,0.994392,-0.004335,0.099793,3.030031,136.680954,25.813181,-0.074986,0.883014,0.143090,0.440669,-1.207595,117.536797,23.280113,-0.606876,0.465975,-0.280890,0.579370,-11.191950,117.431747,9.981071,0.626571,-0.271984,0.283440,-0.673123,-1.085380,95.355911,5.050587,-0.577995,0.096208,-0.577833,0.568133,12.084048,81.595085,4.841608,-0.087346,0.915152,0.086840,0.383830,4.182176,117.532524,27.802366,0.559406,0.815627,0.147280,-0.011218,15.658506,119.082573,39.737782,0.623665,0.679727,0.316051,-0.221641,24.921270,96.556503,35.202072,-0.809180,-0.465531,-0.249192,0.257706,27.174103,83.680885,22.548544,0.055943,0.918907,0.136262,0.365942,-0.839920,82.616096,16.110359,0.064084,0.986405,0.030556,0.148208,-0.947981,49.102032,5.902516,-0.014271,0.969079,0.138903,0.203443,-6.340508,3.619450,2.260070,-0.033109,0.934714,-0.123513,0.331599,13.283205,83.352715,26.635330,0.058846,0.922406,-0.094504,0.369828,12.581827,49.464134,35.494007,-0.061462,0.867890,0.081984,0.486075,4.382344,4.657274,41.504486,-0.014271,0.969079,0.138903,0.203443,-0.697253,1.749729,-10.866160,-0.061462,0.867890,0.081984,0.486075,16.472382,1.719691,34.235264
154,1.283333,-0.049987,0.945215,0.084885,0.311232,6.209785,82.985626,21.375519,-0.050419,0.937758,0.079688,0.334242,5.144872,90.073219,22.310478,-0.019413,0.938114,0.054004,0.341539,2.859768,105.255554,24.099728,0.038594,0.971181,0.055647,0.228521,1.551489,122.983337,25.671234,0.034648,0.994379,-0.004308,0.099961,3.018260,136.679916,25.821104,-0.074829,0.883053,0.143176,0.440588,-1.212880,117.534706,23.282858,-0.606848,0.466101,-0.280898,0.579294,-11.200383,117.435059,9.986136,0.626568,-0.271997,0.283551,-0.673074,-1.099848,95.356918,5.053632,-0.577930,0.096289,-0.577798,0.568220,12.069301,81.591003,4.847423,-0.087442,0.915116,0.086779,0.383909,4.176072,117.531433,27.806086,0.559478,0.815566,0.147347,-0.011225,15.649819,119.084846,39.743546,0.623715,0.679717,0.316050,-0.221534,24.908621,96.557686,35.205173,-0.809273,-0.465365,-0.249204,0.257702,27.161276,83.677704,22.551737,0.055878,0.918832,0.136376,0.366096,-0.853011,82.618431,16.114611,0.064039,0.986402,0.030558,0.148245,-0.952244,49.106052,5.901159,-0.014416,0.969108,0.138718,0.203420,-6.340600,3.622955,2.258996,-0.033142,0.934669,-0.123427,0.331756,13.272580,83.352821,26.636427,0.058732,0.922357,-0.094508,0.369967,12.573917,49.462898,35.490192,-0.061617,0.867892,0.081857,0.486072,4.382985,4.654875,41.503696,-0.014416,0.969108,0.138718,0.203420,-0.697094,1.748827,-10.866496,-0.061617,0.867892,0.081857,0.486072,16.473705,1.716364,34.235981
155,1.291667,-0.049973,0.945198,0.084747,0.311321,6.200810,82.982994,21.382364,-0.050372,0.937767,0.079640,0.334235,5.136606,90.070946,22.315409,-0.019462,0.938126,0.053992,0.341506,2.853007,105.256180,24.104073,0.038578,0.971182,0.055809,0.228478,1.543282,122.983932,25.674639,0.034594,0.994387,-0.004199,0.099898,3.008555,136.680634,25.828638,-0.074675,0.883067,0.143116,0.440606,-1.220764,117.534927,23.286751,-0.606877,0.466213,-0.280830,0.579206,-11.208513,117.438957,9.990179,0.626606,-0.272068,0.283590,-0.672994,-1.111270,95.359947,5.054813,-0.578035,0.096234,-0.577607,0.568317,12.057104,81.590256,4.848926,-0.087339,0.915083,0.086690,0.384031,4.168477,117.532387,27.809641,0.559654,0.815472,0.147178,-0.011448,15.639705,119.083344,39.749847,0.623765,0.679752,0.315877,-0.221532,24.888489,96.553192,35.205944,-0.809304,-0.465523,-0.249022,0.257493,27.139154,83.668312,22.554214,0.055792,0.918799,0.136624,0.366100,-0.861034,82.615410,16.120201,0.064079,0.986419,0.030488,0.148126,-0.948154,49.107098,5.893286,-0.014507,0.969090,0.138656,0.203541,-6.341501,3.624076,2.257517,-0.033168,0.934686,-0.123289,0.331757,13.262655,83.350578,26.644527,0.058690,0.922405,-0.094500,0.369858,12.568943,49.458382,35.489994,-0.061631,0.867908,0.081941,0.486029,4.382557,4.649767,41.505249,-0.014507,0.969090,0.138656,0.203541,-0.694249,1.748670,-10.866186,-0.061631,0.867908,0.081941,0.486029,16.472885,1.713489,34.235970
156,1.300000,-0.049906,0.945170,0.084611,0.311454,6.187518,82.985291,21.387951,-0.050335,0.937764,0.079626,0.334252,5.124702,90.073669,22.319317,-0.019433,0.938133,0.053987,0.341487,2.842265,105.259254,24.107937,0.038640,0.971177,0.055837,0.228485,1.533594,122.987068,25.678707,0.034492,0.994388,-0.004064,0.099928,3.000374,136.683594,25.833881,-0.074669,0.883065,0.143125,0.440608,-1.230860,117.538239,23.290895,-0.606852,0.466251,-0.280883,0.579177,-11.218583,117.442581,9.994306,0.626565,-0.272128,0.283592,-0.673007,-1.124556,95.361916,5.059785,-0.577998,0.096397,-0.577532,0.568403,12.043823,81.589600,4.851817,-0.087239,0.915077,0.086469,0.384119,4.158579,117.535355,27.813547,0.559628,0.815474,0.147270,-0.011400,15.628156,119.085815,39.755405,0.623809,0.679722,0.315937,-0.221414,24.878407,96.556351,35.211052,-0.809267,-0.465375,-0.249317,0.257595,27.128685,83.671722,22.562086,0.055798,0.918717,0.136805,0.366238,-0.872987,82.618309,16.123951,0.063984,0.986382,0.030397,0.148430,-0.954213,49.113499,5.885520,-0.014646,0.969147,0.138398,0.203434,-6.339144,3.628853,2.257624,-0.033238,0.934727,-0.123164,0.331679,13.248023,83.352264,26.651951,0.058649,0.922460,-0.094453,0.369737,12.562619,49.458241,35.491032,-0.061611,0.867901,0.081940,0.486043,4.382077,4.648366,41.504852,-0.014646,0.969147,0.138398,0.203434,-0.693953,1.746967,-10.866037,-0.061611,0.867901,0.081940,0.486043,16.472498,1.711806,34.235847
157,1.308333,-0.049846,0.945166,0.084791,0.311427,6.171736,82.988533,21.389162,-0.050402,0.937774,0.079629,0.334214,5.108963,90.076569,22.323265,-0.019257,0.938160,0.054001,0.341423,2.824191,105.264793,24.111700,0.038775,0.971170,0.055827,0.228492,1.521376,122.992798,25.685179,0.034412,0.994383,-0.003945,0.100010,2.991821,136.688919,25.840927,-0.074706,0.883023,0.142949,0.440744,-1.245177,117.545174,23.297033,-0.606939,0.466291,-0.280864,0.579062,-11.228725,117.446602,9.997331,0.626638,-0.272409,0.283795,-0.672739,-1.136049,95.364845,5.064946,-0.578281,0.096444,-0.577508,0.568132,12.023217,81.581612,4.858164,-0.087107,0.915115,0.086251,0.384106,4.144972,117.539955,27.818834,0.559623,0.815485,0.147223,-0.011452,15.615643,119.089355,39.759781,0.623888,0.679700,0.315834,-0.221406,24.866123,96.560150,35.214668,-0.809159,-0.465563,-0.249366,0.257545,27.113134,83.672089,22.566525,0.055635,0.918634,0.136975,0.366408,-0.889173,82.623497,16.125570,0.064027,0.986427,0.030405,0.148117,-0.953613,49.120693,5.880486,-0.014553,0.969127,0.138256,0.203635,-6.343494,3.636599,2.253012,-0.033378,0.934686,-0.123074,0.331815,13.232645,83.353577,26.652754,0.058652,0.922698,-0.094439,0.369147,12.557232,49.458649,35.489155,-0.061557,0.867899,0.081971,0.486047,4.380752,4.648563,41.506882,-0.014553,0.969127,0.138256,0.203635,-0.693924,1.750117,-10.868104,-0.061557,0.867899,0.081971,0.486047,16.470966,1.712017,34.237526
158,1.316667,-0.049804,0.945167,0.084789,0.311432,6.160479,82.988693,21.390108,-0.050308,0.937781,0.079630,0.334209,5.098282,90.076790,22.324368,-0.019185,0.938165,0.053994,0.341414,2.815812,105.268074,24.114153,0.038738,0.971166,0.055944,0.228488,1.515495,122.996201,25.688305,0.034360,0.994385,-0.003818,0.100021,2.984207,136.692474,25.846941,-0.074644,0.883043,0.142935,0.440719,-1.251878,117.549049,23.300041,-0.606839,0.466330,-0.280932,0.579103,-11.236485,117.451942,10.001127,0.626598,-0.272329,0.283851,-0.672786,-1.147471,95.368813,5.067329,-0.578052,0.096823,-0.577628,0.568179,12.010611,81.587746,4.863066,-0.087099,0.915090,0.086285,0.384160,4.138395,117.542908,27.821693,0.559668,0.815457,0.147210,-0.011447,15.607736,119.091377,39.764030,0.623966,0.679630,0.315841,-0.221391,24.855761,96.561111,35.219158,-0.809153,-0.465567,-0.249427,0.257498,27.099413,83.672836,22.571104,0.055572,0.918581,0.137118,0.366497,-0.900439,82.624344,16.126482,0.063999,0.986414,0.030334,0.148227,-0.956052,49.123779,5.874015,-0.014755,0.969131,0.138177,0.203651,-6.343935,3.638959,2.252746,-0.033473,0.934677,-0.123056,0.331838,13.221398,83.353035,26.653730,0.058627,0.922683,-0.094387,0.369202,12.552352,49.458256,35.491177,-0.061612,0.867856,0.082029,0.486108,4.379381,4.646987,41.504921,-0.014755,0.969131,0.138177,0.203651,-0.692542,1.751371,-10.867421,-0.061612,0.867856,0.082029,0.486108,16.471115,1.712657,34.237202
159,1.325000,-0.049800,0.945150,0.084807,0.311479,6.150821,82.986938,21.393276,-0.050306,0.937782,0.079577,0.334217,5.088558,90.074997,22.327751,-0.019120,0.938171,0.053979,0.341402,2.805995,105.271080,24.116564,0.038888,0.971155,0.055995,0.228498,1.508067,122.999359,25.691023,0.034151,0.994391,-0.003633,0.100031,2.980494,136.695221,25.851997,-0.074377,0.883116,0.142848,0.440646,-1.260103,117.552605,23.302769,-0.606859,0.466345,-0.280897,0.579087,-11.248169,117.461517,10.006409,0.626577,-0.272491,0.283948,-0.672698,-1.158900,95.378700,5.071763,-0.578085,0.096884,-0.577820,0.567940,11.996702,81.589249,4.866284,-0.087049,0.915089,0.086200,0.384192,4.130320,117.545685,27.824244,0.559734,0.815437,0.147065,-0.011492,15.599113,119.093643,39.767174,0.623944,0.679644,0.315820,-0.221439,24.843403,96.561493,35.224022,-0.809263,-0.465441,-0.249317,0.257485,27.087494,83.672630,22.574234,0.055619,0.918512,0.137286,0.366600,-0.909597,82.622856,16.128962,0.063906,0.986386,0.030238,0.148471,-0.962697,49.125900,5.864684,-0.014967,0.969139,0.138149,0.203620,-6.342640,3.639451,2.252050,-0.033535,0.934687,-0.122982,0.331829,13.211239,83.351021,26.657593,0.058601,0.922730,-0.094370,0.369093,12.548084,49.455246,35.491669,-0.061605,0.867866,0.082103,0.486079,4.378584,4.643414,41.505882,-0.014967,0.969139,0.138149,0.203620,-0.690518,1.752290,-10.867867,-0.061605,0.867866,0.082103,0.486079,16.469978,1.710784,34.236912
160,1.333333,-0.049739,0.945146,0.084749,0.311517,6.137820,82.988358,21.397261,-0.050288,0.937785,0.079539,0.334221,5.076598,90.076645,22.331179,-0.019006,0.938179,0.053985,0.341385,2.794856,105.273460,24.119114,0.038898,0.971151,0.056099,0.228485,1.500696,123.001877,25.695190,0.034101,0.994394,-0.003603,0.100023,2.972720,136.697739,25.858984,-0.074287,0.883117,0.142737,0.440695,-1.268728,117.555908,23.306599,-0.606779,0.466371,-0.281002,0.579099,-11.255808,117.466095,10.009488,0.626487,-0.272559,0.284059,-0.672708,-1.170629,95.381180,5.075861,-0.578023,0.096867,-0.577975,0.567848,11.980877,81.588448,4.870231,-0.087007,0.915091,0.086175,0.384204,4.121920,117.547478,27.827803,0.559779,0.815391,0.147155,-0.011454,15.590668,119.094429,39.770905,0.624322,0.679340,0.315767,-0.221385,24.832525,96.561531,35.226505,-0.809111,-0.465942,-0.249363,0.257012,27.060875,83.666206,22.574421,0.055618,0.918471,0.137426,0.366650,-0.922277,82.625023,16.132462,0.063824,0.986317,0.030141,0.148985,-0.971034,49.130737,5.859432,-0.015099,0.969167,0.138001,0.203574,-6.343050,3.642788,2.253840,-0.033600,0.934728,-0.122886,0.331745,13.197917,83.351692,26.662058,0.058522,0.922685,-0.094342,0.369225,12.542107,49.454575,35.491516,-0.061623,0.867866,0.082106,0.486075,4.379328,4.641402,41.504906,-0.015099,0.969167,0.138001,0.203574,-0.691324,1.752210,-10.865758,-0.061623,0.867866,0.082106,0.486075,16.470804,1.709106,34.235935
161,1.341667,-0.049635,0.945192,0.085029,0.311319,6.117896,82.994904,21.397758,-0.050156,0.937804,0.079418,0.334217,5.057056,90.082649,22.336174,-0.018890,0.938167,0.053983,0.341426,2.781036,105.276199,24.121529,0.038941,0.971143,0.056217,0.228481,1.490705,123.004768,25.698906,0.034111,0.994399,-0.003537,0.099970,2.963139,136.700546,25.866138,-0.074164,0.883118,0.142677,0.440733,-1.279755,117.559608,23.309683,-0.606716,0.466338,-0.281088,0.579149,-11.266311,117.472694,10.012157,0.626596,-0.272807,0.284033,-0.672518,-1.182032,95.387039,5.080031,-0.578490,0.096993,-0.578030,0.567294,11.968638,81.586037,4.870514,-0.086953,0.915130,0.086129,0.384132,4.110559,117.549637,27.831280,0.559938,0.815322,0.146919,-0.011535,15.581459,119.095863,39.772411,0.624234,0.679429,0.315726,-0.221414,24.814362,96.558861,35.230171,-0.809193,-0.465835,-0.249289,0.257019,27.046568,83.661430,22.576431,0.055262,0.918585,0.137624,0.366344,-0.944569,82.634506,16.135935,0.063850,0.986360,0.030143,0.148692,-0.968748,49.141281,5.859384,-0.015200,0.969224,0.137614,0.203560,-6.344118,3.653643,2.254881,-0.033757,0.934689,-0.122775,0.331877,13.180360,83.355293,26.659584,0.058432,0.922615,-0.094381,0.369404,12.536149,49.457005,35.485397,-0.061500,0.867850,0.082015,0.486136,4.378515,4.643548,41.503613,-0.015200,0.969224,0.137614,0.203560,-0.692471,1.752688,-10.863251,-0.061500,0.867850,0.082015,0.486136,16.469900,1.707307,34.236076
162,1.350000,-0.049670,0.945163,0.084906,0.311432,6.101811,82.999847,21.402952,-0.050020,0.937812,0.079312,0.334241,5.040923,90.087852,22.339407,-0.018830,0.938170,0.053995,0.341420,2.770394,105.278633,24.122654,0.039027,0.971116,0.056343,0.228551,1.481934,123.007240,25.701174,0.034029,0.994389,-0.003396,0.100110,2.955973,136.702789,25.872463,-0.074012,0.883132,0.142590,0.440759,-1.289141,117.562508,23.311666,-0.606739,0.466358,-0.281068,0.579119,-11.275696,117.478882,10.014116,0.626589,-0.272906,0.284229,-0.672401,-1.191781,95.393089,5.081847,-0.578497,0.097197,-0.577927,0.567358,11.954293,81.584190,4.875590,-0.086944,0.915155,0.086243,0.384049,4.101267,117.551682,27.833153,0.560008,0.815300,0.146785,-0.011493,15.574345,119.096481,39.772381,0.624317,0.679315,0.315756,-0.221488,24.803461,96.556938,35.235054,-0.809105,-0.466041,-0.249353,0.256863,27.030649,83.661629,22.579266,0.055175,0.918504,0.137802,0.366493,-0.959343,82.638382,16.139441,0.063820,0.986360,0.030083,0.148712,-0.971623,49.147915,5.853877,-0.015183,0.969243,0.137448,0.203582,-6.345089,3.659606,2.255047,-0.033912,0.934694,-0.122571,0.331925,13.162966,83.361313,26.666462,0.058400,0.922650,-0.094405,0.369315,12.533238,49.460251,35.482658,-0.061428,0.867874,0.081951,0.486113,4.378019,4.646871,41.504730,-0.015183,0.969243,0.137448,0.203582,-0.693175,1.753853,-10.862277,-0.061428,0.867874,0.081951,0.486113,16.468365,1.708025,34.236515
163,1.358333,-0.049606,0.945131,0.084581,0.311630,6.089459,82.998901,21.408594,-0.049937,0.937779,0.079327,0.334342,5.030686,90.087791,22.340723,-0.018815,0.938141,0.053968,0.341503,2.761949,105.280624,24.125225,0.039062,0.971096,0.056405,0.228616,1.474193,123.009361,25.702917,0.034033,0.994384,-0.003255,0.100154,2.948873,136.704819,25.876257,-0.073843,0.883150,0.142545,0.440766,-1.296765,117.564705,23.313110,-0.606624,0.466303,-0.281342,0.579151,-11.283938,117.485359,10.016005,0.626497,-0.272910,0.284070,-0.672552,-1.205120,95.395576,5.091189,-0.578443,0.097495,-0.577763,0.567529,11.944266,81.590065,4.878455,-0.086866,0.915149,0.086239,0.384082,4.092852,117.553734,27.835539,0.559979,0.815320,0.146780,-0.011481,15.565515,119.096115,39.775475,0.624362,0.679250,0.315760,-0.221557,24.796196,96.557045,35.238991,-0.809107,-0.466037,-0.249320,0.256896,27.020042,83.664124,22.582613,0.055125,0.918506,0.137955,0.366436,-0.969633,82.637047,16.142345,0.063864,0.986333,0.029966,0.148900,-0.975327,49.149162,5.848390,-0.015346,0.969221,0.137392,0.203715,-6.353617,3.660715,2.258562,-0.034043,0.934681,-0.122367,0.332022,13.148552,83.360756,26.674843,0.058367,0.922615,-0.094419,0.369405,12.531300,49.456818,35.480877,-0.061438,0.867846,0.082079,0.486140,4.377824,4.643318,41.504444,-0.015346,0.969221,0.137392,0.203715,-0.697107,1.754269,-10.856675,-0.061438,0.867846,0.082079,0.486140,16.469019,1.707762,34.236317
164,1.366667,-0.049622,0.945129,0.084454,0.311666,6.077386,83.002449,21.413584,-0.049928,0.937771,0.079251,0.334383,5.018923,90.091621,22.343870,-0.018705,0.938129,0.054017,0.341534,2.751221,105.284294,24.126144,0.039128,0.971079,0.056480,0.228660,1.466500,123.012985,25.706764,0.033983,0.994381,-0.003170,0.100210,2.942528,136.708252,25.882620,-0.073775,0.883128,0.142570,0.440812,-1.305290,117.569229,23.315889,-0.606504,0.466354,-0.281389,0.579212,-11.291448,117.492546,10.017999,0.626215,-0.272742,0.284380,-0.672752,-1.216289,95.401787,5.090075,0.577866,-0.097004,0.578348,-0.567604,11.926110,81.597046,4.883992,-0.086968,0.915140,0.086370,0.384052,4.084087,117.556549,27.838600,0.560066,0.815321,0.146437,-0.011606,15.556948,119.100403,39.778156,0.624292,0.679325,0.315662,-0.221663,24.782715,96.558548,35.245499,-0.808935,-0.466028,-0.249599,0.257181,27.007421,83.669579,22.592348,0.055161,0.918321,0.137978,0.366887,-0.981287,82.639679,16.146833,0.063791,0.986369,0.030023,0.148678,-0.983632,49.152519,5.850502,-0.015647,0.969231,0.137305,0.203698,-6.355414,3.663531,2.257731,-0.034143,0.934688,-0.122224,0.332046,13.136059,83.365219,26.680336,0.058336,0.922558,-0.094436,0.369547,12.528526,49.459312,35.479458,-0.061421,0.867831,0.082104,0.486164,4.376180,4.645777,41.504280,-0.015647,0.969231,0.137305,0.203698,-0.697201,1.756335,-10.856668,-0.061421,0.867831,0.082104,0.486164,16.467724,1.710602,34.236572
165,1.375000,-0.049662,0.945113,0.084799,0.311615,6.069274,83.006348,21.410162,-0.049936,0.937742,0.079321,0.334445,5.008795,90.094620,22.345003,-0.018713,0.938096,0.053967,0.341634,2.739684,105.289207,24.129326,0.039284,0.971047,0.056568,0.228745,1.455130,123.018089,25.708025,0.033963,0.994378,-0.003046,0.100247,2.934910,136.712921,25.887405,-0.073784,0.883042,0.142712,0.440938,-1.316307,117.574181,23.317068,-0.606727,0.466405,-0.281343,0.578960,-11.298723,117.500130,10.016355,0.626326,-0.272988,0.284537,-0.672483,-1.224651,95.407516,5.094505,-0.578043,0.097307,-0.577992,0.567735,11.908840,81.595039,4.889843,-0.086929,0.915203,0.086627,0.383853,4.072110,117.561760,27.840923,0.560114,0.815298,0.146388,-0.011493,15.550266,119.101906,39.775871,0.624333,0.679252,0.315655,-0.221781,24.773464,96.557884,35.248787,-0.808923,-0.466120,-0.249420,0.257228,26.993969,83.673386,22.595484,0.055105,0.918391,0.137881,0.366755,-0.989887,82.644753,16.143986,0.063682,0.986405,0.030154,0.148464,-0.992623,49.155273,5.855207,-0.015623,0.969216,0.137411,0.203700,-6.353508,3.665727,2.253227,-0.034230,0.934706,-0.122239,0.331980,13.128435,83.367935,26.676336,0.058234,0.922272,-0.094445,0.370276,12.526825,49.462700,35.478443,-0.061432,0.867805,0.082093,0.486211,4.378025,4.648230,41.501091,-0.015623,0.969216,0.137411,0.203700,-0.695309,1.761395,-10.861593,-0.061432,0.867805,0.082093,0.486211,16.470375,1.712982,34.234764
166,1.383333,-0.049647,0.945118,0.084762,0.311612,6.056592,83.008484,21.411623,-0.049839,0.937738,0.079260,0.334487,4.996476,90.096870,22.346033,-0.018661,0.938076,0.054004,0.341687,2.730729,105.291962,24.129477,0.039293,0.971036,0.056673,0.228766,1.447378,123.020767,25.709974,0.034057,0.994376,-0.002990,0.100240,2.926772,136.715607,25.892273,-0.073677,0.883054,0.142682,0.440941,-1.324226,117.577339,23.318129,-0.606671,0.466598,-0.281325,0.578872,-11.307075,117.505936,10.017721,0.626388,-0.272808,0.284521,-0.672504,-1.241379,95.410576,5.091047,0.577874,-0.097178,0.578265,-0.567651,11.895606,81.602539,4.891098,-0.086886,0.915214,0.086652,0.383831,4.063708,117.564011,27.842558,0.560113,0.815267,0.146576,-0.011323,15.542692,119.102608,39.776909,0.624433,0.679144,0.315703,-0.221765,24.766144,96.558342,35.251530,-0.808940,-0.466108,-0.249329,0.257285,26.982403,83.673820,22.597017,0.055016,0.918387,0.137953,0.366753,-1.002634,82.646919,16.145531,0.063634,0.986408,0.030127,0.148468,-0.997836,49.158138,5.854470,-0.015836,0.969232,0.137350,0.203649,-6.354765,3.667882,2.255504,-0.034363,0.934706,-0.122119,0.332009,13.115817,83.370041,26.677715,0.058215,0.922255,-0.094472,0.370313,12.525471,49.463398,35.475159,-0.061396,0.867817,0.082165,0.486182,4.377139,4.649198,41.500465,-0.015836,0.969232,0.137350,0.203649,-0.696395,1.763056,-10.859172,-0.061396,0.867817,0.082165,0.486182,16.468969,1.715190,34.232769
167,1.391667,-0.049600,0.945121,0.084865,0.311582,6.047145,83.008575,21.410067,-0.049877,0.937702,0.079225,0.334589,4.987237,90.096779,22.346127,-0.018603,0.938026,0.054056,0.341816,2.719874,105.296600,24.128490,0.039418,0.970997,0.056744,0.228891,1.437610,123.025276,25.711277,0.034072,0.994365,-0.002904,0.100347,2.920068,136.719742,25.896559,-0.073710,0.882976,0.142799,0.441054,-1.333815,117.582443,23.317879,-0.606618,0.466515,-0.281518,0.578901,-11.313208,117.512512,10.014873,0.626296,-0.272974,0.284734,-0.672432,-1.249091,95.414932,5.094967,0.577937,-0.097531,0.577973,-0.567824,11.881144,81.597832,4.895564,-0.086821,0.915236,0.086653,0.383792,4.052903,117.567978,27.843752,0.560175,0.815241,0.146485,-0.011327,15.533252,119.104767,39.777027,0.624646,0.678911,0.315660,-0.221938,24.753254,96.558716,35.253532,-0.807974,-0.467697,-0.249907,0.256875,26.957052,83.675735,22.595020,0.054930,0.918440,0.137885,0.366658,-1.012491,82.648315,16.144434,0.063580,0.986461,0.030272,0.148107,-1.005001,49.157555,5.859822,-0.015973,0.969216,0.137384,0.203695,-6.356411,3.667474,2.250459,-0.034432,0.934716,-0.122034,0.332007,13.106781,83.368835,26.675697,0.058192,0.922300,-0.094524,0.370191,12.522963,49.461060,35.469208,-0.061431,0.867809,0.082167,0.486192,4.375667,4.647508,41.500744,-0.015973,0.969216,0.137384,0.203695,-0.695794,1.764364,-10.863494,-0.061431,0.867809,0.082167,0.486192,16.467897,1.714047,34.233494
168,1.400000,-0.049598,0.945159,0.084974,0.311438,6.035145,83.012604,21.410046,-0.049973,0.937745,0.078974,0.334514,4.974930,90.100540,22.347757,-0.018274,0.938063,0.054252,0.341703,2.708973,105.291351,24.120884,0.039288,0.971008,0.056795,0.228853,1.435535,123.019707,25.714397,0.034065,0.994354,-0.002750,0.100463,2.914149,136.714584,25.900131,-0.073480,0.882970,0.142875,0.441079,-1.339134,117.579582,23.318598,-0.606525,0.466590,-0.281611,0.578893,-11.318896,117.517662,10.015833,0.626205,-0.272923,0.284764,-0.672524,-1.260830,95.417427,5.095469,0.577767,-0.097246,0.578360,-0.567652,11.867006,81.603683,4.896190,-0.087143,0.915126,0.086650,0.383983,4.048847,117.559937,27.842945,0.560236,0.815164,0.146687,-0.011278,15.522458,119.105698,39.781536,0.624768,0.678813,0.315607,-0.221967,24.739157,96.559097,35.254025,-0.808017,-0.467940,-0.249490,0.256703,26.937807,83.669891,22.590130,0.054837,0.918444,0.137882,0.366663,-1.026075,82.652733,16.146513,0.063518,0.986496,0.030334,0.147886,-1.012646,49.161221,5.864374,-0.016069,0.969236,0.137280,0.203659,-6.358374,3.670755,2.251438,-0.034479,0.934665,-0.121932,0.332183,13.096365,83.372475,26.673576,0.058095,0.922285,-0.094585,0.370228,12.516390,49.463184,35.461514,-0.061243,0.867819,0.082179,0.486195,4.374956,4.649660,41.501179,-0.016069,0.969236,0.137280,0.203659,-0.698090,1.765269,-10.862314,-0.061243,0.867819,0.082179,0.486195,16.465984,1.713841,34.232883
169,1.408333,-0.049614,0.945215,0.085294,0.311178,6.022947,83.019066,21.405972,-0.049841,0.937783,0.078889,0.334449,4.961352,90.106186,22.348227,-0.018220,0.938066,0.054305,0.341688,2.700618,105.295135,24.120144,0.039354,0.970989,0.056894,0.228900,1.428355,123.023354,25.716078,0.034126,0.994341,-0.002686,0.100575,2.908190,136.718063,25.905006,-0.073419,0.882980,0.142835,0.441083,-1.346746,117.583717,23.319653,-0.606376,0.466603,-0.281709,0.578990,-11.326699,117.523018,10.017027,0.626068,-0.272914,0.284931,-0.672585,-1.271983,95.421654,5.094885,0.577617,-0.097396,0.578305,-0.567835,11.852496,81.604561,4.897721,-0.087068,0.915126,0.086723,0.383982,4.041402,117.563126,27.843798,0.560267,0.815126,0.146783,-0.011165,15.515465,119.105698,39.782364,0.624793,0.678691,0.315816,-0.221976,24.730543,96.558090,35.256557,-0.807848,-0.468058,-0.249829,0.256690,26.926910,83.678925,22.594414,0.054709,0.918498,0.137742,0.366599,-1.041096,82.660233,16.146160,0.063410,0.986553,0.030529,0.147512,-1.023846,49.165020,5.876090,-0.016123,0.969240,0.137267,0.203648,-6.358524,3.674397,2.248952,-0.034525,0.934664,-0.121852,0.332210,13.086991,83.377899,26.665783,0.057932,0.922062,-0.094709,0.370777,12.511671,49.467464,35.449619,-0.061375,0.867835,0.082034,0.486174,4.376274,4.654351,41.500446,-0.016123,0.969240,0.137267,0.203648,-0.698149,1.768851,-10.864750,-0.061375,0.867835,0.082034,0.486174,16.467476,1.716825,34.233128
170,1.416667,-0.049660,0.945223,0.085369,0.311127,6.013547,83.023254,21.404989,-0.049821,0.937780,0.078881,0.334461,4.951039,90.110130,22.348112,-0.018220,0.938053,0.054356,0.341717,2.691056,105.298317,24.119884,0.039182,0.970959,0.056983,0.229033,1.418121,123.026337,25.717503,0.034363,0.994303,-0.002498,0.100873,2.893002,136.721542,25.908068,-0.073327,0.882981,0.142806,0.441106,-1.356658,117.586853,23.320370,-0.606328,0.466548,-0.281792,0.579045,-11.336376,117.528519,10.017554,0.625990,-0.272953,0.284984,-0.672620,-1.281401,95.426796,5.097553,0.577562,-0.097415,0.578440,-0.567750,11.838766,81.610359,4.899492,-0.087089,0.915130,0.086798,0.383951,4.031216,117.565979,27.844841,0.560255,0.815147,0.146715,-0.011209,15.505949,119.108322,39.782795,0.624746,0.678735,0.315763,-0.222048,24.721674,96.560944,35.257168,-0.807918,-0.467920,-0.249706,0.256838,26.919138,83.681526,22.593830,0.054674,0.918593,0.137489,0.366462,-1.050982,82.663986,16.145857,0.062550,0.986973,0.031075,0.144938,-1.039677,49.163631,5.892542,-0.016318,0.969455,0.137679,0.202324,-6.298718,3.666142,2.241109,-0.034649,0.934649,-0.121778,0.332266,13.078075,83.382530,26.664120,0.057929,0.922061,-0.094735,0.370774,12.512059,49.471428,35.445988,-0.061320,0.867833,0.081984,0.486194,4.376071,4.658741,41.499149,-0.016318,0.969455,0.137679,0.202324,-0.670928,1.773793,-10.888520,-0.061320,0.867833,0.081984,0.486194,16.467091,1.719198,34.232346
171,1.425000,-0.049808,0.945242,0.085467,0.311019,6.007272,83.027672,21.404755,-0.049552,0.937790,0.078789,0.334495,4.942432,90.114090,22.348650,-0.018396,0.938011,0.054398,0.341816,2.691877,105.298302,24.119894,0.039174,0.970921,0.057166,0.229150,1.412380,123.025932,25.716621,0.034422,0.994289,-0.002428,0.100994,2.886076,136.721191,25.912308,-0.073121,0.883019,0.142923,0.441026,-1.359942,117.585396,23.319025,-0.606260,0.466565,-0.281870,0.579064,-11.343009,117.534348,10.018691,0.625981,-0.273004,0.285066,-0.672573,-1.291019,95.431160,5.099187,0.577598,-0.097657,0.578329,-0.567784,11.824880,81.613503,4.902168,-0.087096,0.915107,0.086838,0.383995,4.026887,117.566559,27.844748,0.560190,0.815162,0.146885,-0.011091,15.500450,119.108429,39.783890,0.624851,0.678585,0.315810,-0.222144,24.719900,96.562469,35.258778,-0.807943,-0.467905,-0.249556,0.256932,26.910866,83.686424,22.593035,0.054707,0.918677,0.137318,0.366310,-1.058182,82.666306,16.147011,0.062381,0.987016,0.031230,0.144681,-1.055183,49.162907,5.903631,-0.016555,0.969463,0.137819,0.202172,-6.297852,3.664362,2.241769,-0.034662,0.934688,-0.121733,0.332171,13.072726,83.389046,26.662498,0.057880,0.922025,-0.094764,0.370864,12.509519,49.477242,35.441826,-0.061386,0.867830,0.081878,0.486208,4.376042,4.664546,41.498318,-0.016555,0.969463,0.137819,0.202172,-0.672120,1.777368,-10.889511,-0.061386,0.867830,0.081878,0.486208,16.467466,1.723355,34.232853
172,1.433333,-0.049871,0.945238,0.085337,0.311054,6.003002,83.025826,21.405605,-0.049865,0.937788,0.078852,0.334440,4.937838,90.112480,22.347412,-0.018157,0.938053,0.054457,0.341702,2.676375,105.304382,24.118372,0.039219,0.970934,0.057159,0.229088,1.404359,123.032089,25.720150,0.034575,0.994281,-0.002301,0.101022,2.879209,136.727234,25.915781,-0.073275,0.882935,0.142889,0.441180,-1.370774,117.593300,23.321859,-0.605776,0.466735,-0.281645,0.579543,-11.348581,117.538200,10.017597,0.626057,-0.272582,0.285758,-0.672379,-1.298152,95.440887,5.068618,0.577559,-0.097921,0.578253,-0.567856,11.810830,81.617516,4.901767,-0.086928,0.915110,0.086568,0.384088,4.017271,117.571114,27.846119,0.560086,0.815207,0.147030,-0.011109,15.489440,119.111015,39.786850,0.624882,0.678523,0.315839,-0.222205,24.714609,96.568207,35.257732,-0.807887,-0.468055,-0.249509,0.256882,26.903217,83.693436,22.589691,0.054720,0.918818,0.137148,0.366018,-1.061950,82.662743,16.147303,0.062316,0.987000,0.031365,0.144790,-1.067496,49.156181,5.914290,-0.016825,0.969402,0.138064,0.202273,-6.302011,3.657669,2.240439,-0.034710,0.934715,-0.121691,0.332105,13.067953,83.388908,26.663906,0.057892,0.922060,-0.094756,0.370777,12.509494,49.476616,35.441654,-0.061477,0.867817,0.081951,0.486209,4.375873,4.663906,41.497868,-0.016825,0.969402,0.138064,0.202273,-0.671396,1.779098,-10.889957,-0.061477,0.867817,0.081951,0.486209,16.468113,1.725788,34.232513
173,1.441667,-0.049843,0.945337,0.085765,0.310641,5.987231,83.033035,21.398222,-0.049600,0.937857,0.078724,0.334316,4.920968,90.118668,22.346418,-0.018122,0.938065,0.054528,0.341660,2.669398,105.307343,24.116211,0.039266,0.970936,0.057191,0.229065,1.397745,123.034821,25.720835,0.034708,0.994275,-0.002173,0.101035,2.873606,136.729843,25.917561,-0.073201,0.882963,0.142846,0.441149,-1.377679,117.596420,23.321968,-0.605924,0.466564,-0.282186,0.579263,-11.356766,117.542610,10.018664,0.625836,-0.273097,0.285256,-0.672589,-1.313546,95.435394,5.099360,0.577635,-0.098437,0.577850,-0.568100,11.795465,81.612816,4.902758,-0.086756,0.915072,0.086406,0.384254,4.010791,117.573486,27.845716,0.560020,0.815211,0.147255,-0.011130,15.479718,119.109642,39.790043,0.624934,0.678437,0.315908,-0.222223,24.708540,96.569656,35.254314,-0.807858,-0.468178,-0.249472,0.256786,26.894512,83.696297,22.584347,0.054502,0.918885,0.136897,0.365976,-1.082299,82.672058,16.145935,0.062163,0.987103,0.031682,0.144081,-1.080876,49.159016,5.934175,-0.016855,0.969413,0.138051,0.202228,-6.299954,3.660589,2.237409,-0.034835,0.934722,-0.121745,0.332054,13.056761,83.394012,26.650513,0.057823,0.922052,-0.094810,0.370793,12.505645,49.483261,35.434666,-0.061400,0.867842,0.081797,0.486199,4.375920,4.670754,41.497620,-0.016855,0.969413,0.138051,0.202228,-0.670317,1.781845,-10.893379,-0.061400,0.867842,0.081797,0.486199,16.467070,1.727763,34.232418
174,1.450000,-0.050311,0.945355,0.085581,0.310563,5.996811,83.037445,21.397976,-0.049911,0.937836,0.078976,0.334267,4.925059,90.122856,22.341648,-0.018062,0.938077,0.054522,0.341632,2.662027,105.309380,24.115580,0.039275,0.970920,0.057275,0.229109,1.392502,123.036957,25.720778,0.034777,0.994260,-0.002065,0.101165,2.868142,136.731964,25.919924,-0.073145,0.883010,0.142839,0.441067,-1.383703,117.598953,23.321947,-0.605712,0.466821,-0.281650,0.579539,-11.365456,117.546204,10.020635,0.625999,-0.272825,0.285929,-0.672262,-1.319155,95.447708,5.068550,0.577612,-0.098621,0.577777,-0.568166,11.782527,81.614471,4.900135,-0.086731,0.915107,0.086385,0.384180,4.005068,117.575264,27.845335,0.560037,0.815195,0.147280,-0.011157,15.476015,119.111252,39.787746,0.624975,0.678327,0.315953,-0.222377,24.703880,96.571259,35.250126,-0.807802,-0.468332,-0.249388,0.256761,26.885620,83.700439,22.574720,0.054716,0.919149,0.136594,0.365394,-1.072749,82.667534,16.146351,0.062019,0.987104,0.031876,0.144092,-1.099497,49.150311,5.948355,-0.017101,0.969364,0.138360,0.202232,-6.302937,3.651375,2.235808,-0.034559,0.934791,-0.121761,0.331881,13.066372,83.407364,26.649601,0.057676,0.921952,-0.094837,0.371057,12.498503,49.495544,35.428574,-0.061390,0.867905,0.081506,0.486137,4.378528,4.681954,41.496513,-0.017101,0.969364,0.138360,0.202232,-0.671037,1.782741,-10.895454,-0.061390,0.867905,0.081506,0.486137,16.467819,1.731630,34.231197
175,1.458333,-0.049888,0.945372,0.085110,0.310707,5.979462,83.028015,21.410004,-0.049888,0.937859,0.078643,0.334286,4.915415,90.115196,22.349043,-0.018043,0.938091,0.054572,0.341587,2.654956,105.312965,24.114702,0.039307,0.970904,0.057346,0.229155,1.385542,123.040367,25.721872,0.034870,0.994241,-0.001978,0.101314,2.861669,136.735291,25.923222,-0.073181,0.882975,0.143010,0.441075,-1.390881,117.602608,23.322744,-0.605439,0.466792,-0.281906,0.579722,-11.372221,117.551422,10.021119,0.625799,-0.272741,0.285853,-0.672515,-1.331755,95.450180,5.069454,0.577471,-0.098440,0.577996,-0.568117,11.770258,81.623451,4.896590,-0.086685,0.915168,0.086450,0.384031,3.998327,117.578468,27.845610,0.560062,0.815174,0.147298,-0.011190,15.473345,119.112823,39.784321,0.625003,0.678319,0.315877,-0.222433,24.699753,96.572639,35.244705,-0.807898,-0.468232,-0.249157,0.256867,26.879385,83.701042,22.569023,0.054868,0.919337,0.136283,0.365014,-1.089261,82.662758,16.156923,0.062132,0.987196,0.031832,0.143424,-1.138122,49.140766,5.974700,-0.017361,0.969216,0.138469,0.202842,-6.354867,3.642863,2.268197,-0.034717,0.934812,-0.121496,0.331902,13.048185,83.393265,26.663082,0.057677,0.922027,-0.094858,0.370867,12.496701,49.477692,35.428596,-0.061567,0.867870,0.082011,0.486091,4.377194,4.664478,41.499962,-0.017361,0.969216,0.138469,0.202842,-0.705057,1.778598,-10.855992,-0.061567,0.867870,0.082011,0.486091,16.468290,1.729047,34.231621
176,1.466667,-0.050305,0.945511,0.085926,0.309992,5.978769,83.045143,21.393316,-0.049831,0.937946,0.078813,0.334010,4.906153,90.129707,22.342335,-0.017991,0.938141,0.054588,0.341451,2.648060,105.313896,24.112623,0.039337,0.970915,0.057468,0.229072,1.380408,123.041306,25.721136,0.034983,0.994240,-0.001930,0.101293,2.856440,136.736191,25.925762,-0.073109,0.883019,0.143004,0.441001,-1.397119,117.603874,23.322531,-0.605561,0.466915,-0.281760,0.579567,-11.381001,117.554268,10.022799,0.625898,-0.272818,0.285882,-0.672379,-1.342151,95.452881,5.068517,0.577499,-0.098636,0.577862,-0.568192,11.756237,81.625542,4.896876,-0.086717,0.915202,0.086446,0.383943,3.993424,117.579102,27.843803,0.560057,0.815183,0.147265,-0.011252,15.470520,119.114853,39.780342,0.625093,0.678195,0.315866,-0.222574,24.697187,96.575096,35.239159,-0.807739,-0.468540,-0.249182,0.256780,26.870144,83.707336,22.561892,0.054822,0.919426,0.135782,0.364984,-1.097045,82.676224,16.150045,0.062009,0.987235,0.032186,0.143133,-1.156333,49.144306,6.000581,-0.017447,0.969197,0.138416,0.202964,-6.358339,3.647077,2.265119,-0.034568,0.934862,-0.121851,0.331648,13.054583,83.414063,26.636589,0.057493,0.921873,-0.094875,0.371273,12.487372,49.503811,35.421654,-0.061390,0.867955,0.081473,0.486054,4.380219,4.688933,41.497265,-0.017447,0.969197,0.138416,0.202964,-0.704779,1.781780,-10.857311,-0.061390,0.867955,0.081473,0.486054,16.468065,1.737744,34.229893
177,1.475000,-0.050426,0.945534,0.085738,0.309955,5.977203,83.041954,21.397116,-0.049954,0.937955,0.078706,0.333992,4.903806,90.126816,22.343073,-0.017975,0.938146,0.054642,0.341427,2.642736,105.314850,24.109480,0.039383,0.970900,0.057487,0.229125,1.375016,123.042068,25.720024,0.035006,0.994224,-0.001754,0.101438,2.852247,136.736816,25.925577,-0.073101,0.883059,0.143099,0.440891,-1.402590,117.604874,23.320963,-0.605649,0.466973,-0.281700,0.579457,-11.389726,117.556259,10.023674,0.625800,-0.272907,0.285630,-0.672541,-1.351865,95.454346,5.069730,-0.577011,0.100536,-0.576692,0.569542,11.752718,81.627884,4.887016,-0.086646,0.915256,0.086423,0.383836,3.988190,117.579651,27.841949,0.560003,0.815236,0.147168,-0.011348,15.468425,119.113991,39.775650,0.625070,0.678229,0.315708,-0.222760,24.697933,96.575554,35.233646,-0.807802,-0.468467,-0.248868,0.257020,26.868769,83.709480,22.556387,0.054918,0.919622,0.135611,0.364539,-1.098797,82.669907,16.154320,0.061832,0.987275,0.032367,0.142890,-1.173653,49.135494,6.013232,-0.017656,0.969169,0.138721,0.202871,-6.358194,3.637329,2.264970,-0.034542,0.934913,-0.121868,0.331502,13.053205,83.414001,26.639912,0.057501,0.921915,-0.094819,0.371182,12.485270,49.503918,35.425594,-0.061355,0.867897,0.081580,0.486143,4.379873,4.688144,41.496986,-0.017656,0.969169,0.138721,0.202871,-0.705179,1.781870,-10.859088,-0.061355,0.867897,0.081580,0.486143,16.469223,1.739124,34.231232
178,1.483333,-0.050477,0.945623,0.085989,0.309604,5.970054,83.044899,21.395622,-0.049867,0.938050,0.078519,0.333782,4.895197,90.129051,22.345158,-0.017981,0.938207,0.054736,0.341244,2.639416,105.315056,24.107248,0.039381,0.970918,0.057495,0.229045,1.370687,123.041901,25.721106,0.035077,0.994217,-0.001656,0.101490,2.847689,136.736664,25.926653,-0.073007,0.883163,0.143089,0.440702,-1.407349,117.604828,23.322256,-0.605680,0.467092,-0.281641,0.579357,-11.400491,117.557693,10.029475,0.625800,-0.272988,0.285525,-0.672553,-1.366487,95.454582,5.073061,-0.576992,0.100583,-0.576667,0.569577,11.738236,81.629211,4.885642,-0.086680,0.915320,0.086520,0.383655,3.985188,117.579391,27.841145,0.559993,0.815210,0.147354,-0.011301,15.469848,119.114212,39.770523,0.625209,0.678088,0.315668,-0.222854,24.699965,96.576668,35.225330,-0.807867,-0.468470,-0.248562,0.257105,26.862774,83.712021,22.547092,0.054867,0.919759,0.135437,0.364267,-1.109692,82.672760,16.157890,0.061725,0.987198,0.032498,0.143434,-1.188833,49.134651,6.029054,-0.017789,0.969160,0.138792,0.202851,-6.359869,3.636050,2.267432,-0.034542,0.934967,-0.121978,0.331309,13.049799,83.417038,26.633354,0.057468,0.921904,-0.094826,0.371213,12.481081,49.508846,35.426254,-0.060643,0.867897,0.081786,0.486197,4.378038,4.692859,41.499134,-0.017789,0.969160,0.138792,0.202851,-0.706334,1.783361,-10.856795,-0.060643,0.867897,0.081786,0.486197,16.463957,1.738901,34.229687
179,1.491667,-0.050469,0.945696,0.085979,0.309385,5.962918,83.046570,21.398310,-0.049614,0.938096,0.078374,0.333723,4.888437,90.130760,22.347990,-0.018158,0.938201,0.054723,0.341256,2.642125,105.314384,24.108248,0.039300,0.970907,0.057585,0.229084,1.367607,123.041061,25.719496,0.035199,0.994205,-0.001523,0.101567,2.841946,136.736084,25.927055,-0.072917,0.883243,0.143210,0.440518,-1.408566,117.602753,23.321302,-0.605755,0.467266,-0.281551,0.579182,-11.407541,117.558960,10.032895,0.625913,-0.273076,0.285405,-0.672463,-1.379101,95.453903,5.073874,-0.577085,0.100794,-0.576483,0.569632,11.725715,81.630020,4.883500,-0.086717,0.915390,0.086524,0.383477,3.983773,117.579689,27.840441,0.560031,0.815194,0.147288,-0.011447,15.472746,119.116318,39.765434,0.625292,0.678037,0.315509,-0.223002,24.700634,96.578728,35.215935,-0.807864,-0.468528,-0.248343,0.257221,26.857239,83.713631,22.537165,0.054903,0.919856,0.135358,0.364046,-1.119233,82.674110,16.163849,0.061567,0.987210,0.032620,0.143393,-1.205136,49.134766,6.039164,-0.017868,0.969162,0.138907,0.202758,-6.360474,3.635108,2.268794,-0.034548,0.935073,-0.122013,0.330997,13.045070,83.419022,26.632769,0.057468,0.922016,-0.094795,0.370942,12.478878,49.511448,35.428219,-0.061177,0.867931,0.081582,0.486105,4.378638,4.694921,41.500896,-0.017868,0.969162,0.138907,0.202758,-0.708662,1.786164,-10.856702,-0.061177,0.867931,0.081582,0.486105,16.466154,1.743456,34.233086
180,1.500000,-0.050459,0.945771,0.085872,0.309187,5.957803,83.045540,21.403160,-0.049785,0.938169,0.078243,0.333525,4.884125,90.130020,22.351656,-0.018026,0.938281,0.054817,0.341026,2.633331,105.322075,24.107788,0.039483,0.970940,0.057433,0.228952,1.362491,123.048546,25.724081,0.035167,0.994208,-0.001409,0.101547,2.842479,136.742996,25.928398,-0.073132,0.883295,0.143119,0.440407,-1.415769,117.611290,23.325937,-0.605716,0.467384,-0.281536,0.579136,-11.416953,117.559181,10.039228,0.626015,-0.273214,0.285222,-0.672389,-1.393536,95.452591,5.076910,-0.577379,0.100958,-0.576288,0.569503,11.711923,81.630333,4.880523,-0.086556,0.915531,0.086535,0.383176,3.978840,117.586227,27.842352,0.560043,0.815184,0.147287,-0.011591,15.476426,119.119087,39.759521,0.625507,0.677931,0.315265,-0.223067,24.703472,96.582344,35.204124,-0.807852,-0.468568,-0.248169,0.257354,26.849216,83.713280,22.527847,0.054972,0.919965,0.135291,0.363784,-1.126523,82.672295,16.171707,0.061424,0.987214,0.032757,0.143398,-1.221522,49.132229,6.049489,-0.017958,0.969146,0.139017,0.202753,-6.362061,3.631777,2.268501,-0.034510,0.935148,-0.122025,0.330783,13.042130,83.418793,26.634613,0.057432,0.922056,-0.094753,0.370858,12.475161,49.511250,35.430126,-0.061334,0.867966,0.081569,0.486024,4.379928,4.693613,41.501270,-0.017958,0.969146,0.139017,0.202753,-0.709617,1.786447,-10.857229,-0.061334,0.867966,0.081569,0.486024,16.467167,1.743993,34.232258
181,1.508333,-0.050506,0.945825,0.085688,0.309067,5.953574,83.045219,21.408733,-0.049560,0.938264,0.078072,0.333331,4.880185,90.130081,22.354654,-0.018260,0.938349,0.054785,0.340831,2.638585,105.319870,24.108253,0.039392,0.970956,0.057573,0.228863,1.360616,123.046158,25.720873,0.035252,0.994202,-0.001306,0.101573,2.837187,136.740952,25.928167,-0.072940,0.883500,0.143073,0.440043,-1.416189,117.607132,23.325077,-0.605702,0.467560,-0.281429,0.579060,-11.428945,117.557762,10.047075,0.626092,-0.273325,0.285050,-0.672346,-1.410688,95.450333,5.078089,-0.577511,0.101081,-0.576268,0.569367,11.696172,81.629562,4.876039,-0.086567,0.915588,0.086363,0.383074,3.980170,117.585495,27.839418,0.560144,0.815183,0.146869,-0.012039,15.480280,119.121338,39.753769,0.625500,0.678006,0.314954,-0.223296,24.701208,96.583557,35.191113,-0.807911,-0.468572,-0.247905,0.257416,26.843409,83.713837,22.516506,0.054977,0.920132,0.135289,0.363362,-1.131972,82.669952,16.179079,0.061316,0.987250,0.032886,0.143167,-1.231947,49.129875,6.056965,-0.018017,0.969135,0.139140,0.202713,-6.361853,3.628981,2.266880,-0.034457,0.935225,-0.121960,0.330595,13.039121,83.420486,26.638390,0.057415,0.922124,-0.094760,0.370690,12.471996,49.511566,35.428596,-0.061417,0.867959,0.081536,0.486032,4.379069,4.693875,41.502361,-0.018017,0.969135,0.139140,0.202713,-0.709886,1.787485,-10.859592,-0.061417,0.867959,0.081536,0.486032,16.466921,1.744617,34.234226
182,1.516667,-0.050476,0.945937,0.085748,0.308710,5.946095,83.045349,21.412186,-0.049859,0.938394,0.078015,0.332932,4.873209,90.130112,22.359468,-0.018049,0.938523,0.054610,0.340391,2.624089,105.320396,24.109381,0.039372,0.971006,0.057545,0.228663,1.356063,123.047653,25.719353,0.035374,0.994189,-0.001194,0.101663,2.831976,136.742523,25.925314,-0.072919,0.883619,0.142924,0.439857,-1.425619,117.609406,23.327415,-0.605874,0.467695,-0.281240,0.578863,-11.443943,117.557312,10.053618,0.626406,-0.273540,0.284689,-0.672119,-1.426680,95.450012,5.082001,-0.577963,0.101577,-0.575967,0.569125,11.686926,81.628952,4.871552,-0.086598,0.915743,0.086314,0.382708,3.975067,117.586197,27.836573,0.560105,0.815216,0.146833,-0.012068,15.484339,119.125107,39.741684,0.625855,0.677764,0.314727,-0.223358,24.707392,96.588165,35.179142,-0.807924,-0.468665,-0.247733,0.257371,26.832739,83.712234,22.504255,0.054969,0.920160,0.135349,0.363269,-1.143400,82.670280,16.187864,0.061223,0.987284,0.032969,0.142955,-1.242376,49.131287,6.062130,-0.018052,0.969135,0.139135,0.202717,-6.363642,3.629848,2.266874,-0.034464,0.935286,-0.122009,0.330404,13.035589,83.420425,26.636505,0.057409,0.922183,-0.094741,0.370549,12.469549,49.512379,35.430164,-0.061327,0.867949,0.081622,0.486048,4.378691,4.694283,41.503777,-0.018052,0.969135,0.139135,0.202717,-0.711320,1.788401,-10.859457,-0.061327,0.867949,0.081622,0.486048,16.466406,1.745869,34.235054
183,1.525000,-0.050492,0.946001,0.085560,0.308566,5.942686,83.042786,21.417652,-0.049803,0.938475,0.077842,0.332754,4.870551,90.127983,22.362471,-0.018103,0.938588,0.054683,0.340197,2.624303,105.325058,24.109068,0.039340,0.971040,0.057458,0.228546,1.353910,123.051956,25.721073,0.035417,0.994188,-0.001062,0.101658,2.829341,136.746918,25.924227,-0.073071,0.883762,0.142941,0.439538,-1.427814,117.613434,23.329794,-0.605604,0.467742,-0.281505,0.578979,-11.454725,117.555252,10.062507,0.626336,-0.273631,0.284456,-0.672246,-1.447032,95.443573,5.091075,-0.578208,0.101589,-0.575862,0.568980,11.668391,81.627090,4.870678,-0.086637,0.915887,0.086324,0.382351,3.974701,117.590759,27.836767,0.560196,0.815192,0.146600,-0.012289,15.492826,119.132164,39.732994,0.626012,0.677712,0.314436,-0.223484,24.710524,96.593658,35.167358,-0.808082,-0.468530,-0.247379,0.257461,26.826742,83.713760,22.494291,0.055097,0.920301,0.135330,0.362900,-1.148355,82.666138,16.195541,0.061014,0.987440,0.033191,0.141905,-1.260087,49.127773,6.067867,-0.017889,0.969095,0.139332,0.202786,-6.363581,3.625339,2.260613,-0.034463,0.935383,-0.122031,0.330121,13.033726,83.419426,26.639763,0.057459,0.922310,-0.094680,0.370241,12.469785,49.511742,35.434948,-0.061353,0.867979,0.081699,0.485978,4.378736,4.693132,41.504467,-0.017889,0.969095,0.139332,0.202786,-0.710431,1.788533,-10.866015,-0.061353,0.867979,0.081699,0.485978,16.465698,1.746962,34.233589
184,1.533333,-0.050457,0.946094,0.085603,0.308273,5.937571,83.044174,21.419197,-0.049742,0.938587,0.077748,0.332470,4.866017,90.129318,22.365099,-0.018175,0.938692,0.054587,0.339922,2.623272,105.325317,24.110094,0.039233,0.971058,0.057772,0.228408,1.352114,123.052505,25.718386,0.035486,0.994186,-0.001084,0.101659,2.822569,136.747894,25.928986,-0.073053,0.883920,0.142914,0.439232,-1.430468,117.613113,23.330074,-0.605896,0.468126,-0.281227,0.578497,-11.466415,117.553207,10.069633,0.626729,-0.273758,0.284139,-0.671962,-1.468796,95.437912,5.094067,-0.578476,0.101878,-0.575650,0.568871,11.650758,81.625572,4.870089,-0.086676,0.916062,0.086244,0.381943,3.974647,117.592087,27.833935,0.560185,0.815214,0.146512,-0.012357,15.502919,119.137383,39.719814,0.626359,0.677507,0.314108,-0.223595,24.721146,96.599152,35.153934,-0.808167,-0.468520,-0.247018,0.257560,26.819622,83.714546,22.483864,0.055149,0.920361,0.135297,0.362753,-1.156710,82.667831,16.201473,0.060864,0.987412,0.033266,0.142146,-1.274257,49.129242,6.074616,-0.018063,0.969105,0.139321,0.202731,-6.362255,3.625584,2.261252,-0.034469,0.935454,-0.122113,0.329887,13.031853,83.420525,26.636923,0.057463,0.922327,-0.094647,0.370207,12.468532,49.514282,35.437710,-0.061351,0.867988,0.081697,0.485962,4.378536,4.695132,41.504646,-0.018063,0.969105,0.139321,0.202731,-0.709289,1.789473,-10.865548,-0.061351,0.867988,0.081697,0.485962,16.465219,1.748888,34.233341
185,1.541667,-0.050481,0.946165,0.085037,0.308209,5.933601,83.037392,21.431561,-0.049883,0.938685,0.077637,0.332196,4.864279,90.123894,22.369743,-0.018111,0.938821,0.054524,0.339578,2.618008,105.327248,24.111567,0.039247,0.971113,0.057660,0.228199,1.350336,123.054756,25.719013,0.035508,0.994190,-0.001005,0.101613,2.821551,136.750107,25.926199,-0.073039,0.884169,0.142713,0.438798,-1.434710,117.615494,23.333302,-0.606025,0.468249,-0.281048,0.578349,-11.483378,117.550407,10.082525,0.626749,-0.274027,0.284048,-0.671871,-1.486481,95.435616,5.103292,-0.578629,0.101962,-0.575427,0.568925,11.629040,81.620338,4.871399,-0.086706,0.916239,0.086141,0.381532,3.973716,117.594215,27.833179,0.560204,0.815254,0.146197,-0.012587,15.512236,119.143425,39.708595,0.626586,0.677428,0.313717,-0.223747,24.729139,96.604805,35.141991,-0.808362,-0.468311,-0.246621,0.257708,26.815065,83.713409,22.473625,0.055265,0.920425,0.135502,0.362496,-1.161338,82.657417,16.214994,0.060807,0.987375,0.033232,0.142439,-1.283807,49.123608,6.072355,-0.017984,0.969066,0.139498,0.202801,-6.365906,3.619105,2.261289,-0.034443,0.935521,-0.121978,0.329751,13.028542,83.417358,26.648129,0.057465,0.922339,-0.094637,0.370180,12.468009,49.508678,35.439663,-0.061355,0.867979,0.081809,0.485958,4.378365,4.689378,41.505924,-0.017984,0.969066,0.139498,0.202801,-0.711516,1.787516,-10.865526,-0.061355,0.867979,0.081809,0.485958,16.465313,1.745940,34.233925
186,1.550000,-0.050441,0.946312,0.085361,0.307674,5.923530,83.041626,21.434534,-0.049815,0.938860,0.077475,0.331750,4.853858,90.127388,22.377893,-0.018097,0.938991,0.054202,0.339162,2.612951,105.325386,24.116104,0.039286,0.971175,0.057742,0.227905,1.350351,123.054161,25.713539,0.035468,0.994210,-0.000886,0.101430,2.821682,136.749481,25.922501,-0.073030,0.884405,0.142595,0.438361,-1.437930,117.613983,23.333717,-0.606260,0.468451,-0.280768,0.578076,-11.499403,117.544792,10.092676,0.626967,-0.274265,0.283849,-0.671655,-1.504105,95.430305,5.108868,-0.578906,0.102221,-0.575119,0.568909,11.610771,81.614494,4.870748,-0.086773,0.916389,0.086047,0.381180,3.974485,117.594406,27.828806,0.560340,0.815268,0.145557,-0.013047,15.521577,119.148270,39.695290,0.626554,0.677408,0.313673,-0.223960,24.730358,96.606682,35.126884,-0.808766,-0.468126,-0.246321,0.257064,26.814827,83.715103,22.451363,0.055129,0.920444,0.135602,0.362430,-1.177282,82.663139,16.225853,0.060759,0.987389,0.033345,0.142336,-1.289160,49.130165,6.080338,-0.018119,0.969086,0.139302,0.202826,-6.365859,3.625822,2.260123,-0.034518,0.935600,-0.121900,0.329546,13.024342,83.420113,26.643213,0.057413,0.922119,-0.094752,0.370706,12.472427,49.510464,35.431568,-0.061432,0.867990,0.081659,0.485954,4.379799,4.692608,41.504604,-0.018119,0.969086,0.139302,0.202826,-0.710017,1.789457,-10.865402,-0.061432,0.867990,0.081659,0.485954,16.466801,1.746543,34.233749
187,1.558333,-0.050352,0.946420,0.085030,0.307446,5.916072,83.038071,21.441757,-0.049776,0.938994,0.077483,0.331374,4.849296,90.124779,22.381285,-0.018125,0.939146,0.054012,0.338761,2.609740,105.325607,24.121326,0.039276,0.971263,0.057660,0.227553,1.349170,123.055077,25.712597,0.035616,0.994234,-0.000808,0.101142,2.820249,136.750473,25.918489,-0.072923,0.884591,0.142458,0.438050,-1.441332,117.614029,23.337355,-0.606533,0.468707,-0.280546,0.577690,-11.512391,117.544083,10.103619,0.627352,-0.274768,0.283777,-0.671121,-1.522755,95.427315,5.118569,-0.579531,0.103663,-0.573812,0.569331,11.590508,81.595352,4.875470,-0.086855,0.916625,0.085967,0.380611,3.974885,117.596092,27.827868,0.560566,0.815231,0.144845,-0.013551,15.535915,119.155762,39.679996,0.626693,0.677476,0.313072,-0.224207,24.731466,96.609222,35.109421,-0.808858,-0.468210,-0.245823,0.257098,26.805138,83.713333,22.442095,0.055118,0.920473,0.135832,0.362273,-1.187365,82.658836,16.236719,0.060718,0.987374,0.033286,0.142469,-1.294321,49.130173,6.076928,-0.017914,0.969086,0.139272,0.202867,-6.367526,3.625000,2.261929,-0.034530,0.935707,-0.121842,0.329264,13.019509,83.417297,26.646795,0.057423,0.922207,-0.094748,0.370485,12.472406,49.506714,35.431843,-0.061481,0.868006,0.081702,0.485913,4.380544,4.688898,41.506092,-0.017914,0.969086,0.139272,0.202867,-0.712157,1.786605,-10.863510,-0.061481,0.868006,0.081702,0.485913,16.467321,1.744578,34.234177
188,1.566667,-0.050270,0.946507,0.084641,0.307300,5.909886,83.034477,21.453030,-0.049954,0.939141,0.077446,0.330939,4.846071,90.122261,22.387817,-0.018032,0.939350,0.053785,0.338235,2.601128,105.332336,24.127110,0.039402,0.971349,0.057566,0.227190,1.347315,123.062805,25.712645,0.035575,0.994256,-0.000730,0.100943,2.821826,136.757858,25.915945,-0.073147,0.884749,0.142219,0.437770,-1.447390,117.621590,23.342752,-0.607027,0.468834,-0.280764,0.576962,-11.525503,117.539856,10.114450,0.627551,-0.275460,0.283017,-0.670972,-1.547837,95.411690,5.156107,-0.580084,0.103353,-0.574171,0.568461,11.562598,81.587135,4.880944,-0.086509,0.916874,0.085733,0.380143,3.973891,117.603935,27.827152,0.560596,0.815265,0.144523,-0.013709,15.548751,119.158112,39.666500,0.627083,0.677195,0.312734,-0.224434,24.742414,96.610329,35.098244,-0.808660,-0.468481,-0.245836,0.257215,26.794609,83.710938,22.430779,0.054795,0.920447,0.136561,0.362113,-1.195289,82.654205,16.250437,0.061192,0.987024,0.033145,0.144711,-1.264326,49.136963,6.052696,-0.018103,0.968998,0.138948,0.203489,-6.373643,3.636247,2.232752,-0.034516,0.935780,-0.121691,0.329112,13.015061,83.414749,26.655622,0.057438,0.922269,-0.094771,0.370324,12.472000,49.501534,35.430756,-0.061510,0.868020,0.081777,0.485871,4.379185,4.684272,41.507877,-0.018103,0.968998,0.138948,0.203489,-0.701028,1.789581,-10.884086,-0.061510,0.868020,0.081777,0.485871,16.465691,1.742211,34.234585
189,1.575000,-0.050193,0.946647,0.084690,0.306868,5.900861,83.035378,21.458954,-0.049792,0.939311,0.077268,0.330522,4.838313,90.123154,22.395235,-0.018051,0.939506,0.053643,0.337825,2.600823,105.333267,24.131893,0.039727,0.971432,0.057222,0.226864,1.348763,123.064255,25.712971,0.035227,0.994297,-0.000690,0.100655,2.833611,136.758316,25.908257,-0.073147,0.884940,0.142194,0.437392,-1.448115,117.622353,23.347206,-0.607203,0.469040,-0.280630,0.576674,-11.537234,117.538002,10.127309,0.627678,-0.275784,0.282741,-0.670836,-1.565414,95.407372,5.168187,-0.580257,0.104435,-0.573188,0.569079,11.547238,81.578995,4.880876,-0.086537,0.917072,0.085481,0.379714,3.977057,117.605995,27.826904,0.560734,0.815243,0.144079,-0.014020,15.562606,119.165993,39.655037,0.627134,0.677559,0.312094,-0.224085,24.748177,96.615158,35.085552,-0.810647,-0.465371,-0.244369,0.258001,26.804394,83.692772,22.433563,0.054703,0.920496,0.136721,0.361942,-1.209124,82.655891,16.262875,0.061175,0.986856,0.033043,0.145878,-1.269989,49.141003,6.057354,-0.017881,0.969047,0.138804,0.203375,-6.374620,3.639469,2.240883,-0.034539,0.935850,-0.121723,0.328900,13.010847,83.414864,26.655033,0.057441,0.922388,-0.094733,0.370035,12.470551,49.502289,35.432827,-0.061421,0.868045,0.081790,0.485835,4.380673,4.684391,41.509197,-0.017881,0.969047,0.138804,0.203375,-0.706758,1.787502,-10.877262,-0.061421,0.868045,0.081790,0.485835,16.466021,1.741380,34.234356
190,1.583333,-0.050219,0.946745,0.084351,0.306656,5.895204,83.033722,21.472914,-0.049772,0.939475,0.077193,0.330078,4.833992,90.122292,22.404715,-0.018104,0.939696,0.053410,0.337328,2.598643,105.332909,24.140493,0.039754,0.971524,0.057087,0.226501,1.348441,123.064720,25.713820,0.035184,0.994322,-0.000616,0.100431,2.834325,136.758728,25.904814,-0.073146,0.885068,0.142199,0.437132,-1.450975,117.621635,23.353771,-0.607473,0.469703,-0.280050,0.576131,-11.547672,117.535828,10.139668,0.627798,-0.275656,0.282823,-0.670742,-1.590618,95.403046,5.160523,-0.579821,0.103280,-0.574067,0.568848,11.516941,81.581734,4.880878,-0.086667,0.917298,0.085319,0.379175,3.978888,117.607498,27.827791,0.560889,0.815214,0.143617,-0.014298,15.577291,119.175682,39.642231,0.627397,0.677473,0.311648,-0.224227,24.753864,96.621078,35.073292,-0.810815,-0.465255,-0.243982,0.258050,26.795753,83.692055,22.425615,0.054764,0.920558,0.137005,0.361667,-1.217034,82.651566,16.280115,0.060936,0.987057,0.033207,0.144577,-1.277510,49.142601,6.055156,-0.017860,0.969069,0.138851,0.203243,-6.363405,3.639391,2.233627,-0.034526,0.935962,-0.121576,0.328636,13.007442,83.415878,26.665714,0.057492,0.922493,-0.094728,0.369768,12.472189,49.500744,35.433918,-0.061374,0.868045,0.081882,0.485825,4.379931,4.683307,41.510479,-0.017860,0.969069,0.138851,0.203243,-0.699089,1.788666,-10.886225,-0.061374,0.868045,0.081882,0.485825,16.465034,1.741866,34.234596
191,1.591667,-0.049709,0.946773,0.083681,0.306835,5.875892,83.019791,21.498186,-0.049626,0.939626,0.076713,0.329780,4.824389,90.110725,22.422977,-0.018100,0.939874,0.053170,0.336870,2.597280,105.333496,24.148167,0.039767,0.971619,0.057071,0.226094,1.350856,123.066223,25.714108,0.035086,0.994363,-0.000680,0.100058,2.836607,136.760269,25.903818,-0.072900,0.885329,0.142021,0.436702,-1.451545,117.622360,23.359425,-0.607747,0.469771,-0.280137,0.575744,-11.561933,117.538544,10.155787,0.627845,-0.276278,0.282373,-0.670632,-1.610445,95.400223,5.190145,-0.580280,0.103399,-0.573863,0.568564,11.494931,81.574921,4.885471,-0.086699,0.917496,0.085171,0.378722,3.982666,117.609703,27.828163,0.561039,0.815217,0.142967,-0.014716,15.592307,119.182571,39.630932,0.627624,0.677420,0.311049,-0.224585,24.759945,96.624313,35.062084,-0.810860,-0.465340,-0.243454,0.258253,26.785486,83.691101,22.418108,0.054660,0.920620,0.137456,0.361354,-1.235297,82.642761,16.303581,0.060997,0.986846,0.033002,0.146032,-1.280917,49.141674,6.052781,-0.017777,0.969074,0.138816,0.203247,-6.369453,3.637898,2.241555,-0.034812,0.936061,-0.121167,0.328477,12.987082,83.396820,26.692793,0.057685,0.922639,-0.094714,0.369378,12.481594,49.476124,35.441219,-0.061703,0.867985,0.082329,0.485816,4.376092,4.660469,41.513317,-0.017777,0.969074,0.138816,0.203247,-0.705665,1.785706,-10.878317,-0.061703,0.867985,0.082329,0.485816,16.464483,1.734685,34.236591
192,1.600000,-0.049663,0.946848,0.083211,0.306739,5.872470,83.013847,21.509686,-0.049718,0.939785,0.076576,0.329346,4.823745,90.105980,22.428413,-0.017965,0.940080,0.053052,0.336321,2.595659,105.332504,24.150110,0.039684,0.971751,0.056851,0.225596,1.356100,123.065857,25.714489,0.035069,0.994403,-0.000593,0.099662,2.840277,136.760178,25.896629,-0.072758,0.885586,0.141864,0.436255,-1.450621,117.622375,23.364050,-0.607978,0.469992,-0.280009,0.575382,-11.574688,117.537750,10.170895,0.628001,-0.276713,0.282136,-0.670406,-1.629928,95.396080,5.206726,-0.580638,0.103509,-0.573792,0.568250,11.471761,81.566826,4.889327,-0.086787,0.917700,0.085056,0.378233,3.988865,117.608940,27.826366,0.561284,0.815189,0.142069,-0.015600,15.610309,119.187912,39.616703,0.627806,0.677597,0.310148,-0.224789,24.762989,96.626114,35.035404,-0.810979,-0.465298,-0.242994,0.258390,26.775986,83.684875,22.408924,0.054779,0.920682,0.137659,0.361100,-1.239842,82.634842,16.316757,0.060851,0.986815,0.032938,0.146316,-1.290686,49.138580,6.050206,-0.017909,0.969101,0.138859,0.203080,-6.365832,3.632781,2.245269,-0.034794,0.936161,-0.121030,0.328243,12.984782,83.392860,26.702612,0.057713,0.922704,-0.094719,0.369207,12.483457,49.469738,35.441883,-0.061754,0.867993,0.082434,0.485777,4.376558,4.654473,41.514957,-0.017909,0.969101,0.138859,0.203080,-0.705385,1.782625,-10.876338,-0.061754,0.867993,0.082434,0.485777,16.464922,1.731972,34.236862
193,1.608333,-0.049530,0.947025,0.083026,0.306262,5.864500,83.012268,21.513681,-0.049679,0.939969,0.076543,0.328834,4.818862,90.105034,22.431021,-0.017936,0.940274,0.052891,0.335806,2.593092,105.332436,24.153446,0.039802,0.971834,0.056802,0.225229,1.357271,123.066422,25.713449,0.034835,0.994436,-0.000792,0.099409,2.844349,136.760452,25.894121,-0.072690,0.885807,0.141617,0.435898,-1.452645,117.622520,23.367846,-0.608293,0.470289,-0.279788,0.574914,-11.587402,117.534088,10.182926,0.628321,-0.277118,0.281927,-0.670027,-1.650344,95.388931,5.218883,-0.581104,0.103864,-0.573447,0.568057,11.448681,81.554550,4.893537,-0.086713,0.917850,0.084740,0.377957,3.991728,117.609909,27.824205,0.561416,0.815171,0.141607,-0.015981,15.620526,119.191826,39.606892,0.628031,0.677588,0.309632,-0.224900,24.765253,96.627495,35.022156,-0.811302,-0.464959,-0.242465,0.258481,26.766750,83.674385,22.398800,0.054612,0.920834,0.137967,0.360620,-1.253203,82.633629,16.328115,0.060818,0.986862,0.032954,0.146010,-1.290723,49.142025,6.046325,-0.017861,0.969127,0.138699,0.203069,-6.363856,3.635961,2.241946,-0.034774,0.936247,-0.121039,0.327996,12.982203,83.390900,26.699247,0.057699,0.922759,-0.094741,0.369069,12.481681,49.467842,35.438805,-0.061725,0.868003,0.082422,0.485765,4.376151,4.652807,41.515411,-0.017861,0.969127,0.138699,0.203069,-0.704204,1.780991,-10.879324,-0.061725,0.868003,0.082422,0.485765,16.464104,1.729605,34.236912
194,1.616667,-0.049383,0.947102,0.082383,0.306222,5.859771,83.004272,21.527756,-0.049714,0.940129,0.076469,0.328389,4.818975,90.098778,22.437071,-0.017908,0.940486,0.052685,0.335245,2.593255,105.329773,24.158434,0.039768,0.971941,0.056739,0.224787,1.361771,123.064575,25.712608,0.034735,0.994472,-0.000959,0.099085,2.847705,136.758759,25.890371,-0.072568,0.886063,0.141398,0.435469,-1.451701,117.620102,23.372601,-0.608551,0.470579,-0.279550,0.574520,-11.599461,117.529442,10.197706,0.628576,-0.277657,0.281881,-0.669584,-1.669297,95.381790,5.230993,-0.581612,0.104518,-0.572860,0.568009,11.422812,81.534019,4.898095,-0.087096,0.918097,0.084459,0.377331,3.997981,117.608559,27.822464,0.561864,0.814998,0.140768,-0.016476,15.640285,119.208160,39.589417,0.628080,0.677817,0.308929,-0.225038,24.759315,96.633354,35.005062,-0.811628,-0.464765,-0.241670,0.258551,26.757462,83.661911,22.384476,0.054618,0.920967,0.138250,0.360172,-1.258621,82.624481,16.343222,0.060841,0.986832,0.032931,0.146206,-1.294186,49.138409,6.043430,-0.017915,0.969087,0.138727,0.203234,-6.368931,3.632459,2.239822,-0.034764,0.936358,-0.120838,0.327754,12.978162,83.384064,26.712286,0.057754,0.922867,-0.094746,0.368788,12.483928,49.457539,35.438751,-0.061913,0.867993,0.082532,0.485741,4.375409,4.643184,41.516396,-0.017915,0.969087,0.138727,0.203234,-0.704566,1.778536,-10.879559,-0.061913,0.867993,0.082532,0.485741,16.464537,1.725343,34.237698
195,1.625000,-0.049063,0.947130,0.081743,0.306358,5.856318,82.987465,21.547993,-0.049875,0.940232,0.076131,0.328147,4.822561,90.083954,22.449890,-0.017869,0.940632,0.052527,0.334864,2.594069,105.329285,24.161890,0.039770,0.972046,0.056595,0.224372,1.366417,123.064735,25.711739,0.034710,0.994518,-0.001069,0.098630,2.852686,136.758942,25.884686,-0.072487,0.886271,0.141255,0.435106,-1.449742,117.619957,23.375648,-0.608759,0.470915,-0.279462,0.574066,-11.608408,117.527412,10.209168,0.628822,-0.278024,0.281639,-0.669302,-1.691522,95.373520,5.243722,-0.582068,0.104442,-0.572770,0.567647,11.398211,81.523308,4.901295,-0.086962,0.918272,0.084234,0.376986,4.003548,117.608963,27.821095,0.562000,0.814976,0.140319,-0.016796,15.655309,119.208763,39.578659,0.628328,0.677710,0.308529,-0.225219,24.766243,96.630959,34.992970,-0.811918,-0.464448,-0.241224,0.258626,26.750237,83.653687,22.374268,0.054679,0.921138,0.138627,0.359579,-1.261156,82.609734,16.362049,0.060713,0.986875,0.032869,0.145981,-1.297535,49.131439,6.036987,-0.017733,0.969098,0.138922,0.203067,-6.362411,3.623682,2.241825,-0.034811,0.936522,-0.120570,0.327381,12.973793,83.365196,26.733934,0.057931,0.923087,-0.094743,0.368209,12.492342,49.434364,35.444332,-0.062131,0.867981,0.082991,0.485656,4.372786,4.621840,41.520725,-0.017733,0.969098,0.138922,0.203067,-0.703530,1.774298,-10.880564,-0.062131,0.867981,0.082991,0.485656,16.463213,1.718328,34.238453
196,1.633333,-0.048974,0.947222,0.081262,0.306218,5.851714,82.981972,21.560751,-0.049938,0.940349,0.076019,0.327827,4.821408,90.079720,22.456663,-0.017799,0.940775,0.052351,0.334491,2.592322,105.328583,24.165882,0.039812,0.972146,0.056448,0.223967,1.369714,123.064781,25.711197,0.034607,0.994566,-0.001187,0.098178,2.857413,136.758881,25.879496,-0.072431,0.886455,0.141127,0.434780,-1.449480,117.619881,23.379051,-0.609060,0.471196,-0.279340,0.573576,-11.617835,117.525162,10.220069,0.629359,-0.278558,0.281715,-0.668543,-1.710671,95.366035,5.258586,-0.583128,0.104266,-0.572733,0.566628,11.365109,81.504616,4.918222,-0.087007,0.918489,0.084273,0.376438,4.007361,117.609093,27.820137,0.562185,0.814941,0.139737,-0.017123,15.672581,119.211975,39.563934,0.628547,0.677565,0.308185,-0.225514,24.772650,96.629433,34.979965,-0.812061,-0.464351,-0.240898,0.258655,26.741684,83.651459,22.361395,0.054662,0.921283,0.138872,0.359116,-1.267429,82.602859,16.377195,0.060668,0.986864,0.032842,0.146082,-1.301616,49.129196,6.037138,-0.017945,0.969105,0.138942,0.202998,-6.362439,3.620785,2.244460,-0.035008,0.936656,-0.120109,0.327144,12.970856,83.361092,26.744307,0.057833,0.923293,-0.094481,0.367776,12.515266,49.423454,35.429565,-0.062284,0.868009,0.083415,0.485513,4.415565,4.605329,41.491119,-0.017945,0.969105,0.138942,0.202998,-0.703770,1.773208,-10.878272,-0.062284,0.868009,0.083415,0.485513,16.505804,1.714379,34.203541
197,1.641667,-0.048971,0.947366,0.081164,0.305797,5.846507,82.978615,21.564709,-0.049839,0.940493,0.075926,0.327451,4.817062,90.076599,22.459768,-0.017699,0.940911,0.052238,0.334132,2.591949,105.329918,24.168598,0.039869,0.972216,0.056345,0.223676,1.374626,123.066666,25.711763,0.034329,0.994600,-0.001413,0.097932,2.864053,136.760635,25.876987,-0.072410,0.886668,0.140954,0.434407,-1.447624,117.622009,23.382750,-0.609420,0.471597,-0.279054,0.573004,-11.626862,117.523155,10.232229,0.629777,-0.278963,0.281422,-0.668103,-1.730499,95.359596,5.269029,-0.583646,0.104542,-0.572549,0.566229,11.344826,81.494179,4.920403,-0.086873,0.918673,0.084181,0.376042,4.012642,117.610741,27.819616,0.562492,0.814926,0.138474,-0.017980,15.688541,119.212296,39.552956,0.628425,0.677840,0.307466,-0.226007,24.770010,96.622574,34.967506,-0.812332,-0.464046,-0.240290,0.258918,26.736492,83.640976,22.352406,0.054587,0.921402,0.139109,0.358730,-1.277174,82.598289,16.387491,0.060576,0.986885,0.032833,0.145983,-1.304759,49.128666,6.034364,-0.017746,0.969113,0.138993,0.202941,-6.357701,3.619167,2.244226,-0.035036,0.936716,-0.120084,0.326981,12.970188,83.358940,26.741924,0.057847,0.923293,-0.094530,0.367761,12.518480,49.421032,35.426281,-0.062350,0.868028,0.083420,0.485470,4.416070,4.603899,41.491558,-0.017746,0.969113,0.138993,0.202941,-0.701915,1.771900,-10.879789,-0.062350,0.868028,0.083420,0.485470,16.506058,1.713970,34.203178
198,1.650000,-0.048614,0.947473,0.080545,0.305687,5.829649,82.972992,21.577488,-0.049529,0.940645,0.075748,0.327103,4.807885,90.072922,22.465849,-0.017675,0.941065,0.052065,0.333728,2.594588,105.325356,24.173250,0.039746,0.972345,0.056125,0.223193,1.380787,123.062767,25.711441,0.034343,0.994653,-0.001575,0.097386,2.867550,136.757111,25.868889,-0.072254,0.886847,0.140886,0.434089,-1.444138,117.617676,23.386700,-0.609592,0.471942,-0.278866,0.572627,-11.633316,117.520523,10.243854,0.630035,-0.279298,0.281318,-0.667764,-1.747911,95.353027,5.276370,-0.584023,0.104767,-0.572425,0.565924,11.321833,81.483810,4.923107,-0.086914,0.918792,0.084000,0.375780,4.019939,117.607239,27.818880,0.562629,0.814870,0.138215,-0.018253,15.702158,119.213394,39.545311,0.628625,0.677721,0.307116,-0.226286,24.775505,96.621361,34.955154,-0.812435,-0.464088,-0.239741,0.259028,26.728371,83.637062,22.339170,0.054428,0.921493,0.139394,0.358411,-1.295842,82.595047,16.402582,0.060537,0.986888,0.032841,0.145974,-1.309489,49.129765,6.035365,-0.017785,0.969127,0.138910,0.202929,-6.358894,3.619885,2.245103,-0.035263,0.936813,-0.119864,0.326757,12.955141,83.350937,26.752394,0.057966,0.923479,-0.094546,0.367271,12.525482,49.410442,35.427792,-0.062291,0.868032,0.083650,0.485431,4.415630,4.594865,41.494637,-0.017785,0.969127,0.138910,0.202929,-0.703246,1.770486,-10.878676,-0.062291,0.868032,0.083650,0.485431,16.505194,1.709777,34.203617
199,1.658333,-0.048363,0.947634,0.080432,0.305257,5.817270,82.973930,21.581541,-0.049360,0.940792,0.075630,0.326733,4.799827,90.074471,22.469946,-0.017625,0.941196,0.051935,0.333380,2.593631,105.325661,24.176266,0.039765,0.972441,0.056029,0.222797,1.383618,123.063622,25.711140,0.034330,0.994698,-0.001883,0.096918,2.870878,136.757950,25.865200,-0.072333,0.887100,0.140688,0.433621,-1.443844,117.618408,23.389795,-0.609825,0.472194,-0.278645,0.572280,-11.646136,117.513260,10.257198,0.630283,-0.279622,0.281144,-0.667468,-1.766394,95.343803,5.287224,-0.584372,0.104968,-0.572347,0.565606,11.300116,81.471832,4.927341,-0.086846,0.918934,0.083857,0.375482,4.023520,117.608200,27.817913,0.562730,0.814837,0.137966,-0.018497,15.713573,119.215324,39.536392,0.628899,0.677547,0.306803,-0.226469,24.780842,96.621582,34.942673,-0.812432,-0.464328,-0.239420,0.258906,26.718266,83.632919,22.326712,0.054306,0.921449,0.139535,0.358487,-1.313273,82.598808,16.413399,0.060459,0.986920,0.032940,0.145769,-1.314574,49.135368,6.040255,-0.017739,0.969157,0.138716,0.202926,-6.356348,3.625214,2.243127,-0.035379,0.936897,-0.119825,0.326520,12.947813,83.349045,26.749683,0.058001,0.923554,-0.094578,0.367069,12.528885,49.408463,35.425262,-0.062403,0.868070,0.083593,0.485358,4.416371,4.593813,41.495380,-0.017739,0.969157,0.138716,0.202926,-0.701313,1.770082,-10.880100,-0.062403,0.868070,0.083593,0.485358,16.505350,1.708870,34.203350
200,1.666667,-0.048515,0.947672,0.080015,0.305226,5.827983,82.963058,21.590342,-0.049605,0.940867,0.075497,0.326509,4.810318,90.064362,22.472431,-0.017555,0.941304,0.051919,0.333081,2.597051,105.327019,24.174196,0.039860,0.972548,0.055805,0.222369,1.390059,123.065125,25.709772,0.034206,0.994759,-0.002096,0.096336,2.880586,136.759155,25.857386,-0.072283,0.887413,0.140402,0.433084,-1.439520,117.620216,23.390263,-0.609940,0.472399,-0.278466,0.572074,-11.657572,117.509171,10.269962,0.630398,-0.279955,0.281078,-0.667247,-1.782509,95.338707,5.295175,-0.584671,0.105038,-0.572310,0.565322,11.278132,81.461784,4.928836,-0.086764,0.919022,0.083757,0.375308,4.030688,117.609406,27.814875,0.562933,0.814757,0.137552,-0.018892,15.725580,119.216003,39.528610,0.628987,0.677581,0.306391,-0.226680,24.780787,96.618584,34.929176,-0.812608,-0.464209,-0.238912,0.259037,26.710915,83.624611,22.314915,0.054467,0.921731,0.139811,0.357628,-1.302647,82.583099,16.422665,0.060469,0.986881,0.032781,0.146066,-1.316938,49.126289,6.028166,-0.017888,0.969111,0.138920,0.202992,-6.360629,3.615284,2.243790,-0.035136,0.937020,-0.119697,0.326238,12.958613,83.343025,26.758018,0.058004,0.923578,-0.094620,0.366997,12.529321,49.399097,35.419994,-0.062504,0.868020,0.083706,0.485415,4.415623,4.585216,41.494171,-0.017888,0.969111,0.138920,0.202992,-0.702572,1.766760,-10.879076,-0.062504,0.868020,0.083706,0.485415,16.506512,1.704508,34.203617
201,1.675000,-0.048395,0.947845,0.080246,0.304646,5.817643,82.966499,21.589588,-0.049304,0.941022,0.075344,0.326145,4.801151,90.067436,22.475977,-0.017562,0.941412,0.051810,0.332793,2.599523,105.327011,24.176723,0.039872,0.972634,0.055611,0.222036,1.394091,123.065521,25.708914,0.034127,0.994799,-0.002330,0.095941,2.885614,136.759521,25.850626,-0.072295,0.887659,0.140077,0.432682,-1.437092,117.620171,23.392399,-0.610186,0.472650,-0.278206,0.571732,-11.666640,117.501617,10.281134,0.630613,-0.280317,0.280961,-0.666941,-1.796170,95.329918,5.302770,-0.585018,0.105141,-0.572231,0.565023,11.256903,81.450722,4.930046,-0.086733,0.919140,0.083724,0.375033,4.035811,117.610191,27.813673,0.563145,0.814650,0.137277,-0.019194,15.737722,119.217339,39.520309,0.629056,0.677603,0.306082,-0.226843,24.780508,96.616135,34.915012,-0.812723,-0.464175,-0.238477,0.259135,26.704624,83.620445,22.304028,0.054360,0.921685,0.139911,0.357724,-1.319422,82.588814,16.430641,0.060439,0.986871,0.032836,0.146134,-1.323140,49.133141,6.032480,-0.017785,0.969137,0.138665,0.203052,-6.363153,3.622139,2.243169,-0.035128,0.937079,-0.119789,0.326037,12.954707,83.344185,26.748539,0.058015,0.923886,-0.094607,0.366222,12.524608,49.401756,35.416336,-0.062479,0.868084,0.083571,0.485328,4.415493,4.587764,41.495861,-0.017785,0.969137,0.138665,0.203052,-0.704556,1.765790,-10.878354,-0.062479,0.868084,0.083571,0.485328,16.504436,1.703332,34.203564
202,1.683333,-0.048297,0.947959,0.080046,0.304358,5.813143,82.962166,21.594303,-0.049242,0.941149,0.075243,0.325810,4.799121,90.063705,22.478714,-0.017544,0.941540,0.051726,0.332445,2.600466,105.327164,24.178303,0.039886,0.972729,0.055488,0.221651,1.397165,123.066010,25.708338,0.034086,0.994843,-0.002691,0.095494,2.889242,136.759979,25.845957,-0.072273,0.887827,0.139993,0.432368,-1.436036,117.620422,23.394848,-0.610290,0.472853,-0.278131,0.571489,-11.674716,117.499435,10.290731,0.630572,-0.280599,0.280699,-0.666972,-1.811681,95.324615,5.311479,-0.585043,0.104607,-0.572907,0.564411,11.236720,81.449959,4.924644,-0.086767,0.919250,0.083633,0.374775,4.040132,117.610886,27.812082,0.563196,0.814582,0.137474,-0.019175,15.748288,119.221268,39.512032,0.629352,0.677430,0.305862,-0.226833,24.788288,96.619987,34.901691,-0.812871,-0.464095,-0.238033,0.259224,26.699253,83.617218,22.292339,0.054415,0.921750,0.140065,0.357488,-1.327183,82.584534,16.439863,0.060357,0.986808,0.032776,0.146603,-1.333189,49.132294,6.030643,-0.017756,0.969136,0.138673,0.203050,-6.364764,3.620017,2.245410,-0.035164,0.937215,-0.119803,0.325637,12.953469,83.339806,26.748743,0.058096,0.924017,-0.094611,0.365876,12.529116,49.397793,35.418449,-0.062397,0.868109,0.083657,0.485278,4.415272,4.584744,41.498589,-0.017756,0.969136,0.138673,0.203050,-0.706404,1.763726,-10.876228,-0.062397,0.868109,0.083657,0.485278,16.503078,1.701259,34.204025
203,1.691667,-0.048277,0.948054,0.079786,0.304134,5.810800,82.958160,21.599766,-0.049078,0.941280,0.075136,0.325480,4.798391,90.060326,22.480963,-0.017543,0.941668,0.051656,0.332092,2.605971,105.326035,24.180046,0.039801,0.972824,0.055383,0.221273,1.404126,123.065125,25.708214,0.034022,0.994883,-0.003031,0.095085,2.894011,136.759384,25.841618,-0.072118,0.888057,0.139887,0.431956,-1.430900,117.619240,23.397696,-0.610476,0.473082,-0.277954,0.571187,-11.682184,117.498848,10.303429,0.630983,-0.281103,0.280717,-0.666363,-1.824999,95.321915,5.322005,-0.585896,0.105219,-0.572299,0.564029,11.217323,81.431381,4.933585,-0.086741,0.919332,0.083584,0.374590,4.048573,117.610298,27.810829,0.563285,0.814526,0.137417,-0.019370,15.761492,119.221245,39.505939,0.629605,0.677293,0.305588,-0.226910,24.796162,96.619225,34.888767,-0.812970,-0.464029,-0.237734,0.259304,26.694307,83.611557,22.281794,0.054528,0.921796,0.140238,0.357284,-1.331957,82.579071,16.448801,0.060266,0.986746,0.032683,0.147078,-1.343110,49.131092,6.025905,-0.018022,0.969120,0.138762,0.203043,-6.365976,3.617248,2.247951,-0.035134,0.937290,-0.119764,0.325437,12.953556,83.337250,26.750732,0.058129,0.924118,-0.094621,0.365614,12.530020,49.394436,35.417347,-0.062333,0.868066,0.083772,0.485344,4.414798,4.581895,41.499432,-0.018022,0.969120,0.138762,0.203043,-0.705776,1.764998,-10.873463,-0.062333,0.868066,0.083772,0.485344,16.503540,1.700367,34.205647
204,1.700000,-0.048255,0.948168,0.079703,0.303803,5.809932,82.959244,21.599045,-0.048848,0.941378,0.075436,0.325164,4.798489,90.061630,22.479572,-0.017804,0.941766,0.051321,0.331852,2.609553,105.332230,24.191061,0.039958,0.972884,0.055265,0.221011,1.403285,123.072227,25.705191,0.033956,0.994920,-0.003378,0.094709,2.897672,136.766022,25.835747,-0.072123,0.888252,0.139705,0.431612,-1.431263,117.623611,23.400517,-0.610691,0.473287,-0.277662,0.570928,-11.692407,117.498375,10.314028,0.631107,-0.281468,0.280646,-0.666121,-1.836807,95.321999,5.326977,-0.586129,0.105408,-0.572188,0.563864,11.199880,81.425011,4.931466,-0.086551,0.919469,0.083538,0.374309,4.050322,117.619896,27.811033,0.563243,0.814566,0.137311,-0.019618,15.771320,119.226776,39.498596,0.629898,0.677192,0.305123,-0.227023,24.807831,96.626884,34.874638,-0.813070,-0.463939,-0.237312,0.259539,26.691071,83.608963,22.270393,0.054557,0.921888,0.140356,0.356996,-1.336410,82.579514,16.453108,0.060214,0.986715,0.032607,0.147326,-1.349629,49.134083,6.022052,-0.017943,0.969135,0.138687,0.203033,-6.367868,3.619209,2.250396,-0.035091,0.937391,-0.119818,0.325131,12.956274,83.338974,26.744982,0.058149,0.924221,-0.094648,0.365344,12.531461,49.396862,35.414261,-0.062296,0.868158,0.083697,0.485197,4.415434,4.585013,41.500332,-0.017943,0.969135,0.138687,0.203033,-0.708576,1.764384,-10.871042,-0.062296,0.868158,0.083697,0.485197,16.501331,1.701071,34.202801
205,1.708333,-0.048158,0.948254,0.079504,0.303604,5.807372,82.956192,21.602642,-0.048923,0.941500,0.075263,0.324837,4.798305,90.059174,22.481104,-0.017545,0.941908,0.051434,0.331446,2.610268,105.325058,24.186960,0.039891,0.973008,0.055004,0.220541,1.412003,123.064972,25.708464,0.033863,0.994970,-0.003689,0.094206,2.905452,136.758942,25.830534,-0.071935,0.888372,0.139731,0.431388,-1.426636,117.618225,23.404371,-0.610696,0.473497,-0.277682,0.570740,-11.695108,117.497612,10.323588,0.631185,-0.281727,0.280447,-0.666022,-1.849893,95.316818,5.335675,-0.586400,0.105541,-0.572070,0.563677,11.185141,81.419250,4.930723,-0.086739,0.919535,0.083455,0.374122,4.058861,117.610893,27.810017,0.563308,0.814552,0.137082,-0.019920,15.783444,119.225266,39.492950,0.630319,0.676744,0.304870,-0.227531,24.815727,96.624954,34.862743,-0.811705,-0.466147,-0.237967,0.259257,26.670927,83.612671,22.252958,0.054596,0.921976,0.140483,0.356713,-1.341272,82.576668,16.459887,0.060127,0.986697,0.032575,0.147491,-1.356994,49.134033,6.019862,-0.017978,0.969136,0.138737,0.202988,-6.367167,3.618008,2.251385,-0.034998,0.937458,-0.119832,0.324942,12.956017,83.335724,26.745398,0.058092,0.924261,-0.094637,0.365254,12.526560,49.393391,35.413616,-0.062338,0.868144,0.083820,0.485196,4.416383,4.580730,41.501514,-0.017978,0.969136,0.138737,0.202988,-0.708729,1.764808,-10.870652,-0.062338,0.868144,0.083820,0.485196,16.502859,1.700388,34.203506
206,1.716667,-0.048077,0.948412,0.079754,0.303056,5.800200,82.960709,21.600269,-0.048507,0.941617,0.075352,0.324540,4.791673,90.063217,22.483074,-0.017840,0.941973,0.051149,0.331288,2.615436,105.329666,24.196424,0.039939,0.973045,0.054916,0.220393,1.410873,123.070251,25.705082,0.033817,0.994990,-0.004055,0.093994,2.905904,136.764069,25.824732,-0.071960,0.888521,0.139776,0.431063,-1.426382,117.620720,23.405897,-0.610753,0.473648,-0.277601,0.570593,-11.704054,117.498123,10.332359,0.631257,-0.281882,0.280222,-0.665983,-1.863702,95.315735,5.341989,-0.586501,0.105894,-0.571826,0.563753,11.175129,81.417358,4.928792,-0.086513,0.919650,0.083443,0.373895,4.060438,117.618752,27.809900,0.563321,0.814529,0.137144,-0.020074,15.791965,119.227303,39.486664,0.630665,0.676591,0.304480,-0.227547,24.823225,96.628227,34.848469,-0.811351,-0.466745,-0.237940,0.259313,26.662621,83.605217,22.242134,0.054540,0.921995,0.140531,0.356654,-1.354439,82.582977,16.465729,0.059981,0.986721,0.032685,0.147364,-1.366000,49.140850,6.024062,-0.017940,0.969171,0.138573,0.202938,-6.361971,3.623870,2.248185,-0.035029,0.937504,-0.119908,0.324778,12.954839,83.338440,26.734812,0.058098,0.924298,-0.094682,0.365148,12.527191,49.397518,35.408646,-0.062470,0.868112,0.083519,0.485287,4.415664,4.585719,41.501083,-0.017940,0.969171,0.138573,0.202938,-0.705309,1.765844,-10.873933,-0.062470,0.868112,0.083519,0.485287,16.503752,1.699868,34.207935
207,1.725000,-0.048077,0.948482,0.079684,0.302855,5.799839,82.958374,21.600809,-0.048384,0.941749,0.075311,0.324186,4.791793,90.061050,22.482872,-0.017839,0.942116,0.051078,0.330892,2.620360,105.326843,24.196959,0.039962,0.973138,0.054812,0.220001,1.417299,123.067688,25.703754,0.033722,0.995031,-0.004436,0.093577,2.912989,136.761475,25.819838,-0.071828,0.888665,0.139725,0.430805,-1.421957,117.617821,23.407833,-0.610690,0.473774,-0.277646,0.570534,-11.707659,117.496872,10.340593,0.631359,-0.282073,0.280053,-0.665876,-1.874437,95.311691,5.348541,-0.586846,0.106231,-0.571486,0.563676,11.165280,81.411568,4.928633,-0.086668,0.919763,0.083611,0.373542,4.068557,117.616501,27.807230,0.563563,0.814496,0.136265,-0.020623,15.807960,119.229034,39.475529,0.630650,0.676607,0.304115,-0.228030,24.824615,96.623962,34.838112,-0.811230,-0.467031,-0.237759,0.259343,26.656616,83.603874,22.228851,0.054583,0.922082,0.140657,0.356371,-1.356944,82.579926,16.469307,0.059977,0.986672,0.032519,0.147725,-1.371255,49.140625,6.018599,-0.017988,0.969176,0.138516,0.202950,-6.367730,3.622603,2.255998,-0.035015,0.937560,-0.119958,0.324599,12.956622,83.336830,26.732311,0.058067,0.924131,-0.094677,0.365577,12.528544,49.396698,35.409180,-0.062400,0.868116,0.083603,0.485275,4.416996,4.584467,41.498409,-0.017988,0.969176,0.138516,0.202950,-0.710457,1.763212,-10.865665,-0.062400,0.868116,0.083603,0.485275,16.504625,1.699686,34.204075
208,1.733333,-0.048008,0.948553,0.079545,0.302679,5.797662,82.957184,21.603413,-0.048386,0.941847,0.075280,0.323906,4.791328,90.060272,22.484083,-0.017797,0.942231,0.050993,0.330580,2.620644,105.326271,24.197916,0.039966,0.973226,0.054602,0.219666,1.420497,123.067474,25.702763,0.033729,0.995063,-0.004732,0.093214,2.917033,136.761215,25.812450,-0.071797,0.888783,0.139668,0.430585,-1.420873,117.617561,23.409575,-0.610709,0.473914,-0.277603,0.570418,-11.713011,117.495392,10.347420,0.631430,-0.282262,0.279854,-0.665812,-1.885201,95.308327,5.353113,-0.587034,0.106521,-0.571275,0.563639,11.154230,81.409134,4.925082,-0.086568,0.919864,0.083516,0.373339,4.072567,117.616318,27.805319,0.563543,0.814467,0.136522,-0.020596,15.817600,119.227806,39.468090,0.630756,0.676495,0.304097,-0.228095,24.835413,96.624413,34.824760,-0.811745,-0.466328,-0.237123,0.259579,26.661316,83.606049,22.215250,0.054598,0.922307,0.140912,0.355687,-1.361117,82.578842,16.474688,0.059910,0.986670,0.032401,0.147792,-1.377629,49.144684,6.007547,-0.017754,0.969163,0.138528,0.203022,-6.369405,3.625217,2.256262,-0.034936,0.937571,-0.119918,0.324590,12.956440,83.335526,26.732138,0.057975,0.924093,-0.094729,0.365674,12.524171,49.394333,35.404671,-0.062451,0.868127,0.083720,0.485228,4.418012,4.582038,41.500587,-0.017754,0.969163,0.138528,0.203022,-0.711960,1.764834,-10.865185,-0.062451,0.868127,0.083720,0.485228,16.505522,1.700851,34.204636
209,1.741667,-0.047931,0.948657,0.079514,0.302373,5.792674,82.958069,21.602976,-0.048208,0.941947,0.075238,0.323653,4.787807,90.061340,22.483887,-0.017796,0.942315,0.050908,0.330354,2.623400,105.326591,24.198713,0.040011,0.973262,0.054284,0.219575,1.424676,123.068115,25.701014,0.033591,0.995063,-0.005011,0.093250,2.924177,136.761612,25.802210,-0.071751,0.888966,0.139619,0.430230,-1.418006,117.617905,23.410147,-0.610646,0.473978,-0.277232,0.570613,-11.720526,117.494324,10.356198,0.631470,-0.282365,0.280166,-0.665600,-1.885539,95.314613,5.343373,-0.587223,0.106701,-0.571011,0.563676,11.144112,81.407837,4.922982,-0.086570,0.919944,0.083514,0.373141,4.077535,117.617226,27.803257,0.563528,0.814506,0.136308,-0.020894,15.827477,119.229591,39.460953,0.630862,0.676480,0.303772,-0.228279,24.845526,96.627525,34.811600,-0.811874,-0.466164,-0.236774,0.259788,26.663483,83.606422,22.204165,0.054601,0.922372,0.140981,0.355490,-1.369497,82.580322,16.478949,0.059814,0.986597,0.032354,0.148332,-1.386667,49.147545,6.007411,-0.018137,0.969183,0.138455,0.202943,-6.368356,3.626737,2.258958,-0.034908,0.937629,-0.119959,0.324411,12.954844,83.335808,26.727003,0.057928,0.924078,-0.094754,0.365712,12.521462,49.395161,35.401600,-0.062343,0.868126,0.083764,0.485237,4.418187,4.582798,41.500900,-0.018137,0.969183,0.138455,0.202943,-0.710224,1.766474,-10.862206,-0.062343,0.868126,0.083764,0.485237,16.505224,1.701160,34.204346
210,1.750000,-0.047916,0.948726,0.079457,0.302174,5.792755,82.958694,21.602087,-0.048218,0.942031,0.075330,0.323386,4.788524,90.062119,22.482504,-0.017759,0.942418,0.050850,0.330072,2.623348,105.327347,24.200577,0.039998,0.973345,0.054094,0.219258,1.426988,123.069122,25.701736,0.033599,0.995095,-0.005381,0.092887,2.926781,136.762619,25.797007,-0.071723,0.889075,0.139514,0.430043,-1.417518,117.618904,23.413147,-0.610860,0.474201,-0.277291,0.570170,-11.725531,117.493500,10.363549,0.631634,-0.282616,0.279552,-0.665595,-1.902611,95.306435,5.359585,-0.587435,0.106998,-0.570733,0.563680,11.135216,81.406937,4.919810,-0.086497,0.920031,0.083508,0.372944,4.080658,117.618225,27.802961,0.563602,0.814486,0.136057,-0.021299,15.835896,119.229218,39.455517,0.630922,0.676506,0.303485,-0.228417,24.848949,96.627190,34.796383,-0.811934,-0.466120,-0.236578,0.259860,26.661316,83.607010,22.194986,0.054698,0.922396,0.141068,0.355378,-1.371566,82.580566,16.481092,0.059728,0.986616,0.032298,0.148252,-1.394066,49.150257,6.001686,-0.018112,0.969184,0.138491,0.202914,-6.369093,3.628182,2.259829,-0.034839,0.937693,-0.120016,0.324214,12.957075,83.336830,26.723082,0.057926,0.924150,-0.094755,0.365531,12.519644,49.396809,35.399921,-0.062405,0.868123,0.083777,0.485231,4.417741,4.584441,41.500992,-0.018112,0.969184,0.138491,0.202914,-0.711870,1.768826,-10.861856,-0.062405,0.868123,0.083777,0.485231,16.505131,1.704002,34.204548
211,1.758333,-0.047943,0.948755,0.079303,0.302120,5.794305,82.955467,21.600471,-0.048162,0.942083,0.075409,0.323225,4.790430,90.059212,22.478722,-0.017735,0.942485,0.050803,0.329890,2.625966,105.327316,24.200356,0.040073,0.973403,0.053872,0.219040,1.431232,123.069298,25.700443,0.033476,0.995124,-0.005655,0.092606,2.934012,136.762512,25.789673,-0.071690,0.889178,0.139510,0.429838,-1.414484,117.619049,23.413431,-0.610813,0.474288,-0.277338,0.570125,-11.728533,117.493378,10.368601,0.631645,-0.282776,0.279322,-0.665614,-1.911014,95.304077,5.364013,-0.587586,0.107303,-0.570510,0.563691,11.128110,81.406441,4.914577,-0.086437,0.920109,0.083455,0.372778,4.085399,117.618431,27.801111,0.563602,0.814518,0.135819,-0.021583,15.845119,119.228935,39.449211,0.631052,0.676421,0.303266,-0.228600,24.857559,96.627655,34.785183,-0.811970,-0.466033,-0.236480,0.259990,26.660622,83.608452,22.185555,0.054817,0.922465,0.141126,0.355159,-1.370548,82.575974,16.480320,0.059668,0.986501,0.032108,0.149082,-1.401673,49.147717,5.994377,-0.018168,0.969175,0.138676,0.202828,-6.370812,3.623858,2.266373,-0.034772,0.937752,-0.120057,0.324036,12.959158,83.334961,26.720623,0.057993,0.924469,-0.094744,0.364716,12.518045,49.395306,35.398689,-0.062449,0.868133,0.083790,0.485205,4.416175,4.583472,41.503681,-0.018168,0.969175,0.138676,0.202828,-0.715227,1.770070,-10.856809,-0.062449,0.868133,0.083790,0.485205,16.503473,1.703982,34.206703
212,1.766667,-0.047899,0.948783,0.079155,0.302079,5.794691,82.953346,21.599495,-0.048174,0.942177,0.075464,0.322936,4.792084,90.057480,22.475969,-0.017696,0.942615,0.050764,0.329525,2.627388,105.324402,24.199661,0.039857,0.973482,0.053732,0.218762,1.435019,123.066566,25.699356,0.033546,0.995133,-0.005950,0.092459,2.932429,136.760406,25.782913,-0.071556,0.889301,0.139451,0.429625,-1.412843,117.616341,23.414963,-0.611030,0.474558,-0.277017,0.569824,-11.733617,117.492523,10.375430,0.631846,-0.282920,0.279173,-0.665424,-1.919956,95.303162,5.363525,-0.587881,0.107077,-0.570129,0.563812,11.122825,81.401848,4.910897,-0.086359,0.920205,0.083295,0.372595,4.090451,117.615685,27.798363,0.563621,0.814524,0.135680,-0.021754,15.855140,119.226578,39.441399,0.631288,0.676226,0.303113,-0.228728,24.866184,96.625389,34.774242,-0.812019,-0.466039,-0.236368,0.259929,26.656050,83.606819,22.175758,0.054881,0.922557,0.141223,0.354869,-1.370674,82.573708,16.480068,0.059625,0.986457,0.031994,0.149410,-1.406748,49.147861,5.986451,-0.018194,0.969174,0.138696,0.202816,-6.372286,3.622854,2.267670,-0.034718,0.937811,-0.120050,0.323871,12.960055,83.332985,26.718924,0.057979,0.924447,-0.094782,0.364763,12.517129,49.392941,35.395409,-0.062645,0.868140,0.083803,0.485166,4.414924,4.581606,41.503647,-0.018194,0.969174,0.138696,0.202816,-0.716802,1.769783,-10.855659,-0.062645,0.868140,0.083803,0.485166,16.502951,1.705189,34.206657
213,1.775000,-0.047859,0.948851,0.079161,0.301869,5.790679,82.952438,21.599445,-0.048060,0.942254,0.075412,0.322740,4.788792,90.056625,22.476400,-0.017579,0.942689,0.050677,0.329333,2.628133,105.325294,24.200300,0.039982,0.973531,0.053558,0.218566,1.441019,123.067917,25.698721,0.033350,0.995160,-0.006224,0.092223,2.942506,136.761337,25.777891,-0.071509,0.889450,0.139368,0.429350,-1.409222,117.618217,23.416065,-0.611059,0.474704,-0.276928,0.569715,-11.738053,117.492966,10.382933,0.631888,-0.283140,0.278973,-0.665375,-1.928809,95.302521,5.367174,-0.588075,0.107208,-0.569974,0.563741,11.113177,81.401405,4.905134,-0.086255,0.920271,0.083245,0.372467,4.095910,117.616562,27.797159,0.563690,0.814493,0.135541,-0.021964,15.864386,119.225418,39.436642,0.631468,0.676091,0.302952,-0.228845,24.871078,96.623543,34.764450,-0.811962,-0.466189,-0.236321,0.259880,26.650494,83.605133,22.167410,0.054937,0.922634,0.141195,0.354673,-1.376991,82.573158,16.483221,0.058710,0.986956,0.032429,0.146356,-1.419678,49.147190,5.990027,-0.018195,0.969417,0.139067,0.201397,-6.308110,3.614819,2.259347,-0.034746,0.937859,-0.120034,0.323737,12.958347,83.331718,26.715672,0.057941,0.924280,-0.094835,0.365180,12.518793,49.391552,35.391827,-0.062645,0.868120,0.083856,0.485192,4.415287,4.580742,41.502174,-0.018195,0.969417,0.139067,0.201397,-0.689206,1.772663,-10.881222,-0.062645,0.868120,0.083856,0.485192,16.503874,1.705638,34.205605
214,1.783333,-0.047839,0.948887,0.079088,0.301779,5.790236,82.951378,21.598896,-0.047998,0.942339,0.075393,0.322504,4.789012,90.055756,22.475039,-0.017520,0.942789,0.050711,0.329044,2.630946,105.323349,24.199404,0.039924,0.973608,0.053362,0.218280,1.445868,123.065926,25.700014,0.033308,0.995185,-0.006554,0.091948,2.946531,136.759460,25.772890,-0.071369,0.889513,0.139362,0.429245,-1.406121,117.616592,23.418671,-0.611192,0.474936,-0.276803,0.569439,-11.738636,117.494759,10.388420,0.632018,-0.283345,0.278712,-0.665273,-1.936912,95.301453,5.370644,-0.588271,0.107284,-0.569821,0.563676,11.105896,81.402023,4.899593,-0.086195,0.920341,0.083188,0.372320,4.101711,117.614220,27.796368,0.563800,0.814447,0.135328,-0.022167,15.874159,119.222572,39.431908,0.631507,0.676020,0.302862,-0.229066,24.874294,96.618690,34.756767,-0.811991,-0.466215,-0.236136,0.259911,26.647938,83.604691,22.158466,0.054959,0.922719,0.141271,0.354419,-1.378418,82.571884,16.484064,0.058637,0.986979,0.032401,0.146232,-1.423480,49.147591,5.985548,-0.018249,0.969430,0.139125,0.201287,-6.306142,3.614256,2.259031,-0.034690,0.937855,-0.120002,0.323765,12.958890,83.330879,26.713730,0.057882,0.924242,-0.094888,0.365271,12.516187,49.389900,35.386570,-0.062858,0.868129,0.083834,0.485152,4.415352,4.579380,41.502602,-0.018249,0.969430,0.139125,0.201287,-0.689673,1.774080,-10.882859,-0.062858,0.868129,0.083834,0.485152,16.504669,1.706710,34.206272
215,1.791667,-0.047816,0.948900,0.079145,0.301724,5.789746,82.951775,21.595001,-0.047975,0.942391,0.075430,0.322347,4.788648,90.056053,22.472082,-0.017451,0.942859,0.050681,0.328852,2.631000,105.324852,24.198263,0.039921,0.973672,0.053186,0.218038,1.448902,123.067627,25.698896,0.033367,0.995208,-0.006838,0.091655,2.950149,136.761124,25.766468,-0.071225,0.889641,0.139253,0.429039,-1.404755,117.618607,23.418879,-0.611141,0.474974,-0.276731,0.569497,-11.743823,117.498207,10.393816,0.631965,-0.283525,0.278723,-0.665243,-1.941898,95.306183,5.370770,-0.588380,0.107563,-0.569522,0.563812,11.098866,81.400833,4.895125,-0.086156,0.920395,0.083252,0.372182,4.104888,117.615631,27.794292,0.563832,0.814436,0.135246,-0.022268,15.880972,119.222549,39.426346,0.631623,0.675905,0.302778,-0.229194,24.879097,96.618263,34.749260,-0.812000,-0.466213,-0.236043,0.259971,26.645206,83.605148,22.149813,0.055172,0.922739,0.141217,0.354354,-1.379532,82.572884,16.481001,0.058491,0.986884,0.032269,0.146960,-1.440411,49.149170,5.980725,-0.018232,0.969433,0.139163,0.201250,-6.309000,3.613487,2.264480,-0.034683,0.937876,-0.120043,0.323691,12.959024,83.330673,26.709002,0.057874,0.924243,-0.094913,0.365263,12.515603,49.390350,35.384373,-0.062812,0.868133,0.083926,0.485136,4.414619,4.580188,41.502819,-0.018232,0.969433,0.139163,0.201250,-0.693570,1.774294,-10.877988,-0.062812,0.868133,0.083926,0.485136,16.503599,1.709132,34.205299
216,1.800000,-0.047843,0.948951,0.079161,0.301555,5.787468,82.952225,21.593935,-0.047830,0.942449,0.075434,0.322200,4.786090,90.056427,22.471294,-0.017410,0.942910,0.050569,0.328725,2.632546,105.328178,24.199680,0.040041,0.973705,0.053088,0.217891,1.453366,123.071411,25.697210,0.033195,0.995232,-0.007154,0.091435,2.958161,136.764526,25.762514,-0.071150,0.889727,0.139243,0.428876,-1.401686,117.622353,23.419029,-0.611114,0.475113,-0.276737,0.569407,-11.745758,117.503082,10.397937,0.631742,-0.283640,0.278497,-0.665500,-1.950568,95.308533,5.372867,-0.588085,0.106973,-0.570295,0.563451,11.089346,81.409164,4.883822,-0.085828,0.920472,0.083107,0.372100,4.109158,117.619446,27.792927,0.563869,0.814424,0.135147,-0.022367,15.889153,119.218529,39.422092,0.631787,0.675691,0.302790,-0.229358,24.884987,96.613647,34.743534,-0.812029,-0.466266,-0.235989,0.259834,26.640438,83.606003,22.142353,0.055179,0.922817,0.141314,0.354110,-1.383558,82.572693,16.482439,0.058407,0.986902,0.032228,0.146882,-1.445162,49.150959,5.975875,-0.017988,0.969438,0.139279,0.201166,-6.306967,3.614128,2.264879,-0.034675,0.937880,-0.120039,0.323682,12.958495,83.331757,26.705429,0.057864,0.924278,-0.094955,0.365164,12.514684,49.391331,35.380344,-0.062851,0.868118,0.083931,0.485156,4.413815,4.581791,41.503494,-0.017988,0.969438,0.139279,0.201166,-0.695397,1.776861,-10.879505,-0.062851,0.868118,0.083931,0.485156,16.503399,1.711433,34.206718
217,1.808333,-0.047861,0.948947,0.079230,0.301549,5.788901,82.951775,21.590141,-0.047807,0.942475,0.075459,0.322119,4.786981,90.055786,22.468369,-0.017393,0.942949,0.050510,0.328622,2.633834,105.328621,24.198038,0.040011,0.973756,0.052893,0.217719,1.456067,123.072090,25.693916,0.033219,0.995252,-0.007317,0.091194,2.960950,136.765228,25.753424,-0.071129,0.889812,0.139245,0.428703,-1.399816,117.622963,23.416945,-0.611259,0.475288,-0.276590,0.569177,-11.748922,117.503319,10.399856,0.631869,-0.283790,0.278313,-0.665392,-1.957918,95.307381,5.372813,-0.588237,0.106944,-0.570277,0.563316,11.080921,81.410721,4.878135,-0.085712,0.920528,0.083049,0.372000,4.111980,117.620171,27.789644,0.563897,0.814433,0.134954,-0.022489,15.895110,119.216873,39.415962,0.631876,0.675586,0.302721,-0.229515,24.889105,96.611198,34.737671,-0.812091,-0.466153,-0.235929,0.259900,26.637671,83.606552,22.135624,0.055322,0.922835,0.141335,0.354034,-1.382168,82.572296,16.478699,0.058343,0.986839,0.032083,0.147358,-1.453319,49.152077,5.967362,-0.018186,0.969418,0.139335,0.201204,-6.309577,3.613704,2.267981,-0.034658,0.937903,-0.120076,0.323604,12.959969,83.331253,26.701584,0.057865,0.924276,-0.094973,0.365164,12.514936,49.391361,35.378559,-0.062894,0.868115,0.084009,0.485142,4.413445,4.582143,41.503231,-0.018186,0.969418,0.139335,0.201204,-0.695497,1.779113,-10.875707,-0.062894,0.868115,0.084009,0.485142,16.503284,1.714295,34.205883
218,1.816667,-0.047843,0.949000,0.079365,0.301348,5.784071,82.954445,21.586367,-0.047692,0.942529,0.075430,0.321986,4.782006,90.058174,22.466717,-0.017337,0.942991,0.050474,0.328511,2.632856,105.330765,24.196911,0.039894,0.973786,0.052912,0.217601,1.457577,123.074425,25.692377,0.033345,0.995256,-0.007694,0.091074,2.959048,136.767929,25.751423,-0.071114,0.889852,0.139203,0.428637,-1.399514,117.625557,23.416311,-0.611287,0.475409,-0.276540,0.569069,-11.750600,117.505394,10.400787,0.631937,-0.283901,0.278237,-0.665312,-1.963914,95.308006,5.371728,-0.588367,0.107003,-0.570221,0.563224,11.073026,81.411880,4.874024,-0.085691,0.920631,0.083316,0.371691,4.113348,117.622284,27.787674,0.564021,0.814390,0.134687,-0.022549,15.904249,119.216171,39.406509,0.631912,0.675508,0.302696,-0.229678,24.891209,96.606812,34.732498,-0.812189,-0.466009,-0.235820,0.259949,26.635208,83.606026,22.128593,0.055202,0.922895,0.141347,0.353890,-1.389163,82.575653,16.477905,0.058301,0.986862,0.032122,0.147218,-1.453950,49.154751,5.968709,-0.018216,0.969448,0.139274,0.201099,-6.306378,3.616154,2.267055,-0.034671,0.937878,-0.120036,0.323688,12.957305,83.333229,26.694828,0.057782,0.924188,-0.095053,0.365379,12.513296,49.392723,35.369450,-0.062938,0.868119,0.083902,0.485148,4.414696,4.584032,41.501816,-0.018216,0.969448,0.139274,0.201099,-0.694883,1.780037,-10.877528,-0.062938,0.868119,0.083902,0.485148,16.504663,1.714175,34.205460
219,1.825000,-0.047836,0.949005,0.079378,0.301330,5.783607,82.955429,21.581301,-0.047616,0.942558,0.075453,0.321905,4.781597,90.059143,22.461887,-0.017309,0.943026,0.050477,0.328412,2.634739,105.330727,24.193573,0.039886,0.973820,0.052831,0.217469,1.460493,123.074409,25.689611,0.033330,0.995271,-0.007912,0.090901,2.962019,136.767929,25.746117,-0.070955,0.889957,0.139101,0.428478,-1.397297,117.625702,23.414049,-0.611393,0.475657,-0.276356,0.568837,-11.753657,117.507805,10.402709,0.632048,-0.283951,0.278198,-0.665201,-1.973650,95.308746,5.367999,-0.588359,0.106958,-0.570283,0.563179,11.063698,81.411659,4.870451,-0.085554,0.920656,0.083281,0.371667,4.116485,117.622124,27.784246,0.563995,0.814385,0.134843,-0.022440,15.908751,119.212387,39.402187,0.632165,0.675227,0.302755,-0.229731,24.897352,96.603645,34.728363,-0.812201,-0.466043,-0.235790,0.259880,26.628765,83.604660,22.121862,0.055300,0.922892,0.141373,0.353872,-1.389830,82.576805,16.473118,0.058235,0.986823,0.031995,0.147533,-1.460432,49.157166,5.959940,-0.018348,0.969449,0.139278,0.201079,-6.307426,3.617108,2.269157,-0.034678,0.937918,-0.120095,0.323550,12.957044,83.334061,26.689486,0.057828,0.924274,-0.095070,0.365152,12.513407,49.394585,35.368164,-0.063052,0.868117,0.083820,0.485152,4.411905,4.586661,41.502319,-0.018348,0.969449,0.139278,0.201079,-0.695479,1.781863,-10.875350,-0.063052,0.868117,0.083820,0.485152,16.502485,1.716379,34.207153
220,1.833333,-0.047879,0.949028,0.079166,0.301308,5.783783,82.952187,21.579958,-0.047583,0.942562,0.075457,0.321899,4.782120,90.056320,22.457483,-0.017254,0.943026,0.050469,0.328417,2.635629,105.332062,24.190098,0.039871,0.973848,0.052772,0.217362,1.463338,123.075844,25.686487,0.033395,0.995288,-0.008160,0.090669,2.964618,136.769409,25.741083,-0.070885,0.890000,0.139143,0.428386,-1.395046,117.627487,23.410809,-0.611406,0.475781,-0.276341,0.568728,-11.754354,117.511711,10.401797,0.632119,-0.284053,0.278190,-0.665093,-1.979757,95.310555,5.365880,-0.588480,0.107133,-0.570134,0.563170,11.057622,81.409363,4.867376,-0.085486,0.920676,0.083322,0.371625,4.118721,117.623222,27.781025,0.564086,0.814342,0.134710,-0.022540,15.912412,119.211075,39.397846,0.632065,0.675278,0.302767,-0.229838,24.895741,96.600410,34.723160,-0.812410,-0.465733,-0.235573,0.259976,26.629934,83.604385,22.114782,0.055415,0.922944,0.141426,0.353699,-1.389818,82.571663,16.472147,0.058139,0.986783,0.031911,0.147852,-1.468504,49.153961,5.952862,-0.018156,0.969433,0.139426,0.201073,-6.306807,3.612387,2.269404,-0.034647,0.937919,-0.120040,0.323572,12.957385,83.332703,26.687769,0.057790,0.924264,-0.095134,0.365166,12.512761,49.392159,35.362194,-0.062952,0.868126,0.083971,0.485121,4.412261,4.584962,41.502960,-0.018156,0.969433,0.139426,0.201073,-0.696281,1.780259,-10.876145,-0.062952,0.868126,0.083971,0.485121,16.502062,1.716978,34.205597
221,1.841667,-0.048346,0.949105,0.079811,0.300819,5.791566,82.965065,21.559494,-0.047493,0.942598,0.075747,0.321738,4.781188,90.067070,22.444267,-0.017191,0.943041,0.050478,0.328376,2.636235,105.331276,24.185425,0.039687,0.973877,0.052713,0.217280,1.466010,123.075104,25.682920,0.033508,0.995290,-0.008315,0.090583,2.962620,136.769180,25.734642,-0.070873,0.890019,0.139245,0.428316,-1.393178,117.627190,23.407198,-0.611501,0.475995,-0.276246,0.568493,-11.754526,117.512856,10.399799,0.632271,-0.284091,0.278112,-0.664966,-1.987407,95.308868,5.361832,-0.588512,0.107276,-0.570145,0.563099,11.050935,81.408356,4.863468,-0.085484,0.920711,0.083320,0.371540,4.120996,117.622078,27.776903,0.564120,0.814307,0.134794,-0.022421,15.916800,119.210243,39.391537,0.632206,0.675116,0.302846,-0.229822,24.898460,96.598457,34.719086,-0.812415,-0.465721,-0.235633,0.259928,26.626545,83.602180,22.108088,0.055462,0.922931,0.141208,0.353811,-1.386432,82.579391,16.458248,0.058096,0.986803,0.031891,0.147741,-1.472362,49.157734,5.951603,-0.018280,0.969446,0.139399,0.201019,-6.307520,3.615591,2.271004,-0.034473,0.937924,-0.120401,0.323440,12.969565,83.350739,26.660738,0.057664,0.924185,-0.095160,0.365379,12.506451,49.415417,35.354622,-0.062708,0.868147,0.083421,0.485211,4.414292,4.607341,41.499966,-0.018280,0.969446,0.139399,0.201019,-0.697532,1.783399,-10.874764,-0.062708,0.868147,0.083421,0.485211,16.502483,1.722406,34.206615
222,1.850000,-0.048288,0.949082,0.079606,0.300955,5.792501,82.962593,21.558847,-0.047588,0.942603,0.075665,0.321728,4.783684,90.065155,22.440939,-0.017066,0.943066,0.050537,0.328299,2.636544,105.331055,24.178925,0.039837,0.973909,0.052639,0.217124,1.469971,123.074814,25.679981,0.033449,0.995315,-0.008506,0.090317,2.970762,136.768448,25.730234,-0.070835,0.890045,0.139203,0.428281,-1.390659,117.627884,23.403736,-0.611567,0.476108,-0.276187,0.568355,-11.753176,117.513847,10.397262,0.632395,-0.284163,0.278029,-0.664852,-1.989798,95.308395,5.358469,-0.588654,0.107261,-0.570228,0.562869,11.046992,81.409958,4.858888,-0.085399,0.920703,0.083315,0.371580,4.124286,117.620888,27.772465,0.564083,0.814339,0.134752,-0.022456,15.919587,119.206383,39.387981,0.632270,0.674983,0.302846,-0.230037,24.903275,96.595398,34.715530,-0.812397,-0.465800,-0.235490,0.259973,26.624737,83.603706,22.100403,0.055488,0.922994,0.141285,0.353613,-1.384155,82.577034,16.455704,0.058091,0.986782,0.031792,0.147907,-1.472048,49.157116,5.943534,-0.018257,0.969432,0.139504,0.201013,-6.307436,3.614336,2.271208,-0.034475,0.937908,-0.120330,0.323514,12.969157,83.348160,26.661991,0.057650,0.924158,-0.095211,0.365435,12.507113,49.411655,35.351311,-0.062731,0.868139,0.083583,0.485195,4.414148,4.604313,41.500946,-0.018257,0.969432,0.139504,0.201013,-0.697649,1.784994,-10.875048,-0.062731,0.868139,0.083583,0.485195,16.502649,1.723672,34.206413
223,1.858333,-0.048181,0.949162,0.080037,0.300605,5.784130,82.969620,21.548185,-0.047319,0.942644,0.075594,0.321666,4.775242,90.071335,22.436991,-0.017023,0.943058,0.050543,0.328325,2.637619,105.332352,24.175102,0.039868,0.973924,0.052529,0.217078,1.472399,123.076157,25.676805,0.033471,0.995324,-0.008613,0.090193,2.974588,136.769638,25.724197,-0.070803,0.890062,0.139156,0.428266,-1.388558,117.629532,23.400202,-0.611549,0.476176,-0.276213,0.568305,-11.751671,117.515656,10.394197,0.632339,-0.284246,0.278154,-0.664818,-1.992199,95.308540,5.355226,-0.588611,0.107240,-0.570258,0.562887,11.039017,81.407166,4.856381,-0.085349,0.920708,0.083379,0.371565,4.126173,117.621925,27.769201,0.564270,0.814233,0.134576,-0.022658,15.922133,119.205139,39.384361,0.632010,0.675224,0.302818,-0.230081,24.894911,96.590721,34.707565,-0.812544,-0.465570,-0.235303,0.260094,26.627144,83.603584,22.096216,0.055327,0.922931,0.141240,0.353820,-1.396413,82.587555,16.450247,0.058063,0.986817,0.031851,0.147672,-1.472774,49.165501,5.944788,-0.018033,0.969461,0.139347,0.201005,-6.305710,3.622761,2.268672,-0.034539,0.937908,-0.120464,0.323458,12.964672,83.351677,26.646122,0.057598,0.924109,-0.095264,0.365555,12.504281,49.417740,35.345566,-0.062776,0.868137,0.083443,0.485216,4.413131,4.610771,41.500340,-0.018033,0.969461,0.139347,0.201005,-0.697935,1.787715,-10.877646,-0.062776,0.868137,0.083443,0.485216,16.501925,1.727317,34.207401
224,1.866667,-0.048173,0.949134,0.079683,0.300790,5.786931,82.964264,21.548429,-0.047372,0.942607,0.075664,0.321748,4.779503,90.066811,22.432259,-0.017015,0.943039,0.050488,0.328388,2.638604,105.333725,24.172419,0.039751,0.973914,0.052674,0.217110,1.474179,123.077728,25.672297,0.033670,0.995316,-0.008815,0.090194,2.972443,136.771637,25.722977,-0.070717,0.890140,0.138944,0.428188,-1.386781,117.631058,23.395828,-0.611580,0.476200,-0.276202,0.568257,-11.752503,117.516182,10.391921,0.632261,-0.284306,0.277919,-0.664964,-1.993877,95.308571,5.353464,-0.588086,0.108867,-0.569923,0.563463,11.040380,81.411629,4.845063,-0.085229,0.920727,0.083345,0.371552,4.127370,117.623543,27.765556,0.564308,0.814198,0.134628,-0.022631,15.924335,119.203606,39.380119,0.632029,0.675263,0.302761,-0.229989,24.895014,96.588478,34.702740,-0.812875,-0.465163,-0.234959,0.260100,26.628082,83.597275,22.093235,0.055437,0.922984,0.141308,0.353636,-1.391665,82.580757,16.447861,0.058030,0.986778,0.031719,0.147974,-1.475464,49.160908,5.935451,-0.018151,0.969431,0.139585,0.200975,-6.306128,3.617051,2.270203,-0.034545,0.937912,-0.120376,0.323478,12.965528,83.347771,26.648998,0.057640,0.924215,-0.095314,0.365265,12.507393,49.412384,35.342880,-0.062788,0.868161,0.083648,0.485135,4.412947,4.606753,41.503017,-0.018151,0.969431,0.139585,0.200975,-0.698025,1.789403,-10.877007,-0.062788,0.868161,0.083648,0.485135,16.501036,1.728511,34.206856
225,1.875000,-0.048155,0.949140,0.079790,0.300747,5.785776,82.966408,21.542171,-0.047278,0.942606,0.075634,0.321773,4.778173,90.068733,22.427574,-0.016993,0.943024,0.050483,0.328433,2.640427,105.334831,24.167589,0.039678,0.973925,0.052732,0.217060,1.476746,123.078880,25.667509,0.033746,0.995326,-0.008938,0.090047,2.972648,136.773041,25.719204,-0.070710,0.890119,0.139179,0.428157,-1.384274,117.632362,23.390732,-0.611566,0.476256,-0.276207,0.568223,-11.750936,117.520950,10.387532,0.632196,-0.284303,0.277941,-0.665018,-1.995067,95.312294,5.348304,-0.587917,0.108735,-0.570231,0.563354,11.037886,81.416008,4.839266,-0.085252,0.920750,0.083533,0.371450,4.129472,117.624542,27.760973,0.564382,0.814160,0.134563,-0.022573,15.928835,119.203331,39.373283,0.631900,0.675237,0.302900,-0.230235,24.895515,96.585854,34.699596,-0.812881,-0.465170,-0.234778,0.260233,26.630295,83.602776,22.082975,0.055441,0.922981,0.141300,0.353648,-1.393308,82.583694,16.442226,0.057997,0.986735,0.031606,0.148298,-1.477423,49.163708,5.930263,-0.018074,0.969455,0.139543,0.200895,-6.305456,3.618839,2.274130,-0.034505,0.937898,-0.120435,0.323499,12.964861,83.349129,26.642115,0.057582,0.924154,-0.095333,0.365426,12.502503,49.414536,35.338905,-0.062835,0.868147,0.083545,0.485173,4.411323,4.608604,41.501202,-0.018074,0.969455,0.139543,0.200895,-0.700045,1.789609,-10.874009,-0.062835,0.868147,0.083545,0.485173,16.500080,1.728495,34.206875
226,1.883333,-0.048114,0.949176,0.080152,0.300542,5.781125,82.970352,21.532009,-0.047164,0.942633,0.075545,0.321733,4.772728,90.071892,22.422747,-0.016844,0.943028,0.050508,0.328426,2.639910,105.334183,24.160912,0.039672,0.973945,0.052713,0.216976,1.480960,123.078323,25.663441,0.033782,0.995337,-0.009066,0.089892,2.976678,136.772507,25.714388,-0.070690,0.890152,0.138927,0.428172,-1.381571,117.632904,23.385965,-0.611472,0.476228,-0.276241,0.568331,-11.747897,117.518486,10.382530,0.632153,-0.284326,0.277998,-0.665025,-1.991647,95.310463,5.341278,-0.587929,0.108764,-0.570377,0.563188,11.036791,81.415527,4.832599,-0.085237,0.920732,0.083542,0.371495,4.132315,117.622993,27.756027,0.564430,0.814116,0.134631,-0.022540,15.930642,119.201042,39.369488,0.631944,0.675191,0.302970,-0.230160,24.894703,96.582703,34.694965,-0.812984,-0.465003,-0.234809,0.260181,26.628769,83.598885,22.078037,0.055383,0.922880,0.141163,0.353976,-1.400208,82.589928,16.435062,0.057931,0.986758,0.031675,0.148156,-1.480349,49.166782,5.933115,-0.017899,0.969475,0.139475,0.200860,-6.302001,3.621614,2.272281,-0.034591,0.937920,-0.120506,0.323402,12.962458,83.350769,26.628956,0.057699,0.924426,-0.095356,0.364711,12.505049,49.417789,35.332287,-0.062760,0.868125,0.083446,0.485239,4.407906,4.613522,41.498791,-0.017899,0.969475,0.139475,0.200860,-0.698859,1.789472,-10.876417,-0.062760,0.868125,0.083446,0.485239,16.496965,1.729943,34.206345
227,1.891667,-0.048054,0.949168,0.079946,0.300633,5.780920,82.968170,21.529770,-0.047043,0.942609,0.075556,0.321819,4.774141,90.070274,22.417866,-0.016820,0.942997,0.050476,0.328522,2.644449,105.333778,24.157480,0.039706,0.973944,0.052746,0.216965,1.486530,123.078072,25.659094,0.033796,0.995348,-0.009315,0.089737,2.982952,136.772171,25.711117,-0.070751,0.890128,0.138947,0.428205,-1.375951,117.632767,23.381252,-0.611231,0.476275,-0.276096,0.568621,-11.741036,117.517044,10.376841,0.632110,-0.284164,0.278437,-0.664952,-1.983032,95.313393,5.319734,-0.587902,0.108573,-0.570474,0.563154,11.036674,81.415627,4.826204,-0.085257,0.920716,0.083548,0.371527,4.137053,117.622612,27.752422,0.564459,0.814085,0.134704,-0.022499,15.934462,119.201065,39.366756,0.632028,0.675138,0.302974,-0.230078,24.897013,96.582237,34.691696,-0.812816,-0.464980,-0.235180,0.260412,26.628130,83.600060,22.079451,0.055358,0.922903,0.141230,0.353893,-1.399549,82.587791,16.431606,0.057976,0.986769,0.031589,0.148078,-1.477288,49.165760,5.926085,-0.018101,0.969470,0.139440,0.200891,-6.304470,3.620574,2.272859,-0.034575,0.937912,-0.120491,0.323430,12.961390,83.348549,26.627934,0.057647,0.924461,-0.095391,0.364622,12.503007,49.415245,35.329937,-0.062747,0.868115,0.083587,0.485235,4.409764,4.611021,41.501900,-0.018101,0.969470,0.139440,0.200891,-0.699077,1.788582,-10.874899,-0.062747,0.868115,0.083587,0.485235,16.499039,1.730724,34.208515
228,1.900000,-0.048028,0.949144,0.079987,0.300699,5.781179,82.966904,21.523178,-0.047050,0.942586,0.075606,0.321873,4.774518,90.068939,22.411886,-0.016797,0.942980,0.050436,0.328576,2.644071,105.331993,24.152744,0.039797,0.973920,0.052755,0.217054,1.487287,123.076454,25.653204,0.033861,0.995336,-0.009417,0.089840,2.986227,136.770279,25.706196,-0.070728,0.890095,0.138943,0.428280,-1.375341,117.631233,23.375360,-0.611519,0.476339,-0.276220,0.568197,-11.738410,117.516541,10.369335,0.632301,-0.284353,0.278033,-0.664858,-1.986842,95.306458,5.328114,-0.588078,0.108793,-0.570394,0.563009,11.038998,81.411552,4.823035,-0.085121,0.920708,0.083452,0.371599,4.137178,117.620918,27.747143,0.564452,0.814088,0.134720,-0.022482,15.933579,119.196152,39.362930,0.631998,0.675117,0.303035,-0.230141,24.896595,96.577438,34.688168,-0.813005,-0.464851,-0.234906,0.260298,26.628542,83.594032,22.069939,0.055430,0.922914,0.141174,0.353874,-1.398625,82.587296,16.424019,0.057881,0.986716,0.031518,0.148485,-1.482633,49.164730,5.920246,-0.017965,0.969470,0.139544,0.200831,-6.300657,3.618115,2.272689,-0.034550,0.937882,-0.120521,0.323509,12.960982,83.346504,26.622337,0.057565,0.924372,-0.095430,0.364851,12.499523,49.413589,35.325706,-0.062693,0.868109,0.083633,0.485244,4.410421,4.609177,41.501732,-0.017965,0.969470,0.139544,0.200831,-0.697724,1.788295,-10.876419,-0.062693,0.868109,0.083633,0.485244,16.499599,1.729260,34.208035
229,1.908333,-0.047882,0.949178,0.080192,0.300564,5.776410,82.970009,21.514898,-0.046863,0.942600,0.075559,0.321870,4.770992,90.071785,22.407183,-0.016859,0.942966,0.050390,0.328621,2.646847,105.332855,24.148243,0.039840,0.973907,0.052630,0.217136,1.488462,123.077408,25.646395,0.033885,0.995325,-0.009252,0.089967,2.989411,136.771011,25.696451,-0.070674,0.890070,0.138935,0.428343,-1.373486,117.631660,23.368923,-0.611433,0.476342,-0.276300,0.568248,-11.735022,117.518829,10.361658,0.632240,-0.284328,0.278067,-0.664913,-1.985773,95.307747,5.320378,-0.588030,0.108646,-0.570574,0.562905,11.040246,81.412292,4.815502,-0.085043,0.920690,0.083557,0.371639,4.138580,117.622353,27.741278,0.564526,0.814052,0.134620,-0.022511,15.934430,119.193756,39.358150,0.631970,0.675125,0.303033,-0.230199,24.893188,96.573128,34.684540,-0.812862,-0.465053,-0.235000,0.260302,26.625502,83.590691,22.064997,0.055318,0.922860,0.141157,0.354040,-1.405082,82.593712,16.417871,0.057946,0.986707,0.031445,0.148534,-1.480463,49.169930,5.917902,-0.017779,0.969472,0.139389,0.200945,-6.305281,3.623596,2.275886,-0.034563,0.937882,-0.120632,0.323465,12.957901,83.346313,26.611927,0.057476,0.924354,-0.095449,0.364905,12.495146,49.415337,35.322758,-0.062835,0.868143,0.083529,0.485182,4.412571,4.610321,41.502934,-0.017779,0.969472,0.139389,0.200945,-0.700877,1.788323,-10.871837,-0.062835,0.868143,0.083529,0.485182,16.501432,1.729815,34.208942
230,1.916667,-0.047785,0.949155,0.080103,0.300675,5.774714,82.968636,21.511845,-0.046843,0.942592,0.075475,0.321915,4.770901,90.070747,22.403223,-0.016726,0.942964,0.050402,0.328632,2.648229,105.331207,24.141815,0.039804,0.973911,0.052651,0.217120,1.494140,123.075867,25.641912,0.033980,0.995323,-0.009471,0.089928,2.993968,136.769592,25.692299,-0.070743,0.889952,0.138985,0.428560,-1.369114,117.631081,23.363823,-0.611434,0.476377,-0.276392,0.568174,-11.724118,117.518188,10.351358,0.632168,-0.284355,0.278138,-0.664940,-1.979046,95.304459,5.313636,-0.587897,0.108596,-0.570687,0.562939,11.043177,81.408867,4.808776,-0.084878,0.920674,0.083418,0.371748,4.142919,117.619942,27.736214,0.564567,0.814010,0.134710,-0.022455,15.937018,119.187675,39.355354,0.632075,0.674931,0.303227,-0.230224,24.893633,96.566299,34.681252,-0.812557,-0.465425,-0.235460,0.260173,26.620432,83.589333,22.058746,0.055303,0.922860,0.141137,0.354051,-1.405764,82.593658,16.413290,0.057965,0.986680,0.031402,0.148717,-1.480523,49.169369,5.914941,-0.017645,0.969482,0.139315,0.200959,-6.306954,3.622979,2.275623,-0.034561,0.937842,-0.120609,0.323593,12.955192,83.343605,26.610395,0.057445,0.924319,-0.095467,0.364993,12.491662,49.412224,35.319630,-0.062771,0.868129,0.083570,0.485209,4.410502,4.607206,41.501663,-0.017645,0.969482,0.139315,0.200959,-0.703267,1.784841,-10.872004,-0.062771,0.868129,0.083570,0.485209,16.499472,1.726818,34.207802
231,1.925000,-0.047633,0.949191,0.080155,0.300572,5.770795,82.968414,21.505503,-0.046720,0.942599,0.075450,0.321918,4.768937,90.070618,22.398369,-0.016723,0.942952,0.050363,0.328672,2.650348,105.329773,24.137281,0.039870,0.973897,0.052615,0.217179,1.496768,123.074577,25.636059,0.034028,0.995316,-0.009476,0.089995,2.998666,136.768097,25.686010,-0.070734,0.889913,0.138989,0.428641,-1.366488,117.629745,23.358103,-0.611521,0.476376,-0.276331,0.568111,-11.719218,117.517624,10.343830,0.632143,-0.284419,0.278216,-0.664903,-1.972409,95.304451,5.307001,-0.587806,0.108658,-0.570715,0.562994,11.047130,81.405586,4.802512,-0.084815,0.920641,0.083394,0.371850,4.145175,117.618706,27.730959,0.564568,0.814000,0.134777,-0.022404,15.937100,119.184425,39.352577,0.632105,0.674915,0.303249,-0.230158,24.893761,96.563026,34.678661,-0.812468,-0.465541,-0.235585,0.260131,26.620478,83.583679,22.055649,0.055172,0.922794,0.141081,0.354266,-1.411025,82.596085,16.408649,0.057993,0.986745,0.031456,0.148265,-1.476362,49.169678,5.916981,-0.017576,0.969495,0.139254,0.200943,-6.306208,3.623897,2.274621,-0.034611,0.937814,-0.120702,0.323633,12.952614,83.340744,26.602354,0.057460,0.924329,-0.095437,0.364975,12.489845,49.411175,35.318707,-0.062830,0.868066,0.083572,0.485314,4.408563,4.605776,41.497833,-0.017576,0.969495,0.139254,0.200943,-0.703512,1.783659,-10.873132,-0.062830,0.868066,0.083572,0.485314,16.499653,1.726300,34.207138
232,1.933333,-0.047669,0.949194,0.080223,0.300538,5.771808,82.969559,21.498867,-0.046688,0.942583,0.075487,0.321961,4.769196,90.071556,22.392538,-0.016671,0.942931,0.050319,0.328742,2.651423,105.328194,24.132473,0.039862,0.973893,0.052527,0.217219,1.499993,123.073219,25.630301,0.034100,0.995311,-0.009447,0.090018,3.002266,136.766693,25.677908,-0.070815,0.889830,0.138971,0.428807,-1.363666,117.628654,23.352179,-0.611389,0.476300,-0.276490,0.568238,-11.711293,117.514870,10.333846,0.632077,-0.284317,0.278310,-0.664971,-1.965295,95.300865,5.299149,-0.587736,0.108660,-0.570774,0.563006,11.051803,81.404968,4.798193,-0.084757,0.920609,0.083265,0.371970,4.147377,117.617081,27.725822,0.564590,0.813896,0.135376,-0.022040,15.936669,119.182190,39.350204,0.632077,0.674943,0.303477,-0.229852,24.892933,96.561073,34.674175,-0.812530,-0.465357,-0.235608,0.260244,26.625977,83.580994,22.054199,0.055161,0.922762,0.141020,0.354373,-1.410313,82.596931,16.402452,0.058037,0.986707,0.031403,0.148509,-1.475245,49.169243,5.914875,-0.017594,0.969489,0.139190,0.201017,-6.308936,3.623631,2.275571,-0.034559,0.937798,-0.120767,0.323661,12.953928,83.342186,26.595284,0.057355,0.924324,-0.095493,0.364988,12.485995,49.413471,35.314674,-0.062775,0.868134,0.083483,0.485215,4.411629,4.607958,41.501953,-0.017594,0.969489,0.139190,0.201017,-0.704221,1.781651,-10.871082,-0.062775,0.868134,0.083483,0.485215,16.500509,1.725487,34.208767
233,1.941667,-0.047149,0.949077,0.079707,0.301125,5.762918,82.955719,21.505941,-0.046607,0.942520,0.075191,0.322227,4.769089,90.059624,22.394253,-0.016659,0.942880,0.050300,0.328891,2.654802,105.327286,24.126896,0.039936,0.973862,0.052474,0.217357,1.503767,123.072395,25.624052,0.034111,0.995301,-0.009426,0.090132,3.008546,136.765594,25.671005,-0.070839,0.889763,0.138886,0.428970,-1.359439,117.627930,23.345123,-0.611250,0.476268,-0.276708,0.568309,-11.702305,117.513123,10.323027,0.631991,-0.284215,0.278333,-0.665086,-1.960750,95.296272,5.292252,-0.587654,0.108641,-0.570729,0.563142,11.057690,81.402344,4.792275,-0.084682,0.920562,0.083250,0.372107,4.150223,117.616165,27.720499,0.564631,0.813853,0.135484,-0.021904,15.936550,119.178642,39.348232,0.632106,0.674857,0.303641,-0.229809,24.890787,96.556259,34.674442,-0.812286,-0.465721,-0.235907,0.260085,26.623327,83.577438,22.051268,0.055153,0.922715,0.141127,0.354456,-1.413840,82.589981,16.401485,0.058047,0.986647,0.031279,0.148932,-1.474582,49.164341,5.907346,-0.017392,0.969468,0.139376,0.201008,-6.309272,3.618109,2.277093,-0.034739,0.937743,-0.120613,0.323857,12.939678,83.321449,26.610397,0.057381,0.924241,-0.095431,0.365211,12.485263,49.391003,35.323746,-0.063098,0.868075,0.083962,0.485195,4.409219,4.584673,41.502972,-0.017392,0.969468,0.139376,0.201008,-0.706077,1.780260,-10.870781,-0.063098,0.868075,0.083962,0.485195,16.501184,1.718546,34.208466
234,1.950000,-0.047452,0.949229,0.080888,0.300282,5.758902,82.976379,21.474699,-0.046208,0.942564,0.075379,0.322111,4.756656,90.077118,22.378653,-0.016576,0.942838,0.050277,0.329021,2.654952,105.326309,24.118904,0.039872,0.973827,0.052374,0.217551,1.506777,123.071602,25.616089,0.034198,0.995272,-0.009152,0.090443,3.010748,136.764893,25.660414,-0.070808,0.889722,0.138906,0.429054,-1.356825,117.627701,23.336300,-0.611336,0.476240,-0.276664,0.568260,-11.697444,117.514587,10.312407,0.631989,-0.284179,0.278468,-0.665047,-1.953378,95.298431,5.283423,-0.587549,0.108522,-0.570827,0.563175,11.063063,81.402298,4.787995,-0.084608,0.920529,0.083297,0.372195,4.151677,117.614838,27.713135,0.564616,0.813847,0.135609,-0.021722,15.936248,119.174149,39.343075,0.632089,0.674857,0.303776,-0.229677,24.891710,96.551430,34.673237,-0.812280,-0.465687,-0.236061,0.260024,26.627111,83.573570,22.051229,0.054857,0.922532,0.140834,0.355094,-1.426297,82.610512,16.382139,0.058823,0.986269,0.031025,0.151166,-1.468206,49.176785,5.913687,-0.017357,0.969295,0.138655,0.202340,-6.368382,3.637442,2.284820,-0.034720,0.937671,-0.121157,0.323866,12.944100,83.342239,26.567259,0.057201,0.924078,-0.095447,0.365648,12.475852,49.420929,35.315365,-0.062552,0.868123,0.083398,0.485278,4.411609,4.612988,41.498314,-0.017357,0.969295,0.138655,0.202340,-0.731494,1.778571,-10.845687,-0.062552,0.868123,0.083398,0.485278,16.499779,1.725295,34.206028
235,1.958333,-0.046932,0.949193,0.080826,0.300495,5.746219,82.970428,21.474525,-0.046042,0.942545,0.075081,0.322262,4.751152,90.072021,22.379698,-0.016459,0.942804,0.050253,0.329126,2.656592,105.325661,24.112919,0.040010,0.973788,0.052507,0.217666,1.512450,123.071182,25.610563,0.034198,0.995263,-0.009412,0.090519,3.019504,136.764114,25.659538,-0.071055,0.889569,0.138956,0.429313,-1.352010,117.628075,23.329962,-0.611006,0.476067,-0.277103,0.568547,-11.684085,117.509911,10.299320,0.631762,-0.284034,0.278501,-0.665311,-1.943892,95.290520,5.277188,-0.587411,0.108526,-0.570912,0.563231,11.070821,81.401169,4.781128,-0.084692,0.920463,0.083270,0.372345,4.155576,117.613693,27.707949,0.564636,0.813796,0.135856,-0.021587,15.935964,119.175316,39.341831,0.632220,0.674782,0.303872,-0.229409,24.890596,96.552589,34.670467,-0.812212,-0.465787,-0.236345,0.259801,26.624752,83.568810,22.049793,0.054800,0.922442,0.140702,0.355388,-1.437591,82.613274,16.379383,0.057998,0.986693,0.031511,0.148595,-1.475838,49.176510,5.920629,-0.017153,0.969527,0.138955,0.201037,-6.304217,3.631109,2.271649,-0.034971,0.937657,-0.121052,0.323919,12.930030,83.327583,26.569668,0.057372,0.924419,-0.095406,0.364768,12.480148,49.405701,35.316528,-0.062841,0.868083,0.083594,0.485278,4.408704,4.598832,41.497864,-0.017153,0.969527,0.138955,0.201037,-0.702472,1.779972,-10.874987,-0.062841,0.868083,0.083594,0.485278,16.499348,1.720061,34.206127
236,1.966667,-0.046799,0.949186,0.080827,0.300537,5.743230,82.971748,21.468529,-0.046034,0.942516,0.075040,0.322358,4.749935,90.073524,22.374256,-0.016301,0.942774,0.050227,0.329225,2.656354,105.323555,24.105749,0.040041,0.973759,0.052488,0.217798,1.517669,123.069344,25.604265,0.034220,0.995246,-0.009387,0.090695,3.025863,136.762161,25.653208,-0.071040,0.889502,0.138939,0.429460,-1.348112,117.627312,23.322779,-0.611145,0.476117,-0.276978,0.568418,-11.676023,117.510201,10.288842,0.631739,-0.284138,0.278760,-0.665180,-1.934718,95.291344,5.266504,-0.587315,0.108539,-0.570814,0.563428,11.074929,81.391701,4.775142,-0.084604,0.920425,0.083096,0.372498,4.158623,117.610870,27.701822,0.564704,0.813740,0.135922,-0.021510,15.935701,119.171402,39.339184,0.631988,0.675025,0.303918,-0.229272,24.886707,96.547058,34.668686,-0.812275,-0.465517,-0.236375,0.260057,26.634016,83.560684,22.049301,0.054632,0.922351,0.140725,0.355640,-1.440345,82.616890,16.372902,0.058854,0.986314,0.031157,0.150833,-1.464342,49.179291,5.916775,-0.017075,0.969313,0.138421,0.202438,-6.366620,3.641033,2.277186,-0.034945,0.937602,-0.121124,0.324053,12.926805,83.326614,26.564157,0.057177,0.924167,-0.095433,0.365430,12.472301,49.405827,35.315041,-0.062751,0.868136,0.083598,0.485195,4.412039,4.597383,41.499500,-0.017075,0.969313,0.138421,0.202438,-0.729489,1.773925,-10.852048,-0.062751,0.868136,0.083598,0.485195,16.500723,1.717399,34.205013
237,1.975000,-0.046743,0.949161,0.080660,0.300669,5.744415,82.969017,21.464848,-0.046040,0.942477,0.075016,0.322475,4.752479,90.071259,22.368401,-0.016306,0.942735,0.050172,0.329343,2.658534,105.323044,24.099058,0.040075,0.973718,0.052358,0.218003,1.520154,123.069023,25.595526,0.034239,0.995219,-0.009094,0.091013,3.030356,136.761627,25.641644,-0.071072,0.889418,0.138829,0.429664,-1.345264,117.626869,23.313860,-0.611016,0.475975,-0.277195,0.568569,-11.667203,117.508362,10.275205,0.631556,-0.283971,0.278809,-0.665405,-1.925170,95.288635,5.258117,-0.587034,0.108282,-0.571163,0.563416,11.086604,81.391846,4.767780,-0.084517,0.920379,0.083125,0.372626,4.160374,117.610672,27.694284,0.564842,0.813683,0.135670,-0.021592,15.934769,119.167694,39.334835,0.631832,0.675143,0.304007,-0.229237,24.877851,96.539635,34.667194,-0.812096,-0.465792,-0.236710,0.259818,26.632885,83.555046,22.047678,0.054589,0.922320,0.140667,0.355751,-1.437855,82.614410,16.367363,0.058867,0.986350,0.031156,0.150594,-1.459286,49.175350,5.915911,-0.017178,0.969326,0.138383,0.202389,-6.363699,3.637236,2.277374,-0.034871,0.937592,-0.121145,0.324082,12.926685,83.323624,26.562332,0.057088,0.924065,-0.095446,0.365699,12.466621,49.402836,35.312935,-0.062858,0.868154,0.083572,0.485153,4.411671,4.593688,41.499241,-0.017178,0.969326,0.138383,0.202389,-0.727112,1.769659,-10.852028,-0.062858,0.868154,0.083572,0.485153,16.500315,1.714562,34.204346
238,1.983333,-0.046599,0.949111,0.080560,0.300879,5.744477,82.966454,21.459486,-0.045990,0.942421,0.074999,0.322650,4.754743,90.069122,22.362099,-0.016292,0.942680,0.050128,0.329510,2.662029,105.321487,24.092417,0.040096,0.973663,0.052421,0.218231,1.524347,123.067650,25.587351,0.034309,0.995191,-0.009107,0.091295,3.035098,136.760193,25.635838,-0.071009,0.889393,0.138597,0.429800,-1.340646,117.625549,23.305025,-0.611034,0.475950,-0.277185,0.568575,-11.659002,117.506264,10.263536,0.631680,-0.283974,0.278992,-0.665209,-1.915517,95.287064,5.246945,-0.587319,0.107528,-0.571790,0.562628,11.089021,81.389839,4.764513,-0.084438,0.920317,0.083013,0.372822,4.163453,117.609238,27.687389,0.564893,0.813641,0.135727,-0.021515,15.933427,119.164513,39.332645,0.631835,0.675151,0.304087,-0.229098,24.873850,96.535149,34.666218,-0.811886,-0.466068,-0.237044,0.259677,26.631113,83.549187,22.047922,0.054613,0.922272,0.140594,0.355900,-1.435814,82.614067,16.359055,0.058883,0.986300,0.031058,0.150934,-1.458948,49.173752,5.911623,-0.017120,0.969323,0.138396,0.202403,-6.364931,3.635242,2.280086,-0.034906,0.937571,-0.121153,0.324136,12.924767,83.318832,26.559916,0.057103,0.924164,-0.095430,0.365449,12.466265,49.398346,35.311760,-0.062978,0.868115,0.083612,0.485200,4.412243,4.589069,41.498325,-0.017120,0.969323,0.138396,0.202403,-0.728410,1.767705,-10.849353,-0.062978,0.868115,0.083612,0.485200,16.502579,1.712636,34.205162
239,1.991667,-0.046530,0.949109,0.080665,0.300865,5.742646,82.967171,21.453520,-0.045927,0.942395,0.074937,0.322750,4.753423,90.069695,22.357882,-0.016173,0.942639,0.050090,0.329639,2.663251,105.320526,24.086596,0.040407,0.973649,0.052094,0.218316,1.529820,123.066963,25.581507,0.034123,0.995198,-0.008912,0.091308,3.050957,136.758377,25.623215,-0.070944,0.889245,0.138623,0.430110,-1.336006,117.625641,23.298361,-0.610902,0.475902,-0.277458,0.568624,-11.645805,117.510437,10.250066,0.631609,-0.283899,0.279094,-0.665265,-1.907554,95.287437,5.240119,-0.587250,0.107582,-0.571787,0.562692,11.097258,81.388680,4.760626,-0.084338,0.920257,0.082944,0.373008,4.166959,117.607834,27.682140,0.564945,0.813589,0.135841,-0.021384,15.932891,119.160210,39.331871,0.631551,0.675345,0.304286,-0.229049,24.870697,96.529442,34.667248,-0.812072,-0.465706,-0.236935,0.259844,26.641720,83.548141,22.048109,0.054449,0.922261,0.140504,0.355990,-1.437905,82.616486,16.353340,0.058905,0.986398,0.031174,0.150259,-1.451781,49.173141,5.915573,-0.017254,0.969334,0.138309,0.202398,-6.360610,3.635532,2.276599,-0.034963,0.937508,-0.121222,0.324286,12.923198,83.317863,26.553703,0.057087,0.924134,-0.095437,0.365527,12.465481,49.398838,35.311241,-0.062785,0.868098,0.083651,0.485250,4.412075,4.589519,41.498264,-0.017254,0.969334,0.138309,0.202398,-0.723334,1.766273,-10.852270,-0.062785,0.868098,0.083651,0.485250,16.502020,1.711365,34.205139
240,2.000000,-0.046443,0.949064,0.080655,0.301023,5.742783,82.966629,21.446472,-0.045839,0.942346,0.074903,0.322913,4.754639,90.069283,22.350922,-0.016081,0.942585,0.050066,0.329800,2.667239,105.319450,24.079035,0.040452,0.973605,0.052136,0.218492,1.536938,123.066078,25.574049,0.034076,0.995183,-0.008882,0.091493,3.059318,136.757355,25.617563,-0.070963,0.889172,0.138668,0.430242,-1.329244,117.625404,23.289814,-0.610836,0.475849,-0.277601,0.568669,-11.635159,117.511078,10.238451,0.631531,-0.283839,0.279251,-0.665299,-1.898337,95.286591,5.232350,-0.587134,0.107477,-0.571941,0.562677,11.104599,81.385612,4.756955,-0.084374,0.920160,0.082987,0.373229,4.172268,117.606354,27.675407,0.564962,0.813545,0.136057,-0.021222,15.932512,119.158432,39.330910,0.631452,0.675428,0.304430,-0.228883,24.869677,96.527328,34.666679,-0.811993,-0.465675,-0.237162,0.259941,26.647949,83.546127,22.048918,0.054496,0.922175,0.140369,0.356257,-1.436227,82.617607,16.344011,0.058802,0.986401,0.031140,0.150288,-1.453553,49.171963,5.913628,-0.016939,0.969357,0.138472,0.202203,-6.353398,3.633049,2.278984,-0.034987,0.937476,-0.121323,0.324338,12.921792,83.315643,26.548935,0.057092,0.924145,-0.095366,0.365517,12.462817,49.398457,35.313503,-0.062873,0.868060,0.083662,0.485303,4.411344,4.587951,41.494484,-0.016939,0.969357,0.138472,0.202203,-0.723345,1.766693,-10.853394,-0.062873,0.868060,0.083662,0.485303,16.502773,1.711309,34.203224
241,2.008333,-0.046355,0.949080,0.080868,0.300931,5.741889,82.969406,21.437857,-0.045770,0.942314,0.074859,0.323025,4.754122,90.071693,22.345686,-0.015971,0.942531,0.050003,0.329969,2.669691,105.316841,24.072382,0.040574,0.973565,0.052102,0.218656,1.543549,123.063812,25.566381,0.033996,0.995173,-0.008825,0.091631,3.069631,136.754669,25.610086,-0.070819,0.889133,0.138445,0.430420,-1.323277,117.623817,23.281343,-0.610731,0.475750,-0.277705,0.568814,-11.624804,117.511452,10.226493,0.631243,-0.283750,0.279709,-0.665418,-1.886174,95.287514,5.221455,-0.586739,0.107162,-0.572111,0.562977,11.108020,81.379921,4.755020,-0.084249,0.920068,0.082871,0.373510,4.176714,117.603470,27.668840,0.565014,0.813493,0.136165,-0.021160,15.930684,119.152138,39.331131,0.631318,0.675489,0.304651,-0.228781,24.865099,96.520111,34.666115,-0.811915,-0.465813,-0.237385,0.259732,26.651192,83.542000,22.047253,0.054411,0.922114,0.140263,0.356471,-1.438249,82.622841,16.336813,0.058877,0.986343,0.031168,0.150631,-1.450390,49.174465,5.915195,-0.016991,0.969354,0.138272,0.202347,-6.355363,3.636524,2.275283,-0.034998,0.937449,-0.121440,0.324371,12.922027,83.315971,26.538900,0.057047,0.924092,-0.095387,0.365651,12.460803,49.400814,35.311211,-0.062807,0.868051,0.083586,0.485342,4.411538,4.590207,41.494320,-0.016991,0.969354,0.138272,0.202347,-0.721368,1.764761,-10.854637,-0.062807,0.868051,0.083586,0.485342,16.502962,1.710767,34.204151
242,2.016667,-0.046217,0.949056,0.080743,0.301060,5.740414,82.967400,21.434208,-0.045729,0.942269,0.074845,0.323168,4.754951,90.070152,22.340815,-0.015888,0.942485,0.049914,0.330118,2.671675,105.314781,24.067108,0.040658,0.973516,0.052082,0.218864,1.549148,123.062157,25.558928,0.033954,0.995152,-0.008765,0.091889,3.077932,136.752716,25.603088,-0.070752,0.889077,0.138296,0.430593,-1.318228,117.622589,23.273579,-0.610678,0.475668,-0.277842,0.568873,-11.615102,117.511002,10.215050,0.631182,-0.283850,0.279924,-0.665343,-1.876389,95.286118,5.214341,-0.586763,0.107530,-0.571874,0.563122,11.114364,81.368622,4.750609,-0.084145,0.920011,0.082720,0.373707,4.180418,117.601433,27.662760,0.565038,0.813481,0.136148,-0.021096,15.930067,119.148079,39.329674,0.631537,0.675299,0.304721,-0.228642,24.863260,96.514961,34.667545,-0.811716,-0.466126,-0.237836,0.259379,26.641851,83.533188,22.047964,0.054306,0.922085,0.140242,0.356570,-1.438575,82.622688,16.331419,0.058963,0.986375,0.031146,0.150391,-1.443355,49.173103,5.913670,-0.017017,0.969350,0.138236,0.202389,-6.357327,3.635973,2.275729,-0.034999,0.937452,-0.121474,0.324350,12.919402,83.312111,26.536995,0.057006,0.924191,-0.095402,0.365403,12.457642,49.397541,35.311558,-0.062756,0.868118,0.083628,0.485220,4.413070,4.586756,41.499516,-0.017017,0.969350,0.138236,0.202389,-0.722105,1.763324,-10.853540,-0.062756,0.868118,0.083628,0.485220,16.502275,1.707594,34.205559
243,2.025000,-0.046146,0.948999,0.080649,0.301277,5.742077,82.964775,21.429018,-0.045697,0.942204,0.074905,0.323347,4.757783,90.067848,22.334425,-0.015831,0.942430,0.049797,0.330295,2.674325,105.313560,24.062534,0.040763,0.973447,0.051940,0.219183,1.554805,123.061432,25.550884,0.033921,0.995111,-0.008616,0.092351,3.087731,136.751526,25.592592,-0.070707,0.889056,0.138031,0.430729,-1.312815,117.622040,23.265411,-0.610589,0.475570,-0.277962,0.568991,-11.606011,117.508682,10.204007,0.631059,-0.283845,0.280132,-0.665375,-1.866028,95.283821,5.205700,-0.586687,0.107342,-0.572088,0.563020,11.120565,81.362030,4.745411,-0.084098,0.919944,0.082669,0.373895,4.184201,117.600540,27.656628,0.565170,0.813383,0.136187,-0.021072,15.929440,119.145653,39.328171,0.631152,0.675779,0.304793,-0.228193,24.855297,96.509842,34.665119,-0.813142,-0.463965,-0.236972,0.259579,26.659483,83.518776,22.051964,0.054328,0.922060,0.140167,0.356662,-1.434718,82.621109,16.323080,0.058892,0.986424,0.031131,0.150099,-1.441800,49.170212,5.909550,-0.016776,0.969394,0.138244,0.202192,-6.350596,3.632218,2.275397,-0.034974,0.937425,-0.121434,0.324446,12.918872,83.308449,26.534954,0.056931,0.924133,-0.095438,0.365552,12.455500,49.393066,35.306293,-0.062793,0.868129,0.083620,0.485198,4.415063,4.582134,41.498520,-0.016776,0.969394,0.138244,0.202192,-0.722255,1.758471,-10.856663,-0.062793,0.868129,0.083620,0.485198,16.504128,1.703293,34.204212
244,2.033333,-0.046036,0.949024,0.080936,0.301137,5.737204,82.968697,21.419189,-0.045490,0.942178,0.074851,0.323463,4.753312,90.071243,22.329138,-0.015776,0.942364,0.049759,0.330493,2.677142,105.310883,24.056744,0.040808,0.973394,0.051917,0.219416,1.559613,123.058937,25.544250,0.033919,0.995087,-0.008561,0.092618,3.094244,136.748840,25.586132,-0.070688,0.888971,0.137932,0.430940,-1.307867,117.619919,23.257715,-0.610275,0.475265,-0.278381,0.569377,-11.595104,117.506859,10.191606,0.630786,-0.283797,0.280361,-0.665556,-1.852296,95.281471,5.201153,-0.586646,0.107298,-0.572142,0.563016,11.129095,81.357422,4.742767,-0.084050,0.919881,0.082590,0.374078,4.187344,117.597710,27.651192,0.565181,0.813354,0.136335,-0.020927,15.928308,119.141685,39.327198,0.631154,0.675764,0.304889,-0.228102,24.853823,96.505394,34.665825,-0.812970,-0.464182,-0.237175,0.259544,26.659445,83.514420,22.052773,0.054206,0.921949,0.140063,0.357008,-1.441264,82.628166,16.315390,0.058932,0.986424,0.031168,0.150080,-1.439267,49.174294,5.911429,-0.016812,0.969411,0.138012,0.202269,-6.351249,3.636953,2.273460,-0.035049,0.937380,-0.121575,0.324515,12.915672,83.309235,26.522987,0.056896,0.924079,-0.095436,0.365696,12.453340,49.396622,35.305099,-0.062672,0.868138,0.083535,0.485211,4.414922,4.585296,41.497112,-0.016812,0.969411,0.138012,0.202269,-0.720893,1.756828,-10.856830,-0.062672,0.868138,0.083535,0.485211,16.503176,1.702657,34.202953
245,2.041667,-0.045938,0.948982,0.080821,0.301316,5.736524,82.969002,21.413855,-0.045431,0.942127,0.074878,0.323615,4.754295,90.071945,22.322481,-0.015724,0.942317,0.049661,0.330645,2.679497,105.310265,24.050974,0.040814,0.973360,0.052031,0.219537,1.564619,123.058739,25.535595,0.033951,0.995079,-0.008550,0.092694,3.098924,136.748672,25.580883,-0.070637,0.888868,0.137911,0.431168,-1.303094,117.619881,23.248928,-0.610162,0.475188,-0.278613,0.569450,-11.584037,117.509331,10.177845,0.630688,-0.283727,0.280569,-0.665592,-1.843968,95.281403,5.193315,-0.586531,0.107199,-0.572326,0.562968,11.135242,81.353645,4.740245,-0.083935,0.919827,0.082431,0.374271,4.190722,117.597328,27.644148,0.565098,0.813354,0.136741,-0.020539,15.927514,119.139076,39.324646,0.631156,0.675727,0.305088,-0.227940,24.858501,96.503952,34.668068,-0.812996,-0.464057,-0.237205,0.259660,26.666822,83.512718,22.053837,0.054192,0.921861,0.139962,0.357277,-1.440204,82.629791,16.307522,0.058901,0.986418,0.031192,0.150126,-1.436885,49.173828,5.910257,-0.016782,0.969413,0.138049,0.202235,-6.345549,3.636286,2.270336,-0.035067,0.937336,-0.121587,0.324636,12.913253,83.308220,26.520189,0.056871,0.924104,-0.095450,0.365633,12.450684,49.395901,35.303410,-0.062689,0.868147,0.083536,0.485194,4.414393,4.584539,41.497967,-0.016782,0.969413,0.138049,0.202235,-0.716267,1.757046,-10.860541,-0.062689,0.868147,0.083536,0.485194,16.502485,1.702164,34.203426
246,2.050000,-0.045826,0.948995,0.081167,0.301199,5.731397,82.974121,21.401712,-0.045195,0.942091,0.074846,0.323759,4.749326,90.076401,22.315672,-0.015643,0.942240,0.049648,0.330870,2.681894,105.312172,24.044916,0.040804,0.973295,0.051825,0.219878,1.569561,123.060776,25.529802,0.034023,0.995031,-0.008392,0.093194,3.105381,136.750549,25.570286,-0.070699,0.888769,0.137893,0.431366,-1.298074,117.622551,23.241554,-0.610066,0.475093,-0.278805,0.569538,-11.573035,117.511032,10.165782,0.630760,-0.283670,0.280571,-0.665547,-1.833818,95.281601,5.186303,-0.586624,0.107472,-0.572452,0.562691,11.148541,81.352760,4.735907,-0.083703,0.919799,0.082244,0.374432,4.193681,117.598808,27.639338,0.565158,0.813325,0.136670,-0.020505,15.927747,119.135300,39.323257,0.630927,0.675855,0.305230,-0.228006,24.855427,96.498253,34.669678,-0.812956,-0.464121,-0.237217,0.259659,26.672539,83.516281,22.056562,0.054047,0.921753,0.139844,0.357623,-1.446748,82.638443,16.297140,0.059041,0.986368,0.031140,0.150410,-1.433205,49.179085,5.910841,-0.016673,0.969405,0.137899,0.202385,-6.354183,3.642759,2.272285,-0.035168,0.937297,-0.121797,0.324657,12.909542,83.309792,26.506287,0.056892,0.924042,-0.095376,0.365805,12.448544,49.401562,35.305344,-0.062659,0.868056,0.083497,0.485367,4.411778,4.589140,41.491524,-0.016673,0.969405,0.137899,0.202385,-0.721956,1.758618,-10.856623,-0.062659,0.868056,0.083497,0.485367,16.502386,1.705444,34.201694
247,2.058333,-0.045830,0.948927,0.081146,0.301417,5.732903,82.974174,21.397596,-0.045074,0.942013,0.074873,0.323998,4.750658,90.076508,22.311014,-0.015693,0.942152,0.049524,0.331137,2.686054,105.312370,24.041733,0.040942,0.973225,0.051863,0.220155,1.573063,123.061371,25.521555,0.033939,0.995012,-0.008365,0.093433,3.112765,136.750702,25.564531,-0.070667,0.888708,0.137842,0.431515,-1.293328,117.622604,23.233034,-0.610021,0.474984,-0.278913,0.569624,-11.564181,117.512146,10.154019,0.630709,-0.283628,0.280796,-0.665519,-1.822837,95.282814,5.178249,-0.586565,0.107508,-0.572485,0.562711,11.156731,81.348946,4.734048,-0.083533,0.919688,0.081970,0.374802,4.195925,117.599892,27.633949,0.565130,0.813311,0.136880,-0.020440,15.921728,119.133270,39.326580,0.630707,0.676000,0.305351,-0.228021,24.851099,96.497520,34.669964,-0.812766,-0.464427,-0.237219,0.259703,26.678171,83.518013,22.054226,0.054067,0.921712,0.139756,0.357760,-1.442927,82.638680,16.289755,0.058992,0.986422,0.031155,0.150069,-1.431331,49.177746,5.908524,-0.016651,0.969401,0.138028,0.202320,-6.348998,3.640980,2.270981,-0.035185,0.937271,-0.121799,0.324730,12.908733,83.309677,26.505440,0.056872,0.924090,-0.095405,0.365678,12.448117,49.401550,35.304943,-0.062643,0.868105,0.083438,0.485292,4.412934,4.589406,41.495277,-0.016651,0.969401,0.138028,0.202320,-0.718485,1.760376,-10.859175,-0.062643,0.868105,0.083438,0.485292,16.502056,1.703982,34.203655
248,2.066667,-0.045761,0.948875,0.080876,0.301665,5.737168,82.970001,21.395832,-0.045131,0.941945,0.074813,0.324202,4.756799,90.073051,22.305628,-0.015639,0.942089,0.049499,0.331322,2.690508,105.311050,24.033829,0.040954,0.973182,0.051793,0.220355,1.579339,123.060188,25.513231,0.033913,0.994992,-0.008324,0.093653,3.120115,136.749405,25.554869,-0.070622,0.888671,0.137682,0.431649,-1.286898,117.621819,23.223598,-0.609890,0.474866,-0.279159,0.569743,-11.554104,117.511070,10.141733,0.630533,-0.283547,0.280961,-0.665650,-1.813990,95.279823,5.172139,-0.586371,0.107367,-0.572661,0.562762,11.164613,81.343307,4.730642,-0.083502,0.919598,0.082037,0.375015,4.200646,117.598366,27.626637,0.565169,0.813281,0.136910,-0.020335,15.921293,119.129120,39.324768,0.630725,0.675981,0.305458,-0.227885,24.848688,96.491943,34.671314,-0.812783,-0.464388,-0.237400,0.259556,26.677122,83.512375,22.056957,0.054139,0.921735,0.139804,0.357671,-1.436135,82.634628,16.284439,0.059005,0.986418,0.031037,0.150113,-1.428991,49.175179,5.898417,-0.016744,0.969393,0.138045,0.202339,-6.349289,3.637871,2.271201,-0.035155,0.937205,-0.121782,0.324929,12.910470,83.305374,26.507225,0.056838,0.924083,-0.095404,0.365701,12.446419,49.396824,35.304905,-0.062704,0.868110,0.083608,0.485245,4.413922,4.584339,41.496174,-0.016744,0.969393,0.138045,0.202339,-0.717586,1.758296,-10.858582,-0.062704,0.868110,0.083608,0.485245,16.503139,1.703969,34.202721
249,2.075000,-0.045637,0.948859,0.080764,0.301764,5.735204,82.969215,21.392918,-0.045042,0.941909,0.074759,0.324329,4.756918,90.072693,22.301643,-0.015603,0.942044,0.049402,0.331464,2.693721,105.309502,24.028711,0.040889,0.973167,0.051717,0.220451,1.584690,123.059021,25.505117,0.034083,0.994980,-0.008214,0.093729,3.124332,136.748367,25.544542,-0.070654,0.888513,0.137889,0.431902,-1.281659,117.620720,23.215448,-0.609819,0.474851,-0.279336,0.569744,-11.541460,117.513535,10.127737,0.630698,-0.283532,0.281286,-0.665362,-1.805518,95.279404,5.162879,-0.586652,0.107936,-0.572042,0.562990,11.171864,81.330467,4.734250,-0.083455,0.919535,0.081943,0.375201,4.204577,117.597130,27.620119,0.565332,0.813187,0.136793,-0.020333,15.920872,119.126930,39.322742,0.630543,0.676160,0.305563,-0.227716,24.839148,96.485680,34.671581,-0.812963,-0.464152,-0.237440,0.259377,26.678902,83.504364,22.058426,0.054122,0.921675,0.139789,0.357835,-1.437246,82.635483,16.280216,0.059046,0.986402,0.031014,0.150207,-1.427514,49.175613,5.895556,-0.016768,0.969393,0.137982,0.202380,-6.351483,3.638625,2.269404,-0.035153,0.937221,-0.121786,0.324885,12.907654,83.302948,26.505619,0.056787,0.924063,-0.095409,0.365760,12.443769,49.394436,35.303478,-0.062795,0.868120,0.083593,0.485218,4.415068,4.581490,41.496376,-0.016768,0.969393,0.137982,0.202380,-0.718594,1.757362,-10.859635,-0.062795,0.868120,0.083593,0.485218,16.504416,1.702011,34.202774
250,2.083333,-0.045610,0.948807,0.080671,0.301957,5.736240,82.968109,21.390436,-0.044999,0.941859,0.074745,0.324483,4.758532,90.071838,22.297802,-0.015544,0.941999,0.049297,0.331611,2.696476,105.308769,24.024549,0.040857,0.973142,0.051663,0.220584,1.590427,123.058723,25.497976,0.034177,0.994965,-0.008169,0.093860,3.129748,136.748108,25.536066,-0.070613,0.888446,0.137849,0.432060,-1.276277,117.620636,23.208248,-0.609808,0.474831,-0.279398,0.569743,-11.531719,117.514977,10.117107,0.630533,-0.283444,0.281424,-0.665499,-1.796557,95.279984,5.154600,-0.586300,0.107286,-0.572864,0.562645,11.177095,81.332870,4.728371,-0.083436,0.919486,0.081822,0.375351,4.208617,117.596649,27.614588,0.565426,0.813118,0.136842,-0.020201,15.921257,119.126846,39.320816,0.630581,0.676119,0.305663,-0.227598,24.834558,96.482933,34.673073,-0.812738,-0.464587,-0.237681,0.259083,26.674648,83.500328,22.059681,0.054108,0.921683,0.139790,0.357814,-1.434195,82.634636,16.274891,0.059104,0.986373,0.030943,0.150395,-1.423796,49.174667,5.890542,-0.016697,0.969385,0.137900,0.202478,-6.353304,3.637898,2.269091,-0.035167,0.937166,-0.121735,0.325059,12.906675,83.301582,26.505983,0.056760,0.924001,-0.095438,0.365914,12.443228,49.392288,35.300804,-0.062642,0.868133,0.083582,0.485216,4.414842,4.579565,41.495697,-0.016697,0.969385,0.137900,0.202478,-0.718477,1.753901,-10.858727,-0.062642,0.868133,0.083582,0.485216,16.503096,1.697656,34.201248
251,2.091667,-0.045513,0.948771,0.080653,0.302088,5.735571,82.968002,21.385605,-0.044745,0.941786,0.074615,0.324760,4.759140,90.071899,22.293032,-0.015605,0.941881,0.049289,0.331946,2.705617,105.307411,24.017677,0.040925,0.973065,0.051646,0.220913,1.597071,123.057327,25.489716,0.034059,0.994941,-0.008151,0.094154,3.138836,136.746445,25.528549,-0.070648,0.888353,0.137899,0.432229,-1.267550,117.618927,23.198118,-0.609632,0.474746,-0.279687,0.569860,-11.517966,117.513954,10.103043,0.630741,-0.283377,0.281877,-0.665138,-1.786795,95.275894,5.146436,-0.586931,0.106591,-0.573093,0.561886,11.176602,81.322655,4.738962,-0.083435,0.919392,0.081721,0.375603,4.214188,117.595528,27.608383,0.565480,0.813082,0.136839,-0.020127,15.920539,119.125999,39.320858,0.630500,0.676163,0.305785,-0.227526,24.830961,96.480408,34.675838,-0.812615,-0.464748,-0.237912,0.258968,26.675711,83.500641,22.063606,0.054080,0.921613,0.139725,0.358024,-1.433629,82.636276,16.268223,0.059186,0.986377,0.030901,0.150345,-1.420692,49.174835,5.888633,-0.016658,0.969355,0.137935,0.202600,-6.358343,3.638718,2.270121,-0.035189,0.937141,-0.121751,0.325123,12.904772,83.299728,26.502991,0.056742,0.924009,-0.095452,0.365892,12.441814,49.390812,35.299294,-0.062743,0.868112,0.083646,0.485230,4.414628,4.578161,41.496220,-0.016658,0.969355,0.137935,0.202600,-0.720586,1.755461,-10.856538,-0.062743,0.868112,0.083646,0.485230,16.503948,1.699278,34.202354
252,2.100000,-0.045603,0.948719,0.080609,0.302250,5.740808,82.968834,21.381756,-0.044737,0.941730,0.074653,0.324917,4.763187,90.072716,22.288013,-0.015528,0.941828,0.049235,0.332105,2.709279,105.307785,24.013462,0.040957,0.973014,0.051646,0.221132,1.603710,123.057976,25.484428,0.033916,0.994921,-0.008266,0.094415,3.146662,136.746948,25.523966,-0.070524,0.888324,0.137847,0.432326,-1.261218,117.620041,23.192106,-0.609579,0.474711,-0.279814,0.569884,-11.509437,117.518486,10.095284,0.630795,-0.283323,0.281915,-0.665094,-1.780131,95.278816,5.142225,-0.587007,0.106622,-0.573162,0.561729,11.187175,81.322006,4.737972,-0.083403,0.919337,0.081753,0.375738,4.219065,117.595757,27.604176,0.565472,0.813070,0.136969,-0.019950,15.922215,119.124344,39.320095,0.630369,0.676264,0.305864,-0.227485,24.833441,96.478333,34.678619,-0.812810,-0.464415,-0.237687,0.259161,26.684874,83.499756,22.066254,0.054108,0.921646,0.139718,0.357937,-1.426513,82.635643,16.261833,0.059257,0.986297,0.030736,0.150868,-1.416608,49.174267,5.882024,-0.016806,0.969349,0.137957,0.202603,-6.361123,3.637993,2.274834,-0.035180,0.937075,-0.121782,0.325302,12.908131,83.302017,26.501677,0.056741,0.923922,-0.095450,0.366113,12.442226,49.393589,35.299717,-0.062840,0.868083,0.083608,0.485276,4.413652,4.580885,41.494553,-0.016806,0.969349,0.137957,0.202603,-0.722177,1.756188,-10.851521,-0.062840,0.868083,0.083608,0.485276,16.504290,1.702444,34.202694
253,2.108333,-0.045718,0.948670,0.080880,0.302313,5.746428,82.968948,21.373997,-0.044680,0.941697,0.074557,0.325041,4.766009,90.072044,22.283373,-0.015412,0.941784,0.049276,0.332232,2.714407,105.308220,24.006405,0.040780,0.973010,0.051518,0.221210,1.612071,123.058403,25.479954,0.034066,0.994907,-0.008205,0.094506,3.151192,136.747818,25.515160,-0.070487,0.888247,0.137837,0.432492,-1.253375,117.621422,23.186020,-0.609507,0.474648,-0.279985,0.569929,-11.496988,117.521774,10.085583,0.630759,-0.283190,0.282030,-0.665136,-1.769481,95.280235,5.137412,-0.586859,0.106724,-0.573216,0.561809,11.197292,81.324615,4.738486,-0.083417,0.919259,0.081739,0.375930,4.225771,117.595306,27.599489,0.565443,0.813067,0.137134,-0.019759,15.924053,119.123734,39.320286,0.630257,0.676286,0.306033,-0.227503,24.837250,96.477829,34.682095,-0.812805,-0.464438,-0.237620,0.259195,26.693312,83.504845,22.068205,0.054158,0.921602,0.139568,0.358102,-1.420044,82.635414,16.252911,0.059145,0.986371,0.030789,0.150420,-1.415311,49.171490,5.881313,-0.016768,0.969364,0.138146,0.202407,-6.350593,3.634298,2.273072,-0.035137,0.937009,-0.121933,0.325440,12.912899,83.302483,26.495085,0.056721,0.923935,-0.095417,0.366090,12.439339,49.396416,35.301815,-0.062892,0.868083,0.083569,0.485275,4.413795,4.582903,41.494736,-0.016768,0.969364,0.138146,0.202407,-0.716825,1.757679,-10.856252,-0.062892,0.868083,0.083569,0.485275,16.504665,1.704216,34.203358
254,2.116667,-0.045695,0.948648,0.080981,0.302358,5.747796,82.970154,21.370548,-0.044615,0.941659,0.074503,0.325173,4.767214,90.073051,22.281345,-0.015500,0.941728,0.049142,0.332404,2.717763,105.309853,24.003210,0.040895,0.972954,0.051546,0.221429,1.613799,123.060402,25.471029,0.034074,0.994886,-0.008274,0.094726,3.156173,136.749451,25.508196,-0.070362,0.888165,0.137771,0.432702,-1.250461,117.622566,23.177654,-0.609373,0.474520,-0.280260,0.570043,-11.488606,117.526779,10.072915,0.630410,-0.282979,0.282061,-0.665543,-1.762745,95.282890,5.132104,-0.586302,0.105676,-0.574374,0.561407,11.204716,81.334343,4.731245,-0.083291,0.919220,0.081642,0.376074,4.227041,117.598106,27.593174,0.565373,0.813087,0.137354,-0.019418,15.922425,119.123398,39.317272,0.630101,0.676378,0.306248,-0.227371,24.840216,96.477669,34.687077,-0.812994,-0.464085,-0.237543,0.259306,26.705843,83.504936,22.070740,0.054177,0.921561,0.139583,0.358200,-1.418225,82.637619,16.248766,0.059233,0.986314,0.030688,0.150777,-1.413208,49.174129,5.875779,-0.016688,0.969347,0.138118,0.202514,-6.356542,3.637326,2.273735,-0.035136,0.937018,-0.122014,0.325385,12.913817,83.302689,26.492331,0.056750,0.923985,-0.095379,0.365970,12.438862,49.398006,35.304314,-0.062956,0.868049,0.083544,0.485334,4.412889,4.584148,41.494133,-0.016688,0.969347,0.138118,0.202514,-0.720600,1.759416,-10.854468,-0.062956,0.868049,0.083544,0.485334,16.505079,1.705773,34.204823
255,2.125000,-0.045682,0.948613,0.080847,0.302506,5.749507,82.969826,21.368029,-0.044437,0.941632,0.074397,0.325300,4.769538,90.073051,22.276907,-0.015414,0.941687,0.049153,0.332524,2.726526,105.307564,23.996866,0.040713,0.972956,0.051444,0.221480,1.625133,123.058174,25.465927,0.034106,0.994882,-0.008280,0.094752,3.163358,136.747696,25.499382,-0.070293,0.888121,0.137816,0.432789,-1.239465,117.621002,23.171391,-0.609285,0.474526,-0.280412,0.570057,-11.475420,117.528412,10.064910,0.630628,-0.283033,0.282366,-0.665185,-1.754066,95.281898,5.126994,-0.586691,0.106662,-0.573455,0.561752,11.211843,81.319229,4.738115,-0.083340,0.919121,0.081594,0.376315,4.236956,117.595268,27.588245,0.565481,0.813016,0.137332,-0.019408,15.926024,119.121727,39.318497,0.630114,0.676353,0.306309,-0.227328,24.837784,96.473541,34.688686,-0.812796,-0.464425,-0.237761,0.259117,26.703197,83.503220,22.074137,0.054202,0.921518,0.139561,0.358315,-1.414962,82.637032,16.244089,0.059256,0.986348,0.030663,0.150552,-1.410874,49.173302,5.871865,-0.016500,0.969321,0.138224,0.202582,-6.357460,3.636608,2.272924,-0.035116,0.936980,-0.121989,0.325506,12.913977,83.302620,26.491966,0.056687,0.923847,-0.095409,0.366320,12.437168,49.397411,35.301807,-0.062860,0.868064,0.083637,0.485302,4.413130,4.583436,41.493271,-0.016500,0.969321,0.138224,0.202582,-0.721023,1.760605,-10.855343,-0.062860,0.868064,0.083637,0.485302,16.504400,1.705998,34.202061
256,2.133333,-0.045771,0.948558,0.080871,0.302658,5.758495,82.967583,21.363834,-0.044512,0.941563,0.074456,0.325475,4.777050,90.070633,22.272495,-0.015399,0.941626,0.049048,0.332713,2.730403,105.308823,23.993505,0.040696,0.972906,0.051462,0.221698,1.630450,123.059807,25.459009,0.034087,0.994860,-0.008391,0.094983,3.168442,136.749359,25.493359,-0.070247,0.888079,0.137742,0.432908,-1.233851,117.622566,23.164282,-0.609234,0.474425,-0.280572,0.570118,-11.466613,117.530907,10.055306,0.630538,-0.283113,0.282639,-0.665119,-1.744927,95.283318,5.122916,-0.586712,0.106346,-0.573874,0.561363,11.214293,81.312469,4.738272,-0.083325,0.919059,0.081629,0.376464,4.240800,117.596970,27.583330,0.565498,0.812986,0.137462,-0.019238,15.926226,119.121956,39.317398,0.630266,0.676278,0.306385,-0.227027,24.837347,96.472885,34.690708,-0.812926,-0.464287,-0.237922,0.258809,26.701126,83.495453,22.078381,0.054252,0.921605,0.139530,0.358096,-1.404211,82.633682,16.237501,0.059337,0.986315,0.030572,0.150757,-1.406577,49.169716,5.866043,-0.016536,0.969289,0.138306,0.202675,-6.360973,3.633392,2.273149,-0.035053,0.936945,-0.121948,0.325628,12.921201,83.301476,26.490168,0.056740,0.924026,-0.095485,0.365841,12.440043,49.395256,35.295891,-0.062662,0.868091,0.083800,0.485252,4.412284,4.583150,41.496075,-0.016536,0.969289,0.138306,0.202675,-0.721740,1.759888,-10.854275,-0.062662,0.868091,0.083800,0.485252,16.501818,1.706922,34.201504
257,2.141667,-0.045691,0.948519,0.080743,0.302829,5.760795,82.967468,21.362314,-0.044532,0.941526,0.074453,0.325579,4.780837,90.070923,22.269415,-0.015360,0.941600,0.048978,0.332798,2.733575,105.308022,23.989763,0.040672,0.972899,0.051366,0.221755,1.635618,123.059296,25.453285,0.034148,0.994854,-0.008405,0.095022,3.173645,136.748856,25.485054,-0.070238,0.888037,0.137676,0.433015,-1.228974,117.622185,23.158607,-0.609159,0.474338,-0.280753,0.570180,-11.458681,117.530441,10.047243,0.630533,-0.282941,0.282668,-0.665185,-1.737969,95.281227,5.120267,-0.586588,0.106606,-0.573759,0.561561,11.223946,81.313583,4.739955,-0.083316,0.919015,0.081607,0.376578,4.244905,117.596344,27.578613,0.565555,0.812949,0.137464,-0.019100,15.927524,119.120918,39.315536,0.630465,0.676009,0.306423,-0.227223,24.835699,96.469627,34.693996,-0.811440,-0.466614,-0.238890,0.258395,26.686836,83.497810,22.077824,0.054294,0.921585,0.139503,0.358150,-1.400219,82.634506,16.233555,0.059354,0.986287,0.030503,0.150945,-1.405363,49.170338,5.862742,-0.016478,0.969301,0.138302,0.202625,-6.361627,3.633812,2.274899,-0.035024,0.936947,-0.121968,0.325620,12.921808,83.300430,26.491074,0.056715,0.923986,-0.095461,0.365953,12.438365,49.394409,35.297459,-0.062965,0.868077,0.083676,0.485259,4.412757,4.581618,41.495476,-0.016478,0.969301,0.138302,0.202625,-0.724142,1.759887,-10.853216,-0.062965,0.868077,0.083676,0.485259,16.504128,1.706593,34.203476
258,2.150000,-0.045682,0.948497,0.080691,0.302912,5.762947,82.966324,21.360878,-0.044474,0.941495,0.074351,0.325702,4.783259,90.069916,22.267220,-0.015333,0.941554,0.048972,0.332931,2.738233,105.309532,23.985153,0.040701,0.972869,0.051319,0.221891,1.641070,123.060860,25.448668,0.034139,0.994841,-0.008498,0.095151,3.180374,136.750275,25.479671,-0.070225,0.887987,0.137628,0.433135,-1.223250,117.623985,23.153103,-0.609087,0.474257,-0.280963,0.570222,-11.449570,117.532623,10.039094,0.630462,-0.282967,0.282863,-0.665159,-1.730894,95.281044,5.118754,-0.586671,0.106078,-0.574142,0.561183,11.225559,81.309654,4.741985,-0.083273,0.919024,0.081720,0.376540,4.249396,117.597702,27.574631,0.565641,0.812915,0.137335,-0.018921,15.933206,119.119667,39.310703,0.630307,0.676078,0.306600,-0.227218,24.836901,96.464523,34.699421,-0.811319,-0.466612,-0.239191,0.258500,26.694532,83.502281,22.086180,0.054373,0.921631,0.139418,0.358055,-1.397196,82.633369,16.230904,0.058542,0.986676,0.030816,0.148641,-1.410671,49.168152,5.863494,-0.016463,0.969540,0.138773,0.201154,-6.297550,3.624582,2.269869,-0.034985,0.936861,-0.122121,0.325814,12.923089,83.299286,26.490849,0.056595,0.923722,-0.095352,0.366665,12.431706,49.395679,35.306084,-0.062861,0.868055,0.083900,0.485273,4.415075,4.579741,41.492939,-0.016463,0.969540,0.138773,0.201154,-0.698009,1.764388,-10.876426,-0.062861,0.868055,0.083900,0.485273,16.506559,1.708783,34.199528
259,2.158333,-0.045811,0.948447,0.080823,0.303012,5.769638,82.967628,21.358807,-0.044426,0.941463,0.074242,0.325826,4.787514,90.070740,22.266262,-0.015329,0.941510,0.048959,0.333057,2.744851,105.310188,23.981180,0.040751,0.972838,0.051209,0.222043,1.647776,123.061577,25.444153,0.034119,0.994825,-0.008591,0.095317,3.189328,136.750732,25.472868,-0.070428,0.887873,0.137672,0.433322,-1.216077,117.624733,23.147898,-0.609060,0.474360,-0.281032,0.570131,-11.436045,117.529129,10.028971,0.630370,-0.282571,0.282701,-0.665482,-1.724108,95.274399,5.109592,-0.586069,0.105378,-0.575082,0.560980,11.234609,81.324623,4.734767,-0.083256,0.918989,0.081709,0.376631,4.255386,117.598366,27.570889,0.565574,0.812932,0.137549,-0.018621,15.937016,119.119606,39.309223,0.630423,0.675894,0.306774,-0.227208,24.845018,96.464836,34.704487,-0.811407,-0.466806,-0.238934,0.258113,26.698219,83.500244,22.082823,0.054495,0.921608,0.139336,0.358127,-1.389217,82.633392,16.227119,0.058568,0.986632,0.030768,0.148933,-1.411823,49.167500,5.861913,-0.016479,0.969514,0.138823,0.201245,-6.300732,3.623950,2.270820,-0.034904,0.936853,-0.122202,0.325815,12.928493,83.301857,26.490492,0.056590,0.923702,-0.095311,0.366726,12.429934,49.399246,35.309132,-0.063109,0.868032,0.083712,0.485315,4.414642,4.582524,41.492107,-0.016479,0.969514,0.138823,0.201245,-0.698641,1.765213,-10.874591,-0.063109,0.868032,0.083712,0.485315,16.507998,1.710464,34.202236
260,2.166667,-0.045815,0.948424,0.080949,0.303051,5.772851,82.969963,21.355577,-0.044387,0.941439,0.074197,0.325909,4.790089,90.072769,22.264702,-0.015310,0.941479,0.048894,0.333154,2.749125,105.310440,23.978306,0.040630,0.972840,0.051121,0.222079,1.653313,123.062065,25.439203,0.034330,0.994817,-0.008658,0.095318,3.192207,136.751526,25.464899,-0.070386,0.887836,0.137621,0.433421,-1.210550,117.625252,23.142931,-0.608985,0.474302,-0.281229,0.570163,-11.427891,117.530670,10.021946,0.630412,-0.282536,0.282841,-0.665398,-1.718690,95.273468,5.108337,-0.586133,0.105754,-0.574855,0.561075,11.240457,81.318558,4.739051,-0.083194,0.918902,0.081424,0.376919,4.260009,117.598854,27.567041,0.565603,0.812893,0.137675,-0.018559,15.934759,119.120750,39.312138,0.630079,0.676128,0.307024,-0.227128,24.841305,96.465645,34.706219,-0.811364,-0.466635,-0.239197,0.258310,26.710838,83.510551,22.087761,0.054466,0.921610,0.139319,0.358132,-1.385592,82.636414,16.223270,0.058543,0.986667,0.030791,0.148704,-1.406719,49.169960,5.859871,-0.016403,0.969540,0.138902,0.201071,-6.293819,3.626269,2.268174,-0.034998,0.936784,-0.122117,0.326036,12.931293,83.303513,26.487886,0.056723,0.923924,-0.095399,0.366124,12.438801,49.399906,35.303047,-0.063176,0.868036,0.083655,0.485309,4.413393,4.586115,41.494087,-0.016403,0.969540,0.138902,0.201071,-0.696758,1.769416,-10.879649,-0.063176,0.868036,0.083655,0.485309,16.506948,1.713572,34.204735
261,2.175000,-0.045815,0.948403,0.080895,0.303130,5.775115,82.969681,21.353088,-0.044260,0.941416,0.074165,0.326000,4.792514,90.072617,22.261395,-0.015263,0.941447,0.048854,0.333255,2.755467,105.310310,23.975092,0.040607,0.972815,0.051096,0.222198,1.661535,123.062119,25.435097,0.034174,0.994809,-0.008830,0.095442,3.200179,136.751617,25.460258,-0.070379,0.887711,0.137705,0.433652,-1.202520,117.625572,23.138433,-0.608706,0.474263,-0.281313,0.570451,-11.413214,117.533768,10.012261,0.630351,-0.282253,0.283270,-0.665394,-1.704546,95.277893,5.091617,-0.585988,0.105464,-0.575275,0.560851,11.248981,81.322289,4.739255,-0.083143,0.918857,0.081338,0.377059,4.267117,117.598663,27.563679,0.565563,0.812901,0.137812,-0.018404,15.938634,119.119560,39.312111,0.630333,0.675916,0.307087,-0.226971,24.847675,96.464897,34.708855,-0.811471,-0.466632,-0.239229,0.257952,26.708147,83.507370,22.091932,0.054469,0.921572,0.139304,0.358236,-1.382473,82.635979,16.219601,0.058632,0.986655,0.030714,0.148765,-1.403023,49.169254,5.857072,-0.016301,0.969512,0.138939,0.201188,-6.299043,3.626081,2.270891,-0.034866,0.936694,-0.122266,0.326252,12.932703,83.303383,26.486576,0.056517,0.923580,-0.095303,0.367046,12.426023,49.401691,35.308277,-0.063164,0.867962,0.083802,0.485418,4.415064,4.584083,41.490372,-0.016301,0.969512,0.138939,0.201188,-0.699614,1.769643,-10.875979,-0.063164,0.867962,0.083802,0.485418,16.510696,1.715043,34.203091
262,2.183333,-0.045672,0.948348,0.080739,0.303368,5.785258,82.961288,21.349934,-0.044419,0.941358,0.074268,0.326123,4.805058,90.064781,22.256493,-0.015221,0.941422,0.048745,0.333342,2.760960,105.310204,23.972277,0.040533,0.972821,0.050963,0.222216,1.669598,123.062447,25.429022,0.034246,0.994810,-0.008824,0.095407,3.207091,136.752075,25.450207,-0.070323,0.887732,0.137608,0.433649,-1.194911,117.625954,23.132782,-0.609059,0.474353,-0.281383,0.569965,-11.405965,117.534340,10.006889,0.630471,-0.282450,0.282961,-0.665328,-1.703501,95.272247,5.102182,-0.585990,0.105541,-0.575280,0.560829,11.252927,81.318626,4.739399,-0.083153,0.918855,0.081495,0.377027,4.273924,117.598938,27.559017,0.565669,0.812822,0.137872,-0.018169,15.946186,119.118271,39.306911,0.630389,0.675816,0.307262,-0.226875,24.849722,96.460007,34.710754,-0.811472,-0.466675,-0.239339,0.257770,26.709002,83.505188,22.093756,0.054606,0.921625,0.139235,0.358104,-1.370017,82.629517,16.213097,0.058630,0.986618,0.030633,0.149025,-1.402641,49.162502,5.851559,-0.016388,0.969479,0.139224,0.201146,-6.298684,3.618863,2.271409,-0.034708,0.936677,-0.122511,0.326225,12.940532,83.293060,26.486769,0.056608,0.923984,-0.095134,0.366058,12.418132,49.394806,35.320751,-0.063347,0.867974,0.084019,0.485333,4.411710,4.575169,41.494057,-0.016388,0.969479,0.139224,0.201146,-0.699423,1.770993,-10.876744,-0.063347,0.867974,0.084019,0.485333,16.507759,1.714044,34.204357
263,2.191667,-0.046197,0.948414,0.081199,0.302958,5.792639,82.977715,21.337101,-0.044198,0.941377,0.074422,0.326063,4.803666,90.079430,22.248026,-0.015166,0.941400,0.048667,0.333419,2.766743,105.308678,23.968811,0.040527,0.972785,0.051063,0.222352,1.678042,123.061249,25.423506,0.034049,0.994799,-0.009033,0.095571,3.214987,136.750931,25.447666,-0.070198,0.887779,0.137428,0.433630,-1.186993,117.624977,23.127394,-0.609110,0.474352,-0.281384,0.569912,-11.399159,117.534241,10.002356,0.630744,-0.282548,0.283200,-0.664926,-1.696637,95.271736,5.099646,-0.586398,0.106566,-0.574306,0.561207,11.259322,81.303780,4.747199,-0.083155,0.918822,0.081383,0.377131,4.281147,117.597542,27.554489,0.565623,0.812859,0.137851,-0.018086,15.950809,119.117973,39.304829,0.630473,0.675736,0.307273,-0.226865,24.857035,96.459900,34.712902,-0.811407,-0.466816,-0.239414,0.257647,26.712614,83.504555,22.095377,0.054596,0.921603,0.139046,0.358236,-1.366179,82.638992,16.205654,0.058571,0.986864,0.030910,0.147354,-1.401566,49.168205,5.856278,-0.016090,0.969475,0.139097,0.201275,-6.294532,3.625494,2.260107,-0.034644,0.936701,-0.122496,0.326168,12.951458,83.316437,26.468548,0.056534,0.923730,-0.095380,0.366646,12.425738,49.417599,35.300129,-0.062830,0.868073,0.083525,0.485309,4.413431,4.601508,41.491489,-0.016090,0.969475,0.139097,0.201275,-0.694231,1.772308,-10.886857,-0.062830,0.868073,0.083525,0.485309,16.504320,1.720888,34.200901
264,2.200000,-0.045670,0.948398,0.081266,0.303069,5.787336,82.968704,21.339670,-0.044131,0.941379,0.074151,0.326127,4.805181,90.070961,22.253733,-0.015178,0.941394,0.048572,0.333448,2.771942,105.308044,23.967949,0.040474,0.972779,0.050994,0.222401,1.683910,123.060928,25.419266,0.034063,0.994791,-0.009150,0.095638,3.219927,136.750717,25.441360,-0.070201,0.887732,0.137388,0.433738,-1.181212,117.624352,23.123983,-0.608726,0.474172,-0.281500,0.570413,-11.390274,117.533600,9.996531,0.630646,-0.282361,0.283713,-0.664880,-1.682518,95.275261,5.085271,-0.586498,0.106428,-0.574428,0.561004,11.264400,81.302498,4.749366,-0.083209,0.918789,0.081428,0.377189,4.286645,117.597519,27.551430,0.565628,0.812851,0.137893,-0.017999,15.954537,119.118790,39.303417,0.630425,0.675797,0.307280,-0.226808,24.860693,96.460220,34.713791,-0.811438,-0.466752,-0.239372,0.257707,26.719522,83.503357,22.096832,0.054537,0.921529,0.139098,0.358417,-1.371146,82.639328,16.207146,0.058589,0.986867,0.030920,0.147327,-1.399354,49.169109,5.855933,-0.016389,0.969485,0.139030,0.201251,-6.293910,3.626642,2.258806,-0.034686,0.936642,-0.122744,0.326240,12.945819,83.298080,26.472193,0.056590,0.923961,-0.095131,0.366121,12.416426,49.403709,35.320663,-0.063183,0.868007,0.083926,0.485312,4.411190,4.583841,41.493824,-0.016389,0.969485,0.139030,0.201251,-0.692102,1.773265,-10.887487,-0.063183,0.868007,0.083926,0.485312,16.505545,1.718090,34.203121
265,2.208333,-0.045691,0.948346,0.081128,0.303265,5.793114,82.966553,21.341562,-0.044120,0.941365,0.074045,0.326195,4.811073,90.069107,22.253441,-0.015025,0.941391,0.048588,0.333462,2.779019,105.307129,23.964615,0.040309,0.972784,0.051046,0.222397,1.695914,123.060135,25.418291,0.034075,0.994788,-0.009558,0.095626,3.227223,136.750458,25.440792,-0.070152,0.887719,0.137214,0.433826,-1.170693,117.624649,23.122250,-0.608618,0.474251,-0.281646,0.570391,-11.377409,117.533241,9.992989,0.630455,-0.282158,0.283592,-0.665198,-1.677463,95.271225,5.082938,-0.586038,0.105611,-0.575448,0.560593,11.270326,81.311623,4.743942,-0.083342,0.918727,0.081426,0.377312,4.297101,117.595695,27.549755,0.565675,0.812815,0.137915,-0.017973,15.961164,119.120537,39.305069,0.630584,0.675702,0.307266,-0.226670,24.864716,96.460922,34.715580,-0.811417,-0.466840,-0.239509,0.257483,26.718458,83.501381,22.102053,0.054612,0.921556,0.139103,0.358332,-1.363231,82.636406,16.206118,0.058579,0.986881,0.030867,0.147250,-1.397054,49.166859,5.852738,-0.016401,0.969499,0.139156,0.201094,-6.291640,3.623980,2.260913,-0.034756,0.936690,-0.122499,0.326186,12.949459,83.296707,26.477007,0.056685,0.923830,-0.095310,0.366390,12.430834,49.398468,35.311283,-0.063332,0.867984,0.083904,0.485338,4.409816,4.582721,41.493858,-0.016401,0.969499,0.139156,0.201094,-0.693715,1.774293,-10.887544,-0.063332,0.867984,0.083904,0.485338,16.505537,1.718540,34.204826
266,2.216667,-0.046200,0.948418,0.081745,0.302797,5.806807,82.978531,21.324869,-0.044049,0.941364,0.074312,0.326145,4.815590,90.078949,22.243382,-0.015072,0.941356,0.048486,0.333573,2.784004,105.308548,23.962280,0.040379,0.972770,0.050981,0.222461,1.700371,123.061844,25.411844,0.034026,0.994791,-0.009684,0.095605,3.234019,136.751907,25.433174,-0.070115,0.887716,0.137115,0.433871,-1.165631,117.625847,23.116295,-0.608662,0.474230,-0.281692,0.570339,-11.371223,117.534317,9.986157,0.630528,-0.282155,0.283646,-0.665108,-1.671576,95.271339,5.079899,-0.586102,0.105705,-0.575411,0.560547,11.274483,81.311317,4.744055,-0.083287,0.918699,0.081385,0.377400,4.301102,117.597916,27.545118,0.565668,0.812806,0.138014,-0.017833,15.963257,119.121277,39.302521,0.630437,0.675768,0.307439,-0.226647,24.867407,96.461304,34.715973,-0.811445,-0.466886,-0.239454,0.257364,26.728159,83.505692,22.100731,0.054678,0.921573,0.138874,0.358368,-1.353714,82.642441,16.195631,0.058583,0.986892,0.030906,0.147164,-1.397298,49.168945,5.855062,-0.016240,0.969490,0.139157,0.201150,-6.292049,3.626329,2.260066,-0.034421,0.936557,-0.123100,0.326378,12.967327,83.314613,26.454109,0.056489,0.923790,-0.095131,0.366568,12.410970,49.425098,35.319515,-0.062984,0.868019,0.083507,0.485389,4.411277,4.604173,41.492195,-0.016240,0.969490,0.139157,0.201150,-0.693845,1.775745,-10.888151,-0.062984,0.868019,0.083507,0.485389,16.504469,1.725311,34.204742
267,2.225000,-0.046185,0.948399,0.081597,0.302898,5.814497,82.976875,21.323782,-0.044130,0.941318,0.074365,0.326254,4.824023,90.077660,22.240240,-0.015018,0.941320,0.048400,0.333689,2.789090,105.308769,23.959824,0.040338,0.972749,0.050939,0.222569,1.708131,123.062431,25.407013,0.033995,0.994781,-0.009820,0.095700,3.241122,136.752563,25.427204,-0.070170,0.887663,0.137088,0.433979,-1.158246,117.626640,23.111423,-0.608693,0.474237,-0.281795,0.570249,-11.360474,117.533730,9.978681,0.630571,-0.282149,0.283713,-0.665041,-1.664045,95.268143,5.077900,-0.586070,0.105813,-0.575492,0.560477,11.278652,81.309036,4.745058,-0.083164,0.918721,0.081156,0.377423,4.307420,117.598305,27.541563,0.565646,0.812837,0.137933,-0.017750,15.969682,119.120773,39.298977,0.630417,0.675791,0.307382,-0.226708,24.875227,96.460190,34.718136,-0.811437,-0.466868,-0.239359,0.257511,26.735655,83.506210,22.104185,0.054767,0.921617,0.138851,0.358250,-1.344968,82.640396,16.193098,0.058613,0.986870,0.030854,0.147312,-1.396166,49.167122,5.851861,-0.016184,0.969476,0.139280,0.201134,-6.293837,3.624541,2.260414,-0.034359,0.936566,-0.123206,0.326320,12.973963,83.313347,26.454466,0.056499,0.923748,-0.095075,0.366684,12.411651,49.425350,35.325302,-0.062937,0.868044,0.083589,0.485336,4.412175,4.603568,41.491982,-0.016184,0.969476,0.139280,0.201134,-0.696324,1.777108,-10.888540,-0.062937,0.868044,0.083589,0.485336,16.504393,1.726041,34.202385
268,2.233333,-0.046177,0.948392,0.081468,0.302957,5.818695,82.976067,21.324598,-0.044132,0.941300,0.074206,0.326345,4.828829,90.077171,22.239273,-0.014918,0.941293,0.048317,0.333781,2.795698,105.305817,23.953680,0.040193,0.972736,0.050837,0.222676,1.718932,123.059868,25.399202,0.033942,0.994768,-0.009700,0.095863,3.248848,136.750351,25.416040,-0.070075,0.887712,0.137069,0.433900,-1.148386,117.624603,23.103533,-0.608723,0.474235,-0.281852,0.570190,-11.353341,117.533730,9.972895,0.630641,-0.282129,0.283793,-0.664948,-1.658425,95.266701,5.075686,-0.586125,0.105788,-0.575559,0.560356,11.283753,81.305435,4.746991,-0.083406,0.918648,0.081176,0.377544,4.316453,117.595268,27.534685,0.565708,0.812780,0.138033,-0.017601,15.974334,119.124344,39.295586,0.630471,0.675756,0.307410,-0.226626,24.876686,96.461929,34.717587,-0.811133,-0.467390,-0.239540,0.257354,26.736147,83.505722,22.103703,0.054760,0.921610,0.138845,0.358272,-1.340160,82.639130,16.193090,0.058689,0.986859,0.030856,0.147353,-1.390805,49.165688,5.852374,-0.016190,0.969466,0.139271,0.201191,-6.295130,3.623927,2.259566,-0.034307,0.936503,-0.123188,0.326511,12.977550,83.313004,26.456108,0.056468,0.923674,-0.095078,0.366875,12.410431,49.424465,35.324539,-0.063060,0.867982,0.083572,0.485434,4.412264,4.602396,41.490849,-0.016190,0.969466,0.139271,0.201191,-0.696089,1.776266,-10.888708,-0.063060,0.867982,0.083572,0.485434,16.506872,1.726231,34.204681
269,2.241667,-0.046095,0.948372,0.081298,0.303077,5.821364,82.974579,21.324284,-0.044103,0.941276,0.074155,0.326428,4.833245,90.076195,22.236885,-0.014886,0.941271,0.048250,0.333855,2.801220,105.305923,23.950035,0.040159,0.972732,0.050746,0.222721,1.726206,123.060242,25.393599,0.033958,0.994765,-0.009810,0.095879,3.255839,136.750763,25.407898,-0.070033,0.887705,0.136787,0.434009,-1.141365,117.625069,23.098042,-0.608726,0.474215,-0.281978,0.570142,-11.343355,117.531883,9.965116,0.630691,-0.282104,0.283816,-0.664902,-1.650982,95.262520,5.073452,-0.586168,0.105774,-0.575653,0.560216,11.290134,81.302460,4.747012,-0.083324,0.918611,0.081101,0.377668,4.322795,117.595566,27.530029,0.565761,0.812747,0.138019,-0.017562,15.978013,119.122658,39.293827,0.630638,0.675621,0.307430,-0.226536,24.877457,96.458778,34.717434,-0.810959,-0.467772,-0.239761,0.257000,26.730602,83.501457,22.105274,0.054742,0.921549,0.138926,0.358400,-1.336342,82.638290,16.191132,0.058770,0.986832,0.030742,0.147523,-1.382319,49.166302,5.845715,-0.016189,0.969459,0.139278,0.201219,-6.294927,3.624776,2.261330,-0.034258,0.936518,-0.123229,0.326460,12.979071,83.310860,26.457436,0.056464,0.923756,-0.095046,0.366677,12.408258,49.422779,35.327400,-0.063017,0.868027,0.083656,0.485344,4.412770,4.600111,41.492840,-0.016189,0.969459,0.139278,0.201219,-0.695162,1.777298,-10.886658,-0.063017,0.868027,0.083656,0.485344,16.505836,1.725381,34.203548
270,2.250000,-0.046048,0.948411,0.081505,0.302909,5.820325,82.977104,21.322718,-0.043993,0.941295,0.074017,0.326421,4.832120,90.078300,22.238512,-0.014856,0.941262,0.048154,0.333895,2.805228,105.304756,23.948317,0.040077,0.972725,0.050657,0.222787,1.732318,123.059441,25.388968,0.034027,0.994752,-0.009885,0.095987,3.260401,136.750137,25.400528,-0.069987,0.887696,0.136721,0.434056,-1.135747,117.624260,23.094040,-0.608669,0.474162,-0.282091,0.570190,-11.336604,117.531715,9.960230,0.630645,-0.282124,0.283937,-0.664885,-1.644903,95.261414,5.071522,-0.586177,0.105743,-0.575739,0.560125,11.293153,81.298508,4.747187,-0.083364,0.918620,0.080978,0.377664,4.328048,117.594780,27.526480,0.565894,0.812669,0.137934,-0.017508,15.983154,119.124687,39.290028,0.630638,0.675671,0.307419,-0.226402,24.875221,96.457169,34.717339,-0.811092,-0.467666,-0.239693,0.256839,26.730669,83.496574,22.107788,0.054726,0.921522,0.138748,0.358539,-1.339251,82.642441,16.192070,0.058722,0.986834,0.030886,0.147498,-1.387235,49.166870,5.858249,-0.016206,0.969480,0.139204,0.201167,-6.293636,3.625649,2.261520,-0.034254,0.936527,-0.123325,0.326398,12.979902,83.311768,26.453367,0.056475,0.923682,-0.094988,0.366877,12.407217,49.425339,35.329525,-0.063086,0.867981,0.083517,0.485443,4.411429,4.601770,41.488026,-0.016206,0.969480,0.139204,0.201167,-0.695191,1.776188,-10.886753,-0.063086,0.867981,0.083517,0.485443,16.506210,1.724625,34.202530
271,2.258333,-0.046037,0.948439,0.081449,0.302838,5.824055,82.977280,21.323284,-0.043897,0.941300,0.073903,0.326445,4.836305,90.078621,22.238438,-0.014897,0.941243,0.048096,0.333955,2.813561,105.303864,23.945671,0.040023,0.972710,0.050604,0.222872,1.739876,123.058701,25.383831,0.034034,0.994740,-0.010008,0.096097,3.266993,136.749512,25.393841,-0.069943,0.887746,0.136551,0.434015,-1.127709,117.623116,23.089249,-0.608812,0.474204,-0.282011,0.570042,-11.329970,117.529091,9.956534,0.630718,-0.282177,0.283976,-0.664777,-1.638024,95.258484,5.069723,-0.586212,0.105635,-0.575784,0.560062,11.297555,81.294258,4.746944,-0.083387,0.918602,0.080941,0.377711,4.335508,117.594406,27.522406,0.565926,0.812656,0.137889,-0.017444,15.989305,119.125275,39.287125,0.630375,0.675887,0.307409,-0.226504,24.879688,96.456352,34.718113,-0.811077,-0.467656,-0.239460,0.257118,26.745541,83.498306,22.107426,0.054788,0.921504,0.138729,0.358584,-1.336296,82.642372,16.193727,0.058692,0.986807,0.030883,0.147696,-1.388258,49.166889,5.859630,-0.015882,0.969483,0.139258,0.201139,-6.291293,3.625321,2.262647,-0.034218,0.936515,-0.123338,0.326430,12.984407,83.312195,26.452839,0.056449,0.923719,-0.095021,0.366782,12.408754,49.425804,35.328953,-0.063013,0.868030,0.083498,0.485367,4.414681,4.602551,41.491962,-0.015882,0.969483,0.139258,0.201139,-0.695882,1.775580,-10.886881,-0.063013,0.868030,0.083498,0.485367,16.507690,1.723882,34.204121
272,2.266667,-0.045999,0.948425,0.081305,0.302925,5.828310,82.976799,21.325872,-0.043932,0.941293,0.073867,0.326467,4.841620,90.078529,22.239157,-0.014856,0.941248,0.048008,0.333958,2.818339,105.302765,23.944811,0.040072,0.972717,0.050447,0.222872,1.747071,123.057938,25.380516,0.034010,0.994741,-0.010100,0.096084,3.276428,136.748489,25.386608,-0.069926,0.887749,0.136467,0.434037,-1.121253,117.622437,23.086681,-0.608871,0.474245,-0.281989,0.569956,-11.322949,117.527809,9.953538,0.630687,-0.282102,0.284168,-0.664756,-1.632287,95.256416,5.067730,-0.586072,0.105346,-0.575808,0.560239,11.300271,81.290230,4.751374,-0.083404,0.918603,0.080876,0.377719,4.341956,117.593597,27.519846,0.565996,0.812620,0.137819,-0.017441,15.995457,119.125786,39.284683,0.630308,0.675964,0.307423,-0.226441,24.881941,96.455009,34.717274,-0.811135,-0.467613,-0.239445,0.257030,26.751787,83.496994,22.108616,0.054765,0.921524,0.138693,0.358550,-1.331175,82.641907,16.195110,0.058755,0.986817,0.030940,0.147589,-1.382932,49.165550,5.863836,-0.015919,0.969469,0.139247,0.201216,-6.291211,3.624985,2.261385,-0.034198,0.936497,-0.123364,0.326474,12.987796,83.311691,26.456636,0.056474,0.923697,-0.094978,0.366844,12.409833,49.425655,35.333950,-0.063002,0.868034,0.083485,0.485364,4.414643,4.601913,41.491978,-0.015919,0.969469,0.139247,0.201216,-0.693540,1.775111,-10.887157,-0.063002,0.868034,0.083485,0.485364,16.507488,1.722757,34.204060
273,2.275000,-0.046027,0.948398,0.081089,0.303063,5.835066,82.974586,21.327946,-0.043913,0.941279,0.073842,0.326517,4.848793,90.076782,22.238008,-0.014878,0.941240,0.047897,0.333992,2.826061,105.302475,23.943161,0.040080,0.972711,0.050339,0.222921,1.755315,123.058006,25.374846,0.034002,0.994735,-0.010173,0.096138,3.285617,136.748459,25.378191,-0.070007,0.887732,0.136512,0.434045,-1.113029,117.622101,23.082001,-0.608870,0.474241,-0.282064,0.569923,-11.314106,117.525803,9.948383,0.630670,-0.282134,0.284236,-0.664729,-1.625373,95.252884,5.065721,-0.586053,0.105386,-0.575843,0.560214,11.304033,81.285721,4.750299,-0.083445,0.918593,0.080833,0.377742,4.349846,117.594055,27.515587,0.566033,0.812588,0.137869,-0.017304,16.002537,119.127975,39.281006,0.630435,0.675890,0.307440,-0.226285,24.887169,96.455688,34.717491,-0.811083,-0.467759,-0.239570,0.256811,26.753675,83.495232,22.112034,0.054800,0.921577,0.138696,0.358409,-1.322902,82.638268,16.195158,0.058826,0.986820,0.030900,0.147552,-1.378407,49.162243,5.862838,-0.015708,0.969463,0.139345,0.201190,-6.293805,3.622219,2.263172,-0.034099,0.936484,-0.123393,0.326511,12.993033,83.310898,26.460733,0.056469,0.923657,-0.094942,0.366954,12.407540,49.424900,35.337704,-0.063053,0.868018,0.083589,0.485368,4.413202,4.600480,41.491924,-0.015708,0.969463,0.139345,0.201190,-0.698233,1.773934,-10.886490,-0.063053,0.868018,0.083589,0.485368,16.506727,1.724622,34.203835
274,2.283333,-0.046027,0.948347,0.080953,0.303259,5.842210,82.971100,21.328327,-0.044108,0.941271,0.073739,0.326536,4.856339,90.073616,22.236336,-0.014652,0.941265,0.048002,0.333918,2.829205,105.297112,23.936235,0.039859,0.972741,0.050144,0.222870,1.764915,123.052528,25.374231,0.034135,0.994724,-0.010250,0.096197,3.290406,136.743515,25.370895,-0.069898,0.887751,0.136354,0.434074,-1.105738,117.618408,23.080030,-0.609165,0.474431,-0.282116,0.569424,-11.306497,117.523132,9.946160,0.630816,-0.282186,0.283836,-0.664740,-1.628128,95.243065,5.075562,-0.586014,0.105142,-0.575997,0.560143,11.308852,81.283073,4.750702,-0.083637,0.918593,0.080672,0.377736,4.357924,117.586922,27.512623,0.566092,0.812568,0.137740,-0.017334,16.009703,119.128754,39.277905,0.630557,0.675845,0.307335,-0.226222,24.890966,96.454742,34.716423,-0.811057,-0.467868,-0.239616,0.256652,26.752886,83.490974,22.114138,0.054987,0.921551,0.138541,0.358506,-1.313663,82.634377,16.192646,0.058759,0.986750,0.030889,0.148048,-1.384135,49.156780,5.865504,-0.015667,0.969447,0.139554,0.201125,-6.291847,3.615973,2.265336,-0.034008,0.936514,-0.123461,0.326408,12.998083,83.307816,26.464006,0.056480,0.923745,-0.094882,0.366746,12.405999,49.422554,35.343346,-0.063099,0.868022,0.083680,0.485339,4.414104,4.597196,41.493874,-0.015667,0.969447,0.139554,0.201125,-0.698051,1.773408,-10.885882,-0.063099,0.868022,0.083680,0.485339,16.507700,1.724203,34.204773
275,2.291667,-0.045989,0.948395,0.080951,0.303114,5.843621,82.970879,21.326967,-0.043957,0.941308,0.073696,0.326461,4.858412,90.073456,22.235279,-0.014755,0.941282,0.047861,0.333886,2.836346,105.296722,23.935560,0.039872,0.972744,0.050064,0.222874,1.770321,123.052513,25.367620,0.034180,0.994719,-0.010347,0.096221,3.296661,136.743408,25.362221,-0.069737,0.887863,0.135833,0.434034,-1.099909,117.617325,23.075420,-0.609033,0.474335,-0.281920,0.569743,-11.302565,117.518829,9.943048,0.630783,-0.282194,0.284443,-0.664508,-1.614200,95.245865,5.059895,-0.586102,0.105379,-0.575758,0.560252,11.311302,81.271248,4.751482,-0.083591,0.918592,0.080605,0.377762,4.364013,117.587891,27.507704,0.566113,0.812578,0.137587,-0.017377,16.015411,119.129051,39.273453,0.630540,0.675930,0.307228,-0.226159,24.895405,96.454063,34.714367,-0.811176,-0.467721,-0.239535,0.256621,26.759344,83.485596,22.114056,0.054875,0.921564,0.138562,0.358482,-1.313865,82.634552,16.193508,0.058842,0.986794,0.030942,0.147711,-1.376845,49.156502,5.867788,-0.015686,0.969450,0.139432,0.201194,-6.292495,3.616884,2.263360,-0.033959,0.936521,-0.123541,0.326362,13.001106,83.307213,26.460424,0.056472,0.923741,-0.094862,0.366761,12.404397,49.423096,35.343830,-0.062965,0.868031,0.083624,0.485349,4.413732,4.597309,41.492825,-0.015686,0.969450,0.139432,0.201194,-0.696892,1.770932,-10.886617,-0.062965,0.868031,0.083624,0.485349,16.506443,1.721054,34.203541
276,2.300000,-0.045904,0.948367,0.080600,0.303308,5.849785,82.965866,21.329334,-0.043996,0.941317,0.073723,0.326422,4.867071,90.069374,22.233036,-0.014782,0.941323,0.047752,0.333785,2.843484,105.293716,23.933924,0.039871,0.972755,0.049935,0.222857,1.777983,123.049858,25.362099,0.034177,0.994712,-0.010420,0.096290,3.305036,136.740662,25.353189,-0.069710,0.887843,0.135867,0.434068,-1.092799,117.614174,23.071766,-0.609239,0.474403,-0.282163,0.569345,-11.294595,117.517174,9.938719,0.630854,-0.282338,0.284001,-0.664568,-1.616242,95.235992,5.073201,-0.586176,0.105351,-0.575706,0.560234,11.318113,81.265083,4.750589,-0.083152,0.918505,0.080783,0.378032,4.372059,117.585693,27.502901,0.565925,0.812694,0.137675,-0.017391,16.019102,119.110252,39.275120,0.630727,0.675703,0.307246,-0.226293,24.909615,96.439751,34.714211,-0.811202,-0.467735,-0.239488,0.256556,26.762161,83.478134,22.114441,0.055021,0.921448,0.138390,0.358824,-1.305757,82.629372,16.193180,0.058899,0.986574,0.030821,0.149171,-1.378698,49.149105,5.874713,-0.015666,0.969452,0.139518,0.201126,-6.295897,3.609425,2.273160,-0.033901,0.936494,-0.123544,0.326446,13.005328,83.302368,26.465490,0.056488,0.923708,-0.094817,0.366855,12.403947,49.418026,35.347729,-0.063010,0.868000,0.083684,0.485389,4.412814,4.591620,41.491631,-0.015666,0.969452,0.139518,0.201126,-0.702121,1.765838,-10.877922,-0.063010,0.868000,0.083684,0.485389,16.506639,1.717483,34.203362
277,2.308333,-0.045428,0.948361,0.080346,0.303466,5.840186,82.957283,21.340393,-0.043913,0.941347,0.073292,0.326445,4.864935,90.062012,22.242590,-0.014707,0.941344,0.047695,0.333736,2.847700,105.290962,23.932074,0.040122,0.972779,0.049748,0.222749,1.785497,123.047379,25.359308,0.034071,0.994735,-0.010522,0.096074,3.320201,136.737320,25.346649,-0.069655,0.887841,0.135794,0.434104,-1.086503,117.612061,23.069622,-0.609018,0.474345,-0.282091,0.569665,-11.287520,117.515823,9.935959,0.630773,-0.282266,0.284476,-0.664474,-1.604417,95.239136,5.059327,-0.586216,0.105228,-0.575731,0.560189,11.323635,81.257233,4.750037,-0.083222,0.918521,0.080648,0.378008,4.378848,117.582878,27.500147,0.565951,0.812689,0.137598,-0.017433,16.026112,119.111382,39.271645,0.630819,0.675712,0.307110,-0.226195,24.915142,96.440239,34.711029,-0.811068,-0.468006,-0.239588,0.256392,26.765255,83.472832,22.114592,0.054869,0.921382,0.138523,0.358965,-1.314438,82.627625,16.202515,0.058995,0.986526,0.030823,0.149455,-1.372604,49.148769,5.879384,-0.015523,0.969475,0.139400,0.201111,-6.297358,3.610131,2.275003,-0.034076,0.936492,-0.123397,0.326490,12.994809,83.286949,26.478273,0.056579,0.923822,-0.094770,0.366565,12.407884,49.400902,35.354965,-0.063230,0.867983,0.084040,0.485329,4.412532,4.574627,41.494324,-0.015523,0.969475,0.139400,0.201111,-0.705157,1.762395,-10.876171,-0.063230,0.867983,0.084040,0.485329,16.507776,1.712376,34.203728
278,2.316667,-0.045402,0.948395,0.080288,0.303381,5.844543,82.956627,21.340248,-0.043946,0.941359,0.073297,0.326405,4.869981,90.061516,22.241869,-0.014738,0.941356,0.047568,0.333720,2.851708,105.291298,23.931347,0.040121,0.972787,0.049656,0.222734,1.789981,123.048103,25.353983,0.034178,0.994732,-0.010648,0.096051,3.325204,136.737991,25.338810,-0.069753,0.887850,0.135626,0.434124,-1.082224,117.612267,23.065807,-0.609074,0.474265,-0.282106,0.569664,-11.282220,117.510773,9.931396,0.630768,-0.282288,0.284528,-0.664446,-1.595786,95.234772,5.058250,-0.586231,0.105305,-0.575595,0.560299,11.330229,81.251801,4.749904,-0.083067,0.918597,0.080525,0.377883,4.383267,117.584106,27.496162,0.566011,0.812707,0.137230,-0.017498,16.034521,119.109962,39.264046,0.630812,0.675716,0.306995,-0.226359,24.920053,96.435989,34.710728,-0.810930,-0.468308,-0.239559,0.256302,26.767509,83.471428,22.114750,0.054857,0.921370,0.138447,0.359028,-1.311032,82.626945,16.203697,0.059005,0.986562,0.030896,0.149192,-1.369682,49.146507,5.885692,-0.015417,0.969477,0.139456,0.201067,-6.295355,3.608406,2.275821,-0.034004,0.936482,-0.123496,0.326487,13.000118,83.286301,26.476801,0.056553,0.923774,-0.094729,0.366702,12.406214,49.401634,35.358269,-0.063107,0.867969,0.084057,0.485368,4.413549,4.574376,41.493900,-0.015417,0.969477,0.139456,0.201067,-0.705027,1.761676,-10.876288,-0.063107,0.867969,0.084057,0.485368,16.508648,1.710799,34.203590
279,2.325000,-0.045347,0.948405,0.080294,0.303354,5.847112,82.957115,21.340275,-0.043648,0.941398,0.073293,0.326333,4.873306,90.062073,22.242241,-0.014976,0.941378,0.047388,0.333672,2.863744,105.293365,23.934889,0.040130,0.972785,0.049640,0.222742,1.796223,123.050537,25.348715,0.034195,0.994728,-0.010755,0.096079,3.331801,136.740387,25.333187,-0.069656,0.887882,0.135601,0.434081,-1.074351,117.612602,23.063486,-0.609085,0.474227,-0.282136,0.569669,-11.276038,117.513336,9.930372,0.630702,-0.282381,0.284627,-0.664427,-1.588649,95.237305,5.059244,-0.586237,0.105203,-0.575665,0.560239,11.335247,81.248390,4.750357,-0.083030,0.918631,0.080611,0.377789,4.391493,117.588470,27.493429,0.565938,0.812756,0.137251,-0.017437,16.045317,119.112457,39.259003,0.630970,0.675676,0.306826,-0.226265,24.935043,96.439651,34.708000,-0.811161,-0.467986,-0.239327,0.256378,26.777161,83.467186,22.114403,0.054815,0.921271,0.138429,0.359293,-1.308833,82.628342,16.204184,0.059776,0.986239,0.030614,0.151073,-1.362286,49.147251,5.888276,-0.015522,0.969250,0.139089,0.202403,-6.354633,3.615957,2.284028,-0.033976,0.936487,-0.123611,0.326432,13.003057,83.285889,26.476366,0.056585,0.923856,-0.094666,0.366507,12.405203,49.403076,35.364639,-0.063202,0.867987,0.083941,0.485344,4.413252,4.575041,41.495533,-0.015522,0.969250,0.139089,0.202403,-0.729075,1.758951,-10.851600,-0.063202,0.867987,0.083941,0.485344,16.508293,1.709949,34.205723
280,2.333333,-0.045387,0.948356,0.079729,0.303651,5.857394,82.948196,21.347408,-0.043854,0.941387,0.073267,0.326343,4.885197,90.054405,22.241201,-0.014868,0.941413,0.047342,0.333586,2.869347,105.289444,23.931446,0.040094,0.972785,0.049611,0.222758,1.806154,123.046875,25.345112,0.034124,0.994717,-0.010898,0.096207,3.340954,136.736816,25.328604,-0.069672,0.887902,0.135519,0.434063,-1.066104,117.609550,23.060551,-0.608989,0.474153,-0.282316,0.569745,-11.268227,117.508492,9.927790,0.630599,-0.282420,0.284654,-0.664496,-1.582414,95.230827,5.061069,-0.586181,0.105382,-0.575670,0.560260,11.337970,81.242874,4.750028,-0.083183,0.918622,0.080569,0.377787,4.400592,117.584274,27.489433,0.566028,0.812719,0.137084,-0.017536,16.053625,119.113434,39.255123,0.629413,0.677215,0.306346,-0.226653,24.938133,96.438568,34.704189,-0.812732,-0.464987,-0.236884,0.259115,26.845980,83.464432,22.111776,0.054937,0.921381,0.138435,0.358990,-1.295308,82.616180,16.207010,0.059815,0.986245,0.030643,0.151009,-1.359852,49.136139,5.887763,-0.015399,0.969198,0.139377,0.202465,-6.355494,3.605443,2.280616,-0.033861,0.936509,-0.123591,0.326390,13.010097,83.280212,26.487806,0.056636,0.923921,-0.094590,0.366354,12.405567,49.396503,35.372234,-0.063178,0.867979,0.084159,0.485323,4.412830,4.567680,41.496338,-0.015399,0.969198,0.139377,0.202465,-0.728921,1.755870,-10.855627,-0.063178,0.867979,0.084159,0.485323,16.507933,1.707623,34.204655
281,2.341667,-0.045345,0.948383,0.079705,0.303579,5.860178,82.945793,21.347816,-0.044004,0.941436,0.072981,0.326244,4.888730,90.052109,22.241543,-0.014615,0.941467,0.047453,0.333430,2.872324,105.282227,23.921545,0.039992,0.972820,0.049401,0.222671,1.816550,123.039558,25.342115,0.034155,0.994710,-0.010937,0.096259,3.349770,136.729675,25.319153,-0.069522,0.887940,0.135539,0.434002,-1.058641,117.604187,23.056580,-0.609364,0.474285,-0.282345,0.569219,-11.263217,117.507507,9.925680,0.630817,-0.282628,0.284175,-0.664406,-1.584405,95.223572,5.073714,-0.586318,0.105513,-0.575619,0.560143,11.344840,81.238235,4.749168,-0.083280,0.918579,0.080355,0.377916,4.409627,117.575142,27.483505,0.565996,0.812752,0.137019,-0.017585,16.058886,119.109512,39.252262,0.630898,0.676062,0.306492,-0.225766,24.945101,96.435295,34.701420,-0.812703,-0.465567,-0.238448,0.256717,26.798777,83.447182,22.125109,0.054945,0.921350,0.138324,0.359113,-1.293373,82.614227,16.208563,0.059827,0.986211,0.030704,0.151217,-1.359891,49.132095,5.896109,-0.015495,0.969214,0.139368,0.202388,-6.355026,3.601870,2.282288,-0.033837,0.936518,-0.123649,0.326344,13.013729,83.277359,26.487070,0.056655,0.923946,-0.094583,0.366291,12.406715,49.394550,35.374748,-0.063289,0.868000,0.084136,0.485275,4.412985,4.565811,41.498158,-0.015495,0.969214,0.139368,0.202388,-0.729743,1.752628,-10.854560,-0.063289,0.868000,0.084136,0.485275,16.507990,1.706728,34.205921
282,2.350000,-0.045304,0.948407,0.079541,0.303552,5.865737,82.943916,21.347916,-0.043931,0.941386,0.073272,0.326333,4.895590,90.050659,22.239618,-0.014904,0.941410,0.047149,0.333618,2.877182,105.287636,23.929497,0.040177,0.972800,0.049284,0.222747,1.815015,123.045685,25.336229,0.034373,0.994713,-0.011033,0.096144,3.353983,136.735138,25.311434,-0.069811,0.887845,0.135567,0.434143,-1.057424,117.607651,23.053560,-0.609421,0.474238,-0.282446,0.569147,-11.256598,117.503700,9.918525,0.630866,-0.282629,0.284158,-0.664366,-1.578404,95.218010,5.073417,-0.586401,0.105448,-0.575593,0.560096,11.352483,81.231537,4.749371,-0.083049,0.918713,0.080378,0.377636,4.408952,117.583740,27.482849,0.565957,0.812782,0.137019,-0.017425,16.066513,119.111870,39.244194,0.631267,0.675575,0.306437,-0.226268,24.955173,96.437286,34.700005,-0.810879,-0.468724,-0.239155,0.256082,26.784267,83.452377,22.108606,0.054971,0.921303,0.138221,0.359269,-1.288158,82.612106,16.209162,0.059890,0.986189,0.030759,0.151322,-1.357285,49.128170,5.902582,-0.015478,0.969187,0.139377,0.202514,-6.356948,3.598955,2.282351,-0.033798,0.936497,-0.123686,0.326394,13.019633,83.275726,26.486671,0.056669,0.923911,-0.094586,0.366375,12.408757,49.393360,35.375771,-0.063143,0.867995,0.084195,0.485293,4.413149,4.564822,41.498196,-0.015478,0.969187,0.139377,0.202514,-0.728512,1.749817,-10.853156,-0.063143,0.867995,0.084195,0.485293,16.507622,1.705135,34.205315
283,2.358333,-0.045242,0.948444,0.079605,0.303432,5.868044,82.942238,21.347702,-0.043875,0.941405,0.073216,0.326299,4.898585,90.048920,22.240677,-0.014944,0.941415,0.047047,0.333617,2.882534,105.285500,23.929464,0.040160,0.972798,0.049216,0.222777,1.820216,123.043846,25.332283,0.034389,0.994706,-0.011147,0.096198,3.359201,136.733292,25.305630,-0.069792,0.887865,0.135522,0.434118,-1.052176,117.605293,23.050812,-0.609515,0.474248,-0.282411,0.569056,-11.252153,117.501068,9.916403,0.630895,-0.282693,0.284168,-0.664308,-1.573447,95.215118,5.073446,-0.586452,0.105262,-0.575694,0.559973,11.358314,81.224510,4.748859,-0.082983,0.918746,0.080229,0.377603,4.414198,117.582405,27.480108,0.566106,0.812720,0.136745,-0.017639,16.072958,119.110573,39.240257,0.630768,0.676293,0.306221,-0.225808,24.952904,96.432945,34.694183,-0.812896,-0.465525,-0.237860,0.256729,26.812828,83.434380,22.116241,0.054934,0.921253,0.138168,0.359424,-1.287238,82.611618,16.210800,0.059887,0.986292,0.030920,0.150616,-1.353585,49.126381,5.908465,-0.015349,0.969203,0.139378,0.202447,-6.353279,3.598046,2.277301,-0.033771,0.936531,-0.123820,0.326249,13.023326,83.272865,26.484602,0.056712,0.924025,-0.094503,0.366103,12.408927,49.392704,35.381870,-0.063114,0.868002,0.084161,0.485289,4.414268,4.563168,41.498219,-0.015349,0.969203,0.139378,0.202447,-0.727531,1.748223,-10.859263,-0.063114,0.868002,0.084161,0.485289,16.508398,1.702236,34.205257
284,2.366667,-0.045210,0.948471,0.079587,0.303355,5.869728,82.944016,21.347986,-0.043813,0.941424,0.073145,0.326270,4.900861,90.050781,22.240936,-0.014900,0.941425,0.046971,0.333603,2.887780,105.284729,23.928057,0.040329,0.972800,0.049131,0.222756,1.827878,123.043373,25.328880,0.034284,0.994715,-0.011290,0.096124,3.371864,136.732254,25.300911,-0.069851,0.887893,0.135352,0.434105,-1.045316,117.604935,23.048124,-0.609474,0.474245,-0.282432,0.569092,-11.245409,117.496384,9.913837,0.630884,-0.282720,0.284232,-0.664280,-1.567151,95.210411,5.070144,-0.586465,0.105407,-0.575642,0.559986,11.361012,81.219734,4.746672,-0.083015,0.918756,0.080202,0.377576,4.421204,117.581833,27.477243,0.566154,0.812685,0.136763,-0.017589,16.080460,119.111404,39.236721,0.630734,0.676350,0.306238,-0.225709,24.957823,96.432533,34.691845,-0.812827,-0.465425,-0.238095,0.256910,26.820463,83.435837,22.119066,0.054922,0.921212,0.138138,0.359542,-1.286438,82.613708,16.212296,0.059936,0.986201,0.030876,0.151202,-1.351495,49.127800,5.912107,-0.015255,0.969216,0.139279,0.202459,-6.354115,3.599757,2.281226,-0.033741,0.936570,-0.123855,0.326126,13.025893,83.274330,26.483679,0.056725,0.924039,-0.094490,0.366069,12.409861,49.394627,35.382580,-0.063133,0.868025,0.084047,0.485267,4.414768,4.564998,41.497726,-0.015255,0.969216,0.139279,0.202459,-0.728843,1.746602,-10.855076,-0.063133,0.868025,0.084047,0.485267,16.508366,1.701499,34.204884
285,2.375000,-0.045194,0.948495,0.079379,0.303338,5.873845,82.941818,21.350304,-0.043860,0.941451,0.073102,0.326194,4.906102,90.049080,22.240505,-0.014874,0.941461,0.046934,0.333508,2.891938,105.285172,23.926275,0.040329,0.972839,0.049012,0.222613,1.833512,123.043968,25.326263,0.034409,0.994727,-0.011389,0.095940,3.377970,136.732788,25.294765,-0.069937,0.887891,0.135329,0.434102,-1.040511,117.605591,23.046417,-0.609487,0.474325,-0.282089,0.569181,-11.240270,117.494164,9.911902,0.630940,-0.282696,0.284651,-0.664057,-1.556181,95.213890,5.053668,-0.586445,0.105489,-0.575572,0.560064,11.364684,81.213615,4.743830,-0.082989,0.918781,0.080110,0.377539,4.426909,117.582382,27.474419,0.566119,0.812715,0.136728,-0.017576,16.087225,119.112488,39.232765,0.631073,0.676057,0.306160,-0.225743,24.966557,96.434044,34.689617,-0.812600,-0.466182,-0.238076,0.256272,26.813736,83.430672,22.111788,0.054960,0.921207,0.138106,0.359561,-1.282518,82.610611,16.214951,0.059913,0.986243,0.030966,0.150921,-1.350621,49.124374,5.915832,-0.015385,0.969223,0.139249,0.202434,-6.350914,3.596589,2.278545,-0.033707,0.936605,-0.123870,0.326024,13.030207,83.273026,26.485657,0.056821,0.924297,-0.094456,0.365411,12.412581,49.393433,35.384850,-0.063084,0.868032,0.084042,0.485261,4.414863,4.564205,41.499504,-0.015385,0.969223,0.139249,0.202434,-0.725390,1.743336,-10.857630,-0.063084,0.868032,0.084042,0.485261,16.508024,1.699909,34.206264
286,2.383333,-0.045098,0.948503,0.079361,0.303331,5.878025,82.940872,21.350695,-0.043845,0.941460,0.073037,0.326183,4.911685,90.048302,22.241098,-0.014892,0.941467,0.046880,0.333496,2.898826,105.283333,23.925009,0.040394,0.972838,0.048922,0.222622,1.840452,123.042297,25.322989,0.034319,0.994728,-0.011503,0.095945,3.387212,136.730865,25.289478,-0.070078,0.887879,0.135301,0.434112,-1.033631,117.603661,23.043833,-0.609604,0.474266,-0.282433,0.568935,-11.232439,117.487740,9.908623,0.631134,-0.282811,0.283988,-0.664107,-1.555190,95.200249,5.069896,-0.586797,0.105649,-0.575584,0.559653,11.376616,81.212341,4.742790,-0.082956,0.918786,0.080022,0.377555,4.433895,117.580948,27.471706,0.566218,0.812650,0.136703,-0.017593,16.093990,119.111130,39.230259,0.630864,0.676224,0.306175,-0.225806,24.967770,96.430626,34.686531,-0.812629,-0.466159,-0.237874,0.256409,26.823122,83.431992,22.110270,0.054863,0.921231,0.138061,0.359530,-1.278566,82.611160,16.215565,0.059984,0.986276,0.031043,0.150661,-1.341920,49.123302,5.921710,-0.015274,0.969220,0.139282,0.202435,-6.348533,3.596738,2.277832,-0.033721,0.936564,-0.123935,0.326116,13.034615,83.270576,26.485828,0.056814,0.924076,-0.094430,0.365978,12.415512,49.392162,35.389412,-0.062974,0.867995,0.084143,0.485323,4.415497,4.562420,41.497242,-0.015274,0.969220,0.139282,0.202435,-0.723764,1.743788,-10.858706,-0.062974,0.867995,0.084143,0.485323,16.509182,1.699088,34.204498
287,2.391667,-0.045100,0.948487,0.079184,0.303429,5.884718,82.938316,21.352335,-0.043834,0.941470,0.073048,0.326156,4.919028,90.046150,22.240208,-0.014868,0.941491,0.046859,0.333432,2.906309,105.282005,23.924707,0.040339,0.972850,0.048842,0.222600,1.849081,123.041069,25.322336,0.034299,0.994724,-0.011665,0.095973,3.394806,136.729736,25.286297,-0.070081,0.887872,0.135312,0.434123,-1.025610,117.602524,23.043730,-0.609252,0.474186,-0.282449,0.569370,-11.224099,117.486740,9.908260,0.630988,-0.282688,0.284446,-0.664102,-1.543561,95.203377,5.057106,-0.586788,0.105720,-0.575474,0.559761,11.381140,81.208336,4.742610,-0.082990,0.918763,0.080021,0.377602,4.442528,117.579636,27.470852,0.566167,0.812655,0.136896,-0.017535,16.101276,119.110680,39.230640,0.630830,0.676311,0.306107,-0.225736,24.978012,96.431885,34.684174,-0.812840,-0.465848,-0.237553,0.256603,26.836208,83.430115,22.110294,0.054951,0.921190,0.137991,0.359650,-1.270825,82.607773,16.215794,0.060043,0.986263,0.031072,0.150711,-1.340293,49.119236,5.924183,-0.015364,0.969192,0.139360,0.202508,-6.351645,3.593495,2.276592,-0.033733,0.936529,-0.123925,0.326219,13.040261,83.268860,26.488880,0.056939,0.924309,-0.094398,0.365375,12.421243,49.390331,35.392044,-0.063000,0.868023,0.084099,0.485278,4.415686,4.561344,41.498165,-0.015364,0.969192,0.139360,0.202508,-0.724210,1.743224,-10.859187,-0.063000,0.868023,0.084099,0.485278,16.508705,1.697278,34.204594
288,2.400000,-0.045076,0.948551,0.079304,0.303200,5.884989,82.939781,21.353714,-0.043698,0.941508,0.072909,0.326095,4.919325,90.047371,22.243559,-0.014875,0.941497,0.046796,0.333426,2.912601,105.280045,23.925089,0.040268,0.972876,0.048745,0.222521,1.855896,123.039307,25.320530,0.034342,0.994736,-0.011774,0.095825,3.400177,136.728134,25.281265,-0.070066,0.887890,0.135305,0.434091,-1.018977,117.600563,23.042635,-0.609324,0.474178,-0.282437,0.569306,-11.218468,117.484940,9.907946,0.631027,-0.282752,0.284470,-0.664028,-1.537210,95.201370,5.059194,-0.586833,0.105806,-0.575450,0.559723,11.385315,81.204865,4.744872,-0.082912,0.918781,0.079849,0.377612,4.449214,117.578064,27.469688,0.566188,0.812649,0.136838,-0.017577,16.108124,119.108902,39.229336,0.631068,0.676120,0.306091,-0.225663,24.983593,96.429649,34.682644,-0.812753,-0.466111,-0.237758,0.256210,26.831713,83.427910,22.112194,0.054883,0.921198,0.138009,0.359634,-1.273040,82.609909,16.220596,0.060032,0.986260,0.031114,0.150730,-1.337898,49.121197,5.929542,-0.015169,0.969218,0.139237,0.202484,-6.347558,3.595567,2.278196,-0.033704,0.936573,-0.124021,0.326058,13.043019,83.269653,26.486832,0.056910,0.924111,-0.094397,0.365883,12.421383,49.392666,35.395679,-0.062493,0.868020,0.084164,0.485338,4.414947,4.563361,41.498322,-0.015169,0.969218,0.139237,0.202484,-0.722336,1.740719,-10.857882,-0.062493,0.868020,0.084164,0.485338,16.505688,1.693754,34.203159
289,2.408333,-0.045034,0.948604,0.079436,0.303005,5.885565,82.939926,21.353540,-0.043616,0.941546,0.072815,0.326016,4.920078,90.047264,22.245567,-0.014853,0.941516,0.046724,0.333382,2.916896,105.279938,23.925322,0.040326,0.972877,0.048707,0.222513,1.861827,123.039459,25.318665,0.034362,0.994732,-0.011982,0.095831,3.407884,136.728088,25.278702,-0.070107,0.887877,0.135288,0.434116,-1.013727,117.600677,23.041719,-0.609280,0.474159,-0.282510,0.569333,-11.212294,117.483749,9.906319,0.630925,-0.282786,0.284544,-0.664079,-1.532157,95.199371,5.059023,-0.586792,0.105598,-0.575523,0.559730,11.388810,81.199921,4.743958,-0.082993,0.918840,0.079970,0.377426,4.454892,117.578270,27.468248,0.566321,0.812610,0.136503,-0.017676,16.118038,119.110741,39.223495,0.630897,0.676279,0.305948,-0.225860,24.985868,96.427589,34.681351,-0.812621,-0.466395,-0.237553,0.256303,26.838690,83.426865,22.109383,0.054871,0.921104,0.138005,0.359876,-1.274615,82.611137,16.223347,0.060086,0.986273,0.031158,0.150616,-1.336098,49.122261,5.932797,-0.015273,0.969232,0.139137,0.202480,-6.350459,3.597483,2.277324,-0.033748,0.936612,-0.124088,0.325915,13.045745,83.268707,26.483732,0.057054,0.924486,-0.094352,0.364922,12.426814,49.393082,35.397945,-0.063045,0.868084,0.083820,0.485212,4.416018,4.564497,41.500187,-0.015273,0.969232,0.139137,0.202480,-0.724689,1.740402,-10.858210,-0.063045,0.868084,0.083820,0.485212,16.507540,1.694129,34.206600
290,2.416667,-0.044935,0.948617,0.079116,0.303063,5.889716,82.938179,21.356600,-0.043633,0.941544,0.072858,0.326010,4.926917,90.046379,22.244654,-0.014892,0.941524,0.046647,0.333370,2.922727,105.279564,23.925560,0.040370,0.972887,0.048588,0.222486,1.867288,123.039307,25.315893,0.034339,0.994738,-0.012106,0.095768,3.415174,136.727722,25.272947,-0.069966,0.887919,0.135234,0.434069,-1.008193,117.600075,23.039940,-0.609597,0.474252,-0.282553,0.568893,-11.208771,117.486206,9.906075,0.631018,-0.283024,0.284192,-0.664040,-1.534258,95.196465,5.072234,-0.586792,0.105644,-0.575708,0.559530,11.392612,81.195915,4.744027,-0.083093,0.918866,0.080133,0.377306,4.460523,117.578545,27.466354,0.566361,0.812594,0.136428,-0.017687,16.126120,119.112396,39.218987,0.630831,0.676445,0.305757,-0.225805,24.991678,96.428070,34.678249,-0.812830,-0.465985,-0.237287,0.256634,26.848793,83.420372,22.108862,0.054874,0.921126,0.138028,0.359810,-1.270004,82.609413,16.225765,0.060238,0.986213,0.031132,0.150954,-1.331832,49.121010,5.933679,-0.015170,0.969196,0.139023,0.202735,-6.359060,3.597757,2.276816,-0.033712,0.936639,-0.124050,0.325856,13.049436,83.266937,26.487434,0.057100,0.924501,-0.094371,0.364873,12.429549,49.390488,35.398438,-0.063187,0.868094,0.083866,0.485167,4.414531,4.562717,41.501141,-0.015170,0.969196,0.139023,0.202735,-0.727505,1.736772,-10.855682,-0.063187,0.868094,0.083866,0.485167,16.506392,1.695501,34.206882
291,2.425000,-0.044967,0.948604,0.079050,0.303117,5.896332,82.935875,21.359577,-0.043658,0.941542,0.072801,0.326024,4.933332,90.044189,22.246538,-0.014881,0.941528,0.046541,0.333374,2.928916,105.278099,23.925568,0.040451,0.972885,0.048554,0.222489,1.875103,123.038193,25.312466,0.034264,0.994742,-0.012240,0.095735,3.425380,136.726334,25.269089,-0.070004,0.887915,0.135226,0.434074,-1.000862,117.598793,23.037544,-0.609442,0.474183,-0.282771,0.569009,-11.201130,117.483727,9.903453,0.630920,-0.283032,0.284304,-0.664081,-1.529483,95.191940,5.073269,-0.586884,0.105319,-0.575858,0.559342,11.393747,81.190063,4.746060,-0.083001,0.918902,0.079839,0.377300,4.467819,117.577614,27.463999,0.566451,0.812564,0.136228,-0.017729,16.134089,119.112457,39.215828,0.630892,0.676398,0.305699,-0.225851,24.994505,96.425453,34.678444,-0.812612,-0.466333,-0.237469,0.256523,26.847881,83.418602,22.110149,0.054944,0.921142,0.138040,0.359756,-1.262756,82.606316,16.227915,0.060159,0.986265,0.031161,0.150633,-1.329373,49.118683,5.933351,-0.015006,0.969217,0.139149,0.202562,-6.350253,3.594732,2.276510,-0.033689,0.936563,-0.123997,0.326098,13.055420,83.265434,26.491240,0.057023,0.924153,-0.094415,0.365753,12.432941,49.387959,35.398163,-0.062476,0.868071,0.084142,0.485251,4.417184,4.560137,41.499496,-0.015006,0.969217,0.139149,0.202562,-0.724285,1.736450,-10.858764,-0.062476,0.868071,0.084142,0.485251,16.506340,1.689700,34.202023
292,2.433333,-0.045053,0.948610,0.079035,0.303090,5.901234,82.938347,21.361319,-0.043836,0.941592,0.072560,0.325911,4.937143,90.046585,22.247721,-0.014618,0.941590,0.046730,0.333182,2.931009,105.274521,23.917505,0.040341,0.972940,0.048488,0.222280,1.884068,123.034271,25.314081,0.034313,0.994754,-0.012396,0.095565,3.431463,136.722733,25.267780,-0.069972,0.887889,0.135279,0.434116,-0.994800,117.597069,23.037577,-0.609363,0.474140,-0.282863,0.569085,-11.193994,117.483948,9.902636,0.630888,-0.282935,0.284316,-0.664148,-1.522863,95.191704,5.073549,-0.586766,0.105654,-0.575685,0.559581,11.400586,81.193268,4.748095,-0.083220,0.918882,0.079846,0.377299,4.475784,117.571655,27.461660,0.566466,0.812565,0.136166,-0.017703,16.140862,119.113052,39.213814,0.630874,0.676392,0.305727,-0.225883,25.000525,96.425209,34.679115,-0.812689,-0.466260,-0.237391,0.256484,26.854053,83.420792,22.110825,0.054957,0.921089,0.138044,0.359886,-1.258002,82.607231,16.229965,0.060180,0.986289,0.031177,0.150467,-1.323859,49.119766,5.934828,-0.015184,0.969239,0.139138,0.202451,-6.346967,3.596127,2.277161,-0.033643,0.936608,-0.124050,0.325954,13.060470,83.269470,26.492674,0.057170,0.924519,-0.094337,0.364824,12.435173,49.392704,35.402100,-0.062998,0.868096,0.083807,0.485199,4.415696,4.565072,41.499950,-0.015184,0.969239,0.139138,0.202451,-0.722609,1.738577,-10.858904,-0.062998,0.868096,0.083807,0.485199,16.506645,1.693724,34.205814
293,2.441667,-0.045002,0.948675,0.079211,0.302847,5.903436,82.941895,21.361038,-0.043692,0.941570,0.072627,0.325978,4.939505,90.049797,22.250303,-0.014790,0.941530,0.046468,0.333383,2.936348,105.281044,23.923710,0.040300,0.972921,0.048443,0.222382,1.886439,123.041489,25.309246,0.034443,0.994752,-0.012475,0.095535,3.433178,136.730011,25.261715,-0.070029,0.887932,0.135219,0.434037,-0.990705,117.602539,23.034708,-0.609337,0.474046,-0.282960,0.569142,-11.191929,117.486420,9.901365,0.630754,-0.282985,0.284542,-0.664157,-1.519142,95.194054,5.076144,-0.586682,0.105310,-0.576025,0.559383,11.399277,81.189018,4.753282,-0.082995,0.918930,0.079886,0.377224,4.477930,117.580482,27.461222,0.566370,0.812594,0.136424,-0.017463,16.146128,119.114838,39.211205,0.630871,0.676381,0.305789,-0.225839,25.011599,96.428665,34.679569,-0.812838,-0.466055,-0.237141,0.256616,26.865816,83.425575,22.112057,0.054944,0.921091,0.138054,0.359881,-1.258484,82.612160,16.233339,0.060207,0.986273,0.031210,0.150553,-1.323337,49.124794,5.937898,-0.014998,0.969229,0.139109,0.202532,-6.348083,3.601644,2.276370,-0.033698,0.936580,-0.124153,0.325988,13.065356,83.271629,26.488739,0.057249,0.924510,-0.094312,0.364842,12.440954,49.396896,35.405964,-0.062959,0.868087,0.083739,0.485231,4.415489,4.569671,41.498898,-0.014998,0.969229,0.139109,0.202532,-0.722998,1.742218,-10.859121,-0.062959,0.868087,0.083739,0.485231,16.506538,1.696124,34.205784
294,2.450000,-0.045071,0.948686,0.079185,0.302809,5.907696,82.943787,21.363289,-0.043643,0.941576,0.072522,0.325991,4.942980,90.051659,22.251936,-0.014736,0.941523,0.046439,0.333409,2.942624,105.280647,23.922461,0.040428,0.972885,0.048475,0.222508,1.894833,123.041245,25.307608,0.034127,0.994743,-0.012765,0.095703,3.444993,136.729385,25.262007,-0.070208,0.887895,0.135250,0.434076,-0.982868,117.602608,23.033030,-0.609237,0.474033,-0.283094,0.569193,-11.182138,117.481926,9.898210,0.630800,-0.282746,0.284487,-0.664239,-1.512464,95.187820,5.074812,-0.586571,0.105486,-0.575974,0.559519,11.407948,81.193314,4.756383,-0.082909,0.918961,0.079667,0.377212,4.485544,117.579971,27.459816,0.566398,0.812588,0.136351,-0.017404,16.154512,119.114578,39.208996,0.631000,0.676216,0.305842,-0.225902,25.018511,96.426979,34.681583,-0.812757,-0.466340,-0.237164,0.256331,26.865557,83.427444,22.112928,0.054940,0.921089,0.138126,0.359858,-1.254515,82.612709,16.236082,0.060263,0.986295,0.031182,0.150397,-1.317513,49.126713,5.936169,-0.015143,0.969259,0.139007,0.202448,-6.348353,3.604028,2.277251,-0.033677,0.936560,-0.124149,0.326050,13.069907,83.274857,26.490494,0.057262,0.924504,-0.094314,0.364854,12.443612,49.399956,35.406937,-0.062958,0.868098,0.083767,0.485207,4.416937,4.572889,41.499443,-0.015143,0.969259,0.139007,0.202448,-0.724510,1.742566,-10.858485,-0.062958,0.868098,0.083767,0.485207,16.507648,1.700000,34.205517
295,2.458333,-0.045075,0.948709,0.079247,0.302719,5.912354,82.945679,21.363121,-0.043670,0.941582,0.072493,0.325977,4.947394,90.053406,22.252693,-0.014736,0.941521,0.046403,0.333418,2.946588,105.282364,23.922131,0.040453,0.972907,0.048348,0.222436,1.899200,123.043083,25.306078,0.034222,0.994754,-0.012801,0.095547,3.450679,136.731064,25.257051,-0.070155,0.887886,0.135271,0.434096,-0.978587,117.604362,23.031807,-0.609158,0.473974,-0.283223,0.569262,-11.177527,117.485664,9.896716,0.630724,-0.282722,0.284546,-0.664296,-1.508731,95.190567,5.076152,-0.586542,0.105404,-0.576007,0.559531,11.413455,81.192589,4.758257,-0.082731,0.919006,0.079499,0.377178,4.489738,117.581894,27.458698,0.566412,0.812598,0.136232,-0.017406,16.160557,119.113373,39.206451,0.630952,0.676277,0.305775,-0.225946,25.023729,96.424828,34.682209,-0.812709,-0.466373,-0.237148,0.256440,26.872128,83.425819,22.114843,0.054984,0.921006,0.138086,0.360080,-1.250818,82.614723,16.237251,0.060257,0.986319,0.031256,0.150224,-1.315166,49.128269,5.938838,-0.014958,0.969265,0.138926,0.202487,-6.345026,3.605935,2.274173,-0.033653,0.936524,-0.124162,0.326150,13.075526,83.276634,26.488989,0.057261,0.924376,-0.094324,0.365175,12.446378,49.401859,35.405712,-0.062917,0.868066,0.083652,0.485288,4.417359,4.574955,41.496349,-0.014958,0.969265,0.138926,0.202487,-0.721620,1.741099,-10.861269,-0.062917,0.868066,0.083652,0.485288,16.508823,1.698688,34.205002
296,2.466667,-0.045050,0.948719,0.079115,0.302727,5.916892,82.945618,21.366810,-0.043764,0.941599,0.072439,0.325927,4.952840,90.053680,22.254684,-0.014699,0.941551,0.046350,0.333343,2.949971,105.282356,23.921677,0.040499,0.972928,0.048246,0.222357,1.904583,123.043289,25.304382,0.034274,0.994760,-0.012883,0.095461,3.457775,136.731064,25.252720,-0.070174,0.887943,0.135115,0.434024,-0.974117,117.604675,23.031013,-0.609185,0.473959,-0.283155,0.569281,-11.175038,117.482697,9.897494,0.630704,-0.282716,0.284627,-0.664283,-1.503611,95.189110,5.075206,-0.586464,0.105357,-0.576141,0.559483,11.417439,81.189026,4.759332,-0.082682,0.919045,0.079320,0.377132,4.494925,117.582001,27.457016,0.566455,0.812600,0.136028,-0.017476,16.167149,119.114456,39.203239,0.630954,0.676356,0.305581,-0.225965,25.027784,96.424400,34.681587,-0.812802,-0.466273,-0.236944,0.256514,26.876045,83.420403,22.115812,0.054979,0.921019,0.138179,0.360010,-1.246229,82.614388,16.240889,0.060409,0.986251,0.031171,0.150623,-1.308646,49.129707,5.936699,-0.014895,0.969253,0.138821,0.202621,-6.351947,3.608575,2.275626,-0.033590,0.936535,-0.124078,0.326159,13.080013,83.276855,26.492733,0.057253,0.924344,-0.094376,0.365245,12.448606,49.400311,35.402550,-0.063034,0.868079,0.083597,0.485260,4.418034,4.574236,41.497231,-0.014895,0.969253,0.138821,0.202621,-0.725631,1.740381,-10.858089,-0.063034,0.868079,0.083597,0.485260,16.509676,1.698248,34.206074
297,2.475000,-0.045094,0.948701,0.078923,0.302826,5.923308,82.943893,21.370914,-0.043787,0.941574,0.072493,0.325986,4.959390,90.052330,22.255878,-0.014706,0.941535,0.046235,0.333404,2.955030,105.282173,23.924232,0.040521,0.972932,0.048151,0.222358,1.910677,123.043480,25.302908,0.034302,0.994765,-0.012962,0.095387,3.465027,136.731110,25.248814,-0.070129,0.887923,0.135145,0.434063,-0.968103,117.604568,23.030361,-0.609219,0.474012,-0.283196,0.569179,-11.168111,117.484573,9.896113,0.630741,-0.282700,0.284635,-0.664251,-1.500312,95.188858,5.076430,-0.586434,0.105412,-0.576106,0.559540,11.421899,81.187813,4.761856,-0.082710,0.919055,0.079292,0.377106,4.500370,117.582489,27.457069,0.566513,0.812551,0.136097,-0.017401,16.173100,119.116249,39.202621,0.631016,0.676350,0.305596,-0.225788,25.030661,96.424843,34.681709,-0.812844,-0.466193,-0.237051,0.256429,26.878887,83.418129,22.119791,0.055094,0.921035,0.138235,0.359931,-1.238686,82.611046,16.243521,0.060349,0.986269,0.031110,0.150548,-1.307928,49.128330,5.932996,-0.014989,0.969297,0.138870,0.202372,-6.346940,3.606182,2.278623,-0.033505,0.936546,-0.124057,0.326142,13.085301,83.276733,26.498308,0.057314,0.924481,-0.094348,0.364896,12.449017,49.399441,35.404945,-0.062973,0.868093,0.083673,0.485229,4.416564,4.573512,41.498196,-0.014989,0.969297,0.138870,0.202372,-0.726350,1.739999,-10.857836,-0.062973,0.868093,0.083673,0.485229,16.507504,1.698517,34.205475
298,2.483333,-0.045138,0.948664,0.078831,0.302959,5.932343,82.940742,21.374790,-0.043866,0.941562,0.072472,0.326014,4.968097,90.049332,22.258169,-0.014755,0.941538,0.046172,0.333401,2.961142,105.282440,23.925421,0.040584,0.972916,0.048176,0.222410,1.915898,123.043892,25.301424,0.034216,0.994759,-0.013175,0.095452,3.471852,136.731354,25.248510,-0.070130,0.888014,0.134972,0.433930,-0.962610,117.604492,23.029696,-0.609270,0.473971,-0.283143,0.569185,-11.166458,117.481148,9.898460,0.630762,-0.282701,0.284616,-0.664239,-1.495248,95.186874,5.078928,-0.586452,0.105361,-0.576153,0.559482,11.425473,81.188217,4.764270,-0.082701,0.919064,0.079276,0.377090,4.505865,117.583374,27.456409,0.566499,0.812583,0.135951,-0.017440,16.179047,119.117119,39.201511,0.631125,0.676238,0.305580,-0.225841,25.037279,96.425453,34.683186,-0.812877,-0.466254,-0.237046,0.256218,26.879454,83.420464,22.121370,0.055192,0.921068,0.138279,0.359813,-1.228165,82.606873,16.245386,0.060437,0.986280,0.031054,0.150450,-1.303930,49.125786,5.929624,-0.014856,0.969246,0.139009,0.202529,-6.352015,3.604287,2.279653,-0.033445,0.936522,-0.124047,0.326222,13.092850,83.274605,26.504194,0.057329,0.924365,-0.094336,0.365191,12.452073,49.396843,35.408749,-0.062945,0.868089,0.083764,0.485224,4.416781,4.570868,41.497967,-0.014856,0.969246,0.139009,0.202529,-0.728160,1.741216,-10.855848,-0.062945,0.868089,0.083764,0.485224,16.507677,1.697744,34.204437
299,2.491667,-0.045214,0.948663,0.078786,0.302964,5.938526,82.939735,21.378626,-0.043883,0.941571,0.072383,0.326006,4.973429,90.048332,22.261051,-0.014766,0.941544,0.046137,0.333389,2.966703,105.283127,23.925711,0.040593,0.972922,0.048054,0.222410,1.921535,123.044693,25.300413,0.034198,0.994757,-0.013206,0.095467,3.478468,136.732025,25.244287,-0.070185,0.888011,0.135092,0.433891,-0.957045,117.605125,23.029167,-0.609647,0.474146,-0.282807,0.568803,-11.161754,117.481735,9.898597,0.630979,-0.282785,0.284669,-0.663974,-1.489338,95.188164,5.078246,-0.586371,0.105563,-0.576148,0.559534,11.428447,81.186653,4.767963,-0.082662,0.919057,0.079259,0.377118,4.511547,117.584312,27.455738,0.566443,0.812629,0.135919,-0.017387,16.184231,119.116974,39.201485,0.631251,0.676082,0.305609,-0.225916,25.045725,96.425926,34.686516,-0.812702,-0.466606,-0.237161,0.256025,26.880642,83.424141,22.123676,0.055245,0.921079,0.138381,0.359739,-1.221806,82.604370,16.249073,0.060479,0.986222,0.030944,0.150832,-1.299176,49.125668,5.925566,-0.014893,0.969258,0.139048,0.202445,-6.351185,3.604010,2.283008,-0.033417,0.936538,-0.124076,0.326167,13.098858,83.275101,26.508179,0.057410,0.924410,-0.094292,0.365074,12.456102,49.397709,35.413986,-0.063026,0.868071,0.083795,0.485240,4.416144,4.571837,41.497761,-0.014893,0.969258,0.139048,0.202445,-0.729218,1.742270,-10.853493,-0.063026,0.868071,0.083795,0.485240,16.507933,1.700624,34.204956
300,2.500000,-0.045258,0.948703,0.079044,0.302764,5.938102,82.945480,21.377625,-0.043654,0.941605,0.072284,0.325958,4.971470,90.053429,22.263569,-0.014863,0.941540,0.046123,0.333397,2.973180,105.283890,23.927208,0.040485,0.972941,0.047996,0.222358,1.924883,123.045395,25.300261,0.034310,0.994762,-0.013324,0.095362,3.479209,136.733017,25.241789,-0.070178,0.888042,0.134972,0.433865,-0.952685,117.605125,23.029428,-0.609633,0.474085,-0.282846,0.568848,-11.158185,117.480026,9.899494,0.631011,-0.282787,0.284694,-0.663932,-1.484025,95.186859,5.080773,-0.586473,0.105751,-0.575914,0.559633,11.433085,81.184830,4.771839,-0.082678,0.919058,0.079304,0.377103,4.515782,117.585670,27.456158,0.566261,0.812743,0.136006,-0.017311,16.188759,119.118294,39.201618,0.631312,0.676068,0.305519,-0.225909,25.060600,96.430939,34.688404,-0.812957,-0.466165,-0.236910,0.256253,26.892853,83.426743,22.126812,0.055295,0.921057,0.138304,0.359817,-1.224296,82.610443,16.250937,0.059744,0.986552,0.031234,0.148899,-1.305974,49.130623,5.931082,-0.014720,0.969492,0.139334,0.201133,-6.294754,3.602511,2.282049,-0.033438,0.936516,-0.124181,0.326188,13.100500,83.280518,26.504314,0.057348,0.924152,-0.094273,0.365741,12.456497,49.405056,35.417389,-0.063126,0.868079,0.083630,0.485243,4.418000,4.578194,41.495831,-0.014720,0.969492,0.139334,0.201133,-0.707942,1.748384,-10.870516,-0.063126,0.868079,0.083630,0.485243,16.510080,1.704312,34.204559
301,2.508333,-0.045321,0.948671,0.079060,0.302851,5.945729,82.945396,21.377861,-0.043685,0.941600,0.072331,0.325959,4.978095,90.053223,22.263659,-0.014880,0.941550,0.046057,0.333377,2.978361,105.283966,23.928398,0.040549,0.972948,0.047904,0.222334,1.930315,123.045670,25.299063,0.034262,0.994767,-0.013371,0.095317,3.486847,136.733032,25.238441,-0.070189,0.888045,0.134977,0.433856,-0.947407,117.605118,23.029097,-0.609736,0.474175,-0.282803,0.568685,-11.153107,117.479706,9.899323,0.631049,-0.282698,0.284544,-0.663998,-1.481987,95.184914,5.082048,-0.586290,0.105384,-0.576427,0.559365,11.438157,81.190018,4.771491,-0.082559,0.919069,0.079160,0.377134,4.521244,117.586205,27.455599,0.566227,0.812850,0.135474,-0.017581,16.194096,119.116959,39.201420,0.631170,0.676155,0.305396,-0.226214,25.067347,96.429321,34.692417,-0.812957,-0.466211,-0.236819,0.256252,26.901064,83.429359,22.127382,0.055306,0.921020,0.138357,0.359889,-1.215636,82.609543,16.249786,0.060591,0.986144,0.030896,0.151310,-1.295827,49.130844,5.926308,-0.014672,0.969227,0.139063,0.202598,-6.356844,3.610167,2.284066,-0.033427,0.936460,-0.124169,0.326353,13.107094,83.281242,26.505936,0.057355,0.924018,-0.094297,0.366072,12.461095,49.405518,35.417835,-0.063070,0.868062,0.083648,0.485276,4.419094,4.579144,41.495190,-0.014672,0.969227,0.139063,0.202598,-0.732486,1.747553,-10.851282,-0.063070,0.868062,0.083648,0.485276,16.511389,1.704928,34.204411
302,2.516667,-0.045286,0.948704,0.079170,0.302723,5.946940,82.948616,21.377819,-0.043586,0.941615,0.072258,0.325944,4.979424,90.056244,22.265400,-0.014915,0.941543,0.046040,0.333399,2.983660,105.284904,23.928789,0.040512,0.972928,0.047878,0.222434,1.934610,123.046623,25.298464,0.034290,0.994748,-0.013474,0.095498,3.490479,136.734055,25.237175,-0.070178,0.888063,0.134917,0.433839,-0.942711,117.605804,23.028639,-0.609509,0.474086,-0.282700,0.569054,-11.148949,117.479729,9.899288,0.631018,-0.282620,0.284928,-0.663896,-1.470736,95.190697,5.069558,-0.586253,0.106640,-0.575444,0.560179,11.446201,81.185669,4.770918,-0.082676,0.919042,0.079266,0.377151,4.525717,117.587425,27.455420,0.566267,0.812822,0.135480,-0.017530,16.197508,119.120323,39.202015,0.631108,0.676225,0.305468,-0.226078,25.068647,96.431526,34.694656,-0.812884,-0.466086,-0.237175,0.256382,26.907148,83.432610,22.133360,0.055313,0.921040,0.138300,0.359859,-1.215851,82.613731,16.251675,0.059820,0.986580,0.031270,0.148672,-1.298348,49.133968,5.931639,-0.014655,0.969480,0.139351,0.201186,-6.294339,3.606898,2.279462,-0.033392,0.936416,-0.124195,0.326474,13.109732,83.283508,26.503965,0.057338,0.923990,-0.094309,0.366144,12.459634,49.408081,35.416706,-0.063048,0.868058,0.083662,0.485285,4.418191,4.581735,41.495037,-0.014655,0.969480,0.139351,0.201186,-0.706606,1.752888,-10.872726,-0.063048,0.868058,0.083662,0.485285,16.510506,1.707563,34.204281
303,2.525000,-0.045320,0.948707,0.079291,0.302679,5.949997,82.948494,21.379366,-0.043541,0.941633,0.072160,0.325920,4.981525,90.055794,22.268494,-0.014940,0.941550,0.046042,0.333378,2.987971,105.286011,23.929638,0.040560,0.972935,0.047776,0.222420,1.938080,123.047707,25.299084,0.034307,0.994747,-0.013564,0.095482,3.495821,136.734909,25.235308,-0.070203,0.888047,0.134872,0.433882,-0.939060,117.606697,23.029461,-0.609586,0.474170,-0.282631,0.568935,-11.143928,117.479469,9.899059,0.631064,-0.282499,0.284858,-0.663935,-1.467763,95.189682,5.068743,-0.586091,0.106301,-0.575845,0.560001,11.452664,81.189156,4.771548,-0.082508,0.919080,0.079052,0.377141,4.529553,117.588661,27.456015,0.566296,0.812820,0.135371,-0.017541,16.202515,119.119240,39.201748,0.631489,0.675774,0.305525,-0.226286,25.071966,96.429306,34.696781,-0.811444,-0.468399,-0.238310,0.255675,26.889341,83.435760,22.130119,0.055384,0.921001,0.138316,0.359941,-1.213209,82.613617,16.253801,0.059818,0.986528,0.031217,0.149030,-1.298915,49.134731,5.930970,-0.014707,0.969508,0.139314,0.201072,-6.294102,3.607336,2.281886,-0.033349,0.936379,-0.124243,0.326568,13.113204,83.283371,26.504930,0.057346,0.923994,-0.094273,0.366142,12.458296,49.408573,35.419708,-0.063057,0.868060,0.083676,0.485277,4.417374,4.581681,41.494717,-0.014707,0.969508,0.139314,0.201072,-0.709016,1.752599,-10.871323,-0.063057,0.868060,0.083676,0.485277,16.509666,1.707984,34.203739
304,2.533333,-0.045303,0.948695,0.079209,0.302741,5.955462,82.947609,21.380930,-0.043556,0.941611,0.072165,0.325980,4.987523,90.055122,22.268940,-0.014967,0.941529,0.045972,0.333445,2.993443,105.284843,23.929922,0.040506,0.972931,0.047777,0.222446,1.943402,123.046745,25.296623,0.034318,0.994748,-0.013648,0.095461,3.499746,136.734116,25.232622,-0.069999,0.888044,0.134986,0.433886,-0.933428,117.605415,23.027384,-0.609617,0.474159,-0.282689,0.568882,-11.139139,117.485893,9.897563,0.631048,-0.282605,0.284900,-0.663886,-1.464069,95.194817,5.070985,-0.586093,0.106404,-0.575927,0.559894,11.455459,81.188896,4.772434,-0.082459,0.919058,0.079008,0.377214,4.534553,117.587997,27.454721,0.566271,0.812831,0.135418,-0.017475,16.205961,119.117355,39.202164,0.631618,0.675635,0.305563,-0.226290,25.076939,96.427719,34.698708,-0.811298,-0.468667,-0.238447,0.255520,26.888126,83.436104,22.132298,0.055434,0.920996,0.138354,0.359933,-1.207110,82.612671,16.254482,0.059836,0.986522,0.031154,0.149074,-1.295152,49.134903,5.928034,-0.014767,0.969508,0.139386,0.201015,-6.292680,3.607333,2.284173,-0.033305,0.936420,-0.124262,0.326447,13.118034,83.282555,26.507378,0.057370,0.923976,-0.094272,0.366183,12.460988,49.407879,35.422478,-0.063084,0.868079,0.083704,0.485236,4.417767,4.581225,41.496197,-0.014767,0.969508,0.139386,0.201015,-0.708534,1.755011,-10.869778,-0.063084,0.868079,0.083704,0.485236,16.509634,1.708555,34.204098
305,2.541667,-0.045401,0.948688,0.079392,0.302699,5.960105,82.950439,21.380392,-0.043420,0.941605,0.072029,0.326047,4.990081,90.057411,22.270510,-0.014996,0.941491,0.046053,0.333540,3.001584,105.285072,23.928459,0.040510,0.972923,0.047672,0.222502,1.949446,123.046669,25.297413,0.034311,0.994745,-0.013731,0.095478,3.506639,136.733932,25.230742,-0.070017,0.888031,0.135024,0.433898,-0.926362,117.605362,23.026827,-0.609598,0.474158,-0.282750,0.568874,-11.131634,117.485939,9.896662,0.631179,-0.282568,0.285003,-0.663733,-1.458180,95.193771,5.071885,-0.586431,0.105394,-0.576643,0.558993,11.457480,81.189026,4.779869,-0.082578,0.919042,0.079056,0.377218,4.540712,117.587898,27.455286,0.566215,0.812859,0.135494,-0.017381,16.211361,119.120239,39.203091,0.631621,0.675632,0.305576,-0.226274,25.085678,96.431503,34.701672,-0.811250,-0.468783,-0.238415,0.255489,26.897070,83.439293,22.134861,0.055340,0.920975,0.138444,0.359967,-1.202752,82.614807,16.254387,0.060693,0.986159,0.030798,0.151188,-1.282045,49.138058,5.924556,-0.014699,0.969260,0.139025,0.202460,-6.354169,3.617963,2.290437,-0.033316,0.936335,-0.124301,0.326673,13.122962,83.286079,26.506397,0.057377,0.923873,-0.094243,0.366448,12.463520,49.412144,35.424118,-0.063150,0.868014,0.083639,0.485353,4.418960,4.585057,41.492863,-0.014699,0.969260,0.139025,0.202460,-0.733250,1.754494,-10.846265,-0.063150,0.868014,0.083639,0.485353,16.513029,1.711780,34.204655
306,2.550000,-0.045434,0.948672,0.079438,0.302731,5.964603,82.951782,21.379763,-0.043481,0.941590,0.071979,0.326093,4.993886,90.058594,22.270332,-0.014939,0.941477,0.046071,0.333579,3.004072,105.285957,23.926075,0.040458,0.972908,0.047641,0.222583,1.953571,123.047546,25.296303,0.034343,0.994730,-0.013797,0.095618,3.509685,136.734909,25.228661,-0.070069,0.888032,0.135034,0.433883,-0.922593,117.606697,23.025078,-0.609552,0.474047,-0.282841,0.568970,-11.128056,117.485809,9.895078,0.631084,-0.282481,0.284935,-0.663890,-1.451959,95.194138,5.073299,-0.586177,0.106085,-0.576230,0.559555,11.469047,81.190331,4.779084,-0.082555,0.919008,0.079109,0.377294,4.544133,117.588356,27.453959,0.566107,0.812922,0.135580,-0.017311,16.212992,119.119034,39.203758,0.631572,0.675722,0.305545,-0.226181,25.093477,96.432510,34.703384,-0.811759,-0.468146,-0.237921,0.255500,26.908535,83.438492,22.139685,0.055452,0.920974,0.138236,0.360033,-1.197860,82.615883,16.253223,0.059838,0.986606,0.031312,0.148487,-1.289013,49.135963,5.933794,-0.014652,0.969498,0.139439,0.201038,-6.286714,3.609333,2.278516,-0.033322,0.936314,-0.124347,0.326715,13.127067,83.287689,26.506302,0.057419,0.923824,-0.094207,0.366574,12.466599,49.414570,35.427055,-0.063502,0.867954,0.083216,0.485488,4.418809,4.587322,41.490303,-0.014652,0.969498,0.139439,0.201038,-0.702764,1.757861,-10.875636,-0.063502,0.867954,0.083216,0.485488,16.516356,1.708651,34.210007
307,2.558333,-0.045463,0.948654,0.079427,0.302787,5.969786,82.950745,21.383446,-0.043481,0.941555,0.071865,0.326219,4.998678,90.057549,22.273672,-0.014932,0.941425,0.046116,0.333720,3.009580,105.286873,23.926023,0.040477,0.972896,0.047604,0.222641,1.958573,123.048332,25.297678,0.034303,0.994734,-0.013903,0.095577,3.515507,136.735611,25.229317,-0.070129,0.888001,0.135097,0.433918,-0.916882,117.607674,23.025063,-0.609507,0.474003,-0.282932,0.569009,-11.121054,117.486153,9.894070,0.631102,-0.282385,0.284949,-0.663907,-1.445436,95.193756,5.074723,-0.586161,0.106103,-0.576264,0.559533,11.477346,81.191475,4.783283,-0.082633,0.918967,0.079231,0.377351,4.548521,117.588936,27.455574,0.565926,0.813016,0.135786,-0.017175,16.215530,119.120216,39.207123,0.631807,0.675494,0.305595,-0.226139,25.106350,96.437576,34.707607,-0.811622,-0.468424,-0.238075,0.255282,26.911222,83.443680,22.143726,0.055497,0.920968,0.138272,0.360027,-1.192028,82.614395,16.256037,0.059914,0.986542,0.031232,0.148896,-1.285154,49.135529,5.933214,-0.014508,0.969495,0.139468,0.201041,-6.289300,3.609270,2.282123,-0.033274,0.936313,-0.124373,0.326715,13.131600,83.287086,26.510855,0.057466,0.923794,-0.094171,0.366652,12.467402,49.414200,35.432224,-0.063184,0.867928,0.083714,0.485490,4.416392,4.586813,41.490162,-0.014508,0.969495,0.139468,0.201041,-0.706285,1.757806,-10.872420,-0.063184,0.867928,0.083714,0.485490,16.513113,1.715925,34.205425
308,2.566667,-0.046000,0.948664,0.079654,0.302615,5.991043,82.957901,21.370026,-0.043581,0.941545,0.072250,0.326150,5.011763,90.063469,22.261141,-0.014950,0.941431,0.046058,0.333711,3.016533,105.287125,23.923353,0.040479,0.972881,0.047344,0.222760,1.965650,123.048759,25.292843,0.034153,0.994716,-0.013641,0.095857,3.524422,136.735794,25.217793,-0.070060,0.888073,0.135009,0.433810,-0.909877,117.607841,23.020947,-0.609506,0.473906,-0.282927,0.569094,-11.117508,117.486443,9.892639,0.631025,-0.282359,0.285062,-0.663943,-1.437204,95.195946,5.073829,-0.586072,0.106074,-0.576239,0.559658,11.483106,81.192520,4.784539,-0.082651,0.918906,0.079237,0.377495,4.555604,117.589615,27.451366,0.565998,0.812986,0.135664,-0.017203,16.218891,119.120827,39.206623,0.631665,0.675714,0.305455,-0.226069,25.105684,96.436234,34.708942,-0.811647,-0.468358,-0.237967,0.255424,26.918190,83.439186,22.150087,0.055711,0.920985,0.137953,0.360073,-1.171749,82.613525,16.244511,0.059869,0.986548,0.031310,0.148860,-1.286370,49.130142,5.936552,-0.014727,0.969478,0.139671,0.200967,-6.285503,3.603834,2.279173,-0.032948,0.936265,-0.124586,0.326803,13.153836,83.302269,26.495541,0.057326,0.923692,-0.094276,0.366905,12.462485,49.431587,35.423199,-0.062911,0.868033,0.083347,0.485400,4.418119,4.604542,41.492516,-0.014727,0.969478,0.139671,0.200967,-0.702585,1.759353,-10.876396,-0.062911,0.868033,0.083347,0.485400,16.510586,1.720725,34.205822
309,2.575000,-0.045463,0.948597,0.079254,0.303012,5.979595,82.948044,21.383936,-0.043588,0.941494,0.071844,0.326386,5.009022,90.055244,22.271580,-0.014893,0.941373,0.046172,0.333860,3.016298,105.287621,23.922234,0.040251,0.972858,0.047556,0.222856,1.965758,123.048935,25.296083,0.034409,0.994695,-0.014019,0.095923,3.517327,136.736816,25.225576,-0.070107,0.887996,0.134946,0.433979,-0.909301,117.608749,23.021862,-0.609360,0.473690,-0.283146,0.569321,-11.111827,117.485985,9.889598,0.630779,-0.282406,0.285208,-0.664094,-1.427543,95.196083,5.076145,-0.585988,0.106061,-0.576164,0.559824,11.489761,81.187561,4.784850,-0.082613,0.918936,0.079239,0.377430,4.554809,117.589119,27.453964,0.566012,0.812947,0.135849,-0.017130,16.219944,119.119392,39.207508,0.631829,0.675614,0.305503,-0.225845,25.106049,96.434998,34.707512,-0.811705,-0.468369,-0.238069,0.255126,26.914906,83.432556,22.150539,0.055563,0.920929,0.138172,0.360153,-1.179823,82.611137,16.253212,0.059992,0.986508,0.031240,0.149085,-1.278380,49.130852,5.935028,-0.014770,0.969481,0.139611,0.200990,-6.288804,3.605503,2.281229,-0.033164,0.936284,-0.124300,0.326835,13.139012,83.284958,26.514658,0.057451,0.923821,-0.094257,0.366564,12.468111,49.410294,35.428757,-0.063068,0.868008,0.083852,0.485339,4.416031,4.584241,41.495152,-0.014770,0.969481,0.139611,0.200990,-0.705053,1.759576,-10.873784,-0.063068,0.868008,0.083852,0.485339,16.509857,1.715057,34.204941
310,2.583333,-0.045952,0.948673,0.079873,0.302537,5.993470,82.961296,21.365824,-0.043499,0.941506,0.072172,0.326290,5.013971,90.066422,22.260221,-0.014939,0.941355,0.046152,0.333912,3.022315,105.285492,23.920158,0.040182,0.972842,0.047597,0.222931,1.970386,123.046814,25.292730,0.034486,0.994682,-0.014089,0.096025,3.520007,136.734909,25.223091,-0.070069,0.887959,0.135015,0.434040,-0.904036,117.606285,23.018534,-0.609407,0.473731,-0.283109,0.569255,-11.104982,117.486000,9.885020,0.630950,-0.282360,0.285402,-0.663868,-1.421551,95.195732,5.071496,-0.586278,0.105203,-0.576732,0.559099,11.489604,81.187218,4.790410,-0.082667,0.918884,0.079193,0.377555,4.559570,117.587318,27.451262,0.566039,0.812909,0.135974,-0.017016,16.221273,119.119347,39.207985,0.631781,0.675666,0.305617,-0.225670,25.106043,96.434242,34.708893,-0.811606,-0.468498,-0.238300,0.254988,26.920017,83.430756,22.153702,0.055652,0.920881,0.137900,0.360369,-1.170227,82.618782,16.241449,0.059984,0.986488,0.031231,0.149225,-1.279154,49.133919,5.938244,-0.014634,0.969507,0.139534,0.200927,-6.288427,3.608432,2.284639,-0.032890,0.936215,-0.124617,0.326940,13.157168,83.303810,26.490196,0.057229,0.923551,-0.094321,0.367262,12.459952,49.433392,35.418396,-0.062890,0.868067,0.083225,0.485364,4.420001,4.606098,41.491707,-0.014634,0.969507,0.139534,0.200927,-0.707397,1.759575,-10.871117,-0.062890,0.868067,0.083225,0.485364,16.511408,1.718939,34.204571
311,2.591667,-0.045567,0.948534,0.079190,0.303208,5.992102,82.947044,21.382145,-0.043661,0.941434,0.071914,0.326535,5.020205,90.054253,22.268255,-0.014938,0.941323,0.046164,0.334001,3.024498,105.285439,23.919785,0.040203,0.972850,0.047473,0.222919,1.972314,123.046730,25.292665,0.034596,0.994689,-0.014072,0.095916,3.523207,136.734680,25.219791,-0.069985,0.887946,0.134958,0.434097,-0.901677,117.606270,23.017767,-0.609321,0.473578,-0.283225,0.569417,-11.101352,117.487923,9.883252,0.630812,-0.282352,0.285478,-0.663970,-1.414016,95.198753,5.072528,-0.586120,0.105206,-0.577081,0.558903,11.494678,81.189934,4.790869,-0.082652,0.918865,0.079270,0.377587,4.561085,117.587173,27.451532,0.565983,0.812964,0.135875,-0.017067,16.222069,119.117630,39.209171,0.631726,0.675674,0.305692,-0.225697,25.109922,96.433525,34.711163,-0.811761,-0.468371,-0.238244,0.254779,26.925940,83.432259,22.154291,0.055713,0.920973,0.138112,0.360042,-1.165051,82.608383,16.248381,0.060044,0.986461,0.031107,0.149406,-1.276023,49.128090,5.930357,-0.014891,0.969461,0.139721,0.201001,-6.291816,3.602558,2.286215,-0.033000,0.936332,-0.124368,0.326688,13.149256,83.285706,26.515907,0.057437,0.923843,-0.094238,0.366517,12.467462,49.411469,35.430794,-0.063242,0.868062,0.083809,0.485226,4.417485,4.584947,41.496510,-0.014891,0.969461,0.139721,0.201001,-0.706752,1.760402,-10.868767,-0.063242,0.868062,0.083809,0.485226,16.510530,1.717121,34.204472
312,2.600000,-0.046071,0.948601,0.079915,0.302734,6.005054,82.960785,21.364183,-0.043424,0.941435,0.072103,0.326522,5.023570,90.065659,22.258425,-0.014966,0.941266,0.046209,0.334155,3.033720,105.290176,23.917179,0.040222,0.972811,0.047218,0.223142,1.979842,123.051285,25.291040,0.034448,0.994666,-0.013875,0.096234,3.533173,136.738922,25.211950,-0.070127,0.887961,0.134987,0.434034,-0.893023,117.610786,23.014795,-0.609524,0.473579,-0.283416,0.569104,-11.093867,117.488358,9.881221,0.630761,-0.282345,0.284955,-0.664246,-1.411916,95.193405,5.086453,-0.585824,0.105848,-0.576388,0.559806,11.512819,81.190666,4.788766,-0.082626,0.918789,0.079305,0.377770,4.568288,117.591751,27.450350,0.566009,0.812924,0.136021,-0.016948,16.224810,119.120285,39.212669,0.631668,0.675703,0.305828,-0.225589,25.111425,96.435585,34.715191,-0.811649,-0.468480,-0.238452,0.254742,26.932013,83.434212,22.157511,0.055784,0.920832,0.137767,0.360523,-1.156351,82.616852,16.236700,0.060047,0.986539,0.031296,0.148851,-1.275437,49.130447,5.938608,-0.014919,0.969453,0.139750,0.201018,-6.290916,3.606019,2.280180,-0.032635,0.936204,-0.124995,0.326854,13.166459,83.304718,26.491669,0.057493,0.923560,-0.094555,0.367139,12.444588,49.439747,35.438572,-0.062730,0.867976,0.083091,0.485571,4.375316,4.619300,41.523563,-0.014919,0.969453,0.139750,0.201018,-0.705172,1.764826,-10.874654,-0.062730,0.867976,0.083091,0.485571,16.468674,1.726687,34.241833
313,2.608333,-0.046203,0.948459,0.079226,0.303339,6.023991,82.952347,21.374544,-0.043930,0.941339,0.072270,0.326693,5.043118,90.058632,22.258190,-0.014956,0.941257,0.046103,0.334194,3.035777,105.287575,23.916969,0.040241,0.972790,0.047270,0.223219,1.983455,123.049042,25.287357,0.034441,0.994656,-0.013882,0.096336,3.537116,136.736649,25.209969,-0.069981,0.887974,0.134866,0.434068,-0.889735,117.608391,23.011913,-0.609471,0.473482,-0.283451,0.569223,-11.090274,117.488647,9.878071,0.630834,-0.282281,0.285171,-0.664111,-1.404786,95.195183,5.083545,-0.586083,0.105047,-0.576983,0.559073,11.512939,81.193199,4.795027,-0.082735,0.918744,0.079367,0.377843,4.571212,117.589676,27.447922,0.565954,0.812965,0.136009,-0.016889,16.225313,119.120453,39.212353,0.631436,0.675870,0.305919,-0.225616,25.115061,96.436378,34.717945,-0.811756,-0.468268,-0.238361,0.254874,26.945362,83.441368,22.162060,0.056010,0.921052,0.137831,0.359901,-1.130742,82.603493,16.238085,0.060124,0.986446,0.031093,0.149477,-1.269691,49.120094,5.930472,-0.014801,0.969421,0.140019,0.200996,-6.292614,3.595358,2.286182,-0.032660,0.936266,-0.124564,0.326839,13.178724,83.301208,26.511005,0.057393,0.923626,-0.094241,0.367068,12.468636,49.428814,35.430687,-0.063128,0.867996,0.083502,0.485413,4.418710,4.601869,41.493332,-0.014801,0.969421,0.140019,0.200996,-0.708023,1.761156,-10.870120,-0.063128,0.867996,0.083502,0.485413,16.513243,1.724925,34.207336
314,2.616667,-0.046290,0.948447,0.079437,0.303306,6.030715,82.954254,21.370592,-0.043915,0.941320,0.072302,0.326742,5.047755,90.059937,22.256760,-0.015012,0.941229,0.046082,0.334273,3.040501,105.288124,23.916433,0.040233,0.972752,0.047331,0.223371,1.986428,123.049606,25.285376,0.034375,0.994637,-0.013939,0.096548,3.539770,136.737244,25.209927,-0.069996,0.887937,0.134879,0.434138,-0.885905,117.608536,23.009821,-0.609500,0.473418,-0.283464,0.569240,-11.084372,117.488922,9.874366,0.630790,-0.282291,0.285259,-0.664110,-1.396226,95.196136,5.082054,-0.585979,0.105061,-0.577149,0.559008,11.519814,81.191635,4.794928,-0.082739,0.918693,0.079406,0.377959,4.574276,117.590607,27.446777,0.565933,0.812963,0.136121,-0.016801,16.225428,119.120552,39.214237,0.631617,0.675731,0.305964,-0.225463,25.116535,96.436897,34.720379,-0.811656,-0.468483,-0.238588,0.254586,26.941378,83.436790,22.163910,0.056008,0.921056,0.137700,0.359942,-1.124228,82.605019,16.234449,0.060158,0.986475,0.031178,0.149255,-1.265965,49.119083,5.935127,-0.014998,0.969402,0.140061,0.201043,-6.291567,3.595212,2.283772,-0.032381,0.936244,-0.124955,0.326779,13.185659,83.303490,26.506733,0.057576,0.923547,-0.094495,0.367174,12.448826,49.436672,35.445404,-0.062992,0.867944,0.083130,0.485587,4.374345,4.616052,41.522186,-0.014998,0.969402,0.140061,0.201043,-0.704256,1.763268,-10.871690,-0.062992,0.867944,0.083130,0.485587,16.469837,1.728092,34.242146
315,2.625000,-0.046232,0.948458,0.079607,0.303238,6.031507,82.955429,21.367664,-0.043842,0.941308,0.072266,0.326795,5.048676,90.060799,22.256466,-0.015019,0.941198,0.046065,0.334363,3.044233,105.286263,23.915407,0.040181,0.972746,0.047277,0.223420,1.989999,123.047791,25.283600,0.034492,0.994631,-0.013879,0.096575,3.542345,136.735550,25.206503,-0.069996,0.887883,0.134916,0.434238,-0.881930,117.606674,23.007664,-0.609308,0.473273,-0.283663,0.569467,-11.077504,117.488182,9.869954,0.630553,-0.282138,0.285194,-0.664428,-1.388127,95.195480,5.079727,-0.585614,0.105956,-0.576328,0.560068,11.535888,81.191841,4.788826,-0.082768,0.918655,0.079366,0.378053,4.577403,117.588852,27.445662,0.565821,0.813037,0.136151,-0.016750,16.226028,119.119850,39.215488,0.631620,0.675739,0.305926,-0.225485,25.123478,96.438293,34.723537,-0.811576,-0.468585,-0.238596,0.254646,26.947937,83.437210,22.166676,0.056013,0.920912,0.137714,0.360302,-1.124255,82.607979,16.232544,0.060202,0.986413,0.031091,0.149660,-1.261911,49.122360,5.932122,-0.014855,0.969418,0.139947,0.201054,-6.291208,3.598469,2.286026,-0.032384,0.936227,-0.124971,0.326821,13.187270,83.302887,26.502785,0.057543,0.923501,-0.094545,0.367281,12.449852,49.436363,35.442532,-0.062928,0.867975,0.083082,0.485548,4.375801,4.616266,41.523708,-0.014855,0.969418,0.139947,0.201054,-0.704786,1.762492,-10.869248,-0.062928,0.867975,0.083082,0.485548,16.470108,1.726213,34.242531
316,2.633333,-0.046266,0.948373,0.079330,0.303571,6.040601,82.950058,21.368546,-0.044039,0.941240,0.072456,0.326921,5.058187,90.056015,22.253080,-0.015126,0.941168,0.046131,0.334435,3.045173,105.285538,23.915819,0.040038,0.972741,0.047469,0.223426,1.986437,123.046730,25.284836,0.034733,0.994625,-0.014132,0.096513,3.533832,136.735077,25.212049,-0.069956,0.887793,0.134769,0.434474,-0.883808,117.605057,23.008125,-0.609296,0.473273,-0.283675,0.569473,-11.072733,117.486885,9.865255,0.630630,-0.282111,0.285416,-0.664272,-1.383720,95.194023,5.075037,-0.585819,0.105009,-0.577106,0.559230,11.535230,81.187210,4.792715,-0.082772,0.918682,0.079435,0.377972,4.574802,117.588295,27.447016,0.565840,0.813029,0.136122,-0.016721,16.225437,119.118835,39.214909,0.631561,0.675799,0.305961,-0.225422,25.121889,96.436531,34.724785,-0.811456,-0.468789,-0.238740,0.254518,26.950127,83.434959,22.168674,0.056161,0.920931,0.137680,0.360244,-1.111543,82.601082,16.228489,0.060219,0.986410,0.031023,0.149685,-1.260198,49.115963,5.926592,-0.014800,0.969413,0.140081,0.200988,-6.291873,3.591868,2.286331,-0.032273,0.936196,-0.124876,0.326959,13.192746,83.299026,26.508600,0.057494,0.923430,-0.094570,0.367462,12.448925,49.430328,35.439568,-0.063001,0.867940,0.083219,0.485577,4.376967,4.610154,41.522968,-0.014800,0.969413,0.140081,0.200988,-0.707414,1.759401,-10.870268,-0.063001,0.867940,0.083219,0.485577,16.472599,1.724525,34.242237
317,2.641667,-0.045759,0.948237,0.078621,0.304255,6.034950,82.934425,21.387295,-0.044115,0.941169,0.072081,0.327199,5.061916,90.042679,22.263735,-0.015096,0.941125,0.046114,0.334558,3.048681,105.283447,23.915316,0.040021,0.972702,0.047540,0.223584,1.990976,123.044739,25.283987,0.034696,0.994608,-0.014179,0.096700,3.537740,136.733170,25.213390,-0.069926,0.887764,0.134716,0.434555,-0.879102,117.603264,23.006554,-0.609245,0.473173,-0.283760,0.569568,-11.065841,117.485641,9.861994,0.630538,-0.282089,0.285452,-0.664353,-1.374508,95.193253,5.074278,-0.585815,0.104903,-0.576976,0.559389,11.546621,81.183411,4.791432,-0.082793,0.918653,0.079287,0.378068,4.578354,117.586098,27.446859,0.565826,0.813040,0.136117,-0.016711,16.226471,119.118813,39.216953,0.631361,0.676000,0.305934,-0.225414,25.123734,96.436691,34.727509,-0.811569,-0.468557,-0.238572,0.254742,26.961561,83.432816,22.170570,0.055988,0.921102,0.138011,0.359706,-1.110690,82.591202,16.237820,0.060394,0.986447,0.030965,0.149387,-1.245747,49.111115,5.919398,-0.014755,0.969400,0.140079,0.201058,-6.295181,3.588641,2.283520,-0.032650,0.936297,-0.124241,0.326873,13.180590,83.277657,26.536768,0.057537,0.923724,-0.094247,0.366798,12.477025,49.399586,35.435402,-0.063433,0.867963,0.084022,0.485342,4.416524,4.574269,41.496037,-0.014755,0.969400,0.140079,0.201058,-0.709238,1.755854,-10.872399,-0.063433,0.867963,0.084022,0.485342,16.513294,1.714436,34.207031
318,2.650000,-0.045784,0.948268,0.079079,0.304038,6.035501,82.940186,21.381495,-0.043902,0.941157,0.071944,0.327294,5.060338,90.047363,22.264284,-0.015175,0.941050,0.046258,0.334745,3.054957,105.285736,23.913494,0.039948,0.972679,0.047411,0.223724,1.992613,123.046471,25.285854,0.034704,0.994596,-0.014139,0.096818,3.538455,136.734970,25.211672,-0.070027,0.887691,0.134698,0.434693,-0.875293,117.604866,23.006001,-0.609231,0.473122,-0.283820,0.569596,-11.057565,117.484787,9.857997,0.630523,-0.282041,0.285501,-0.664366,-1.365554,95.192177,5.072662,-0.585793,0.104752,-0.577112,0.559299,11.553904,81.184044,4.791945,-0.082791,0.918625,0.079398,0.378113,4.580372,117.587921,27.448507,0.565829,0.813012,0.136286,-0.016608,16.227367,119.118965,39.219933,0.631305,0.676034,0.306053,-0.225310,25.124640,96.436966,34.729904,-0.811420,-0.468764,-0.238759,0.254662,26.966661,83.434227,22.173822,0.055934,0.921002,0.137933,0.360002,-1.112427,82.598671,16.235079,0.060428,0.986435,0.030971,0.149453,-1.242660,49.116661,5.922850,-0.014645,0.969416,0.139935,0.201088,-6.294775,3.594595,2.285570,-0.032690,0.936245,-0.124375,0.326967,13.183429,83.281693,26.527908,0.057559,0.923728,-0.094244,0.366785,12.478455,49.406155,35.436035,-0.063216,0.867984,0.083881,0.485357,4.416233,4.581022,41.495750,-0.014645,0.969416,0.139935,0.201088,-0.709004,1.757097,-10.869767,-0.063216,0.867984,0.083881,0.485357,16.511431,1.714644,34.206707
319,2.658333,-0.045792,0.948226,0.079095,0.304161,6.040765,82.940994,21.379620,-0.044003,0.941117,0.071988,0.327385,5.065301,90.048126,22.262463,-0.015155,0.941023,0.046284,0.334820,3.056374,105.286217,23.911734,0.039953,0.972653,0.047418,0.223834,1.994273,123.046875,25.285122,0.034697,0.994582,-0.014133,0.096965,3.540401,136.735352,25.211424,-0.070060,0.887621,0.134736,0.434818,-0.873413,117.605507,23.004448,-0.609281,0.473122,-0.283740,0.569582,-11.051916,117.485725,9.853524,0.630680,-0.281938,0.285533,-0.664247,-1.357670,95.194389,5.066796,-0.585906,0.104748,-0.577091,0.559203,11.564825,81.185898,4.792420,-0.082767,0.918602,0.079380,0.378178,4.581550,117.588112,27.447817,0.565753,0.813048,0.136398,-0.016503,16.227032,119.118431,39.220833,0.631242,0.676103,0.306084,-0.225233,25.128723,96.437851,34.732349,-0.811390,-0.468733,-0.238823,0.254755,26.974777,83.435097,22.178179,0.055911,0.921014,0.137889,0.359992,-1.105829,82.599632,16.231340,0.060509,0.986370,0.030915,0.149858,-1.235876,49.116585,5.922474,-0.014560,0.969420,0.139941,0.201073,-6.294667,3.595108,2.287081,-0.032702,0.936198,-0.124392,0.327093,13.187359,83.282356,26.527899,0.057561,0.923669,-0.094242,0.366936,12.481583,49.407162,35.437298,-0.063338,0.867994,0.083818,0.485335,4.418324,4.582003,41.495426,-0.014560,0.969420,0.139941,0.201073,-0.709910,1.757292,-10.868647,-0.063338,0.867994,0.083818,0.485335,16.513824,1.715803,34.206806
320,2.666667,-0.045771,0.948179,0.078946,0.304350,6.045916,82.938942,21.379986,-0.044129,0.941081,0.072079,0.327452,5.071223,90.046440,22.260695,-0.015114,0.941018,0.046143,0.334855,3.057931,105.281387,23.910902,0.039915,0.972625,0.047551,0.223934,1.998850,123.042557,25.280005,0.034705,0.994567,-0.014105,0.097127,3.543322,136.731247,25.209883,-0.069937,0.887602,0.134771,0.434866,-0.869632,117.601158,23.000422,-0.609222,0.472925,-0.283954,0.569701,-11.047314,117.485771,9.848827,0.630517,-0.281956,0.285525,-0.664398,-1.349840,95.194038,5.070488,-0.585809,0.104748,-0.577147,0.559247,11.574214,81.183548,4.792027,-0.082908,0.918537,0.079350,0.378312,4.585018,117.583862,27.444172,0.565826,0.813033,0.136168,-0.016620,16.226349,119.118324,39.220749,0.630917,0.676416,0.306061,-0.225236,25.123749,96.435814,34.733528,-0.811555,-0.468445,-0.238694,0.254879,26.984634,83.434029,22.181149,0.056024,0.920879,0.137863,0.360329,-1.098684,82.597443,16.228952,0.060531,0.986419,0.030919,0.149524,-1.232911,49.114769,5.918910,-0.014835,0.969404,0.139899,0.201156,-6.294861,3.593561,2.284580,-0.032677,0.936212,-0.124377,0.327062,13.190516,83.280449,26.531019,0.057588,0.923650,-0.094220,0.366984,12.483751,49.404877,35.438896,-0.063266,0.867960,0.083881,0.485394,4.418604,4.579628,41.493835,-0.014835,0.969404,0.139899,0.201156,-0.705968,1.756083,-10.869430,-0.063266,0.867960,0.083881,0.485394,16.514740,1.713991,34.206055
321,2.675000,-0.045449,0.948228,0.078996,0.304232,6.032951,82.944122,21.376295,-0.043764,0.941112,0.072042,0.327420,5.062547,90.051933,22.259237,-0.015177,0.941015,0.046099,0.334866,3.061595,105.277824,23.911064,0.039910,0.972587,0.047571,0.224094,2.000913,123.039070,25.277918,0.034612,0.994540,-0.014104,0.097432,3.545401,136.727753,25.208694,-0.069884,0.887563,0.134695,0.434978,-0.867025,117.597130,22.998934,-0.609212,0.472873,-0.283939,0.569763,-11.041720,117.482819,9.845020,0.630487,-0.281873,0.285678,-0.664396,-1.341365,95.192459,5.066142,-0.585814,0.104386,-0.577169,0.559287,11.581742,81.179779,4.793161,-0.083006,0.918517,0.079257,0.378358,4.587499,117.580864,27.442842,0.565740,0.813077,0.136277,-0.016517,16.227127,119.119308,39.220585,0.631022,0.676371,0.306037,-0.225111,25.129499,96.438431,34.735012,-0.811420,-0.468620,-0.238880,0.254813,26.987928,83.431419,22.183409,0.055737,0.920739,0.137870,0.360727,-1.113424,82.608063,16.227369,0.060595,0.986447,0.030982,0.149299,-1.224552,49.123280,5.923902,-0.014545,0.969457,0.139602,0.201131,-6.292199,3.603137,2.284167,-0.032951,0.936175,-0.124362,0.327147,13.179328,83.280190,26.525223,0.057668,0.923727,-0.094243,0.366772,12.490107,49.405613,35.438263,-0.063152,0.867944,0.083900,0.485433,4.418784,4.581609,41.494228,-0.014545,0.969457,0.139602,0.201131,-0.706419,1.755637,-10.869763,-0.063152,0.867944,0.083900,0.485433,16.514843,1.714828,34.206779
322,2.683333,-0.045628,0.948161,0.078951,0.304425,6.048517,82.937325,21.376259,-0.044193,0.941107,0.071765,0.327437,5.075682,90.044998,22.257593,-0.014825,0.941046,0.046417,0.334752,3.064844,105.272415,23.897150,0.039712,0.972585,0.047645,0.224122,2.012344,123.032990,25.279015,0.034534,0.994517,-0.014134,0.097695,3.551154,136.722321,25.210623,-0.069852,0.887478,0.134792,0.435125,-0.858618,117.594193,22.996319,-0.609023,0.472839,-0.284175,0.569876,-11.029207,117.483093,9.839196,0.630399,-0.281792,0.285746,-0.664485,-1.333898,95.189941,5.063090,-0.585800,0.104337,-0.577132,0.559349,11.590237,81.176659,4.791839,-0.083233,0.918391,0.079155,0.378635,4.597134,117.571854,27.438698,0.565779,0.813041,0.136331,-0.016511,16.228537,119.117439,39.223637,0.631056,0.676321,0.306125,-0.225046,25.128757,96.436020,34.736530,-0.811318,-0.468882,-0.239021,0.254522,26.986879,83.428131,22.183426,0.055917,0.920839,0.137834,0.360458,-1.095503,82.598351,16.224251,0.060652,0.986428,0.030929,0.149416,-1.222152,49.114300,5.918602,-0.014574,0.969415,0.139772,0.201211,-6.295225,3.594485,2.282312,-0.032728,0.936167,-0.124371,0.327188,13.192537,83.276299,26.528267,0.057619,0.923608,-0.094256,0.367075,12.488083,49.400852,35.436802,-0.063234,0.867930,0.083887,0.485451,4.418473,4.576567,41.492958,-0.014574,0.969415,0.139772,0.201211,-0.706965,1.751914,-10.871262,-0.063234,0.867930,0.083887,0.485451,16.515345,1.710623,34.206516
323,2.691667,-0.045394,0.948158,0.078767,0.304520,6.041586,82.939003,21.375034,-0.043849,0.941048,0.072117,0.327575,5.072665,90.047409,22.254818,-0.015167,0.940973,0.046117,0.334982,3.068160,105.273392,23.907690,0.039792,0.972534,0.047663,0.224326,2.007437,123.034584,25.275139,0.034573,0.994505,-0.014106,0.097804,3.548618,136.723648,25.208214,-0.069933,0.887367,0.134706,0.435366,-0.860031,117.592796,22.995188,-0.609086,0.472764,-0.284189,0.569864,-11.023252,117.479408,9.832400,0.630470,-0.281827,0.285898,-0.664337,-1.324841,95.186821,5.059987,-0.585901,0.104670,-0.576825,0.559497,11.596045,81.168785,4.793866,-0.083046,0.918412,0.079180,0.378620,4.593400,117.576241,27.440435,0.565767,0.813046,0.136359,-0.016459,16.226233,119.115898,39.224728,0.630935,0.676438,0.306177,-0.224961,25.127220,96.434509,34.738995,-0.811248,-0.468917,-0.239165,0.254544,26.992229,83.426651,22.187441,0.055817,0.920651,0.137833,0.360954,-1.101797,82.603096,16.221947,0.060694,0.986444,0.030916,0.149293,-1.216442,49.118225,5.918812,-0.014482,0.969450,0.139560,0.201197,-6.293949,3.598800,2.283772,-0.032874,0.936145,-0.124313,0.327259,13.184969,83.274910,26.528124,0.057653,0.923594,-0.094262,0.367104,12.490761,49.399124,35.436172,-0.063079,0.867936,0.083904,0.485456,4.417919,4.575297,41.491394,-0.014482,0.969450,0.139560,0.201197,-0.706966,1.749733,-10.869429,-0.063079,0.867936,0.083904,0.485456,16.513870,1.707609,34.204121
324,2.700000,-0.045356,0.948143,0.078928,0.304529,6.044048,82.940781,21.371206,-0.043954,0.941067,0.071924,0.327547,5.074942,90.048866,22.253340,-0.014933,0.940998,0.046332,0.334893,3.070458,105.267143,23.898710,0.039653,0.972546,0.047671,0.224296,2.015153,123.027885,25.276270,0.034533,0.994497,-0.014097,0.097898,3.552522,136.717377,25.208637,-0.069846,0.887329,0.134636,0.435479,-0.854371,117.588196,22.993902,-0.608984,0.472692,-0.284287,0.569984,-11.014746,117.476929,9.828894,0.630332,-0.281680,0.285915,-0.664523,-1.315706,95.184448,5.057246,-0.585676,0.104426,-0.577046,0.559550,11.606461,81.170586,4.791807,-0.083277,0.918338,0.079068,0.378773,4.600001,117.567589,27.437979,0.565771,0.813026,0.136472,-0.016349,16.227701,119.115112,39.226311,0.631106,0.676204,0.306375,-0.224917,25.128607,96.433434,34.741867,-0.810906,-0.469597,-0.239554,0.254016,26.986420,83.428406,22.187416,0.055731,0.920593,0.137770,0.361139,-1.099292,82.606400,16.217958,0.060771,0.986458,0.030939,0.149166,-1.208020,49.119648,5.920874,-0.014457,0.969470,0.139415,0.201202,-6.292664,3.601223,2.283352,-0.032894,0.936108,-0.124340,0.327351,13.187387,83.275162,26.524454,0.057677,0.923557,-0.094287,0.367186,12.492998,49.399944,35.434647,-0.063161,0.867909,0.083773,0.485518,4.416742,4.576802,41.490372,-0.014457,0.969470,0.139415,0.201202,-0.705876,1.747904,-10.869333,-0.063161,0.867909,0.083773,0.485518,16.513912,1.707043,34.205933
325,2.708333,-0.045296,0.948127,0.079032,0.304562,6.046664,82.942459,21.369596,-0.043765,0.941002,0.072089,0.327724,5.077887,90.050385,22.253382,-0.015227,0.940907,0.046121,0.335164,3.076403,105.272331,23.905485,0.039745,0.972496,0.047702,0.224491,2.013349,123.033455,25.272167,0.034494,0.994494,-0.014053,0.097948,3.553328,136.722656,25.206396,-0.069973,0.887266,0.134605,0.435596,-0.852675,117.591324,22.991198,-0.609026,0.472617,-0.284333,0.569978,-11.009063,117.476509,9.823145,0.630584,-0.281756,0.286130,-0.664159,-1.307816,95.184090,5.055698,-0.586096,0.105293,-0.576229,0.559790,11.613629,81.158104,4.800050,-0.083117,0.918335,0.079177,0.378793,4.599014,117.575409,27.438587,0.565808,0.813011,0.136402,-0.016385,16.227091,119.116631,39.227371,0.630730,0.676564,0.306329,-0.224952,25.125868,96.434059,34.743202,-0.811030,-0.469341,-0.239272,0.254358,27.000401,83.429718,22.189913,0.055801,0.920447,0.137692,0.361530,-1.096419,82.609695,16.215887,0.060790,0.986412,0.030900,0.149471,-1.207282,49.121986,5.921947,-0.014491,0.969481,0.139322,0.201211,-6.293005,3.603545,2.286147,-0.032925,0.936097,-0.124363,0.327373,13.189747,83.275230,26.523308,0.057711,0.923571,-0.094290,0.367146,12.496614,49.400543,35.435631,-0.063074,0.867922,0.083792,0.485502,4.417700,4.577804,41.490807,-0.014491,0.969481,0.139322,0.201211,-0.705860,1.747778,-10.866041,-0.063074,0.867922,0.083792,0.485502,16.514076,1.707289,34.205349
326,2.716667,-0.045489,0.948102,0.079153,0.304577,6.056277,82.945595,21.364176,-0.043929,0.941011,0.071994,0.327698,5.084330,90.052994,22.248732,-0.014999,0.940929,0.046340,0.335083,3.080337,105.265427,23.895439,0.039524,0.972501,0.047773,0.224493,2.022446,123.026070,25.272270,0.034472,0.994479,-0.014034,0.098114,3.556089,136.716003,25.207052,-0.069921,0.887204,0.134743,0.435688,-0.845523,117.586014,22.988813,-0.608887,0.472600,-0.284461,0.570078,-10.999480,117.475319,9.818846,0.630579,-0.281574,0.286173,-0.664222,-1.301029,95.181671,5.051450,-0.586059,0.105147,-0.576333,0.559750,11.622557,81.159279,4.800745,-0.083409,0.918227,0.079103,0.379004,4.607028,117.566109,27.435129,0.565781,0.813012,0.136523,-0.016310,16.228167,119.116302,39.229584,0.630571,0.676710,0.306386,-0.224882,25.128609,96.434433,34.745209,-0.811100,-0.469093,-0.239271,0.254594,27.011326,83.432274,22.194757,0.055783,0.920412,0.137647,0.361640,-1.086336,82.610306,16.209976,0.060918,0.986421,0.030865,0.149362,-1.195940,49.121586,5.919309,-0.014541,0.969461,0.139280,0.201334,-6.294195,3.604394,2.285474,-0.032860,0.936095,-0.124473,0.327343,13.198892,83.280891,26.518375,0.057695,0.923418,-0.094285,0.367533,12.499239,49.407837,35.436394,-0.063106,0.867911,0.083564,0.485557,4.419269,4.584843,41.488300,-0.014541,0.969461,0.139280,0.201334,-0.703515,1.747687,-10.865084,-0.063106,0.867911,0.083564,0.485557,16.516171,1.709204,34.205730
327,2.725000,-0.045438,0.948121,0.079382,0.304467,6.055547,82.948364,21.360029,-0.043669,0.940948,0.072150,0.327878,5.083402,90.055298,22.248035,-0.015267,0.940820,0.046148,0.335404,3.084620,105.271088,23.901884,0.039747,0.972429,0.047796,0.224763,2.019528,123.032082,25.268713,0.034363,0.994471,-0.014011,0.098236,3.559427,136.721313,25.206100,-0.070100,0.887154,0.134618,0.435801,-0.844917,117.589828,22.986061,-0.608944,0.472510,-0.284461,0.570090,-10.994774,117.472649,9.812985,0.630565,-0.281507,0.286232,-0.664239,-1.292135,95.180168,5.048634,-0.585956,0.105164,-0.576318,0.559869,11.632442,81.156944,4.800686,-0.083103,0.918240,0.079174,0.379027,4.604494,117.574142,27.436245,0.565610,0.813095,0.136756,-0.016113,16.226746,119.114067,39.230953,0.630711,0.676567,0.306464,-0.224811,25.137058,96.435570,34.749050,-0.810999,-0.469301,-0.239369,0.254441,27.014696,83.431755,22.196884,0.055739,0.920304,0.137592,0.361942,-1.088333,82.614975,16.207460,0.060921,0.986429,0.030919,0.149301,-1.193177,49.124859,5.921303,-0.014471,0.969497,0.139132,0.201265,-6.291112,3.607997,2.282869,-0.032896,0.936039,-0.124508,0.327486,13.199428,83.281746,26.512600,0.057687,0.923405,-0.094301,0.367562,12.499966,49.409470,35.433567,-0.062894,0.867880,0.083585,0.485636,4.419980,4.586667,41.486858,-0.014471,0.969497,0.139132,0.201265,-0.702917,1.746736,-10.868099,-0.062894,0.867880,0.083585,0.485636,16.516790,1.708555,34.205105
328,2.733333,-0.045318,0.948098,0.079326,0.304571,6.057728,82.946884,21.357273,-0.043685,0.940910,0.072209,0.327971,5.087366,90.054108,22.244946,-0.015205,0.940790,0.046111,0.335494,3.087485,105.268768,23.900036,0.039720,0.972398,0.047853,0.224887,2.024814,123.029945,25.266275,0.034265,0.994459,-0.013978,0.098394,3.563863,136.719284,25.205320,-0.070151,0.887102,0.134683,0.435877,-0.840031,117.588066,22.983219,-0.608788,0.472304,-0.284662,0.570328,-10.987445,117.470787,9.808265,0.630427,-0.281499,0.286266,-0.664358,-1.280827,95.179153,5.048054,-0.586029,0.105091,-0.576245,0.559881,11.644075,81.154419,4.798309,-0.083174,0.918175,0.079174,0.379167,4.608560,117.571663,27.434402,0.565748,0.812997,0.136767,-0.016115,16.226883,119.113220,39.232761,0.630555,0.676722,0.306533,-0.224689,25.129486,96.431946,34.749649,-0.811003,-0.469324,-0.239412,0.254345,27.016529,83.426025,22.197826,0.055549,0.920218,0.137690,0.362152,-1.085232,82.615356,16.203308,0.061817,0.986108,0.030526,0.151120,-1.173002,49.125652,5.915653,-0.014584,0.969281,0.138724,0.202579,-6.350643,3.616673,2.291147,-0.032934,0.935991,-0.124509,0.327618,13.200686,83.278412,26.511236,0.057727,0.923433,-0.094324,0.367480,12.502399,49.406330,35.433037,-0.062780,0.867906,0.083597,0.485602,4.418776,4.584354,41.487576,-0.014584,0.969281,0.138724,0.202579,-0.727812,1.743980,-10.843426,-0.062780,0.867906,0.083597,0.485602,16.514297,1.704928,34.204205
329,2.741667,-0.045352,0.948110,0.079051,0.304601,6.066442,82.943497,21.352221,-0.043774,0.940861,0.072505,0.328035,5.096777,90.051308,22.235975,-0.015301,0.940752,0.046117,0.335595,3.090795,105.267776,23.898937,0.039675,0.972401,0.047807,0.224895,2.024670,123.028824,25.264111,0.034284,0.994468,-0.013920,0.098310,3.562819,136.718246,25.201666,-0.070238,0.887003,0.134695,0.436062,-0.838696,117.586342,22.980663,-0.608810,0.472266,-0.284712,0.570311,-10.980345,117.467712,9.801282,0.630399,-0.281480,0.286311,-0.664373,-1.273329,95.175560,5.044367,-0.585931,0.105199,-0.576221,0.559989,11.650174,81.151199,4.795751,-0.083136,0.918164,0.079147,0.379208,4.608896,117.571114,27.433073,0.565775,0.813001,0.136623,-0.016199,16.226397,119.111717,39.232368,0.630707,0.676813,0.305984,-0.224735,25.127310,96.429695,34.749691,-0.810771,-0.469635,-0.239126,0.254779,27.006916,83.411987,22.204983,0.055663,0.920211,0.137650,0.362167,-1.076131,82.609962,16.197851,0.061823,0.986093,0.030472,0.151227,-1.172063,49.120354,5.909949,-0.014587,0.969273,0.138784,0.202572,-6.350601,3.611141,2.289660,-0.032826,0.935926,-0.124546,0.327800,13.209015,83.277039,26.506592,0.057768,0.923626,-0.094321,0.366989,12.501062,49.405098,35.428192,-0.062864,0.867899,0.083516,0.485618,4.417285,4.583514,41.485439,-0.014587,0.969273,0.138784,0.202572,-0.727873,1.740186,-10.845205,-0.062864,0.867899,0.083516,0.485618,16.513426,1.703291,34.203411
330,2.750000,-0.045355,0.948088,0.078947,0.304695,6.069028,82.941345,21.352383,-0.043823,0.940816,0.072495,0.328161,5.099690,90.049385,22.234600,-0.015188,0.940709,0.046065,0.335728,3.092020,105.266991,23.896637,0.039622,0.972368,0.047919,0.225021,2.030132,123.028336,25.261276,0.034197,0.994459,-0.013924,0.098429,3.566402,136.717987,25.201836,-0.070292,0.886993,0.134676,0.436079,-0.834031,117.586563,22.977133,-0.608676,0.472110,-0.284858,0.570510,-10.974914,117.466209,9.797180,0.630250,-0.281433,0.286413,-0.664491,-1.264744,95.174942,5.042533,-0.585869,0.105069,-0.576289,0.560008,11.656569,81.150543,4.794665,-0.083186,0.918127,0.079167,0.379282,4.612359,117.569984,27.431011,0.565874,0.812925,0.136685,-0.016033,16.227718,119.111565,39.232288,0.630627,0.676859,0.306147,-0.224601,25.123394,96.426620,34.753990,-0.810760,-0.469573,-0.239316,0.254751,27.008924,83.409363,22.209089,0.055640,0.920196,0.137689,0.362196,-1.072537,82.607338,16.196644,0.061930,0.986085,0.030426,0.151246,-1.165650,49.118294,5.906851,-0.014511,0.969262,0.138717,0.202675,-6.354396,3.610039,2.289184,-0.032826,0.935879,-0.124522,0.327943,13.210593,83.275345,26.508123,0.057664,0.923306,-0.094360,0.367801,12.501827,49.402985,35.428040,-0.063010,0.867890,0.083542,0.485611,4.420220,4.580969,41.484989,-0.014511,0.969262,0.138717,0.202675,-0.729593,1.736724,-10.844459,-0.063010,0.867890,0.083542,0.485611,16.517296,1.703428,34.203453
331,2.758333,-0.045383,0.948084,0.079081,0.304671,6.072156,82.943283,21.348425,-0.043794,0.940784,0.072533,0.328247,5.101883,90.050980,22.232380,-0.015186,0.940664,0.046128,0.335847,3.094819,105.266190,23.895382,0.039543,0.972360,0.047819,0.225093,2.032073,123.027336,25.262018,0.034144,0.994457,-0.013860,0.098477,3.566952,136.717133,25.199581,-0.070460,0.886826,0.134844,0.436339,-0.831354,117.585770,22.976456,-0.608582,0.472147,-0.285009,0.570505,-10.963922,117.464447,9.790115,0.630268,-0.281244,0.286387,-0.664564,-1.259753,95.170074,5.037745,-0.585785,0.105108,-0.576182,0.560199,11.665667,81.150368,4.793473,-0.083179,0.918069,0.079181,0.379423,4.613906,117.568779,27.431715,0.565870,0.812914,0.136761,-0.016051,16.225756,119.109428,39.236572,0.630481,0.676959,0.306263,-0.224551,25.121609,96.425110,34.755451,-0.810733,-0.469569,-0.239439,0.254727,27.014309,83.411560,22.211838,0.055641,0.920133,0.137629,0.362378,-1.069624,82.609520,16.192966,0.061905,0.986132,0.030464,0.150940,-1.162376,49.119350,5.906854,-0.014397,0.969277,0.138720,0.202612,-6.349481,3.611025,2.287651,-0.032835,0.935887,-0.124590,0.327893,13.213936,83.277046,26.503881,0.057779,0.923610,-0.094331,0.367026,12.504678,49.405910,35.428429,-0.062883,0.867921,0.083410,0.485594,4.419389,4.584620,41.485809,-0.014397,0.969277,0.138720,0.202612,-0.727174,1.737167,-10.846984,-0.062883,0.867921,0.083410,0.485594,16.514992,1.702044,34.203812
332,2.766667,-0.045400,0.948022,0.079044,0.304871,6.077701,82.941032,21.346745,-0.043805,0.940754,0.072589,0.328321,5.107166,90.048790,22.229906,-0.015156,0.940651,0.046141,0.335883,3.099032,105.264214,23.894295,0.039765,0.972345,0.047821,0.225118,2.037087,123.025345,25.261677,0.033820,0.994472,-0.013866,0.098431,3.577930,136.714478,25.200686,-0.070502,0.886770,0.134894,0.436431,-0.826451,117.584023,22.975655,-0.608425,0.472063,-0.285132,0.570680,-10.956156,117.462715,9.787117,0.630102,-0.281222,0.286524,-0.664673,-1.251508,95.168610,5.034526,-0.585709,0.104882,-0.576326,0.560172,11.669968,81.148132,4.791141,-0.083250,0.918011,0.079190,0.379544,4.618488,117.566551,27.431303,0.565878,0.812887,0.136905,-0.015913,16.226896,119.108757,39.239334,0.630171,0.677160,0.306465,-0.224538,25.122511,96.424057,34.759716,-0.810693,-0.469357,-0.239585,0.255108,27.028889,83.420097,22.218513,0.055669,0.920131,0.137647,0.362372,-1.061903,82.607101,16.188286,0.062037,0.986111,0.030354,0.151046,-1.156048,49.117489,5.900384,-0.014523,0.969247,0.138756,0.202724,-6.356229,3.610060,2.288761,-0.032837,0.935827,-0.124576,0.328072,13.217304,83.274963,26.505205,0.057800,0.923559,-0.094359,0.367144,12.506808,49.403595,35.428776,-0.063019,0.867904,0.083407,0.485608,4.418008,4.583016,41.486771,-0.014523,0.969247,0.138756,0.202724,-0.730028,1.737878,-10.844443,-0.063019,0.867904,0.083407,0.485608,16.514755,1.702275,34.205952
333,2.775000,-0.045432,0.947965,0.078838,0.305094,6.087493,82.937386,21.344900,-0.044039,0.940708,0.072550,0.328429,5.117211,90.045570,22.224886,-0.014943,0.940629,0.046402,0.335916,3.102829,105.257889,23.885227,0.039617,0.972367,0.047751,0.225060,2.044863,123.018394,25.263870,0.033618,0.994489,-0.013809,0.098337,3.582073,136.707932,25.199974,-0.070382,0.886783,0.134890,0.436425,-0.819800,117.579185,22.974241,-0.608342,0.472089,-0.285139,0.570743,-10.950239,117.461288,9.786240,0.629927,-0.280923,0.286678,-0.664899,-1.246998,95.167236,5.030466,-0.585169,0.104819,-0.576355,0.560718,11.676299,81.150833,4.794053,-0.083375,0.917928,0.079039,0.379750,4.624912,117.557632,27.430147,0.565844,0.812896,0.136994,-0.015922,16.227404,119.104805,39.243336,0.630095,0.677234,0.306471,-0.224522,25.124916,96.421364,34.761055,-0.810729,-0.469198,-0.239575,0.255293,27.034960,83.418228,22.221066,0.055811,0.920179,0.137602,0.362245,-1.049654,82.602173,16.183130,0.061997,0.986109,0.030290,0.151089,-1.155517,49.112804,5.894536,-0.014412,0.969234,0.138989,0.202631,-6.352871,3.604558,2.289046,-0.032823,0.935796,-0.124648,0.328133,13.224641,83.272591,26.506668,0.057811,0.923330,-0.094330,0.367726,12.510927,49.402428,35.434517,-0.063007,0.867881,0.083537,0.485629,4.418387,4.581449,41.484531,-0.014412,0.969234,0.138989,0.202631,-0.729651,1.738377,-10.846284,-0.063007,0.867881,0.083537,0.485629,16.515720,1.703768,34.203487
334,2.783333,-0.045397,0.947964,0.078947,0.305074,6.088204,82.936424,21.342247,-0.043873,0.940651,0.072759,0.328567,5.117947,90.044418,22.223892,-0.015188,0.940553,0.046170,0.336152,3.105324,105.261505,23.892269,0.039743,0.972307,0.047814,0.225286,2.041568,123.022507,25.259945,0.033577,0.994477,-0.013794,0.098480,3.582148,136.711670,25.199038,-0.070720,0.886610,0.134940,0.436706,-0.820340,117.581139,22.972000,-0.608319,0.471920,-0.285246,0.570855,-10.941015,117.455696,9.776579,0.629850,-0.280841,0.286762,-0.664970,-1.232885,95.162697,5.025894,-0.585044,0.104852,-0.576429,0.560767,11.683930,81.153107,4.792100,-0.083222,0.917948,0.079122,0.379718,4.622035,117.563759,27.430777,0.565812,0.812907,0.137064,-0.015862,16.226185,119.105339,39.243065,0.629918,0.677430,0.306569,-0.224292,25.125568,96.422508,34.761448,-0.811503,-0.467963,-0.239221,0.255437,27.047321,83.418259,22.226032,0.055817,0.920109,0.137623,0.362414,-1.049216,82.602356,16.180784,0.062032,0.986057,0.030210,0.151433,-1.152984,49.113426,5.890741,-0.014350,0.969244,0.138954,0.202611,-6.353335,3.605133,2.290189,-0.032841,0.935781,-0.124682,0.328162,13.225624,83.270493,26.503710,0.057836,0.923367,-0.094338,0.367625,12.512064,49.400990,35.434105,-0.063041,0.867876,0.083517,0.485635,4.417816,4.580414,41.484882,-0.014350,0.969244,0.138954,0.202611,-0.731132,1.737636,-10.845387,-0.063041,0.867876,0.083517,0.485635,16.515432,1.702718,34.204315
335,2.791667,-0.045365,0.947972,0.079134,0.305007,6.086886,82.941666,21.336973,-0.043660,0.940633,0.072730,0.328656,5.116302,90.049271,22.221380,-0.015237,0.940497,0.046237,0.336296,3.110751,105.261398,23.890291,0.039692,0.972291,0.047812,0.225365,2.044339,123.022125,25.259443,0.033488,0.994479,-0.013791,0.098493,3.583698,136.711426,25.198349,-0.070694,0.886605,0.134911,0.436731,-0.816175,117.580627,22.970060,-0.608200,0.471812,-0.285355,0.571016,-10.936262,117.455627,9.774179,0.629674,-0.280788,0.286819,-0.665134,-1.226197,95.163277,5.024360,-0.584915,0.104782,-0.576326,0.561021,11.691078,81.152939,4.789601,-0.083220,0.917902,0.079172,0.379818,4.624819,117.563477,27.430523,0.565817,0.812878,0.137225,-0.015798,16.226465,119.103989,39.245415,0.629981,0.677414,0.306545,-0.224200,25.125706,96.421494,34.761837,-0.811569,-0.468015,-0.239034,0.255303,27.047173,83.407486,22.221548,0.055663,0.920084,0.137573,0.362520,-1.051302,82.609024,16.176477,0.062032,0.986159,0.030317,0.150742,-1.145316,49.117939,5.893369,-0.014381,0.969287,0.138781,0.202525,-6.346647,3.610229,2.286842,-0.032806,0.935687,-0.124647,0.328447,13.225074,83.274300,26.497469,0.057709,0.923272,-0.094432,0.367860,12.507285,49.404037,35.424633,-0.062946,0.867950,0.083418,0.485533,4.419083,4.583752,41.485565,-0.014381,0.969287,0.138781,0.202525,-0.726656,1.738023,-10.849013,-0.062946,0.867950,0.083418,0.485533,16.514141,1.702225,34.202267
336,2.800000,-0.045365,0.947979,0.079029,0.305012,6.089960,82.939537,21.334311,-0.043606,0.940620,0.072809,0.328680,5.119833,90.047379,22.217285,-0.015272,0.940481,0.046219,0.336341,3.114767,105.261169,23.889196,0.039594,0.972268,0.047911,0.225460,2.047328,123.021927,25.257280,0.033404,0.994466,-0.013838,0.098639,3.583635,136.711578,25.198481,-0.070675,0.886584,0.134934,0.436769,-0.812687,117.580162,22.967905,-0.608178,0.471751,-0.285338,0.571097,-10.931770,117.456306,9.771240,0.629613,-0.280777,0.286859,-0.665180,-1.218374,95.165619,5.020421,-0.584849,0.104672,-0.576497,0.560934,11.701303,81.151428,4.785659,-0.083270,0.917864,0.079337,0.379865,4.627867,117.563522,27.428909,0.565828,0.812872,0.137221,-0.015776,16.228054,119.103264,39.245338,0.629958,0.677421,0.306606,-0.224157,25.126707,96.420341,34.762718,-0.811613,-0.467981,-0.239071,0.255194,27.050056,83.405624,22.221201,0.055715,0.920049,0.137580,0.362599,-1.048180,82.606339,16.173782,0.062014,0.986134,0.030255,0.150924,-1.144497,49.115788,5.888948,-0.014339,0.969305,0.138831,0.202407,-6.344449,3.607538,2.287232,-0.032782,0.935669,-0.124621,0.328508,13.228101,83.272728,26.494843,0.057775,0.923462,-0.094457,0.367367,12.508821,49.401890,35.419701,-0.062796,0.867907,0.083446,0.485624,4.417468,4.582739,41.484814,-0.014339,0.969305,0.138831,0.202407,-0.727775,1.736557,-10.850221,-0.062796,0.867907,0.083446,0.485624,16.513073,1.699822,34.202965
337,2.808333,-0.045397,0.947973,0.079387,0.304934,6.092041,82.945023,21.327517,-0.043507,0.940611,0.072814,0.328719,5.119991,90.052010,22.215288,-0.015329,0.940451,0.046273,0.336416,3.118485,105.259857,23.887590,0.039596,0.972262,0.047884,0.225489,2.048378,123.020363,25.256699,0.033346,0.994471,-0.013828,0.098616,3.584935,136.709991,25.197268,-0.070737,0.886533,0.134944,0.436859,-0.810511,117.578377,22.966486,-0.608167,0.471753,-0.285314,0.571119,-10.926669,117.453346,9.767588,0.629616,-0.280659,0.286879,-0.665217,-1.212680,95.163231,5.015321,-0.584781,0.104637,-0.576376,0.561135,11.706000,81.154243,4.783730,-0.083315,0.917845,0.079299,0.379911,4.629310,117.562172,27.428385,0.565870,0.812844,0.137216,-0.015741,16.228094,119.103577,39.245979,0.629669,0.677624,0.306757,-0.224150,25.124416,96.419479,34.764648,-0.811493,-0.467906,-0.239337,0.255462,27.060419,83.413162,22.226034,0.055677,0.920017,0.137487,0.362720,-1.046887,82.613113,16.167992,0.062064,0.986148,0.030273,0.150811,-1.141825,49.120483,5.889903,-0.014272,0.969312,0.138678,0.202480,-6.346457,3.612906,2.286528,-0.032780,0.935639,-0.124722,0.328558,13.230970,83.276939,26.487041,0.057778,0.923494,-0.094471,0.367282,12.508678,49.407856,35.418327,-0.062732,0.867967,0.083284,0.485553,4.417119,4.588980,41.485222,-0.014272,0.969312,0.138678,0.202480,-0.728546,1.737208,-10.849722,-0.062732,0.867967,0.083284,0.485553,16.510700,1.701124,34.201962
338,2.816667,-0.045434,0.947938,0.079336,0.305050,6.096414,82.944176,21.324074,-0.043664,0.940628,0.072682,0.328679,5.123976,90.051231,22.210878,-0.015035,0.940491,0.046591,0.336274,3.120041,105.253838,23.877256,0.039464,0.972300,0.047842,0.225359,2.056189,123.013618,25.260708,0.033206,0.994480,-0.013836,0.098570,3.589280,136.703629,25.199028,-0.070669,0.886466,0.135060,0.436971,-0.805236,117.574356,22.967155,-0.608125,0.471813,-0.285313,0.571116,-10.918471,117.453674,9.765978,0.629634,-0.280551,0.286875,-0.665248,-1.207255,95.162811,5.011498,-0.584727,0.104503,-0.576453,0.561138,11.712683,81.157234,4.782421,-0.083549,0.917757,0.079267,0.380076,4.636057,117.552879,27.427238,0.565793,0.812851,0.137513,-0.015562,16.229351,119.101128,39.249317,0.629696,0.677501,0.306982,-0.224137,25.130262,96.418961,34.767376,-0.811452,-0.467942,-0.239439,0.255431,27.064905,83.418762,22.226831,0.055730,0.920022,0.137423,0.362724,-1.041204,82.611572,16.162786,0.062069,0.986131,0.030262,0.150919,-1.141128,49.118107,5.887466,-0.014253,0.969288,0.138824,0.202496,-6.345961,3.610522,2.284463,-0.032797,0.935627,-0.124778,0.328569,13.234032,83.276787,26.485363,0.057733,0.923187,-0.094473,0.368060,12.511489,49.408760,35.420628,-0.062888,0.867900,0.083263,0.485656,4.418633,4.589429,41.482403,-0.014253,0.969288,0.138824,0.202496,-0.727595,1.738835,-10.852165,-0.062888,0.867900,0.083263,0.485656,16.514889,1.703301,34.202908
339,2.825000,-0.045474,0.947866,0.079210,0.305300,6.104769,82.942604,21.322868,-0.043778,0.940572,0.072774,0.328803,5.132101,90.049889,22.207529,-0.015027,0.940459,0.046628,0.336358,3.123449,105.253967,23.875368,0.039432,0.972280,0.047899,0.225438,2.059293,123.013626,25.260052,0.033027,0.994479,-0.013912,0.098630,3.591302,136.703751,25.199894,-0.070621,0.886465,0.135091,0.436970,-0.801706,117.574547,22.965557,-0.608040,0.471767,-0.285374,0.571213,-10.915186,117.455719,9.764554,0.629366,-0.280397,0.286704,-0.665640,-1.203541,95.165131,5.009708,-0.584257,0.103694,-0.577402,0.560801,11.715986,81.174225,4.773455,-0.083560,0.917719,0.079428,0.380133,4.638793,117.552719,27.426603,0.565753,0.812850,0.137698,-0.015432,16.230595,119.099045,39.250401,0.629440,0.677622,0.307148,-0.224262,25.133968,96.417770,34.768791,-0.811518,-0.467806,-0.239194,0.255701,27.077896,83.426369,22.225666,0.055900,0.920094,0.137352,0.362543,-1.030100,82.609062,16.157841,0.061990,0.986146,0.030227,0.150864,-1.144801,49.115582,5.882747,-0.014277,0.969292,0.138923,0.202410,-6.343179,3.606913,2.284215,-0.032830,0.935663,-0.124781,0.328462,13.239637,83.276146,26.487896,0.057856,0.923212,-0.094464,0.367980,12.520162,49.408337,35.424225,-0.062703,0.867879,0.083398,0.485695,4.417695,4.590168,41.481773,-0.014277,0.969292,0.138923,0.202410,-0.726780,1.738193,-10.853674,-0.062703,0.867879,0.083398,0.485695,16.513691,1.704793,34.201550
340,2.833333,-0.045684,0.947855,0.079346,0.305268,6.116693,82.941284,21.318348,-0.043785,0.940517,0.072759,0.328964,5.140592,90.047981,22.203943,-0.015020,0.940376,0.046734,0.336575,3.131211,105.254997,23.871248,0.039370,0.972255,0.047948,0.225547,2.065714,123.014305,25.259336,0.032900,0.994483,-0.013954,0.098624,3.595971,136.704636,25.200361,-0.070646,0.886479,0.135232,0.436893,-0.794012,117.575623,22.962332,-0.607973,0.471767,-0.285403,0.571271,-10.909603,117.457748,9.762933,0.629364,-0.280337,0.286744,-0.665650,-1.198775,95.167107,5.006663,-0.584229,0.103737,-0.577448,0.560776,11.721865,81.175766,4.772751,-0.083459,0.917659,0.079247,0.380338,4.644433,117.553032,27.425879,0.565729,0.812844,0.137831,-0.015418,16.231609,119.097862,39.254402,0.629434,0.677596,0.307269,-0.224193,25.136349,96.417725,34.769791,-0.811543,-0.467679,-0.239362,0.255696,27.081585,83.427994,22.226559,0.056020,0.920137,0.137345,0.362418,-1.018181,82.604919,16.153507,0.062076,0.986091,0.030056,0.151220,-1.142177,49.112244,5.875888,-0.014267,0.969259,0.139093,0.202452,-6.349409,3.603595,2.289803,-0.032666,0.935602,-0.124871,0.328618,13.251567,83.277641,26.483191,0.057821,0.923213,-0.094477,0.367979,12.517750,49.410641,35.421425,-0.062762,0.867889,0.083325,0.485682,4.417786,4.592326,41.481255,-0.014267,0.969259,0.139093,0.202452,-0.731785,1.739624,-10.848241,-0.062762,0.867889,0.083325,0.485682,16.513781,1.705985,34.201405
341,2.841667,-0.045718,0.947820,0.079419,0.305351,6.121928,82.941772,21.314260,-0.043688,0.940432,0.073032,0.329160,5.144959,90.048256,22.200609,-0.015232,0.940282,0.046579,0.336852,3.134730,105.258522,23.876822,0.039399,0.972225,0.047956,0.225669,2.063560,123.018120,25.256868,0.032893,0.994491,-0.013973,0.098538,3.594736,136.708359,25.198586,-0.070753,0.886423,0.135229,0.436990,-0.793289,117.577698,22.960388,-0.607996,0.471734,-0.285394,0.571277,-10.905554,117.457184,9.758471,0.629329,-0.280369,0.286806,-0.665644,-1.192971,95.167137,5.003048,-0.584201,0.103807,-0.577338,0.560904,11.724414,81.175232,4.769505,-0.083410,0.917641,0.079481,0.380342,4.642444,117.558441,27.427254,0.565707,0.812849,0.137888,-0.015437,16.229780,119.098755,39.256207,0.629567,0.677500,0.307286,-0.224087,25.135719,96.419540,34.769363,-0.811395,-0.467889,-0.239659,0.255502,27.076870,83.426025,22.226068,0.056088,0.920142,0.137318,0.362403,-1.011994,82.605377,16.148111,0.062120,0.986037,0.029961,0.151576,-1.141247,49.112698,5.870562,-0.014321,0.969251,0.139087,0.202489,-6.352561,3.604040,2.290617,-0.032626,0.935641,-0.124893,0.328501,13.255850,83.278168,26.480410,0.057868,0.923321,-0.094491,0.367696,12.520016,49.411369,35.419239,-0.062708,0.867882,0.083251,0.485714,4.417470,4.593796,41.481106,-0.014321,0.969251,0.139087,0.202489,-0.733582,1.740193,-10.846858,-0.062708,0.867882,0.083251,0.485714,16.513426,1.704860,34.202236
342,2.850000,-0.045638,0.947834,0.079478,0.305306,6.119991,82.943192,21.311825,-0.043792,0.940473,0.072772,0.329086,5.143909,90.049644,22.199394,-0.014973,0.940322,0.046874,0.336711,3.134406,105.253349,23.866402,0.039210,0.972266,0.047906,0.225536,2.068600,123.012245,25.259602,0.032996,0.994491,-0.013982,0.098505,3.594811,136.703018,25.198498,-0.070570,0.886424,0.135257,0.437011,-0.790502,117.574265,22.960129,-0.607901,0.471688,-0.285423,0.571402,-10.903046,117.459641,9.758366,0.629440,-0.280503,0.287017,-0.665390,-1.189119,95.170616,5.000869,-0.584559,0.104696,-0.576502,0.561227,11.727481,81.164444,4.772798,-0.083530,0.917598,0.079488,0.380420,4.646679,117.550293,27.425211,0.565756,0.812814,0.137895,-0.015432,16.231394,119.093834,39.256317,0.629465,0.677458,0.307439,-0.224292,25.134567,96.413589,34.769154,-0.811009,-0.468456,-0.239864,0.255497,27.076679,83.429459,22.221050,0.055988,0.920133,0.137297,0.362451,-1.014548,82.608391,16.146420,0.062093,0.986177,0.030117,0.150643,-1.137379,49.114532,5.872644,-0.014181,0.969265,0.139029,0.202472,-6.347445,3.606424,2.283832,-0.032649,0.935598,-0.124817,0.328650,13.254529,83.277985,26.477230,0.057822,0.923218,-0.094599,0.367936,12.520610,49.409966,35.411568,-0.062798,0.867914,0.083244,0.485647,4.416817,4.593775,41.481983,-0.014181,0.969265,0.139029,0.202472,-0.730030,1.740143,-10.853972,-0.062798,0.867914,0.083244,0.485647,16.512272,1.705908,34.201847
343,2.858333,-0.045664,0.947843,0.079521,0.305261,6.122600,82.944511,21.308855,-0.043642,0.940411,0.073005,0.329231,5.146019,90.050835,22.196934,-0.015215,0.940235,0.046718,0.336964,3.137527,105.259369,23.872475,0.039282,0.972222,0.047917,0.225710,2.065100,123.018524,25.257238,0.033006,0.994487,-0.013977,0.098544,3.593461,136.709076,25.197279,-0.070670,0.886402,0.135294,0.437027,-0.790920,117.578598,22.958557,-0.608070,0.471680,-0.285268,0.571306,-10.902515,117.461708,9.756090,0.629468,-0.280591,0.287042,-0.665316,-1.183810,95.174721,4.998794,-0.584521,0.104771,-0.576483,0.561271,11.730853,81.165787,4.770166,-0.083179,0.917647,0.079474,0.380380,4.643755,117.558380,27.426708,0.565753,0.812814,0.137911,-0.015440,16.231417,119.091629,39.256268,0.629549,0.677315,0.307598,-0.224268,25.134802,96.411606,34.768372,-0.810921,-0.468650,-0.240138,0.255163,27.073526,83.429291,22.217068,0.055998,0.920168,0.137289,0.362362,-1.012385,82.609436,16.144085,0.062097,0.986096,0.030051,0.151179,-1.137047,49.115490,5.870595,-0.014342,0.969281,0.138958,0.202433,-6.346458,3.607059,2.284922,-0.032569,0.935655,-0.124853,0.328482,13.257586,83.279594,26.473627,0.057794,0.923249,-0.094618,0.367858,12.519139,49.411842,35.408646,-0.062813,0.867933,0.083131,0.485629,4.417608,4.595685,41.482319,-0.014342,0.969281,0.138958,0.202433,-0.728937,1.739692,-10.852682,-0.062813,0.867933,0.083131,0.485629,16.512589,1.705260,34.202404
344,2.866667,-0.046125,0.947892,0.079912,0.304937,6.133663,82.956581,21.295292,-0.043717,0.940467,0.073102,0.329041,5.149375,90.061394,22.186968,-0.015008,0.940287,0.046974,0.336792,3.140133,105.253708,23.863216,0.039194,0.972236,0.048015,0.225646,2.071820,123.012230,25.259247,0.032810,0.994484,-0.014073,0.098627,3.597126,136.703125,25.201246,-0.070540,0.886419,0.135424,0.436974,-0.786182,117.574272,22.958344,-0.608023,0.471747,-0.285228,0.571321,-10.899929,117.462799,9.757486,0.629437,-0.280425,0.286643,-0.665587,-1.183227,95.175827,4.996059,-0.584309,0.104132,-0.577383,0.560686,11.740362,81.182007,4.758924,-0.083424,0.917591,0.079415,0.380474,4.650211,117.550240,27.424379,0.565747,0.812791,0.138079,-0.015360,16.234125,119.091324,39.256580,0.629240,0.677584,0.307651,-0.224251,25.137934,96.411743,34.767281,-0.811430,-0.467691,-0.239659,0.255753,27.090794,83.433006,22.218292,0.056091,0.920131,0.137151,0.362495,-1.004059,82.615402,16.134708,0.062111,0.986064,0.029946,0.151406,-1.136781,49.119537,5.867598,-0.014198,0.969294,0.138939,0.202395,-6.348039,3.610682,2.290061,-0.032214,0.935564,-0.125366,0.328580,13.271385,83.297760,26.455873,0.057862,0.923051,-0.094938,0.368261,12.496826,49.437393,35.415768,-0.062265,0.867923,0.082424,0.485838,4.376277,4.627526,41.510406,-0.014198,0.969294,0.138939,0.202395,-0.732590,1.741976,-10.848231,-0.062265,0.867923,0.082424,0.485838,16.469091,1.712035,34.236900
345,2.875000,-0.046177,0.947814,0.079813,0.305198,6.142972,82.954079,21.292553,-0.043677,0.940372,0.073481,0.329232,5.158162,90.059052,22.182367,-0.015298,0.940209,0.046842,0.337016,3.144479,105.260803,23.870785,0.039261,0.972213,0.047977,0.225739,2.067703,123.019455,25.258642,0.032930,0.994489,-0.014056,0.098537,3.595192,136.710098,25.200251,-0.070802,0.886371,0.135545,0.436991,-0.786760,117.579269,22.958633,-0.608026,0.471704,-0.285196,0.571369,-10.898782,117.462013,9.756502,0.629655,-0.280522,0.286738,-0.665299,-1.179195,95.176468,4.994248,-0.584691,0.105218,-0.576403,0.561092,11.744143,81.174477,4.762308,-0.083328,0.917600,0.079747,0.380404,4.647385,117.559517,27.427425,0.565596,0.812869,0.138243,-0.015283,16.233622,119.093666,39.258255,0.629484,0.677267,0.307764,-0.224369,25.146034,96.417572,34.768440,-0.810847,-0.468681,-0.240093,0.255383,27.085634,83.443657,22.215118,0.056209,0.920250,0.137010,0.362227,-0.991853,82.611923,16.128031,0.062094,0.986096,0.029966,0.151197,-1.138836,49.114288,5.866913,-0.014218,0.969255,0.139163,0.202425,-6.349110,3.605360,2.288881,-0.032192,0.935598,-0.125403,0.328473,13.277799,83.296234,26.457075,0.057920,0.922982,-0.094935,0.368424,12.501934,49.436401,35.418884,-0.062321,0.867883,0.082502,0.485890,4.375432,4.627109,41.509827,-0.014218,0.969255,0.139163,0.202425,-0.732480,1.743103,-10.849825,-0.062321,0.867883,0.082502,0.485890,16.469673,1.714337,34.237610
346,2.883333,-0.046199,0.947809,0.080097,0.305135,6.145051,82.956657,21.283569,-0.043712,0.940419,0.073335,0.329126,5.158764,90.060944,22.177223,-0.015102,0.940258,0.047084,0.336852,3.146777,105.255379,23.860407,0.039105,0.972230,0.047991,0.225693,2.073913,123.013428,25.258917,0.032850,0.994478,-0.014041,0.098681,3.597091,136.704544,25.199825,-0.070631,0.886409,0.135631,0.436914,-0.782437,117.575119,22.956814,-0.608166,0.471781,-0.285010,0.571250,-10.897496,117.463745,9.756954,0.629628,-0.280646,0.286832,-0.665232,-1.176238,95.179573,4.991691,-0.584841,0.104528,-0.576287,0.561185,11.747016,81.168266,4.759211,-0.083494,0.917577,0.079610,0.380451,4.653344,117.551743,27.423603,0.565557,0.812906,0.138185,-0.015289,16.237453,119.092522,39.255661,0.629446,0.677296,0.307740,-0.224420,25.152039,96.416962,34.767464,-0.811021,-0.468308,-0.239986,0.255614,27.092421,83.444458,22.214396,0.056274,0.920101,0.136849,0.362656,-0.990418,82.615593,16.119862,0.062177,0.986028,0.029921,0.151613,-1.140998,49.115376,5.867203,-0.013336,0.969210,0.139203,0.202674,-6.357863,3.607148,2.289867,-0.032212,0.935580,-0.125513,0.328480,13.280519,83.297729,26.447275,0.057849,0.922798,-0.094951,0.368892,12.503346,49.439941,35.416683,-0.062170,0.867866,0.082234,0.485985,4.379260,4.630163,41.507278,-0.013336,0.969210,0.139203,0.202674,-0.741165,1.740964,-10.848255,-0.062170,0.867866,0.082234,0.485985,16.473331,1.708716,34.238255
347,2.891667,-0.046245,0.947825,0.080223,0.305047,6.148613,82.957214,21.278730,-0.043686,0.940445,0.073401,0.329041,5.161233,90.061142,22.173981,-0.015145,0.940284,0.047145,0.336771,3.149240,105.257240,23.859724,0.039060,0.972247,0.047969,0.225632,2.074317,123.015038,25.259834,0.032864,0.994480,-0.014058,0.098654,3.596328,136.706284,25.199743,-0.070641,0.886429,0.135584,0.436887,-0.781718,117.576538,22.957779,-0.608133,0.471775,-0.284927,0.571331,-10.897519,117.463997,9.758502,0.629652,-0.280551,0.286740,-0.665290,-1.173648,95.181969,4.988527,-0.584794,0.104829,-0.576019,0.561452,11.753282,81.174797,4.755880,-0.083449,0.917586,0.079684,0.380425,4.654819,117.553520,27.423647,0.565515,0.812912,0.138324,-0.015283,16.239843,119.092087,39.255093,0.629536,0.677226,0.307742,-0.224375,25.156796,96.418121,34.763508,-0.811093,-0.468229,-0.239935,0.255578,27.093977,83.443077,22.209606,0.056200,0.920291,0.136975,0.362138,-0.987727,82.615921,16.116245,0.062180,0.986009,0.029780,0.151768,-1.136025,49.117538,5.857556,-0.013991,0.969238,0.139207,0.202495,-6.354534,3.608563,2.292137,-0.032163,0.935540,-0.125580,0.328572,13.284954,83.298508,26.441214,0.057822,0.922742,-0.094962,0.369034,12.502135,49.441673,35.413719,-0.061996,0.867810,0.082329,0.486090,4.378985,4.631817,41.504936,-0.013991,0.969238,0.139207,0.202495,-0.737692,1.746235,-10.846467,-0.061996,0.867810,0.082329,0.486090,16.473829,1.710270,34.237240
348,2.900000,-0.046221,0.947848,0.080335,0.304949,6.149972,82.959259,21.273130,-0.043410,0.940405,0.073713,0.329120,5.162519,90.062958,22.170115,-0.015436,0.940216,0.047013,0.336965,3.154769,105.261841,23.867899,0.039155,0.972202,0.048115,0.225776,2.071402,123.019768,25.259861,0.032773,0.994480,-0.014214,0.098661,3.595296,136.710815,25.204611,-0.070655,0.886431,0.135643,0.436863,-0.781219,117.579018,22.958895,-0.608105,0.471793,-0.284892,0.571364,-10.897653,117.466805,9.760098,0.629622,-0.280558,0.286649,-0.665353,-1.173630,95.185440,4.987389,-0.584580,0.105121,-0.576438,0.561191,11.751741,81.183701,4.751441,-0.083285,0.917627,0.079833,0.380329,4.653354,117.560326,27.427174,0.565586,0.812891,0.138127,-0.015566,16.241699,119.092369,39.256210,0.629456,0.677318,0.307669,-0.224421,25.154224,96.417915,34.758301,-0.811062,-0.468321,-0.239987,0.255460,27.094370,83.442345,22.204777,0.056158,0.920290,0.136912,0.362170,-0.987462,82.618797,16.112101,0.062193,0.986069,0.029836,0.151360,-1.134346,49.118874,5.858430,-0.014084,0.969226,0.139190,0.202554,-6.354766,3.610355,2.289951,-0.032117,0.935498,-0.125659,0.328668,13.287407,83.299721,26.434158,0.057838,0.922918,-0.094996,0.368582,12.498816,49.444061,35.410618,-0.062338,0.867898,0.082340,0.485889,4.376169,4.634955,41.508095,-0.014084,0.969226,0.139190,0.202554,-0.735731,1.748052,-10.847720,-0.062338,0.867898,0.082340,0.485889,16.470083,1.718439,34.236832
349,2.908333,-0.046159,0.947801,0.080083,0.305173,6.155470,82.954391,21.273106,-0.043686,0.940434,0.073605,0.329026,5.169754,90.058754,22.166708,-0.015215,0.940294,0.047277,0.336720,3.155465,105.255981,23.858587,0.038969,0.972246,0.048154,0.225611,2.076698,123.013268,25.262360,0.032749,0.994481,-0.014255,0.098653,3.595103,136.704941,25.206625,-0.070315,0.886511,0.135642,0.436756,-0.778344,117.574600,22.959496,-0.608115,0.471903,-0.284745,0.571335,-10.899467,117.471733,9.764223,0.629405,-0.280489,0.286414,-0.665689,-1.176426,95.191368,4.984803,-0.584076,0.104457,-0.577325,0.560928,11.754537,81.197021,4.739013,-0.083452,0.917593,0.079757,0.380391,4.658638,117.551888,27.424822,0.565465,0.812947,0.138289,-0.015599,16.244492,119.089722,39.255547,0.629722,0.677135,0.307543,-0.224401,25.163763,96.418938,34.752533,-0.811045,-0.468312,-0.239995,0.255523,27.092323,83.438240,22.199450,0.056251,0.920357,0.136958,0.361968,-0.979660,82.613968,16.108891,0.062228,0.986032,0.029712,0.151612,-1.133580,49.115665,5.850033,-0.014124,0.969196,0.139277,0.202636,-6.357987,3.606865,2.290927,-0.032059,0.935484,-0.125551,0.328755,13.290599,83.294807,26.437321,0.057803,0.922786,-0.095071,0.368899,12.499857,49.436996,35.405460,-0.062349,0.867893,0.082556,0.485859,4.375568,4.628837,41.507675,-0.014124,0.969196,0.139277,0.202636,-0.736418,1.747210,-10.846035,-0.062349,0.867893,0.082556,0.485859,16.469648,1.717791,34.234497
350,2.916667,-0.046140,0.947805,0.080068,0.305167,6.157917,82.954559,21.270699,-0.043629,0.940462,0.073621,0.328951,5.172531,90.058990,22.164186,-0.015280,0.940323,0.047337,0.336627,3.160037,105.254959,23.857136,0.038919,0.972271,0.048217,0.225498,2.078512,123.011971,25.262209,0.032809,0.994491,-0.014239,0.098529,3.595001,136.703842,25.207588,-0.070261,0.886503,0.135749,0.436746,-0.776042,117.572952,22.959557,-0.608048,0.471847,-0.284725,0.571463,-10.897702,117.473206,9.764674,0.629472,-0.280684,0.286624,-0.665454,-1.171484,95.194878,4.982288,-0.584436,0.105252,-0.576471,0.561282,11.755022,81.187698,4.739763,-0.083474,0.917589,0.079840,0.380378,4.661795,117.550896,27.423843,0.565302,0.813062,0.138254,-0.015807,16.247860,119.088379,39.254402,0.630005,0.676986,0.307290,-0.224403,25.175936,96.422340,34.744984,-0.811058,-0.468313,-0.240003,0.255476,27.091555,83.435570,22.195211,0.056242,0.920330,0.136967,0.362036,-0.977306,82.614365,16.106600,0.062313,0.986017,0.029635,0.151686,-1.129652,49.116150,5.847433,-0.014198,0.969191,0.139237,0.202685,-6.362571,3.607911,2.293700,-0.032005,0.935462,-0.125583,0.328810,13.293139,83.294754,26.434797,0.057787,0.922853,-0.095081,0.368732,12.497620,49.437267,35.403717,-0.062433,0.867874,0.082543,0.485885,4.375496,4.629117,41.508820,-0.014198,0.969191,0.139237,0.202685,-0.739220,1.747523,-10.842392,-0.062433,0.867874,0.082543,0.485885,16.470524,1.718936,34.236881
351,2.925000,-0.046134,0.947814,0.080205,0.305101,6.159022,82.957794,21.267731,-0.043581,0.940483,0.073624,0.328896,5.173181,90.061913,22.163177,-0.015305,0.940338,0.047416,0.336572,3.162087,105.258438,23.856873,0.038888,0.972279,0.048263,0.225461,2.078859,123.015152,25.264380,0.032783,0.994493,-0.014310,0.098510,3.594182,136.707169,25.210724,-0.070203,0.886547,0.135750,0.436667,-0.775387,117.576134,22.961340,-0.608103,0.471918,-0.284550,0.571432,-10.899641,117.477654,9.768428,0.629330,-0.280588,0.286427,-0.665713,-1.171818,95.201263,4.980272,-0.584056,0.104529,-0.577245,0.561017,11.756178,81.205299,4.731243,-0.083418,0.917614,0.079980,0.380301,4.662961,117.554077,27.425013,0.565425,0.812993,0.138145,-0.015924,16.251308,119.088348,39.253765,0.629830,0.677066,0.307356,-0.224563,25.172302,96.420006,34.741905,-0.810926,-0.468481,-0.240031,0.255558,27.092794,83.441711,22.191563,0.056261,0.920340,0.136921,0.362026,-0.976916,82.618332,16.104567,0.062288,0.985999,0.029613,0.151818,-1.131784,49.119385,5.847813,-0.014358,0.969206,0.139158,0.202653,-6.362257,3.610733,2.295780,-0.032014,0.935464,-0.125649,0.328778,13.294962,83.297256,26.430897,0.057805,0.922907,-0.095081,0.368594,12.498816,49.440964,35.404308,-0.062388,0.867903,0.082538,0.485838,4.376099,4.632988,41.509991,-0.014358,0.969206,0.139158,0.202653,-0.738665,1.749031,-10.840030,-0.062388,0.867903,0.082538,0.485838,16.470055,1.722015,34.236568
352,2.933333,-0.046171,0.947781,0.080108,0.305225,6.165314,82.957428,21.266594,-0.043527,0.940442,0.073721,0.328999,5.179273,90.061722,22.160423,-0.015408,0.940290,0.047607,0.336677,3.167765,105.264030,23.857924,0.038861,0.972267,0.048165,0.225538,2.078639,123.019981,25.270447,0.032685,0.994491,-0.014307,0.098568,3.593968,136.711975,25.214180,-0.070215,0.886540,0.135777,0.436670,-0.773362,117.580750,22.965130,-0.608056,0.471961,-0.284547,0.571449,-10.897454,117.482338,9.772099,0.629259,-0.280675,0.286332,-0.665784,-1.171554,95.205620,4.981562,-0.584015,0.104736,-0.577143,0.561127,11.757883,81.208656,4.726474,-0.083311,0.917667,0.080137,0.380164,4.663949,117.559074,27.430061,0.565368,0.813002,0.138316,-0.015974,16.256336,119.088593,39.255459,0.630085,0.676707,0.307349,-0.224939,25.180462,96.422752,34.737198,-0.809469,-0.470709,-0.240814,0.255346,27.082979,83.451546,22.178860,0.056465,0.920399,0.136735,0.361914,-0.969231,82.617027,16.101570,0.061407,0.986344,0.029987,0.149853,-1.143288,49.116142,5.851470,-0.014068,0.969421,0.139726,0.201252,-6.296040,3.599524,2.287953,-0.031969,0.935494,-0.125689,0.328680,13.299858,83.297829,26.431620,0.057842,0.922916,-0.095059,0.368571,12.500741,49.442039,35.406639,-0.062536,0.867873,0.082501,0.485880,4.375786,4.634079,41.509438,-0.014068,0.969421,0.139726,0.201252,-0.710456,1.752810,-10.866173,-0.062536,0.867873,0.082501,0.485880,16.471325,1.724317,34.238171
353,2.941667,-0.046127,0.947852,0.080440,0.304924,6.161576,82.962761,21.259031,-0.043412,0.940491,0.073674,0.328884,5.174979,90.066338,22.157890,-0.015283,0.940315,0.047648,0.336607,3.168127,105.264259,23.854919,0.038820,0.972275,0.048264,0.225489,2.082779,123.020210,25.270403,0.032580,0.994496,-0.014290,0.098553,3.596326,136.712418,25.216431,-0.070246,0.886546,0.135900,0.436615,-0.770681,117.581902,22.964691,-0.607923,0.471927,-0.284643,0.571570,-10.896228,117.484093,9.772772,0.629145,-0.280670,0.286258,-0.665926,-1.171423,95.207062,4.981413,-0.583963,0.104653,-0.577277,0.561057,11.759460,81.212112,4.721942,-0.083289,0.917665,0.080152,0.380171,4.667344,117.558441,27.428743,0.565193,0.813109,0.138397,-0.016057,16.259684,119.087097,39.254303,0.630250,0.676576,0.307246,-0.225014,25.193464,96.425964,34.731560,-0.809506,-0.470603,-0.240766,0.255470,27.087132,83.454430,22.173666,0.056315,0.920364,0.136688,0.362043,-0.976285,82.624397,16.098455,0.061418,0.986393,0.030048,0.149513,-1.140494,49.121429,5.855014,-0.014150,0.969448,0.139628,0.201181,-6.294666,3.605268,2.287656,-0.032016,0.935460,-0.125789,0.328737,13.299438,83.301117,26.419607,0.057795,0.922805,-0.095097,0.368845,12.500523,49.447289,35.402046,-0.062548,0.867869,0.082330,0.485914,4.376395,4.639506,41.507214,-0.014150,0.969448,0.139628,0.201181,-0.710464,1.756264,-10.866733,-0.062548,0.867869,0.082330,0.485914,16.472126,1.725714,34.237881
354,2.950000,-0.046058,0.947879,0.080443,0.304849,6.161882,82.960609,21.255770,-0.043512,0.940522,0.073766,0.328761,5.176280,90.064278,22.155060,-0.015228,0.940368,0.047632,0.336464,3.166354,105.257607,23.853521,0.038735,0.972316,0.048356,0.225304,2.083282,123.013672,25.269306,0.032673,0.994514,-0.014247,0.098347,3.593710,136.706238,25.216856,-0.070052,0.886564,0.135959,0.436591,-0.771455,117.575661,22.964487,-0.607972,0.471960,-0.284514,0.571555,-10.898603,117.484299,9.773747,0.629318,-0.280898,0.286396,-0.665607,-1.171698,95.209000,4.978608,-0.584370,0.105513,-0.576367,0.561408,11.756781,81.200752,4.721843,-0.083408,0.917704,0.080113,0.380058,4.667949,117.551651,27.426857,0.565249,0.813107,0.138157,-0.016223,16.262476,119.084824,39.249691,0.630279,0.676539,0.307169,-0.225146,25.192839,96.422401,34.726589,-0.809310,-0.470919,-0.240898,0.255384,27.083090,83.451050,22.166433,0.056320,0.920355,0.136677,0.362068,-0.976897,82.623291,16.096394,0.061409,0.986365,0.030039,0.149699,-1.141404,49.120132,5.853570,-0.014321,0.969453,0.139559,0.201193,-6.294236,3.603831,2.286152,-0.031993,0.935467,-0.125799,0.328715,13.300662,83.297935,26.415146,0.057787,0.922873,-0.095161,0.368659,12.500227,49.444191,35.397758,-0.062443,0.867905,0.082461,0.485841,4.375888,4.637444,41.510223,-0.014321,0.969453,0.139559,0.201193,-0.708535,1.753825,-10.867464,-0.062443,0.867905,0.082461,0.485841,16.470057,1.725364,34.237598
355,2.958333,-0.045997,0.947861,0.080179,0.304986,6.165618,82.956383,21.255222,-0.043642,0.940511,0.073922,0.328741,5.181877,90.060745,22.151051,-0.015161,0.940393,0.047652,0.336394,3.166205,105.256546,23.853125,0.038645,0.972348,0.048376,0.225177,2.085227,123.012611,25.270441,0.032691,0.994529,-0.014216,0.098186,3.592916,136.705475,25.217670,-0.069973,0.886618,0.135888,0.436517,-0.770440,117.575089,22.965649,-0.607899,0.471927,-0.284520,0.571657,-10.900114,117.484543,9.776847,0.629214,-0.281012,0.286355,-0.665675,-1.171875,95.210335,4.979408,-0.584371,0.105790,-0.576162,0.561567,11.758548,81.196991,4.716821,-0.083361,0.917720,0.080091,0.380035,4.669652,117.550148,27.427174,0.565274,0.813096,0.138106,-0.016364,16.265028,119.082275,39.249306,0.630355,0.676537,0.307049,-0.225104,25.193798,96.420113,34.721779,-0.809386,-0.470774,-0.240892,0.255416,27.081936,83.440964,22.160172,0.056285,0.920438,0.136722,0.361846,-0.971787,82.618881,16.093960,0.061456,0.986392,0.029992,0.149515,-1.135381,49.116318,5.849163,-0.014343,0.969446,0.139535,0.201241,-6.293772,3.600281,2.286340,-0.031942,0.935504,-0.125731,0.328638,13.303023,83.293892,26.416483,0.057795,0.922886,-0.095214,0.368613,12.501552,49.438713,35.393623,-0.062485,0.867913,0.082493,0.485816,4.375110,4.632962,41.510651,-0.014343,0.969446,0.139535,0.201241,-0.706689,1.749713,-10.866605,-0.062485,0.867913,0.082493,0.485816,16.469244,1.722257,34.237419
356,2.966667,-0.045505,0.947774,0.079660,0.305465,6.159841,82.941345,21.266560,-0.043679,0.940490,0.073677,0.328850,5.184633,90.047546,22.157030,-0.015171,0.940401,0.047677,0.336367,3.168829,105.254295,23.852533,0.038611,0.972350,0.048494,0.225152,2.087265,123.010269,25.270605,0.032567,0.994537,-0.014231,0.098153,3.593283,136.703323,25.220749,-0.069899,0.886636,0.135985,0.436462,-0.768329,117.572716,22.965759,-0.607893,0.471994,-0.284466,0.571636,-10.899946,117.485489,9.778430,0.629174,-0.281092,0.286305,-0.665700,-1.173265,95.211258,4.977878,-0.584358,0.105683,-0.576303,0.561455,11.757331,81.196556,4.711326,-0.083389,0.917739,0.080139,0.379972,4.672017,117.547813,27.426975,0.565334,0.813075,0.137964,-0.016526,16.268818,119.080399,39.247646,0.630184,0.676664,0.306980,-0.225294,25.193962,96.417397,34.717213,-0.809408,-0.470701,-0.240689,0.255672,27.086903,83.440308,22.152613,0.056296,0.920479,0.136896,0.361675,-0.973196,82.610008,16.098866,0.061472,0.986364,0.029883,0.149712,-1.134909,49.110870,5.842874,-0.014165,0.969433,0.139663,0.201229,-6.295485,3.594413,2.288638,-0.032306,0.935563,-0.125182,0.328646,13.292879,83.272675,26.434254,0.057763,0.923126,-0.094931,0.368090,12.527982,49.409481,35.384293,-0.062896,0.867909,0.083284,0.485636,4.417163,4.598442,41.483227,-0.014165,0.969433,0.139663,0.201229,-0.709862,1.746469,-10.865295,-0.062896,0.867909,0.083284,0.485636,16.513201,1.712960,34.203125
357,2.975000,-0.045486,0.947791,0.079550,0.305442,6.160113,82.939941,21.268044,-0.043667,0.940493,0.073710,0.328836,5.185663,90.046432,22.157127,-0.015184,0.940402,0.047692,0.336361,3.169678,105.254700,23.853909,0.038413,0.972359,0.048538,0.225138,2.087521,123.010612,25.272354,0.032660,0.994532,-0.014158,0.098178,3.587953,136.704285,25.222412,-0.069845,0.886678,0.136003,0.436380,-0.767916,117.573013,22.967436,-0.608020,0.472054,-0.284314,0.571527,-10.902155,117.487183,9.782102,0.629250,-0.281222,0.286161,-0.665635,-1.173997,95.214012,4.979605,-0.584512,0.105846,-0.575937,0.561639,11.760409,81.195976,4.707751,-0.083312,0.917777,0.080217,0.379881,4.672491,117.548203,27.428583,0.565310,0.813078,0.138038,-0.016572,16.272026,119.077827,39.246964,0.630124,0.676733,0.306937,-0.225313,25.198437,96.416077,34.712746,-0.809583,-0.470333,-0.240515,0.255959,27.093861,83.438347,22.148367,0.056301,0.920457,0.136940,0.361714,-0.973208,82.608284,16.100754,0.061519,0.986337,0.029830,0.149882,-1.133652,49.110031,5.841830,-0.014331,0.969420,0.139677,0.201272,-6.298661,3.593823,2.290823,-0.032303,0.935616,-0.125135,0.328513,13.293433,83.271599,26.435333,0.057793,0.923148,-0.094953,0.368025,12.530741,49.407570,35.382404,-0.062859,0.867882,0.083383,0.485671,4.417008,4.597250,41.482742,-0.014331,0.969420,0.139677,0.201272,-0.710687,1.747198,-10.862306,-0.062859,0.867882,0.083383,0.485671,16.513638,1.713694,34.202843
358,2.983333,-0.045500,0.947809,0.079650,0.305360,6.161534,82.943008,21.265095,-0.043533,0.940502,0.073758,0.328817,5.186542,90.049248,22.155554,-0.015210,0.940392,0.047870,0.336362,3.173690,105.259918,23.855398,0.038327,0.972370,0.048528,0.225106,2.088525,123.015190,25.279486,0.032591,0.994538,-0.014179,0.098133,3.586674,136.709106,25.228687,-0.069917,0.886722,0.135929,0.436301,-0.765978,117.577850,22.972818,-0.607974,0.472064,-0.284240,0.571604,-10.902188,117.488350,9.789026,0.629167,-0.281337,0.286121,-0.665682,-1.172417,95.216957,4.981566,-0.584504,0.105802,-0.576122,0.561466,11.757925,81.200272,4.704500,-0.083183,0.917809,0.080301,0.379814,4.674400,117.552528,27.433994,0.565279,0.813055,0.138300,-0.016555,16.276348,119.077408,39.250622,0.630298,0.676553,0.307014,-0.225264,25.204521,96.417641,34.709969,-0.809618,-0.470321,-0.240538,0.255850,27.092781,83.440033,22.144749,0.056260,0.920510,0.136914,0.361595,-0.972646,82.611534,16.098984,0.061529,0.986378,0.029808,0.149612,-1.132457,49.112450,5.842768,-0.014423,0.969418,0.139644,0.201298,-6.299618,3.596228,2.295080,-0.032311,0.935632,-0.125153,0.328460,13.295714,83.274490,26.431206,0.057775,0.923084,-0.095001,0.368175,12.533604,49.410828,35.379704,-0.062989,0.867886,0.083216,0.485676,4.418851,4.601145,41.483391,-0.014423,0.969418,0.139644,0.201298,-0.710339,1.749176,-10.857431,-0.062989,0.867886,0.083216,0.485676,16.516003,1.715324,34.205265
359,2.991667,-0.045954,0.947868,0.080138,0.304978,6.175250,82.952492,21.248714,-0.043620,0.940540,0.074252,0.328586,5.192282,90.057007,22.144188,-0.015149,0.940454,0.047766,0.336206,3.173538,105.256416,23.856911,0.038370,0.972408,0.048663,0.224907,2.091887,123.012115,25.278410,0.032537,0.994567,-0.014142,0.097868,3.590045,136.706039,25.231028,-0.069795,0.886746,0.136019,0.436245,-0.764323,117.574867,22.973610,-0.608002,0.472163,-0.284170,0.571527,-10.902707,117.489960,9.791462,0.629272,-0.281363,0.286000,-0.665625,-1.175597,95.218002,4.981261,-0.584590,0.105987,-0.576046,0.561420,11.755536,81.204674,4.702402,-0.083202,0.917792,0.080352,0.379840,4.677557,117.549370,27.432955,0.565229,0.813062,0.138467,-0.016522,16.278728,119.074074,39.250362,0.630132,0.676628,0.307092,-0.225395,25.209730,96.416023,34.706692,-0.809831,-0.469920,-0.240209,0.256221,27.103182,83.444611,22.139355,0.056369,0.920593,0.136690,0.361450,-0.962307,82.615471,16.087629,0.061492,0.986312,0.029780,0.150066,-1.136535,49.112953,5.842856,-0.014313,0.969439,0.139662,0.201193,-6.299078,3.596157,2.295810,-0.031927,0.935680,-0.125790,0.328115,13.312808,83.289513,26.409800,0.057947,0.923025,-0.095290,0.368222,12.514008,49.435310,35.390820,-0.062541,0.867861,0.082517,0.485899,4.374769,4.632503,41.512398,-0.014313,0.969439,0.139662,0.201193,-0.713317,1.749016,-10.858181,-0.062541,0.867861,0.082517,0.485899,16.470686,1.723205,34.241573
360,3.000000,-0.045848,0.947975,0.080777,0.304494,6.169638,82.959045,21.238598,-0.043326,0.940597,0.074254,0.328461,5.185795,90.062210,22.143738,-0.015255,0.940452,0.047819,0.336201,3.176594,105.256058,23.859081,0.038364,0.972409,0.048713,0.224890,2.090775,123.011459,25.281090,0.032494,0.994572,-0.014172,0.097827,3.588417,136.705444,25.234991,-0.069731,0.886727,0.136185,0.436242,-0.764158,117.573608,22.976135,-0.607997,0.472171,-0.284175,0.571523,-10.902936,117.493019,9.794265,0.629182,-0.281507,0.285975,-0.665659,-1.176375,95.220840,4.984006,-0.584665,0.105867,-0.575900,0.561514,11.755824,81.201324,4.699465,-0.083193,0.917836,0.080399,0.379727,4.677727,117.549263,27.435476,0.565221,0.813073,0.138426,-0.016602,16.281811,119.073509,39.250084,0.630214,0.676560,0.307072,-0.225398,25.213129,96.416000,34.704395,-0.809616,-0.470204,-0.240480,0.256124,27.103073,83.441917,22.135098,0.056182,0.920486,0.136602,0.361785,-0.973294,82.626442,16.084667,0.061491,0.986415,0.029961,0.149355,-1.134018,49.120773,5.850013,-0.014460,0.969474,0.139342,0.201236,-6.296576,3.604970,2.290306,-0.032010,0.935579,-0.125888,0.328359,13.312570,83.291641,26.392529,0.057841,0.922845,-0.095378,0.368666,12.514554,49.439541,35.381550,-0.062364,0.867839,0.082452,0.485970,4.378431,4.637146,41.510277,-0.014460,0.969474,0.139342,0.201236,-0.708992,1.749582,-10.861750,-0.062364,0.867839,0.082452,0.485970,16.474148,1.723796,34.240742
361,3.008333,-0.045318,0.947908,0.079965,0.304997,6.159129,82.945404,21.257217,-0.043389,0.940625,0.073932,0.328446,5.185585,90.051147,22.153149,-0.015104,0.940529,0.047821,0.335991,3.176854,105.253685,23.859428,0.038200,0.972461,0.048818,0.224670,2.096388,123.009239,25.283571,0.032456,0.994592,-0.014172,0.097634,3.588655,136.703812,25.238770,-0.069654,0.886767,0.136125,0.436191,-0.761046,117.572357,22.979433,-0.607832,0.472175,-0.284219,0.571673,-10.901644,117.492867,9.798961,0.629002,-0.281603,0.286026,-0.665767,-1.176514,95.221054,4.984109,-0.584591,0.105935,-0.575920,0.561558,11.753154,81.198051,4.695222,-0.083147,0.917842,0.080310,0.379740,4.682888,117.546165,27.436262,0.565253,0.813047,0.138431,-0.016749,16.286903,119.070114,39.250969,0.630416,0.676417,0.306979,-0.225389,25.216162,96.413048,34.699017,-0.809602,-0.470256,-0.240532,0.256023,27.097153,83.435196,22.129789,0.056167,0.920531,0.136865,0.361573,-0.979243,82.618057,16.096640,0.061452,0.986355,0.029893,0.149783,-1.134585,49.117310,5.845793,-0.014243,0.969478,0.139415,0.201182,-6.293014,3.600687,2.290564,-0.032370,0.935702,-0.125191,0.328239,13.297502,83.272743,26.417795,0.057802,0.923068,-0.095127,0.368178,12.540492,49.410011,35.370258,-0.062702,0.867908,0.083203,0.485676,4.419206,4.602814,41.483528,-0.014243,0.969478,0.139415,0.201182,-0.708344,1.746180,-10.862854,-0.062702,0.867908,0.083203,0.485676,16.514380,1.712605,34.203857
362,3.016667,-0.045942,0.947963,0.080745,0.304526,6.177871,82.957825,21.234079,-0.043441,0.940628,0.074500,0.328300,5.192858,90.060944,22.138330,-0.015044,0.940536,0.047832,0.335973,3.178311,105.252266,23.859814,0.038201,0.972478,0.048865,0.224588,2.099754,123.007843,25.285044,0.032392,0.994609,-0.014153,0.097483,3.591614,136.702469,25.241333,-0.069552,0.886810,0.136141,0.436114,-0.758350,117.571404,22.980713,-0.607818,0.472271,-0.284141,0.571648,-10.901660,117.494675,9.802302,0.629001,-0.281686,0.286025,-0.665733,-1.178792,95.222878,4.982771,-0.584632,0.105992,-0.575854,0.561572,11.753027,81.194008,4.692016,-0.083187,0.917851,0.080391,0.379692,4.685783,117.544380,27.437300,0.565295,0.813009,0.138477,-0.016805,16.290781,119.068695,39.251007,0.630543,0.676313,0.306934,-0.225405,25.217651,96.411446,34.695244,-0.809350,-0.470640,-0.240704,0.255955,27.092726,83.431557,22.125015,0.056275,0.920563,0.136525,0.361605,-0.964569,82.623550,16.079573,0.061431,0.986385,0.029936,0.149584,-1.135319,49.117126,5.847525,-0.014431,0.969483,0.139358,0.201181,-6.291991,3.600505,2.289736,-0.031805,0.935667,-0.125829,0.328152,13.320311,83.292107,26.388586,0.057762,0.922798,-0.095495,0.368767,12.512253,49.438049,35.369335,-0.062335,0.867907,0.082254,0.485887,4.378216,4.636875,41.509754,-0.014431,0.969483,0.139358,0.201181,-0.706013,1.745432,-10.863048,-0.062335,0.867907,0.082254,0.485887,16.471867,1.718199,34.238903
363,3.025000,-0.045927,0.947998,0.080894,0.304379,6.176419,82.959305,21.231239,-0.043321,0.940660,0.074491,0.328228,5.191101,90.062096,22.137739,-0.015045,0.940551,0.047875,0.335924,3.180667,105.250809,23.860016,0.038163,0.972499,0.048882,0.224499,2.101650,123.006248,25.286749,0.032328,0.994624,-0.014078,0.097363,3.592268,136.701019,25.243053,-0.069478,0.886813,0.136298,0.436072,-0.756504,117.569885,22.982288,-0.607853,0.472315,-0.284100,0.571595,-10.901372,117.497444,9.805054,0.628957,-0.281794,0.285979,-0.665749,-1.179440,95.225403,4.984766,-0.584495,0.106316,-0.575918,0.561589,11.749720,81.196854,4.689550,-0.083151,0.917856,0.080408,0.379684,4.688087,117.542694,27.438307,0.565286,0.813014,0.138477,-0.016884,16.293489,119.065735,39.251774,0.630682,0.676193,0.306906,-0.225414,25.220732,96.409264,34.692905,-0.809439,-0.470561,-0.240671,0.255848,27.089394,83.427773,22.121700,0.056200,0.920579,0.136568,0.361559,-0.967613,82.625839,16.078890,0.061506,0.986370,0.029865,0.149667,-1.132927,49.119656,5.845969,-0.014272,0.969493,0.139244,0.201225,-6.296998,3.603485,2.293158,-0.031855,0.935700,-0.125862,0.328040,13.320451,83.292770,26.383591,0.057820,0.922909,-0.095514,0.368473,12.515980,49.439510,35.367695,-0.062219,0.867919,0.082220,0.485887,4.378398,4.639274,41.510235,-0.014272,0.969493,0.139244,0.201225,-0.711171,1.744285,-10.859110,-0.062219,0.867919,0.082220,0.485887,16.471151,1.718109,34.238903
364,3.033333,-0.045940,0.948023,0.080860,0.304308,6.179545,82.957863,21.229856,-0.043285,0.940680,0.074567,0.328157,5.194256,90.060715,22.135902,-0.015056,0.940571,0.047956,0.335858,3.183908,105.251587,23.861145,0.038118,0.972534,0.048860,0.224361,2.103637,123.006729,25.290541,0.032315,0.994644,-0.014044,0.097167,3.592945,136.701614,25.245667,-0.069506,0.886797,0.136381,0.436075,-0.754394,117.570457,22.985706,-0.607761,0.472377,-0.284101,0.571641,-10.899065,117.498444,9.808323,0.628953,-0.281804,0.285951,-0.665760,-1.180022,95.226028,4.983941,-0.584522,0.106418,-0.575911,0.561548,11.748199,81.199310,4.687653,-0.083204,0.917918,0.080655,0.379470,4.690821,117.543091,27.440966,0.565411,0.812932,0.138444,-0.016902,16.301329,119.065369,39.249512,0.630312,0.676493,0.306899,-0.225560,25.221497,96.406227,34.690048,-0.809696,-0.470053,-0.240200,0.256412,27.104591,83.429657,22.118219,0.056288,0.920627,0.136549,0.361431,-0.965230,82.623863,16.078571,0.061439,0.986322,0.029854,0.150011,-1.138133,49.118008,5.844708,-0.014332,0.969479,0.139301,0.201249,-6.295110,3.601027,2.292001,-0.031870,0.935742,-0.125902,0.327902,13.324320,83.291862,26.381142,0.057833,0.922787,-0.095533,0.368773,12.521212,49.439384,35.368271,-0.062316,0.867921,0.082156,0.485880,4.379861,4.639640,41.509361,-0.014332,0.969479,0.139301,0.201249,-0.708154,1.743752,-10.860056,-0.062316,0.867921,0.082156,0.485880,16.473001,1.718272,34.238758
365,3.041667,-0.045191,0.947996,0.080223,0.304673,6.167067,82.942787,21.245743,-0.043334,0.940679,0.074230,0.328230,5.194439,90.048103,22.146082,-0.015017,0.940587,0.048009,0.335807,3.184314,105.252388,23.862305,0.038042,0.972558,0.048870,0.224267,2.104795,123.007393,25.293980,0.032293,0.994657,-0.013984,0.097051,3.591848,136.702545,25.248680,-0.069468,0.886805,0.136471,0.436036,-0.753674,117.571495,22.988806,-0.607713,0.472430,-0.284059,0.571668,-10.899636,117.501724,9.812405,0.628949,-0.281818,0.285887,-0.665786,-1.181928,95.229614,4.983952,-0.584558,0.106369,-0.575935,0.561495,11.745667,81.205872,4.685470,-0.083215,0.917930,0.080791,0.379411,4.692037,117.543396,27.443453,0.565352,0.812959,0.138520,-0.016956,16.303976,119.064484,39.250748,0.630378,0.676442,0.306854,-0.225589,25.227367,96.407402,34.687366,-0.809759,-0.469868,-0.240166,0.256582,27.107016,83.429810,22.115030,0.056224,0.920640,0.136856,0.361292,-0.974988,82.618423,16.090071,0.061402,0.986401,0.029832,0.149510,-1.137341,49.117939,5.838463,-0.014380,0.969472,0.139389,0.201216,-6.293115,3.600419,2.290866,-0.032357,0.935795,-0.125365,0.327909,13.309121,83.267143,26.401413,0.057877,0.923042,-0.095207,0.368212,12.550404,49.407398,35.365009,-0.062948,0.867887,0.083056,0.485708,4.419952,4.602387,41.482117,-0.014380,0.969472,0.139389,0.201216,-0.706571,1.745936,-10.861759,-0.062948,0.867887,0.083056,0.485708,16.516924,1.712043,34.205498
366,3.050000,-0.045094,0.947936,0.079922,0.304953,6.168768,82.935509,21.249672,-0.043485,0.940663,0.074233,0.328255,5.198511,90.041656,22.146070,-0.014901,0.940611,0.048073,0.335735,3.183067,105.252090,23.861513,0.038098,0.972567,0.048976,0.224195,2.106783,123.006996,25.296814,0.032209,0.994668,-0.013996,0.096970,3.594585,136.702072,25.254524,-0.069537,0.886798,0.136511,0.436026,-0.752984,117.572037,22.991056,-0.607701,0.472428,-0.284045,0.571690,-10.898922,117.500755,9.814644,0.628936,-0.281875,0.285833,-0.665797,-1.180718,95.229080,4.985160,-0.584610,0.106446,-0.575850,0.561513,11.744546,81.207825,4.683755,-0.083228,0.917964,0.080917,0.379298,4.693456,117.542145,27.444798,0.565397,0.812930,0.138501,-0.016988,16.308174,119.062439,39.249462,0.630297,0.676484,0.306910,-0.225614,25.229008,96.404556,34.685036,-0.809912,-0.469603,-0.240082,0.256663,27.111908,83.428917,22.111532,0.056296,0.920689,0.136929,0.361128,-0.970441,82.611595,16.090034,0.061458,0.986375,0.029722,0.149681,-1.137325,49.113091,5.832046,-0.014365,0.969423,0.139562,0.201333,-6.299064,3.595605,2.292759,-0.032404,0.935825,-0.125220,0.327873,13.307977,83.259430,26.409309,0.057934,0.923048,-0.095240,0.368177,12.556047,49.397350,35.364662,-0.063031,0.867868,0.083275,0.485692,4.419893,4.593539,41.482948,-0.014365,0.969423,0.139562,0.201333,-0.709392,1.745867,-10.859203,-0.063031,0.867868,0.083275,0.485692,16.517742,1.709771,34.205173
367,3.058333,-0.045017,0.947991,0.080033,0.304763,6.171665,82.935600,21.245163,-0.043521,0.940666,0.074363,0.328212,5.202167,90.041588,22.143600,-0.014875,0.940609,0.048100,0.335738,3.184370,105.252029,23.862612,0.038014,0.972587,0.049032,0.224111,2.108656,123.006882,25.299124,0.032238,0.994682,-0.013969,0.096813,3.593713,136.702255,25.257652,-0.069484,0.886828,0.136595,0.435947,-0.751278,117.572166,22.992981,-0.607696,0.472515,-0.283979,0.571656,-10.899743,117.503265,9.818501,0.628914,-0.281980,0.285738,-0.665814,-1.183743,95.231445,4.985253,-0.584679,0.106440,-0.575718,0.561578,11.742622,81.208710,4.678437,-0.083120,0.918007,0.081005,0.379200,4.695142,117.541801,27.446747,0.565483,0.812880,0.138432,-0.017078,16.312925,119.058060,39.248909,0.630251,0.676431,0.306978,-0.225808,25.228790,96.398666,34.682255,-0.809879,-0.469690,-0.240004,0.256681,27.110466,83.429146,22.104389,0.056310,0.920687,0.136835,0.361167,-0.969700,82.613266,16.088411,0.061383,0.986361,0.029787,0.149793,-1.139503,49.113049,5.836043,-0.014512,0.969452,0.139482,0.201238,-6.293117,3.595063,2.291257,-0.032338,0.935854,-0.125303,0.327767,13.313029,83.257935,26.401917,0.057925,0.923087,-0.095273,0.368074,12.555848,49.397015,35.361202,-0.062766,0.867883,0.083326,0.485692,4.420033,4.593670,41.483395,-0.014512,0.969452,0.139482,0.201238,-0.704927,1.743944,-10.861142,-0.062766,0.867883,0.083326,0.485692,16.516224,1.707404,34.203854
368,3.066667,-0.044907,0.948030,0.080094,0.304642,6.171026,82.935394,21.242363,-0.043490,0.940693,0.074468,0.328116,5.202879,90.041382,22.142242,-0.014831,0.940640,0.048129,0.335650,3.185223,105.250443,23.864702,0.038302,0.972609,0.049068,0.223956,2.110758,123.005234,25.302818,0.031949,0.994720,-0.013999,0.096517,3.603025,136.699829,25.263685,-0.069451,0.886849,0.136615,0.435904,-0.749916,117.570854,22.996798,-0.607719,0.472595,-0.283862,0.571625,-10.899794,117.502960,9.823402,0.628866,-0.282069,0.285720,-0.665829,-1.184230,95.231972,4.985444,-0.584634,0.106435,-0.575687,0.561658,11.741696,81.206741,4.675235,-0.083087,0.918027,0.081006,0.379159,4.697357,117.539848,27.449512,0.565520,0.812865,0.138343,-0.017269,16.316372,119.055260,39.250572,0.630482,0.676275,0.306837,-0.225822,25.229799,96.396019,34.678471,-0.809743,-0.469929,-0.240158,0.256530,27.100933,83.421448,22.100296,0.056203,0.920740,0.136870,0.361033,-0.971812,82.615021,16.087532,0.061422,0.986464,0.029858,0.149081,-1.135309,49.114651,5.835570,-0.014377,0.969459,0.139336,0.201318,-6.294076,3.597501,2.287578,-0.032308,0.935873,-0.125352,0.327695,13.313864,83.255768,26.397192,0.057889,0.923062,-0.095292,0.368137,12.554245,49.395573,35.359013,-0.062857,0.867921,0.083227,0.485629,4.420444,4.592183,41.483528,-0.014377,0.969459,0.139336,0.201318,-0.704960,1.741461,-10.863729,-0.062857,0.867921,0.083227,0.485629,16.515961,1.704731,34.203339
369,3.075000,-0.044835,0.948019,0.079809,0.304763,6.171850,82.930702,21.245214,-0.043559,0.940695,0.074537,0.328085,5.205809,90.037445,22.141422,-0.014775,0.940668,0.048136,0.335572,3.185142,105.248856,23.865562,0.038186,0.972613,0.049233,0.223926,2.112573,123.003685,25.304667,0.032050,0.994713,-0.013968,0.096562,3.600691,136.698746,25.269199,-0.069387,0.886896,0.136615,0.435817,-0.749003,117.569672,22.998890,-0.607673,0.472607,-0.283817,0.571685,-10.901685,117.503151,9.827645,0.628729,-0.282169,0.285653,-0.665945,-1.185443,95.233276,4.985943,-0.584566,0.106298,-0.575803,0.561636,11.740514,81.206749,4.668826,-0.082999,0.918047,0.080985,0.379133,4.699034,117.537949,27.450668,0.565521,0.812863,0.138342,-0.017360,16.319180,119.051041,39.250916,0.630559,0.676164,0.306852,-0.225919,25.232407,96.392456,34.675159,-0.809606,-0.470182,-0.240239,0.256423,27.098549,83.418839,22.093426,0.056259,0.920715,0.136920,0.361069,-0.969810,82.610176,16.088755,0.061428,0.986446,0.029816,0.149203,-1.135221,49.111210,5.832248,-0.014351,0.969462,0.139343,0.201297,-6.294669,3.593904,2.287315,-0.032320,0.935905,-0.125263,0.327637,13.313510,83.251228,26.401674,0.057957,0.923206,-0.095294,0.367765,12.557345,49.389523,35.358097,-0.062929,0.867878,0.083272,0.485689,4.420132,4.586908,41.483742,-0.014351,0.969462,0.139343,0.201297,-0.706277,1.737909,-10.864314,-0.062929,0.867878,0.083272,0.485689,16.517225,1.701615,34.205311
370,3.083333,-0.044836,0.948034,0.079879,0.304697,6.174402,82.931030,21.243280,-0.043565,0.940702,0.074617,0.328046,5.208105,90.037605,22.140499,-0.014783,0.940676,0.048176,0.335542,3.186594,105.248344,23.866930,0.038114,0.972657,0.049120,0.223770,2.113328,123.003029,25.307312,0.032192,0.994735,-0.013770,0.096319,3.599971,136.698227,25.268021,-0.069456,0.886891,0.136711,0.435787,-0.748150,117.569054,23.001345,-0.607705,0.472678,-0.283731,0.571635,-10.901387,117.501762,9.830531,0.628774,-0.282257,0.285598,-0.665888,-1.186059,95.232132,4.985846,-0.584663,0.106537,-0.575505,0.561795,11.737759,81.206573,4.666307,-0.083016,0.918079,0.081051,0.379037,4.700164,117.537270,27.452785,0.565533,0.812862,0.138286,-0.017456,16.322643,119.050423,39.250725,0.630591,0.676153,0.306784,-0.225953,25.235029,96.391968,34.672592,-0.809565,-0.470066,-0.240367,0.256644,27.099106,83.417908,22.091543,0.056172,0.920764,0.137042,0.360913,-0.967961,82.610756,16.087780,0.062281,0.985980,0.029294,0.152007,-1.126425,49.113430,5.825786,-0.014467,0.969250,0.138913,0.202603,-6.360070,3.602970,2.301707,-0.032292,0.935918,-0.125292,0.327592,13.316766,83.251305,26.398777,0.057918,0.923118,-0.095323,0.367984,12.558482,49.389984,35.356468,-0.062806,0.867884,0.083353,0.485681,4.422184,4.587451,41.483940,-0.014467,0.969250,0.138913,0.202603,-0.737260,1.734975,-10.833542,-0.062806,0.867884,0.083353,0.485681,16.518530,1.702405,34.204170
371,3.091667,-0.044790,0.948044,0.079733,0.304711,6.176090,82.930939,21.245831,-0.043593,0.940709,0.074671,0.328009,5.211049,90.037918,22.141249,-0.014734,0.940694,0.048249,0.335486,3.188118,105.249367,23.869137,0.038106,0.972676,0.049110,0.223689,2.115704,123.003853,25.312626,0.032204,0.994743,-0.013735,0.096229,3.602048,136.699097,25.272814,-0.069412,0.886921,0.136689,0.435739,-0.746266,117.570366,23.006102,-0.607721,0.472778,-0.283617,0.571592,-10.901106,117.503784,9.836525,0.628796,-0.282315,0.285498,-0.665886,-1.187221,95.234634,4.986786,-0.584625,0.106624,-0.575667,0.561651,11.736034,81.211639,4.663665,-0.083017,0.918103,0.081145,0.378960,4.702598,117.537628,27.456861,0.565564,0.812838,0.138289,-0.017569,16.327005,119.049904,39.253010,0.630490,0.676215,0.306787,-0.226047,25.237482,96.391693,34.670055,-0.809692,-0.469797,-0.240223,0.256870,27.104393,83.421555,22.088945,0.056235,0.920796,0.137051,0.360817,-0.966197,82.610664,16.090225,0.062182,0.986019,0.029347,0.151787,-1.129481,49.114017,5.826127,-0.014355,0.969244,0.138973,0.202599,-6.354229,3.602710,2.299821,-0.032278,0.935948,-0.125318,0.327498,13.318377,83.251213,26.401436,0.058035,0.923380,-0.095261,0.367325,12.559464,49.390297,35.360584,-0.062935,0.867887,0.083334,0.485661,4.419681,4.587934,41.484673,-0.014355,0.969244,0.138973,0.202599,-0.732275,1.735769,-10.835945,-0.062935,0.867887,0.083334,0.485661,16.516527,1.704239,34.205196
372,3.100000,-0.044873,0.948052,0.079808,0.304655,6.179885,82.931351,21.244488,-0.043523,0.940722,0.074762,0.327962,5.213428,90.038040,22.140619,-0.014728,0.940706,0.048269,0.335449,3.191587,105.249954,23.872026,0.038400,0.972688,0.049072,0.223597,2.119208,123.004379,25.316286,0.031955,0.994773,-0.013639,0.096018,3.613482,136.698746,25.277039,-0.069508,0.886905,0.136757,0.435737,-0.742920,117.570969,23.009781,-0.607696,0.472967,-0.283558,0.571491,-10.897372,117.502571,9.839911,0.628843,-0.282272,0.285349,-0.665924,-1.190742,95.231369,4.985076,-0.584620,0.106517,-0.575643,0.561701,11.733459,81.215759,4.659666,-0.082931,0.918122,0.081201,0.378921,4.706297,117.538086,27.460104,0.565596,0.812809,0.138310,-0.017678,16.332163,119.047188,39.255226,0.630346,0.676291,0.306764,-0.226251,25.240627,96.389229,34.667110,-0.809738,-0.469602,-0.240001,0.257289,27.110477,83.424881,22.084356,0.056226,0.920880,0.137066,0.360600,-0.962873,82.610008,16.089603,0.062150,0.986129,0.029465,0.151061,-1.127613,49.113567,5.824827,-0.014437,0.969233,0.139083,0.202573,-6.350406,3.602538,2.292101,-0.032233,0.935970,-0.125397,0.327408,13.322644,83.252701,26.399370,0.058032,0.923303,-0.095247,0.367522,12.559840,49.392956,35.362644,-0.062866,0.867896,0.083301,0.485660,4.419476,4.590315,41.483883,-0.014437,0.969233,0.139083,0.202573,-0.728416,1.739172,-10.844154,-0.062866,0.867896,0.083301,0.485660,16.515764,1.704849,34.204182
373,3.108333,-0.044785,0.948094,0.079945,0.304501,6.176195,82.931595,21.242928,-0.043399,0.940765,0.074772,0.327851,5.210496,90.038094,22.141466,-0.014663,0.940742,0.048276,0.335350,3.192636,105.248177,23.874420,0.038487,0.972704,0.049123,0.223500,2.122510,123.002647,25.319809,0.031825,0.994789,-0.013588,0.095906,3.618619,136.696823,25.282230,-0.069510,0.886937,0.136778,0.435664,-0.740711,117.569664,23.013645,-0.607637,0.472977,-0.283544,0.571552,-10.897284,117.501091,9.845408,0.628777,-0.282337,0.285262,-0.665996,-1.190727,95.230507,4.987578,-0.584631,0.106593,-0.575562,0.561759,11.733604,81.215927,4.656954,-0.082932,0.918136,0.081221,0.378882,4.709465,117.535957,27.462791,0.565568,0.812825,0.138321,-0.017790,16.336311,119.044968,39.256962,0.630589,0.676047,0.306744,-0.226333,25.246197,96.388504,34.664223,-0.809544,-0.470027,-0.240141,0.256994,27.103603,83.424500,22.079166,0.056153,0.920845,0.137073,0.360696,-0.968361,82.612206,16.090414,0.062134,0.986119,0.029458,0.151130,-1.127172,49.115341,5.826931,-0.014574,0.969255,0.138915,0.202569,-6.348448,3.604096,2.294683,-0.032302,0.935940,-0.125369,0.327499,13.320751,83.250984,26.395443,0.058020,0.923202,-0.095260,0.367773,12.562229,49.391060,35.358379,-0.063047,0.867850,0.083260,0.485725,4.420780,4.588514,41.478912,-0.014574,0.969255,0.138915,0.202569,-0.725722,1.736770,-10.840700,-0.063047,0.867850,0.083260,0.485725,16.519243,1.704604,34.202206
374,3.116667,-0.044700,0.948076,0.079552,0.304672,6.178409,82.924477,21.247980,-0.043483,0.940759,0.074874,0.327835,5.215421,90.031982,22.141376,-0.014678,0.940767,0.048229,0.335286,3.193225,105.248352,23.877279,0.038510,0.972688,0.049233,0.223541,2.123262,123.002968,25.321003,0.031770,0.994778,-0.013576,0.096043,3.619391,136.697144,25.286615,-0.069503,0.886970,0.136845,0.435576,-0.740262,117.569756,23.015781,-0.607679,0.473069,-0.283401,0.571503,-10.899405,117.501877,9.849523,0.628730,-0.282498,0.285301,-0.665955,-1.193124,95.232300,4.986527,-0.584599,0.106644,-0.575600,0.561744,11.727344,81.213326,4.652684,-0.082886,0.918148,0.081248,0.378859,4.710517,117.536507,27.464193,0.565661,0.812756,0.138334,-0.017855,16.338213,119.043884,39.257736,0.630532,0.676114,0.306737,-0.226302,25.242754,96.386047,34.661423,-0.809724,-0.469622,-0.240077,0.257228,27.103388,83.420822,22.076727,0.056278,0.920849,0.137163,0.360633,-0.964447,82.604645,16.093132,0.062129,0.986091,0.029385,0.151334,-1.129659,49.110489,5.820929,-0.014631,0.969245,0.138988,0.202565,-6.350777,3.598791,2.294295,-0.032204,0.936022,-0.125271,0.327313,13.321265,83.244301,26.402828,0.057991,0.923272,-0.095298,0.367594,12.560383,49.382217,35.357414,-0.063031,0.867938,0.083406,0.485545,4.421354,4.580021,41.483742,-0.014631,0.969245,0.138988,0.202565,-0.727665,1.733845,-10.841261,-0.063031,0.867938,0.083406,0.485545,16.517149,1.699407,34.201294
375,3.125000,-0.044609,0.948099,0.079569,0.304610,6.176682,82.923615,21.248732,-0.043446,0.940772,0.074913,0.327793,5.214922,90.031204,22.142830,-0.014643,0.940780,0.048243,0.335249,3.193558,105.246925,23.880251,0.038543,0.972713,0.049262,0.223422,2.124663,123.001526,25.324896,0.031751,0.994799,-0.013565,0.095830,3.621288,136.695663,25.291210,-0.069570,0.886976,0.136867,0.435547,-0.739339,117.568565,23.019651,-0.607687,0.473125,-0.283303,0.571497,-10.899012,117.498871,9.853811,0.628739,-0.282564,0.285246,-0.665942,-1.192576,95.230293,4.986558,-0.584698,0.106569,-0.575497,0.561760,11.727295,81.211578,4.649951,-0.082831,0.918185,0.081195,0.378791,4.711802,117.534828,27.467617,0.565785,0.812686,0.138211,-0.018062,16.341509,119.041458,39.259274,0.630479,0.676163,0.306622,-0.226458,25.238737,96.381889,34.657261,-0.809382,-0.470128,-0.240156,0.257303,27.099625,83.415146,22.069132,0.056242,0.920827,0.137141,0.360703,-0.966979,82.605293,16.094908,0.062061,0.986156,0.029524,0.150906,-1.129660,49.110435,5.824950,-0.014403,0.969250,0.139039,0.202520,-6.344210,3.598714,2.288927,-0.032195,0.935982,-0.125245,0.327438,13.320343,83.241936,26.402557,0.057972,0.923265,-0.095309,0.367609,12.558246,49.379349,35.355148,-0.062869,0.867882,0.083563,0.485640,4.420295,4.577151,41.482887,-0.014403,0.969250,0.139039,0.202520,-0.723882,1.733933,-10.847843,-0.062869,0.867882,0.083563,0.485640,16.516949,1.698164,34.201221
376,3.133333,-0.044525,0.948128,0.079529,0.304542,6.174403,82.924179,21.249662,-0.043456,0.940797,0.074981,0.327704,5.214034,90.031967,22.143660,-0.014569,0.940816,0.048230,0.335152,3.192274,105.244133,23.882771,0.038511,0.972727,0.049284,0.223359,2.126157,122.998856,25.327991,0.031791,0.994799,-0.013524,0.095822,3.621698,136.693115,25.294563,-0.069601,0.886941,0.136903,0.435602,-0.739093,117.566345,23.023254,-0.607598,0.473142,-0.283376,0.571541,-10.897038,117.496613,9.856089,0.628737,-0.282605,0.285184,-0.665954,-1.193483,95.226906,4.988227,-0.584705,0.106824,-0.575619,0.561579,11.721708,81.214294,4.649084,-0.082820,0.918189,0.081254,0.378770,4.712992,117.531761,27.470053,0.565772,0.812689,0.138245,-0.018099,16.343269,119.037392,39.261265,0.630635,0.675968,0.306741,-0.226443,25.241137,96.378555,34.656914,-0.809592,-0.469877,-0.240191,0.257068,27.094570,83.416817,22.069742,0.056230,0.920870,0.137196,0.360575,-0.970116,82.606934,16.096964,0.062003,0.986091,0.029405,0.151378,-1.132079,49.113029,5.823877,-0.014284,0.969313,0.138971,0.202273,-6.341320,3.599989,2.296924,-0.032223,0.936004,-0.125244,0.327372,13.318923,83.241417,26.402361,0.058106,0.923633,-0.095285,0.366670,12.559338,49.378948,35.355595,-0.062990,0.867881,0.083454,0.485643,4.417153,4.577744,41.485008,-0.014284,0.969313,0.138971,0.202273,-0.728382,1.732726,-10.842650,-0.062990,0.867881,0.083454,0.485643,16.514400,1.697784,34.204720
377,3.141667,-0.044620,0.948084,0.079514,0.304670,6.179214,82.922935,21.250088,-0.043575,0.940793,0.075026,0.327691,5.217485,90.030632,22.143333,-0.014455,0.940839,0.048338,0.335077,3.191372,105.245995,23.882996,0.038681,0.972735,0.049298,0.223296,2.127905,123.000458,25.333261,0.031736,0.994807,-0.013481,0.095756,3.627802,136.694229,25.301090,-0.069531,0.886951,0.136952,0.435578,-0.738470,117.568970,23.027521,-0.607616,0.473274,-0.283275,0.571463,-10.897434,117.501869,9.861128,0.628788,-0.282675,0.285199,-0.665870,-1.197212,95.231720,4.988626,-0.584789,0.106877,-0.575462,0.561642,11.718332,81.214996,4.649450,-0.082790,0.918217,0.081343,0.378690,4.714362,117.532433,27.473387,0.565820,0.812661,0.138203,-0.018190,16.346821,119.036331,39.262669,0.630148,0.676506,0.306630,-0.226343,25.241863,96.376953,34.655502,-0.811143,-0.467391,-0.238872,0.257941,27.119583,83.410706,22.072248,0.056323,0.920908,0.137148,0.360482,-0.963785,82.604240,16.095373,0.061997,0.986144,0.029447,0.151030,-1.133955,49.110142,5.823055,-0.014335,0.969282,0.139089,0.202337,-6.343316,3.597262,2.294204,-0.032157,0.936072,-0.125290,0.327165,13.322213,83.241631,26.404804,0.058132,0.923713,-0.095244,0.366475,12.559218,49.379669,35.359669,-0.062982,0.867929,0.083495,0.485552,4.417439,4.578042,41.486488,-0.014335,0.969282,0.139089,0.202337,-0.728202,1.733611,-10.844952,-0.062982,0.867929,0.083495,0.485552,16.513239,1.698927,34.203465
378,3.150000,-0.044628,0.948117,0.079545,0.304557,6.179411,82.923271,21.248466,-0.043540,0.940786,0.075135,0.327690,5.217538,90.030884,22.142214,-0.014406,0.940825,0.048339,0.335119,3.191336,105.245796,23.885363,0.038580,0.972756,0.049332,0.223213,2.129449,123.000313,25.336229,0.031860,0.994822,-0.013382,0.095574,3.626289,136.694427,25.304169,-0.069650,0.886926,0.137074,0.435570,-0.737257,117.569183,23.030043,-0.607467,0.473297,-0.283332,0.571574,-10.895878,117.500366,9.863395,0.628726,-0.282626,0.285219,-0.665940,-1.198325,95.229858,4.987248,-0.584732,0.106954,-0.575490,0.561659,11.716330,81.215347,4.648416,-0.082752,0.918243,0.081385,0.378628,4.715205,117.531944,27.476355,0.565765,0.812702,0.138171,-0.018268,16.349436,119.034386,39.264072,0.630204,0.676243,0.307062,-0.226386,25.247389,96.376549,34.655003,-0.811269,-0.467619,-0.239067,0.256948,27.122259,83.415848,22.059292,0.056326,0.920865,0.137129,0.360597,-0.964781,82.604416,16.095415,0.062043,0.986133,0.029474,0.151075,-1.134403,49.109985,5.824161,-0.014222,0.969258,0.139180,0.202399,-6.347415,3.597787,2.292002,-0.032157,0.936053,-0.125399,0.327179,13.323602,83.242126,26.401516,0.058108,0.923417,-0.095192,0.367236,12.557933,49.382076,35.363392,-0.062988,0.867829,0.083547,0.485722,4.414859,4.579273,41.479874,-0.014222,0.969258,0.139180,0.202399,-0.731425,1.736026,-10.847047,-0.062988,0.867829,0.083547,0.485722,16.513607,1.701601,34.201180
379,3.158333,-0.044714,0.948104,0.079628,0.304564,6.183362,82.924622,21.247398,-0.043554,0.940793,0.075151,0.327665,5.219954,90.031937,22.141890,-0.014395,0.940836,0.048426,0.335077,3.193441,105.245209,23.885246,0.038580,0.972774,0.049328,0.223134,2.130934,122.999428,25.339195,0.031902,0.994832,-0.013305,0.095474,3.627690,136.693542,25.306833,-0.069594,0.886954,0.137102,0.435513,-0.735749,117.568573,23.032354,-0.607479,0.473337,-0.283282,0.571553,-10.896282,117.501488,9.867170,0.628801,-0.282643,0.285187,-0.665875,-1.199222,95.231186,4.989054,-0.584796,0.107202,-0.575364,0.561675,11.715230,81.217575,4.650551,-0.082744,0.918254,0.081396,0.378600,4.717114,117.530823,27.478170,0.565820,0.812674,0.138104,-0.018328,16.352097,119.032982,39.265182,0.630121,0.676299,0.307077,-0.226432,25.246841,96.374054,34.655228,-0.811470,-0.467272,-0.238919,0.257082,27.124619,83.415939,22.059681,0.056469,0.920928,0.137079,0.360433,-0.960620,82.604805,16.094118,0.061974,0.986073,0.029417,0.151509,-1.142514,49.110542,5.822539,-0.014453,0.969272,0.139116,0.202360,-6.348504,3.597248,2.294159,-0.032102,0.936100,-0.125456,0.327029,13.327345,83.244438,26.400679,0.058172,0.923789,-0.095182,0.366293,12.558238,49.385136,35.365074,-0.063005,0.867936,0.083432,0.485548,4.416356,4.582846,41.486877,-0.014453,0.969272,0.139116,0.202360,-0.731905,1.735014,-10.844562,-0.063005,0.867936,0.083432,0.485548,16.512083,1.702511,34.204216
380,3.166667,-0.044611,0.948112,0.079591,0.304564,6.181264,82.922256,21.248804,-0.043584,0.940796,0.075200,0.327640,5.219420,90.029785,22.143246,-0.014283,0.940849,0.048508,0.335032,3.191172,105.245926,23.888103,0.038605,0.972796,0.049306,0.223038,2.131505,122.999977,25.346188,0.031975,0.994842,-0.013336,0.095338,3.628886,136.694031,25.313156,-0.069651,0.886936,0.137048,0.435558,-0.736245,117.570076,23.038420,-0.607463,0.473436,-0.283202,0.571528,-10.895216,117.500771,9.872044,0.628720,-0.282689,0.285181,-0.665935,-1.200552,95.230499,4.989059,-0.584615,0.107161,-0.575625,0.561603,11.711152,81.218269,4.647771,-0.082635,0.918273,0.081403,0.378576,4.717085,117.530487,27.483648,0.565885,0.812611,0.138204,-0.018370,16.353273,119.029343,39.269890,0.630078,0.676282,0.307114,-0.226553,25.244301,96.369957,34.655060,-0.811359,-0.467428,-0.238853,0.257210,27.121984,83.415291,22.056633,0.056453,0.920963,0.137096,0.360340,-0.962888,82.603951,16.095663,0.061928,0.986046,0.029400,0.151703,-1.144363,49.109886,5.823424,-0.014319,0.969261,0.139247,0.202335,-6.345804,3.595972,2.296252,-0.032135,0.936112,-0.125409,0.327009,13.325416,83.240562,26.401943,0.058207,0.923764,-0.095163,0.366355,12.559716,49.380585,35.364071,-0.062953,0.867877,0.083485,0.485651,4.415070,4.578340,41.482525,-0.014319,0.969261,0.139247,0.202335,-0.730693,1.736694,-10.843521,-0.062953,0.867877,0.083485,0.485651,16.512268,1.698616,34.202068
381,3.175000,-0.044596,0.948110,0.079554,0.304583,6.183835,82.919136,21.248615,-0.043676,0.940785,0.075300,0.327637,5.222342,90.026772,22.142597,-0.014244,0.940852,0.048545,0.335019,3.190077,105.244873,23.889738,0.038673,0.972821,0.049261,0.222930,2.131324,122.998833,25.349554,0.032095,0.994859,-0.013214,0.095140,3.630611,136.692673,25.315487,-0.069637,0.886930,0.137077,0.435563,-0.736763,117.569305,23.041353,-0.607231,0.473194,-0.283439,0.571857,-10.895670,117.500893,9.874922,0.628428,-0.282775,0.285261,-0.666140,-1.196324,95.232010,4.994922,-0.584584,0.107170,-0.575573,0.561687,11.710674,81.217789,4.648015,-0.082593,0.918298,0.081475,0.378510,4.716703,117.529022,27.486410,0.565893,0.812609,0.138169,-0.018449,16.354795,119.025932,39.271019,0.630006,0.676341,0.307110,-0.226582,25.245264,96.366791,34.653915,-0.811477,-0.467262,-0.238739,0.257243,27.125845,83.412277,22.054642,0.056428,0.920995,0.137103,0.360260,-0.960138,82.600906,16.095219,0.061955,0.986044,0.029389,0.151705,-1.140741,49.106770,5.823189,-0.014348,0.969273,0.139240,0.202279,-6.344740,3.593099,2.296630,-0.032111,0.936077,-0.125375,0.327123,13.327808,83.237366,26.402008,0.058179,0.923749,-0.095222,0.366381,12.560204,49.376682,35.361324,-0.063298,0.867925,0.083396,0.485535,4.415859,4.575148,41.485466,-0.014348,0.969273,0.139240,0.202279,-0.730870,1.733794,-10.843674,-0.063298,0.867925,0.083396,0.485535,16.513262,1.698036,34.204311
382,3.183333,-0.044509,0.948140,0.079316,0.304563,6.180768,82.917992,21.253773,-0.043589,0.940804,0.075277,0.327601,5.221526,90.026283,22.144932,-0.014215,0.940865,0.048568,0.334981,3.192626,105.240570,23.891882,0.038622,0.972828,0.049333,0.222889,2.134608,122.994484,25.352856,0.032102,0.994862,-0.013188,0.095107,3.632051,136.688538,25.320333,-0.069506,0.886932,0.137205,0.435541,-0.733861,117.565178,23.044571,-0.607202,0.473379,-0.283358,0.571775,-10.894004,117.502357,9.879060,0.628574,-0.282728,0.285227,-0.666037,-1.201046,95.232033,4.992915,-0.584715,0.107379,-0.575244,0.561848,11.711635,81.215111,4.648973,-0.082715,0.918278,0.081449,0.378536,4.719978,117.524445,27.489168,0.565903,0.812586,0.138256,-0.018500,16.356745,119.025291,39.274590,0.630208,0.676206,0.307076,-0.226470,25.246531,96.366806,34.652958,-0.811456,-0.467276,-0.238914,0.257126,27.119991,83.406837,22.054058,0.056460,0.920961,0.137203,0.360304,-0.963551,82.599899,16.100845,0.061923,0.986034,0.029363,0.151793,-1.143099,49.107941,5.821701,-0.014432,0.969298,0.139185,0.202192,-6.344275,3.593773,2.297402,-0.032092,0.936180,-0.125373,0.326832,13.325088,83.236076,26.406700,0.058206,0.923842,-0.095128,0.366168,12.559104,49.375278,35.365723,-0.063046,0.867922,0.083620,0.485536,4.417018,4.572394,41.482929,-0.014432,0.969298,0.139185,0.202192,-0.732113,1.733409,-10.843486,-0.063046,0.867922,0.083620,0.485536,16.513315,1.697257,34.199158
383,3.191667,-0.044584,0.948135,0.079272,0.304579,6.182493,82.921371,21.255129,-0.043660,0.940784,0.075333,0.327636,5.222401,90.029678,22.145338,-0.014166,0.940850,0.048614,0.335019,3.190754,105.244080,23.893187,0.038715,0.972809,0.049359,0.222952,2.133775,122.997879,25.356220,0.032128,0.994854,-0.013131,0.095190,3.633638,136.691666,25.325087,-0.069572,0.886947,0.137181,0.435507,-0.734871,117.569038,23.047064,-0.607268,0.473437,-0.283266,0.571703,-10.895705,117.503723,9.882098,0.628521,-0.282804,0.285188,-0.666071,-1.202881,95.233742,4.994181,-0.584539,0.107436,-0.575469,0.561789,11.707572,81.217720,4.646489,-0.082619,0.918301,0.081553,0.378480,4.718628,117.527412,27.492069,0.565905,0.812592,0.138218,-0.018505,16.357336,119.024231,39.276093,0.630368,0.676255,0.306585,-0.226542,25.247040,96.365532,34.655342,-0.811497,-0.467097,-0.238421,0.257775,27.112028,83.396873,22.063375,0.056497,0.921035,0.137222,0.360100,-0.961536,82.601822,16.101891,0.061997,0.986004,0.029335,0.151959,-1.145245,49.110531,5.820648,-0.014425,0.969248,0.139182,0.202432,-6.352834,3.597051,2.297011,-0.032061,0.936158,-0.125320,0.326917,13.326523,83.240929,26.408365,0.058206,0.923840,-0.095239,0.366143,12.558919,49.379055,35.363171,-0.063079,0.868011,0.083514,0.485389,4.413280,4.578116,41.489895,-0.014425,0.969248,0.139182,0.202432,-0.734467,1.736495,-10.841194,-0.063079,0.868011,0.083514,0.485389,16.507139,1.700789,34.202934
384,3.200000,-0.044657,0.948121,0.079512,0.304548,6.185360,82.923569,21.253506,-0.043552,0.940794,0.075372,0.327612,5.223246,90.031227,22.146679,-0.014233,0.940853,0.048628,0.335005,3.194749,105.242851,23.896460,0.038692,0.972831,0.049331,0.222864,2.135387,122.996544,25.359198,0.032196,0.994868,-0.013023,0.095037,3.634648,136.690384,25.326977,-0.069514,0.886934,0.137391,0.435476,-0.732572,117.567268,23.050205,-0.607171,0.473386,-0.283362,0.571800,-10.894552,117.506599,9.886104,0.628439,-0.282885,0.285197,-0.666110,-1.202034,95.236328,4.998845,-0.584530,0.107655,-0.575499,0.561726,11.704130,81.221130,4.648031,-0.082610,0.918298,0.081593,0.378480,4.721035,117.526459,27.495087,0.565916,0.812558,0.138388,-0.018385,16.359779,119.022476,39.279171,0.630163,0.676090,0.307369,-0.226542,25.249069,96.363609,34.658424,-0.811477,-0.467184,-0.239045,0.257102,27.122730,83.415123,22.056931,0.056537,0.921071,0.137116,0.360043,-0.958893,82.604034,16.100580,0.061936,0.986026,0.029440,0.151823,-1.148593,49.111023,5.825048,-0.014231,0.969286,0.139246,0.202220,-6.349710,3.597417,2.293446,-0.032093,0.936154,-0.125378,0.326905,13.329613,83.243103,26.406431,0.058303,0.923977,-0.095190,0.365795,12.562905,49.382397,35.365723,-0.063083,0.867940,0.083371,0.485541,4.412962,4.581654,41.488117,-0.014231,0.969286,0.139246,0.202220,-0.738224,1.737657,-10.847813,-0.063083,0.867940,0.083371,0.485541,16.508951,1.700904,34.206051
385,3.208333,-0.044710,0.948110,0.079524,0.304573,6.186814,82.923302,21.255211,-0.043518,0.940790,0.075384,0.327624,5.223897,90.030861,22.148287,-0.014219,0.940849,0.048661,0.335013,3.196162,105.243156,23.898806,0.038864,0.972810,0.049398,0.222915,2.136874,122.996750,25.362808,0.032136,0.994864,-0.013012,0.095096,3.640402,136.690140,25.333536,-0.069471,0.886986,0.137334,0.435395,-0.731077,117.567657,23.053375,-0.607232,0.473489,-0.283222,0.571719,-10.895602,117.506943,9.891245,0.628438,-0.283043,0.285321,-0.665991,-1.203990,95.237244,4.999643,-0.584786,0.107203,-0.575192,0.561861,11.700414,81.211678,4.648973,-0.082648,0.918281,0.081659,0.378499,4.722456,117.526505,27.498341,0.565894,0.812573,0.138386,-0.018403,16.360521,119.022751,39.283062,0.630111,0.676168,0.307338,-0.226495,25.251017,96.364471,34.661777,-0.811524,-0.467031,-0.239064,0.257214,27.128017,83.413521,22.060877,0.056629,0.921045,0.137092,0.360105,-0.957083,82.602989,16.101841,0.061866,0.986052,0.029465,0.151679,-1.152556,49.110249,5.825550,-0.014166,0.969256,0.139323,0.202314,-6.347545,3.595978,2.293485,-0.032071,0.936182,-0.125371,0.326829,13.330709,83.243607,26.408583,0.058223,0.923739,-0.095165,0.366415,12.563409,49.382683,35.367001,-0.062660,0.867921,0.083324,0.485638,4.416962,4.580638,41.484528,-0.014166,0.969256,0.139323,0.202314,-0.734006,1.737977,-10.847142,-0.062660,0.867921,0.083324,0.485638,16.511557,1.692819,34.202950
386,3.216667,-0.044714,0.948144,0.079803,0.304393,6.186707,82.927551,21.254602,-0.043477,0.940810,0.075363,0.327578,5.222701,90.034470,22.151638,-0.014162,0.940851,0.048752,0.334997,3.196838,105.244209,23.901754,0.039154,0.972811,0.049394,0.222859,2.138402,122.997536,25.369507,0.031984,0.994883,-0.013058,0.094942,3.649628,136.690079,25.341738,-0.069510,0.886967,0.137470,0.435385,-0.729886,117.569054,23.059057,-0.607113,0.473468,-0.283324,0.571812,-10.894539,117.509163,9.897015,0.628319,-0.283046,0.285154,-0.666173,-1.204827,95.238678,5.005208,-0.584709,0.107428,-0.574973,0.562122,11.702458,81.217300,4.647223,-0.082676,0.918275,0.081826,0.378470,4.723826,117.526733,27.503794,0.565883,0.812572,0.138430,-0.018439,16.362457,119.021812,39.288109,0.630162,0.676014,0.307477,-0.226627,25.253469,96.364258,34.664230,-0.811344,-0.467328,-0.239240,0.257079,27.125704,83.420029,22.059397,0.056587,0.921056,0.137083,0.360086,-0.959113,82.608398,16.103825,0.061862,0.986059,0.029481,0.151629,-1.152343,49.115147,5.829169,-0.014246,0.969290,0.139203,0.202229,-6.346914,3.600922,2.295890,-0.032065,0.936171,-0.125401,0.326849,13.332528,83.246704,26.405378,0.058187,0.923635,-0.095173,0.366682,12.563973,49.386292,35.365604,-0.062762,0.867913,0.083183,0.485664,4.418580,4.584005,41.482750,-0.014246,0.969290,0.139203,0.202229,-0.735151,1.740011,-10.845087,-0.062762,0.867913,0.083183,0.485664,16.513908,1.694155,34.203194
387,3.225000,-0.044689,0.948099,0.079503,0.304614,6.188422,82.922859,21.258968,-0.043470,0.940785,0.075459,0.327628,5.225856,90.030495,22.151812,-0.014227,0.940846,0.048740,0.335009,3.198622,105.243706,23.905117,0.039168,0.972814,0.049388,0.222845,2.138104,122.997009,25.371670,0.032037,0.994887,-0.012963,0.094901,3.649687,136.689514,25.343803,-0.069453,0.886986,0.137425,0.435369,-0.729485,117.568054,23.061483,-0.607170,0.473583,-0.283205,0.571716,-10.894845,117.509079,9.899984,0.628504,-0.283083,0.285051,-0.666027,-1.207166,95.238541,5.004394,-0.584662,0.107941,-0.575454,0.561580,11.696429,81.224083,4.646721,-0.082573,0.918276,0.081810,0.378494,4.724085,117.526649,27.506403,0.565880,0.812546,0.138604,-0.018356,16.362682,119.018707,39.291134,0.630224,0.676031,0.307431,-0.226464,25.254042,96.361603,34.665752,-0.811616,-0.466805,-0.239100,0.257299,27.126303,83.411827,22.063736,0.056602,0.921089,0.137155,0.359971,-0.955068,82.602867,16.105015,0.062018,0.985953,0.029345,0.152281,-1.148677,49.111122,5.825431,-0.014345,0.969238,0.139284,0.202415,-6.356888,3.597936,2.298882,-0.032010,0.936225,-0.125318,0.326732,13.331914,83.242851,26.412922,0.058239,0.923780,-0.095204,0.366299,12.562759,49.380722,35.366627,-0.063012,0.867937,0.083574,0.485520,4.414459,4.579526,41.487919,-0.014345,0.969238,0.139284,0.202415,-0.739436,1.739816,-10.840058,-0.063012,0.867937,0.083574,0.485520,16.510149,1.702768,34.203773
388,3.233333,-0.044673,0.948125,0.079525,0.304532,6.186524,82.924477,21.260334,-0.043474,0.940793,0.075493,0.327597,5.224155,90.032074,22.153631,-0.014137,0.940854,0.048737,0.334989,3.196749,105.243210,23.907736,0.039171,0.972803,0.049452,0.222877,2.139315,122.996613,25.375298,0.032105,0.994875,-0.012977,0.094993,3.650653,136.689148,25.349239,-0.069452,0.886985,0.137395,0.435382,-0.729312,117.568268,23.064964,-0.607222,0.473630,-0.283105,0.571672,-10.894324,117.508934,9.903197,0.628511,-0.283200,0.285095,-0.665952,-1.206026,95.239227,5.005045,-0.584719,0.108077,-0.575263,0.561691,11.692986,81.222794,4.646374,-0.082520,0.918278,0.081746,0.378515,4.724478,117.525696,27.509604,0.565866,0.812534,0.138742,-0.018319,16.362837,119.016899,39.294678,0.630229,0.675962,0.307546,-0.226500,25.255049,96.360588,34.667015,-0.811472,-0.467009,-0.239229,0.257266,27.126524,83.413567,22.061930,0.056616,0.921079,0.137197,0.359979,-0.957868,82.604729,16.107611,0.061889,0.985984,0.029392,0.152126,-1.151275,49.113899,5.825040,-0.014155,0.969279,0.139253,0.202252,-6.347732,3.599489,2.296885,-0.032026,0.936195,-0.125306,0.326820,13.330917,83.244217,26.413054,0.058168,0.923559,-0.095216,0.366863,12.562257,49.381950,35.366291,-0.063180,0.867961,0.083442,0.485478,4.415826,4.580212,41.486080,-0.014155,0.969279,0.139253,0.202252,-0.735961,1.739472,-10.844215,-0.063180,0.867961,0.083442,0.485478,16.511620,1.702566,34.202461
389,3.241667,-0.044709,0.948130,0.079725,0.304457,6.185947,82.926620,21.258921,-0.043392,0.940796,0.075568,0.327581,5.222281,90.033714,22.154852,-0.014126,0.940851,0.048773,0.334995,3.196749,105.243256,23.911816,0.039312,0.972776,0.049534,0.222954,2.139261,122.996544,25.380690,0.032008,0.994867,-0.013070,0.095105,3.654008,136.688705,25.357851,-0.069386,0.886976,0.137423,0.435401,-0.729331,117.568359,23.069921,-0.607289,0.473707,-0.283009,0.571583,-10.894071,117.511490,9.907929,0.628563,-0.283325,0.285027,-0.665879,-1.206715,95.241821,5.007732,-0.584829,0.108080,-0.575269,0.561569,11.692288,81.223038,4.645604,-0.082546,0.918286,0.081882,0.378460,4.724414,117.525467,27.514612,0.565982,0.812448,0.138765,-0.018365,16.364012,119.015923,39.298561,0.630204,0.675947,0.307623,-0.226510,25.249619,96.357689,34.667675,-0.811385,-0.467235,-0.239269,0.257093,27.122122,83.411797,22.060427,0.056602,0.921087,0.137180,0.359966,-0.959203,82.607224,16.107225,0.061899,0.986091,0.029486,0.151403,-1.152227,49.115952,5.826082,-0.014214,0.969292,0.139120,0.202279,-6.350883,3.602180,2.293042,-0.032012,0.936156,-0.125278,0.326944,13.331098,83.246017,26.410616,0.058176,0.923767,-0.095250,0.366331,12.560983,49.383190,35.361595,-0.063142,0.867988,0.083393,0.485444,4.416252,4.582131,41.488617,-0.014214,0.969292,0.139120,0.202279,-0.738133,1.738733,-10.847157,-0.063142,0.867988,0.083393,0.485444,16.511103,1.702722,34.204128
390,3.250000,-0.044692,0.948170,0.079953,0.304275,6.184064,82.927361,21.257845,-0.043249,0.940808,0.075532,0.327575,5.219813,90.033951,22.157145,-0.014211,0.940829,0.048782,0.335051,3.199012,105.242332,23.914349,0.039225,0.972773,0.049514,0.222984,2.138484,122.995506,25.382454,0.032209,0.994858,-0.012940,0.095141,3.651078,136.687897,25.358635,-0.069193,0.887014,0.137524,0.435323,-0.728940,117.566788,23.071512,-0.607639,0.473960,-0.282627,0.571191,-10.896834,117.516640,9.911935,0.628783,-0.283421,0.284977,-0.665652,-1.210657,95.247467,5.007150,-0.584776,0.108158,-0.575331,0.561545,11.691572,81.223152,4.646113,-0.082608,0.918258,0.081964,0.378498,4.724243,117.524933,27.516901,0.565945,0.812474,0.138755,-0.018437,16.362560,119.016090,39.302029,0.630130,0.676070,0.307499,-0.226517,25.250137,96.359108,34.668762,-0.811462,-0.467038,-0.239127,0.257338,27.125942,83.411377,22.064093,0.056558,0.920995,0.137144,0.360223,-0.963058,82.609192,16.108812,0.061959,0.986004,0.029443,0.151956,-1.151323,49.116890,5.830943,-0.014225,0.969282,0.139091,0.202344,-6.354034,3.603572,2.298044,-0.032042,0.936161,-0.125403,0.326879,13.331186,83.245529,26.406876,0.058166,0.923471,-0.095193,0.367093,12.560786,49.385040,35.366669,-0.063052,0.867930,0.083411,0.485556,4.413764,4.582873,41.482525,-0.014225,0.969282,0.139091,0.202344,-0.739550,1.739347,-10.841299,-0.063052,0.867930,0.083411,0.485556,16.509893,1.702686,34.200466
391,3.258333,-0.044829,0.948127,0.079813,0.304426,6.190393,82.926407,21.263056,-0.043320,0.940777,0.075555,0.327648,5.224740,90.033142,22.159681,-0.014242,0.940807,0.048861,0.335100,3.201200,105.243591,23.916929,0.039149,0.972755,0.049511,0.223077,2.138608,122.996460,25.387243,0.032305,0.994840,-0.012885,0.095306,3.649337,136.689072,25.363096,-0.069302,0.887008,0.137631,0.435284,-0.727983,117.567734,23.075283,-0.607560,0.473855,-0.282659,0.571346,-10.896502,117.515755,9.916199,0.628589,-0.283475,0.285092,-0.665763,-1.206264,95.248520,5.010634,-0.584644,0.108038,-0.575468,0.561566,11.688611,81.224915,4.647758,-0.082549,0.918259,0.082077,0.378483,4.724723,117.525879,27.521255,0.565829,0.812534,0.138881,-0.018388,16.363729,119.013824,39.306103,0.630266,0.675862,0.307575,-0.226656,25.257896,96.359596,34.672020,-0.811492,-0.467054,-0.239028,0.257307,27.125015,83.416771,22.063639,0.056647,0.921079,0.137174,0.359984,-0.954890,82.605446,16.111647,0.061952,0.985999,0.029461,0.151990,-1.150774,49.114418,5.829770,-0.014264,0.969250,0.139271,0.202371,-6.352419,3.601104,2.295197,-0.031975,0.936219,-0.125373,0.326730,13.335676,83.247360,26.414467,0.058212,0.923616,-0.095186,0.366722,12.562990,49.386044,35.370930,-0.062974,0.867953,0.083480,0.485514,4.414738,4.584256,41.487926,-0.014264,0.969250,0.139271,0.202371,-0.736739,1.742173,-10.844386,-0.062974,0.867953,0.083480,0.485514,16.509829,1.704644,34.203918
392,3.266667,-0.044876,0.948123,0.079923,0.304404,6.191515,82.927162,21.262833,-0.043299,0.940765,0.075601,0.327676,5.224759,90.033585,22.160772,-0.014253,0.940787,0.048942,0.335143,3.201403,105.243286,23.919472,0.038916,0.972743,0.049519,0.223169,2.137429,122.995865,25.392315,0.032601,0.994810,-0.012872,0.095518,3.642040,136.689133,25.367191,-0.069271,0.887008,0.137736,0.435255,-0.728565,117.567276,23.079281,-0.607604,0.473882,-0.282579,0.571316,-10.898081,117.517578,9.920955,0.628668,-0.283483,0.285056,-0.665700,-1.206893,95.251175,5.013526,-0.584705,0.108114,-0.575474,0.561481,11.688755,81.227943,4.651134,-0.082553,0.918268,0.082132,0.378449,4.723727,117.525146,27.525759,0.565718,0.812604,0.138922,-0.018390,16.363562,119.012657,39.309845,0.630524,0.675476,0.307607,-0.227044,25.263912,96.360962,34.675243,-0.810156,-0.469015,-0.239897,0.257141,27.112719,83.425858,22.057484,0.056647,0.921078,0.137172,0.359986,-0.953936,82.605972,16.111670,0.061986,0.985999,0.029407,0.151980,-1.149852,49.114902,5.829935,-0.014180,0.969254,0.139275,0.202357,-6.355396,3.601682,2.299829,-0.032006,0.936181,-0.125373,0.326836,13.336966,83.248344,26.413996,0.058299,0.923726,-0.095154,0.366439,12.565292,49.387150,35.371017,-0.063099,0.867914,0.083476,0.485567,4.412590,4.585734,41.484856,-0.014180,0.969254,0.139275,0.202357,-0.740700,1.742403,-10.840128,-0.063099,0.867914,0.083476,0.485567,16.509386,1.707825,34.203003
393,3.275000,-0.044843,0.948110,0.079910,0.304451,6.192699,82.926117,21.265335,-0.043196,0.940749,0.075582,0.327740,5.226405,90.032616,22.163197,-0.014320,0.940754,0.049077,0.335215,3.205611,105.246422,23.922695,0.039139,0.972713,0.049551,0.223253,2.137659,122.998466,25.399178,0.032499,0.994809,-0.012940,0.095562,3.648162,136.691101,25.376469,-0.069315,0.886995,0.137799,0.435254,-0.726820,117.569771,23.084520,-0.607573,0.473963,-0.282563,0.571291,-10.896152,117.519714,9.926060,0.628757,-0.283451,0.285035,-0.665639,-1.208305,95.252419,5.016045,-0.584755,0.108313,-0.575411,0.561455,11.689179,81.229431,4.655568,-0.082531,0.918251,0.082247,0.378470,4.724768,117.527832,27.531862,0.565732,0.812590,0.138935,-0.018509,16.364189,119.013092,39.316628,0.630460,0.675618,0.307517,-0.226923,25.263569,96.362099,34.676769,-0.810646,-0.468372,-0.239487,0.257152,27.117476,83.422081,22.062498,0.056719,0.921030,0.137162,0.360103,-0.952298,82.605484,16.113514,0.061994,0.985995,0.029411,0.152007,-1.151831,49.114799,5.830595,-0.014062,0.969242,0.139314,0.202396,-6.357954,3.601691,2.299891,-0.032002,0.936177,-0.125380,0.326847,13.337697,83.246750,26.417156,0.058245,0.923602,-0.095166,0.366758,12.565467,49.385677,35.374580,-0.063200,0.867953,0.083515,0.485477,4.414888,4.583878,41.488430,-0.014062,0.969242,0.139314,0.202396,-0.743041,1.742824,-10.840028,-0.063200,0.867953,0.083515,0.485477,16.510994,1.708303,34.204521
394,3.283333,-0.044871,0.948132,0.080054,0.304342,6.191843,82.927666,21.265364,-0.043195,0.940760,0.075579,0.327707,5.224648,90.033791,22.165176,-0.014273,0.940757,0.049168,0.335195,3.204093,105.246544,23.924530,0.039141,0.972695,0.049639,0.223313,2.136652,122.998306,25.404659,0.032497,0.994794,-0.013050,0.095705,3.646780,136.690979,25.384457,-0.069244,0.886997,0.137660,0.435307,-0.728073,117.570152,23.089037,-0.607208,0.473798,-0.282535,0.571828,-10.896201,117.520432,9.929633,0.628252,-0.283223,0.285345,-0.666080,-1.199847,95.259911,5.005704,-0.584223,0.107052,-0.576571,0.561061,11.689022,81.242569,4.648382,-0.082975,0.918371,0.082042,0.378127,4.723726,117.527176,27.536116,0.565974,0.812423,0.138939,-0.018371,16.369356,119.029869,39.312546,0.630411,0.675818,0.307395,-0.226628,25.255394,96.372826,34.676632,-0.810847,-0.468065,-0.239300,0.257251,27.117702,83.416092,22.062502,0.056676,0.921017,0.137178,0.360136,-0.954276,82.607185,16.115084,0.061964,0.986004,0.029444,0.151955,-1.150286,49.116467,5.832210,-0.014330,0.969267,0.139326,0.202248,-6.353401,3.603193,2.299237,-0.031976,0.936149,-0.125359,0.326937,13.337962,83.248154,26.415646,0.058179,0.923497,-0.095217,0.367018,12.563660,49.386581,35.371017,-0.063078,0.867949,0.083607,0.485486,4.415211,4.584983,41.489147,-0.014330,0.969267,0.139326,0.202248,-0.740365,1.746226,-10.841759,-0.063078,0.867949,0.083607,0.485486,16.510874,1.709965,34.204273
395,3.291667,-0.044778,0.948127,0.080044,0.304372,6.190848,82.926834,21.268499,-0.043356,0.940759,0.075640,0.327675,5.224934,90.033104,22.168556,-0.014168,0.940786,0.049048,0.335135,3.199718,105.241142,23.927618,0.039094,0.972694,0.049747,0.223302,2.137314,122.993431,25.405052,0.032626,0.994784,-0.013061,0.095755,3.645525,136.686325,25.387442,-0.069069,0.886998,0.137648,0.435335,-0.729208,117.565681,23.090694,-0.607558,0.473864,-0.282535,0.571402,-10.897343,117.521072,9.931283,0.628610,-0.283537,0.285159,-0.665688,-1.204070,95.256340,5.020372,-0.584687,0.108160,-0.575519,0.561445,11.689179,81.228859,4.658508,-0.083059,0.918358,0.082161,0.378113,4.723194,117.521942,27.537024,0.565935,0.812472,0.138801,-0.018438,16.368719,119.025719,39.313419,0.630419,0.675717,0.307411,-0.226886,25.256819,96.369209,34.678871,-0.810277,-0.468792,-0.239721,0.257333,27.114180,83.419769,22.060907,0.056630,0.921025,0.137246,0.360096,-0.955098,82.607887,16.117882,0.062065,0.985961,0.029384,0.152202,-1.146829,49.118111,5.831871,-0.014317,0.969256,0.139200,0.202388,-6.359049,3.605679,2.301577,-0.031956,0.936203,-0.125313,0.326801,13.336796,83.245781,26.419115,0.058195,0.923597,-0.095222,0.366763,12.563560,49.383308,35.371189,-0.062905,0.867993,0.083723,0.485409,4.415308,4.581955,41.491394,-0.014317,0.969256,0.139200,0.202388,-0.742611,1.745044,-10.837444,-0.062905,0.867993,0.083723,0.485409,16.508848,1.707322,34.202843
396,3.300000,-0.044797,0.948124,0.079922,0.304411,6.190336,82.929367,21.273090,-0.043274,0.940749,0.075631,0.327718,5.224653,90.035896,22.171364,-0.014207,0.940764,0.049102,0.335186,3.202137,105.241623,23.930628,0.039133,0.972702,0.049684,0.223272,2.137720,122.993683,25.409349,0.032753,0.994791,-0.013008,0.095646,3.647284,136.686417,25.390226,-0.069061,0.886978,0.137770,0.435338,-0.727976,117.565826,23.094240,-0.607496,0.473862,-0.282575,0.571450,-10.896039,117.523262,9.934768,0.628558,-0.283507,0.285143,-0.665756,-1.203784,95.258240,5.023162,-0.584619,0.108184,-0.575535,0.561495,11.691958,81.230019,4.660356,-0.083103,0.918332,0.082203,0.378158,4.723929,117.522301,27.541178,0.565964,0.812450,0.138809,-0.018485,16.368071,119.026657,39.318867,0.630433,0.675783,0.307377,-0.226698,25.254471,96.369949,34.682049,-0.810719,-0.468278,-0.239441,0.257134,27.114830,83.412811,22.065397,0.056692,0.921029,0.137149,0.360114,-0.955164,82.609505,16.121916,0.061222,0.986390,0.029892,0.149643,-1.153164,49.118366,5.840443,-0.014205,0.969499,0.139597,0.200955,-6.291382,3.599146,2.289179,-0.031926,0.936180,-0.125247,0.326897,13.335836,83.249229,26.424265,0.058193,0.923652,-0.095187,0.366634,12.561253,49.385460,35.371311,-0.063040,0.867976,0.083608,0.485441,4.415222,4.583469,41.489815,-0.014205,0.969499,0.139597,0.200955,-0.712694,1.749651,-10.867481,-0.063040,0.867976,0.083608,0.485441,16.509893,1.707899,34.203522
397,3.308333,-0.044864,0.948029,0.079659,0.304767,6.200389,82.921341,21.276110,-0.043478,0.940688,0.075754,0.327838,5.234607,90.028397,22.170143,-0.014182,0.940745,0.049201,0.335226,3.203603,105.241379,23.931581,0.039162,0.972670,0.049746,0.223395,2.138786,122.993126,25.413853,0.032750,0.994771,-0.013057,0.095852,3.648953,136.685806,25.396835,-0.068938,0.886993,0.137774,0.435328,-0.726637,117.565689,23.097397,-0.607413,0.473831,-0.282595,0.571553,-10.895579,117.526749,9.938582,0.628487,-0.283469,0.285245,-0.665796,-1.202451,95.262566,5.024870,-0.584534,0.108129,-0.575677,0.561448,11.692763,81.232079,4.664246,-0.083124,0.918315,0.082213,0.378191,4.724906,117.521332,27.544775,0.565933,0.812467,0.138840,-0.018473,16.368107,119.026093,39.323353,0.630324,0.675754,0.307494,-0.226928,25.256269,96.370102,34.686344,-0.810319,-0.468782,-0.239655,0.257279,27.117556,83.421707,22.064621,0.056896,0.921144,0.137148,0.359787,-0.941181,82.599533,16.119602,0.061241,0.986348,0.029765,0.149939,-1.155985,49.109993,5.833268,-0.014268,0.969455,0.139864,0.200978,-6.296559,3.590286,2.291662,-0.031866,0.936172,-0.125207,0.326940,13.341959,83.243156,26.432619,0.058247,0.923683,-0.095156,0.366555,12.564000,49.378437,35.375767,-0.063268,0.867976,0.083699,0.485397,4.414937,4.576495,41.490566,-0.014268,0.969455,0.139864,0.200978,-0.716511,1.748698,-10.865540,-0.063268,0.867976,0.083699,0.485397,16.510668,1.706388,34.203865
398,3.316667,-0.044921,0.948085,0.080168,0.304451,6.196382,82.929947,21.271965,-0.043137,0.940707,0.075683,0.327845,5.227909,90.035751,22.172987,-0.014299,0.940695,0.049343,0.335342,3.208135,105.245255,23.935287,0.039139,0.972663,0.049685,0.223444,2.137491,122.996376,25.420784,0.032770,0.994771,-0.013095,0.095835,3.647506,136.689072,25.402113,-0.069000,0.886982,0.137818,0.435326,-0.725664,117.568527,23.102512,-0.607165,0.473790,-0.282442,0.571927,-10.894382,117.528427,9.943536,0.628422,-0.283318,0.285653,-0.665747,-1.195045,95.270439,5.014085,-0.584497,0.108084,-0.575784,0.561385,11.692914,81.236214,4.666924,-0.082931,0.918278,0.082350,0.378294,4.724735,117.524971,27.551300,0.565840,0.812490,0.139084,-0.018462,16.366402,119.021713,39.332401,0.630237,0.675784,0.307563,-0.226987,25.259804,96.368980,34.689606,-0.810403,-0.468622,-0.239474,0.257474,27.124002,83.423935,22.066216,0.056801,0.921058,0.137074,0.360050,-0.948492,82.609428,16.119961,0.061229,0.986323,0.029829,0.150095,-1.156110,49.117710,5.840562,-0.014183,0.969471,0.139691,0.201025,-6.294130,3.598222,2.292508,-0.031933,0.936130,-0.125316,0.327011,13.341257,83.250465,26.423969,0.058228,0.923569,-0.095168,0.366842,12.564492,49.387951,35.375561,-0.063089,0.867945,0.083632,0.485487,4.414744,4.586005,41.489449,-0.014183,0.969471,0.139691,0.201025,-0.713667,1.751255,-10.863759,-0.063089,0.867945,0.083632,0.485487,16.510561,1.711755,34.204529
399,3.325000,-0.044952,0.948035,0.080134,0.304612,6.198184,82.928841,21.276556,-0.043195,0.940680,0.075640,0.327925,5.229275,90.034683,22.176819,-0.014280,0.940675,0.049431,0.335385,3.207944,105.245483,23.937269,0.038991,0.972653,0.049693,0.223508,2.136814,122.996315,25.425900,0.032878,0.994756,-0.013119,0.095961,3.642936,136.689438,25.406698,-0.068977,0.886968,0.137821,0.435356,-0.726025,117.568825,23.106380,-0.607130,0.473729,-0.282454,0.572009,-10.893951,117.529594,9.946789,0.628379,-0.283296,0.285705,-0.665774,-1.192049,95.272781,5.017037,-0.584459,0.108039,-0.575885,0.561330,11.695887,81.237267,4.670923,-0.083004,0.918294,0.082408,0.378227,4.723975,117.524567,27.555651,0.565817,0.812497,0.139147,-0.018355,16.366932,119.023048,39.335262,0.630164,0.675829,0.307584,-0.227025,25.261810,96.370316,34.695190,-0.810401,-0.468590,-0.239368,0.257639,27.128750,83.426559,22.070803,0.056860,0.921010,0.137106,0.360151,-0.944917,82.607880,16.122120,0.061291,0.986304,0.029743,0.150209,-1.154428,49.117249,5.839231,-0.014326,0.969461,0.139669,0.201081,-6.298869,3.597984,2.297576,-0.031943,0.936142,-0.125226,0.327012,13.341286,83.249802,26.430992,0.058260,0.923552,-0.095171,0.366880,12.567237,49.385757,35.377033,-0.063206,0.867920,0.083642,0.485514,4.414398,4.584205,41.489704,-0.014326,0.969461,0.139669,0.201081,-0.715938,1.751174,-10.857669,-0.063206,0.867920,0.083642,0.485514,16.511484,1.711874,34.206127
400,3.333333,-0.044891,0.948038,0.080183,0.304599,6.197297,82.928268,21.277632,-0.043141,0.940664,0.075615,0.327982,5.229017,90.034073,22.178841,-0.014281,0.940645,0.049482,0.335461,3.209433,105.244789,23.938969,0.038953,0.972628,0.049762,0.223611,2.137557,122.995445,25.429192,0.032954,0.994739,-0.013142,0.096101,3.642408,136.688705,25.411850,-0.068951,0.886954,0.137888,0.435368,-0.724753,117.568100,23.108673,-0.607106,0.473667,-0.282482,0.572071,-10.892481,117.530693,9.948919,0.628081,-0.283193,0.285569,-0.666158,-1.188470,95.274628,5.019959,-0.583990,0.107098,-0.576832,0.561026,11.699409,81.249794,4.665967,-0.083033,0.918274,0.082464,0.378256,4.724530,117.523552,27.558819,0.565818,0.812470,0.139320,-0.018224,16.366598,119.022095,39.339302,0.630093,0.675854,0.307718,-0.226966,25.261650,96.369354,34.699638,-0.810492,-0.468461,-0.239302,0.257647,27.132940,83.426155,22.073162,0.056840,0.920945,0.137092,0.360326,-0.946038,82.608566,16.123440,0.061247,0.986321,0.029820,0.150101,-1.152657,49.117508,5.841875,-0.014395,0.969481,0.139665,0.200979,-6.292444,3.598175,2.294349,-0.031944,0.936147,-0.125209,0.327004,13.340631,83.247971,26.431826,0.058238,0.923499,-0.095203,0.367008,12.567120,49.383633,35.376808,-0.063205,0.867933,0.083729,0.485476,4.414236,4.582414,41.491859,-0.014395,0.969481,0.139665,0.200979,-0.711661,1.751661,-10.861848,-0.063205,0.867933,0.083729,0.485476,16.510921,1.712191,34.206787
401,3.341667,-0.044894,0.948002,0.079968,0.304765,6.199663,82.926247,21.282629,-0.043271,0.940629,0.075733,0.328038,5.232129,90.032539,22.180735,-0.014345,0.940633,0.049502,0.335491,3.207048,105.245697,23.943195,0.038805,0.972604,0.049971,0.223694,2.132737,122.996208,25.433285,0.033167,0.994716,-0.013256,0.096253,3.632514,136.690033,25.420851,-0.069020,0.886913,0.137853,0.435451,-0.728697,117.568497,23.112581,-0.607075,0.473605,-0.282463,0.572166,-10.893677,117.529045,9.950722,0.628242,-0.283300,0.285774,-0.665873,-1.186195,95.274811,5.020316,-0.584368,0.107949,-0.575959,0.561366,11.701913,81.235909,4.673120,-0.082539,0.918217,0.082781,0.378435,4.720277,117.524673,27.563107,0.565631,0.812585,0.139398,-0.018290,16.360548,119.003471,39.347851,0.630231,0.675666,0.307772,-0.227071,25.265959,96.355553,34.704548,-0.810340,-0.468664,-0.239519,0.257552,27.128645,83.418655,22.077980,0.056815,0.920978,0.137177,0.360214,-0.941884,82.605614,16.126024,0.061385,0.986315,0.029742,0.150103,-1.145922,49.115974,5.839793,-0.014323,0.969469,0.139556,0.201118,-6.299248,3.597766,2.297462,-0.031898,0.936142,-0.125088,0.327068,13.341209,83.246872,26.439232,0.058267,0.923610,-0.095193,0.366725,12.566864,49.380199,35.375286,-0.063188,0.867892,0.083820,0.485535,4.413701,4.579121,41.490955,-0.014323,0.969469,0.139556,0.201118,-0.715502,1.747713,-10.856971,-0.063188,0.867892,0.083820,0.485535,16.511461,1.710920,34.206886
402,3.350000,-0.045613,0.948038,0.080786,0.304331,6.215497,82.941605,21.262585,-0.043254,0.940628,0.076233,0.327927,5.234982,90.045059,22.169056,-0.014376,0.940623,0.049529,0.335513,3.207060,105.244766,23.945059,0.038799,0.972588,0.050024,0.223752,2.131338,122.995148,25.435675,0.033196,0.994705,-0.013305,0.096345,3.630725,136.689026,25.424767,-0.068922,0.886873,0.137991,0.435505,-0.729572,117.567291,23.114651,-0.607318,0.473639,-0.282554,0.571834,-10.893462,117.533066,9.951931,0.628212,-0.283503,0.285446,-0.665955,-1.190164,95.274147,5.034478,-0.584293,0.107913,-0.576009,0.561400,11.703837,81.234734,4.672976,-0.082603,0.918186,0.082885,0.378473,4.719186,117.523743,27.565449,0.565663,0.812578,0.139313,-0.018296,16.358154,119.002998,39.351429,0.630256,0.675586,0.307884,-0.227088,25.261793,96.353989,34.710022,-0.810299,-0.468793,-0.239676,0.257301,27.123394,83.417274,22.078701,0.056886,0.920984,0.136869,0.360305,-0.929559,82.612694,16.111361,0.061305,0.986445,0.029919,0.149244,-1.145146,49.117714,5.842762,-0.014307,0.969473,0.139550,0.201105,-6.291874,3.599569,2.290010,-0.031547,0.936128,-0.125478,0.326992,13.360554,83.270515,26.413811,0.058035,0.923438,-0.095224,0.367188,12.554873,49.409126,35.367115,-0.062934,0.868020,0.083073,0.485468,4.417267,4.606113,41.489307,-0.014307,0.969473,0.139550,0.201105,-0.708588,1.749277,-10.864592,-0.062934,0.868020,0.083073,0.485468,16.510281,1.715880,34.206055
403,3.358333,-0.045624,0.948084,0.081051,0.304114,6.213551,82.946373,21.260511,-0.043168,0.940635,0.076226,0.327921,5.231939,90.049194,22.170771,-0.014364,0.940600,0.049578,0.335571,3.207356,105.243362,23.946779,0.038863,0.972550,0.050092,0.223891,2.131347,122.993591,25.439114,0.033177,0.994685,-0.013348,0.096552,3.632249,136.687286,25.430748,-0.068971,0.886831,0.138152,0.435532,-0.729248,117.565941,23.117176,-0.607106,0.473593,-0.282384,0.572182,-10.892127,117.532814,9.953669,0.628200,-0.283347,0.285813,-0.665876,-1.181892,95.280228,5.021270,-0.584294,0.107956,-0.576061,0.561337,11.707239,81.236519,4.673262,-0.083001,0.918256,0.082587,0.378280,4.718967,117.521965,27.568632,0.565759,0.812480,0.139527,-0.018055,16.360603,119.017838,39.349880,0.630187,0.675724,0.307911,-0.226831,25.259293,96.366241,34.711628,-0.810232,-0.468837,-0.239735,0.257378,27.129036,83.420273,22.080652,0.056868,0.920900,0.136842,0.360533,-0.933815,82.618355,16.112434,0.061336,0.986323,0.029845,0.150046,-1.146366,49.122707,5.845957,-0.014314,0.969499,0.139397,0.201087,-6.294014,3.604501,2.295293,-0.031578,0.936112,-0.125557,0.327006,13.360918,83.274391,26.408588,0.058011,0.923332,-0.095197,0.367464,12.555302,49.414520,35.367645,-0.062810,0.867975,0.082979,0.485581,4.418754,4.610771,41.485939,-0.014314,0.969499,0.139397,0.201087,-0.711304,1.749912,-10.858950,-0.062810,0.867975,0.082979,0.485581,16.512520,1.716516,34.205528
404,3.366667,-0.044880,0.948004,0.080361,0.304658,6.201247,82.929398,21.280661,-0.043239,0.940586,0.075872,0.328134,5.232289,90.034798,22.184286,-0.014395,0.940568,0.049638,0.335649,3.207173,105.242714,23.950342,0.038811,0.972557,0.050039,0.223882,2.129311,122.992691,25.444218,0.033312,0.994689,-0.013314,0.096474,3.629142,136.686523,25.434080,-0.068817,0.886837,0.137934,0.435612,-0.730399,117.565033,23.121267,-0.607155,0.473567,-0.282316,0.572184,-10.891644,117.533638,9.956501,0.628200,-0.283348,0.285660,-0.665941,-1.178293,95.282562,5.023444,-0.584318,0.107763,-0.576144,0.561265,11.714538,81.241570,4.671051,-0.082597,0.918148,0.082910,0.378560,4.717062,117.521111,27.573645,0.565517,0.812632,0.139586,-0.018291,16.353876,118.999519,39.361851,0.630311,0.675516,0.307941,-0.227065,25.265682,96.355042,34.714001,-0.810208,-0.468911,-0.239766,0.257290,27.124914,83.420097,22.083210,0.056813,0.920847,0.137132,0.360566,-0.941470,82.610947,16.125542,0.061355,0.986348,0.029803,0.149883,-1.142659,49.120441,5.842075,-0.014181,0.969481,0.139515,0.201101,-6.293229,3.602228,2.295772,-0.031847,0.936143,-0.125252,0.327008,13.343963,83.247849,26.435780,0.058227,0.923569,-0.095121,0.366854,12.563023,49.383831,35.381329,-0.063036,0.867920,0.083823,0.485506,4.414837,4.581049,41.491169,-0.014181,0.969481,0.139515,0.201101,-0.710990,1.750243,-10.859031,-0.063036,0.867920,0.083823,0.485506,16.511097,1.710763,34.205429
405,3.375000,-0.045470,0.948008,0.080822,0.304436,6.217320,82.939552,21.267818,-0.043337,0.940560,0.076278,0.328103,5.238511,90.043114,22.175308,-0.014328,0.940549,0.049731,0.335692,3.207285,105.243301,23.951487,0.038988,0.972571,0.049825,0.223838,2.130485,122.993027,25.449213,0.033159,0.994709,-0.013308,0.096322,3.636257,136.686188,25.434315,-0.068972,0.886793,0.138103,0.435625,-0.729392,117.566063,23.124813,-0.607113,0.473532,-0.282367,0.572233,-10.889563,117.532715,9.959216,0.627857,-0.283269,0.285180,-0.666503,-1.175988,95.281563,5.026930,-0.583888,0.106305,-0.577503,0.560592,11.720821,81.261108,4.655457,-0.083053,0.918165,0.082755,0.378453,4.717687,117.520782,27.577648,0.565496,0.812656,0.139525,-0.018359,16.354668,119.015411,39.363651,0.630344,0.675584,0.307783,-0.226986,25.267557,96.371552,34.714867,-0.810161,-0.468939,-0.239816,0.257339,27.127338,83.427193,22.083952,0.056946,0.920880,0.136869,0.360560,-0.926840,82.613411,16.115179,0.061378,0.986345,0.029848,0.149883,-1.143413,49.118912,5.845030,-0.014367,0.969478,0.139470,0.201132,-6.295391,3.601199,2.294387,-0.031623,0.936068,-0.125537,0.327134,13.361481,83.265701,26.420460,0.058123,0.923374,-0.095109,0.367365,12.558086,49.405693,35.379189,-0.063061,0.867910,0.083225,0.485623,4.415678,4.601607,41.487152,-0.014367,0.969478,0.139470,0.201132,-0.711035,1.748973,-10.859487,-0.063061,0.867910,0.083225,0.485623,16.512466,1.716979,34.207951
406,3.383333,-0.045724,0.947998,0.081147,0.304344,6.222375,82.947960,21.262506,-0.043310,0.940532,0.076425,0.328151,5.238769,90.050423,22.173378,-0.014398,0.940508,0.049767,0.335797,3.207683,105.242935,23.953146,0.038875,0.972530,0.050145,0.223962,2.127922,122.992455,25.451130,0.033300,0.994689,-0.013446,0.096458,3.628944,136.686142,25.444427,-0.068959,0.886813,0.137907,0.435648,-0.730620,117.565132,23.125917,-0.607658,0.473687,-0.282332,0.571543,-10.890199,117.529381,9.959869,0.628050,-0.283559,0.284075,-0.666670,-1.182941,95.271408,5.045948,-0.584103,0.105979,-0.577385,0.560552,11.730486,81.269386,4.641023,-0.082666,0.918012,0.083000,0.378854,4.715441,117.520538,27.580006,0.565021,0.812975,0.139535,-0.018812,16.344456,118.998756,39.375935,0.630483,0.675454,0.307644,-0.227174,25.283113,96.368256,34.711624,-0.810587,-0.468352,-0.239567,0.257299,27.132896,83.427925,22.082226,0.056967,0.920848,0.136743,0.360688,-0.922364,82.619186,16.110834,0.061403,0.986308,0.029846,0.150120,-1.142155,49.122440,5.848088,-0.014417,0.969495,0.139376,0.201113,-6.295619,3.605014,2.295962,-0.031509,0.936061,-0.125627,0.327132,13.367113,83.276733,26.414181,0.058007,0.923201,-0.095123,0.367813,12.554177,49.417809,35.376144,-0.062801,0.867921,0.083020,0.485672,4.418132,4.612717,41.485218,-0.014417,0.969495,0.139376,0.201113,-0.711509,1.750392,-10.857679,-0.062801,0.867921,0.083020,0.485672,16.513441,1.719407,34.207005
407,3.391667,-0.045727,0.947969,0.080849,0.304513,6.226664,82.945663,21.269342,-0.043474,0.940477,0.076466,0.328278,5.244147,90.048828,22.175970,-0.014407,0.940468,0.049743,0.335913,3.207506,105.241966,23.955111,0.038707,0.972479,0.050337,0.224170,2.127558,122.991562,25.452068,0.033426,0.994653,-0.013551,0.096776,3.623270,136.685837,25.449966,-0.068869,0.886917,0.137586,0.435553,-0.730465,117.564178,23.126381,-0.608137,0.473896,-0.281884,0.571081,-10.893200,117.525742,9.962776,0.628163,-0.283790,0.283152,-0.666858,-1.183212,95.269363,5.047007,-0.584175,0.105459,-0.577408,0.560551,11.745755,81.281372,4.613254,-0.082721,0.917936,0.083085,0.379008,4.714495,117.519699,27.581818,0.564609,0.813288,0.139292,-0.019391,16.339325,118.997871,39.381878,0.630648,0.675401,0.307305,-0.227333,25.299919,96.378937,34.703598,-0.810863,-0.467743,-0.239590,0.257516,27.140072,83.431160,22.073154,0.057012,0.920791,0.136802,0.360802,-0.916257,82.615501,16.115236,0.061443,0.986353,0.029860,0.149802,-1.136122,49.120247,5.847620,-0.014420,0.969503,0.139352,0.201092,-6.294082,3.603336,2.295398,-0.031405,0.936068,-0.125540,0.327155,13.369584,83.275826,26.423449,0.058010,0.923293,-0.095096,0.367590,12.551653,49.414902,35.377399,-0.062682,0.867926,0.083119,0.485662,4.417769,4.609376,41.486145,-0.014420,0.969503,0.139352,0.201092,-0.710525,1.748076,-10.858391,-0.062682,0.867926,0.083119,0.485662,16.512363,1.716805,34.206436
408,3.400000,-0.045769,0.947974,0.081042,0.304438,6.227954,82.951584,21.265968,-0.043548,0.940434,0.076553,0.328370,5.244096,90.054237,22.175125,-0.014392,0.940415,0.049792,0.336055,3.204643,105.243996,23.955492,0.038818,0.972437,0.050319,0.224339,2.124369,122.993431,25.454092,0.033368,0.994637,-0.013618,0.096949,3.623423,136.687332,25.452578,-0.068850,0.887051,0.137044,0.435453,-0.732996,117.566322,23.126953,-0.608671,0.474162,-0.281422,0.570519,-10.898695,117.519852,9.965669,0.628365,-0.283990,0.281658,-0.667215,-1.188336,95.263824,5.049085,-0.584290,0.105130,-0.577314,0.560591,11.767828,81.303665,4.572837,-0.082884,0.917830,0.083360,0.379170,4.710631,117.521324,27.584003,0.564592,0.813359,0.138848,-0.020087,16.330484,119.000259,39.388866,0.630362,0.675514,0.307444,-0.227600,25.290676,96.384392,34.694977,-0.810687,-0.467766,-0.240247,0.257417,27.139578,83.444557,22.056463,0.057045,0.920724,0.136724,0.360998,-0.915706,82.621658,16.112879,0.061398,0.986346,0.029869,0.149867,-1.137498,49.125172,5.849344,-0.014297,0.969540,0.139200,0.201024,-6.291057,3.607810,2.296533,-0.031344,0.936024,-0.125626,0.327254,13.371615,83.281517,26.419058,0.057904,0.923185,-0.095084,0.367881,12.546748,49.421837,35.377060,-0.062829,0.867982,0.082828,0.485591,4.420271,4.614967,41.485817,-0.014297,0.969540,0.139200,0.201024,-0.710361,1.747587,-10.857761,-0.062829,0.867982,0.082828,0.485591,16.513941,1.717275,34.206627
409,3.408333,-0.045818,0.947947,0.080923,0.304547,6.234275,82.953918,21.265400,-0.043716,0.940337,0.076672,0.328599,5.250157,90.056786,22.172604,-0.014367,0.940317,0.049854,0.336320,3.203923,105.247643,23.954453,0.038846,0.972369,0.050495,0.224590,2.123327,122.996880,25.455130,0.033325,0.994616,-0.013735,0.097156,3.622477,136.690781,25.459103,-0.068980,0.887175,0.136502,0.435349,-0.732892,117.570206,23.125565,-0.609230,0.474485,-0.281019,0.569852,-10.901027,117.511307,9.966207,0.628206,-0.284099,0.279553,-0.668203,-1.194630,95.253059,5.051813,-0.583621,0.105867,-0.576109,0.562385,11.806998,81.332062,4.509897,-0.083354,0.917759,0.083306,0.379251,4.708234,117.524376,27.585667,0.563667,0.814030,0.138567,-0.020836,16.323448,119.017937,39.393265,0.631112,0.674877,0.306937,-0.228097,25.333866,96.425499,34.682720,-0.810343,-0.467839,-0.240979,0.257682,27.142031,83.469505,22.027128,0.057092,0.920674,0.136661,0.361142,-0.908132,82.622704,16.110649,0.061419,0.986374,0.029907,0.149663,-1.132982,49.125389,5.849870,-0.014305,0.969566,0.139118,0.200956,-6.288631,3.608462,2.294443,-0.031248,0.935993,-0.125651,0.327341,13.376683,83.285126,26.420149,0.057878,0.923113,-0.095075,0.368068,12.544091,49.425472,35.377544,-0.062713,0.867999,0.082759,0.485588,4.418840,4.618171,41.484806,-0.014305,0.969566,0.139118,0.200956,-0.709740,1.745969,-10.860304,-0.062713,0.867999,0.082759,0.485588,16.511496,1.717133,34.205254
410,3.416667,-0.045841,0.947910,0.080919,0.304658,6.238484,82.955872,21.264515,-0.043823,0.940242,0.076680,0.328854,5.253960,90.058716,22.171440,-0.014315,0.940210,0.049927,0.336612,3.204130,105.248772,23.951796,0.039090,0.972303,0.050398,0.224854,2.123945,122.997810,25.455206,0.033061,0.994607,-0.013650,0.097348,3.630611,136.690872,25.458679,-0.068920,0.887358,0.135832,0.435196,-0.731251,117.571793,23.122856,-0.609809,0.474825,-0.280598,0.569157,-10.904097,117.503830,9.967184,0.628096,-0.284089,0.277127,-0.669321,-1.201959,95.243279,5.054862,-0.583441,0.104587,-0.575344,0.563593,11.846071,81.379303,4.442091,-0.083495,0.917587,0.083525,0.379587,4.707137,117.524696,27.586281,0.562877,0.814648,0.137972,-0.021947,16.313084,119.018387,39.402966,0.631252,0.674480,0.306730,-0.229158,25.365206,96.447548,34.668957,-0.809715,-0.468025,-0.241931,0.258424,27.149149,83.508240,21.994629,0.057184,0.920597,0.136595,0.361350,-0.902694,82.624435,16.108078,0.061478,0.986320,0.029853,0.150009,-1.132855,49.126595,5.849134,-0.014543,0.969546,0.139046,0.201085,-6.293339,3.610045,2.295968,-0.031027,0.935949,-0.126032,0.327342,13.379662,83.287308,26.420952,0.058063,0.923054,-0.095271,0.368136,12.523696,49.433414,35.397877,-0.062457,0.867922,0.082458,0.485810,4.375882,4.631510,41.514633,-0.014543,0.969546,0.139046,0.201085,-0.709411,1.746816,-10.856536,-0.062457,0.867922,0.082458,0.485810,16.469625,1.719542,34.241261
411,3.425000,-0.045286,0.947813,0.080140,0.305249,6.232301,82.945374,21.283398,-0.044107,0.940099,0.076267,0.329319,5.258189,90.050766,22.181593,-0.014231,0.940069,0.050069,0.336989,3.202132,105.251266,23.947199,0.039197,0.972220,0.050450,0.225180,2.122452,122.999886,25.455940,0.032921,0.994588,-0.013649,0.097596,3.632189,136.692627,25.462223,-0.069003,0.887515,0.135038,0.435109,-0.731412,117.574951,23.119434,-0.610476,0.475354,-0.280116,0.568236,-10.906384,117.492310,9.965496,0.628331,-0.284033,0.274004,-0.670408,-1.215756,95.226410,5.054675,-0.583887,0.102618,-0.574494,0.564360,11.892256,81.436607,4.359660,-0.083542,0.917331,0.083588,0.380181,4.703430,117.525780,27.587151,0.561873,0.815399,0.137410,-0.023301,16.294119,119.017746,39.419014,0.631213,0.674069,0.306550,-0.230712,25.399197,96.475159,34.651993,-0.809000,-0.468277,-0.242625,0.259556,27.159035,83.561531,21.946951,0.057239,0.920502,0.136727,0.361534,-0.903412,82.619942,16.119020,0.061509,0.986337,0.029878,0.149875,-1.131676,49.125061,5.850382,-0.014580,0.969533,0.139095,0.201113,-6.295085,3.608999,2.295244,-0.031424,0.935988,-0.125494,0.327400,13.368013,83.270813,26.447773,0.058059,0.923265,-0.094882,0.367706,12.550007,49.409172,35.398994,-0.062859,0.867927,0.083231,0.485617,4.418310,4.600432,41.487053,-0.014580,0.969533,0.139095,0.201113,-0.710084,1.747332,-10.857021,-0.062859,0.867927,0.083231,0.485617,16.513655,1.713110,34.206528
412,3.433333,-0.045580,0.947720,0.079787,0.305587,6.244550,82.948029,21.286293,-0.044629,0.939882,0.076412,0.329835,5.267640,90.053848,22.178026,-0.013959,0.939869,0.050208,0.337535,3.194156,105.251648,23.941235,0.039188,0.972091,0.050505,0.225727,2.121072,123.000038,25.457287,0.032784,0.994537,-0.013604,0.098161,3.631120,136.692734,25.466263,-0.069037,0.887671,0.134243,0.435033,-0.732691,117.577568,23.114952,-0.610962,0.475854,-0.279862,0.567420,-10.909724,117.481705,9.962688,0.628273,-0.283778,0.270104,-0.672151,-1.235628,95.207687,5.056073,-0.584037,0.101072,-0.572478,0.566528,11.946665,81.518791,4.255558,-0.083872,0.917175,0.084063,0.380379,4.697083,117.523705,27.588779,0.560688,0.816299,0.136702,-0.024442,16.280914,119.018745,39.426975,0.631103,0.673308,0.306794,-0.232901,25.449186,96.505913,34.640522,-0.807796,-0.468976,-0.243769,0.260965,27.176601,83.642746,21.887566,0.057457,0.920445,0.136588,0.361696,-0.887061,82.616333,16.116646,0.061524,0.986315,0.029863,0.150017,-1.131090,49.120544,5.851306,-0.014521,0.969495,0.139235,0.201202,-6.295572,3.604573,2.296550,-0.031322,0.935936,-0.125479,0.327564,13.376162,83.279732,26.455938,0.058063,0.923178,-0.094808,0.367945,12.550266,49.417381,35.403740,-0.062887,0.867928,0.082968,0.485658,4.419140,4.607388,41.483318,-0.014521,0.969495,0.139235,0.201202,-0.708523,1.746513,-10.855360,-0.062887,0.867928,0.082968,0.485658,16.514652,1.713988,34.205471
413,3.441667,-0.045906,0.947610,0.079368,0.305987,6.259170,82.950470,21.286585,-0.045176,0.939680,0.076607,0.330291,5.279259,90.056824,22.170748,-0.013731,0.939707,0.050233,0.337993,3.187871,105.246590,23.932283,0.039187,0.971972,0.050798,0.226173,2.121368,122.995117,25.451380,0.032713,0.994499,-0.013574,0.098581,3.630301,136.687927,25.469267,-0.068655,0.887893,0.133240,0.434947,-0.732623,117.574478,23.105103,-0.611542,0.476559,-0.279440,0.566411,-10.913873,117.474495,9.956133,0.628286,-0.283386,0.265013,-0.674328,-1.261337,95.191284,5.048780,-0.584629,0.097667,-0.570450,0.568557,12.021717,81.631393,4.114085,-0.084169,0.916898,0.084242,0.380944,4.692885,117.517136,27.584059,0.559457,0.817262,0.135754,-0.025730,16.260767,119.016609,39.437279,0.630420,0.672572,0.307497,-0.235930,25.494183,96.534416,34.632103,-0.805698,-0.470429,-0.245627,0.263087,27.200264,83.752525,21.810600,0.057735,0.920433,0.136435,0.361739,-0.867597,82.611725,16.110720,0.061521,0.986273,0.029798,0.150313,-1.132972,49.115250,5.848153,-0.014625,0.969479,0.139340,0.201199,-6.297010,3.598881,2.297796,-0.030912,0.935876,-0.125752,0.327669,13.385937,83.289223,26.462448,0.058124,0.922935,-0.095063,0.368478,12.525834,49.429890,35.418465,-0.062499,0.867884,0.082556,0.485856,4.377536,4.624999,41.512680,-0.014625,0.969479,0.139340,0.201199,-0.709175,1.744368,-10.854280,-0.062499,0.867884,0.082556,0.485856,16.472576,1.716074,34.240238
414,3.450000,-0.044405,0.938165,0.064614,0.337193,6.831059,82.820053,21.193155,-0.059409,0.934777,0.091818,0.337983,5.913888,89.959076,21.852993,-0.013374,0.939485,0.050309,0.338611,3.199060,105.264603,23.915077,0.039070,0.971820,0.051145,0.226766,2.142627,123.013214,25.440338,0.032152,0.994463,-0.013364,0.099152,3.647270,136.706482,25.468206,-0.069158,0.888210,0.132644,0.434402,-0.712039,117.595482,23.088133,-0.611812,0.477385,-0.279280,0.565502,-10.906746,117.468895,9.949825,0.628094,-0.283100,0.259688,-0.676694,-1.288804,95.171349,5.039674,-0.585294,0.095703,-0.566325,0.572318,12.098466,81.741714,3.958440,-0.084243,0.916364,0.084848,0.382075,4.707721,117.532585,27.573967,0.558230,0.818151,0.135171,-0.027164,16.246462,119.021965,39.456833,0.629182,0.672283,0.308122,-0.239222,25.544077,96.573730,34.616768,-0.803958,-0.471007,-0.246628,0.266419,27.249353,83.875702,21.721556,0.068590,0.923562,0.125106,0.355917,0.055730,82.469727,15.565783,0.060740,0.985314,0.028260,0.157062,-1.262925,48.861729,5.759265,-0.015481,0.968235,0.147147,0.201567,-6.354600,3.328392,2.323907,-0.026703,0.936991,-0.122587,0.326049,13.606387,83.170380,26.820528,0.058678,0.923953,-0.094207,0.366052,12.558964,49.238968,35.478855,-0.065134,0.867555,0.087174,0.485289,4.408206,4.425132,41.503586,-0.015481,0.968235,0.147147,0.201567,-0.742396,1.699822,-10.847697,-0.065134,0.867555,0.087174,0.485289,16.523432,1.667133,34.205982
415,3.458333,-0.044909,0.938192,0.065721,0.336837,6.838052,82.850098,21.173105,-0.059534,0.934534,0.092034,0.338574,5.908973,89.986382,21.845766,-0.013019,0.939173,0.050455,0.339469,3.190912,105.267845,23.908026,0.039257,0.971628,0.051138,0.227560,2.143221,123.016266,25.441513,0.031782,0.994406,-0.013299,0.099850,3.654142,136.708832,25.472197,-0.069098,0.888208,0.131956,0.434627,-0.710744,117.601730,23.081135,-0.612096,0.478335,-0.279067,0.564496,-10.899233,117.467964,9.938075,0.628140,-0.282600,0.253231,-0.679302,-1.320419,95.154747,5.022610,-0.586591,0.093034,-0.561208,0.576456,12.189668,81.890869,3.773897,-0.084745,0.915956,0.085380,0.382823,4.700966,117.532768,27.576590,0.557010,0.819181,0.133630,-0.028729,16.217857,119.027390,39.479973,0.626870,0.672087,0.309405,-0.244134,25.578535,96.608444,34.625717,-0.800901,-0.473281,-0.248045,0.270251,27.302425,84.042152,21.613319,0.068376,0.923527,0.124801,0.356155,0.059285,82.497589,15.550012,0.061599,0.984950,0.028021,0.159044,-1.250907,48.882191,5.767756,-0.015229,0.968101,0.146196,0.202917,-6.416581,3.357267,2.331355,-0.026546,0.936933,-0.122953,0.326089,13.616818,83.202606,26.796202,0.058479,0.923655,-0.094223,0.366829,12.550247,49.276917,35.474567,-0.064610,0.867651,0.086355,0.485336,4.410708,4.461214,41.500603,-0.015229,0.968101,0.146196,0.202917,-0.771922,1.699738,-10.822757,-0.064610,0.867651,0.086355,0.485336,16.521177,1.675573,34.205605
416,3.466667,-0.045530,0.938281,0.067711,0.336111,6.849743,82.896614,21.133253,-0.059549,0.934286,0.092491,0.339129,5.903201,90.028244,21.830442,-0.012677,0.938831,0.050603,0.340404,3.185089,105.271355,23.899323,0.039344,0.971424,0.051178,0.228402,2.145515,123.019539,25.440893,0.031480,0.994343,-0.013174,0.100588,3.659833,136.711731,25.475195,-0.068961,0.888184,0.131427,0.434856,-0.707226,117.608139,23.071865,-0.612275,0.479463,-0.278830,0.563461,-10.889706,117.471825,9.924179,0.628352,-0.281990,0.246122,-0.681967,-1.357871,95.141075,4.997056,-0.588210,0.090608,-0.555372,0.580828,12.285781,82.061478,3.569563,-0.085131,0.915565,0.085807,0.383577,4.695658,117.533234,27.577824,0.555738,0.820079,0.133215,-0.029647,16.191153,119.030907,39.501484,0.624393,0.671464,0.311538,-0.249425,25.619284,96.644318,34.628475,-0.796868,-0.476837,-0.249881,0.274202,27.358961,84.245293,21.486568,0.068279,0.923018,0.123663,0.357887,0.063360,82.544716,15.519317,0.061487,0.985211,0.028721,0.157330,-1.251522,48.908577,5.809247,-0.015490,0.968252,0.145329,0.202799,-6.402853,3.386035,2.320091,-0.026299,0.936817,-0.123710,0.326156,13.636127,83.248512,26.747190,0.058177,0.923331,-0.094162,0.367707,12.535254,49.334984,35.468693,-0.063851,0.867765,0.085103,0.485453,4.417531,4.514995,41.492264,-0.015490,0.968252,0.145329,0.202799,-0.760357,1.705458,-10.832021,-0.063851,0.867765,0.085103,0.485453,16.521702,1.687784,34.202808
417,3.475000,-0.046148,0.938266,0.070012,0.335598,6.855787,82.957687,21.093767,-0.059487,0.934035,0.092961,0.339704,5.890217,90.083916,21.819492,-0.012393,0.938507,0.050671,0.341298,3.176451,105.275681,23.894287,0.039449,0.971213,0.051241,0.229266,2.144086,123.023865,25.440603,0.031254,0.994269,-0.013051,0.101402,3.662198,136.715622,25.479269,-0.068823,0.888072,0.130901,0.435266,-0.707299,117.614998,23.064207,-0.612275,0.480861,-0.278335,0.562513,-10.878558,117.477211,9.907852,0.629265,-0.280990,0.238190,-0.684351,-1.399590,95.130936,4.949247,-0.591129,0.088537,-0.547189,0.585929,12.401150,82.258148,3.342643,-0.085335,0.915080,0.086162,0.384607,4.687113,117.535316,27.580225,0.554006,0.821232,0.133143,-0.030463,16.155146,119.030357,39.530632,0.621531,0.670605,0.314323,-0.255323,25.676104,96.687790,34.636127,-0.792270,-0.480289,-0.252608,0.278961,27.434795,84.486946,21.345938,0.068042,0.922587,0.122459,0.359454,0.064321,82.608582,15.485806,0.061434,0.985332,0.029359,0.156475,-1.249891,48.949413,5.855776,-0.015263,0.968449,0.144085,0.202762,-6.390208,3.429678,2.314154,-0.026208,0.936603,-0.124269,0.326566,13.647254,83.306793,26.701731,0.057847,0.922763,-0.094218,0.369167,12.523673,49.402634,35.456734,-0.062968,0.867878,0.083661,0.485617,4.422401,4.580095,41.483494,-0.015263,0.968449,0.144085,0.202762,-0.751646,1.712548,-10.834926,-0.062968,0.867878,0.083661,0.485617,16.519598,1.704894,34.201237
418,3.483333,-0.047187,0.938239,0.071840,0.335142,6.869351,83.010719,21.067062,-0.059590,0.933724,0.093366,0.340428,5.881311,90.131805,21.812811,-0.012073,0.938114,0.050657,0.342388,3.164516,105.288490,23.891617,0.039596,0.970962,0.051290,0.230292,2.141255,123.037018,25.440189,0.031048,0.994182,-0.012918,0.102331,3.664582,136.728180,25.483524,-0.068956,0.887958,0.130430,0.435619,-0.708546,117.630791,23.055882,-0.611974,0.482033,-0.277901,0.562052,-10.868977,117.484032,9.891258,0.629957,-0.279882,0.229313,-0.687195,-1.433961,95.127831,4.893692,-0.594428,0.085621,-0.538605,0.590956,12.530364,82.495094,3.082298,-0.085481,0.914661,0.086798,0.385427,4.675483,117.546097,27.584183,0.552252,0.822445,0.132768,-0.031232,16.121674,119.033882,39.556419,0.618243,0.669346,0.318137,-0.261801,25.736427,96.734009,34.650593,-0.786368,-0.485393,-0.257091,0.282708,27.516872,84.781860,21.201172,0.067948,0.922267,0.121474,0.360626,0.074201,82.654678,15.463999,0.061402,0.985492,0.029996,0.155359,-1.247300,48.977783,5.897163,-0.015045,0.968588,0.143201,0.202742,-6.379525,3.461164,2.304170,-0.025744,0.936510,-0.125156,0.326532,13.664502,83.366760,26.670126,0.057759,0.922480,-0.094343,0.369856,12.490273,49.476429,35.471870,-0.062012,0.867992,0.081829,0.485849,4.387727,4.655138,41.506153,-0.015045,0.968588,0.143201,0.202742,-0.744034,1.717765,-10.842772,-0.062012,0.867992,0.081829,0.485849,16.477432,1.721409,34.234798
419,3.491667,-0.050066,0.946795,0.087505,0.305639,6.333492,83.172211,21.157242,-0.046254,0.938038,0.077871,0.334487,5.261646,90.253159,22.133682,-0.011779,0.937731,0.050851,0.343417,3.140876,105.274437,23.892284,0.039931,0.970728,0.051051,0.231273,2.123402,123.022522,25.449800,0.030906,0.994094,-0.012900,0.103230,3.658684,136.712357,25.491146,-0.068231,0.887649,0.129912,0.436516,-0.724024,117.619255,23.055952,-0.611625,0.483575,-0.277071,0.561517,-10.861715,117.490982,9.873626,0.631259,-0.278472,0.219592,-0.689743,-1.477637,95.126862,4.815962,-0.598718,0.082612,-0.528565,0.596097,12.662205,82.762512,2.796263,-0.086064,0.914316,0.087094,0.386049,4.650172,117.528938,27.595806,0.549522,0.824270,0.132566,-0.032105,16.077068,119.027885,39.585056,0.615035,0.667228,0.321849,-0.270097,25.838125,96.794983,34.664200,-0.779518,-0.492409,-0.260472,0.286426,27.597445,85.129997,21.024952,0.057678,0.919267,0.132015,0.366325,-0.789988,82.808044,15.978583,0.062169,0.986378,0.031573,0.148989,-1.116567,49.227962,5.994822,-0.014207,0.969889,0.135283,0.202020,-6.319255,3.728962,2.281950,-0.029801,0.935379,-0.127783,0.328406,13.456972,83.536369,26.335897,0.056853,0.921327,-0.094775,0.372749,12.469767,49.708382,35.396633,-0.058718,0.868479,0.076554,0.486247,4.410215,4.885036,41.473106,-0.014207,0.969889,0.135283,0.202020,-0.717756,1.757095,-10.847217,-0.058718,0.868479,0.076554,0.486247,16.469177,1.775383,34.223862
420,3.500000,-0.051071,0.946361,0.087891,0.306705,6.364824,83.195457,21.140219,-0.046733,0.937559,0.078549,0.335603,5.276469,90.273964,22.116171,-0.011357,0.937316,0.051013,0.344539,3.134247,105.282303,23.885576,0.040100,0.970474,0.051033,0.232311,2.127010,123.030136,25.452461,0.030513,0.994011,-0.012744,0.104163,3.668560,136.719254,25.496874,-0.068168,0.887491,0.129624,0.436933,-0.719028,117.630699,23.048372,-0.610749,0.485248,-0.276397,0.561360,-10.844916,117.502251,9.856968,0.632667,-0.276603,0.208749,-0.692566,-1.522654,95.129410,4.724121,-0.603391,0.080279,-0.517513,0.601378,12.809877,83.073776,2.479569,-0.086821,0.913619,0.088064,0.387309,4.644450,117.533173,27.600742,0.547109,0.825840,0.132538,-0.033075,16.034599,119.036987,39.624313,0.610561,0.665691,0.325822,-0.279125,25.923666,96.866409,34.677891,-0.771887,-0.500159,-0.263360,0.290988,27.696878,85.519775,20.840401,0.058148,0.919072,0.131112,0.367062,-0.745361,82.818634,15.944216,0.062183,0.986353,0.031660,0.149127,-1.117852,49.225723,6.005303,-0.014260,0.969892,0.135218,0.202046,-6.320124,3.727400,2.283565,-0.029430,0.935299,-0.127896,0.328622,13.475008,83.572289,26.336224,0.056594,0.920971,-0.094724,0.373681,12.458735,49.744789,35.395576,-0.058058,0.868568,0.075816,0.486282,4.416545,4.917863,41.468674,-0.014260,0.969892,0.135218,0.202046,-0.717647,1.753991,-10.844959,-0.058058,0.868568,0.075816,0.486282,16.469353,1.780843,34.220963
421,3.508333,-0.053154,0.946247,0.089514,0.306234,6.438455,83.251648,21.069605,-0.047472,0.937097,0.081013,0.336203,5.315121,90.322853,22.058733,-0.011121,0.936929,0.051084,0.345587,3.129968,105.287895,23.885525,0.040481,0.970226,0.050888,0.233310,2.128015,123.035667,25.456577,0.029979,0.993937,-0.012554,0.105039,3.682168,136.723358,25.501907,-0.067917,0.887312,0.129187,0.437465,-0.715369,117.638481,23.044270,-0.609458,0.487289,-0.275564,0.561404,-10.826910,117.513809,9.841835,0.633906,-0.274112,0.197156,-0.695812,-1.580264,95.132912,4.608339,-0.607971,0.076603,-0.505869,0.607124,12.955064,83.423965,2.132339,-0.087431,0.913035,0.088825,0.388372,4.638000,117.536690,27.608425,0.544353,0.827642,0.132437,-0.033906,15.997180,119.044403,39.660763,0.606076,0.663318,0.329690,-0.289803,26.032507,96.943291,34.698112,-0.761177,-0.511626,-0.267243,0.295685,27.778032,85.955368,20.641712,0.058815,0.918877,0.129382,0.368058,-0.672992,82.848221,15.877337,0.062079,0.986426,0.032064,0.148597,-1.123125,49.229195,6.030370,-0.014131,0.969946,0.135104,0.201870,-6.312354,3.732040,2.276266,-0.028322,0.935075,-0.129121,0.328877,13.549902,83.655075,26.261871,0.056071,0.920684,-0.094681,0.374476,12.430066,49.845154,35.374451,-0.056750,0.868771,0.073565,0.486420,4.428235,5.012068,41.455330,-0.014131,0.969946,0.135104,0.201870,-0.715562,1.754740,-10.854093,-0.056750,0.868771,0.073565,0.486420,16.467506,1.801562,34.217327
422,3.516667,-0.050561,0.937745,0.080620,0.334035,6.900732,83.216896,20.949682,-0.058715,0.932519,0.094467,0.343566,5.826042,90.313858,21.798401,-0.011191,0.936488,0.050955,0.346798,3.145099,105.304611,23.886484,0.040604,0.969944,0.051062,0.234419,2.140373,123.052788,25.451094,0.029512,0.993856,-0.012318,0.105957,3.698435,136.740005,25.504566,-0.067865,0.887276,0.128844,0.437648,-0.697160,117.655289,23.032621,-0.607642,0.489404,-0.274841,0.561887,-10.803615,117.528023,9.826321,0.634964,-0.270855,0.184429,-0.699602,-1.639609,95.140823,4.475717,0.612575,-0.071731,0.493830,-0.612975,13.119261,83.826004,1.754753,-0.088254,0.912199,0.089956,0.389887,4.644396,117.554092,27.610609,0.541082,0.829731,0.132566,-0.034689,15.959558,119.065201,39.703861,0.600578,0.661313,0.333294,-0.301473,26.168146,97.047577,34.723549,-0.750844,-0.521458,-0.269579,0.302724,27.898962,86.442055,20.441195,0.067217,0.920728,0.117597,0.365940,0.098345,82.855782,15.355738,0.061347,0.986051,0.032151,0.151350,-1.222821,49.107025,6.045530,-0.014616,0.969335,0.138973,0.202147,-6.334323,3.602093,2.279123,-0.025060,0.935874,-0.126992,0.327697,13.703116,83.578003,26.543629,0.056613,0.921388,-0.094129,0.372799,12.430558,49.717667,35.446568,-0.058422,0.868547,0.076711,0.486136,4.412694,4.880616,41.476868,-0.014616,0.969335,0.138973,0.202147,-0.722248,1.736793,-10.861095,-0.058422,0.868547,0.076711,0.486136,16.468224,1.770598,34.222073
423,3.525000,-0.051506,0.938121,0.083463,0.332129,6.917831,83.280098,20.883789,-0.058308,0.932207,0.095927,0.344076,5.818627,90.368927,21.768360,-0.011129,0.935982,0.050885,0.348173,3.140684,105.309608,23.894638,0.041032,0.969625,0.051033,0.235667,2.136586,123.058090,25.456184,0.029052,0.993765,-0.012261,0.106944,3.708164,136.743744,25.514629,-0.067494,0.886856,0.128778,0.438574,-0.695445,117.661407,23.029463,-0.605220,0.492206,-0.274471,0.562235,-10.776581,117.549042,9.803690,0.636198,-0.266269,0.170155,-0.703847,-1.738731,95.142159,4.322482,0.617022,-0.066998,0.480421,-0.619670,13.296774,84.277206,1.348062,-0.089308,0.911630,0.090930,0.390751,4.632674,117.558685,27.623049,0.537290,0.832165,0.132619,-0.035125,15.919169,119.084824,39.741173,0.593796,0.659657,0.336455,-0.314735,26.328861,97.161255,34.762173,-0.739282,-0.532208,-0.270367,0.311639,28.051689,86.976967,20.244505,0.066897,0.920148,0.116332,0.367858,0.094759,82.916969,15.315228,0.061316,0.986212,0.032766,0.150179,-1.219828,49.144466,6.090580,-0.014542,0.969528,0.137729,0.202074,-6.324359,3.642848,2.275028,-0.024703,0.935572,-0.128420,0.328030,13.740903,83.643227,26.452354,0.056004,0.920369,-0.094031,0.375423,12.408629,49.807217,35.438652,-0.057551,0.868719,0.074621,0.486258,4.428202,4.962182,41.459232,-0.014542,0.969528,0.137729,0.202074,-0.716144,1.741975,-10.861741,-0.057551,0.868719,0.074621,0.486258,16.473589,1.788731,34.215069
424,3.533333,-0.050356,0.936550,0.079387,0.337693,6.889439,83.197250,21.020699,-0.058451,0.931493,0.093598,0.346618,5.820154,90.297371,21.849655,-0.011345,0.935423,0.050836,0.349672,3.144535,105.319275,23.910629,0.041587,0.969295,0.050888,0.236958,2.131340,123.067764,25.466234,0.028612,0.993680,-0.012295,0.107844,3.720578,136.751373,25.527521,-0.067138,0.886428,0.128773,0.439495,-0.691630,117.670044,23.031235,-0.602481,0.494538,-0.273577,0.563565,-10.747460,117.572990,9.786083,0.636780,-0.261390,0.155691,-0.708482,-1.799358,95.170166,4.143404,0.621252,-0.061370,0.465628,-0.627272,13.488710,84.785980,0.914636,-0.090098,0.911048,0.091829,0.391715,4.621708,117.569260,27.641954,0.533135,0.834832,0.132434,-0.035827,15.878407,119.102989,39.786816,0.586317,0.657639,0.339232,-0.329642,26.506025,97.284569,34.806339,-0.725606,-0.544808,-0.271014,0.321296,28.196018,87.558540,20.037603,0.067636,0.920388,0.117711,0.366681,0.130009,82.838455,15.374771,0.061444,0.986101,0.032190,0.150974,-1.207522,49.095520,6.045797,-0.014663,0.969301,0.139322,0.202064,-6.328675,3.591919,2.276492,-0.025662,0.935671,-0.125772,0.328699,13.648868,83.556053,26.666626,0.056791,0.921160,-0.093655,0.373455,12.434572,49.676258,35.503422,-0.059145,0.868474,0.077719,0.486019,4.413394,4.832879,41.482113,-0.014663,0.969301,0.139322,0.202064,-0.718005,1.736801,-10.865773,-0.059145,0.868474,0.077719,0.486019,16.474915,1.757747,34.222393
425,3.541667,-0.049011,0.935680,0.075397,0.341197,6.876795,83.121887,21.125893,-0.059627,0.930909,0.091932,0.348427,5.842000,90.232864,21.903978,-0.010909,0.934993,0.051205,0.350782,3.134565,105.325951,23.908394,0.041851,0.969059,0.050687,0.237918,2.129464,123.073433,25.480539,0.028385,0.993600,-0.012285,0.108642,3.728508,136.755890,25.540506,-0.066657,0.885900,0.128743,0.440640,-0.691399,117.680191,23.033241,-0.598772,0.496604,-0.273326,0.565818,-10.715847,117.602959,9.764194,0.636472,-0.255866,0.141023,-0.713827,-1.862433,95.206200,3.950647,0.624884,-0.056608,0.448074,-0.636824,13.692021,85.321274,0.466251,-0.091637,0.910424,0.093082,0.392514,4.611141,117.570969,27.656185,0.528850,0.837512,0.132655,-0.035985,15.837707,119.130646,39.825607,0.577002,0.656316,0.342171,-0.345307,26.690250,97.420708,34.856136,-0.711922,-0.556155,-0.270030,0.333080,28.385365,88.187325,19.827158,0.068182,0.920521,0.119120,0.365790,0.156941,82.766968,15.432675,0.061788,0.985934,0.031503,0.152066,-1.187676,49.052620,6.001916,-0.014717,0.969069,0.140590,0.202295,-6.345446,3.548887,2.284400,-0.026145,0.935770,-0.124146,0.328996,13.596649,83.476814,26.819111,0.057467,0.922109,-0.093229,0.371108,12.449094,49.570293,35.561840,-0.060732,0.868262,0.080079,0.485820,4.400443,4.726699,41.501816,-0.014717,0.969069,0.140590,0.202295,-0.726923,1.729854,-10.859555,-0.060732,0.868262,0.080079,0.485820,16.476212,1.731835,34.232235
426,3.550000,-0.050705,0.943299,0.082160,0.317593,6.383986,83.137039,21.322380,-0.047880,0.934522,0.077300,0.344095,5.315364,90.230164,22.209930,-0.011104,0.934431,0.051489,0.352227,3.126948,105.314003,23.920523,0.042485,0.968722,0.050446,0.239225,2.109329,123.060295,25.498114,0.028383,0.993485,-0.012500,0.109666,3.728803,136.740356,25.559008,-0.065665,0.885096,0.128936,0.442345,-0.701588,117.667030,23.039446,-0.594726,0.498745,-0.272782,0.568458,-10.680332,117.630936,9.735823,0.635315,-0.249532,0.125169,-0.720028,-1.917782,95.250214,3.726198,0.627111,-0.049296,0.433750,-0.645107,13.889390,85.937820,-0.024509,-0.093371,0.909969,0.093948,0.392953,4.586594,117.557846,27.678806,0.524199,0.840398,0.132788,-0.036242,15.791002,119.155930,39.863647,0.566549,0.655317,0.344806,-0.361512,26.885307,97.565948,34.905430,-0.697575,-0.566875,-0.268715,0.346171,28.595390,88.840050,19.610756,0.059700,0.918138,0.131053,0.369166,-0.607019,82.753838,15.967558,0.062825,0.986410,0.031542,0.148506,-1.057716,49.172665,5.992300,-0.014323,0.969676,0.136684,0.202093,-6.321871,3.681022,2.275958,-0.029971,0.934809,-0.124900,0.331109,13.374990,83.520233,26.677204,0.057116,0.921872,-0.093256,0.371744,12.440396,49.641926,35.553627,-0.059610,0.868574,0.078610,0.485640,4.416299,4.795110,41.502483,-0.014323,0.969676,0.136684,0.202093,-0.715991,1.749378,-10.857323,-0.059610,0.868574,0.078610,0.485640,16.477356,1.748265,34.230087
427,3.558333,-0.049602,0.942603,0.077926,0.320884,6.388435,83.071373,21.393530,-0.048584,0.933717,0.077628,0.346101,5.351080,90.175903,22.225269,-0.011290,0.933806,0.051143,0.353927,3.123900,105.334557,23.941837,0.043026,0.968355,0.050387,0.240622,2.101590,123.081970,25.503736,0.028342,0.993386,-0.012507,0.110567,3.737952,136.759979,25.570089,-0.065457,0.884540,0.128918,0.443491,-0.700666,117.687202,23.038479,-0.590542,0.500785,-0.271954,0.571416,-10.646555,117.663071,9.710248,0.634300,-0.242343,0.108609,-0.726043,-1.962665,95.309540,3.488963,0.629542,-0.045426,0.414636,-0.655508,14.111344,86.605263,-0.517987,-0.094756,0.909369,0.095138,0.393723,4.570563,117.580841,27.697159,0.519106,0.843552,0.132585,-0.037021,15.746176,119.200958,39.905514,0.555530,0.654718,0.346992,-0.377263,27.100906,97.746681,34.947788,-0.682775,-0.575242,-0.269133,0.361224,28.834530,89.519836,19.407097,0.060391,0.918070,0.131763,0.368971,-0.567484,82.687943,15.993229,0.062941,0.986359,0.031075,0.148889,-1.045770,49.125660,5.955877,-0.014398,0.969485,0.138120,0.202028,-6.325499,3.632683,2.278203,-0.030106,0.934641,-0.123926,0.331936,13.344354,83.454803,26.793831,0.057456,0.921939,-0.092705,0.371663,12.433645,49.560066,35.609810,-0.060977,0.868201,0.080590,0.485813,4.399985,4.707399,41.501366,-0.014398,0.969485,0.138120,0.202028,-0.719095,1.742088,-10.860823,-0.060977,0.868201,0.080590,0.485813,16.478706,1.728574,34.230110
428,3.566667,-0.047870,0.941754,0.072070,0.324981,6.393075,82.975029,21.478432,-0.049696,0.932889,0.077797,0.348131,5.402806,90.094696,22.234690,-0.011249,0.933260,0.051239,0.355351,3.123849,105.345428,23.949978,0.043359,0.968042,0.050351,0.241825,2.099292,123.092522,25.514019,0.028358,0.993285,-0.012601,0.111453,3.746582,136.769196,25.584623,-0.065018,0.883996,0.129165,0.444568,-0.696217,117.698883,23.038656,-0.585264,0.502339,-0.271493,0.575685,-10.612184,117.697121,9.688126,0.630334,-0.234699,0.091648,-0.734299,-1.993161,95.385101,3.232063,0.628477,-0.037316,0.398393,-0.667014,14.317971,87.342766,-1.049007,-0.096674,0.908725,0.096782,0.394344,4.560811,117.590401,27.713305,0.513068,0.847132,0.133134,-0.037459,15.707928,119.242928,39.943352,0.545376,0.653027,0.349697,-0.392216,27.369858,97.953896,34.986412,-0.668667,-0.580844,-0.271847,0.376302,29.089975,90.224083,19.213190,0.061210,0.918151,0.132893,0.368227,-0.519164,82.593178,16.022217,0.063297,0.986122,0.030170,0.150491,-1.028260,49.058823,5.893447,-0.014697,0.969154,0.140056,0.202260,-6.346812,3.564885,2.284231,-0.030429,0.934516,-0.122738,0.332699,13.305314,83.356880,26.934645,0.058012,0.922643,-0.092122,0.369969,12.436562,49.442986,35.680920,-0.062642,0.867921,0.083399,0.485627,4.386233,4.586321,41.519043,-0.014697,0.969154,0.140056,0.202260,-0.729955,1.730654,-10.858324,-0.062642,0.867921,0.083399,0.485627,16.480709,1.700084,34.236629
429,3.575000,-0.045442,0.940797,0.066270,0.329309,6.383934,82.884911,21.560261,-0.050617,0.932044,0.077940,0.350225,5.450452,90.019447,22.245211,-0.011396,0.932704,0.051326,0.356790,3.125685,105.357979,23.959547,0.043800,0.967713,0.050356,0.243059,2.092736,123.104630,25.523027,0.028514,0.993177,-0.012726,0.112355,3.753573,136.779648,25.599808,-0.064764,0.883369,0.129242,0.445827,-0.694018,117.710808,23.038231,0.579654,-0.504005,0.270718,-0.580251,-10.573814,117.724403,9.660916,0.627868,-0.225637,0.073837,-0.741228,-2.017039,95.465004,2.945601,0.629652,-0.034346,0.377260,-0.678258,14.564487,88.124527,-1.572745,-0.098494,0.908090,0.098241,0.394995,4.548541,117.602684,27.729109,0.507603,0.850463,0.132681,-0.038057,15.666744,119.286880,39.981136,0.533372,0.651433,0.354140,-0.407106,27.602825,98.146568,35.040276,-0.655178,-0.584110,-0.276802,0.391072,29.357893,90.979424,19.029873,0.061822,0.918114,0.133766,0.367902,-0.482383,82.515968,16.045492,0.063616,0.985965,0.029476,0.151514,-1.011196,49.003193,5.846541,-0.014954,0.968864,0.141776,0.202433,-6.364562,3.509170,2.290204,-0.031281,0.934450,-0.121291,0.333335,13.250253,83.253845,27.075027,0.058392,0.923589,-0.091200,0.367773,12.465483,49.318905,35.747272,-0.064458,0.867855,0.086629,0.484942,4.427631,4.450771,41.514027,-0.014954,0.968864,0.141776,0.202433,-0.739396,1.725014,-10.855690,-0.064458,0.867855,0.086629,0.484942,16.531340,1.669602,34.206116
430,3.583333,-0.046824,0.931017,0.048092,0.358751,6.920525,82.661850,21.628561,-0.063105,0.927329,0.089524,0.357860,6.040944,89.824600,22.032976,-0.011606,0.932204,0.051656,0.358041,3.154715,105.378654,23.959297,0.044033,0.967416,0.050424,0.244181,2.108485,123.123917,25.529650,0.028380,0.993077,-0.012714,0.113270,3.776754,136.797989,25.612671,-0.064517,0.882996,0.129822,0.446432,-0.668788,117.730034,23.034388,0.573638,-0.505377,0.270209,-0.585253,-10.531695,117.762901,9.644647,0.622564,-0.216806,0.055397,-0.749893,-2.029863,95.562424,2.669497,0.627430,-0.028067,0.357353,-0.691262,14.801903,88.959160,-2.122438,-0.100692,0.907015,0.100024,0.396460,4.561125,117.622017,27.739365,0.501082,0.854198,0.133322,-0.038564,15.626207,119.340706,40.034615,0.521961,0.648743,0.359209,-0.421496,27.886274,98.387001,35.092171,-0.643273,-0.584847,-0.282629,0.405308,29.645542,91.786293,18.840044,0.073198,0.921769,0.127449,0.358805,0.413582,82.197495,15.700727,0.063279,0.984497,0.025971,0.161517,-1.109855,48.676720,5.628938,-0.016021,0.967198,0.151883,0.202988,-6.449025,3.160900,2.340277,-0.026972,0.935557,-0.117096,0.332106,13.427467,83.126205,27.556393,0.059261,0.924297,-0.090145,0.366111,12.470734,49.103603,35.860092,-0.067552,0.867077,0.091787,0.484963,4.404739,4.227278,41.522892,-0.016021,0.967198,0.151883,0.202988,-0.790911,1.669315,-10.827910,-0.067552,0.867077,0.091787,0.484963,16.541504,1.617518,34.206581
431,3.591667,-0.047474,0.929780,0.049472,0.361675,6.986190,82.705292,21.597372,-0.063972,0.926477,0.091100,0.359511,6.089452,89.865204,22.014093,-0.011821,0.931689,0.051827,0.359347,3.159208,105.392517,23.969482,0.044482,0.967092,0.050342,0.245399,2.101431,123.136971,25.541269,0.028684,0.992950,-0.012723,0.114308,3.783987,136.809280,25.628237,-0.064292,0.882226,0.130472,0.447795,-0.666625,117.742599,23.036846,0.567426,-0.507438,0.268416,-0.590329,-10.489949,117.799286,9.618121,0.617618,-0.205595,0.036308,-0.758262,-2.043706,95.680931,2.321959,0.624533,-0.022989,0.338593,-0.703409,15.043905,89.896530,-2.674994,-0.103005,0.906295,0.101861,0.397043,4.550034,117.635498,27.756536,0.494614,0.857883,0.133763,-0.038736,15.584050,119.395294,40.073872,0.510171,0.644905,0.365641,-0.436040,28.162571,98.626999,35.149048,-0.631292,-0.584650,-0.290958,0.418328,29.912060,92.645050,18.648455,0.074143,0.921439,0.125407,0.360176,0.517464,82.242569,15.627733,0.063339,0.984520,0.026321,0.161295,-1.104617,48.695381,5.659828,-0.015902,0.967288,0.151350,0.202965,-6.444712,3.181943,2.339797,-0.026216,0.935288,-0.117618,0.332739,13.454917,83.168022,27.567011,0.058789,0.924448,-0.089779,0.365895,12.430783,49.151184,35.886253,-0.066193,0.867404,0.091299,0.484659,4.418109,4.263693,41.536270,-0.015902,0.967288,0.151350,0.202965,-0.788575,1.674551,-10.827440,-0.066193,0.867404,0.091299,0.484659,16.539951,1.622480,34.206528
432,3.600000,-0.046817,0.929180,0.060433,0.361636,6.926616,82.919449,21.200279,-0.058513,0.925781,0.098533,0.360275,5.981842,90.062843,21.767265,-0.012236,0.931105,0.051913,0.360830,3.155581,105.408630,23.978090,0.045130,0.966763,0.050193,0.246604,2.080401,123.152420,25.545670,0.029471,0.992836,-0.012597,0.115110,3.782928,136.822220,25.636116,-0.064115,0.881420,0.131253,0.449177,-0.675815,117.756012,23.032574,0.561706,-0.509584,0.265228,-0.595369,-10.458662,117.837288,9.584427,0.611389,-0.194056,0.018127,-0.766953,-2.036279,95.830002,1.933427,0.619041,-0.016516,0.318815,-0.717546,15.279815,90.862503,-3.229297,-0.104912,0.905840,0.103527,0.397151,4.525675,117.652748,27.769062,0.487908,0.861644,0.134333,-0.038342,15.543649,119.446075,40.095924,0.497994,0.640328,0.372701,-0.450639,28.450165,98.870422,35.211338,-0.619551,-0.582715,-0.300378,0.431709,30.177298,93.542572,18.472342,0.071643,0.918331,0.116029,0.371582,0.456290,82.537834,15.226634,0.062879,0.985461,0.029975,0.154964,-1.132723,48.806458,5.895307,-0.015659,0.967793,0.147873,0.203139,-6.399957,3.306589,2.285540,-0.028251,0.933845,-0.122730,0.334773,13.396941,83.301064,27.173923,0.057569,0.922853,-0.089636,0.370127,12.366613,49.378067,35.867207,-0.063972,0.867880,0.086262,0.485027,4.435979,4.475167,41.510525,-0.015659,0.967793,0.147873,0.203139,-0.744637,1.699001,-10.870194,-0.063972,0.867880,0.086262,0.485027,16.536930,1.678097,34.204109
433,3.608333,-0.047655,0.936862,0.073260,0.338603,6.542715,83.091431,21.338604,-0.050369,0.929155,0.085351,0.356158,5.538724,90.208893,22.097507,-0.012627,0.930618,0.052081,0.362046,3.145330,105.406166,24.000109,0.045907,0.966431,0.049927,0.247812,2.052967,123.148979,25.566799,0.029954,0.992696,-0.012905,0.116153,3.779666,136.815735,25.658522,-0.063326,0.880368,0.131815,0.451184,-0.692609,117.750839,23.045803,0.554952,-0.511228,0.262535,-0.601457,-10.418708,117.874634,9.556888,0.603426,-0.182058,-0.000927,-0.776358,-2.009034,95.992966,1.540362,0.612390,-0.011195,0.298106,-0.732110,15.519979,91.895424,-3.787557,-0.107975,0.905309,0.105378,0.397054,4.496371,117.650856,27.796061,0.481156,0.865308,0.135105,-0.038444,15.495229,119.510437,40.130165,0.484867,0.635730,0.379705,-0.465377,28.725571,99.137856,35.260799,-0.607299,-0.579615,-0.310102,0.446174,30.433983,94.487953,18.293415,0.063631,0.915719,0.124825,0.376601,-0.210539,82.741669,15.684726,0.063726,0.986287,0.031521,0.148940,-0.999426,49.082790,5.996490,-0.014485,0.969219,0.139245,0.202521,-6.343596,3.601515,2.267493,-0.029615,0.932895,-0.124865,0.336508,13.295968,83.441200,26.992485,0.056624,0.921629,-0.089825,0.373263,12.287670,49.560772,35.852753,-0.061378,0.868210,0.082178,0.485480,4.411182,4.651084,41.517834,-0.014485,0.969219,0.139245,0.202521,-0.722399,1.743037,-10.869795,-0.061378,0.868210,0.082178,0.485480,16.491465,1.716869,34.231041
434,3.616667,-0.045883,0.933474,0.069252,0.348891,6.637974,83.044670,21.281597,-0.052017,0.927404,0.090238,0.359267,5.669549,90.172783,21.984676,-0.013006,0.930174,0.052208,0.363155,3.155380,105.419853,24.010803,0.046600,0.966104,0.049887,0.248963,2.046928,123.161842,25.575474,0.030176,0.992566,-0.013018,0.117191,3.793960,136.825974,25.673845,-0.063152,0.879474,0.132659,0.452701,-0.688790,117.761887,23.047642,0.548466,-0.513289,0.257770,-0.607679,-10.369999,117.912041,9.526745,0.594863,-0.169414,-0.019572,-0.785528,-1.942144,96.201157,1.076687,0.604263,-0.004520,0.279806,-0.746026,15.746718,92.993462,-4.359382,-0.110660,0.904650,0.107287,0.397306,4.488734,117.665329,27.810452,0.473853,0.869186,0.135986,-0.038566,15.461394,119.577217,40.159882,0.472365,0.629824,0.385928,-0.480888,29.036844,99.429199,35.306080,-0.592947,-0.576796,-0.321275,0.460979,30.650637,95.469910,18.141409,0.065976,0.915540,0.120829,0.377933,0.006492,82.715546,15.484166,0.063661,0.986147,0.031378,0.149923,-1.026204,49.009190,5.985787,-0.014921,0.968819,0.141420,0.202896,-6.362764,3.526318,2.265343,-0.029732,0.932516,-0.124541,0.337668,13.269457,83.373795,27.079027,0.056806,0.922186,-0.089147,0.372021,12.265526,49.488213,35.920040,-0.062530,0.868075,0.084032,0.485258,4.404160,4.569271,41.532482,-0.014921,0.968819,0.141420,0.202896,-0.726138,1.731711,-10.874213,-0.062530,0.868075,0.084032,0.485258,16.493494,1.696895,34.236073
435,3.625000,-0.044265,0.932580,0.067829,0.351760,6.625856,83.030083,21.329990,-0.052524,0.926884,0.089489,0.360721,5.684213,90.163124,22.019312,-0.013115,0.929797,0.052661,0.364049,3.157732,105.429886,24.016504,0.047103,0.965817,0.049684,0.250022,2.038285,123.170090,25.593678,0.030578,0.992410,-0.013229,0.118372,3.801583,136.832123,25.692888,-0.063133,0.878287,0.133733,0.454689,-0.690109,117.770996,23.056095,0.541784,-0.515068,0.253006,-0.614136,-10.311397,117.949211,9.492831,0.585215,-0.157036,-0.038732,-0.794583,-1.853605,96.423027,0.611161,0.595643,0.001927,0.259075,-0.760320,15.961483,94.125244,-4.932299,-0.113876,0.903992,0.109472,0.397298,4.478228,117.672813,27.828840,0.466413,0.873042,0.136839,-0.039141,15.427080,119.650146,40.189095,0.458186,0.624040,0.391542,-0.497328,29.346954,99.738976,35.333473,-0.577886,-0.574498,-0.330451,0.476236,30.861187,96.507057,17.977133,0.066373,0.914822,0.120763,0.379621,0.027230,82.722969,15.493986,0.063760,0.986135,0.031320,0.149974,-1.015071,49.019173,5.987563,-0.014966,0.968907,0.141071,0.202720,-6.361176,3.537124,2.270709,-0.030076,0.932216,-0.123873,0.338710,13.224483,83.337196,27.165995,0.056909,0.922413,-0.088615,0.371569,12.249187,49.441414,35.971058,-0.063144,0.867912,0.085496,0.485213,4.399775,4.514846,41.539093,-0.014966,0.968907,0.141071,0.202720,-0.729226,1.732960,-10.869549,-0.063144,0.867912,0.085496,0.485213,16.496281,1.687241,34.237076
436,3.633333,-0.043994,0.931663,0.068085,0.354165,6.640650,83.052849,21.335243,-0.052371,0.926272,0.089877,0.362214,5.699564,90.185738,22.026966,-0.013857,0.929277,0.052923,0.365310,3.170824,105.445564,24.032253,0.047753,0.965436,0.049686,0.251365,2.021218,123.184059,25.606867,0.031183,0.992236,-0.013610,0.119628,3.803696,136.843552,25.714170,-0.063074,0.877175,0.134807,0.456522,-0.692233,117.781105,23.061497,0.535128,-0.516681,0.247560,-0.620800,-10.258230,117.987823,9.459585,0.575361,-0.144211,-0.058565,-0.802952,-1.747807,96.672729,0.130371,0.587344,0.009367,0.240595,-0.772692,16.168058,95.319374,-5.498814,-0.117054,0.903388,0.111927,0.397065,4.462886,117.690254,27.848661,0.459288,0.876770,0.136783,-0.040250,15.393498,119.729218,40.215042,0.443111,0.618256,0.396339,-0.514128,29.635822,100.048843,35.353596,0.560791,0.571637,0.340434,-0.492798,31.031096,97.558632,17.843473,0.066750,0.914251,0.119902,0.381199,0.071538,82.755371,15.465541,0.063862,0.986176,0.031488,0.149621,-1.001930,49.040573,6.001676,-0.014991,0.968998,0.140456,0.202708,-6.356286,3.560698,2.270163,-0.029949,0.931981,-0.123932,0.339345,13.209761,83.350334,27.204947,0.056676,0.922228,-0.088118,0.372180,12.218729,49.455036,36.010117,-0.063063,0.867932,0.085576,0.485174,4.402069,4.517966,41.539307,-0.014991,0.968998,0.140456,0.202708,-0.725142,1.739277,-10.868056,-0.063063,0.867932,0.085576,0.485174,16.497597,1.691175,34.235359
437,3.641667,-0.043695,0.930802,0.067776,0.356516,6.631398,83.056473,21.363459,-0.051869,0.925782,0.089403,0.363654,5.694160,90.190346,22.050220,-0.014406,0.928791,0.053346,0.366462,3.180056,105.466568,24.045389,0.048270,0.965105,0.049460,0.252578,2.004774,123.202911,25.625324,0.031846,0.992066,-0.013995,0.120807,3.804251,136.860153,25.733454,-0.063073,0.875775,0.136240,0.458779,-0.695593,117.797836,23.070549,0.528557,-0.517787,0.242105,-0.627622,-10.192877,118.039513,9.421146,0.565027,-0.131671,-0.078854,-0.810672,-1.606783,96.949638,-0.340561,0.579365,0.017179,0.219951,-0.784641,16.366226,96.554901,-6.047836,-0.120071,0.902803,0.114371,0.396798,4.447448,117.711044,27.870762,0.451579,0.880565,0.137782,-0.041196,15.361314,119.807053,40.242397,0.425904,0.612974,0.400715,-0.531315,29.947716,100.385078,35.361961,0.543828,0.567511,0.346989,-0.511646,31.238075,98.673607,17.721792,0.067007,0.913626,0.119698,0.382713,0.091287,82.765442,15.461143,0.064055,0.986102,0.031409,0.150043,-0.988438,49.049641,6.001606,-0.014718,0.968998,0.140238,0.202878,-6.359699,3.571582,2.272305,-0.030196,0.931725,-0.123590,0.340151,13.171509,83.347504,27.265776,0.056572,0.922064,-0.087606,0.372723,12.197182,49.447338,36.054020,-0.063325,0.867877,0.085898,0.485181,4.403380,4.500914,41.539238,-0.014718,0.968998,0.140238,0.202878,-0.726355,1.742368,-10.863887,-0.063325,0.867877,0.085898,0.485181,16.501595,1.685789,34.235241
438,3.650000,-0.044968,0.930209,0.068673,0.357734,6.656058,83.095863,21.345345,-0.051155,0.925313,0.090253,0.364738,5.696244,90.226326,22.036238,-0.015184,0.928293,0.053603,0.367653,3.193639,105.482925,24.058743,0.048751,0.964758,0.049304,0.253840,1.987206,123.217461,25.635460,0.032627,0.991888,-0.014288,0.122027,3.802326,136.872620,25.746202,-0.062697,0.874372,0.137805,0.461034,-0.698150,117.808296,23.073555,0.521549,-0.518429,0.236732,-0.634962,-10.128013,118.098053,9.378417,0.554100,-0.119115,-0.099465,-0.817858,-1.447395,97.252380,-0.814706,0.571816,0.024540,0.199600,-0.795352,16.550085,97.833069,-6.582799,-0.123021,0.902136,0.116440,0.396810,4.432257,117.729317,27.887402,0.443386,0.884478,0.138860,-0.042721,15.321952,119.883812,40.270283,0.408974,0.606767,0.404353,-0.548701,30.265354,100.746048,35.347301,0.526421,0.563596,0.353677,-0.529295,31.392673,99.810516,17.606789,0.067362,0.912932,0.118697,0.384614,0.133269,82.791534,15.424559,0.064186,0.986096,0.031534,0.150002,-0.976892,49.062344,6.016388,-0.014777,0.969088,0.139745,0.202784,-6.358396,3.586557,2.274231,-0.029778,0.931274,-0.124152,0.341217,13.178847,83.400192,27.266130,0.056086,0.921655,-0.087117,0.373920,12.153686,49.508015,36.079395,-0.062615,0.867920,0.084958,0.485362,4.410308,4.548714,41.530411,-0.014777,0.969088,0.139745,0.202784,-0.727643,1.743777,-10.861177,-0.062615,0.867920,0.084958,0.485362,16.504322,1.700441,34.232304
439,3.658333,-0.042302,0.929521,0.066647,0.360220,6.635903,83.056519,21.406225,-0.051517,0.924764,0.089279,0.366314,5.720440,90.194321,22.081474,-0.015641,0.927793,0.053860,0.368856,3.208400,105.495193,24.072906,0.049444,0.964391,0.049217,0.255113,1.981425,123.228241,25.650490,0.033026,0.991722,-0.014800,0.123200,3.817309,136.880569,25.767242,-0.062361,0.872857,0.139203,0.463524,-0.692158,117.817184,23.080261,0.515162,-0.519450,0.230183,-0.641713,-10.046862,118.152847,9.334713,0.542751,-0.106486,-0.120234,-0.824394,-1.267244,97.574219,-1.306406,0.563384,0.032907,0.178480,-0.806015,16.713030,99.141457,-7.109189,-0.126647,0.901317,0.118856,0.396813,4.425588,117.741837,27.907627,0.435395,0.888089,0.140600,-0.044294,15.285097,119.969810,40.304016,0.391713,0.599891,0.407804,-0.566028,30.569691,101.119041,35.321598,0.506813,0.560305,0.361803,-0.546166,31.503567,100.970909,17.504648,0.067398,0.912420,0.119309,0.385632,0.140477,82.786560,15.453773,0.064539,0.986130,0.031392,0.149659,-0.944615,49.067917,6.004963,-0.014658,0.969075,0.139590,0.202963,-6.361241,3.595471,2.272794,-0.030284,0.930995,-0.123598,0.342134,13.131330,83.326485,27.358679,0.056393,0.922064,-0.086483,0.373012,12.143848,49.426815,36.147396,-0.063870,0.867711,0.087012,0.485208,4.401349,4.460573,41.542137,-0.014658,0.969075,0.139590,0.202963,-0.726860,1.747567,-10.860342,-0.063870,0.867711,0.087012,0.485208,16.506464,1.680663,34.236073
440,3.666667,-0.039280,0.929273,0.063659,0.361741,6.567351,83.005104,21.417721,-0.049950,0.924331,0.089311,0.367615,5.706798,90.152100,22.067463,-0.016317,0.927221,0.054346,0.370191,3.227959,105.512283,24.081701,0.050115,0.963978,0.049178,0.256546,1.969933,123.242691,25.664604,0.033489,0.991527,-0.015414,0.124557,3.825882,136.892242,25.788990,-0.062249,0.871009,0.141368,0.466352,-0.687982,117.828964,23.083750,0.509030,-0.520996,0.222618,-0.647991,-9.955685,118.218361,9.280816,0.530966,-0.093321,-0.140460,-0.830444,-1.086079,97.929840,-1.832272,0.553931,0.040865,0.158334,-0.816346,16.847956,100.481834,-7.615795,-0.129772,0.900612,0.120988,0.396761,4.415575,117.758766,27.926189,0.427803,0.891377,0.142556,-0.045930,15.249809,120.049438,40.333248,0.372519,0.593742,0.411313,-0.582685,30.851799,101.478889,35.282795,0.486732,0.554961,0.368740,-0.564926,31.627911,102.140091,17.432558,0.066644,0.911469,0.119784,0.387859,0.086939,82.767570,15.447553,0.064909,0.986056,0.031051,0.150058,-0.913977,49.049809,5.986327,-0.014813,0.968988,0.140062,0.203042,-6.367183,3.579813,2.277751,-0.031871,0.930363,-0.123283,0.343816,13.047764,83.242645,27.387890,0.056508,0.922522,-0.085619,0.372061,12.155455,49.344437,36.192413,-0.065143,0.867507,0.089203,0.485007,4.437956,4.365721,41.518532,-0.014813,0.968988,0.140062,0.203042,-0.729090,1.746097,-10.855776,-0.065143,0.867507,0.089203,0.485007,16.553602,1.657882,34.202869
441,3.675000,-0.044884,0.928228,0.067578,0.363059,6.676449,83.120834,21.404955,-0.050220,0.923783,0.089743,0.368848,5.719514,90.253571,22.076168,-0.016832,0.926675,0.054820,0.371463,3.238110,105.531181,24.085876,0.050696,0.963607,0.049082,0.257843,1.954618,123.259125,25.675816,0.034160,0.991345,-0.015942,0.125750,3.828447,136.906189,25.805340,-0.062541,0.869244,0.143099,0.469070,-0.689628,117.843819,23.084293,0.502328,-0.522131,0.214588,-0.654980,-9.871559,118.268242,9.225180,0.517982,-0.080105,-0.160767,-0.836320,-0.886634,98.308022,-2.378941,0.543741,0.049211,0.138293,-0.826317,16.961966,101.855675,-8.112939,-0.132632,0.899770,0.123272,0.397022,4.400416,117.776749,27.940979,0.418933,0.894969,0.145782,-0.047678,15.202793,120.118156,40.366337,0.353704,0.587039,0.413585,-0.599354,31.168806,101.884758,35.225876,0.466542,0.549152,0.373949,-0.583894,31.730408,103.327896,17.366358,0.067887,0.911260,0.118405,0.388558,0.221193,82.818893,15.410492,0.065123,0.986104,0.031206,0.149612,-0.889807,49.089828,6.001977,-0.014561,0.969202,0.138728,0.202955,-6.361846,3.623271,2.278927,-0.029354,0.930260,-0.123789,0.344138,13.131705,83.422783,27.399418,0.055358,0.921193,-0.085792,0.375472,12.060133,49.522530,36.176037,-0.062643,0.867881,0.085318,0.485365,4.414031,4.534733,41.528355,-0.014561,0.969202,0.138728,0.202955,-0.729369,1.750436,-10.851490,-0.062643,0.867881,0.085318,0.485365,16.509214,1.695737,34.228577
442,3.683333,-0.044303,0.927650,0.067806,0.364563,6.671532,83.132767,21.404873,-0.049680,0.923259,0.089671,0.370249,5.720101,90.265808,22.080664,-0.017410,0.926076,0.055382,0.372845,3.250953,105.551971,24.091717,0.051364,0.963183,0.048971,0.259311,1.938541,123.276993,25.690535,0.034643,0.991140,-0.016682,0.127137,3.832886,136.921173,25.825974,-0.062871,0.867246,0.145160,0.472080,-0.690429,117.859993,23.087040,0.495664,-0.522910,0.206390,-0.662032,-9.776749,118.325737,9.166366,0.504147,-0.067188,-0.181106,-0.841737,-0.661145,98.712746,-2.917978,0.532998,0.056660,0.118198,-0.835902,17.051674,103.252266,-8.578239,-0.135807,0.899146,0.126219,0.396436,4.384859,117.796303,27.959192,0.410826,0.898080,0.149051,-0.049569,15.174371,120.193466,40.385101,0.334392,0.579038,0.416541,-0.615947,31.464582,102.277924,35.145180,0.446072,0.543804,0.380632,-0.600347,31.780455,104.540596,17.318062,0.067801,0.910537,0.117984,0.390392,0.234643,82.844040,15.390038,0.065364,0.986206,0.031318,0.148809,-0.863714,49.107185,6.008019,-0.014746,0.969290,0.138107,0.202945,-6.358992,3.644156,2.276089,-0.029565,0.929830,-0.124028,0.345193,13.108422,83.421494,27.419706,0.055218,0.921077,-0.085288,0.375891,12.034730,49.526260,36.215435,-0.062730,0.867838,0.085463,0.485406,4.415170,4.529113,41.526855,-0.014746,0.969290,0.138107,0.202945,-0.726140,1.754805,-10.851808,-0.062730,0.867838,0.085463,0.485406,16.511965,1.694917,34.227867
443,3.691667,-0.044686,0.926989,0.067627,0.366226,6.683739,83.151321,21.416981,-0.049274,0.922537,0.089726,0.372083,5.726912,90.284225,22.086636,-0.017982,0.925242,0.056058,0.374782,3.263058,105.582138,24.100542,0.052140,0.962724,0.048420,0.260961,1.919418,123.303757,25.711197,0.035283,0.990952,-0.017298,0.128337,3.840446,136.944244,25.842228,-0.063826,0.864881,0.147471,0.475563,-0.690994,117.885719,23.091228,0.489188,-0.524153,0.197100,-0.668664,-9.663532,118.382301,9.098010,0.490055,-0.054058,-0.200819,-0.846520,-0.426690,99.146965,-3.490773,0.521542,0.065102,0.100525,-0.844779,17.101109,104.654350,-9.023249,-0.138599,0.898429,0.128913,0.396230,4.363634,117.824196,27.984840,0.402967,0.900931,0.152439,-0.052001,15.133086,120.266914,40.419273,0.312626,0.572071,0.419734,-0.631524,31.727982,102.670883,35.054188,0.426488,0.536602,0.384620,-0.618251,31.851810,105.776176,17.319000,0.068090,0.909966,0.117589,0.391790,0.268874,82.857689,15.378900,0.064875,0.986486,0.031625,0.147096,-0.844453,49.117069,6.012172,-0.014522,0.969571,0.138037,0.201662,-6.297918,3.649977,2.268475,-0.029397,0.929502,-0.123973,0.346111,13.098603,83.444962,27.455061,0.054948,0.920715,-0.084898,0.376905,12.006662,49.548080,36.242180,-0.062543,0.867828,0.085171,0.485499,4.417371,4.542091,41.521950,-0.014522,0.969571,0.138037,0.201662,-0.700221,1.757864,-10.874049,-0.062543,0.867828,0.085171,0.485499,16.513699,1.698118,34.226002
444,3.700000,-0.044426,0.926233,0.066889,0.368301,6.671816,83.153442,21.434706,-0.048575,0.921915,0.089390,0.373796,5.720859,90.288116,22.093786,-0.018510,0.924536,0.056645,0.376407,3.275259,105.602440,24.103428,0.052664,0.962227,0.048208,0.262721,1.903491,123.321007,25.723869,0.035977,0.990682,-0.017943,0.130127,3.842349,136.958939,25.858116,-0.064438,0.862347,0.149950,0.479291,-0.690695,117.901863,23.090122,0.482439,-0.525265,0.187301,-0.675476,-9.542205,118.444046,9.021719,0.475134,-0.040802,-0.219848,-0.851029,-0.176550,99.618820,-4.081342,0.509118,0.073515,0.078699,-0.853933,17.154257,106.078133,-9.441398,-0.141963,0.897616,0.131598,0.395998,4.346483,117.842651,28.001720,0.394499,0.903711,0.157398,-0.053881,15.090648,120.347664,40.445633,0.292038,0.563980,0.422432,-0.646677,32.010281,103.102753,34.956184,0.406296,0.528969,0.389195,-0.635329,31.884626,107.018196,17.339222,0.067976,0.909302,0.117498,0.393375,0.283415,82.862335,15.368511,0.065204,0.986575,0.031622,0.146346,-0.808952,49.119125,6.008678,-0.014702,0.969564,0.137904,0.201772,-6.294964,3.655955,2.264986,-0.029798,0.929095,-0.123618,0.347293,13.060218,83.444557,27.500898,0.054891,0.920647,-0.084541,0.377159,11.991913,49.543190,36.273594,-0.062917,0.867752,0.085440,0.485538,4.418164,4.531076,41.523346,-0.014702,0.969564,0.137904,0.201772,-0.693254,1.761050,-10.875424,-0.062917,0.867752,0.085440,0.485538,16.518328,1.699015,34.229122
445,3.708333,-0.044535,0.925582,0.067688,0.369774,6.690104,83.177666,21.432981,-0.048480,0.921377,0.089229,0.375170,5.732406,90.310638,22.100594,-0.018996,0.923947,0.057371,0.377717,3.289744,105.617775,24.102028,0.052679,0.961828,0.048053,0.264203,1.889921,123.332741,25.737820,0.036966,0.990412,-0.018723,0.131785,3.832407,136.970154,25.872406,-0.065209,0.859426,0.152795,0.483517,-0.689485,117.913071,23.090666,0.476274,-0.526792,0.176691,-0.681494,-9.402355,118.506325,8.938028,0.460069,-0.027515,-0.238829,-0.854717,0.075065,100.107956,-4.680833,0.496511,0.081229,0.061661,-0.862019,17.150908,107.502052,-9.831723,-0.145682,0.896694,0.134722,0.395685,4.333539,117.855110,28.016754,0.386819,0.906102,0.161808,-0.056293,15.050385,120.426964,40.470589,0.271543,0.554756,0.425311,-0.661529,32.254185,103.511253,34.841831,0.384772,0.521907,0.397106,-0.649516,31.843084,108.241318,17.383442,0.068040,0.908614,0.116983,0.395104,0.321041,82.892227,15.346215,0.065580,0.986638,0.031705,0.145740,-0.772151,49.141167,6.014808,-0.014345,0.969665,0.137187,0.201802,-6.293264,3.682983,2.262058,-0.029611,0.928690,-0.123698,0.348363,13.059168,83.463112,27.519745,0.054573,0.920187,-0.084252,0.378391,11.966625,49.562355,36.291840,-0.062929,0.867730,0.085212,0.485616,4.422609,4.542551,41.518402,-0.014345,0.969665,0.137187,0.201802,-0.694227,1.765772,-10.876259,-0.062929,0.867730,0.085212,0.485616,16.523537,1.705069,34.227543
446,3.716667,-0.044215,0.924768,0.067447,0.371887,6.680360,83.187294,21.447130,-0.048152,0.920697,0.088726,0.376997,5.726699,90.321144,22.111082,-0.019288,0.923209,0.057920,0.379419,3.295018,105.633995,24.097500,0.053058,0.961365,0.047917,0.265832,1.875142,123.346306,25.744772,0.037788,0.990172,-0.019343,0.133260,3.830902,136.981781,25.883276,-0.066166,0.856279,0.156204,0.487861,-0.690135,117.927109,23.082949,0.469975,-0.527482,0.166064,-0.687974,-9.258458,118.577324,8.844818,0.443837,-0.015084,-0.257592,-0.858154,0.363379,100.632813,-5.269344,0.482372,0.089876,0.041915,-0.870335,17.154100,108.937416,-10.199695,-0.148990,0.895996,0.137876,0.394947,4.314604,117.868446,28.027607,0.378716,0.908456,0.166890,-0.058560,15.018420,120.497360,40.480736,0.250135,0.545986,0.427666,-0.675598,32.516682,103.934166,34.713001,0.364577,0.512792,0.401105,-0.665765,31.827450,109.459862,17.455952,0.068062,0.907867,0.116795,0.396867,0.338417,82.908653,15.331799,0.065864,0.986541,0.031550,0.146298,-0.743360,49.154720,6.009451,-0.014253,0.969757,0.136684,0.201706,-6.290132,3.699067,2.263872,-0.030016,0.928313,-0.123444,0.349421,13.022302,83.465935,27.562464,0.054630,0.920422,-0.083801,0.377911,11.952349,49.562473,36.326874,-0.062698,0.867697,0.085447,0.485664,4.421618,4.536298,41.517563,-0.014253,0.969757,0.136684,0.201706,-0.694847,1.767165,-10.873895,-0.062698,0.867697,0.085447,0.485664,16.522385,1.701361,34.225452
447,3.725000,-0.044209,0.923958,0.067100,0.373958,6.685672,83.208031,21.454895,-0.047849,0.919949,0.088589,0.378888,5.732456,90.342567,22.112127,-0.019514,0.922410,0.058587,0.381245,3.307529,105.653801,24.092854,0.053961,0.960850,0.047814,0.267525,1.867917,123.363022,25.756109,0.037956,0.989967,-0.020235,0.134594,3.850564,136.994522,25.903427,-0.067510,0.852879,0.159546,0.492529,-0.682712,117.945183,23.077478,0.464468,-0.529264,0.153594,-0.693223,-9.092865,118.643745,8.747631,0.427944,-0.001913,-0.275329,-0.860845,0.633173,101.187309,-5.897224,0.468297,0.096327,0.025450,-0.877936,17.114172,110.364548,-10.538816,-0.152140,0.895134,0.140870,0.394644,4.302358,117.884171,28.041935,0.371004,0.910428,0.172378,-0.061345,14.982597,120.564697,40.504299,0.229011,0.536175,0.429588,-0.689583,32.750809,104.352142,34.568085,0.342473,0.505099,0.407251,-0.679510,31.733973,110.656647,17.553144,0.068176,0.907055,0.116300,0.398844,0.370958,82.930283,15.311413,0.066132,0.986625,0.031664,0.145585,-0.711872,49.169365,6.014540,-0.013820,0.969815,0.136166,0.201807,-6.283957,3.717622,2.259132,-0.029917,0.928121,-0.123277,0.349997,13.000385,83.485779,27.598375,0.054341,0.920221,-0.083427,0.378524,11.922735,49.579018,36.349072,-0.062647,0.867697,0.085179,0.485718,4.425837,4.544175,41.513531,-0.013820,0.969815,0.136166,0.201807,-0.689866,1.768619,-10.876611,-0.062647,0.867697,0.085179,0.485718,16.526445,1.701933,34.224014
448,3.733333,-0.044104,0.923221,0.066739,0.375851,6.686045,83.216080,21.466415,-0.047690,0.919230,0.088203,0.380738,5.734838,90.351448,22.117476,-0.019857,0.921612,0.059183,0.383060,3.313770,105.673134,24.085226,0.054269,0.960340,0.047599,0.269325,1.851490,123.379364,25.760464,0.038758,0.989688,-0.020814,0.136320,3.846327,137.009064,25.909727,-0.070354,0.848834,0.163203,0.497892,-0.683557,117.961929,23.066299,0.458168,-0.530334,0.141886,-0.699069,-8.903996,118.678329,8.627662,0.410134,0.010685,-0.293610,-0.863406,0.937320,101.723907,-6.521301,0.452358,0.103660,0.007533,-0.885760,17.044247,111.765266,-10.850459,-0.155364,0.894209,0.143932,0.394380,4.281799,117.900429,28.050465,0.362941,0.912323,0.178362,-0.064246,14.935970,120.633232,40.523773,0.207381,0.527097,0.430603,-0.702669,32.979340,104.794144,34.411888,0.319178,0.496470,0.411947,-0.694221,31.640322,111.834717,17.666172,0.068251,0.906382,0.116084,0.400422,0.396197,82.940468,15.297384,0.066466,0.986574,0.031531,0.145810,-0.681405,49.176743,6.010098,-0.013898,0.969879,0.135766,0.201765,-6.284558,3.728300,2.261029,-0.030089,0.927727,-0.123001,0.351125,12.975892,83.491684,27.635448,0.054173,0.919850,-0.083137,0.379513,11.905624,49.580868,36.371319,-0.062692,0.867669,0.085195,0.485759,4.427220,4.539925,41.509377,-0.013898,0.969879,0.135766,0.201765,-0.691453,1.768450,-10.873516,-0.062692,0.867669,0.085195,0.485759,16.528839,1.698726,34.221123
449,3.741667,-0.044188,0.922282,0.066671,0.378151,6.702700,83.234756,21.470181,-0.047926,0.918312,0.088255,0.382906,5.749115,90.370155,22.117500,-0.020081,0.920691,0.059773,0.385166,3.314035,105.703522,24.079779,0.054976,0.959786,0.047107,0.271237,1.832494,123.406937,25.767881,0.039436,0.989427,-0.021396,0.137918,3.852171,137.033005,25.915098,-0.072472,0.844793,0.166709,0.503270,-0.686615,117.990837,23.056110,0.453086,-0.531846,0.128593,-0.703787,-8.717899,118.745041,8.513315,0.393514,0.023396,-0.310334,-0.865039,1.221965,102.320549,-7.146513,0.436688,0.111158,-0.008008,-0.892683,16.956701,113.157806,-11.122705,-0.158052,0.893380,0.147387,0.393916,4.255852,117.927025,28.062948,0.355649,0.913826,0.184030,-0.067587,14.894191,120.692383,40.542606,0.184965,0.517714,0.431581,-0.715191,33.175381,105.204948,34.239216,0.294800,0.487974,0.417202,-0.707755,31.505882,112.980064,17.802439,0.068388,0.905602,0.115442,0.402345,0.443549,82.960762,15.269929,0.066904,0.986531,0.031514,0.145903,-0.641439,49.187927,6.016659,-0.013781,0.969931,0.135312,0.201828,-6.284027,3.744754,2.262827,-0.030190,0.927149,-0.122668,0.352756,12.961853,83.508751,27.670431,0.054060,0.919830,-0.082939,0.379620,11.891099,49.592648,36.385681,-0.062653,0.867670,0.085037,0.485790,4.428492,4.547554,41.510281,-0.013781,0.969931,0.135312,0.201828,-0.690692,1.771387,-10.869603,-0.062653,0.867670,0.085037,0.485790,16.529964,1.701929,34.223507
450,3.750000,-0.044369,0.921607,0.066234,0.379849,6.708446,83.245155,21.482771,-0.047512,0.917511,0.087892,0.384956,5.753646,90.381157,22.121544,-0.020663,0.919717,0.060496,0.387343,3.328477,105.729713,24.074619,0.055402,0.959198,0.046713,0.273290,1.813877,123.429169,25.774759,0.040049,0.989132,-0.022097,0.139734,3.850491,137.052734,25.920959,-0.074316,0.840510,0.170800,0.508771,-0.684543,118.012497,23.045063,0.447478,-0.533159,0.115658,-0.708610,-8.521657,118.825211,8.399844,0.375964,0.035325,-0.326821,-0.866367,1.505477,102.942848,-7.755725,0.420587,0.117946,-0.024876,-0.899209,16.839352,114.540314,-11.365307,-0.160877,0.892479,0.152152,0.393001,4.233919,117.950188,28.075504,0.348389,0.915080,0.190346,-0.070860,14.866238,120.736862,40.555550,0.162282,0.507875,0.432552,-0.727067,33.378220,105.608513,34.056728,0.271069,0.478643,0.421236,-0.721098,31.366158,114.103569,17.970865,0.068334,0.904952,0.115329,0.403846,0.472259,82.967819,15.259573,0.067390,0.986575,0.031444,0.145398,-0.597275,49.192654,6.013036,-0.013619,0.969906,0.135105,0.202096,-6.286634,3.755078,2.262043,-0.030286,0.926812,-0.122459,0.353703,12.944633,83.522499,27.705971,0.053949,0.919625,-0.082632,0.380200,11.876448,49.603207,36.409126,-0.062613,0.867621,0.085050,0.485881,4.430540,4.552341,41.507179,-0.013619,0.969906,0.135105,0.202096,-0.687751,1.774869,-10.866994,-0.062613,0.867621,0.085050,0.485881,16.533257,1.706498,34.222557
451,3.758333,-0.044256,0.920627,0.066447,0.382194,6.726838,83.262108,21.472128,-0.047457,0.916535,0.088053,0.387243,5.770744,90.397850,22.111916,-0.020993,0.918706,0.061215,0.389605,3.338690,105.756142,24.065533,0.055756,0.958624,0.046229,0.275307,1.799156,123.451981,25.780804,0.040984,0.988836,-0.022738,0.141446,3.851470,137.073212,25.923044,-0.076091,0.836297,0.174441,0.514187,-0.680651,118.036507,23.031828,0.442508,-0.534213,0.101909,-0.713034,-8.324618,118.903282,8.287959,0.358627,0.046505,-0.342632,-0.867080,1.794985,103.589508,-8.351671,0.404389,0.124247,-0.041901,-0.905139,16.719658,115.898918,-11.589975,-0.164223,0.891580,0.155993,0.392151,4.212888,117.972305,28.086493,0.341491,0.916130,0.196299,-0.074545,14.831203,120.807587,40.567505,0.139645,0.498432,0.433445,-0.737692,33.552437,106.030998,33.862072,0.248245,0.468837,0.424489,-0.733740,31.215637,115.207840,18.152615,0.068592,0.904198,0.114401,0.405751,0.521983,82.991539,15.217394,0.067635,0.986569,0.031504,0.145307,-0.571244,49.203903,6.019324,-0.012825,0.969980,0.134633,0.202108,-6.282235,3.769714,2.260180,-0.030384,0.926390,-0.122497,0.354786,12.931692,83.532677,27.726862,0.053794,0.919397,-0.082278,0.380848,11.858725,49.614452,36.433578,-0.063099,0.867637,0.084514,0.485883,4.434477,4.556685,41.502167,-0.012825,0.969980,0.134633,0.202108,-0.689538,1.771706,-10.868794,-0.063099,0.867637,0.084514,0.485883,16.539108,1.704490,34.223213
452,3.766667,-0.044255,0.919718,0.066521,0.384364,6.744876,83.276764,21.464344,-0.047308,0.915494,0.088363,0.389646,5.786885,90.412354,22.102865,-0.021382,0.917596,0.061628,0.392127,3.349256,105.775597,24.061535,0.056084,0.957999,0.046160,0.277418,1.786492,123.469040,25.780577,0.041690,0.988567,-0.023552,0.142978,3.850865,137.088379,25.930029,-0.077767,0.832215,0.178065,0.519292,-0.673866,118.053581,23.014168,0.436546,-0.535298,0.088312,-0.717694,-8.133782,118.976524,8.179718,0.340708,0.057137,-0.357321,-0.867741,2.056487,104.257118,-8.946067,0.387823,0.130497,-0.058039,-0.910602,16.568014,117.214760,-11.783242,-0.167817,0.890912,0.159047,0.390918,4.191705,117.989609,28.095760,0.334432,0.916952,0.203050,-0.078257,14.802445,120.894417,40.567223,0.119203,0.488135,0.433793,-0.747890,33.731998,106.486916,33.646885,0.225710,0.457941,0.428907,-0.745241,31.034449,116.251114,18.361988,0.069049,0.903329,0.113186,0.407943,0.569342,83.009964,15.180498,0.068212,0.986583,0.031336,0.144978,-0.565826,49.207363,6.042675,-0.013524,0.969905,0.134185,0.202719,-6.332348,3.779399,2.293055,-0.030431,0.925842,-0.122497,0.356210,12.920411,83.543556,27.748188,0.053577,0.919109,-0.081950,0.381645,11.837124,49.625542,36.454437,-0.062254,0.867630,0.084644,0.485983,4.438085,4.560697,41.496883,-0.013524,0.969905,0.134185,0.202719,-0.719051,1.772430,-10.825758,-0.062254,0.867630,0.084644,0.485983,16.538990,1.699813,34.215149
453,3.775000,-0.044304,0.918829,0.066275,0.386520,6.760109,83.291885,21.464357,-0.047640,0.914633,0.088263,0.391646,5.801346,90.427895,22.097101,-0.021621,0.916721,0.062427,0.394028,3.347595,105.813049,24.046312,0.057039,0.957420,0.045895,0.279263,1.762287,123.502586,25.784752,0.042309,0.988285,-0.024462,0.144582,3.856222,137.117340,25.940176,-0.080549,0.827568,0.181637,0.525026,-0.681804,118.089081,23.000175,0.431040,-0.536109,0.074705,-0.721950,-7.927907,119.043793,8.062113,0.322952,0.067353,-0.371833,-0.867701,2.329222,104.921257,-9.520276,0.371568,0.136105,-0.073636,-0.915418,16.409340,118.496742,-11.949773,-0.171295,0.890131,0.162969,0.389570,4.162593,118.021843,28.101915,0.328305,0.917314,0.210167,-0.081123,14.769094,120.981598,40.564064,0.099839,0.477611,0.434586,-0.757004,33.877205,106.904045,33.457901,0.203634,0.446141,0.434189,-0.755626,30.825809,117.241982,18.576193,0.069227,0.902490,0.112664,0.409910,0.613956,83.025856,15.151736,0.068585,0.986590,0.031253,0.144774,-0.527798,49.216721,6.038939,-0.013118,0.969981,0.133755,0.202670,-6.329839,3.792968,2.293109,-0.030425,0.925427,-0.122370,0.357329,12.906262,83.557922,27.776978,0.053388,0.918972,-0.081668,0.382060,11.815304,49.637684,36.473625,-0.062759,0.867655,0.084233,0.485943,4.439701,4.566732,41.495750,-0.013118,0.969981,0.133755,0.202670,-0.721390,1.771602,-10.825567,-0.062759,0.867655,0.084233,0.485943,16.542295,1.702834,34.218014
454,3.783333,-0.044527,0.918033,0.065951,0.388438,6.773766,83.299423,21.470072,-0.047513,0.913647,0.088152,0.393982,5.812523,90.435760,22.095272,-0.022277,0.915592,0.062873,0.396539,3.355603,105.841896,24.039165,0.057761,0.956750,0.045617,0.281447,1.737816,123.528419,25.778440,0.043072,0.987994,-0.025123,0.146222,3.855755,137.139404,25.938957,-0.082604,0.823166,0.185023,0.530415,-0.683773,118.113304,22.977364,0.425770,-0.536543,0.060927,-0.726037,-7.729524,119.115829,7.946873,0.305576,0.076899,-0.385703,-0.867147,2.597135,105.604622,-10.069853,0.355470,0.142074,-0.089669,-0.919465,16.241316,119.748581,-12.091737,-0.174043,0.889167,0.166621,0.389011,4.132287,118.049492,28.105909,0.321091,0.917897,0.216958,-0.085406,14.721720,121.040771,40.575047,0.081018,0.466463,0.434912,-0.765964,34.026623,107.355164,33.238846,0.183251,0.433135,0.440468,-0.764723,30.600525,118.203697,18.820232,0.069348,0.901668,0.112349,0.411781,0.654157,83.030411,15.131840,0.069025,0.986586,0.031157,0.144611,-0.485532,49.217476,6.032890,-0.013367,0.969975,0.133535,0.202824,-6.329235,3.798741,2.290977,-0.030416,0.925048,-0.122227,0.358360,12.893374,83.568436,27.808302,0.053206,0.918689,-0.081387,0.382826,11.795746,49.645710,36.494381,-0.062330,0.867630,0.084513,0.485994,4.441065,4.568768,41.493382,-0.013367,0.969975,0.133535,0.202824,-0.715184,1.772488,-10.824548,-0.062330,0.867630,0.084513,0.485994,16.542330,1.705732,34.213085
455,3.791667,-0.044890,0.917001,0.066549,0.390724,6.814793,83.329430,21.450039,-0.047612,0.912558,0.088454,0.396419,5.843859,90.464157,22.078659,-0.022847,0.914446,0.063437,0.399052,3.375573,105.866226,24.023048,0.058105,0.956050,0.045681,0.283736,1.726427,123.549294,25.768051,0.043681,0.987667,-0.025837,0.148119,3.855969,137.158325,25.940224,-0.084349,0.818739,0.188917,0.535596,-0.672910,118.133568,22.949047,0.419568,-0.537124,0.048001,-0.730175,-7.525305,119.202003,7.833943,0.287655,0.085311,-0.398978,-0.866483,2.840184,106.298782,-10.601303,0.339624,0.146612,-0.103463,-0.923286,16.052711,120.965836,-12.219107,-0.177579,0.887936,0.170153,0.388694,4.114657,118.071342,28.104221,0.315250,0.918389,0.221738,-0.089504,14.670915,121.116028,40.588551,0.061777,0.456233,0.435503,-0.773545,34.124489,107.753670,33.051907,0.162988,0.419610,0.446898,-0.773075,30.362648,119.116852,19.070795,0.069499,0.900915,0.111208,0.413709,0.727156,83.062149,15.081021,0.069538,0.986746,0.031415,0.143216,-0.436351,49.232815,6.046269,-0.012922,0.970052,0.132846,0.202939,-6.328173,3.822088,2.282632,-0.030135,0.924533,-0.122469,0.359628,12.902430,83.596718,27.819056,0.052868,0.918248,-0.081071,0.383996,11.768520,49.676949,36.512028,-0.061803,0.867666,0.084056,0.486077,4.446890,4.591995,41.487247,-0.012922,0.970052,0.132846,0.202939,-0.715307,1.773847,-10.829985,-0.061803,0.867666,0.084056,0.486077,16.544775,1.710299,34.208698
456,3.800000,-0.044952,0.916014,0.066169,0.393088,6.831989,83.345329,21.446453,-0.046460,0.911413,0.088190,0.399238,5.860747,90.480705,22.067209,-0.024030,0.913019,0.064192,0.402117,3.422935,105.885803,24.010872,0.058263,0.955290,0.045446,0.286288,1.718626,123.563446,25.757793,0.044313,0.987340,-0.026548,0.149971,3.857568,137.170959,25.933212,-0.085162,0.814458,0.192856,0.540566,-0.648065,118.144051,22.918325,0.415163,-0.538005,0.033655,-0.732843,-7.317969,119.304527,7.728569,0.270892,0.093719,-0.410845,-0.865471,3.058641,107.015053,-11.115243,0.322785,0.151655,-0.116831,-0.926910,15.853522,122.133362,-12.312751,-0.180960,0.886835,0.173928,0.387976,4.104157,118.089546,28.106182,0.308973,0.918593,0.227790,-0.093992,14.638655,121.182808,40.596947,0.043894,0.445212,0.435140,-0.781353,34.245552,108.180466,32.831421,0.142572,0.406555,0.453014,-0.780490,30.103714,119.984200,19.314627,0.069785,0.899961,0.110410,0.415944,0.777132,83.077965,15.046271,0.069899,0.986607,0.031309,0.144017,-0.405550,49.239029,6.050046,-0.012633,0.970072,0.132632,0.203001,-6.328332,3.832328,2.286461,-0.030371,0.923888,-0.122341,0.361304,12.886847,83.612701,27.846634,0.052710,0.917700,-0.080772,0.385387,11.755756,49.691750,36.535362,-0.061688,0.867630,0.083888,0.486184,4.450341,4.600805,41.480068,-0.012633,0.970072,0.132632,0.203001,-0.716310,1.776410,-10.825311,-0.061688,0.867630,0.083888,0.486184,16.548744,1.713378,34.204655
457,3.808333,-0.044942,0.915071,0.065654,0.395366,6.842526,83.362183,21.442284,-0.046380,0.910438,0.087962,0.401515,5.872797,90.498558,22.053894,-0.024181,0.911977,0.064778,0.404372,3.434034,105.912849,23.986954,0.058681,0.954641,0.045313,0.288383,1.712077,123.587540,25.746435,0.044875,0.987018,-0.027188,0.151797,3.865758,137.192642,25.928408,-0.086824,0.809785,0.196693,0.545913,-0.637773,118.170334,22.888855,0.409594,-0.538755,0.020570,-0.735903,-7.104949,119.403244,7.617352,0.253032,0.101178,-0.422555,-0.864399,3.266829,107.718994,-11.610225,0.305507,0.155423,-0.129410,-0.930464,15.645912,123.266586,-12.384063,-0.184038,0.885790,0.176943,0.387552,4.088759,118.112053,28.100088,0.302860,0.918953,0.232703,-0.098237,14.596814,121.253311,40.601147,0.026527,0.434830,0.434410,-0.788357,34.348618,108.595619,32.635960,0.123117,0.392507,0.458245,-0.787904,29.844942,120.790520,19.579370,0.069840,0.899021,0.109711,0.418146,0.819308,83.094788,15.012315,0.070275,0.986613,0.031350,0.143782,-0.365726,49.245617,6.055004,-0.012725,0.970124,0.132288,0.202974,-6.322783,3.843999,2.284247,-0.030569,0.923409,-0.122170,0.362569,12.865745,83.629585,27.872253,0.052574,0.917475,-0.080503,0.386000,11.739940,49.706547,36.553524,-0.061704,0.867612,0.083700,0.486248,4.452096,4.610306,41.475803,-0.012725,0.970124,0.132288,0.202974,-0.711189,1.778904,-10.826268,-0.061704,0.867612,0.083700,0.486248,16.551151,1.718486,34.203217
458,3.816667,-0.045119,0.914153,0.065474,0.397495,6.864676,83.372223,21.437428,-0.045458,0.909172,0.087472,0.404586,5.892220,90.508698,22.043402,-0.025385,0.910361,0.065416,0.407823,3.475445,105.953720,23.969368,0.058987,0.953771,0.045359,0.291176,1.698484,123.623299,25.725313,0.045664,0.986673,-0.027881,0.153670,3.863496,137.226425,25.920061,-0.088172,0.805209,0.200753,0.550965,-0.616502,118.202255,22.846649,0.404036,-0.539354,0.008130,-0.738773,-6.891516,119.519745,7.502219,0.235165,0.107873,-0.433607,-0.863160,3.465926,108.424309,-12.078628,0.287842,0.158248,-0.140780,-0.933962,15.434615,124.350121,-12.431252,-0.187332,0.884520,0.180525,0.387222,4.069752,118.152046,28.094217,0.296935,0.918395,0.241607,-0.100028,14.545627,121.338249,40.610897,0.012775,0.423947,0.433299,-0.795209,34.455914,109.023323,32.504208,0.103457,0.379168,0.463826,-0.793974,29.561563,121.548294,19.849600,0.070026,0.898194,0.109062,0.420059,0.871494,83.103920,14.979494,0.070737,0.986594,0.031276,0.143701,-0.325586,49.246620,6.054556,-0.012710,0.970115,0.132171,0.203094,-6.325614,3.850561,2.284983,-0.030617,0.922902,-0.122180,0.363849,12.857858,83.640526,27.895361,0.052456,0.917229,-0.080179,0.386666,11.722812,49.717869,36.576897,-0.061485,0.867566,0.083607,0.486373,4.452662,4.615712,41.470982,-0.012710,0.970115,0.132171,0.203094,-0.711153,1.782038,-10.823764,-0.061485,0.867566,0.083607,0.486373,16.552036,1.718573,34.201046
459,3.825000,-0.045104,0.913043,0.065112,0.400097,6.883760,83.392944,21.427696,-0.044889,0.907912,0.086641,0.407646,5.911852,90.530128,22.026224,-0.025830,0.908854,0.066463,0.410973,3.517098,105.970451,23.926546,0.058746,0.953016,0.045462,0.293670,1.704356,123.634300,25.703583,0.046357,0.986345,-0.028463,0.155448,3.865532,137.237900,25.907335,-0.088252,0.801209,0.204332,0.555450,-0.583275,118.215691,22.798574,0.398394,-0.539746,-0.004001,-0.741580,-6.692778,119.638847,7.396898,0.218193,0.114302,-0.444048,-0.861480,3.646205,109.131119,-12.515105,0.271806,0.161165,-0.152452,-0.936432,15.216011,125.401863,-12.451630,-0.190702,0.883143,0.183024,0.387549,4.066362,118.161682,28.078573,0.291621,0.918241,0.247414,-0.102843,14.491458,121.404099,40.623180,-0.002849,0.414042,0.432567,-0.800904,34.528423,109.396538,32.368885,0.085125,0.365687,0.469032,-0.799397,29.286608,122.277496,20.127239,0.070128,0.897300,0.108220,0.422165,0.927150,83.126205,14.935951,0.071216,0.986600,0.031286,0.143426,-0.280787,49.257088,6.057437,-0.012208,0.970152,0.131735,0.203229,-6.324886,3.867328,2.282405,-0.030859,0.922414,-0.122233,0.365048,12.840371,83.659691,27.919441,0.052432,0.917180,-0.079762,0.386873,11.708335,49.738972,36.608952,-0.061259,0.867591,0.083176,0.486431,4.453765,4.630452,41.467422,-0.012208,0.970152,0.131735,0.203229,-0.711245,1.783637,-10.824291,-0.061259,0.867591,0.083176,0.486431,16.551403,1.719508,34.200111
460,3.833333,-0.045340,0.911975,0.065086,0.402503,6.911877,83.407951,21.412176,-0.044131,0.906629,0.086142,0.410677,5.935440,90.544876,22.006414,-0.026714,0.907289,0.067272,0.414232,3.561403,105.995880,23.895226,0.059107,0.952230,0.045587,0.296118,1.701791,123.654213,25.678677,0.046998,0.986077,-0.029092,0.156834,3.874537,137.255753,25.896675,-0.089200,0.796913,0.208100,0.560061,-0.554191,118.234505,22.751041,0.393193,-0.540146,-0.016095,-0.743897,-6.487024,119.746658,7.288891,0.201907,0.120565,-0.453792,-0.859518,3.818501,109.816444,-12.934410,0.256104,0.164017,-0.162840,-0.938612,14.999959,126.392174,-12.453901,-0.193586,0.881835,0.185805,0.387773,4.056953,118.183449,28.064722,0.287083,0.919395,0.246609,-0.107143,14.439411,121.464935,40.634514,-0.020367,0.406541,0.430775,-0.805446,34.561764,109.695854,32.245533,0.066425,0.352114,0.473273,-0.804746,29.010401,122.916817,20.385847,0.070307,0.896238,0.107380,0.424599,0.989679,83.140839,14.889033,0.071795,0.986506,0.031140,0.143808,-0.230806,49.260796,6.054027,-0.011814,0.970186,0.131341,0.203346,-6.327625,3.877807,2.282414,-0.030766,0.921840,-0.122256,0.366494,12.834075,83.675064,27.935320,0.052487,0.916814,-0.080061,0.387669,11.681789,49.754345,36.622177,-0.060730,0.867559,0.082708,0.486635,4.407860,4.650748,41.497387,-0.011814,0.970186,0.131341,0.203346,-0.714418,1.780735,-10.822338,-0.060730,0.867559,0.082708,0.486635,16.503975,1.720910,34.235130
461,3.841667,-0.045862,0.910777,0.064435,0.405253,6.951517,83.445160,21.410538,-0.043085,0.905101,0.085299,0.414319,5.970223,90.582619,21.990215,-0.028102,0.905336,0.068403,0.418209,3.630054,106.035805,23.858812,0.058961,0.951264,0.045726,0.299216,1.701039,123.685944,25.649599,0.047821,0.985696,-0.029659,0.158859,3.872836,137.287430,25.880363,-0.089561,0.793416,0.211648,0.563627,-0.512189,118.263535,22.694471,0.387255,-0.540419,-0.026852,-0.746498,-6.309602,119.867729,7.190287,0.186485,0.125970,-0.462535,-0.857564,3.958404,110.491165,-13.314425,0.241437,0.168039,-0.173204,-0.939932,14.787273,127.330170,-12.441472,-0.196000,0.880452,0.188687,0.388311,4.051296,118.218994,28.049194,0.281896,0.918985,0.253194,-0.109059,14.388585,121.521721,40.650612,-0.033054,0.397226,0.429109,-0.810546,34.636631,110.053658,32.147964,0.049418,0.339023,0.477149,-0.809290,28.735069,123.528275,20.657930,0.070573,0.895442,0.106637,0.426418,1.069320,83.169136,14.851671,0.072964,0.986243,0.030901,0.145076,-0.172423,49.280567,6.052392,-0.011720,0.970073,0.130218,0.204610,-6.373023,3.911767,2.279240,-0.030514,0.921324,-0.121910,0.367925,12.833713,83.721191,27.969402,0.052159,0.916366,-0.079856,0.388814,11.660752,49.793468,36.626064,-0.060144,0.867567,0.081982,0.486816,4.415460,4.683709,41.486877,-0.011720,0.970073,0.130218,0.204610,-0.729124,1.782002,-10.807042,-0.060144,0.867567,0.081982,0.486816,16.508572,1.727783,34.230202
462,3.850000,-0.045847,0.909707,0.064258,0.407679,6.972975,83.458344,21.392975,-0.041789,0.903771,0.083838,0.417640,5.991369,90.596146,21.967810,-0.029300,0.903547,0.069609,0.421781,3.697890,106.075905,23.805609,0.058947,0.950376,0.046179,0.301958,1.705163,123.717651,25.609306,0.048662,0.985362,-0.030200,0.160566,3.876333,137.318878,25.860983,-0.090081,0.790218,0.215010,0.566756,-0.469014,118.293953,22.627676,0.381585,-0.540466,-0.037113,-0.748941,-6.145687,119.979408,7.087475,0.171843,0.131078,-0.470771,-0.855373,4.087299,111.137833,-13.670836,0.227229,0.172302,-0.182493,-0.940944,14.576310,128.213699,-12.416645,-0.199238,0.878671,0.191440,0.389349,4.051291,118.253342,28.018934,0.277221,0.918763,0.258214,-0.111122,14.319170,121.596924,40.666241,-0.044636,0.388651,0.427246,-0.815119,34.674252,110.398315,32.060596,0.033353,0.325713,0.481717,-0.812864,28.446440,124.080170,20.919083,0.070654,0.894268,0.105749,0.429080,1.125515,83.184906,14.803013,0.073464,0.986341,0.030959,0.144137,-0.122328,49.283924,6.052556,-0.011679,0.970089,0.129916,0.204724,-6.370813,3.922185,2.273527,-0.030627,0.920776,-0.121925,0.369281,12.820436,83.731789,27.982935,0.051960,0.915923,-0.079613,0.389933,11.641604,49.804802,36.641705,-0.060025,0.867514,0.081903,0.486938,4.415730,4.689569,41.480556,-0.011679,0.970089,0.129916,0.204724,-0.724645,1.783649,-10.810344,-0.060025,0.867514,0.081903,0.486938,16.509796,1.730060,34.226929
463,3.858333,-0.045979,0.908528,0.064241,0.410287,7.000364,83.477364,21.370850,-0.040331,0.902339,0.082304,0.421170,6.015488,90.615021,21.941847,-0.030621,0.901615,0.071052,0.425564,3.775334,106.113770,23.747782,0.059157,0.949421,0.046570,0.304848,1.710804,123.745438,25.569099,0.049099,0.985040,-0.030668,0.162310,3.887752,137.345306,25.842428,-0.089981,0.787327,0.218472,0.569464,-0.420402,118.320824,22.558268,0.376275,-0.540254,-0.046824,-0.751232,-5.995316,120.102486,6.991982,0.158312,0.135923,-0.478215,-0.853096,4.208600,111.772751,-13.991117,0.213983,0.176553,-0.191530,-0.941465,14.377378,129.046295,-12.372009,-0.201287,0.877069,0.194174,0.390550,4.053685,118.283821,27.987968,0.272476,0.918821,0.262011,-0.113464,14.263090,121.633423,40.680939,-0.056872,0.380316,0.425360,-0.819264,34.721336,110.701347,31.977781,0.018993,0.312520,0.484755,-0.816690,28.172386,124.596695,21.188339,0.070590,0.893250,0.104837,0.431429,1.190736,83.205589,14.747444,0.074588,0.986071,0.030818,0.145433,-0.058236,49.290531,6.051881,-0.011470,0.969928,0.129416,0.205815,-6.404919,3.943282,2.262571,-0.030760,0.920115,-0.121914,0.370916,12.809994,83.749138,27.994255,0.051725,0.915477,-0.079377,0.391058,11.624607,49.822544,36.653648,-0.060110,0.867485,0.081604,0.487030,4.420850,4.701632,41.472469,-0.011470,0.969928,0.129416,0.205815,-0.732691,1.789018,-10.807441,-0.060110,0.867485,0.081604,0.487030,16.516182,1.735999,34.223454
464,3.866667,-0.046490,0.907292,0.064547,0.412910,7.047155,83.498154,21.343561,-0.039298,0.900846,0.081654,0.424577,6.052135,90.634560,21.912634,-0.031886,0.899729,0.072298,0.429237,3.843686,106.135025,23.705261,0.058855,0.948505,0.046783,0.307711,1.712188,123.757492,25.538401,0.049805,0.984673,-0.031260,0.164199,3.882980,137.358093,25.824421,-0.089596,0.784705,0.221194,0.572088,-0.377892,118.331703,22.500961,0.372757,-0.539869,-0.058152,-0.752471,-5.855481,120.202110,6.910557,0.146681,0.141360,-0.484638,-0.850664,4.310146,112.398911,-14.292385,0.202015,0.180668,-0.199776,-0.941615,14.180636,129.833420,-12.312511,-0.203599,0.875656,0.196330,0.391445,4.050897,118.298721,27.967697,0.267095,0.918706,0.266525,-0.116640,14.205895,121.672318,40.697895,-0.067420,0.371465,0.422805,-0.823835,34.771790,111.054085,31.860935,0.005929,0.299500,0.487900,-0.819889,27.897505,125.059715,21.450869,0.070930,0.892210,0.103567,0.433825,1.276416,83.224411,14.686328,0.074642,0.986353,0.030948,0.143450,-0.009671,49.294167,6.055640,-0.011029,0.970138,0.129347,0.204892,-6.367105,3.948396,2.266655,-0.030628,0.919504,-0.122130,0.372370,12.817896,83.771904,28.000795,0.051637,0.914926,-0.079030,0.392427,11.604661,49.848423,36.668541,-0.059676,0.867264,0.081125,0.487555,4.413473,4.721618,41.450848,-0.011029,0.970138,0.129347,0.204892,-0.722291,1.790083,-10.814549,-0.059676,0.867264,0.081125,0.487555,16.513067,1.738291,34.216225
465,3.875000,-0.046650,0.906073,0.064425,0.415577,7.073086,83.516548,21.323214,-0.037933,0.899496,0.080397,0.427791,6.075027,90.652969,21.886801,-0.033256,0.897962,0.073488,0.432617,3.915941,106.160995,23.654474,0.058969,0.947601,0.047311,0.310380,1.715443,123.774101,25.496181,0.050273,0.984347,-0.031881,0.165885,3.887916,137.373901,25.806002,-0.089008,0.782469,0.223586,0.574307,-0.334213,118.346252,22.434971,0.369811,-0.539048,-0.068927,-0.753602,-5.730687,120.300652,6.826581,0.135962,0.146759,-0.490730,-0.848033,4.410995,112.996880,-14.564928,0.190840,0.184562,-0.207353,-0.941553,13.987295,130.570801,-12.237993,-0.206112,0.873980,0.197977,0.393043,4.052337,118.319107,27.935696,0.262834,0.918596,0.270205,-0.118695,14.131412,121.722435,40.718224,-0.076719,0.363624,0.420955,-0.827459,34.785244,111.348389,31.796700,-0.005532,0.286627,0.491778,-0.822173,27.623505,125.486115,21.703821,0.071105,0.891191,0.102523,0.436132,1.341559,83.243385,14.632161,0.075038,0.986421,0.031005,0.142765,0.034433,49.299816,6.057222,-0.010904,0.970199,0.128995,0.204829,-6.360570,3.959814,2.262415,-0.030735,0.918798,-0.121937,0.374162,12.804612,83.789711,28.014267,0.051211,0.914582,-0.078954,0.393298,11.586471,49.863396,36.670227,-0.059540,0.867438,0.080905,0.487300,4.429143,4.731452,41.454876,-0.010904,0.970199,0.128995,0.204829,-0.718796,1.790918,-10.818359,-0.059540,0.867438,0.080905,0.487300,16.523058,1.740693,34.213810
466,3.883333,-0.046688,0.904827,0.064192,0.418315,7.093470,83.540894,21.299282,-0.037122,0.898173,0.079773,0.430747,6.094617,90.677689,21.856577,-0.033960,0.896398,0.074502,0.435622,3.962001,106.183670,23.609907,0.058945,0.946800,0.047433,0.312803,1.717187,123.789726,25.465458,0.050813,0.984011,-0.032576,0.167568,3.890807,137.389084,25.786442,-0.088378,0.780006,0.226143,0.576750,-0.301825,118.363251,22.381529,0.363454,-0.538790,-0.076136,-0.756181,-5.608492,120.408501,6.754009,0.123866,0.150383,-0.496664,-0.845794,4.495141,113.558075,-14.804821,0.179984,0.188871,-0.215362,-0.941038,13.807532,131.266190,-12.153569,-0.208837,0.872217,0.200529,0.394223,4.047342,118.334923,27.911844,0.258057,0.918378,0.274256,-0.121537,14.057885,121.764008,40.741245,-0.084701,0.355090,0.418198,-0.831774,34.801178,111.672630,31.703815,-0.016362,0.274160,0.496155,-0.823650,27.331549,125.856171,21.948723,0.070996,0.890195,0.101659,0.438381,1.402269,83.269539,14.573829,0.075679,0.986395,0.030883,0.142632,0.096542,49.312504,6.052127,-0.010911,0.970305,0.128198,0.204827,-6.358345,3.980687,2.260907,-0.030916,0.918064,-0.121680,0.376027,12.784672,83.812248,28.024733,0.051002,0.913908,-0.078829,0.394913,11.567444,49.882324,36.666649,-0.059160,0.867257,0.080545,0.487728,4.423675,4.746610,41.435947,-0.010911,0.970305,0.128198,0.204827,-0.717640,1.789389,-10.816587,-0.059160,0.867257,0.080545,0.487728,16.520926,1.741794,34.206303
467,3.891667,-0.046993,0.903476,0.064542,0.421137,7.125930,83.552704,21.264544,-0.036388,0.897008,0.079238,0.433330,6.119264,90.688446,21.821409,-0.034642,0.895081,0.075500,0.438098,4.007366,106.215164,23.565535,0.059075,0.946085,0.047803,0.314878,1.720169,123.814201,25.435793,0.051266,0.983708,-0.033270,0.169067,3.896358,137.412720,25.774607,-0.088262,0.777464,0.228251,0.579363,-0.271619,118.388916,22.332134,0.359966,-0.538488,-0.085304,-0.757085,-5.478495,120.504929,6.680484,0.113305,0.154979,-0.501829,-0.843392,4.567910,114.100388,-15.041542,0.169323,0.191567,-0.221370,-0.941078,13.621485,131.904907,-12.058311,-0.210829,0.870533,0.202314,0.395970,4.046451,118.359802,27.886763,0.253977,0.918231,0.277815,-0.123153,13.983276,121.799698,40.770470,-0.092166,0.348176,0.415372,-0.835312,34.810493,111.939529,31.671068,-0.027869,0.262181,0.499437,-0.825256,27.062529,126.179169,22.183887,0.071002,0.889156,0.100421,0.440768,1.476991,83.283409,14.503471,0.076724,0.986140,0.031013,0.143801,0.154853,49.308922,6.054224,-0.010601,0.970063,0.127881,0.206184,-6.387883,3.992477,2.230038,-0.031081,0.917275,-0.121765,0.377906,12.774870,83.821999,28.025616,0.050747,0.913518,-0.078639,0.395886,11.548232,49.894249,36.674736,-0.059064,0.867288,0.080314,0.487722,4.427528,4.753405,41.429920,-0.010601,0.970063,0.127881,0.206184,-0.714778,1.789927,-10.831544,-0.059064,0.867288,0.080314,0.487722,16.523378,1.741565,34.200851
468,3.900000,-0.047249,0.902204,0.064682,0.423806,7.167906,83.573822,21.237000,-0.036504,0.896005,0.078203,0.435576,6.155414,90.708939,21.791124,-0.035428,0.893959,0.077143,0.440036,4.047864,106.255974,23.501038,0.059393,0.945418,0.048052,0.316778,1.705965,123.844101,25.405973,0.051882,0.983346,-0.034021,0.170828,3.890358,137.440903,25.760487,-0.088058,0.774992,0.229920,0.582039,-0.257665,118.421570,22.279625,0.356545,-0.538060,-0.093736,-0.758011,-5.362340,120.602737,6.603274,0.102762,0.159001,-0.506476,-0.841213,4.632117,114.617668,-15.261872,0.157787,0.193872,-0.227536,-0.941140,13.452657,132.501297,-11.958506,-0.213005,0.868744,0.204907,0.397399,4.035678,118.389557,27.853371,0.250387,0.918129,0.280870,-0.124329,13.904124,121.835899,40.787804,-0.100117,0.341960,0.412668,-0.838299,34.806622,112.175301,31.647045,-0.039036,0.251731,0.501396,-0.826867,26.803640,126.474380,22.419218,0.071271,0.888183,0.099297,0.442936,1.559147,83.305588,14.442513,0.077245,0.986122,0.030917,0.143672,0.205454,49.318054,6.050906,-0.010140,0.970116,0.127479,0.206209,-6.385996,4.008424,2.229546,-0.031044,0.916494,-0.121683,0.379826,12.776664,83.842049,28.031487,0.050424,0.912866,-0.078576,0.397440,11.531773,49.912731,36.671848,-0.058741,0.867251,0.079932,0.487889,4.432241,4.767978,41.421581,-0.010140,0.970116,0.127479,0.206209,-0.716314,1.791931,-10.831163,-0.058741,0.867251,0.079932,0.487889,16.527514,1.742249,34.197346
469,3.908333,-0.047489,0.901002,0.064661,0.426332,7.194956,83.589783,21.209187,-0.036620,0.895106,0.077059,0.437615,6.177932,90.724625,21.758699,-0.035454,0.893000,0.078712,0.441700,4.077304,106.289078,23.431400,0.059908,0.944855,0.048140,0.318345,1.706475,123.868408,25.381174,0.052085,0.983068,-0.034595,0.172244,3.905125,137.462585,25.747770,-0.087521,0.772791,0.231523,0.584407,-0.238793,118.453026,22.231056,0.350614,-0.538103,-0.099506,-0.760009,-5.254758,120.703674,6.535904,0.090901,0.161642,-0.511394,-0.839098,4.682141,115.102531,-15.456824,0.146420,0.195360,-0.232606,-0.941430,13.277492,133.066864,-11.847939,-0.214646,0.867073,0.205998,0.399595,4.033874,118.409309,27.820587,0.246379,0.918216,0.283522,-0.125670,13.820789,121.861664,40.815228,-0.106757,0.336054,0.408697,-0.841806,34.805347,112.417519,31.636354,-0.050754,0.242348,0.504809,-0.826958,26.517141,126.727638,22.624525,0.071306,0.887072,0.098425,0.445345,1.624444,83.321465,14.383314,0.077789,0.986141,0.030609,0.143314,0.263669,49.322197,6.040513,-0.009968,0.970187,0.127172,0.206069,-6.382272,4.018578,2.242352,-0.031274,0.915693,-0.121620,0.381755,12.765467,83.858109,28.035057,0.050232,0.912491,-0.078438,0.398352,11.518822,49.928730,36.674927,-0.058431,0.867154,0.079813,0.488118,4.435599,4.780209,41.413185,-0.009968,0.970187,0.127172,0.206069,-0.717970,1.792557,-10.819069,-0.058431,0.867154,0.079813,0.488118,16.532112,1.747273,34.194054
470,3.916667,-0.047666,0.899696,0.064702,0.429055,7.223162,83.602333,21.186255,-0.036966,0.893902,0.076640,0.440113,6.201923,90.736847,21.732122,-0.035246,0.891789,0.079658,0.443987,4.091763,106.309082,23.383047,0.059419,0.944201,0.048333,0.320339,1.707650,123.883583,25.359938,0.052900,0.982694,-0.035230,0.173990,3.894149,137.479523,25.734201,-0.087193,0.770231,0.233096,0.587204,-0.220609,118.474876,22.187981,0.345544,-0.538420,-0.105781,-0.761258,-5.129472,120.793663,6.468900,0.079442,0.164450,-0.515920,-0.836942,4.726687,115.565109,-15.651525,0.134886,0.196422,-0.236769,-0.941894,13.106144,133.592422,-11.734570,-0.216893,0.865373,0.207229,0.401426,4.023767,118.419502,27.798923,0.242770,0.917824,0.287069,-0.127493,13.729644,121.895424,40.847958,-0.114164,0.330763,0.405617,-0.844415,34.778809,112.668243,31.596649,-0.061696,0.234353,0.504328,-0.828810,26.280979,126.961731,22.839128,0.071555,0.885982,0.097548,0.447661,1.694013,83.335709,14.326766,0.078338,0.985943,0.030404,0.144416,0.311694,49.326889,6.026555,-0.009733,0.970145,0.126913,0.206437,-6.382250,4.030010,2.232322,-0.031349,0.914870,-0.121242,0.383836,12.752311,83.868958,28.045744,0.049782,0.911591,-0.078482,0.400456,11.501083,49.933468,36.660938,-0.058212,0.867139,0.079536,0.488217,4.442971,4.781437,41.403244,-0.009733,0.970145,0.126913,0.206437,-0.710556,1.795218,-10.824397,-0.058212,0.867139,0.079536,0.488217,16.538794,1.738638,34.187107
471,3.925000,-0.048159,0.898232,0.065384,0.431954,7.275709,83.627617,21.142645,-0.037714,0.892949,0.075903,0.442107,6.242108,90.760162,21.690912,-0.035438,0.890913,0.081132,0.445462,4.115676,106.346977,23.307278,0.060258,0.943604,0.048752,0.321875,1.698938,123.912537,25.323618,0.053084,0.982403,-0.035824,0.175451,3.905055,137.504639,25.721386,-0.086930,0.768264,0.234125,0.589406,-0.210714,118.509590,22.130657,0.343200,-0.538021,-0.113524,-0.761485,-5.034916,120.878067,6.392785,0.070078,0.168106,-0.519480,-0.834847,4.758390,116.012177,-15.838039,0.123557,0.197416,-0.240372,-0.942328,12.945245,134.077362,-11.622602,-0.218645,0.863647,0.208567,0.403496,4.015007,118.445297,27.755569,0.239675,0.918083,0.288465,-0.128324,13.640079,121.926857,40.862820,-0.120843,0.325976,0.402549,-0.846812,34.752689,112.858025,31.599501,-0.070958,0.226391,0.505925,-0.829308,26.034447,127.166512,23.043581,0.071824,0.884887,0.096181,0.450073,1.791399,83.362915,14.247181,0.078835,0.985928,0.030109,0.144309,0.371292,49.338238,6.018640,-0.009339,0.970318,0.126110,0.206134,-6.371715,4.046884,2.245374,-0.031300,0.913966,-0.121275,0.385978,12.760019,83.892319,28.038109,0.049420,0.910902,-0.078473,0.402067,11.484621,49.957184,36.651112,-0.057952,0.867144,0.079016,0.488323,4.448665,4.801732,41.393757,-0.009339,0.970318,0.126110,0.206134,-0.712045,1.787428,-10.812317,-0.057952,0.867144,0.079016,0.488323,16.542948,1.742551,34.181957
472,3.933333,-0.048382,0.896894,0.065526,0.434679,7.315560,83.644249,21.111649,-0.038468,0.891681,0.075729,0.444623,6.276539,90.776215,21.657196,-0.035608,0.889656,0.082094,0.447779,4.125849,106.368675,23.252705,0.060502,0.942910,0.048921,0.323832,1.683225,123.928200,25.290314,0.053633,0.982087,-0.036316,0.176944,3.896195,137.518784,25.701395,-0.086498,0.766255,0.235070,0.591703,-0.205036,118.529770,22.077038,0.337513,-0.538217,-0.118006,-0.763206,-4.941485,120.951530,6.320633,0.059289,0.170223,-0.523437,-0.832780,4.789967,116.413162,-16.006414,0.112735,0.198513,-0.243366,-0.942686,12.789488,134.520477,-11.510689,-0.220222,0.862100,0.209613,0.405399,3.991401,118.458282,27.723742,0.236513,0.918370,0.289890,-0.128925,13.542265,121.946503,40.883396,-0.127162,0.321780,0.399931,-0.848730,34.721821,113.035873,31.619381,-0.078219,0.218915,0.505740,-0.830774,25.817221,127.355286,23.252382,0.072097,0.883912,0.095013,0.452188,1.873264,83.381393,14.182907,0.078908,0.986095,0.030055,0.143130,0.418377,49.343826,6.013967,-0.009798,0.970543,0.125925,0.205166,-6.336449,4.053232,2.252757,-0.031096,0.913068,-0.121483,0.388048,12.757855,83.907104,28.040388,0.049217,0.910404,-0.078734,0.403166,11.444213,49.974613,36.658073,-0.057511,0.867063,0.078606,0.488585,4.409877,4.821098,41.421478,-0.009798,0.970543,0.125925,0.205166,-0.698586,1.791575,-10.813979,-0.057511,0.867063,0.078606,0.488585,16.504160,1.745713,34.216583
473,3.941667,-0.048613,0.895602,0.065524,0.437311,7.346040,83.662117,21.082165,-0.039227,0.890657,0.075193,0.446695,6.302439,90.793762,21.623165,-0.035359,0.888707,0.083205,0.449474,4.133908,106.389259,23.188089,0.060785,0.942356,0.049151,0.325354,1.677620,123.942863,25.259993,0.054020,0.981810,-0.036844,0.178250,3.897402,137.531906,25.684870,-0.086179,0.764210,0.236115,0.593975,-0.196732,118.551788,22.026314,0.334213,-0.538226,-0.123817,-0.763731,-4.845414,121.025970,6.251930,0.050683,0.173433,-0.526562,-0.830714,4.815918,116.798424,-16.166391,0.103522,0.199988,-0.246278,-0.942674,12.644114,134.929718,-11.396180,-0.221719,0.860497,0.209670,0.407950,3.978551,118.467712,27.688499,0.233729,0.918503,0.291589,-0.129227,13.438371,121.968483,40.910427,-0.132319,0.317532,0.397802,-0.850540,34.678925,113.198181,31.652155,-0.083676,0.211863,0.506414,-0.831659,25.603346,127.525505,23.462000,0.071915,0.883047,0.094202,0.454073,1.944603,83.399734,14.121509,0.080153,0.985881,0.030010,0.143924,0.492105,49.349567,6.004805,-0.008737,0.970286,0.125586,0.206632,-6.372362,4.076928,2.225977,-0.031351,0.912484,-0.121528,0.389385,12.747477,83.924500,28.042820,0.049315,0.910135,-0.078501,0.403807,11.436197,49.993893,36.668289,-0.057675,0.866867,0.078426,0.488942,4.398863,4.837897,41.403713,-0.008737,0.970286,0.125586,0.206632,-0.705183,1.799113,-10.825258,-0.057675,0.866867,0.078426,0.488942,16.499556,1.760523,34.210442
474,3.950000,-0.048813,0.894394,0.065023,0.439828,7.375401,83.680542,21.065447,-0.039911,0.889587,0.074462,0.448886,6.330866,90.812851,21.595783,-0.035411,0.887625,0.084498,0.451362,4.149683,106.409164,23.125051,0.061016,0.941767,0.049215,0.327000,1.666670,123.954903,25.231487,0.054411,0.981522,-0.037310,0.179616,3.893468,137.542511,25.665804,-0.085823,0.762260,0.237164,0.596110,-0.188428,118.570244,21.976072,0.330554,-0.538383,-0.128652,-0.764413,-4.754662,121.096588,6.185879,0.042575,0.176323,-0.529510,-0.828683,4.837814,117.151390,-16.313335,0.095227,0.201962,-0.248875,-0.942446,12.504882,135.301758,-11.287483,-0.223630,0.858780,0.210788,0.409944,3.962875,118.475868,27.655703,0.231557,0.918431,0.293582,-0.129131,13.340142,121.989418,40.932934,-0.136204,0.313061,0.395250,-0.852771,34.632008,113.330162,31.688017,-0.089053,0.205748,0.506424,-0.832630,25.367292,127.642838,23.654116,0.071909,0.882267,0.093510,0.455731,2.013221,83.415062,14.074620,0.080755,0.985864,0.029895,0.143728,0.553869,49.355740,5.997682,-0.008700,0.970353,0.125076,0.206630,-6.367066,4.091364,2.222901,-0.031399,0.911821,-0.121162,0.391045,12.737581,83.946022,28.056273,0.049049,0.909587,-0.078490,0.405074,11.423848,50.009388,36.657631,-0.057584,0.866824,0.077953,0.489105,4.402550,4.850826,41.392365,-0.008700,0.970353,0.125076,0.206630,-0.700938,1.799008,-10.826248,-0.057584,0.866824,0.077953,0.489105,16.503876,1.760631,34.205662
475,3.958333,-0.048965,0.893177,0.065241,0.442245,7.409316,83.695267,21.038126,-0.040655,0.888385,0.074042,0.451262,6.360019,90.826958,21.567457,-0.035224,0.886419,0.085576,0.453538,4.157707,106.438492,23.069916,0.061233,0.941159,0.049304,0.328693,1.658107,123.978165,25.207096,0.054828,0.981271,-0.037820,0.180752,3.891367,137.564377,25.651609,-0.085483,0.760724,0.237499,0.597984,-0.179230,118.600807,21.929602,0.327631,-0.538331,-0.133681,-0.764844,-4.672950,121.161583,6.124155,0.035400,0.179352,-0.532128,-0.826692,4.856899,117.488525,-16.447636,0.087897,0.204095,-0.252398,-0.941761,12.372847,135.650665,-11.179497,-0.224726,0.857100,0.211318,0.412582,3.944542,118.494019,27.629038,0.229150,0.918850,0.294075,-0.129325,13.233328,122.000542,40.970181,-0.140659,0.309868,0.393129,-0.854193,34.577656,113.452080,31.743130,-0.093341,0.199826,0.505774,-0.833996,25.169718,127.761200,23.846010,0.071845,0.881335,0.092843,0.457676,2.084982,83.432922,14.018312,0.081495,0.985814,0.029589,0.143714,0.625641,49.364235,5.980939,-0.008133,0.970393,0.124617,0.206741,-6.366086,4.109228,2.224329,-0.031448,0.911082,-0.120999,0.392812,12.733650,83.957619,28.057940,0.048760,0.909040,-0.078474,0.406338,11.410908,50.018440,36.647858,-0.057392,0.866784,0.077923,0.489203,4.407686,4.857058,41.382431,-0.008133,0.970393,0.124617,0.206741,-0.702151,1.800716,-10.822929,-0.057392,0.866784,0.077923,0.489203,16.509184,1.763454,34.197472
476,3.966667,-0.049292,0.891872,0.065787,0.444755,7.449652,83.710564,21.002996,-0.041042,0.887232,0.073615,0.453559,6.391191,90.840759,21.534256,-0.035192,0.885262,0.086542,0.455613,4.180065,106.454559,23.013620,0.061078,0.940547,0.049657,0.330415,1.660879,123.988365,25.175709,0.055121,0.980992,-0.038316,0.182067,3.888679,137.575012,25.634075,-0.085155,0.759383,0.238129,0.599484,-0.158220,118.616882,21.878490,0.324176,-0.538241,-0.137577,-0.765689,-4.594091,121.214165,6.062664,0.028577,0.181973,-0.534882,-0.824603,4.888232,117.788101,-16.567907,0.081381,0.206538,-0.254974,-0.941120,12.250482,135.961716,-11.079174,-0.226106,0.855395,0.211538,0.415244,3.939038,118.500435,27.596828,0.227038,0.918833,0.295860,-0.129100,13.133825,122.011734,41.001675,-0.143763,0.306618,0.390743,-0.855943,34.528770,113.567719,31.795681,-0.098327,0.194216,0.505401,-0.834974,24.969955,127.851448,24.012266,0.071983,0.880374,0.091751,0.459720,2.165128,83.451370,13.953048,0.082040,0.985729,0.029427,0.144023,0.680207,49.369953,5.974549,-0.008015,0.970416,0.124320,0.206817,-6.361575,4.122260,2.223301,-0.031379,0.910088,-0.120682,0.395211,12.734178,83.969757,28.052944,0.048185,0.907977,-0.078621,0.408749,11.393295,50.024902,36.617599,-0.057425,0.866721,0.077833,0.489326,4.419948,4.860499,41.367500,-0.008015,0.970416,0.124320,0.206817,-0.696999,1.804701,-10.822071,-0.057425,0.866721,0.077833,0.489326,16.523399,1.765218,34.186558
477,3.975000,-0.049683,0.890892,0.066130,0.446620,7.477453,83.720200,20.979986,-0.041098,0.886119,0.072771,0.455861,6.410655,90.849182,21.510876,-0.035606,0.883946,0.087731,0.457904,4.205740,106.470177,22.960463,0.061025,0.939895,0.049650,0.332276,1.648635,123.995544,25.146341,0.055658,0.980691,-0.038677,0.183446,3.876922,137.581909,25.610607,-0.084916,0.757709,0.238768,0.601379,-0.144999,118.628326,21.828289,0.321613,-0.538257,-0.142058,-0.765940,-4.506524,121.264160,5.998170,0.022362,0.184938,-0.537219,-0.822614,4.912868,118.077995,-16.693644,0.075354,0.209211,-0.258858,-0.939971,12.135906,136.261078,-10.981460,-0.227595,0.853691,0.212473,0.417453,3.922405,118.505928,27.567778,0.225163,0.919230,0.296085,-0.129046,13.033545,122.018181,41.029369,-0.147395,0.304135,0.388305,-0.857319,34.471207,113.655785,31.848299,-0.103540,0.189455,0.505132,-0.835601,24.778671,127.916267,24.165449,0.072005,0.879353,0.091370,0.461742,2.222919,83.460571,13.907674,0.082639,0.985810,0.029003,0.143206,0.742462,49.374493,5.948298,-0.007636,0.970462,0.124053,0.206776,-6.361941,4.133579,2.233538,-0.031474,0.909370,-0.120538,0.396896,12.731987,83.979836,28.052299,0.047975,0.907540,-0.078628,0.409741,11.385307,50.032963,36.608044,-0.057384,0.866659,0.077757,0.489452,4.423908,4.866820,41.358902,-0.007636,0.970462,0.124053,0.206776,-0.701775,1.806422,-10.812041,-0.057384,0.866659,0.077757,0.489452,16.528896,1.769130,34.181587
478,3.983333,-0.050059,0.889530,0.066548,0.449225,7.521963,83.736443,20.945667,-0.041623,0.884758,0.073096,0.458398,6.446115,90.864075,21.476316,-0.035636,0.882605,0.088382,0.460355,4.216828,106.488190,22.921503,0.061045,0.939230,0.049763,0.334132,1.642109,124.009392,25.120090,0.056027,0.980438,-0.039159,0.184578,3.871636,137.595230,25.594040,-0.084635,0.756404,0.239163,0.602902,-0.131474,118.646706,21.783968,0.318593,-0.538179,-0.145197,-0.766668,-4.433563,121.313309,5.942741,0.016488,0.187186,-0.539722,-0.820604,4.945298,118.333282,-16.793825,0.070065,0.211482,-0.261776,-0.939063,12.029861,136.527313,-10.890066,-0.228458,0.852227,0.212334,0.420036,3.904231,118.516769,27.545622,0.223684,0.919406,0.296748,-0.128839,12.930332,122.026085,41.065140,-0.150696,0.302022,0.385916,-0.858570,34.403515,113.730278,31.906700,-0.109271,0.185940,0.504538,-0.836019,24.587292,127.965523,24.308498,0.072099,0.878484,0.090414,0.463565,2.309228,83.478462,13.842431,0.083338,0.985825,0.028826,0.142737,0.807968,49.381161,5.935186,-0.007740,0.970513,0.123448,0.206895,-6.363486,4.149980,2.230788,-0.031520,0.908603,-0.120296,0.398717,12.734697,83.994423,28.048903,0.047709,0.906970,-0.078736,0.411011,11.380645,50.043678,36.588085,-0.057478,0.866621,0.077446,0.489557,4.430679,4.876760,41.348232,-0.007740,0.970513,0.123448,0.206895,-0.700328,1.806352,-10.810539,-0.057478,0.866621,0.077446,0.489557,16.537107,1.772801,34.176064
479,3.991667,-0.050368,0.888238,0.067474,0.451601,7.564161,83.739487,20.901203,-0.041657,0.883458,0.073628,0.460809,6.476938,90.864876,21.438765,-0.035921,0.881263,0.089070,0.462765,4.233644,106.496094,22.893066,0.061128,0.938613,0.049583,0.335872,1.632724,124.012207,25.101274,0.056202,0.980236,-0.039567,0.185507,3.867655,137.597076,25.577497,-0.084452,0.755031,0.239656,0.604451,-0.118174,118.652664,21.748178,0.316706,-0.538113,-0.149111,-0.766745,-4.359101,121.349953,5.895659,0.010948,0.189285,-0.542059,-0.818672,4.966188,118.570541,-16.888304,0.064274,0.212948,-0.264277,-0.938445,11.919201,136.768692,-10.804937,-0.229256,0.850866,0.212334,0.422354,3.885932,118.518105,27.531734,0.222223,0.919474,0.297701,-0.128677,12.834917,122.023285,41.103493,-0.153198,0.299418,0.383701,-0.860031,34.342449,113.796974,31.962973,-0.113557,0.182409,0.504850,-0.836037,24.399361,127.999725,24.453894,0.072261,0.877622,0.089380,0.465371,2.389715,83.487961,13.769794,0.083391,0.986060,0.028697,0.141099,0.860572,49.379261,5.917211,-0.007556,0.970687,0.123540,0.206026,-6.323493,4.148203,2.235767,-0.031589,0.907964,-0.120383,0.400141,12.738606,83.991013,28.032612,0.047493,0.906516,-0.078781,0.412027,11.373107,50.042034,36.577015,-0.057383,0.866589,0.077455,0.489623,4.434065,4.873872,41.341377,-0.007556,0.970687,0.123540,0.206026,-0.684121,1.806553,-10.816222,-0.057383,0.866589,0.077455,0.489623,16.540939,1.768824,34.170422
480,4.000000,-0.050562,0.887258,0.067768,0.453458,7.589942,83.743050,20.873262,-0.041242,0.882199,0.073865,0.463216,6.497211,90.867577,21.411007,-0.036501,0.879801,0.089637,0.465385,4.258398,106.496773,22.871721,0.061156,0.937993,0.049422,0.337619,1.623372,124.007774,25.080118,0.056532,0.980073,-0.039950,0.186187,3.862113,137.591934,25.558615,-0.084059,0.753638,0.240272,0.605998,-0.100891,118.649223,21.711651,0.316263,-0.537722,-0.153711,-0.766294,-4.281742,121.385040,5.849780,0.005871,0.191506,-0.544505,-0.816582,4.995369,118.794891,-16.976110,0.058229,0.213327,-0.266398,-0.938154,11.806735,136.993378,-10.721816,-0.230426,0.849229,0.212733,0.424806,3.868411,118.514107,27.519131,0.221035,0.919644,0.298115,-0.128552,12.730448,122.016884,41.148438,-0.155389,0.297780,0.381924,-0.860997,34.265656,113.843620,32.025517,-0.117382,0.179072,0.504088,-0.836690,24.232002,128.020859,24.578485,0.072125,0.876910,0.088948,0.466814,2.445472,83.493912,13.720116,0.084047,0.985986,0.028327,0.141300,0.923251,49.378448,5.895656,-0.007199,0.970706,0.123324,0.206080,-6.323946,4.155550,2.237876,-0.031692,0.907330,-0.120291,0.401594,12.734413,83.992180,28.026407,0.047324,0.906274,-0.078843,0.412567,11.364352,50.042107,36.565704,-0.057491,0.866554,0.077347,0.489690,4.434244,4.873356,41.337521,-0.007199,0.970706,0.123324,0.206080,-0.686304,1.805805,-10.813404,-0.057491,0.866554,0.077347,0.489690,16.542622,1.767213,34.169590
481,4.008333,-0.050682,0.885881,0.068662,0.455996,7.638751,83.749794,20.823475,-0.040887,0.880785,0.075071,0.465737,6.537108,90.872391,21.368687,-0.037302,0.878333,0.089865,0.468042,4.286567,106.495285,22.861567,0.061099,0.937347,0.049376,0.339427,1.616028,124.002708,25.055567,0.056872,0.979902,-0.040302,0.186907,3.855401,137.586594,25.538809,-0.083508,0.752663,0.240618,0.607148,-0.080710,118.642403,21.675945,0.315233,-0.537369,-0.157127,-0.766273,-4.218254,121.410881,5.808383,0.000134,0.192443,-0.547271,-0.814530,5.025086,118.983208,-17.049051,0.051116,0.212592,-0.268687,-0.938083,11.701765,137.192245,-10.648917,-0.231678,0.847816,0.212688,0.426962,3.852863,118.511581,27.507788,0.219912,0.919617,0.298554,-0.129646,12.634547,122.024239,41.186481,-0.157740,0.295499,0.379858,-0.862269,34.180325,113.921440,32.025711,-0.122118,0.175793,0.502932,-0.837403,24.061651,128.026794,24.678963,0.072450,0.876023,0.087675,0.468666,2.535180,83.510246,13.640764,0.084516,0.985879,0.028021,0.141823,0.967214,49.382313,5.879977,-0.006715,0.970709,0.123100,0.206217,-6.324286,4.165098,2.240009,-0.031775,0.906613,-0.120384,0.403175,12.742321,83.989349,28.006187,0.047216,0.905810,-0.079105,0.413548,11.360030,50.041210,36.551235,-0.057171,0.866480,0.077469,0.489840,4.423866,4.875326,41.341331,-0.006715,0.970709,0.123100,0.206217,-0.687217,1.806291,-10.809887,-0.057171,0.866480,0.077469,0.489840,16.532780,1.767695,34.174942
482,4.016667,-0.050811,0.884828,0.068912,0.457983,7.666645,83.759285,20.796309,-0.040773,0.879485,0.076090,0.468033,6.560498,90.881195,21.341366,-0.038105,0.876940,0.089871,0.470581,4.293202,106.506622,22.858978,0.061235,0.936691,0.049126,0.341244,1.591150,124.011848,25.031809,0.057395,0.979696,-0.040536,0.187772,3.837969,137.594467,25.516350,-0.083860,0.751218,0.240863,0.608789,-0.079893,118.648735,21.643860,0.314531,-0.537152,-0.160972,-0.765915,-4.149069,121.430542,5.760960,-0.005422,0.193538,-0.549755,-0.812578,5.045172,119.168091,-17.133192,0.044330,0.211454,-0.270898,-0.938049,11.596225,137.380142,-10.584418,-0.232189,0.846677,0.213122,0.428724,3.819286,118.523834,27.498880,0.219191,0.919820,0.298517,-0.129512,12.542942,122.023438,41.217983,-0.159416,0.293670,0.378377,-0.863235,34.106110,113.949036,32.073093,-0.125082,0.172366,0.502937,-0.837675,23.901630,128.031738,24.788097,0.072407,0.874910,0.086985,0.470876,2.595317,83.523087,13.590688,0.085102,0.985861,0.027840,0.141636,1.026470,49.386276,5.869219,-0.006721,0.970744,0.122728,0.206272,-6.320781,4.177255,2.239534,-0.031848,0.906052,-0.120262,0.404466,12.737971,83.995476,28.001928,0.046995,0.905360,-0.079149,0.414548,11.351619,50.045620,36.539467,-0.057026,0.866374,0.077538,0.490032,4.426848,4.878470,41.334068,-0.006721,0.970744,0.122728,0.206272,-0.682785,1.808020,-10.808068,-0.057026,0.866374,0.077538,0.490032,16.538044,1.770555,34.171669
483,4.025000,-0.051099,0.883767,0.069234,0.459948,7.696500,83.768227,20.768709,-0.040751,0.878218,0.077240,0.470220,6.583358,90.889069,21.313459,-0.038483,0.875634,0.089929,0.472965,4.295733,106.509827,22.857656,0.061054,0.936085,0.048971,0.342956,1.575026,124.013649,25.018507,0.057795,0.979489,-0.040893,0.188650,3.820219,137.596512,25.503523,-0.084271,0.749539,0.241097,0.610707,-0.075361,118.650436,21.620590,0.313464,-0.537148,-0.163971,-0.765719,-4.064471,121.446800,5.719945,-0.011056,0.194070,-0.552804,-0.810322,5.081692,119.325027,-17.206909,0.038125,0.210238,-0.273026,-0.937978,11.490086,137.551514,-10.527095,-0.232208,0.845640,0.213029,0.430802,3.791756,118.526100,27.496847,0.218456,0.919895,0.298776,-0.129630,12.455712,122.004845,41.259018,-0.161092,0.291736,0.376991,-0.864186,34.033302,113.966560,32.116329,-0.127761,0.169616,0.502829,-0.837896,23.743198,128.029190,24.896938,0.072408,0.874170,0.086423,0.472351,2.657486,83.533493,13.540406,0.085712,0.985780,0.027503,0.141899,1.082734,49.389858,5.850352,-0.006514,0.970751,0.122565,0.206346,-6.322824,4.188702,2.241352,-0.031970,0.905329,-0.120122,0.406113,12.735515,84.002960,27.997011,0.046776,0.904816,-0.079188,0.415752,11.345380,50.051296,36.526730,-0.057365,0.866313,0.077357,0.490129,4.430876,4.882831,41.323738,-0.006514,0.970751,0.122565,0.206346,-0.684782,1.813705,-10.805183,-0.057365,0.866313,0.077357,0.490129,16.545483,1.775310,34.166939
484,4.033333,-0.051433,0.882760,0.069595,0.461785,7.734872,83.775421,20.740103,-0.040845,0.877008,0.078439,0.472267,6.613959,90.895042,21.284857,-0.038995,0.874385,0.090031,0.475209,4.302855,106.505905,22.854992,0.061160,0.935579,0.048711,0.344352,1.558928,124.007652,25.003254,0.058238,0.979386,-0.041172,0.188989,3.810523,137.589478,25.487551,-0.084435,0.748192,0.241107,0.612329,-0.070097,118.643631,21.596327,0.312794,-0.536896,-0.166886,-0.765540,-3.992280,121.452904,5.681316,-0.015609,0.194852,-0.555739,-0.808049,5.119507,119.461990,-17.270950,0.033195,0.209924,-0.274886,-0.937693,11.385869,137.707443,-10.474851,-0.232831,0.844487,0.212991,0.432742,3.766524,118.521393,27.492582,0.218143,0.919698,0.299781,-0.129228,12.365121,121.995529,41.296841,-0.162953,0.290868,0.376222,-0.864465,33.954628,113.974129,32.167480,-0.131123,0.167817,0.501197,-0.838717,23.622499,128.032227,24.994326,0.072492,0.873684,0.085797,0.473351,2.726318,83.541573,13.490632,0.086224,0.985842,0.027337,0.141184,1.134174,49.391239,5.833984,-0.006070,0.970725,0.122409,0.206574,-6.322237,4.197332,2.238836,-0.032007,0.904538,-0.120033,0.407894,12.743427,84.009277,27.989573,0.046605,0.904219,-0.079289,0.417048,11.341395,50.056278,36.512047,-0.057171,0.866179,0.077367,0.490388,4.430357,4.887810,41.314083,-0.006070,0.970725,0.122409,0.206574,-0.681993,1.815348,-10.805475,-0.057171,0.866179,0.077367,0.490388,16.547806,1.777881,34.163139
485,4.041667,-0.051648,0.881799,0.069892,0.463550,7.765762,83.777985,20.713371,-0.041455,0.875836,0.079277,0.474245,6.639062,90.896683,21.258192,-0.038849,0.873237,0.090458,0.477248,4.295634,106.497612,22.836546,0.061136,0.935064,0.048438,0.345791,1.544066,123.997025,24.994076,0.058387,0.979217,-0.041532,0.189738,3.798910,137.578384,25.476318,-0.084956,0.746690,0.240899,0.614170,-0.069953,118.637482,21.572981,0.312195,-0.536597,-0.169578,-0.765402,-3.914115,121.448555,5.639264,-0.019955,0.195304,-0.558965,-0.805616,5.168676,119.579170,-17.334703,0.028618,0.209521,-0.276515,-0.937455,11.283769,137.849625,-10.438271,-0.232865,0.843554,0.212624,0.434720,3.739500,118.507362,27.486658,0.217539,0.919539,0.300773,-0.129071,12.280530,121.966515,41.330360,-0.163775,0.289095,0.374974,-0.865446,33.885090,113.978371,32.207447,-0.133858,0.164693,0.501576,-0.838678,23.476006,128.011536,25.083447,0.072643,0.872954,0.085347,0.474753,2.786392,83.546249,13.443758,0.086709,0.985713,0.026873,0.141877,1.182158,49.392063,5.806865,-0.006186,0.970783,0.122123,0.206468,-6.321511,4.203558,2.242294,-0.032080,0.903699,-0.119872,0.409793,12.745133,84.009712,27.982986,0.046396,0.903818,-0.079405,0.417919,11.334524,50.054329,36.494522,-0.057200,0.866091,0.077409,0.490533,4.431792,4.885772,41.307629,-0.006186,0.970783,0.122123,0.206468,-0.683543,1.814251,-10.801661,-0.057200,0.866091,0.077409,0.490533,16.551886,1.777324,34.160526
486,4.050000,-0.051455,0.881021,0.069838,0.465056,7.780775,83.779709,20.692898,-0.041786,0.874767,0.080083,0.476050,6.655946,90.898804,21.236420,-0.038912,0.872148,0.090639,0.479196,4.288349,106.492790,22.826885,0.061231,0.934628,0.048245,0.346979,1.526944,123.990860,24.982750,0.058835,0.979120,-0.042013,0.189993,3.787102,137.571335,25.465187,-0.085602,0.745182,0.240834,0.615935,-0.071788,118.633354,21.551292,0.312200,-0.536342,-0.172348,-0.764961,-3.840080,121.445503,5.599646,-0.023084,0.196243,-0.561659,-0.803427,5.209370,119.681206,-17.395782,0.025724,0.210142,-0.278982,-0.936668,11.187692,137.969833,-10.409673,-0.233035,0.842682,0.212460,0.436396,3.711384,118.499718,27.481741,0.217512,0.919500,0.301015,-0.128835,12.201188,121.947418,41.359772,-0.165624,0.288096,0.374503,-0.865631,33.809353,113.958954,32.245670,-0.135989,0.163322,0.499838,-0.839640,23.364643,127.993896,25.175152,0.072466,0.872385,0.085220,0.475848,2.825710,83.553093,13.406531,0.087267,0.985700,0.026535,0.141691,1.237510,49.395588,5.781129,-0.005763,0.970789,0.121930,0.206566,-6.321466,4.214346,2.241434,-0.032319,0.903054,-0.119666,0.411254,12.735839,84.006325,27.979261,0.046232,0.903426,-0.079469,0.418771,11.332570,50.048576,36.482555,-0.057234,0.866041,0.077537,0.490596,4.436394,4.879570,41.300800,-0.005763,0.970789,0.121930,0.206566,-0.684570,1.817210,-10.801549,-0.057234,0.866041,0.077537,0.490596,16.558117,1.774776,34.154869
487,4.058333,-0.051463,0.880180,0.070029,0.466616,7.802691,83.777573,20.666069,-0.041980,0.873853,0.080342,0.477666,6.675534,90.896271,21.209959,-0.039024,0.871196,0.091298,0.480790,4.295549,106.489632,22.800293,0.061347,0.934234,0.048285,0.348011,1.515517,123.983109,24.969423,0.058962,0.979031,-0.042346,0.190339,3.779176,137.562790,25.457747,-0.086163,0.743940,0.240982,0.617298,-0.067348,118.629242,21.524971,0.313009,-0.535724,-0.175294,-0.764394,-3.776507,121.444977,5.560106,-0.025335,0.197359,-0.564260,-0.801260,5.255046,119.775520,-17.449434,0.023301,0.211468,-0.282142,-0.935486,11.097754,138.087585,-10.386902,-0.233783,0.841518,0.212732,0.438107,3.694168,118.489967,27.469051,0.217626,0.919493,0.301028,-0.128662,12.122610,121.933517,41.385460,-0.167097,0.286987,0.374124,-0.865880,33.730534,113.937439,32.277470,-0.138137,0.161033,0.499340,-0.840028,23.249907,127.974144,25.258129,0.072430,0.871744,0.085093,0.477048,2.873256,83.555092,13.362214,0.087826,0.985588,0.025940,0.142229,1.293447,49.395702,5.743518,-0.005465,0.970808,0.121702,0.206617,-6.321662,4.220575,2.246362,-0.032478,0.902500,-0.119635,0.412464,12.732126,84.000053,27.969923,0.046163,0.903119,-0.079567,0.419421,11.328358,50.042500,36.473934,-0.057146,0.865912,0.077732,0.490804,4.430777,4.874316,41.297920,-0.005465,0.970808,0.121702,0.206617,-0.686144,1.815363,-10.795726,-0.057146,0.865912,0.077732,0.490804,16.555788,1.773111,34.156013
488,4.066667,-0.051545,0.879387,0.070240,0.468068,7.826172,83.779724,20.642365,-0.042469,0.872773,0.081216,0.479445,6.695665,90.897873,21.186499,-0.039365,0.870108,0.091161,0.482754,4.285525,106.487045,22.788656,0.060737,0.933739,0.048304,0.349442,1.492373,123.980461,24.941366,0.059919,0.978806,-0.042370,0.191187,3.741576,137.562546,25.429621,-0.087100,0.742580,0.240843,0.618856,-0.073822,118.625549,21.490917,0.313373,-0.535196,-0.178060,-0.763974,-3.713526,121.431648,5.508378,-0.027874,0.198408,-0.566850,-0.799086,5.297573,119.861778,-17.516188,0.021096,0.212673,-0.286004,-0.934092,11.006130,138.195618,-10.371754,-0.233924,0.840567,0.212886,0.439780,3.660685,118.488266,27.452045,0.218184,0.902282,0.354053,-0.113708,12.038084,121.914268,41.403561,-0.139138,0.277011,0.374667,-0.873802,33.813534,114.154518,32.492260,-0.140594,0.158422,0.499477,-0.840035,23.138655,127.962135,25.326067,0.072411,0.871329,0.084589,0.477899,2.920820,83.560226,13.322222,0.087523,0.985943,0.026088,0.139911,1.332435,49.394657,5.733086,-0.005712,0.971078,0.121869,0.205238,-6.261766,4.215363,2.244250,-0.032651,0.901964,-0.119605,0.413630,12.731524,83.999214,27.962505,0.046100,0.902725,-0.079612,0.420267,11.328589,50.041939,36.467762,-0.057292,0.865851,0.077700,0.490899,4.429915,4.873893,41.291500,-0.005712,0.971078,0.121869,0.205238,-0.659769,1.816952,-10.813524,-0.057292,0.865851,0.077700,0.490899,16.557377,1.774005,34.153183
489,4.075000,-0.051911,0.878574,0.070779,0.469472,7.856687,83.779152,20.615677,-0.042926,0.871840,0.081748,0.481010,6.717044,90.895653,21.162304,-0.039443,0.869170,0.091576,0.484357,4.283168,106.482208,22.767828,0.060734,0.933356,0.048214,0.350477,1.476535,123.972687,24.926781,0.060241,0.978706,-0.042499,0.191569,3.727434,137.554443,25.416437,-0.087959,0.741348,0.240785,0.620233,-0.075260,118.620552,21.465540,0.313961,-0.534717,-0.180449,-0.763508,-3.653247,121.418915,5.467711,-0.030051,0.198967,-0.569629,-0.796889,5.340848,119.927170,-17.568699,0.019464,0.213559,-0.289961,-0.932704,10.912498,138.287811,-10.367728,-0.233535,0.839858,0.212723,0.441417,3.637360,118.478813,27.440226,0.217409,0.890272,0.385954,-0.105778,11.972831,121.879234,41.423088,-0.122246,0.269712,0.374032,-0.878870,33.851254,114.311600,32.599216,-0.142251,0.155744,0.500344,-0.839741,23.023140,127.940346,25.390553,0.072472,0.870853,0.084108,0.478841,2.975193,83.560921,13.279565,0.088389,0.985895,0.025291,0.139853,1.374948,49.390282,5.715772,-0.004852,0.970978,0.121737,0.205811,-6.307673,4.221219,2.288639,-0.032704,0.901433,-0.119624,0.414775,12.738180,83.997383,27.951790,0.045972,0.902324,-0.079679,0.421128,11.327217,50.040661,36.457943,-0.057508,0.865777,0.077741,0.490998,4.431967,4.872513,41.285561,-0.004852,0.970978,0.121737,0.205811,-0.697795,1.814026,-10.764138,-0.057508,0.865777,0.077741,0.490998,16.562639,1.776724,34.150917
490,4.083333,-0.052512,0.877812,0.071318,0.470747,7.889888,83.779045,20.589188,-0.043209,0.871081,0.081847,0.482340,6.738226,90.893532,21.136826,-0.039594,0.868389,0.092009,0.485661,4.292371,106.480316,22.737139,0.060424,0.933023,0.048533,0.351371,1.470369,123.967529,24.902506,0.060629,0.978594,-0.042561,0.192008,3.711129,137.550644,25.400686,-0.088446,0.740558,0.240643,0.621162,-0.068260,118.617561,21.432041,0.315098,-0.533947,-0.182785,-0.763023,-3.605022,121.410706,5.424145,-0.032282,0.199061,-0.572780,-0.794516,5.387777,119.984856,-17.616938,0.017014,0.213941,-0.294488,-0.931245,10.812234,138.380600,-10.373556,-0.233615,0.838705,0.212728,0.443559,3.626384,118.472603,27.417778,0.217370,0.890064,0.386524,-0.105529,11.897564,121.851074,41.444061,-0.123649,0.269138,0.373900,-0.878905,33.779442,114.285660,32.626869,-0.144172,0.154066,0.499278,-0.840357,22.935108,127.923187,25.455475,0.072573,0.870510,0.083691,0.479521,3.030637,83.558281,13.238400,0.088784,0.985874,0.025020,0.139800,1.415976,49.383770,5.695190,-0.004865,0.970950,0.121862,0.205871,-6.305844,4.219884,2.287986,-0.032570,0.900941,-0.119668,0.415842,12.749139,83.999809,27.939976,0.045723,0.901851,-0.079733,0.422158,11.318385,50.043213,36.443314,-0.057432,0.865693,0.077816,0.491144,4.436092,4.873767,41.277279,-0.004865,0.970950,0.121862,0.205871,-0.694137,1.816227,-10.764655,-0.057432,0.865693,0.077816,0.491144,16.568789,1.778793,34.145729
491,4.091667,-0.052804,0.877036,0.071655,0.472107,7.918400,83.773880,20.564144,-0.043373,0.870383,0.082175,0.483528,6.759922,90.887230,21.112228,-0.039575,0.867695,0.092868,0.486738,4.303603,106.464172,22.714834,0.060040,0.932836,0.048179,0.351982,1.464728,123.945770,24.903349,0.060892,0.978533,-0.042664,0.192213,3.699617,137.530243,25.390980,-0.088918,0.739199,0.240524,0.622757,-0.061788,118.600800,21.419874,0.315633,-0.533872,-0.184827,-0.762362,-3.529761,121.396637,5.397405,-0.035155,0.198230,-0.576322,-0.792036,5.429795,120.028946,-17.660145,0.014534,0.213573,-0.298405,-0.930124,10.702625,138.465363,-10.388972,-0.233990,0.837798,0.212305,0.445275,3.618140,118.447922,27.414474,0.218222,0.901566,0.355837,-0.113751,11.832746,121.823921,41.474560,-0.141836,0.273712,0.373734,-0.874807,33.606899,114.081062,32.545429,-0.146386,0.151798,0.500684,-0.839550,22.825542,127.897476,25.503223,0.072646,0.870096,0.083346,0.480321,3.082310,83.553833,13.198078,0.089216,0.985874,0.024745,0.139575,1.458350,49.376022,5.671845,-0.005040,0.970903,0.121935,0.206042,-6.306642,4.217940,2.285846,-0.032877,0.900005,-0.119515,0.417884,12.754490,83.993927,27.930208,0.045716,0.901533,-0.079890,0.422807,11.328318,50.036179,36.429714,-0.057743,0.865633,0.077862,0.491205,4.437102,4.868975,41.271908,-0.005040,0.970903,0.121935,0.206042,-0.689000,1.817198,-10.764774,-0.057743,0.865633,0.077862,0.491205,16.573078,1.779557,34.143532
492,4.100000,-0.052989,0.876399,0.071881,0.473233,7.939781,83.771347,20.543238,-0.043476,0.869533,0.082833,0.484934,6.776729,90.883949,21.091406,-0.040292,0.866787,0.092518,0.488361,4.304347,106.460938,22.706825,0.060393,0.932354,0.048605,0.353138,1.445291,123.942818,24.866713,0.061077,0.978441,-0.042645,0.192623,3.686105,137.525635,25.372877,-0.089357,0.738153,0.240614,0.623900,-0.064170,118.593300,21.382771,0.317759,-0.533031,-0.187393,-0.761440,-3.482160,121.392502,5.350146,-0.037122,0.198037,-0.579517,-0.789660,5.474563,120.070175,-17.711159,0.012115,0.212519,-0.302976,-0.928921,10.601100,138.545593,-10.411254,-0.234322,0.836891,0.212510,0.446706,3.592686,118.448959,27.391684,0.218035,0.918492,0.304053,-0.128003,11.759671,121.814003,41.482109,-0.171613,0.281893,0.373195,-0.867070,33.367146,113.819481,32.371685,-0.147512,0.149683,0.500328,-0.839944,22.740612,127.872070,25.557291,0.072634,0.869675,0.083076,0.481133,3.122793,83.552345,13.164631,0.089617,0.985787,0.024445,0.139985,1.497396,49.371265,5.653551,-0.004615,0.970897,0.121989,0.206052,-6.306188,4.218430,2.286421,-0.032814,0.899930,-0.119601,0.418026,12.756768,83.990356,27.921844,0.045626,0.901399,-0.079905,0.423100,11.322728,50.033760,36.424629,-0.057636,0.865543,0.077915,0.491369,4.436821,4.866019,41.269363,-0.004615,0.970897,0.121989,0.206052,-0.691558,1.816861,-10.765350,-0.057636,0.865543,0.077915,0.491369,16.574831,1.776435,34.144508
493,4.108333,-0.053493,0.875768,0.072298,0.474281,7.972241,83.774841,20.524273,-0.044103,0.868772,0.083219,0.486173,6.799343,90.885796,21.072805,-0.040265,0.866053,0.092616,0.489646,4.301895,106.456711,22.685240,0.059991,0.932056,0.048787,0.353968,1.438772,123.938026,24.844332,0.061421,0.978355,-0.042530,0.192978,3.668302,137.522552,25.354349,-0.090076,0.737226,0.240519,0.624928,-0.061158,118.590210,21.353657,0.319663,-0.532584,-0.190158,-0.760270,-3.432122,121.380783,5.309574,-0.039307,0.197476,-0.582653,-0.787385,5.496495,120.108536,-17.765442,0.009776,0.210678,-0.306217,-0.928305,10.482200,138.612747,-10.445769,-0.234692,0.835899,0.212586,0.448329,3.578048,118.442787,27.373201,0.218259,0.918245,0.304713,-0.127822,11.690939,121.797775,41.497234,-0.172084,0.281138,0.373065,-0.867278,33.295864,113.797173,32.386105,-0.149573,0.147552,0.501315,-0.839368,22.647381,127.851486,25.598606,0.072769,0.869222,0.082721,0.481991,3.173698,83.553459,13.133732,0.089548,0.985776,0.024760,0.140049,1.535340,49.369629,5.638011,-0.004745,0.970980,0.122109,0.205583,-6.257654,4.217076,2.242696,-0.032707,0.899624,-0.119629,0.418684,12.770784,83.996223,27.914816,0.045542,0.901149,-0.079968,0.423629,11.322980,50.039608,36.415184,-0.057636,0.865556,0.077732,0.491374,4.438718,4.872084,41.264290,-0.004745,0.970980,0.122109,0.205583,-0.653964,1.819856,-10.814571,-0.057636,0.865556,0.077732,0.491374,16.576284,1.778036,34.140629
494,4.116667,-0.053606,0.875211,0.072444,0.475272,7.991301,83.775711,20.503878,-0.044111,0.868050,0.083441,0.487422,6.815361,90.886185,21.052135,-0.040701,0.865223,0.093114,0.490982,4.312574,106.452225,22.666536,0.059992,0.931716,0.048587,0.354889,1.424042,123.928978,24.828693,0.061617,0.978265,-0.042128,0.193458,3.656310,137.513107,25.336918,-0.090726,0.736240,0.240487,0.626008,-0.059135,118.582024,21.329563,0.322043,-0.531920,-0.192974,-0.759019,-3.381291,121.367584,5.274436,-0.041003,0.196675,-0.585944,-0.785053,5.528861,120.137276,-17.809986,0.008005,0.208788,-0.310319,-0.927387,10.370733,138.683304,-10.487354,-0.234952,0.835162,0.211794,0.449940,3.561135,118.434250,27.360508,0.218753,0.918048,0.305115,-0.127436,11.621829,121.791183,41.513931,-0.172793,0.280951,0.373495,-0.867013,33.220943,113.766953,32.409809,-0.150749,0.145960,0.500096,-0.840164,22.582075,127.835930,25.645039,0.072724,0.868933,0.082426,0.482569,3.209567,83.555595,13.102410,0.089897,0.985693,0.024517,0.140455,1.568830,49.367897,5.624886,-0.004450,0.970977,0.122039,0.205645,-6.257319,4.220000,2.243996,-0.032812,0.899288,-0.119614,0.419401,12.773034,83.995827,27.905346,0.045500,0.900926,-0.080044,0.424092,11.325495,50.039448,36.406715,-0.057583,0.865483,0.077665,0.491520,4.439295,4.872689,41.260212,-0.004450,0.970977,0.122039,0.205645,-0.654462,1.819130,-10.812955,-0.057583,0.865483,0.077665,0.491520,16.578636,1.776272,34.140602
495,4.125000,-0.053762,0.874677,0.072616,0.476211,8.013391,83.774300,20.485527,-0.044579,0.867457,0.083595,0.488409,6.833725,90.884171,21.033590,-0.040655,0.864642,0.093555,0.491924,4.316709,106.430794,22.640224,0.059620,0.931489,0.048762,0.355524,1.419554,123.904732,24.813513,0.061795,0.978189,-0.041998,0.193815,3.641234,137.490494,25.324959,-0.091535,0.734959,0.240961,0.627212,-0.054863,118.560921,21.305885,0.323296,-0.531769,-0.194897,-0.758101,-3.321930,121.350082,5.240080,-0.043037,0.195380,-0.589365,-0.782702,5.559248,120.152603,-17.857233,0.006082,0.207561,-0.312693,-0.926879,10.259267,138.747162,-10.536519,-0.235268,0.834451,0.212394,0.450809,3.552434,118.407974,27.344469,0.218143,0.917882,0.306029,-0.127483,11.582157,121.752998,41.518299,-0.173726,0.279662,0.372744,-0.867566,33.193867,113.764786,32.412407,-0.152201,0.144368,0.500064,-0.840195,22.501972,127.824341,25.689375,0.072742,0.868507,0.082147,0.483380,3.247710,83.554924,13.073691,0.090678,0.985716,0.023836,0.139906,1.603290,49.364182,5.610899,-0.004559,0.970914,0.121747,0.206116,-6.303813,4.226223,2.286087,-0.032847,0.899044,-0.119688,0.419899,12.779074,83.993675,27.897362,0.045480,0.900747,-0.080081,0.424468,11.326866,50.038696,36.403515,-0.057743,0.865452,0.077695,0.491551,4.438917,4.872310,41.257965,-0.004559,0.970914,0.121747,0.206116,-0.688339,1.817517,-10.764003,-0.057743,0.865452,0.077695,0.491551,16.579954,1.778913,34.139938
496,4.133333,-0.053628,0.874058,0.072901,0.477317,8.034950,83.775047,20.458281,-0.044785,0.866821,0.084081,0.489434,6.854332,90.884521,21.009361,-0.040815,0.864029,0.093830,0.492934,4.322861,106.424583,22.622683,0.059552,0.931241,0.048997,0.356151,1.413451,123.896217,24.798111,0.061958,0.978144,-0.042074,0.193972,3.631649,137.482254,25.317236,-0.092454,0.734076,0.241152,0.628037,-0.050510,118.553612,21.284271,0.324937,-0.531420,-0.196886,-0.757129,-3.277473,121.333672,5.208789,-0.044087,0.194393,-0.592309,-0.780665,5.583436,120.163811,-17.897718,0.005363,0.206848,-0.315467,-0.926103,10.157360,138.800415,-10.592840,-0.235453,0.833705,0.212055,0.452251,3.542605,118.399025,27.331263,0.218620,0.917660,0.306268,-0.127697,11.526127,121.738228,41.532536,-0.174604,0.278855,0.373145,-0.867477,33.124817,113.735474,32.408524,-0.153300,0.142729,0.500147,-0.840226,22.425146,127.813553,25.726683,0.072824,0.868044,0.081591,0.484293,3.287605,83.562134,13.034502,0.090919,0.985713,0.023696,0.139796,1.626971,49.365856,5.600722,-0.004097,0.970887,0.121761,0.206241,-6.303933,4.231298,2.286387,-0.033021,0.898661,-0.119785,0.420678,12.782296,83.987961,27.882061,0.045465,0.900688,-0.080209,0.424572,11.330752,50.035416,36.398048,-0.057845,0.865463,0.077728,0.491515,4.438513,4.870793,41.262825,-0.004097,0.970887,0.121761,0.206241,-0.688838,1.820365,-10.763454,-0.057845,0.865463,0.077728,0.491515,16.579775,1.779659,34.144196
497,4.141667,-0.053774,0.873596,0.072975,0.478136,8.055193,83.776054,20.443434,-0.045026,0.866278,0.084400,0.490319,6.871714,90.885147,20.993324,-0.041082,0.863466,0.094086,0.493849,4.327711,106.419029,22.608549,0.059481,0.931021,0.049041,0.356732,1.403316,123.888168,24.783943,0.062144,0.978100,-0.041888,0.194175,3.619766,137.474396,25.305616,-0.093418,0.733014,0.241428,0.629028,-0.049885,118.545975,21.265020,0.326384,-0.531332,-0.198790,-0.756070,-3.229473,121.319511,5.178972,-0.044829,0.193599,-0.594842,-0.778892,5.598756,120.173935,-17.941261,0.005349,0.207100,-0.319197,-0.924767,10.063058,138.849182,-10.651208,-0.235459,0.833050,0.211861,0.453544,3.530210,118.391312,27.319729,0.218538,0.917456,0.306860,-0.127875,11.474670,121.719360,41.545509,-0.175075,0.277959,0.372599,-0.867904,33.072884,113.729012,32.409515,-0.154889,0.142016,0.500411,-0.839899,22.337557,127.796112,25.754723,0.073140,0.867493,0.081644,0.485222,3.321911,83.563011,13.010681,0.090702,0.985562,0.023569,0.141015,1.651961,49.370575,5.561336,-0.004094,0.970987,0.121866,0.205708,-6.257056,4.231843,2.251529,-0.033003,0.898395,-0.119846,0.421230,12.788475,83.989105,27.876186,0.045430,0.900533,-0.080159,0.424913,11.328712,50.037491,36.394493,-0.057809,0.865360,0.077801,0.491688,4.439451,4.871842,41.253963,-0.004094,0.970987,0.121866,0.205708,-0.655628,1.824126,-10.804780,-0.057809,0.865360,0.077801,0.491688,16.583447,1.782036,34.139420
498,4.150000,-0.054061,0.873257,0.073120,0.478700,8.081807,83.776993,20.428095,-0.045418,0.865784,0.084848,0.491076,6.893373,90.885330,20.977024,-0.041261,0.862959,0.094251,0.494687,4.330854,106.412651,22.595722,0.059388,0.930781,0.049181,0.357353,1.395974,123.880157,24.770109,0.062254,0.978027,-0.041713,0.194546,3.609212,137.466721,25.296740,-0.093996,0.732305,0.241303,0.629815,-0.048403,118.538406,21.246883,0.327919,-0.531106,-0.200337,-0.755157,-3.191435,121.303764,5.152245,-0.045513,0.192263,-0.597586,-0.777081,5.618121,120.170364,-17.975708,0.005179,0.206703,-0.322873,-0.923580,9.969997,138.889450,-10.719559,-0.235496,0.832446,0.211845,0.454639,3.519831,118.383369,27.308577,0.218695,0.917313,0.307109,-0.128036,11.430651,121.700241,41.555702,-0.176338,0.277406,0.373021,-0.867644,33.023422,113.708344,32.408195,-0.155512,0.140724,0.499068,-0.840799,22.288630,127.794815,25.794992,0.073200,0.867518,0.081254,0.485234,3.358591,83.561798,12.989004,0.090909,0.985627,0.023654,0.140409,1.671683,49.365517,5.561141,-0.004016,0.970953,0.121928,0.205837,-6.256836,4.230609,2.245877,-0.032849,0.898257,-0.119980,0.421497,12.805024,83.992188,27.867186,0.045391,0.900438,-0.080223,0.425107,11.329067,50.042118,36.388832,-0.057805,0.865382,0.077642,0.491674,4.439501,4.877076,41.253529,-0.004016,0.970953,0.121928,0.205837,-0.652592,1.824128,-10.809448,-0.057805,0.865382,0.077642,0.491674,16.582788,1.783323,34.139488
499,4.158333,-0.054116,0.873015,0.072909,0.479166,8.094864,83.772041,20.419012,-0.045665,0.865327,0.085136,0.491809,6.906898,90.880737,20.964293,-0.041489,0.862450,0.094402,0.495527,4.331980,106.404915,22.584654,0.059253,0.930572,0.049122,0.357928,1.385319,123.870728,24.756702,0.062438,0.977970,-0.041290,0.194865,3.596175,137.457703,25.282589,-0.094767,0.731347,0.241229,0.630840,-0.049783,118.529068,21.229553,0.329107,-0.531286,-0.201986,-0.754073,-3.145004,121.285339,5.124096,-0.045930,0.191500,-0.599729,-0.775592,5.622210,120.168602,-18.020746,0.005984,0.207288,-0.326635,-0.922120,9.881984,138.923172,-10.784253,-0.235910,0.831863,0.212222,0.455315,3.506490,118.374336,27.298281,0.218660,0.917211,0.307252,-0.128484,11.390357,121.687653,41.561161,-0.176636,0.276395,0.372726,-0.868033,32.978188,113.706169,32.392918,-0.156119,0.139532,0.499083,-0.840877,22.212152,127.787064,25.809999,0.073170,0.867475,0.081280,0.485312,3.379613,83.555061,12.974922,0.091552,0.985624,0.022972,0.140128,1.696074,49.358768,5.546359,-0.003989,0.970908,0.121715,0.206175,-6.300007,4.231721,2.286870,-0.032875,0.898097,-0.119964,0.421841,12.810116,83.989021,27.863104,0.045442,0.900374,-0.080277,0.425227,11.333055,50.038795,36.383965,-0.057859,0.865358,0.077539,0.491728,4.436483,4.874990,41.250183,-0.003989,0.970908,0.121715,0.206175,-0.687549,1.818933,-10.763762,-0.057859,0.865358,0.077539,0.491728,16.580708,1.779493,34.138508
500,4.166667,-0.054505,0.872616,0.073220,0.479801,8.131559,83.765511,20.400454,-0.046179,0.864817,0.085742,0.492551,6.936164,90.872940,20.946035,-0.041622,0.861966,0.094589,0.496322,4.335409,106.398727,22.573202,0.059015,0.930380,0.049165,0.358459,1.379373,123.862885,24.745855,0.062630,0.977912,-0.041105,0.195129,3.584199,137.450821,25.272470,-0.095150,0.730815,0.240864,0.631539,-0.047525,118.522011,21.214176,0.330349,-0.531362,-0.203360,-0.753106,-3.110984,121.268570,5.100988,-0.046214,0.190468,-0.601907,-0.774141,5.624620,120.159470,-18.056177,0.006982,0.207613,-0.331134,-0.920434,9.794227,138.952591,-10.850742,-0.236252,0.831321,0.212530,0.455985,3.497487,118.366257,27.289463,0.218396,0.917109,0.307535,-0.128982,11.355682,121.675346,41.567482,-0.175667,0.274673,0.372023,-0.869077,32.942867,113.716331,32.378223,-0.155750,0.137083,0.500033,-0.840783,22.119404,127.769562,25.821613,0.073398,0.867550,0.081025,0.485185,3.427793,83.546364,12.949165,0.091820,0.985685,0.022836,0.139546,1.720615,49.349510,5.528588,-0.003835,0.970868,0.121783,0.206323,-6.303269,4.226410,2.282816,-0.032718,0.897956,-0.120156,0.422100,12.835325,83.984665,27.851742,0.045518,0.900369,-0.080312,0.425223,11.340184,50.036957,36.379436,-0.057465,0.865310,0.077703,0.491832,4.436033,4.874295,41.245502,-0.003835,0.970868,0.121783,0.206323,-0.688091,1.814581,-10.766824,-0.057465,0.865310,0.077703,0.491832,16.579657,1.777267,34.133461
501,4.175000,-0.054480,0.872293,0.073487,0.480350,8.147868,83.774536,20.380871,-0.046446,0.864386,0.086227,0.493198,6.950616,90.881439,20.929214,-0.041699,0.861548,0.094690,0.497022,4.335217,106.395569,22.562508,0.058907,0.930161,0.049382,0.359014,1.373309,123.858818,24.734440,0.062738,0.977834,-0.040963,0.195516,3.573749,137.447205,25.267574,-0.095664,0.730426,0.240263,0.632140,-0.047127,118.518593,21.199194,0.331571,-0.531480,-0.204827,-0.752087,-3.082071,121.246086,5.077375,-0.047074,0.188883,-0.603986,-0.772858,5.617628,120.147278,-18.093790,0.006361,0.206683,-0.334376,-0.919475,9.708911,138.971191,-10.923418,-0.236562,0.830808,0.212554,0.456747,3.488018,118.361877,27.280199,0.218312,0.917210,0.307215,-0.129170,11.318213,121.669754,41.573872,-0.177065,0.274734,0.372125,-0.868730,32.904831,113.714310,32.380192,-0.156030,0.137055,0.496459,-0.842852,22.088104,127.777657,25.847092,0.073506,0.867139,0.080537,0.485984,3.453357,83.559059,12.923643,0.091478,0.985611,0.023247,0.140225,1.729669,49.357796,5.527250,-0.003727,0.970961,0.121794,0.205883,-6.255876,4.230678,2.243037,-0.032770,0.897837,-0.120167,0.422345,12.842381,83.990013,27.838099,0.045518,0.900246,-0.080439,0.425458,11.347859,50.042732,36.367615,-0.057562,0.865307,0.077352,0.491880,4.437555,4.881942,41.242332,-0.003727,0.970961,0.121794,0.205883,-0.652925,1.818812,-10.811852,-0.057562,0.865307,0.077352,0.491880,16.581615,1.777724,34.134182
502,4.183333,-0.054946,0.872085,0.073542,0.480667,8.167948,83.768700,20.375257,-0.046468,0.864021,0.086337,0.493816,6.964268,90.874756,20.920586,-0.042025,0.861088,0.094855,0.497759,4.345348,106.388641,22.554667,0.059123,0.929916,0.049613,0.359581,1.368678,123.849800,24.723248,0.062552,0.977791,-0.040911,0.195801,3.572820,137.437180,25.266495,-0.096134,0.730070,0.240177,0.632511,-0.042142,118.509079,21.184898,0.332722,-0.531640,-0.206176,-0.751097,-3.058449,121.227455,5.058043,-0.047985,0.187269,-0.606079,-0.771554,5.605366,120.135841,-18.126900,0.005941,0.205578,-0.337885,-0.918442,9.617607,138.990509,-10.990834,-0.236909,0.830222,0.212375,0.457715,3.482299,118.353889,27.272156,0.217794,0.917281,0.307091,-0.129837,11.277579,121.662613,41.584705,-0.176914,0.274110,0.371563,-0.869199,32.866837,113.739304,32.369492,-0.156431,0.135251,0.496563,-0.843008,22.020020,127.786674,25.845354,0.073739,0.867043,0.080461,0.486133,3.479701,83.547134,12.914268,0.091645,0.985586,0.023076,0.140315,1.740590,49.347424,5.514286,-0.003615,0.970886,0.122168,0.206016,-6.261924,4.222393,2.242671,-0.032670,0.897783,-0.120157,0.422470,12.856194,83.990273,27.836248,0.045550,0.900231,-0.080538,0.425467,11.354463,50.042355,36.361977,-0.057697,0.865318,0.077301,0.491853,4.437573,4.883307,41.243526,-0.003615,0.970886,0.122168,0.206016,-0.655803,1.820341,-10.812662,-0.057697,0.865318,0.077301,0.491853,16.581993,1.779742,34.135704
503,4.191667,-0.054999,0.871729,0.073842,0.481261,8.190845,83.772552,20.357014,-0.046678,0.863636,0.086837,0.494382,6.984059,90.877876,20.904913,-0.042246,0.860720,0.095006,0.498348,4.351528,106.383026,22.546917,0.059180,0.929720,0.049799,0.360053,1.363931,123.842491,24.714067,0.062532,0.977737,-0.040784,0.196103,3.568072,137.429596,25.264341,-0.096562,0.729827,0.239486,0.632988,-0.039493,118.501701,21.172888,0.333612,-0.531846,-0.207707,-0.750134,-3.032979,121.199707,5.038355,-0.049243,0.185479,-0.607967,-0.770421,5.588600,120.128334,-18.163279,0.005059,0.203685,-0.340855,-0.917772,9.534436,139.010300,-11.056781,-0.237525,0.829718,0.212810,0.458107,3.476436,118.347145,27.265083,0.217153,0.917356,0.307114,-0.130321,11.250070,121.659508,41.588570,-0.176591,0.273309,0.370842,-0.869825,32.846897,113.772034,32.360336,-0.156223,0.133623,0.495640,-0.843848,21.963224,127.795830,25.846741,0.073905,0.866828,0.079991,0.486569,3.512759,83.553841,12.889560,0.091719,0.985545,0.022988,0.140570,1.751105,49.350555,5.511469,-0.003379,0.970893,0.122136,0.206007,-6.258307,4.226384,2.244863,-0.032644,0.897693,-0.120180,0.422656,12.868929,83.991264,27.824467,0.045586,0.900097,-0.080635,0.425730,11.363105,50.043625,36.350574,-0.057870,0.865264,0.077197,0.491945,4.438134,4.886302,41.236595,-0.003379,0.970893,0.122136,0.206007,-0.654341,1.822136,-10.811000,-0.057870,0.865264,0.077197,0.491945,16.584927,1.782673,34.132843
504,4.200000,-0.055281,0.871524,0.073946,0.481583,8.210795,83.773003,20.349949,-0.046882,0.863301,0.087002,0.494918,6.999547,90.877655,20.896717,-0.042486,0.860336,0.095153,0.498961,4.358567,106.377281,22.537905,0.059172,0.929490,0.050046,0.360615,1.359491,123.835030,24.703064,0.062513,0.977650,-0.040654,0.196570,3.561452,137.422150,25.261644,-0.097463,0.729446,0.239188,0.633403,-0.036184,118.494057,21.159086,0.334530,-0.532261,-0.209381,-0.748964,-3.006404,121.168480,5.016336,-0.050773,0.183522,-0.609702,-0.769419,5.558663,120.116112,-18.207083,0.003170,0.201263,-0.341844,-0.917947,9.446981,139.018768,-11.128861,-0.237732,0.829433,0.212930,0.458460,3.470850,118.340324,27.256426,0.216415,0.917454,0.306966,-0.131205,11.230435,121.651817,41.587727,-0.176416,0.272029,0.369984,-0.870626,32.831650,113.809296,32.331505,-0.155988,0.131877,0.495669,-0.844150,21.894041,127.810303,25.841490,0.074017,0.866759,0.079887,0.486691,3.538724,83.551453,12.878816,0.092328,0.985539,0.022366,0.140317,1.767765,49.348171,5.502943,-0.003632,0.970871,0.121775,0.206320,-6.305348,4.231715,2.286928,-0.032546,0.897584,-0.120126,0.422911,12.882866,83.994553,27.821081,0.045579,0.899965,-0.080735,0.425990,11.370103,50.045555,36.340549,-0.057766,0.865232,0.077197,0.492014,4.440421,4.889664,41.233097,-0.003632,0.970871,0.121775,0.206320,-0.691859,1.818546,-10.763192,-0.057766,0.865232,0.077197,0.492014,16.587599,1.784587,34.130638
505,4.208333,-0.055607,0.871251,0.074105,0.482014,8.238070,83.768379,20.341963,-0.047162,0.862981,0.087318,0.495393,7.021371,90.872177,20.887829,-0.042713,0.860017,0.095281,0.499467,4.366525,106.371643,22.531914,0.059075,0.929287,0.050304,0.361117,1.356969,123.827827,24.695114,0.062544,0.977558,-0.040504,0.197051,3.554326,137.415375,25.261190,-0.098095,0.729239,0.238845,0.633672,-0.031977,118.486580,21.148914,0.335346,-0.532667,-0.210770,-0.747921,-2.986729,121.141258,5.000067,-0.051569,0.181951,-0.611043,-0.768674,5.528001,120.101288,-18.242411,0.002948,0.199561,-0.343958,-0.917529,9.373143,139.027756,-11.195642,-0.238621,0.828940,0.213483,0.458633,3.467674,118.333817,27.250517,0.216393,0.904051,0.348053,-0.121347,11.207898,121.656288,41.589737,-0.153518,0.263673,0.369404,-0.877753,32.932945,114.055595,32.422039,-0.156031,0.130534,0.494978,-0.844755,21.835882,127.820549,25.827833,0.074343,0.866707,0.079654,0.486773,3.573963,83.544006,12.865941,0.092007,0.985471,0.022696,0.140945,1.775986,49.341499,5.493006,-0.003686,0.970904,0.122221,0.205896,-6.261901,4.220974,2.246047,-0.032348,0.897657,-0.120213,0.422746,12.902176,83.992752,27.817982,0.045657,0.900095,-0.080787,0.425697,11.375944,50.044323,36.337307,-0.057657,0.865267,0.077117,0.491978,4.439352,4.889864,41.233307,-0.003686,0.970904,0.122221,0.205896,-0.658250,1.820877,-10.810706,-0.057657,0.865267,0.077117,0.491978,16.584951,1.781270,34.129696
506,4.216667,-0.055614,0.871088,0.074090,0.482311,8.252448,83.764397,20.334906,-0.047248,0.862777,0.087521,0.495706,7.035572,90.868210,20.880110,-0.042955,0.859799,0.095352,0.499809,4.375290,106.362511,22.526962,0.059040,0.929127,0.050514,0.361505,1.356187,123.817467,24.686758,0.062522,0.977482,-0.040338,0.197467,3.550911,137.405167,25.259304,-0.098518,0.729039,0.238535,0.633953,-0.027395,118.475433,21.139645,0.336017,-0.533240,-0.212025,-0.746855,-2.967536,121.116211,4.985847,-0.052227,0.180416,-0.611907,-0.768304,5.490616,120.084297,-18.277641,0.002315,0.198147,-0.344998,-0.917447,9.315497,139.028687,-11.263174,-0.239200,0.828635,0.213706,0.458778,3.467157,118.324516,27.244217,0.216312,0.895067,0.372833,-0.114279,11.193739,121.656075,41.588688,-0.138709,0.259282,0.369048,-0.881666,33.003052,114.173714,32.524292,-0.155599,0.129194,0.493557,-0.845872,21.792540,127.831635,25.818825,0.074442,0.866629,0.079508,0.486920,3.593404,83.540329,12.855718,0.092097,0.985449,0.022609,0.141059,1.785674,49.337231,5.487906,-0.003439,0.970907,0.122214,0.205893,-6.261033,4.217848,2.246831,-0.032491,0.897194,-0.120048,0.423763,12.911492,83.988472,27.814093,0.045742,0.900084,-0.080979,0.425674,11.389483,50.037910,36.325691,-0.057642,0.865270,0.077096,0.491977,4.438564,4.887012,41.234238,-0.003439,0.970907,0.122214,0.205893,-0.659413,1.816194,-10.810511,-0.057642,0.865270,0.077096,0.491977,16.583979,1.777684,34.130634
507,4.225000,-0.055731,0.871076,0.073835,0.482359,8.259896,83.756302,20.338505,-0.047203,0.862673,0.087375,0.495916,7.043293,90.860474,20.879637,-0.043243,0.859617,0.095487,0.500072,4.386269,106.354736,22.522511,0.058839,0.928977,0.050701,0.361897,1.355317,123.807892,24.680288,0.062609,0.977373,-0.040118,0.198019,3.543380,137.396484,25.257084,-0.099113,0.728660,0.238442,0.634332,-0.022684,118.465042,21.132231,0.336301,-0.534079,-0.212938,-0.745868,-2.942932,121.093681,4.972850,-0.052885,0.178929,-0.612699,-0.767977,5.451671,120.063660,-18.313725,0.002093,0.197305,-0.346174,-0.917186,9.258720,139.023331,-11.330299,-0.239959,0.828320,0.214000,0.458812,3.467823,118.316200,27.239168,0.215744,0.894965,0.373186,-0.114999,11.181265,121.661438,41.587524,-0.138037,0.258052,0.368139,-0.882513,32.994549,114.220718,32.498470,-0.154904,0.128220,0.492510,-0.846758,21.733406,127.848602,25.810892,0.074299,0.866625,0.079939,0.486878,3.601896,83.528343,12.858788,0.093580,0.984795,0.022122,0.144679,1.817365,49.328575,5.469922,-0.003608,0.970389,0.121770,0.208577,-6.357007,4.232511,2.223880,-0.032503,0.897196,-0.120012,0.423770,12.917897,83.984261,27.818224,0.045887,0.900198,-0.080971,0.425420,11.397669,50.033142,36.327904,-0.057528,0.865240,0.077168,0.492032,4.436551,4.883337,41.232029,-0.003608,0.970389,0.121770,0.208577,-0.685290,1.817735,-10.800737,-0.057528,0.865240,0.077168,0.492032,16.582258,1.774163,34.128857
508,4.233333,-0.056242,0.870886,0.074079,0.482604,8.286067,83.749352,20.335150,-0.047155,0.862564,0.087416,0.496102,7.061216,90.852180,20.875393,-0.043775,0.859452,0.095775,0.500253,4.404605,106.345726,22.519493,0.058873,0.928808,0.050830,0.362305,1.351845,123.795273,24.675760,0.062525,0.977259,-0.039883,0.198659,3.539836,137.383667,25.257683,-0.098924,0.728639,0.238373,0.634412,-0.017881,118.450836,21.126890,0.336625,-0.534837,-0.213288,-0.745078,-2.936008,121.083282,4.967746,-0.052927,0.177431,-0.613195,-0.767925,5.411006,120.036629,-18.335190,0.002529,0.196817,-0.347744,-0.916696,9.215080,139.014069,-11.397192,-0.240266,0.828219,0.213923,0.458871,3.469422,118.306038,27.235756,0.215051,0.894927,0.373401,-0.115888,11.176172,121.659660,41.585751,-0.136827,0.256927,0.367263,-0.883394,32.994080,114.267708,32.468014,-0.154187,0.125663,0.492295,-0.847397,21.684624,127.863480,25.786833,0.074673,0.866630,0.079752,0.486843,3.633250,83.516136,12.852366,0.093551,0.984772,0.022014,0.144870,1.819392,49.318176,5.462268,-0.003568,0.970367,0.122064,0.208507,-6.353170,4.221168,2.224800,-0.032277,0.897281,-0.120105,0.423579,12.938884,83.982567,27.817934,0.045939,0.900168,-0.081084,0.425455,11.403511,50.031998,36.327076,-0.057602,0.865269,0.077104,0.491982,4.433541,4.884312,41.238136,-0.003568,0.970367,0.122064,0.208507,-0.683114,1.814454,-10.802036,-0.057602,0.865269,0.077104,0.491982,16.578791,1.774630,34.134399
509,4.241667,-0.056388,0.870837,0.074216,0.482655,8.305057,83.748543,20.332415,-0.047446,0.862496,0.087599,0.496162,7.077401,90.850838,20.873262,-0.043825,0.859414,0.095762,0.500317,4.409078,106.347511,22.518040,0.058754,0.928657,0.051127,0.362672,1.354848,123.796989,24.672777,0.062441,0.977124,-0.039875,0.199349,3.537171,137.385956,25.262472,-0.099088,0.728757,0.237964,0.634404,-0.013967,118.452248,21.124006,0.336779,-0.535606,-0.213508,-0.744393,-2.931356,121.071625,4.962607,-0.052798,0.176214,-0.613351,-0.768090,5.370230,120.008934,-18.355824,0.003299,0.196621,-0.349480,-0.916075,9.184137,138.998901,-11.458000,-0.240726,0.827958,0.214325,0.458914,3.472370,118.308052,27.233437,0.214452,0.894911,0.373491,-0.116832,11.170441,121.665825,41.587120,-0.136172,0.255873,0.366318,-0.884193,32.990231,114.318611,32.437771,-0.153832,0.124481,0.491825,-0.847908,21.632549,127.883957,25.769196,0.074797,0.866651,0.079638,0.486805,3.653396,83.514366,12.848942,0.093642,0.984689,0.021934,0.145386,1.827776,49.316437,5.461575,-0.003679,0.970383,0.122159,0.208376,-6.352349,4.220676,2.225838,-0.032197,0.897112,-0.120163,0.423927,12.956717,83.982727,27.815884,0.045985,0.900209,-0.081115,0.425358,11.411296,50.032761,36.325638,-0.057402,0.865293,0.077140,0.491958,4.436772,4.885942,41.238209,-0.003679,0.970383,0.122159,0.208376,-0.684664,1.817322,-10.802651,-0.057402,0.865293,0.077140,0.491958,16.580349,1.774282,34.132481
510,4.250000,-0.056100,0.870802,0.074087,0.482772,8.311255,83.751968,20.331736,-0.047385,0.862506,0.087597,0.496150,7.088027,90.855011,20.872835,-0.044247,0.859395,0.095981,0.500269,4.423686,106.338593,22.517149,0.058950,0.928572,0.051127,0.362856,1.352784,123.785248,24.671087,0.062193,0.977067,-0.039462,0.199788,3.540199,137.373276,25.263374,-0.098673,0.728908,0.237706,0.634391,-0.010929,118.439034,21.122568,0.336806,-0.536441,-0.213429,-0.743802,-2.931561,121.062454,4.962411,-0.052541,0.174994,-0.613328,-0.768405,5.327360,119.975960,-18.370070,0.004179,0.196597,-0.351174,-0.915428,9.160265,138.978638,-11.514679,-0.241374,0.827808,0.214555,0.458735,3.475558,118.298462,27.231997,0.213784,0.894911,0.373579,-0.117772,11.168699,121.670654,41.584942,-0.136069,0.255145,0.365453,-0.884777,32.991726,114.370987,32.405323,-0.154006,0.123504,0.490741,-0.848647,21.595890,127.910927,25.749510,0.074782,0.866590,0.079504,0.486939,3.661008,83.521301,12.847278,0.093625,0.984635,0.021934,0.145763,1.832782,49.321712,5.468258,-0.003505,0.970450,0.121969,0.208177,-6.344607,4.225657,2.229673,-0.032217,0.897158,-0.120168,0.423827,12.961502,83.982643,27.816195,0.046092,0.900294,-0.081127,0.425165,11.418134,50.032841,36.326996,-0.057301,0.865273,0.077155,0.492002,4.435419,4.887098,41.237789,-0.003505,0.970450,0.121969,0.208177,-0.683731,1.816116,-10.800628,-0.057301,0.865273,0.077155,0.492002,16.579039,1.774391,34.132599
511,4.258333,-0.056603,0.870714,0.074277,0.482842,8.336331,83.743835,20.330896,-0.047650,0.862488,0.087736,0.496131,7.105444,90.845642,20.870724,-0.044386,0.859407,0.096072,0.500220,4.430298,106.336304,22.515574,0.059157,0.928417,0.051239,0.363204,1.353666,123.781898,24.669937,0.061832,0.976939,-0.039292,0.200555,3.545482,137.368958,25.268400,-0.098479,0.729286,0.237360,0.634116,-0.008518,118.435265,21.121468,0.337057,-0.537072,-0.213368,-0.743250,-2.942034,121.052658,4.962667,-0.052331,0.173739,-0.613230,-0.768782,5.284636,119.940865,-18.380013,0.004350,0.196050,-0.352181,-0.915158,9.140319,138.953445,-11.567379,-0.241790,0.827685,0.214870,0.458592,3.478495,118.295792,27.230621,0.213228,0.894929,0.373567,-0.118675,11.169345,121.674644,41.583229,-0.136024,0.254663,0.364652,-0.885253,32.993553,114.416084,32.373878,-0.154670,0.122318,0.489575,-0.849371,21.566120,127.933052,25.724754,0.074956,0.866602,0.079307,0.486922,3.688285,83.507240,12.845257,0.093825,0.984678,0.022020,0.145330,1.842627,49.307281,5.472288,-0.003461,0.970354,0.122322,0.208417,-6.352890,4.215011,2.226863,-0.031983,0.897171,-0.120253,0.423793,12.984377,83.980431,27.816538,0.046133,0.900241,-0.081158,0.425266,11.424093,50.031029,36.325829,-0.057515,0.865293,0.077047,0.491958,4.436242,4.886103,41.236801,-0.003461,0.970354,0.122322,0.208417,-0.685582,1.814996,-10.802404,-0.057515,0.865293,0.077047,0.491958,16.580343,1.773767,34.132267
512,4.266667,-0.056685,0.870726,0.074231,0.482818,8.349167,83.741379,20.332350,-0.047987,0.862513,0.087904,0.496026,7.117582,90.843155,20.871058,-0.044391,0.859488,0.096021,0.500090,4.429946,106.337120,22.515991,0.059080,0.928367,0.051383,0.363323,1.354399,123.783043,24.669180,0.061851,0.976859,-0.039129,0.200974,3.542952,137.370468,25.271004,-0.098406,0.729804,0.236682,0.633785,-0.008979,118.436012,21.121761,0.337283,-0.537577,-0.213379,-0.742779,-2.956927,121.036591,4.962875,-0.052115,0.172536,-0.612940,-0.769298,5.242599,119.905762,-18.388432,0.004735,0.194899,-0.353470,-0.914905,9.129612,138.924423,-11.616867,-0.242236,0.827575,0.215352,0.458328,3.479853,118.297195,27.229887,0.212782,0.894830,0.373799,-0.119493,11.171549,121.681992,41.580635,-0.135913,0.254280,0.364053,-0.885626,32.995514,114.460739,32.341427,-0.155257,0.121356,0.488331,-0.850118,21.544361,127.959595,25.697010,0.075013,0.866626,0.079359,0.486861,3.700873,83.503082,12.846920,0.093826,0.984817,0.021956,0.144395,1.853042,49.304317,5.468978,-0.003389,0.970426,0.122326,0.208084,-6.346518,4.211816,2.237051,-0.031939,0.897241,-0.120309,0.423631,12.997460,83.979675,27.817780,0.046319,0.900391,-0.081118,0.424935,11.434258,50.031013,36.329487,-0.057367,0.865247,0.077007,0.492064,4.434428,4.887062,41.232384,-0.003389,0.970426,0.122326,0.208084,-0.688390,1.811719,-10.796185,-0.057367,0.865247,0.077007,0.492064,16.579067,1.771685,34.130116
513,4.275000,-0.056774,0.870740,0.074188,0.482788,8.361536,83.737961,20.333885,-0.048124,0.862600,0.087991,0.495845,7.129142,90.839684,20.871477,-0.044592,0.859602,0.096040,0.499872,4.436966,106.331764,22.517044,0.059274,0.928321,0.051472,0.363396,1.355464,123.776917,24.667976,0.061622,0.976803,-0.038951,0.201347,3.548093,137.363495,25.274260,-0.097888,0.730548,0.236204,0.633187,-0.007395,118.428612,21.122293,0.337479,-0.537969,-0.213080,-0.742492,-2.983953,121.024574,4.967906,-0.051833,0.171162,-0.612646,-0.769858,5.200997,119.867920,-18.387255,0.004796,0.193503,-0.353930,-0.915023,9.121801,138.894272,-11.663676,-0.242731,0.827555,0.215598,0.457987,3.484257,118.292450,27.228868,0.211789,0.904348,0.347541,-0.128513,11.178381,121.689415,41.575443,-0.150890,0.257128,0.363359,-0.882659,32.912399,114.412178,32.169632,-0.154957,0.119906,0.487566,-0.850818,21.516911,127.983833,25.672129,0.075049,0.866657,0.079321,0.486808,3.712906,83.497879,12.848720,0.093902,0.984871,0.022063,0.143960,1.861151,49.299061,5.472018,-0.003651,0.970429,0.122328,0.208063,-6.345200,4.208293,2.233124,-0.031844,0.897380,-0.120345,0.423334,13.010166,83.978043,27.819052,0.046436,0.900504,-0.081238,0.424660,11.442742,50.029575,36.330734,-0.057238,0.865310,0.076919,0.491981,4.430065,4.888430,41.241028,-0.003651,0.970429,0.122328,0.208063,-0.685549,1.809700,-10.799730,-0.057238,0.865310,0.076919,0.491981,16.572218,1.769044,34.136257
514,4.283333,-0.056838,0.870765,0.074131,0.482745,8.371975,83.735954,20.337292,-0.048318,0.862702,0.088006,0.495646,7.139207,90.837692,20.873783,-0.044760,0.859735,0.096122,0.499613,4.441724,106.330040,22.517391,0.058828,0.928302,0.051628,0.363496,1.354286,123.774086,24.668720,0.061835,0.976679,-0.038736,0.201927,3.534143,137.362717,25.274986,-0.097775,0.730988,0.235729,0.632873,-0.008352,118.424950,21.124193,0.337547,-0.538561,-0.212935,-0.742073,-2.998851,121.009743,4.970589,-0.051689,0.170086,-0.612135,-0.770513,5.157545,119.831642,-18.393490,0.004653,0.192286,-0.353387,-0.915490,9.118944,138.860367,-11.704552,-0.242976,0.827589,0.216194,0.457514,3.486737,118.290688,27.228848,0.210190,0.918654,0.303524,-0.140601,11.191311,121.688972,41.569500,-0.173692,0.263569,0.362538,-0.876886,32.797562,114.235878,32.008316,-0.153795,0.117592,0.488228,-0.850972,21.476974,128.000259,25.644585,0.075119,0.866660,0.079293,0.486796,3.722744,83.494339,12.852547,0.093993,0.984817,0.022037,0.144276,1.865689,49.295952,5.475144,-0.003597,0.970416,0.122277,0.208155,-6.348144,4.206652,2.234703,-0.031790,0.897363,-0.120300,0.423387,13.021205,83.977577,27.822039,0.046471,0.900340,-0.081227,0.425008,11.451211,50.028084,36.329197,-0.057279,0.865297,0.076890,0.492004,4.434229,4.887059,41.234501,-0.003597,0.970416,0.122277,0.208155,-0.686628,1.806284,-10.797019,-0.057279,0.865297,0.076890,0.492004,16.576963,1.767557,34.130772
515,4.291667,-0.057101,0.870807,0.074433,0.482591,8.392596,83.731377,20.338161,-0.048595,0.862812,0.088089,0.495414,7.154544,90.832031,20.876785,-0.044876,0.859879,0.096189,0.499341,4.447469,106.329979,22.519714,0.058849,0.928305,0.051781,0.363462,1.355967,123.773193,24.671946,0.061686,0.976644,-0.038642,0.202158,3.534809,137.361816,25.282204,-0.097679,0.731402,0.235389,0.632537,-0.007140,118.423462,21.128515,0.337517,-0.539277,-0.212591,-0.741665,-3.012426,120.999458,4.976250,-0.051484,0.169049,-0.611501,-0.771258,5.112995,119.793213,-18.397182,0.004649,0.191156,-0.352524,-0.916059,9.120749,138.824158,-11.742414,-0.243252,0.827665,0.216494,0.457088,3.491620,118.290581,27.231094,0.209805,0.918662,0.303223,-0.141765,11.204656,121.695580,41.565601,-0.172747,0.262421,0.362133,-0.877584,32.802628,114.275299,31.960281,-0.152892,0.115287,0.488654,-0.851205,21.447344,128.019760,25.611698,0.075256,0.866688,0.079207,0.486739,3.741270,83.488045,12.854774,0.094003,0.984866,0.022102,0.143921,1.872537,49.290142,5.478085,-0.003422,0.970409,0.122541,0.208034,-6.342487,4.201281,2.234609,-0.031614,0.897343,-0.120373,0.423423,13.043922,83.974716,27.821547,0.046545,0.900276,-0.081342,0.425113,11.460385,50.025684,36.328022,-0.057367,0.865312,0.076898,0.491966,4.432298,4.887006,41.238983,-0.003422,0.970409,0.122541,0.208034,-0.685068,1.807404,-10.800083,-0.057367,0.865312,0.076898,0.491966,16.575052,1.768936,34.134663
516,4.300000,-0.057300,0.870882,0.074454,0.482429,8.406545,83.732674,20.345888,-0.048738,0.862951,0.088103,0.495155,7.165939,90.832947,20.883608,-0.045040,0.860035,0.096239,0.499048,4.455713,106.327866,22.525200,0.058755,0.928301,0.051890,0.363474,1.359034,123.770210,24.677057,0.061510,0.976585,-0.038450,0.202531,3.534420,137.359299,25.289238,-0.097480,0.731854,0.235140,0.632137,-0.004309,118.419495,21.135204,0.337411,-0.539937,-0.212132,-0.741364,-3.027707,120.990517,4.985529,-0.051004,0.168297,-0.610766,-0.772036,5.072075,119.756058,-18.395330,0.005109,0.190533,-0.351485,-0.916586,9.126446,138.784821,-11.773847,-0.243600,0.827746,0.217232,0.456406,3.498361,118.288742,27.235588,0.209367,0.918576,0.303275,-0.142857,11.226484,121.697701,41.561024,-0.172022,0.261229,0.361746,-0.878241,32.818150,114.315048,31.912643,-0.152039,0.113330,0.488466,-0.851728,21.427813,128.041702,25.584251,0.075345,0.866833,0.079203,0.486468,3.752870,83.486160,12.864065,0.094084,0.984866,0.022204,0.143855,1.876325,49.289150,5.485244,-0.003656,0.970397,0.122514,0.208101,-6.344874,4.202113,2.232059,-0.031461,0.897381,-0.120375,0.423353,13.060220,83.979179,27.827713,0.046573,0.900272,-0.081335,0.425119,11.467632,50.029518,36.329964,-0.057326,0.865353,0.076809,0.491913,4.437476,4.890972,41.239227,-0.003656,0.970397,0.122514,0.208101,-0.683918,1.808753,-10.801193,-0.057326,0.865353,0.076809,0.491913,16.578848,1.770135,34.133755
517,4.308333,-0.057379,0.870992,0.074449,0.482223,8.415381,83.731140,20.352003,-0.048926,0.863131,0.088180,0.494808,7.173961,90.831299,20.889395,-0.045197,0.860252,0.096243,0.498660,4.457922,106.326141,22.531281,0.058801,0.928375,0.051878,0.363278,1.357368,123.767960,24.681833,0.061403,0.976593,-0.038268,0.202562,3.533909,137.356888,25.293451,-0.097244,0.732204,0.234808,0.631891,-0.007245,118.415985,21.142359,0.337410,-0.540478,-0.211462,-0.741163,-3.042499,120.982719,4.994227,-0.050305,0.167649,-0.610053,-0.772786,5.042413,119.712494,-18.389860,0.005924,0.189986,-0.350735,-0.916982,9.141134,138.741943,-11.803345,-0.243725,0.827886,0.217439,0.455986,3.500674,118.287766,27.239777,0.209116,0.918442,0.303393,-0.143836,11.239513,121.701195,41.558361,-0.171418,0.260370,0.361567,-0.878688,32.822498,114.346924,31.868956,-0.151525,0.111802,0.488447,-0.852033,21.411510,128.060669,25.555927,0.075378,0.866828,0.079272,0.486460,3.758353,83.483002,12.872323,0.094183,0.984845,0.022208,0.143933,1.882126,49.287113,5.488230,-0.004299,0.970410,0.122174,0.208232,-6.347630,4.201812,2.232716,-0.031417,0.897576,-0.120430,0.422926,13.072411,83.979271,27.831682,0.046729,0.900409,-0.081337,0.424811,11.479452,50.030338,36.336769,-0.057143,0.865383,0.076839,0.491877,4.437965,4.893175,41.242451,-0.004299,0.970410,0.122174,0.208232,-0.678757,1.802415,-10.795979,-0.057143,0.865383,0.076839,0.491877,16.577555,1.770453,34.134773
518,4.316667,-0.057398,0.871125,0.074478,0.481975,8.423542,83.727142,20.358171,-0.048949,0.863330,0.088111,0.494471,7.181837,90.827217,20.896145,-0.045422,0.860445,0.096344,0.498286,4.467597,106.318153,22.536423,0.058705,0.928450,0.051972,0.363089,1.359289,123.758545,24.687328,0.061342,0.976595,-0.038123,0.202601,3.532336,137.347992,25.299734,-0.096752,0.732597,0.234628,0.631578,-0.005254,118.405403,21.149603,0.337586,-0.541033,-0.210895,-0.740839,-3.056851,120.976616,5.005261,-0.049361,0.167237,-0.609124,-0.773669,5.010209,119.668198,-18.382887,0.006992,0.189792,-0.350449,-0.917123,9.160881,138.696213,-11.829443,-0.244170,0.828046,0.217837,0.455268,3.507625,118.279839,27.244223,0.208978,0.918251,0.303666,-0.144672,11.261031,121.705986,41.551888,-0.171005,0.259520,0.361426,-0.879078,32.834904,114.374481,31.825018,-0.151317,0.110607,0.488450,-0.852224,21.403597,128.078964,25.530056,0.075378,0.866862,0.079341,0.486388,3.762349,83.478508,12.881102,0.094204,0.984894,0.022288,0.143569,1.887910,49.283375,5.493005,-0.003658,0.970385,0.122565,0.208128,-6.343827,4.198751,2.233069,-0.031378,0.897578,-0.120458,0.422917,13.084737,83.975784,27.835243,0.046835,0.900487,-0.081344,0.424633,11.488612,50.027157,36.340942,-0.056986,0.865409,0.076943,0.491833,4.439111,4.890999,41.244404,-0.003658,0.970385,0.122565,0.208128,-0.682056,1.806812,-10.800090,-0.056986,0.865409,0.076943,0.491833,16.577208,1.768579,34.134041
519,4.325000,-0.057454,0.871273,0.074367,0.481719,8.431005,83.723152,20.368834,-0.049060,0.863586,0.088066,0.494022,7.189520,90.823364,20.905394,-0.045500,0.860742,0.096319,0.497771,4.473855,106.313919,22.544081,0.058592,0.928596,0.052011,0.362728,1.364896,123.754242,24.694687,0.061193,0.976643,-0.037951,0.202446,3.534403,137.344315,25.305676,-0.096364,0.733074,0.234387,0.631173,-0.002798,118.400047,21.159756,0.337653,-0.541543,-0.209985,-0.740694,-3.073900,120.970978,5.019066,-0.048362,0.166722,-0.608251,-0.774530,4.984735,119.617317,-18.369411,0.007971,0.189636,-0.349609,-0.917468,9.185676,138.644806,-11.853908,-0.244457,0.828151,0.218108,0.454792,3.517202,118.276489,27.250307,0.209197,0.918145,0.303321,-0.145748,11.280339,121.710732,41.550758,-0.171167,0.259045,0.361671,-0.879086,32.834198,114.384056,31.775982,-0.151606,0.109692,0.488373,-0.852335,21.399656,128.095978,25.500202,0.075411,0.866993,0.079536,0.486117,3.765567,83.472221,12.894487,0.094316,0.984901,0.022298,0.143446,1.893568,49.279617,5.494115,-0.003883,0.970362,0.122555,0.208239,-6.348458,4.196972,2.232832,-0.031260,0.897787,-0.120505,0.422469,13.096444,83.974083,27.843180,0.046962,0.900646,-0.081285,0.424293,11.495714,50.025715,36.349091,-0.057181,0.865432,0.076787,0.491794,4.439835,4.889769,41.245342,-0.003883,0.970362,0.122555,0.208239,-0.682074,1.805959,-10.798493,-0.057181,0.865432,0.076787,0.491794,16.578218,1.766285,34.135933
520,4.333333,-0.057638,0.871476,0.074491,0.481310,8.444590,83.724464,20.376360,-0.049288,0.863811,0.088182,0.493584,7.200185,90.824104,20.913752,-0.045534,0.861004,0.096256,0.497327,4.477616,106.311714,22.553196,0.058707,0.928648,0.052174,0.362552,1.369840,123.752357,24.702900,0.060749,0.976652,-0.037938,0.202539,3.540553,137.342041,25.318575,-0.096165,0.733526,0.234196,0.630749,-0.001125,118.397270,21.170599,0.337592,-0.542053,-0.209081,-0.740605,-3.091286,120.964279,5.032922,-0.047439,0.166297,-0.607274,-0.775444,4.958757,119.569626,-18.356110,0.008991,0.189502,-0.349162,-0.917657,9.214301,138.596039,-11.872836,-0.244663,0.828342,0.218398,0.454193,3.525044,118.275322,27.257612,0.209278,0.918000,0.303300,-0.146590,11.302945,121.716782,41.548302,-0.171006,0.258601,0.361724,-0.879226,32.842930,114.400421,31.735294,-0.151897,0.108590,0.488063,-0.852602,21.401258,128.111450,25.471083,0.075505,0.867045,0.079594,0.486001,3.772581,83.471008,12.906202,0.094307,0.984909,0.022374,0.143386,1.895864,49.280037,5.499460,-0.003433,0.970369,0.122671,0.208146,-6.344541,4.197547,2.231934,-0.031073,0.897892,-0.120606,0.422230,13.116598,83.977921,27.846518,0.047069,0.900745,-0.081287,0.424071,11.503386,50.030457,36.353649,-0.057080,0.865482,0.076594,0.491748,4.439858,4.895461,41.247639,-0.003433,0.970369,0.122671,0.208146,-0.683904,1.807317,-10.802031,-0.057080,0.865482,0.076594,0.491748,16.576248,1.765807,34.137535
521,4.341667,-0.057611,0.871633,0.074313,0.481056,8.448354,83.721756,20.388586,-0.049482,0.864056,0.088149,0.493141,7.205681,90.821823,20.924309,-0.045369,0.861322,0.096170,0.496807,4.478135,106.315002,22.561840,0.058584,0.928807,0.052259,0.362154,1.378235,123.756767,24.713755,0.060524,0.976716,-0.037817,0.202319,3.544690,137.347137,25.328953,-0.096204,0.734069,0.233737,0.630281,0.001306,118.401764,21.183649,0.337372,-0.542528,-0.208204,-0.740604,-3.108246,120.952820,5.047173,-0.046831,0.165702,-0.606372,-0.776313,4.934390,119.523964,-18.342337,0.009644,0.188895,-0.348669,-0.917963,9.242709,138.547165,-11.889529,-0.244636,0.828518,0.218664,0.453759,3.534954,118.279335,27.266312,0.209395,0.917887,0.303032,-0.147678,11.326397,121.720596,41.549664,-0.170955,0.258016,0.361770,-0.879389,32.848091,114.414490,31.689013,-0.152040,0.108020,0.488373,-0.852472,21.396156,128.125183,25.442219,0.075483,0.867193,0.079801,0.485706,3.771984,83.466721,12.921214,0.094404,0.984932,0.022431,0.143153,1.901294,49.277832,5.503358,-0.003570,0.970333,0.122575,0.208365,-6.347865,4.197269,2.231325,-0.031035,0.898018,-0.120597,0.421969,13.124723,83.976791,27.855957,0.047172,0.900789,-0.081260,0.423970,11.511885,50.029003,36.361866,-0.056951,0.865467,0.076791,0.491758,4.441391,4.894507,41.250374,-0.003570,0.970333,0.122575,0.208365,-0.680646,1.804996,-10.799400,-0.056951,0.865467,0.076791,0.491758,16.577602,1.767847,34.138649
522,4.350000,-0.057558,0.871800,0.074262,0.480766,8.448569,83.718750,20.399206,-0.049394,0.864320,0.088042,0.492707,7.207091,90.819016,20.935074,-0.045412,0.861598,0.096188,0.496321,4.484066,106.315086,22.572672,0.058468,0.928972,0.052313,0.361740,1.383737,123.756584,24.726128,0.060327,0.976794,-0.037769,0.202010,3.546412,137.347626,25.340080,-0.095979,0.734786,0.233319,0.629635,0.003767,118.400978,21.198126,0.337569,-0.542675,-0.207425,-0.740626,-3.134292,120.941483,5.065504,-0.046048,0.165165,-0.605610,-0.777070,4.916513,119.476494,-18.318962,0.009965,0.188278,-0.348186,-0.918269,9.269777,138.499023,-11.899603,-0.244535,0.828781,0.218868,0.453235,3.544161,118.279778,27.276892,0.209547,0.917764,0.302766,-0.148771,11.353059,121.721138,41.550690,-0.170806,0.257379,0.362046,-0.879491,32.855553,114.423859,31.641731,-0.151683,0.107042,0.488592,-0.852533,21.398315,128.140076,25.414669,0.075440,0.867271,0.079973,0.485545,3.767184,83.463547,12.934982,0.094462,0.984978,0.022550,0.142782,1.903608,49.276127,5.508579,-0.003567,0.970311,0.122620,0.208442,-6.350353,4.197046,2.228155,-0.031133,0.898085,-0.120594,0.421819,13.129955,83.973953,27.863428,0.047355,0.900858,-0.081233,0.423808,11.524747,50.026543,36.372292,-0.057080,0.865488,0.076792,0.491707,4.441100,4.893226,41.252682,-0.003567,0.970311,0.122620,0.208442,-0.681093,1.805947,-10.801900,-0.057080,0.865488,0.076792,0.491707,16.577404,1.768411,34.140308
523,4.358333,-0.057735,0.871944,0.074727,0.480412,8.466347,83.723854,20.400095,-0.049565,0.864586,0.088190,0.492195,7.219659,90.822823,20.941051,-0.045441,0.861919,0.096253,0.495748,4.490996,106.315521,22.581377,0.058302,0.929163,0.052339,0.361272,1.390067,123.756477,24.738342,0.060205,0.976869,-0.037645,0.201708,3.547923,137.348404,25.349676,-0.095803,0.735390,0.232884,0.629117,0.006537,118.400490,21.212315,0.337776,-0.542928,-0.206762,-0.740531,-3.154320,120.930229,5.082448,-0.045531,0.164652,-0.604761,-0.777869,4.896445,119.430145,-18.299809,0.009877,0.187328,-0.347483,-0.918731,9.298304,138.447617,-11.906639,-0.244608,0.829058,0.219460,0.452401,3.554894,118.280174,27.286451,0.209657,0.917607,0.302735,-0.149640,11.387722,121.722961,41.546787,-0.170307,0.256606,0.362172,-0.879762,32.875069,114.435127,31.598108,-0.151102,0.105972,0.488847,-0.852623,21.406084,128.149597,25.388054,0.075638,0.867358,0.079723,0.485401,3.779311,83.469261,12.939397,0.094424,0.984831,0.022686,0.143800,1.893892,49.281143,5.521710,-0.003584,0.970285,0.122537,0.208611,-6.351460,4.201975,2.220957,-0.030887,0.898225,-0.120883,0.421456,13.153383,83.978447,27.860794,0.047389,0.900851,-0.081178,0.423830,11.527527,50.034859,36.380955,-0.057062,0.865526,0.076628,0.491667,4.443042,4.901019,41.255264,-0.003584,0.970285,0.122537,0.208611,-0.677831,1.808552,-10.806773,-0.057062,0.865526,0.076628,0.491667,16.578096,1.771914,34.142643
524,4.366667,-0.057785,0.872188,0.074720,0.479964,8.473526,83.721901,20.411863,-0.049821,0.864865,0.088124,0.491692,7.226535,90.820801,20.953018,-0.045181,0.862253,0.096303,0.495181,4.492139,106.317223,22.589550,0.058250,0.929371,0.052350,0.360744,1.399723,123.758675,24.754721,0.059935,0.976976,-0.037645,0.201267,3.555779,137.350983,25.363937,-0.095657,0.736029,0.232427,0.628561,0.009681,118.403938,21.229355,0.338085,-0.543027,-0.205879,-0.740563,-3.175362,120.921364,5.102317,-0.045061,0.163970,-0.604283,-0.778412,4.888138,119.379219,-18.272818,0.009644,0.186234,-0.346635,-0.919276,9.322723,138.398361,-11.910682,-0.244159,0.829449,0.219304,0.452003,3.566269,118.281090,27.298630,0.209700,0.917426,0.302787,-0.150586,11.418368,121.719910,41.549324,-0.169565,0.255812,0.362149,-0.880145,32.890747,114.446548,31.557823,-0.150544,0.105279,0.489892,-0.852208,21.405216,128.153854,25.359886,0.075698,0.867663,0.079975,0.484803,3.779017,83.465637,12.955919,0.094458,0.984783,0.022649,0.144107,1.893598,49.280964,5.522377,-0.003559,0.970272,0.122467,0.208713,-6.354295,4.202232,2.221994,-0.030781,0.898316,-0.120942,0.421252,13.168036,83.978165,27.867805,0.047506,0.900874,-0.081122,0.423779,11.535726,50.035107,36.388882,-0.056918,0.865519,0.076602,0.491700,4.444048,4.901457,41.254436,-0.003559,0.970272,0.122467,0.208713,-0.678341,1.806651,-10.804327,-0.056918,0.865519,0.076602,0.491700,16.578545,1.769683,34.142033
525,4.375000,-0.057669,0.872499,0.074312,0.479477,8.466723,83.713295,20.431595,-0.049833,0.865188,0.087861,0.491170,7.224293,90.813271,20.969149,-0.045079,0.862584,0.096229,0.494627,4.494042,106.314384,22.600361,0.058170,0.929555,0.052436,0.360271,1.407443,123.756683,24.767063,0.059669,0.977067,-0.037697,0.200894,3.560279,137.349503,25.376024,-0.095502,0.736407,0.232148,0.628245,0.011909,118.401680,21.244263,0.338448,-0.543227,-0.205072,-0.740474,-3.187327,120.913437,5.119151,-0.044744,0.163292,-0.603861,-0.778900,4.881840,119.327667,-18.251106,0.009351,0.184900,-0.345682,-0.919907,9.346499,138.348785,-11.916030,-0.244114,0.829730,0.219325,0.451500,3.576340,118.279091,27.308937,0.209912,0.917486,0.302045,-0.151409,11.444279,121.722305,41.549831,-0.169212,0.255673,0.362280,-0.880200,32.899956,114.445496,31.524992,-0.150345,0.104210,0.489235,-0.852752,21.416851,128.151672,25.328020,0.075564,0.867855,0.080517,0.484391,3.763740,83.454407,12.981087,0.094602,0.984806,0.022620,0.143864,1.901521,49.274426,5.520174,-0.003824,0.970261,0.122486,0.208748,-6.360502,4.198080,2.222498,-0.030781,0.898448,-0.120870,0.420992,13.169707,83.972183,27.882103,0.047600,0.900978,-0.081115,0.423548,11.541990,50.027920,36.399250,-0.056798,0.865598,0.076816,0.491542,4.444029,4.894987,41.262329,-0.003824,0.970261,0.122486,0.208748,-0.681534,1.804471,-10.802872,-0.056798,0.865598,0.076816,0.491542,16.575790,1.766682,34.143738
526,4.383333,-0.057612,0.872721,0.074304,0.479080,8.468655,83.712067,20.443211,-0.049954,0.865474,0.087792,0.490665,7.227247,90.812149,20.981625,-0.044958,0.862916,0.096184,0.494068,4.495387,106.315025,22.610832,0.058002,0.929746,0.052545,0.359787,1.414693,123.758018,24.780321,0.059600,0.977144,-0.037772,0.200524,3.561825,137.351761,25.388691,-0.095511,0.736760,0.231773,0.627968,0.013597,118.403015,21.259743,0.338765,-0.543367,-0.204385,-0.740417,-3.197170,120.903435,5.135162,-0.044244,0.162933,-0.603415,-0.779350,4.878429,119.281006,-18.230358,0.009604,0.183923,-0.344717,-0.920462,9.369580,138.301086,-11.917596,-0.243713,0.830111,0.219408,0.450977,3.585964,118.280235,27.319740,0.210022,0.917219,0.302453,-0.152060,11.476124,121.718063,41.549637,-0.168604,0.255100,0.362206,-0.880513,32.919712,114.451813,31.491339,-0.150269,0.104021,0.489414,-0.852686,21.423574,128.150299,25.301651,0.075616,0.867981,0.080685,0.484129,3.758838,83.453247,12.997016,0.094553,0.984803,0.022662,0.143910,1.897036,49.275700,5.524841,-0.003447,0.970272,0.122477,0.208711,-6.359879,4.198679,2.223656,-0.030678,0.898632,-0.120985,0.420573,13.178473,83.970886,27.889404,0.047679,0.901007,-0.081031,0.423494,11.544852,50.028122,36.411388,-0.057025,0.865630,0.076695,0.491479,4.443872,4.894638,41.264923,-0.003447,0.970272,0.122477,0.208711,-0.684847,1.802755,-10.803005,-0.057025,0.865630,0.076695,0.491479,16.575853,1.766571,34.146603
527,4.391667,-0.057439,0.872975,0.074116,0.478668,8.462890,83.710426,20.457235,-0.049828,0.865835,0.087515,0.490091,7.225192,90.811195,20.995096,-0.044784,0.863304,0.096149,0.493413,4.502997,106.311020,22.620054,0.057761,0.929995,0.052642,0.359169,1.429897,123.754814,24.793934,0.059405,0.977264,-0.037793,0.199995,3.569493,137.349838,25.400253,-0.095442,0.737074,0.231709,0.627633,0.022067,118.400070,21.275635,0.339426,-0.543521,-0.203794,-0.740164,-3.203108,120.897278,5.153436,-0.043357,0.162910,-0.602931,-0.779778,4.876122,119.230209,-18.207685,0.010463,0.183133,-0.343277,-0.921148,9.390327,138.246399,-11.917318,-0.243775,0.830386,0.219538,0.450373,3.603753,118.276535,27.330116,0.210310,0.917042,0.302491,-0.152651,11.511001,121.720757,41.548973,-0.167782,0.254491,0.362220,-0.880840,32.939663,114.452431,31.460413,-0.149911,0.103282,0.489596,-0.852734,21.431946,128.144287,25.276562,0.075617,0.868070,0.080885,0.483936,3.745770,83.451881,13.015657,0.093929,0.985226,0.022871,0.141365,1.889073,49.276619,5.531806,-0.003469,0.970501,0.122767,0.207473,-6.317578,4.189658,2.241086,-0.030732,0.898801,-0.120972,0.420212,13.180009,83.968964,27.898811,0.047851,0.901188,-0.080992,0.423096,11.553589,50.026215,36.422237,-0.056986,0.865617,0.076750,0.491498,4.442111,4.893646,41.268890,-0.003469,0.970501,0.122767,0.207473,-0.673930,1.802732,-10.800849,-0.056986,0.865617,0.076750,0.491498,16.574278,1.766380,34.150536
528,4.400000,-0.057414,0.873199,0.074062,0.478270,8.464887,83.710327,20.470411,-0.049716,0.866106,0.087322,0.489656,7.228116,90.811264,21.008327,-0.044738,0.863570,0.096157,0.492950,4.512869,106.311844,22.631111,0.057579,0.930203,0.052674,0.358653,1.442218,123.755730,24.807692,0.059306,0.977380,-0.037789,0.199456,3.576501,137.351715,25.411236,-0.095580,0.737371,0.231489,0.627344,0.030581,118.400871,21.291084,0.340081,-0.543513,-0.203428,-0.739970,-3.205767,120.886925,5.169401,-0.042502,0.162862,-0.602651,-0.780053,4.881302,119.186996,-18.186634,0.011271,0.182787,-0.342842,-0.921369,9.409885,138.206070,-11.917831,-0.243624,0.830730,0.219945,0.449622,3.618754,118.277527,27.341726,0.210535,0.916943,0.302277,-0.153358,11.550933,121.719780,41.547169,-0.166988,0.253679,0.362255,-0.881211,32.964188,114.451218,31.426132,-0.149198,0.102114,0.490127,-0.852695,21.440018,128.138657,25.254185,0.075716,0.868222,0.081061,0.483618,3.740998,83.450958,13.033159,0.093851,0.985224,0.022882,0.141431,1.881654,49.278744,5.536042,-0.003444,0.970483,0.122845,0.207508,-6.317623,4.190478,2.244778,-0.030662,0.898906,-0.120994,0.419987,13.188773,83.969704,27.907663,0.047926,0.901176,-0.080940,0.423123,11.559406,50.027023,36.430809,-0.057007,0.865609,0.076771,0.491505,4.443581,4.894349,41.270088,-0.003444,0.970483,0.122845,0.207508,-0.673137,1.805588,-10.797165,-0.057007,0.865609,0.076771,0.491505,16.576067,1.767897,34.151928
529,4.408333,-0.057342,0.873467,0.074080,0.477786,8.466333,83.711067,20.482422,-0.049716,0.866423,0.087097,0.489136,7.230648,90.812073,21.021757,-0.044673,0.863892,0.096201,0.492382,4.520047,106.312653,22.639946,0.057181,0.930378,0.052878,0.358233,1.452092,123.756447,24.821033,0.059231,0.977423,-0.037870,0.199253,3.573949,137.354385,25.424490,-0.095676,0.737630,0.231274,0.627105,0.035885,118.401680,21.306139,0.340815,-0.543467,-0.202955,-0.739796,-3.209849,120.878235,5.184880,-0.041544,0.162852,-0.602428,-0.780279,4.889204,119.140182,-18.164196,0.012005,0.182780,-0.342362,-0.921540,9.428846,138.163681,-11.918486,-0.243348,0.831051,0.219780,0.449258,3.632010,118.278206,27.352053,0.210606,0.916936,0.302028,-0.153793,11.579539,121.720551,41.548889,-0.166092,0.253316,0.362102,-0.881548,32.984688,114.453468,31.409662,-0.148575,0.101345,0.490074,-0.852925,21.450434,128.128265,25.233904,0.075746,0.868323,0.081237,0.483403,3.734148,83.452072,13.050431,0.093846,0.985222,0.022950,0.141433,1.877228,49.282177,5.542146,-0.003366,0.970483,0.122863,0.207498,-6.320711,4.194117,2.244728,-0.030562,0.899009,-0.121054,0.419755,13.198519,83.970055,27.914412,0.047985,0.901215,-0.080904,0.423041,11.563264,50.027973,36.438770,-0.057151,0.865618,0.076826,0.491464,4.444422,4.895276,41.273396,-0.003366,0.970483,0.122863,0.207498,-0.677069,1.809293,-10.797592,-0.057151,0.865618,0.076826,0.491464,16.577421,1.772193,34.154625
530,4.416667,-0.057220,0.873720,0.073933,0.477360,8.463742,83.712616,20.497257,-0.049520,0.866696,0.086915,0.488705,7.230858,90.814148,21.036194,-0.044625,0.864151,0.096096,0.491952,4.529828,106.312683,22.653463,0.057123,0.930527,0.053029,0.357834,1.466220,123.757339,24.833738,0.058913,0.977517,-0.037943,0.198875,3.584821,137.355698,25.439093,-0.095570,0.738144,0.231043,0.626601,0.045842,118.401970,21.321447,0.341764,-0.543200,-0.202444,-0.739695,-3.221582,120.870796,5.203381,-0.040309,0.162835,-0.602283,-0.780458,4.902133,119.092003,-18.134060,0.013078,0.182711,-0.342333,-0.921550,9.449297,138.124329,-11.918235,-0.243009,0.831341,0.219827,0.448882,3.647981,118.279388,27.363800,0.210947,0.917042,0.301025,-0.154657,11.612254,121.716736,41.552464,-0.165696,0.252839,0.362294,-0.881681,32.997070,114.438293,31.378529,-0.147984,0.100366,0.490750,-0.852756,21.456623,128.117233,25.211954,0.075590,0.868683,0.081293,0.482771,3.724137,83.453438,13.070003,0.093788,0.985324,0.023294,0.140707,1.873073,49.282532,5.564883,-0.003507,0.970496,0.122881,0.207427,-6.317588,4.194942,2.243109,-0.030511,0.899141,-0.121066,0.419473,13.203346,83.971802,27.924511,0.048054,0.901228,-0.080843,0.423017,11.567196,50.029694,36.448650,-0.057153,0.865662,0.076789,0.491392,4.445106,4.896703,41.275749,-0.003507,0.970496,0.122881,0.207427,-0.674657,1.811473,-10.799768,-0.057153,0.865662,0.076789,0.491392,16.576859,1.772734,34.155243
531,4.425000,-0.056979,0.873964,0.073765,0.476968,8.456423,83.710823,20.509451,-0.049313,0.866974,0.086719,0.488266,7.227951,90.813103,21.048513,-0.044475,0.864428,0.096065,0.491486,4.536666,106.311798,22.664865,0.057035,0.930771,0.053017,0.357213,1.479420,123.757149,24.848494,0.058748,0.977680,-0.037981,0.198110,3.595438,137.356049,25.450504,-0.095602,0.738482,0.230727,0.626314,0.053950,118.402100,21.337784,0.342421,-0.543134,-0.201901,-0.739587,-3.225238,120.860275,5.220480,-0.039394,0.162705,-0.602118,-0.780659,4.912878,119.043922,-18.109045,0.014102,0.182605,-0.343023,-0.921299,9.470213,138.083511,-11.918508,-0.242861,0.831604,0.220174,0.448304,3.662733,118.278709,27.376154,0.211179,0.916955,0.300862,-0.155177,11.646630,121.713165,41.554485,-0.164965,0.252198,0.362272,-0.882010,33.018597,114.431595,31.355841,-0.147389,0.099802,0.491290,-0.852614,21.464703,128.104019,25.197029,0.075565,0.868761,0.081485,0.482602,3.709741,83.453186,13.086664,0.093747,0.985315,0.023365,0.140782,1.865309,49.284203,5.571166,-0.003403,0.970468,0.122887,0.207555,-6.320502,4.196215,2.242860,-0.030554,0.899312,-0.121129,0.419086,13.203104,83.968452,27.932240,0.048197,0.901490,-0.080749,0.422460,11.571463,50.027603,36.462215,-0.056936,0.865679,0.076936,0.491365,4.444130,4.894483,41.280354,-0.003403,0.970468,0.122887,0.207555,-0.675066,1.812250,-10.798841,-0.056936,0.865679,0.076936,0.491365,16.574358,1.771010,34.157032
532,4.433333,-0.056145,0.874321,0.073194,0.476502,8.428764,83.719337,20.526882,-0.048874,0.867297,0.086365,0.487800,7.214981,90.824196,21.065245,-0.044347,0.864711,0.095976,0.491015,4.544525,106.311417,22.678747,0.056940,0.930954,0.053178,0.356726,1.493926,123.757782,24.863609,0.058501,0.977793,-0.038127,0.197599,3.605616,137.357300,25.467136,-0.095437,0.738873,0.230192,0.626076,0.063267,118.402634,21.355141,0.343054,-0.543058,-0.201361,-0.739497,-3.226880,120.850647,5.238518,-0.038612,0.162444,-0.601988,-0.780853,4.926143,118.997864,-18.082949,0.014781,0.182478,-0.343956,-0.920966,9.493748,138.044937,-11.918655,-0.242726,0.831792,0.220238,0.447997,3.678713,118.279114,27.389523,0.211274,0.917003,0.300364,-0.155729,11.673949,121.712639,41.561691,-0.164116,0.251681,0.362048,-0.882408,33.035454,114.430641,31.341427,-0.146902,0.098966,0.492296,-0.852215,21.465681,128.089569,25.183138,0.075287,0.868774,0.081857,0.482559,3.672575,83.468803,13.109941,0.093627,0.985307,0.023452,0.140905,1.857315,49.301136,5.581385,-0.003478,0.970568,0.122375,0.207391,-6.316172,4.211447,2.245765,-0.030783,0.899430,-0.120998,0.418853,13.184955,83.969864,27.943825,0.048297,0.901588,-0.080673,0.422255,11.573833,50.027775,36.472767,-0.057028,0.865662,0.076980,0.491377,4.442250,4.894412,41.282379,-0.003478,0.970568,0.122375,0.207391,-0.675200,1.813618,-10.795328,-0.057028,0.865662,0.076980,0.491377,16.573456,1.773342,34.159664
533,4.441667,-0.056422,0.874571,0.073368,0.475983,8.439800,83.726791,20.539137,-0.048987,0.867526,0.086356,0.487383,7.221662,90.830841,21.078478,-0.044165,0.864953,0.095910,0.490619,4.549764,106.313515,22.690845,0.056841,0.931110,0.053177,0.356337,1.506927,123.760902,24.878321,0.058297,0.977875,-0.038195,0.197240,3.615806,137.360962,25.479485,-0.095444,0.739058,0.229933,0.625951,0.071183,118.406174,21.371307,0.343653,-0.543082,-0.200803,-0.739353,-3.224109,120.847084,5.254658,-0.038210,0.162101,-0.601981,-0.780949,4.938710,118.955910,-18.060293,0.015029,0.181782,-0.344278,-0.920979,9.511115,138.007935,-11.916426,-0.242522,0.832014,0.220104,0.447761,3.692337,118.281570,27.402243,0.211653,0.916937,0.300159,-0.155993,11.697894,121.714951,41.568619,-0.164125,0.251674,0.362354,-0.882283,33.047379,114.418777,31.333361,-0.146952,0.098813,0.491511,-0.852677,21.486959,128.084900,25.179083,0.075564,0.868741,0.081856,0.482575,3.675450,83.472534,13.127560,0.093492,0.985311,0.023547,0.140954,1.843599,49.307781,5.589762,-0.003644,0.970597,0.122255,0.207323,-6.316373,4.216182,2.246856,-0.030423,0.899695,-0.121162,0.418262,13.204150,83.981056,27.950716,0.048285,0.901631,-0.080572,0.422183,11.571094,50.040203,36.480434,-0.056663,0.865692,0.076792,0.491395,4.444768,4.905245,41.282825,-0.003644,0.970597,0.122255,0.207323,-0.676054,1.815964,-10.794081,-0.056663,0.865692,0.076792,0.491395,16.573158,1.774400,34.159607
534,4.450000,-0.056081,0.874806,0.073235,0.475611,8.431183,83.729813,20.551537,-0.048837,0.867751,0.086183,0.487027,7.218468,90.834694,21.092091,-0.043919,0.865181,0.095865,0.490248,4.554285,106.316849,22.702982,0.056795,0.931284,0.053143,0.355893,1.520749,123.765327,24.894726,0.058074,0.977987,-0.038244,0.196740,3.628448,137.365692,25.493023,-0.095564,0.739266,0.229599,0.625810,0.079579,118.411507,21.388556,0.344156,-0.543054,-0.200325,-0.739269,-3.220833,120.840767,5.271202,-0.038058,0.161647,-0.602024,-0.781018,4.953004,118.918182,-18.037315,0.014769,0.180984,-0.344678,-0.920991,9.529051,137.973923,-11.911588,-0.242575,0.832339,0.219449,0.447450,3.706151,118.284859,27.416191,0.212277,0.916822,0.300034,-0.156060,11.720109,121.734360,41.573895,-0.163002,0.251372,0.362568,-0.882489,33.055443,114.411057,31.328510,-0.146872,0.097575,0.493136,-0.851895,21.495537,128.074188,25.168510,0.075635,0.868863,0.081763,0.482360,3.659923,83.478981,13.144291,0.092583,0.985670,0.024065,0.138938,1.818684,49.313915,5.610223,-0.003695,0.970867,0.122500,0.205905,-6.259713,4.209027,2.248546,-0.030476,0.899845,-0.121212,0.417920,13.202442,83.980652,27.958784,0.048462,0.901980,-0.080485,0.421432,11.574529,50.040878,36.493778,-0.056916,0.865748,0.076703,0.491282,4.440906,4.906199,41.287987,-0.003695,0.970867,0.122500,0.205905,-0.655340,1.816788,-10.809341,-0.056916,0.865748,0.076703,0.491282,16.568995,1.776719,34.163658
535,4.458333,-0.055689,0.875083,0.073046,0.475177,8.423878,83.726379,20.560833,-0.048490,0.868007,0.085948,0.486647,7.217662,90.832291,21.102337,-0.043894,0.865385,0.095926,0.489878,4.567721,106.314003,22.713112,0.056609,0.931459,0.053189,0.355459,1.534830,123.762131,24.908457,0.057925,0.978090,-0.038285,0.196262,3.637023,137.363449,25.504620,-0.095462,0.739426,0.229579,0.625644,0.091056,118.408417,21.403198,0.344471,-0.543102,-0.199746,-0.739244,-3.216930,120.838020,5.287449,-0.037934,0.161211,-0.602053,-0.781092,4.965817,118.884682,-18.015381,0.014735,0.180213,-0.344948,-0.921041,9.546423,137.945587,-11.905876,-0.242002,0.832744,0.218857,0.447297,3.722756,118.281677,27.427742,0.212527,0.916723,0.300099,-0.156179,11.750487,121.728493,41.578293,-0.163377,0.251489,0.362933,-0.882236,33.078705,114.397141,31.323866,-0.147084,0.097431,0.491548,-0.852792,21.532166,128.071899,25.170362,0.075624,0.869026,0.081828,0.482057,3.644564,83.479187,13.158660,0.092427,0.985709,0.024233,0.138739,1.803596,49.314751,5.621644,-0.003687,0.970839,0.122673,0.205933,-6.259367,4.207974,2.248345,-0.030456,0.899917,-0.121324,0.417735,13.203192,83.973579,27.963007,0.048493,0.901999,-0.080398,0.421406,11.572467,50.035622,36.504654,-0.057177,0.865736,0.076886,0.491244,4.439781,4.899925,41.290695,-0.003687,0.970839,0.122673,0.205933,-0.654040,1.820553,-10.810013,-0.057177,0.865736,0.076886,0.491244,16.569620,1.778611,34.165768
536,4.466667,-0.055424,0.875267,0.072959,0.474882,8.415119,83.724976,20.571285,-0.048174,0.868224,0.085848,0.486310,7.213011,90.831497,21.113935,-0.043714,0.865601,0.095780,0.489540,4.573600,106.316254,22.728073,0.057451,0.931558,0.053223,0.355060,1.549620,123.765945,24.923315,0.057098,0.978254,-0.038444,0.195654,3.672605,137.363693,25.527058,-0.095722,0.739530,0.229473,0.625519,0.100793,118.412308,21.420033,0.344749,-0.543122,-0.199222,-0.739241,-3.210706,120.832024,5.303514,-0.037729,0.161026,-0.602111,-0.781095,4.981323,118.851662,-17.993780,0.014897,0.179686,-0.344495,-0.921311,9.561259,137.915070,-11.895473,-0.241762,0.832993,0.218933,0.446925,3.737374,118.284966,27.441620,0.212903,0.916565,0.300244,-0.156313,11.780056,121.728722,41.584427,-0.163384,0.251263,0.363327,-0.882137,33.098282,114.385078,31.317997,-0.146996,0.097196,0.491416,-0.852910,21.557859,128.070847,25.175268,0.075650,0.869124,0.081930,0.481858,3.630347,83.480568,13.172544,0.092277,0.985663,0.024259,0.139158,1.789622,49.317574,5.628962,-0.003280,0.970828,0.122779,0.205932,-6.258105,4.208368,2.251758,-0.030462,0.899969,-0.121371,0.417610,13.199893,83.969383,27.970028,0.048499,0.901992,-0.080304,0.421438,11.569339,50.032246,36.514980,-0.057609,0.865713,0.076986,0.491219,4.439559,4.895228,41.292812,-0.003280,0.970828,0.122779,0.205932,-0.655851,1.821674,-10.808053,-0.057609,0.865713,0.076986,0.491219,16.572290,1.782460,34.169067
537,4.475000,-0.055193,0.875426,0.072820,0.474637,8.406851,83.723045,20.582478,-0.047758,0.868450,0.085590,0.485992,7.208757,90.830231,21.125313,-0.043635,0.865798,0.095795,0.489196,4.585468,106.316330,22.739723,0.057348,0.931718,0.053220,0.354657,1.564539,123.766159,24.938013,0.057026,0.978346,-0.038496,0.195208,3.684641,137.364471,25.539267,-0.095727,0.739713,0.229363,0.625343,0.112498,118.412743,21.435711,0.344891,-0.543098,-0.198556,-0.739371,-3.206301,120.828117,5.320047,-0.037353,0.160682,-0.602073,-0.781213,5.000128,118.821190,-17.969898,0.015132,0.179321,-0.343970,-0.921575,9.586796,137.890640,-11.890787,-0.241520,0.833151,0.218869,0.446793,3.753919,118.284943,27.454361,0.213050,0.916523,0.300208,-0.156435,11.804399,121.725174,41.593586,-0.163180,0.251044,0.363600,-0.882125,33.117630,114.376869,31.320173,-0.146476,0.096677,0.491821,-0.852825,21.581072,128.067703,25.184029,0.075736,0.869105,0.082025,0.481863,3.617530,83.480568,13.186619,0.092557,0.985738,0.023880,0.138508,1.774889,49.319572,5.634450,-0.003490,0.970771,0.122553,0.206329,-6.305069,4.213434,2.293364,-0.030421,0.900177,-0.121447,0.417142,13.196171,83.965523,27.978336,0.048525,0.902037,-0.080184,0.421360,11.565210,50.029499,36.527626,-0.057386,0.865699,0.077267,0.491224,4.438284,4.890937,41.295147,-0.003490,0.970771,0.122553,0.206329,-0.691232,1.821310,-10.760476,-0.057386,0.865699,0.077267,0.491224,16.570368,1.781908,34.168671
538,4.483333,-0.054960,0.875635,0.072702,0.474297,8.399621,83.722565,20.591227,-0.047498,0.868632,0.085735,0.485666,7.205476,90.830368,21.134659,-0.043674,0.865977,0.095455,0.488942,4.586954,106.320763,22.758480,0.057562,0.931810,0.053271,0.354370,1.571360,123.772797,24.946585,0.056926,0.978426,-0.038559,0.194822,3.696209,137.370270,25.550213,-0.095732,0.739859,0.229209,0.625226,0.116047,118.417336,21.448784,0.345304,-0.543070,-0.198166,-0.739304,-3.207610,120.828011,5.333416,-0.036673,0.160924,-0.601661,-0.781513,5.007985,118.795525,-17.951084,0.015717,0.179130,-0.343101,-0.921926,9.611547,137.862228,-11.879979,-0.240886,0.833461,0.218801,0.446591,3.760919,118.292786,27.465416,0.213140,0.916504,0.300155,-0.156521,11.827576,121.720413,41.598480,-0.163215,0.250784,0.363692,-0.882155,33.137566,114.369057,31.320499,-0.146283,0.096569,0.492268,-0.852613,21.597994,128.062820,25.193462,0.075812,0.869154,0.082094,0.481751,3.604151,83.482056,13.199287,0.091983,0.985700,0.024432,0.139062,1.758313,49.322659,5.640676,-0.003598,0.970836,0.122675,0.205948,-6.261075,4.209247,2.252254,-0.030332,0.900353,-0.121557,0.416736,13.195090,83.963066,27.983166,0.048559,0.902256,-0.080064,0.420911,11.559144,50.028538,36.537449,-0.057415,0.865690,0.077285,0.491235,4.436444,4.888511,41.297333,-0.003598,0.970836,0.122675,0.205948,-0.656059,1.821356,-10.806152,-0.057415,0.865690,0.077285,0.491235,16.568947,1.780321,34.171207
539,4.491667,-0.054694,0.875695,0.072698,0.474217,8.397839,83.726349,20.595963,-0.047361,0.868747,0.085822,0.485458,7.207118,90.834587,21.141298,-0.043457,0.866134,0.095350,0.488705,4.591963,106.321693,22.769892,0.057653,0.931927,0.053285,0.354046,1.585470,123.775124,24.959436,0.056781,0.978518,-0.038590,0.194397,3.712240,137.372284,25.563141,-0.095576,0.740231,0.228951,0.624904,0.125683,118.420235,21.462610,0.345590,-0.542917,-0.197825,-0.739374,-3.212347,120.825752,5.349444,-0.035680,0.161237,-0.601174,-0.781869,5.018200,118.776360,-17.928293,0.016772,0.179554,-0.342755,-0.921953,9.641454,137.841492,-11.870262,-0.240588,0.833623,0.218939,0.446381,3.774078,118.294182,27.477077,0.213374,0.916550,0.299799,-0.156617,11.851742,121.714340,41.605663,-0.163458,0.250792,0.364039,-0.881964,33.155304,114.350525,31.323284,-0.145945,0.096518,0.491864,-0.852909,21.625366,128.055710,25.203245,0.075853,0.869176,0.082008,0.481719,3.600528,83.489761,13.205091,0.092317,0.985726,0.024070,0.138717,1.749012,49.329819,5.650335,-0.003647,0.970814,0.122199,0.206337,-6.306271,4.220450,2.293355,-0.030271,0.900416,-0.121679,0.416567,13.195149,83.962944,27.986834,0.048550,0.902344,-0.079962,0.420742,11.553374,50.030231,36.547218,-0.057398,0.865754,0.077218,0.491135,4.436232,4.888615,41.300396,-0.003647,0.970814,0.122199,0.206337,-0.691561,1.819237,-10.758443,-0.057398,0.865754,0.077218,0.491135,16.566826,1.778528,34.171841
540,4.500000,-0.054615,0.875858,0.072625,0.473937,8.392115,83.724915,20.605944,-0.047309,0.868947,0.085530,0.485158,7.203057,90.833427,21.151289,-0.042944,0.866352,0.095543,0.488324,4.595391,106.315926,22.772991,0.057486,0.932065,0.053226,0.353720,1.602355,123.769615,24.978804,0.056723,0.978553,-0.038655,0.194224,3.725194,137.367569,25.578239,-0.095204,0.740432,0.228850,0.624759,0.135650,118.418335,21.479343,0.345651,-0.542940,-0.197209,-0.739493,-3.210751,120.829185,5.368710,-0.035030,0.161284,-0.600716,-0.782241,5.030628,118.756363,-17.903116,0.017256,0.179741,-0.341952,-0.922206,9.675784,137.819885,-11.857945,-0.240511,0.833803,0.218640,0.446233,3.789902,118.285332,27.490101,0.213483,0.916418,0.300042,-0.156771,11.873189,121.710312,41.614300,-0.163184,0.250553,0.364184,-0.882023,33.172050,114.347115,31.321753,-0.146063,0.095750,0.492924,-0.852363,21.640121,128.055634,25.205528,0.075985,0.869194,0.082140,0.481644,3.589961,83.488419,13.218217,0.091717,0.985694,0.024557,0.139259,1.734308,49.331398,5.651268,-0.003676,0.970882,0.122533,0.205815,-6.258842,4.214046,2.253287,-0.030193,0.900505,-0.121730,0.416365,13.194267,83.961418,27.993673,0.048540,0.902350,-0.079871,0.420749,11.547969,50.029255,36.555340,-0.057165,0.865739,0.077405,0.491159,4.435061,4.886225,41.301437,-0.003676,0.970882,0.122533,0.205815,-0.656903,1.822673,-10.805802,-0.057165,0.865739,0.077405,0.491159,16.564957,1.777415,34.171146
541,4.508333,-0.054449,0.875982,0.072506,0.473745,8.384208,83.723976,20.616858,-0.046852,0.869045,0.085608,0.485012,7.198183,90.832993,21.162115,-0.043092,0.866412,0.095160,0.488280,4.600750,106.324577,22.794289,0.057965,0.932073,0.053217,0.353621,1.609864,123.780418,24.985949,0.056600,0.978613,-0.038647,0.193956,3.744923,137.376282,25.589397,-0.095078,0.740679,0.228554,0.624594,0.142290,118.426430,21.491003,0.345688,-0.542873,-0.196678,-0.739666,-3.211773,120.832184,5.381197,-0.034419,0.161560,-0.600122,-0.782667,5.043547,118.741753,-17.884119,0.017686,0.180075,-0.341788,-0.922194,9.714237,137.799896,-11.843332,-0.240033,0.833960,0.218827,0.446105,3.796973,118.297974,27.501600,0.213698,0.916400,0.299998,-0.156672,11.891706,121.709106,41.622604,-0.163304,0.250703,0.364537,-0.881813,33.187572,114.334572,31.331944,-0.145923,0.095633,0.492613,-0.852581,21.670135,128.051743,25.217564,0.076090,0.869265,0.082303,0.481472,3.578525,83.488686,13.231384,0.091560,0.985727,0.024589,0.139124,1.720625,49.334656,5.651487,-0.003675,0.970885,0.122620,0.205749,-6.258507,4.214808,2.253681,-0.030196,0.900528,-0.121756,0.416309,13.189891,83.959267,28.002331,0.048512,0.902310,-0.079768,0.420857,11.543571,50.027561,36.565823,-0.057292,0.865751,0.077514,0.491105,4.436355,4.882774,41.303692,-0.003675,0.970885,0.122620,0.205749,-0.658134,1.825923,-10.806538,-0.057292,0.865751,0.077514,0.491105,16.566586,1.778418,34.172020
542,4.516667,-0.054323,0.876091,0.072468,0.473563,8.377272,83.725296,20.624920,-0.046568,0.869211,0.085366,0.484785,7.193206,90.834602,21.170816,-0.042816,0.866574,0.095172,0.488015,4.607962,106.326401,22.801260,0.058202,0.932177,0.053226,0.353306,1.626071,123.783020,24.999035,0.056496,0.978692,-0.038708,0.193577,3.766839,137.377930,25.603872,-0.094818,0.740985,0.228376,0.624336,0.153850,118.430481,21.503813,0.345539,-0.542941,-0.196235,-0.739804,-3.212586,120.836006,5.396560,-0.034085,0.161667,-0.599415,-0.783201,5.047698,118.733513,-17.865900,0.017593,0.180204,-0.341247,-0.922371,9.751487,137.782959,-11.827724,-0.239628,0.834098,0.219926,0.445525,3.812500,118.299034,27.511927,0.213364,0.916286,0.300382,-0.157054,11.930898,121.687950,41.624683,-0.163511,0.250080,0.364302,-0.882048,33.227871,114.338409,31.318468,-0.146235,0.094937,0.493488,-0.852099,21.687059,128.055130,25.221371,0.076136,0.869364,0.082397,0.481270,3.568323,83.491302,13.241535,0.091854,0.985696,0.024086,0.139232,1.709100,49.338852,5.654856,-0.003791,0.970852,0.122323,0.206079,-6.302568,4.221702,2.298032,-0.030166,0.900626,-0.121831,0.416078,13.186221,83.959290,28.008307,0.048468,0.902274,-0.079650,0.420962,11.538010,50.028755,36.576027,-0.057463,0.865789,0.077525,0.491017,4.438374,4.881844,41.305069,-0.003791,0.970852,0.122323,0.206079,-0.693206,1.824925,-10.756880,-0.057463,0.865789,0.077525,0.491017,16.568407,1.780136,34.171913
543,4.525000,-0.054225,0.876228,0.072533,0.473310,8.370746,83.726204,20.632877,-0.046516,0.869402,0.085007,0.484511,7.187627,90.835526,21.180613,-0.042289,0.866783,0.095398,0.487646,4.611342,106.319962,22.801939,0.057476,0.932346,0.053039,0.353007,1.642744,123.776642,25.017143,0.057110,0.978661,-0.038582,0.193577,3.766595,137.374771,25.609165,-0.094158,0.741253,0.228101,0.624218,0.163731,118.427971,21.518879,0.345224,-0.543024,-0.195684,-0.740036,-3.211755,120.842339,5.414839,-0.033721,0.161767,-0.598652,-0.783779,5.054767,118.728951,-17.844421,0.017892,0.180233,-0.341043,-0.922435,9.794662,137.769897,-11.809347,-0.239955,0.834289,0.218874,0.445509,3.828082,118.289162,27.523354,0.213813,0.916290,0.300216,-0.156739,11.941734,121.704361,41.632507,-0.163207,0.250286,0.364817,-0.881833,33.234100,114.328423,31.335636,-0.145893,0.094252,0.493780,-0.852064,21.713884,128.054840,25.233995,0.076166,0.869358,0.082479,0.481262,3.557381,83.493813,13.252317,0.091302,0.985703,0.024672,0.139444,1.699078,49.342625,5.659724,-0.003682,0.970896,0.122644,0.205686,-6.254752,4.218829,2.255091,-0.030158,0.900808,-0.121991,0.415638,13.184111,83.958595,28.013435,0.048548,0.902466,-0.079487,0.420570,11.534852,50.030731,36.591564,-0.057508,0.865757,0.077558,0.491063,4.436872,4.882145,41.307076,-0.003682,0.970896,0.122644,0.205686,-0.655920,1.830690,-10.805923,-0.057508,0.865757,0.077558,0.491063,16.568062,1.781902,34.175247
544,4.533333,-0.054029,0.876357,0.072491,0.473101,8.361651,83.724785,20.639709,-0.046215,0.869537,0.084864,0.484323,7.181422,90.834496,21.188541,-0.042086,0.866899,0.095375,0.487461,4.615618,106.322250,22.811375,0.057706,0.932426,0.052979,0.352768,1.654141,123.779694,25.030100,0.057229,0.978712,-0.038672,0.193268,3.784232,137.376846,25.621935,-0.093735,0.741471,0.227896,0.624098,0.171619,118.431961,21.531883,0.345064,-0.543087,-0.195129,-0.740211,-3.211493,120.850922,5.430134,-0.033474,0.161730,-0.597942,-0.784339,5.062413,118.722107,-17.825090,0.017565,0.180014,-0.340157,-0.922811,9.837378,137.754486,-11.794865,-0.239278,0.834490,0.219536,0.445171,3.838748,118.291138,27.534616,0.213722,0.916131,0.300685,-0.156892,11.973219,121.681824,41.637695,-0.163462,0.249844,0.364911,-0.881872,33.265148,114.317635,31.331512,-0.145856,0.094017,0.494012,-0.851962,21.736584,128.050446,25.246996,0.076147,0.869380,0.082605,0.481203,3.544431,83.494667,13.261596,0.091215,0.985691,0.024688,0.139587,1.691045,49.344749,5.662107,-0.003894,0.970916,0.122570,0.205629,-6.254224,4.219562,2.255975,-0.029949,0.901374,-0.122263,0.414342,13.178871,83.954903,28.017822,0.048469,0.902494,-0.079264,0.420561,11.520824,50.030815,36.609192,-0.057490,0.865795,0.077646,0.490983,4.438014,4.878262,41.309532,-0.003894,0.970916,0.122570,0.205629,-0.655334,1.830560,-10.804855,-0.057490,0.865795,0.077646,0.490983,16.568041,1.779875,34.174927
545,4.541667,-0.053748,0.876429,0.072194,0.473045,8.345864,83.722595,20.649645,-0.046034,0.869650,0.084745,0.484157,7.171221,90.833366,21.196760,-0.041793,0.867041,0.095255,0.487258,4.612483,106.322144,22.819609,0.057820,0.932500,0.052877,0.352569,1.662671,123.781288,25.040489,0.057495,0.978729,-0.038668,0.193101,3.796491,137.377960,25.630081,-0.093304,0.741516,0.227841,0.624129,0.175066,118.434563,21.542892,0.344686,-0.543270,-0.194445,-0.740432,-3.209407,120.863091,5.442870,-0.033238,0.161889,-0.597198,-0.784884,5.067806,118.718376,-17.809723,0.017706,0.180008,-0.339382,-0.923095,9.876958,137.740540,-11.777883,-0.239072,0.834628,0.219553,0.445013,3.845327,118.291344,27.543655,0.213797,0.916031,0.300985,-0.156800,11.987725,121.678329,41.643047,-0.163320,0.249776,0.364974,-0.881891,33.279491,114.312721,31.337530,-0.146273,0.093647,0.495512,-0.851060,21.750174,128.047592,25.252920,0.075972,0.869412,0.082673,0.481161,3.527175,83.494202,13.272437,0.091612,0.985733,0.024363,0.139083,1.686311,49.343197,5.674758,-0.003591,0.970861,0.122323,0.206041,-6.300532,4.223201,2.297086,-0.030058,0.901441,-0.122249,0.414193,13.164555,83.950981,28.026852,0.048504,0.902701,-0.079151,0.420135,11.515178,50.027119,36.620747,-0.057569,0.865820,0.077709,0.490921,4.435950,4.873249,41.313740,-0.003591,0.970861,0.122323,0.206041,-0.693715,1.825345,-10.758720,-0.057569,0.865820,0.077709,0.490921,16.565722,1.777529,34.177536
546,4.550000,-0.053560,0.876544,0.071978,0.472887,8.333908,83.721565,20.659348,-0.045837,0.869774,0.084499,0.483997,7.163210,90.833076,21.205259,-0.041407,0.867169,0.095213,0.487071,4.613930,106.323608,22.824900,0.057858,0.932545,0.052883,0.352443,1.677230,123.784187,25.051901,0.057661,0.978722,-0.038746,0.193073,3.811872,137.380722,25.641560,-0.092790,0.741754,0.227653,0.623991,0.184146,118.439400,21.553675,0.344430,-0.543329,-0.193823,-0.740671,-3.209236,120.874931,5.456585,-0.032883,0.162082,-0.596462,-0.785418,5.076791,118.715546,-17.791506,0.017795,0.180033,-0.338430,-0.923437,9.919311,137.728851,-11.759688,-0.238723,0.834730,0.219662,0.444957,3.857426,118.292091,27.552488,0.214175,0.915967,0.300937,-0.156749,12.007049,121.668983,41.650127,-0.163656,0.249768,0.365520,-0.881605,33.291576,114.285767,31.342279,-0.146028,0.093644,0.495060,-0.851365,21.777508,128.037766,25.268784,0.075957,0.869412,0.082829,0.481137,3.512214,83.493980,13.284079,0.091099,0.985725,0.024911,0.139378,1.677407,49.344627,5.677553,-0.003793,0.970928,0.122513,0.205611,-6.255307,4.218522,2.254346,-0.030306,0.900905,-0.122044,0.415400,13.155602,83.949158,28.034618,0.048518,0.902851,-0.079167,0.419809,11.516368,50.022835,36.620758,-0.057592,0.865872,0.077760,0.490819,4.437082,4.869318,41.317104,-0.003793,0.970928,0.122513,0.205611,-0.657754,1.827367,-10.806664,-0.057592,0.865872,0.077760,0.490819,16.565510,1.775125,34.177956
547,4.558333,-0.053413,0.876567,0.071668,0.472906,8.319614,83.721481,20.670897,-0.045743,0.869847,0.084383,0.483893,7.152855,90.833870,21.213898,-0.040935,0.867300,0.094993,0.486921,4.606795,106.333160,22.832983,0.058187,0.932576,0.052886,0.352307,1.688845,123.796608,25.062067,0.057841,0.978735,-0.038831,0.192936,3.831730,137.391739,25.654480,-0.092669,0.741894,0.227414,0.623930,0.188729,118.453491,21.564299,0.344099,-0.543322,-0.193132,-0.741011,-3.207965,120.886162,5.467473,-0.032567,0.162331,-0.595828,-0.785861,5.091699,118.713722,-17.774538,0.017931,0.180057,-0.337228,-0.923870,9.961947,137.719208,-11.740329,-0.238112,0.834888,0.219647,0.444994,3.864612,118.302200,27.561420,0.214421,0.915853,0.301144,-0.156679,12.022800,121.663345,41.657867,-0.163735,0.249672,0.365830,-0.881489,33.303211,114.270744,31.348217,-0.146100,0.093497,0.495561,-0.851077,21.795040,128.032654,25.281616,0.075976,0.869427,0.083021,0.481074,3.497975,83.493584,13.295600,0.090962,0.985742,0.024933,0.139344,1.668063,49.346664,5.676966,-0.003768,0.970931,0.122583,0.205553,-6.252151,4.218355,2.253777,-0.030164,0.901489,-0.122165,0.414106,13.141255,83.949379,28.046194,0.048422,0.902798,-0.078931,0.419977,11.501913,50.024532,36.638119,-0.057373,0.865876,0.078048,0.490790,4.438761,4.866728,41.317471,-0.003768,0.970931,0.122583,0.205553,-0.656176,1.829074,-10.808255,-0.057373,0.865876,0.078048,0.490790,16.566044,1.776483,34.174667
548,4.566667,-0.053386,0.876735,0.071338,0.472649,8.307854,83.717293,20.686357,-0.045565,0.869955,0.084005,0.483783,7.143827,90.830406,21.225718,-0.040595,0.867371,0.094999,0.486821,4.607955,106.335953,22.837963,0.058492,0.932639,0.052756,0.352108,1.700655,123.800346,25.073534,0.058095,0.978778,-0.038881,0.192633,3.852400,137.394119,25.664791,-0.092305,0.742106,0.227212,0.623805,0.196412,118.459198,21.574520,0.343768,-0.543380,-0.192645,-0.741249,-3.207680,120.895050,5.479737,-0.032231,0.162510,-0.594954,-0.786499,5.098160,118.714928,-17.759354,0.018032,0.179842,-0.336076,-0.924329,10.008705,137.709641,-11.724535,-0.237797,0.835001,0.219487,0.445029,3.874059,118.303894,27.570459,0.214683,0.915706,0.301486,-0.156527,12.036222,121.659302,41.665977,-0.163512,0.249538,0.366218,-0.881407,33.313404,114.256760,31.356812,-0.145886,0.092992,0.496353,-0.850708,21.813307,128.027771,25.294703,0.075782,0.869608,0.083543,0.480686,3.481879,83.486565,13.313985,0.091734,0.985414,0.024683,0.141192,1.678124,49.343678,5.671072,-0.003952,0.970656,0.122286,0.207020,-6.308260,4.227194,2.245797,-0.030117,0.901549,-0.122129,0.413989,13.133827,83.948021,28.058731,0.048402,0.902822,-0.078813,0.419950,11.493664,50.022350,36.647266,-0.057606,0.865829,0.078082,0.490841,4.436731,4.862672,41.317932,-0.003952,0.970656,0.122286,0.207020,-0.673299,1.829715,-10.797959,-0.057606,0.865829,0.078082,0.490841,16.566540,1.776579,34.177616
549,4.575000,-0.053124,0.876626,0.071352,0.472879,8.297944,83.717766,20.687290,-0.045125,0.870093,0.083748,0.483619,7.136986,90.831245,21.228338,-0.040212,0.867536,0.095440,0.486472,4.618688,106.331268,22.840000,0.058315,0.932778,0.052561,0.351798,1.716511,123.793770,25.096924,0.058626,0.978768,-0.039078,0.192480,3.865377,137.388336,25.680382,-0.091606,0.742238,0.227165,0.623769,0.208242,118.456665,21.593477,0.343458,-0.543548,-0.192046,-0.741425,-3.201635,120.908127,5.502294,-0.031793,0.162424,-0.594253,-0.787064,5.106561,118.713165,-17.734549,0.018125,0.179979,-0.334678,-0.924808,10.052063,137.700577,-11.710789,-0.237619,0.835057,0.219211,0.445156,3.891099,118.294235,27.586025,0.214982,0.915428,0.302071,-0.156615,12.052324,121.648285,41.682404,-0.163276,0.249351,0.366544,-0.881369,33.321793,114.241028,31.360722,-0.146242,0.092793,0.497916,-0.849754,21.824636,128.022064,25.302612,0.075813,0.869535,0.083357,0.480846,3.475301,83.491600,13.312597,0.091337,0.985804,0.024481,0.138738,1.664688,49.346867,5.679564,-0.003761,0.970881,0.122300,0.205959,-6.297158,4.222784,2.297494,-0.030221,0.901526,-0.122135,0.414029,13.120587,83.943924,28.061985,0.048421,0.902922,-0.078764,0.419741,11.486424,50.018810,36.653858,-0.057506,0.865795,0.078251,0.490886,4.430915,4.858580,41.321350,-0.003761,0.970881,0.122300,0.205959,-0.691172,1.825257,-10.758731,-0.057506,0.865795,0.078251,0.490886,16.561234,1.775216,34.180729
550,4.583333,-0.053018,0.876740,0.070982,0.472735,8.281594,83.711929,20.700819,-0.044909,0.870203,0.083418,0.483500,7.124568,90.826332,21.238132,-0.039637,0.867658,0.095290,0.486332,4.616318,106.335358,22.845167,0.059539,0.932831,0.052562,0.351452,1.734887,123.800514,25.108034,0.058129,0.978933,-0.039296,0.191747,3.914688,137.389709,25.701948,-0.091401,0.742452,0.227018,0.623597,0.218985,118.466057,21.603872,0.343209,-0.543510,-0.191447,-0.741723,-3.199280,120.917595,5.514474,-0.031082,0.162768,-0.593555,-0.787549,5.122355,118.710815,-17.716450,0.018750,0.180520,-0.333418,-0.925145,10.097188,137.691269,-11.696753,-0.237286,0.835095,0.219510,0.445115,3.904412,118.297890,27.594685,0.215279,0.915305,0.302224,-0.156627,12.072106,121.638885,41.690426,-0.163318,0.249210,0.366930,-0.881240,33.335052,114.220810,31.363054,-0.146154,0.092726,0.498645,-0.849350,21.844410,128.014359,25.313040,0.075626,0.869470,0.083802,0.480915,3.456358,83.484032,13.327874,0.091651,0.985470,0.024773,0.140840,1.672894,49.342529,5.674029,-0.003731,0.970647,0.122323,0.207044,-6.306096,4.225060,2.244570,-0.030136,0.901488,-0.122068,0.414138,13.106831,83.939827,28.073765,0.048180,0.902825,-0.078622,0.420006,11.468212,50.013195,36.658787,-0.057355,0.865818,0.078536,0.490817,4.436662,4.848775,41.321888,-0.003731,0.970647,0.122323,0.207044,-0.672198,1.827399,-10.799614,-0.057355,0.865818,0.078536,0.490817,16.565653,1.770243,34.176926
551,4.591667,-0.052655,0.876779,0.070639,0.472754,8.259594,83.709839,20.707775,-0.044609,0.870253,0.083268,0.483462,7.109468,90.825500,21.243240,-0.039317,0.867718,0.095125,0.486282,4.611939,106.335175,22.850830,0.059691,0.932812,0.052527,0.351481,1.743362,123.802361,25.114435,0.058506,0.978884,-0.039322,0.191876,3.927402,137.390839,25.708992,-0.090903,0.742503,0.226834,0.623676,0.222994,118.469009,21.610508,0.342962,-0.543545,-0.190815,-0.741974,-3.195012,120.929459,5.522412,-0.030542,0.163040,-0.592905,-0.788003,5.136710,118.707848,-17.703482,0.019188,0.180837,-0.332157,-0.925528,10.139208,137.680145,-11.686399,-0.237197,0.835023,0.219329,0.445386,3.909451,118.298164,27.600611,0.215852,0.915177,0.302433,-0.156182,12.070521,121.636810,41.700741,-0.163257,0.249859,0.367640,-0.880771,33.328121,114.189064,31.383732,-0.146346,0.093060,0.498843,-0.849163,21.871569,128.000748,25.321119,0.075466,0.869411,0.084038,0.481007,3.434000,83.484673,13.334979,0.091553,0.985486,0.024762,0.140792,1.669102,49.344246,5.672055,-0.003738,0.970685,0.122246,0.206913,-6.301398,4.225069,2.245199,-0.030375,0.901470,-0.122116,0.414147,13.085190,83.934998,28.080570,0.048237,0.902969,-0.078425,0.419727,11.460180,50.010197,36.675434,-0.057616,0.865846,0.078498,0.490743,4.432946,4.843431,41.322327,-0.003738,0.970685,0.122246,0.206913,-0.670975,1.825346,-10.800107,-0.057616,0.865846,0.078498,0.490743,16.562452,1.767628,34.177059
552,4.600000,-0.052456,0.876810,0.070450,0.472746,8.247407,83.705070,20.712858,-0.044212,0.870307,0.083190,0.483415,7.101085,90.821426,21.247328,-0.039317,0.867752,0.094913,0.486264,4.615183,106.335938,22.859383,0.060346,0.932801,0.052507,0.351404,1.750302,123.804565,25.116543,0.058796,0.978913,-0.039314,0.191643,3.951161,137.390106,25.716518,-0.090397,0.742617,0.226819,0.623620,0.228675,118.470207,21.614697,0.342844,-0.543515,-0.190197,-0.742209,-3.194706,120.942070,5.529496,-0.030041,0.163177,-0.592223,-0.788507,5.150288,118.703674,-17.690018,0.019462,0.180834,-0.331556,-0.925738,10.184324,137.670212,-11.677882,-0.236851,0.835071,0.219262,0.445513,3.915376,118.300858,27.604691,0.216193,0.915151,0.302444,-0.155840,12.078137,121.630333,41.706009,-0.163548,0.250299,0.368051,-0.880421,33.333714,114.162361,31.399456,-0.146512,0.093737,0.498645,-0.849176,21.897741,127.987358,25.332516,0.075424,0.869381,0.084097,0.481056,3.421308,83.481377,13.340348,0.091885,0.985463,0.024422,0.140797,1.661425,49.341202,5.675141,-0.003842,0.970622,0.122056,0.207320,-6.343321,4.226083,2.274795,-0.030345,0.901473,-0.122111,0.414142,13.073505,83.928772,28.085369,0.048128,0.902995,-0.078334,0.419699,11.446744,50.003769,36.679092,-0.057628,0.865851,0.078619,0.490714,4.432101,4.834726,41.322914,-0.003842,0.970622,0.122056,0.207320,-0.701843,1.821371,-10.764815,-0.057628,0.865851,0.078619,0.490714,16.561571,1.762047,34.176243
553,4.608333,-0.052231,0.876811,0.070290,0.472793,8.234665,83.702576,20.716578,-0.044142,0.870356,0.082927,0.483380,7.092239,90.819595,21.250517,-0.038657,0.867838,0.095077,0.486131,4.613078,106.330780,22.856064,0.060767,0.932888,0.052235,0.351140,1.766127,123.800133,25.130228,0.058920,0.978976,-0.039356,0.191276,3.980094,137.383713,25.726246,-0.089973,0.742663,0.226827,0.623624,0.237750,118.470398,21.624279,0.342672,-0.543585,-0.189647,-0.742378,-3.188013,120.952782,5.541214,-0.029613,0.163222,-0.591650,-0.788944,5.163563,118.699196,-17.674456,0.019647,0.181002,-0.330674,-0.926017,10.224283,137.658539,-11.669721,-0.236391,0.835334,0.219075,0.445357,3.927002,118.292091,27.612442,0.216526,0.915132,0.302315,-0.155742,12.101624,121.614777,41.708488,-0.163740,0.250231,0.368414,-0.880253,33.351585,114.129463,31.402946,-0.146206,0.093958,0.498554,-0.849258,21.923164,127.967194,25.344112,0.075335,0.869270,0.084384,0.481222,3.408934,83.481079,13.343763,0.091949,0.985230,0.024656,0.142334,1.665700,49.343346,5.663888,-0.003697,0.970499,0.121990,0.207935,-6.336340,4.230359,2.229065,-0.030404,0.901523,-0.122188,0.414007,13.060395,83.924072,28.089392,0.048107,0.903077,-0.078212,0.419549,11.436446,50.000633,36.689800,-0.057818,0.865809,0.078684,0.490756,4.428942,4.829657,41.325550,-0.003697,0.970499,0.121990,0.207935,-0.680171,1.822627,-10.803616,-0.057818,0.865809,0.078684,0.490756,16.560577,1.761285,34.180714
554,4.616667,-0.051896,0.876813,0.069983,0.472873,8.213364,83.701256,20.721916,-0.043797,0.870371,0.082632,0.483433,7.077189,90.819397,21.254202,-0.038336,0.867844,0.094994,0.486163,4.611854,106.333054,22.856895,0.060969,0.932866,0.052098,0.351184,1.776135,123.803841,25.134043,0.059517,0.978929,-0.038984,0.191405,3.996609,137.386414,25.728611,-0.089493,0.742764,0.226596,0.623656,0.244320,118.475700,21.627195,0.342611,-0.543549,-0.189063,-0.742582,-3.182982,120.965088,5.545536,-0.029187,0.163407,-0.591083,-0.789346,5.181516,118.694199,-17.663801,0.019964,0.180835,-0.329989,-0.926287,10.267297,137.647705,-11.661348,-0.236347,0.835246,0.219203,0.445482,3.933483,118.293999,27.615309,0.216911,0.915127,0.302210,-0.155441,12.105092,121.611954,41.714218,-0.163669,0.250566,0.368794,-0.880011,33.351429,114.103928,31.417725,-0.146239,0.094398,0.499708,-0.848525,21.940277,127.952026,25.351519,0.075253,0.869120,0.084682,0.481453,3.388350,83.482483,13.348550,0.091853,0.985245,0.024381,0.142341,1.662304,49.347424,5.652911,-0.003743,0.970572,0.121957,0.207610,-6.334793,4.231590,2.244124,-0.030617,0.901460,-0.122084,0.414160,13.038378,83.920036,28.095282,0.048072,0.903086,-0.078140,0.419546,11.429461,49.995728,36.695091,-0.057682,0.865782,0.078896,0.490784,4.427643,4.823404,41.326294,-0.003743,0.970572,0.121957,0.207610,-0.686744,1.823387,-10.791995,-0.057682,0.865782,0.078896,0.490784,16.559401,1.758297,34.180252
555,4.625000,-0.051773,0.876784,0.069865,0.472958,8.202662,83.700104,20.726486,-0.043689,0.870356,0.082570,0.483480,7.068798,90.818665,21.258024,-0.037787,0.867879,0.094744,0.486192,4.606287,106.339180,22.861195,0.061277,0.932871,0.052235,0.351095,1.791770,123.813156,25.140211,0.060017,0.978938,-0.039262,0.191146,4.018708,137.394394,25.740915,-0.089318,0.742922,0.226391,0.623567,0.253296,118.487190,21.632961,0.342503,-0.543511,-0.188426,-0.742821,-3.178720,120.975533,5.552147,-0.028797,0.163432,-0.590565,-0.789743,5.199731,118.686974,-17.650415,0.020113,0.180808,-0.329622,-0.926419,10.310021,137.634705,-11.654938,-0.235822,0.835298,0.218991,0.445767,3.942652,118.300476,27.620802,0.217414,0.915000,0.302371,-0.155169,12.114061,121.605301,41.722900,-0.163377,0.250787,0.369297,-0.879792,33.353756,114.072952,31.430477,-0.146072,0.094632,0.500177,-0.848252,21.960672,127.933540,25.357971,0.075177,0.869105,0.084798,0.481472,3.378838,83.482376,13.352312,0.091842,0.985220,0.024350,0.142528,1.661568,49.347893,5.652184,-0.003790,0.970560,0.121994,0.207646,-6.334250,4.231724,2.244800,-0.030648,0.901437,-0.122060,0.414214,13.026486,83.917824,28.100658,0.048023,0.903174,-0.078059,0.419376,11.419675,49.993237,36.699772,-0.057745,0.865758,0.079028,0.490798,4.425894,4.819319,41.327530,-0.003790,0.970560,0.121994,0.207646,-0.684831,1.824798,-10.790956,-0.057745,0.865758,0.079028,0.490798,16.558689,1.758360,34.181480
556,4.633333,-0.051561,0.876765,0.069686,0.473042,8.188158,83.697441,20.729607,-0.043437,0.870364,0.082480,0.483506,7.058130,90.816689,21.260244,-0.037460,0.867902,0.094605,0.486203,4.603414,106.341019,22.865042,0.061257,0.932851,0.052189,0.351160,1.801382,123.816811,25.145493,0.060925,0.978848,-0.039204,0.191334,4.028303,137.398117,25.745052,-0.088908,0.743045,0.226138,0.623572,0.258950,118.492195,21.637934,0.342596,-0.543326,-0.187781,-0.743077,-3.175306,120.985077,5.558301,-0.028319,0.163520,-0.590128,-0.790068,5.225112,118.675781,-17.634266,0.020364,0.180625,-0.329540,-0.926479,10.355565,137.621063,-11.645632,-0.235455,0.835385,0.218697,0.445941,3.948499,118.302429,27.625561,0.217845,0.914993,0.302217,-0.154907,12.120477,121.600853,41.728836,-0.163023,0.250938,0.369784,-0.879610,33.354908,114.043976,31.443531,-0.145498,0.094603,0.501072,-0.847825,21.978367,127.915848,25.365734,0.075108,0.868999,0.084962,0.481644,3.365354,83.481621,13.354707,0.091750,0.985243,0.024321,0.142429,1.659351,49.348362,5.646650,-0.003506,0.970591,0.122022,0.207490,-6.328998,4.230520,2.243893,-0.030768,0.901356,-0.122018,0.414394,13.010963,83.913269,28.104506,0.047958,0.903166,-0.078011,0.419412,11.411242,49.988480,36.704159,-0.057635,0.865741,0.079212,0.490811,4.424436,4.813311,41.330235,-0.003506,0.970591,0.122022,0.207490,-0.685814,1.822877,-10.794436,-0.057635,0.865741,0.079212,0.490811,16.557205,1.755318,34.182869
557,4.641667,-0.051689,0.876639,0.069656,0.473266,8.181726,83.691612,20.729940,-0.043232,0.870342,0.082458,0.483566,7.050159,90.810730,21.259029,-0.037077,0.867926,0.094463,0.486217,4.599761,106.345406,22.867214,0.061574,0.932820,0.052120,0.351198,1.811980,123.823181,25.149971,0.061448,0.978802,-0.039193,0.191405,4.047666,137.402969,25.750914,-0.088627,0.743207,0.225896,0.623506,0.265037,118.500229,21.641855,0.342734,-0.543130,-0.187133,-0.743320,-3.173589,120.994064,5.563303,-0.027893,0.163505,-0.589725,-0.790388,5.249443,118.662766,-17.618858,0.020437,0.180116,-0.328923,-0.926796,10.398999,137.603165,-11.640120,-0.235128,0.835450,0.218445,0.446116,3.954793,118.306755,27.629236,0.218384,0.914935,0.302197,-0.154529,12.126706,121.599075,41.733974,-0.162482,0.251163,0.370308,-0.879425,33.355282,114.012550,31.458414,-0.145034,0.094389,0.501656,-0.847583,21.998194,127.894951,25.370794,0.075103,0.869145,0.085091,0.481358,3.362883,83.473953,13.352506,0.091713,0.985242,0.024197,0.142480,1.659118,49.342175,5.637402,-0.004008,0.970589,0.122089,0.207447,-6.327364,4.223156,2.245936,-0.030736,0.901243,-0.121992,0.414650,13.000567,83.909271,28.107374,0.047794,0.903124,-0.077971,0.419527,11.397156,49.983917,36.704071,-0.057528,0.865735,0.079364,0.490810,4.424878,4.806727,41.332325,-0.004008,0.970589,0.122089,0.207447,-0.681220,1.820230,-10.791983,-0.057528,0.865735,0.079364,0.490810,16.557322,1.750935,34.183464
558,4.650000,-0.051366,0.876584,0.069428,0.473437,8.163746,83.688393,20.731256,-0.043105,0.870345,0.082368,0.483588,7.037698,90.808449,21.259478,-0.036621,0.867983,0.094312,0.486180,4.591672,106.346916,22.867403,0.062156,0.932799,0.051751,0.351204,1.820681,123.826912,25.153633,0.061693,0.978782,-0.038874,0.191492,4.074706,137.403839,25.750622,-0.088204,0.743323,0.225586,0.623540,0.268076,118.506004,21.644928,0.342822,-0.542952,-0.186303,-0.743618,-3.171663,121.003761,5.567221,-0.027262,0.163610,-0.589305,-0.790701,5.276280,118.645309,-17.603125,0.020893,0.179984,-0.328217,-0.927062,10.444379,137.582428,-11.635062,-0.234749,0.835545,0.218278,0.446219,3.958819,118.308067,27.631557,0.218852,0.914830,0.302348,-0.154196,12.133594,121.592316,41.736519,-0.162185,0.251323,0.370751,-0.879248,33.357124,113.981918,31.468195,-0.144896,0.094251,0.501830,-0.847519,22.015247,127.875008,25.375389,0.075049,0.868841,0.085176,0.481901,3.347168,83.474075,13.352246,0.091662,0.985252,0.024162,0.142452,1.654384,49.342747,5.632731,-0.003672,0.970576,0.122083,0.207523,-6.328064,4.222703,2.245335,-0.030887,0.901216,-0.121916,0.414719,12.980323,83.902702,28.110266,0.047718,0.903152,-0.077904,0.419489,11.388042,49.976685,36.706417,-0.057824,0.865748,0.079372,0.490751,4.424830,4.797864,41.332462,-0.003672,0.970576,0.122083,0.207523,-0.682630,1.817675,-10.792500,-0.057824,0.865748,0.079372,0.490751,16.558384,1.746419,34.183632
559,4.658333,-0.051501,0.876472,0.069318,0.473645,8.163408,83.684341,20.736418,-0.043136,0.870279,0.082378,0.483702,7.036280,90.804420,21.262054,-0.036224,0.867978,0.094079,0.486263,4.588015,106.349167,22.870115,0.062920,0.932774,0.051524,0.351167,1.833087,123.831764,25.155878,0.061929,0.978814,-0.038734,0.191280,4.108722,137.405045,25.754133,-0.087858,0.743460,0.225419,0.623486,0.275853,118.512260,21.647093,0.343048,-0.542821,-0.185636,-0.743776,-3.168147,121.014336,5.570969,-0.026520,0.163909,-0.588689,-0.791123,5.299146,118.628906,-17.589552,0.021417,0.179924,-0.327512,-0.927311,10.492388,137.558655,-11.628289,-0.234284,0.835664,0.217913,0.446420,3.965858,118.310966,27.634064,0.219325,0.914776,0.302295,-0.153945,12.141926,121.587181,41.740147,-0.161850,0.251399,0.371197,-0.879099,33.359001,113.951721,31.477079,-0.144663,0.093933,0.502653,-0.847107,22.030933,127.855125,25.381029,0.075200,0.868777,0.085337,0.481965,3.350559,83.467384,13.355053,0.091647,0.985233,0.024036,0.142619,1.654692,49.339569,5.620679,-0.003958,0.970592,0.122109,0.207426,-6.327478,4.218707,2.243521,-0.030813,0.901199,-0.121862,0.414778,12.976257,83.901306,28.117783,0.047689,0.903184,-0.077861,0.419432,11.380302,49.974037,36.708344,-0.057806,0.865714,0.079510,0.490791,4.421382,4.794347,41.332394,-0.003958,0.970592,0.122109,0.207426,-0.682240,1.816064,-10.794841,-0.057806,0.865714,0.079510,0.490791,16.555864,1.746063,34.183781
560,4.666667,-0.050987,0.876415,0.068949,0.473859,8.133449,83.685753,20.737686,-0.042563,0.870263,0.082148,0.483821,7.015179,90.807327,21.261950,-0.035864,0.867953,0.093915,0.486366,4.586334,106.352112,22.871943,0.063321,0.932741,0.051371,0.351206,1.845101,123.836731,25.158655,0.062490,0.978785,-0.038722,0.191246,4.132443,137.408035,25.756922,-0.087471,0.743607,0.225081,0.623487,0.284113,118.518761,21.649233,0.343243,-0.542708,-0.185014,-0.743924,-3.162110,121.022972,5.573924,-0.025727,0.164240,-0.588086,-0.791529,5.322717,118.612656,-17.577597,0.021930,0.180063,-0.326311,-0.927695,10.540082,137.535706,-11.623207,-0.233926,0.835707,0.217700,0.446630,3.973077,118.314041,27.636728,0.219653,0.914665,0.302471,-0.153794,12.148474,121.582283,41.745049,-0.161911,0.251254,0.371473,-0.879013,33.360737,113.932274,31.482883,-0.144589,0.094389,0.503326,-0.846669,22.036686,127.844528,25.394493,0.074916,0.868527,0.085433,0.482441,3.323250,83.473953,13.354446,0.091654,0.985134,0.024121,0.143280,1.652090,49.344299,5.622811,-0.003633,0.970564,0.121854,0.207711,-6.327309,4.223931,2.232555,-0.031169,0.901058,-0.121674,0.415112,12.943647,83.897552,28.120930,0.047606,0.903148,-0.077807,0.419528,11.372473,49.968632,36.709507,-0.057961,0.865731,0.079553,0.490736,4.422060,4.787442,41.331577,-0.003633,0.970564,0.121854,0.207711,-0.677681,1.812167,-10.802217,-0.057961,0.865731,0.079553,0.490736,16.556845,1.742387,34.182114
561,4.675000,-0.050837,0.876271,0.068500,0.474208,8.110730,83.682999,20.744068,-0.042094,0.870229,0.081853,0.483974,6.997201,90.805687,21.263285,-0.035545,0.867922,0.093852,0.486457,4.585318,106.353905,22.872137,0.064348,0.932675,0.051278,0.351209,1.854812,123.839760,25.162237,0.062538,0.978820,-0.038772,0.191045,4.169189,137.406158,25.767862,-0.086941,0.743757,0.224737,0.623506,0.290933,118.523514,21.651468,0.343369,-0.542571,-0.184401,-0.744117,-3.157570,121.033417,5.577528,-0.024785,0.164648,-0.587456,-0.791942,5.345808,118.601212,-17.564903,0.022700,0.180697,-0.325567,-0.927814,10.587862,137.518982,-11.618074,-0.233595,0.835830,0.217360,0.446739,3.978978,118.315186,27.639406,0.220004,0.914575,0.302588,-0.153594,12.156298,121.579430,41.747540,-0.161900,0.251194,0.371818,-0.878886,33.363976,113.912392,31.488579,-0.144648,0.094189,0.504062,-0.846243,22.047237,127.835396,25.404675,0.074727,0.868409,0.085742,0.482629,3.306081,83.470337,13.357236,0.091762,0.985158,0.023901,0.143080,1.658616,49.342415,5.612894,-0.003758,0.970556,0.121856,0.207743,-6.334174,4.222918,2.242706,-0.031373,0.900960,-0.121399,0.415391,12.915380,83.895668,28.130901,0.047535,0.903039,-0.077810,0.419771,11.362479,49.962952,36.707832,-0.057976,0.865608,0.079805,0.490911,4.416540,4.781175,41.331013,-0.003758,0.970556,0.121856,0.207743,-0.682710,1.811890,-10.791412,-0.057976,0.865608,0.079805,0.490911,16.554951,1.742579,34.184952
562,4.683333,-0.050730,0.876133,0.068214,0.474515,8.091610,83.683418,20.747791,-0.041800,0.870186,0.081563,0.484124,6.981189,90.806831,21.263748,-0.035069,0.867905,0.093780,0.486534,4.581533,106.357239,22.868797,0.064620,0.932635,0.051197,0.351276,1.866770,123.844780,25.164753,0.063214,0.978760,-0.038749,0.191133,4.188883,137.409821,25.771132,-0.086476,0.743891,0.224320,0.623561,0.298296,118.531166,21.652042,0.343317,-0.542501,-0.183626,-0.744384,-3.150584,121.043953,5.578645,-0.024077,0.165042,-0.586801,-0.792368,5.370696,118.588188,-17.554701,0.023296,0.181080,-0.324747,-0.928012,10.639046,137.499496,-11.609847,-0.233251,0.835878,0.217121,0.446945,3.985745,118.317429,27.640152,0.220316,0.914527,0.302642,-0.153324,12.162277,121.574577,41.750370,-0.161760,0.251385,0.372406,-0.878608,33.367226,113.890251,31.498741,-0.144332,0.093426,0.504643,-0.846035,22.071085,127.828308,25.412968,0.074571,0.868349,0.085923,0.482727,3.291921,83.470497,13.357746,0.091774,0.985133,0.023797,0.143266,1.660984,49.343105,5.607561,-0.003623,0.970569,0.121866,0.207680,-6.333652,4.223350,2.245174,-0.031599,0.900740,-0.121166,0.415918,12.891298,83.896339,28.137836,0.047457,0.902990,-0.077796,0.419887,11.354513,49.960674,36.705978,-0.058123,0.865594,0.079779,0.490921,4.414949,4.778030,41.330185,-0.003623,0.970569,0.121866,0.207680,-0.684888,1.811885,-10.790026,-0.058123,0.865594,0.079779,0.490921,16.554468,1.740880,34.185402
563,4.691667,-0.050600,0.875974,0.067933,0.474863,8.075916,83.682747,20.752058,-0.041740,0.870119,0.081400,0.484278,6.968848,90.806892,21.264938,-0.034442,0.867919,0.093522,0.486605,4.572201,106.363716,22.866602,0.065186,0.932580,0.050814,0.351373,1.881093,123.854530,25.165426,0.063714,0.978703,-0.038554,0.191297,4.221359,137.416641,25.767681,-0.086267,0.743968,0.223946,0.623633,0.305458,118.543640,21.651823,0.343401,-0.542380,-0.182927,-0.744606,-3.141639,121.054146,5.577685,-0.023316,0.165446,-0.586140,-0.792795,5.398859,118.574440,-17.546022,0.023933,0.181285,-0.324023,-0.928209,10.693290,137.478500,-11.604333,-0.232877,0.835910,0.216919,0.447179,3.992562,118.323914,27.639931,0.220617,0.914336,0.303115,-0.153099,12.167950,121.572197,41.752857,-0.161794,0.251255,0.372713,-0.878510,33.369762,113.876572,31.503195,-0.144348,0.093804,0.505150,-0.845688,22.078558,127.824509,25.424412,0.074479,0.868114,0.086014,0.483149,3.281812,83.470039,13.358383,0.091820,0.985160,0.023823,0.143046,1.663319,49.342785,5.604994,-0.003669,0.970545,0.121828,0.207813,-6.335813,4.223916,2.241402,-0.031719,0.900671,-0.120993,0.416108,12.870020,83.895454,28.145737,0.047339,0.902931,-0.077748,0.420035,11.344043,49.957378,36.706268,-0.058176,0.865573,0.079890,0.490934,4.415352,4.773015,41.329933,-0.003669,0.970545,0.121828,0.207813,-0.683282,1.811551,-10.792002,-0.058176,0.865573,0.079890,0.490934,16.555754,1.739350,34.185158
564,4.700000,-0.050490,0.875820,0.067721,0.475189,8.059948,83.681602,20.755283,-0.041400,0.870043,0.081064,0.484500,6.955522,90.806328,21.265844,-0.034170,0.867843,0.093405,0.486782,4.573339,106.363121,22.862682,0.065895,0.932414,0.050778,0.351685,1.892186,123.855377,25.162136,0.063940,0.978610,-0.038634,0.191683,4.251079,137.413940,25.771374,-0.085662,0.743892,0.223697,0.623896,0.314483,118.545761,21.647530,0.343281,-0.542470,-0.182056,-0.744809,-3.125177,121.068253,5.573662,-0.022667,0.165930,-0.585445,-0.793226,5.426234,118.559883,-17.542931,0.024659,0.181759,-0.323286,-0.928354,10.748139,137.457916,-11.598101,-0.232595,0.835966,0.216627,0.447362,3.999421,118.323242,27.636871,0.220923,0.914304,0.303163,-0.152755,12.173718,121.567177,41.751446,-0.161735,0.251494,0.373362,-0.878176,33.374043,113.853218,31.512468,-0.143773,0.093257,0.505184,-0.845826,22.106678,127.817764,25.432550,0.074353,0.867980,0.086090,0.483396,3.271098,83.469353,13.358186,0.091353,0.985458,0.023976,0.141251,1.665020,49.341698,5.603956,-0.003757,0.970744,0.121928,0.206825,-6.296281,4.215643,2.247040,-0.031873,0.900335,-0.120797,0.416881,12.848798,83.893852,28.152382,0.047204,0.902833,-0.077702,0.420269,11.330980,49.953133,36.703876,-0.058392,0.865508,0.079875,0.491026,4.414054,4.766938,41.327305,-0.003757,0.970744,0.121928,0.206825,-0.668483,1.807165,-10.797785,-0.058392,0.865508,0.079875,0.491026,16.557377,1.735991,34.186340
565,4.708333,-0.050171,0.875604,0.067108,0.475707,8.032531,83.679619,20.763454,-0.041153,0.869953,0.080672,0.484747,6.936006,90.806007,21.267868,-0.033726,0.867803,0.093210,0.486922,4.566139,106.365326,22.857155,0.066345,0.932292,0.050728,0.351933,1.901721,123.859962,25.157997,0.064409,0.978509,-0.038696,0.192026,4.272700,137.416245,25.771168,-0.085427,0.743710,0.223522,0.624208,0.319539,118.552292,21.642464,0.343204,-0.542519,-0.181299,-0.744993,-3.108515,121.079781,5.566910,-0.022110,0.166400,-0.584744,-0.793660,5.453877,118.546402,-17.542877,0.025071,0.182028,-0.322089,-0.928707,10.803184,137.435974,-11.593598,-0.232490,0.835970,0.216513,0.447464,4.002982,118.325470,27.632559,0.221188,0.914328,0.303063,-0.152427,12.175865,121.567474,41.748383,-0.161832,0.251838,0.373754,-0.877893,33.375336,113.835571,31.521214,-0.143643,0.093440,0.505431,-0.845680,22.125601,127.812218,25.436296,0.074185,0.867729,0.086493,0.483799,3.251802,83.467964,13.361094,0.091893,0.985120,0.023584,0.143309,1.673307,49.343437,5.587473,-0.003925,0.970598,0.121500,0.207754,-6.334665,4.224756,2.242394,-0.032314,0.899924,-0.120369,0.417856,12.813258,83.891281,28.165817,0.047146,0.902682,-0.077711,0.420599,11.326614,49.945316,36.701962,-0.057893,0.865467,0.080362,0.491077,4.412407,4.758751,41.325848,-0.003925,0.970598,0.121500,0.207754,-0.682171,1.804649,-10.789588,-0.057893,0.865467,0.080362,0.491077,16.554485,1.732675,34.180717
566,4.716667,-0.050150,0.875453,0.066850,0.476023,8.018822,83.683220,20.770210,-0.041048,0.869880,0.080421,0.484930,6.924142,90.810135,21.271126,-0.033356,0.867772,0.092949,0.487051,4.560584,106.371353,22.854727,0.067013,0.932175,0.050569,0.352140,1.911744,123.868607,25.153646,0.064786,0.978436,-0.038712,0.192270,4.301389,137.421478,25.769857,-0.085006,0.743685,0.223236,0.624398,0.325407,118.562111,21.638208,0.343338,-0.542416,-0.180551,-0.745188,-3.097131,121.095573,5.562413,-0.021292,0.166890,-0.584055,-0.794087,5.484243,118.534485,-17.537291,0.025796,0.182222,-0.321154,-0.928972,10.859670,137.416245,-11.589603,-0.232129,0.836030,0.216371,0.447609,4.007428,118.332397,27.629074,0.221287,0.914267,0.303425,-0.151923,12.181590,121.565887,41.746120,-0.161854,0.252376,0.374017,-0.877622,33.386490,113.825317,31.536755,-0.143731,0.093920,0.505175,-0.845765,22.155077,127.809700,25.438801,0.074086,0.867507,0.086715,0.484173,3.243352,83.470230,13.364488,0.092017,0.985036,0.023408,0.143838,1.681866,49.347378,5.580094,-0.003598,0.970583,0.121402,0.207886,-6.337799,4.230037,2.245008,-0.032408,0.899758,-0.120196,0.418256,12.794291,83.896217,28.175932,0.047009,0.902526,-0.077627,0.420964,11.314905,49.947773,36.703480,-0.058067,0.865448,0.080284,0.491104,4.413361,4.758817,41.322945,-0.003598,0.970583,0.121402,0.207886,-0.684627,1.805291,-10.785824,-0.058067,0.865448,0.080284,0.491104,16.556856,1.733329,34.179955
567,4.725000,-0.049912,0.875238,0.066656,0.476470,7.999726,83.685661,20.772966,-0.040681,0.869808,0.080019,0.485156,6.909126,90.813293,21.272533,-0.033024,0.867729,0.092740,0.487192,4.561368,106.377434,22.850222,0.067271,0.932093,0.050525,0.352313,1.926040,123.876862,25.148144,0.065543,0.978343,-0.038738,0.192481,4.322798,137.428375,25.766321,-0.084549,0.743834,0.222962,0.624380,0.336281,118.571564,21.632441,0.343450,-0.542219,-0.179827,-0.745455,-3.089573,121.110092,5.558160,-0.020427,0.167342,-0.583371,-0.794518,5.515316,118.524971,-17.530106,0.026396,0.182448,-0.319810,-0.929375,10.916744,137.398163,-11.586740,-0.231911,0.836034,0.216095,0.447848,4.016683,118.339012,27.624187,0.221522,0.914280,0.303394,-0.151569,12.187073,121.568832,41.744244,-0.162040,0.252982,0.374385,-0.877257,33.392139,113.811943,31.547646,-0.143967,0.094321,0.505148,-0.845696,22.182837,127.808784,25.437981,0.073969,0.867271,0.086787,0.484601,3.231352,83.475433,13.362600,0.092047,0.985015,0.023355,0.143968,1.683217,49.352242,5.577036,-0.003791,0.970602,0.121256,0.207882,-6.339437,4.235181,2.245378,-0.032719,0.899437,-0.119997,0.418980,12.768099,83.895889,28.183334,0.046897,0.902343,-0.077576,0.421379,11.307310,49.945499,36.706345,-0.058008,0.865416,0.080473,0.491137,4.414924,4.754850,41.322861,-0.003791,0.970602,0.121256,0.207882,-0.685072,1.807429,-10.784371,-0.058008,0.865416,0.080473,0.491137,16.559067,1.733152,34.179379
568,4.733333,-0.049653,0.874980,0.066258,0.477027,7.976732,83.688095,20.779644,-0.040317,0.869711,0.079529,0.485440,6.891800,90.816864,21.275309,-0.032815,0.867650,0.092609,0.487370,4.560333,106.388687,22.844919,0.067532,0.931997,0.050426,0.352532,1.933248,123.889473,25.141930,0.066576,0.978218,-0.038787,0.192752,4.337744,137.439590,25.760889,-0.084297,0.743882,0.222585,0.624491,0.341994,118.585014,21.625652,0.343553,-0.541981,-0.179199,-0.745732,-3.080656,121.122620,5.550542,-0.019596,0.167831,-0.582627,-0.794981,5.548156,118.518051,-17.526604,0.026941,0.182728,-0.318986,-0.929587,10.978237,137.382751,-11.584785,-0.231672,0.836040,0.216009,0.448002,4.020140,118.350540,27.618710,0.221582,0.914299,0.303547,-0.151054,12.189628,121.573952,41.740761,-0.162093,0.253630,0.374607,-0.876965,33.401096,113.807487,31.564781,-0.143997,0.095091,0.505344,-0.845488,22.211329,127.811035,25.438971,0.074012,0.866849,0.086985,0.485313,3.217266,83.479393,13.363509,0.091536,0.985227,0.023244,0.142862,1.679826,49.359047,5.563352,-0.003777,0.970791,0.121420,0.206899,-6.302155,4.232886,2.257333,-0.032992,0.899240,-0.119795,0.419437,12.736198,83.896790,28.195780,0.046780,0.902221,-0.077486,0.421669,11.294266,49.944271,36.713493,-0.058097,0.865359,0.080716,0.491186,4.413472,4.751346,41.324989,-0.003777,0.970791,0.121420,0.206899,-0.673070,1.810207,-10.784301,-0.058097,0.865359,0.080716,0.491186,16.559704,1.736889,34.181995
569,4.741667,-0.049466,0.874716,0.066096,0.477553,7.960869,83.693123,20.784582,-0.040080,0.869608,0.079069,0.485720,6.879107,90.822479,21.278862,-0.032510,0.867582,0.092473,0.487539,4.560574,106.397697,22.838911,0.068174,0.931881,0.050168,0.352751,1.944845,123.900093,25.136608,0.067065,0.978136,-0.038792,0.192999,4.368284,137.446823,25.755888,-0.084159,0.743861,0.222302,0.624636,0.351029,118.597031,21.619377,0.343365,-0.541786,-0.178420,-0.746146,-3.066384,121.133316,5.542943,-0.019214,0.167947,-0.582149,-0.795316,5.586689,118.512001,-17.523230,0.026993,0.182623,-0.317951,-0.929961,11.037593,137.370239,-11.585264,-0.231431,0.836053,0.215925,0.448142,4.027144,118.359520,27.613562,0.221557,0.914349,0.303564,-0.150754,12.196177,121.576569,41.737324,-0.161944,0.253958,0.374799,-0.876815,33.412685,113.806343,31.574720,-0.143556,0.095278,0.505837,-0.845247,22.233980,127.815666,25.438148,0.073861,0.866793,0.087185,0.485400,3.209920,83.486786,13.362921,0.091547,0.985302,0.023193,0.142339,1.689227,49.367321,5.555656,-0.003534,0.970830,0.121337,0.206770,-6.296171,4.241133,2.258310,-0.033163,0.898978,-0.119681,0.420017,12.711817,83.899460,28.206244,0.046537,0.901890,-0.077301,0.422438,11.278544,49.945820,36.720978,-0.058121,0.865352,0.080825,0.491178,4.421029,4.748168,41.320911,-0.003534,0.970830,0.121337,0.206770,-0.672476,1.814871,-10.784986,-0.058121,0.865352,0.080825,0.491178,16.567616,1.736745,34.177238
570,4.750000,-0.049237,0.874514,0.065789,0.477988,7.941354,83.694656,20.788069,-0.039636,0.869534,0.078638,0.485958,6.864327,90.824921,21.279551,-0.032255,0.867514,0.092313,0.487706,4.563756,106.406174,22.834349,0.068655,0.931766,0.050121,0.352968,1.958235,123.910210,25.131094,0.067753,0.978035,-0.039111,0.193203,4.394514,137.454437,25.754589,-0.083951,0.743857,0.222107,0.624738,0.362223,118.608131,21.613396,0.343345,-0.541626,-0.177802,-0.746419,-3.052125,121.146263,5.536604,-0.018520,0.168310,-0.581472,-0.795750,5.620454,118.507751,-17.520273,0.027568,0.182851,-0.317466,-0.930065,11.098676,137.358841,-11.584534,-0.231251,0.836035,0.215719,0.448367,4.036285,118.368355,27.608746,0.221672,0.914367,0.303621,-0.150364,12.201368,121.581734,41.735626,-0.161816,0.254382,0.375106,-0.876585,33.421165,113.800621,31.588238,-0.143030,0.095916,0.505990,-0.845172,22.259010,127.818619,25.439665,0.073781,0.866505,0.087365,0.485894,3.197340,83.489952,13.361928,0.091574,0.985258,0.023027,0.142655,1.692164,49.371861,5.545629,-0.003722,0.970855,0.121174,0.206746,-6.296829,4.245419,2.260457,-0.033335,0.898756,-0.119648,0.420489,12.685368,83.899361,28.214211,0.046391,0.901838,-0.077159,0.422592,11.259421,49.945980,36.731178,-0.058090,0.865349,0.080846,0.491182,4.418687,4.745063,41.323967,-0.003722,0.970855,0.121174,0.206746,-0.672550,1.815637,-10.781932,-0.058090,0.865349,0.080846,0.491182,16.565178,1.733698,34.180111
571,4.758333,-0.049028,0.874301,0.065528,0.478435,7.924510,83.698235,20.792133,-0.039346,0.869424,0.078183,0.486253,6.851657,90.829292,21.281239,-0.031975,0.867418,0.092110,0.487934,4.565155,106.415581,22.827549,0.068965,0.931640,0.049896,0.353273,1.971179,123.921608,25.122299,0.068572,0.977898,-0.039148,0.193601,4.417733,137.464066,25.744131,-0.083604,0.743860,0.221659,0.624939,0.372946,118.620491,21.604126,0.342312,-0.541672,-0.176304,-0.747215,-3.034949,121.159378,5.526082,-0.018553,0.168039,-0.581169,-0.796029,5.661438,118.499329,-17.519350,0.027734,0.182894,-0.316621,-0.930340,11.158321,137.348679,-11.589495,-0.231265,0.836008,0.215493,0.448520,4.044125,118.378365,27.601147,0.221949,0.914395,0.303632,-0.149764,12.204449,121.594193,41.730221,-0.161626,0.255039,0.375518,-0.876252,33.427082,113.791313,31.605513,-0.142691,0.096344,0.505756,-0.845321,22.290539,127.818909,25.438839,0.073629,0.866242,0.087643,0.486335,3.187679,83.495255,13.361362,0.091687,0.985269,0.022873,0.142531,1.705280,49.379002,5.532675,-0.003554,0.970874,0.120954,0.206788,-6.296298,4.253805,2.260953,-0.033379,0.898677,-0.119649,0.420654,12.661343,83.901222,28.222904,0.046184,0.901784,-0.076968,0.422763,11.236540,49.948055,36.740921,-0.057860,0.865307,0.080992,0.491259,4.419354,4.742676,41.324780,-0.003554,0.970874,0.120954,0.206788,-0.672605,1.816906,-10.780360,-0.057860,0.865307,0.080992,0.491259,16.565918,1.731668,34.180904
572,4.766667,-0.048734,0.874076,0.065381,0.478895,7.906398,83.702675,20.790751,-0.039011,0.869330,0.077716,0.486523,6.838002,90.834419,21.279486,-0.031704,0.867341,0.091959,0.488117,4.566864,106.427338,22.817875,0.069487,0.931508,0.049709,0.353544,1.983405,123.934959,25.112217,0.069233,0.977779,-0.039315,0.193930,4.445190,137.474594,25.735273,-0.083378,0.743735,0.221422,0.625203,0.382984,118.634987,21.593325,0.342217,-0.541474,-0.175576,-0.747574,-3.015222,121.176826,5.513698,-0.018078,0.168248,-0.580706,-0.796333,5.704506,118.498901,-17.520840,0.028039,0.183076,-0.316473,-0.930345,11.221250,137.345917,-11.592984,-0.231117,0.835983,0.215366,0.448703,4.051889,118.390312,27.591637,0.222106,0.914462,0.303497,-0.149390,12.209006,121.602417,41.723408,-0.161505,0.255459,0.375780,-0.876040,33.433727,113.785042,31.614256,-0.142455,0.096498,0.506164,-0.845100,22.312397,127.820183,25.435368,0.073524,0.865750,0.087676,0.487221,3.176823,83.503693,13.355252,0.091751,0.985313,0.022836,0.142195,1.709877,49.386765,5.526610,-0.003354,0.970880,0.120729,0.206893,-6.299076,4.262495,2.260148,-0.033452,0.898536,-0.119719,0.420930,12.635973,83.901649,28.226250,0.045937,0.901667,-0.076744,0.423079,11.211097,49.949993,36.750267,-0.058024,0.865288,0.081021,0.491269,4.421340,4.739359,41.323044,-0.003354,0.970880,0.120729,0.206893,-0.674610,1.818115,-10.779431,-0.058024,0.865288,0.081021,0.491269,16.569262,1.731388,34.180195
573,4.775000,-0.048325,0.873828,0.065094,0.479429,7.880709,83.710884,20.789633,-0.038534,0.869211,0.077203,0.486854,6.819135,90.843750,21.276968,-0.031458,0.867228,0.091749,0.488373,4.568412,106.439972,22.807854,0.069846,0.931377,0.049421,0.353859,1.995507,123.949524,25.099314,0.070011,0.977649,-0.039206,0.194332,4.469403,137.487076,25.719622,-0.083261,0.743539,0.221218,0.625524,0.393369,118.650330,21.580050,0.342117,-0.541378,-0.175035,-0.747816,-2.992130,121.193718,5.497984,-0.017743,0.168430,-0.580291,-0.796604,5.742171,118.502151,-17.529446,0.028095,0.183199,-0.315692,-0.930585,11.276128,137.344101,-11.602077,-0.231021,0.835940,0.215221,0.448903,4.058972,118.403709,27.580299,0.222102,0.914471,0.303707,-0.148918,12.211617,121.613541,41.715172,-0.161484,0.255705,0.375899,-0.875921,33.443394,113.790688,31.625097,-0.142096,0.097255,0.506704,-0.844749,22.328497,127.831543,25.438667,0.073220,0.865618,0.087973,0.487448,3.159454,83.516609,13.348722,0.091835,0.985248,0.022581,0.142630,1.723158,49.400204,5.512115,-0.003421,0.970955,0.120303,0.206790,-6.295273,4.276294,2.264066,-0.033606,0.898196,-0.119676,0.421654,12.601963,83.905159,28.230545,0.045578,0.901332,-0.076579,0.423862,11.181152,49.953503,36.755249,-0.057803,0.865259,0.081288,0.491302,4.423425,4.737526,41.322666,-0.003421,0.970955,0.120303,0.206790,-0.673602,1.820400,-10.774554,-0.057803,0.865259,0.081288,0.491302,16.571119,1.732978,34.177982
574,4.783333,-0.048086,0.873585,0.064743,0.479943,7.860519,83.720390,20.792633,-0.038159,0.869052,0.076595,0.487264,6.804094,90.854248,21.276621,-0.031141,0.867065,0.091525,0.488725,4.572243,106.454422,22.795681,0.070289,0.931229,0.049255,0.354183,2.012105,123.966156,25.084826,0.070578,0.977551,-0.039380,0.194581,4.499071,137.501266,25.706371,-0.083217,0.743428,0.220938,0.625761,0.408150,118.668175,21.564541,0.341946,-0.541250,-0.174503,-0.748111,-2.967720,121.208893,5.480030,-0.017439,0.168632,-0.579931,-0.796831,5.782646,118.506920,-17.540083,0.028214,0.183370,-0.314955,-0.930797,11.330946,137.344391,-11.612044,-0.230527,0.836024,0.214677,0.449260,4.069204,118.418709,27.567450,0.222185,0.914510,0.303744,-0.148478,12.218766,121.621025,41.705807,-0.161292,0.256083,0.376113,-0.875754,33.455208,113.787636,31.633732,-0.141936,0.097015,0.506942,-0.844661,22.353712,127.833710,25.434914,0.073065,0.865372,0.088236,0.487861,3.147550,83.527641,13.346431,0.091913,0.985213,0.022358,0.142856,1.733475,49.412895,5.498592,-0.003063,0.970984,0.120093,0.206780,-6.294171,4.289380,2.267881,-0.033587,0.897933,-0.119639,0.422226,12.573488,83.913139,28.238836,0.045139,0.900805,-0.076387,0.425062,11.147196,49.960785,36.759830,-0.058087,0.865214,0.081226,0.491358,4.427125,4.738450,41.319775,-0.003063,0.970984,0.120093,0.206780,-0.675936,1.825603,-10.770737,-0.058087,0.865214,0.081226,0.491358,16.577486,1.736434,34.178562
575,4.791667,-0.047898,0.873278,0.064747,0.480519,7.839803,83.734108,20.796144,-0.037683,0.868898,0.075884,0.487686,6.785396,90.868217,21.280788,-0.030874,0.866907,0.091277,0.489067,4.577683,106.466698,22.786163,0.070638,0.931044,0.049033,0.354631,2.029172,123.980644,25.071388,0.071091,0.977402,-0.039510,0.195119,4.527461,137.513687,25.692314,-0.082872,0.743363,0.220717,0.625961,0.423723,118.683456,21.550587,0.342052,-0.541070,-0.174210,-0.748261,-2.945719,121.229759,5.465615,-0.016795,0.168996,-0.579426,-0.797135,5.819339,118.518387,-17.547796,0.028656,0.183831,-0.314645,-0.930797,11.386411,137.350204,-11.621610,-0.230348,0.836002,0.214268,0.449588,4.080293,118.431923,27.556143,0.222208,0.914551,0.303822,-0.148030,12.222770,121.632874,41.698883,-0.161249,0.256394,0.376270,-0.875603,33.465294,113.791847,31.645599,-0.141682,0.097295,0.507305,-0.844453,22.373835,127.843071,25.438000,0.072956,0.865067,0.088462,0.488375,3.136267,83.545189,13.343885,0.091964,0.985190,0.022145,0.143011,1.741270,49.432125,5.485316,-0.002987,0.971028,0.119692,0.206808,-6.293294,4.308602,2.271964,-0.033641,0.897629,-0.119597,0.422880,12.543340,83.923027,28.248402,0.044759,0.900368,-0.076150,0.426069,11.115458,49.970222,36.767361,-0.057859,0.865129,0.081374,0.491510,4.430839,4.741427,41.315361,-0.002987,0.971028,0.119692,0.206808,-0.675601,1.833153,-10.764670,-0.057859,0.865129,0.081374,0.491510,16.582500,1.739856,34.176182
576,4.800000,-0.047629,0.873103,0.064497,0.480897,7.826368,83.742363,20.792120,-0.037422,0.868688,0.075608,0.488124,6.776865,90.877312,21.275061,-0.030585,0.866690,0.090942,0.489534,4.579199,106.482018,22.776239,0.071219,0.930837,0.048766,0.355094,2.044196,123.998772,25.054949,0.071466,0.977290,-0.039668,0.195509,4.560113,137.528534,25.676411,-0.082865,0.743086,0.220415,0.626397,0.437462,118.702232,21.533770,0.341738,-0.541107,-0.173844,-0.748463,-2.913843,121.246376,5.444665,-0.016536,0.169301,-0.579082,-0.797325,5.855562,118.530975,-17.566614,0.028990,0.184396,-0.313942,-0.930912,11.434954,137.358383,-11.635285,-0.230059,0.836016,0.213877,0.449896,4.087863,118.448784,27.542995,0.222288,0.914547,0.304024,-0.147517,12.225551,121.645447,41.689461,-0.161490,0.256888,0.376522,-0.875306,33.473816,113.794579,31.656027,-0.141758,0.097719,0.506822,-0.844682,22.399361,127.855049,25.439989,0.072903,0.864771,0.088724,0.488860,3.128790,83.556053,13.336037,0.092043,0.985174,0.021831,0.143121,1.750500,49.445713,5.462722,-0.002790,0.971040,0.119535,0.206845,-6.294970,4.322258,2.275822,-0.033566,0.897220,-0.119771,0.423703,12.523946,83.928665,28.248203,0.044331,0.899868,-0.075895,0.427214,11.078326,49.978428,36.774372,-0.057651,0.865062,0.081520,0.491628,4.433178,4.742557,41.309826,-0.002790,0.971040,0.119535,0.206845,-0.678127,1.841289,-10.760132,-0.057651,0.865062,0.081520,0.491628,16.585716,1.741653,34.171856
577,4.808333,-0.047014,0.872933,0.064223,0.481304,7.791238,83.753273,20.786997,-0.036651,0.868535,0.075053,0.488539,6.751141,90.889580,21.270313,-0.030372,0.866490,0.090552,0.489973,4.582662,106.496979,22.767141,0.071961,0.930647,0.048380,0.355497,2.059859,124.016716,25.036386,0.071700,0.977212,-0.039854,0.195773,4.598608,137.542267,25.656631,-0.082708,0.742792,0.220261,0.626821,0.452106,118.720070,21.515833,0.342403,-0.540876,-0.174075,-0.748272,-2.882407,121.268784,5.423967,-0.015818,0.169824,-0.578797,-0.797435,5.895386,118.546440,-17.583292,0.029238,0.184953,-0.313547,-0.930928,11.480213,137.369080,-11.652203,-0.229808,0.836035,0.213427,0.450203,4.096634,118.466064,27.528599,0.222443,0.914582,0.304055,-0.147003,12.228985,121.660469,41.678642,-0.161457,0.257252,0.376860,-0.875060,33.481335,113.794670,31.665552,-0.141285,0.097970,0.506781,-0.844756,22.423523,127.864876,25.441381,0.072660,0.864334,0.089109,0.489598,3.099527,83.574707,13.327032,0.091960,0.985268,0.021614,0.142557,1.755956,49.466686,5.437675,-0.002816,0.971136,0.118965,0.206721,-6.286789,4.340968,2.276115,-0.033714,0.896978,-0.119895,0.424168,12.482950,83.931847,28.246964,0.043963,0.899573,-0.075639,0.427918,11.038492,49.984379,36.784374,-0.057745,0.864979,0.081634,0.491744,4.430111,4.741961,41.308178,-0.002816,0.971136,0.118965,0.206721,-0.673873,1.844261,-10.758522,-0.057745,0.864979,0.081634,0.491744,16.585472,1.745221,34.173275
578,4.816667,-0.046528,0.872707,0.063802,0.481816,7.760744,83.762680,20.784136,-0.035954,0.868359,0.074392,0.489004,6.729383,90.900421,21.264963,-0.030161,0.866274,0.090194,0.490434,4.589522,106.511734,22.753359,0.072241,0.930476,0.048109,0.355924,2.078249,124.034241,25.014040,0.072302,0.977089,-0.040069,0.196121,4.627024,137.558014,25.631714,-0.082376,0.742653,0.219666,0.627239,0.469831,118.737640,21.493721,0.342411,-0.540779,-0.174011,-0.748354,-2.849079,121.285583,5.398508,-0.015522,0.170219,-0.578552,-0.797535,5.935034,118.562988,-17.606310,0.029492,0.185474,-0.313391,-0.930868,11.526455,137.383301,-11.668306,-0.230053,0.835851,0.212963,0.450639,4.108178,118.482849,27.510197,0.222876,0.914618,0.303983,-0.146268,12.223702,121.686516,41.667805,-0.161186,0.257832,0.377322,-0.874740,33.477177,113.789108,31.682037,-0.140864,0.098311,0.506744,-0.844809,22.445574,127.868866,25.441656,0.072625,0.863832,0.089597,0.490400,3.076936,83.588776,13.319096,0.091929,0.985134,0.021014,0.143592,1.759798,49.486504,5.400480,-0.002787,0.971218,0.118511,0.206600,-6.284805,4.357892,2.285193,-0.033718,0.896731,-0.119992,0.424663,12.444551,83.936592,28.249174,0.043472,0.899343,-0.075311,0.428509,10.992689,49.990776,36.791897,-0.057475,0.864950,0.081866,0.491789,4.434595,4.739872,41.303993,-0.002787,0.971218,0.118511,0.206600,-0.676002,1.848369,-10.748756,-0.057475,0.864950,0.081866,0.491789,16.589493,1.745010,34.167503
579,4.825000,-0.046202,0.872441,0.063562,0.482360,7.732684,83.772171,20.783619,-0.035361,0.868206,0.073600,0.489440,6.706787,90.910789,21.263084,-0.029840,0.866107,0.089805,0.490820,4.594762,106.526245,22.737953,0.072324,0.930286,0.047778,0.356446,2.099192,124.051941,24.991264,0.072877,0.976902,-0.040314,0.196791,4.653636,137.574905,25.603306,-0.082030,0.742536,0.219390,0.627518,0.488293,118.755867,21.471285,0.342546,-0.540593,-0.173833,-0.748468,-2.820848,121.308945,5.374871,-0.015139,0.170463,-0.578360,-0.797629,5.976300,118.580246,-17.624249,0.029677,0.185878,-0.313396,-0.930780,11.572911,137.397385,-11.687378,-0.229915,0.835779,0.212672,0.450980,4.121581,118.499290,27.490742,0.223122,0.914624,0.304092,-0.145628,12.229006,121.700516,41.653545,-0.161060,0.258256,0.377700,-0.874475,33.486301,113.783028,31.691828,-0.140315,0.098755,0.506409,-0.845050,22.474056,127.872513,25.440649,0.072624,0.863501,0.089960,0.490916,3.057587,83.602074,13.313029,0.091230,0.985405,0.020889,0.142190,1.757938,49.504356,5.371921,-0.002465,0.971514,0.118480,0.205222,-6.230045,4.363507,2.288406,-0.033678,0.896349,-0.119958,0.425481,12.407782,83.942268,28.254206,0.043007,0.899055,-0.075120,0.429194,10.946647,49.995697,36.792339,-0.057300,0.864861,0.082015,0.491941,4.430932,4.738456,41.302307,-0.002465,0.971514,0.118480,0.205222,-0.659515,1.852174,-10.761600,-0.057300,0.864861,0.082015,0.491941,16.587500,1.744803,34.168144
580,4.833333,-0.045719,0.872197,0.063210,0.482895,7.701479,83.787086,20.775799,-0.034844,0.867942,0.072993,0.490035,6.683792,90.926994,21.253616,-0.029561,0.865830,0.089054,0.491462,4.593869,106.549583,22.718864,0.072859,0.930023,0.047689,0.357035,2.118309,124.080673,24.952284,0.073328,0.976780,-0.040514,0.197189,4.687597,137.600586,25.569572,-0.082220,0.742420,0.219271,0.627673,0.505278,118.783417,21.435057,0.342785,-0.540190,-0.173746,-0.748669,-2.796371,121.330788,5.336197,-0.014871,0.170994,-0.578314,-0.797554,6.023824,118.601051,-17.653969,0.029691,0.186144,-0.313189,-0.930796,11.614986,137.415726,-11.706834,-0.229388,0.835751,0.212593,0.451338,4.129930,118.527710,27.459755,0.223215,0.914751,0.303980,-0.144920,12.234658,121.712700,41.627766,-0.161166,0.258710,0.377983,-0.874199,33.500088,113.778099,31.697052,-0.139780,0.099122,0.506384,-0.845110,22.503864,127.878098,25.436211,0.072538,0.862993,0.090487,0.491726,3.034692,83.622208,13.299897,0.091661,0.985419,0.019852,0.141963,1.766083,49.530281,5.328993,-0.002701,0.971535,0.117562,0.205651,-6.274970,4.392785,2.335656,-0.033668,0.896208,-0.120024,0.425761,12.368265,83.951965,28.251699,0.042514,0.898832,-0.074891,0.429750,10.901865,50.006451,36.793118,-0.057264,0.864785,0.082065,0.492071,4.432890,4.742181,41.299873,-0.002701,0.971535,0.117562,0.205651,-0.692930,1.856763,-10.704656,-0.057264,0.864785,0.082065,0.492071,16.591431,1.749278,34.168762
581,4.841667,-0.045382,0.872023,0.062932,0.483277,7.678394,83.804955,20.764267,-0.034280,0.867807,0.072260,0.490423,6.666668,90.945801,21.240532,-0.029308,0.865629,0.089183,0.491808,4.604301,106.562065,22.692646,0.072701,0.929953,0.047077,0.357333,2.133432,124.092865,24.933498,0.074212,0.976633,-0.040684,0.197551,4.704854,137.613098,25.534729,-0.081980,0.742093,0.218898,0.628221,0.521100,118.798050,21.412270,0.342617,-0.540142,-0.173759,-0.748778,-2.758966,121.348442,5.309479,-0.014746,0.171371,-0.578248,-0.797523,6.063597,118.625465,-17.680582,0.030091,0.186789,-0.313391,-0.930586,11.652465,137.437515,-11.724463,-0.229222,0.835796,0.212002,0.451617,4.141174,118.537857,27.439529,0.223405,0.914613,0.304715,-0.143948,12.240077,121.725502,41.610271,-0.160566,0.258983,0.378481,-0.874013,33.515236,113.774467,31.713602,-0.138484,0.099456,0.506108,-0.845450,22.537657,127.885315,25.439432,0.072562,0.862374,0.090997,0.492712,3.017573,83.643463,13.284575,0.091267,0.985231,0.019620,0.143549,1.774514,49.558270,5.280917,-0.002432,0.971665,0.117300,0.205187,-6.229510,4.413321,2.300740,-0.033635,0.895863,-0.120137,0.426456,12.339215,83.966438,28.243959,0.042039,0.898502,-0.074706,0.430518,10.860741,50.022675,36.790230,-0.056948,0.864766,0.082037,0.492145,4.434332,4.752171,41.295204,-0.002432,0.971665,0.117300,0.205187,-0.662076,1.868762,-10.744151,-0.056948,0.864766,0.082037,0.492145,16.591820,1.754122,34.164463
582,4.850000,-0.044997,0.871808,0.062804,0.483717,7.652977,83.820114,20.750351,-0.033594,0.867531,0.071617,0.491053,6.646736,90.961700,21.227201,-0.029212,0.865288,0.088482,0.492539,4.612056,106.582390,22.671005,0.073532,0.929698,0.047183,0.357812,2.154472,124.117828,24.890051,0.074409,0.976608,-0.041228,0.197486,4.746268,137.633591,25.503979,-0.082181,0.741651,0.219063,0.628658,0.542754,118.820999,21.371578,0.342252,-0.540115,-0.173395,-0.749048,-2.717932,121.374275,5.265306,-0.014921,0.171857,-0.578292,-0.797384,6.112316,118.650291,-17.721684,0.030121,0.187492,-0.313455,-0.930422,11.693564,137.463135,-11.745156,-0.228400,0.835890,0.211294,0.452191,4.152776,118.563438,27.404976,0.223445,0.914598,0.305152,-0.143053,12.246931,121.735535,41.581917,-0.160300,0.259291,0.378707,-0.873873,33.533924,113.772438,31.720470,-0.137728,0.099945,0.506278,-0.845414,22.567913,127.889275,25.434483,0.072585,0.861666,0.091919,0.493775,2.999054,83.664101,13.266248,0.091511,0.985097,0.018446,0.144462,1.796919,49.590946,5.205282,-0.002863,0.971780,0.116463,0.205115,-6.241982,4.445982,2.320767,-0.033534,0.895465,-0.120184,0.427287,12.306900,83.976120,28.234455,0.041363,0.897861,-0.074561,0.431943,10.812732,50.032661,36.779243,-0.057139,0.864720,0.082007,0.492209,4.440578,4.754987,41.289204,-0.002863,0.971780,0.116463,0.205115,-0.674295,1.880379,-10.719893,-0.057139,0.864720,0.082007,0.492209,16.600319,1.758943,34.161465
583,4.858333,-0.044379,0.871589,0.062552,0.484201,7.620884,83.834167,20.734230,-0.032925,0.867299,0.070791,0.491627,6.623897,90.977005,21.211723,-0.029025,0.864993,0.088112,0.493134,4.619202,106.604134,22.642267,0.073973,0.929521,0.046764,0.358235,2.172335,124.142288,24.851603,0.074722,0.976541,-0.041477,0.197647,4.779659,137.655289,25.460747,-0.082192,0.741442,0.218872,0.628970,0.561111,118.845413,21.332983,0.342014,-0.539971,-0.173078,-0.749334,-2.686481,121.397247,5.223841,-0.014879,0.172316,-0.578355,-0.797239,6.156942,118.672813,-17.758026,0.030414,0.188168,-0.313568,-0.930238,11.729184,137.485992,-11.767922,-0.227990,0.835822,0.210473,0.452905,4.163031,118.587288,27.371195,0.223879,0.914591,0.305326,-0.142048,12.241906,121.754837,41.557865,-0.159809,0.260077,0.379287,-0.873477,33.533470,113.758156,31.733536,-0.136990,0.100621,0.506392,-0.845385,22.600296,127.887550,25.422297,0.072478,0.860996,0.092886,0.494778,2.974236,83.686218,13.245444,0.091550,0.985170,0.017573,0.144050,1.821921,49.624504,5.129033,-0.002641,0.971924,0.115730,0.204851,-6.233375,4.477310,2.326286,-0.033477,0.895130,-0.120271,0.427968,12.267533,83.982117,28.223015,0.040650,0.897231,-0.074407,0.433344,10.760680,50.039864,36.770355,-0.056830,0.864672,0.082310,0.492277,4.446275,4.754698,41.286377,-0.002641,0.971924,0.115730,0.204851,-0.675497,1.890147,-10.714298,-0.056830,0.864672,0.082310,0.492277,16.605848,1.761723,34.157066
584,4.866667,-0.043751,0.871402,0.062284,0.484628,7.583420,83.847466,20.714170,-0.032105,0.867081,0.069905,0.492192,6.595966,90.991592,21.192242,-0.029033,0.864684,0.087642,0.493759,4.626654,106.623268,22.610067,0.073983,0.929342,0.046376,0.358746,2.186166,124.164352,24.803164,0.075563,0.976394,-0.041656,0.198013,4.797890,137.676865,25.404531,-0.081893,0.741296,0.218720,0.629234,0.577050,118.865791,21.286129,0.341195,-0.539891,-0.172069,-0.749998,-2.661114,121.424149,5.176130,-0.015197,0.172386,-0.578524,-0.797096,6.203855,118.691162,-17.796412,0.030433,0.188606,-0.313573,-0.930147,11.768832,137.510025,-11.795523,-0.227628,0.835899,0.209657,0.453322,4.170288,118.610123,27.329615,0.224481,0.914578,0.305535,-0.140724,12.242053,121.777573,41.520344,-0.159616,0.260950,0.379973,-0.872954,33.538795,113.735184,31.744692,-0.136223,0.101681,0.505308,-0.846031,22.643570,127.881859,25.411648,0.072321,0.860439,0.093884,0.495580,2.943105,83.707497,13.221309,0.091518,0.985216,0.016614,0.143870,1.842936,49.657246,5.049747,-0.002749,0.972101,0.114981,0.204431,-6.222852,4.506511,2.335676,-0.033629,0.895027,-0.120489,0.428111,12.223735,83.987434,28.207033,0.040239,0.897245,-0.074189,0.433392,10.718390,50.049568,36.772045,-0.056585,0.864626,0.082373,0.492377,4.446162,4.758376,41.286362,-0.002749,0.972101,0.114981,0.204431,-0.676202,1.899195,-10.705668,-0.056585,0.864626,0.082373,0.492377,16.605825,1.763495,34.158012
585,4.875000,-0.042950,0.871241,0.061745,0.485059,7.536939,83.862816,20.695751,-0.031268,0.866918,0.068811,0.492687,6.563056,91.008911,21.172237,-0.028827,0.864454,0.087062,0.494276,4.632840,106.646965,22.572195,0.074402,0.929190,0.045595,0.359155,2.207576,124.192093,24.749758,0.075795,0.976321,-0.041576,0.198303,4.837775,137.701630,25.336817,-0.081351,0.741257,0.218376,0.629470,0.597054,118.892578,21.234793,0.341427,-0.539674,-0.171739,-0.750123,-2.634174,121.458923,5.124663,-0.014830,0.173073,-0.578540,-0.796942,6.248015,118.712173,-17.839598,0.030955,0.189233,-0.313664,-0.929972,11.802344,137.529724,-11.826129,-0.227451,0.835780,0.208774,0.454039,4.183276,118.637718,27.282482,0.225361,0.914595,0.305403,-0.139488,12.236106,121.807686,41.483418,-0.159176,0.261967,0.380913,-0.872319,33.530399,113.705589,31.751814,-0.135415,0.102645,0.505584,-0.845879,22.682806,127.875565,25.390953,0.072221,0.859807,0.095279,0.496425,2.902755,83.731133,13.198942,0.091485,0.985061,0.015144,0.145110,1.865916,49.698357,4.946716,-0.002920,0.972359,0.113892,0.203806,-6.213230,4.542765,2.355968,-0.033846,0.894844,-0.120514,0.428468,12.171123,83.994499,28.192562,0.039729,0.896994,-0.074074,0.433979,10.675205,50.058098,36.765011,-0.056470,0.864606,0.082195,0.492456,4.446506,4.761582,41.286251,-0.002920,0.972359,0.113892,0.203806,-0.683126,1.906279,-10.686547,-0.056470,0.864606,0.082195,0.492456,16.606146,1.760729,34.160362
586,4.883333,-0.041946,0.871132,0.061601,0.485360,7.492315,83.885780,20.670267,-0.030542,0.866714,0.067862,0.493222,6.531887,91.033363,21.151697,-0.028611,0.864176,0.086436,0.494884,4.635840,106.673607,22.535715,0.074063,0.929018,0.045417,0.359691,2.226695,124.223068,24.696301,0.076664,0.976144,-0.042155,0.198716,4.850470,137.734100,25.277693,-0.081243,0.741065,0.218072,0.629815,0.615094,118.922516,21.183365,0.341454,-0.539479,-0.171404,-0.750328,-2.602262,121.488174,5.070354,-0.014656,0.173708,-0.578664,-0.796718,6.296003,118.733307,-17.886700,0.031226,0.190131,-0.313787,-0.929738,11.836253,137.553223,-11.857235,-0.226494,0.835979,0.207496,0.454737,4.193022,118.668533,27.235994,0.226109,0.914636,0.305227,-0.138390,12.239202,121.827888,41.443054,-0.159217,0.262979,0.381877,-0.871586,33.531872,113.673630,31.751558,-0.134532,0.103970,0.505137,-0.846125,22.732189,127.871429,25.370947,0.072225,0.859276,0.096508,0.497106,2.861785,83.768692,13.170960,0.091213,0.985236,0.014013,0.144204,1.874767,49.752476,4.844677,-0.002666,0.972597,0.112657,0.203364,-6.197509,4.589290,2.367378,-0.033970,0.894673,-0.120648,0.428778,12.122845,84.002861,28.169575,0.039223,0.897062,-0.073977,0.433899,10.627682,50.069302,36.753399,-0.056077,0.864612,0.082210,0.492487,4.444862,4.767805,41.287609,-0.002666,0.972597,0.112657,0.203364,-0.682925,1.917125,-10.674443,-0.056077,0.864612,0.082210,0.492487,16.602362,1.761762,34.160263
587,4.891667,-0.041271,0.871147,0.061332,0.485426,7.457516,83.909470,20.633648,-0.030002,0.866483,0.067238,0.493747,6.507411,91.058350,21.116405,-0.028458,0.863851,0.085708,0.495587,4.634821,106.703697,22.490881,0.074339,0.928786,0.044992,0.360287,2.241450,124.257935,24.630009,0.077051,0.976024,-0.042363,0.199113,4.876793,137.766968,25.205624,-0.081032,0.740870,0.217749,0.630183,0.629523,118.955612,21.119926,0.341425,-0.539355,-0.171019,-0.750518,-2.573562,121.522919,5.004332,-0.014518,0.174547,-0.578620,-0.796568,6.337889,118.758224,-17.946432,0.031369,0.191276,-0.313908,-0.929458,11.868553,137.574890,-11.893506,-0.226598,0.835888,0.207189,0.454992,4.197785,118.703842,27.178360,0.226998,0.914846,0.304534,-0.137071,12.234694,121.868263,41.389542,-0.158705,0.263914,0.382669,-0.871049,33.525410,113.646698,31.750759,-0.133504,0.104507,0.505626,-0.845930,22.767174,127.863571,25.341915,0.072250,0.858689,0.097793,0.497865,2.827120,83.800514,13.134135,0.090952,0.985332,0.012616,0.143837,1.891495,49.802052,4.729769,-0.002914,0.972893,0.111680,0.202481,-6.176918,4.631090,2.385278,-0.033962,0.894341,-0.120886,0.429403,12.087913,84.018425,28.133160,0.038551,0.896586,-0.073957,0.434946,10.578978,50.088863,36.730377,-0.055698,0.864551,0.082119,0.492652,4.446900,4.782290,41.282742,-0.002914,0.972893,0.111680,0.202481,-0.684766,1.933440,-10.660763,-0.055698,0.864551,0.082119,0.492652,16.604185,1.768670,34.158226
588,4.900000,-0.040430,0.871090,0.061159,0.485621,7.410910,83.936974,20.593708,-0.029172,0.866307,0.066504,0.494205,6.472465,91.087151,21.080019,-0.028053,0.863611,0.084970,0.496154,4.632889,106.740631,22.446844,0.075206,0.928555,0.044735,0.360734,2.263562,124.300171,24.569103,0.076829,0.975997,-0.042973,0.199202,4.923643,137.804199,25.148413,-0.081459,0.740557,0.217606,0.630545,0.647787,118.997490,21.061337,0.341002,-0.539349,-0.170446,-0.750845,-2.537804,121.554733,4.940678,-0.014525,0.175239,-0.578802,-0.796284,6.383647,118.782867,-18.005329,0.031640,0.192947,-0.314117,-0.929032,11.896917,137.602264,-11.930227,-0.225888,0.835968,0.206130,0.455678,4.208447,118.745171,27.124214,0.227953,0.914808,0.304465,-0.135883,12.235250,121.901787,41.342838,-0.157804,0.264650,0.383588,-0.870585,33.520496,113.618942,31.744528,-0.132332,0.105322,0.506726,-0.845355,22.801125,127.858246,25.306877,0.072054,0.858195,0.099323,0.498441,2.782644,83.839691,13.092722,0.090698,0.985757,0.011363,0.141167,1.918740,49.860371,4.603680,-0.002704,0.973215,0.110484,0.201590,-6.149504,4.682386,2.397900,-0.034063,0.893986,-0.121006,0.430101,12.039176,84.034256,28.094696,0.037700,0.895881,-0.073918,0.436477,10.526196,50.107204,36.701130,-0.055534,0.864505,0.081985,0.492773,4.457872,4.794139,41.274269,-0.002704,0.973215,0.110484,0.201590,-0.684097,1.950654,-10.652280,-0.055534,0.864505,0.081985,0.492773,16.615585,1.774947,34.152840
589,4.908333,-0.039790,0.871127,0.060798,0.485653,7.367504,83.965302,20.560980,-0.028602,0.866149,0.065556,0.494642,6.439605,91.116859,21.047258,-0.027822,0.863359,0.084266,0.496725,4.629881,106.773827,22.396152,0.075277,0.928419,0.043880,0.361174,2.278677,124.338089,24.499472,0.077266,0.975892,-0.043084,0.199520,4.949229,137.840866,25.059391,-0.081774,0.740294,0.217346,0.630903,0.660975,119.034111,20.994545,0.340601,-0.539241,-0.170012,-0.751203,-2.507906,121.581436,4.869024,-0.014437,0.176216,-0.578818,-0.796058,6.426657,118.808998,-18.071810,0.032213,0.194486,-0.314421,-0.928589,11.925309,137.624573,-11.968164,-0.225032,0.836178,0.204974,0.456237,4.213840,118.783127,27.062050,0.228871,0.914868,0.304233,-0.134449,12.236520,121.931229,41.284893,-0.157205,0.265736,0.384654,-0.869892,33.520199,113.582947,31.739946,-0.131000,0.106092,0.506791,-0.845427,22.853498,127.848030,25.270956,0.072153,0.857738,0.101209,0.498834,2.738876,83.874771,13.060132,0.090377,0.986188,0.009863,0.138450,1.939950,49.922962,4.455452,-0.002940,0.973523,0.109208,0.200793,-6.124734,4.736719,2.411875,-0.033980,0.893822,-0.121072,0.430428,11.996132,84.055832,28.061829,0.036958,0.895456,-0.073936,0.437408,10.472811,50.129501,36.669273,-0.054970,0.864400,0.081875,0.493040,4.459920,4.811591,41.267548,-0.002940,0.973523,0.109208,0.200793,-0.680080,1.971042,-10.639826,-0.054970,0.864400,0.081875,0.493040,16.617706,1.781761,34.150772
590,4.916667,-0.038944,0.871214,0.060493,0.485603,7.319386,83.988098,20.519123,-0.027817,0.866088,0.064649,0.494912,6.404275,91.141144,21.007597,-0.027839,0.863199,0.083516,0.497130,4.630234,106.799065,22.343216,0.075368,0.928362,0.043253,0.361376,2.290741,124.367783,24.422235,0.077796,0.975851,-0.043457,0.199435,4.969882,137.869446,24.967817,-0.081275,0.740230,0.216843,0.631215,0.672093,119.060638,20.922548,0.340565,-0.539140,-0.169686,-0.751366,-2.486371,121.612106,4.795635,-0.014030,0.177280,-0.578658,-0.795946,6.459106,118.831573,-18.139978,0.032849,0.196213,-0.314858,-0.928055,11.950493,137.643326,-12.011610,-0.224236,0.836440,0.203860,0.456649,4.219288,118.814560,26.993572,0.229981,0.914929,0.303797,-0.133122,12.241364,121.956596,41.218098,-0.156920,0.266687,0.385722,-0.869180,33.517403,113.534393,31.721163,-0.129933,0.107431,0.507178,-0.845190,22.898943,127.829918,25.228920,0.072379,0.857157,0.103251,0.499381,2.688723,83.907822,13.019414,0.089991,0.986181,0.007667,0.138887,1.954531,49.987549,4.285573,-0.002199,0.973845,0.108128,0.199825,-6.102748,4.791367,2.442291,-0.033910,0.893809,-0.121315,0.430394,11.950050,84.068367,28.018833,0.036201,0.895165,-0.073932,0.438068,10.415266,50.145840,36.639217,-0.054724,0.864349,0.081720,0.493182,4.461314,4.822791,41.263470,-0.002199,0.973845,0.108128,0.199825,-0.691050,1.992106,-10.615960,-0.054724,0.864349,0.081720,0.493182,16.619236,1.785718,34.150005
591,4.925000,-0.038059,0.871355,0.060200,0.485457,7.269207,84.016022,20.470997,-0.027125,0.866081,0.063777,0.495077,6.367347,91.170570,20.962202,-0.027636,0.863124,0.082629,0.497420,4.626245,106.827530,22.284121,0.075490,0.928289,0.042841,0.361588,2.307966,124.401901,24.338917,0.077976,0.975811,-0.043933,0.199457,4.994377,137.902466,24.876013,-0.081053,0.740281,0.216511,0.631298,0.684606,119.092285,20.845175,0.340531,-0.538922,-0.169149,-0.751658,-2.471572,121.642746,4.717652,-0.013391,0.178576,-0.578590,-0.795717,6.494533,118.849266,-18.208328,0.033915,0.198416,-0.315358,-0.927378,11.970545,137.658493,-12.054108,-0.223571,0.836652,0.202643,0.457127,4.227901,118.849586,26.918612,0.231170,0.914820,0.304043,-0.131236,12.245361,121.989952,41.146107,-0.156260,0.267882,0.386811,-0.868447,33.518948,113.488342,31.714642,-0.128755,0.109199,0.506327,-0.845654,22.957726,127.807831,25.188000,0.072491,0.856818,0.105440,0.499490,2.634855,83.946602,12.973454,0.089593,0.986506,0.005706,0.136917,1.973029,50.059486,4.106153,-0.001380,0.974198,0.106671,0.198891,-6.076909,4.854327,2.461656,-0.033809,0.893634,-0.121420,0.430735,11.903559,84.085449,27.968538,0.035319,0.894722,-0.074090,0.439016,10.355956,50.164211,36.591721,-0.053108,0.864285,0.081906,0.493440,4.463146,4.837513,41.258369,-0.001380,0.974198,0.106671,0.198891,-0.698631,2.010550,-10.600782,-0.053108,0.864285,0.081906,0.493440,16.614611,1.782211,34.141678
592,4.933333,-0.037113,0.871474,0.059837,0.485361,7.212801,84.038925,20.419296,-0.026683,0.866046,0.062812,0.495286,6.325419,91.195129,20.912716,-0.027204,0.863058,0.081588,0.497729,4.610684,106.860779,22.215218,0.075744,0.928244,0.041982,0.361750,2.323374,124.442116,24.245110,0.078039,0.975803,-0.044115,0.199429,5.024724,137.940430,24.763374,-0.080961,0.740511,0.215753,0.631300,0.692338,119.130775,20.757530,0.340512,-0.538441,-0.168617,-0.752131,-2.464276,121.666954,4.627846,-0.012800,0.180050,-0.578647,-0.795352,6.536442,118.866241,-18.283680,0.035033,0.200673,-0.316675,-0.926402,11.988381,137.673492,-12.097618,-0.222945,0.836895,0.201161,0.457642,4.231640,118.889748,26.833361,0.232585,0.914858,0.303641,-0.129388,12.242708,122.033562,41.063698,-0.155711,0.269482,0.387858,-0.867583,33.507645,113.436958,31.699089,-0.128408,0.110954,0.506169,-0.845573,23.010080,127.781715,25.126917,0.072770,0.856668,0.107822,0.499198,2.575553,83.980736,12.923452,0.088957,0.986824,0.003512,0.135102,1.978883,50.132034,3.906027,-0.000508,0.974568,0.105333,0.197794,-6.044242,4.914594,2.483179,-0.033848,0.893278,-0.121450,0.431461,11.850049,84.097115,27.915140,0.034391,0.894052,-0.074255,0.440426,10.296965,50.176579,36.540062,-0.052717,0.864177,0.081833,0.493682,4.466357,4.846177,41.248669,-0.000508,0.974568,0.105333,0.197794,-0.703915,2.029514,-10.585773,-0.052717,0.864177,0.081833,0.493682,16.618782,1.783580,34.136753
593,4.941667,-0.036480,0.871616,0.059810,0.485157,7.158991,84.068565,20.363941,-0.026193,0.866141,0.061692,0.495286,6.279887,91.225494,20.861700,-0.026873,0.863108,0.080964,0.497763,4.596996,106.887459,22.140663,0.075524,0.928276,0.040872,0.361843,2.330814,124.473045,24.157324,0.078454,0.975705,-0.044230,0.199721,5.037526,137.971420,24.645407,-0.080927,0.740324,0.215325,0.631669,0.693367,119.161057,20.673767,0.339929,-0.538352,-0.167743,-0.752654,-2.447892,121.692238,4.540303,-0.012451,0.181352,-0.578733,-0.795000,6.572127,118.880341,-18.362257,0.036181,0.203402,-0.317441,-0.925500,12.001574,137.687042,-12.143532,-0.222099,0.837302,0.199641,0.457975,4.232440,118.920349,26.749743,0.233837,0.914834,0.303556,-0.127485,12.245881,122.064568,40.978645,-0.154967,0.270978,0.389554,-0.866489,33.506088,113.382278,31.682608,-0.126480,0.111833,0.506475,-0.845565,23.090130,127.766502,25.072121,0.072896,0.856481,0.110413,0.498934,2.517419,84.019577,12.870711,0.088491,0.987073,0.001160,0.133624,2.002762,50.211788,3.696141,0.000461,0.974997,0.103466,0.196662,-6.009397,4.985720,2.504314,-0.033833,0.892865,-0.121380,0.432336,11.800563,84.117554,27.857172,0.033477,0.893322,-0.074600,0.441915,10.240224,50.195755,36.475807,-0.052557,0.864005,0.081411,0.494070,4.462769,4.864374,41.240173,0.000461,0.974997,0.103466,0.196662,-0.709727,2.044175,-10.568595,-0.052557,0.864005,0.081411,0.494070,16.619022,1.789234,34.140236
594,4.950000,-0.035670,0.871860,0.059525,0.484814,7.096266,84.094040,20.299097,-0.025496,0.866241,0.060778,0.495259,6.229527,91.252304,20.799322,-0.026579,0.863153,0.079922,0.497868,4.580284,106.916275,22.064157,0.076069,0.928285,0.040263,0.361773,2.341321,124.508408,24.053991,0.078351,0.975771,-0.045022,0.199263,5.067672,138.003189,24.531521,-0.081069,0.740233,0.215111,0.631831,0.696067,119.193733,20.578201,0.339506,-0.538279,-0.167067,-0.753047,-2.437660,121.718307,4.442231,-0.011933,0.183181,-0.578712,-0.794603,6.597467,118.896957,-18.453220,0.037643,0.206708,-0.318356,-0.924394,12.001738,137.700729,-12.188654,-0.221171,0.837732,0.198406,0.458173,4.233887,118.956650,26.655050,0.234901,0.914776,0.303581,-0.125878,12.254987,122.095665,40.880795,-0.154849,0.272112,0.390486,-0.865735,33.510662,113.341820,31.641670,-0.125654,0.114538,0.506630,-0.845232,23.143133,127.754303,25.003868,0.073031,0.856387,0.113262,0.498437,2.447806,84.054535,12.810079,0.087983,0.987216,-0.001492,0.132897,2.021168,50.292789,3.463064,0.001067,0.975444,0.101456,0.195487,-5.978623,5.058580,2.523954,-0.034101,0.892400,-0.121342,0.433284,11.744726,84.133545,27.788118,0.032619,0.892546,-0.074936,0.443489,10.193123,50.212376,36.410816,-0.052225,0.863864,0.081176,0.494390,4.463918,4.880407,41.227531,0.001067,0.975444,0.101456,0.195487,-0.718006,2.058578,-10.551450,-0.052225,0.863864,0.081176,0.494390,16.622276,1.794862,34.135704
595,4.958333,-0.035025,0.872133,0.059581,0.484363,7.042989,84.113098,20.226654,-0.025126,0.866382,0.059934,0.495136,6.184238,91.271927,20.732569,-0.026295,0.863263,0.078877,0.497859,4.557686,106.947052,21.981031,0.076153,0.928296,0.039406,0.361821,2.345962,124.545647,23.944008,0.078385,0.975735,-0.045371,0.199343,5.082846,138.039032,24.400608,-0.081203,0.740378,0.214618,0.631812,0.692147,119.228157,20.476599,0.339295,-0.537945,-0.166527,-0.753500,-2.441649,121.738556,4.338428,-0.011219,0.185335,-0.578616,-0.794185,6.620202,118.912056,-18.545824,0.039196,0.209920,-0.318892,-0.923420,11.996632,137.707672,-12.230959,-0.220135,0.838291,0.197080,0.458223,4.230306,118.994995,26.553404,0.236223,0.914694,0.303630,-0.123867,12.265078,122.129150,40.772507,-0.154427,0.273543,0.392165,-0.864600,33.514786,113.286400,31.604588,-0.123890,0.115806,0.506179,-0.845591,23.226749,127.741028,24.935249,0.073066,0.856484,0.116312,0.497561,2.386020,84.083344,12.742877,0.088044,0.987109,-0.004361,0.133589,2.056151,50.371002,3.215370,0.001784,0.975668,0.099225,0.195510,-5.983597,5.139324,2.530149,-0.034105,0.891683,-0.121396,0.434743,11.699958,84.142853,27.710432,0.031524,0.891337,-0.075303,0.445931,10.132843,50.222622,36.334026,-0.051877,0.863599,0.081276,0.494874,4.465140,4.889262,41.210083,0.001784,0.975668,0.099225,0.195510,-0.732404,2.073560,-10.533788,-0.051877,0.863599,0.081276,0.494874,16.629101,1.801299,34.128918
596,4.966667,-0.034585,0.872421,0.059899,0.483836,7.000583,84.137306,20.145185,-0.025028,0.866581,0.059417,0.494855,6.145468,91.296021,20.658714,-0.026089,0.863479,0.077713,0.497678,4.530353,106.970634,21.894962,0.076404,0.928419,0.038477,0.361553,2.345975,124.576118,23.826517,0.078639,0.975781,-0.045840,0.198911,5.098005,138.067154,24.260681,-0.081211,0.740314,0.214383,0.631965,0.682464,119.254723,20.369764,0.338814,-0.537619,-0.165740,-0.754123,-2.444835,121.761276,4.229739,-0.010399,0.187728,-0.578730,-0.793550,6.647380,118.928802,-18.641720,0.041251,0.214469,-0.320401,-0.921762,11.982912,137.722748,-12.271634,-0.219086,0.838975,0.195773,0.458034,4.223307,119.027481,26.445229,0.237488,0.914774,0.303122,-0.122086,12.279185,122.158493,40.653069,-0.154056,0.274838,0.393612,-0.863597,33.520901,113.227615,31.552305,-0.121931,0.117636,0.506677,-0.845324,23.302088,127.719543,24.853369,0.073400,0.856286,0.119149,0.497183,2.334084,84.116310,12.667319,0.087566,0.987008,-0.007355,0.134509,2.080994,50.454212,2.961475,0.003069,0.976044,0.096998,0.194731,-5.951971,5.218038,2.546193,-0.034115,0.891224,-0.121567,0.435635,11.667081,84.158295,27.623051,0.030635,0.890398,-0.075737,0.447792,10.086664,50.241028,36.255882,-0.051313,0.863265,0.081036,0.495554,4.463637,4.908609,41.192089,0.003069,0.976044,0.096998,0.194731,-0.735992,2.084259,-10.515706,-0.051313,0.863265,0.081036,0.495554,16.633785,1.806893,34.127590
597,4.975000,-0.033802,0.873133,0.059313,0.482678,6.930693,84.149338,20.063810,-0.024636,0.866904,0.058681,0.494396,6.090192,91.309837,20.576599,-0.025912,0.863702,0.076479,0.497492,4.497656,106.990288,21.799948,0.076744,0.928620,0.037689,0.361046,2.340944,124.602890,23.697393,0.078899,0.975931,-0.046624,0.197890,5.108751,138.091309,24.112572,-0.081247,0.740476,0.214018,0.631894,0.667611,119.277122,20.252132,0.338481,-0.537144,-0.165004,-0.754772,-2.462499,121.774147,4.111178,-0.009608,0.190520,-0.578874,-0.792789,6.667055,118.936279,-18.744732,0.043170,0.219032,-0.321439,-0.920238,11.953775,137.726929,-12.306545,-0.217895,0.839783,0.194465,0.457679,4.211198,119.056664,26.326244,0.238747,0.914686,0.303172,-0.120151,12.295203,122.182533,40.519230,-0.152961,0.275951,0.394827,-0.862882,33.530434,113.166832,31.487221,-0.120350,0.119059,0.507937,-0.844595,23.369694,127.685043,24.749035,0.073072,0.856839,0.122798,0.495387,2.243510,84.133743,12.598878,0.087167,0.987077,-0.010340,0.134071,2.118913,50.530128,2.690006,0.003746,0.976423,0.094634,0.193983,-5.914835,5.292401,2.553985,-0.034369,0.890693,-0.121602,0.436689,11.617875,84.164932,27.528742,0.029717,0.889387,-0.076292,0.449764,10.041999,50.249481,36.169525,-0.050931,0.862980,0.080933,0.496107,4.460183,4.919729,41.176426,0.003746,0.976423,0.094634,0.193983,-0.728382,2.089997,-10.503027,-0.050931,0.862980,0.080933,0.496107,16.636150,1.810164,34.125427
598,4.983333,-0.033425,0.873744,0.059530,0.481571,6.881748,84.157883,19.971680,-0.024760,0.867280,0.057855,0.493826,6.045158,91.318382,20.490889,-0.025574,0.864054,0.075305,0.497078,4.462146,107.008972,21.691372,0.077169,0.928757,0.036616,0.360715,2.337503,124.628540,23.559965,0.078706,0.975988,-0.047022,0.197589,5.126172,138.113388,23.950417,-0.081270,0.740810,0.214110,0.631468,0.651443,119.299576,20.125883,0.338216,-0.536628,-0.164163,-0.755441,-2.496414,121.794060,3.987989,-0.008728,0.193640,-0.578886,-0.792034,6.674329,118.945930,-18.850149,0.045103,0.223998,-0.322694,-0.918509,11.911995,137.727600,-12.336247,-0.216662,0.840684,0.193265,0.457118,4.201065,119.083786,26.196640,0.240127,0.914874,0.302150,-0.118529,12.319951,122.203575,40.371044,-0.153547,0.278071,0.396639,-0.861265,33.541626,113.092735,31.402868,-0.119164,0.121104,0.507412,-0.844788,23.479223,127.665123,24.631306,0.073068,0.856730,0.126158,0.494731,2.175307,84.148422,12.518865,0.086966,0.987018,-0.013412,0.134360,2.162304,50.603390,2.412681,0.004175,0.976764,0.091869,0.193584,-5.891002,5.369157,2.555389,-0.034430,0.890135,-0.121654,0.437806,11.588189,84.167351,27.424496,0.028835,0.888472,-0.077007,0.451503,10.003722,50.253071,36.068298,-0.050516,0.862687,0.080851,0.496671,4.454604,4.928646,41.159069,0.004175,0.976764,0.091869,0.193584,-0.723726,2.088178,-10.489713,-0.050516,0.862687,0.080851,0.496671,16.636391,1.811242,34.121593
599,4.991667,-0.033061,0.874308,0.059264,0.480605,6.832208,84.163452,19.874569,-0.024805,0.867794,0.057171,0.493002,6.002619,91.324753,20.393900,-0.025408,0.864592,0.074284,0.496303,4.429961,107.019592,21.576607,0.077025,0.929111,0.035894,0.359906,2.330098,124.644920,23.418789,0.079189,0.976087,-0.048023,0.196665,5.121356,138.129883,23.785919,-0.081891,0.740896,0.214304,0.631222,0.631249,119.312111,19.997002,0.337415,-0.536328,-0.163625,-0.756128,-2.523606,121.793350,3.858432,-0.008327,0.197088,-0.578996,-0.791107,6.671789,118.956947,-18.971251,0.047380,0.229263,-0.324182,-0.916569,11.850039,137.726654,-12.360510,-0.215718,0.841600,0.191774,0.456506,4.191818,119.102440,26.061558,0.241151,0.914663,0.302747,-0.116546,12.342880,122.228989,40.215992,-0.151636,0.278886,0.397709,-0.860846,33.563217,113.048004,31.316441,-0.116765,0.122460,0.509012,-0.843965,23.551443,127.631882,24.500923,0.073157,0.856768,0.129622,0.493757,2.108952,84.155998,12.432396,0.087036,0.986796,-0.016757,0.135567,2.201645,50.673950,2.119857,0.004192,0.976989,0.089020,0.193780,-5.899400,5.450106,2.555109,-0.034504,0.889599,-0.121625,0.438896,11.555464,84.170906,27.316740,0.027859,0.887426,-0.077824,0.453479,9.965863,50.256504,35.959118,-0.050757,0.862426,0.080541,0.497150,4.451066,4.938608,41.144485,0.004192,0.976989,0.089020,0.193780,-0.732499,2.090059,-10.470000,-0.050757,0.862426,0.080541,0.497150,16.641161,1.817108,34.123230
600,5.000000,-0.032829,0.874929,0.059047,0.479516,6.773631,84.158447,19.770782,-0.024909,0.868423,0.056329,0.491985,5.949115,91.320343,20.290024,-0.025444,0.865253,0.073194,0.495311,4.387273,107.026138,21.450523,0.077027,0.929620,0.034852,0.358690,2.307611,124.657143,23.261051,0.079817,0.976304,-0.048593,0.195186,5.107773,138.141098,23.596310,-0.082330,0.741117,0.214601,0.630804,0.596032,119.318810,19.854250,0.337091,-0.535457,-0.163170,-0.756988,-2.573939,121.791885,3.717387,-0.007805,0.200998,-0.579391,-0.789838,6.675087,118.968567,-19.092247,0.049275,0.234898,-0.326021,-0.914388,11.771729,137.728287,-12.375528,-0.214705,0.842785,0.190650,0.455267,4.170426,119.118454,25.910982,0.242384,0.914938,0.301479,-0.115109,12.373559,122.250046,40.034187,-0.151813,0.280098,0.399260,-0.859703,33.580868,112.981125,31.194942,-0.113956,0.124681,0.508947,-0.844062,23.639341,127.610573,24.361998,0.073036,0.856951,0.132987,0.492559,2.031669,84.151222,12.340515,0.086830,0.986764,-0.019802,0.135517,2.235994,50.729847,1.834575,0.004118,0.977279,0.086680,0.193378,-5.883913,5.512932,2.548824,-0.035007,0.888855,-0.121484,0.440402,11.515594,84.165665,27.201050,0.027087,0.886426,-0.078778,0.455312,9.947039,50.251301,35.847420,-0.050128,0.862121,0.080711,0.497715,4.444648,4.943240,41.130966,0.004118,0.977279,0.086680,0.193378,-0.731124,2.088791,-10.465177,-0.050128,0.862121,0.080711,0.497715,16.639824,1.817015,34.120640
601,5.008333,-0.033098,0.875780,0.058964,0.477951,6.729805,84.152481,19.659704,-0.025342,0.869282,0.055474,0.490540,5.903390,91.314270,20.177509,-0.025153,0.866166,0.072251,0.493866,4.343709,107.033371,21.311211,0.077302,0.930026,0.034229,0.357638,2.292607,124.669792,23.101433,0.079675,0.976414,-0.049596,0.194445,5.104623,138.151703,23.418915,-0.082720,0.742017,0.214643,0.629680,0.562678,119.328377,19.708755,0.336707,-0.534536,-0.163040,-0.757837,-2.652301,121.782211,3.577858,-0.007297,0.205181,-0.579431,-0.788738,6.647657,118.986389,-19.214447,0.050911,0.240844,-0.327905,-0.912075,11.672984,137.725952,-12.382531,-0.213383,0.843938,0.189599,0.454191,4.157384,119.132843,25.753614,0.243200,0.914880,0.301457,-0.113893,12.411896,122.258247,39.848225,-0.150476,0.281065,0.400229,-0.859172,33.613350,112.934700,31.052504,-0.112455,0.125123,0.510227,-0.843426,23.720007,127.581581,24.177738,0.073009,0.857287,0.136534,0.491007,1.961745,84.138290,12.246164,0.086720,0.986906,-0.022848,0.134068,2.273480,50.783634,1.532909,0.003237,0.977605,0.084040,0.192913,-5.872446,5.576902,2.536580,-0.035347,0.888385,-0.121360,0.441356,11.497864,84.166679,27.073244,0.026312,0.885168,-0.079926,0.457599,9.945059,50.251877,35.720753,-0.050830,0.861959,0.079736,0.498081,4.443997,4.956764,41.115471,0.003237,0.977605,0.084040,0.192913,-0.728684,2.084556,-10.462862,-0.050830,0.861959,0.079736,0.498081,16.646807,1.816728,34.124630
602,5.016667,-0.033079,0.876853,0.058893,0.475990,6.684683,84.144630,19.532890,-0.025553,0.870102,0.055004,0.489126,5.860154,91.306549,20.051781,-0.025622,0.866928,0.071095,0.492672,4.302809,107.036659,21.172525,0.077635,0.930585,0.033136,0.356211,2.259928,124.678146,22.921766,0.080174,0.976702,-0.050050,0.192664,5.089336,138.157120,23.208345,-0.083388,0.742723,0.215450,0.628482,0.519831,119.328156,19.547861,0.336507,-0.533420,-0.162795,-0.758764,-2.741566,121.771873,3.424753,-0.007029,0.209747,-0.579812,-0.787258,6.621385,118.998245,-19.344456,0.052221,0.246933,-0.329852,-0.909667,11.552212,137.721848,-12.381198,-0.212329,0.845407,0.189431,0.452016,4.130788,119.147835,25.583500,0.243441,0.915054,0.301248,-0.112531,12.465755,122.270287,39.631340,-0.149171,0.281577,0.400967,-0.858888,33.676689,112.912216,30.895340,-0.108954,0.125665,0.510516,-0.843630,23.816286,127.568474,23.991007,0.073042,0.857580,0.139808,0.489566,1.883628,84.127472,12.140686,0.086490,0.987023,-0.025840,0.132807,2.290463,50.836552,1.234113,0.003032,0.977838,0.081652,0.192761,-5.869465,5.639556,2.522216,-0.035811,0.887889,-0.121368,0.442312,11.485739,84.161781,26.925097,0.025567,0.883827,-0.081176,0.460008,9.952200,50.249447,35.585690,-0.049603,0.861615,0.080348,0.498702,4.444338,4.969281,41.097733,0.003032,0.977838,0.081652,0.192761,-0.732229,2.082499,-10.462251,-0.049603,0.861615,0.080348,0.498702,16.650291,1.826823,34.113476
603,5.025000,-0.033039,0.878053,0.058390,0.473837,6.627521,84.131851,19.400549,-0.026088,0.871339,0.053898,0.487015,5.808216,91.294655,19.915380,-0.025496,0.868197,0.070713,0.490494,4.255717,107.029091,21.001301,0.076915,0.931375,0.032349,0.354371,2.227795,124.672745,22.746109,0.081234,0.976822,-0.050952,0.191374,5.044475,138.155075,22.997725,-0.083555,0.743772,0.216262,0.626939,0.468904,119.320557,19.385439,0.336599,-0.532033,-0.162531,-0.759754,-2.855991,121.763123,3.275132,-0.006595,0.214574,-0.580434,-0.785500,6.584455,119.008217,-19.464329,0.053642,0.253377,-0.331977,-0.907036,11.402453,137.717010,-12.368662,-0.211335,0.846973,0.188454,0.449955,4.110080,119.143990,25.403006,0.243881,0.915051,0.301221,-0.111667,12.520896,122.277092,39.403179,-0.148120,0.281909,0.402081,-0.858440,33.730801,112.886047,30.700111,-0.105470,0.126194,0.510514,-0.843995,23.911516,127.562309,23.780090,0.072500,0.858072,0.143507,0.487710,1.790367,84.108177,12.031935,0.086959,0.987102,-0.029390,0.131167,2.335463,50.885155,0.926176,0.002992,0.978002,0.079013,0.193028,-5.906532,5.713651,2.543884,-0.036397,0.887478,-0.121392,0.443082,11.464675,84.155518,26.769165,0.024862,0.882678,-0.082423,0.462027,9.959229,50.246544,35.447838,-0.050376,0.861552,0.078881,0.498967,4.443313,4.981852,41.077648,0.002992,0.978002,0.079013,0.193028,-0.767014,2.084013,-10.419574,-0.050376,0.861552,0.078881,0.498967,16.654243,1.814605,34.113319
604,5.033333,-0.032794,0.879356,0.058112,0.471467,6.569226,84.116867,19.249630,-0.026084,0.872627,0.053151,0.484785,5.756297,91.280380,19.764824,-0.025960,0.869457,0.070161,0.488311,4.217547,107.023117,20.834591,0.077448,0.932150,0.031200,0.352315,2.189177,124.668694,22.559366,0.081279,0.977166,-0.051761,0.189371,5.027913,138.146973,22.777811,-0.084336,0.744868,0.217217,0.625201,0.416485,119.309906,19.216524,0.336388,-0.530790,-0.162831,-0.760652,-2.976462,121.737419,3.118132,-0.006291,0.220280,-0.580628,-0.783778,6.524614,119.027344,-19.601463,0.055202,0.260929,-0.333818,-0.904121,11.233242,137.710434,-12.341007,-0.210475,0.848509,0.188461,0.447453,4.087389,119.145416,25.216347,0.244235,0.915307,0.300202,-0.111541,12.584944,122.280624,39.163570,-0.147728,0.282142,0.402833,-0.858078,33.787682,112.862953,30.471825,-0.102531,0.127076,0.510466,-0.844253,23.995033,127.557228,23.545410,0.071807,0.858314,0.147010,0.486342,1.692281,84.091476,11.907293,0.086987,0.987256,-0.032423,0.129257,2.383427,50.932747,0.619011,0.003026,0.978235,0.076567,0.192834,-5.893141,5.778906,2.527229,-0.037367,0.887168,-0.121216,0.443670,11.446172,84.142258,26.591965,0.024458,0.881768,-0.084095,0.463482,10.000743,50.235306,35.288734,-0.050033,0.861273,0.078642,0.499521,4.437354,4.994380,41.061031,0.003026,0.978235,0.076567,0.192834,-0.763541,2.081981,-10.421140,-0.050033,0.861273,0.078642,0.499521,16.653845,1.816478,34.111317
605,5.041667,-0.033171,0.880822,0.057888,0.468722,6.531135,84.105103,19.098475,-0.026794,0.874150,0.052519,0.482065,5.716536,91.268631,19.610796,-0.026508,0.871021,0.069553,0.485575,4.171582,107.007324,20.656652,0.076782,0.933087,0.030476,0.350034,2.142149,124.654915,22.359461,0.082322,0.977355,-0.052758,0.187664,4.968152,138.136383,22.543264,-0.084997,0.745964,0.218711,0.623280,0.352417,119.288429,19.038103,0.335684,-0.529550,-0.162834,-0.761826,-3.116549,121.713577,2.955562,-0.006116,0.226672,-0.581002,-0.781677,6.449639,119.052231,-19.742462,0.057453,0.269571,-0.335510,-0.900813,11.023932,137.701935,-12.297482,-0.209552,0.850443,0.188413,0.444225,4.060411,119.138084,25.015446,0.244098,0.915471,0.299798,-0.111584,12.666610,122.281647,38.894009,-0.147029,0.281883,0.402979,-0.858214,33.872192,112.866608,30.206364,-0.099959,0.127528,0.510230,-0.844636,24.075949,127.562714,23.275238,0.071450,0.858969,0.150285,0.484233,1.609143,84.068352,11.786306,0.086661,0.987212,-0.035549,0.128992,2.407908,50.974274,0.316870,0.003088,0.978411,0.074196,0.192868,-5.875060,5.834770,2.514561,-0.038076,0.887167,-0.121347,0.443576,11.453126,84.141853,26.410643,0.024168,0.881115,-0.085713,0.464442,10.048479,50.240887,35.137337,-0.049942,0.861170,0.077651,0.499862,4.433570,5.023914,41.045849,0.003088,0.978411,0.074196,0.192868,-0.749666,2.072450,-10.416624,-0.049942,0.861170,0.077651,0.499862,16.651642,1.820618,34.110580
606,5.050000,-0.033452,0.882598,0.055661,0.465622,6.466868,84.096336,18.967554,-0.027572,0.875985,0.051339,0.478805,5.665415,91.263245,19.452553,-0.026674,0.872918,0.069063,0.482217,4.121191,106.998932,20.459312,0.077432,0.934175,0.029586,0.347053,2.101553,124.648621,22.151915,0.082016,0.977840,-0.053602,0.185010,4.948699,138.126022,22.306299,-0.085813,0.747414,0.220596,0.620763,0.287486,119.277000,18.852140,0.335003,-0.528314,-0.162729,-0.763005,-3.281011,121.698357,2.790819,-0.005998,0.233584,-0.580879,-0.779732,6.351654,119.080948,-19.884190,0.059582,0.278053,-0.336931,-0.897560,10.802126,137.684937,-12.236039,-0.209031,0.852167,0.189126,0.440850,4.041083,119.136009,24.801182,0.243934,0.915567,0.299512,-0.111920,12.753883,122.287544,38.611256,-0.146493,0.282010,0.402994,-0.858258,33.959717,112.882195,29.913734,-0.098563,0.127852,0.508767,-0.845633,24.167871,127.572563,22.970800,0.070410,0.859893,0.154272,0.481484,1.494137,84.032738,11.689983,0.086539,0.987261,-0.038496,0.127850,2.456501,51.013409,0.019437,0.004073,0.978526,0.072235,0.193010,-5.846665,5.892017,2.495179,-0.038783,0.887457,-0.120823,0.443079,11.439600,84.159935,26.245123,0.023724,0.880314,-0.087499,0.465649,10.100176,50.253868,34.962276,-0.049403,0.861067,0.076606,0.500255,4.437044,5.063373,41.025265,0.004073,0.978526,0.072235,0.193010,-0.730542,2.070908,-10.422430,-0.049403,0.861067,0.076606,0.500255,16.654140,1.826977,34.103672
607,5.058333,-0.033684,0.884520,0.055104,0.462010,6.426030,84.088005,18.796223,-0.028096,0.877942,0.050324,0.475285,5.627303,91.255585,19.275839,-0.027482,0.874845,0.069023,0.478673,4.089108,106.980118,20.251898,0.077069,0.935316,0.029122,0.344087,2.051823,124.628448,21.937546,0.082307,0.978188,-0.054904,0.182646,4.890316,138.107971,22.063984,-0.086263,0.749280,0.222449,0.617782,0.221122,119.249329,18.659248,0.334320,-0.526857,-0.163268,-0.764196,-3.467581,121.670357,2.625056,-0.005892,0.241140,-0.580604,-0.777635,6.232522,119.124985,-20.029394,0.061568,0.287453,-0.338015,-0.894050,10.549864,137.675522,-12.159247,-0.208585,0.854318,0.190069,0.436471,4.022026,119.122734,24.578499,0.243267,0.915569,0.299683,-0.112890,12.868797,122.290398,38.299419,-0.145818,0.280711,0.402774,-0.858902,34.079926,112.930618,29.565716,-0.095862,0.127458,0.508001,-0.846463,24.251553,127.612396,22.645231,0.069638,0.860726,0.157451,0.479072,1.394508,84.011566,11.559299,0.085793,0.987078,-0.041646,0.128773,2.479932,51.054085,-0.274143,0.005150,0.978773,0.070338,0.192432,-5.794639,5.944067,2.488096,-0.039447,0.887971,-0.120828,0.441988,11.457553,84.164444,26.033148,0.023397,0.879735,-0.089600,0.466358,10.169916,50.262104,34.772594,-0.048795,0.860971,0.075697,0.500618,4.438795,5.104369,41.013222,0.005150,0.978773,0.070338,0.192432,-0.707175,2.065937,-10.423838,-0.048795,0.860971,0.075697,0.500618,16.654345,1.837241,34.103340
608,5.066667,-0.034042,0.886812,0.054750,0.457611,6.382094,84.058365,18.605114,-0.028737,0.880213,0.049676,0.471096,5.583523,91.226158,19.081787,-0.028033,0.877097,0.069014,0.474503,4.041242,106.957268,20.037937,0.076815,0.936653,0.028196,0.340566,1.994923,124.604546,21.723598,0.082623,0.978605,-0.055913,0.179942,4.830876,138.084915,21.808926,-0.086819,0.751448,0.224141,0.614450,0.141167,119.219292,18.468405,0.333667,-0.525193,-0.164089,-0.765450,-3.680895,121.630112,2.463935,-0.005975,0.249107,-0.580221,-0.775405,6.092657,119.170593,-20.168423,0.063160,0.297104,-0.339011,-0.890400,10.269136,137.660797,-12.060375,-0.208406,0.856566,0.191331,0.431572,3.997574,119.104477,24.351892,0.242279,0.917307,0.293897,-0.116077,12.988281,122.295471,37.973492,-0.149213,0.281232,0.402094,-0.858466,34.187012,112.973701,29.169321,-0.094603,0.128127,0.505140,-0.848214,24.345684,127.670738,22.282209,0.068834,0.861701,0.160793,0.476317,1.279686,83.967850,11.418153,0.084831,0.986868,-0.044964,0.129896,2.490065,51.077087,-0.587551,0.006655,0.978935,0.069258,0.191952,-5.739480,5.978384,2.477403,-0.040230,0.888390,-0.121215,0.440967,11.484502,84.148880,25.792074,0.023035,0.879045,-0.091775,0.467254,10.243416,50.257481,34.580532,-0.047513,0.860823,0.075907,0.500964,4.442224,5.134454,41.004745,0.006655,0.978935,0.069258,0.191952,-0.680656,2.063493,-10.434693,-0.047513,0.860823,0.075907,0.500964,16.654774,1.854217,34.095772
609,5.075000,-0.034539,0.889384,0.053909,0.452656,6.343648,84.028374,18.414743,-0.029780,0.882763,0.049155,0.466291,5.546836,91.196999,18.881828,-0.028746,0.879655,0.069039,0.469696,3.987463,106.936310,19.816900,0.076311,0.938142,0.027266,0.336636,1.927636,124.582031,21.502522,0.083135,0.979012,-0.057038,0.177118,4.753855,138.064651,21.542711,-0.087256,0.753661,0.226246,0.610896,0.048652,119.189362,18.274179,0.332223,-0.523745,-0.164512,-0.766978,-3.915741,121.599129,2.304208,-0.007071,0.257087,-0.579891,-0.773035,5.926188,119.229523,-20.308102,0.063911,0.306368,-0.339721,-0.886929,9.953273,137.645203,-11.941075,-0.207687,0.859261,0.192498,0.426006,3.968357,119.088867,24.115953,0.240841,0.917777,0.292545,-0.118736,13.127777,122.296883,37.620651,-0.149402,0.279647,0.400840,-0.859537,34.330009,113.065651,28.729942,-0.092840,0.127619,0.503611,-0.849394,24.416346,127.731644,21.878653,0.067717,0.863035,0.164179,0.472895,1.162315,83.917023,11.284768,0.084078,0.986768,-0.048037,0.130048,2.507423,51.092697,-0.887275,0.007902,0.979062,0.068176,0.191646,-5.690483,6.008586,2.463758,-0.040928,0.889271,-0.121809,0.438959,11.524982,84.139725,25.544718,0.023017,0.879158,-0.094005,0.466598,10.328674,50.262405,34.393456,-0.047963,0.860944,0.073977,0.501002,4.438634,5.177370,41.000973,0.007902,0.979062,0.068176,0.191646,-0.653506,2.058158,-10.446056,-0.047963,0.860944,0.073977,0.501002,16.648643,1.856619,34.106869
610,5.083333,-0.035117,0.892106,0.053381,0.447286,6.312422,84.004280,18.208017,-0.031063,0.885647,0.048310,0.460794,5.514401,91.173141,18.669365,-0.029292,0.882611,0.069283,0.464046,3.937769,106.906929,19.571342,0.075913,0.939759,0.026803,0.332222,1.867574,124.550293,21.268671,0.083126,0.979468,-0.058389,0.174136,4.681571,138.035538,21.274841,-0.087909,0.756061,0.228871,0.606846,-0.042366,119.151596,18.068712,0.330666,-0.522344,-0.165169,-0.768463,-4.166986,121.560463,2.139244,-0.009320,0.264775,-0.579966,-0.770355,5.736805,119.291321,-20.456348,0.062692,0.314692,-0.339774,-0.884077,9.596732,137.627609,-11.815348,-0.207695,0.862078,0.194228,0.419475,3.951115,119.062981,23.860493,0.239191,0.918362,0.290812,-0.121769,13.294069,122.308395,37.229847,-0.150331,0.277976,0.399308,-0.860629,34.499382,113.178757,28.242111,-0.091441,0.127317,0.500569,-0.851387,24.503168,127.812668,21.438755,0.066532,0.864889,0.167351,0.468545,1.046618,83.872925,11.140545,0.082838,0.986690,-0.051088,0.130271,2.508847,51.111137,-1.185495,0.009695,0.979303,0.067355,0.190620,-5.613486,6.035790,2.454979,-0.041383,0.891100,-0.122532,0.434988,11.578226,84.135643,25.275494,0.023025,0.879289,-0.096492,0.465844,10.427464,50.273323,34.187462,-0.047542,0.861049,0.072403,0.501092,4.436542,5.231857,40.998276,0.009695,0.979303,0.067355,0.190620,-0.621565,2.054806,-10.462943,-0.047542,0.861049,0.072403,0.501092,16.639732,1.866927,34.113544
611,5.091667,-0.035363,0.895084,0.053255,0.441291,6.276634,83.964691,17.974112,-0.032201,0.888730,0.048196,0.454752,5.479345,91.133492,18.437593,-0.029946,0.885768,0.069349,0.457941,3.877512,106.875488,19.331207,0.075688,0.941550,0.025995,0.327231,1.797369,124.517151,21.034128,0.083103,0.980049,-0.059490,0.170464,4.605461,138.003571,20.996721,-0.088308,0.758841,0.231596,0.602267,-0.145793,119.110741,17.867355,0.329143,-0.520823,-0.165983,-0.769973,-4.452220,121.521149,1.986308,-0.011925,0.272681,-0.579879,-0.767622,5.516844,119.359657,-20.591122,0.061179,0.322691,-0.340771,-0.880910,9.206702,137.600891,-11.664531,-0.207884,0.865122,0.195320,0.412550,3.926353,119.037117,23.604309,0.238399,0.918927,0.288118,-0.125407,13.458332,122.338737,36.825645,-0.151343,0.276868,0.398724,-0.861080,34.637840,113.274132,27.712118,-0.090199,0.126238,0.496902,-0.853825,24.601952,127.898109,20.953127,0.065080,0.866906,0.170374,0.463908,0.917222,83.820984,10.977600,0.081877,0.986465,-0.054221,0.131313,2.502148,51.117313,-1.486836,0.011199,0.979348,0.066574,0.190576,-5.574081,6.057742,2.440208,-0.042126,0.892490,-0.123691,0.431727,11.636045,84.108406,24.970623,0.022998,0.879321,-0.099009,0.465255,10.528687,50.270428,33.980007,-0.047029,0.861174,0.071209,0.501096,4.437441,5.274076,40.996937,0.011199,0.979348,0.066574,0.190576,-0.599250,2.048211,-10.475474,-0.047029,0.861174,0.071209,0.501096,16.633003,1.872874,34.116508
612,5.100000,-0.036021,0.898496,0.052708,0.434315,6.245531,83.928734,17.749395,-0.033753,0.892204,0.047302,0.447879,5.446754,91.097694,18.207838,-0.030795,0.889267,0.069922,0.450962,3.819905,106.846680,19.066862,0.075380,0.943367,0.025138,0.322093,1.717127,124.483658,20.790426,0.083114,0.980487,-0.060617,0.167519,4.516986,137.971573,20.706972,-0.089108,0.761901,0.234584,0.597108,-0.259734,119.069687,17.657608,0.328750,-0.518736,-0.168063,-0.771098,-4.767245,121.470413,1.830985,-0.014240,0.281013,-0.579410,-0.764927,5.274927,119.441772,-20.726374,0.058851,0.330253,-0.341678,-0.877910,8.797665,137.577225,-11.509592,-0.207510,0.868469,0.197436,0.404623,3.900948,119.011322,23.330862,0.235975,0.919731,0.285632,-0.129711,13.653549,122.348297,36.381321,-0.152829,0.274988,0.396721,-0.862344,34.835617,113.430130,27.130312,-0.088855,0.125424,0.492711,-0.856510,24.701071,128.010651,20.431253,0.063145,0.869991,0.173534,0.457182,0.779266,83.761734,10.836567,0.081109,0.986457,-0.056879,0.130722,2.488992,51.116837,-1.764697,0.012147,0.979370,0.065959,0.190623,-5.546536,6.072900,2.416929,-0.042607,0.894121,-0.124945,0.427926,11.711797,84.095734,24.662226,0.023079,0.879655,-0.101597,0.464061,10.634727,50.282459,33.767540,-0.046132,0.861313,0.069787,0.501140,4.436732,5.334148,40.995708,0.012147,0.979370,0.065959,0.190623,-0.580844,2.041991,-10.495619,-0.046132,0.861313,0.069787,0.501140,16.621662,1.885744,34.119938
613,5.108333,-0.036638,0.901821,0.052854,0.427298,6.232933,83.904984,17.501181,-0.035518,0.895783,0.046928,0.440578,5.428823,91.073074,17.963898,-0.031696,0.892978,0.070258,0.443452,3.765240,106.809196,18.800266,0.074743,0.945327,0.024772,0.316474,1.643089,124.442482,20.537788,0.083233,0.980975,-0.061911,0.164097,4.420906,137.934677,20.416416,-0.089439,0.765509,0.237778,0.591150,-0.370665,119.019341,17.444574,0.325751,-0.517291,-0.168525,-0.773237,-5.111693,121.417282,1.685904,-0.017723,0.288580,-0.578986,-0.762354,4.996951,119.524559,-20.853571,0.056615,0.338181,-0.342487,-0.874718,8.363617,137.547546,-11.341036,-0.207441,0.872046,0.200193,0.395510,3.883741,118.979218,23.048046,0.233834,0.920750,0.281487,-0.135298,13.879831,122.362457,35.900867,-0.154981,0.272563,0.395168,-0.863442,35.038376,113.581345,26.466728,-0.086932,0.123611,0.489047,-0.859067,24.802143,128.142303,19.855980,0.061768,0.873062,0.175849,0.450582,0.660876,83.720634,10.673783,0.079915,0.986276,-0.059593,0.131615,2.434127,51.120369,-2.033794,0.012870,0.979418,0.065398,0.190522,-5.529353,6.087807,2.400583,-0.042830,0.896216,-0.126653,0.422992,11.804991,84.089325,24.328579,0.023142,0.880039,-0.104169,0.462758,10.740780,50.307510,33.551414,-0.045241,0.861467,0.068011,0.501201,4.439692,5.408111,40.991295,0.012870,0.979418,0.065398,0.190522,-0.574406,2.038208,-10.510246,-0.045241,0.861467,0.068011,0.501201,16.612953,1.904057,34.122986
614,5.116667,-0.037196,0.905630,0.052233,0.419192,6.204812,83.870377,17.273901,-0.037392,0.899764,0.045724,0.432360,5.401332,91.038811,17.732315,-0.032713,0.897036,0.070795,0.435022,3.707753,106.781494,18.524233,0.074283,0.947402,0.024052,0.310374,1.561255,124.409737,20.282894,0.083054,0.981485,-0.062878,0.160734,4.323348,137.904663,20.114336,-0.090452,0.769212,0.241217,0.584761,-0.491984,118.976830,17.233070,0.324807,-0.515405,-0.170671,-0.774422,-5.476828,121.354202,1.546691,-0.019861,0.297890,-0.577623,-0.759749,4.692205,119.608261,-20.977457,0.055576,0.346843,-0.342837,-0.871249,7.898858,137.495605,-11.152327,-0.207891,0.875549,0.202868,0.386057,3.865696,118.956390,22.756716,0.232120,0.916813,0.294814,-0.136601,14.101277,122.405479,35.401863,-0.146941,0.266604,0.393902,-0.867278,35.281826,113.856216,25.805552,-0.084442,0.121370,0.486192,-0.861253,24.898603,128.298584,19.231880,0.060067,0.876482,0.178673,0.442998,0.512512,83.662521,10.547115,0.078882,0.986127,-0.062116,0.132181,2.369577,51.117874,-2.290384,0.012579,0.979351,0.064914,0.191051,-5.532921,6.098458,2.380242,-0.043014,0.898615,-0.128174,0.417386,11.897111,84.078232,24.000687,0.023296,0.880642,-0.106886,0.460980,10.856941,50.324677,33.329136,-0.044656,0.861699,0.066192,0.501099,4.444063,5.478626,40.991913,0.012579,0.979351,0.064914,0.191051,-0.562653,2.036687,-10.520868,-0.044656,0.861699,0.066192,0.501099,16.605082,1.922264,34.128822
615,5.125000,-0.038054,0.909389,0.052289,0.410888,6.188910,83.844116,17.010752,-0.038775,0.904015,0.045042,0.423349,5.378072,91.011528,17.472101,-0.034000,0.901412,0.071593,0.425646,3.664165,106.733406,18.241798,0.073293,0.949702,0.023495,0.303550,1.482715,124.354530,20.028572,0.083319,0.981999,-0.063984,0.156981,4.212330,137.855347,19.810144,-0.090433,0.773329,0.245095,0.577679,-0.610563,118.910454,17.026266,0.321021,-0.514445,-0.170685,-0.776633,-5.869337,121.293602,1.430459,-0.022457,0.306019,-0.576007,-0.757670,4.348482,119.678894,-21.081409,0.055044,0.357040,-0.342576,-0.867257,7.431072,137.436768,-10.961111,-0.207492,0.879589,0.205645,0.375475,3.859468,118.912910,22.459435,0.229762,0.916835,0.293436,-0.143243,14.368614,122.414993,34.863323,-0.147940,0.262697,0.392354,-0.869001,35.511051,114.059868,25.015255,-0.082163,0.119326,0.481283,-0.864510,25.003000,128.465393,18.559019,0.058787,0.880000,0.180528,0.435379,0.376232,83.612793,10.388483,0.077557,0.986022,-0.064416,0.132652,2.258669,51.104187,-2.536354,0.012331,0.979239,0.064826,0.191669,-5.553730,6.092459,2.354766,-0.043057,0.901235,-0.130255,0.411042,12.001588,84.075432,23.633020,0.023510,0.881574,-0.109615,0.458541,10.969055,50.359810,33.098480,-0.043658,0.861907,0.064030,0.501109,4.445765,5.568957,40.987652,0.012331,0.979239,0.064826,0.191669,-0.565426,2.029070,-10.538877,-0.043658,0.861907,0.064030,0.501109,16.591873,1.946239,34.132854
616,5.133333,-0.038946,0.913569,0.052556,0.401388,6.187366,83.803085,16.743912,-0.040664,0.908557,0.044323,0.413407,5.368089,90.969101,17.212002,-0.035649,0.906069,0.072114,0.415413,3.616941,106.696365,17.955355,0.072704,0.951971,0.023075,0.296537,1.394926,124.310722,19.758852,0.083137,0.982477,-0.065123,0.153576,4.100399,137.815613,19.497213,-0.090643,0.778047,0.248938,0.569612,-0.739517,118.851555,16.813459,0.320357,-0.512458,-0.172902,-0.777730,-6.304867,121.222130,1.322477,-0.022816,0.316051,-0.573110,-0.755735,3.976294,119.750557,-21.170351,0.055951,0.367112,-0.341003,-0.863606,6.938662,137.358673,-10.754790,-0.207269,0.883733,0.208824,0.363934,3.849999,118.884529,22.145975,0.227065,0.916951,0.291645,-0.150284,14.646035,122.449112,34.282803,-0.148069,0.258606,0.390282,-0.871136,35.747124,114.304260,24.173374,-0.079428,0.117048,0.477062,-0.867412,25.096502,128.651672,17.821207,0.057642,0.883821,0.182380,0.426937,0.239864,83.547737,10.243361,0.076033,0.985931,-0.066623,0.133122,2.126069,51.076889,-2.775487,0.011621,0.979131,0.065049,0.192187,-5.577395,6.070235,2.330398,-0.042708,0.903969,-0.132622,0.404262,12.134868,84.058426,23.244463,0.023639,0.882409,-0.112502,0.456222,11.083314,50.384312,32.854481,-0.042198,0.862096,0.062391,0.501116,4.450116,5.652958,40.985809,0.011621,0.979131,0.065049,0.192187,-0.568497,2.016026,-10.558148,-0.042198,0.862096,0.062391,0.501116,16.579453,1.970055,34.133385
617,5.141667,-0.039961,0.917922,0.052339,0.391257,6.178034,83.763359,16.488447,-0.042347,0.913411,0.043022,0.402536,5.351762,90.928558,16.956936,-0.036918,0.911048,0.073060,0.404094,3.579885,106.634079,17.661036,0.071373,0.954583,0.022225,0.288414,1.325767,124.240242,19.504210,0.083231,0.983058,-0.066020,0.149369,3.988599,137.752228,19.178535,-0.090664,0.782536,0.253514,0.561380,-0.856388,118.769142,16.616497,0.315483,-0.512165,-0.172696,-0.779958,-6.731257,121.142937,1.240726,-0.025265,0.324525,-0.570657,-0.753920,3.568321,119.810883,-21.252377,0.057457,0.377656,-0.339047,-0.859722,6.423838,137.268372,-10.534982,-0.208312,0.887518,0.212333,0.351898,3.862362,118.826988,21.834785,0.224913,0.916450,0.290809,-0.158000,14.930552,122.491005,33.693684,-0.147372,0.254241,0.388914,-0.873149,35.961967,114.554428,23.278049,-0.076509,0.114403,0.472444,-0.870549,25.190062,128.849792,17.035080,0.056325,0.887943,0.184085,0.417729,0.090379,83.477722,10.120244,0.074889,0.986013,-0.068848,0.132026,1.974122,51.040119,-2.981573,0.011265,0.978928,0.065455,0.193104,-5.646561,6.045300,2.347970,-0.042064,0.906812,-0.134773,0.397189,12.265690,84.048996,22.856653,0.023496,0.883102,-0.115475,0.454142,11.187595,50.411369,32.590706,-0.042445,0.862524,0.059117,0.500755,4.461951,5.741662,40.980896,0.011265,0.978928,0.065455,0.193104,-0.609862,2.003289,-10.533573,-0.042445,0.862524,0.059117,0.500755,16.575607,1.983337,34.141701
618,5.150000,-0.040581,0.922334,0.052481,0.380657,6.170176,83.722527,16.214674,-0.043522,0.918430,0.041507,0.390986,5.340317,90.886780,16.691099,-0.039055,0.916128,0.074085,0.392041,3.562131,106.592178,17.358915,0.070242,0.957140,0.021296,0.280169,1.248548,124.187172,19.234827,0.082859,0.983614,-0.066713,0.145557,3.873356,137.704880,18.844990,-0.090266,0.788198,0.257396,0.551673,-0.973894,118.698349,16.412184,0.312860,-0.511413,-0.173927,-0.781233,-7.210520,121.054886,1.176879,-0.027081,0.333110,-0.567423,-0.752553,3.106043,119.859604,-21.316120,0.057372,0.386260,-0.336275,-0.856990,5.880481,137.151535,-10.309725,-0.208314,0.891549,0.216545,0.338901,3.877597,118.793121,21.506744,0.222275,0.915877,0.289978,-0.166363,15.244387,122.529434,33.056606,-0.147011,0.249561,0.387065,-0.875378,36.199856,114.832642,22.313112,-0.073830,0.112494,0.467498,-0.873693,25.287655,129.065445,16.190308,0.054968,0.892236,0.185737,0.407915,-0.060850,83.414856,9.987732,0.073160,0.985965,-0.070715,0.132365,1.811403,51.009495,-3.195267,0.010843,0.978767,0.065964,0.193771,-5.677180,6.015101,2.321791,-0.041555,0.909876,-0.137243,0.389310,12.401202,84.030190,22.441616,0.023609,0.884130,-0.118589,0.451324,11.306722,50.436653,32.324966,-0.041549,0.862870,0.056554,0.500530,4.470385,5.834422,40.980488,0.010843,0.978767,0.065964,0.193771,-0.618234,1.988626,-10.555897,-0.041549,0.862870,0.056554,0.500530,16.564156,2.001784,34.147343
619,5.158333,-0.041136,0.926725,0.052127,0.369826,6.167128,83.687286,15.948226,-0.045569,0.923530,0.040374,0.378664,5.337367,90.851418,16.426628,-0.040814,0.921454,0.074791,0.379029,3.523921,106.538406,17.059858,0.069674,0.959730,0.020579,0.271369,1.169892,124.124619,18.967394,0.082446,0.984180,-0.067702,0.141453,3.767784,137.645813,18.521942,-0.090292,0.793574,0.261989,0.541710,-1.100962,118.618652,16.217646,0.309187,-0.511152,-0.174925,-0.782642,-7.699752,120.955833,1.132664,-0.030487,0.339993,-0.564865,-0.751267,2.612777,119.908455,-21.369551,0.054875,0.393404,-0.333789,-0.854872,5.316451,137.041962,-10.085697,-0.208520,0.895818,0.220733,0.324508,3.889729,118.748962,21.175114,0.219553,0.915367,0.288310,-0.175431,15.571229,122.579453,32.374798,-0.147947,0.244860,0.384989,-0.877461,36.432693,115.127518,21.281433,-0.072218,0.111588,0.461267,-0.877249,25.373470,129.301971,15.298369,0.053766,0.896492,0.187060,0.398019,-0.206381,83.355087,9.868494,0.071466,0.986226,-0.072030,0.130622,1.633087,50.975124,-3.381362,0.010327,0.978539,0.066826,0.194653,-5.708125,5.975449,2.288566,-0.040713,0.912926,-0.139595,0.381343,12.540637,84.019485,22.027958,0.023330,0.884955,-0.121770,0.448869,11.414946,50.466705,32.045330,-0.040784,0.863399,0.053915,0.499973,4.495120,5.933526,40.985363,0.010327,0.978539,0.066826,0.194653,-0.619794,1.974459,-10.585484,-0.040784,0.863399,0.053915,0.499973,16.564352,2.026637,34.150890
620,5.166667,-0.041689,0.931440,0.052612,0.357650,6.162849,83.631874,15.671012,-0.047323,0.928761,0.038369,0.365639,5.329519,90.794609,16.163877,-0.042470,0.926759,0.076067,0.365416,3.496540,106.483902,16.743504,0.067899,0.962395,0.019459,0.262312,1.099709,124.058327,18.705667,0.082409,0.984637,-0.068549,0.137842,3.640541,137.587692,18.185104,-0.089840,0.799388,0.266625,0.530867,-1.218773,118.537262,16.026840,0.306083,-0.511239,-0.176062,-0.783550,-8.207088,120.856346,1.115486,-0.034856,0.345651,-0.562959,-0.749925,2.081300,119.938263,-21.403421,0.050828,0.397403,-0.331542,-0.854147,4.714042,136.915787,-9.860611,-0.208752,0.900098,0.224811,0.309366,3.912581,118.699966,20.837578,0.217180,0.914149,0.288117,-0.184806,15.910119,122.636269,31.660139,-0.148908,0.240494,0.383937,-0.878966,36.655609,115.437248,20.188713,-0.070600,0.111127,0.452790,-0.881843,25.489727,129.577469,14.347497,0.052537,0.900838,0.188732,0.387442,-0.366013,83.279053,9.759615,0.069507,0.986164,-0.073711,0.131209,1.441428,50.933933,-3.579464,0.009481,0.978326,0.067857,0.195408,-5.746000,5.931398,2.262194,-0.040078,0.916222,-0.142480,0.372330,12.691712,83.984695,21.582409,0.023678,0.886293,-0.124906,0.445334,11.547573,50.485355,31.775013,-0.039848,0.863651,0.051609,0.499856,4.507727,6.024760,40.978733,0.009481,0.978326,0.067857,0.195408,-0.628068,1.962277,-10.609989,-0.039848,0.863651,0.051609,0.499856,16.558964,2.049407,34.151985
621,5.175000,-0.042047,0.935985,0.052148,0.345607,6.160972,83.602730,15.408733,-0.049839,0.934073,0.037120,0.351634,5.331527,90.765732,15.904249,-0.044269,0.932364,0.076619,0.350524,3.450971,106.418846,16.445316,0.066359,0.965197,0.018723,0.252272,1.019304,123.984695,18.441105,0.082577,0.985158,-0.069710,0.133361,3.503280,137.521942,17.855053,-0.088945,0.805380,0.270953,0.519649,-1.351550,118.444313,15.849413,0.303729,-0.511675,-0.177818,-0.783785,-8.737130,120.744789,1.127857,-0.039660,0.350009,-0.561380,-0.748848,1.498364,119.950043,-21.419825,0.044772,0.399824,-0.329166,-0.854275,4.079110,136.777725,-9.647948,-0.208794,0.904553,0.229046,0.292793,3.927627,118.647209,20.495874,0.214346,0.912754,0.288264,-0.194527,16.256496,122.698387,30.895397,-0.149685,0.235613,0.381815,-0.881078,36.879860,115.782738,19.035997,-0.069956,0.111785,0.444800,-0.885869,25.569708,129.855606,13.340399,0.051633,0.905273,0.190222,0.376337,-0.516664,83.226654,9.667401,0.067424,0.986319,-0.075006,0.130396,1.224221,50.914528,-3.760168,0.008155,0.978230,0.068473,0.195731,-5.785451,5.903477,2.230026,-0.039064,0.919470,-0.145030,0.363339,12.838608,83.978798,21.150066,0.023462,0.886870,-0.128096,0.443287,11.663087,50.525200,31.488312,-0.038122,0.864088,0.048908,0.499506,4.533132,6.137845,40.971893,0.008155,0.978230,0.068473,0.195731,-0.645413,1.957570,-10.640487,-0.038122,0.864088,0.048908,0.499506,16.554682,2.073557,34.145172
622,5.183333,-0.042242,0.940733,0.053517,0.332225,6.166265,83.548721,15.092921,-0.051427,0.939517,0.036387,0.336659,5.334796,90.709396,15.617836,-0.046584,0.937970,0.076836,0.334872,3.425611,106.345154,16.149761,0.065310,0.967911,0.017593,0.242020,0.947786,123.902306,18.165224,0.081853,0.985748,-0.070299,0.129067,3.388749,137.444061,17.507154,-0.087976,0.811690,0.275750,0.507329,-1.471055,118.337860,15.671279,0.301702,-0.512440,-0.179834,-0.783608,-9.283190,120.615753,1.168004,-0.044452,0.353740,-0.559785,-0.748019,0.877753,119.937660,-21.417181,0.039299,0.401009,-0.327613,-0.854586,3.424119,136.622269,-9.432008,-0.209283,0.908702,0.233496,0.275574,3.956123,118.590637,20.141436,0.211573,0.911520,0.287001,-0.204933,16.603708,122.775818,30.095636,-0.151397,0.231317,0.380142,-0.882646,37.079620,116.134300,17.830961,-0.069257,0.113218,0.435782,-0.890213,25.651133,130.157379,12.282969,0.050506,0.909605,0.191354,0.365311,-0.670994,83.161613,9.543400,0.065482,0.986257,-0.076448,0.131015,1.008107,50.871689,-3.945303,0.006571,0.978050,0.069358,0.196379,-5.846787,5.857000,2.194732,-0.038163,0.922795,-0.148573,0.353438,13.003522,83.935837,20.642443,0.023585,0.888065,-0.131556,0.439861,11.791698,50.550247,31.194141,-0.035995,0.864468,0.046864,0.499202,4.549600,6.245971,40.976524,0.006571,0.978050,0.069358,0.196379,-0.673366,1.942876,-10.672109,-0.035995,0.864468,0.046864,0.499202,16.541143,2.103004,34.144325
623,5.191667,-0.042059,0.945479,0.053752,0.318452,6.161442,83.490646,14.810192,-0.053415,0.944932,0.034370,0.321043,5.339155,90.651184,15.351245,-0.048551,0.943535,0.077789,0.318329,3.398170,106.302139,15.835023,0.063960,0.970674,0.016063,0.231177,0.879426,123.847366,17.902979,0.081405,0.986297,-0.071033,0.124682,3.269219,137.393814,17.159492,-0.088165,0.817895,0.280953,0.494307,-1.588539,118.262688,15.504199,0.299387,-0.513915,-0.181363,-0.783177,-9.833378,120.483383,1.233445,-0.049065,0.356767,-0.558373,-0.747349,0.225200,119.897697,-21.400099,0.035004,0.401972,-0.325831,-0.855002,2.748621,136.453827,-9.223755,-0.209197,0.912778,0.238047,0.257696,3.988055,118.558838,19.783730,0.208937,0.910691,0.282904,-0.216684,16.953920,122.869614,29.263544,-0.154773,0.227748,0.378238,-0.883805,37.239281,116.478851,16.556940,-0.070737,0.116160,0.426811,-0.894056,25.697392,130.459656,11.157089,0.049112,0.914242,0.192979,0.352858,-0.834081,83.091385,9.462443,0.063820,0.986667,-0.077361,0.128181,0.791099,50.835480,-4.113997,0.004877,0.977804,0.069998,0.197426,-5.906443,5.813938,2.148292,-0.037405,0.926028,-0.151383,0.343739,13.156965,83.889908,20.157942,0.023709,0.889154,-0.135323,0.436499,11.937900,50.559364,30.881437,-0.035626,0.865130,0.043408,0.498394,4.572856,6.348026,40.987167,0.004877,0.977804,0.069998,0.197426,-0.688970,1.925383,-10.708513,-0.035626,0.865130,0.043408,0.498394,16.534815,2.117314,34.156872
624,5.200000,-0.041583,0.950291,0.052974,0.303992,6.138991,83.420311,14.547067,-0.055292,0.950316,0.032273,0.304632,5.334960,90.582619,15.092051,-0.050506,0.949069,0.078188,0.301004,3.365825,106.237640,15.528584,0.062065,0.973444,0.015675,0.219792,0.815077,123.773727,17.634436,0.081383,0.986777,-0.072613,0.119898,3.129613,137.329910,16.832428,-0.086832,0.824929,0.285278,0.480176,-1.703075,118.166710,15.342288,0.299742,-0.514960,-0.184276,-0.781674,-10.413692,120.340385,1.343591,-0.051144,0.360388,-0.555892,-0.747321,-0.461186,119.829468,-21.338596,0.033025,0.403576,-0.324394,-0.854871,2.068650,136.266678,-9.010102,-0.208404,0.917080,0.241836,0.238848,4.021778,118.510033,19.417660,0.205684,0.909876,0.277986,-0.229224,17.309956,122.945656,28.379402,-0.158575,0.224016,0.376915,-0.884650,37.385082,116.829941,15.211927,-0.070284,0.118776,0.416908,-0.898410,25.744080,130.785889,9.977257,0.047260,0.918832,0.195060,0.339801,-1.015896,83.007576,9.415557,0.062024,0.986818,-0.078431,0.127250,0.585691,50.795753,-4.267919,0.003506,0.977600,0.070976,0.198110,-5.955721,5.768755,2.118923,-0.036558,0.929246,-0.153822,0.333922,13.293879,83.833054,19.678576,0.023376,0.889635,-0.139211,0.434309,12.075165,50.550270,30.549425,-0.033768,0.865711,0.041719,0.497659,4.608416,6.435555,40.996971,0.003506,0.977600,0.070976,0.198110,-0.705917,1.913659,-10.734797,-0.033768,0.865711,0.041719,0.497659,16.536638,2.138564,34.149078
625,5.208333,-0.041391,0.954910,0.053836,0.289025,6.147559,83.363403,14.257214,-0.057652,0.955643,0.030447,0.287220,5.351267,90.524612,14.827423,-0.052594,0.954615,0.078388,0.282489,3.336856,106.167519,15.223085,0.060465,0.976180,0.014305,0.207874,0.754607,123.694801,17.363579,0.080857,0.987320,-0.073268,0.115300,3.004713,137.256683,16.478773,-0.085145,0.832082,0.289482,0.465393,-1.812747,118.063393,15.188832,0.298581,-0.517109,-0.185929,-0.780306,-10.997937,120.187889,1.489124,-0.052863,0.363340,-0.553032,-0.747894,-1.185687,119.726219,-21.255148,0.033401,0.406637,-0.323248,-0.853839,1.387145,136.056656,-8.792849,-0.208152,0.921103,0.245342,0.219200,4.061099,118.458267,19.041426,0.202570,0.908089,0.276080,-0.241082,17.652094,123.046539,27.455458,-0.159591,0.220541,0.375651,-0.885877,37.513870,117.229691,13.836746,-0.069058,0.121098,0.407098,-0.902684,25.782835,131.143265,8.716872,0.045253,0.923673,0.196755,0.325682,-1.164078,82.940926,9.352459,0.060289,0.987626,-0.079032,0.121306,0.397079,50.762619,-4.414308,0.002031,0.977629,0.071874,0.197664,-5.955337,5.724821,2.086165,-0.035916,0.932890,-0.157228,0.322033,13.459197,83.785881,19.161968,0.024309,0.891926,-0.143099,0.428253,12.259092,50.574081,30.249828,-0.032079,0.866471,0.038493,0.496706,4.635406,6.564316,41.021656,0.002031,0.977629,0.071874,0.197664,-0.701445,1.902099,-10.775548,-0.032079,0.866471,0.038493,0.496706,16.521124,2.166981,34.163563
626,5.216667,-0.041395,0.959610,0.053758,0.273029,6.140199,83.304825,13.985159,-0.058968,0.960866,0.028195,0.269192,5.353792,90.466156,14.567505,-0.054636,0.959877,0.078732,0.263540,3.327824,106.097626,14.921297,0.058798,0.978831,0.012763,0.195627,0.715526,123.615173,17.104635,0.079724,0.987900,-0.074240,0.110394,2.897712,137.182190,16.132910,-0.083958,0.839504,0.293564,0.449449,-1.897304,117.959869,15.049294,0.296076,-0.520191,-0.187060,-0.778941,-11.574294,120.004021,1.679905,-0.054742,0.365377,-0.549953,-0.749036,-1.941329,119.592369,-21.141834,0.034989,0.410158,-0.322249,-0.852468,0.710448,135.819595,-8.563894,-0.208102,0.924703,0.249149,0.198853,4.119051,118.405869,18.669384,0.199632,0.906399,0.271992,-0.254183,17.993664,123.158386,26.509792,-0.161759,0.217778,0.374760,-0.886545,37.592495,117.618202,12.403494,-0.068388,0.124970,0.395725,-0.907252,25.798548,131.502930,7.399499,0.041756,0.928854,0.199121,0.309576,-1.329933,82.863289,9.327117,0.059257,0.988061,-0.079727,0.117764,0.271667,50.729286,-4.538140,0.000694,0.977590,0.072703,0.197563,-5.971273,5.690289,2.059358,-0.035077,0.936005,-0.159950,0.311577,13.610332,83.746353,18.643200,0.024378,0.893219,-0.147229,0.424134,12.418864,50.590874,29.899258,-0.030178,0.867236,0.035319,0.495726,4.679768,6.691608,41.033577,0.000694,0.977590,0.072703,0.197563,-0.705960,1.897252,-10.806477,-0.030178,0.867236,0.035319,0.495726,16.520443,2.192466,34.163609
627,5.225000,-0.040518,0.964061,0.053210,0.257127,6.129295,83.241821,13.716127,-0.060542,0.965907,0.026355,0.250326,5.366853,90.405037,14.307072,-0.057343,0.964994,0.078853,0.243477,3.314837,106.034042,14.631973,0.057194,0.981420,0.010698,0.182835,0.654657,123.540077,16.849455,0.078998,0.988437,-0.075004,0.105479,2.769818,137.110168,15.777456,-0.082733,0.846591,0.297870,0.433257,-1.994795,117.855766,14.925265,0.294316,-0.523725,-0.188597,-0.776867,-12.153971,119.818565,1.905982,-0.055993,0.367565,-0.546504,-0.750396,-2.732396,119.440735,-21.004412,0.038232,0.413539,-0.321226,-0.851081,0.009483,135.567108,-8.317947,-0.207672,0.928085,0.253273,0.177155,4.160429,118.364250,18.295000,0.196643,0.904218,0.268895,-0.267239,18.312332,123.282417,25.512928,-0.162310,0.214923,0.374088,-0.887424,37.632538,118.032692,10.919600,-0.066208,0.128402,0.385866,-0.911173,25.780439,131.885559,6.010924,0.038356,0.933963,0.201122,0.292902,-1.490721,82.794403,9.308145,0.058368,0.988954,-0.079905,0.110358,0.126894,50.697433,-4.640770,0.000029,0.977461,0.073759,0.197815,-5.987696,5.651447,2.028808,-0.034406,0.939195,-0.162595,0.300485,13.749310,83.689240,18.124109,0.024598,0.894870,-0.151352,0.419160,12.590159,50.590260,29.548573,-0.028699,0.868128,0.032402,0.494450,4.737766,6.805104,41.046955,0.000029,0.977461,0.073759,0.197815,-0.707768,1.890697,-10.840509,-0.028699,0.868128,0.032402,0.494450,16.532976,2.216209,34.158176
628,5.233333,-0.040207,0.968440,0.052149,0.240389,6.104386,83.158974,13.466536,-0.061735,0.970802,0.023797,0.230578,5.360281,90.324173,14.056882,-0.059615,0.969914,0.078731,0.222519,3.297040,105.955482,14.336626,0.055984,0.983929,0.009211,0.169308,0.608102,123.452721,16.588594,0.077877,0.989034,-0.076078,0.099795,2.659824,137.025757,15.433706,-0.081025,0.854058,0.301458,0.416104,-2.079868,117.741158,14.803541,0.292206,-0.527967,-0.190316,-0.774368,-12.732920,119.611656,2.171171,-0.058195,0.368189,-0.543235,-0.752294,-3.564689,119.269714,-20.842337,0.039624,0.415116,-0.320140,-0.850658,-0.694028,135.304092,-8.064112,-0.206900,0.931285,0.256500,0.155270,4.209043,118.308258,17.906517,0.192679,0.901964,0.265708,-0.280596,18.613573,123.392311,24.481100,-0.161776,0.211933,0.371991,-0.889121,37.647652,118.475342,9.403889,-0.063825,0.132301,0.377411,-0.914321,25.696098,132.250168,4.564639,0.035353,0.938605,0.203844,0.276078,-1.662876,82.693527,9.325505,0.056618,0.989250,-0.080782,0.107949,-0.044702,50.658291,-4.764541,-0.000800,0.977400,0.074941,0.197666,-5.992802,5.606765,2.017235,-0.033597,0.942429,-0.165474,0.288647,13.871648,83.624420,17.607567,0.024617,0.896115,-0.156053,0.414751,12.743510,50.587784,29.214127,-0.026998,0.869403,0.029309,0.492495,4.768883,6.935513,41.126175,-0.000800,0.977400,0.074941,0.197666,-0.706844,1.882812,-10.860305,-0.026998,0.869403,0.029309,0.492495,16.504780,2.249707,34.201431
629,5.241667,-0.040290,0.972498,0.051953,0.223439,6.100810,83.088440,13.191007,-0.062727,0.975300,0.022067,0.210636,5.366604,90.253830,13.791239,-0.062177,0.974375,0.078394,0.201449,3.291199,105.878922,14.053308,0.054300,0.986250,0.006576,0.155946,0.565278,123.366913,16.332506,0.076876,0.989573,-0.076595,0.094702,2.544114,136.940628,15.064110,-0.079545,0.861410,0.305057,0.398228,-2.151812,117.626205,14.690788,0.293531,-0.531975,-0.194630,-0.770040,-13.296929,119.387726,2.474132,-0.060609,0.368081,-0.540324,-0.754250,-4.421498,119.076645,-20.654322,0.037558,0.413353,-0.318989,-0.852042,-1.418773,135.017853,-7.810450,-0.205465,0.934193,0.259820,0.132520,4.258407,118.256470,17.521395,0.188463,0.899614,0.261872,-0.294279,18.900379,123.495392,23.414581,-0.163546,0.210849,0.370906,-0.889508,37.624336,118.912994,7.851468,-0.062739,0.137910,0.363979,-0.919002,25.635279,132.652542,3.067733,0.032402,0.943311,0.205772,0.258403,-1.804934,82.602348,9.323436,0.055161,0.989908,-0.081156,0.102245,-0.220932,50.608437,-4.864045,-0.001627,0.977294,0.076501,0.197590,-6.001113,5.547518,1.999974,-0.032702,0.945475,-0.168151,0.277007,14.006554,83.574524,17.058578,0.024711,0.897806,-0.160521,0.409350,12.909308,50.596302,28.832996,-0.024975,0.870408,0.025705,0.491024,4.832478,7.074442,41.146584,-0.001627,0.977294,0.076501,0.197590,-0.706661,1.870716,-10.887626,-0.024975,0.870408,0.025705,0.491024,16.510937,2.275666,34.202118
630,5.250000,-0.040061,0.976366,0.051238,0.206105,6.097335,83.002716,12.920298,-0.064377,0.979415,0.020242,0.190241,5.379251,90.169441,13.524121,-0.063960,0.978503,0.078091,0.179843,3.269535,105.792847,13.763167,0.052563,0.988472,0.004704,0.141906,0.534603,123.274506,16.079824,0.075537,0.990121,-0.078004,0.088709,2.431523,136.850952,14.718890,-0.077491,0.868939,0.307737,0.379787,-2.214850,117.509483,14.583619,0.291449,-0.537694,-0.196595,-0.766350,-13.847899,119.157196,2.814153,-0.066117,0.364787,-0.539229,-0.756168,-5.313680,118.857430,-20.442503,0.032846,0.408364,-0.317137,-0.855327,-2.161595,134.735336,-7.549967,-0.204373,0.936590,0.262814,0.109363,4.308126,118.192520,17.130127,0.183896,0.897203,0.257243,-0.308279,19.151283,123.603035,22.323400,-0.164288,0.210765,0.369627,-0.889923,37.541508,119.357170,6.274505,-0.061385,0.143052,0.353030,-0.922572,25.527388,133.051376,1.497491,0.029360,0.947720,0.208014,0.240198,-1.939992,82.499344,9.336572,0.053506,0.990216,-0.081891,0.099517,-0.388705,50.557281,-4.970834,-0.002413,0.977220,0.078031,0.197350,-6.006218,5.490842,1.991331,-0.032067,0.948380,-0.170814,0.265274,14.134664,83.506088,16.504023,0.024740,0.899406,-0.165212,0.403934,13.090611,50.588234,28.450939,-0.022893,0.871758,0.022475,0.488885,4.913539,7.206902,41.187019,-0.002413,0.977220,0.078031,0.197350,-0.707972,1.860250,-10.907798,-0.022893,0.871758,0.022475,0.488885,16.524443,2.303332,34.202602
631,5.258333,-0.038734,0.979970,0.050062,0.188820,6.055830,82.922676,12.660834,-0.065541,0.983097,0.018959,0.169899,5.370472,90.092636,13.264297,-0.065884,0.982147,0.077115,0.158431,3.238057,105.705711,13.500850,0.050901,0.990434,0.001957,0.128239,0.492536,123.183861,15.831454,0.074379,0.990616,-0.078840,0.083259,2.311406,136.759216,14.357890,-0.074922,0.876122,0.310459,0.361126,-2.281321,117.393066,14.487602,0.291465,-0.543540,-0.199702,-0.761401,-14.387247,118.938828,3.190692,-0.071099,0.361012,-0.538077,-0.758346,-6.227239,118.623207,-20.199675,0.027705,0.401915,-0.315969,-0.858988,-2.910536,134.448654,-7.285616,-0.202661,0.938732,0.265366,0.085385,4.340060,118.131676,16.748623,0.179121,0.894970,0.252238,-0.321434,19.361704,123.705650,21.203297,-0.166525,0.213303,0.368379,-0.889420,37.427357,119.779823,4.710418,-0.062236,0.150602,0.339007,-0.926563,25.404188,133.475830,-0.130329,0.025393,0.951665,0.210250,0.222450,-2.103681,82.420151,9.364627,0.052348,0.990640,-0.082284,0.095505,-0.519832,50.528381,-5.051011,-0.002979,0.977203,0.078770,0.197130,-6.007238,5.456600,1.980016,-0.032100,0.951094,-0.173060,0.253852,14.215340,83.425194,15.957041,0.025028,0.901614,-0.170137,0.396886,13.276282,50.561600,28.061045,-0.020720,0.873225,0.019278,0.486494,4.997682,7.333350,41.244209,-0.002979,0.977203,0.078770,0.197130,-0.708202,1.849374,-10.925344,-0.020720,0.873225,0.019278,0.486494,16.535597,2.324820,34.213470
632,5.266667,-0.038740,0.983191,0.049382,0.171455,6.054883,82.825523,12.398491,-0.066614,0.986400,0.017298,0.149259,5.381884,89.996452,13.004333,-0.067971,0.985358,0.076049,0.136624,3.227129,105.623734,13.229062,0.049381,0.992225,-0.001096,0.114236,0.465886,123.097740,15.572117,0.072973,0.991158,-0.079275,0.077439,2.207589,136.669800,13.979675,-0.072336,0.883358,0.313166,0.341136,-2.324000,117.280533,14.384556,0.290813,-0.549933,-0.202215,-0.756380,-14.909525,118.708504,3.608257,-0.076153,0.356708,-0.537060,-0.760610,-7.145904,118.362846,-19.916233,0.024054,0.395661,-0.315953,-0.862002,-3.655802,134.145920,-6.993547,-0.201502,0.940058,0.268128,0.061606,4.383991,118.076775,16.351616,0.174218,0.891735,0.249222,-0.335178,19.537476,123.827660,20.074841,-0.167042,0.215616,0.366482,-0.889549,37.241787,120.268860,3.113495,-0.062964,0.159243,0.327155,-0.929326,25.220009,133.903030,-1.803844,0.021590,0.955386,0.213024,0.203449,-2.214908,82.303314,9.393000,0.051602,0.991021,-0.083152,0.091111,-0.623459,50.481300,-5.175146,-0.003828,0.977082,0.079740,0.197327,-6.018804,5.415588,1.965158,-0.031512,0.953720,-0.175252,0.242305,14.324674,83.347733,15.403983,0.024839,0.902646,-0.176010,0.391961,13.455041,50.535023,27.650383,-0.018477,0.875004,0.015448,0.483516,5.055268,7.492727,41.355007,-0.003828,0.977082,0.079740,0.197327,-0.705303,1.839456,-10.942910,-0.018477,0.875004,0.015448,0.483516,16.506222,2.363633,34.269230
633,5.275000,-0.037873,0.986112,0.048603,0.154229,6.020952,82.750031,12.137561,-0.066531,0.989372,0.015613,0.128349,5.372715,89.923027,12.745958,-0.070456,0.988002,0.076140,0.114413,3.234726,105.536446,12.963775,0.047278,0.993881,-0.004377,0.099726,0.439356,122.997688,15.360939,0.071957,0.991569,-0.081002,0.071082,2.083976,136.566574,13.643147,-0.069083,0.890146,0.315505,0.321440,-2.353414,117.153946,14.319459,0.289948,-0.557392,-0.204334,-0.750662,-15.388295,118.481766,4.077779,-0.080774,0.351181,-0.535974,-0.763466,-8.076599,118.074020,-19.590094,0.022045,0.389195,-0.316251,-0.864885,-4.375923,133.838287,-6.699361,-0.199603,0.941272,0.269863,0.036613,4.428195,118.010880,15.985563,0.168859,0.888231,0.245756,-0.349480,19.688663,123.931229,18.923378,-0.170058,0.219562,0.365565,-0.888389,36.998905,120.755135,1.485972,-0.064888,0.170358,0.312311,-0.932325,25.031626,134.375137,-3.511944,0.018036,0.958162,0.215288,0.187755,-2.348913,82.223801,9.423969,0.050635,0.991212,-0.083836,0.088914,-0.727494,50.459873,-5.267139,-0.004246,0.977030,0.080308,0.197344,-6.024500,5.395579,1.955298,-0.031576,0.956301,-0.177276,0.230357,14.390818,83.276276,14.851151,0.024877,0.904586,-0.181356,0.384987,13.645266,50.513840,27.239508,-0.015671,0.876821,0.011832,0.480417,5.161586,7.647264,41.434441,-0.004246,0.977030,0.080308,0.197344,-0.705799,1.837285,-10.955561,-0.015671,0.876821,0.011832,0.480417,16.518290,2.395697,34.286953
634,5.283333,-0.037644,0.988757,0.047421,0.136728,6.009563,82.665169,11.889964,-0.066833,0.991853,0.014537,0.107466,5.377778,89.840057,12.493365,-0.073092,0.990264,0.073968,0.092541,3.236681,105.470566,12.721785,0.045663,0.995256,-0.007121,0.085608,0.409079,122.929932,15.094646,0.071089,0.991975,-0.081958,0.064919,1.966820,136.495239,13.270916,-0.066452,0.897207,0.317106,0.300079,-2.379625,117.056656,14.222034,0.289754,-0.564550,-0.206424,-0.744792,-15.867930,118.238579,4.566367,-0.083862,0.345801,-0.534467,-0.766638,-8.996724,117.751122,-19.231617,0.021574,0.383335,-0.315935,-0.867625,-5.075234,133.507248,-6.405862,-0.197112,0.941956,0.271482,0.012782,4.460354,117.978821,15.587598,0.163672,0.884688,0.242428,-0.362997,19.792837,124.038887,17.767910,-0.171752,0.224905,0.364393,-0.887207,36.711353,121.224533,-0.110522,-0.066615,0.181170,0.299507,-0.934363,24.788486,134.852188,-5.266757,0.015328,0.960467,0.218260,0.172134,-2.450375,82.123306,9.475225,0.049117,0.991055,-0.085247,0.090171,-0.849427,50.443329,-5.398244,-0.004790,0.977072,0.080470,0.197057,-6.028813,5.387044,1.958214,-0.031252,0.958853,-0.178958,0.218171,14.469501,83.207031,14.304704,0.024382,0.906089,-0.187124,0.378674,13.833449,50.485157,26.805845,-0.013132,0.879203,0.007786,0.476203,5.292065,7.811636,41.537704,-0.004790,0.977072,0.080470,0.197057,-0.712280,1.836158,-10.955577,-0.013132,0.879203,0.007786,0.476203,16.535469,2.431273,34.307373
635,5.291667,-0.036400,0.991074,0.046584,0.119487,5.969837,82.582214,11.634836,-0.066232,0.993982,0.012889,0.086298,5.367878,89.759567,12.239356,-0.076013,0.991985,0.072568,0.070152,3.256701,105.384018,12.463196,0.043387,0.996455,-0.010344,0.071336,0.383808,122.835159,14.842110,0.070357,0.992307,-0.082936,0.059152,1.834369,136.395996,12.900455,-0.062775,0.903980,0.318172,0.278649,-2.389171,116.932594,14.132240,0.289173,-0.572205,-0.208250,-0.738642,-16.305786,117.993965,5.089863,-0.085951,0.340628,-0.532251,-0.770255,-9.903307,117.417023,-18.836496,0.024141,0.379630,-0.317138,-0.868747,-5.737324,133.169937,-6.086393,-0.194899,0.942077,0.272712,-0.011584,4.495934,117.921982,15.189084,0.156835,0.880974,0.237897,-0.377746,19.858244,124.133995,16.593943,-0.175270,0.231721,0.361277,-0.886039,36.343990,121.740601,-1.744190,-0.071125,0.196513,0.285555,-0.935298,24.465117,135.309341,-7.084802,0.013203,0.962111,0.220796,0.159429,-2.569602,82.044373,9.517320,0.047622,0.991163,-0.086211,0.088853,-0.993162,50.438152,-5.514850,-0.004932,0.977077,0.080479,0.197025,-6.034487,5.383775,1.948399,-0.031483,0.961336,-0.180701,0.205398,14.509275,83.120064,13.752354,0.024688,0.909290,-0.193124,0.367812,14.029310,50.443138,26.377409,-0.010777,0.882353,0.003477,0.470452,5.439118,7.980648,41.679626,-0.004932,0.977077,0.080479,0.197025,-0.717479,1.833899,-10.965473,-0.010777,0.882353,0.003477,0.470452,16.542643,2.467895,34.333767
636,5.300000,-0.034901,0.993117,0.045124,0.102296,5.929877,82.496872,11.398101,-0.065270,0.995665,0.011366,0.065291,5.362099,89.677711,11.994296,-0.079016,0.993189,0.070889,0.048040,3.290951,105.294846,12.216672,0.041606,0.997413,-0.013528,0.057046,0.368476,122.737968,14.594028,0.069301,0.992640,-0.084105,0.052823,1.722134,136.292175,12.539418,-0.059250,0.910305,0.319057,0.256975,-2.379966,116.806664,14.047001,0.288097,-0.580708,-0.209995,-0.731902,-16.697002,117.739761,5.637784,-0.087968,0.335034,-0.529706,-0.774226,-10.816409,117.065643,-18.419624,0.027738,0.376073,-0.317603,-0.870016,-6.382356,132.815643,-5.758260,-0.192882,0.941743,0.273232,-0.035517,4.535361,117.863022,14.797197,0.150936,0.875957,0.236778,-0.392243,19.886187,124.227394,15.437582,-0.176193,0.239295,0.360893,-0.883997,35.908802,122.278152,-3.357926,-0.070477,0.210288,0.269749,-0.937042,24.177683,135.836914,-8.911255,0.010998,0.963439,0.223829,0.146850,-2.678655,81.967209,9.579377,0.046127,0.991078,-0.087482,0.089352,-1.118015,50.451763,-5.643792,-0.005530,0.977184,0.079525,0.196867,-6.037191,5.404777,1.944558,-0.031817,0.963738,-0.182109,0.192438,14.538410,83.026543,13.216825,0.024580,0.912205,-0.199478,0.357052,14.231393,50.386883,25.943295,-0.008506,0.886115,-0.001056,0.463387,5.626078,8.153158,41.857861,-0.005530,0.977184,0.079525,0.196867,-0.720448,1.831917,-10.963080,-0.008506,0.886115,-0.001056,0.463387,16.565132,2.504076,34.370190
637,5.308333,-0.034336,0.994759,0.044641,0.085343,5.923293,82.388138,11.136431,-0.064516,0.996900,0.010085,0.043886,5.374463,89.570168,11.736002,-0.082090,0.993893,0.069260,0.025303,3.330838,105.214569,11.963980,0.039271,0.998169,-0.017515,0.042534,0.356322,122.648170,14.346701,0.068543,0.992944,-0.084652,0.046884,1.595048,136.192566,12.159177,-0.055921,0.916044,0.319892,0.235385,-2.358931,116.688728,13.964335,0.286476,-0.589803,-0.211928,-0.724673,-17.042286,117.489349,6.197645,-0.090942,0.328732,-0.527002,-0.778417,-11.729572,116.726997,-17.988907,0.030436,0.371227,-0.318199,-0.871788,-7.003908,132.465256,-5.416542,-0.190420,0.940636,0.274483,-0.060020,4.572895,117.812134,14.398207,0.144606,0.871046,0.235789,-0.405920,19.877258,124.317535,14.258859,-0.176102,0.247879,0.360372,-0.881859,35.451664,122.818817,-4.950178,-0.067810,0.224259,0.255692,-0.937940,23.857086,136.394714,-10.776340,0.009285,0.964646,0.226500,0.134419,-2.742011,81.853157,9.612791,0.044641,0.990921,-0.088979,0.090365,-1.236265,50.419556,-5.784157,-0.005849,0.977194,0.080039,0.196601,-6.039985,5.384460,1.947379,-0.031665,0.966070,-0.183590,0.178890,14.588597,82.923119,12.660069,0.023825,0.914756,-0.206194,0.346610,14.430824,50.320721,25.484381,-0.006414,0.890733,-0.005884,0.454443,5.860777,8.333966,42.057835,-0.005849,0.977194,0.080039,0.196601,-0.726315,1.827495,-10.965919,-0.006414,0.890733,-0.005884,0.454443,16.600588,2.543918,34.391533
638,5.316667,-0.032331,0.996203,0.042711,0.068636,5.863839,82.303871,10.909202,-0.063436,0.997705,0.008252,0.022174,5.355872,89.490265,11.492205,-0.083902,0.994190,0.067393,0.002087,3.357837,105.100838,11.707144,0.037003,0.998721,-0.020832,0.027436,0.375710,122.532806,14.092218,0.067138,0.993234,-0.085767,0.040276,1.495041,136.069046,11.792734,-0.052368,0.921669,0.319542,0.213724,-2.313286,116.553055,13.878834,0.284574,-0.599376,-0.214435,-0.716788,-17.333004,117.219185,6.770560,-0.095548,0.320826,-0.525070,-0.782459,-12.637332,116.383659,-17.540911,0.030130,0.364189,-0.317895,-0.874872,-7.615736,132.113953,-5.078483,-0.188919,0.938953,0.274970,-0.084078,4.623255,117.724823,13.987600,0.137138,0.865453,0.235030,-0.420649,19.831247,124.393692,13.089625,-0.176886,0.258087,0.358793,-0.879415,34.906662,123.411560,-6.546120,-0.066695,0.240912,0.239581,-0.938144,23.485092,136.951630,-12.674947,0.007262,0.965455,0.229030,0.124052,-2.849171,81.787758,9.679479,0.043313,0.990952,-0.089849,0.089809,-1.349668,50.432564,-5.877115,-0.006455,0.977349,0.079180,0.196158,-6.035285,5.401033,1.947118,-0.032549,0.968270,-0.184952,0.164881,14.576849,82.819977,12.138924,0.023253,0.917519,-0.213554,0.334684,14.648421,50.256741,25.063110,-0.004729,0.896187,-0.011678,0.443498,6.120128,8.551398,42.353138,-0.006455,0.977349,0.079180,0.196158,-0.728932,1.823776,-10.963580,-0.004729,0.896187,-0.011678,0.443498,16.620939,2.602519,34.480141
639,5.325000,-0.030855,0.997369,0.040444,0.051651,5.836194,82.210052,10.697551,-0.063317,0.997972,0.006442,0.001014,5.361139,89.400520,11.257624,-0.085945,0.993922,0.065705,-0.020377,3.372759,105.005333,11.457946,0.034842,0.999005,-0.024691,0.012829,0.371746,122.432938,13.851263,0.066081,0.993455,-0.086797,0.033861,1.373660,135.957001,11.429306,-0.049202,0.926266,0.320353,0.192312,-2.280411,116.433189,13.798228,0.283687,-0.608777,-0.217889,-0.708122,-17.599979,116.966484,7.349238,-0.101226,0.311489,-0.523658,-0.786454,-13.541135,116.054276,-17.073875,0.025757,0.353887,-0.316833,-0.879612,-8.214680,131.787140,-4.746402,-0.186701,0.936647,0.275807,-0.108472,4.645462,117.654053,13.592698,0.129441,0.859681,0.235319,-0.434533,19.724936,124.465454,11.926144,-0.176621,0.270013,0.356264,-0.876911,34.313679,124.018303,-8.092930,-0.065712,0.258728,0.225373,-0.936989,23.062468,137.515503,-14.608696,0.006209,0.966037,0.231897,0.113830,-2.914475,81.704369,9.767400,0.041806,0.991115,-0.090749,0.087794,-1.485137,50.440788,-5.979002,-0.007105,0.977541,0.078689,0.195377,-6.024762,5.412400,1.948673,-0.032692,0.970370,-0.185767,0.151007,14.586863,82.715729,11.627703,0.021666,0.919731,-0.220869,0.323794,14.844110,50.174332,24.604410,-0.001429,0.901749,-0.016964,0.431925,6.441272,8.754480,42.626617,-0.007105,0.977541,0.078689,0.195377,-0.733392,1.825289,-10.965436,-0.001429,0.901749,-0.016964,0.431925,16.672119,2.640185,34.528141
640,5.333333,-0.029596,0.998190,0.038880,0.035051,5.794870,82.112106,10.483954,-0.062563,0.997828,0.003939,-0.020241,5.348110,89.305473,11.029981,-0.087352,0.993185,0.063978,-0.043129,3.388296,104.899063,11.193377,0.032311,0.999057,-0.028923,-0.001934,0.390379,122.325958,13.595679,0.064846,0.993712,-0.087007,0.027602,1.260818,135.835358,11.044470,-0.046302,0.930497,0.320759,0.170720,-2.224593,116.310654,13.703804,0.281425,-0.618248,-0.221331,-0.699702,-17.814089,116.698990,7.926268,-0.108685,0.301087,-0.523083,-0.789885,-14.405926,115.751358,-16.594770,0.020484,0.342337,-0.317014,-0.884244,-8.788765,131.496597,-4.399213,-0.185697,0.933778,0.275850,-0.132222,4.677520,117.570259,13.179697,0.121002,0.853171,0.236481,-0.448925,19.579304,124.550697,10.776926,-0.175655,0.284155,0.353248,-0.873852,33.642769,124.695740,-9.618972,-0.064642,0.276590,0.210106,-0.935508,22.633141,138.102478,-16.581980,0.005425,0.966425,0.234544,0.104800,-2.982513,81.615326,9.846870,0.040444,0.991428,-0.091508,0.084025,-1.627556,50.437611,-6.075388,-0.007569,0.977660,0.078640,0.194782,-6.018739,5.411646,1.949096,-0.033512,0.972315,-0.186812,0.136313,14.572252,82.608887,11.121037,0.020869,0.922749,-0.228074,0.309969,15.071077,50.098576,24.168434,0.001533,0.907573,-0.022519,0.419288,6.805201,8.972830,42.913055,-0.007569,0.977660,0.078640,0.194782,-0.738533,1.825791,-10.969931,0.001533,0.907573,-0.022519,0.419288,16.742798,2.691820,34.580391
641,5.341667,-0.028650,0.998735,0.036860,0.018708,5.772700,82.007858,10.272443,-0.061688,0.997241,0.002440,-0.041215,5.349097,89.204231,10.796861,-0.089208,0.991910,0.062215,-0.065464,3.419778,104.791351,10.953224,0.030335,0.998870,-0.032582,-0.016673,0.407003,122.214493,13.364182,0.063063,0.993834,-0.088845,0.020599,1.157916,135.709839,10.702906,-0.042876,0.934101,0.321164,0.149902,-2.158087,116.182587,13.628778,0.280432,-0.627522,-0.225367,-0.690495,-17.979752,116.451752,8.513527,-0.115615,0.290521,-0.522096,-0.793503,-15.233411,115.442802,-16.087994,0.014676,0.328709,-0.316341,-0.889755,-9.315069,131.197525,-4.049479,-0.185005,0.930303,0.275765,-0.155767,4.705285,117.485008,12.793158,0.112777,0.845918,0.237950,-0.463772,19.390059,124.638199,9.670247,-0.173420,0.300621,0.349773,-0.870179,32.877346,125.379181,-11.098459,-0.063763,0.295035,0.196575,-0.932870,22.164989,138.671799,-18.590170,0.005039,0.966707,0.237308,0.095591,-3.021145,81.515579,9.924446,0.039069,0.991706,-0.092376,0.080377,-1.772986,50.428944,-6.183547,-0.008193,0.977742,0.078553,0.194380,-6.015591,5.407590,1.946034,-0.034167,0.974018,-0.187793,0.121881,14.566546,82.500130,10.620440,0.019936,0.925681,-0.235819,0.295138,15.294621,50.018658,23.728756,0.003066,0.913926,-0.029279,0.404811,7.203250,9.219584,43.247410,-0.008193,0.977742,0.078553,0.194380,-0.740176,1.822758,-10.975238,0.003066,0.913926,-0.029279,0.404811,16.816166,2.759679,34.674091
642,5.350000,-0.027619,0.998996,0.035188,0.002577,5.747420,81.893890,10.056571,-0.060469,0.996250,0.000831,-0.061880,5.347250,89.092842,10.563707,-0.091044,0.990174,0.060189,-0.087434,3.456732,104.682663,10.707305,0.027812,0.998449,-0.036909,-0.031061,0.427084,122.102844,13.118489,0.062008,0.993930,-0.089764,0.014185,1.041568,135.580048,10.333224,-0.039159,0.937311,0.321449,0.128781,-2.081236,116.055855,13.537952,0.278312,-0.636824,-0.227696,-0.682020,-18.108814,116.211937,9.104483,-0.122043,0.279652,-0.521757,-0.796662,-15.997526,115.124687,-15.556328,0.011238,0.316903,-0.316230,-0.894117,-9.807520,130.915436,-3.700019,-0.183488,0.926544,0.275716,-0.178405,4.730215,117.398415,12.396839,0.103397,0.838302,0.239499,-0.478748,19.181973,124.689064,8.581549,-0.170208,0.319333,0.345110,-0.865999,32.070343,126.075554,-12.531545,-0.063070,0.312487,0.184745,-0.929647,21.687168,139.223694,-20.638470,0.004068,0.966860,0.240299,0.086148,-3.053500,81.409081,9.994053,0.037922,0.991777,-0.093612,0.078594,-1.878617,50.421917,-6.309935,-0.008823,0.977863,0.078196,0.193887,-6.010788,5.413583,1.947621,-0.034867,0.975473,-0.188929,0.107437,14.548341,82.378700,10.119089,0.019458,0.929270,-0.243084,0.277468,15.509253,49.930592,23.294867,0.005902,0.920129,-0.035616,0.389948,7.649806,9.449471,43.556171,-0.008823,0.977863,0.078196,0.193887,-0.742892,1.822370,-10.974947,0.005902,0.920129,-0.035616,0.389948,16.910849,2.807537,34.738117
643,5.358333,-0.026996,0.998976,0.033702,-0.013519,5.726661,81.784126,9.839767,-0.059658,0.994793,-0.000422,-0.082634,5.343393,88.985046,10.331726,-0.093015,0.987906,0.058251,-0.109534,3.478838,104.573296,10.473393,0.026174,0.997757,-0.041203,-0.045811,0.426950,121.988724,12.890882,0.060963,0.993946,-0.091148,0.006885,0.924005,135.445343,9.985258,-0.035841,0.939999,0.321442,0.108596,-2.015477,115.927208,13.462101,0.275454,-0.645756,-0.229541,-0.674118,-18.210701,115.967682,9.683694,-0.128054,0.269246,-0.520672,-0.800006,-16.708834,114.821205,-15.019043,0.008643,0.305902,-0.316673,-0.897812,-10.234624,130.636353,-3.342650,-0.181799,0.922218,0.275853,-0.200918,4.729616,117.309998,12.015699,0.093231,0.830575,0.240230,-0.493703,18.917868,124.729790,7.520874,-0.166046,0.340502,0.339749,-0.860847,31.184664,126.769615,-13.907146,-0.061389,0.330475,0.175399,-0.925339,21.189095,139.755463,-22.713938,0.003383,0.966835,0.243543,0.076843,-3.071756,81.300667,10.061815,0.036880,0.992013,-0.094837,0.074537,-1.989603,50.423122,-6.455171,-0.009513,0.978009,0.077448,0.193416,-6.001090,5.428833,1.937341,-0.035598,0.976716,-0.190297,0.092439,14.525078,82.267593,9.617719,0.019134,0.932719,-0.250101,0.259073,15.728731,49.859447,22.871687,0.007810,0.926358,-0.043158,0.374083,8.134687,9.695181,43.852024,-0.009513,0.978009,0.077448,0.193416,-0.740198,1.820792,-10.983394,0.007810,0.926358,-0.043158,0.374083,17.021435,2.853353,34.804626
644,5.366667,-0.026771,0.998713,0.031732,-0.029127,5.711693,81.678123,9.629469,-0.058273,0.993017,-0.001767,-0.102556,5.338554,88.881081,10.098867,-0.095373,0.985210,0.056529,-0.130649,3.517984,104.456642,10.231326,0.024449,0.996879,-0.045617,-0.059618,0.427992,121.863266,12.663748,0.059805,0.993924,-0.092404,0.000406,0.806168,135.297333,9.638299,-0.031232,0.942281,0.321401,0.088502,-1.939131,115.786682,13.374766,0.275055,-0.653705,-0.233273,-0.665281,-18.276361,115.753922,10.267199,-0.131516,0.260264,-0.518852,-0.803591,-17.371910,114.534363,-14.461112,0.007644,0.297678,-0.318114,-0.900074,-10.626103,130.368134,-2.984960,-0.181204,0.917366,0.275527,-0.222910,4.728345,117.212784,11.639409,0.082171,0.822923,0.239881,-0.508431,18.613762,124.784447,6.498562,-0.160794,0.364302,0.333235,-0.854625,30.245358,127.477097,-15.209742,-0.059007,0.347546,0.166789,-0.920821,20.707819,140.257034,-24.802906,0.002877,0.966642,0.246996,0.067733,-3.075199,81.190483,10.127315,0.035594,0.992033,-0.096401,0.072879,-2.097853,50.431423,-6.615725,-0.009603,0.978192,0.076364,0.192915,-5.988190,5.456054,1.933757,-0.035784,0.977547,-0.192402,0.078125,14.498586,82.165756,9.131623,0.018294,0.935849,-0.256578,0.240874,15.896373,49.814980,22.506132,0.009958,0.932496,-0.050365,0.357514,8.643928,9.949434,44.166050,-0.009603,0.978192,0.076364,0.192915,-0.741040,1.818808,-10.984371,0.009958,0.932496,-0.050365,0.357514,17.133656,2.914172,34.888668
645,5.375000,-0.026816,0.998200,0.029482,-0.044809,5.698111,81.565079,9.434842,-0.056799,0.990848,-0.003708,-0.122397,5.330254,88.769997,9.877625,-0.097520,0.982069,0.054962,-0.151689,3.551785,104.342880,9.980438,0.022906,0.995764,-0.050284,-0.073489,0.431221,121.740959,12.434862,0.058711,0.993852,-0.093659,-0.006311,0.691431,135.149368,9.285728,-0.026998,0.944168,0.321054,0.068864,-1.857064,115.651466,13.280676,-0.276608,0.660438,0.239841,0.655581,-18.305277,115.538979,10.829814,-0.134150,0.252331,-0.516419,-0.807245,-17.993216,114.278091,-13.910998,0.005757,0.287865,-0.318435,-0.903161,-10.979692,130.114014,-2.625011,-0.181127,0.911997,0.275618,-0.243905,4.720997,117.116394,11.259905,0.070129,0.815310,0.237966,-0.523186,18.281366,124.846481,5.521863,-0.153833,0.389626,0.325257,-0.847782,29.249596,128.182358,-16.440937,-0.055070,0.364846,0.161780,-0.915250,20.200804,140.712769,-26.902843,0.002541,0.966233,0.250988,0.058245,-3.068299,81.069901,10.209422,0.034130,0.992025,-0.098135,0.071347,-2.216011,50.449989,-6.793499,-0.010109,0.978428,0.074811,0.192303,-5.970671,5.496234,1.928566,-0.036162,0.978285,-0.193725,0.064200,14.464520,82.060265,8.660263,0.017393,0.938528,-0.263236,0.222644,16.071871,49.747204,22.102238,0.013421,0.938224,-0.057516,0.340951,9.186242,10.196689,44.448536,-0.010109,0.978428,0.074811,0.192303,-0.737020,1.819116,-10.983746,0.013421,0.938224,-0.057516,0.340951,17.255785,2.959281,34.954189
646,5.383333,-0.027290,0.997410,0.027857,-0.060444,5.696118,81.463173,9.217548,-0.055999,0.988246,-0.005034,-0.142157,5.326985,88.669060,9.643037,-0.098638,0.978588,0.053246,-0.172632,3.570554,104.237068,9.736645,0.021536,0.994436,-0.054774,-0.087368,0.453565,121.633949,12.204090,0.057323,0.993737,-0.095030,-0.013074,0.597505,135.016327,8.938902,-0.023593,0.945613,0.320654,0.049401,-1.761872,115.537766,13.184935,-0.275010,0.668273,0.243621,0.646862,-18.292379,115.322601,11.379587,-0.139235,0.242748,-0.515106,-0.810156,-18.586685,114.024780,-13.359531,0.002847,0.277864,-0.317723,-0.906552,-11.323298,129.876083,-2.266606,-0.181483,0.906342,0.275456,-0.264070,4.717531,117.025352,10.881698,0.057689,0.807401,0.236073,-0.537629,17.932917,124.915550,4.583959,-0.144271,0.415967,0.315794,-0.840495,28.220802,128.896454,-17.599525,-0.050249,0.380826,0.160066,-0.909300,19.703403,141.093307,-28.994757,0.002655,0.965794,0.254557,0.049348,-3.040831,80.953636,10.266956,0.033054,0.992241,-0.099587,0.066696,-2.340299,50.460201,-6.968583,-0.010898,0.978566,0.073701,0.191984,-5.964500,5.526194,1.909048,-0.036245,0.978870,-0.195145,0.049183,14.433068,81.972702,8.168140,0.016764,0.940936,-0.270194,0.203356,16.246519,49.698734,21.677649,0.014989,0.943798,-0.066160,0.323487,9.748042,10.487315,44.726437,-0.010898,0.978566,0.073701,0.191984,-0.733506,1.822848,-10.996851,0.014989,0.943798,-0.066160,0.323487,17.387833,3.031242,35.047550
647,5.391667,-0.027857,0.996388,0.026151,-0.075842,5.704496,81.364067,9.000495,-0.054989,0.985371,-0.006476,-0.161180,5.331931,88.570839,9.407706,-0.100959,0.974697,0.051535,-0.192657,3.603010,104.127678,9.485458,0.020385,0.992939,-0.059146,-0.100788,0.445266,121.514427,11.972444,0.056509,0.993543,-0.096319,-0.020022,0.478360,134.870117,8.596797,-0.019107,0.946674,0.320101,0.031289,-1.679475,115.407158,13.077131,-0.272500,0.676155,0.246430,0.638616,-18.264957,115.138664,11.888533,-0.145813,0.232532,-0.513602,-0.812946,-19.152559,113.806847,-12.834599,-0.003054,0.266137,-0.316407,-0.910521,-11.625671,129.660217,-1.927561,-0.182585,0.900393,0.275717,-0.282729,4.690477,116.931534,10.508004,0.044532,0.798193,0.234368,-0.553151,17.553160,124.992226,3.715377,-0.134354,0.445064,0.305551,-0.830967,27.068741,129.654633,-18.679052,-0.045970,0.397189,0.156633,-0.903102,19.229422,141.445297,-31.036112,0.003328,0.965238,0.258112,0.041021,-2.994906,80.839790,10.319834,0.031539,0.992283,-0.101337,0.064117,-2.478095,50.474335,-7.146595,-0.011601,0.978857,0.072231,0.191015,-5.951004,5.563646,1.907772,-0.036303,0.979060,-0.197171,0.035323,14.403897,81.888344,7.681156,0.015727,0.942904,-0.276295,0.185325,16.406307,49.670380,21.297232,0.015502,0.949076,-0.074472,0.305725,10.338420,10.762278,44.968994,-0.011601,0.978857,0.072231,0.191015,-0.740629,1.823816,-10.995942,0.015502,0.949076,-0.074472,0.305725,17.551130,3.104822,35.121132
648,5.400000,-0.028282,0.995160,0.024363,-0.090902,5.700338,81.267586,8.779604,-0.053545,0.982316,-0.007741,-0.179241,5.325492,88.475327,9.167250,-0.103197,0.970622,0.050194,-0.211482,3.636723,104.025177,9.229638,0.019719,0.991330,-0.063623,-0.113261,0.440636,121.400475,11.747403,0.055175,0.993329,-0.097715,-0.026538,0.377578,134.727188,8.259550,-0.015070,0.947243,0.319910,0.012706,-1.593576,115.283264,12.962021,-0.275865,0.680971,0.257011,0.627791,-18.210844,114.943657,12.401371,-0.148326,0.224690,-0.510917,-0.816381,-19.686255,113.630249,-12.294642,-0.009050,0.254404,-0.314754,-0.914400,-11.906975,129.470612,-1.595330,-0.183578,0.894365,0.275336,-0.300999,4.662891,116.842079,10.146501,0.031839,0.789033,0.233933,-0.567176,17.158777,125.059448,2.873892,-0.124563,0.474277,0.293663,-0.820553,25.943863,130.388977,-19.669699,-0.043828,0.414001,0.151624,-0.896489,18.795809,141.746429,-33.015690,0.003796,0.964599,0.261696,0.032410,-2.954375,80.732376,10.362209,0.030006,0.992313,-0.103169,0.061400,-2.616664,50.497704,-7.333982,-0.010600,0.979145,0.070613,0.190200,-5.934856,5.612770,1.904237,-0.036492,0.978999,-0.199403,0.021651,14.355051,81.802803,7.196999,0.014530,0.944384,-0.282013,0.168515,16.555798,49.647816,20.930820,0.017050,0.953738,-0.082581,0.288571,10.927830,11.029699,45.179104,-0.010600,0.979145,0.070613,0.190200,-0.757151,1.823407,-10.998179,0.017050,0.953738,-0.082581,0.288571,17.708992,3.168950,35.185875
649,5.408333,-0.028674,0.993706,0.022459,-0.105937,5.695623,81.158745,8.568476,-0.051607,0.978940,-0.009252,-0.197300,5.318118,88.367447,8.935002,-0.104963,0.966162,0.049615,-0.230331,3.678320,103.944901,8.970297,0.019073,0.989458,-0.067714,-0.126588,0.466746,121.309135,11.544042,0.053419,0.992917,-0.100281,-0.034721,0.302039,134.608643,7.957065,-0.011979,0.947182,0.320449,-0.004001,-1.479468,115.183846,12.858046,-0.272992,0.688229,0.261220,0.619339,-18.104351,114.763809,12.856428,-0.155208,0.214831,-0.509079,-0.818900,-20.180223,113.470695,-11.797443,-0.014954,0.241891,-0.312633,-0.918436,-12.144998,129.300781,-1.275010,-0.184330,0.887839,0.275690,-0.318998,4.654643,116.771637,9.799937,0.020212,0.778811,0.234548,-0.581405,16.770168,125.139931,2.070198,-0.114238,0.503376,0.281176,-0.809013,24.775398,131.116928,-20.601080,-0.042949,0.431925,0.146827,-0.888841,18.379412,141.994431,-34.918602,0.004638,0.963917,0.265010,0.024729,-2.906522,80.614487,10.412931,0.028618,0.992476,-0.104578,0.056884,-2.760575,50.502621,-7.494016,-0.011525,0.979368,0.069459,0.189421,-5.917183,5.637097,1.893899,-0.036437,0.978734,-0.201693,0.008430,14.297769,81.703003,6.724021,0.013194,0.945504,-0.287470,0.152347,16.677420,49.612103,20.577385,0.017296,0.957855,-0.090931,0.271930,11.506637,11.276192,45.369183,-0.011525,0.979368,0.069459,0.189421,-0.752654,1.821054,-11.005937,0.017296,0.957855,-0.090931,0.271930,17.879578,3.217383,35.265648
650,5.416667,-0.029411,0.992004,0.021339,-0.120861,5.716613,81.058273,8.338425,-0.051008,0.975282,-0.010113,-0.214758,5.332134,88.267067,8.695815,-0.106552,0.961558,0.048340,-0.248428,3.702647,103.875351,8.730121,0.017279,0.987523,-0.072068,-0.138945,0.474555,121.232071,11.333821,0.053155,0.992465,-0.102475,-0.041083,0.179027,134.501984,7.647022,-0.008494,0.946821,0.321005,-0.020368,-1.382284,115.101479,12.748663,-0.270479,0.694826,0.264799,0.611506,-17.996279,114.616547,13.299396,-0.161076,0.205687,-0.507490,-0.821097,-20.617529,113.327774,-11.302708,-0.019550,0.230859,-0.311208,-0.921668,-12.359589,129.153854,-0.961283,-0.185447,0.881494,0.274875,-0.336188,4.625185,116.712151,9.459808,0.009220,0.768226,0.235600,-0.595177,16.352373,125.222816,1.298623,-0.104266,0.532658,0.268163,-0.795922,23.570755,131.819901,-21.464693,-0.043242,0.451617,0.141468,-0.879863,18.007711,142.183762,-36.722195,0.005079,0.963231,0.268223,0.014706,-2.825112,80.498466,10.440971,0.027663,0.992490,-0.106783,0.052882,-2.891516,50.506950,-7.667267,-0.011814,0.979608,0.067970,0.188704,-5.933361,5.679312,1.937024,-0.036078,0.978261,-0.204174,-0.004007,14.258339,81.618080,6.235878,0.012147,0.946477,-0.292559,0.135806,16.788622,49.595909,20.220951,0.020130,0.961333,-0.098184,0.256504,12.081215,11.528787,45.514168,-0.011814,0.979608,0.067970,0.188704,-0.786773,1.824097,-10.958334,0.020130,0.961333,-0.098184,0.256504,18.039194,3.282003,35.309593
651,5.425000,-0.029919,0.990161,0.019736,-0.135263,5.717806,80.955803,8.122228,-0.049615,0.971340,-0.011197,-0.232189,5.328146,88.165108,8.463229,-0.106138,0.956779,0.047016,-0.266642,3.729806,103.818283,8.483541,0.013949,0.985357,-0.076289,-0.151847,0.552838,121.182648,11.099139,0.052636,0.991976,-0.104606,-0.047644,0.080591,134.423172,7.326104,-0.006173,0.946169,0.321546,-0.036521,-1.233263,115.056297,12.619495,-0.268186,0.701420,0.270539,0.602408,-17.817816,114.471458,13.702789,-0.166460,0.196845,-0.504514,-0.824020,-21.047514,113.225975,-10.829079,-0.024079,0.220351,-0.310082,-0.924508,-12.523519,129.017670,-0.677231,-0.187488,0.874620,0.274395,-0.352981,4.643431,116.661667,9.099874,0.000228,0.756433,0.239022,-0.608833,15.960349,125.337204,0.542688,-0.092382,0.560139,0.255776,-0.782488,22.368225,132.539383,-22.279724,-0.041484,0.472295,0.135930,-0.869908,17.672342,142.327988,-38.393814,0.004970,0.962450,0.271369,0.004854,-2.758351,80.386482,10.472912,0.026764,0.992508,-0.108287,0.049849,-3.001212,50.513828,-7.829265,-0.012537,0.979698,0.066688,0.188647,-5.938223,5.711418,1.924215,-0.036108,0.977655,-0.206460,-0.016182,14.193964,81.525124,5.771544,0.010960,0.946987,-0.297504,0.120780,16.901552,49.568863,19.873695,0.021637,0.964403,-0.106123,0.241242,12.645924,11.767348,45.640869,-0.012537,0.979698,0.066688,0.188647,-0.788216,1.824975,-10.960393,0.021637,0.964403,-0.106123,0.241242,18.204905,3.327954,35.368843
652,5.433333,-0.031012,0.988177,0.018255,-0.149034,5.740645,80.876411,7.904869,-0.048145,0.967571,-0.012883,-0.247634,5.336967,88.085571,8.232457,-0.109736,0.951829,0.046691,-0.282487,3.769619,103.752502,8.215388,0.014235,0.983210,-0.080952,-0.162919,0.512485,121.090225,10.907936,0.052159,0.991426,-0.106523,-0.054831,-0.034304,134.295624,7.023492,-0.001616,0.945575,0.321248,-0.051808,-1.164157,114.949753,12.494484,-0.265805,0.706876,0.273685,0.595626,-17.704985,114.345383,14.106591,-0.170299,0.188632,-0.502041,-0.826662,-21.400270,113.112709,-10.360126,-0.026967,0.211010,-0.310834,-0.926353,-12.643737,128.900406,-0.405031,-0.188241,0.867751,0.274455,-0.369117,4.579175,116.605103,8.783093,-0.010616,0.745274,0.240430,-0.621810,15.499146,125.407555,-0.151908,-0.080695,0.587637,0.243220,-0.767473,21.110136,133.207367,-22.987726,-0.037717,0.493058,0.131833,-0.859122,17.360201,142.394852,-39.917980,0.004395,0.961693,0.274008,-0.006791,-2.665324,80.288193,10.491140,0.025493,0.992556,-0.109717,0.046311,-3.091865,50.516022,-7.970709,-0.012709,0.980090,0.065705,0.186934,-5.883936,5.736155,1.927783,-0.035655,0.976927,-0.208617,-0.028659,14.146614,81.464622,5.318598,0.010116,0.947330,-0.302141,0.105704,17.006189,49.568840,19.527254,0.022371,0.967000,-0.114160,0.226667,13.190812,12.021214,45.730888,-0.012709,0.980090,0.065705,0.186934,-0.777782,1.823754,-10.966423,0.022371,0.967000,-0.114160,0.226667,18.374937,3.393621,35.419266
653,5.441667,-0.031732,0.986087,0.016882,-0.162298,5.756576,80.805473,7.684126,-0.047375,0.963632,-0.014353,-0.262610,5.343847,88.014671,7.999215,-0.112151,0.946854,0.046244,-0.297913,3.787346,103.685249,7.955478,0.014876,0.981026,-0.084678,-0.173768,0.489033,121.005318,10.710721,0.051161,0.990815,-0.108813,-0.061866,-0.119737,134.182007,6.739006,0.002329,0.944892,0.320445,-0.066993,-1.090636,114.856735,12.363933,-0.261638,0.712983,0.275761,0.589200,-17.571375,114.215897,14.494181,-0.174669,0.179724,-0.498772,-0.829709,-21.752827,113.023468,-9.896161,-0.030413,0.202109,-0.310371,-0.928384,-12.732426,128.781418,-0.162122,-0.189400,0.860814,0.274373,-0.384507,4.519177,116.544830,8.467676,-0.022855,0.735409,0.237069,-0.634390,15.038843,125.476456,-0.812728,-0.072860,0.613641,0.231379,-0.751399,19.846539,133.761246,-23.660999,-0.032532,0.514748,0.126201,-0.847378,17.076653,142.419128,-41.257347,0.003986,0.960917,0.276251,-0.017541,-2.575804,80.205551,10.496016,0.024730,0.992639,-0.110875,0.042000,-3.183703,50.519596,-8.099124,-0.013416,0.980264,0.064905,0.186250,-5.867351,5.759701,1.918935,-0.035474,0.976084,-0.210651,-0.040335,14.088956,81.405403,4.872236,0.009404,0.947358,-0.306616,0.091707,17.110453,49.568459,19.179018,0.023278,0.969161,-0.121767,0.212973,13.707888,12.269863,45.791985,-0.013416,0.980264,0.064905,0.186250,-0.773275,1.829133,-10.974528,0.023278,0.969161,-0.121767,0.212973,18.535322,3.464831,35.457211
654,5.450000,-0.032290,0.983877,0.015273,-0.175244,5.777715,80.740501,7.461388,-0.047255,0.959648,-0.015759,-0.276757,5.357157,87.949928,7.760406,-0.113942,0.941961,0.046161,-0.312405,3.789033,103.644989,7.695919,0.014220,0.978841,-0.088534,-0.183926,0.473096,120.950890,10.518250,0.050719,0.990195,-0.111061,-0.067879,-0.230724,134.097305,6.462790,0.006083,0.943742,0.320706,-0.080383,-1.019642,114.796448,12.229443,-0.257639,0.719009,0.276600,0.583217,-17.433687,114.129951,14.817490,-0.179525,0.171669,-0.495611,-0.832268,-22.065630,112.944351,-9.491650,-0.034055,0.192041,-0.309038,-0.930836,-12.798199,128.671616,0.062490,-0.190039,0.854037,0.274506,-0.398939,4.460017,116.509628,8.162647,-0.034863,0.725664,0.232923,-0.646485,14.595534,125.550186,-1.434365,-0.066459,0.637124,0.219753,-0.735775,18.601229,134.265015,-24.277328,-0.027093,0.537854,0.120069,-0.834004,16.773977,142.405212,-42.396961,0.003971,0.960153,0.278094,-0.027454,-2.476993,80.133263,10.492255,0.024172,0.992772,-0.111758,0.036464,-3.279100,50.518894,-8.209352,-0.014068,0.980374,0.064352,0.185818,-5.858696,5.774537,1.905000,-0.035103,0.975106,-0.212594,-0.052336,14.032422,81.347740,4.430520,0.008504,0.947112,-0.310965,0.078790,17.210453,49.566589,18.827141,0.023819,0.970972,-0.129846,0.199463,14.218889,12.513336,45.829346,-0.014068,0.980374,0.064352,0.185818,-0.770347,1.832260,-10.987144,0.023819,0.970972,-0.129846,0.199463,18.696686,3.524084,35.495766
655,5.458333,-0.032993,0.981622,0.013802,-0.187457,5.795162,80.679893,7.238478,-0.046584,0.955587,-0.016567,-0.290532,5.364395,87.889275,7.523732,-0.116081,0.936955,0.045202,-0.326494,3.807428,103.594482,7.451266,0.014004,0.976638,-0.091593,-0.193889,0.452358,120.885941,10.315516,0.050127,0.989510,-0.113497,-0.074004,-0.331362,134.007980,6.196244,0.009940,0.942545,0.320655,-0.093220,-0.945871,114.726891,12.088816,-0.253610,0.724764,0.278646,0.576849,-17.283741,114.044296,15.117231,-0.183732,0.163923,-0.491670,-0.835244,-22.383745,112.901131,-9.100081,-0.037154,0.182116,-0.307150,-0.933334,-12.851268,128.578430,0.262199,-0.191485,0.847673,0.274041,-0.411930,4.400203,116.464981,7.858098,-0.047089,0.716759,0.227143,-0.657606,14.167026,125.618317,-2.010479,-0.064243,0.658653,0.207072,-0.720535,17.404446,134.691971,-24.835535,-0.024356,0.562301,0.109239,-0.819324,16.468664,142.378250,-43.348076,0.003614,0.959284,0.280061,-0.036428,-2.380653,80.063347,10.474382,0.024061,0.992764,-0.112886,0.033143,-3.338392,50.525719,-8.340920,-0.014571,0.980381,0.063256,0.186116,-5.877151,5.804145,1.883959,-0.034608,0.974062,-0.214324,-0.063798,13.970977,81.296440,4.002574,0.007968,0.946755,-0.315196,0.065143,17.291113,49.564621,18.475746,0.022289,0.972620,-0.137530,0.186008,14.711155,12.753979,45.849686,-0.014571,0.980381,0.063256,0.186116,-0.777942,1.834603,-10.995524,0.022289,0.972620,-0.137530,0.186008,18.872562,3.600165,35.528320
656,5.466667,-0.033489,0.979344,0.012351,-0.199027,5.804167,80.628899,7.014415,-0.046568,0.951452,-0.016983,-0.303780,5.365596,87.838348,7.285620,-0.117400,0.931951,0.044767,-0.340120,3.802720,103.558670,7.222072,0.013339,0.974296,-0.095371,-0.203651,0.441204,120.840546,10.136238,0.049832,0.988800,-0.115734,-0.079983,-0.438443,133.931564,5.938391,0.012753,0.941183,0.320861,-0.105170,-0.873819,114.679298,11.964736,-0.249489,0.730466,0.280222,0.570657,-17.130718,113.956139,15.393074,-0.188523,0.155787,-0.487747,-0.838029,-22.685507,112.849548,-8.725691,-0.042346,0.170992,-0.302509,-0.936727,-12.890020,128.474808,0.438831,-0.192257,0.841958,0.272684,-0.424014,4.340105,116.433105,7.578437,-0.059438,0.709416,0.218120,-0.667547,13.761086,125.662674,-2.551887,-0.067302,0.677548,0.194368,-0.706130,16.280582,134.966690,-25.374735,-0.023963,0.586384,0.094595,-0.804134,16.152815,142.340729,-44.141552,0.004316,0.958577,0.281563,-0.042832,-2.292232,80.007385,10.443294,0.023036,0.992780,-0.113966,0.029486,-3.427110,50.529255,-8.455283,-0.014712,0.980677,0.062433,0.184820,-5.837407,5.825767,1.879164,-0.034400,0.973009,-0.215735,-0.074351,13.900564,81.250404,3.585537,0.007235,0.946154,-0.319227,0.053236,17.369778,49.560093,18.114576,0.021429,0.973841,-0.145479,0.173234,15.179112,12.983409,45.833878,-0.014712,0.980677,0.062433,0.184820,-0.771310,1.834448,-11.006654,0.021429,0.973841,-0.145479,0.173234,19.029844,3.657276,35.546249
657,5.475000,-0.034415,0.976957,0.010610,-0.210374,5.833414,80.577736,6.796489,-0.046935,0.947622,-0.017902,-0.315419,5.379651,87.786865,7.050992,-0.118826,0.927439,0.044477,-0.351794,3.794656,103.518532,6.982733,0.012803,0.972120,-0.098362,-0.212473,0.419837,120.789314,9.946910,0.049727,0.988046,-0.117864,-0.086027,-0.543839,133.855362,5.690172,0.016610,0.940025,0.320025,-0.116882,-0.819036,114.625252,11.818624,-0.245734,0.735899,0.281119,0.564835,-16.985666,113.900467,15.649811,-0.192900,0.147290,-0.484153,-0.840649,-22.960176,112.807938,-8.369072,-0.047265,0.158823,-0.298140,-0.940029,-12.916502,128.398102,0.575874,-0.192739,0.836812,0.270956,-0.434949,4.276484,116.396141,7.301976,-0.070822,0.703921,0.208548,-0.675268,13.378891,125.680374,-3.066839,-0.072378,0.692099,0.182120,-0.694689,15.311189,135.128479,-25.887764,-0.023831,0.609099,0.079179,-0.788772,15.803121,142.279526,-44.821472,0.004440,0.957614,0.283554,-0.050520,-2.179981,79.945663,10.413274,0.022379,0.992666,-0.115383,0.028290,-3.481615,50.546448,-8.597152,-0.015064,0.980875,0.060958,0.184232,-5.822953,5.870095,1.869667,-0.033715,0.971878,-0.217096,-0.084774,13.846808,81.209808,3.179703,0.006332,0.945408,-0.323109,0.042001,17.432276,49.557518,17.763306,0.022600,0.974620,-0.153060,0.161796,15.635098,13.208878,45.808964,-0.015064,0.980875,0.060958,0.184232,-0.770687,1.840355,-11.009624,0.022600,0.974620,-0.153060,0.161796,19.177317,3.712375,35.566437
658,5.483333,-0.034806,0.974636,0.009458,-0.220870,5.843818,80.536911,6.577377,-0.047658,0.943786,-0.017937,-0.326612,5.383633,87.745979,6.821760,-0.119313,0.923050,0.043747,-0.363083,3.775081,103.484901,6.778654,0.011804,0.969953,-0.101328,-0.220874,0.411297,120.753838,9.765998,0.049470,0.987339,-0.119894,-0.091327,-0.646982,133.794586,5.454480,0.019198,0.938525,0.320384,-0.127107,-0.761072,114.591873,11.686784,-0.241561,0.741128,0.282593,0.559033,-16.841635,113.836670,15.859100,-0.197523,0.139616,-0.480358,-0.843059,-23.239979,112.793694,-8.052572,-0.051703,0.147045,-0.292398,-0.943508,-12.956713,128.331833,0.700357,-0.192214,0.832027,0.269698,-0.445025,4.219258,116.365089,7.044318,-0.079125,0.699592,0.200848,-0.681154,13.033464,125.676323,-3.546897,-0.076901,0.702346,0.172466,-0.686332,14.508504,135.197983,-26.371372,-0.021174,0.628048,0.064074,-0.775243,15.443200,142.198578,-45.408947,0.004994,0.956926,0.284819,-0.056086,-2.089302,79.902061,10.366528,0.021787,0.992618,-0.116457,0.025942,-3.543465,50.553558,-8.711084,-0.015372,0.981015,0.059979,0.183782,-5.808346,5.897692,1.859429,-0.033422,0.970696,-0.218394,-0.094534,13.776937,81.171768,2.788226,0.005426,0.944580,-0.326646,0.032264,17.496750,49.557705,17.421001,0.022245,0.975256,-0.159957,0.150978,16.057358,13.419286,45.757450,-0.015372,0.981015,0.059979,0.183782,-0.766038,1.842861,-11.015881,0.022245,0.975256,-0.159957,0.150978,19.331530,3.774770,35.564156
659,5.491667,-0.034771,0.972391,0.007938,-0.230614,5.836148,80.493759,6.370404,-0.047920,0.940242,-0.018337,-0.336621,5.373842,87.703247,6.597903,-0.119998,0.918980,0.043448,-0.373080,3.752194,103.447876,6.562787,0.011237,0.967843,-0.104476,-0.228556,0.394911,120.711899,9.585658,0.049334,0.986668,-0.121189,-0.096776,-0.744470,133.725174,5.212259,0.021516,0.937011,0.320745,-0.136640,-0.715689,114.550171,11.543578,-0.236636,0.746467,0.282955,0.553829,-16.709492,113.763046,16.031561,-0.201791,0.132001,-0.476092,-0.845690,-23.511534,112.775375,-7.770792,-0.055488,0.136063,-0.286683,-0.946689,-12.977350,128.252487,0.779293,-0.190810,0.827687,0.268963,-0.454077,4.158787,116.329994,6.792553,-0.083884,0.696195,0.196560,-0.685303,12.720209,125.644897,-4.000865,-0.078619,0.707926,0.166771,-0.681797,13.875911,135.213089,-26.824306,-0.014047,0.642250,0.052430,-0.764571,15.054144,142.105255,-45.932442,0.005330,0.956379,0.285929,-0.059636,-2.019464,79.865425,10.318785,0.021316,0.992512,-0.117594,0.025253,-3.571424,50.561565,-8.819649,-0.015243,0.981208,0.059112,0.183042,-5.788421,5.928284,1.855900,-0.033547,0.969525,-0.219422,-0.103687,13.691761,81.122093,2.422023,0.004865,0.943666,-0.330149,0.021746,17.564846,49.540138,17.084343,0.021611,0.975828,-0.166580,0.139798,16.483290,13.612604,45.703480,-0.015243,0.981208,0.059112,0.183042,-0.767562,1.849105,-11.020107,0.021611,0.975828,-0.166580,0.139798,19.486984,3.828149,35.560379
660,5.500000,-0.035042,0.970207,0.007174,-0.239621,5.837034,80.457687,6.152212,-0.048932,0.936931,-0.018180,-0.345595,5.370414,87.667068,6.374208,-0.120022,0.915339,0.043064,-0.381963,3.719668,103.414680,6.370363,0.008266,0.965861,-0.106661,-0.235939,0.385736,120.679680,9.413417,0.050743,0.985866,-0.123351,-0.101385,-0.890324,133.673050,5.018610,0.024396,0.935805,0.320077,-0.145687,-0.675242,114.520752,11.407335,-0.232441,0.751629,0.282679,0.548742,-16.579699,113.729111,16.201590,-0.205057,0.124251,-0.472306,-0.848198,-23.757166,112.758339,-7.490955,-0.058157,0.126526,-0.283496,-0.948809,-12.996951,128.194992,0.831433,-0.188476,0.823756,0.268496,-0.462399,4.104774,116.298088,6.560377,-0.085214,0.693109,0.195241,-0.688636,12.441965,125.591385,-4.425489,-0.078417,0.710017,0.164992,-0.680077,13.359591,135.179871,-27.251223,-0.003112,0.651240,0.042434,-0.757679,14.636143,142.020950,-46.399776,0.004898,0.955626,0.286951,-0.066435,-1.943580,79.828033,10.246201,0.020898,0.992414,-0.118860,0.023468,-3.607280,50.564884,-8.945072,-0.015573,0.981379,0.058150,0.182405,-5.769344,5.957484,1.849278,-0.033354,0.968419,-0.220199,-0.112095,13.617648,81.087341,2.058223,0.003918,0.942689,-0.333414,0.012572,17.610443,49.528435,16.738043,0.022773,0.976028,-0.173029,0.130042,16.885836,13.799188,45.615517,-0.015573,0.981379,0.058150,0.182405,-0.763008,1.853767,-11.024588,0.022773,0.976028,-0.173029,0.130042,19.625439,3.874676,35.533901
661,5.508333,-0.034837,0.968155,0.006202,-0.247840,5.815992,80.410973,5.958217,-0.049736,0.933924,-0.018313,-0.353520,5.350657,87.620750,6.169823,-0.119833,0.912092,0.042680,-0.389753,3.674304,103.369759,6.185065,0.007147,0.964024,-0.108706,-0.242467,0.367048,120.637550,9.241365,0.051000,0.985145,-0.124931,-0.106210,-0.991789,133.612320,4.816546,0.027480,0.934577,0.319886,-0.153244,-0.651815,114.482071,11.267627,-0.228917,0.756354,0.282457,0.543823,-16.475811,113.705811,16.323502,-0.207627,0.117224,-0.468299,-0.850791,-24.000120,112.737808,-7.261306,-0.060640,0.117173,-0.280529,-0.950735,-13.016608,128.129227,0.842857,-0.186738,0.820607,0.267722,-0.469104,4.044240,116.254128,6.337375,-0.083410,0.690205,0.197105,-0.691237,12.195372,125.528046,-4.803385,-0.076385,0.709850,0.164186,-0.680677,12.950185,135.131607,-27.628744,0.005083,0.655623,0.034224,-0.754295,14.208475,141.906967,-46.840042,0.003929,0.955039,0.287675,-0.071610,-1.894245,79.789291,10.184437,0.021077,0.992335,-0.119834,0.021605,-3.600634,50.554718,-9.046581,-0.016445,0.981413,0.057779,0.182263,-5.760492,5.969367,1.838889,-0.033612,0.967242,-0.220986,-0.120325,13.526228,81.032646,1.731997,0.003388,0.941645,-0.336579,0.002986,17.667389,49.499256,16.425545,0.020172,0.976446,-0.178712,0.119202,17.281828,13.964519,45.548492,-0.016445,0.981413,0.057779,0.182263,-0.749920,1.860034,-11.031536,0.020172,0.976446,-0.178712,0.119202,19.794550,3.927712,35.519089
662,5.516667,-0.034818,0.966282,0.005932,-0.255051,5.797347,80.370346,5.760523,-0.050624,0.931195,-0.018345,-0.360523,5.332864,87.580185,5.971750,-0.119418,0.909176,0.042307,-0.396671,3.629720,103.330742,6.008810,0.005332,0.962281,-0.110639,-0.248486,0.353682,120.603218,9.072273,0.051467,0.984458,-0.126313,-0.110629,-1.102487,133.559708,4.624866,0.030488,0.933507,0.319616,-0.159628,-0.629838,114.451836,11.128242,-0.225606,0.761051,0.281039,0.539371,-16.381601,113.701523,16.408611,-0.210173,0.110806,-0.464977,-0.852846,-24.219429,112.704918,-7.072668,-0.062183,0.109034,-0.278517,-0.952194,-13.045776,128.065781,0.838196,-0.185429,0.818333,0.266487,-0.474270,3.991061,116.215729,6.124597,-0.080362,0.687398,0.199047,-0.693834,11.996325,125.466415,-5.140561,-0.074686,0.709487,0.162295,-0.681697,12.597649,135.046692,-27.980265,0.006522,0.656217,0.027420,-0.754046,13.811777,141.737274,-47.260971,0.004754,0.954752,0.288227,-0.073159,-1.848985,79.750565,10.101565,0.020458,0.992212,-0.120984,0.021455,-3.644521,50.538742,-9.155909,-0.016529,0.981497,0.057464,0.181902,-5.748290,5.976486,1.834619,-0.033447,0.965978,-0.221569,-0.129130,13.443679,80.990128,1.419481,0.002859,0.940520,-0.339669,-0.006302,17.712297,49.474037,16.113676,0.020895,0.976453,-0.184478,0.109870,17.661930,14.131040,45.471512,-0.016529,0.981497,0.057464,0.181902,-0.746613,1.858982,-11.036655,0.020895,0.976453,-0.184478,0.109870,19.930882,3.972528,35.506737
663,5.525000,-0.034313,0.964653,0.005210,-0.261228,5.764451,80.317368,5.579258,-0.051169,0.928978,-0.018784,-0.366100,5.305634,87.527832,5.781481,-0.119538,0.906788,0.042246,-0.402073,3.582043,103.272537,5.822151,0.004808,0.960903,-0.111446,-0.253421,0.319571,120.544144,8.904810,0.051242,0.983787,-0.127818,-0.114889,-1.186379,133.493317,4.452664,0.034295,0.932846,0.318179,-0.165481,-0.631841,114.393806,10.978868,-0.222802,0.765201,0.279717,0.535336,-16.312105,113.706627,16.476166,-0.212180,0.104583,-0.461758,-0.854881,-24.427105,112.678703,-6.909412,-0.063842,0.100895,-0.277264,-0.953346,-13.076716,128.008850,0.801327,-0.184980,0.816607,0.265245,-0.478101,3.927945,116.158089,5.919608,-0.078753,0.685325,0.199148,-0.696037,11.817382,125.400139,-5.434007,-0.074055,0.709803,0.158466,-0.682337,12.279667,134.942749,-28.292707,0.002201,0.653843,0.022549,-0.756291,13.464350,141.527084,-47.656754,0.004486,0.954419,0.288729,-0.075501,-1.826279,79.709854,10.018503,0.020351,0.992082,-0.122207,0.020592,-3.653691,50.518150,-9.266448,-0.015821,0.981611,0.057137,0.181453,-5.740184,5.982810,1.835896,-0.033927,0.965012,-0.221908,-0.135488,13.355181,80.924881,1.140013,0.002404,0.939344,-0.342641,-0.014968,17.755907,49.421616,15.822733,0.021850,0.976487,-0.189240,0.100912,18.019686,14.264735,45.402065,-0.015821,0.981611,0.057137,0.181453,-0.757329,1.852710,-11.038642,0.021850,0.976487,-0.189240,0.100912,20.052757,4.006353,35.488815
664,5.533333,-0.034060,0.963215,0.004131,-0.266532,5.737230,80.270241,5.421567,-0.051739,0.927093,-0.019245,-0.370745,5.278894,87.481102,5.610312,-0.119135,0.904838,0.042341,-0.406550,3.533202,103.225616,5.652798,0.003216,0.959550,-0.112582,-0.258031,0.300203,120.500389,8.748811,0.051416,0.983113,-0.129098,-0.119074,-1.283490,133.438248,4.290825,0.037126,0.932475,0.316509,-0.170098,-0.630695,114.352203,10.838552,-0.220494,0.768865,0.278958,0.531424,-16.252703,113.712990,16.504902,-0.213729,0.099194,-0.458644,-0.856812,-24.625166,112.658295,-6.788544,-0.065063,0.093365,-0.275977,-0.954404,-13.113767,127.953171,0.741114,-0.184700,0.815509,0.263025,-0.481300,3.879499,116.111282,5.733233,-0.079504,0.684126,0.196571,-0.697861,11.670292,125.331665,-5.705790,-0.074358,0.710236,0.154067,-0.682861,12.000725,134.823914,-28.587729,-0.003620,0.650089,0.020852,-0.759563,13.155792,141.307327,-48.016472,0.004370,0.954215,0.289029,-0.076928,-1.804456,79.672478,9.944929,0.020422,0.992001,-0.123107,0.019031,-3.654546,50.492847,-9.356125,-0.015598,0.981652,0.057228,0.181220,-5.731414,5.978057,1.830131,-0.033918,0.964043,-0.221611,-0.142686,13.278916,80.868004,0.898205,0.001686,0.938003,-0.345809,-0.023741,17.785666,49.355446,15.528735,0.021744,0.976639,-0.193225,0.091475,18.394739,14.398673,45.339237,-0.015598,0.981652,0.057228,0.181220,-0.756557,1.849255,-11.047916,0.021744,0.976639,-0.193225,0.091475,20.200163,4.059726,35.465691
665,5.541667,-0.034149,0.961950,0.004266,-0.271050,5.713366,80.227676,5.243084,-0.052447,0.925753,-0.020191,-0.373930,5.255209,87.438431,5.436210,-0.119578,0.903451,0.042751,-0.409452,3.477602,103.181282,5.465354,0.003155,0.958605,-0.113178,-0.261259,0.246596,120.451035,8.591316,0.050504,0.982604,-0.129696,-0.122958,-1.363006,133.383591,4.127159,0.040473,0.931889,0.315346,-0.174648,-0.664416,114.300789,10.683736,-0.218537,0.771723,0.278172,0.528494,-16.225615,113.723457,16.521463,-0.215274,0.094054,-0.456136,-0.858342,-24.794548,112.651299,-6.699634,-0.066986,0.086279,-0.276531,-0.954777,-13.148949,127.924393,0.661061,-0.184634,0.815106,0.261119,-0.483042,3.810974,116.067253,5.550419,-0.083089,0.684194,0.189578,-0.699310,11.546695,125.268005,-5.941672,-0.076565,0.710501,0.149929,-0.683262,11.747922,134.653870,-28.868956,-0.007784,0.647263,0.021896,-0.761913,12.867904,141.095047,-48.334301,0.002958,0.953867,0.289125,-0.080849,-1.785397,79.628174,9.837029,0.021074,0.991892,-0.124239,0.016431,-3.621011,50.451721,-9.470205,-0.016416,0.981576,0.057821,0.181373,-5.729469,5.965167,1.821968,-0.033371,0.962771,-0.221816,-0.150848,13.212130,80.827171,0.649141,0.001045,0.936905,-0.348166,-0.031450,17.807905,49.318432,15.260175,0.022325,0.976471,-0.197736,0.083104,18.724161,14.511856,45.238079,-0.016416,0.981576,0.057821,0.181373,-0.741994,1.856701,-11.057702,0.022325,0.976471,-0.197736,0.083104,20.315193,4.081345,35.424145
666,5.550000,-0.034060,0.960930,0.003206,-0.274669,5.684466,80.195221,5.109741,-0.052672,0.924571,-0.020584,-0.376791,5.224065,87.406181,5.289520,-0.119234,0.902307,0.042492,-0.412092,3.436152,103.140274,5.315349,0.002592,0.957726,-0.113876,-0.264171,0.221335,120.413742,8.437434,0.049468,0.982198,-0.130023,-0.126233,-1.425914,133.339554,3.967500,0.043283,0.931548,0.314426,-0.177428,-0.677218,114.266113,10.542878,-0.229340,0.766597,0.298526,0.520207,-16.198036,113.751640,16.492895,-0.205200,0.096598,-0.451170,-0.863138,-24.957857,112.735092,-6.659372,-0.068151,0.080731,-0.276233,-0.955266,-13.177765,127.899529,0.560312,-0.184262,0.814576,0.259535,-0.484928,3.768808,116.026375,5.381987,-0.089053,0.685284,0.180029,-0.700032,11.448390,125.204613,-6.165620,-0.079847,0.709976,0.146008,-0.684281,11.548734,134.473038,-29.141287,-0.009443,0.646037,0.024616,-0.762850,12.590029,140.901764,-48.606544,0.002882,0.953539,0.289716,-0.082582,-1.779587,79.602707,9.760759,0.020655,0.991763,-0.125394,0.015973,-3.648547,50.450207,-9.579429,-0.016289,0.981681,0.057084,0.181047,-5.714942,5.988521,1.817984,-0.033519,0.961773,-0.221624,-0.157331,13.148520,80.787743,0.458721,0.001037,0.935695,-0.350581,-0.039591,17.850517,49.273701,15.024463,0.021341,0.976358,-0.201715,0.074707,19.036766,14.622143,45.172012,-0.016289,0.981681,0.057084,0.181047,-0.738048,1.859325,-11.059148,0.021341,0.976358,-0.201715,0.074707,20.440304,4.114109,35.412323
667,5.558333,-0.034158,0.960055,0.003195,-0.277700,5.656702,80.160820,4.964010,-0.052816,0.923632,-0.020655,-0.379062,5.195479,87.371681,5.145477,-0.118730,0.901448,0.042348,-0.414127,3.401871,103.111671,5.175366,0.001600,0.956842,-0.114382,-0.267149,0.207865,120.389870,8.292705,0.048811,0.981669,-0.130517,-0.130032,-1.487165,133.310379,3.825300,0.045019,0.931294,0.313637,-0.179713,-0.683960,114.244904,10.408769,-0.226427,0.769441,0.297041,0.518129,-16.172537,113.764664,16.445049,-0.206460,0.092791,-0.448781,-0.864500,-25.105043,112.757996,-6.641571,-0.068296,0.077296,-0.277033,-0.955308,-13.204646,127.893341,0.453050,-0.183040,0.813760,0.258772,-0.487164,3.740097,115.997711,5.226504,-0.095827,0.686828,0.169311,-0.700299,11.362299,125.144814,-6.383653,-0.084372,0.709487,0.142178,-0.685051,11.382048,134.281052,-29.412416,-0.009931,0.645814,0.026158,-0.762982,12.348681,140.731186,-48.855453,0.001918,0.953048,0.290337,-0.086029,-1.777714,79.567070,9.662106,0.020344,0.991575,-0.126868,0.016402,-3.655931,50.439465,-9.714667,-0.016090,0.981786,0.056377,0.180718,-5.700850,6.010800,1.814587,-0.033468,0.960843,-0.221487,-0.163110,13.091117,80.754570,0.265916,0.000880,0.934489,-0.352885,-0.046929,17.875664,49.236050,14.795031,0.022636,0.975991,-0.205695,0.067960,19.321836,14.733421,45.101624,-0.016090,0.981786,0.056377,0.180718,-0.735315,1.861315,-11.060411,0.022636,0.975991,-0.205695,0.067960,20.539324,4.145327,35.403679
668,5.566667,-0.033924,0.959328,0.002436,-0.280239,5.616688,80.114990,4.846820,-0.052455,0.922819,-0.020737,-0.381081,5.156110,87.326141,5.018029,-0.118101,0.900695,0.042297,-0.415947,3.369569,103.089401,5.045110,0.000722,0.956002,-0.115130,-0.269822,0.200972,120.373062,8.158056,0.048019,0.981187,-0.130892,-0.133540,-1.538769,133.285934,3.685750,0.046671,0.931108,0.313218,-0.180982,-0.687142,114.230858,10.283658,-0.226665,0.770270,0.299487,0.515378,-16.155449,113.790787,16.374704,-0.204876,0.091311,-0.446337,-0.866297,-25.223469,112.787697,-6.659170,-0.068031,0.074839,-0.275645,-0.955924,-13.227004,127.881622,0.337097,-0.181311,0.812589,0.259177,-0.489545,3.717744,115.975212,5.082254,-0.102971,0.688740,0.158086,-0.700031,11.283561,125.095520,-6.585708,-0.089732,0.709231,0.137811,-0.685527,11.251558,134.093048,-29.668989,-0.010212,0.645732,0.025693,-0.763064,12.152569,140.574142,-49.091450,0.001805,0.952887,0.290732,-0.086475,-1.793039,79.529236,9.584745,0.020229,0.991474,-0.127920,0.014405,-3.675191,50.417698,-9.815770,-0.015818,0.981841,0.056258,0.180478,-5.687591,6.013215,1.811967,-0.033618,0.959894,-0.221438,-0.168636,13.026417,80.700745,0.108894,0.000853,0.933355,-0.354939,-0.053539,17.904043,49.181408,14.605254,0.021998,0.975810,-0.208709,0.061255,19.577122,14.812342,45.051601,-0.015818,0.981841,0.056258,0.180478,-0.731004,1.859064,-11.064971,0.021998,0.975810,-0.208709,0.061255,20.643852,4.166498,35.399227
669,5.575000,-0.033939,0.958748,0.002797,-0.282210,5.586706,80.089043,4.711123,-0.052625,0.922175,-0.021062,-0.382596,5.127740,87.300156,4.888345,-0.117526,0.900120,0.042102,-0.417372,3.332859,103.058136,4.910937,0.000461,0.955475,-0.115562,-0.271500,0.184396,120.347214,8.014183,0.047037,0.981007,-0.130444,-0.135638,-1.575709,133.255875,3.537724,0.048482,0.930988,0.312656,-0.182090,-0.701014,114.207932,10.149352,-0.206176,0.783820,0.265622,0.522075,-16.150225,113.815620,16.291927,-0.221802,0.079253,-0.448132,-0.862381,-25.313416,112.679436,-6.698073,-0.067075,0.072474,-0.273543,-0.956777,-13.250949,127.871147,0.210360,-0.179769,0.811834,0.259638,-0.491119,3.689075,115.943764,4.932602,-0.109215,0.690352,0.148122,-0.699676,11.222076,125.038994,-6.776105,-0.094515,0.708665,0.134790,-0.686070,11.149051,133.910095,-29.908186,-0.008303,0.645786,0.024760,-0.763071,11.982985,140.442688,-49.304981,0.001654,0.952718,0.290948,-0.087612,-1.803457,79.501495,9.479293,0.019852,0.991327,-0.129188,0.013681,-3.699954,50.398712,-9.932956,-0.015836,0.981940,0.055939,0.180040,-5.670785,6.022808,1.810431,-0.033533,0.959093,-0.221608,-0.172934,12.976869,80.676590,-0.057047,0.000634,0.932400,-0.356609,-0.058827,17.915674,49.162148,14.429233,0.020641,0.975409,-0.212445,0.054949,19.789101,14.902255,44.986759,-0.015836,0.981940,0.055939,0.180040,-0.725738,1.860013,-11.068152,0.020641,0.975409,-0.212445,0.054949,20.725988,4.185280,35.399845
670,5.583333,-0.033721,0.958311,0.001909,-0.283723,5.551256,80.053177,4.609908,-0.052346,0.921760,-0.021350,-0.383617,5.091951,87.264565,4.774653,-0.117073,0.899789,0.041882,-0.418235,3.300595,103.033089,4.787398,-0.000011,0.955039,-0.115364,-0.273114,0.166097,120.326630,7.879953,0.046630,0.980714,-0.130436,-0.137883,-1.614768,133.236938,3.416469,0.049735,0.930868,0.312374,-0.182848,-0.718388,114.189804,10.022551,-0.203707,0.785738,0.263038,0.521469,-16.154297,113.829933,16.200441,-0.222754,0.077398,-0.446784,-0.863003,-25.398991,112.695549,-6.756991,-0.066184,0.070846,-0.272251,-0.957330,-13.270712,127.870010,0.095090,-0.178070,0.810884,0.260653,-0.492766,3.663050,115.918564,4.796190,-0.113000,0.691561,0.141309,-0.699290,11.162364,124.993156,-6.950094,-0.097448,0.707721,0.132987,-0.686986,11.074367,133.761581,-30.121237,-0.004909,0.645738,0.023034,-0.763196,11.833385,140.326935,-49.500347,0.001510,0.952506,0.291447,-0.088255,-1.824075,79.473946,9.401998,0.019626,0.991213,-0.130251,0.012096,-3.727131,50.391495,-10.040059,-0.015695,0.982015,0.055299,0.179837,-5.659554,6.040105,1.801922,-0.033747,0.958393,-0.221735,-0.176574,12.926587,80.632401,-0.182181,0.000477,0.931541,-0.358090,-0.063276,17.936174,49.122910,14.290553,0.020608,0.975213,-0.214565,0.049968,19.977451,14.960259,44.946037,-0.015695,0.982015,0.055299,0.179837,-0.721945,1.859188,-11.073644,0.020608,0.975213,-0.214565,0.049968,20.795940,4.202828,35.393661
671,5.591667,-0.033430,0.958010,0.001842,-0.284773,5.511163,80.023262,4.497661,-0.051910,0.921451,-0.021282,-0.384423,5.055779,87.234932,4.660795,-0.116387,0.899556,0.041816,-0.418932,3.277625,103.008163,4.671774,-0.000308,0.954637,-0.115709,-0.274372,0.166155,120.307610,7.754529,0.046091,0.980524,-0.130057,-0.139762,-1.632728,133.214478,3.288267,0.050472,0.930911,0.312269,-0.182606,-0.721666,114.173523,9.903576,-0.203181,0.786313,0.264494,0.520069,-16.158062,113.839684,16.081715,-0.222986,0.076810,-0.445026,-0.863904,-25.485611,112.739250,-6.843840,-0.067543,0.069124,-0.270101,-0.957969,-13.291099,127.869781,-0.022852,-0.177212,0.810399,0.261040,-0.493668,3.653811,115.893242,4.669246,-0.112759,0.691249,0.138602,-0.700178,11.133673,124.956001,-7.098563,-0.098259,0.706835,0.133575,-0.687668,10.986806,133.626740,-30.306143,-0.000951,0.645439,0.021087,-0.763520,11.701104,140.233810,-49.677795,0.001055,0.952271,0.292196,-0.088323,-1.853991,79.449417,9.306024,0.019965,0.990991,-0.131742,0.013521,-3.732686,50.397511,-10.184021,-0.014914,0.981856,0.053796,0.181227,-5.714460,6.083244,1.788066,-0.034054,0.957828,-0.222234,-0.178934,12.876317,80.597099,-0.310702,0.000248,0.930914,-0.359173,-0.066290,17.948137,49.104591,14.177311,0.021021,0.974899,-0.216700,0.046596,20.114803,15.013343,44.903599,-0.014914,0.981856,0.053796,0.181227,-0.750846,1.857759,-11.062930,0.021021,0.974899,-0.216700,0.046596,20.845039,4.214734,35.390610
672,5.600000,-0.033106,0.957834,0.001663,-0.285403,5.471502,79.999649,4.393409,-0.051738,0.921298,-0.021451,-0.384802,5.019972,87.211647,4.553022,-0.115489,0.899518,0.041837,-0.419260,3.244805,102.984749,4.557675,-0.000597,0.954440,-0.115474,-0.275156,0.163123,120.291565,7.628956,0.045853,0.980424,-0.129765,-0.140812,-1.646349,133.200485,3.172953,0.051022,0.930927,0.312032,-0.182777,-0.732978,114.160599,9.783467,-0.199250,0.788564,0.259949,0.520474,-16.165443,113.843498,15.972304,-0.226377,0.074569,-0.444418,-0.863531,-25.550491,112.762093,-6.930679,-0.068660,0.068034,-0.269096,-0.958251,-13.313571,127.881935,-0.130682,-0.177037,0.810244,0.260943,-0.494035,3.641558,115.869209,4.544713,-0.109510,0.689972,0.140732,-0.701528,11.111414,124.927948,-7.232546,-0.096315,0.705972,0.134784,-0.688593,10.906590,133.563782,-30.452705,0.001803,0.645172,0.019284,-0.763792,11.584340,140.151443,-49.835835,0.000960,0.952227,0.292180,-0.088850,-1.887700,79.432266,9.211643,0.019318,0.990914,-0.132655,0.010907,-3.770750,50.379711,-10.277007,-0.015796,0.982082,0.053734,0.179940,-5.662712,6.085300,1.782745,-0.034343,0.957541,-0.222746,-0.179775,12.830705,80.567032,-0.424825,-0.000021,0.930405,-0.360043,-0.068668,17.940720,49.091850,14.087415,0.020962,0.974601,-0.218619,0.043803,20.214403,15.058085,44.869648,-0.015796,0.982082,0.053734,0.179940,-0.723637,1.862442,-11.078567,0.020962,0.974601,-0.218619,0.043803,20.878260,4.222885,35.393467
673,5.608333,-0.032587,0.957769,0.001650,-0.285682,5.430182,79.972298,4.291829,-0.051292,0.921342,-0.021686,-0.384744,4.985823,87.184784,4.449252,-0.115312,0.899613,0.041877,-0.419101,3.219712,102.968964,4.441474,-0.000735,0.954361,-0.115318,-0.275491,0.143710,120.277115,7.510874,0.046229,0.980373,-0.129211,-0.141547,-1.670242,133.187439,3.060737,0.051603,0.930883,0.312265,-0.182443,-0.755513,114.146614,9.665370,-0.200162,0.787646,0.263381,0.519788,-16.190042,113.849472,15.850040,-0.225957,0.075722,-0.443563,-0.863980,-25.592363,112.821091,-7.048289,-0.069837,0.067212,-0.268415,-0.958415,-13.335042,127.904678,-0.223595,-0.176976,0.810603,0.260681,-0.493607,3.621481,115.853271,4.428033,-0.106289,0.688132,0.144201,-0.703124,11.106123,124.904457,-7.345641,-0.093516,0.705845,0.134739,-0.689117,10.824650,133.552475,-30.560455,0.001452,0.644473,0.018134,-0.764411,11.494907,140.063614,-49.980415,0.000839,0.952182,0.292734,-0.087502,-1.926811,79.413773,9.114468,0.019768,0.990706,-0.133973,0.012755,-3.777623,50.383888,-10.411023,-0.016075,0.981787,0.052361,0.181918,-5.734254,6.123391,1.762401,-0.034600,0.957343,-0.223524,-0.179821,12.787173,80.530823,-0.530810,-0.000377,0.930061,-0.360667,-0.070045,17.924484,49.081203,14.027140,0.021073,0.974416,-0.219786,0.042003,20.278137,15.088760,44.848995,-0.016075,0.981787,0.052361,0.181918,-0.743586,1.865077,-11.067260,0.021073,0.974416,-0.219786,0.042003,20.896854,4.231355,35.395206
674,5.616667,-0.032430,0.957847,0.001424,-0.285439,5.404520,79.955688,4.201229,-0.050977,0.921557,-0.022063,-0.384250,4.961353,87.168335,4.354768,-0.115027,0.899901,0.041878,-0.418561,3.199814,102.953323,4.331146,-0.000448,0.954449,-0.114760,-0.275421,0.130965,120.263817,7.394529,0.046326,0.980389,-0.128619,-0.141943,-1.671048,133.179779,2.955927,0.051624,0.930897,0.312538,-0.181896,-0.774641,114.134171,9.548792,-0.196856,0.788723,0.260187,0.521024,-16.215738,113.841736,15.717281,-0.229039,0.075295,-0.443355,-0.863312,-25.619389,112.865555,-7.182799,-0.070819,0.067388,-0.268462,-0.958317,-13.342649,127.935196,-0.315891,-0.176791,0.810796,0.260710,-0.493341,3.609635,115.837372,4.316424,-0.103011,0.686208,0.148177,-0.704664,11.105195,124.882889,-7.454664,-0.090676,0.706084,0.134315,-0.689335,10.750315,133.559128,-30.657942,-0.000972,0.643651,0.017677,-0.765114,11.429713,139.978149,-50.107895,0.001074,0.952240,0.292619,-0.087244,-1.955093,79.400909,9.020302,0.018881,0.990608,-0.134892,0.011954,-3.815562,50.366329,-10.497295,-0.016144,0.982062,0.052173,0.180479,-5.682461,6.125381,1.761021,-0.034467,0.957174,-0.224318,-0.179753,12.764133,80.510475,-0.617844,-0.000544,0.929895,-0.360960,-0.070731,17.901030,49.085125,13.992577,0.020768,0.974250,-0.220669,0.041361,20.293600,15.112162,44.832909,-0.016144,0.982062,0.052173,0.180479,-0.728289,1.862066,-11.081121,0.020768,0.974250,-0.220669,0.041361,20.901548,4.237978,35.397720
675,5.625000,-0.032107,0.958055,0.001195,-0.284779,5.367427,79.940178,4.113081,-0.050602,0.921881,-0.022231,-0.383510,4.927691,87.153130,4.261809,-0.114658,0.900303,0.041814,-0.417804,3.175249,102.937653,4.227268,-0.000020,0.954665,-0.113731,-0.275099,0.114528,120.251358,7.280602,0.046607,0.980446,-0.128111,-0.141921,-1.666871,133.177536,2.863498,0.052002,0.931026,0.312575,-0.181064,-0.799403,114.123009,9.435065,-0.199298,0.786717,0.266237,0.520072,-16.249237,113.850914,15.582561,-0.226835,0.078311,-0.441933,-0.864355,-25.654036,112.942764,-7.319829,-0.071547,0.068170,-0.268020,-0.958331,-13.353954,127.947876,-0.401101,-0.176502,0.811027,0.260807,-0.493014,3.594977,115.821373,4.209606,-0.100978,0.685132,0.150359,-0.705542,11.104664,124.859177,-7.558391,-0.088880,0.706255,0.133782,-0.689497,10.708941,133.543655,-30.757915,-0.004477,0.642576,0.019067,-0.765972,11.392110,139.894836,-50.222172,0.000920,0.952306,0.292606,-0.086573,-1.999190,79.391907,8.922184,0.018805,0.990485,-0.135826,0.011736,-3.835560,50.356792,-10.596888,-0.015976,0.981989,0.051704,0.181020,-5.693660,6.138816,1.745348,-0.034218,0.957125,-0.225149,-0.179021,12.734043,80.488441,-0.696022,-0.000936,0.929862,-0.361092,-0.070487,17.853113,49.088089,13.974261,0.021231,0.974150,-0.220906,0.042207,20.271971,15.123916,44.822220,-0.015976,0.981989,0.051704,0.181020,-0.727895,1.862040,-11.087832,0.021231,0.974150,-0.220906,0.042207,20.891357,4.244635,35.393654
676,5.633333,-0.032026,0.958307,0.000804,-0.283939,5.344611,79.917191,4.031727,-0.050518,0.922321,-0.022514,-0.382447,4.904251,87.130234,4.174312,-0.114398,0.900836,0.041912,-0.416714,3.149726,102.924751,4.128400,0.000293,0.954904,-0.112979,-0.274578,0.095024,120.240295,7.177357,0.047349,0.980500,-0.127552,-0.141807,-1.669551,133.173874,2.775166,0.051742,0.931091,0.313052,-0.179977,-0.828679,114.112297,9.328638,-0.195792,0.787856,0.261832,0.521911,-16.292456,113.840698,15.440994,-0.230154,0.078113,-0.442119,-0.863399,-25.670933,112.968483,-7.473585,-0.072700,0.069222,-0.267056,-0.958438,-13.369277,127.962601,-0.498788,-0.176368,0.811218,0.260962,-0.492664,3.579336,115.808151,4.113863,-0.100653,0.685005,0.149700,-0.705852,11.102052,124.842987,-7.648088,-0.088388,0.706467,0.133553,-0.689387,10.687885,133.495071,-30.859392,-0.007391,0.641434,0.022383,-0.766816,11.380425,139.821930,-50.318455,0.000995,0.952384,0.292747,-0.085226,-2.030516,79.372124,8.828134,0.018645,0.990329,-0.136905,0.012574,-3.845100,50.342796,-10.701580,-0.015976,0.981984,0.051155,0.181206,-5.700009,6.151321,1.735640,-0.033826,0.956982,-0.226176,-0.178564,12.719738,80.462257,-0.764678,-0.000669,0.929876,-0.361028,-0.070630,17.817789,49.092514,13.978219,0.020360,0.974158,-0.220799,0.043005,20.218164,15.124046,44.822880,-0.015976,0.981984,0.051155,0.181206,-0.730251,1.859722,-11.091044,0.020360,0.974158,-0.220799,0.043005,20.871004,4.247074,35.393913
677,5.641667,-0.031470,0.958664,0.001072,-0.282793,5.304107,79.920319,3.950574,-0.049895,0.922862,-0.022527,-0.381220,4.872372,87.133865,4.094077,-0.114216,0.901450,0.041848,-0.415441,3.137263,102.918564,4.037919,0.000573,0.955244,-0.112001,-0.273796,0.083052,120.235786,7.077816,0.047879,0.980613,-0.126988,-0.141350,-1.662289,133.178787,2.695721,0.051365,0.931300,0.313328,-0.178515,-0.849879,114.108337,9.226667,-0.198089,0.785799,0.267181,0.521435,-16.332386,113.839005,15.291529,-0.228284,0.080971,-0.441372,-0.864015,-25.690660,113.029312,-7.633613,-0.073255,0.070069,-0.266345,-0.958533,-13.386244,127.980247,-0.599435,-0.176099,0.811478,0.261330,-0.492137,3.573634,115.801743,4.024230,-0.101164,0.685216,0.148372,-0.705855,11.116776,124.832283,-7.727937,-0.088068,0.706369,0.133305,-0.689578,10.697336,133.456360,-30.949572,-0.008828,0.640560,0.025634,-0.767430,11.380882,139.762360,-50.397778,0.000443,0.952563,0.292559,-0.083865,-2.083093,79.383125,8.729259,0.018818,0.990192,-0.137839,0.012870,-3.831851,50.346027,-10.794908,-0.015406,0.981954,0.050380,0.181632,-5.707104,6.178731,1.724884,-0.033405,0.957008,-0.227092,-0.177339,12.691307,80.457512,-0.828112,-0.001025,0.930064,-0.360796,-0.069320,17.753119,49.114868,13.984750,0.019378,0.974025,-0.221216,0.044313,20.138943,15.131081,44.813675,-0.015406,0.981954,0.050380,0.181632,-0.733124,1.863289,-11.092164,0.019378,0.974025,-0.221216,0.044313,20.838318,4.246247,35.397121
678,5.650000,-0.031042,0.959059,0.000623,-0.281500,5.272066,79.910652,3.893232,-0.049496,0.923446,-0.022884,-0.379833,4.844233,87.124596,4.028183,-0.113868,0.902131,0.041840,-0.414058,3.115960,102.915833,3.954124,0.001118,0.955599,-0.110983,-0.272970,0.067981,120.235909,6.984009,0.048421,0.980720,-0.126378,-0.140969,-1.650778,133.188904,2.620970,0.050948,0.931472,0.313838,-0.176834,-0.876918,114.109383,9.130285,-0.198143,0.785115,0.267690,0.522183,-16.380716,113.841942,15.140600,-0.228451,0.082585,-0.441362,-0.863822,-25.699238,113.059952,-7.801694,-0.073699,0.071257,-0.265757,-0.958574,-13.404860,127.991882,-0.707485,-0.175527,0.811983,0.261833,-0.491242,3.563850,115.798615,3.941207,-0.102324,0.685766,0.146773,-0.705487,11.142964,124.817101,-7.797068,-0.088086,0.706151,0.133316,-0.689796,10.737522,133.424728,-31.025055,-0.008645,0.639509,0.028070,-0.768223,11.408110,139.727356,-50.459301,-0.000179,0.952622,0.292643,-0.082892,-2.128474,79.382729,8.652269,0.018965,0.990071,-0.138691,0.012827,-3.816254,50.349075,-10.882382,-0.015462,0.981981,0.049326,0.181771,-5.705143,6.203917,1.713219,-0.032920,0.957116,-0.227778,-0.175961,12.672606,80.438576,-0.865804,-0.001142,0.930245,-0.360600,-0.067907,17.688734,49.115559,14.004001,0.017852,0.974057,-0.220904,0.045789,20.036528,15.118772,44.821514,-0.015462,0.981981,0.049326,0.181771,-0.728557,1.860287,-11.093294,0.017852,0.974057,-0.220904,0.045789,20.796494,4.240663,35.401882
679,5.658333,-0.030980,0.959573,0.000612,-0.279749,5.249807,79.903900,3.817762,-0.049356,0.924187,-0.022747,-0.378053,4.822543,87.117897,3.951539,-0.113710,0.902959,0.042048,-0.412270,3.099642,102.914452,3.876456,0.001908,0.955954,-0.109641,-0.272264,0.053801,120.235191,6.904684,0.049085,0.980653,-0.126306,-0.141270,-1.630441,133.201355,2.567358,0.050177,0.931749,0.314079,-0.175157,-0.904235,114.108185,9.043730,-0.198716,0.784030,0.269376,0.522729,-16.430252,113.833427,14.996076,-0.227700,0.084178,-0.441202,-0.863949,-25.709270,113.090744,-7.963522,-0.073733,0.072199,-0.264765,-0.958776,-13.422915,128.003342,-0.829003,-0.174834,0.812613,0.262406,-0.490139,3.557832,115.796875,3.872781,-0.103584,0.686467,0.144800,-0.705030,11.181026,124.800049,-7.848692,-0.088661,0.705696,0.133683,-0.690117,10.794714,133.381851,-31.086557,-0.008138,0.638595,0.030315,-0.768902,11.442914,139.710052,-50.507919,-0.000387,0.952784,0.292491,-0.081557,-2.168121,79.376808,8.549743,0.018760,0.989905,-0.139775,0.014114,-3.813779,50.336941,-10.979263,-0.015142,0.982001,0.048884,0.181809,-5.701534,6.218818,1.710890,-0.031884,0.957051,-0.228682,-0.175335,12.667736,80.430992,-0.914218,-0.001280,0.930518,-0.360286,-0.065793,17.615345,49.132164,14.029305,0.016219,0.974029,-0.220689,0.047973,19.902983,15.114656,44.828468,-0.015142,0.982001,0.048884,0.181809,-0.727764,1.861592,-11.092093,0.016219,0.974029,-0.220689,0.047973,20.741617,4.241548,35.409744
680,5.666667,-0.030263,0.960145,0.000940,-0.277857,5.201076,79.913551,3.755475,-0.048787,0.924937,-0.022505,-0.376305,4.784815,87.128174,3.890081,-0.112878,0.903853,0.042004,-0.410541,3.081929,102.924217,3.812015,0.001996,0.956288,-0.108738,-0.271449,0.056042,120.251808,6.820978,0.050046,0.980714,-0.125760,-0.140999,-1.614336,133.226349,2.503391,0.049327,0.931893,0.314925,-0.173102,-0.921227,114.127502,8.959082,-0.195808,0.785014,0.264755,0.524707,-16.473860,113.843224,14.841085,-0.230404,0.084160,-0.442024,-0.862813,-25.707064,113.110229,-8.137287,-0.073851,0.074254,-0.265360,-0.958445,-13.440293,128.034637,-0.944401,-0.174367,0.813473,0.262655,-0.488743,3.563504,115.805794,3.804374,-0.104347,0.686757,0.143643,-0.704871,11.237544,124.793198,-7.896002,-0.089180,0.705336,0.134172,-0.690323,10.854430,133.360901,-31.139124,-0.007794,0.637680,0.031485,-0.769618,11.486837,139.713745,-50.539631,-0.001262,0.953130,0.291878,-0.079681,-2.236224,79.396698,8.458087,0.018917,0.989790,-0.140451,0.015176,-3.781538,50.331837,-11.041909,-0.014885,0.981989,0.048441,0.182016,-5.698008,6.231680,1.706234,-0.031403,0.957264,-0.229356,-0.173363,12.638375,80.430397,-0.947137,-0.002083,0.930937,-0.359885,-0.061922,17.530735,49.151058,14.055260,0.014297,0.973955,-0.220638,0.050260,19.756721,15.107232,44.829845,-0.014885,0.981989,0.048441,0.182016,-0.722104,1.861205,-11.091402,0.014297,0.973955,-0.220638,0.050260,20.681091,4.236511,35.416389
681,5.675000,-0.029986,0.960796,0.000466,-0.275628,5.170928,79.915092,3.714215,-0.048414,0.925880,-0.022740,-0.374012,4.756305,87.129967,3.840161,-0.112649,0.904904,0.042216,-0.408260,3.061654,102.928070,3.746530,0.003058,0.956797,-0.107665,-0.270072,0.038589,120.256866,6.751386,0.050764,0.980805,-0.125206,-0.140600,-1.588239,133.242004,2.449113,0.048548,0.932296,0.314981,-0.171041,-0.955406,114.132240,8.880832,-0.198447,0.782602,0.268945,0.525188,-16.534172,113.845741,14.693150,-0.228131,0.086810,-0.442228,-0.863049,-25.690811,113.149155,-8.316968,-0.073745,0.074960,-0.264747,-0.958567,-13.457882,128.058762,-1.073018,-0.174282,0.814244,0.263184,-0.487204,3.556338,115.809143,3.749302,-0.104600,0.687088,0.143251,-0.704590,11.281340,124.793831,-7.919583,-0.089519,0.705113,0.134415,-0.690460,10.915236,133.356171,-31.164944,-0.008106,0.637069,0.032305,-0.770087,11.537342,139.724579,-50.557316,-0.001370,0.953409,0.291641,-0.077175,-2.288417,79.404930,8.382514,0.018630,0.989644,-0.141238,0.017573,-3.773988,50.330376,-11.107677,-0.014409,0.981999,0.047890,0.182147,-5.696229,6.249586,1.706430,-0.030901,0.957542,-0.229630,-0.171545,12.630274,80.425255,-0.954084,-0.002082,0.931229,-0.359526,-0.059568,17.463692,49.152546,14.081203,0.013515,0.973916,-0.220160,0.053240,19.609818,15.085014,44.835217,-0.014409,0.981999,0.047890,0.182147,-0.722494,1.861799,-11.086125,0.013515,0.973916,-0.220160,0.053240,20.617119,4.224152,35.418892
682,5.683333,-0.029057,0.961511,0.000813,-0.273225,5.118279,79.928925,3.664590,-0.047380,0.926842,-0.022914,-0.371744,4.717616,87.144585,3.790649,-0.112769,0.905875,0.042650,-0.406022,3.052192,102.939102,3.675532,0.004732,0.957297,-0.106977,-0.268543,0.024282,120.265625,6.688613,0.051082,0.980934,-0.124426,-0.140275,-1.545091,133.258163,2.387296,0.047762,0.932568,0.315393,-0.169005,-0.983150,114.138771,8.805310,-0.199853,0.780784,0.271095,0.526254,-16.587452,113.847336,14.548471,-0.226842,0.088851,-0.442571,-0.863006,-25.660770,113.184509,-8.495625,-0.073972,0.076743,-0.265439,-0.958217,-13.456777,128.089020,-1.200539,-0.174312,0.815150,0.263547,-0.485479,3.553848,115.819893,3.697478,-0.104338,0.687112,0.143902,-0.704474,11.334312,124.801407,-7.936947,-0.089053,0.705097,0.134532,-0.690514,10.979046,133.376846,-31.177652,-0.009226,0.636581,0.033591,-0.770422,11.601227,139.732651,-50.564777,-0.002207,0.953891,0.290780,-0.074388,-2.365283,79.432480,8.295460,0.018915,0.989551,-0.141698,0.018799,-3.733417,50.323009,-11.151163,-0.014047,0.981979,0.047577,0.182365,-5.698155,6.255165,1.700956,-0.030705,0.958035,-0.229876,-0.168476,12.601841,80.425362,-0.966279,-0.002799,0.931602,-0.359199,-0.055557,17.376688,49.159725,14.102400,0.012237,0.973894,-0.219528,0.056459,19.450096,15.070889,44.837795,-0.014047,0.981979,0.047577,0.182365,-0.722896,1.857129,-11.087486,0.012237,0.973894,-0.219528,0.056459,20.554485,4.223625,35.416679
683,5.691667,-0.028566,0.962267,0.000779,-0.270602,5.071585,79.933487,3.620783,-0.047891,0.927789,-0.023412,-0.369278,4.677277,87.149559,3.743363,-0.111815,0.906977,0.043202,-0.403763,2.990058,102.953598,3.615066,0.006189,0.957867,-0.106031,-0.266852,-0.006888,120.286087,6.624843,0.051833,0.981142,-0.123668,-0.139215,-1.521573,133.288010,2.332307,0.047151,0.932829,0.315823,-0.166922,-1.040461,114.160553,8.732733,-0.212696,0.771838,0.291268,0.523631,-16.669968,113.870064,14.406993,-0.215341,0.097229,-0.440934,-0.865882,-25.617218,113.292824,-8.688639,-0.074107,0.078649,-0.265759,-0.957964,-13.449844,128.120209,-1.327719,-0.174313,0.816230,0.264293,-0.483252,3.525303,115.833023,3.647744,-0.104433,0.687425,0.144257,-0.704082,11.377503,124.813309,-7.939337,-0.088812,0.705330,0.134522,-0.690309,11.048615,133.403168,-31.175106,-0.010160,0.636122,0.034632,-0.770744,11.683883,139.749130,-50.557293,-0.002983,0.954233,0.290278,-0.071894,-2.437622,79.445190,8.210827,0.019083,0.989408,-0.142395,0.020750,-3.700451,50.315540,-11.212692,-0.013876,0.981899,0.047155,0.182918,-5.706985,6.266487,1.697261,-0.030758,0.958410,-0.230233,-0.165824,12.580792,80.421791,-0.969261,-0.002906,0.932004,-0.358697,-0.051923,17.321419,49.167885,14.134524,0.011650,0.973771,-0.219124,0.060163,19.281769,15.046000,44.840664,-0.013876,0.981899,0.047155,0.182918,-0.719916,1.856254,-11.082380,0.011650,0.973771,-0.219124,0.060163,20.482380,4.207386,35.421364
684,5.700000,-0.028400,0.963024,0.000939,-0.267911,5.035900,79.944847,3.581569,-0.046472,0.928944,-0.021839,-0.366641,4.644173,87.161049,3.704636,-0.111703,0.908301,0.042554,-0.400875,3.019315,102.952782,3.601498,0.006258,0.958467,-0.105223,-0.265010,0.006971,120.288132,6.579188,0.052600,0.981283,-0.123283,-0.138265,-1.488971,133.297241,2.301849,0.046546,0.933478,0.315993,-0.163100,-1.041550,114.164375,8.684868,-0.215495,0.768979,0.295555,0.524291,-16.714901,113.895348,14.237950,-0.212625,0.101241,-0.440717,-0.866204,-25.568508,113.362457,-8.894807,-0.073406,0.081492,-0.266572,-0.957554,-13.432691,128.155609,-1.445031,-0.174907,0.816808,0.264287,-0.482063,3.557258,115.832092,3.628176,-0.105053,0.687692,0.144312,-0.703717,11.440732,124.821327,-7.930696,-0.088711,0.705504,0.134341,-0.690178,11.130839,133.433044,-31.158632,-0.011274,0.635735,0.036055,-0.770982,11.774037,139.769638,-50.539314,-0.003830,0.954612,0.289560,-0.069692,-2.499017,79.458260,8.129465,0.019438,0.989299,-0.142883,0.022224,-3.656813,50.299870,-11.257432,-0.013335,0.981820,0.047101,0.183394,-5.715635,6.264844,1.692065,-0.031058,0.958807,-0.230685,-0.162813,12.570818,80.431435,-0.966326,-0.002972,0.932500,-0.357974,-0.047855,17.289063,49.193443,14.177317,0.009939,0.973722,-0.218506,0.063412,19.117897,15.023976,44.838612,-0.013335,0.981820,0.047101,0.183394,-0.721843,1.850432,-11.083504,0.009939,0.973722,-0.218506,0.063412,20.423574,4.199914,35.416561
685,5.708333,-0.028288,0.963920,0.001422,-0.264682,4.993477,79.972031,3.536133,-0.045855,0.930122,-0.021370,-0.363749,4.604743,87.188309,3.664188,-0.111500,0.909568,0.042679,-0.398037,3.004243,102.978134,3.562713,0.007074,0.959132,-0.104108,-0.263015,-0.009078,120.314728,6.532197,0.053304,0.981443,-0.123011,-0.137101,-1.463918,133.334152,2.272094,0.045604,0.933897,0.316567,-0.159818,-1.076558,114.190781,8.627774,-0.215760,0.767437,0.294773,0.526875,-16.788050,113.924561,14.072161,-0.212387,0.104054,-0.441190,-0.865688,-25.501383,113.415504,-9.114337,-0.074107,0.085082,-0.267307,-0.956983,-13.403236,128.196365,-1.564878,-0.174979,0.817998,0.264795,-0.479735,3.554798,115.856888,3.600340,-0.105327,0.688007,0.144330,-0.703365,11.511907,124.842644,-7.910693,-0.088514,0.705927,0.134532,-0.689735,11.223730,133.463425,-31.135548,-0.012336,0.635027,0.037830,-0.771465,11.893081,139.796204,-50.507973,-0.004482,0.955123,0.288525,-0.066889,-2.571880,79.484688,8.033133,0.019507,0.989171,-0.143375,0.024586,-3.624179,50.284760,-11.297186,-0.013101,0.981784,0.046991,0.183633,-5.721251,6.262925,1.690991,-0.031346,0.959394,-0.230827,-0.159057,12.558834,80.459366,-0.960867,-0.003150,0.932917,-0.357333,-0.044389,17.238531,49.227219,14.206779,0.008502,0.973573,-0.218313,0.066505,18.966141,15.015692,44.827023,-0.013101,0.981784,0.046991,0.183633,-0.723837,1.844372,-11.081733,0.008502,0.973573,-0.218313,0.066505,20.367981,4.197902,35.411583
686,5.716667,-0.028162,0.964768,0.001645,-0.261586,4.951180,79.991768,3.506255,-0.045071,0.931298,-0.020161,-0.360897,4.564638,87.208138,3.635695,-0.111739,0.910867,0.041867,-0.395073,3.002613,102.989433,3.556103,0.007543,0.959888,-0.102816,-0.260744,-0.039604,120.326576,6.492737,0.054571,0.981672,-0.122614,-0.135310,-1.459491,133.357590,2.256334,0.045017,0.934526,0.316506,-0.156393,-1.117668,114.203598,8.585724,-0.215587,0.766160,0.292781,0.529906,-16.866949,113.956474,13.920748,-0.211929,0.106896,-0.441934,-0.865074,-25.425297,113.459610,-9.323676,-0.073540,0.088731,-0.266340,-0.956965,-13.377896,128.234085,-1.677157,-0.175429,0.819021,0.265404,-0.477483,3.546009,115.868507,3.587857,-0.105652,0.688696,0.143765,-0.702757,11.569561,124.862312,-7.870655,-0.088766,0.706263,0.135067,-0.689253,11.320313,133.473755,-31.099438,-0.013230,0.634831,0.040046,-0.771499,12.014900,139.827118,-50.463039,-0.005104,0.955592,0.287617,-0.063987,-2.643020,79.505196,7.954464,0.019716,0.989072,-0.143737,0.026210,-3.590822,50.269020,-11.326413,-0.012906,0.981712,0.047128,0.183993,-5.728943,6.257498,1.689988,-0.031827,0.960038,-0.230851,-0.154993,12.545380,80.478340,-0.941954,-0.003427,0.933309,-0.356724,-0.040884,17.193445,49.249100,14.241406,0.006126,0.973588,-0.217616,0.068785,18.827480,14.997774,44.822277,-0.012906,0.981712,0.047128,0.183993,-0.724053,1.841675,-11.080759,0.006126,0.973588,-0.217616,0.068785,20.323227,4.197759,35.400883
687,5.725000,-0.028265,0.965637,0.002041,-0.258347,4.913610,80.019287,3.477741,-0.044475,0.932664,-0.020613,-0.357399,4.526677,87.235550,3.611786,-0.111377,0.912375,0.042786,-0.391583,2.975197,103.040779,3.506031,0.008604,0.960684,-0.101932,-0.258114,-0.053632,120.378029,6.455851,0.054985,0.981923,-0.122153,-0.133728,-1.424056,133.417114,2.228038,0.043677,0.934797,0.317412,-0.153287,-1.159266,114.252998,8.528348,-0.208321,0.768853,0.279331,0.536136,-16.944492,113.992691,13.755420,-0.218255,0.106486,-0.444575,-0.862194,-25.326385,113.476921,-9.552801,-0.073432,0.092468,-0.266627,-0.956539,-13.350882,128.294083,-1.781486,-0.174888,0.820138,0.266557,-0.475115,3.544189,115.918640,3.568142,-0.105531,0.689288,0.143924,-0.702162,11.649076,124.901535,-7.841577,-0.088741,0.706369,0.135747,-0.689014,11.442540,133.513229,-31.070686,-0.013611,0.634844,0.041593,-0.771400,12.149649,139.874435,-50.398834,-0.005889,0.956026,0.286644,-0.061761,-2.710184,79.528824,7.874605,0.019932,0.988969,-0.144088,0.027977,-3.556139,50.254082,-11.352420,-0.012811,0.981604,0.047420,0.184503,-5.737964,6.252614,1.690710,-0.032264,0.960640,-0.230866,-0.151098,12.537402,80.509743,-0.919122,-0.003645,0.933696,-0.356081,-0.037471,17.153318,49.282940,14.279053,0.006210,0.973358,-0.217505,0.072300,18.692148,14.989698,44.817856,-0.012811,0.981604,0.047420,0.184503,-0.720535,1.844233,-11.077688,0.006210,0.973358,-0.217505,0.072300,20.267891,4.192603,35.406162
688,5.733333,-0.028221,0.966482,0.002853,-0.255164,4.868735,80.037987,3.449021,-0.044130,0.933960,-0.020108,-0.354071,4.484974,87.254234,3.592979,-0.110759,0.913889,0.042991,-0.388191,2.948385,103.075218,3.492699,0.008428,0.961472,-0.100788,-0.255620,-0.068635,120.416733,6.429496,0.056320,0.982150,-0.122015,-0.131609,-1.420738,133.465607,2.226022,0.042582,0.935348,0.317746,-0.149496,-1.201041,114.292778,8.490681,-0.209317,0.766495,0.279964,0.538788,-17.027573,114.037582,13.591534,-0.216975,0.110320,-0.444925,-0.861855,-25.247595,113.561966,-9.775098,-0.073506,0.096118,-0.266046,-0.956336,-13.319096,128.356781,-1.889586,-0.174911,0.821351,0.267305,-0.472585,3.541558,115.951935,3.565704,-0.105244,0.689850,0.144416,-0.701552,11.725907,124.931824,-7.789511,-0.088991,0.706553,0.136306,-0.688683,11.564825,133.549408,-31.016779,-0.014943,0.635166,0.042843,-0.771042,12.288215,139.928253,-50.324940,-0.006370,0.956437,0.285839,-0.059031,-2.783909,79.544319,7.795101,0.019911,0.988856,-0.144536,0.029621,-3.539300,50.237701,-11.387080,-0.012373,0.981548,0.047571,0.184792,-5.741996,6.248048,1.692322,-0.032982,0.961152,-0.231022,-0.147403,12.521379,80.531654,-0.897060,-0.003934,0.934113,-0.355346,-0.033867,17.128691,49.313190,14.320828,0.005049,0.973260,-0.217098,0.074884,18.572277,14.972085,44.810440,-0.012373,0.981548,0.047571,0.184792,-0.721288,1.841515,-11.075417,0.005049,0.973260,-0.217098,0.074884,20.227938,4.185730,35.400154
689,5.741667,-0.028348,0.967416,0.002898,-0.251586,4.826182,80.081619,3.436509,-0.043908,0.935378,-0.019753,-0.350356,4.440274,87.297752,3.580130,-0.110682,0.915485,0.043103,-0.384420,2.915405,103.111649,3.481869,0.009961,0.962414,-0.099613,-0.252463,-0.109679,120.453430,6.408814,0.056851,0.982475,-0.121584,-0.129341,-1.395079,133.512878,2.217309,0.041659,0.935784,0.318214,-0.145987,-1.264265,114.328781,8.455574,-0.210374,0.763724,0.279992,0.542286,-17.127888,114.080276,13.440248,-0.215503,0.114373,-0.445945,-0.861168,-25.138569,113.642654,-9.999737,-0.073148,0.100041,-0.265178,-0.956202,-13.287847,128.428146,-1.993571,-0.175100,0.822983,0.267875,-0.469341,3.519572,115.987755,3.570579,-0.104624,0.690252,0.145945,-0.700932,11.803356,124.962379,-7.716502,-0.088832,0.706885,0.136583,-0.688308,11.691772,133.609528,-30.933077,-0.016443,0.635317,0.043091,-0.770873,12.437161,139.988846,-50.234158,-0.007203,0.956884,0.284726,-0.057029,-2.858307,79.585297,7.725735,0.019916,0.988783,-0.144682,0.031285,-3.513098,50.234993,-11.393245,-0.012128,0.981557,0.047509,0.184776,-5.738629,6.249231,1.695384,-0.033570,0.961832,-0.230669,-0.143331,12.510673,80.577942,-0.852717,-0.004330,0.934510,-0.354587,-0.030652,17.089725,49.350807,14.355920,0.003852,0.973135,-0.216886,0.077167,18.460260,14.960501,44.793423,-0.012128,0.981557,0.047509,0.184776,-0.720873,1.839759,-11.072508,0.003852,0.973135,-0.216886,0.077167,20.189173,4.181276,35.388134
690,5.750000,-0.028007,0.968312,0.003644,-0.248141,4.774028,80.116119,3.415315,-0.043599,0.936749,-0.019188,-0.346744,4.395070,87.332466,3.566781,-0.110174,0.917077,0.043303,-0.380732,2.885166,103.156677,3.475970,0.011005,0.963265,-0.099028,-0.249383,-0.132508,120.501839,6.390417,0.057567,0.982854,-0.120622,-0.127019,-1.368477,133.566360,2.199858,0.040654,0.936293,0.318767,-0.141736,-1.313940,114.377914,8.423960,-0.211228,0.761308,0.279768,0.545457,-17.220984,114.141205,13.268866,-0.214284,0.118738,-0.446649,-0.860517,-25.042873,113.734497,-10.235336,-0.072678,0.104366,-0.264207,-0.956044,-13.257944,128.502655,-2.092525,-0.175268,0.824590,0.268510,-0.466085,3.511186,116.031631,3.577947,-0.104863,0.690878,0.146429,-0.700178,11.894342,125.001053,-7.639693,-0.089351,0.707018,0.136199,-0.688180,11.832621,133.670975,-30.847958,-0.018511,0.635723,0.043358,-0.770477,12.580879,140.050018,-50.134838,-0.007987,0.957402,0.283436,-0.054605,-2.941144,79.622101,7.649366,0.019971,0.988720,-0.144788,0.032734,-3.489785,50.221272,-11.395176,-0.011790,0.981522,0.047808,0.184906,-5.739756,6.238526,1.699424,-0.034724,0.962390,-0.230613,-0.139348,12.489201,80.610146,-0.818737,-0.004592,0.934911,-0.353801,-0.027288,17.082462,49.386723,14.393231,0.001583,0.973012,-0.217036,0.078363,18.364147,14.945412,44.776878,-0.011790,0.981522,0.047808,0.184906,-0.721568,1.835395,-11.070482,0.001583,0.973012,-0.217036,0.078363,20.158785,4.168220,35.381580
691,5.758333,-0.028603,0.969254,0.004451,-0.244352,4.744051,80.173065,3.391097,-0.043574,0.938235,-0.018529,-0.342743,4.359008,87.388824,3.554495,-0.109995,0.918765,0.043672,-0.376648,2.857455,103.213242,3.476638,0.012068,0.964176,-0.097846,-0.246264,-0.162365,120.558670,6.387354,0.058458,0.983100,-0.120382,-0.124924,-1.344167,133.633392,2.212976,0.039030,0.936724,0.319551,-0.137519,-1.369533,114.433708,8.402598,-0.211998,0.758553,0.279731,0.549004,-17.320051,114.188095,13.101948,-0.212851,0.123247,-0.447735,-0.859674,-24.933466,113.829422,-10.471399,-0.071683,0.109205,-0.262852,-0.955952,-13.233275,128.588150,-2.189946,-0.175449,0.826062,0.269620,-0.462757,3.499662,116.087212,3.600794,-0.104568,0.691712,0.146733,-0.699335,11.983514,125.057541,-7.540149,-0.089960,0.707199,0.135979,-0.687958,11.983340,133.726074,-30.749018,-0.020774,0.635629,0.043461,-0.770491,12.739173,140.112305,-50.021255,-0.008811,0.957888,0.281990,-0.053420,-3.003421,79.665154,7.564089,0.020047,0.988656,-0.144878,0.034163,-3.467591,50.208019,-11.395502,-0.011556,0.981448,0.048183,0.185216,-5.743680,6.227979,1.703633,-0.035366,0.962773,-0.230624,-0.136495,12.491521,80.680969,-0.781896,-0.004800,0.935384,-0.352774,-0.024173,17.083023,49.461067,14.437826,0.000883,0.972760,-0.217470,0.080275,18.279181,14.953268,44.749432,-0.011556,0.981448,0.048183,0.185216,-0.719308,1.833791,-11.066921,0.000883,0.972760,-0.217470,0.080275,20.129141,4.169896,35.371971
692,5.766667,-0.028805,0.970145,0.004851,-0.240760,4.694479,80.223045,3.380634,-0.043129,0.939743,-0.017958,-0.338676,4.307397,87.438591,3.548911,-0.109832,0.920486,0.044285,-0.372400,2.825544,103.265381,3.476803,0.012832,0.965062,-0.096970,-0.243079,-0.194137,120.610168,6.391467,0.059758,0.983356,-0.119861,-0.122773,-1.331322,133.692230,2.227713,0.038219,0.937222,0.320224,-0.132707,-1.428513,114.483467,8.384834,-0.213249,0.755597,0.280252,0.552319,-17.424360,114.261414,12.928681,-0.210913,0.128138,-0.448288,-0.859148,-24.830479,113.947151,-10.711223,-0.070982,0.114590,-0.262429,-0.955490,-13.202673,128.681366,-2.291381,-0.176226,0.827830,0.270052,-0.459037,3.485970,116.138115,3.629791,-0.105214,0.692945,0.145898,-0.698191,12.074783,125.113380,-7.426424,-0.091232,0.707451,0.135818,-0.687563,12.147086,133.773270,-30.638397,-0.021983,0.635165,0.043263,-0.770851,12.915648,140.190811,-49.901272,-0.009724,0.958404,0.280540,-0.051609,-3.083502,79.709824,7.495812,0.020102,0.988621,-0.144755,0.035632,-3.444975,50.196724,-11.378790,-0.011610,0.981399,0.048533,0.185380,-5.745133,6.213588,1.705750,-0.036300,0.963160,-0.230626,-0.133476,12.472460,80.736275,-0.734545,-0.005578,0.935861,-0.351755,-0.020063,17.079206,49.521122,14.490315,0.000594,0.972562,-0.217555,0.082420,18.207371,14.948085,44.730099,-0.011610,0.981399,0.048533,0.185380,-0.715470,1.829117,-11.066054,0.000594,0.972562,-0.217555,0.082420,20.111551,4.164672,35.363548
693,5.775000,-0.028995,0.971099,0.005518,-0.236844,4.644553,80.279549,3.370678,-0.042876,0.941276,-0.017282,-0.334459,4.256420,87.494835,3.547412,-0.109601,0.922248,0.044531,-0.368054,2.789716,103.322342,3.486173,0.014461,0.966119,-0.095302,-0.239419,-0.232910,120.668152,6.391683,0.060155,0.983705,-0.119572,-0.120035,-1.295023,133.764282,2.252404,0.037463,0.937586,0.321193,-0.127920,-1.494072,114.541031,8.366900,-0.214705,0.752563,0.280348,0.555837,-17.533327,114.342728,12.756231,-0.208606,0.133245,-0.449130,-0.858494,-24.715427,114.057770,-10.953081,-0.069656,0.120622,-0.261921,-0.954985,-13.170192,128.782364,-2.389068,-0.177014,0.829568,0.270776,-0.455152,3.466401,116.193977,3.659254,-0.106568,0.694433,0.144493,-0.696799,12.164086,125.177254,-7.304966,-0.092201,0.707542,0.135422,-0.687419,12.318417,133.832947,-30.518108,-0.022768,0.634854,0.044305,-0.771025,13.087520,140.263916,-49.766953,-0.010590,0.958918,0.279090,-0.049729,-3.166213,79.760132,7.422504,0.020076,0.988555,-0.144712,0.037604,-3.427153,50.191395,-11.366488,-0.011258,0.981361,0.048796,0.185533,-5.750914,6.207049,1.709795,-0.037422,0.963553,-0.230593,-0.130357,12.455318,80.798958,-0.681148,-0.005716,0.936282,-0.350759,-0.017630,17.088064,49.588531,14.545512,0.000079,0.972441,-0.217564,0.083812,18.148096,14.951364,44.714291,-0.011258,0.981361,0.048796,0.185533,-0.720414,1.827882,-11.063507,0.000079,0.972441,-0.217564,0.083812,20.093025,4.169577,35.354240
694,5.783333,-0.029075,0.972124,0.006379,-0.232570,4.588840,80.346916,3.357749,-0.042343,0.942869,-0.016298,-0.330060,4.201702,87.561989,3.545145,-0.109452,0.924034,0.045002,-0.363534,2.760876,103.399261,3.500930,0.016550,0.967005,-0.094519,-0.235993,-0.264886,120.744743,6.405188,0.060437,0.983980,-0.118853,-0.118340,-1.247221,133.847107,2.265926,0.035664,0.938039,0.322068,-0.122816,-1.553455,114.616302,8.358504,-0.214366,0.750354,0.278487,0.559876,-17.639647,114.413383,12.572341,-0.207849,0.137641,-0.450373,-0.857332,-24.605652,114.168976,-11.201808,-0.068170,0.126320,-0.260965,-0.954617,-13.151118,128.888077,-2.489136,-0.177679,0.831276,0.271664,-0.451230,3.454009,116.269638,3.701011,-0.107317,0.695917,0.143587,-0.695389,12.262075,125.259354,-7.169409,-0.092490,0.707577,0.135341,-0.687360,12.505737,133.907410,-30.384632,-0.022968,0.634523,0.045716,-0.771209,13.275705,140.342087,-49.625103,-0.011387,0.959558,0.277283,-0.047246,-3.257210,79.822487,7.340163,0.020076,0.988512,-0.144516,0.039455,-3.409558,50.184547,-11.340674,-0.011009,0.981287,0.049282,0.185812,-5.757147,6.194964,1.713744,-0.038489,0.964044,-0.230091,-0.127262,12.434889,80.871353,-0.624666,-0.005791,0.936810,-0.349431,-0.015842,17.086527,49.650375,14.574586,0.000960,0.972259,-0.217595,0.085819,18.093729,14.927835,44.646881,-0.011009,0.981287,0.049282,0.185812,-0.721220,1.827652,-11.061476,0.000960,0.972259,-0.217595,0.085819,20.069925,4.144467,35.295208
695,5.791667,-0.029351,0.973098,0.006979,-0.228406,4.541774,80.418831,3.356172,-0.042046,0.944479,-0.015554,-0.325500,4.151943,87.633553,3.551251,-0.109349,0.925871,0.045422,-0.358807,2.727976,103.471992,3.519322,0.017768,0.967923,-0.093472,-0.232534,-0.303780,120.816925,6.420603,0.061546,0.984235,-0.118172,-0.116313,-1.227197,133.927582,2.294084,0.034321,0.938589,0.322466,-0.117848,-1.619822,114.687157,8.351317,-0.216906,0.746579,0.280263,0.563049,-17.748911,114.494614,12.398380,-0.204856,0.142909,-0.451230,-0.856740,-24.484093,114.289688,-11.442561,-0.067458,0.131941,-0.259706,-0.954250,-13.125631,128.996109,-2.598431,-0.178257,0.833292,0.272123,-0.446988,3.436006,116.341103,3.746585,-0.108561,0.697497,0.142105,-0.693916,12.363977,125.327240,-7.028569,-0.093220,0.707580,0.135459,-0.687235,12.695755,133.965240,-30.246452,-0.023057,0.634351,0.047608,-0.771233,13.466851,140.420731,-49.470562,-0.011895,0.960155,0.275629,-0.044610,-3.337831,79.887222,7.270810,0.020047,0.988499,-0.144230,0.040804,-3.399116,50.186001,-11.309772,-0.010622,0.981226,0.049595,0.186074,-5.760834,6.188721,1.716122,-0.039770,0.964565,-0.229852,-0.123292,12.421379,80.950439,-0.558466,-0.006548,0.937288,-0.348278,-0.012245,17.094961,49.728809,14.632712,0.000420,0.972045,-0.218213,0.086668,18.050831,14.933223,44.622143,-0.010622,0.981226,0.049595,0.186074,-0.721532,1.827886,-11.059986,0.000420,0.972045,-0.218213,0.086668,20.054758,4.139482,35.288353
696,5.800000,-0.029685,0.974090,0.007534,-0.224079,4.498238,80.493614,3.355581,-0.041958,0.946110,-0.014634,-0.320781,4.104647,87.707939,3.557821,-0.108857,0.927797,0.045636,-0.353922,2.692811,103.547981,3.545565,0.019017,0.969040,-0.091402,-0.228574,-0.335385,120.896027,6.431802,0.061751,0.984579,-0.118070,-0.113359,-1.189782,134.023361,2.343574,0.032623,0.938981,0.323384,-0.112576,-1.683111,114.767036,8.342995,-0.216358,0.744427,0.278129,0.567153,-17.856377,114.575043,12.209742,-0.204264,0.147206,-0.452512,-0.855476,-24.373526,114.410484,-11.692028,-0.066009,0.137424,-0.258503,-0.953905,-13.110524,129.110611,-2.701351,-0.178707,0.835060,0.273244,-0.442805,3.423223,116.415474,3.792340,-0.109493,0.698974,0.140343,-0.692640,12.469621,125.403275,-6.882180,-0.094038,0.707614,0.136193,-0.686944,12.878951,134.012039,-30.109674,-0.023079,0.634045,0.050267,-0.771315,13.659448,140.504745,-49.303562,-0.012306,0.960750,0.273927,-0.042089,-3.415539,79.954109,7.199564,0.019838,0.988460,-0.143936,0.042838,-3.394989,50.188053,-11.277075,-0.010329,0.981173,0.049860,0.186301,-5.763516,6.182244,1.718739,-0.040902,0.965117,-0.229583,-0.119027,12.412014,81.033127,-0.488401,-0.007338,0.937795,-0.347001,-0.008783,17.092722,49.809231,14.695915,0.000261,0.971887,-0.218358,0.088063,18.005136,14.933043,44.592934,-0.010329,0.981173,0.049860,0.186301,-0.720888,1.827059,-11.057978,0.000261,0.971887,-0.218358,0.088063,20.043596,4.137571,35.268627
697,5.808333,-0.029822,0.975131,0.008671,-0.219441,4.447443,80.571198,3.351577,-0.041366,0.947848,-0.013876,-0.315723,4.054569,87.785133,3.568400,-0.109062,0.929740,0.046033,-0.348670,2.667408,103.636848,3.565506,0.019346,0.970102,-0.089692,-0.224686,-0.378735,120.982018,6.450205,0.063047,0.984852,-0.117685,-0.110641,-1.191193,134.122971,2.397339,0.031023,0.939468,0.323891,-0.107387,-1.752370,114.850601,8.335039,-0.217651,0.741174,0.278445,0.570752,-17.966997,114.663139,12.024753,-0.202415,0.152136,-0.453656,-0.854447,-24.253386,114.544487,-11.939022,-0.064988,0.142780,-0.257860,-0.953362,-13.092917,129.237000,-2.805342,-0.179087,0.837310,0.273860,-0.437996,3.405261,116.503273,3.844155,-0.109745,0.700219,0.139950,-0.691421,12.588054,125.480270,-6.722452,-0.094376,0.707257,0.136700,-0.687163,13.078272,134.082611,-29.950768,-0.023393,0.634158,0.052040,-0.771096,13.843439,140.594833,-49.124886,-0.012944,0.961399,0.272005,-0.039474,-3.502451,80.025002,7.119338,0.019744,0.988434,-0.143631,0.044487,-3.382829,50.186573,-11.239806,-0.010105,0.981136,0.050281,0.186393,-5.763303,6.172350,1.725283,-0.042623,0.965495,-0.229670,-0.115130,12.397337,81.117401,-0.416183,-0.007740,0.938350,-0.345555,-0.005522,17.133579,49.906357,14.777348,0.000302,0.971755,-0.218607,0.088897,17.976280,14.938697,44.569382,-0.010105,0.981136,0.050281,0.186393,-0.719846,1.827388,-11.054591,0.000302,0.971755,-0.218607,0.088897,20.032824,4.138730,35.254257
698,5.816667,-0.029998,0.976229,0.009233,-0.214458,4.394747,80.665253,3.363479,-0.040961,0.949627,-0.013358,-0.310407,4.000033,87.878891,3.586778,-0.108637,0.931776,0.046642,-0.343243,2.630942,103.723991,3.587745,0.020994,0.971135,-0.088269,-0.220600,-0.410458,121.070442,6.469721,0.063137,0.985217,-0.116730,-0.108333,-1.147303,134.222046,2.437002,0.029548,0.939830,0.324823,-0.101671,-1.818544,114.938606,8.327545,-0.218143,0.738331,0.277436,0.574726,-18.075880,114.763817,11.824926,-0.201648,0.156783,-0.455115,-0.853011,-24.126081,114.683952,-12.199719,-0.064535,0.147849,-0.257313,-0.952768,-13.076583,129.370773,-2.911739,-0.179947,0.839248,0.274948,-0.433227,3.393219,116.588257,3.898477,-0.109815,0.701437,0.139359,-0.690295,12.703898,125.573051,-6.548907,-0.095271,0.707048,0.136971,-0.687201,13.270460,134.156418,-29.782501,-0.024178,0.634106,0.052561,-0.771078,14.026120,140.696518,-48.932030,-0.013567,0.962097,0.269879,-0.036758,-3.593077,80.114082,7.049400,0.019554,0.988412,-0.143092,0.046739,-3.373595,50.196075,-11.178843,-0.009662,0.981096,0.050537,0.186556,-5.764203,6.166962,1.733733,-0.044283,0.966149,-0.229059,-0.110126,12.382570,81.216423,-0.322442,-0.008801,0.938801,-0.344340,-0.002154,17.147900,49.995865,14.842399,0.001271,0.971645,-0.218911,0.089347,17.975285,14.952787,44.546116,-0.009662,0.981096,0.050537,0.186556,-0.720523,1.826657,-11.047629,0.001271,0.971645,-0.218911,0.089347,20.025291,4.144909,35.238731
699,5.825000,-0.030315,0.977351,0.010276,-0.209192,4.346266,80.757416,3.368256,-0.040660,0.951411,-0.012335,-0.304980,3.949041,87.970482,3.605110,-0.108286,0.933822,0.046944,-0.337707,2.598448,103.823410,3.626289,0.022524,0.972235,-0.086452,-0.216281,-0.444787,121.171570,6.496042,0.063126,0.985584,-0.116159,-0.105581,-1.105584,134.336761,2.494595,0.028013,0.940312,0.325386,-0.095666,-1.885491,115.039864,8.329132,-0.219342,0.735150,0.276908,0.578590,-18.185186,114.880646,11.624263,-0.200324,0.161657,-0.456630,-0.851602,-23.988590,114.829430,-12.461267,-0.064170,0.153046,-0.256497,-0.952191,-13.058683,129.512985,-3.022668,-0.180358,0.841260,0.276002,-0.428458,3.380388,116.685829,3.963154,-0.108826,0.702527,0.140991,-0.689010,12.822859,125.665558,-6.369685,-0.095118,0.706374,0.136892,-0.687931,13.487959,134.267258,-29.593887,-0.026005,0.633735,0.052539,-0.771326,14.203525,140.796616,-48.730217,-0.014049,0.962879,0.267506,-0.033274,-3.680556,80.197205,6.967068,0.019408,0.988376,-0.142541,0.049166,-3.356401,50.190777,-11.113686,-0.009634,0.981078,0.051226,0.186463,-5.763132,6.146690,1.744708,-0.045933,0.966607,-0.228962,-0.105532,12.373087,81.317627,-0.230557,-0.009483,0.939387,-0.342725,0.001192,17.177107,50.104366,14.937118,0.002463,0.971496,-0.219027,0.090640,17.958105,14.960480,44.522758,-0.009634,0.981078,0.051226,0.186463,-0.721005,1.824883,-11.043535,0.002463,0.971496,-0.219027,0.090640,20.017450,4.148197,35.222549
700,5.833333,-0.030546,0.978558,0.011158,-0.203386,4.294524,80.859406,3.380656,-0.040269,0.953312,-0.011764,-0.299059,3.895228,88.071991,3.628311,-0.108015,0.935962,0.047485,-0.331743,2.562159,103.921684,3.654679,0.023733,0.973382,-0.084582,-0.211685,-0.483860,121.270119,6.519831,0.063329,0.985999,-0.115196,-0.102599,-1.075435,134.449127,2.553206,0.026359,0.940734,0.325869,-0.090193,-1.958809,115.137688,8.323021,-0.219965,0.732037,0.275545,0.582934,-18.295322,114.984879,11.430794,-0.199414,0.165917,-0.458799,-0.849829,-23.835186,114.965149,-12.716770,-0.063664,0.158235,-0.256105,-0.951483,-13.041199,129.666855,-3.137238,-0.181544,0.843294,0.277152,-0.423183,3.364078,116.781929,4.026066,-0.108200,0.704106,0.140834,-0.687526,12.941665,125.774895,-6.169988,-0.095927,0.705414,0.137097,-0.688763,13.714659,134.347565,-29.401583,-0.027449,0.632687,0.052830,-0.772116,14.377223,140.902481,-48.517506,-0.014895,0.963676,0.264937,-0.030266,-3.774276,80.292442,6.883255,0.019314,0.988334,-0.141887,0.051881,-3.330345,50.191891,-11.037798,-0.009195,0.981009,0.051959,0.186646,-5.760839,6.130371,1.756255,-0.047482,0.967215,-0.228424,-0.100313,12.363323,81.426369,-0.121943,-0.010392,0.939927,-0.341184,0.004860,17.186769,50.206028,15.024961,0.002975,0.971360,-0.219090,0.091924,17.931955,14.966962,44.498093,-0.009195,0.981009,0.051959,0.186646,-0.717152,1.826120,-11.037297,0.002975,0.971360,-0.219090,0.091924,20.012014,4.152880,35.204590
701,5.841667,-0.030690,0.979767,0.012335,-0.197389,4.243487,80.960365,3.388994,-0.039853,0.955270,-0.010675,-0.292844,3.844017,88.172424,3.651265,-0.107703,0.938205,0.047860,-0.325394,2.533125,104.029442,3.698167,0.024833,0.974527,-0.082702,-0.206982,-0.517504,121.378998,6.551563,0.063460,0.986372,-0.114397,-0.099786,-1.042404,134.571655,2.621122,0.024367,0.941231,0.326190,-0.084209,-2.027947,115.246475,8.324820,-0.221134,0.728539,0.275043,0.587097,-18.402533,115.095711,11.225417,-0.198283,0.170782,-0.460875,-0.848005,-23.675499,115.114174,-12.981823,-0.063387,0.163348,-0.254986,-0.950937,-13.026974,129.822937,-3.248534,-0.182435,0.845562,0.277874,-0.417767,3.354597,116.887489,4.101575,-0.107288,0.705635,0.140681,-0.686132,13.072890,125.879326,-5.961468,-0.096885,0.704004,0.138008,-0.689888,13.950518,134.413361,-29.203564,-0.027750,0.631319,0.052800,-0.773226,14.542564,141.018539,-48.293991,-0.015793,0.964513,0.262216,-0.026622,-3.867524,80.387360,6.791687,0.019687,0.988262,-0.141221,0.054840,-3.289358,50.188232,-10.958884,-0.009083,0.980819,0.052779,0.187419,-5.788887,6.110713,1.766555,-0.049255,0.967721,-0.228138,-0.095096,12.354498,81.533363,-0.013700,-0.010596,0.940531,-0.339467,0.007216,17.214445,50.315891,15.127466,0.004121,0.971220,-0.219070,0.093404,17.905121,14.969820,44.473518,-0.009083,0.980819,0.052779,0.187419,-0.725171,1.828066,-11.026335,0.004121,0.971220,-0.219070,0.093404,19.999760,4.154118,35.185177
702,5.850000,-0.030878,0.981009,0.013303,-0.191024,4.189807,81.072136,3.407227,-0.039405,0.957268,-0.009974,-0.286333,3.788648,88.283669,3.681141,-0.107279,0.940473,0.048515,-0.318824,2.497678,104.139542,3.736393,0.026185,0.975708,-0.080987,-0.201864,-0.551208,121.490097,6.585578,0.063270,0.986829,-0.113366,-0.096508,-1.001736,134.694626,2.685846,0.021920,0.941718,0.326447,-0.078224,-2.099919,115.357376,8.324801,-0.216647,0.727791,0.266734,0.593496,-18.510603,115.194611,11.012938,-0.201127,0.172775,-0.464537,-0.844927,-23.506519,115.225899,-13.252975,-0.062800,0.168887,-0.254198,-0.950219,-13.012308,129.986221,-3.374785,-0.183424,0.847891,0.278756,-0.411984,3.343462,116.994728,4.178821,-0.106543,0.707578,0.139836,-0.684418,13.209319,125.987221,-5.738992,-0.098063,0.701889,0.139091,-0.691657,14.211262,134.464844,-28.996691,-0.028298,0.629336,0.053991,-0.774739,14.694944,141.131012,-48.055351,-0.016729,0.965398,0.259238,-0.022872,-3.964581,80.493317,6.703594,0.019680,0.988184,-0.140399,0.058261,-3.248431,50.187515,-10.859137,-0.008825,0.980802,0.053497,0.187315,-5.787138,6.088692,1.784488,-0.050867,0.968243,-0.227625,-0.090027,12.344195,81.650948,0.110859,-0.011421,0.941134,-0.337652,0.011275,17.231028,50.428391,15.232858,0.005027,0.971065,-0.219035,0.095028,17.868921,14.971068,44.445587,-0.008825,0.980802,0.053497,0.187315,-0.727455,1.824177,-11.016047,0.005027,0.971065,-0.219035,0.095028,19.985519,4.154620,35.163097
703,5.858333,-0.031204,0.982264,0.014541,-0.184314,4.140022,81.191078,3.425565,-0.038886,0.959312,-0.009010,-0.279511,3.735686,88.401817,3.715181,-0.107261,0.942762,0.049046,-0.311912,2.468357,104.264153,3.786051,0.027311,0.976861,-0.078897,-0.196905,-0.594757,121.612991,6.630406,0.063635,0.987140,-0.112763,-0.093749,-0.976033,134.832184,2.773257,0.019637,0.942049,0.327128,-0.071725,-2.177569,115.478806,8.333375,-0.227439,0.719063,0.279253,0.594338,-18.623825,115.313698,10.794392,-0.192745,0.182478,-0.464373,-0.844931,-23.332756,115.433990,-13.528577,-0.062381,0.174053,-0.253482,-0.949506,-12.992430,130.145645,-3.491543,-0.183966,0.850475,0.279207,-0.406071,3.327216,117.116989,4.269611,-0.105999,0.709804,0.138885,-0.682388,13.347344,126.091835,-5.508546,-0.099491,0.699474,0.139910,-0.693731,14.492500,134.515884,-28.779114,-0.029283,0.627030,0.055042,-0.776496,14.848510,141.242676,-47.804253,-0.017895,0.966325,0.255992,-0.019072,-4.058410,80.603485,6.609210,0.019880,0.988097,-0.139508,0.061692,-3.188867,50.183308,-10.747672,-0.007425,0.980805,0.054399,0.187103,-5.784801,6.062317,1.806661,-0.052477,0.968902,-0.226797,-0.083896,12.338455,81.778664,0.241920,-0.012321,0.941707,-0.335858,0.015337,17.234327,50.541401,15.330595,0.005181,0.970845,-0.219260,0.096743,17.827208,14.975008,44.411396,-0.007425,0.980805,0.054399,0.187103,-0.742738,1.815074,-11.006568,0.005181,0.970845,-0.219260,0.096743,19.980103,4.154584,35.141899
704,5.866667,-0.031489,0.983549,0.015734,-0.177177,4.086666,81.318214,3.452170,-0.038555,0.961403,-0.008242,-0.272306,3.679256,88.528175,3.756531,-0.106746,0.945153,0.049615,-0.304680,2.428434,104.388878,3.838484,0.028021,0.978057,-0.076915,-0.191583,-0.632916,121.739662,6.672919,0.064259,0.987532,-0.111758,-0.090344,-0.954961,134.972687,2.858032,0.017627,0.942518,0.327474,-0.064115,-2.256554,115.606071,8.339231,-0.222073,0.718680,0.268366,0.601800,-18.739689,115.460327,10.541124,-0.196565,0.184857,-0.468540,-0.841226,-23.125891,115.554604,-13.842225,-0.062337,0.180045,-0.253101,-0.948492,-12.963675,130.317932,-3.625735,-0.184929,0.853059,0.279940,-0.399656,3.312523,117.238449,4.361646,-0.104750,0.712011,0.138566,-0.680343,13.492754,126.206604,-5.255961,-0.100402,0.696709,0.140868,-0.696185,14.789021,134.573380,-28.539259,-0.030969,0.624028,0.056779,-0.778721,14.999846,141.350525,-47.533100,-0.018816,0.967271,0.252634,-0.014465,-4.156939,80.723076,6.515495,0.020091,0.988078,-0.138376,0.064420,-3.137752,50.185596,-10.625919,-0.007654,0.980684,0.055579,0.187382,-5.781028,6.036460,1.819123,-0.053964,0.969499,-0.225927,-0.078212,12.330271,81.913345,0.388845,-0.013180,0.942290,-0.333978,0.019371,17.234255,50.659584,15.440681,0.006025,0.970653,-0.219217,0.098697,17.781036,14.979469,44.382744,-0.007654,0.980684,0.055579,0.187382,-0.727601,1.822361,-11.000570,0.006025,0.970653,-0.219217,0.098697,19.964474,4.158690,35.120804
705,5.875000,-0.031904,0.984835,0.016992,-0.169689,4.028774,81.444672,3.483711,-0.038036,0.963458,-0.006859,-0.265055,3.616257,88.653656,3.803881,-0.105390,0.947614,0.049579,-0.297425,2.391285,104.530525,3.914541,0.028609,0.979177,-0.075519,-0.186256,-0.646817,121.891693,6.710096,0.064132,0.987991,-0.110397,-0.087025,-0.916360,135.134003,2.923454,0.014358,0.942549,0.328905,-0.056718,-2.318604,115.763664,8.349027,-0.231013,0.710762,0.278440,0.603259,-18.834934,115.593315,10.284164,-0.189500,0.194208,-0.468512,-0.840756,-22.933275,115.780449,-14.148660,-0.061704,0.186519,-0.252965,-0.947318,-12.927541,130.497925,-3.759864,-0.185505,0.855759,0.280459,-0.393201,3.315985,117.376457,4.456630,-0.104328,0.714438,0.136996,-0.678178,13.659327,126.324318,-5.004556,-0.101843,0.693426,0.141479,-0.699123,15.105663,134.621109,-28.304037,-0.033020,0.620724,0.059410,-0.781078,15.139328,141.447708,-47.245304,-0.020069,0.968120,0.249512,-0.009244,-4.260152,80.839935,6.420223,0.020460,0.987962,-0.137539,0.067790,-3.060360,50.196030,-10.518355,-0.005950,0.980673,0.056060,0.187355,-5.774587,6.027031,1.840670,-0.055567,0.969972,-0.225278,-0.072914,12.317699,82.049400,0.547200,-0.013973,0.942922,-0.331878,0.023660,17.245234,50.787399,15.574219,0.006758,0.970510,-0.218927,0.100678,17.734421,14.980782,44.360649,-0.005950,0.980673,0.056060,0.187355,-0.737628,1.817293,-10.986929,0.006758,0.970510,-0.218927,0.100678,19.951332,4.164651,35.101234
706,5.883333,-0.032548,0.986118,0.018583,-0.161761,3.979442,81.587402,3.513081,-0.037781,0.965623,-0.005940,-0.257120,3.558920,88.794968,3.854096,-0.104750,0.950111,0.050165,-0.289483,2.348469,104.672371,3.980824,0.029195,0.980326,-0.073357,-0.180905,-0.685324,122.036255,6.764171,0.064875,0.988274,-0.109612,-0.084215,-0.898715,135.293442,3.026275,0.011638,0.942730,0.329731,-0.049000,-2.401192,115.909615,8.362198,-0.233855,0.705802,0.278501,0.607941,-18.947025,115.737152,10.026258,-0.186454,0.201135,-0.470798,-0.838528,-22.698898,115.948090,-14.461991,-0.060180,0.194186,-0.252066,-0.946115,-12.894246,130.673172,-3.892584,-0.186363,0.858645,0.280902,-0.386123,3.300884,117.514381,4.565949,-0.103691,0.717215,0.135038,-0.675733,13.817098,126.444206,-4.720101,-0.103571,0.689731,0.142456,-0.702318,15.434070,134.650558,-28.040405,-0.034092,0.616619,0.061344,-0.784127,15.273267,141.547928,-46.930897,-0.021099,0.969011,0.246079,-0.004190,-4.355077,80.968590,6.314519,0.020585,0.987819,-0.136545,0.071736,-2.994773,50.208450,-10.399773,-0.005433,0.980653,0.056755,0.187266,-5.763442,6.014907,1.859003,-0.057273,0.970650,-0.224110,-0.065824,12.313960,82.206223,0.711644,-0.014799,0.943492,-0.329841,0.028444,17.242838,50.920952,15.689723,0.007626,0.970217,-0.218981,0.103290,17.663736,14.992637,44.325226,-0.005433,0.980653,0.056755,0.187266,-0.732613,1.821411,-10.976329,0.007626,0.970217,-0.218981,0.103290,19.925610,4.174397,35.079151
707,5.891667,-0.033211,0.987361,0.019780,-0.153704,3.923199,81.725616,3.560417,-0.037099,0.967837,-0.005520,-0.248767,3.493131,88.931892,3.916535,-0.104518,0.952641,0.050642,-0.281045,2.305921,104.811523,4.040359,0.031869,0.981441,-0.071151,-0.175202,-0.739758,122.175430,6.810574,0.064467,0.988598,-0.108480,-0.082157,-0.839975,135.445267,3.113062,0.008934,0.943248,0.329374,-0.041434,-2.495841,116.048813,8.364430,-0.236782,0.700462,0.278600,0.612918,-19.066269,115.875175,9.762214,-0.183480,0.207938,-0.473120,-0.836214,-22.448816,116.118088,-14.779469,-0.059669,0.201967,-0.251603,-0.944640,-12.850886,130.848877,-4.036785,-0.187416,0.861708,0.281459,-0.378304,3.274659,117.650139,4.671527,-0.102372,0.720163,0.133052,-0.673188,13.976544,126.563110,-4.416474,-0.104843,0.685782,0.143701,-0.705734,15.777080,134.654236,-27.763561,-0.035725,0.611634,0.064580,-0.787691,15.412476,141.619141,-46.607868,-0.022085,0.969802,0.242884,0.001738,-4.455359,81.093941,6.224226,0.020852,0.987693,-0.135436,0.075402,-2.925064,50.227310,-10.277696,-0.005272,0.980580,0.057329,0.187481,-5.756044,6.007063,1.870050,-0.058939,0.971328,-0.222650,-0.058951,12.301757,82.357285,0.896608,-0.015844,0.943999,-0.327809,0.033997,17.232788,51.039875,15.806641,0.008417,0.970000,-0.218600,0.106033,17.583061,14.991742,44.292110,-0.005272,0.980580,0.057329,0.187481,-0.720258,1.828303,-10.968136,0.008417,0.970000,-0.218600,0.106033,19.894997,4.179985,35.050838
708,5.900000,-0.033821,0.988569,0.021273,-0.145378,3.873661,81.876053,3.602837,-0.037690,0.969976,-0.006101,-0.240185,3.435053,89.080849,3.977915,-0.104976,0.954984,0.051736,-0.272596,2.223287,104.969467,4.077871,0.034760,0.982629,-0.069014,-0.168727,-0.851364,122.325943,6.862553,0.064848,0.989008,-0.107193,-0.078532,-0.829268,135.606796,3.203511,0.006368,0.943368,0.329924,-0.034168,-2.640426,116.195358,8.362140,-0.235911,0.696536,0.272486,0.620431,-19.230438,116.020226,9.504091,-0.182389,0.212769,-0.476755,-0.833168,-22.174288,116.254997,-15.094156,-0.058413,0.209107,-0.251802,-0.943111,-12.795300,131.035431,-4.197453,-0.187604,0.865077,0.282648,-0.369535,3.194545,117.804459,4.775443,-0.100268,0.723555,0.132216,-0.670025,14.112215,126.676346,-4.093452,-0.104806,0.681088,0.146187,-0.709763,16.144430,134.660690,-27.458290,-0.035391,0.605283,0.069123,-0.792213,15.551196,141.695984,-46.261387,-0.022674,0.970647,0.239273,0.008847,-4.548077,81.232124,6.123720,0.020962,0.987522,-0.134237,0.079631,-2.857650,50.245369,-10.135669,-0.003567,0.980594,0.057820,0.187294,-5.742100,5.995834,1.892269,-0.060414,0.971921,-0.221346,-0.052213,12.295398,82.519981,1.081954,-0.016831,0.944545,-0.325478,0.040200,17.219444,51.174343,15.934875,0.009365,0.969675,-0.218235,0.109615,17.477972,14.989251,44.247158,-0.003567,0.980594,0.057820,0.187294,-0.726799,1.821816,-10.955480,0.009365,0.969675,-0.218235,0.109615,19.856464,4.183561,35.015686
709,5.908333,-0.034436,0.989733,0.022591,-0.136867,3.826692,82.031754,3.655038,-0.035216,0.972381,-0.001782,-0.230720,3.378709,89.235107,4.046391,-0.104405,0.958095,0.048949,-0.262215,2.279811,105.051781,4.249122,0.034002,0.983943,-0.066370,-0.162156,-0.832240,122.422531,6.900033,0.064610,0.989376,-0.106004,-0.075654,-0.782646,135.722214,3.310270,0.005014,0.943945,0.329200,-0.023897,-2.662137,116.299927,8.382848,-0.242027,0.690282,0.276761,0.623166,-19.272499,116.195702,9.188027,-0.178136,0.220973,-0.478339,-0.831042,-21.902933,116.463326,-15.445373,-0.057346,0.215612,-0.252353,-0.941563,-12.735623,131.229233,-4.361188,-0.190202,0.867309,0.282418,-0.363095,3.252640,117.888092,4.919670,-0.096148,0.725961,0.134075,-0.667653,14.294600,126.785530,-3.767901,-0.102739,0.675865,0.149850,-0.714280,16.524134,134.679550,-27.145424,-0.034206,0.597950,0.074275,-0.797351,15.691003,141.757751,-45.891071,-0.023512,0.971346,0.235994,0.015497,-4.636653,81.376411,6.029374,0.020832,0.987422,-0.132522,0.083677,-2.780180,50.283157,-10.007073,-0.002271,0.980578,0.058102,0.187315,-5.689409,5.991080,1.857196,-0.061824,0.972494,-0.219890,-0.045624,12.290038,82.687088,1.280702,-0.017691,0.945073,-0.323035,0.046619,17.205753,51.308514,16.066668,0.010460,0.969303,-0.217709,0.113780,17.358269,14.980534,44.196136,-0.002271,0.980578,0.058102,0.187315,-0.685621,1.818225,-10.995418,0.010460,0.969303,-0.217709,0.113780,19.814400,4.183775,34.974552
710,5.916667,-0.035189,0.990861,0.023896,-0.128007,3.777385,82.184097,3.715770,-0.034911,0.974597,-0.000922,-0.221225,3.317574,89.385818,4.123162,-0.103491,0.960795,0.048969,-0.252515,2.232624,105.196854,4.339520,0.035228,0.985159,-0.063968,-0.155335,-0.874894,122.574326,6.951454,0.064371,0.989746,-0.105222,-0.072030,-0.745602,135.888153,3.416543,0.002178,0.944261,0.328824,-0.015546,-2.753917,116.455864,8.389269,-0.245640,0.684444,0.276203,0.628418,-19.375912,116.354248,8.901330,-0.175126,0.227304,-0.481538,-0.828121,-21.593369,116.623978,-15.772650,-0.056828,0.222044,-0.253992,-0.939657,-12.669009,131.424301,-4.534370,-0.191096,0.870363,0.282903,-0.354848,3.233788,118.029022,5.046660,-0.090134,0.728602,0.138145,-0.664779,14.461342,126.899910,-3.427569,-0.099104,0.669420,0.154664,-0.719816,16.936090,134.704376,-26.810497,-0.032125,0.590201,0.080547,-0.802585,15.815941,141.818298,-45.490253,-0.023806,0.971983,0.232699,0.023093,-4.726408,81.515495,5.936949,0.020686,0.987152,-0.131396,0.088538,-2.728539,50.314999,-9.872606,-0.001548,0.980583,0.058231,0.187252,-5.674026,5.995065,1.878140,-0.063601,0.973105,-0.218172,-0.037709,12.281178,82.852692,1.494592,-0.018588,0.945514,-0.320563,0.053820,17.194221,51.437008,16.202457,0.011905,0.968876,-0.216929,0.118656,17.223837,14.965829,44.146420,-0.001548,0.980583,0.058231,0.187252,-0.678613,1.822137,-10.977707,0.011905,0.968876,-0.216929,0.118656,19.768436,4.182106,34.933575
711,5.925000,-0.036070,0.991935,0.025515,-0.118801,3.729396,82.360229,3.771122,-0.036558,0.976476,-0.001755,-0.212496,3.256004,89.559883,4.198936,-0.101796,0.962995,0.050854,-0.244319,2.109213,105.414726,4.391470,0.036981,0.986065,-0.063341,-0.149320,-0.946067,122.797897,7.026962,0.064992,0.990133,-0.103559,-0.068467,-0.735475,136.112610,3.499279,-0.002383,0.944170,0.329367,-0.007431,-2.881507,116.683876,8.407707,-0.250254,0.677895,0.275699,0.633894,-19.509670,116.527626,8.614946,-0.170796,0.233630,-0.484692,-0.825421,-21.271219,116.781250,-16.095936,-0.056176,0.228209,-0.255354,-0.937848,-12.593760,131.629608,-4.732743,-0.190309,0.874237,0.283478,-0.345156,3.168395,118.238106,5.169879,-0.083023,0.731121,0.142070,-0.662106,14.631576,127.026131,-3.072042,-0.095707,0.662805,0.160385,-0.725125,17.343056,134.694717,-26.473656,-0.030742,0.581810,0.087602,-0.808009,15.945681,141.873413,-45.056580,-0.024210,0.972717,0.228665,0.030788,-4.813341,81.676041,5.832353,0.020818,0.986998,-0.129814,0.092466,-2.669971,50.346523,-9.700567,-0.000857,0.980541,0.058602,0.187365,-5.661088,5.989113,1.896244,-0.065448,0.973690,-0.216257,-0.029603,12.272134,83.044411,1.709892,-0.019081,0.945918,-0.318032,0.061074,17.185915,51.587124,16.328312,0.013692,0.968156,-0.216515,0.124935,17.059580,14.969126,44.079330,-0.000857,0.980541,0.058602,0.187365,-0.668815,1.822780,-10.962961,0.013692,0.968156,-0.216515,0.124935,19.717823,4.190727,34.892376
712,5.933333,-0.036711,0.992940,0.027420,-0.109410,3.677530,82.540543,3.830149,-0.036563,0.978531,-0.000591,-0.202828,3.193967,89.738068,4.281796,-0.100824,0.965525,0.050796,-0.234555,2.052938,105.589363,4.499178,0.034658,0.987287,-0.060535,-0.142826,-0.996236,122.979782,7.093660,0.067643,0.990270,-0.103484,-0.063881,-0.802067,136.316010,3.647272,-0.005978,0.944425,0.328670,0.001477,-2.979257,116.870773,8.428311,-0.251573,0.673164,0.272035,0.639967,-19.608179,116.699150,8.316576,-0.168869,0.238225,-0.488332,-0.822353,-20.953619,116.934189,-16.420624,-0.055753,0.234263,-0.256909,-0.935954,-12.508210,131.837112,-4.939816,-0.190847,0.877434,0.283841,-0.336335,3.139209,118.408241,5.313669,-0.074415,0.733305,0.149185,-0.659144,14.795500,127.153107,-2.700132,-0.090315,0.655653,0.166126,-0.731003,17.768076,134.729416,-26.100094,-0.029404,0.572827,0.094469,-0.813683,16.075512,141.916977,-44.571983,-0.025557,0.973434,0.224498,0.037074,-4.902164,81.845055,5.727579,0.021579,0.986965,-0.128048,0.095068,-2.575836,50.387913,-9.518427,-0.000865,0.980461,0.058882,0.187691,-5.651516,5.991629,1.906201,-0.067213,0.974197,-0.214390,-0.021454,12.257224,83.236031,1.932720,-0.019730,0.946232,-0.315245,0.069827,17.167515,51.738823,16.466099,0.016291,0.967244,-0.215722,0.132806,16.860273,14.960989,44.003494,-0.000865,0.980461,0.058882,0.187691,-0.650295,1.832862,-10.951970,0.016291,0.967244,-0.215722,0.132806,19.655327,4.193070,34.844910
713,5.941667,-0.038020,0.993867,0.028981,-0.099719,3.648358,82.715866,3.892587,-0.035926,0.980932,-0.000824,-0.190999,3.143901,89.910713,4.363762,-0.104386,0.968025,0.052067,-0.222083,2.020383,105.740128,4.555954,0.039009,0.988520,-0.058553,-0.133710,-1.173386,123.099792,7.182211,0.067913,0.990620,-0.102206,-0.060114,-0.807708,136.441284,3.770315,-0.006303,0.944454,0.328396,0.011080,-3.161529,116.973587,8.427434,-0.257345,0.665264,0.271176,0.646267,-19.786310,116.896629,8.010527,-0.163215,0.245336,-0.491665,-0.819413,-20.584675,117.097267,-16.750675,-0.054517,0.240249,-0.259572,-0.933772,-12.417826,132.057526,-5.152812,-0.191479,0.880975,0.283688,-0.326710,3.026793,118.558182,5.478839,-0.066609,0.736689,0.154684,-0.654924,14.887325,127.251503,-2.287555,-0.085782,0.648377,0.171418,-0.736793,18.189209,134.702606,-25.683567,-0.029826,0.563254,0.103446,-0.819240,16.195650,141.921005,-44.055378,-0.025268,0.973993,0.220595,0.045121,-4.965343,81.998787,5.620322,0.021351,0.986695,-0.126622,0.099725,-2.543491,50.418896,-9.354634,0.000108,0.980456,0.059278,0.187594,-5.639712,5.988357,1.930418,-0.068972,0.974716,-0.212183,-0.012201,12.262058,83.432953,2.164853,-0.020435,0.946383,-0.312528,0.079168,17.154043,51.886570,16.597397,0.017657,0.966269,-0.215102,0.140509,16.657534,14.954564,43.924900,0.000108,0.980456,0.059278,0.187594,-0.649644,1.835544,-10.934011,0.017657,0.966269,-0.215102,0.140509,19.605480,4.197130,34.801998
714,5.950000,-0.038794,0.994735,0.030519,-0.089812,3.609048,82.904221,3.965292,-0.036203,0.982878,0.000323,-0.180664,3.090827,90.096878,4.454507,-0.103059,0.970492,0.052287,-0.211637,1.963901,105.917206,4.672102,0.042515,0.989350,-0.056544,-0.127209,-1.210844,123.285881,7.261626,0.066469,0.990835,-0.101821,-0.058822,-0.710258,136.633408,3.890679,-0.009960,0.944418,0.327909,0.021254,-3.250888,117.166122,8.453500,-0.261074,0.659219,0.270202,0.651354,-19.862755,117.085075,7.677260,-0.159652,0.251458,-0.494587,-0.816495,-20.238253,117.277931,-17.094036,-0.052975,0.247076,-0.263807,-0.930888,-12.315482,132.273483,-5.372263,-0.191803,0.884395,0.283456,-0.317349,3.005059,118.729210,5.639187,-0.056696,0.738503,0.162320,-0.651960,15.061988,127.363083,-1.887426,-0.079171,0.640216,0.177792,-0.743132,18.616394,134.681412,-25.288355,-0.030146,0.552781,0.114420,-0.824884,16.306728,141.894943,-43.506050,-0.025508,0.974541,0.216442,0.052654,-5.036707,82.175598,5.519373,0.021533,0.986577,-0.124827,0.103059,-2.496364,50.469387,-9.166239,0.001048,0.980444,0.059274,0.187656,-5.630651,5.998084,1.946442,-0.070875,0.975164,-0.209830,-0.001795,12.254805,83.632835,2.411211,-0.020865,0.946447,-0.309528,0.089417,17.123991,52.035511,16.739662,0.020078,0.965119,-0.213438,0.150291,16.395365,14.933676,43.830906,0.001048,0.980444,0.059274,0.187656,-0.648100,1.840494,-10.919362,0.020078,0.965119,-0.213438,0.150291,19.527996,4.203937,34.736980
715,5.958333,-0.039952,0.995525,0.031489,-0.079644,3.579088,83.083580,4.046168,-0.036491,0.984772,0.001411,-0.169973,3.040393,90.274048,4.545329,-0.102107,0.972895,0.052282,-0.200790,1.907617,106.099892,4.786323,0.041724,0.990396,-0.054921,-0.119823,-1.263194,123.475555,7.333443,0.067924,0.991106,-0.100692,-0.054375,-0.740358,136.833862,4.008881,-0.013134,0.944159,0.327708,0.031595,-3.350082,117.361137,8.470355,0.264963,-0.653134,-0.268235,-0.656704,-19.941332,117.293076,7.335025,-0.156139,0.257560,-0.498103,-0.813128,-19.868713,117.446426,-17.439281,-0.051864,0.253851,-0.267067,-0.928195,-12.216195,132.491714,-5.594189,-0.192145,0.888098,0.282796,-0.307228,2.971562,118.906693,5.796677,-0.046510,0.740348,0.169748,-0.648774,15.234365,127.472115,-1.471084,-0.071746,0.631309,0.184842,-0.749757,19.046175,134.635117,-24.879555,-0.029357,0.540590,0.127260,-0.831087,16.407412,141.844711,-42.917591,-0.025490,0.975073,0.212168,0.059732,-5.095435,82.338211,5.421743,0.021360,0.986582,-0.122889,0.105344,-2.465898,50.503551,-8.967296,0.002833,0.980561,0.059729,0.186880,-5.591913,5.987432,1.966853,-0.072730,0.975518,-0.207350,0.009002,12.253612,83.828949,2.670594,-0.021132,0.946364,-0.306495,0.100050,17.094175,52.177799,16.889524,0.022729,0.963762,-0.211538,0.160930,16.114077,14.905289,43.737469,0.002833,0.980561,0.059729,0.186880,-0.645687,1.833719,-10.914208,0.022729,0.963762,-0.211538,0.160930,19.447157,4.206744,34.678116
716,5.966667,-0.041045,0.996220,0.032749,-0.069204,3.554747,83.271912,4.119355,-0.037465,0.986538,0.002083,-0.159171,2.996422,90.459930,4.632036,-0.100465,0.975200,0.052789,-0.190012,1.834076,106.282333,4.886528,0.042101,0.991315,-0.052979,-0.112759,-1.304658,123.667953,7.405192,0.068638,0.991313,-0.100009,-0.050849,-0.729458,137.036850,4.132237,-0.017018,0.943823,0.327414,0.041344,-3.446016,117.561577,8.482413,0.269095,-0.646590,-0.267009,-0.661979,-20.009720,117.477592,6.999218,-0.152051,0.263222,-0.501755,-0.809837,-19.483093,117.614380,-17.769695,-0.050216,0.260232,-0.270341,-0.925566,-12.101884,132.723877,-5.830031,-0.192481,0.891837,0.281980,-0.296756,2.939576,119.081329,5.949624,-0.035860,0.742217,0.177738,-0.645165,15.408452,127.574074,-1.047775,-0.064001,0.621766,0.192624,-0.756444,19.495148,134.574753,-24.458977,-0.027238,0.527060,0.139720,-0.837821,16.523212,141.798172,-42.293018,-0.025378,0.975553,0.207778,0.066931,-5.145610,82.511116,5.311049,0.021469,0.986523,-0.120904,0.108140,-2.436456,50.546909,-8.772773,0.002187,0.980515,0.059974,0.187055,-5.584157,5.986762,1.974223,-0.074324,0.975699,-0.205261,0.018866,12.255103,84.032700,2.927661,-0.020916,0.946275,-0.302960,0.111092,17.064964,52.337582,17.058788,0.025826,0.961913,-0.209654,0.173496,15.791003,14.866296,43.616123,0.002187,0.980515,0.059974,0.187055,-0.626706,1.842821,-10.905673,0.025826,0.961913,-0.209654,0.173496,19.359459,4.196884,34.612236
717,5.975000,-0.041875,0.996826,0.033928,-0.058597,3.522746,83.459129,4.198920,-0.037931,0.988283,0.003204,-0.147807,2.948066,90.645012,4.723296,-0.099316,0.977518,0.052515,-0.178429,1.774835,106.448769,5.001452,0.040971,0.992341,-0.050322,-0.105109,-1.355692,123.843613,7.466086,0.070140,0.991504,-0.099220,-0.046420,-0.764294,137.230103,4.268879,-0.019737,0.943421,0.326959,0.051617,-3.544943,117.744362,8.485830,0.273681,-0.640260,-0.265908,-0.666678,-20.073561,117.686378,6.651545,-0.147620,0.269511,-0.504646,-0.806787,-19.114237,117.787865,-18.104557,-0.048261,0.266410,-0.272921,-0.923153,-11.991827,132.938934,-6.063872,-0.193197,0.895478,0.281047,-0.286018,2.903934,119.242302,6.104939,-0.025065,0.744385,0.185371,-0.641015,15.571763,127.670082,-0.607863,-0.056343,0.611253,0.200527,-0.763534,19.955507,134.482376,-24.020906,-0.024626,0.512638,0.152362,-0.844619,16.624882,141.730850,-41.621540,-0.024974,0.975973,0.203166,0.074671,-5.200295,82.688202,5.203593,0.021421,0.986596,-0.118743,0.109859,-2.429476,50.589752,-8.559263,0.002818,0.980514,0.060252,0.186962,-5.570234,5.981824,1.989706,-0.076412,0.975772,-0.202664,0.030950,12.245788,84.230057,3.194247,-0.020679,0.945892,-0.299629,0.122815,17.030655,52.482754,17.216309,0.031802,0.959599,-0.207248,0.187632,15.446568,14.826113,43.493301,0.002818,0.980514,0.060252,0.186962,-0.620744,1.842384,-10.894698,0.031802,0.959599,-0.207248,0.187632,19.238195,4.183727,34.548840
718,5.983333,-0.042942,0.997323,0.034844,-0.047838,3.496628,83.645920,4.286380,-0.038140,0.989915,0.004322,-0.136363,2.901624,90.829590,4.818421,-0.098158,0.979685,0.052608,-0.166775,1.723770,106.629738,5.118903,0.044538,0.993044,-0.049097,-0.097310,-1.395245,124.032402,7.542647,0.068143,0.991896,-0.097829,-0.043920,-0.665678,137.418152,4.370959,-0.023332,0.942935,0.326296,0.062128,-3.631724,117.940056,8.499257,0.276873,-0.634372,-0.264261,-0.671625,-20.115423,117.882576,6.297554,-0.143978,0.275415,-0.507692,-0.803533,-18.741007,117.973923,-18.439009,-0.046019,0.272962,-0.275096,-0.920704,-11.876060,133.169022,-6.292245,-0.193285,0.899104,0.280125,-0.275287,2.876977,119.416664,6.272850,-0.014595,0.746712,0.193169,-0.636313,15.744011,127.761627,-0.158644,-0.049609,0.599960,0.207569,-0.771040,20.445915,134.392090,-23.562145,-0.022459,0.498385,0.162558,-0.851283,16.726799,141.670944,-40.906685,-0.024172,0.976241,0.198635,0.083144,-5.245004,82.861534,5.101085,0.021337,0.986654,-0.116603,0.111637,-2.434306,50.632774,-8.345530,0.003275,0.980495,0.060637,0.186927,-5.564965,5.978236,2.007416,-0.078161,0.975719,-0.200033,0.043021,12.238260,84.430305,3.471675,-0.020571,0.945279,-0.295955,0.135779,16.978970,52.627701,17.382975,0.033950,0.957334,-0.204428,0.201417,15.073236,14.769543,43.347191,0.003275,0.980495,0.060637,0.186927,-0.620049,1.847070,-10.881398,0.033950,0.957334,-0.204428,0.201417,19.144381,4.176259,34.467529
719,5.991667,-0.044183,0.997676,0.036267,-0.037078,3.491333,83.834854,4.367413,-0.039194,0.991357,0.005391,-0.125087,2.873553,91.015495,4.914150,-0.096694,0.981710,0.052384,-0.155409,1.662900,106.820930,5.239143,0.043243,0.993929,-0.046209,-0.090002,-1.434503,124.234604,7.610878,0.069801,0.991987,-0.097492,-0.039821,-0.696166,137.639404,4.522733,-0.026807,0.942367,0.325549,0.072420,-3.718870,118.151161,8.509233,0.278282,-0.629270,-0.260084,-0.677448,-20.150721,118.095100,5.949096,-0.141530,0.280190,-0.511584,-0.799840,-18.348309,118.148575,-18.760078,-0.044110,0.279069,-0.277389,-0.918276,-11.753527,133.401535,-6.520744,-0.193422,0.902832,0.278831,-0.264076,2.845373,119.601456,6.433691,-0.004070,0.749442,0.201203,-0.630744,15.911777,127.858665,0.297676,-0.043687,0.587707,0.213997,-0.779036,20.973059,134.298050,-23.084215,-0.021180,0.483896,0.171163,-0.857962,16.834574,141.614410,-40.139832,-0.022979,0.976578,0.193968,0.090241,-5.264501,83.034050,4.991293,0.020983,0.986736,-0.114456,0.113188,-2.465627,50.672947,-8.136140,0.003610,0.980485,0.061085,0.186831,-5.558640,5.971441,2.023608,-0.079579,0.975462,-0.197647,0.055472,12.247167,84.635651,3.743532,-0.020875,0.944294,-0.292012,0.150339,16.918118,52.782227,17.561857,0.036904,0.954797,-0.201299,0.215592,14.695380,14.712182,43.188869,0.003610,0.980485,0.061085,0.186831,-0.618562,1.850861,-10.870448,0.036904,0.954797,-0.201299,0.215592,19.041183,4.169892,34.378971
720,6.000000,-0.045415,0.997935,0.037253,-0.026000,3.486876,84.022102,4.461026,-0.040376,0.992695,0.006351,-0.113517,2.845725,91.200104,5.015503,-0.095285,0.983620,0.052347,-0.143778,1.597664,107.002403,5.360812,0.044173,0.994658,-0.044668,-0.081908,-1.478804,124.425873,7.687454,0.069362,0.992306,-0.096206,-0.035531,-0.672396,137.836594,4.642344,-0.030169,0.941481,0.325212,0.083312,-3.809762,118.351128,8.522705,0.283286,-0.622534,-0.259870,-0.681666,-20.178823,118.307579,5.587555,-0.137318,0.286263,-0.514091,-0.796811,-17.953066,118.346703,-19.087120,-0.043712,0.284752,-0.280303,-0.915661,-11.606671,133.631866,-6.758310,-0.193633,0.906205,0.277866,-0.253158,2.807252,119.775856,6.602881,0.004992,0.753499,0.207018,-0.623986,16.058764,127.951767,0.762059,-0.040115,0.574628,0.218614,-0.787656,21.539822,134.166046,-22.586084,-0.021906,0.470005,0.178388,-0.864172,16.934200,141.535019,-39.337166,-0.021582,0.976787,0.189392,0.097739,-5.279331,83.206062,4.888598,0.020627,0.986839,-0.112267,0.114537,-2.505156,50.717674,-7.925968,0.003925,0.980483,0.061422,0.186723,-5.557289,5.969203,2.037511,-0.080895,0.975037,-0.195124,0.068456,12.253085,84.838142,4.033453,-0.020610,0.943243,-0.287872,0.164310,16.843884,52.930092,17.752241,0.039784,0.951893,-0.197646,0.230767,14.283813,14.638435,43.015015,0.003925,0.980483,0.061422,0.186723,-0.622359,1.856330,-10.860977,0.039784,0.951893,-0.197646,0.230767,18.927998,4.157004,34.285103
721,6.008333,-0.046430,0.998084,0.038136,-0.014786,3.486656,84.208038,4.561611,-0.041161,0.993951,0.007142,-0.101567,2.824919,91.383728,5.121756,-0.094289,0.985406,0.052411,-0.131671,1.551110,107.177887,5.479364,0.044762,0.995329,-0.042455,-0.074254,-1.518694,124.607864,7.765749,0.069743,0.992468,-0.095355,-0.032417,-0.654725,138.029037,4.783158,-0.033431,0.940683,0.324326,0.093860,-3.890827,118.539978,8.532149,0.286394,-0.616610,-0.257883,-0.686489,-20.190828,118.506500,5.234891,-0.133843,0.291577,-0.517267,-0.793413,-17.550390,118.528297,-19.398874,-0.042011,0.290620,-0.282670,-0.913166,-11.464426,133.860825,-6.989345,-0.193650,0.909526,0.276787,-0.242179,2.775773,119.944473,6.775944,0.012704,0.758801,0.209901,-0.616443,16.207949,128.032120,1.232504,-0.039687,0.560417,0.222718,-0.796715,22.145844,133.965820,-22.076881,-0.023876,0.456454,0.184553,-0.870069,17.036633,141.448410,-38.476246,-0.020112,0.976996,0.184631,0.104812,-5.285971,83.381157,4.790556,0.020349,0.987065,-0.109836,0.114995,-2.553239,50.763725,-7.701021,0.004015,0.980480,0.061617,0.186671,-5.559634,5.964604,2.046429,-0.082187,0.974466,-0.192542,0.081173,12.259282,85.034912,4.332665,-0.020109,0.941783,-0.283585,0.179499,16.775875,53.071510,17.946827,0.041307,0.948586,-0.194206,0.246501,13.838586,14.552861,42.820465,0.004015,0.980480,0.061617,0.186671,-0.626529,1.856629,-10.854315,0.041307,0.948586,-0.194206,0.246501,18.812098,4.134491,34.197132
722,6.016667,-0.047412,0.998113,0.038870,-0.003537,3.478072,84.387405,4.662564,-0.041552,0.995081,0.007810,-0.089589,2.795979,91.560944,5.225823,-0.093519,0.987004,0.052830,-0.119527,1.507539,107.353867,5.590233,0.044611,0.995970,-0.040312,-0.066550,-1.561480,124.787430,7.850202,0.070327,0.992597,-0.094677,-0.029008,-0.660738,138.220001,4.930430,-0.036353,0.939845,0.323185,0.104507,-3.970666,118.725182,8.542110,0.290136,-0.610494,-0.256405,-0.690924,-20.193638,118.712189,4.884487,-0.130541,0.296626,-0.520367,-0.790057,-17.143627,118.713676,-19.701942,-0.041613,0.295560,-0.285326,-0.910770,-11.313623,134.086807,-7.223076,-0.193845,0.912696,0.275609,-0.231190,2.740891,120.112885,6.951583,0.021076,0.764194,0.211163,-0.609075,16.343559,128.116653,1.710378,-0.040679,0.545788,0.228134,-0.805243,22.714823,133.691422,-21.573179,-0.025874,0.443002,0.191072,-0.875540,17.133450,141.348511,-37.571239,-0.018697,0.977120,0.179844,0.111998,-5.296565,83.550735,4.692306,0.019996,0.987221,-0.107419,0.115997,-2.605102,50.807201,-7.474074,0.003826,0.980470,0.061808,0.186666,-5.564031,5.958507,2.057548,-0.083786,0.973620,-0.189847,0.094886,12.252708,85.224068,4.632823,-0.019280,0.940096,-0.279048,0.194883,16.706377,53.207024,18.141249,0.044733,0.944746,-0.189483,0.263722,13.374654,14.450836,42.592621,0.003826,0.980470,0.061808,0.186666,-0.628879,1.856636,-10.844360,0.044733,0.944746,-0.189483,0.263722,18.682051,4.110087,34.075539
723,6.025000,-0.048490,0.998004,0.039692,0.007845,3.485191,84.564529,4.768969,-0.042049,0.996073,0.007982,-0.077503,2.781124,91.735641,5.336100,-0.092552,0.988494,0.052854,-0.107334,1.474326,107.512474,5.691148,0.044338,0.996539,-0.038656,-0.058730,-1.588420,124.952362,7.910401,0.070670,0.992835,-0.092950,-0.025402,-0.655524,138.393631,5.041161,-0.038780,0.938566,0.322973,0.115235,-4.034678,118.897308,8.531504,0.293339,-0.604603,-0.255120,-0.695213,-20.173172,118.924583,4.517619,-0.126998,0.302383,-0.522754,-0.786870,-16.735952,118.925011,-20.017662,-0.039513,0.301702,-0.288324,-0.907901,-11.149443,134.324936,-7.450736,-0.194814,0.915875,0.274139,-0.219243,2.718336,120.264481,7.107386,0.029251,0.769770,0.211830,-0.601437,16.487459,128.198029,2.205025,-0.041882,0.530866,0.232848,-0.813762,23.296495,133.395081,-21.041962,-0.028663,0.429634,0.198051,-0.880551,17.238136,141.217148,-36.641815,-0.017071,0.977199,0.175160,0.118785,-5.286756,83.716896,4.597020,0.019670,0.987453,-0.105015,0.116284,-2.660005,50.852753,-7.254253,0.003681,0.980475,0.061838,0.186629,-5.567001,5.955946,2.064494,-0.084777,0.972644,-0.187091,0.108505,12.257137,85.412170,4.940918,-0.018846,0.937978,-0.274602,0.210797,16.612427,53.334057,18.336092,0.046830,0.940710,-0.186109,0.279705,12.917617,14.350131,42.369698,0.003681,0.980475,0.061838,0.186629,-0.631327,1.855628,-10.837705,0.046830,0.940710,-0.186109,0.279705,18.543682,4.066800,33.988724
724,6.033333,-0.049379,0.997773,0.040514,0.019203,3.492864,84.740623,4.872054,-0.042772,0.996904,0.008790,-0.065394,2.769398,91.909531,5.442706,-0.091694,0.989827,0.052927,-0.095050,1.437946,107.676163,5.808688,0.045577,0.997014,-0.037290,-0.049952,-1.621831,125.121414,7.989515,0.069876,0.993140,-0.091459,-0.020613,-0.612647,138.566055,5.162217,-0.042004,0.937060,0.322890,0.126079,-4.102104,119.073166,8.537684,0.296592,-0.598733,-0.254085,-0.699280,-20.144907,119.118034,4.157080,-0.124106,0.307338,-0.525417,-0.783631,-16.331570,119.122849,-20.322571,-0.039284,0.306693,-0.290812,-0.905442,-10.984899,134.550201,-7.684177,-0.195325,0.918816,0.272957,-0.207652,2.688118,120.421074,7.282106,0.037779,0.775796,0.213247,-0.592654,16.615196,128.275452,2.709524,-0.042088,0.514520,0.237699,-0.822798,23.915560,133.085403,-20.471594,-0.029812,0.415761,0.205778,-0.885386,17.337984,141.077545,-35.678226,-0.015015,0.977148,0.170532,0.126001,-5.272135,83.885780,4.499014,0.018933,0.987535,-0.102734,0.117740,-2.738512,50.904930,-7.044302,0.003475,0.980526,0.061686,0.186419,-5.568152,5.961957,2.073514,-0.085787,0.971439,-0.184708,0.121779,12.257864,85.595474,5.245094,-0.018012,0.935502,-0.269680,0.227562,16.521063,53.467350,18.549732,0.051190,0.935674,-0.180217,0.299023,12.430165,14.234429,42.109329,0.003475,0.980526,0.061686,0.186419,-0.636199,1.858581,-10.829136,0.051190,0.935674,-0.180217,0.299023,18.418446,4.043426,33.867718
725,6.041667,-0.050491,0.997400,0.041092,0.030910,3.511189,84.909920,4.990082,-0.043464,0.997600,0.009312,-0.053085,2.764834,92.076530,5.559993,-0.090986,0.991015,0.052767,-0.082625,1.409009,107.829735,5.926874,0.045020,0.997487,-0.034758,-0.042240,-1.653538,125.280212,8.061557,0.070397,0.993232,-0.090734,-0.017383,-0.620656,138.738724,5.309886,-0.045188,0.935461,0.322561,0.137202,-4.164063,119.238342,8.537601,0.301133,-0.592329,-0.255152,-0.702398,-20.100224,119.304344,3.783927,-0.120388,0.313102,-0.527061,-0.780821,-15.935895,119.346382,-20.638422,-0.038240,0.311464,-0.293844,-0.902875,-10.807981,134.785416,-7.921414,-0.196035,0.921862,0.271145,-0.195503,2.659041,120.568466,7.452963,0.045997,0.782182,0.214933,-0.582992,16.739779,128.342316,3.226491,-0.041702,0.497316,0.242218,-0.832026,24.568880,132.768402,-19.858345,-0.029334,0.401320,0.213064,-0.890329,17.442249,140.932602,-34.685413,-0.013193,0.977180,0.165936,0.131947,-5.241507,84.044518,4.410017,0.018582,0.987752,-0.100389,0.117991,-2.804049,50.951694,-6.829575,0.003269,0.980498,0.061744,0.186550,-5.579101,5.963746,2.080879,-0.086885,0.969874,-0.181903,0.136772,12.263885,85.775330,5.570147,-0.017132,0.932688,-0.264758,0.244340,16.425167,53.588440,18.764544,0.054270,0.930613,-0.175038,0.316823,11.948904,14.110970,41.840603,0.003269,0.980498,0.061744,0.186550,-0.641692,1.862907,-10.820488,0.054270,0.930613,-0.175038,0.316823,18.280109,4.004288,33.752899
726,6.050000,-0.051295,0.996899,0.041919,0.042463,3.519323,85.074776,5.103138,-0.043747,0.998166,0.009799,-0.040692,2.754382,92.239212,5.675744,-0.090177,0.992048,0.052962,-0.070032,1.386544,107.982979,6.041301,0.045082,0.997858,-0.032889,-0.034138,-1.673966,125.437950,8.141910,0.070202,0.993401,-0.089642,-0.013826,-0.600761,138.905029,5.448107,-0.047624,0.934038,0.321558,0.148005,-4.214454,119.402969,8.540085,0.302121,-0.587767,-0.251984,-0.706935,-20.040625,119.506393,3.432759,-0.118740,0.316439,-0.530271,-0.777548,-15.529880,119.534134,-20.928022,-0.037832,0.315960,-0.296427,-0.900483,-10.628243,135.011978,-8.164680,-0.196344,0.924762,0.269568,-0.183297,2.637762,120.713982,7.629678,0.053761,0.787983,0.216406,-0.573900,16.868248,128.396561,3.752254,-0.040718,0.480711,0.246765,-0.840456,25.180128,132.451355,-19.231791,-0.028299,0.385923,0.221296,-0.895149,17.551119,140.774551,-33.678566,-0.011349,0.977056,0.161214,0.138717,-5.216990,84.204681,4.318967,0.018150,0.987979,-0.097972,0.118192,-2.873080,51.000446,-6.607570,0.003843,0.980523,0.061675,0.186429,-5.584960,5.966991,2.089894,-0.087617,0.968211,-0.179460,0.150619,12.255635,85.944870,5.887310,-0.016532,0.929211,-0.259584,0.262506,16.305702,53.705059,18.986759,0.055545,0.925296,-0.169855,0.334502,11.455641,13.976422,41.550549,0.003843,0.980523,0.061675,0.186429,-0.656316,1.861517,-10.813353,0.055545,0.925296,-0.169855,0.334502,18.150761,3.965625,33.638561
727,6.058333,-0.052142,0.996278,0.042569,0.053838,3.534925,85.226425,5.220920,-0.044280,0.998558,0.010704,-0.028404,2.750852,92.388809,5.793422,-0.089560,0.992927,0.052664,-0.057464,1.364545,108.109093,6.170655,0.044952,0.998189,-0.030250,-0.026122,-1.701277,125.569153,8.220662,0.070141,0.993498,-0.089080,-0.010382,-0.593523,139.049072,5.606236,-0.050454,0.931952,0.321609,0.159649,-4.266954,119.540451,8.545851,0.303700,-0.582356,-0.250428,-0.711276,-19.964748,119.684265,3.057503,-0.116573,0.321353,-0.532874,-0.774073,-15.101526,119.746796,-21.235310,-0.036096,0.321507,-0.299562,-0.897548,-10.441540,135.243530,-8.389332,-0.197126,0.927374,0.267883,-0.171343,2.609375,120.834335,7.809350,0.060401,0.793951,0.216183,-0.565030,16.970642,128.441299,4.280681,-0.041112,0.464708,0.251410,-0.848027,25.745562,132.117615,-18.594650,-0.026470,0.370935,0.228054,-0.899832,17.662260,140.620102,-32.639458,-0.009443,0.976684,0.156723,0.146413,-5.180535,84.351051,4.236211,0.017841,0.988121,-0.095617,0.118980,-2.926488,51.044010,-6.392267,0.002633,0.980517,0.061716,0.186470,-5.591877,5.967626,2.094661,-0.088207,0.966225,-0.176994,0.165236,12.250384,86.101807,6.205628,-0.015675,0.925850,-0.254354,0.279036,16.172987,53.807671,19.209717,0.057042,0.919888,-0.164121,0.351591,10.984709,13.829485,41.251480,0.002633,0.980517,0.061716,0.186470,-0.650446,1.869145,-10.805923,0.057042,0.919888,-0.164121,0.351591,18.027119,3.923421,33.511028
728,6.066667,-0.052671,0.995530,0.043284,0.065364,3.544957,85.360703,5.340651,-0.044891,0.998798,0.011469,-0.016015,2.746060,92.521385,5.913794,-0.088661,0.993642,0.052946,-0.044860,1.336028,108.242943,6.298301,0.045374,0.998385,-0.028926,-0.018215,-1.723463,125.707649,8.317915,0.069731,0.993658,-0.087902,-0.007371,-0.568768,139.192078,5.747442,-0.053433,0.930073,0.320738,0.170983,-4.315969,119.686638,8.562812,0.306171,-0.576949,-0.249463,-0.714953,-19.878820,119.857742,2.703491,-0.114153,0.325641,-0.535450,-0.770857,-14.681149,119.942429,-21.519890,-0.035735,0.326179,-0.301650,-0.895175,-10.248850,135.464615,-8.619207,-0.197340,0.929714,0.266768,-0.159760,2.580758,120.959709,8.001642,0.066714,0.799665,0.215855,-0.556320,17.066778,128.479507,4.812409,-0.041853,0.449295,0.255640,-0.855003,26.285902,131.786209,-17.944317,-0.024989,0.356244,0.233619,-0.904371,17.785618,140.453735,-31.579859,-0.007571,0.976228,0.152462,0.153874,-5.145302,84.486183,4.153304,0.017419,0.988181,-0.093456,0.120251,-2.983614,51.084591,-6.193896,0.002404,0.980499,0.061739,0.186559,-5.598016,5.969307,2.099974,-0.088792,0.964082,-0.174520,0.179457,12.235215,86.235214,6.527998,-0.014194,0.922255,-0.249101,0.295285,16.038843,53.887402,19.433659,0.057684,0.913765,-0.158025,0.369776,10.482556,13.662174,40.929497,0.002404,0.980499,0.061739,0.186559,-0.652061,1.872532,-10.799417,0.057684,0.913765,-0.158025,0.369776,17.902874,3.874624,33.394051
729,6.075000,-0.053580,0.994651,0.043466,0.076877,3.565812,85.486702,5.474389,-0.045161,0.998905,0.011762,-0.003174,2.747116,92.645767,6.039814,-0.088654,0.994119,0.053534,-0.031668,1.324101,108.362686,6.415322,0.045476,0.998552,-0.026995,-0.009849,-1.760913,125.825203,8.414936,0.069659,0.993756,-0.087066,-0.004009,-0.566351,139.317764,5.906138,-0.055462,0.927896,0.320421,0.182384,-4.367984,119.807526,8.571030,0.308621,-0.571641,-0.248121,-0.718620,-19.789495,120.039581,2.351193,-0.111487,0.329879,-0.537989,-0.767671,-14.256660,120.132950,-21.797802,-0.034944,0.330826,-0.303546,-0.892856,-10.051688,135.681992,-8.852482,-0.197902,0.932065,0.265004,-0.147858,2.542967,121.071533,8.194819,0.072538,0.805462,0.216251,-0.546996,17.143368,128.509903,5.355432,-0.042232,0.434098,0.259031,-0.861788,26.832041,131.476059,-17.252680,-0.023385,0.342329,0.238707,-0.908451,17.912624,140.289108,-30.501673,-0.005720,0.975740,0.148638,0.160644,-5.093875,84.606110,4.085316,0.017033,0.988170,-0.091550,0.121856,-3.029753,51.122116,-6.012497,0.002388,0.980546,0.061602,0.186357,-5.601593,5.973202,2.109883,-0.088974,0.961729,-0.171882,0.193954,12.225499,86.367294,6.863461,-0.012909,0.918662,-0.243764,0.310601,15.885332,53.957737,19.655258,0.058587,0.907688,-0.151950,0.386758,10.017680,13.487562,40.601570,0.002388,0.980546,0.061602,0.186357,-0.660950,1.872836,-10.790398,0.058587,0.907688,-0.151950,0.386758,17.782610,3.815705,33.266636
730,6.083333,-0.054397,0.993639,0.043519,0.088478,3.580331,85.593582,5.604759,-0.045569,0.998843,0.012316,0.009191,2.743321,92.751305,6.160284,-0.087517,0.994536,0.053605,-0.019107,1.302454,108.470238,6.535581,0.045191,0.998667,-0.024845,-0.001996,-1.767461,125.939629,8.498016,0.069326,0.993864,-0.086187,-0.000806,-0.546618,139.442245,6.056859,-0.058213,0.925703,0.319687,0.193610,-4.399594,119.931343,8.575413,0.310470,-0.566504,-0.247331,-0.722155,-19.670317,120.197632,1.995344,-0.109648,0.334157,-0.540321,-0.764441,-13.828383,120.332825,-22.080547,-0.034826,0.335494,-0.305434,-0.890473,-9.844068,135.891968,-9.072274,-0.198603,0.934272,0.263258,-0.135601,2.523149,121.170509,8.374041,0.077978,0.810945,0.215651,-0.538315,17.229862,128.529282,5.899316,-0.043248,0.419664,0.262692,-0.867758,27.344790,131.148102,-16.564543,-0.022208,0.327994,0.244142,-0.912317,18.058294,140.114456,-29.418034,-0.004124,0.975171,0.144717,0.167576,-5.043981,84.708595,4.013167,0.016769,0.988024,-0.089703,0.124422,-3.062977,51.142902,-5.826746,0.003099,0.980543,0.061873,0.186273,-5.611099,5.962414,2.125768,-0.089059,0.959280,-0.169628,0.207548,12.204643,86.478569,7.196351,-0.011970,0.914600,-0.237611,0.326963,15.723926,54.016121,19.893131,0.057259,0.901690,-0.146441,0.402779,9.590892,13.271629,40.222530,0.003099,0.980543,0.061873,0.186273,-0.678925,1.866023,-10.779016,0.057259,0.901690,-0.146441,0.402779,17.705450,3.723957,33.106625
731,6.091667,-0.054654,0.992556,0.043475,0.099773,3.584702,85.703003,5.751655,-0.045599,0.998652,0.012213,0.021563,2.737822,92.860374,6.296616,-0.086369,0.994776,0.054028,-0.006492,1.293190,108.561554,6.650395,0.044540,0.998731,-0.022834,0.005569,-1.760744,126.036453,8.588631,0.069204,0.993961,-0.085143,0.001928,-0.525741,139.549164,6.211317,-0.060669,0.923086,0.319653,0.205070,-4.415941,120.037819,8.582300,0.311864,-0.561741,-0.246670,-0.725494,-19.524982,120.355400,1.641191,-0.108635,0.338051,-0.542938,-0.761012,-13.400583,120.542267,-22.364044,-0.034844,0.339756,-0.308071,-0.887944,-9.640705,136.107635,-9.288173,-0.199917,0.936403,0.260883,-0.122975,2.514154,121.251724,8.557083,0.083610,0.816059,0.214738,-0.530042,17.312033,128.545227,6.461693,-0.044166,0.405046,0.266108,-0.873598,27.819788,130.804199,-15.860465,-0.021384,0.314841,0.250957,-0.915117,18.169912,139.916153,-28.310698,-0.002460,0.974219,0.141070,0.176040,-5.001630,84.823158,3.963960,0.016432,0.987746,-0.087746,0.128021,-3.093630,51.183666,-5.635419,0.002403,0.980515,0.061901,0.186420,-5.617378,5.970243,2.135613,-0.089077,0.956923,-0.167319,0.219927,12.171035,86.582848,7.539349,-0.010459,0.910727,-0.232285,0.341336,15.565306,54.066097,20.130787,0.057122,0.895489,-0.139667,0.418725,9.154732,13.088533,39.898323,0.002403,0.980515,0.061901,0.186420,-0.674683,1.877952,-10.766443,0.057122,0.895489,-0.139667,0.418725,17.602814,3.680266,32.987858
732,6.100000,-0.055260,0.991312,0.043851,0.111010,3.600368,85.796600,5.887648,-0.045470,0.998307,0.012728,0.033968,2.738110,92.952538,6.427360,-0.085697,0.994824,0.054232,0.006275,1.293125,108.649193,6.779397,0.044139,0.998718,-0.020660,0.013672,-1.761759,126.127434,8.685763,0.068677,0.994060,-0.084257,0.005361,-0.504575,139.650101,6.377713,-0.063773,0.920318,0.319487,0.216511,-4.432102,120.136192,8.596504,0.312956,-0.556949,-0.246384,-0.728809,-19.367874,120.484772,1.291417,-0.107614,0.341936,-0.545165,-0.757822,-12.970838,120.745720,-22.641912,-0.034946,0.343929,-0.310117,-0.885618,-9.419612,136.309631,-9.499049,-0.200580,0.938401,0.258799,-0.110431,2.499660,121.331024,8.749739,0.089304,0.820667,0.215845,-0.521480,17.386099,128.541992,7.029578,-0.044881,0.390847,0.269300,-0.879035,28.291187,130.487854,-15.130912,-0.021273,0.302185,0.256775,-0.917768,18.300705,139.734085,-27.184694,-0.000555,0.972893,0.137881,0.185653,-4.943037,84.916702,3.904945,0.015858,0.987585,-0.085817,0.130612,-3.111556,51.214481,-5.487098,0.002435,0.980571,0.062073,0.186070,-5.580672,5.968580,2.110530,-0.088693,0.954417,-0.165178,0.232247,12.143773,86.676498,7.870351,-0.009384,0.906253,-0.226910,0.356551,15.387085,54.105091,20.359877,0.056260,0.889156,-0.133762,0.433987,8.734048,12.898758,39.563709,0.002435,0.980571,0.062073,0.186070,-0.646950,1.880939,-10.796433,0.056260,0.889156,-0.133762,0.433987,17.500690,3.619942,32.878674
733,6.108333,-0.055645,0.989952,0.044010,0.122317,3.619084,85.878777,6.028713,-0.045647,0.997793,0.012214,0.046661,2.744954,93.033890,6.560130,-0.084595,0.994677,0.055605,0.019217,1.289487,108.744522,6.877609,0.043428,0.998639,-0.019206,0.021551,-1.751843,126.224075,8.793602,0.068630,0.994130,-0.083213,0.008431,-0.482548,139.753983,6.535138,-0.067592,0.917397,0.319357,0.227650,-4.439944,120.243050,8.606479,0.313937,-0.552117,-0.246656,-0.731964,-19.194469,120.598694,0.942237,-0.106877,0.345626,-0.547441,-0.754605,-12.538550,120.956131,-22.919151,-0.035198,0.347994,-0.312536,-0.883166,-9.193829,136.518646,-9.708063,-0.201332,0.940401,0.256276,-0.097128,2.489816,121.412041,8.941642,0.095122,0.825097,0.216618,-0.513073,17.458038,128.537231,7.619795,-0.045712,0.377862,0.272382,-0.883708,28.740927,130.155319,-14.377326,-0.022527,0.288766,0.263133,-0.920254,18.455305,139.530136,-26.058865,0.001437,0.971256,0.134424,0.196443,-4.877058,85.002563,3.850881,0.015654,0.987220,-0.084262,0.134357,-3.124581,51.234512,-5.317104,0.002463,0.980590,0.062426,0.185852,-5.584995,5.963704,2.133598,-0.088049,0.951762,-0.163018,0.244586,12.115227,86.754990,8.206545,-0.008597,0.901597,-0.221617,0.371397,15.193338,54.125931,20.586937,0.054349,0.883226,-0.127637,0.447959,8.342207,12.700126,39.241074,0.002463,0.980590,0.062426,0.185852,-0.656486,1.885620,-10.778383,0.054349,0.883226,-0.127637,0.447959,17.415874,3.566417,32.769283
734,6.116667,-0.056283,0.988473,0.044380,0.133357,3.647938,85.934082,6.165688,-0.045774,0.997127,0.012724,0.058989,2.758156,93.087692,6.691338,-0.084059,0.994383,0.055825,0.031932,1.293277,108.804512,7.006754,0.043804,0.998453,-0.017152,0.029645,-1.753610,126.286407,8.892200,0.067579,0.994257,-0.082175,0.011575,-0.442927,139.823441,6.700970,-0.070860,0.914203,0.319561,0.238939,-4.450424,120.312515,8.621400,0.314926,-0.547120,-0.246688,-0.735273,-19.014721,120.697510,0.602907,-0.106049,0.349215,-0.549927,-0.751254,-12.087419,121.147446,-23.179539,-0.035361,0.352053,-0.315316,-0.880559,-8.957748,136.712402,-9.908424,-0.202767,0.941864,0.254312,-0.084282,2.471457,121.463600,9.134236,0.101241,0.829455,0.218170,-0.504139,17.497908,128.528519,8.209071,-0.047000,0.365570,0.275305,-0.887895,29.171535,129.817474,-13.605145,-0.025163,0.276638,0.269099,-0.922185,18.610519,139.326065,-24.931398,0.003704,0.969323,0.131593,0.207564,-4.797188,85.057648,3.797809,0.015349,0.986699,-0.083252,0.138777,-3.134931,51.237637,-5.193755,0.002511,0.980564,0.063031,0.185781,-5.588305,5.950412,2.158858,-0.087359,0.949173,-0.161451,0.255682,12.093065,86.810509,8.533566,-0.007438,0.897367,-0.216268,0.384584,15.010619,54.137356,20.836300,0.053402,0.877445,-0.121257,0.461016,7.981068,12.494620,38.932724,0.002511,0.980564,0.063031,0.185781,-0.660930,1.888629,-10.758695,0.053402,0.877445,-0.121257,0.461016,17.329130,3.501858,32.657043
735,6.125000,-0.056572,0.986881,0.044318,0.144575,3.678110,85.993019,6.326445,-0.046261,0.996278,0.012735,0.071607,2.778419,93.146233,6.840457,-0.083794,0.993895,0.055991,0.044909,1.295549,108.849251,7.136322,0.043764,0.998230,-0.014953,0.037397,-1.766600,126.332077,8.988182,0.067906,0.994288,-0.081138,0.014021,-0.428289,139.877686,6.867871,-0.073441,0.910867,0.319855,0.250241,-4.466580,120.364067,8.632379,0.316256,-0.542067,-0.246676,-0.738442,-18.834587,120.801315,0.269822,-0.105258,0.352660,-0.552468,-0.747884,-11.634309,121.332680,-23.429724,-0.036174,0.355339,-0.317801,-0.878310,-8.720464,136.896942,-10.106800,-0.203787,0.943285,0.252162,-0.071412,2.441897,121.500572,9.326470,0.106928,0.833847,0.219842,-0.494909,17.521196,128.493118,8.795142,-0.047887,0.353350,0.278215,-0.891878,29.593092,129.466309,-12.817757,-0.026683,0.265231,0.276367,-0.923343,18.756989,139.112335,-23.801439,0.006235,0.967039,0.129325,0.219252,-4.711476,85.121742,3.766979,0.014999,0.986178,-0.082460,0.142926,-3.147211,51.262020,-5.091734,0.002483,0.980629,0.062779,0.185525,-5.589442,5.961770,2.183880,-0.086748,0.946324,-0.159185,0.267593,12.067697,86.864296,8.885910,-0.006193,0.893222,-0.211328,0.396808,14.835040,54.132767,21.067589,0.051652,0.871953,-0.115341,0.472998,7.637627,12.294379,38.639141,0.002483,0.980629,0.062779,0.185525,-0.668874,1.893337,-10.734174,0.051652,0.871953,-0.115341,0.472998,17.244974,3.442462,32.557804
736,6.133333,-0.056968,0.985149,0.044506,0.155740,3.702939,86.037575,6.468706,-0.045997,0.995424,0.012451,0.082832,2.791456,93.189911,6.974258,-0.080730,0.993520,0.057130,0.056005,1.316489,108.871208,7.244783,0.041356,0.998088,-0.013343,0.043963,-1.660325,126.367424,9.109219,0.066850,0.994399,-0.080087,0.016959,-0.363651,139.924911,7.039555,-0.076330,0.907563,0.319855,0.261143,-4.394431,120.420670,8.668386,0.316049,-0.538724,-0.246569,-0.741008,-18.562635,120.894753,-0.026470,-0.105765,0.354762,-0.555483,-0.744578,-11.180716,121.511475,-23.668007,-0.036287,0.359192,-0.320880,-0.875614,-8.465410,137.083420,-10.297780,-0.206184,0.944289,0.249807,-0.058333,2.505386,121.504257,9.516244,0.113211,0.837329,0.222307,-0.486460,17.608446,128.464630,9.397284,-0.047872,0.340993,0.281314,-0.895709,30.022673,129.126053,-12.032715,-0.027313,0.253630,0.282626,-0.924688,18.921270,138.904358,-22.673067,0.008311,0.964703,0.126859,0.230622,-4.626747,85.170395,3.719247,0.014884,0.985628,-0.081677,0.147123,-3.138569,51.268536,-4.990147,0.002715,0.980681,0.062923,0.185197,-5.590872,5.956152,2.206145,-0.086145,0.943700,-0.157565,0.277818,12.032625,86.904755,9.218164,-0.004933,0.888888,-0.206237,0.409047,14.661619,54.129971,21.313869,0.046810,0.866848,-0.111360,0.483716,7.312500,12.094927,38.344959,0.002715,0.980681,0.062923,0.185197,-0.680684,1.890652,-10.716786,0.046810,0.866848,-0.111360,0.483716,17.180408,3.381315,32.485126
737,6.141667,-0.057106,0.983274,0.045032,0.166982,3.729440,86.075035,6.612092,-0.045786,0.994216,0.013884,0.096154,2.809042,93.226448,7.114327,-0.083298,0.992452,0.056382,0.070160,1.331538,108.921097,7.410849,0.043615,0.997569,-0.011233,0.053185,-1.760171,126.405312,9.199386,0.067111,0.994430,-0.078773,0.020021,-0.369644,139.964645,7.204097,-0.078186,0.904359,0.319088,0.272403,-4.459188,120.449135,8.676919,0.319146,-0.532060,-0.246467,-0.744521,-18.418009,120.988373,-0.346579,-0.103316,0.358726,-0.558293,-0.740911,-10.680034,121.666946,-23.872263,-0.037071,0.362503,-0.323887,-0.873106,-8.211640,137.258835,-10.479424,-0.206743,0.945436,0.247520,-0.046268,2.409567,121.556747,9.722797,0.118372,0.842375,0.223869,-0.475684,17.546907,128.438812,9.969911,-0.047640,0.330368,0.284726,-0.898621,30.415600,128.774658,-11.197959,-0.025539,0.241157,0.289103,-0.926073,19.098955,138.695724,-21.546396,0.010634,0.962118,0.124250,0.242441,-4.536006,85.217712,3.672281,0.014667,0.985007,-0.080852,0.151687,-3.142190,51.273041,-4.884624,0.002598,0.980707,0.063270,0.184945,-5.596778,5.947766,2.229184,-0.085350,0.941056,-0.156084,0.287691,11.994887,86.932350,9.551904,-0.003927,0.884938,-0.201313,0.419931,14.476366,54.115475,21.564356,0.044427,0.862061,-0.105880,0.493625,7.027407,11.895219,38.086304,0.002598,0.980707,0.063270,0.184945,-0.691311,1.892388,-10.698709,0.044427,0.862061,-0.105880,0.493625,17.117878,3.323332,32.399010
738,6.150000,-0.057442,0.981308,0.045231,0.178015,3.765598,86.114594,6.770623,-0.045485,0.992917,0.014070,0.108849,2.834359,93.265198,7.264434,-0.082826,0.991432,0.057052,0.083347,1.361926,108.960915,7.548912,0.043092,0.997152,-0.009388,0.061174,-1.738589,126.445213,9.321301,0.066826,0.994455,-0.077930,0.022799,-0.335105,140.012207,7.388139,-0.081562,0.900822,0.318924,0.283117,-4.435585,120.496979,8.706197,0.320978,-0.527014,-0.247459,-0.746989,-18.178522,121.056404,-0.641623,-0.102187,0.361868,-0.560810,-0.737632,-10.200016,121.833786,-24.083763,-0.037084,0.366395,-0.327456,-0.870145,-7.941721,137.432083,-10.657560,-0.207372,0.946413,0.245368,-0.033064,2.405789,121.585556,9.935443,0.123263,0.846036,0.226141,-0.466786,17.569313,128.383057,10.587029,-0.046315,0.319539,0.287919,-0.901583,30.794981,128.446213,-10.362258,-0.022410,0.229871,0.296083,-0.926818,19.269333,138.485275,-20.414534,0.013226,0.959384,0.121754,0.254131,-4.432069,85.262833,3.645264,0.014059,0.984498,-0.079433,0.155743,-3.153124,51.279461,-4.774888,0.002611,0.980748,0.063906,0.184508,-5.561810,5.931666,2.209960,-0.084307,0.938469,-0.154316,0.297247,11.963265,86.966362,9.895982,-0.003011,0.881332,-0.196796,0.429553,14.292984,54.098640,21.799320,0.041821,0.857733,-0.100919,0.502355,6.768862,11.712572,37.856125,0.002611,0.980748,0.063906,0.184508,-0.666536,1.893747,-10.727261,0.041821,0.857733,-0.100919,0.502355,17.059406,3.275357,32.328171
739,6.158333,-0.058076,0.979200,0.046205,0.188838,3.816966,86.135818,6.916407,-0.045625,0.991528,0.014420,0.120757,2.868767,93.284073,7.411908,-0.082252,0.990361,0.057361,0.095549,1.386765,108.984970,7.689209,0.042950,0.996677,-0.007334,0.068824,-1.716185,126.471390,9.436237,0.066335,0.994479,-0.077116,0.025763,-0.291940,140.045761,7.571265,-0.084198,0.896990,0.319144,0.294054,-4.410945,120.531235,8.738778,0.321970,-0.522320,-0.246978,-0.750013,-17.929405,121.140587,-0.927830,-0.101806,0.364575,-0.564007,-0.733905,-9.695043,121.986176,-24.278971,-0.037871,0.369729,-0.330873,-0.867404,-7.666492,137.593597,-10.818039,-0.208608,0.946904,0.243813,-0.020278,2.401049,121.600357,10.136705,0.127896,0.849922,0.227651,-0.457657,17.570168,128.334763,11.189721,-0.046014,0.309051,0.291325,-0.904157,31.156345,128.110992,-9.526483,-0.019081,0.219622,0.301952,-0.927484,19.443460,138.284500,-19.274488,0.016069,0.956669,0.118952,0.265287,-4.309418,85.287109,3.609326,0.013682,0.983660,-0.078678,0.161359,-3.175444,51.262318,-4.663028,0.002725,0.980679,0.065136,0.184439,-5.578766,5.902595,2.245767,-0.083317,0.935911,-0.153408,0.305934,11.943349,86.984520,10.223487,-0.001662,0.878735,-0.192284,0.436864,14.118612,54.085575,22.069668,0.040017,0.853843,-0.095765,0.510079,6.533747,11.537584,37.662971,0.002725,0.980679,0.065136,0.184439,-0.684066,1.897744,-10.701951,0.040017,0.853843,-0.095765,0.510079,16.997988,3.229616,32.266895
740,6.166667,-0.058237,0.977069,0.046508,0.199455,3.854536,86.157974,7.076784,-0.045510,0.989957,0.014768,0.133029,2.897888,93.305550,7.565764,-0.082125,0.989019,0.058001,0.108318,1.414361,109.010147,7.836105,0.042597,0.996112,-0.005959,0.076883,-1.708760,126.494682,9.565980,0.066165,0.994485,-0.076028,0.029028,-0.267678,140.074097,7.751329,-0.087024,0.893341,0.318268,0.305081,-4.392808,120.560860,8.779071,0.323634,-0.517340,-0.247221,-0.752664,-17.675426,121.204613,-1.206954,-0.100855,0.367420,-0.566910,-0.730372,-9.190450,122.128471,-24.465204,-0.038249,0.372823,-0.334033,-0.864848,-7.383759,137.747467,-10.978356,-0.209731,0.947292,0.242067,-0.007363,2.382849,121.615364,10.353537,0.132139,0.853761,0.228670,-0.448710,17.548199,128.282700,11.810154,-0.045989,0.299915,0.294491,-0.906207,31.481516,127.776871,-8.669144,-0.016464,0.210120,0.308424,-0.927606,19.617680,138.074799,-18.143917,0.018426,0.954053,0.116141,0.275598,-4.198838,85.318390,3.593481,0.013662,0.983206,-0.077459,0.164682,-3.187835,51.252998,-4.526282,0.002615,0.980605,0.066101,0.184494,-5.594353,5.875736,2.265240,-0.082418,0.933485,-0.152117,0.314124,11.907909,86.997551,10.560086,-0.000588,0.875821,-0.187935,0.444542,13.950547,54.060520,22.323763,0.037976,0.850169,-0.090970,0.517198,6.320785,11.360351,37.472839,0.002615,0.980605,0.066101,0.184494,-0.695397,1.897761,-10.689147,0.037976,0.850169,-0.090970,0.517198,16.947693,3.177775,32.204586
741,6.175000,-0.057856,0.974906,0.046328,0.209914,3.870070,86.175446,7.253696,-0.044877,0.988285,0.015175,0.145079,2.914121,93.323914,7.731041,-0.082047,0.987549,0.058267,0.120915,1.445919,109.022888,7.998779,0.042499,0.995515,-0.004197,0.084413,-1.697385,126.506783,9.698389,0.066247,0.994464,-0.075319,0.031295,-0.235959,140.092010,7.944535,-0.090253,0.889345,0.317815,0.316091,-4.368361,120.578781,8.827548,0.324460,-0.512634,-0.247305,-0.755495,-17.404457,121.250389,-1.476441,-0.100112,0.370542,-0.569488,-0.726884,-8.681400,122.266563,-24.642591,-0.038015,0.376752,-0.337037,-0.861985,-7.091175,137.882919,-11.118730,-0.210705,0.947541,0.240302,0.005059,2.366844,121.619774,10.575061,0.137135,0.856987,0.232194,-0.439150,17.519533,128.219818,12.418559,-0.046025,0.291462,0.297192,-0.908080,31.806778,127.449051,-7.807058,-0.016801,0.201083,0.313767,-0.927811,19.801239,137.857971,-17.028826,0.020239,0.951189,0.114003,0.286066,-4.108604,85.352539,3.598741,0.013749,0.982668,-0.076010,0.168514,-3.172424,51.257561,-4.405044,0.002352,0.980536,0.066649,0.184665,-5.590989,5.860081,2.245624,-0.081891,0.931069,-0.150394,0.322159,11.848744,86.998352,10.908651,0.000382,0.873315,-0.184168,0.451002,13.796340,54.018753,22.568708,0.035021,0.847397,-0.086770,0.522650,6.133206,11.189768,37.332390,0.002352,0.980536,0.066649,0.184665,-0.684102,1.898272,-10.710714,0.035021,0.847397,-0.086770,0.522650,16.904726,3.132325,32.165947
742,6.183333,-0.057846,0.972650,0.046443,0.220111,3.906190,86.182632,7.424709,-0.044637,0.986540,0.015427,0.156551,2.945084,93.330956,7.893657,-0.081623,0.986025,0.058875,0.132764,1.481670,109.013489,8.153074,0.042179,0.994852,-0.002425,0.092114,-1.669768,126.497307,9.838235,0.065769,0.994420,-0.074814,0.034725,-0.194311,140.088776,8.145522,-0.092495,0.885508,0.317093,0.326760,-4.329977,120.577286,8.884125,0.325465,-0.508266,-0.246996,-0.758110,-17.124329,121.299316,-1.715230,-0.099299,0.373109,-0.572284,-0.723478,-8.172739,122.380875,-24.791061,-0.038028,0.380016,-0.339632,-0.859530,-6.793922,138.002914,-11.249964,-0.212672,0.947509,0.238049,0.018193,2.363907,121.599792,10.793797,0.141571,0.860120,0.233802,-0.430683,17.478739,128.157990,13.050974,-0.048560,0.284714,0.299776,-0.909238,32.069633,127.113846,-6.944284,-0.020126,0.193890,0.318155,-0.927782,19.984076,137.631485,-15.916168,0.021972,0.948674,0.111281,0.295214,-3.995202,85.370979,3.603148,0.014268,0.982412,-0.074546,0.170604,-3.153849,51.238167,-4.248453,0.002135,0.980393,0.067886,0.184977,-5.610604,5.821774,2.257510,-0.081030,0.928789,-0.149008,0.329516,11.807583,86.994286,11.246270,0.001261,0.871240,-0.180418,0.456496,13.640550,53.975792,22.814480,0.031698,0.844973,-0.082877,0.527397,5.971396,11.021328,37.205803,0.002135,0.980393,0.067886,0.184977,-0.691348,1.894723,-10.704720,0.031698,0.844973,-0.082877,0.527397,16.878321,3.088274,32.131763
743,6.191667,-0.057893,0.970339,0.046405,0.230082,3.944998,86.191109,7.602870,-0.044424,0.984666,0.015225,0.168008,2.978589,93.339401,8.061247,-0.081083,0.984356,0.059632,0.144616,1.520634,109.014893,8.298362,0.041939,0.994168,-0.000309,0.099355,-1.635777,126.498650,9.974871,0.065429,0.994384,-0.074391,0.037213,-0.147422,140.097260,8.352232,-0.095412,0.881481,0.316795,0.336940,-4.284193,120.587662,8.935748,0.326274,-0.503779,-0.246600,-0.760882,-16.835587,121.340561,-1.948131,-0.098269,0.375968,-0.574751,-0.720176,-7.649273,122.493256,-24.928078,-0.037806,0.384129,-0.342468,-0.856581,-6.476086,138.119553,-11.363025,-0.214192,0.947350,0.235892,0.031700,2.364670,121.589401,11.006885,0.145842,0.862942,0.236781,-0.421895,17.435513,128.089691,13.686252,-0.050446,0.278201,0.301626,-0.910539,32.336849,126.803566,-6.064475,-0.024453,0.187285,0.324617,-0.926796,20.155222,137.407028,-14.809604,0.023646,0.945944,0.108994,0.304551,-3.877166,85.389015,3.619714,0.014922,0.982130,-0.073309,0.172694,-3.118561,51.226246,-4.109082,0.001918,0.980280,0.068817,0.185234,-5.628610,5.794799,2.270252,-0.080232,0.926612,-0.147545,0.336428,11.767162,86.993202,11.586027,0.001941,0.869503,-0.177099,0.461081,13.498250,53.935284,23.056940,0.029608,0.843084,-0.078942,0.531133,5.839568,10.871977,37.124939,0.001918,0.980280,0.068817,0.185234,-0.698963,1.894175,-10.696011,0.029608,0.843084,-0.078942,0.531133,16.852358,3.048239,32.110184
744,6.200000,-0.058024,0.967973,0.046865,0.239719,3.995577,86.191574,7.772140,-0.044226,0.982679,0.015952,0.179255,3.021265,93.339035,8.226838,-0.080932,0.982534,0.060129,0.156402,1.563011,109.011223,8.470854,0.041554,0.993410,0.001099,0.106813,-1.610707,126.493713,10.127625,0.065277,0.994313,-0.073917,0.040201,-0.111662,140.097153,8.556082,-0.097873,0.877654,0.315733,0.347069,-4.241069,120.589470,9.007518,0.330071,-0.498263,-0.248058,-0.762400,-16.546198,121.377159,-2.151623,-0.095806,0.379833,-0.576649,-0.716955,-7.121778,122.598923,-25.031359,-0.036923,0.387508,-0.345648,-0.853816,-6.160488,138.224838,-11.455482,-0.215112,0.947268,0.233315,0.044438,2.358213,121.576073,11.238335,0.149896,0.866007,0.240178,-0.412162,17.383654,128.008652,14.307711,-0.052630,0.272068,0.303437,-0.911666,32.627815,126.481613,-5.162227,-0.028296,0.181414,0.329318,-0.926195,20.337830,137.190109,-13.702936,0.025515,0.943051,0.106629,0.314062,-3.746499,85.399490,3.633544,0.015497,0.981736,-0.072148,0.175356,-3.086039,51.207436,-3.973773,0.001720,0.980153,0.069985,0.185470,-5.646637,5.762085,2.285226,-0.079492,0.924575,-0.146723,0.342512,11.737654,86.983665,11.910735,0.002667,0.867626,-0.173622,0.465912,13.366154,53.900517,23.323771,0.026456,0.841526,-0.075467,0.534265,5.720141,10.725459,37.052029,0.001720,0.980153,0.069985,0.185470,-0.706899,1.894297,-10.687028,0.026456,0.841526,-0.075467,0.534265,16.839142,3.016216,32.094654
745,6.208333,-0.058240,0.965589,0.047385,0.248998,4.049128,86.191055,7.950175,-0.044152,0.980604,0.015963,0.190293,3.065628,93.337433,8.401958,-0.080365,0.980635,0.060774,0.167940,1.606752,109.011719,8.630380,0.041291,0.992617,0.002557,0.114015,-1.570260,126.494705,10.275751,0.064875,0.994284,-0.073120,0.042943,-0.058890,140.102737,8.756716,-0.101178,0.873307,0.315534,0.357121,-4.185567,120.599792,9.074166,0.331505,-0.493601,-0.247891,-0.764861,-16.233387,121.408829,-2.360805,-0.095115,0.382922,-0.579206,-0.713333,-6.575741,122.695686,-25.139496,-0.037090,0.390447,-0.348958,-0.851119,-5.834398,138.314209,-11.531464,-0.216407,0.946651,0.231832,0.057217,2.362344,121.565117,11.460264,0.153008,0.869124,0.242170,-0.403195,17.325985,127.937721,14.930487,-0.054522,0.266377,0.304704,-0.912812,32.885738,126.186577,-4.269056,-0.031371,0.175074,0.335563,-0.925074,20.502958,136.965240,-12.612006,0.026530,0.940923,0.104427,0.321021,-3.612560,85.407661,3.662991,0.016607,0.981415,-0.070798,0.177585,-3.012742,51.186745,-3.818546,0.001287,0.979989,0.071306,0.185837,-5.665745,5.726933,2.295313,-0.078527,0.922543,-0.145792,0.348559,11.710815,86.974442,12.237359,0.002940,0.865827,-0.170550,0.470370,13.226236,53.861523,23.579418,0.024529,0.840452,-0.071703,0.536560,5.620617,10.589454,37.021687,0.001287,0.979989,0.071306,0.185837,-0.710092,1.897328,-10.682198,0.024529,0.840452,-0.071703,0.536560,16.821789,2.984260,32.088642
746,6.216667,-0.058131,0.963159,0.047522,0.258240,4.095644,86.183289,8.135075,-0.044254,0.978382,0.016429,0.201345,3.108877,93.329666,8.579724,-0.080017,0.978573,0.061241,0.179561,1.641176,109.005997,8.805409,0.041077,0.991745,0.004314,0.121395,-1.545951,126.488945,10.431512,0.064783,0.994180,-0.072825,0.045887,-0.022007,140.102295,8.973812,-0.103569,0.869338,0.314594,0.366818,-4.141722,120.602127,9.150476,0.327386,-0.490694,-0.242543,-0.770201,-15.939784,121.445679,-2.539570,-0.096224,0.383088,-0.583703,-0.709419,-6.010405,122.741928,-25.200590,-0.037130,0.393132,-0.352322,-0.848491,-5.490579,138.397217,-11.590651,-0.217170,0.946078,0.230078,0.069557,2.350151,121.549210,11.691947,0.155768,0.871716,0.246524,-0.393794,17.250761,127.850594,15.542584,-0.054892,0.260995,0.306036,-0.913899,33.139534,125.932739,-3.369409,-0.032349,0.168717,0.340710,-0.924340,20.690615,136.753799,-11.529444,0.027395,0.938609,0.102412,0.328291,-3.483632,85.412598,3.701596,0.017886,0.981322,-0.069371,0.178535,-2.929513,51.165760,-3.663927,0.001224,0.979780,0.072625,0.186428,-5.680448,5.691618,2.298181,-0.077883,0.920477,-0.144802,0.354527,11.674918,86.953972,12.568553,0.003209,0.864006,-0.167628,0.474747,13.101025,53.813847,23.842512,0.022752,0.839680,-0.068042,0.538321,5.533413,10.451126,37.011318,0.001224,0.979780,0.072625,0.186428,-0.706574,1.898238,-10.682999,0.022752,0.839680,-0.068042,0.538321,16.806753,2.946022,32.089394
747,6.225000,-0.058192,0.960753,0.047933,0.266966,4.143682,86.183342,8.316514,-0.043968,0.976165,0.016853,0.211859,3.150509,93.329048,8.757650,-0.079768,0.976472,0.061529,0.190666,1.687045,108.999207,8.982394,0.041030,0.990842,0.006088,0.128495,-1.511654,126.482307,10.583899,0.064457,0.994107,-0.072285,0.048707,0.027635,140.100418,9.188238,-0.105971,0.865490,0.313234,0.376274,-4.086164,120.602669,9.229116,0.329414,-0.485590,-0.241809,-0.772798,-15.633766,121.472252,-2.706537,-0.094622,0.386318,-0.586179,-0.705832,-5.439880,122.805611,-25.247652,-0.036877,0.396219,-0.355916,-0.845562,-5.143328,138.463043,-11.625997,-0.218421,0.945150,0.228607,0.081994,2.348415,121.533630,11.917975,0.158200,0.875319,0.247920,-0.383829,17.168213,127.776482,16.156321,-0.055484,0.256295,0.307133,-0.914824,33.403099,125.630165,-2.434455,-0.032051,0.162423,0.346148,-0.923457,20.851721,136.527435,-10.460399,0.028033,0.936348,0.100664,0.335163,-3.354677,85.423325,3.745725,0.019332,0.981201,-0.068058,0.179550,-2.829816,51.154091,-3.517053,0.000984,0.979662,0.073507,0.186705,-5.695791,5.668306,2.300349,-0.077480,0.918479,-0.144202,0.359999,11.642042,86.943352,12.887302,0.003676,0.862994,-0.164756,0.477580,12.990949,53.786682,24.122074,0.020892,0.839441,-0.064986,0.539146,5.469015,10.336524,37.026203,0.000984,0.979662,0.073507,0.186705,-0.710949,1.900217,-10.683991,0.020892,0.839441,-0.064986,0.539146,16.798485,2.920110,32.098717
748,6.233333,-0.057900,0.958220,0.048443,0.275888,4.192425,86.179527,8.484417,-0.044061,0.973832,0.018173,0.222215,3.197201,93.325020,8.924528,-0.078898,0.974340,0.061716,0.201565,1.720102,108.985641,9.173374,0.040353,0.989948,0.007689,0.135336,-1.467530,126.472839,10.751946,0.064481,0.993989,-0.071958,0.051478,0.069057,140.096756,9.411044,-0.108093,0.861575,0.312033,0.385537,-4.026942,120.603714,9.324929,0.333985,-0.479722,-0.242177,-0.774384,-15.324724,121.507416,-2.844972,-0.091598,0.390528,-0.587958,-0.702426,-4.858981,122.861015,-25.259939,-0.036124,0.399401,-0.359769,-0.842461,-4.784914,138.517014,-11.639505,-0.219633,0.944225,0.226506,0.094311,2.349426,121.510376,12.156948,0.160431,0.878914,0.248833,-0.373972,17.079338,127.697495,16.773468,-0.054876,0.252035,0.308715,-0.915512,33.649132,125.321648,-1.491035,-0.029067,0.155258,0.352109,-0.922534,21.010633,136.303345,-9.410230,0.028121,0.934482,0.098317,0.341008,-3.221141,85.437065,3.774547,0.021099,0.981361,-0.066235,0.179163,-2.713256,51.135452,-3.334984,0.000726,0.979504,0.074525,0.187129,-5.706394,5.633736,2.290597,-0.077099,0.916457,-0.143429,0.365501,11.605991,86.921997,13.194286,0.003593,0.861638,-0.162354,0.480841,12.883645,53.745617,24.379066,0.019482,0.839740,-0.061887,0.539098,5.425531,10.223204,37.075066,0.000726,0.979504,0.074525,0.187129,-0.706387,1.894682,-10.696301,0.019482,0.839740,-0.061887,0.539098,16.794893,2.890055,32.114952
749,6.241667,-0.057770,0.955784,0.048107,0.284299,4.238782,86.170364,8.679449,-0.043640,0.971480,0.018603,0.232328,3.242894,93.316544,9.106701,-0.078622,0.972067,0.062032,0.212266,1.772670,108.981445,9.356485,0.040057,0.988993,0.009223,0.142140,-1.424973,126.468803,10.912979,0.064385,0.993884,-0.071504,0.054182,0.118640,140.097168,9.626429,-0.110747,0.857600,0.311089,0.394311,-3.960711,120.607117,9.414893,0.334819,-0.475182,-0.240016,-0.777490,-15.011605,121.528069,-2.978357,-0.089841,0.393615,-0.590124,-0.699106,-4.279403,122.891190,-25.266394,-0.035141,0.403020,-0.362594,-0.839563,-4.411754,138.551682,-11.640061,-0.220748,0.943026,0.224795,0.106957,2.353953,121.497238,12.386953,0.162366,0.882655,0.248592,-0.364361,16.982883,127.621376,17.392191,-0.054545,0.248220,0.309915,-0.916168,33.873325,125.008308,-0.543243,-0.025869,0.149282,0.357789,-0.921430,21.144512,136.068268,-8.369434,0.028452,0.932597,0.096773,0.346538,-3.091991,85.438080,3.840169,0.022841,0.981620,-0.064610,0.178117,-2.601416,51.116657,-3.174371,0.000561,0.979331,0.075542,0.187627,-5.719257,5.602443,2.279768,-0.076520,0.914796,-0.142490,0.370122,11.569555,86.902649,13.518730,0.003574,0.860463,-0.160046,0.483711,12.779026,53.701221,24.636570,0.018546,0.840044,-0.058566,0.539029,5.382559,10.110429,37.132446,0.000561,0.979331,0.075542,0.187627,-0.703070,1.891936,-10.709077,0.018546,0.840044,-0.058566,0.539029,16.787382,2.858938,32.133842
750,6.250000,-0.057732,0.953350,0.048163,0.292355,4.290917,86.158875,8.871372,-0.043017,0.969069,0.019384,0.242240,3.291745,93.305038,9.291130,-0.078366,0.969683,0.062552,0.222849,1.831976,108.971802,9.554465,0.039742,0.987983,0.010340,0.149009,-1.377683,126.458275,11.096009,0.064046,0.993764,-0.071191,0.057119,0.173622,140.089783,9.852736,-0.113197,0.853638,0.309643,0.403248,-3.887593,120.604385,9.525708,0.342405,-0.468511,-0.242454,-0.777478,-14.683163,121.543457,-3.089245,-0.084760,0.400107,-0.589918,-0.696224,-3.697277,122.934929,-25.251589,-0.033242,0.407327,-0.364359,-0.836793,-4.033276,138.570984,-11.616920,-0.221872,0.941752,0.222856,0.119216,2.362841,121.477509,12.635400,0.164593,0.886156,0.248671,-0.354683,16.883015,127.543533,18.014162,-0.054247,0.244969,0.311806,-0.916419,34.082218,124.686707,0.412416,-0.022180,0.143455,0.362384,-0.920656,21.297047,135.839951,-7.329480,0.028390,0.931043,0.095122,0.351147,-2.958036,85.436829,3.908864,0.024823,0.981830,-0.062844,0.177329,-2.469710,51.092972,-2.995129,0.000096,0.979144,0.076713,0.188126,-5.733367,5.566755,2.270275,-0.076127,0.912970,-0.141892,0.374908,11.539871,86.880928,13.833880,0.003835,0.860099,-0.157640,0.485145,12.682379,53.663399,24.910635,0.017404,0.840478,-0.055444,0.538721,5.351600,10.002521,37.198841,0.000096,0.979144,0.076713,0.188126,-0.697917,1.890557,-10.720881,0.017404,0.840478,-0.055444,0.538721,16.789349,2.831625,32.159355
751,6.258333,-0.057803,0.950974,0.047560,0.300075,4.340528,86.143021,9.082763,-0.042735,0.966642,0.020010,0.251746,3.339594,93.289894,9.485833,-0.077820,0.967312,0.062999,0.232986,1.880400,108.962204,9.756186,0.039839,0.986953,0.011246,0.155599,-1.330119,126.449730,11.284065,0.063535,0.993661,-0.070835,0.059868,0.239491,140.082626,10.079649,-0.115607,0.849873,0.307950,0.411725,-3.817284,120.605019,9.644828,0.345010,-0.463718,-0.240807,-0.779709,-14.364730,121.554245,-3.177557,-0.081555,0.403875,-0.591008,-0.693501,-3.118012,122.930321,-25.209644,-0.031834,0.411199,-0.366187,-0.834152,-3.633161,138.571304,-11.586781,-0.222921,0.940335,0.220892,0.131461,2.369335,121.457718,12.885064,0.166685,0.889676,0.248388,-0.344958,16.771879,127.463951,18.634424,-0.055275,0.242741,0.313455,-0.916388,34.273846,124.361511,1.376060,-0.020923,0.138747,0.366957,-0.919595,21.442505,135.614212,-6.300423,0.028979,0.929043,0.093622,0.356755,-2.827650,85.425552,4.003629,0.026448,0.982111,-0.060999,0.176176,-2.373784,51.064217,-2.815228,-0.000153,0.978932,0.078184,0.188625,-5.748203,5.524659,2.261606,-0.075794,0.911315,-0.141178,0.379247,11.508705,86.860481,14.161897,0.004101,0.859864,-0.155343,0.486298,12.596893,53.625233,25.190872,0.017120,0.841071,-0.051987,0.538148,5.331121,9.898508,37.281956,-0.000153,0.978932,0.078184,0.188625,-0.694987,1.889945,-10.734320,0.017120,0.841071,-0.051987,0.538148,16.790869,2.803559,32.185284
752,6.266667,-0.057558,0.948437,0.047811,0.308008,4.392059,86.130798,9.272907,-0.042050,0.964170,0.020940,0.261092,3.390037,93.277740,9.672132,-0.077605,0.964863,0.063473,0.242873,1.941364,108.951485,9.962248,0.039251,0.985941,0.012463,0.161938,-1.281284,126.438072,11.475352,0.063457,0.993510,-0.070740,0.062501,0.285670,140.075089,10.314902,-0.118465,0.846142,0.306024,0.419951,-3.740906,120.600769,9.769492,0.344079,-0.459897,-0.237371,-0.783428,-14.038554,121.541275,-3.254990,-0.079447,0.406599,-0.592838,-0.690586,-2.535582,122.914925,-25.154531,-0.029430,0.415495,-0.367064,-0.831722,-3.232632,138.572159,-11.540299,-0.223980,0.938810,0.218390,0.144132,2.379977,121.437477,13.136268,0.169032,0.892817,0.248334,-0.335613,16.650646,127.384354,19.263739,-0.056348,0.240679,0.314186,-0.916616,34.428726,124.036240,2.336688,-0.022248,0.135558,0.373906,-0.917237,21.539925,135.354919,-5.279041,0.029280,0.927228,0.091768,0.361896,-2.691583,85.428032,4.074517,0.028262,0.982453,-0.059107,0.174627,-2.266915,51.043846,-2.630070,-0.000861,0.978695,0.079372,0.189355,-5.766907,5.492526,2.252552,-0.075524,0.909588,-0.140546,0.383658,11.475701,86.833565,14.471298,0.004095,0.859518,-0.153181,0.487593,12.510928,53.582985,25.459076,0.016420,0.841893,-0.049068,0.537158,5.324145,9.794950,37.374210,-0.000861,0.978695,0.079372,0.189355,-0.686311,1.893780,-10.742707,0.016420,0.841893,-0.049068,0.537158,16.800917,2.770596,32.218403
753,6.275000,-0.057681,0.946045,0.047455,0.315309,4.454641,86.108894,9.484653,-0.041886,0.961604,0.021903,0.270341,3.449506,93.256119,9.870722,-0.077115,0.962312,0.063926,0.252828,1.994485,108.933472,10.177547,0.039092,0.984852,0.013328,0.168406,-1.230924,126.420685,11.677259,0.062907,0.993381,-0.070611,0.065204,0.346362,140.059586,10.553535,-0.119755,0.842987,0.303822,0.427461,-3.664491,120.592484,9.904303,0.347074,-0.455126,-0.234781,-0.785670,-13.740245,121.554375,-3.291041,-0.075000,0.409881,-0.593957,-0.688177,-1.960387,122.867332,-25.046635,-0.027390,0.419665,-0.368095,-0.829239,-2.823621,138.558090,-11.488681,-0.224803,0.937254,0.216324,0.155634,2.388017,121.409271,13.397217,0.171561,0.894927,0.251186,-0.326464,16.531713,127.297356,19.866327,-0.056914,0.238528,0.315635,-0.916646,34.567261,123.753014,3.254537,-0.023282,0.132586,0.380054,-0.915116,21.674316,135.122116,-4.277500,0.029934,0.925824,0.089752,0.365922,-2.548521,85.410675,4.177741,0.029830,0.982961,-0.056701,0.172286,-2.189131,51.003574,-2.412103,-0.001694,0.978473,0.080884,0.189856,-5.781207,5.435029,2.237218,-0.075126,0.908274,-0.140032,0.387022,11.457804,86.807106,14.791566,0.004342,0.859033,-0.151085,0.489097,12.441533,53.542221,25.740692,0.015893,0.842666,-0.045705,0.536258,5.308470,9.695784,37.471893,-0.001694,0.978473,0.080884,0.189856,-0.677508,1.881919,-10.761545,0.015893,0.842666,-0.045705,0.536258,16.804379,2.749389,32.253475
754,6.283333,-0.057553,0.943499,0.047542,0.322857,4.521681,86.093376,9.686136,-0.041618,0.959020,0.022834,0.279334,3.514834,93.240700,10.065953,-0.076763,0.959757,0.064381,0.262353,2.056982,108.916786,10.389592,0.038952,0.983767,0.014613,0.174560,-1.175299,126.403854,11.876134,0.062424,0.993240,-0.070701,0.067662,0.409558,140.045731,10.800040,-0.122613,0.839318,0.302390,0.434824,-3.581067,120.583870,10.039379,0.352038,-0.449598,-0.234540,-0.786716,-13.422606,121.534286,-3.332376,-0.070438,0.414128,-0.594157,-0.685940,-1.389284,122.834503,-24.949577,-0.025613,0.422215,-0.369122,-0.827543,-2.407446,138.537384,-11.423783,-0.225645,0.935435,0.214410,0.167552,2.403157,121.382881,13.652009,0.173909,0.897232,0.252363,-0.317875,16.406139,127.208473,20.474180,-0.058214,0.236923,0.317031,-0.916499,34.675701,123.451767,4.167586,-0.024662,0.130218,0.386293,-0.912805,21.787674,134.874954,-3.289207,0.030710,0.924071,0.087671,0.370761,-2.396822,85.406700,4.267845,0.031379,0.983190,-0.054550,0.171400,-2.107661,50.977009,-2.206503,-0.002722,0.978206,0.082603,0.190482,-5.801788,5.395183,2.227679,-0.074592,0.906625,-0.139478,0.391169,11.440185,86.780060,15.104428,0.004350,0.858661,-0.148955,0.490403,12.355845,53.498711,26.009363,0.014001,0.843659,-0.042921,0.534977,5.300098,9.593564,37.566452,-0.002722,0.978206,0.082603,0.190482,-0.669706,1.894464,-10.774122,0.014001,0.843659,-0.042921,0.534977,16.820681,2.731890,32.290680
755,6.291667,-0.057458,0.940974,0.047732,0.330133,4.587511,86.064728,9.894539,-0.041029,0.956511,0.023664,0.287826,3.578147,93.211945,10.269610,-0.076664,0.957252,0.064611,0.271324,2.127580,108.889481,10.610661,0.038410,0.982687,0.016137,0.180527,-1.117333,126.376030,12.075699,0.062257,0.993050,-0.070863,0.070386,0.462118,140.022522,11.051418,-0.124871,0.835987,0.300397,0.441922,-3.493495,120.562149,10.181982,0.354943,-0.445053,-0.232801,-0.788509,-13.109478,121.505478,-3.353388,-0.066982,0.416397,-0.595524,-0.683724,-0.834433,122.773827,-24.836168,-0.025327,0.423912,-0.369468,-0.826530,-1.998111,138.511902,-11.367176,-0.226611,0.933548,0.212158,0.179234,2.423579,121.348122,13.906355,0.176057,0.899757,0.253714,-0.308334,16.277283,127.119659,21.070677,-0.057485,0.235687,0.318178,-0.916466,34.805630,123.146759,5.110987,-0.023340,0.126956,0.392495,-0.910651,21.896763,134.623138,-2.324311,0.031768,0.922395,0.085760,0.375264,-2.247433,85.389389,4.369811,0.032620,0.983026,-0.052762,0.172662,-2.045662,50.941116,-2.008274,-0.003468,0.977955,0.084173,0.191066,-5.829380,5.348950,2.240236,-0.074168,0.905098,-0.139127,0.394893,11.422455,86.740067,15.419266,0.004715,0.858944,-0.146804,0.490552,12.276489,53.447449,26.294767,0.014023,0.844588,-0.038934,0.533815,5.286767,9.484145,37.669464,-0.003468,0.977955,0.084173,0.191066,-0.672899,1.895146,-10.764464,0.014023,0.844588,-0.038934,0.533815,16.820585,2.706865,32.314117
756,6.300000,-0.057231,0.938556,0.047428,0.337027,4.652108,86.040436,10.112810,-0.040449,0.953908,0.024625,0.296339,3.644548,93.188446,10.477466,-0.076594,0.954596,0.064956,0.280466,2.199994,108.860306,10.839745,0.038430,0.981542,0.017627,0.186513,-1.059777,126.345650,12.286100,0.061604,0.992886,-0.071349,0.072740,0.528966,139.994980,11.315587,-0.127731,0.832215,0.298864,0.449202,-3.403820,120.538162,10.333615,0.354191,-0.441809,-0.229095,-0.791751,-12.779999,121.467827,-3.369898,-0.065005,0.417720,-0.597362,-0.681501,-0.277565,122.701691,-24.723160,-0.023314,0.426010,-0.371139,-0.824759,-1.578752,138.476440,-11.291368,-0.227287,0.931720,0.209523,0.190626,2.442419,121.310654,14.170961,0.178355,0.901943,0.254138,-0.300171,16.145763,127.025696,21.662277,-0.056194,0.233651,0.319994,-0.916435,34.879879,122.834709,6.001386,-0.019413,0.123293,0.398417,-0.908673,21.991175,134.346420,-1.367941,0.032792,0.920833,0.083874,0.379416,-2.102205,85.375290,4.488576,0.033894,0.983394,-0.050418,0.171016,-1.988180,50.909222,-1.794847,-0.004036,0.977718,0.085800,0.191545,-5.843322,5.302620,2.228606,-0.073565,0.903649,-0.138521,0.398521,11.406420,86.705582,15.737043,0.005047,0.858986,-0.144606,0.491129,12.196346,53.394924,26.562040,0.011714,0.845462,-0.036252,0.532675,5.271833,9.373051,37.748547,-0.004036,0.977718,0.085800,0.191545,-0.666677,1.896494,-10.780660,0.011714,0.845462,-0.036252,0.532675,16.834820,2.684777,32.344418
757,6.308333,-0.056850,0.936063,0.047434,0.343954,4.723841,86.007706,10.327869,-0.039989,0.951252,0.025614,0.304738,3.718733,93.156342,10.687061,-0.076552,0.951895,0.065307,0.289433,2.275229,108.828964,11.070629,0.037918,0.980399,0.018618,0.192440,-1.000138,126.312912,12.498555,0.061465,0.992693,-0.071416,0.075376,0.585454,139.965240,11.565616,-0.129836,0.828849,0.297097,0.455945,-3.311063,120.511688,10.488800,0.356797,-0.437814,-0.227136,-0.793362,-12.466211,121.437820,-3.363591,-0.061419,0.419703,-0.598076,-0.679987,0.254615,122.626556,-24.590052,-0.021673,0.427286,-0.372514,-0.823523,-1.150910,138.440079,-11.216472,-0.227579,0.929698,0.207226,0.202305,2.463356,121.271072,14.435933,0.180786,0.903902,0.255747,-0.291328,16.009659,126.913940,22.260183,-0.052220,0.231903,0.322227,-0.916332,34.959686,122.508659,6.921183,-0.012633,0.118027,0.406241,-0.906023,22.075172,134.074875,-0.441387,0.034494,0.918731,0.081935,0.384748,-1.948081,85.357208,4.604458,0.034645,0.982704,-0.048902,0.175218,-1.959777,50.876640,-1.599949,-0.004777,0.977493,0.087236,0.192025,-5.875720,5.260942,2.258208,-0.072938,0.902048,-0.137836,0.402481,11.395762,86.658211,16.051283,0.005456,0.858865,-0.142540,0.491938,12.118683,53.327858,26.820177,0.010359,0.846019,-0.032812,0.532041,5.244545,9.251860,37.823116,-0.004777,0.977493,0.087236,0.192025,-0.677751,1.898149,-10.753824,0.010359,0.846019,-0.032812,0.532041,16.837738,2.656220,32.370075
758,6.316667,-0.056752,0.933756,0.047695,0.350148,4.807974,85.966064,10.547788,-0.039562,0.948676,0.026752,0.312623,3.800513,93.114494,10.904321,-0.076559,0.949242,0.065442,0.297987,2.354710,108.794281,11.314299,0.037364,0.979268,0.019975,0.198088,-0.935021,126.277557,12.717192,0.061049,0.992509,-0.071729,0.077803,0.643219,139.933823,11.830794,-0.131798,0.825581,0.295068,0.462580,-3.213301,120.481644,10.655514,0.358745,-0.434306,-0.224511,-0.795158,-12.148665,121.402382,-3.340010,-0.057811,0.421094,-0.599212,-0.678442,0.782493,122.528008,-24.442451,-0.019794,0.429043,-0.373298,-0.822301,-0.728108,138.395309,-11.142940,-0.227857,0.927614,0.204832,0.213675,2.490401,121.229843,14.706248,0.182934,0.906128,0.256068,-0.282658,15.875175,126.804146,22.851068,-0.047992,0.229792,0.324191,-0.916402,35.033070,122.177109,7.839056,-0.004516,0.112344,0.414228,-0.903202,22.142572,133.786591,0.491189,0.035984,0.917146,0.080133,0.388751,-1.788359,85.326263,4.736232,0.035717,0.982306,-0.047085,0.177712,-1.918016,50.832592,-1.393545,-0.005653,0.977183,0.089113,0.192720,-5.910910,5.207789,2.273334,-0.072002,0.900900,-0.137589,0.405295,11.404306,86.605858,16.359344,0.006144,0.859567,-0.140323,0.491342,12.042099,53.261246,27.089396,0.008106,0.846737,-0.029661,0.531123,5.221195,9.128356,37.895676,-0.005653,0.977183,0.089113,0.192720,-0.684239,1.901244,-10.741617,0.008106,0.846737,-0.029661,0.531123,16.847857,2.631813,32.395142
759,6.325000,-0.056523,0.931203,0.048234,0.356846,4.899632,85.931335,10.760016,-0.039523,0.946013,0.028347,0.320458,3.889953,93.079399,11.117731,-0.076416,0.946583,0.065676,0.306313,2.426429,108.751205,11.563487,0.036802,0.978115,0.020683,0.203737,-0.873221,126.234161,12.946892,0.060776,0.992303,-0.071778,0.080548,0.700534,139.892807,12.089520,-0.133680,0.822104,0.293113,0.469425,-3.120026,120.444580,10.833517,0.362902,-0.430532,-0.223639,-0.795569,-11.826592,121.365753,-3.305452,-0.053449,0.423472,-0.599126,-0.677394,1.285683,122.439941,-24.298540,-0.017415,0.430264,-0.374027,-0.821385,-0.303518,138.344818,-11.063326,-0.227854,0.925430,0.202634,0.224949,2.513186,121.179344,14.984125,0.185042,0.908039,0.257123,-0.274067,15.733549,126.676620,23.443750,-0.044363,0.228824,0.326957,-0.915844,35.090031,121.842743,8.755125,0.002836,0.106502,0.421230,-0.900674,22.236752,133.520462,1.397815,0.038045,0.915015,0.077746,0.394024,-1.613677,85.306885,4.853915,0.036399,0.982002,-0.045142,0.179750,-1.906442,50.797497,-1.181069,-0.006470,0.976978,0.090678,0.193002,-5.936651,5.160746,2.291172,-0.070951,0.899618,-0.136989,0.408518,11.412941,86.555794,16.666117,0.006898,0.860579,-0.138291,0.490135,11.964103,53.189087,27.332138,0.006089,0.847214,-0.026606,0.530550,5.190109,9.005073,37.957508,-0.006470,0.976978,0.090678,0.193002,-0.693045,1.901682,-10.728943,0.006089,0.847214,-0.026606,0.530550,16.851017,2.602709,32.419163
760,6.333333,-0.056066,0.928897,0.047936,0.362917,4.981687,85.892441,10.998115,-0.039245,0.943400,0.029144,0.328035,3.977363,93.041656,11.347657,-0.076170,0.943895,0.066263,0.314435,2.510943,108.706413,11.808008,0.036807,0.976974,0.021669,0.209040,-0.798724,126.187943,13.185461,0.059770,0.992169,-0.072162,0.082585,0.782955,139.848068,12.367009,-0.135549,0.818814,0.291053,0.475876,-3.013755,120.406189,11.017862,0.360100,-0.429318,-0.218579,-0.798897,-11.500751,121.321381,-3.254364,-0.051927,0.422499,-0.600878,-0.676568,1.774079,122.313599,-24.149080,-0.015413,0.431323,-0.374494,-0.820656,0.130672,138.286774,-10.980853,-0.227877,0.923239,0.200006,0.236009,2.549035,121.124687,15.265163,0.187858,0.909166,0.260278,-0.265295,15.599465,126.552177,24.028252,-0.041811,0.227875,0.329050,-0.915451,35.138313,121.510803,9.654218,0.005541,0.102901,0.426914,-0.898401,22.310997,133.241119,2.299457,0.039669,0.913287,0.075910,0.398209,-1.455498,85.281021,5.007795,0.036950,0.982028,-0.042795,0.180065,-1.875970,50.760715,-0.956763,-0.006992,0.976882,0.092451,0.192625,-5.918467,5.108714,2.293629,-0.069661,0.898755,-0.136214,0.410893,11.418872,86.503860,16.988436,0.007752,0.861528,-0.136249,0.489025,11.884044,53.109623,27.572048,0.004161,0.847582,-0.023131,0.530143,5.147733,8.875245,38.010155,-0.006992,0.976882,0.092451,0.192625,-0.677302,1.901635,-10.740368,0.004161,0.847582,-0.023131,0.530143,16.846361,2.575401,32.433933
761,6.341667,-0.055700,0.926573,0.047804,0.368884,5.070388,85.844673,11.236426,-0.039224,0.940724,0.030493,0.335516,4.069407,92.994667,11.579709,-0.075975,0.941164,0.066453,0.322526,2.585635,108.658745,12.068582,0.036620,0.975769,0.022385,0.214554,-0.731380,126.140427,13.426211,0.058972,0.991990,-0.072315,0.085141,0.854815,139.801849,12.638935,-0.137185,0.815622,0.288800,0.482220,-2.914510,120.365211,11.209372,0.361477,-0.427272,-0.216165,-0.800029,-11.184513,121.275696,-3.189972,-0.048517,0.423257,-0.601023,-0.676218,2.229163,122.191826,-23.999308,-0.012695,0.432241,-0.374281,-0.820317,0.551968,138.217850,-10.901364,-0.227524,0.921063,0.197558,0.246672,2.576185,121.069801,15.551753,0.190029,0.910168,0.262540,-0.257985,15.460785,126.419128,24.603548,-0.042294,0.227247,0.329843,-0.915300,35.148529,121.205139,10.496744,0.003056,0.102646,0.433195,-0.895431,22.350082,132.945831,3.183640,0.041429,0.911482,0.074398,0.402430,-1.290538,85.245712,5.163950,0.038391,0.981474,-0.040871,0.183207,-1.838612,50.719486,-0.755809,-0.007841,0.976372,0.094032,0.194410,-5.989139,5.062673,2.284032,-0.068144,0.898147,-0.135522,0.412701,11.431314,86.443634,17.308903,0.008777,0.863102,-0.134212,0.486791,11.800808,53.021561,27.808100,0.002349,0.847874,-0.019287,0.529842,5.101107,8.738118,38.060055,-0.007841,0.976372,0.094032,0.194410,-0.692047,1.903374,-10.739017,0.002349,0.847874,-0.019287,0.529842,16.839426,2.547691,32.444836
762,6.350000,-0.055157,0.924306,0.047568,0.374638,5.156472,85.787788,11.486716,-0.039070,0.938043,0.031482,0.342866,4.161875,92.938972,11.823588,-0.075669,0.938408,0.066654,0.330486,2.668322,108.600380,12.331654,0.035958,0.974588,0.022898,0.219911,-0.652217,126.082779,13.671517,0.058426,0.991796,-0.072386,0.087672,0.926321,139.746368,12.906832,-0.138411,0.812574,0.286507,0.488345,-2.804209,120.314728,11.406076,0.360750,-0.426159,-0.212543,-0.801919,-10.865257,121.227577,-3.111132,-0.045999,0.422731,-0.601592,-0.676217,2.672453,122.055328,-23.843714,-0.010083,0.432915,-0.374444,-0.819924,0.984737,138.148148,-10.817841,-0.227332,0.918765,0.194799,0.257380,2.613992,121.003937,15.841000,0.192526,0.911254,0.264942,-0.249712,15.321981,126.283264,25.179028,-0.044207,0.229146,0.331399,-0.914173,35.170509,120.868431,11.376478,-0.002167,0.102902,0.436599,-0.893750,22.434950,132.676224,4.029046,0.042864,0.909943,0.072907,0.406019,-1.130088,85.203186,5.335900,0.039601,0.981589,-0.038627,0.182818,-1.788861,50.670040,-0.531988,-0.008582,0.976067,0.095836,0.195023,-6.009796,5.005506,2.286901,-0.066634,0.897861,-0.134509,0.413900,11.443031,86.372383,17.637531,0.009840,0.864023,-0.132282,0.485663,11.734154,52.916889,28.032223,0.000094,0.847994,-0.015583,0.529777,5.049399,8.587996,38.095795,-0.008582,0.976067,0.095836,0.195023,-0.687729,1.900032,-10.738912,0.000094,0.847994,-0.015583,0.529777,16.833513,2.510622,32.453068
763,6.358333,-0.054633,0.922065,0.047571,0.380196,5.243410,85.729279,11.736766,-0.038831,0.935377,0.032668,0.349993,4.253752,92.881294,12.070591,-0.075380,0.935666,0.066583,0.338252,2.751229,108.532127,12.604502,0.035360,0.973452,0.023820,0.224885,-0.569880,126.016411,13.917992,0.057845,0.991641,-0.072695,0.089539,0.999117,139.682907,13.186288,-0.139542,0.809701,0.284138,0.494143,-2.691416,120.254608,11.608374,0.359627,-0.425251,-0.208853,-0.803872,-10.552527,121.166519,-3.018127,-0.043594,0.421897,-0.602544,-0.676050,3.100525,121.907761,-23.678230,-0.007348,0.433521,-0.373653,-0.819993,1.394140,138.069809,-10.734744,-0.227210,0.916246,0.192839,0.267737,2.654323,120.930161,16.132439,0.194860,0.912225,0.266813,-0.242253,15.183258,126.137077,25.748932,-0.045987,0.229795,0.332091,-0.913671,35.168816,120.531998,12.222816,-0.007630,0.104312,0.443061,-0.890369,22.449234,132.385559,4.873541,0.044650,0.908393,0.071282,0.409569,-0.970212,85.160072,5.510849,0.039913,0.981924,-0.036073,0.181469,-1.766528,50.621460,-0.307625,-0.009053,0.976017,0.097909,0.194225,-5.969472,4.941675,2.281724,-0.065117,0.897675,-0.133659,0.414820,11.457032,86.298485,17.962683,0.011066,0.864936,-0.130274,0.484554,11.667893,52.813011,28.262352,-0.002233,0.847902,-0.011623,0.530020,4.987733,8.438024,38.123817,-0.009053,0.976017,0.097909,0.194225,-0.660948,1.896496,-10.763839,-0.002233,0.847902,-0.011623,0.530020,16.823357,2.480908,32.460686
764,6.366667,-0.054029,0.919925,0.047541,0.385433,5.332105,85.663910,11.993301,-0.038192,0.932646,0.033629,0.357187,4.348726,92.816910,12.324471,-0.075439,0.932727,0.066931,0.346193,2.849287,108.475662,12.882483,0.035220,0.972184,0.024205,0.230286,-0.489052,125.957977,14.178482,0.056637,0.991479,-0.072874,0.091932,1.086612,139.624893,13.469254,-0.140827,0.806659,0.282180,0.499844,-2.572920,120.201859,11.820861,0.360302,-0.424424,-0.206104,-0.804716,-10.233585,121.114731,-2.911549,-0.040873,0.420997,-0.602941,-0.676427,3.510796,121.755600,-23.514362,-0.005383,0.433426,-0.373776,-0.820003,1.816107,137.986618,-10.657751,-0.226860,0.913841,0.190957,0.277426,2.696215,120.865944,16.435585,0.197447,0.913103,0.268685,-0.234662,15.054753,125.999275,26.308710,-0.047366,0.230668,0.333601,-0.912830,35.169411,120.190071,13.063004,-0.011070,0.104865,0.446308,-0.888645,22.495701,132.105453,5.706721,0.046242,0.906592,0.070227,0.413548,-0.811987,85.110725,5.697330,0.041052,0.981737,-0.034180,0.182590,-1.714486,50.571789,-0.103673,-0.009412,0.975722,0.099768,0.194744,-5.991441,4.888251,2.291009,-0.063559,0.897756,-0.132958,0.415111,11.476196,86.217094,18.289270,0.012277,0.865539,-0.128199,0.484000,11.607068,52.704491,28.501629,-0.004504,0.847762,-0.007384,0.530306,4.928912,8.282825,38.152027,-0.009412,0.975722,0.099768,0.194744,-0.663721,1.896529,-10.759094,-0.004504,0.847762,-0.007384,0.530306,16.816950,2.451894,32.467400
765,6.375000,-0.053486,0.917793,0.047687,0.390540,5.426132,85.602119,12.253475,-0.038103,0.929902,0.034961,0.364156,4.447298,92.755768,12.584202,-0.074984,0.929870,0.066886,0.353900,2.931159,108.411469,13.170916,0.034869,0.970911,0.024697,0.235597,-0.402196,125.896439,14.443581,0.055458,0.991283,-0.073194,0.094469,1.173419,139.564590,13.758215,-0.141810,0.803967,0.279569,0.505340,-2.455803,120.147636,12.042024,0.361304,-0.423572,-0.203854,-0.805289,-9.923473,121.054550,-2.789520,-0.038064,0.420043,-0.603183,-0.676968,3.902422,121.605705,-23.340334,-0.003194,0.432931,-0.373946,-0.820198,2.229137,137.906113,-10.572332,-0.225912,0.911470,0.188448,0.287529,2.738376,120.795670,16.743195,0.199307,0.914218,0.268973,-0.228332,14.921350,125.842194,26.875866,-0.047914,0.231244,0.334403,-0.912362,35.144672,119.856834,13.876327,-0.013374,0.104690,0.452268,-0.885616,22.488878,131.811493,6.505455,0.048024,0.904864,0.069154,0.417292,-0.649127,85.065048,5.889677,0.041986,0.981373,-0.032367,0.184650,-1.671927,50.527405,0.100937,-0.009540,0.975477,0.101497,0.195069,-6.007444,4.839915,2.307420,-0.061925,0.897660,-0.132116,0.415834,11.501391,86.139183,18.617273,0.013271,0.865405,-0.126126,0.484758,11.546913,52.596577,28.731390,-0.006839,0.847498,-0.003332,0.530745,4.873303,8.128783,38.170189,-0.009540,0.975477,0.101497,0.195069,-0.667740,1.896907,-10.748864,-0.006839,0.847498,-0.003332,0.530745,16.814449,2.421336,32.471565
766,6.383333,-0.052769,0.915652,0.048075,0.395582,5.508350,85.531197,12.516221,-0.037579,0.927237,0.036243,0.370819,4.534956,92.685402,12.850811,-0.074659,0.927094,0.066434,0.361261,3.015543,108.333862,13.469915,0.034112,0.969655,0.025200,0.240773,-0.311406,125.822708,14.705500,0.054759,0.991053,-0.073250,0.097209,1.252797,139.493210,14.041360,-0.142317,0.801230,0.277232,0.510802,-2.335633,120.079041,12.266996,0.360576,-0.423635,-0.200452,-0.806435,-9.613900,120.996429,-2.657764,-0.036024,0.417819,-0.604131,-0.677610,4.277510,121.437332,-23.167015,-0.000877,0.431955,-0.374036,-0.820677,2.633628,137.823410,-10.497065,-0.225608,0.909029,0.186455,0.296650,2.785149,120.715286,17.049595,0.201820,0.914941,0.270093,-0.221813,14.795463,125.696793,27.417828,-0.046517,0.230957,0.336421,-0.911765,35.114212,119.515762,14.660929,-0.011911,0.102139,0.457238,-0.883379,22.494787,131.529053,7.285348,0.049490,0.903491,0.068411,0.420208,-0.498373,85.014656,6.086011,0.043086,0.981262,-0.030502,0.185306,-1.617165,50.479866,0.298028,-0.009878,0.975192,0.103244,0.195562,-6.021611,4.790193,2.314672,-0.060653,0.897482,-0.131472,0.416608,11.515074,86.047729,18.946432,0.014460,0.865106,-0.123768,0.485865,11.491420,52.482307,28.984648,-0.009455,0.847113,0.000844,0.531328,4.816051,7.963407,38.178070,-0.009878,0.975192,0.103244,0.195562,-0.663789,1.897527,-10.745439,-0.009455,0.847113,0.000844,0.531328,16.814821,2.386778,32.470970
767,6.391667,-0.052122,0.913634,0.048374,0.400269,5.597775,85.457947,12.781816,-0.037566,0.924542,0.037796,0.377337,4.629486,92.612717,13.119120,-0.074172,0.924283,0.066173,0.368538,3.086841,108.266922,13.773167,0.033798,0.968390,0.025483,0.245823,-0.230362,125.759598,14.980507,0.053856,0.990834,-0.073579,0.099669,1.335172,139.430817,14.334302,-0.143658,0.798282,0.274691,0.516385,-2.225910,120.022491,12.503231,0.363207,-0.423096,-0.199349,-0.805811,-9.300708,120.926056,-2.519886,-0.032752,0.416910,-0.603734,-0.678689,4.635187,121.271225,-23.000774,0.001568,0.430806,-0.374341,-0.821141,3.043256,137.726151,-10.424299,-0.224572,0.906796,0.184629,0.305287,2.821170,120.643997,17.365450,0.203995,0.916089,0.269245,-0.216042,14.674088,125.542465,27.952072,-0.046598,0.230705,0.338503,-0.911054,35.074329,119.164917,15.424008,-0.010110,0.099960,0.461227,-0.881576,22.493076,131.251343,8.061843,0.050911,0.902362,0.068056,0.422516,-0.344385,84.959793,6.290461,0.044248,0.980854,-0.028985,0.187422,-1.548532,50.431610,0.480230,-0.009867,0.974962,0.104769,0.195895,-6.035881,4.742965,2.330622,-0.059105,0.897131,-0.130704,0.417826,11.539936,85.956100,19.273174,0.015332,0.864187,-0.121526,0.488033,11.428766,52.363575,29.219744,-0.011826,0.846632,0.005044,0.532023,4.761261,7.796526,38.182701,-0.009867,0.974962,0.104769,0.195895,-0.667359,1.892653,-10.734406,-0.011826,0.846632,0.005044,0.532023,16.816038,2.348311,32.469593
768,6.400000,-0.051465,0.911647,0.048566,0.404836,5.685168,85.383774,13.053391,-0.037289,0.921869,0.038863,0.383741,4.722718,92.539261,13.392240,-0.073583,0.921468,0.066050,0.375659,3.170918,108.189865,14.069775,0.033137,0.967086,0.025729,0.250967,-0.134625,125.686241,15.255454,0.052756,0.990578,-0.073816,0.102583,1.423338,139.359009,14.624110,-0.144267,0.795931,0.272244,0.521119,-2.102039,119.956573,12.738720,0.364373,-0.423146,-0.196970,-0.805843,-9.007640,120.856094,-2.363154,-0.029616,0.414857,-0.603910,-0.679934,4.972842,121.081245,-22.815298,0.004476,0.429485,-0.374169,-0.821900,3.443221,137.627594,-10.354912,-0.223868,0.904349,0.182420,0.314260,2.871686,120.561531,17.678007,0.206263,0.917142,0.268056,-0.210837,14.550198,125.388512,28.488911,-0.046780,0.230904,0.340511,-0.910246,35.014412,118.815422,16.167978,-0.009263,0.097840,0.465134,-0.879768,22.479389,130.971359,8.806650,0.052070,0.901604,0.067885,0.424017,-0.193376,84.903267,6.503051,0.045590,0.980708,-0.027282,0.188119,-1.465979,50.381817,0.667472,-0.009854,0.974741,0.106190,0.196230,-6.046143,4.695451,2.337956,-0.057600,0.896495,-0.129892,0.419651,11.563712,85.864273,19.603729,0.016278,0.863685,-0.119277,0.489445,11.362533,52.244610,29.456734,-0.014195,0.846287,0.009120,0.532460,4.706047,7.630554,38.191086,-0.009854,0.974741,0.106190,0.196230,-0.667038,1.884601,-10.731266,-0.014195,0.846287,0.009120,0.532460,16.811707,2.308362,32.466805
769,6.408333,-0.050713,0.909836,0.048786,0.408959,5.762660,85.299545,13.326819,-0.036231,0.919316,0.040123,0.389789,4.807246,92.455841,13.668670,-0.073606,0.918661,0.065623,0.382542,3.264969,108.118347,14.386005,0.032629,0.965831,0.026018,0.255792,-0.044360,125.616600,15.532682,0.052037,0.990347,-0.074045,0.104984,1.508951,139.290634,14.917564,-0.145359,0.793371,0.269821,0.525957,-1.978570,119.889915,12.983640,0.365235,-0.423535,-0.194655,-0.805810,-8.705163,120.774338,-2.199703,-0.026849,0.412317,-0.604290,-0.681254,5.303903,120.881615,-22.633245,0.007360,0.427718,-0.374182,-0.822795,3.842541,137.521454,-10.291671,-0.223032,0.901857,0.180429,0.323041,2.921677,120.488152,17.996635,0.209217,0.917048,0.270735,-0.204827,14.426475,125.239647,29.025063,-0.046275,0.231502,0.342783,-0.909266,34.953671,118.480667,16.911207,-0.010739,0.096472,0.466856,-0.878990,22.487289,130.699524,9.534901,0.053534,0.900513,0.067936,0.426140,-0.058090,84.837860,6.723724,0.046631,0.980410,-0.025800,0.189622,-1.407422,50.327728,0.838634,-0.009606,0.974483,0.107853,0.196620,-6.058057,4.642963,2.350422,-0.056226,0.895681,-0.128922,0.421870,11.583409,85.761230,19.929914,0.017391,0.863059,-0.116987,0.491061,11.301167,52.113022,29.682995,-0.016303,0.845561,0.014014,0.533447,4.642962,7.452676,38.176174,-0.009606,0.974483,0.107853,0.196620,-0.668565,1.877066,-10.724112,-0.016303,0.845561,0.014014,0.533447,16.808167,2.271880,32.448395
770,6.416667,-0.049927,0.907988,0.049126,0.413099,5.844478,85.233002,13.600147,-0.035856,0.916716,0.041063,0.395803,4.895795,92.389961,13.946814,-0.072999,0.915867,0.065917,0.389249,3.347594,108.054817,14.685997,0.031707,0.964589,0.026051,0.260546,0.045653,125.554863,15.826540,0.051417,0.990067,-0.074401,0.107651,1.584897,139.230759,15.217752,-0.146354,0.791165,0.266798,0.530525,-1.859492,119.836853,13.236481,0.366629,-0.424123,-0.192505,-0.805385,-8.415885,120.693398,-2.022715,-0.023627,0.409682,-0.604296,-0.682956,5.609743,120.670868,-22.445150,0.010216,0.425894,-0.373527,-0.824007,4.238134,137.410461,-10.230702,-0.222265,0.899304,0.178522,0.331634,2.969168,120.416580,18.320612,0.211707,0.917409,0.271277,-0.199872,14.298212,125.095657,29.559921,-0.046038,0.232584,0.345606,-0.907932,34.872826,118.158638,17.628538,-0.011123,0.093519,0.471729,-0.876700,22.492399,130.463852,10.224508,0.054846,0.899550,0.067989,0.427995,0.082338,84.791595,6.944472,0.047726,0.979782,-0.024499,0.192740,-1.335673,50.291931,1.014354,-0.009060,0.974431,0.108810,0.196373,-6.066559,4.610646,2.374798,-0.054732,0.895082,-0.128104,0.423583,11.606617,85.674408,20.255821,0.018473,0.863294,-0.114636,0.491163,11.237144,51.999844,29.914553,-0.019012,0.845225,0.017738,0.533777,4.597711,7.293048,38.174824,-0.009060,0.974431,0.108810,0.196373,-0.686622,1.868636,-10.708695,-0.019012,0.845225,0.017738,0.533777,16.811705,2.236195,32.440132
771,6.425000,-0.049197,0.906261,0.049107,0.416964,5.919769,85.166206,13.885209,-0.035427,0.914226,0.042372,0.401422,4.979252,92.324242,14.232011,-0.072183,0.913215,0.065850,0.395591,3.423641,107.974037,15.004171,0.031343,0.963380,0.025807,0.265047,0.141237,125.478638,16.131279,0.050354,0.989830,-0.074777,0.110039,1.682546,139.154404,15.524763,-0.146977,0.788779,0.264334,0.535120,-1.739889,119.769058,13.505289,0.367921,-0.425049,-0.189983,-0.804906,-8.127365,120.617798,-1.825826,-0.020537,0.406138,-0.604822,-0.684704,5.907116,120.446083,-22.241489,0.013224,0.423468,-0.373650,-0.825158,4.629253,137.298630,-10.176263,-0.221685,0.896971,0.176909,0.339121,3.020401,120.330070,18.655569,0.214663,0.916158,0.277053,-0.194462,14.191002,124.948326,30.077160,-0.046241,0.232011,0.346035,-0.907906,34.808880,117.873177,18.302576,-0.018097,0.096253,0.475051,-0.874491,22.422787,130.200378,10.917891,0.056218,0.898766,0.068324,0.429407,0.212906,84.741180,7.181014,0.048744,0.979687,-0.022914,0.193167,-1.271755,50.255394,1.186814,-0.008706,0.974260,0.109994,0.196581,-6.066626,4.576221,2.384462,-0.053333,0.894725,-0.126597,0.424965,11.626633,85.591240,20.589403,0.019671,0.863773,-0.112876,0.490681,11.200555,51.879181,30.114101,-0.021522,0.844942,0.021524,0.533990,4.549727,7.139766,38.186508,-0.008706,0.974260,0.109994,0.196581,-0.682521,1.865312,-10.703803,-0.021522,0.844942,0.021524,0.533990,16.808605,2.205779,32.440559
772,6.433333,-0.048699,0.904444,0.049580,0.420893,5.995618,85.095818,14.164951,-0.034977,0.911802,0.043477,0.406822,5.057242,92.253876,14.516886,-0.071289,0.910680,0.065554,0.401601,3.496049,107.900063,15.317183,0.031143,0.962121,0.026043,0.269585,0.239355,125.410614,16.426056,0.049090,0.989546,-0.075307,0.112777,1.783624,139.086777,15.835878,-0.147896,0.786610,0.262098,0.539144,-1.620749,119.708954,13.768108,0.369477,-0.425812,-0.187335,-0.804411,-7.855427,120.539543,-1.626767,-0.017373,0.402308,-0.605669,-0.686303,6.196399,120.210876,-22.028570,0.015762,0.420459,-0.373285,-0.826815,5.004725,137.181595,-10.125996,-0.220473,0.894658,0.174971,0.346936,3.073927,120.252037,18.980167,0.216685,0.916965,0.275311,-0.190857,14.084032,124.793541,30.586874,-0.048936,0.232698,0.347621,-0.906982,34.727539,117.551971,18.959305,-0.020906,0.096206,0.478099,-0.872771,22.388908,129.953079,11.593592,0.057450,0.898179,0.068577,0.430431,0.345933,84.687218,7.411489,0.049812,0.979791,-0.021343,0.192545,-1.201359,50.213669,1.362975,-0.008234,0.974114,0.111371,0.196547,-6.063784,4.537782,2.403212,-0.051955,0.894869,-0.125557,0.425141,11.645305,85.504410,20.918413,0.021163,0.865144,-0.110736,0.488688,11.162781,51.763821,30.338802,-0.024000,0.844554,0.025163,0.534340,4.507552,6.986052,38.191910,-0.008234,0.974114,0.111371,0.196547,-0.682464,1.862863,-10.693600,-0.024000,0.844554,0.025163,0.534340,16.811291,2.171576,32.440464
773,6.441667,-0.048144,0.902789,0.049822,0.424467,6.079875,85.026283,14.445421,-0.034953,0.909380,0.045542,0.411985,5.145869,92.184769,14.800212,-0.070817,0.908121,0.065094,0.407509,3.553606,107.830933,15.651272,0.030745,0.960931,0.025639,0.273878,0.311579,125.346031,16.731089,0.048873,0.989257,-0.075536,0.115227,1.857679,139.021866,16.138287,-0.148843,0.784162,0.259323,0.543771,-1.523610,119.649315,14.045355,0.371898,-0.426506,-0.184995,-0.803468,-7.582270,120.457397,-1.420824,-0.013962,0.398355,-0.606493,-0.687957,6.483389,119.962921,-21.809729,0.018248,0.417259,-0.373758,-0.828171,5.381834,137.055679,-10.079353,-0.219127,0.892560,0.173604,0.353810,3.104742,120.180977,19.317558,0.219154,0.916410,0.277999,-0.186762,13.974293,124.643234,31.086338,-0.048332,0.232244,0.348936,-0.906626,34.641068,117.264511,19.587044,-0.024040,0.095292,0.483820,-0.869632,22.320910,129.708389,12.229630,0.058825,0.897536,0.068981,0.431520,0.482506,84.632881,7.647641,0.050849,0.979533,-0.019936,0.193731,-1.131225,50.174427,1.530820,-0.007397,0.973983,0.112566,0.196551,-6.063097,4.502791,2.420065,-0.050069,0.894608,-0.124032,0.426363,11.677243,85.419685,21.243200,0.021866,0.865711,-0.109108,0.488018,11.110340,51.638939,30.513807,-0.026623,0.844502,0.028568,0.534127,4.478003,6.831038,38.212936,-0.007397,0.973983,0.112566,0.196551,-0.686781,1.856850,-10.684683,-0.026623,0.844502,0.028568,0.534127,16.818243,2.133084,32.443371
774,6.450000,-0.047106,0.900999,0.050575,0.428281,6.145533,84.945175,14.708367,-0.033844,0.907102,0.046975,0.416909,5.218884,92.103996,15.075447,-0.070484,0.905697,0.064608,0.413003,3.635461,107.743134,15.973007,0.030454,0.959729,0.025543,0.278102,0.404736,125.262161,17.022514,0.048129,0.988965,-0.075709,0.117895,1.953058,138.938019,16.435886,-0.148713,0.782664,0.256627,0.547233,-1.405954,119.569252,14.312191,0.374704,-0.426791,-0.182505,-0.802582,-7.340300,120.368912,-1.202552,-0.010153,0.394080,-0.607699,-0.689420,6.758666,119.702721,-21.563553,0.021272,0.413213,-0.374320,-0.829872,5.737116,136.928665,-10.028753,-0.218063,0.890267,0.171670,0.361114,3.159633,120.092049,19.639721,0.221179,0.917578,0.273812,-0.184817,13.870991,124.487129,31.577614,-0.051551,0.232579,0.350531,-0.905747,34.529419,116.938545,20.173969,-0.026059,0.095050,0.487886,-0.867326,22.246656,129.465820,12.852037,0.060000,0.896232,0.068973,0.434064,0.603745,84.578804,7.863698,0.051851,0.979735,-0.018137,0.192617,-1.066375,50.130058,1.707523,-0.007108,0.973866,0.113858,0.196394,-6.055489,4.461589,2.422647,-0.049303,0.895327,-0.122486,0.425390,11.687321,85.311539,21.553036,0.023297,0.867304,-0.107357,0.485506,11.129416,51.498764,30.706692,-0.028634,0.844533,0.032871,0.533726,4.483088,6.661984,38.223438,-0.007108,0.973866,0.113858,0.196394,-0.683726,1.850338,-10.690926,-0.028634,0.844533,0.032871,0.533726,16.855701,2.092560,32.420078
775,6.458333,-0.046426,0.899515,0.050451,0.431477,6.211569,84.879242,14.994664,-0.034227,0.904966,0.048195,0.421359,5.293206,92.039169,15.361116,-0.069019,0.903533,0.064799,0.417930,3.677872,107.678696,16.280764,0.030493,0.958607,0.024946,0.281994,0.485615,125.204132,17.340900,0.047255,0.988637,-0.076305,0.120591,2.047914,138.878174,16.748978,-0.150142,0.780562,0.253801,0.551150,-1.312532,119.523224,14.597251,0.377765,-0.427261,-0.180266,-0.801403,-7.089583,120.277824,-0.978996,-0.006407,0.389931,-0.608892,-0.690770,7.029737,119.438538,-21.319479,0.024177,0.409260,-0.374358,-0.831732,6.083222,136.790588,-9.978732,-0.217490,0.887936,0.170457,0.367713,3.198325,120.019653,19.973698,0.223866,0.917550,0.273940,-0.181502,13.758014,124.358055,32.066433,-0.049894,0.232367,0.352362,-0.905183,34.417336,116.643761,20.775867,-0.026034,0.092470,0.492492,-0.864999,22.177979,129.213379,13.446588,0.061268,0.895248,0.069723,0.435794,0.717117,84.526802,8.111213,0.052823,0.979917,-0.016563,0.191569,-0.997097,50.096119,1.866725,-0.006509,0.973832,0.114684,0.196106,-6.045200,4.431987,2.428321,-0.048033,0.895608,-0.121183,0.425317,11.706023,85.231689,21.878117,0.024268,0.868078,-0.105772,0.484422,11.108896,51.387989,30.914268,-0.030286,0.844719,0.036341,0.533115,4.464695,6.524408,38.271271,-0.006509,0.973832,0.114684,0.196106,-0.684585,1.840801,-10.693790,-0.030286,0.844719,0.036341,0.533115,16.859093,2.059354,32.433258
776,6.466667,-0.045777,0.897958,0.051014,0.434711,6.273681,84.818390,15.260027,-0.033190,0.902938,0.049535,0.425615,5.358887,91.978355,15.634548,-0.068614,0.901341,0.064921,0.422684,3.750331,107.620705,16.598827,0.030186,0.957539,0.024271,0.285689,0.563671,125.147568,17.652208,0.047004,0.988320,-0.076582,0.123081,2.131089,138.820572,17.049850,-0.150838,0.778881,0.250879,0.554664,-1.211285,119.472481,14.881552,0.381518,-0.427872,-0.178011,-0.799801,-6.852098,120.193169,-0.746144,-0.002230,0.385583,-0.609999,-0.692259,7.281340,119.159172,-21.067848,0.027390,0.405286,-0.374851,-0.833355,6.418958,136.644928,-9.935713,-0.216403,0.885686,0.169149,0.374323,3.244120,119.956573,20.305153,0.225940,0.917383,0.274586,-0.178780,13.656339,124.225510,32.549538,-0.047805,0.231613,0.353608,-0.905003,34.318035,116.387581,21.348835,-0.025625,0.090104,0.497802,-0.862217,22.093704,128.983078,14.018265,0.062278,0.894078,0.070030,0.437997,0.827551,84.484673,8.337354,0.053982,0.980043,-0.014725,0.190746,-0.924754,50.065739,2.038888,-0.007025,0.973650,0.115653,0.196419,-6.044329,4.407686,2.418826,-0.047153,0.896043,-0.120260,0.424761,11.719810,85.152100,22.182699,0.025288,0.868455,-0.104102,0.484054,11.101096,51.286922,31.136549,-0.031440,0.844925,0.039855,0.532470,4.452534,6.395784,38.319458,-0.007025,0.973650,0.115653,0.196419,-0.669993,1.846280,-10.703516,-0.031440,0.844925,0.039855,0.532470,16.863810,2.029047,32.443066
777,6.475000,-0.044337,0.896651,0.051418,0.437501,6.298040,84.775467,15.513185,-0.032197,0.900879,0.051559,0.429792,5.398160,91.936707,15.899251,-0.067825,0.899136,0.064232,0.427584,3.787034,107.564613,16.926197,0.030454,0.956412,0.024134,0.289425,0.630247,125.098503,17.952398,0.046712,0.988004,-0.077259,0.125290,2.213834,138.769989,17.358471,-0.151323,0.777328,0.247773,0.558096,-1.128243,119.428612,15.160677,0.387267,-0.427599,-0.176451,-0.797526,-6.637177,120.115570,-0.515512,0.003668,0.382479,-0.610379,-0.693639,7.535237,118.883224,-20.798977,0.031897,0.402279,-0.375237,-0.834476,6.752731,136.504822,-9.885871,-0.215056,0.883672,0.167988,0.380335,3.270050,119.900261,20.631784,0.228894,0.917346,0.273821,-0.176370,13.550711,124.095955,33.011902,-0.047678,0.231245,0.356317,-0.904041,34.188240,116.084671,21.889540,-0.024845,0.088431,0.500842,-0.860651,22.028000,128.761322,14.581767,0.062845,0.892617,0.070313,0.440841,0.892523,84.471199,8.557401,0.054857,0.980072,-0.013203,0.190459,-0.866199,50.060020,2.218477,-0.005902,0.973746,0.115849,0.195863,-6.037712,4.406816,2.447481,-0.047072,0.896303,-0.119506,0.424433,11.703557,85.079727,22.468969,0.026427,0.869030,-0.102343,0.483336,11.105752,51.201355,31.374186,-0.032726,0.845286,0.043018,0.531573,4.449862,6.282264,38.373241,-0.005902,0.973746,0.115849,0.195863,-0.686615,1.845186,-10.684314,-0.032726,0.845286,0.043018,0.531573,16.873520,2.007889,32.455250
778,6.483333,-0.044079,0.895425,0.052109,0.439950,6.354691,84.730911,15.766166,-0.032607,0.899125,0.053341,0.433204,5.452723,91.891441,16.160337,-0.065982,0.897439,0.064193,0.431426,3.801682,107.514954,17.226009,0.031055,0.955464,0.023155,0.292556,0.699836,125.057816,18.266150,0.045986,0.987727,-0.077492,0.127575,2.313589,138.725235,17.659698,-0.152699,0.775281,0.244899,0.561825,-1.056303,119.400574,15.447428,0.391177,-0.427971,-0.173708,-0.796020,-6.412424,120.039352,-0.283656,0.008805,0.378687,-0.611410,-0.694764,7.791822,118.595589,-20.530861,0.037064,0.399706,-0.375926,-0.835189,7.076806,136.354904,-9.839974,-0.213897,0.881787,0.165648,0.386341,3.299018,119.844093,20.955143,0.231163,0.918302,0.269602,-0.174928,13.443039,123.988846,33.464455,-0.049060,0.231676,0.358253,-0.903092,34.053959,115.807358,22.416929,-0.024983,0.086826,0.504840,-0.858472,21.948792,128.556046,15.121934,0.063542,0.891721,0.070984,0.442444,0.986654,84.439262,8.780880,0.056115,0.980446,-0.011605,0.188262,-0.782924,50.040890,2.375796,-0.005681,0.973657,0.116497,0.195931,-6.039341,4.396868,2.450605,-0.046638,0.896669,-0.119512,0.423706,11.722728,85.022560,22.751453,0.027909,0.870449,-0.100173,0.481150,11.104773,51.141434,31.644785,-0.033837,0.845524,0.045575,0.530911,4.443414,6.189361,38.423382,-0.005681,0.973657,0.116497,0.195931,-0.687311,1.852188,-10.684103,-0.033837,0.845524,0.045575,0.530911,16.878151,1.990890,32.474407
779,6.491667,-0.043995,0.894214,0.052433,0.442377,6.404829,84.701942,16.016150,-0.030942,0.897276,0.055019,0.436935,5.500828,91.862099,16.412586,-0.065767,0.895328,0.063996,0.435852,3.871327,107.464478,17.540276,0.031496,0.954354,0.022854,0.296131,0.774228,125.009247,18.562199,0.045312,0.987421,-0.077936,0.129893,2.409605,138.674347,17.961163,-0.152569,0.774130,0.242465,0.564497,-0.959064,119.355415,15.722559,0.395542,-0.428176,-0.170434,-0.794458,-6.216408,119.979454,-0.042404,0.014837,0.375052,-0.612169,-0.695963,8.034977,118.296799,-20.237993,0.042644,0.397598,-0.375914,-0.835934,7.395255,136.195740,-9.789720,-0.213165,0.879584,0.164543,0.392198,3.342646,119.791496,21.272839,0.234347,0.915566,0.278828,-0.170516,13.345421,123.881294,33.913296,-0.043301,0.229579,0.359748,-0.903327,33.958412,115.605736,22.939938,-0.025953,0.085845,0.508671,-0.856278,21.858576,128.353470,15.639702,0.064555,0.890391,0.071647,0.444864,1.074405,84.417320,9.001826,0.057035,0.980664,-0.010205,0.186928,-0.719793,50.034679,2.519629,-0.006727,0.973637,0.116717,0.195865,-6.034812,4.397419,2.459575,-0.046155,0.896662,-0.119232,0.423852,11.735253,84.986565,23.030472,0.028957,0.871528,-0.098169,0.479545,11.094066,51.097618,31.892317,-0.034627,0.846068,0.047709,0.529805,4.449141,6.114483,38.478245,-0.006727,0.973637,0.116717,0.195865,-0.675764,1.864497,-10.674550,-0.034627,0.846068,0.047709,0.529805,16.884119,1.977411,32.486897
780,6.500000,-0.044489,0.893079,0.052426,0.444615,6.460925,84.672890,16.268543,-0.031542,0.895697,0.057218,0.439838,5.549609,91.832420,16.659420,-0.063977,0.893856,0.063913,0.439139,3.868388,107.434227,17.835850,0.032415,0.953458,0.022277,0.298949,0.825640,124.987663,18.872103,0.045126,0.987095,-0.078538,0.132054,2.495697,138.648560,18.271229,-0.153363,0.772256,0.239720,0.568010,-0.907623,119.345703,16.008934,0.400478,-0.428432,-0.167057,-0.792562,-6.024563,119.935349,0.196522,0.021216,0.371649,-0.612888,-0.696990,8.272423,117.994270,-19.943567,0.048771,0.395532,-0.375935,-0.836570,7.701555,136.035690,-9.740608,-0.211991,0.877741,0.164135,0.397102,3.356877,119.755463,21.589848,0.236926,0.914871,0.280380,-0.168122,13.247519,123.776459,34.340134,-0.041896,0.229039,0.360978,-0.903040,33.840450,115.371872,23.427349,-0.028044,0.085094,0.512713,-0.853872,21.760756,128.149277,16.128363,0.065351,0.889588,0.072615,0.446194,1.166265,84.383354,9.227386,0.058099,0.980956,-0.008761,0.185129,-0.636929,50.017746,2.657969,-0.006704,0.973630,0.117140,0.195647,-6.023060,4.389224,2.459316,-0.045758,0.897128,-0.119189,0.422920,11.755584,84.962418,23.309698,0.030756,0.874145,-0.095992,0.475089,11.099980,51.070190,32.157959,-0.035068,0.846407,0.049431,0.529076,4.438774,6.058091,38.525990,-0.006704,0.973630,0.117140,0.195647,-0.669251,1.868152,-10.679219,-0.035068,0.846407,0.049431,0.529076,16.874483,1.967758,32.504158
781,6.508333,-0.044753,0.892064,0.053017,0.446551,6.515470,84.653206,16.498310,-0.031638,0.894038,0.059737,0.442861,5.596117,91.811493,16.893097,-0.063044,0.892152,0.063616,0.442767,3.872947,107.406929,18.133316,0.033662,0.952468,0.022534,0.301935,0.860222,124.965958,19.162685,0.045176,0.986757,-0.079623,0.133902,2.567027,138.623398,18.587198,-0.154040,0.770617,0.236628,0.571339,-0.862611,119.330536,16.280392,0.405345,-0.428327,-0.163766,-0.790830,-5.846476,119.878960,0.424051,0.027520,0.368438,-0.613665,-0.697791,8.508935,117.693390,-19.649328,0.055047,0.393342,-0.376379,-0.837013,7.997199,135.869202,-9.689093,-0.210046,0.876198,0.163346,0.401842,3.358542,119.725632,21.895216,0.238895,0.914849,0.279781,-0.166444,13.150528,123.663757,34.747116,-0.041989,0.228665,0.362103,-0.902680,33.724865,115.141937,23.890299,-0.029519,0.084237,0.516469,-0.851641,21.664227,127.958954,16.607130,0.066077,0.888863,0.073501,0.447385,1.251652,84.366768,9.433939,0.059067,0.981027,-0.007634,0.184498,-0.559658,50.016911,2.784833,-0.006306,0.973750,0.116891,0.195214,-6.013895,4.397118,2.471638,-0.045225,0.897501,-0.119277,0.422160,11.779288,84.939644,23.562679,0.032172,0.876509,-0.093921,0.471037,11.095119,51.045483,32.401356,-0.035335,0.846865,0.050896,0.528186,4.438587,6.005421,38.573544,-0.006306,0.973750,0.116891,0.195214,-0.674910,1.867154,-10.671224,-0.035335,0.846865,0.050896,0.528186,16.870180,1.953280,32.517475
782,6.516667,-0.044785,0.891279,0.052654,0.448156,6.551777,84.648529,16.741123,-0.031713,0.892457,0.062005,0.445724,5.633651,91.807327,17.129389,-0.061757,0.890515,0.063384,0.446263,3.874729,107.376480,18.424984,0.034744,0.951524,0.022130,0.304804,0.902349,124.942276,19.455887,0.045302,0.986451,-0.080048,0.135844,2.646687,138.595276,18.887049,-0.154102,0.769378,0.233697,0.574191,-0.814063,119.315567,16.552864,0.410543,-0.428264,-0.160422,-0.788866,-5.688611,119.835213,0.661612,0.033934,0.365031,-0.614343,-0.698701,8.723186,117.393913,-19.341768,0.060959,0.391106,-0.377317,-0.837228,8.280614,135.702209,-9.632338,-0.208645,0.874469,0.163053,0.406431,3.365609,119.691406,22.199947,0.240879,0.914749,0.279222,-0.165066,13.053743,123.555717,35.152561,-0.041634,0.228197,0.363131,-0.902402,33.603539,114.921501,24.338175,-0.030731,0.083512,0.520350,-0.849304,21.560074,127.769455,17.068398,0.066529,0.888048,0.074584,0.448757,1.313321,84.360847,9.657978,0.060063,0.981368,-0.006137,0.182404,-0.481216,50.026424,2.925138,-0.005543,0.973875,0.116410,0.194900,-6.000485,4.415626,2.471848,-0.044947,0.898500,-0.119050,0.420124,11.790235,84.936203,23.824268,0.034141,0.879572,-0.091213,0.465691,11.115444,51.036499,32.642387,-0.036398,0.846804,0.051707,0.528133,4.452743,5.962372,38.553669,-0.005543,0.973875,0.116410,0.194900,-0.676517,1.868266,-10.673741,-0.036398,0.846804,0.051707,0.528133,16.895256,1.944943,32.496910
783,6.525000,-0.044383,0.890519,0.053033,0.449659,6.586914,84.629486,16.964743,-0.031693,0.891124,0.063579,0.448166,5.670839,91.788231,17.358948,-0.060718,0.889139,0.063442,0.449132,3.885306,107.364716,18.695051,0.036048,0.950655,0.022443,0.307330,0.941504,124.934792,19.735027,0.045491,0.986137,-0.080711,0.137658,2.722404,138.584137,19.192646,-0.155089,0.768056,0.230822,0.576852,-0.768056,119.316032,16.812616,0.415456,-0.428063,-0.157320,-0.787026,-5.530578,119.782791,0.885792,0.039818,0.361951,-0.615007,-0.699408,8.938590,117.105804,-19.045891,0.066535,0.388692,-0.378491,-0.837399,8.555034,135.534256,-9.566565,-0.207131,0.872635,0.162790,0.411223,3.377266,119.674751,22.486071,0.242748,0.914540,0.279230,-0.163467,12.956002,123.460007,35.542984,-0.040769,0.227928,0.364202,-0.902077,33.487041,114.721512,24.776825,-0.031643,0.082253,0.523466,-0.847477,21.464960,127.597771,17.506567,0.066766,0.887721,0.075755,0.449171,1.371620,84.353111,9.864075,0.060978,0.981900,-0.004672,0.179257,-0.397134,50.033234,3.050706,-0.006395,0.974037,0.115941,0.194342,-5.976067,4.431173,2.467812,-0.044472,0.898990,-0.118825,0.419190,11.802208,84.905861,24.065411,0.035733,0.881745,-0.089321,0.461813,11.113394,50.999432,32.856541,-0.037309,0.846784,0.053279,0.527945,4.427633,5.904138,38.577320,-0.006395,0.974037,0.115941,0.194342,-0.660465,1.875402,-10.679535,-0.037309,0.846784,0.053279,0.527945,16.881088,1.937074,32.509853
784,6.533333,-0.044759,0.889743,0.053508,0.451100,6.640401,84.605103,17.192057,-0.031993,0.889694,0.065399,0.450715,5.715793,91.762634,17.588392,-0.059813,0.887641,0.063389,0.452215,3.891448,107.339050,18.966505,0.037433,0.949752,0.022245,0.309959,0.973440,124.913261,20.009331,0.045764,0.985867,-0.080698,0.139500,2.797374,138.557480,19.481268,-0.155522,0.766845,0.228151,0.579404,-0.726897,119.301437,17.068254,0.420169,-0.427942,-0.154466,-0.785152,-5.386812,119.731522,1.110077,0.045336,0.358882,-0.615486,-0.700232,9.131577,116.831436,-18.754492,0.071641,0.386057,-0.379801,-0.837603,8.815380,135.367813,-9.495481,-0.205966,0.870885,0.162661,0.415547,3.380858,119.645164,22.769894,0.244004,0.914259,0.280094,-0.161677,12.856695,123.362984,35.920925,-0.039913,0.227804,0.364794,-0.901908,33.386292,114.553131,25.210297,-0.032809,0.081436,0.525810,-0.846059,21.376900,127.441452,17.933876,0.067631,0.886896,0.076826,0.450489,1.448574,84.328560,10.074219,0.061714,0.982277,-0.003396,0.176950,-0.329255,50.028275,3.165213,-0.005597,0.974132,0.116146,0.193765,-5.954950,4.433558,2.468296,-0.043493,0.899364,-0.118358,0.418622,11.832229,84.881645,24.309895,0.036888,0.882971,-0.087657,0.459694,11.101325,50.961422,33.044228,-0.038235,0.846745,0.054875,0.527777,4.405521,5.846775,38.598244,-0.005597,0.974132,0.116146,0.193765,-0.660498,1.879628,-10.687942,-0.038235,0.846745,0.054875,0.527777,16.870287,1.930929,32.520737
785,6.541667,-0.044960,0.889234,0.053354,0.452100,6.693585,84.592033,17.426495,-0.032861,0.888369,0.067394,0.452967,5.766949,91.749535,17.818495,-0.058731,0.886282,0.063392,0.455013,3.888115,107.302902,19.233868,0.038408,0.948895,0.022018,0.312472,1.000873,124.881683,20.285295,0.046378,0.985543,-0.080700,0.141570,2.857125,138.521927,19.767199,-0.155902,0.765396,0.225448,0.582269,-0.693429,119.277847,17.325583,0.424176,-0.428143,-0.151522,-0.783459,-5.238727,119.675133,1.333532,0.050237,0.355675,-0.616030,-0.701056,9.315742,116.558609,-18.471769,0.076397,0.383471,-0.381082,-0.837789,9.066830,135.197571,-9.420091,-0.204365,0.869484,0.161876,0.419557,3.380413,119.604408,23.052505,0.245228,0.913905,0.280844,-0.160524,12.766719,123.255608,36.286144,-0.038697,0.226898,0.365469,-0.901916,33.285049,114.384583,25.604481,-0.033003,0.079732,0.529104,-0.844158,21.275698,127.287659,18.341394,0.068028,0.886834,0.078445,0.450271,1.518004,84.312454,10.296953,0.062800,0.982671,-0.002153,0.174380,-0.234286,50.033558,3.276161,-0.005250,0.974213,0.115913,0.193506,-5.939614,4.450637,2.464233,-0.042555,0.900352,-0.117637,0.416793,11.869166,84.871613,24.556034,0.038343,0.884238,-0.086244,0.457400,11.118359,50.933815,33.220104,-0.039031,0.846661,0.056123,0.527724,4.377864,5.806655,38.616173,-0.005250,0.974213,0.115913,0.193506,-0.655051,1.888474,-10.694376,-0.039031,0.846661,0.056123,0.527724,16.853004,1.931979,32.533573
786,6.550000,-0.044876,0.888584,0.053540,0.453363,6.733999,84.565147,17.649811,-0.033189,0.887055,0.069024,0.455266,5.806674,91.722473,18.043444,-0.057719,0.884934,0.063278,0.457774,3.892098,107.266029,19.494251,0.039676,0.948026,0.022057,0.314940,1.035275,124.849533,20.549791,0.046836,0.985240,-0.080773,0.143470,2.929037,138.485352,20.051136,-0.156190,0.764292,0.222984,0.584585,-0.652904,119.252838,17.573114,0.428973,-0.428027,-0.149131,-0.781368,-5.105295,119.617989,1.554185,0.055597,0.353198,-0.616121,-0.701823,9.489754,116.293907,-18.187393,0.081218,0.380903,-0.381671,-0.838238,9.309001,135.020370,-9.337320,-0.203583,0.867637,0.161964,0.423707,3.387131,119.563950,23.324791,0.246208,0.913687,0.281426,-0.159242,12.667645,123.156441,36.648804,-0.038396,0.227188,0.366077,-0.901609,33.182423,114.230431,26.006191,-0.034465,0.079032,0.530603,-0.843224,21.195131,127.147820,18.732506,0.068488,0.886590,0.080000,0.450408,1.578441,84.290092,10.505603,0.064329,0.982869,-0.001112,0.172712,-0.151415,50.032871,3.374369,-0.005201,0.974055,0.115416,0.194600,-5.979117,4.467505,2.453890,-0.041737,0.901064,-0.116752,0.415585,11.889556,84.840210,24.794022,0.039531,0.884997,-0.084273,0.456197,11.124966,50.883041,33.380665,-0.040080,0.846120,0.058005,0.528308,4.377383,5.733493,38.576866,-0.005201,0.974055,0.115416,0.194600,-0.667177,1.890630,-10.690811,-0.040080,0.846120,0.058005,0.528308,16.876204,1.918811,32.504971
787,6.558333,-0.044226,0.888113,0.054752,0.454205,6.767415,84.515007,17.845289,-0.033380,0.885849,0.070699,0.457339,5.840127,91.671272,18.257828,-0.056727,0.883659,0.063238,0.460358,3.891647,107.216965,19.748732,0.041215,0.947158,0.021844,0.317358,1.063551,124.804703,20.811100,0.047082,0.984951,-0.080652,0.145432,3.003805,138.434525,20.327759,-0.156085,0.762817,0.221192,0.587215,-0.618886,119.215187,17.817705,0.431727,-0.428467,-0.145555,-0.780283,-4.969882,119.575142,1.770826,0.059906,0.350126,-0.616502,-0.702672,9.658699,116.036964,-17.908625,0.085791,0.378585,-0.382355,-0.838522,9.547990,134.851776,-9.246378,-0.202977,0.866019,0.162769,0.426987,3.389370,119.510902,23.592382,0.247054,0.913339,0.282343,-0.158297,12.585295,123.045860,36.990227,-0.039183,0.227273,0.366728,-0.901289,33.094257,114.079796,26.370096,-0.036949,0.078360,0.531860,-0.842389,21.125416,127.023384,19.107510,0.068660,0.886281,0.081310,0.450755,1.624310,84.260979,10.691334,0.065260,0.983156,0.000019,0.170720,-0.071468,50.020218,3.473412,-0.004849,0.974065,0.115596,0.194454,-5.967023,4.465821,2.447880,-0.041456,0.901877,-0.116831,0.413823,11.910519,84.769028,24.999247,0.041188,0.885967,-0.082936,0.454409,11.142613,50.811523,33.584255,-0.040983,0.846004,0.060248,0.528173,4.326283,5.653721,38.616421,-0.004849,0.974065,0.115596,0.194454,-0.661488,1.892195,-10.700047,-0.040983,0.846004,0.060248,0.528173,16.838837,1.905368,32.531513
788,6.566667,-0.044471,0.887668,0.055285,0.454986,6.821378,84.481956,18.052301,-0.034038,0.884665,0.072758,0.459255,5.887111,91.637054,18.469217,-0.055692,0.882457,0.063125,0.462799,3.888226,107.166626,20.002733,0.043423,0.946247,0.021700,0.319783,1.091519,124.759033,21.071001,0.046834,0.984667,-0.080756,0.147363,3.094857,138.380524,20.610828,-0.155940,0.761580,0.218872,0.589724,-0.586763,119.176605,18.062084,0.434508,-0.428859,-0.142641,-0.779061,-4.841054,119.519615,1.988919,0.064137,0.347373,-0.616663,-0.703523,9.812478,115.792656,-17.637054,0.090006,0.376887,-0.382768,-0.838656,9.773074,134.687500,-9.151379,-0.202350,0.864502,0.162679,0.430379,3.391415,119.457054,23.858280,0.247885,0.913028,0.283057,-0.157518,12.499058,122.946701,37.328114,-0.040332,0.227820,0.367227,-0.900897,32.999836,113.941536,26.725275,-0.040365,0.078509,0.533017,-0.841487,21.056030,126.905891,19.465078,0.069114,0.886774,0.082821,0.449440,1.691170,84.229477,10.889037,0.066074,0.983231,0.000871,0.169970,0.004935,50.010460,3.566471,-0.004602,0.974139,0.115658,0.194050,-5.951243,4.465947,2.455766,-0.040434,0.902718,-0.116674,0.412131,11.951585,84.734436,25.215567,0.042358,0.886689,-0.081561,0.453140,11.139868,50.768501,33.763115,-0.041702,0.845915,0.061740,0.528088,4.292439,5.598894,38.644848,-0.004602,0.974139,0.115658,0.194050,-0.658122,1.892974,-10.697292,-0.041702,0.845915,0.061740,0.528088,16.814939,1.896485,32.552280
789,6.575000,-0.044767,0.887350,0.056069,0.455479,6.868811,84.446869,18.262005,-0.034561,0.883575,0.074314,0.461062,5.925401,91.600334,18.686462,-0.055041,0.881265,0.063062,0.465151,3.888796,107.103455,20.249403,0.043692,0.945439,0.021703,0.322127,1.110676,124.698708,21.319113,0.048366,0.984254,-0.080447,0.149774,3.125507,138.318848,20.868979,-0.155523,0.760125,0.217390,0.592254,-0.559638,119.121315,18.296486,0.437243,-0.429318,-0.139725,-0.777805,-4.718794,119.471672,2.198599,0.068226,0.344921,-0.616467,-0.704517,9.956008,115.555397,-17.374552,0.093808,0.374691,-0.382104,-0.839526,9.996992,134.518097,-9.051672,-0.202026,0.863085,0.162656,0.433373,3.388844,119.391083,24.113461,0.248346,0.912671,0.284193,-0.156813,12.414818,122.845993,37.647072,-0.041684,0.228434,0.367268,-0.900664,32.915234,113.823341,27.058416,-0.045115,0.078472,0.535185,-0.839871,20.981234,126.800713,19.796957,0.069560,0.886805,0.084511,0.448994,1.746984,84.196793,11.092659,0.066885,0.983404,0.001778,0.168639,0.083451,50.001942,3.652977,-0.004301,0.974229,0.115557,0.193664,-5.933143,4.467565,2.455790,-0.039682,0.903532,-0.116558,0.410451,11.990638,84.696945,25.431351,0.043785,0.887633,-0.080189,0.451398,11.150720,50.724888,33.951782,-0.042053,0.845822,0.063481,0.528002,4.253170,5.546188,38.676281,-0.004301,0.974229,0.115557,0.193664,-0.652670,1.890364,-10.701527,-0.042053,0.845822,0.063481,0.528002,16.783779,1.890212,32.572350
790,6.583333,-0.045265,0.886842,0.056704,0.456340,6.916468,84.406212,18.467054,-0.035297,0.882470,0.075940,0.462854,5.962111,91.557983,18.895391,-0.054088,0.880162,0.063086,0.467344,3.877695,107.057587,20.488791,0.044963,0.944663,0.021504,0.324235,1.126330,124.656441,21.568356,0.049447,0.983924,-0.080308,0.151657,3.179782,138.271225,21.131178,-0.155493,0.758967,0.215281,0.594512,-0.539630,119.086029,18.530476,0.439781,-0.429701,-0.137146,-0.776621,-4.609954,119.417717,2.409506,0.072172,0.342543,-0.616101,-0.705603,10.083954,115.331650,-17.114538,0.097467,0.372688,-0.381759,-0.840157,10.211306,134.360001,-8.945552,-0.201061,0.861742,0.162610,0.436501,3.381540,119.341049,24.366558,0.248733,0.912160,0.285718,-0.156402,12.329963,122.743034,37.964920,-0.043355,0.229066,0.367714,-0.900242,32.827229,113.715195,27.374580,-0.049264,0.078841,0.536824,-0.838556,20.918144,126.716125,20.120070,0.070188,0.886808,0.085988,0.448610,1.809275,84.154701,11.287328,0.067570,0.983661,0.002755,0.166848,0.150857,49.983643,3.737991,-0.003999,0.974248,0.116017,0.193302,-5.914536,4.458136,2.453027,-0.038865,0.904236,-0.116271,0.409057,12.023661,84.657715,25.646782,0.045009,0.888612,-0.078850,0.449584,11.153502,50.676483,34.127518,-0.042804,0.845791,0.065206,0.527782,4.220677,5.488211,38.706650,-0.003999,0.974248,0.116017,0.193302,-0.645252,1.892460,-10.711024,-0.042804,0.845791,0.065206,0.527782,16.760248,1.884283,32.590187
791,6.591667,-0.045817,0.886358,0.057502,0.457125,6.962092,84.368515,18.668528,-0.035631,0.881420,0.077210,0.464616,5.995066,91.518250,19.102543,-0.053254,0.879058,0.063117,0.469507,3.880754,107.003960,20.721069,0.046885,0.943753,0.021722,0.326589,1.152288,124.605873,21.808941,0.049492,0.983575,-0.080472,0.153802,3.257822,138.213654,21.402344,-0.155243,0.757886,0.213646,0.596543,-0.508133,119.041786,18.756470,0.441222,-0.430217,-0.134053,-0.776058,-4.500588,119.367493,2.615923,0.075208,0.339945,-0.616192,-0.706462,10.212867,115.116707,-16.858158,0.100416,0.370709,-0.381117,-0.840977,10.408936,134.199829,-8.832754,-0.200473,0.860397,0.162572,0.439429,3.385784,119.283531,24.611332,0.248923,0.911645,0.287362,-0.156089,12.256766,122.644402,38.270515,-0.044752,0.229468,0.367968,-0.899967,32.754192,113.622604,27.675360,-0.053037,0.078987,0.538540,-0.837211,20.859137,126.641464,20.429377,0.070850,0.886707,0.087373,0.448439,1.868418,84.115997,11.479243,0.068310,0.983819,0.003685,0.165594,0.211842,49.968300,3.824534,-0.004295,0.974291,0.116156,0.192992,-5.907627,4.452589,2.451952,-0.038026,0.904917,-0.115691,0.407793,12.055767,84.621033,25.857813,0.046085,0.889446,-0.077731,0.448017,11.161161,50.625843,34.279861,-0.043481,0.845719,0.066999,0.527617,4.194383,5.430469,38.735725,-0.004295,0.974291,0.116156,0.192992,-0.643834,1.892501,-10.715378,-0.043481,0.845719,0.066999,0.527617,16.743263,1.879144,32.607605
792,6.600000,-0.046447,0.886030,0.058576,0.457561,7.008068,84.336403,18.860706,-0.035979,0.880395,0.078766,0.466268,6.025712,91.483490,19.303743,-0.052891,0.877919,0.062942,0.471698,3.877123,106.953392,20.955088,0.048760,0.942798,0.021614,0.329070,1.160206,124.557472,22.036854,0.049930,0.983206,-0.080016,0.156241,3.319587,138.157471,21.652668,-0.154895,0.756651,0.212129,0.598739,-0.490575,118.996223,18.973995,0.442994,-0.430562,-0.131730,-0.775255,-4.399316,119.322464,2.812979,0.078367,0.338246,-0.615656,-0.707401,10.330026,114.931747,-16.618004,0.103795,0.369044,-0.380950,-0.841374,10.601052,134.054871,-8.711038,-0.200135,0.859174,0.163328,0.441691,3.374862,119.231842,24.847948,0.249114,0.911307,0.288310,-0.156008,12.184053,122.551552,38.557098,-0.045986,0.229821,0.368318,-0.899672,32.678009,113.531456,27.953768,-0.056035,0.078616,0.540376,-0.835867,20.798429,126.570114,20.715891,0.071432,0.886338,0.088705,0.448813,1.922450,84.083397,11.665736,0.068977,0.984119,0.004731,0.163491,0.275777,49.957928,3.910416,-0.004069,0.974334,0.116294,0.192696,-5.890872,4.451439,2.446293,-0.037345,0.905753,-0.115375,0.406085,12.093686,84.589401,26.055676,0.047367,0.890588,-0.076540,0.445815,11.180915,50.585510,34.440567,-0.044019,0.845689,0.068025,0.527490,4.168932,5.384257,38.763924,-0.004069,0.974334,0.116294,0.192696,-0.636401,1.894206,-10.725318,-0.044019,0.845689,0.068025,0.527490,16.723705,1.865310,32.629196
793,6.608333,-0.047104,0.885422,0.059464,0.458556,7.062710,84.302513,19.038570,-0.036288,0.879381,0.080520,0.467856,6.065626,91.447197,19.487431,-0.052384,0.876908,0.062954,0.473629,3.881445,106.897118,21.177214,0.049358,0.942019,0.022150,0.331169,1.177766,124.503036,22.262014,0.051344,0.982770,-0.080150,0.158437,3.351632,138.101440,21.904341,-0.154312,0.755538,0.210907,0.600724,-0.465526,118.946014,19.187487,0.444970,-0.431167,-0.129469,-0.774167,-4.301064,119.282219,3.009143,0.081398,0.336573,-0.614999,-0.708428,10.431719,114.742218,-16.384884,0.106404,0.367271,-0.379943,-0.842278,10.783066,133.914490,-8.585342,-0.200013,0.857961,0.163416,0.444064,3.374973,119.172836,25.078121,0.249523,0.910771,0.289667,-0.155975,12.115886,122.466805,38.837093,-0.046601,0.229851,0.368965,-0.899367,32.600258,113.444923,28.216780,-0.058081,0.078228,0.542460,-0.834413,20.740599,126.505592,20.991035,0.072383,0.886025,0.089615,0.449099,1.994251,84.047958,11.831555,0.069357,0.984513,0.005566,0.160915,0.320544,49.943447,3.990290,-0.004417,0.974474,0.116475,0.191870,-5.871771,4.442575,2.461196,-0.036634,0.906676,-0.115331,0.404098,12.131169,84.557076,26.245584,0.048699,0.892159,-0.075215,0.442745,11.192920,50.548779,34.609798,-0.044804,0.845725,0.069140,0.527221,4.140361,5.340820,38.794754,-0.004417,0.974474,0.116475,0.191870,-0.635781,1.892629,-10.719182,-0.044804,0.845725,0.069140,0.527221,16.701046,1.860064,32.650349
794,6.616667,-0.047917,0.885225,0.059691,0.458823,7.100488,84.269951,19.236017,-0.036671,0.878543,0.081334,0.469257,6.091404,91.413132,19.682035,-0.051848,0.875956,0.062759,0.475473,3.881550,106.861748,21.385334,0.051583,0.941167,0.022413,0.333230,1.195581,124.470543,22.467535,0.051620,0.982487,-0.079741,0.160297,3.427917,138.060333,22.144009,-0.153925,0.755062,0.209255,0.601998,-0.442109,118.917061,19.383644,0.444841,-0.431478,-0.125814,-0.774670,-4.230659,119.241295,3.193989,0.083709,0.334215,-0.614902,-0.709358,10.535047,114.560104,-16.141354,0.108542,0.366004,-0.378812,-0.843066,10.956948,133.781952,-8.454720,-0.199299,0.856775,0.163449,0.446655,3.374557,119.136238,25.290035,0.249827,0.910036,0.291907,-0.155602,12.048175,122.387383,39.101681,-0.046006,0.229473,0.369664,-0.899208,32.530792,113.372787,28.471809,-0.058833,0.076728,0.544549,-0.833138,20.685057,126.448402,21.253815,0.072656,0.886057,0.091264,0.448658,2.037707,84.004990,12.025390,0.070236,0.984787,0.006571,0.158804,0.395921,49.924149,4.075213,-0.004375,0.974477,0.116706,0.191715,-5.864101,4.435679,2.455602,-0.035910,0.907475,-0.114775,0.402524,12.163269,84.534920,26.446646,0.049848,0.893377,-0.074145,0.440335,11.209498,50.513969,34.757481,-0.045422,0.845814,0.070570,0.526835,4.117155,5.301726,38.827358,-0.004375,0.974477,0.116706,0.191715,-0.632150,1.892091,-10.727607,-0.045422,0.845814,0.070570,0.526835,16.681969,1.864184,32.667088
795,6.625000,-0.048477,0.884819,0.060058,0.459498,7.147727,84.239677,19.410244,-0.037586,0.877659,0.083116,0.470525,6.128749,91.381439,19.856428,-0.051162,0.875140,0.062568,0.477073,3.864197,106.825104,21.592314,0.052563,0.940359,0.022572,0.335340,1.200839,124.437271,22.675447,0.052849,0.982038,-0.079149,0.162922,3.460645,138.022995,22.372471,-0.153788,0.754052,0.207754,0.603815,-0.434328,118.888054,19.582552,0.445851,-0.431890,-0.123520,-0.774229,-4.151403,119.203400,3.376161,0.086451,0.333377,-0.614034,-0.710175,10.625039,114.400742,-15.921152,0.112097,0.364782,-0.377453,-0.843740,11.114341,133.654465,-8.313906,-0.199109,0.855799,0.164208,0.448330,3.361887,119.098053,25.502443,0.250080,0.910003,0.291557,-0.156040,11.988169,122.316933,39.351242,-0.046904,0.229683,0.370301,-0.898845,32.457741,113.294960,28.702503,-0.060107,0.075217,0.545934,-0.832277,20.633051,126.396164,21.493896,0.073283,0.885644,0.092311,0.449158,2.096815,83.970016,12.191468,0.070964,0.984837,0.007353,0.158134,0.454368,49.909061,4.156677,-0.004112,0.974485,0.116904,0.191561,-5.860865,4.431027,2.460105,-0.035591,0.908304,-0.114578,0.400735,12.198639,84.509346,26.629019,0.051362,0.894734,-0.072994,0.437590,11.246551,50.483650,34.920578,-0.045797,0.845861,0.071381,0.526618,4.088537,5.269912,38.856701,-0.004112,0.974485,0.116904,0.191561,-0.634760,1.891710,-10.726250,-0.045797,0.845861,0.071381,0.526618,16.655851,1.857290,32.687672
796,6.633333,-0.048984,0.884481,0.060485,0.460038,7.187796,84.217522,19.582380,-0.038281,0.876731,0.084740,0.471907,6.159256,91.357826,20.029984,-0.050655,0.874198,0.062436,0.478867,3.849679,106.786606,21.795706,0.054452,0.939463,0.022704,0.337535,1.202111,124.401215,22.877987,0.053454,0.981638,-0.078969,0.165208,3.512933,137.978958,22.603643,-0.153213,0.753051,0.206620,0.605597,-0.427034,118.855576,19.775515,0.446965,-0.432374,-0.121168,-0.773688,-4.078287,119.179916,3.554347,0.089033,0.332265,-0.613147,-0.711143,10.705939,114.249245,-15.704671,0.114249,0.363883,-0.376069,-0.844457,11.271063,133.536209,-8.177984,-0.199182,0.854849,0.164674,0.449935,3.345776,119.057976,25.710613,0.250224,0.909618,0.292588,-0.156128,11.923115,122.256897,39.594387,-0.047425,0.229572,0.370744,-0.898664,32.387775,113.242462,28.929848,-0.061392,0.074856,0.547727,-0.831037,20.576550,126.357445,21.736549,0.073947,0.884999,0.093260,0.450124,2.146513,83.944283,12.357013,0.071484,0.984893,0.008223,0.157505,0.502413,49.902515,4.241618,-0.003402,0.974563,0.116803,0.191238,-5.848143,4.432547,2.462805,-0.035299,0.908576,-0.114184,0.400256,12.229078,84.490768,26.807749,0.052544,0.895485,-0.071937,0.436087,11.274002,50.457298,35.066978,-0.045935,0.845821,0.072394,0.526532,4.067568,5.240786,38.880928,-0.003402,0.974563,0.116803,0.191238,-0.636349,1.886917,-10.727995,-0.045935,0.845821,0.072394,0.526532,16.638268,1.854359,32.704369
797,6.641667,-0.050021,0.884281,0.061331,0.460199,7.256178,84.196136,19.743149,-0.039604,0.875982,0.086456,0.472876,6.208761,91.333473,20.194378,-0.049734,0.873522,0.062538,0.480182,3.834177,106.759285,21.985596,0.056698,0.938697,0.022731,0.339290,1.211847,124.376724,23.082977,0.053707,0.981331,-0.078564,0.167133,3.582871,137.944626,22.836487,-0.152917,0.752601,0.205191,0.606716,-0.417435,118.837677,19.968819,0.447679,-0.432553,-0.118937,-0.773521,-4.026596,119.150581,3.738011,0.091550,0.331121,-0.612201,-0.712171,10.776494,114.114128,-15.479099,0.116437,0.363050,-0.374953,-0.845013,11.421001,133.427109,-8.033298,-0.198888,0.854170,0.165087,0.451202,3.338926,119.026436,25.914787,0.250064,0.909123,0.294134,-0.156360,11.882183,122.199356,39.825520,-0.047939,0.229179,0.370548,-0.898817,32.347195,113.213585,29.137493,-0.063536,0.074457,0.548898,-0.830139,20.521057,126.330589,21.961714,0.074645,0.884821,0.094042,0.450195,2.219324,83.913940,12.515038,0.072198,0.984828,0.009045,0.157544,0.557994,49.889706,4.329961,-0.003118,0.974551,0.116997,0.191185,-5.844787,4.430458,2.466196,-0.034597,0.908792,-0.113955,0.399892,12.293032,84.478340,26.971260,0.053542,0.895823,-0.071007,0.435421,11.303057,50.437767,35.197060,-0.046437,0.845858,0.072985,0.526347,4.054481,5.218759,38.900005,-0.003118,0.974551,0.116997,0.191185,-0.636361,1.888845,-10.726707,-0.046437,0.845858,0.072985,0.526347,16.628160,1.853913,32.717724
798,6.650000,-0.050632,0.884080,0.062159,0.460408,7.312428,84.177246,19.895727,-0.040553,0.875250,0.088184,0.473831,6.251644,91.312202,20.353140,-0.049447,0.872801,0.062639,0.481508,3.823353,106.727280,22.174702,0.057881,0.938020,0.022887,0.340946,1.206583,124.345291,23.276196,0.055403,0.980933,-0.078245,0.169052,3.609192,137.907990,23.050846,-0.152289,0.751874,0.204173,0.608117,-0.416232,118.809166,20.153484,0.448501,-0.432803,-0.116879,-0.773219,-3.975145,119.130432,3.911744,0.093722,0.330402,-0.611154,-0.713121,10.841272,113.990166,-15.267581,0.118077,0.362225,-0.373840,-0.845632,11.558396,133.320496,-7.882082,-0.199039,0.853366,0.165626,0.452457,3.322590,118.992027,26.110685,0.249523,0.908943,0.294945,-0.156741,11.826132,122.148918,40.049374,-0.048136,0.228868,0.370184,-0.899036,32.298641,113.201614,29.343437,-0.064840,0.073380,0.551091,-0.828680,20.456696,126.310478,22.178463,0.075314,0.884127,0.094462,0.451359,2.280047,83.892639,12.664596,0.072741,0.984797,0.010059,0.157427,0.601864,49.880978,4.430832,-0.002551,0.974556,0.117173,0.191064,-5.835246,4.430744,2.468303,-0.034223,0.908693,-0.113595,0.400251,12.344808,84.461853,27.126862,0.054411,0.895696,-0.070177,0.435710,11.338022,50.413738,35.319332,-0.046757,0.845905,0.073335,0.526195,4.049860,5.192593,38.916897,-0.002551,0.974556,0.117173,0.191064,-0.634287,1.891229,-10.727952,-0.046757,0.845905,0.073335,0.526195,16.624844,1.840852,32.730145
799,6.658333,-0.051109,0.883858,0.062756,0.460700,7.356936,84.159698,20.041264,-0.041649,0.874640,0.089549,0.474607,6.285976,91.292885,20.502714,-0.048776,0.872280,0.062802,0.482498,3.804765,106.704247,22.343576,0.059704,0.937248,0.023120,0.342736,1.204761,124.323883,23.458765,0.056041,0.980509,-0.077750,0.171514,3.654709,137.878586,23.263159,-0.152172,0.751100,0.203288,0.609399,-0.417398,118.792931,20.326551,0.448967,-0.432852,-0.114688,-0.773249,-3.925602,119.111801,4.073739,0.095491,0.329598,-0.610572,-0.713757,10.913860,113.876663,-15.062052,0.119506,0.361276,-0.372734,-0.846326,11.682458,133.228317,-7.733575,-0.199118,0.852596,0.167118,0.453326,3.308915,118.965233,26.291901,0.248775,0.908802,0.295809,-0.157123,11.785241,122.091965,40.253941,-0.048835,0.228843,0.369691,-0.899208,32.270283,113.192406,29.532188,-0.066808,0.072057,0.551969,-0.828055,20.414972,126.291748,22.376099,0.075830,0.883571,0.095159,0.452213,2.330153,83.873024,12.806320,0.073305,0.984840,0.010899,0.156836,0.650657,49.876099,4.512214,-0.003228,0.974577,0.117070,0.191007,-5.826246,4.435050,2.469435,-0.034400,0.908624,-0.113048,0.400548,12.383719,84.446373,27.276207,0.055100,0.895932,-0.068996,0.435326,11.401063,50.390434,35.439030,-0.047387,0.846311,0.073926,0.525402,4.104726,5.161107,38.915237,-0.003228,0.974577,0.117070,0.191007,-0.621474,1.896131,-10.725430,-0.047387,0.846311,0.073926,0.525402,16.674879,1.832835,32.706043
800,6.666667,-0.051591,0.883661,0.063115,0.460976,7.408945,84.150650,20.183773,-0.042892,0.874100,0.091040,0.475206,6.329343,91.282463,20.646221,-0.048097,0.871875,0.063038,0.483267,3.791499,106.677261,22.506592,0.061285,0.936601,0.023357,0.344205,1.207525,124.298180,23.638620,0.057182,0.980106,-0.077268,0.173645,3.697974,137.845856,23.469547,-0.151956,0.750553,0.202518,0.610382,-0.415139,118.772614,20.497168,0.449902,-0.432903,-0.113306,-0.772881,-3.885645,119.090637,4.236245,0.097389,0.329245,-0.609434,-0.714635,10.967211,113.779305,-14.868133,0.120636,0.360491,-0.371710,-0.846950,11.802772,133.140533,-7.582760,-0.199394,0.851852,0.167854,0.454330,3.301646,118.934013,26.468760,0.247899,0.908684,0.296799,-0.157318,11.744003,122.046936,40.454449,-0.049548,0.228803,0.369168,-0.899394,32.247547,113.198814,29.725498,-0.068144,0.071282,0.552059,-0.827953,20.376572,126.289215,22.578094,0.076525,0.882910,0.095452,0.453324,2.387515,83.859879,12.945276,0.073751,0.984811,0.011917,0.156734,0.685236,49.874287,4.609460,-0.002751,0.974595,0.116929,0.191008,-5.817322,4.441401,2.468849,-0.034148,0.908455,-0.112599,0.401080,12.430376,84.441414,27.422270,0.056100,0.896231,-0.068174,0.434712,11.439610,50.377167,35.549347,-0.048071,0.846330,0.074303,0.525256,4.096155,5.147698,38.922916,-0.002751,0.974595,0.116929,0.191008,-0.616583,1.896092,-10.726377,-0.048071,0.846330,0.074303,0.525256,16.670271,1.838595,32.711506
801,6.675000,-0.052055,0.883329,0.063871,0.461455,7.470341,84.140648,20.308846,-0.044121,0.873484,0.092690,0.475907,6.379583,91.270378,20.777180,-0.047542,0.871409,0.063413,0.484112,3.782137,106.652512,22.661798,0.062581,0.935916,0.023653,0.345812,1.207855,124.273636,23.812590,0.058498,0.979633,-0.076882,0.176032,3.731139,137.815521,23.669548,-0.151249,0.750209,0.201518,0.611310,-0.412781,118.753342,20.660843,0.450039,-0.432836,-0.111327,-0.773127,-3.852687,119.076691,4.393530,0.098772,0.328513,-0.608929,-0.715212,11.025106,113.689484,-14.670145,0.121387,0.359898,-0.370660,-0.847555,11.906120,133.068054,-7.430706,-0.199934,0.851130,0.168634,0.455156,3.293255,118.904320,26.639383,0.247336,0.908751,0.296823,-0.157775,11.703448,122.011330,40.645748,-0.050696,0.228942,0.369108,-0.899319,32.213665,113.194672,29.903681,-0.069157,0.070395,0.552106,-0.827914,20.343727,126.291885,22.768354,0.077056,0.882543,0.095319,0.453977,2.457560,83.849625,13.064369,0.074340,0.984641,0.012912,0.157444,0.724584,49.867966,4.718847,-0.001564,0.974608,0.116792,0.191042,-5.814897,4.445362,2.475077,-0.034081,0.908626,-0.112568,0.400705,12.483123,84.431664,27.553324,0.057445,0.897117,-0.067165,0.432862,11.492387,50.366600,35.676975,-0.048480,0.846304,0.074116,0.525287,4.085200,5.138618,38.928951,-0.001564,0.974608,0.116792,0.191042,-0.623050,1.890130,-10.721727,-0.048480,0.846304,0.074116,0.525287,16.661940,1.831144,32.721985
802,6.683333,-0.052308,0.883302,0.064171,0.461437,7.507257,84.119659,20.437925,-0.045299,0.873197,0.093654,0.476134,6.411304,91.248451,20.908401,-0.046841,0.871249,0.063941,0.484399,3.765534,106.629181,22.801620,0.064263,0.935400,0.023653,0.346898,1.203537,124.250267,23.980070,0.059652,0.979258,-0.076340,0.177952,3.771322,137.783997,23.857143,-0.151004,0.749732,0.201131,0.612084,-0.419505,118.736351,20.818411,0.451057,-0.432705,-0.110390,-0.772741,-3.830394,119.065514,4.545100,0.100689,0.328773,-0.607653,-0.715910,11.063305,113.621368,-14.489973,0.122813,0.359566,-0.369740,-0.847893,12.001509,133.006027,-7.276689,-0.200342,0.850576,0.169408,0.455725,3.283552,118.874779,26.799101,0.246172,0.908594,0.298314,-0.157688,11.671095,121.974731,40.820606,-0.051139,0.228810,0.368200,-0.899700,32.211151,113.222755,30.082634,-0.070346,0.069867,0.551510,-0.828255,20.315250,126.295784,22.954113,0.077336,0.882181,0.095800,0.454530,2.494635,83.827148,13.193398,0.074889,0.984626,0.013815,0.157204,0.765328,49.854954,4.808678,-0.002165,0.974567,0.116920,0.191163,-5.810952,4.442099,2.476881,-0.034047,0.908321,-0.112113,0.401528,12.519879,84.412170,27.682453,0.058445,0.897692,-0.066422,0.431650,11.532560,50.339775,35.775761,-0.049027,0.846322,0.074448,0.525159,4.076837,5.113313,38.936703,-0.002165,0.974567,0.116920,0.191163,-0.610904,1.893476,-10.717975,-0.049027,0.846322,0.074448,0.525159,16.656681,1.821919,32.727478
803,6.691667,-0.052567,0.883087,0.064585,0.461761,7.555925,84.109261,20.557566,-0.046504,0.872916,0.094588,0.476350,6.453760,91.236893,21.031151,-0.046067,0.871166,0.064603,0.484535,3.760459,106.609932,22.930998,0.065715,0.934897,0.024002,0.347957,1.210920,124.230537,24.143013,0.060494,0.978882,-0.075624,0.180035,3.813973,137.757736,24.047003,-0.151229,0.749277,0.200684,0.612732,-0.415580,118.723892,20.970478,0.451143,-0.432540,-0.109053,-0.772972,-3.797814,119.044968,4.691030,0.101779,0.328570,-0.607189,-0.716244,11.117469,113.552765,-14.313300,0.123290,0.359306,-0.367923,-0.848723,12.084368,132.942383,-7.128279,-0.200867,0.849960,0.170798,0.456124,3.286633,118.848145,26.952002,0.244808,0.908739,0.298789,-0.158073,11.655071,121.935486,40.987690,-0.052594,0.228541,0.367305,-0.900050,32.222279,113.252579,30.245628,-0.071111,0.069807,0.550669,-0.828754,20.295235,126.313484,23.141087,0.077850,0.881770,0.095744,0.455252,2.549059,83.816650,13.309065,0.075387,0.984612,0.014844,0.156955,0.793276,49.849285,4.910269,-0.001772,0.974530,0.116979,0.191321,-5.813478,4.446024,2.479934,-0.033678,0.908250,-0.111581,0.401868,12.562792,84.401871,27.806068,0.059178,0.897868,-0.065772,0.431282,11.564103,50.319393,35.855392,-0.049604,0.846289,0.074660,0.525129,4.074951,5.092957,38.936722,-0.001772,0.974530,0.116979,0.191321,-0.612397,1.896961,-10.714430,-0.049604,0.846289,0.074660,0.525129,16.659063,1.815232,32.728924
804,6.700000,-0.052830,0.882924,0.064638,0.462036,7.599094,84.097420,20.673510,-0.047354,0.872617,0.095514,0.476627,6.493084,91.224548,21.145641,-0.045571,0.870988,0.065304,0.484808,3.761366,106.594231,23.057438,0.066931,0.934431,0.024337,0.348951,1.214783,124.213219,24.298985,0.061926,0.978499,-0.075045,0.181859,3.847087,137.734909,24.227077,-0.151149,0.748957,0.200457,0.613216,-0.411186,118.712471,21.115965,0.450657,-0.432445,-0.107879,-0.773474,-3.774487,119.035759,4.832636,0.102819,0.328637,-0.606170,-0.716926,11.157511,113.513802,-14.149943,0.124567,0.359402,-0.367377,-0.848733,12.173702,132.904129,-6.975689,-0.200986,0.849705,0.171372,0.456332,3.287938,118.825485,27.099621,0.243404,0.909009,0.298897,-0.158484,11.648473,121.904587,41.141830,-0.054169,0.228428,0.366046,-0.900498,32.243191,113.288582,30.398619,-0.072767,0.069587,0.549748,-0.829241,20.278231,126.326775,23.313105,0.078369,0.881418,0.095600,0.455873,2.597194,83.801605,13.421711,0.075694,0.984522,0.015848,0.157275,0.810840,49.838005,5.014153,-0.001510,0.974513,0.117240,0.191251,-5.808085,4.441828,2.486464,-0.033450,0.908346,-0.111059,0.401814,12.600994,84.393242,27.925310,0.060028,0.898172,-0.065177,0.430623,11.603114,50.301552,35.935612,-0.050107,0.846285,0.074802,0.525067,4.069630,5.077281,38.939564,-0.001510,0.974513,0.117240,0.191251,-0.610544,1.898783,-10.710455,-0.050107,0.846285,0.074802,0.525067,16.656797,1.810441,32.732220
805,6.708333,-0.053095,0.882810,0.065121,0.462155,7.643620,84.086021,20.777914,-0.047920,0.872441,0.096563,0.476682,6.530976,91.211845,21.254251,-0.045534,0.870910,0.065610,0.484910,3.766388,106.582916,23.186924,0.067927,0.933977,0.025139,0.349915,1.215542,124.200592,24.438274,0.063329,0.978095,-0.074696,0.183687,3.867040,137.718674,24.400354,-0.151343,0.748763,0.200270,0.613467,-0.408486,118.701347,21.251663,0.451274,-0.432046,-0.107160,-0.773437,-3.759608,119.018623,4.965700,0.104127,0.329116,-0.605424,-0.717149,11.197160,113.464615,-13.988012,0.125134,0.359638,-0.366032,-0.849131,12.237799,132.858292,-6.826118,-0.201356,0.849329,0.172665,0.456380,3.289307,118.811676,27.236197,0.242082,0.909234,0.299294,-0.158471,11.643434,121.878838,41.284840,-0.056079,0.228872,0.365147,-0.900633,32.270180,113.322601,30.555296,-0.074486,0.069764,0.547427,-0.830607,20.287573,126.349785,23.477886,0.078568,0.881219,0.095395,0.456267,2.644151,83.790268,13.524432,0.076259,0.984580,0.017011,0.156520,0.842697,49.826111,5.122341,-0.000832,0.974505,0.117225,0.191302,-5.812158,4.441342,2.486423,-0.033098,0.908474,-0.110565,0.401691,12.643090,84.381783,28.031397,0.060681,0.898266,-0.064731,0.430402,11.638010,50.280773,36.001034,-0.050659,0.846275,0.074981,0.525005,4.069123,5.058414,38.944195,-0.000832,0.974505,0.117225,0.191302,-0.618756,1.894424,-10.711382,-0.050659,0.846275,0.074981,0.525005,16.659801,1.804078,32.737385
806,6.716667,-0.053460,0.882686,0.065738,0.462262,7.695422,84.073532,20.874308,-0.048614,0.872367,0.097117,0.476634,6.573995,91.197624,21.355873,-0.044941,0.870967,0.066634,0.484723,3.783548,106.556442,23.292343,0.068811,0.933746,0.025543,0.350329,1.233763,124.171196,24.586218,0.064500,0.977839,-0.074014,0.184910,3.904471,137.685532,24.568769,-0.150868,0.748798,0.200405,0.613497,-0.392137,118.679443,21.387676,0.451293,-0.431889,-0.106447,-0.773612,-3.746808,119.011292,5.102737,0.105102,0.329390,-0.604565,-0.717605,11.224196,113.433945,-13.832871,0.125858,0.359973,-0.365449,-0.849132,12.300279,132.826584,-6.677791,-0.202339,0.848716,0.173402,0.456806,3.308957,118.775726,27.370411,0.240607,0.909458,0.299678,-0.158709,11.636923,121.852890,41.432392,-0.057478,0.229185,0.363982,-0.900937,32.295197,113.366974,30.707663,-0.076036,0.069689,0.545681,-0.831622,20.287952,126.368774,23.635111,0.078991,0.881212,0.095227,0.456244,2.698388,83.777359,13.619165,0.076645,0.984602,0.017979,0.156084,0.865298,49.815620,5.214119,-0.000780,0.974426,0.117595,0.191482,-5.811396,4.439384,2.488144,-0.032663,0.908923,-0.110322,0.400775,12.692454,84.369705,28.129452,0.061483,0.898626,-0.064187,0.429617,11.674649,50.262928,36.072762,-0.051175,0.846243,0.074988,0.525006,4.063591,5.043137,38.945839,-0.000780,0.974426,0.117595,0.191482,-0.613147,1.902481,-10.709683,-0.051175,0.846243,0.074988,0.525006,16.657845,1.796685,32.742161
807,6.725000,-0.053764,0.882533,0.066225,0.462449,7.744084,84.069672,20.960136,-0.049155,0.872194,0.098290,0.476656,6.615466,91.192360,21.445606,-0.044899,0.870913,0.067091,0.484762,3.792538,106.543556,23.405756,0.069821,0.933419,0.026255,0.350949,1.236144,124.156258,24.714342,0.065787,0.977566,-0.073465,0.186120,3.926650,137.666672,24.727348,-0.150972,0.748653,0.200041,0.613767,-0.387487,118.666611,21.511034,0.451151,-0.431704,-0.106146,-0.773839,-3.730093,118.991005,5.223465,0.105513,0.330017,-0.603813,-0.717890,11.252004,113.410522,-13.702442,0.125843,0.360320,-0.364412,-0.849433,12.348490,132.795135,-6.532277,-0.202568,0.848407,0.174809,0.456743,3.313125,118.759216,27.494123,0.239413,0.909602,0.300043,-0.158996,11.639934,121.819756,41.560410,-0.058628,0.228966,0.363142,-0.901257,32.322090,113.393082,30.835014,-0.076906,0.069118,0.545076,-0.831986,20.286245,126.381683,23.780367,0.079417,0.880853,0.094523,0.457009,2.750674,83.773109,13.702517,0.076936,0.984635,0.019158,0.155586,0.875865,49.806755,5.325418,-0.000880,0.974428,0.117495,0.191530,-5.811387,4.438653,2.492079,-0.032262,0.909278,-0.110045,0.400078,12.737494,84.366226,28.217756,0.062171,0.898956,-0.063745,0.428893,11.708063,50.253357,36.133343,-0.051413,0.846245,0.074912,0.524990,4.059992,5.036190,38.948841,-0.000880,0.974428,0.117495,0.191530,-0.611215,1.899426,-10.704543,-0.051413,0.846245,0.074912,0.524990,16.655380,1.791470,32.746567
808,6.733333,-0.053946,0.882661,0.066036,0.462210,7.775344,84.047516,21.058777,-0.049268,0.872237,0.098889,0.476442,6.645795,91.170280,21.540924,-0.044875,0.870965,0.067703,0.484586,3.811002,106.519531,23.516558,0.070792,0.933194,0.026680,0.351320,1.245106,124.129379,24.844990,0.066809,0.977351,-0.072955,0.187081,3.956725,137.635529,24.879684,-0.150712,0.748419,0.200326,0.614023,-0.376726,118.642220,21.636505,0.450928,-0.431872,-0.106142,-0.773876,-3.711459,118.981789,5.347633,0.105588,0.330519,-0.602945,-0.718377,11.263487,113.402367,-13.584244,0.125796,0.360271,-0.363825,-0.849712,12.389617,132.776779,-6.390482,-0.203030,0.848188,0.175478,0.456688,3.326322,118.730545,27.618153,0.237931,0.909907,0.300281,-0.159026,11.648571,121.792793,41.686768,-0.060312,0.229561,0.362009,-0.901451,32.365307,113.431633,30.976831,-0.078614,0.069377,0.542803,-0.833290,20.309734,126.398743,23.921467,0.079669,0.880665,0.094505,0.457331,2.778378,83.746178,13.803804,0.077401,0.984559,0.020064,0.155726,0.890572,49.782379,5.419245,-0.000938,0.974334,0.117883,0.191769,-5.824955,4.424125,2.496433,-0.031949,0.909829,-0.109492,0.399001,12.772310,84.348854,28.313749,0.062893,0.899300,-0.063410,0.428115,11.747917,50.226067,36.187134,-0.052018,0.846279,0.075049,0.524856,4.056006,5.013275,38.953037,-0.000938,0.974334,0.117883,0.191769,-0.617481,1.895943,-10.699426,-0.052018,0.846279,0.075049,0.524856,16.654079,1.780856,32.749794
809,6.741667,-0.054065,0.882788,0.066083,0.461947,7.810186,84.040520,21.136913,-0.049299,0.872228,0.099651,0.476296,6.678953,91.163017,21.619183,-0.044834,0.870952,0.068375,0.484517,3.833669,106.500305,23.614519,0.071697,0.932931,0.027321,0.351786,1.257637,124.107025,24.964640,0.067740,0.977134,-0.072275,0.188138,3.986768,137.609558,25.026360,-0.150500,0.748617,0.200271,0.613852,-0.361523,118.622780,21.749819,0.450854,-0.431354,-0.106002,-0.774228,-3.705379,118.964363,5.462857,0.105919,0.330913,-0.602640,-0.718403,11.293213,113.394569,-13.453134,0.125481,0.360620,-0.362930,-0.849994,12.423623,132.764130,-6.255199,-0.203219,0.847874,0.176475,0.456802,3.342513,118.706070,27.730925,0.236552,0.910009,0.300937,-0.159261,11.658749,121.755722,41.805832,-0.061621,0.229578,0.361180,-0.901690,32.404198,113.464211,31.097317,-0.079627,0.068990,0.541888,-0.833821,20.324902,126.418922,24.054703,0.079782,0.880544,0.094310,0.457584,2.809170,83.737274,13.884809,0.077719,0.984688,0.021077,0.154614,0.910518,49.772156,5.508056,-0.000882,0.974319,0.118007,0.191770,-5.822422,4.422271,2.496702,-0.031687,0.910289,-0.109148,0.398067,12.811203,84.343765,28.389015,0.063546,0.899455,-0.063127,0.427736,11.787912,50.214535,36.234566,-0.052383,0.846279,0.074847,0.524848,4.054493,5.006033,38.954483,-0.000882,0.974319,0.118007,0.191770,-0.615173,1.897285,-10.699860,-0.052383,0.846279,0.074847,0.524848,16.654274,1.774248,32.754379
810,6.750000,-0.054191,0.882844,0.067060,0.461685,7.853712,84.027145,21.203678,-0.049304,0.872199,0.100333,0.476206,6.714560,91.147568,21.697836,-0.045004,0.870899,0.069041,0.484502,3.859396,106.479691,23.711771,0.071951,0.932672,0.027905,0.352375,1.266670,124.082603,25.079540,0.068832,0.976850,-0.071481,0.189518,3.997503,137.584686,25.161144,-0.149954,0.748668,0.200641,0.613802,-0.347320,118.600044,21.859247,0.450315,-0.431226,-0.105626,-0.774664,-3.698658,118.962189,5.574266,0.105812,0.331152,-0.602404,-0.718507,11.309331,113.394638,-13.334927,0.125071,0.360802,-0.361945,-0.850397,12.444822,132.757263,-6.125527,-0.203557,0.847528,0.177403,0.456934,3.356702,118.680870,27.840397,0.235152,0.910118,0.301748,-0.159178,11.664330,121.722832,41.922050,-0.062870,0.229922,0.360362,-0.901844,32.443806,113.498344,31.227848,-0.080528,0.069374,0.540592,-0.834544,20.350124,126.436531,24.188524,0.080067,0.880385,0.093778,0.457949,2.848660,83.729538,13.954125,0.077450,0.984947,0.022338,0.152910,0.918701,49.760612,5.600008,-0.000689,0.974448,0.118409,0.190866,-5.777323,4.411927,2.489980,-0.031357,0.910701,-0.109048,0.397176,12.858765,84.324753,28.453232,0.064242,0.899918,-0.062807,0.426704,11.824938,50.192535,36.284412,-0.052861,0.846298,0.075152,0.524726,4.049759,4.988506,38.959248,-0.000689,0.974448,0.118409,0.190866,-0.594627,1.897797,-10.718313,-0.052861,0.846298,0.075152,0.524726,16.652063,1.771138,32.756771
811,6.758333,-0.053923,0.882967,0.067203,0.461459,7.881021,84.034439,21.265961,-0.048986,0.872257,0.101087,0.475973,6.744457,91.154999,21.764027,-0.045111,0.870937,0.069805,0.484315,3.892821,106.454086,23.800047,0.072495,0.932541,0.028424,0.352567,1.283986,124.052856,25.190115,0.069740,0.976709,-0.070656,0.190219,4.023927,137.552963,25.291039,-0.149784,0.748487,0.200983,0.613953,-0.326154,118.572662,21.963888,0.449919,-0.431483,-0.106252,-0.774665,-3.673043,118.947937,5.678287,0.105510,0.332064,-0.601704,-0.718717,11.317417,113.407150,-13.252664,0.125018,0.361309,-0.361078,-0.850558,12.463065,132.759140,-6.000789,-0.203972,0.847340,0.178348,0.456730,3.380291,118.649796,27.943588,0.234132,0.910103,0.302512,-0.159313,11.688513,121.689034,42.025482,-0.063991,0.229683,0.359713,-0.902085,32.489582,113.518753,31.331699,-0.081426,0.069220,0.540107,-0.834783,20.372818,126.448296,24.311682,0.080269,0.880012,0.093253,0.458737,2.871791,83.741783,14.019090,0.077594,0.984930,0.023254,0.152812,0.919740,49.768238,5.688900,0.000348,0.974502,0.118169,0.190739,-5.776519,4.425442,2.494690,-0.031062,0.911166,-0.108836,0.396190,12.890249,84.327103,28.512833,0.064757,0.900205,-0.062522,0.426062,11.852032,50.190353,36.323662,-0.053216,0.846264,0.074891,0.524782,4.047403,4.989150,38.960224,0.000348,0.974502,0.118169,0.190739,-0.605854,1.899409,-10.716052,-0.053216,0.846264,0.074891,0.524782,16.652065,1.770864,32.763016
812,6.766667,-0.054286,0.883248,0.067393,0.460851,7.918206,84.020172,21.337240,-0.048854,0.872273,0.101642,0.475839,6.776114,91.139793,21.836060,-0.045070,0.870865,0.070346,0.484370,3.920517,106.434105,23.889301,0.073032,0.932320,0.029156,0.352981,1.303574,124.030304,25.296637,0.070205,0.976556,-0.070147,0.191023,4.050710,137.528732,25.423218,-0.149509,0.748387,0.201562,0.613952,-0.303731,118.552612,22.064764,0.449433,-0.431462,-0.106033,-0.774989,-3.653401,118.947029,5.780192,0.105307,0.332269,-0.601716,-0.718642,11.340258,113.410416,-13.149450,0.124589,0.361915,-0.360345,-0.850674,12.479612,132.757935,-5.887880,-0.204142,0.847117,0.178980,0.456821,3.402016,118.625435,28.044950,0.233064,0.910075,0.303388,-0.159374,11.705181,121.657791,42.131310,-0.064762,0.229799,0.358983,-0.902292,32.530029,113.543854,31.440878,-0.082564,0.069200,0.540007,-0.834738,20.394714,126.458778,24.423525,0.080554,0.880270,0.093370,0.458168,2.899781,83.722420,14.096943,0.077779,0.984981,0.023983,0.152276,0.928738,49.753609,5.751925,0.000273,0.974475,0.118452,0.190703,-5.775514,4.416609,2.492821,-0.030494,0.911517,-0.108737,0.395452,12.936631,84.317932,28.577536,0.065245,0.900627,-0.062173,0.425145,11.871303,50.177223,36.367371,-0.053224,0.846289,0.075214,0.524695,4.042734,4.977846,38.963871,0.000273,0.974475,0.118452,0.190703,-0.604736,1.898913,-10.719468,-0.053224,0.846289,0.075214,0.524695,16.647280,1.767392,32.762363
813,6.775000,-0.054277,0.883489,0.067559,0.460365,7.948676,84.003952,21.393038,-0.048686,0.872331,0.102227,0.475625,6.805872,91.123260,21.894663,-0.044960,0.870880,0.070918,0.484270,3.946844,106.413818,23.966864,0.073218,0.932160,0.029961,0.353297,1.323640,124.007484,25.394070,0.070937,0.976373,-0.069619,0.191878,4.068222,137.506180,25.544401,-0.149174,0.748467,0.201924,0.613817,-0.282429,118.532707,22.156631,0.449258,-0.431451,-0.106294,-0.775060,-3.640910,118.941544,5.874228,0.105130,0.332629,-0.601544,-0.718645,11.350440,113.419258,-13.061420,0.124191,0.362223,-0.359653,-0.850894,12.488436,132.760254,-5.784196,-0.204223,0.846865,0.179840,0.456914,3.424816,118.600418,28.135950,0.232191,0.910204,0.303593,-0.159523,11.724041,121.619713,42.227432,-0.065881,0.230038,0.358617,-0.902295,32.566643,113.547493,31.540039,-0.083282,0.069096,0.539547,-0.834972,20.425072,126.460732,24.528568,0.080835,0.880262,0.093315,0.458145,2.922343,83.706879,14.158201,0.077966,0.985022,0.024605,0.151814,0.932102,49.740540,5.807678,0.000183,0.974451,0.118657,0.190699,-5.781772,4.409003,2.492880,-0.030038,0.911903,-0.108811,0.394577,12.975009,84.301018,28.627876,0.065259,0.900986,-0.061258,0.424515,11.885944,50.159508,36.410908,-0.053963,0.846361,0.075555,0.524455,4.093333,4.949918,38.936928,0.000183,0.974451,0.118657,0.190699,-0.610057,1.897540,-10.720229,-0.053963,0.846361,0.075555,0.524455,16.700596,1.758648,32.731045
814,6.783333,-0.054201,0.883734,0.067920,0.459851,7.970364,83.987274,21.443853,-0.048503,0.872509,0.102365,0.475286,6.826451,91.105995,21.951237,-0.044510,0.871032,0.071832,0.483903,3.973387,106.384361,24.029415,0.073397,0.932162,0.030563,0.353203,1.349062,123.974815,25.493782,0.071364,0.976315,-0.068889,0.192279,4.092348,137.473587,25.660887,-0.148719,0.748399,0.202423,0.613845,-0.259261,118.506203,22.247046,0.448846,-0.431717,-0.106691,-0.775096,-3.621109,118.937073,5.965906,0.104836,0.333012,-0.601218,-0.718783,11.354673,113.433136,-12.987394,0.124127,0.362637,-0.359129,-0.850949,12.498485,132.768555,-5.686953,-0.204453,0.846689,0.179826,0.457143,3.453547,118.562630,28.223026,0.231511,0.910041,0.304701,-0.159329,11.742663,121.586060,42.319572,-0.066565,0.230183,0.358359,-0.902310,32.603951,113.552216,31.639729,-0.084088,0.069085,0.538861,-0.835336,20.459673,126.461197,24.632900,0.081054,0.880262,0.093289,0.458111,2.935548,83.693474,14.214784,0.078113,0.985040,0.025201,0.151526,0.930764,49.729271,5.859068,-0.000576,0.974449,0.118588,0.190752,-5.788872,4.402563,2.490356,-0.029531,0.911987,-0.108809,0.394421,13.005179,84.281082,28.672924,0.065425,0.901160,-0.060960,0.424163,11.885169,50.137424,36.442139,-0.054334,0.846379,0.075965,0.524327,4.091390,4.926485,38.940125,-0.000576,0.974449,0.118588,0.190752,-0.609780,1.892966,-10.720213,-0.054334,0.846379,0.075965,0.524327,16.700687,1.750556,32.730507
815,6.791667,-0.054183,0.883957,0.068261,0.459374,7.990581,83.978600,21.490139,-0.048110,0.872567,0.103094,0.475061,6.844917,91.096672,22.002592,-0.044345,0.871057,0.072143,0.483827,3.993726,106.364349,24.106110,0.073580,0.932047,0.031163,0.353416,1.369344,123.953720,25.583187,0.071844,0.976204,-0.068232,0.192894,4.111836,137.452423,25.768328,-0.148080,0.748426,0.202941,0.613797,-0.239545,118.487335,22.333006,0.448424,-0.432211,-0.107025,-0.775019,-3.609686,118.944260,6.054297,0.104642,0.333329,-0.600639,-0.719148,11.341402,113.450798,-12.921519,0.124192,0.363125,-0.358805,-0.850868,12.505186,132.775269,-5.599859,-0.204417,0.846545,0.180371,0.457211,3.474512,118.539703,28.308243,0.230951,0.909915,0.305510,-0.159308,11.762071,121.552429,42.407986,-0.067142,0.230249,0.358144,-0.902336,32.636517,113.551369,31.729269,-0.084874,0.068792,0.538687,-0.835392,20.488050,126.458023,24.727571,0.081359,0.880198,0.093226,0.458194,2.947994,83.687050,14.266398,0.078170,0.984984,0.025684,0.151774,0.923281,49.725494,5.904728,-0.000696,0.974458,0.118493,0.190765,-5.793782,4.401865,2.489786,-0.029230,0.912481,-0.108915,0.393271,13.033167,84.270149,28.713879,0.065870,0.901607,-0.060584,0.423198,11.900750,50.126873,36.482941,-0.054491,0.846336,0.076100,0.524361,4.087384,4.917112,38.940765,-0.000696,0.974458,0.118493,0.190765,-0.613544,1.890196,-10.719938,-0.054491,0.846336,0.076100,0.524361,16.698664,1.746763,32.732334
816,6.800000,-0.053697,0.884179,0.068335,0.458993,7.993139,83.960342,21.533390,-0.047388,0.872668,0.103505,0.474860,6.853399,91.079033,22.050529,-0.044167,0.871097,0.072466,0.483723,4.016320,106.346367,24.176666,0.073679,0.931887,0.031938,0.353748,1.392081,123.934639,25.667099,0.072398,0.976028,-0.067638,0.193787,4.130087,137.433929,25.874468,-0.147913,0.748419,0.203381,0.613699,-0.217616,118.470558,22.413431,0.448041,-0.432402,-0.107326,-0.775093,-3.593373,118.940010,6.136239,0.104397,0.333549,-0.600619,-0.719099,11.346373,113.462463,-12.853106,0.124517,0.363479,-0.358588,-0.850761,12.505113,132.782715,-5.519371,-0.204031,0.846748,0.181006,0.456756,3.498075,118.518700,28.387690,0.230963,0.909661,0.306156,-0.159506,11.804706,121.515022,42.479710,-0.068318,0.229633,0.358485,-0.902269,32.675766,113.524437,31.786531,-0.085524,0.068280,0.538586,-0.835433,20.522564,126.454010,24.821686,0.081377,0.880195,0.093374,0.458166,2.943454,83.676300,14.314309,0.078309,0.985029,0.026159,0.151334,0.922230,49.716888,5.943097,-0.000804,0.974444,0.118535,0.190808,-5.802220,4.397530,2.486305,-0.029228,0.912696,-0.108896,0.392776,13.042826,84.244385,28.752470,0.066300,0.902078,-0.060271,0.422169,11.915055,50.100822,36.520943,-0.054879,0.846334,0.076657,0.524243,4.081108,4.892799,38.944988,-0.000804,0.974444,0.118535,0.190808,-0.619929,1.887563,-10.722939,-0.054879,0.846334,0.076657,0.524243,16.695131,1.741580,32.732384
817,6.808333,-0.053710,0.884545,0.068757,0.458222,8.012085,83.949089,21.573799,-0.047422,0.872830,0.104006,0.474449,6.869867,91.066917,22.097206,-0.043812,0.871251,0.072802,0.483427,4.024719,106.335091,24.238283,0.073482,0.931928,0.032308,0.353647,1.406256,123.922745,25.746161,0.073256,0.975947,-0.066889,0.194131,4.135639,137.423660,25.960709,-0.147960,0.748375,0.203819,0.613596,-0.207315,118.461952,22.488884,0.447952,-0.432246,-0.107312,-0.775233,-3.586832,118.938675,6.212682,0.104444,0.333369,-0.600945,-0.718903,11.359747,113.466736,-12.772910,0.124205,0.364079,-0.358253,-0.850690,12.507333,132.793503,-5.449132,-0.203555,0.846819,0.181413,0.456675,3.512841,118.503845,28.460413,0.231017,0.909446,0.306913,-0.159200,11.828394,121.481552,42.551117,-0.069402,0.229791,0.359025,-0.901931,32.703045,113.492310,31.863949,-0.086069,0.068361,0.537199,-0.836263,20.570295,126.442703,24.914568,0.081505,0.880639,0.093600,0.457243,2.949962,83.666977,14.363360,0.078437,0.985116,0.026613,0.150619,0.919459,49.711983,5.976470,-0.000690,0.974402,0.118647,0.190956,-5.812634,4.396659,2.481775,-0.028881,0.912952,-0.109142,0.392140,13.074209,84.231201,28.784239,0.066615,0.902350,-0.059889,0.421592,11.922873,50.089981,36.559521,-0.055359,0.846290,0.076735,0.524252,4.079114,4.881597,38.944748,-0.000690,0.974402,0.118647,0.190956,-0.627196,1.889157,-10.726706,-0.055359,0.846290,0.076735,0.524252,16.696749,1.739459,32.734882
818,6.816667,-0.053993,0.884717,0.069851,0.457692,8.047275,83.956497,21.596319,-0.047290,0.872959,0.104825,0.474044,6.894597,91.071701,22.132429,-0.043544,0.871418,0.073103,0.483105,4.044704,106.320572,24.296886,0.074533,0.931829,0.032999,0.353625,1.429956,123.907486,25.819704,0.072921,0.975973,-0.066272,0.194336,4.179337,137.403870,26.061970,-0.147868,0.748363,0.204345,0.613459,-0.186966,118.449318,22.559702,0.447769,-0.432511,-0.107678,-0.775140,-3.572985,118.938187,6.285213,0.104157,0.333241,-0.601088,-0.718884,11.358319,113.477798,-12.715716,0.123934,0.364229,-0.357634,-0.850926,12.502338,132.804459,-5.389253,-0.203097,0.846825,0.181541,0.456818,3.537901,118.486298,28.528324,0.231165,0.909241,0.307341,-0.159329,11.855294,121.448326,42.621243,-0.070116,0.229581,0.359551,-0.901721,32.724529,113.460098,31.922726,-0.086712,0.067520,0.538018,-0.835739,20.601385,126.432541,24.992987,0.081814,0.881010,0.093303,0.456532,2.977133,83.677994,14.391375,0.078448,0.985193,0.027098,0.150020,0.911259,49.722652,6.014559,-0.000976,0.974459,0.118154,0.190969,-5.817154,4.409891,2.479887,-0.028292,0.913254,-0.109443,0.391394,13.117416,84.235001,28.801262,0.066728,0.902346,-0.059723,0.421606,11.926447,50.096016,36.580452,-0.055521,0.846358,0.076569,0.524150,4.079691,4.887185,38.947392,-0.000976,0.974459,0.118154,0.190969,-0.629847,1.889988,-10.725496,-0.055521,0.846358,0.076569,0.524150,16.696411,1.743469,32.736462
819,6.825000,-0.053868,0.885149,0.070207,0.456815,8.059418,83.943237,21.626667,-0.046790,0.873269,0.105023,0.473480,6.906531,91.057915,22.169273,-0.043351,0.871645,0.073697,0.482622,4.070055,106.300163,24.347448,0.074333,0.931807,0.033469,0.353681,1.451999,123.884560,25.893414,0.073549,0.975804,-0.065476,0.195220,4.191928,137.382675,26.146061,-0.147193,0.748686,0.204756,0.613090,-0.167074,118.429672,22.629002,0.447938,-0.432659,-0.108024,-0.774912,-3.574773,118.939629,6.359684,0.104103,0.332612,-0.601267,-0.719034,11.346516,113.484451,-12.650607,0.123180,0.363985,-0.357001,-0.851406,12.498760,132.813080,-5.341609,-0.202683,0.846919,0.181865,0.456698,3.564588,118.460884,28.593412,0.231272,0.908890,0.308190,-0.159533,11.891225,121.407700,42.684067,-0.070842,0.229114,0.359748,-0.901704,32.754784,113.428497,31.967768,-0.087684,0.067427,0.538317,-0.835452,20.627377,126.414230,25.063831,0.081663,0.881565,0.093661,0.455414,2.974896,83.668045,14.431734,0.078536,0.985334,0.027541,0.148968,0.919324,49.715672,6.040371,-0.001172,0.974462,0.118283,0.190872,-5.814580,4.406395,2.471609,-0.028056,0.913460,-0.109617,0.390881,13.143939,84.218422,28.821600,0.066994,0.902531,-0.059528,0.421196,11.937408,50.081192,36.606056,-0.055796,0.846353,0.076825,0.524091,4.077277,4.873493,38.950043,-0.001172,0.974462,0.118283,0.190872,-0.628039,1.891159,-10.734965,-0.055796,0.846353,0.076825,0.524091,16.695824,1.740035,32.737640
820,6.833333,-0.053882,0.885442,0.070540,0.456195,8.075108,83.935715,21.652573,-0.046536,0.873432,0.105617,0.473070,6.920252,91.049698,22.200134,-0.043047,0.871811,0.073851,0.482326,4.083621,106.285500,24.398985,0.074583,0.931782,0.033854,0.353658,1.472871,123.870026,25.955847,0.073859,0.975756,-0.064685,0.195604,4.215426,137.367386,26.220659,-0.146938,0.748978,0.204988,0.612717,-0.150511,118.417374,22.689838,0.448111,-0.432988,-0.108676,-0.774537,-3.575921,118.934441,6.424464,0.104069,0.332452,-0.601122,-0.719234,11.324255,113.491272,-12.605821,0.123007,0.363786,-0.356189,-0.851856,12.488192,132.820908,-5.296779,-0.202105,0.847051,0.182305,0.456534,3.585537,118.444229,28.651524,0.231734,0.908572,0.308671,-0.159746,11.924924,121.369957,42.739033,-0.071529,0.228633,0.360564,-0.901446,32.774502,113.380661,32.003067,-0.087877,0.066763,0.538713,-0.835230,20.659899,126.396858,25.128838,0.081808,0.882167,0.093773,0.454199,2.980630,83.661949,14.464632,0.078446,0.985389,0.027872,0.148587,0.908221,49.712692,6.064791,-0.001164,0.974470,0.118339,0.190794,-5.814435,4.403803,2.469962,-0.027830,0.913815,-0.109711,0.390041,13.169585,84.209480,28.840515,0.067323,0.902956,-0.059382,0.420253,11.953187,50.072796,36.625874,-0.055977,0.846410,0.076817,0.523980,4.073962,4.867551,38.953190,-0.001164,0.974470,0.118339,0.190794,-0.629923,1.890135,-10.737710,-0.055977,0.846410,0.076817,0.523980,16.692125,1.736590,32.738747
821,6.841667,-0.053808,0.885739,0.070887,0.455572,8.085784,83.928421,21.672131,-0.046195,0.873627,0.106036,0.472651,6.929994,91.041801,22.225405,-0.042729,0.871989,0.074155,0.481986,4.097931,106.274124,24.441772,0.074474,0.931592,0.034725,0.354095,1.492489,123.858025,26.014576,0.074269,0.975472,-0.064263,0.196998,4.224465,137.357040,26.302549,-0.146661,0.749142,0.205509,0.612408,-0.134869,118.408287,22.745665,0.448054,-0.433130,-0.108541,-0.774510,-3.575566,118.939972,6.483993,0.104036,0.331885,-0.601631,-0.719075,11.319945,113.489532,-12.547848,0.122713,0.363770,-0.355159,-0.852335,12.474067,132.826294,-5.259682,-0.201420,0.847213,0.182560,0.456434,3.606176,118.429634,28.704239,0.232182,0.908372,0.308768,-0.160044,11.957777,121.333900,42.788952,-0.072346,0.228338,0.361585,-0.901046,32.792332,113.332077,32.033180,-0.087881,0.065718,0.539365,-0.834891,20.699993,126.384880,25.186193,0.081812,0.882711,0.094039,0.453084,2.981159,83.657532,14.491283,0.078484,0.985459,0.028079,0.148063,0.906529,49.711826,6.077662,-0.001387,0.974489,0.118240,0.190759,-5.818564,4.404551,2.467149,-0.027674,0.914177,-0.109764,0.389187,13.190410,84.199303,28.852976,0.067603,0.903399,-0.059339,0.419259,11.969852,50.062836,36.638577,-0.056326,0.846626,0.076766,0.523602,4.071680,4.860610,38.960121,-0.001387,0.974489,0.118240,0.190759,-0.633315,1.889257,-10.739921,-0.056326,0.846626,0.076766,0.523602,16.686613,1.733562,32.737164
822,6.850000,-0.053731,0.885985,0.071205,0.455053,8.096669,83.925850,21.687252,-0.046010,0.873842,0.106605,0.472143,6.940112,91.038696,22.245766,-0.042328,0.872246,0.074599,0.481488,4.107430,106.260429,24.480797,0.074722,0.931594,0.035030,0.354008,1.507768,123.843178,26.075754,0.074629,0.975382,-0.063668,0.197502,4.243015,137.341339,26.373556,-0.146308,0.749275,0.205824,0.612223,-0.124756,118.397346,22.802937,0.448168,-0.433538,-0.108820,-0.774176,-3.576401,118.942329,6.544018,0.104139,0.331519,-0.601676,-0.719192,11.298606,113.489273,-12.503121,0.122763,0.363712,-0.354146,-0.852774,12.460634,132.831253,-5.226567,-0.200773,0.847316,0.183227,0.456260,3.623525,118.411430,28.756983,0.232442,0.908051,0.309355,-0.160357,11.989080,121.289078,42.838882,-0.072999,0.228097,0.362171,-0.900819,32.812691,113.288673,32.060841,-0.088440,0.065415,0.539786,-0.834584,20.731075,126.364876,25.234062,0.081802,0.883183,0.094243,0.452122,2.983560,83.657837,14.512333,0.078451,0.985601,0.028330,0.147082,0.906928,49.714718,6.088768,-0.002248,0.974519,0.118121,0.190673,-5.815391,4.408273,2.462683,-0.027606,0.914416,-0.109713,0.388644,13.209778,84.193863,28.862169,0.067883,0.903796,-0.059327,0.418360,11.990844,50.056339,36.643444,-0.056559,0.846663,0.076725,0.523522,4.072339,4.857460,38.960999,-0.002248,0.974519,0.118121,0.190673,-0.625667,1.894058,-10.742837,-0.056559,0.846663,0.076725,0.523522,16.687563,1.732906,32.737362
823,6.858333,-0.053571,0.886203,0.071356,0.454623,8.100314,83.924736,21.702112,-0.045802,0.873945,0.107047,0.471873,6.945086,91.037521,22.264174,-0.041896,0.872356,0.074960,0.481270,4.113652,106.249702,24.514040,0.075166,0.931681,0.034961,0.353692,1.521647,123.831818,26.128275,0.075244,0.975443,-0.062786,0.197251,4.268465,137.327591,26.427252,-0.146035,0.749425,0.206089,0.612015,-0.114865,118.389915,22.850910,0.448543,-0.434154,-0.109475,-0.773521,-3.577641,118.944954,6.594706,0.104308,0.331634,-0.601315,-0.719416,11.263767,113.491699,-12.478560,0.122881,0.363909,-0.353046,-0.853129,12.440803,132.834427,-5.197000,-0.200128,0.847470,0.183566,0.456121,3.636886,118.396568,28.802782,0.232720,0.907791,0.309760,-0.160640,12.015259,121.252777,42.881416,-0.073607,0.228052,0.362734,-0.900555,32.827957,113.250420,32.083778,-0.089209,0.065092,0.540472,-0.834083,20.761892,126.346626,25.271248,0.081708,0.883639,0.094452,0.451203,2.980013,83.659691,14.532217,0.078367,0.985765,0.028621,0.145970,0.907147,49.718246,6.100986,-0.001712,0.974606,0.117935,0.190347,-5.807714,4.412112,2.457271,-0.027627,0.914699,-0.109588,0.388010,13.220614,84.189781,28.872007,0.068205,0.904310,-0.059368,0.417189,12.011843,50.050426,36.646820,-0.056560,0.846692,0.076803,0.523464,4.068229,4.856014,38.965477,-0.001712,0.974606,0.117935,0.190347,-0.631088,1.890138,-10.751906,-0.056560,0.846692,0.076803,0.523464,16.682877,1.733331,32.739750
824,6.866667,-0.053602,0.886457,0.071713,0.454068,8.103993,83.926346,21.714174,-0.045369,0.874126,0.107252,0.471532,6.946396,91.038345,22.281292,-0.041362,0.872518,0.075214,0.480982,4.126268,106.241585,24.542917,0.075997,0.931443,0.035704,0.354068,1.547082,123.823944,26.175087,0.074920,0.975273,-0.062645,0.198257,4.308240,137.316116,26.502684,-0.145856,0.749819,0.206315,0.611499,-0.095505,118.386093,22.894024,0.448578,-0.434422,-0.109465,-0.773352,-3.581025,118.944717,6.642802,0.104404,0.331191,-0.601570,-0.719393,11.248984,113.483490,-12.437050,0.122795,0.363920,-0.351938,-0.853594,12.425425,132.831329,-5.172997,-0.199450,0.847427,0.183944,0.456345,3.660765,118.384850,28.843048,0.233061,0.907489,0.310278,-0.160855,12.041347,121.214546,42.925728,-0.074094,0.228234,0.363524,-0.900150,32.842743,113.207779,32.109608,-0.089655,0.064848,0.540510,-0.834029,20.803925,126.327812,25.304571,0.081673,0.883884,0.094670,0.450685,2.974863,83.662727,14.550540,0.078263,0.985963,0.028860,0.144636,0.906230,49.723774,6.108232,-0.002639,0.974677,0.117742,0.190091,-5.800957,4.417408,2.453290,-0.027587,0.914894,-0.109461,0.387591,13.233126,84.189964,28.877810,0.068384,0.904466,-0.059440,0.416811,12.028890,50.048508,36.644070,-0.056517,0.846692,0.076853,0.523462,4.068640,4.857144,38.965122,-0.002639,0.974677,0.117742,0.190091,-0.623852,1.894869,-10.755592,-0.056517,0.846692,0.076853,0.523462,16.683134,1.735028,32.738792
825,6.875000,-0.053774,0.886579,0.072022,0.453761,8.119199,83.926514,21.724327,-0.045313,0.874172,0.107766,0.471334,6.957591,91.037598,22.294647,-0.041071,0.872590,0.075440,0.480843,4.133109,106.231819,24.570707,0.075693,0.931261,0.036181,0.354563,1.559367,123.813805,26.215309,0.075929,0.974944,-0.062165,0.199638,4.308810,137.308090,26.554308,-0.145427,0.750114,0.206555,0.611159,-0.085945,118.378555,22.931316,0.448902,-0.435069,-0.109954,-0.772731,-3.589473,118.949020,6.684373,0.104606,0.331243,-0.601010,-0.719807,11.207355,113.481773,-12.419507,0.122767,0.364014,-0.351000,-0.853945,12.410240,132.826324,-5.150775,-0.198706,0.847718,0.184345,0.455969,3.672555,118.372414,28.878933,0.233763,0.907003,0.311095,-0.160998,12.074401,121.179283,42.953510,-0.074406,0.227899,0.364462,-0.899830,32.857277,113.155273,32.114586,-0.090030,0.064607,0.541230,-0.833541,20.837389,126.306259,25.330055,0.081959,0.884029,0.094670,0.450348,2.985468,83.662178,14.564012,0.078046,0.986076,0.029035,0.143942,0.896057,49.726498,6.113675,-0.003047,0.974766,0.117607,0.189712,-5.791835,4.417950,2.450433,-0.027385,0.915005,-0.109344,0.387376,13.252929,84.190842,28.884644,0.068495,0.904515,-0.059504,0.416678,12.040771,50.046814,36.638363,-0.056756,0.846668,0.076716,0.523494,4.069304,4.857540,38.961586,-0.003047,0.974766,0.117607,0.189712,-0.621575,1.893875,-10.760841,-0.056756,0.846668,0.076716,0.523494,16.685421,1.735736,32.738388
826,6.883333,-0.053705,0.886709,0.072180,0.453490,8.121798,83.925575,21.731474,-0.045103,0.874333,0.108013,0.471000,6.960227,91.036446,22.304621,-0.040672,0.872787,0.075736,0.480472,4.140418,106.220451,24.590168,0.075992,0.931241,0.036069,0.354563,1.574719,123.802010,26.251911,0.076846,0.974806,-0.061074,0.200294,4.332778,137.294540,26.590908,-0.144941,0.750473,0.206732,0.610773,-0.075636,118.370117,22.964874,0.448721,-0.435366,-0.109678,-0.772707,-3.599519,118.951904,6.722741,0.104736,0.331007,-0.601102,-0.719820,11.187490,113.471260,-12.384897,0.123026,0.364216,-0.350120,-0.854182,12.392136,132.817444,-5.127493,-0.197884,0.847964,0.184307,0.455883,3.688341,118.357590,28.909012,0.234217,0.906762,0.311308,-0.161285,12.103631,121.144020,42.979614,-0.074972,0.227909,0.365221,-0.899472,32.871403,113.108551,32.120247,-0.090350,0.064575,0.541330,-0.833444,20.873135,126.285187,25.348701,0.081899,0.884142,0.094853,0.450098,2.983608,83.663124,14.574291,0.077980,0.986248,0.029223,0.142758,0.901333,49.729191,6.115195,-0.002878,0.974822,0.117619,0.189421,-5.782466,4.420691,2.443862,-0.027383,0.915074,-0.109120,0.387276,13.259988,84.188026,28.888655,0.068605,0.904545,-0.059656,0.416573,12.054677,50.040550,36.628254,-0.057028,0.846661,0.076701,0.523479,4.068588,4.854327,38.960709,-0.002878,0.974822,0.117619,0.189421,-0.621143,1.896240,-10.770830,-0.057028,0.846661,0.076701,0.523479,16.686258,1.736248,32.738792
827,6.891667,-0.053847,0.886745,0.072254,0.453390,8.132947,83.920197,21.738773,-0.045089,0.874392,0.108333,0.470818,6.969150,91.030685,22.312056,-0.040213,0.872912,0.075910,0.480256,4.145551,106.212654,24.607012,0.076470,0.931034,0.036269,0.354984,1.591588,123.794594,26.282692,0.077446,0.974542,-0.060527,0.201508,4.360256,137.284668,26.633183,-0.144495,0.750923,0.207020,0.610228,-0.063999,118.366051,22.992765,0.448737,-0.435852,-0.109667,-0.772426,-3.614296,118.958900,6.756784,0.105001,0.330830,-0.600790,-0.720123,11.151841,113.465141,-12.363227,0.123131,0.364368,-0.348972,-0.854572,12.376886,132.812866,-5.112027,-0.197320,0.848158,0.184600,0.455648,3.703415,118.347000,28.934708,0.234895,0.906495,0.311361,-0.161698,12.133249,121.115807,43.000084,-0.075086,0.227578,0.365895,-0.899272,32.878647,113.059784,32.113220,-0.090459,0.064545,0.542211,-0.832861,20.892307,126.258087,25.357634,0.082060,0.884321,0.095036,0.449679,2.993436,83.655960,14.582604,0.078011,0.986284,0.029145,0.142508,0.903154,49.726315,6.108296,-0.003231,0.974837,0.117467,0.189429,-5.785434,4.417854,2.445235,-0.027262,0.914974,-0.108856,0.387595,13.272458,84.184425,28.894943,0.068673,0.904480,-0.059808,0.416682,12.063877,50.032459,36.614193,-0.057044,0.846600,0.076785,0.523563,4.066155,4.848763,38.955582,-0.003231,0.974837,0.117467,0.189429,-0.621301,1.890925,-10.767887,-0.057044,0.846600,0.076785,0.523563,16.685406,1.732946,32.735737
828,6.900000,-0.053720,0.886875,0.072528,0.453108,8.133121,83.913780,21.740595,-0.044891,0.874519,0.108527,0.470556,6.969346,91.023895,22.318565,-0.039709,0.873075,0.076094,0.479972,4.149084,106.204796,24.622473,0.077051,0.930835,0.036644,0.355341,1.608207,123.787178,26.313379,0.078100,0.974278,-0.060342,0.202588,4.388352,137.274445,26.680582,-0.144139,0.751385,0.206892,0.609787,-0.053483,118.362251,23.020576,0.448552,-0.436684,-0.110075,-0.772006,-3.625085,118.956161,6.789312,0.104883,0.330976,-0.600100,-0.720649,11.100661,113.461243,-12.361486,0.123252,0.364425,-0.348134,-0.854872,12.356144,132.802444,-5.092042,-0.196714,0.848417,0.184666,0.455402,3.718338,118.336151,28.959692,0.235502,0.906070,0.311983,-0.161998,12.163551,121.090057,43.018761,-0.075068,0.227298,0.366706,-0.899015,32.889992,113.021317,32.105236,-0.090236,0.064643,0.542394,-0.832759,20.921965,126.242294,25.363857,0.082054,0.884407,0.095211,0.449473,2.988861,83.653221,14.587708,0.077946,0.986332,0.029119,0.142215,0.902609,49.725834,6.103358,-0.002956,0.974851,0.117570,0.189300,-5.781521,4.416284,2.445531,-0.027307,0.914849,-0.108822,0.387897,13.277382,84.174332,28.893482,0.068737,0.904375,-0.059875,0.416888,12.070083,50.022030,36.611423,-0.057343,0.846593,0.076983,0.523513,4.063968,4.839882,38.954098,-0.002956,0.974851,0.117570,0.189300,-0.622817,1.890928,-10.770009,-0.057343,0.846593,0.076983,0.523513,16.685127,1.733287,32.733521
829,6.908333,-0.054300,0.886907,0.073230,0.452863,8.152006,83.906609,21.736290,-0.045015,0.874646,0.108964,0.470208,6.976432,91.014343,22.319689,-0.039259,0.873298,0.076181,0.479590,4.146297,106.197716,24.635517,0.077492,0.930628,0.036875,0.355763,1.618673,123.780891,26.337978,0.079017,0.973934,-0.060058,0.203965,4.408190,137.265884,26.717144,-0.144815,0.751447,0.206825,0.609574,-0.049753,118.358765,23.043949,0.447945,-0.437346,-0.110710,-0.771892,-3.623535,118.932655,6.812437,0.104274,0.330969,-0.599733,-0.721045,11.066568,113.459801,-12.372030,0.122980,0.364213,-0.347138,-0.855406,12.340665,132.794952,-5.079353,-0.196173,0.848720,0.184787,0.455021,3.727726,118.327095,28.979445,0.236018,0.905804,0.312200,-0.162312,12.191579,121.068214,43.029804,-0.074862,0.227029,0.367360,-0.898833,32.900917,112.986015,32.093792,-0.089771,0.064254,0.542389,-0.832843,20.947287,126.223457,25.362635,0.082289,0.884560,0.095253,0.449121,3.004932,83.642242,14.585564,0.077892,0.986391,0.029058,0.141846,0.902216,49.718124,6.092221,-0.003111,0.974871,0.117687,0.189120,-5.779225,4.407483,2.443062,-0.027099,0.914685,-0.108847,0.388291,13.299081,84.170975,28.887016,0.068725,0.904243,-0.059999,0.417160,12.074490,50.018250,36.600418,-0.057362,0.846542,0.076973,0.523594,4.063995,4.837310,38.951427,-0.003111,0.974871,0.117687,0.189120,-0.623804,1.886286,-10.774556,-0.057362,0.846542,0.076973,0.523594,16.686411,1.730793,32.733353
830,6.916667,-0.053826,0.886917,0.073438,0.452866,8.143954,83.912910,21.730591,-0.044740,0.874743,0.109287,0.469978,6.973088,91.020943,22.319767,-0.038850,0.873479,0.076227,0.479286,4.148495,106.191376,24.647346,0.077829,0.930499,0.036934,0.356020,1.633410,123.775436,26.359154,0.080357,0.973637,-0.059737,0.204950,4.431123,137.258560,26.744190,-0.144559,0.751881,0.206847,0.609091,-0.041014,118.355774,23.064127,0.447189,-0.438107,-0.110621,-0.771912,-3.636833,118.931076,6.837539,0.103742,0.330670,-0.599398,-0.721538,11.021253,113.454483,-12.370327,0.122680,0.363943,-0.346407,-0.855861,12.320224,132.783783,-5.065018,-0.195430,0.849160,0.184579,0.454604,3.741014,118.319191,28.996696,0.236609,0.905447,0.312628,-0.162618,12.227142,121.047913,43.036026,-0.074215,0.226544,0.367901,-0.898787,32.917717,112.951569,32.075005,-0.089433,0.063158,0.542551,-0.832857,20.971840,126.198921,25.353867,0.082118,0.884587,0.095188,0.449112,2.996025,83.657608,14.580154,0.077720,0.986465,0.029164,0.141408,0.901644,49.730648,6.096114,-0.002803,0.974987,0.117432,0.188684,-5.764579,4.418117,2.442546,-0.027280,0.914406,-0.108757,0.388960,13.291883,84.168205,28.881029,0.068668,0.903931,-0.060123,0.417827,12.075658,50.014805,36.592720,-0.057642,0.846543,0.077006,0.523557,4.063428,4.834524,38.950298,-0.002803,0.974987,0.117432,0.188684,-0.623409,1.888422,-10.778995,-0.057642,0.846543,0.077006,0.523557,16.687281,1.732997,32.732666
831,6.925000,-0.054255,0.887029,0.073759,0.452544,8.150262,83.900894,21.728140,-0.044602,0.874922,0.109452,0.469620,6.972043,91.007576,22.319004,-0.038510,0.873696,0.076223,0.478919,4.148311,106.185219,24.655451,0.078611,0.930259,0.036934,0.356474,1.644579,123.770248,26.374054,0.081184,0.973299,-0.059366,0.206336,4.462489,137.248901,26.768547,-0.143320,0.752641,0.206729,0.608486,-0.035835,118.352364,23.079140,0.447015,-0.438652,-0.110136,-0.771772,-3.668026,118.948494,6.861401,0.103673,0.330160,-0.599104,-0.722025,10.971684,113.444313,-12.352605,0.122164,0.363447,-0.345763,-0.856406,12.299000,132.770844,-5.054030,-0.195305,0.849459,0.185244,0.453829,3.751512,118.312141,29.008293,0.237069,0.905310,0.312444,-0.163067,12.262702,121.033981,43.033787,-0.074373,0.226192,0.368137,-0.898766,32.935249,112.924103,32.048763,-0.089798,0.062845,0.542362,-0.832965,20.989435,126.180115,25.342497,0.082012,0.884706,0.095656,0.448798,2.998014,83.640930,14.580978,0.078445,0.986183,0.028608,0.143076,0.922149,49.719002,6.072288,-0.002890,0.974795,0.117448,0.189667,-5.810607,4.413924,2.448442,-0.027240,0.914167,-0.108845,0.389499,13.302509,84.160851,28.875303,0.068622,0.903767,-0.060161,0.418184,12.076783,50.008629,36.590710,-0.057771,0.846540,0.077140,0.523529,4.066028,4.828170,38.950012,-0.002890,0.974795,0.117448,0.189667,-0.643023,1.884609,-10.762875,-0.057771,0.846540,0.077140,0.523529,16.690769,1.731782,32.731609
832,6.933333,-0.054263,0.886962,0.074216,0.452600,8.155201,83.902397,21.713339,-0.044515,0.875039,0.109900,0.469305,6.973895,91.008087,22.309885,-0.038188,0.873940,0.076155,0.478509,4.147205,106.181160,24.660416,0.079363,0.930002,0.037008,0.356972,1.655472,123.767433,26.383627,0.082121,0.972914,-0.059163,0.207832,4.492147,137.241821,26.789442,-0.143044,0.753081,0.206710,0.608012,-0.031384,118.350937,23.089733,0.446074,-0.439522,-0.110176,-0.771816,-3.685371,118.948257,6.876936,0.103003,0.329905,-0.598491,-0.722746,10.916037,113.447067,-12.367044,0.121699,0.363025,-0.344931,-0.856986,12.280552,132.760178,-5.048078,-0.194791,0.849794,0.185142,0.453464,3.761827,118.307785,29.015112,0.237617,0.905209,0.312086,-0.163519,12.290689,121.021057,43.031525,-0.074780,0.225974,0.368698,-0.898558,32.943024,112.891861,32.022793,-0.089959,0.062432,0.542092,-0.833154,21.009043,126.167206,25.333014,0.081865,0.884917,0.095546,0.448431,3.003862,83.646088,14.565392,0.078517,0.986200,0.028613,0.142919,0.929988,49.720997,6.068828,-0.002808,0.974809,0.117331,0.189666,-5.809676,4.416969,2.444674,-0.027272,0.913996,-0.109012,0.389852,13.306540,84.158699,28.861284,0.068579,0.903680,-0.060223,0.418370,12.075326,50.009148,36.587650,-0.057762,0.846536,0.077180,0.523530,4.065216,4.828844,38.952141,-0.002808,0.974809,0.117331,0.189666,-0.642949,1.883971,-10.766273,-0.057762,0.846536,0.077180,0.523530,16.690039,1.733260,32.733505
833,6.941667,-0.054364,0.887153,0.074217,0.452213,8.149693,83.893433,21.709610,-0.044443,0.875284,0.110033,0.468823,6.967346,90.998962,22.306017,-0.037763,0.874255,0.075953,0.477999,4.140299,106.180336,24.664160,0.080156,0.929756,0.037016,0.357434,1.666216,123.768852,26.389849,0.083108,0.972512,-0.059018,0.209358,4.523268,137.238617,26.805511,-0.142848,0.753569,0.206540,0.607510,-0.029508,118.353737,23.098244,0.446002,-0.440242,-0.110273,-0.771433,-3.705637,118.946754,6.890298,0.102778,0.329822,-0.598001,-0.723222,10.863323,113.432838,-12.374613,0.121263,0.362601,-0.343985,-0.857607,12.254688,132.743912,-5.042289,-0.194284,0.850086,0.185245,0.453092,3.771027,118.307434,29.018906,0.238049,0.905104,0.311841,-0.163936,12.317666,121.009003,43.026745,-0.075096,0.225811,0.368982,-0.898455,32.953053,112.866165,31.996334,-0.090557,0.062025,0.541806,-0.833306,21.025427,126.150764,25.318924,0.081644,0.885118,0.095907,0.447998,2.992377,83.634857,14.566058,0.078568,0.986246,0.028526,0.142593,0.939467,49.712093,6.055150,-0.002924,0.974784,0.117536,0.189664,-5.807137,4.408354,2.440409,-0.027272,0.913812,-0.109057,0.390270,13.307011,84.152000,28.853161,0.068496,0.903662,-0.060279,0.418413,12.070971,50.003136,36.581768,-0.057912,0.846586,0.077210,0.523428,4.065475,4.822409,38.953720,-0.002924,0.974784,0.117536,0.189664,-0.639218,1.881683,-10.771279,-0.057912,0.846586,0.077210,0.523428,16.689936,1.729789,32.732880
834,6.950000,-0.054443,0.887176,0.074495,0.452112,8.149815,83.889114,21.695427,-0.044328,0.875476,0.110240,0.468427,6.964726,90.993919,22.294987,-0.037635,0.874524,0.075894,0.477526,4.140175,106.167282,24.660582,0.080761,0.929510,0.036863,0.357952,1.672018,123.756477,26.387968,0.084259,0.972074,-0.058651,0.211030,4.546298,137.222458,26.807827,-0.142900,0.753805,0.206560,0.607199,-0.028563,118.341553,23.098543,0.445276,-0.441019,-0.110602,-0.771361,-3.716777,118.930397,6.893192,0.102087,0.329814,-0.597521,-0.723719,10.814651,113.427315,-12.403141,0.120937,0.362131,-0.342947,-0.858267,12.230112,132.728714,-5.044455,-0.193893,0.850464,0.184902,0.452689,3.778466,118.294731,29.015028,0.238429,0.905011,0.311690,-0.164184,12.342284,120.995331,43.012558,-0.075514,0.225530,0.369350,-0.898340,32.964661,112.839142,31.967705,-0.090763,0.061647,0.541462,-0.833535,21.042395,126.137672,25.307756,0.081391,0.885313,0.095907,0.447659,2.991033,83.631363,14.552901,0.078665,0.986246,0.028518,0.142538,0.950424,49.705711,6.050555,-0.002965,0.974804,0.117591,0.189525,-5.805226,4.403326,2.435667,-0.027321,0.913637,-0.109129,0.390657,13.308597,84.146866,28.837950,0.068469,0.903655,-0.060370,0.418420,12.070442,49.999287,36.571926,-0.057870,0.846527,0.077401,0.523500,4.063707,4.819226,38.952396,-0.002965,0.974804,0.117591,0.189525,-0.640525,1.878500,-10.777634,-0.057870,0.846527,0.077401,0.523500,16.689508,1.730561,32.732311
835,6.958333,-0.053941,0.887300,0.074362,0.451951,8.129975,83.887383,21.682034,-0.044098,0.875749,0.110288,0.467926,6.952263,90.993263,22.283434,-0.037247,0.874888,0.075856,0.476895,4.135592,106.161736,24.654545,0.081413,0.929373,0.036799,0.358167,1.681429,123.752167,26.389196,0.085565,0.971699,-0.058779,0.212188,4.572971,137.214264,26.814667,-0.141825,0.754564,0.206326,0.606588,-0.027615,118.339012,23.101248,0.445062,-0.441639,-0.110276,-0.771177,-3.750673,118.942307,6.904397,0.102095,0.329349,-0.597185,-0.724207,10.757202,113.416763,-12.403241,0.120653,0.361738,-0.341805,-0.858928,12.201880,132.716644,-5.051260,-0.193438,0.850765,0.184815,0.452353,3.788299,118.288528,29.011976,0.238726,0.904858,0.311798,-0.164388,12.368088,120.981575,43.001183,-0.075624,0.225352,0.369658,-0.898248,32.980125,112.817909,31.942564,-0.090926,0.061136,0.540978,-0.833869,21.063890,126.125648,25.292154,0.080901,0.885332,0.095936,0.447703,2.967672,83.636101,14.541822,0.078678,0.986471,0.028812,0.140907,0.958544,49.705273,6.052621,-0.002937,0.974807,0.117473,0.189584,-5.800378,4.404625,2.422107,-0.027579,0.913579,-0.109128,0.390774,13.292278,84.138664,28.822243,0.068415,0.903728,-0.060443,0.418261,12.069694,49.992073,36.563042,-0.058187,0.846540,0.077389,0.523445,4.065051,4.812145,38.953011,-0.002937,0.974807,0.117473,0.189584,-0.634526,1.876288,-10.790072,-0.058187,0.846540,0.077389,0.523445,16.692146,1.727956,32.733330
836,6.966667,-0.054371,0.887268,0.074686,0.451908,8.137772,83.878418,21.662071,-0.044208,0.875953,0.110477,0.467491,6.952503,90.982933,22.264818,-0.036814,0.875222,0.075879,0.476312,4.129531,106.159386,24.642275,0.082135,0.929145,0.036655,0.358610,1.689623,123.750839,26.386673,0.086706,0.971243,-0.058879,0.213780,4.601147,137.208481,26.817396,-0.142216,0.754931,0.206047,0.606135,-0.027676,118.340012,23.099190,0.444248,-0.442429,-0.110603,-0.771146,-3.765338,118.923035,6.904954,0.101447,0.329169,-0.596784,-0.724710,10.704350,113.410271,-12.434976,0.120440,0.361373,-0.340787,-0.859516,12.173825,132.702423,-5.063264,-0.193116,0.851083,0.185186,0.451742,3.796508,118.284843,29.004532,0.238968,0.904812,0.311567,-0.164728,12.398830,120.969025,42.981606,-0.076160,0.225035,0.369718,-0.898258,32.999580,112.798378,31.907097,-0.091467,0.061133,0.540676,-0.834006,21.078468,126.113220,25.274578,0.080919,0.885397,0.095747,0.447612,2.975602,83.622971,14.521911,0.078743,0.986308,0.028558,0.142058,0.958445,49.689804,6.043981,-0.002954,0.974762,0.117890,0.189559,-5.805490,4.388756,2.427769,-0.027536,0.913472,-0.109292,0.390980,13.299942,84.133873,28.802235,0.068396,0.903832,-0.060549,0.418024,12.068304,49.989613,36.551884,-0.058150,0.846537,0.077410,0.523452,4.061859,4.810614,38.953453,-0.002954,0.974762,0.117890,0.189559,-0.639551,1.872240,-10.786636,-0.058150,0.846537,0.077410,0.523452,16.688871,1.726360,32.733627
837,6.975000,-0.054432,0.887311,0.074782,0.451800,8.136063,83.869728,21.643448,-0.044262,0.876160,0.110517,0.467087,6.949461,90.973938,22.247160,-0.036436,0.875528,0.075880,0.475779,4.124676,106.154564,24.626932,0.082766,0.928917,0.036435,0.359075,1.697606,123.747002,26.379311,0.087938,0.970774,-0.058905,0.215393,4.627598,137.200546,26.812584,-0.141819,0.755417,0.205884,0.605677,-0.027165,118.338120,23.092541,0.443756,-0.443182,-0.110421,-0.771024,-3.787005,118.922401,6.903491,0.101006,0.328448,-0.596442,-0.725380,10.651642,113.396240,-12.455791,0.119704,0.360656,-0.340267,-0.860126,12.157694,132.686203,-5.084054,-0.192649,0.851360,0.185409,0.451327,3.804551,118.279007,28.992956,0.239161,0.904649,0.311834,-0.164836,12.425329,120.950935,42.960995,-0.076413,0.224722,0.370009,-0.898195,33.019745,112.777420,31.876839,-0.091470,0.061020,0.540840,-0.833908,21.100775,126.103401,25.259602,0.080676,0.885407,0.095584,0.447671,2.972296,83.613899,14.504458,0.078823,0.986406,0.028704,0.141305,0.965481,49.675793,6.043865,-0.003028,0.974713,0.118181,0.189626,-5.806478,4.376677,2.418538,-0.027547,0.913366,-0.109356,0.391211,13.299829,84.125557,28.782440,0.068294,0.903793,-0.060646,0.418110,12.065146,49.982327,36.536102,-0.058618,0.846299,0.077233,0.523809,4.063231,4.803130,38.948887,-0.003028,0.974713,0.118181,0.189626,-0.637770,1.868686,-10.796401,-0.058618,0.846299,0.077233,0.523809,16.697910,1.721776,32.743221
838,6.983333,-0.054396,0.887362,0.074667,0.451724,8.128945,83.864143,21.623854,-0.044256,0.876366,0.110529,0.466699,6.943603,90.968651,22.226440,-0.036052,0.875826,0.075862,0.475262,4.119910,106.148972,24.607838,0.083187,0.928634,0.036544,0.359698,1.706158,123.742500,26.367676,0.089243,0.970215,-0.059277,0.217266,4.646272,137.193512,26.810574,-0.141415,0.755890,0.205871,0.605186,-0.026131,118.335533,23.081696,0.443491,-0.444122,-0.110652,-0.770602,-3.809571,118.924095,6.898300,0.100813,0.328591,-0.595817,-0.725856,10.585228,113.389626,-12.491241,0.120273,0.360179,-0.339239,-0.860652,12.118355,132.672150,-5.100767,-0.192075,0.851696,0.185082,0.451072,3.812899,118.272507,28.977316,0.239392,0.904634,0.311731,-0.164784,12.448671,120.936798,42.937553,-0.077008,0.224840,0.370468,-0.897925,33.038486,112.751495,31.853542,-0.091522,0.061075,0.540185,-0.834322,21.135416,126.093864,25.244839,0.080479,0.885429,0.095342,0.447714,2.963901,83.607819,14.485806,0.078742,0.986438,0.028823,0.141097,0.961871,49.664257,6.045990,-0.003086,0.974699,0.118489,0.189507,-5.802022,4.364604,2.412393,-0.027551,0.913303,-0.109461,0.391327,13.293990,84.120468,28.761902,0.068137,0.903843,-0.060724,0.418016,12.055708,49.978867,36.522190,-0.058128,0.846305,0.077828,0.523766,4.064010,4.798576,38.948322,-0.003086,0.974699,0.118489,0.189507,-0.635485,1.865614,-10.805101,-0.058128,0.846305,0.077828,0.523766,16.696686,1.724112,32.735157
839,6.991667,-0.054341,0.887362,0.074644,0.451734,8.122089,83.857590,21.599585,-0.043787,0.876552,0.110497,0.466401,6.937598,90.962234,22.202230,-0.035970,0.876048,0.075640,0.474895,4.128637,106.140480,24.590080,0.083730,0.928343,0.036584,0.360320,1.721927,123.735413,26.345432,0.090291,0.969735,-0.059509,0.218908,4.675889,137.183090,26.797413,-0.139842,0.756875,0.205905,0.604308,-0.014855,118.327797,23.062931,0.443680,-0.444821,-0.110287,-0.770142,-3.848326,118.946007,6.892419,0.101111,0.328215,-0.595252,-0.726448,10.519691,113.375542,-12.506680,0.120524,0.359559,-0.338881,-0.861018,12.090787,132.656616,-5.125047,-0.191740,0.851865,0.184999,0.450928,3.829157,118.265739,28.955313,0.239635,0.904641,0.311626,-0.164588,12.473501,120.923759,42.911438,-0.077808,0.225264,0.370882,-0.897579,33.060722,112.723579,31.833626,-0.092040,0.061613,0.539192,-0.834868,21.176926,126.083038,25.226063,0.080187,0.885471,0.095057,0.447745,2.957091,83.601967,14.461478,0.078766,0.986468,0.028877,0.140863,0.964208,49.651302,6.048074,-0.003166,0.974667,0.118750,0.189507,-5.802011,4.352283,2.410871,-0.027588,0.913198,-0.109520,0.391553,13.287088,84.113220,28.737692,0.067948,0.903578,-0.060918,0.418591,12.047632,49.972664,36.502392,-0.058288,0.846256,0.077869,0.523823,4.062619,4.792184,38.946915,-0.003166,0.974667,0.118750,0.189507,-0.634466,1.861053,-10.807693,-0.058288,0.846256,0.077869,0.523823,16.697289,1.721114,32.736122
840,7.000000,-0.054254,0.887275,0.074827,0.451885,8.121237,83.854195,21.566196,-0.044681,0.876771,0.110751,0.465844,6.936568,90.958580,22.171541,-0.034811,0.876590,0.075648,0.473978,4.098939,106.143997,24.556637,0.084969,0.928210,0.036415,0.360388,1.730124,123.741821,26.334471,0.091019,0.969392,-0.059840,0.220033,4.716956,137.181961,26.794529,-0.140058,0.757094,0.205387,0.604159,-0.024595,118.340721,23.050762,0.442919,-0.445766,-0.110119,-0.770058,-3.862023,118.941055,6.880514,0.100513,0.327706,-0.594981,-0.726983,10.466125,113.359787,-12.544945,0.120546,0.358867,-0.338434,-0.861479,12.064517,132.636581,-5.155073,-0.191220,0.852192,0.185126,0.450479,3.832819,118.265579,28.934229,0.239973,0.904522,0.311993,-0.164055,12.497267,120.911812,42.880123,-0.078417,0.225751,0.371405,-0.897188,33.085140,112.692680,31.817570,-0.092679,0.062186,0.538532,-0.835181,21.224386,126.071312,25.206821,0.079968,0.885568,0.094539,0.447702,2.958483,83.601662,14.426353,0.078719,0.986580,0.029012,0.140075,0.962129,49.641655,6.051580,-0.003109,0.974636,0.118973,0.189526,-5.800976,4.342675,2.408112,-0.027580,0.913034,-0.109652,0.391899,13.283990,84.106728,28.706038,0.067715,0.903415,-0.061122,0.418952,12.037396,49.968166,36.478363,-0.058442,0.846239,0.077919,0.523826,4.062877,4.787073,38.945625,-0.003109,0.974636,0.118973,0.189526,-0.633061,1.857424,-10.811436,-0.058442,0.846239,0.077919,0.523826,16.698765,1.719533,32.735577
841,7.008333,-0.054232,0.887289,0.074939,0.451841,8.115450,83.845734,21.532825,-0.044780,0.876994,0.110778,0.465408,6.930359,90.949913,22.139797,-0.034253,0.876950,0.075589,0.473363,4.090353,106.137314,24.525961,0.085374,0.928064,0.036271,0.360684,1.741231,123.736824,26.313114,0.092043,0.968975,-0.060073,0.221376,4.739915,137.174271,26.774761,-0.139484,0.757647,0.205058,0.603710,-0.023635,118.338516,23.030272,0.442246,-0.446548,-0.109877,-0.770027,-3.884438,118.941048,6.865670,0.100102,0.327171,-0.594684,-0.727523,10.411779,113.348076,-12.579942,0.120607,0.358181,-0.337968,-0.861938,12.038903,132.616837,-5.189303,-0.190712,0.852499,0.184686,0.450295,3.842523,118.257698,28.907923,0.240537,0.904534,0.311764,-0.163593,12.518928,120.899200,42.847279,-0.079580,0.226455,0.372122,-0.896610,33.100872,112.645630,31.799347,-0.093707,0.063125,0.537880,-0.835416,21.272425,126.052948,25.188011,0.079644,0.885735,0.094083,0.447525,2.951954,83.594360,14.393478,0.078701,0.986655,0.029158,0.139527,0.959255,49.624714,6.057010,-0.003363,0.974584,0.119405,0.189516,-5.802362,4.326254,2.404355,-0.027621,0.912913,-0.109815,0.392133,13.278945,84.097115,28.672174,0.067508,0.903320,-0.061318,0.419162,12.028449,49.961220,36.455582,-0.058427,0.846236,0.078097,0.523805,4.062951,4.779759,38.945229,-0.003363,0.974584,0.119405,0.189516,-0.632020,1.854426,-10.816762,-0.058427,0.846236,0.078097,0.523805,16.699001,1.716249,32.733517
842,7.016667,-0.054396,0.887342,0.075050,0.451700,8.114864,83.837387,21.502193,-0.045046,0.877216,0.110772,0.464966,6.927063,90.941071,22.109682,-0.033634,0.877306,0.075519,0.472758,4.080528,106.130722,24.493673,0.085899,0.927883,0.036437,0.361007,1.753167,123.732117,26.290781,0.092928,0.968564,-0.060566,0.222667,4.763731,137.166519,26.763248,-0.139072,0.758116,0.204810,0.603302,-0.022434,118.336929,23.008585,0.441556,-0.447477,-0.109575,-0.769926,-3.903450,118.939926,6.848849,0.099637,0.326542,-0.594412,-0.728092,10.354871,113.329826,-12.619634,0.120621,0.357445,-0.337417,-0.862458,12.012460,132.596024,-5.227445,-0.190060,0.852839,0.184221,0.450117,3.852365,118.249748,28.880447,0.240798,0.904448,0.312199,-0.162858,12.542352,120.882965,42.812901,-0.080344,0.227302,0.372415,-0.896206,33.129978,112.610886,31.789415,-0.095285,0.064043,0.537526,-0.835395,21.325752,126.030182,25.165081,0.079450,0.886011,0.093706,0.447093,2.949433,83.584091,14.364319,0.078648,0.986726,0.029231,0.139040,0.952606,49.607311,6.057996,-0.003197,0.974523,0.119825,0.189570,-5.805079,4.308465,2.402757,-0.027415,0.912651,-0.109985,0.392708,13.280294,84.090683,28.640068,0.067129,0.903091,-0.061513,0.419687,12.006999,49.956627,36.427803,-0.058424,0.846215,0.078260,0.523814,4.063893,4.772681,38.943695,-0.003197,0.974523,0.119825,0.189570,-0.634054,1.847573,-10.820127,-0.058424,0.846215,0.078260,0.523814,16.700560,1.713030,32.731342
843,7.025000,-0.054420,0.887378,0.075093,0.451619,8.108466,83.831039,21.470661,-0.045042,0.877501,0.110358,0.464526,6.920134,90.934593,22.078653,-0.033174,0.877662,0.075714,0.472097,4.081988,106.120857,24.451967,0.085830,0.927752,0.036315,0.361374,1.767105,123.722305,26.264690,0.094045,0.968063,-0.060809,0.224301,4.777437,137.156845,26.735031,-0.138270,0.758847,0.204583,0.602642,-0.016629,118.330315,22.981646,0.441244,-0.448478,-0.109435,-0.769542,-3.931494,118.941116,6.830368,0.099426,0.325910,-0.593816,-0.728890,10.283896,113.308647,-12.663031,0.120379,0.356731,-0.336894,-0.862991,11.987888,132.571045,-5.271492,-0.189840,0.853061,0.184184,0.449805,3.867388,118.237030,28.847319,0.241482,0.904325,0.312369,-0.162197,12.569505,120.867882,42.772652,-0.080974,0.227719,0.373235,-0.895702,33.151417,112.557755,31.767130,-0.095895,0.064556,0.537665,-0.835196,21.376181,126.006508,25.143513,0.079198,0.886239,0.093256,0.446780,2.941791,83.577576,14.333694,0.078570,0.986776,0.029331,0.138707,0.943186,49.592094,6.063435,-0.003403,0.974477,0.120252,0.189531,-5.807381,4.292664,2.402374,-0.027457,0.912400,-0.110182,0.393233,13.275142,84.084511,28.607632,0.066905,0.903147,-0.061626,0.419585,11.994598,49.953644,36.408161,-0.058492,0.846202,0.078264,0.523828,4.066000,4.768210,38.943027,-0.003403,0.974477,0.120252,0.189531,-0.635105,1.844860,-10.822450,-0.058492,0.846202,0.078264,0.523828,16.703314,1.709676,32.731445
844,7.033333,-0.054360,0.887517,0.075155,0.451343,8.103318,83.826889,21.435648,-0.045418,0.877689,0.110387,0.464127,6.915540,90.930397,22.045193,-0.032464,0.877981,0.075475,0.471591,4.067032,106.119301,24.415674,0.086213,0.927568,0.036349,0.361751,1.779395,123.723686,26.234337,0.094689,0.967671,-0.061087,0.225645,4.799335,137.155853,26.710983,-0.138022,0.759403,0.204074,0.602172,-0.016177,118.334793,22.952665,0.440803,-0.449426,-0.109371,-0.769251,-3.952187,118.935921,6.806155,0.099039,0.325253,-0.593396,-0.729577,10.221748,113.288521,-12.713110,0.120309,0.355827,-0.336569,-0.863501,11.964092,132.547165,-5.320903,-0.189344,0.853270,0.184161,0.449626,3.875218,118.235016,28.813347,0.242318,0.904152,0.312620,-0.161429,12.588951,120.854530,42.733555,-0.081339,0.228236,0.374193,-0.895138,33.163147,112.499130,31.747890,-0.096383,0.065078,0.537903,-0.834946,21.422573,125.979164,25.118780,0.078757,0.886512,0.092781,0.446413,2.932135,83.574356,14.301908,0.078638,0.986854,0.029496,0.138078,0.942142,49.577808,6.075179,-0.003616,0.974414,0.120523,0.189682,-5.814814,4.280257,2.402594,-0.027408,0.912233,-0.110478,0.393540,13.274501,84.079422,28.569389,0.066625,0.903055,-0.061767,0.419808,11.979949,49.952950,36.386826,-0.058708,0.846177,0.078242,0.523847,4.068449,4.765672,38.942226,-0.003616,0.974414,0.120523,0.189682,-0.636495,1.841081,-10.821466,-0.058708,0.846177,0.078242,0.523847,16.707413,1.709885,32.732628
845,7.041667,-0.054454,0.887637,0.075169,0.451094,8.097363,83.822762,21.395653,-0.045441,0.877889,0.110341,0.463758,6.908473,90.926094,22.005087,-0.032114,0.878232,0.075495,0.471146,4.061519,106.112526,24.374762,0.086595,0.927397,0.036313,0.362101,1.785425,123.717621,26.201130,0.095468,0.967292,-0.061348,0.226868,4.815639,137.147308,26.682182,-0.137468,0.759825,0.203818,0.601853,-0.016600,118.330681,22.919779,0.440419,-0.450428,-0.109190,-0.768911,-3.970448,118.936577,6.777812,0.098809,0.324747,-0.592972,-0.730178,10.160782,113.267113,-12.765996,0.120699,0.355007,-0.336065,-0.863980,11.937636,132.523453,-5.373262,-0.188788,0.853543,0.183716,0.449525,3.881021,118.227028,28.776253,0.242777,0.904172,0.312622,-0.160626,12.604777,120.839737,42.691456,-0.081596,0.228806,0.374995,-0.894633,33.180767,112.451134,31.734497,-0.096237,0.065272,0.538366,-0.834650,21.473526,125.954796,25.096828,0.078421,0.886707,0.092114,0.446223,2.922397,83.568428,14.264721,0.078491,0.987005,0.029848,0.137005,0.930168,49.559544,6.089708,-0.003477,0.974342,0.121029,0.189729,-5.812980,4.261783,2.394408,-0.027345,0.911935,-0.110771,0.394152,13.272327,84.077095,28.526583,0.066278,0.902963,-0.061941,0.420035,11.960421,49.954914,36.359833,-0.058776,0.846190,0.078152,0.523832,4.070281,4.765379,38.941231,-0.003477,0.974342,0.121029,0.189729,-0.633806,1.836122,-10.831800,-0.058776,0.846190,0.078152,0.523832,16.709202,1.708462,32.732117
846,7.050000,-0.054312,0.887926,0.074856,0.450593,8.082361,83.810463,21.361893,-0.045406,0.878108,0.110242,0.463370,6.897646,90.914696,21.968948,-0.031680,0.878465,0.075327,0.470767,4.053338,106.106064,24.338367,0.087000,0.927241,0.036052,0.362430,1.794445,123.713051,26.167816,0.096113,0.966955,-0.061425,0.228008,4.837636,137.139862,26.647657,-0.136899,0.760297,0.203393,0.601530,-0.015399,118.327881,22.887871,0.440308,-0.451478,-0.109022,-0.768382,-3.987370,118.935326,6.750411,0.098725,0.324045,-0.592553,-0.730841,10.098724,113.236145,-12.817319,0.120977,0.354089,-0.335680,-0.864468,11.915339,132.495697,-5.431728,-0.188164,0.853797,0.183571,0.449363,3.887629,118.220482,28.740675,0.243359,0.904053,0.312942,-0.159785,12.624031,120.820251,42.650372,-0.081718,0.229260,0.376043,-0.894066,33.199322,112.396469,31.719124,-0.095743,0.065548,0.539008,-0.834270,21.529543,125.930786,25.075657,0.078100,0.887056,0.091287,0.445757,2.899158,83.554924,14.236993,0.078700,0.987025,0.030072,0.136685,0.896076,49.531898,6.123683,-0.003849,0.974102,0.121532,0.190631,-5.864228,4.238385,2.407710,-0.027286,0.911751,-0.111099,0.394491,13.265564,84.065994,28.486794,0.065938,0.902983,-0.062027,0.420031,11.937806,49.948692,36.338604,-0.058950,0.846170,0.078233,0.523832,4.072456,4.756001,38.940407,-0.003849,0.974102,0.121532,0.190631,-0.657773,1.828276,-10.810624,-0.058950,0.846170,0.078233,0.523832,16.712772,1.703631,32.731895
847,7.058333,-0.054116,0.888087,0.074676,0.450328,8.071387,83.798561,21.322762,-0.045466,0.878266,0.110191,0.463077,6.890512,90.903488,21.929165,-0.031176,0.878683,0.075132,0.470425,4.045159,106.099876,24.298021,0.087355,0.927054,0.035847,0.362844,1.806012,123.709038,26.130783,0.096654,0.966594,-0.061465,0.229294,4.860470,137.133270,26.610777,-0.136390,0.760758,0.203079,0.601169,-0.012232,118.325996,22.851999,0.439716,-0.452604,-0.108490,-0.768133,-4.003260,118.935501,6.719324,0.098478,0.323151,-0.592234,-0.731529,10.038113,113.203468,-12.870936,0.121274,0.353137,-0.334906,-0.865116,11.894696,132.466904,-5.494415,-0.187214,0.854099,0.182894,0.449462,3.895766,118.214119,28.701401,0.244179,0.903857,0.313301,-0.158939,12.641075,120.798286,42.608406,-0.082156,0.229918,0.377207,-0.893366,33.209946,112.329887,31.699572,-0.095871,0.066320,0.539006,-0.834196,21.585516,125.899254,25.049942,0.077618,0.887540,0.090785,0.444980,2.883613,83.544144,14.201149,0.078678,0.987114,0.030295,0.136005,0.887205,49.509449,6.135298,-0.003925,0.974001,0.122058,0.190809,-5.870856,4.216867,2.404045,-0.027211,0.911542,-0.111398,0.394893,13.259162,84.052971,28.444374,0.065576,0.902823,-0.062198,0.420406,11.914799,49.940041,36.312355,-0.059026,0.846141,0.078419,0.523844,4.071696,4.744929,38.939083,-0.003925,0.974001,0.122058,0.190809,-0.658373,1.821861,-10.814658,-0.059026,0.846141,0.078419,0.523844,16.713261,1.698163,32.730358
848,7.066667,-0.053977,0.888269,0.074551,0.450007,8.062481,83.789345,21.280361,-0.045675,0.878450,0.110283,0.462685,6.884415,90.894760,21.886507,-0.030561,0.878974,0.074722,0.469986,4.031690,106.097321,24.257227,0.087684,0.926898,0.035590,0.363189,1.819558,123.710022,26.088692,0.097108,0.966259,-0.061213,0.230581,4.885097,137.131805,26.566919,-0.135982,0.761134,0.203105,0.600776,-0.009967,118.328857,22.813089,0.439578,-0.453695,-0.107949,-0.767645,-4.020411,118.944847,6.685469,0.098672,0.322463,-0.591687,-0.732249,9.977777,113.168907,-12.922804,0.121788,0.352269,-0.333896,-0.865788,11.879695,132.433945,-5.559780,-0.186479,0.854290,0.182553,0.449543,3.904379,118.212700,28.658163,0.244904,0.903742,0.313511,-0.158059,12.656418,120.781776,42.563732,-0.082271,0.230307,0.378223,-0.892826,33.221512,112.270264,31.681353,-0.095582,0.066735,0.540003,-0.833551,21.632317,125.869690,25.027531,0.077239,0.887649,0.089984,0.444991,2.869333,83.535522,14.162639,0.078596,0.987244,0.030711,0.135016,0.871044,49.486576,6.157622,-0.004098,0.973910,0.122509,0.190982,-5.878080,4.195130,2.396428,-0.027159,0.911334,-0.111741,0.395280,13.255629,84.043159,28.398081,0.065238,0.902708,-0.062373,0.420680,11.895020,49.935390,36.285595,-0.059140,0.846111,0.078474,0.523871,4.072289,4.738226,38.937626,-0.004098,0.973910,0.122509,0.190982,-0.659051,1.813617,-10.822137,-0.059140,0.846111,0.078474,0.523871,16.715170,1.694494,32.730083
849,7.075000,-0.053924,0.888421,0.074389,0.449740,8.058089,83.773903,21.240658,-0.045938,0.878649,0.110208,0.462298,6.881928,90.879753,21.845451,-0.030053,0.879261,0.074571,0.469506,4.023413,106.085732,24.212097,0.087800,0.926817,0.035659,0.363361,1.830732,123.700333,26.048664,0.097764,0.965959,-0.061476,0.231485,4.898636,137.121445,26.530575,-0.135354,0.761559,0.202956,0.600430,-0.007942,118.321442,22.774466,0.439489,-0.454655,-0.107491,-0.767193,-4.037884,118.946114,6.652040,0.098991,0.321566,-0.591225,-0.732973,9.922020,113.131462,-12.972080,0.122517,0.351237,-0.333073,-0.866421,11.870389,132.399796,-5.632938,-0.185730,0.854538,0.181989,0.449611,3.913191,118.200600,28.614893,0.245704,0.903557,0.313941,-0.157019,12.672478,120.757965,42.518063,-0.082748,0.230949,0.379524,-0.892063,33.234371,112.200058,31.666061,-0.095409,0.067331,0.540085,-0.833470,21.694166,125.838829,25.008181,0.077045,0.887916,0.089259,0.444637,2.860604,83.519150,14.126137,0.078440,0.987398,0.031059,0.133897,0.848107,49.458996,6.172527,-0.004759,0.973786,0.123245,0.191127,-5.886864,4.167276,2.389328,-0.027007,0.911277,-0.112161,0.395304,13.255574,84.028664,28.355179,0.064947,0.902690,-0.062486,0.420748,11.873346,49.926914,36.264957,-0.059512,0.846069,0.078541,0.523886,4.070107,4.727560,38.937111,-0.004759,0.973786,0.123245,0.191127,-0.657782,1.809810,-10.829573,-0.059512,0.846069,0.078541,0.523886,16.715860,1.691056,32.731880
850,7.083333,-0.053809,0.888627,0.074439,0.449338,8.050817,83.761055,21.192545,-0.046073,0.878833,0.110277,0.461919,6.876078,90.866974,21.799261,-0.029410,0.879528,0.074254,0.469097,4.011631,106.084167,24.168909,0.087961,0.926686,0.035687,0.363651,1.845230,123.701836,26.007408,0.098192,0.965650,-0.061584,0.232565,4.917149,137.121887,26.492950,-0.135058,0.762119,0.202653,0.599888,-0.004301,118.325409,22.735243,0.439195,-0.455624,-0.106987,-0.766856,-4.058531,118.945358,6.618728,0.099513,0.320782,-0.590752,-0.733627,9.863016,113.095306,-13.022105,0.123590,0.351117,-0.332171,-0.866663,11.854794,132.363266,-5.711086,-0.184862,0.854828,0.181734,0.449520,3.922762,118.199265,28.571569,0.246759,0.903344,0.314380,-0.155709,12.695447,120.738091,42.469685,-0.083278,0.231928,0.381017,-0.891123,33.251888,112.118591,31.656176,-0.095653,0.067991,0.539736,-0.833614,21.773119,125.801262,24.986221,0.076736,0.888111,0.088321,0.444488,2.846746,83.507767,14.082788,0.078198,0.987572,0.031597,0.132622,0.822277,49.432606,6.196793,-0.004966,0.973669,0.124014,0.191218,-5.889127,4.140511,2.376435,-0.026800,0.910914,-0.112597,0.396030,13.254887,84.014336,28.302299,0.064397,0.902326,-0.062690,0.421581,11.840934,49.918663,36.232628,-0.059764,0.846051,0.078742,0.523856,4.072848,4.715106,38.935902,-0.004966,0.973669,0.124014,0.191218,-0.654938,1.805740,-10.844472,-0.059764,0.846051,0.078742,0.523856,16.720451,1.687200,32.730244
851,7.091667,-0.053489,0.888727,0.074355,0.449194,8.035673,83.758636,21.139959,-0.046125,0.879010,0.110332,0.461564,6.865663,90.865234,21.747885,-0.028955,0.879800,0.074077,0.468643,4.000033,106.081482,24.119373,0.088113,0.926601,0.035403,0.363859,1.851792,123.701035,25.961119,0.098596,0.965374,-0.061187,0.233642,4.930496,137.119705,26.441877,-0.134601,0.762741,0.202157,0.599367,-0.006293,118.326477,22.690756,0.439261,-0.456332,-0.106259,-0.766499,-4.085410,118.941795,6.580341,0.100049,0.319546,-0.590347,-0.734419,9.811828,113.045288,-13.063821,0.124113,0.349739,-0.331459,-0.867418,11.856020,132.320358,-5.792066,-0.183689,0.855251,0.181381,0.449338,3.927140,118.196442,28.522709,0.247712,0.903361,0.314194,-0.154465,12.719658,120.710884,42.412724,-0.084391,0.232972,0.382411,-0.890148,33.271877,112.027695,31.642231,-0.095962,0.069149,0.539641,-0.833545,21.851429,125.757645,24.965660,0.076221,0.888329,0.087165,0.444370,2.828716,83.509407,14.032170,0.078051,0.987782,0.032252,0.130978,0.798437,49.414509,6.233423,-0.005094,0.973568,0.124490,0.191418,-5.897946,4.124138,2.366520,-0.026809,0.910770,-0.112996,0.396247,13.242631,84.007866,28.247747,0.063962,0.902088,-0.062878,0.422129,11.816223,49.918537,36.203091,-0.059934,0.846039,0.078813,0.523847,4.075130,4.712028,38.934269,-0.005094,0.973568,0.124490,0.191418,-0.656858,1.803317,-10.854111,-0.059934,0.846039,0.078813,0.523847,16.723940,1.688392,32.728981
852,7.100000,-0.053353,0.888908,0.074008,0.448908,8.021966,83.751694,21.095490,-0.046264,0.879252,0.110255,0.461106,6.856129,90.859245,21.700260,-0.028433,0.880129,0.073901,0.468085,3.989355,106.073883,24.068850,0.088223,0.926573,0.035215,0.363923,1.861605,123.695419,25.915236,0.099081,0.965129,-0.060957,0.234507,4.944937,137.113159,26.392561,-0.134449,0.763104,0.202008,0.598990,-0.006400,118.323090,22.646868,0.439272,-0.457338,-0.105542,-0.765992,-4.101900,118.935135,6.540491,0.100695,0.318423,-0.589832,-0.735232,9.757325,112.986610,-13.114834,0.125217,0.348701,-0.330733,-0.867954,11.856484,132.271011,-5.879643,-0.182568,0.855644,0.180711,0.449316,3.934803,118.188461,28.473467,0.248616,0.903153,0.314887,-0.152810,12.741611,120.683540,42.357914,-0.084760,0.234037,0.383709,-0.889275,33.296799,111.941956,31.640465,-0.095975,0.070637,0.539554,-0.833475,21.933254,125.709953,24.945091,0.075882,0.888565,0.086353,0.444113,2.810219,83.501312,13.991259,0.077937,0.987826,0.032576,0.130632,0.772954,49.392937,6.253520,-0.005237,0.973438,0.125036,0.191722,-5.910585,4.102868,2.360958,-0.026767,0.910804,-0.113359,0.396068,13.233714,84.002083,28.199720,0.063628,0.902091,-0.063049,0.422148,11.796002,49.918358,36.176987,-0.059873,0.846064,0.078814,0.523812,4.075777,4.709929,38.935165,-0.005237,0.973438,0.125036,0.191722,-0.659673,1.798028,-10.858565,-0.059873,0.846064,0.078814,0.523812,16.723686,1.685386,32.728500
853,7.108333,-0.053481,0.889184,0.073665,0.448404,8.010964,83.737999,21.053461,-0.046416,0.879614,0.109840,0.460499,6.846032,90.846085,21.653671,-0.027943,0.880534,0.073863,0.467359,3.982773,106.062279,24.010620,0.087848,0.926637,0.035116,0.363858,1.872575,123.685013,25.865799,0.099646,0.964877,-0.060643,0.235382,4.947425,137.104919,26.336601,-0.133967,0.763741,0.201880,0.598329,-0.005451,118.315147,22.599104,0.440084,-0.458020,-0.104850,-0.765212,-4.131579,118.929634,6.500639,0.102064,0.317509,-0.589266,-0.735892,9.703894,112.917519,-13.152073,0.126846,0.347626,-0.329959,-0.868443,11.854963,132.216919,-5.966393,-0.181757,0.855920,0.180186,0.449331,3.945704,118.175629,28.418844,0.249341,0.903143,0.315243,-0.150941,12.761900,120.657036,42.299782,-0.085058,0.235527,0.384948,-0.888317,33.327316,111.856606,31.650335,-0.095630,0.072293,0.539089,-0.833674,22.026707,125.660088,24.921427,0.075596,0.888911,0.085749,0.443587,2.791483,83.481979,13.955108,0.077752,0.987883,0.032811,0.130248,0.748221,49.363285,6.264607,-0.005729,0.973309,0.125845,0.191835,-5.917244,4.071980,2.355495,-0.026647,0.910790,-0.113732,0.396002,13.230446,83.994019,28.151814,0.063279,0.902068,-0.063206,0.422225,11.775270,49.915783,36.149334,-0.059949,0.846045,0.078851,0.523829,4.077599,4.705090,38.933434,-0.005729,0.973309,0.125845,0.191835,-0.658398,1.792444,-10.865265,-0.059949,0.846045,0.078851,0.523829,16.726368,1.682580,32.727520
854,7.116667,-0.053224,0.889328,0.073308,0.448206,7.994896,83.727669,21.003435,-0.046521,0.879879,0.109688,0.460019,6.835674,90.836906,21.601030,-0.027518,0.880885,0.073777,0.466735,3.973623,106.050560,23.953369,0.087730,0.926685,0.034993,0.363777,1.879503,123.674583,25.814486,0.100053,0.964691,-0.060356,0.236045,4.952510,137.095078,26.280609,-0.133531,0.764330,0.201447,0.597820,-0.007433,118.306671,22.549730,0.440376,-0.458750,-0.104004,-0.764722,-4.157703,118.917572,6.457333,0.103158,0.316319,-0.588776,-0.736643,9.653382,112.848267,-13.194961,0.128306,0.346493,-0.329088,-0.869012,11.859323,132.158157,-6.061126,-0.180410,0.856385,0.179666,0.449196,3.952258,118.163231,28.363571,0.250426,0.903216,0.314907,-0.149402,12.788706,120.617676,42.236423,-0.086596,0.236910,0.386731,-0.887025,33.350151,111.741280,31.642496,-0.095239,0.074822,0.538667,-0.833768,22.124424,125.607559,24.905338,0.075364,0.889133,0.084744,0.443376,2.771815,83.472458,13.907702,0.077505,0.987806,0.033041,0.130926,0.709335,49.339310,6.286778,-0.005858,0.973203,0.126552,0.191901,-5.928333,4.045862,2.355193,-0.026560,0.910544,-0.113762,0.396562,13.217978,83.982880,28.099167,0.062703,0.901608,-0.063663,0.423224,11.751490,49.904797,36.095284,-0.060239,0.846045,0.078991,0.523775,4.080606,4.692772,38.931240,-0.005858,0.973203,0.126552,0.191901,-0.665789,1.786896,-10.867628,-0.060239,0.846045,0.078991,0.523775,16.730934,1.677973,32.724754
855,7.125000,-0.053175,0.889517,0.073039,0.447882,7.983360,83.719818,20.956583,-0.046576,0.880089,0.109469,0.459664,6.826717,90.829704,21.551485,-0.027010,0.881137,0.073589,0.466318,3.967212,106.044533,23.898216,0.088031,0.926653,0.034797,0.363805,1.893034,123.670532,25.762945,0.099867,0.964586,-0.060075,0.236625,4.975552,137.088913,26.227165,-0.133402,0.765041,0.201225,0.597013,-0.002762,118.304825,22.499704,0.440898,-0.459523,-0.102900,-0.764107,-4.186223,118.906044,6.415543,0.104587,0.314623,-0.588270,-0.737572,9.601006,112.763062,-13.230595,0.129531,0.345343,-0.328158,-0.869639,11.875748,132.089905,-6.169597,-0.179125,0.856719,0.179333,0.449207,3.962788,118.156837,28.309431,0.251705,0.903279,0.314600,-0.147508,12.814278,120.581589,42.177910,-0.087906,0.238760,0.388639,-0.885565,33.371796,111.615387,31.652206,-0.094979,0.077648,0.537892,-0.834040,22.236115,125.542488,24.891571,0.075003,0.889671,0.083922,0.442513,2.755059,83.462669,13.864767,0.077291,0.987952,0.033460,0.129838,0.681637,49.315990,6.307693,-0.006083,0.973065,0.127293,0.192102,-5.936004,4.022071,2.347923,-0.026922,0.910840,-0.114215,0.395727,13.211660,83.976974,28.048399,0.062905,0.902210,-0.063747,0.421896,11.762865,49.907486,36.084259,-0.060250,0.846038,0.078762,0.523820,4.076321,4.698762,38.930447,-0.006083,0.973065,0.127293,0.192102,-0.665431,1.785046,-10.875427,-0.060250,0.846038,0.078762,0.523820,16.726662,1.678651,32.726582
856,7.133333,-0.052681,0.889724,0.072955,0.447542,7.969402,83.725777,20.899851,-0.046915,0.880324,0.109481,0.459176,6.819850,90.836594,21.497341,-0.026244,0.881498,0.073540,0.465688,3.954474,106.038094,23.839165,0.087852,0.926762,0.034884,0.363563,1.906524,123.665810,25.716642,0.100097,0.964488,-0.060129,0.236914,4.983490,137.085480,26.180220,-0.132876,0.765956,0.200515,0.596196,-0.001445,118.304375,22.453455,0.441582,-0.460149,-0.101393,-0.763536,-4.221997,118.895386,6.378603,0.106332,0.313078,-0.588015,-0.738183,9.551949,112.663177,-13.248745,0.131299,0.344604,-0.327233,-0.870016,11.878531,132.006851,-6.270679,-0.177588,0.857002,0.178735,0.449516,3.972940,118.148003,28.256926,0.252804,0.903404,0.314485,-0.145089,12.833441,120.537712,42.125744,-0.089106,0.241637,0.390850,-0.883690,33.398540,111.482216,31.691677,-0.094239,0.080660,0.535299,-0.835505,22.385546,125.471367,24.879049,0.074967,0.889727,0.082600,0.442654,2.734823,83.475067,13.812435,0.076115,0.988177,0.033990,0.128677,0.623195,49.312584,6.337808,-0.006191,0.973264,0.127843,0.190723,-5.886550,4.005373,2.351303,-0.027118,0.910837,-0.114495,0.395641,13.203983,83.976486,27.987267,0.062700,0.902222,-0.064097,0.421847,11.760674,49.912220,36.046238,-0.060285,0.846038,0.078606,0.523838,4.077763,4.705247,38.929771,-0.006191,0.973264,0.127843,0.190723,-0.650495,1.785129,-10.888579,-0.060285,0.846038,0.078606,0.523838,16.728127,1.681947,32.727501
857,7.141667,-0.052295,0.889933,0.072699,0.447213,7.947975,83.711174,20.848795,-0.046780,0.880601,0.109235,0.458718,6.805236,90.823120,21.445965,-0.025918,0.881802,0.073471,0.465141,3.948844,106.023811,23.784109,0.087940,0.926819,0.034888,0.363395,1.913452,123.652496,25.666126,0.100187,0.964417,-0.059858,0.237234,4.992441,137.071701,26.129877,-0.132124,0.766610,0.200157,0.595643,-0.001813,118.292526,22.404833,0.442275,-0.460956,-0.099883,-0.762847,-4.250942,118.889046,6.337714,0.108247,0.311535,-0.587446,-0.739010,9.501262,112.562836,-13.274810,0.133675,0.343414,-0.326282,-0.870481,11.895258,131.925720,-6.377745,-0.174767,0.857533,0.178008,0.449897,3.979980,118.133232,28.203144,0.253977,0.876251,0.391266,-0.120795,12.862143,120.454262,42.069771,-0.046616,0.228335,0.390471,-0.890631,33.717854,111.768959,31.901205,-0.093294,0.083482,0.536224,-0.834740,22.493076,125.387718,24.866232,0.074696,0.889982,0.081834,0.442329,2.707487,83.463898,13.765627,0.075791,0.988192,0.034172,0.128700,0.585791,49.289749,6.347380,-0.006361,0.973162,0.128652,0.190695,-5.892429,3.979156,2.348013,-0.027404,0.910760,-0.114832,0.395701,13.188463,83.958458,27.931961,0.062591,0.902723,-0.064299,0.420760,11.753377,49.900703,36.019867,-0.060548,0.846027,0.078885,0.523784,4.075210,4.694861,38.933586,-0.006361,0.973162,0.128652,0.190695,-0.654707,1.782632,-10.895165,-0.060548,0.846027,0.078885,0.523784,16.727386,1.682209,32.729828
858,7.150000,-0.052340,0.890325,0.072035,0.446534,7.927768,83.701561,20.809496,-0.047147,0.880892,0.108872,0.458208,6.789146,90.814827,21.398748,-0.025394,0.882118,0.073127,0.464623,3.928631,106.019745,23.723808,0.087384,0.926910,0.034656,0.363319,1.916497,123.651192,25.604979,0.100841,0.964223,-0.059098,0.237934,4.983729,137.073486,26.057005,-0.132033,0.767305,0.199682,0.594926,-0.009242,118.292854,22.347155,0.443477,-0.461527,-0.098323,-0.762007,-4.287533,118.874451,6.287230,0.110174,0.309764,-0.586780,-0.739998,9.453901,112.445190,-13.299309,0.134906,0.341489,-0.325299,-0.871416,11.925215,131.823807,-6.489244,-0.173311,0.857882,0.178088,0.449762,3.979699,118.129967,28.140450,0.255357,0.876905,0.389694,-0.118193,12.882751,120.411072,42.000298,-0.048907,0.230977,0.393046,-0.888692,33.734428,111.597908,31.933990,-0.092446,0.087376,0.534591,-0.835483,22.631821,125.300446,24.865004,0.074404,0.890378,0.081438,0.441655,2.676661,83.447105,13.734451,0.075557,0.988294,0.034342,0.128012,0.554982,49.265377,6.351228,-0.006514,0.973013,0.129460,0.190901,-5.902860,3.952601,2.343663,-0.027451,0.910748,-0.114868,0.395714,13.178876,83.956024,27.884541,0.062328,0.902777,-0.064687,0.420623,11.745679,49.899021,35.975956,-0.060741,0.846038,0.078817,0.523753,4.074886,4.694748,38.933144,-0.006514,0.973013,0.129460,0.190901,-0.657494,1.779579,-10.900366,-0.060741,0.846038,0.078817,0.523753,16.727676,1.683355,32.730030
859,7.158333,-0.052197,0.890607,0.071556,0.446065,7.908954,83.702667,20.762024,-0.047332,0.881203,0.108540,0.457668,6.775538,90.817139,21.346682,-0.024912,0.882472,0.073101,0.463982,3.918593,106.010124,23.659727,0.086990,0.927054,0.034702,0.363043,1.923427,123.642578,25.549572,0.101161,0.964133,-0.058829,0.238228,4.980075,137.067429,25.997633,-0.131911,0.767907,0.199415,0.594266,-0.011571,118.286812,22.292995,0.444546,-0.462327,-0.096944,-0.761074,-4.317061,118.859230,6.240012,0.112378,0.308072,-0.585856,-0.741104,9.401068,112.331345,-13.330235,0.137329,0.339898,-0.324957,-0.871787,11.959740,131.723663,-6.608912,-0.171697,0.858346,0.177576,0.449699,3.986091,118.118896,28.080133,0.256726,0.877724,0.387692,-0.115698,12.909539,120.364632,41.932640,-0.050603,0.233609,0.395131,-0.886983,33.755398,111.421906,31.969059,-0.091873,0.091411,0.534590,-0.835115,22.761229,125.189697,24.855413,0.074153,0.890647,0.080809,0.441271,2.650213,83.445831,13.692737,0.075196,0.988366,0.034509,0.127625,0.521142,49.254341,6.357002,-0.006639,0.972989,0.129870,0.190742,-5.903622,3.937620,2.340941,-0.027571,0.910798,-0.115020,0.395546,13.167694,83.959496,27.831310,0.062093,0.902721,-0.064996,0.420732,11.739431,49.905403,35.935837,-0.060813,0.846036,0.078431,0.523806,4.075799,4.702136,38.926785,-0.006639,0.972989,0.129870,0.190742,-0.660902,1.776912,-10.906153,-0.060813,0.846036,0.078431,0.523806,16.728643,1.682588,32.727745
860,7.166667,-0.051885,0.890829,0.071406,0.445683,7.883941,83.692444,20.714855,-0.047470,0.881541,0.107979,0.457136,6.755740,90.807693,21.300119,-0.024325,0.882863,0.073023,0.463280,3.905217,105.999329,23.596930,0.086587,0.927189,0.034559,0.362808,1.931299,123.633209,25.495682,0.101338,0.964019,-0.058269,0.238750,4.978990,137.060379,25.935051,-0.131498,0.768878,0.198923,0.593265,-0.014665,118.280472,22.240681,0.445881,-0.462874,-0.094784,-0.760232,-4.363273,118.842842,6.198968,0.115023,0.305739,-0.585356,-0.742059,9.350286,112.186859,-13.331294,0.139534,0.338166,-0.323994,-0.872469,11.992190,131.607742,-6.731769,-0.170720,0.858942,0.176072,0.449524,3.992562,118.106628,28.021027,0.259126,0.878445,0.385498,-0.112157,12.932381,120.351364,41.863132,-0.051631,0.237159,0.398069,-0.884664,33.756874,111.214790,32.031635,-0.091480,0.095254,0.533422,-0.835475,22.915701,125.061462,24.841049,0.073753,0.891102,0.080313,0.440509,2.618613,83.438660,13.650364,0.074909,0.988510,0.034731,0.126616,0.492526,49.237423,6.359299,-0.006789,0.972891,0.130373,0.190894,-5.907752,3.918135,2.332959,-0.027840,0.910736,-0.115130,0.395638,13.149269,83.946228,27.779346,0.061869,0.902705,-0.065347,0.420744,11.734222,49.894966,35.898064,-0.060982,0.846035,0.078562,0.523769,4.075661,4.693341,38.926613,-0.006789,0.972891,0.130373,0.190894,-0.659249,1.772334,-10.914268,-0.060982,0.846035,0.078562,0.523769,16.729492,1.679487,32.726818
861,7.175000,-0.052012,0.891173,0.071157,0.445019,7.877189,83.690193,20.662052,-0.047827,0.881858,0.107973,0.456488,6.749381,90.805771,21.244135,-0.023907,0.883249,0.072737,0.462611,3.892106,105.989433,23.536695,0.086167,0.927321,0.034555,0.362570,1.937516,123.625526,25.434893,0.101567,0.963926,-0.057655,0.239179,4.974494,137.055298,25.868958,-0.131760,0.769544,0.198938,0.592338,-0.018561,118.273911,22.184101,0.446690,-0.463519,-0.092400,-0.759658,-4.401436,118.820824,6.151180,0.117575,0.303589,-0.584706,-0.743053,9.304630,112.039589,-13.341225,0.142186,0.336802,-0.323092,-0.872903,12.032071,131.485733,-6.854048,-0.168687,0.859459,0.174729,0.449827,3.997669,118.097557,27.958117,0.261113,0.879153,0.383491,-0.108833,12.951371,120.305443,41.797180,-0.052361,0.240202,0.400835,-0.882549,33.761059,110.998917,32.094566,-0.089954,0.099104,0.533965,-0.834846,23.059582,124.918304,24.837934,0.073700,0.891370,0.079719,0.440083,2.601670,83.431290,13.605350,0.074552,0.988498,0.034704,0.126924,0.456796,49.222843,6.353755,-0.006750,0.972826,0.130932,0.190843,-5.910367,3.898504,2.331940,-0.027768,0.910835,-0.115538,0.395296,13.152708,83.949089,27.718752,0.061627,0.902755,-0.065517,0.420647,11.724727,49.904129,35.861588,-0.060852,0.845952,0.078300,0.523957,4.079922,4.701811,38.914402,-0.006750,0.972826,0.130932,0.190843,-0.662765,1.768340,-10.918166,-0.060852,0.845952,0.078300,0.523957,16.734785,1.679778,32.720692
862,7.183333,-0.052091,0.891494,0.071111,0.444374,7.867801,83.688972,20.613405,-0.047984,0.882156,0.107726,0.455954,6.739685,90.804520,21.195210,-0.023749,0.883562,0.072203,0.462104,3.883425,105.986870,23.480139,0.086039,0.927361,0.034631,0.362492,1.943656,123.625992,25.365370,0.101588,0.963848,-0.056935,0.239659,4.976612,137.056656,25.799782,-0.131967,0.770634,0.198414,0.591051,-0.020078,118.272957,22.121529,0.448105,-0.463817,-0.090252,-0.758901,-4.451826,118.790970,6.101091,0.120640,0.301600,-0.583842,-0.744051,9.259992,111.886391,-13.343899,0.144908,0.335237,-0.322019,-0.873454,12.077190,131.346436,-6.979180,-0.166397,0.859952,0.173885,0.450064,4.002849,118.098740,27.890945,0.262867,0.880209,0.380798,-0.105481,12.974970,120.255150,41.726189,-0.053853,0.243753,0.403359,-0.880333,33.774693,110.780693,32.165817,-0.088747,0.103730,0.533953,-0.834421,23.215691,124.771622,24.838526,0.073392,0.891836,0.079399,0.439247,2.582310,83.427376,13.564272,0.074364,0.988529,0.034648,0.126808,0.439781,49.212193,6.343810,-0.006983,0.972794,0.131345,0.190711,-5.911536,3.884917,2.329946,-0.027795,0.910925,-0.115823,0.395003,13.153293,83.950577,27.662540,0.061409,0.902787,-0.065940,0.420544,11.721691,49.910343,35.824482,-0.060949,0.846065,0.078093,0.523794,4.079103,4.710671,38.921684,-0.006983,0.972794,0.131345,0.190711,-0.665057,1.767694,-10.922678,-0.060949,0.846065,0.078093,0.523794,16.731640,1.685068,32.724976
863,7.191667,-0.052285,0.891796,0.071033,0.443758,7.862683,83.684029,20.570698,-0.048382,0.882537,0.107081,0.455325,6.732984,90.799446,21.151033,-0.023421,0.883964,0.072147,0.461360,3.877184,105.981148,23.414198,0.085706,0.927440,0.034654,0.362365,1.950276,123.621109,25.304741,0.101398,0.963721,-0.056365,0.240383,4.974518,137.053848,25.735876,-0.131962,0.771826,0.197758,0.589714,-0.021984,118.269516,22.063709,0.450173,-0.464157,-0.088115,-0.757719,-4.506271,118.760742,6.057051,0.124226,0.299437,-0.582858,-0.745106,9.208797,111.715546,-13.335140,0.147969,0.333470,-0.321284,-0.873888,12.127220,131.204147,-7.105474,-0.164129,0.860519,0.172770,0.450245,4.010833,118.092453,27.826134,0.265469,0.880951,0.378282,-0.101756,13.002496,120.202728,41.655815,-0.054578,0.247573,0.406356,-0.877840,33.772381,110.522064,32.238186,-0.088083,0.108170,0.534335,-0.833683,23.375895,124.590805,24.823143,0.073458,0.892197,0.079137,0.438550,2.567906,83.417732,13.528710,0.074064,0.988505,0.034437,0.127226,0.407470,49.200310,6.324207,-0.007353,0.972696,0.131874,0.190834,-5.917551,3.867596,2.330275,-0.027744,0.911060,-0.116065,0.394624,13.157461,83.950325,27.612682,0.061228,0.902796,-0.066251,0.420501,11.719264,49.913822,35.789032,-0.060982,0.846060,0.077985,0.523816,4.079839,4.715890,38.919327,-0.007353,0.972696,0.131874,0.190834,-0.664329,1.767181,-10.922356,-0.060982,0.846060,0.077985,0.523816,16.732571,1.688204,32.724026
864,7.200000,-0.052305,0.892062,0.070541,0.443299,7.844374,83.691879,20.535397,-0.048714,0.882946,0.106465,0.454641,6.717838,90.808281,21.109867,-0.023126,0.884427,0.071927,0.460522,3.866760,105.974701,23.351006,0.084727,0.927654,0.034500,0.362062,1.954546,123.616280,25.241323,0.101941,0.963556,-0.055460,0.241023,4.955400,137.054733,25.657549,-0.131980,0.772991,0.197112,0.588399,-0.027345,118.265198,22.005331,0.451752,-0.464586,-0.085611,-0.756803,-4.562993,118.729553,6.012350,0.127666,0.297124,-0.581880,-0.746213,9.153897,111.540535,-13.325688,0.151010,0.331847,-0.320226,-0.874373,12.174706,131.045181,-7.234729,-0.161979,0.861028,0.171269,0.450623,4.016541,118.086914,27.759954,0.268014,0.881829,0.375502,-0.097702,13.020200,120.158722,41.587639,-0.054999,0.251542,0.409613,-0.875168,33.762875,110.265862,32.331951,-0.085691,0.113264,0.534936,-0.832870,23.542622,124.413956,24.823381,0.073448,0.892532,0.078989,0.437895,2.542463,83.420601,13.498972,0.073590,0.988533,0.034273,0.127330,0.372701,49.201439,6.305544,-0.007236,0.972736,0.132173,0.190427,-5.911070,3.861272,2.331171,-0.027753,0.911193,-0.116029,0.394328,13.146284,83.963165,27.571821,0.060955,0.902609,-0.066607,0.420887,11.712317,49.926125,35.746651,-0.060955,0.846053,0.077624,0.523883,4.080508,4.729471,38.913662,-0.007236,0.972736,0.132173,0.190427,-0.669026,1.768883,-10.927151,-0.060955,0.846053,0.077624,0.523883,16.732922,1.692738,32.722145
865,7.208333,-0.052041,0.892540,0.070740,0.442335,7.830547,83.681908,20.477333,-0.049234,0.883344,0.106643,0.453769,6.706768,90.798294,21.057274,-0.022708,0.884930,0.071402,0.459657,3.840879,105.963303,23.298819,0.084580,0.927780,0.034330,0.361790,1.952277,123.608253,25.181421,0.101687,0.963491,-0.054760,0.241548,4.950827,137.047440,25.590647,-0.131865,0.773840,0.196435,0.587534,-0.042173,118.257271,21.952972,0.453161,-0.465248,-0.082443,-0.755905,-4.612664,118.701935,5.969356,0.131043,0.294315,-0.581046,-0.747390,9.100133,111.343147,-13.307634,0.154204,0.329745,-0.319275,-0.874959,12.229610,130.876297,-7.365705,-0.159805,0.861688,0.169863,0.450669,4.013180,118.078217,27.699493,0.271508,0.882560,0.372316,-0.093548,13.038715,120.112099,41.518547,-0.054253,0.255207,0.413212,-0.872457,33.727341,109.964668,32.418789,-0.083224,0.117524,0.537193,-0.831075,23.690060,124.190475,24.810345,0.073365,0.892695,0.078775,0.437616,2.513091,83.414688,13.452493,0.073229,0.988625,0.034059,0.126881,0.339629,49.192310,6.275509,-0.007195,0.972654,0.132647,0.190519,-5.915818,3.845915,2.327592,-0.027838,0.911442,-0.116602,0.393577,13.148004,83.949127,27.502172,0.060907,0.903061,-0.066838,0.419886,11.710282,49.921745,35.716465,-0.061213,0.846047,0.077586,0.523868,4.077132,4.727387,38.912930,-0.007195,0.972654,0.132647,0.190519,-0.671074,1.766682,-10.931733,-0.061213,0.846047,0.077586,0.523868,16.730911,1.693645,32.722736
866,7.216667,-0.052388,0.892879,0.070439,0.441658,7.816551,83.678230,20.445698,-0.050048,0.883759,0.106866,0.452819,6.690644,90.794708,21.020397,-0.022261,0.885540,0.070560,0.458633,3.804493,105.940918,23.257238,0.084118,0.928001,0.033922,0.361370,1.945937,123.590851,25.122938,0.101758,0.963414,-0.053817,0.242039,4.936450,137.032318,25.515333,-0.131167,0.774951,0.195376,0.586578,-0.063991,118.238869,21.905781,0.454603,-0.465777,-0.079007,-0.755080,-4.677913,118.669769,5.934268,0.134865,0.291175,-0.580127,-0.748653,9.037960,111.133934,-13.272008,0.157724,0.327659,-0.317986,-0.875584,12.287121,130.695602,-7.499136,-0.157273,0.862233,0.167705,0.451325,4.004876,118.060890,27.642775,0.274176,0.883297,0.369712,-0.089037,13.037443,120.053734,41.463211,-0.053997,0.260152,0.416713,-0.869342,33.694725,109.684906,32.543629,-0.080551,0.123505,0.537807,-0.830073,23.866085,123.983109,24.806293,0.073404,0.893290,0.079046,0.436345,2.489184,83.402046,13.428715,0.072931,0.988611,0.033665,0.127262,0.311463,49.183060,6.236859,-0.007448,0.972604,0.133036,0.190492,-5.920260,3.830215,2.325679,-0.027769,0.911592,-0.116582,0.393240,13.143918,83.954414,27.462679,0.060687,0.903227,-0.067197,0.419503,11.705402,49.926437,35.674377,-0.061243,0.846087,0.077322,0.523839,4.078105,4.734039,38.912254,-0.007448,0.972604,0.133036,0.190492,-0.673788,1.763329,-10.934892,-0.061243,0.846087,0.077322,0.523839,16.730871,1.694419,32.722874
867,7.225000,-0.052004,0.893426,0.070171,0.440637,7.792842,83.682678,20.410126,-0.049907,0.884400,0.105411,0.451922,6.674229,90.800285,20.985140,-0.022072,0.886075,0.070521,0.457615,3.817282,105.941460,23.185215,0.083337,0.928225,0.034189,0.360950,1.967459,123.591904,25.054916,0.101569,0.963361,-0.053015,0.242504,4.935335,137.038467,25.444609,-0.131198,0.776609,0.194664,0.584612,-0.051255,118.240356,21.842518,0.456855,-0.466277,-0.076185,-0.753701,-4.741481,118.636612,5.892348,0.139002,0.288613,-0.578948,-0.749800,8.972962,110.926643,-13.245709,0.161679,0.325276,-0.316997,-0.876110,12.338338,130.505341,-7.633367,-0.154997,0.862136,0.166326,0.452805,4.030852,118.061462,27.570068,0.277970,0.883828,0.366631,-0.084628,13.042527,120.001045,41.411705,-0.052528,0.264668,0.420730,-0.866128,33.633961,109.365166,32.655788,-0.077695,0.128558,0.540391,-0.827897,24.023422,123.738861,24.786579,0.073083,0.893664,0.079307,0.435585,2.448892,83.408691,13.405684,0.072652,0.988671,0.033407,0.127026,0.293084,49.189308,6.209107,-0.007425,0.972652,0.132964,0.190299,-5.917443,3.831139,2.326051,-0.027822,0.911637,-0.116539,0.393144,13.136792,83.956673,27.414570,0.060397,0.903072,-0.067689,0.419798,11.703678,49.928207,35.625168,-0.061276,0.846147,0.077169,0.523760,4.080506,4.738683,38.912483,-0.007425,0.972652,0.132964,0.190299,-0.676315,1.762185,-10.936306,-0.061276,0.846147,0.077169,0.523760,16.731894,1.695850,32.721870
868,7.233333,-0.051798,0.893918,0.070262,0.439648,7.779933,83.678589,20.369795,-0.050262,0.884958,0.104712,0.450953,6.664043,90.796318,20.948545,-0.021896,0.886656,0.070044,0.456570,3.810602,105.934929,23.126829,0.082980,0.928435,0.034097,0.360499,1.976315,123.588036,24.986597,0.101412,0.963331,-0.052094,0.242888,4.935646,137.036713,25.368427,-0.131068,0.777936,0.193930,0.583119,-0.053418,118.235161,21.783375,0.459231,-0.466908,-0.072855,-0.752194,-4.802767,118.605080,5.850075,0.143343,0.285928,-0.577692,-0.750979,8.907091,110.696053,-13.209883,0.165507,0.322955,-0.315655,-0.876738,12.394838,130.292709,-7.764997,-0.152663,0.862246,0.164377,0.454100,4.042241,118.058350,27.501308,0.281652,0.884326,0.363725,-0.079658,13.038749,119.953835,41.358913,-0.050660,0.269744,0.424675,-0.862742,33.568550,109.048012,32.792412,-0.074516,0.134463,0.542646,-0.825774,24.189260,123.485588,24.769873,0.072962,0.894095,0.079517,0.434681,2.420256,83.406891,13.377288,0.072387,0.988665,0.033026,0.127325,0.271202,49.188618,6.173419,-0.007488,0.972629,0.133169,0.190270,-5.918749,3.824592,2.326082,-0.027832,0.911666,-0.116828,0.392991,13.139611,83.950294,27.362303,0.060226,0.903084,-0.067993,0.419748,11.700474,49.926594,35.591579,-0.061136,0.846124,0.077254,0.523801,4.079980,4.738969,38.911049,-0.007488,0.972629,0.133169,0.190270,-0.677627,1.761779,-10.937235,-0.061136,0.846124,0.077254,0.523801,16.731285,1.696084,32.720295
869,7.241667,-0.051500,0.894499,0.069704,0.438589,7.749393,83.671890,20.337452,-0.050343,0.885578,0.103977,0.449895,6.641533,90.791191,20.912256,-0.021825,0.887267,0.069453,0.455474,3.799340,105.930496,23.072300,0.082634,0.928636,0.034093,0.360062,1.979155,123.586655,24.916870,0.101230,0.963289,-0.051301,0.243300,4.929393,137.037476,25.293282,-0.130659,0.779507,0.192626,0.581544,-0.061407,118.231293,21.724693,0.461620,-0.467231,-0.069201,-0.750875,-4.875364,118.569580,5.810090,0.148040,0.282789,-0.576578,-0.752112,8.845308,110.457184,-13.156395,0.169700,0.320588,-0.314618,-0.877178,12.458609,130.075912,-7.902558,-0.150162,0.862525,0.162386,0.455119,4.048358,118.058655,27.432627,0.285843,0.884729,0.360571,-0.074406,13.039236,119.908394,41.300068,-0.048743,0.274561,0.429066,-0.859152,33.491272,108.706917,32.931301,-0.070354,0.140589,0.544974,-0.823583,24.354450,123.218536,24.765926,0.072533,0.894587,0.080012,0.433649,2.372781,83.398727,13.358012,0.072177,0.988734,0.032735,0.126982,0.257385,49.181606,6.138740,-0.007486,0.972584,0.133574,0.190220,-5.918406,3.813037,2.322395,-0.028047,0.911796,-0.116911,0.392648,13.126005,83.945053,27.316893,0.060076,0.903011,-0.068329,0.419873,11.701394,49.923561,35.557819,-0.061531,0.846128,0.077157,0.523763,4.080009,4.738486,38.909809,-0.007486,0.972584,0.133574,0.190220,-0.678114,1.761671,-10.943029,-0.061531,0.846128,0.077157,0.523763,16.733095,1.699247,32.720886
870,7.250000,-0.051419,0.895002,0.069541,0.437599,7.733738,83.669281,20.303484,-0.050853,0.885949,0.104277,0.449038,6.628583,90.789032,20.877930,-0.021458,0.887736,0.068742,0.454686,3.773577,105.907715,23.039215,0.081949,0.928799,0.033656,0.359840,1.978176,123.567940,24.869003,0.100894,0.963201,-0.050590,0.243937,4.915169,137.022171,25.226576,-0.130463,0.780720,0.191290,0.580399,-0.074759,118.211807,21.686100,0.463674,-0.468182,-0.065965,-0.749307,-4.934639,118.516792,5.784787,0.152573,0.279855,-0.575064,-0.753461,8.763603,110.209480,-13.113408,0.174544,0.318271,-0.313424,-0.877498,12.516150,129.843445,-8.034414,-0.147692,0.863093,0.159541,0.455855,4.045329,118.040039,27.386614,0.289962,0.884795,0.358145,-0.069220,13.038373,119.860855,41.256477,-0.044255,0.278612,0.433071,-0.856076,33.409801,108.376900,33.076096,-0.065208,0.145688,0.549555,-0.820068,24.488628,122.929573,24.744120,0.072270,0.895085,0.080325,0.432607,2.341679,83.394463,13.336037,0.071955,0.988811,0.032490,0.126571,0.243917,49.178196,6.107578,-0.007491,0.972538,0.133877,0.190236,-5.916299,3.805223,2.318496,-0.028004,0.911887,-0.117044,0.392401,13.125798,83.944099,27.270931,0.059845,0.902961,-0.068663,0.419958,11.696980,49.924606,35.519371,-0.061517,0.846099,0.077108,0.523819,4.081601,4.741198,38.907230,-0.007491,0.972538,0.133877,0.190236,-0.675141,1.762474,-10.947919,-0.061517,0.846099,0.077108,0.523819,16.735245,1.700580,32.720123
871,7.258333,-0.051446,0.895600,0.069431,0.436387,7.719901,83.669212,20.272240,-0.050872,0.886562,0.103457,0.448014,6.615864,90.789139,20.846594,-0.021758,0.888280,0.067978,0.453722,3.772732,105.920235,22.989645,0.081700,0.928851,0.033923,0.359736,1.982112,123.583725,24.792425,0.100257,0.963096,-0.049898,0.244755,4.910153,137.039810,25.153955,-0.130734,0.782414,0.189789,0.578547,-0.077869,118.222137,21.623260,0.466396,-0.468657,-0.062157,-0.747644,-5.006790,118.472061,5.742252,0.157869,0.277153,-0.573617,-0.754472,8.693588,109.944130,-13.055855,0.179577,0.316232,-0.311634,-0.877857,12.575318,129.592972,-8.167380,-0.144963,0.863174,0.156994,0.457459,4.054351,118.060097,27.315271,0.295181,0.884873,0.354710,-0.063637,13.025239,119.833221,41.205643,-0.041001,0.283679,0.438334,-0.851885,33.282104,108.009399,33.227444,-0.059887,0.151478,0.552314,-0.817568,24.643862,122.636116,24.730947,0.072037,0.895545,0.080702,0.431621,2.309218,83.391090,13.319378,0.071746,0.988820,0.032182,0.126698,0.229606,49.176720,6.076702,-0.007400,0.972525,0.134062,0.190179,-5.914853,3.799146,2.317243,-0.027923,0.912053,-0.117224,0.391966,13.130585,83.947334,27.225101,0.059664,0.903009,-0.069002,0.419825,11.695554,49.930485,35.483356,-0.061408,0.846188,0.076843,0.523726,4.082713,4.749370,38.907303,-0.007400,0.972525,0.134062,0.190179,-0.675643,1.761181,-10.950674,-0.061408,0.846188,0.076843,0.523726,16.733500,1.700731,32.718311
872,7.266667,-0.051297,0.896157,0.069467,0.435253,7.707439,83.664391,20.235420,-0.051475,0.887273,0.102764,0.446695,6.605822,90.784470,20.812586,-0.021284,0.889092,0.067452,0.452230,3.759222,105.915916,22.932228,0.081375,0.929106,0.033912,0.359153,1.995120,123.582672,24.729099,0.099470,0.963072,-0.049229,0.245304,4.914495,137.040802,25.084585,-0.130529,0.784304,0.187658,0.576727,-0.081887,118.221329,21.570673,0.469174,-0.469182,-0.058706,-0.745854,-5.082518,118.416008,5.711321,0.163451,0.274507,-0.571807,-0.755623,8.614111,109.678329,-12.992963,0.185180,0.314179,-0.310080,-0.877981,12.639306,129.333466,-8.296111,-0.142730,0.863140,0.153895,0.459275,4.069644,118.058380,27.248585,0.301090,0.891302,0.332819,-0.064480,13.006517,119.805077,41.164207,-0.046787,0.292650,0.442685,-0.846285,33.083447,107.571136,33.351212,-0.053204,0.156873,0.555760,-0.814672,24.782770,122.330620,24.726204,0.071781,0.896115,0.080982,0.430426,2.279066,83.387009,13.296329,0.071502,0.988881,0.031914,0.126428,0.214326,49.173225,6.046662,-0.007389,0.972507,0.134342,0.190072,-5.912236,3.790858,2.315950,-0.027861,0.912242,-0.117511,0.391445,13.135813,83.941772,27.174509,0.059538,0.903189,-0.069290,0.419410,11.693563,49.929409,35.449944,-0.061631,0.846179,0.076750,0.523729,4.081729,4.750571,38.906059,-0.007389,0.972507,0.134342,0.190072,-0.675571,1.760824,-10.954187,-0.061631,0.846179,0.076750,0.523729,16.733736,1.703074,32.718998
873,7.275000,-0.051125,0.896636,0.069046,0.434354,7.687791,83.662735,20.207478,-0.051846,0.887913,0.102144,0.445521,6.591595,90.783913,20.781403,-0.020953,0.889831,0.066527,0.450928,3.747740,105.909218,22.881453,0.080745,0.929331,0.034011,0.358702,2.011612,123.580910,24.657021,0.098825,0.963025,-0.048358,0.245923,4.913698,137.042923,25.006947,-0.129537,0.785896,0.186347,0.575207,-0.081679,118.217506,21.512875,0.472230,-0.470115,-0.054182,-0.743677,-5.149139,118.396614,5.674569,0.169212,0.271625,-0.570113,-0.756676,8.529396,109.392998,-12.916492,0.190899,0.311947,-0.308604,-0.878072,12.697858,129.058899,-8.422990,-0.140081,0.863187,0.150764,0.461038,4.086590,118.057739,27.178604,0.308196,0.898969,0.303642,-0.068347,12.994446,119.767593,41.117386,-0.056412,0.302837,0.447228,-0.839699,32.831398,107.067703,33.436035,-0.046322,0.161854,0.560181,-0.811082,24.901768,122.015060,24.716347,0.071583,0.896663,0.081300,0.429258,2.245329,83.383301,13.279514,0.071255,0.988868,0.031605,0.126744,0.193209,49.171146,6.018578,-0.007295,0.972495,0.134490,0.190031,-5.913535,3.783748,2.316745,-0.027816,0.912467,-0.117590,0.390899,13.130252,83.942169,27.135437,0.059313,0.903146,-0.069587,0.419485,11.687925,49.930920,35.415470,-0.061745,0.846221,0.076558,0.523676,4.083097,4.753414,38.904278,-0.007295,0.972495,0.134490,0.190031,-0.678459,1.757438,-10.954588,-0.061745,0.846221,0.076558,0.523676,16.734516,1.703027,32.717442
874,7.283333,-0.050863,0.897001,0.069032,0.433633,7.679041,83.665260,20.167875,-0.052187,0.888440,0.102039,0.444454,6.586777,90.786850,20.744169,-0.020785,0.890494,0.065554,0.449768,3.738648,105.905533,22.839170,0.080223,0.929595,0.034017,0.358136,2.025755,123.582054,24.588982,0.098216,0.963081,-0.047502,0.246114,4.914056,137.047226,24.931522,-0.129065,0.787772,0.184407,0.573368,-0.081472,118.215477,21.459597,0.475162,-0.471000,-0.049627,-0.741564,-5.223235,118.350494,5.644818,0.175065,0.268487,-0.568383,-0.757765,8.437433,109.084702,-12.830202,0.196605,0.309608,-0.306401,-0.878412,12.756884,128.765137,-8.547438,-0.138496,0.863241,0.148435,0.462169,4.101606,118.061043,27.114546,0.313950,0.898037,0.301814,-0.062233,12.989396,119.755768,41.067978,-0.050209,0.306689,0.451985,-0.836140,32.688515,106.716431,33.603710,-0.039812,0.167270,0.564272,-0.807485,25.013039,121.686661,24.708153,0.071562,0.897078,0.081160,0.428420,2.225068,83.388672,13.248857,0.070942,0.988814,0.031352,0.127401,0.163214,49.174706,5.999176,-0.007331,0.972485,0.134571,0.190025,-5.915793,3.781742,2.319931,-0.027685,0.912697,-0.117826,0.390300,13.133013,83.941856,27.086893,0.059087,0.903149,-0.069906,0.419456,11.681211,49.934002,35.379185,-0.061642,0.846226,0.076500,0.523689,4.082980,4.758129,38.903336,-0.007331,0.972485,0.134571,0.190025,-0.680511,1.757911,-10.951699,-0.061642,0.846226,0.076500,0.523689,16.733727,1.704800,32.716579
875,7.291667,-0.050601,0.897447,0.068547,0.432817,7.663281,83.660172,20.139393,-0.052581,0.889036,0.101429,0.443354,6.577942,90.783112,20.712069,-0.020253,0.891203,0.064584,0.448526,3.729324,105.907204,22.788868,0.079427,0.929770,0.034123,0.357848,2.051247,123.589005,24.518921,0.097275,0.962982,-0.046763,0.247017,4.918156,137.058899,24.855188,-0.127548,0.790772,0.181672,0.570445,-0.074022,118.221642,21.403109,0.479192,-0.471346,-0.045244,-0.739027,-5.339957,118.313850,5.628933,0.181995,0.264998,-0.566227,-0.758973,8.325160,108.779060,-12.705389,0.202032,0.307060,-0.304104,-0.878873,12.818986,128.457565,-8.667215,-0.135816,0.862897,0.145825,0.464433,4.125066,118.068016,27.046207,0.319265,0.897041,0.300363,-0.056294,12.967539,119.713379,41.034298,-0.045359,0.311465,0.456713,-0.832073,32.534790,106.360451,33.780540,-0.034220,0.173740,0.566306,-0.804948,25.137192,121.358086,24.708376,0.071438,0.897604,0.081339,0.427303,2.196372,83.382622,13.230628,0.070607,0.988792,0.031099,0.127821,0.138653,49.169460,5.976015,-0.007390,0.972473,0.134885,0.189864,-5.911566,3.770697,2.320973,-0.027738,0.912919,-0.117842,0.389772,13.130191,83.937721,27.048159,0.058988,0.903207,-0.070263,0.419285,11.686137,49.930321,35.343693,-0.061651,0.846237,0.076425,0.523680,4.083151,4.757974,38.902611,-0.007390,0.972473,0.134885,0.189864,-0.679657,1.756143,-10.953400,-0.061651,0.846237,0.076425,0.523680,16.733606,1.702983,32.716072
876,7.300000,-0.051088,0.897936,0.068680,0.431722,7.667248,83.649063,20.109537,-0.052814,0.889619,0.101068,0.442237,6.575483,90.771019,20.682199,-0.020217,0.891824,0.063673,0.447422,3.726117,105.906425,22.750834,0.078858,0.929907,0.034068,0.357622,2.065828,123.592461,24.454668,0.096423,0.962890,-0.046059,0.247839,4.918675,137.065536,24.783043,-0.127095,0.792639,0.179443,0.568657,-0.071287,118.221375,21.353392,0.481798,-0.472198,-0.040367,-0.737069,-5.408791,118.264648,5.603081,0.187926,0.261861,-0.564490,-0.759910,8.237217,108.466164,-12.606007,0.208679,0.304708,-0.302565,-0.878670,12.877910,128.143890,-8.782263,-0.133081,0.862719,0.142741,0.466509,4.141733,118.074226,26.986265,0.325196,0.896874,0.295251,-0.051887,12.944388,119.678078,41.004253,-0.042012,0.316656,0.461818,-0.827459,32.345852,105.985497,33.940895,-0.027535,0.179921,0.569819,-0.801359,25.249926,121.034065,24.708935,0.071515,0.898332,0.081541,0.425718,2.184535,83.363068,13.213656,0.070389,0.988813,0.030842,0.127843,0.115373,49.152973,5.947828,-0.007559,0.972361,0.135427,0.190041,-5.918084,3.749919,2.318509,-0.027386,0.913127,-0.118080,0.389237,13.149961,83.935059,27.005417,0.058759,0.903067,-0.070619,0.419560,11.681749,49.930237,35.307281,-0.061866,0.846239,0.076262,0.523676,4.083026,4.760021,38.902161,-0.007559,0.972361,0.135427,0.190041,-0.679564,1.751493,-10.955688,-0.061866,0.846239,0.076262,0.523676,16.734346,1.704373,32.717724
877,7.308333,-0.050944,0.898481,0.068785,0.430588,7.660247,83.644020,20.075249,-0.052732,0.890196,0.100454,0.441225,6.570424,90.765984,20.651545,-0.020418,0.892357,0.062925,0.446455,3.734556,105.902374,22.707369,0.078277,0.930061,0.033947,0.357361,2.081614,123.591492,24.386106,0.095477,0.962866,-0.045170,0.248460,4.920674,137.067719,24.704624,-0.126332,0.794823,0.177370,0.566424,-0.063270,118.215851,21.298126,0.485091,-0.472953,-0.035069,-0.734692,-5.491504,118.217674,5.578792,0.194528,0.258370,-0.562670,-0.760793,8.138913,108.126328,-12.481424,0.215149,0.302451,-0.300819,-0.878489,12.939151,127.812363,-8.895979,-0.130335,0.862509,0.139741,0.468577,4.161795,118.076920,26.922182,0.330677,0.895784,0.293434,-0.046047,12.924189,119.638000,40.970196,-0.036884,0.321322,0.466260,-0.823404,32.175888,105.630112,34.118458,-0.022091,0.186509,0.571816,-0.798594,25.350449,120.690605,24.705708,0.071228,0.898721,0.081944,0.424867,2.160027,83.359238,13.193271,0.070520,0.988504,0.030672,0.130180,0.114110,49.150906,5.912615,-0.007681,0.972222,0.135527,0.190677,-5.924625,3.748584,2.282924,-0.027329,0.913216,-0.118408,0.388934,13.160467,83.928802,26.957226,0.058696,0.903372,-0.070831,0.418876,11.682358,49.929195,35.278664,-0.061387,0.846187,0.076101,0.523839,4.083521,4.761049,38.899220,-0.007681,0.972222,0.135527,0.190677,-0.668369,1.753302,-10.984738,-0.061387,0.846187,0.076101,0.523839,16.733503,1.694377,32.717495
878,7.316667,-0.050748,0.898982,0.068480,0.429612,7.648054,83.639534,20.048145,-0.052682,0.890750,0.100061,0.440200,6.563274,90.762390,20.622904,-0.020533,0.892918,0.062030,0.445453,3.736512,105.901131,22.671907,0.077966,0.930196,0.033864,0.357085,2.095959,123.594070,24.322266,0.094558,0.962848,-0.044508,0.249001,4.927681,137.071991,24.634480,-0.125915,0.796814,0.175022,0.564447,-0.058454,118.213905,21.248844,0.488634,-0.473632,-0.029959,-0.732129,-5.564540,118.162666,5.556695,0.201507,0.255160,-0.560644,-0.761555,8.050521,107.782066,-12.350512,0.222169,0.300260,-0.298937,-0.878135,13.009145,127.457466,-9.004483,-0.128384,0.862530,0.136736,0.469961,4.179122,118.083099,26.863674,0.336115,0.890991,0.303178,-0.035274,12.915113,119.628860,40.929813,-0.025019,0.322643,0.472134,-0.819979,32.030552,105.319824,34.323280,-0.015737,0.192909,0.574668,-0.795170,25.451105,120.350197,24.711884,0.071114,0.899196,0.081920,0.423885,2.132691,83.353905,13.178333,0.070221,0.988539,0.030663,0.130077,0.085217,49.144161,5.904737,-0.007920,0.972171,0.135809,0.190725,-5.927012,3.737926,2.279974,-0.027249,0.913441,-0.118636,0.388340,13.163416,83.925156,26.917957,0.058551,0.903407,-0.071085,0.418778,11.679312,49.929039,35.252560,-0.061846,0.846241,0.076080,0.523701,4.083133,4.762650,38.900558,-0.007920,0.972171,0.135809,0.190725,-0.667340,1.751833,-10.987710,-0.061846,0.846241,0.076080,0.523701,16.734129,1.702353,32.717751
879,7.325000,-0.050670,0.899461,0.068044,0.428687,7.647014,83.632126,20.023560,-0.052912,0.891313,0.099577,0.439142,6.566507,90.755951,20.594294,-0.020696,0.893511,0.061171,0.444374,3.741641,105.900703,22.630747,0.077375,0.930322,0.033779,0.356893,2.111491,123.597183,24.253239,0.093791,0.962733,-0.043793,0.249860,4.928895,137.078293,24.556723,-0.125089,0.799025,0.172913,0.562150,-0.052247,118.212296,21.194666,0.492662,-0.473846,-0.023607,-0.729518,-5.651310,118.120941,5.535634,0.209221,0.251472,-0.559025,-0.761892,7.970566,107.407082,-12.168961,0.229878,0.297878,-0.297231,-0.877541,13.080793,127.089500,-9.098807,-0.126096,0.862453,0.133384,0.471681,4.198740,118.090012,26.799541,0.342469,0.889616,0.300756,-0.029050,12.900221,119.614578,40.889366,-0.019762,0.327150,0.477637,-0.815135,31.821833,104.951355,34.505207,-0.008235,0.199410,0.576256,-0.792526,25.555424,119.997360,24.727736,0.071225,0.899712,0.081846,0.422785,2.117518,83.342896,13.165268,0.069781,0.988595,0.030638,0.129889,0.051969,49.133404,5.895587,-0.007970,0.972132,0.136327,0.190552,-5.921491,3.721368,2.279412,-0.027011,0.913598,-0.118814,0.387934,13.176510,83.921349,26.881849,0.058398,0.903501,-0.071359,0.418549,11.676025,49.927284,35.221897,-0.061688,0.846266,0.076086,0.523678,4.083064,4.762831,38.900394,-0.007970,0.972132,0.136327,0.190552,-0.665342,1.750298,-10.991912,-0.061688,0.846266,0.076086,0.523678,16.732702,1.700261,32.715927
880,7.333333,-0.050238,0.900040,0.067063,0.427677,7.620850,83.620346,20.009426,-0.052748,0.891864,0.098839,0.438208,6.552605,90.746727,20.571375,-0.020715,0.894013,0.060280,0.443483,3.744113,105.897644,22.592983,0.076657,0.930461,0.033707,0.356693,2.129008,123.597954,24.188522,0.093190,0.962650,-0.043072,0.250531,4.928745,137.082962,24.482355,-0.123655,0.801529,0.170701,0.559573,-0.044435,118.209305,21.143478,0.498297,-0.474119,-0.018283,-0.725656,-5.751524,118.089798,5.523683,0.218190,0.248166,-0.556686,-0.762173,7.868551,107.040955,-11.975215,0.237892,0.295631,-0.295527,-0.876740,13.152111,126.712418,-9.192063,-0.123901,0.862279,0.130254,0.473452,4.217677,118.093727,26.740042,0.348770,0.888145,0.298383,-0.022950,12.881732,119.596054,40.855293,-0.014219,0.331256,0.483095,-0.810362,31.603264,104.586922,34.688847,-0.000215,0.205819,0.578440,-0.789333,25.638884,119.647812,24.746449,0.071034,0.900048,0.082172,0.422037,2.075325,83.328850,13.164186,0.069516,0.988618,0.030511,0.129889,0.025505,49.121197,5.881404,-0.007972,0.972068,0.136731,0.190589,-5.925522,3.705040,2.279935,-0.027025,0.913908,-0.118811,0.387203,13.166375,83.911842,26.854668,0.058292,0.903655,-0.071575,0.418195,11.673498,49.917786,35.196110,-0.062013,0.846280,0.076056,0.523622,4.082546,4.755026,38.899517,-0.007972,0.972068,0.136731,0.190589,-0.667880,1.745395,-10.992488,-0.062013,0.846280,0.076056,0.523622,16.733450,1.696650,32.715569
881,7.341667,-0.049579,0.900523,0.066349,0.426848,7.593818,83.618141,19.985275,-0.052193,0.892299,0.098203,0.437533,6.539012,90.746841,20.543062,-0.020887,0.894363,0.059201,0.442915,3.757812,105.893288,22.555651,0.075956,0.930423,0.033816,0.356932,2.155253,123.597946,24.115191,0.092164,0.962479,-0.042487,0.251664,4.936482,137.086838,24.406061,-0.122146,0.804231,0.168341,0.556735,-0.025231,118.204071,21.084471,0.504613,-0.474202,-0.013292,-0.721333,-5.849997,118.053993,5.508441,0.227401,0.245180,-0.554262,-0.762213,7.773998,106.672394,-11.772786,0.245875,0.292777,-0.293605,-0.876141,13.225095,126.321388,-9.272679,-0.121816,0.862227,0.127122,0.474937,4.243860,118.097977,26.675898,0.356456,0.888871,0.287120,-0.020250,12.878114,119.583305,40.811192,-0.013695,0.337837,0.488058,-0.804660,31.336849,104.171898,34.848114,0.006760,0.212346,0.580423,-0.786112,25.720528,119.283546,24.764633,0.070736,0.900339,0.082105,0.421479,2.034646,83.330330,13.150957,0.069230,0.988604,0.030544,0.130140,-0.003035,49.118946,5.882291,-0.008189,0.972053,0.136797,0.190610,-5.926915,3.699332,2.279687,-0.027305,0.914045,-0.118795,0.386865,13.152989,83.905952,26.819593,0.058278,0.903816,-0.071893,0.417795,11.681588,49.912689,35.168095,-0.062109,0.846294,0.075998,0.523596,4.081362,4.753974,38.901627,-0.008189,0.972053,0.136797,0.190610,-0.667025,1.742680,-10.992287,-0.062109,0.846294,0.075998,0.523596,16.732347,1.695652,32.717815
882,7.350000,-0.049219,0.900939,0.065676,0.426115,7.581264,83.613861,19.961075,-0.052203,0.892790,0.097738,0.436632,6.535692,90.744362,20.513239,-0.020860,0.894878,0.058482,0.441970,3.763836,105.886032,22.514774,0.075306,0.930449,0.033690,0.357013,2.175078,123.593750,24.053545,0.091084,0.962267,-0.041806,0.252978,4.941178,137.085953,24.335222,-0.120782,0.806607,0.166223,0.554227,-0.015023,118.197044,21.034817,0.508477,-0.474055,-0.005883,-0.718810,-5.943492,118.020836,5.498237,0.235409,0.240947,-0.553099,-0.761977,7.694459,106.286575,-11.534333,0.254816,0.289652,-0.291196,-0.875429,13.283062,125.933647,-9.340257,-0.119558,0.862283,0.123677,0.476318,4.265851,118.096016,26.617325,0.362756,0.886689,0.286382,-0.013255,12.874547,119.565559,40.769848,-0.007832,0.342218,0.493251,-0.799705,31.120365,103.815857,35.039932,0.013297,0.219593,0.581222,-0.783443,25.811678,118.917992,24.780577,0.070729,0.900688,0.081888,0.420777,2.010446,83.325485,13.136271,0.068822,0.988568,0.030567,0.130626,-0.038940,49.111523,5.883032,-0.008456,0.972032,0.137077,0.190507,-5.923869,3.686860,2.280157,-0.027160,0.914151,-0.118718,0.386647,13.152081,83.902237,26.785877,0.057968,0.903458,-0.072262,0.418546,11.675501,49.907135,35.125950,-0.062070,0.846260,0.076065,0.523646,4.083714,4.750004,38.895607,-0.008456,0.972032,0.137077,0.190507,-0.664323,1.739581,-10.993330,-0.062070,0.846260,0.076065,0.523646,16.735353,1.692696,32.712643
883,7.358333,-0.048939,0.901206,0.065081,0.425672,7.576059,83.616341,19.934507,-0.052375,0.893151,0.097530,0.435921,6.538031,90.748367,20.481220,-0.020697,0.895317,0.057692,0.441193,3.766345,105.887817,22.476519,0.074622,0.930576,0.033424,0.356851,2.196541,123.599052,23.994141,0.090318,0.962196,-0.040987,0.253655,4.947734,137.094589,24.261694,-0.119590,0.809392,0.163318,0.551281,-0.003832,118.200287,20.986580,0.510420,-0.473778,0.003311,-0.717631,-6.050168,117.975441,5.496119,0.242172,0.234794,-0.552129,-0.762481,7.601942,105.875275,-11.266963,0.261756,0.286779,-0.290055,-0.874705,13.354593,125.508354,-9.404757,-0.116897,0.862276,0.120045,0.477916,4.286794,118.102875,26.561659,0.368880,0.882922,0.290444,-0.004329,12.865673,119.547256,40.734863,0.000967,0.344807,0.499007,-0.795047,30.897280,103.471588,35.236790,0.019666,0.226475,0.583171,-0.779894,25.874556,118.542389,24.796881,0.070955,0.900877,0.081234,0.420460,1.998103,83.327209,13.115567,0.068298,0.988467,0.030654,0.131642,-0.087579,49.108025,5.897421,-0.008438,0.972040,0.137281,0.190319,-5.920429,3.677261,2.286883,-0.027132,0.914262,-0.118829,0.386353,13.154015,83.905472,26.753448,0.057841,0.903502,-0.072485,0.418432,11.675246,49.912113,35.100250,-0.061987,0.846280,0.075826,0.523658,4.085984,4.756597,38.894279,-0.008438,0.972040,0.137281,0.190319,-0.665720,1.735760,-10.989367,-0.061987,0.846280,0.075826,0.523658,16.736517,1.692331,32.712494
884,7.366667,-0.048348,0.901656,0.064221,0.424917,7.557529,83.621094,19.920439,-0.052350,0.893470,0.097117,0.435362,6.532882,90.755562,20.460526,-0.020587,0.895607,0.056810,0.440724,3.770349,105.888199,22.445332,0.074160,0.930565,0.032929,0.357022,2.218681,123.603203,23.937405,0.089354,0.962055,-0.040104,0.254672,4.963135,137.100433,24.188532,-0.118697,0.811952,0.160648,0.548486,0.010048,118.201889,20.940512,0.518141,-0.473339,0.007978,-0.712331,-6.145596,117.927048,5.493966,0.252291,0.232187,-0.550350,-0.761284,7.524517,105.493073,-11.008131,0.271581,0.282896,-0.287316,-0.873879,13.406186,125.108551,-9.450549,-0.114293,0.862035,0.116567,0.479838,4.306569,118.109039,26.511127,0.375335,0.881009,0.288002,0.001680,12.844251,119.525658,40.711987,0.006437,0.349362,0.504234,-0.789717,30.638622,103.116905,35.429157,0.026331,0.233033,0.585543,-0.775978,25.936714,118.166687,24.820141,0.070852,0.900975,0.081065,0.420301,1.967236,83.333664,13.111535,0.068037,0.988408,0.030733,0.132201,-0.118299,49.111538,5.907328,-0.008295,0.972039,0.137248,0.190355,-5.924451,3.677946,2.289407,-0.027173,0.914451,-0.118769,0.385922,13.147822,83.908531,26.729342,0.057688,0.903468,-0.072769,0.418477,11.677300,49.914326,35.074162,-0.061975,0.846362,0.075571,0.523565,4.089713,4.760975,38.897129,-0.008295,0.972039,0.137248,0.190355,-0.669889,1.734765,-10.986659,-0.061975,0.846362,0.075571,0.523565,16.738064,1.690374,32.714012
885,7.375000,-0.048982,0.901699,0.061185,0.425201,7.525047,83.633804,19.949013,-0.052142,0.894015,0.095751,0.434568,6.510499,90.772881,20.445473,-0.020641,0.896199,0.056117,0.439606,3.777867,105.890999,22.395138,0.073502,0.930651,0.032895,0.356938,2.237179,123.608719,23.866236,0.088631,0.961845,-0.039221,0.255853,4.965238,137.109406,24.109770,-0.117492,0.814711,0.158008,0.545413,0.018878,118.204117,20.882423,0.524817,-0.472489,0.014924,-0.707883,-6.258054,117.886734,5.485582,0.261453,0.227284,-0.549143,-0.760543,7.444015,105.076385,-10.699084,0.278463,0.279270,-0.285939,-0.873330,13.468331,124.657890,-9.496776,-0.112192,0.861886,0.113587,0.481315,4.329216,118.117287,26.442453,0.382612,0.879133,0.284035,0.007582,12.835534,119.515083,40.663986,0.010366,0.354671,0.509519,-0.783895,30.353884,102.741478,35.609409,0.031865,0.240287,0.587164,-0.772325,25.997337,117.783974,24.841360,0.070906,0.901331,0.081562,0.419431,1.940106,83.313820,13.137171,0.067880,0.988330,0.030619,0.132888,-0.140948,49.097904,5.902227,-0.008611,0.971971,0.137565,0.190457,-5.931881,3.661713,2.292551,-0.027275,0.914848,-0.117688,0.385304,13.109988,83.953789,26.760855,0.057537,0.903195,-0.073066,0.419034,11.681106,49.942062,35.041271,-0.061590,0.846374,0.074817,0.523698,4.092301,4.791099,38.889954,-0.008611,0.971971,0.137565,0.190457,-0.671892,1.729088,-10.982905,-0.061590,0.846374,0.074817,0.523698,16.737675,1.696706,32.712616
886,7.383333,-0.048648,0.902100,0.060466,0.424492,7.514600,83.629234,19.932709,-0.052017,0.894480,0.095035,0.433784,6.509165,90.770042,20.422695,-0.020635,0.896641,0.055383,0.438796,3.791377,105.891907,22.356737,0.073064,0.930580,0.032989,0.357204,2.263662,123.612549,23.805908,0.087267,0.961605,-0.038940,0.257263,4.980043,137.115616,24.048723,-0.116456,0.817356,0.155375,0.542425,0.036817,118.205109,20.833660,0.531409,-0.471670,0.021911,-0.703315,-6.356260,117.842354,5.485694,0.270629,0.222511,-0.548148,-0.759462,7.371387,104.659149,-10.374626,0.286343,0.275324,-0.284355,-0.872552,13.526392,124.210739,-9.527270,-0.110662,0.861903,0.110347,0.482390,4.357168,118.123497,26.385990,0.390053,0.876404,0.282076,0.014403,12.840358,119.525421,40.620918,0.015664,0.359183,0.514831,-0.778262,30.066383,102.385818,35.794685,0.036460,0.247978,0.589413,-0.767965,26.039209,117.401794,24.863667,0.070840,0.901509,0.081440,0.419083,1.918465,83.308067,13.130119,0.067714,0.988234,0.030585,0.133688,-0.164894,49.090099,5.905560,-0.008446,0.971918,0.137827,0.190545,-5.938268,3.651637,2.296296,-0.027287,0.914918,-0.117751,0.385118,13.110736,83.950394,26.735296,0.057464,0.903266,-0.073282,0.418853,11.682548,49.939754,35.020287,-0.061338,0.846390,0.074943,0.523685,4.092317,4.790923,38.891132,-0.008446,0.971918,0.137827,0.190545,-0.676876,1.725550,-10.979554,-0.061338,0.846390,0.074943,0.523685,16.736210,1.695739,32.711174
887,7.391667,-0.048289,0.902677,0.061427,0.423166,7.532797,83.606567,19.886148,-0.052115,0.894751,0.095023,0.433216,6.526919,90.746185,20.392313,-0.020707,0.896840,0.054410,0.438507,3.805022,105.883263,22.328373,0.071991,0.930506,0.032715,0.357639,2.290658,123.607613,23.745901,0.086427,0.961336,-0.038069,0.258677,4.983022,137.115753,23.973091,-0.115096,0.820041,0.152712,0.539411,0.058107,118.196259,20.785048,0.537009,-0.470765,0.029876,-0.699364,-6.453888,117.796837,5.488066,0.279446,0.217151,-0.547296,-0.758435,7.295580,104.235123,-10.030537,0.294493,0.271532,-0.283189,-0.871406,13.585088,123.754547,-9.547954,-0.108827,0.861858,0.106687,0.483711,4.381983,118.121849,26.334736,0.397578,0.874014,0.278601,0.020339,12.836141,119.525017,40.586811,0.019138,0.364769,0.519910,-0.772186,29.758293,102.026276,35.979225,0.040600,0.256634,0.590703,-0.763911,26.084742,117.020332,24.895998,0.070845,0.901654,0.080808,0.418893,1.916226,83.296379,13.099906,0.067382,0.988359,0.030838,0.132876,-0.187819,49.071266,5.915267,-0.008546,0.971859,0.138440,0.190398,-5.931033,3.630126,2.291731,-0.027196,0.915048,-0.118811,0.384488,13.149367,83.916756,26.672390,0.057637,0.903731,-0.073305,0.417822,11.692264,49.923344,35.022800,-0.061762,0.846418,0.074993,0.523582,4.091286,4.776648,38.897499,-0.008546,0.971859,0.138440,0.190398,-0.672021,1.722012,-10.987659,-0.061762,0.846418,0.074993,0.523582,16.736689,1.689019,32.716835
888,7.400000,-0.048189,0.903000,0.059389,0.422778,7.504901,83.614563,19.902605,-0.052271,0.895266,0.093438,0.432477,6.512898,90.757881,20.383333,-0.020572,0.897334,0.053699,0.437591,3.811293,105.892418,22.274612,0.071686,0.930492,0.032611,0.357745,2.313761,123.619713,23.673115,0.085449,0.961106,-0.036855,0.260028,4.999545,137.129242,23.895119,-0.114256,0.822971,0.149554,0.536002,0.070866,118.206429,20.723631,0.545338,-0.469151,0.036365,-0.693673,-6.569491,117.745171,5.483679,0.289817,0.212556,-0.546434,-0.756463,7.233858,103.818169,-9.659015,0.302500,0.267886,-0.281798,-0.870241,13.638404,123.290337,-9.559293,-0.106462,0.861741,0.102900,0.485262,4.406114,118.135536,26.264486,0.404770,0.871562,0.275369,0.026701,12.827200,119.526138,40.537357,0.022240,0.370831,0.524587,-0.766027,29.448599,101.681557,36.167580,0.044018,0.266173,0.591727,-0.759654,26.130434,116.641090,24.928644,0.070742,0.901794,0.081148,0.418543,1.882377,83.290077,13.121964,0.067263,0.988257,0.030799,0.133700,-0.207790,49.067799,5.919784,-0.008624,0.971829,0.138542,0.190472,-5.937752,3.624961,2.296422,-0.027282,0.915228,-0.118253,0.384227,13.127425,83.939049,26.683247,0.057502,0.903688,-0.073493,0.417901,11.693313,49.936699,35.001167,-0.061408,0.846458,0.074711,0.523600,4.096010,4.791108,38.895912,-0.008624,0.971829,0.138542,0.190472,-0.676074,1.720108,-10.982382,-0.061408,0.846458,0.074711,0.523600,16.738440,1.691393,32.715210
889,7.408333,-0.048070,0.903519,0.058496,0.421806,7.492436,83.601036,19.900331,-0.052094,0.895643,0.092395,0.431940,6.507912,90.746048,20.371243,-0.020537,0.897580,0.052945,0.437179,3.825581,105.890152,22.238300,0.070888,0.930416,0.032432,0.358120,2.341563,123.620369,23.613953,0.084582,0.960838,-0.035910,0.261431,5.009320,137.133652,23.825157,-0.113479,0.825871,0.146632,0.532503,0.092206,118.204620,20.673948,0.550548,-0.467760,0.044704,-0.690000,-6.678376,117.684517,5.493310,0.298628,0.206878,-0.545800,-0.755066,7.156031,103.395866,-9.279587,0.310919,0.264633,-0.280736,-0.868611,13.686506,122.824112,-9.557405,-0.104245,0.861712,0.099034,0.486597,4.432536,118.138298,26.210876,0.412100,0.868779,0.272593,0.032995,12.825992,119.523254,40.500553,0.025309,0.376790,0.529435,-0.759663,29.132063,101.337578,36.354706,0.047702,0.275947,0.592257,-0.755519,26.178038,116.258095,24.969948,0.070594,0.901990,0.081478,0.418082,1.855238,83.270348,13.132188,0.067146,0.988236,0.030750,0.133927,-0.219566,49.050369,5.914673,-0.008713,0.971750,0.139102,0.190466,-5.938679,3.605807,2.295924,-0.027269,0.915354,-0.118342,0.383899,13.129635,83.931717,26.668474,0.057496,0.903785,-0.073606,0.417670,11.695283,49.930786,34.992130,-0.061482,0.846470,0.074729,0.523569,4.095253,4.786655,38.898399,-0.008713,0.971750,0.139102,0.190466,-0.675828,1.717300,-10.984743,-0.061482,0.846470,0.074729,0.523569,16.737785,1.688470,32.717152
890,7.416667,-0.047896,0.903847,0.057416,0.421272,7.476170,83.597740,19.896280,-0.051955,0.896127,0.091113,0.431225,6.500716,90.744797,20.354786,-0.020718,0.898001,0.052452,0.436365,3.840484,105.897545,22.190725,0.070497,0.930299,0.032278,0.358514,2.359583,123.629356,23.549160,0.083457,0.960477,-0.034941,0.263245,5.019397,137.144302,23.754238,-0.112930,0.828815,0.143635,0.528849,0.104766,118.210388,20.619259,0.559612,-0.466209,0.050262,-0.683343,-6.798954,117.623772,5.501138,0.309729,0.202708,-0.544477,-0.752677,7.081049,102.994576,-8.890767,0.319420,0.261540,-0.279731,-0.866786,13.735035,122.353233,-9.548557,-0.102144,0.861771,0.095628,0.487619,4.455000,118.150116,26.148479,0.419393,0.865858,0.269857,0.039715,12.829762,119.526901,40.449913,0.029863,0.382267,0.534159,-0.753429,28.811169,101.002632,36.545963,0.051584,0.284451,0.593878,-0.750824,26.205921,115.862129,24.996243,0.070439,0.902129,0.081524,0.417798,1.830737,83.260963,13.135306,0.066949,0.988259,0.030847,0.133831,-0.235209,49.039982,5.920048,-0.009189,0.971745,0.139255,0.190356,-5.935636,3.593540,2.295419,-0.027384,0.915406,-0.118250,0.383797,13.121602,83.934509,26.657253,0.057439,0.903808,-0.073748,0.417603,11.698098,49.932495,34.978348,-0.061513,0.846497,0.074567,0.523544,4.097613,4.789695,38.899067,-0.009189,0.971745,0.139255,0.190356,-0.671968,1.711906,-10.985899,-0.061513,0.846497,0.074567,0.523544,16.739506,1.688095,32.718231
891,7.425000,-0.047833,0.904245,0.056802,0.420507,7.470693,83.590385,19.892948,-0.051597,0.896411,0.090358,0.430837,6.500153,90.738541,20.344669,-0.020989,0.898158,0.051439,0.436148,3.859612,105.902306,22.166529,0.069730,0.930049,0.032106,0.359328,2.386051,123.637459,23.488735,0.082362,0.960047,-0.034007,0.265274,5.029085,137.155823,23.685282,-0.113251,0.831389,0.141015,0.525435,0.127840,118.213272,20.571148,0.566419,-0.464806,0.056998,-0.678142,-6.893162,117.546021,5.510488,0.319374,0.198140,-0.543589,-0.750501,7.015806,102.585579,-8.508099,0.327859,0.258991,-0.278751,-0.864714,13.781208,121.879745,-9.527446,-0.099953,0.861856,0.092036,0.488613,4.480582,118.162849,26.098495,0.426884,0.862800,0.266903,0.045933,12.837802,119.532349,40.410885,0.033666,0.387685,0.539485,-0.746674,28.478718,100.674965,36.729069,0.057364,0.292851,0.594949,-0.746313,26.248922,115.488991,25.037584,0.070352,0.902349,0.081741,0.417296,1.813803,83.248947,13.141787,0.066836,0.988303,0.030851,0.133559,-0.244225,49.029587,5.916570,-0.008929,0.971680,0.139687,0.190386,-5.935434,3.581783,2.294510,-0.027294,0.915532,-0.118287,0.383491,13.127582,83.931816,26.644112,0.057398,0.903729,-0.073900,0.417753,11.700061,49.930069,34.965618,-0.061510,0.846497,0.074516,0.523552,4.096570,4.788899,38.899261,-0.008929,0.971680,0.139687,0.190386,-0.672384,1.711033,-10.988594,-0.061510,0.846497,0.074516,0.523552,16.738394,1.686035,32.718899
892,7.433333,-0.047555,0.904587,0.056129,0.419894,7.458387,83.585442,19.889847,-0.051637,0.896781,0.089440,0.430254,6.495836,90.735085,20.335161,-0.020908,0.898494,0.050703,0.435547,3.867235,105.905220,22.133087,0.069067,0.929913,0.031815,0.359833,2.408595,123.643181,23.434008,0.081361,0.959645,-0.033049,0.267150,5.038276,137.164322,23.618717,-0.112471,0.834715,0.137079,0.521354,0.142431,118.216850,20.526590,0.572740,-0.462894,0.064100,-0.673491,-7.026520,117.471313,5.539478,0.329376,0.192883,-0.542360,-0.748433,6.927694,102.195671,-8.088790,0.336816,0.256524,-0.277881,-0.862284,13.828937,121.408226,-9.491426,-0.097831,0.861995,0.088250,0.489495,4.502594,118.170456,26.048120,0.433852,0.859727,0.264303,0.052780,12.845074,119.538521,40.369244,0.039223,0.393326,0.543974,-0.740168,28.155279,100.365517,36.935825,0.062314,0.301145,0.595890,-0.741852,26.278353,115.077354,25.064754,0.070208,0.902496,0.081888,0.416972,1.791945,83.242569,13.146776,0.066821,0.988253,0.030844,0.133941,-0.255311,49.023472,5.917209,-0.008959,0.971633,0.139767,0.190563,-5.943860,3.575450,2.293717,-0.027245,0.915673,-0.118343,0.383139,13.124829,83.928314,26.632917,0.057298,0.903726,-0.073959,0.417764,11.695807,49.927315,34.957218,-0.061682,0.846539,0.074378,0.523483,4.098317,4.785890,38.899525,-0.008959,0.971633,0.139767,0.190563,-0.675831,1.707031,-10.987740,-0.061682,0.846539,0.074378,0.523483,16.739882,1.682283,32.719017
893,7.441667,-0.047119,0.904925,0.057073,0.419086,7.477727,83.579643,19.864706,-0.052202,0.897039,0.088759,0.429789,6.515585,90.728340,20.325846,-0.020894,0.898739,0.049940,0.435129,3.880841,105.902588,22.099018,0.068334,0.929805,0.031566,0.360274,2.435055,123.643303,23.376434,0.080501,0.959320,-0.031944,0.268708,5.049160,137.167603,23.549389,-0.111561,0.837921,0.133728,0.517262,0.162615,118.214401,20.478743,0.579944,-0.461020,0.070595,-0.667939,-7.154490,117.405952,5.566678,0.339890,0.188110,-0.541033,-0.745904,6.842204,101.821640,-7.662712,0.346016,0.254147,-0.277198,-0.859560,13.871552,120.940063,-9.444613,-0.096285,0.862117,0.084797,0.490197,4.527905,118.172859,25.996260,0.441892,0.857511,0.257161,0.057230,12.857519,119.551231,40.323887,0.043040,0.399362,0.548144,-0.733618,27.794624,100.046265,37.124844,0.067750,0.309176,0.599208,-0.735371,26.272387,114.673439,25.096563,0.070303,0.902654,0.081476,0.416695,1.798615,83.249619,13.131658,0.066653,0.988348,0.031071,0.133271,-0.269046,49.026745,5.925821,-0.009039,0.971644,0.139668,0.190575,-5.942002,3.577945,2.287653,-0.026969,0.915685,-0.118988,0.382929,13.156840,83.909668,26.597754,0.057318,0.903810,-0.074006,0.417571,11.694559,49.918346,34.955742,-0.062563,0.846590,0.073806,0.523378,4.094498,4.777762,38.902756,-0.009039,0.971644,0.139668,0.190575,-0.673178,1.707120,-10.993153,-0.062563,0.846590,0.073806,0.523378,16.738684,1.673763,32.727806
894,7.450000,-0.047016,0.905245,0.056339,0.418506,7.474507,83.574966,19.866434,-0.052182,0.897329,0.087955,0.429351,6.518417,90.724998,20.319242,-0.020842,0.898977,0.049073,0.434739,3.896608,105.898300,22.071190,0.067500,0.929649,0.031481,0.360840,2.466469,123.642159,23.322309,0.079709,0.958923,-0.031039,0.270464,5.060976,137.170334,23.487230,-0.110879,0.841005,0.130411,0.513234,0.187040,118.210625,20.435051,0.586414,-0.458962,0.077571,-0.662914,-7.273153,117.335274,5.597854,0.349985,0.182929,-0.540002,-0.743267,6.766104,101.451363,-7.223825,0.355331,0.252049,-0.276728,-0.856524,13.915753,120.473335,-9.390934,-0.094245,0.862380,0.080880,0.490792,4.557140,118.174072,25.948793,0.448776,0.854426,0.253964,0.063709,12.880260,119.557045,40.279751,0.048321,0.405158,0.551936,-0.727240,27.474710,99.755692,37.329613,0.071993,0.318331,0.600221,-0.730217,26.288181,114.263931,25.121044,0.070224,0.902942,0.081644,0.416051,1.786663,83.240311,13.140991,0.066586,0.988365,0.031122,0.133163,-0.276192,49.018585,5.928339,-0.009358,0.971636,0.139780,0.190517,-5.942897,3.569263,2.286961,-0.026872,0.915731,-0.118964,0.382834,13.162353,83.909615,26.591877,0.057300,0.903722,-0.074060,0.417755,11.695398,49.917522,34.945911,-0.061628,0.846440,0.074582,0.523621,4.093984,4.777482,38.896515,-0.009358,0.971636,0.139780,0.190517,-0.673099,1.703305,-10.994142,-0.061628,0.846440,0.074582,0.523621,16.737780,1.678003,32.718498
895,7.458333,-0.046850,0.905525,0.055752,0.417996,7.466923,83.568665,19.868725,-0.052347,0.897689,0.087071,0.428757,6.516778,90.719887,20.315435,-0.020821,0.899330,0.048324,0.434093,3.902588,105.900871,22.042946,0.066767,0.929457,0.031225,0.361494,2.485609,123.647369,23.271446,0.078849,0.958391,-0.030144,0.272693,5.064878,137.178589,23.425262,-0.110335,0.843725,0.126939,0.509745,0.198555,118.213295,20.395023,0.591603,-0.456933,0.085359,-0.658735,-7.384344,117.269150,5.624402,0.359188,0.177193,-0.538890,-0.741069,6.684125,101.088585,-6.787780,0.364347,0.249442,-0.276278,-0.853639,13.966252,120.010414,-9.331514,-0.092778,0.862700,0.077387,0.491072,4.576554,118.181595,25.902525,0.455749,0.851272,0.250369,0.070319,12.899656,119.579765,40.232010,0.054494,0.411097,0.555396,-0.720808,27.137697,99.483788,37.544182,0.075669,0.327692,0.602167,-0.724077,26.281101,113.842621,25.137032,0.070203,0.903166,0.081874,0.415523,1.771284,83.231613,13.150003,0.066443,0.988315,0.031032,0.133624,-0.287645,49.012302,5.924784,-0.009053,0.971593,0.140156,0.190478,-5.940791,3.560713,2.290662,-0.026826,0.915785,-0.119013,0.382694,13.162560,83.905724,26.587444,0.057244,0.903703,-0.074081,0.417799,11.692639,49.914268,34.943565,-0.061595,0.846415,0.074757,0.523640,4.094799,4.773939,38.897766,-0.009053,0.971593,0.140156,0.190478,-0.673821,1.703849,-10.992830,-0.061595,0.846415,0.074757,0.523640,16.739187,1.678153,32.719116
896,7.466667,-0.046759,0.905799,0.055210,0.417485,7.460883,83.563652,19.872963,-0.052520,0.898006,0.086229,0.428243,6.515423,90.715858,20.313688,-0.020796,0.899630,0.047497,0.433564,3.909180,105.896507,22.016663,0.065657,0.929282,0.031154,0.362152,2.506470,123.645874,23.219894,0.078409,0.957837,-0.029268,0.274852,5.059170,137.182251,23.363646,-0.108652,0.846766,0.123383,0.505923,0.212096,118.209099,20.354422,0.596686,-0.454717,0.093528,-0.654562,-7.512190,117.225220,5.659841,0.368682,0.171061,-0.537714,-0.738699,6.584002,100.747787,-6.322939,0.373964,0.246863,-0.275486,-0.850481,14.003351,119.553551,-9.259632,-0.091615,0.863097,0.073777,0.491149,4.596572,118.182587,25.856798,0.462545,0.848207,0.246368,0.076815,12.924279,119.607338,40.181000,0.060672,0.416713,0.558650,-0.714548,26.805744,99.229584,37.762909,0.080311,0.337594,0.604591,-0.716973,26.263586,113.432632,25.165485,0.070152,0.903357,0.082134,0.415065,1.757555,83.223328,13.160929,0.066410,0.988429,0.031129,0.132774,-0.294163,49.006512,5.921841,-0.009341,0.971542,0.140252,0.190650,-5.946239,3.555071,2.284209,-0.026687,0.915930,-0.119087,0.382333,13.164210,83.903984,26.584997,0.057187,0.903686,-0.074043,0.417851,11.686616,49.913258,34.942699,-0.061834,0.846412,0.074730,0.523621,4.094712,4.771817,38.895550,-0.009341,0.971542,0.140252,0.190650,-0.672517,1.702360,-10.997192,-0.061834,0.846412,0.074730,0.523621,16.740341,1.679005,32.717937
897,7.475000,-0.046577,0.906054,0.054682,0.417020,7.453938,83.557381,19.876947,-0.052579,0.898210,0.085803,0.427892,6.514242,90.710670,20.312380,-0.020785,0.899817,0.046391,0.433296,3.911444,105.900345,22.004604,0.065812,0.928946,0.030974,0.362999,2.526505,123.653435,23.173010,0.076868,0.957417,-0.028527,0.276820,5.085916,137.188538,23.317089,-0.107148,0.849593,0.119885,0.502334,0.225189,118.213120,20.319843,0.607582,-0.453832,0.096630,-0.644627,-7.630244,117.188354,5.697767,0.381491,0.168012,-0.534891,-0.734935,6.476544,100.439034,-5.889027,0.383131,0.244467,-0.275088,-0.847215,14.050015,119.090202,-9.175856,-0.090678,0.863546,0.070981,0.490946,4.612943,118.193451,25.819632,0.468997,0.845317,0.242013,0.083125,12.952956,119.638840,40.134590,0.067030,0.423090,0.560904,-0.708441,26.486578,98.997948,37.992229,0.083330,0.348020,0.605805,-0.710590,26.243746,113.012604,25.181541,0.070094,0.903529,0.082328,0.414661,1.743481,83.215416,13.171068,0.066377,0.988380,0.031086,0.133164,-0.302073,49.000256,5.922422,-0.009417,0.971501,0.140470,0.190697,-5.950306,3.548172,2.286810,-0.026606,0.915991,-0.119175,0.382164,13.164395,83.899345,26.582829,0.057134,0.903643,-0.073996,0.417958,11.680786,49.909779,34.944206,-0.061780,0.846343,0.074909,0.523713,4.094633,4.767129,38.894283,-0.009417,0.971501,0.140470,0.190697,-0.674535,1.702021,-10.994684,-0.061780,0.846343,0.074909,0.523713,16.741758,1.677801,32.718006
898,7.483333,-0.046702,0.906160,0.053018,0.416992,7.435928,83.561172,19.897741,-0.052589,0.898485,0.085135,0.427448,6.504575,90.716888,20.310713,-0.020867,0.900117,0.045397,0.432774,3.912799,105.900002,21.984533,0.064567,0.928719,0.030901,0.363810,2.541228,123.656227,23.120646,0.076545,0.956751,-0.027614,0.279294,5.070873,137.197037,23.253826,-0.105653,0.852053,0.116984,0.499157,0.232945,118.212036,20.280514,0.613719,-0.452128,0.103823,-0.638867,-7.738909,117.160049,5.723520,0.391388,0.162643,-0.533162,-0.732189,6.372917,100.124428,-5.431700,0.392257,0.241668,-0.274003,-0.844188,14.089436,118.634964,-9.083880,-0.089420,0.864058,0.068077,0.490687,4.627015,118.199875,25.775284,0.475551,0.842224,0.237667,0.089581,12.983031,119.658676,40.079556,0.073309,0.429322,0.563235,-0.702193,26.154671,98.758041,38.217709,0.086973,0.358650,0.606610,-0.704152,26.213127,112.583633,25.200874,0.070002,0.903743,0.082813,0.414115,1.725253,83.204857,13.192791,0.066365,0.988450,0.031108,0.132646,-0.304630,48.994427,5.917500,-0.009182,0.971444,0.140731,0.190806,-5.953409,3.542322,2.283039,-0.026578,0.916029,-0.118804,0.382192,13.146603,83.917496,26.602692,0.057006,0.903620,-0.073985,0.418029,11.670987,49.921631,34.939854,-0.061666,0.846383,0.074693,0.523692,4.095491,4.777491,38.893383,-0.009182,0.971444,0.140731,0.190806,-0.676174,1.702298,-10.998726,-0.061666,0.846383,0.074693,0.523692,16.740900,1.681276,32.717030
899,7.491667,-0.046516,0.906575,0.052144,0.416220,7.425499,83.547768,19.915359,-0.052816,0.898844,0.084351,0.426820,6.502158,90.705063,20.318836,-0.021025,0.900433,0.044418,0.432211,3.913211,105.904961,21.971245,0.064017,0.928564,0.030692,0.364320,2.552345,123.664093,23.074362,0.076094,0.956293,-0.026748,0.281067,5.070798,137.207077,23.198792,-0.103716,0.854576,0.113749,0.495988,0.237713,118.215584,20.247713,0.619937,-0.450549,0.110813,-0.632776,-7.852495,117.144096,5.757586,0.401607,0.157290,-0.530925,-0.729445,6.255637,99.829849,-4.964946,0.401347,0.239148,-0.273229,-0.840877,14.133581,118.181595,-8.977234,-0.088397,0.864732,0.065246,0.490068,4.638541,118.211838,25.737083,0.481588,0.839263,0.233368,0.096178,13.020794,119.690765,40.023930,0.080034,0.436025,0.565125,-0.695781,25.845406,98.551651,38.454762,0.091669,0.369470,0.605753,-0.698679,26.205021,112.155914,25.219784,0.069856,0.903925,0.083442,0.413615,1.703187,83.186958,13.220575,0.066375,0.988441,0.031002,0.132730,-0.303016,48.982418,5.911087,-0.009338,0.971408,0.141154,0.190669,-5.953720,3.529829,2.285649,-0.026506,0.916111,-0.118824,0.381995,13.147812,83.908585,26.610142,0.057060,0.903619,-0.073940,0.418030,11.668801,49.912781,34.946957,-0.061676,0.846318,0.074944,0.523760,4.090579,4.768589,38.894707,-0.009338,0.971408,0.141154,0.190669,-0.678447,1.702696,-10.998680,-0.061676,0.846318,0.074944,0.523760,16.737804,1.678561,32.718971
900,7.500000,-0.046458,0.906841,0.051558,0.415720,7.427166,83.542023,19.926220,-0.053285,0.899178,0.083747,0.426175,6.508309,90.700272,20.322903,-0.021048,0.900803,0.043545,0.431527,3.913532,105.912659,21.955364,0.063432,0.928425,0.030548,0.364788,2.566170,123.674484,23.031185,0.075675,0.955808,-0.025986,0.282895,5.071824,137.219910,23.148008,-0.101806,0.857101,0.110480,0.492755,0.243631,118.222878,20.217052,-0.627031,0.449515,-0.116428,0.625470,-7.965957,117.131317,5.795738,0.412486,0.152685,-0.527906,-0.726538,6.125046,99.556908,-4.518266,0.410384,0.236686,-0.272139,-0.837559,14.184321,117.732986,-8.866269,-0.087167,0.865372,0.062563,0.489510,4.652761,118.225250,25.699753,0.487129,0.836612,0.228669,0.102453,13.060388,119.715538,39.970493,0.088054,0.442041,0.566672,-0.689731,25.557262,98.361275,38.698170,0.097263,0.378856,0.605821,-0.692812,26.183813,111.720825,25.231123,0.069934,0.904135,0.083771,0.413076,1.697425,83.177170,13.238016,0.066383,0.988384,0.030868,0.133184,-0.308367,48.977234,5.906870,-0.009209,0.971343,0.141461,0.190779,-5.959781,3.523982,2.290885,-0.026305,0.916185,-0.118972,0.381783,13.156906,83.906868,26.614424,0.057037,0.903566,-0.073831,0.418168,11.662933,49.912800,34.955616,-0.061708,0.846280,0.075087,0.523798,4.090120,4.766888,38.894062,-0.009209,0.971343,0.141461,0.190779,-0.682202,1.704831,-10.993622,-0.061708,0.846280,0.075087,0.523798,16.738523,1.680782,32.718781
901,7.508333,-0.046114,0.907122,0.052352,0.415044,7.449990,83.534004,19.913582,-0.054095,0.899514,0.083522,0.425409,6.531195,90.691521,20.323412,-0.021050,0.901233,0.042580,0.430724,3.915360,105.919098,21.942804,0.062883,0.928227,0.030551,0.365387,2.583694,123.683891,22.988813,0.074936,0.955238,-0.025189,0.285079,5.076196,137.231766,23.102646,-0.100011,0.859493,0.107495,0.489607,0.251926,118.228996,20.188698,-0.633763,0.448860,-0.121589,0.618130,-8.072570,117.120483,5.834706,0.423339,0.148987,-0.524484,-0.723535,5.986728,99.300972,-4.094845,0.420172,0.234141,-0.270463,-0.833956,14.231777,117.301834,-8.741173,-0.086417,0.865931,0.060265,0.488941,4.670798,118.237877,25.663546,0.492217,0.834222,0.223567,0.108690,13.101253,119.746758,39.918858,0.096844,0.447866,0.567929,-0.683735,25.285990,98.196678,38.958988,0.104437,0.387566,0.605522,-0.687189,26.163248,111.287354,25.251427,0.070117,0.904265,0.083477,0.412820,1.709788,83.179626,13.233787,0.066274,0.988402,0.031020,0.133071,-0.318227,48.978050,5.916415,-0.009420,0.971365,0.141415,0.190691,-5.958320,3.524327,2.288635,-0.025932,0.916172,-0.119721,0.381606,13.190192,83.888382,26.593376,0.057038,0.903733,-0.073623,0.417843,11.653681,49.905479,34.972263,-0.061956,0.846296,0.075288,0.523713,4.090117,4.756761,38.896294,-0.009420,0.971365,0.141415,0.190691,-0.681537,1.705021,-10.996167,-0.061956,0.846296,0.075288,0.523713,16.739586,1.679176,32.718941
902,7.516667,-0.046056,0.907345,0.052000,0.414609,7.453319,83.529617,19.920059,-0.054438,0.899890,0.082944,0.424683,6.537574,90.687737,20.326073,-0.021167,0.901657,0.041752,0.429911,3.919421,105.926445,21.927954,0.062452,0.928077,0.030494,0.365845,2.597624,123.693550,22.946774,0.074288,0.954742,-0.024411,0.286971,5.080390,137.243240,23.056688,-0.098005,0.861717,0.104751,0.486689,0.258406,118.235062,20.159903,-0.639516,0.448578,-0.127309,0.611220,-8.174064,117.121765,5.869441,0.433603,0.145044,-0.520487,-0.721141,5.827229,99.051651,-3.681973,0.428270,0.232783,-0.268041,-0.830994,14.276078,116.848991,-8.599249,-0.086171,0.866415,0.058647,0.488325,4.687047,118.251053,25.626839,0.497150,0.831953,0.218097,0.114585,13.138960,119.781723,39.867115,0.106230,0.453424,0.569159,-0.677628,25.016647,98.049385,39.218124,0.113333,0.395660,0.605023,-0.681583,26.136604,110.852829,25.269989,0.070229,0.904547,0.083509,0.412175,1.706653,83.173004,13.245943,0.065407,0.988729,0.031430,0.130953,-0.332730,48.972900,5.924848,-0.009163,0.971557,0.142041,0.189253,-5.897140,3.511047,2.282200,-0.025841,0.916172,-0.119903,0.381556,13.199986,83.886230,26.594173,0.057022,0.903641,-0.073572,0.418053,11.653228,49.906055,34.982239,-0.062081,0.846345,0.075274,0.523622,4.091992,4.756484,38.900913,-0.009163,0.971557,0.142041,0.189253,-0.659354,1.708866,-11.020358,-0.062081,0.846345,0.075274,0.523622,16.740948,1.680410,32.721756
903,7.525000,-0.045821,0.907553,0.051475,0.414244,7.449505,83.526077,19.929781,-0.054610,0.900268,0.082203,0.424003,6.540124,90.685303,20.330719,-0.021438,0.902055,0.040966,0.429137,3.926954,105.933693,21.912394,0.061816,0.927888,0.030570,0.366426,2.609323,123.702705,22.902933,0.073643,0.954175,-0.023616,0.289083,5.076004,137.255341,23.010754,-0.096475,0.863893,0.102104,0.483691,0.264667,118.239769,20.129377,-0.645048,0.448655,-0.131915,0.604335,-8.274465,117.110336,5.903666,0.443963,0.142417,-0.515908,-0.718647,5.664253,98.820290,-3.314874,0.437919,0.230330,-0.264877,-0.827657,14.331871,116.435539,-8.457177,-0.085678,0.866964,0.057153,0.487613,4.702501,118.264519,25.588816,0.501778,0.829926,0.212295,0.119889,13.180344,119.808174,39.812267,0.115439,0.458732,0.570091,-0.671740,24.767344,97.912621,39.464153,0.122156,0.403293,0.605098,-0.675492,26.111156,110.429909,25.280470,0.070099,0.904755,0.083733,0.411696,1.697127,83.168892,13.260619,0.065362,0.988770,0.031558,0.130637,-0.331373,48.970139,5.930218,-0.009169,0.971557,0.142150,0.189173,-5.891278,3.508475,2.278218,-0.025810,0.916135,-0.120035,0.381606,13.201883,83.883270,26.598942,0.056998,0.903526,-0.073430,0.418330,11.649096,49.905186,34.994362,-0.062130,0.846301,0.075418,0.523666,4.094039,4.753444,38.899895,-0.009169,0.971557,0.142150,0.189173,-0.655430,1.709466,-11.025532,-0.062130,0.846301,0.075418,0.523666,16.744385,1.681560,32.721497
904,7.533333,-0.045778,0.907726,0.051036,0.413924,7.452118,83.523384,19.942570,-0.054597,0.900684,0.081399,0.423274,6.546045,90.683311,20.338341,-0.022141,0.902467,0.040086,0.428318,3.942671,105.949379,21.901350,0.061598,0.927716,0.030738,0.366883,2.616742,123.719849,22.854040,0.073069,0.953701,-0.022909,0.290846,5.076814,137.273651,22.965782,-0.094451,0.866367,0.098979,0.480303,0.270358,118.249344,20.096905,-0.649075,0.448871,-0.136973,0.598711,-8.390265,117.108871,5.945720,0.453491,0.139177,-0.510607,-0.717117,5.471428,98.609070,-2.965254,0.446179,0.228593,-0.261628,-0.824755,14.388567,116.017006,-8.307636,-0.084845,0.867218,0.055437,0.487506,4.717642,118.288910,25.548563,0.505584,0.828061,0.207353,0.125319,13.203677,119.837296,39.766609,0.125167,0.464406,0.570487,-0.665736,24.534716,97.805511,39.713951,0.131288,0.410887,0.603412,-0.670693,26.093466,109.999916,25.287291,0.070209,0.904740,0.083828,0.411690,1.695005,83.163239,13.277656,0.065388,0.988727,0.031600,0.130936,-0.337653,48.966679,5.938185,-0.009169,0.971515,0.142299,0.189277,-5.898288,3.505576,2.280394,-0.025713,0.916128,-0.120102,0.381607,13.209232,83.883522,26.607483,0.057063,0.903516,-0.073352,0.418356,11.648401,49.906223,35.004566,-0.062126,0.846249,0.075496,0.523740,4.090865,4.754108,38.900955,-0.009169,0.971515,0.142299,0.189277,-0.659513,1.710744,-11.022763,-0.062126,0.846249,0.075496,0.523740,16.742483,1.684089,32.724236
905,7.541667,-0.045691,0.907894,0.050625,0.413615,7.454570,83.519791,19.954041,-0.054836,0.901143,0.080300,0.422477,6.552208,90.680435,20.345268,-0.022143,0.902968,0.039759,0.427291,3.957694,105.951965,21.876888,0.060945,0.927647,0.030974,0.367147,2.637740,123.723366,22.820538,0.072381,0.953232,-0.022424,0.292586,5.079309,137.280518,22.932825,-0.092255,0.868612,0.096388,0.477192,0.283936,118.251503,20.072439,-0.654513,0.450096,-0.139961,0.591132,-8.489369,117.116058,5.990428,0.463702,0.137030,-0.504527,-0.715301,5.276776,98.419479,-2.654001,0.453400,0.227357,-0.256671,-0.822714,14.452585,115.601494,-8.156651,-0.084272,0.867080,0.052579,0.488166,4.743581,118.293800,25.513968,0.508680,0.826354,0.203172,0.130787,13.211423,119.870445,39.739758,0.135065,0.470321,0.570452,-0.659651,24.317486,97.725571,39.973976,0.140973,0.418885,0.600352,-0.666512,26.082718,109.572327,25.305801,0.070226,0.904912,0.084014,0.411271,1.692804,83.157631,13.293258,0.065362,0.988756,0.031647,0.130723,-0.338918,48.963428,5.942555,-0.009336,0.971503,0.142411,0.189247,-5.897432,3.502285,2.282025,-0.025631,0.916061,-0.120184,0.381747,13.216334,83.881958,26.614824,0.057055,0.903403,-0.073250,0.418619,11.646802,49.905746,35.014713,-0.062226,0.846278,0.075543,0.523674,4.092653,4.752171,38.900852,-0.009336,0.971503,0.142411,0.189247,-0.658105,1.711512,-11.021463,-0.062226,0.846278,0.075543,0.523674,16.744133,1.684746,32.722569
906,7.550000,-0.045683,0.908075,0.050168,0.413275,7.456133,83.516060,19.969093,-0.054998,0.901567,0.079322,0.421735,6.556740,90.677383,20.354725,-0.022420,0.903410,0.039020,0.426408,3.971108,105.956306,21.859400,0.060558,0.927487,0.031504,0.367570,2.654370,123.729340,22.776339,0.071712,0.952751,-0.022076,0.294338,5.081418,137.289001,22.899958,-0.089583,0.870955,0.093638,0.473967,0.294868,118.253159,20.041767,-0.654924,0.450495,-0.146773,0.588716,-8.596632,117.134239,6.032759,0.470544,0.132474,-0.498674,-0.715795,5.054923,98.233597,-2.345536,0.458960,0.226476,-0.250750,-0.821698,14.505251,115.184189,-7.997997,-0.083423,0.866909,0.049711,0.488916,4.764945,118.304039,25.474655,0.512091,0.825303,0.196517,0.134238,13.213137,119.901047,39.709846,0.143827,0.477080,0.569062,-0.654123,24.101362,97.652718,40.212925,0.147735,0.427088,0.598381,-0.661597,26.047758,109.144577,25.304565,0.070321,0.904886,0.084236,0.411267,1.689398,83.150253,13.312814,0.065418,0.988711,0.031624,0.131040,-0.341834,48.959606,5.945428,-0.009696,0.971469,0.142436,0.189382,-5.904489,3.499001,2.284530,-0.025578,0.916046,-0.120226,0.381774,13.222867,83.881874,26.625374,0.057207,0.903493,-0.073127,0.418425,11.648558,49.906178,35.026447,-0.062155,0.846202,0.075608,0.523796,4.087338,4.752546,38.898067,-0.009696,0.971469,0.142436,0.189382,-0.658929,1.710745,-11.016840,-0.062155,0.846202,0.075608,0.523796,16.740284,1.685658,32.722527
907,7.558333,-0.045620,0.908274,0.049956,0.412871,7.462187,83.511856,19.981266,-0.055029,0.902081,0.077977,0.420881,6.565052,90.673569,20.364901,-0.022733,0.903920,0.038860,0.425326,3.996458,105.964783,21.834686,0.059833,0.927408,0.031610,0.367879,2.673156,123.737755,22.743261,0.071093,0.952213,-0.021352,0.296277,5.081236,137.300827,22.863548,-0.087531,0.873004,0.091275,0.471032,0.309899,118.258652,20.017797,-0.656356,0.451856,-0.151222,0.584939,-8.685942,117.147049,6.074977,0.478016,0.129925,-0.492065,-0.715886,4.839049,98.068672,-2.103347,0.465016,0.225480,-0.244616,-0.820415,14.571116,114.803291,-7.846104,-0.082762,0.866548,0.047366,0.489900,4.792757,118.315247,25.440090,0.514163,0.824268,0.192174,0.138881,13.212572,119.928787,39.690220,0.152781,0.483841,0.567375,-0.648569,23.932594,97.606750,40.466465,0.156522,0.436129,0.592778,-0.658716,26.050556,108.727478,25.322067,0.070311,0.904938,0.084384,0.411124,1.689466,83.144989,13.330233,0.065403,0.988744,0.031769,0.130759,-0.337945,48.955978,5.954229,-0.009337,0.971476,0.142693,0.189171,-5.898592,3.496048,2.281941,-0.025465,0.916071,-0.120380,0.381673,13.234909,83.878716,26.632298,0.057282,0.903530,-0.073017,0.418354,11.650105,49.905220,35.040283,-0.062187,0.846215,0.075662,0.523763,4.087173,4.750901,38.900551,-0.009337,0.971476,0.142693,0.189171,-0.660912,1.713320,-11.023274,-0.062187,0.846215,0.075662,0.523763,16.740032,1.685787,32.723949
908,7.566667,-0.045533,0.908466,0.049596,0.412501,7.463971,83.508362,19.996756,-0.055047,0.902492,0.076816,0.420212,6.570273,90.670708,20.376564,-0.023105,0.904307,0.038525,0.424514,4.016069,105.974625,21.816292,0.059477,0.927250,0.031899,0.368310,2.686664,123.747925,22.709641,0.070299,0.951735,-0.020845,0.298034,5.083407,137.312943,22.835415,-0.085828,0.874727,0.089242,0.468532,0.321006,118.265114,19.993736,-0.656407,0.453796,-0.155617,0.582222,-8.762792,117.158745,6.107637,0.484445,0.127913,-0.484806,-0.716878,4.608344,97.909729,-1.922494,0.470417,0.224308,-0.237661,-0.819702,14.640438,114.436302,-7.699856,-0.082286,0.866144,0.045220,0.490897,4.813337,118.328987,25.408100,0.515578,0.823450,0.188519,0.143422,13.203250,119.961182,39.673740,0.165449,0.487733,0.565496,-0.644171,23.787561,97.584976,40.709530,0.162604,0.443842,0.593730,-0.651191,25.966251,108.300522,25.303522,0.070360,0.904904,0.084594,0.411149,1.685727,83.139801,13.350615,0.065409,0.988767,0.031847,0.130562,-0.338451,48.953766,5.959948,-0.009353,0.971448,0.142906,0.189157,-5.899435,3.494358,2.281625,-0.025385,0.915972,-0.120475,0.381886,13.242215,83.876923,26.642899,0.057333,0.903563,-0.072880,0.418301,11.647779,49.904736,35.054356,-0.062196,0.846192,0.075815,0.523777,4.086042,4.749122,38.901787,-0.009353,0.971448,0.142906,0.189157,-0.661779,1.717773,-11.024425,-0.062196,0.846192,0.075815,0.523777,16.739622,1.687808,32.724770
909,7.575000,-0.045526,0.908627,0.049283,0.412183,7.467686,83.507172,20.011656,-0.054721,0.902908,0.075370,0.419622,6.576063,90.669975,20.387728,-0.023736,0.904642,0.038345,0.423779,4.051684,105.975685,21.792469,0.058948,0.927116,0.032402,0.368688,2.705360,123.748421,22.671515,0.069776,0.951293,-0.020349,0.299599,5.084190,137.316528,22.806301,-0.083260,0.876772,0.087359,0.465518,0.341128,118.260681,19.964350,-0.656194,0.455345,-0.159893,0.580090,-8.850731,117.185272,6.147104,0.490598,0.125466,-0.477632,-0.717941,4.383786,97.784218,-1.742213,0.475914,0.222692,-0.229460,-0.819306,14.711616,114.094566,-7.558871,-0.082046,0.865742,0.042992,0.491845,4.841813,118.334175,25.371647,0.517460,0.822946,0.182994,0.146654,13.202055,119.993362,39.651577,0.173736,0.494453,0.562965,-0.639064,23.643568,97.563240,40.939663,0.170913,0.452686,0.588516,-0.647699,25.962019,107.904175,25.316477,0.070422,0.904777,0.084688,0.411398,1.684811,83.136047,13.369688,0.065416,0.988774,0.031988,0.130476,-0.338476,48.951736,5.970808,-0.009313,0.971422,0.143022,0.189199,-5.898657,3.493240,2.280035,-0.025326,0.915958,-0.120555,0.381897,13.250563,83.878288,26.653624,0.057376,0.903415,-0.072758,0.418636,11.650087,49.907249,35.068535,-0.062350,0.846200,0.075794,0.523750,4.088031,4.750457,38.901474,-0.009313,0.971422,0.143022,0.189199,-0.660038,1.719736,-11.026043,-0.062350,0.846200,0.075794,0.523750,16.742178,1.690951,32.724731
910,7.583333,-0.045622,0.908769,0.049045,0.411889,7.471943,83.505630,20.030468,-0.054568,0.903257,0.073614,0.419201,6.580581,90.668640,20.403128,-0.024070,0.904901,0.038495,0.423193,4.082355,105.991974,21.762798,0.058597,0.926935,0.032689,0.369175,2.723552,123.763718,22.642496,0.069036,0.950828,-0.019916,0.301268,5.091239,137.333710,22.782970,-0.081627,0.878339,0.085868,0.463124,0.360107,118.274010,19.938637,-0.655253,0.457770,-0.164075,0.578074,-8.914657,117.212059,6.175855,0.495839,0.123540,-0.469899,-0.719775,4.142989,97.649666,-1.609095,0.479152,0.222298,-0.222096,-0.819555,14.776307,113.744781,-7.413606,-0.081885,0.865355,0.041206,0.492704,4.867544,118.351273,25.340254,0.518928,0.822133,0.179200,0.150659,13.200505,120.032822,39.633514,0.183427,0.500099,0.560727,-0.633910,23.507643,97.555771,41.163116,0.179500,0.461163,0.583498,-0.643924,25.940496,107.502762,25.327705,0.070504,0.904737,0.084857,0.411436,1.684956,83.130852,13.392287,0.065447,0.988766,0.032090,0.130491,-0.338193,48.949371,5.980339,-0.009198,0.971409,0.143177,0.189160,-5.899854,3.491846,2.279900,-0.025218,0.915954,-0.120555,0.381915,13.258929,83.880409,26.668650,0.057438,0.903447,-0.072667,0.418573,11.651358,49.908985,35.080677,-0.062518,0.846242,0.075739,0.523669,4.087839,4.751640,38.904198,-0.009198,0.971409,0.143177,0.189160,-0.662938,1.722147,-11.027358,-0.062518,0.846242,0.075739,0.523669,16.741783,1.693315,32.726452
911,7.591667,-0.045563,0.908915,0.048515,0.411635,7.467744,83.498810,20.050797,-0.054071,0.903582,0.072127,0.418825,6.580391,90.662651,20.417120,-0.024798,0.905105,0.038324,0.422732,4.114572,106.002663,21.743471,0.058275,0.926722,0.033089,0.369724,2.735298,123.773613,22.607347,0.068573,0.950365,-0.019459,0.302862,5.091528,137.345490,22.756910,-0.079373,0.879741,0.084696,0.461067,0.375886,118.278481,19.911003,-0.652453,0.459270,-0.169868,0.578377,-8.974187,117.254829,6.196359,0.500047,0.120729,-0.462558,-0.722093,3.919448,97.538963,-1.473974,0.483348,0.221297,-0.214735,-0.819324,14.849716,113.419174,-7.277040,-0.081906,0.865058,0.039557,0.493358,4.888319,118.366333,25.308290,0.520272,0.821580,0.174893,0.154068,13.199739,120.073853,39.611012,0.192493,0.506143,0.558100,-0.628721,23.386196,97.558937,41.374340,0.188340,0.469386,0.577823,-0.640566,25.934938,107.108978,25.337713,0.070483,0.904602,0.085006,0.411705,1.676970,83.120796,13.416102,0.065412,0.988759,0.032256,0.130523,-0.338323,48.940880,5.994794,-0.009145,0.971387,0.143525,0.189008,-5.894651,3.483906,2.279556,-0.025297,0.915956,-0.120456,0.381936,13.258518,83.876823,26.685492,0.057588,0.903443,-0.072585,0.418576,11.658462,49.904015,35.093357,-0.062500,0.846182,0.075979,0.523734,4.085726,4.747149,38.904243,-0.009145,0.971387,0.143525,0.189008,-0.661701,1.723893,-11.030546,-0.062500,0.846182,0.075979,0.523734,16.741194,1.694335,32.726894
912,7.600000,-0.045672,0.909013,0.048301,0.411432,7.473026,83.493530,20.070642,-0.053919,0.903818,0.070560,0.418602,6.585597,90.657524,20.433699,-0.025307,0.905236,0.038447,0.422408,4.144043,106.008759,21.719084,0.057903,0.926527,0.033477,0.370234,2.746779,123.778465,22.579720,0.068098,0.949956,-0.019105,0.304272,5.090348,137.352448,22.737398,-0.076948,0.881037,0.083632,0.459194,0.391318,118.280220,19.886229,-0.649039,0.461437,-0.175155,0.578917,-9.028678,117.302681,6.216140,0.504015,0.118843,-0.454530,-0.724740,3.675728,97.438637,-1.387327,0.487886,0.219947,-0.206762,-0.819048,14.921885,113.116646,-7.144187,-0.082293,0.864827,0.038283,0.493799,4.907241,118.374062,25.280493,0.521294,0.820974,0.170628,0.158558,13.202074,120.112419,39.589130,0.202556,0.511647,0.555678,-0.623226,23.266232,97.566132,41.631798,0.199550,0.476965,0.571702,-0.637056,25.928381,106.723511,25.353384,0.070480,0.904546,0.085103,0.411810,1.679476,83.111969,13.438574,0.065602,0.988782,0.032462,0.130207,-0.331954,48.933174,6.011015,-0.009232,0.971325,0.143641,0.189234,-5.904195,3.479722,2.276585,-0.025105,0.915932,-0.120376,0.382030,13.266577,83.875099,26.702711,0.057519,0.903244,-0.072531,0.419025,11.655535,49.900253,35.100243,-0.062419,0.846231,0.076171,0.523636,4.088635,4.741937,38.905544,-0.009232,0.971325,0.143641,0.189234,-0.664516,1.723342,-11.031350,-0.062419,0.846231,0.076171,0.523636,16.742760,1.692441,32.723797
913,7.608333,-0.045784,0.909132,0.047814,0.411214,7.472138,83.493942,20.099562,-0.053694,0.904002,0.068893,0.418512,6.586214,90.658470,20.455793,-0.025765,0.905286,0.038537,0.422265,4.172616,106.017982,21.697695,0.057470,0.926283,0.033908,0.370873,2.759347,123.786606,22.554531,0.067663,0.949518,-0.018911,0.305745,5.088430,137.362976,22.721296,-0.074671,0.882661,0.082160,0.456710,0.408185,118.285583,19.862968,-0.644975,0.462956,-0.180897,0.580479,-9.098990,117.341469,6.251001,0.507455,0.116276,-0.446672,-0.727635,3.434530,97.343086,-1.283623,0.491423,0.220019,-0.199708,-0.818665,14.978769,112.792610,-6.998592,-0.082473,0.864530,0.037162,0.494374,4.925475,118.384811,25.255997,0.522180,0.820689,0.166717,0.161256,13.200415,120.145226,39.573460,0.210226,0.518363,0.552863,-0.617615,23.175991,97.578705,41.817337,0.211041,0.484228,0.562729,-0.635862,25.977348,106.338882,25.375916,0.070491,0.904533,0.085405,0.411774,1.675608,83.106789,13.470419,0.065710,0.988704,0.032513,0.130728,-0.327927,48.931713,6.023639,-0.009550,0.971340,0.143591,0.189178,-5.907332,3.479868,2.280319,-0.025036,0.916037,-0.120147,0.381857,13.268667,83.881096,26.728708,0.057602,0.903162,-0.072494,0.419196,11.660946,49.902145,35.110264,-0.062471,0.846245,0.076081,0.523620,4.087896,4.744211,38.907890,-0.009550,0.971340,0.143591,0.189178,-0.666875,1.723772,-11.027351,-0.062471,0.846245,0.076081,0.523620,16.741875,1.693347,32.726513
914,7.616667,-0.045903,0.909211,0.047544,0.411056,7.476163,83.489883,20.119308,-0.053502,0.904262,0.067313,0.418230,6.590332,90.654625,20.471439,-0.026255,0.905460,0.038767,0.421842,4.202563,106.023720,21.672491,0.056991,0.926091,0.034391,0.371381,2.770407,123.790787,22.530022,0.067286,0.949058,-0.018735,0.307263,5.083147,137.369843,22.706200,-0.072910,0.883491,0.081616,0.455485,0.422942,118.287086,19.840721,-0.640535,0.464499,-0.187045,0.582211,-9.130023,117.381058,6.258261,0.510809,0.114718,-0.439126,-0.730125,3.220484,97.242653,-1.205287,0.496260,0.219620,-0.190889,-0.817957,15.046258,112.496506,-6.858677,-0.082617,0.864101,0.035897,0.495191,4.944904,118.391487,25.229729,0.523187,0.820400,0.162802,0.163449,13.192147,120.174683,39.560337,0.217931,0.523926,0.550370,-0.612455,23.080313,97.588310,41.984196,0.223342,0.491075,0.554697,-0.633463,25.992447,105.975578,25.398428,0.070640,0.904442,0.085411,0.411946,1.677544,83.098663,13.492235,0.065712,0.988724,0.032735,0.130517,-0.333793,48.925133,6.040472,-0.009576,0.971276,0.143764,0.189373,-5.911463,3.474641,2.278217,-0.025002,0.916060,-0.120099,0.381819,13.274781,83.881104,26.746380,0.057700,0.903092,-0.072395,0.419351,11.666533,49.901237,35.124104,-0.062468,0.846231,0.076107,0.523639,4.088454,4.743040,38.908474,-0.009576,0.971276,0.143764,0.189373,-0.665472,1.723490,-11.027920,-0.062468,0.846231,0.076107,0.523639,16.742762,1.692770,32.727482
915,7.625000,-0.046126,0.909266,0.047120,0.410959,7.479512,83.487358,20.143393,-0.053583,0.904391,0.065560,0.418219,6.593297,90.652382,20.488718,-0.026408,0.905495,0.039244,0.421713,4.225930,106.028488,21.639511,0.056346,0.925855,0.034755,0.372036,2.781816,123.793945,22.510323,0.067006,0.948559,-0.018497,0.308877,5.075370,137.376175,22.691750,-0.071486,0.884250,0.081162,0.454317,0.437386,118.290588,19.817677,-0.635834,0.466751,-0.192078,0.583923,-9.157761,117.414581,6.263013,0.515020,0.115125,-0.429922,-0.732576,2.994310,97.151978,-1.190087,0.501669,0.220628,-0.184377,-0.815878,15.116860,112.179504,-6.694273,-0.082728,0.863687,0.034879,0.495969,4.960765,118.394180,25.205513,0.523696,0.820570,0.158698,0.164995,13.181767,120.195320,39.548950,0.225218,0.529808,0.547525,-0.607286,23.018370,97.604927,42.139420,0.236263,0.497121,0.546326,-0.631331,26.041922,105.615273,25.418148,0.070573,0.904545,0.085498,0.411714,1.679841,83.089355,13.517645,0.065801,0.988719,0.032994,0.130445,-0.326597,48.916203,6.062861,-0.009525,0.971259,0.144013,0.189277,-5.909481,3.468356,2.276493,-0.024941,0.916179,-0.120017,0.381563,13.279183,83.885368,26.769140,0.057826,0.903268,-0.072225,0.418984,11.671564,49.903900,35.140507,-0.062129,0.846215,0.075906,0.523736,4.091117,4.744762,38.908981,-0.009525,0.971259,0.144013,0.189277,-0.666099,1.724070,-11.031576,-0.062129,0.846215,0.075906,0.523736,16.743940,1.684589,32.729858
916,7.633333,-0.046356,0.909328,0.046855,0.410826,7.484412,83.482407,20.163622,-0.053065,0.904398,0.064138,0.418492,6.596804,90.647484,20.504234,-0.027252,0.905300,0.039414,0.422061,4.261018,106.037880,21.621727,0.056111,0.925537,0.035245,0.372813,2.786772,123.801247,22.484699,0.066818,0.948193,-0.018308,0.310049,5.070339,137.384979,22.679190,-0.069966,0.885141,0.080566,0.452924,0.453749,118.293022,19.792103,-0.632110,0.468159,-0.197510,0.585026,-9.190595,117.446899,6.270494,0.519503,0.114628,-0.421947,-0.734123,2.791407,97.058372,-1.114254,0.507644,0.220925,-0.175853,-0.813981,15.187099,111.882874,-6.535149,-0.082605,0.863351,0.034367,0.496609,4.972352,118.406090,25.183756,0.524091,0.820560,0.154842,0.167433,13.172896,120.210480,39.538490,0.233058,0.534960,0.544681,-0.602348,22.948828,97.617088,42.325031,0.248781,0.503179,0.538319,-0.628596,26.065735,105.270004,25.427643,0.070683,0.904562,0.085645,0.411626,1.683192,83.078644,13.539578,0.065856,0.988711,0.033088,0.130458,-0.326614,48.908348,6.072602,-0.009326,0.971202,0.144354,0.189321,-5.913239,3.461736,2.276931,-0.024940,0.916186,-0.119909,0.381580,13.285632,83.886169,26.787668,0.057908,0.902935,-0.072185,0.419696,11.680718,49.902882,35.152168,-0.062261,0.846198,0.075879,0.523751,4.092035,4.744086,38.908146,-0.009326,0.971202,0.144354,0.189321,-0.669753,1.726082,-11.032224,-0.062261,0.846198,0.075879,0.523751,16.745869,1.685270,32.730408
917,7.641667,-0.046617,0.909361,0.046416,0.410774,7.490013,83.477608,20.186190,-0.052961,0.904386,0.062881,0.418720,6.601580,90.642914,20.519541,-0.027815,0.905155,0.039609,0.422316,4.284117,106.042732,21.602783,0.055684,0.925227,0.035816,0.373592,2.788535,123.804436,22.463139,0.066819,0.947761,-0.018299,0.311368,5.056438,137.390594,22.670801,-0.068176,0.885947,0.080228,0.451678,0.463628,118.293228,19.769632,-0.628721,0.469945,-0.202808,0.585433,-9.226419,117.489555,6.278145,0.524534,0.114189,-0.413324,-0.735519,2.567462,96.966331,-1.035981,0.513127,0.222279,-0.168386,-0.811751,15.256882,111.574432,-6.367277,-0.082463,0.863123,0.033810,0.497067,4.978763,118.412109,25.164063,0.524347,0.820548,0.152237,0.169071,13.164958,120.220474,39.526485,0.239307,0.539825,0.542242,-0.597741,22.900286,97.626236,42.445244,0.262002,0.509423,0.529010,-0.626092,26.109875,104.950592,25.447687,0.070762,0.904503,0.085740,0.411723,1.688476,83.066406,13.562881,0.065858,0.988943,0.033546,0.128570,-0.322750,48.898022,6.087531,-0.009718,0.971131,0.144555,0.189508,-5.911259,3.454235,2.260961,-0.024949,0.916230,-0.119886,0.381481,13.291550,83.888802,26.809498,0.058076,0.902988,-0.072015,0.419588,11.688748,49.905159,35.172939,-0.062078,0.846179,0.075998,0.523787,4.093106,4.745907,38.909290,-0.009718,0.971131,0.144555,0.189508,-0.659791,1.726241,-11.046043,-0.062078,0.846179,0.075998,0.523787,16.746599,1.687183,32.730812
918,7.650000,-0.046840,0.909360,0.045883,0.410810,7.489541,83.471130,20.209068,-0.052897,0.904311,0.061752,0.419059,6.601328,90.636864,20.534061,-0.028290,0.904957,0.039672,0.422705,4.298839,106.048347,21.586063,0.055534,0.924877,0.036321,0.374433,2.786600,123.808929,22.440594,0.066749,0.947349,-0.018144,0.312642,5.046556,137.396194,22.662752,-0.066474,0.886504,0.080195,0.450844,0.469060,118.294952,19.746370,-0.625325,0.471734,-0.208235,0.585725,-9.253639,117.537498,6.275715,0.529648,0.114009,-0.404733,-0.736658,2.346195,96.877434,-0.963099,0.518937,0.223516,-0.159623,-0.809485,15.320259,111.271057,-6.197081,-0.082206,0.862993,0.033457,0.497360,4.979203,118.419243,25.144854,0.524547,0.820802,0.149151,0.169967,13.157116,120.225395,39.512276,0.244707,0.544882,0.539191,-0.593714,22.866968,97.635651,42.548306,0.274922,0.515846,0.518516,-0.624069,26.154249,104.644463,25.460752,0.070843,0.904517,0.085549,0.411719,1.688884,83.052528,13.585453,0.066215,0.989267,0.033778,0.125800,-0.333071,48.882660,6.119794,-0.009668,0.970935,0.144719,0.190388,-5.961887,3.444645,2.283739,-0.025044,0.916267,-0.119749,0.381428,13.290198,83.889732,26.832682,0.058287,0.903288,-0.071873,0.418937,11.697624,49.904121,35.190075,-0.062150,0.846207,0.076008,0.523731,4.092707,4.745233,38.911976,-0.009668,0.970935,0.144719,0.190388,-0.687401,1.720608,-11.014673,-0.062150,0.846207,0.076008,0.523731,16.745911,1.687811,32.732262
919,7.658333,-0.047016,0.909410,0.045396,0.410734,7.490584,83.461594,20.230213,-0.052786,0.904382,0.060637,0.419081,6.602962,90.627724,20.547836,-0.028845,0.904931,0.039849,0.422705,4.317681,106.046341,21.570055,0.055311,0.924632,0.036925,0.375009,2.784869,123.805283,22.421915,0.066803,0.946967,-0.018062,0.313791,5.033706,137.394135,22.659353,-0.064663,0.887047,0.080367,0.450008,0.473855,118.288254,19.728367,-0.620306,0.473032,-0.214325,0.587815,-9.281784,117.583374,6.278692,0.533886,0.113610,-0.395652,-0.738592,2.129786,96.801796,-0.911380,0.525044,0.223912,-0.150171,-0.807243,15.387472,110.955795,-6.017996,-0.082049,0.862811,0.033047,0.497729,4.983548,118.418526,25.127083,0.525044,0.820725,0.145975,0.171554,13.150108,120.226036,39.500786,0.250525,0.549739,0.535795,-0.589871,22.807287,97.633362,42.679642,0.285237,0.523378,0.509103,-0.620910,26.159828,104.330132,25.463295,0.070634,0.904529,0.086101,0.411613,1.689124,83.036537,13.607714,0.066115,0.989079,0.033979,0.127267,-0.304302,48.871239,6.113525,-0.009778,0.970996,0.145152,0.189743,-5.915938,3.433251,2.252038,-0.025061,0.916284,-0.119640,0.381420,13.292045,83.886650,26.852713,0.058408,0.903305,-0.071804,0.418895,11.703568,49.899265,35.203674,-0.062460,0.846256,0.076255,0.523579,4.091440,4.740763,38.915520,-0.009778,0.970996,0.145152,0.189743,-0.657157,1.722408,-11.054291,-0.062460,0.846256,0.076255,0.523579,16.745279,1.693889,32.731907
920,7.666667,-0.047222,0.909428,0.044957,0.410718,7.493564,83.453133,20.252247,-0.053120,0.904391,0.059702,0.419154,6.605841,90.619553,20.562904,-0.029103,0.904897,0.040089,0.422737,4.322167,106.047806,21.554680,0.054983,0.924320,0.037744,0.375746,2.777375,123.805534,22.410305,0.067070,0.946461,-0.018233,0.315248,5.010420,137.396606,22.668049,-0.062973,0.887607,0.080140,0.449184,0.470310,118.287552,19.715326,-0.615748,0.474094,-0.220349,0.589522,-9.317173,117.625748,6.286612,0.538278,0.112912,-0.386662,-0.740270,1.914848,96.724533,-0.839109,0.530588,0.224785,-0.139771,-0.805241,15.452337,110.634270,-5.831237,-0.081874,0.862817,0.032746,0.497766,4.979410,118.419662,25.114494,0.525487,0.820695,0.143882,0.172109,13.145691,120.227112,39.488365,0.253441,0.555667,0.532625,-0.585928,22.770346,97.631042,42.740849,0.297450,0.530203,0.495515,-0.620381,26.237232,104.053772,25.469521,0.070672,0.904572,0.086272,0.411476,1.692203,83.021561,13.630080,0.066216,0.989088,0.034121,0.127108,-0.299743,48.858707,6.124373,-0.009653,0.970933,0.145468,0.189827,-5.919452,3.422842,2.249710,-0.025225,0.916411,-0.119758,0.381067,13.294925,83.884697,26.874414,0.058792,0.903737,-0.071511,0.417957,11.717036,49.899883,35.237831,-0.062343,0.846273,0.076240,0.523567,4.088135,4.741666,38.918530,-0.009653,0.970933,0.145468,0.189827,-0.658993,1.720299,-11.057021,-0.062343,0.846273,0.076240,0.523567,16.740990,1.692663,32.733952
921,7.675000,-0.047303,0.909426,0.044379,0.410777,7.491917,83.442238,20.274380,-0.053607,0.904405,0.058930,0.419171,6.606524,90.609291,20.576916,-0.029158,0.904915,0.040283,0.422677,4.317267,106.051407,21.541279,0.054690,0.924098,0.038157,0.376293,2.767867,123.808464,22.402445,0.067366,0.946025,-0.018127,0.316497,4.989885,137.401169,22.669756,-0.061376,0.888138,0.080051,0.448369,0.461916,118.290672,19.706110,-0.607356,0.473539,-0.229694,0.595080,-9.356479,117.671440,6.297943,0.540111,0.110325,-0.378001,-0.743790,1.693204,96.647835,-0.752392,0.535662,0.225558,-0.129538,-0.803374,15.526408,110.313225,-5.649125,-0.081875,0.862888,0.032804,0.497639,4.971688,118.422363,25.104729,0.525555,0.820555,0.142304,0.173869,13.142152,120.229218,39.476299,0.256626,0.561748,0.529251,-0.581787,22.733065,97.635056,42.839745,0.310833,0.536611,0.479602,-0.620817,26.323277,103.781548,25.476833,0.070633,0.904523,0.086423,0.411557,1.691552,83.005234,13.651696,0.066239,0.989136,0.034312,0.126669,-0.292871,48.843819,6.137458,-0.009923,0.970899,0.145804,0.189734,-5.914196,3.409436,2.247752,-0.025366,0.916344,-0.119602,0.381268,13.292280,83.879234,26.897064,0.058934,0.903652,-0.071416,0.418138,11.725819,49.892296,35.254002,-0.062503,0.846276,0.076296,0.523535,4.087998,4.734376,38.919823,-0.009923,0.970899,0.145804,0.189734,-0.653857,1.717904,-11.060433,-0.062503,0.846276,0.076296,0.523535,16.741623,1.689124,32.734974
922,7.683333,-0.047480,0.909328,0.044295,0.410982,7.502116,83.439049,20.286736,-0.054482,0.904323,0.058615,0.419281,6.614830,90.605972,20.586910,-0.029188,0.904893,0.040410,0.422709,4.303429,106.055893,21.531132,0.054877,0.923784,0.038366,0.377013,2.751101,123.812523,22.395849,0.067392,0.945541,-0.017809,0.317953,4.976460,137.404480,22.673079,-0.060161,0.888467,0.079908,0.447909,0.446234,118.294922,19.698208,-0.605298,0.475340,-0.233046,0.594437,-9.390799,117.707550,6.302276,0.546035,0.110636,-0.368219,-0.744325,1.497308,96.586777,-0.708894,0.542018,0.223852,-0.117299,-0.801466,15.606257,109.987793,-5.464817,-0.081682,0.863070,0.032730,0.497361,4.955597,118.426216,25.097179,0.525646,0.820742,0.140963,0.173806,13.136332,120.229568,39.463341,0.262578,0.565245,0.526126,-0.578570,22.723610,97.638847,42.860146,0.321545,0.543583,0.470424,-0.616301,26.330259,103.481186,25.438808,0.070903,0.904481,0.085896,0.411714,1.705021,82.998840,13.661403,0.066602,0.989183,0.034300,0.126116,-0.310554,48.833740,6.172259,-0.009876,0.970749,0.145805,0.190497,-5.967049,3.403717,2.282653,-0.025347,0.916335,-0.119703,0.381259,13.299212,83.879265,26.912069,0.059069,0.903703,-0.071212,0.418045,11.728859,49.893944,35.274868,-0.062448,0.846261,0.076336,0.523561,4.088050,4.734805,38.919422,-0.009876,0.970749,0.145805,0.190497,-0.686953,1.711586,-11.017630,-0.062448,0.846261,0.076336,0.523561,16.741808,1.689678,32.734772
923,7.691667,-0.047645,0.909294,0.043877,0.411083,7.504793,83.434631,20.301414,-0.055325,0.904340,0.058401,0.419163,6.617777,90.601860,20.595018,-0.029084,0.904995,0.040535,0.422486,4.284674,106.055161,21.522676,0.054732,0.923573,0.038755,0.377513,2.734043,123.811653,22.393391,0.067763,0.945072,-0.017656,0.319273,4.952296,137.404556,22.680897,-0.059011,0.888774,0.079768,0.447477,0.427420,118.294998,19.695299,-0.602087,0.476693,-0.237741,0.594756,-9.427049,117.737793,6.310900,0.550660,0.109738,-0.358378,-0.745853,1.287740,96.510254,-0.644658,0.545678,0.224142,-0.105592,-0.800529,15.669319,109.620598,-5.264749,-0.081589,0.863250,0.032724,0.497063,4.939524,118.424393,25.092024,0.525833,0.820958,0.139612,0.173311,13.130622,120.225975,39.452503,0.266945,0.569637,0.522897,-0.575181,22.716682,97.637093,42.864914,0.332698,0.549152,0.459034,-0.614029,26.376877,103.197227,25.396866,0.070662,0.904373,0.086245,0.411921,1.709427,82.988846,13.674938,0.066571,0.988972,0.034506,0.127715,-0.278993,48.825569,6.170228,-0.009872,0.970817,0.146144,0.189892,-5.923904,3.396472,2.253072,-0.025406,0.916244,-0.119628,0.381497,13.300159,83.880409,26.927889,0.059148,0.903627,-0.071128,0.418212,11.733467,49.894054,35.287136,-0.062491,0.846251,0.076325,0.523573,4.088593,4.734689,38.920269,-0.009872,0.970817,0.146144,0.189892,-0.659369,1.714244,-11.054635,-0.062491,0.846251,0.076325,0.523573,16.742775,1.689959,32.736294
924,7.700000,-0.046927,0.909234,0.042924,0.411400,7.477799,83.412766,20.321022,-0.055840,0.904384,0.058006,0.419055,6.605738,90.582176,20.606125,-0.028945,0.905129,0.040686,0.422195,4.261108,106.050018,21.516979,0.054697,0.923374,0.039067,0.377973,2.712981,123.806343,22.395168,0.068023,0.944616,-0.017484,0.320575,4.927618,137.399643,22.691978,-0.057588,0.889111,0.079625,0.447018,0.403979,118.290924,19.696592,-0.598572,0.477872,-0.242399,0.595477,-9.469645,117.771790,6.324781,0.555424,0.108571,-0.348191,-0.747315,1.078580,96.446381,-0.585847,0.550161,0.223817,-0.092515,-0.799168,15.740387,109.252502,-5.070897,-0.081657,0.863528,0.032728,0.496569,4.919656,118.417870,25.090387,0.526026,0.821258,0.138378,0.172290,13.126688,120.222626,39.441372,0.270678,0.574524,0.519459,-0.571680,22.720184,97.635666,42.845638,0.345105,0.555230,0.445932,-0.611365,26.442619,102.906738,25.369799,0.070253,0.904059,0.086560,0.412612,1.685835,82.971893,13.691243,0.067526,0.988712,0.034345,0.129262,-0.261896,48.808395,6.176862,-0.009858,0.970486,0.146278,0.191473,-5.988924,3.390038,2.254362,-0.026060,0.916113,-0.119344,0.381857,13.269764,83.853638,26.950800,0.059474,0.903881,-0.071025,0.417634,11.749368,49.864872,35.308823,-0.062525,0.846220,0.077063,0.523511,4.083827,4.707700,38.925640,-0.009858,0.970486,0.146278,0.191473,-0.682725,1.710767,-11.037163,-0.062525,0.846220,0.077063,0.523511,16.739582,1.681132,32.735966
925,7.708333,-0.048196,0.909213,0.043400,0.411248,7.515684,83.426186,20.336447,-0.057566,0.904384,0.058102,0.418809,6.624216,90.593254,20.620342,-0.028732,0.905277,0.040830,0.421877,4.231285,106.045509,21.511179,0.054641,0.923207,0.039285,0.378366,2.688189,123.801865,22.397772,0.068481,0.944169,-0.017225,0.321805,4.899605,137.395538,22.701025,-0.056012,0.889454,0.079409,0.446574,0.375865,118.288124,19.698612,0.592354,-0.477616,0.249531,-0.598944,-9.516915,117.810562,6.339422,0.558613,0.106340,-0.338320,-0.749788,0.869560,96.386581,-0.511044,0.555544,0.222068,-0.078083,-0.797471,15.817878,108.892609,-4.875291,-0.081876,0.863811,0.032903,0.496028,4.895487,118.411743,25.089178,0.526508,0.821480,0.137162,0.170727,13.119197,120.221260,39.430004,0.274059,0.579711,0.516026,-0.567929,22.714115,97.629913,42.800987,0.357485,0.559820,0.432334,-0.609830,26.516924,102.616951,25.312441,0.070501,0.904260,0.086503,0.412141,1.723651,82.968315,13.707882,0.067578,0.988999,0.034823,0.126891,-0.245254,48.806564,6.191079,-0.010037,0.970491,0.146109,0.191569,-5.980748,3.391895,2.238342,-0.025360,0.916221,-0.119459,0.381610,13.307717,83.884056,26.965010,0.059342,0.903729,-0.070920,0.417999,11.741606,49.894699,35.312191,-0.062041,0.846305,0.076383,0.523531,4.089522,4.734713,38.922356,-0.010037,0.970491,0.146109,0.191569,-0.670923,1.708720,-11.051237,-0.062041,0.846305,0.076383,0.523531,16.740299,1.684542,32.734097
926,7.716667,-0.048479,0.909205,0.043192,0.411254,7.515433,83.420807,20.350214,-0.058342,0.904391,0.058136,0.418680,6.621484,90.587738,20.629688,-0.028686,0.905360,0.040969,0.421689,4.205958,106.039497,21.511696,0.054557,0.923024,0.039516,0.378800,2.662421,123.795547,22.403770,0.068926,0.943747,-0.017109,0.322952,4.869782,137.389725,22.713644,-0.054775,0.889681,0.079260,0.446303,0.349212,118.282425,19.704088,0.588527,-0.478366,0.254693,-0.599944,-9.556182,117.838135,6.353104,0.562819,0.104631,-0.327702,-0.751597,0.665805,96.317024,-0.440115,0.559271,0.220829,-0.066866,-0.796228,15.891004,108.492172,-4.660566,-0.082037,0.864103,0.033104,0.495479,4.871101,118.404785,25.092777,0.526459,0.821979,0.136287,0.169165,13.112044,120.217010,39.423363,0.280349,0.582529,0.513118,-0.564600,22.735809,97.632561,42.758076,0.369445,0.564041,0.423479,-0.605007,26.535374,102.312981,25.255129,0.070447,0.904081,0.086597,0.412523,1.723965,82.956909,13.721580,0.067821,0.988798,0.034708,0.128348,-0.235635,48.795769,6.199577,-0.010084,0.970441,0.146270,0.191695,-5.988645,3.383389,2.246009,-0.025394,0.916123,-0.119394,0.381862,13.306901,83.884705,26.978848,0.059362,0.903673,-0.070841,0.418129,11.742374,49.894386,35.322399,-0.061956,0.846321,0.076423,0.523510,4.091085,4.733598,38.924236,-0.010084,0.970441,0.146270,0.191695,-0.674970,1.704981,-11.042632,-0.061956,0.846321,0.076423,0.523510,16.741123,1.683110,32.734627
927,7.725000,-0.048760,0.909180,0.043113,0.411286,7.514899,83.417046,20.361242,-0.059081,0.904400,0.058264,0.418539,6.617726,90.583679,20.637966,-0.028581,0.905456,0.041087,0.421479,4.179676,106.033203,21.514240,0.054769,0.922772,0.039721,0.379361,2.637980,123.789124,22.412067,0.069172,0.943255,-0.016884,0.324347,4.849124,137.382477,22.731438,-0.053886,0.889720,0.079238,0.446337,0.323043,118.276955,19.711933,0.585994,-0.479590,0.258769,-0.599703,-9.584557,117.858635,6.361742,0.567626,0.103374,-0.317137,-0.752688,0.475637,96.243973,-0.375735,0.562270,0.220280,-0.052063,-0.795373,15.961779,108.091446,-4.447408,-0.082305,0.864398,0.033382,0.494902,4.847514,118.397430,25.098499,0.526734,0.822300,0.135685,0.167223,13.105980,120.214233,39.418419,0.285969,0.585989,0.510151,-0.560878,22.747765,97.628311,42.690548,0.381220,0.567855,0.413669,-0.600908,26.571661,102.003738,25.179985,0.070284,0.903884,0.086672,0.412966,1.724371,82.948112,13.732139,0.067930,0.989033,0.035073,0.126369,-0.219038,48.786266,6.209127,-0.009928,0.970382,0.146465,0.191853,-5.985454,3.377578,2.232734,-0.025415,0.916111,-0.119381,0.381894,13.305429,83.885979,26.990345,0.059420,0.903715,-0.070727,0.418050,11.742348,49.895512,35.333549,-0.061933,0.846338,0.076374,0.523491,4.090875,4.733878,38.924324,-0.009928,0.970382,0.146465,0.191853,-0.668527,1.703807,-11.055192,-0.061933,0.846338,0.076374,0.523491,16.740339,1.681846,32.734306
928,7.733333,-0.049092,0.909161,0.043212,0.411278,7.517137,83.416222,20.370758,-0.059959,0.904413,0.058592,0.418341,6.615026,90.582268,20.646799,-0.028506,0.905579,0.040965,0.421232,4.148991,106.021866,21.520927,0.054658,0.922571,0.040025,0.379834,2.611780,123.778282,22.416382,0.069672,0.942780,-0.016552,0.325635,4.817478,137.372314,22.744087,-0.052156,0.890070,0.078721,0.445935,0.294119,118.266151,19.718519,0.583475,-0.480540,0.262778,-0.599655,-9.631507,117.889702,6.380475,0.572487,0.101332,-0.306125,-0.753842,0.279891,96.188927,-0.300498,0.565414,0.219114,-0.037105,-0.794304,16.035192,107.678513,-4.233767,-0.082472,0.864769,0.033636,0.494208,4.821579,118.386589,25.102577,0.527037,0.822630,0.134951,0.165229,13.101986,120.205811,39.409515,0.291004,0.589260,0.507260,-0.557473,22.760780,97.618340,42.620239,0.392176,0.571643,0.404426,-0.596541,26.607109,101.714600,25.101931,0.070317,0.903662,0.086673,0.413448,1.727072,82.942696,13.741573,0.068044,0.988859,0.034981,0.127690,-0.214435,48.781193,6.216526,-0.010066,0.970408,0.146450,0.191728,-5.987024,3.373346,2.239521,-0.025420,0.916065,-0.119350,0.382014,13.307200,83.889755,26.999941,0.059468,0.903664,-0.070675,0.418163,11.744207,49.898781,35.341118,-0.061764,0.846346,0.076293,0.523510,4.090319,4.736996,38.924854,-0.010066,0.970408,0.146450,0.191728,-0.672411,1.699930,-11.049377,-0.061764,0.846346,0.076293,0.523510,16.738695,1.680474,32.734818
929,7.741667,-0.049269,0.909166,0.043516,0.411212,7.514869,83.416702,20.374758,-0.060580,0.904358,0.058940,0.418321,6.608665,90.582108,20.653809,-0.028601,0.905569,0.041145,0.421228,4.119714,106.023766,21.529921,0.054621,0.922304,0.040240,0.380464,2.576755,123.779465,22.429775,0.070243,0.942273,-0.016396,0.326983,4.779942,137.373718,22.764925,-0.051759,0.889906,0.078921,0.446273,0.260876,118.267250,19.730551,0.581044,-0.481674,0.266951,-0.599262,-9.656097,117.906693,6.385632,0.577156,0.099323,-0.295444,-0.754810,0.091708,96.112358,-0.231193,0.568174,0.217819,-0.020413,-0.793294,16.100159,107.252777,-4.028103,-0.082395,0.865291,0.034203,0.493268,4.788303,118.387817,25.114632,0.527883,0.822771,0.132816,0.163545,13.099998,120.197998,39.404564,0.295999,0.592914,0.503909,-0.553997,22.742033,97.600922,42.597980,0.401892,0.575183,0.395711,-0.592503,26.625221,101.418510,25.011843,0.070094,0.903413,0.086535,0.414056,1.724155,82.942497,13.746192,0.068086,0.988959,0.035317,0.126793,-0.202271,48.777122,6.234851,-0.010126,0.970418,0.146455,0.191670,-5.978257,3.371969,2.232046,-0.025577,0.916035,-0.119394,0.382062,13.305584,83.890900,27.003325,0.059588,0.903718,-0.070595,0.418042,11.751019,49.901234,35.351398,-0.061623,0.846351,0.076231,0.523528,4.090690,4.739719,38.924873,-0.010126,0.970418,0.146455,0.191670,-0.664723,1.699030,-11.057344,-0.061623,0.846351,0.076231,0.523528,16.738197,1.679607,32.734837
930,7.750000,-0.049029,0.909110,0.044253,0.411287,7.529202,83.394531,20.365957,-0.061608,0.904334,0.059699,0.418116,6.621762,90.559349,20.656029,-0.028425,0.905711,0.041082,0.420943,4.088926,106.026207,21.542330,0.054723,0.922022,0.040491,0.381104,2.552855,123.782440,22.443283,0.070397,0.941695,-0.016128,0.328625,4.756632,137.376373,22.788256,-0.051336,0.889884,0.078621,0.446418,0.233272,118.271065,19.745525,0.578295,-0.482364,0.271351,-0.599390,-9.680833,117.918991,6.398247,0.581867,0.097147,-0.284976,-0.755501,-0.083350,96.038124,-0.152377,0.571640,0.217022,-0.004207,-0.791272,16.160213,106.825150,-3.819898,-0.082462,0.865709,0.034972,0.492467,4.764226,118.389999,25.126675,0.528316,0.822931,0.131792,0.162168,13.101808,120.191574,39.402611,0.301109,0.596225,0.500479,-0.550791,22.743425,97.589966,42.565132,0.410964,0.579320,0.386496,-0.588318,26.645269,101.130676,24.922758,0.070037,0.903271,0.086307,0.414425,1.739161,82.929626,13.736141,0.068278,0.989007,0.035439,0.126287,-0.187365,48.760925,6.239947,-0.009781,0.970297,0.146942,0.191927,-5.981297,3.358972,2.226837,-0.025612,0.915946,-0.119790,0.382149,13.319243,83.859444,26.995771,0.059781,0.903956,-0.070446,0.417524,11.755396,49.876545,35.369610,-0.062299,0.846269,0.076597,0.523526,4.086815,4.715216,38.927673,-0.009781,0.970297,0.146942,0.191927,-0.662922,1.697964,-11.062117,-0.062299,0.846269,0.076597,0.523526,16.739889,1.674082,32.739658
931,7.758333,-0.048992,0.909175,0.044159,0.411158,7.519512,83.384941,20.369932,-0.061956,0.904362,0.060077,0.417950,6.613154,90.549934,20.659111,-0.028510,0.905777,0.041122,0.420790,4.065338,106.016479,21.552105,0.054546,0.921736,0.040828,0.381787,2.526082,123.772430,22.453325,0.070823,0.941097,-0.015644,0.330267,4.722553,137.367294,22.807575,-0.050645,0.889769,0.078860,0.446686,0.206695,118.260559,19.756403,0.576256,-0.482963,0.275728,-0.598874,-9.701802,117.933380,6.404336,0.586667,0.094192,-0.274403,-0.756077,-0.251628,95.961205,-0.054166,0.574256,0.216044,0.013269,-0.789543,16.221962,106.370094,-3.610443,-0.082698,0.866185,0.035649,0.491543,4.739389,118.380447,25.136066,0.528898,0.823175,0.130796,0.159821,13.105928,120.180130,39.395287,0.306569,0.599423,0.496572,-0.547836,22.754452,97.571587,42.486355,0.418165,0.582990,0.378207,-0.584996,26.645166,100.815964,24.826378,0.069789,0.903066,0.086428,0.414887,1.727528,82.919777,13.741836,0.068389,0.989061,0.035537,0.125775,-0.175941,48.750118,6.244140,-0.010176,0.970286,0.147043,0.191883,-5.980838,3.350198,2.223882,-0.025816,0.915897,-0.119730,0.382271,13.311495,83.850113,26.998028,0.059848,0.903903,-0.070452,0.417628,11.761241,49.866928,35.373238,-0.062145,0.846253,0.076914,0.523524,4.086489,4.706412,38.928272,-0.010176,0.970286,0.147043,0.191883,-0.660663,1.694160,-11.064964,-0.062145,0.846253,0.076914,0.523524,16.739479,1.670546,32.737507
932,7.766667,-0.049338,0.908771,0.044372,0.411986,7.486559,83.383331,20.382891,-0.061510,0.904314,0.059849,0.418151,6.574150,90.547562,20.671972,-0.028611,0.905780,0.041142,0.420775,4.042511,106.011703,21.563564,0.054457,0.921448,0.041020,0.382474,2.499715,123.767387,22.463938,0.071109,0.940558,-0.015156,0.331761,4.692622,137.362656,22.824709,-0.050178,0.889681,0.078879,0.446910,0.181372,118.254921,19.767342,0.574288,-0.483337,0.280308,-0.598337,-9.722042,117.942596,6.411146,0.591626,0.090990,-0.264094,-0.756276,-0.415938,95.878448,0.057841,0.577751,0.214310,0.030290,-0.786992,16.279490,105.911110,-3.401397,-0.083010,0.866714,0.036697,0.490479,4.714163,118.375984,25.146896,0.529748,0.823224,0.129169,0.158067,13.113743,120.170273,39.387356,0.310609,0.603080,0.492889,-0.544863,22.745333,97.549889,42.444427,0.425886,0.586246,0.368914,-0.582099,26.665411,100.536850,24.737473,0.069384,0.902743,0.086478,0.415647,1.707201,82.915184,13.743994,0.068522,0.989125,0.035729,0.125136,-0.163023,48.742172,6.253204,-0.010573,0.970275,0.146994,0.191958,-5.980294,3.345182,2.217815,-0.026445,0.915849,-0.119072,0.382548,13.265917,83.851486,27.021790,0.059939,0.903937,-0.070520,0.417531,11.771263,49.859604,35.371773,-0.062342,0.846279,0.076908,0.523460,4.086795,4.700976,38.929756,-0.010573,0.970275,0.146994,0.191958,-0.655368,1.689793,-11.069210,-0.062342,0.846279,0.076908,0.523460,16.740147,1.667907,32.738358
933,7.775000,-0.050286,0.908876,0.044984,0.411573,7.511617,83.391441,20.390078,-0.062603,0.904297,0.060451,0.417939,6.583301,90.553513,20.681917,-0.028576,0.905840,0.041002,0.420661,4.014835,106.001190,21.576075,0.054394,0.921182,0.041257,0.383096,2.475391,123.757362,22.472637,0.071305,0.940038,-0.014702,0.333208,4.664849,137.352982,22.841099,-0.049497,0.889697,0.078827,0.446963,0.155399,118.244659,19.777929,0.573007,-0.484116,0.283846,-0.597265,-9.748665,117.951820,6.421778,0.597020,0.087849,-0.253350,-0.756084,-0.578820,95.806389,0.153725,0.581462,0.212058,0.046620,-0.784066,16.337215,105.448601,-3.198495,-0.083336,0.867157,0.037519,0.489578,4.689568,118.366196,25.156311,0.530407,0.823495,0.127980,0.155389,13.116692,120.158813,39.380692,0.316348,0.606007,0.489020,-0.541793,22.755220,97.530708,42.357681,0.432198,0.589411,0.362469,-0.578287,26.658514,100.218773,24.634104,0.069788,0.902736,0.086569,0.415576,1.727926,82.912117,13.755754,0.068511,0.989042,0.035584,0.125842,-0.165606,48.744148,6.247854,-0.010209,0.970275,0.147059,0.191925,-5.980754,3.346068,2.221601,-0.025911,0.915940,-0.119180,0.382333,13.295308,83.870766,27.024403,0.059849,0.903802,-0.070566,0.417827,11.765489,49.878723,35.367359,-0.062685,0.846388,0.075756,0.523411,4.085591,4.719696,38.930138,-0.010209,0.970275,0.147059,0.191925,-0.659235,1.690627,-11.066782,-0.062685,0.846388,0.075756,0.523411,16.737015,1.664212,32.745831
934,7.783333,-0.044435,0.909399,0.040973,0.411511,7.441807,83.281609,20.437160,-0.063956,0.904125,0.060366,0.418120,6.613922,90.456673,20.711468,-0.028716,0.905708,0.041088,0.420929,3.991198,105.999992,21.590488,0.054299,0.920816,0.041851,0.383924,2.445660,123.755623,22.487259,0.071599,0.939525,-0.014839,0.334585,4.627307,137.352020,22.872890,-0.049688,0.889518,0.079069,0.447256,0.129018,118.242371,19.790796,0.571213,-0.484488,0.288035,-0.596677,-9.765724,117.948532,6.427750,0.601745,0.084524,-0.242899,-0.756147,-0.732426,95.720047,0.256150,0.584393,0.209957,0.064447,-0.781185,16.373051,104.967285,-2.986759,-0.083549,0.867670,0.038711,0.488539,4.659902,118.364990,25.171925,0.530499,0.823808,0.127418,0.153869,13.119661,120.147110,39.378254,0.323504,0.608143,0.485360,-0.538454,22.776676,97.520950,42.309772,0.438008,0.591556,0.357590,-0.574752,26.644539,99.892426,24.532284,0.068673,0.902704,0.088233,0.415481,1.647434,82.866478,13.807826,0.068877,0.989387,0.035776,0.122837,-0.127569,48.708088,6.227745,-0.010327,0.970042,0.148023,0.192359,-5.985754,3.315881,2.197713,-0.027457,0.915720,-0.118893,0.382841,13.236180,83.696732,27.066494,0.060919,0.905129,-0.070190,0.414855,11.808555,49.705696,35.431622,-0.064279,0.845944,0.080235,0.523268,4.065959,4.553681,38.947273,-0.010327,0.970042,0.148023,0.192359,-0.650851,1.688272,-11.088746,-0.064279,0.845944,0.080235,0.523268,16.739092,1.629630,32.743896
935,7.791667,-0.051778,0.909170,0.046108,0.410614,7.572508,83.404747,20.396515,-0.064885,0.904038,0.061982,0.417927,6.618318,90.563133,20.695156,-0.028696,0.905660,0.041227,0.421019,3.965885,105.994125,21.602257,0.054068,0.920498,0.042243,0.384677,2.418843,123.749397,22.503683,0.071915,0.938964,-0.014625,0.336096,4.591277,137.346970,22.899645,-0.049726,0.889454,0.078996,0.447391,0.103135,118.236717,19.805237,0.570074,-0.484825,0.291665,-0.595728,-9.787464,117.941132,6.439169,0.606132,0.080436,-0.232433,-0.756379,-0.874633,95.636841,0.366700,0.586232,0.207387,0.082085,-0.778835,16.425547,104.476837,-2.784158,-0.083893,0.868050,0.039631,0.487730,4.632971,118.358170,25.187271,0.530690,0.824325,0.126659,0.151044,13.117062,120.137405,39.379440,0.330259,0.610428,0.481610,-0.535125,22.806707,97.513374,42.218269,0.443767,0.593398,0.353378,-0.571029,26.636076,99.569450,24.430513,0.070116,0.902943,0.086597,0.415065,1.777593,82.908615,13.773227,0.068731,0.989154,0.035818,0.124774,-0.139971,48.744213,6.255202,-0.010255,0.970282,0.146880,0.192024,-5.976563,3.350437,2.211520,-0.024889,0.916043,-0.119480,0.382061,13.367422,83.900871,27.019804,0.059724,0.903499,-0.070648,0.418488,11.766377,49.910213,35.355049,-0.061378,0.846364,0.075807,0.523598,4.091093,4.750872,38.923782,-0.010255,0.970282,0.146880,0.192024,-0.652314,1.690092,-11.075161,-0.061378,0.846364,0.075807,0.523598,16.736675,1.676924,32.736671
936,7.800000,-0.050162,0.908910,0.044689,0.411545,7.483945,83.356239,20.422998,-0.063783,0.903998,0.061352,0.418277,6.559001,90.518867,20.711735,-0.028782,0.905587,0.041303,0.421164,3.940909,105.983665,21.616209,0.053894,0.920190,0.042420,0.385418,2.389810,123.738525,22.518522,0.072063,0.938438,-0.013993,0.337558,4.556684,137.336823,22.919924,-0.049592,0.889353,0.079036,0.447600,0.076154,118.225571,19.818884,0.569321,-0.485109,0.294800,-0.594673,-9.808662,117.935265,6.448424,0.610773,0.076950,-0.221636,-0.756249,-1.000603,95.563927,0.470472,0.588522,0.205004,0.095075,-0.776258,16.488890,103.999969,-2.563042,-0.084173,0.868420,0.040475,0.486952,4.604201,118.347565,25.202412,0.531568,0.824467,0.125617,0.148022,13.111944,120.123291,39.380856,0.336533,0.612455,0.478488,-0.531690,22.800148,97.486267,42.119225,0.448863,0.595207,0.350801,-0.566737,26.603508,99.252472,24.329424,0.069152,0.902700,0.087478,0.415569,1.699621,82.876694,13.789240,0.068879,0.989245,0.035791,0.123970,-0.127094,48.713627,6.242570,-0.010233,0.970109,0.147793,0.192200,-5.980728,3.321558,2.204360,-0.026552,0.915880,-0.118527,0.382636,13.268269,83.835777,27.056757,0.060277,0.904140,-0.070614,0.417027,11.794428,49.835228,35.375069,-0.062532,0.846192,0.077316,0.523518,4.080443,4.681549,38.931957,-0.010233,0.970109,0.147793,0.192200,-0.650947,1.686991,-11.083296,-0.062532,0.846192,0.077316,0.523518,16.737099,1.661148,32.741127
937,7.808333,-0.049255,0.908929,0.044605,0.411621,7.456766,83.344307,20.428219,-0.063991,0.903892,0.061751,0.418414,6.544179,90.508347,20.721218,-0.028765,0.905504,0.041468,0.421327,3.914016,105.975761,21.634111,0.053756,0.919852,0.043002,0.386178,2.360802,123.730171,22.541733,0.072200,0.937936,-0.014324,0.338906,4.518790,137.329407,22.959270,-0.049464,0.889240,0.078924,0.447858,0.048661,118.217873,19.839457,0.568490,-0.485491,0.297726,-0.593698,-9.828890,117.930542,6.463562,0.614868,0.073004,-0.210634,-0.756466,-1.125088,95.496597,0.568087,0.589610,0.202643,0.110354,-0.774027,16.538944,103.508232,-2.346023,-0.084724,0.868735,0.041524,0.486207,4.574788,118.338539,25.224628,0.531963,0.824784,0.125282,0.145094,13.103562,120.115074,39.390327,0.343332,0.614497,0.475228,-0.527896,22.813511,97.474220,42.017731,0.453677,0.596437,0.348697,-0.562896,26.587471,98.930473,24.230122,0.068688,0.902624,0.087724,0.415759,1.671954,82.878746,13.793889,0.069031,0.989291,0.035860,0.123504,-0.116725,48.714226,6.244692,-0.010675,0.970105,0.147543,0.192388,-5.985193,3.324535,2.201352,-0.027045,0.915905,-0.118321,0.382606,13.241577,83.809868,27.062550,0.060496,0.904316,-0.070665,0.416605,11.805226,49.807735,35.380978,-0.063434,0.846182,0.077311,0.523426,4.072859,4.657152,38.937252,-0.010675,0.970105,0.147543,0.192388,-0.647588,1.685091,-11.082562,-0.063434,0.846182,0.077311,0.523426,16.734118,1.650244,32.749256
938,7.816667,-0.048028,0.908965,0.042874,0.411872,7.414962,83.329323,20.462553,-0.064414,0.903719,0.061821,0.418715,6.528611,90.497276,20.739958,-0.028738,0.905341,0.041585,0.421666,3.883642,105.972351,21.648895,0.053631,0.919550,0.043042,0.386910,2.329212,123.726479,22.560102,0.072456,0.937469,-0.013651,0.340170,4.484280,137.326096,22.980040,-0.049594,0.889145,0.079057,0.448008,0.019245,118.214836,19.854639,0.567734,-0.485488,0.300927,-0.592809,-9.853413,117.926201,6.475158,0.618500,0.068208,-0.199885,-0.756869,-1.244432,95.429611,0.680025,0.589912,0.200757,0.126505,-0.771814,16.584465,103.004684,-2.139044,-0.084978,0.869131,0.042622,0.485360,4.541370,118.334198,25.243202,0.532036,0.825232,0.124998,0.142500,13.096094,120.102646,39.394264,0.349122,0.616542,0.472335,-0.524300,22.839153,97.465088,41.925850,0.459980,0.596261,0.345218,-0.560104,26.598242,98.645676,24.147913,0.068536,0.902576,0.088540,0.415716,1.631689,82.871017,13.826376,0.068981,0.989199,0.035563,0.124345,-0.123612,48.715107,6.230523,-0.010281,0.970113,0.147659,0.192282,-5.987545,3.322828,2.209672,-0.027646,0.915891,-0.117514,0.382845,13.198236,83.787628,27.098730,0.060709,0.904522,-0.070761,0.416110,11.820068,49.774467,35.381844,-0.063691,0.846096,0.078086,0.523419,4.068388,4.627502,38.942039,-0.010281,0.970113,0.147659,0.192282,-0.655413,1.684669,-11.076602,-0.063691,0.846096,0.078086,0.523419,16.733541,1.643063,32.751137
939,7.825000,-0.047221,0.908827,0.042737,0.412283,7.374093,83.312271,20.471470,-0.064190,0.903637,0.061744,0.418936,6.499001,90.481514,20.751509,-0.028565,0.905277,0.041898,0.421784,3.859092,105.969872,21.661287,0.053792,0.919263,0.042738,0.387602,2.305441,123.723412,22.584990,0.072103,0.936990,-0.012964,0.341588,4.468359,137.321884,23.001492,-0.049593,0.889215,0.078842,0.447908,-0.004198,118.213867,19.874992,0.567358,-0.485722,0.303256,-0.591790,-9.879825,117.921661,6.497784,0.622636,0.063727,-0.188678,-0.756746,-1.351809,95.374443,0.780218,0.590940,0.198916,0.141653,-0.768867,16.629208,102.501869,-1.924856,-0.085111,0.869394,0.043527,0.484785,4.516665,118.329071,25.264702,0.532645,0.825323,0.124914,0.139744,13.089195,120.088341,39.406124,0.354077,0.618410,0.470070,-0.520800,22.838652,97.441124,41.824085,0.466071,0.596545,0.342096,-0.556671,26.597809,98.381630,24.062738,0.068178,0.902480,0.088820,0.415924,1.595448,82.866325,13.830423,0.068894,0.989221,0.035568,0.124218,-0.127294,48.710468,6.226911,-0.010314,0.970101,0.147872,0.192175,-5.983809,3.317115,2.207368,-0.028437,0.915834,-0.116963,0.383091,13.152738,83.758217,27.112516,0.060978,0.904761,-0.070871,0.415531,11.838012,49.739109,35.381496,-0.064046,0.846016,0.078851,0.523390,4.062208,4.596582,38.945335,-0.010314,0.970101,0.147872,0.192175,-0.654040,1.685236,-11.080621,-0.064046,0.846016,0.078851,0.523390,16.731522,1.635853,32.751568
940,7.833333,-0.062492,0.908181,0.054655,0.410262,7.626727,83.572304,20.362175,-0.064941,0.903643,0.064471,0.418397,6.482162,90.700546,20.709085,-0.028335,0.905284,0.042138,0.421761,3.822969,105.962875,21.674215,0.053698,0.918999,0.042971,0.388216,2.273156,123.716164,22.609180,0.072285,0.936483,-0.012746,0.342946,4.431781,137.315109,23.032873,-0.049904,0.889071,0.079130,0.448108,-0.037869,118.208801,19.895914,0.567214,-0.485759,0.305405,-0.590792,-9.906502,117.912460,6.513640,0.627204,0.059171,-0.177181,-0.756122,-1.445071,95.319763,0.877241,0.592729,0.197402,0.156185,-0.765056,16.679625,101.987160,-1.709904,-0.084819,0.869847,0.043848,0.483993,4.483454,118.319679,25.285328,0.533090,0.825447,0.124972,0.137236,13.083133,120.067764,39.411640,0.358536,0.620450,0.467686,-0.517459,22.843508,97.414185,41.723618,0.471626,0.596285,0.338538,-0.554441,26.608536,98.125031,23.976128,0.071080,0.903078,0.084838,0.414970,1.848311,82.967072,13.733548,0.068648,0.989176,0.035852,0.124635,-0.182659,48.791080,6.298452,-0.010032,0.970473,0.145252,0.192309,-6.011897,3.396478,2.253434,-0.023525,0.916406,-0.118277,0.381650,13.405141,84.177536,26.990801,0.058824,0.901489,-0.072375,0.422634,11.752773,50.162209,35.214615,-0.057466,0.846820,0.069924,0.524122,4.069097,5.015760,38.925575,-0.010032,0.970473,0.145252,0.192309,-0.683615,1.688561,-11.025591,-0.057466,0.846820,0.069924,0.524122,16.676994,1.742483,32.763874
941,7.841667,-0.062492,0.908316,0.055079,0.409906,7.617711,83.566132,20.358526,-0.065539,0.903544,0.065235,0.418399,6.470797,90.693703,20.711439,-0.028067,0.905221,0.042473,0.421882,3.783715,105.958344,21.690559,0.053237,0.918746,0.043498,0.388819,2.237403,123.711159,22.640163,0.072730,0.936010,-0.012909,0.344136,4.379420,137.312393,23.074570,-0.050365,0.888912,0.079248,0.448351,-0.074150,118.206573,19.921713,0.567464,-0.485741,0.307337,-0.589562,-9.934024,117.899284,6.533217,0.632218,0.054421,-0.165826,-0.754878,-1.530402,95.263222,0.985011,0.595302,0.196233,0.170441,-0.760301,16.728004,101.469269,-1.494285,-0.084942,0.870299,0.044651,0.483086,4.445955,118.311951,25.312263,0.533410,0.825611,0.125106,0.134865,13.074136,120.053276,39.422028,0.362780,0.622059,0.465433,-0.514593,22.849594,97.396072,41.632599,0.476273,0.597141,0.335715,-0.551255,26.605583,97.898605,23.902237,0.070694,0.903277,0.085054,0.414558,1.834143,82.963478,13.734153,0.068748,0.989499,0.036152,0.121898,-0.169555,48.786224,6.297453,-0.010067,0.970405,0.145407,0.192536,-6.015623,3.394887,2.240166,-0.023684,0.916496,-0.118241,0.381437,13.401278,84.168777,26.982901,0.058943,0.901659,-0.072488,0.422234,11.761971,50.153385,35.209053,-0.057383,0.846783,0.070310,0.524139,4.065699,5.009749,38.928093,-0.010067,0.970405,0.145407,0.192536,-0.680941,1.691422,-11.036868,-0.057383,0.846783,0.070310,0.524139,16.674545,1.744423,32.764088
942,7.850000,-0.064016,0.908120,0.055245,0.410084,7.614708,83.604576,20.392691,-0.066001,0.903486,0.065335,0.418436,6.446846,90.729095,20.738426,-0.027659,0.905239,0.042615,0.421855,3.753078,105.948875,21.711445,0.053139,0.918486,0.043644,0.389429,2.217833,123.702072,22.671822,0.072519,0.935534,-0.012842,0.345474,4.356377,137.303680,23.111176,-0.050701,0.888865,0.079500,0.448362,-0.097407,118.200554,19.950327,0.567385,-0.485742,0.309051,-0.588741,-9.955809,117.887177,6.560898,0.637315,0.049642,-0.154224,-0.753380,-1.604599,95.215477,1.079430,0.598575,0.195326,0.184657,-0.754625,16.774021,100.950745,-1.282788,-0.085474,0.870471,0.044889,0.482658,4.423330,118.299904,25.340458,0.533680,0.825622,0.126025,0.132863,13.062230,120.053947,39.442085,0.365553,0.624382,0.463220,-0.511807,22.849958,97.391785,41.544876,0.481229,0.597455,0.330367,-0.549840,26.632750,97.712585,23.833815,0.070834,0.903745,0.085595,0.413402,1.837109,82.979111,13.765228,0.068737,0.989346,0.035921,0.123205,-0.168986,48.809704,6.293196,-0.009944,0.970539,0.144754,0.192356,-6.011359,3.416687,2.249325,-0.023414,0.916753,-0.117236,0.381146,13.392307,84.230034,27.020153,0.058757,0.901380,-0.072784,0.422806,11.765371,50.197174,35.176201,-0.056829,0.846888,0.069269,0.524169,4.070797,5.055454,38.921982,-0.009944,0.970539,0.144754,0.192356,-0.683082,1.694126,-11.027815,-0.056829,0.846888,0.069269,0.524169,16.672817,1.756983,32.761677
943,7.858333,-0.062985,0.908430,0.056729,0.409352,7.600469,83.584885,20.361080,-0.066260,0.903541,0.066367,0.418112,6.437654,90.708885,20.733332,-0.027532,0.905321,0.042832,0.421664,3.720947,105.939445,21.733681,0.052694,0.918330,0.044097,0.389807,2.186731,123.692230,22.703304,0.072897,0.935116,-0.012882,0.346523,4.309621,137.296036,23.150816,-0.051286,0.888539,0.079898,0.448871,-0.129890,118.192101,19.980165,0.567933,-0.485881,0.310488,-0.587340,-9.971139,117.869278,6.578341,0.642747,0.044811,-0.142735,-0.751329,-1.670736,95.160110,1.175387,0.602118,0.194087,0.198577,-0.748566,16.823730,100.428474,-1.073462,-0.085433,0.870984,0.045519,0.481681,4.393212,118.288696,25.368366,0.533898,0.825675,0.126580,0.131113,13.063688,120.034370,39.451645,0.368564,0.625934,0.461228,-0.509545,22.862764,97.369179,41.467125,0.485317,0.598748,0.326494,-0.547147,26.646912,97.526299,23.765184,0.070497,0.903716,0.085341,0.413576,1.809995,82.985573,13.742439,0.068631,0.989370,0.035999,0.123046,-0.180962,48.809780,6.295579,-0.010264,0.970535,0.144687,0.192412,-6.013461,3.415939,2.246705,-0.023809,0.916757,-0.117636,0.380989,13.390942,84.184189,26.979721,0.058978,0.901678,-0.072971,0.422106,11.779993,50.159191,35.171734,-0.057399,0.846854,0.070017,0.524062,4.062875,5.022368,38.930202,-0.010264,0.970535,0.144687,0.192412,-0.681464,1.693123,-11.028913,-0.057399,0.846854,0.070017,0.524062,16.669773,1.750264,32.765808
944,7.866667,-0.062919,0.908739,0.056935,0.408647,7.577803,83.575859,20.361065,-0.066102,0.903649,0.067066,0.417794,6.414941,90.699654,20.737310,-0.027439,0.905388,0.042967,0.421514,3.692854,105.934692,21.760620,0.052712,0.918127,0.043949,0.390297,2.159781,123.687241,22.736258,0.072719,0.934674,-0.012536,0.347763,4.285105,137.290710,23.182014,-0.051843,0.888151,0.080479,0.449470,-0.158028,118.188057,20.012218,0.567829,-0.485174,0.312703,-0.586850,-9.979468,117.859711,6.596006,0.646604,0.038933,-0.131663,-0.750369,-1.713421,95.116081,1.286131,0.604231,0.191953,0.213267,-0.743355,16.865973,99.903603,-0.873262,-0.085820,0.871354,0.046767,0.480822,4.366935,118.282784,25.398890,0.534290,0.825573,0.127343,0.129412,13.062700,120.022079,39.467354,0.371148,0.627473,0.459957,-0.506918,22.863007,97.349350,41.389935,0.490078,0.599076,0.323237,-0.544471,26.671951,97.360001,23.705635,0.070283,0.903982,0.085845,0.412925,1.777007,82.978058,13.751334,0.068488,0.989363,0.035819,0.123239,-0.191002,48.806210,6.280334,-0.009773,0.970491,0.145064,0.192376,-6.011922,3.409392,2.248253,-0.024074,0.916958,-0.117447,0.380546,13.378599,84.173668,26.970798,0.059158,0.901913,-0.073185,0.421541,11.793715,50.146465,35.158710,-0.058006,0.846867,0.069547,0.524038,4.055855,5.014494,38.932621,-0.009773,0.970491,0.145064,0.192376,-0.683970,1.694714,-11.030041,-0.058006,0.846867,0.069547,0.524038,16.665039,1.740314,32.774006
945,7.875000,-0.062291,0.908995,0.056655,0.408212,7.564588,83.549606,20.388958,-0.066398,0.903629,0.067523,0.417715,6.411747,90.674988,20.765827,-0.028026,0.905326,0.042775,0.421627,3.670822,105.933670,21.800072,0.052588,0.917859,0.044512,0.390882,2.121555,123.685646,22.760460,0.072991,0.934281,-0.012447,0.348765,4.238277,137.289948,23.221313,-0.052522,0.887608,0.081342,0.450307,-0.190461,118.182121,20.040255,0.567828,-0.484486,0.314658,-0.586375,-9.984488,117.849838,6.604114,0.649752,0.033266,-0.120382,-0.749816,-1.746181,95.076164,1.380616,0.605315,0.188007,0.227723,-0.739181,16.904821,99.384315,-0.670713,-0.086162,0.871686,0.047907,0.480047,4.332691,118.285385,25.428289,0.534557,0.825543,0.128082,0.127760,13.051280,120.018532,39.483379,0.373816,0.629085,0.459008,-0.503810,22.858492,97.341415,41.316944,0.496682,0.598433,0.319619,-0.541321,26.707300,97.200760,23.650795,0.070372,0.904388,0.086789,0.411823,1.756153,82.959114,13.785282,0.068442,0.989338,0.035486,0.123557,-0.198869,48.799564,6.254879,-0.009984,0.970454,0.145374,0.192318,-6.018161,3.399983,2.251693,-0.024158,0.917342,-0.116898,0.379783,13.373023,84.140099,26.992634,0.059441,0.902281,-0.073423,0.420672,11.815092,50.104153,35.149323,-0.057864,0.846763,0.071054,0.524019,4.048456,4.978457,38.939217,-0.009984,0.970454,0.145374,0.192318,-0.689851,1.695269,-11.027739,-0.057864,0.846763,0.071054,0.524019,16.661318,1.738078,32.770271
946,7.883333,-0.060974,0.908948,0.054281,0.408839,7.516225,83.485626,20.315420,-0.064927,0.903654,0.071029,0.417312,6.394247,90.617165,20.668278,-0.027858,0.905504,0.042780,0.421255,3.639543,105.924591,21.825262,0.052453,0.917725,0.044948,0.391165,2.096020,123.676895,22.788998,0.073059,0.933908,-0.012344,0.349751,4.204941,137.282059,23.260508,-0.053139,0.886987,0.082261,0.451291,-0.219810,118.174324,20.070101,0.567736,-0.484015,0.316314,-0.585961,-9.982139,117.841408,6.610934,0.651329,0.027357,-0.109048,-0.750420,-1.772995,95.041550,1.456215,0.603785,0.183218,0.242327,-0.736988,16.945692,98.869415,-0.483362,-0.086900,0.871830,0.048809,0.479561,4.307891,118.275703,25.454346,0.534913,0.825514,0.128637,0.125887,13.037735,120.017067,39.501427,0.377007,0.630081,0.458579,-0.500569,22.849625,97.334587,41.241219,0.502397,0.598507,0.318969,-0.536326,26.727169,97.046333,23.594362,0.069825,0.904328,0.086101,0.412192,1.713951,82.899803,13.705918,0.068301,0.989533,0.035553,0.122045,-0.223795,48.726540,6.233469,-0.010235,0.970000,0.147702,0.192818,-6.035659,3.325617,2.234638,-0.025598,0.917286,-0.117254,0.379715,13.318499,84.071449,26.924923,0.059477,0.902949,-0.073128,0.419282,11.844092,50.046371,35.142250,-0.058710,0.846767,0.072602,0.523706,4.091545,4.917103,38.918381,-0.010235,0.970000,0.147702,0.192818,-0.689720,1.688164,-11.046168,-0.058710,0.846767,0.072602,0.523706,16.710714,1.726294,32.736511
947,7.891667,-0.062201,0.909026,0.057889,0.407984,7.538658,83.549469,20.313251,-0.065558,0.903661,0.071430,0.417130,6.379880,90.672974,20.707113,-0.028144,0.905504,0.042675,0.421248,3.612715,105.920197,21.863361,0.052544,0.917513,0.044977,0.391645,2.061541,123.672249,22.819386,0.073077,0.933545,-0.012157,0.350723,4.172822,137.276917,23.294340,-0.053902,0.886267,0.082980,0.452482,-0.251874,118.167511,20.102829,0.567759,-0.483392,0.317862,-0.585616,-9.975693,117.827438,6.615987,0.651723,0.021392,-0.098162,-0.751774,-1.785314,95.005051,1.531551,0.600423,0.177129,0.257597,-0.736044,16.985495,98.367188,-0.303528,-0.087610,0.871900,0.049880,0.479194,4.275688,118.273163,25.487110,0.534612,0.825723,0.129948,0.124439,13.013109,120.018837,39.528950,0.381311,0.630798,0.458098,-0.496832,22.858873,97.344261,41.177990,0.507884,0.598360,0.319417,-0.531029,26.751480,96.877762,23.546331,0.070222,0.904651,0.085502,0.411541,1.726742,82.969048,13.711746,0.067053,0.989874,0.036139,0.119780,-0.258926,48.792484,6.267024,-0.010120,0.970610,0.146171,0.190913,-5.960394,3.379902,2.241786,-0.024792,0.917479,-0.116746,0.379458,13.350574,84.129890,26.914757,0.059419,0.902383,-0.074286,0.420304,11.840288,50.093639,35.079132,-0.058023,0.846827,0.071197,0.523879,4.044072,4.979417,38.944141,-0.010120,0.970610,0.146171,0.190913,-0.667160,1.699244,-11.054729,-0.058023,0.846827,0.071197,0.523879,16.656490,1.744778,32.771278
948,7.900000,-0.062887,0.909304,0.056988,0.407387,7.512932,83.555397,20.345671,-0.065169,0.903848,0.071575,0.416760,6.350702,90.679161,20.724409,-0.028264,0.905603,0.043092,0.420984,3.595165,105.915413,21.890020,0.052363,0.917435,0.045097,0.391839,2.034151,123.665939,22.858154,0.073216,0.933255,-0.012003,0.351469,4.139780,137.271423,23.334936,-0.054930,0.885362,0.083980,0.453944,-0.277600,118.161568,20.139446,0.567127,-0.482852,0.319512,-0.585776,-9.953641,117.811981,6.618528,0.651259,0.016051,-0.087375,-0.753637,-1.789511,94.969513,1.582325,0.595740,0.171333,0.274060,-0.735276,17.017719,97.886078,-0.130185,-0.088397,0.871882,0.050752,0.478991,4.252988,118.266472,25.521194,0.534063,0.826054,0.131371,0.123097,12.992292,120.021347,39.560719,0.385369,0.631330,0.458053,-0.493053,22.883629,97.360443,41.122742,0.514472,0.597152,0.319705,-0.525848,26.796463,96.731110,23.512573,0.070265,0.905128,0.086525,0.410268,1.693935,82.956596,13.752048,0.066867,0.989846,0.035850,0.120201,-0.275012,48.792782,6.244628,-0.010098,0.970588,0.146385,0.190862,-5.961199,3.376004,2.245196,-0.024850,0.917951,-0.115838,0.378589,13.331930,84.154205,26.939291,0.059461,0.902393,-0.074657,0.420211,11.857378,50.103355,35.049141,-0.058007,0.846840,0.070854,0.523906,4.043982,4.994658,38.943832,-0.010098,0.970588,0.146385,0.190862,-0.669210,1.701329,-11.052568,-0.058007,0.846840,0.070854,0.523906,16.655563,1.751604,32.773674
949,7.908333,-0.062303,0.909884,0.056083,0.406306,7.474333,83.525070,20.346830,-0.064120,0.904075,0.072611,0.416250,6.325453,90.651367,20.718563,-0.029000,0.905651,0.043018,0.420838,3.581711,105.914726,21.930548,0.052526,0.917238,0.045630,0.392216,1.998212,123.663971,22.885469,0.073276,0.932955,-0.012111,0.352248,4.102534,137.269073,23.378860,-0.056171,0.884278,0.085225,0.455668,-0.307137,118.154572,20.171524,0.566024,-0.481501,0.321617,-0.586801,-9.926403,117.794144,6.610449,0.648866,0.010189,-0.076990,-0.756929,-1.764588,94.938499,1.630599,0.588253,0.166032,0.291962,-0.735629,17.054480,97.411003,0.021155,-0.088987,0.871823,0.051804,0.478876,4.224587,118.269394,25.552113,0.533413,0.826418,0.132853,0.121873,12.964055,120.024658,39.591480,0.389908,0.631640,0.458072,-0.489053,22.904583,97.379730,41.070686,0.521034,0.596425,0.320681,-0.519582,26.829990,96.577202,23.480827,0.069907,0.905517,0.087397,0.409284,1.638554,82.927422,13.767958,0.066722,0.989829,0.035558,0.120511,-0.290570,48.770729,6.217929,-0.010196,0.970461,0.147251,0.190834,-5.965662,3.350249,2.244841,-0.025386,0.918159,-0.115607,0.378120,13.310112,84.122726,26.925703,0.059337,0.902895,-0.074377,0.419199,11.880350,50.070023,35.035789,-0.058414,0.846916,0.071982,0.523583,4.092233,4.956147,38.920994,-0.010196,0.970461,0.147251,0.190834,-0.672722,1.700748,-11.055688,-0.058414,0.846916,0.071982,0.523583,16.705635,1.746030,32.737362
950,7.916667,-0.066143,0.903516,0.070363,0.417533,7.883374,83.835510,20.426447,-0.075757,0.901796,0.072195,0.419300,6.594791,90.928574,20.946238,-0.029306,0.905783,0.043271,0.420506,3.573185,105.917358,21.968122,0.052438,0.917183,0.046053,0.392308,1.976361,123.665192,22.927168,0.073186,0.932774,-0.012235,0.352743,4.074047,137.270935,23.430679,-0.057860,0.882981,0.086561,0.457716,-0.326547,118.154434,20.213907,0.564524,-0.480882,0.323513,-0.587712,-9.877210,117.772964,6.604995,0.646642,0.005061,-0.066162,-0.759902,-1.746503,94.900711,1.650536,0.580728,0.161240,0.310596,-0.735042,17.084425,96.935837,0.170996,-0.089313,0.871644,0.052863,0.479026,4.208860,118.271912,25.591335,0.532954,0.826662,0.134429,0.120496,12.941614,120.018959,39.635910,0.393580,0.632067,0.458407,-0.485231,22.922955,97.386078,41.021572,0.527320,0.595668,0.321550,-0.513536,26.876663,96.437065,23.455889,0.076548,0.907365,0.080809,0.405339,2.219336,83.299904,13.693920,0.065508,0.989711,0.036952,0.121717,-0.352302,49.133705,6.382159,-0.008826,0.972386,0.136478,0.189106,-5.896743,3.707764,2.288853,-0.019770,0.919933,-0.113017,0.374913,13.547413,84.371109,27.158972,0.058820,0.901897,-0.075266,0.421256,11.852807,50.259136,34.963223,-0.055888,0.847163,0.067405,0.524068,4.064497,5.151862,38.924084,-0.008826,0.972386,0.136478,0.189106,-0.671983,1.746107,-10.996254,-0.055888,0.847163,0.067405,0.524068,16.652328,1.794805,32.766415
951,7.925000,-0.065257,0.905086,0.067718,0.414699,7.790030,83.765923,20.426201,-0.073646,0.902417,0.072652,0.418260,6.530268,90.865952,20.920996,-0.029381,0.905910,0.043729,0.420181,3.553066,105.907692,21.989588,0.052324,0.917138,0.046503,0.392375,1.947324,123.653946,22.962852,0.073340,0.932576,-0.012337,0.353229,4.037385,137.260483,23.476784,-0.059509,0.881558,0.088306,0.459909,-0.354543,118.143936,20.247177,0.563088,-0.479811,0.325261,-0.588998,-9.831828,117.749855,6.587422,0.645107,0.000428,-0.055034,-0.762108,-1.706352,94.870041,1.659350,0.575334,0.155998,0.325419,-0.734001,17.125072,96.470238,0.326344,-0.090081,0.871402,0.053696,0.479230,4.184649,118.259918,25.621445,0.532050,0.827203,0.135848,0.119178,12.906313,120.014870,39.671921,0.397268,0.633151,0.458045,-0.481137,22.951008,97.405144,40.975426,0.533612,0.594416,0.321661,-0.508391,26.940260,96.283157,23.437069,0.075371,0.907731,0.082725,0.404352,2.082363,83.219757,13.731475,0.065394,0.989777,0.036560,0.121365,-0.367694,49.062981,6.334464,-0.009141,0.972021,0.138754,0.189314,-5.907718,3.633022,2.279944,-0.020685,0.919922,-0.112763,0.374967,13.497698,84.312088,27.120930,0.058898,0.901990,-0.075749,0.420960,11.868362,50.198685,34.932819,-0.056498,0.847103,0.068714,0.523931,4.056415,5.098966,38.932930,-0.009141,0.972021,0.138754,0.189314,-0.672383,1.737403,-11.010584,-0.056498,0.847103,0.068714,0.523931,16.650921,1.782209,32.767075
952,7.933333,-0.065077,0.905617,0.068209,0.413486,7.764872,83.766052,20.422459,-0.073331,0.902664,0.073183,0.417690,6.505219,90.865456,20.926432,-0.029686,0.906040,0.043987,0.419851,3.531327,105.902878,22.015385,0.052471,0.916978,0.046846,0.392687,1.912238,123.647675,22.992975,0.073401,0.932209,-0.012091,0.354193,4.002567,137.253738,23.518318,-0.061591,0.879959,0.090282,0.462307,-0.387163,118.136345,20.277908,0.561852,-0.478743,0.326803,-0.590193,-9.782511,117.721924,6.562270,0.644200,-0.003888,-0.043890,-0.763587,-1.656123,94.836899,1.660033,0.570658,0.151948,0.340638,-0.731592,17.170916,96.009537,0.478969,-0.090475,0.871265,0.055533,0.479195,4.155674,118.254944,25.649035,0.531008,0.827961,0.136579,0.117716,12.876100,119.991684,39.702538,0.400324,0.634069,0.457676,-0.477733,22.992847,97.410294,40.938293,0.539654,0.593111,0.321784,-0.503436,27.009144,96.143608,23.428492,0.075248,0.908107,0.083109,0.403450,2.039085,83.224297,13.742867,0.065074,0.989704,0.036396,0.122173,-0.399521,49.070694,6.327431,-0.009579,0.972080,0.138519,0.189158,-5.909091,3.635794,2.286822,-0.020907,0.920233,-0.112538,0.374258,13.490659,84.307816,27.102051,0.059036,0.902242,-0.076093,0.420339,11.887549,50.191521,34.906723,-0.056423,0.847120,0.068734,0.523908,4.053822,5.098104,38.935158,-0.009579,0.972080,0.138519,0.189158,-0.674894,1.735873,-11.003536,-0.056423,0.847120,0.068734,0.523908,16.647549,1.780684,32.768078
953,7.941667,-0.065015,0.906030,0.068577,0.412529,7.748302,83.762207,20.425098,-0.073390,0.902868,0.073773,0.417134,6.487819,90.860992,20.935560,-0.029951,0.906201,0.044356,0.419446,3.503735,105.904427,22.042517,0.052724,0.916903,0.047430,0.392758,1.871007,123.647499,23.028751,0.073595,0.932011,-0.012381,0.354663,3.961484,137.252838,23.571850,-0.063827,0.878271,0.091976,0.464874,-0.426248,118.135391,20.313431,0.560610,-0.477520,0.328317,-0.591523,-9.733123,117.693016,6.538468,0.643943,-0.008034,-0.033008,-0.764319,-1.597890,94.805527,1.662445,0.567203,0.149166,0.356086,-0.727484,17.207283,95.561996,0.629656,-0.090860,0.871200,0.056943,0.479075,4.121149,118.255524,25.680668,0.529858,0.828747,0.137445,0.116357,12.843080,119.980980,39.734631,0.403369,0.635482,0.456784,-0.474135,23.036066,97.430374,40.904209,0.544483,0.592431,0.321970,-0.498897,27.086246,95.999557,23.421127,0.075091,0.908691,0.083484,0.402086,2.008440,83.222481,13.757425,0.064768,0.989959,0.036652,0.120183,-0.420625,49.071587,6.326379,-0.009375,0.972058,0.138691,0.189156,-5.907715,3.634748,2.276954,-0.021033,0.920634,-0.112239,0.373354,13.488165,84.301933,27.092770,0.059218,0.902548,-0.076433,0.419594,11.908753,50.181293,34.883278,-0.056720,0.847162,0.068835,0.523795,4.050364,5.094618,38.939102,-0.009375,0.972058,0.138691,0.189156,-0.674872,1.738643,-11.014487,-0.056720,0.847162,0.068835,0.523795,16.644884,1.784028,32.769958
954,7.950000,-0.064800,0.906473,0.068733,0.411561,7.726799,83.757301,20.428459,-0.073359,0.903097,0.074077,0.416590,6.468752,90.856186,20.943598,-0.030091,0.906367,0.044888,0.419022,3.481185,105.904182,22.061565,0.052794,0.916876,0.047789,0.392768,1.836463,123.645271,23.063616,0.073816,0.931811,-0.012245,0.355146,3.924859,137.250534,23.616577,-0.065835,0.876699,0.093803,0.467189,-0.459299,118.133690,20.345984,0.559321,-0.475865,0.329600,-0.593360,-9.685739,117.671570,6.517665,0.644199,-0.012068,-0.021668,-0.764456,-1.514190,94.792816,1.661425,0.565510,0.145789,0.369348,-0.722859,17.265528,95.123817,0.789540,-0.091417,0.870937,0.057985,0.479322,4.092988,118.252792,25.709093,0.528141,0.829839,0.138582,0.115022,12.803666,119.976517,39.770241,0.407058,0.636840,0.455339,-0.470537,23.101946,97.470436,40.873169,0.549530,0.591592,0.321453,-0.494676,27.164280,95.852707,23.421028,0.074998,0.909221,0.083965,0.400801,1.972386,83.220467,13.773113,0.064563,0.989939,0.036527,0.120490,-0.447522,49.074245,6.317675,-0.009626,0.972034,0.138717,0.189250,-5.916235,3.634143,2.280102,-0.021210,0.920934,-0.111878,0.372711,13.481215,84.294128,27.083805,0.059334,0.902717,-0.076813,0.419144,11.928144,50.168358,34.857079,-0.057108,0.847222,0.068862,0.523653,4.047771,5.088300,38.943626,-0.009626,0.972034,0.138717,0.189250,-0.679026,1.740026,-11.009899,-0.057108,0.847222,0.068862,0.523653,16.643032,1.784132,32.772560
955,7.958333,-0.064733,0.906697,0.069438,0.410961,7.720514,83.760834,20.432421,-0.073592,0.903292,0.074101,0.416121,6.459544,90.858437,20.957985,-0.030242,0.906561,0.045583,0.418515,3.467218,105.898331,22.074614,0.052519,0.916874,0.048370,0.392738,1.807845,123.636856,23.097778,0.074244,0.931574,-0.012105,0.355684,3.883106,137.243652,23.662415,-0.068168,0.874963,0.096297,0.469596,-0.486033,118.126175,20.376701,0.557418,-0.474913,0.331151,-0.595048,-9.627069,117.646431,6.492376,0.644784,-0.015292,-0.010295,-0.764142,-1.461460,94.765541,1.636169,0.563972,0.145107,0.382994,-0.717074,17.309744,94.691093,0.947760,-0.091885,0.870569,0.059079,0.479767,4.072096,118.243515,25.734886,0.526445,0.831027,0.139301,0.113337,12.765733,119.961342,39.807301,0.410709,0.637905,0.453914,-0.467288,23.171677,97.501518,40.840485,0.553432,0.591710,0.322340,-0.489580,27.233252,95.708488,23.418968,0.075202,0.909761,0.084156,0.399496,1.957235,83.229202,13.784329,0.064088,0.989935,0.036502,0.120782,-0.480868,49.087383,6.314642,-0.009557,0.972124,0.138548,0.188914,-5.905591,3.641489,2.282871,-0.021148,0.921386,-0.111481,0.371717,13.483792,84.292465,27.080513,0.059429,0.902921,-0.077193,0.418621,11.945537,50.160290,34.828571,-0.057152,0.847197,0.069030,0.523665,4.045191,5.086646,38.947269,-0.009557,0.972124,0.138548,0.188914,-0.677946,1.742383,-11.010185,-0.057152,0.847197,0.069030,0.523665,16.641491,1.787148,32.775818
956,7.966667,-0.061535,0.907913,0.071104,0.408475,7.691211,83.675308,20.351515,-0.073060,0.903667,0.075581,0.415134,6.463731,90.775360,20.921377,-0.030646,0.906743,0.046011,0.418044,3.450957,105.899872,22.095915,0.052744,0.916796,0.048885,0.392828,1.772690,123.636101,23.127695,0.074400,0.931322,-0.011891,0.356317,3.848155,137.242203,23.708096,-0.070134,0.873343,0.098235,0.471914,-0.517707,118.123924,20.406738,0.555536,-0.473676,0.332624,-0.596969,-9.577127,117.628586,6.469567,0.645499,-0.018624,0.001091,-0.763533,-1.401795,94.750946,1.614443,0.563559,0.144018,0.394448,-0.711387,17.372829,94.268379,1.106534,-0.092122,0.870260,0.060676,0.480082,4.045617,118.244278,25.760433,0.524731,0.832172,0.140107,0.111878,12.727722,119.941902,39.842422,0.414544,0.639226,0.452076,-0.463865,23.239243,97.528481,40.812756,0.556272,0.592427,0.323384,-0.484782,27.299807,95.542152,23.420292,0.074514,0.909835,0.083736,0.399546,1.884898,83.202431,13.736510,0.063692,0.989937,0.036568,0.120958,-0.521205,49.048439,6.312230,-0.009912,0.971925,0.139888,0.188932,-5.908584,3.598338,2.277855,-0.022140,0.921323,-0.113171,0.371304,13.497522,84.148186,26.966518,0.059752,0.903860,-0.076743,0.416627,11.982446,50.045609,34.848343,-0.058783,0.847138,0.071792,0.523210,4.081574,4.969132,38.934868,-0.009912,0.971925,0.139888,0.188932,-0.676253,1.739077,-11.018990,-0.058783,0.847138,0.071792,0.523210,16.691555,1.759879,32.743801
957,7.975000,-0.061590,0.908219,0.071469,0.407722,7.684744,83.673416,20.527071,-0.075416,0.903881,0.070978,0.415060,6.454898,90.772621,21.102385,-0.030916,0.906871,0.046722,0.417667,3.437889,105.892929,22.117701,0.052932,0.916774,0.049408,0.392789,1.740761,123.626236,23.169069,0.074524,0.931205,-0.011940,0.356595,3.815303,137.231812,23.764580,-0.071449,0.871596,0.100460,0.474472,-0.545717,118.114304,20.444302,0.553928,-0.471536,0.333515,-0.599655,-9.518428,117.628395,6.450817,0.646238,-0.022438,0.012924,-0.762696,-1.272272,94.776512,1.594159,0.563783,0.142776,0.405892,-0.704993,17.431419,93.864578,1.265944,-0.092738,0.869995,0.062129,0.480259,4.021808,118.234230,25.794422,0.523161,0.833227,0.140998,0.110247,12.694480,119.925293,39.883011,0.417993,0.640647,0.450348,-0.460478,23.305458,97.555717,40.779640,0.558895,0.593648,0.324366,-0.479589,27.371630,95.387177,23.427340,0.075091,0.911395,0.087054,0.395149,1.867724,83.201012,13.921446,0.063611,0.989958,0.036175,0.120946,-0.517262,49.092781,6.283059,-0.009559,0.972134,0.138693,0.188756,-5.901828,3.639114,2.285252,-0.021176,0.922187,-0.110654,0.369971,13.501763,84.145828,27.132696,0.059927,0.904049,-0.077041,0.416136,12.001521,50.000858,34.831722,-0.059294,0.847122,0.072692,0.523053,4.077123,4.930517,38.940315,-0.009559,0.972134,0.138693,0.188756,-0.678151,1.744186,-11.009965,-0.059294,0.847122,0.072692,0.523053,16.691219,1.750401,32.742592
958,7.983333,-0.061149,0.909036,0.071521,0.405954,7.639937,83.663651,20.353519,-0.072477,0.904263,0.075795,0.413897,6.416672,90.763535,20.934517,-0.031100,0.907068,0.047437,0.417145,3.418989,105.889801,22.126736,0.053162,0.916769,0.050167,0.392672,1.705906,123.620270,23.199411,0.074859,0.931076,-0.011858,0.356867,3.778036,137.225266,23.816162,-0.072305,0.870079,0.102649,0.476653,-0.578342,118.109116,20.471230,0.552502,-0.469058,0.334075,-0.602594,-9.477953,117.644028,6.430444,0.646639,-0.026830,0.025364,-0.761902,-1.134855,94.827980,1.570860,0.564297,0.142424,0.415192,-0.699214,17.501760,93.457710,1.419773,-0.093196,0.869754,0.063271,0.480457,3.995158,118.227638,25.816273,0.521360,0.834476,0.141522,0.108650,12.658673,119.912567,39.911224,0.421477,0.642603,0.448205,-0.456652,23.380196,97.593430,40.747707,0.562709,0.593675,0.324270,-0.475140,27.464825,95.219597,23.438135,0.074072,0.910790,0.084644,0.397254,1.796597,83.195557,13.770862,0.063151,0.989965,0.036544,0.121020,-0.574451,49.047680,6.307284,-0.010036,0.971907,0.140049,0.188896,-5.912858,3.591117,2.280582,-0.022401,0.922022,-0.112731,0.369682,13.483277,84.131752,26.936180,0.059893,0.904198,-0.077383,0.415753,12.010417,50.023045,34.799438,-0.058973,0.847222,0.072009,0.523021,4.077689,4.957178,38.940899,-0.010036,0.971907,0.140049,0.188896,-0.680381,1.737084,-11.016936,-0.058973,0.847222,0.072009,0.523021,16.686979,1.755914,32.744297
959,7.991667,-0.057460,0.915576,0.059560,0.393538,7.236601,83.376564,20.284634,-0.061901,0.906765,0.076765,0.409943,6.137267,90.505432,20.746050,-0.031497,0.907251,0.048172,0.416632,3.389031,105.886902,22.133770,0.053107,0.916738,0.050681,0.392686,1.652836,123.613991,23.225256,0.075904,0.930752,-0.011474,0.357502,3.718089,137.219482,23.854496,-0.072914,0.868489,0.104756,0.478996,-0.626836,118.102310,20.494301,0.551451,-0.466241,0.334148,-0.605695,-9.449030,117.665031,6.403854,0.646924,-0.031363,0.037729,-0.760975,-0.977783,94.896873,1.541350,0.564756,0.142555,0.424531,-0.693183,17.563934,93.071434,1.561445,-0.093399,0.869688,0.064421,0.480385,3.952325,118.221985,25.834469,0.519407,0.835909,0.141546,0.106942,12.616876,119.894363,39.930271,0.424058,0.644896,0.445725,-0.453446,23.457363,97.630936,40.716816,0.566315,0.593963,0.323090,-0.471284,27.564461,95.073250,23.456491,0.067962,0.909844,0.091297,0.399037,1.210567,82.862328,13.872337,0.063700,0.989971,0.035103,0.121111,-0.569419,48.735676,6.151782,-0.011231,0.970228,0.149527,0.190193,-5.973505,3.276017,2.249580,-0.027915,0.921153,-0.114931,0.370796,13.262635,83.890793,26.696930,0.061222,0.905834,-0.077378,0.411982,12.078318,49.836613,34.840279,-0.061758,0.846847,0.075753,0.522778,4.052929,4.785463,38.963326,-0.011231,0.970228,0.149527,0.190193,-0.687545,1.697013,-11.062273,-0.061758,0.846847,0.075753,0.522778,16.689167,1.715637,32.755131
960,8.000000,-0.057160,0.915078,0.059796,0.394703,7.260475,83.373093,20.291136,-0.063141,0.906747,0.077194,0.409712,6.163177,90.502052,20.755997,-0.031414,0.907557,0.049288,0.415841,3.374108,105.879929,22.140697,0.053563,0.916898,0.051111,0.392196,1.625047,123.603317,23.270969,0.075763,0.930828,-0.011292,0.357340,3.696816,137.207169,23.914164,-0.073600,0.866767,0.107487,0.481398,-0.654854,118.095245,20.532949,0.550308,-0.464195,0.333894,-0.608439,-9.396967,117.694450,6.391597,0.647998,-0.035773,0.050302,-0.759136,-0.822996,94.970688,1.501540,0.567078,0.141462,0.432224,-0.686727,17.629725,92.688988,1.703748,-0.094249,0.869437,0.065206,0.480567,3.933654,118.208000,25.865238,0.517788,0.837132,0.141839,0.104820,12.587087,119.891235,39.966579,0.427407,0.646886,0.443159,-0.449969,23.533020,97.676849,40.675430,0.568896,0.595551,0.323081,-0.466148,27.648142,94.915863,23.459070,0.068924,0.910526,0.090844,0.397415,1.250010,82.867081,13.863590,0.063187,0.989832,0.034939,0.122557,-0.617630,48.743870,6.148499,-0.011422,0.970284,0.149481,0.189931,-5.971477,3.277189,2.258904,-0.027613,0.921571,-0.114390,0.369946,13.270940,83.879105,26.718681,0.061282,0.906000,-0.077651,0.411557,12.088867,49.815052,34.820961,-0.061858,0.846866,0.076255,0.522664,4.050220,4.768482,38.968094,-0.011422,0.970284,0.149481,0.189931,-0.691113,1.698013,-11.055149,-0.061858,0.846866,0.076255,0.522664,16.687012,1.712137,32.754372
961,8.008333,-0.057085,0.914558,0.060344,0.395834,7.287590,83.377502,20.301384,-0.064810,0.906686,0.078018,0.409431,6.187598,90.505638,20.772522,-0.031300,0.907895,0.049735,0.415059,3.339940,105.880096,22.160284,0.053787,0.916973,0.051544,0.391931,1.588939,123.602165,23.308199,0.076085,0.930687,-0.010876,0.357651,3.661535,137.205276,23.963808,-0.074792,0.864901,0.109944,0.484009,-0.694507,118.095825,20.569609,0.549597,-0.461866,0.333730,-0.610939,-9.346910,117.714203,6.372659,0.647924,-0.040984,0.060611,-0.758183,-0.660645,95.033821,1.479377,0.566803,0.143611,0.444219,-0.678807,17.708698,92.341599,1.783749,-0.094297,0.869436,0.066385,0.480398,3.903245,118.205223,25.894005,0.515647,0.838637,0.142116,0.102956,12.561774,119.871376,39.994251,0.429248,0.649839,0.439702,-0.447346,23.636576,97.719063,40.641422,0.571768,0.596232,0.319457,-0.464258,27.776777,94.774887,23.473774,0.069715,0.911165,0.090682,0.395848,1.292734,82.878227,13.858747,0.062470,0.989537,0.034975,0.125265,-0.642948,48.760639,6.135553,-0.010997,0.970449,0.149557,0.189053,-5.920762,3.285906,2.236161,-0.027293,0.921968,-0.113855,0.369145,13.282447,83.876785,26.744020,0.061358,0.906150,-0.077872,0.411172,12.100715,49.802948,34.805115,-0.062039,0.846862,0.076454,0.522619,4.049313,4.760387,38.971046,-0.010997,0.970449,0.149557,0.189053,-0.666494,1.707087,-11.088261,-0.062039,0.846862,0.076454,0.522619,16.687284,1.711538,32.756031
962,8.016667,-0.061135,0.910180,0.074257,0.402891,7.617471,83.671936,20.379150,-0.074599,0.905149,0.076327,0.411479,6.380625,90.766075,21.000114,-0.031402,0.908073,0.050361,0.414585,3.320494,105.879990,22.187677,0.053501,0.917023,0.051940,0.391803,1.557586,123.599586,23.355219,0.076595,0.930523,-0.010641,0.357976,3.618711,137.204132,24.017336,-0.076006,0.863083,0.112275,0.486523,-0.724628,118.094322,20.613464,0.549841,-0.460299,0.332631,-0.612501,-9.289776,117.729279,6.363271,0.652385,-0.045124,0.072239,-0.753087,-0.495594,95.093590,1.455893,0.576209,0.136667,0.444776,-0.671922,17.782635,91.984032,1.943444,-0.094948,0.869333,0.067884,0.480247,3.878561,118.201782,25.933197,0.513372,0.840174,0.142761,0.100873,12.537813,119.862816,40.033600,0.431225,0.653344,0.435098,-0.444833,23.749615,97.777351,40.601524,0.573921,0.597637,0.314004,-0.463516,27.906300,94.622345,23.488304,0.074903,0.912760,0.085517,0.392359,1.730430,83.218414,13.834521,0.061711,0.989569,0.036179,0.125042,-0.709025,49.089626,6.305974,-0.010353,0.972142,0.139328,0.188203,-5.904862,3.614095,2.307017,-0.021855,0.923485,-0.111756,0.366345,13.504513,84.125465,26.923779,0.060001,0.904716,-0.078403,0.414416,12.050013,49.999710,34.716194,-0.059490,0.847321,0.072089,0.522792,4.076044,4.949644,38.949375,-0.010353,0.972142,0.139328,0.188203,-0.689113,1.741545,-10.994474,-0.059490,0.847321,0.072089,0.522792,16.685816,1.757973,32.748802
963,8.025000,-0.061248,0.910118,0.075201,0.402840,7.623067,83.680962,20.394859,-0.075423,0.905223,0.076590,0.411116,6.379334,90.772858,21.027563,-0.031368,0.908295,0.050865,0.414039,3.294837,105.874931,22.212484,0.054100,0.917060,0.052649,0.391538,1.526331,123.592796,23.397867,0.076503,0.930559,-0.010564,0.357906,3.594766,137.195068,24.083361,-0.076113,0.861743,0.113929,0.488494,-0.757024,118.089058,20.653999,0.549758,-0.457971,0.331686,-0.614828,-9.257727,117.758575,6.364419,0.652990,-0.050794,0.082854,-0.751105,-0.326530,95.178589,1.447784,0.579592,0.134589,0.448857,-0.666698,17.871656,91.640015,2.039475,-0.095393,0.869336,0.068979,0.479998,3.852565,118.193611,25.968248,0.510750,0.841916,0.143317,0.098850,12.516970,119.850601,40.065968,0.433069,0.656740,0.429928,-0.443064,23.881849,97.841789,40.562683,0.575899,0.600137,0.306984,-0.462533,28.035978,94.482933,23.495411,0.075304,0.913153,0.085580,0.391354,1.735538,83.232315,13.850329,0.061478,0.989516,0.036180,0.125574,-0.735919,49.108498,6.309694,-0.009831,0.972192,0.138960,0.188243,-5.908496,3.630340,2.310479,-0.021610,0.923916,-0.111343,0.365398,13.510597,84.129616,26.939392,0.060067,0.904912,-0.078593,0.413945,12.058832,49.996674,34.700768,-0.059271,0.847329,0.072058,0.522808,4.074544,4.950070,38.951244,-0.009831,0.972192,0.138960,0.188243,-0.695975,1.744643,-10.990426,-0.059271,0.847329,0.072058,0.522808,16.682964,1.754383,32.749992
964,8.033333,-0.061268,0.909978,0.076232,0.402958,7.626350,83.689835,20.411024,-0.076188,0.905264,0.076892,0.410829,6.376348,90.779434,21.056923,-0.031577,0.908483,0.051311,0.413556,3.269729,105.864182,22.240398,0.053860,0.917064,0.053197,0.391489,1.488532,123.579941,23.438042,0.077233,0.930324,-0.010322,0.358365,3.545060,137.183456,24.134705,-0.076693,0.860212,0.116023,0.490605,-0.793348,118.076027,20.693312,0.550097,-0.455787,0.330315,-0.616882,-9.222370,117.774986,6.360687,0.653052,-0.056381,0.093000,-0.749463,-0.147321,95.254990,1.432392,0.581407,0.134351,0.454135,-0.661572,17.946428,91.307411,2.117200,-0.095854,0.869394,0.070086,0.479639,3.821678,118.181099,26.002825,0.508543,0.843433,0.143711,0.096708,12.494605,119.834770,40.095692,0.434143,0.660630,0.424944,-0.441034,23.991739,97.893158,40.516068,0.578008,0.602337,0.299816,-0.461744,28.175215,94.340118,23.502197,0.075567,0.913586,0.085591,0.390288,1.740547,83.248505,13.864446,0.061156,0.989534,0.036275,0.125568,-0.756145,49.127609,6.318916,-0.010444,0.972371,0.138154,0.187882,-5.898446,3.646445,2.314829,-0.021411,0.924203,-0.110935,0.364807,13.512153,84.131157,26.957602,0.060088,0.905065,-0.078735,0.413580,12.063008,49.991249,34.688778,-0.059244,0.847357,0.072061,0.522766,4.073319,4.946935,38.953403,-0.010444,0.972371,0.138154,0.187882,-0.691835,1.741205,-10.985601,-0.059244,0.847357,0.072061,0.522766,16.680967,1.750874,32.750774
965,8.041667,-0.061613,0.909561,0.078159,0.403477,7.647110,83.720764,20.417994,-0.077386,0.905121,0.077540,0.410799,6.381133,90.805458,21.086304,-0.031786,0.908577,0.051808,0.413272,3.237220,105.862061,22.270882,0.054861,0.917073,0.053691,0.391259,1.442314,123.575523,23.482075,0.077214,0.930451,-0.010186,0.358043,3.518539,137.174881,24.201063,-0.077655,0.858751,0.117817,0.492580,-0.836741,118.071678,20.734850,0.551366,-0.453965,0.327772,-0.618447,-9.196218,117.783913,6.361278,0.653415,-0.061794,0.102597,-0.747465,0.043863,95.337334,1.404773,0.583714,0.132892,0.457021,-0.657837,18.046547,90.998367,2.177553,-0.096155,0.869603,0.071211,0.479035,3.781410,118.176773,26.041647,0.506446,0.845253,0.142510,0.093544,12.471678,119.823288,40.124668,0.435372,0.664497,0.420007,-0.438735,24.104092,97.951729,40.466328,0.581439,0.603769,0.293908,-0.459358,28.320652,94.198021,23.508381,0.076120,0.913916,0.084967,0.389544,1.769426,83.288773,13.863501,0.060745,0.989576,0.036621,0.125335,-0.785884,49.166290,6.344786,-0.009775,0.972538,0.137202,0.187751,-5.887847,3.682852,2.315060,-0.020913,0.924488,-0.110579,0.364220,13.524795,84.152763,26.972485,0.059912,0.905060,-0.078874,0.413589,12.057456,50.005852,34.669243,-0.058968,0.847406,0.071696,0.522768,4.077093,4.961604,38.952000,-0.009775,0.972538,0.137202,0.187751,-0.690760,1.747234,-10.984713,-0.058968,0.847406,0.071696,0.522768,16.681723,1.752682,32.749870
966,8.050000,-0.061970,0.909471,0.078944,0.403473,7.641722,83.733406,20.434307,-0.077690,0.905114,0.077872,0.410693,6.366559,90.815681,21.110752,-0.031967,0.908624,0.052248,0.413099,3.213247,105.854836,22.299858,0.055051,0.917036,0.054026,0.391274,1.406240,123.566246,23.522928,0.077574,0.930331,-0.009569,0.358296,3.483655,137.164871,24.252466,-0.078362,0.857540,0.119443,0.494184,-0.869910,118.062531,20.773039,0.552376,-0.451727,0.325587,-0.620336,-9.173075,117.790733,6.366561,0.653537,-0.067509,0.111733,-0.745552,0.238189,95.419189,1.392924,0.586144,0.131881,0.460738,-0.653271,18.132532,90.698456,2.233525,-0.096649,0.869737,0.072278,0.478531,3.750082,118.167534,26.078230,0.503981,0.847028,0.142423,0.090901,12.453219,119.812981,40.153416,0.438128,0.667705,0.415314,-0.435578,24.233183,98.019386,40.411930,0.585408,0.604445,0.288861,-0.456621,28.459082,94.032616,23.524265,0.076246,0.914217,0.085010,0.388801,1.764764,83.301361,13.879174,0.060584,0.989540,0.036710,0.125665,-0.803513,49.180748,6.356428,-0.009917,0.972617,0.136729,0.187675,-5.888496,3.696111,2.318766,-0.020751,0.924789,-0.110193,0.363582,13.518681,84.165459,26.989443,0.059828,0.905050,-0.078992,0.413601,12.056063,50.012119,34.658459,-0.058781,0.847489,0.071506,0.522681,4.078168,4.968667,38.954117,-0.009917,0.972617,0.136729,0.187675,-0.692891,1.747846,-10.979734,-0.058781,0.847489,0.071506,0.522681,16.679672,1.752357,32.749470
967,8.058333,-0.062181,0.909428,0.079728,0.403383,7.640122,83.736221,20.446478,-0.077972,0.905097,0.078308,0.410594,6.357757,90.816322,21.132023,-0.032039,0.908655,0.052783,0.412958,3.191085,105.853180,22.330011,0.055223,0.916970,0.054684,0.391312,1.374091,123.562416,23.569588,0.077782,0.930238,-0.009437,0.358495,3.448833,137.160431,24.317781,-0.079390,0.856322,0.121201,0.495702,-0.899687,118.059853,20.815445,0.553700,-0.450106,0.322729,-0.621826,-9.147494,117.796959,6.377040,0.653798,-0.073031,0.120799,-0.743386,0.428019,95.504280,1.362988,0.588633,0.129724,0.463488,-0.649509,18.231085,90.403923,2.278431,-0.097185,0.869832,0.073510,0.478063,3.721881,118.162773,26.119307,0.501656,0.848614,0.142704,0.088494,12.436442,119.805588,40.187733,0.441087,0.670913,0.410808,-0.431921,24.353664,98.085915,40.361584,0.588619,0.605143,0.284987,-0.453996,28.598362,93.855896,23.545282,0.076398,0.914500,0.085070,0.388093,1.762347,83.306282,13.891937,0.060409,0.989579,0.036818,0.125411,-0.819772,49.188000,6.363348,-0.010236,0.972647,0.136412,0.187735,-5.888678,3.702149,2.319159,-0.020643,0.924918,-0.109986,0.363324,13.517897,84.166161,27.001017,0.059840,0.905215,-0.079018,0.413233,12.055750,50.009312,34.654491,-0.058865,0.847465,0.071556,0.522703,4.077659,4.966363,38.955101,-0.010236,0.972647,0.136412,0.187735,-0.689497,1.746520,-10.976859,-0.058865,0.847465,0.071556,0.522703,16.680214,1.752524,32.751320
968,8.066667,-0.061787,0.909814,0.079424,0.402633,7.598918,83.720512,20.456156,-0.077334,0.905250,0.078962,0.410253,6.324019,90.802017,21.141119,-0.032205,0.908695,0.053019,0.412825,3.166572,105.842400,22.366911,0.055093,0.916909,0.055574,0.391350,1.340904,123.550369,23.611917,0.078244,0.930130,-0.009338,0.358676,3.402895,137.149124,24.381409,-0.080514,0.854991,0.123105,0.497346,-0.930826,118.047417,20.856861,0.554559,-0.447904,0.320315,-0.623895,-9.118348,117.794189,6.384007,0.653504,-0.078419,0.129249,-0.741672,0.632054,95.584396,1.339267,0.590681,0.127373,0.466978,-0.645604,18.329519,90.128616,2.314781,-0.097853,0.869948,0.074427,0.477573,3.692138,118.151222,26.159492,0.499730,0.849960,0.142958,0.086024,12.417949,119.800354,40.220207,0.444164,0.674143,0.406870,-0.427442,24.452082,98.144691,40.303261,0.592440,0.605434,0.282269,-0.450320,28.737265,93.663612,23.560921,0.075883,0.914555,0.085620,0.387943,1.709627,83.293259,13.911782,0.060405,0.989445,0.036702,0.126503,-0.825698,49.176060,6.362394,-0.010311,0.972609,0.136693,0.187727,-5.891217,3.689384,2.323196,-0.021066,0.924982,-0.109871,0.363169,13.488209,84.147766,27.000528,0.059921,0.905389,-0.079016,0.412839,12.057671,49.990383,34.657612,-0.059090,0.847448,0.071959,0.522649,4.074842,4.948291,38.958340,-0.010311,0.972609,0.136693,0.187727,-0.691349,1.742118,-10.973786,-0.059090,0.847448,0.071959,0.522649,16.679451,1.747451,32.752003
969,8.075000,-0.045606,0.919249,0.063280,0.385871,7.125612,83.298729,20.220041,-0.067220,0.907640,0.085674,0.405377,6.166598,90.438652,20.806540,-0.032843,0.908551,0.053339,0.413051,3.147587,105.831161,22.399330,0.055452,0.916750,0.055942,0.391619,1.296263,123.536430,23.644768,0.078562,0.929993,-0.008473,0.358983,3.363462,137.133606,24.428387,-0.081324,0.853904,0.124966,0.498616,-0.966123,118.030510,20.887938,0.556363,-0.445852,0.316862,-0.625519,-9.107200,117.793289,6.388638,0.652710,-0.083884,0.138256,-0.740148,0.843098,95.681259,1.304875,0.591006,0.124897,0.471016,-0.642850,18.418095,89.855576,2.349028,-0.098276,0.870204,0.075238,0.476893,3.653627,118.140388,26.193243,0.497435,0.851575,0.142820,0.083555,12.398281,119.791428,40.242023,0.447015,0.677771,0.402528,-0.422819,24.566551,98.210693,40.247452,0.597290,0.604501,0.278563,-0.447466,28.901440,93.470268,23.589237,0.067352,0.911655,0.090803,0.395099,0.972684,82.990128,13.915966,0.061033,0.989680,0.035992,0.124554,-0.815860,48.851387,6.251007,-0.011460,0.970859,0.146394,0.189394,-5.954411,3.366965,2.279272,-0.029127,0.922915,-0.116528,0.365788,13.278540,83.607330,26.524115,0.062450,0.908931,-0.077808,0.404833,12.175443,49.583893,34.806183,-0.065543,0.846674,0.080216,0.521932,4.064888,4.552832,38.981705,-0.011460,0.970859,0.146394,0.189394,-0.691295,1.700373,-11.030958,-0.065543,0.846674,0.080216,0.521932,16.727028,1.646929,32.747433
970,8.083333,-0.046138,0.921560,0.057828,0.381123,6.939912,83.172432,20.380896,-0.063945,0.908669,0.082013,0.404358,6.006673,90.321198,20.897076,-0.032797,0.908476,0.053737,0.413169,3.114658,105.822098,22.439184,0.055409,0.916742,0.056309,0.391591,1.258837,123.525963,23.697910,0.079050,0.930005,-0.008159,0.358854,3.321036,137.123383,24.490282,-0.082184,0.852832,0.126029,0.500040,-1.001572,118.021652,20.936255,0.557595,-0.443659,0.313590,-0.627628,-9.090694,117.786530,6.407875,0.651024,-0.088964,0.146582,-0.739437,1.058500,95.776543,1.274695,0.590372,0.120722,0.474619,-0.641579,18.528492,89.603256,2.375110,-0.098846,0.870445,0.076277,0.476168,3.616856,118.128494,26.242775,0.495376,0.852837,0.143816,0.081171,12.380733,119.782173,40.279259,0.451781,0.679928,0.399110,-0.417496,24.669754,98.270210,40.179295,0.600946,0.604841,0.278325,-0.442229,29.012424,93.250992,23.600452,0.065065,0.912016,0.097566,0.393033,0.723649,82.811401,14.142078,0.062076,0.989328,0.034580,0.127206,-0.747335,48.740692,6.115422,-0.011722,0.970128,0.149734,0.190510,-5.986486,3.258923,2.246088,-0.030736,0.922948,-0.114770,0.366128,13.156176,83.533455,26.619711,0.062995,0.909663,-0.077704,0.403121,12.199578,49.488266,34.830338,-0.066576,0.846482,0.082362,0.521778,4.055424,4.462001,38.992081,-0.011722,0.970128,0.149734,0.190510,-0.688463,1.688263,-11.061957,-0.066576,0.846482,0.082362,0.521778,16.728056,1.623281,32.748188
971,8.091667,-0.043060,0.915279,0.068349,0.394636,7.269159,83.402634,20.257835,-0.073853,0.905740,0.088196,0.407924,6.309514,90.536179,20.916513,-0.032615,0.908414,0.053745,0.413318,3.079582,105.819916,22.478802,0.055468,0.916679,0.056634,0.391682,1.229321,123.524178,23.740183,0.079343,0.929953,-0.007453,0.358939,3.289547,137.121353,24.541742,-0.083969,0.851549,0.127622,0.501524,-1.032099,118.021118,20.976845,0.558481,-0.441268,0.310857,-0.629881,-9.061911,117.771736,6.415832,0.648655,-0.093662,0.154631,-0.739300,1.276692,95.858727,1.245884,0.587921,0.117862,0.481208,-0.639450,18.613005,89.364441,2.397978,-0.099184,0.870573,0.077635,0.475646,3.584760,118.125450,26.284781,0.493360,0.854028,0.144926,0.078927,12.362966,119.769180,40.313480,0.455210,0.682648,0.396226,-0.412045,24.768564,98.324951,40.110577,-0.606027,-0.603337,-0.277012,0.438156,29.163002,93.056488,23.617182,0.070106,0.912143,0.086878,0.394375,1.232859,83.183342,13.838324,0.061077,0.989405,0.036845,0.126454,-0.847075,49.022263,6.348420,-0.010543,0.971551,0.140981,0.190003,-5.971917,3.544050,2.288834,-0.027563,0.923501,-0.114750,0.364992,13.305458,83.621925,26.677345,0.062233,0.908922,-0.077719,0.404904,12.154346,49.563461,34.807552,-0.065678,0.846668,0.080710,0.521848,4.064758,4.528651,38.983280,-0.010543,0.971551,0.140981,0.190003,-0.705498,1.718592,-10.999235,-0.065678,0.846668,0.080710,0.521848,16.727970,1.636634,32.744728
972,8.100000,-0.041442,0.914983,0.068289,0.395506,7.256222,83.383743,20.291292,-0.074925,0.905402,0.088605,0.408390,6.317652,90.519379,20.957603,-0.032380,0.908283,0.054085,0.413579,3.048357,105.810631,22.517248,0.055256,0.916600,0.057142,0.391824,1.200364,123.514130,23.792570,0.079684,0.929896,-0.007177,0.359015,3.249919,137.112259,24.605257,-0.085033,0.850239,0.129039,0.503202,-1.060494,118.013786,21.023386,0.558588,-0.438650,0.308620,-0.632709,-9.028246,117.768799,6.428254,0.645448,-0.097908,0.162661,-0.739833,1.493158,95.952499,1.218273,0.585008,0.113627,0.486067,-0.639213,18.713549,89.140747,2.426468,-0.099474,0.870791,0.078705,0.475010,3.553545,118.112877,26.333868,0.490736,0.855243,0.147530,0.077285,12.349945,119.750450,40.351879,0.459426,0.684997,0.393165,-0.406360,24.896212,98.389542,40.039661,-0.612353,-0.600963,-0.273705,0.434687,29.322052,92.851051,23.630341,0.070093,0.912335,0.087145,0.393876,1.229620,83.191422,13.861815,0.061049,0.989449,0.036983,0.126080,-0.846109,49.033455,6.356540,-0.010938,0.971621,0.140467,0.190007,-5.968317,3.555864,2.286656,-0.027667,0.923518,-0.114310,0.365079,13.282824,83.576073,26.720768,0.062331,0.909236,-0.077535,0.404219,12.149044,49.510960,34.825508,-0.066375,0.846549,0.081928,0.521763,4.061210,4.474646,38.988407,-0.010938,0.971621,0.140467,0.190007,-0.699471,1.717882,-10.998717,-0.066375,0.846549,0.081928,0.521763,16.731127,1.622444,32.745148
973,8.108333,-0.040042,0.914484,0.068896,0.396697,7.248193,83.382988,20.322269,-0.075982,0.904964,0.088904,0.409099,6.323771,90.519073,21.003422,-0.032119,0.908066,0.054511,0.414020,3.020220,105.800720,22.554798,0.055147,0.916492,0.057585,0.392028,1.173772,123.503174,23.846863,0.079752,0.929886,-0.006786,0.359035,3.215952,137.101776,24.670368,-0.085830,0.848972,0.130440,0.504841,-1.085368,118.006065,21.069855,0.559153,-0.436123,0.306243,-0.635106,-8.993649,117.772720,6.442217,0.642398,-0.102001,0.170399,-0.740192,1.709686,96.052261,1.202446,0.582072,0.108792,0.489993,-0.639737,18.823608,88.931099,2.464423,-0.099953,0.871002,0.079799,0.474339,3.523769,118.098900,26.384712,0.488423,0.856497,0.149053,0.075098,12.338170,119.735573,40.391521,0.463928,0.686858,0.390280,-0.400847,25.013165,98.452644,39.971359,-0.616756,-0.599946,-0.273529,0.429953,29.453314,92.649239,23.641027,0.070255,0.912323,0.087176,0.393866,1.236226,83.219269,13.878314,0.060907,0.989483,0.037081,0.125850,-0.848989,49.063278,6.366707,-0.010805,0.971795,0.139564,0.189788,-5.958170,3.584766,2.290744,-0.027762,0.923597,-0.113840,0.365018,13.260160,83.546707,26.766222,0.062470,0.909519,-0.077357,0.403594,12.145165,49.474442,34.843468,-0.066923,0.846467,0.082767,0.521695,4.055221,4.437175,38.991920,-0.010805,0.971795,0.139564,0.189788,-0.697115,1.720576,-10.994068,-0.066923,0.846467,0.082767,0.521695,16.730001,1.613420,32.745605
974,8.116667,-0.041204,0.914466,0.071298,0.396195,7.270870,83.429825,20.276781,-0.076428,0.904636,0.090987,0.409284,6.317846,90.559677,20.983299,-0.031724,0.907842,0.054883,0.414494,2.983156,105.790588,22.582928,0.055014,0.916339,0.057697,0.392387,1.143348,123.492477,23.891909,0.079907,0.929718,-0.005721,0.359453,3.181135,137.091568,24.718138,-0.086823,0.847592,0.132232,0.506521,-1.115526,117.999329,21.106878,0.558968,-0.433068,0.304542,-0.638169,-8.961577,117.779411,6.445563,0.638007,-0.105795,0.178383,-0.741576,1.924801,96.154854,1.186272,0.577088,0.104721,0.495645,-0.640577,18.919569,88.725700,2.500978,-0.100375,0.871301,0.080789,0.473531,3.488446,118.084480,26.426332,0.487128,0.857371,0.149551,0.072490,12.325495,119.720909,40.418892,0.466176,0.690577,0.386929,-0.395055,25.082144,98.489296,39.888721,-0.622828,-0.596962,-0.270384,0.427334,29.615820,92.435837,23.660448,0.070344,0.911970,0.085945,0.394937,1.253546,83.263557,13.837894,0.060782,0.989502,0.037452,0.125657,-0.863164,49.093517,6.399345,-0.010811,0.971926,0.138588,0.189831,-5.957394,3.616139,2.292163,-0.027187,0.923533,-0.114707,0.364952,13.288196,83.596092,26.715666,0.061973,0.908974,-0.077305,0.404906,12.114213,49.535500,34.833672,-0.066108,0.846571,0.081496,0.521830,4.061423,4.491836,38.984894,-0.010811,0.971926,0.138588,0.189831,-0.696294,1.724267,-10.988718,-0.066108,0.846571,0.081496,0.521830,16.729372,1.625228,32.744236
975,8.125000,-0.043503,0.920476,0.060219,0.383673,6.871450,83.172974,20.456610,-0.066483,0.907246,0.085238,0.406473,5.958603,90.321068,21.016621,-0.031516,0.907574,0.055665,0.414991,2.952810,105.777298,22.608999,0.054893,0.916241,0.057863,0.392609,1.107475,123.476578,23.945303,0.080143,0.929672,-0.005115,0.359528,3.140548,137.076141,24.775249,-0.087063,0.846228,0.133846,0.508334,-1.147179,117.987511,21.148817,0.558996,-0.429953,0.302697,-0.641123,-8.930667,117.800056,6.453741,0.633563,-0.109570,0.186050,-0.742952,2.144446,96.275246,1.179356,0.571997,0.101181,0.501108,-0.641461,19.031303,88.541679,2.537642,-0.100757,0.871734,0.081710,0.472494,3.451172,118.064941,26.473253,0.485260,0.858526,0.150193,0.069980,12.318299,119.702232,40.446674,0.469414,0.693289,0.383992,-0.389295,25.182686,98.538574,39.812294,-0.629777,-0.593298,-0.268090,0.423681,29.773766,92.233047,23.678690,0.064881,0.911779,0.097646,0.393593,0.685406,82.874367,14.184542,0.061659,0.989443,0.035237,0.126329,-0.766731,48.803078,6.156927,-0.011394,0.970480,0.147716,0.190311,-5.963836,3.320786,2.237382,-0.031094,0.923042,-0.113637,0.366214,13.057494,83.471581,26.728678,0.062855,0.910036,-0.077063,0.402425,12.152598,49.409817,34.876175,-0.067909,0.846253,0.084170,0.521689,4.046646,4.372817,38.996208,-0.011394,0.970480,0.147716,0.190311,-0.675586,1.691043,-11.067450,-0.067909,0.846253,0.084170,0.521689,16.731462,1.597796,32.748417
976,8.133333,-0.042075,0.919493,0.058073,0.386509,6.867205,83.131966,20.531549,-0.068099,0.906629,0.085443,0.407537,5.983479,90.285507,21.068367,-0.031135,0.907368,0.055912,0.415436,2.921210,105.763367,22.644890,0.054519,0.916124,0.058418,0.392852,1.083884,123.462509,23.993938,0.080352,0.929609,-0.004635,0.359652,3.101719,137.063675,24.834833,-0.087950,0.844614,0.135697,0.510371,-1.171061,117.976906,21.190903,0.558110,-0.426604,0.301833,-0.644530,-8.880358,117.809692,6.456522,0.628205,-0.113063,0.193210,-0.745147,2.362771,96.372841,1.179342,0.565491,0.099466,0.509192,-0.641131,19.125055,88.362816,2.562607,-0.101364,0.872019,0.082826,0.471644,3.422431,118.047585,26.519627,0.483918,0.859373,0.150835,0.067450,12.312185,119.688225,40.478271,0.471909,0.696177,0.382139,-0.382897,25.258224,98.578026,39.733681,-0.638618,-0.587642,-0.265996,0.419631,29.947203,92.041245,23.699417,0.065835,0.912023,0.098327,0.392698,0.717508,82.845642,14.223271,0.061592,0.989048,0.034503,0.129618,-0.784072,48.792435,6.128291,-0.011483,0.970453,0.148102,0.190143,-5.970877,3.304666,2.258859,-0.031201,0.923102,-0.112311,0.366462,13.016902,83.418297,26.839828,0.063101,0.910544,-0.076787,0.401287,12.151119,49.335999,34.905296,-0.069003,0.846049,0.085924,0.521591,4.039886,4.297945,39.003365,-0.011483,0.970453,0.148102,0.190143,-0.686001,1.686440,-11.048719,-0.069003,0.846049,0.085924,0.521591,16.734886,1.581738,32.750416
977,8.141667,-0.049129,0.922068,0.063846,0.378552,7.083003,83.276382,20.240973,-0.068820,0.906570,0.095219,0.405373,6.078778,90.410439,20.823139,-0.030675,0.907121,0.056283,0.415960,2.890544,105.759682,22.667637,0.054312,0.915979,0.058977,0.393135,1.061847,123.458351,24.034456,0.080360,0.929560,-0.003943,0.359785,3.068621,137.060333,24.888315,-0.088891,0.843102,0.137540,0.512212,-1.193190,117.977165,21.222860,0.558151,-0.423676,0.300498,-0.647045,-8.834352,117.827690,6.452836,0.625569,-0.116000,0.201202,-0.744799,2.571980,96.476151,1.180046,0.563921,0.092121,0.509158,-0.643634,19.241625,88.164612,2.654965,-0.102025,0.872245,0.084085,0.470860,3.394572,118.039276,26.556625,0.482614,0.860193,0.151374,0.065095,12.304432,119.682289,40.502171,0.475079,0.699008,0.379879,-0.376006,25.328419,98.623894,39.656796,-0.647142,-0.581387,-0.264517,0.416206,30.102652,91.827095,23.733694,0.066737,0.911419,0.093939,0.395016,0.837324,82.903862,14.032277,0.061131,0.989086,0.035270,0.129338,-0.824560,48.799931,6.185994,-0.011346,0.970490,0.147882,0.190135,-5.961492,3.311890,2.253784,-0.026839,0.922615,-0.119239,0.365847,13.328682,83.648895,26.449669,0.061090,0.908108,-0.077134,0.407012,12.007101,49.661274,34.846054,-0.064389,0.846690,0.078961,0.522241,4.024406,4.605183,38.997887,-0.011346,0.970490,0.147882,0.190135,-0.678043,1.686700,-11.053517,-0.064389,0.846690,0.078961,0.522241,16.679863,1.651819,32.772343
978,8.150000,-0.045994,0.920698,0.061002,0.382725,7.010246,83.206871,20.363405,-0.069147,0.906019,0.093175,0.407022,6.060601,90.350372,20.920845,-0.030697,0.906808,0.056970,0.416547,2.874648,105.762886,22.703493,0.054294,0.915861,0.058973,0.393412,1.034201,123.458733,24.090942,0.080087,0.929562,-0.003291,0.359848,3.040657,137.060730,24.945496,-0.089818,0.841401,0.139243,0.514381,-1.214126,117.979942,21.269335,0.556639,-0.420345,0.300455,-0.650530,-8.775698,117.848602,6.458239,0.621289,-0.119049,0.208437,-0.745910,2.771202,96.570152,1.195950,0.559922,0.089875,0.515543,-0.642359,19.326996,87.984070,2.719067,-0.102316,0.872525,0.085282,0.470062,3.366743,118.037704,26.609070,0.481397,0.860791,0.152734,0.062996,12.299604,119.673630,40.540718,0.478506,0.701128,0.378501,-0.369036,25.395018,98.664337,39.584438,-0.653525,-0.576669,-0.265868,0.411912,30.245300,91.621574,23.762466,0.066813,0.911671,0.095552,0.394034,0.815317,82.871933,14.101953,0.061265,0.989022,0.034829,0.129882,-0.814553,48.790131,6.153470,-0.011720,0.970470,0.147982,0.190136,-5.966812,3.300756,2.256925,-0.028388,0.922696,-0.116464,0.366419,13.205175,83.541801,26.624859,0.061617,0.909107,-0.076523,0.404812,12.050336,49.514347,34.883362,-0.066537,0.846448,0.082254,0.521856,4.056350,4.455564,38.983936,-0.011720,0.970470,0.147982,0.190136,-0.680548,1.680372,-11.049838,-0.066537,0.846448,0.082254,0.521856,16.729549,1.613677,32.742630
979,8.158333,-0.039998,0.918445,0.052633,0.389986,6.806661,83.015236,20.705807,-0.069875,0.905642,0.085722,0.409367,5.978894,90.179947,21.179115,-0.030329,0.906754,0.057088,0.416674,2.840708,105.740128,22.743189,0.053424,0.915843,0.059389,0.393511,1.010192,123.436295,24.139668,0.080552,0.929429,-0.002730,0.360092,2.990425,137.042023,24.995857,-0.090136,0.839453,0.141346,0.516929,-1.240666,117.960312,21.314627,0.555440,-0.417294,0.300429,-0.653525,-8.712952,117.873856,6.457954,0.617037,-0.122256,0.215104,-0.747027,2.961376,96.660637,1.213517,0.556044,0.087245,0.520641,-0.641979,19.422153,87.803047,2.766544,-0.103029,0.872871,0.086103,0.469113,3.339024,118.012573,26.655430,0.479645,0.861385,0.155326,0.061900,12.296651,119.660248,40.569786,0.482564,0.702932,0.377491,-0.361274,25.482309,98.711929,39.520241,-0.661943,-0.569005,-0.266275,0.408855,30.407825,91.399536,23.795912,0.066655,0.912523,0.101579,0.390565,0.701556,82.729477,14.354336,0.061762,0.988812,0.033196,0.131658,-0.780442,48.729439,6.035355,-0.011965,0.970146,0.149834,0.190326,-5.990723,3.235474,2.271844,-0.031589,0.923262,-0.109802,0.366787,12.911767,83.301003,27.057278,0.063486,0.911362,-0.076086,0.399500,12.133361,49.181374,34.972382,-0.071104,0.845619,0.089528,0.521399,4.023475,4.137954,39.013695,-0.011965,0.970146,0.149834,0.190326,-0.695710,1.669002,-11.037900,-0.071104,0.845619,0.089528,0.521399,16.738077,1.540621,32.750065
980,8.166667,-0.040051,0.918652,0.055693,0.389067,6.811074,83.058884,20.627987,-0.069136,0.905473,0.088013,0.409382,5.965974,90.218735,21.142319,-0.030414,0.906524,0.057729,0.417082,2.824137,105.746819,22.779337,0.053840,0.915792,0.059640,0.393534,0.980762,123.440170,24.194380,0.080214,0.929610,-0.002351,0.359703,2.968714,137.044083,25.061447,-0.091188,0.837641,0.143003,0.519223,-1.263958,117.965950,21.361055,0.555143,-0.414479,0.300361,-0.655596,-8.650822,117.895042,6.461648,0.613054,-0.125522,0.220951,-0.748058,3.141571,96.736771,1.259552,0.551383,0.087940,0.528539,-0.639445,19.483448,87.645981,2.819203,-0.103136,0.873211,0.087372,0.468222,3.310880,118.015114,26.706043,0.478603,0.861741,0.157216,0.060209,12.295541,119.649849,40.604481,0.487118,0.703935,0.377236,-0.353391,25.540903,98.744926,39.447041,-0.669579,-0.562366,-0.269409,0.403519,30.518124,91.177132,23.827761,0.066235,0.911906,0.099901,0.392505,0.693422,82.792244,14.287769,0.061525,0.988960,0.033923,0.130471,-0.791262,48.764614,6.082879,-0.011864,0.970317,0.148836,0.190242,-5.975791,3.272447,2.262443,-0.031535,0.923005,-0.111375,0.366964,12.928727,83.325516,26.968204,0.063194,0.911156,-0.075832,0.400064,12.104483,49.230034,34.982121,-0.070375,0.845666,0.088684,0.521567,4.025624,4.179668,39.008141,-0.011864,0.970317,0.148836,0.190242,-0.684793,1.677066,-11.045460,-0.070375,0.845666,0.088684,0.521567,16.736013,1.550928,32.749073
981,8.175000,-0.039118,0.918468,0.056030,0.389546,6.787374,83.052139,20.645370,-0.069299,0.905278,0.088509,0.409677,5.952492,90.212517,21.169006,-0.030197,0.906423,0.057844,0.417301,2.798339,105.740784,22.817404,0.053402,0.915752,0.060074,0.393622,0.959912,123.434135,24.238953,0.080353,0.929584,-0.001853,0.359740,2.932271,137.039902,25.112646,-0.091607,0.835998,0.144596,0.521352,-1.285258,117.961800,21.402348,0.554466,-0.410762,0.300055,-0.658642,-8.595907,117.921951,6.465283,0.609829,-0.129299,0.227726,-0.748019,3.357584,96.844360,1.303447,0.550229,0.085143,0.531692,-0.638202,19.575783,87.477158,2.888156,-0.103515,0.873439,0.088711,0.467461,3.287185,118.007294,26.749414,0.477900,0.861966,0.158732,0.058565,12.292933,119.635216,40.634998,0.490936,0.705246,0.376731,-0.345953,25.581255,98.763367,39.377560,-0.675679,-0.556625,-0.272715,0.399066,30.619925,90.954521,23.861933,0.066143,0.911688,0.100066,0.392984,0.674999,82.803535,14.299336,0.061437,0.988940,0.033949,0.130653,-0.794888,48.777355,6.085754,-0.011751,0.970402,0.148470,0.190100,-5.970372,3.284356,2.262991,-0.031807,0.922870,-0.111179,0.367340,12.899751,83.300743,26.991405,0.063224,0.911308,-0.075628,0.399750,12.094888,49.203411,34.999413,-0.070886,0.845594,0.089322,0.521505,4.022316,4.150563,39.010204,-0.011751,0.970402,0.148470,0.190100,-0.684314,1.678033,-11.045559,-0.070886,0.845594,0.089322,0.521505,16.736580,1.544974,32.749332
982,8.183333,-0.038151,0.918259,0.056121,0.390123,6.753519,83.049858,20.666553,-0.068823,0.905151,0.088898,0.409954,5.930605,90.211166,21.196360,-0.030232,0.906323,0.057957,0.417500,2.785666,105.733940,22.860640,0.053717,0.915716,0.060498,0.393597,0.944129,123.426750,24.284885,0.079733,0.929752,-0.001268,0.359447,2.919802,137.031128,25.172588,-0.091831,0.834464,0.145979,0.523381,-1.299020,117.954659,21.446205,0.554545,-0.408087,0.300430,-0.660065,-8.537780,117.947128,6.474121,0.608287,-0.133114,0.232708,-0.747071,3.513043,96.907982,1.382302,0.550719,0.083084,0.535160,-0.635145,19.643684,87.307602,2.968776,-0.103694,0.873531,0.089722,0.467055,3.271054,117.999733,26.795298,0.477005,0.862217,0.160629,0.056973,12.288165,119.618675,40.674549,0.494905,0.706026,0.376746,-0.338612,25.627974,98.786301,39.312027,-0.682001,-0.550817,-0.276364,0.393825,30.715448,90.748909,23.893847,0.065561,0.911675,0.100445,0.393016,0.647758,82.818245,14.313513,0.061607,0.989054,0.034127,0.129663,-0.774237,48.792027,6.091689,-0.011832,0.970453,0.147974,0.190222,-5.966820,3.302064,2.256034,-0.032259,0.922839,-0.110792,0.367494,12.859281,83.281471,27.019592,0.063352,0.911548,-0.075474,0.399212,12.092310,49.180141,35.014297,-0.071280,0.845491,0.089907,0.521518,4.016994,4.126641,39.012222,-0.011832,0.970453,0.147974,0.190222,-0.677498,1.682002,-11.049552,-0.071280,0.845491,0.089907,0.521518,16.735329,1.541172,32.751282
983,8.191667,-0.037634,0.918180,0.056480,0.390306,6.739935,83.045113,20.675533,-0.068838,0.905016,0.089562,0.410106,5.921751,90.206406,21.212860,-0.030055,0.906248,0.058108,0.417654,2.766890,105.728828,22.895729,0.053459,0.915668,0.060786,0.393699,0.928589,123.421394,24.327196,0.079416,0.929725,-0.000547,0.359588,2.894727,137.026840,25.219822,-0.092323,0.833015,0.147111,0.525281,-1.314816,117.951027,21.485407,0.554459,-0.405504,0.300700,-0.661605,-8.484295,117.963287,6.480026,0.607007,-0.136832,0.238631,-0.745570,3.662617,96.965073,1.447890,0.551359,0.082677,0.540899,-0.629759,19.665340,87.123589,3.063182,-0.104018,0.873607,0.090685,0.466656,3.253606,117.992783,26.835941,0.476507,0.862246,0.162449,0.055532,12.280891,119.607635,40.709061,0.498273,0.707266,0.376543,-0.331230,25.652250,98.802330,39.246040,-0.688156,-0.544977,-0.279193,0.389220,30.807838,90.536865,23.929293,0.065594,0.911438,0.100459,0.393557,0.635994,82.824577,14.320348,0.061486,0.989072,0.034228,0.129559,-0.782778,48.798855,6.095898,-0.011541,0.970464,0.147936,0.190214,-5.963565,3.308156,2.252975,-0.032404,0.922706,-0.110730,0.367834,12.843877,83.265648,27.030718,0.063331,0.911591,-0.075342,0.399141,12.085001,49.164013,35.024876,-0.071614,0.845450,0.090366,0.521460,4.016573,4.108426,39.013214,-0.011541,0.970464,0.147936,0.190214,-0.676564,1.685484,-11.053218,-0.071614,0.845450,0.090366,0.521460,16.737267,1.539129,32.750404
984,8.200000,-0.037049,0.917962,0.057255,0.390763,6.729992,83.050682,20.674961,-0.068703,0.904798,0.090454,0.410412,5.914944,90.211327,21.225441,-0.030109,0.906102,0.058193,0.417955,2.752981,105.723991,22.933929,0.053182,0.915581,0.061495,0.393829,0.911200,123.416092,24.366709,0.079403,0.929744,-0.000148,0.359543,2.862803,137.022583,25.274801,-0.093051,0.831455,0.148470,0.527238,-1.329520,117.945801,21.522629,0.554795,-0.403054,0.301189,-0.662597,-8.426002,117.976089,6.482605,0.606660,-0.140330,0.243050,-0.743773,3.804485,97.007645,1.529386,0.553908,0.079832,0.541908,-0.627016,19.723341,86.959335,3.157212,-0.104028,0.873588,0.091724,0.466486,3.235308,117.987442,26.876236,0.475909,0.862337,0.164183,0.054118,12.267791,119.586922,40.747757,0.501866,0.707865,0.376612,-0.324378,25.675070,98.811737,39.188526,-0.693902,-0.539910,-0.282399,0.383730,30.872738,90.334923,23.962740,0.065556,0.911290,0.100171,0.393978,0.631577,82.845543,14.313954,0.061406,0.989084,0.034399,0.129459,-0.789082,48.815434,6.108025,-0.011842,0.970569,0.147289,0.190162,-5.960912,3.324905,2.251020,-0.032496,0.922735,-0.110813,0.367729,12.828406,83.255814,27.035967,0.063339,0.911792,-0.075173,0.398713,12.074175,49.155884,35.037838,-0.071826,0.845441,0.090564,0.521411,4.013041,4.098061,39.015621,-0.011842,0.970569,0.147289,0.190162,-0.673840,1.685447,-11.053088,-0.071826,0.845441,0.090564,0.521411,16.734810,1.536750,32.751717
985,8.208333,-0.036862,0.918000,0.057608,0.390639,6.715725,83.051414,20.679445,-0.068262,0.904692,0.091098,0.410577,5.901243,90.211670,21.235767,-0.030082,0.905952,0.058355,0.418259,2.743985,105.719391,22.967552,0.052984,0.915521,0.062301,0.393869,0.900190,123.410866,24.405346,0.079128,0.929862,0.000252,0.359300,2.838189,137.018066,25.331890,-0.093640,0.829927,0.149686,0.529195,-1.338317,117.941452,21.557859,0.554854,-0.400906,0.302156,-0.663411,-8.362367,117.991295,6.483936,0.606158,-0.143365,0.247145,-0.742252,3.924804,97.036819,1.612550,0.555717,0.077311,0.543709,-0.624165,19.762209,86.803322,3.255291,-0.104355,0.873509,0.092680,0.466371,3.222964,117.981483,26.914492,0.475456,0.862317,0.166022,0.052801,12.256749,119.575706,40.785759,0.505514,0.708244,0.376645,-0.317782,25.692345,98.826256,39.130524,-0.698658,-0.535821,-0.285908,0.378191,30.919664,90.143280,23.992916,0.065453,0.911211,0.100265,0.394154,0.615356,82.851585,14.320151,0.061405,0.989092,0.034441,0.129383,-0.794527,48.821831,6.110851,-0.011874,0.970566,0.147123,0.190305,-5.966087,3.331554,2.250523,-0.032579,0.922694,-0.110794,0.367830,12.816095,83.251244,27.038742,0.063302,0.911747,-0.075110,0.398836,12.066857,49.151405,35.041473,-0.071776,0.845365,0.090822,0.521495,4.010533,4.092282,39.014275,-0.011874,0.970566,0.147123,0.190305,-0.675198,1.687474,-11.051490,-0.071776,0.845365,0.090822,0.521495,16.733856,1.536489,32.751282
986,8.216667,-0.037231,0.918095,0.058372,0.390268,6.712622,83.063110,20.671801,-0.067766,0.904537,0.092243,0.410745,5.889193,90.221695,21.236458,-0.030160,0.905738,0.058339,0.418719,2.733002,105.715492,23.005819,0.052776,0.915426,0.062685,0.394057,0.886211,123.406876,24.441006,0.078793,0.929913,0.000926,0.359239,2.814916,137.014847,25.375717,-0.093922,0.828496,0.150812,0.531065,-1.348912,117.937134,21.591452,0.555119,-0.398939,0.303196,-0.663900,-8.305286,118.012878,6.486277,0.605317,-0.146369,0.251455,-0.740904,4.028632,97.065697,1.702485,0.556328,0.077018,0.547955,-0.619930,19.773418,86.645348,3.361457,-0.104628,0.873461,0.093773,0.466182,3.206886,117.977783,26.952749,0.475250,0.862164,0.167784,0.051568,12.244640,119.563416,40.822430,0.508212,0.709166,0.376655,-0.311345,25.696314,98.831985,39.074360,-0.704129,-0.530883,-0.287919,0.373454,30.981224,89.957794,24.027550,0.065422,0.911176,0.100127,0.394275,0.607623,82.862129,14.316980,0.061261,0.989140,0.034553,0.129054,-0.803115,48.830162,6.117006,-0.011939,0.970621,0.146883,0.190206,-5.961596,3.338990,2.249828,-0.032479,0.922704,-0.111063,0.367732,12.817619,83.264091,27.026617,0.063180,0.911645,-0.075057,0.399098,12.055777,49.167973,35.044025,-0.071504,0.845437,0.090605,0.521454,4.010445,4.106694,39.014713,-0.011939,0.970621,0.146883,0.190206,-0.673106,1.688451,-11.052344,-0.071504,0.845437,0.090605,0.521454,16.730988,1.541507,32.749908
987,8.225000,-0.036919,0.918034,0.058249,0.390459,6.692717,83.062378,20.689350,-0.067354,0.904356,0.092615,0.411128,5.873984,90.221504,21.253979,-0.030050,0.905514,0.058442,0.419196,2.725230,105.709038,23.037424,0.052398,0.915302,0.063243,0.394307,0.879684,123.400223,24.476591,0.078392,0.929918,0.001572,0.359311,2.792968,137.009613,25.422270,-0.094441,0.827255,0.151693,0.532653,-1.353339,117.931793,21.622911,0.554778,-0.396552,0.304362,-0.665080,-8.250260,118.020699,6.490570,0.603962,-0.148560,0.255645,-0.740139,4.142656,97.089722,1.789004,0.556873,0.073389,0.547904,-0.619925,19.803223,86.502388,3.475999,-0.105241,0.873297,0.094798,0.466145,3.196929,117.969955,26.988924,0.475161,0.861899,0.169690,0.050570,12.231561,119.557060,40.860466,0.510598,0.710226,0.376413,-0.305258,25.692480,98.839203,39.024956,-0.708963,-0.526318,-0.289327,0.369664,31.035307,89.780785,24.068708,0.065268,0.911288,0.100460,0.393956,0.589945,82.865829,14.332253,0.061201,0.989150,0.034532,0.129015,-0.804478,48.837124,6.115972,-0.011648,0.970649,0.146913,0.190059,-5.957952,3.345135,2.251670,-0.032758,0.922662,-0.110738,0.367911,12.795490,83.258934,27.046448,0.063275,0.911898,-0.074945,0.398524,12.058539,49.159039,35.050087,-0.071098,0.845351,0.091439,0.521503,4.011826,4.097324,39.012985,-0.011648,0.970649,0.146913,0.190059,-0.675397,1.693993,-11.052788,-0.071098,0.845351,0.091439,0.521503,16.732725,1.546133,32.743187
988,8.233333,-0.036639,0.917957,0.058371,0.390647,6.678854,83.059296,20.703033,-0.066883,0.904162,0.092948,0.411557,5.863036,90.218506,21.270697,-0.030080,0.905255,0.058587,0.419733,2.722986,105.704239,23.068165,0.052111,0.915142,0.064012,0.394591,0.873471,123.394753,24.510458,0.077951,0.929945,0.002051,0.359336,2.771334,137.005066,25.473558,-0.094518,0.826345,0.152229,0.533897,-1.355468,117.926895,21.652493,0.558990,-0.396026,0.302298,-0.662804,-8.207769,118.032333,6.500006,0.605267,-0.151933,0.260705,-0.736615,4.267836,97.135262,1.866827,0.558077,0.069379,0.547764,-0.619428,19.810602,86.342041,3.610522,-0.105550,0.873159,0.095562,0.466175,3.188433,117.964027,27.023903,0.475272,0.861554,0.171428,0.049535,12.219938,119.547676,40.897869,0.512952,0.710978,0.376403,-0.299518,25.680771,98.837654,38.975437,-0.713500,-0.522437,-0.290915,0.365165,31.070333,89.611259,24.105892,0.065289,0.911359,0.100612,0.393751,0.578303,82.868355,14.343637,0.061130,0.989138,0.034569,0.129125,-0.815071,48.842003,6.117461,-0.011941,0.970652,0.146761,0.190138,-5.961253,3.349447,2.250051,-0.032910,0.922779,-0.110641,0.367633,12.779406,83.250229,27.062428,0.063420,0.912088,-0.074843,0.398085,12.057209,49.149532,35.063980,-0.072053,0.845345,0.091027,0.521454,4.003975,4.088107,39.016895,-0.011941,0.970652,0.146761,0.190138,-0.674668,1.695494,-11.052450,-0.072053,0.845345,0.091027,0.521454,16.728899,1.541468,32.753429
989,8.241667,-0.036436,0.918014,0.057896,0.390603,6.667510,83.041939,20.727804,-0.066715,0.904002,0.093004,0.411921,5.857077,90.202171,21.290384,-0.029861,0.905021,0.058869,0.420214,2.717549,105.702339,23.092062,0.051669,0.915069,0.064586,0.394725,0.870103,123.392143,24.545727,0.077581,0.930036,0.002533,0.359178,2.750713,137.004120,25.519108,-0.094882,0.825549,0.152524,0.534979,-1.356998,117.926872,21.681376,0.550606,-0.390412,0.310168,-0.669483,-8.168559,118.035553,6.510551,0.599672,-0.152160,0.262907,-0.740352,4.286986,97.095070,2.021670,0.558182,0.067072,0.548290,-0.619123,19.818497,86.205315,3.736067,-0.105749,0.872989,0.096193,0.466320,3.181395,117.959061,27.057468,0.475288,0.861212,0.173350,0.048633,12.207028,119.537613,40.935837,0.515379,0.711620,0.376138,-0.294111,25.671471,98.837975,38.928707,-0.717253,-0.519434,-0.292321,0.360949,31.095535,89.444443,24.141788,0.065388,0.911488,0.101204,0.393282,0.566094,82.850945,14.369241,0.061094,0.989081,0.034352,0.129639,-0.821151,48.833862,6.103786,-0.011813,0.970598,0.147157,0.190119,-5.964641,3.339532,2.253789,-0.033025,0.922816,-0.110314,0.367629,12.768926,83.232941,27.086369,0.063550,0.912171,-0.074817,0.397879,12.062717,49.127708,35.070011,-0.072182,0.845268,0.091661,0.521450,4.000462,4.067439,39.017719,-0.011813,0.970598,0.147157,0.190119,-0.679057,1.696182,-11.050426,-0.072182,0.845268,0.091661,0.521450,16.727680,1.538106,32.751892
990,8.250000,-0.036188,0.917875,0.058575,0.390851,6.665431,83.048889,20.726431,-0.066513,0.903766,0.093430,0.412376,5.854319,90.208237,21.299171,-0.029796,0.904764,0.059172,0.420729,2.715474,105.700241,23.113310,0.051426,0.914956,0.065239,0.394911,0.864765,123.388908,24.576654,0.077157,0.930122,0.002941,0.359042,2.732273,137.001648,25.564598,-0.095122,0.824914,0.152831,0.535828,-1.358617,117.925331,21.706177,0.551495,-0.388768,0.311213,-0.669223,-8.138413,118.039192,6.521174,0.597346,-0.154108,0.265581,-0.740875,4.348418,97.095779,2.134029,0.554791,0.068650,0.553451,-0.617403,19.795668,86.099983,3.827107,-0.105674,0.872844,0.096548,0.466535,3.173739,117.954376,27.087376,0.475456,0.860831,0.175006,0.047790,12.193232,119.524071,40.970737,0.517575,0.712314,0.375567,-0.289266,25.653788,98.829559,38.886242,-0.720635,-0.516882,-0.293008,0.357302,31.103006,89.284462,24.186352,0.065445,0.911484,0.100941,0.393351,0.567116,82.866928,14.364630,0.060976,0.989083,0.034458,0.129649,-0.830530,48.846634,6.114151,-0.011711,0.970664,0.146899,0.189988,-5.962037,3.351647,2.255889,-0.033038,0.922825,-0.110258,0.367621,12.763747,83.230858,27.088230,0.063238,0.912240,-0.074366,0.397856,12.059885,49.124832,35.068672,-0.071801,0.845230,0.092692,0.521381,4.040040,4.054746,38.990562,-0.011711,0.970664,0.146899,0.189988,-0.680900,1.700461,-11.049119,-0.071801,0.845230,0.092692,0.521381,16.766544,1.544546,32.715607
991,8.258333,-0.035931,0.917759,0.058458,0.391164,6.654902,83.043983,20.744812,-0.066298,0.903535,0.093504,0.412900,5.847659,90.203796,21.317192,-0.029663,0.904483,0.059415,0.421307,2.712611,105.697929,23.134706,0.051133,0.914854,0.065751,0.395101,0.861634,123.385849,24.606674,0.076704,0.930227,0.003345,0.358864,2.716310,136.999573,25.605124,-0.095548,0.824236,0.153235,0.536679,-1.358635,117.924263,21.730034,0.553927,-0.387880,0.310934,-0.667858,-8.105371,118.040146,6.530322,0.598062,-0.156574,0.269376,-0.738406,4.424247,97.104530,2.228715,0.556397,0.064244,0.551212,-0.618433,19.787260,85.950500,3.963125,-0.105814,0.872564,0.097242,0.466883,3.166983,117.949554,27.116924,0.475640,0.860320,0.177179,0.047151,12.174670,119.510422,41.008949,0.518787,0.713770,0.374626,-0.284688,25.629572,98.820564,38.843208,-0.724783,-0.513617,-0.291157,0.355126,31.138996,89.125717,24.222801,0.065469,0.911597,0.101141,0.393034,0.560574,82.865768,14.379084,0.060897,0.989088,0.034513,0.129633,-0.835886,48.848530,6.115812,-0.011772,0.970671,0.146879,0.189962,-5.959656,3.353018,2.253525,-0.033179,0.922875,-0.109931,0.367581,12.749229,83.222206,27.110540,0.063337,0.912365,-0.074346,0.397558,12.063365,49.111782,35.073757,-0.072212,0.845208,0.092870,0.521329,4.037248,4.042575,38.992981,-0.011772,0.970671,0.146879,0.189962,-0.678799,1.701596,-11.051567,-0.072212,0.845208,0.092870,0.521329,16.765886,1.542895,32.718147
992,8.266667,-0.035639,0.917745,0.058743,0.391182,6.649868,83.041801,20.751402,-0.066041,0.903351,0.093721,0.413295,5.844877,90.201431,21.329201,-0.029560,0.904233,0.059715,0.421810,2.713304,105.696777,23.155119,0.050895,0.914803,0.066330,0.395153,0.860339,123.383644,24.637245,0.076159,0.930423,0.003745,0.358468,2.702780,136.998123,25.647995,-0.095941,0.823821,0.153586,0.537146,-1.356675,117.923973,21.754429,0.553893,-0.386032,0.312517,-0.668217,-8.084239,118.039063,6.546217,0.596014,-0.158292,0.272362,-0.738600,4.467331,97.096848,2.341828,0.554541,0.065494,0.555146,-0.616448,19.742908,85.833702,4.072923,-0.105644,0.872347,0.097581,0.467256,3.163069,117.945656,27.146265,0.475956,0.859721,0.179416,0.046428,12.160369,119.494354,41.046379,0.520419,0.714971,0.373618,-0.279982,25.603729,98.806366,38.792915,-0.727946,-0.511283,-0.290387,0.352647,31.150543,88.966911,24.275200,0.065552,0.911318,0.101044,0.393692,0.555417,82.870308,14.385605,0.060776,0.989287,0.034836,0.128080,-0.843039,48.852455,6.125197,-0.011743,0.970677,0.146836,0.189965,-5.958020,3.357643,2.243069,-0.033273,0.922856,-0.109909,0.367627,12.744320,83.213295,27.117199,0.063438,0.912450,-0.074312,0.397353,12.064686,49.102955,35.081326,-0.072923,0.845201,0.092491,0.521310,4.032284,4.034462,38.995831,-0.011743,0.970677,0.146836,0.189965,-0.677336,1.704863,-11.061925,-0.072923,0.845201,0.092491,0.521310,16.763973,1.536439,32.726524
993,8.275000,-0.035419,0.917697,0.059108,0.391260,6.646153,83.041588,20.761896,-0.065633,0.903120,0.093893,0.413824,5.841977,90.200821,21.345692,-0.029808,0.903887,0.059884,0.422509,2.717443,105.703423,23.180918,0.050760,0.914645,0.066880,0.395442,0.852798,123.389038,24.663288,0.075576,0.930528,0.004159,0.358314,2.685976,137.003769,25.687494,-0.096187,0.823581,0.153684,0.537442,-1.356788,117.928734,21.776005,0.562087,-0.387557,0.307837,-0.662642,-8.072190,118.041100,6.562397,0.599125,-0.162083,0.276552,-0.733688,4.564787,97.139694,2.411138,0.555088,0.062694,0.554566,-0.616769,19.710564,85.701904,4.194319,-0.105354,0.872118,0.097959,0.467669,3.154448,117.951836,27.174959,0.476380,0.859082,0.181556,0.045582,12.140950,119.484093,41.083878,0.521860,0.716393,0.372479,-0.275141,25.568140,98.795799,38.738640,-0.731365,-0.508823,-0.289269,0.350040,31.160852,88.808968,24.330013,0.065696,0.911691,0.100796,0.392866,0.552502,82.876274,14.395171,0.060255,0.989462,0.034742,0.126993,-0.869529,48.856236,6.147803,-0.011479,0.970891,0.146883,0.188848,-5.942705,3.355023,2.285827,-0.033386,0.922871,-0.109742,0.367629,12.739804,83.206902,27.128622,0.063496,0.912401,-0.074270,0.397462,12.071843,49.094524,35.085014,-0.072548,0.845125,0.093339,0.521333,4.035595,4.026142,38.992863,-0.011479,0.970891,0.146883,0.188848,-0.693296,1.702698,-11.031596,-0.072548,0.845125,0.093339,0.521333,16.767458,1.542936,32.718025
994,8.283333,-0.035717,0.917896,0.059310,0.390734,6.651831,83.043549,20.764879,-0.065311,0.903039,0.094276,0.413965,5.842896,90.202133,21.350115,-0.029865,0.903682,0.060280,0.422888,2.722456,105.703079,23.199963,0.050598,0.914610,0.067462,0.395445,0.849405,123.386871,24.693426,0.075003,0.930727,0.004311,0.357914,2.672216,137.001999,25.730646,-0.096395,0.823372,0.153987,0.537637,-1.355537,117.927742,21.800375,0.563169,-0.386511,0.308790,-0.661890,-8.062629,118.041504,6.583113,0.598806,-0.164512,0.279369,-0.732339,4.585356,97.128723,2.523675,0.555819,0.061290,0.555398,-0.615501,19.653976,85.563164,4.309837,-0.105213,0.871972,0.098454,0.467870,3.151139,117.948807,27.203142,0.477242,0.858296,0.182973,0.045708,12.132380,119.468117,41.116882,0.522724,0.717540,0.372162,-0.270907,25.518305,98.757401,38.733959,-0.735113,-0.505660,-0.288177,0.347663,31.173223,88.646034,24.393581,0.065776,0.911773,0.100924,0.392629,0.551308,82.874130,14.404845,0.060180,0.989621,0.034883,0.125748,-0.874371,48.856640,6.147598,-0.011513,0.970852,0.147001,0.188955,-5.943896,3.355497,2.280021,-0.033204,0.922919,-0.109935,0.367467,12.752354,83.212975,27.124914,0.063467,0.912298,-0.074229,0.397712,12.069005,49.102718,35.089066,-0.072517,0.845131,0.093206,0.521351,4.035562,4.033437,38.992401,-0.011513,0.970852,0.147001,0.188955,-0.691313,1.706644,-11.036580,-0.072517,0.845131,0.093206,0.521351,16.767178,1.546564,32.718517
995,8.291667,-0.035334,0.917680,0.060467,0.391100,6.654814,83.058563,20.751617,-0.065053,0.902867,0.094817,0.414256,5.844219,90.215530,21.353994,-0.029897,0.903537,0.060596,0.423148,2.726489,105.699791,23.219929,0.050486,0.914568,0.068210,0.395429,0.847225,123.382149,24.722490,0.074264,0.930925,0.004252,0.357555,2.659110,136.997375,25.777397,-0.096474,0.823264,0.154142,0.537745,-1.354392,117.924026,21.825022,0.564028,-0.385608,0.309741,-0.661241,-8.057117,118.039299,6.605849,0.598966,-0.166898,0.282300,-0.730542,4.596279,97.114098,2.628118,0.557393,0.059040,0.555991,-0.613760,19.581867,85.422668,4.428976,-0.105069,0.871873,0.098616,0.468052,3.149153,117.943336,27.230402,0.478221,0.857419,0.184406,0.046174,12.125731,119.454994,41.147980,0.524402,0.717957,0.372604,-0.265909,25.463163,98.715912,38.740021,-0.738959,-0.502234,-0.289070,0.343713,31.163979,88.466797,24.466825,0.065877,0.911322,0.100012,0.393891,0.558852,82.903831,14.386839,0.060017,0.989655,0.035306,0.125439,-0.887424,48.874443,6.182378,-0.011304,0.970950,0.146471,0.188874,-5.938480,3.374231,2.279853,-0.033338,0.922811,-0.110032,0.367696,12.750776,83.213287,27.116398,0.063512,0.912377,-0.074227,0.397524,12.071569,49.105156,35.089993,-0.072401,0.845135,0.093278,0.521348,4.035353,4.036355,38.993118,-0.011304,0.970950,0.146471,0.188874,-0.690087,1.709273,-11.036394,-0.072401,0.845135,0.093278,0.521348,16.766411,1.549446,32.718121
996,8.300000,-0.035131,0.917588,0.060545,0.391321,6.658194,83.056656,20.769993,-0.065017,0.902777,0.094781,0.414466,5.849706,90.213699,21.374359,-0.029843,0.903436,0.061028,0.423306,2.733210,105.697403,23.238928,0.050084,0.914608,0.068675,0.395307,0.848933,123.378014,24.755846,0.073651,0.931123,0.004221,0.357165,2.645679,136.994705,25.817823,-0.096724,0.823282,0.154335,0.537617,-1.350312,117.921783,21.853004,0.564998,-0.385108,0.309973,-0.660595,-8.056030,118.032944,6.635119,0.599417,-0.169385,0.286028,-0.728146,4.609305,97.105499,2.707487,0.559162,0.057320,0.557775,-0.610687,19.485205,85.273964,4.545029,-0.105008,0.871700,0.098883,0.468332,3.151397,117.937645,27.259926,0.479414,0.856354,0.186079,0.046849,12.119659,119.441879,41.183670,0.526022,0.718551,0.373346,-0.259997,25.397392,98.667374,38.751308,-0.743745,-0.496813,-0.290307,0.340210,31.163868,88.264801,24.558876,0.066026,0.911383,0.100197,0.393677,0.565033,82.906044,14.402435,0.060056,0.989444,0.035107,0.127127,-0.887439,48.880630,6.182604,-0.011435,0.971011,0.146260,0.188718,-5.937676,3.379562,2.289086,-0.033284,0.922846,-0.109777,0.367691,12.751354,83.207260,27.137548,0.063582,0.912338,-0.074225,0.397601,12.075300,49.094955,35.093544,-0.072966,0.845106,0.092562,0.521444,4.032891,4.026958,38.993233,-0.011435,0.971011,0.146260,0.188718,-0.692692,1.709329,-11.027839,-0.072966,0.845106,0.092562,0.521444,16.766947,1.531385,32.727779
997,8.308333,-0.034896,0.917478,0.060594,0.391594,6.664025,83.050018,20.790041,-0.065052,0.902685,0.094900,0.414636,5.858201,90.207222,21.396147,-0.030028,0.903351,0.061297,0.423436,2.738436,105.692055,23.263269,0.049751,0.914683,0.069183,0.395086,0.843946,123.371086,24.785767,0.073246,0.931391,0.004057,0.356553,2.626805,136.988922,25.856321,-0.096932,0.823293,0.154632,0.537478,-1.351384,117.914650,21.880331,0.566482,-0.384949,0.310438,-0.659196,-8.060730,118.024681,6.664038,0.600414,-0.172246,0.288811,-0.725550,4.596375,97.079659,2.804156,0.561714,0.053674,0.557276,-0.609131,19.384691,85.118530,4.655267,-0.104876,0.871652,0.099092,0.468406,3.148621,117.931114,27.288670,0.480525,0.855322,0.187693,0.047875,12.115501,119.427826,41.214111,0.528585,0.718259,0.374927,-0.253241,25.335566,98.617462,38.774136,-0.749104,-0.490223,-0.293550,0.335191,31.145876,88.045540,24.660135,0.066120,0.911455,0.100435,0.393435,0.574334,82.903908,14.419058,0.060157,0.989432,0.035074,0.127183,-0.879641,48.882710,6.182065,-0.011417,0.971025,0.146163,0.188723,-5.939185,3.382534,2.290087,-0.033242,0.922889,-0.109483,0.367673,12.753716,83.196129,27.161022,0.063658,0.912371,-0.074190,0.397520,12.082767,49.079102,35.097179,-0.072576,0.845023,0.093554,0.521457,4.035658,4.011512,38.991814,-0.011417,0.971025,0.146163,0.188723,-0.694305,1.709450,-11.026527,-0.072576,0.845023,0.093554,0.521457,16.769985,1.533984,32.719742
998,8.316667,-0.034669,0.917177,0.060096,0.392394,6.676186,83.034584,20.806187,-0.065195,0.902539,0.095395,0.414817,5.875645,90.192879,21.406311,-0.030057,0.903328,0.061540,0.423448,2.742741,105.685219,23.286280,0.049435,0.914839,0.069529,0.394705,0.843618,123.363129,24.816099,0.072697,0.931735,0.004014,0.355765,2.614748,136.982178,25.890797,-0.096916,0.823460,0.154825,0.537168,-1.350209,117.907349,21.908321,0.567673,-0.385027,0.310937,-0.657890,-8.070712,118.019127,6.696968,0.602278,-0.175206,0.292064,-0.721985,4.568058,97.053040,2.891784,0.565953,0.049095,0.556298,-0.606480,19.262953,84.946182,4.782470,-0.104701,0.871562,0.099092,0.468613,3.149629,117.922714,27.316799,0.481771,0.854198,0.189281,0.049140,12.111280,119.413361,41.246254,0.531844,0.717180,0.377438,-0.245632,25.265837,98.561371,38.807682,-0.754528,-0.483264,-0.298995,0.328246,31.103849,87.813042,24.775249,0.066469,0.911556,0.100442,0.393141,0.597274,82.889732,14.424891,0.060053,0.989703,0.035295,0.125040,-0.881356,48.871880,6.178480,-0.011461,0.970954,0.146540,0.188793,-5.937367,3.371996,2.278533,-0.033187,0.923030,-0.109247,0.367395,12.755097,83.179428,27.187485,0.063795,0.912563,-0.074117,0.397071,12.089157,49.058540,35.107452,-0.072884,0.845001,0.093992,0.521369,4.035157,3.991562,38.994907,-0.011461,0.970954,0.146540,0.188793,-0.689926,1.709851,-11.038439,-0.072884,0.845001,0.093992,0.521369,16.771122,1.529329,32.720142
999,8.325000,-0.034559,0.917160,0.060461,0.392388,6.688878,83.032104,20.836231,-0.065522,0.902549,0.095177,0.414794,5.887735,90.189865,21.441805,-0.030158,0.903348,0.061837,0.423355,2.748973,105.679047,23.310904,0.049215,0.914946,0.069994,0.394401,0.842284,123.355423,24.848919,0.072107,0.931994,0.003786,0.355209,2.602819,136.975174,25.932041,-0.096799,0.823686,0.154716,0.536875,-1.349674,117.899956,21.939142,0.569237,-0.385731,0.311106,-0.656044,-8.081401,118.010757,6.732744,0.603345,-0.177949,0.294970,-0.719237,4.525282,97.017929,2.968790,0.567761,0.048592,0.559227,-0.602122,19.110901,84.797104,4.880494,-0.104530,0.871496,0.099170,0.468757,3.151192,117.914940,27.346766,0.483211,0.852932,0.190953,0.050518,12.109554,119.398705,41.279072,0.534868,0.716191,0.380388,-0.237257,25.188477,98.499001,38.842110,-0.760648,-0.474822,-0.304828,0.320997,31.071943,87.570168,24.905317,0.066643,0.911696,0.100911,0.392664,0.609750,82.891556,14.455044,0.060140,0.989630,0.035160,0.125619,-0.871083,48.881939,6.175123,-0.010836,0.970998,0.146414,0.188702,-5.934278,3.382140,2.283497,-0.032983,0.923096,-0.108978,0.367329,12.768006,83.172646,27.217419,0.063951,0.912565,-0.074110,0.397044,12.096440,49.046680,35.115009,-0.073385,0.844988,0.093758,0.521363,4.029819,3.981429,38.996380,-0.010836,0.970998,0.146414,0.188702,-0.693857,1.713201,-11.035390,-0.073385,0.844988,0.093758,0.521363,16.768097,1.521167,32.725544
1000,8.333333,-0.034334,0.916967,0.060208,0.392898,6.706700,83.018478,20.863552,-0.065772,0.902584,0.095281,0.414653,5.909619,90.176918,21.466635,-0.030336,0.903492,0.062164,0.422987,2.761735,105.668961,23.336369,0.048697,0.915238,0.070370,0.393721,0.845059,123.343513,24.882954,0.071795,0.932395,0.003646,0.354221,2.588440,136.965332,25.967846,-0.096632,0.823938,0.154844,0.536481,-1.345725,117.887817,21.972712,0.570545,-0.386339,0.311758,-0.654238,-8.092620,118.002640,6.773062,0.605166,-0.181034,0.297520,-0.715879,4.470658,96.974312,3.062519,0.571781,0.045910,0.559053,-0.598681,18.968369,84.627388,4.993801,-0.104229,0.871418,0.098927,0.469020,3.159369,117.903481,27.376816,0.485637,0.851152,0.192332,0.052020,12.111608,119.381187,41.313709,0.537920,0.714312,0.385015,-0.228395,25.066427,98.404007,38.879498,-0.766524,-0.466731,-0.313014,0.310845,30.988121,87.333038,25.044514,0.066974,0.911882,0.101219,0.392098,0.634358,82.880486,14.475852,0.060280,0.989522,0.034987,0.126444,-0.864037,48.878334,6.168482,-0.011015,0.970976,0.146511,0.188728,-5.938661,3.378966,2.286799,-0.032879,0.923151,-0.108609,0.367307,12.779042,83.156479,27.251253,0.064151,0.912725,-0.074117,0.396641,12.110521,49.024426,35.122726,-0.074175,0.844991,0.093966,0.521208,4.028686,3.961632,39.000912,-0.011015,0.970976,0.146511,0.188728,-0.696155,1.713695,-11.031729,-0.074175,0.844991,0.093966,0.521208,16.769922,1.518386,32.729424
1001,8.341667,-0.034546,0.917514,0.062379,0.391258,6.683361,83.050903,20.828455,-0.064490,0.902879,0.095835,0.414084,5.872346,90.205284,21.460423,-0.030349,0.903569,0.062390,0.422789,2.762784,105.661247,23.360407,0.048383,0.915390,0.070625,0.393360,0.842637,123.334763,24.914459,0.071173,0.932640,0.003558,0.353702,2.575325,136.957794,26.001284,-0.096647,0.824126,0.154865,0.536184,-1.348136,117.879654,22.003126,0.572337,-0.387365,0.311881,-0.652003,-8.105536,117.992310,6.808125,0.607377,-0.184025,0.300435,-0.712016,4.414625,96.931122,3.138374,0.575524,0.041823,0.558817,-0.595606,18.805227,84.462646,5.108066,-0.103985,0.871427,0.098843,0.469076,3.159311,117.894348,27.405272,0.487123,0.849882,0.193725,0.053691,12.111521,119.366135,41.342812,0.541377,0.712604,0.388233,-0.219957,24.985950,98.337288,38.927917,-0.772292,-0.457899,-0.319580,0.302923,30.923737,87.086823,25.184572,0.066145,0.911410,0.100786,0.393445,0.588611,82.922386,14.461930,0.060298,0.989719,0.035512,0.124739,-0.857002,48.906364,6.202103,-0.011179,0.971124,0.145506,0.188738,-5.933868,3.410604,2.281229,-0.033192,0.923095,-0.109344,0.367204,12.778110,83.179428,27.194983,0.064137,0.912600,-0.074117,0.396932,12.111629,49.060043,35.121387,-0.073500,0.845059,0.093263,0.521321,4.029716,3.997078,38.997478,-0.011179,0.971124,0.145506,0.188738,-0.691035,1.717594,-11.033676,-0.073500,0.845059,0.093263,0.521321,16.766878,1.526558,32.728394
1002,8.350000,-0.034354,0.917478,0.062463,0.391346,6.682525,83.043983,20.850130,-0.064503,0.902949,0.095845,0.413929,5.873521,90.198395,21.484219,-0.030368,0.903676,0.062560,0.422533,2.763914,105.653656,23.384760,0.048046,0.915701,0.070814,0.392643,0.841011,123.326370,24.944529,0.070848,0.933110,0.003574,0.352526,2.563110,136.950836,26.030228,-0.096393,0.824330,0.154996,0.535877,-1.350275,117.871567,22.032991,0.573964,-0.388408,0.312350,-0.649724,-8.120242,117.991280,6.843637,0.608997,-0.186889,0.303513,-0.708573,4.345316,96.889336,3.222505,0.578060,0.038646,0.560098,-0.592152,18.623083,84.299614,5.229009,-0.103533,0.871454,0.098755,0.469145,3.160197,117.885780,27.432615,0.489426,0.848154,0.194986,0.055469,12.113350,119.345703,41.370796,0.544270,0.711158,0.391212,-0.212080,24.866724,98.241234,38.973324,-0.777337,-0.449762,-0.325281,0.296064,30.823526,86.834656,25.327999,0.066082,0.911481,0.101105,0.393208,0.588749,82.919266,14.482596,0.060491,0.989533,0.035380,0.126145,-0.846058,48.907173,6.204718,-0.011184,0.971139,0.145352,0.188780,-5.936416,3.412697,2.286415,-0.033376,0.923000,-0.108871,0.367566,12.776300,83.168709,27.217665,0.064273,0.912464,-0.074256,0.397195,12.130869,49.042946,35.118286,-0.073311,0.845014,0.094447,0.521207,4.031493,3.983480,38.998566,-0.011184,0.971139,0.145352,0.188780,-0.692617,1.715317,-11.027554,-0.073311,0.845014,0.094447,0.521207,16.768757,1.538704,32.719597
1003,8.358333,-0.034571,0.917624,0.062520,0.390975,6.686026,83.028816,20.871273,-0.064604,0.903092,0.095966,0.413572,5.874087,90.182915,21.505211,-0.030238,0.903840,0.062717,0.422167,2.759208,105.644814,23.410028,0.047793,0.915927,0.071363,0.392047,0.838773,123.317108,24.977583,0.070294,0.933492,0.003010,0.351629,2.548518,136.942383,26.072601,-0.096246,0.824621,0.154725,0.535534,-1.355278,117.863480,22.065943,0.574973,-0.389231,0.312526,-0.648254,-8.138383,117.979691,6.882428,0.610628,-0.189490,0.307401,-0.704792,4.290013,96.851990,3.283796,0.581155,0.034404,0.560578,-0.588920,18.441029,84.127350,5.357227,-0.103165,0.871571,0.098474,0.469068,3.159648,117.875481,27.461845,0.491691,0.846462,0.196139,0.057203,12.117743,119.329765,41.397438,0.548072,0.708930,0.393636,-0.205149,24.751326,98.151329,39.018074,-0.779133,-0.446480,-0.332483,0.288206,30.662277,86.603210,25.465858,0.066040,0.911586,0.101744,0.392808,0.587406,82.900490,14.508453,0.060603,0.989697,0.035363,0.124810,-0.830476,48.897091,6.192038,-0.011299,0.971079,0.145598,0.188890,-5.936463,3.403756,2.280900,-0.033347,0.923147,-0.108747,0.367234,12.784645,83.157143,27.234093,0.064506,0.912710,-0.074214,0.396600,12.143392,49.029362,35.126328,-0.073427,0.844958,0.094712,0.521234,4.028624,3.972083,38.999832,-0.011299,0.971079,0.145598,0.188890,-0.688657,1.713930,-11.032444,-0.073427,0.844958,0.094712,0.521234,16.767588,1.535507,32.721130
1004,8.366667,-0.034423,0.917630,0.062508,0.390976,6.683229,83.016136,20.902094,-0.064775,0.903224,0.095738,0.413309,5.873318,90.170410,21.536703,-0.030130,0.904024,0.062822,0.421767,2.756711,105.634705,23.433891,0.047530,0.916187,0.071478,0.391450,0.838899,123.306763,25.007296,0.069608,0.933833,0.003112,0.350858,2.540727,136.933167,26.100513,-0.096087,0.824837,0.154734,0.535228,-1.358144,117.853951,22.096355,0.576753,-0.390507,0.313185,-0.645582,-8.153187,117.972420,6.918195,0.612052,-0.192143,0.310179,-0.701614,4.205508,96.794250,3.376667,0.582813,0.030412,0.561415,-0.586701,18.253883,83.958252,5.484025,-0.102781,0.871635,0.098056,0.469120,3.161634,117.864395,27.488199,0.494127,0.844658,0.197237,0.059072,12.120725,119.314110,41.423630,0.551220,0.707162,0.395281,-0.199579,24.624571,98.056305,39.066822,-0.780484,-0.444722,-0.337179,0.281741,30.492231,86.387161,25.590944,0.065942,0.911683,0.102383,0.392433,0.584437,82.890114,14.539391,0.060763,0.989697,0.035287,0.124750,-0.812730,48.894951,6.185882,-0.011240,0.971104,0.145564,0.188790,-5.934291,3.402901,2.280128,-0.033500,0.923198,-0.108250,0.367239,12.782021,83.142166,27.264797,0.064808,0.912895,-0.074309,0.396107,12.163532,49.007538,35.129200,-0.074323,0.844961,0.094336,0.521169,4.022166,3.955159,39.003864,-0.011240,0.971104,0.145564,0.188790,-0.689574,1.711843,-11.034280,-0.074323,0.844961,0.094336,0.521169,16.764595,1.523127,32.730438
1005,8.375000,-0.034460,0.917834,0.062278,0.390531,6.676636,82.998421,20.947725,-0.064776,0.903442,0.095039,0.412994,5.867831,90.153061,21.579489,-0.030005,0.904180,0.063026,0.421410,2.760638,105.622864,23.458073,0.047105,0.916472,0.071808,0.390773,0.844418,123.294273,25.040689,0.069057,0.934256,0.002720,0.349842,2.531904,136.922318,26.135609,-0.095822,0.825177,0.154614,0.534786,-1.355068,117.842773,22.129152,0.577881,-0.391492,0.313823,-0.643663,-8.167527,117.963028,6.958813,0.613513,-0.194621,0.313660,-0.698099,4.133166,96.744225,3.458771,-0.585035,-0.024951,-0.561596,0.584570,18.060230,83.789307,5.624630,-0.102482,0.871636,0.097616,0.469276,3.169050,117.850792,27.517361,0.496497,0.842846,0.198508,0.060791,12.125338,119.298233,41.454830,0.554432,0.705580,0.396169,-0.194453,24.502638,97.965164,39.110107,-0.781270,-0.443852,-0.340992,0.276291,30.313650,86.172424,25.713808,0.065868,0.911774,0.103430,0.391959,0.571762,82.869598,14.590913,0.060955,0.989541,0.034990,0.125974,-0.795760,48.888847,6.174121,-0.011283,0.971105,0.145646,0.188719,-5.933390,3.397021,2.286880,-0.033590,0.923343,-0.107638,0.367048,12.781509,83.127235,27.304539,0.065038,0.913049,-0.074326,0.395710,12.186429,48.983772,35.132305,-0.074091,0.844902,0.095386,0.521107,4.026969,3.934357,39.003448,-0.011283,0.971105,0.145646,0.188719,-0.690137,1.708557,-11.028437,-0.074091,0.844902,0.095386,0.521107,16.769619,1.524202,32.722023
1006,8.383333,-0.034229,0.918030,0.062129,0.390115,6.646590,82.981728,20.992147,-0.064328,0.903676,0.094076,0.412773,5.841980,90.136871,21.623621,-0.029971,0.904286,0.063161,0.421165,2.760636,105.613419,23.481470,0.046794,0.916767,0.071702,0.390139,0.843923,123.284294,25.069454,0.068468,0.934662,0.003055,0.348870,2.524651,136.913818,26.156347,-0.095513,0.825710,0.154458,0.534063,-1.356729,117.833344,22.157782,0.579101,-0.392435,0.314014,-0.641897,-8.196863,117.953896,6.999902,0.614392,-0.196885,0.317344,-0.695019,4.061249,96.705750,3.528616,-0.585952,-0.020618,-0.563098,0.582371,17.867336,83.628082,5.754725,-0.102038,0.871707,0.097267,0.469312,3.170320,117.840385,27.543528,0.498998,0.841188,0.198966,0.061786,12.128492,119.280518,41.480545,0.557323,0.704412,0.396379,-0.189945,24.376396,97.872841,39.136372,-0.782578,-0.442935,-0.343405,0.271024,30.129644,85.966919,25.825447,0.065436,0.911881,0.104550,0.391485,0.535702,82.855057,14.641073,0.061152,0.989590,0.034929,0.125509,-0.777383,48.886646,6.165986,-0.011213,0.971090,0.145607,0.188830,-5.935415,3.396639,2.284445,-0.034165,0.923440,-0.106975,0.366943,12.757477,83.108398,27.343222,0.065492,0.913451,-0.074326,0.394706,12.217645,48.957699,35.143364,-0.074174,0.844842,0.095898,0.521099,4.024536,3.913733,39.006798,-0.011213,0.971090,0.145607,0.188830,-0.689786,1.706629,-11.029738,-0.074174,0.844842,0.095898,0.521099,16.768768,1.517249,32.723354
1007,8.391667,-0.033697,0.918339,0.064162,0.389104,6.656571,82.984901,20.982609,-0.064497,0.903827,0.094184,0.412390,5.848341,90.136848,21.644836,-0.029874,0.904405,0.063285,0.420896,2.762899,105.605270,23.503996,0.046442,0.917039,0.071836,0.389515,0.847921,123.275795,25.098000,0.067874,0.935064,0.003082,0.347907,2.518259,136.906784,26.182615,-0.095237,0.826316,0.154106,0.533276,-1.354735,117.825722,22.186167,0.580984,-0.393654,0.314577,-0.639168,-8.224540,117.941643,7.041682,0.614885,-0.199337,0.319753,-0.692777,3.968568,96.646439,3.630317,-0.585524,-0.018430,-0.566189,0.579872,17.664051,83.484680,5.868611,-0.101604,0.871835,0.096891,0.469247,3.175581,117.831100,27.569160,0.502021,0.839291,0.199128,0.062555,12.138707,119.265152,41.503613,0.559418,0.703736,0.396739,-0.185486,24.231911,97.770546,39.151756,-0.784467,-0.441302,-0.345138,0.265976,29.955956,85.768501,25.934446,0.065146,0.911761,0.104492,0.391827,0.531160,82.879486,14.645153,0.061221,0.989810,0.035242,0.123634,-0.761968,48.907585,6.181003,-0.011155,0.971186,0.144934,0.188859,-5.929935,3.420362,2.280036,-0.034251,0.923447,-0.107407,0.366792,12.781981,83.090309,27.320066,0.065772,0.913588,-0.074332,0.394342,12.237779,48.946510,35.150070,-0.074329,0.844769,0.096074,0.521163,4.022621,3.905994,39.006966,-0.011155,0.971186,0.144934,0.188859,-0.684721,1.710917,-11.031828,-0.074329,0.844769,0.096074,0.521163,16.769091,1.516173,32.725533
1008,8.400000,-0.033867,0.918732,0.064507,0.388102,6.641674,82.970383,21.019232,-0.064155,0.904129,0.093294,0.411985,5.829985,90.121529,21.685947,-0.029722,0.904543,0.063469,0.420583,2.766708,105.596245,23.525696,0.046108,0.917280,0.071853,0.388985,0.854443,123.266258,25.128551,0.067109,0.935378,0.003220,0.347208,2.516099,136.898682,26.208389,-0.094920,0.827127,0.153467,0.532258,-1.350772,117.817627,22.215977,0.582124,-0.394547,0.315095,-0.637322,-8.258675,117.923164,7.088755,0.615194,-0.201376,0.322847,-0.690474,3.883371,96.592369,3.717943,-0.585236,-0.015145,-0.568678,0.577819,17.468742,83.329475,5.996042,-0.101099,0.871935,0.096390,0.469274,3.183375,117.820313,27.595749,0.504930,0.837376,0.199529,0.063529,12.149085,119.247795,41.529213,0.562535,0.702069,0.397421,-0.180861,24.091076,97.669281,39.173096,-0.786334,-0.440383,-0.347395,0.258956,29.744984,85.561417,26.034307,0.064719,0.911930,0.105664,0.391191,0.502741,82.863213,14.694902,0.061470,0.989840,0.035111,0.123308,-0.736386,48.904686,6.169234,-0.011164,0.971180,0.144896,0.188916,-5.929711,3.419438,2.279082,-0.034568,0.923555,-0.107074,0.366589,12.780607,83.077553,27.343563,0.066185,0.913868,-0.074327,0.393624,12.267261,48.930267,35.160458,-0.074418,0.844772,0.096356,0.521093,4.020789,3.894690,39.008202,-0.011164,0.971180,0.144896,0.188916,-0.682975,1.708924,-11.032045,-0.074418,0.844772,0.096356,0.521093,16.767437,1.513025,32.724022
1009,8.408333,-0.033864,0.918998,0.064409,0.387488,6.626264,82.956627,21.064842,-0.063953,0.904389,0.092400,0.411647,5.815606,90.107956,21.730810,-0.029632,0.904692,0.063635,0.420244,2.770360,105.588409,23.548941,0.045762,0.917536,0.071812,0.388429,0.859111,123.257866,25.159206,0.066456,0.935694,0.003319,0.346482,2.512403,136.891815,26.232603,-0.094621,0.827743,0.153045,0.531475,-1.348254,117.810188,22.246473,0.584122,-0.395959,0.315316,-0.634503,-8.285725,117.910561,7.132763,0.615679,-0.203689,0.325465,-0.688130,3.794114,96.536911,3.810230,-0.584365,-0.012140,-0.571529,0.575955,17.276024,83.178581,6.112679,-0.100671,0.872019,0.095832,0.469324,3.189981,117.811119,27.622795,0.507184,0.835463,0.201313,0.065109,12.156989,119.235001,41.555782,0.565524,0.700703,0.397803,-0.175930,23.975838,97.589645,39.191925,-0.789222,-0.437894,-0.347863,0.253711,29.572189,85.354904,26.132595,0.064448,0.912067,0.106822,0.390601,0.478933,82.847977,14.748706,0.061719,0.989808,0.034924,0.123498,-0.716173,48.904232,6.158117,-0.010995,0.971176,0.144756,0.189054,-5.933522,3.420594,2.281235,-0.034738,0.923587,-0.106372,0.366695,12.773594,83.065285,27.380980,0.066440,0.914019,-0.074456,0.393207,12.288514,48.908337,35.157341,-0.074320,0.844713,0.096762,0.521128,4.017874,3.877646,39.010307,-0.010995,0.971176,0.144756,0.189054,-0.684515,1.705170,-11.028357,-0.074320,0.844713,0.096762,0.521128,16.765387,1.504364,32.724739
1010,8.416667,-0.033936,0.919224,0.064127,0.386992,6.611040,82.939262,21.116724,-0.063579,0.904610,0.091399,0.411443,5.801353,90.091042,21.779009,-0.029659,0.904771,0.063625,0.420073,2.780457,105.576981,23.574118,0.045617,0.917754,0.071777,0.387937,0.868799,123.246422,25.184017,0.065508,0.936063,0.003502,0.345664,2.518743,136.881088,26.253447,-0.094276,0.828407,0.152933,0.530534,-1.339338,117.798439,22.272434,0.585816,-0.397328,0.315251,-0.632113,-8.312237,117.899467,7.175030,0.616047,-0.205975,0.329035,-0.685418,3.715832,96.492218,3.881080,-0.583610,-0.008834,-0.574406,0.573915,17.072723,83.017258,6.233429,-0.100066,0.872063,0.095076,0.469526,3.200894,117.799950,27.647076,0.510808,0.832989,0.202038,0.066220,12.165648,119.217613,41.582161,0.567163,0.700075,0.398747,-0.170944,23.794481,97.471382,39.201687,-0.792461,-0.434818,-0.348455,0.248026,29.387596,85.135208,26.229309,0.064181,0.912349,0.108014,0.389657,0.457019,82.826828,14.807165,0.061869,0.989897,0.034896,0.122714,-0.696801,48.898624,6.149812,-0.011048,0.971160,0.144834,0.189073,-5.931063,3.416508,2.277899,-0.034903,0.923757,-0.105653,0.366459,12.765062,83.051697,27.426281,0.066703,0.914150,-0.074510,0.392847,12.311333,48.884865,35.161022,-0.074647,0.844702,0.097068,0.521041,4.018373,3.858122,39.012161,-0.011048,0.971160,0.144834,0.189073,-0.681080,1.703547,-11.031635,-0.074647,0.844702,0.097068,0.521041,16.767260,1.497211,32.724693
1011,8.425000,-0.033679,0.919240,0.064216,0.386963,6.607723,82.930779,21.155230,-0.063579,0.904730,0.090875,0.411295,5.800976,90.082642,21.820156,-0.029532,0.904894,0.063584,0.419824,2.788085,105.566620,23.600269,0.045138,0.917996,0.071913,0.387394,0.881577,123.236511,25.211275,0.064872,0.936409,0.003463,0.344845,2.517900,136.873093,26.277424,-0.094091,0.829092,0.152445,0.529636,-1.329519,117.789078,22.300940,0.587911,-0.398850,0.315607,-0.629025,-8.335241,117.879883,7.218675,0.616479,-0.208346,0.330872,-0.683425,3.621656,96.424194,3.981227,-0.582229,-0.006023,-0.578112,0.571629,16.887300,82.874458,6.334743,-0.099770,0.872021,0.094565,0.469769,3.213764,117.789497,27.673000,0.514682,0.830263,0.203061,0.067321,12.172885,119.205643,41.611858,0.568770,0.699431,0.399791,-0.165722,23.597574,97.354599,39.202843,-0.795514,-0.432124,-0.349150,0.241913,29.189766,84.914780,26.321579,0.064037,0.912537,0.108771,0.389031,0.453005,82.823074,14.846272,0.062130,0.989919,0.034837,0.122418,-0.676591,48.905064,6.145870,-0.010922,0.971185,0.144527,0.189188,-5.936350,3.425545,2.277997,-0.034991,0.923926,-0.105048,0.366197,12.762443,83.038483,27.464188,0.067001,0.914324,-0.074613,0.392371,12.332308,48.863155,35.162640,-0.075403,0.844675,0.096823,0.521021,4.012791,3.841478,39.015759,-0.010922,0.971185,0.144527,0.189188,-0.684599,1.703155,-11.029620,-0.075403,0.844675,0.096823,0.521021,16.765219,1.486167,32.733379
1012,8.433333,-0.033764,0.919511,0.064073,0.386335,6.601026,82.912590,21.198477,-0.063565,0.905025,0.089895,0.410864,5.794393,90.064636,21.861589,-0.029210,0.905113,0.063889,0.419327,2.795677,105.552551,23.615267,0.044495,0.918305,0.071903,0.386738,0.895899,123.221733,25.241968,0.064279,0.936711,0.003514,0.344134,2.516009,136.860947,26.299072,-0.093838,0.829841,0.151840,0.528681,-1.320028,117.777130,22.329994,0.589752,-0.400334,0.315650,-0.626331,-8.360952,117.857101,7.264069,0.616266,-0.210520,0.333214,-0.681811,3.535828,96.362457,4.063818,0.579896,0.005058,0.583442,-0.568587,16.690010,82.740425,6.422942,-0.099505,0.871896,0.093841,0.470203,3.229391,117.772186,27.696857,0.517825,0.827690,0.204966,0.069108,12.176704,119.190193,41.643112,0.571028,0.698282,0.400966,-0.159863,23.428530,97.251366,39.218334,-0.799082,-0.428033,-0.350015,0.236104,28.999775,84.686996,26.429384,0.063701,0.912859,0.109881,0.388016,0.437845,82.801659,14.897841,0.062399,0.989989,0.034780,0.121735,-0.649269,48.897655,6.137647,-0.011343,0.971188,0.144471,0.189189,-5.936733,3.420848,2.275675,-0.035301,0.924011,-0.104329,0.366161,12.764207,83.023521,27.499113,0.067244,0.914626,-0.074506,0.391646,12.373015,48.839176,35.159527,-0.075763,0.844680,0.097341,0.520866,4.040018,3.819036,39.001469,-0.011343,0.971188,0.144471,0.189189,-0.681954,1.699061,-11.030825,-0.075763,0.844680,0.097341,0.520866,16.793480,1.481729,32.714462
1013,8.441667,-0.033815,0.920133,0.064835,0.384720,6.573705,82.911179,21.226418,-0.062751,0.905486,0.088987,0.410170,5.763351,90.061760,21.900738,-0.029250,0.905324,0.063892,0.418868,2.803530,105.544365,23.640078,0.044175,0.918541,0.072074,0.386181,0.903256,123.213448,25.267267,0.063671,0.936993,0.003432,0.343481,2.513362,136.853897,26.323658,-0.093823,0.830402,0.151473,0.527908,-1.314933,117.768349,22.357956,0.592075,-0.402082,0.315360,-0.623158,-8.383118,117.836632,7.304749,0.616586,-0.212911,0.335602,-0.679604,3.453251,96.303215,4.141277,0.577876,0.002718,0.588280,-0.565667,16.500965,82.595695,6.515107,-0.098942,0.871891,0.093328,0.470432,3.239864,117.764374,27.720251,0.520040,0.825631,0.206998,0.071015,12.183711,119.173340,41.669636,0.575709,0.695396,0.401473,-0.154281,23.308378,97.170189,39.240944,-0.801190,-0.426326,-0.352141,0.228774,28.746704,84.457840,26.527122,0.063018,0.912821,0.110874,0.387934,0.388630,82.802391,14.947239,0.062596,0.990098,0.034880,0.120710,-0.628244,48.907673,6.142787,-0.011220,0.971228,0.144121,0.189258,-5.936410,3.433767,2.274987,-0.035674,0.924159,-0.104056,0.365827,12.758780,83.019974,27.505598,0.067522,0.914725,-0.074577,0.391352,12.401546,48.833485,35.158100,-0.075143,0.844613,0.098011,0.520937,4.044032,3.817764,38.998505,-0.011220,0.971228,0.144121,0.189258,-0.681096,1.701371,-11.029920,-0.075143,0.844613,0.098011,0.520937,16.796459,1.487282,32.706882
1014,8.450000,-0.034398,0.920466,0.064864,0.383863,6.581595,82.906250,21.267733,-0.062762,0.905783,0.088386,0.409642,5.763961,90.056198,21.939943,-0.029203,0.905536,0.064056,0.418388,2.813398,105.537605,23.663248,0.043711,0.918826,0.072026,0.385565,0.913071,123.206039,25.297415,0.063055,0.937287,0.003495,0.342790,2.511847,136.848450,26.345804,-0.093648,0.831020,0.151090,0.527074,-1.307658,117.761528,22.388933,0.593700,-0.403523,0.315275,-0.620718,-8.406183,117.821815,7.349977,0.616546,-0.215308,0.338128,-0.677631,3.375298,96.254349,4.213709,0.575954,-0.000142,0.592985,-0.562714,16.311308,82.458870,6.599111,-0.098376,0.871797,0.092927,0.470804,3.252835,117.756508,27.746386,0.524298,0.822233,0.209192,0.072689,12.188766,119.153893,41.702007,0.576564,0.695187,0.403210,-0.147346,23.081198,97.039787,39.228882,-0.807293,-0.417409,-0.351689,0.224418,28.561424,84.213875,26.646126,0.063014,0.913118,0.111836,0.386959,0.385619,82.787018,14.999503,0.062704,0.990110,0.034807,0.120576,-0.613791,48.907284,6.135599,-0.011204,0.971241,0.144121,0.189195,-5.933107,3.434155,2.274005,-0.035439,0.924364,-0.103634,0.365454,12.777573,83.025475,27.535963,0.067698,0.914703,-0.074672,0.391356,12.419173,48.831673,35.155670,-0.075128,0.844606,0.097957,0.520961,4.043596,3.819427,38.997528,-0.011204,0.971241,0.144121,0.189195,-0.679578,1.701688,-11.031595,-0.075128,0.844606,0.097957,0.520961,16.796160,1.487411,32.706753
1015,8.458333,-0.042106,0.921303,0.070891,0.380004,6.771430,83.048843,21.216757,-0.064323,0.906052,0.090624,0.408313,5.821231,90.178444,21.929590,-0.029266,0.905715,0.063960,0.418011,2.821339,105.531921,23.687897,0.043467,0.919069,0.072014,0.385016,0.921081,123.200653,25.318830,0.062378,0.937587,0.003752,0.342089,2.513724,136.844116,26.362684,-0.093616,0.831623,0.150867,0.526192,-1.301638,117.755196,22.413643,0.595639,-0.404980,0.314984,-0.618054,-8.431247,117.806160,7.389362,0.616733,-0.217837,0.340504,-0.675458,3.300965,96.207474,4.283423,0.574178,-0.003277,0.597590,-0.559639,16.128181,82.323799,6.678756,-0.097787,0.871778,0.091873,0.471170,3.263240,117.751968,27.767361,0.527477,0.819508,0.211386,0.074097,12.191547,119.147614,41.728039,0.579625,0.693787,0.403739,-0.140319,22.908058,96.952560,39.211975,-0.811240,-0.411467,-0.353097,0.218875,28.332600,83.970345,26.759192,0.064633,0.913740,0.110736,0.385537,0.533884,82.839874,14.992255,0.063289,0.989797,0.034774,0.122831,-0.612745,48.957466,6.156422,-0.010936,0.971300,0.142396,0.190208,-5.976634,3.490904,2.279225,-0.031202,0.924759,-0.105713,0.364242,13.008976,83.257813,27.441257,0.066181,0.912664,-0.075368,0.396213,12.332756,49.074726,35.087402,-0.071556,0.845308,0.092722,0.521284,4.038417,4.053420,38.998665,-0.010936,0.971300,0.142396,0.190208,-0.700318,1.707578,-11.010631,-0.071556,0.845308,0.092722,0.521284,16.762117,1.540169,32.719254
1016,8.466667,-0.052049,0.922160,0.078124,0.375246,6.966590,83.244972,21.103235,-0.064487,0.906416,0.094291,0.406645,5.848967,90.345459,21.862333,-0.029383,0.905866,0.063891,0.417687,2.831320,105.526672,23.709324,0.043202,0.919273,0.072169,0.384529,0.928896,123.195480,25.336943,0.061814,0.937863,0.003817,0.341433,2.513117,136.839951,26.380495,-0.093788,0.832149,0.150740,0.525366,-1.294823,117.748848,22.434727,0.596687,-0.405956,0.315282,-0.616248,-8.452265,117.787041,7.423639,0.616144,-0.219899,0.342665,-0.674234,3.231434,96.157555,4.349343,0.571763,-0.005419,0.602693,-0.556614,15.956387,82.203522,6.742761,-0.096974,0.871818,0.091436,0.471348,3.273772,117.747879,27.785275,0.530363,0.817231,0.212537,0.075343,12.201764,119.126358,41.747864,0.583087,0.691630,0.403976,-0.135872,22.757769,96.856590,39.213432,-0.813181,-0.409813,-0.354169,0.212965,28.077856,83.763565,26.828421,0.066119,0.914111,0.108342,0.385087,0.682188,82.915634,14.931289,0.063060,0.989818,0.035350,0.122614,-0.629416,49.010094,6.207857,-0.010652,0.971584,0.140772,0.189987,-5.966801,3.544584,2.282051,-0.026964,0.925183,-0.108348,0.362727,13.250992,83.574310,27.275185,0.064373,0.909946,-0.076496,0.402496,12.245214,49.413483,34.984299,-0.067401,0.846302,0.084426,0.521635,4.033276,4.386237,38.999710,-0.010652,0.971584,0.140772,0.189987,-0.700250,1.713781,-11.005228,-0.067401,0.846302,0.084426,0.521635,16.714806,1.609649,32.745941
1017,8.475000,-0.054167,0.921826,0.079377,0.375503,6.975830,83.251907,21.156424,-0.064135,0.906617,0.092821,0.406592,5.823146,90.346291,21.920141,-0.029367,0.905989,0.064005,0.417403,2.836149,105.525734,23.729347,0.043038,0.919484,0.072026,0.384071,0.933034,123.194054,25.361485,0.061253,0.938121,0.003918,0.340826,2.514506,136.839355,26.398266,-0.094096,0.832443,0.150669,0.524865,-1.291972,117.747749,22.459631,0.597578,-0.407131,0.315164,-0.614668,-8.464985,117.772743,7.455951,0.615490,-0.221780,0.345454,-0.672791,3.175056,96.118813,4.388085,0.568980,-0.007885,0.608122,-0.553523,15.786536,82.083282,6.800570,-0.096350,0.871914,0.091155,0.471352,3.279967,117.746208,27.807325,0.532784,0.815697,0.212490,0.075012,12.211831,119.111313,41.768753,0.587180,0.690541,0.401526,-0.130962,22.642738,96.787643,39.190987,-0.815044,-0.407171,-0.355036,0.209440,27.830717,83.529106,26.934099,0.066709,0.914355,0.108997,0.384220,0.698797,82.897095,14.978390,0.062884,0.989701,0.035157,0.123703,-0.640695,49.007015,6.199294,-0.011140,0.971630,0.140742,0.189742,-5.960086,3.538221,2.287126,-0.026828,0.925487,-0.107511,0.362209,13.252863,83.606712,27.334457,0.064581,0.910015,-0.076518,0.402301,12.263987,49.432709,34.987175,-0.067007,0.846343,0.083960,0.521694,4.034838,4.408226,38.998341,-0.011140,0.971630,0.140742,0.189742,-0.696426,1.709219,-11.001549,-0.067007,0.846343,0.083960,0.521694,16.713446,1.614455,32.746307
1018,8.483333,-0.048641,0.922316,0.075189,0.375917,6.838499,83.129066,21.239527,-0.062986,0.906963,0.090614,0.406498,5.781396,90.241013,21.977680,-0.029334,0.906173,0.064052,0.416998,2.838187,105.521751,23.750029,0.042894,0.919676,0.072089,0.383614,0.936207,123.189926,25.385015,0.060627,0.938348,0.003811,0.340313,2.513282,136.835831,26.420534,-0.093928,0.832876,0.150340,0.524302,-1.291296,117.743767,22.484804,0.598995,-0.408393,0.314868,-0.612600,-8.485029,117.763496,7.491042,0.614927,-0.223859,0.347590,-0.671516,3.113265,96.084824,4.439898,0.565931,-0.010403,0.613461,-0.550708,15.625996,81.975700,6.851219,-0.095284,0.872089,0.090952,0.471286,3.285430,117.741966,27.828402,0.535370,0.814128,0.211877,0.075383,12.226174,119.080078,41.786755,0.591731,0.688531,0.399578,-0.126953,22.517498,96.691933,39.207153,-0.814442,-0.407372,-0.358218,0.205940,27.542215,83.291580,27.039698,0.064825,0.914238,0.111441,0.384120,0.556941,82.836472,15.062836,0.063359,0.989957,0.035135,0.121393,-0.596324,48.966778,6.179268,-0.011573,0.971435,0.141772,0.189949,-5.968048,3.503344,2.276318,-0.029616,0.925339,-0.106052,0.362800,13.120058,83.421661,27.416218,0.066099,0.911575,-0.076311,0.398545,12.344367,49.236851,35.045185,-0.069582,0.845867,0.087963,0.521470,4.012791,4.227704,39.016762,-0.011573,0.971435,0.141772,0.189949,-0.694598,1.705749,-11.012758,-0.069582,0.845867,0.087963,0.521470,16.715029,1.569463,32.753609
1019,8.491667,-0.047414,0.922925,0.074461,0.374722,6.828927,83.095612,21.270245,-0.063549,0.907250,0.090439,0.405808,5.792997,90.210838,22.006832,-0.029051,0.906465,0.063776,0.416426,2.834267,105.506607,23.771114,0.042674,0.919929,0.072317,0.382988,0.946544,123.176636,25.402647,0.060053,0.938636,0.003748,0.339622,2.515520,136.823349,26.439779,-0.093376,0.833247,0.150270,0.523832,-1.288465,117.731049,22.507160,0.600202,-0.409537,0.314941,-0.610613,-8.502004,117.761337,7.522938,0.613889,-0.225774,0.349335,-0.670918,3.047597,96.052971,4.498394,0.562054,-0.013233,0.618616,-0.548848,15.478126,81.875053,6.892342,-0.094744,0.872109,0.089703,0.471597,3.295200,117.727875,27.844801,0.538939,0.811451,0.212534,0.076957,12.229596,119.069054,41.806919,0.593784,0.687504,0.399661,-0.122600,22.319046,96.589401,39.225597,-0.815952,-0.405812,-0.358988,0.201660,27.292772,83.094963,27.143801,0.064660,0.914324,0.112288,0.383695,0.529473,82.816055,15.111202,0.063399,0.989955,0.035126,0.121389,-0.594104,48.958138,6.179045,-0.011267,0.971381,0.142218,0.189910,-5.969635,3.495124,2.276493,-0.029913,0.925385,-0.106010,0.362671,13.128379,83.375168,27.429289,0.066548,0.911979,-0.076216,0.397563,12.374022,49.190971,35.063137,-0.069434,0.845713,0.089658,0.521450,4.012753,4.185957,39.019127,-0.011267,0.971381,0.142218,0.189910,-0.698956,1.708626,-11.015175,-0.069434,0.845713,0.089658,0.521450,16.718212,1.566391,32.746231
1020,8.500000,-0.049131,0.923156,0.076003,0.373621,6.837444,83.129105,21.274336,-0.063134,0.907533,0.090373,0.405254,5.771307,90.238586,22.023230,-0.028839,0.906650,0.063804,0.416033,2.832928,105.501572,23.788765,0.042504,0.920156,0.072324,0.382460,0.952318,123.171906,25.425179,0.059462,0.938908,0.003749,0.338973,2.516802,136.819382,26.459110,-0.093022,0.833606,0.150232,0.523334,-1.287024,117.727539,22.530708,0.601471,-0.411006,0.314286,-0.608712,-8.520093,117.763390,7.555914,0.613244,-0.227379,0.351420,-0.669877,2.990230,96.034920,4.525922,0.558500,-0.015874,0.623416,-0.546972,15.340364,81.782631,6.928518,-0.093559,0.872323,0.088695,0.471628,3.301416,117.721954,27.864248,0.541958,0.808720,0.214330,0.079472,12.242249,119.045135,41.823967,0.595506,0.685426,0.401944,-0.118339,22.150517,96.483871,39.252941,-0.818111,-0.403748,-0.360047,0.195061,27.086744,82.935196,27.211344,0.064629,0.914414,0.112235,0.383501,0.526388,82.830124,15.128094,0.063334,0.990023,0.035416,0.120788,-0.598615,48.971111,6.200300,-0.011215,0.971438,0.141861,0.189890,-5.967351,3.509223,2.275341,-0.029544,0.925509,-0.105868,0.362425,13.148500,83.428078,27.420578,0.066333,0.911367,-0.076550,0.398937,12.375919,49.240234,35.036259,-0.069400,0.845861,0.087848,0.521523,4.014532,4.237279,39.015369,-0.011215,0.971438,0.141861,0.189890,-0.697975,1.712334,-11.015447,-0.069400,0.845861,0.087848,0.521523,16.716108,1.573519,32.753216
1021,8.508333,-0.049538,0.923200,0.076233,0.373412,6.830450,83.123100,21.302704,-0.062877,0.907743,0.089843,0.404941,5.757830,90.231491,22.052671,-0.028653,0.906840,0.063736,0.415641,2.834913,105.493401,23.807055,0.042296,0.920376,0.072372,0.381943,0.962056,123.164429,25.444872,0.058755,0.939178,0.003828,0.338346,2.520673,136.812775,26.476324,-0.092908,0.833848,0.150325,0.522942,-1.281798,117.720833,22.552475,0.601978,-0.411877,0.314337,-0.607595,-8.529229,117.758766,7.584630,0.611875,-0.228652,0.353357,-0.669676,2.944003,96.009850,4.560596,0.554366,-0.018084,0.628601,-0.545172,15.208471,81.706795,6.956968,-0.092863,0.872396,0.088254,0.471712,3.311379,117.713676,27.881935,0.544019,0.806498,0.216521,0.081994,12.253909,119.023560,41.841824,0.595067,0.684455,0.405344,-0.114509,22.031113,96.403923,39.281895,-0.823077,-0.397403,-0.358695,0.189611,27.023285,82.837425,27.266996,0.064526,0.914592,0.112627,0.382978,0.517349,82.818695,15.158829,0.063370,0.990036,0.035527,0.120624,-0.595454,48.964916,6.209656,-0.011449,0.971423,0.142003,0.189848,-5.966762,3.504157,2.275132,-0.029747,0.925649,-0.105391,0.362191,13.143550,83.427505,27.446579,0.066562,0.911382,-0.076668,0.398842,12.398286,49.233452,35.037056,-0.069403,0.845855,0.087992,0.521508,4.013927,4.234970,39.018379,-0.011449,0.971423,0.142003,0.189848,-0.696637,1.712536,-11.016068,-0.069403,0.845855,0.087992,0.521508,16.715679,1.574709,32.755108
1022,8.516667,-0.049205,0.923553,0.076369,0.372553,6.808787,83.117287,21.320578,-0.062389,0.908011,0.089434,0.404506,5.740573,90.225853,22.075163,-0.028375,0.907007,0.063710,0.415300,2.838403,105.486633,23.825102,0.041887,0.920645,0.072433,0.381328,0.975531,123.158348,25.466898,0.058257,0.939518,0.003810,0.337488,2.523033,136.808289,26.493809,-0.092563,0.834150,0.150200,0.522557,-1.273285,117.716255,22.575508,0.602206,-0.412547,0.314352,-0.606907,-8.536228,117.758728,7.615192,0.610526,-0.229568,0.355388,-0.669519,2.909175,95.995453,4.589045,0.550386,-0.020213,0.633484,-0.543475,15.089581,81.649170,6.989841,-0.092347,0.872370,0.088206,0.471872,3.324100,117.706093,27.901333,0.546337,0.804056,0.218814,0.084447,12.264802,119.001213,41.863773,0.593479,0.684256,0.409217,-0.110080,21.896517,96.319138,39.304733,-0.827815,-0.389502,-0.358546,0.185624,27.006245,82.722107,27.320930,0.064233,0.914452,0.113050,0.383239,0.483812,82.817734,15.188688,0.063320,0.990140,0.035722,0.119738,-0.596131,48.968006,6.220197,-0.011738,0.971477,0.141778,0.189722,-5.964311,3.507945,2.273346,-0.030174,0.925628,-0.105205,0.362263,13.133764,83.416840,27.452469,0.066843,0.911525,-0.076712,0.398460,12.420334,49.221840,35.041748,-0.069633,0.845879,0.088067,0.521426,4.012650,4.227406,39.019741,-0.011738,0.971477,0.141778,0.189722,-0.695612,1.711489,-11.017770,-0.069633,0.845879,0.088067,0.521426,16.714848,1.572420,32.755119
1023,8.525000,-0.049281,0.923675,0.076356,0.372244,6.795493,83.113144,21.341545,-0.062332,0.908064,0.089223,0.404444,5.726592,90.221634,22.095892,-0.027961,0.907033,0.063661,0.415279,2.829118,105.481911,23.840601,0.041835,0.920857,0.072320,0.380843,0.980398,123.154678,25.487059,0.057635,0.939896,0.003915,0.336538,2.527632,136.805023,26.509083,-0.092300,0.834290,0.149973,0.522446,-1.273040,117.715096,22.594547,0.602463,-0.412965,0.314513,-0.606284,-8.541469,117.759933,7.636905,0.609634,-0.230503,0.357438,-0.668919,2.881803,95.983780,4.619769,0.547719,-0.023148,0.636337,-0.542719,14.990091,81.580086,7.037408,-0.091822,0.872347,0.088329,0.471993,3.324925,117.699959,27.919859,0.547987,0.802281,0.220483,0.086266,12.265020,118.977486,41.884304,0.590821,0.684882,0.412503,-0.108207,21.791862,96.250984,39.326893,-0.830132,-0.386344,-0.357860,0.183185,27.038761,82.684692,27.349298,0.064060,0.914582,0.113266,0.382893,0.466588,82.811745,15.213802,0.063311,0.990203,0.036007,0.119139,-0.599773,48.963879,6.236654,-0.011923,0.971443,0.141883,0.189804,-5.966281,3.505588,2.267177,-0.030407,0.925705,-0.104899,0.362135,13.124397,83.414551,27.469286,0.067027,0.911642,-0.076747,0.398152,12.434961,49.216034,35.044922,-0.069680,0.845890,0.088171,0.521383,4.011996,4.224372,39.021885,-0.011923,0.971443,0.141883,0.189804,-0.693973,1.713062,-11.023036,-0.069680,0.845890,0.088171,0.521383,16.714140,1.572603,32.755802
1024,8.533333,-0.049765,0.923782,0.076800,0.371822,6.800163,83.108505,21.356781,-0.062594,0.908086,0.089229,0.404351,5.722810,90.215317,22.114885,-0.027542,0.907063,0.063589,0.415253,2.817523,105.477310,23.856998,0.041838,0.920996,0.072314,0.380509,0.983444,123.151230,25.507420,0.056917,0.940175,0.003946,0.335880,2.530737,136.801651,26.528315,-0.092028,0.834324,0.149857,0.522472,-1.274785,117.714104,22.614025,0.602355,-0.413137,0.314996,-0.606023,-8.543958,117.764511,7.656765,0.608932,-0.231029,0.358685,-0.668709,2.857211,95.974998,4.652473,0.545729,-0.024789,0.639139,-0.541356,14.915836,81.544342,7.076552,-0.091280,0.872297,0.088416,0.472174,3.323804,117.694077,27.938780,0.547725,0.801828,0.222274,0.087545,12.261508,118.953835,41.906368,0.589279,0.685396,0.413697,-0.108802,21.791594,96.228340,39.352139,-0.829876,-0.387816,-0.356521,0.183843,27.099155,82.712296,27.361376,0.064110,0.914741,0.113391,0.382468,0.466573,82.801491,15.234160,0.063213,0.990323,0.036263,0.118108,-0.603789,48.956066,6.248293,-0.012039,0.971414,0.142112,0.189774,-5.962711,3.498334,2.262269,-0.030340,0.925706,-0.104764,0.362178,13.133753,83.415527,27.479401,0.067084,0.911596,-0.076766,0.398246,12.443030,49.214737,35.044651,-0.068892,0.845851,0.088938,0.521420,4.014248,4.224041,39.020222,-0.012039,0.971414,0.142112,0.189774,-0.690094,1.712921,-11.028777,-0.068892,0.845851,0.088938,0.521420,16.714079,1.578853,32.746677
1025,8.541667,-0.049981,0.923917,0.076954,0.371426,6.787768,83.108521,21.374866,-0.062351,0.908052,0.088874,0.404543,5.707034,90.214676,22.134296,-0.027133,0.906918,0.063693,0.415580,2.812848,105.478500,23.868826,0.041794,0.921097,0.072213,0.380288,0.989888,123.152756,25.528013,0.056272,0.940491,0.003993,0.335103,2.537073,136.803467,26.545212,-0.091958,0.834278,0.149613,0.522628,-1.270197,117.718826,22.630075,0.602105,-0.413279,0.315689,-0.605814,-8.534395,117.767822,7.670392,0.609771,-0.231593,0.359359,-0.667386,2.839307,95.961655,4.682923,0.546791,-0.027624,0.639762,-0.539408,14.866811,81.514984,7.130750,-0.090779,0.872118,0.088577,0.472570,3.324886,117.692627,27.957830,0.546916,0.801950,0.223527,0.088290,12.253182,118.933609,41.933113,0.587665,0.686405,0.413568,-0.111621,21.820625,96.223244,39.383976,-0.827379,-0.393152,-0.354710,0.187235,27.170137,82.785446,27.358124,0.063969,0.914739,0.113648,0.382419,0.449376,82.798317,15.257380,0.063188,0.990387,0.036444,0.117524,-0.605410,48.955708,6.259085,-0.011944,0.971411,0.142190,0.189737,-5.962454,3.498900,2.259982,-0.030475,0.925735,-0.104572,0.362147,13.126161,83.418724,27.492353,0.067158,0.911564,-0.076757,0.398307,12.449368,49.215691,35.048733,-0.068951,0.845872,0.088857,0.521393,4.014511,4.225764,39.020195,-0.011944,0.971411,0.142190,0.189737,-0.691401,1.715220,-11.031919,-0.068951,0.845872,0.088857,0.521393,16.714090,1.579485,32.746601
1026,8.550000,-0.050160,0.924090,0.077281,0.370904,6.774166,83.120781,21.386005,-0.062311,0.908021,0.088783,0.404638,5.689749,90.225952,22.149410,-0.026673,0.906817,0.063676,0.415834,2.800071,105.477776,23.880165,0.041872,0.921205,0.072136,0.380032,0.991756,123.152985,25.545168,0.055660,0.940808,0.004089,0.334315,2.541659,136.803528,26.560453,-0.091746,0.834149,0.149430,0.522924,-1.271669,117.722130,22.644070,0.601660,-0.413204,0.316518,-0.605875,-8.526862,117.775711,7.680029,0.611216,-0.232033,0.359222,-0.665984,2.823965,95.955070,4.711320,0.549566,-0.029544,0.639425,-0.536880,14.840662,81.516266,7.175467,-0.090362,0.872048,0.089125,0.472678,3.320798,117.689896,27.974049,0.545166,0.803150,0.223321,0.088723,12.248237,118.909622,41.951759,0.587260,0.686526,0.412660,-0.116273,21.906609,96.232498,39.450027,-0.823528,-0.400580,-0.353353,0.190994,27.228456,82.885109,27.342766,0.063801,0.914683,0.113689,0.382569,0.429251,82.808945,15.275362,0.063148,0.990414,0.036688,0.117242,-0.612259,48.965492,6.278699,-0.012008,0.971434,0.141980,0.189773,-5.964157,3.509855,2.259393,-0.030508,0.925712,-0.104445,0.362241,13.119081,83.432617,27.496647,0.067056,0.911255,-0.076833,0.399016,12.446952,49.227871,35.045670,-0.068836,0.845872,0.088659,0.521442,4.014689,4.237783,39.020718,-0.012008,0.971434,0.141980,0.189773,-0.691917,1.720549,-11.031285,-0.068836,0.845872,0.088659,0.521442,16.713751,1.584996,32.748806
1027,8.558333,-0.050186,0.924044,0.077335,0.371003,6.754787,83.119049,21.406040,-0.062181,0.907940,0.088407,0.404923,5.669652,90.224060,22.169905,-0.026233,0.906699,0.063643,0.416124,2.788093,105.476830,23.890680,0.041915,0.921339,0.072062,0.379716,0.993958,123.153015,25.560602,0.055153,0.941173,0.004168,0.333367,2.545635,136.803528,26.573488,-0.091506,0.833976,0.149191,0.523309,-1.272461,117.725082,22.656389,0.601298,-0.413183,0.317332,-0.605823,-8.515712,117.783592,7.686590,0.613434,-0.232350,0.358250,-0.664357,2.810397,95.947365,4.738150,0.554065,-0.031225,0.637074,-0.534952,14.845430,81.531349,7.215677,-0.090511,0.871939,0.089201,0.472835,3.316940,117.687119,27.988970,0.543820,0.804333,0.222610,0.088053,12.238535,118.909203,41.970200,0.586250,0.687647,0.410973,-0.120638,21.975412,96.264290,39.481018,-0.820770,-0.406269,-0.350829,0.195451,27.299612,82.986626,27.316523,0.063698,0.914663,0.113832,0.382592,0.411209,82.807320,15.294006,0.063069,0.990482,0.036885,0.116653,-0.619584,48.965225,6.290986,-0.012301,0.971424,0.142093,0.189720,-5.964527,3.509998,2.257797,-0.030871,0.925695,-0.104162,0.362334,13.098365,83.430786,27.518076,0.067249,0.911364,-0.076742,0.398752,12.456222,49.223461,35.058033,-0.068956,0.845859,0.088842,0.521417,4.012404,4.234448,39.020779,-0.012301,0.971424,0.142093,0.189720,-0.691428,1.725446,-11.033177,-0.068956,0.845859,0.088842,0.521417,16.712332,1.587894,32.747997
1028,8.566667,-0.050479,0.923948,0.077128,0.371246,6.749602,83.119789,21.431824,-0.062331,0.907804,0.088142,0.405262,5.661472,90.224838,22.191069,-0.025849,0.906561,0.063591,0.416455,2.778360,105.478355,23.901360,0.042003,0.921431,0.071987,0.379498,0.996820,123.155502,25.574699,0.054731,0.941479,0.004299,0.332572,2.551458,136.805801,26.585896,-0.091267,0.833806,0.148962,0.523687,-1.271865,117.730080,22.667553,0.600941,-0.413123,0.318115,-0.605807,-8.503425,117.793633,7.692118,0.615432,-0.232186,0.357115,-0.663175,2.800481,95.943230,4.763515,0.558409,-0.032169,0.633331,-0.534824,14.873145,81.553200,7.257051,-0.090765,0.871876,0.089303,0.472883,3.313937,117.687164,28.003193,0.542384,0.805841,0.221245,0.086553,12.232487,118.914673,41.985886,0.585667,0.688770,0.408630,-0.124946,22.059626,96.308876,39.495907,-0.817800,-0.412031,-0.348704,0.199595,27.362850,83.094276,27.291321,0.063957,0.914619,0.113899,0.382635,0.409725,82.802353,15.316243,0.062952,0.990465,0.037003,0.116823,-0.635346,48.963638,6.302179,-0.012748,0.971428,0.142159,0.189621,-5.967704,3.507864,2.258549,-0.030876,0.925807,-0.103832,0.362142,13.089478,83.437225,27.547407,0.067302,0.911241,-0.076681,0.399036,12.457713,49.225121,35.066494,-0.068712,0.845798,0.089046,0.521512,4.010373,4.235923,39.019577,-0.012748,0.971428,0.142159,0.189621,-0.693873,1.727563,-11.032705,-0.068712,0.845798,0.089046,0.521512,16.710707,1.590639,32.747082
1029,8.575000,-0.050694,0.923906,0.077377,0.371268,6.738922,83.128105,21.446657,-0.062250,0.907733,0.087945,0.405476,5.646592,90.232285,22.208014,-0.025565,0.906462,0.063501,0.416703,2.769151,105.480133,23.912361,0.041949,0.921544,0.071975,0.379232,0.997678,123.158203,25.586536,0.054489,0.941773,0.004423,0.331775,2.551009,136.808777,26.596073,-0.091094,0.833550,0.148896,0.524143,-1.272896,117.734467,22.677725,0.600745,-0.413189,0.318731,-0.605633,-8.489590,117.804695,7.695153,0.616305,-0.231430,0.355659,-0.663412,2.792180,95.940620,4.783352,0.560376,-0.031394,0.630093,-0.536633,14.918548,81.592682,7.271829,-0.091207,0.871894,0.089410,0.472745,3.310202,117.688217,28.015656,0.541467,0.807110,0.219407,0.085127,12.230400,118.927322,41.996277,0.585077,0.689564,0.406890,-0.128947,22.118877,96.347427,39.514107,-0.815034,-0.417382,-0.347222,0.202355,27.408329,83.187439,27.253208,0.063843,0.914879,0.114045,0.381988,0.399723,82.808876,15.330469,0.062872,0.990518,0.037169,0.116357,-0.640431,48.971466,6.310941,-0.012697,0.971461,0.142037,0.189545,-5.965596,3.515896,2.255593,-0.030916,0.925908,-0.103637,0.361937,13.078120,83.447334,27.562845,0.067305,0.911223,-0.076651,0.399083,12.455601,49.232563,35.070576,-0.068598,0.845864,0.088921,0.521442,4.008964,4.242963,39.020599,-0.012697,0.971461,0.142037,0.189545,-0.694257,1.731894,-11.036153,-0.068598,0.845864,0.088921,0.521442,16.707260,1.592895,32.746002
1030,8.583333,-0.050819,0.923795,0.077198,0.371565,6.733002,83.131416,21.469490,-0.062259,0.907581,0.087878,0.405830,5.639713,90.235809,22.227440,-0.025481,0.906299,0.063351,0.417085,2.761499,105.487617,23.929062,0.042098,0.921604,0.071935,0.379077,0.994225,123.166527,25.598913,0.054307,0.942049,0.004471,0.331020,2.551684,136.816635,26.608479,-0.091043,0.833346,0.148761,0.524515,-1.275660,117.743027,22.689104,0.600093,-0.412984,0.319484,-0.606022,-8.479691,117.814781,7.700445,0.615893,-0.229923,0.354086,-0.665158,2.786672,95.941391,4.798954,0.560237,-0.029193,0.627383,-0.540068,14.975937,81.655159,7.266663,-0.091471,0.872021,0.089486,0.472445,3.303019,117.696190,28.030825,0.540107,0.809115,0.216408,0.082368,12.231043,118.943047,42.005764,0.585131,0.690552,0.404041,-0.132331,22.215324,96.406136,39.516449,-0.813924,-0.419913,-0.345342,0.204792,27.468264,83.263084,27.227163,0.063975,0.914857,0.114240,0.381959,0.397912,82.809471,15.349189,0.062916,0.990472,0.037150,0.116732,-0.645607,48.976368,6.313916,-0.012805,0.971486,0.141849,0.189553,-5.973441,3.521177,2.257833,-0.030935,0.925947,-0.103189,0.361964,13.068092,83.453354,27.589792,0.067311,0.911049,-0.076715,0.399466,12.458037,49.232178,35.069267,-0.068638,0.845906,0.088856,0.521380,4.006887,4.243567,39.020851,-0.012805,0.971486,0.141849,0.189553,-0.701303,1.732413,-11.032958,-0.068638,0.845906,0.088856,0.521380,16.704353,1.592510,32.744991
1031,8.591667,-0.051015,0.923650,0.076942,0.371951,6.728628,83.139000,21.492365,-0.062115,0.907534,0.087708,0.405995,5.633762,90.243675,22.245401,-0.025407,0.906261,0.063248,0.417186,2.762750,105.490074,23.942810,0.042229,0.921759,0.071653,0.378739,0.999224,123.169579,25.610262,0.053962,0.942347,0.004751,0.330224,2.562854,136.819489,26.612976,-0.090937,0.833283,0.148752,0.524636,-1.271304,117.746284,22.700596,0.599576,-0.412880,0.319539,-0.606575,-8.471773,117.821594,7.710245,0.615468,-0.228425,0.352988,-0.666650,2.797076,95.951454,4.793999,0.560074,-0.027799,0.623675,-0.544586,15.045372,81.707367,7.255987,-0.091901,0.872047,0.089396,0.472331,3.306234,117.698990,28.043287,0.538998,0.810619,0.214300,0.080331,12.235221,118.960152,42.016323,0.585167,0.691163,0.402228,-0.134488,22.295216,96.457771,39.519512,-0.813590,-0.420565,-0.344282,0.206557,27.526060,83.321236,27.208042,0.064251,0.914763,0.114277,0.382128,0.398950,82.812843,15.366692,0.062797,0.990480,0.037225,0.116703,-0.659498,48.982803,6.321658,-0.013300,0.971518,0.141640,0.189508,-5.975877,3.526762,2.260121,-0.030965,0.926095,-0.102802,0.361692,13.058308,83.465164,27.618038,0.067422,0.911092,-0.076724,0.399347,12.462297,49.238525,35.073662,-0.069344,0.845939,0.088064,0.521366,4.002085,4.251423,39.022984,-0.013300,0.971518,0.141640,0.189508,-0.701521,1.734684,-11.029339,-0.069344,0.845939,0.088064,0.521366,16.701630,1.591961,32.754894
1032,8.600000,-0.051135,0.923512,0.076979,0.372270,6.724730,83.145706,21.509670,-0.062026,0.907439,0.087534,0.406258,5.627812,90.250122,22.262161,-0.025273,0.906162,0.063214,0.417416,2.761322,105.495956,23.954798,0.042203,0.921861,0.071710,0.378483,1.002194,123.175858,25.622728,0.053972,0.942618,0.004727,0.329448,2.564513,136.825882,26.625851,-0.090929,0.833328,0.148692,0.524583,-1.268520,117.753433,22.711554,0.599279,-0.412924,0.319578,-0.606818,-8.470867,117.827522,7.722099,0.615023,-0.226715,0.351299,-0.668533,2.794933,95.957115,4.796027,0.559342,-0.026602,0.619590,-0.550033,15.121537,81.770012,7.240453,-0.092354,0.872122,0.088721,0.472232,3.306413,117.704407,28.056461,0.538138,0.811794,0.212583,0.078782,12.235752,118.989838,42.027058,0.585135,0.691519,0.401314,-0.135523,22.353857,96.513817,39.527569,-0.813764,-0.419896,-0.344299,0.207203,27.581644,83.366150,27.193785,0.064429,0.914685,0.114282,0.382283,0.399455,82.818382,15.379513,0.062765,0.990438,0.037284,0.117063,-0.668660,48.990044,6.329282,-0.013375,0.971530,0.141520,0.189531,-5.979992,3.534034,2.260769,-0.031034,0.926061,-0.102467,0.361868,13.050005,83.473030,27.639830,0.067416,0.911026,-0.076709,0.399503,12.465624,49.241879,35.075603,-0.068701,0.845921,0.088707,0.521373,4.005770,4.254487,39.022446,-0.013375,0.971530,0.141520,0.189531,-0.704616,1.738925,-11.027877,-0.068701,0.845921,0.088707,0.521373,16.703131,1.600791,32.747490
1033,8.608333,-0.051244,0.923365,0.076663,0.372686,6.716924,83.151779,21.533722,-0.061858,0.907452,0.087203,0.406326,5.619909,90.256729,22.280935,-0.025235,0.906186,0.063292,0.417353,2.763152,105.499756,23.965660,0.042155,0.922000,0.071662,0.378158,1.004224,123.179367,25.636791,0.054013,0.942821,0.004739,0.328860,2.565734,136.829681,26.637230,-0.090917,0.833394,0.148655,0.524491,-1.266896,117.757439,22.725039,0.598738,-0.412789,0.319705,-0.607377,-8.472547,117.830566,7.737165,0.614515,-0.225151,0.349450,-0.670495,2.794752,95.962563,4.798915,0.558561,-0.026010,0.616113,-0.554741,15.198914,81.835236,7.216750,-0.092657,0.872215,0.088753,0.471994,3.308804,117.707512,28.069283,0.537478,0.812824,0.210864,0.077271,12.243757,119.002213,42.035439,0.585588,0.691386,0.400658,-0.136177,22.408726,96.547806,39.531845,-0.813800,-0.419310,-0.345126,0.206873,27.610937,83.395149,27.186897,0.064814,0.914239,0.114181,0.383313,0.397301,82.821312,15.397903,0.062640,0.990390,0.037422,0.117487,-0.687971,48.994835,6.342752,-0.013272,0.971507,0.141616,0.189585,-5.984694,3.538334,2.260764,-0.031171,0.926095,-0.102078,0.361880,13.036548,83.482239,27.669540,0.067537,0.911054,-0.076694,0.399422,12.470909,49.246109,35.083805,-0.069249,0.845967,0.088072,0.521332,4.001891,4.260006,39.025665,-0.013272,0.971507,0.141616,0.189585,-0.708557,1.745396,-11.027876,-0.069249,0.845967,0.088072,0.521332,16.700378,1.599266,32.755970
1034,8.616667,-0.051281,0.923225,0.076667,0.373026,6.713671,83.155785,21.551403,-0.061788,0.907420,0.087032,0.406445,5.615865,90.260681,22.298071,-0.025152,0.906173,0.063334,0.417380,2.763482,105.502388,23.978249,0.042085,0.922166,0.071628,0.377766,1.006570,123.181961,25.651899,0.054255,0.943095,0.004665,0.328036,2.566544,136.832657,26.649565,-0.090858,0.833561,0.148581,0.524256,-1.265057,117.760727,22.739243,0.598650,-0.412843,0.319682,-0.607439,-8.479250,117.832527,7.755473,0.613937,-0.223685,0.347242,-0.672658,2.786572,95.964432,4.812269,0.557148,-0.025305,0.612850,-0.559787,15.276839,81.900574,7.190505,-0.092995,0.872317,0.088813,0.471727,3.310389,117.709480,28.083689,0.537170,0.813399,0.209795,0.076266,12.251631,119.014145,42.044891,0.585942,0.691184,0.400538,-0.136036,22.440638,96.571373,39.534649,-0.813774,-0.418365,-0.346670,0.206305,27.629597,83.409012,27.189610,0.064977,0.914124,0.114190,0.383558,0.398593,82.825340,15.410905,0.062579,0.990364,0.037485,0.117715,-0.694396,49.000488,6.350592,-0.013446,0.971557,0.141417,0.189468,-5.984010,3.543720,2.262300,-0.031344,0.926090,-0.101917,0.361922,13.028747,83.486237,27.691900,0.067689,0.911127,-0.076528,0.399260,12.478132,49.248554,35.100147,-0.069260,0.845928,0.088072,0.521395,4.003190,4.261997,39.024025,-0.013446,0.971557,0.141417,0.189468,-0.709903,1.746098,-11.026512,-0.069260,0.845928,0.088072,0.521395,16.702648,1.601451,32.756218
1035,8.625000,-0.051323,0.923149,0.076816,0.373178,6.706806,83.161484,21.563147,-0.061593,0.907449,0.086970,0.406422,5.607525,90.265984,22.311384,-0.025057,0.906216,0.063319,0.417296,2.762091,105.505310,23.992014,0.042143,0.922328,0.071580,0.377375,1.008629,123.185120,25.666786,0.054426,0.943338,0.004552,0.327308,2.570474,136.835724,26.662632,-0.090841,0.833776,0.148474,0.523947,-1.264534,117.764412,22.754345,0.598101,-0.412656,0.319185,-0.608367,-8.489592,117.832634,7.775793,0.613090,-0.222065,0.346129,-0.674539,2.799598,95.981583,4.795799,0.555567,-0.024804,0.610229,-0.564225,15.348199,81.964447,7.162808,-0.093071,0.872539,0.089496,0.471173,3.311968,117.712128,28.097878,0.537080,0.813691,0.209071,0.075772,12.270109,119.010612,42.048817,0.586624,0.690809,0.400282,-0.135756,22.467642,96.571571,39.539974,-0.813495,-0.417643,-0.348178,0.206328,27.629200,83.394920,27.200148,0.065066,0.913876,0.114108,0.384156,0.393794,82.831612,15.420493,0.062553,0.990345,0.037609,0.117856,-0.701183,49.006268,6.362267,-0.013293,0.971550,0.141392,0.189532,-5.986509,3.550056,2.262275,-0.031529,0.926077,-0.101808,0.361971,13.019818,83.491364,27.705801,0.067749,0.911051,-0.076412,0.399447,12.483561,49.252930,35.111649,-0.068685,0.845914,0.088601,0.521404,4.007038,4.265481,39.021904,-0.013293,0.971550,0.141392,0.189532,-0.711844,1.750902,-11.026108,-0.068685,0.845914,0.088601,0.521404,16.704475,1.608990,32.748283
1036,8.633333,-0.051382,0.922993,0.076619,0.373595,6.705435,83.164177,21.581991,-0.061497,0.907369,0.087234,0.406558,5.606088,90.269020,22.326788,-0.025214,0.906180,0.062993,0.417414,2.758981,105.511749,24.016127,0.042289,0.922387,0.071552,0.377218,1.005050,123.192749,25.677809,0.054566,0.943507,0.004407,0.326798,2.570820,136.842896,26.673958,-0.090886,0.833920,0.148534,0.523694,-1.267297,117.769966,22.768595,0.597831,-0.412543,0.318894,-0.608863,-8.500906,117.836319,7.794160,0.612330,-0.220688,0.344565,-0.676479,2.802149,95.995125,4.794530,0.553680,-0.025157,0.607812,-0.568656,15.420428,82.024811,7.135272,-0.092865,0.872778,0.089586,0.470754,3.307708,117.721489,28.113445,0.537043,0.813775,0.208912,0.075564,12.280266,119.014565,42.055626,0.587553,0.690148,0.400343,-0.134920,22.481302,96.577492,39.543320,-0.812688,-0.417409,-0.350641,0.205813,27.609730,83.380859,27.214857,0.065163,0.913824,0.114116,0.384262,0.398020,82.832741,15.433674,0.062603,0.990325,0.037714,0.117961,-0.701854,49.008415,6.372249,-0.013259,0.971555,0.141298,0.189578,-5.990072,3.553501,2.261598,-0.031651,0.925854,-0.101526,0.362609,13.012850,83.495605,27.730310,0.067809,0.910999,-0.076341,0.399570,12.486643,49.253704,35.120819,-0.068644,0.845913,0.088640,0.521404,4.007129,4.266012,39.021835,-0.013259,0.971555,0.141298,0.189578,-0.714551,1.751478,-11.026059,-0.068644,0.845913,0.088640,0.521404,16.704412,1.609850,32.747757
1037,8.641667,-0.051514,0.922797,0.076323,0.374122,6.712686,83.159424,21.603724,-0.061802,0.907345,0.087379,0.406534,5.612733,90.264732,22.343250,-0.025155,0.906274,0.062961,0.417218,2.754165,105.511391,24.033474,0.042282,0.922527,0.071414,0.376905,1.002957,123.192642,25.695402,0.054729,0.943652,0.004219,0.326357,2.569892,136.842972,26.687008,-0.090833,0.834213,0.148328,0.523294,-1.271276,117.770027,22.787344,0.597865,-0.412499,0.318570,-0.609028,-8.519124,117.831398,7.819775,0.611651,-0.219638,0.342653,-0.678403,2.795953,95.997955,4.809035,0.551742,-0.025622,0.605791,-0.572662,15.481859,82.081520,7.107491,-0.092873,0.872957,0.089003,0.470531,3.306066,117.721191,28.130192,0.537251,0.813590,0.209121,0.075505,12.285539,119.024834,42.066933,0.588486,0.689478,0.400537,-0.133691,22.475946,96.584145,39.543827,-0.811621,-0.417540,-0.353428,0.204989,27.576042,83.359238,27.230984,0.065426,0.913847,0.114232,0.384127,0.412460,82.824776,15.448213,0.062650,0.990279,0.037692,0.118327,-0.702320,49.004707,6.372713,-0.013222,0.971511,0.141426,0.189709,-5.993531,3.550178,2.261605,-0.031578,0.925803,-0.101310,0.362807,13.012913,83.494072,27.759233,0.067823,0.910995,-0.076240,0.399594,12.485922,49.248787,35.133976,-0.068669,0.845952,0.088823,0.521306,4.008809,4.259854,39.025818,-0.013222,0.971511,0.141426,0.189709,-0.714696,1.751544,-11.025198,-0.068669,0.845952,0.088823,0.521306,16.705328,1.608468,32.748177
1038,8.650000,-0.051587,0.922807,0.076570,0.374037,6.705187,83.165100,21.614811,-0.061660,0.907425,0.087460,0.406361,5.603010,90.269760,22.357317,-0.025075,0.906371,0.062875,0.417025,2.749136,105.509094,24.051350,0.042281,0.922664,0.071239,0.376601,1.002156,123.190880,25.712057,0.054819,0.943792,0.004106,0.325937,2.570800,136.841415,26.698259,-0.090736,0.834477,0.148320,0.522892,-1.274421,117.768387,22.805601,0.597672,-0.412353,0.318066,-0.609580,-8.536865,117.829529,7.845110,0.610737,-0.218581,0.341404,-0.680195,2.800090,96.010872,4.809528,0.549554,-0.025738,0.604746,-0.575856,15.535537,82.135895,7.079429,-0.092670,0.873182,0.088944,0.470165,3.305244,117.719246,28.146454,0.537622,0.813284,0.209313,0.075629,12.297421,119.019699,42.075302,0.589274,0.688675,0.401081,-0.132730,22.467175,96.570213,39.547119,-0.810240,-0.418359,-0.356323,0.203765,27.539249,83.338287,27.246132,0.065347,0.913656,0.114261,0.384586,0.403968,82.830772,15.460300,0.062670,0.990288,0.037810,0.118205,-0.700392,49.010445,6.384522,-0.013170,0.971556,0.141189,0.189659,-5.992575,3.556964,2.263104,-0.031703,0.925672,-0.101371,0.363113,13.006407,83.499435,27.769321,0.067883,0.911005,-0.076046,0.399598,12.483500,49.255554,35.150902,-0.068599,0.845926,0.088814,0.521360,4.008420,4.264653,39.024380,-0.013170,0.971556,0.141189,0.189659,-0.715706,1.751344,-11.023530,-0.068599,0.845926,0.088814,0.521360,16.705256,1.611982,32.747917
1039,8.658333,-0.051689,0.922838,0.076945,0.373869,6.706095,83.166107,21.623541,-0.061675,0.907495,0.087648,0.406160,5.600695,90.269775,22.370655,-0.024959,0.906473,0.062860,0.416811,2.746428,105.497345,24.069201,0.042175,0.922821,0.071020,0.376269,1.003815,123.179398,25.731585,0.054926,0.943936,0.003936,0.325503,2.571931,136.830551,26.710123,-0.090378,0.834691,0.148275,0.522626,-1.275271,117.757507,22.825987,0.597191,-0.412189,0.317839,-0.610280,-8.549108,117.825844,7.871058,0.609705,-0.217519,0.340492,-0.681917,2.801683,96.017685,4.811855,0.547309,-0.026337,0.603691,-0.579065,15.577149,82.178375,7.060291,-0.092692,0.873386,0.088616,0.469843,3.306989,117.707191,28.164604,0.538142,0.812753,0.209913,0.075981,12.309103,119.014992,42.086346,0.590096,0.687883,0.401651,-0.131454,22.448505,96.552811,39.548958,-0.809205,-0.418764,-0.358844,0.202618,27.495428,83.304596,27.263365,0.065322,0.913617,0.114318,0.384667,0.402855,82.832329,15.471068,0.062719,0.990275,0.037876,0.118269,-0.697544,49.012676,6.392281,-0.013080,0.971565,0.141152,0.189650,-5.993178,3.560212,2.264065,-0.031672,0.925595,-0.101529,0.363267,13.009334,83.499878,27.776014,0.067894,0.910957,-0.075858,0.399742,12.479166,49.258114,35.166870,-0.069023,0.845863,0.088421,0.521472,4.009317,4.264727,39.022923,-0.013080,0.971565,0.141152,0.189650,-0.717245,1.753055,-11.022737,-0.069023,0.845863,0.088421,0.521472,16.709351,1.609045,32.754204
1040,8.666667,-0.051791,0.922801,0.076878,0.373959,6.709709,83.162239,21.639156,-0.061804,0.907527,0.087913,0.406012,5.603241,90.265907,22.384718,-0.024926,0.906576,0.062645,0.416622,2.741940,105.493607,24.089735,0.042234,0.922926,0.070847,0.376038,1.003926,123.176682,25.746075,0.054902,0.944039,0.003856,0.325210,2.575243,136.827774,26.720089,-0.090323,0.834908,0.148245,0.522296,-1.277583,117.754173,22.843519,0.597121,-0.412161,0.317388,-0.610602,-8.563218,117.821251,7.894331,0.609277,-0.216663,0.339247,-0.683191,2.802919,96.023926,4.814960,0.545856,-0.027123,0.602341,-0.581800,15.624006,82.224411,7.040653,-0.092163,0.873600,0.088293,0.469610,3.306922,117.704895,28.180218,0.538734,0.812118,0.210660,0.076494,12.319573,119.003716,42.095978,0.590548,0.687207,0.402556,-0.130184,22.423458,96.526436,39.550716,-0.808584,-0.418533,-0.361070,0.201619,27.459494,83.275551,27.282480,0.065380,0.913625,0.114435,0.384603,0.407843,82.826530,15.485385,0.062794,0.990264,0.037946,0.118296,-0.693708,49.009289,6.397753,-0.013142,0.971534,0.141264,0.189720,-5.995295,3.558195,2.262146,-0.031614,0.925601,-0.101654,0.363220,13.011575,83.497955,27.792927,0.067950,0.910989,-0.075620,0.399704,12.474767,49.257713,35.190353,-0.069263,0.845859,0.088428,0.521446,4.009007,4.261723,39.024906,-0.013142,0.971534,0.141264,0.189720,-0.716934,1.754526,-11.024159,-0.069263,0.845859,0.088428,0.521446,16.710159,1.609833,32.756855
1041,8.675000,-0.051811,0.922798,0.076862,0.373968,6.711069,83.157692,21.653061,-0.062046,0.907566,0.088204,0.405825,5.604411,90.261368,22.398293,-0.024833,0.906696,0.062486,0.416391,2.732136,105.491081,24.109474,0.042297,0.923068,0.070632,0.375724,0.999902,123.175034,25.762495,0.054994,0.944176,0.003693,0.324799,2.574941,136.826126,26.730698,-0.090297,0.835033,0.148316,0.522081,-1.284629,117.752472,22.862429,0.597153,-0.412131,0.317086,-0.610748,-8.577881,117.820061,7.916960,0.607969,-0.216204,0.338972,-0.684637,2.798995,96.029831,4.827083,0.543195,-0.027263,0.601858,-0.584776,15.635036,82.239769,7.029694,-0.091738,0.873792,0.088216,0.469350,3.302649,117.703186,28.196743,0.539343,0.811406,0.211615,0.077132,12.326028,118.992218,42.106457,0.590686,0.686660,0.403736,-0.128785,22.392553,96.499191,39.552273,-0.808315,-0.417597,-0.363181,0.200846,27.432692,83.250343,27.302742,0.065330,0.913689,0.114452,0.384455,0.409350,82.821564,15.499160,0.062186,0.990558,0.038335,0.116014,-0.690005,49.004128,6.411991,-0.013097,0.971730,0.141622,0.188446,-5.941729,3.548762,2.259678,-0.031560,0.925647,-0.101727,0.363088,13.012788,83.493820,27.806961,0.068020,0.911013,-0.075422,0.399676,12.471668,49.254379,35.207764,-0.069154,0.845808,0.088656,0.521505,4.007446,4.256496,39.023487,-0.013097,0.971730,0.141622,0.188446,-0.696838,1.755501,-11.041282,-0.069154,0.845808,0.088656,0.521505,16.709370,1.608502,32.755352
1042,8.683333,-0.051856,0.922855,0.076928,0.373806,6.711721,83.154633,21.665291,-0.062062,0.907601,0.088523,0.405674,5.604242,90.258087,22.411346,-0.024834,0.906759,0.062241,0.416290,2.727965,105.485321,24.131674,0.042170,0.923183,0.070515,0.375477,0.999524,123.170364,25.776979,0.055123,0.944307,0.003587,0.324397,2.572459,136.822052,26.740164,-0.090215,0.835212,0.148237,0.521831,-1.286705,117.746910,22.879910,0.597319,-0.412296,0.316761,-0.610642,-8.589131,117.813637,7.938917,0.607477,-0.215898,0.338323,-0.685491,2.791190,96.026604,4.839184,0.541723,-0.027811,0.601299,-0.586688,15.649734,82.252701,7.021595,-0.091281,0.873935,0.088175,0.469181,3.301756,117.699196,28.213221,0.540142,0.810475,0.212791,0.078080,12.333163,118.976509,42.118805,0.590739,0.686132,0.404904,-0.127685,22.349655,96.461777,39.559296,-0.808044,-0.417351,-0.364471,0.200108,27.396351,83.216583,27.318007,0.065296,0.913621,0.114517,0.384604,0.407960,82.817932,15.513514,0.062236,0.990557,0.038462,0.115950,-0.685991,49.001236,6.422960,-0.013134,0.971729,0.141666,0.188416,-5.941132,3.547349,2.258872,-0.031442,0.925679,-0.101847,0.362982,13.015483,83.491325,27.817068,0.068011,0.911049,-0.075287,0.399619,12.464476,49.253075,35.222633,-0.068733,0.845875,0.089203,0.521358,4.006089,4.253221,39.028011,-0.013134,0.971729,0.141666,0.188416,-0.696729,1.755551,-11.042478,-0.068733,0.845875,0.089203,0.521358,16.704746,1.611991,32.750420
1043,8.691667,-0.051893,0.922939,0.076931,0.373594,6.709854,83.150414,21.677694,-0.062039,0.907663,0.088756,0.405490,5.602037,90.253815,22.423838,-0.024773,0.906839,0.062069,0.416146,2.723773,105.480232,24.151615,0.042301,0.923328,0.070229,0.375159,1.000110,123.166145,25.792566,0.055175,0.944483,0.003454,0.323877,2.579214,136.817612,26.748783,-0.090211,0.835345,0.148199,0.521631,-1.288366,117.742447,22.897751,0.597587,-0.412556,0.316447,-0.610368,-8.597781,117.807220,7.960169,0.607107,-0.215837,0.337995,-0.685999,2.781773,96.020836,4.853064,0.540537,-0.028312,0.600958,-0.588105,15.648402,82.254738,7.020389,-0.090900,0.874017,0.088043,0.469127,3.301826,117.695091,28.229574,0.541158,0.809621,0.213348,0.078391,12.337236,118.963791,42.133343,0.590316,0.686177,0.405796,-0.126559,22.296888,96.425720,39.557377,-0.808155,-0.416405,-0.365572,0.199623,27.370722,83.183517,27.336983,0.065103,0.913613,0.114671,0.384609,0.403357,82.812767,15.528777,0.062384,0.990558,0.038590,0.115819,-0.674003,48.996777,6.433600,-0.013308,0.971702,0.141646,0.188560,-5.941708,3.545490,2.257021,-0.031335,0.925780,-0.102073,0.362672,13.016352,83.488068,27.826612,0.068027,0.911236,-0.075055,0.399234,12.455128,49.252575,35.244209,-0.068783,0.845935,0.089250,0.521246,4.005407,4.249716,39.033306,-0.013308,0.971702,0.141646,0.188560,-0.692242,1.753974,-11.042370,-0.068783,0.845935,0.089250,0.521246,16.702881,1.610343,32.752533
1044,8.700000,-0.051930,0.922992,0.076734,0.373497,6.711903,83.144501,21.695068,-0.062242,0.907682,0.089007,0.405361,5.604717,90.248283,22.438515,-0.024698,0.906905,0.061869,0.416036,2.717562,105.474045,24.171303,0.042452,0.923452,0.070059,0.374869,0.999479,123.160973,25.807169,0.055111,0.944665,0.003279,0.323358,2.584062,136.812057,26.759714,-0.090103,0.835521,0.148089,0.521398,-1.291314,117.737030,22.914629,0.597978,-0.412898,0.316115,-0.609925,-8.609447,117.801247,7.981314,0.607055,-0.216014,0.337752,-0.686109,2.766491,96.013695,4.869227,0.539845,-0.029007,0.600887,-0.588779,15.636383,82.248947,7.024761,-0.090563,0.874077,0.087926,0.469103,3.300215,117.690018,28.245302,0.541704,0.808838,0.214625,0.079210,12.338424,118.950996,42.147957,0.590386,0.685960,0.406521,-0.125078,22.262403,96.398369,39.561714,-0.808872,-0.414301,-0.366209,0.199927,27.347391,83.139297,27.362574,0.065121,0.913633,0.114848,0.384506,0.404207,82.804771,15.547496,0.062430,0.990564,0.038683,0.115708,-0.670416,48.991795,6.440792,-0.012970,0.971687,0.141805,0.188541,-5.941811,3.541696,2.255923,-0.031251,0.925953,-0.102141,0.362219,13.019601,83.484238,27.842640,0.068138,0.911438,-0.074860,0.398791,12.454816,49.249352,35.262722,-0.068878,0.845917,0.089374,0.521241,4.004784,4.245192,39.035553,-0.012970,0.971687,0.141805,0.188541,-0.695151,1.752950,-11.044946,-0.068878,0.845917,0.089374,0.521241,16.703091,1.610246,32.754612
1045,8.708333,-0.052014,0.923029,0.076352,0.373474,6.717448,83.133972,21.713337,-0.062396,0.907695,0.089164,0.405272,5.611203,90.238464,22.451292,-0.024639,0.906953,0.061753,0.415951,2.716832,105.468491,24.187445,0.042490,0.923569,0.069907,0.374603,1.002523,123.156036,25.820593,0.055089,0.944827,0.003163,0.322888,2.589534,136.807129,26.768824,-0.090109,0.835669,0.148048,0.521171,-1.289895,117.732048,22.929434,0.598197,-0.413233,0.315707,-0.609695,-8.615870,117.793808,7.999949,0.607275,-0.216214,0.338206,-0.685628,2.759141,96.007774,4.873769,0.539774,-0.030082,0.600785,-0.588894,15.614054,82.231033,7.041304,-0.090276,0.874065,0.088004,0.469165,3.302667,117.685043,28.259220,0.542369,0.808056,0.215626,0.079925,12.340649,118.936264,42.162907,0.590257,0.685698,0.407459,-0.124064,22.223253,96.366440,39.568260,-0.808875,-0.414027,-0.366970,0.199086,27.321688,83.109833,27.381706,0.065181,0.913697,0.115046,0.384282,0.409603,82.790291,15.566134,0.062548,0.990507,0.038705,0.116128,-0.665630,48.981056,6.445617,-0.013027,0.971616,0.142064,0.188706,-5.945693,3.532472,2.255225,-0.031041,0.926120,-0.102193,0.361793,13.025292,83.477654,27.860540,0.068164,0.911554,-0.074674,0.398555,12.448989,49.242592,35.278946,-0.068982,0.845900,0.089600,0.521216,4.004438,4.236209,39.037540,-0.013027,0.971616,0.142064,0.188706,-0.693998,1.751292,-11.044672,-0.068982,0.845900,0.089600,0.521216,16.703609,1.608302,32.755394
1046,8.716667,-0.052106,0.923139,0.076456,0.373166,6.716017,83.129433,21.723370,-0.062356,0.907718,0.089176,0.405226,5.608238,90.233566,22.462568,-0.024586,0.906941,0.061667,0.415994,2.715255,105.462143,24.199533,0.042531,0.923627,0.069802,0.374475,1.003865,123.150169,25.830614,0.055054,0.944940,0.003044,0.322564,2.592959,136.801224,26.776176,-0.090117,0.835756,0.148096,0.521017,-1.289241,117.726257,22.939846,0.598552,-0.413599,0.315712,-0.609096,-8.620497,117.787613,8.012954,0.607755,-0.216687,0.338358,-0.684978,2.739403,95.992699,4.893746,0.540226,-0.030830,0.601062,-0.588158,15.578832,82.209641,7.063325,-0.089979,0.874004,0.088009,0.469336,3.302852,117.679047,28.270037,0.542705,0.807542,0.216493,0.080484,12.337300,118.920876,42.176865,0.589981,0.685645,0.408178,-0.123304,22.197378,96.341957,39.575615,-0.809373,-0.413386,-0.366949,0.198433,27.315538,83.084030,27.395960,0.065105,0.913647,0.115099,0.384400,0.404283,82.784424,15.580231,0.062593,0.990488,0.038829,0.116224,-0.663501,48.975349,6.458256,-0.012938,0.971594,0.142195,0.188731,-5.945833,3.528154,2.255654,-0.030978,0.926224,-0.102371,0.361483,13.027752,83.474442,27.866507,0.068231,0.911757,-0.074504,0.398112,12.445316,49.241661,35.294945,-0.068890,0.845930,0.089685,0.521165,4.003187,4.233775,39.041012,-0.012938,0.971594,0.142195,0.188731,-0.693993,1.750217,-11.044623,-0.068890,0.845930,0.089685,0.521165,16.701288,1.606502,32.756432
1047,8.725000,-0.052105,0.923251,0.076420,0.372898,6.713871,83.125320,21.737383,-0.062281,0.907702,0.088951,0.405323,5.606524,90.229530,22.476435,-0.024587,0.906847,0.061700,0.416193,2.718454,105.458572,24.207609,0.042643,0.923689,0.069605,0.374347,1.006189,123.146439,25.839365,0.055020,0.945106,0.003037,0.322084,2.600118,136.797211,26.780649,-0.089783,0.836068,0.147820,0.520652,-1.285603,117.722748,22.947159,0.599309,-0.414080,0.315537,-0.608114,-8.631490,117.785881,8.027469,0.608440,-0.217430,0.338612,-0.684008,2.714136,95.981789,4.920528,0.540823,-0.031490,0.601593,-0.587030,15.536324,82.180206,7.093710,-0.089488,0.873986,0.087796,0.469503,3.304159,117.675148,28.279352,0.542878,0.807068,0.217531,0.081265,12.336322,118.905472,42.188686,0.589876,0.685451,0.408782,-0.122888,22.180826,96.319817,39.586994,-0.809659,-0.413312,-0.366584,0.198095,27.306452,83.067894,27.409595,0.065015,0.913705,0.115181,0.384251,0.398605,82.779640,15.597916,0.062579,0.990541,0.039062,0.115705,-0.662695,48.971066,6.473310,-0.012818,0.971585,0.142272,0.188727,-5.943416,3.525379,2.252421,-0.030956,0.926379,-0.102448,0.361065,13.029138,83.471008,27.876850,0.068334,0.912034,-0.074367,0.397484,12.446622,49.239235,35.309937,-0.068975,0.845961,0.089786,0.521086,4.003407,4.230773,39.046608,-0.012818,0.971585,0.142272,0.188727,-0.692475,1.749030,-11.048424,-0.068975,0.845961,0.089786,0.521086,16.701155,1.607216,32.759762
1048,8.733333,-0.052236,0.923463,0.076707,0.372296,6.706542,83.124222,21.745571,-0.061958,0.907772,0.088616,0.405288,5.596403,90.227600,22.488432,-0.024502,0.906792,0.061717,0.416316,2.723214,105.451607,24.213547,0.042601,0.923745,0.069668,0.374201,1.013220,123.139549,25.846886,0.055024,0.945258,0.002847,0.321639,2.605369,136.790482,26.788898,-0.089650,0.836219,0.147601,0.520494,-1.278654,117.716537,22.953472,0.599851,-0.414561,0.315629,-0.607204,-8.630810,117.778374,8.036871,0.609628,-0.218312,0.339142,-0.682404,2.692195,95.960335,4.945308,0.542629,-0.033230,0.601064,-0.585808,15.490108,82.131180,7.137080,-0.089365,0.873858,0.087783,0.469766,3.309732,117.667625,28.286835,0.543052,0.806897,0.217676,0.081420,12.334393,118.893410,42.201431,0.589560,0.685665,0.408833,-0.123035,22.168278,96.303162,39.599495,-0.809960,-0.413522,-0.365726,0.198013,27.305836,83.058777,27.422609,0.064768,0.913689,0.115353,0.384280,0.383610,82.777275,15.614076,0.062695,0.990517,0.039160,0.115806,-0.656930,48.969234,6.485098,-0.013120,0.971589,0.142137,0.188787,-5.946731,3.525594,2.253596,-0.030914,0.926373,-0.102575,0.361049,13.029475,83.471169,27.877068,0.068346,0.912064,-0.074244,0.397436,12.441133,49.241039,35.317249,-0.068969,0.845931,0.089684,0.521154,4.001518,4.231050,39.043598,-0.013120,0.971589,0.142137,0.188787,-0.692149,1.746960,-11.045500,-0.068969,0.845931,0.089684,0.521154,16.699924,1.604947,32.759159
1049,8.741667,-0.052304,0.923480,0.076273,0.372333,6.707664,83.114716,21.764006,-0.062221,0.907714,0.088330,0.405439,5.598898,90.218948,22.500702,-0.024283,0.906726,0.061806,0.416460,2.720207,105.450729,24.214748,0.042635,0.923805,0.069610,0.374060,1.015697,123.138657,25.853951,0.055060,0.945407,0.002691,0.321197,2.609277,136.789520,26.794407,-0.089904,0.836224,0.147314,0.520525,-1.277177,117.717453,22.957935,0.600425,-0.415021,0.315725,-0.606271,-8.626764,117.767357,8.040023,0.610303,-0.218891,0.339590,-0.681392,2.674300,95.935524,4.965678,0.543244,-0.032968,0.602505,-0.583770,15.441373,82.099342,7.168252,-0.089280,0.873747,0.087887,0.469969,3.309674,117.665085,28.292587,0.542900,0.806835,0.218120,0.081852,12.328498,118.885895,42.211407,0.589423,0.685731,0.408843,-0.123295,22.167080,96.296921,39.616169,-0.810274,-0.414014,-0.364516,0.197931,27.309927,83.054466,27.430317,0.064796,0.913774,0.115547,0.384016,0.385343,82.763847,15.632102,0.062766,0.990509,0.039225,0.115818,-0.654285,48.959206,6.490488,-0.012897,0.971521,0.142414,0.188944,-5.949757,3.516859,2.252244,-0.030785,0.926514,-0.102454,0.360731,13.029986,83.465591,27.895910,0.068360,0.912072,-0.074141,0.397435,12.438939,49.233162,35.325314,-0.069017,0.845919,0.089766,0.521152,4.001834,4.221949,39.042622,-0.012897,0.971521,0.142414,0.188944,-0.692384,1.744850,-11.046635,-0.069017,0.845919,0.089766,0.521152,16.700727,1.598558,32.758030
1050,8.750000,-0.052345,0.923670,0.076436,0.371821,6.698590,83.113304,21.771215,-0.061826,0.907734,0.087943,0.405541,5.588823,90.217117,22.510462,-0.024234,0.906596,0.061905,0.416730,2.727211,105.445648,24.217649,0.042623,0.923823,0.069684,0.374003,1.022333,123.133232,25.860279,0.055064,0.945551,0.002475,0.320773,2.614823,136.784119,26.802332,-0.089557,0.836296,0.147158,0.520512,-1.269022,117.712822,22.961563,0.600937,-0.415477,0.315956,-0.605331,-8.621135,117.769409,8.044916,0.611364,-0.219917,0.340536,-0.679636,2.653944,95.921257,4.991104,0.545071,-0.034312,0.602310,-0.582188,15.388229,82.041252,7.218910,-0.089360,0.873600,0.087868,0.470230,3.314692,117.658974,28.298897,0.542814,0.806845,0.218267,0.081939,12.324866,118.881203,42.223194,0.589179,0.686069,0.408435,-0.123929,22.167397,96.293892,39.628456,-0.810435,-0.414974,-0.362876,0.198274,27.315157,83.057938,27.437370,0.064493,0.913806,0.115640,0.383963,0.369628,82.761971,15.646193,0.062817,0.990530,0.039433,0.115539,-0.648628,48.956085,6.506766,-0.013065,0.971539,0.142308,0.188919,-5.947649,3.515822,2.250623,-0.030824,0.926428,-0.102473,0.360944,13.027552,83.464630,27.896236,0.068343,0.912028,-0.074171,0.397534,12.436845,49.232647,35.327698,-0.069594,0.846008,0.089167,0.521035,3.999697,4.221624,39.047184,-0.013065,0.971539,0.142308,0.188919,-0.689827,1.741714,-11.047797,-0.069594,0.846008,0.089167,0.521035,16.698885,1.592458,32.765598
1051,8.758333,-0.052376,0.923853,0.076668,0.371315,6.693760,83.111610,21.777216,-0.061679,0.907751,0.087585,0.405603,5.582747,90.214859,22.519978,-0.024123,0.906500,0.062011,0.416930,2.729983,105.443977,24.218603,0.042741,0.923865,0.069658,0.373890,1.026775,123.131287,25.865915,0.055092,0.945704,0.002411,0.320317,2.622497,136.781784,26.808155,-0.089544,0.836250,0.147037,0.520623,-1.264073,117.712067,22.964569,0.601198,-0.415870,0.316387,-0.604577,-8.612392,117.767609,8.046049,0.611845,-0.220580,0.341394,-0.678557,2.632991,95.901283,5.012926,0.545626,-0.033584,0.604801,-0.579121,15.325358,82.003204,7.257272,-0.089405,0.873533,0.088485,0.470231,3.317365,117.655968,28.303831,0.542633,0.807085,0.217887,0.081783,12.327238,118.869637,42.229073,0.588874,0.686480,0.407797,-0.125197,22.180742,96.286324,39.641224,-0.810558,-0.416275,-0.360804,0.198826,27.328514,83.069740,27.438259,0.064390,0.913769,0.115673,0.384058,0.358232,82.760445,15.658975,0.062814,0.990542,0.039603,0.115377,-0.651607,48.954159,6.520068,-0.013044,0.971519,0.142290,0.189035,-5.949251,3.515106,2.249297,-0.030819,0.926508,-0.102598,0.360703,13.029289,83.462784,27.895456,0.068368,0.912081,-0.074037,0.397432,12.436988,49.232586,35.334988,-0.068816,0.845932,0.089838,0.521146,4.003015,4.220054,39.043358,-0.013044,0.971519,0.142290,0.189035,-0.688545,1.740319,-11.047894,-0.068816,0.845932,0.089838,0.521146,16.700775,1.595357,32.757015
1052,8.766667,-0.052443,0.923839,0.076106,0.371455,6.697762,83.101952,21.795748,-0.061816,0.907706,0.087268,0.405751,5.588736,90.206345,22.530529,-0.024066,0.906437,0.062103,0.417055,2.734760,105.442108,24.218645,0.042928,0.923906,0.069731,0.373755,1.031812,123.129105,25.869530,0.055106,0.945856,0.002263,0.319867,2.631468,136.778915,26.815111,-0.089463,0.836238,0.146889,0.520697,-1.258476,117.710648,22.966335,0.602014,-0.416529,0.316745,-0.603121,-8.604733,117.766281,8.046802,0.613073,-0.221484,0.341563,-0.677068,2.602226,95.875587,5.047403,0.546968,-0.034311,0.605743,-0.576823,15.275219,81.960999,7.300863,-0.089561,0.873401,0.087890,0.470559,3.321534,117.653145,28.306808,0.542406,0.807374,0.217512,0.081434,12.320240,118.879280,42.238174,0.588833,0.686759,0.407003,-0.126436,22.188786,96.302559,39.650097,-0.809937,-0.418989,-0.359199,0.198561,27.326525,83.096420,27.432459,0.064503,0.913969,0.115757,0.383537,0.364181,82.746216,15.675755,0.062760,0.990542,0.039731,0.115366,-0.655773,48.942314,6.529187,-0.013082,0.971463,0.142650,0.189051,-5.947124,3.503561,2.247428,-0.030741,0.926536,-0.102427,0.360686,13.031343,83.457687,27.915743,0.068434,0.912178,-0.073981,0.397209,12.438431,49.224689,35.342354,-0.068856,0.845935,0.090035,0.521101,4.001858,4.212234,39.045692,-0.013082,0.971463,0.142650,0.189051,-0.685314,1.739197,-11.050712,-0.068856,0.845935,0.090035,0.521101,16.699738,1.592892,32.757359
1053,8.775000,-0.052396,0.923928,0.076008,0.371260,6.692596,83.099876,21.805698,-0.061689,0.907711,0.086920,0.405833,5.584873,90.204552,22.539671,-0.023991,0.906369,0.062201,0.417193,2.739305,105.439255,24.219021,0.042903,0.923943,0.069795,0.373654,1.037074,123.125946,25.873930,0.055219,0.945970,0.002151,0.319511,2.635410,136.775833,26.820597,-0.089288,0.836189,0.146702,0.520859,-1.252733,117.708382,22.968681,0.601991,-0.416660,0.317301,-0.602761,-8.594406,117.766556,8.046892,0.613923,-0.222287,0.342656,-0.675480,2.589691,95.861473,5.067244,0.548709,-0.036246,0.605577,-0.575223,15.228367,81.905312,7.351260,-0.089899,0.873293,0.088689,0.470544,3.325713,117.649208,28.310480,0.542029,0.807841,0.216903,0.080939,12.322881,118.872391,42.243107,0.588867,0.687227,0.405652,-0.128072,22.215687,96.306000,39.657494,-0.809913,-0.420979,-0.356485,0.199338,27.335348,83.109795,27.427286,0.064417,0.913923,0.115825,0.383641,0.356381,82.743927,15.688440,0.062737,0.990577,0.039870,0.115029,-0.655185,48.940357,6.539711,-0.012838,0.971468,0.142736,0.188976,-5.944416,3.502360,2.247382,-0.030779,0.926561,-0.102382,0.360633,13.028810,83.455826,27.922955,0.068473,0.912219,-0.073916,0.397120,12.439999,49.222343,35.347668,-0.068915,0.845899,0.090057,0.521148,4.002906,4.209486,39.045010,-0.012838,0.971468,0.142736,0.188976,-0.686282,1.739185,-11.052375,-0.068915,0.845899,0.090057,0.521148,16.701874,1.591580,32.758270
1054,8.783333,-0.052471,0.924080,0.076322,0.370808,6.687441,83.102798,21.809452,-0.061459,0.907776,0.086589,0.405793,5.577415,90.206673,22.547722,-0.023878,0.906341,0.062321,0.417243,2.743817,105.437103,24.220106,0.042976,0.923980,0.069847,0.373544,1.043345,123.123444,25.880474,0.055301,0.946066,0.001949,0.319214,2.642964,136.773056,26.828884,-0.089554,0.835983,0.146735,0.521135,-1.246774,117.707062,22.973289,0.602113,-0.417026,0.317711,-0.602170,-8.577321,117.760376,8.046023,0.614825,-0.222855,0.343371,-0.674108,2.578785,95.838928,5.081830,0.549950,-0.037258,0.606496,-0.573001,15.187332,81.863564,7.390933,-0.089917,0.873226,0.087938,0.470806,3.331161,117.645691,28.315500,0.542614,0.807641,0.216348,0.080500,12.320005,118.880203,42.252491,0.587682,0.688421,0.405009,-0.129130,22.184870,96.302704,39.657162,-0.810164,-0.422288,-0.354002,0.199975,27.347500,83.121117,27.423727,0.064293,0.913892,0.115766,0.383753,0.345445,82.746933,15.698189,0.062754,0.990564,0.040049,0.115071,-0.658736,48.941292,6.556293,-0.012668,0.971475,0.142619,0.189040,-5.947427,3.504804,2.247288,-0.030784,0.926480,-0.102407,0.360831,13.029437,83.458664,27.920717,0.068420,0.912073,-0.074008,0.397447,12.438681,49.225559,35.347019,-0.069573,0.845998,0.089244,0.521039,4.001343,4.213288,39.050903,-0.012668,0.971475,0.142619,0.189040,-0.688973,1.737387,-11.051776,-0.069573,0.845998,0.089244,0.521039,16.700668,1.585684,32.768944
1055,8.791667,-0.052401,0.924161,0.076384,0.370603,6.685798,83.098984,21.813828,-0.061369,0.907789,0.086441,0.405809,5.576540,90.202827,22.553543,-0.023824,0.906309,0.062344,0.417313,2.746998,105.435921,24.223057,0.042980,0.924023,0.069932,0.373421,1.047818,123.122253,25.884857,0.055486,0.946170,0.001821,0.318874,2.646614,136.771835,26.835096,-0.089416,0.835930,0.146572,0.521289,-1.242345,117.706345,22.976824,-0.602117,0.417256,-0.318166,0.601767,-8.568364,117.761574,8.047344,0.614938,-0.223338,0.344013,-0.673517,2.563901,95.825981,5.098262,0.549960,-0.036743,0.608867,-0.570504,15.143308,81.834328,7.415698,-0.090156,0.873197,0.087924,0.470816,3.334800,117.644073,28.319696,0.542023,0.808259,0.215798,0.079750,12.321881,118.885628,42.257195,0.588094,0.688837,0.403344,-0.130241,22.224443,96.325378,39.655361,-0.810437,-0.423348,-0.351600,0.200863,27.358883,83.130875,27.419992,0.064275,0.913952,0.115825,0.383595,0.341005,82.744308,15.705400,0.062738,0.990537,0.040061,0.115304,-0.661948,48.939453,6.560454,-0.013050,0.971468,0.142519,0.189126,-5.948059,3.502867,2.249294,-0.030773,0.926491,-0.102439,0.360795,13.030592,83.453659,27.922255,0.068448,0.912138,-0.073965,0.397302,12.438595,49.220955,35.350315,-0.069449,0.846005,0.089306,0.521034,4.001041,4.208455,39.050972,-0.013050,0.971468,0.142519,0.189126,-0.684662,1.734585,-11.047697,-0.069449,0.846005,0.089306,0.521034,16.699680,1.580450,32.767796
1056,8.800000,-0.052339,0.924139,0.075986,0.370746,6.688734,83.092484,21.825331,-0.061336,0.907765,0.086296,0.405899,5.582288,90.197289,22.559933,-0.023922,0.906263,0.062512,0.417381,2.753831,105.439438,24.226421,0.042820,0.924063,0.069918,0.373343,1.048844,123.124863,25.892010,0.055832,0.946221,0.001678,0.318663,2.643692,136.775070,26.840055,-0.089539,0.835789,0.146428,0.521534,-1.239144,117.708900,22.982349,-0.602292,0.417652,-0.318351,0.601219,-8.555936,117.759850,8.048328,0.615511,-0.223900,0.344652,-0.672480,2.554093,95.811935,5.107073,0.550624,-0.036851,0.610500,-0.568107,15.106374,81.800613,7.441185,-0.090121,0.873197,0.087955,0.470818,3.337139,117.646828,28.325966,0.541264,0.808830,0.215643,0.079532,12.324379,118.886856,42.263500,0.588812,0.688668,0.402277,-0.131182,22.269413,96.344635,39.667484,-0.810640,-0.424289,-0.349800,0.201201,27.365738,83.137215,27.414795,0.064409,0.914074,0.115886,0.383263,0.345696,82.736427,15.715161,0.062679,0.990499,0.040067,0.115659,-0.667498,48.933784,6.563175,-0.012510,0.971454,0.142723,0.189077,-5.946576,3.496561,2.250142,-0.030706,0.926567,-0.102327,0.360638,13.031772,83.448532,27.935501,0.068492,0.912193,-0.073891,0.397180,12.439575,49.213951,35.354862,-0.069657,0.845980,0.089327,0.521044,4.001503,4.201001,39.048843,-0.012510,0.971454,0.142723,0.189077,-0.688178,1.731250,-11.049220,-0.069657,0.845980,0.089327,0.521044,16.701620,1.576656,32.767124
1057,8.808333,-0.052232,0.924270,0.076040,0.370425,6.684335,83.093086,21.828632,-0.061120,0.907827,0.086182,0.405817,5.579284,90.197945,22.564917,-0.023940,0.906267,0.062475,0.417377,2.758739,105.440186,24.231056,0.042958,0.924090,0.070048,0.373235,1.053730,123.125748,25.895208,0.055893,0.946306,0.001531,0.318400,2.650707,136.775391,26.847645,-0.089562,0.835694,0.146587,0.521637,-1.234265,117.709541,22.986006,-0.602543,0.417981,-0.318465,0.600678,-8.547327,117.763397,8.050166,0.615690,-0.224585,0.345311,-0.671750,2.545470,95.805588,5.117686,0.550745,-0.036927,0.612038,-0.566326,15.071884,81.766151,7.458816,-0.090211,0.873159,0.088035,0.470856,3.342048,117.647911,28.329599,0.541167,0.809001,0.215380,0.079162,12.327547,118.889091,42.268150,0.588789,0.689005,0.401505,-0.131884,22.280678,96.351151,39.666061,-0.810907,-0.425084,-0.348079,0.201431,27.371887,83.141731,27.409155,0.064521,0.913978,0.115896,0.383470,0.336897,82.738586,15.722940,0.062529,0.990398,0.040030,0.116619,-0.681084,48.937111,6.567163,-0.012902,0.971493,0.142562,0.188975,-5.942834,3.497901,2.253939,-0.030755,0.926646,-0.102561,0.360364,13.031772,83.447594,27.934322,0.068607,0.912437,-0.073688,0.396639,12.438987,49.216579,35.370064,-0.069484,0.845969,0.089393,0.521074,4.000876,4.202318,39.047890,-0.012902,0.971493,0.142562,0.188975,-0.684442,1.730129,-11.045100,-0.069484,0.845969,0.089393,0.521074,16.700537,1.576968,32.765667
1058,8.816667,-0.052158,0.924311,0.076018,0.370337,6.684600,83.092682,21.831751,-0.060938,0.907861,0.086253,0.405752,5.580730,90.197701,22.568247,-0.024001,0.906287,0.062386,0.417345,2.765262,105.436302,24.238476,0.042888,0.924111,0.070089,0.373186,1.059677,123.122154,25.898891,0.055962,0.946327,0.001494,0.318326,2.654464,136.772049,26.851517,-0.089489,0.835640,0.146439,0.521778,-1.228293,117.705223,22.991013,-0.602475,0.418124,-0.318614,0.600567,-8.536900,117.759384,8.052991,0.616004,-0.225047,0.345993,-0.670956,2.545271,95.796028,5.121891,0.551332,-0.038291,0.612134,-0.565561,15.050089,81.731483,7.478842,-0.090358,0.873129,0.088119,0.470867,3.348361,117.644943,28.334328,0.541149,0.809097,0.215189,0.078834,12.332648,118.888947,42.273415,0.588795,0.689302,0.400759,-0.132573,22.289341,96.353439,39.663879,-0.811119,-0.425885,-0.346409,0.201765,27.373955,83.142616,27.402855,0.064476,0.913942,0.116157,0.383486,0.335880,82.739090,15.727341,0.063363,0.989995,0.039580,0.119701,-0.671920,48.941441,6.556334,-0.012909,0.971300,0.142137,0.190283,-6.000833,3.508580,2.258679,-0.030701,0.926668,-0.102554,0.360313,13.033321,83.446274,27.936161,0.068591,0.912474,-0.073684,0.396557,12.437619,49.214928,35.370163,-0.069526,0.845975,0.089401,0.521057,4.001310,4.200408,39.048992,-0.012909,0.971300,0.142137,0.190283,-0.708437,1.728258,-11.025187,-0.069526,0.845975,0.089401,0.521057,16.701015,1.575886,32.766514
1059,8.825000,-0.052115,0.924360,0.075960,0.370233,6.684597,83.090508,21.834108,-0.060934,0.907920,0.086351,0.405600,5.581686,90.195717,22.570192,-0.023912,0.906370,0.062224,0.417193,2.765964,105.430725,24.243361,0.042928,0.924142,0.070235,0.373076,1.065930,123.117447,25.900185,0.055991,0.946359,0.001339,0.318227,2.660186,136.767120,26.856625,-0.089260,0.835671,0.146289,0.521810,-1.224576,117.700485,22.994383,-0.602731,0.418421,-0.318468,0.600181,-8.533431,117.758469,8.056499,0.616203,-0.225267,0.346220,-0.670582,2.541053,95.791389,5.124243,0.551054,-0.039011,0.612831,-0.565027,15.037674,81.717392,7.487027,-0.090446,0.873106,0.088109,0.470895,3.353922,117.640160,28.336121,0.541106,0.809179,0.215075,0.078588,12.336786,118.886734,42.275894,0.588804,0.689529,0.400227,-0.132956,22.297670,96.353767,39.660355,-0.811398,-0.426153,-0.345252,0.202058,27.378590,83.139427,27.398613,0.064360,0.913923,0.116136,0.383556,0.334439,82.737045,15.731186,0.063417,0.990076,0.039753,0.118945,-0.665818,48.938019,6.564435,-0.012641,0.971257,0.142271,0.190418,-6.000995,3.507051,2.254544,-0.030581,0.926764,-0.102472,0.360101,13.034757,83.443970,27.937031,0.068511,0.912419,-0.073749,0.396685,12.435021,49.210930,35.362892,-0.069661,0.845953,0.089500,0.521057,4.002562,4.196277,39.048901,-0.012641,0.971257,0.142271,0.190418,-0.706856,1.729052,-11.028941,-0.069661,0.845953,0.089500,0.521057,16.703341,1.576185,32.766747
1060,8.833333,-0.051792,0.924500,0.076055,0.369910,6.674799,83.091316,21.831623,-0.060614,0.907998,0.086347,0.405475,5.575948,90.196793,22.571098,-0.023893,0.906396,0.062245,0.417134,2.769962,105.430580,24.248371,0.043038,0.924225,0.070229,0.372858,1.070336,123.117241,25.906254,0.056170,0.946486,0.001191,0.317817,2.667381,136.766571,26.862999,-0.089221,0.835635,0.146225,0.521892,-1.220610,117.700432,23.000496,-0.602883,0.418697,-0.318345,0.599901,-8.526855,117.758896,8.061337,0.616242,-0.225510,0.346385,-0.670379,2.540066,95.788498,5.125411,0.550719,-0.039284,0.613706,-0.564385,15.026999,81.708351,7.487876,-0.090385,0.873152,0.088066,0.470830,3.358589,117.639832,28.341631,0.542315,0.808540,0.214609,0.078098,12.343864,118.885628,42.279919,0.587457,0.690485,0.400545,-0.132999,22.243649,96.328369,39.641876,-0.811839,-0.426200,-0.344440,0.201574,27.383265,83.130714,27.388090,0.064185,0.913906,0.116216,0.383601,0.319830,82.743172,15.733401,0.063389,0.990086,0.039761,0.118874,-0.666590,48.943871,6.566169,-0.012660,0.971298,0.142082,0.190350,-5.999437,3.512630,2.256305,-0.030680,0.926821,-0.102611,0.359907,13.029769,83.439453,27.929842,0.068553,0.912558,-0.073701,0.396367,12.434483,49.208828,35.367195,-0.069707,0.845991,0.089502,0.520988,4.001542,4.194048,39.050587,-0.012660,0.971298,0.142082,0.190350,-0.707166,1.729409,-11.027225,-0.069707,0.845991,0.089502,0.520988,16.701622,1.574683,32.766712
1061,8.841667,-0.051953,0.924609,0.076109,0.369605,6.684915,83.098625,21.831224,-0.060730,0.908055,0.086632,0.405270,5.583871,90.203751,22.570906,-0.023832,0.906472,0.062172,0.416983,2.773342,105.425392,24.254206,0.043031,0.924256,0.070268,0.372776,1.077045,123.112488,25.910938,0.056224,0.946489,0.001105,0.317799,2.673488,136.761841,26.868361,-0.089013,0.835646,0.146064,0.521956,-1.215742,117.695747,23.006495,-0.602752,0.418823,-0.318378,0.599927,-8.521000,117.757454,8.066861,0.615941,-0.225654,0.346653,-0.670469,2.539624,95.784592,5.125584,0.550138,-0.039772,0.614113,-0.564475,15.017303,81.695305,7.485980,-0.090337,0.873158,0.088004,0.470839,3.365276,117.634941,28.346067,0.541216,0.809046,0.215370,0.078397,12.350557,118.880318,42.284393,0.589064,0.689425,0.400001,-0.133030,22.307047,96.347412,39.651566,-0.811992,-0.426317,-0.344029,0.201412,27.378576,83.121407,27.382845,0.064363,0.913920,0.116173,0.383550,0.326262,82.747696,15.737004,0.063263,0.990135,0.039832,0.118503,-0.673219,48.949287,6.567883,-0.012423,0.971333,0.141926,0.190301,-5.995481,3.517100,2.254869,-0.030341,0.926911,-0.102804,0.359647,13.043568,83.449554,27.925447,0.068381,0.912546,-0.073672,0.396429,12.423460,49.220253,35.366863,-0.069581,0.846079,0.089273,0.520903,4.005621,4.202929,39.053696,-0.012423,0.971333,0.141926,0.190301,-0.706374,1.728225,-11.029164,-0.069581,0.846079,0.089273,0.520903,16.703100,1.576068,32.767689
1062,8.850000,-0.051522,0.924485,0.075372,0.370125,6.677070,83.082977,21.841326,-0.060578,0.908038,0.086518,0.405354,5.585253,90.190353,22.572945,-0.023731,0.906497,0.062240,0.416924,2.777679,105.427132,24.256269,0.043056,0.924310,0.070192,0.372653,1.083760,123.114098,25.916832,0.056354,0.946540,0.001125,0.317625,2.681566,136.763443,26.872169,-0.089234,0.835681,0.145963,0.521891,-1.210098,117.698227,23.011620,-0.602826,0.419064,-0.318203,0.599778,-8.516302,117.751625,8.072426,0.615867,-0.225573,0.346506,-0.670640,2.539845,95.777603,5.123008,0.549529,-0.040189,0.614252,-0.564887,15.019035,81.696526,7.478864,-0.090147,0.873172,0.087959,0.470857,3.371677,117.635788,28.350523,0.541413,0.808853,0.215611,0.078358,12.357526,118.876328,42.288910,0.588838,0.689793,0.399757,-0.132852,22.303728,96.340164,39.645187,-0.812387,-0.425464,-0.343525,0.202478,27.387920,83.105499,27.385668,0.064401,0.914047,0.116312,0.383199,0.324425,82.735085,15.740672,0.063198,0.990112,0.039765,0.118756,-0.677205,48.939285,6.562188,-0.012636,0.971304,0.142254,0.190189,-5.993208,3.505856,2.254583,-0.030548,0.926927,-0.102756,0.359603,13.029714,83.430862,27.941978,0.068547,0.912843,-0.073404,0.395765,12.424638,49.201763,35.385551,-0.069162,0.845954,0.090302,0.520984,4.005273,4.182896,39.049973,-0.012636,0.971304,0.142254,0.190189,-0.705137,1.727457,-11.031262,-0.069162,0.845954,0.090302,0.520984,16.704023,1.574602,32.758820
1063,8.858333,-0.051382,0.924582,0.075402,0.369896,6.670965,83.084160,21.838428,-0.060436,0.908103,0.086592,0.405213,5.581038,90.191689,22.571476,-0.023591,0.906556,0.062149,0.416819,2.777464,105.425072,24.258726,0.043088,0.924348,0.070169,0.372561,1.089600,123.112663,25.918633,0.056414,0.946559,0.001221,0.317557,2.688423,136.761932,26.873434,-0.089263,0.835662,0.146181,0.521855,-1.206717,117.697357,23.014332,-0.602734,0.419247,-0.318180,0.599754,-8.513996,117.753624,8.075675,0.615712,-0.225578,0.346420,-0.670825,2.535264,95.777092,5.119181,0.549173,-0.040498,0.614147,-0.565325,15.018368,81.695007,7.469642,-0.090070,0.873201,0.087944,0.470822,3.376386,117.633781,28.352081,0.541609,0.808679,0.215794,0.078302,12.363789,118.872513,42.289627,0.588911,0.689689,0.399950,-0.132487,22.299934,96.333076,39.635994,-0.812439,-0.425243,-0.343915,0.202074,27.384781,83.093742,27.380579,0.064340,0.914069,0.116342,0.383150,0.315074,82.738358,15.741038,0.063122,0.990117,0.039781,0.118746,-0.682326,48.942505,6.562274,-0.012765,0.971339,0.142100,0.190121,-5.991336,3.508308,2.254052,-0.030473,0.926975,-0.102901,0.359444,13.026857,83.429962,27.935818,0.068457,0.912980,-0.073411,0.395464,12.414508,49.202637,35.386955,-0.069836,0.846058,0.089694,0.520830,4.003509,4.182753,39.058094,-0.012765,0.971339,0.142100,0.190121,-0.704281,1.726229,-11.031707,-0.069836,0.846058,0.089694,0.520830,16.702583,1.569921,32.769470
1064,8.866667,-0.050681,0.924642,0.074836,0.369956,6.658088,83.087227,21.843941,-0.060396,0.908120,0.086572,0.405185,5.580445,90.197014,22.573187,-0.023485,0.906586,0.062163,0.416758,2.779045,105.426575,24.260029,0.043119,0.924370,0.070165,0.372502,1.094510,123.114288,25.922091,0.056568,0.946565,0.001278,0.317512,2.694144,136.763458,26.876932,-0.089159,0.835779,0.146055,0.521720,-1.203186,117.699684,23.017551,-0.602695,0.419447,-0.318058,0.599718,-8.515790,117.755653,8.081491,0.615515,-0.225408,0.345931,-0.671315,2.528997,95.778145,5.115556,0.548580,-0.040377,0.614143,-0.565913,15.022786,81.713455,7.451169,-0.089893,0.873258,0.088021,0.470736,3.380706,117.634735,28.354609,0.542029,0.808415,0.215825,0.078038,12.371876,118.867531,42.290257,0.588737,0.689761,0.400221,-0.132064,22.287521,96.321060,39.619713,-0.812512,-0.424994,-0.344400,0.201479,27.383745,83.080879,27.372673,0.064226,0.914079,0.116421,0.383119,0.301716,82.749176,15.746614,0.063032,0.990148,0.039822,0.118522,-0.686589,48.953571,6.565951,-0.012677,0.971405,0.141820,0.189999,-5.987888,3.518629,2.256171,-0.030444,0.927048,-0.102768,0.359298,13.014460,83.425270,27.941269,0.068371,0.912915,-0.073386,0.395634,12.404760,49.195896,35.383202,-0.070095,0.845974,0.089815,0.520911,4.001236,4.174578,39.053856,-0.012677,0.971405,0.141820,0.189999,-0.704996,1.728180,-11.030121,-0.070095,0.845974,0.089815,0.520911,16.703382,1.568644,32.768570
1065,8.875000,-0.051066,0.924583,0.074911,0.370037,6.674284,83.078636,21.839138,-0.060442,0.908129,0.086712,0.405128,5.591051,90.187691,22.567213,-0.023411,0.906628,0.062215,0.416661,2.784962,105.425873,24.258644,0.043181,0.924380,0.070193,0.372463,1.102226,123.113480,25.923655,0.056555,0.946555,0.001361,0.317542,2.703136,136.762405,26.879723,-0.088782,0.835962,0.146029,0.521499,-1.196554,117.699493,23.018841,-0.602692,0.419572,-0.317972,0.599679,-8.519036,117.763863,8.087654,0.615365,-0.225283,0.345480,-0.671727,2.523293,95.785866,5.116213,0.548173,-0.040582,0.613653,-0.566823,15.030684,81.731888,7.438948,-0.089677,0.873299,0.087946,0.470715,3.388521,117.633392,28.354866,0.542123,0.808163,0.216416,0.078362,12.381644,118.861259,42.289688,0.588922,0.689452,0.400626,-0.131624,22.289743,96.312042,39.614262,-0.812324,-0.424662,-0.345185,0.201592,27.379612,83.075905,27.374506,0.064498,0.914282,0.116388,0.382600,0.319655,82.734970,15.740308,0.063002,0.990125,0.039703,0.118770,-0.692067,48.941288,6.555118,-0.012722,0.971327,0.142263,0.190061,-5.990957,3.505135,2.255163,-0.030119,0.927125,-0.103072,0.359039,13.028913,83.422302,27.937969,0.068279,0.913007,-0.073243,0.395464,12.392485,49.195938,35.391491,-0.070127,0.846009,0.089898,0.520836,4.002393,4.171538,39.055130,-0.012722,0.971327,0.142263,0.190061,-0.705624,1.727481,-11.031877,-0.070127,0.846009,0.089898,0.520836,16.703865,1.568075,32.767456
1066,8.883333,-0.050899,0.924829,0.075558,0.369313,6.658972,83.091064,21.823484,-0.059950,0.908257,0.086736,0.404911,5.575116,90.198959,22.561895,-0.023292,0.906659,0.062212,0.416602,2.785134,105.427216,24.259659,0.043234,0.924396,0.070208,0.372416,1.106406,123.115036,25.926464,0.056621,0.946562,0.001395,0.317510,2.708501,136.763779,26.883310,-0.088721,0.836033,0.146118,0.521370,-1.193951,117.701790,23.021513,-0.602608,0.419735,-0.317870,0.599704,-8.521268,117.768585,8.092719,0.615331,-0.225014,0.345018,-0.672086,2.517488,95.790123,5.111488,0.547926,-0.040750,0.613034,-0.567720,15.040075,81.751404,7.426516,-0.089551,0.873380,0.088018,0.470575,3.391891,117.634247,28.356859,0.542307,0.807979,0.216632,0.078381,12.390153,118.857994,42.288719,0.588814,0.689419,0.400972,-0.131226,22.288174,96.305290,39.605541,-0.812574,-0.423834,-0.345627,0.201571,27.386782,83.068207,27.370049,0.064190,0.914177,0.116228,0.382950,0.294610,82.753143,15.734495,0.062826,0.990221,0.039902,0.117996,-0.698374,48.954071,6.567110,-0.012708,0.971410,0.141933,0.189884,-5.982435,3.517330,2.255116,-0.030143,0.927089,-0.103466,0.359016,13.023335,83.428978,27.912474,0.068083,0.912971,-0.073121,0.395603,12.378671,49.208420,35.391914,-0.069363,0.845964,0.090461,0.520913,4.008740,4.179931,39.051319,-0.012708,0.971410,0.141933,0.189884,-0.702233,1.730318,-11.032702,-0.069363,0.845964,0.090461,0.520913,16.708103,1.578509,32.758556
1067,8.891667,-0.050867,0.924825,0.075466,0.369345,6.662121,83.089615,21.819983,-0.059915,0.908291,0.086790,0.404828,5.579156,90.197762,22.557297,-0.023238,0.906711,0.062282,0.416481,2.788970,105.429520,24.257694,0.043245,0.924436,0.070216,0.372314,1.111194,123.117126,25.927776,0.056688,0.946578,0.001524,0.317449,2.713445,136.765854,26.884613,-0.088590,0.836280,0.145926,0.521050,-1.190109,117.704407,23.022591,-0.602604,0.419844,-0.317589,0.599781,-8.529284,117.769218,8.099607,0.615374,-0.224635,0.344594,-0.672391,2.513815,95.794724,5.105131,0.547757,-0.041044,0.611991,-0.568985,15.050629,81.774994,7.417274,-0.089417,0.873438,0.088137,0.470470,3.397189,117.635880,28.356674,0.542527,0.807791,0.216777,0.078390,12.399522,118.854347,42.286373,0.588824,0.689317,0.401271,-0.130806,22.285667,96.297211,39.596577,-0.812640,-0.423246,-0.346272,0.201433,27.387901,83.057526,27.365881,0.064290,0.914319,0.116150,0.382619,0.298123,82.751663,15.730612,0.062681,0.990242,0.039927,0.117886,-0.706709,48.952232,6.565837,-0.012631,0.971424,0.142055,0.189726,-5.977849,3.514007,2.253708,-0.029923,0.927172,-0.103683,0.358757,13.026120,83.427567,27.909357,0.067987,0.912988,-0.073044,0.395595,12.363703,49.209232,35.397408,-0.070102,0.845988,0.089860,0.520879,4.004597,4.178503,39.054020,-0.012631,0.971424,0.142055,0.189726,-0.702231,1.730094,-11.036353,-0.070102,0.845988,0.089860,0.520879,16.706436,1.573732,32.767628
1068,8.900000,-0.050687,0.924887,0.075429,0.369222,6.660324,83.088982,21.814323,-0.059978,0.908339,0.086947,0.404676,5.580049,90.197472,22.552269,-0.022997,0.906800,0.062143,0.416321,2.786979,105.425087,24.256382,0.043317,0.924455,0.070446,0.372216,1.119325,123.113693,25.925886,0.056656,0.946596,0.001613,0.317401,2.721023,136.762039,26.889034,-0.088295,0.836477,0.145999,0.520764,-1.186006,117.702011,23.021973,-0.602815,0.420147,-0.317217,0.599553,-8.536839,117.774345,8.104764,0.615443,-0.224399,0.344160,-0.672628,2.505316,95.801041,5.098194,0.547442,-0.041336,0.611007,-0.570324,15.059513,81.791878,7.405503,-0.089476,0.873590,0.088336,0.470140,3.403328,117.631401,28.354279,0.542822,0.807620,0.216675,0.078399,12.415649,118.849899,42.277515,0.588838,0.689187,0.401581,-0.130471,22.285891,96.285889,39.586994,-0.812687,-0.422614,-0.347013,0.201294,27.390078,83.047012,27.360210,0.064245,0.914464,0.116076,0.382301,0.294397,82.753510,15.726830,0.062603,0.990310,0.040020,0.117327,-0.712730,48.952461,6.568289,-0.012749,0.971420,0.142011,0.189773,-5.978192,3.514013,2.251491,-0.029746,0.927202,-0.103973,0.358611,13.026249,83.424454,27.901814,0.067863,0.913017,-0.072903,0.395575,12.346188,49.209587,35.404121,-0.070229,0.845996,0.089872,0.520847,4.002590,4.175416,39.053745,-0.012749,0.971420,0.142011,0.189773,-0.700505,1.729480,-11.037665,-0.070229,0.845996,0.089872,0.520847,16.704777,1.572867,32.767139
1069,8.908333,-0.050504,0.924905,0.075262,0.369238,6.660357,83.086182,21.809425,-0.059822,0.908383,0.086908,0.404610,5.583395,90.195305,22.546120,-0.023005,0.906834,0.062338,0.416218,2.793939,105.431190,24.252182,0.043432,0.924494,0.070362,0.372121,1.123322,123.118927,25.928041,0.056682,0.946615,0.001806,0.317339,2.728755,136.766907,26.889927,-0.088245,0.836664,0.145909,0.520497,-1.181636,117.707779,23.022808,-0.602719,0.420338,-0.317126,0.599564,-8.542008,117.778076,8.110290,0.615484,-0.224179,0.343543,-0.672979,2.495053,95.803596,5.093634,0.547476,-0.041619,0.609881,-0.571475,15.071302,81.807907,7.390121,-0.089305,0.873656,0.088468,0.470025,3.408900,117.636238,28.354069,0.543014,0.807484,0.216720,0.078344,12.425836,118.848228,42.274887,0.588988,0.688904,0.401973,-0.130086,22.286142,96.280594,39.578358,-0.812639,-0.422205,-0.347927,0.200769,27.387520,83.040108,27.351915,0.064425,0.914508,0.116025,0.382181,0.294314,82.752617,15.721949,0.062376,0.990271,0.039896,0.117817,-0.726911,48.952366,6.562012,-0.012683,0.971463,0.142129,0.189468,-5.971045,3.510401,2.256301,-0.029520,0.927133,-0.104127,0.358762,13.026402,83.419746,27.896902,0.067606,0.912904,-0.072846,0.395891,12.326550,49.206196,35.403389,-0.070297,0.846031,0.090003,0.520759,4.005130,4.168069,39.054844,-0.012683,0.971463,0.142129,0.189468,-0.701737,1.728979,-11.036600,-0.070297,0.846031,0.090003,0.520759,16.706800,1.569681,32.765465
1070,8.916667,-0.049824,0.925018,0.074924,0.369116,6.642378,83.094429,21.806080,-0.059571,0.908451,0.086886,0.404499,5.576354,90.205269,22.542101,-0.022889,0.906886,0.062354,0.416108,2.796117,105.433189,24.250082,0.043513,0.924525,0.070427,0.372022,1.129232,123.121048,25.928381,0.056699,0.946642,0.001956,0.317256,2.736051,136.768723,26.892429,-0.088188,0.836771,0.145935,0.520326,-1.177483,117.710663,23.023129,-0.602651,0.420567,-0.317029,0.599523,-8.544108,117.781868,8.113705,0.615642,-0.223794,0.343020,-0.673231,2.486456,95.805481,5.087125,0.547464,-0.042316,0.608419,-0.572991,15.083134,81.827240,7.381175,-0.089163,0.873697,0.088575,0.469955,3.414412,117.637657,28.353197,0.542651,0.807556,0.217321,0.078451,12.434358,118.844185,42.272533,0.589414,0.688519,0.402210,-0.129462,22.313343,96.285645,39.568321,-0.813572,-0.420374,-0.348010,0.200688,27.402506,83.033150,27.347040,0.064223,0.914489,0.116016,0.382264,0.273538,82.769485,15.721065,0.062277,0.990300,0.039958,0.117601,-0.734202,48.967274,6.566885,-0.012806,0.971541,0.141680,0.189397,-5.969659,3.524637,2.257719,-0.029553,0.927102,-0.104240,0.358808,13.011217,83.419380,27.891096,0.067417,0.912974,-0.072789,0.395770,12.310297,49.207607,35.405602,-0.070268,0.846094,0.090076,0.520648,4.007151,4.166377,39.060371,-0.012806,0.971541,0.141680,0.189397,-0.701809,1.731144,-11.034133,-0.070268,0.846094,0.090076,0.520648,16.707220,1.569268,32.767250
1071,8.925000,-0.050363,0.924937,0.075255,0.369176,6.662807,83.085495,21.794287,-0.059781,0.908475,0.087176,0.404352,5.587804,90.194839,22.531717,-0.022738,0.906990,0.062264,0.415904,2.796361,105.431129,24.246809,0.043510,0.924567,0.070537,0.371897,1.136054,123.119629,25.924831,0.056761,0.946645,0.002194,0.317233,2.741628,136.767273,26.891294,-0.088027,0.836845,0.146090,0.520191,-1.173798,117.709824,23.020990,-0.602425,0.420630,-0.317101,0.599668,-8.546031,117.787315,8.114372,0.615713,-0.223421,0.342678,-0.673463,2.479690,95.809364,5.081498,0.547608,-0.042994,0.606862,-0.574452,15.093059,81.843254,7.376312,-0.089118,0.873745,0.088596,0.469870,3.420580,117.635643,28.348900,0.542740,0.807520,0.217249,0.078411,12.443458,118.840942,42.266441,0.589252,0.688606,0.402391,-0.129171,22.318005,96.280556,39.561455,-0.814133,-0.418914,-0.348211,0.201115,27.419218,83.021370,27.340677,0.064618,0.914728,0.115810,0.381688,0.295708,82.754059,15.707801,0.062120,0.990261,0.039831,0.118055,-0.748604,48.952061,6.556927,-0.012590,0.971465,0.142346,0.189303,-5.969177,3.506690,2.258559,-0.029118,0.927104,-0.104668,0.358714,13.029906,83.416931,27.880770,0.067243,0.912961,-0.072653,0.395856,12.290666,49.209637,35.411938,-0.070407,0.846092,0.090067,0.520633,4.006651,4.164424,39.061043,-0.012590,0.971465,0.142346,0.189303,-0.704654,1.731017,-11.037001,-0.070407,0.846092,0.090067,0.520633,16.707331,1.569200,32.768375
1072,8.933333,-0.050193,0.925106,0.075604,0.368707,6.649355,83.094681,21.780243,-0.059248,0.908565,0.087017,0.404261,5.575157,90.203514,22.523779,-0.022725,0.906969,0.062507,0.415914,2.801443,105.439568,24.241152,0.043727,0.924564,0.070547,0.371877,1.137970,123.127007,25.927174,0.056788,0.946659,0.002343,0.317184,2.748955,136.773849,26.896011,-0.087969,0.836980,0.146019,0.520004,-1.170861,117.718109,23.020823,-0.602235,0.420796,-0.317118,0.599733,-8.549917,117.794678,8.117575,0.615679,-0.223058,0.342212,-0.673851,2.468296,95.814186,5.075929,0.547467,-0.043101,0.605936,-0.575556,15.101936,81.861443,7.365757,-0.088883,0.873827,0.088772,0.469730,3.423413,117.642319,28.348801,0.542775,0.807551,0.217120,0.078206,12.452067,118.838676,42.263367,0.589314,0.688547,0.402431,-0.129077,22.326323,96.278770,39.553387,-0.814411,-0.418166,-0.348405,0.201212,27.426556,83.015808,27.331430,0.064320,0.914757,0.115666,0.381712,0.275847,82.767525,15.700237,0.062002,0.990362,0.040000,0.117213,-0.753217,48.960487,6.566254,-0.012589,0.971514,0.142155,0.189195,-5.964952,3.515020,2.258245,-0.029089,0.926948,-0.105078,0.358998,13.022863,83.421837,27.860250,0.067037,0.912787,-0.072482,0.396323,12.269047,49.220451,35.416782,-0.070629,0.846028,0.089904,0.520735,4.006497,4.170412,39.054974,-0.012589,0.971514,0.142155,0.189195,-0.703486,1.733946,-11.037805,-0.070629,0.846028,0.089904,0.520735,16.709591,1.574652,32.767387
1073,8.941667,-0.050087,0.925020,0.075249,0.369009,6.653716,83.092308,21.777880,-0.059488,0.908547,0.087180,0.404232,5.582555,90.202065,22.516920,-0.022536,0.907039,0.062451,0.415779,2.799953,105.437279,24.235985,0.043856,0.924590,0.070737,0.371761,1.143654,123.125267,25.923279,0.056800,0.946693,0.002522,0.317079,2.755918,136.771545,26.897928,-0.087789,0.836963,0.146194,0.520013,-1.168144,117.717377,23.017450,-0.601759,0.420749,-0.317487,0.600049,-8.547930,117.802063,8.114611,0.615425,-0.222716,0.341946,-0.674331,2.460688,95.816994,5.071302,0.547246,-0.042865,0.605767,-0.575961,15.101743,81.880722,7.355393,-0.088791,0.873865,0.088715,0.469688,3.427824,117.639626,28.343941,0.543066,0.807328,0.217152,0.078392,12.458333,118.834450,42.257439,0.588937,0.688507,0.403066,-0.129029,22.315466,96.266731,39.550053,-0.814705,-0.417490,-0.348612,0.201066,27.434504,83.012367,27.317139,0.064575,0.914826,0.115557,0.381537,0.283954,82.765045,15.693955,0.061878,0.990315,0.039886,0.117717,-0.766066,48.958557,6.560323,-0.012645,0.971497,0.142339,0.189137,-5.965580,3.510830,2.261321,-0.028916,0.926932,-0.105161,0.359028,13.023478,83.419571,27.861803,0.066901,0.912776,-0.072421,0.396383,12.256062,49.218716,35.419350,-0.070647,0.846060,0.090043,0.520657,4.006778,4.166195,39.056904,-0.012645,0.971497,0.142339,0.189137,-0.705045,1.735290,-11.035839,-0.070647,0.846060,0.090043,0.520657,16.709209,1.574044,32.766502
1074,8.950000,-0.049980,0.925071,0.075364,0.368870,6.648682,83.096222,21.767313,-0.059327,0.908587,0.087164,0.404169,5.578453,90.205887,22.508623,-0.022423,0.907059,0.062549,0.415726,2.800780,105.441216,24.229435,0.043880,0.924606,0.070934,0.371681,1.146808,123.128952,25.921667,0.056940,0.946719,0.002608,0.316976,2.757645,136.775040,26.901363,-0.087662,0.837094,0.146210,0.519818,-1.166018,117.722092,23.014700,-0.601924,0.421023,-0.317215,0.599835,-8.553290,117.809273,8.115581,0.615517,-0.222583,0.341610,-0.674462,2.452431,95.824028,5.063071,0.547103,-0.042734,0.605346,-0.576548,15.104476,81.896957,7.342799,-0.088838,0.873903,0.088925,0.469567,3.430646,117.642387,28.340561,0.543156,0.807311,0.217042,0.078251,12.464647,118.835747,42.251919,0.589069,0.688422,0.403082,-0.128833,22.318020,96.266838,39.540794,-0.814837,-0.416964,-0.348948,0.201041,27.434286,83.005028,27.308231,0.064559,0.914811,0.115411,0.381620,0.276925,82.771225,15.685354,0.061796,0.990363,0.039965,0.117323,-0.775229,48.962219,6.561301,-0.012560,0.971499,0.142237,0.189212,-5.968155,3.514147,2.258018,-0.028831,0.926904,-0.105392,0.359041,13.020438,83.421227,27.849272,0.066756,0.912741,-0.072345,0.396503,12.241552,49.223419,35.419460,-0.070616,0.846038,0.090062,0.520694,4.006604,4.168114,39.055016,-0.012560,0.971499,0.142237,0.189212,-0.706384,1.735260,-11.038206,-0.070616,0.846038,0.090062,0.520694,16.709427,1.575981,32.765385
1075,8.958333,-0.049407,0.925162,0.075041,0.368785,6.633445,83.103439,21.762377,-0.059092,0.908608,0.086947,0.404203,5.572626,90.214622,22.502573,-0.022281,0.907030,0.062807,0.415760,2.804874,105.448303,24.219780,0.043965,0.924616,0.070916,0.371649,1.151615,123.135117,25.922363,0.056953,0.946739,0.002857,0.316912,2.764787,136.780899,26.902372,-0.087717,0.837172,0.146041,0.519731,-1.161294,117.730095,23.012074,-0.602065,0.421324,-0.316983,0.599605,-8.551255,117.812157,8.114254,0.615435,-0.222461,0.341337,-0.674714,2.449208,95.825508,5.052889,0.546544,-0.042035,0.605962,-0.576483,15.103045,81.913712,7.324868,-0.088639,0.873945,0.089060,0.469501,3.435066,117.647026,28.338146,0.543231,0.807277,0.217015,0.078150,12.472308,118.832825,42.248047,0.588973,0.688446,0.403196,-0.128783,22.322418,96.263000,39.532696,-0.815188,-0.416134,-0.348949,0.201332,27.444256,83.000725,27.298203,0.064415,0.914686,0.115339,0.381966,0.259573,82.785484,15.682261,0.061675,0.990379,0.040033,0.117230,-0.781926,48.974007,6.566131,-0.012663,0.971565,0.141911,0.189110,-5.963572,3.525064,2.258410,-0.028915,0.926864,-0.105421,0.359129,13.007316,83.421394,27.842491,0.066647,0.912765,-0.072313,0.396471,12.232368,49.224358,35.416550,-0.070624,0.846024,0.090082,0.520713,4.007761,4.167295,39.053726,-0.012663,0.971565,0.141911,0.189110,-0.704080,1.737471,-11.037549,-0.070624,0.846024,0.090082,0.520713,16.710958,1.575774,32.764606
1076,8.966667,-0.049304,0.925236,0.075078,0.368608,6.625517,83.106857,21.753225,-0.059041,0.908666,0.086966,0.404077,5.566031,90.218117,22.494675,-0.022001,0.907097,0.062761,0.415634,2.801090,105.444382,24.212587,0.043948,0.924662,0.071088,0.371505,1.157812,123.131851,25.918102,0.057127,0.946775,0.003062,0.316772,2.768753,136.777634,26.901890,-0.087472,0.837172,0.146089,0.519759,-1.158906,117.728447,23.007813,-0.601810,0.421367,-0.317116,0.599760,-8.549331,117.818306,8.110274,0.615623,-0.222403,0.341273,-0.674594,2.445139,95.829292,5.044372,0.547048,-0.042778,0.605090,-0.576866,15.106331,81.915291,7.320660,-0.088620,0.873993,0.088910,0.469444,3.439101,117.642212,28.332413,0.543252,0.807280,0.216983,0.078069,12.478249,118.830124,42.240891,0.589091,0.688355,0.403240,-0.128594,22.327906,96.260414,39.522942,-0.815479,-0.415330,-0.349153,0.201464,27.446943,82.992966,27.289629,0.064289,0.914633,0.115365,0.382105,0.249164,82.790543,15.675629,0.061656,0.990394,0.039959,0.117139,-0.782230,48.978363,6.560986,-0.012647,0.971584,0.141793,0.189100,-5.963372,3.528661,2.260694,-0.028884,0.926852,-0.105583,0.359114,13.001871,83.423172,27.830822,0.066480,0.912818,-0.072314,0.396376,12.220965,49.228409,35.414524,-0.070603,0.846140,0.089975,0.520545,4.010651,4.169312,39.058750,-0.012647,0.971584,0.141793,0.189100,-0.704377,1.737662,-11.035000,-0.070603,0.846140,0.089975,0.520545,16.711027,1.574803,32.765167
1077,8.975000,-0.049671,0.925132,0.075372,0.368759,6.640165,83.100746,21.739391,-0.059031,0.908619,0.087050,0.404166,5.574106,90.210838,22.482592,-0.021920,0.907060,0.062991,0.415686,2.805693,105.450691,24.204290,0.043997,0.924661,0.071146,0.371490,1.161542,123.137245,25.918314,0.057194,0.946791,0.003214,0.316711,2.773154,136.782806,26.904037,-0.087474,0.837152,0.146104,0.519787,-1.154658,117.735184,23.005127,-0.601257,0.421398,-0.317134,0.600283,-8.544096,117.825439,8.107101,0.615433,-0.222235,0.341712,-0.674602,2.448505,95.838295,5.021180,0.547055,-0.042820,0.605193,-0.576748,15.099925,81.919868,7.309244,-0.088409,0.874015,0.089126,0.469401,3.442792,117.646515,28.330168,0.543289,0.807223,0.217116,0.078027,12.484494,118.825111,42.237778,0.589642,0.687817,0.403285,-0.128806,22.332428,96.255363,39.513920,-0.814093,-0.417671,-0.350152,0.200491,27.424297,82.991051,27.270275,0.064533,0.914705,0.115158,0.381954,0.266416,82.780632,15.659263,0.061619,0.990391,0.039868,0.117218,-0.787659,48.967316,6.551420,-0.012548,0.971528,0.142214,0.189078,-5.966078,3.516528,2.259362,-0.028643,0.926851,-0.105841,0.359059,13.013914,83.420860,27.819517,0.066451,0.912883,-0.072252,0.396243,12.211227,49.228947,35.413799,-0.070706,0.846079,0.089899,0.520643,4.006084,4.168672,39.055149,-0.012548,0.971528,0.142214,0.189078,-0.707928,1.736952,-11.038198,-0.070706,0.846079,0.089899,0.520643,16.708309,1.573939,32.765396
1078,8.983333,-0.049740,0.925109,0.075400,0.368800,6.638314,83.102402,21.730162,-0.058679,0.908564,0.087239,0.404299,5.571154,90.212334,22.473326,-0.022126,0.906963,0.062808,0.415913,2.808363,105.461739,24.205488,0.044310,0.924579,0.071275,0.371631,1.159808,123.148788,25.910139,0.057234,0.946790,0.003447,0.316703,2.778076,136.793060,26.902761,-0.087592,0.837220,0.146014,0.519682,-1.153787,117.744873,22.998335,-0.601174,0.421444,-0.317156,0.600322,-8.546164,117.829597,8.101736,0.615137,-0.222132,0.341572,-0.674976,2.443812,95.841530,5.012994,0.546386,-0.042103,0.606244,-0.576331,15.093491,81.934532,7.292157,-0.088057,0.874067,0.089372,0.469324,3.440875,117.659676,28.325834,0.543344,0.807197,0.217091,0.077990,12.487072,118.824562,42.231674,0.589714,0.687738,0.403345,-0.128712,22.332359,96.253838,39.506348,-0.814194,-0.417367,-0.350306,0.200445,27.422655,82.986435,27.261410,0.064552,0.914753,0.115008,0.381881,0.265220,82.781433,15.649393,0.061590,0.990407,0.039897,0.117087,-0.794941,48.965862,6.550638,-0.012588,0.971485,0.142324,0.189213,-5.970966,3.514951,2.256990,-0.028627,0.926874,-0.105968,0.358965,13.011408,83.423378,27.810932,0.066394,0.912903,-0.072213,0.396213,12.205242,49.233295,35.413063,-0.070612,0.846076,0.089851,0.520668,4.006413,4.171810,39.053566,-0.012588,0.971485,0.142324,0.189213,-0.708849,1.738677,-11.039445,-0.070612,0.846076,0.089851,0.520668,16.708305,1.574508,32.764198
1079,8.991667,-0.049612,0.925208,0.075799,0.368488,6.633879,83.107979,21.714199,-0.058578,0.908638,0.087076,0.404183,5.566581,90.217224,22.463701,-0.021744,0.907009,0.063135,0.415784,2.810667,105.458191,24.191828,0.044177,0.924633,0.071316,0.371505,1.169871,123.144363,25.912937,0.057233,0.946805,0.003640,0.316658,2.784323,136.789139,26.904875,-0.087479,0.837177,0.146112,0.519744,-1.146895,117.744019,22.997049,-0.601163,0.421672,-0.317518,0.599981,-8.537816,117.833984,8.099760,0.615377,-0.222533,0.341365,-0.674730,2.431261,95.833954,5.021957,0.546992,-0.043035,0.605457,-0.576515,15.082443,81.920799,7.291743,-0.088146,0.874004,0.089293,0.469440,3.449515,117.652153,28.322931,0.543549,0.807054,0.217168,0.077819,12.491571,118.820320,42.231190,0.589763,0.687695,0.403357,-0.128683,22.327110,96.246758,39.494209,-0.814334,-0.417151,-0.350227,0.200463,27.415022,82.980003,27.250484,0.064462,0.914628,0.114956,0.382212,0.256509,82.791176,15.637695,0.061560,0.990406,0.039794,0.117143,-0.796018,48.973957,6.544187,-0.012563,0.971534,0.142111,0.189123,-5.970257,3.521964,2.259840,-0.028588,0.926837,-0.106188,0.358999,13.011249,83.424774,27.790701,0.066235,0.912773,-0.072219,0.396539,12.196663,49.237804,35.405914,-0.070276,0.846009,0.089709,0.520848,4.009572,4.174453,39.049843,-0.012563,0.971534,0.142111,0.189123,-0.710929,1.739533,-11.036871,-0.070276,0.846009,0.089709,0.520848,16.711647,1.568682,32.764351
1080,9.000000,-0.049533,0.925167,0.075641,0.368635,6.631415,83.109505,21.707436,-0.058533,0.908584,0.087209,0.404282,5.565886,90.219208,22.455101,-0.021630,0.906970,0.063122,0.415877,2.809623,105.458405,24.187094,0.044276,0.924611,0.071367,0.371538,1.172554,123.144821,25.909323,0.057292,0.946806,0.003912,0.316639,2.789006,136.789185,26.903677,-0.087245,0.837184,0.146088,0.519778,-1.144901,117.745232,22.992563,-0.601295,0.421874,-0.317373,0.599784,-8.535986,117.841484,8.095394,0.615250,-0.222610,0.341336,-0.674835,2.429214,95.840111,5.013463,0.546435,-0.042434,0.606652,-0.575832,15.075594,81.930374,7.277310,-0.088198,0.874012,0.089392,0.469396,3.450488,117.651878,28.319300,0.543615,0.807009,0.217172,0.077814,12.493600,118.820175,42.226864,0.589860,0.687616,0.403312,-0.128797,22.325659,96.245232,39.488678,-0.814331,-0.417325,-0.350050,0.200426,27.408907,82.977249,27.240055,0.064474,0.914589,0.114890,0.382322,0.255812,82.793198,15.629053,0.061551,0.990387,0.039712,0.117335,-0.798156,48.975033,6.539232,-0.012377,0.971535,0.142145,0.189105,-5.971619,3.522331,2.261474,-0.028598,0.926835,-0.106123,0.359023,13.007018,83.425812,27.785820,0.066150,0.912668,-0.072302,0.396779,12.194584,49.237900,35.397083,-0.070398,0.845991,0.089697,0.520862,4.010627,4.174620,39.048946,-0.012377,0.971535,0.142145,0.189105,-0.714082,1.739915,-11.035950,-0.070398,0.845991,0.089697,0.520862,16.713619,1.570420,32.764660
1081,9.008333,-0.049536,0.925077,0.075300,0.368930,6.633074,83.106544,21.705847,-0.058515,0.908533,0.087201,0.404400,5.569060,90.216988,22.448624,-0.021583,0.906938,0.063167,0.415941,2.812637,105.459198,24.180597,0.044410,0.924585,0.071509,0.371559,1.176289,123.145485,25.904863,0.057333,0.946817,0.003984,0.316598,2.794697,136.789246,26.904245,-0.087127,0.837134,0.146059,0.519886,-1.141062,117.746391,22.987103,-0.601205,0.422013,-0.317465,0.599728,-8.529085,117.846062,8.088437,0.615163,-0.222800,0.341555,-0.674740,2.427406,95.840569,5.004864,0.546337,-0.042582,0.607020,-0.575525,15.062621,81.925247,7.268215,-0.087921,0.874011,0.089312,0.469465,3.453601,117.652130,28.314447,0.543668,0.806953,0.217274,0.077748,12.496177,118.813416,42.222942,0.590015,0.687550,0.403188,-0.128826,22.325886,96.238205,39.478569,-0.814454,-0.417191,-0.349819,0.200608,27.400791,82.970703,27.232891,0.064557,0.914671,0.114979,0.382086,0.261322,82.788452,15.623522,0.061575,0.990537,0.039704,0.116051,-0.797850,48.972446,6.526243,-0.012629,0.971477,0.142190,0.189356,-5.979159,3.519961,2.255640,-0.028537,0.926897,-0.106037,0.358893,13.004826,83.424644,27.788172,0.066094,0.912797,-0.072406,0.396473,12.191690,49.235222,35.392548,-0.070642,0.846096,0.089982,0.520610,4.009961,4.172629,39.057846,-0.012629,0.971477,0.142190,0.189356,-0.713131,1.740032,-11.038753,-0.070642,0.846096,0.089982,0.520610,16.711527,1.578913,32.766350
1082,9.016667,-0.049418,0.925123,0.075423,0.368803,6.622661,83.110466,21.694752,-0.058260,0.908512,0.087258,0.404472,5.559670,90.220810,22.439949,-0.021462,0.906877,0.063157,0.416082,2.810470,105.458786,24.176020,0.044532,0.924566,0.071512,0.371593,1.177905,123.145294,25.901512,0.057371,0.946838,0.004199,0.316526,2.799384,136.788589,26.902315,-0.086981,0.837095,0.146065,0.519972,-1.139904,117.747047,22.982553,-0.601050,0.422035,-0.317591,0.599800,-8.525827,117.851410,8.082878,0.615021,-0.223035,0.341873,-0.674631,2.425776,95.843597,4.998496,0.546286,-0.042806,0.607453,-0.575101,15.048808,81.917320,7.262366,-0.087806,0.874005,0.089272,0.469507,3.453183,117.651154,28.311232,0.543737,0.806876,0.217391,0.077733,12.495131,118.809570,42.220379,0.590239,0.687216,0.403409,-0.128893,22.321241,96.233383,39.471222,-0.814211,-0.417715,-0.350106,0.200000,27.383591,82.974846,27.221996,0.064430,0.914630,0.114873,0.382238,0.249051,82.794884,15.614240,0.061460,0.990565,0.039745,0.115862,-0.803464,48.976044,6.526764,-0.012535,0.971510,0.142058,0.189291,-5.974683,3.522554,2.254664,-0.028598,0.926934,-0.106052,0.358787,12.996271,83.426056,27.775265,0.066012,0.912772,-0.072414,0.396543,12.187543,49.237095,35.382198,-0.069903,0.846019,0.090632,0.520723,4.012035,4.173622,39.050545,-0.012535,0.971510,0.142058,0.189291,-0.711183,1.738421,-11.040171,-0.069903,0.846019,0.090632,0.520723,16.712385,1.584465,32.754715
1083,9.025000,-0.049592,0.925122,0.075454,0.368778,6.636207,83.112366,21.683792,-0.058473,0.908474,0.087480,0.404480,5.570752,90.222389,22.428490,-0.021374,0.906867,0.063210,0.416101,2.812724,105.458618,24.168049,0.044601,0.924546,0.071649,0.371607,1.182204,123.145035,25.896517,0.057383,0.946833,0.004344,0.316537,2.804058,136.787979,26.901552,-0.086784,0.837135,0.145880,0.519992,-1.136162,117.747559,22.976572,-0.600946,0.422101,-0.317678,0.599813,-8.522513,117.854218,8.077119,0.614970,-0.223236,0.342129,-0.674481,2.423599,95.843842,4.991472,0.546313,-0.043132,0.607665,-0.574826,15.036037,81.909302,7.256659,-0.087688,0.873938,0.089226,0.469662,3.456764,117.650200,28.305363,0.543803,0.806817,0.217450,0.077723,12.494559,118.805267,42.217491,0.590128,0.687308,0.403452,-0.128774,22.317192,96.227905,39.465420,-0.815101,-0.416255,-0.349515,0.200452,27.386921,82.965088,27.216303,0.064666,0.914638,0.114793,0.382202,0.262566,82.794113,15.603450,0.061423,0.990535,0.039589,0.116191,-0.807544,48.976109,6.514899,-0.012591,0.971512,0.142081,0.189262,-5.975714,3.521064,2.255668,-0.028345,0.926956,-0.106162,0.358718,13.009848,83.430618,27.764133,0.065869,0.912639,-0.072496,0.396857,12.182496,49.242294,35.371895,-0.070054,0.846041,0.090416,0.520703,4.014733,4.178181,39.049580,-0.012591,0.971512,0.142081,0.189262,-0.712570,1.737877,-11.039436,-0.070054,0.846041,0.090416,0.520703,16.715168,1.586076,32.755127
1084,9.033333,-0.049315,0.925103,0.075297,0.368895,6.611495,83.110718,21.680613,-0.057969,0.908532,0.087077,0.404509,5.550469,90.221474,22.424589,-0.021111,0.906885,0.063235,0.416071,2.812473,105.456772,24.158630,0.044575,0.924536,0.071736,0.371619,1.190136,123.143471,25.891867,0.057449,0.946797,0.004582,0.316630,2.810426,136.786453,26.898912,-0.086579,0.837100,0.146056,0.520034,-1.130972,117.747795,22.970755,-0.600564,0.422075,-0.317683,0.600211,-8.517061,117.863510,8.071243,0.614999,-0.223427,0.343017,-0.673940,2.430010,95.855507,4.972156,0.546729,-0.044269,0.607414,-0.574610,15.022267,81.893860,7.259192,-0.087737,0.873817,0.089235,0.469875,3.462454,117.646980,28.299051,0.544311,0.806454,0.217532,0.077693,12.493305,118.802345,42.215660,0.589655,0.687608,0.403632,-0.128777,22.288757,96.214447,39.453278,-0.815160,-0.416354,-0.349218,0.200525,27.378607,82.960182,27.207752,0.064311,0.914617,0.114922,0.382274,0.238895,82.796135,15.598990,0.061471,0.990556,0.039566,0.115996,-0.804303,48.976997,6.511524,-0.012555,0.971498,0.142068,0.189342,-5.977911,3.522331,2.254896,-0.028708,0.926945,-0.105960,0.358777,12.984094,83.425293,27.762234,0.065929,0.912686,-0.072611,0.396719,12.184924,49.235405,35.365963,-0.070673,0.846059,0.089926,0.520675,4.008517,4.173559,39.052231,-0.012555,0.971498,0.142068,0.189342,-0.712929,1.738543,-11.039398,-0.070673,0.846059,0.089926,0.520675,16.711071,1.578983,32.763073
1085,9.041667,-0.049286,0.925121,0.075395,0.368834,6.605742,83.113770,21.669786,-0.057831,0.908465,0.087242,0.404643,5.544631,90.224365,22.415287,-0.021221,0.906783,0.063148,0.416302,2.808075,105.460106,24.155426,0.044802,0.924450,0.071871,0.371780,1.183015,123.147026,25.883823,0.057561,0.946774,0.004715,0.316677,2.807742,136.789017,26.897102,-0.086426,0.837055,0.145904,0.520175,-1.136013,117.750465,22.962723,-0.601099,0.422275,-0.317700,0.599526,-8.518108,117.868629,8.061258,0.615194,-0.223894,0.342874,-0.673680,2.420016,95.853745,4.979473,0.546684,-0.044638,0.607710,-0.574310,15.007816,81.886879,7.255965,-0.087622,0.873854,0.089464,0.469786,3.454643,117.651321,28.293430,0.543899,0.806661,0.217737,0.077866,12.488943,118.800125,42.208336,0.590089,0.687316,0.403427,-0.128988,22.305296,96.220490,39.452614,-0.815167,-0.416570,-0.348872,0.200650,27.375185,82.960365,27.197868,0.064310,0.914618,0.114819,0.382301,0.232300,82.800201,15.588999,0.061436,0.990498,0.039490,0.116533,-0.813398,48.979397,6.508014,-0.012814,0.971501,0.141946,0.189402,-5.982281,3.523782,2.255799,-0.028795,0.926946,-0.106003,0.358755,12.979182,83.427345,27.750576,0.065914,0.912747,-0.072673,0.396569,12.184764,49.238441,35.359268,-0.070774,0.846076,0.089785,0.520659,4.008023,4.177237,39.052654,-0.012814,0.971501,0.141946,0.189402,-0.713955,1.737886,-11.036881,-0.070774,0.846076,0.089785,0.520659,16.710594,1.580786,32.764328
1086,9.050000,-0.049253,0.925077,0.075342,0.368958,6.602617,83.115181,21.662897,-0.057708,0.908415,0.087182,0.404786,5.542135,90.225937,22.407732,-0.021123,0.906717,0.063204,0.416442,2.809801,105.460953,24.147146,0.044872,0.924395,0.071976,0.371888,1.186830,123.147774,25.878548,0.057575,0.946747,0.004830,0.316752,2.812303,136.789398,26.895550,-0.086266,0.837034,0.145956,0.520220,-1.132136,117.752121,22.955704,-0.600852,0.422281,-0.317991,0.599615,-8.513602,117.875900,8.053966,0.615099,-0.224025,0.343027,-0.673646,2.415127,95.855972,4.974921,0.546679,-0.044883,0.608122,-0.573860,14.997392,81.882668,7.250807,-0.086856,0.873703,0.090063,0.470094,3.456946,117.651260,28.287741,0.544488,0.806296,0.217661,0.077740,12.486077,118.767082,42.208694,0.589135,0.687651,0.404081,-0.129521,22.271614,96.175377,39.442230,-0.815232,-0.416746,-0.348491,0.200683,27.371996,82.960686,27.187899,0.064271,0.914651,0.114816,0.382230,0.230730,82.802017,15.580453,0.061463,0.990499,0.039402,0.116542,-0.813243,48.980816,6.500762,-0.012700,0.971488,0.141939,0.189480,-5.985568,3.524864,2.256228,-0.028817,0.926960,-0.105968,0.358726,12.974504,83.428352,27.745338,0.065858,0.912706,-0.072714,0.396665,12.182619,49.239029,35.352383,-0.070742,0.846036,0.089803,0.520725,4.008638,4.177704,39.050388,-0.012700,0.971488,0.141939,0.189480,-0.716028,1.738137,-11.035867,-0.070742,0.846036,0.089803,0.520725,16.712021,1.581242,32.763683
1087,9.058333,-0.049272,0.925086,0.075309,0.368939,6.601886,83.114716,21.655165,-0.057737,0.908399,0.087161,0.404823,5.541339,90.225517,22.399475,-0.020803,0.906708,0.063261,0.416468,2.808667,105.458916,24.137630,0.044766,0.924358,0.072133,0.371962,1.195134,123.145950,25.875612,0.057601,0.946692,0.004919,0.316909,2.816321,136.787842,26.895792,-0.086079,0.837049,0.145910,0.520240,-1.126680,117.752632,22.950727,-0.600725,0.422373,-0.318064,0.599639,-8.508526,117.880882,8.049217,0.615094,-0.224174,0.343293,-0.673465,2.414063,95.858330,4.967118,0.546766,-0.044939,0.608533,-0.573337,14.985803,81.878342,7.246686,-0.086887,0.873610,0.090069,0.470260,3.462280,117.647324,28.282780,0.543774,0.806669,0.218043,0.077801,12.486018,118.763222,42.207218,0.590182,0.686987,0.403623,-0.129701,22.309616,96.187897,39.441998,-0.815040,-0.417211,-0.348374,0.200699,27.363003,82.958763,27.178108,0.064207,0.914723,0.114828,0.382066,0.229791,82.800987,15.572971,0.061511,0.990509,0.039331,0.116451,-0.811397,48.979401,6.494400,-0.012708,0.971462,0.141993,0.189576,-5.989241,3.523484,2.256270,-0.028841,0.926965,-0.105957,0.358715,12.973982,83.428452,27.737358,0.065802,0.912706,-0.072774,0.396663,12.184022,49.239044,35.344261,-0.070215,0.846023,0.090390,0.520715,4.012590,4.177838,39.049320,-0.012708,0.971462,0.141993,0.189576,-0.717067,1.738277,-11.034981,-0.070215,0.846023,0.090390,0.520715,16.714109,1.587546,32.756306
1088,9.066667,-0.049483,0.925249,0.075870,0.368389,6.604343,83.124718,21.635445,-0.057738,0.908412,0.087377,0.404746,5.538469,90.233994,22.386703,-0.020672,0.906677,0.063286,0.416539,2.804623,105.458366,24.130234,0.044934,0.924324,0.072039,0.372044,1.194833,123.145485,25.870844,0.057577,0.946659,0.005067,0.317010,2.821280,136.786789,26.890558,-0.085912,0.836997,0.145934,0.520344,-1.127792,117.753159,22.944769,-0.600559,0.422383,-0.318224,0.599713,-8.506965,117.887131,8.041991,0.614738,-0.224266,0.343468,-0.673670,2.410162,95.861832,4.960209,0.546281,-0.044493,0.609404,-0.572908,14.973992,81.877586,7.234804,-0.087341,0.873672,0.089362,0.470195,3.460408,117.645966,28.277439,0.544880,0.806058,0.217589,0.077668,12.483562,118.786453,42.200260,0.589165,0.687819,0.403758,-0.129499,22.248514,96.186607,39.427692,-0.814991,-0.417399,-0.348240,0.200741,27.352514,82.953262,27.168423,0.064173,0.914764,0.114504,0.382071,0.225458,82.810318,15.560410,0.060706,0.990790,0.039651,0.114356,-0.822397,48.983234,6.503122,-0.012846,0.971735,0.141968,0.188180,-5.932742,3.520605,2.255150,-0.028670,0.926979,-0.106196,0.358623,12.983230,83.439125,27.710480,0.065608,0.912516,-0.072897,0.397109,12.176862,49.252598,35.328583,-0.069962,0.846086,0.090122,0.520694,4.015388,4.190695,39.047066,-0.012846,0.971735,0.141968,0.188180,-0.696316,1.735966,-11.050298,-0.069962,0.846086,0.090122,0.520694,16.714373,1.590085,32.753204
1089,9.075000,-0.049348,0.925285,0.076101,0.368267,6.597772,83.124504,21.621647,-0.057559,0.908374,0.087491,0.404831,5.532584,90.233459,22.376848,-0.020742,0.906601,0.063221,0.416711,2.801795,105.460213,24.125879,0.045143,0.924221,0.072230,0.372238,1.190388,123.147522,25.863052,0.057645,0.946596,0.005137,0.317186,2.820241,136.787842,26.890362,-0.085668,0.836975,0.145855,0.520442,-1.130818,117.754616,22.936939,-0.600707,0.422517,-0.318123,0.599523,-8.508007,117.894539,8.033231,0.614999,-0.224547,0.343766,-0.673186,2.406687,95.868134,4.950751,0.546742,-0.045324,0.608811,-0.573034,14.966473,81.864395,7.234149,-0.087098,0.873688,0.089413,0.470201,3.455327,117.648506,28.271399,0.544639,0.806164,0.217748,0.077809,12.479692,118.781158,42.194073,0.589469,0.687555,0.403745,-0.129557,22.256582,96.185944,39.425858,-0.814896,-0.417543,-0.348307,0.200710,27.347485,82.949059,27.159912,0.064050,0.914772,0.114411,0.382099,0.217070,82.813614,15.548338,0.060707,0.990656,0.039470,0.115575,-0.825160,48.983921,6.500137,-0.012907,0.971766,0.141871,0.188086,-5.932291,3.519976,2.262323,-0.028790,0.926917,-0.106226,0.358764,12.978475,83.435387,27.694956,0.065586,0.912523,-0.073005,0.397077,12.178019,49.249790,35.317848,-0.069563,0.846070,0.090292,0.520744,4.014586,4.189074,39.046474,-0.012907,0.971766,0.141871,0.188086,-0.697995,1.732930,-11.043644,-0.069563,0.846070,0.090292,0.520744,16.712296,1.586540,32.750832
1090,9.083333,-0.049065,0.925276,0.076110,0.368325,6.577787,83.121956,21.615911,-0.057211,0.908402,0.087185,0.404884,5.516276,90.231293,22.372688,-0.020616,0.906589,0.063278,0.416734,2.799397,105.458656,24.117168,0.045390,0.924180,0.072284,0.372300,1.191168,123.145889,25.857994,0.057600,0.946570,0.005212,0.317269,2.826751,136.785217,26.889366,-0.085556,0.836902,0.145821,0.520587,-1.130926,117.754021,22.930674,-0.600275,0.422433,-0.318595,0.599765,-8.503710,117.897392,8.024824,0.614834,-0.224537,0.343753,-0.673347,2.399627,95.864700,4.947015,0.546862,-0.045383,0.608826,-0.572898,14.960265,81.860443,7.226924,-0.086391,0.873565,0.089972,0.470452,3.455020,117.645958,28.265263,0.544431,0.806279,0.217867,0.077736,12.475605,118.748215,42.192825,0.589538,0.687226,0.404099,-0.129882,22.264254,96.158508,39.421169,-0.814847,-0.417507,-0.348534,0.200590,27.344381,82.945587,27.150572,0.063761,0.914765,0.114425,0.382159,0.197355,82.815826,15.542080,0.060590,0.990903,0.039726,0.113406,-0.825502,48.983772,6.500483,-0.012939,0.971755,0.141860,0.188152,-5.928557,3.520381,2.251781,-0.029086,0.926829,-0.106054,0.359019,12.958219,83.428085,27.689743,0.065585,0.912445,-0.073103,0.397238,12.179228,49.241131,35.308758,-0.069783,0.846010,0.090283,0.520813,4.011697,4.181719,39.044075,-0.012939,0.971755,0.141860,0.188152,-0.692304,1.733179,-11.053391,-0.069783,0.846010,0.090283,0.520813,16.711712,1.582320,32.751793
1091,9.091667,-0.049124,0.925300,0.076244,0.368232,6.571626,83.125648,21.606325,-0.057038,0.908423,0.087112,0.404877,5.508697,90.234604,22.364662,-0.020370,0.906591,0.063334,0.416734,2.798832,105.456253,24.108538,0.045311,0.924172,0.072371,0.372311,1.197712,123.143600,25.854856,0.057727,0.946545,0.005266,0.317321,2.830397,136.783173,26.887686,-0.085391,0.836931,0.145850,0.520560,-1.126637,117.753555,22.925961,-0.600431,0.422674,-0.318461,0.599509,-8.501320,117.901787,8.021090,0.615019,-0.224701,0.343752,-0.673124,2.396108,95.866653,4.939913,0.547055,-0.045482,0.608750,-0.572788,14.955764,81.857956,7.220265,-0.086378,0.873457,0.089949,0.470661,3.459460,117.642021,28.260349,0.544438,0.806223,0.218049,0.077757,12.473601,118.743340,42.192165,0.589597,0.687094,0.404246,-0.129858,22.261698,96.153931,39.416142,-0.814747,-0.417553,-0.348742,0.200539,27.338997,82.944016,27.143818,0.063644,0.914805,0.114382,0.382096,0.190075,82.819275,15.533677,0.060608,0.990747,0.039516,0.114831,-0.827074,48.985497,6.497928,-0.012888,0.971796,0.141796,0.187992,-5.927947,3.520784,2.260834,-0.029101,0.926851,-0.105971,0.358985,12.953177,83.432022,27.678972,0.065459,0.912277,-0.073260,0.397616,12.177528,49.243896,35.293060,-0.069689,0.846004,0.090229,0.520845,4.013367,4.185071,39.042778,-0.012888,0.971796,0.141796,0.187992,-0.696349,1.731547,-11.045900,-0.069689,0.846004,0.090229,0.520845,16.713140,1.582962,32.751125
1092,9.100000,-0.049198,0.925275,0.076379,0.368256,6.572996,83.124100,21.598022,-0.057049,0.908367,0.087177,0.404988,5.508351,90.232658,22.357727,-0.020489,0.906520,0.063322,0.416885,2.796191,105.459229,24.103577,0.045531,0.924100,0.072348,0.372468,1.191138,123.146454,25.847473,0.057808,0.946491,0.005406,0.317465,2.829677,136.785156,26.882427,-0.085510,0.836862,0.145857,0.520650,-1.131176,117.755653,22.918337,-0.600492,0.422827,-0.318424,0.599361,-8.502070,117.901352,8.011564,0.615245,-0.224636,0.343727,-0.672952,2.390131,95.863846,4.928805,0.547218,-0.045539,0.608715,-0.572664,14.950464,81.858841,7.214448,-0.086718,0.873602,0.089295,0.470454,3.453081,117.645554,28.254339,0.544270,0.806311,0.218105,0.077865,12.471745,118.768013,42.181541,0.589995,0.687027,0.403888,-0.129517,22.268112,96.181572,39.410488,-0.814708,-0.417508,-0.348862,0.200580,27.335878,82.943512,27.137577,0.063650,0.914843,0.114341,0.382017,0.191896,82.817444,15.524915,0.060658,0.990676,0.039374,0.115461,-0.827578,48.983063,6.491684,-0.012567,0.971755,0.141975,0.188086,-5.931855,3.517884,2.263728,-0.029087,0.926852,-0.105987,0.358979,12.954097,83.430756,27.671131,0.065379,0.912277,-0.073341,0.397614,12.177230,49.242802,35.285904,-0.069962,0.846069,0.090156,0.520715,4.016810,4.184106,39.045322,-0.012567,0.971755,0.141975,0.188086,-0.699933,1.732033,-11.043336,-0.069962,0.846069,0.090156,0.520715,16.716188,1.584307,32.751907
1093,9.108333,-0.048493,0.925377,0.075942,0.368183,6.545874,83.134171,21.597422,-0.056924,0.908406,0.086936,0.404969,5.492994,90.244682,22.355207,-0.020291,0.906536,0.063372,0.416850,2.789633,105.460396,24.094521,0.045631,0.924081,0.072419,0.372488,1.190275,123.147675,25.843037,0.057862,0.946461,0.005446,0.317544,2.830646,136.785950,26.880869,-0.085231,0.836954,0.145543,0.520634,-1.134019,117.758347,22.912781,-0.600538,0.422816,-0.318391,0.599340,-8.507025,117.906021,8.007076,0.615225,-0.224713,0.343615,-0.673001,2.386678,95.869186,4.924874,0.547255,-0.045619,0.608521,-0.572829,14.951974,81.860992,7.205863,-0.086289,0.873472,0.090185,0.470604,3.450749,117.645470,28.248283,0.544129,0.806381,0.218225,0.077789,12.467168,118.740700,42.179100,0.590002,0.686801,0.404175,-0.129790,22.271708,96.158348,39.403591,-0.814581,-0.417618,-0.349073,0.200501,27.332119,82.942177,27.129015,0.063267,0.914696,0.114419,0.382408,0.162604,82.835999,15.526171,0.060610,0.990751,0.039492,0.114800,-0.826475,48.999451,6.497665,-0.012777,0.971858,0.141338,0.188025,-5.927919,3.534588,2.262888,-0.029455,0.926806,-0.105746,0.359139,12.929143,83.432335,27.668671,0.065398,0.912284,-0.073431,0.397578,12.180932,49.242321,35.277039,-0.069780,0.846014,0.090196,0.520822,4.015784,4.185078,39.043625,-0.012777,0.971858,0.141338,0.188025,-0.696771,1.731755,-11.042190,-0.069780,0.846014,0.090196,0.520822,16.715694,1.583529,32.752014
1094,9.116667,-0.049002,0.925296,0.076375,0.368230,6.558384,83.128502,21.582941,-0.057030,0.908336,0.087162,0.405063,5.496390,90.237343,22.343679,-0.020161,0.906489,0.063349,0.416963,2.785158,105.462120,24.088882,0.045735,0.924034,0.072393,0.372598,1.190166,123.149704,25.838390,0.057900,0.946422,0.005519,0.317653,2.833460,136.787567,26.876959,-0.085211,0.836965,0.145454,0.520646,-1.134914,117.761215,22.907194,-0.600395,0.422804,-0.318515,0.599425,-8.507622,117.907944,8.001333,0.615125,-0.224676,0.343537,-0.673145,2.382655,95.869408,4.919109,0.547196,-0.045715,0.608355,-0.573054,14.950326,81.863396,7.196638,-0.086198,0.873501,0.090147,0.470574,3.448611,117.646698,28.243729,0.544637,0.806131,0.217957,0.077583,12.466499,118.740067,42.173744,0.589659,0.686974,0.404383,-0.129785,22.245226,96.147453,39.390778,-0.814213,-0.418106,-0.349532,0.200181,27.319447,82.940849,27.119446,0.063439,0.914849,0.114296,0.382052,0.176609,82.824966,15.510386,0.060639,0.990648,0.039288,0.115745,-0.830290,48.987991,6.485465,-0.012590,0.971776,0.141789,0.188120,-5.932502,3.521970,2.264015,-0.029302,0.926796,-0.105911,0.359128,12.940160,83.432030,27.655495,0.065310,0.912180,-0.073479,0.397824,12.177912,49.243839,35.270664,-0.069755,0.846030,0.090151,0.520808,4.017337,4.186186,39.042267,-0.012590,0.971776,0.141789,0.188120,-0.699737,1.730941,-11.042015,-0.069755,0.846030,0.090151,0.520808,16.716778,1.583171,32.750313
1095,9.125000,-0.048828,0.925315,0.076301,0.368221,6.552011,83.129364,21.575949,-0.056979,0.908333,0.087202,0.405069,5.492740,90.238617,22.336649,-0.020196,0.906480,0.063356,0.416981,2.782621,105.462204,24.083488,0.045832,0.924016,0.072366,0.372635,1.186333,123.149704,25.832653,0.058090,0.946393,0.005531,0.317705,2.832383,136.787201,26.871609,-0.085170,0.836912,0.145518,0.520720,-1.138246,117.761017,22.901436,-0.600467,0.422887,-0.318402,0.599355,-8.508642,117.910492,7.994458,0.615140,-0.224693,0.343505,-0.673142,2.381730,95.872475,4.908995,0.547181,-0.045752,0.608129,-0.573306,14.951149,81.865479,7.185801,-0.086562,0.873620,0.089361,0.470436,3.445051,117.646896,28.238178,0.544850,0.806014,0.217840,0.077628,12.465162,118.763901,42.164879,0.589671,0.687105,0.404240,-0.129481,22.232025,96.165886,39.384098,-0.814027,-0.418284,-0.349802,0.200094,27.313202,82.938896,27.111917,0.063353,0.914856,0.114317,0.382043,0.169813,82.828156,15.503722,0.060562,0.990662,0.039236,0.115682,-0.831119,48.990749,6.479752,-0.012870,0.971826,0.141575,0.188003,-5.927230,3.523499,2.264215,-0.029388,0.926771,-0.105865,0.359200,12.934208,83.430573,27.648174,0.065315,0.912230,-0.073621,0.397682,12.178130,49.242054,35.262489,-0.070409,0.846071,0.089492,0.520767,4.012630,4.186371,39.046955,-0.012870,0.971826,0.141575,0.188003,-0.695722,1.727888,-11.041697,-0.070409,0.846071,0.089492,0.520767,16.713783,1.577325,32.760960
1096,9.133333,-0.048898,0.925286,0.076285,0.368286,6.552717,83.127075,21.568760,-0.057123,0.908343,0.087355,0.404993,5.492542,90.236267,22.328802,-0.020078,0.906544,0.063202,0.416870,2.776848,105.457184,24.078169,0.045904,0.924003,0.072448,0.372644,1.186891,123.145554,25.824345,0.058126,0.946347,0.005618,0.317831,2.833925,136.782715,26.866171,-0.084954,0.836888,0.145573,0.520779,-1.140249,117.757072,22.894777,-0.600391,0.422868,-0.318497,0.599393,-8.509835,117.913864,7.987470,0.615027,-0.224649,0.343338,-0.673345,2.378342,95.874557,4.903407,0.546996,-0.045777,0.608134,-0.573474,14.954365,81.869499,7.174520,-0.085959,0.873563,0.089775,0.470574,3.444417,117.642448,28.230333,0.544628,0.806056,0.218176,0.077804,12.463664,118.734871,42.159546,0.589845,0.686694,0.404600,-0.129743,22.241173,96.141396,39.379276,-0.813762,-0.418539,-0.350118,0.200089,27.306786,82.938675,27.104691,0.063333,0.914965,0.114257,0.381804,0.171487,82.824745,15.495570,0.060540,0.990743,0.039277,0.114977,-0.832133,48.986179,6.476222,-0.012831,0.971790,0.141713,0.188090,-5.928764,3.518975,2.260737,-0.029355,0.926743,-0.105899,0.359266,12.933948,83.429405,27.641949,0.065253,0.912149,-0.073633,0.397874,12.174308,49.241249,35.257534,-0.070551,0.846044,0.089340,0.520817,4.012757,4.184988,39.043625,-0.012831,0.971790,0.141713,0.188090,-0.695100,1.727054,-11.044827,-0.070551,0.846044,0.089340,0.520817,16.715109,1.574441,32.760666
1097,9.141667,-0.048921,0.925238,0.076252,0.368412,6.554266,83.126709,21.563448,-0.057183,0.908328,0.087432,0.405001,5.493858,90.235939,22.322786,-0.020104,0.906554,0.063206,0.416846,2.775220,105.457977,24.073708,0.046008,0.923985,0.072449,0.372675,1.184390,123.146286,25.819674,0.058212,0.946314,0.005668,0.317914,2.834067,136.783035,26.862648,-0.084963,0.836894,0.145744,0.520720,-1.142599,117.757629,22.890308,-0.600625,0.422962,-0.318164,0.599270,-8.514170,117.916832,7.984015,0.615020,-0.224664,0.343301,-0.673365,2.380572,95.881668,4.893573,0.546776,-0.045779,0.607992,-0.573835,14.959449,81.874565,7.163544,-0.086648,0.873627,0.089260,0.470425,3.442329,117.643341,28.225643,0.544852,0.805911,0.218118,0.077893,12.462278,118.764496,42.152107,0.589806,0.686882,0.404451,-0.129389,22.226980,96.165207,39.374004,-0.813607,-0.418694,-0.350315,0.200043,27.303198,82.939102,27.098352,0.063294,0.914952,0.114317,0.381824,0.174711,82.824005,15.488523,0.060637,0.990737,0.039169,0.115018,-0.824627,48.986061,6.466380,-0.012594,0.971772,0.141774,0.188150,-5.931045,3.519154,2.259557,-0.029343,0.926731,-0.105906,0.359296,12.933821,83.429420,27.638372,0.065253,0.912143,-0.073644,0.397887,12.172998,49.241325,35.254112,-0.070376,0.845990,0.089384,0.520921,4.011009,4.185205,39.040974,-0.012594,0.971772,0.141774,0.188150,-0.697465,1.727714,-11.046098,-0.070376,0.845990,0.089384,0.520921,16.713905,1.573125,32.759769
1098,9.150000,-0.048997,0.925289,0.076563,0.368210,6.548854,83.129478,21.552668,-0.057036,0.908351,0.087452,0.404966,5.485956,90.237907,22.315952,-0.020088,0.906545,0.063226,0.416864,2.771800,105.457222,24.069056,0.046083,0.923968,0.072436,0.372711,1.181158,123.145462,25.815868,0.058335,0.946288,0.005682,0.317967,2.832877,136.781937,26.859396,-0.084930,0.836870,0.145791,0.520750,-1.145800,117.756989,22.886141,-0.600624,0.423056,-0.318099,0.599240,-8.516500,117.918137,7.979438,0.615043,-0.224552,0.343218,-0.673424,2.376354,95.882622,4.884839,0.546686,-0.045860,0.607761,-0.574159,14.959396,81.879196,7.155572,-0.085891,0.873626,0.089848,0.470455,3.438930,117.642365,28.221640,0.544613,0.806019,0.218294,0.077965,12.462296,118.732216,42.148380,0.589903,0.686532,0.404782,-0.129769,22.239389,96.138153,39.371376,-0.813512,-0.418760,-0.350444,0.200068,27.301449,82.940666,27.093756,0.063231,0.914928,0.114220,0.381919,0.166801,82.827225,15.480339,0.060523,0.990797,0.039220,0.114544,-0.830228,48.987183,6.465814,-0.012876,0.971799,0.141662,0.188077,-5.927808,3.519386,2.257999,-0.029409,0.926713,-0.106011,0.359305,12.930906,83.431732,27.624994,0.065179,0.912145,-0.073729,0.397879,12.171610,49.245468,35.249088,-0.070244,0.846062,0.089377,0.520823,4.012778,4.189616,39.045898,-0.012876,0.971799,0.141662,0.188077,-0.694213,1.726261,-11.047425,-0.070244,0.846062,0.089377,0.520823,16.713440,1.575307,32.761097
1099,9.158333,-0.049034,0.925220,0.076527,0.368385,6.552267,83.128944,21.545944,-0.057124,0.908326,0.087564,0.404984,5.488918,90.237404,22.308350,-0.020068,0.906557,0.063259,0.416833,2.770610,105.457291,24.063593,0.046100,0.923951,0.072446,0.372749,1.180201,123.145416,25.811836,0.058431,0.946242,0.005736,0.318086,2.832255,136.781799,26.855892,-0.084959,0.836920,0.145545,0.520733,-1.146994,117.757179,22.881866,-0.600562,0.422963,-0.318117,0.599357,-8.518139,117.913033,7.975320,0.614946,-0.224432,0.343061,-0.673632,2.378070,95.879189,4.880589,0.546506,-0.046066,0.607508,-0.574580,14.964551,81.883713,7.147172,-0.086276,0.873723,0.089054,0.470355,3.438104,117.642128,28.217041,0.544756,0.805887,0.218356,0.078149,12.462398,118.756149,42.141270,0.589894,0.686614,0.404757,-0.129453,22.230331,96.157684,39.367897,-0.813379,-0.418872,-0.350659,0.199998,27.300077,82.942764,27.088488,0.063306,0.914930,0.114148,0.381923,0.172558,82.826141,15.471181,0.060509,0.990740,0.039067,0.115093,-0.831163,48.985611,6.459232,-0.012733,0.971802,0.141760,0.187998,-5.926794,3.516549,2.262619,-0.029398,0.926699,-0.106052,0.359329,12.931975,83.431740,27.620708,0.065170,0.912157,-0.073739,0.397851,12.170718,49.246033,35.247139,-0.070334,0.846053,0.089363,0.520828,4.012376,4.190204,39.045311,-0.012733,0.971802,0.141760,0.187998,-0.696212,1.725476,-11.044270,-0.070334,0.846053,0.089363,0.520828,16.713623,1.576934,32.761253
1100,9.166667,-0.048982,0.925182,0.076438,0.368506,6.552080,83.129601,21.540628,-0.057028,0.908270,0.087785,0.405077,5.489794,90.238335,22.301992,-0.020346,0.906499,0.063047,0.416979,2.770317,105.462715,24.065002,0.046298,0.923881,0.072471,0.372893,1.173753,123.151382,25.802008,0.058558,0.946203,0.005796,0.318178,2.830621,136.786957,26.849152,-0.085080,0.836958,0.145575,0.520644,-1.150710,117.760658,22.874460,-0.600945,0.423117,-0.317682,0.599096,-8.524243,117.913124,7.969068,0.615098,-0.224396,0.343051,-0.673511,2.379200,95.883713,4.868351,0.546327,-0.046161,0.607283,-0.574981,14.968899,81.886948,7.139067,-0.085536,0.873670,0.089862,0.470435,3.432519,117.650261,28.211334,0.544541,0.806069,0.218273,0.078003,12.458536,118.729744,42.137157,0.589978,0.686401,0.404899,-0.129756,22.239172,96.136848,39.363235,-0.813274,-0.418911,-0.350882,0.199952,27.297762,82.941452,27.083549,0.063211,0.915024,0.114096,0.381730,0.173852,82.827271,15.464291,0.060471,0.991007,0.039348,0.112692,-0.827110,48.985046,6.458401,-0.012612,0.971756,0.141838,0.188182,-5.926479,3.517589,2.248985,-0.029392,0.926673,-0.106064,0.359394,12.930308,83.431938,27.616966,0.065108,0.912099,-0.073766,0.397988,12.167827,49.246384,35.243946,-0.070239,0.846073,0.089395,0.520803,4.013101,4.190188,39.045506,-0.012612,0.971756,0.141838,0.188182,-0.691845,1.728026,-11.056509,-0.070239,0.846073,0.089395,0.520803,16.713488,1.576246,32.760002
1101,9.175000,-0.049012,0.925213,0.076539,0.368402,6.548046,83.130775,21.534534,-0.056965,0.908296,0.087775,0.405030,5.484915,90.239243,22.297209,-0.020352,0.906513,0.063013,0.416952,2.767569,105.463181,24.060795,0.046371,0.923855,0.072558,0.372930,1.171397,123.152008,25.796663,0.058679,0.946166,0.005781,0.318266,2.829232,136.787216,26.846903,-0.085191,0.836925,0.145877,0.520595,-1.153328,117.761108,22.869627,-0.600803,0.423010,-0.317762,0.599271,-8.527936,117.915581,7.964782,0.615003,-0.224316,0.342946,-0.673678,2.377480,95.887184,4.863714,0.546280,-0.046289,0.607115,-0.575193,14.972964,81.891785,7.131668,-0.085911,0.873598,0.090227,0.470431,3.430214,117.651009,28.206244,0.544535,0.806067,0.218302,0.077990,12.454233,118.735489,42.132984,0.589984,0.686467,0.404812,-0.129648,22.235350,96.142944,39.357822,-0.813155,-0.419003,-0.351007,0.200024,27.296167,82.940079,27.078953,0.063224,0.914966,0.114021,0.381889,0.168520,82.828453,15.459556,0.060530,0.990707,0.039045,0.115371,-0.833787,48.985161,6.457832,-0.013097,0.971794,0.141630,0.188114,-5.930344,3.516182,2.261517,-0.029487,0.926680,-0.106287,0.359301,12.927571,83.433098,27.609512,0.065197,0.912256,-0.073623,0.397640,12.166355,49.251263,35.253250,-0.070301,0.846024,0.089177,0.520912,4.010832,4.194194,39.042698,-0.013097,0.971794,0.141630,0.188114,-0.694196,1.723270,-11.042931,-0.070301,0.846024,0.089177,0.520912,16.712610,1.575961,32.761787
1102,9.183333,-0.048938,0.925208,0.076628,0.368406,6.551209,83.127350,21.526314,-0.057288,0.908369,0.087607,0.404857,5.488590,90.235725,22.290554,-0.020106,0.906637,0.063356,0.416642,2.765205,105.455864,24.045406,0.046115,0.923947,0.072440,0.372757,1.172492,123.143494,25.796513,0.058883,0.946133,0.005784,0.318327,2.824996,136.779816,26.840591,-0.085134,0.836901,0.145968,0.520617,-1.154988,117.755219,22.866829,-0.600679,0.423003,-0.317786,0.599387,-8.529133,117.913033,7.961789,0.614919,-0.224143,0.342821,-0.673876,2.375801,95.884880,4.857266,0.546112,-0.046325,0.606932,-0.575543,14.978477,81.893745,7.124125,-0.085712,0.873638,0.089733,0.470488,3.432327,117.640289,28.200102,0.544593,0.806072,0.218177,0.077879,12.455690,118.726669,42.127117,0.590015,0.686363,0.404923,-0.129712,22.234488,96.133331,39.350250,-0.812963,-0.419249,-0.351325,0.199730,27.290705,82.940277,27.073633,0.063450,0.914873,0.113953,0.382096,0.171601,82.826813,15.451331,0.060394,0.990673,0.038929,0.115774,-0.844910,48.984440,6.447743,-0.012870,0.971781,0.141800,0.188066,-5.928699,3.513116,2.261375,-0.029470,0.926675,-0.106408,0.359281,12.930817,83.427887,27.601295,0.065199,0.912317,-0.073611,0.397503,12.165592,49.247768,35.252319,-0.070221,0.846016,0.089320,0.520910,4.010885,4.190558,39.041893,-0.012870,0.971781,0.141800,0.188066,-0.695275,1.723886,-11.044643,-0.070221,0.846016,0.089320,0.520910,16.712513,1.574565,32.759743
1103,9.191667,-0.048848,0.925179,0.076697,0.368476,6.552077,83.126907,21.519938,-0.057213,0.908280,0.087894,0.405006,5.490234,90.235260,22.285503,-0.020392,0.906540,0.063054,0.416885,2.763594,105.462502,24.049910,0.046344,0.923826,0.072663,0.372985,1.165623,123.151077,25.786602,0.058968,0.946085,0.005765,0.318455,2.821710,136.786301,26.839432,-0.085245,0.836940,0.145816,0.520579,-1.158893,117.760017,22.859713,-0.600790,0.422957,-0.317676,0.599367,-8.533724,117.911819,7.954955,0.614919,-0.224099,0.342787,-0.673908,2.376635,95.886322,4.850667,0.546060,-0.046154,0.606885,-0.575655,14.981571,81.895950,7.117700,-0.086093,0.873768,0.089282,0.470261,3.425417,117.650261,28.195677,0.544800,0.805989,0.217978,0.077844,12.453689,118.755806,42.117996,0.589968,0.686636,0.404655,-0.129317,22.221575,96.157562,39.342587,-0.812885,-0.419307,-0.351487,0.199640,27.288754,82.939217,27.069193,0.063211,0.914958,0.113920,0.381941,0.173230,82.828407,15.444058,0.060533,0.990786,0.039049,0.114688,-0.830467,48.983383,6.448995,-0.012793,0.971773,0.141766,0.188138,-5.930193,3.514466,2.255819,-0.029486,0.926645,-0.106442,0.359346,12.930923,83.425407,27.595816,0.065215,0.912317,-0.073646,0.397494,12.165353,49.245869,35.249405,-0.070259,0.846000,0.089324,0.520930,4.008104,4.189315,39.041348,-0.012793,0.971773,0.141766,0.188138,-0.695477,1.723827,-11.049499,-0.070259,0.846000,0.089324,0.520930,16.710262,1.573997,32.759987
1104,9.200000,-0.048782,0.925124,0.076448,0.368676,6.552824,83.123566,21.517231,-0.057276,0.908234,0.087951,0.405086,5.493018,90.232559,22.279613,-0.020403,0.906516,0.063093,0.416932,2.763067,105.462959,24.044968,0.046174,0.923809,0.072589,0.373062,1.164090,123.151337,25.782671,0.059134,0.946026,0.005769,0.318598,2.816650,136.787247,26.832108,-0.085459,0.836940,0.145785,0.520553,-1.159868,117.760361,22.855177,-0.600923,0.423030,-0.317488,0.599281,-8.534402,117.905518,7.950199,0.614977,-0.223982,0.342741,-0.673917,2.378770,95.881966,4.842047,0.545867,-0.046184,0.606866,-0.575856,14.983570,81.898521,7.111080,-0.085566,0.873637,0.089946,0.470474,3.423888,117.650475,28.191618,0.544495,0.806116,0.218259,0.077883,12.448512,118.729332,42.118408,0.590031,0.686382,0.404941,-0.129481,22.232576,96.138367,39.340721,-0.812975,-0.419066,-0.351564,0.199644,27.291197,82.938774,27.067125,0.063125,0.914980,0.114103,0.381846,0.176457,82.824844,15.438756,0.061433,0.990410,0.038601,0.117579,-0.817686,48.981983,6.434511,-0.012972,0.971521,0.141480,0.189639,-5.991673,3.519955,2.257701,-0.029390,0.926654,-0.106289,0.359376,12.929190,83.422287,27.595705,0.065073,0.912169,-0.073787,0.397830,12.160998,49.240074,35.237076,-0.070304,0.846008,0.089508,0.520880,4.009077,4.183740,39.043026,-0.012972,0.971521,0.141480,0.189639,-0.716451,1.721558,-11.030563,-0.070304,0.846008,0.089508,0.520880,16.711256,1.573534,32.759583
1105,9.208333,-0.048835,0.925146,0.076499,0.368602,6.551867,83.125153,21.512222,-0.057311,0.908214,0.088000,0.405117,5.491147,90.233955,22.275084,-0.020404,0.906485,0.063097,0.416998,2.759612,105.463600,24.041256,0.046359,0.923791,0.072564,0.373088,1.160403,123.151955,25.778973,0.059121,0.946041,0.005760,0.318556,2.817909,136.787170,26.829729,-0.085588,0.836894,0.145795,0.520602,-1.163131,117.761024,22.851065,-0.600619,0.422874,-0.317788,0.599537,-8.535214,117.903160,7.944855,0.614936,-0.223790,0.342615,-0.674082,2.375035,95.877686,4.840109,0.545967,-0.046361,0.606656,-0.575968,14.985603,81.901039,7.109073,-0.085645,0.873651,0.089996,0.470425,3.419838,117.651054,28.188171,0.544516,0.806120,0.218228,0.077780,12.445530,118.731598,42.114128,0.589900,0.686507,0.404954,-0.129374,22.229273,96.140923,39.332989,-0.813075,-0.418943,-0.351560,0.199506,27.294722,82.940353,27.063244,0.063135,0.914845,0.114041,0.382189,0.174633,82.825783,15.434696,0.061367,0.990463,0.038639,0.117152,-0.818514,48.982018,6.433743,-0.013201,0.971541,0.141413,0.189569,-5.987843,3.519511,2.256356,-0.029403,0.926665,-0.106352,0.359328,12.929101,83.424530,27.589746,0.065072,0.912186,-0.073789,0.397792,12.160539,49.243309,35.235508,-0.070306,0.845992,0.089391,0.520926,4.008832,4.186991,39.042084,-0.013201,0.971541,0.141413,0.189569,-0.712863,1.720453,-11.031912,-0.070306,0.845992,0.089391,0.520926,16.711393,1.574015,32.760574
1106,9.216667,-0.048870,0.925120,0.076497,0.368663,6.555036,83.122589,21.508120,-0.057408,0.908290,0.087628,0.405011,5.493802,90.231346,22.270695,-0.020217,0.906567,0.063614,0.416750,2.764550,105.461624,24.025383,0.046126,0.923874,0.072479,0.372929,1.164218,123.147919,25.782978,0.059134,0.946032,0.005778,0.318581,2.816639,136.784119,26.828712,-0.085627,0.836935,0.145814,0.520526,-1.160326,117.759850,22.850595,-0.600762,0.423014,-0.317553,0.599420,-8.534856,117.900719,7.945578,0.615092,-0.223786,0.342568,-0.673965,2.376972,95.876923,4.834403,0.546087,-0.046254,0.606551,-0.575974,14.986144,81.904747,7.104897,-0.086238,0.873639,0.089250,0.470481,3.425667,117.644707,28.184998,0.544649,0.805995,0.218332,0.077851,12.446227,118.753937,42.112030,0.589875,0.686679,0.404808,-0.129031,22.222208,96.160141,39.328979,-0.813044,-0.418901,-0.351621,0.199608,27.295807,82.940811,27.061867,0.063166,0.914907,0.113960,0.382059,0.178653,82.822731,15.429720,0.061344,0.990437,0.038613,0.117387,-0.819923,48.977955,6.433165,-0.012766,0.971501,0.141781,0.189530,-5.986512,3.515011,2.257159,-0.029426,0.926642,-0.106404,0.359371,12.931418,83.422440,27.586519,0.065103,0.912241,-0.073785,0.397661,12.162694,49.242088,35.236149,-0.070412,0.846026,0.089475,0.520841,4.009100,4.186085,39.042377,-0.012766,0.971501,0.141781,0.189530,-0.715356,1.724115,-11.033731,-0.070412,0.846026,0.089475,0.520841,16.711304,1.576719,32.758636
1107,9.225000,-0.048935,0.925058,0.076439,0.368823,6.559517,83.121628,21.506905,-0.057476,0.908178,0.088071,0.405158,5.497588,90.230423,22.268175,-0.020509,0.906483,0.063179,0.416984,2.759893,105.462013,24.034422,0.046301,0.923799,0.072574,0.373075,1.156098,123.149857,25.773230,0.059194,0.946038,0.005757,0.318552,2.812031,136.785294,26.823599,-0.085597,0.836977,0.145754,0.520479,-1.166074,117.758492,22.845030,-0.601020,0.423013,-0.317362,0.599264,-8.542362,117.898796,7.940884,0.615179,-0.223777,0.342562,-0.673891,2.375510,95.877769,4.831385,0.545978,-0.046286,0.606553,-0.576072,14.987623,81.903229,7.104177,-0.086148,0.873737,0.089299,0.470307,3.417004,117.649391,28.182062,0.544221,0.806236,0.218452,0.078010,12.443541,118.756058,42.105419,0.590337,0.686367,0.404681,-0.128980,22.241417,96.170685,39.331020,-0.813068,-0.418875,-0.351681,0.199462,27.296522,82.941231,27.059021,0.063200,0.915050,0.113970,0.381707,0.185329,82.820602,15.426265,0.061309,0.990437,0.038568,0.117424,-0.818627,48.976284,6.428568,-0.012883,0.971527,0.141791,0.189380,-5.982376,3.512624,2.256825,-0.029375,0.926609,-0.106336,0.359479,12.933705,83.422653,27.587542,0.065073,0.912209,-0.073863,0.397725,12.162544,49.241074,35.231426,-0.070424,0.846035,0.089440,0.520831,4.008298,4.185778,39.044674,-0.012883,0.971527,0.141791,0.189380,-0.714294,1.722686,-11.035410,-0.070424,0.846035,0.089440,0.520831,16.710339,1.575737,32.760887
1108,9.233333,-0.048924,0.925130,0.076636,0.368604,6.553517,83.123222,21.500450,-0.057524,0.908329,0.087767,0.404878,5.490884,90.231598,22.264645,-0.020282,0.906640,0.063454,0.416612,2.758191,105.453468,24.021307,0.045985,0.923922,0.072494,0.372825,1.158390,123.140396,25.773022,0.059341,0.946040,0.005753,0.318518,2.807040,136.777161,26.817396,-0.085447,0.836963,0.145733,0.520533,-1.167027,117.751274,22.843266,-0.600919,0.423014,-0.317380,0.599354,-8.542334,117.895737,7.938667,0.614930,-0.223571,0.342460,-0.674239,2.374942,95.874832,4.826170,0.545392,-0.045439,0.607544,-0.575650,14.986065,81.913223,7.094403,-0.086451,0.873672,0.089172,0.470395,3.420547,117.638039,28.176350,0.544642,0.806014,0.218256,0.077913,12.442594,118.755066,42.101795,0.589837,0.686699,0.404856,-0.128946,22.218525,96.160675,39.323406,-0.813035,-0.418892,-0.351743,0.199450,27.294817,82.940331,27.057425,0.063042,0.915052,0.113967,0.381730,0.176454,82.823303,15.422769,0.061280,0.990484,0.038616,0.117025,-0.817286,48.977535,6.429389,-0.013021,0.971544,0.141717,0.189337,-5.979592,3.513894,2.255703,-0.029458,0.926601,-0.106395,0.359476,12.930581,83.423141,27.578133,0.065042,0.912207,-0.073851,0.397735,12.163302,49.242775,35.227871,-0.069671,0.846017,0.090080,0.520851,4.012070,4.186940,39.041199,-0.013021,0.971544,0.141717,0.189337,-0.711703,1.722603,-11.036429,-0.069671,0.846017,0.090080,0.520851,16.711443,1.580952,32.750336
1109,9.241667,-0.048880,0.925131,0.076585,0.368616,6.554487,83.121094,21.498400,-0.057597,0.908327,0.087778,0.404870,5.492694,90.229645,22.262138,-0.020353,0.906645,0.063441,0.416601,2.757431,105.453400,24.018456,0.045978,0.923932,0.072468,0.372806,1.155550,123.140274,25.768719,0.059351,0.946049,0.005772,0.318490,2.804297,136.777100,26.812294,-0.085562,0.836913,0.145836,0.520564,-1.169266,117.750641,22.839445,-0.600845,0.422972,-0.317472,0.599409,-8.542811,117.893944,7.933969,0.614960,-0.223532,0.342367,-0.674272,2.373289,95.872215,4.823145,0.545495,-0.045282,0.607690,-0.575410,14.984268,81.916740,7.089721,-0.086482,0.873675,0.089165,0.470385,3.418396,117.638397,28.172472,0.544619,0.806058,0.218162,0.077882,12.440568,118.756447,42.097748,0.589828,0.686726,0.404832,-0.128928,22.217924,96.162460,39.321091,-0.813042,-0.418893,-0.351779,0.199358,27.295280,82.940193,27.055035,0.063162,0.915000,0.113940,0.381841,0.177518,82.821564,15.420604,0.061219,0.990469,0.038571,0.117201,-0.823529,48.976433,6.425668,-0.012977,0.971536,0.141818,0.189308,-5.979969,3.511777,2.255777,-0.029423,0.926589,-0.106406,0.359506,12.931458,83.420616,27.576197,0.065015,0.912261,-0.073872,0.397612,12.161349,49.240276,35.225716,-0.069604,0.846063,0.090213,0.520763,4.012182,4.184395,39.042847,-0.012977,0.971536,0.141818,0.189308,-0.713048,1.723128,-11.037089,-0.069604,0.846063,0.090213,0.520763,16.710217,1.580575,32.748394
1110,9.250000,-0.048943,0.925093,0.076406,0.368741,6.556147,83.119629,21.499067,-0.057494,0.908211,0.088083,0.405079,5.494353,90.228485,22.259951,-0.020622,0.906514,0.063123,0.416920,2.756061,105.460609,24.026621,0.046185,0.923827,0.072556,0.373024,1.149569,123.148537,25.762039,0.059297,0.946043,0.005696,0.318518,2.802730,136.784439,26.810625,-0.085846,0.836914,0.145706,0.520553,-1.172080,117.756203,22.835220,-0.600879,0.422892,-0.317521,0.599406,-8.544420,117.889313,7.929043,0.615280,-0.223616,0.342460,-0.673905,2.373513,95.867867,4.822662,0.546149,-0.046494,0.606424,-0.576029,14.986717,81.903412,7.097627,-0.086261,0.873736,0.089350,0.470278,3.411681,117.648933,28.171709,0.544542,0.806090,0.218202,0.077982,12.438470,118.758163,42.094707,0.589428,0.687221,0.404589,-0.128880,22.219227,96.165176,39.321915,-0.813635,-0.417797,-0.351045,0.200530,27.317303,82.933533,27.059835,0.063157,0.915154,0.114002,0.381456,0.180899,82.818123,15.419558,0.061176,0.990568,0.038608,0.116374,-0.821928,48.973923,6.421292,-0.012995,0.971524,0.141963,0.189258,-5.977553,3.509039,2.252788,-0.029478,0.926564,-0.106328,0.359591,12.931395,83.421143,27.578577,0.065120,0.912303,-0.073927,0.397490,12.166166,49.239864,35.224442,-0.070234,0.846031,0.089577,0.520841,4.006676,4.185998,39.043373,-0.012995,0.971524,0.141963,0.189258,-0.711666,1.724621,-11.041064,-0.070234,0.846031,0.089577,0.520841,16.708050,1.576389,32.758045
1111,9.258333,-0.049011,0.925060,0.076220,0.368852,6.560361,83.117355,21.501234,-0.057659,0.908296,0.087634,0.404963,5.498552,90.226524,22.259148,-0.020455,0.906613,0.063599,0.416642,2.761677,105.458977,24.011274,0.046012,0.923903,0.072451,0.372877,1.154078,123.144997,25.765007,0.059082,0.946034,0.005724,0.318586,2.803870,136.781677,26.808712,-0.085964,0.836907,0.145971,0.520471,-1.168737,117.755234,22.834373,-0.600765,0.422928,-0.317579,0.599464,-8.543234,117.889275,7.929282,0.615307,-0.223573,0.342446,-0.673901,2.371368,95.866508,4.820537,0.546241,-0.046260,0.606662,-0.575710,14.983230,81.905914,7.096212,-0.086464,0.873628,0.089274,0.470456,3.418385,117.643318,28.167871,0.544626,0.806026,0.218249,0.077932,12.438425,118.758820,42.094730,0.589239,0.687174,0.404966,-0.128811,22.215057,96.164589,39.317520,-0.814022,-0.417417,-0.350951,0.199911,27.320126,82.944946,27.056906,0.063323,0.915111,0.113959,0.381544,0.186680,82.813698,15.420194,0.061124,0.990502,0.038538,0.116980,-0.827019,48.970284,6.420208,-0.013042,0.971520,0.142132,0.189147,-5.976166,3.504321,2.255515,-0.029429,0.926606,-0.106284,0.359499,12.934043,83.421013,27.582275,0.065111,0.912318,-0.073960,0.397449,12.167534,49.238884,35.224186,-0.070132,0.846084,0.089671,0.520752,4.007778,4.185364,39.046555,-0.013042,0.971520,0.142132,0.189147,-0.712683,1.724989,-11.039967,-0.070132,0.846084,0.089671,0.520752,16.707485,1.576433,32.757603
1112,9.266667,-0.049101,0.925071,0.076416,0.368773,6.561771,83.121193,21.498028,-0.057652,0.908289,0.087628,0.404979,5.497800,90.229805,22.258160,-0.020521,0.906589,0.063610,0.416688,2.761660,105.459526,24.009855,0.045946,0.923889,0.072418,0.372927,1.151671,123.145386,25.762901,0.059043,0.946015,0.005742,0.318649,2.800142,136.782333,26.805241,-0.086026,0.836903,0.145850,0.520500,-1.170148,117.755257,22.832161,-0.600830,0.423008,-0.317515,0.599376,-8.543275,117.885635,7.926357,0.615179,-0.223408,0.342304,-0.674145,2.369999,95.862427,4.816175,0.545717,-0.045382,0.607627,-0.575259,14.980096,81.916344,7.087536,-0.086497,0.873632,0.089254,0.470446,3.416391,117.644073,28.166178,0.544447,0.806095,0.218391,0.078059,12.436554,118.760857,42.092861,0.589363,0.687073,0.404973,-0.128762,22.221830,96.169945,39.319126,-0.814088,-0.417325,-0.350916,0.199898,27.322411,82.947365,27.057060,0.063229,0.915260,0.114000,0.381189,0.187217,82.817245,15.417915,0.061042,0.990747,0.038733,0.114862,-0.822837,48.973652,6.418185,-0.013066,0.971520,0.142108,0.189163,-5.971344,3.508160,2.247559,-0.029458,0.926610,-0.106343,0.359468,12.936325,83.425140,27.578140,0.065154,0.912347,-0.073964,0.397375,12.170408,49.244011,35.224564,-0.070501,0.846077,0.089389,0.520762,4.007267,4.191053,39.046322,-0.013066,0.971520,0.142108,0.189163,-0.707282,1.728256,-11.047617,-0.070501,0.846077,0.089389,0.520762,16.708647,1.580926,32.761238
1113,9.275000,-0.049127,0.925105,0.076539,0.368658,6.559757,83.121422,21.494993,-0.057585,0.908319,0.087556,0.404937,5.494886,90.229729,22.256746,-0.020533,0.906600,0.063611,0.416665,2.761843,105.458817,24.007246,0.045899,0.923882,0.072378,0.372956,1.151503,123.144676,25.760170,0.058930,0.945988,0.005807,0.318747,2.799193,136.781830,26.801100,-0.086104,0.836974,0.145855,0.520372,-1.170329,117.754448,22.829609,-0.600683,0.422888,-0.317673,0.599525,-8.547444,117.881905,7.925755,0.615178,-0.223349,0.342229,-0.674204,2.365896,95.858322,4.818432,0.545841,-0.045525,0.607523,-0.575240,14.978592,81.915192,7.088982,-0.086759,0.873572,0.089447,0.470473,3.416481,117.643425,28.163395,0.544564,0.806037,0.218330,0.078016,12.434308,118.764565,42.091236,0.589067,0.687438,0.404842,-0.128578,22.213627,96.171272,39.315899,-0.814372,-0.416801,-0.350656,0.200289,27.331379,82.938858,27.058655,0.063195,0.915234,0.113994,0.381259,0.183756,82.817665,15.416389,0.061036,0.990743,0.038730,0.114908,-0.823597,48.973675,6.417844,-0.013068,0.971508,0.142167,0.189183,-5.971457,3.508094,2.247388,-0.029506,0.926646,-0.106397,0.359355,12.935758,83.425186,27.573597,0.065185,0.912323,-0.073951,0.397427,12.172500,49.245056,35.224766,-0.070497,0.846038,0.089430,0.520818,4.006986,4.192299,39.043865,-0.013068,0.971508,0.142167,0.189183,-0.706789,1.729877,-11.047775,-0.070497,0.846038,0.089430,0.520818,16.709259,1.583131,32.760185
1114,9.283333,-0.049182,0.925144,0.076729,0.368515,6.561679,83.119904,21.492014,-0.057651,0.908340,0.087563,0.404880,5.495192,90.227715,22.256161,-0.020578,0.906614,0.063603,0.416632,2.759843,105.459190,24.006493,0.045879,0.923913,0.072269,0.372902,1.148236,123.145004,25.758535,0.058882,0.946016,0.005782,0.318676,2.796537,136.782318,26.796329,-0.086176,0.836954,0.145705,0.520435,-1.173366,117.754448,22.828424,-0.600820,0.422943,-0.317593,0.599391,-8.547900,117.877647,7.923257,0.615404,-0.223385,0.342119,-0.674041,2.365608,95.854012,4.816894,0.546094,-0.045634,0.607433,-0.575086,14.980033,81.913635,7.088139,-0.086442,0.873658,0.089200,0.470417,3.413799,117.644081,28.161919,0.544536,0.806058,0.218311,0.078047,12.435189,118.760277,42.087852,0.589080,0.687405,0.404904,-0.128499,22.215765,96.167252,39.314651,-0.814442,-0.416606,-0.350765,0.200217,27.332827,82.936584,27.060095,0.063133,0.915341,0.114029,0.381003,0.183912,82.816254,15.415257,0.060998,0.990805,0.038768,0.114380,-0.821053,48.972279,6.416406,-0.012967,0.971522,0.142198,0.189096,-5.967230,3.506544,2.245631,-0.029499,0.926608,-0.106444,0.359441,12.939445,83.423553,27.568769,0.065193,0.912340,-0.073975,0.397383,12.173866,49.244106,35.222740,-0.070591,0.846056,0.089363,0.520788,4.007065,4.191765,39.043987,-0.012967,0.971522,0.142198,0.189096,-0.705564,1.728709,-11.050767,-0.070591,0.846056,0.089363,0.520788,16.709309,1.582388,32.760338
1115,9.291667,-0.049211,0.925181,0.076773,0.368408,6.558144,83.120522,21.491411,-0.057607,0.908370,0.087505,0.404831,5.491128,90.228188,22.256111,-0.020562,0.906632,0.063554,0.416601,2.758250,105.457817,24.005276,0.045765,0.923924,0.072267,0.372891,1.147927,123.143890,25.756058,0.058784,0.946016,0.005751,0.318693,2.793346,136.781647,26.792585,-0.086184,0.836961,0.145660,0.520434,-1.174238,117.753235,22.826534,-0.601106,0.423084,-0.317367,0.599124,-8.548763,117.875420,7.921353,0.615593,-0.223478,0.342115,-0.673840,2.365966,95.852509,4.814135,0.546226,-0.045639,0.607231,-0.575174,14.979275,81.910660,7.087138,-0.086498,0.873651,0.089223,0.470417,3.413303,117.642990,28.159708,0.544576,0.806059,0.218214,0.078035,12.434392,118.760429,42.085735,0.588924,0.687569,0.404877,-0.128418,22.212934,96.166321,39.314274,-0.814622,-0.416184,-0.350712,0.200458,27.338478,82.932579,27.061981,0.063096,0.915332,0.114063,0.381019,0.179035,82.816513,15.416081,0.060921,0.990856,0.038801,0.113965,-0.822494,48.972744,6.416053,-0.012808,0.971541,0.142279,0.188946,-5.963081,3.506380,2.245165,-0.029539,0.926560,-0.106398,0.359575,12.937254,83.424538,27.566742,0.065166,0.912387,-0.074039,0.397268,12.174330,49.244556,35.218605,-0.070521,0.846101,0.089371,0.520723,4.007917,4.192758,39.047112,-0.012808,0.971541,0.142279,0.188946,-0.706445,1.730088,-11.053431,-0.070521,0.846101,0.089371,0.520723,16.708811,1.582492,32.761097
1116,9.300000,-0.048702,0.925274,0.076518,0.368295,6.544743,83.124695,21.494617,-0.057713,0.908407,0.087489,0.404737,5.485954,90.233643,22.258797,-0.020507,0.906686,0.063399,0.416511,2.752551,105.451408,24.005117,0.045629,0.923934,0.072259,0.372883,1.146490,123.138260,25.751865,0.058740,0.945987,0.005802,0.318787,2.788544,136.776550,26.786808,-0.086098,0.836903,0.145737,0.520520,-1.177475,117.747406,22.824156,-0.601182,0.423056,-0.317341,0.599082,-8.549513,117.873886,7.917775,0.615955,-0.223629,0.342368,-0.673330,2.367225,95.851654,4.812736,0.546987,-0.046624,0.606146,-0.575516,14.977103,81.897095,7.097828,-0.086602,0.873673,0.089056,0.470387,3.411155,117.637459,28.156403,0.544502,0.806101,0.218215,0.078112,12.432556,118.760719,42.081768,0.588929,0.687556,0.404932,-0.128300,22.214499,96.167587,39.314304,-0.814645,-0.416126,-0.350829,0.200277,27.341234,82.931870,27.063274,0.062871,0.915237,0.114132,0.381265,0.163291,82.827095,15.421428,0.060897,0.990863,0.038864,0.113893,-0.819599,48.982460,6.422610,-0.012942,0.971616,0.141894,0.188843,-5.957642,3.516269,2.246660,-0.029743,0.926546,-0.106285,0.359626,12.926194,83.422287,27.567804,0.065232,0.912325,-0.074056,0.397397,12.178944,49.241470,35.217495,-0.070585,0.846049,0.089308,0.520810,4.005908,4.190689,39.043823,-0.012942,0.971616,0.141894,0.188843,-0.703144,1.729780,-11.051419,-0.070585,0.846049,0.089308,0.520810,16.708288,1.579906,32.761021
1117,9.308333,-0.049233,0.925106,0.076386,0.368673,6.564122,83.115074,21.498642,-0.057985,0.908357,0.087581,0.404790,5.498630,90.223572,22.257782,-0.020552,0.906706,0.063326,0.416476,2.754108,105.452255,24.004456,0.045545,0.923912,0.072348,0.372933,1.147719,123.139359,25.748259,0.058593,0.945953,0.005746,0.318916,2.786748,136.777893,26.784784,-0.086181,0.836986,0.145730,0.520375,-1.176316,117.747940,22.821648,-0.601371,0.423145,-0.317221,0.598893,-8.552876,117.871071,7.917481,0.616126,-0.223610,0.342240,-0.673245,2.363894,95.848763,4.813129,0.547038,-0.046582,0.606137,-0.575480,14.977730,81.897224,7.098699,-0.086642,0.873656,0.089091,0.470405,3.412695,117.639038,28.153587,0.544522,0.806113,0.218116,0.078120,12.433316,118.762779,42.079411,0.589069,0.687448,0.404956,-0.128157,22.214100,96.168800,39.314762,-0.814508,-0.416339,-0.351148,0.199832,27.336069,82.929626,27.065113,0.063234,0.915427,0.114217,0.380723,0.188499,82.808617,15.419775,0.060967,0.990746,0.038582,0.114966,-0.820565,48.968548,6.406702,-0.012673,0.971526,0.142471,0.188886,-5.963507,3.501144,2.250071,-0.029531,0.926637,-0.106246,0.359420,12.939745,83.421532,27.577507,0.065246,0.912361,-0.074060,0.397311,12.181402,49.239262,35.219593,-0.070501,0.846085,0.089482,0.520733,4.007392,4.188714,39.046581,-0.012673,0.971526,0.142471,0.188886,-0.709219,1.729625,-11.050090,-0.070501,0.846085,0.089482,0.520733,16.708591,1.580818,32.760197
1118,9.316667,-0.048816,0.925199,0.076094,0.368556,6.550715,83.121498,21.504829,-0.057739,0.908392,0.087289,0.404810,5.492415,90.231224,22.262457,-0.020680,0.906669,0.063472,0.416527,2.759217,105.457840,24.003536,0.045472,0.923913,0.072245,0.372958,1.146445,123.144104,25.750053,0.058493,0.945954,0.005741,0.318931,2.784675,136.782974,26.783272,-0.086417,0.836970,0.145712,0.520366,-1.175325,117.752365,22.822239,-0.601194,0.423094,-0.317423,0.598999,-8.550859,117.868614,7.917504,0.615945,-0.223395,0.341932,-0.673639,2.361696,95.843857,4.815684,0.546702,-0.045778,0.606880,-0.575082,14.980048,81.909447,7.092584,-0.086540,0.873655,0.089132,0.470417,3.413013,117.644180,28.154772,0.544480,0.806085,0.218293,0.078214,12.433839,118.764290,42.080765,0.589206,0.687158,0.405175,-0.128387,22.216183,96.171074,39.315422,-0.813435,-0.418542,-0.351684,0.198657,27.327866,82.944527,27.059141,0.063045,0.915361,0.114224,0.380911,0.172846,82.819687,15.428084,0.060973,0.990614,0.038572,0.116095,-0.822113,48.978050,6.419326,-0.012511,0.971600,0.142221,0.188709,-5.960918,3.510639,2.257704,-0.029771,0.926651,-0.106120,0.359403,12.928584,83.423302,27.581575,0.065363,0.912498,-0.074042,0.396980,12.189178,49.240158,35.221600,-0.071017,0.846056,0.088977,0.520796,4.007416,4.190773,39.045727,-0.012511,0.971600,0.142221,0.188709,-0.712751,1.731231,-11.043826,-0.071017,0.846056,0.088977,0.520796,16.711395,1.578535,32.766766
1119,9.325000,-0.049331,0.925184,0.076595,0.368422,6.562068,83.119461,21.499439,-0.057723,0.908401,0.087340,0.404781,5.494380,90.227356,22.261108,-0.020759,0.906662,0.063473,0.416538,2.760482,105.457047,24.004261,0.045414,0.923939,0.072171,0.372916,1.145093,123.143181,25.749592,0.058432,0.945992,0.005641,0.318830,2.782609,136.782349,26.780209,-0.086401,0.837046,0.145575,0.520285,-1.175791,117.750916,22.822039,-0.601235,0.423101,-0.317357,0.598987,-8.554205,117.864632,7.918717,0.616016,-0.223352,0.341858,-0.673626,2.360108,95.840927,4.815628,0.546735,-0.045756,0.606900,-0.575030,14.980420,81.909706,7.092798,-0.086570,0.873674,0.089091,0.470385,3.412367,117.643738,28.154743,0.544460,0.806102,0.218282,0.078207,12.434018,118.765518,42.080055,0.589276,0.687113,0.405220,-0.128166,22.217459,96.172745,39.315033,-0.813391,-0.418508,-0.351999,0.198348,27.328079,82.942482,27.062803,0.063170,0.915421,0.114161,0.380765,0.183345,82.812347,15.423860,0.060991,0.990590,0.038543,0.116297,-0.822739,48.970810,6.415973,-0.012916,0.971573,0.142295,0.188765,-5.962613,3.503394,2.255721,-0.029671,0.926670,-0.106249,0.359325,12.940791,83.426575,27.575016,0.065332,0.912214,-0.074055,0.397635,12.192227,49.244930,35.220867,-0.070258,0.846022,0.089136,0.520927,4.009847,4.195351,39.041313,-0.012916,0.971573,0.142295,0.188765,-0.709939,1.728188,-11.044587,-0.070258,0.846022,0.089136,0.520927,16.711470,1.575482,32.760777
1120,9.333333,-0.049358,0.925210,0.076688,0.368332,6.564531,83.117279,21.499762,-0.057938,0.908433,0.087421,0.404661,5.496057,90.224930,22.262619,-0.020715,0.906735,0.063257,0.416415,2.755793,105.450699,24.005369,0.045307,0.923951,0.072171,0.372898,1.145275,123.137894,25.744619,0.058349,0.945963,0.005710,0.318931,2.780066,136.777466,26.774094,-0.086319,0.837043,0.145565,0.520307,-1.177768,117.745117,22.819712,-0.601503,0.423128,-0.317260,0.598751,-8.555907,117.861046,7.916265,0.616214,-0.223378,0.341764,-0.673483,2.360356,95.837532,4.818666,0.546858,-0.045876,0.606667,-0.575150,14.982751,81.908150,7.096784,-0.086678,0.873698,0.088949,0.470348,3.411863,117.638763,28.151167,0.544033,0.806378,0.218290,0.078309,12.434067,118.766083,42.075684,0.589834,0.686795,0.404992,-0.128025,22.239750,96.181778,39.320217,-0.813352,-0.418405,-0.352268,0.198249,27.327623,82.939438,27.068335,0.063186,0.915392,0.114179,0.380825,0.184695,82.810181,15.425348,0.061004,0.990589,0.038511,0.116315,-0.821330,48.969070,6.415831,-0.012516,0.971545,0.142524,0.188760,-5.962728,3.501576,2.258309,-0.029688,0.926655,-0.106208,0.359374,12.944367,83.424385,27.574175,0.065349,0.912143,-0.074155,0.397775,12.197564,49.242203,35.217793,-0.070262,0.846071,0.089135,0.520848,4.009607,4.194185,39.044731,-0.012516,0.971545,0.142524,0.188760,-0.712864,1.730794,-11.043702,-0.070262,0.846071,0.089135,0.520848,16.710108,1.574309,32.761925
1121,9.341667,-0.049336,0.925234,0.076827,0.368246,6.564970,83.117615,21.498787,-0.057912,0.908472,0.087367,0.404589,5.496126,90.224983,22.263721,-0.020757,0.906768,0.063223,0.416346,2.757560,105.450226,24.005384,0.045249,0.923965,0.072199,0.372865,1.146329,123.137497,25.743038,0.058179,0.945972,0.005719,0.318934,2.779343,136.777283,26.772543,-0.086330,0.837117,0.145527,0.520196,-1.176848,117.744301,22.819027,-0.601433,0.423042,-0.317298,0.598861,-8.558763,117.858528,7.917432,0.616201,-0.223344,0.341742,-0.673518,2.359886,95.836166,4.820065,0.546967,-0.045729,0.606658,-0.575067,14.984186,81.906982,7.098219,-0.086723,0.873703,0.088952,0.470330,3.413572,117.638756,28.149822,0.544016,0.806411,0.218213,0.078305,12.436080,118.767380,42.074039,0.589971,0.686709,0.405006,-0.127809,22.242716,96.183220,39.320793,-0.813265,-0.418394,-0.352660,0.197932,27.326736,82.935799,27.072283,0.063112,0.915419,0.114236,0.380757,0.183977,82.811646,15.425530,0.061068,0.990594,0.038517,0.116239,-0.816427,48.970806,6.414393,-0.012581,0.971547,0.142408,0.188836,-5.963881,3.504076,2.256044,-0.029675,0.926595,-0.106194,0.359534,12.945964,83.423584,27.572044,0.065366,0.912327,-0.074161,0.397350,12.197353,49.241138,35.214291,-0.069778,0.846057,0.090036,0.520780,4.009508,4.193407,39.044865,-0.012581,0.971547,0.142408,0.188836,-0.711649,1.730288,-11.044634,-0.069778,0.846057,0.090036,0.520780,16.708391,1.587945,32.752792
1122,9.350000,-0.049561,0.925257,0.076923,0.368138,6.569574,83.116379,21.502089,-0.057859,0.908511,0.087183,0.404549,5.497322,90.223221,22.267202,-0.020875,0.906771,0.063335,0.416316,2.761908,105.453697,24.004974,0.045171,0.924000,0.072056,0.372816,1.145277,123.140289,25.744522,0.058095,0.945994,0.005717,0.318886,2.777767,136.780472,26.769438,-0.086534,0.837176,0.145437,0.520092,-1.176361,117.746666,22.820061,-0.601395,0.422995,-0.317369,0.598897,-8.560697,117.852997,7.919617,0.616348,-0.223325,0.341621,-0.673452,2.357730,95.830223,4.824429,0.547270,-0.045931,0.606399,-0.575036,14.985196,81.904510,7.102642,-0.086671,0.873724,0.088942,0.470301,3.414331,117.641998,28.150637,0.544450,0.806157,0.218084,0.078257,12.438040,118.769432,42.074165,0.589558,0.687013,0.405200,-0.127468,22.221640,96.175781,39.316795,-0.813183,-0.418221,-0.353100,0.197852,27.326191,82.930611,27.079948,0.063103,0.915409,0.114406,0.380729,0.187571,82.807198,15.430060,0.061064,0.990853,0.038694,0.113949,-0.807932,48.968994,6.408463,-0.012615,0.971516,0.142430,0.188975,-5.962713,3.503475,2.245917,-0.029588,0.926584,-0.106152,0.359581,12.951576,83.425568,27.574116,0.065399,0.912276,-0.074196,0.397455,12.198029,49.242134,35.211452,-0.070440,0.846035,0.089334,0.520847,4.005734,4.195273,39.042751,-0.012615,0.971516,0.142430,0.188975,-0.706555,1.730454,-11.053304,-0.070440,0.846035,0.089334,0.520847,16.707832,1.582921,32.760044
1123,9.358333,-0.049596,0.925239,0.076667,0.368233,6.571273,83.112335,21.510206,-0.057958,0.908513,0.087145,0.404539,5.499825,90.219688,22.271627,-0.020905,0.906792,0.063282,0.416278,2.761481,105.453560,24.007507,0.045140,0.924041,0.071944,0.372740,1.144705,123.140350,25.744984,0.058006,0.946038,0.005672,0.318771,2.777544,136.780746,26.766481,-0.086495,0.837173,0.145457,0.520098,-1.177082,117.746330,22.821383,-0.601225,0.422850,-0.317593,0.599050,-8.561422,117.854103,7.920951,0.616253,-0.223319,0.341517,-0.673593,2.356011,95.830124,4.830886,0.547378,-0.045957,0.606222,-0.575118,14.988950,81.903229,7.104877,-0.086719,0.873766,0.088906,0.470223,3.414043,117.642387,28.151598,0.544110,0.806386,0.218084,0.078267,12.439924,118.772110,42.073528,0.589979,0.686975,0.404868,-0.126780,22.241777,96.185776,39.321102,-0.814341,-0.415651,-0.353015,0.198654,27.337269,82.910774,27.095932,0.063153,0.915391,0.114539,0.380725,0.190568,82.801071,15.436920,0.061127,0.990772,0.038575,0.114658,-0.804500,48.965439,6.405625,-0.012742,0.971510,0.142497,0.188944,-5.963252,3.499779,2.249570,-0.029589,0.926606,-0.106008,0.359567,12.951979,83.423599,27.583492,0.065433,0.912378,-0.074234,0.397207,12.202244,49.238033,35.211658,-0.070279,0.846105,0.089470,0.520732,4.006791,4.192102,39.047127,-0.012742,0.971510,0.142497,0.188944,-0.706906,1.729323,-11.049919,-0.070279,0.846105,0.089470,0.520732,16.706585,1.580541,32.759434
1124,9.366667,-0.049585,0.925279,0.076914,0.368081,6.574209,83.113823,21.507915,-0.058145,0.908554,0.087306,0.404384,5.501729,90.220642,22.272850,-0.020855,0.906875,0.063080,0.416130,2.757284,105.448105,24.010780,0.045096,0.924099,0.071928,0.372603,1.145406,123.135880,25.742752,0.057878,0.946091,0.005663,0.318638,2.777238,136.776489,26.762989,-0.086413,0.837170,0.145428,0.520125,-1.178679,117.741417,22.821777,-0.601154,0.422800,-0.317343,0.599290,-8.562560,117.851112,7.921131,0.616309,-0.223097,0.341881,-0.673431,2.364850,95.833771,4.818941,0.547467,-0.045873,0.606055,-0.575215,14.992780,81.903656,7.109304,-0.086809,0.873793,0.088816,0.470172,3.414212,117.638191,28.150484,0.544071,0.806427,0.218012,0.078304,12.441146,118.772186,42.071384,0.589920,0.687042,0.404884,-0.126641,22.244797,96.186134,39.322968,-0.814427,-0.415365,-0.353140,0.198674,27.344015,82.909630,27.102057,0.063184,0.915314,0.114339,0.380966,0.191511,82.804092,15.436646,0.061125,0.990576,0.038498,0.116362,-0.808670,48.965527,6.416940,-0.012624,0.971538,0.142542,0.188779,-5.960913,3.499293,2.259027,-0.029627,0.926573,-0.106099,0.359622,12.956907,83.423553,27.579185,0.065478,0.912290,-0.074214,0.397406,12.206918,49.239494,35.214085,-0.070300,0.846075,0.089483,0.520777,4.007646,4.193828,39.044445,-0.012624,0.971538,0.142542,0.188779,-0.709734,1.729557,-11.042597,-0.070300,0.846075,0.089483,0.520777,16.708252,1.582910,32.758125
1125,9.375000,-0.049620,0.925390,0.077121,0.367754,6.568336,83.118408,21.509243,-0.057830,0.908628,0.087021,0.404325,5.494563,90.224716,22.277122,-0.021017,0.906856,0.063171,0.416150,2.763024,105.452644,24.010988,0.045011,0.924115,0.071872,0.372584,1.144509,123.139763,25.743437,0.057796,0.946114,0.005610,0.318584,2.774757,136.780746,26.761324,-0.086523,0.837281,0.145319,0.519958,-1.177386,117.744553,22.822121,-0.601154,0.422680,-0.317382,0.599352,-8.566436,117.848183,7.923992,0.616321,-0.223051,0.341723,-0.673515,2.364718,95.832230,4.825215,0.547589,-0.045864,0.605769,-0.575402,14.999035,81.904358,7.112799,-0.086772,0.873787,0.088886,0.470176,3.415173,117.642830,28.151146,0.544433,0.806225,0.217876,0.078260,12.442194,118.774628,42.072170,0.589559,0.687277,0.405089,-0.126384,22.226702,96.180618,39.320995,-0.814306,-0.415392,-0.353534,0.198415,27.343401,82.907623,27.108664,0.062927,0.915336,0.114546,0.380894,0.181457,82.808907,15.442360,0.061301,0.990570,0.038479,0.116333,-0.797348,48.971386,6.416375,-0.012897,0.971558,0.142190,0.188918,-5.965961,3.507012,2.258504,-0.029722,0.926546,-0.106121,0.359676,12.955215,83.427910,27.576128,0.065513,0.912286,-0.074203,0.397412,12.210352,49.244568,35.214745,-0.070415,0.846067,0.089316,0.520802,4.008489,4.199174,39.042835,-0.012897,0.971558,0.142190,0.188918,-0.709509,1.728654,-11.039892,-0.070415,0.846067,0.089316,0.520802,16.709742,1.585981,32.758759
1126,9.383333,-0.049639,0.925394,0.077119,0.367741,6.571256,83.116463,21.511503,-0.057832,0.908683,0.086999,0.404205,5.497261,90.222740,22.279272,-0.021079,0.906925,0.063147,0.415999,2.766134,105.450951,24.012896,0.044934,0.924182,0.071754,0.372450,1.146265,123.138092,25.743908,0.057679,0.946157,0.005602,0.318479,2.775733,136.779480,26.757570,-0.086550,0.837318,0.145329,0.519891,-1.175990,117.742302,22.823938,-0.600942,0.422551,-0.317562,0.599562,-8.567183,117.844925,7.926864,0.616322,-0.222897,0.341632,-0.673611,2.363768,95.828659,4.829564,0.547686,-0.045976,0.605697,-0.575376,15.001626,81.906975,7.117893,-0.086848,0.873793,0.088807,0.470166,3.418302,117.641678,28.151491,0.543944,0.806508,0.218009,0.078364,12.445223,118.776955,42.072304,0.590242,0.686879,0.404806,-0.126266,22.255270,96.193169,39.328049,-0.814268,-0.415370,-0.353698,0.198323,27.343842,82.905701,27.114260,0.063028,0.915314,0.114450,0.380958,0.184242,82.806625,15.444777,0.061285,0.990516,0.038506,0.116786,-0.802991,48.968460,6.422120,-0.012919,0.971550,0.142262,0.188906,-5.967957,3.504095,2.259582,-0.029717,0.926536,-0.106061,0.359720,12.958269,83.426300,27.578232,0.065506,0.912308,-0.074247,0.397354,12.214261,49.242039,35.212845,-0.069712,0.846066,0.090083,0.520766,4.011654,4.197165,39.045380,-0.012919,0.971550,0.142262,0.188906,-0.711593,1.727911,-11.039139,-0.069712,0.846066,0.090083,0.520766,16.710049,1.591842,32.752270
1127,9.391667,-0.050054,0.925255,0.076775,0.368107,6.597636,83.105125,21.521885,-0.058458,0.908626,0.087174,0.404205,5.519618,90.211578,22.282419,-0.021161,0.906975,0.063122,0.415889,2.766233,105.450150,24.014511,0.044863,0.924248,0.071643,0.372316,1.144299,123.137283,25.743692,0.057633,0.946211,0.005572,0.318327,2.773060,136.779053,26.753382,-0.086569,0.837347,0.145337,0.519839,-1.177875,117.740807,22.824928,-0.601055,0.422532,-0.317504,0.599493,-8.570754,117.842690,7.928683,0.616644,-0.222996,0.341730,-0.673233,2.362798,95.827423,4.833427,0.548338,-0.046894,0.604466,-0.575975,15.005544,81.893089,7.130547,-0.086951,0.873837,0.088766,0.470073,3.417653,117.641472,28.151438,0.544300,0.806327,0.217801,0.078345,12.446886,118.780792,42.070419,0.589906,0.687145,0.404914,-0.126044,22.237921,96.188728,39.326485,-0.814135,-0.415408,-0.354025,0.198207,27.343071,82.902214,27.120781,0.063355,0.915538,0.114677,0.380298,0.216097,82.786911,15.449834,0.061380,0.990685,0.038463,0.115310,-0.792397,48.955296,6.405021,-0.012800,0.971448,0.142699,0.189106,-5.972586,3.491688,2.253108,-0.029334,0.926580,-0.105989,0.359659,12.979176,83.423347,27.593937,0.065531,0.912189,-0.074256,0.397622,12.212619,49.236439,35.214424,-0.070514,0.846024,0.089464,0.520833,4.006454,4.191989,39.044373,-0.012800,0.971448,0.142699,0.189106,-0.711332,1.727203,-11.045237,-0.070514,0.846024,0.089464,0.520833,16.709131,1.583892,32.761066
1128,9.400000,-0.049718,0.925403,0.076745,0.367787,6.576843,83.109108,21.523371,-0.058050,0.908738,0.086954,0.404061,5.503713,90.216110,22.285686,-0.021190,0.907018,0.063040,0.415807,2.766634,105.447411,24.016098,0.044845,0.924296,0.071591,0.372212,1.145120,123.134865,25.742355,0.057549,0.946263,0.005497,0.318189,2.773922,136.776764,26.750210,-0.086460,0.837484,0.145110,0.519700,-1.177604,117.737877,22.824984,-0.601330,0.422569,-0.317258,0.599320,-8.575926,117.837814,7.931432,0.616519,-0.222905,0.341550,-0.673470,2.363811,95.825691,4.835690,0.547754,-0.045919,0.605439,-0.575587,15.007660,81.901680,7.126336,-0.087054,0.873902,0.088750,0.469936,3.418865,117.639481,28.150696,0.543952,0.806564,0.217774,0.078387,12.451775,118.782631,42.066975,0.590676,0.686654,0.404687,-0.125842,22.261208,96.197685,39.330097,-0.813873,-0.415752,-0.354555,0.197615,27.334499,82.897331,27.124599,0.062948,0.915386,0.114752,0.380709,0.190555,82.795601,15.456072,0.061491,0.990538,0.038453,0.116512,-0.785836,48.961578,6.416723,-0.012982,0.971516,0.142307,0.189044,-5.971211,3.499156,2.258305,-0.029645,0.926517,-0.105863,0.359833,12.963131,83.422623,27.590672,0.065551,0.912201,-0.074271,0.397587,12.218550,49.235130,35.210735,-0.069778,0.846001,0.090176,0.520848,4.010319,4.191124,39.041504,-0.012982,0.971516,0.142307,0.189044,-0.710692,1.724512,-11.038976,-0.069778,0.846001,0.090176,0.520848,16.710541,1.589083,32.750725
1129,9.408333,-0.049774,0.925451,0.076736,0.367661,6.574506,83.110321,21.526577,-0.057966,0.908789,0.086888,0.403971,5.500785,90.217262,22.288612,-0.021217,0.907055,0.062969,0.415736,2.767613,105.446121,24.018181,0.044852,0.924317,0.071541,0.372167,1.146403,123.133850,25.741879,0.057367,0.946284,0.005447,0.318160,2.775873,136.775772,26.748404,-0.086501,0.837574,0.145007,0.519577,-1.176779,117.736412,22.825714,-0.601362,0.422519,-0.317236,0.599336,-8.579119,117.832581,7.934132,0.616876,-0.222993,0.341592,-0.673093,2.363420,95.821701,4.839402,0.548536,-0.046860,0.604229,-0.576038,15.011710,81.888748,7.137869,-0.087064,0.873936,0.088685,0.469884,3.420502,117.638847,28.150743,0.544390,0.806338,0.217537,0.078328,12.454978,118.783569,42.065876,0.590064,0.687116,0.404834,-0.125720,22.241253,96.188774,39.327431,-0.813964,-0.415456,-0.354577,0.197824,27.342112,82.894516,27.130531,0.062907,0.915298,0.114780,0.380918,0.186685,82.795624,15.460949,0.061521,0.990552,0.038503,0.116356,-0.784259,48.961693,6.420676,-0.012854,0.971535,0.142236,0.189008,-5.972459,3.499967,2.258182,-0.029675,0.926563,-0.105811,0.359729,12.962326,83.425018,27.592203,0.065593,0.912185,-0.074294,0.397613,12.221852,49.236877,35.209755,-0.069800,0.846020,0.090031,0.520838,4.009255,4.193678,39.040627,-0.012854,0.971535,0.142236,0.189008,-0.713906,1.722647,-11.039522,-0.069800,0.846020,0.090031,0.520838,16.709105,1.588446,32.750408
1130,9.416667,-0.049829,0.925501,0.076925,0.367489,6.578640,83.108315,21.526041,-0.058162,0.908850,0.086971,0.403789,5.503335,90.214760,22.290489,-0.021123,0.907154,0.062815,0.415547,2.764557,105.439186,24.020050,0.044803,0.924372,0.071549,0.372034,1.149026,123.127747,25.740538,0.057256,0.946319,0.005383,0.318079,2.777148,136.769882,26.746374,-0.086379,0.837640,0.144970,0.519501,-1.176918,117.730309,22.826567,-0.601426,0.422481,-0.317211,0.599311,-8.582591,117.828667,7.936659,0.616890,-0.222969,0.341563,-0.673102,2.362291,95.818695,4.843815,0.548512,-0.046959,0.604068,-0.576221,15.012940,81.885452,7.142570,-0.087240,0.873964,0.088553,0.469824,3.422629,117.632637,28.149637,0.544405,0.806365,0.217411,0.078309,12.457955,118.784782,42.063606,0.590231,0.687021,0.404796,-0.125576,22.243612,96.189407,39.327766,-0.813796,-0.415659,-0.354918,0.197474,27.337910,82.891968,27.134565,0.062844,0.915295,0.114780,0.380936,0.188695,82.793671,15.462652,0.061629,0.990521,0.038524,0.116557,-0.778058,48.959183,6.424000,-0.013033,0.971501,0.142260,0.189153,-5.974981,3.498826,2.257401,-0.029650,0.926544,-0.105920,0.359747,12.968586,83.422966,27.589432,0.065641,0.912244,-0.074299,0.397470,12.223576,49.236340,35.213333,-0.070270,0.846086,0.089413,0.520775,4.007396,4.193792,39.044128,-0.013033,0.971501,0.142260,0.189153,-0.711259,1.723070,-11.038465,-0.070270,0.846086,0.089413,0.520775,16.707609,1.580735,32.757896
1131,9.425000,-0.049880,0.925456,0.076632,0.367656,6.584398,83.104797,21.535189,-0.058388,0.908846,0.087009,0.403757,5.509813,90.211823,22.295277,-0.021217,0.907194,0.062758,0.415464,2.763674,105.438362,24.023458,0.044788,0.924433,0.071385,0.371916,1.146127,123.127045,25.740841,0.057257,0.946373,0.005266,0.317919,2.775507,136.769379,26.741959,-0.086315,0.837652,0.144928,0.519504,-1.179609,117.728737,22.828300,-0.601414,0.422385,-0.317280,0.599354,-8.585526,117.828133,7.938516,0.616930,-0.222948,0.341443,-0.673134,2.361237,95.818558,4.849508,0.548636,-0.047019,0.603939,-0.576234,15.017335,81.885948,7.146596,-0.087221,0.874014,0.088487,0.469746,3.420858,117.632690,28.150606,0.543893,0.806663,0.217549,0.078406,12.458744,118.785706,42.062843,0.590762,0.686661,0.404687,-0.125405,22.271217,96.201141,39.333824,-0.813784,-0.415579,-0.355215,0.197160,27.344933,82.891441,27.137911,0.062943,0.915384,0.114832,0.380689,0.196706,82.787689,15.469551,0.061648,0.990467,0.038479,0.117019,-0.777344,48.954918,6.425288,-0.013025,0.971489,0.142388,0.189118,-5.974497,3.494451,2.260225,-0.029613,0.926580,-0.105779,0.359700,12.972090,83.421913,27.600828,0.065670,0.912264,-0.074278,0.397422,12.228659,49.233036,35.214802,-0.069739,0.846000,0.090067,0.520873,4.010941,4.190564,39.043255,-0.013025,0.971489,0.142388,0.189118,-0.711620,1.722320,-11.036463,-0.069739,0.846000,0.090067,0.520873,16.711014,1.585307,32.753502
1132,9.433333,-0.049945,0.925479,0.076653,0.367584,6.587724,83.104614,21.538288,-0.058409,0.908865,0.086946,0.403724,5.512230,90.211487,22.298397,-0.021261,0.907204,0.062741,0.415442,2.766308,105.438446,24.024691,0.044727,0.924473,0.071313,0.371839,1.147611,123.127136,25.740925,0.057204,0.946422,0.005170,0.317783,2.776147,136.769775,26.739353,-0.086325,0.837706,0.144845,0.519439,-1.177874,117.728470,22.828850,-0.601366,0.422322,-0.317393,0.599387,-8.585999,117.825714,7.940148,0.616952,-0.222910,0.341341,-0.673178,2.359839,95.815147,4.854915,0.548792,-0.047032,0.603637,-0.576400,15.019697,81.884743,7.150582,-0.087245,0.874016,0.088507,0.469735,3.422822,117.633102,28.150972,0.543955,0.806663,0.217430,0.078308,12.460899,118.786514,42.063053,0.590871,0.686606,0.404607,-0.125445,22.270811,96.201004,39.332668,-0.813031,-0.416616,-0.355852,0.196930,27.338779,82.891373,27.137375,0.062958,0.915374,0.114845,0.380706,0.199200,82.786469,15.473580,0.061679,0.990493,0.038504,0.116780,-0.775278,48.954041,6.428072,-0.012894,0.971470,0.142466,0.189166,-5.975949,3.494099,2.261621,-0.029576,0.926586,-0.105762,0.359691,12.976249,83.422752,27.602995,0.065663,0.912224,-0.074300,0.397511,12.230913,49.233471,35.214947,-0.069790,0.846035,0.090099,0.520804,4.012631,4.191208,39.044670,-0.012894,0.971470,0.142466,0.189166,-0.712690,1.723468,-11.035116,-0.069790,0.846035,0.090099,0.520804,16.712093,1.587468,32.753056
1133,9.441667,-0.049900,0.925542,0.076767,0.367408,6.587957,83.103577,21.538906,-0.058311,0.908897,0.086781,0.403702,5.512606,90.210274,22.300983,-0.021346,0.907187,0.062898,0.415451,2.770807,105.442635,24.024435,0.044689,0.924501,0.071169,0.371801,1.147020,123.130486,25.744444,0.057133,0.946454,0.005021,0.317702,2.776053,136.773361,26.738686,-0.086446,0.837741,0.144860,0.519357,-1.176832,117.731789,22.831125,-0.601383,0.422300,-0.317357,0.599405,-8.587086,117.825401,7.943463,0.617031,-0.222972,0.341339,-0.673086,2.360784,95.815926,4.857723,0.549022,-0.047025,0.603554,-0.576268,15.021067,81.883049,7.153837,-0.087228,0.874039,0.088529,0.469691,3.423713,117.636581,28.153378,0.544350,0.806422,0.217351,0.078263,12.463283,118.789375,42.064541,0.590295,0.686979,0.404857,-0.125310,22.252251,96.195366,39.329273,-0.813066,-0.416489,-0.355926,0.196919,27.346859,82.891739,27.139223,0.062912,0.915326,0.114823,0.380837,0.197080,82.786621,15.476617,0.061773,0.990456,0.038540,0.117032,-0.773769,48.953426,6.433577,-0.013006,0.971454,0.142384,0.189302,-5.981492,3.494802,2.261550,-0.029545,0.926600,-0.105818,0.359642,12.978835,83.420540,27.601194,0.065681,0.912186,-0.074339,0.397589,12.230515,49.231968,35.216034,-0.070332,0.846067,0.089563,0.520772,4.008990,4.190460,39.047642,-0.013006,0.971454,0.142384,0.189302,-0.713936,1.722373,-11.033244,-0.070332,0.846067,0.089563,0.520772,16.709930,1.581968,32.760983
1134,9.450000,-0.049964,0.925528,0.076569,0.367477,6.593452,83.099541,21.545378,-0.058430,0.908884,0.086958,0.403676,5.518224,90.206581,22.304384,-0.021443,0.907210,0.062620,0.415439,2.771542,105.434082,24.030956,0.044670,0.924474,0.071233,0.371858,1.148764,123.123039,25.740572,0.056915,0.946441,0.004818,0.317784,2.776680,136.765930,26.736433,-0.086253,0.837752,0.144994,0.519335,-1.175433,117.722748,22.830471,-0.601469,0.422326,-0.317370,0.599293,-8.587554,117.823936,7.943793,0.617113,-0.223004,0.341257,-0.673041,2.358843,95.813255,4.861365,0.549100,-0.047208,0.603331,-0.576412,15.022543,81.879578,7.156479,-0.087313,0.874047,0.088372,0.469691,3.425191,117.630424,28.152704,0.544352,0.806455,0.217250,0.078184,12.464253,118.788170,42.063778,0.590490,0.686870,0.404781,-0.125234,22.253691,96.194405,39.328201,-0.812862,-0.416808,-0.356206,0.196579,27.339676,82.888496,27.141020,0.062999,0.915392,0.114895,0.380642,0.203579,82.780350,15.482150,0.061829,0.990420,0.038497,0.117318,-0.772845,48.949089,6.432471,-0.013067,0.971432,0.142462,0.189353,-5.984970,3.490806,2.262282,-0.029474,0.926618,-0.105758,0.359618,12.983325,83.418739,27.608606,0.065714,0.912245,-0.074256,0.397463,12.232108,49.228985,35.217838,-0.069709,0.846002,0.090223,0.520847,4.011403,4.186735,39.042477,-0.013067,0.971432,0.142462,0.189353,-0.715542,1.720916,-11.032107,-0.069709,0.846002,0.090223,0.520847,16.711313,1.584778,32.751030
1135,9.458333,-0.050025,0.925610,0.076818,0.367210,6.594274,83.100998,21.544352,-0.058507,0.908928,0.086824,0.403595,5.517150,90.207397,22.306654,-0.021323,0.907237,0.062585,0.415390,2.770252,105.434593,24.028637,0.044661,0.924479,0.071190,0.371856,1.151965,123.123886,25.739012,0.056820,0.946428,0.004823,0.317839,2.780082,136.766846,26.733679,-0.086275,0.837806,0.144948,0.519256,-1.173904,117.724266,22.829033,-0.601573,0.422266,-0.317400,0.599215,-8.588618,117.823494,7.943626,0.617126,-0.223098,0.341238,-0.673008,2.359357,95.812775,4.867144,0.549165,-0.047169,0.603329,-0.576357,15.022692,81.876915,7.159995,-0.087298,0.874045,0.088299,0.469711,3.427368,117.630646,28.150684,0.544354,0.806496,0.217111,0.078140,12.465899,118.789032,42.062054,0.590338,0.687070,0.404651,-0.125273,22.255598,96.195114,39.328629,-0.812919,-0.416674,-0.356063,0.196888,27.348379,82.887611,27.143742,0.062957,0.915339,0.114790,0.380807,0.201050,82.781998,15.484645,0.061866,0.990405,0.038614,0.117386,-0.773924,48.948662,6.442560,-0.012881,0.971408,0.142442,0.189501,-5.987819,3.491634,2.260942,-0.029403,0.926680,-0.105844,0.359441,12.987497,83.420006,27.604059,0.065693,0.912162,-0.074343,0.397640,12.230967,49.231228,35.217171,-0.070334,0.846091,0.089436,0.520754,4.008142,4.189911,39.048210,-0.012881,0.971408,0.142442,0.189501,-0.715869,1.720117,-11.032229,-0.070334,0.846091,0.089436,0.520754,16.708517,1.578388,32.761662
1136,9.466667,-0.050028,0.925646,0.076836,0.367114,6.593365,83.101570,21.546104,-0.058192,0.908944,0.086660,0.403640,5.516182,90.207924,22.308743,-0.021523,0.907178,0.062741,0.415485,2.779825,105.438766,24.030199,0.044596,0.924501,0.070993,0.371846,1.152561,123.127052,25.742456,0.056788,0.946466,0.004737,0.317733,2.781034,136.770386,26.731384,-0.086394,0.837892,0.144904,0.519111,-1.169994,117.726669,22.831226,-0.601586,0.422372,-0.317346,0.599156,-8.589064,117.820892,7.947959,0.617234,-0.223082,0.341204,-0.672932,2.356169,95.809265,4.868155,0.549247,-0.047049,0.603495,-0.576114,15.020659,81.874695,7.162684,-0.087218,0.874064,0.088356,0.469678,3.430045,117.634605,28.153971,0.544398,0.806478,0.217097,0.078055,12.470052,118.789909,42.064636,0.590411,0.687028,0.404625,-0.125245,22.258041,96.195686,39.327641,-0.812782,-0.416942,-0.356186,0.196661,27.347252,82.888290,27.144558,0.062940,0.915283,0.114888,0.380915,0.198913,82.782471,15.487700,0.061884,0.990405,0.038546,0.117399,-0.771235,48.950562,6.439768,-0.012682,0.971428,0.142403,0.189444,-5.987422,3.493249,2.264088,-0.029487,0.926693,-0.105856,0.359396,12.987816,83.420670,27.604507,0.065775,0.912258,-0.074328,0.397409,12.236753,49.232418,35.220509,-0.070180,0.846112,0.089409,0.520746,4.008601,4.191878,39.049309,-0.012682,0.971428,0.142403,0.189444,-0.718471,1.719618,-11.029991,-0.070180,0.846112,0.089409,0.520746,16.707832,1.577342,32.761711
1137,9.475000,-0.050133,0.925538,0.076087,0.367529,6.599410,83.096672,21.562899,-0.058405,0.908897,0.086625,0.403722,5.524418,90.204529,22.314537,-0.021582,0.907183,0.062708,0.415478,2.781491,105.439438,24.032572,0.044584,0.924510,0.070951,0.371832,1.152852,123.127785,25.742886,0.056743,0.946483,0.004583,0.317694,2.781444,136.771179,26.730576,-0.086416,0.837960,0.144916,0.518994,-1.169302,117.726898,22.832270,-0.601765,0.422347,-0.317258,0.599040,-8.592254,117.819954,7.950932,0.617293,-0.223223,0.341112,-0.672877,2.356773,95.809761,4.874473,0.549332,-0.047250,0.603297,-0.576224,15.022975,81.872513,7.164793,-0.087264,0.874101,0.088373,0.469598,3.430785,117.635788,28.154989,0.544425,0.806473,0.217055,0.078043,12.473055,118.792496,42.064072,0.590432,0.687055,0.404556,-0.125219,22.259665,96.197632,39.327419,-0.812781,-0.417036,-0.356126,0.196577,27.348068,82.888664,27.146317,0.063238,0.915389,0.114878,0.380614,0.210515,82.771667,15.498946,0.061128,0.990656,0.038796,0.115585,-0.781898,48.942242,6.444156,-0.012948,0.971623,0.142829,0.188099,-5.934534,3.478169,2.263200,-0.029371,0.926747,-0.105564,0.359350,12.988305,83.421677,27.626848,0.065752,0.912178,-0.074296,0.397602,12.237541,49.228630,35.221313,-0.069590,0.846038,0.090134,0.520819,4.011578,4.187396,39.046566,-0.012948,0.971623,0.142829,0.188099,-0.698587,1.718548,-11.045772,-0.069590,0.846038,0.090134,0.520819,16.710129,1.581460,32.754028
1138,9.483333,-0.050178,0.925620,0.076318,0.367267,6.598257,83.099541,21.562151,-0.058431,0.908964,0.086642,0.403563,5.521671,90.206818,22.316923,-0.021550,0.907251,0.062535,0.415357,2.779329,105.434708,24.034796,0.044528,0.924570,0.070867,0.371707,1.154503,123.123871,25.740242,0.056707,0.946529,0.004517,0.317563,2.782489,136.767563,26.724838,-0.086322,0.837998,0.144946,0.518940,-1.169466,117.722549,22.831882,-0.601777,0.422294,-0.317268,0.599060,-8.594832,117.818344,7.951771,0.617299,-0.223305,0.341170,-0.672814,2.356085,95.808853,4.876974,0.549463,-0.047114,0.603410,-0.575992,15.021007,81.867195,7.167457,-0.087450,0.874129,0.088343,0.469518,3.432055,117.632164,28.153376,0.544380,0.806584,0.216807,0.077895,12.475721,118.795082,42.061024,0.590519,0.687096,0.404335,-0.125303,22.265921,96.201576,39.326061,-0.812698,-0.417266,-0.356089,0.196499,27.348715,82.892319,27.148596,0.063201,0.915349,0.114738,0.380758,0.206044,82.774872,15.501682,0.061066,0.990702,0.038978,0.115156,-0.786348,48.942863,6.456540,-0.012826,0.971605,0.142911,0.188137,-5.933165,3.479394,2.261884,-0.029447,0.926775,-0.105701,0.359233,12.990469,83.424202,27.622620,0.065894,0.912264,-0.074239,0.397393,12.242081,49.233490,35.227814,-0.070217,0.846016,0.089417,0.520895,4.007204,4.193199,39.044964,-0.012826,0.971605,0.142911,0.188137,-0.697020,1.721444,-11.047229,-0.070217,0.846016,0.089417,0.520895,16.708841,1.579481,32.761894
1139,9.491667,-0.050477,0.925687,0.076608,0.366997,6.613473,83.105766,21.559908,-0.058528,0.908985,0.086671,0.403495,5.531600,90.211975,22.317242,-0.021657,0.907243,0.062685,0.415345,2.786134,105.440224,24.035027,0.044543,0.924592,0.070786,0.371666,1.155623,123.128555,25.743729,0.056683,0.946559,0.004319,0.317482,2.784801,136.772263,26.726273,-0.086542,0.837987,0.145097,0.518878,-1.166631,117.727020,22.834400,-0.601587,0.422273,-0.317471,0.599158,-8.592856,117.819038,7.954694,0.617250,-0.223207,0.341041,-0.672958,2.352564,95.806572,4.881516,0.549404,-0.047403,0.603252,-0.576190,15.022328,81.869247,7.169562,-0.087401,0.874137,0.088372,0.469506,3.434966,117.637146,28.155834,0.544393,0.806576,0.216831,0.077825,12.479300,118.798241,42.063202,0.590584,0.687112,0.404228,-0.125246,22.269333,96.205101,39.324631,-0.812651,-0.417366,-0.356089,0.196479,27.349234,82.893845,27.151194,0.063327,0.915356,0.114713,0.380729,0.218298,82.777679,15.502748,0.061094,0.990663,0.038926,0.115498,-0.783161,48.946381,6.455952,-0.013081,0.971656,0.142710,0.188006,-5.931630,3.482848,2.263964,-0.029155,0.926830,-0.105868,0.359065,13.008648,83.433853,27.617067,0.065801,0.912173,-0.074283,0.397608,12.238461,49.244415,35.225830,-0.070177,0.846123,0.089103,0.520780,4.008909,4.203585,39.048107,-0.013081,0.971656,0.142710,0.188006,-0.697273,1.720598,-11.045285,-0.070177,0.846123,0.089103,0.520780,16.707832,1.581631,32.762981
1140,9.500000,-0.050174,0.925667,0.076356,0.367142,6.600541,83.100121,21.567194,-0.058319,0.909040,0.086436,0.403452,5.523910,90.207329,22.322636,-0.021720,0.907292,0.062660,0.415240,2.786875,105.440178,24.036880,0.044435,0.924625,0.070653,0.371621,1.154917,123.128525,25.744051,0.056729,0.946545,0.004244,0.317515,2.782711,136.772736,26.721949,-0.086570,0.838057,0.144996,0.518789,-1.167424,117.726433,22.835815,-0.601945,0.422373,-0.317135,0.598906,-8.596572,117.815277,7.957545,0.617449,-0.223366,0.341041,-0.672722,2.355232,95.806282,4.882290,0.549499,-0.047460,0.603285,-0.576061,15.021059,81.867905,7.170639,-0.087623,0.874151,0.088530,0.469409,3.435361,117.637596,28.156239,0.544394,0.806652,0.216615,0.077635,12.481435,118.803009,42.062115,0.590672,0.687196,0.403963,-0.125227,22.272890,96.210670,39.322029,-0.812585,-0.417486,-0.356102,0.196473,27.349186,82.893501,27.152983,0.063203,0.915274,0.114823,0.380913,0.206701,82.775558,15.508434,0.061120,0.990689,0.038971,0.115239,-0.782029,48.944942,6.457681,-0.012569,0.971628,0.142877,0.188063,-5.933500,3.482026,2.262681,-0.029397,0.926787,-0.105710,0.359203,12.994382,83.424690,27.625954,0.065891,0.912276,-0.074250,0.397363,12.242791,49.233906,35.230530,-0.070403,0.846071,0.089328,0.520796,4.007909,4.193717,39.048935,-0.012569,0.971628,0.142877,0.188063,-0.701205,1.721820,-11.047651,-0.070403,0.846071,0.089328,0.520796,16.709032,1.580631,32.764553
1141,9.508333,-0.050199,0.925644,0.076303,0.367207,6.605493,83.095695,21.570871,-0.058561,0.909056,0.086583,0.403351,5.528751,90.202980,22.325399,-0.021672,0.907372,0.062426,0.415101,2.783484,105.432938,24.040859,0.044462,0.924648,0.070676,0.371557,1.156782,123.122406,25.741434,0.056663,0.946555,0.004110,0.317499,2.784997,136.766510,26.719994,-0.086371,0.838160,0.144877,0.518689,-1.167916,117.719772,22.836098,-0.602144,0.422440,-0.316940,0.598762,-8.601664,117.811348,7.960139,0.617540,-0.223416,0.340971,-0.672658,2.353456,95.804237,4.883247,0.549500,-0.047509,0.603172,-0.576174,15.020858,81.865952,7.170510,-0.088020,0.874132,0.088636,0.469351,3.436520,117.631851,28.155113,0.544360,0.806711,0.216490,0.077600,12.482098,118.807266,42.060478,0.590807,0.687179,0.403817,-0.125158,22.275639,96.215508,39.322968,-0.812511,-0.417589,-0.356207,0.196374,27.347359,82.891533,27.155144,0.063287,0.915362,0.114851,0.380679,0.212535,82.770477,15.511215,0.061106,0.990697,0.038962,0.115183,-0.783115,48.941051,6.456785,-0.012839,0.971627,0.142925,0.188012,-5.933578,3.477904,2.263086,-0.029328,0.926801,-0.105705,0.359174,12.998449,83.420906,27.630529,0.065879,0.912265,-0.074246,0.397391,12.242730,49.229759,35.233051,-0.070325,0.846116,0.089478,0.520708,4.008889,4.189372,39.051323,-0.012839,0.971627,0.142925,0.188012,-0.700606,1.720484,-11.047349,-0.070325,0.846116,0.089478,0.520708,16.708645,1.578694,32.763176
1142,9.516667,-0.050260,0.925678,0.076297,0.367115,6.606854,83.096329,21.573883,-0.058380,0.909098,0.086398,0.403322,5.529402,90.203537,22.328121,-0.021823,0.907365,0.062574,0.415086,2.791093,105.437805,24.041092,0.044423,0.924674,0.070512,0.371527,1.157359,123.126373,25.744211,0.056648,0.946569,0.003992,0.317461,2.786255,136.770737,26.718107,-0.086576,0.838178,0.144909,0.518617,-1.165210,117.723228,22.838123,-0.601972,0.422365,-0.317141,0.598882,-8.600257,117.809258,7.962783,0.617466,-0.223429,0.340841,-0.672787,2.351721,95.800171,4.888889,0.549596,-0.047663,0.602945,-0.576307,15.022582,81.863449,7.170780,-0.087747,0.874187,0.088468,0.469330,3.439304,117.636383,28.157085,0.544387,0.806713,0.216415,0.077605,12.487127,118.806694,42.061413,0.590782,0.687141,0.403872,-0.125306,22.279188,96.214066,39.325829,-0.812435,-0.417843,-0.356160,0.196231,27.349991,82.895699,27.155054,0.063306,0.915376,0.114879,0.380635,0.212819,82.769928,15.515429,0.061077,0.990692,0.038971,0.115240,-0.783711,48.941128,6.458773,-0.012894,0.971655,0.142882,0.187895,-5.931212,3.477722,2.264208,-0.029322,0.926771,-0.105687,0.359259,13.000891,83.422722,27.632338,0.065896,0.912273,-0.074232,0.397374,12.244525,49.231285,35.233505,-0.070287,0.846111,0.089441,0.520727,4.009860,4.190916,39.050190,-0.012894,0.971655,0.142882,0.187895,-0.700967,1.719403,-11.047176,-0.070287,0.846111,0.089441,0.520727,16.709562,1.578770,32.762554
1143,9.525000,-0.050331,0.925675,0.076179,0.367137,6.606508,83.097397,21.579397,-0.058321,0.909133,0.086314,0.403269,5.528720,90.204765,22.331656,-0.021741,0.907405,0.062548,0.415006,2.793949,105.435623,24.042706,0.044245,0.924719,0.070459,0.371447,1.163407,123.124435,25.746372,0.056682,0.946588,0.003875,0.317402,2.788284,136.769516,26.716877,-0.086579,0.838220,0.144903,0.518551,-1.160585,117.721710,22.840647,-0.601951,0.422428,-0.317161,0.598847,-8.597917,117.807114,7.966439,0.617553,-0.223433,0.340774,-0.672740,2.350763,95.796509,4.891644,0.549748,-0.047653,0.602887,-0.576223,15.022996,81.861618,7.173342,-0.087924,0.874227,0.088612,0.469196,3.444913,117.634033,28.158743,0.544453,0.806690,0.216332,0.077604,12.495880,118.807747,42.060741,0.590862,0.687116,0.403790,-0.125332,22.284344,96.213394,39.326542,-0.812393,-0.417951,-0.356131,0.196226,27.350628,82.895416,27.157551,0.063395,0.915292,0.114798,0.380846,0.212879,82.769119,15.520612,0.061033,0.990721,0.039091,0.114971,-0.789390,48.939796,6.466520,-0.012778,0.971626,0.142933,0.188014,-5.932798,3.476769,2.262867,-0.029305,0.926808,-0.105643,0.359176,13.000136,83.425674,27.638182,0.065905,0.912288,-0.074214,0.397341,12.244488,49.233524,35.236210,-0.070235,0.846118,0.089398,0.520730,4.009841,4.193011,39.051308,-0.012778,0.971626,0.142933,0.188014,-0.700213,1.719250,-11.047709,-0.070235,0.846118,0.089398,0.520730,16.709166,1.579051,32.763653
1144,9.533333,-0.050376,0.925590,0.075737,0.367437,6.615762,83.090240,21.589636,-0.058595,0.909094,0.086356,0.403308,5.539448,90.198509,22.335426,-0.021749,0.907425,0.062526,0.414966,2.795131,105.435005,24.044815,0.044179,0.924747,0.070373,0.371401,1.164727,123.123909,25.747707,0.056708,0.946602,0.003781,0.317355,2.788779,136.769287,26.715199,-0.086591,0.838275,0.144822,0.518482,-1.159515,117.721024,22.842464,-0.602066,0.422478,-0.317074,0.598742,-8.599155,117.804192,7.969402,0.617695,-0.223466,0.340676,-0.672648,2.350147,95.793900,4.894536,0.549914,-0.047638,0.602812,-0.576144,15.024045,81.861046,7.175653,-0.087782,0.874273,0.088421,0.469172,3.446448,117.633629,28.160160,0.544402,0.806739,0.216287,0.077579,12.498988,118.806412,42.061214,0.590929,0.687083,0.403715,-0.125438,22.290443,96.213234,39.327984,-0.812324,-0.418154,-0.356062,0.196207,27.352364,82.896576,27.158073,0.063600,0.915359,0.114905,0.380617,0.226106,82.758835,15.526833,0.061069,0.990682,0.038982,0.115330,-0.788644,48.933075,6.460848,-0.012990,0.971596,0.143134,0.188004,-5.934937,3.469667,2.264891,-0.029250,0.926861,-0.105571,0.359066,13.005418,83.421638,27.652439,0.066012,0.912344,-0.074146,0.397206,12.248930,49.228184,35.244514,-0.070282,0.846092,0.089567,0.520736,4.008405,4.188043,39.051277,-0.012990,0.971596,0.143134,0.188004,-0.700862,1.718963,-11.045994,-0.070282,0.846092,0.089567,0.520736,16.708534,1.578880,32.763260
1145,9.541667,-0.050384,0.925649,0.076029,0.367226,6.614411,83.093513,21.586597,-0.058561,0.909148,0.086353,0.403192,5.536619,90.201134,22.336464,-0.021770,0.907467,0.062495,0.414877,2.794377,105.433121,24.046032,0.044199,0.924779,0.070317,0.371329,1.163913,123.122131,25.747772,0.056702,0.946625,0.003653,0.317289,2.789036,136.767502,26.713810,-0.086640,0.838264,0.144864,0.518480,-1.160769,117.718956,22.843426,-0.602188,0.422521,-0.316998,0.598630,-8.600189,117.801521,7.970256,0.617808,-0.223467,0.340612,-0.672577,2.349727,95.791443,4.896134,0.549956,-0.047805,0.602665,-0.576245,15.024434,81.861099,7.177638,-0.088061,0.874263,0.088613,0.469103,3.446216,117.632103,28.160244,0.544254,0.806840,0.216257,0.077655,12.499261,118.810188,42.060513,0.591094,0.686986,0.403630,-0.125460,22.298080,96.219490,39.333122,-0.812296,-0.418265,-0.356040,0.196123,27.353668,82.897499,27.159578,0.063513,0.915321,0.114865,0.380735,0.222039,82.763519,15.526583,0.061111,0.990683,0.039021,0.115285,-0.787074,48.936317,6.465331,-0.012854,0.971604,0.143080,0.188014,-5.936951,3.473657,2.265641,-0.029268,0.926822,-0.105682,0.359133,13.006783,83.423500,27.646610,0.066022,0.912322,-0.074127,0.397260,12.248109,49.231766,35.246201,-0.070319,0.846045,0.089431,0.520831,4.007138,4.191497,39.050503,-0.012854,0.971604,0.143080,0.188014,-0.703648,1.720724,-11.045254,-0.070319,0.846045,0.089431,0.520831,16.708502,1.579638,32.766109
1146,9.550000,-0.050684,0.925749,0.076391,0.366858,6.627066,83.101501,21.583527,-0.058704,0.909164,0.086473,0.403110,5.543678,90.207886,22.337034,-0.021773,0.907464,0.062466,0.414889,2.797140,105.432770,24.047735,0.044165,0.924789,0.070208,0.371330,1.166984,123.121902,25.748470,0.056699,0.946627,0.003587,0.317284,2.792348,136.767471,26.711365,-0.086656,0.838306,0.144819,0.518422,-1.157732,117.718628,22.844358,-0.602029,0.422449,-0.317138,0.598767,-8.599061,117.799553,7.972133,0.617765,-0.223399,0.340541,-0.672675,2.349478,95.788658,4.898925,0.549972,-0.047944,0.602595,-0.576291,15.026408,81.861580,7.179001,-0.088112,0.874276,0.088585,0.469073,3.449119,117.631973,28.161299,0.544268,0.806869,0.216155,0.077533,12.502803,118.812111,42.060982,0.591163,0.686997,0.403514,-0.125451,22.301832,96.221771,39.331432,-0.812108,-0.418537,-0.356202,0.196032,27.353535,82.899513,27.161766,0.063565,0.915307,0.114889,0.380754,0.230464,82.768394,15.528147,0.061156,0.990655,0.038975,0.115511,-0.781162,48.942043,6.463991,-0.012889,0.971645,0.142869,0.187958,-5.934696,3.479561,2.266861,-0.029018,0.926844,-0.105909,0.359028,13.023668,83.434616,27.638906,0.065957,0.912227,-0.074108,0.397492,12.243869,49.245224,35.246895,-0.070063,0.846099,0.089233,0.520812,4.008049,4.203904,39.049919,-0.012889,0.971645,0.142869,0.187958,-0.702859,1.720822,-11.043844,-0.070063,0.846099,0.089233,0.520812,16.707077,1.583386,32.764400
1147,9.558333,-0.050717,0.925604,0.075686,0.367365,6.634870,83.092972,21.597185,-0.058977,0.909099,0.086496,0.403211,5.554327,90.200851,22.340551,-0.021764,0.907475,0.062435,0.414870,2.798040,105.433334,24.049091,0.044091,0.924788,0.070134,0.371355,1.168673,123.122620,25.749004,0.056721,0.946601,0.003464,0.317359,2.792913,136.768494,26.709345,-0.086699,0.838336,0.144726,0.518393,-1.156388,117.719284,22.845264,-0.602275,0.422573,-0.316988,0.598511,-8.598479,117.797173,7.973398,0.617955,-0.223503,0.340419,-0.672528,2.349602,95.785889,4.901274,0.550072,-0.048127,0.602475,-0.576306,15.027324,81.860443,7.179400,-0.087896,0.874344,0.088370,0.469029,3.450690,117.632713,28.162012,0.544353,0.806865,0.215977,0.077469,12.507017,118.810226,42.060196,0.591183,0.686976,0.403497,-0.125527,22.301914,96.217934,39.331932,-0.812038,-0.418708,-0.356246,0.195873,27.351206,82.898941,27.162525,0.063771,0.915445,0.115044,0.380339,0.244886,82.755562,15.535057,0.061191,0.990655,0.038911,0.115516,-0.779720,48.933548,6.456194,-0.012715,0.971588,0.143208,0.188008,-5.937046,3.470996,2.264483,-0.028883,0.926878,-0.105678,0.359019,13.024855,83.430382,27.659315,0.065965,0.912250,-0.074081,0.397442,12.242251,49.237015,35.249138,-0.070099,0.846088,0.089436,0.520790,4.006976,4.195419,39.050079,-0.012715,0.971588,0.143208,0.188008,-0.704792,1.720958,-11.047209,-0.070099,0.846088,0.089436,0.520790,16.706421,1.580313,32.763145
1148,9.566667,-0.050759,0.925715,0.076136,0.366986,6.628792,83.098312,21.592167,-0.058926,0.909179,0.086533,0.403030,5.545636,90.205154,22.341726,-0.021658,0.907544,0.062232,0.414755,2.792567,105.427170,24.051327,0.044062,0.924828,0.070112,0.371264,1.169833,123.117516,25.746477,0.056794,0.946621,0.003399,0.317288,2.793530,136.763535,26.705673,-0.086583,0.838368,0.144715,0.518363,-1.157901,117.714142,22.844959,-0.602530,0.422634,-0.316777,0.598324,-8.601674,117.794846,7.973953,0.618088,-0.223571,0.340434,-0.672375,2.350472,95.785614,4.901649,0.550125,-0.048191,0.602336,-0.576396,15.027891,81.857658,7.181628,-0.088266,0.874331,0.088420,0.468973,3.450589,117.627525,28.160480,0.544338,0.806896,0.215882,0.077521,12.506491,118.815163,42.058079,0.591232,0.686978,0.403435,-0.125486,22.301826,96.222466,39.334743,-0.811987,-0.418788,-0.356303,0.195812,27.350578,82.897980,27.164013,0.063627,0.915314,0.114970,0.380701,0.233976,82.762527,15.535048,0.061188,0.990669,0.038998,0.115366,-0.779869,48.938034,6.464230,-0.012982,0.971618,0.143013,0.187981,-5.936627,3.476074,2.265410,-0.028970,0.926869,-0.105868,0.358979,13.023609,83.434105,27.649286,0.065987,0.912353,-0.074028,0.397212,12.242135,49.243908,35.253490,-0.070038,0.846158,0.089328,0.520703,4.007860,4.201862,39.051285,-0.012982,0.971618,0.143013,0.187981,-0.703346,1.721920,-11.045334,-0.070038,0.846158,0.089328,0.520703,16.705402,1.583200,32.761990
1149,9.575000,-0.050758,0.925731,0.076183,0.366936,6.632741,83.095444,21.595308,-0.058937,0.909231,0.086422,0.402935,5.549387,90.202179,22.345562,-0.021648,0.907600,0.062242,0.414632,2.797557,105.424644,24.052195,0.043996,0.924863,0.069988,0.371208,1.175220,123.114967,25.748014,0.056703,0.946617,0.003344,0.317317,2.798499,136.761322,26.703199,-0.086634,0.838349,0.144728,0.518381,-1.153280,117.711617,22.847057,-0.602512,0.422741,-0.316819,0.598244,-8.596133,117.791283,7.975592,0.618132,-0.223540,0.340400,-0.672362,2.350201,95.779243,4.902743,0.550117,-0.048099,0.602427,-0.576316,15.026071,81.855949,7.182880,-0.088326,0.874283,0.088449,0.469046,3.456650,117.624954,28.161325,0.544603,0.806746,0.215803,0.077439,12.509942,118.813515,42.060543,0.590980,0.687149,0.403506,-0.125507,22.291582,96.215446,39.332668,-0.811924,-0.418953,-0.356275,0.195769,27.349806,82.898247,27.166418,0.063653,0.915384,0.115039,0.380508,0.237276,82.759895,15.538864,0.061221,0.990678,0.039005,0.115271,-0.778270,48.936752,6.463185,-0.013005,0.971614,0.143042,0.187980,-5.938369,3.475213,2.263876,-0.028863,0.926873,-0.105896,0.358969,13.028206,83.430992,27.651751,0.065966,0.912370,-0.074008,0.397181,12.239136,49.240788,35.255116,-0.070106,0.846171,0.089431,0.520655,4.007462,4.198217,39.052277,-0.013005,0.971614,0.143042,0.187980,-0.704927,1.721993,-11.046924,-0.070106,0.846171,0.089431,0.520655,16.704987,1.583071,32.761497
1150,9.583333,-0.050759,0.925707,0.076130,0.367008,6.637713,83.093384,21.598619,-0.059067,0.909218,0.086464,0.402936,5.554571,90.200233,22.348087,-0.021669,0.907610,0.062231,0.414611,2.798145,105.424294,24.054501,0.043954,0.924890,0.069860,0.371170,1.175334,123.114632,25.749714,0.056733,0.946633,0.003252,0.317266,2.798837,136.761230,26.701090,-0.086627,0.838387,0.144536,0.518375,-1.153123,117.711105,22.849060,-0.602539,0.422763,-0.316746,0.598239,-8.596224,117.787483,7.977691,0.618254,-0.223480,0.340369,-0.672286,2.351447,95.776421,4.902554,0.550210,-0.048225,0.602353,-0.576293,15.028659,81.855850,7.185605,-0.088390,0.874309,0.088394,0.468997,3.457036,117.624786,28.163141,0.544663,0.806740,0.215696,0.077375,12.511484,118.816307,42.061359,0.590965,0.687202,0.403448,-0.125472,22.290373,96.217079,39.333118,-0.811877,-0.419072,-0.356313,0.195643,27.349686,82.898018,27.168802,0.063669,0.915420,0.115127,0.380392,0.243178,82.757607,15.541201,0.061928,0.990432,0.038829,0.117057,-0.772138,48.936024,6.459673,-0.013256,0.971391,0.142818,0.189281,-5.990696,3.481230,2.259582,-0.028847,0.926866,-0.105950,0.358974,13.032248,83.429169,27.656036,0.066032,0.912370,-0.073943,0.397183,12.240767,49.239697,35.262455,-0.070141,0.846162,0.089454,0.520661,4.005990,4.197028,39.051731,-0.013256,0.971391,0.142818,0.189281,-0.721408,1.722472,-11.036343,-0.070141,0.846162,0.089454,0.520661,16.703880,1.582965,32.761215
1151,9.591667,-0.050887,0.925705,0.076124,0.366996,6.638323,83.094414,21.602577,-0.058843,0.909229,0.086212,0.402999,5.553518,90.201088,22.351292,-0.021741,0.907564,0.062394,0.414684,2.806009,105.429543,24.053551,0.043938,0.924884,0.069727,0.371211,1.178330,123.119041,25.752827,0.056675,0.946631,0.003132,0.317282,2.802791,136.765762,26.700760,-0.086829,0.838437,0.144473,0.518278,-1.148229,117.715622,22.850447,-0.602591,0.422784,-0.316738,0.598176,-8.593501,117.784676,7.980136,0.618323,-0.223488,0.340306,-0.672251,2.353548,95.773132,4.906268,0.550262,-0.048207,0.602401,-0.576194,15.029162,81.857178,7.188266,-0.088332,0.874301,0.088482,0.469006,3.461035,117.629181,28.165298,0.544606,0.806717,0.215846,0.077602,12.515521,118.817581,42.063751,0.591037,0.687048,0.403611,-0.125455,22.295765,96.218277,39.341084,-0.811965,-0.418991,-0.356272,0.195524,27.352509,82.900070,27.172125,0.063684,0.915374,0.115256,0.380463,0.243862,82.756493,15.545206,0.061973,0.990436,0.038762,0.117018,-0.768237,48.937126,6.455071,-0.013186,0.971389,0.142850,0.189273,-5.991790,3.482368,2.260860,-0.028869,0.926839,-0.105968,0.359037,13.032785,83.432335,27.659950,0.066073,0.912382,-0.073902,0.397156,12.241755,49.243225,35.268051,-0.070317,0.846173,0.089379,0.520633,4.005131,4.200506,39.052685,-0.013186,0.971389,0.142850,0.189273,-0.723178,1.724154,-11.035399,-0.070317,0.846173,0.089379,0.520633,16.703491,1.587282,32.762791
1152,9.600000,-0.050911,0.925608,0.075820,0.367300,6.647493,83.088959,21.609911,-0.059034,0.909159,0.086312,0.403108,5.563712,90.196266,22.354090,-0.021795,0.907538,0.062338,0.414746,2.808581,105.427841,24.056870,0.043880,0.924881,0.069689,0.371231,1.179870,123.117508,25.753414,0.056723,0.946638,0.003039,0.317252,2.803251,136.764450,26.699860,-0.086808,0.838451,0.144424,0.518273,-1.146030,117.713570,22.851463,-0.602592,0.422767,-0.316784,0.598163,-8.591615,117.782303,7.981306,0.618334,-0.223467,0.340267,-0.672268,2.354722,95.770096,4.909615,0.550265,-0.048214,0.602384,-0.576209,15.030246,81.856903,7.190996,-0.088352,0.874296,0.088454,0.469015,3.462472,117.628098,28.166988,0.544572,0.806744,0.215837,0.077588,12.516552,118.817474,42.065620,0.590878,0.687239,0.403589,-0.125225,22.298748,96.218994,39.343098,-0.812983,-0.417448,-0.355607,0.195805,27.365431,82.895020,27.180174,0.063835,0.915453,0.115328,0.380224,0.257014,82.749161,15.548444,0.061985,0.990445,0.038700,0.116961,-0.765110,48.932301,6.450106,-0.013052,0.971369,0.143055,0.189230,-5.990614,3.477231,2.261678,-0.028819,0.926881,-0.105937,0.358941,13.037971,83.428757,27.671379,0.066136,0.912506,-0.073796,0.396878,12.245261,49.238976,35.276283,-0.069720,0.846138,0.090159,0.520635,4.008301,4.195586,39.052227,-0.013052,0.971369,0.143055,0.189230,-0.723883,1.724151,-11.036004,-0.069720,0.846138,0.090159,0.520635,16.705057,1.592173,32.755028
1153,9.608333,-0.050927,0.925743,0.076320,0.366854,6.635648,83.097305,21.605652,-0.058676,0.909241,0.086212,0.402995,5.549391,90.203491,22.356920,-0.021827,0.907543,0.062258,0.414745,2.807309,105.428566,24.060869,0.043950,0.924893,0.069548,0.371221,1.178730,123.118546,25.754356,0.056697,0.946651,0.002958,0.317219,2.805326,136.765320,26.697859,-0.086986,0.838369,0.144533,0.518344,-1.147210,117.714119,22.853336,-0.602438,0.422733,-0.317020,0.598216,-8.589313,117.780365,7.981421,0.618334,-0.223410,0.340140,-0.672351,2.351014,95.764534,4.914243,0.550355,-0.048260,0.602327,-0.576180,15.030273,81.855408,7.193276,-0.088250,0.874341,0.088398,0.468962,3.461291,117.629532,28.168880,0.544569,0.806739,0.215818,0.077718,12.517645,118.817101,42.066189,0.591052,0.687040,0.403697,-0.125146,22.299000,96.217575,39.349388,-0.812859,-0.417602,-0.355896,0.195464,27.358368,82.893753,27.185213,0.063594,0.915299,0.115298,0.380645,0.239421,82.759766,15.550121,0.061859,0.990666,0.039046,0.115020,-0.763935,48.940285,6.459466,-0.013025,0.971416,0.142838,0.189150,-5.982471,3.486252,2.251152,-0.028897,0.926833,-0.106092,0.359013,13.031875,83.434853,27.661180,0.066127,0.912501,-0.073788,0.396895,12.239744,49.247684,35.277905,-0.070192,0.846179,0.089277,0.520657,4.003761,4.204073,39.053326,-0.013025,0.971416,0.142838,0.189150,-0.718272,1.726895,-11.046702,-0.070192,0.846179,0.089277,0.520657,16.701454,1.586503,32.763885
1154,9.616667,-0.050910,0.925695,0.076004,0.367042,6.641912,83.091225,21.612095,-0.058975,0.909204,0.086391,0.402997,5.557385,90.198128,22.359028,-0.021741,0.907578,0.062049,0.414705,2.804502,105.422142,24.064306,0.043959,0.924901,0.069622,0.371185,1.181859,123.113167,25.752417,0.056655,0.946677,0.002759,0.317152,2.807913,136.759872,26.697796,-0.087017,0.838323,0.144473,0.518430,-1.146138,117.708603,22.853327,-0.602404,0.422717,-0.317021,0.598263,-8.585089,117.773476,7.979833,0.618351,-0.223306,0.340229,-0.672325,2.355906,95.758118,4.911636,0.550312,-0.048287,0.602343,-0.576202,15.031144,81.853180,7.195257,-0.088387,0.874324,0.088268,0.468993,3.462878,117.624176,28.168425,0.544568,0.806736,0.215801,0.077801,12.517455,118.817627,42.066387,0.590891,0.687192,0.403683,-0.125119,22.298197,96.217377,39.353352,-0.813025,-0.417290,-0.355727,0.195751,27.365559,82.892281,27.190472,0.063698,0.915399,0.115442,0.380343,0.248098,82.752213,15.554099,0.061963,0.990492,0.038787,0.116546,-0.760969,48.935978,6.451991,-0.013148,0.971415,0.142918,0.189091,-5.985297,3.481287,2.258076,-0.028815,0.926808,-0.106043,0.359097,13.035727,83.430237,27.670092,0.066116,0.912497,-0.073757,0.396910,12.238738,49.242020,35.281590,-0.070303,0.846223,0.089409,0.520548,4.004754,4.197851,39.054710,-0.013148,0.971415,0.142918,0.189091,-0.721692,1.724851,-11.040401,-0.070303,0.846223,0.089409,0.520548,16.701893,1.585100,32.762142
1155,9.625000,-0.050917,0.925677,0.076032,0.367080,6.644856,83.089874,21.614479,-0.058859,0.909179,0.086264,0.403097,5.560065,90.196709,22.361704,-0.021822,0.907517,0.062157,0.414818,2.810894,105.426941,24.065149,0.043919,0.924904,0.069411,0.371223,1.183843,123.117378,25.755346,0.056711,0.946681,0.002700,0.317130,2.811038,136.764343,26.695023,-0.086998,0.838342,0.144422,0.518417,-1.142186,117.712692,22.854883,-0.602543,0.422763,-0.316956,0.598124,-8.581686,117.777084,7.981661,0.618409,-0.223419,0.340311,-0.672192,2.359425,95.761536,4.915308,0.550374,-0.048196,0.602446,-0.576042,15.031362,81.852242,7.199964,-0.088291,0.874299,0.088331,0.469045,3.465462,117.628540,28.171173,0.544570,0.806716,0.215853,0.077855,12.518970,118.817993,42.070175,0.590963,0.687138,0.403701,-0.125014,22.299223,96.217453,39.357834,-0.812985,-0.417285,-0.355862,0.195681,27.363968,82.891212,27.197378,0.063759,0.915365,0.115435,0.380416,0.251544,82.751007,15.555946,0.061898,0.990667,0.038985,0.115015,-0.760917,48.935192,6.452652,-0.012870,0.971385,0.143048,0.189162,-5.983744,3.481174,2.249501,-0.028776,0.926822,-0.106098,0.359049,13.038169,83.428749,27.673012,0.066130,0.912525,-0.073696,0.396855,12.237659,49.241184,35.287102,-0.070288,0.846220,0.089479,0.520542,4.004929,4.196361,39.055168,-0.012870,0.971385,0.143048,0.189162,-0.720153,1.726947,-11.049275,-0.070288,0.846220,0.089479,0.520542,16.702074,1.585095,32.762001
1156,9.633333,-0.050930,0.925716,0.076265,0.366932,6.646296,83.093193,21.613914,-0.058683,0.909096,0.086545,0.403249,5.560226,90.199493,22.364342,-0.022128,0.907385,0.061786,0.415144,2.811315,105.434143,24.078058,0.044126,0.924819,0.069340,0.371422,1.179234,123.125732,25.751131,0.056743,0.946683,0.002636,0.317119,2.812483,136.771912,26.691692,-0.087385,0.838225,0.144291,0.518577,-1.143458,117.717957,22.853771,-0.602734,0.422833,-0.316901,0.597911,-8.575214,117.770424,7.976627,0.618608,-0.223319,0.340279,-0.672059,2.364701,95.753769,4.913981,0.550370,-0.048249,0.602434,-0.576054,15.035150,81.852112,7.203414,-0.087779,0.874404,0.088251,0.468960,3.460194,117.639565,28.173615,0.544533,0.806750,0.215782,0.077947,12.519360,118.815933,42.070049,0.591120,0.686965,0.403764,-0.125024,22.300879,96.215210,39.363785,-0.812724,-0.417812,-0.356112,0.195186,27.357557,82.892014,27.202618,0.063781,0.915285,0.115343,0.380633,0.251091,82.755386,15.557318,0.061850,0.990655,0.039033,0.115125,-0.763097,48.938293,6.458972,-0.013039,0.971425,0.142900,0.189059,-5.980573,3.484070,2.251409,-0.028782,0.926739,-0.106169,0.359241,13.041501,83.431007,27.670511,0.066109,0.912453,-0.073620,0.397037,12.238028,49.244526,35.289116,-0.069658,0.846150,0.090032,0.520645,4.009050,4.198417,39.049946,-0.013039,0.971425,0.142900,0.189059,-0.718601,1.726591,-11.047583,-0.069658,0.846150,0.090032,0.520645,16.705246,1.590988,32.753273
1157,9.641667,-0.051001,0.925676,0.076346,0.367007,6.646951,83.095131,21.616453,-0.058825,0.909160,0.086183,0.403164,5.559454,90.201149,22.367483,-0.021751,0.907477,0.062101,0.414917,2.812761,105.428459,24.068499,0.044061,0.924896,0.069237,0.371258,1.188636,123.119247,25.757748,0.056626,0.946707,0.002462,0.317069,2.821218,136.765762,26.694521,-0.087058,0.838283,0.144312,0.518533,-1.137795,117.714897,22.856995,-0.602678,0.422823,-0.316909,0.597970,-8.572971,117.776443,7.981601,0.618572,-0.223299,0.340322,-0.672077,2.367102,95.760071,4.917402,0.550327,-0.048294,0.602461,-0.576063,15.040941,81.853310,7.208461,-0.088021,0.874323,0.088089,0.469097,3.468742,117.630074,28.174232,0.544546,0.806669,0.215964,0.078187,12.522237,118.815361,42.073597,0.591141,0.686698,0.404072,-0.125394,22.301182,96.213013,39.371590,-0.811692,-0.420006,-0.356438,0.194172,27.351570,82.907066,27.199438,0.063853,0.915140,0.115261,0.380995,0.252836,82.756821,15.558736,0.061839,0.990508,0.038939,0.116420,-0.764581,48.939041,6.463295,-0.012981,0.971448,0.142940,0.188915,-5.976526,3.484014,2.257564,-0.028804,0.926723,-0.106192,0.359275,13.041064,83.433441,27.674168,0.066164,0.912487,-0.073595,0.396955,12.238140,49.247395,35.294785,-0.070097,0.846173,0.089418,0.520655,4.005830,4.201618,39.052261,-0.012981,0.971448,0.142940,0.188915,-0.718745,1.727420,-11.043196,-0.070097,0.846173,0.089418,0.520655,16.703272,1.586014,32.761505
1158,9.650000,-0.051002,0.925754,0.076522,0.366775,6.645027,83.097900,21.616131,-0.058755,0.909165,0.086133,0.403173,5.556777,90.203522,22.369766,-0.021753,0.907441,0.062080,0.415000,2.812970,105.429520,24.070028,0.044160,0.924861,0.069128,0.371353,1.188959,123.120407,25.758448,0.056608,0.946678,0.002351,0.317159,2.825211,136.766586,26.693695,-0.087368,0.838151,0.144379,0.518676,-1.137075,117.716011,22.857435,-0.602790,0.422891,-0.316942,0.597791,-8.565525,117.771172,7.978654,0.618772,-0.223193,0.340336,-0.671921,2.370623,95.752243,4.918903,0.550413,-0.048265,0.602480,-0.575964,15.041990,81.852219,7.216158,-0.088198,0.874261,0.088220,0.469155,3.468496,117.631241,28.175514,0.544518,0.806674,0.215988,0.078271,12.519118,118.819260,42.076515,0.591192,0.686683,0.404063,-0.125269,22.298956,96.216927,39.377529,-0.811636,-0.420083,-0.356548,0.194038,27.349531,82.904861,27.205158,0.063814,0.915088,0.115252,0.381128,0.247917,82.760323,15.561536,0.061764,0.990517,0.038990,0.116363,-0.765951,48.942055,6.467509,-0.013056,0.971493,0.142831,0.188757,-5.970818,3.486547,2.258236,-0.028855,0.926693,-0.106330,0.359306,13.042137,83.435478,27.670727,0.066214,0.912523,-0.073513,0.396880,12.238757,49.251694,35.301441,-0.070693,0.846179,0.088751,0.520680,4.005466,4.205427,39.050941,-0.013056,0.971493,0.142831,0.188757,-0.716750,1.727291,-11.043642,-0.070693,0.846179,0.088751,0.520680,16.705200,1.582755,32.767754
1159,9.658333,-0.050989,0.925490,0.075718,0.367608,6.658201,83.089935,21.629946,-0.059244,0.909034,0.086331,0.403354,5.573670,90.197350,22.371998,-0.021673,0.907457,0.061889,0.414996,2.812370,105.425575,24.071625,0.044161,0.924851,0.069130,0.371378,1.193777,123.117424,25.755054,0.056545,0.946668,0.002319,0.317202,2.830024,136.763596,26.690432,-0.087012,0.838208,0.144226,0.518685,-1.133962,117.712929,22.855625,-0.602550,0.422671,-0.317140,0.598084,-8.564135,117.775238,7.977733,0.618334,-0.223023,0.340364,-0.672366,2.375054,95.757462,4.920532,0.549809,-0.047485,0.603388,-0.575654,15.046146,81.861336,7.212949,-0.088289,0.874216,0.088223,0.469222,3.471694,117.628265,28.173632,0.544493,0.806691,0.215950,0.078375,12.519714,118.818558,42.076134,0.591204,0.686657,0.404109,-0.125205,22.300112,96.215813,39.382656,-0.811629,-0.420085,-0.356634,0.193904,27.350399,82.904221,27.211723,0.064081,0.915261,0.115339,0.380641,0.271854,82.748726,15.564203,0.061805,0.990501,0.038861,0.116525,-0.761516,48.934246,6.458320,-0.012640,0.971439,0.143204,0.188781,-5.970809,3.478271,2.259500,-0.028704,0.926710,-0.106090,0.359347,13.044548,83.431145,27.695688,0.066225,0.912526,-0.073422,0.396889,12.237175,49.243176,35.307209,-0.070704,0.846112,0.089061,0.520734,4.006235,4.195800,39.048592,-0.012640,0.971439,0.143204,0.188781,-0.718741,1.727424,-11.044275,-0.070704,0.846112,0.089061,0.520734,16.707615,1.580822,32.765522
1160,9.666667,-0.050971,0.925564,0.076072,0.367351,6.655106,83.092232,21.627319,-0.059112,0.909041,0.086255,0.403374,5.569161,90.198898,22.374470,-0.021653,0.907415,0.061848,0.415096,2.813020,105.425156,24.073275,0.044170,0.924835,0.069064,0.371429,1.195482,123.117210,25.755516,0.056567,0.946670,0.002207,0.317192,2.832643,136.763367,26.689470,-0.087241,0.838111,0.144264,0.518794,-1.132066,117.712761,22.855843,-0.602449,0.422571,-0.317308,0.598168,-8.557157,117.770149,7.975390,0.618544,-0.223050,0.340558,-0.672066,2.380916,95.751175,4.922809,0.550403,-0.048199,0.602502,-0.575956,15.048981,81.848892,7.224756,-0.087996,0.874257,0.087878,0.469265,3.472440,117.627991,28.174845,0.544562,0.806640,0.215927,0.078480,12.520835,118.815163,42.077374,0.591134,0.686677,0.404176,-0.125209,22.296663,96.209976,39.387787,-0.811617,-0.420132,-0.356618,0.193880,27.349361,82.901764,27.217726,0.064018,0.915151,0.115200,0.380958,0.265395,82.753197,15.564995,0.061795,0.990469,0.038986,0.116755,-0.764616,48.935913,6.469145,-0.013026,0.971465,0.142983,0.188790,-5.970651,3.480730,2.257790,-0.028728,0.926662,-0.106165,0.359446,13.044816,83.431259,27.689644,0.066188,0.912498,-0.073428,0.396958,12.236243,49.244503,35.306473,-0.069596,0.846132,0.090114,0.520669,4.007855,4.196766,39.049156,-0.013026,0.971465,0.142983,0.188790,-0.715771,1.725635,-11.044316,-0.069596,0.846132,0.090114,0.520669,16.704222,1.590379,32.752388
1161,9.675000,-0.050958,0.925463,0.075684,0.367687,6.662896,83.086884,21.635365,-0.059302,0.908966,0.086237,0.403518,5.578892,90.194412,22.377039,-0.021642,0.907378,0.061807,0.415182,2.816272,105.426010,24.073139,0.044122,0.924821,0.069031,0.371476,1.199534,123.118271,25.754061,0.056645,0.946664,0.002096,0.317196,2.835847,136.764603,26.686823,-0.087233,0.838040,0.144199,0.518929,-1.127813,117.713799,22.854265,-0.602252,0.422458,-0.317490,0.598349,-8.548319,117.771149,7.971533,0.618392,-0.222926,0.340761,-0.672144,2.388743,95.751411,4.920857,0.550238,-0.048082,0.602736,-0.575878,15.053165,81.847679,7.228021,-0.088254,0.874156,0.088067,0.469368,3.475696,117.629036,28.174129,0.544586,0.806599,0.215996,0.078555,12.519357,118.820168,42.079391,0.591093,0.686736,0.404195,-0.125015,22.293333,96.214104,39.390518,-0.811470,-0.420330,-0.356814,0.193708,27.349478,82.903297,27.225817,0.064066,0.915230,0.115394,0.380703,0.277516,82.746086,15.568582,0.061904,0.990510,0.038895,0.116388,-0.752806,48.932365,6.459534,-0.012970,0.971456,0.143054,0.188786,-5.971252,3.477764,2.257285,-0.028617,0.926676,-0.106092,0.359440,13.048276,83.427681,27.702147,0.066206,0.912556,-0.073404,0.396825,12.234403,49.239384,35.311501,-0.070206,0.846174,0.089642,0.520600,4.005978,4.191536,39.052658,-0.012970,0.971456,0.143054,0.188786,-0.716804,1.724390,-11.045215,-0.070206,0.846174,0.089642,0.520600,16.703869,1.582978,32.759876
1162,9.683333,-0.050893,0.925442,0.075671,0.367750,6.663998,83.086884,21.636503,-0.059287,0.908941,0.086222,0.403580,5.580873,90.194542,22.378271,-0.021598,0.907355,0.061746,0.415244,2.818925,105.425217,24.073841,0.044134,0.924816,0.068990,0.371495,1.204396,123.117805,25.753323,0.056663,0.946677,0.001950,0.317156,2.841428,136.764114,26.685205,-0.087272,0.837991,0.144217,0.518995,-1.123318,117.713463,22.853603,-0.602276,0.422495,-0.317511,0.598288,-8.541287,117.770493,7.969600,0.618438,-0.222811,0.340810,-0.672114,2.393597,95.749512,4.920103,0.550153,-0.048098,0.602723,-0.575972,15.058645,81.847275,7.232189,-0.088005,0.874156,0.087795,0.469466,3.479492,117.628441,28.174067,0.544616,0.806583,0.215948,0.078636,12.521556,118.816284,42.080654,0.591068,0.686699,0.404295,-0.125015,22.293245,96.208740,39.395912,-0.811480,-0.420332,-0.356864,0.193568,27.349747,82.901825,27.231371,0.064065,0.915182,0.115366,0.380826,0.279322,82.747154,15.568916,0.061918,0.990516,0.038927,0.116318,-0.750481,48.932983,6.461469,-0.012916,0.971456,0.143023,0.188815,-5.970200,3.478771,2.256560,-0.028598,0.926670,-0.106088,0.359458,13.048675,83.426613,27.704086,0.066162,0.912609,-0.073424,0.396708,12.233548,49.238186,35.312717,-0.070146,0.846270,0.089653,0.520451,4.008500,4.190082,39.058224,-0.012916,0.971456,0.143023,0.188815,-0.715431,1.724231,-11.045663,-0.070146,0.846270,0.089653,0.520451,16.703897,1.580820,32.760704
1163,9.691667,-0.050837,0.925504,0.075871,0.367563,6.659278,83.092209,21.636448,-0.059087,0.908941,0.086112,0.403634,5.576001,90.199509,22.381403,-0.021590,0.907298,0.061730,0.415371,2.821996,105.425819,24.075626,0.044185,0.924744,0.069035,0.371658,1.207719,123.118500,25.754496,0.056647,0.946619,0.001799,0.317333,2.845657,136.764557,26.688570,-0.087330,0.837943,0.144145,0.519082,-1.119408,117.714218,22.854177,-0.602245,0.422301,-0.317654,0.598380,-8.534050,117.768944,7.968505,0.618396,-0.222839,0.340869,-0.672114,2.404439,95.748695,4.926611,0.550281,-0.048183,0.602535,-0.576038,15.065533,81.846809,7.238449,-0.088201,0.874085,0.087971,0.469528,3.481918,117.629051,28.175926,0.544173,0.806787,0.216239,0.078813,12.520877,118.819450,42.084320,0.591625,0.686346,0.404130,-0.124854,22.315077,96.221077,39.404373,-0.811411,-0.420464,-0.356979,0.193361,27.349907,82.900581,27.237305,0.063956,0.915050,0.115282,0.381187,0.272067,82.754395,15.571422,0.061920,0.990508,0.039020,0.116349,-0.749497,48.937874,6.471760,-0.012983,0.971486,0.142889,0.188758,-5.968200,3.484350,2.258150,-0.028679,0.926617,-0.106153,0.359569,13.046490,83.430023,27.701473,0.066218,0.912521,-0.073364,0.396911,12.234059,49.242897,35.316242,-0.070126,0.846190,0.089558,0.520600,4.005741,4.194650,39.052853,-0.012983,0.971486,0.142889,0.188758,-0.714575,1.726358,-11.044074,-0.070126,0.846190,0.089558,0.520600,16.702923,1.582845,32.759975
1164,9.700000,-0.050853,0.925378,0.075617,0.367928,6.667817,83.090553,21.642832,-0.059138,0.908867,0.085996,0.403817,5.585371,90.198395,22.383886,-0.021605,0.907238,0.061850,0.415483,2.829881,105.431450,24.074373,0.044150,0.924717,0.068937,0.371749,1.213155,123.123573,25.756683,0.056653,0.946591,0.001759,0.317417,2.851227,136.769791,26.688152,-0.087534,0.837909,0.144123,0.519110,-1.112627,117.719650,22.854610,-0.601902,0.422129,-0.317964,0.598682,-8.525101,117.768539,7.967844,0.618172,-0.222690,0.340939,-0.672334,2.410822,95.746658,4.928579,0.550140,-0.048109,0.602679,-0.576029,15.072402,81.845749,7.241069,-0.087874,0.874067,0.087732,0.469668,3.487380,117.633865,28.177485,0.544562,0.806514,0.216236,0.078932,12.523898,118.818047,42.087982,0.591188,0.686561,0.404441,-0.124731,22.296223,96.210258,39.407608,-0.811396,-0.420373,-0.357120,0.193363,27.350536,82.898499,27.244884,0.064101,0.915065,0.115240,0.381139,0.285379,82.751427,15.572860,0.061929,0.990516,0.039044,0.116269,-0.747023,48.935543,6.472080,-0.012978,0.971470,0.142979,0.188773,-5.966666,3.482297,2.256597,-0.028589,0.926607,-0.106047,0.359633,13.050255,83.429680,27.712805,0.066219,0.912500,-0.073368,0.396959,12.234126,49.240616,35.318451,-0.070224,0.846179,0.089588,0.520600,4.005335,4.192445,39.054989,-0.012978,0.971470,0.142979,0.188773,-0.712590,1.726828,-11.045776,-0.070224,0.846179,0.089588,0.520600,16.703196,1.582843,32.762577
1165,9.708333,-0.050809,0.925402,0.075883,0.367821,6.669122,83.090317,21.639284,-0.059035,0.908842,0.085981,0.403892,5.585946,90.197632,22.384245,-0.021619,0.907181,0.061780,0.415619,2.833285,105.431877,24.075457,0.044196,0.924669,0.068837,0.371882,1.216862,123.124290,25.755077,0.056617,0.946551,0.001746,0.317541,2.857177,136.770355,26.684866,-0.087552,0.837933,0.143992,0.519105,-1.108301,117.720116,22.852983,-0.602147,0.422125,-0.317861,0.598493,-8.520869,117.766151,7.966250,0.618249,-0.222769,0.341011,-0.672201,2.418466,95.745293,4.931863,0.550145,-0.048129,0.602606,-0.576099,15.075983,81.842773,7.245975,-0.087788,0.873996,0.087471,0.469866,3.490116,117.634773,28.177244,0.544513,0.806496,0.216383,0.079043,12.520952,118.819740,42.091370,0.591203,0.686523,0.404507,-0.124659,22.295042,96.212593,39.411942,-0.811347,-0.420540,-0.357132,0.193183,27.349949,82.899078,27.248224,0.064103,0.915017,0.115060,0.381309,0.285207,82.753464,15.570736,0.061886,0.990541,0.039152,0.116046,-0.750552,48.934696,6.481066,-0.012957,0.971473,0.142983,0.188754,-5.966017,3.481725,2.257464,-0.028599,0.926557,-0.106202,0.359715,13.053036,83.427170,27.707832,0.066192,0.912481,-0.073256,0.397027,12.232945,49.240437,35.323544,-0.069648,0.846136,0.090273,0.520628,4.010147,4.190427,39.051056,-0.012957,0.971473,0.142983,0.188754,-0.712593,1.726266,-11.045172,-0.069648,0.846136,0.090273,0.520628,16.706652,1.588675,32.752655
1166,9.716667,-0.050767,0.925395,0.075796,0.367862,6.669916,83.089539,21.642653,-0.059142,0.908832,0.086012,0.403891,5.587735,90.197113,22.386633,-0.021505,0.907200,0.061607,0.415609,2.832694,105.425095,24.076717,0.044159,0.924666,0.068845,0.371892,1.222569,123.118446,25.752459,0.056605,0.946542,0.001751,0.317571,2.861876,136.764648,26.682114,-0.087247,0.837902,0.143930,0.519223,-1.104614,117.714439,22.851664,-0.602284,0.422138,-0.317822,0.598367,-8.514875,117.768547,7.963808,0.618281,-0.222833,0.341131,-0.672089,2.425165,95.747597,4.932638,0.550130,-0.048133,0.602623,-0.576095,15.080702,81.839249,7.249705,-0.087942,0.873999,0.087550,0.469816,3.493987,117.628685,28.175756,0.544629,0.806462,0.216197,0.079099,12.525465,118.817055,42.089176,0.590982,0.686868,0.404373,-0.124237,22.292841,96.206322,39.415615,-0.812503,-0.418129,-0.356719,0.194317,27.362234,82.881783,27.265593,0.064090,0.914955,0.115161,0.381429,0.286465,82.752884,15.573605,0.061965,0.990509,0.039074,0.116303,-0.744513,48.935612,6.477807,-0.012878,0.971486,0.142880,0.188770,-5.966942,3.482985,2.259107,-0.028564,0.926573,-0.106200,0.359679,13.053367,83.426193,27.711699,0.066204,0.912494,-0.073295,0.396987,12.231379,49.239296,35.326485,-0.070118,0.846202,0.089666,0.520563,4.006382,4.189944,39.057178,-0.012878,0.971486,0.142880,0.188770,-0.713780,1.724205,-11.043194,-0.070118,0.846202,0.089666,0.520563,16.703257,1.580618,32.762657
1167,9.725000,-0.050451,0.925259,0.075401,0.368328,6.661537,83.080353,21.650978,-0.059009,0.908797,0.085840,0.404027,5.585275,90.189247,22.390869,-0.021466,0.907192,0.061541,0.415638,2.834896,105.423950,24.078026,0.044175,0.924645,0.068801,0.371950,1.226958,123.117653,25.752174,0.056604,0.946515,0.001675,0.317652,2.867116,136.763794,26.681036,-0.087271,0.837839,0.143825,0.519349,-1.100753,117.713699,22.851702,-0.602113,0.422066,-0.317982,0.598504,-8.506516,117.766129,7.961607,0.618169,-0.222787,0.341250,-0.672147,2.431451,95.743965,4.931767,0.550094,-0.048085,0.602682,-0.576072,15.083111,81.835579,7.250559,-0.087931,0.873968,0.087447,0.469895,3.497524,117.627800,28.176069,0.544700,0.806416,0.216174,0.079150,12.526592,118.817139,42.090969,0.591024,0.686820,0.404403,-0.124206,22.289757,96.204384,39.419113,-0.812315,-0.418441,-0.356887,0.194122,27.357346,82.880142,27.269369,0.064054,0.914889,0.115157,0.381593,0.283567,82.747032,15.575990,0.062021,0.990454,0.039081,0.116732,-0.743605,48.929386,6.481165,-0.012997,0.971467,0.142952,0.188804,-5.969151,3.477451,2.258927,-0.028660,0.926548,-0.106117,0.359760,13.039505,83.413673,27.725967,0.066209,0.912587,-0.072981,0.396831,12.225218,49.225922,35.337742,-0.070534,0.846080,0.089930,0.520660,4.011744,4.172415,39.043484,-0.012997,0.971467,0.142952,0.188804,-0.714147,1.721318,-11.042994,-0.070534,0.846080,0.089930,0.520660,16.713240,1.575819,32.753025
1168,9.733333,-0.050416,0.925188,0.075096,0.368574,6.665620,83.077240,21.655869,-0.059103,0.908733,0.085908,0.404143,5.591233,90.186852,22.391602,-0.021417,0.907159,0.061461,0.415724,2.836806,105.422760,24.079319,0.044136,0.924614,0.068773,0.372036,1.231460,123.116890,25.751478,0.056634,0.946486,0.001572,0.317734,2.870944,136.763184,26.679499,-0.087186,0.837729,0.143796,0.519550,-1.096612,117.713036,22.851103,-0.602239,0.422148,-0.318007,0.598307,-8.495929,117.768608,7.957808,0.618228,-0.222789,0.341316,-0.672058,2.437868,95.743767,4.932385,0.550008,-0.048220,0.602593,-0.576236,15.091094,81.830666,7.254798,-0.087860,0.873944,0.087342,0.469973,3.500691,117.626884,28.176311,0.544744,0.806334,0.216291,0.079354,12.527773,118.815483,42.092567,0.590937,0.686846,0.404496,-0.124175,22.286930,96.200493,39.424934,-0.812290,-0.418464,-0.356854,0.194240,27.358437,82.878494,27.275700,0.064097,0.914884,0.115255,0.381570,0.290784,82.742897,15.577644,0.062131,0.990437,0.039004,0.116847,-0.736661,48.927208,6.475562,-0.013054,0.971435,0.142959,0.188962,-5.972551,3.475979,2.258548,-0.028676,0.926551,-0.105897,0.359816,13.040456,83.411583,27.734093,0.066270,0.912554,-0.073210,0.396855,12.232308,49.220634,35.332104,-0.070579,0.846137,0.089875,0.520571,4.005376,4.170954,39.054455,-0.013054,0.971435,0.142959,0.188962,-0.712970,1.720271,-11.041619,-0.070579,0.846137,0.089875,0.520571,16.705715,1.573689,32.761936
1169,9.741667,-0.050337,0.925188,0.075097,0.368583,6.664155,83.078094,21.657503,-0.058885,0.908624,0.086077,0.404382,5.590806,90.187820,22.393673,-0.021639,0.907002,0.061108,0.416106,2.838749,105.430565,24.088964,0.044408,0.924495,0.068693,0.372315,1.230736,123.125900,25.745741,0.056586,0.946455,0.001586,0.317834,2.878052,136.771149,26.675308,-0.087300,0.837711,0.143655,0.519598,-1.094451,117.719604,22.847628,-0.602082,0.421932,-0.318274,0.598475,-8.491443,117.769852,7.953166,0.618073,-0.222799,0.341387,-0.672162,2.442977,95.744164,4.936159,0.549983,-0.048240,0.602690,-0.576156,15.093668,81.829605,7.256983,-0.087516,0.873931,0.087340,0.470061,3.498246,117.637978,28.176876,0.544719,0.806359,0.216266,0.079342,12.524560,118.816330,42.094498,0.590955,0.686882,0.404406,-0.124185,22.285191,96.201912,39.427444,-0.812214,-0.418717,-0.356783,0.194139,27.356274,82.877144,27.278391,0.064073,0.914847,0.115168,0.381689,0.289302,82.745064,15.579228,0.062124,0.990399,0.039045,0.117157,-0.737785,48.927757,6.483129,-0.012914,0.971441,0.142968,0.188932,-5.971303,3.476748,2.260832,-0.028658,0.926524,-0.105910,0.359883,13.039008,83.411133,27.735775,0.066214,0.912504,-0.073183,0.396984,12.228799,49.220303,35.334126,-0.070509,0.846140,0.090010,0.520552,4.007008,4.169574,39.055141,-0.012914,0.971441,0.142968,0.188932,-0.713513,1.720580,-11.039981,-0.070509,0.846140,0.090010,0.520552,16.706995,1.574495,32.761021
1170,9.750000,-0.050358,0.925197,0.075171,0.368542,6.665094,83.080360,21.657078,-0.058801,0.908612,0.086014,0.404435,5.591103,90.189896,22.394163,-0.021636,0.906966,0.061084,0.416188,2.842176,105.432747,24.088539,0.044445,0.924472,0.068640,0.372378,1.234478,123.128189,25.744455,0.056588,0.946443,0.001550,0.317869,2.883317,136.773300,26.673231,-0.087253,0.837670,0.143611,0.519684,-1.090377,117.721878,22.846100,-0.602001,0.421875,-0.318449,0.598504,-8.484665,117.773201,7.950303,0.617945,-0.222796,0.341448,-0.672249,2.446614,95.745262,4.938309,0.549822,-0.048128,0.602948,-0.576049,15.096911,81.827888,7.258460,-0.087475,0.873951,0.087465,0.470008,3.501362,117.640266,28.176174,0.544777,0.806326,0.216198,0.079464,12.529591,118.815659,42.092800,0.591267,0.686406,0.404707,-0.124344,22.286091,96.198769,39.431690,-0.811558,-0.419921,-0.357419,0.193112,27.339104,82.887573,27.275995,0.064063,0.914789,0.115183,0.381825,0.289746,82.747391,15.579322,0.062143,0.990415,0.039065,0.117002,-0.734928,48.930244,6.482369,-0.013069,0.971453,0.142835,0.188960,-5.970586,3.479591,2.258866,-0.028640,0.926489,-0.105942,0.359964,13.040442,83.413330,27.734835,0.066183,0.912470,-0.073119,0.397079,12.227574,49.222904,35.334690,-0.069905,0.846069,0.090599,0.520647,4.010278,4.170945,39.050690,-0.013069,0.971453,0.142835,0.188960,-0.711081,1.720449,-11.040872,-0.069905,0.846069,0.090599,0.520647,16.709457,1.580984,32.752834
1171,9.758333,-0.050317,0.925148,0.075146,0.368676,6.667388,83.080635,21.658180,-0.059018,0.908659,0.085718,0.404360,5.593966,90.190277,22.394997,-0.021238,0.907064,0.061293,0.415966,2.844537,105.423973,24.077421,0.044230,0.924515,0.068710,0.372282,1.247023,123.119118,25.746387,0.056632,0.946410,0.001413,0.317962,2.889652,136.765015,26.674488,-0.086996,0.837641,0.143680,0.519755,-1.082237,117.716011,22.845572,-0.601758,0.421748,-0.318671,0.598719,-8.475558,117.776123,7.949315,0.617786,-0.222778,0.341648,-0.672300,2.453989,95.747047,4.939388,0.549777,-0.048234,0.603042,-0.575986,15.099947,81.825127,7.262296,-0.087682,0.873796,0.087022,0.470339,3.512343,117.628334,28.173103,0.544627,0.806362,0.216404,0.079576,12.528989,118.815277,42.096268,0.591392,0.686292,0.404715,-0.124354,22.292742,96.201431,39.435829,-0.811493,-0.420119,-0.357368,0.193048,27.340580,82.888687,27.277348,0.064029,0.914797,0.115013,0.381863,0.293700,82.748390,15.578638,0.062190,0.990403,0.039181,0.117047,-0.733084,48.928192,6.493258,-0.012973,0.971417,0.142936,0.189077,-5.971542,3.478906,2.258554,-0.028602,0.926467,-0.105976,0.360014,13.041076,83.412888,27.737724,0.066185,0.912390,-0.073110,0.397264,12.224516,49.222816,35.338818,-0.070557,0.846060,0.089978,0.520681,4.006615,4.170763,39.052345,-0.012973,0.971417,0.142936,0.189077,-0.709546,1.722086,-11.040515,-0.070557,0.846060,0.089978,0.520681,16.708683,1.575698,32.762409
1172,9.766667,-0.050300,0.925119,0.074965,0.368788,6.670887,83.076500,21.660908,-0.059011,0.908621,0.085690,0.404453,5.598569,90.186569,22.395287,-0.021225,0.907025,0.061255,0.416057,2.849076,105.422798,24.077002,0.044260,0.924490,0.068694,0.372344,1.252388,123.118118,25.744797,0.056618,0.946405,0.001348,0.317979,2.895953,136.763901,26.672987,-0.086918,0.837541,0.143739,0.519913,-1.076651,117.715027,22.843779,-0.601669,0.421772,-0.318863,0.598689,-8.464959,117.779350,7.945058,0.617726,-0.222772,0.341749,-0.672306,2.457541,95.746193,4.939375,0.549717,-0.048213,0.603109,-0.575974,15.101883,81.821236,7.264134,-0.087706,0.873800,0.087211,0.470294,3.516868,117.627312,28.172224,0.544827,0.806266,0.216259,0.079569,12.534803,118.812157,42.094730,0.591398,0.686296,0.404701,-0.124358,22.287809,96.193542,39.435387,-0.811305,-0.420439,-0.357499,0.192900,27.333832,82.884552,27.280689,0.064060,0.914824,0.115082,0.381771,0.298621,82.743546,15.579915,0.062230,0.990375,0.039119,0.117283,-0.729211,48.924740,6.489465,-0.012848,0.971404,0.143035,0.189075,-5.970991,3.475472,2.258673,-0.028546,0.926446,-0.105961,0.360076,13.043154,83.409462,27.741899,0.066141,0.912443,-0.073052,0.397161,12.222836,49.218933,35.340561,-0.069707,0.846049,0.090812,0.520667,4.011098,4.165560,39.051762,-0.012848,0.971404,0.143035,0.189075,-0.709857,1.720807,-11.041017,-0.069707,0.846049,0.090812,0.520667,16.709915,1.577756,32.752277
1173,9.775000,-0.050185,0.925175,0.074926,0.368672,6.664707,83.077171,21.661148,-0.058869,0.908647,0.085555,0.404445,5.594214,90.187485,22.395760,-0.021140,0.907019,0.061251,0.416074,2.851077,105.421364,24.075123,0.044231,0.924475,0.068707,0.372383,1.257164,123.116829,25.744026,0.056664,0.946380,0.001251,0.318044,2.899879,136.762695,26.672386,-0.086822,0.837506,0.143735,0.519987,-1.072664,117.714310,22.842606,-0.601666,0.421753,-0.318934,0.598669,-8.458982,117.781708,7.942915,0.617634,-0.222865,0.341876,-0.672295,2.462066,95.747421,4.940292,0.549640,-0.048188,0.603242,-0.575910,15.102941,81.816467,7.264785,-0.087947,0.873735,0.087297,0.470353,3.520712,117.625496,28.171154,0.544863,0.806236,0.216264,0.079610,12.535370,118.815613,42.095329,0.591449,0.686330,0.404620,-0.124186,22.286093,96.195900,39.436985,-0.811325,-0.420327,-0.357564,0.192937,27.333031,82.877686,27.283768,0.064001,0.914612,0.115053,0.382297,0.290734,82.745621,15.581868,0.062282,0.990353,0.039152,0.117431,-0.728860,48.925816,6.494223,-0.012986,0.971421,0.142830,0.189137,-5.974302,3.477368,2.259120,-0.028537,0.926387,-0.106007,0.360215,13.038680,83.408714,27.740427,0.066086,0.912396,-0.073048,0.397279,12.215456,49.218849,35.341717,-0.070352,0.846084,0.090142,0.520641,4.007948,4.164758,39.053581,-0.012986,0.971421,0.142830,0.189137,-0.710738,1.717563,-11.038929,-0.070352,0.846084,0.090142,0.520641,16.708607,1.570529,32.760464
1174,9.783333,-0.050083,0.925178,0.075022,0.368658,6.667060,83.077950,21.657732,-0.058827,0.908637,0.085548,0.404475,5.597428,90.188202,22.394188,-0.021110,0.907003,0.061218,0.416115,2.855682,105.421326,24.073709,0.044337,0.924466,0.068711,0.372392,1.263128,123.116982,25.741911,0.056599,0.946401,0.001171,0.317994,2.908503,136.762451,26.671453,-0.086662,0.837590,0.143562,0.519925,-1.066911,117.714561,22.840462,-0.601581,0.421668,-0.319046,0.598754,-8.456293,117.782883,7.942289,0.617534,-0.222896,0.341981,-0.672323,2.464770,95.748230,4.942364,0.549639,-0.048119,0.603299,-0.575857,15.104278,81.812233,7.267372,-0.087934,0.873709,0.087247,0.470412,3.526003,117.625549,28.169409,0.544872,0.806218,0.216292,0.079653,12.538901,118.815819,42.094715,0.591573,0.686273,0.404575,-0.124054,22.288803,96.195648,39.437183,-0.811244,-0.420410,-0.357710,0.192826,27.331396,82.873367,27.286779,0.063924,0.914692,0.115001,0.382135,0.292721,82.748672,15.578710,0.062337,0.990341,0.039173,0.117488,-0.725031,48.927334,6.496542,-0.013015,0.971421,0.142688,0.189240,-5.975030,3.479671,2.258655,-0.028471,0.926363,-0.106104,0.360253,13.041398,83.407227,27.736753,0.066003,0.912424,-0.073060,0.397227,12.211085,49.218525,35.342510,-0.070291,0.846139,0.090153,0.520558,4.010305,4.163584,39.058899,-0.013015,0.971421,0.142688,0.189240,-0.708696,1.715969,-11.037784,-0.070291,0.846139,0.090153,0.520558,16.709417,1.568655,32.762939
1175,9.791667,-0.050023,0.925135,0.074870,0.368806,6.670000,83.076653,21.659325,-0.058857,0.908613,0.085495,0.404536,5.601855,90.187332,22.393911,-0.021039,0.906993,0.061229,0.416140,2.859601,105.421791,24.071522,0.044331,0.924462,0.068676,0.372410,1.269151,123.117508,25.741089,0.056587,0.946396,0.001143,0.318010,2.914721,136.763031,26.669731,-0.086675,0.837500,0.143618,0.520053,-1.061423,117.715607,22.839094,-0.601579,0.421748,-0.319072,0.598685,-8.446290,117.785431,7.938696,0.617537,-0.222890,0.342148,-0.672237,2.470587,95.748734,4.938614,0.549582,-0.048104,0.603372,-0.575837,15.105764,81.809807,7.268439,-0.087630,0.873717,0.087013,0.470498,3.531240,117.625595,28.168240,0.544975,0.806130,0.216345,0.079697,12.543236,118.810478,42.094582,0.591472,0.686340,0.404620,-0.124023,22.287254,96.187912,39.435917,-0.811331,-0.420267,-0.357613,0.192950,27.333624,82.869247,27.289030,0.063985,0.914670,0.115002,0.382178,0.297479,82.747604,15.578389,0.062363,0.990321,0.039112,0.117668,-0.723741,48.926830,6.494529,-0.012780,0.971403,0.142795,0.189269,-5.976038,3.479031,2.260983,-0.028423,0.926378,-0.106108,0.360218,13.042521,83.405708,27.740261,0.065992,0.912402,-0.073030,0.397283,12.209290,49.216877,35.345108,-0.070370,0.846139,0.090168,0.520545,4.010283,4.161397,39.058876,-0.012780,0.971403,0.142795,0.189269,-0.710554,1.717112,-11.036026,-0.070370,0.846139,0.090168,0.520545,16.709724,1.568024,32.762939
1176,9.800000,-0.050005,0.925102,0.074808,0.368902,6.674021,83.076897,21.658907,-0.058690,0.908468,0.085866,0.404807,5.606369,90.187729,22.392658,-0.021320,0.906820,0.060832,0.416559,2.861816,105.431320,24.083120,0.044591,0.924345,0.068602,0.372682,1.267373,123.128342,25.734985,0.056594,0.946382,0.001189,0.318051,2.920398,136.772842,26.665199,-0.086677,0.837500,0.143499,0.520085,-1.059694,117.723465,22.835709,-0.601701,0.421726,-0.319062,0.598584,-8.443466,117.791321,7.934753,0.617555,-0.223013,0.342277,-0.672115,2.474648,95.754639,4.939032,0.549611,-0.048298,0.603273,-0.575896,15.108358,81.806633,7.270715,-0.087277,0.873801,0.087179,0.470376,3.527886,117.638947,28.169319,0.544936,0.806155,0.216342,0.079720,12.545733,118.811584,42.092911,0.591607,0.686264,0.404579,-0.123932,22.291677,96.189667,39.435749,-0.811285,-0.420339,-0.357725,0.192782,27.333065,82.867210,27.290022,0.064027,0.914710,0.114939,0.382093,0.302721,82.747894,15.576688,0.062378,0.990304,0.039123,0.117801,-0.723684,48.926483,6.495780,-0.012748,0.971389,0.142816,0.189327,-5.976620,3.478941,2.260322,-0.028326,0.926327,-0.106169,0.360340,13.045320,83.405891,27.741125,0.065942,0.912336,-0.072936,0.397460,12.203256,49.217583,35.347336,-0.070566,0.846068,0.090190,0.520629,4.011116,4.160228,39.053566,-0.012748,0.971389,0.142816,0.189327,-0.709810,1.717422,-11.036216,-0.070566,0.846068,0.090190,0.520629,16.713024,1.570409,32.761158
1177,9.808333,-0.049979,0.925194,0.074955,0.368646,6.666084,83.081993,21.654516,-0.058398,0.908480,0.085739,0.404849,5.598203,90.192543,22.390657,-0.021248,0.906762,0.060806,0.416694,2.864013,105.434380,24.080784,0.044592,0.924318,0.068592,0.372750,1.272063,123.131622,25.732655,0.056605,0.946382,0.001171,0.318048,2.925235,136.776108,26.662830,-0.086653,0.837527,0.143487,0.520049,-1.055082,117.727219,22.832571,-0.601638,0.421696,-0.319148,0.598622,-8.440248,117.795273,7.932305,0.617572,-0.223005,0.342355,-0.672062,2.476413,95.757652,4.938249,0.549707,-0.048231,0.603361,-0.575718,15.109405,81.807037,7.272865,-0.087212,0.873802,0.087204,0.470383,3.530963,117.641792,28.167492,0.544880,0.806150,0.216457,0.079844,12.548971,118.812111,42.091183,0.591748,0.686140,0.404603,-0.123868,22.296942,96.190781,39.436459,-0.811269,-0.420404,-0.357751,0.192659,27.332968,82.865883,27.289623,0.063902,0.914577,0.114907,0.382443,0.291411,82.753952,15.575775,0.062426,0.990292,0.039143,0.117870,-0.724474,48.930901,6.499791,-0.012852,0.971397,0.142610,0.189434,-5.981223,3.484046,2.261607,-0.028395,0.926355,-0.106335,0.360213,13.040757,83.410042,27.733257,0.065941,0.912349,-0.072871,0.397443,12.199972,49.224483,35.351978,-0.070374,0.846043,0.090150,0.520703,4.010270,4.166264,39.053020,-0.012852,0.971397,0.142610,0.189434,-0.711075,1.717171,-11.032904,-0.070374,0.846043,0.090150,0.520703,16.711977,1.572571,32.761784
1178,9.816667,-0.049947,0.925183,0.074930,0.368682,6.669403,83.082329,21.653078,-0.058559,0.908474,0.085720,0.404843,5.602057,90.192978,22.389011,-0.021068,0.906786,0.060759,0.416657,2.862903,105.437981,24.076963,0.044627,0.924317,0.068607,0.372745,1.277530,123.135696,25.730053,0.056616,0.946371,0.001149,0.318080,2.931435,136.780045,26.660963,-0.086713,0.837433,0.143539,0.520177,-1.051882,117.732307,22.829903,-0.601595,0.421705,-0.319299,0.598578,-8.432250,117.800461,7.927267,0.617537,-0.223020,0.342358,-0.672088,2.479219,95.759659,4.937691,0.549658,-0.048232,0.603452,-0.575670,15.112630,81.807838,7.271451,-0.087095,0.873816,0.087182,0.470382,3.534707,117.644905,28.164318,0.545026,0.806059,0.216415,0.079879,12.553424,118.812225,42.087791,0.591650,0.686238,0.404596,-0.123816,22.293245,96.187317,39.433685,-0.811235,-0.420387,-0.357778,0.192788,27.333796,82.862724,27.290123,0.063934,0.914568,0.114856,0.382475,0.295146,82.754700,15.573885,0.062468,0.990253,0.039110,0.118183,-0.723842,48.931118,6.500240,-0.012633,0.971366,0.142729,0.189516,-5.983401,3.484514,2.262961,-0.028282,0.926357,-0.106393,0.360199,13.043660,83.409958,27.732271,0.065892,0.912360,-0.072827,0.397433,12.194196,49.224819,35.351910,-0.070448,0.846007,0.090128,0.520756,4.010264,4.165408,39.051201,-0.012633,0.971366,0.142729,0.189516,-0.712565,1.719861,-11.031562,-0.070448,0.846007,0.090128,0.520756,16.713127,1.572335,32.762051
1179,9.825000,-0.049838,0.925222,0.074979,0.368590,6.663917,83.085449,21.648979,-0.058332,0.908491,0.085663,0.404851,5.597836,90.196152,22.386263,-0.021064,0.906767,0.060752,0.416700,2.866535,105.438126,24.075060,0.044655,0.924306,0.068613,0.372770,1.281302,123.135880,25.727919,0.056649,0.946371,0.001109,0.318076,2.935875,136.780106,26.659330,-0.086582,0.837466,0.143508,0.520154,-1.047929,117.732513,22.827574,-0.601707,0.421762,-0.319217,0.598469,-8.429856,117.803574,7.925725,0.617548,-0.223092,0.342527,-0.671967,2.481853,95.762894,4.936079,0.549581,-0.048364,0.603457,-0.575726,15.111404,81.804565,7.273440,-0.086918,0.873858,0.087034,0.470365,3.538160,117.645058,28.162420,0.545092,0.806036,0.216347,0.079844,12.558439,118.809700,42.085106,0.591859,0.685977,0.404648,-0.124093,22.294954,96.183411,39.430618,-0.810144,-0.422202,-0.358460,0.192143,27.322105,82.867767,27.280569,0.063825,0.914516,0.114827,0.382625,0.288267,82.759766,15.571141,0.062495,0.990254,0.039122,0.118155,-0.723034,48.934742,6.501988,-0.012734,0.971397,0.142527,0.189506,-5.985096,3.488535,2.263475,-0.028289,0.926364,-0.106517,0.360144,13.039568,83.411133,27.726818,0.065841,0.912346,-0.072781,0.397484,12.187864,49.227871,35.354622,-0.070393,0.846011,0.090047,0.520770,4.009638,4.167220,39.051453,-0.012734,0.971397,0.142527,0.189506,-0.713984,1.718682,-11.030251,-0.070393,0.846011,0.090047,0.520770,16.712158,1.571349,32.762772
1180,9.833333,-0.049769,0.925241,0.075036,0.368541,6.665418,83.085106,21.645353,-0.058311,0.908515,0.085607,0.404811,5.599998,90.195786,22.383810,-0.020981,0.906793,0.060730,0.416652,2.870309,105.436661,24.071259,0.044694,0.924350,0.068550,0.372666,1.288188,123.134628,25.724741,0.056717,0.946418,0.001167,0.317923,2.944353,136.778778,26.654608,-0.086412,0.837509,0.143491,0.520117,-1.042274,117.731728,22.824535,-0.601661,0.421746,-0.319256,0.598507,-8.426447,117.806938,7.923816,0.617386,-0.223256,0.342722,-0.671962,2.484710,95.765976,4.934282,0.549540,-0.048162,0.603670,-0.575559,15.108699,81.797684,7.270409,-0.086934,0.873839,0.086964,0.470410,3.544425,117.643379,28.158844,0.545143,0.806023,0.216281,0.079805,12.563217,118.809387,42.082382,0.592188,0.685833,0.404406,-0.124105,22.297277,96.182091,39.427528,-0.809552,-0.423211,-0.358765,0.191851,27.309874,82.859924,27.277916,0.063757,0.914514,0.114868,0.382629,0.289015,82.760826,15.568231,0.062577,0.990260,0.039088,0.118071,-0.716772,48.935856,6.498287,-0.012479,0.971387,0.142505,0.189589,-5.987000,3.490347,2.262436,-0.028240,0.926319,-0.106602,0.360239,13.041821,83.409386,27.722477,0.065809,0.912359,-0.072759,0.397464,12.183980,49.227200,35.354412,-0.070303,0.846013,0.090101,0.520771,4.009283,4.165867,39.050758,-0.012479,0.971387,0.142505,0.189589,-0.715596,1.718487,-11.030907,-0.070303,0.846013,0.090101,0.520771,16.711403,1.569935,32.761288
1181,9.841667,-0.049699,0.925251,0.074998,0.368533,6.666903,83.084709,21.642941,-0.058113,0.908520,0.085428,0.404865,5.602629,90.195572,22.381289,-0.021035,0.906753,0.060901,0.416712,2.879536,105.444298,24.066778,0.044687,0.924354,0.068471,0.372672,1.293018,123.141457,25.724844,0.056744,0.946428,0.001172,0.317888,2.949814,136.785675,26.652632,-0.086408,0.837615,0.143373,0.519979,-1.035762,117.738785,22.822842,-0.601600,0.421856,-0.319275,0.598481,-8.424730,117.811096,7.924489,0.617459,-0.223177,0.342653,-0.671956,2.481245,95.767990,4.931835,0.549502,-0.048418,0.603621,-0.575626,15.110928,81.799904,7.269821,-0.086656,0.873860,0.086941,0.470425,3.550204,117.650070,28.157774,0.545251,0.805963,0.216245,0.079763,12.570117,118.808380,42.081226,0.592403,0.685637,0.404426,-0.124098,22.298674,96.178955,39.424305,-0.808756,-0.423785,-0.359756,0.192081,27.302032,82.854980,27.271515,0.063912,0.914518,0.114750,0.382629,0.290264,82.761314,15.566018,0.062483,0.990204,0.039053,0.118604,-0.728687,48.935837,6.499430,-0.012517,0.971389,0.142498,0.189583,-5.988503,3.488991,2.264992,-0.028131,0.926385,-0.106700,0.360047,13.043541,83.408104,27.719864,0.065706,0.912412,-0.072766,0.397357,12.177732,49.226948,35.355503,-0.070480,0.846120,0.090003,0.520589,4.011758,4.164481,39.057247,-0.012517,0.971389,0.142498,0.189583,-0.716995,1.717142,-11.028310,-0.070480,0.846120,0.090003,0.520589,16.712091,1.568809,32.764069
1182,9.850000,-0.049644,0.925277,0.074923,0.368490,6.664885,83.086212,21.642803,-0.058004,0.908571,0.085427,0.404767,5.601766,90.197311,22.380501,-0.021003,0.906811,0.060716,0.416614,2.883456,105.438004,24.066711,0.044688,0.924372,0.068604,0.372603,1.300901,123.136009,25.719458,0.056720,0.946451,0.001138,0.317824,2.956341,136.780167,26.650446,-0.086164,0.837622,0.143550,0.519960,-1.029622,117.732880,22.819706,-0.601664,0.421851,-0.319267,0.598423,-8.420667,117.814957,7.922432,0.617395,-0.223318,0.342728,-0.671930,2.485738,95.771767,4.931917,0.549443,-0.048489,0.603677,-0.575617,15.109354,81.801270,7.267146,-0.086840,0.873888,0.086740,0.470377,3.557511,117.644951,28.153646,0.545334,0.805920,0.216190,0.079788,12.577852,118.811974,42.076092,0.592526,0.685550,0.404391,-0.124104,22.301746,96.180382,39.420597,-0.808706,-0.423896,-0.359783,0.191997,27.299679,82.854866,27.266710,0.063837,0.914521,0.114874,0.382596,0.287598,82.763138,15.566545,0.062535,0.990227,0.039022,0.118390,-0.723462,48.938988,6.494150,-0.012561,0.971400,0.142388,0.189605,-5.989240,3.492525,2.263034,-0.028124,0.926396,-0.106744,0.360007,13.042172,83.409279,27.719065,0.065731,0.912381,-0.072705,0.397434,12.175070,49.228748,35.357368,-0.070476,0.846046,0.089975,0.520714,4.008922,4.165760,39.052399,-0.012561,0.971400,0.142388,0.189605,-0.716949,1.717760,-11.029569,-0.070476,0.846046,0.089975,0.520714,16.710966,1.569399,32.762955
1183,9.858333,-0.049660,0.925203,0.074668,0.368725,6.674152,83.081177,21.643301,-0.058178,0.908548,0.085539,0.404772,5.611981,90.192810,22.377254,-0.020956,0.906843,0.060662,0.416553,2.886045,105.439774,24.065182,0.044793,0.924419,0.068436,0.372505,1.305930,123.138069,25.717014,0.056674,0.946497,0.001268,0.317695,2.965719,136.781937,26.644474,-0.086094,0.837663,0.143462,0.519929,-1.025677,117.735054,22.817938,-0.601969,0.422061,-0.319002,0.598111,-8.418174,117.817284,7.921381,0.617526,-0.223464,0.342733,-0.671758,2.487873,95.774300,4.928075,0.549373,-0.048578,0.603717,-0.575635,15.107968,81.802391,7.262693,-0.086788,0.873917,0.086761,0.470329,3.562201,117.646896,28.151236,0.545473,0.805858,0.216091,0.079727,12.584350,118.812309,42.072655,0.592048,0.685876,0.404511,-0.124198,22.301191,96.177864,39.415638,-0.810023,-0.422513,-0.358429,0.192027,27.318516,82.861832,27.264669,0.064153,0.914622,0.114648,0.382371,0.299946,82.756577,15.563889,0.061664,0.990526,0.039283,0.116242,-0.739729,48.931618,6.497704,-0.012312,0.971573,0.143034,0.188243,-5.932823,3.477073,2.263478,-0.027965,0.926451,-0.106780,0.359868,13.048360,83.405785,27.722717,0.065696,0.912417,-0.072674,0.397364,12.171231,49.225174,35.359509,-0.070598,0.846042,0.090161,0.520673,4.009393,4.161346,39.053841,-0.012312,0.971573,0.143034,0.188243,-0.697501,1.719921,-11.046073,-0.070598,0.846042,0.090161,0.520673,16.712063,1.571324,32.763035
1184,9.866667,-0.049582,0.925264,0.074883,0.368538,6.672763,83.082977,21.636803,-0.057895,0.908583,0.085336,0.404774,5.610647,90.194252,22.374241,-0.020952,0.906813,0.060849,0.416591,2.894537,105.446945,24.060499,0.044774,0.924419,0.068386,0.372516,1.311719,123.144447,25.718330,0.056632,0.946500,0.001230,0.317692,2.971535,136.788422,26.644342,-0.086238,0.837698,0.143430,0.519859,-1.018855,117.742096,22.817179,-0.602056,0.422215,-0.319291,0.597759,-8.412962,117.819344,7.921395,0.617583,-0.223635,0.342213,-0.671914,2.477475,95.766899,4.940911,0.549357,-0.048875,0.603570,-0.575779,15.107146,81.802895,7.258202,-0.086638,0.873939,0.086855,0.470299,3.568573,117.652748,28.150845,0.545474,0.805861,0.216105,0.079660,12.592528,118.812500,42.071564,0.592253,0.685719,0.404462,-0.124241,22.309870,96.178627,39.411480,-0.809978,-0.422605,-0.358469,0.191939,27.317265,82.862328,27.259129,0.064133,0.914627,0.114618,0.382370,0.295994,82.760727,15.559954,0.061637,0.990517,0.039246,0.116346,-0.743185,48.935108,6.496188,-0.012417,0.971577,0.142989,0.188249,-5.933840,3.479993,2.265073,-0.027953,0.926494,-0.106956,0.359707,13.049533,83.405220,27.713654,0.065682,0.912439,-0.072628,0.397324,12.168468,49.227188,35.361542,-0.070672,0.846032,0.090122,0.520685,4.009634,4.162583,39.052956,-0.012417,0.971577,0.142989,0.188249,-0.697642,1.722087,-11.044028,-0.070672,0.846032,0.090122,0.520685,16.712824,1.572755,32.763126
1185,9.875000,-0.049524,0.925350,0.075128,0.368281,6.668931,83.088028,21.627892,-0.057900,0.908662,0.085450,0.404573,5.606502,90.198860,22.369194,-0.020772,0.906912,0.060682,0.416409,2.890907,105.441460,24.058117,0.044825,0.924427,0.068448,0.372478,1.316698,123.139954,25.713591,0.056639,0.946465,0.001217,0.317797,2.977175,136.783707,26.641590,-0.085987,0.837716,0.143469,0.519860,-1.017530,117.738152,22.814365,-0.601683,0.422082,-0.319262,0.598245,-8.413034,117.822990,7.919316,0.617345,-0.223550,0.342681,-0.671923,2.483878,95.775513,4.925836,0.549326,-0.048922,0.603569,-0.575805,15.104092,81.802132,7.253321,-0.087047,0.873905,0.087047,0.470250,3.572143,117.647659,28.146080,0.545390,0.805803,0.216470,0.079827,12.595264,118.816330,42.066593,0.592326,0.685688,0.404471,-0.124038,22.315784,96.184120,39.403996,-0.810171,-0.422281,-0.358315,0.192126,27.323267,82.859840,27.252275,0.064048,0.914604,0.114508,0.382473,0.288714,82.767906,15.554549,0.061574,0.990534,0.039289,0.116224,-0.747060,48.939747,6.499875,-0.012534,0.971608,0.142853,0.188183,-5.931992,3.484228,2.266160,-0.027964,0.926529,-0.107124,0.359565,13.049150,83.408150,27.701231,0.065668,0.912471,-0.072630,0.397253,12.165699,49.232685,35.360302,-0.070741,0.846014,0.089918,0.520741,4.008238,4.167926,39.053001,-0.012534,0.971608,0.142853,0.188183,-0.696810,1.723106,-11.042920,-0.070741,0.846014,0.089918,0.520741,16.712143,1.574218,32.766212
1186,9.883333,-0.049416,0.925387,0.074963,0.368236,6.665357,83.087738,21.624289,-0.057554,0.908682,0.085287,0.404613,5.605268,90.199074,22.364035,-0.020837,0.906870,0.060847,0.416474,2.900420,105.449280,24.053303,0.044828,0.924447,0.068388,0.372439,1.321541,123.146965,25.712973,0.056690,0.946509,0.001195,0.317657,2.982677,136.790741,26.639343,-0.086080,0.837814,0.143276,0.519740,-1.010890,117.745300,22.812031,-0.601635,0.422165,-0.319216,0.598259,-8.410013,117.823387,7.918741,0.617283,-0.223623,0.342747,-0.671921,2.484908,95.775597,4.920337,0.549270,-0.048860,0.603738,-0.575687,15.099841,81.801895,7.246296,-0.086533,0.874048,0.086876,0.470111,3.577979,117.654633,28.144434,0.545094,0.806015,0.216472,0.079702,12.608430,118.811859,42.061150,0.592963,0.685275,0.404208,-0.124130,22.345940,96.187080,39.397499,-0.810208,-0.422300,-0.358296,0.191964,27.323380,82.858292,27.243799,0.064056,0.914632,0.114434,0.382426,0.284375,82.768211,15.551719,0.061516,0.990496,0.039295,0.116573,-0.754421,48.938942,6.501552,-0.012413,0.971597,0.142977,0.188158,-5.932581,3.482819,2.266041,-0.027969,0.926530,-0.107201,0.359539,13.046339,83.407257,27.696859,0.065636,0.912570,-0.072580,0.397040,12.161434,49.232979,35.361050,-0.070941,0.846050,0.089810,0.520674,4.009350,4.167170,39.052738,-0.012413,0.971597,0.142977,0.188158,-0.698815,1.724597,-11.043978,-0.070941,0.846050,0.089810,0.520674,16.713226,1.573868,32.765720
1187,9.891667,-0.049374,0.925462,0.075162,0.368012,6.659897,83.092270,21.617321,-0.057352,0.908750,0.085228,0.404500,5.599509,90.203247,22.360199,-0.020756,0.906912,0.060800,0.416393,2.902165,105.449615,24.050192,0.044902,0.924483,0.068375,0.372343,1.326766,123.147621,25.709724,0.056654,0.946550,0.001231,0.317540,2.989876,136.791153,26.636225,-0.085973,0.837844,0.143268,0.519712,-1.007182,117.746307,22.809359,-0.601841,0.422397,-0.319021,0.597992,-8.407876,117.826988,7.916874,0.617146,-0.223668,0.342591,-0.672112,2.483487,95.777962,4.914657,0.548671,-0.048043,0.604823,-0.575188,15.095687,81.812561,7.231323,-0.086467,0.874100,0.086863,0.470030,3.582683,117.654945,28.140890,0.545172,0.805999,0.216369,0.079612,12.616038,118.810829,42.055824,0.593082,0.685228,0.404097,-0.124184,22.350033,96.184738,39.390499,-0.810290,-0.422198,-0.358191,0.192035,27.321411,82.854912,27.236912,0.063939,0.914644,0.114410,0.382424,0.275929,82.774368,15.547811,0.061495,0.990497,0.039305,0.116569,-0.756060,48.943661,6.502239,-0.012301,0.971621,0.142826,0.188152,-5.932191,3.487355,2.266085,-0.028001,0.926560,-0.107267,0.359440,13.043865,83.410172,27.686829,0.065595,0.912572,-0.072648,0.397028,12.160163,49.237015,35.356133,-0.070651,0.846078,0.089812,0.520667,4.009071,4.171622,39.055061,-0.012301,0.971621,0.142826,0.188152,-0.699559,1.724258,-11.043726,-0.070651,0.846078,0.089812,0.520667,16.711088,1.573971,32.766106
1188,9.900000,-0.049270,0.925472,0.075041,0.368025,6.658464,83.091141,21.613459,-0.057263,0.908777,0.085236,0.404451,5.600081,90.202522,22.355270,-0.020666,0.906947,0.060770,0.416326,2.904944,105.450714,24.046942,0.045025,0.924519,0.068394,0.372235,1.333023,123.148979,25.706976,0.056548,0.946614,0.001213,0.317368,2.999010,136.792068,26.634869,-0.085643,0.837977,0.143266,0.519553,-1.002368,117.748131,22.806908,-0.601962,0.422549,-0.318887,0.597834,-8.410463,117.836830,7.918142,0.617432,-0.224026,0.342800,-0.671623,2.478761,95.787193,4.912647,0.549333,-0.049177,0.603683,-0.575658,15.090579,81.799652,7.234979,-0.086315,0.874174,0.086662,0.469956,3.588330,117.655861,28.137705,0.545292,0.805949,0.216278,0.079543,12.624881,118.810890,42.050640,0.592766,0.685675,0.403783,-0.124247,22.352983,96.182472,39.383522,-0.810838,-0.421230,-0.357458,0.193212,27.339598,82.845512,27.233574,0.063940,0.914712,0.114397,0.382264,0.274488,82.774147,15.543908,0.061438,0.990529,0.039310,0.116331,-0.759477,48.943241,6.499299,-0.012345,0.971615,0.142874,0.188148,-5.931411,3.486344,2.264516,-0.027986,0.926609,-0.107302,0.359303,13.042441,83.408127,27.683008,0.065548,0.912685,-0.072670,0.396774,12.158061,49.235432,35.354305,-0.070743,0.846172,0.089871,0.520492,4.011134,4.169762,39.059101,-0.012345,0.971615,0.142874,0.188148,-0.698520,1.724836,-11.045406,-0.070743,0.846172,0.089871,0.520492,16.711334,1.574858,32.765331
1189,9.908333,-0.049277,0.925452,0.074909,0.368102,6.661390,83.090111,21.612335,-0.057260,0.908794,0.085225,0.404414,5.603549,90.201767,22.352264,-0.020644,0.906980,0.060798,0.416251,2.908270,105.452538,24.044046,0.045033,0.924578,0.068344,0.372099,1.336764,123.150719,25.705416,0.056599,0.946677,0.001195,0.317173,3.003446,136.793823,26.631672,-0.085879,0.837923,0.143230,0.519610,-0.999155,117.750061,22.805410,-0.601743,0.422626,-0.319003,0.597938,-8.403913,117.832016,7.914951,0.617441,-0.223939,0.342847,-0.671620,2.478435,95.779594,4.904975,0.549362,-0.049233,0.603816,-0.575486,15.083581,81.800583,7.229511,-0.086274,0.874224,0.086732,0.469858,3.592435,117.657425,28.135433,0.545454,0.805849,0.216271,0.079463,12.632270,118.810608,42.046379,0.592685,0.685714,0.403813,-0.124321,22.352236,96.179291,39.374134,-0.810941,-0.421221,-0.357251,0.193182,27.340940,82.847000,27.224689,0.064066,0.914766,0.114353,0.382128,0.278427,82.772270,15.541763,0.061363,0.990537,0.039289,0.116306,-0.766140,48.941792,6.496764,-0.012225,0.971609,0.143021,0.188075,-5.931591,3.483889,2.264812,-0.027911,0.926667,-0.107361,0.359143,13.044353,83.407951,27.682903,0.065552,0.912712,-0.072604,0.396722,12.154948,49.235844,35.356255,-0.070752,0.846120,0.089930,0.520565,4.010275,4.169345,39.055859,-0.012225,0.971609,0.143021,0.188075,-0.701344,1.725980,-11.046622,-0.070752,0.846120,0.089930,0.520565,16.711721,1.576020,32.763966
1190,9.916667,-0.049240,0.925527,0.074938,0.367911,6.656466,83.093193,21.607283,-0.057186,0.908913,0.084927,0.404220,5.599119,90.204842,22.348005,-0.020287,0.907091,0.061045,0.415990,2.911855,105.446991,24.031790,0.044826,0.924662,0.068322,0.371918,1.348738,123.144615,25.706917,0.056540,0.946688,0.001250,0.317151,3.010300,136.788574,26.629978,-0.085422,0.838052,0.143249,0.519473,-0.991228,117.747032,22.804464,-0.601469,0.422696,-0.319145,0.598088,-8.403351,117.841019,7.917729,0.617009,-0.223879,0.342717,-0.672103,2.471578,95.785660,4.902430,0.548688,-0.048349,0.604988,-0.574972,15.075911,81.814529,7.214765,-0.086235,0.874236,0.086423,0.469900,3.603636,117.648636,28.131569,0.545423,0.805865,0.216305,0.079423,12.642395,118.805443,42.042927,0.592911,0.685483,0.403799,-0.124565,22.364344,96.175232,39.368568,-0.811046,-0.421216,-0.357005,0.193206,27.339857,82.848259,27.212990,0.063966,0.914834,0.114454,0.381953,0.270960,82.775818,15.539357,0.061348,0.990577,0.039246,0.115990,-0.766179,48.946072,6.490781,-0.012293,0.971610,0.142994,0.188085,-5.932106,3.487694,2.264480,-0.027936,0.926665,-0.107407,0.359133,13.041971,83.410561,27.675209,0.065524,0.912704,-0.072644,0.396738,12.153107,49.239246,35.352135,-0.070993,0.846112,0.089760,0.520574,4.009256,4.172948,39.055981,-0.012293,0.971610,0.142994,0.188085,-0.701133,1.729362,-11.046623,-0.070993,0.846112,0.089760,0.520574,16.711885,1.579198,32.766636
1191,9.925000,-0.049183,0.925516,0.074899,0.367955,6.658813,83.092133,21.602610,-0.057179,0.908983,0.084918,0.404067,5.602400,90.203941,22.343075,-0.020257,0.907191,0.061088,0.415767,2.915388,105.447960,24.027338,0.044812,0.924758,0.068285,0.371687,1.353008,123.145439,25.704655,0.056597,0.946761,0.001241,0.316922,3.014510,136.789520,26.625889,-0.085314,0.838061,0.143294,0.519464,-0.988360,117.748070,22.802923,-0.601508,0.422864,-0.319091,0.597959,-8.401393,117.845787,7.916678,0.617099,-0.224028,0.342723,-0.671968,2.468184,95.788231,4.898144,0.548805,-0.048478,0.605042,-0.574793,15.068913,81.815445,7.208988,-0.086207,0.874270,0.086423,0.469841,3.609128,117.649284,28.127748,0.545497,0.805825,0.216289,0.079362,12.649873,118.805504,42.037849,0.592847,0.685555,0.403744,-0.124649,22.368303,96.174133,39.360527,-0.811218,-0.420954,-0.356760,0.193507,27.346197,82.847321,27.203814,0.064056,0.914900,0.114381,0.381800,0.273770,82.775513,15.534161,0.061249,0.990597,0.039231,0.115874,-0.772658,48.945389,6.488062,-0.012350,0.971612,0.143093,0.187997,-5.930318,3.485796,2.264824,-0.027919,0.926684,-0.107481,0.359062,13.043855,83.408752,27.671061,0.065535,0.912785,-0.072621,0.396554,12.152584,49.238491,35.352409,-0.070943,0.846085,0.089903,0.520601,4.009394,4.172018,39.055584,-0.012350,0.971612,0.143093,0.187997,-0.701135,1.730612,-11.047389,-0.070943,0.846085,0.089903,0.520601,16.712460,1.580973,32.766014
1192,9.933333,-0.049148,0.925545,0.074817,0.367904,6.656579,83.093712,21.600174,-0.057067,0.909017,0.084861,0.404017,5.601110,90.205757,22.339798,-0.020166,0.907221,0.061011,0.415718,2.918086,105.450478,24.024040,0.044856,0.924771,0.068349,0.371637,1.359881,123.148415,25.700314,0.056530,0.946785,0.001264,0.316861,3.021836,136.792313,26.623482,-0.085220,0.838156,0.143236,0.519340,-0.983049,117.751381,22.799240,-0.601416,0.422950,-0.319146,0.597961,-8.400876,117.849854,7.915382,0.617109,-0.224164,0.342764,-0.671893,2.463327,95.789993,4.894412,0.548968,-0.048754,0.604858,-0.574807,15.060645,81.813919,7.203518,-0.086139,0.874296,0.086453,0.469801,3.615060,117.651924,28.123518,0.545554,0.805796,0.216273,0.079311,12.657463,118.805923,42.032738,0.592920,0.685490,0.403720,-0.124739,22.373224,96.173683,39.353073,-0.811393,-0.420725,-0.356568,0.193626,27.347687,82.845940,27.192223,0.064029,0.915002,0.114396,0.381555,0.270823,82.777046,15.532475,0.061214,0.990620,0.039228,0.115700,-0.775906,48.946930,6.486381,-0.012161,0.971598,0.143145,0.188038,-5.931109,3.486910,2.264634,-0.027923,0.926791,-0.107463,0.358790,13.042334,83.410385,27.667871,0.065492,0.912754,-0.072647,0.396626,12.153985,49.239853,35.348362,-0.070304,0.846087,0.090575,0.520567,4.013138,4.173210,39.054657,-0.012161,0.971598,0.143145,0.188038,-0.702173,1.732196,-11.047742,-0.070304,0.846087,0.090575,0.520567,16.713533,1.588686,32.757004
1193,9.941667,-0.049033,0.925747,0.075337,0.367304,6.645051,83.100586,21.585762,-0.056567,0.909090,0.084959,0.403903,5.588858,90.211662,22.333601,-0.020334,0.907194,0.060739,0.415809,2.918723,105.458664,24.027426,0.045063,0.924753,0.068422,0.371644,1.358943,123.157547,25.692299,0.056560,0.946833,0.001246,0.316713,3.025406,136.800629,26.619450,-0.085335,0.838216,0.143175,0.519243,-0.982982,117.758537,22.794086,-0.601586,0.423168,-0.318969,0.597730,-8.403524,117.852112,7.911554,0.617253,-0.224313,0.342775,-0.671705,2.457155,95.791092,4.886407,0.549014,-0.049054,0.604774,-0.574827,15.052149,81.811905,7.195497,-0.085870,0.874417,0.086560,0.469605,3.613966,117.662720,28.119432,0.545640,0.805803,0.216079,0.079168,12.664041,118.808090,42.024368,0.593069,0.685415,0.403600,-0.124830,22.376230,96.174492,39.343353,-0.811318,-0.420853,-0.356618,0.193569,27.343374,82.845047,27.180593,0.063764,0.914961,0.114334,0.381716,0.251316,82.788185,15.526253,0.061141,0.990795,0.039457,0.114150,-0.778610,48.954708,6.490821,-0.012193,0.971623,0.142876,0.188114,-5.931368,3.495532,2.257092,-0.028001,0.926777,-0.107700,0.358750,13.038786,83.412987,27.645271,0.065468,0.912773,-0.072710,0.396577,12.149860,49.246349,35.342987,-0.070930,0.846125,0.089689,0.520574,4.008966,4.180255,39.055832,-0.012193,0.971623,0.142876,0.188114,-0.700481,1.733311,-11.053523,-0.070930,0.846125,0.089689,0.520574,16.711027,1.583813,32.766457
1194,9.950000,-0.048961,0.925740,0.075182,0.367363,6.646030,83.099922,21.582159,-0.056595,0.909101,0.085047,0.403855,5.591560,90.211433,22.328257,-0.020318,0.907229,0.060715,0.415736,2.919441,105.459038,24.024431,0.045106,0.924832,0.068354,0.371455,1.360661,123.158051,25.688869,0.056650,0.946933,0.001218,0.316396,3.028834,136.801056,26.614115,-0.085235,0.838232,0.143143,0.519242,-0.981959,117.759010,22.791246,-0.601670,0.423397,-0.318852,0.597546,-8.403119,117.854759,7.909031,0.617512,-0.224581,0.342978,-0.671274,2.451650,95.791527,4.878812,0.549474,-0.049972,0.604024,-0.575098,15.041265,81.799332,7.193699,-0.085860,0.874505,0.086591,0.469437,3.615853,117.663216,28.115850,0.545737,0.805799,0.215914,0.078993,12.671211,118.808571,42.017353,0.593459,0.685143,0.403346,-0.125290,22.379538,96.173729,39.332737,-0.810156,-0.423505,-0.356748,0.192413,27.324211,82.848289,27.161234,0.063836,0.915057,0.114344,0.381473,0.252935,82.787773,15.521960,0.061152,0.990622,0.039227,0.115714,-0.783696,48.955078,6.484331,-0.012139,0.971636,0.142880,0.188047,-5.933251,3.494358,2.263237,-0.027982,0.926814,-0.107652,0.358669,13.039125,83.412071,27.642357,0.065449,0.912773,-0.072775,0.396567,12.150847,49.244633,35.336613,-0.070833,0.846157,0.089763,0.520523,4.009289,4.179171,39.055660,-0.012139,0.971636,0.142880,0.188047,-0.704524,1.732009,-11.048213,-0.070833,0.846157,0.089763,0.520523,16.710209,1.583033,32.763847
1195,9.958333,-0.048928,0.925807,0.075125,0.367212,6.641482,83.100563,21.577675,-0.056422,0.909207,0.084862,0.403680,5.587875,90.212250,22.323360,-0.020175,0.907322,0.060750,0.415535,2.923553,105.459724,24.016895,0.045092,0.924887,0.068396,0.371313,1.369280,123.158798,25.684944,0.056571,0.946958,0.001305,0.316335,3.036634,136.801865,26.610687,-0.085219,0.838280,0.143282,0.519128,-0.975814,117.760727,22.787519,-0.601586,0.423562,-0.318901,0.597487,-8.400976,117.858658,7.907319,0.617515,-0.224691,0.343009,-0.671218,2.445325,95.791748,4.873560,0.549508,-0.050136,0.604067,-0.575005,15.031548,81.797638,7.186762,-0.085976,0.874564,0.086773,0.469272,3.624427,117.663101,28.109989,0.545883,0.805740,0.215776,0.078964,12.684292,118.809631,42.008453,0.593685,0.685028,0.403170,-0.125416,22.384977,96.171417,39.324646,-0.810308,-0.423421,-0.356442,0.192524,27.319101,82.842033,27.149326,0.063756,0.915131,0.114377,0.381299,0.246374,82.788330,15.519608,0.061051,0.990811,0.039392,0.114080,-0.785991,48.955460,6.482178,-0.012168,0.971618,0.142931,0.188099,-5.931569,3.494799,2.255661,-0.028012,0.926888,-0.107661,0.358473,13.036590,83.412796,27.635742,0.065449,0.912773,-0.072835,0.396556,12.151672,49.245613,35.331490,-0.070927,0.846150,0.089662,0.520539,4.007941,4.180965,39.055592,-0.012168,0.971618,0.142931,0.188099,-0.701200,1.734021,-11.055348,-0.070927,0.846150,0.089662,0.520539,16.709398,1.583802,32.765301
1196,9.966667,-0.048952,0.925857,0.075246,0.367056,6.643420,83.101257,21.569725,-0.056234,0.909249,0.084841,0.403615,5.588985,90.212646,22.317068,-0.020170,0.907337,0.060731,0.415504,2.930520,105.459953,24.012501,0.045071,0.924925,0.068427,0.371215,1.376731,123.159111,25.680054,0.056579,0.947015,0.001317,0.316165,3.043192,136.802261,26.606077,-0.085114,0.838401,0.143347,0.518933,-0.968676,117.761002,22.782972,-0.601466,0.423833,-0.318915,0.597409,-8.401164,117.861710,7.906446,0.617397,-0.224530,0.342793,-0.671491,2.433327,95.790077,4.864844,0.549012,-0.049399,0.605043,-0.574516,15.021917,81.809357,7.172103,-0.085933,0.874588,0.086783,0.469233,3.631930,117.663445,28.105127,0.545940,0.805748,0.215667,0.078787,12.693243,118.808746,42.002754,0.593796,0.684988,0.403030,-0.125554,22.392214,96.170357,39.314243,-0.810434,-0.423296,-0.356234,0.192650,27.320116,82.840340,27.136894,0.063830,0.915217,0.114313,0.381100,0.246330,82.789162,15.513742,0.060976,0.990810,0.039364,0.114142,-0.794459,48.955929,6.478634,-0.012145,0.971603,0.142994,0.188130,-5.933286,3.494230,2.255095,-0.027988,0.926911,-0.107773,0.358382,13.040510,83.413353,27.625708,0.065445,0.912769,-0.072852,0.396562,12.151914,49.247761,35.328091,-0.070784,0.846136,0.089668,0.520580,4.007936,4.183274,39.053734,-0.012145,0.971603,0.142994,0.188130,-0.702202,1.735107,-11.055856,-0.070784,0.846136,0.089668,0.520580,16.709131,1.584100,32.763733
1197,9.975000,-0.048899,0.925933,0.075560,0.366807,6.648432,83.097549,21.557783,-0.056272,0.909303,0.084893,0.403479,5.593263,90.208336,22.309872,-0.020066,0.907392,0.060742,0.415388,2.932314,105.461136,24.007330,0.045071,0.924994,0.068454,0.371037,1.381957,123.160400,25.676998,0.056655,0.947091,0.001273,0.315923,3.048084,136.803574,26.603170,-0.085103,0.838484,0.143345,0.518800,-0.965140,117.762962,22.780035,-0.601556,0.424017,-0.318762,0.597270,-8.402283,117.863068,7.905837,0.617455,-0.224680,0.342807,-0.671381,2.429328,95.790794,4.858568,0.548981,-0.049778,0.604965,-0.574596,15.014121,81.808113,7.163853,-0.085822,0.874651,0.086753,0.469142,3.636885,117.664108,28.100941,0.545954,0.805724,0.215712,0.078817,12.701678,118.807098,41.996479,0.594020,0.684792,0.403015,-0.125620,22.399649,96.168312,39.307713,-0.810441,-0.423315,-0.356204,0.192634,27.317417,82.836685,27.125502,0.063792,0.915243,0.114358,0.381028,0.248034,82.787964,15.505168,0.061725,0.990534,0.039048,0.116225,-0.789771,48.955109,6.468310,-0.012192,0.971358,0.142812,0.189523,-5.991021,3.499568,2.254894,-0.027961,0.926954,-0.107971,0.358214,13.048829,83.407143,27.610397,0.065463,0.912854,-0.072899,0.396356,12.154843,49.244438,35.324974,-0.070979,0.846163,0.089623,0.520517,4.008473,4.180822,39.055752,-0.012192,0.971358,0.142812,0.189523,-0.723123,1.734947,-11.040798,-0.070979,0.846163,0.089623,0.520517,16.709835,1.583497,32.765335
1198,9.983333,-0.048782,0.925994,0.075693,0.366642,6.645992,83.097908,21.549198,-0.056333,0.909423,0.084689,0.403241,5.591819,90.208565,22.303864,-0.019696,0.907536,0.060983,0.415056,2.933307,105.455338,23.994749,0.044941,0.925112,0.068412,0.370766,1.391948,123.154083,25.678257,0.056597,0.947144,0.001277,0.315776,3.055097,136.797852,26.601210,-0.084863,0.838523,0.143406,0.518760,-0.959743,117.759727,22.779261,-0.601289,0.424086,-0.318975,0.597376,-8.399620,117.867264,7.906479,0.617591,-0.224895,0.342917,-0.671127,2.422359,95.790565,4.857069,0.549592,-0.050868,0.604000,-0.574930,15.006018,81.796196,7.164391,-0.086057,0.874664,0.086569,0.469110,3.646362,117.655090,28.096523,0.546024,0.805649,0.215819,0.078795,12.710825,118.807899,41.991470,0.593992,0.684752,0.403123,-0.125621,22.405176,96.168137,39.297874,-0.810966,-0.422330,-0.355942,0.193071,27.324469,82.837799,27.113079,0.063743,0.915390,0.114339,0.380689,0.243254,82.790810,15.498930,0.061600,0.990569,0.039044,0.115996,-0.795313,48.957214,6.464912,-0.012222,0.971395,0.142752,0.189378,-5.986239,3.500226,2.254330,-0.027969,0.926971,-0.108003,0.358160,13.048731,83.405014,27.599466,0.065416,0.912810,-0.072988,0.396448,12.154942,49.242817,35.316330,-0.070982,0.846145,0.089670,0.520538,4.008962,4.179809,39.055382,-0.012222,0.971395,0.142752,0.189378,-0.722002,1.734102,-11.042616,-0.070982,0.846145,0.089670,0.520538,16.710775,1.583696,32.765369
1199,9.991667,-0.048741,0.926053,0.075615,0.366515,6.641232,83.100090,21.544874,-0.056094,0.909430,0.084898,0.403216,5.588126,90.210976,22.298870,-0.019878,0.907520,0.060657,0.415131,2.932895,105.462883,23.999321,0.045167,0.925125,0.068505,0.370689,1.390352,123.162781,25.669479,0.056687,0.947243,0.001209,0.315460,3.058259,136.805664,26.596828,-0.084924,0.838575,0.143385,0.518672,-0.960539,117.766174,22.774033,-0.601485,0.424278,-0.318801,0.597135,-8.403124,117.871109,7.902585,0.617701,-0.225104,0.342913,-0.670958,2.416282,95.793518,4.850477,0.549646,-0.051079,0.603965,-0.574898,14.997551,81.794449,7.155471,-0.085699,0.874785,0.086756,0.468914,3.644593,117.665695,28.092216,0.546045,0.805686,0.215675,0.078675,12.717188,118.806099,41.982883,0.594403,0.684578,0.402764,-0.125776,22.411350,96.166374,39.288319,-0.810541,-0.423263,-0.355936,0.192825,27.311123,82.829491,27.101671,0.063640,0.915469,0.114356,0.380512,0.236788,82.792953,15.496415,0.061574,0.990589,0.039072,0.115826,-0.796473,48.958717,6.464176,-0.012557,0.971411,0.142577,0.189405,-5.985477,3.501645,2.252211,-0.028025,0.927036,-0.107995,0.357989,13.045676,83.407234,27.593332,0.065411,0.912802,-0.073043,0.396457,12.157151,49.245148,35.311264,-0.070892,0.846160,0.089583,0.520541,4.009517,4.182834,39.055054,-0.012557,0.971411,0.142577,0.189405,-0.718275,1.732308,-11.043133,-0.070892,0.846160,0.089583,0.520541,16.710604,1.583255,32.764999
1200,10.000000,-0.048662,0.926026,0.075223,0.366673,6.642615,83.094246,21.546110,-0.056324,0.909503,0.084689,0.403062,5.592488,90.206093,22.295149,-0.019565,0.907654,0.060893,0.414818,2.933899,105.456818,23.987101,0.045032,0.925278,0.068434,0.370338,1.398568,123.156128,25.670042,0.056756,0.947349,0.001183,0.315129,3.063626,136.799652,26.593155,-0.084677,0.838689,0.143292,0.518554,-0.956258,117.762230,22.772753,-0.601336,0.424378,-0.318826,0.597201,-8.404316,117.871559,7.904078,0.617629,-0.225204,0.342898,-0.670998,2.410070,95.792343,4.845989,0.549680,-0.051274,0.603851,-0.574967,14.990481,81.790871,7.146875,-0.085862,0.874834,0.086558,0.468830,3.652710,117.656685,28.087517,0.545844,0.805896,0.215487,0.078436,12.727004,118.805290,41.976398,0.594946,0.684303,0.402375,-0.125951,22.433910,96.171204,39.280350,-0.810609,-0.423173,-0.355824,0.192943,27.308304,82.826080,27.089865,0.063760,0.915600,0.114444,0.380149,0.240074,82.786102,15.495687,0.061495,0.990573,0.038964,0.116040,-0.802050,48.954346,6.455189,-0.012484,0.971393,0.142796,0.189337,-5.984133,3.495598,2.252775,-0.027969,0.927083,-0.107818,0.357926,13.045156,83.402390,27.596533,0.065377,0.912814,-0.073137,0.396419,12.157990,49.237396,35.301750,-0.070862,0.846158,0.089766,0.520517,4.009998,4.175928,39.054928,-0.012484,0.971393,0.142796,0.189337,-0.719020,1.732125,-11.044176,-0.070862,0.846158,0.089766,0.520517,16.711010,1.580281,32.763107
1201,10.008333,-0.048614,0.926111,0.075271,0.366455,6.638254,83.095840,21.540146,-0.056271,0.909590,0.084736,0.402863,5.588690,90.207649,22.290321,-0.019515,0.907745,0.060829,0.414629,2.931822,105.455818,23.984571,0.045092,0.925384,0.068313,0.370088,1.399420,123.155472,25.666517,0.056868,0.947448,0.001159,0.314812,3.067147,136.798889,26.586359,-0.084628,0.838709,0.143411,0.518496,-0.957303,117.761612,22.770723,-0.601338,0.424490,-0.318763,0.597153,-8.407606,117.874001,7.903200,0.617603,-0.225375,0.342864,-0.670982,2.404063,95.794022,4.840978,0.549701,-0.051448,0.603811,-0.574973,14.982986,81.789223,7.136591,-0.085824,0.874994,0.086617,0.468527,3.653890,117.655968,28.083553,0.545972,0.805894,0.215224,0.078286,12.737844,118.803894,41.966164,0.595128,0.684204,0.402241,-0.126056,22.438974,96.167358,39.269863,-0.810658,-0.423111,-0.355798,0.192922,27.304333,82.820496,27.077162,0.063637,0.915666,0.114479,0.380001,0.232822,82.788422,15.492749,0.061429,0.990625,0.039000,0.115618,-0.801979,48.956127,6.453439,-0.012608,0.971429,0.142662,0.189248,-5.979553,3.496897,2.250647,-0.028017,0.927106,-0.107823,0.357861,13.043684,83.403252,27.587542,0.065359,0.912859,-0.073211,0.396304,12.160028,49.238525,35.294334,-0.070818,0.846201,0.089724,0.520461,4.011361,4.177830,39.055374,-0.012608,0.971429,0.142662,0.189248,-0.716021,1.730298,-11.046511,-0.070818,0.846201,0.089724,0.520461,16.711184,1.580481,32.761856
1202,10.016667,-0.048490,0.926189,0.075288,0.366270,6.635336,83.093735,21.533287,-0.056054,0.909619,0.084941,0.402785,5.587494,90.205688,22.284557,-0.019687,0.907756,0.060488,0.414648,2.932862,105.461967,23.988497,0.045358,0.925376,0.068390,0.370061,1.399865,123.162865,25.656855,0.056811,0.947502,0.001196,0.314661,3.073542,136.805252,26.581244,-0.084699,0.838843,0.143277,0.518305,-0.956536,117.766724,22.765036,-0.601580,0.424703,-0.318513,0.596890,-8.413042,117.873558,7.900579,0.617467,-0.225419,0.342648,-0.671203,2.397547,95.793655,4.833960,0.549131,-0.050479,0.604896,-0.574462,14.973295,81.800552,7.118286,-0.085451,0.875189,0.086639,0.468227,3.654347,117.665268,28.078217,0.546189,0.805866,0.214844,0.078102,12.749791,118.803391,41.954113,0.595147,0.684219,0.402119,-0.126274,22.440615,96.162376,39.258339,-0.810709,-0.423129,-0.355647,0.192948,27.302149,82.819901,27.064756,0.063620,0.915722,0.114465,0.379873,0.227304,82.788147,15.488555,0.061364,0.990635,0.038970,0.115579,-0.808064,48.955475,6.450703,-0.012632,0.971438,0.142639,0.189218,-5.980211,3.495288,2.251517,-0.028051,0.927142,-0.107908,0.357739,13.043369,83.399330,27.578020,0.065373,0.912869,-0.073245,0.396272,12.160796,49.236015,35.291206,-0.070928,0.846169,0.089645,0.520511,4.009811,4.175955,39.054848,-0.012632,0.971438,0.142639,0.189218,-0.717311,1.728194,-11.045826,-0.070928,0.846169,0.089645,0.520511,16.710836,1.578396,32.763844
1203,10.025000,-0.048459,0.926264,0.075522,0.366037,6.632015,83.096291,21.524925,-0.055988,0.909698,0.084972,0.402611,5.583545,90.207764,22.279743,-0.019591,0.907836,0.060407,0.414489,2.931180,105.461487,23.985598,0.045450,0.925458,0.068368,0.369848,1.402789,123.162880,25.653055,0.056827,0.947595,0.001163,0.314376,3.078957,136.804977,26.577129,-0.084704,0.838864,0.143326,0.518257,-0.955882,117.767021,22.762533,-0.601643,0.424865,-0.318455,0.596742,-8.414027,117.874275,7.898897,0.617753,-0.225728,0.342739,-0.670789,2.391575,95.792274,4.829845,0.549765,-0.051689,0.603710,-0.574997,14.965778,81.785744,7.116822,-0.085544,0.875268,0.086946,0.468005,3.656908,117.664955,28.074051,0.546953,0.805475,0.214427,0.077937,12.758714,118.801895,41.945877,0.593854,0.684973,0.402697,-0.126426,22.409431,96.144333,39.245178,-0.812148,-0.421056,-0.354540,0.193464,27.325567,82.827354,27.054464,0.063601,0.915773,0.114344,0.379789,0.220918,82.792336,15.483357,0.061207,0.990658,0.039041,0.115443,-0.817348,48.957558,6.453750,-0.012459,0.971451,0.142704,0.189112,-5.975043,3.496119,2.250443,-0.028132,0.927151,-0.108021,0.357676,13.043112,83.400246,27.566496,0.065402,0.912878,-0.073259,0.396244,12.163457,49.238968,35.289036,-0.070745,0.846162,0.089614,0.520552,4.009743,4.179436,39.053028,-0.012459,0.971451,0.142704,0.189112,-0.716128,1.729990,-11.048608,-0.070745,0.846162,0.089614,0.520552,16.710161,1.578363,32.762241
1204,10.033333,-0.048422,0.926364,0.075677,0.365758,6.627539,83.098160,21.517555,-0.055994,0.909826,0.084738,0.402370,5.578981,90.209351,22.274954,-0.019244,0.907963,0.060619,0.414195,2.931624,105.453850,23.973700,0.045308,0.925597,0.068303,0.369529,1.411885,123.154793,25.653612,0.056804,0.947693,0.001098,0.314086,3.084986,136.797546,26.573605,-0.084391,0.839004,0.143295,0.518089,-0.951063,117.761818,22.761242,-0.601560,0.425000,-0.318472,0.596721,-8.416746,117.876068,7.901443,0.617511,-0.225731,0.342486,-0.671140,2.382629,95.791626,4.828037,0.549306,-0.050991,0.604541,-0.574624,14.957413,81.795586,7.101789,-0.085678,0.875314,0.086662,0.467948,3.665339,117.654373,28.069513,0.546309,0.805918,0.214488,0.077708,12.768184,118.799911,41.939953,0.594948,0.684320,0.402173,-0.126493,22.455576,96.158287,39.236988,-0.812204,-0.421013,-0.354566,0.193279,27.323290,82.823952,27.040663,0.063604,0.915755,0.114217,0.379870,0.212772,82.795357,15.479825,0.061132,0.990466,0.038908,0.117160,-0.828323,48.958569,6.458081,-0.012512,0.971492,0.142638,0.188945,-5.973376,3.495330,2.258739,-0.028158,0.927193,-0.108078,0.357547,13.042305,83.400963,27.555286,0.065365,0.912903,-0.073328,0.396179,12.164012,49.240662,35.282288,-0.070770,0.846205,0.089520,0.520494,4.011131,4.181623,39.054005,-0.012512,0.971492,0.142638,0.188945,-0.718534,1.727687,-11.041723,-0.070770,0.846205,0.089520,0.520494,16.710636,1.578648,32.762165
1205,10.041667,-0.048350,0.926364,0.075426,0.365818,6.628052,83.095100,21.517395,-0.055909,0.909809,0.084996,0.402365,5.581722,90.206940,22.271770,-0.019504,0.907959,0.060265,0.414245,2.931461,105.462662,23.980236,0.045638,0.925627,0.068256,0.369423,1.408415,123.164772,25.644794,0.056836,0.947810,0.001052,0.313727,3.090326,136.806320,26.566553,-0.084466,0.839090,0.143159,0.517975,-0.953194,117.768906,22.756714,-0.601776,0.425186,-0.318325,0.596450,-8.422379,117.877945,7.898641,0.617684,-0.225925,0.342320,-0.671000,2.373831,95.792068,4.824483,0.549463,-0.051273,0.604305,-0.574698,14.950620,81.794907,7.093044,-0.085329,0.875469,0.086804,0.467694,3.662490,117.666817,28.065712,0.546394,0.805932,0.214264,0.077574,12.775191,118.801178,41.930588,0.595108,0.684283,0.401931,-0.126708,22.458977,96.158028,39.227497,-0.812247,-0.421023,-0.354318,0.193528,27.317947,82.821335,27.027746,0.063581,0.915877,0.114370,0.379533,0.213943,82.791931,15.478988,0.061104,0.990644,0.038967,0.115638,-0.824847,48.957397,6.448522,-0.012815,0.971471,0.142638,0.189037,-5.973146,3.494269,2.251945,-0.028209,0.927233,-0.107976,0.357470,13.042161,83.398262,27.555805,0.065382,0.912919,-0.073377,0.396131,12.170393,49.236610,35.277565,-0.070082,0.846197,0.090272,0.520471,4.014537,4.178434,39.053146,-0.012815,0.971471,0.142638,0.189037,-0.713686,1.728159,-11.046890,-0.070082,0.846197,0.090272,0.520471,16.711416,1.583177,32.752834
1206,10.050000,-0.048574,0.926459,0.075314,0.365571,6.638057,83.095726,21.513462,-0.056101,0.909832,0.085198,0.402244,5.589523,90.207497,22.265425,-0.019535,0.907990,0.060187,0.414187,2.931249,105.463135,23.977680,0.045740,0.925722,0.068219,0.369180,1.408462,123.165550,25.639374,0.056983,0.947959,0.000869,0.313252,3.093261,136.806793,26.560450,-0.084440,0.839132,0.143185,0.517905,-0.953521,117.769180,22.752514,-0.601703,0.425205,-0.318387,0.596476,-8.425262,117.878929,7.895732,0.617871,-0.226249,0.342444,-0.670655,2.368198,95.791756,4.821167,0.550149,-0.052449,0.603177,-0.575119,14.943452,81.778671,7.091074,-0.085152,0.875559,0.086712,0.467575,3.662820,117.667984,28.060961,0.546350,0.805916,0.214431,0.077590,12.780231,118.799225,41.922997,0.595223,0.684385,0.401715,-0.126300,22.466314,96.157463,39.216450,-0.813442,-0.418642,-0.353768,0.194679,27.325788,82.803467,27.025267,0.063698,0.915988,0.114445,0.379224,0.221141,82.787766,15.478279,0.061084,0.990640,0.038872,0.115712,-0.826135,48.955475,6.440366,-0.012942,0.971467,0.142660,0.189032,-5.973352,3.491440,2.252297,-0.027952,0.927276,-0.108068,0.357350,13.054973,83.403687,27.548647,0.065312,0.912864,-0.073462,0.396255,12.165184,49.242405,35.270012,-0.070751,0.846240,0.089420,0.520458,4.011577,4.184541,39.054115,-0.012942,0.971467,0.142660,0.189032,-0.713061,1.726632,-11.046383,-0.070751,0.846240,0.089420,0.520458,16.710176,1.578838,32.761585
1207,10.058333,-0.048254,0.926477,0.075359,0.365558,6.623333,83.090698,21.509758,-0.055938,0.909985,0.084658,0.402033,5.578844,90.202820,22.264044,-0.019036,0.908154,0.060443,0.413813,2.933800,105.453041,23.962809,0.045355,0.925914,0.068153,0.368757,1.424117,123.155037,25.640768,0.057060,0.948079,0.000761,0.312874,3.099633,136.797882,26.555002,-0.084157,0.839227,0.143357,0.517749,-0.943964,117.762665,22.751451,-0.601583,0.425402,-0.318418,0.596441,-8.422676,117.882248,7.898250,0.617910,-0.226459,0.342338,-0.670603,2.361514,95.791397,4.817636,0.550412,-0.052662,0.602992,-0.575043,14.935921,81.776451,7.080684,-0.085461,0.875507,0.086323,0.467688,3.677001,117.653969,28.055725,0.546439,0.805882,0.214392,0.077421,12.789163,118.799767,41.920017,0.595495,0.684155,0.401658,-0.126447,22.471691,96.157303,39.206688,-0.813215,-0.419078,-0.353895,0.194455,27.317255,82.804504,27.010971,0.063489,0.915960,0.114489,0.379314,0.205708,82.788223,15.475050,0.061059,0.990657,0.038880,0.115577,-0.826159,48.954773,6.439735,-0.012677,0.971469,0.142707,0.189004,-5.971584,3.490522,2.251894,-0.028192,0.927258,-0.107956,0.357413,13.040956,83.393173,27.544466,0.065328,0.912880,-0.073530,0.396201,12.169036,49.231155,35.264595,-0.070863,0.846218,0.089650,0.520439,4.011839,4.174414,39.054314,-0.012677,0.971469,0.142707,0.189004,-0.713918,1.725663,-11.047819,-0.070863,0.846218,0.089650,0.520439,16.711447,1.575968,32.760803
1208,10.066667,-0.048212,0.926456,0.075069,0.365676,6.623660,83.087540,21.510689,-0.055914,0.909940,0.084904,0.402088,5.581153,90.200356,22.261208,-0.019188,0.908128,0.060093,0.413913,2.931760,105.460358,23.968254,0.045601,0.925932,0.068121,0.368687,1.422100,123.163651,25.632524,0.057098,0.948184,0.000677,0.312549,3.104174,136.805588,26.548180,-0.084271,0.839326,0.143208,0.517612,-0.945431,117.769157,22.746716,-0.601585,0.425412,-0.318427,0.596426,-8.428211,117.882088,7.895513,0.617878,-0.226680,0.342361,-0.670546,2.355227,95.790817,4.815208,0.550588,-0.052717,0.602912,-0.574953,14.927522,81.768509,7.073670,-0.085133,0.875639,0.086401,0.467486,3.674289,117.664352,28.052151,0.547299,0.805483,0.213801,0.077139,12.794599,118.800354,41.911896,0.594732,0.684650,0.401878,-0.126656,22.432692,96.139648,39.192642,-0.813059,-0.419344,-0.353935,0.194461,27.309210,82.802490,26.998489,0.063590,0.916004,0.114480,0.379194,0.207478,82.784050,15.474499,0.061003,0.990509,0.038709,0.116929,-0.832252,48.951359,6.437248,-0.012976,0.971494,0.142711,0.188850,-5.968776,3.485253,2.258542,-0.028193,0.927292,-0.107897,0.357342,13.039843,83.391029,27.546879,0.065336,0.912908,-0.073540,0.396134,12.170111,49.228115,35.263298,-0.070972,0.846209,0.089638,0.520441,4.012197,4.171595,39.054108,-0.012976,0.971494,0.142711,0.188850,-0.712965,1.722146,-11.042134,-0.070972,0.846209,0.089638,0.520441,16.712460,1.574504,32.761364
1209,10.075000,-0.048439,0.926638,0.075428,0.365111,6.627426,83.096466,21.501169,-0.056062,0.910102,0.084755,0.401731,5.580472,90.208183,22.255894,-0.018848,0.908281,0.060355,0.413555,2.931878,105.454109,23.956303,0.045450,0.926102,0.068050,0.368292,1.430047,123.156738,25.634640,0.057084,0.948312,0.000495,0.312164,3.108835,136.799377,26.545753,-0.084098,0.839400,0.143206,0.517520,-0.941839,117.765198,22.746891,-0.601709,0.425658,-0.318259,0.596215,-8.428770,117.882263,7.897809,0.617973,-0.226898,0.342292,-0.670420,2.349616,95.789360,4.811625,0.550633,-0.053008,0.602867,-0.574930,14.918253,81.766472,7.064952,-0.085336,0.875646,0.086166,0.467481,3.682237,117.654869,28.048416,0.547045,0.805653,0.213863,0.077001,12.801549,118.800461,41.908028,0.595314,0.684323,0.401501,-0.126884,22.454489,96.146538,39.184975,-0.812892,-0.419757,-0.353781,0.194552,27.302530,82.804390,26.987129,0.063537,0.915924,0.114387,0.379422,0.204355,82.790688,15.472425,0.061007,0.990521,0.038783,0.116797,-0.832263,48.956032,6.442183,-0.013046,0.971520,0.142493,0.188877,-5.968908,3.490499,2.257393,-0.028039,0.927331,-0.108079,0.357197,13.050497,83.402245,27.529913,0.065228,0.912788,-0.073630,0.396411,12.167324,49.241482,35.254318,-0.070750,0.846287,0.089321,0.520399,4.014037,4.184884,39.054176,-0.013046,0.971520,0.142493,0.188877,-0.712127,1.721552,-11.042128,-0.070750,0.846287,0.089321,0.520399,16.711527,1.576732,32.760422
1210,10.083333,-0.048387,0.926638,0.075286,0.365146,6.626192,83.096634,21.500988,-0.055950,0.910055,0.084961,0.401810,5.580634,90.208733,22.254055,-0.019097,0.908225,0.060018,0.413716,2.931072,105.462349,23.962389,0.045708,0.926116,0.067970,0.368239,1.425810,123.166084,25.625900,0.057077,0.948431,0.000417,0.311804,3.111946,136.807800,26.537367,-0.084261,0.839445,0.143187,0.517425,-0.944122,117.771843,22.741583,-0.601867,0.425750,-0.318203,0.596021,-8.433397,117.883469,7.893637,0.618108,-0.227070,0.342125,-0.670322,2.342898,95.789230,4.809658,0.550779,-0.053365,0.602650,-0.574985,14.914793,81.764557,7.057628,-0.084999,0.875796,0.086209,0.467252,3.677943,117.666504,28.044966,0.547115,0.805675,0.213629,0.076907,12.806293,118.802704,41.899403,0.595261,0.684413,0.401333,-0.127178,22.456118,96.147217,39.178226,-0.812840,-0.419948,-0.353511,0.194844,27.303925,82.807533,26.976534,0.063536,0.916004,0.114373,0.379233,0.203485,82.790825,15.471855,0.060858,0.990771,0.039033,0.114654,-0.835318,48.955936,6.442693,-0.012990,0.971502,0.142520,0.188951,-5.964829,3.490534,2.247830,-0.028072,0.927325,-0.108028,0.357225,13.048899,83.402451,27.530121,0.065239,0.912787,-0.073651,0.396409,12.168976,49.241035,35.252033,-0.070751,0.846269,0.089292,0.520433,4.014074,4.184842,39.053257,-0.012990,0.971502,0.142520,0.188951,-0.706466,1.722022,-11.051125,-0.070751,0.846269,0.089292,0.520433,16.711998,1.576038,32.760628
1211,10.091667,-0.048365,0.926696,0.075286,0.365002,6.620970,83.099396,21.499344,-0.055795,0.910122,0.084880,0.401696,5.575832,90.211525,22.252693,-0.019118,0.908272,0.059977,0.413617,2.932652,105.461525,23.960537,0.045738,0.926215,0.067873,0.368005,1.427515,123.165405,25.622574,0.057073,0.948559,0.000296,0.311414,3.115300,136.807114,26.531120,-0.084113,0.839647,0.142945,0.517189,-0.942967,117.770851,22.739319,-0.601920,0.425808,-0.318096,0.595982,-8.441202,117.880753,7.895888,0.618149,-0.227219,0.341991,-0.670302,2.335984,95.787399,4.808665,0.550862,-0.053532,0.602656,-0.574884,14.908722,81.762604,7.050365,-0.084917,0.875914,0.086027,0.467080,3.680242,117.666115,28.041714,0.547291,0.805654,0.213334,0.076697,12.814379,118.803574,41.892231,0.595372,0.684386,0.401143,-0.127408,22.456285,96.144989,39.168755,-0.812537,-0.420493,-0.353573,0.194823,27.295441,82.809853,26.967733,0.063451,0.916014,0.114349,0.379231,0.196372,82.793716,15.472221,0.060805,0.990764,0.039089,0.114721,-0.837652,48.957676,6.446837,-0.013024,0.971534,0.142401,0.188873,-5.961419,3.492078,2.247021,-0.028107,0.927368,-0.108015,0.357116,13.045568,83.405075,27.526464,0.065257,0.912769,-0.073659,0.396446,12.169118,49.243607,35.248516,-0.070703,0.846217,0.089210,0.520537,4.012234,4.187751,39.049431,-0.013024,0.971534,0.142401,0.188873,-0.704981,1.720402,-11.052272,-0.070703,0.846217,0.089210,0.520537,16.711155,1.576271,32.759941
1212,10.100000,-0.048055,0.926620,0.074758,0.365346,6.610958,83.087952,21.506609,-0.055707,0.910149,0.084660,0.401693,5.572434,90.201653,22.254190,-0.018984,0.908335,0.059940,0.413490,2.932905,105.462051,23.957981,0.045684,0.926327,0.067820,0.367739,1.432865,123.166275,25.621027,0.057056,0.948699,0.000041,0.310991,3.119689,136.808289,26.526844,-0.084104,0.839724,0.142868,0.517088,-0.939875,117.772423,22.738300,-0.601851,0.425896,-0.318125,0.595973,-8.441651,117.880547,7.896642,0.618161,-0.227329,0.341865,-0.670319,2.330910,95.785316,4.806756,0.551002,-0.053768,0.602400,-0.574996,14.905554,81.760246,7.042812,-0.084922,0.875974,0.085949,0.466980,3.684879,117.666313,28.039324,0.547457,0.805612,0.213133,0.076516,12.822111,118.805588,41.887653,0.595536,0.684337,0.400954,-0.127495,22.456362,96.144196,39.160473,-0.812283,-0.420825,-0.353734,0.194868,27.286798,82.807899,26.960636,0.063407,0.916032,0.114575,0.379128,0.190263,82.784439,15.475220,0.060914,0.990565,0.038779,0.116480,-0.835849,48.951641,6.436804,-0.013093,0.971516,0.142514,0.188877,-5.965404,3.485045,2.254947,-0.028307,0.927350,-0.107751,0.357225,13.031652,83.391464,27.537998,0.065305,0.912881,-0.073708,0.396170,12.173916,49.226803,35.248016,-0.070769,0.846215,0.089539,0.520476,4.012466,4.172173,39.053684,-0.013093,0.971516,0.142514,0.188877,-0.708237,1.716943,-11.044533,-0.070769,0.846215,0.089539,0.520476,16.711739,1.569623,32.761208
1213,10.108333,-0.048011,0.926716,0.075078,0.365042,6.604210,83.092651,21.498983,-0.055648,0.910251,0.084814,0.401438,5.564850,90.205727,22.251410,-0.018858,0.908458,0.059645,0.413268,2.927257,105.455841,23.959934,0.045798,0.926465,0.067756,0.367388,1.436071,123.161491,25.615665,0.056922,0.948881,-0.000125,0.310458,3.126316,136.803192,26.519882,-0.083780,0.839788,0.142812,0.517051,-0.940576,117.767403,22.736610,-0.601868,0.425967,-0.318077,0.595931,-8.445409,117.883286,7.896557,0.618161,-0.227483,0.341830,-0.670284,2.325677,95.787659,4.804333,0.551057,-0.054008,0.602300,-0.575026,14.901077,81.757477,7.036411,-0.085030,0.876073,0.085841,0.466795,3.686829,117.661621,28.035324,0.547562,0.805686,0.212689,0.076218,12.829186,118.806526,41.879803,0.595768,0.684291,0.400624,-0.127697,22.460026,96.143768,39.151955,-0.812031,-0.421256,-0.353829,0.194819,27.277142,82.807037,26.953781,0.063259,0.916002,0.114406,0.379276,0.179518,82.791451,15.471736,0.060882,0.990574,0.038920,0.116374,-0.840267,48.954628,6.447652,-0.013132,0.971535,0.142342,0.188909,-5.965849,3.488672,2.253899,-0.028366,0.927370,-0.107883,0.357128,13.028902,83.393860,27.526232,0.065302,0.912882,-0.073693,0.396172,12.172535,49.231422,35.246246,-0.070704,0.846194,0.089358,0.520549,4.011867,4.176548,39.050735,-0.013132,0.971535,0.142342,0.188909,-0.707737,1.715862,-11.044582,-0.070704,0.846194,0.089358,0.520549,16.711346,1.568660,32.760872
1214,10.116667,-0.047909,0.926798,0.075132,0.364835,6.600258,83.092484,21.495110,-0.055534,0.910378,0.084402,0.401254,5.562153,90.205574,22.249035,-0.018629,0.908553,0.060012,0.413016,2.933660,105.455635,23.947651,0.045588,0.926631,0.067572,0.367030,1.444963,123.160027,25.619036,0.056796,0.949022,-0.000313,0.310052,3.131567,136.802704,26.515352,-0.083739,0.839914,0.142807,0.516854,-0.933814,117.768547,22.736849,-0.601840,0.426064,-0.318016,0.595923,-8.445673,117.884186,7.900347,0.618096,-0.227674,0.341794,-0.670298,2.323231,95.788193,4.803136,0.551159,-0.054030,0.602125,-0.575108,14.897399,81.753578,7.028781,-0.085165,0.876037,0.085763,0.466853,3.696643,117.657944,28.032801,0.547687,0.805646,0.212582,0.076049,12.836448,118.807732,41.878563,0.595883,0.684260,0.400475,-0.127797,22.461786,96.143272,39.145409,-0.811939,-0.421407,-0.353809,0.194912,27.272289,82.806564,26.947794,0.063186,0.915973,0.114410,0.379356,0.172733,82.792953,15.470797,0.060853,0.990592,0.038942,0.116224,-0.841464,48.955540,6.448343,-0.013052,0.971541,0.142305,0.188908,-5.964823,3.489423,2.253695,-0.028364,0.927336,-0.107919,0.357208,13.027784,83.392006,27.519423,0.065216,0.912868,-0.073733,0.396211,12.169659,49.230095,35.241589,-0.070628,0.846245,0.089461,0.520460,4.014545,4.174745,39.052273,-0.013052,0.971541,0.142305,0.188908,-0.707360,1.715166,-11.044852,-0.070628,0.846245,0.089461,0.520460,16.712526,1.568152,32.758846
1215,10.125000,-0.047909,0.926767,0.074867,0.364968,6.602509,83.089149,21.498274,-0.055437,0.910345,0.084657,0.401289,5.565678,90.202820,22.248518,-0.018887,0.908534,0.059676,0.413095,2.934858,105.462708,23.956631,0.045736,0.926677,0.067536,0.366901,1.442578,123.168198,25.613216,0.056737,0.949168,-0.000579,0.309614,3.133240,136.810349,26.509649,-0.083954,0.839934,0.142814,0.516784,-0.934625,117.773911,22.734961,-0.601892,0.426139,-0.317996,0.595826,-8.447659,117.883263,7.899013,0.618169,-0.227728,0.341700,-0.670260,2.318686,95.786011,4.801888,0.551183,-0.054326,0.601988,-0.575201,14.893481,81.753349,7.025052,-0.084929,0.876144,0.085956,0.466659,3.694775,117.668495,28.031939,0.547732,0.805706,0.212334,0.075781,12.841931,118.809258,41.873585,0.596044,0.684255,0.400214,-0.127887,22.466824,96.145126,39.136227,-0.811838,-0.421632,-0.353807,0.194847,27.268522,82.806519,26.941580,0.063201,0.916014,0.114593,0.379199,0.176697,82.788116,15.472211,0.060932,0.990543,0.038774,0.116658,-0.835073,48.953785,6.437908,-0.013053,0.971527,0.142345,0.188952,-5.965602,3.487351,2.255446,-0.028330,0.927360,-0.107864,0.357165,13.028320,83.390182,27.524334,0.065216,0.912875,-0.073738,0.396193,12.169784,49.227314,35.242191,-0.070673,0.846227,0.089455,0.520484,4.014511,4.172039,39.053452,-0.013053,0.971527,0.142345,0.188952,-0.706946,1.714202,-11.042772,-0.070673,0.846227,0.089455,0.520484,16.713095,1.565999,32.761028
1216,10.133333,-0.047859,0.926767,0.074652,0.365019,6.603921,83.085251,21.500696,-0.055510,0.910365,0.084659,0.401232,5.568832,90.199455,22.248283,-0.018866,0.908578,0.059636,0.413006,2.935755,105.460533,23.955872,0.045642,0.926814,0.067476,0.366579,1.444913,123.166214,25.611654,0.056673,0.949362,-0.000866,0.309029,3.133651,136.808838,26.504618,-0.083819,0.839992,0.142806,0.516715,-0.933202,117.771912,22.734209,-0.601882,0.426160,-0.318005,0.595818,-8.449401,117.884422,7.899883,0.618063,-0.227806,0.341718,-0.670321,2.315809,95.786659,4.802432,0.551110,-0.054197,0.602033,-0.575237,14.890059,81.750389,7.022355,-0.085014,0.876216,0.085873,0.466523,3.697248,117.666534,28.030270,0.547769,0.805708,0.212240,0.075750,12.848131,118.811646,41.869099,0.596143,0.684238,0.400081,-0.127937,22.471260,96.146652,39.132648,-0.811809,-0.421731,-0.353729,0.194898,27.268070,82.806046,26.938307,0.063238,0.916042,0.114625,0.379115,0.178678,82.783707,15.474050,0.060939,0.990530,0.038743,0.116774,-0.835415,48.950218,6.436849,-0.013237,0.971521,0.142372,0.188951,-5.966426,3.483644,2.256476,-0.028294,0.927374,-0.107885,0.357124,13.029164,83.386795,27.527342,0.065229,0.912860,-0.073659,0.396241,12.168088,49.224106,35.245705,-0.070777,0.846182,0.089578,0.520521,4.014377,4.167912,39.049423,-0.013237,0.971521,0.142372,0.188951,-0.706426,1.712242,-11.041447,-0.070777,0.846182,0.089578,0.520521,16.714468,1.566462,32.758125
1217,10.141667,-0.047869,0.926846,0.074933,0.364760,6.599371,83.089088,21.494972,-0.055496,0.910441,0.084734,0.401046,5.562899,90.202675,22.246542,-0.018726,0.908666,0.059431,0.412847,2.931033,105.455315,23.956051,0.045610,0.926964,0.067348,0.366227,1.448012,123.162056,25.607533,0.056432,0.949562,-0.001015,0.308457,3.137084,136.804932,26.495796,-0.083634,0.840041,0.142778,0.516674,-0.933363,117.767929,22.732445,-0.601937,0.426224,-0.317969,0.595736,-8.452002,117.884781,7.899385,0.618122,-0.227888,0.341621,-0.670289,2.311636,95.786308,4.801541,0.551153,-0.054510,0.601849,-0.575358,14.887297,81.750175,7.018187,-0.085060,0.876275,0.085771,0.466423,3.699003,117.662109,28.026825,0.547787,0.805768,0.211995,0.075666,12.852732,118.810608,41.863495,0.596221,0.684157,0.400023,-0.128184,22.475502,96.145058,39.130402,-0.811729,-0.422067,-0.353623,0.194693,27.265919,82.809235,26.931700,0.063155,0.916029,0.114434,0.379220,0.170812,82.788788,15.471804,0.060893,0.990527,0.038891,0.116769,-0.842126,48.951485,6.448776,-0.013225,0.971516,0.142325,0.189013,-5.967360,3.485447,2.255502,-0.028333,0.927358,-0.107981,0.357134,13.027930,83.389389,27.518141,0.065192,0.912882,-0.073697,0.396189,12.166850,49.228294,35.243576,-0.070686,0.846198,0.089495,0.520522,4.015095,4.172164,39.052341,-0.013225,0.971516,0.142325,0.189013,-0.705875,1.712606,-11.041639,-0.070686,0.846198,0.089495,0.520522,16.714418,1.567294,32.760914
1218,10.150000,-0.047817,0.926882,0.074940,0.364675,6.597858,83.088089,21.493729,-0.055339,0.910461,0.084655,0.401039,5.562107,90.201729,22.245750,-0.018751,0.908654,0.059498,0.412862,2.934690,105.461121,23.955679,0.045566,0.927084,0.067209,0.365954,1.449874,123.167542,25.608915,0.056253,0.949765,-0.001281,0.307866,3.139101,136.810715,26.492348,-0.083669,0.840110,0.142644,0.516593,-0.930864,117.773483,22.733187,-0.602053,0.426307,-0.318230,0.595419,-8.452084,117.886497,7.901412,0.618179,-0.228106,0.341134,-0.670410,2.299812,95.780365,4.817460,0.551240,-0.054689,0.601732,-0.575380,14.884520,81.749252,7.016859,-0.084946,0.876309,0.085800,0.466374,3.701311,117.667580,28.027729,0.547818,0.805747,0.212014,0.075610,12.857207,118.812523,41.863251,0.596357,0.684113,0.399906,-0.128152,22.478687,96.146812,39.126961,-0.811596,-0.422228,-0.353714,0.194737,27.263287,82.807625,26.930035,0.063152,0.915985,0.114380,0.379341,0.168123,82.788528,15.471781,0.060902,0.990526,0.038922,0.116764,-0.844861,48.950340,6.452074,-0.013444,0.971508,0.142244,0.189100,-5.970629,3.484631,2.255901,-0.028291,0.927374,-0.108079,0.357067,13.027594,83.387650,27.515676,0.065163,0.912834,-0.073619,0.396317,12.161873,49.227875,35.246441,-0.070629,0.846129,0.089568,0.520630,4.014810,4.170346,39.048653,-0.013444,0.971508,0.142244,0.189100,-0.705334,1.710611,-11.039573,-0.070629,0.846129,0.089568,0.520630,16.715530,1.566445,32.759647
1219,10.158333,-0.047841,0.926850,0.074594,0.364824,6.596293,83.086319,21.500269,-0.055522,0.910522,0.084368,0.400934,5.561913,90.200676,22.247404,-0.018420,0.908759,0.059727,0.412614,2.934107,105.454872,23.946558,0.045319,0.927288,0.067079,0.365490,1.457100,123.160759,25.612507,0.055990,0.949988,-0.001516,0.307222,3.141146,136.805038,26.488724,-0.083434,0.840185,0.142606,0.516519,-0.927405,117.769539,22.734568,-0.601689,0.426258,-0.318086,0.595899,-8.452446,117.887901,7.904780,0.618025,-0.227985,0.341624,-0.670344,2.306066,95.787621,4.802095,0.551215,-0.054909,0.601700,-0.575417,14.882308,81.746666,7.015040,-0.085169,0.876290,0.085678,0.466392,3.707829,117.658302,28.026318,0.547847,0.805724,0.212034,0.075591,12.861896,118.811546,41.862358,0.596630,0.683894,0.399872,-0.128156,22.481962,96.145424,39.124416,-0.811317,-0.422662,-0.353972,0.194488,27.254015,82.804909,26.925928,0.063118,0.915985,0.114576,0.379289,0.168519,82.784378,15.476351,0.060973,0.990527,0.038842,0.116745,-0.837495,48.949032,6.445207,-0.013184,0.971495,0.142363,0.189095,-5.970629,3.483540,2.255679,-0.028285,0.927394,-0.107969,0.357047,13.024068,83.388260,27.524189,0.065138,0.912882,-0.073569,0.396220,12.160920,49.226799,35.247795,-0.069948,0.846124,0.090259,0.520609,4.018146,4.168290,39.047558,-0.013184,0.971495,0.142363,0.189095,-0.707248,1.711531,-11.040815,-0.069948,0.846124,0.090259,0.520609,16.716175,1.570740,32.750507
1220,10.166667,-0.047811,0.926759,0.074220,0.365136,6.602772,83.079361,21.506104,-0.055766,0.910441,0.084774,0.400999,5.570489,90.194565,22.248066,-0.018548,0.908759,0.059295,0.412670,2.928829,105.456352,23.956537,0.045444,0.927411,0.067083,0.365164,1.453915,123.163918,25.606525,0.055795,0.950266,-0.001769,0.306396,3.140967,136.807816,26.483055,-0.083424,0.840238,0.142534,0.516454,-0.930912,117.770447,22.733067,-0.601841,0.426247,-0.318013,0.595793,-8.458255,117.887390,7.904428,0.618050,-0.228111,0.341569,-0.670307,2.303033,95.788071,4.804526,0.551235,-0.054968,0.601681,-0.575412,14.879662,81.744637,7.013818,-0.085025,0.876405,0.085718,0.466194,3.703601,117.663315,28.025537,0.547887,0.805764,0.211802,0.075524,12.864635,118.812630,41.857296,0.596760,0.683847,0.399745,-0.128202,22.483055,96.145409,39.122707,-0.811143,-0.422900,-0.354133,0.194401,27.248890,82.802650,26.924170,0.063302,0.916050,0.114614,0.379090,0.178953,82.775986,15.478034,0.060983,0.990491,0.038754,0.117075,-0.839769,48.942886,6.439898,-0.013219,0.971455,0.142568,0.189142,-5.973415,3.476888,2.256544,-0.028163,0.927421,-0.107896,0.357008,13.026589,83.382736,27.534176,0.065124,0.912907,-0.073600,0.396159,12.157694,49.219685,35.250084,-0.070747,0.846199,0.089712,0.520474,4.015245,4.161424,39.053478,-0.013219,0.971455,0.142568,0.189142,-0.708318,1.710862,-11.040073,-0.070747,0.846199,0.089712,0.520474,16.714806,1.562708,32.759987
1221,10.175000,-0.047752,0.926823,0.074432,0.364936,6.598392,83.081039,21.502283,-0.055745,0.910542,0.084520,0.400826,5.565953,90.195862,22.247604,-0.018230,0.908856,0.059513,0.412440,2.930039,105.449402,23.948629,0.045235,0.927672,0.066985,0.364542,1.462645,123.156448,25.610727,0.055435,0.950610,-0.002051,0.305390,3.145080,136.801331,26.480755,-0.083233,0.840272,0.142591,0.516413,-0.925761,117.765717,22.735123,-0.601783,0.426331,-0.318038,0.595778,-8.455571,117.888702,7.907785,0.618014,-0.228183,0.341558,-0.670321,2.301382,95.787590,4.805552,0.551237,-0.055049,0.601641,-0.575444,14.877668,81.742111,7.012259,-0.085232,0.876366,0.085535,0.466265,3.711589,117.653465,28.025003,0.547958,0.805750,0.211719,0.075391,12.869266,118.811325,41.858280,0.597461,0.683309,0.399537,-0.128450,22.484831,96.143356,39.119808,-0.808866,-0.426047,-0.355908,0.193774,27.216587,82.798508,26.912642,0.063191,0.916054,0.114596,0.379104,0.171907,82.779678,15.476954,0.061009,0.990486,0.038774,0.117102,-0.840064,48.945293,6.442878,-0.013224,0.971466,0.142477,0.189156,-5.975704,3.479725,2.257245,-0.028206,0.927397,-0.108023,0.357030,13.024876,83.382401,27.527613,0.065142,0.912884,-0.073541,0.396221,12.155395,49.221447,35.252728,-0.070666,0.846127,0.089738,0.520598,4.013274,4.162619,39.049973,-0.013224,0.971466,0.142477,0.189156,-0.710301,1.711142,-11.038915,-0.070666,0.846127,0.089738,0.520598,16.714191,1.563358,32.759457
1222,10.183333,-0.047770,0.926808,0.074301,0.365000,6.599873,83.080269,21.505598,-0.055460,0.910463,0.084641,0.401021,5.567821,90.195351,22.249006,-0.018555,0.908723,0.059355,0.412741,2.935611,105.463577,23.958080,0.045231,0.927811,0.066862,0.364213,1.459445,123.170868,25.609802,0.055220,0.950962,-0.002309,0.304329,3.142842,136.815887,26.475632,-0.083555,0.840286,0.142456,0.516376,-0.924629,117.777588,22.735374,-0.602131,0.426486,-0.318213,0.595222,-8.453917,117.889061,7.907686,0.618220,-0.228447,0.341042,-0.670304,2.290954,95.779579,4.823341,0.551364,-0.055144,0.601612,-0.575343,14.874729,81.740952,7.013833,-0.084823,0.876449,0.085662,0.466159,3.709063,117.670128,28.028557,0.547989,0.805755,0.211652,0.075309,12.872309,118.814644,41.859245,0.597501,0.683359,0.399390,-0.128454,22.486799,96.146446,39.119030,-0.808854,-0.426024,-0.355871,0.193946,27.216955,82.798233,26.913702,0.063247,0.916029,0.114613,0.379150,0.174245,82.777855,15.479410,0.061065,0.990456,0.038752,0.117333,-0.840404,48.944244,6.442749,-0.013187,0.971420,0.142566,0.189324,-5.980392,3.479147,2.257376,-0.028141,0.927384,-0.107990,0.357078,13.025500,83.382675,27.531784,0.065102,0.912822,-0.073532,0.396372,12.152164,49.220974,35.253139,-0.070765,0.846113,0.089809,0.520595,4.013109,4.161530,39.049831,-0.013187,0.971420,0.142566,0.189324,-0.710742,1.712846,-11.037398,-0.070765,0.846113,0.089809,0.520595,16.714769,1.565488,32.759483
1223,10.191667,-0.047811,0.926830,0.074085,0.364981,6.595510,83.082405,21.511148,-0.055356,0.910488,0.084540,0.400999,5.564059,90.197891,22.251488,-0.018518,0.908733,0.059370,0.412718,2.936691,105.463455,23.958706,0.045080,0.928100,0.066783,0.363510,1.461555,123.170731,25.611500,0.054954,0.951438,-0.002627,0.302885,3.141573,136.816544,26.471626,-0.083581,0.840318,0.142442,0.516323,-0.922965,117.777740,22.736900,-0.602318,0.426606,-0.318034,0.595041,-8.453922,117.887878,7.910046,0.618318,-0.228501,0.341029,-0.670201,2.291501,95.778961,4.823568,0.551340,-0.055083,0.601690,-0.575290,14.874721,81.739845,7.014536,-0.084842,0.876478,0.085627,0.466107,3.711015,117.669739,28.029823,0.548022,0.805748,0.211600,0.075284,12.875770,118.815575,41.859406,0.597288,0.683531,0.399372,-0.128589,22.488651,96.146683,39.119236,-0.809656,-0.425645,-0.354710,0.193559,27.226158,82.804352,26.915396,0.063212,0.915989,0.114668,0.379235,0.169701,82.777901,15.485255,0.061088,0.990434,0.038772,0.117500,-0.840366,48.944862,6.445906,-0.013357,0.971423,0.142484,0.189358,-5.981508,3.480160,2.257623,-0.028089,0.927430,-0.108117,0.356925,13.021317,83.386902,27.537039,0.065042,0.912921,-0.073206,0.396214,12.142717,49.226917,35.265388,-0.070859,0.846066,0.089716,0.520675,4.021002,4.162365,39.038475,-0.013357,0.971423,0.142484,0.189358,-0.709802,1.712411,-11.036152,-0.070859,0.846066,0.089716,0.520675,16.724154,1.565529,32.751457
1224,10.200000,-0.047670,0.926879,0.074311,0.364829,6.592285,83.082924,21.506968,-0.055154,0.910503,0.084567,0.400988,5.561653,90.198120,22.251238,-0.018554,0.908716,0.059315,0.412762,2.939665,105.464409,23.961805,0.044991,0.928402,0.066625,0.362777,1.464098,123.171867,25.612232,0.054545,0.951963,-0.002821,0.301303,3.143059,136.818253,26.465172,-0.083499,0.840361,0.142387,0.516282,-0.920052,117.778481,22.738070,-0.601818,0.426414,-0.318092,0.595654,-8.452887,117.889656,7.912177,0.618057,-0.228305,0.341492,-0.670272,2.298821,95.785675,4.812255,0.551292,-0.055148,0.601716,-0.575303,14.875007,81.738922,7.015342,-0.084869,0.876471,0.085646,0.466112,3.713396,117.671219,28.031471,0.548063,0.805705,0.211645,0.075322,12.877851,118.817520,41.861214,0.596734,0.684013,0.399448,-0.128357,22.488232,96.147606,39.120731,-0.811306,-0.422930,-0.353594,0.194636,27.253279,82.803894,26.925537,0.063134,0.915941,0.114586,0.379390,0.164289,82.781937,15.483233,0.061085,0.990448,0.038850,0.117354,-0.841500,48.946903,6.450901,-0.013040,0.971410,0.142560,0.189390,-5.982133,3.482726,2.256310,-0.028233,0.927391,-0.108079,0.357026,13.020280,83.383919,27.530701,0.065084,0.912955,-0.073445,0.396084,12.151142,49.223907,35.260040,-0.070083,0.846158,0.090454,0.520502,4.017855,4.163089,39.052711,-0.013040,0.971410,0.142560,0.189390,-0.711807,1.715448,-11.038070,-0.070083,0.846158,0.090454,0.520502,16.715660,1.572254,32.752438
1225,10.208333,-0.047672,0.926869,0.074163,0.364885,6.588296,83.085075,21.512686,-0.055075,0.910504,0.084553,0.400998,5.558372,90.200584,22.254906,-0.018534,0.908718,0.059245,0.412768,2.938905,105.466415,23.965975,0.044843,0.928702,0.066500,0.362049,1.465017,123.174202,25.614395,0.054177,0.952466,-0.003083,0.299773,3.141109,136.821381,26.460426,-0.083489,0.840371,0.142326,0.516285,-0.919620,117.780708,22.740816,-0.601836,0.426471,-0.318063,0.595610,-8.452417,117.891083,7.914898,0.617883,-0.228131,0.341241,-0.670620,2.297799,95.786568,4.813661,0.550702,-0.054433,0.602621,-0.574989,14.876384,81.755249,7.008795,-0.084887,0.876528,0.085725,0.465988,3.713764,117.673599,28.034275,0.548152,0.805660,0.211583,0.075327,12.881968,118.819725,41.861553,0.597080,0.683637,0.399521,-0.128523,22.487438,96.147629,39.121838,-0.810195,-0.424699,-0.354448,0.193860,27.234653,82.808556,26.919455,0.063109,0.915940,0.114539,0.379411,0.161012,82.783173,15.488237,0.061104,0.990450,0.038935,0.117298,-0.844205,48.947159,6.459517,-0.013102,0.971411,0.142506,0.189423,-5.985840,3.483799,2.257290,-0.028216,0.927405,-0.108036,0.357005,13.015580,83.386971,27.537134,0.065053,0.912981,-0.073391,0.396040,12.146627,49.226250,35.263329,-0.070113,0.846142,0.090473,0.520521,4.018090,4.164326,39.053036,-0.013102,0.971411,0.142506,0.189423,-0.714261,1.715297,-11.036430,-0.070113,0.846142,0.090473,0.520521,16.716394,1.574425,32.753384
1226,10.216667,-0.047667,0.926885,0.074373,0.364804,6.588881,83.083557,21.510977,-0.054979,0.910516,0.084552,0.400985,5.557994,90.198631,22.256119,-0.018497,0.908719,0.059160,0.412780,2.940975,105.466530,23.968594,0.044762,0.928993,0.066405,0.361328,1.469490,123.174728,25.614803,0.053578,0.952981,-0.003271,0.298239,3.144105,136.822418,26.455397,-0.083372,0.840401,0.142330,0.516253,-0.915833,117.781212,22.741842,-0.601873,0.426534,-0.318112,0.595502,-8.450357,117.894707,7.916823,0.617845,-0.228228,0.341203,-0.670641,2.295663,95.787796,4.818030,0.550626,-0.054288,0.602886,-0.574798,14.874083,81.754662,7.009232,-0.084873,0.876492,0.085727,0.466057,3.717435,117.674110,28.035406,0.548227,0.805611,0.211577,0.075318,12.883584,118.819511,41.864101,0.597067,0.683657,0.399518,-0.128490,22.485035,96.145851,39.123257,-0.810213,-0.424652,-0.354448,0.193886,27.233335,82.805672,26.921440,0.063151,0.915953,0.114428,0.379404,0.160543,82.782982,15.487583,0.061064,0.990420,0.038992,0.117556,-0.850484,48.945564,6.464778,-0.013094,0.971397,0.142590,0.189432,-5.986756,3.482166,2.256445,-0.028187,0.927379,-0.108176,0.357031,13.017220,83.384132,27.534372,0.065093,0.913034,-0.073355,0.395919,12.142622,49.225426,35.268845,-0.070821,0.846161,0.089848,0.520503,4.012571,4.163492,39.055191,-0.013094,0.971397,0.142590,0.189432,-0.714912,1.716021,-11.037488,-0.070821,0.846161,0.089848,0.520503,16.713343,1.569208,32.762310
1227,10.225000,-0.047652,0.926850,0.074094,0.364951,6.589699,83.081749,21.517130,-0.054952,0.910479,0.084585,0.401066,5.560349,90.197441,22.258469,-0.018511,0.908686,0.059176,0.412850,2.943147,105.467522,23.972239,0.044591,0.929323,0.066359,0.360509,1.470875,123.175636,25.618645,0.053116,0.953567,-0.003616,0.296440,3.141180,136.824173,26.453876,-0.083331,0.840367,0.142301,0.516323,-0.913838,117.782120,22.745180,-0.601516,0.426354,-0.318464,0.595803,-8.446191,117.896698,7.919065,0.617848,-0.228314,0.341453,-0.670482,2.296343,95.787560,4.824112,0.551132,-0.055398,0.601810,-0.575334,14.873536,81.740593,7.021573,-0.084823,0.876498,0.085678,0.466065,3.718606,117.675034,28.039465,0.548221,0.805572,0.211716,0.075391,12.884792,118.819717,41.868198,0.596928,0.683821,0.399476,-0.128395,22.486050,96.146088,39.126389,-0.810422,-0.424222,-0.354244,0.194328,27.241167,82.804985,26.929962,0.063181,0.915959,0.114576,0.379342,0.163232,82.779846,15.491808,0.061113,0.990412,0.038898,0.117626,-0.846272,48.945053,6.458980,-0.013123,0.971388,0.142646,0.189436,-5.987761,3.481528,2.258322,-0.028140,0.927341,-0.108109,0.357155,13.016166,83.383652,27.542452,0.065068,0.913042,-0.073320,0.395909,12.139167,49.223747,35.271347,-0.070891,0.846143,0.089878,0.520517,4.012465,4.161042,39.055748,-0.013123,0.971388,0.142646,0.189436,-0.715527,1.717106,-11.035686,-0.070891,0.846143,0.089878,0.520517,16.713942,1.568558,32.763550
1228,10.233333,-0.047655,0.926889,0.074445,0.364780,6.585311,83.086334,21.513231,-0.054780,0.910521,0.084522,0.401008,5.554233,90.201271,22.259418,-0.018377,0.908705,0.059200,0.412811,2.943635,105.467262,23.973200,0.044443,0.929698,0.066358,0.359559,1.475413,123.175446,25.622419,0.052609,0.954197,-0.003936,0.294492,3.141481,136.824768,26.453272,-0.083286,0.840399,0.142260,0.516289,-0.910779,117.782883,22.748390,-0.601457,0.426451,-0.318442,0.595805,-8.444551,117.897758,7.922997,0.617591,-0.228167,0.341443,-0.670774,2.294606,95.787605,4.823523,0.550547,-0.054135,0.603140,-0.574622,14.869430,81.748566,7.017705,-0.084796,0.876452,0.085675,0.466155,3.722189,117.673981,28.042179,0.548257,0.805488,0.211877,0.075580,12.885725,118.817535,41.872765,0.596862,0.683771,0.399663,-0.128388,22.483639,96.142181,39.133461,-0.810539,-0.424100,-0.354132,0.194310,27.242205,82.803467,26.933182,0.063068,0.915892,0.114478,0.379552,0.156643,82.786385,15.490159,0.061119,0.990460,0.039020,0.117179,-0.846273,48.949032,6.466207,-0.012940,0.971394,0.142542,0.189493,-5.988876,3.486464,2.256681,-0.028152,0.927328,-0.108253,0.357145,13.013980,83.386284,27.536303,0.065019,0.913045,-0.073257,0.395923,12.134172,49.228607,35.274727,-0.070874,0.846183,0.089836,0.520462,4.013752,4.164475,39.055576,-0.012940,0.971394,0.142542,0.189493,-0.716595,1.718105,-11.036782,-0.070874,0.846183,0.089836,0.520462,16.714224,1.570701,32.761879
1229,10.241667,-0.047164,0.926895,0.073981,0.364921,6.574269,83.090843,21.522921,-0.054870,0.910493,0.084569,0.401048,5.552059,90.207443,22.265394,-0.018246,0.908710,0.059101,0.412820,2.938848,105.469528,23.978853,0.044262,0.930101,0.066321,0.358545,1.476314,123.178291,25.626820,0.052079,0.954882,-0.004274,0.292353,3.137625,136.828552,26.451874,-0.083276,0.840325,0.142231,0.516420,-0.911611,117.786301,22.753174,-0.601252,0.426367,-0.318674,0.595948,-8.440932,117.901787,7.925529,0.617466,-0.228068,0.341358,-0.670966,2.294409,95.789352,4.829191,0.550397,-0.054375,0.603075,-0.574811,14.872730,81.753830,7.020576,-0.084716,0.876473,0.085701,0.466127,3.721324,117.676285,28.046968,0.548259,0.805435,0.212025,0.075709,12.886193,118.817245,41.876881,0.596868,0.683727,0.399749,-0.128326,22.483011,96.141342,39.138458,-0.810597,-0.424051,-0.354080,0.194270,27.241770,82.803291,26.938271,0.063064,0.915797,0.114373,0.379812,0.146603,82.796112,15.498525,0.060304,0.990724,0.039364,0.115239,-0.856372,48.957031,6.481061,-0.012819,0.971671,0.142656,0.187993,-5.929504,3.487837,2.258778,-0.028288,0.927316,-0.108146,0.357196,13.001934,83.385567,27.547318,0.065069,0.913059,-0.073159,0.395899,12.133257,49.226795,35.282177,-0.071015,0.846128,0.089846,0.520531,4.012300,4.161930,39.053181,-0.012819,0.971671,0.142656,0.187993,-0.697471,1.722688,-11.051005,-0.071015,0.846128,0.089846,0.520531,16.714657,1.570565,32.762306
1230,10.250000,-0.047190,0.926898,0.073951,0.364917,6.571844,83.093781,21.526804,-0.054779,0.910475,0.084546,0.401107,5.549437,90.210411,22.268736,-0.018219,0.908672,0.059146,0.412899,2.939109,105.472092,23.982450,0.043975,0.930555,0.066357,0.357393,1.476630,123.180702,25.632139,0.051643,0.955663,-0.004684,0.289860,3.129649,136.832291,26.451838,-0.083255,0.840257,0.142193,0.516544,-0.910906,117.789063,22.757486,-0.601314,0.426418,-0.318630,0.595873,-8.436097,117.905251,7.927753,0.617790,-0.228232,0.341643,-0.670467,2.298523,95.792488,4.831172,0.551024,-0.055373,0.602105,-0.575132,14.872437,81.743027,7.034589,-0.084590,0.876493,0.085712,0.466110,3.721122,117.678383,28.052059,0.548259,0.805370,0.212214,0.075877,12.887197,118.815590,41.881477,0.596794,0.683681,0.399940,-0.128317,22.482773,96.138985,39.144421,-0.810681,-0.423953,-0.354010,0.194261,27.244585,82.805542,26.942375,0.063027,0.915796,0.114389,0.379815,0.144171,82.798409,15.502450,0.060305,0.990771,0.039445,0.114808,-0.855957,48.959267,6.484893,-0.012726,0.971665,0.142661,0.188023,-5.930185,3.490669,2.257466,-0.028286,0.927338,-0.108192,0.357125,12.999516,83.389153,27.551159,0.065087,0.913080,-0.073078,0.395865,12.130160,49.231083,35.289021,-0.071038,0.846106,0.089836,0.520564,4.010775,4.165351,39.052971,-0.012726,0.971665,0.142661,0.188023,-0.698050,1.725160,-11.052227,-0.071038,0.846106,0.089836,0.520564,16.713726,1.574093,32.763248
1231,10.258333,-0.047186,0.926831,0.073765,0.365126,6.576504,83.090294,21.532354,-0.054932,0.910414,0.084585,0.401216,5.554955,90.207329,22.271603,-0.018070,0.908644,0.059160,0.412965,2.938745,105.473289,23.984707,0.043760,0.930966,0.066376,0.356345,1.480782,123.182037,25.636929,0.051079,0.956376,-0.005013,0.287595,3.127576,136.834656,26.451870,-0.083172,0.840233,0.142206,0.516593,-0.907833,117.791489,22.761150,-0.601096,0.426351,-0.318830,0.596033,-8.431780,117.910507,7.930809,0.617633,-0.228181,0.341734,-0.670582,2.299325,95.795883,4.835365,0.550905,-0.055397,0.602208,-0.575135,14.870802,81.746178,7.039005,-0.084135,0.876328,0.085877,0.466473,3.723505,117.678749,28.056282,0.548042,0.805428,0.212542,0.075900,12.880905,118.798653,41.892857,0.596852,0.683523,0.400108,-0.128364,22.488043,96.127617,39.150269,-0.810800,-0.423751,-0.353967,0.194283,27.244986,82.802834,26.947807,0.063172,0.915849,0.114385,0.379665,0.151516,82.794121,15.505173,0.060190,0.990898,0.039589,0.113712,-0.859462,48.956196,6.484272,-0.012736,0.971638,0.142840,0.188029,-5.926409,3.487372,2.250593,-0.028230,0.927344,-0.108218,0.357108,13.001493,83.386459,27.559534,0.065114,0.913142,-0.072979,0.395735,12.127970,49.228554,35.297646,-0.071322,0.846119,0.089894,0.520495,4.010426,4.161820,39.053493,-0.012736,0.971638,0.142840,0.188029,-0.693851,1.726987,-11.059611,-0.071322,0.846119,0.089894,0.520495,16.714251,1.576269,32.763195
1232,10.266667,-0.047652,0.926879,0.074439,0.364805,6.579708,83.090302,21.524652,-0.054692,0.910451,0.084569,0.401169,5.548670,90.205254,22.270744,-0.017965,0.908628,0.059231,0.412995,2.939219,105.473923,23.986773,0.043645,0.931426,0.066243,0.355178,1.483564,123.182510,25.642799,0.050397,0.957151,-0.005311,0.285121,3.128089,136.835892,26.449718,-0.082951,0.840260,0.142184,0.516591,-0.905629,117.792908,22.765715,-0.600872,0.426338,-0.319003,0.596176,-8.430865,117.917633,7.936069,0.617218,-0.228022,0.341608,-0.671082,2.295298,95.800766,4.839576,0.550208,-0.054361,0.603401,-0.574650,14.868778,81.759575,7.033895,-0.084099,0.876298,0.085899,0.466531,3.725415,117.678391,28.061068,0.548099,0.805353,0.212666,0.075947,12.881220,118.796646,41.898838,0.596823,0.683509,0.400205,-0.128274,22.484949,96.124443,39.153896,-0.810777,-0.423724,-0.354067,0.194256,27.243498,82.801399,26.953503,0.063168,0.915840,0.114348,0.379698,0.151364,82.790398,15.501235,0.060255,0.990904,0.039578,0.113630,-0.860005,48.951847,6.482723,-0.012760,0.971596,0.142987,0.188131,-5.933349,3.483662,2.249801,-0.028125,0.927311,-0.108471,0.357125,13.008052,83.390213,27.548071,0.064991,0.913101,-0.072922,0.395859,12.121179,49.235733,35.299809,-0.070640,0.846142,0.090436,0.520457,4.015399,4.166761,39.054306,-0.012760,0.971596,0.142987,0.188131,-0.697764,1.727543,-11.059777,-0.070640,0.846142,0.090436,0.520457,16.715899,1.583948,32.756172
1233,10.275000,-0.047645,0.926820,0.074300,0.364985,6.581578,83.089172,21.527990,-0.054680,0.910408,0.084634,0.401253,5.551223,90.204430,22.272079,-0.017823,0.908605,0.059282,0.413043,2.940543,105.476547,23.990273,0.043813,0.931847,0.066338,0.354036,1.488646,123.185097,25.649965,0.049335,0.957954,-0.005785,0.282590,3.135902,136.838120,26.457506,-0.082957,0.840265,0.142130,0.516597,-0.901483,117.796638,22.771515,-0.600739,0.426350,-0.319039,0.596282,-8.426509,117.920288,7.941754,0.617141,-0.227980,0.341737,-0.671102,2.298056,95.803139,4.841657,0.550114,-0.054440,0.603467,-0.574664,14.867968,81.761154,7.038720,-0.084414,0.876399,0.085768,0.466307,3.729072,117.679962,28.067249,0.548371,0.805145,0.212686,0.076127,12.890042,118.810341,41.900616,0.596740,0.683579,0.400285,-0.128037,22.477610,96.130943,39.158661,-0.810816,-0.423615,-0.354135,0.194209,27.244286,82.799362,26.958031,0.063208,0.915902,0.114345,0.379544,0.155543,82.788788,15.502132,0.060223,0.990915,0.039595,0.113550,-0.860006,48.950542,6.482934,-0.012835,0.971596,0.143055,0.188074,-5.930560,3.482127,2.249194,-0.028087,0.927318,-0.108481,0.357105,13.007612,83.389557,27.553850,0.065011,0.913153,-0.072848,0.395751,12.118176,49.235073,35.305264,-0.070732,0.846131,0.090470,0.520455,4.013798,4.165351,39.053814,-0.012835,0.971596,0.143055,0.188074,-0.695840,1.728346,-11.061032,-0.070732,0.846131,0.090470,0.520455,16.714924,1.584756,32.756027
1234,10.283333,-0.047623,0.926732,0.074131,0.365245,6.586680,83.086800,21.533077,-0.054786,0.910354,0.084595,0.401371,5.557284,90.202454,22.274736,-0.017718,0.908575,0.059414,0.413095,2.943324,105.477371,23.990492,0.043604,0.932370,0.066404,0.352668,1.492795,123.185493,25.655926,0.048663,0.958843,-0.006151,0.279668,3.133336,136.839569,26.459063,-0.082951,0.840176,0.142298,0.516696,-0.897507,117.798195,22.775440,-0.600766,0.426430,-0.319033,0.596201,-8.419156,117.925621,7.943995,0.617140,-0.228002,0.341826,-0.671050,2.302176,95.806976,4.843469,0.550008,-0.054530,0.603551,-0.574668,14.868176,81.764252,7.042307,-0.083998,0.876209,0.085955,0.466705,3.732496,117.679359,28.071609,0.548152,0.805188,0.213079,0.076148,12.883441,118.793045,41.912960,0.596802,0.683432,0.400446,-0.128032,22.482767,96.119522,39.163624,-0.810879,-0.423444,-0.354162,0.194267,27.244749,82.795906,26.964384,0.063323,0.915996,0.114315,0.379308,0.163945,82.786087,15.503719,0.060171,0.990939,0.039625,0.113357,-0.862092,48.948364,6.483729,-0.012961,0.971610,0.143067,0.187985,-5.928483,3.479594,2.248735,-0.027967,0.927282,-0.108491,0.357206,13.009414,83.387520,27.562437,0.064960,0.913160,-0.072767,0.395757,12.111096,49.232723,35.311447,-0.070671,0.846130,0.090710,0.520424,4.013865,4.161310,39.055042,-0.012961,0.971610,0.143067,0.187985,-0.695203,1.726857,-11.062199,-0.070671,0.846130,0.090710,0.520424,16.714775,1.585573,32.754829
1235,10.291667,-0.047171,0.926727,0.073581,0.365430,6.577534,83.091003,21.544613,-0.054809,0.910343,0.084459,0.401421,5.556910,90.208450,22.281153,-0.017587,0.908581,0.059425,0.413087,2.944602,105.479897,23.992188,0.043382,0.932912,0.066393,0.351261,1.498178,123.188141,25.659927,0.048009,0.959724,-0.006429,0.276738,3.132355,136.843369,26.456472,-0.082962,0.840164,0.142374,0.516693,-0.893458,117.801758,22.778845,-0.600415,0.426275,-0.319347,0.596497,-8.415140,117.930199,7.947432,0.616908,-0.227907,0.341828,-0.671295,2.302802,95.809616,4.849016,0.549893,-0.054578,0.603606,-0.574716,14.870408,81.767868,7.045165,-0.083966,0.876159,0.085985,0.466800,3.736709,117.681183,28.074831,0.548150,0.805128,0.213260,0.076299,12.884882,118.793083,41.918156,0.596972,0.683267,0.400514,-0.127908,22.483175,96.119011,39.169727,-0.810812,-0.423493,-0.354314,0.194164,27.239201,82.791962,26.969284,0.063237,0.915932,0.114421,0.379444,0.156432,82.794373,15.513316,0.060214,0.990920,0.039642,0.113494,-0.859885,48.957588,6.488727,-0.012634,0.971629,0.142982,0.187973,-5.929389,3.489411,2.251095,-0.028043,0.927268,-0.108351,0.357278,12.998637,83.387634,27.575911,0.064992,0.913188,-0.072736,0.395693,12.108196,49.231010,35.317795,-0.071398,0.846163,0.090093,0.520378,4.009738,4.159555,39.058250,-0.012634,0.971629,0.142982,0.187973,-0.698892,1.732558,-11.060385,-0.071398,0.846163,0.090093,0.520378,16.712845,1.579926,32.764065
1236,10.300000,-0.047096,0.926721,0.073558,0.365459,6.573238,83.094727,21.548828,-0.054677,0.910314,0.084430,0.401509,5.553720,90.212326,22.285437,-0.017556,0.908530,0.059483,0.413192,2.945779,105.481789,23.996765,0.043180,0.933350,0.066383,0.350123,1.499324,123.189835,25.666656,0.047200,0.960482,-0.006773,0.274227,3.127779,136.846069,26.457623,-0.082993,0.840104,0.142374,0.516785,-0.891763,117.803894,22.784273,-0.600510,0.426411,-0.319196,0.596386,-8.410110,117.932068,7.951164,0.616991,-0.227859,0.341878,-0.671209,2.306911,95.811684,4.848120,0.549747,-0.054707,0.603716,-0.574729,14.872321,81.772110,7.048202,-0.083923,0.876172,0.086181,0.466747,3.737196,117.682495,28.081295,0.548172,0.805071,0.213392,0.076369,12.887251,118.790260,41.923706,0.597161,0.683001,0.400613,-0.128129,22.483837,96.115608,39.174053,-0.809995,-0.425160,-0.354612,0.193384,27.227879,82.797333,26.967779,0.063221,0.915856,0.114404,0.379635,0.152382,82.799225,15.517211,0.060178,0.990936,0.039724,0.113344,-0.861476,48.962029,6.493883,-0.012730,0.971640,0.142875,0.187989,-5.927464,3.494054,2.249895,-0.028067,0.927291,-0.108348,0.357216,12.994094,83.390228,27.580446,0.064957,0.913205,-0.072638,0.395679,12.105821,49.233650,35.322758,-0.070658,0.846142,0.090819,0.520387,4.013830,4.160476,39.056442,-0.012730,0.971640,0.142875,0.187989,-0.695966,1.734658,-11.060858,-0.070658,0.846142,0.090819,0.520387,16.714397,1.587168,32.754551
1237,10.308333,-0.047122,0.926709,0.073541,0.365489,6.573471,83.095230,21.551720,-0.054645,0.910320,0.084328,0.401522,5.553662,90.212822,22.287931,-0.017382,0.908535,0.059563,0.413175,2.948045,105.481934,23.996649,0.042896,0.933849,0.066558,0.348792,1.506071,123.189842,25.671715,0.046431,0.961304,-0.007102,0.271456,3.124807,136.847351,26.460583,-0.083017,0.840081,0.142470,0.516792,-0.886515,117.805336,22.787920,-0.600264,0.426330,-0.319371,0.596597,-8.404493,117.934608,7.954636,0.616897,-0.227799,0.341939,-0.671285,2.310380,95.813293,4.850825,0.549791,-0.054831,0.603621,-0.574774,14.874618,81.774117,7.051837,-0.083898,0.876126,0.086188,0.466836,3.742719,117.681267,28.084639,0.548206,0.804990,0.213575,0.076469,12.890159,118.787804,41.928879,0.597223,0.682894,0.400752,-0.127978,22.484100,96.112236,39.177574,-0.809976,-0.425137,-0.354777,0.193211,27.226883,82.792999,26.971458,0.063220,0.915864,0.114311,0.379642,0.153045,82.799240,15.519670,0.060131,0.990963,0.039855,0.113086,-0.863214,48.960556,6.502195,-0.012625,0.971633,0.142979,0.187956,-5.924643,3.493023,2.248088,-0.028043,0.927269,-0.108430,0.357252,12.993896,83.391220,27.583769,0.064992,0.913239,-0.072570,0.395606,12.101667,49.235798,35.330719,-0.071411,0.846151,0.090075,0.520399,4.009464,4.162127,39.058025,-0.012625,0.971633,0.142979,0.187956,-0.694641,1.736054,-11.063573,-0.071411,0.846151,0.090075,0.520399,16.712902,1.582255,32.764606
1238,10.316667,-0.047028,0.926686,0.073685,0.365529,6.575528,83.093628,21.550861,-0.054681,0.910307,0.084354,0.401543,5.556190,90.211044,22.289450,-0.017274,0.908535,0.059629,0.413172,2.948771,105.482391,23.998659,0.042574,0.934409,0.066521,0.347335,1.509321,123.190155,25.677460,0.045758,0.962182,-0.007356,0.268436,3.119295,136.849182,26.458052,-0.082967,0.840049,0.142536,0.516835,-0.884083,117.806587,22.792593,-0.600143,0.426360,-0.319449,0.596656,-8.400865,117.938675,7.958731,0.616779,-0.227771,0.341941,-0.671402,2.310263,95.815788,4.853190,0.549611,-0.054863,0.603720,-0.574839,14.875242,81.776375,7.052508,-0.083938,0.876096,0.086190,0.466885,3.745245,117.680756,28.089186,0.548234,0.804922,0.213737,0.076526,12.890951,118.788208,41.934498,0.597253,0.682859,0.400805,-0.127857,22.482967,96.112144,39.180511,-0.810017,-0.425038,-0.354808,0.193199,27.226034,82.790077,26.974869,0.063305,0.915752,0.114222,0.379926,0.155466,82.800171,15.518302,0.060169,0.990931,0.039843,0.113351,-0.865838,48.960800,6.503960,-0.012400,0.971612,0.143057,0.188019,-5.929704,3.493592,2.249196,-0.028021,0.927271,-0.108513,0.357224,12.995588,83.387085,27.583420,0.064977,0.913267,-0.072492,0.395559,12.100093,49.232830,35.335152,-0.070749,0.846125,0.090865,0.520395,4.012121,4.157946,39.056950,-0.012400,0.971612,0.143057,0.188019,-0.699617,1.737622,-11.062559,-0.070749,0.846125,0.090865,0.520395,16.713467,1.587138,32.755615
1239,10.325000,-0.047463,0.926690,0.074141,0.365371,6.580942,83.094093,21.546328,-0.054572,0.910315,0.084491,0.401509,5.553541,90.209938,22.288843,-0.017225,0.908525,0.059760,0.413177,2.947483,105.481400,24.003458,0.041895,0.934978,0.066718,0.345845,1.507701,123.188660,25.687214,0.045510,0.963043,-0.007977,0.265354,3.097494,136.850372,26.462170,-0.082805,0.839997,0.142459,0.516967,-0.885588,117.805862,22.800819,-0.600060,0.426366,-0.319471,0.596723,-8.398736,117.941925,7.965145,0.616643,-0.227803,0.341985,-0.671494,2.311474,95.818909,4.857344,0.549421,-0.055027,0.603760,-0.574963,14.874488,81.777924,7.054270,-0.083851,0.876154,0.086175,0.466794,3.743710,117.678627,28.097412,0.548281,0.804847,0.213887,0.076562,12.892725,118.784241,41.940689,0.597309,0.682753,0.400919,-0.127810,22.481890,96.107391,39.183254,-0.809910,-0.425176,-0.354961,0.193062,27.222363,82.787720,26.977358,0.063386,0.915728,0.114152,0.379991,0.159561,82.796272,15.515384,0.060145,0.990913,0.039834,0.113524,-0.868197,48.956501,6.503268,-0.012529,0.971605,0.143140,0.187985,-5.929277,3.488973,2.248682,-0.027903,0.927222,-0.108670,0.357310,13.002324,83.391914,27.577272,0.064949,0.913198,-0.072504,0.395719,12.094498,49.239594,35.336079,-0.071269,0.846151,0.090100,0.520414,4.007833,4.164532,39.058525,-0.012529,0.971605,0.143140,0.187985,-0.699066,1.736052,-11.063431,-0.071269,0.846151,0.090100,0.520414,16.710695,1.583123,32.764568
1240,10.333333,-0.046928,0.926810,0.074136,0.365138,6.563844,83.103050,21.547546,-0.054268,0.910364,0.084295,0.401481,5.543793,90.219643,22.293102,-0.017130,0.908517,0.059740,0.413200,2.950507,105.483223,24.005028,0.041692,0.935483,0.066582,0.344529,1.514043,123.190689,25.689503,0.044644,0.963840,-0.007987,0.262595,3.099106,136.853470,26.455215,-0.082870,0.839943,0.142664,0.516987,-0.880163,117.808472,22.802786,-0.599922,0.426371,-0.319598,0.596790,-8.392231,117.946480,7.966588,0.616490,-0.227784,0.342065,-0.671600,2.313730,95.821404,4.858829,0.549272,-0.054982,0.603782,-0.575087,14.875646,81.778015,7.055328,-0.083833,0.876104,0.086184,0.466891,3.748909,117.680122,28.099543,0.548304,0.804800,0.213974,0.076651,12.895006,118.784622,41.944824,0.597422,0.682673,0.400924,-0.127689,22.482258,96.106865,39.188187,-0.809868,-0.425092,-0.355122,0.193131,27.219687,82.781860,26.981730,0.063138,0.915531,0.114090,0.380525,0.138581,82.813522,15.520339,0.060105,0.990923,0.040005,0.113394,-0.869733,48.970554,6.518052,-0.012460,0.971688,0.142692,0.187898,-5.925914,3.503835,2.249020,-0.028060,0.927211,-0.108681,0.357325,12.989107,83.392578,27.574753,0.064918,0.913170,-0.072466,0.395796,12.091043,49.241047,35.338161,-0.071430,0.846168,0.089935,0.520393,4.008040,4.165107,39.057869,-0.012460,0.971688,0.142692,0.187898,-0.698958,1.737872,-11.062645,-0.071430,0.846168,0.089935,0.520393,16.711151,1.582152,32.765068
1241,10.341667,-0.047342,0.926678,0.074100,0.365426,6.577608,83.094490,21.551109,-0.054419,0.910304,0.084450,0.401564,5.551982,90.210594,22.293659,-0.017069,0.908503,0.059834,0.413220,2.950804,105.482033,24.008823,0.041391,0.936016,0.066836,0.343064,1.514896,123.189163,25.697205,0.043996,0.964708,-0.008486,0.259483,3.088928,136.853241,26.462448,-0.082796,0.839851,0.142846,0.517097,-0.879391,117.807686,22.809195,-0.599807,0.426391,-0.319689,0.596843,-8.388092,117.951653,7.971351,0.616365,-0.227791,0.342064,-0.671712,2.314148,95.824898,4.862762,0.549118,-0.055010,0.603880,-0.575128,14.876437,81.780449,7.056522,-0.083798,0.876143,0.086162,0.466826,3.749479,117.677986,28.106094,0.548316,0.804725,0.214181,0.076765,12.897775,118.782112,41.949951,0.597378,0.682654,0.401017,-0.127700,22.483488,96.103897,39.191830,-0.809959,-0.424983,-0.354965,0.193276,27.223127,82.780022,26.982780,0.063408,0.915621,0.114075,0.380270,0.156739,82.798447,15.519539,0.060106,0.990914,0.039932,0.113502,-0.871736,48.957638,6.511424,-0.012650,0.971617,0.143076,0.187964,-5.928331,3.490397,2.248412,-0.027909,0.927218,-0.108801,0.357282,12.998477,83.390533,27.582682,0.064991,0.913260,-0.072308,0.395605,12.087947,49.240227,35.350025,-0.071334,0.846111,0.090048,0.520480,4.005300,4.163054,39.055546,-0.012650,0.971617,0.143076,0.187964,-0.697858,1.736297,-11.063438,-0.071334,0.846111,0.090048,0.520480,16.709370,1.581413,32.764137
1242,10.350000,-0.047331,0.926630,0.074048,0.365558,6.582750,83.092903,21.553888,-0.054532,0.910269,0.084572,0.401601,5.557443,90.209129,22.295649,-0.016977,0.908504,0.059809,0.413225,2.950864,105.483185,24.013092,0.041106,0.936547,0.066896,0.341637,1.518300,123.190544,25.702038,0.043262,0.965538,-0.008692,0.256494,3.083566,136.855927,26.462099,-0.082804,0.839861,0.142732,0.517112,-0.877006,117.809608,22.813854,-0.599805,0.426392,-0.319590,0.596897,-8.385148,117.951431,7.975699,0.616268,-0.227826,0.342191,-0.671725,2.320205,95.826752,4.862974,0.548966,-0.055081,0.603924,-0.575220,14.877092,81.780632,7.057179,-0.083712,0.876155,0.086147,0.466822,3.751845,117.678856,28.110752,0.548350,0.804721,0.214154,0.076642,12.900765,118.780746,41.954388,0.597597,0.682509,0.400955,-0.127649,22.485575,96.102699,39.191681,-0.809755,-0.425257,-0.355237,0.193027,27.215242,82.777313,26.984478,0.063362,0.915599,0.114175,0.380301,0.163570,82.796913,15.520510,0.060952,0.990615,0.039660,0.115729,-0.858964,48.957298,6.507244,-0.012544,0.971381,0.142832,0.189371,-5.985573,3.497472,2.248841,-0.027853,0.927246,-0.108761,0.357226,13.001930,83.388893,27.587267,0.064962,0.913261,-0.072311,0.395607,12.089248,49.237762,35.350739,-0.071138,0.846147,0.090317,0.520401,4.008834,4.160285,39.057594,-0.012544,0.971381,0.142832,0.189371,-0.719081,1.735316,-11.047741,-0.071138,0.846147,0.090317,0.520401,16.711258,1.582114,32.761421
1243,10.358333,-0.047263,0.926611,0.074030,0.365621,6.583087,83.093452,21.556238,-0.054507,0.910244,0.084603,0.401657,5.558732,90.209808,22.298052,-0.016826,0.908486,0.059792,0.413273,2.952298,105.484077,24.016565,0.041075,0.937048,0.066609,0.340320,1.524788,123.191689,25.707119,0.042122,0.966329,-0.008621,0.253691,3.091114,136.857574,26.455683,-0.082846,0.839846,0.142912,0.517080,-0.871856,117.811729,22.818214,-0.599599,0.426398,-0.319714,0.597033,-8.380879,117.955383,7.980519,0.616198,-0.227784,0.342197,-0.671801,2.320260,95.829048,4.865155,0.548971,-0.055295,0.603752,-0.575376,14.877722,81.783356,7.059005,-0.083532,0.876179,0.086041,0.466829,3.756516,117.679123,28.115484,0.548379,0.804683,0.214216,0.076659,12.906212,118.777466,41.958893,0.597518,0.682561,0.400970,-0.127700,22.489326,96.098885,39.194725,-0.809900,-0.424966,-0.355077,0.193355,27.222136,82.775002,26.986662,0.063425,0.915550,0.114129,0.380420,0.164596,82.798553,15.522075,0.060938,0.990561,0.039645,0.116206,-0.862074,48.958763,6.509933,-0.012424,0.971377,0.142867,0.189374,-5.985524,3.498673,2.250538,-0.027863,0.927249,-0.108805,0.357205,13.001579,83.388351,27.590403,0.064998,0.913301,-0.072223,0.395525,12.088589,49.237923,35.356926,-0.071264,0.846127,0.090248,0.520429,4.008670,4.159707,39.055809,-0.012424,0.971377,0.142867,0.189374,-0.719796,1.736878,-11.046394,-0.071264,0.846127,0.090248,0.520429,16.712090,1.581817,32.761536
1244,10.366667,-0.047212,0.926701,0.074399,0.365323,6.576744,83.099541,21.551752,-0.054308,0.910268,0.084665,0.401615,5.551382,90.215179,22.299089,-0.016811,0.908466,0.059834,0.413313,2.950950,105.483627,24.021290,0.040728,0.937578,0.066905,0.338839,1.523226,123.191071,25.713354,0.041614,0.967173,-0.009115,0.250524,3.076911,136.858398,26.462196,-0.082766,0.839758,0.142870,0.517247,-0.873146,117.811371,22.823742,-0.599353,0.426336,-0.319866,0.597244,-8.376866,117.957581,7.983394,0.615938,-0.227737,0.342286,-0.672010,2.322095,95.830467,4.866042,0.548700,-0.055325,0.603871,-0.575505,14.878407,81.782738,7.058047,-0.083385,0.876246,0.085976,0.466743,3.754765,117.678284,28.121399,0.548325,0.804703,0.214271,0.076692,12.907958,118.773781,41.962719,0.597645,0.682431,0.400983,-0.127754,22.493792,96.096291,39.199036,-0.809868,-0.425006,-0.355102,0.193354,27.220778,82.771873,26.986992,0.063252,0.915424,0.114014,0.380786,0.154331,82.807404,15.521627,0.060900,0.990639,0.039847,0.115492,-0.860805,48.964252,6.520814,-0.012697,0.971424,0.142540,0.189358,-5.981688,3.505215,2.247153,-0.027955,0.927225,-0.108998,0.357201,12.999156,83.391685,27.581877,0.064997,0.913351,-0.072167,0.395420,12.087274,49.244576,35.363102,-0.071214,0.846191,0.090057,0.520365,4.009884,4.165611,39.058277,-0.012697,0.971424,0.142540,0.189358,-0.714725,1.735571,-11.048245,-0.071214,0.846191,0.090057,0.520365,16.711584,1.582287,32.762772
1245,10.375000,-0.047180,0.926645,0.074307,0.365489,6.581140,83.094963,21.553484,-0.054437,0.910237,0.084780,0.401644,5.556551,90.210846,22.299585,-0.016719,0.908475,0.059859,0.413293,2.950059,105.483711,24.023920,0.040361,0.938148,0.066911,0.337300,1.525017,123.191162,25.718164,0.040906,0.968017,-0.009233,0.247355,3.068191,136.860077,26.459438,-0.082707,0.839728,0.142906,0.517294,-0.872301,117.812157,22.828045,-0.599260,0.426338,-0.319941,0.597294,-8.374716,117.960930,7.987062,0.615862,-0.227752,0.342286,-0.672074,2.321745,95.832664,4.869335,0.548625,-0.055484,0.603838,-0.575597,14.877007,81.785271,7.059263,-0.083323,0.876287,0.085982,0.466674,3.755882,117.677773,28.125435,0.548427,0.804639,0.214252,0.076677,12.911548,118.771675,41.965244,0.597773,0.682259,0.401090,-0.127737,22.491919,96.092041,39.200169,-0.809723,-0.425281,-0.355323,0.192949,27.212584,82.770691,26.987108,0.063331,0.915380,0.113971,0.380892,0.160817,82.803024,15.521126,0.060910,0.990586,0.039805,0.115956,-0.859489,48.959885,6.520851,-0.012443,0.971403,0.142768,0.189312,-5.979811,3.500658,2.248529,-0.027897,0.927263,-0.109014,0.357102,13.001463,83.386909,27.585840,0.065036,0.913422,-0.072116,0.395259,12.086301,49.239807,35.366726,-0.071265,0.846128,0.090148,0.520444,4.008132,4.160625,39.057617,-0.012443,0.971403,0.142768,0.189312,-0.715664,1.736182,-11.048671,-0.071265,0.846128,0.090148,0.520444,16.711515,1.580335,32.764263
