Frame,Time (Seconds),Hip.rotX,Hip.rotY,Hip.rotZ,Hip.rotW,Hip.posX,Hip.posY,Hip.posZ,Ab.rotX,Ab.rotY,Ab.rotZ,Ab.rotW,Ab.posX,Ab.posY,Ab.posZ,Chest.rotX,Chest.rotY,Chest.rotZ,Chest.rotW,Chest.posX,Chest.posY,Chest.posZ,Neck.rotX,Neck.rotY,Neck.rotZ,Neck.rotW,Neck.posX,Neck.posY,Neck.posZ,Head.rotX,Head.rotY,Head.rotZ,Head.rotW,Head.posX,Head.posY,Head.posZ,LShoulder.rotX,LShoulder.rotY,LShoulder.rotZ,LShoulder.rotW,LShoulder.posX,LShoulder.posY,LShoulder.posZ,LUArm.rotX,LUArm.rotY,LUArm.rotZ,LUArm.rotW,LUArm.posX,LUArm.posY,LUArm.posZ,LFArm.rotX,LFArm.rotY,LFArm.rotZ,LFArm.rotW,LFArm.posX,LFArm.posY,LFArm.posZ,LHand.rotX,LHand.rotY,LHand.rotZ,LHand.rotW,LHand.posX,LHand.posY,LHand.posZ,RShoulder.rotX,RShoulder.rotY,RShoulder.rotZ,RShoulder.rotW,RShoulder.posX,RShoulder.posY,RShoulder.posZ,RUArm.rotX,RUArm.rotY,RUArm.rotZ,RUArm.rotW,RUArm.posX,RUArm.posY,RUArm.posZ,RFArm.rotX,RFArm.rotY,RFArm.rotZ,RFArm.rotW,RFArm.posX,RFArm.posY,RFArm.posZ,RHand.rotX,RHand.rotY,RHand.rotZ,RHand.rotW,RHand.posX,RHand.posY,RHand.posZ,LThigh.rotX,LThigh.rotY,LThigh.rotZ,LThigh.rotW,LThigh.posX,LThigh.posY,LThigh.posZ,LShin.rotX,LShin.rotY,LShin.rotZ,LShin.rotW,LShin.posX,LShin.posY,LShin.posZ,LFoot.rotX,LFoot.rotY,LFoot.rotZ,LFoot.rotW,LFoot.posX,LFoot.posY,LFoot.posZ,RThigh.rotX,RThigh.rotY,RThigh.rotZ,RThigh.rotW,RThigh.posX,RThigh.posY,RThigh.posZ,RShin.rotX,RShin.rotY,RShin.rotZ,RShin.rotW,RShin.posX,RShin.posY,RShin.posZ,RFoot.rotX,RFoot.rotY,RFoot.rotZ,RFoot.rotW,RFoot.posX,RFoot.posY,RFoot.posZ,LToe.rotX,LToe.rotY,LToe.rotZ,LToe.rotW,LToe.posX,LToe.posY,LToe.posZ,RToe.rotX,RToe.rotY,RToe.rotZ,RToe.rotW, RToe.posX, RToe.posY, RToe.posZ
0,0.0,-0.04005,0.875352,0.043837,0.479826,-0.270119,87.947792,19.362225,-0.025045,0.872926,0.12222,0.471631,-1.161097,95.833878,19.666494,0.00077,0.878451,0.075442,0.471839,-4.152493,114.060867,23.236271,0.132097,0.933926,-0.066411,0.325458,-5.736216,136.479431,26.258421,0.133491,0.95733,-0.217264,0.136001,-0.239534,150.428696,24.17737,-0.036383,0.838322,0.131587,0.527805,-8.083625,131.301208,22.657585,0.349243,-0.610203,0.184214,-0.686839,-15.437288,132.602631,7.714367,0.25584,-0.031522,-0.354273,-0.898912,-10.817574,115.860703,-9.773968,0.29544,0.120115,-0.524204,-0.789619,7.592905,131.160828,-15.638389,-0.054934,0.925613,0.181039,0.327793,-3.786896,130.739304,29.077545,0.411725,0.854715,0.214407,-0.232325,9.227736,130.455475,39.546959,0.076625,0.205991,0.533226,-0.816925,22.857927,115.563988,25.407028,0.129147,-0.024883,0.579512,-0.804281,13.883904,137.311584,14.573312,0.031927,0.874242,0.15906,0.457583,-5.464681,87.676132,11.192093,0.131378,0.932932,-0.01158,0.335028,-2.227449,53.50243,0.105862,0.00619,0.93835,0.012063,0.345419,-14.087475,8.236492,-3.009284,-0.050781,0.854473,-0.035898,0.51576,4.924442,88.219452,27.532356,0.016837,0.832579,-0.136944,0.536447,6.719142,52.425949,31.634829,-0.019692,0.823031,0.021904,0.567233,-1.486151,7.314098,41.481796,0.00619,0.93835,0.012063,0.345419,-4.688083,2.210027,-14.235854,-0.019692,0.823031,0.021904,0.567233,12.426801,1.877848,36.230171
1,0.008333,-0.040029,0.875336,0.043891,0.479852,-0.26622,87.949326,19.361916,-0.024929,0.872895,0.122284,0.471677,-1.157322,95.835358,19.66707,0.000763,0.878416,0.075409,0.471909,-4.145891,114.06002,23.24044,0.131835,0.933891,-0.066273,0.325691,-5.729457,136.478806,26.260979,0.133961,0.957024,-0.218131,0.136305,-0.240212,150.431442,24.182751,-0.036402,0.838244,0.131488,0.527952,-8.076446,131.300446,22.660088,0.349379,-0.610364,0.184307,-0.686601,-15.424877,132.600327,7.714158,0.255874,-0.03136,-0.354375,-0.898868,-10.816528,115.85051,-9.769629,0.295546,0.120038,-0.524339,-0.789501,7.59134,131.156723,-15.628844,-0.055106,0.925601,0.181231,0.32769,-3.780745,130.7388,29.080761,0.411853,0.854755,0.21422,-0.232122,9.235514,130.458771,39.548256,0.076858,0.205972,0.533207,-0.81692,22.865122,115.556763,25.418848,0.129204,-0.025071,0.579775,-0.804076,13.890703,137.29834,14.580906,0.031975,0.874198,0.159037,0.457671,-5.460335,87.678566,11.191472,0.13139,0.93293,-0.011602,0.335029,-2.225782,53.504551,0.105418,0.006137,0.938333,0.012108,0.345465,-14.08756,8.238962,-3.008127,-0.050852,0.854459,-0.035844,0.51578,4.927895,88.220085,27.53236,0.016903,0.83259,-0.137176,0.536368,6.728873,52.426826,31.634205,-0.019748,0.823184,0.021741,0.567014,-1.49228,7.321155,41.496269,0.006137,0.938333,0.012108,0.345465,-4.686263,2.214249,-14.23404,-0.019748,0.823184,0.021741,0.567014,12.417423,1.881831,36.239216
2,0.016667,-0.039617,0.875367,0.043642,0.479852,-0.282941,87.958191,19.365841,-0.02494,0.872936,0.122432,0.471562,-1.166437,95.845093,19.670696,0.000983,0.878531,0.075025,0.471757,-4.154645,114.050888,23.245577,0.131553,0.933816,-0.066219,0.326032,-5.720684,136.472275,26.255951,0.134179,0.956725,-0.218788,0.137131,-0.238257,150.42775,24.178822,-0.036208,0.838225,0.131542,0.527982,-8.072909,131.293884,22.658518,0.349487,-0.610221,0.18461,-0.686592,-15.420729,132.600266,7.712854,0.255932,-0.031347,-0.354549,-0.898783,-10.8093,115.839508,-9.759627,0.295632,0.120033,-0.524581,-0.789309,7.591879,131.151443,-15.621087,-0.055237,0.925479,0.181236,0.328012,-3.774987,130.732208,29.077703,0.412629,0.854514,0.213241,-0.232535,9.233729,130.45401,39.554626,0.076155,0.206239,0.53404,-0.816374,22.822382,115.517365,25.42234,0.12908,-0.025004,0.579354,-0.804402,13.89614,137.294281,14.590732,0.031786,0.874058,0.159087,0.457934,-5.477694,87.692085,11.195647,0.131396,0.932956,-0.011508,0.334957,-2.226204,53.518368,0.113642,0.006164,0.938355,0.011781,0.345417,-14.085735,8.252705,-3.007384,-0.050943,0.854347,-0.03574,0.515964,4.911813,88.224304,27.536034,0.016818,0.832383,-0.136923,0.536757,6.721364,52.431179,31.635267,-0.02092,0.823077,0.020776,0.567163,-1.485056,7.318738,41.478626,0.006164,0.938355,0.011781,0.345417,-4.687341,2.218731,-14.230758,-0.02092,0.823077,0.020776,0.567163,12.431575,1.875747,36.243748
3,0.025,-0.040372,0.875339,0.044222,0.479788,-0.253745,87.949928,19.362858,-0.025062,0.872874,0.122551,0.47164,-1.15209,95.83506,19.670046,0.000999,0.878456,0.074999,0.471899,-4.148365,114.049675,23.248322,0.131395,0.933644,-0.06653,0.326523,-5.713726,136.471237,26.25775,0.134282,0.956445,-0.219407,0.137993,-0.230911,150.425583,24.174017,-0.036138,0.838244,0.131407,0.52799,-8.065185,131.292938,22.659674,0.349634,-0.61021,0.184765,-0.686485,-15.412919,132.598953,7.713936,0.256057,-0.031266,-0.354658,-0.898708,-10.80365,115.829674,-9.750949,0.295793,0.120005,-0.52479,-0.789114,7.593,131.145081,-15.611963,-0.055215,0.925409,0.181171,0.328246,-3.769346,130.731094,29.080233,0.412617,0.854538,0.213127,-0.232569,9.234312,130.451385,39.563389,0.07592,0.20638,0.534039,-0.816361,22.822662,115.513802,25.431808,0.128737,-0.024939,0.579318,-0.804485,13.899062,137.29306,14.600468,0.032091,0.87414,0.159078,0.45776,-5.448522,87.676376,11.192928,0.131516,0.932823,-0.011738,0.335271,-2.218786,53.503841,0.100915,0.005997,0.938282,0.012164,0.345605,-14.094755,8.241645,-3.007829,-0.050731,0.854352,-0.035918,0.515965,4.941032,88.223473,27.532785,0.016898,0.832411,-0.137179,0.536645,6.730963,52.42971,31.635088,-0.020776,0.823316,0.020828,0.56682,-1.493183,7.3241,41.494923,0.005997,0.938282,0.012164,0.345605,-4.688281,2.219815,-14.230951,-0.020776,0.823316,0.020828,0.56682,12.418077,1.879879,36.24707
4,0.033333,-0.040297,0.875363,0.044268,0.479747,-0.251844,87.950142,19.363636,-0.024964,0.872838,0.122558,0.47171,-1.14949,95.835304,19.672073,0.001003,0.878396,0.074977,0.472015,-4.14286,114.049271,23.251925,0.131136,0.933486,-0.066841,0.327017,-5.708001,136.470978,26.260355,0.134534,0.956114,-0.220109,0.13892,-0.227548,150.425095,24.16905,-0.036266,0.838328,0.131045,0.527938,-8.058757,131.292694,22.661802,0.349806,-0.610206,0.18467,-0.686427,-15.408005,132.588394,7.715906,0.256183,-0.031096,-0.35475,-0.898641,-10.79674,115.817772,-9.747163,0.295975,0.119889,-0.524919,-0.788977,7.596243,131.137253,-15.603635,-0.055054,0.925337,0.18115,0.328489,-3.764611,130.73082,29.083496,0.412457,0.85457,0.213389,-0.232496,9.234324,130.444748,39.572342,0.075847,0.206335,0.533976,-0.816421,22.830835,115.515495,25.439829,0.12856,-0.025023,0.579542,-0.804349,13.90313,137.293716,14.612493,0.032335,0.874005,0.159037,0.458014,-5.447501,87.678223,11.194207,0.131421,0.932716,-0.011784,0.335604,-2.231236,53.505886,0.097667,0.006129,0.938226,0.012286,0.345751,-14.09941,8.241454,-3.008271,-0.050663,0.854262,-0.035975,0.516116,4.943814,88.222054,27.533064,0.016883,0.832117,-0.137018,0.537144,6.726697,52.428089,31.63665,-0.020845,0.82306,0.020984,0.567183,-1.494136,7.318288,41.480072,0.006129,0.938226,0.012286,0.345751,-4.690449,2.221642,-14.230396,-0.020845,0.82306,0.020984,0.567183,12.423326,1.879128,36.243416
5,0.041667,-0.040325,0.875324,0.044309,0.479811,-0.247522,87.951332,19.364241,-0.024908,0.87278,0.12259,0.471811,-1.145889,95.836403,19.672979,0.000997,0.878337,0.074943,0.472131,-4.138255,114.049301,23.254347,0.130886,0.933334,-0.06703,0.327511,-5.703266,136.471252,26.261118,0.134924,0.955746,-0.220903,0.139809,-0.226007,150.426025,24.165644,-0.036225,0.838337,0.13096,0.527947,-8.053298,131.292862,22.662245,0.350168,-0.610177,0.184704,-0.686259,-15.402325,132.588226,7.716213,0.256503,-0.03096,-0.354814,-0.898529,-10.789943,115.807594,-9.736938,0.296221,0.119778,-0.525024,-0.788832,7.601727,131.129547,-15.593759,-0.054983,0.925267,0.181222,0.328658,-3.760842,130.731171,29.085085,0.412523,0.854499,0.21369,-0.232364,9.234649,130.440964,39.578083,0.075479,0.206494,0.534099,-0.816334,22.831526,115.512421,25.445145,0.127915,-0.024893,0.579334,-0.804605,13.914188,137.296295,14.622007,0.032363,0.874016,0.159001,0.458005,-5.441937,87.67942,11.194021,0.131466,0.932714,-0.011785,0.335592,-2.228816,53.506386,0.098708,0.006112,0.938207,0.012266,0.345803,-14.100935,8.243066,-3.008413,-0.050614,0.854194,-0.035991,0.516232,4.946892,88.223244,27.534462,0.016884,0.832133,-0.136986,0.537127,6.725579,52.428997,31.637451,-0.021061,0.82307,0.020914,0.567164,-1.493547,7.318375,41.478561,0.006112,0.938207,0.012266,0.345803,-4.690646,2.22285,-14.229211,-0.021061,0.82307,0.020914,0.567164,12.425257,1.88116,36.243446
6,0.05,-0.04028,0.875315,0.044196,0.479843,-0.247412,87.954201,19.368282,-0.024897,0.87274,0.122657,0.471869,-1.144308,95.839485,19.675762,0.001063,0.878302,0.074882,0.472205,-4.136921,114.046799,23.258308,0.130529,0.933214,-0.067238,0.327952,-5.698241,136.469147,26.263916,0.13537,0.955373,-0.221685,0.140688,-0.227096,150.425385,24.162317,-0.036167,0.83836,0.130934,0.527921,-8.048676,131.291061,22.664892,0.350584,-0.610089,0.184658,-0.686137,-15.398765,132.587463,7.719477,0.256872,-0.030869,-0.354853,-0.898412,-10.780269,115.798508,-9.72404,0.296409,0.119657,-0.525183,-0.788674,7.608935,131.119583,-15.583132,-0.055032,0.925225,0.181211,0.328776,-3.757316,130.728836,29.088417,0.412813,0.854304,0.214183,-0.232112,9.235404,130.439453,39.584866,0.07545,0.206378,0.534442,-0.816142,22.826258,115.505684,25.451675,0.127802,-0.024982,0.579301,-0.804645,13.9252,137.30011,14.634621,0.032361,0.874006,0.159,0.458024,-5.441319,87.68203,11.19775,0.131505,0.932687,-0.011776,0.335653,-2.227828,53.508972,0.102626,0.005999,0.938206,0.012167,0.345811,-14.102822,8.246604,-3.007266,-0.05058,0.85418,-0.036057,0.516254,4.946494,88.226364,27.538813,0.016814,0.832225,-0.136816,0.537029,6.720561,52.432228,31.644672,-0.022424,0.823099,0.020439,0.567087,-1.483411,7.317028,41.477417,0.005999,0.938206,0.012167,0.345811,-4.691462,2.224775,-14.226296,-0.022424,0.823099,0.020439,0.567087,12.444225,1.891371,36.253822
7,0.058333,-0.040263,0.875293,0.044225,0.47988,-0.243884,87.957504,19.369337,-0.024899,0.872684,0.122695,0.471962,-1.140773,95.842773,19.677309,0.001107,0.878246,0.074868,0.472312,-4.133927,114.046455,23.260057,0.130267,0.933047,-0.067466,0.328485,-5.693559,136.468903,26.265869,0.135727,0.954986,-0.222499,0.141687,-0.225419,150.425552,24.159184,-0.036053,0.838379,0.130788,0.527936,-8.043707,131.291138,22.666166,0.35071,-0.610013,0.184906,-0.686073,-15.393552,132.588211,7.720685,0.25707,-0.030836,-0.354797,-0.898378,-10.774991,115.788963,-9.712915,0.296527,0.119651,-0.525313,-0.788544,7.617565,131.10817,-15.573689,-0.055038,0.925192,0.181184,0.328882,-3.753905,130.728287,29.090679,0.412714,0.85433,0.21467,-0.231742,9.236447,130.43869,39.590054,0.075669,0.206295,0.534464,-0.816128,22.839787,115.510193,25.463305,0.127647,-0.025683,0.579582,-0.804445,13.939651,137.2995,14.645555,0.032473,0.87399,0.158924,0.458071,-5.437118,87.685951,11.198356,0.131457,0.932645,-0.011775,0.335789,-2.232605,53.511665,0.104395,0.005967,0.938204,0.012194,0.345815,-14.103016,8.248112,-3.005826,-0.050516,0.853986,-0.036004,0.516585,4.949349,88.229065,27.540319,0.016746,0.832059,-0.136844,0.537281,6.71988,52.434181,31.641245,-0.022707,0.823089,0.020268,0.567096,-1.48314,7.319465,41.477013,0.005967,0.938204,0.012194,0.345815,-4.691083,2.227342,-14.224947,-0.022707,0.823089,0.020268,0.567096,12.446217,1.894466,36.257317
8,0.066667,-0.040279,0.875277,0.044278,0.479904,-0.240028,87.961182,19.369654,-0.024714,0.872643,0.122714,0.472043,-1.137551,95.846352,19.678207,0.000971,0.878178,0.074862,0.472438,-4.1248,114.047005,23.26399,0.12999,0.932857,-0.067644,0.329098,-5.690193,136.469498,26.266426,0.136176,0.954554,-0.223376,0.142783,-0.225589,150.427032,24.156479,-0.036695,0.837684,0.131759,0.528753,-8.03812,131.290771,22.666672,0.350274,-0.610141,0.185934,-0.685905,-15.357561,132.591431,7.706589,0.256732,-0.030714,-0.354884,-0.898445,-10.765481,115.769852,-9.712471,0.296727,0.119622,-0.525396,-0.788418,7.626644,131.098007,-15.563837,-0.054904,0.925128,0.18105,0.329158,-3.750165,130.729675,29.092567,0.412695,0.854299,0.214994,-0.231591,9.234612,130.435638,39.598717,0.075549,0.206303,0.534646,-0.816018,22.842178,115.510689,25.47226,0.127594,-0.025817,0.579745,-0.804331,13.952516,137.305374,14.658237,0.032522,0.874029,0.158832,0.458026,-5.432794,87.689873,11.198366,0.131504,0.932362,-0.011884,0.336552,-2.234998,53.513718,0.108238,0.006008,0.938147,0.012287,0.345967,-14.110268,8.25156,-3.003647,-0.050438,0.853927,-0.036115,0.516682,4.952737,88.232491,27.540939,0.016604,0.831638,-0.136744,0.537963,6.713849,52.437614,31.646023,-0.022535,0.823058,0.020499,0.56714,-1.481184,7.319894,41.474648,0.006008,0.938147,0.012287,0.345967,-4.694806,2.232884,-14.220929,-0.022535,0.823058,0.020499,0.56714,12.448519,1.897607,36.253063
9,0.075,-0.040257,0.875256,0.044403,0.479933,-0.236928,87.964172,19.368458,-0.024705,0.872613,0.122735,0.472093,-1.135099,95.849197,19.678886,0.000932,0.87814,0.074861,0.472509,-4.12233,114.047813,23.264969,0.12966,0.932667,-0.068197,0.329652,-5.6895,136.470322,26.266401,0.136821,0.95411,-0.224084,0.144016,-0.226705,150.426361,24.141943,-0.036561,0.83773,0.131658,0.528714,-8.036531,131.291336,22.666431,0.350785,-0.610025,0.18589,-0.685759,-15.357664,132.593719,7.707328,0.257223,-0.030571,-0.35482,-0.898334,-10.757783,115.761635,-9.699507,0.296917,0.11959,-0.525339,-0.788389,7.635279,131.084686,-15.551599,-0.055155,0.925089,0.18124,0.329121,-3.749618,130.730698,29.09306,0.412754,0.854356,0.214836,-0.231419,9.235062,130.44249,39.599483,0.075292,0.206404,0.534766,-0.815937,22.844128,115.510246,25.482201,0.127425,-0.025759,0.580108,-0.804098,13.962981,137.310928,14.671013,0.03255,0.873986,0.158738,0.458138,-5.429196,87.694443,11.196804,0.131574,0.932375,-0.011866,0.33649,-2.234966,53.516258,0.111923,0.00596,0.938107,0.012272,0.346077,-14.115849,8.255771,-3.002974,-0.050544,0.853904,-0.036165,0.516706,4.95534,88.233902,27.540112,0.016701,0.831684,-0.136927,0.537842,6.720942,52.440052,31.652191,-0.023217,0.823384,0.020239,0.566649,-1.48942,7.327348,41.491028,0.00596,0.938107,0.012272,0.346077,-4.697276,2.237133,-14.217665,-0.023217,0.823384,0.020239,0.566649,12.438848,1.910203,36.260292
10,0.083333,-0.040228,0.875257,0.044309,0.479941,-0.236332,87.968361,19.371237,-0.024641,0.872575,0.122736,0.472167,-1.133406,95.853554,19.680576,0.000902,0.878085,0.074835,0.472615,-4.117954,114.046768,23.26647,0.129406,0.932442,-0.068545,0.330315,-5.68611,136.469452,26.266041,0.137252,0.953634,-0.225031,0.145279,-0.224497,150.424835,24.134254,-0.036536,0.837681,0.131718,0.528778,-8.032213,131.290192,22.665844,0.350939,-0.609918,0.186181,-0.685695,-15.351152,132.594696,7.705853,0.257411,-0.030513,-0.354719,-0.898322,-10.750216,115.750542,-9.68904,0.297006,0.119532,-0.525187,-0.788466,7.646029,131.068954,-15.540357,-0.055164,0.925047,0.181214,0.329252,-3.746842,130.730042,29.093546,0.412804,0.854338,0.215079,-0.231171,9.234921,130.441513,39.603561,0.075132,0.206514,0.534892,-0.815842,22.847618,115.507675,25.491476,0.127162,-0.025637,0.580308,-0.803999,13.975257,137.313705,14.679946,0.032584,0.873944,0.158722,0.458223,-5.428482,87.698242,11.199521,0.131611,0.932355,-0.011855,0.33653,-2.235832,53.519867,0.11477,0.006004,0.938081,0.012246,0.346148,-14.119406,8.260268,-3.002737,-0.050374,0.853703,-0.036163,0.517054,4.955818,88.23848,27.542952,0.016509,0.831378,-0.136671,0.538385,6.709395,52.443386,31.649336,-0.023227,0.82318,0.020339,0.56694,-1.479544,7.323503,41.473122,0.006004,0.938081,0.012246,0.346148,-4.699779,2.24046,-14.21591,-0.023227,0.82318,0.020339,0.56694,12.453118,1.909075,36.251278
11,0.091667,-0.040166,0.875274,0.044358,0.47991,-0.23389,87.969711,19.370306,-0.024617,0.872537,0.122817,0.472218,-1.130464,95.854912,19.680826,0.00097,0.878048,0.074743,0.472698,-4.115722,114.046524,23.269394,0.129262,0.932223,-0.068679,0.330961,-5.679461,136.469833,26.266634,0.137705,0.953122,-0.22619,0.146406,-0.218051,150.425217,24.134338,-0.036526,0.837767,0.131572,0.528679,-8.026086,131.290771,22.666512,0.351162,-0.609828,0.186312,-0.685626,-15.348545,132.592422,7.707992,0.257823,-0.030283,-0.35458,-0.898267,-10.74459,115.739334,-9.677452,0.297426,0.119483,-0.525127,-0.788355,7.657611,131.053268,-15.524059,-0.054918,0.924978,0.181109,0.329545,-3.741939,130.730255,29.094999,0.412538,0.854546,0.214568,-0.231352,9.234278,130.433395,39.611641,0.074641,0.20681,0.534921,-0.815792,22.853651,115.502617,25.502747,0.127096,-0.025597,0.580738,-0.803701,13.987376,137.317184,14.690429,0.032524,0.873892,0.15896,0.458242,-5.42671,87.701057,11.198965,0.131552,0.932379,-0.011501,0.336498,-2.22207,53.527843,0.10177,0.00617,0.938117,0.011859,0.346061,-14.089624,8.266038,-3.044472,-0.05033,0.853666,-0.036262,0.517113,4.95893,88.238358,27.541647,0.016491,0.831354,-0.136637,0.538432,6.705793,52.443462,31.652584,-0.0234,0.823152,0.020327,0.566974,-1.480586,7.322651,41.474216,0.00617,0.938117,0.011859,0.346061,-4.675675,2.233948,-14.255817,-0.0234,0.823152,0.020327,0.566974,12.454026,1.910853,36.254848
12,0.1,-0.039839,0.875323,0.044095,0.479872,-0.247029,87.977966,19.375463,-0.024454,0.87255,0.122709,0.47223,-1.13705,95.86396,19.684877,0.00096,0.878045,0.074674,0.472715,-4.113298,114.045868,23.270693,0.129025,0.932021,-0.069009,0.331553,-5.676002,136.46965,26.264959,0.138172,0.952632,-0.227188,0.147602,-0.215717,150.424377,24.125475,-0.036454,0.837809,0.131455,0.528647,-8.022769,131.290237,22.665434,0.351281,-0.609569,0.186742,-0.685679,-15.346539,132.591629,7.707533,0.25816,-0.030165,-0.354497,-0.898207,-10.734907,115.724457,-9.662199,0.297834,0.119467,-0.525042,-0.78826,7.67063,131.034775,-15.508408,-0.05488,0.924934,0.181036,0.329713,-3.738866,130.730347,29.094139,0.412607,0.85453,0.214746,-0.231125,9.233792,130.432007,39.615124,0.074381,0.207052,0.535074,-0.815655,22.855579,115.498291,25.511679,0.126749,-0.025409,0.580617,-0.803849,14.003197,137.31665,14.697567,0.032417,0.873767,0.158966,0.458488,-5.441062,87.712349,11.204797,0.131522,0.932382,-0.011378,0.336506,-2.226379,53.538765,0.111648,0.00631,0.938142,0.011592,0.345999,-14.08745,8.275938,-3.044474,-0.050496,0.853729,-0.036128,0.517004,4.947006,88.243591,27.546131,0.016562,0.831462,-0.136793,0.538224,6.709628,52.449203,31.654791,-0.02358,0.823297,0.020056,0.566766,-1.487619,7.332605,41.48674,0.00631,0.938142,0.011592,0.345999,-4.67775,2.235127,-14.254687,-0.02358,0.823297,0.020056,0.566766,12.444407,1.917224,36.264183
13,0.108333,-0.039817,0.875337,0.044098,0.479849,-0.244347,87.977989,19.374784,-0.024423,0.872536,0.122722,0.472254,-1.134088,95.863998,19.684441,0.00094,0.878024,0.074643,0.472759,-4.109718,114.046165,23.271202,0.129023,0.93178,-0.069565,0.332113,-5.672699,136.470154,26.263746,0.138418,0.952262,-0.227847,0.148741,-0.205259,150.420364,24.113091,-0.036416,0.837866,0.131346,0.528586,-8.019112,131.290497,22.664351,0.351436,-0.609342,0.187107,-0.685701,-15.345099,132.590698,7.707437,0.258496,-0.030038,-0.354397,-0.898154,-10.726552,115.71022,-9.647529,0.298179,0.119493,-0.524852,-0.788252,7.683253,131.016632,-15.492765,-0.055101,0.924862,0.181007,0.329896,-3.735851,130.731049,29.093519,0.412782,0.854504,0.214757,-0.230897,9.231964,130.438599,39.620636,0.074231,0.207327,0.5353,-0.81545,22.851801,115.49575,25.524982,0.126449,-0.025229,0.580988,-0.803634,14.017995,137.31839,14.704859,0.03242,0.8738,0.158914,0.458441,-5.438855,87.712738,11.204409,0.131523,0.932362,-0.011369,0.336561,-2.226694,53.537987,0.114139,0.006366,0.938142,0.01171,0.345994,-14.08734,8.27516,-3.043495,-0.050438,0.85371,-0.036201,0.517035,4.950161,88.243233,27.54516,0.016531,0.831457,-0.136772,0.538238,6.706301,52.448811,31.656242,-0.023524,0.823302,0.020198,0.566756,-1.487668,7.331586,41.488045,0.006366,0.938142,0.01171,0.345994,-4.677896,2.23704,-14.255372,-0.023524,0.823302,0.020198,0.566756,12.444578,1.918723,36.263474
14,0.116667,-0.039774,0.875359,0.043972,0.479824,-0.245454,87.9813,19.377768,-0.024293,0.872532,0.122648,0.472287,-1.133617,95.867546,19.686029,0.000949,0.877993,0.074632,0.472819,-4.103066,114.045967,23.271723,0.128793,0.931654,-0.069419,0.332587,-5.665705,136.470016,26.263922,0.138958,0.951766,-0.229107,0.149473,-0.20399,150.423248,24.118317,-0.036423,0.837909,0.131263,0.528538,-8.011805,131.290405,22.66424,0.351464,-0.609245,0.187449,-0.685679,-15.339499,132.588684,7.707994,0.258821,-0.029814,-0.354187,-0.898151,-10.721471,115.697685,-9.636857,0.298556,0.119683,-0.524705,-0.788178,7.696599,130.99733,-15.475225,-0.05522,0.924793,0.180893,0.330131,-3.729429,130.730865,29.093992,0.412966,0.854436,0.214884,-0.2307,9.232768,130.441803,39.628117,0.074085,0.207564,0.535533,-0.81525,22.849579,115.491936,25.536997,0.126156,-0.024941,0.581323,-0.803447,14.033505,137.320236,14.711791,0.032386,0.873804,0.158927,0.458432,-5.440481,87.715584,11.207737,0.131553,0.932438,-0.011326,0.336341,-2.225856,53.54097,0.117727,0.006351,0.938142,0.011636,0.345997,-14.088482,8.278788,-3.041809,-0.050389,0.853736,-0.036354,0.516986,4.949574,88.247017,27.5478,0.016539,0.831469,-0.136449,0.538301,6.697227,52.453033,31.666351,-0.023556,0.8231,0.020333,0.567043,-1.481926,7.327562,41.472607,0.006351,0.938142,0.011636,0.345997,-4.679122,2.238779,-14.252743,-0.023556,0.8231,0.020333,0.567043,12.455054,1.918606,36.256618
15,0.125,-0.039773,0.875363,0.043966,0.479817,-0.242631,87.985107,19.378601,-0.024285,0.872515,0.122629,0.472323,-1.130736,95.871361,19.686787,0.000942,0.877971,0.074609,0.472863,-4.099208,114.046738,23.271254,0.128618,0.931455,-0.069661,0.333163,-5.661757,136.470963,26.262316,0.139427,0.951271,-0.230169,0.150553,-0.200345,150.42366,24.112446,-0.036377,0.837953,0.131117,0.528508,-8.00759,131.291229,22.662628,0.351876,-0.60912,0.187555,-0.685551,-15.33646,132.588028,7.706829,0.259338,-0.029539,-0.354029,-0.898073,-10.71286,115.684464,-9.624298,0.298825,0.11982,-0.524591,-0.788131,7.710649,130.977768,-15.457111,-0.055274,0.924711,0.180871,0.330363,-3.725859,130.731888,29.092825,0.413133,0.854367,0.215245,-0.230321,9.231022,130.443207,39.633499,0.073965,0.207836,0.535788,-0.815024,22.849663,115.487801,25.550007,0.125932,-0.024638,0.581321,-0.803492,14.053893,137.320068,14.718461,0.032452,0.873812,0.158832,0.458445,-5.437799,87.71933,11.208662,0.131534,0.93242,-0.011277,0.336399,-2.230306,53.542854,0.122338,0.006125,0.93816,0.01159,0.345953,-14.089568,8.280105,-3.041585,-0.050268,0.853587,-0.036284,0.517248,4.952538,88.250885,27.54854,0.016402,0.831232,-0.136491,0.538661,6.694155,52.45565,31.658804,-0.023685,0.823063,0.020268,0.567094,-1.48062,7.330826,41.471664,0.006125,0.93816,0.01159,0.345953,-4.678844,2.241077,-14.2519,-0.023685,0.823063,0.020268,0.567094,12.457801,1.922488,36.258892
16,0.133333,-0.039757,0.875377,0.043978,0.479793,-0.240759,87.987091,19.37863,-0.024205,0.872502,0.122555,0.47237,-1.128724,95.873344,19.687134,0.000936,0.877942,0.074539,0.472928,-4.092885,114.045975,23.269787,0.12811,0.931332,-0.069531,0.333727,-5.654408,136.470657,26.257824,0.140391,0.95062,-0.231608,0.151562,-0.2057,150.428696,24.110317,-0.036362,0.838055,0.131055,0.528363,-8.000061,131.290634,22.658449,0.351913,-0.608942,0.187974,-0.685575,-15.334085,132.585999,7.705057,0.259645,-0.029309,-0.353781,-0.898089,-10.707566,115.670036,-9.61318,0.299133,0.119907,-0.524419,-0.788116,7.724843,130.954788,-15.437908,-0.055294,0.924603,0.180786,0.330707,-3.719287,130.731827,29.089325,0.413344,0.854297,0.215515,-0.229951,9.229896,130.442413,39.639431,0.073767,0.208252,0.536105,-0.814728,22.848322,115.478683,25.564608,0.125569,-0.024234,0.581474,-0.803451,14.078936,137.317032,14.722769,0.032499,0.873781,0.15881,0.458508,-5.436403,87.721672,11.208982,0.131556,0.932408,-0.011308,0.336423,-2.231791,53.544891,0.122754,0.007035,0.938119,0.012093,0.346029,-14.093828,8.282757,-3.039551,-0.050261,0.853703,-0.036348,0.517053,4.954885,88.25251,27.548277,0.016436,0.831277,-0.136461,0.538597,6.69457,52.457565,31.661856,-0.023727,0.823056,0.020257,0.567103,-1.480624,7.332078,41.471329,0.007035,0.938119,0.012093,0.346029,-4.689561,2.24858,-14.257892,-0.023727,0.823056,0.020257,0.567103,12.458235,1.924198,36.259251
17,0.141667,-0.039731,0.875398,0.043836,0.479769,-0.238654,87.987564,19.382635,-0.024279,0.872487,0.122573,0.472391,-1.125167,95.874054,19.689394,0.000958,0.877912,0.074449,0.472997,-4.09196,114.045204,23.270981,0.127879,0.931117,-0.069928,0.334333,-5.650918,136.47049,26.255819,0.140901,0.950098,-0.232662,0.152738,-0.202477,150.427277,24.099449,-0.036365,0.838053,0.13095,0.528392,-7.996744,131.290314,22.65679,0.351702,-0.608758,0.188641,-0.685663,-15.329745,132.583862,7.702731,0.259731,-0.029182,-0.353534,-0.898166,-10.704573,115.654037,-9.602326,0.299359,0.119963,-0.52421,-0.788161,7.738271,130.9319,-15.42033,-0.055228,0.924553,0.180655,0.330932,-3.716974,130.731781,29.088366,0.413682,0.854167,0.215898,-0.229466,9.22749,130.440323,39.644218,0.073239,0.209143,0.536526,-0.81427,22.843111,115.464188,25.579849,0.124542,-0.023421,0.580935,-0.804024,14.115325,137.312546,14.717087,0.032545,0.873766,0.158813,0.458534,-5.434783,87.721237,11.213322,0.13157,0.932375,-0.011286,0.336509,-2.232687,53.544746,0.125475,0.007067,0.938128,0.012058,0.346007,-14.09493,8.282903,-3.040279,-0.050217,0.853662,-0.036242,0.517133,4.957476,88.253899,27.551949,0.016494,0.831134,-0.136573,0.538788,6.698091,52.458084,31.657532,-0.023408,0.823025,0.020429,0.567155,-1.489511,7.335654,41.47073,0.007067,0.938128,0.012058,0.346007,-4.691719,2.247453,-14.258825,-0.023408,0.823025,0.020429,0.567155,12.448086,1.926543,36.256538
18,0.15,-0.039654,0.875405,0.043748,0.479771,-0.237346,87.987694,19.383474,-0.024242,0.872438,0.122627,0.47247,-1.122125,95.874405,19.689596,0.000994,0.877865,0.074373,0.473097,-4.088758,114.043739,23.273029,0.127658,0.930977,-0.06969,0.334858,-5.644988,136.469543,26.255461,0.141467,0.949554,-0.234052,0.153472,-0.202674,150.429932,24.107067,-0.03646,0.838105,0.130816,0.528335,-7.990818,131.289368,22.656408,0.351838,-0.608658,0.18889,-0.685613,-15.325573,132.577606,7.702753,0.2601,-0.028981,-0.353291,-0.898161,-10.699042,115.637466,-9.591849,0.299647,0.120134,-0.52395,-0.788198,7.75243,130.906219,-15.40414,-0.055213,0.924483,0.180513,0.331207,-3.712516,130.730789,29.088953,0.414048,0.854032,0.216215,-0.229011,9.225912,130.43866,39.652176,0.072865,0.209917,0.537067,-0.813748,22.836918,115.448616,25.598162,0.123838,-0.022831,0.580988,-0.804112,14.155632,137.307388,14.716305,0.03257,0.873792,0.158793,0.458489,-5.433543,87.72184,11.21419,0.131535,0.93241,-0.011233,0.336427,-2.234231,53.545021,0.126562,0.006279,0.93815,0.011616,0.345978,-14.092148,8.282214,-3.041648,-0.050274,0.853834,-0.036305,0.516838,4.958851,88.253555,27.552759,0.016623,0.831354,-0.136568,0.538445,6.701995,52.458477,31.663748,-0.023348,0.823136,0.020284,0.567001,-1.49138,7.336316,41.473343,0.006279,0.93815,0.011616,0.345978,-4.682494,2.242382,-14.25243,-0.023348,0.823136,0.020284,0.567001,12.442829,1.922587,36.254902
19,0.158333,-0.039862,0.875381,0.043776,0.479795,-0.225668,87.982681,19.383282,-0.024302,0.87236,0.122694,0.472593,-1.113552,95.86908,19.688181,0.000958,0.87781,0.074357,0.473202,-4.084631,114.042542,23.273239,0.127643,0.930774,-0.070211,0.335318,-5.642295,136.46846,26.254082,0.141761,0.949194,-0.234778,0.154314,-0.193825,150.424744,24.094654,-0.036426,0.838129,0.130674,0.528335,-7.987087,131.288025,22.654739,0.352484,-0.60855,0.188851,-0.685388,-15.321949,132.574661,7.701001,0.260834,-0.028718,-0.35317,-0.898005,-10.688207,115.620438,-9.577851,0.300069,0.120321,-0.523634,-0.788219,7.765257,130.880966,-15.388566,-0.055136,0.924433,0.180351,0.331448,-3.710328,130.729919,29.08835,0.414394,0.853944,0.216407,-0.228528,9.223056,130.435654,39.657692,0.072551,0.210555,0.537637,-0.813234,22.83079,115.429817,25.617373,0.123308,-0.022307,0.581959,-0.803506,14.194763,137.300491,14.720196,0.032674,0.873881,0.15875,0.458327,-5.421112,87.713608,11.213626,0.131559,0.932369,-0.011296,0.336529,-2.231834,53.53627,0.124682,0.006931,0.938142,0.012208,0.345967,-14.093389,8.274182,-3.040117,-0.05014,0.853861,-0.036388,0.516801,4.969776,88.251755,27.552938,0.016633,0.831399,-0.136561,0.538378,6.701774,52.456139,31.663946,-0.0237,0.823117,0.020127,0.56702,-1.491216,7.33383,41.473179,0.006931,0.938142,0.012208,0.345967,-4.688894,2.244203,-14.260525,-0.0237,0.823117,0.020127,0.56702,12.445564,1.922291,36.259342
20,0.166667,-0.03983,0.875358,0.043718,0.479844,-0.22271,87.981606,19.38389,-0.024286,0.872316,0.122695,0.472675,-1.109729,95.868134,19.688177,0.000919,0.877749,0.074301,0.473323,-4.080482,114.040802,23.273096,0.127539,0.930583,-0.070528,0.33582,-5.638896,136.467102,26.250679,0.142228,0.94874,-0.23578,0.155151,-0.188356,150.421616,24.085131,-0.035764,0.838821,0.129643,0.527535,-7.982718,131.286209,22.651348,0.353099,-0.608046,0.188641,-0.685577,-15.347385,132.568893,7.711922,0.261741,-0.028664,-0.352927,-0.897838,-10.679518,115.610336,-9.553499,0.300549,0.120428,-0.523395,-0.788178,7.781663,130.855881,-15.37399,-0.055039,0.924368,0.180185,0.331736,-3.707723,130.728928,29.086203,0.41481,0.853845,0.216653,-0.227911,9.219648,130.431641,39.662815,0.07197,0.211565,0.538279,-0.812599,22.824282,115.406525,25.640112,0.122379,-0.02127,0.582701,-0.803138,14.245232,137.29126,14.720072,0.032679,0.873926,0.158721,0.458251,-5.417285,87.712593,11.213679,0.131589,0.932405,-0.011251,0.336421,-2.230299,53.534622,0.126047,0.006392,0.938121,0.01183,0.346046,-14.09341,8.273184,-3.042271,-0.050078,0.85376,-0.036301,0.516979,4.971865,88.250618,27.554104,0.016509,0.831428,-0.136748,0.538288,6.702482,52.454109,31.65785,-0.023496,0.823309,0.020187,0.566748,-1.489189,7.336208,41.488449,0.006392,0.938121,0.01183,0.346046,-4.682501,2.23809,-14.254551,-0.023496,0.823309,0.020187,0.566748,12.442617,1.922594,36.263477
21,0.175,-0.039876,0.875377,0.043715,0.479807,-0.218252,87.98159,19.383436,-0.02404,0.872276,0.122603,0.472785,-1.105874,95.868065,19.687366,0.000877,0.8776,0.074273,0.473604,-4.067132,114.040222,23.273001,0.126992,0.930512,-0.070333,0.336263,-5.627577,136.466705,26.248056,0.143196,0.948155,-0.237212,0.155654,-0.191878,150.42746,24.085331,-0.035811,0.838983,0.129567,0.527293,-7.969064,131.285568,22.647575,0.353233,-0.607922,0.188994,-0.68552,-15.342149,132.564362,7.711965,0.262002,-0.028627,-0.35277,-0.897825,-10.673439,115.592506,-9.540157,0.300747,0.120438,-0.523066,-0.78832,7.792194,130.829987,-15.361136,-0.055081,0.924256,0.179993,0.332145,-3.698189,130.728729,29.085207,0.415389,0.853657,0.216976,-0.227251,9.219962,130.432205,39.673103,0.071487,0.212701,0.53903,-0.811846,22.81568,115.383133,25.667471,0.121241,-0.020072,0.583863,-0.802497,14.302903,137.281311,14.717638,0.032762,0.873882,0.158686,0.458341,-5.413444,87.711716,11.213644,0.131588,0.932417,-0.011241,0.336388,-2.231666,53.533344,0.125755,0.006135,0.938139,0.011778,0.346004,-14.094524,8.271873,-3.042974,-0.050025,0.853753,-0.03634,0.516995,4.976939,88.251457,27.55323,0.016505,0.83139,-0.13674,0.53835,6.702785,52.454769,31.65741,-0.023467,0.823283,0.020273,0.566784,-1.488902,7.336649,41.486992,0.006135,0.938139,0.011778,0.346004,-4.68188,2.237932,-14.254418,-0.023467,0.823283,0.020273,0.566784,12.443612,1.924652,36.26223
22,0.183333,-0.039914,0.875359,0.043711,0.479836,-0.213656,87.978813,19.381737,-0.024049,0.872229,0.12266,0.472856,-1.101792,95.865242,19.685291,0.000872,0.877536,0.074197,0.473735,-4.064918,114.038574,23.272709,0.126753,0.930372,-0.070595,0.336686,-5.624363,136.465576,26.244417,0.143711,0.947724,-0.238153,0.156366,-0.191055,150.426239,24.075111,-0.03582,0.839063,0.129529,0.527175,-7.965234,131.284164,22.643925,0.353393,-0.607667,0.189454,-0.685538,-15.342463,132.561432,7.710238,0.262428,-0.028553,-0.35262,-0.897761,-10.667016,115.573586,-9.5243,0.30115,0.120421,-0.523106,-0.788142,7.804317,130.803955,-15.347465,-0.054936,0.924188,0.179823,0.33245,-3.696277,130.727814,29.082867,0.41618,0.853305,0.21789,-0.226251,9.215612,130.426758,39.678265,0.071007,0.213833,0.540097,-0.810882,22.801287,115.351151,25.691425,0.119885,-0.018704,0.585732,-0.801371,14.372301,137.270706,14.712954,0.032769,0.873929,0.158668,0.458256,-5.408255,87.708298,11.21159,0.131618,0.932385,-0.011281,0.336465,-2.228619,53.529549,0.124247,0.00616,0.938134,0.011927,0.346013,-14.094978,8.268878,-3.042889,-0.050018,0.853775,-0.036382,0.516956,4.980942,88.249329,27.551884,0.016541,0.831402,-0.136763,0.538324,6.704929,52.452816,31.658337,-0.023418,0.82332,0.020221,0.566734,-1.490394,7.335403,41.488125,0.00616,0.938134,0.011927,0.346013,-4.681746,2.23879,-14.25591,-0.023418,0.82332,0.020221,0.566734,12.440718,1.921279,36.261841
23,0.191667,-0.039603,0.875401,0.043466,0.479808,-0.223371,87.981369,19.3834,-0.023939,0.872181,0.122589,0.472969,-1.105319,95.86853,19.685968,0.00091,0.8775,0.074105,0.473816,-4.062797,114.034927,23.271135,0.126364,0.930292,-0.070712,0.337029,-5.619016,136.46254,26.239882,0.144337,0.947265,-0.239195,0.156976,-0.193789,150.425613,24.065813,-0.035841,0.839179,0.129358,0.52703,-7.960133,131.281097,22.639612,0.353598,-0.607468,0.189728,-0.685533,-15.342411,132.554001,7.708046,0.2628,-0.028485,-0.352491,-0.897705,-10.660135,115.55426,-9.51292,0.301484,0.120344,-0.522929,-0.788144,7.814832,130.777466,-15.337506,-0.054552,0.92409,0.179392,0.333017,-3.692371,130.724792,29.079353,0.416744,0.852972,0.219081,-0.225314,9.208315,130.413086,39.68808,0.070602,0.214993,0.541082,-0.809953,22.791683,115.323723,25.713835,0.118611,-0.017109,0.588117,-0.799849,14.443573,137.259247,14.704527,0.032622,0.873897,0.158697,0.458319,-5.418965,87.713799,11.21379,0.131587,0.93247,-0.011181,0.336242,-2.228296,53.535007,0.129729,0.006127,0.938181,0.011691,0.345893,-14.089678,8.273384,-3.042366,-0.050134,0.853777,-0.036307,0.516947,4.972222,88.24894,27.553009,0.016594,0.831522,-0.136764,0.538136,6.706161,52.452858,31.659105,-0.023337,0.823307,0.020197,0.566757,-1.491088,7.335621,41.488102,0.006127,0.938181,0.011691,0.345893,-4.679954,2.237142,-14.255017,-0.023337,0.823307,0.020197,0.566757,12.439416,1.919533,36.262234
24,0.2,-0.039583,0.875394,0.043365,0.479832,-0.220901,87.977921,19.382284,-0.023987,0.872127,0.122606,0.473062,-1.101809,95.86525,19.683582,0.000911,0.877445,0.074092,0.47392,-4.061428,114.0308,23.268015,0.126139,0.930179,-0.071182,0.337325,-5.617713,136.458511,26.236109,0.144932,0.946876,-0.23999,0.15756,-0.193058,150.419754,24.049032,-0.036372,0.838569,0.129974,0.527813,-7.958128,131.277069,22.635353,0.353205,-0.607481,0.190905,-0.685396,-15.311533,132.550079,7.689557,0.262675,-0.028345,-0.352481,-0.89775,-10.652156,115.523354,-9.510931,0.301916,0.120357,-0.522849,-0.788029,7.824878,130.750015,-15.327469,-0.054375,0.924007,0.17905,0.333459,-3.691899,130.720734,29.076105,0.417358,0.852722,0.219962,-0.224265,9.19959,130.404587,39.695877,0.070024,0.216617,0.542097,-0.808891,22.780947,115.292953,25.743755,0.117116,-0.015066,0.590514,-0.798342,14.525667,137.243118,14.689991,0.032704,0.87395,0.158372,0.458323,-5.416082,87.709785,11.212432,0.131681,0.932476,-0.011488,0.336178,-2.241399,53.523964,0.145499,0.006335,0.938093,0.0122,0.346111,-14.120682,8.265313,-3.001939,-0.050091,0.853776,-0.036243,0.516957,4.97428,88.246063,27.552137,0.016531,0.831419,-0.136812,0.538286,6.707928,52.449333,31.652731,-0.022508,0.823192,0.020431,0.566949,-1.488649,7.333133,41.487041,0.006335,0.938093,0.0122,0.346111,-4.705931,2.240965,-14.216768,-0.022508,0.823192,0.020431,0.566949,12.437988,1.908703,36.259521
25,0.208333,-0.039515,0.875375,0.043262,0.47988,-0.21714,87.974724,19.379816,-0.024307,0.872064,0.12316,0.473018,-1.096355,95.862274,19.680157,0.000968,0.877477,0.073765,0.473911,-4.075655,114.019928,23.27635,0.126007,0.930034,-0.071845,0.337635,-5.622594,136.449829,26.23274,0.145296,0.946546,-0.240579,0.158311,-0.194161,150.406906,24.028473,-0.036224,0.838504,0.129808,0.527966,-7.965333,131.267471,22.634842,0.353398,-0.607278,0.191189,-0.685398,-15.313682,132.542435,7.686721,0.263036,-0.028335,-0.352317,-0.897709,-10.64751,115.503868,-9.50021,0.302189,0.120212,-0.522776,-0.787995,7.836528,130.723221,-15.320828,-0.054189,0.924006,0.178745,0.333656,-3.698968,130.712769,29.075649,0.417949,0.852543,0.220606,-0.223207,9.188823,130.393082,39.699806,0.069454,0.218258,0.543292,-0.807697,22.769192,115.255928,25.774437,0.11603,-0.013002,0.594,-0.795947,14.617437,137.22496,14.676137,0.032712,0.873967,0.158315,0.45831,-5.411532,87.706825,11.20945,0.131661,0.932505,-0.011456,0.336107,-2.23947,53.519718,0.145715,0.006126,0.938135,0.012209,0.346,-14.116269,8.260497,-3.002934,-0.050123,0.853846,-0.036327,0.516832,4.977251,88.242622,27.550184,0.016705,0.83148,-0.136689,0.538218,6.710365,52.446568,31.65691,-0.022589,0.823048,0.02039,0.567156,-1.492774,7.327771,41.473835,0.006126,0.938135,0.012209,0.346,-4.701702,2.238513,-14.219193,-0.022589,0.823048,0.02039,0.567156,12.436976,1.903765,36.254158
26,0.216667,-0.039443,0.875357,0.043249,0.47992,-0.213041,87.969292,19.375278,-0.024356,0.872003,0.123103,0.473143,-1.091154,95.856949,19.675947,0.001003,0.87741,0.073764,0.474035,-4.072109,114.018356,23.269657,0.125444,0.929998,-0.071802,0.337953,-5.618078,136.448257,26.226563,0.146154,0.946005,-0.241845,0.158821,-0.203976,150.410507,24.019852,-0.035696,0.83924,0.129041,0.52702,-7.960236,131.26622,22.6278,0.354049,-0.606771,0.190994,-0.685565,-15.34321,132.537476,7.696435,0.263907,-0.028457,-0.35216,-0.897512,-10.642998,115.493286,-9.475632,0.302638,0.120092,-0.522722,-0.787877,7.84387,130.697556,-15.313662,-0.053984,0.923839,0.178365,0.334354,-3.695693,130.710907,29.069757,0.41856,0.852284,0.221442,-0.222223,9.177242,130.384674,39.711708,0.069401,0.219627,0.544494,-0.80652,22.754045,115.225624,25.806677,0.115424,-0.010684,0.598981,-0.792329,14.701137,137.207642,14.661481,0.032674,0.873965,0.158268,0.458333,-5.406798,87.702545,11.204473,0.131655,0.93279,-0.011338,0.335323,-2.233623,53.514202,0.144913,0.005989,0.938206,0.012213,0.345809,-14.108872,8.254587,-3.00385,-0.05019,0.854033,-0.036293,0.516519,4.980717,88.236031,27.546083,0.016746,0.831776,-0.136908,0.537702,6.720701,52.440285,31.652531,-0.022527,0.82324,0.020352,0.566882,-1.490581,7.327235,41.489025,0.005989,0.938206,0.012213,0.345809,-4.697246,2.234115,-14.223383,-0.022527,0.82324,0.020352,0.566882,12.4349,1.901171,36.260101
27,0.225,-0.039469,0.875344,0.043066,0.479958,-0.210019,87.968079,19.374552,-0.02423,0.871945,0.12293,0.473301,-1.087121,95.855957,19.672451,0.001004,0.877297,0.073886,0.474225,-4.061447,114.018341,23.262157,0.124948,0.929933,-0.071713,0.338334,-5.610596,136.447433,26.223549,0.146678,0.945541,-0.242991,0.159351,-0.209174,150.414597,24.016819,-0.035758,0.8394,0.128925,0.526789,-7.950732,131.266037,22.622559,0.354338,-0.606625,0.191219,-0.685483,-15.34168,132.532349,7.69472,0.264467,-0.028385,-0.35209,-0.897376,-10.636971,115.475258,-9.4633,0.303239,0.120018,-0.522854,-0.787569,7.852303,130.674057,-15.306729,-0.053914,0.923667,0.17799,0.33504,-3.688988,130.709595,29.066273,0.419275,0.851958,0.222342,-0.221226,9.168858,130.380981,39.726379,0.068893,0.221346,0.545671,-0.805297,22.737926,115.197601,25.840363,0.11439,-0.00686,0.603981,-0.788717,14.791208,137.192993,14.647922,0.032701,0.873936,0.15829,0.458378,-5.40303,87.699234,11.203341,0.131659,0.93278,-0.011375,0.335349,-2.230257,53.511524,0.141708,0.005992,0.938219,0.012219,0.345774,-14.106844,8.252069,-3.004315,-0.050124,0.853882,-0.036231,0.516778,4.982992,88.236916,27.545765,0.016681,0.83166,-0.136955,0.537873,6.720021,52.440369,31.646494,-0.022631,0.823255,0.020162,0.566863,-1.490512,7.328317,41.488201,0.005992,0.938219,0.012219,0.345774,-4.696062,2.231748,-14.22464,-0.022631,0.823255,0.020162,0.566863,12.434534,1.899361,36.261127
28,0.233333,-0.039394,0.875325,0.043075,0.479999,-0.205619,87.964737,19.369299,-0.024212,0.871879,0.122951,0.473418,-1.081765,95.852699,19.667858,0.000951,0.877214,0.073893,0.474378,-4.056792,114.017677,23.25869,0.124934,0.929814,-0.071866,0.338633,-5.608736,136.446716,26.218935,0.147043,0.945193,-0.243918,0.159663,-0.20513,150.412689,24.010038,-0.036068,0.839402,0.129527,0.526617,-7.947193,131.265045,22.617254,0.354698,-0.606406,0.191487,-0.685415,-15.34346,132.532501,7.692154,0.265076,-0.028409,-0.352014,-0.897226,-10.630714,115.460037,-9.448363,0.303756,0.119993,-0.522971,-0.787296,7.859677,130.650482,-15.301765,-0.053766,0.923508,0.17768,0.335666,-3.687688,130.709106,29.062492,0.419952,0.851699,0.222989,-0.220284,9.156668,130.375427,39.738682,0.068344,0.223203,0.547034,-0.803905,22.718222,115.165649,25.874228,0.113346,-0.003075,0.610528,-0.783836,14.890067,137.182373,14.628896,0.032669,0.873926,0.158265,0.458409,-5.397977,87.697296,11.197629,0.131684,0.93282,-0.011407,0.335226,-2.223614,53.508854,0.138722,0.005985,0.938264,0.012186,0.345655,-14.103749,8.250085,-3.003726,-0.050198,0.853922,-0.036297,0.516701,4.986739,88.232178,27.54097,0.016802,0.83181,-0.136981,0.537631,6.726208,52.436508,31.648317,-0.02244,0.823263,0.020292,0.566854,-1.492203,7.325491,41.488194,0.005985,0.938264,0.012186,0.345655,-4.695869,2.228965,-14.226052,-0.02244,0.823263,0.020292,0.566854,12.431752,1.896481,36.258282
29,0.241667,-0.039384,0.875306,0.043062,0.480035,-0.20128,87.962868,19.365479,-0.024167,0.871847,0.122935,0.473482,-1.077201,95.850861,19.663891,0.000877,0.877173,0.073894,0.474455,-4.050488,114.014519,23.254498,0.124351,0.92981,-0.071801,0.338872,-5.605654,136.443558,26.213078,0.147802,0.944751,-0.244884,0.160101,-0.217418,150.41507,24.001551,-0.036082,0.839485,0.129522,0.526485,-7.942827,131.261383,22.611284,0.355455,-0.606333,0.191304,-0.685138,-15.343695,132.527679,7.688365,0.265784,-0.028286,-0.352014,-0.89702,-10.623159,115.442642,-9.437471,0.30417,0.119788,-0.522901,-0.787214,7.86512,130.628143,-15.296676,-0.053733,0.923351,0.177458,0.336221,-3.684447,130.70636,29.057339,0.420594,0.851375,0.224335,-0.218941,9.147574,130.370544,39.748287,0.06801,0.225093,0.548198,-0.802612,22.711597,115.14032,25.908726,0.112094,0.001169,0.616458,-0.779367,14.99447,137.163193,14.606467,0.032671,0.873935,0.158252,0.458397,-5.392989,87.695518,11.193392,0.131709,0.932828,-0.011439,0.335191,-2.219346,53.506779,0.135167,0.00608,0.938266,0.012207,0.345645,-14.10276,8.248687,-3.004781,-0.050179,0.853793,-0.036223,0.516922,4.990429,88.230217,27.537567,0.01676,0.831688,-0.137061,0.5378,6.730432,52.434029,31.640163,-0.022423,0.823244,0.02017,0.566886,-1.490749,7.324946,41.48661,0.00608,0.938266,0.012207,0.345645,-4.696103,2.227192,-14.227936,-0.022423,0.823244,0.02017,0.566886,12.43271,1.892661,36.258774
30,0.25,-0.039018,0.875298,0.04286,0.480099,-0.2039,87.965523,19.362392,-0.024281,0.871782,0.122911,0.473603,-1.07324,95.854248,19.660742,0.000814,0.877101,0.074001,0.474571,-4.049259,114.011406,23.246857,0.124092,0.929721,-0.072186,0.339132,-5.609641,136.439728,26.208115,0.148498,0.944356,-0.245652,0.160609,-0.223792,150.410355,23.985285,-0.036102,0.839479,0.129453,0.52651,-7.944787,131.257599,22.604939,0.355664,-0.606178,0.191599,-0.685084,-15.344723,132.522247,7.681415,0.266154,-0.028178,-0.35197,-0.896931,-10.620503,115.424225,-9.430443,0.304597,0.119668,-0.522913,-0.787059,7.869502,130.607025,-15.290506,-0.05362,0.92324,0.177237,0.336659,-3.688116,130.702515,29.052124,0.420965,0.851224,0.225291,-0.217832,9.134463,130.3629,39.75428,0.067492,0.226913,0.549354,-0.801352,22.706959,115.118233,25.93895,0.111057,0.005321,0.623647,-0.773759,15.098959,137.151031,14.587461,0.032405,0.873911,0.158214,0.458473,-5.394979,87.702553,11.189763,0.131801,0.932965,-0.011327,0.334778,-2.204909,53.511715,0.142784,0.006143,0.938339,0.011884,0.345458,-14.094117,8.255667,-3.004593,-0.050315,0.853857,-0.036179,0.516806,4.98718,88.228493,27.535021,0.016829,0.831717,-0.137107,0.53774,6.737745,52.43306,31.639698,-0.022317,0.823254,0.020125,0.566877,-1.490413,7.325381,41.486694,0.006143,0.938339,0.011884,0.345458,-4.694057,2.224717,-14.228196,-0.022317,0.823254,0.020125,0.566877,12.431669,1.89021,36.258186
31,0.258333,-0.03896,0.875279,0.042795,0.480143,-0.200103,87.961739,19.357937,-0.024217,0.871725,0.12295,0.4737,-1.068147,95.850624,19.655783,0.000704,0.877023,0.074026,0.474712,-4.043227,114.008011,23.244041,0.123781,0.929693,-0.072287,0.339299,-5.608971,136.436172,26.203659,0.149326,0.943969,-0.246501,0.160815,-0.229901,150.408646,23.976028,-0.036056,0.83961,0.129746,0.526233,-7.941894,131.253403,22.599957,0.355789,-0.605907,0.191992,-0.685149,-15.351716,132.523163,7.681767,0.266493,-0.028337,-0.35188,-0.896861,-10.618709,115.412285,-9.414818,0.304925,0.119519,-0.522906,-0.786959,7.874659,130.587906,-15.286735,-0.053609,0.923115,0.177092,0.33708,-3.687287,130.699463,29.048601,0.421567,0.850957,0.225992,-0.216982,9.125846,130.358459,39.762024,0.066806,0.228808,0.55059,-0.800021,22.691559,115.092125,25.963963,0.109341,0.009625,0.631422,-0.767632,15.198398,137.141068,14.56417,0.032398,0.873884,0.158236,0.458518,-5.39045,87.699196,11.184827,0.131812,0.932934,-0.011403,0.334858,-2.198592,53.508831,0.136903,0.006472,0.938333,0.01196,0.345466,-14.090922,8.253235,-3.005212,-0.050346,0.853903,-0.036223,0.516723,4.990243,88.224281,27.531048,0.01696,0.83169,-0.137025,0.5378,6.741481,52.429295,31.639391,-0.021012,0.82302,0.020736,0.567245,-1.49347,7.319912,41.472935,0.006472,0.938333,0.01196,0.345466,-4.694139,2.221116,-14.230934,-0.021012,0.82302,0.020736,0.567245,12.424817,1.877532,36.241821
32,0.266667,-0.038886,0.875246,0.042757,0.480212,-0.19505,87.958382,19.352352,-0.024235,0.871664,0.123077,0.47378,-1.0618,95.847412,19.650169,0.000593,0.876967,0.074033,0.474814,-4.04,114.003395,23.241869,0.123869,0.929521,-0.072449,0.339702,-5.610667,136.431519,26.199209,0.149486,0.943634,-0.247332,0.161355,-0.226127,150.401779,23.970957,-0.036024,0.839628,0.129937,0.526159,-7.941724,131.248016,22.59536,0.356074,-0.605783,0.192218,-0.685048,-15.354222,132.521683,7.678838,0.26688,-0.028358,-0.351835,-0.896763,-10.618077,115.39782,-9.403859,0.305225,0.119439,-0.522901,-0.786858,7.878298,130.57019,-15.283147,-0.0537,0.922993,0.177062,0.337415,-3.688624,130.695419,29.045111,0.422103,0.850686,0.22713,-0.21581,9.116638,130.355347,39.767963,0.066408,0.230665,0.551868,-0.79864,22.685072,115.071236,25.992281,0.108276,0.013773,0.638134,-0.762149,15.309668,137.1306,14.539645,0.032401,0.873837,0.158204,0.458618,-5.384218,87.696831,11.178463,0.131826,0.932962,-0.011429,0.334772,-2.192371,53.505741,0.132763,0.006526,0.938341,0.011943,0.345442,-14.08698,8.250546,-3.006419,-0.050383,0.853959,-0.036253,0.516625,4.994118,88.219933,27.526241,0.017015,0.831735,-0.137086,0.537712,6.746912,52.425377,31.637617,-0.021038,0.823054,0.02072,0.567195,-1.494376,7.317758,41.473915,0.006526,0.938341,0.011943,0.345442,-4.69145,2.217448,-14.232657,-0.021038,0.823054,0.02072,0.567195,12.423415,1.875414,36.241444
33,0.275,-0.03888,0.875207,0.042728,0.480288,-0.188772,87.956154,19.347504,-0.024304,0.871595,0.123175,0.473876,-1.055253,95.84523,19.64489,0.000512,0.876908,0.074065,0.474917,-4.037616,113.99881,23.237892,0.123442,0.929484,-0.072389,0.339974,-5.612531,136.426727,26.194536,0.150515,0.943097,-0.24848,0.161777,-0.239009,150.401093,23.965389,-0.03601,0.839675,0.129952,0.526081,-7.941879,131.242813,22.590178,0.356383,-0.605586,0.192407,-0.685009,-15.357124,132.516724,7.675044,0.267169,-0.028366,-0.351916,-0.896644,-10.612786,115.381065,-9.393549,0.305438,0.11934,-0.522869,-0.786813,7.879601,130.553513,-15.278739,-0.053738,0.922852,0.176891,0.337886,-3.690297,130.690948,29.040993,0.422508,0.850487,0.227819,-0.215076,9.104213,130.350922,39.776672,0.06571,0.232512,0.553106,-0.797304,22.671398,115.053055,26.015026,0.107598,0.017972,0.644067,-0.757151,15.411329,137.127396,14.517838,0.032422,0.873791,0.158202,0.458705,-5.376546,87.694519,11.172734,0.131839,0.93296,-0.011512,0.334771,-2.185018,53.503479,0.126797,0.006307,0.938402,0.011933,0.345282,-14.083324,8.248776,-3.005515,-0.050379,0.85402,-0.036366,0.516516,4.999003,88.217789,27.522272,0.016982,0.831896,-0.136987,0.53749,6.747846,52.423794,31.640234,-0.019908,0.822914,0.021839,0.567397,-1.48324,7.313502,41.472836,0.006307,0.938402,0.011933,0.345282,-4.689126,2.217604,-14.233905,-0.019908,0.822914,0.021839,0.567397,12.433406,1.879332,36.22884
34,0.283333,-0.038912,0.875155,0.042775,0.480374,-0.180351,87.954857,19.341421,-0.024285,0.871518,0.123187,0.474016,-1.047657,95.843826,19.639133,0.000288,0.876791,0.074294,0.475098,-4.030893,114.001572,23.233225,0.123274,0.929329,-0.072851,0.340357,-5.620276,136.427948,26.19375,0.151351,0.942648,-0.249218,0.162473,-0.245447,150.399963,23.953012,-0.036164,0.839672,0.129904,0.526087,-7.944936,131.243423,22.587255,0.356517,-0.605427,0.192662,-0.685007,-15.359604,132.512177,7.671389,0.267327,-0.028419,-0.351921,-0.896594,-10.610637,115.366699,-9.386046,0.30549,0.119405,-0.522823,-0.786813,7.880998,130.53717,-15.276173,-0.053734,0.922765,0.176945,0.338095,-3.696,130.692719,29.039913,0.422889,0.85032,0.228368,-0.214403,9.093805,130.350571,39.781136,0.065261,0.234105,0.554411,-0.795967,22.659334,115.038452,26.033718,0.108375,0.022919,0.650274,-0.751581,15.51297,137.127625,14.495669,0.032466,0.87377,0.158152,0.458759,-5.366469,87.693237,11.165597,0.131879,0.93296,-0.011579,0.334752,-2.178662,53.501259,0.121488,0.006341,0.938387,0.011965,0.34532,-14.08253,8.247683,-3.006042,-0.050383,0.853999,-0.036249,0.516559,5.005767,88.216469,27.517244,0.016988,0.831847,-0.137332,0.537477,6.759079,52.421898,31.628233,-0.019788,0.823087,0.021752,0.567154,-1.489629,7.320508,41.486858,0.006341,0.938387,0.011965,0.34532,-4.687668,2.217054,-14.234172,-0.019788,0.823087,0.021752,0.567154,12.422301,1.882163,36.234676
35,0.291667,-0.039177,0.875067,0.042931,0.480499,-0.166473,87.960182,19.337414,-0.024431,0.871424,0.123258,0.474163,-1.038686,95.848618,19.635132,0.000213,0.876697,0.074401,0.475256,-4.027262,113.99778,23.226845,0.122987,0.929246,-0.072982,0.34066,-5.622457,136.423447,26.189692,0.152315,0.942209,-0.249942,0.163009,-0.25293,150.39679,23.944532,-0.036136,0.839765,0.129922,0.525937,-7.944666,131.238892,22.581642,0.356663,-0.605251,0.192804,-0.685047,-15.364692,132.50798,7.668473,0.267732,-0.028241,-0.351859,-0.896503,-10.607932,115.356079,-9.380329,0.305968,0.11937,-0.523115,-0.786438,7.888194,130.525497,-15.269237,-0.053857,0.922664,0.176918,0.338366,-3.698058,130.688248,29.035837,0.423286,0.850008,0.22935,-0.213808,9.085174,130.348434,39.784954,0.064993,0.235348,0.555751,-0.794688,22.646717,115.029846,26.040804,0.109095,0.026936,0.655548,-0.746746,15.606821,137.139267,14.468876,0.032564,0.87379,0.158078,0.458739,-5.349864,87.695686,11.159955,0.131932,0.932974,-0.011628,0.334693,-2.170969,53.502495,0.117038,0.006365,0.938393,0.011914,0.345305,-14.081102,8.250338,-3.00711,-0.050157,0.85389,-0.036292,0.516759,5.016918,88.224678,27.514875,0.016867,0.831623,-0.137126,0.53788,6.753757,52.428688,31.620514,-0.019694,0.822815,0.021671,0.567555,-1.479988,7.321614,41.46566,0.006365,0.938393,0.011914,0.345305,-4.687096,2.218067,-14.235073,-0.019694,0.822815,0.021671,0.567555,12.435638,1.879758,36.226933
36,0.3,-0.039255,0.875016,0.043073,0.480574,-0.156191,87.958107,19.329632,-0.024501,0.871362,0.123338,0.474253,-1.03059,95.846245,19.628647,5.1e-05,0.876622,0.074515,0.475376,-4.023747,113.997627,23.22197,0.122731,0.92909,-0.07336,0.341098,-5.628263,136.422516,26.185602,0.153155,0.941761,-0.25051,0.163932,-0.260376,150.394897,23.930614,-0.036369,0.839762,0.13006,0.525892,-7.947424,131.237305,22.576548,0.356897,-0.605124,0.19292,-0.685004,-15.368464,132.502106,7.663517,0.267978,-0.028155,-0.351899,-0.896416,-10.606339,115.341934,-9.375474,0.306188,0.119365,-0.52301,-0.786423,7.888137,130.512009,-15.26511,-0.054027,0.922527,0.177125,0.338604,-3.70258,130.687881,29.032009,0.423604,0.849812,0.230068,-0.213185,9.074659,130.349289,39.788292,0.064821,0.236955,0.557156,-0.793238,22.636053,115.02198,26.053732,0.110928,0.031305,0.65936,-0.74294,15.716895,137.143356,14.43403,0.032601,0.873695,0.158094,0.458912,-5.338065,87.693718,11.151207,0.132017,0.932895,-0.011805,0.334872,-2.158825,53.501053,0.106756,0.006277,0.938399,0.011795,0.345295,-14.081183,8.25139,-3.006845,-0.050128,0.853889,-0.036373,0.516758,5.025683,88.222496,27.508057,0.016886,0.831638,-0.137176,0.537844,6.757709,52.42672,31.61763,-0.01967,0.822839,0.021726,0.567519,-1.479616,7.321006,41.465992,0.006277,0.938399,0.011795,0.345295,-4.686932,2.216723,-14.233315,-0.01967,0.822839,0.021726,0.567519,12.435662,1.880068,36.22538
37,0.308333,-0.039305,0.874993,0.043096,0.480609,-0.146099,87.957367,19.323011,-0.02464,0.871293,0.123525,0.474323,-1.021377,95.845413,19.621925,-0.000108,0.876579,0.074563,0.475447,-4.022989,113.996613,23.218859,0.122417,0.928977,-0.073609,0.341463,-5.635118,136.421173,26.180843,0.154265,0.94126,-0.251177,0.164748,-0.271906,150.39415,23.918386,-0.036379,0.839748,0.130015,0.525924,-7.951962,131.235016,22.571657,0.357511,-0.605067,0.192662,-0.684808,-15.371862,132.498901,7.657985,0.268556,-0.027929,-0.351901,-0.89625,-10.601393,115.332031,-9.37192,0.306462,0.119428,-0.523026,-0.786296,7.891051,130.499405,-15.260562,-0.054114,0.922419,0.17716,0.338865,-3.708177,130.687317,29.02796,0.423895,0.849521,0.231212,-0.212531,9.062823,130.349274,39.79166,0.065084,0.238142,0.558458,-0.791945,22.62578,115.020409,26.060369,0.113011,0.035405,0.663257,-0.738962,15.811637,137.149002,14.39667,0.032574,0.873695,0.158041,0.458932,-5.327255,87.69239,11.144152,0.132104,0.932926,-0.011839,0.334749,-2.147813,53.498398,0.103861,0.006308,0.938422,0.011757,0.345233,-14.079144,8.250976,-3.00792,-0.050054,0.853914,-0.036443,0.516719,5.035057,88.222351,27.501869,0.016761,0.831188,-0.137201,0.538536,6.760123,52.426403,31.6129,-0.019616,0.822807,0.021609,0.567571,-1.476856,7.320938,41.462681,0.006308,0.938422,0.011757,0.345233,-4.686879,2.214969,-14.235332,-0.019616,0.822807,0.021609,0.567571,12.437857,1.876243,36.224476
38,0.316667,-0.039308,0.874938,0.043069,0.480712,-0.135997,87.956551,19.31735,-0.024716,0.871199,0.123604,0.474472,-1.011147,95.844627,19.61577,-0.000316,0.876454,0.074738,0.475649,-4.016891,113.992897,23.212927,0.12246,0.92871,-0.074232,0.34204,-5.641723,136.416275,26.176987,0.154881,0.940862,-0.251563,0.165851,-0.269215,150.383667,23.902195,-0.03645,0.839818,0.129852,0.525847,-7.954155,131.229416,22.565968,0.357619,-0.60494,0.192652,-0.684866,-15.376559,132.488037,7.653098,0.268831,-0.027649,-0.351912,-0.896172,-10.598328,115.319969,-9.373407,0.306872,0.119504,-0.523108,-0.78607,7.89452,130.489853,-15.254514,-0.054278,0.922334,0.177299,0.338997,-3.713349,130.682999,29.024332,0.424015,0.849335,0.232159,-0.212001,9.054064,130.347519,39.792362,0.065234,0.239379,0.559597,-0.790755,22.62311,115.021393,26.064045,0.115162,0.039682,0.667022,-0.735014,15.905285,137.157349,14.355576,0.032709,0.873655,0.157925,0.459038,-5.315223,87.691406,11.137277,0.131818,0.933098,-0.011905,0.334381,-2.14683,53.495396,0.100052,0.005417,0.938746,0.011859,0.344363,-14.05691,8.241039,-2.992253,-0.050051,0.853895,-0.036441,0.51675,5.043228,88.221695,27.497425,0.016889,0.831148,-0.137352,0.538556,6.768042,52.42572,31.608332,-0.019611,0.822803,0.021582,0.567578,-1.486764,7.324529,41.462784,0.005417,0.938746,0.011859,0.344363,-4.674613,2.216882,-14.234349,-0.019611,0.822803,0.021582,0.567578,12.427835,1.879074,36.225067
39,0.325,-0.039211,0.874799,0.042913,0.480986,-0.127449,87.952164,19.310501,-0.024844,0.871095,0.12375,0.474618,-1.000161,95.840576,19.607227,-0.00046,0.876378,0.074883,0.475767,-4.013807,113.990639,23.206966,0.122088,0.928561,-0.074302,0.342562,-5.647896,136.413025,26.173389,0.155907,0.940295,-0.252367,0.166884,-0.282657,150.382874,23.896496,-0.036518,0.839827,0.129928,0.525809,-7.957307,131.225769,22.561016,0.357806,-0.604804,0.192713,-0.684871,-15.380877,132.483643,7.648664,0.269103,-0.027533,-0.351895,-0.8961,-10.595698,115.310265,-9.370536,0.307056,0.119648,-0.523134,-0.785959,7.897271,130.478745,-15.250644,-0.054445,0.922241,0.177498,0.339119,-3.71824,130.680115,29.02059,0.424181,0.849183,0.232906,-0.211453,9.045803,130.346634,39.792679,0.065127,0.241109,0.560626,-0.789508,22.619299,115.018204,26.071335,0.1173,0.044856,0.669427,-0.732186,16.005131,137.153015,14.308497,0.032702,0.873636,0.157977,0.459058,-5.301723,87.687531,11.127277,0.132184,0.932833,-0.012084,0.334969,-2.13089,53.492676,0.087182,0.006301,0.938437,0.011759,0.345193,-14.075926,8.247772,-3.008551,-0.050077,0.85391,-0.036452,0.516722,5.046826,88.216789,27.493725,0.016916,0.831142,-0.1374,0.538552,6.772937,52.421059,31.606161,-0.019586,0.822813,0.021609,0.567563,-1.486292,7.321182,41.462917,0.006301,0.938437,0.011759,0.345193,-4.684542,2.21189,-14.23676,-0.019586,0.822813,0.021609,0.567563,12.428041,1.87596,36.224258
40,0.333333,-0.039317,0.874747,0.042974,0.481068,-0.114202,87.954895,19.30479,-0.025048,0.871052,0.12394,0.474637,-0.988884,95.843086,19.60146,-0.000696,0.876349,0.074981,0.475805,-4.012234,113.988564,23.203064,0.122008,0.928361,-0.074529,0.343082,-5.657945,136.410278,26.168171,0.15693,0.939767,-0.252978,0.167969,-0.290642,150.378815,23.887991,-0.036655,0.839776,0.130063,0.525849,-7.964288,131.221695,22.555752,0.357951,-0.604679,0.192763,-0.684892,-15.386145,132.478317,7.642436,0.269309,-0.027329,-0.351866,-0.896056,-10.5945,115.300964,-9.370941,0.307203,0.119759,-0.523158,-0.785869,7.900421,130.470093,-15.245306,-0.054617,0.922168,0.177661,0.339206,-3.725785,130.678482,29.015905,0.424238,0.849037,0.233874,-0.21086,9.03568,130.347794,39.791142,0.06516,0.242912,0.561505,-0.788327,22.619169,115.023315,26.075262,0.119133,0.050218,0.672196,-0.728998,16.100273,137.157074,14.247526,0.032795,0.873564,0.158045,0.459165,-5.286789,87.68914,11.120533,0.132247,0.932756,-0.01231,0.335151,-2.118149,53.496288,0.073619,0.006413,0.938449,0.011601,0.345163,-14.07507,8.253461,-3.006623,-0.049923,0.853868,-0.036586,0.516796,5.058384,88.22065,27.489046,0.016794,0.831122,-0.137306,0.53861,6.769674,52.424515,31.604168,-0.019464,0.82278,0.02165,0.567615,-1.47603,7.321849,41.45948,0.006413,0.938449,0.011601,0.345163,-4.68639,2.212128,-14.234167,-0.019464,0.82278,0.02165,0.567615,12.43807,1.875576,36.221291
41,0.341667,-0.039411,0.874686,0.043098,0.481158,-0.102426,87.954643,19.29838,-0.02513,0.871034,0.123982,0.474655,-0.979382,95.842552,19.595963,-0.001015,0.876327,0.075125,0.475821,-4.006089,113.986778,23.197231,0.12119,0.928293,-0.074541,0.343554,-5.667635,136.407486,26.161152,0.158419,0.939127,-0.25359,0.16922,-0.32037,150.382767,23.875349,-0.036844,0.839779,0.129936,0.525862,-7.970032,131.217117,22.548752,0.358085,-0.604494,0.192764,-0.684985,-15.390961,132.466278,7.634349,0.269424,-0.02708,-0.35198,-0.895984,-10.588266,115.287277,-9.374242,0.307327,0.119972,-0.523095,-0.78583,7.901834,130.462173,-15.240555,-0.054735,0.922087,0.177858,0.339302,-3.731773,130.677155,29.009333,0.424107,0.849123,0.23421,-0.210403,9.02708,130.347153,39.787682,0.064819,0.245132,0.562119,-0.78723,22.625525,115.024582,26.084496,0.121136,0.056166,0.673822,-0.726729,16.198299,137.149231,14.187288,0.032902,0.873479,0.158015,0.45933,-5.273181,87.688583,11.112976,0.132303,0.932713,-0.012446,0.335242,-2.110198,53.495537,0.065016,0.006366,0.938446,0.011634,0.345172,-14.075899,8.254424,-3.0063,-0.049847,0.853817,-0.036665,0.516882,5.06833,88.220711,27.483782,0.016801,0.831116,-0.137341,0.53861,6.771596,52.42445,31.601149,-0.019585,0.822748,0.021638,0.567656,-1.47645,7.322702,41.458702,0.006366,0.938446,0.011634,0.345172,-4.686307,2.214468,-14.233822,-0.019585,0.822748,0.021638,0.567656,12.439227,1.878172,36.222885
42,0.35,-0.039456,0.874749,0.04328,0.481024,-0.09594,87.957092,19.290665,-0.02511,0.871049,0.124008,0.474622,-0.974859,95.844688,19.590563,-0.001334,0.876299,0.075245,0.475853,-4.000913,113.986763,23.192768,0.120622,0.928145,-0.07423,0.344221,-5.67785,136.406616,26.15447,0.159731,0.938392,-0.254589,0.170562,-0.346183,150.389023,23.875826,-0.03693,0.839789,0.129996,0.525825,-7.976302,131.214401,22.542233,0.358296,-0.604329,0.192764,-0.68502,-15.398309,132.462006,7.628237,0.269589,-0.026909,-0.351992,-0.895935,-10.585802,115.279266,-9.373805,0.307349,0.12002,-0.52309,-0.785817,7.904742,130.456238,-15.235668,-0.055027,0.922091,0.178203,0.339065,-3.738525,130.677841,29.003414,0.424094,0.849237,0.234364,-0.209794,9.024629,130.35434,39.776863,0.064751,0.247088,0.562541,-0.786322,22.636232,115.024445,26.094944,0.12322,0.062006,0.675504,-0.724339,16.284094,137.132309,14.131054,0.033017,0.873402,0.157982,0.459479,-5.269138,87.691803,11.106779,0.132298,0.932738,-0.012511,0.335173,-2.112617,53.498543,0.057638,0.006723,0.938371,0.011654,0.345369,-14.080138,8.257455,-3.006921,-0.049864,0.853807,-0.036779,0.516889,5.077257,88.222382,27.474552,0.01683,0.831053,-0.137344,0.538707,6.777227,52.426838,31.599539,-0.022475,0.822772,0.020254,0.567566,-1.474352,7.325265,41.454929,0.006723,0.938371,0.011654,0.345369,-4.689905,2.21447,-14.23228,-0.022475,0.822772,0.020254,0.567566,12.458684,1.896092,36.24942
43,0.358333,-0.039525,0.874694,0.043321,0.481115,-0.084286,87.956024,19.284084,-0.025262,0.871045,0.124067,0.474604,-0.964502,95.843483,19.583923,-0.001496,0.876306,0.075454,0.475808,-3.996326,113.983902,23.185162,0.119942,0.927955,-0.074333,0.344947,-5.684036,136.402313,26.151701,0.160842,0.937694,-0.255239,0.172373,-0.366792,150.38942,23.868185,-0.03711,0.83976,0.130168,0.525816,-7.980175,131.209732,22.538509,0.358378,-0.604159,0.192836,-0.685106,-15.402079,132.455307,7.62429,0.26964,-0.026806,-0.352065,-0.895894,-10.580833,115.269875,-9.372557,0.307383,0.120099,-0.523043,-0.785824,7.907227,130.45047,-15.231553,-0.055241,0.922087,0.178347,0.338964,-3.741734,130.673889,28.999317,0.424009,0.849299,0.234752,-0.209282,9.022908,130.355927,39.771175,0.065394,0.248583,0.563052,-0.785432,22.648661,115.026428,26.102913,0.126486,0.067293,0.67738,-0.721547,16.364491,137.116714,14.06858,0.033082,0.873376,0.15793,0.459541,-5.255681,87.690063,11.09908,0.13234,0.932702,-0.012632,0.335252,-2.104228,53.495956,0.05112,0.006444,0.938417,0.011643,0.345249,-14.078867,8.256197,-3.005256,-0.049838,0.853745,-0.036847,0.51699,5.087109,88.221985,27.46909,0.016859,0.831013,-0.137405,0.538751,6.782485,52.426617,31.597466,-0.019741,0.822686,0.02149,0.567746,-1.47495,7.326693,41.455509,0.006444,0.938417,0.011643,0.345249,-4.68831,2.215683,-14.231673,-0.019741,0.822686,0.02149,0.567746,12.442418,1.881238,36.225147
44,0.366667,-0.039767,0.874636,0.043521,0.481183,-0.058306,87.941887,19.27323,-0.02563,0.871025,0.124255,0.474573,-0.943424,95.828766,19.57391,-0.00176,0.876324,0.075571,0.475755,-3.993038,113.982162,23.177763,0.119296,0.927713,-0.074332,0.345819,-5.693618,136.399719,26.143309,0.161903,0.936957,-0.255884,0.174418,-0.390315,150.392014,23.859125,-0.037226,0.839695,0.130391,0.525856,-7.986979,131.205627,22.530535,0.358693,-0.604,0.192801,-0.685092,-15.407187,132.452148,7.615551,0.269972,-0.026576,-0.352129,-0.895776,-10.575795,115.261482,-9.373118,0.307577,0.120316,-0.523128,-0.785657,7.909717,130.444672,-15.228089,-0.055319,0.922091,0.17858,0.338817,-3.747777,130.672577,28.991074,0.423866,0.84945,0.235019,-0.208661,9.019924,130.355286,39.759319,0.066537,0.249687,0.563454,-0.784697,22.66444,115.024185,26.111591,0.130606,0.071946,0.678957,-0.718876,16.432102,137.091415,14.00671,0.033277,0.873419,0.157904,0.459455,-5.228052,87.673782,11.087255,0.13247,0.932588,-0.012903,0.335508,-2.090853,53.480003,0.034221,0.006178,0.938392,0.011953,0.34531,-14.084276,8.244124,-3.005801,-0.049684,0.853662,-0.037092,0.517124,5.111439,88.209984,27.459204,0.017031,0.831421,-0.137494,0.538093,6.787489,52.414822,31.597221,-0.019921,0.822747,0.021663,0.567646,-1.480005,7.317746,41.459839,0.006178,0.938392,0.011953,0.34531,-4.687829,2.21477,-14.233284,-0.019921,0.822747,0.021663,0.567646,12.43883,1.879538,36.225849
45,0.375,-0.040159,0.87455,0.043717,0.481289,-0.038117,87.935791,19.262938,-0.025788,0.871021,0.124393,0.474536,-0.930196,95.821899,19.563227,-0.00205,0.876339,0.075784,0.475692,-3.988187,113.979195,23.169889,0.118621,0.927451,-0.074397,0.346741,-5.704644,136.395248,26.137674,0.162795,0.936247,-0.256408,0.17662,-0.415209,150.392395,23.851068,-0.037358,0.839711,0.130532,0.525786,-7.994564,131.199844,22.524599,0.359107,-0.603773,0.192653,-0.685117,-15.416882,132.444794,7.610537,0.27029,-0.026369,-0.352296,-0.89562,-10.569162,115.250587,-9.369889,0.307762,0.120384,-0.523167,-0.785549,7.911118,130.440826,-15.223307,-0.055665,0.922123,0.178832,0.338541,-3.754454,130.669235,28.984743,0.423591,0.849782,0.234532,-0.208416,9.018189,130.361465,39.747398,0.067686,0.250531,0.563516,-0.784285,22.679239,115.027092,26.119884,0.134398,0.076083,0.681309,-0.715518,16.471966,137.06871,13.951307,0.033407,0.87345,0.157826,0.459412,-5.20528,87.66304,11.075485,0.132612,0.932501,-0.013096,0.335686,-2.079405,53.468121,0.022772,0.006292,0.938302,0.012187,0.345546,-14.090472,8.236241,-3.007204,-0.049606,0.85363,-0.037219,0.517175,5.129046,88.208534,27.450388,0.017132,0.831303,-0.137639,0.538235,6.795352,52.413486,31.593391,-0.019931,0.822792,0.021576,0.567583,-1.488955,7.320485,41.460533,0.006292,0.938302,0.012187,0.345546,-4.688707,2.21213,-14.233056,-0.019931,0.822792,0.021576,0.567583,12.428646,1.880301,36.225307
46,0.383333,-0.039504,0.874595,0.043425,0.481288,-0.053213,87.947395,19.259077,-0.025686,0.87109,0.124275,0.474446,-0.933984,95.834747,19.560347,-0.002254,0.876377,0.075958,0.475594,-3.983336,113.976242,23.161966,0.118273,0.927038,-0.074645,0.347909,-5.711319,136.391052,26.132452,0.1632,0.935545,-0.256861,0.179285,-0.424214,150.388733,23.843662,-0.037554,0.839786,0.130682,0.525615,-7.999088,131.194809,22.51923,0.359554,-0.603619,0.192325,-0.685111,-15.426913,132.43605,7.607602,0.270675,-0.026089,-0.352405,-0.895469,-10.563763,115.242432,-9.369011,0.307995,0.120404,-0.523339,-0.78534,7.912822,130.437546,-15.217827,-0.055873,0.922175,0.179013,0.338269,-3.757543,130.665771,28.978561,0.423485,0.849855,0.23472,-0.208118,9.020488,130.364105,39.734997,0.06967,0.250394,0.564035,-0.783782,22.692083,115.031136,26.116503,0.139804,0.079169,0.684047,-0.711524,16.510399,137.057968,13.89788,0.033163,0.873263,0.157768,0.459806,-5.221406,87.682991,11.072001,0.132618,0.932639,-0.012935,0.335304,-2.077137,53.485561,0.032287,0.006271,0.938369,0.011747,0.345379,-14.084927,8.253443,-3.007026,-0.049765,0.8535,-0.037156,0.517379,5.11498,88.211807,27.446154,0.017028,0.831318,-0.137538,0.538242,6.792415,52.417572,31.591648,-0.019989,0.822728,0.021533,0.567676,-1.478853,7.321617,41.456264,0.006271,0.938369,0.011747,0.345379,-4.688805,2.217495,-14.231242,-0.019989,0.822728,0.021533,0.567676,12.440204,1.881409,36.22493
47,0.391667,-0.040294,0.874486,0.043867,0.48138,-0.016156,87.93734,19.249609,-0.026065,0.871085,0.124476,0.474381,-0.911279,95.823074,19.550837,-0.002531,0.876409,0.076116,0.475508,-3.978384,113.974556,23.154842,0.117448,0.926751,-0.074693,0.34894,-5.720504,136.388214,26.12574,0.164035,0.934803,-0.257262,0.181805,-0.451034,150.392075,23.834085,-0.037794,0.839759,0.131139,0.525527,-8.005404,131.190521,22.5128,0.359921,-0.603414,0.192219,-0.685128,-15.435714,132.432709,7.602489,0.271026,-0.025873,-0.352525,-0.895322,-10.558396,115.235199,-9.366116,0.308184,0.120585,-0.523546,-0.7851,7.913701,130.434799,-15.212594,-0.056004,0.922251,0.179183,0.33795,-3.762612,130.6642,28.971533,0.423196,0.850213,0.234068,-0.207981,9.022133,130.366669,39.7201,0.071204,0.250195,0.564337,-0.78349,22.708582,115.030075,26.120609,0.14614,0.082497,0.685442,-0.708524,16.539249,137.042099,13.867516,0.033455,0.873419,0.157695,0.459513,-5.181412,87.663826,11.060981,0.132811,0.93249,-0.01326,0.33563,-2.061671,53.466152,0.015061,0.006142,0.938291,0.012216,0.345577,-14.095081,8.23963,-3.006138,-0.049457,0.853402,-0.037443,0.517548,5.1491,88.210861,27.438238,0.017043,0.831234,-0.137568,0.538362,6.796042,52.415962,31.590191,-0.021978,0.82277,0.020711,0.567572,-1.479362,7.320848,41.455166,0.006142,0.938291,0.012216,0.345577,-4.690719,2.217803,-14.231032,-0.021978,0.82277,0.020711,0.567572,12.451893,1.894366,36.242096
48,0.4,-0.040403,0.874396,0.043853,0.481535,0.001799,87.937401,19.243336,-0.026336,0.871096,0.124716,0.474282,-0.894787,95.823013,19.543377,-0.002675,0.8765,0.07608,0.475344,-3.974103,113.968956,23.149988,0.11725,0.926333,-0.074252,0.350208,-5.720606,136.382828,26.116673,0.164209,0.934082,-0.257915,0.184409,-0.455659,150.391434,23.843794,-0.037855,0.839888,0.131255,0.525287,-8.005521,131.183807,22.505657,0.360321,-0.603241,0.191983,-0.685137,-15.444112,132.42511,7.599403,0.271372,-0.025611,-0.352696,-0.895157,-10.551999,115.226662,-9.363996,0.308404,0.120787,-0.523681,-0.784892,7.913984,130.433334,-15.206763,-0.05626,0.922246,0.179296,0.337862,-3.760325,130.659897,28.963005,0.42308,0.850341,0.233891,-0.207892,9.025439,130.369522,39.710556,0.072844,0.249791,0.564689,-0.783214,22.718555,115.032257,26.118534,0.152353,0.085926,0.686327,-0.705947,16.559536,137.030121,13.836501,0.033578,0.873433,0.157604,0.459508,-5.160404,87.662109,11.052842,0.132935,0.932398,-0.013394,0.335831,-2.051489,53.462959,0.00845,0.006004,0.938246,0.012321,0.345696,-14.099136,8.239871,-3.007502,-0.049325,0.8533,-0.037506,0.517726,5.164001,88.2127,27.43383,0.017041,0.831177,-0.137615,0.538439,6.799597,52.417194,31.585073,-0.022842,0.82289,0.019898,0.567393,-1.47884,7.32328,41.452953,0.006004,0.938246,0.012321,0.345696,-4.689887,2.222262,-14.230564,-0.022842,0.82289,0.019898,0.567393,12.453262,1.89162,36.247547
49,0.408333,-0.04043,0.87441,0.043933,0.4815,0.011608,87.938431,19.237078,-0.026446,0.871127,0.124764,0.474208,-0.885954,95.823891,19.538057,-0.002952,0.876545,0.0762,0.475242,-3.969031,113.967026,23.144073,0.116929,0.925799,-0.074828,0.351602,-5.728774,136.380005,26.109718,0.164238,0.933436,-0.257872,0.187683,-0.461326,150.386185,23.827658,-0.037887,0.839896,0.131288,0.525264,-8.011142,131.179352,22.499428,0.360468,-0.603075,0.192061,-0.685183,-15.450461,132.420212,7.593499,0.271496,-0.025404,-0.352822,-0.895076,-10.549973,115.21727,-9.362909,0.308517,0.120909,-0.523862,-0.784708,7.912734,130.431122,-15.200438,-0.056385,0.922308,0.179369,0.337631,-3.764465,130.658447,28.956047,0.423161,0.850329,0.233864,-0.207805,9.026049,130.372574,39.698067,0.074159,0.249422,0.565284,-0.782779,22.717575,115.030884,26.109421,0.158479,0.089097,0.686033,-0.704489,16.58317,137.027054,13.805747,0.033583,0.873384,0.157563,0.459617,-5.151192,87.663383,11.04695,0.133064,0.932435,-0.013463,0.335675,-2.042645,53.46331,0.005301,0.006354,0.938179,0.012401,0.34587,-14.103949,8.243608,-3.006746,-0.049271,0.853286,-0.0376,0.517747,5.174408,88.21347,27.427202,0.017052,0.831104,-0.13765,0.538543,6.803095,52.418102,31.582272,-0.022573,0.822805,0.020085,0.56752,-1.479174,7.32511,41.45118,0.006354,0.938179,0.012401,0.34587,-4.694262,2.224687,-14.228739,-0.022573,0.822805,0.020085,0.56752,12.453164,1.893469,36.246368
50,0.416667,-0.040482,0.874413,0.043934,0.48149,0.021882,87.938156,19.233036,-0.026593,0.871154,0.124816,0.474135,-0.876396,95.823547,19.533638,-0.003196,0.8766,0.076252,0.475129,-3.964848,113.965607,23.13888,0.116418,0.925302,-0.075175,0.353004,-5.73502,136.378159,26.101538,0.164544,0.932662,-0.258074,0.190956,-0.472362,150.385315,23.814499,-0.038051,0.839905,0.131512,0.525182,-8.015591,131.175842,22.492516,0.360835,-0.602908,0.191954,-0.685167,-15.457366,132.41568,7.587727,0.271781,-0.025161,-0.353,-0.894927,-10.544943,115.208557,-9.360997,0.308671,0.121089,-0.524039,-0.784502,7.911009,130.429565,-15.19458,-0.05649,0.922353,0.179471,0.337437,-3.76728,130.65799,28.948303,0.423074,0.850384,0.233899,-0.20772,9.027218,130.375473,39.685669,0.075378,0.249149,0.565751,-0.782413,22.724108,115.035667,26.100313,0.16429,0.091932,0.685224,-0.703581,16.610073,137.025116,13.774976,0.03359,0.873337,0.15753,0.459716,-5.141027,87.662224,11.043007,0.133161,0.932436,-0.013521,0.335631,-2.032796,53.461433,0.003486,0.006058,0.938199,0.012363,0.345822,-14.104359,8.244287,-3.005956,-0.049265,0.853272,-0.037578,0.517773,5.184791,88.214081,27.423065,0.017168,0.830966,-0.137835,0.538704,6.813828,52.418541,31.576603,-0.02265,0.822825,0.020009,0.567491,-1.488678,7.330701,41.452045,0.006058,0.938199,0.012363,0.345822,-4.692571,2.227273,-14.227211,-0.02265,0.822825,0.020009,0.567491,12.443548,1.898515,36.247509
51,0.425,-0.040483,0.874449,0.04395,0.481423,0.031625,87.938553,19.227264,-0.026875,0.87129,0.125043,0.473811,-0.866763,95.823929,19.528154,-0.00341,0.876787,0.076188,0.474792,-3.967712,113.967064,23.137522,0.115862,0.924815,-0.075524,0.354387,-5.743909,136.37999,26.093727,0.164885,0.931816,-0.258303,0.194451,-0.487278,150.388489,23.801008,-0.038805,0.839117,0.132468,0.526145,-8.02523,131.175583,22.488184,0.360615,-0.603043,0.19274,-0.684944,-15.431239,132.416306,7.565664,0.271469,-0.024872,-0.353224,-0.89494,-10.541723,115.188911,-9.369077,0.308735,0.121182,-0.524172,-0.784373,7.90804,130.42511,-15.187831,-0.056437,0.922411,0.179587,0.337227,-3.771981,130.66153,28.941023,0.423095,0.850376,0.234075,-0.207509,9.027442,130.377411,39.67247,0.075894,0.249142,0.565994,-0.782189,22.727779,115.03627,26.092112,0.1692,0.095293,0.682221,-0.704887,16.629883,137.015091,13.757974,0.033649,0.873332,0.157477,0.459739,-5.132538,87.662682,11.038025,0.13319,0.932468,-0.013557,0.33553,-2.029443,53.460979,-0.000118,0.006107,0.938198,0.012368,0.345825,-14.10497,8.244666,-3.006046,-0.049272,0.853388,-0.037634,0.517577,5.195787,88.214424,27.416504,0.017254,0.831305,-0.138044,0.538124,6.824055,52.419247,31.5734,-0.022611,0.822996,0.01988,0.567248,-1.488819,7.337099,41.466095,0.006107,0.938198,0.012368,0.345825,-4.693647,2.227311,-14.227505,-0.022611,0.822996,0.01988,0.567248,12.439201,1.901034,36.254356
52,0.433333,-0.040477,0.874532,0.043913,0.481277,0.040363,87.940147,19.225683,-0.026758,0.871331,0.124873,0.473786,-0.857617,95.825577,19.52626,-0.003939,0.876739,0.076262,0.474865,-3.950712,113.964928,23.131275,0.115311,0.924198,-0.075902,0.356089,-5.74979,136.377167,26.078865,0.165178,0.930962,-0.258398,0.198131,-0.497431,150.386597,23.78199,-0.038928,0.839301,0.132202,0.52591,-8.025056,131.169205,22.47464,0.360816,-0.602875,0.19265,-0.685011,-15.439028,132.400543,7.555298,0.271584,-0.024471,-0.35344,-0.894832,-10.53781,115.172554,-9.375466,0.30888,0.121437,-0.524269,-0.784212,7.903963,130.420334,-15.180831,-0.056505,0.922409,0.179677,0.337172,-3.772938,130.661697,28.928741,0.422958,0.850415,0.234249,-0.207432,9.027472,130.379013,39.65905,0.076148,0.249252,0.566152,-0.782015,22.735092,115.043663,26.079494,0.173344,0.097727,0.678472,-0.707161,16.650242,137.016724,13.736958,0.033634,0.873368,0.157511,0.45966,-5.126529,87.663841,11.038179,0.13325,0.932451,-0.013615,0.335551,-2.022333,53.462852,-0.001851,0.006078,0.938205,0.012349,0.345808,-14.104739,8.248178,-3.004838,-0.049174,0.853396,-0.037691,0.517569,5.207256,88.216461,27.413183,0.017306,0.831077,-0.137959,0.538496,6.827434,52.420895,31.569946,-0.022799,0.822785,0.019809,0.56755,-1.489602,7.336718,41.449883,0.006078,0.938205,0.012349,0.345808,-4.693579,2.230588,-14.226309,-0.022799,0.822785,0.019809,0.56755,12.44354,1.902205,36.250229
53,0.441667,-0.040477,0.874579,0.04391,0.481192,0.048674,87.940804,19.222631,-0.026949,0.871383,0.124879,0.473677,-0.849248,95.826233,19.523243,-0.004178,0.876808,0.076292,0.474731,-3.94828,113.965584,23.12549,0.114662,0.923697,-0.076284,0.357515,-5.757047,136.377533,26.069397,0.165726,0.930093,-0.258505,0.201588,-0.512642,150.388718,23.765188,-0.038335,0.839949,0.13133,0.525137,-8.030828,131.167831,22.466738,0.361608,-0.602464,0.192066,-0.685118,-15.473459,132.396225,7.56143,0.272343,-0.024335,-0.35351,-0.894577,-10.536784,115.170715,-9.361556,0.309103,0.121658,-0.524385,-0.784012,7.90184,130.417267,-15.174473,-0.056531,0.922458,0.179817,0.336958,-3.776778,130.663513,28.919815,0.422973,0.850226,0.235101,-0.207211,9.028355,130.381409,39.644501,0.076555,0.249091,0.566482,-0.781787,22.739859,115.055511,26.058187,0.176973,0.098941,0.673907,-0.71045,16.6716,137.025818,13.714546,0.03367,0.873382,0.15752,0.459628,-5.119796,87.664345,11.036131,0.133307,0.932469,-0.013663,0.335476,-2.018022,53.463722,-0.005697,0.006339,0.938153,0.012399,0.34594,-14.107074,8.2506,-3.005377,-0.049139,0.853402,-0.037666,0.517563,5.217144,88.217255,27.409134,0.017269,0.831189,-0.138184,0.538267,6.836103,52.421303,31.563011,-0.022818,0.822992,0.019786,0.567249,-1.486659,7.342845,41.46418,0.006339,0.938153,0.012399,0.34594,-4.695548,2.23176,-14.225872,-0.022818,0.822992,0.019786,0.567249,12.44273,1.908013,36.254822
54,0.45,-0.040496,0.874656,0.043893,0.481051,0.058116,87.944962,19.220179,-0.027118,0.871442,0.124877,0.473559,-0.839898,95.830391,19.520559,-0.004463,0.876847,0.076334,0.474649,-3.943297,113.965691,23.119413,0.114313,0.923036,-0.076769,0.359226,-5.764007,136.377228,26.059004,0.165931,0.929162,-0.258688,0.205438,-0.517306,150.38678,23.750038,-0.038978,0.83929,0.132297,0.5259,-8.035417,131.165558,22.457722,0.361527,-0.602645,0.192703,-0.684823,-15.449611,132.39711,7.538508,0.272209,-0.023978,-0.353692,-0.894556,-10.535741,115.152084,-9.371225,0.309307,0.121795,-0.524397,-0.783902,7.898615,130.412201,-15.168839,-0.056557,0.922492,0.179901,0.336817,-3.780193,130.664902,28.910313,0.422729,0.850227,0.235386,-0.207382,9.028009,130.38356,39.631351,0.076506,0.249037,0.566344,-0.781909,22.746204,115.0728,26.034754,0.179055,0.099592,0.669658,-0.713848,16.668753,137.040665,13.694408,0.03371,0.873425,0.157529,0.459541,-5.112957,87.667854,11.035344,0.133333,0.932455,-0.013726,0.335502,-2.014477,53.467632,-0.008686,0.006161,0.938177,0.012314,0.345883,-14.107655,8.255323,-3.003955,-0.049083,0.853382,-0.037694,0.5176,5.229189,88.222069,27.405014,0.017308,0.831165,-0.13825,0.538286,6.84354,52.425873,31.558619,-0.02256,0.822959,0.019817,0.567307,-1.485787,7.34925,41.462631,0.006161,0.938177,0.012314,0.345883,-4.695817,2.235911,-14.223877,-0.02256,0.822959,0.019817,0.567307,12.442121,1.910799,36.25309
55,0.458333,-0.040559,0.874839,0.044049,0.480698,0.06577,87.948242,19.218405,-0.027187,0.871511,0.124751,0.473462,-0.834169,95.833374,19.520823,-0.004875,0.876842,0.076315,0.474658,-3.936732,113.967026,23.11421,0.113743,0.922324,-0.077378,0.3611,-5.773465,136.378525,26.044167,0.166332,0.928107,-0.258852,0.209633,-0.528479,150.387161,23.725815,-0.038938,0.839344,0.132346,0.525805,-8.040903,131.163712,22.444899,0.361903,-0.602463,0.192756,-0.68477,-15.458533,132.396759,7.527515,0.272581,-0.023732,-0.353757,-0.894423,-10.534872,115.142509,-9.369961,0.309507,0.12201,-0.52444,-0.783761,7.897684,130.405991,-15.16388,-0.056537,0.922563,0.180228,0.336449,-3.785869,130.668777,28.898054,0.422486,0.850297,0.235251,-0.207743,9.030684,130.385498,39.609058,0.076459,0.248534,0.56627,-0.782127,22.751614,115.086273,26.002234,0.181224,0.098655,0.665263,-0.717531,16.656553,137.061234,13.680514,0.03366,0.873447,0.157586,0.459483,-5.111773,87.671074,11.037663,0.133393,0.93247,-0.013748,0.335437,-2.008966,53.471912,-0.008404,0.006309,0.938165,0.012281,0.345913,-14.108189,8.261168,-3.002869,-0.04895,0.85344,-0.037875,0.517503,5.243313,88.225403,27.399147,0.017308,0.831076,-0.138039,0.538478,6.843158,52.429253,31.558743,-0.022723,0.82272,0.019807,0.567647,-1.477835,7.347152,41.444817,0.006309,0.938165,0.012281,0.345913,-4.697479,2.239391,-14.222471,-0.022723,0.82272,0.019807,0.567647,12.455801,1.911313,36.247883
56,0.466667,-0.040596,0.874802,0.043911,0.480776,0.077819,87.946899,19.216702,-0.027549,0.871554,0.124863,0.473332,-0.821616,95.832176,19.51684,-0.005082,0.876932,0.076271,0.474497,-3.937914,113.966728,23.108315,0.113519,0.92168,-0.077649,0.362755,-5.781399,136.378433,26.032373,0.166631,0.927108,-0.259229,0.21332,-0.533042,150.386139,23.716049,-0.039015,0.839292,0.132417,0.525864,-8.048246,131.161804,22.435383,0.362177,-0.602309,0.192899,-0.68472,-15.463614,132.394257,7.516824,0.272781,-0.023608,-0.353856,-0.894326,-10.533555,115.130272,-9.368838,0.309583,0.122125,-0.524412,-0.783732,7.89475,130.396942,-15.161671,-0.056741,0.922642,0.180391,0.336111,-3.790874,130.670212,28.887255,0.422144,0.85042,0.235122,-0.208083,9.032523,130.39357,39.590244,0.077131,0.247522,0.566232,-0.78241,22.760746,115.108742,25.974592,0.184084,0.096041,0.66096,-0.721125,16.637136,137.086746,13.670214,0.033731,0.873587,0.157572,0.459215,-5.098225,87.667915,11.03507,0.133462,0.932412,-0.013854,0.335564,-2.003749,53.468777,-0.013413,0.006491,0.938111,0.0124,0.346051,-14.11179,8.260036,-3.002395,-0.048902,0.853469,-0.03785,0.517462,5.253862,88.225883,27.398333,0.017339,0.831039,-0.138112,0.538516,6.851867,52.42926,31.554531,-0.02266,0.822723,0.019809,0.567645,-1.475697,7.349148,41.444138,0.006491,0.938111,0.0124,0.346051,-4.699397,2.23968,-14.22135,-0.02266,0.822723,0.019809,0.567645,12.457351,1.912302,36.24667
57,0.475,-0.040675,0.874946,0.044033,0.480497,0.085312,87.946724,19.213905,-0.027716,0.871634,0.12476,0.473203,-0.816044,95.831734,19.515421,-0.005333,0.877012,0.076234,0.474352,-3.935003,113.964401,23.100601,0.113001,0.920994,-0.078207,0.364533,-5.787202,136.376251,26.018127,0.167173,0.925972,-0.25948,0.217484,-0.539978,150.383057,23.69372,-0.039107,0.839324,0.132434,0.525802,-8.052871,131.157501,22.423445,0.362567,-0.602186,0.192865,-0.684632,-15.470169,132.387375,7.505633,0.273137,-0.023392,-0.353926,-0.894195,-10.532104,115.116028,-9.370144,0.309802,0.122214,-0.524409,-0.783633,7.8936,130.385483,-15.160237,-0.056557,0.922706,0.180503,0.335908,-3.79341,130.669769,28.874229,0.421574,0.850647,0.234891,-0.208568,9.035233,130.387543,39.570786,0.077156,0.246349,0.565972,-0.782965,22.77717,115.125107,25.943863,0.186301,0.09303,0.655869,-0.725585,16.609541,137.10881,13.682704,0.0337,0.873661,0.157604,0.459066,-5.095809,87.667191,11.035508,0.133475,0.932482,-0.013845,0.335365,-2.00018,53.468632,-0.01446,0.006348,0.938141,0.012336,0.345975,-14.109656,8.260179,-3.002085,-0.048841,0.853606,-0.037968,0.517232,5.266432,88.226257,27.392303,0.017419,0.831154,-0.138152,0.538325,6.857392,52.429848,31.553045,-0.022557,0.822672,0.019925,0.567719,-1.476105,7.351041,41.443592,0.006348,0.938141,0.012336,0.345975,-4.697698,2.239504,-14.221234,-0.022557,0.822672,0.019925,0.567719,12.457616,1.915279,36.246796
58,0.483333,-0.040687,0.874932,0.04392,0.48053,0.098677,87.943626,19.211754,-0.028025,0.871688,0.124814,0.473071,-0.802008,95.828773,19.51157,-0.005647,0.877081,0.076161,0.474233,-3.932073,113.96376,23.094112,0.11227,0.920383,-0.078635,0.366206,-5.794767,136.375961,26.00222,0.168101,0.924768,-0.259829,0.221439,-0.556042,150.384659,23.670042,-0.039089,0.839369,0.132465,0.525723,-8.058648,131.15451,22.410337,0.362595,-0.601943,0.193286,-0.684712,-15.478767,132.385025,7.493982,0.273273,-0.023352,-0.353945,-0.894147,-10.534287,115.102211,-9.368179,0.309997,0.122238,-0.524419,-0.783546,7.892754,130.373627,-15.159684,-0.056571,0.922794,0.18084,0.335482,-3.797493,130.671738,28.860378,0.421076,0.850832,0.234572,-0.20918,9.040661,130.388885,39.545498,0.077546,0.244647,0.565792,-0.78359,22.790701,115.147316,25.903389,0.188149,0.088619,0.652295,-0.728874,16.56889,137.145065,13.692034,0.033802,0.873781,0.157542,0.458851,-5.081792,87.662865,11.032986,0.133529,0.932459,-0.013883,0.335408,-1.997412,53.463398,-0.017311,0.006479,0.938101,0.012479,0.346077,-14.112556,8.256399,-3.003892,-0.048817,0.853688,-0.038074,0.517092,5.279146,88.224388,27.390522,0.017547,0.831241,-0.138171,0.538181,6.865409,52.428394,31.556629,-0.022643,0.822682,0.019802,0.567706,-1.477404,7.350519,41.443562,0.006479,0.938101,0.012479,0.346077,-4.699058,2.238324,-14.223141,-0.022643,0.822682,0.019802,0.567706,12.4562,1.913203,36.248077
59,0.491667,-0.040426,0.875116,0.043848,0.480224,0.091955,87.949188,19.211512,-0.028117,0.871836,0.124639,0.472839,-0.804453,95.83477,19.512661,-0.005882,0.87719,0.07611,0.474036,-3.931896,113.961937,23.086945,0.11167,0.919764,-0.079178,0.367824,-5.80222,136.374359,25.988419,0.168973,0.923565,-0.260156,0.225376,-0.567507,150.382919,23.646473,-0.039095,0.839392,0.132476,0.525683,-8.065525,131.150848,22.399193,0.362719,-0.601754,0.193503,-0.684751,-15.487048,132.381165,7.483518,0.273518,-0.023263,-0.353947,-0.894074,-10.535508,115.090332,-9.368359,0.310281,0.122235,-0.524461,-0.783406,7.890916,130.36087,-15.159932,-0.056709,0.922918,0.180943,0.335062,-3.80152,130.671875,28.847635,0.420621,0.850965,0.234309,-0.209848,9.045517,130.394913,39.522232,0.077956,0.242873,0.56559,-0.784247,22.800606,115.17466,25.861422,0.189599,0.083591,0.648266,-0.732677,16.5221,137.185471,13.702623,0.033645,0.873756,0.157605,0.458889,-5.094635,87.671791,11.036508,0.133494,0.932584,-0.013777,0.335076,-1.997775,53.472973,-0.012307,0.006502,0.938157,0.012237,0.345932,-14.107731,8.264833,-3.00272,-0.04895,0.853796,-0.038054,0.516902,5.278544,88.226578,27.386517,0.017652,0.831284,-0.13823,0.538097,6.874616,52.431404,31.555933,-0.022757,0.822675,0.019578,0.567719,-1.478257,7.355386,41.442852,0.006502,0.938157,0.012237,0.345932,-4.69899,2.239918,-14.22229,-0.022757,0.822675,0.019578,0.567719,12.455215,1.91458,36.250668
60,0.5,-0.040413,0.87517,0.043812,0.48013,0.099502,87.949814,19.209772,-0.02832,0.871984,0.124431,0.472609,-0.796419,95.835464,19.510612,-0.006107,0.877342,0.07616,0.473744,-3.92511,113.959648,23.074577,0.110776,0.919207,-0.079539,0.369407,-5.804487,136.371597,25.973791,0.170151,0.922173,-0.260849,0.229354,-0.583574,150.383896,23.623331,-0.039122,0.839495,0.132601,0.525485,-8.067497,131.146439,22.386778,0.362891,-0.601607,0.193636,-0.684751,-15.495891,132.377213,7.474566,0.273928,-0.023155,-0.353886,-0.893975,-10.538191,115.079407,-9.368335,0.310756,0.12223,-0.524537,-0.783167,7.889591,130.345657,-15.161058,-0.056902,0.922946,0.181203,0.334812,-3.799241,130.670517,28.83263,0.420093,0.851008,0.234582,-0.210425,9.052655,130.398163,39.501484,0.078526,0.240799,0.565372,-0.784986,22.81769,115.208687,25.816483,0.190646,0.077702,0.644141,-0.736681,16.474922,137.231689,13.717964,0.033681,0.873846,0.157561,0.458729,-5.088851,87.67218,11.035898,0.133503,0.932534,-0.013809,0.335212,-1.997769,53.472542,-0.011988,0.006516,0.938153,0.012283,0.345941,-14.109063,8.264714,-3.00165,-0.048961,0.853789,-0.038028,0.516915,5.287855,88.227448,27.383646,0.017784,0.831159,-0.138384,0.538246,6.885498,52.432217,31.551966,-0.022381,0.822635,0.019778,0.567785,-1.487171,7.360637,41.442375,0.006516,0.938153,0.012283,0.345941,-4.700078,2.240931,-14.221621,-0.022381,0.822635,0.019778,0.567785,12.444845,1.918305,36.24789
61,0.508333,-0.040463,0.875213,0.043831,0.480045,0.109633,87.950089,19.208508,-0.028496,0.872062,0.124382,0.472467,-0.787104,95.835648,19.509304,-0.006389,0.877422,0.076186,0.473588,-3.91987,113.958649,23.068815,0.110266,0.918508,-0.080325,0.371123,-5.810503,136.37027,25.963316,0.170961,0.920867,-0.261303,0.233447,-0.588189,150.379593,23.598293,-0.039214,0.83957,0.132619,0.525354,-8.071778,131.143036,22.378229,0.36313,-0.601508,0.193638,-0.684711,-15.504527,132.370834,7.467935,0.27426,-0.023117,-0.35381,-0.893905,-10.540971,115.068039,-9.368131,0.310978,0.122178,-0.524563,-0.78307,7.888897,130.329346,-15.163666,-0.057126,0.923058,0.181569,0.334266,-3.801293,130.670959,28.822887,0.419586,0.85107,0.234647,-0.211112,9.061949,130.404938,39.478226,0.078814,0.238834,0.565126,-0.785735,22.833677,115.244041,25.768269,0.191191,0.07182,0.640068,-0.740676,16.427496,137.283813,13.732806,0.033619,0.873931,0.157576,0.458568,-5.080215,87.671661,11.035605,0.133617,0.932749,-0.013732,0.33457,-1.986702,53.472073,-0.011764,0.006557,0.938148,0.012293,0.345955,-14.107421,8.266902,-3.003444,-0.048904,0.853823,-0.038076,0.516861,5.299481,88.228516,27.381409,0.017765,0.831282,-0.138546,0.538015,6.892134,52.433144,31.550451,-0.022597,0.822866,0.0195,0.567451,-1.484488,7.365718,41.456425,0.006557,0.938148,0.012293,0.345955,-4.698521,2.242982,-14.223419,-0.022597,0.822866,0.0195,0.567451,12.443645,1.920194,36.254875
62,0.516667,-0.040486,0.87528,0.043754,0.479929,0.117463,87.948982,19.207809,-0.028692,0.872164,0.124404,0.47226,-0.778964,95.834625,19.507498,-0.006719,0.877533,0.076116,0.473388,-3.91778,113.957642,23.065096,0.109967,0.917759,-0.081282,0.372853,-5.8194,136.369553,25.950203,0.171624,0.919591,-0.26162,0.237597,-0.588162,150.372726,23.568579,-0.039352,0.839619,0.132695,0.525246,-8.079292,131.13945,22.368402,0.363366,-0.601313,0.193742,-0.684728,-15.515465,132.364197,7.459568,0.274589,-0.023105,-0.353791,-0.893812,-10.542335,115.054214,-9.366282,0.311283,0.122057,-0.524486,-0.78302,7.888073,130.312683,-15.166603,-0.057222,0.923176,0.181922,0.33373,-3.80594,130.672607,28.811544,0.418921,0.851092,0.235271,-0.211649,9.06891,130.409103,39.452919,0.079019,0.236814,0.564752,-0.786595,22.856934,115.288368,25.715002,0.191391,0.066391,0.636225,-0.744433,16.380028,137.3405,13.74859,0.033898,0.87403,0.157404,0.458417,-5.074519,87.669319,11.036307,0.133444,0.932047,-0.014009,0.336579,-2.006287,53.467178,-0.010224,0.006003,0.938152,0.012436,0.345948,-14.114404,8.258393,-2.998284,-0.048829,0.85378,-0.038128,0.516935,5.309444,88.228645,27.379313,0.017791,0.831279,-0.138563,0.538013,6.895194,52.433037,31.548891,-0.022684,0.822835,0.01948,0.567493,-1.484292,7.366136,41.454845,0.006003,0.938152,0.012436,0.345948,-4.69867,2.243908,-14.217584,-0.022684,0.822835,0.01948,0.567493,12.445059,1.921623,36.255501
63,0.525,-0.040519,0.875321,0.043693,0.479857,0.12827,87.948479,19.206434,-0.02885,0.872261,0.124468,0.472056,-0.768124,95.83416,19.505083,-0.00702,0.877655,0.076075,0.473165,-3.912186,113.955093,23.062408,0.109507,0.917019,-0.081865,0.374676,-5.824172,136.367096,25.939905,0.172474,0.918087,-0.262494,0.241799,-0.591731,150.368484,23.55052,-0.039476,0.839706,0.132791,0.525073,-8.082984,131.13446,22.36113,0.363346,-0.601153,0.194004,-0.684804,-15.524882,132.356506,7.454935,0.274838,-0.02313,-0.353682,-0.893777,-10.547301,115.040421,-9.363306,0.31168,0.121904,-0.52456,-0.782836,7.887949,130.293823,-15.167898,-0.057364,0.923299,0.182157,0.333238,-3.80642,130.672302,28.802473,0.418149,0.851273,0.235275,-0.212443,9.078834,130.413788,39.431362,0.078674,0.235148,0.564246,-0.787491,22.882114,115.330978,25.66711,0.191348,0.061683,0.632333,-0.748155,16.334751,137.400253,13.769568,0.033789,0.874071,0.157427,0.458339,-5.064988,87.667587,11.035788,0.133563,0.932583,-0.013798,0.335053,-1.990067,53.465439,-0.008857,0.006246,0.938203,0.012382,0.345809,-14.106612,8.259073,-2.999309,-0.04873,0.853791,-0.038231,0.516918,5.321528,88.22937,27.377081,0.017805,0.831269,-0.138562,0.538029,6.897419,52.43362,31.54929,-0.022654,0.822791,0.019409,0.567561,-1.483247,7.366738,41.454308,0.006246,0.938203,0.012382,0.345809,-4.697218,2.240716,-14.221846,-0.022654,0.822791,0.019409,0.567561,12.446243,1.920002,36.257675
64,0.533333,-0.040414,0.875394,0.043499,0.47975,0.130976,87.945999,19.20475,-0.028836,0.872402,0.124415,0.47181,-0.762461,95.832085,19.501623,-0.007396,0.8778,0.076024,0.472899,-3.9039,113.952003,23.058105,0.109225,0.916372,-0.082537,0.376191,-5.828879,136.36412,25.926081,0.173603,0.916666,-0.263379,0.245391,-0.590777,150.361649,23.526436,-0.039301,0.840047,0.132467,0.524622,-8.086244,131.128342,22.351007,0.363695,-0.600954,0.193874,-0.684831,-15.544426,132.347183,7.452693,0.275387,-0.023114,-0.353548,-0.893662,-10.552567,115.02845,-9.358591,0.312098,0.121769,-0.524583,-0.782675,7.887085,130.273254,-15.169999,-0.057702,0.923377,0.182458,0.332798,-3.805865,130.671982,28.79023,0.417548,0.851431,0.235083,-0.213203,9.087886,130.423386,39.409046,0.078219,0.233734,0.56379,-0.788284,22.899986,115.369308,25.6222,0.191231,0.057836,0.628841,-0.751429,16.291149,137.455841,13.787153,0.033718,0.87408,0.157392,0.458339,-5.064438,87.664932,11.03548,0.133616,0.932666,-0.013723,0.334803,-1.986251,53.461639,-0.00471,0.006377,0.938199,0.012395,0.345814,-14.105792,8.256399,-3.000098,-0.048721,0.853768,-0.038312,0.516952,5.326391,88.227066,27.374018,0.017888,0.831098,-0.138436,0.538323,6.898489,52.431702,31.550957,-0.022736,0.822627,0.019414,0.567796,-1.48586,7.361812,41.43919,0.006377,0.938199,0.012395,0.345814,-4.697721,2.237109,-14.223245,-0.022736,0.822627,0.019414,0.567796,12.447373,1.916656,36.250942
65,0.541667,-0.040424,0.875452,0.043411,0.479651,0.139483,87.94577,19.202454,-0.028984,0.872499,0.124517,0.471594,-0.753391,95.83197,19.498135,-0.007679,0.877918,0.075932,0.47269,-3.900433,113.949966,23.055855,0.108879,0.91572,-0.083052,0.377763,-5.834032,136.362518,25.914577,0.174803,0.915143,-0.264526,0.248965,-0.593315,150.357971,23.508539,-0.039509,0.840126,0.132693,0.524423,-8.090644,131.124146,22.342838,0.363369,-0.600754,0.194471,-0.68501,-15.555265,132.340103,7.447508,0.27541,-0.023277,-0.353384,-0.893716,-10.562963,115.012756,-9.354755,0.312388,0.121672,-0.524508,-0.782625,7.884833,130.251312,-15.172456,-0.057956,0.923447,0.182904,0.332314,-3.807269,130.672562,28.780409,0.416705,0.851673,0.234975,-0.214001,9.09625,130.429916,39.387501,0.077567,0.232423,0.563194,-0.789161,22.926231,115.414383,25.576586,0.191353,0.055,0.625702,-0.754226,16.251457,137.51355,13.80691,0.033757,0.874079,0.157326,0.458361,-5.057758,87.663589,11.034382,0.133611,0.93262,-0.013709,0.334935,-1.983958,53.459,-0.002988,0.006337,0.938233,0.012353,0.345726,-14.102216,8.253604,-3.001155,-0.048579,0.853757,-0.038492,0.51697,5.336725,88.227951,27.370525,0.017799,0.831173,-0.138306,0.538243,6.893291,52.432587,31.553236,-0.022756,0.822635,0.019318,0.567786,-1.476642,7.359034,41.436993,0.006337,0.938233,0.012353,0.345726,-4.695951,2.233591,-14.22543,-0.022756,0.822635,0.019318,0.567786,12.456072,1.911877,36.249439
66,0.55,-0.040476,0.875524,0.043398,0.479517,0.149213,87.946022,19.200682,-0.029238,0.872587,0.124564,0.471402,-0.744234,95.832169,19.49592,-0.007896,0.87803,0.075851,0.472491,-3.899665,113.949478,23.05139,0.108266,0.915104,-0.083589,0.37931,-5.839502,136.362427,25.902697,0.176241,0.913477,-0.26592,0.252558,-0.603125,150.357742,23.486414,-0.039554,0.840244,0.132562,0.524263,-8.09588,131.121994,22.333836,0.364108,-0.600788,0.194123,-0.684687,-15.565976,132.333542,7.440889,0.2761,-0.023152,-0.353287,-0.893544,-10.569027,114.998543,-9.352106,0.312708,0.121523,-0.524353,-0.782623,7.879169,130.228073,-15.173759,-0.058244,0.923485,0.18329,0.331945,-3.80964,130.67421,28.769764,0.415956,0.851839,0.235105,-0.214655,9.10097,130.438507,39.368382,0.076892,0.231403,0.562563,-0.789977,22.947893,115.459969,25.534285,0.19088,0.052926,0.623101,-0.756643,16.212217,137.567764,13.819602,0.033908,0.874107,0.157174,0.45835,-5.050429,87.662674,11.034177,0.133556,0.932347,-0.013776,0.335712,-1.991417,53.45536,0.001138,0.006108,0.938227,0.012464,0.345742,-14.104608,8.248774,-2.999567,-0.048526,0.853791,-0.038535,0.516915,5.348856,88.22937,27.367188,0.017866,0.831308,-0.138572,0.537964,6.900819,52.433872,31.550451,-0.022567,0.822852,0.019218,0.567483,-1.484351,7.36745,41.453766,0.006108,0.938227,0.012464,0.345742,-4.694855,2.234062,-14.223763,-0.022567,0.822852,0.019218,0.567483,12.442181,1.91455,36.255646
67,0.558333,-0.040509,0.875558,0.043311,0.47946,0.158139,87.945488,19.200113,-0.029387,0.872655,0.124586,0.471262,-0.735088,95.831711,19.493952,-0.00817,0.87811,0.075829,0.472342,-3.895254,113.948822,23.048056,0.107951,0.914466,-0.084196,0.380802,-5.845052,136.361725,25.892941,0.17731,0.911984,-0.267149,0.255887,-0.604506,150.353928,23.467623,-0.039046,0.840973,0.131763,0.523334,-8.099956,131.11908,22.326378,0.364899,-0.600369,0.193658,-0.684765,-15.603924,132.325836,7.450084,0.27708,-0.023268,-0.353142,-0.893295,-10.573277,114.989899,-9.331867,0.313188,0.12144,-0.524379,-0.782427,7.876916,130.203766,-15.172577,-0.058509,0.923533,0.183679,0.33155,-3.811606,130.675369,28.761185,0.414924,0.852147,0.235336,-0.215175,9.106723,130.446045,39.350529,0.076284,0.230604,0.561766,-0.790836,22.984871,115.513039,25.498516,0.190574,0.051312,0.620777,-0.758739,16.184755,137.619888,13.829127,0.034005,0.87409,0.157091,0.458402,-5.042523,87.66069,11.03431,0.133563,0.932307,-0.01377,0.33582,-1.991708,53.451981,0.003351,0.006365,0.938196,0.012591,0.345816,-14.104901,8.245537,-2.999524,-0.048424,0.853847,-0.038653,0.516824,5.358802,88.230278,27.365917,0.01787,0.831326,-0.13855,0.537942,6.900488,52.434723,31.552528,-0.022562,0.822855,0.019138,0.56748,-1.4836,7.367727,41.454151,0.006365,0.938196,0.012591,0.345816,-4.695781,2.231764,-14.22475,-0.022562,0.822855,0.019138,0.56748,12.442367,1.912793,36.256668
68,0.566667,-0.040532,0.87559,0.043278,0.479403,0.166064,87.944962,19.198612,-0.029553,0.872731,0.124597,0.471109,-0.727217,95.8312,19.491877,-0.008412,0.878195,0.075808,0.472183,-3.892457,113.948288,23.044008,0.10758,0.913802,-0.08481,0.382361,-5.850941,136.36116,25.883213,0.178517,0.910329,-0.268659,0.259336,-0.60733,150.350571,23.448536,-0.039666,0.840467,0.132698,0.523863,-8.104743,131.116547,22.318851,0.364664,-0.600539,0.194466,-0.684511,-15.588564,132.325272,7.432568,0.277118,-0.023129,-0.352986,-0.893349,-10.583467,114.968361,-9.335349,0.313595,0.12132,-0.524369,-0.782289,7.875018,130.180298,-15.169342,-0.058829,0.923564,0.184122,0.331161,-3.814138,130.676483,28.752405,0.414038,0.852408,0.235497,-0.215673,9.111535,130.45459,39.332943,0.075695,0.229996,0.561123,-0.791525,23.015297,115.560951,25.464231,0.190191,0.049743,0.618583,-0.760729,16.164217,137.66803,13.832736,0.034056,0.874054,0.15708,0.458471,-5.035617,87.659393,11.033484,0.133576,0.932253,-0.01383,0.335961,-1.98752,53.450668,0.001783,0.006569,0.938212,0.012638,0.345769,-14.103309,8.24472,-2.998134,-0.048343,0.853804,-0.038729,0.516896,5.367745,88.23053,27.363741,0.017862,0.831287,-0.138567,0.537998,6.90132,52.434837,31.552151,-0.022477,0.822871,0.019139,0.567461,-1.483642,7.368264,41.454952,0.006569,0.938212,0.012638,0.345769,-4.697448,2.230238,-14.225717,-0.022477,0.822871,0.019139,0.567461,12.441298,1.911908,36.256199
69,0.575,-0.040543,0.875612,0.043215,0.479367,0.172845,87.944969,19.19742,-0.029644,0.872793,0.124604,0.470986,-0.720094,95.831284,19.489761,-0.008689,0.878259,0.075836,0.472054,-3.888113,113.949219,23.04114,0.107372,0.913181,-0.085499,0.383748,-5.857831,136.361664,25.875824,0.179662,0.908797,-0.270142,0.26236,-0.606704,150.346405,23.430481,-0.039204,0.841189,0.131859,0.522951,-8.109716,131.115067,22.313187,0.36542,-0.600199,0.193958,-0.684551,-15.626669,132.317108,7.443065,0.278144,-0.023119,-0.352747,-0.893124,-10.591701,114.960709,-9.316434,0.314198,0.12124,-0.524285,-0.782116,7.8724,130.154968,-15.163427,-0.05917,0.923641,0.184746,0.330538,-3.817298,130.678726,28.745783,0.413104,0.852828,0.235063,-0.216275,9.120817,130.464462,39.311256,0.075083,0.229564,0.560474,-0.792169,23.049877,115.603874,25.432474,0.189937,0.048077,0.616969,-0.762208,16.149387,137.716309,13.82909,0.034067,0.874043,0.157046,0.458503,-5.029476,87.658592,11.032728,0.133586,0.932238,-0.013826,0.335999,-1.982821,53.449142,0.002861,0.006487,0.938245,0.012653,0.345678,-14.09924,8.243436,-2.998159,-0.048284,0.853907,-0.038782,0.516728,5.375166,88.231354,27.362112,0.017884,0.831292,-0.138576,0.537988,6.903957,52.435547,31.551271,-0.02256,0.822856,0.018991,0.567484,-1.483101,7.369286,41.453724,0.006487,0.938245,0.012653,0.345678,-4.694527,2.230207,-14.227371,-0.02256,0.822856,0.018991,0.567484,12.442001,1.910744,36.257706
70,0.583333,-0.040558,0.875557,0.043105,0.479477,0.186215,87.93911,19.195318,-0.029768,0.872817,0.12463,0.470927,-0.706127,95.825562,19.485903,-0.009009,0.878309,0.075765,0.471967,-3.878964,113.94622,23.036776,0.106721,0.912655,-0.085926,0.385083,-5.859617,136.358917,25.861961,0.181324,0.907116,-0.271814,0.26529,-0.615655,150.344711,23.407301,-0.039151,0.841467,0.131936,0.522487,-8.109381,131.109619,22.301956,0.365715,-0.600074,0.194122,-0.684456,-15.642656,132.312088,7.440135,0.278793,-0.022958,-0.352483,-0.89303,-10.603401,114.944603,-9.306585,0.314843,0.121133,-0.524166,-0.781953,7.870629,130.127411,-15.154182,-0.059545,0.923622,0.185208,0.330266,-3.815771,130.678253,28.734095,0.412262,0.853148,0.235035,-0.216652,9.126857,130.472092,39.294201,0.074769,0.229175,0.559935,-0.792692,23.082117,115.644455,25.406498,0.189848,0.046811,0.615957,-0.763128,16.140799,137.756332,13.823501,0.034184,0.874085,0.156961,0.458444,-5.014053,87.651596,11.029361,0.133604,0.93221,-0.013877,0.336069,-1.978307,53.440796,0.000666,0.00623,0.938267,0.012767,0.345621,-14.097625,8.235672,-2.997418,-0.048172,0.853945,-0.038943,0.516663,5.386484,88.226631,27.361277,0.017974,0.831244,-0.138441,0.538094,6.902647,52.43095,31.556065,-0.022284,0.822711,0.01924,0.567698,-1.485923,7.361475,41.442608,0.00623,0.938267,0.012767,0.345621,-4.690793,2.22817,-14.227922,-0.022284,0.822711,0.01924,0.567698,12.440805,1.904353,36.249454
71,0.591667,-0.040524,0.875564,0.043011,0.479474,0.192052,87.938057,19.194302,-0.029978,0.872875,0.124768,0.470769,-0.699115,95.824669,19.483856,-0.0091,0.878411,0.075793,0.471769,-3.881075,113.946297,23.036507,0.106421,0.912232,-0.08564,0.38623,-5.8653,136.358719,25.861328,0.182617,0.905578,-0.273891,0.267513,-0.627656,150.34903,23.419033,-0.039365,0.841549,0.131875,0.522354,-8.115472,131.108734,22.302578,0.365827,-0.600007,0.194348,-0.684391,-15.652823,132.303436,7.442199,0.279145,-0.022948,-0.352226,-0.893022,-10.613953,114.926842,-9.295182,0.315174,0.121052,-0.523859,-0.782038,7.867805,130.09697,-15.144533,-0.059807,0.923726,0.185474,0.329776,-3.819005,130.67865,28.732889,0.411568,0.853377,0.235166,-0.216924,9.133382,130.480881,39.281178,0.074718,0.228797,0.559511,-0.793105,23.111,115.68235,25.384933,0.190092,0.045915,0.61526,-0.763683,16.136539,137.78952,13.816357,0.034193,0.874076,0.156902,0.45848,-5.008316,87.650238,11.028419,0.133632,0.93223,-0.01384,0.336005,-1.974675,53.438164,0.003134,0.00634,0.938281,0.012759,0.345582,-14.095384,8.233634,-2.998235,-0.048176,0.854137,-0.038976,0.516343,5.39242,88.225876,27.360184,0.018087,0.831386,-0.138475,0.537861,6.909209,52.430405,31.556568,-0.02232,0.822737,0.019082,0.567663,-1.487091,7.362208,41.442371,0.00634,0.938281,0.012759,0.345582,-4.690806,2.224813,-14.229918,-0.02232,0.822737,0.019082,0.567663,12.43857,1.901834,36.249783
72,0.6,-0.040542,0.875592,0.042932,0.479429,0.198424,87.935699,19.193296,-0.029964,0.872922,0.124803,0.470673,-0.692379,95.822395,19.481655,-0.009392,0.878455,0.075725,0.471693,-3.874026,113.943222,23.035946,0.106172,0.911751,-0.086119,0.387325,-5.868176,136.355865,25.851971,0.183874,0.904175,-0.275444,0.269792,-0.627444,150.343674,23.402006,-0.039497,0.841787,0.131936,0.521946,-8.116399,131.103424,22.295635,0.365982,-0.59989,0.194551,-0.684353,-15.667635,132.29335,7.441918,0.279653,-0.022771,-0.351945,-0.892979,-10.625715,114.907814,-9.285246,0.315731,0.121073,-0.523523,-0.782035,7.865749,130.066315,-15.131539,-0.060156,0.923757,0.185738,0.329477,-3.8189,130.677902,28.725561,0.410722,0.853783,0.234965,-0.217147,9.138683,130.489899,39.267654,0.07477,0.228559,0.559003,-0.793527,23.145828,115.719154,25.371574,0.190743,0.045196,0.615036,-0.763744,16.136234,137.818146,13.808153,0.034218,0.874094,0.156908,0.458442,-5.00275,87.646774,11.027963,0.133656,0.93218,-0.013875,0.336132,-1.970997,53.434952,0.001385,0.006319,0.938291,0.012731,0.345555,-14.094484,8.231121,-2.999279,-0.048125,0.854229,-0.039061,0.516189,5.399598,88.224617,27.358631,0.018123,0.831433,-0.138454,0.537793,6.910817,52.429272,31.558058,-0.022229,0.822728,0.019079,0.567681,-1.486444,7.360649,41.441113,0.006319,0.938291,0.012731,0.345555,-4.69041,2.221755,-14.231094,-0.022229,0.822728,0.019079,0.567681,12.438575,1.898655,36.248493
73,0.608333,-0.040441,0.875608,0.042787,0.479422,0.19948,87.932899,19.19273,-0.029992,0.872991,0.124688,0.470574,-0.688814,95.819923,19.479855,-0.009648,0.878519,0.075669,0.471578,-3.86915,113.942841,23.030537,0.105851,0.911273,-0.087339,0.388263,-5.871965,136.355652,25.839117,0.185179,0.902893,-0.276381,0.272227,-0.622688,150.335114,23.359892,-0.0395,0.842044,0.131729,0.521584,-8.118802,131.101028,22.28513,0.366219,-0.5998,0.194728,-0.684255,-15.682671,132.285339,7.437396,0.280163,-0.0225,-0.35161,-0.892957,-10.638822,114.889381,-9.278363,0.316084,0.121191,-0.523279,-0.782037,7.864682,130.035843,-15.116917,-0.060387,0.923754,0.185996,0.329298,-3.819696,130.67955,28.714249,0.410028,0.854112,0.234849,-0.21729,9.140887,130.496948,39.252739,0.074931,0.228352,0.558787,-0.793724,23.173029,115.749191,25.357473,0.191631,0.044432,0.615417,-0.76326,16.144722,137.847977,13.794288,0.034221,0.874054,0.156912,0.458516,-5.001996,87.644318,11.027579,0.133665,0.932138,-0.013903,0.336244,-1.96935,53.43261,0.000863,0.006188,0.938323,0.012699,0.345472,-14.094125,8.229074,-2.99914,-0.04816,0.854305,-0.039093,0.516058,5.400957,88.221481,27.35788,0.018184,0.831524,-0.138479,0.537644,6.913736,52.426552,31.560383,-0.022348,0.822829,0.018948,0.567534,-1.487725,7.358778,41.443722,0.006188,0.938323,0.012699,0.345472,-4.69066,2.220149,-14.2317,-0.022348,0.822829,0.018948,0.567534,12.435756,1.895577,36.248249
74,0.616667,-0.040479,0.875613,0.042752,0.479412,0.206255,87.932083,19.192192,-0.030067,0.873061,0.124716,0.470433,-0.682311,95.819107,19.478556,-0.009792,0.878612,0.075583,0.471415,-3.865086,113.942108,23.029417,0.105414,0.911063,-0.087316,0.388881,-5.871279,136.355392,25.831884,0.186886,0.90162,-0.278054,0.273572,-0.631268,150.338303,23.352543,-0.039776,0.842277,0.131598,0.52122,-8.118341,131.099243,22.280287,0.36598,-0.599657,0.195176,-0.684381,-15.694167,132.271591,7.437702,0.280344,-0.022307,-0.351291,-0.893031,-10.650494,114.868973,-9.271173,0.316432,0.121403,-0.523014,-0.782041,7.864581,130.00528,-15.100095,-0.060768,0.923769,0.186231,0.329052,-3.816894,130.680557,28.708019,0.409447,0.854406,0.234687,-0.217407,9.147549,130.508682,39.241943,0.074942,0.22836,0.558375,-0.794011,23.200655,115.779068,25.348616,0.192192,0.044821,0.615596,-0.762952,16.146965,137.874283,13.780268,0.034232,0.874114,0.156895,0.458406,-4.995328,87.642517,11.027145,0.133686,0.932172,-0.013909,0.336139,-1.965304,53.430481,0.000747,0.006177,0.938349,0.012719,0.345401,-14.092414,8.227494,-2.99798,-0.048137,0.854331,-0.039107,0.516015,5.407838,88.221649,27.357239,0.01816,0.831691,-0.138647,0.537343,6.918892,52.426647,31.559673,-0.020748,0.822952,0.019572,0.567394,-1.485554,7.363164,41.460003,0.006177,0.938349,0.012719,0.345401,-4.690439,2.219235,-14.232141,-0.020748,0.822952,0.019572,0.567394,12.425016,1.887934,36.242668
75,0.625,-0.0405,0.875622,0.04275,0.479393,0.212839,87.931442,19.191261,-0.03014,0.873108,0.124761,0.470329,-0.675988,95.818443,19.477446,-0.009989,0.878675,0.075456,0.471314,-3.861506,113.940857,23.028805,0.105535,0.910623,-0.088026,0.389716,-5.872482,136.354828,25.822262,0.187575,0.900611,-0.279093,0.275359,-0.61809,150.330353,23.331726,-0.039894,0.842488,0.131331,0.520936,-8.119013,131.096649,22.273333,0.366263,-0.599615,0.195232,-0.684249,-15.704388,132.259521,7.434881,0.280767,-0.022041,-0.351035,-0.893005,-10.659343,114.848648,-9.264968,0.316621,0.121674,-0.522613,-0.782191,7.862714,129.974487,-15.085189,-0.061018,0.92379,0.186311,0.328903,-3.816154,130.681702,28.700363,0.408663,0.854801,0.234726,-0.217286,9.150548,130.517624,39.231628,0.075246,0.22841,0.558016,-0.79422,23.237885,115.812073,25.347471,0.193277,0.044646,0.615572,-0.762707,16.165445,137.892273,13.768536,0.034333,0.874169,0.156821,0.45832,-4.989069,87.641479,11.026435,0.133649,0.931699,-0.014123,0.337454,-1.968972,53.428261,0.000964,0.006142,0.93833,0.012822,0.345449,-14.095356,8.224898,-2.995064,-0.048083,0.854295,-0.039203,0.516074,5.414747,88.221405,27.356089,0.018273,0.83159,-0.138482,0.537538,6.918613,52.426563,31.562498,-0.020929,0.822714,0.019537,0.567734,-1.488701,7.359177,41.442619,0.006142,0.93833,0.012822,0.345449,-4.691373,2.219817,-14.229245,-0.020929,0.822714,0.019537,0.567734,12.427628,1.886224,36.238262
76,0.633333,-0.040524,0.875641,0.042709,0.479361,0.219659,87.929291,19.191669,-0.030216,0.873172,0.124781,0.470199,-0.669178,95.816315,19.477146,-0.010073,0.87876,0.075422,0.47116,-3.857069,113.93869,23.028343,0.106109,0.910254,-0.088534,0.390307,-5.870221,136.352798,25.819036,0.187882,0.899918,-0.279995,0.276499,-0.592676,150.319214,23.326315,-0.039919,0.842623,0.131458,0.520684,-8.117217,131.093781,22.271671,0.366111,-0.599505,0.195915,-0.684233,-15.711313,132.256866,7.437693,0.281146,-0.022024,-0.350915,-0.892933,-10.672876,114.829636,-9.247087,0.31734,0.122303,-0.522011,-0.782203,7.849601,129.945694,-15.070209,-0.061225,0.923855,0.18622,0.328733,-3.812133,130.680405,28.697315,0.408272,0.85502,0.234651,-0.217242,9.157478,130.524918,39.225132,0.075431,0.228512,0.557958,-0.794214,23.26149,115.830139,25.3465,0.194177,0.044679,0.615783,-0.762306,16.187498,137.907013,13.757348,0.034264,0.874228,0.156875,0.458194,-4.982809,87.638512,11.027227,0.133699,0.932203,-0.013912,0.336048,-1.958148,53.42617,0.000281,0.006157,0.938385,0.012779,0.3453,-14.086705,8.223501,-2.997431,-0.04804,0.85428,-0.039226,0.5161,5.422126,88.22007,27.356112,0.018286,0.831557,-0.138519,0.53758,6.922392,52.425076,31.562445,-0.020859,0.822706,0.019559,0.567748,-1.48828,7.358688,41.444275,0.006157,0.938385,0.012779,0.3453,-4.686606,2.217155,-14.23419,-0.020859,0.822706,0.019559,0.567748,12.427697,1.885085,36.239662
77,0.641667,-0.040533,0.875698,0.042613,0.479265,0.223899,87.925911,19.192013,-0.030285,0.873232,0.124843,0.470067,-0.664303,95.813057,19.476183,-0.010204,0.878839,0.075221,0.471041,-3.855465,113.937378,23.02914,0.106107,0.90999,-0.089028,0.390812,-5.869139,136.352753,25.809326,0.188785,0.899098,-0.280859,0.277672,-0.584185,150.314682,23.307264,-0.039825,0.842842,0.131146,0.520415,-8.116764,131.091858,22.265135,0.366045,-0.599388,0.19643,-0.684223,-15.720454,132.250702,7.435739,0.281291,-0.021967,-0.350609,-0.89301,-10.685084,114.810226,-9.236127,0.317393,0.122435,-0.521644,-0.782406,7.847395,129.91423,-15.054864,-0.061339,0.923863,0.186235,0.328679,-3.809988,130.6819,28.689865,0.407887,0.855267,0.234547,-0.217104,9.16032,130.530136,39.216881,0.07547,0.22882,0.557905,-0.794158,23.28278,115.843895,25.347973,0.19482,0.044742,0.615683,-0.762219,16.212574,137.916809,13.745056,0.034273,0.874295,0.156944,0.458041,-4.980341,87.633965,11.028744,0.133715,0.93216,-0.013956,0.33616,-1.955874,53.423233,-0.003237,0.006119,0.938379,0.012773,0.345318,-14.086855,8.22109,-2.999102,-0.047982,0.85431,-0.039268,0.516052,5.428139,88.217857,27.355284,0.018311,0.831617,-0.138527,0.537483,6.923534,52.422691,31.561924,-0.020938,0.822733,0.019492,0.567708,-1.488309,7.356605,41.444145,0.006119,0.938379,0.012773,0.345318,-4.685935,2.214929,-14.235273,-0.020938,0.822733,0.019492,0.567708,12.427497,1.8827,36.239388
78,0.65,-0.040556,0.875736,0.04256,0.479197,0.22864,87.92205,19.192019,-0.030347,0.873282,0.124861,0.469964,-0.659455,95.809235,19.475349,-0.010222,0.878905,0.075121,0.470934,-3.852988,113.935814,23.028664,0.105972,0.909821,-0.088974,0.391254,-5.864907,136.351852,25.804773,0.1895,0.898348,-0.281927,0.278526,-0.582249,150.315201,23.305767,-0.039964,0.843057,0.130878,0.520123,-8.113652,131.090332,22.262203,0.366393,-0.599411,0.19644,-0.684013,-15.727122,132.239029,7.437036,0.281815,-0.021724,-0.350333,-0.892959,-10.693293,114.789558,-9.225882,0.317686,0.122575,-0.52142,-0.782414,7.84732,129.88179,-15.038486,-0.061535,0.923902,0.186117,0.328601,-3.805321,130.681473,28.685961,0.407421,0.855585,0.234349,-0.216939,9.165913,130.537613,39.211948,0.075526,0.229253,0.557817,-0.79409,23.310642,115.860626,25.355949,0.195435,0.04471,0.615638,-0.7621,16.245062,137.927277,13.73388,0.034246,0.874348,0.156995,0.457925,-4.976819,87.629143,11.029558,0.133766,0.932099,-0.014009,0.336307,-1.950403,53.419422,-0.005015,0.006328,0.938373,0.012787,0.345329,-14.086967,8.218709,-2.999726,-0.047942,0.854306,-0.039352,0.516057,5.434099,88.214958,27.354479,0.018502,0.832229,-0.138552,0.536523,6.923838,52.419983,31.564777,-0.019791,0.822691,0.020577,0.567772,-1.492723,7.355195,41.448875,0.006328,0.938373,0.012787,0.345329,-4.688132,2.210874,-14.236744,-0.019791,0.822691,0.020577,0.567772,12.419818,1.888278,36.228073
79,0.658333,-0.040236,0.875801,0.042389,0.47912,0.225571,87.926193,19.19417,-0.030409,0.873329,0.124894,0.469866,-0.656772,95.814026,19.47765,-0.010299,0.87897,0.074877,0.470849,-3.851595,113.935089,23.030268,0.106462,0.909487,-0.089694,0.391732,-5.861143,136.352722,25.795259,0.189794,0.897821,-0.28241,0.279537,-0.555718,150.305725,23.28673,-0.039976,0.843197,0.130754,0.519927,-8.111011,131.089569,22.255833,0.366546,-0.599408,0.196798,-0.683832,-15.731281,132.234711,7.433888,0.282231,-0.021547,-0.349994,-0.892964,-10.704211,114.770485,-9.215598,0.318037,0.122505,-0.521214,-0.78242,7.848173,129.849716,-15.022841,-0.061635,0.923899,0.186102,0.328599,-3.801456,130.683655,28.678953,0.40709,0.855799,0.234403,-0.216657,9.16939,130.54306,39.20546,0.07529,0.229748,0.557733,-0.794028,23.333403,115.873016,25.361813,0.195425,0.045111,0.615434,-0.762244,16.275209,137.933853,13.727999,0.034211,0.874369,0.156983,0.457891,-4.98182,87.637001,11.032812,0.133716,0.93214,-0.013917,0.336215,-1.954005,53.426849,-4.1e-05,0.006292,0.938408,0.012567,0.345242,-14.083674,8.224642,-3.000095,-0.048006,0.854337,-0.039233,0.516008,5.432962,88.215393,27.355528,0.018501,0.832383,-0.138733,0.536237,6.931346,52.420193,31.56082,-0.019742,0.82289,0.020429,0.56749,-1.490812,7.360116,41.461617,0.006292,0.938408,0.012567,0.345242,-4.687455,2.211118,-14.236255,-0.019742,0.82289,0.020429,0.56749,12.416802,1.888719,36.232391
80,0.666667,-0.040555,0.875795,0.042506,0.479096,0.236224,87.93222,19.197088,-0.030486,0.873348,0.12485,0.469836,-0.65142,95.819481,19.479769,-0.010452,0.878976,0.074902,0.47083,-3.84778,113.940155,23.029587,0.10648,0.909344,-0.09071,0.391826,-5.863876,136.357468,25.79233,0.190566,0.897432,-0.282558,0.280111,-0.546527,150.30127,23.257946,-0.040085,0.843288,0.130476,0.519841,-8.112253,131.093292,22.253475,0.366636,-0.599395,0.197268,-0.683658,-15.735218,132.230042,7.432267,0.282583,-0.021511,-0.349683,-0.892976,-10.716556,114.749191,-9.202305,0.318273,0.122491,-0.52117,-0.782356,7.848908,129.816895,-15.010362,-0.061599,0.923979,0.186135,0.328365,-3.802475,130.689301,28.676569,0.406583,0.856066,0.234434,-0.216522,9.173682,130.548843,39.196537,0.074799,0.23035,0.557533,-0.794041,23.360939,115.893646,25.360966,0.194977,0.045911,0.616002,-0.761852,16.305225,137.951019,13.716708,0.034344,0.874382,0.156953,0.457867,-4.971128,87.638672,11.03586,0.133711,0.932255,-0.013861,0.335902,-1.953045,53.428505,0.000378,0.006021,0.938457,0.012453,0.34512,-14.081514,8.22601,-3.000243,-0.047925,0.85442,-0.03919,0.515883,5.443575,88.225761,27.358318,0.018301,0.831238,-0.138608,0.538049,6.939199,52.42976,31.557762,-0.019495,0.822621,0.020394,0.56789,-1.48268,7.365754,41.440899,0.006021,0.938457,0.012453,0.34512,-4.68557,2.212065,-14.23641,-0.019495,0.822621,0.020394,0.56789,12.427452,1.889383,36.223587
81,0.675,-0.040632,0.875829,0.042547,0.479023,0.242114,87.931709,19.198236,-0.030467,0.873401,0.124841,0.469741,-0.646882,95.818817,19.480984,-0.010619,0.879028,0.074761,0.470752,-3.842315,113.94088,23.031464,0.107166,0.909113,-0.091541,0.391982,-5.861818,136.358994,25.785234,0.190839,0.897179,-0.282819,0.28047,-0.516657,150.289886,23.23842,-0.040019,0.843454,0.130248,0.519633,-8.109848,131.092972,22.248915,0.366783,-0.599309,0.197702,-0.683529,-15.740192,132.226501,7.431261,0.283002,-0.021503,-0.349467,-0.892928,-10.724912,114.729485,-9.187323,0.318646,0.122497,-0.521079,-0.782263,7.847697,129.786285,-14.999092,-0.061696,0.924058,0.186246,0.328058,-3.798993,130.692368,28.671497,0.406235,0.856274,0.234337,-0.216456,9.183473,130.555756,39.18372,0.074109,0.230948,0.557433,-0.794002,23.386055,115.909241,25.354666,0.19416,0.046444,0.616374,-0.761727,16.337914,137.970383,13.704967,0.034371,0.874429,0.157026,0.457751,-4.966466,87.637169,11.037828,0.13376,0.932138,-0.013965,0.336201,-1.949073,53.42878,-0.003358,0.006543,0.938377,0.012594,0.345323,-14.084016,8.227786,-3.000364,-0.047881,0.854372,-0.039133,0.515969,5.450695,88.22625,27.358644,0.018297,0.831098,-0.138669,0.538249,6.945285,52.429615,31.553093,-0.01975,0.822573,0.020272,0.567955,-1.481725,7.367161,41.438957,0.006543,0.938377,0.012594,0.345323,-4.688657,2.212492,-14.236296,-0.01975,0.822573,0.020272,0.567955,12.430867,1.892136,36.226799
82,0.683333,-0.040653,0.875858,0.042585,0.478965,0.246129,87.93129,19.199787,-0.030482,0.873434,0.124855,0.469675,-0.643439,95.818314,19.482958,-0.010692,0.879069,0.074545,0.470708,-3.839492,113.941277,23.034069,0.107365,0.909018,-0.092045,0.392029,-5.857167,136.360779,25.777828,0.191511,0.896839,-0.283279,0.280636,-0.501081,150.285553,23.220522,-0.04004,0.843521,0.130078,0.519567,-8.10592,131.093292,22.244137,0.366933,-0.599363,0.198122,-0.683281,-15.73852,132.222916,7.427344,0.283352,-0.021354,-0.349272,-0.892897,-10.734576,114.708794,-9.176633,0.319115,0.12228,-0.520833,-0.78227,7.842603,129.756241,-14.984381,-0.061792,0.924071,0.186237,0.328009,-3.79444,130.695328,28.666464,0.405867,0.856425,0.234402,-0.216482,9.188718,130.562119,39.177876,0.07333,0.231638,0.557422,-0.793881,23.4055,115.929138,25.349092,0.19347,0.047432,0.616786,-0.761508,16.372568,137.995178,13.693869,0.034231,0.87452,0.157059,0.457575,-4.963496,87.636665,11.040049,0.133858,0.932263,-0.013912,0.335818,-1.938429,53.428329,0.000826,0.006363,0.93843,0.012452,0.345186,-14.081325,8.229649,-2.998974,-0.047918,0.854415,-0.039059,0.5159,5.455755,88.225922,27.359528,0.018318,0.831242,-0.138857,0.537977,6.95576,52.429127,31.550676,-0.022319,0.822841,0.019006,0.567516,-1.47907,7.371655,41.452553,0.006363,0.93843,0.012452,0.345186,-4.687754,2.212265,-14.235284,-0.022319,0.822841,0.019006,0.567516,12.444263,1.909366,36.255733
83,0.691667,-0.040628,0.875882,0.042583,0.478922,0.248736,87.930275,19.201553,-0.030449,0.873465,0.124825,0.469629,-0.640449,95.817337,19.484919,-0.010711,0.879105,0.074371,0.470669,-3.834952,113.941978,23.036097,0.107616,0.90903,-0.092296,0.391873,-5.849576,136.36264,25.772667,0.192266,0.896624,-0.283792,0.280289,-0.484791,150.283188,23.210638,-0.040029,0.8437,0.129764,0.519354,-8.099321,131.094284,22.240921,0.36659,-0.599291,0.198872,-0.683309,-15.739327,132.21759,7.427467,0.283388,-0.021559,-0.348979,-0.892995,-10.745843,114.689346,-9.164757,0.319389,0.122078,-0.520692,-0.782283,7.842301,129.72377,-14.978565,-0.061977,0.924088,0.186202,0.327946,-3.78728,130.697891,28.662971,0.405606,0.856446,0.234853,-0.216399,9.196502,130.571182,39.173695,0.072724,0.232255,0.557459,-0.79373,23.425503,115.95266,25.342201,0.19286,0.048268,0.616295,-0.762008,16.409477,138.021011,13.680613,0.034395,0.874466,0.157032,0.457675,-4.961716,87.635994,11.04233,0.133773,0.932117,-0.013996,0.336255,-1.946643,53.427856,-0.000259,0.005293,0.938513,0.012363,0.344982,-14.083576,8.227289,-2.995711,-0.047898,0.854349,-0.03897,0.516018,5.459188,88.224556,27.360777,0.018341,0.831247,-0.13893,0.53795,6.960693,52.427124,31.545908,-0.023149,0.822905,0.018683,0.5674,-1.479229,7.371619,41.452385,0.005293,0.938513,0.012363,0.344982,-4.68293,2.218099,-14.23049,-0.023149,0.822905,0.018683,0.5674,12.448432,1.915563,36.260612
84,0.7,-0.04065,0.875892,0.042607,0.478901,0.254353,87.928749,19.202919,-0.030437,0.873486,0.124862,0.469581,-0.635309,95.81575,19.486473,-0.010752,0.879138,0.074197,0.470634,-3.830271,113.942352,23.039654,0.107875,0.909039,-0.092607,0.391708,-5.842674,136.364151,25.768522,0.192864,0.896453,-0.284295,0.279915,-0.468384,150.279877,23.200224,-0.039966,0.843827,0.129299,0.519269,-8.09318,131.094742,22.238813,0.366822,-0.599404,0.199052,-0.683033,-15.736312,132.211227,7.426454,0.283821,-0.021579,-0.348692,-0.892969,-10.753034,114.670731,-9.155896,0.319735,0.121821,-0.520585,-0.782253,7.845546,129.691971,-14.974183,-0.062378,0.924119,0.186315,0.327719,-3.780643,130.700226,28.660643,0.40558,0.856335,0.235381,-0.216311,9.206439,130.586166,39.167435,0.072024,0.232806,0.557858,-0.793353,23.438353,115.975548,25.33057,0.192618,0.048941,0.615353,-0.762787,16.458271,138.057022,13.66899,0.034547,0.874566,0.156974,0.457492,-4.956456,87.634293,11.043929,0.133709,0.931727,-0.01415,0.337353,-1.955199,53.425598,-0.000696,0.005238,0.938487,0.012452,0.34505,-14.087948,8.223825,-2.994933,-0.047866,0.854418,-0.039001,0.515905,5.465162,88.223198,27.361908,0.018448,0.831074,-0.138812,0.538244,6.964102,52.425732,31.547609,-0.023277,0.822772,0.018665,0.567588,-1.481836,7.367542,41.436726,0.005238,0.938487,0.012452,0.34505,-4.684663,2.217607,-14.229094,-0.023277,0.822772,0.018665,0.567588,12.44929,1.913314,36.252342
85,0.708333,-0.040594,0.876019,0.042918,0.478645,0.253449,87.93322,19.20256,-0.030352,0.873514,0.124779,0.469556,-0.637709,95.81987,19.491135,-0.010813,0.879122,0.07398,0.470696,-3.827796,113.944206,23.042622,0.107887,0.909036,-0.093161,0.39158,-5.838235,136.367386,25.761473,0.193647,0.896232,-0.28464,0.279732,-0.458163,150.278046,23.177792,-0.040472,0.84331,0.129871,0.519926,-8.088805,131.096695,22.233742,0.366671,-0.599684,0.199898,-0.682621,-15.707749,132.212372,7.408863,0.284012,-0.021474,-0.348469,-0.892998,-10.757664,114.646843,-9.156913,0.320328,0.12152,-0.520572,-0.782066,7.850031,129.66098,-14.971166,-0.062551,0.924149,0.186438,0.327532,-3.777194,130.704529,28.65634,0.405359,0.856315,0.235857,-0.216286,9.213259,130.595673,39.159023,0.071165,0.233427,0.558101,-0.793076,23.454523,115.999557,25.316473,0.192281,0.049553,0.613863,-0.764032,16.502831,138.093399,13.655413,0.03439,0.874485,0.157006,0.457648,-4.962207,87.642303,11.046541,0.133791,0.932277,-0.013817,0.335811,-1.947981,53.433544,0.005642,0.006477,0.938426,0.01235,0.345199,-14.082195,8.232933,-3.000233,-0.047904,0.854426,-0.038974,0.51589,5.469105,88.224136,27.35858,0.018512,0.831132,-0.138878,0.538136,6.971482,52.426765,31.543964,-0.022506,0.822637,0.01884,0.567808,-1.481418,7.370496,41.435917,0.006477,0.938426,0.01235,0.345199,-4.690069,2.211612,-14.235647,-0.022506,0.822637,0.01884,0.567808,12.446334,1.907444,36.251747
86,0.716667,-0.040649,0.875912,0.042648,0.47886,0.260724,87.928024,19.206953,-0.030645,0.873565,0.125011,0.46938,-0.629231,95.814972,19.491131,-0.010594,0.879311,0.073697,0.470392,-3.834143,113.947388,23.047649,0.107922,0.909169,-0.093273,0.391236,-5.828887,136.372681,25.760666,0.19446,0.895923,-0.285506,0.279274,-0.448155,150.282135,23.171879,-0.040039,0.843907,0.128813,0.519255,-8.085277,131.102219,22.236319,0.367275,-0.599553,0.199528,-0.68252,-15.728709,132.208023,7.423317,0.284741,-0.021856,-0.348138,-0.892886,-10.763587,114.640472,-9.135813,0.320542,0.121199,-0.520263,-0.782234,7.851408,129.629425,-14.973588,-0.062454,0.924168,0.186571,0.32742,-3.769166,130.709488,28.655857,0.405079,0.856044,0.237429,-0.216167,9.224144,130.596909,39.154961,0.070976,0.233257,0.558405,-0.79293,23.479149,116.033432,25.292212,0.192811,0.049772,0.612275,-0.765157,16.54174,138.135864,13.645659,0.034476,0.874594,0.156999,0.457437,-4.950849,87.633919,11.04844,0.13383,0.932282,-0.01388,0.335778,-1.944955,53.42543,0.004425,0.005299,0.938515,0.012396,0.344976,-14.084593,8.225965,-2.99674,-0.047901,0.854451,-0.03886,0.515857,5.472296,88.222137,27.365467,0.018586,0.83115,-0.138919,0.538095,6.97886,52.424103,31.54368,-0.022483,0.822609,0.018926,0.567847,-1.481388,7.369161,41.435371,0.005299,0.938515,0.012396,0.344976,-4.684006,2.217609,-14.232013,-0.022483,0.822609,0.018926,0.567847,12.447157,1.907811,36.251553
87,0.725,-0.040691,0.875902,0.042731,0.478867,0.26539,87.929329,19.208641,-0.030623,0.873562,0.125001,0.46939,-0.625772,95.816109,19.493637,-0.010594,0.879311,0.073553,0.470415,-3.830255,113.950966,23.050621,0.10813,0.90919,-0.093515,0.391072,-5.821988,136.377228,25.757881,0.19497,0.895773,-0.286073,0.278817,-0.433849,150.282867,23.16403,-0.040611,0.84333,0.129491,0.519979,-8.078961,131.106171,22.23477,0.367008,-0.599898,0.200381,-0.682111,-15.6957,132.211548,7.40799,0.284645,-0.021988,-0.347877,-0.893015,-10.767759,114.620987,-9.137821,0.320677,0.120887,-0.520055,-0.782365,7.857989,129.600616,-14.976883,-0.062541,0.924213,0.186812,0.327139,-3.763182,130.714493,28.654593,0.404771,0.855928,0.238304,-0.216239,9.235904,130.603821,39.146564,0.070692,0.233121,0.558779,-0.792732,23.501652,116.065811,25.26812,0.193905,0.04965,0.610487,-0.766317,16.581919,138.184036,13.635218,0.034484,0.874681,0.156978,0.457276,-4.945992,87.6353,11.050004,0.133894,0.931757,-0.014129,0.337196,-1.943298,53.426395,0.006425,0.005615,0.938439,0.012472,0.345173,-14.091725,8.229214,-2.993498,-0.04785,0.854369,-0.038754,0.516006,5.476772,88.223366,27.367279,0.01857,0.830999,-0.139016,0.538304,6.983475,52.424397,31.537321,-0.023577,0.822747,0.01852,0.567617,-1.482844,7.371923,41.435081,0.005615,0.938439,0.012472,0.345173,-4.689769,2.219786,-14.227054,-0.023577,0.822747,0.01852,0.567617,12.450565,1.919294,36.25515
88,0.733333,-0.04069,0.876031,0.043066,0.478601,0.264693,87.93589,19.209581,-0.030519,0.87361,0.124813,0.469358,-0.628904,95.822212,19.499519,-0.01055,0.879301,0.073532,0.470438,-3.825311,113.951981,23.051062,0.10854,0.909122,-0.094148,0.390964,-5.81491,136.378418,25.758373,0.195071,0.895759,-0.28625,0.278611,-0.409568,150.27504,23.152018,-0.040544,0.843401,0.129231,0.519934,-8.072257,131.10762,22.235128,0.367148,-0.599947,0.200568,-0.681938,-15.690759,132.210068,7.409039,0.284957,-0.022263,-0.347605,-0.893014,-10.769403,114.609924,-9.128531,0.320875,0.120514,-0.519967,-0.7824,7.865301,129.573578,-14.981304,-0.062753,0.924265,0.186997,0.326847,-3.756802,130.715454,28.655142,0.404358,0.855904,0.238937,-0.21641,9.247769,130.611237,39.140381,0.070518,0.233005,0.559096,-0.792557,23.526371,116.09993,25.24724,0.19521,0.049192,0.60861,-0.767507,16.622162,138.228912,13.624949,0.034478,0.874541,0.156938,0.457558,-4.951619,87.644669,11.053993,0.133875,0.932265,-0.013812,0.335811,-1.946352,53.434826,0.014007,0.005493,0.938497,0.012268,0.345026,-14.087658,8.236321,-2.994926,-0.047839,0.854295,-0.038813,0.516125,5.481006,88.227112,27.36517,0.018507,0.831027,-0.138907,0.538291,6.984254,52.428402,31.538692,-0.023317,0.822709,0.018637,0.567679,-1.471578,7.372886,41.431557,0.005493,0.938497,0.012268,0.345026,-4.688685,2.222519,-14.228636,-0.023317,0.822709,0.018637,0.567679,12.460891,1.918671,36.250759
89,0.741667,-0.040735,0.87592,0.042767,0.478827,0.270996,87.930504,19.214939,-0.030528,0.873578,0.12481,0.469416,-0.621039,95.817169,19.500143,-0.010586,0.879301,0.073403,0.470458,-3.819194,113.954056,23.052616,0.109028,0.909017,-0.094595,0.390963,-5.807559,136.381317,25.754019,0.195225,0.895652,-0.286623,0.278464,-0.384519,150.269943,23.141809,-0.040002,0.844061,0.12833,0.519127,-8.065075,131.109741,22.23205,0.367664,-0.599717,0.200205,-0.681968,-15.713033,132.207458,7.42078,0.285747,-0.022591,-0.347223,-0.892902,-10.770952,114.608093,-9.111442,0.321204,0.120208,-0.519924,-0.782341,7.875649,129.547211,-14.986475,-0.062886,0.924305,0.187192,0.326595,-3.749913,130.718979,28.652346,0.403745,0.856054,0.239143,-0.216732,9.259614,130.618423,39.13147,0.070291,0.23284,0.559227,-0.792534,23.555725,116.135933,25.226263,0.196667,0.048609,0.606978,-0.768464,16.654305,138.275497,13.615744,0.034571,0.874604,0.157005,0.457408,-4.941055,87.636009,11.056746,0.133977,0.932189,-0.013894,0.335976,-1.941327,53.428123,0.00919,0.005958,0.938378,0.012505,0.345332,-14.093423,8.232411,-2.997971,-0.047867,0.854257,-0.038595,0.516203,5.483046,88.224998,27.373135,0.018648,0.830905,-0.139083,0.538428,6.99578,52.425255,31.534403,-0.023486,0.822692,0.018544,0.567699,-1.481488,7.374814,41.432034,0.005958,0.938378,0.012505,0.345332,-4.691479,2.220457,-14.230185,-0.023486,0.822692,0.018544,0.567699,12.452243,1.921217,36.253983
90,0.75,-0.040742,0.875907,0.042781,0.478849,0.27379,87.93055,19.217133,-0.030347,0.873555,0.124538,0.469544,-0.618451,95.8172,19.502468,-0.010759,0.879209,0.073386,0.470627,-3.80591,113.953949,23.048349,0.108848,0.908941,-0.095122,0.391062,-5.801305,136.381165,25.744999,0.195778,0.895366,-0.28694,0.27867,-0.376869,150.266342,23.117516,-0.039826,0.844235,0.12834,0.518855,-8.055988,131.108368,22.223032,0.367949,-0.599618,0.200358,-0.681857,-15.71384,132.209839,7.417156,0.286165,-0.022825,-0.346946,-0.89287,-10.768904,114.599815,-9.102858,0.321391,0.119753,-0.51986,-0.782376,7.887635,129.523224,-14.991678,-0.063067,0.924343,0.187631,0.326201,-3.743347,130.719879,28.645157,0.403066,0.856178,0.2396,-0.217001,9.274001,130.62265,39.114597,0.070201,0.232402,0.559326,-0.792601,23.591364,116.174423,25.195616,0.198083,0.047919,0.606259,-0.768711,16.683382,138.32814,13.601729,0.0346,0.87462,0.15698,0.457383,-4.937838,87.636116,11.058668,0.134021,0.932193,-0.013873,0.33595,-1.941042,53.427826,0.011555,0.006169,0.938339,0.012554,0.345434,-14.096334,8.23316,-2.998517,-0.047891,0.854219,-0.038486,0.51627,5.485418,88.224983,27.375599,0.018639,0.831064,-0.139245,0.538141,7.003354,52.424801,31.531179,-0.022533,0.822746,0.018879,0.567649,-1.477917,7.378563,41.444504,0.006169,0.938339,0.012554,0.345434,-4.694198,2.220416,-14.230147,-0.022533,0.822746,0.018879,0.567649,12.448316,1.916873,36.254829
91,0.758333,-0.040692,0.875908,0.042721,0.478856,0.274991,87.929977,19.219252,-0.030346,0.873576,0.124449,0.469528,-0.616106,95.816765,19.504114,-0.010692,0.879238,0.073275,0.470592,-3.801969,113.954781,23.047302,0.109072,0.9089,-0.095323,0.391047,-5.792259,136.382797,25.741058,0.196068,0.895169,-0.287454,0.278567,-0.359835,150.264359,23.110903,-0.039954,0.844221,0.128401,0.518853,-8.04842,131.110001,22.220034,0.368086,-0.599701,0.200435,-0.681687,-15.70602,132.208923,7.413836,0.286477,-0.022934,-0.346719,-0.892855,-10.767527,114.592422,-9.101197,0.321725,0.119388,-0.519683,-0.782412,7.896608,129.503815,-14.996971,-0.063203,0.924436,0.187942,0.325733,-3.735246,130.721466,28.641802,0.402423,0.856299,0.240064,-0.217204,9.291741,130.628174,39.099281,0.069858,0.232098,0.559159,-0.792838,23.630318,116.212059,25.168863,0.198684,0.047616,0.605003,-0.769564,16.706039,138.368958,13.596267,0.034638,0.87457,0.156963,0.457482,-4.93658,87.635818,11.06074,0.134053,0.932156,-0.013864,0.336041,-1.941523,53.427338,0.013766,0.005974,0.938338,0.012551,0.345439,-14.098935,8.233443,-2.999326,-0.047927,0.854174,-0.038411,0.516348,5.486562,88.224136,27.377764,0.018686,0.831106,-0.139291,0.538063,7.009129,52.423786,31.53021,-0.021469,0.822767,0.019354,0.567643,-1.477177,7.378915,41.445404,0.005974,0.938338,0.012551,0.345439,-4.694459,2.222546,-14.229986,-0.021469,0.822767,0.019354,0.567643,12.441932,1.910666,36.243542
92,0.766667,-0.041448,0.87582,0.043106,0.478919,0.306044,87.91938,19.218002,-0.030483,0.87357,0.124487,0.469521,-0.598489,95.804665,19.502377,-0.010733,0.87925,0.073183,0.470583,-3.79214,113.957191,23.047321,0.108937,0.908851,-0.095504,0.391155,-5.782053,136.385773,25.736595,0.196447,0.894818,-0.288094,0.278767,-0.35076,150.266724,23.100861,-0.039859,0.844442,0.128248,0.518537,-8.038357,131.112305,22.216677,0.368434,-0.599589,0.200374,-0.681616,-15.707138,132.20961,7.41615,0.286916,-0.023202,-0.346554,-0.892772,-10.76082,114.587631,-9.090693,0.321945,0.119051,-0.519557,-0.782457,7.907262,129.485184,-15.002932,-0.063479,0.924504,0.188362,0.325241,-3.725067,130.725006,28.638437,0.40197,0.856298,0.240607,-0.217446,9.311429,130.638916,39.084118,0.069425,0.231945,0.558991,-0.793039,23.662788,116.250648,25.138081,0.198803,0.047979,0.603973,-0.77032,16.725359,138.411148,13.583061,0.034965,0.874667,0.157165,0.457203,-4.903155,87.616089,11.05831,0.134042,0.931588,-0.013923,0.337613,-1.925465,53.413837,-0.012605,0.006019,0.93828,0.012702,0.34559,-14.07867,8.21982,-3.040685,-0.047616,0.854118,-0.038648,0.51645,5.515243,88.222664,27.377695,0.018943,0.831437,-0.139196,0.537567,7.00937,52.421486,31.533342,-0.023458,0.822682,0.018568,0.567714,-1.486282,7.375026,41.433327,0.006019,0.93828,0.012702,0.34559,-4.670447,2.212605,-14.270173,-0.023458,0.822682,0.018568,0.567714,12.447514,1.921546,36.255341
93,0.775,-0.041212,0.875839,0.043043,0.478911,0.303298,87.915276,19.21838,-0.030431,0.873652,0.124268,0.469429,-0.597466,95.800957,19.503685,-0.010715,0.87933,0.073163,0.470437,-3.785758,113.958717,23.043478,0.10889,0.908763,-0.095845,0.391289,-5.774078,136.387451,25.73263,0.196647,0.894488,-0.28851,0.279254,-0.339723,150.265579,23.088385,-0.039921,0.844508,0.128291,0.518415,-8.031723,131.113937,22.213652,0.368569,-0.599464,0.200552,-0.6816,-15.704581,132.209641,7.415116,0.28714,-0.023426,-0.346454,-0.892732,-10.754399,114.580109,-9.082503,0.322091,0.118811,-0.519477,-0.782487,7.916759,129.46933,-15.007028,-0.063674,0.924557,0.188669,0.324875,-3.716297,130.726715,28.633986,0.401021,0.856659,0.240288,-0.218128,9.327328,130.645737,39.070805,0.068352,0.23229,0.558514,-0.793368,23.70159,116.295013,25.109655,0.198403,0.048393,0.603051,-0.771119,16.744173,138.459198,13.568229,0.034901,0.874641,0.156907,0.457345,-4.906435,87.615395,11.058901,0.134203,0.931996,-0.014076,0.336415,-1.93154,53.406967,0.006318,0.005808,0.938266,0.01307,0.345618,-14.107239,8.217403,-2.997855,-0.047744,0.854019,-0.038559,0.51661,5.51303,88.215164,27.377855,0.01892,0.831486,-0.139365,0.537448,7.017572,52.414368,31.533098,-0.022522,0.822867,0.01864,0.567481,-1.48337,7.372254,41.448299,0.005808,0.938266,0.01307,0.345618,-4.6943,2.222429,-14.229936,-0.022522,0.822867,0.01864,0.567481,12.439193,1.90449,36.255177
94,0.783333,-0.041235,0.875828,0.04301,0.478932,0.30706,87.916893,19.2211,-0.030482,0.873724,0.12424,0.469298,-0.593784,95.802589,19.505758,-0.010663,0.879445,0.072967,0.470254,-3.781797,113.955215,23.043201,0.108834,0.908707,-0.09596,0.391405,-5.763319,136.3853,25.726131,0.196786,0.894197,-0.288935,0.279648,-0.32871,150.262802,23.079092,-0.040496,0.843894,0.129292,0.519122,-8.023806,131.111237,22.209791,0.368227,-0.59966,0.201305,-0.681391,-15.670626,132.211929,7.398158,0.286864,-0.023429,-0.346449,-0.892824,-10.74692,114.565727,-9.089549,0.322197,0.118598,-0.519426,-0.782509,7.925116,129.457092,-15.009739,-0.064133,0.924623,0.189126,0.324332,-3.705709,130.72496,28.628382,0.400035,0.857013,0.240173,-0.218671,9.347734,130.656769,39.053009,0.06773,0.232315,0.557784,-0.793926,23.749241,116.345909,25.079048,0.197805,0.048828,0.603552,-0.770853,16.748964,138.507599,13.548396,0.03491,0.874625,0.15689,0.457382,-4.902253,87.616341,11.061381,0.13428,0.931942,-0.014089,0.336532,-1.927989,53.407574,0.009684,0.005741,0.938237,0.013058,0.345699,-14.110329,8.219987,-2.997358,-0.047671,0.853912,-0.038641,0.516787,5.516373,88.217445,27.380817,0.01888,0.831314,-0.139107,0.537782,7.012522,52.416611,31.538656,-0.023386,0.822784,0.01844,0.567573,-1.476307,7.367608,41.43288,0.005741,0.938237,0.013058,0.345699,-4.694766,2.225303,-14.227388,-0.023386,0.822784,0.01844,0.567573,12.454268,1.909733,36.250866
95,0.791667,-0.04124,0.875848,0.043049,0.478891,0.310285,87.91906,19.222143,-0.030441,0.873859,0.124277,0.46904,-0.590915,95.804695,19.507336,-0.010713,0.879622,0.072818,0.469945,-3.777424,113.958504,23.047894,0.108683,0.908672,-0.096139,0.391486,-5.756819,136.389526,25.724545,0.197178,0.893714,-0.289746,0.280078,-0.323886,150.266556,23.071585,-0.040605,0.843906,0.129219,0.519111,-8.019831,131.114273,22.211596,0.368533,-0.599683,0.201101,-0.681265,-15.666729,132.210556,7.399666,0.287161,-0.023453,-0.346366,-0.892759,-10.740343,114.562988,-9.085796,0.322349,0.118348,-0.519383,-0.782513,7.934716,129.449112,-15.010941,-0.064353,0.924709,0.189352,0.323912,-3.697234,130.730148,28.627291,0.39939,0.857159,0.240264,-0.219178,9.364374,130.669159,39.041737,0.067346,0.232125,0.557367,-0.794308,23.780371,116.389656,25.050629,0.197436,0.048942,0.604063,-0.77054,16.750845,138.552155,13.534902,0.034984,0.874485,0.157121,0.457565,-4.899775,87.618729,11.062889,0.134166,0.931545,-0.013943,0.337683,-1.920184,53.415565,-0.004717,0.006323,0.93823,0.012839,0.345717,-14.084419,8.22472,-3.035866,-0.047668,0.853813,-0.038672,0.516949,5.520345,88.219398,27.381397,0.018896,0.831247,-0.13908,0.537893,7.014326,52.418709,31.541309,-0.022625,0.822637,0.018795,0.567805,-1.475771,7.369071,41.431599,0.006323,0.93823,0.012839,0.345717,-4.676074,2.218245,-14.265651,-0.022625,0.822637,0.018795,0.567805,12.452769,1.906924,36.248592
96,0.8,-0.041245,0.875852,0.043053,0.478882,0.313975,87.921524,19.224438,-0.030389,0.873949,0.124138,0.468913,-0.587326,95.807144,19.509653,-0.010802,0.879715,0.072745,0.46978,-3.769184,113.962082,23.047091,0.108572,0.908602,-0.096285,0.391643,-5.750105,136.393494,25.719339,0.197441,0.893343,-0.290262,0.28054,-0.317846,150.27002,23.062386,-0.04024,0.844683,0.128063,0.518161,-8.013803,131.117203,22.208414,0.368909,-0.599271,0.200539,-0.68159,-15.694592,132.198608,7.412948,0.287614,-0.023559,-0.346308,-0.892633,-10.732703,114.563095,-9.074761,0.322498,0.11831,-0.519373,-0.782464,7.942602,129.44136,-15.010858,-0.064567,0.924832,0.189536,0.323408,-3.688838,130.735016,28.622627,0.398818,0.857348,0.240252,-0.219495,9.382749,130.682083,39.024586,0.067315,0.231729,0.557122,-0.794598,23.814396,116.426659,25.025076,0.197809,0.047931,0.603776,-0.770733,16.76218,138.586014,13.525614,0.034974,0.874492,0.156855,0.457642,-4.896234,87.621124,11.065286,0.134352,0.931972,-0.014059,0.336423,-1.9239,53.411884,0.014522,0.005836,0.938223,0.013011,0.345738,-14.111811,8.226034,-2.995975,-0.04772,0.853762,-0.038528,0.517038,5.524185,88.221924,27.383591,0.01896,0.83122,-0.139361,0.537859,7.026315,52.420795,31.536705,-0.022502,0.822788,0.01868,0.567596,-1.48244,7.378712,41.445339,0.005836,0.938223,0.013011,0.345738,-4.696608,2.229101,-14.225104,-0.022502,0.822788,0.01868,0.567596,12.44162,1.911631,36.255524
97,0.808333,-0.041204,0.875883,0.043004,0.478834,0.316637,87.922058,19.225979,-0.030285,0.874029,0.124029,0.4688,-0.583706,95.8078,19.51088,-0.010898,0.87979,0.072651,0.469652,-3.759692,113.963463,23.04694,0.108439,0.908507,-0.096445,0.391861,-5.742016,136.395401,25.713694,0.197613,0.892979,-0.290727,0.281099,-0.310573,150.271454,23.052578,-0.040294,0.844762,0.127908,0.518067,-8.006189,131.11795,22.204823,0.368854,-0.599229,0.200632,-0.681629,-15.690117,132.194641,7.410634,0.287669,-0.023528,-0.346251,-0.892639,-10.727616,114.557983,-9.07567,0.322623,0.118346,-0.5193,-0.782455,7.950748,129.434998,-15.010839,-0.064869,0.924906,0.189797,0.322982,-3.679397,130.7379,28.617931,0.398252,0.857394,0.24074,-0.219808,9.400071,130.694382,39.010029,0.067474,0.23124,0.556876,-0.794899,23.847153,116.47097,24.993866,0.197895,0.047072,0.604107,-0.770504,16.769737,138.626389,13.508394,0.035034,0.874425,0.157101,0.457682,-4.894535,87.621841,11.067431,0.134175,0.931581,-0.0139,0.33758,-1.9173,53.418465,-0.000139,0.005945,0.938293,0.012733,0.345555,-14.08129,8.22773,-3.033978,-0.04771,0.853743,-0.038506,0.517072,5.527809,88.222282,27.384525,0.018976,0.831184,-0.139382,0.537909,7.029977,52.420963,31.535986,-0.022465,0.822791,0.018711,0.567591,-1.481662,7.379484,41.444881,0.005945,0.938293,0.012733,0.345555,-4.672912,2.222107,-14.264191,-0.022465,0.822791,0.018711,0.567591,12.442184,1.91251,36.254356
98,0.816667,-0.041223,0.875927,0.042958,0.478755,0.321349,87.922218,19.228054,-0.030209,0.874109,0.123937,0.46868,-0.578886,95.807999,19.512253,-0.011009,0.879859,0.072605,0.469528,-3.750517,113.966179,23.04743,0.108632,0.90833,-0.096787,0.392133,-5.735912,136.398315,25.71026,0.197332,0.89278,-0.290922,0.281725,-0.294504,150.269577,23.044556,-0.041002,0.844085,0.128792,0.518895,-8.00013,131.119781,22.203041,0.368169,-0.599354,0.201636,-0.681594,-15.65343,132.196289,7.392971,0.287133,-0.02338,-0.346387,-0.892762,-10.718187,114.544228,-9.085027,0.322793,0.118386,-0.519332,-0.782357,7.956633,129.432663,-15.006821,-0.065066,0.925036,0.189815,0.322561,-3.671566,130.741745,28.615072,0.397778,0.857479,0.240939,-0.220115,9.416121,130.707047,38.996845,0.067502,0.230991,0.556661,-0.79512,23.875149,116.507782,24.96854,0.197863,0.046321,0.604119,-0.770548,16.779417,138.661057,13.49074,0.034946,0.874474,0.156884,0.457671,-4.891255,87.621155,11.070453,0.134431,0.932003,-0.014028,0.336306,-1.915828,53.412426,0.018942,0.006052,0.938217,0.01302,0.34575,-14.109911,8.228481,-2.995187,-0.047619,0.85374,-0.038644,0.517076,5.533953,88.223289,27.385653,0.018972,0.831175,-0.1391,0.537996,7.025351,52.422108,31.542269,-0.022544,0.822607,0.018771,0.567854,-1.472837,7.373252,41.429173,0.006052,0.938217,0.01302,0.34575,-4.696885,2.229648,-14.225134,-0.022544,0.822607,0.018771,0.567854,12.455412,1.909169,36.247437
99,0.825,-0.041165,0.876016,0.04305,0.47859,0.322302,87.92627,19.229595,-0.030134,0.874199,0.12377,0.46856,-0.577764,95.811996,19.515688,-0.011096,0.87992,0.072562,0.469418,-3.743068,113.969193,23.046738,0.108602,0.908206,-0.096975,0.392382,-5.730679,136.401535,25.706253,0.197344,0.892464,-0.291321,0.282304,-0.286911,150.27121,23.037159,-0.040441,0.844834,0.127734,0.517981,-7.995056,131.122116,22.200459,0.368747,-0.599009,0.200946,-0.681787,-15.681555,132.191193,7.407057,0.287711,-0.023398,-0.346317,-0.892603,-10.712288,114.549568,-9.071886,0.322841,0.118551,-0.519333,-0.782312,7.96409,129.430664,-15.00296,-0.065487,0.925159,0.190215,0.321887,-3.664929,130.745712,28.611532,0.397101,0.857879,0.240333,-0.220444,9.435452,130.724258,38.977318,0.06721,0.231147,0.556146,-0.795459,23.913883,116.543137,24.950665,0.197677,0.046014,0.60416,-0.770582,16.791279,138.690689,13.471132,0.034982,0.874425,0.156819,0.457784,-4.893463,87.626831,11.073956,0.134401,0.932026,-0.013938,0.33626,-1.921074,53.416805,0.025652,0.006218,0.938208,0.013024,0.345771,-14.109863,8.231863,-2.994855,-0.047603,0.85374,-0.03865,0.517077,5.538068,88.225708,27.385235,0.019001,0.831154,-0.139118,0.538022,7.028265,52.424442,31.541576,-0.022599,0.822586,0.018732,0.567882,-1.473419,7.376173,41.428108,0.006218,0.938208,0.013024,0.345771,-4.698204,2.231499,-14.225128,-0.022599,0.822586,0.018732,0.567882,12.455468,1.912088,36.248089
100,0.833333,-0.041179,0.876048,0.043027,0.478531,0.326768,87.928078,19.23225,-0.02996,0.874223,0.123496,0.4686,-0.573309,95.81382,19.517981,-0.011237,0.879879,0.072581,0.469488,-3.727549,113.969467,23.042305,0.10861,0.908062,-0.096963,0.392715,-5.721417,136.401535,25.699425,0.197237,0.89223,-0.291658,0.282771,-0.27613,150.271179,23.033247,-0.041107,0.844246,0.128776,0.518628,-7.983797,131.121216,22.193697,0.368097,-0.599196,0.201912,-0.681689,-15.646068,132.193115,7.387938,0.287145,-0.023193,-0.34642,-0.892751,-10.707026,114.535782,-9.083268,0.322839,0.118752,-0.519325,-0.782288,7.967976,129.428772,-14.997829,-0.065801,0.925215,0.190396,0.321553,-3.654739,130.746506,28.605589,0.396707,0.857963,0.240534,-0.220606,9.451431,130.735046,38.964066,0.067071,0.231215,0.555938,-0.795596,23.941738,116.573044,24.930374,0.197359,0.046045,0.604445,-0.770439,16.808516,138.718216,13.450682,0.034974,0.874437,0.157106,0.457662,-4.890058,87.62812,11.07731,0.134269,0.93165,-0.013803,0.337356,-1.90908,53.424568,0.0113,0.006035,0.938306,0.012617,0.345522,-14.07875,8.235943,-3.031137,-0.047648,0.853711,-0.038562,0.517127,5.543594,88.228043,27.38719,0.019147,0.831084,-0.139276,0.538084,7.039584,52.426601,31.5399,-0.022552,0.822602,0.018646,0.567865,-1.482157,7.382962,41.430271,0.006035,0.938306,0.012617,0.345522,-4.672697,2.226261,-14.261124,-0.022552,0.822602,0.018646,0.567865,12.44554,1.915974,36.250122
101,0.841667,-0.040852,0.876117,0.042828,0.478452,0.317341,87.934326,19.236343,-0.029777,0.874374,0.123402,0.468353,-0.576654,95.82077,19.521883,-0.011302,0.880047,0.072449,0.469191,-3.721073,113.970886,23.045979,0.108499,0.908036,-0.097034,0.392789,-5.713854,136.403748,25.697166,0.197271,0.891987,-0.291951,0.28321,-0.270392,150.273605,23.028343,-0.041243,0.844246,0.128695,0.518638,-7.978412,131.122238,22.19466,0.36836,-0.599204,0.201726,-0.681595,-15.639973,132.188934,7.388158,0.287289,-0.023024,-0.346518,-0.89267,-10.697699,114.530884,-9.081313,0.322843,0.118915,-0.519333,-0.782257,7.973175,129.428162,-14.991877,-0.066001,0.925272,0.19048,0.321298,-3.645064,130.749725,28.603781,0.396255,0.858112,0.240485,-0.220891,9.465693,130.745331,38.956451,0.066643,0.231696,0.555813,-0.795581,23.967476,116.602386,24.9154,0.196965,0.046439,0.604553,-0.770431,16.838274,138.74617,13.428482,0.034829,0.874459,0.15683,0.457726,-4.901479,87.637947,11.08255,0.134398,0.932059,-0.013826,0.336173,-1.919818,53.427399,0.038358,0.005929,0.938285,0.012763,0.345578,-14.105156,8.242091,-2.990656,-0.04777,0.853658,-0.038365,0.517218,5.536161,88.230705,27.390137,0.019103,0.831155,-0.139465,0.537928,7.046563,52.42902,31.535465,-0.023116,0.822896,0.018347,0.567425,-1.479369,7.39018,41.444069,0.005929,0.938285,0.012763,0.345578,-4.695916,2.237463,-14.220675,-0.023116,0.822896,0.018347,0.567425,12.44625,1.925388,36.25602
102,0.85,-0.040848,0.876147,0.042798,0.4784,0.322514,87.935455,19.237461,-0.029697,0.874394,0.123177,0.468381,-0.571185,95.821938,19.522675,-0.01143,0.880016,0.07249,0.46924,-3.708822,113.972237,23.040447,0.108502,0.907879,-0.097266,0.393092,-5.707723,136.404709,25.690388,0.197068,0.89181,-0.292079,0.283775,-0.260333,150.272293,23.017824,-0.040674,0.844998,0.127841,0.517669,-7.970461,131.122452,22.187817,0.368988,-0.59881,0.201153,-0.681771,-15.667113,132.185242,7.399245,0.287844,-0.023003,-0.346558,-0.892476,-10.690204,114.533356,-9.066396,0.322908,0.119071,-0.519316,-0.782217,7.977686,129.427399,-14.985299,-0.066127,0.925297,0.190641,0.321105,-3.63786,130.751343,28.597525,0.395965,0.858159,0.240757,-0.22093,9.476503,130.750397,38.945633,0.065866,0.232497,0.555687,-0.795499,23.988747,116.622177,24.900555,0.195683,0.047508,0.604337,-0.770862,16.870998,138.766953,13.403416,0.034768,0.87445,0.157136,0.457643,-4.897265,87.638802,11.08429,0.134349,0.931719,-0.013698,0.337138,-1.902574,53.434879,0.023118,0.006089,0.938347,0.012327,0.345422,-14.076546,8.248004,-3.028174,-0.047736,0.853683,-0.038423,0.517175,5.542293,88.232109,27.390635,0.019156,0.831167,-0.13945,0.537911,7.048672,52.4305,31.53817,-0.023339,0.822872,0.018189,0.567455,-1.480427,7.391444,41.443085,0.006089,0.938347,0.012327,0.345422,-4.674778,2.229804,-14.257188,-0.023339,0.822872,0.018189,0.567455,12.446708,1.926642,36.259121
103,0.858333,-0.040811,0.876179,0.042748,0.478348,0.327382,87.936523,19.238991,-0.029661,0.87444,0.123086,0.468321,-0.565406,95.823128,19.523834,-0.011518,0.88005,0.072435,0.469182,-3.699727,113.972427,23.039169,0.108398,0.90788,-0.097346,0.393101,-5.700807,136.405151,25.685173,0.197196,0.891743,-0.292061,0.283916,-0.255245,150.272827,23.009302,-0.041439,0.84433,0.128833,0.518452,-7.963376,131.122009,22.183857,0.368604,-0.599025,0.201873,-0.681577,-15.630836,132.184677,7.380116,0.287469,-0.022702,-0.346734,-0.892537,-10.680896,114.517929,-9.077721,0.323057,0.119133,-0.519367,-0.782112,7.983075,129.426529,-14.979982,-0.066199,0.925358,0.190689,0.320887,-3.629968,130.752579,28.593117,0.395778,0.858162,0.241086,-0.220898,9.488754,130.754837,38.935703,0.065033,0.233359,0.555586,-0.795386,24.00902,116.637718,24.887758,0.194219,0.048802,0.6041,-0.771337,16.906103,138.782776,13.380445,0.034809,0.8745,0.157071,0.457566,-4.89343,87.639961,11.086476,0.134334,0.931779,-0.013614,0.336983,-1.904498,53.434784,0.027633,0.006482,0.938312,0.012451,0.345504,-14.075043,8.247316,-3.028446,-0.047704,0.853713,-0.038429,0.517128,5.548194,88.233093,27.391506,0.019197,0.831176,-0.139451,0.537896,7.052585,52.431297,31.538162,-0.022465,0.822707,0.018511,0.56772,-1.479541,7.392409,41.441223,0.006482,0.938312,0.012451,0.345504,-4.67529,2.228641,-14.258894,-0.022465,0.822707,0.018511,0.56772,12.444695,1.920607,36.256844
104,0.866667,-0.041043,0.876087,0.042662,0.478505,0.348031,87.929794,19.239153,-0.029967,0.87442,0.123189,0.468312,-0.54738,95.816216,19.520878,-0.011373,0.880096,0.072372,0.46911,-3.694965,113.972664,23.035831,0.108274,0.907908,-0.097383,0.39306,-5.688694,136.40596,25.682629,0.197136,0.891726,-0.292095,0.283977,-0.246193,150.274292,23.003977,-0.040793,0.845161,0.127646,0.517441,-7.953543,131.12355,22.181644,0.368979,-0.598682,0.201319,-0.68184,-15.65774,132.178421,7.396434,0.28792,-0.022759,-0.3467,-0.892403,-10.676532,114.52285,-9.063962,0.323191,0.119247,-0.519417,-0.782006,7.987565,129.425674,-14.975534,-0.066406,0.925378,0.190773,0.320735,-3.619028,130.752686,28.590071,0.395653,0.858163,0.241273,-0.220914,9.502024,130.761459,38.929699,0.064483,0.234021,0.555518,-0.795284,24.026814,116.651825,24.87891,0.193066,0.049738,0.604319,-0.771395,16.935881,138.796143,13.361317,0.03491,0.874673,0.157059,0.457232,-4.869503,87.628708,11.084707,0.134478,0.931727,-0.013721,0.337064,-1.891523,53.423767,0.02218,0.006311,0.938293,0.012545,0.345556,-14.077491,8.240208,-3.030202,-0.047501,0.853802,-0.038542,0.516992,5.565566,88.230881,27.393597,0.0192,0.831198,-0.139449,0.537862,7.053935,52.428329,31.539383,-0.022465,0.822736,0.018552,0.567677,-1.477955,7.389423,41.442535,0.006311,0.938293,0.012545,0.345556,-4.674125,2.225776,-14.259895,-0.022465,0.822736,0.018552,0.567677,12.445996,1.918603,36.256351
105,0.875,-0.041041,0.876217,0.04271,0.478262,0.350418,87.930397,19.240353,-0.029954,0.874546,0.123181,0.468079,-0.54525,95.816757,19.523014,-0.011454,0.880219,0.07228,0.468892,-3.691344,113.973114,23.038738,0.1084,0.907958,-0.097461,0.392892,-5.685702,136.406937,25.680628,0.197074,0.891815,-0.291993,0.283845,-0.239754,150.273575,23.000196,-0.040853,0.845149,0.127535,0.517484,-7.951795,131.123428,22.182121,0.369057,-0.598609,0.201321,-0.681861,-15.654362,132.174866,7.395816,0.288,-0.022664,-0.346784,-0.892347,-10.668869,114.518059,-9.061949,0.323332,0.119273,-0.519431,-0.781934,7.991968,129.424393,-14.971633,-0.0664,0.92545,0.190784,0.320523,-3.614148,130.754593,28.588549,0.395454,0.858123,0.241852,-0.22079,9.511479,130.764587,38.922363,0.064182,0.234335,0.555475,-0.795246,24.046711,116.668961,24.868303,0.192354,0.050518,0.604909,-0.77106,16.961525,138.811157,13.348025,0.034994,0.874703,0.156726,0.457283,-4.871615,87.629494,11.088778,0.1345,0.931732,-0.01396,0.337031,-1.909465,53.417419,0.044058,0.006035,0.938274,0.012975,0.345598,-14.104912,8.235034,-2.987759,-0.047477,0.853813,-0.038574,0.516973,5.572451,88.231308,27.391928,0.019232,0.831204,-0.13949,0.537841,7.05827,52.428757,31.538746,-0.022508,0.822789,0.01842,0.567603,-1.477916,7.391038,41.443607,0.006035,0.938274,0.012975,0.345598,-4.695499,2.235185,-14.220188,-0.022508,0.822789,0.01842,0.567603,12.444702,1.91772,36.256489
106,0.883333,-0.040998,0.876237,0.042629,0.478237,0.355453,87.930161,19.240772,-0.029941,0.874591,0.123135,0.468008,-0.538999,95.816681,19.522659,-0.011462,0.880275,0.072139,0.468808,-3.683524,113.973259,23.03735,0.108349,0.908003,-0.097451,0.392804,-5.674974,136.40799,25.673693,0.197025,0.891898,-0.291826,0.283791,-0.230857,150.275162,22.992245,-0.041456,0.84457,0.128394,0.518169,-7.942315,131.123795,22.177031,0.369153,-0.5989,0.201659,-0.681453,-15.619537,132.176788,7.377659,0.287933,-0.022409,-0.346978,-0.892299,-10.657968,114.504517,-9.070738,0.323425,0.119381,-0.519354,-0.781931,7.996097,129.421722,-14.97058,-0.066474,0.92543,0.1908,0.320555,-3.603452,130.756195,28.582705,0.395253,0.85814,0.242044,-0.220874,9.521164,130.768066,38.917805,0.063774,0.234651,0.555453,-0.795201,24.062407,116.683685,24.858683,0.191641,0.05133,0.606189,-0.770178,16.983191,138.828995,13.337022,0.034911,0.874746,0.156776,0.457189,-4.86711,87.629196,11.08954,0.134584,0.93211,-0.013825,0.335958,-1.899179,53.417843,0.044134,0.0061,0.938305,0.012892,0.345516,-14.101055,8.237219,-2.988107,-0.047446,0.85382,-0.03861,0.516961,5.578016,88.231125,27.392006,0.019324,0.831014,-0.139359,0.538166,7.060634,52.428581,31.539896,-0.022476,0.822509,0.018545,0.568006,-1.479968,7.387743,41.426765,0.0061,0.938305,0.012892,0.345516,-4.694703,2.234461,-14.221546,-0.022476,0.822509,0.018545,0.568006,12.448172,1.917047,36.251717
107,0.891667,-0.041048,0.876303,0.042513,0.478123,0.363589,87.932854,19.244743,-0.030114,0.874625,0.123106,0.467942,-0.530645,95.819466,19.524759,-0.011393,0.880314,0.072079,0.468746,-3.679833,113.97464,23.035439,0.108433,0.908078,-0.097415,0.392615,-5.667037,136.409836,25.671017,0.196922,0.892081,-0.291644,0.283472,-0.221923,150.276703,22.990086,-0.041554,0.844589,0.128351,0.51814,-7.935822,131.12587,22.174955,0.369097,-0.598873,0.201789,-0.681469,-15.613751,132.175247,7.37569,0.287917,-0.022406,-0.346995,-0.892298,-10.653172,114.500618,-9.070478,0.323443,0.119438,-0.519463,-0.781843,8.001421,129.419464,-14.970489,-0.066436,0.925492,0.190714,0.320435,-3.596032,130.757828,28.579981,0.395101,0.858156,0.242174,-0.220941,9.531322,130.770355,38.911606,0.06336,0.234858,0.555484,-0.795151,24.077032,116.694351,24.84873,0.191216,0.051868,0.606808,-0.76976,17.004175,138.84549,13.330123,0.035045,0.87479,0.156746,0.457104,-4.861025,87.629822,11.0949,0.134527,0.931731,-0.013964,0.337023,-1.903595,53.418476,0.046659,0.006017,0.938318,0.012886,0.345481,-14.101558,8.236787,-2.985576,-0.047365,0.853824,-0.038588,0.516965,5.588203,88.235893,27.394585,0.019335,0.830844,-0.139406,0.538414,7.066636,52.432655,31.53812,-0.023298,0.822622,0.018114,0.567823,-1.480224,7.39311,41.425476,0.006017,0.938318,0.012886,0.345481,-4.695096,2.234691,-14.219281,-0.023298,0.822622,0.018114,0.567823,12.450672,1.925864,36.254196
108,0.9,-0.040755,0.876357,0.042318,0.478065,0.358519,87.937599,19.246599,-0.030048,0.874647,0.122984,0.467937,-0.530147,95.824852,19.526197,-0.011378,0.880318,0.07204,0.468743,-3.673749,113.973854,23.032681,0.108409,0.908144,-0.097471,0.392455,-5.659533,136.409332,25.667011,0.196925,0.892239,-0.291382,0.283244,-0.215158,150.275925,22.98313,-0.040853,0.845304,0.127287,0.517291,-7.928683,131.12529,22.171274,0.369139,-0.598494,0.201582,-0.68184,-15.637917,132.171448,7.388067,0.288116,-0.022625,-0.346898,-0.892266,-10.650842,114.505707,-9.059638,0.3235,0.119388,-0.519509,-0.781796,8.006088,129.416031,-14.971092,-0.066514,0.925509,0.190696,0.32038,-3.588847,130.757355,28.576269,0.394825,0.858271,0.242166,-0.220996,9.539341,130.772858,38.906826,0.062918,0.235142,0.55545,-0.795126,24.094593,116.706871,24.843813,0.19093,0.052282,0.607124,-0.769554,17.026402,138.861267,13.32612,0.034909,0.874633,0.157062,0.457308,-4.867618,87.637642,11.097623,0.134446,0.93181,-0.013569,0.336855,-1.888514,53.432743,0.035248,0.006486,0.93838,0.012395,0.345321,-14.067703,8.247998,-3.026655,-0.047473,0.853795,-0.038507,0.517008,5.584656,88.237556,27.395576,0.019359,0.831173,-0.139542,0.537871,7.072557,52.434624,31.538233,-0.022486,0.822721,0.018247,0.567708,-1.47652,7.398706,41.440197,0.006486,0.93838,0.012395,0.345321,-4.672585,2.227793,-14.260157,-0.022486,0.822721,0.018247,0.567708,12.446147,1.920828,36.258034
109,0.908333,-0.041078,0.876341,0.042423,0.478059,0.378134,87.931839,19.246023,-0.030074,0.874595,0.122789,0.468084,-0.51581,95.818535,19.524628,-0.011459,0.880211,0.072119,0.468932,-3.658271,113.973999,23.024763,0.108405,0.908215,-0.097359,0.39232,-5.649514,136.408859,25.66011,0.196888,0.892489,-0.291085,0.282787,-0.207059,150.276566,22.978092,-0.041431,0.844741,0.128174,0.517946,-7.916106,131.124695,22.162922,0.368628,-0.598746,0.202418,-0.681648,-15.601116,132.173431,7.367289,0.287693,-0.022506,-0.346998,-0.892367,-10.645567,114.492035,-9.073128,0.323644,0.11935,-0.519569,-0.781702,8.010485,129.412491,-14.974369,-0.066588,0.925467,0.190731,0.320468,-3.579036,130.75705,28.569809,0.394869,0.858212,0.242124,-0.221195,9.54694,130.773819,38.903175,0.062433,0.235362,0.555629,-0.794974,24.096157,116.70903,24.832695,0.190507,0.052785,0.607554,-0.769285,17.042688,138.874863,13.319572,0.035097,0.87486,0.156709,0.45698,-4.847612,87.62738,11.09696,0.134599,0.931785,-0.01394,0.336846,-1.896287,53.415455,0.048884,0.006326,0.938311,0.012974,0.345493,-14.100182,8.235508,-2.985419,-0.047285,0.853846,-0.038597,0.516934,5.60388,88.23629,27.395088,0.019393,0.831156,-0.139586,0.537885,7.077201,52.43256,31.536167,-0.02242,0.822696,0.018261,0.567746,-1.476898,7.397929,41.439629,0.006326,0.938311,0.012974,0.345493,-4.696602,2.232801,-14.22121,-0.02242,0.822696,0.018261,0.567746,12.445714,1.919279,36.258125
110,0.916667,-0.041065,0.876361,0.042362,0.478028,0.384223,87.92971,19.244665,-0.030227,0.87464,0.123069,0.467916,-0.509066,95.816505,19.522543,-0.011424,0.880328,0.071873,0.46875,-3.661288,113.972183,23.030195,0.1086,0.908322,-0.09736,0.392019,-5.645354,136.408707,25.656914,0.196835,0.892728,-0.29082,0.282342,-0.199058,150.274918,22.974972,-0.041392,0.844669,0.127959,0.518119,-7.914873,131.123657,22.162933,0.368684,-0.598795,0.202382,-0.681585,-15.593973,132.170609,7.364105,0.28787,-0.022463,-0.346956,-0.892328,-10.640569,114.48851,-9.076198,0.323887,0.119309,-0.519659,-0.781548,8.017776,129.407425,-14.978152,-0.066537,0.925496,0.190708,0.320409,-3.575148,130.757553,28.56811,0.39481,0.858189,0.242218,-0.221287,9.552322,130.773438,38.899582,0.062022,0.235603,0.555711,-0.794877,24.101814,116.713692,24.82435,0.19024,0.053391,0.607617,-0.76926,17.058603,138.885574,13.313431,0.035106,0.874866,0.156657,0.456986,-4.842115,87.624863,11.095995,0.134632,0.931774,-0.013926,0.336865,-1.893062,53.411804,0.050812,0.006051,0.938341,0.012918,0.345415,-14.0993,8.232656,-2.985989,-0.047267,0.853921,-0.038653,0.516808,5.610561,88.234558,27.393335,0.019458,0.83125,-0.139604,0.537732,7.081349,52.431023,31.536961,-0.022372,0.822752,0.01819,0.567669,-1.476862,7.397091,41.440067,0.006051,0.938341,0.012918,0.345415,-4.694647,2.231134,-14.221519,-0.022372,0.822752,0.01819,0.567669,12.44391,1.915874,36.256317
111,0.925,-0.040708,0.87639,0.042138,0.478025,0.378556,87.932808,19.246061,-0.029977,0.874666,0.122928,0.467921,-0.508087,95.820366,19.523548,-0.011475,0.880326,0.071843,0.468757,-3.648191,113.969254,23.0294,0.108587,0.908464,-0.097187,0.391736,-5.633706,136.405914,25.653845,0.196852,0.892985,-0.290601,0.281741,-0.190873,150.273911,22.974131,-0.04149,0.844672,0.128032,0.518089,-7.902814,131.120377,22.160337,0.368671,-0.598866,0.202424,-0.681517,-15.5827,132.16568,7.361803,0.28783,-0.022564,-0.346981,-0.892328,-10.634373,114.481926,-9.078238,0.323909,0.119183,-0.519603,-0.781595,8.022461,129.400238,-14.984207,-0.066649,0.925466,0.19067,0.320492,-3.563219,130.755173,28.565651,0.394874,0.858083,0.242354,-0.221434,9.561963,130.774307,38.900021,0.061784,0.235827,0.555879,-0.794712,24.105745,116.717171,24.81629,0.190095,0.0538,0.607302,-0.769515,17.077578,138.893829,13.304257,0.035034,0.874788,0.156616,0.457155,-4.848394,87.631912,11.097639,0.134567,0.931806,-0.013836,0.336806,-1.894006,53.417564,0.057891,0.006151,0.938412,0.012749,0.345228,-14.092074,8.236554,-2.983946,-0.047368,0.853926,-0.038566,0.516797,5.605506,88.233704,27.394482,0.01948,0.831211,-0.139628,0.537785,7.085792,52.430378,31.53651,-0.022169,0.822744,0.018233,0.567688,-1.475937,7.397154,41.439758,0.006151,0.938412,0.012749,0.345228,-4.693769,2.229446,-14.221792,-0.022169,0.822744,0.018233,0.567688,12.443421,1.913525,36.25478
112,0.933333,-0.041002,0.876365,0.042267,0.478035,0.398882,87.925957,19.242788,-0.030129,0.874644,0.123029,0.467924,-0.492813,95.812965,19.519825,-0.011482,0.880322,0.071821,0.468768,-3.641079,113.96859,23.027777,0.108639,0.908582,-0.097148,0.391457,-5.626456,136.405365,25.651163,0.196856,0.893251,-0.290306,0.281198,-0.183903,150.273392,22.970972,-0.041575,0.844701,0.127919,0.518063,-7.895528,131.11972,22.157837,0.368608,-0.59889,0.202435,-0.681527,-15.576095,132.160522,7.359334,0.287882,-0.022586,-0.346953,-0.892321,-10.629387,114.477715,-9.082225,0.32411,0.119065,-0.519645,-0.781502,8.028694,129.394577,-14.989792,-0.066677,0.925465,0.190656,0.320498,-3.55609,130.754761,28.563272,0.394894,0.858014,0.242511,-0.221493,9.56884,130.774887,38.897968,0.061617,0.236061,0.556034,-0.794547,24.110554,116.720642,24.809216,0.190064,0.054179,0.607086,-0.769667,17.096426,138.902222,13.292871,0.035166,0.874844,0.156564,0.457054,-4.827432,87.621307,11.094095,0.134667,0.932137,-0.013755,0.335853,-1.88441,53.406464,0.052854,0.006406,0.938372,0.013029,0.345323,-14.091578,8.227766,-2.986729,-0.04722,0.853891,-0.038681,0.516861,5.625196,88.230606,27.391481,0.019534,0.831189,-0.13966,0.537809,7.091768,52.42691,31.535164,-0.022105,0.822686,0.018232,0.567773,-1.47614,7.394746,41.437878,0.006406,0.938372,0.013029,0.345323,-4.692705,2.22585,-14.226881,-0.022105,0.822686,0.018232,0.567773,12.443686,1.910028,36.255299
113,0.941667,-0.040968,0.876378,0.042161,0.478023,0.406652,87.925842,19.243198,-0.030105,0.874616,0.122814,0.468035,-0.483782,95.813034,19.519033,-0.011554,0.880239,0.071938,0.468904,-3.627274,113.96669,23.019308,0.108663,0.908674,-0.096987,0.391276,-5.618404,136.402649,25.645473,0.196875,0.8935,-0.29002,0.280688,-0.177743,150.272018,22.968428,-0.041661,0.84459,0.12821,0.518165,-7.885186,131.11702,22.150602,0.368521,-0.598954,0.202686,-0.681443,-15.56197,132.161011,7.350368,0.287766,-0.022721,-0.346943,-0.892359,-10.624033,114.472031,-9.087175,0.324047,0.118908,-0.519606,-0.781578,8.034346,129.387543,-14.998664,-0.066773,0.925392,0.190723,0.32065,-3.547751,130.752045,28.557392,0.394816,0.85802,0.242591,-0.221522,9.573503,130.773285,38.896744,0.061541,0.236307,0.556123,-0.794417,24.117643,116.723488,24.806055,0.190266,0.054386,0.606591,-0.769993,17.11463,138.905518,13.282835,0.035197,0.87485,0.156546,0.457047,-4.819931,87.620758,11.094698,0.134704,0.931778,-0.013929,0.336825,-1.879539,53.405655,0.053564,0.006004,0.938415,0.012899,0.345218,-14.09221,8.228355,-2.984762,-0.047178,0.853857,-0.038691,0.51692,5.633235,88.230934,27.391699,0.019563,0.831186,-0.139697,0.537802,7.096533,52.427006,31.534555,-0.022104,0.822723,0.018215,0.56772,-1.475331,7.395899,41.438667,0.006004,0.938415,0.012899,0.345218,-4.691774,2.22684,-14.223814,-0.022104,0.822723,0.018215,0.56772,12.443718,1.910737,36.254482
114,0.95,-0.0407,0.876401,0.041999,0.478018,0.403793,87.928268,19.244411,-0.029942,0.874588,0.122662,0.468138,-0.481677,95.816025,19.520042,-0.011596,0.880167,0.071982,0.469032,-3.616479,113.965179,23.016752,0.108728,0.908749,-0.09687,0.391114,-5.610571,136.400787,25.643486,0.196796,0.893763,-0.289722,0.280214,-0.170189,150.270782,22.969086,-0.041555,0.844655,0.128085,0.518098,-7.875799,131.115143,22.147667,0.368501,-0.599011,0.202664,-0.68141,-15.555202,132.159592,7.348818,0.287778,-0.022883,-0.346882,-0.892375,-10.620197,114.471222,-9.09027,0.324044,0.118798,-0.519572,-0.781618,8.040166,129.382248,-15.008309,-0.066878,0.925374,0.190665,0.320713,-3.540236,130.750244,28.555731,0.394844,0.857968,0.24279,-0.221454,9.5792,130.774918,38.897385,0.061686,0.236492,0.556162,-0.794324,24.12373,116.726257,24.805965,0.190359,0.054654,0.606306,-0.770175,17.127508,138.904663,13.272044,0.035184,0.874755,0.156518,0.457239,-4.823302,87.626221,11.096125,0.134696,0.931778,-0.013881,0.336829,-1.880627,53.410412,0.057764,0.006524,0.938374,0.01295,0.345317,-14.091084,8.232784,-2.984581,-0.047288,0.853811,-0.038591,0.516993,5.630888,88.230324,27.392696,0.019625,0.831229,-0.139756,0.537719,7.104353,52.426575,31.533581,-0.022059,0.822765,0.01821,0.567662,-1.474348,7.397234,41.439827,0.006524,0.938374,0.01295,0.345317,-4.694058,2.227526,-14.224487,-0.022059,0.822765,0.01821,0.567662,12.443521,1.911172,36.253418
115,0.958333,-0.040659,0.876369,0.041946,0.478085,0.410385,87.927269,19.24301,-0.030126,0.874612,0.122879,0.468024,-0.474139,95.815147,19.518145,-0.011499,0.880266,0.071863,0.468865,-3.618608,113.963593,23.019327,0.10882,0.908904,-0.096815,0.390741,-5.605818,136.400085,25.643784,0.19677,0.89408,-0.289249,0.279709,-0.165217,150.269943,22.969126,-0.041731,0.844566,0.128074,0.518231,-7.873811,131.114548,22.149591,0.368661,-0.599073,0.202436,-0.681337,-15.548094,132.154526,7.347777,0.28792,-0.022928,-0.346872,-0.892332,-10.612207,114.468681,-9.093766,0.32413,0.118672,-0.519573,-0.781602,8.048182,129.377563,-15.015972,-0.066943,0.925408,0.19075,0.320551,-3.535794,130.74939,28.555977,0.394946,0.857914,0.242874,-0.221393,9.586813,130.77626,38.893597,0.061821,0.236569,0.556197,-0.794266,24.128727,116.724564,24.802519,0.190514,0.054996,0.606219,-0.770181,17.13632,138.901215,13.26193,0.035172,0.874742,0.156465,0.457283,-4.815537,87.625496,11.093962,0.134748,0.931776,-0.013887,0.336814,-1.873254,53.408443,0.059357,0.006327,0.938422,0.012912,0.345192,-14.088385,8.232141,-2.983902,-0.047257,0.853886,-0.038641,0.516868,5.636308,88.229042,27.392057,0.019672,0.831238,-0.139749,0.537705,7.106626,52.425373,31.534687,-0.022053,0.822746,0.018219,0.567689,-1.475206,7.396039,41.438232,0.006327,0.938422,0.012912,0.345192,-4.692244,2.227797,-14.225035,-0.022053,0.822746,0.018219,0.567689,12.442986,1.910093,36.252583
116,0.966667,-0.040594,0.876321,0.041834,0.478189,0.416019,87.921432,19.242826,-0.029999,0.874543,0.122632,0.468226,-0.466792,95.80954,19.516808,-0.011585,0.88014,0.071935,0.469089,-3.603748,113.961365,23.011724,0.108813,0.908949,-0.096692,0.390669,-5.596572,136.397308,25.636711,0.19663,0.894379,-0.288739,0.279381,-0.157816,150.268372,22.964651,-0.041675,0.844662,0.128112,0.51807,-7.861739,131.111572,22.140965,0.368633,-0.599037,0.202519,-0.68136,-15.541762,132.152985,7.342227,0.287849,-0.023116,-0.346878,-0.892348,-10.605402,114.465652,-9.09756,0.324075,0.118468,-0.519463,-0.781728,8.054119,129.372223,-15.026797,-0.066991,0.925341,0.190711,0.320759,-3.527002,130.746796,28.549593,0.395083,0.857843,0.243016,-0.221263,9.590934,130.774109,38.893139,0.061858,0.236867,0.556139,-0.794214,24.130325,116.717957,24.803896,0.190139,0.055585,0.605909,-0.770475,17.14217,138.888519,13.251204,0.035185,0.874713,0.156494,0.457327,-4.808088,87.61985,11.092607,0.134813,0.931774,-0.013947,0.336792,-1.865146,53.403496,0.055998,0.006261,0.938459,0.012901,0.345094,-14.087791,8.228985,-2.983737,-0.04723,0.853871,-0.038618,0.516897,5.640126,88.223007,27.393045,0.019748,0.83105,-0.139685,0.538009,7.1095,52.419029,31.533293,-0.022136,0.822564,0.018267,0.567948,-1.478696,7.388297,41.42495,0.006261,0.938459,0.012901,0.345094,-4.693267,2.225016,-14.226423,-0.022136,0.822564,0.018267,0.567948,12.443836,1.905028,36.248123
117,0.975,-0.040526,0.876297,0.041748,0.478245,0.422619,87.918556,19.242121,-0.030131,0.87452,0.122617,0.468264,-0.458609,95.80687,19.515366,-0.011481,0.880136,0.071958,0.469097,-3.599945,113.959564,23.00753,0.108804,0.909047,-0.096645,0.390455,-5.589139,136.395462,25.635614,0.196492,0.894675,-0.288218,0.279067,-0.152046,150.267105,22.963057,-0.041637,0.844608,0.128083,0.518169,-7.855156,131.110565,22.139132,0.368696,-0.599096,0.202499,-0.681279,-15.531871,132.153061,7.33875,0.287872,-0.023289,-0.34685,-0.892347,-10.598628,114.464233,-9.100376,0.324013,0.118325,-0.519474,-0.781769,8.061798,129.367432,-15.037335,-0.066842,0.925354,0.190594,0.320821,-3.520489,130.744202,28.54772,0.395054,0.857882,0.242853,-0.221343,9.596786,130.767776,38.892117,0.061649,0.237085,0.555997,-0.794265,24.135567,116.711296,24.802574,0.190138,0.056513,0.605651,-0.770611,17.144207,138.880463,13.246161,0.035263,0.874673,0.156467,0.457407,-4.800547,87.617401,11.091281,0.134832,0.931707,-0.013984,0.336969,-1.86242,53.400845,0.054029,0.006568,0.938418,0.012964,0.345196,-14.087264,8.226911,-2.98542,-0.047216,0.853944,-0.038608,0.516778,5.645785,88.219711,27.392963,0.019753,0.831319,-0.139853,0.537549,7.11523,52.415573,31.531849,-0.022033,0.822795,0.018228,0.567618,-1.476277,7.389247,41.440697,0.006568,0.938418,0.012964,0.345196,-4.693584,2.221612,-14.228106,-0.022033,0.822795,0.018228,0.567618,12.440908,1.903172,36.252468
118,0.983333,-0.040533,0.876281,0.041693,0.478278,0.429882,87.915512,19.241772,-0.030044,0.874501,0.122651,0.468297,-0.451039,95.803894,19.514162,-0.011583,0.880109,0.071898,0.469154,-3.590341,113.956985,23.008902,0.1089,0.909096,-0.096516,0.390346,-5.582509,136.393173,25.632343,0.196198,0.895002,-0.287688,0.278772,-0.144771,150.265274,22.963514,-0.041629,0.844611,0.128053,0.518172,-7.847415,131.107346,22.136566,0.368782,-0.599147,0.202347,-0.681233,-15.524052,132.149521,7.336122,0.287858,-0.02346,-0.34685,-0.892346,-10.590787,114.462814,-9.105285,0.323866,0.118201,-0.519475,-0.781847,8.068956,129.363403,-15.04942,-0.066794,0.925342,0.19044,0.320958,-3.513618,130.742722,28.545839,0.395094,0.857904,0.242696,-0.22136,9.600938,130.765564,38.893684,0.061486,0.237428,0.555747,-0.794351,24.13781,116.705452,24.805784,0.18958,0.057522,0.605646,-0.770678,17.141256,138.865097,13.241037,0.035205,0.874681,0.15655,0.457368,-4.792657,87.61377,11.090552,0.134916,0.932113,-0.013871,0.335813,-1.848551,53.3988,0.049976,0.006341,0.938505,0.012787,0.34497,-14.080809,8.226696,-2.986846,-0.047212,0.85402,-0.038657,0.516649,5.652421,88.217262,27.39299,0.019857,0.831425,-0.139853,0.537383,7.120408,52.413368,31.534502,-0.022157,0.822795,0.018111,0.567617,-1.477188,7.387433,41.439842,0.006341,0.938505,0.012787,0.34497,-4.690652,2.218851,-14.23111,-0.022157,0.822795,0.018111,0.567617,12.440421,1.900603,36.253551
119,0.991667,-0.040518,0.876235,0.041655,0.478367,0.437382,87.914406,19.239653,-0.030077,0.874471,0.122653,0.468351,-0.443077,95.802856,19.511538,-0.011553,0.880089,0.071876,0.469194,-3.583839,113.95649,23.005714,0.108755,0.909188,-0.096228,0.390244,-5.57445,136.392838,25.628794,0.196118,0.895194,-0.287356,0.278554,-0.144067,150.268799,22.964998,-0.041617,0.844615,0.12803,0.518172,-7.839479,131.107178,22.13287,0.368781,-0.599118,0.202381,-0.681249,-15.516153,132.149277,7.332438,0.287846,-0.023627,-0.346857,-0.892343,-10.581805,114.461838,-9.107846,0.323821,0.118057,-0.519592,-0.78181,8.077728,129.360626,-15.059347,-0.066092,0.925406,0.190136,0.321098,-3.506257,130.742264,28.542515,0.394921,0.857941,0.242807,-0.221405,9.608412,130.745911,38.890247,0.061222,0.237526,0.555383,-0.794596,24.151031,116.694153,24.79995,0.189093,0.05847,0.605519,-0.770825,17.136055,138.84848,13.237092,0.035343,0.874638,0.156452,0.457473,-4.783534,87.612656,11.087393,0.134903,0.93168,-0.014082,0.337011,-1.850112,53.396164,0.048688,0.006365,0.938484,0.012835,0.345025,-14.083979,8.224285,-2.984969,-0.047157,0.853957,-0.038629,0.51676,5.658297,88.216156,27.391911,0.019831,0.831314,-0.139898,0.537543,7.123444,52.411739,31.529919,-0.020694,0.822689,0.018726,0.567806,-1.476286,7.38689,41.438309,0.006365,0.938484,0.012835,0.345025,-4.692578,2.217504,-14.228765,-0.020694,0.822689,0.018726,0.567806,12.433752,1.890193,36.242165
120,1.0,-0.040586,0.876139,0.041549,0.478546,0.449147,87.910187,19.238911,-0.030127,0.874422,0.122726,0.46842,-0.431514,95.798683,19.508633,-0.011585,0.880065,0.07186,0.469241,-3.576186,113.955833,23.004852,0.108971,0.909174,-0.096203,0.390221,-5.567904,136.392258,25.626505,0.19552,0.895553,-0.286749,0.278444,-0.132196,150.266724,22.965813,-0.041602,0.844554,0.128004,0.518279,-7.832357,131.106323,22.130615,0.36886,-0.599132,0.202335,-0.681208,-15.505364,132.148941,7.328322,0.287875,-0.023731,-0.346891,-0.892318,-10.570957,114.460846,-9.111232,0.323764,0.118011,-0.519715,-0.781759,8.086917,129.358978,-15.068141,-0.067033,0.925313,0.190348,0.321044,-3.499824,130.741913,28.540758,0.395291,0.85797,0.242334,-0.221149,9.611809,130.772522,38.892288,0.061532,0.237822,0.55524,-0.794583,24.145582,116.696335,24.817253,0.189047,0.0592,0.60555,-0.770756,17.131536,138.833786,13.236901,0.035416,0.874672,0.156456,0.457402,-4.768352,87.606522,11.084537,0.134983,0.931655,-0.0142,0.337041,-1.840262,53.390514,0.042932,0.006232,0.938492,0.012897,0.345003,-14.084583,8.220977,-2.983343,-0.047161,0.85405,-0.038682,0.516602,5.666646,88.213852,27.393288,0.019952,0.831452,-0.139922,0.537319,7.130794,52.409744,31.534376,-0.022236,0.822842,0.018021,0.567549,-1.476929,7.385978,41.440769,0.006232,0.938492,0.012897,0.345003,-4.691912,2.217235,-14.2277,-0.022236,0.822842,0.018021,0.567549,12.44001,1.898282,36.253593
121,1.008333,-0.04062,0.876098,0.041569,0.478617,0.457608,87.910393,19.236893,-0.030105,0.874389,0.122744,0.468478,-0.423679,95.798828,19.506556,-0.011644,0.880032,0.071841,0.469305,-3.568235,113.956116,23.003565,0.109134,0.909171,-0.096098,0.390209,-5.562102,136.392609,25.623079,0.194951,0.895915,-0.286115,0.278333,-0.123297,150.266724,22.966999,-0.041549,0.84453,0.127945,0.518336,-7.825603,131.106201,22.127275,0.36905,-0.599191,0.202177,-0.681099,-15.496758,132.149582,7.324081,0.287997,-0.02377,-0.346942,-0.892258,-10.562706,114.461182,-9.115251,0.323769,0.118011,-0.519798,-0.781701,8.092676,129.359344,-15.076447,-0.067042,0.925288,0.190289,0.32115,-3.494033,130.742645,28.538111,0.395402,0.857977,0.24226,-0.221003,9.615287,130.773453,38.892563,0.061694,0.237784,0.555063,-0.794706,24.147917,116.68985,24.823769,0.189223,0.0599,0.605606,-0.770615,17.12328,138.819901,13.240271,0.035467,0.874679,0.156411,0.457399,-4.758512,87.606445,11.08165,0.135025,0.931624,-0.014236,0.33711,-1.835205,53.389664,0.041163,0.00638,0.938462,0.012996,0.345079,-14.083986,8.221269,-2.984237,-0.04716,0.854083,-0.038637,0.516552,5.673729,88.214348,27.392138,0.020021,0.831419,-0.140018,0.537342,7.139768,52.409996,31.530384,-0.020924,0.82277,0.018506,0.567688,-1.478419,7.388997,41.440277,0.00638,0.938462,0.012996,0.345079,-4.690761,2.218761,-14.228788,-0.020924,0.82277,0.018506,0.567688,12.430928,1.890814,36.243862
122,1.016667,-0.04065,0.876228,0.041798,0.478356,0.46496,87.912331,19.233784,-0.030235,0.874403,0.122724,0.468449,-0.418412,95.800415,19.506662,-0.011575,0.880021,0.071769,0.469338,-3.566471,113.956093,23.000526,0.109406,0.909198,-0.096327,0.390014,-5.55615,136.393127,25.618586,0.194391,0.896433,-0.285122,0.278074,-0.108547,150.263,22.958323,-0.04091,0.845099,0.127013,0.517689,-7.820467,131.106949,22.122959,0.369473,-0.598927,0.201599,-0.681273,-15.515775,132.148712,7.332191,0.288374,-0.02397,-0.346917,-0.89214,-10.554628,114.470291,-9.109724,0.323682,0.118065,-0.51989,-0.781668,8.100059,129.361176,-15.085298,-0.066848,0.925262,0.190222,0.321306,-3.489347,130.74295,28.534075,0.395393,0.858061,0.24202,-0.220958,9.617499,130.76741,38.891678,0.061491,0.237757,0.554756,-0.794944,24.151443,116.679398,24.828665,0.189543,0.061355,0.605469,-0.77053,17.108418,138.806198,13.250214,0.03539,0.874648,0.156452,0.457451,-4.755956,87.609665,11.081561,0.135113,0.931615,-0.014266,0.337097,-1.825754,53.393417,0.041258,0.006399,0.938488,0.01278,0.345015,-14.083043,8.227343,-2.984207,-0.047152,0.854109,-0.038665,0.516507,5.685875,88.214996,27.386007,0.020145,0.831418,-0.140222,0.537286,7.150588,52.410744,31.525579,-0.020632,0.822809,0.018557,0.56764,-1.486811,7.395592,41.445305,0.006399,0.938488,0.01278,0.345015,-4.692507,2.218706,-14.227732,-0.020632,0.822809,0.018557,0.56764,12.419521,1.893703,36.244743
123,1.025,-0.040648,0.876198,0.041688,0.478421,0.470249,87.91066,19.233782,-0.030154,0.874394,0.122787,0.468455,-0.412271,95.798889,19.505089,-0.0117,0.880017,0.071702,0.469354,-3.559103,113.955833,23.00272,0.109853,0.909161,-0.096495,0.389933,-5.55238,136.393158,25.615437,0.193391,0.897084,-0.283868,0.277954,-0.09154,150.257904,22.955536,-0.040914,0.845015,0.126893,0.517855,-7.815704,131.10582,22.120932,0.369377,-0.598951,0.201561,-0.681316,-15.505281,132.146194,7.327084,0.288281,-0.024023,-0.346967,-0.892149,-10.544758,114.471054,-9.118546,0.323627,0.118191,-0.519927,-0.781648,8.107874,129.363464,-15.095502,-0.066504,0.925275,0.189998,0.321472,-3.484853,130.743988,28.532352,0.395555,0.857985,0.242304,-0.220652,9.619956,130.759186,38.892555,0.061762,0.23756,0.554639,-0.795063,24.154266,116.665253,24.835859,0.189982,0.062273,0.6055,-0.770323,17.100609,138.785034,13.258204,0.035391,0.874578,0.15644,0.457589,-4.749467,87.607101,11.080825,0.135202,0.931644,-0.014262,0.33698,-1.817969,53.390587,0.041678,0.006572,0.938476,0.012809,0.345044,-14.083177,8.226768,-2.985394,-0.047106,0.854177,-0.038751,0.516393,5.689965,88.214218,27.38674,0.020192,0.831414,-0.139961,0.537358,7.14918,52.410133,31.529696,-0.019866,0.822444,0.01952,0.568164,-1.479655,7.3883,41.426506,0.006572,0.938476,0.012809,0.345044,-4.69382,2.217228,-14.22942,-0.019866,0.822444,0.01952,0.568164,12.432004,1.896945,36.229053
124,1.033333,-0.040308,0.876149,0.041404,0.478565,0.469271,87.912003,19.232944,-0.03024,0.874264,0.122798,0.468688,-0.406433,95.801048,19.502747,-0.01155,0.879892,0.071668,0.469596,-3.556482,113.953423,22.997549,0.110025,0.909145,-0.095571,0.39015,-5.543773,136.391144,25.611532,0.192522,0.897446,-0.283489,0.277775,-0.087446,150.262985,22.979599,-0.040799,0.844923,0.127132,0.517955,-7.807004,131.104904,22.115303,0.370081,-0.599087,0.201032,-0.68097,-15.493429,132.153214,7.320374,0.288642,-0.024011,-0.34707,-0.891993,-10.53047,114.47599,-9.12229,0.323459,0.118152,-0.520005,-0.781671,8.115715,129.367599,-15.105182,-0.066409,0.925255,0.189818,0.321656,-3.479618,130.740982,28.528946,0.395684,0.85806,0.241997,-0.220464,9.621662,130.753983,38.893612,0.061748,0.237676,0.554471,-0.795148,24.155024,116.647552,24.848457,0.190204,0.0634,0.605731,-0.769996,17.094824,138.761612,13.266452,0.03535,0.874525,0.156385,0.457712,-4.748304,87.611725,11.078491,0.135207,0.931648,-0.014224,0.336969,-1.814541,53.393776,0.0444,0.006363,0.938537,0.01258,0.344892,-14.079025,8.22998,-2.985992,-0.047279,0.854185,-0.038489,0.516383,5.686845,88.212288,27.387396,0.020141,0.831043,-0.140345,0.537833,7.166566,52.407921,31.520622,-0.019519,0.822716,0.019468,0.567784,-1.483243,7.396004,41.444187,0.006363,0.938537,0.01258,0.344892,-4.691888,2.216211,-14.229613,-0.019519,0.822716,0.019468,0.567784,12.42006,1.897424,36.232029
125,1.041667,-0.040565,0.876093,0.041513,0.478636,0.481957,87.91436,19.232161,-0.030134,0.874218,0.122625,0.468826,-0.39816,95.802933,19.501446,-0.011702,0.87979,0.071846,0.469757,-3.542229,113.956917,22.992022,0.110021,0.909163,-0.095591,0.390104,-5.539835,136.393311,25.609489,0.191849,0.897958,-0.282395,0.277701,-0.083586,150.265015,22.976633,-0.040882,0.84482,0.127046,0.518139,-7.799491,131.106796,22.111353,0.370025,-0.599139,0.200983,-0.68097,-15.479315,132.152191,7.312789,0.288445,-0.024054,-0.347162,-0.89202,-10.518434,114.477325,-9.133034,0.323224,0.118156,-0.520124,-0.781688,8.124496,129.373032,-15.115786,-0.066506,0.925228,0.189715,0.321773,-3.474504,130.743454,28.526649,0.396144,0.85802,0.241728,-0.220088,9.623833,130.759766,38.895027,0.061789,0.237903,0.554393,-0.795131,24.147409,116.627243,24.865993,0.190064,0.064828,0.606109,-0.769614,17.08872,138.735138,13.274511,0.035461,0.874545,0.15634,0.457681,-4.733902,87.610832,11.076731,0.135248,0.931617,-0.014274,0.337038,-1.809011,53.392422,0.041717,0.006452,0.938526,0.012606,0.344918,-14.078353,8.229804,-2.986566,-0.047144,0.854182,-0.038593,0.516393,5.697816,88.217888,27.387589,0.02011,0.831073,-0.140136,0.537843,7.165257,52.413177,31.522268,-0.01957,0.822565,0.019382,0.568004,-1.471789,7.395637,41.431461,0.006452,0.938526,0.012606,0.344918,-4.691506,2.215876,-14.230342,-0.01957,0.822565,0.019382,0.568004,12.434236,1.895871,36.227821
126,1.05,-0.040527,0.876076,0.041475,0.478674,0.487415,87.914894,19.230005,-0.030168,0.87415,0.122642,0.468946,-0.391898,95.803574,19.499025,-0.011756,0.879712,0.07176,0.469914,-3.537598,113.955948,22.988855,0.109964,0.909231,-0.095564,0.389966,-5.536019,136.392853,25.601387,0.191156,0.89864,-0.280843,0.27755,-0.082147,150.265305,22.967512,-0.0407,0.844654,0.12698,0.518439,-7.794448,131.105682,22.103432,0.369938,-0.59918,0.201114,-0.680943,-15.464377,132.156586,7.300127,0.288205,-0.024124,-0.34723,-0.892069,-10.508504,114.479446,-9.144754,0.322906,0.118234,-0.520158,-0.781785,8.132314,129.378555,-15.127608,-0.066354,0.925198,0.189519,0.322005,-3.471768,130.74353,28.52035,0.396264,0.858218,0.241187,-0.219696,9.622243,130.755692,38.894196,0.061581,0.238547,0.55411,-0.795151,24.149643,116.603745,24.888731,0.18942,0.065968,0.606296,-0.769529,17.090956,138.700073,13.277838,0.035472,0.874524,0.15628,0.457741,-4.727799,87.61171,11.07415,0.135305,0.93166,-0.014257,0.336897,-1.804861,53.391998,0.042662,0.006402,0.938519,0.012557,0.34494,-14.078988,8.230784,-2.987073,-0.047141,0.85419,-0.038582,0.516381,5.70263,88.218079,27.38586,0.02013,0.831045,-0.140186,0.537873,7.170373,52.413284,31.519682,-0.023084,0.822755,0.01773,0.567651,-1.471017,7.397121,41.431305,0.006402,0.938519,0.012557,0.34494,-4.691254,2.21601,-14.22966,-0.023084,0.822755,0.01773,0.567651,12.453379,1.916833,36.256329
127,1.058333,-0.040589,0.876045,0.041497,0.478722,0.496038,87.914398,19.227919,-0.030227,0.874107,0.122574,0.46904,-0.384313,95.802956,19.496727,-0.011712,0.87966,0.071789,0.470008,-3.53109,113.955643,22.982931,0.10978,0.909383,-0.095197,0.389755,-5.52864,136.392395,25.597349,0.190569,0.899241,-0.279662,0.277198,-0.084478,150.269775,22.96929,-0.040813,0.844555,0.126885,0.518614,-7.786675,131.105743,22.098381,0.369629,-0.599197,0.201159,-0.681082,-15.450228,132.152695,7.291494,0.287856,-0.024151,-0.347291,-0.892158,-10.496272,114.481445,-9.160309,0.322652,0.118278,-0.520409,-0.781716,8.145523,129.387207,-15.140368,-0.06614,0.925167,0.189167,0.322346,-3.465353,130.742645,28.516161,0.396541,0.858289,0.240923,-0.219207,9.62227,130.749771,38.898075,0.061626,0.239178,0.553901,-0.795104,24.149431,116.576019,24.914423,0.189063,0.06771,0.606708,-0.76914,17.094053,138.660568,13.277059,0.035561,0.874476,0.15631,0.457816,-4.718186,87.610435,11.071459,0.135357,0.931612,-0.014384,0.337002,-1.798918,53.391861,0.035461,0.00657,0.938505,0.012601,0.344973,-14.081171,8.23231,-2.986194,-0.047153,0.854301,-0.03865,0.516191,5.710262,88.218353,27.38438,0.020222,0.831064,-0.140218,0.537831,7.177124,52.414028,31.522545,-0.023374,0.822755,0.017652,0.567641,-1.472553,7.399067,41.4324,0.00657,0.938505,0.012601,0.344973,-4.694389,2.217074,-14.22933,-0.023374,0.822755,0.017652,0.567641,12.453966,1.921841,36.259888
128,1.066667,-0.040575,0.876119,0.041589,0.478581,0.498395,87.916405,19.2251,-0.030192,0.874115,0.122444,0.469061,-0.382412,95.804863,19.49542,-0.01167,0.879626,0.071836,0.470066,-3.525392,113.95607,22.977489,0.110489,0.909338,-0.095168,0.389665,-5.522446,136.392563,25.594511,0.188911,0.900212,-0.277897,0.276956,-0.060324,150.264511,22.9751,-0.040832,0.844501,0.126729,0.51874,-7.78023,131.10643,22.094585,0.369471,-0.599212,0.201063,-0.681182,-15.43937,132.150757,7.285233,0.287596,-0.024207,-0.347416,-0.892191,-10.484417,114.486122,-9.173365,0.32246,0.118282,-0.520557,-0.781696,8.152586,129.397141,-15.153146,-0.066163,0.92514,0.188845,0.322608,-3.459738,130.742371,28.512865,0.397099,0.858295,0.240625,-0.2185,9.622131,130.751968,38.90202,0.061729,0.240013,0.553826,-0.794896,24.142685,116.542885,24.947393,0.18857,0.069558,0.606805,-0.769019,17.104332,138.612732,13.276347,0.035444,0.874499,0.156315,0.457779,-4.718463,87.61335,11.070293,0.135452,0.931664,-0.014401,0.33682,-1.792091,53.394287,0.037698,0.005505,0.938595,0.012367,0.344756,-14.083531,8.23718,-2.983069,-0.047252,0.853713,-0.038589,0.517159,5.715253,88.21946,27.379906,0.020333,0.830807,-0.140156,0.53824,7.185766,52.415455,31.519609,-0.023275,0.822503,0.017736,0.568007,-1.474323,7.399276,41.414864,0.005505,0.938595,0.012367,0.344756,-4.690684,2.226063,-14.223337,-0.023275,0.822503,0.017736,0.568007,12.456366,1.922503,36.25312
129,1.075,-0.040567,0.876098,0.041513,0.478626,0.505104,87.914856,19.222517,-0.03016,0.87407,0.122441,0.469148,-0.375036,95.803429,19.491802,-0.011704,0.87957,0.071805,0.470174,-3.517344,113.955154,22.974091,0.110676,0.909443,-0.095007,0.389406,-5.515397,136.391815,25.588936,0.18773,0.901145,-0.276147,0.276476,-0.051187,150.263794,22.974035,-0.041547,0.843651,0.127693,0.519829,-7.772237,131.105392,22.088848,0.368852,-0.599582,0.201694,-0.681006,-15.391641,132.152039,7.259172,0.286861,-0.024126,-0.347637,-0.892344,-10.471079,114.47953,-9.201285,0.322256,0.118345,-0.520639,-0.781717,8.159521,129.405731,-15.168546,-0.065923,0.925157,0.188254,0.322954,-3.453318,130.741867,28.508223,0.397716,0.858294,0.2403,-0.217738,9.622149,130.748291,38.905441,0.061933,0.240861,0.553867,-0.794595,24.134949,116.500618,24.982122,0.188443,0.071377,0.606819,-0.768873,17.12096,138.555603,13.27529,0.035374,0.874561,0.156324,0.457662,-4.710944,87.611282,11.067209,0.135578,0.931684,-0.014429,0.336711,-1.781329,53.392075,0.03593,0.005547,0.938565,0.012377,0.344836,-14.084845,8.238262,-2.984985,-0.047366,0.853738,-0.038415,0.51712,5.721151,88.21843,27.377827,0.020515,0.830855,-0.140676,0.538024,7.205366,52.414238,31.511042,-0.023056,0.822802,0.017632,0.567587,-1.492392,7.412457,41.438675,0.005547,0.938565,0.012377,0.344836,-4.690515,2.226983,-14.223928,-0.023056,0.822802,0.017632,0.567587,12.430341,1.929292,36.262268
130,1.083333,-0.040618,0.876094,0.041476,0.478633,0.514064,87.91478,19.221338,-0.030289,0.874049,0.122384,0.469194,-0.366504,95.803337,19.489721,-0.011617,0.879552,0.071793,0.470213,-3.51273,113.958313,22.968306,0.110893,0.909665,-0.094606,0.388924,-5.507177,136.395142,25.584417,0.186518,0.902234,-0.274311,0.275567,-0.043646,150.269165,22.97901,-0.041647,0.84359,0.127524,0.51996,-7.76465,131.109314,22.083832,0.368637,-0.599619,0.201695,-0.68109,-15.379188,132.150879,7.251305,0.286623,-0.024205,-0.347745,-0.892376,-10.460794,114.483192,-9.214978,0.322161,0.118336,-0.52086,-0.78161,8.166499,129.414246,-15.18338,-0.065525,0.925153,0.187747,0.323342,-3.446274,130.744659,28.503502,0.398254,0.858336,0.240078,-0.21683,9.622563,130.741776,38.909046,0.062333,0.241684,0.553821,-0.794346,24.133669,116.457344,25.021679,0.188393,0.07313,0.607038,-0.768548,17.138494,138.49292,13.274109,0.035453,0.874525,0.15635,0.457715,-4.701757,87.610016,11.065934,0.135609,0.931673,-0.01451,0.336728,-1.775587,53.391804,0.030655,0.005549,0.938586,0.0123,0.344782,-14.08419,8.238977,-2.98436,-0.047194,0.853703,-0.03862,0.517177,5.729886,88.219543,27.376741,0.020407,0.830817,-0.140234,0.538202,7.195623,52.415337,31.516281,-0.023076,0.822491,0.017759,0.568032,-1.473761,7.401502,41.414051,0.005549,0.938586,0.0123,0.344782,-4.691513,2.225577,-14.223547,-0.023076,0.822491,0.017759,0.568032,12.455511,1.921897,36.251492
131,1.091667,-0.040582,0.876113,0.041609,0.478589,0.520523,87.916153,19.215971,-0.030275,0.87402,0.122422,0.46924,-0.360534,95.804581,19.486507,-0.011556,0.879518,0.071748,0.470284,-3.506264,113.954117,22.965429,0.111292,0.909807,-0.094515,0.388499,-5.497532,136.391312,25.580915,0.184693,0.903505,-0.27215,0.274774,-0.026281,150.263031,22.979486,-0.041665,0.843424,0.127469,0.520241,-7.755321,131.105789,22.080065,0.368503,-0.599804,0.201542,-0.681045,-15.360041,132.147324,7.242501,0.286384,-0.024232,-0.347865,-0.892405,-10.449563,114.485847,-9.232797,0.322035,0.11832,-0.521005,-0.781568,8.173555,129.422623,-15.200058,-0.065344,0.925157,0.187113,0.323734,-3.437968,130.74054,28.500389,0.398966,0.858353,0.239707,-0.215861,9.623196,130.736481,38.915569,0.062726,0.242832,0.553867,-0.793933,24.126989,116.406189,25.067871,0.188198,0.07524,0.607253,-0.768221,17.164179,138.420349,13.268241,0.035423,0.874491,0.156307,0.457798,-4.696176,87.613174,11.061061,0.135664,0.931673,-0.014519,0.336704,-1.768514,53.393833,0.029677,0.00543,0.938616,0.012101,0.344709,-14.082228,8.242449,-2.985975,-0.047202,0.853717,-0.038596,0.517156,5.737223,88.219131,27.370882,0.020366,0.83091,-0.14045,0.538003,7.204426,52.414833,31.509161,-0.023299,0.822737,0.017477,0.567676,-1.470204,7.406536,41.427471,0.00543,0.938616,0.012101,0.344709,-4.690792,2.224755,-14.223901,-0.023299,0.822737,0.017477,0.567676,12.454979,1.923782,36.257233
132,1.1,-0.040502,0.876044,0.04132,0.478748,0.523002,87.909225,19.214703,-0.030205,0.87393,0.122464,0.469401,-0.354809,95.798126,19.481676,-0.011469,0.879438,0.071583,0.470461,-3.500359,113.951622,22.963398,0.111803,0.909995,-0.094686,0.387871,-5.485185,136.389969,25.573788,0.182721,0.905073,-0.269441,0.2736,-0.001322,150.256134,22.969257,-0.041163,0.843938,0.126526,0.519679,-7.743402,131.104523,22.073109,0.368752,-0.599746,0.200774,-0.681187,-15.369076,132.140732,7.245926,0.286528,-0.02441,-0.347913,-0.892335,-10.439939,114.497284,-9.24311,0.321877,0.118375,-0.521106,-0.781557,8.180679,129.431946,-15.2211,-0.065,0.925115,0.18659,0.324225,-3.428593,130.73909,28.495132,0.399417,0.858817,0.23764,-0.21547,9.623429,130.726913,38.921761,0.062481,0.244476,0.553758,-0.793524,24.117786,116.341827,25.121065,0.188088,0.077315,0.607786,-0.767621,17.188286,138.343704,13.26299,0.035419,0.874476,0.156372,0.457804,-4.690887,87.605095,11.058038,0.135743,0.932068,-0.014423,0.335583,-1.760735,53.387188,0.022862,0.005521,0.938582,0.012336,0.34479,-14.081778,8.237541,-2.98885,-0.047271,0.853614,-0.038459,0.517329,5.736891,88.213348,27.371368,0.02041,0.830883,-0.140536,0.538021,7.212646,52.408756,31.504095,-0.022548,0.822552,0.017919,0.56796,-1.469869,7.40287,41.426472,0.005521,0.938582,0.012336,0.34479,-4.688425,2.225388,-14.22814,-0.022548,0.822552,0.017919,0.56796,12.454537,1.918129,36.256241
133,1.108333,-0.040551,0.876011,0.041379,0.478798,0.533491,87.912193,19.213261,-0.030248,0.873847,0.122466,0.469551,-0.345469,95.800957,19.480633,-0.011424,0.879352,0.071429,0.470646,-3.49245,113.950882,22.960442,0.112162,0.910226,-0.094932,0.387164,-5.472734,136.390274,25.565302,0.180706,0.906737,-0.266412,0.272394,0.020187,150.251434,22.953232,-0.0417,0.84316,0.127651,0.520622,-7.73086,131.10466,22.064833,0.368113,-0.600118,0.201503,-0.68099,-15.322256,132.15036,7.220739,0.285658,-0.024689,-0.348089,-0.892538,-10.429584,114.496552,-9.268066,0.321388,0.118247,-0.521019,-0.781836,8.185655,129.440613,-15.246531,-0.064717,0.925023,0.186041,0.324858,-3.418727,130.739502,28.488667,0.400273,0.858725,0.237672,-0.214207,9.62079,130.720383,38.930908,0.063504,0.245333,0.553934,-0.793055,24.108164,116.28643,25.173981,0.188273,0.079276,0.609277,-0.766192,17.210991,138.264801,13.257445,0.035605,0.874484,0.156255,0.457815,-4.67938,87.607857,11.055955,0.135741,0.931627,-0.014647,0.336795,-1.764723,53.38826,0.021916,0.005693,0.938531,0.012371,0.344927,-14.088721,8.23918,-2.986179,-0.047182,0.853712,-0.038546,0.51717,5.746362,88.216537,27.370565,0.020474,0.830662,-0.14043,0.538386,7.214145,52.411823,31.505064,-0.022962,0.822527,0.017845,0.567982,-1.472466,7.403409,41.41235,0.005693,0.938531,0.012371,0.344927,-4.693957,2.226277,-14.223886,-0.022962,0.822527,0.017845,0.567982,12.455648,1.92396,36.246498
134,1.116667,-0.04056,0.875985,0.041377,0.478846,0.539203,87.912239,19.210928,-0.029968,0.873749,0.122514,0.469739,-0.339877,95.800995,19.478167,-0.011402,0.879214,0.071399,0.470908,-3.478726,113.947746,22.963173,0.112567,0.910644,-0.093475,0.386418,-5.458265,136.387375,25.566696,0.178451,0.908447,-0.264364,0.270169,0.02659,150.258743,22.992189,-0.041039,0.843744,0.126571,0.519992,-7.714866,131.101959,22.064939,0.368184,-0.6001,0.200703,-0.681203,-15.329978,132.144012,7.232743,0.285509,-0.025191,-0.348094,-0.892569,-10.420404,114.513138,-9.275571,0.320882,0.118121,-0.520939,-0.782116,8.191533,129.449554,-15.273052,-0.064486,0.925029,0.185242,0.325344,-3.406551,130.736404,28.491312,0.401372,0.858521,0.237585,-0.213061,9.623396,130.71582,38.945492,0.064449,0.24632,0.554151,-0.792521,24.091473,116.225052,25.228045,0.188134,0.081674,0.610703,-0.764837,17.2335,138.176895,13.252485,0.035587,0.874474,0.156268,0.45783,-4.672773,87.607796,11.053055,0.135815,0.931632,-0.014706,0.336748,-1.756354,53.388416,0.018793,0.00543,0.938548,0.012258,0.344889,-14.088721,8.241388,-2.985881,-0.047165,0.853681,-0.038458,0.517228,5.751179,88.216682,27.368801,0.020437,0.830795,-0.140652,0.538126,7.220933,52.411366,31.497393,-0.023217,0.822673,0.017664,0.567766,-1.470759,7.408637,41.426041,0.00543,0.938548,0.012258,0.344889,-4.692314,2.227974,-14.221939,-0.023217,0.822673,0.017664,0.567766,12.455918,1.929047,36.25647
135,1.125,-0.040504,0.875926,0.041329,0.478962,0.54498,87.911652,19.208488,-0.029981,0.873622,0.122551,0.469965,-0.33299,95.800552,19.475368,-0.011267,0.879092,0.071219,0.471166,-3.473696,113.946426,22.960434,0.113143,0.910951,-0.093873,0.385429,-5.444772,136.387344,25.559151,0.176069,0.910497,-0.260696,0.26839,0.055288,150.250641,22.973539,-0.040855,0.84366,0.126345,0.520198,-7.701766,131.102341,22.057014,0.368114,-0.600329,0.20051,-0.681097,-15.310255,132.146637,7.221572,0.285284,-0.025404,-0.348194,-0.892596,-10.410358,114.52124,-9.295475,0.320705,0.11797,-0.520931,-0.782216,8.196804,129.459122,-15.299632,-0.064127,0.924954,0.184641,0.325969,-3.397173,130.735962,28.485838,0.402196,0.858637,0.23677,-0.211947,9.620729,130.706787,38.955002,0.065188,0.247561,0.554226,-0.792021,24.079529,116.15728,25.29003,0.188013,0.08401,0.613025,-0.762754,17.258036,138.08287,13.24912,0.035637,0.874383,0.156262,0.458003,-4.664925,87.607864,11.049265,0.135892,0.931663,-0.014752,0.336629,-1.749699,53.388603,0.014327,0.00547,0.938526,0.012261,0.344947,-14.090422,8.24365,-2.987224,-0.04717,0.853673,-0.038468,0.517241,5.754884,88.215446,27.367714,0.020551,0.830677,-0.140549,0.53833,7.224512,52.410221,31.497124,-0.023196,0.822474,0.017766,0.568052,-1.473398,7.405239,41.410107,0.00547,0.938526,0.012261,0.344947,-4.693078,2.22989,-14.222321,-0.023196,0.822474,0.017766,0.568052,12.457302,1.927886,36.249004
136,1.133333,-0.040485,0.875859,0.041348,0.479085,0.55249,87.910629,19.204029,-0.029977,0.873505,0.122601,0.470169,-0.325403,95.799522,19.471195,-0.011099,0.878981,0.071109,0.471395,-3.467848,113.945892,22.957365,0.113181,0.91153,-0.093208,0.384207,-5.430573,136.387695,25.554825,0.174224,0.912429,-0.257715,0.265901,0.0582,150.25708,22.977921,-0.040772,0.843548,0.126234,0.520412,-7.688128,131.103607,22.051661,0.368148,-0.600565,0.200202,-0.680961,-15.289386,132.149399,7.212614,0.285315,-0.025516,-0.348272,-0.892553,-10.397403,114.530396,-9.313602,0.320826,0.117887,-0.521094,-0.782071,8.206359,129.468964,-15.324127,-0.063615,0.924903,0.183891,0.326637,-3.386818,130.735474,28.482584,0.403135,0.858776,0.235523,-0.210985,9.618707,130.694443,38.967083,0.065619,0.249079,0.554296,-0.791461,24.060255,116.078209,25.35519,0.187502,0.086814,0.615496,-0.760573,17.282133,137.978989,13.246986,0.03545,0.874439,0.156294,0.4579,-4.655172,87.607483,11.043347,0.136076,0.931657,-0.014819,0.336568,-1.728361,53.387978,0.012233,0.006419,0.938467,0.012338,0.34509,-14.087131,8.247903,-2.988482,-0.047123,0.853873,-0.038499,0.516913,5.760151,88.213776,27.364714,0.020546,0.830639,-0.140593,0.538377,7.227303,52.408401,31.493721,-0.02302,0.822464,0.017838,0.568071,-1.472996,7.404554,41.409748,0.006419,0.938467,0.012338,0.34509,-4.697005,2.226865,-14.225719,-0.02302,0.822464,0.017838,0.568071,12.456729,1.92594,36.247345
137,1.141667,-0.0404,0.875783,0.041317,0.479234,0.557779,87.909401,19.199308,-0.02995,0.873347,0.122727,0.470432,-0.318747,95.798447,19.466541,-0.010941,0.878828,0.071004,0.471699,-3.463528,113.94352,22.956259,0.114157,0.911978,-0.093127,0.382874,-5.418627,136.386139,25.552258,0.171375,0.914836,-0.254037,0.263005,0.08935,150.248581,22.979004,-0.041436,0.842575,0.127218,0.521695,-7.676076,131.102982,22.047653,0.367373,-0.601099,0.200823,-0.680725,-15.230835,132.153946,7.185249,0.28383,-0.026147,-0.348153,-0.893055,-10.382762,114.529671,-9.348278,0.319168,0.116954,-0.521188,-0.782826,8.229132,129.469177,-15.361859,-0.063096,0.924901,0.183118,0.327178,-3.379149,130.733093,28.4814,0.404203,0.858804,0.234667,-0.209777,9.616761,130.681152,38.97776,0.066468,0.250316,0.554402,-0.790925,24.040867,115.996292,25.421366,0.186936,0.089556,0.619046,-0.757507,17.301208,137.869766,13.245162,0.035463,0.87437,0.156231,0.458052,-4.647244,87.607582,11.036898,0.13612,0.931642,-0.014876,0.336591,-1.721464,53.386723,0.009716,0.006811,0.93844,0.012371,0.345155,-14.085731,8.247948,-2.987763,-0.047327,0.853713,-0.038179,0.517181,5.762803,88.21122,27.361721,0.020754,0.830694,-0.141193,0.538128,7.253169,52.405464,31.479105,-0.021145,0.822614,0.018313,0.567912,-1.490393,7.418281,41.432632,0.006811,0.93844,0.012371,0.345155,-4.698438,2.223918,-14.225758,-0.021145,0.822614,0.018313,0.567912,12.42266,1.919208,36.247086
138,1.15,-0.040038,0.875717,0.041192,0.479396,0.557059,87.902138,19.193768,-0.029839,0.873205,0.12276,0.470694,-0.313535,95.791809,19.461863,-0.01076,0.878685,0.070877,0.471989,-3.457625,113.944603,22.955175,0.114451,0.912567,-0.09271,0.38148,-5.403642,136.388229,25.549408,0.169075,0.91702,-0.250665,0.260105,0.101767,150.252426,22.980093,-0.040832,0.843012,0.12631,0.521257,-7.66143,131.106049,22.043528,0.367886,-0.601165,0.199751,-0.680706,-15.233122,132.155746,7.18965,0.284097,-0.026626,-0.348094,-0.892979,-10.367764,114.551285,-9.359895,0.318889,0.116516,-0.521205,-0.782994,8.241919,129.477448,-15.397194,-0.062173,0.924859,0.182153,0.328011,-3.368679,130.734283,28.479958,0.405136,0.858863,0.233912,-0.208576,9.612849,130.65921,38.993965,0.067102,0.251777,0.554434,-0.790385,24.024513,115.912018,25.492086,0.185578,0.092119,0.622737,-0.754502,17.32546,137.755661,13.245988,0.035397,0.874096,0.156402,0.458522,-4.645531,87.605476,11.029613,0.136205,0.931563,-0.01512,0.336765,-1.703904,53.388142,-0.004297,0.006616,0.938506,0.012173,0.344984,-14.08252,8.252218,-2.985434,-0.047485,0.853612,-0.038092,0.51734,5.759648,88.198807,27.357924,0.020806,0.830642,-0.141301,0.538177,7.262245,52.39365,31.476099,-0.021319,0.822636,0.018423,0.56787,-1.491332,7.409519,41.43462,0.006616,0.938506,0.012173,0.344984,-4.697905,2.224705,-14.223801,-0.021319,0.822636,0.018423,0.56787,12.423511,1.91609,36.247879
139,1.158333,-0.039954,0.875647,0.04115,0.479534,0.562656,87.900208,19.189989,-0.029845,0.873078,0.122738,0.470936,-0.306495,95.790039,19.458017,-0.010417,0.878562,0.070896,0.472223,-3.451356,113.942863,22.94961,0.114842,0.913212,-0.092388,0.379894,-5.384806,136.386688,25.551441,0.166206,0.919486,-0.246759,0.256967,0.120831,150.251007,22.983255,-0.0407,0.842834,0.12615,0.521595,-7.644162,131.107239,22.042469,0.367552,-0.601416,0.199645,-0.680696,-15.204438,132.159546,7.18296,0.283707,-0.027148,-0.348104,-0.893083,-10.351861,114.564087,-9.379917,0.318674,0.116063,-0.521299,-0.783086,8.258524,129.48764,-15.434581,-0.061794,0.924808,0.181401,0.328641,-3.354729,130.730377,28.480816,0.406114,0.858925,0.233098,-0.207327,9.614558,130.647934,39.009865,0.067762,0.253255,0.554395,-0.789884,24.01272,115.835358,25.565285,0.183695,0.09469,0.627196,-0.750943,17.349968,137.64949,13.246192,0.035388,0.873991,0.156428,0.458712,-4.637498,87.604752,11.024239,0.13631,0.931558,-0.015214,0.336732,-1.692055,53.387951,-0.010294,0.006855,0.938454,0.012182,0.345122,-14.082724,8.254981,-2.986184,-0.047301,0.853475,-0.038335,0.517564,5.762811,88.195663,27.355743,0.020954,0.831586,-0.140849,0.53683,7.243913,52.390598,31.48241,-0.022338,0.822454,0.01782,0.568113,-1.482489,7.395103,41.413383,0.006855,0.938454,0.012182,0.345122,-4.69754,2.225332,-14.222932,-0.022338,0.822454,0.01782,0.568113,12.441255,1.904425,36.247665
140,1.166667,-0.040736,0.875493,0.041531,0.479717,0.597358,87.888283,19.183584,-0.030101,0.87291,0.123032,0.471154,-0.285598,95.776611,19.450729,-0.010047,0.878457,0.070634,0.472465,-3.446491,113.935707,22.948261,0.114963,0.914074,-0.09152,0.37799,-5.360322,136.381561,25.547123,0.163865,0.921924,-0.243319,0.252984,0.131332,150.253281,22.988981,-0.040401,0.842735,0.12593,0.52183,-7.622911,131.103897,22.03756,0.3673,-0.601734,0.199391,-0.680625,-15.17579,132.161896,7.174699,0.283315,-0.027637,-0.348073,-0.893204,-10.337128,114.577362,-9.403832,0.318324,0.115515,-0.521499,-0.783177,8.275286,129.497177,-15.473773,-0.061493,0.924659,0.180688,0.329511,-3.336899,130.723648,28.477982,0.407442,0.858784,0.232451,-0.206028,9.614499,130.634155,39.028965,0.06849,0.254762,0.554626,-0.789174,23.985844,115.746689,25.638521,0.181156,0.096584,0.631642,-0.747585,17.377466,137.530472,13.247927,0.03559,0.874274,0.156286,0.458206,-4.598173,87.583366,11.015244,0.136521,0.931939,-0.01518,0.335591,-1.676612,53.364391,-0.018913,0.006413,0.93844,0.012628,0.345151,-14.087887,8.236715,-2.989254,-0.047166,0.853425,-0.038288,0.517663,5.79289,88.193199,27.351929,0.021106,0.831457,-0.141411,0.536876,7.267002,52.386951,31.470812,-0.02217,0.822725,0.017779,0.567729,-1.499878,7.40692,41.436142,0.006413,0.93844,0.012628,0.345151,-4.694949,2.223712,-14.228439,-0.02217,0.822725,0.017779,0.567729,12.417216,1.912256,36.256771
141,1.175,-0.04065,0.875422,0.041444,0.479862,0.602676,87.890167,19.179808,-0.030023,0.872752,0.123138,0.471422,-0.278463,95.778725,19.446259,-0.009724,0.878308,0.070603,0.472754,-3.439389,113.934799,22.947174,0.115832,0.914777,-0.090793,0.376196,-5.340539,136.381149,25.551123,0.160584,0.924574,-0.239594,0.248937,0.15894,150.25267,23.008867,-0.040226,0.842542,0.125668,0.522219,-7.604362,131.105881,22.038729,0.366864,-0.602013,0.19933,-0.680631,-15.144149,132.166153,7.169381,0.282792,-0.02827,-0.348096,-0.893341,-10.320848,114.591492,-9.424088,0.318019,0.114982,-0.52157,-0.783331,8.289657,129.507065,-15.51359,-0.060925,0.924621,0.179785,0.330215,-3.322475,130.72113,28.481627,0.40843,0.858783,0.231728,-0.204889,9.615725,130.619736,39.048683,0.068824,0.256207,0.554426,-0.788818,23.970419,115.67012,25.709719,0.178487,0.099736,0.6364,-0.743767,17.389248,137.424438,13.25669,0.035782,0.874002,0.156371,0.458681,-4.590297,87.586075,11.009807,0.136488,0.931446,-0.015585,0.336953,-1.67199,53.37001,-0.034205,0.006709,0.938416,0.012625,0.345212,-14.08881,8.242666,-2.986274,-0.047109,0.853275,-0.038392,0.517909,5.795649,88.19426,27.34981,0.021016,0.831397,-0.141022,0.537075,7.26115,52.388191,31.473431,-0.022419,0.822415,0.017866,0.568165,-1.481652,7.397509,41.4118,0.006709,0.938416,0.012625,0.345212,-4.697856,2.22663,-14.225496,-0.022419,0.822415,0.017866,0.568165,12.443781,1.909333,36.247982
142,1.183333,-0.040531,0.875342,0.041405,0.48002,0.606666,87.891182,19.176104,-0.029952,0.872598,0.123188,0.4717,-0.272579,95.779945,19.442768,-0.009357,0.878161,0.070486,0.473051,-3.432666,113.932945,22.945015,0.1164,0.915634,-0.089661,0.374201,-5.317584,136.380356,25.551558,0.157973,0.927054,-0.236423,0.244376,0.176837,150.257843,23.030939,-0.040215,0.842455,0.125368,0.522432,-7.583449,131.107483,22.0369,0.366485,-0.602299,0.199043,-0.680666,-15.115833,132.163834,7.163522,0.282352,-0.028732,-0.348146,-0.893446,-10.303847,114.604523,-9.449482,0.317906,0.114332,-0.521713,-0.783377,8.305285,129.519623,-15.553152,-0.060326,0.924519,0.178997,0.331036,-3.305803,130.718246,28.482347,0.41017,0.858389,0.231088,-0.203783,9.616686,130.601913,39.068462,0.06951,0.257322,0.554983,-0.788002,23.923445,115.567543,25.773323,0.175226,0.100792,0.641785,-0.739762,17.404703,137.305664,13.265234,0.035726,0.874089,0.156174,0.458587,-4.583557,87.588943,11.004286,0.136543,0.931572,-0.015446,0.336588,-1.669513,53.368164,-0.026257,0.006348,0.938443,0.012578,0.345147,-14.087831,8.241823,-2.987379,-0.047107,0.853143,-0.038354,0.518128,5.796888,88.193428,27.347919,0.02092,0.831415,-0.140971,0.537065,7.262662,52.387142,31.4695,-0.022556,0.822411,0.017854,0.568166,-1.47002,7.394731,41.408947,0.006348,0.938443,0.012578,0.345147,-4.694459,2.228076,-14.225806,-0.022556,0.822411,0.017854,0.568166,12.456636,1.908614,36.246239
143,1.191667,-0.04032,0.875284,0.041299,0.480152,0.609321,87.890785,19.172752,-0.030033,0.872438,0.123209,0.471985,-0.26623,95.779953,19.439434,-0.008966,0.878006,0.070493,0.473345,-3.430247,113.931313,22.939632,0.117279,0.916314,-0.089615,0.372267,-5.300592,136.379013,25.554213,0.154724,0.929698,-0.232286,0.240343,0.208509,150.250107,23.030487,-0.040214,0.842125,0.125411,0.522953,-7.56811,131.109207,22.036018,0.366196,-0.602573,0.19893,-0.680613,-15.082283,132.168961,7.153679,0.281891,-0.029246,-0.348228,-0.893543,-10.284345,114.617607,-9.471787,0.317622,0.11373,-0.521873,-0.783473,8.321871,129.532593,-15.591886,-0.059699,0.924474,0.178166,0.331724,-3.294675,130.714249,28.48391,0.411432,0.858241,0.230386,-0.202656,9.615077,130.583557,39.085377,0.070037,0.258254,0.555246,-0.787465,23.893328,115.478966,25.839281,0.17259,0.10227,0.647212,-0.735439,17.415255,137.200027,13.285346,0.035642,0.874146,0.156174,0.458485,-4.578769,87.591293,10.999482,0.136609,0.931594,-0.015482,0.336497,-1.660734,53.370064,-0.02862,0.006663,0.938421,0.012508,0.345202,-14.086106,8.245519,-2.987489,-0.047366,0.853043,-0.03797,0.518297,5.797411,88.190285,27.346022,0.021217,0.831306,-0.141696,0.537031,7.292639,52.383636,31.453934,-0.022384,0.82272,0.017535,0.567735,-1.499009,7.411605,41.433556,0.006663,0.938421,0.012508,0.345202,-4.695376,2.226727,-14.225419,-0.022384,0.82272,0.017535,0.567735,12.418684,1.914674,36.258202
144,1.2,-0.040202,0.875213,0.041218,0.480299,0.613206,87.890358,19.168209,-0.029942,0.872285,0.123224,0.472269,-0.260147,95.779785,19.434515,-0.008704,0.877846,0.070495,0.473647,-3.422546,113.930847,22.935732,0.117784,0.917142,-0.08907,0.370195,-5.283416,136.378738,25.555387,0.152009,0.932176,-0.228699,0.235875,0.22477,150.251068,23.036428,-0.04063,0.84133,0.126057,0.524044,-7.551286,131.111053,22.034256,0.364992,-0.603028,0.199638,-0.680649,-15.026179,132.176041,7.132521,0.280637,-0.029803,-0.348246,-0.893912,-10.269222,114.628174,-9.508385,0.317125,0.113013,-0.522057,-0.783656,8.338293,129.547211,-15.633449,-0.05913,0.924384,0.17743,0.33247,-3.282203,130.712158,28.484789,0.412638,0.858114,0.229495,-0.201751,9.613275,130.567459,39.103436,0.070937,0.258651,0.555599,-0.787005,23.860582,115.395287,25.901323,0.170382,0.10272,0.653768,-0.730073,17.413681,137.103241,13.310557,0.035688,0.873971,0.156095,0.458842,-4.572334,87.59227,10.993268,0.13662,0.931619,-0.0155,0.336422,-1.655336,53.369499,-0.030304,0.006577,0.938451,0.012499,0.345125,-14.082474,8.245296,-2.986948,-0.047323,0.852923,-0.038079,0.518491,5.798745,88.188446,27.343147,0.021118,0.831263,-0.141287,0.53721,7.286363,52.382111,31.456491,-0.022574,0.822423,0.017641,0.568155,-1.479268,7.398844,41.408302,0.006577,0.938451,0.012499,0.345125,-4.692629,2.227123,-14.225949,-0.022574,0.822423,0.017641,0.568155,12.446115,1.907855,36.247341
145,1.208333,-0.040171,0.875164,0.041208,0.480391,0.620791,87.891167,19.165367,-0.029944,0.872124,0.123233,0.472565,-0.25207,95.780647,19.431679,-0.008372,0.877668,0.070536,0.473976,-3.415545,113.929764,22.931704,0.118349,0.917925,-0.08849,0.368207,-5.265087,136.37764,25.559456,0.149174,0.934564,-0.225287,0.231478,0.243846,150.250946,23.047493,-0.040494,0.841097,0.126014,0.524439,-7.533587,131.112747,22.03454,0.364602,-0.603256,0.199475,-0.680703,-14.995019,132.182831,7.126418,0.27997,-0.030477,-0.348314,-0.894072,-10.248407,114.647377,-9.530534,0.316524,0.112344,-0.522213,-0.783891,8.355734,129.56459,-15.675304,-0.058531,0.924313,0.176573,0.333228,-3.269239,130.708664,28.487879,0.413754,0.858025,0.228445,-0.201033,9.61173,130.550354,39.123936,0.071849,0.258816,0.555903,-0.786654,23.827812,115.314255,25.961853,0.168156,0.102455,0.660204,-0.724815,17.403517,137.009399,13.343012,0.035793,0.873747,0.156239,0.45921,-4.563087,87.593628,10.98935,0.13665,0.931533,-0.015734,0.336639,-1.643165,53.374653,-0.045232,0.006797,0.938453,0.012307,0.345122,-14.079446,8.251882,-2.985226,-0.047393,0.8527,-0.037882,0.518865,5.804668,88.188705,27.341383,0.021112,0.831332,-0.141602,0.537019,7.302155,52.381779,31.445908,-0.022497,0.822604,0.017496,0.5679,-1.476483,7.406831,41.423836,0.006797,0.938453,0.012307,0.345122,-4.693055,2.226228,-14.223107,-0.022497,0.822604,0.017496,0.5679,12.444099,1.910923,36.255161
146,1.216667,-0.040087,0.875073,0.041169,0.480568,0.623901,87.893295,19.161106,-0.029782,0.871978,0.12322,0.472848,-0.247552,95.782936,19.427345,-0.008065,0.87751,0.07055,0.474272,-3.40595,113.928566,22.928074,0.118546,0.918827,-0.087399,0.366151,-5.244425,136.376602,25.562355,0.146906,0.936736,-0.222434,0.226864,0.250074,150.258499,23.066374,-0.040493,0.840842,0.126214,0.524801,-7.513693,131.114197,22.034212,0.364383,-0.603482,0.19909,-0.680733,-14.962446,132.189667,7.120144,0.279582,-0.03103,-0.348459,-0.894118,-10.221718,114.669273,-9.554312,0.316195,0.111961,-0.522525,-0.783871,8.37792,129.588348,-15.719578,-0.05779,0.924238,0.175822,0.333964,-3.253627,130.705505,28.490089,0.414713,0.858045,0.226991,-0.200619,9.613813,130.528198,39.142208,0.072738,0.258641,0.556118,-0.786478,23.798933,115.232071,26.016384,0.166114,0.101371,0.666736,-0.719439,17.38143,136.922607,13.378864,0.035731,0.873851,0.156006,0.459097,-4.556814,87.597031,10.983039,0.136708,0.931662,-0.015584,0.336264,-1.642268,53.372486,-0.03567,0.006768,0.93845,0.012383,0.345127,-14.080053,8.250776,-2.985632,-0.047559,0.852578,-0.037564,0.519075,5.804616,88.18956,27.339172,0.02132,0.831104,-0.142017,0.537255,7.323231,52.382034,31.430758,-0.022462,0.822596,0.017241,0.567921,-1.495253,7.418972,41.427097,0.006768,0.93845,0.012383,0.345127,-4.692843,2.227522,-14.224118,-0.022462,0.822596,0.017241,0.567921,12.42369,1.91626,36.261246
147,1.225,-0.039996,0.874992,0.041124,0.480727,0.628587,87.893936,19.157898,-0.029697,0.871846,0.123163,0.473111,-0.241319,95.783752,19.424047,-0.007806,0.877358,0.070654,0.474542,-3.397008,113.93013,22.923523,0.118803,0.919612,-0.086753,0.364244,-5.228229,136.377686,25.566929,0.144264,0.938898,-0.219187,0.222746,0.258618,150.263672,23.076916,-0.040439,0.840534,0.126306,0.525275,-7.49751,131.117767,22.035086,0.364017,-0.603712,0.198834,-0.6808,-14.929766,132.198792,7.113193,0.279023,-0.031517,-0.348421,-0.894291,-10.19766,114.69313,-9.579171,0.315547,0.111454,-0.523059,-0.783848,8.403167,129.608841,-15.756461,-0.057199,0.924201,0.175125,0.334533,-3.241346,130.704468,28.49324,0.415989,0.857795,0.226224,-0.199908,9.615647,130.513321,39.157715,0.073543,0.258422,0.556527,-0.786185,23.762518,115.152824,26.065849,0.163484,0.100313,0.672589,-0.714727,17.362858,136.841354,13.416608,0.035738,0.873806,0.155952,0.459201,-4.549305,87.598976,10.978,0.136751,0.931757,-0.015584,0.335983,-1.635722,53.373241,-0.037275,0.006985,0.938449,0.012419,0.345124,-14.078063,8.252636,-2.984865,-0.047654,0.85253,-0.037717,0.519132,5.806479,88.188904,27.337795,0.021369,0.831431,-0.141779,0.53681,7.324833,52.382862,31.442392,-0.022385,0.822548,0.017504,0.567986,-1.48022,7.413671,41.42297,0.006985,0.938449,0.012419,0.345124,-4.693279,2.228228,-14.224752,-0.022385,0.822548,0.017504,0.567986,12.440433,1.916072,36.256294
148,1.233333,-0.039917,0.874928,0.041106,0.480852,0.635404,87.893585,19.154114,-0.029577,0.871738,0.123081,0.473339,-0.233306,95.783524,19.420494,-0.007468,0.877236,0.070725,0.474761,-3.384436,113.930298,22.918552,0.118862,0.920552,-0.085264,0.362195,-5.204432,136.377625,25.571596,0.142063,0.940873,-0.216861,0.218054,0.260558,150.276749,23.106865,-0.039658,0.840976,0.12495,0.524952,-7.475028,131.120605,22.036276,0.364093,-0.603736,0.197771,-0.681048,-14.920714,132.197815,7.120806,0.278818,-0.032035,-0.348452,-0.894324,-10.169281,114.722717,-9.598072,0.314974,0.11099,-0.523384,-0.783927,8.429874,129.634354,-15.795523,-0.056539,0.924117,0.174387,0.335262,-3.22201,130.70195,28.496161,0.41728,0.857404,0.225784,-0.199393,9.621178,130.494232,39.176956,0.074198,0.25799,0.556881,-0.786015,23.725185,115.077141,26.105381,0.160407,0.099182,0.678023,-0.710435,17.334417,136.767822,13.455894,0.035773,0.873745,0.155905,0.45933,-4.540275,87.599945,10.972766,0.136754,0.931695,-0.015655,0.336152,-1.628787,53.373348,-0.040384,0.006953,0.938489,0.012398,0.345016,-14.073081,8.253029,-2.984091,-0.047788,0.852447,-0.037502,0.519272,5.811083,88.187233,27.335463,0.021565,0.831325,-0.142137,0.536871,7.345088,52.380936,31.432066,-0.022116,0.822636,0.017511,0.567868,-1.493876,7.422071,41.429157,0.006953,0.938489,0.012398,0.345016,-4.690581,2.228406,-14.225771,-0.022116,0.822636,0.017511,0.567868,12.422815,1.920014,36.256557
149,1.241667,-0.039809,0.874855,0.041107,0.480992,0.640145,87.893379,19.149273,-0.029294,0.871629,0.123036,0.473568,-0.227112,95.783447,19.416359,-0.007408,0.877101,0.070839,0.474996,-3.368796,113.929329,22.916809,0.119384,0.921269,-0.084834,0.360298,-5.189551,136.375961,25.575176,0.139412,0.942936,-0.213742,0.213893,0.277187,150.274994,23.113779,-0.040226,0.839928,0.126038,0.526325,-7.458422,131.12001,22.037178,0.363083,-0.604276,0.198112,-0.681009,-14.854378,132.207535,7.097732,0.277729,-0.032321,-0.348456,-0.894651,-10.141746,114.741745,-9.641847,0.314491,0.11073,-0.52328,-0.784227,8.458374,129.658585,-15.834393,-0.056067,0.924052,0.173695,0.335878,-3.208847,130.699417,28.499201,0.418281,0.857293,0.224677,-0.199024,9.622303,130.481201,39.194241,0.074493,0.257936,0.557006,-0.785916,23.692337,115.009117,26.151043,0.157131,0.097779,0.682853,-0.706725,17.307219,136.698746,13.495867,0.035805,0.873598,0.155893,0.459611,-4.533088,87.601753,10.966308,0.136801,0.931744,-0.015709,0.335993,-1.620544,53.375042,-0.046204,0.007154,0.938478,0.012359,0.345043,-14.071019,8.256081,-2.984571,-0.047816,0.852398,-0.037464,0.519354,5.81338,88.185005,27.332241,0.021587,0.831407,-0.14213,0.536745,7.350132,52.378708,31.427744,-0.022397,0.822531,0.017348,0.568014,-1.488644,7.419732,41.424515,0.007154,0.938478,0.012359,0.345043,-4.690395,2.228375,-14.226159,-0.022397,0.822531,0.017348,0.568014,12.431516,1.918561,36.260315
150,1.25,-0.039349,0.874834,0.040923,0.481084,0.634078,87.897125,19.145735,-0.028979,0.871564,0.122965,0.473725,-0.225437,95.788017,19.413706,-0.007139,0.877006,0.07087,0.475171,-3.354707,113.926331,22.915245,0.120339,0.921969,-0.08382,0.358422,-5.165946,136.372955,25.580275,0.136585,0.944873,-0.211489,0.20936,0.308482,150.273178,23.142832,-0.040102,0.839755,0.125984,0.526622,-7.436,131.119202,22.039753,0.361975,-0.604366,0.198099,-0.681522,-14.82182,132.210739,7.095583,0.276746,-0.032837,-0.34841,-0.894955,-10.114333,114.771759,-9.673372,0.314011,0.11052,-0.523427,-0.784351,8.489983,129.689758,-15.873116,-0.055579,0.923949,0.173014,0.336594,-3.188936,130.694519,28.503159,0.419376,0.856895,0.224616,-0.198502,9.627959,130.464539,39.215034,0.074863,0.257615,0.557092,-0.785925,23.663,114.948021,26.18692,0.153024,0.096432,0.687396,-0.7034,17.274233,136.638016,13.533484,0.035688,0.873457,0.155842,0.459905,-4.53815,87.611664,10.961916,0.136789,0.931842,-0.015646,0.335729,-1.616232,53.383202,-0.042666,0.007065,0.938554,0.012061,0.344849,-14.064553,8.263746,-2.982626,-0.048032,0.852396,-0.037249,0.519351,5.806306,88.182594,27.329552,0.021744,0.831305,-0.142316,0.536848,7.364433,52.376629,31.41993,-0.022327,0.822494,0.017276,0.568072,-1.497093,7.423237,41.421692,0.007065,0.938554,0.012061,0.344849,-4.688818,2.228789,-14.224408,-0.022327,0.822494,0.017276,0.568072,12.422697,1.919119,36.259632
151,1.258333,-0.039261,0.874685,0.04086,0.481369,0.647126,87.89389,19.140629,-0.029024,0.871392,0.123115,0.474,-0.210778,95.784973,19.408121,-0.006914,0.87686,0.070981,0.475427,-3.345861,113.925262,22.913343,0.121078,0.922587,-0.083567,0.356637,-5.151326,136.371307,25.587105,0.133761,0.946787,-0.208664,0.205332,0.332955,150.26796,23.151466,-0.040102,0.839431,0.126158,0.527098,-7.421115,131.119843,22.043047,0.36161,-0.604609,0.19738,-0.681709,-14.790193,132.216858,7.091017,0.276256,-0.033092,-0.348342,-0.895123,-10.083153,114.806786,-9.708068,0.313562,0.110219,-0.523455,-0.784554,8.523759,129.722839,-15.910366,-0.055125,0.923885,0.172569,0.337072,-3.17777,130.690979,28.508621,0.420023,0.856949,0.223158,-0.198545,9.630033,130.449097,39.231106,0.074077,0.257979,0.556697,-0.78616,23.637455,114.89035,26.223665,0.14804,0.095299,0.691117,-0.700971,17.234976,136.58223,13.575302,0.035794,0.873404,0.155752,0.460029,-4.519928,87.609665,10.953497,0.136858,0.931802,-0.015757,0.335809,-1.606117,53.379734,-0.04866,0.00704,0.938569,0.012023,0.344811,-14.063546,8.262366,-2.982102,-0.047896,0.852342,-0.03704,0.519467,5.814182,88.178116,27.327759,0.021517,0.831065,-0.142446,0.537194,7.371243,52.37009,31.400442,-0.022298,0.822485,0.017348,0.568085,-1.483292,7.419267,41.419941,0.00704,0.938569,0.012023,0.344811,-4.688594,2.226611,-14.224111,-0.022298,0.822485,0.017348,0.568085,12.436828,1.916405,36.257427
152,1.266667,-0.039209,0.874632,0.040795,0.481473,0.653443,87.89341,19.138029,-0.028909,0.871271,0.12312,0.474228,-0.203267,95.784637,19.404919,-0.006688,0.876735,0.071055,0.475649,-3.335374,113.923874,22.911295,0.121251,0.92332,-0.082448,0.354938,-5.134127,136.369583,25.592354,0.131615,0.948355,-0.206813,0.201315,0.336841,150.274887,23.176153,-0.039832,0.839223,0.126204,0.527438,-7.404103,131.120209,22.045313,0.360981,-0.604699,0.19696,-0.682085,-14.761909,132.227325,7.08847,0.275504,-0.033554,-0.348306,-0.895352,-10.05203,114.844872,-9.738408,0.312948,0.109979,-0.523249,-0.784971,8.555676,129.759094,-15.948427,-0.054613,0.923792,0.172168,0.337616,-3.163974,130.687485,28.512741,0.420692,0.856782,0.222506,-0.198578,9.633457,130.431046,39.247269,0.07339,0.257852,0.556481,-0.786419,23.612514,114.841476,26.246208,0.143483,0.094001,0.694392,-0.698853,17.193453,136.544281,13.618689,0.035798,0.873332,0.15576,0.460162,-4.511745,87.609589,10.949705,0.136922,0.931799,-0.015823,0.335786,-1.596282,53.379845,-0.0526,0.007017,0.93858,0.012023,0.344782,-14.061289,8.264315,-2.982071,-0.048016,0.852413,-0.037202,0.519329,5.818632,88.177231,27.326355,0.02177,0.83139,-0.142409,0.536691,7.377623,52.370899,31.413216,-0.022238,0.822481,0.017397,0.568092,-1.48867,7.420105,41.422428,0.007017,0.93858,0.012023,0.344782,-4.686762,2.228799,-14.224566,-0.022238,0.822481,0.017397,0.568092,12.431268,1.91741,36.259235
153,1.275,-0.039147,0.874687,0.04095,0.481365,0.655916,87.893608,19.135084,-0.028712,0.871206,0.123023,0.474386,-0.201089,95.784721,19.404707,-0.006449,0.876609,0.071115,0.475876,-3.324852,113.920418,22.91003,0.121629,0.924007,-0.081513,0.353232,-5.116116,136.365875,25.598186,0.129219,0.949983,-0.204723,0.197292,0.348878,150.276428,23.198755,-0.039753,0.838921,0.126447,0.527866,-7.386428,131.118637,22.048185,0.36008,-0.604843,0.196467,-0.682575,-14.729336,132.234482,7.08468,0.274662,-0.033863,-0.348183,-0.895647,-10.018499,114.888123,-9.779138,0.312391,0.109847,-0.52336,-0.785137,8.592924,129.799606,-15.987372,-0.054273,0.923649,0.172024,0.338133,-3.149603,130.681976,28.517509,0.421293,0.85649,0.222622,-0.198437,9.637379,130.413437,39.264179,0.072882,0.257311,0.556246,-0.78681,23.594267,114.804146,26.262972,0.139228,0.092652,0.697159,-0.697138,17.147261,136.51709,13.668081,0.035724,0.873227,0.155824,0.460345,-4.51138,87.61216,10.948013,0.137,0.93184,-0.015854,0.335639,-1.586776,53.383469,-0.055154,0.007296,0.938568,0.011935,0.34481,-14.059904,8.270037,-2.98236,-0.047987,0.852325,-0.036947,0.519494,5.823211,88.175064,27.322155,0.021646,0.831047,-0.142637,0.537166,7.389218,52.367168,31.392578,-0.021991,0.822498,0.017444,0.568074,-1.484587,7.421968,41.420219,0.007296,0.938568,0.011935,0.34481,-4.688324,2.229325,-14.224511,-0.021991,0.822498,0.017444,0.568074,12.433104,1.916215,36.25425
154,1.283333,-0.039127,0.874644,0.040967,0.481443,0.662582,87.89283,19.131767,-0.028586,0.871098,0.123053,0.474584,-0.194295,95.783936,19.401714,-0.006253,0.87643,0.071271,0.476185,-3.314929,113.917717,22.909161,0.121831,0.924593,-0.081113,0.351718,-5.102698,136.362289,25.607086,0.126835,0.951501,-0.202471,0.193814,0.357594,150.275009,23.209545,-0.039834,0.838359,0.126968,0.528627,-7.371834,131.117325,22.052969,0.359497,-0.605122,0.195863,-0.682808,-14.687665,132.244064,7.077025,0.273808,-0.034223,-0.348143,-0.89591,-9.981805,114.928207,-9.819492,0.311504,0.109709,-0.523295,-0.785552,8.630107,129.839264,-16.028955,-0.05394,0.923588,0.171863,0.338435,-3.139528,130.676483,28.524965,0.42202,0.856064,0.222816,-0.198512,9.641829,130.397629,39.278057,0.072141,0.256456,0.556359,-0.787078,23.566996,114.769211,26.265835,0.135934,0.090967,0.69871,-0.696456,17.104092,136.506332,13.723882,0.035723,0.873175,0.155851,0.460435,-4.503284,87.611984,10.943774,0.137065,0.93187,-0.015934,0.335526,-1.576599,53.383923,-0.06078,0.007065,0.938616,0.011808,0.34469,-14.058152,8.272407,-2.981575,-0.04798,0.85233,-0.036914,0.519489,5.828447,88.173676,27.319761,0.021662,0.831032,-0.142695,0.537173,7.395329,52.365555,31.387859,-0.022365,0.822514,0.017243,0.568044,-1.482676,7.421958,41.418983,0.007065,0.938616,0.011808,0.34469,-4.687308,2.230503,-14.223698,-0.022365,0.822514,0.017243,0.568044,12.436916,1.917687,36.256554
155,1.291667,-0.039069,0.87458,0.041018,0.48156,0.668749,87.8909,19.127134,-0.028622,0.87091,0.123113,0.47491,-0.187752,95.782013,19.398109,-0.005794,0.876282,0.071408,0.476443,-3.311995,113.915527,22.905741,0.121418,0.925312,-0.080029,0.350214,-5.085273,136.359451,25.618479,0.124969,0.952753,-0.20103,0.190346,0.347361,150.28537,23.234703,-0.039713,0.837948,0.127154,0.529243,-7.356253,131.118607,22.059484,0.358887,-0.605301,0.195209,-0.683158,-14.650658,132.255157,7.073829,0.272851,-0.034772,-0.348064,-0.896212,-9.942849,114.973007,-9.856611,0.310368,0.109466,-0.523169,-0.786119,8.671933,129.881592,-16.073994,-0.053653,0.923472,0.171862,0.338798,-3.127672,130.670227,28.5334,0.422403,0.855905,0.222314,-0.198945,9.64652,130.380249,39.294712,0.071083,0.255661,0.556368,-0.787426,23.547279,114.738823,26.272011,0.133597,0.088677,0.698658,-0.697255,17.062851,136.506592,13.786474,0.035719,0.873075,0.155891,0.460611,-4.495027,87.611641,10.937764,0.137139,0.931977,-0.016004,0.335196,-1.564496,53.384453,-0.068483,0.007435,0.938603,0.011818,0.344717,-14.055578,8.27505,-2.981112,-0.048017,0.852338,-0.036854,0.519477,5.832524,88.170158,27.316505,0.021718,0.831137,-0.142841,0.536969,7.40395,52.361977,31.382292,-0.022304,0.822514,0.017248,0.568046,-1.483238,7.422528,41.42384,0.007435,0.938603,0.011818,0.344717,-4.688332,2.229789,-14.224434,-0.022304,0.822514,0.017248,0.568046,12.435837,1.917335,36.260994
156,1.3,-0.039034,0.874507,0.041087,0.481691,0.675654,87.888466,19.123898,-0.028583,0.8708,0.123036,0.475134,-0.180919,95.779541,19.395967,-0.005345,0.876152,0.071655,0.476649,-3.303142,113.912178,22.900688,0.121238,0.926022,-0.078703,0.348699,-5.064549,136.354736,25.632439,0.123041,0.953972,-0.199813,0.186742,0.344338,150.293762,23.271494,-0.039693,0.837599,0.127313,0.529758,-7.337081,131.118347,22.06789,0.357923,-0.605491,0.194562,-0.683679,-14.613303,132.260956,7.07386,0.271804,-0.035336,-0.347925,-0.896561,-9.904448,115.020988,-9.899246,0.30945,0.10949,-0.522797,-0.786725,8.717272,129.927002,-16.123718,-0.0532,0.923356,0.171942,0.339145,-3.111459,130.661804,28.543165,0.4227,0.855551,0.22279,-0.199302,9.656479,130.354721,39.311424,0.070272,0.254298,0.556441,-0.787888,23.537857,114.716721,26.263969,0.132013,0.085823,0.696961,-0.699609,17.022032,136.514893,13.85196,0.035676,0.872966,0.155969,0.460794,-4.485732,87.610611,10.932977,0.137257,0.93231,-0.015942,0.334222,-1.547556,53.384937,-0.075958,0.007426,0.938646,0.011618,0.344607,-14.04988,8.278388,-2.984648,-0.048035,0.852372,-0.036787,0.519425,5.83704,88.166328,27.314821,0.021762,0.831131,-0.142941,0.53695,7.412366,52.35791,31.377047,-0.022317,0.822582,0.017205,0.567949,-1.483061,7.421332,41.424156,0.007426,0.938646,0.011618,0.344607,-4.686039,2.227724,-14.227897,-0.022317,0.822582,0.017205,0.567949,12.434641,1.915272,36.258541
157,1.308333,-0.039019,0.874456,0.04118,0.481776,0.684556,87.885704,19.120333,-0.028547,0.870657,0.12309,0.475385,-0.172548,95.776665,19.393734,-0.005022,0.875994,0.071851,0.476913,-3.295734,113.909767,22.900101,0.121947,0.926381,-0.078417,0.347559,-5.049356,136.351196,25.646088,0.120222,0.95525,-0.19811,0.183836,0.371206,150.286896,23.292263,-0.039573,0.837197,0.127486,0.530361,-7.322048,131.118164,22.0767,0.357006,-0.605654,0.193939,-0.684191,-14.577249,132.270264,7.073207,0.270836,-0.035845,-0.347794,-0.896885,-9.866164,115.070915,-9.940439,0.308723,0.109267,-0.522485,-0.787249,8.759415,129.972488,-16.170053,-0.052931,0.923269,0.171805,0.339492,-3.100279,130.655487,28.554054,0.423048,0.855258,0.222777,-0.199836,9.660757,130.339523,39.330246,0.069247,0.253106,0.55662,-0.788236,23.517105,114.6987,26.259581,0.131094,0.082562,0.693403,-0.703697,16.980686,136.530487,13.921515,0.035744,0.872959,0.155946,0.46081,-4.475279,87.609077,10.928388,0.137277,0.932004,-0.016152,0.335058,-1.542018,53.383244,-0.081351,0.007382,0.93863,0.011653,0.34465,-14.049953,8.27783,-2.983579,-0.048045,0.85243,-0.036716,0.519333,5.844392,88.162323,27.312279,0.021861,0.831163,-0.143034,0.536872,7.423429,52.353603,31.370354,-0.022418,0.822531,0.017125,0.56802,-1.483441,7.419923,41.420303,0.007382,0.93863,0.011653,0.34465,-4.684419,2.228565,-14.226177,-0.022418,0.822531,0.017125,0.56802,12.435628,1.913673,36.258553
158,1.316667,-0.03899,0.874389,0.041197,0.481899,0.690206,87.88298,19.117155,-0.028378,0.870529,0.123116,0.475621,-0.166667,95.773956,19.390882,-0.004847,0.875837,0.072006,0.477181,-3.285818,113.907608,22.900362,0.122138,0.926882,-0.077498,0.346361,-5.0367,136.348099,25.655687,0.118334,0.95629,-0.197088,0.180726,0.375367,150.290161,23.320055,-0.039505,0.836705,0.128353,0.530932,-7.308295,131.117172,22.082535,0.355852,-0.605598,0.193815,-0.684877,-14.543411,132.289658,7.07093,0.269717,-0.036527,-0.347644,-0.897253,-9.826593,115.123383,-9.974498,0.307924,0.108916,-0.522364,-0.78769,8.806218,130.021118,-16.215244,-0.052773,0.923171,0.172011,0.33968,-3.090454,130.650681,28.56217,0.423242,0.854994,0.222988,-0.200319,9.666853,130.326248,39.34251,0.068192,0.251767,0.55668,-0.788715,23.505585,114.690147,26.247545,0.130489,0.078378,0.687491,-0.71006,16.938854,136.552551,13.990523,0.03577,0.872834,0.15604,0.461013,-4.467358,87.607147,10.923759,0.137356,0.931989,-0.016302,0.335058,-1.529947,53.383572,-0.091893,0.007696,0.938631,0.011636,0.34464,-14.049311,8.28065,-2.983486,-0.048094,0.852442,-0.036632,0.519315,5.84777,88.158821,27.310553,0.021906,0.831213,-0.143165,0.536757,7.433041,52.349998,31.365288,-0.021967,0.822597,0.017285,0.567938,-1.482528,7.420018,41.424072,0.007696,0.938631,0.011636,0.34464,-4.687718,2.227831,-14.227451,-0.021967,0.822597,0.017285,0.567938,12.432256,1.909966,36.254852
159,1.325,-0.038902,0.874318,0.041254,0.48203,0.694966,87.879028,19.112946,-0.028314,0.870389,0.123119,0.475882,-0.16117,95.770035,19.38802,-0.004618,0.875683,0.072183,0.477439,-3.279857,113.906693,22.898367,0.122445,0.927232,-0.077616,0.345287,-5.026301,136.34613,25.665136,0.116362,0.95735,-0.195325,0.178294,0.390794,150.284958,23.321848,-0.039603,0.836112,0.129061,0.531688,-7.297276,131.117783,22.087805,0.35524,-0.605712,0.193046,-0.685311,-14.505301,132.304138,7.06426,0.268837,-0.036957,-0.347598,-0.897517,-9.780626,115.175926,-10.017255,0.307015,0.108638,-0.522194,-0.788196,8.852349,130.072144,-16.261852,-0.052347,0.923085,0.172292,0.339837,-3.083218,130.646561,28.569565,0.422915,0.854937,0.223195,-0.201024,9.672041,130.304749,39.351799,0.067346,0.249804,0.556423,-0.789593,23.510492,114.693436,26.227001,0.130134,0.073069,0.68216,-0.71581,16.8778,136.588943,14.063925,0.035722,0.872826,0.156075,0.46102,-4.460296,87.605377,10.918023,0.137443,0.931979,-0.016394,0.335048,-1.518645,53.382336,-0.098174,0.007841,0.938608,0.011636,0.344699,-14.048357,8.281943,-2.984368,-0.048185,0.852465,-0.036537,0.519275,5.850227,88.152679,27.307869,0.021999,0.831239,-0.1433,0.536678,7.444835,52.343975,31.36009,-0.023204,0.822737,0.016754,0.567702,-1.483672,7.418001,41.425247,0.007841,0.938608,0.011636,0.344699,-4.687031,2.227669,-14.22777,-0.023204,0.822737,0.016754,0.567702,12.436514,1.916034,36.261959
160,1.333333,-0.038908,0.874239,0.041377,0.482161,0.704626,87.878464,19.108402,-0.028258,0.870254,0.123184,0.476115,-0.152574,95.76931,19.385,-0.004362,0.875539,0.072375,0.477676,-3.271529,113.905403,22.897598,0.122678,0.927664,-0.076579,0.344276,-5.012677,136.343689,25.677023,0.114443,0.958251,-0.194534,0.175542,0.396778,150.289368,23.356993,-0.039442,0.835688,0.129289,0.53231,-7.283376,131.118195,22.095367,0.35419,-0.605678,0.192639,-0.685998,-14.469714,132.316299,7.062371,0.267763,-0.037454,-0.347575,-0.897826,-9.73531,115.227257,-10.055634,0.306195,0.108545,-0.522304,-0.788455,8.90011,130.125946,-16.305254,-0.052323,0.923006,0.172601,0.339898,-3.072795,130.6418,28.579006,0.42259,0.854805,0.223599,-0.201815,9.681162,130.295242,39.362621,0.067063,0.24719,0.556039,-0.790708,23.517435,114.713058,26.200956,0.129562,0.066103,0.67676,-0.721692,16.795816,136.63623,14.140887,0.035653,0.872856,0.156057,0.460973,-4.448171,87.606018,10.911893,0.137549,0.932462,-0.016237,0.333664,-1.503358,53.382229,-0.101116,0.007576,0.938699,0.01146,0.344463,-14.041603,8.28411,-2.985776,-0.048218,0.8525,-0.036466,0.51922,5.857422,88.150909,27.304913,0.022108,0.831321,-0.14341,0.536517,7.456991,52.342068,31.353886,-0.022205,0.822576,0.017267,0.567959,-1.483639,7.419509,41.423546,0.007576,0.938699,0.01146,0.344463,-4.683612,2.227671,-14.230787,-0.022205,0.822576,0.017267,0.567959,12.433537,1.913063,36.256924
161,1.341667,-0.039257,0.874115,0.04163,0.482337,0.722318,87.870483,19.10463,-0.02822,0.870145,0.123185,0.476316,-0.141695,95.760559,19.381872,-0.004176,0.875413,0.072616,0.477873,-3.261442,113.903809,22.895832,0.123225,0.927926,-0.07594,0.343514,-5.001048,136.340576,25.688377,0.112205,0.959089,-0.193672,0.173345,0.414018,150.287003,23.385958,-0.039322,0.835213,0.12969,0.532966,-7.270828,131.117584,22.102503,0.352928,-0.605559,0.192401,-0.68682,-14.434126,132.329681,7.059632,0.266756,-0.037837,-0.347603,-0.898099,-9.688086,115.280663,-10.095018,0.305696,0.10875,-0.522736,-0.788334,8.949563,130.185776,-16.346758,-0.052341,0.922913,0.17305,0.33992,-3.063129,130.636658,28.587679,0.421982,0.854901,0.223388,-0.20291,9.690249,130.285263,39.371826,0.066474,0.244819,0.555206,-0.79208,23.529968,114.736649,26.174141,0.128401,0.058825,0.670272,-0.728553,16.699022,136.683624,14.212116,0.035836,0.872851,0.156154,0.460937,-4.426666,87.594727,10.905834,0.137647,0.931925,-0.016719,0.335095,-1.490509,53.374054,-0.119139,0.007384,0.93868,0.011532,0.344517,-14.047702,8.279938,-2.984019,-0.04815,0.852506,-0.036447,0.519218,5.871301,88.14624,27.303425,0.022211,0.831338,-0.143494,0.536464,7.467466,52.336823,31.348701,-0.022396,0.822547,0.017181,0.567996,-1.484676,7.41694,41.420059,0.007384,0.93868,0.011532,0.344517,-4.685894,2.227355,-14.227931,-0.022396,0.822547,0.017181,0.567996,12.434216,1.911667,36.256809
162,1.35,-0.039274,0.874041,0.041692,0.482465,0.729179,87.866455,19.102325,-0.028114,0.870041,0.123136,0.476524,-0.135582,95.756432,19.380178,-0.004004,0.875282,0.072898,0.47807,-3.251887,113.90065,22.89378,0.123287,0.928261,-0.075332,0.342719,-4.991432,136.335617,25.700811,0.110544,0.959825,-0.192797,0.171306,0.416419,150.286728,23.409801,-0.039415,0.83466,0.130237,0.533692,-7.259925,131.115189,22.110378,0.352626,-0.6056,0.191218,-0.687269,-14.397115,132.338303,7.055996,0.266097,-0.038057,-0.347801,-0.898209,-9.631171,115.333405,-10.136889,0.304914,0.108764,-0.522796,-0.788595,8.996692,130.245728,-16.389132,-0.052428,0.922845,0.173559,0.339833,-3.055128,130.629593,28.59709,0.421076,0.855147,0.222993,-0.204187,9.699939,130.275528,39.379154,0.066235,0.242203,0.554197,-0.79361,23.551697,114.770081,26.143364,0.127317,0.050579,0.664544,-0.734584,16.595984,136.733978,14.278614,0.035864,0.87277,0.156203,0.461071,-4.417397,87.591156,10.902002,0.137715,0.931953,-0.016804,0.334986,-1.479705,53.371746,-0.126494,0.007623,0.938673,0.011559,0.34453,-14.045678,8.279649,-2.984588,-0.048199,0.852625,-0.036393,0.519021,5.875754,88.141754,27.30265,0.022301,0.831451,-0.143622,0.53625,7.477877,52.332394,31.346045,-0.023048,0.822743,0.016878,0.567696,-1.485099,7.416344,41.424858,0.007623,0.938673,0.011559,0.34453,-4.686188,2.225451,-14.22956,-0.023048,0.822743,0.016878,0.567696,12.434303,1.914729,36.25909
163,1.358333,-0.039284,0.873937,0.041943,0.482629,0.737118,87.859596,19.090908,-0.027836,0.869949,0.123248,0.476679,-0.12976,95.749222,19.371996,-0.003681,0.87519,0.07313,0.478205,-3.240349,113.897156,22.894455,0.123186,0.928745,-0.073367,0.34187,-4.972518,136.330704,25.717371,0.108921,0.960439,-0.192914,0.168749,0.410747,150.298798,23.472515,-0.039729,0.834234,0.130787,0.534201,-7.241917,131.113708,22.122507,0.351925,-0.605601,0.190224,-0.687904,-14.360112,132.340668,7.059447,0.265118,-0.038389,-0.347955,-0.898424,-9.575505,115.384422,-10.176245,0.303901,0.108799,-0.523141,-0.788752,9.048383,130.306824,-16.429693,-0.052739,0.922728,0.174078,0.339837,-3.039088,130.621872,28.610022,0.420285,0.855292,0.222558,-0.205679,9.714785,130.271255,39.393604,0.065418,0.239832,0.55281,-0.795363,23.569191,114.808128,26.111174,0.124666,0.043529,0.658587,-0.740828,16.474873,136.782822,14.350668,0.035841,0.872647,0.156162,0.46132,-4.406368,87.586685,10.888568,0.13782,0.931979,-0.016922,0.334866,-1.465477,53.366219,-0.135789,0.007443,0.93871,0.011521,0.344435,-14.044491,8.277228,-2.985319,-0.048327,0.852566,-0.036415,0.519105,5.880605,88.132507,27.293247,0.022375,0.831385,-0.143704,0.536328,7.489363,52.324165,31.342995,-0.022906,0.82277,0.017066,0.567657,-1.484375,7.410619,41.423401,0.007443,0.93871,0.011521,0.344435,-4.685357,2.223787,-14.230986,-0.022906,0.82277,0.017066,0.567657,12.434355,1.911135,36.253555
164,1.366667,-0.039339,0.873865,0.041865,0.482762,0.743619,87.858467,19.09481,-0.027839,0.869864,0.123109,0.476871,-0.123461,95.748131,19.374256,-0.003507,0.875075,0.073477,0.478365,-3.231985,113.894691,22.891035,0.123119,0.928991,-0.073113,0.341281,-4.965294,136.325989,25.731092,0.107459,0.961016,-0.192088,0.167339,0.411465,150.296921,23.488209,-0.039985,0.833545,0.131562,0.535066,-7.233366,131.111832,22.131277,0.351163,-0.605631,0.189449,-0.688479,-14.319968,132.35022,7.054256,0.264046,-0.038592,-0.348105,-0.898673,-9.522684,115.437057,-10.220207,0.302894,0.108748,-0.523445,-0.788945,9.098287,130.372208,-16.467709,-0.053004,0.922667,0.174966,0.339506,-3.032878,130.614883,28.619919,0.419297,0.855529,0.22241,-0.206868,9.727584,130.264145,39.395706,0.064194,0.237765,0.55108,-0.797282,23.598711,114.849327,26.074617,0.121355,0.037837,0.652629,-0.746938,16.354053,136.8302,14.4162,0.035889,0.872611,0.156302,0.461337,-4.397302,87.584053,10.890911,0.13789,0.931943,-0.017021,0.334932,-1.454476,53.366982,-0.14349,0.007572,0.93871,0.011411,0.344436,-14.042327,8.280098,-2.987413,-0.048317,0.852648,-0.036301,0.518979,5.884541,88.132881,27.298714,0.022491,0.831451,-0.143713,0.536218,7.497576,52.323868,31.340805,-0.022307,0.822575,0.017188,0.567959,-1.484361,7.411057,41.417183,0.007572,0.93871,0.011411,0.344436,-4.685153,2.22237,-14.232413,-0.022307,0.822575,0.017188,0.567959,12.433275,1.90442,36.251991
165,1.375,-0.039335,0.873787,0.041905,0.482901,0.748675,87.855324,19.093504,-0.027684,0.86978,0.123084,0.477039,-0.118702,95.744934,19.373409,-0.003395,0.874965,0.073791,0.478519,-3.222439,113.892044,22.891592,0.123716,0.929121,-0.072819,0.340774,-4.958601,136.321289,25.746128,0.105434,0.961671,-0.191237,0.165833,0.429479,150.289551,23.513872,-0.04017,0.833044,0.132105,0.535698,-7.224961,131.109375,22.141994,0.350691,-0.605561,0.188264,-0.689107,-14.288489,132.355759,7.054811,0.263113,-0.038926,-0.348205,-0.898893,-9.464942,115.492317,-10.260902,0.301446,0.108925,-0.523958,-0.789135,9.155308,130.436386,-16.510248,-0.05326,0.922654,0.175611,0.339167,-3.026746,130.608398,28.631798,0.417874,0.856146,0.221105,-0.208585,9.740477,130.260223,39.399658,0.062021,0.236314,0.548892,-0.799392,23.635174,114.898109,26.042307,0.117535,0.033654,0.647314,-0.752355,16.228052,136.886292,14.483825,0.035908,0.872548,0.156378,0.461429,-4.389654,87.581535,10.887959,0.137993,0.931946,-0.017115,0.334875,-1.44429,53.36628,-0.151403,0.007903,0.938656,0.011416,0.344575,-14.044109,8.282378,-2.989651,-0.048355,0.852631,-0.036206,0.519009,5.887003,88.129112,27.299049,0.022528,0.831412,-0.143802,0.536253,7.505759,52.319862,31.336796,-0.02238,0.822591,0.017136,0.567934,-1.483966,7.409617,41.417664,0.007903,0.938656,0.011416,0.344575,-4.687431,2.22147,-14.233349,-0.02238,0.822591,0.017136,0.567934,12.433735,1.902959,36.25267
166,1.383333,-0.039346,0.8737,0.042048,0.483045,0.755728,87.854645,19.089668,-0.027494,0.869695,0.123104,0.4772,-0.112944,95.744057,19.371309,-0.003319,0.87486,0.074047,0.478671,-3.211479,113.891388,22.892967,0.123971,0.92941,-0.071691,0.34013,-4.950674,136.318939,25.758938,0.104256,0.962159,-0.191119,0.163873,0.431217,150.294144,23.555426,-0.040273,0.83267,0.132587,0.536153,-7.21529,131.108749,22.151203,0.350137,-0.605442,0.187165,-0.689792,-14.262218,132.363403,7.05695,0.262305,-0.03896,-0.348458,-0.89903,-9.411234,115.549576,-10.299294,0.30063,0.109202,-0.524303,-0.789179,9.198234,130.506714,-16.539141,-0.053576,0.922589,0.176424,0.338872,-3.019324,130.60466,28.64222,0.416615,0.856422,0.221415,-0.209639,9.75345,130.258636,39.403561,0.059759,0.23516,0.546624,-0.801455,23.678221,114.958702,26.006216,0.113416,0.031317,0.639398,-0.75982,16.116091,136.936905,14.544845,0.035868,0.872505,0.156426,0.461497,-4.379877,87.582176,10.882376,0.138113,0.931922,-0.017236,0.334886,-1.429481,53.367813,-0.158384,0.007763,0.938675,0.011246,0.344532,-14.043243,8.287394,-2.989991,-0.048404,0.852549,-0.036148,0.519144,5.891332,88.127121,27.296961,0.022573,0.831413,-0.143906,0.536222,7.514627,52.317913,31.333235,-0.022476,0.82262,0.017174,0.567888,-1.483414,7.410675,41.420086,0.007763,0.938675,0.011246,0.344532,-4.686723,2.223213,-14.232053,-0.022476,0.82262,0.017174,0.567888,12.434843,1.906569,36.253872
167,1.391667,-0.039395,0.873611,0.042086,0.483199,0.763375,87.853226,19.088732,-0.027233,0.869605,0.123223,0.477348,-0.106303,95.742531,19.370375,-0.003426,0.874745,0.074241,0.47885,-3.198886,113.888336,22.899805,0.123994,0.929595,-0.071152,0.339729,-4.947144,136.314545,25.770748,0.10309,0.962596,-0.190596,0.162646,0.428759,150.293961,23.579266,-0.039621,0.832778,0.13261,0.536027,-7.208363,131.104492,22.16069,0.349381,-0.604834,0.186356,-0.690927,-14.261553,132.377014,7.070856,0.261523,-0.039354,-0.348649,-0.899167,-9.359373,115.613297,-10.319442,0.299754,0.109583,-0.524775,-0.789145,9.243923,130.579193,-16.566681,-0.053663,0.922596,0.177109,0.33848,-3.015069,130.60022,28.653416,0.41534,0.856868,0.220786,-0.211008,9.766271,130.25145,39.404491,0.057535,0.233998,0.54474,-0.803239,23.714947,115.004623,25.971529,0.110808,0.027968,0.630692,-0.767572,16.017145,136.987808,14.604221,0.035965,0.872397,0.156469,0.46168,-4.369288,87.58049,10.879609,0.138171,0.931906,-0.017354,0.3349,-1.421239,53.367592,-0.166315,0.007847,0.938681,0.011238,0.344515,-14.043606,8.28906,-2.989609,-0.048353,0.8525,-0.03609,0.519233,5.896039,88.125969,27.297855,0.022578,0.831353,-0.143971,0.536297,7.518009,52.316105,31.328846,-0.023403,0.822753,0.016739,0.567671,-1.484594,7.41064,41.41951,0.007847,0.938681,0.011238,0.344515,-4.688505,2.223832,-14.232285,-0.023403,0.822753,0.016739,0.567671,12.436979,1.911694,36.256744
168,1.4,-0.039341,0.873536,0.042132,0.483334,0.768168,87.853119,19.086105,-0.027058,0.869516,0.123325,0.477494,-0.101158,95.742424,19.368668,-0.003411,0.874641,0.074465,0.479005,-3.190244,113.886429,22.903782,0.124149,0.929787,-0.070361,0.339313,-4.943268,136.311127,25.783571,0.102042,0.96299,-0.190297,0.161321,0.427812,150.295532,23.61227,-0.0398,0.832294,0.133079,0.536649,-7.202305,131.102234,22.170483,0.349141,-0.60475,0.185216,-0.691429,-14.232719,132.381577,7.070598,0.260848,-0.039173,-0.349148,-0.899177,-9.304638,115.660713,-10.353621,0.299055,0.109999,-0.525143,-0.789108,9.285542,130.655334,-16.588804,-0.053957,0.922551,0.17777,0.33821,-3.011301,130.595901,28.66453,0.414307,0.857127,0.220553,-0.212224,9.775101,130.250244,39.409687,0.056652,0.231908,0.543291,-0.804888,23.740623,115.052544,25.938612,0.110194,0.023425,0.623026,-0.774046,15.911245,137.036911,14.668539,0.035856,0.872252,0.156604,0.461916,-4.362045,87.581894,10.8754,0.138338,0.932412,-0.017251,0.333426,-1.399595,53.371475,-0.174367,0.008048,0.938705,0.01104,0.344451,-14.037487,8.296937,-2.991999,-0.048405,0.852429,-0.036018,0.51935,5.898381,88.124344,27.296812,0.022622,0.831384,-0.144032,0.536232,7.52568,52.314461,31.325516,-0.022441,0.822661,0.01716,0.56783,-1.482605,7.410824,41.419254,0.008048,0.938705,0.01104,0.344451,-4.687124,2.224289,-14.234614,-0.022441,0.822661,0.01716,0.56783,12.434511,1.905759,36.250999
169,1.408333,-0.039297,0.873398,0.042356,0.483567,0.775477,87.847244,19.076904,-0.026725,0.869437,0.123221,0.477683,-0.09504,95.736298,19.362671,-0.003488,0.874519,0.074831,0.47917,-3.173049,113.886902,22.900774,0.124291,0.9299,-0.069771,0.339072,-4.937592,136.309113,25.792944,0.100859,0.963351,-0.189864,0.160417,0.430888,150.296967,23.637457,-0.039917,0.831885,0.13373,0.537113,-7.192728,131.101288,22.175875,0.348839,-0.604557,0.184314,-0.69199,-14.206198,132.391678,7.069056,0.260152,-0.039023,-0.349547,-0.89923,-9.250216,115.708771,-10.38359,0.298214,0.110473,-0.525583,-0.789067,9.327056,130.725479,-16.60545,-0.054356,0.92241,0.178479,0.338158,-3.004192,130.593079,28.671364,0.412972,0.85767,0.219686,-0.213528,9.781935,130.25177,39.416981,0.056307,0.229637,0.541901,-0.806498,23.774551,115.104469,25.917267,0.111651,0.018127,0.614898,-0.780452,15.813619,137.084305,14.737901,0.035996,0.87223,0.15645,0.461998,-4.350439,87.57914,10.863416,0.138299,0.93192,-0.017558,0.3348,-1.400956,53.365971,-0.181293,0.007521,0.93873,0.011054,0.344394,-14.040928,8.291432,-2.98952,-0.048452,0.852461,-0.036098,0.519288,5.901394,88.115349,27.290392,0.022702,0.831396,-0.144037,0.536208,7.528858,52.30621,31.325644,-0.022716,0.822591,0.017221,0.567918,-1.485626,7.403055,41.415977,0.007521,0.93873,0.011054,0.344394,-4.685737,2.224367,-14.231132,-0.022716,0.822591,0.017221,0.567918,12.435555,1.904202,36.252064
170,1.416667,-0.039261,0.873324,0.042369,0.483703,0.781305,87.846085,19.075556,-0.026598,0.869359,0.123222,0.477832,-0.088857,95.735176,19.361649,-0.003503,0.874413,0.075143,0.479316,-3.163332,113.886047,22.901545,0.124334,0.930047,-0.06926,0.338758,-4.935752,136.306122,25.805405,0.099837,0.96373,-0.189256,0.159495,0.427926,150.297684,23.662052,-0.040847,0.830604,0.135251,0.538642,-7.188009,131.099609,22.184668,0.348085,-0.604729,0.183992,-0.692306,-14.144015,132.400085,7.052165,0.259046,-0.0385,-0.350139,-0.899342,-9.192417,115.744827,-10.428116,0.297678,0.111007,-0.526077,-0.788865,9.367453,130.799454,-16.615829,-0.054684,0.922327,0.17907,0.338019,-3.001632,130.589111,28.68137,0.411725,0.858047,0.219363,-0.214749,9.786434,130.251907,39.424816,0.056921,0.226715,0.540741,-0.808059,23.803963,115.159485,25.889534,0.114358,0.012726,0.608693,-0.785018,15.709211,137.134827,14.800644,0.036013,0.872065,0.156403,0.462325,-4.342116,87.578896,10.860479,0.138384,0.931909,-0.017566,0.334793,-1.391163,53.364754,-0.180847,0.007589,0.938752,0.010986,0.344334,-14.038655,8.292437,-2.99093,-0.04848,0.852508,-0.036155,0.519204,5.904727,88.113281,27.290634,0.02278,0.831549,-0.144044,0.535965,7.532144,52.304642,31.330284,-0.02235,0.822682,0.017908,0.56778,-1.485792,7.401988,41.419781,0.007589,0.938752,0.010986,0.344334,-4.685997,2.222858,-14.233294,-0.02235,0.822682,0.017908,0.56778,12.434427,1.913557,36.242195
171,1.425,-0.039199,0.873242,0.042406,0.483852,0.786878,87.846024,19.07193,-0.026354,0.869261,0.12322,0.478026,-0.082758,95.735138,19.358858,-0.003545,0.874265,0.075561,0.47952,-3.150895,113.891479,22.903395,0.124488,0.930171,-0.068341,0.338548,-4.934758,136.308685,25.82235,0.099157,0.963936,-0.189411,0.158491,0.423708,150.306076,23.704132,-0.041193,0.830101,0.135619,0.539299,-7.182881,131.10376,22.196772,0.347323,-0.604485,0.183448,-0.693045,-14.114292,132.404938,7.053041,0.258011,-0.038242,-0.350656,-0.899449,-9.138309,115.788445,-10.457187,0.296887,0.111786,-0.526495,-0.788774,9.406672,130.874741,-16.622967,-0.055277,0.922238,0.179765,0.337795,-2.999534,130.590469,28.695211,0.410894,0.858261,0.219103,-0.215752,9.791414,130.264862,39.435585,0.057519,0.224198,0.539802,-0.809346,23.821337,115.211334,25.869877,0.116826,0.008204,0.602191,-0.789715,15.617699,137.1772,14.860797,0.036026,0.871962,0.156369,0.462529,-4.333839,87.580399,10.855115,0.138469,0.932036,-0.017557,0.334405,-1.38226,53.365562,-0.183873,0.007987,0.938714,0.010983,0.344431,-14.037921,8.295429,-2.992184,-0.04846,0.852462,-0.036184,0.519279,5.907595,88.111649,27.288746,0.022818,0.831562,-0.144048,0.535942,7.532362,52.303017,31.32959,-0.023779,0.822625,0.017245,0.567826,-1.488411,7.400629,41.41774,0.007987,0.938714,0.010983,0.344431,-4.687573,2.221827,-14.234297,-0.023779,0.822625,0.017245,0.567826,12.441725,1.920465,36.258099
172,1.433333,-0.039446,0.873104,0.042613,0.484064,0.800002,87.850761,19.072237,-0.02627,0.86915,0.123284,0.478214,-0.074711,95.739288,19.359915,-0.003579,0.874138,0.075841,0.479706,-3.141366,113.891159,22.906565,0.124636,0.930246,-0.067817,0.338394,-4.933284,136.306427,25.835449,0.09832,0.964199,-0.189097,0.157783,0.423697,150.30661,23.731977,-0.041309,0.829689,0.136225,0.53977,-7.17821,131.102554,22.206367,0.34723,-0.604361,0.182314,-0.693499,-14.092292,132.414139,7.055619,0.257536,-0.037644,-0.351071,-0.899448,-9.088479,115.837204,-10.484145,0.296276,0.112479,-0.52694,-0.788608,9.443656,130.949844,-16.620201,-0.055858,0.922105,0.180664,0.337583,-2.997632,130.587418,28.70644,0.409804,0.858584,0.218906,-0.216735,9.79595,130.27063,39.443939,0.057642,0.22222,0.53858,-0.810695,23.84901,115.265182,25.848949,0.118691,0.005437,0.596436,-0.793818,15.533122,137.217316,14.909803,0.036138,0.872005,0.156277,0.462471,-4.316364,87.583183,10.852777,0.138542,0.932018,-0.017582,0.334424,-1.375671,53.366863,-0.184517,0.007924,0.938706,0.010918,0.344456,-14.038336,8.298719,-2.993219,-0.048284,0.852393,-0.036194,0.519408,5.916368,88.11834,27.291697,0.022737,0.831487,-0.144031,0.536067,7.529334,52.308529,31.326818,-0.023738,0.822644,0.017211,0.5678,-1.485825,7.405355,41.416489,0.007924,0.938706,0.010918,0.344456,-4.686965,2.223928,-14.233839,-0.023738,0.822644,0.017211,0.5678,12.443401,1.923653,36.256023
173,1.441667,-0.039093,0.873075,0.04256,0.484149,0.797356,87.858154,19.072901,-0.026095,0.869081,0.123189,0.478374,-0.072092,95.747192,19.36248,-0.003595,0.874018,0.076207,0.479867,-3.130753,113.892914,22.907246,0.124768,0.930359,-0.067227,0.338151,-4.931794,136.305649,25.849825,0.097623,0.964472,-0.188761,0.156947,0.422367,150.309265,23.762074,-0.040967,0.829841,0.13596,0.539631,-7.173432,131.103317,22.216509,0.347011,-0.603835,0.181244,-0.694347,-14.093492,132.418762,7.068822,0.256954,-0.037316,-0.351529,-0.89945,-9.039174,115.886345,-10.498458,0.295411,0.113335,-0.527323,-0.788555,9.477128,131.023605,-16.615265,-0.056244,0.922014,0.181234,0.337463,-2.99525,130.585495,28.717909,0.408809,0.858818,0.219003,-0.217588,9.799591,130.274704,39.454086,0.057537,0.22086,0.537484,-0.811801,23.874559,115.316917,25.829252,0.119746,0.004175,0.592405,-0.79668,15.468227,137.25415,14.94326,0.035978,0.871859,0.15628,0.462757,-4.317952,87.596138,10.852601,0.138639,0.932553,-0.017303,0.332903,-1.363483,53.37904,-0.178613,0.008122,0.938769,0.010567,0.344288,-14.030385,8.312509,-2.994076,-0.048354,0.852323,-0.036153,0.519519,5.912664,88.120171,27.2932,0.022773,0.831469,-0.144018,0.536097,7.530944,52.310635,31.328621,-0.023381,0.822606,0.017425,0.567864,-1.486762,7.40726,41.415134,0.008122,0.938769,0.010567,0.344288,-4.686841,2.226177,-14.234964,-0.023381,0.822606,0.017425,0.567864,12.441225,1.924698,36.252232
174,1.45,-0.039066,0.873039,0.042814,0.484194,0.803008,87.863167,19.069359,-0.025906,0.869094,0.123004,0.478409,-0.068029,95.751892,19.362621,-0.00367,0.873986,0.076533,0.479873,-3.116005,113.891563,22.903181,0.124815,0.930478,-0.066596,0.337929,-4.927129,136.302017,25.856951,0.096947,0.964715,-0.188363,0.156348,0.421574,150.310104,23.785343,-0.041036,0.829501,0.136575,0.539992,-7.166276,131.100525,22.220901,0.346599,-0.603582,0.180646,-0.694928,-14.073101,132.427261,7.068161,0.256231,-0.036674,-0.351973,-0.899509,-8.993072,115.926697,-10.521639,0.294598,0.114369,-0.528058,-0.788218,9.513945,131.09729,-16.604359,-0.056732,0.921819,0.181868,0.337574,-2.988197,130.581284,28.722254,0.407463,0.8593,0.218592,-0.21862,9.802289,130.277344,39.463814,0.057005,0.220012,0.536072,-0.813002,23.909224,115.373566,25.812881,0.119613,0.003003,0.589653,-0.798745,15.404874,137.293701,14.967632,0.036012,0.871753,0.15617,0.46299,-4.311508,87.60405,10.848476,0.138664,0.93258,-0.0173,0.332818,-1.359915,53.384663,-0.176387,0.007262,0.938861,0.010255,0.344066,-14.029079,8.318761,-2.991724,-0.048343,0.851715,-0.036015,0.520527,5.917524,88.122276,27.290243,0.022705,0.831339,-0.144115,0.536275,7.535556,52.311943,31.318668,-0.023471,0.822553,0.017373,0.567938,-1.483866,7.410913,41.414051,0.007262,0.938861,0.010255,0.344066,-4.68224,2.232349,-14.229824,-0.023471,0.822553,0.017373,0.567938,12.445574,1.928633,36.254791
175,1.458333,-0.039026,0.872945,0.04286,0.484362,0.808479,87.864212,19.067135,-0.02575,0.868996,0.123075,0.478577,-0.062403,95.75293,19.361174,-0.00371,0.873871,0.076775,0.480043,-3.107039,113.890823,22.905939,0.124753,0.930614,-0.065666,0.337761,-4.925611,136.299591,25.867996,0.096383,0.964921,-0.188228,0.15559,0.412137,150.315308,23.819914,-0.041172,0.829102,0.137096,0.540462,-7.161814,131.098923,22.22893,0.346046,-0.603324,0.18014,-0.695559,-14.051299,132.434006,7.06903,0.255236,-0.036109,-0.352412,-0.899643,-8.946893,115.966049,-10.544252,0.293618,0.115171,-0.528354,-0.788268,9.54748,131.167892,-16.590559,-0.057094,0.921687,0.182426,0.337571,-2.986267,130.578232,28.731791,0.406365,0.859683,0.218179,-0.21957,9.802925,130.278915,39.475018,0.056415,0.219526,0.534918,-0.813934,23.933378,115.419731,25.799809,0.119461,0.002588,0.587241,-0.800544,15.354025,137.325104,14.984268,0.036017,0.871614,0.156202,0.463242,-4.302945,87.60643,10.844287,0.138834,0.932604,-0.017396,0.332675,-1.347416,53.387779,-0.181808,0.007502,0.938805,0.010081,0.344221,-14.034525,8.326617,-2.992182,-0.048379,0.851841,-0.036139,0.520308,5.919904,88.122002,27.28998,0.022831,0.831514,-0.144078,0.536008,7.536508,52.312565,31.32695,-0.023587,0.822604,0.017282,0.567862,-1.487596,7.411063,41.416054,0.007502,0.938805,0.010081,0.344221,-4.687551,2.232997,-14.226267,-0.023587,0.822604,0.017282,0.567862,12.441431,1.92853,36.255936
176,1.466667,-0.038983,0.87287,0.042878,0.484499,0.81337,87.86409,19.066397,-0.025603,0.868906,0.123112,0.478739,-0.057108,95.752831,19.360884,-0.003677,0.873756,0.077025,0.480212,-3.098426,113.891586,22.909119,0.124585,0.930749,-0.064761,0.337624,-4.921694,136.298615,25.881365,0.095855,0.965092,-0.188155,0.154942,0.4026,150.322647,23.855299,-0.042171,0.827917,0.138584,0.541821,-7.155632,131.09938,22.238876,0.344352,-0.603331,0.180832,-0.696213,-13.993208,132.441605,7.056128,0.253519,-0.035354,-0.352941,-0.89995,-8.901585,115.994347,-10.58017,0.293111,0.11611,-0.528698,-0.788088,9.580166,131.240189,-16.571253,-0.057476,0.921598,0.182956,0.337462,-2.982592,130.576172,28.743141,0.4053,0.860059,0.217662,-0.220577,9.807578,130.283142,39.485374,0.056123,0.21892,0.533852,-0.814817,23.958784,115.466782,25.785183,0.119657,0.002172,0.586206,-0.801274,15.306941,137.356018,14.996683,0.036117,0.871569,0.156093,0.463356,-4.295537,87.607368,10.841951,0.138735,0.932523,-0.017419,0.332941,-1.348541,53.386772,-0.180393,0.008246,0.938801,0.010632,0.344198,-14.02708,8.323103,-2.98922,-0.048334,0.851803,-0.036074,0.520379,5.922277,88.120811,27.290842,0.022634,0.830882,-0.144087,0.536993,7.538258,52.31073,31.322346,-0.023637,0.822541,0.017227,0.567953,-1.48295,7.408637,41.411396,0.008246,0.938801,0.010632,0.344198,-4.686827,2.237384,-14.233169,-0.023637,0.822541,0.017227,0.567953,12.447339,1.925653,36.255169
177,1.475,-0.038966,0.872769,0.042947,0.484677,0.820559,87.865623,19.064789,-0.025504,0.868797,0.123206,0.478918,-0.050271,95.754295,19.360191,-0.003838,0.873615,0.077389,0.480409,-3.090804,113.89257,22.912628,0.125224,0.93063,-0.065154,0.337641,-4.929033,136.296982,25.895288,0.094726,0.965402,-0.18731,0.154727,0.416227,150.312469,23.865231,-0.042237,0.827503,0.138802,0.542392,-7.158016,131.098251,22.249048,0.344165,-0.603054,0.18006,-0.696746,-13.97472,132.445847,7.057388,0.252891,-0.034563,-0.353477,-0.899948,-8.852839,116.030632,-10.599999,0.2924,0.117282,-0.528789,-0.788117,9.610168,131.308899,-16.550783,-0.057795,0.921524,0.183716,0.337197,-2.987929,130.574265,28.75515,0.404236,0.860413,0.217487,-0.221321,9.806998,130.283951,39.491798,0.055866,0.218375,0.532972,-0.815557,23.984484,115.511726,25.77113,0.120019,0.001897,0.58571,-0.801583,15.272135,137.387466,15.007511,0.036271,0.871297,0.156181,0.463825,-4.285031,87.610077,10.838248,0.138755,0.932391,-0.017638,0.333291,-1.338816,53.392265,-0.19296,0.008252,0.938826,0.010377,0.344137,-14.024787,8.329836,-2.98807,-0.048192,0.852261,-0.036198,0.519633,5.926148,88.121178,27.291328,0.022591,0.83091,-0.14405,0.536961,7.532309,52.310753,31.323675,-0.023648,0.822561,0.01723,0.567924,-1.483279,7.407463,41.412415,0.008252,0.938826,0.010377,0.344137,-4.687194,2.237059,-14.23041,-0.023648,0.822561,0.01723,0.567924,12.446774,1.924731,36.255283
178,1.483333,-0.038892,0.872671,0.042989,0.484855,0.825155,87.867104,19.062937,-0.025399,0.868709,0.123286,0.479062,-0.045033,95.755806,19.359306,-0.00379,0.873523,0.077715,0.480524,-3.084001,113.89257,22.915508,0.125066,0.93077,-0.06468,0.337405,-4.92783,136.294724,25.911745,0.094346,0.9656,-0.186987,0.154113,0.407885,150.315231,23.891315,-0.042432,0.82714,0.139231,0.54282,-7.15469,131.097809,22.261616,0.343867,-0.602873,0.179406,-0.697218,-13.955331,132.450287,7.063197,0.252305,-0.033645,-0.354142,-0.899885,-8.811113,116.065277,-10.615733,0.292231,0.11843,-0.528664,-0.788093,9.630816,131.383698,-16.523363,-0.058286,0.921466,0.184261,0.336975,-2.986304,130.570602,28.768545,0.403551,0.8606,0.217298,-0.222028,9.811721,130.290527,39.50177,0.055534,0.21806,0.532443,-0.816009,24.001041,115.549156,25.760168,0.120229,0.002026,0.585443,-0.801747,15.251955,137.420776,15.014908,0.036356,0.871446,0.155839,0.463654,-4.277215,87.613411,10.834341,0.138705,0.932547,-0.01738,0.332889,-1.350087,53.388363,-0.179478,0.00833,0.938804,0.010588,0.344189,-14.025019,8.323786,-2.990088,-0.048272,0.851733,-0.036096,0.520498,5.927526,88.120804,27.291531,0.022798,0.831463,-0.144103,0.536081,7.538332,52.310402,31.322247,-0.023763,0.822606,0.017097,0.567857,-1.485391,7.409432,41.414051,0.00833,0.938804,0.010588,0.344189,-4.686144,2.236035,-14.234082,-0.023763,0.822606,0.017097,0.567857,12.444086,1.925405,36.256744
179,1.491667,-0.038424,0.872646,0.042881,0.484947,0.810276,87.874451,19.061989,-0.025008,0.868661,0.123217,0.479188,-0.052641,95.763878,19.360399,-0.00387,0.873425,0.077939,0.480665,-3.076527,113.89196,22.919041,0.124908,0.930872,-0.064089,0.337296,-4.92887,136.292496,25.922071,0.094093,0.96574,-0.186762,0.153665,0.396682,150.318832,23.91538,-0.04183,0.827512,0.138884,0.542389,-7.152715,131.096054,22.269432,0.344693,-0.602308,0.1778,-0.69771,-13.970664,132.456345,7.079463,0.252285,-0.033167,-0.354354,-0.899825,-8.76462,116.107285,-10.614645,0.290632,0.119429,-0.529082,-0.788253,9.671426,131.440048,-16.503201,-0.05864,0.921382,0.18463,0.336939,-2.986444,130.568069,28.777653,0.402789,0.860791,0.217425,-0.222544,9.811009,130.2948,39.511734,0.055107,0.217982,0.53192,-0.8164,24.019283,115.588882,25.751759,0.120118,0.002476,0.585412,-0.801784,15.240198,137.452713,15.019358,0.036161,0.871267,0.155802,0.464018,-4.29107,87.627754,10.832545,0.138692,0.932633,-0.017236,0.33266,-1.348317,53.400848,-0.171308,0.007561,0.938944,0.009784,0.343849,-14.018385,8.33548,-2.99101,-0.04847,0.851707,-0.03592,0.520533,5.911623,88.121155,27.291431,0.022785,0.831384,-0.144148,0.536193,7.540999,52.311218,31.31879,-0.023316,0.822604,0.017298,0.567873,-1.485262,7.411399,41.413452,0.007561,0.938944,0.009784,0.343849,-4.682271,2.233244,-14.229445,-0.023316,0.822604,0.017298,0.567873,12.441449,1.924631,36.251583
180,1.5,-0.038399,0.872579,0.042962,0.485062,0.815494,87.875725,19.061558,-0.024873,0.868582,0.123238,0.479331,-0.047733,95.765076,19.361158,-0.003931,0.873317,0.078216,0.480816,-3.068056,113.892387,22.922226,0.124915,0.930933,-0.063757,0.337186,-4.92941,136.290924,25.93449,0.093581,0.965944,-0.186305,0.153247,0.392834,150.319733,23.936172,-0.041907,0.827229,0.139108,0.542757,-7.150055,131.095337,22.278713,0.344446,-0.602077,0.177214,-0.69818,-13.954443,132.459671,7.083029,0.251565,-0.03242,-0.354798,-0.899879,-8.724424,116.137901,-10.629196,0.289752,0.120518,-0.529208,-0.788326,9.697628,131.500992,-16.477283,-0.058789,0.92138,0.185151,0.336633,-2.98604,130.565948,28.788263,0.402029,0.860961,0.217577,-0.223111,9.81771,130.293289,39.514847,0.05445,0.217819,0.531507,-0.816756,24.043694,115.623985,25.734097,0.119838,0.00273,0.585575,-0.801707,15.237698,137.489288,15.023237,0.03632,0.871202,0.15572,0.464154,-4.283719,87.630356,10.830753,0.138653,0.932062,-0.017518,0.334259,-1.352034,53.402435,-0.172914,0.007454,0.938912,0.009788,0.343938,-14.022686,8.336967,-2.988473,-0.048457,0.851639,-0.035917,0.520647,5.914708,88.121094,27.292362,0.022811,0.831321,-0.144124,0.536295,7.542834,52.31105,31.319302,-0.02399,0.822553,0.016941,0.56793,-1.485532,7.410705,41.409733,0.007454,0.938912,0.009788,0.343938,-4.683169,2.235868,-14.224702,-0.02399,0.822553,0.016941,0.56793,12.446037,1.926801,36.257942
181,1.508333,-0.038355,0.872511,0.042985,0.485187,0.81832,87.876656,19.061518,-0.024723,0.868527,0.123239,0.479439,-0.044516,95.766022,19.361658,-0.004041,0.873228,0.078513,0.480928,-3.060205,113.892273,22.924852,0.124662,0.931061,-0.063323,0.337008,-4.932734,136.288681,25.946125,0.093333,0.96613,-0.185829,0.152808,0.377985,150.322968,23.955782,-0.042088,0.82692,0.139475,0.54312,-7.14991,131.093628,22.287474,0.344095,-0.601676,0.176848,-0.698792,-13.940632,132.461731,7.086015,0.25087,-0.031708,-0.355291,-0.899904,-8.680417,116.164459,-10.639815,0.289112,0.121465,-0.529432,-0.788266,9.723809,131.557556,-16.449413,-0.059057,0.921379,0.185528,0.336381,-2.987582,130.563354,28.798031,0.401516,0.861032,0.217789,-0.223554,9.820772,130.296249,39.519264,0.053781,0.21781,0.531281,-0.81695,24.057308,115.654396,25.720219,0.11922,0.0031,0.586045,-0.801454,15.238131,137.524368,15.025928,0.036222,0.871205,0.155704,0.464162,-4.278616,87.632401,10.829268,0.13872,0.932648,-0.01723,0.332607,-1.341191,53.403618,-0.170194,0.007533,0.938957,0.009747,0.343815,-14.013635,8.338946,-2.990548,-0.048407,0.851955,-0.035972,0.52013,5.915256,88.120911,27.293766,0.022774,0.831308,-0.144087,0.536328,7.540719,52.310799,31.321249,-0.02247,0.822425,0.017696,0.568155,-1.48325,7.409292,41.410446,0.007533,0.938957,0.009747,0.343815,-4.678167,2.23598,-14.229126,-0.02247,0.822425,0.017696,0.568155,12.441491,1.917847,36.248241
182,1.516667,-0.038315,0.872406,0.042819,0.485393,0.822341,87.872314,19.06299,-0.024603,0.868477,0.123306,0.479518,-0.038734,95.761955,19.360937,-0.004177,0.87318,0.078739,0.480978,-3.052547,113.890923,22.92877,0.124462,0.93114,-0.063024,0.336922,-4.935577,136.28566,25.955841,0.092979,0.966286,-0.185344,0.152621,0.366648,150.323944,23.971006,-0.042224,0.826655,0.139785,0.543433,-7.149864,131.090607,22.295437,0.343699,-0.601226,0.176642,-0.699425,-13.92884,132.462418,7.089068,0.250361,-0.030863,-0.355808,-0.899871,-8.638384,116.186073,-10.646982,0.28889,0.122513,-0.529828,-0.787919,9.751826,131.614014,-16.416897,-0.059477,0.921323,0.185981,0.33621,-2.988296,130.56044,28.80649,0.401058,0.861098,0.217995,-0.223923,9.822247,130.302124,39.525322,0.053166,0.217816,0.531127,-0.817089,24.068783,115.684677,25.710751,0.118617,0.003347,0.586703,-0.801061,15.24072,137.560135,15.031374,0.036093,0.871227,0.155793,0.464102,-4.270771,87.627426,10.828392,0.138877,0.932658,-0.017257,0.332514,-1.323024,53.399979,-0.172428,0.008441,0.9389,0.009791,0.343948,-14.009972,8.339482,-2.994078,-0.048427,0.851974,-0.035962,0.520099,5.915452,88.117203,27.297586,0.022862,0.831419,-0.14411,0.536146,7.542658,52.30719,31.32515,-0.023542,0.82258,0.017276,0.5679,-1.487149,7.406676,41.413548,0.008441,0.9389,0.009791,0.343948,-4.681684,2.228798,-14.234422,-0.023542,0.82258,0.017276,0.5679,12.441887,1.923247,36.254406
183,1.525,-0.03824,0.872339,0.042854,0.485517,0.824685,87.872002,19.061874,-0.024543,0.868445,0.123416,0.479552,-0.035676,95.761696,19.360777,-0.004152,0.873173,0.078788,0.480983,-3.04886,113.885117,22.932171,0.124341,0.931272,-0.062258,0.336742,-4.931984,136.27951,25.961706,0.092599,0.966465,-0.184995,0.152145,0.359191,150.324554,23.995275,-0.042247,0.82646,0.140151,0.543634,-7.14622,131.084854,22.300705,0.34306,-0.600926,0.176589,-0.70001,-13.917846,132.463913,7.091717,0.249948,-0.029742,-0.356321,-0.899821,-8.608669,116.208336,-10.657799,0.289477,0.123477,-0.529904,-0.787501,9.767636,131.673355,-16.377146,-0.05972,0.921223,0.186389,0.336215,-2.984716,130.553986,28.811741,0.400339,0.861261,0.218347,-0.224239,9.824742,130.298355,39.531929,0.052563,0.217788,0.530823,-0.817333,24.092691,115.715477,25.702923,0.118207,0.003743,0.587609,-0.800455,15.246788,137.592926,15.038751,0.036083,0.87117,0.155791,0.46421,-4.266211,87.628868,10.825857,0.138912,0.932649,-0.017293,0.332522,-1.316574,53.40131,-0.17413,0.00868,0.938896,0.009786,0.343953,-14.007616,8.34184,-2.993902,-0.048444,0.85188,-0.035939,0.520253,5.915581,88.115135,27.297894,0.022857,0.831337,-0.144108,0.536274,7.543972,52.305126,31.324944,-0.02017,0.82236,0.018814,0.568299,-1.486868,7.404542,41.412086,0.00868,0.938896,0.009786,0.343953,-4.682024,2.228646,-14.235121,-0.02017,0.82236,0.018814,0.568299,12.424977,1.901182,36.227844
184,1.533333,-0.037906,0.872328,0.042725,0.485574,0.820741,87.867096,19.060678,-0.024359,0.868431,0.1234,0.479591,-0.034028,95.757362,19.360327,-0.004236,0.873141,0.079,0.481005,-3.041416,113.88295,22.934753,0.124312,0.931417,-0.06168,0.336459,-4.932568,136.275787,25.970757,0.092245,0.966669,-0.184678,0.151444,0.351416,150.325439,24.017862,-0.042327,0.826278,0.140423,0.543833,-7.144701,131.081451,22.308041,0.342501,-0.600535,0.17646,-0.700652,-13.908848,132.464401,7.09608,0.249545,-0.028869,-0.356587,-0.899855,-8.574242,116.230843,-10.66595,0.289507,0.124426,-0.530203,-0.78714,9.796124,131.720428,-16.343063,-0.059957,0.921188,0.186707,0.336094,-2.983541,130.550095,28.819254,0.399952,0.861244,0.21878,-0.22457,9.827686,130.298874,39.53743,0.051814,0.217664,0.530796,-0.817431,24.103567,115.741089,25.690197,0.117484,0.003803,0.588052,-0.800236,15.253875,137.627823,15.05138,0.036074,0.871013,0.155774,0.46451,-4.269582,87.628441,10.824176,0.138889,0.932659,-0.017273,0.332504,-1.316142,53.400455,-0.173482,0.008802,0.938897,0.00977,0.343947,-14.004685,8.340338,-2.994058,-0.048545,0.851813,-0.035841,0.520359,5.911064,88.105743,27.29718,0.022869,0.83135,-0.1442,0.536228,7.548819,52.295929,31.322224,-0.020402,0.822427,0.018794,0.568195,-1.486968,7.397875,41.416195,0.008802,0.938897,0.00977,0.343947,-4.680711,2.225543,-14.235746,-0.020402,0.822427,0.018794,0.568195,12.425621,1.897946,36.230312
185,1.541667,-0.03867,0.872207,0.043148,0.485693,0.85091,87.855453,19.057384,-0.024482,0.868364,0.123639,0.479644,-0.01771,95.744209,19.356833,-0.004334,0.873081,0.07915,0.481089,-3.036621,113.885834,22.940105,0.124365,0.931486,-0.061185,0.336337,-4.93523,136.277573,25.979668,0.091801,0.966837,-0.184402,0.150978,0.345135,150.330399,24.040022,-0.042408,0.826064,0.140628,0.544099,-7.144989,131.083206,22.315546,0.34231,-0.600258,0.176146,-0.701061,-13.899258,132.469208,7.099473,0.249196,-0.028126,-0.356846,-0.899873,-8.542824,116.253258,-10.672081,0.289151,0.125392,-0.530189,-0.787126,9.820538,131.764313,-16.31324,-0.060013,0.921187,0.187043,0.3359,-2.985086,130.551941,28.827576,0.399526,0.861194,0.219605,-0.224715,9.830273,130.299896,39.540798,0.051153,0.217375,0.530743,-0.817583,24.11974,115.771881,25.676304,0.116768,0.003776,0.588492,-0.800018,15.261227,137.667267,15.067014,0.036383,0.87115,0.155747,0.464238,-4.236038,87.608047,10.819053,0.138998,0.932526,-0.017527,0.332818,-1.306311,53.381073,-0.188068,0.008343,0.938879,0.010109,0.343997,-14.011065,8.324608,-2.994056,-0.048311,0.851766,-0.036058,0.520442,5.937857,88.102852,27.295715,0.022916,0.831345,-0.144204,0.536233,7.552737,52.292526,31.325436,-0.021972,0.822539,0.018168,0.567994,-1.487032,7.394785,41.417259,0.008343,0.938879,0.010109,0.343997,-4.679049,2.223614,-14.236569,-0.021972,0.822539,0.018168,0.567994,12.433926,1.906309,36.241707
186,1.55,-0.038628,0.872179,0.043161,0.485746,0.852334,87.856186,19.058529,-0.02431,0.868368,0.123571,0.479663,-0.015834,95.74498,19.358429,-0.004416,0.873053,0.079402,0.481096,-3.027353,113.883354,22.941763,0.12428,0.931575,-0.060921,0.336172,-4.934707,136.273239,25.989422,0.091226,0.967041,-0.183893,0.150643,0.340308,150.328796,24.054983,-0.042464,0.825893,0.140905,0.544283,-7.142289,131.079376,22.323288,0.34195,-0.599991,0.175977,-0.701507,-13.889688,132.469986,7.104589,0.248602,-0.027522,-0.357124,-0.899946,-8.51454,116.271141,-10.676907,0.288543,0.126385,-0.53009,-0.787258,9.841352,131.804688,-16.284451,-0.060279,0.92115,0.18738,0.335765,-2.98251,130.547333,28.835333,0.399108,0.861216,0.219944,-0.225042,9.834816,130.30043,39.546318,0.050306,0.217234,0.530694,-0.817705,24.133482,115.797043,25.665531,0.116072,0.003694,0.588538,-0.800085,15.268839,137.704254,15.083951,0.036403,0.871081,0.155769,0.464358,-4.233675,87.60968,10.819592,0.139015,0.932557,-0.017536,0.332723,-1.302986,53.383301,-0.189143,0.008491,0.938869,0.010086,0.344024,-14.009769,8.327314,-2.993584,-0.048353,0.851746,-0.03605,0.520472,5.938344,88.102692,27.297466,0.023009,0.831298,-0.144173,0.53631,7.555928,52.292622,31.32832,-0.022816,0.822541,0.017371,0.567983,-1.490513,7.394463,41.412277,0.008491,0.938869,0.010086,0.344024,-4.67896,2.224209,-14.235955,-0.022816,0.822541,0.017371,0.567983,12.433339,1.900985,36.24984
187,1.558333,-0.038617,0.872198,0.043224,0.485706,0.855733,87.856606,19.059679,-0.02423,0.868357,0.123504,0.479703,-0.012752,95.745323,19.360575,-0.004463,0.87301,0.079613,0.481139,-3.020425,113.883438,22.942858,0.124257,0.93169,-0.060427,0.335951,-4.934376,136.27179,25.997675,0.090771,0.967239,-0.18355,0.150064,0.334655,150.331207,24.074957,-0.042595,0.825793,0.140904,0.544425,-7.140066,131.078522,22.329557,0.342075,-0.599902,0.175248,-0.701705,-13.881941,132.466278,7.108153,0.248229,-0.026759,-0.357328,-0.89999,-8.488909,116.288757,-10.68733,0.287842,0.127023,-0.529932,-0.787518,9.858832,131.839508,-16.256117,-0.060451,0.921092,0.187773,0.335674,-2.980935,130.545486,28.84193,0.398454,0.861324,0.220372,-0.22537,9.837731,130.299911,39.551338,0.04957,0.217025,0.530447,-0.817966,24.154831,115.83049,25.654135,0.115271,0.003469,0.589234,-0.79969,15.271993,137.742966,15.099466,0.036428,0.871057,0.155805,0.46439,-4.231037,87.610832,10.821191,0.139012,0.932542,-0.017578,0.332764,-1.30026,53.385376,-0.190412,0.008592,0.93886,0.010199,0.344039,-14.007961,8.329451,-2.991713,-0.048282,0.851614,-0.03601,0.520697,5.942503,88.102379,27.298168,0.022921,0.831252,-0.144201,0.536377,7.556215,52.291607,31.324398,-0.022657,0.822606,0.017454,0.567891,-1.485514,7.393819,41.41423,0.008592,0.93886,0.010199,0.344039,-4.677435,2.228483,-14.235476,-0.022657,0.822606,0.017454,0.567891,12.436206,1.89962,36.246811
188,1.566667,-0.038557,0.872182,0.043317,0.485731,0.857965,87.855179,19.060974,-0.024196,0.868343,0.123472,0.47974,-0.010417,95.743843,19.3636,-0.004452,0.872981,0.079797,0.481163,-3.016818,113.883759,22.945663,0.12435,0.931792,-0.059944,0.335719,-4.934441,136.270782,26.007895,0.090154,0.967453,-0.183233,0.14944,0.331789,150.332977,24.097769,-0.042613,0.825655,0.141067,0.544591,-7.139082,131.078415,22.337883,0.341847,-0.599694,0.175062,-0.702041,-13.874869,132.469635,7.114096,0.24795,-0.026085,-0.357469,-0.900031,-8.466285,116.305908,-10.689208,0.287634,0.127711,-0.530055,-0.7874,9.87807,131.872147,-16.224808,-0.060557,0.921087,0.188089,0.335492,-2.980301,130.543823,28.850353,0.398105,0.861342,0.220734,-0.225564,9.842032,130.299133,39.555393,0.048813,0.216825,0.530366,-0.818117,24.16851,115.850304,25.646412,0.114498,0.003179,0.589085,-0.799912,15.277025,137.771835,15.119841,0.036439,0.871046,0.155812,0.464407,-4.228426,87.611328,10.822193,0.139008,0.932531,-0.017596,0.332797,-1.297921,53.386097,-0.190158,0.008728,0.938862,0.010206,0.344032,-14.005748,8.330125,-2.99017,-0.048353,0.851673,-0.036006,0.520594,5.944355,88.09903,27.299755,0.023038,0.831332,-0.144254,0.536235,7.563028,52.288715,31.328133,-0.022456,0.822614,0.017603,0.567884,-1.488729,7.392845,41.417538,0.008728,0.938862,0.010206,0.344032,-4.676944,2.228016,-14.234745,-0.022456,0.822614,0.017603,0.567884,12.431916,1.898823,36.247028
189,1.575,-0.038546,0.872219,0.043315,0.485667,0.859934,87.853691,19.063175,-0.024103,0.868354,0.12341,0.479741,-0.008242,95.742378,19.365919,-0.004419,0.87296,0.079951,0.481175,-3.010805,113.884583,22.947971,0.124248,0.931921,-0.059247,0.335524,-4.93053,136.270493,26.01693,0.089623,0.967611,-0.183119,0.148879,0.325762,150.338654,24.123482,-0.043345,0.824727,0.14222,0.545637,-7.134578,131.079041,22.345263,0.341518,-0.599984,0.175245,-0.701907,-13.830145,132.477386,7.104397,0.247322,-0.025308,-0.357681,-0.900142,-8.441906,116.313339,-10.704771,0.287246,0.128367,-0.529988,-0.78748,9.894951,131.899582,-16.196896,-0.060423,0.921083,0.188275,0.335423,-2.975981,130.542847,28.857719,0.397872,0.861308,0.220923,-0.22592,9.848433,130.292374,39.560135,0.047976,0.216608,0.530471,-0.818157,24.176155,115.860107,25.63526,0.11375,0.002605,0.588908,-0.800151,15.28395,137.800949,15.138343,0.036492,0.871055,0.155855,0.464371,-4.227683,87.609932,10.825149,0.138964,0.932127,-0.017806,0.333934,-1.299494,53.385948,-0.191679,0.008607,0.938864,0.010163,0.344031,-14.006618,8.329519,-2.987446,-0.048265,0.851655,-0.035973,0.520635,5.947551,88.09745,27.301201,0.022988,0.831294,-0.14427,0.53629,7.561918,52.286362,31.324348,-0.021175,0.82246,0.018234,0.568136,-1.487472,7.390719,41.416889,0.008607,0.938864,0.010163,0.344031,-4.676619,2.227407,-14.231025,-0.021175,0.82246,0.018234,0.568136,12.428198,1.890309,36.239792
190,1.583333,-0.03849,0.872239,0.043322,0.485635,0.860658,87.853943,19.063934,-0.024083,0.868358,0.123398,0.479737,-0.006799,95.742683,19.367249,-0.004387,0.872943,0.080114,0.481179,-3.008835,113.887177,22.949713,0.124217,0.932025,-0.058887,0.335308,-4.930868,136.271927,26.025734,0.089161,0.967789,-0.182798,0.148391,0.320492,150.343018,24.140339,-0.04332,0.824611,0.142271,0.545801,-7.134332,131.081421,22.352386,0.341193,-0.599819,0.175269,-0.7022,-13.823978,132.48233,7.109159,0.246982,-0.02479,-0.357712,-0.900237,-8.426378,116.327286,-10.705347,0.28695,0.129055,-0.529862,-0.78756,9.910757,131.923401,-16.168953,-0.06004,0.921123,0.188383,0.335321,-2.97579,130.543579,28.864742,0.397426,0.861405,0.221082,-0.226181,9.852443,130.280823,39.562283,0.047021,0.216458,0.530365,-0.81832,24.191841,115.870201,25.627014,0.112995,0.002022,0.588061,-0.800882,15.290305,137.822647,15.160847,0.036389,0.871041,0.155916,0.464385,-4.227653,87.61116,10.82631,0.139037,0.932485,-0.017643,0.332909,-1.290703,53.388012,-0.190821,0.008789,0.938877,0.010081,0.343992,-14.002119,8.33295,-2.989222,-0.048311,0.851721,-0.035973,0.520522,5.94897,88.096733,27.301559,0.023052,0.831339,-0.14427,0.536218,7.566637,52.285957,31.326221,-0.022659,0.822531,0.017563,0.567997,-1.486835,7.390592,41.416328,0.008789,0.938877,0.010081,0.343992,-4.675545,2.22681,-14.233457,-0.022659,0.822531,0.017563,0.567997,12.436889,1.899101,36.251427
191,1.591667,-0.038461,0.87229,0.04328,0.485548,0.862326,87.854996,19.066439,-0.024064,0.868369,0.123352,0.47973,-0.004371,95.743828,19.369484,-0.004342,0.87293,0.080253,0.48118,-3.005024,113.889359,22.950966,0.124217,0.932125,-0.058257,0.335142,-4.9283,136.273117,26.033466,0.088619,0.967941,-0.182658,0.147899,0.31663,150.34874,24.164173,-0.043267,0.824536,0.14234,0.545901,-7.131458,131.083542,22.358601,0.341037,-0.599679,0.175242,-0.702402,-13.817644,132.487747,7.114152,0.246895,-0.024246,-0.357775,-0.900251,-8.411302,116.338852,-10.703282,0.286978,0.129703,-0.529769,-0.787506,9.925355,131.945084,-16.142076,-0.060207,0.921074,0.188758,0.335215,-2.972925,130.544037,28.870827,0.397271,0.861396,0.22137,-0.226204,9.857026,130.282791,39.566345,0.046638,0.216347,0.530456,-0.818312,24.201988,115.88237,25.626247,0.11235,0.000816,0.587262,-0.801561,15.304077,137.84021,15.176496,0.036481,0.871063,0.155913,0.464338,-4.227653,87.61219,10.829843,0.138978,0.932133,-0.017804,0.333911,-1.297203,53.389454,-0.19025,0.009007,0.938846,0.010082,0.344072,-14.005545,8.333391,-2.986365,-0.048232,0.851672,-0.035889,0.520615,5.952305,88.097794,27.303034,0.022975,0.831188,-0.14432,0.536442,7.567893,52.286041,31.31975,-0.022564,0.822501,0.017564,0.568045,-1.484814,7.391697,41.41507,0.009007,0.938846,0.010082,0.344072,-4.679605,2.225111,-14.229963,-0.022564,0.822501,0.017564,0.568045,12.438632,1.898634,36.251083
192,1.6,-0.038479,0.872311,0.043343,0.485505,0.86716,87.857056,19.066685,-0.024228,0.868389,0.123553,0.479634,-0.000258,95.745781,19.370502,-0.00434,0.872987,0.080377,0.481055,-3.00987,113.89164,22.956255,0.124204,0.932218,-0.058626,0.334821,-4.935317,136.27449,26.043915,0.088392,0.968138,-0.181978,0.147579,0.311533,150.347733,24.162134,-0.043164,0.824303,0.142421,0.546239,-7.13879,131.085388,22.368584,0.340946,-0.599523,0.175217,-0.702586,-13.812918,132.49585,7.119432,0.246979,-0.023756,-0.357752,-0.90025,-8.396931,116.351555,-10.699236,0.287154,0.130271,-0.52972,-0.787381,9.941234,131.962204,-16.117304,-0.060013,0.921148,0.188927,0.334951,-2.978384,130.545105,28.879547,0.396771,0.861554,0.221462,-0.226391,9.858249,130.277786,39.566898,0.045971,0.216256,0.530279,-0.818489,24.218613,115.898598,25.620752,0.111924,0.000369,0.58682,-0.801944,15.30829,137.862976,15.190908,0.036486,0.871112,0.155896,0.464251,-4.223617,87.614487,10.830577,0.138993,0.932169,-0.0178,0.333804,-1.295105,53.391411,-0.188977,0.008769,0.938862,0.010076,0.344035,-14.004895,8.335712,-2.98444,-0.048151,0.851665,-0.035967,0.520629,5.957937,88.099625,27.302795,0.022951,0.83117,-0.144151,0.536517,7.565562,52.287708,31.321331,-0.022744,0.822361,0.01756,0.56824,-1.477733,7.388693,41.404324,0.008769,0.938862,0.010076,0.344035,-4.677077,2.229611,-14.227665,-0.022744,0.822361,0.01756,0.56824,12.449825,1.898666,36.248207
193,1.608333,-0.038458,0.872357,0.043425,0.485417,0.86872,87.859161,19.065962,-0.024121,0.868375,0.123313,0.479726,0.000987,95.747795,19.371161,-0.004321,0.872891,0.080709,0.481174,-3.000381,113.890961,22.94985,0.124067,0.932309,-0.05831,0.334674,-4.932765,136.271393,26.050714,0.088014,0.968296,-0.181646,0.147176,0.306917,150.348145,24.175169,-0.043061,0.824282,0.14257,0.546241,-7.133756,131.083954,22.37154,0.340782,-0.599424,0.175231,-0.702746,-13.808125,132.500015,7.123017,0.2469,-0.023299,-0.357703,-0.900303,-8.386539,116.360352,-10.698144,0.287157,0.130813,-0.529403,-0.787503,9.954244,131.975281,-16.093901,-0.060279,0.921094,0.189324,0.334827,-2.975126,130.540787,28.883398,0.396557,0.861559,0.22171,-0.226504,9.863198,130.277908,39.568821,0.045561,0.216116,0.530221,-0.818587,24.229393,115.911713,25.615299,0.11158,4.1e-05,0.586144,-0.802487,15.312672,137.881393,15.201637,0.036473,0.8711,0.155867,0.464285,-4.22374,87.617599,10.830865,0.138993,0.932206,-0.017767,0.333702,-1.295006,53.39378,-0.186343,0.008545,0.938882,0.009984,0.343987,-14.00409,8.337975,-2.983223,-0.048216,0.851735,-0.035918,0.520512,5.96118,88.100723,27.301058,0.023047,0.831152,-0.144357,0.536485,7.575171,52.289001,31.318754,-0.022779,0.822453,0.017484,0.568107,-1.485466,7.395974,41.412811,0.008545,0.938882,0.009984,0.343987,-4.675221,2.231574,-14.22541,-0.022779,0.822453,0.017484,0.568107,12.440276,1.904628,36.253201
194,1.616667,-0.038377,0.872366,0.04341,0.485407,0.866665,87.862457,19.066399,-0.024032,0.868403,0.123277,0.479689,0.000174,95.751213,19.372025,-0.004264,0.872911,0.080872,0.481111,-2.997154,113.892937,22.950922,0.123952,0.932456,-0.057977,0.334365,-4.930581,136.272202,26.059589,0.087703,0.968456,-0.181413,0.146598,0.301796,150.352448,24.189861,-0.043091,0.824225,0.14277,0.546272,-7.131746,131.085846,22.378979,0.340523,-0.599287,0.175327,-0.702965,-13.804889,132.504959,7.130198,0.246734,-0.022992,-0.357654,-0.900376,-8.376859,116.370056,-10.693315,0.287174,0.131018,-0.529203,-0.787597,9.966699,131.988312,-16.072113,-0.060383,0.921082,0.189531,0.334724,-2.972164,130.540771,28.890068,0.396366,0.861591,0.22171,-0.226714,9.868068,130.279404,39.573235,0.04529,0.215981,0.530141,-0.818689,24.237038,115.922951,25.61253,0.111501,-0.000129,0.585835,-0.802723,15.312571,137.896301,15.210698,0.036442,0.871113,0.155841,0.464271,-4.226092,87.622108,10.83145,0.138978,0.93222,-0.017737,0.333671,-1.296498,53.397549,-0.183217,0.008804,0.938879,0.01001,0.343989,-14.00351,8.341268,-2.981903,-0.048236,0.85165,-0.035829,0.520655,5.959422,88.102798,27.301348,0.023024,0.831111,-0.144416,0.536533,7.577298,52.29076,31.314629,-0.022728,0.82247,0.017445,0.568087,-1.485083,7.399234,41.413792,0.008804,0.938879,0.01001,0.343989,-4.677484,2.233043,-14.225464,-0.022728,0.82247,0.017445,0.568087,12.439691,1.906071,36.253498
195,1.625,-0.038322,0.872407,0.04344,0.485336,0.868775,87.864403,19.065365,-0.024001,0.868405,0.12331,0.479679,0.002847,95.753189,19.371908,-0.004259,0.872897,0.081015,0.481113,-2.994164,113.895561,22.952639,0.123964,0.932588,-0.057491,0.334078,-4.930509,136.273788,26.066988,0.087421,0.968608,-0.181302,0.145895,0.296688,150.357468,24.208738,-0.043007,0.824191,0.142829,0.546314,-7.13095,131.088089,22.385019,0.340256,-0.599211,0.175422,-0.703135,-13.80278,132.510834,7.136003,0.246712,-0.02264,-0.357505,-0.900451,-8.371884,116.380325,-10.690618,0.287388,0.131235,-0.529088,-0.78756,9.978255,131.998001,-16.051758,-0.060377,0.921079,0.189662,0.334659,-2.971405,130.54187,28.896036,0.396168,0.861604,0.221883,-0.226841,9.870288,130.279251,39.577419,0.045189,0.215855,0.530014,-0.81881,24.244141,115.934288,25.60994,0.111496,-0.000146,0.585581,-0.802909,15.310325,137.905869,15.215674,0.036485,0.871169,0.155801,0.464177,-4.225408,87.625191,10.831265,0.138924,0.932272,-0.0177,0.333551,-1.301026,53.399956,-0.182685,0.008813,0.938893,0.009956,0.343952,-14.002635,8.342138,-2.981211,-0.048211,0.851705,-0.035896,0.520563,5.962958,88.103615,27.299463,0.023017,0.831157,-0.144398,0.536468,7.577203,52.291752,31.315741,-0.022429,0.822528,0.017595,0.568009,-1.482958,7.399705,41.414612,0.008813,0.938893,0.009956,0.343952,-4.677838,2.232342,-14.224933,-0.022429,0.822528,0.017595,0.568009,12.438956,1.905073,36.248177
196,1.633333,-0.03824,0.872457,0.043413,0.485254,0.86859,87.866615,19.064447,-0.023891,0.868424,0.123344,0.47964,0.004036,95.755539,19.371323,-0.004163,0.872906,0.081116,0.48108,-2.989805,113.897278,22.955154,0.123996,0.932713,-0.056803,0.333833,-4.924468,136.274796,26.075623,0.086932,0.968744,-0.181347,0.145228,0.296379,150.363129,24.234896,-0.043028,0.824221,0.142885,0.546253,-7.125542,131.090225,22.392454,0.339954,-0.599224,0.175427,-0.703269,-13.799548,132.513092,7.144408,0.246573,-0.02239,-0.357314,-0.90057,-8.369493,116.389938,-10.689121,0.287424,0.131342,-0.528888,-0.787664,9.988313,132.004745,-16.034636,-0.060502,0.921072,0.189791,0.334583,-2.965496,130.542007,28.902985,0.396113,0.861543,0.222068,-0.22699,9.877399,130.282242,39.582985,0.045343,0.215651,0.529923,-0.818914,24.250082,115.944527,25.606871,0.111581,-0.000219,0.585513,-0.802947,15.307312,137.912506,15.21678,0.036469,0.871231,0.155752,0.464077,-4.227242,87.628426,10.83134,0.13889,0.932225,-0.017672,0.333697,-1.304789,53.402,-0.17944,0.008904,0.938881,0.009978,0.343982,-14.002204,8.343214,-2.981344,-0.048213,0.851777,-0.035988,0.520439,5.964422,88.104805,27.297556,0.023078,0.831221,-0.144372,0.536374,7.575937,52.293438,31.319349,-0.022827,0.822475,0.017375,0.568077,-1.486492,7.400936,41.414158,0.008904,0.938881,0.009978,0.343982,-4.677675,2.233111,-14.225122,-0.022827,0.822475,0.017375,0.568077,12.438663,1.90776,36.254913
197,1.641667,-0.038209,0.872511,0.043421,0.48516,0.869608,87.868515,19.06366,-0.023664,0.868459,0.123361,0.479585,0.005451,95.757462,19.370981,-0.00432,0.872901,0.081219,0.48107,-2.980672,113.897087,22.959167,0.123999,0.932809,-0.056486,0.333619,-4.923756,136.273773,26.080292,0.086635,0.968886,-0.18114,0.144713,0.293481,150.364395,24.246826,-0.042876,0.824253,0.143,0.546186,-7.122845,131.088501,22.396942,0.339668,-0.599192,0.175511,-0.703414,-13.799747,132.517258,7.150711,0.24651,-0.022204,-0.357074,-0.900688,-8.369276,116.398933,-10.687049,0.287471,0.131544,-0.528619,-0.787794,9.997284,132.007355,-16.020329,-0.06059,0.921075,0.189955,0.334465,-2.962669,130.541641,28.907501,0.395947,0.861637,0.221735,-0.227249,9.882493,130.283539,39.58482,0.0453,0.215666,0.529722,-0.819042,24.255848,115.950134,25.604973,0.111694,-7.3e-05,0.585426,-0.802995,15.30184,137.914963,15.213776,0.036425,0.871304,0.155733,0.463951,-4.228053,87.630798,10.831668,0.138901,0.932286,-0.017614,0.333525,-1.305109,53.403725,-0.176962,0.008754,0.938912,0.009841,0.343904,-14.002159,8.345026,-2.981946,-0.048088,0.85185,-0.036128,0.52032,5.967268,88.106224,27.295649,0.022913,0.831217,-0.144172,0.53644,7.566422,52.29472,31.321133,-0.022512,0.822445,0.017626,0.568125,-1.473996,7.396099,41.408443,0.008754,0.938912,0.009841,0.343904,-4.678339,2.232646,-14.225073,-0.022512,0.822445,0.017626,0.568125,12.450346,1.903674,36.246212
198,1.65,-0.037849,0.872592,0.043247,0.485058,0.857385,87.875832,19.064287,-0.023524,0.868516,0.123298,0.479504,-0.000418,95.765457,19.372093,-0.004234,0.872945,0.081365,0.480967,-2.979486,113.89959,22.959858,0.123973,0.932952,-0.05617,0.333282,-4.921974,136.275238,26.088806,0.086335,0.969039,-0.180955,0.144099,0.290466,150.368423,24.261402,-0.04284,0.824235,0.143032,0.546208,-7.121906,131.091156,22.404272,0.339396,-0.59922,0.175608,-0.703496,-13.798088,132.521637,7.157886,0.246425,-0.02205,-0.356852,-0.900802,-8.370975,116.406761,-10.684022,0.287546,0.13161,-0.528317,-0.787958,10.003629,132.009247,-16.00635,-0.060674,0.921137,0.190119,0.334186,-2.960176,130.542191,28.913666,0.395891,0.861651,0.221569,-0.227453,9.890889,130.286743,39.583946,0.04545,0.215518,0.529575,-0.819168,24.261866,115.955818,25.599094,0.111949,-2.4e-05,0.58538,-0.802993,15.296093,137.917343,15.208602,0.036318,0.871284,0.155699,0.464008,-4.242717,87.642433,10.833685,0.138809,0.93235,-0.017492,0.333391,-1.313457,53.414047,-0.169174,0.008958,0.938918,0.009699,0.343888,-13.99929,8.35256,-2.980094,-0.048237,0.851878,-0.036046,0.520268,5.957488,88.10923,27.294891,0.023027,0.83119,-0.144286,0.536446,7.56909,52.298325,31.320772,-0.022692,0.822421,0.017399,0.56816,-1.485994,7.403287,41.410889,0.008958,0.938918,0.009699,0.343888,-4.678861,2.234284,-14.222829,-0.022692,0.822421,0.017399,0.56816,12.43908,1.908436,36.253201
199,1.658333,-0.037833,0.872652,0.043269,0.484949,0.859473,87.878494,19.06319,-0.023449,0.868553,0.123326,0.479433,0.001756,95.768105,19.371529,-0.00431,0.872959,0.08155,0.480909,-2.974973,113.901505,22.96166,0.124009,0.933032,-0.056201,0.333038,-4.924305,136.275757,26.096348,0.086072,0.969189,-0.180597,0.143701,0.288526,150.368515,24.266777,-0.042762,0.824213,0.143101,0.54623,-7.122961,131.091888,22.410763,0.339099,-0.599243,0.175725,-0.703591,-13.798586,132.525909,7.164469,0.246332,-0.021927,-0.356589,-0.900935,-8.374825,116.414581,-10.681653,0.287527,0.131779,-0.528081,-0.788094,10.009676,132.009644,-15.993979,-0.060742,0.921197,0.190229,0.333945,-2.960373,130.542633,28.91958,0.395729,0.861776,0.221064,-0.227754,9.895797,130.289703,39.583763,0.045488,0.215589,0.529365,-0.819284,24.266354,115.960861,25.596359,0.11222,6.5e-05,0.585166,-0.803111,15.289807,137.91806,15.20013,0.036293,0.871352,0.155668,0.463892,-4.242704,87.645432,10.833865,0.138811,0.932416,-0.01745,0.333208,-1.314415,53.416218,-0.166675,0.008757,0.938944,0.009641,0.343823,-13.999584,8.354619,-2.97883,-0.048184,0.851886,-0.036112,0.520255,5.961651,88.111565,27.292515,0.02301,0.831121,-0.144283,0.536554,7.567587,52.300632,31.320488,-0.022687,0.822379,0.017453,0.568219,-1.487345,7.405436,41.41003,0.008757,0.938944,0.009641,0.343823,-4.67863,2.236737,-14.221342,-0.022687,0.822379,0.017453,0.568219,12.43875,1.911798,36.253811
200,1.666667,-0.037766,0.872614,0.043144,0.485034,0.862279,87.879387,19.061705,-0.023481,0.86859,0.123418,0.479341,0.006412,95.769241,19.368748,-0.004233,0.873031,0.081714,0.480751,-2.973061,113.904274,22.962053,0.124044,0.933154,-0.055979,0.332721,-4.922323,136.277344,26.105213,0.085731,0.969329,-0.180411,0.143191,0.288308,150.371475,24.279924,-0.042545,0.824233,0.143141,0.546205,-7.122057,131.09465,22.418615,0.339002,-0.59935,0.175722,-0.703547,-13.799191,132.535217,7.173598,0.246362,-0.021913,-0.356289,-0.901046,-8.381705,116.425453,-10.675844,0.287479,0.13187,-0.527649,-0.788386,10.012669,132.008575,-15.984315,-0.060838,0.921265,0.190442,0.33362,-2.957108,130.543335,28.925749,0.395694,0.861776,0.220915,-0.227958,9.905922,130.293182,39.581726,0.04572,0.215488,0.529164,-0.819427,24.273256,115.966331,25.588966,0.112522,0.000233,0.58473,-0.803387,15.283375,137.916794,15.189439,0.036339,0.871424,0.155596,0.463778,-4.238403,87.646362,10.831453,0.138825,0.932446,-0.017428,0.333119,-1.316874,53.415764,-0.16657,0.008848,0.938907,0.009722,0.343919,-14.002836,8.354465,-2.979944,-0.048129,0.851912,-0.036209,0.52021,5.962961,88.112404,27.29196,0.022983,0.831131,-0.144232,0.536554,7.562076,52.30159,31.323675,-0.022709,0.822402,0.017487,0.568185,-1.488193,7.404905,41.410763,0.008848,0.938907,0.009722,0.343919,-4.680279,2.237902,-14.221843,-0.022709,0.822402,0.017487,0.568185,12.437888,1.912477,36.253227
201,1.675,-0.037749,0.872654,0.043164,0.484961,0.862733,87.880913,19.060915,-0.023481,0.868672,0.123649,0.479132,0.006981,95.770767,19.368431,-0.004259,0.87316,0.081739,0.480513,-2.976234,113.906548,22.970375,0.123982,0.933261,-0.056124,0.33242,-4.926222,136.279419,26.114508,0.085534,0.969448,-0.180085,0.142914,0.283005,150.373199,24.282518,-0.042491,0.82416,0.143131,0.546322,-7.127369,131.096466,22.429106,0.338945,-0.599457,0.17565,-0.703501,-13.800398,132.539017,7.182482,0.24631,-0.021947,-0.356074,-0.901144,-8.388,116.432037,-10.671003,0.287299,0.131947,-0.527177,-0.788754,10.01295,132.00621,-15.977285,-0.060796,0.921382,0.190576,0.333227,-2.958882,130.545639,28.934011,0.395503,0.861908,0.220359,-0.228329,9.913072,130.295456,39.579201,0.045738,0.215543,0.528844,-0.819618,24.279503,115.971931,25.582102,0.112776,0.000605,0.58449,-0.803525,15.272779,137.914978,15.177742,0.036367,0.871481,0.155547,0.463684,-4.239345,87.648277,10.831516,0.138783,0.93245,-0.017405,0.333126,-1.322406,53.416721,-0.164767,0.008991,0.938898,0.009749,0.34394,-14.004018,8.354246,-2.978915,-0.04806,0.85193,-0.036231,0.520185,5.964809,88.113541,27.290312,0.022882,0.831104,-0.144243,0.536597,7.558976,52.302372,31.320793,-0.022733,0.822458,0.017482,0.568103,-1.484504,7.405546,41.413353,0.008991,0.938898,0.009749,0.34394,-4.682513,2.237031,-14.22133,-0.022733,0.822458,0.017482,0.568103,12.44075,1.913387,36.253304
202,1.683333,-0.037975,0.872649,0.043305,0.484939,0.874063,87.877602,19.058586,-0.023399,0.868704,0.123399,0.479143,0.014104,95.766991,19.366339,-0.004246,0.873137,0.082013,0.480508,-2.962228,113.906609,22.962061,0.123563,0.933414,-0.055792,0.3322,-4.917653,136.277466,26.117199,0.085411,0.969545,-0.179904,0.142556,0.276374,150.377274,24.288555,-0.042424,0.824356,0.143325,0.545981,-7.117511,131.095795,22.429218,0.33881,-0.599556,0.175677,-0.703476,-13.803164,132.541809,7.188451,0.246252,-0.021929,-0.355841,-0.901253,-8.397085,116.436447,-10.668413,0.287208,0.131979,-0.526867,-0.78899,10.012584,132.002808,-15.970286,-0.060976,0.92134,0.190685,0.333246,-2.948955,130.542755,28.933895,0.3953,0.86205,0.219725,-0.228756,9.921842,130.296677,39.580582,0.045787,0.215701,0.528502,-0.819794,24.28656,115.976524,25.578297,0.113077,0.001139,0.584231,-0.80367,15.263659,137.911362,15.163624,0.036513,0.871591,0.155513,0.463478,-4.228093,87.642464,10.829307,0.138768,0.932386,-0.017483,0.333307,-1.324055,53.410912,-0.170396,0.008939,0.938884,0.009925,0.343975,-14.006329,8.348322,-2.979736,-0.047912,0.852037,-0.036464,0.520008,5.976218,88.112732,27.287865,0.022905,0.83126,-0.144173,0.536373,7.553382,52.301765,31.32678,-0.023415,0.822598,0.017245,0.56788,-1.485687,7.403156,41.415337,0.008939,0.938884,0.009925,0.343975,-4.68261,2.236421,-14.223209,-0.023415,0.822598,0.017245,0.56788,12.44171,1.916782,36.25491
203,1.691667,-0.037939,0.872671,0.043314,0.484902,0.874454,87.878647,19.057098,-0.023384,0.868771,0.123532,0.478989,0.014934,95.768066,19.365282,-0.004276,0.873226,0.082128,0.480326,-2.963026,113.908722,22.966484,0.123587,0.933521,-0.055653,0.331915,-4.921494,136.278702,26.125891,0.085216,0.969642,-0.179808,0.142132,0.270901,150.379395,24.299345,-0.042276,0.824403,0.14319,0.545958,-7.12183,131.097183,22.437984,0.338862,-0.599644,0.175526,-0.703413,-13.808756,132.544647,7.197915,0.246299,-0.022001,-0.355626,-0.901323,-8.405283,116.442062,-10.66224,0.287062,0.131983,-0.526452,-0.789319,10.011458,131.998901,-15.965488,-0.06088,0.921457,0.190704,0.332931,-2.950566,130.54393,28.940905,0.394963,0.862224,0.219318,-0.229071,9.927633,130.296921,39.578609,0.045813,0.215823,0.528052,-0.82005,24.298386,115.986504,25.572565,0.113374,0.001699,0.583678,-0.804029,15.253562,137.908722,15.150157,0.036554,0.871603,0.155486,0.463461,-4.228448,87.64415,10.828265,0.138723,0.932394,-0.017478,0.333304,-1.328124,53.412212,-0.171211,0.00888,0.938905,0.009843,0.343921,-14.006398,8.348433,-2.979476,-0.04787,0.852119,-0.036534,0.519872,5.977356,88.113144,27.285931,0.022938,0.831246,-0.144154,0.536399,7.549982,52.302254,31.327353,-0.023394,0.822549,0.017224,0.567952,-1.491065,7.403273,41.412495,0.00888,0.938905,0.009843,0.343921,-4.683628,2.234898,-14.222842,-0.023394,0.822549,0.017224,0.567952,12.436912,1.916064,36.25452
204,1.7,-0.037931,0.872731,0.043162,0.484808,0.875279,87.882813,19.063499,-0.023384,0.86883,0.123391,0.478918,0.01707,95.772453,19.369745,-0.004229,0.873266,0.082228,0.480237,-2.957098,113.908295,22.965469,0.12322,0.933708,-0.055274,0.331589,-4.915528,136.277542,26.130053,0.085179,0.969746,-0.179681,0.141605,0.262294,150.384171,24.307955,-0.042169,0.824567,0.143197,0.545716,-7.11647,131.096756,22.441484,0.338756,-0.599752,0.175501,-0.703378,-13.812542,132.545929,7.205587,0.246297,-0.02207,-0.355409,-0.901408,-8.415015,116.445816,-10.658601,0.287046,0.131947,-0.526171,-0.789518,10.009005,131.993469,-15.962282,-0.060964,0.921485,0.190754,0.332809,-2.943877,130.542236,28.943447,0.394823,0.862292,0.21895,-0.229407,9.936695,130.298096,39.578358,0.04588,0.215932,0.527741,-0.820218,24.30529,115.991783,25.565905,0.113531,0.002071,0.582875,-0.804589,15.245496,137.905334,15.135391,0.036582,0.871686,0.155574,0.463273,-4.229402,87.646904,10.835807,0.138728,0.932373,-0.017452,0.333363,-1.330216,53.417088,-0.170573,0.008908,0.938871,0.009695,0.344018,-14.007915,8.353347,-2.982087,-0.047708,0.852156,-0.036496,0.51983,5.979961,88.118713,27.291191,0.022835,0.83125,-0.144138,0.536401,7.544305,52.306511,31.324131,-0.023439,0.822574,0.017101,0.567917,-1.487914,7.406655,41.413296,0.008908,0.938871,0.009695,0.344018,-4.68384,2.235415,-14.221987,-0.023439,0.822574,0.017101,0.567917,12.439301,1.917204,36.255638
205,1.708333,-0.037926,0.87276,0.043217,0.484751,0.875419,87.883171,19.062435,-0.023265,0.868887,0.123397,0.478819,0.016886,95.772743,19.369537,-0.004258,0.873316,0.082314,0.48013,-2.95322,113.909508,22.968098,0.123089,0.933821,-0.055134,0.331343,-4.914306,136.278107,26.135679,0.085003,0.969844,-0.179535,0.141227,0.257797,150.386948,24.314426,-0.042056,0.824674,0.143136,0.545579,-7.115319,131.097397,22.447031,0.338871,-0.599965,0.175283,-0.703196,-13.816685,132.547745,7.213572,0.246431,-0.022108,-0.355167,-0.901465,-8.427959,116.44986,-10.655273,0.287,0.131853,-0.525976,-0.789681,10.00447,131.987167,-15.960115,-0.060931,0.921573,0.190828,0.332528,-2.941136,130.54277,28.947964,0.394624,0.86239,0.21858,-0.229735,9.94582,130.298752,39.575142,0.045985,0.215939,0.527333,-0.820473,24.314741,115.998352,25.556976,0.113775,0.002481,0.582141,-0.805085,15.232086,137.902039,15.120586,0.036649,0.871621,0.155606,0.463379,-4.230331,87.647812,10.835389,0.138679,0.9323,-0.017527,0.333582,-1.332957,53.419079,-0.174829,0.008791,0.93887,0.009758,0.344021,-14.008124,8.354306,-2.98118,-0.047674,0.852194,-0.036567,0.519764,5.981169,88.118538,27.289482,0.022816,0.831206,-0.144087,0.536484,7.541018,52.306461,31.325361,-0.022826,0.822463,0.017391,0.568094,-1.488135,7.405129,41.410698,0.008791,0.93887,0.009758,0.344021,-4.682329,2.239243,-14.221213,-0.022826,0.822463,0.017391,0.568094,12.437326,1.912332,36.251862
206,1.716667,-0.037891,0.872784,0.043226,0.484711,0.873958,87.884811,19.062305,-0.023196,0.868953,0.123344,0.478715,0.015855,95.774406,19.369839,-0.004223,0.873383,0.082427,0.479989,-2.950285,113.909622,22.96788,0.122915,0.933963,-0.054853,0.331054,-4.911907,136.27739,26.140961,0.084855,0.96993,-0.179492,0.140776,0.251867,150.389786,24.32369,-0.041218,0.825582,0.1421,0.54454,-7.113732,131.097351,22.451881,0.339322,-0.599668,0.174668,-0.703384,-13.855285,132.545715,7.235974,0.246939,-0.02239,-0.35499,-0.901389,-8.438401,116.459106,-10.634529,0.286999,0.131743,-0.525848,-0.789785,9.997464,131.981461,-15.957996,-0.060994,0.921664,0.190905,0.33222,-2.937449,130.54158,28.951368,0.394384,0.862486,0.218228,-0.230122,9.956082,130.300812,39.570641,0.046264,0.215752,0.526955,-0.820749,24.325552,116.008904,25.544378,0.114222,0.00252,0.581952,-0.805158,15.216917,137.904251,15.104845,0.036642,0.87166,0.155612,0.463304,-4.232603,87.65007,10.835745,0.138665,0.932341,-0.017506,0.333476,-1.335548,53.421421,-0.174836,0.00883,0.938899,0.009686,0.343944,-14.009232,8.356226,-2.9812,-0.047626,0.852206,-0.036611,0.519746,5.980519,88.119545,27.288866,0.022743,0.831228,-0.14406,0.536461,7.535862,52.307381,31.325632,-0.023849,0.822639,0.016961,0.567811,-1.486033,7.405022,41.412907,0.00883,0.938899,0.009686,0.343944,-4.686044,2.238839,-14.222134,-0.023849,0.822639,0.016961,0.567811,12.442848,1.919159,36.255932
207,1.725,-0.037913,0.872812,0.043268,0.484655,0.873081,87.886116,19.061815,-0.023134,0.86907,0.123246,0.478531,0.014365,95.775635,19.369801,-0.004141,0.873491,0.08259,0.479767,-2.947027,113.910461,22.9662,0.122738,0.934107,-0.054655,0.330744,-4.908162,136.277039,26.147959,0.084631,0.970021,-0.179397,0.140408,0.247905,150.392441,24.332199,-0.041094,0.825724,0.142038,0.544349,-7.111597,131.098145,22.458216,0.339262,-0.599794,0.174619,-0.703318,-13.860411,132.547729,7.245651,0.246862,-0.022762,-0.354592,-0.901557,-8.450138,116.463043,-10.628578,0.286361,0.131646,-0.526085,-0.789874,10.001509,131.96843,-15.963359,-0.061091,0.921742,0.191017,0.33192,-2.931992,130.540375,28.955391,0.39404,0.862638,0.217928,-0.230427,9.967799,130.303421,39.567139,0.046627,0.215518,0.52647,-0.821101,24.343735,116.023079,25.535732,0.114968,0.002395,0.580898,-0.805813,15.203765,137.902969,15.093912,0.036666,0.871651,0.155609,0.463321,-4.234501,87.651314,10.835895,0.138661,0.932339,-0.017517,0.333483,-1.338798,53.422726,-0.175241,0.008872,0.93889,0.009682,0.343967,-14.012413,8.35745,-2.980588,-0.047612,0.852315,-0.036686,0.519564,5.980664,88.120926,27.287737,0.022761,0.831368,-0.14409,0.536235,7.533182,52.309055,31.328234,-0.023724,0.822702,0.016999,0.567724,-1.488858,7.40757,41.419262,0.008872,0.93889,0.009682,0.343967,-4.689172,2.239523,-14.22118,-0.023724,0.822702,0.016999,0.567724,12.437987,1.920456,36.258125
208,1.733333,-0.037882,0.872839,0.043287,0.484607,0.871273,87.886063,19.061283,-0.023056,0.869124,0.123271,0.478431,0.012859,95.775589,19.369822,-0.004075,0.873579,0.082622,0.4796,-2.946385,113.912735,22.969242,0.122716,0.934206,-0.054387,0.330517,-4.904974,136.279099,26.154068,0.084322,0.970093,-0.17944,0.140039,0.247263,150.396622,24.343931,-0.041009,0.825813,0.141953,0.544242,-7.110143,131.100723,22.464645,0.339246,-0.599936,0.174686,-0.703188,-13.863087,132.550461,7.253922,0.247037,-0.022751,-0.354717,-0.90146,-8.46233,116.462692,-10.62042,0.287141,0.13136,-0.525686,-0.789904,9.982455,131.969757,-15.958468,-0.061056,0.921844,0.191093,0.331602,-2.928053,130.542023,28.960144,0.393675,0.862814,0.21741,-0.230881,9.978935,130.305389,39.563145,0.046774,0.215372,0.525956,-0.821461,24.358732,116.03614,25.524395,0.115389,0.002292,0.579947,-0.806438,15.187697,137.902039,15.082286,0.036672,0.871638,0.155632,0.463338,-4.237247,87.651901,10.835924,0.138651,0.932379,-0.017499,0.333376,-1.340942,53.423859,-0.176736,0.009052,0.938861,0.009667,0.344042,-14.013523,8.358279,-2.981859,-0.047571,0.852412,-0.036723,0.519405,5.979793,88.120216,27.286642,0.022748,0.831315,-0.144028,0.536334,7.529171,52.308262,31.327597,-0.02367,0.822641,0.017021,0.567813,-1.489913,7.40504,41.413528,0.009052,0.938861,0.009667,0.344042,-4.690671,2.238163,-14.221584,-0.02367,0.822641,0.017021,0.567813,12.43768,1.917577,36.25478
209,1.741667,-0.037854,0.87285,0.043296,0.484587,0.869529,87.885529,19.060762,-0.023044,0.869194,0.123378,0.478277,0.011442,95.77507,19.369673,-0.004063,0.873678,0.082682,0.479411,-2.949605,113.916847,22.974361,0.122754,0.934301,-0.054279,0.330253,-4.90836,136.282761,26.162231,0.084124,0.970164,-0.179454,0.139648,0.242972,150.400833,24.353657,-0.040913,0.825833,0.141811,0.544257,-7.114752,131.104599,22.473238,0.33926,-0.600051,0.174722,-0.703075,-13.867428,132.554443,7.262407,0.246953,-0.023221,-0.35439,-0.9016,-8.474101,116.464081,-10.611839,0.286436,0.131177,-0.526055,-0.789945,9.983045,131.955078,-15.966058,-0.061017,0.922048,0.191463,0.330828,-2.929849,130.545547,28.966894,0.393311,0.863029,0.216773,-0.231295,9.994445,130.30896,39.548798,0.046807,0.215073,0.525381,-0.821905,24.378904,116.048195,25.50622,0.115741,0.002134,0.579153,-0.806958,15.169193,137.903793,15.071547,0.036623,0.871703,0.155615,0.463225,-4.23941,87.651917,10.835648,0.138656,0.932362,-0.017466,0.333422,-1.342015,53.423237,-0.174759,0.008791,0.938884,0.009614,0.343987,-14.013789,8.357659,-2.983532,-0.047573,0.852507,-0.036697,0.519252,5.978469,88.119141,27.285877,0.022729,0.831439,-0.14412,0.536117,7.529687,52.307068,31.325069,-0.023543,0.822746,0.017036,0.567666,-1.489932,7.406268,41.421284,0.008791,0.938884,0.009614,0.343987,-4.689447,2.238656,-14.222625,-0.023543,0.822746,0.017036,0.567666,12.434725,1.91695,36.25658
210,1.75,-0.037816,0.872886,0.043272,0.484529,0.866466,87.884613,19.060862,-0.022883,0.869275,0.123242,0.478172,0.009112,95.774246,19.369783,-0.003945,0.873745,0.082662,0.479293,-2.943709,113.916824,22.973221,0.12266,0.934433,-0.053443,0.330051,-4.896909,136.282928,26.163132,0.083771,0.97021,-0.179775,0.139123,0.243522,150.407593,24.375261,-0.040789,0.82607,0.141869,0.543891,-7.105439,131.105469,22.474434,0.33925,-0.600184,0.174842,-0.702936,-13.871755,132.557724,7.269903,0.247041,-0.023425,-0.35428,-0.901614,-8.488375,116.462479,-10.602933,0.286574,0.130903,-0.526126,-0.789893,9.972808,131.946793,-15.966632,-0.061147,0.922041,0.191594,0.330747,-2.918776,130.54512,28.966845,0.392872,0.863203,0.216321,-0.231815,10.006763,130.31163,39.547291,0.046884,0.214892,0.524809,-0.822313,24.396362,116.066536,25.494066,0.116031,0.002082,0.578318,-0.807515,15.151885,137.907501,15.062356,0.036647,0.871722,0.155669,0.463168,-4.243622,87.651344,10.836453,0.138593,0.932355,-0.017488,0.333466,-1.346668,53.423988,-0.178192,0.008587,0.938913,0.009539,0.343915,-14.013636,8.356852,-2.983683,-0.047591,0.852609,-0.036681,0.519083,5.976553,88.117889,27.285273,0.022776,0.831459,-0.144103,0.53609,7.530273,52.305855,31.323809,-0.022895,0.822583,0.017263,0.567922,-1.491778,7.40478,41.416653,0.008587,0.938913,0.009539,0.343915,-4.688966,2.237797,-14.222477,-0.022895,0.822583,0.017263,0.567922,12.431379,1.909986,36.253746
211,1.758333,-0.037874,0.872902,0.043342,0.484488,0.86656,87.884171,19.05994,-0.022777,0.869349,0.123249,0.478041,0.007881,95.773628,19.369432,-0.003989,0.873823,0.082705,0.479142,-2.941278,113.917587,22.975698,0.122389,0.934545,-0.053306,0.329856,-4.896594,136.283356,26.166689,0.083727,0.970252,-0.179723,0.138927,0.234541,150.411362,24.378529,-0.040633,0.826185,0.141786,0.54375,-7.105614,131.105652,22.478628,0.33954,-0.60031,0.174739,-0.702714,-13.877481,132.559875,7.276755,0.247319,-0.023578,-0.354253,-0.901545,-8.499774,116.459419,-10.593094,0.286749,0.130657,-0.526185,-0.789831,9.961385,131.938614,-15.967878,-0.061244,0.922175,0.192003,0.330117,-2.916715,130.545776,28.969633,0.392268,0.86355,0.215406,-0.232394,10.022344,130.315048,39.533604,0.046308,0.214819,0.52398,-0.822893,24.422083,116.084633,25.475899,0.115965,0.002748,0.577261,-0.808278,15.12892,137.917358,15.056184,0.036642,0.871803,0.155652,0.463022,-4.244214,87.650536,10.835968,0.138598,0.93237,-0.01746,0.333424,-1.349332,53.422798,-0.177996,0.008699,0.938887,0.009615,0.343982,-14.015942,8.355689,-2.985511,-0.047582,0.852646,-0.036679,0.519024,5.977333,88.117805,27.283913,0.02277,0.831489,-0.144146,0.536032,7.530841,52.305691,31.321896,-0.023643,0.822781,0.016877,0.567616,-1.492164,7.405761,41.418953,0.008699,0.938887,0.009615,0.343982,-4.690637,2.237603,-14.224301,-0.023643,0.822781,0.016877,0.567616,12.431815,1.914242,36.25478
212,1.766667,-0.037868,0.872952,0.043397,0.484394,0.86284,87.884438,19.059267,-0.022655,0.869417,0.123201,0.477936,0.003856,95.773827,19.369652,-0.003925,0.873892,0.082771,0.479006,-2.940492,113.921295,22.97752,0.122636,0.934579,-0.052987,0.329719,-4.894223,136.286591,26.172812,0.083347,0.970295,-0.179919,0.1386,0.240237,150.414703,24.394979,-0.040676,0.82619,0.142064,0.543667,-7.104537,131.109543,22.484591,0.339638,-0.600501,0.174836,-0.702479,-13.879299,132.567245,7.284339,0.247475,-0.023844,-0.354145,-0.901537,-8.514595,116.459343,-10.582715,0.286868,0.13043,-0.526163,-0.789841,9.94907,131.929642,-15.970588,-0.061288,0.922278,0.192189,0.329713,-2.913613,130.548492,28.974188,0.391943,0.86359,0.215584,-0.23263,10.034169,130.319885,39.527512,0.04633,0.214486,0.523513,-0.823276,24.441034,116.107071,25.459307,0.115961,0.002746,0.576345,-0.808933,15.115911,137.928879,15.051004,0.036653,0.871767,0.155677,0.46308,-4.249701,87.651299,10.836376,0.138552,0.932417,-0.017418,0.333314,-1.353914,53.424175,-0.179254,0.008588,0.938889,0.009575,0.34398,-14.015675,8.355752,-2.987485,-0.047624,0.852674,-0.036653,0.518975,5.97538,88.117577,27.282154,0.022799,0.831527,-0.144168,0.535965,7.532669,52.305614,31.320005,-0.023615,0.82274,0.016874,0.567676,-1.492926,7.406411,41.417999,0.008588,0.938889,0.009575,0.34398,-4.689301,2.237658,-14.225389,-0.023615,0.82274,0.016874,0.567676,12.43154,1.914388,36.255665
213,1.775,-0.037873,0.872984,0.043438,0.484332,0.860335,87.884972,19.058374,-0.022629,0.869517,0.123156,0.477766,0.000995,95.7743,19.369347,-0.003901,0.873997,0.082926,0.478788,-2.941148,113.922951,22.976971,0.122629,0.934632,-0.052978,0.329573,-4.896475,136.287094,26.179358,0.083173,0.970315,-0.179938,0.13854,0.237203,150.41539,24.40073,-0.040614,0.826248,0.141768,0.543661,-7.107855,131.110748,22.490793,0.3398,-0.60066,0.17474,-0.702288,-13.88301,132.564667,7.290356,0.24758,-0.023996,-0.354149,-0.901503,-8.526074,116.454254,-10.57677,0.286918,0.130217,-0.526207,-0.789828,9.936563,131.921692,-15.973064,-0.06123,0.922451,0.192249,0.329205,-2.91369,130.548508,28.978193,0.391506,0.863684,0.215775,-0.232838,10.045518,130.32106,39.517506,0.045969,0.214294,0.523017,-0.823661,24.464502,116.129433,25.440342,0.115697,0.002943,0.575008,-0.809921,15.108463,137.944443,15.047201,0.03652,0.871793,0.155779,0.463007,-4.253362,87.652054,10.836198,0.138628,0.932819,-0.017262,0.332163,-1.346715,53.426517,-0.181506,0.008714,0.938887,0.009455,0.343985,-14.013569,8.359549,-2.990141,-0.047674,0.852727,-0.036645,0.518884,5.974031,88.117882,27.280548,0.022839,0.831543,-0.144141,0.535946,7.535125,52.306221,31.319633,-0.023639,0.822699,0.016916,0.567733,-1.492037,7.406455,41.4137,0.008714,0.938887,0.009455,0.343985,-4.689104,2.236922,-14.227155,-0.023639,0.822699,0.016916,0.567733,12.433621,1.915876,36.253056
214,1.783333,-0.037857,0.873022,0.043459,0.484264,0.857666,87.884689,19.05798,-0.022505,0.8696,0.123017,0.477656,-0.001591,95.77401,19.369434,-0.003873,0.874064,0.082941,0.478663,-2.936573,113.923119,22.974998,0.122448,0.934697,-0.052737,0.329496,-4.890667,136.28717,26.178831,0.083001,0.970331,-0.179967,0.138496,0.235623,150.418671,24.404482,-0.040414,0.826383,0.142102,0.543383,-7.10318,131.111008,22.490696,0.340021,-0.600778,0.174874,-0.702047,-13.88894,132.574982,7.29596,0.247787,-0.024257,-0.354078,-0.901467,-8.541286,116.453529,-10.563974,0.286973,0.130005,-0.526188,-0.789855,9.922825,131.913452,-15.974498,-0.061326,0.92252,0.192461,0.328869,-2.907159,130.548447,28.97687,0.390854,0.863884,0.215919,-0.233058,10.05904,130.323929,39.507637,0.045477,0.214215,0.522331,-0.824144,24.498123,116.160248,25.422932,0.115162,0.003167,0.573724,-0.810906,15.103973,137.962799,15.043691,0.036603,0.871823,0.15573,0.462961,-4.257338,87.652161,10.836608,0.138512,0.932432,-0.01741,0.333289,-1.358143,53.425957,-0.18101,0.008618,0.938887,0.009546,0.343984,-14.016247,8.356449,-2.988395,-0.047702,0.85275,-0.036608,0.518847,5.972671,88.117218,27.279354,0.022804,0.8316,-0.144209,0.535841,7.5371,52.305561,31.317127,-0.023723,0.822762,0.016855,0.56764,-1.489422,7.407477,41.419247,0.008618,0.938887,0.009546,0.343984,-4.690264,2.237256,-14.226019,-0.023723,0.822762,0.016855,0.56764,12.435476,1.916806,36.256657
215,1.791667,-0.037867,0.873085,0.043431,0.484151,0.853665,87.883469,19.059092,-0.022315,0.869719,0.122977,0.477459,-0.00548,95.77282,19.370193,-0.004008,0.87417,0.082933,0.47847,-2.933251,113.925636,22.979193,0.122447,0.934729,-0.05271,0.32941,-4.891812,136.289688,26.180229,0.082813,0.970358,-0.179911,0.138492,0.233898,150.421432,24.406044,-0.04033,0.82652,0.142095,0.543183,-7.10452,131.11235,22.493855,0.340303,-0.6009,0.174761,-0.701834,-13.897798,132.577423,7.302576,0.247953,-0.024475,-0.354035,-0.901432,-8.555424,116.451279,-10.554719,0.286898,0.129819,-0.526119,-0.789959,9.909285,131.905502,-15.977165,-0.061666,0.92258,0.19281,0.328432,-2.905648,130.551941,28.978365,0.390526,0.863968,0.216073,-0.233153,10.068752,130.33699,39.499237,0.045014,0.214311,0.521829,-0.824463,24.518286,116.188431,25.410038,0.114284,0.0034,0.572201,-0.812104,15.099973,137.98111,15.03779,0.036561,0.871893,0.155803,0.462808,-4.263434,87.650368,10.83904,0.138486,0.932472,-0.017396,0.333188,-1.361051,53.425575,-0.182121,0.00851,0.938904,0.009513,0.343942,-14.016817,8.355355,-2.988509,-0.047745,0.852836,-0.036616,0.5187,5.970764,88.116577,27.279144,0.022866,0.831692,-0.144206,0.535695,7.538178,52.305256,31.318703,-0.022736,0.822688,0.017757,0.56776,-1.491298,7.407379,41.419106,0.00851,0.938904,0.009513,0.343942,-4.690728,2.236333,-14.226139,-0.022736,0.822688,0.017757,0.56776,12.431377,1.921865,36.245041
216,1.8,-0.037836,0.873139,0.04343,0.484057,0.849494,87.882866,19.05946,-0.022287,0.869794,0.12295,0.477332,-0.009175,95.772247,19.37088,-0.003982,0.874259,0.083002,0.478295,-2.935362,113.927414,22.980345,0.122491,0.934751,-0.052824,0.329313,-4.893777,136.290955,26.185036,0.082507,0.970402,-0.179811,0.138494,0.233841,150.421585,24.407494,-0.040237,0.826536,0.14224,0.543127,-7.107681,131.113983,22.498867,0.340447,-0.601024,0.174824,-0.701643,-13.903242,132.583954,7.309085,0.248068,-0.024734,-0.353992,-0.90141,-8.569283,116.450951,-10.544525,0.286896,0.129656,-0.526066,-0.790022,9.895684,131.898987,-15.979748,-0.061721,0.922721,0.193023,0.327901,-2.906222,130.552933,28.981649,0.38971,0.864286,0.215964,-0.23344,10.079599,130.341064,39.48848,0.044334,0.214412,0.521054,-0.824963,24.553886,116.222916,25.394186,0.113545,0.003559,0.571025,-0.813034,15.096261,138.002579,15.032601,0.036413,0.871902,0.155913,0.462766,-4.26942,87.650154,10.840525,0.138539,0.932911,-0.01718,0.331946,-1.354558,53.427059,-0.182594,0.00872,0.938909,0.009453,0.343926,-14.011936,8.357519,-2.992677,-0.04777,0.852895,-0.036591,0.518603,5.968408,88.11557,27.278393,0.022869,0.831802,-0.144244,0.535515,7.538715,52.304291,31.317217,-0.022641,0.822713,0.017714,0.56773,-1.490638,7.407445,41.422302,0.00872,0.938909,0.009453,0.343926,-4.68893,2.234786,-14.230845,-0.022641,0.822713,0.017714,0.56773,12.4305,1.919239,36.246952
217,1.808333,-0.037849,0.873187,0.043487,0.483965,0.847606,87.881836,19.058603,-0.022186,0.869922,0.122993,0.477091,-0.011656,95.771126,19.370792,-0.00406,0.874377,0.083008,0.478078,-2.934832,113.929321,22.984919,0.122487,0.934745,-0.053019,0.329299,-4.895658,136.292786,26.188637,0.082237,0.970413,-0.179693,0.138728,0.233578,150.42215,24.405586,-0.040227,0.826594,0.141938,0.543119,-7.110418,131.115112,22.503971,0.340562,-0.601246,0.174662,-0.701437,-13.906306,132.579773,7.313822,0.248079,-0.024825,-0.353958,-0.901418,-8.582715,116.447006,-10.543099,0.286842,0.12948,-0.525966,-0.790137,9.882439,131.891876,-15.981944,-0.061809,0.922822,0.193296,0.327438,-2.905746,130.555359,28.984785,0.388797,0.864719,0.215418,-0.233863,10.089848,130.34642,39.479591,0.04356,0.214632,0.520309,-0.825417,24.589439,116.25708,25.382465,0.113205,0.003535,0.569389,-0.814229,15.095982,138.026413,15.02841,0.036505,0.871974,0.155857,0.462642,-4.273021,87.649315,10.84073,0.138419,0.932441,-0.017371,0.333305,-1.367377,53.425461,-0.182472,0.008881,0.938874,0.009586,0.344012,-14.016313,8.353427,-2.99057,-0.047775,0.852965,-0.036612,0.518485,5.968234,88.114365,27.276478,0.022873,0.831802,-0.144159,0.535538,7.538671,52.303226,31.31657,-0.021961,0.822507,0.018043,0.568045,-1.487039,7.404092,41.414787,0.008881,0.938874,0.009586,0.344012,-4.692556,2.232768,-14.229245,-0.021961,0.822507,0.018043,0.568045,12.433687,1.912397,36.242023
218,1.816667,-0.037497,0.873284,0.04328,0.483834,0.835141,87.886841,19.06209,-0.022085,0.870007,0.122858,0.476977,-0.017623,95.77684,19.374269,-0.004092,0.874445,0.083062,0.477943,-2.933771,113.931206,22.985229,0.122528,0.934748,-0.053011,0.329275,-4.896552,136.29425,26.190683,0.081944,0.970429,-0.179699,0.138783,0.233663,150.423309,24.408094,-0.040111,0.82669,0.142096,0.54294,-7.111734,131.11647,22.506413,0.340627,-0.601298,0.174808,-0.701324,-13.9144,132.586227,7.319787,0.248091,-0.025136,-0.35391,-0.901425,-8.596416,116.446579,-10.532585,0.286709,0.12933,-0.525866,-0.790276,9.868634,131.88475,-15.984557,-0.061963,0.922946,0.193745,0.326795,-2.905062,130.556946,28.985947,0.387949,0.865052,0.215317,-0.234137,10.103939,130.352249,39.464211,0.043018,0.214413,0.519582,-0.82596,24.629681,116.294441,25.362543,0.113145,0.003541,0.568291,-0.815003,15.09169,138.054993,15.027521,0.036384,0.871929,0.15594,0.462709,-4.288452,87.658157,10.845956,0.138357,0.932539,-0.017258,0.333064,-1.371617,53.435516,-0.178064,0.008982,0.938888,0.009363,0.343978,-14.012483,8.361506,-2.990757,-0.047883,0.852964,-0.03648,0.518486,5.958733,88.115517,27.278223,0.022898,0.831794,-0.144242,0.535527,7.540731,52.304436,31.314234,-0.023787,0.822665,0.017195,0.567768,-1.490997,7.407662,41.417557,0.008982,0.938888,0.009363,0.343978,-4.691695,2.23373,-14.228018,-0.023787,0.822665,0.017195,0.567768,12.438197,1.926419,36.256523
219,1.825,-0.037723,0.873313,0.043428,0.483751,0.837815,87.892868,19.063755,-0.021954,0.870075,0.122721,0.476893,-0.019176,95.782387,19.37632,-0.004258,0.874462,0.083294,0.47787,-2.928649,113.940414,22.985964,0.12264,0.934743,-0.053142,0.329228,-4.902757,136.301666,26.19709,0.081766,0.970441,-0.179758,0.138726,0.231524,150.428879,24.411705,-0.040164,0.826725,0.141953,0.54292,-7.115663,131.123611,22.51182,0.340316,-0.601412,0.17516,-0.70129,-13.918933,132.589142,7.325058,0.247828,-0.02544,-0.353825,-0.901522,-8.613756,116.444946,-10.527006,0.286582,0.129123,-0.525772,-0.790419,9.854728,131.878662,-15.987378,-0.062026,0.923086,0.19415,0.326145,-2.907936,130.564697,28.990725,0.38711,0.865358,0.215453,-0.234267,10.115,130.362045,39.451706,0.042725,0.214192,0.518839,-0.8265,24.669802,116.337135,25.34725,0.112893,0.003041,0.567168,-0.815823,15.086853,138.084152,15.025187,0.03645,0.871981,0.155924,0.462611,-4.287009,87.661659,10.848459,0.138283,0.932583,-0.01722,0.332971,-1.37608,53.439014,-0.177108,0.008609,0.938972,0.009205,0.343762,-14.009743,8.362969,-2.989597,-0.047791,0.852997,-0.036493,0.51844,5.96264,88.124069,27.279049,0.022875,0.831843,-0.144252,0.535449,7.538699,52.312424,31.31234,-0.023307,0.822681,0.01722,0.567764,-1.490722,7.415801,41.418411,0.008609,0.938972,0.009205,0.343762,-4.690458,2.23457,-14.22777,-0.023307,0.822681,0.01722,0.567764,12.434076,1.926956,36.253582
220,1.833333,-0.037812,0.873411,0.043475,0.483563,0.837175,87.89444,19.063442,-0.021985,0.870174,0.122669,0.476724,-0.021341,95.783791,19.376144,-0.004239,0.874549,0.083357,0.477701,-2.930214,113.94249,22.984198,0.122654,0.934784,-0.053131,0.329108,-4.904313,136.303253,26.198616,0.081632,0.970472,-0.179697,0.138668,0.229825,150.430481,24.412857,-0.040188,0.826819,0.14168,0.542846,-7.118347,131.125519,22.513607,0.340421,-0.601586,0.175036,-0.701121,-13.924229,132.584961,7.327432,0.247851,-0.02551,-0.3538,-0.901524,-8.627232,116.440491,-10.526808,0.286521,0.129056,-0.525694,-0.790504,9.841983,131.872238,-15.990416,-0.062261,0.923199,0.194548,0.325544,-2.908109,130.566101,28.990835,0.38612,0.865765,0.215429,-0.234421,10.126932,130.370468,39.436859,0.042403,0.213972,0.517995,-0.827103,24.715904,116.381416,25.332102,0.11302,0.003135,0.566769,-0.816082,15.082666,138.112808,15.023172,0.036445,0.872009,0.155957,0.462547,-4.291031,87.661926,10.850298,0.138285,0.932603,-0.017194,0.332918,-1.379511,53.439987,-0.177303,0.008961,0.938885,0.009279,0.343989,-14.012623,8.363888,-2.99139,-0.047755,0.853033,-0.036557,0.51838,5.96538,88.126953,27.276588,0.022853,0.831841,-0.144206,0.535466,7.537129,52.315392,31.312353,-0.023585,0.822661,0.016996,0.567789,-1.488499,7.417435,41.41584,0.008961,0.938885,0.009279,0.343989,-4.691705,2.233999,-14.227387,-0.023585,0.822661,0.016996,0.567789,12.43784,1.927893,36.255924
221,1.841667,-0.037769,0.873476,0.043457,0.48345,0.83476,87.894585,19.063601,-0.021944,0.870252,0.122604,0.476601,-0.02298,95.784012,19.376511,-0.004318,0.874617,0.08341,0.477565,-2.929088,113.94471,22.983892,0.122623,0.934818,-0.053091,0.329028,-4.906959,136.305054,26.198971,0.081565,0.970481,-0.179707,0.138635,0.225694,150.432831,24.413456,-0.040148,0.826857,0.141885,0.542738,-7.120967,131.126862,22.51458,0.34024,-0.601643,0.175308,-0.701092,-13.930869,132.590576,7.330622,0.247719,-0.025781,-0.353711,-0.901587,-8.641948,116.441368,-10.52172,0.286446,0.128895,-0.52554,-0.79066,9.829095,131.866638,-15.993874,-0.062524,0.923314,0.195071,0.324853,-2.908744,130.568283,28.990587,0.385117,0.866274,0.214877,-0.234696,10.140206,130.379868,39.419357,0.041701,0.21408,0.51712,-0.827658,24.760975,116.420486,25.318125,0.112905,0.003409,0.565703,-0.816836,15.082398,138.13855,15.018302,0.03631,0.872084,0.156024,0.462392,-4.295617,87.662498,10.851801,0.138276,0.933107,-0.016967,0.331517,-1.375269,53.441376,-0.175981,0.008029,0.939047,0.009048,0.343577,-14.004862,8.364332,-2.990617,-0.047745,0.853107,-0.036587,0.518258,5.965138,88.126663,27.275402,0.022847,0.831969,-0.144207,0.535266,7.535765,52.315186,31.312382,-0.02353,0.822658,0.016995,0.567796,-1.486986,7.417232,41.418446,0.008029,0.939047,0.009048,0.343577,-4.68393,2.237345,-14.228183,-0.02353,0.822658,0.016995,0.567796,12.438908,1.926722,36.258362
222,1.85,-0.03769,0.87357,0.043316,0.4833,0.829544,87.894737,19.064615,-0.022028,0.870349,0.122572,0.476427,-0.025969,95.784454,19.376333,-0.004261,0.874734,0.083457,0.477344,-2.934117,113.949059,22.982523,0.122542,0.934877,-0.053175,0.328878,-4.909947,136.309067,26.201218,0.081592,0.970484,-0.179682,0.138633,0.220749,150.437042,24.41157,-0.040219,0.826925,0.141545,0.542718,-7.125925,131.131332,22.517349,0.340443,-0.601861,0.175088,-0.700861,-13.936378,132.586746,7.332831,0.247774,-0.025813,-0.353695,-0.901577,-8.656636,116.437447,-10.522148,0.286403,0.128718,-0.525393,-0.790802,9.814271,131.86084,-15.99631,-0.062708,0.923413,0.19533,0.32438,-2.910415,130.571945,28.991148,0.384101,0.866771,0.214476,-0.234893,10.148022,130.389679,39.408154,0.041171,0.214254,0.516296,-0.828154,24.802734,116.461708,25.311089,0.11279,0.003471,0.564888,-0.817415,15.084091,138.16275,15.014484,0.036304,0.872246,0.156005,0.462095,-4.303776,87.662483,10.854657,0.138167,0.932723,-0.017059,0.332637,-1.387444,53.440899,-0.172774,0.0087,0.93897,0.009212,0.343767,-14.007192,8.361328,-2.991185,-0.047757,0.853124,-0.03656,0.518229,5.962864,88.126991,27.274572,0.022866,0.831981,-0.144209,0.535247,7.535364,52.31546,31.31032,-0.02366,0.822672,0.016868,0.567774,-1.488753,7.417634,41.41576,0.0087,0.93897,0.009212,0.343767,-4.688828,2.232225,-14.229733,-0.02366,0.822672,0.016868,0.567774,12.437312,1.926242,36.257069
223,1.858333,-0.037598,0.873766,0.043583,0.482929,0.820112,87.900841,19.062111,-0.021752,0.870458,0.122425,0.476279,-0.036032,95.790306,19.378593,-0.004448,0.874773,0.083494,0.477264,-2.930755,113.949135,22.983995,0.122241,0.934947,-0.053251,0.32878,-4.91451,136.308792,26.200237,0.081728,0.970493,-0.179583,0.138612,0.208369,150.438873,24.404776,-0.040211,0.826992,0.141697,0.542576,-7.129081,131.129776,22.51733,0.340296,-0.601972,0.175251,-0.700796,-13.944689,132.587387,7.335342,0.247838,-0.025789,-0.353809,-0.901516,-8.674348,116.435501,-10.52008,0.287109,0.128504,-0.524969,-0.790862,9.791614,131.862183,-15.995282,-0.062941,0.923507,0.195633,0.323884,-2.912416,130.572754,28.990578,0.383536,0.866865,0.215327,-0.23469,10.155798,130.397827,39.395435,0.041119,0.213962,0.515751,-0.828571,24.836603,116.499924,25.295839,0.112706,0.003707,0.564089,-0.817978,15.083679,138.18689,15.011168,0.036151,0.872219,0.156014,0.462154,-4.32028,87.672188,10.85648,0.138094,0.932778,-0.016933,0.33252,-1.393271,53.449989,-0.16623,0.008814,0.939,0.008979,0.343688,-14.003186,8.368108,-2.99168,-0.047801,0.853189,-0.036603,0.518115,5.960505,88.129494,27.267742,0.022851,0.83203,-0.144265,0.535156,7.534618,52.318485,31.307518,-0.023588,0.822726,0.016699,0.567702,-1.489984,7.422104,41.418964,0.008814,0.939,0.008979,0.343688,-4.689066,2.231528,-14.229661,-0.023588,0.822726,0.016699,0.567702,12.433482,1.92537,36.258957
224,1.866667,-0.037064,0.873877,0.043302,0.482794,0.796364,87.90686,19.063408,-0.021359,0.870633,0.122178,0.47604,-0.050195,95.79734,19.380238,-0.004617,0.874885,0.083561,0.477046,-2.925399,113.950798,22.983965,0.122164,0.934994,-0.053181,0.328685,-4.916488,136.309875,26.199678,0.081721,0.970476,-0.17967,0.138623,0.203298,150.441147,24.404734,-0.040165,0.827072,0.141776,0.542437,-7.130714,131.129761,22.518124,0.340394,-0.602078,0.175206,-0.700669,-13.951498,132.58931,7.338645,0.247791,-0.026168,-0.353549,-0.90162,-8.686638,116.43541,-10.516574,0.286472,0.128384,-0.52518,-0.790973,9.788813,131.848938,-16.005207,-0.06321,0.923561,0.195853,0.323546,-2.910846,130.574829,28.989468,0.382244,0.867725,0.213509,-0.235281,10.163536,130.408127,39.386715,0.039949,0.214669,0.514783,-0.829048,24.879433,116.534439,25.299877,0.112625,0.004005,0.563184,-0.818611,15.086857,138.212112,15.008992,0.035809,0.87212,0.156138,0.462327,-4.347315,87.68441,10.859663,0.138027,0.933369,-0.01657,0.330903,-1.392474,53.463245,-0.158796,0.008941,0.939099,0.008634,0.343423,-13.990396,8.378506,-2.992134,-0.048043,0.853193,-0.036417,0.518099,5.940042,88.129311,27.267153,0.022807,0.831965,-0.144232,0.535268,7.536055,52.319,31.30452,-0.022446,0.822597,0.017159,0.567923,-1.484884,7.421553,41.414471,0.008941,0.939099,0.008634,0.343423,-4.685621,2.231272,-14.232038,-0.022446,0.822597,0.017159,0.567923,12.433438,1.916576,36.249371
225,1.875,-0.037488,0.87386,0.043542,0.482771,0.813362,87.900375,19.061289,-0.021469,0.870677,0.122214,0.475946,-0.040883,95.790024,19.378199,-0.004713,0.874957,0.083616,0.476902,-2.921702,113.954033,22.983603,0.122071,0.935038,-0.053165,0.328597,-4.91728,136.312637,26.199755,0.081703,0.970475,-0.179705,0.138598,0.199536,150.444839,24.403711,-0.040286,0.827178,0.141606,0.542311,-7.131361,131.131958,22.518911,0.340455,-0.602251,0.175086,-0.70052,-13.956396,132.584351,7.340656,0.248026,-0.025969,-0.353734,-0.901489,-8.699753,116.431137,-10.517611,0.287311,0.128271,-0.524848,-0.790907,9.766897,131.850372,-16.002745,-0.063459,0.923645,0.196105,0.323103,-2.909387,130.578094,28.988976,0.381405,0.868088,0.213514,-0.235301,10.173518,130.419464,39.375626,0.03963,0.21467,0.514068,-0.829506,24.920536,116.575089,25.292469,0.112623,0.004201,0.562551,-0.819045,15.090005,138.237442,15.0066,0.036142,0.872278,0.156038,0.462035,-4.330147,87.672989,10.857574,0.137955,0.932828,-0.016893,0.332438,-1.403301,53.451286,-0.166695,0.008677,0.939013,0.009016,0.343653,-14.000334,8.365687,-2.990247,-0.04786,0.853252,-0.036562,0.518009,5.95687,88.127762,27.265003,0.022858,0.832025,-0.14426,0.535164,7.536648,52.316944,31.30427,-0.02266,0.822533,0.01714,0.568007,-1.488388,7.420471,41.414879,0.008677,0.939013,0.009016,0.343653,-4.68528,2.231446,-14.228736,-0.02266,0.822533,0.01714,0.568007,12.432881,1.918729,36.25428
226,1.883333,-0.036987,0.87398,0.043295,0.482614,0.790882,87.908508,19.063938,-0.021148,0.870811,0.122039,0.47576,-0.054485,95.799088,19.381443,-0.004849,0.87508,0.083627,0.476675,-2.92025,113.960686,22.986727,0.122244,0.93506,-0.053098,0.32848,-4.920619,136.319153,26.200871,0.081563,0.970472,-0.179879,0.138476,0.199885,150.450378,24.407616,-0.040357,0.827244,0.141571,0.542214,-7.135035,131.137344,22.521812,0.340412,-0.602371,0.175164,-0.700418,-13.963373,132.586594,7.344739,0.24806,-0.026167,-0.353657,-0.901504,-8.715217,116.430832,-10.513719,0.2874,0.128105,-0.524812,-0.790925,9.753519,131.84436,-16.007263,-0.063661,0.923752,0.196229,0.322683,-2.909718,130.585556,28.98987,0.380676,0.868479,0.213041,-0.235467,10.181394,130.434799,39.366291,0.038993,0.214946,0.513415,-0.829869,24.951946,116.61055,25.288033,0.112274,0.004546,0.56167,-0.819695,15.092752,138.261108,15.004545,0.035802,0.87219,0.156168,0.462184,-4.356286,87.687073,10.862353,0.137933,0.933365,-0.016544,0.330953,-1.401789,53.466534,-0.158159,0.009166,0.939067,0.008658,0.343503,-13.990654,8.379269,-2.991511,-0.048077,0.85327,-0.036355,0.517975,5.93805,88.129936,27.265522,0.022818,0.831951,-0.144294,0.535273,7.539032,52.319538,31.300127,-0.021621,0.822559,0.017446,0.568001,-1.485862,7.423806,41.414173,0.009166,0.939067,0.008658,0.343503,-4.686476,2.230488,-14.231062,-0.021621,0.822559,0.017446,0.568001,12.427436,1.911764,36.243073
227,1.891667,-0.036711,0.874002,0.042955,0.482626,0.783921,87.901482,19.064465,-0.021089,0.870898,0.121965,0.475622,-0.055027,95.792854,19.379368,-0.004918,0.875161,0.083691,0.476514,-2.918308,113.963737,22.985512,0.122049,0.935133,-0.053,0.328363,-4.922224,136.321686,26.201057,0.08162,0.970449,-0.180026,0.13841,0.191674,150.455292,24.407768,-0.040397,0.827302,0.141515,0.542138,-7.136836,131.139542,22.522604,0.340501,-0.602515,0.17515,-0.700256,-13.96783,132.586227,7.346484,0.248034,-0.026359,-0.353669,-0.9015,-8.72795,116.427299,-10.511546,0.28732,0.12793,-0.524657,-0.791085,9.739036,131.838348,-16.013126,-0.063896,0.923821,0.196338,0.322372,-2.909158,130.588425,28.989178,0.380037,0.868789,0.212695,-0.235666,10.187648,130.445923,39.358528,0.038505,0.215067,0.512909,-0.830173,24.977514,116.641281,25.281307,0.112096,0.004632,0.56109,-0.820117,15.093223,138.285309,15.002283,0.035727,0.87224,0.156241,0.462071,-4.363403,87.681541,10.862939,0.137905,0.933317,-0.016586,0.3311,-1.403199,53.462261,-0.15995,0.009098,0.939054,0.008793,0.343537,-13.990523,8.374396,-2.990679,-0.048194,0.853248,-0.036253,0.518006,5.931245,88.121429,27.265989,0.022877,0.831948,-0.144347,0.53526,7.543131,52.311302,31.298733,-0.020204,0.822444,0.018333,0.568192,-1.488894,7.417276,41.41399,0.009098,0.939054,0.008793,0.343537,-4.684144,2.229958,-14.230782,-0.020204,0.822444,0.018333,0.568192,12.418947,1.902752,36.230877
228,1.9,-0.036645,0.873974,0.042776,0.482697,0.782522,87.900742,19.065603,-0.021014,0.870966,0.121916,0.475513,-0.054163,95.792427,19.378466,-0.00514,0.875243,0.083682,0.476361,-2.915014,113.97226,22.986406,0.122083,0.935156,-0.052785,0.328318,-4.926973,136.33017,26.197142,0.081617,0.970417,-0.180248,0.13835,0.185735,150.464981,24.409828,-0.040411,0.827376,0.141448,0.542041,-7.140627,131.14624,22.520634,0.34068,-0.602613,0.175163,-0.70008,-13.975094,132.590775,7.345873,0.24816,-0.026504,-0.353645,-0.901471,-8.741272,116.425941,-10.508588,0.287382,0.127709,-0.524543,-0.791175,9.726191,131.833466,-16.018518,-0.064023,0.923858,0.196607,0.322076,-2.910727,130.598419,28.986029,0.379377,0.869162,0.212221,-0.23578,10.19192,130.458954,39.348038,0.038117,0.215238,0.51233,-0.830505,25.003841,116.671242,25.277418,0.112299,0.005083,0.560388,-0.820566,15.092439,138.303421,14.998629,0.035781,0.872301,0.156204,0.461964,-4.363582,87.680321,10.863326,0.13781,0.933306,-0.016564,0.331172,-1.409317,53.460495,-0.159467,0.009132,0.939083,0.008905,0.343453,-13.987634,8.370116,-2.990134,-0.048222,0.85335,-0.03621,0.517839,5.928626,88.121155,27.267879,0.022909,0.832098,-0.144368,0.53502,7.544626,52.311005,31.298658,-0.022529,0.82273,0.017249,0.567723,-1.488081,7.417694,41.416477,0.009132,0.939083,0.008905,0.343453,-4.683146,2.228445,-14.233315,-0.022529,0.82273,0.017249,0.567723,12.429071,1.916274,36.244438
229,1.908333,-0.036525,0.874013,0.042739,0.482639,0.777911,87.899033,19.063723,-0.020952,0.871049,0.121954,0.475355,-0.056814,95.790909,19.377056,-0.005222,0.875343,0.083542,0.476202,-2.915636,113.970291,22.98781,0.121652,0.935219,-0.052744,0.328306,-4.927239,136.329239,26.19162,0.081684,0.970371,-0.180299,0.138568,0.173312,150.468002,24.400993,-0.040346,0.827473,0.141453,0.541896,-7.14203,131.143967,22.517679,0.340752,-0.60271,0.175194,-0.699955,-13.981909,132.589569,7.345456,0.248175,-0.026656,-0.353655,-0.901458,-8.754357,116.421005,-10.507457,0.287369,0.127558,-0.524499,-0.791233,9.712807,131.827286,-16.024591,-0.064282,0.923894,0.196792,0.321808,-2.909788,130.598495,28.981745,0.378868,0.869448,0.211642,-0.236066,10.197518,130.466873,39.337963,0.037512,0.215394,0.511963,-0.830718,25.021828,116.691925,25.267893,0.112206,0.005195,0.559636,-0.821091,15.092415,138.324829,14.994677,0.03574,0.872315,0.156222,0.461936,-4.369451,87.680222,10.862189,0.137765,0.933319,-0.016549,0.331153,-1.412351,53.460587,-0.160448,0.009236,0.939078,0.008906,0.343466,-13.98641,8.368999,-2.990791,-0.048302,0.853328,-0.036171,0.517871,5.925273,88.117836,27.265257,0.022928,0.831976,-0.144386,0.535203,7.547512,52.308041,31.296721,-0.020073,0.822438,0.018354,0.568204,-1.489783,7.415295,41.412945,0.009236,0.939078,0.008906,0.343466,-4.682821,2.226368,-14.234194,-0.020073,0.822438,0.018354,0.568204,12.417107,1.899054,36.229095
230,1.916667,-0.03647,0.874045,0.042737,0.482587,0.775766,87.89975,19.062305,-0.020912,0.871101,0.121919,0.475269,-0.058171,95.791695,19.376087,-0.005335,0.875387,0.083599,0.47611,-2.914903,113.972687,22.98694,0.121305,0.935272,-0.052726,0.328286,-4.931864,136.331146,26.190769,0.081828,0.970316,-0.180433,0.138688,0.159015,150.473007,24.39703,-0.040953,0.826855,0.142203,0.542597,-7.145954,131.145233,22.517321,0.340494,-0.603121,0.17573,-0.699592,-13.958779,132.591797,7.333025,0.247854,-0.026664,-0.353752,-0.901508,-8.764915,116.408669,-10.516521,0.287449,0.127338,-0.524586,-0.791181,9.69999,131.821365,-16.030031,-0.064485,0.924,0.197025,0.321322,-2.912372,130.600983,28.980614,0.378341,0.869623,0.211907,-0.236029,10.204503,130.476563,39.324799,0.037425,0.215184,0.511488,-0.831069,25.049364,116.723648,25.254843,0.112349,0.005277,0.559093,-0.821441,15.090582,138.345428,14.990627,0.035725,0.872338,0.156202,0.461899,-4.372649,87.681786,10.861412,0.137725,0.933343,-0.01652,0.331105,-1.415787,53.461628,-0.159646,0.009057,0.939097,0.008856,0.343418,-13.985653,8.368903,-2.990564,-0.048309,0.853362,-0.0362,0.517812,5.924181,88.117714,27.263201,0.022916,0.83205,-0.144388,0.535089,7.546043,52.308113,31.296593,-0.020914,0.822621,0.017448,0.567937,-1.488995,7.415348,41.414753,0.009057,0.939097,0.008856,0.343418,-4.681341,2.226654,-14.233574,-0.020914,0.822621,0.017448,0.567937,12.416867,1.891306,36.236454
231,1.925,-0.037236,0.873992,0.043097,0.482592,0.803015,87.887199,19.060108,-0.021144,0.871111,0.122063,0.475204,-0.044282,95.777756,19.372963,-0.005501,0.875417,0.083618,0.47605,-2.913879,113.97625,22.988314,0.121367,0.935313,-0.052391,0.328198,-4.937629,136.334473,26.189461,0.081884,0.970276,-0.180863,0.138377,0.151585,150.478119,24.404999,-0.041042,0.826871,0.14226,0.542551,-7.150451,131.147385,22.516918,0.340464,-0.603183,0.175918,-0.699505,-13.964712,132.592316,7.33311,0.247847,-0.026837,-0.353772,-0.901497,-8.777851,116.403267,-10.51311,0.287553,0.127107,-0.524632,-0.79115,9.687294,131.81575,-16.034798,-0.06459,0.924091,0.197137,0.32097,-2.916017,130.605331,28.979832,0.377789,0.869861,0.21189,-0.23605,10.207945,130.485458,39.315071,0.037175,0.215177,0.511036,-0.83136,25.072857,116.751755,25.247532,0.11234,0.005253,0.5584,-0.821913,15.089787,138.364929,14.987715,0.036038,0.872539,0.156208,0.461494,-4.344205,87.65966,10.858726,0.137795,0.933157,-0.016791,0.331586,-1.411905,53.441246,-0.174296,0.008959,0.939005,0.00939,0.34366,-13.994692,8.351186,-2.990218,-0.048009,0.853402,-0.036424,0.517758,5.950236,88.114731,27.26149,0.022855,0.831915,-0.144351,0.535311,7.545487,52.304222,31.297375,-0.022384,0.822595,0.016945,0.567934,-1.485643,7.410202,41.413445,0.008959,0.939005,0.00939,0.34366,-4.681103,2.224492,-14.234036,-0.022384,0.822595,0.016945,0.567934,12.430918,1.898966,36.250271
232,1.933333,-0.037221,0.874017,0.043147,0.482543,0.802026,87.890282,19.059679,-0.02111,0.871161,0.122011,0.475127,-0.045418,95.780792,19.3734,-0.005587,0.875455,0.083663,0.47597,-2.912733,113.980255,22.988037,0.12131,0.935328,-0.052323,0.328189,-4.9406,136.338104,26.189259,0.081796,0.97025,-0.181033,0.138392,0.146411,150.482697,24.406029,-0.040548,0.827536,0.141462,0.541783,-7.152944,131.150497,22.517134,0.341045,-0.602988,0.175362,-0.69953,-13.996371,132.590073,7.345943,0.24842,-0.027046,-0.353725,-0.901352,-8.788265,116.405975,-10.498587,0.287715,0.126832,-0.524767,-0.791046,9.676086,131.808914,-16.038256,-0.064551,0.924173,0.197165,0.320724,-2.917345,130.609406,28.979364,0.377428,0.869807,0.213029,-0.2358,10.212067,130.489822,39.307682,0.037282,0.214881,0.510712,-0.831631,25.096231,116.783249,25.234032,0.112226,0.005329,0.557552,-0.822504,15.09169,138.383926,14.984176,0.03605,0.872524,0.156177,0.46153,-4.34612,87.663429,10.858859,0.137738,0.933243,-0.016739,0.331369,-1.415141,53.444386,-0.17258,0.008901,0.939015,0.009399,0.343633,-13.992104,8.352691,-2.988372,-0.047988,0.853308,-0.036422,0.517915,5.950172,88.117142,27.2605,0.022843,0.831908,-0.144374,0.535316,7.543477,52.306473,31.295767,-0.022582,0.822616,0.016828,0.5679,-1.487988,7.413035,41.414146,0.008901,0.939015,0.009399,0.343633,-4.67842,2.22681,-14.232552,-0.022582,0.822616,0.016828,0.5679,12.429287,1.902335,36.252323
233,1.941667,-0.037175,0.874126,0.043244,0.482339,0.796883,87.895676,19.058592,-0.020999,0.87124,0.121844,0.47503,-0.050602,95.78611,19.374201,-0.005676,0.875487,0.08374,0.475898,-2.910184,113.982452,22.98481,0.121141,0.935363,-0.052236,0.328165,-4.942951,136.339676,26.187313,0.08174,0.97023,-0.181152,0.13841,0.138561,150.486298,24.404608,-0.040693,0.827695,0.141161,0.541607,-7.154575,131.151703,22.515274,0.341294,-0.603116,0.175105,-0.699362,-14.00399,132.58075,7.345788,0.248651,-0.026963,-0.353781,-0.901268,-8.799067,116.39743,-10.500349,0.288014,0.126615,-0.524857,-0.790913,9.664336,131.802765,-16.041199,-0.064814,0.92422,0.19738,0.320403,-2.917927,130.611328,28.976879,0.376605,0.870423,0.211352,-0.236353,10.21722,130.499756,39.297997,0.036339,0.215418,0.510136,-0.831887,25.119087,116.803291,25.233246,0.1122,0.005348,0.556869,-0.82297,15.092905,138.402222,14.980189,0.036012,0.872485,0.156124,0.461625,-4.355142,87.670242,10.860169,0.137684,0.933255,-0.016651,0.331364,-1.422378,53.44981,-0.166483,0.008752,0.939047,0.009254,0.343553,-13.991947,8.356428,-2.98822,-0.047972,0.853284,-0.0365,0.517951,5.948908,88.121117,27.257017,0.0228,0.831832,-0.144315,0.535452,7.538157,52.310753,31.296572,-0.022479,0.822561,0.016825,0.567984,-1.488668,7.415536,41.411186,0.008752,0.939047,0.009254,0.343553,-4.67909,2.228035,-14.231716,-0.022479,0.822561,0.016825,0.567984,12.428663,1.903008,36.251469
234,1.95,-0.03716,0.874061,0.043115,0.482471,0.798724,87.894905,19.058929,-0.020981,0.871278,0.121825,0.474968,-0.047608,95.78553,19.372751,-0.005736,0.875556,0.083763,0.475765,-2.906543,113.985596,22.983965,0.121038,0.935414,-0.051838,0.328121,-4.941711,136.342606,26.186377,0.081538,0.970203,-0.181453,0.138321,0.133219,150.492813,24.41334,-0.040711,0.827957,0.14105,0.541235,-7.153627,131.154205,22.515135,0.341615,-0.603142,0.174875,-0.699241,-14.016445,132.578644,7.351274,0.248963,-0.027071,-0.353765,-0.901185,-8.809114,116.394333,-10.493268,0.288184,0.126387,-0.52495,-0.790825,9.653463,131.794861,-16.043716,-0.064986,0.924239,0.197446,0.320273,-2.915027,130.614655,28.975529,0.37627,0.870527,0.211422,-0.236442,10.22216,130.508606,39.294109,0.036183,0.215439,0.50982,-0.832082,25.134394,116.82634,25.226521,0.11203,0.005463,0.556407,-0.823305,15.092486,138.417404,14.975595,0.036075,0.872539,0.156127,0.461519,-4.350859,87.668694,10.858993,0.137671,0.933228,-0.016708,0.331442,-1.423345,53.448643,-0.170251,0.008601,0.939051,0.009296,0.343544,-13.993388,8.355117,-2.987592,-0.047899,0.853311,-0.036525,0.517911,5.948308,88.121117,27.258867,0.022706,0.831791,-0.144286,0.535528,7.532331,52.310371,31.297134,-0.022412,0.822577,0.016963,0.567958,-1.486542,7.413945,41.413471,0.008601,0.939051,0.009296,0.343544,-4.678789,2.229381,-14.231098,-0.022412,0.822577,0.016963,0.567958,12.430698,1.903636,36.251133
235,1.958333,-0.037079,0.874196,0.043156,0.482228,0.791469,87.899094,19.05794,-0.020881,0.871369,0.121646,0.47485,-0.053971,95.789757,19.373178,-0.005843,0.875585,0.083851,0.475695,-2.905425,113.988045,22.980141,0.120961,0.93543,-0.051828,0.328104,-4.94649,136.34433,26.183855,0.081408,0.97021,-0.181446,0.13836,0.126206,150.49527,24.410202,-0.040709,0.828015,0.141056,0.541144,-7.157425,131.155472,22.512669,0.341748,-0.603143,0.175037,-0.699135,-14.023554,132.579559,7.350275,0.249113,-0.027222,-0.353791,-0.901129,-8.819047,116.386604,-10.487252,0.288369,0.12616,-0.524959,-0.790788,9.643128,131.786087,-16.047548,-0.065103,0.924296,0.197542,0.320024,-2.917816,130.616821,28.972473,0.375974,0.870695,0.211283,-0.236416,10.224186,130.515137,39.284962,0.036101,0.215563,0.509617,-0.832178,25.14801,116.840569,25.222183,0.111769,0.004809,0.556046,-0.823588,15.098474,138.425446,14.967641,0.035986,0.872522,0.156067,0.461578,-4.362776,87.674324,10.860894,0.137616,0.933279,-0.016568,0.331328,-1.43092,53.452469,-0.161559,0.008637,0.939052,0.009261,0.343543,-13.992281,8.357093,-2.987978,-0.047869,0.853261,-0.036695,0.517984,5.945714,88.123863,27.254986,0.022579,0.831704,-0.144029,0.535738,7.521203,52.313816,31.302723,-0.022541,0.822445,0.016959,0.568145,-1.477513,7.409909,41.403751,0.008637,0.939052,0.009261,0.343543,-4.678298,2.230043,-14.231274,-0.022541,0.822445,0.016959,0.568145,12.443238,1.901754,36.2486
236,1.966667,-0.037045,0.874213,0.043087,0.482207,0.789017,87.901688,19.058531,-0.020939,0.871381,0.12162,0.474833,-0.055418,95.79248,19.373102,-0.005897,0.875593,0.083872,0.475675,-2.908298,113.991371,22.978354,0.120901,0.935441,-0.051851,0.328092,-4.951902,136.347473,26.181767,0.081265,0.970227,-0.18142,0.138356,0.119318,150.498764,24.406801,-0.040699,0.828119,0.140938,0.541017,-7.162344,131.158279,22.510738,0.341965,-0.603133,0.175038,-0.699036,-14.033071,132.579788,7.350188,0.249313,-0.027289,-0.353804,-0.901067,-8.828022,116.381363,-10.482201,0.288534,0.125919,-0.524989,-0.790746,9.632866,131.77861,-16.04884,-0.065133,0.924355,0.197636,0.319789,-2.922459,130.620239,28.970415,0.375612,0.870862,0.211278,-0.236383,10.224438,130.520157,39.276676,0.035914,0.215641,0.509322,-0.832346,25.162443,116.85762,25.217253,0.111671,0.004836,0.555624,-0.823886,15.098938,138.436493,14.962843,0.035969,0.87255,0.156046,0.461532,-4.365674,87.676826,10.86177,0.137593,0.933296,-0.016529,0.331291,-1.434027,53.454411,-0.159004,0.008935,0.939025,0.009302,0.343608,-13.992302,8.358312,-2.987552,-0.047849,0.853239,-0.036707,0.518021,5.943709,88.126549,27.255293,0.02253,0.831707,-0.144005,0.535741,7.51731,52.316414,31.303078,-0.022447,0.822488,0.017,0.568085,-1.476456,7.411644,41.404716,0.008935,0.939025,0.009302,0.343608,-4.68005,2.229453,-14.231295,-0.022447,0.822488,0.017,0.568085,12.442927,1.902867,36.246525
237,1.975,-0.036725,0.874273,0.042946,0.482134,0.775392,87.908211,19.057962,-0.02073,0.871441,0.12142,0.474782,-0.063499,95.799576,19.373112,-0.006031,0.875618,0.083954,0.475615,-2.904706,113.993774,22.974493,0.120841,0.935451,-0.051831,0.328089,-4.955148,136.349182,26.178419,0.081053,0.970255,-0.181325,0.138409,0.11425,150.501114,24.403379,-0.040692,0.828197,0.140945,0.540895,-7.164319,131.159317,22.507563,0.342233,-0.603174,0.175024,-0.698874,-14.039472,132.580444,7.348986,0.249411,-0.027444,-0.353842,-0.90102,-8.836572,116.375259,-10.477887,0.288463,0.125662,-0.524925,-0.790855,9.621888,131.770844,-16.053341,-0.0652,0.924386,0.197683,0.319657,-2.923563,130.622559,28.966772,0.375219,0.871015,0.211404,-0.236329,10.225863,130.524994,39.269825,0.035801,0.215706,0.509,-0.832531,25.179678,116.877403,25.2127,0.111628,0.004992,0.55532,-0.824096,15.10075,138.44809,14.9571,0.035873,0.87248,0.155987,0.461693,-4.381112,87.687355,10.862232,0.137511,0.932994,-0.016585,0.332172,-1.443348,53.463127,-0.151282,0.009025,0.939025,0.009158,0.343608,-13.99364,8.365083,-2.98418,-0.048007,0.853178,-0.036565,0.518118,5.931896,88.129074,27.253693,0.022562,0.831692,-0.144169,0.535718,7.520075,52.31929,31.298817,-0.022366,0.822567,0.01691,0.567977,-1.484118,7.419112,41.411572,0.009025,0.939025,0.009158,0.343608,-4.683091,2.231375,-14.226688,-0.022366,0.822567,0.01691,0.567977,12.432587,1.906734,36.250011
238,1.983333,-0.036774,0.87429,0.042984,0.482097,0.776533,87.910416,19.05722,-0.020764,0.87149,0.121319,0.474716,-0.063325,95.801666,19.372543,-0.006107,0.875653,0.084027,0.475535,-2.90371,113.997307,22.970406,0.120736,0.935479,-0.051803,0.328052,-4.95845,136.352112,26.175743,0.080912,0.97028,-0.181233,0.138439,0.107688,150.505142,24.400177,-0.040722,0.828265,0.140917,0.540796,-7.167097,131.161957,22.504992,0.342447,-0.603221,0.175057,-0.69872,-14.045748,132.581207,7.347821,0.249444,-0.027609,-0.353871,-0.900994,-8.846253,116.369034,-10.473702,0.28834,0.125423,-0.524793,-0.791026,9.60985,131.762634,-16.057129,-0.064885,0.924484,0.197498,0.319554,-2.92518,130.625793,28.963488,0.375202,0.870731,0.213034,-0.235938,10.227818,130.521347,39.261917,0.036241,0.215149,0.508967,-0.832677,25.191366,116.894623,25.194904,0.111632,0.005025,0.55515,-0.824209,15.100992,138.457932,14.952985,0.035804,0.87249,0.156019,0.461669,-4.380601,87.689018,10.861899,0.137547,0.933368,-0.016423,0.331114,-1.43776,53.465126,-0.151331,0.008908,0.939064,0.009045,0.343509,-13.989346,8.367502,-2.985296,-0.047974,0.853178,-0.036619,0.518116,5.933667,88.131805,27.252541,0.022556,0.831696,-0.144137,0.535721,7.517829,52.322083,31.299765,-0.022407,0.822535,0.016865,0.568022,-1.484305,7.421014,41.410385,0.008908,0.939064,0.009045,0.343509,-4.680288,2.231865,-14.227989,-0.022407,0.822535,0.016865,0.568022,12.433078,1.908254,36.25106
239,1.991667,-0.036787,0.874311,0.042961,0.48206,0.774837,87.913643,19.058226,-0.020739,0.871542,0.121208,0.47465,-0.065011,95.804916,19.373173,-0.006198,0.875689,0.084072,0.475461,-2.902081,113.999962,22.967806,0.12074,0.935462,-0.05185,0.328092,-4.961134,136.35437,26.17313,0.08057,0.970312,-0.181095,0.138593,0.105678,150.50705,24.396561,-0.040885,0.828341,0.140958,0.540658,-7.169215,131.163696,22.502781,0.342546,-0.60323,0.175079,-0.698658,-14.052423,132.578415,7.347253,0.249505,-0.027668,-0.353895,-0.900966,-8.853827,116.362915,-10.471519,0.288388,0.125262,-0.524827,-0.791011,9.601958,131.756851,-16.059086,-0.065411,0.92447,0.197632,0.319402,-2.926222,130.62854,28.960657,0.375348,0.87069,0.213088,-0.235812,10.227723,130.539886,39.25803,0.036416,0.215129,0.508983,-0.832664,25.188805,116.906998,25.19437,0.111689,0.005145,0.555184,-0.824179,15.099536,138.467224,14.949539,0.035801,0.872459,0.156006,0.461731,-4.38297,87.69178,10.86334,0.137576,0.933354,-0.01641,0.33114,-1.439571,53.467594,-0.148831,0.008967,0.939015,0.009065,0.343641,-13.993223,8.370701,-2.985213,-0.047966,0.85314,-0.036628,0.518179,5.932643,88.135513,27.253113,0.022496,0.831544,-0.144092,0.535973,7.515675,52.325775,31.300703,-0.022447,0.822486,0.016878,0.568092,-1.482616,7.423237,41.40823,0.008967,0.939015,0.009065,0.343641,-4.681627,2.235002,-14.225772,-0.022447,0.822486,0.016878,0.568092,12.436106,1.91151,36.251415
240,2.0,-0.036804,0.874313,0.042985,0.482053,0.774893,87.916161,19.057018,-0.020747,0.87157,0.121142,0.474616,-0.06537,95.807381,19.372181,-0.00638,0.875703,0.084141,0.475421,-2.90143,114.00341,22.964758,0.120497,0.935489,-0.052151,0.328056,-4.969059,136.357193,26.168951,0.080583,0.970364,-0.180696,0.138738,0.093747,150.509903,24.38139,-0.040825,0.828358,0.140902,0.54065,-7.175307,131.165451,22.499008,0.342796,-0.603289,0.175063,-0.698488,-14.058969,132.58075,7.343741,0.249726,-0.027685,-0.353852,-0.900921,-8.863614,116.358841,-10.470125,0.288471,0.125144,-0.524874,-0.790968,9.594507,131.750275,-16.062023,-0.065382,0.92454,0.197725,0.319149,-2.931756,130.632309,28.956688,0.375067,0.870877,0.212735,-0.235887,10.227731,130.543579,39.246979,0.036058,0.215284,0.508802,-0.83275,25.197453,116.915962,25.187401,0.111663,0.005327,0.55497,-0.824325,15.101356,138.476028,14.943952,0.035833,0.872484,0.155991,0.461687,-4.383024,87.694229,10.862203,0.137563,0.932964,-0.016614,0.332233,-1.442734,53.469868,-0.150248,0.009163,0.938944,0.009177,0.343825,-13.998204,8.373258,-2.98315,-0.047942,0.853153,-0.036683,0.518157,5.932809,88.138092,27.251833,0.022459,0.831494,-0.144067,0.536057,7.512349,52.32848,31.301901,-0.022523,0.822505,0.016919,0.568061,-1.482847,7.425099,41.408443,0.009163,0.938944,0.009177,0.343825,-4.684022,2.238659,-14.222167,-0.022523,0.822505,0.016919,0.568061,12.436441,1.915638,36.250729
241,2.008333,-0.036817,0.874333,0.043,0.482014,0.774872,87.917183,19.055616,-0.020809,0.871625,0.121075,0.474528,-0.065673,95.808372,19.370913,-0.006444,0.875756,0.084173,0.475315,-2.902413,114.006004,22.960743,0.120472,0.935491,-0.05213,0.328062,-4.972876,136.359497,26.165073,0.080279,0.970392,-0.180597,0.13885,0.089081,150.512558,24.377888,-0.040895,0.828374,0.140935,0.540612,-7.179126,131.167358,22.495707,0.342959,-0.603332,0.175088,-0.698366,-14.063949,132.581131,7.340827,0.249896,-0.027716,-0.353824,-0.900884,-8.871539,116.353844,-10.469015,0.288564,0.125085,-0.524904,-0.790924,9.587235,131.742569,-16.064751,-0.065423,0.924577,0.197685,0.319058,-2.934033,130.634995,28.952431,0.375139,0.870771,0.213218,-0.235725,10.227199,130.54863,39.240505,0.03626,0.215154,0.508819,-0.832765,25.198048,116.923782,25.179445,0.111694,0.005397,0.554847,-0.824403,15.10063,138.481491,14.936769,0.035778,0.872473,0.156012,0.461705,-4.383738,87.695114,10.861244,0.137584,0.933365,-0.016442,0.331103,-1.439069,53.470947,-0.150619,0.00902,0.939014,0.009064,0.343641,-13.994429,8.374336,-2.983985,-0.047909,0.853101,-0.036716,0.518243,5.933483,88.139252,27.249989,0.022423,0.831473,-0.144053,0.536095,7.509382,52.329601,31.301044,-0.022474,0.822475,0.016906,0.568106,-1.482794,7.425702,41.407948,0.00902,0.939014,0.009064,0.343641,-4.683443,2.238077,-14.224744,-0.022474,0.822475,0.016906,0.568106,12.436521,1.915111,36.251518
242,2.016667,-0.036811,0.874321,0.042967,0.482038,0.773667,87.918365,19.054552,-0.020812,0.871656,0.120996,0.474492,-0.066554,95.809601,19.369423,-0.006551,0.875781,0.084201,0.475262,-2.902024,114.009163,22.957014,0.120345,0.935518,-0.052111,0.328035,-4.977155,136.362381,26.160271,0.080125,0.970438,-0.180387,0.13889,0.08108,150.516663,24.372149,-0.041496,0.827791,0.141663,0.541268,-7.182606,131.16954,22.491417,0.342589,-0.603609,0.175775,-0.698135,-14.042059,132.583725,7.325078,0.249623,-0.02761,-0.35391,-0.90093,-8.878036,116.341103,-10.479023,0.288892,0.124947,-0.524842,-0.790867,9.578815,131.736755,-16.066652,-0.065498,0.924637,0.197556,0.318948,-2.936764,130.638474,28.947756,0.37509,0.870861,0.212947,-0.235715,10.22648,130.556686,39.233288,0.036227,0.215282,0.508777,-0.832759,25.199333,116.929016,25.177109,0.11177,0.005376,0.554755,-0.824455,15.101994,138.486053,14.929326,0.035762,0.872452,0.156062,0.461728,-4.384501,87.696121,10.859907,0.13758,0.933328,-0.016507,0.331206,-1.436835,53.472996,-0.154404,0.008839,0.939047,0.008991,0.343557,-13.99361,8.3765,-2.983351,-0.047916,0.853166,-0.036776,0.51813,5.931835,88.14061,27.249199,0.022475,0.831485,-0.144006,0.536087,7.506445,52.33131,31.303957,-0.022538,0.822403,0.01689,0.568208,-1.487288,7.426339,41.404724,0.008839,0.939047,0.008991,0.343557,-4.68284,2.240045,-14.22418,-0.022538,0.822403,0.01689,0.568208,12.433807,1.916469,36.252327
243,2.025,-0.036819,0.874326,0.042964,0.48203,0.772748,87.919327,19.053804,-0.020887,0.871686,0.120886,0.474461,-0.067557,95.810562,19.36857,-0.006595,0.875809,0.084245,0.475203,-2.90342,114.010986,22.951395,0.12017,0.93557,-0.051962,0.327974,-4.981016,136.363846,26.155556,0.080033,0.970476,-0.180249,0.138861,0.070886,150.52063,24.369383,-0.041483,0.827836,0.141607,0.541216,-7.186255,131.170822,22.48682,0.342901,-0.603676,0.175672,-0.69795,-14.047641,132.584061,7.321265,0.249952,-0.027569,-0.353868,-0.900856,-8.885813,116.336182,-10.478682,0.289086,0.12495,-0.52482,-0.79081,9.571876,131.728119,-16.069405,-0.065525,0.924677,0.1975,0.31886,-2.939549,130.640121,28.942623,0.375181,0.870793,0.213271,-0.23553,10.225451,130.56044,39.225925,0.036371,0.21526,0.508829,-0.832727,25.199265,116.931938,25.171566,0.111839,0.005449,0.554483,-0.824628,15.104754,138.487549,14.92179,0.035759,0.872465,0.156035,0.461714,-4.385566,87.696907,10.859256,0.137597,0.933307,-0.016492,0.331261,-1.438808,53.473175,-0.153389,0.009168,0.938988,0.009054,0.343708,-13.996346,8.377057,-2.984938,-0.047892,0.853164,-0.036827,0.518133,5.931063,88.141754,27.248352,0.022438,0.831582,-0.144002,0.53594,7.502259,52.332558,31.305317,-0.022468,0.822523,0.016919,0.568036,-1.486651,7.427338,41.409267,0.009168,0.938988,0.009054,0.343708,-4.685558,2.239064,-14.224911,-0.022468,0.822523,0.016919,0.568036,12.431808,1.916939,36.250324
244,2.033333,-0.036935,0.874332,0.043032,0.482003,0.776581,87.92276,19.054041,-0.020997,0.871702,0.120853,0.474437,-0.065834,95.813759,19.368893,-0.006662,0.875824,0.084227,0.475178,-2.904568,114.014221,22.948769,0.120067,0.935598,-0.051951,0.327936,-4.984373,136.367172,26.150808,0.079856,0.970537,-0.180006,0.138846,0.064486,150.524933,24.363651,-0.041533,0.82786,0.141592,0.541179,-7.189234,131.173553,22.482693,0.342986,-0.60367,0.175761,-0.69789,-14.05183,132.58493,7.317513,0.250214,-0.02753,-0.353801,-0.900811,-8.891236,116.332039,-10.478221,0.289404,0.124955,-0.524898,-0.790641,9.569005,131.720413,-16.070911,-0.065498,0.924721,0.197412,0.318795,-2.942174,130.643951,28.938351,0.375197,0.870797,0.21334,-0.235426,10.224328,130.56488,39.219738,0.03645,0.21534,0.508837,-0.832697,25.199953,116.935349,25.168312,0.11197,0.00564,0.554397,-0.824667,15.107558,138.489807,14.913169,0.035848,0.872463,0.155981,0.461728,-4.382071,87.698997,10.859739,0.137572,0.932979,-0.016646,0.332185,-1.442561,53.474487,-0.152451,0.008918,0.938991,0.009014,0.343709,-13.999971,8.37822,-2.982172,-0.04783,0.853199,-0.036892,0.518076,5.935233,88.146523,27.248341,0.022417,0.831518,-0.143952,0.536054,7.500457,52.337242,31.306892,-0.022419,0.822448,0.016936,0.568146,-1.485657,7.430565,41.40686,0.008918,0.938991,0.009014,0.343709,-4.686412,2.24156,-14.220577,-0.022419,0.822448,0.016936,0.568146,12.43383,1.919787,36.251095
245,2.041667,-0.036961,0.874328,0.043024,0.48201,0.776413,87.925301,19.054466,-0.021077,0.87172,0.12075,0.474425,-0.066312,95.816277,19.368994,-0.00672,0.875832,0.084275,0.475153,-2.905602,114.016296,22.943922,0.119834,0.935629,-0.051937,0.327934,-4.988634,136.368851,26.146698,0.079723,0.970578,-0.179756,0.138958,0.053728,150.528671,24.357582,-0.041579,0.827797,0.141646,0.541257,-7.19287,131.174988,22.478525,0.343104,-0.603741,0.175833,-0.697753,-14.052488,132.586533,7.312013,0.250419,-0.027471,-0.353727,-0.900785,-8.897304,116.327705,-10.479851,0.28959,0.124999,-0.524894,-0.790569,9.565664,131.712784,-16.072561,-0.065644,0.924762,0.197302,0.318712,-2.945454,130.645844,28.933987,0.375254,0.87083,0.213292,-0.235258,10.222178,130.57309,39.21397,0.036565,0.215525,0.508833,-0.832647,25.199574,116.938171,25.169664,0.112045,0.005846,0.554327,-0.824702,15.110975,138.4897,14.903948,0.035818,0.872445,0.156027,0.461749,-4.382068,87.701012,10.860073,0.137649,0.932988,-0.016691,0.332127,-1.438824,53.477371,-0.15383,0.008993,0.938956,0.00897,0.343802,-14.004339,8.383211,-2.98123,-0.047785,0.853128,-0.036957,0.518192,5.934894,88.149582,27.248859,0.022393,0.831591,-0.143878,0.535962,7.494389,52.340347,31.309975,-0.022585,0.822441,0.016915,0.568151,-1.485014,7.431573,41.406586,0.008993,0.938956,0.00897,0.343802,-4.689648,2.244581,-14.21762,-0.022585,0.822441,0.016915,0.568151,12.435958,1.923107,36.252357
246,2.05,-0.037041,0.87432,0.043072,0.482015,0.778494,87.926712,19.053164,-0.021132,0.871733,0.120701,0.474411,-0.065697,95.817543,19.367735,-0.006793,0.875842,0.084253,0.475138,-2.905909,114.018181,22.94018,0.119732,0.935654,-0.051766,0.327927,-4.991334,136.37085,26.140541,0.079558,0.970622,-0.179602,0.138951,0.046671,150.532669,24.355072,-0.041592,0.827863,0.141594,0.54117,-7.195084,131.176346,22.472992,0.343202,-0.603753,0.175855,-0.697689,-14.057838,132.58609,7.307728,0.250544,-0.027474,-0.353653,-0.900779,-8.903778,116.323914,-10.481407,0.289634,0.125006,-0.524797,-0.790616,9.560871,131.704636,-16.075224,-0.065643,0.924775,0.197137,0.318779,-2.947455,130.648392,28.928411,0.375246,0.870865,0.213274,-0.235158,10.218755,130.57695,39.210232,0.036749,0.215707,0.50882,-0.8326,25.198788,116.940437,25.170273,0.112267,0.006012,0.554233,-0.824734,15.113708,138.487427,14.892554,0.035841,0.872394,0.156054,0.461835,-4.379794,87.701538,10.858672,0.137655,0.932982,-0.01675,0.332138,-1.435996,53.478634,-0.157362,0.008825,0.93899,0.008965,0.343713,-14.00384,8.384824,-2.979938,-0.047733,0.853173,-0.037033,0.518118,5.936781,88.151894,27.247656,0.022356,0.831543,-0.143869,0.536039,7.490576,52.342693,31.311331,-0.02329,0.822587,0.016631,0.567918,-1.486477,7.433531,41.408314,0.008825,0.93899,0.008965,0.343713,-4.689313,2.247742,-14.217311,-0.02329,0.822587,0.016631,0.567918,12.436473,1.930117,36.254025
247,2.058333,-0.037025,0.87431,0.043043,0.482035,0.777399,87.927422,19.052572,-0.021229,0.871744,0.120599,0.474413,-0.066364,95.818306,19.366846,-0.006858,0.87585,0.084286,0.475116,-2.908131,114.021011,22.934547,0.119816,0.935634,-0.051894,0.327933,-4.996757,136.373398,26.134857,0.079325,0.970688,-0.179293,0.13902,0.044717,150.533661,24.346743,-0.041598,0.827864,0.141555,0.541178,-7.199866,131.178558,22.467419,0.34336,-0.603767,0.175876,-0.697593,-14.062327,132.587463,7.301943,0.25074,-0.027445,-0.353559,-0.900762,-8.909482,116.320442,-10.483127,0.289729,0.125039,-0.524631,-0.790686,9.557865,131.696213,-16.077686,-0.065667,0.924816,0.197158,0.318641,-2.951931,130.651245,28.922689,0.375149,0.871035,0.212802,-0.235108,10.21712,130.581329,39.200878,0.036822,0.215896,0.508704,-0.832619,25.201876,116.939842,25.170803,0.112647,0.00619,0.554256,-0.824665,15.114045,138.48288,14.882195,0.035848,0.872383,0.156054,0.461855,-4.380528,87.702271,10.857852,0.137685,0.932929,-0.016775,0.332272,-1.436913,53.479408,-0.158364,0.00899,0.938942,0.008972,0.343841,-14.007733,8.386466,-2.981495,-0.047714,0.853219,-0.03706,0.518042,5.935326,88.15258,27.247292,0.022335,0.831605,-0.143886,0.53594,7.487297,52.343403,31.311821,-0.023336,0.822641,0.016635,0.567838,-1.487739,7.434604,41.412209,0.00899,0.938942,0.008972,0.343841,-4.692051,2.247921,-14.217113,-0.023336,0.822641,0.016635,0.567838,12.434665,1.932037,36.255543
248,2.066667,-0.037064,0.874321,0.042966,0.482019,0.776262,87.926956,19.052269,-0.021272,0.871755,0.120549,0.474403,-0.067445,95.817902,19.365191,-0.006932,0.875852,0.08426,0.475117,-2.909803,114.021721,22.930687,0.119815,0.935597,-0.05194,0.328033,-5.000812,136.374252,26.128365,0.078959,0.970729,-0.179078,0.139221,0.041417,150.53418,24.339619,-0.041589,0.827879,0.141463,0.541179,-7.203328,131.178757,22.4615,0.343461,-0.603763,0.175931,-0.697533,-14.065754,132.586212,7.29588,0.250815,-0.027449,-0.353526,-0.900754,-8.913615,116.314888,-10.485448,0.289712,0.125075,-0.524494,-0.790778,9.555556,131.689514,-16.081295,-0.065627,0.924837,0.196942,0.318722,-2.955425,130.652649,28.916889,0.375144,0.871054,0.212872,-0.234984,10.212062,130.583313,39.197083,0.037154,0.216044,0.508694,-0.832571,25.19989,116.941223,25.170868,0.112992,0.006369,0.554396,-0.824522,15.115004,138.478363,14.867753,0.035849,0.872418,0.156101,0.461772,-4.381903,87.700401,10.857739,0.1377,0.932899,-0.016809,0.332348,-1.437838,53.478611,-0.161683,0.009149,0.938882,0.00904,0.343998,-14.010676,8.386135,-2.983355,-0.047689,0.853243,-0.037153,0.517998,5.934427,88.153519,27.246798,0.022353,0.831631,-0.143768,0.535929,7.48155,52.344669,31.316025,-0.022564,0.822426,0.016989,0.568171,-1.488887,7.432759,41.406647,0.009149,0.938882,0.00904,0.343998,-4.692831,2.247828,-14.217305,-0.022564,0.822426,0.016989,0.568171,12.432604,1.92575,36.252266
249,2.075,-0.037087,0.874299,0.042929,0.482062,0.776088,87.927132,19.050783,-0.021296,0.871743,0.12056,0.474422,-0.06767,95.8181,19.36297,-0.007106,0.87584,0.084162,0.475153,-2.911183,114.02224,22.928429,0.119833,0.935575,-0.051878,0.328097,-5.007113,136.375412,26.118433,0.078759,0.970786,-0.178802,0.139289,0.035265,150.535568,24.332024,-0.041661,0.827874,0.141502,0.541172,-7.208182,131.178238,22.453074,0.343522,-0.603766,0.175942,-0.697498,-14.070678,132.584396,7.287358,0.250909,-0.027393,-0.35343,-0.900768,-8.918929,116.311142,-10.492322,0.289734,0.125139,-0.524321,-0.790875,9.553417,131.681992,-16.086018,-0.065791,0.924849,0.196893,0.318683,-2.960841,130.655151,28.909081,0.375181,0.871161,0.212503,-0.234864,10.206782,130.59169,39.189148,0.037338,0.216353,0.50861,-0.832534,25.196028,116.940498,25.173315,0.113126,0.006607,0.554424,-0.824483,15.113322,138.471024,14.852294,0.035878,0.872424,0.156029,0.461784,-4.381249,87.69989,10.855748,0.137666,0.932922,-0.016767,0.3323,-1.441303,53.476631,-0.160196,0.009066,0.938923,0.009057,0.343888,-14.010164,8.383179,-2.983844,-0.047662,0.853268,-0.037211,0.517955,5.933425,88.154373,27.245819,0.022306,0.831715,-0.143785,0.535797,7.476947,52.345657,31.31753,-0.02272,0.822573,0.016777,0.567957,-1.489067,7.434029,41.413342,0.009066,0.938923,0.009057,0.343888,-4.693882,2.246196,-14.21982,-0.02272,0.822573,0.016777,0.567957,12.429914,1.924458,36.25491
250,2.083333,-0.037126,0.874319,0.042805,0.482032,0.776217,87.927841,19.051363,-0.021278,0.87175,0.120458,0.474435,-0.067128,95.818932,19.361561,-0.007233,0.875821,0.084181,0.475183,-2.907843,114.020966,22.923428,0.119592,0.935604,-0.051724,0.328127,-5.009333,136.373917,26.111338,0.078617,0.970828,-0.178586,0.139355,0.025171,150.537125,24.326941,-0.041672,0.827898,0.141477,0.54114,-7.208838,131.175919,22.446217,0.343526,-0.603768,0.176016,-0.697476,-14.072451,132.581146,7.280925,0.250941,-0.027396,-0.353389,-0.900774,-8.922055,116.305367,-10.496837,0.289728,0.125261,-0.524182,-0.790949,9.550846,131.673737,-16.090509,-0.065906,0.924827,0.196861,0.318744,-2.961972,130.654388,28.902658,0.375108,0.871235,0.212411,-0.234787,10.20384,130.594345,39.185059,0.037549,0.216538,0.508492,-0.832549,25.197548,116.943039,25.174118,0.113417,0.006904,0.554299,-0.824525,15.112916,138.465881,14.839729,0.035821,0.87244,0.156057,0.461748,-4.381621,87.698738,10.856698,0.137716,0.933323,-0.016569,0.331162,-1.437557,53.475815,-0.15919,0.00891,0.938936,0.008976,0.343858,-14.008027,8.38303,-2.9864,-0.047593,0.853279,-0.037286,0.517938,5.934055,88.156944,27.246029,0.022303,0.83167,-0.14366,0.535901,7.470661,52.348148,31.319736,-0.022658,0.822451,0.016781,0.568136,-1.490161,7.433131,41.405075,0.00891,0.938936,0.008976,0.343858,-4.690991,2.245347,-14.221364,-0.022658,0.822451,0.016781,0.568136,12.430498,1.922649,36.252155
251,2.091667,-0.037166,0.874311,0.042783,0.482046,0.77607,87.928215,19.050562,-0.021379,0.871756,0.120411,0.474433,-0.067661,95.819283,19.360151,-0.007225,0.875831,0.084181,0.475166,-2.910972,114.022591,22.91889,0.119595,0.935589,-0.051765,0.328161,-5.012107,136.375534,26.107021,0.078313,0.970883,-0.178324,0.139473,0.02297,150.538437,24.32177,-0.041786,0.827882,0.141367,0.541185,-7.211815,131.177582,22.441957,0.343549,-0.603848,0.175934,-0.697416,-14.073488,132.577896,7.275332,0.250965,-0.027381,-0.353281,-0.900811,-8.926453,116.303444,-10.504611,0.28967,0.125289,-0.524013,-0.791078,9.549509,131.66716,-16.096506,-0.065955,0.924843,0.19679,0.318731,-2.964689,130.65596,28.898224,0.37502,0.871334,0.212168,-0.234782,10.201181,130.598312,39.180565,0.037603,0.216801,0.508361,-0.832558,25.198286,116.946152,25.174099,0.113545,0.007302,0.554241,-0.824543,15.112221,138.463425,14.826618,0.035881,0.872397,0.156077,0.461818,-4.381455,87.698265,10.855721,0.137711,0.932894,-0.016816,0.332358,-1.439619,53.476082,-0.163094,0.008911,0.938905,0.009005,0.343943,-14.013678,8.383939,-2.984605,-0.047575,0.853284,-0.037324,0.517929,5.933595,88.158157,27.245403,0.022258,0.831688,-0.14365,0.535878,7.467685,52.349449,31.320795,-0.023454,0.822615,0.016403,0.567877,-1.488847,7.433966,41.40789,0.008911,0.938905,0.009005,0.343943,-4.69451,2.247012,-14.218216,-0.023454,0.822615,0.016403,0.567877,12.433735,1.927786,36.255558
252,2.1,-0.037204,0.874296,0.042754,0.482074,0.774922,87.928757,19.049839,-0.021369,0.871754,0.120331,0.474456,-0.06913,95.819817,19.358707,-0.00731,0.875818,0.084189,0.475187,-2.910678,114.023003,22.914822,0.119415,0.935608,-0.051752,0.328177,-5.015427,136.375839,26.101366,0.078219,0.970928,-0.178062,0.139553,0.014678,150.540344,24.314758,-0.041812,0.827872,0.141276,0.541222,-7.214108,131.177307,22.436501,0.343566,-0.603853,0.175977,-0.697393,-14.07436,132.575455,7.269032,0.251028,-0.027372,-0.353253,-0.900804,-8.928353,116.299141,-10.509504,0.289734,0.125338,-0.523988,-0.791063,9.547866,131.66098,-16.101534,-0.066066,0.924848,0.19681,0.318679,-2.967314,130.656754,28.893072,0.375014,0.871332,0.212349,-0.234634,10.199164,130.602692,39.174652,0.037792,0.21688,0.508276,-0.832581,25.199896,116.951324,25.171291,0.113647,0.007612,0.554121,-0.824607,15.111202,138.462952,14.815453,0.03585,0.872465,0.156045,0.461704,-4.382026,87.697922,10.85466,0.137727,0.932929,-0.01678,0.332256,-1.440782,53.474869,-0.161569,0.008826,0.938895,0.009074,0.343972,-14.015326,8.383006,-2.985356,-0.047561,0.853274,-0.037341,0.517945,5.93187,88.159584,27.245014,0.022217,0.831645,-0.143603,0.535959,7.464392,52.350868,31.320915,-0.022651,0.822431,0.016817,0.568165,-1.487602,7.43396,41.405666,0.008826,0.938895,0.009074,0.343972,-4.694161,2.248814,-14.218801,-0.022651,0.822431,0.016817,0.568165,12.433575,1.924244,36.25333
253,2.108333,-0.037251,0.87428,0.042763,0.482098,0.775573,87.92923,19.048496,-0.021438,0.871732,0.120246,0.474515,-0.069208,95.820221,19.357092,-0.00737,0.875783,0.084185,0.47525,-2.911687,114.023659,22.908951,0.119372,0.93559,-0.051676,0.328255,-5.018964,136.376495,26.093906,0.078039,0.970965,-0.177859,0.139653,0.009535,150.541824,24.309481,-0.041851,0.827844,0.141244,0.54127,-7.21661,131.177551,22.429001,0.34372,-0.603931,0.175862,-0.697278,-14.075023,132.574265,7.26057,0.251165,-0.027334,-0.353118,-0.90082,-8.931668,116.296974,-10.517844,0.289673,0.125315,-0.523984,-0.791092,9.549585,131.653549,-16.109015,-0.066123,0.924834,0.196802,0.318715,-2.970757,130.657745,28.88625,0.374885,0.871432,0.212208,-0.234597,10.194715,130.605286,39.169128,0.037695,0.217195,0.508072,-0.832628,25.201115,116.955589,25.170183,0.113434,0.008048,0.553784,-0.824858,15.108137,138.461472,14.80248,0.035901,0.872463,0.155995,0.461719,-4.380844,87.697701,10.853006,0.137713,0.932881,-0.016797,0.332396,-1.44426,53.473793,-0.16182,0.008779,0.938891,0.009105,0.343983,-14.017741,8.381632,-2.98554,-0.047549,0.85327,-0.037383,0.51795,5.931991,88.160759,27.24399,0.022196,0.831707,-0.143635,0.535855,7.462119,52.352184,31.322054,-0.022472,0.822527,0.016824,0.568033,-1.488552,7.436037,41.411369,0.008779,0.938891,0.009105,0.343983,-4.695639,2.248734,-14.218911,-0.022472,0.822527,0.016824,0.568033,12.429321,1.923395,36.253239
254,2.116667,-0.037584,0.874243,0.042841,0.482131,0.786241,87.92347,19.047031,-0.021711,0.871723,0.120293,0.474507,-0.063764,95.813965,19.35412,-0.007337,0.875801,0.084127,0.475228,-2.917525,114.026489,22.904562,0.119414,0.935582,-0.051661,0.328264,-5.02216,136.379776,26.088017,0.077832,0.971013,-0.177647,0.139703,0.007392,150.544861,24.304504,-0.041973,0.827839,0.14115,0.541293,-7.220593,131.180817,22.423618,0.343738,-0.603875,0.175933,-0.6973,-14.077827,132.572586,7.254203,0.251296,-0.02737,-0.353087,-0.900795,-8.932371,116.293083,-10.521576,0.28984,0.125286,-0.524058,-0.790986,9.549925,131.647247,-16.116207,-0.066288,0.924855,0.196694,0.318685,-2.974413,130.661011,28.880653,0.374889,0.871512,0.21197,-0.234508,10.190966,130.615005,39.163677,0.037739,0.217509,0.508005,-0.832584,25.199245,116.959969,25.171986,0.113468,0.00834,0.553494,-0.825046,15.109756,138.460876,14.790103,0.035991,0.872571,0.156014,0.461503,-4.369076,87.687096,10.850986,0.137785,0.932866,-0.01687,0.332403,-1.440274,53.464066,-0.168645,0.008626,0.938862,0.009293,0.34406,-14.022192,8.374002,-2.988352,-0.04741,0.853306,-0.037517,0.517894,5.941559,88.159851,27.243074,0.022189,0.831785,-0.143624,0.535737,7.458446,52.35104,31.324064,-0.023397,0.82271,0.016395,0.567743,-1.489714,7.434568,41.414169,0.008626,0.938862,0.009293,0.34406,-4.695626,2.247745,-14.221646,-0.023397,0.82271,0.016395,0.567743,12.430593,1.927185,36.256992
255,2.125,-0.037598,0.874238,0.042789,0.482145,0.785077,87.92218,19.046225,-0.021747,0.871725,0.120226,0.47452,-0.064722,95.812729,19.352478,-0.007433,0.875797,0.08407,0.475243,-2.918518,114.025787,22.90012,0.119367,0.9356,-0.051878,0.328197,-5.025795,136.37944,26.079187,0.077689,0.971117,-0.177185,0.139649,0.004224,150.543488,24.28875,-0.042026,0.827796,0.141134,0.541358,-7.223477,131.17952,22.415682,0.343759,-0.603818,0.176055,-0.697308,-14.078199,132.569916,7.245004,0.251337,-0.02741,-0.353119,-0.900769,-8.931446,116.286491,-10.526808,0.28992,0.125235,-0.524065,-0.790961,9.549732,131.64119,-16.124308,-0.066363,0.924834,0.196695,0.31873,-2.977543,130.661453,28.873018,0.374801,0.871573,0.211985,-0.234409,10.186532,130.617432,39.157722,0.037815,0.217661,0.507925,-0.83259,25.20035,116.964195,25.170208,0.1136,0.008583,0.553434,-0.825065,15.109828,138.461166,14.779604,0.035894,0.872612,0.156041,0.461422,-4.369968,87.685104,10.850029,0.137819,0.933236,-0.016694,0.331356,-1.43514,53.462185,-0.168331,0.008797,0.938886,0.009238,0.343993,-14.017714,8.372453,-2.990396,-0.047402,0.85337,-0.037549,0.517786,5.940123,88.159248,27.242422,0.022225,0.831823,-0.143592,0.535685,7.455801,52.350571,31.324932,-0.023466,0.822684,0.016305,0.567781,-1.492905,7.433405,41.411461,0.008797,0.938886,0.009238,0.343993,-4.694987,2.243035,-14.225152,-0.023466,0.822684,0.016305,0.567781,12.42798,1.925029,36.256905
256,2.133333,-0.037624,0.874224,0.042758,0.482171,0.784623,87.919472,19.045135,-0.021687,0.871694,0.120148,0.474598,-0.065311,95.810028,19.350731,-0.007557,0.875743,0.084036,0.475348,-2.916045,114.023827,22.896656,0.119268,0.935544,-0.051657,0.328428,-5.027888,136.37767,26.071486,0.077454,0.97111,-0.177073,0.139968,-0.001793,150.543945,24.287691,-0.042099,0.827811,0.141074,0.541345,-7.223757,131.176773,22.408278,0.343823,-0.603811,0.175984,-0.697301,-14.07876,132.563965,7.237432,0.251391,-0.027419,-0.353107,-0.900759,-8.930386,116.281273,-10.534575,0.289945,0.125145,-0.524087,-0.790951,9.550558,131.634552,-16.133062,-0.066513,0.924831,0.196612,0.318759,-2.979393,130.660477,28.866785,0.374747,0.871637,0.211925,-0.234313,10.183404,130.62175,39.153145,0.037845,0.217903,0.507852,-0.832569,25.201458,116.967979,25.170708,0.113649,0.008836,0.553117,-0.825268,15.112512,138.460632,14.769104,0.035998,0.872587,0.155976,0.461485,-4.369891,87.681702,10.848625,0.13775,0.932816,-0.01687,0.332559,-1.443059,53.457851,-0.168997,0.008548,0.938902,0.009315,0.343953,-14.021463,8.366874,-2.989765,-0.047387,0.853406,-0.037613,0.517723,5.939137,88.157249,27.241648,0.022216,0.83183,-0.143481,0.535705,7.451789,52.348804,31.327423,-0.022646,0.822519,0.016694,0.568042,-1.490947,7.428596,41.405697,0.008548,0.938902,0.009315,0.343953,-4.696453,2.242028,-14.22512,-0.022646,0.822519,0.016694,0.568042,12.427882,1.915764,36.250347
257,2.141667,-0.037661,0.874189,0.042627,0.482244,0.783203,87.919868,19.047304,-0.021728,0.871684,0.120035,0.474644,-0.066272,95.810555,19.350733,-0.007533,0.875733,0.083967,0.475378,-2.916239,114.023315,22.891743,0.119116,0.935553,-0.051257,0.328519,-5.025776,136.377686,26.064301,0.077229,0.971123,-0.177017,0.140072,-0.007152,150.547882,24.290619,-0.042161,0.827811,0.141055,0.541346,-7.222009,131.176682,22.401463,0.343965,-0.603815,0.175897,-0.697249,-14.07679,132.561844,7.230331,0.25158,-0.027409,-0.353096,-0.90071,-8.927148,116.278282,-10.540517,0.290109,0.125073,-0.524202,-0.790826,9.554477,131.630356,-16.141731,-0.066583,0.924794,0.196371,0.319002,-2.978084,130.660538,28.860271,0.374636,0.871653,0.212072,-0.234295,10.179235,130.624893,39.153652,0.0377,0.21814,0.507714,-0.832599,25.201794,116.977081,25.170227,0.113528,0.009737,0.553022,-0.825338,15.110329,138.466949,14.761583,0.035985,0.872612,0.156049,0.461413,-4.369907,87.680328,10.849963,0.13777,0.932822,-0.016878,0.332531,-1.440681,53.458065,-0.171951,0.008536,0.938871,0.00927,0.344038,-14.021167,8.367634,-2.992247,-0.047364,0.853432,-0.037571,0.517686,5.936314,88.159409,27.244646,0.022192,0.831882,-0.143505,0.535618,7.449344,52.350582,31.326866,-0.023431,0.822711,0.016266,0.567744,-1.491638,7.430917,41.409119,0.008536,0.938871,0.00927,0.344038,-4.694194,2.241629,-14.22534,-0.023431,0.822711,0.016266,0.567744,12.428211,1.920977,36.253433
258,2.15,-0.037733,0.874189,0.042712,0.482231,0.785746,87.916733,19.044525,-0.021773,0.87169,0.119992,0.474642,-0.065371,95.807228,19.348579,-0.007644,0.875733,0.083866,0.475395,-2.916344,114.022316,22.887831,0.119286,0.935508,-0.051517,0.328546,-5.028163,136.37738,26.053986,0.076775,0.971251,-0.17646,0.140142,-0.002451,150.544403,24.275038,-0.042085,0.827762,0.140948,0.541455,-7.223719,131.175156,22.392502,0.344014,-0.603741,0.175958,-0.697274,-14.074795,132.56105,7.219763,0.251565,-0.027609,-0.352924,-0.900776,-8.92178,116.275002,-10.547818,0.289582,0.125157,-0.524629,-0.790723,9.56729,131.619705,-16.156229,-0.066633,0.924786,0.19635,0.319027,-2.980067,130.661209,28.851669,0.374404,0.871793,0.212011,-0.2342,10.176487,130.627136,39.14603,0.037495,0.218406,0.507568,-0.832627,25.209797,116.985001,25.168627,0.113502,0.010161,0.552876,-0.825435,15.116002,138.472504,14.753203,0.035937,0.872556,0.156082,0.461511,-4.367504,87.676743,10.847284,0.137838,0.93319,-0.016753,0.331477,-1.432899,53.454983,-0.174748,0.008444,0.938918,0.009281,0.343913,-14.018536,8.365923,-2.993907,-0.04734,0.853386,-0.037646,0.517759,5.938996,88.156715,27.241766,0.022177,0.831797,-0.143471,0.53576,7.447379,52.348137,31.327856,-0.023413,0.822665,0.016451,0.567805,-1.492509,7.427505,41.406776,0.008444,0.938918,0.009281,0.343913,-4.693406,2.241184,-14.229223,-0.023413,0.822665,0.016451,0.567805,12.429079,1.92178,36.251278
259,2.158333,-0.037863,0.874101,0.042624,0.482387,0.791185,87.913483,19.043896,-0.021892,0.871652,0.120025,0.474698,-0.061108,95.80394,19.345581,-0.007675,0.875726,0.083752,0.475426,-2.91767,114.024033,22.884638,0.11968,0.935415,-0.051316,0.328698,-5.028358,136.379944,26.045534,0.076216,0.971317,-0.176254,0.140249,0.006782,150.544922,24.277111,-0.042145,0.827753,0.14089,0.541479,-7.223978,131.177002,22.385094,0.344267,-0.603709,0.175831,-0.697208,-14.073995,132.560318,7.21164,0.251731,-0.02765,-0.352945,-0.90072,-8.916904,116.272179,-10.552847,0.28954,0.125155,-0.524634,-0.790735,9.570048,131.615036,-16.165745,-0.067058,0.924736,0.196438,0.319026,-2.980797,130.664307,28.844666,0.374391,0.871889,0.21182,-0.234039,10.173882,130.642334,39.141457,0.037352,0.218825,0.507482,-0.832575,25.211388,116.99511,25.173532,0.113279,0.010616,0.55245,-0.825745,15.122872,138.477905,14.744747,0.036038,0.872585,0.156067,0.461453,-4.358946,87.670677,10.844777,0.137876,0.933137,-0.016826,0.331607,-1.431913,53.449104,-0.179853,0.008575,0.938874,0.00942,0.344026,-14.022593,8.361238,-2.995559,-0.047274,0.853446,-0.037717,0.517661,5.941317,88.156288,27.243011,0.022157,0.831898,-0.143442,0.53561,7.443472,52.347649,31.330849,-0.023456,0.822697,0.016465,0.567757,-1.491561,7.426148,41.41021,0.008575,0.938874,0.00942,0.344026,-4.69569,2.23898,-14.230755,-0.023456,0.822697,0.016465,0.567757,12.429912,1.921475,36.253273
260,2.166667,-0.037918,0.874149,0.042649,0.482294,0.786821,87.916458,19.045242,-0.02191,0.871655,0.119936,0.474714,-0.066406,95.806816,19.346935,-0.007713,0.87571,0.083623,0.475478,-2.921621,114.025024,22.882248,0.11973,0.935334,-0.051136,0.328937,-5.031229,136.381897,26.037115,0.075919,0.971324,-0.176031,0.140638,0.00448,150.547562,24.275751,-0.042054,0.827675,0.14109,0.541553,-7.226763,131.178146,22.377769,0.344274,-0.603673,0.175962,-0.697203,-14.074352,132.568054,7.203826,0.25189,-0.027739,-0.352785,-0.900736,-8.917381,116.275856,-10.556989,0.289611,0.125128,-0.524739,-0.790644,9.576056,131.611542,-16.175056,-0.067111,0.92474,0.196489,0.318972,-2.984359,130.66684,28.837961,0.374106,0.872059,0.211693,-0.233973,10.171229,130.646332,39.133591,0.037058,0.219195,0.507347,-0.832574,25.220745,117.00605,25.17182,0.113144,0.010923,0.552239,-0.8259,15.132636,138.487488,14.734179,0.036122,0.872572,0.156033,0.461484,-4.364973,87.672821,10.847196,0.137773,0.932769,-0.016956,0.332675,-1.443999,53.450901,-0.17796,0.008538,0.938865,0.009417,0.344052,-14.026678,8.360783,-2.993453,-0.04727,0.853428,-0.037738,0.517689,5.938615,88.160095,27.24329,0.022125,0.83193,-0.1434,0.535573,7.439604,52.351536,31.332335,-0.02266,0.822591,0.017239,0.56792,-1.490381,7.428777,41.410549,0.008538,0.938865,0.009417,0.344052,-4.698735,2.238797,-14.227933,-0.02266,0.822591,0.017239,0.56792,12.4304,1.929399,36.246117
261,2.175,-0.037928,0.874064,0.04248,0.482461,0.785715,87.911247,19.04517,-0.022049,0.871643,0.119854,0.47475,-0.066407,95.801819,19.344288,-0.007658,0.87573,0.083583,0.475449,-2.925291,114.023254,22.874884,0.119763,0.935297,-0.051152,0.329028,-5.031758,136.380463,26.029459,0.07557,0.971389,-0.1756,0.140914,0.005302,150.545715,24.268593,-0.042052,0.827605,0.141056,0.541669,-7.228258,131.176926,22.370396,0.344243,-0.603585,0.176059,-0.69727,-14.071679,132.56691,7.194572,0.251916,-0.027762,-0.352774,-0.900732,-8.911169,116.273209,-10.563827,0.289696,0.125037,-0.524762,-0.790612,9.583214,131.608536,-16.183372,-0.067378,0.924698,0.196554,0.319001,-2.985403,130.665207,28.830259,0.373892,0.872189,0.211619,-0.2339,10.168384,130.651947,39.128212,0.036851,0.219562,0.507197,-0.832578,25.227509,117.016891,25.1717,0.112843,0.011167,0.552027,-0.82608,15.139522,138.494232,14.723584,0.036165,0.872559,0.156024,0.461507,-4.362941,87.666084,10.845195,0.137754,0.932714,-0.016989,0.332835,-1.444668,53.444206,-0.180811,0.008376,0.938879,0.009561,0.344012,-14.026298,8.353722,-2.995029,-0.047308,0.853535,-0.037796,0.517504,5.934371,88.156418,27.245146,0.022173,0.832007,-0.143322,0.535473,7.436369,52.348423,31.338831,-0.021764,0.822449,0.017732,0.568146,-1.492319,7.423768,41.409767,0.008376,0.938879,0.009561,0.344012,-4.696772,2.237303,-14.231229,-0.021764,0.822449,0.017732,0.568146,12.42592,1.921184,36.241879
262,2.183333,-0.037946,0.874124,0.042483,0.482351,0.781623,87.911758,19.04388,-0.022058,0.87165,0.119803,0.474749,-0.070749,95.802292,19.343018,-0.007715,0.875718,0.083482,0.475489,-2.928695,114.022209,22.871431,0.119782,0.935234,-0.051382,0.329164,-5.035401,136.380142,26.020681,0.075322,0.97147,-0.174971,0.141272,0.004748,150.54364,24.254583,-0.042086,0.827536,0.141036,0.541777,-7.231572,131.175766,22.362608,0.344273,-0.603455,0.176072,-0.697364,-14.070982,132.565063,7.184918,0.252043,-0.02775,-0.352748,-0.900707,-8.902987,116.2714,-10.571334,0.289815,0.125062,-0.52481,-0.790532,9.591852,131.604645,-16.192034,-0.067695,0.924693,0.196652,0.318886,-2.989321,130.665512,28.822985,0.373711,0.87231,0.21163,-0.233726,10.16548,130.661758,39.119644,0.036692,0.219926,0.507062,-0.832571,25.235271,117.030563,25.170887,0.112585,0.011461,0.551789,-0.82627,15.148947,138.502029,14.712027,0.035979,0.872535,0.156087,0.461546,-4.369063,87.666168,10.845196,0.137805,0.933214,-0.016727,0.331423,-1.436497,53.444744,-0.178409,0.008545,0.938926,0.009454,0.343883,-14.01865,8.354744,-2.998077,-0.047303,0.853595,-0.037899,0.517399,5.932308,88.157341,27.242565,0.022172,0.832103,-0.143285,0.535334,7.430666,52.349876,31.342167,-0.022453,0.822631,0.017336,0.567868,-1.494365,7.424217,41.411816,0.008545,0.938926,0.009454,0.343883,-4.69462,2.233789,-14.236363,-0.022453,0.822631,0.017336,0.567868,12.424417,1.923655,36.243256
263,2.191667,-0.038017,0.874049,0.042227,0.482504,0.785629,87.909225,19.046381,-0.022405,0.87165,0.119999,0.474684,-0.065825,95.800034,19.341274,-0.007695,0.875795,0.083428,0.475356,-2.94021,114.029488,22.872288,0.119966,0.935181,-0.051702,0.329199,-5.044504,136.387848,26.020172,0.075099,0.97153,-0.174483,0.141584,0.003702,150.547638,24.247337,-0.042324,0.827329,0.140796,0.542137,-7.242139,131.183289,22.363243,0.344151,-0.60336,0.176123,-0.697494,-14.067832,132.563629,7.17856,0.252017,-0.027803,-0.352714,-0.900726,-8.89502,116.272354,-10.578487,0.289856,0.125115,-0.524699,-0.790582,9.599644,131.602859,-16.200396,-0.067531,0.924809,0.196547,0.318649,-2.997928,130.67334,28.822357,0.373438,0.872485,0.211434,-0.233685,10.162662,130.667435,39.111614,0.036318,0.220355,0.506928,-0.832556,25.243446,117.042038,25.169064,0.112338,0.011857,0.551605,-0.826421,15.158965,138.512665,14.701052,0.036057,0.872604,0.156093,0.461408,-4.362092,87.660233,10.845937,0.13779,0.9332,-0.016755,0.331468,-1.435916,53.439339,-0.181035,0.008338,0.938939,0.009519,0.343852,-14.017457,8.349026,-2.998373,-0.047221,0.853629,-0.037924,0.517349,5.93335,88.158226,27.246826,0.022127,0.832193,-0.143245,0.535207,7.425989,52.350349,31.344858,-0.020133,0.82245,0.01838,0.568184,-1.492015,7.423425,41.415085,0.008338,0.938939,0.009519,0.343852,-4.691481,2.231871,-14.237115,-0.020133,0.82245,0.01838,0.568184,12.415363,1.908847,36.230778
264,2.2,-0.037684,0.874077,0.041983,0.4825,0.774592,87.914177,19.048092,-0.022259,0.871598,0.119665,0.47487,-0.070384,95.805702,19.342171,-0.007884,0.875663,0.083419,0.475598,-2.933054,114.027008,22.862247,0.119922,0.935057,-0.05178,0.329553,-5.045531,136.3853,26.005129,0.074836,0.971591,-0.173784,0.142161,0.00343,150.544785,24.232056,-0.042247,0.82737,0.140855,0.542065,-7.23956,131.179504,22.347803,0.344086,-0.60324,0.176148,-0.697623,-14.068084,132.562668,7.164653,0.252027,-0.02767,-0.352639,-0.900757,-8.888576,116.273392,-10.592265,0.289841,0.125248,-0.524692,-0.790572,9.60979,131.603287,-16.207745,-0.067687,0.924785,0.196596,0.318656,-2.998961,130.671844,28.809469,0.372805,0.872769,0.211698,-0.233397,10.160769,130.670151,39.099831,0.036097,0.220656,0.506498,-0.832747,25.271481,117.066826,25.168139,0.112258,0.012255,0.551396,-0.826566,15.172142,138.524078,14.692429,0.035952,0.872522,0.156076,0.461577,-4.373693,87.66851,10.8479,0.137753,0.933244,-0.01665,0.331366,-1.439385,53.446682,-0.174014,0.008666,0.93894,0.009402,0.343843,-14.014864,8.355082,-2.997956,-0.047325,0.853652,-0.037938,0.5173,5.922877,88.159843,27.248281,0.022168,0.832201,-0.143148,0.535218,7.421609,52.352749,31.350988,-0.022297,0.822631,0.017403,0.567872,-1.494925,7.423404,41.411736,0.008666,0.93894,0.009402,0.343843,-4.693429,2.231501,-14.236969,-0.022297,0.822631,0.017403,0.567872,12.422859,1.921819,36.241566
265,2.208333,-0.037706,0.874132,0.042076,0.482391,0.769302,87.917412,19.045469,-0.022233,0.871602,0.119582,0.474884,-0.076651,95.808792,19.340775,-0.007968,0.875638,0.083317,0.475661,-2.936568,114.028015,22.858044,0.119874,0.935009,-0.05179,0.329707,-5.050374,136.387009,25.994932,0.074728,0.971649,-0.173225,0.142506,-0.002126,150.546783,24.222137,-0.042328,0.827265,0.140862,0.542217,-7.243656,131.180206,22.338602,0.344048,-0.603135,0.176137,-0.697736,-14.066431,132.562119,7.152756,0.251985,-0.027627,-0.352608,-0.900782,-8.880461,116.275169,-10.604416,0.28976,0.125378,-0.524442,-0.790746,9.618984,131.604614,-16.216894,-0.067695,0.924819,0.19659,0.318558,-3.004003,130.674362,28.801029,0.372372,0.873003,0.211713,-0.233201,10.157766,130.673691,39.088776,0.035521,0.221135,0.506228,-0.832809,25.288885,117.082825,25.167078,0.11178,0.01291,0.551066,-0.82684,15.185915,138.536514,14.685205,0.035881,0.872446,0.156048,0.461735,-4.380998,87.672112,10.846532,0.137747,0.933252,-0.016612,0.331347,-1.441202,53.449295,-0.170839,0.008643,0.938936,0.009316,0.343857,-14.015089,8.357438,-2.997708,-0.047327,0.853591,-0.037963,0.517399,5.9196,88.162704,27.244408,0.022054,0.832202,-0.143181,0.535213,7.417004,52.355766,31.348854,-0.023561,0.822709,0.016727,0.567729,-1.492189,7.426831,41.417938,0.008643,0.938936,0.009316,0.343857,-4.693455,2.231722,-14.235393,-0.023561,0.822709,0.016727,0.567729,12.431518,1.930308,36.258347
266,2.216667,-0.03799,0.874065,0.042177,0.482481,0.772448,87.922462,19.046522,-0.022655,0.871625,0.119718,0.474788,-0.078243,95.81337,19.340956,-0.007804,0.875755,0.083128,0.475481,-2.954143,114.031433,22.855484,0.119882,0.934947,-0.052031,0.329843,-5.056723,136.391983,25.988922,0.074528,0.971685,-0.172564,0.143164,-0.005561,150.550003,24.210459,-0.042501,0.827064,0.140689,0.542554,-7.253939,131.18541,22.334606,0.343927,-0.60305,0.176105,-0.697877,-14.064011,132.561279,7.142509,0.251975,-0.027527,-0.352541,-0.900814,-8.872457,116.279205,-10.6175,0.289778,0.125594,-0.524342,-0.790772,9.62993,131.607788,-16.224682,-0.067703,0.924903,0.196677,0.318259,-3.011594,130.67897,28.795219,0.372079,0.873204,0.211656,-0.232969,10.156503,130.679794,39.074863,0.035088,0.221511,0.506045,-0.832839,25.303701,117.09478,25.164959,0.111393,0.013491,0.551337,-0.826703,15.199015,138.547211,14.677429,0.035918,0.872493,0.156005,0.461659,-4.375743,87.673431,10.846376,0.137729,0.933285,-0.016587,0.331264,-1.440704,53.449833,-0.169835,0.0086,0.938956,0.009308,0.343805,-14.012459,8.357418,-2.997203,-0.04723,0.853592,-0.038022,0.517402,5.92064,88.171501,27.24667,0.022034,0.832145,-0.143084,0.535328,7.409905,52.364212,31.351137,-0.023636,0.822625,0.016554,0.567852,-1.494285,7.43258,41.412632,0.0086,0.938956,0.009308,0.343805,-4.691602,2.231918,-14.235644,-0.023636,0.822625,0.016554,0.567852,12.430618,1.933189,36.259338
267,2.225,-0.037974,0.874045,0.042102,0.482525,0.770466,87.922623,19.044422,-0.022695,0.871669,0.119509,0.474759,-0.079445,95.813644,19.337893,-0.008042,0.875781,0.083083,0.475436,-2.951898,114.027641,22.843964,0.119828,0.934933,-0.051883,0.329925,-5.062786,136.388367,25.970581,0.074531,0.971778,-0.171755,0.1435,-0.014175,150.547806,24.196205,-0.042465,0.82702,0.140672,0.542628,-7.258251,131.179825,22.318022,0.343611,-0.602839,0.17634,-0.698155,-14.065737,132.556778,7.124864,0.25174,-0.0274,-0.352541,-0.900883,-8.865746,116.277168,-10.634936,0.289717,0.125733,-0.524249,-0.790834,9.638241,131.609909,-16.232845,-0.067815,0.924865,0.196745,0.318304,-3.015307,130.677002,28.77853,0.371691,0.873455,0.211542,-0.232749,10.151334,130.680176,39.06004,0.034523,0.221944,0.505843,-0.83287,25.317823,117.103645,25.16287,0.111077,0.01402,0.551142,-0.826866,15.211929,138.555069,14.670862,0.036014,0.872505,0.155908,0.46166,-4.376926,87.673203,10.843784,0.137622,0.932761,-0.0168,0.332768,-1.451177,53.447914,-0.16965,0.008665,0.938925,0.009423,0.343884,-14.015801,8.3534,-2.995336,-0.047249,0.85357,-0.038135,0.517427,5.91786,88.172043,27.24506,0.022016,0.832262,-0.143024,0.535163,7.403918,52.365517,31.357279,-0.023553,0.82273,0.016523,0.567704,-1.493856,7.432193,41.416855,0.008665,0.938925,0.009423,0.343884,-4.693295,2.230415,-14.23378,-0.023553,0.82273,0.016523,0.567704,12.428226,1.93057,36.258308
268,2.233333,-0.03795,0.874044,0.041966,0.48254,0.768439,87.92057,19.043915,-0.022525,0.871656,0.119509,0.474791,-0.080106,95.811806,19.335672,-0.008365,0.875742,0.082937,0.475528,-2.947163,114.026283,22.844728,0.119566,0.9349,-0.051958,0.330101,-5.068102,136.387863,25.958385,0.074572,0.971856,-0.17092,0.143947,-0.025332,150.54895,24.180477,-0.042705,0.826916,0.140924,0.542703,-7.260482,131.176376,22.308163,0.34335,-0.602689,0.176455,-0.698384,-14.064566,132.551758,7.113339,0.251598,-0.027315,-0.352565,-0.900916,-8.857643,116.276505,-10.648415,0.289767,0.125931,-0.52414,-0.790856,9.645939,131.612305,-16.24048,-0.067888,0.924899,0.196802,0.318155,-3.018974,130.678909,28.770023,0.371416,0.87363,0.21156,-0.232515,10.150513,130.684799,39.04789,0.034215,0.222213,0.505657,-0.832923,25.332439,117.114685,25.16132,0.110839,0.014328,0.550964,-0.827011,15.222857,138.562927,14.665265,0.035976,0.872518,0.155883,0.461647,-4.378705,87.670296,10.843147,0.137593,0.932804,-0.016759,0.332662,-1.451571,53.444244,-0.167549,0.008478,0.938954,0.009441,0.343809,-14.012818,8.348865,-2.9944,-0.047216,0.853535,-0.038226,0.517482,5.915584,88.170845,27.24468,0.02199,0.832244,-0.142935,0.535216,7.395975,52.364586,31.3613,-0.023422,0.82269,0.016659,0.567763,-1.495998,7.428789,41.414955,0.008478,0.938954,0.009441,0.343809,-4.689853,2.228206,-14.23373,-0.023422,0.82269,0.016659,0.567763,12.426423,1.92826,36.256172
269,2.241667,-0.037694,0.874053,0.041727,0.482566,0.761501,87.915611,19.04159,-0.022555,0.871535,0.119987,0.47489,-0.081675,95.807472,19.331984,-0.008355,0.875672,0.08261,0.475715,-2.959058,114.020554,22.8561,0.119266,0.934866,-0.052209,0.330267,-5.073207,136.384598,25.956661,0.074525,0.971938,-0.170161,0.144319,-0.035727,150.546448,24.169899,-0.042962,0.826706,0.140797,0.543036,-7.266005,131.17189,22.30842,0.342836,-0.602677,0.176517,-0.698631,-14.057291,132.53978,7.107192,0.251234,-0.027259,-0.35256,-0.901021,-8.850762,116.275703,-10.664934,0.289742,0.126058,-0.524147,-0.790841,9.654561,131.615448,-16.24868,-0.067997,0.925067,0.196639,0.317744,-3.027249,130.676453,28.772243,0.371129,0.873778,0.211593,-0.232386,10.150465,130.690521,39.039551,0.033874,0.222503,0.505484,-0.832965,25.345861,117.129089,25.159233,0.110271,0.014279,0.550849,-0.827165,15.233927,138.574249,14.659512,0.035802,0.872476,0.155934,0.461724,-4.385536,87.667458,10.840689,0.137616,0.933233,-0.016536,0.331459,-1.444782,53.441666,-0.167166,0.00871,0.938973,0.009473,0.34375,-14.004733,8.346188,-2.998136,-0.047267,0.853545,-0.038279,0.517458,5.908539,88.163765,27.242487,0.021939,0.832254,-0.142875,0.535218,7.390177,52.35815,31.364283,-0.023255,0.822665,0.016918,0.567799,-1.494861,7.420534,41.415951,0.00871,0.938973,0.009473,0.34375,-4.685711,2.224176,-14.240007,-0.023255,0.822665,0.016918,0.567799,12.428023,1.923465,36.254726
270,2.25,-0.037636,0.874034,0.041615,0.482614,0.758538,87.915581,19.040138,-0.022551,0.871521,0.119984,0.474918,-0.082998,95.807663,19.32938,-0.008464,0.875664,0.082426,0.475759,-2.960285,114.020798,22.853373,0.119156,0.934828,-0.052216,0.330413,-5.07497,136.386139,25.944254,0.074389,0.972034,-0.169331,0.144721,-0.039917,150.548798,24.157175,-0.042543,0.827237,0.140037,0.542457,-7.267338,131.171875,22.297989,0.342997,-0.602357,0.176064,-0.698942,-14.080822,132.534058,7.106184,0.251666,-0.027057,-0.352684,-0.900859,-8.847402,116.283508,-10.670413,0.290472,0.126244,-0.523749,-0.790807,9.651497,131.62561,-16.253258,-0.06813,0.925092,0.196463,0.31775,-3.029251,130.679199,28.762466,0.371001,0.873921,0.211531,-0.232109,10.147743,130.69928,39.030693,0.033457,0.222877,0.505421,-0.83292,25.354147,117.137123,25.163136,0.110166,0.014744,0.549842,-0.82784,15.249046,138.579437,14.660358,0.03576,0.872445,0.155905,0.461795,-4.387692,87.667419,10.838731,0.137608,0.933272,-0.016507,0.331354,-1.444371,53.440739,-0.165705,0.008638,0.938992,0.009432,0.343701,-14.003036,8.344948,-2.997537,-0.047247,0.853532,-0.038363,0.517474,5.904768,88.163742,27.241547,0.021882,0.832231,-0.142811,0.535274,7.381903,52.358459,31.367752,-0.019791,0.82246,0.018511,0.568177,-1.496134,7.418889,41.416843,0.008638,0.938992,0.009432,0.343701,-4.684539,2.222522,-14.239615,-0.019791,0.82246,0.018511,0.568177,12.408743,1.90169,36.228607
271,2.258333,-0.037148,0.874062,0.041345,0.482624,0.737687,87.924248,19.040827,-0.022383,0.871539,0.119797,0.474939,-0.095021,95.817261,19.330074,-0.008563,0.875663,0.082338,0.475774,-2.96202,114.0224,22.849096,0.119146,0.934788,-0.052655,0.330459,-5.07877,136.388321,25.934341,0.074161,0.97219,-0.168243,0.145056,-0.039787,150.548096,24.13538,-0.04271,0.827083,0.140029,0.542679,-7.270523,131.172958,22.289272,0.34279,-0.60231,0.176114,-0.699071,-14.07547,132.531647,7.09333,0.251477,-0.026991,-0.352729,-0.900896,-8.84013,116.285179,-10.686419,0.290401,0.126439,-0.523634,-0.790878,9.657074,131.630737,-16.263546,-0.068233,0.925099,0.196504,0.317682,-3.032686,130.682251,28.754059,0.370727,0.874086,0.211495,-0.23196,10.145267,130.705551,39.021046,0.032923,0.223202,0.505304,-0.832925,25.365103,117.150246,25.161516,0.109747,0.01507,0.549619,-0.828039,15.260667,138.594788,14.658085,0.035531,0.87229,0.155892,0.46211,-4.409053,87.681808,10.839567,0.137563,0.933333,-0.016364,0.331206,-1.44783,53.453671,-0.155499,0.008738,0.939025,0.009154,0.343616,-13.998689,8.356285,-2.996429,-0.047415,0.853433,-0.038283,0.517628,5.884428,88.166687,27.242085,0.021806,0.832196,-0.1427,0.535361,7.37416,52.362106,31.369925,-0.019805,0.822428,0.018481,0.568224,-1.493497,7.419247,41.413502,0.008738,0.939025,0.009154,0.343616,-4.684623,2.225265,-14.237496,-0.019805,0.822428,0.018481,0.568224,12.411913,1.90156,36.227222
272,2.266667,-0.037177,0.874039,0.041335,0.482665,0.737293,87.925735,19.039177,-0.022302,0.871513,0.119675,0.475021,-0.095751,95.818726,19.32802,-0.008626,0.87561,0.082277,0.475881,-2.957886,114.022575,22.843817,0.119176,0.934681,-0.052116,0.330836,-5.076206,136.388901,25.925034,0.07373,0.972202,-0.167857,0.145638,-0.040062,150.55191,24.14374,-0.042829,0.827042,0.140023,0.542735,-7.266861,131.172897,22.280231,0.342496,-0.602303,0.176158,-0.699212,-14.069444,132.528503,7.082952,0.251225,-0.026975,-0.352746,-0.90096,-8.834408,116.288185,-10.702526,0.29028,0.126624,-0.5236,-0.790915,9.66327,131.636993,-16.275158,-0.068452,0.925071,0.196489,0.317726,-3.030625,130.68335,28.746155,0.370417,0.874211,0.211485,-0.231992,10.145411,130.713196,39.015587,0.032401,0.223554,0.505172,-0.832931,25.375854,117.169167,25.156683,0.108819,0.015121,0.550192,-0.82778,15.270226,138.61879,14.649299,0.035531,0.872266,0.155869,0.462163,-4.408654,87.682762,10.837436,0.137572,0.933333,-0.016376,0.331202,-1.447487,53.454102,-0.156038,0.008657,0.939017,0.009132,0.343642,-13.999508,8.356985,-2.996117,-0.047345,0.853299,-0.038333,0.517852,5.88324,88.168701,27.240917,0.021675,0.832031,-0.142678,0.535628,7.365755,52.363922,31.36957,-0.021522,0.822483,0.017745,0.568105,-1.493765,7.419935,41.415268,0.008657,0.939017,0.009132,0.343642,-4.683969,2.226155,-14.236063,-0.021522,0.822483,0.017745,0.568105,12.421754,1.913517,36.244144
273,2.275,-0.037218,0.873995,0.041258,0.482748,0.737305,87.92775,19.039526,-0.02239,0.871478,0.119624,0.475094,-0.095753,95.820793,19.326906,-0.008697,0.875582,0.08219,0.475948,-2.959677,114.021805,22.838625,0.119281,0.934625,-0.052609,0.330878,-5.07921,136.388702,25.914717,0.073375,0.97239,-0.166703,0.14589,-0.03551,150.547485,24.12118,-0.043011,0.826907,0.140154,0.542892,-7.269124,131.17186,22.270687,0.34232,-0.602272,0.176145,-0.699327,-14.065475,132.525742,7.070471,0.250993,-0.02698,-0.352783,-0.90101,-8.828421,116.290619,-10.71913,0.290051,0.126769,-0.523547,-0.791011,9.668651,131.642838,-16.288696,-0.068565,0.925067,0.196438,0.317744,-3.033884,130.683838,28.737381,0.370028,0.874384,0.211687,-0.231775,10.141237,130.71759,39.007969,0.031929,0.223881,0.504992,-0.832971,25.390816,117.187202,25.156788,0.108656,0.015546,0.549307,-0.828381,15.284666,138.632141,14.648907,0.035586,0.872226,0.155848,0.462242,-4.407014,87.683449,10.836805,0.137542,0.933286,-0.01641,0.331347,-1.449037,53.454601,-0.156929,0.008653,0.939004,0.009189,0.343676,-13.999075,8.35681,-2.995021,-0.047295,0.85321,-0.038375,0.517999,5.881625,88.172043,27.242249,0.021631,0.832034,-0.142563,0.535656,7.358747,52.367149,31.371857,-0.021511,0.822441,0.017724,0.568167,-1.491972,7.419905,41.410744,0.008653,0.939004,0.009189,0.343676,-4.682439,2.227572,-14.23493,-0.021511,0.822441,0.017724,0.568167,12.424091,1.912809,36.241814
274,2.283333,-0.037699,0.87391,0.04143,0.48285,0.755204,87.920036,19.036612,-0.022614,0.871391,0.119724,0.475219,-0.085871,95.812279,19.32258,-0.00875,0.875506,0.082075,0.476106,-2.961006,114.0224,22.835094,0.119436,0.934505,-0.05232,0.331207,-5.080681,136.390121,25.905121,0.072984,0.972432,-0.16623,0.146347,-0.034296,150.549438,24.123335,-0.043161,0.826821,0.140095,0.543026,-7.269505,131.172501,22.261539,0.342071,-0.602262,0.176114,-0.699466,-14.060575,132.521912,7.058573,0.250707,-0.026983,-0.352825,-0.901073,-8.822357,116.294228,-10.737467,0.289898,0.126803,-0.523425,-0.791143,9.67296,131.649536,-16.302757,-0.068691,0.925078,0.196411,0.317703,-3.036622,130.685837,28.729874,0.369872,0.874399,0.212067,-0.231622,10.138794,130.724075,39.000061,0.031676,0.224044,0.50495,-0.832962,25.397535,117.202888,25.150007,0.108197,0.015718,0.549252,-0.828474,15.29318,138.64801,14.64208,0.03581,0.872283,0.155791,0.462135,-4.386509,87.669357,10.832453,0.137577,0.93327,-0.016519,0.331373,-1.44589,53.440369,-0.165523,0.008591,0.938978,0.009542,0.343738,-14.002213,8.343813,-2.995506,-0.04707,0.853235,-0.038587,0.517962,5.896918,88.170715,27.24077,0.021585,0.832035,-0.142561,0.535657,7.352471,52.365471,31.375027,-0.021472,0.822532,0.017747,0.568036,-1.494597,7.418001,41.416096,0.008591,0.938978,0.009542,0.343738,-4.681796,2.22485,-14.237869,-0.021472,0.822532,0.017747,0.568036,12.419598,1.910772,36.242287
275,2.291667,-0.037712,0.873867,0.041316,0.482937,0.75516,87.918129,19.036474,-0.022693,0.87141,0.119645,0.475199,-0.085241,95.810509,19.320675,-0.008818,0.875558,0.081789,0.476058,-2.960514,114.015068,22.828117,0.119184,0.934606,-0.051517,0.331138,-5.07657,136.384872,25.885529,0.072996,0.972529,-0.165768,0.146222,-0.044665,150.551727,24.122866,-0.042977,0.82683,0.140069,0.543035,-7.266584,131.165466,22.245205,0.342131,-0.602231,0.175872,-0.699524,-14.057877,132.519531,7.042742,0.250625,-0.026915,-0.352893,-0.901071,-8.813627,116.298424,-10.757534,0.289716,0.126804,-0.52348,-0.791173,9.67866,131.656998,-16.318951,-0.068999,0.924943,0.196501,0.317973,-3.033008,130.681915,28.713322,0.36952,0.874547,0.212073,-0.231619,10.135254,130.726608,38.992668,0.031201,0.224302,0.504838,-0.832979,25.406942,117.217949,25.14465,0.107816,0.01588,0.549359,-0.828449,15.301741,138.665848,14.636995,0.035846,0.872254,0.155797,0.462185,-4.384922,87.66626,10.831326,0.137534,0.933241,-0.016557,0.331468,-1.445747,53.437603,-0.168038,0.008733,0.938995,0.009588,0.343687,-13.999319,8.340075,-2.994738,-0.047019,0.853207,-0.038593,0.518014,5.895242,88.169991,27.241623,0.021525,0.832075,-0.142587,0.535589,7.347173,52.364433,31.374416,-0.020848,0.822659,0.017506,0.567883,-1.495708,7.417422,41.421223,0.008733,0.938995,0.009588,0.343687,-4.681557,2.221021,-14.239261,-0.020848,0.822659,0.017506,0.567883,12.409205,1.893656,36.240089
276,2.3,-0.038047,0.873796,0.041425,0.483029,0.763656,87.911957,19.032917,-0.022744,0.871354,0.119722,0.475281,-0.082261,95.803795,19.31596,-0.008879,0.875511,0.081677,0.476162,-2.962075,114.0149,22.82609,0.119318,0.934495,-0.051696,0.331375,-5.078494,136.385483,25.877554,0.072584,0.972602,-0.165129,0.146663,-0.040474,150.549911,24.112902,-0.043084,0.826733,0.139862,0.543226,-7.267727,131.165237,22.237978,0.341827,-0.602226,0.175774,-0.699701,-14.051774,132.513611,7.031777,0.250354,-0.026938,-0.352935,-0.90113,-8.805552,116.303444,-10.777874,0.289636,0.126817,-0.523497,-0.791189,9.685379,131.66507,-16.336199,-0.069122,0.924929,0.196536,0.317966,-3.035697,130.683167,28.707218,0.369364,0.874546,0.212415,-0.231557,10.132138,130.731323,38.987087,0.03079,0.224534,0.504858,-0.832919,25.410902,117.232658,25.137127,0.107367,0.0162,0.549052,-0.828704,15.312111,138.684479,14.630818,0.035934,0.872302,0.155772,0.462096,-4.374196,87.655563,10.826513,0.137573,0.933189,-0.016658,0.331594,-1.442504,53.426815,-0.174581,0.008407,0.938971,0.009743,0.343755,-14.002107,8.330592,-2.995241,-0.04691,0.853148,-0.03871,0.518111,5.901507,88.16835,27.239319,0.02148,0.832048,-0.142516,0.535653,7.341899,52.362709,31.375412,-0.020837,0.822603,0.017558,0.567963,-1.494651,7.413593,41.418392,0.008407,0.938971,0.009743,0.343755,-4.678223,2.218976,-14.238728,-0.020837,0.822603,0.017558,0.567963,12.411487,1.890932,36.239372
277,2.308333,-0.038069,0.873742,0.04139,0.483128,0.762472,87.912918,19.032642,-0.022746,0.871325,0.119661,0.475349,-0.083507,95.804771,19.314928,-0.008977,0.875478,0.081605,0.476233,-2.962434,114.015671,22.822714,0.119165,0.934446,-0.051702,0.331568,-5.08144,136.386703,25.869047,0.072467,0.972632,-0.164617,0.147095,-0.046859,150.552307,24.103958,-0.043282,0.826628,0.139568,0.543446,-7.26956,131.165482,22.230206,0.341603,-0.602245,0.175535,-0.699854,-14.045036,132.504242,7.019329,0.249993,-0.026933,-0.352988,-0.901209,-8.795809,116.307297,-10.801477,0.289316,0.126751,-0.523527,-0.791296,9.694863,131.6745,-16.354557,-0.069263,0.924931,0.19655,0.317919,-3.038611,130.685181,28.700287,0.369075,0.874682,0.212365,-0.231551,10.12958,130.737869,38.979687,0.030316,0.224798,0.504759,-0.832926,25.419014,117.24852,25.132402,0.107025,0.016504,0.549111,-0.828704,15.320391,138.703018,14.62633,0.035924,0.872229,0.155782,0.462231,-4.373503,87.655937,10.82508,0.137608,0.933206,-0.016683,0.331531,-1.439151,53.427361,-0.175828,0.008597,0.938936,0.00981,0.343846,-14.0027,8.332121,-2.994622,-0.046861,0.853034,-0.038752,0.5183,5.898446,88.169899,27.240204,0.021319,0.832039,-0.142356,0.535716,7.333347,52.364151,31.377359,-0.02096,0.822557,0.017607,0.568023,-1.483427,7.41013,41.415775,0.008597,0.938936,0.00981,0.343846,-4.678579,2.220441,-14.237884,-0.02096,0.822557,0.017607,0.568023,12.424928,1.890761,36.239185
278,2.316667,-0.038083,0.873688,0.041425,0.483222,0.761663,87.91568,19.030323,-0.022713,0.871265,0.119625,0.47547,-0.084812,95.807472,19.312902,-0.009038,0.875407,0.081534,0.476375,-2.962091,114.016129,22.819223,0.119132,0.934383,-0.051636,0.331768,-5.082487,136.387634,25.861061,0.072326,0.972661,-0.16424,0.147396,-0.048728,150.553879,24.098797,-0.043398,0.826467,0.139633,0.543665,-7.269326,131.165756,22.222391,0.341286,-0.602251,0.175504,-0.700011,-14.03651,132.503754,7.00776,0.249684,-0.027044,-0.353038,-0.901272,-8.787066,116.315842,-10.821178,0.28918,0.126729,-0.523523,-0.791352,9.701935,131.68573,-16.374605,-0.069129,0.924933,0.196536,0.317952,-3.040483,130.686646,28.693935,0.368824,0.874732,0.212484,-0.231652,10.127631,130.735092,38.97345,0.029691,0.225018,0.504783,-0.832874,25.423872,117.25811,25.121662,0.106523,0.01683,0.549239,-0.828678,15.330227,138.722275,14.621557,0.035882,0.872184,0.155752,0.462329,-4.372535,87.658905,10.821643,0.137634,0.933212,-0.016698,0.331501,-1.435282,53.42942,-0.17567,0.008313,0.938967,0.009754,0.343769,-14.001677,8.334911,-2.993595,-0.046916,0.852975,-0.038749,0.518394,5.895861,88.172447,27.239004,0.021327,0.831934,-0.142307,0.535892,7.333787,52.367062,31.378195,-0.02099,0.822474,0.017628,0.568142,-1.483307,7.411763,41.410606,0.008313,0.938967,0.009754,0.343769,-4.676317,2.224514,-14.236527,-0.02099,0.822474,0.017628,0.568142,12.42695,1.893447,36.23801
279,2.325,-0.038072,0.873627,0.041468,0.48333,0.759664,87.916962,19.029102,-0.02271,0.871207,0.119588,0.475585,-0.087017,95.808708,19.312263,-0.009236,0.875339,0.081442,0.476512,-2.963872,114.016815,22.816872,0.119762,0.934188,-0.051962,0.33204,-5.090607,136.388855,25.850502,0.071958,0.972719,-0.16375,0.147737,-0.035765,150.547485,24.08749,-0.043359,0.826341,0.139634,0.543859,-7.274973,131.165237,22.212839,0.341265,-0.602192,0.175249,-0.700136,-14.035216,132.505402,6.995317,0.249605,-0.027125,-0.353072,-0.901278,-8.7779,116.326836,-10.839778,0.289023,0.126673,-0.523658,-0.791329,9.710631,131.698212,-16.396135,-0.069122,0.924934,0.196674,0.317867,-3.048211,130.689285,28.685974,0.368428,0.87492,0.212557,-0.231506,10.121742,130.736649,38.963139,0.029309,0.225316,0.504682,-0.832868,25.435711,117.272591,25.118366,0.106107,0.0166,0.549377,-0.828644,15.343783,138.736252,14.615604,0.035847,0.872145,0.155753,0.462407,-4.372531,87.660927,10.819148,0.137668,0.933225,-0.016737,0.33145,-1.432123,53.431286,-0.176834,0.008542,0.938934,0.009815,0.343851,-14.002754,8.337769,-2.991657,-0.047016,0.852855,-0.038547,0.518596,5.891859,88.173004,27.239054,0.021339,0.831669,-0.142528,0.536244,7.342508,52.367176,31.369919,-0.022423,0.822549,0.01698,0.567998,-1.490769,7.417813,41.414673,0.008542,0.938934,0.009815,0.343851,-4.677839,2.226774,-14.23463,-0.022423,0.822549,0.01698,0.567998,12.427171,1.908118,36.253578
280,2.333333,-0.038103,0.87357,0.041512,0.483425,0.758046,87.918259,19.028307,-0.022733,0.87116,0.119519,0.475687,-0.089438,95.809906,19.311737,-0.009263,0.875288,0.081392,0.476613,-2.965907,114.016655,22.813025,0.119673,0.934144,-0.052004,0.332189,-5.092976,136.389023,25.843843,0.071916,0.972733,-0.163433,0.148016,-0.039657,150.54808,24.079769,-0.043439,0.826194,0.13968,0.544064,-7.27659,131.16507,22.206221,0.340611,-0.602088,0.175501,-0.700481,-14.029169,132.505035,6.985271,0.24905,-0.027402,-0.353125,-0.901402,-8.769997,116.33593,-10.857862,0.288838,0.126619,-0.523551,-0.791476,9.718236,131.711136,-16.418419,-0.069499,0.924908,0.19675,0.317813,-3.051324,130.689728,28.680378,0.368364,0.874932,0.212792,-0.231347,10.11804,130.748215,38.958244,0.02901,0.225595,0.504653,-0.832821,25.437958,117.287735,25.116575,0.105495,0.01687,0.549223,-0.828819,15.35127,138.751465,14.610435,0.035794,0.87209,0.15575,0.462515,-4.372318,87.662216,10.817207,0.13772,0.933178,-0.016781,0.331557,-1.427298,53.432228,-0.176461,0.008571,0.938917,0.009787,0.343897,-14.003411,8.340192,-2.990552,-0.047218,0.852838,-0.038643,0.518599,5.888412,88.174301,27.239407,0.020991,0.831992,-0.142245,0.535831,7.347845,52.37038,31.383699,-0.022497,0.822841,0.016999,0.567572,-1.439194,7.412103,41.429096,0.008571,0.938917,0.009787,0.343897,-4.677872,2.228121,-14.232427,-0.022497,0.822841,0.016999,0.567572,12.474214,1.903983,36.254112
281,2.341667,-0.038071,0.87352,0.041479,0.483521,0.755239,87.917778,19.02697,-0.022856,0.871125,0.119452,0.475763,-0.091571,95.809517,19.310108,-0.009157,0.87527,0.081332,0.47666,-2.971206,114.016739,22.806774,0.119573,0.934125,-0.051605,0.332339,-5.09297,136.389633,25.837395,0.071838,0.9727,-0.163466,0.148231,-0.045539,150.552155,24.084293,-0.043656,0.826052,0.139735,0.544249,-7.277578,131.166214,22.199594,0.340385,-0.602102,0.175265,-0.700638,-14.022788,132.502289,6.975041,0.248869,-0.027429,-0.353171,-0.901433,-8.760402,116.346451,-10.879169,0.288798,0.126673,-0.523625,-0.791433,9.726973,131.724869,-16.438627,-0.06938,0.924909,0.196768,0.317825,-3.052973,130.689835,28.674105,0.368002,0.875059,0.212822,-0.231414,10.116681,130.744385,38.951618,0.028478,0.225813,0.504524,-0.832859,25.448215,117.298256,25.108877,0.105086,0.017025,0.549023,-0.829,15.359452,138.764221,14.606565,0.03577,0.872073,0.155738,0.462554,-4.37338,87.662102,10.814771,0.137729,0.933207,-0.016763,0.331474,-1.426744,53.431713,-0.177232,0.008556,0.93891,0.009793,0.343916,-14.003313,8.339849,-2.992049,-0.047189,0.85275,-0.038433,0.518761,5.883858,88.173462,27.23917,0.021368,0.831592,-0.142553,0.536355,7.348605,52.368176,31.369745,-0.022298,0.822513,0.017028,0.568054,-1.489568,7.419619,41.413795,0.008556,0.93891,0.009793,0.343916,-4.677121,2.228097,-14.233552,-0.022298,0.822513,0.017028,0.568054,12.428193,1.90898,36.25322
282,2.35,-0.038057,0.873465,0.041476,0.483622,0.751292,87.915718,19.024715,-0.0229,0.871074,0.119388,0.475871,-0.095335,95.807472,19.307812,-0.009265,0.875209,0.081355,0.476765,-2.975713,114.015327,22.801319,0.119463,0.934073,-0.052219,0.332429,-5.102584,136.38797,25.830269,0.072086,0.972729,-0.162874,0.148576,-0.052157,150.547241,24.05974,-0.043801,0.825827,0.13981,0.544558,-7.285243,131.163956,22.192165,0.340606,-0.602112,0.174674,-0.70067,-14.018789,132.49913,6.962368,0.248863,-0.02737,-0.353282,-0.901393,-8.746762,116.35672,-10.901129,0.288589,0.126662,-0.523654,-0.791492,9.736527,131.739777,-16.459011,-0.069428,0.924952,0.196884,0.317616,-3.062217,130.688705,28.667793,0.367687,0.875231,0.212751,-0.231333,10.111661,130.744965,38.939884,0.028048,0.226024,0.504365,-0.832912,25.456501,117.307678,25.103277,0.104818,0.017189,0.548867,-0.829134,15.363532,138.774689,14.601842,0.035741,0.872011,0.155751,0.462668,-4.375453,87.660355,10.811333,0.13773,0.933168,-0.01682,0.331581,-1.42512,53.43013,-0.180183,0.008582,0.938916,0.009835,0.3439,-14.003287,8.338484,-2.991443,-0.047323,0.852621,-0.038257,0.518974,5.878036,88.171082,27.238098,0.021451,0.831447,-0.142715,0.536534,7.356606,52.36573,31.363207,-0.02246,0.822539,0.016864,0.568015,-1.49826,7.421833,41.413391,0.008582,0.938916,0.009835,0.3439,-4.677596,2.227628,-14.23385,-0.02246,0.822539,0.016864,0.568015,12.419522,1.909945,36.2542
283,2.358333,-0.038087,0.873431,0.041505,0.483678,0.749384,87.915596,19.023579,-0.022868,0.871048,0.119305,0.47594,-0.097899,95.807281,19.306793,-0.009332,0.875167,0.081305,0.476849,-2.975771,114.014313,22.797676,0.119607,0.934008,-0.052154,0.33257,-5.104534,136.387283,25.822994,0.071987,0.972727,-0.162799,0.148718,-0.050321,150.545731,24.056681,-0.043959,0.825651,0.140003,0.544764,-7.286167,131.162598,22.185207,0.340372,-0.602123,0.174429,-0.700835,-14.01177,132.498154,6.951936,0.248508,-0.027473,-0.353316,-0.901475,-8.736196,116.36956,-10.922985,0.288212,0.126655,-0.523653,-0.791631,9.746381,131.755417,-16.480043,-0.069619,0.924934,0.196868,0.317639,-3.064404,130.688522,28.661739,0.367564,0.875281,0.212809,-0.231285,10.108093,130.750671,38.935562,0.027932,0.226092,0.504325,-0.832922,25.458452,117.317917,25.100697,0.10473,0.017272,0.549019,-0.829042,15.364674,138.785309,14.598953,0.035691,0.871961,0.155792,0.462751,-4.37626,87.660072,10.809515,0.137789,0.933156,-0.016859,0.331587,-1.420368,53.430511,-0.182562,0.008638,0.938889,0.00983,0.343971,-14.004752,8.340517,-2.992372,-0.047427,0.852644,-0.038428,0.518915,5.875028,88.171127,27.237642,0.021531,0.831735,-0.142525,0.536134,7.353809,52.367424,31.376999,-0.022362,0.822513,0.017085,0.56805,-1.492975,7.418766,41.413052,0.008638,0.938889,0.00983,0.343971,-4.678037,2.228963,-14.23355,-0.022362,0.822513,0.017085,0.56805,12.425694,1.910597,36.252285
284,2.366667,-0.038138,0.873384,0.041582,0.483753,0.748644,87.916656,19.022243,-0.022876,0.87101,0.11925,0.476023,-0.099965,95.808174,19.306051,-0.009358,0.875122,0.081276,0.476937,-2.977223,114.014069,22.794447,0.119786,0.93394,-0.052183,0.332693,-5.106714,136.387222,25.817833,0.071845,0.972736,-0.162695,0.148838,-0.046921,150.5439,24.053352,-0.044007,0.825536,0.140034,0.544926,-7.287581,131.162292,22.179953,0.340193,-0.602128,0.174113,-0.700997,-14.007113,132.498001,6.944018,0.248216,-0.02758,-0.353341,-0.901542,-8.726375,116.384186,-10.9427,0.287858,0.126646,-0.523667,-0.791752,9.755665,131.771957,-16.499994,-0.069965,0.924902,0.196987,0.317579,-3.067131,130.68866,28.657377,0.367486,0.875327,0.212855,-0.23119,10.105006,130.760574,38.931595,0.02786,0.226185,0.504243,-0.832949,25.460339,117.32988,25.100254,0.104658,0.017489,0.548931,-0.829105,15.364727,138.794617,14.596462,0.035653,0.871943,0.155816,0.462781,-4.375522,87.661072,10.807262,0.137852,0.933191,-0.016887,0.331461,-1.416065,53.431847,-0.184894,0.008559,0.938879,0.009784,0.344002,-14.007012,8.343551,-2.992538,-0.047387,0.852422,-0.038248,0.519296,5.87281,88.172241,27.237225,0.02133,0.831422,-0.142477,0.53664,7.35408,52.367271,31.36471,-0.022741,0.822384,0.016922,0.568226,-1.480772,7.416525,41.401882,0.008559,0.938879,0.009784,0.344002,-4.678857,2.231495,-14.232245,-0.022741,0.822384,0.016922,0.568226,12.442653,1.910921,36.251225
285,2.375,-0.038172,0.873336,0.041699,0.483826,0.746393,87.917824,19.019762,-0.022977,0.870963,0.11918,0.476122,-0.103601,95.809143,19.304857,-0.009265,0.875083,0.081251,0.477014,-2.983351,114.015793,22.78891,0.119752,0.933936,-0.052117,0.332726,-5.108871,136.389206,25.813133,0.071926,0.972724,-0.162735,0.148833,-0.050505,150.546616,24.050354,-0.04424,0.825272,0.140263,0.545248,-7.290207,131.164902,22.174637,0.339723,-0.602111,0.174085,-0.701246,-13.99733,132.50029,6.933205,0.247715,-0.027692,-0.35337,-0.901665,-8.715114,116.399506,-10.964814,0.287497,0.126646,-0.523766,-0.791818,9.765906,131.790283,-16.518984,-0.070207,0.924864,0.197117,0.317558,-3.070866,130.690109,28.652699,0.367303,0.875433,0.212818,-0.231115,10.100595,130.768143,38.927738,0.027733,0.226298,0.504076,-0.833023,25.464314,117.342232,25.101048,0.104579,0.017716,0.548883,-0.829142,15.363055,138.802032,14.595551,0.035606,0.871893,0.155827,0.462874,-4.376352,87.662865,10.803874,0.137889,0.933203,-0.016937,0.331408,-1.412376,53.433632,-0.187066,0.008341,0.93888,0.009794,0.344004,-14.008199,8.346454,-2.990806,-0.047468,0.852234,-0.038139,0.519606,5.869138,88.172783,27.235651,0.0213,0.831328,-0.142547,0.536769,7.357977,52.367771,31.360081,-0.022678,0.822361,0.017036,0.568259,-1.479571,7.418773,41.402718,0.008341,0.93888,0.009794,0.344004,-4.677426,2.236782,-14.229637,-0.022678,0.822361,0.017036,0.568259,12.444382,1.914874,36.251659
286,2.383333,-0.038263,0.8733,0.041744,0.483881,0.74622,87.918274,19.018818,-0.02299,0.870926,0.119155,0.476194,-0.105398,95.809425,19.303783,-0.009259,0.875045,0.081181,0.477096,-2.985255,114.015152,22.78636,0.119841,0.933921,-0.05203,0.33275,-5.109309,136.389084,25.807783,0.071947,0.972723,-0.162828,0.148729,-0.049241,150.546326,24.04846,-0.04439,0.825095,0.140471,0.54545,-7.290456,131.164581,22.169456,0.339508,-0.602156,0.173734,-0.701398,-13.989788,132.500809,6.924674,0.247444,-0.027702,-0.35338,-0.901735,-8.704249,116.416481,-10.987149,0.287218,0.126723,-0.523842,-0.791856,9.776646,131.809387,-16.537302,-0.070321,0.924815,0.197129,0.317667,-3.072331,130.690109,28.648333,0.367175,0.875488,0.21281,-0.231118,10.09629,130.770721,38.926994,0.027581,0.226371,0.50397,-0.833073,25.464539,117.349258,25.101025,0.104521,0.018052,0.548883,-0.829142,15.359311,138.807693,14.595769,0.035655,0.871823,0.155908,0.462974,-4.375368,87.66227,10.802242,0.137941,0.932859,-0.017221,0.332341,-1.41047,53.435135,-0.194976,0.008556,0.938808,0.009832,0.344194,-14.01676,8.350218,-2.988016,-0.047555,0.852095,-0.038003,0.519835,5.867808,88.174286,27.235395,0.021375,0.831189,-0.142706,0.536939,7.365979,52.369118,31.355085,-0.022791,0.822378,0.016936,0.568233,-1.487415,7.42467,41.40414,0.008556,0.938808,0.009832,0.344194,-4.683773,2.239442,-14.224412,-0.022791,0.822378,0.016936,0.568233,12.436651,1.920253,36.253948
287,2.391667,-0.0383,0.873281,0.041761,0.483911,0.744259,87.917992,19.018303,-0.02296,0.870905,0.119074,0.476255,-0.108002,95.809074,19.303188,-0.009283,0.875009,0.081124,0.477171,-2.984951,114.010849,22.782602,0.119952,0.933909,-0.051914,0.332761,-5.108982,136.385178,25.801107,0.071929,0.972726,-0.162956,0.14858,-0.046916,150.542252,24.046204,-0.044456,0.824984,0.140616,0.545575,-7.289635,131.160309,22.163006,0.339255,-0.602142,0.173436,-0.701606,-13.984215,132.498093,6.916274,0.247226,-0.027625,-0.353432,-0.901777,-8.692741,116.430069,-11.008417,0.287151,0.12676,-0.524057,-0.791733,9.789663,131.82988,-16.552969,-0.070516,0.924799,0.196889,0.317818,-3.072623,130.686478,28.642651,0.367165,0.875499,0.212859,-0.231045,10.091866,130.774628,38.926537,0.027467,0.226491,0.503918,-0.833075,25.462145,117.353188,25.102806,0.104338,0.018325,0.548653,-0.829311,15.357635,138.809387,14.595999,0.035644,0.871714,0.156047,0.463135,-4.376713,87.66156,10.801358,0.137978,0.932825,-0.017333,0.332413,-1.404385,53.437489,-0.203379,0.008556,0.938804,0.00975,0.344208,-14.017052,8.353892,-2.988821,-0.04754,0.852054,-0.038006,0.519904,5.865232,88.174423,27.235249,0.021249,0.831105,-0.142605,0.5371,7.362026,52.369164,31.354649,-0.022622,0.822327,0.017155,0.568306,-1.47842,7.421515,41.400761,0.008556,0.938804,0.00975,0.344208,-4.684116,2.24086,-14.224024,-0.022622,0.822327,0.017155,0.568306,12.446313,1.919556,36.249752
288,2.4,-0.038265,0.873244,0.042081,0.483952,0.745972,87.910492,19.006582,-0.022746,0.870801,0.119137,0.47644,-0.10828,95.801186,19.296127,-0.009392,0.874868,0.081041,0.477442,-2.981284,114.010345,22.782225,0.120196,0.933828,-0.052027,0.332885,-5.108767,136.385193,25.79442,0.071813,0.972741,-0.163057,0.148428,-0.038606,150.539383,24.039705,-0.044628,0.824878,0.140807,0.545672,-7.286772,131.159363,22.156113,0.338882,-0.60219,0.173184,-0.701807,-13.977283,132.496536,6.907542,0.24689,-0.02759,-0.353426,-0.901873,-8.684359,116.445747,-11.03216,0.286985,0.126823,-0.524116,-0.791743,9.799166,131.848465,-16.569559,-0.070502,0.92473,0.196711,0.318133,-3.073795,130.687271,28.63851,0.367112,0.87554,0.212786,-0.231043,10.08407,130.774643,38.930878,0.027334,0.226737,0.503865,-0.833044,25.456303,117.353912,25.108635,0.104074,0.018502,0.548475,-0.829458,15.355052,138.807785,14.595385,0.035676,0.871661,0.155928,0.463272,-4.374276,87.657707,10.789072,0.137901,0.932794,-0.017389,0.332531,-1.406297,53.43111,-0.208993,0.008418,0.938845,0.009919,0.344094,-14.013789,8.345699,-2.988658,-0.047696,0.852024,-0.038048,0.519935,5.86622,88.163277,27.224091,0.021369,0.831129,-0.142812,0.537003,7.370848,52.359329,31.352005,-0.022805,0.822429,0.017177,0.568151,-1.488177,7.417691,41.408646,0.008418,0.938845,0.009919,0.344094,-4.681205,2.238693,-14.227435,-0.022805,0.822429,0.017177,0.568151,12.436479,1.919344,36.253559
289,2.408333,-0.038013,0.873269,0.041592,0.48397,0.728993,87.918831,19.016481,-0.022705,0.870778,0.119,0.476518,-0.118031,95.810486,19.301193,-0.00937,0.87483,0.080965,0.477525,-2.985456,114.007477,22.780806,0.12032,0.933831,-0.051956,0.332841,-5.110708,136.382904,25.790279,0.07189,0.972738,-0.163291,0.148151,-0.037984,150.53653,24.038509,-0.044762,0.824745,0.140784,0.545868,-7.288706,131.156967,22.152126,0.338283,-0.602136,0.173157,-0.702149,-13.971681,132.491119,6.899982,0.246344,-0.027659,-0.35352,-0.901983,-8.675083,116.457031,-11.05357,0.286813,0.126856,-0.524066,-0.791834,9.806858,131.86734,-16.586372,-0.070542,0.924711,0.196692,0.318191,-3.076956,130.685013,28.635332,0.367224,0.875478,0.212978,-0.230922,10.079477,130.773407,38.929527,0.027255,0.226793,0.503913,-0.833003,25.45043,117.349876,25.108564,0.103824,0.018675,0.548214,-0.829658,15.352991,138.805496,14.595397,0.035545,0.871526,0.156189,0.463449,-4.391294,87.665733,10.799005,0.137895,0.932799,-0.017375,0.33252,-1.404014,53.444344,-0.210021,0.008553,0.938875,0.009527,0.344019,-14.010594,8.358741,-2.990571,-0.047779,0.852052,-0.037779,0.519901,5.84928,88.171928,27.233959,0.021348,0.831193,-0.142793,0.53691,7.369276,52.367081,31.348354,-0.022687,0.822404,0.016957,0.568199,-1.486023,7.424843,41.405617,0.008553,0.938875,0.009527,0.344019,-4.683115,2.239648,-14.227011,-0.022687,0.822404,0.016957,0.568199,12.436771,1.919156,36.253342
290,2.416667,-0.038341,0.873212,0.042128,0.484,0.744159,87.907913,19.002972,-0.022775,0.870726,0.119157,0.476571,-0.111525,95.798454,19.292536,-0.009382,0.874789,0.080905,0.47761,-2.986046,114.005432,22.777969,0.120432,0.933851,-0.051827,0.332764,-5.110754,136.381287,25.78462,0.072058,0.972743,-0.163493,0.147811,-0.036438,150.534882,24.037008,-0.045647,0.82375,0.142057,0.546966,-7.288321,131.155075,22.146618,0.337545,-0.602553,0.173596,-0.702039,-13.928538,132.494781,6.876299,0.245494,-0.027505,-0.353669,-0.902161,-8.664182,116.461418,-11.087379,0.286515,0.127015,-0.52403,-0.79194,9.81467,131.885956,-16.601023,-0.070616,0.924651,0.196652,0.318373,-3.077828,130.683609,28.630676,0.367341,0.875427,0.213171,-0.230752,10.074389,130.773346,38.930244,0.027225,0.226856,0.50396,-0.832958,25.444962,117.346123,25.11248,0.103628,0.018804,0.547921,-0.829873,15.351788,138.802261,14.598125,0.035639,0.871612,0.156136,0.463297,-4.375077,87.654343,10.784855,0.137976,0.932692,-0.017605,0.332775,-1.397362,53.43224,-0.224553,0.008584,0.93882,0.009792,0.344162,-14.017192,8.349469,-2.991011,-0.047748,0.852038,-0.038023,0.519909,5.863395,88.161484,27.22109,0.021403,0.831129,-0.142819,0.537001,7.372263,52.357758,31.349358,-0.022648,0.822364,0.01727,0.568248,-1.489689,7.416445,41.404861,0.008584,0.93882,0.009792,0.344162,-4.685487,2.237325,-14.227724,-0.022648,0.822364,0.01727,0.568248,12.435278,1.917712,36.25103
291,2.425,-0.038149,0.873239,0.041739,0.484,0.729421,87.919365,19.012587,-0.022731,0.870706,0.119006,0.476646,-0.120613,95.810661,19.298243,-0.009375,0.874745,0.080855,0.477699,-2.988891,114.003845,22.776478,0.12064,0.933787,-0.051939,0.332851,-5.112584,136.380081,25.781103,0.071949,0.972708,-0.163775,0.147786,-0.031281,150.531113,24.033123,-0.045142,0.82429,0.141365,0.546373,-7.289806,131.153748,22.143047,0.338071,-0.602341,0.172377,-0.702267,-13.953197,132.491104,6.88262,0.245751,-0.027528,-0.353654,-0.902096,-8.65552,116.485855,-11.096342,0.28604,0.127199,-0.523988,-0.79211,9.820283,131.905029,-16.614235,-0.070596,0.924594,0.19647,0.318657,-3.080631,130.682449,28.627972,0.366541,0.876275,0.210224,-0.231506,10.065638,130.771515,38.935135,0.025822,0.228046,0.503474,-0.832972,25.447994,117.337776,25.13681,0.103358,0.018908,0.547799,-0.829985,15.351534,138.800781,14.602041,0.035504,0.871496,0.156323,0.463463,-4.3901,87.665382,10.794662,0.138031,0.932804,-0.017529,0.332441,-1.395494,53.446793,-0.221105,0.008592,0.938831,0.009444,0.344141,-14.018687,8.365202,-2.991381,-0.047813,0.851982,-0.03775,0.520015,5.848942,88.173355,27.230513,0.02135,0.831073,-0.142823,0.537088,7.371612,52.36858,31.344622,-0.022666,0.822336,0.017032,0.568295,-1.48748,7.427156,41.402168,0.008592,0.938831,0.009444,0.344141,-4.689138,2.243396,-14.224622,-0.022666,0.822336,0.017032,0.568295,12.436779,1.922946,36.252274
292,2.433333,-0.03817,0.873219,0.042151,0.483999,0.733332,87.915924,19.001154,-0.022738,0.870649,0.119071,0.476733,-0.120155,95.806648,19.292351,-0.009371,0.874681,0.08082,0.477822,-2.990763,114.002968,22.772949,0.120593,0.933802,-0.051874,0.332837,-5.11393,136.379456,25.775995,0.072181,0.972671,-0.16408,0.147576,-0.034551,150.531326,24.02924,-0.045222,0.824163,0.141586,0.546501,-7.290464,131.153107,22.137569,0.337799,-0.602288,0.172169,-0.702495,-13.948957,132.493088,6.875238,0.245383,-0.027551,-0.35371,-0.902174,-8.644568,116.50209,-11.114411,0.285623,0.127402,-0.524052,-0.792186,9.827756,131.924088,-16.627222,-0.07067,0.924511,0.196491,0.318867,-3.083106,130.681854,28.623676,0.36735,0.875471,0.213166,-0.230576,10.058335,130.771423,38.936985,0.026872,0.227214,0.503998,-0.832849,25.432587,117.341087,25.12632,0.10313,0.019192,0.547864,-0.829964,15.349627,138.799988,14.606762,0.035444,0.871486,0.156231,0.463518,-4.386174,87.665466,10.78311,0.138122,0.932812,-0.017595,0.332377,-1.390216,53.4445,-0.224895,0.008726,0.938775,0.009587,0.344287,-14.023447,8.365491,-2.991482,-0.047939,0.851954,-0.037993,0.520032,5.852837,88.166389,27.219196,0.021454,0.831257,-0.142822,0.536799,7.373938,52.363811,31.352938,-0.023529,0.822547,0.016927,0.567958,-1.489733,7.422787,41.408234,0.008726,0.938775,0.009587,0.344287,-4.69135,2.246261,-14.22401,-0.023529,0.822547,0.016927,0.567958,12.43778,1.930671,36.254234
293,2.441667,-0.038237,0.87318,0.041892,0.484086,0.729272,87.920509,19.00898,-0.022708,0.870604,0.118994,0.476836,-0.123189,95.811501,19.295984,-0.009398,0.874624,0.08077,0.477934,-2.990669,114.001045,22.772886,0.120575,0.933834,-0.051696,0.332782,-5.114206,136.377884,25.773096,0.072432,0.972627,-0.164546,0.147222,-0.037145,150.531128,24.030674,-0.045271,0.824071,0.141727,0.546599,-7.289904,131.151199,22.134647,0.337577,-0.602316,0.171847,-0.702656,-13.944666,132.493027,6.870842,0.245072,-0.027489,-0.353752,-0.902243,-8.636499,116.517929,-11.131811,0.285321,0.127539,-0.524074,-0.792258,9.834217,131.943909,-16.636955,-0.070723,0.924443,0.196447,0.31908,-3.084214,130.680527,28.62188,0.367593,0.875325,0.21361,-0.230332,10.052451,130.770645,38.94128,0.026864,0.227304,0.504132,-0.832744,25.423447,117.334961,25.132185,0.102729,0.019503,0.54771,-0.830109,15.350084,138.795914,14.610476,0.035376,0.871569,0.156422,0.463301,-4.388509,87.66658,10.789964,0.138215,0.932778,-0.017644,0.332432,-1.38457,53.449596,-0.228228,0.008672,0.938744,0.009353,0.34438,-14.027117,8.373159,-2.994148,-0.047864,0.851991,-0.037639,0.520003,5.847053,88.174446,27.227995,0.021306,0.830994,-0.142933,0.537183,7.377054,52.369415,31.337189,-0.02354,0.822521,0.016664,0.568003,-1.485235,7.430765,41.404316,0.008672,0.938744,0.009353,0.34438,-4.693205,2.248008,-14.221949,-0.02354,0.822521,0.016664,0.568003,12.44133,1.932458,36.254333
294,2.45,-0.038243,0.873175,0.042188,0.484069,0.733764,87.913719,18.997698,-0.022742,0.870556,0.119146,0.476886,-0.121039,95.804298,19.288782,-0.009363,0.874592,0.080717,0.478002,-2.993301,113.997414,22.770723,0.12046,0.93388,-0.051704,0.332692,-5.114564,136.374664,25.769434,0.072676,0.972597,-0.164862,0.146945,-0.04086,150.528854,24.025013,-0.045269,0.824036,0.141736,0.54665,-7.290369,131.148041,22.130951,0.337268,-0.602239,0.171657,-0.702917,-13.943254,132.490387,6.866382,0.244793,-0.027408,-0.353826,-0.902293,-8.627287,116.530121,-11.147128,0.285185,0.127688,-0.524247,-0.792168,9.842988,131.963211,-16.645313,-0.070672,0.924384,0.196212,0.319406,-3.085671,130.677216,28.618813,0.367783,0.875224,0.213809,-0.230228,10.044271,130.765976,38.946766,0.026853,0.227432,0.504289,-0.832614,25.410757,117.325081,25.137728,0.102488,0.019781,0.547944,-0.829977,15.349035,138.788574,14.612494,0.035385,0.871559,0.156321,0.463354,-4.384322,87.66246,10.778795,0.138158,0.932822,-0.017681,0.33233,-1.38365,53.443241,-0.233316,0.008579,0.938798,0.009501,0.344229,-14.022779,8.365464,-2.992846,-0.047939,0.851944,-0.037718,0.520068,5.851851,88.16497,27.216602,0.0214,0.831027,-0.143015,0.537106,7.383159,52.360897,31.333542,-0.023572,0.822497,0.01681,0.568033,-1.489673,7.424837,41.40292,0.008579,0.938798,0.009501,0.344229,-4.69072,2.245337,-14.224914,-0.023572,0.822497,0.01681,0.568033,12.438447,1.930618,36.252808
295,2.458333,-0.03853,0.873106,0.042299,0.484161,0.743057,87.905548,18.994331,-0.022841,0.870503,0.119245,0.476953,-0.116607,95.795631,19.284645,-0.009328,0.874557,0.080655,0.478077,-2.995422,113.995682,22.769281,0.120487,0.933898,-0.051734,0.332629,-5.114185,136.373428,25.766129,0.07288,0.972561,-0.165233,0.146669,-0.039688,150.527222,24.020752,-0.04533,0.823959,0.141726,0.546764,-7.290103,131.146851,22.127655,0.336983,-0.602219,0.171521,-0.703104,-13.938649,132.487961,6.861088,0.244444,-0.027358,-0.353917,-0.902353,-8.619176,116.539635,-11.161947,0.28494,0.127794,-0.52435,-0.792171,9.850064,131.980591,-16.65361,-0.070633,0.924295,0.196061,0.319764,-3.086507,130.675888,28.61622,0.367987,0.875143,0.213901,-0.230122,10.035979,130.762497,38.953667,0.026924,0.227563,0.50446,-0.832472,25.397461,117.314209,25.146263,0.102393,0.019879,0.54802,-0.829936,15.348238,138.779343,14.615432,0.03545,0.871609,0.156374,0.463237,-4.372882,87.650604,10.774205,0.13821,0.932797,-0.01781,0.33237,-1.375996,53.432907,-0.243685,0.008375,0.938814,0.009649,0.344188,-14.023477,8.356905,-2.994082,-0.047877,0.852073,-0.037768,0.519859,5.858996,88.1605,27.214455,0.021447,0.831137,-0.143046,0.536926,7.385638,52.356266,31.331768,-0.023491,0.822523,0.016826,0.567997,-1.490235,7.421222,41.402988,0.008375,0.938814,0.009649,0.344188,-4.689373,2.242845,-14.22776,-0.023491,0.822523,0.016826,0.567997,12.436779,1.926011,36.250938
296,2.466667,-0.038528,0.873081,0.042275,0.484208,0.740953,87.902153,18.992603,-0.022901,0.870449,0.119287,0.477037,-0.118511,95.792267,19.282547,-0.009315,0.874511,0.080629,0.478167,-3.000385,113.991974,22.7672,0.12052,0.933887,-0.052261,0.332564,-5.118386,136.369904,25.763098,0.073115,0.972547,-0.165345,0.146519,-0.038356,150.519913,24.00309,-0.04534,0.823813,0.141842,0.546952,-7.293893,131.143372,22.124308,0.336874,-0.602222,0.171277,-0.703213,-13.935534,132.487473,6.854996,0.244228,-0.027257,-0.354011,-0.902378,-8.612147,116.54985,-11.176355,0.284723,0.127927,-0.524441,-0.792168,9.85454,131.99733,-16.661058,-0.070709,0.924245,0.196085,0.319879,-3.091627,130.672318,28.613728,0.368076,0.875205,0.213554,-0.230068,10.028041,130.760162,38.954742,0.026745,0.22781,0.504552,-0.832355,25.38752,117.302383,25.154352,0.102307,0.02003,0.54809,-0.829897,15.348402,138.771317,14.618215,0.035419,0.871653,0.156438,0.463134,-4.374101,87.647064,10.77193,0.138225,0.932808,-0.017847,0.332331,-1.374412,53.430653,-0.249204,0.008507,0.938793,0.009665,0.344241,-14.024371,8.355146,-2.99637,-0.047922,0.852174,-0.037706,0.519694,5.856007,88.157242,27.213276,0.021491,0.831377,-0.14311,0.536535,7.388548,52.352982,31.328178,-0.022755,0.822446,0.017071,0.568132,-1.489238,7.419839,41.406239,0.008507,0.938793,0.009665,0.344241,-4.690446,2.240225,-14.229727,-0.022755,0.822446,0.017071,0.568132,12.434057,1.918044,36.251156
297,2.475,-0.03859,0.873056,0.042405,0.484237,0.742804,87.900665,18.98807,-0.022874,0.870405,0.119306,0.477114,-0.11852,95.790527,19.279303,-0.009296,0.87446,0.080615,0.478262,-3.000254,113.990852,22.764938,0.120579,0.933883,-0.052293,0.332548,-5.11755,136.368912,25.760469,0.073224,0.972495,-0.165805,0.146286,-0.035664,150.518188,24.000074,-0.045375,0.823757,0.141927,0.547012,-7.292596,131.142517,22.121199,0.336506,-0.602184,0.171293,-0.703418,-13.931963,132.487564,6.850977,0.243841,-0.027211,-0.354084,-0.902456,-8.606597,116.559196,-11.187981,0.284478,0.128034,-0.524646,-0.792102,9.858794,132.013275,-16.665155,-0.070701,0.924162,0.195968,0.32019,-3.091738,130.671188,28.611511,0.368294,0.875115,0.213682,-0.229944,10.021306,130.757797,38.96093,0.02688,0.227845,0.504737,-0.832229,25.375694,117.292427,25.162285,0.102317,0.02015,0.548501,-0.829621,15.346995,138.764709,14.622223,0.035365,0.871653,0.156465,0.463131,-4.371618,87.64579,10.766996,0.138312,0.932744,-0.017946,0.332469,-1.367657,53.429707,-0.253987,0.008543,0.938764,0.009672,0.34432,-14.027786,8.356804,-2.997049,-0.047946,0.852188,-0.037706,0.519668,5.857227,88.15554,27.209145,0.021518,0.831387,-0.143179,0.5365,7.391346,52.351452,31.324921,-0.02362,0.8226,0.016682,0.567885,-1.491509,7.420248,41.40715,0.008543,0.938764,0.009672,0.34432,-4.692373,2.24169,-14.229064,-0.02362,0.8226,0.016682,0.567885,12.434437,1.923686,36.253651
298,2.483333,-0.038753,0.873011,0.042134,0.484329,0.741029,87.903252,18.998232,-0.022982,0.870362,0.119194,0.477215,-0.120505,95.793282,19.284372,-0.009218,0.874408,0.080582,0.478364,-3.003264,113.988686,22.763031,0.120621,0.933873,-0.052398,0.332545,-5.117081,136.36705,25.758728,0.073341,0.972443,-0.16622,0.146107,-0.033091,150.515274,23.995848,-0.045383,0.823651,0.142091,0.547129,-7.292305,131.141159,22.118841,0.336234,-0.602181,0.171262,-0.703558,-13.927376,132.4897,6.847061,0.24356,-0.027161,-0.354135,-0.902513,-8.601282,116.569366,-11.19877,0.284269,0.128245,-0.524761,-0.792067,9.863382,132.028488,-16.669802,-0.070642,0.924084,0.195793,0.320537,-3.092936,130.668884,28.610048,0.368486,0.875007,0.213951,-0.229796,10.012956,130.753082,38.968544,0.026855,0.228027,0.504919,-0.832069,25.363689,117.282845,25.170589,0.102117,0.020567,0.548635,-0.829547,15.349107,138.758179,14.625252,0.035388,0.871665,0.156666,0.463037,-4.371416,87.643204,10.776093,0.138335,0.932761,-0.018032,0.332409,-1.363265,53.431774,-0.258192,0.009384,0.938773,0.010104,0.344261,-14.028141,8.359742,-2.993618,-0.047951,0.852299,-0.037523,0.519498,5.853474,88.163307,27.220371,0.021567,0.831333,-0.143166,0.536586,7.395616,52.358265,31.324804,-0.023472,0.822545,0.016635,0.567973,-1.491501,7.426927,41.402676,0.009384,0.938773,0.010104,0.344261,-4.701974,2.24832,-14.235317,-0.023472,0.822545,0.016635,0.567973,12.433869,1.926755,36.251472
299,2.491667,-0.038793,0.872995,0.042599,0.484315,0.747756,87.898392,18.983099,-0.02298,0.870292,0.119357,0.477303,-0.117887,95.787743,19.275375,-0.009033,0.874359,0.080552,0.478462,-3.004604,113.986694,22.759951,0.12086,0.933863,-0.052052,0.332542,-5.110776,136.365433,25.758224,0.073185,0.972381,-0.166995,0.145715,-0.023485,150.513947,24.007298,-0.045461,0.823671,0.142148,0.547077,-7.287232,131.140823,22.117231,0.335939,-0.602189,0.171184,-0.703712,-13.923949,132.488007,6.846045,0.243273,-0.02707,-0.354219,-0.90256,-8.596995,116.577705,-11.208385,0.28413,0.128469,-0.524879,-0.792002,9.865292,132.043167,-16.671507,-0.070802,0.923964,0.195836,0.320822,-3.089258,130.666138,28.609169,0.368781,0.874879,0.214096,-0.229673,10.009784,130.752655,38.976311,0.02691,0.228149,0.50509,-0.83193,25.352604,117.272362,25.179369,0.101891,0.02092,0.548809,-0.829451,15.349692,138.751038,14.628514,0.035396,0.871542,0.156544,0.463309,-4.364901,87.642021,10.760973,0.138423,0.933115,-0.017946,0.331382,-1.357974,53.427876,-0.265212,0.009263,0.938755,0.010167,0.34431,-14.030764,8.35785,-2.996971,-0.048009,0.852279,-0.037689,0.519515,5.860413,88.154762,27.205225,0.021596,0.831336,-0.143229,0.536563,7.399788,52.351017,31.322067,-0.023436,0.822516,0.016866,0.568008,-1.492429,7.421479,41.403473,0.009263,0.938755,0.010167,0.34431,-4.701734,2.249338,-14.237883,-0.023436,0.822516,0.016866,0.568008,12.434461,1.926302,36.251038
300,2.5,-0.03881,0.872964,0.042601,0.484368,0.747396,87.895874,18.981331,-0.023017,0.87024,0.119445,0.477374,-0.118519,95.785202,19.273449,-0.008984,0.87431,0.080425,0.478575,-3.00842,113.984108,22.760103,0.120989,0.933834,-0.052085,0.33257,-5.110303,136.3638,25.754202,0.073204,0.97233,-0.167455,0.145516,-0.019119,150.510986,24.00387,-0.045446,0.823626,0.142239,0.547123,-7.287055,131.139084,22.113548,0.335913,-0.602206,0.171012,-0.703751,-13.922137,132.488602,6.841866,0.243198,-0.026905,-0.354267,-0.902566,-8.593316,116.584419,-11.217377,0.284028,0.128659,-0.52499,-0.791935,9.867927,132.054382,-16.672462,-0.070674,0.923895,0.195769,0.321088,-3.090743,130.66452,28.606564,0.369032,0.87471,0.214609,-0.229436,10.003198,130.745911,38.980179,0.026993,0.228144,0.505239,-0.831838,25.342236,117.261169,25.18338,0.101657,0.021381,0.54906,-0.829302,15.347874,138.740997,14.632389,0.035459,0.8715,0.156579,0.463371,-4.364236,87.63929,10.758579,0.138377,0.932714,-0.018192,0.332515,-1.359288,53.426277,-0.271659,0.009139,0.93876,0.010223,0.344299,-14.032382,8.355888,-2.995896,-0.048038,0.852285,-0.037673,0.519503,5.859028,88.152451,27.204084,0.021594,0.831317,-0.143252,0.536586,7.400803,52.348816,31.320995,-0.023682,0.822554,0.016729,0.567948,-1.492653,7.419887,41.404007,0.009139,0.93876,0.010223,0.344299,-4.701929,2.250138,-14.237121,-0.023682,0.822554,0.016729,0.567948,12.434947,1.925566,36.252598
301,2.508333,-0.038776,0.872924,0.042578,0.484446,0.744777,87.890884,18.978682,-0.023031,0.870166,0.119489,0.477497,-0.120514,95.780296,19.270668,-0.008913,0.874257,0.080404,0.478676,-3.012619,113.981842,22.758638,0.121083,0.933782,-0.052332,0.332644,-5.111562,136.361755,25.753212,0.073277,0.972248,-0.167906,0.145504,-0.015264,150.506439,23.997524,-0.045424,0.823591,0.14218,0.547192,-7.288363,131.137543,22.11187,0.33574,-0.602146,0.170979,-0.703893,-13.920977,132.486969,6.839103,0.242966,-0.026792,-0.354393,-0.902583,-8.588038,116.588882,-11.224296,0.28391,0.128798,-0.525021,-0.791934,9.869543,132.066711,-16.671913,-0.070604,0.923866,0.195667,0.321249,-3.093534,130.662033,28.605774,0.369234,0.874665,0.214509,-0.229375,9.997284,130.741257,38.983353,0.026972,0.228257,0.50537,-0.831728,25.330383,117.246864,25.189383,0.101498,0.021545,0.549359,-0.82912,15.345923,138.728851,14.635548,0.035393,0.871454,0.156651,0.46344,-4.365445,87.634766,10.755036,0.138385,0.9331,-0.018033,0.331434,-1.353013,53.423046,-0.277162,0.00839,0.938823,0.009706,0.34416,-14.0251,8.352339,-3.00087,-0.048105,0.852323,-0.037688,0.519433,5.854999,88.147011,27.202326,0.021637,0.83152,-0.143271,0.536265,7.400647,52.343918,31.322531,-0.02349,0.822613,0.016873,0.567865,-1.493237,7.415682,41.408272,0.00839,0.938823,0.009706,0.34416,-4.691575,2.239722,-14.235812,-0.02349,0.822613,0.016873,0.567865,12.432404,1.921536,36.251373
302,2.516667,-0.038739,0.872908,0.042494,0.484484,0.742489,87.886742,18.977547,-0.023067,0.870124,0.119561,0.477553,-0.121666,95.776306,19.268627,-0.008854,0.874222,0.080299,0.478759,-3.016761,113.979065,22.758446,0.121171,0.933781,-0.052276,0.332624,-5.111387,136.359787,25.749969,0.073441,0.972182,-0.168447,0.145235,-0.013289,150.50412,23.996592,-0.045423,0.823569,0.142132,0.547238,-7.288693,131.135605,22.108885,0.33572,-0.602087,0.17091,-0.70397,-13.919655,132.484421,6.835344,0.242797,-0.026667,-0.354535,-0.902576,-8.582028,116.589668,-11.229603,0.283695,0.128977,-0.525107,-0.791924,9.870956,132.075439,-16.670416,-0.070442,0.923797,0.195623,0.32151,-3.095074,130.659973,28.603563,0.369509,0.874546,0.214621,-0.229284,9.990899,130.732788,38.987301,0.026977,0.228303,0.505562,-0.831599,25.316048,117.229019,25.193661,0.101344,0.021717,0.549382,-0.829118,15.342606,138.715988,14.638864,0.03547,0.871241,0.156899,0.46375,-4.367077,87.630508,10.753497,0.138356,0.93297,-0.01827,0.331798,-1.347174,53.424789,-0.295257,0.008695,0.938811,0.009632,0.344188,-14.022964,8.35411,-3.002246,-0.048123,0.852455,-0.037696,0.519215,5.852056,88.142982,27.201595,0.021645,0.83162,-0.14328,0.536107,7.399563,52.340061,31.322531,-0.023639,0.822695,0.016709,0.567745,-1.49349,7.412115,41.410263,0.008695,0.938811,0.009632,0.344188,-4.692635,2.236471,-14.237112,-0.023639,0.822695,0.016709,0.567745,12.431046,1.916494,36.251953
303,2.525,-0.038822,0.8729,0.042489,0.484492,0.744805,87.8853,18.97558,-0.023115,0.870031,0.119719,0.477681,-0.120457,95.774765,19.26593,-0.008756,0.874163,0.080222,0.47888,-3.020026,113.973343,22.758984,0.12115,0.933752,-0.052482,0.33268,-5.109493,136.354706,25.749338,0.073595,0.972102,-0.168881,0.145192,-0.009866,150.497787,23.990461,-0.045407,0.823523,0.142238,0.547281,-7.287258,131.130997,22.107849,0.335727,-0.602079,0.170787,-0.704002,-13.916675,132.482468,6.833878,0.242689,-0.026519,-0.354684,-0.902551,-8.576538,116.591583,-11.233735,0.283588,0.129178,-0.52518,-0.791882,9.87191,132.085739,-16.667887,-0.070435,0.923753,0.195524,0.321697,-3.095413,130.654449,28.603601,0.369612,0.874475,0.214755,-0.229262,9.986563,130.726791,38.992371,0.027085,0.228331,0.505641,-0.83154,25.308424,117.22113,25.196951,0.101208,0.021842,0.549957,-0.82875,15.339168,138.709961,14.638024,0.035423,0.871449,0.156743,0.463414,-4.364471,87.627617,10.751396,0.138374,0.933078,-0.018109,0.331495,-1.351153,53.418125,-0.28748,0.00863,0.938807,0.009699,0.344198,-14.024426,8.347374,-3.005045,-0.048046,0.852395,-0.037762,0.519315,5.854082,88.142982,27.199762,0.021623,0.831739,-0.143243,0.535933,7.393916,52.33989,31.322035,-0.022913,0.822575,0.016915,0.567943,-1.493424,7.410845,41.409908,0.00863,0.938807,0.009699,0.344198,-4.69282,2.232207,-14.240195,-0.022913,0.822575,0.016915,0.567943,12.42803,1.907907,36.251087
304,2.533333,-0.038886,0.872871,0.042185,0.484567,0.740735,87.888382,18.984838,-0.023187,0.870004,0.119632,0.477749,-0.123109,95.778183,19.270428,-0.008681,0.874134,0.080201,0.47894,-3.022709,113.970856,22.757893,0.121299,0.933718,-0.052566,0.332709,-5.108946,136.352432,25.748888,0.073679,0.972026,-0.169376,0.145079,-0.00439,150.493668,23.989405,-0.04542,0.823485,0.142253,0.547334,-7.28711,131.129211,22.106928,0.335101,-0.601968,0.171222,-0.70429,-13.914567,132.480927,6.83212,0.242155,-0.026509,-0.354758,-0.902666,-8.575185,116.592934,-11.238273,0.283367,0.129452,-0.525251,-0.791869,9.872681,132.094879,-16.664249,-0.070413,0.923675,0.195401,0.322003,-3.096123,130.651733,28.603168,0.369733,0.874357,0.215105,-0.229186,9.979385,130.722549,39.000099,0.026919,0.228375,0.505646,-0.831531,25.298557,117.21698,25.20159,0.100943,0.022656,0.54971,-0.828925,15.330762,138.707214,14.64546,0.035453,0.87123,0.157125,0.463696,-4.367043,87.626862,10.759845,0.138444,0.932957,-0.01835,0.331796,-1.339061,53.426159,-0.302225,0.008562,0.938811,0.009405,0.344198,-14.024899,8.358055,-3.005011,-0.048005,0.852356,-0.037588,0.519396,5.848513,88.149902,27.209833,0.021566,0.831631,-0.143238,0.536104,7.391983,52.345573,31.320059,-0.023501,0.822708,0.016546,0.567737,-1.492751,7.416168,41.408642,0.008562,0.938811,0.009405,0.344198,-4.69383,2.235464,-14.236564,-0.023501,0.822708,0.016546,0.567737,12.429392,1.914234,36.250599
305,2.541667,-0.038869,0.872833,0.042534,0.484606,0.744169,87.883759,18.973574,-0.023164,0.869956,0.119782,0.4778,-0.12213,95.773109,19.264078,-0.008615,0.874101,0.080181,0.479003,-3.024603,113.969315,22.757528,0.121322,0.933701,-0.052514,0.332756,-5.108032,136.351089,25.74902,0.073912,0.971911,-0.170007,0.144995,-0.003174,150.492447,23.991531,-0.045462,0.823466,0.142259,0.547356,-7.28646,131.128311,22.10659,0.335091,-0.60192,0.171146,-0.704355,-13.912961,132.479095,6.83129,0.241936,-0.026552,-0.354693,-0.902748,-8.569407,116.59433,-11.240702,0.282611,0.129787,-0.525632,-0.791832,9.882891,132.096558,-16.664749,-0.070705,0.923577,0.195518,0.322147,-3.096406,130.650009,28.603373,0.368839,0.875379,0.211575,-0.230013,9.974619,130.727386,39.005886,0.025544,0.229667,0.504986,-0.831618,25.307652,117.210541,25.233847,0.100938,0.022788,0.549582,-0.829006,15.32924,138.703857,14.650649,0.035386,0.871371,0.156831,0.463534,-4.362905,87.625854,10.748029,0.138463,0.933067,-0.018205,0.331486,-1.342784,53.418159,-0.294543,0.008431,0.938797,0.009598,0.344234,-14.026688,8.350054,-3.006402,-0.048099,0.852338,-0.037737,0.519407,5.851243,88.141663,27.19912,0.021606,0.831583,-0.143255,0.536172,7.394824,52.338791,31.321993,-0.023605,0.822665,0.016722,0.56779,-1.49473,7.410007,41.409115,0.008431,0.938797,0.009598,0.344234,-4.692357,2.234044,-14.238832,-0.023605,0.822665,0.016722,0.56779,12.430132,1.914145,36.251938
306,2.55,-0.038956,0.872818,0.04224,0.484651,0.742005,87.888184,18.981972,-0.023243,0.869928,0.119774,0.477848,-0.123257,95.777824,19.267685,-0.008519,0.874073,0.080117,0.479067,-3.027453,113.968132,22.758165,0.121518,0.933658,-0.052485,0.332807,-5.10591,136.350433,25.749081,0.074039,0.971811,-0.170625,0.144871,0.00418,150.490311,23.994715,-0.045416,0.823458,0.142232,0.547379,-7.285131,131.128128,22.106453,0.335061,-0.601874,0.171151,-0.704407,-13.910946,132.479828,6.83094,0.241893,-0.026414,-0.354811,-0.902718,-8.564737,116.596069,-11.241139,0.282615,0.13001,-0.525763,-0.791707,9.883492,132.104416,-16.659569,-0.070858,0.923516,0.195551,0.322269,-3.096002,130.648926,28.603762,0.369997,0.874242,0.215571,-0.228763,9.971686,130.729721,39.010437,0.027124,0.228499,0.5057,-0.831457,25.290787,117.215637,25.220207,0.100668,0.022858,0.549162,-0.829316,15.330741,138.699509,14.656189,0.035385,0.871375,0.156951,0.463486,-4.364084,87.626091,10.755949,0.138434,0.933127,-0.018187,0.331329,-1.340428,53.421104,-0.29406,0.008453,0.938852,0.00952,0.344085,-14.021742,8.35219,-3.004416,-0.048,0.852259,-0.037607,0.519554,5.848093,88.150276,27.207994,0.021533,0.831468,-0.143198,0.53637,7.3898,52.346016,31.31949,-0.023468,0.822609,0.016653,0.567879,-1.493631,7.415408,41.403858,0.008453,0.938852,0.00952,0.344085,-4.691561,2.233862,-14.239023,-0.023468,0.822609,0.016653,0.567879,12.430629,1.915557,36.249313
307,2.558333,-0.03896,0.872789,0.042199,0.484707,0.741862,87.886147,18.980022,-0.023287,0.869888,0.119882,0.477893,-0.123156,95.775833,19.265095,-0.008462,0.874049,0.08006,0.479122,-3.0308,113.964508,22.757977,0.121266,0.933692,-0.052669,0.332777,-5.105936,136.347275,25.747766,0.074523,0.97172,-0.170975,0.144827,-0.001095,150.488083,23.985573,-0.045424,0.823383,0.142676,0.547376,-7.285608,131.125183,22.105108,0.335107,-0.601779,0.171224,-0.704449,-13.911522,132.484879,6.830342,0.241931,-0.026349,-0.354868,-0.902687,-8.560897,116.598442,-11.238087,0.282579,0.130206,-0.525881,-0.791609,9.885389,132.109436,-16.654856,-0.070864,0.923479,0.195553,0.322373,-3.09727,130.645554,28.602898,0.370056,0.874232,0.215555,-0.228721,9.968148,130.725754,39.012432,0.026963,0.228653,0.505749,-0.83139,25.286049,117.208694,25.223764,0.10043,0.022997,0.548965,-0.829471,15.331888,138.695389,14.657721,0.035367,0.87135,0.156936,0.463541,-4.363177,87.623688,10.753359,0.138414,0.933146,-0.018184,0.331285,-1.338185,53.418266,-0.294924,0.008625,0.938852,0.009642,0.344078,-14.017776,8.348802,-3.004274,-0.048002,0.852253,-0.037616,0.519563,5.8469,88.148613,27.20669,0.021527,0.831612,-0.143227,0.536138,7.388371,52.344418,31.318813,-0.023476,0.822689,0.016636,0.567763,-1.493187,7.414553,41.408123,0.008625,0.938852,0.009642,0.344078,-4.689219,2.232151,-14.241149,-0.023476,0.822689,0.016636,0.567763,12.429603,1.914376,36.249954
308,2.566667,-0.038911,0.872756,0.04247,0.484747,0.743712,87.877754,18.968683,-0.023252,0.869851,0.120013,0.477929,-0.122725,95.767143,19.257839,-0.008435,0.874033,0.080032,0.479156,-3.032932,113.962341,22.756912,0.121179,0.933687,-0.052868,0.332789,-5.106489,136.345322,25.746132,0.074794,0.971647,-0.171253,0.144847,-0.002145,150.485519,23.977648,-0.045404,0.823426,0.142613,0.547329,-7.286324,131.123337,22.10342,0.33525,-0.601653,0.171169,-0.704501,-13.913989,132.482147,6.829336,0.24201,-0.026195,-0.355014,-0.902613,-8.555029,116.594994,-11.235991,0.282654,0.1303,-0.525969,-0.791509,9.886235,132.112701,-16.648836,-0.070822,0.923434,0.19552,0.32253,-3.098478,130.643494,28.601513,0.370174,0.874157,0.215844,-0.228546,9.963754,130.721619,39.01506,0.026937,0.228742,0.505841,-0.83131,25.281292,117.202255,25.228262,0.100175,0.023091,0.548766,-0.829631,15.334368,138.690323,14.660131,0.03541,0.871154,0.156983,0.46389,-4.360657,87.618713,10.741495,0.138362,0.93299,-0.018399,0.331735,-1.332375,53.414581,-0.30987,0.008514,0.938903,0.009614,0.343943,-14.012829,8.34451,-3.00492,-0.04809,0.852237,-0.037755,0.519572,5.848081,88.136795,27.195871,0.02155,0.831696,-0.143252,0.536,7.389664,52.333977,31.319832,-0.022667,0.822625,0.017659,0.567858,-1.493277,7.404876,41.411339,0.008514,0.938903,0.009614,0.343943,-4.686307,2.228219,-14.243674,-0.022667,0.822625,0.017659,0.567858,12.429365,1.915812,36.240948
309,2.575,-0.038873,0.872629,0.042304,0.484992,0.746302,87.873672,18.967417,-0.023365,0.869792,0.120174,0.47799,-0.118415,95.763329,19.25432,-0.008356,0.874013,0.079978,0.479202,-3.035835,113.959526,22.756796,0.121139,0.933698,-0.05283,0.332781,-5.105274,136.342972,25.74547,0.07509,0.971555,-0.171755,0.144714,-0.002392,150.48378,23.977583,-0.04544,0.823442,0.142589,0.547309,-7.285806,131.121353,22.102646,0.334931,-0.601492,0.171454,-0.704722,-13.914103,132.478607,6.8287,0.241967,-0.025892,-0.355297,-0.902522,-8.550353,116.59185,-11.235547,0.28344,0.130372,-0.525766,-0.79135,9.878673,132.121628,-16.636497,-0.070591,0.923402,0.19549,0.322692,-3.098637,130.640778,28.601122,0.37009,0.874176,0.215914,-0.228541,9.961203,130.710968,39.017723,0.026751,0.22887,0.505817,-0.831295,25.281912,117.19558,25.230545,0.099993,0.023352,0.548746,-0.829659,15.336016,138.685867,14.661196,0.035367,0.871371,0.156763,0.463559,-4.353516,87.614006,10.737426,0.138394,0.933101,-0.018214,0.331418,-1.33416,53.404678,-0.300313,0.008492,0.938868,0.009829,0.344033,-14.012615,8.334809,-3.008276,-0.048093,0.852333,-0.037735,0.519414,5.84612,88.133339,27.197409,0.021615,0.831762,-0.143281,0.535887,7.389405,52.330429,31.320015,-0.022746,0.822635,0.017597,0.567842,-1.498641,7.402367,41.411652,0.008492,0.938868,0.009829,0.344033,-4.682737,2.224625,-14.247571,-0.022746,0.822635,0.017597,0.567842,12.424162,1.913132,36.241879
310,2.583333,-0.038872,0.872596,0.042323,0.48505,0.746251,87.872734,18.965908,-0.023351,0.86975,0.12017,0.478068,-0.118616,95.762367,19.253025,-0.008308,0.873962,0.079929,0.479304,-3.03554,113.957047,22.755051,0.121135,0.933678,-0.05287,0.332832,-5.102333,136.340881,25.74262,0.075363,0.971478,-0.1721,0.144679,0.000988,150.481415,23.97393,-0.045423,0.82348,0.142649,0.547237,-7.282834,131.119476,22.099472,0.334995,-0.601437,0.171422,-0.704746,-13.913819,132.47789,6.8268,0.241869,-0.025903,-0.355117,-0.902619,-8.546284,116.591049,-11.236257,0.282752,0.13063,-0.526044,-0.791369,9.89187,132.116867,-16.634777,-0.070673,0.923326,0.195539,0.32286,-3.097164,130.638474,28.598877,0.3701,0.874183,0.215922,-0.228488,9.958655,130.709396,39.020504,0.026618,0.229051,0.505814,-0.831252,25.280172,117.19297,25.235249,0.09977,0.023603,0.548618,-0.829763,15.338429,138.683212,14.662179,0.035344,0.871369,0.156755,0.463568,-4.352485,87.613335,10.735241,0.138372,0.933166,-0.018208,0.331245,-1.331863,53.403709,-0.301192,0.008557,0.938923,0.009793,0.343881,-14.008744,8.333254,-3.006621,-0.048086,0.852319,-0.037744,0.519438,5.844987,88.132133,27.196577,0.021576,0.831717,-0.143226,0.535974,7.387382,52.329231,31.319506,-0.022766,0.82258,0.017661,0.567919,-1.495979,7.399535,41.407993,0.008557,0.938923,0.009793,0.343881,-4.68339,2.221499,-14.248812,-0.022766,0.82258,0.017661,0.567919,12.428367,1.912225,36.240341
311,2.591667,-0.03894,0.872583,0.042038,0.485094,0.742429,87.87767,18.975258,-0.02333,0.869675,0.120165,0.478206,-0.121207,95.767593,19.257866,-0.008337,0.87391,0.079847,0.479413,-3.037292,113.95842,22.7589,0.121293,0.933626,-0.052862,0.332921,-5.103859,136.342819,25.742355,0.075566,0.97139,-0.172566,0.144611,0.004006,150.482025,23.976099,-0.045396,0.823493,0.142639,0.547223,-7.283688,131.120926,22.099506,0.33511,-0.601382,0.171405,-0.704742,-13.915268,132.479797,6.827122,0.24211,-0.025546,-0.355306,-0.90249,-8.544164,116.591072,-11.233221,0.283424,0.130754,-0.525707,-0.791332,9.886188,132.125275,-16.621565,-0.070575,0.923297,0.195595,0.32293,-3.09964,130.640793,28.600029,0.369998,0.874249,0.215918,-0.228406,9.955132,130.70755,39.02301,0.02657,0.229179,0.505736,-0.831266,25.282261,117.193413,25.241739,0.09966,0.023708,0.548751,-0.829686,15.33913,138.681732,14.663966,0.035337,0.871351,0.156927,0.463544,-4.355382,87.614487,10.744132,0.138421,0.933098,-0.018264,0.331414,-1.328763,53.408726,-0.302639,0.008561,0.938875,0.009649,0.344017,-14.01103,8.339715,-3.006982,-0.048023,0.852285,-0.037574,0.519512,5.84024,88.140846,27.206385,0.021491,0.831706,-0.14321,0.535998,7.384824,52.336575,31.316641,-0.021828,0.822475,0.017893,0.568101,-1.491386,7.406113,41.408028,0.008561,0.938875,0.009649,0.344017,-4.683146,2.223917,-14.244885,-0.021828,0.822475,0.017893,0.568101,12.427871,1.90851,36.237579
312,2.6,-0.039015,0.872558,0.042115,0.485125,0.74553,87.878975,18.974489,-0.023369,0.86968,0.120096,0.478214,-0.119744,95.768715,19.257549,-0.008268,0.873922,0.079926,0.479379,-3.035471,113.957382,22.755123,0.121297,0.933624,-0.052884,0.332922,-5.100881,136.341278,25.743256,0.07576,0.9713,-0.172987,0.144611,0.00728,150.480301,23.97644,-0.045441,0.823486,0.142731,0.547205,-7.281223,131.120193,22.099539,0.334954,-0.601297,0.171593,-0.704843,-13.913319,132.479446,6.827415,0.24195,-0.025487,-0.355323,-0.902528,-8.540379,116.58934,-11.231175,0.283285,0.130951,-0.525633,-0.791399,9.889586,132.125946,-16.614319,-0.070928,0.923217,0.195602,0.323078,-3.096657,130.63858,28.599613,0.370107,0.874213,0.216018,-0.228273,9.95325,130.715012,39.028614,0.026765,0.229262,0.505771,-0.831215,25.27939,117.196548,25.250488,0.099743,0.023872,0.548751,-0.829671,15.340916,138.680786,14.665482,0.035333,0.871399,0.156903,0.463462,-4.351583,87.615295,10.742949,0.138395,0.933149,-0.018274,0.33128,-1.326584,53.40897,-0.302538,0.008554,0.938935,0.009689,0.343853,-14.00738,8.339331,-3.003331,-0.047998,0.852253,-0.037628,0.519562,5.842643,88.142662,27.20603,0.021497,0.831611,-0.143169,0.536157,7.383421,52.338505,31.318743,-0.020416,0.822329,0.018571,0.568343,-1.493135,7.406971,41.405029,0.008554,0.938935,0.009689,0.343853,-4.683126,2.22476,-14.244911,-0.020416,0.822329,0.018571,0.568343,12.420069,1.901879,36.226276
313,2.608333,-0.038974,0.872533,0.04242,0.485147,0.747648,87.873993,18.963444,-0.023195,0.869638,0.120153,0.478284,-0.119407,95.763367,19.251026,-0.008344,0.873842,0.080075,0.479498,-3.03244,113.962158,22.755304,0.121378,0.933595,-0.053133,0.332933,-5.104523,136.34491,25.747374,0.076069,0.971243,-0.173254,0.14451,0.008188,150.481537,23.974596,-0.045531,0.823492,0.142616,0.547218,-7.282441,131.124008,22.101955,0.334892,-0.60125,0.171652,-0.704898,-13.913774,132.478745,6.829104,0.241787,-0.025453,-0.355267,-0.902594,-8.539024,116.58876,-11.229033,0.283012,0.130982,-0.525443,-0.791617,9.893044,132.124664,-16.607225,-0.071012,0.923233,0.19558,0.323027,-3.099663,130.642166,28.603163,0.370226,0.874218,0.215841,-0.228228,9.950946,130.721786,39.031258,0.026936,0.229278,0.505814,-0.831179,25.273735,117.195633,25.256956,0.09975,0.023584,0.548945,-0.82955,15.337751,138.679123,14.666942,0.035353,0.871338,0.156776,0.463619,-4.349103,87.613922,10.731567,0.138371,0.9331,-0.01833,0.331424,-1.327678,53.404808,-0.306247,0.008376,0.938922,0.009745,0.34389,-14.007696,8.334732,-3.003398,-0.048058,0.852269,-0.037774,0.51952,5.844399,88.134071,27.195322,0.021504,0.831628,-0.143233,0.536113,7.38353,52.33112,31.319172,-0.023786,0.822555,0.017244,0.567926,-1.496239,7.401326,41.410397,0.008376,0.938922,0.009745,0.34389,-4.680254,2.22343,-14.244106,-0.023786,0.822555,0.017244,0.567926,12.435214,1.921283,36.254185
314,2.616667,-0.038948,0.872518,0.042355,0.485182,0.746636,87.872231,18.963343,-0.023306,0.869624,0.120315,0.478263,-0.119571,95.761719,19.250191,-0.008204,0.873897,0.079832,0.479441,-3.038318,113.954399,22.756861,0.121278,0.933658,-0.052847,0.332839,-5.099378,136.33902,25.742537,0.076405,0.97118,-0.173629,0.144305,0.007646,150.478485,23.97599,-0.045459,0.823513,0.142627,0.547191,-7.280371,131.118042,22.099064,0.334908,-0.601174,0.171677,-0.704949,-13.912921,132.474808,6.82692,0.241714,-0.025316,-0.355278,-0.902613,-8.534119,116.584274,-11.229547,0.282871,0.131063,-0.525349,-0.791717,9.897876,132.122711,-16.600536,-0.070864,0.923169,0.195536,0.323269,-3.096708,130.636185,28.599703,0.370066,0.874263,0.215838,-0.228317,9.949377,130.710007,39.033501,0.026892,0.229264,0.505722,-0.83124,25.275993,117.190826,25.256603,0.099859,0.023711,0.549009,-0.829491,15.334235,138.673752,14.667128,0.03534,0.871324,0.156786,0.463641,-4.349495,87.612022,10.731086,0.138369,0.933165,-0.018288,0.331245,-1.326588,53.40308,-0.306863,0.008563,0.938895,0.009785,0.343959,-14.005669,8.332807,-3.005141,-0.048042,0.852265,-0.037782,0.519527,5.842768,88.132439,27.195601,0.021496,0.831675,-0.14322,0.536044,7.38059,52.329422,31.319338,-0.02389,0.822549,0.017165,0.567933,-1.497041,7.39924,41.410713,0.008563,0.938895,0.009785,0.343959,-4.678559,2.220749,-14.245716,-0.02389,0.822549,0.017165,0.567933,12.434988,1.919072,36.256199
315,2.625,-0.038851,0.872533,0.04227,0.485171,0.743706,87.869522,18.962421,-0.02327,0.869624,0.120312,0.478265,-0.120499,95.759254,19.248861,-0.008173,0.873889,0.079839,0.479455,-3.038323,113.954079,22.756472,0.121046,0.93373,-0.05276,0.332736,-5.098344,136.338669,25.743067,0.076866,0.971117,-0.173942,0.144109,0.001222,150.480743,23.975832,-0.045507,0.823591,0.142353,0.547141,-7.279502,131.117966,22.09931,0.335267,-0.601163,0.171325,-0.704874,-13.913756,132.468002,6.82731,0.241989,-0.025051,-0.355281,-0.902546,-8.528313,116.579926,-11.229317,0.282964,0.131221,-0.525146,-0.791792,9.902242,132.118469,-16.592655,-0.070943,0.92314,0.195476,0.323371,-3.096033,130.63562,28.600037,0.370128,0.8743,0.215558,-0.228341,9.947473,130.711761,39.037045,0.027075,0.229321,0.505715,-0.831223,25.271297,117.18634,25.26317,0.100374,0.024157,0.549187,-0.829298,15.33078,138.665649,14.666942,0.035156,0.87132,0.156855,0.463641,-4.352786,87.610153,10.73036,0.138433,0.933168,-0.018282,0.33121,-1.316076,53.401817,-0.305708,0.008556,0.938933,0.009664,0.343857,-14.000591,8.333195,-3.006047,-0.048088,0.852352,-0.037809,0.519378,5.840198,88.128899,27.194483,0.021499,0.831772,-0.143218,0.535894,7.380554,52.326359,31.321367,-0.019904,0.82241,0.019006,0.568229,-1.495467,7.39615,41.414036,0.008556,0.938933,0.009664,0.343857,-4.676368,2.217901,-14.247256,-0.019904,0.82241,0.019006,0.568229,12.414188,1.892941,36.223766
316,2.633333,-0.038788,0.872523,0.042247,0.485195,0.740558,87.870911,18.960346,-0.023156,0.86961,0.12034,0.478289,-0.122618,95.76075,19.246927,-0.008218,0.873871,0.079805,0.479492,-3.03689,113.952812,22.756893,0.121105,0.933686,-0.052837,0.332826,-5.098093,136.337616,25.741089,0.076995,0.971045,-0.174208,0.144201,0.004072,150.478622,23.972948,-0.045527,0.823583,0.142391,0.547141,-7.278708,131.116455,22.097651,0.335362,-0.601088,0.171307,-0.704897,-13.912868,132.46669,6.825627,0.241979,-0.025113,-0.355049,-0.902638,-8.522673,116.577461,-11.228588,0.282368,0.131438,-0.5253,-0.791867,9.917257,132.107727,-16.592302,-0.071035,0.923067,0.195309,0.323659,-3.095809,130.634933,28.598803,0.37017,0.874295,0.215507,-0.22834,9.941026,130.713638,39.044117,0.027173,0.229463,0.505683,-0.8312,25.263348,117.185936,25.270832,0.100365,0.02436,0.54908,-0.829364,15.324976,138.66095,14.666653,0.035314,0.871261,0.156781,0.463763,-4.355577,87.612396,10.728038,0.138269,0.933176,-0.018258,0.331256,-1.329673,53.40321,-0.308332,0.00853,0.938944,0.009719,0.343828,-13.999255,8.33025,-3.006295,-0.048107,0.852378,-0.037837,0.519333,5.836692,88.129433,27.192656,0.021472,0.831882,-0.143201,0.535728,7.377358,52.327168,31.321865,-0.020062,0.822476,0.018832,0.568135,-1.493611,7.396379,41.416386,0.00853,0.938944,0.009719,0.343828,-4.675198,2.216725,-14.248604,-0.020062,0.822476,0.018832,0.568135,12.415268,1.89159,36.225708
317,2.641667,-0.038835,0.872524,0.042277,0.485186,0.741693,87.872543,18.959976,-0.023125,0.869603,0.120404,0.478288,-0.122355,95.762283,19.246603,-0.008233,0.873855,0.079772,0.479527,-3.036623,113.952927,22.758997,0.12113,0.933684,-0.052892,0.332813,-5.097825,136.337952,25.741508,0.077214,0.971002,-0.174428,0.14411,0.005501,150.478378,23.972013,-0.045557,0.823533,0.14242,0.547206,-7.278206,131.116562,22.098251,0.335302,-0.60106,0.171402,-0.704926,-13.909925,132.466888,6.825173,0.242043,-0.025007,-0.354957,-0.90266,-8.519699,116.57634,-11.227858,0.282459,0.1316,-0.525235,-0.79185,9.923827,132.104248,-16.586946,-0.071085,0.923068,0.195284,0.32366,-3.095829,130.635437,28.59977,0.370195,0.874299,0.215466,-0.228324,9.940758,130.715988,39.045387,0.027277,0.229419,0.505603,-0.831257,25.262516,117.186501,25.273222,0.100329,0.024393,0.549225,-0.829272,15.318695,138.658905,14.667423,0.035226,0.871316,0.156828,0.463651,-4.354536,87.613503,10.727741,0.138321,0.933167,-0.01828,0.331258,-1.322972,53.404938,-0.308996,0.008342,0.938952,0.00969,0.343811,-13.997622,8.333385,-3.006709,-0.048094,0.852342,-0.037829,0.519393,5.837922,88.131592,27.192211,0.021432,0.831794,-0.143194,0.535869,7.37785,52.329193,31.32056,-0.021372,0.822544,0.018272,0.568006,-1.49141,7.398057,41.415051,0.008342,0.938952,0.00969,0.343811,-4.671893,2.220924,-14.248207,-0.021372,0.822544,0.018272,0.568006,12.424706,1.901897,36.234642
318,2.65,-0.038872,0.872543,0.042336,0.485145,0.741118,87.875298,18.960363,-0.023127,0.869603,0.120433,0.47828,-0.123887,95.764908,19.247572,-0.008237,0.873843,0.079763,0.47955,-3.038652,113.955017,22.76082,0.121444,0.933621,-0.053076,0.332845,-5.099885,136.340118,25.7428,0.077267,0.970971,-0.174606,0.144076,0.013796,150.476593,23.971663,-0.045532,0.823513,0.142499,0.547218,-7.280108,131.118683,22.099531,0.335231,-0.600996,0.171564,-0.704975,-13.91146,132.471207,6.826495,0.242094,-0.02499,-0.354832,-0.902696,-8.520201,116.577766,-11.223684,0.282466,0.131777,-0.525111,-0.7919,9.927811,132.100922,-16.581423,-0.07105,0.923067,0.195266,0.323683,-3.098066,130.63765,28.601271,0.370156,0.874325,0.21546,-0.228293,9.938182,130.717148,39.047314,0.027252,0.229415,0.50552,-0.83131,25.262053,117.188454,25.276709,0.100087,0.024075,0.548934,-0.829502,15.313572,138.659424,14.671038,0.035337,0.871255,0.156776,0.463774,-4.355819,87.616142,10.728574,0.138212,0.93316,-0.018297,0.331324,-1.331385,53.406952,-0.308187,0.00834,0.93898,0.009751,0.343733,-13.997093,8.332649,-3.001899,-0.048098,0.852244,-0.037786,0.519556,5.838056,88.134453,27.192152,0.021402,0.831679,-0.1432,0.536046,7.379031,52.331852,31.318277,-0.021515,0.822466,0.018231,0.568114,-1.49036,7.400778,41.412895,0.00834,0.93898,0.009751,0.343733,-4.672925,2.221925,-14.245631,-0.021515,0.822466,0.018231,0.568114,12.428202,1.906067,36.237526
319,2.658333,-0.038852,0.872547,0.04235,0.485138,0.738823,87.877075,18.959835,-0.023061,0.869598,0.120457,0.478285,-0.125998,95.766701,19.247398,-0.008212,0.873831,0.079734,0.479578,-3.038587,113.953819,22.762041,0.121478,0.933642,-0.052904,0.332803,-5.098309,136.339142,25.743385,0.077427,0.970933,-0.174921,0.143867,0.014553,150.476532,23.977066,-0.045577,0.823533,0.142501,0.547183,-7.278714,131.117767,22.100111,0.335269,-0.600973,0.171605,-0.704967,-13.911215,132.468903,6.827446,0.242302,-0.024696,-0.355012,-0.902578,-8.519265,116.57338,-11.220698,0.283199,0.131803,-0.524788,-0.791848,9.921451,132.104324,-16.570526,-0.071371,0.923025,0.195276,0.323727,-3.097085,130.636581,28.602106,0.370347,0.874265,0.215588,-0.228091,9.936701,130.725494,39.051147,0.027552,0.229373,0.505543,-0.831297,25.258165,117.188957,25.285566,0.100479,0.024399,0.548552,-0.829698,15.311315,138.654144,14.675445,0.035386,0.871196,0.156742,0.463895,-4.358293,87.618385,10.72814,0.138174,0.933133,-0.0183,0.331416,-1.336578,53.408684,-0.307786,0.008529,0.938937,0.009795,0.343844,-13.998831,8.333391,-3.001263,-0.048135,0.852158,-0.03775,0.519697,5.83594,88.135765,27.191532,0.021392,0.83153,-0.143196,0.536279,7.379867,52.333229,31.31715,-0.021769,0.822368,0.018186,0.568248,-1.491335,7.401997,41.409485,0.008529,0.938937,0.009795,0.343844,-4.674029,2.221978,-14.244105,-0.021769,0.822368,0.018186,0.568248,12.43102,1.910576,36.240818
320,2.666667,-0.038868,0.872565,0.042319,0.485106,0.737513,87.876083,18.960917,-0.023027,0.869593,0.120519,0.478281,-0.127295,95.765724,19.247959,-0.008263,0.873807,0.079714,0.479624,-3.039853,113.95224,22.765198,0.121503,0.933666,-0.052947,0.332719,-5.101281,136.337677,25.744537,0.077683,0.970908,-0.175154,0.143609,0.012368,150.474579,23.976698,-0.045501,0.823505,0.142219,0.547305,-7.280958,131.115891,22.101433,0.335163,-0.600921,0.1717,-0.705038,-13.909215,132.464584,6.826714,0.242082,-0.024866,-0.354788,-0.90272,-8.515814,116.56916,-11.221073,0.282472,0.131941,-0.525013,-0.791936,9.934764,132.092911,-16.572792,-0.071094,0.923055,0.195197,0.323747,-3.100026,130.635468,28.603931,0.369476,0.8751,0.21292,-0.228808,9.934624,130.716629,39.051952,0.026369,0.230276,0.504922,-0.831464,25.271698,117.179993,25.303883,0.100466,0.024414,0.54828,-0.829879,15.307717,138.648682,14.678225,0.035326,0.871261,0.156768,0.463768,-4.36017,87.616783,10.729593,0.138203,0.933147,-0.018275,0.331363,-1.335445,53.40736,-0.30635,0.008587,0.938916,0.009792,0.3439,-13.999599,8.33275,-3.002257,-0.048139,0.852155,-0.037734,0.519703,5.835196,88.135376,27.192242,0.021386,0.831582,-0.143201,0.536197,7.379894,52.332775,31.316984,-0.022405,0.822538,0.017338,0.568004,-1.490101,7.401663,41.4109,0.008587,0.938916,0.009792,0.3439,-4.674168,2.220669,-14.244209,-0.022405,0.822538,0.017338,0.568004,12.429948,1.900363,36.246536
321,2.675,-0.038801,0.872584,0.042263,0.485083,0.73546,87.875053,18.961821,-0.023011,0.869569,0.120618,0.478301,-0.127972,95.764854,19.24864,-0.008295,0.873772,0.079591,0.479708,-3.042055,113.951576,22.769499,0.121548,0.933638,-0.052978,0.332774,-5.102382,136.33786,25.74312,0.077825,0.970867,-0.175344,0.143578,0.012971,150.474152,23.97526,-0.045648,0.82352,0.142217,0.547271,-7.281765,131.115372,22.100853,0.335137,-0.600878,0.171763,-0.705072,-13.910812,132.459793,6.826095,0.242177,-0.024653,-0.35497,-0.902629,-8.515919,116.563354,-11.220363,0.283127,0.13177,-0.524648,-0.791973,9.927109,132.09462,-16.565832,-0.071019,0.923053,0.195187,0.323779,-3.102085,130.636185,28.604252,0.369511,0.875137,0.212801,-0.22872,9.932253,130.714935,39.052685,0.026331,0.230363,0.504897,-0.831456,25.270039,117.173805,25.309818,0.100425,0.024445,0.548002,-0.830067,15.306679,138.64183,14.6814,0.035168,0.871354,0.15681,0.463591,-4.36276,87.616348,10.73081,0.138221,0.933218,-0.01822,0.33116,-1.328887,53.407074,-0.303098,0.008659,0.938957,0.009761,0.343788,-13.99348,8.332738,-3.001543,-0.048158,0.852222,-0.037714,0.519592,5.833679,88.133766,27.192831,0.021397,0.8316,-0.143208,0.536168,7.380856,52.331192,31.316895,-0.022241,0.82257,0.017375,0.567963,-1.489996,7.400304,41.411079,0.008659,0.938957,0.009761,0.343788,-4.671679,2.219142,-14.245683,-0.022241,0.82257,0.017375,0.567963,12.428224,1.897085,36.243835
322,2.683333,-0.038737,0.872581,0.042255,0.485093,0.732542,87.87394,18.961481,-0.022994,0.869559,0.120637,0.478315,-0.129951,95.763824,19.248669,-0.008268,0.873761,0.079572,0.479731,-3.043866,113.950432,22.770369,0.121524,0.933642,-0.053014,0.332768,-5.1028,136.336868,25.743767,0.07796,0.97083,-0.175531,0.143529,0.012194,150.473129,23.974623,-0.045675,0.823513,0.142123,0.547303,-7.282371,131.114517,22.101429,0.335237,-0.600862,0.171717,-0.705049,-13.910156,132.45665,6.825925,0.242245,-0.024639,-0.354953,-0.902618,-8.513528,116.559311,-11.21922,0.28316,0.131641,-0.524597,-0.792016,9.929666,132.089279,-16.564867,-0.071163,0.923032,0.195152,0.323826,-3.103025,130.635086,28.605021,0.370667,0.874221,0.215451,-0.22787,9.929607,130.718307,39.055546,0.027477,0.229508,0.505642,-0.831202,25.244347,117.164909,25.299082,0.100337,0.024606,0.547769,-0.830226,15.304492,138.635559,14.684613,0.035163,0.871321,0.15683,0.463647,-4.365575,87.616249,10.730375,0.138251,0.933131,-0.018258,0.331391,-1.330001,53.407394,-0.304395,0.008482,0.938933,0.009621,0.343861,-13.997632,8.333958,-3.003631,-0.048178,0.852249,-0.037708,0.519547,5.83066,88.131638,27.192587,0.021416,0.831699,-0.14323,0.536007,7.379528,52.32917,31.316938,-0.021171,0.822523,0.017827,0.568058,-1.492003,7.398948,41.413483,0.008482,0.938933,0.009621,0.343861,-4.672665,2.218207,-14.243973,-0.021171,0.822523,0.017827,0.568058,12.420128,1.888543,36.237507
323,2.691667,-0.038769,0.872597,0.042293,0.48506,0.731869,87.87413,18.963301,-0.022988,0.869562,0.120583,0.478324,-0.131346,95.763924,19.250797,-0.008245,0.873742,0.079555,0.479769,-3.043965,113.949966,22.770653,0.121561,0.933655,-0.052849,0.332744,-5.101738,136.336563,25.743788,0.078121,0.970788,-0.175839,0.143351,0.012673,150.473633,23.979412,-0.045686,0.823505,0.14215,0.547307,-7.281335,131.114319,22.10129,0.335364,-0.600826,0.171679,-0.705029,-13.908957,132.45665,6.825726,0.242192,-0.024839,-0.354724,-0.902716,-8.50956,116.557632,-11.217123,0.282445,0.131644,-0.524944,-0.792041,9.942881,132.078262,-16.56867,-0.071062,0.923018,0.195126,0.323905,-3.10256,130.634659,28.605234,0.3706,0.874295,0.215315,-0.227823,9.928845,130.714462,39.057323,0.027435,0.229593,0.505602,-0.831205,25.247066,117.160561,25.305241,0.100283,0.024489,0.547864,-0.830174,15.306624,138.631058,14.687708,0.035346,0.87128,0.156784,0.463725,-4.366838,87.616203,10.732564,0.138101,0.93324,-0.018207,0.33115,-1.343363,53.407246,-0.305179,0.008502,0.938928,0.009834,0.343868,-13.997257,8.329741,-3.000911,-0.048179,0.852185,-0.037669,0.519654,5.830574,88.13205,27.194038,0.021407,0.831654,-0.14324,0.536074,7.380415,52.329372,31.316196,-0.021227,0.8225,0.017881,0.568088,-1.491664,7.399368,41.413235,0.008502,0.938928,0.009834,0.343868,-4.671397,2.219661,-14.243603,-0.021227,0.8225,0.017881,0.568088,12.421707,1.891225,36.238178
324,2.7,-0.038796,0.872708,0.042481,0.484842,0.726539,87.878021,18.964512,-0.022814,0.869557,0.120467,0.47837,-0.138421,95.767532,19.254606,-0.008248,0.873695,0.079529,0.479858,-3.042563,113.949165,22.772621,0.121589,0.933632,-0.052905,0.33279,-5.100176,136.335938,25.744459,0.078135,0.970767,-0.17597,0.14332,0.015667,150.472382,23.979149,-0.04566,0.823556,0.142103,0.547246,-7.279222,131.113632,22.10173,0.335286,-0.600788,0.171751,-0.705081,-13.909164,132.455475,6.827132,0.242191,-0.024876,-0.354655,-0.902743,-8.508704,116.55648,-11.215406,0.282488,0.131554,-0.524949,-0.792037,9.947398,132.075119,-16.568184,-0.070748,0.92302,0.194977,0.324056,-3.101761,130.634079,28.606527,0.369918,0.874937,0.213202,-0.228455,9.927857,130.704849,39.060909,0.026425,0.230316,0.50521,-0.831275,25.256802,117.151581,25.320143,0.100314,0.024546,0.547924,-0.830129,15.307951,138.629135,14.692144,0.035186,0.871324,0.156864,0.463627,-4.376213,87.62114,10.73625,0.138141,0.933232,-0.018199,0.331156,-1.341228,53.413177,-0.301433,0.00829,0.938949,0.009716,0.343818,-13.99831,8.33669,-2.999185,-0.048216,0.852111,-0.037622,0.519775,5.82929,88.134911,27.192772,0.021359,0.831503,-0.14325,0.536308,7.382592,52.332233,31.3137,-0.022511,0.822536,0.017376,0.568001,-1.489084,7.402307,41.411438,0.00829,0.938949,0.009716,0.343818,-4.671701,2.225439,-14.240612,-0.022511,0.822536,0.017376,0.568001,12.432159,1.903738,36.247379
325,2.708333,-0.038861,0.872707,0.042602,0.484828,0.727726,87.879997,18.965069,-0.022769,0.869559,0.120397,0.478386,-0.139049,95.769272,19.256353,-0.008191,0.873677,0.079554,0.479887,-3.040415,113.950905,22.772758,0.121763,0.933606,-0.052818,0.332813,-5.096416,136.33754,25.746763,0.077984,0.970749,-0.176219,0.143218,0.023436,150.473053,23.985777,-0.045668,0.823527,0.142318,0.547232,-7.275664,131.115784,22.103371,0.335393,-0.600849,0.171787,-0.704969,-13.906089,132.461304,6.829302,0.242542,-0.024642,-0.354786,-0.902604,-8.50987,116.5578,-11.210531,0.283407,0.131473,-0.524605,-0.79195,9.939764,132.080185,-16.559696,-0.070998,0.922978,0.194929,0.324151,-3.098624,130.635239,28.608366,0.370788,0.874178,0.215691,-0.227612,9.927761,130.713547,39.066727,0.027677,0.229542,0.505728,-0.831134,25.243891,117.15567,25.316208,0.100357,0.02467,0.548114,-0.829995,15.309358,138.625854,14.695786,0.035192,0.871294,0.156898,0.463672,-4.375202,87.623146,10.736914,0.138219,0.933143,-0.01828,0.33137,-1.338838,53.415985,-0.302859,0.008256,0.938899,0.009682,0.343957,-14.004491,8.341795,-2.998844,-0.048221,0.852024,-0.037595,0.519919,5.830655,88.136848,27.193224,0.021356,0.831301,-0.143244,0.536623,7.384591,52.334057,31.312931,-0.022832,0.822403,0.017297,0.568184,-1.490396,7.403961,41.407001,0.008256,0.938899,0.009682,0.343957,-4.674325,2.229895,-14.236972,-0.022832,0.822403,0.017297,0.568184,12.435671,1.909004,36.252098
326,2.716667,-0.038884,0.872723,0.042669,0.48479,0.72759,87.880722,18.966515,-0.022889,0.869533,0.120348,0.478441,-0.140011,95.769867,19.258595,-0.008006,0.873658,0.079588,0.479921,-3.044074,113.94812,22.770374,0.121597,0.933627,-0.052959,0.332792,-5.093606,136.334641,25.749653,0.078073,0.970722,-0.176317,0.14323,0.022965,150.470642,23.982935,-0.04567,0.823532,0.142357,0.547215,-7.27422,131.114395,22.104906,0.335281,-0.600836,0.171876,-0.705011,-13.905271,132.46048,6.831168,0.242534,-0.024645,-0.354721,-0.902631,-8.509807,116.557076,-11.208968,0.283519,0.131371,-0.524601,-0.791929,9.942094,132.077026,-16.557417,-0.071038,0.922963,0.19478,0.324274,-3.097639,130.631058,28.609985,0.370739,0.874344,0.214979,-0.227726,9.925884,130.711334,39.07188,0.027862,0.229692,0.505859,-0.831007,25.241228,117.145744,25.328123,0.10082,0.023836,0.548653,-0.829606,15.316793,138.616547,14.697329,0.03519,0.871303,0.156916,0.463648,-4.376009,87.624069,10.738775,0.138254,0.933185,-0.018255,0.331237,-1.339222,53.417301,-0.302107,0.008383,0.93885,0.00974,0.344087,-14.007488,8.343944,-2.999606,-0.048163,0.851994,-0.037621,0.519972,5.83119,88.137367,27.194256,0.021228,0.831262,-0.143089,0.536729,7.380374,52.334328,31.313473,-0.022794,0.822355,0.017484,0.568249,-1.478172,7.399571,41.40123,0.008383,0.93885,0.00974,0.344087,-4.675471,2.232348,-14.236355,-0.022794,0.822355,0.017484,0.568249,12.44948,1.90853,36.246456
327,2.725,-0.038897,0.872754,0.042648,0.484735,0.725283,87.879906,18.969143,-0.022853,0.869546,0.120409,0.478403,-0.142324,95.769073,19.260876,-0.008137,0.873668,0.079436,0.479925,-3.046846,113.951233,22.776257,0.121747,0.933582,-0.053195,0.332827,-5.098266,136.33876,25.746706,0.078149,0.970711,-0.176316,0.14327,0.02468,150.471848,23.975281,-0.045531,0.823573,0.141821,0.547303,-7.278384,131.116898,22.103968,0.335321,-0.600736,0.171919,-0.705068,-13.906628,132.457382,6.828514,0.242586,-0.024569,-0.354721,-0.902619,-8.50596,116.552475,-11.208754,0.283604,0.131263,-0.524622,-0.791903,9.946702,132.073502,-16.554871,-0.070835,0.922943,0.194831,0.324343,-3.101885,130.636459,28.609314,0.370783,0.874388,0.214845,-0.227612,9.921093,130.709427,39.071949,0.027788,0.22983,0.505925,-0.830931,25.237381,117.138458,25.334555,0.100818,0.023967,0.548884,-0.82945,15.319758,138.610596,14.700582,0.035207,0.87132,0.156927,0.463612,-4.379331,87.622765,10.742046,0.138141,0.933212,-0.018218,0.331212,-1.343717,53.416336,-0.300203,0.008276,0.938933,0.009748,0.343864,-14.001192,8.339909,-2.997062,-0.048236,0.85203,-0.037517,0.519914,5.829897,88.137054,27.196239,0.021347,0.831316,-0.143286,0.536589,7.387687,52.33395,31.311686,-0.022897,0.822485,0.017248,0.568065,-1.488299,7.404965,41.409809,0.008276,0.938933,0.009748,0.343864,-4.673201,2.229659,-14.237885,-0.022897,0.822485,0.017248,0.568065,12.436574,1.909884,36.251823
328,2.733333,-0.038863,0.872781,0.04264,0.484691,0.723453,87.879654,18.970533,-0.022977,0.869551,0.12038,0.478396,-0.143596,95.768867,19.26247,-0.007895,0.873693,0.079462,0.479879,-3.051185,113.948418,22.774189,0.121699,0.93361,-0.053252,0.332754,-5.093442,136.335938,25.751041,0.078152,0.97069,-0.176482,0.143203,0.02848,150.46907,23.977045,-0.045557,0.823556,0.141804,0.547331,-7.276114,131.115921,22.107185,0.335276,-0.600785,0.171907,-0.70505,-13.903257,132.455551,6.831178,0.242603,-0.024549,-0.354642,-0.902646,-8.5053,116.551735,-11.207855,0.283644,0.131264,-0.524575,-0.79192,9.950391,132.070145,-16.552511,-0.070645,0.922929,0.194737,0.324482,-3.098885,130.632065,28.611813,0.37009,0.875149,0.211964,-0.228515,9.921977,130.69928,39.077114,0.026578,0.230772,0.50553,-0.83095,25.243273,117.121376,25.35215,0.100817,0.023987,0.549212,-0.829233,15.320991,138.604156,14.702744,0.035211,0.871328,0.156956,0.463588,-4.382044,87.622971,10.74397,0.138131,0.933209,-0.018203,0.331226,-1.345988,53.417206,-0.30022,0.008637,0.93888,0.009752,0.343998,-14.002101,8.340463,-2.998223,-0.048244,0.852103,-0.037534,0.519792,5.828951,88.136345,27.197096,0.021398,0.831345,-0.143266,0.536547,7.387229,52.333389,31.313646,-0.022887,0.822458,0.017241,0.568104,-1.491234,7.404053,41.408047,0.008637,0.93888,0.009752,0.343998,-4.675093,2.226755,-14.237987,-0.022887,0.822458,0.017241,0.568104,12.433998,1.908656,36.251373
329,2.741667,-0.038851,0.872814,0.04266,0.484631,0.721083,87.880135,18.972055,-0.022976,0.869551,0.120466,0.478374,-0.145936,95.769333,19.264423,-0.007995,0.873687,0.079314,0.479912,-3.055794,113.953445,22.780025,0.122037,0.933524,-0.053624,0.332812,-5.098929,136.341949,25.748795,0.078208,0.970684,-0.176457,0.143246,0.035821,150.469635,23.968395,-0.045491,0.823466,0.141743,0.547489,-7.281156,131.120605,22.106606,0.33537,-0.60076,0.171992,-0.705006,-13.902725,132.461777,6.82832,0.242708,-0.024468,-0.354564,-0.902651,-8.504727,116.552994,-11.20633,0.283687,0.131232,-0.524493,-0.791964,9.953201,132.068253,-16.548075,-0.070375,0.922912,0.194832,0.324534,-3.104442,130.63916,28.611744,0.371045,0.874254,0.21499,-0.227563,9.916585,130.696625,39.076904,0.027711,0.22985,0.506204,-0.830758,25.224384,117.117897,25.337713,0.100662,0.024205,0.549428,-0.829102,15.321228,138.59993,14.705854,0.035202,0.871314,0.157012,0.463595,-4.385552,87.623764,10.746188,0.138133,0.933213,-0.018209,0.331212,-1.346979,53.419228,-0.301107,0.008582,0.938893,0.009689,0.343967,-14.003548,8.342576,-2.99851,-0.048273,0.852114,-0.037523,0.519773,5.827717,88.136505,27.197924,0.021407,0.831419,-0.143273,0.536431,7.388245,52.333702,31.314882,-0.02271,0.822496,0.017329,0.568053,-1.489841,7.40459,41.410618,0.008582,0.938893,0.009689,0.343967,-4.676924,2.227678,-14.237947,-0.02271,0.822496,0.017329,0.568053,12.433627,1.908297,36.250134
330,2.75,-0.038535,0.872892,0.042547,0.484525,0.704858,87.888023,18.976545,-0.022807,0.869551,0.120277,0.478428,-0.156889,95.777763,19.269886,-0.007948,0.87365,0.079318,0.47998,-3.056558,113.954285,22.78047,0.122123,0.933498,-0.053729,0.332838,-5.098145,136.342804,25.750286,0.078299,0.970665,-0.176533,0.143227,0.039978,150.469025,23.968046,-0.04545,0.823448,0.141837,0.547494,-7.280302,131.121857,22.107468,0.335449,-0.600781,0.171947,-0.704961,-13.901803,132.465927,6.829409,0.242797,-0.024401,-0.354467,-0.902667,-8.504284,116.556404,-11.204725,0.283675,0.131292,-0.524356,-0.792049,9.956241,132.067535,-16.543634,-0.070507,0.922894,0.194771,0.324591,-3.10458,130.639648,28.613182,0.371304,0.874154,0.215085,-0.227437,9.91458,130.701431,39.080639,0.027805,0.229847,0.506347,-0.830668,25.215769,117.113113,25.34355,0.100554,0.024353,0.549682,-0.828943,15.32082,138.596161,14.711022,0.035035,0.871224,0.157069,0.463757,-4.404238,87.635773,10.75208,0.138127,0.933275,-0.018101,0.331045,-1.351167,53.43169,-0.292611,0.008662,0.938904,0.009494,0.34394,-14.004341,8.354506,-2.997039,-0.048418,0.852088,-0.03738,0.519813,5.813954,88.140266,27.201012,0.021399,0.831381,-0.143281,0.536486,7.388604,52.337692,31.314653,-0.022849,0.822493,0.017247,0.568054,-1.489902,7.40878,41.410862,0.008662,0.938904,0.009494,0.34394,-4.680152,2.233487,-14.235157,-0.022849,0.822493,0.017247,0.568054,12.434391,1.912869,36.252209
331,2.758333,-0.038661,0.872905,0.042629,0.484484,0.705717,87.890656,18.978849,-0.02299,0.869503,0.120772,0.478382,-0.158389,95.780136,19.27239,-0.0078,0.873674,0.079105,0.479974,-3.072881,113.953278,22.795912,0.122395,0.933459,-0.053797,0.332836,-5.103953,136.34343,25.760588,0.078326,0.970619,-0.176875,0.143104,0.0422,150.466843,23.979271,-0.045433,0.823206,0.1417,0.547896,-7.288716,131.12265,22.119106,0.335034,-0.600855,0.172131,-0.705051,-13.895562,132.466965,6.834729,0.242724,-0.024291,-0.354277,-0.902764,-8.505537,116.56134,-11.205088,0.283865,0.131553,-0.524418,-0.791897,9.964325,132.069138,-16.536348,-0.070357,0.923024,0.194556,0.324384,-3.112879,130.640045,28.624716,0.371385,0.874091,0.215287,-0.227354,9.911464,130.701187,39.085716,0.027738,0.229845,0.506395,-0.830642,25.211514,117.1119,25.348339,0.100344,0.024644,0.549959,-0.828775,15.319241,138.596619,14.718111,0.035009,0.871255,0.157121,0.463684,-4.403957,87.637001,10.754789,0.138218,0.933277,-0.018138,0.331001,-1.348407,53.433956,-0.292449,0.008674,0.938843,0.00952,0.344104,-14.010618,8.359244,-2.995818,-0.048397,0.851994,-0.037337,0.519972,5.815392,88.14431,27.202909,0.021332,0.831185,-0.143276,0.536794,7.389601,52.341354,31.313419,-0.022902,0.822419,0.017362,0.568156,-1.487149,7.412016,41.409321,0.008674,0.938843,0.00952,0.344104,-4.682557,2.238741,-14.230999,-0.022902,0.822419,0.017362,0.568156,12.439619,1.919842,36.253368
332,2.766667,-0.03876,0.872905,0.042746,0.484465,0.707878,87.893646,18.98007,-0.022886,0.869489,0.120443,0.478497,-0.158498,95.782837,19.274488,-0.007793,0.873593,0.079211,0.480105,-3.06398,113.957581,22.788677,0.122508,0.933428,-0.053699,0.332896,-5.097539,136.346985,25.75737,0.078372,0.970608,-0.176969,0.143036,0.050988,150.470062,23.980288,-0.045418,0.823356,0.141768,0.547653,-7.280826,131.126785,22.114143,0.335073,-0.600836,0.172074,-0.705062,-13.896617,132.471375,6.833653,0.242809,-0.024136,-0.354163,-0.90279,-8.50452,116.566803,-11.206469,0.283852,0.131747,-0.524254,-0.791978,9.969336,132.071457,-16.530869,-0.070332,0.922931,0.194531,0.32467,-3.10693,130.643127,28.620922,0.371711,0.873898,0.21579,-0.227086,9.911345,130.701691,39.089497,0.027899,0.229728,0.506614,-0.830535,25.205486,117.104683,25.353151,0.100254,0.024684,0.549761,-0.828917,15.322603,138.592911,14.725407,0.034998,0.871277,0.157097,0.46365,-4.402007,87.639397,10.756154,0.138256,0.932965,-0.018282,0.331854,-1.346986,53.435753,-0.289381,0.008748,0.938825,0.009554,0.344152,-14.014463,8.362537,-2.992964,-0.048327,0.851928,-0.037414,0.52008,5.817761,88.147896,27.203983,0.021295,0.831143,-0.143065,0.536917,7.384243,52.344864,31.316784,-0.022957,0.822235,0.017445,0.568417,-1.480627,7.409719,41.397293,0.008748,0.938825,0.009554,0.344152,-4.685973,2.242235,-14.227907,-0.022957,0.822235,0.017445,0.568417,12.450431,1.920581,36.249699
333,2.775,-0.03872,0.872911,0.042738,0.484459,0.705521,87.893585,18.98126,-0.022989,0.869475,0.12038,0.478532,-0.160225,95.782845,19.275877,-0.007619,0.873577,0.079237,0.480131,-3.067554,113.954842,22.785482,0.122452,0.933444,-0.053693,0.332875,-5.094836,136.344177,25.758934,0.078587,0.970569,-0.177109,0.143009,0.052018,150.467789,23.981308,-0.045379,0.823399,0.141745,0.547597,-7.27949,131.125397,22.114513,0.334889,-0.600841,0.172008,-0.705162,-13.897429,132.470291,6.834985,0.242695,-0.023989,-0.354024,-0.902879,-8.504465,116.572548,-11.210893,0.283785,0.131863,-0.524014,-0.792141,9.974488,132.074326,-16.525143,-0.070331,0.922911,0.194402,0.324803,-3.105942,130.639145,28.621323,0.371896,0.873804,0.21596,-0.226981,9.909442,130.698181,39.093483,0.028015,0.229653,0.506761,-0.830462,25.199118,117.095688,25.357622,0.100241,0.024581,0.549884,-0.82884,15.322706,138.585938,14.731266,0.03502,0.871297,0.157081,0.463616,-4.40454,87.639931,10.757438,0.138268,0.932955,-0.01825,0.33188,-1.351907,53.436043,-0.287966,0.008651,0.938785,0.00954,0.344262,-14.019312,8.363017,-2.9951,-0.048344,0.851924,-0.037388,0.520087,5.81558,88.14724,27.205082,0.021239,0.831137,-0.143084,0.536924,7.384029,52.344193,31.316952,-0.022855,0.822305,0.017557,0.568316,-1.477451,7.409325,41.401638,0.008651,0.938785,0.00954,0.344262,-4.687138,2.243234,-14.227265,-0.022855,0.822305,0.017557,0.568316,12.452076,1.921131,36.248905
334,2.783333,-0.038727,0.872946,0.042666,0.484402,0.701897,87.892517,18.983309,-0.023002,0.869493,0.12038,0.4785,-0.163378,95.781868,19.276949,-0.007563,0.873582,0.079157,0.480137,-3.070695,113.951897,22.786028,0.122599,0.93342,-0.053741,0.332879,-5.094033,136.341843,25.757524,0.078715,0.970552,-0.177166,0.142987,0.057295,150.463867,23.98011,-0.045356,0.823405,0.14173,0.547594,-7.279615,131.123123,22.113565,0.334621,-0.600778,0.172113,-0.705317,-13.897738,132.468384,6.834145,0.2425,-0.023901,-0.353978,-0.902952,-8.502843,116.574631,-11.214681,0.283725,0.132021,-0.523807,-0.792273,9.977966,132.076996,-16.521135,-0.070239,0.922914,0.194281,0.324887,-3.106136,130.636719,28.620407,0.372123,0.873719,0.216088,-0.226815,9.907865,130.69368,39.094307,0.028132,0.229621,0.507005,-0.830319,25.192932,117.082634,25.361771,0.100332,0.024287,0.549824,-0.828877,15.328865,138.577576,14.735434,0.034937,0.871359,0.157123,0.463492,-4.40922,87.638016,10.760169,0.138253,0.933305,-0.018046,0.330911,-1.351527,53.434647,-0.285483,0.008671,0.938836,0.009561,0.344122,-14.014202,8.360544,-2.996814,-0.048423,0.851966,-0.037328,0.520015,5.813013,88.147026,27.206451,0.02137,0.831208,-0.143233,0.536769,7.388907,52.344204,31.317493,-0.022882,0.822406,0.017355,0.568176,-1.48837,7.413858,41.408459,0.008671,0.938836,0.009561,0.344122,-4.685484,2.24119,-14.232081,-0.022882,0.822406,0.017355,0.568176,12.438414,1.921164,36.253098
335,2.791667,-0.038698,0.872953,0.042591,0.484398,0.697694,87.890526,18.984756,-0.023221,0.869518,0.120532,0.478405,-0.166602,95.780006,19.277569,-0.007462,0.873696,0.07898,0.47996,-3.083082,113.946518,22.787529,0.122662,0.93344,-0.053806,0.33279,-5.097981,136.337799,25.754686,0.078996,0.970526,-0.177147,0.143032,0.055343,150.458878,23.975512,-0.045257,0.823304,0.141709,0.54776,-7.286803,131.118942,22.112885,0.334425,-0.600738,0.172131,-0.705439,-13.899159,132.467484,6.831255,0.242342,-0.023766,-0.353911,-0.903024,-8.502214,116.578529,-11.221182,0.283629,0.132192,-0.523591,-0.792422,9.981668,132.081345,-16.518291,-0.070051,0.922932,0.194133,0.324963,-3.110672,130.632706,28.61804,0.372257,0.873703,0.216104,-0.226643,9.902544,130.685043,39.092934,0.028054,0.229733,0.507157,-0.830197,25.186539,117.066872,25.366276,0.100295,0.02424,0.549551,-0.829064,15.333181,138.565964,14.738366,0.034964,0.871369,0.157193,0.463449,-4.413545,87.63578,10.761698,0.138218,0.932933,-0.018238,0.331962,-1.355746,53.434135,-0.289247,0.008757,0.93881,0.00963,0.34419,-14.018305,8.359781,-2.996972,-0.048443,0.852069,-0.037346,0.519844,5.808932,88.145271,27.207815,0.021376,0.831309,-0.14321,0.536619,7.386179,52.342682,31.320381,-0.022949,0.822529,0.017285,0.567997,-1.488646,7.411766,41.410946,0.008757,0.93881,0.00963,0.34419,-4.688663,2.241482,-14.232052,-0.022949,0.822529,0.017285,0.567997,12.436102,1.918455,36.250744
336,2.8,-0.038724,0.872958,0.042567,0.48439,0.695873,87.891693,18.987572,-0.022915,0.869566,0.119922,0.478485,-0.168603,95.781174,19.279871,-0.007564,0.873632,0.079169,0.480045,-3.064128,113.950745,22.775028,0.12259,0.933457,-0.05352,0.332816,-5.087497,136.340591,25.747204,0.079163,0.970507,-0.177233,0.142963,0.06131,150.464218,23.975355,-0.045308,0.823539,0.141918,0.547348,-7.273687,131.121857,22.103638,0.334295,-0.600708,0.172107,-0.705533,-13.900955,132.47049,6.828476,0.242217,-0.023604,-0.353821,-0.903097,-8.501801,116.585945,-11.227183,0.2835,0.132309,-0.523416,-0.792564,9.984751,132.087357,-16.513601,-0.070093,0.922763,0.194107,0.325451,-3.098838,130.635498,28.609606,0.372715,0.873546,0.216087,-0.226514,9.9036,130.685837,39.097889,0.028305,0.229756,0.507477,-0.829987,25.173676,117.049316,25.373966,0.100375,0.024133,0.549596,-0.829027,15.337364,138.554321,14.740128,0.03486,0.871382,0.157258,0.463409,-4.415479,87.636276,10.764605,0.138338,0.933257,-0.018062,0.331009,-1.349452,53.435589,-0.287025,0.008724,0.93879,0.009514,0.344249,-14.019627,8.363748,-3.000937,-0.048438,0.852089,-0.037366,0.519809,5.807224,88.147102,27.210539,0.021394,0.831368,-0.143177,0.536535,7.383597,52.344597,31.3241,-0.023717,0.822651,0.016993,0.567797,-1.489903,7.412848,41.412121,0.008724,0.93879,0.009514,0.344249,-4.688715,2.242553,-14.233383,-0.023717,0.822651,0.016993,0.567797,12.437759,1.925482,36.25346
337,2.808333,-0.038756,0.872967,0.042634,0.484364,0.695367,87.892975,18.987171,-0.022875,0.869581,0.119925,0.478459,-0.170051,95.782326,19.28017,-0.007556,0.873637,0.07917,0.480034,-3.064013,113.950584,22.775976,0.122683,0.933432,-0.053634,0.332832,-5.087019,136.340439,25.748405,0.079288,0.970483,-0.177262,0.143021,0.065414,150.462479,23.974476,-0.045365,0.823514,0.141973,0.547366,-7.273369,131.12175,22.104853,0.333472,-0.600606,0.172577,-0.705894,-13.89979,132.469971,6.829295,0.241586,-0.023686,-0.353755,-0.90329,-8.502621,116.592049,-11.232768,0.283294,0.132459,-0.523161,-0.792781,9.98704,132.094452,-16.511538,-0.070036,0.922755,0.193952,0.325576,-3.098359,130.635284,28.610703,0.372913,0.873497,0.216168,-0.226297,9.901607,130.684723,39.102047,0.028628,0.229825,0.507618,-0.82987,25.169224,117.039124,25.38442,0.100629,0.024146,0.549771,-0.82888,15.342379,138.542404,14.740685,0.034903,0.871377,0.157212,0.463431,-4.41641,87.637619,10.76447,0.138306,0.933284,-0.018053,0.330949,-1.354361,53.4361,-0.285679,0.00858,0.938803,0.009544,0.344216,-14.021667,8.363399,-2.998598,-0.048392,0.852226,-0.037456,0.519582,5.807144,88.148323,27.209871,0.021346,0.831305,-0.143109,0.536653,7.378469,52.345978,31.326788,-0.023772,0.822575,0.017092,0.567902,-1.48935,7.41221,41.410793,0.00858,0.938803,0.009544,0.344216,-4.689749,2.244441,-14.231422,-0.023772,0.822575,0.017092,0.567902,12.440742,1.928228,36.2551
338,2.816667,-0.038785,0.872983,0.042375,0.484356,0.69117,87.898506,18.998825,-0.023133,0.869492,0.120572,0.478446,-0.172662,95.788177,19.288021,-0.007447,0.87362,0.078899,0.480111,-3.085798,113.945816,22.799063,0.12281,0.933352,-0.054154,0.332924,-5.098871,136.337692,25.762997,0.079491,0.970416,-0.177416,0.143168,0.062152,150.455048,23.976692,-0.045468,0.823219,0.141837,0.547838,-7.287127,131.118698,22.121054,0.333116,-0.600709,0.172402,-0.706017,-13.895993,132.464249,6.837654,0.241326,-0.023686,-0.353679,-0.903389,-8.50195,116.600227,-11.237552,0.283171,0.132661,-0.523023,-0.792882,9.991233,132.102066,-16.511261,-0.06988,0.922982,0.193735,0.325096,-3.113242,130.632675,28.627665,0.373134,0.873448,0.216243,-0.22605,9.897901,130.683319,39.105141,0.028848,0.230001,0.507742,-0.829738,25.16291,117.027328,25.394939,0.100779,0.024544,0.549957,-0.828727,15.34698,138.529129,14.739448,0.03493,0.871442,0.157357,0.463257,-4.420727,87.640205,10.776288,0.138296,0.932965,-0.018195,0.331844,-1.357653,53.44212,-0.284219,0.008584,0.938757,0.009496,0.344343,-14.025913,8.369639,-2.996478,-0.04836,0.851984,-0.037228,0.519998,5.803067,88.156799,27.221363,0.021284,0.831138,-0.143113,0.536913,7.378963,52.353001,31.323853,-0.023537,0.82254,0.01709,0.567964,-1.487423,7.419112,41.408581,0.008584,0.938757,0.009496,0.344343,-4.69122,2.249271,-14.226234,-0.023537,0.82254,0.01709,0.567964,12.441228,1.931099,36.253277
339,2.825,-0.038745,0.872964,0.042685,0.484367,0.69122,87.891983,18.988974,-0.022989,0.869488,0.120613,0.478451,-0.174442,95.781288,19.282764,-0.007444,0.873619,0.078913,0.480111,-3.084508,113.94429,22.798759,0.123022,0.93334,-0.05409,0.332891,-5.097754,136.33606,25.763327,0.079619,0.970405,-0.177535,0.143026,0.068321,150.452042,23.980703,-0.045515,0.823212,0.141939,0.547817,-7.285971,131.117157,22.121235,0.333029,-0.60076,0.172212,-0.706061,-13.895453,132.463226,6.838146,0.241132,-0.023679,-0.353702,-0.903432,-8.501141,116.607178,-11.243979,0.282928,0.132801,-0.522825,-0.793076,9.991731,132.111511,-16.514462,-0.069825,0.922923,0.193473,0.325432,-3.112082,130.630981,28.627836,0.373435,0.873407,0.21602,-0.225923,9.892013,130.680435,39.114071,0.029081,0.230408,0.507942,-0.829495,25.148767,117.008362,25.410706,0.100945,0.025045,0.5502,-0.82853,15.352133,138.510941,14.733188,0.034934,0.87139,0.157227,0.463399,-4.420525,87.637299,10.76623,0.138305,0.93299,-0.018216,0.331767,-1.360289,53.436272,-0.285959,0.008656,0.938732,0.009696,0.344402,-14.030168,8.3641,-2.995696,-0.048446,0.851971,-0.037387,0.520001,5.802966,88.146667,27.21172,0.021331,0.831195,-0.143117,0.536822,7.37813,52.34433,31.327232,-0.023761,0.822545,0.017242,0.567942,-1.490973,7.410708,41.410809,0.008656,0.938732,0.009696,0.344402,-4.694029,2.248506,-14.226848,-0.023761,0.822545,0.017242,0.567942,12.440428,1.930194,36.254959
340,2.833333,-0.038714,0.872954,0.042264,0.484423,0.683415,87.894157,19.000956,-0.023022,0.869477,0.120531,0.47849,-0.178607,95.784065,19.28911,-0.007445,0.873608,0.07884,0.480144,-3.087431,113.941483,22.80055,0.123012,0.933326,-0.054305,0.3329,-5.09924,136.333771,25.762177,0.079885,0.970374,-0.177545,0.143073,0.068574,150.448364,23.973602,-0.045493,0.823228,0.141924,0.5478,-7.287586,131.114548,22.120586,0.332808,-0.60068,0.172143,-0.70625,-13.897777,132.460846,6.837822,0.240843,-0.023753,-0.353751,-0.903488,-8.497583,116.613449,-11.250136,0.282672,0.132813,-0.522757,-0.79321,9.993888,132.120804,-16.519625,-0.069729,0.922901,0.19331,0.325611,-3.114186,130.628891,28.627535,0.373629,0.873438,0.215697,-0.225792,9.886457,130.675964,39.118057,0.029297,0.230838,0.508067,-0.829291,25.139019,116.990028,25.423885,0.101228,0.025501,0.550324,-0.8284,15.358936,138.490234,14.724052,0.034933,0.871434,0.15738,0.463265,-4.427332,87.636108,10.777697,0.138265,0.933015,-0.018188,0.331715,-1.363548,53.438568,-0.28429,0.009443,0.938761,0.01005,0.344292,-14.029246,8.36525,-2.994498,-0.048403,0.852136,-0.037235,0.519745,5.794162,88.152214,27.224216,0.021307,0.83136,-0.143093,0.536573,7.373661,52.348751,31.328291,-0.023671,0.822649,0.017121,0.567799,-1.489387,7.414412,41.413979,0.009443,0.938761,0.01005,0.344292,-4.70328,2.251752,-14.23524,-0.023671,0.822649,0.017121,0.567799,12.43865,1.929383,36.253841
341,2.841667,-0.038649,0.872937,0.042186,0.484467,0.679213,87.891563,19.001566,-0.022994,0.869446,0.120603,0.47853,-0.181321,95.781654,19.289093,-0.00742,0.873599,0.078704,0.480183,-3.090556,113.937775,22.803057,0.123016,0.933319,-0.054412,0.332901,-5.098541,136.331055,25.759781,0.080075,0.970353,-0.177596,0.143048,0.070362,150.44487,23.968306,-0.045559,0.823156,0.141968,0.547891,-7.28756,131.111465,22.119135,0.332694,-0.600749,0.171907,-0.706303,-13.894218,132.457275,6.834804,0.24052,-0.023802,-0.353799,-0.903554,-8.49414,116.619896,-11.261953,0.282246,0.132793,-0.522765,-0.79336,9.99622,132.130951,-16.528866,-0.069662,0.92286,0.193117,0.325857,-3.114729,130.626434,28.626495,0.374056,0.87333,0.215545,-0.225648,9.880866,130.671875,39.123276,0.029542,0.231213,0.508361,-0.828998,25.120863,116.966293,25.43475,0.101449,0.026142,0.550482,-0.828248,15.364432,138.469604,14.714495,0.034953,0.871396,0.157441,0.463315,-4.430809,87.633926,10.777843,0.138236,0.93302,-0.018162,0.331714,-1.36562,53.437866,-0.288334,0.0087,0.938776,0.009525,0.344286,-14.028044,8.363712,-2.9999,-0.048418,0.852334,-0.037255,0.519418,5.789235,88.149208,27.225288,0.021391,0.831628,-0.143118,0.536148,7.370474,52.345955,31.330532,-0.023646,0.822724,0.017001,0.567695,-1.495178,7.412615,41.418354,0.0087,0.938776,0.009525,0.344286,-4.695932,2.243047,-14.231637,-0.023646,0.822724,0.017001,0.567695,12.43058,1.924187,36.255692
342,2.85,-0.038854,0.872847,0.042586,0.484576,0.68992,87.879578,18.989014,-0.022995,0.869371,0.120885,0.478595,-0.176566,95.768867,19.280386,-0.007362,0.873566,0.078607,0.480259,-3.093066,113.934685,22.80549,0.123054,0.933306,-0.054434,0.332918,-5.096937,136.328705,25.759485,0.080209,0.970321,-0.177775,0.142967,0.073272,150.442032,23.967915,-0.045588,0.823108,0.141971,0.547959,-7.286449,131.109161,22.119059,0.332604,-0.600816,0.171622,-0.706357,-13.890516,132.454636,6.83358,0.240246,-0.023888,-0.353899,-0.903585,-8.489563,116.628265,-11.272548,0.281898,0.132801,-0.522828,-0.793441,9.997231,132.143753,-16.539768,-0.06934,0.922812,0.19279,0.326254,-3.114744,130.623978,28.627131,0.374219,0.873251,0.215774,-0.225463,9.873696,130.660355,39.132793,0.029903,0.231489,0.508496,-0.828825,25.111801,116.949806,25.44713,0.101741,0.026722,0.550754,-0.828013,15.369118,138.449677,14.707354,0.034973,0.871409,0.157354,0.463318,-4.417733,87.622375,10.763808,0.138326,0.933327,-0.018115,0.330814,-1.35672,53.424431,-0.297701,0.008587,0.93876,0.009816,0.344324,-14.028061,8.352455,-3.00393,-0.048432,0.852345,-0.037454,0.519384,5.797574,88.136772,27.21422,0.021443,0.831829,-0.14321,0.535809,7.372374,52.334702,31.332148,-0.023655,0.822877,0.017181,0.567468,-1.497824,7.40405,41.427933,0.008587,0.93876,0.009816,0.344324,-4.692426,2.240876,-14.237682,-0.023655,0.822877,0.017181,0.567468,12.426266,1.920077,36.256035
343,2.858333,-0.03848,0.872864,0.042367,0.484595,0.672129,87.883675,18.992538,-0.02278,0.869351,0.120766,0.478671,-0.187506,95.773727,19.283745,-0.007313,0.873519,0.078567,0.480353,-3.093863,113.932549,22.807022,0.123136,0.933272,-0.054519,0.33297,-5.095203,136.326889,25.760281,0.080282,0.970287,-0.177947,0.142942,0.078211,150.438889,23.967562,-0.045628,0.823062,0.141985,0.548021,-7.28471,131.107605,22.119492,0.332668,-0.600943,0.171096,-0.706346,-13.886386,132.452576,6.832939,0.240052,-0.023969,-0.353978,-0.903604,-8.484097,116.640625,-11.285378,0.281474,0.132837,-0.522859,-0.793565,9.999175,132.158737,-16.553593,-0.069574,0.922736,0.192619,0.326522,-3.114386,130.621933,28.628408,0.374516,0.873201,0.215634,-0.225297,9.867126,130.665512,39.142605,0.030257,0.23183,0.508658,-0.828618,25.097931,116.939758,25.464075,0.101974,0.027226,0.551116,-0.827727,15.372369,138.435333,14.703056,0.034845,0.871327,0.157425,0.463457,-4.435728,87.630745,10.767327,0.138257,0.932993,-0.01823,0.331778,-1.362488,53.433777,-0.29381,0.008386,0.938798,0.009576,0.344232,-14.028608,8.360394,-3.000925,-0.048575,0.852457,-0.037295,0.519197,5.779986,88.136604,27.217752,0.021404,0.831824,-0.143226,0.535814,7.37041,52.334671,31.330889,-0.023831,0.822924,0.017098,0.567394,-1.497564,7.404285,41.429817,0.008386,0.938798,0.009576,0.344232,-4.693908,2.244212,-14.232947,-0.023831,0.822924,0.017098,0.567394,12.426745,1.921273,36.257507
344,2.866667,-0.038763,0.872764,0.042704,0.484723,0.681406,87.87809,18.988314,-0.022791,0.869281,0.12088,0.478769,-0.184767,95.767342,19.281864,-0.007256,0.873466,0.078512,0.480458,-3.094921,113.931366,22.809509,0.123237,0.933239,-0.054566,0.333016,-5.093158,136.326141,25.761631,0.080329,0.970247,-0.178219,0.142851,0.083578,150.43692,23.968962,-0.045703,0.822959,0.142032,0.548157,-7.282722,131.107101,22.120504,0.332574,-0.601122,0.170662,-0.706344,-13.879189,132.451706,6.831658,0.239726,-0.024097,-0.354088,-0.903644,-8.480144,116.654755,-11.300715,0.281047,0.132943,-0.522767,-0.793759,9.99911,132.177429,-16.570337,-0.069638,0.922688,0.192525,0.326699,-3.113948,130.620926,28.630383,0.374773,0.873162,0.215466,-0.225184,9.863421,130.666245,39.149696,0.030433,0.232058,0.508812,-0.828452,25.087292,116.927109,25.476868,0.102183,0.027656,0.551308,-0.827559,15.374878,138.42363,14.702569,0.034972,0.871292,0.157376,0.46353,-4.423632,87.623718,10.761391,0.138341,0.933002,-0.018317,0.331713,-1.359062,53.426277,-0.300686,0.008565,0.938706,0.009841,0.344473,-14.035283,8.355385,-3.001992,-0.048543,0.8524,-0.037325,0.519293,5.786445,88.132462,27.215237,0.021374,0.831783,-0.143259,0.535871,7.373296,52.330471,31.32925,-0.023345,0.822941,0.017561,0.567375,-1.494694,7.400844,41.431576,0.008565,0.938706,0.009841,0.344473,-4.695747,2.244658,-14.232972,-0.023345,0.822941,0.017561,0.567375,12.427655,1.920801,36.250828
345,2.875,-0.03872,0.872691,0.042727,0.484857,0.676396,87.876488,18.988316,-0.02238,0.869169,0.120654,0.479048,-0.189408,95.765755,19.282393,-0.007149,0.873295,0.078582,0.48076,-3.082958,113.930428,22.808884,0.123265,0.933206,-0.05404,0.333186,-5.079517,136.324768,25.765413,0.080113,0.970176,-0.178889,0.142617,0.093698,150.438858,23.988663,-0.046495,0.822307,0.14296,0.548828,-7.267478,131.107025,22.121469,0.331826,-0.601642,0.170802,-0.706219,-13.836913,132.451065,6.820949,0.238735,-0.024224,-0.354287,-0.903825,-8.471055,116.663948,-11.329825,0.280482,0.133009,-0.522757,-0.793954,10.003101,132.200195,-16.590944,-0.069844,0.922579,0.192347,0.327067,-3.103179,130.6185,28.634033,0.375307,0.872838,0.216055,-0.224985,9.865187,130.669495,39.16441,0.030975,0.23198,0.509118,-0.828266,25.073713,116.917778,25.487152,0.102312,0.028056,0.551439,-0.827442,15.376568,138.413925,14.704763,0.034908,0.871204,0.157449,0.463675,-4.426192,87.62323,10.759842,0.138403,0.933058,-0.018341,0.331527,-1.353311,53.427132,-0.304078,0.008501,0.938697,0.009717,0.344501,-14.036162,8.357936,-3.002677,-0.048636,0.852439,-0.037189,0.519229,5.778985,88.129745,27.216789,0.021349,0.83175,-0.143309,0.535909,7.376961,52.327675,31.325802,-0.023476,0.822938,0.017558,0.567375,-1.492055,7.399302,41.432766,0.008501,0.938697,0.009717,0.344501,-4.695764,2.244421,-14.231418,-0.023476,0.822938,0.017558,0.567375,12.4315,1.921431,36.252979
346,2.883333,-0.038678,0.872667,0.042395,0.484932,0.665973,87.876114,18.999355,-0.022322,0.8691,0.120631,0.479181,-0.196725,95.765892,19.289089,-0.007101,0.873224,0.078436,0.480912,-3.087964,113.927475,22.814806,0.123482,0.933118,-0.054482,0.33328,-5.079946,136.322876,25.7663,0.080133,0.970156,-0.178963,0.142647,0.103572,150.432022,23.980261,-0.045952,0.822822,0.141992,0.548353,-7.268003,131.104965,22.12266,0.331928,-0.601483,0.169667,-0.70658,-13.856515,132.443115,6.829826,0.238747,-0.024407,-0.354245,-0.903833,-8.462185,116.692062,-11.343824,0.280098,0.132991,-0.522902,-0.793997,10.013665,132.224991,-16.613071,-0.069719,0.922552,0.192223,0.327244,-3.105961,130.616684,28.636683,0.375511,0.872759,0.216129,-0.22488,9.859119,130.663986,39.171116,0.031022,0.232039,0.509292,-0.828141,25.062412,116.90464,25.495708,0.102301,0.028222,0.55165,-0.827297,15.376146,138.403641,14.711091,0.034741,0.871187,0.157755,0.463616,-4.435266,87.620529,10.770119,0.138407,0.933516,-0.018191,0.330242,-1.342237,53.430546,-0.307077,0.009548,0.938786,0.010066,0.344222,-14.024501,8.360934,-3.001476,-0.048677,0.852571,-0.036876,0.519031,5.767212,88.131706,27.228594,0.02137,0.83185,-0.143397,0.53573,7.380442,52.328255,31.319571,-0.023588,0.822966,0.017278,0.567338,-1.492439,7.402339,41.434105,0.009548,0.938786,0.010066,0.344222,-4.701328,2.246899,-14.244241,-0.023588,0.822966,0.017278,0.567338,12.429982,1.919539,36.256485
347,2.891667,-0.038418,0.872569,0.042518,0.485118,0.654191,87.865891,18.991102,-0.022108,0.869039,0.120686,0.479288,-0.205917,95.755814,19.284365,-0.007012,0.873177,0.078322,0.481019,-3.092032,113.919815,22.815872,0.123214,0.933127,-0.054731,0.333312,-5.078358,136.316101,25.764561,0.08039,0.970101,-0.179099,0.142709,0.100295,150.425842,23.969175,-0.046036,0.822584,0.142153,0.54866,-7.267081,131.098419,22.120987,0.331481,-0.60162,0.169102,-0.706808,-13.844082,132.439056,6.823415,0.238176,-0.024524,-0.354291,-0.903963,-8.448462,116.716805,-11.374782,0.27955,0.133103,-0.523009,-0.794101,10.026058,132.253815,-16.640091,-0.069695,0.922513,0.192139,0.327408,-3.106613,130.60965,28.635979,0.375584,0.872764,0.216012,-0.224852,9.854991,130.655975,39.174698,0.030895,0.232113,0.509355,-0.828086,25.056229,116.891815,25.501854,0.102139,0.028213,0.551686,-0.827293,15.37509,138.393448,14.717984,0.034591,0.871026,0.157836,0.463902,-4.443941,87.616074,10.759762,0.138473,0.933659,-0.018167,0.329813,-1.335204,53.42717,-0.316369,0.00873,0.938769,0.009513,0.344304,-14.023584,8.359176,-3.009021,-0.048973,0.852698,-0.036717,0.518806,5.752323,88.115707,27.222443,0.021474,0.832005,-0.143519,0.535452,7.390749,52.313484,31.314186,-0.023763,0.823026,0.017305,0.567242,-1.492944,7.391268,41.435631,0.00873,0.938769,0.009513,0.344304,-4.691435,2.23787,-14.240378,-0.023763,0.823026,0.017305,0.567242,12.430088,1.912097,36.255814
348,2.9,-0.038237,0.872505,0.042423,0.485255,0.641555,87.860016,18.990782,-0.021906,0.868976,0.120664,0.479418,-0.215366,95.75029,19.283993,-0.006937,0.873123,0.078193,0.481139,-3.094946,113.914337,22.817894,0.123314,0.933063,-0.054784,0.333445,-5.075936,136.311569,25.762897,0.080378,0.970025,-0.179483,0.14275,0.10638,150.420029,23.967989,-0.046086,0.822357,0.142145,0.548999,-7.265162,131.093964,22.11952,0.330864,-0.601797,0.168459,-0.7071,-13.829591,132.435013,6.816581,0.237464,-0.024648,-0.354258,-0.90416,-8.433764,116.748138,-11.412065,0.278896,0.133263,-0.522949,-0.794344,10.0432,132.287872,-16.670713,-0.069398,0.922474,0.191948,0.327692,-3.106457,130.604996,28.635628,0.37565,0.872745,0.21591,-0.224914,9.850313,130.642334,39.180332,0.030613,0.232171,0.509457,-0.828018,25.047714,116.875198,25.506222,0.101807,0.028115,0.551615,-0.827385,15.37289,138.383652,14.72747,0.034591,0.870906,0.158006,0.464069,-4.454265,87.612526,10.757936,0.138306,0.93342,-0.018378,0.330545,-1.3376,53.427517,-0.327986,0.008788,0.938848,0.009447,0.34409,-14.016067,8.355919,-3.006951,-0.049257,0.852966,-0.036367,0.518362,5.737375,88.107506,27.223629,0.021611,0.83223,-0.143763,0.535031,7.408474,52.305447,31.303608,-0.022468,0.823036,0.017749,0.567268,-1.492985,7.390359,41.441074,0.008788,0.938848,0.009447,0.34409,-4.689984,2.232309,-14.242093,-0.022468,0.823036,0.017749,0.567268,12.420937,1.899922,36.248695
349,2.908333,-0.038133,0.872452,0.042402,0.485361,0.628875,87.853912,18.990997,-0.02168,0.868976,0.120454,0.47948,-0.226477,95.744339,19.28462,-0.006874,0.873099,0.078028,0.48121,-3.094802,113.907837,22.815174,0.123504,0.933043,-0.054609,0.333459,-5.069924,136.30629,25.754929,0.080452,0.969997,-0.179749,0.142559,0.115984,150.414307,23.96686,-0.046362,0.822034,0.14258,0.549347,-7.260104,131.088486,22.112402,0.329206,-0.601799,0.16859,-0.707841,-13.810891,132.432098,6.803849,0.236104,-0.024875,-0.354246,-0.904514,-8.417362,116.783646,-11.458461,0.278309,0.133705,-0.522762,-0.794598,10.064055,132.331909,-16.705072,-0.069869,0.922289,0.192097,0.328025,-3.102448,130.599792,28.629196,0.37586,0.872679,0.215895,-0.224832,9.844828,130.647461,39.185505,0.030299,0.23221,0.509514,-0.827983,25.036257,116.87149,25.513681,0.101406,0.028673,0.551576,-0.827441,15.365362,138.385269,14.741805,0.034367,0.870794,0.1583,0.464196,-4.465107,87.608116,10.756965,0.138411,0.93363,-0.018418,0.329905,-1.32279,53.428692,-0.338925,0.008773,0.938861,0.009285,0.344059,-14.013359,8.359972,-3.008964,-0.049507,0.853041,-0.035972,0.518243,5.722857,88.099709,27.225029,0.021712,0.83241,-0.143976,0.534689,7.424697,52.297379,31.28982,-0.023599,0.823156,0.017208,0.567064,-1.491044,7.388452,41.442032,0.008773,0.938861,0.009285,0.344059,-4.688566,2.232055,-14.242826,-0.023599,0.823156,0.017208,0.567064,12.427614,1.904044,36.255993
350,2.916667,-0.038083,0.872374,0.042437,0.485502,0.615984,87.846909,18.993694,-0.021432,0.868879,0.12038,0.479686,-0.238992,95.73735,19.288059,-0.006808,0.873002,0.077904,0.481407,-3.098615,113.901138,22.819868,0.12352,0.932994,-0.054742,0.333571,-5.069071,136.300507,25.755735,0.080622,0.969932,-0.180035,0.142546,0.118881,150.407425,23.964954,-0.046569,0.821688,0.142825,0.549783,-7.259069,131.082794,22.112982,0.328265,-0.601906,0.167695,-0.708399,-13.793215,132.427841,6.797446,0.235064,-0.025098,-0.354196,-0.904798,-8.3912,116.832207,-11.507482,0.277327,0.134112,-0.522391,-0.795117,10.09269,132.382965,-16.745951,-0.069826,0.922291,0.191998,0.328087,-3.104337,130.593903,28.631622,0.375862,0.872658,0.216108,-0.224705,9.841773,130.64093,39.189362,0.030005,0.232171,0.509552,-0.827981,25.035948,116.866257,25.519264,0.100991,0.028607,0.551448,-0.827579,15.366873,138.383621,14.757597,0.034185,0.870699,0.158707,0.464249,-4.475427,87.602463,10.758034,0.138453,0.933899,-0.01854,0.329121,-1.307176,53.43145,-0.356348,0.008509,0.938964,0.009109,0.34379,-14.007253,8.36423,-3.006373,-0.049841,0.853076,-0.03544,0.518191,5.707395,88.091347,27.229353,0.021846,0.832418,-0.144302,0.534584,7.449955,52.288662,31.273836,-0.023754,0.823186,0.017202,0.567014,-1.491223,7.389098,41.445053,0.008509,0.938964,0.009109,0.34379,-4.686582,2.234157,-14.242475,-0.023754,0.823186,0.017202,0.567014,12.428225,1.907179,36.258507
351,2.925,-0.03799,0.872302,0.042466,0.485637,0.599535,87.839973,18.995562,-0.021161,0.868792,0.120223,0.479894,-0.254422,95.730492,19.290915,-0.00673,0.872877,0.077756,0.481657,-3.102941,113.893845,22.821514,0.123769,0.932888,-0.05478,0.333766,-5.06793,136.294296,25.752729,0.080613,0.969871,-0.180372,0.142537,0.127825,150.398697,23.964773,-0.046731,0.821253,0.143413,0.550266,-7.257582,131.076691,22.109608,0.32722,-0.602121,0.166701,-0.708935,-13.773484,132.431061,6.787115,0.233983,-0.025269,-0.35397,-0.905163,-8.367825,116.893295,-11.565884,0.276189,0.134797,-0.521798,-0.795787,10.127847,132.443253,-16.792128,-0.069866,0.922243,0.191958,0.328235,-3.106571,130.587524,28.6306,0.375799,0.872667,0.21651,-0.22439,9.836106,130.635162,39.192554,0.029792,0.232163,0.509553,-0.82799,25.039608,116.864159,25.529129,0.100684,0.028644,0.551338,-0.827689,15.370506,138.384155,14.773475,0.033683,0.870388,0.159474,0.464606,-4.489475,87.597542,10.758357,0.138839,0.934889,-0.018477,0.326135,-1.259164,53.441681,-0.384726,0.00881,0.938988,0.00863,0.343729,-13.998857,8.384281,-3.011575,-0.050269,0.853137,-0.034868,0.518088,5.688546,88.082405,27.232765,0.022023,0.832324,-0.144556,0.534654,7.479289,52.279915,31.257778,-0.02368,0.823095,0.017357,0.567145,-1.489198,7.387963,41.43856,0.00881,0.938988,0.00863,0.343729,-4.685285,2.238095,-14.244768,-0.02368,0.823095,0.017357,0.567145,12.432157,1.908611,36.254406
352,2.933333,-0.037779,0.872256,0.04245,0.485736,0.577902,87.828117,18.993912,-0.020958,0.868794,0.120271,0.479888,-0.273051,95.71891,19.290573,-0.006629,0.872905,0.077471,0.481654,-3.115402,113.87957,22.825891,0.123961,0.932839,-0.05479,0.333831,-5.070163,136.282104,25.748093,0.080727,0.969803,-0.180667,0.142563,0.131102,150.384735,23.962299,-0.047644,0.819866,0.144821,0.551884,-7.262331,131.064011,22.107189,0.325092,-0.602625,0.166392,-0.709558,-13.71575,132.429245,6.75924,0.231859,-0.025327,-0.353831,-0.905761,-8.334969,116.952225,-11.652311,0.274779,0.135474,-0.521338,-0.796461,10.17211,132.514114,-16.845034,-0.069907,0.9222,0.191993,0.328329,-3.111247,130.575607,28.628195,0.37569,0.872689,0.216851,-0.224157,9.82919,130.623428,39.19289,0.029339,0.232257,0.509573,-0.827968,25.041855,116.857956,25.534096,0.100244,0.028963,0.55132,-0.827743,15.376493,138.38266,14.787054,0.033243,0.870341,0.160048,0.464529,-4.509552,87.589203,10.755643,0.139101,0.935532,-0.018962,0.324147,-1.23314,53.444427,-0.407936,0.008932,0.939007,0.008572,0.343676,-14.015536,8.395574,-2.973203,-0.050771,0.853203,-0.03434,0.517966,5.665355,88.067032,27.232182,0.022173,0.832452,-0.144773,0.53439,7.507312,52.265572,31.243208,-0.023122,0.822958,0.01771,0.567355,-1.48039,7.380122,41.43568,0.008932,0.939007,0.008572,0.343676,-4.704902,2.246639,-14.207324,-0.023122,0.822958,0.01771,0.567355,12.44052,1.899911,36.251255
353,2.941667,-0.03759,0.872157,0.042358,0.485937,0.551383,87.811913,19.004272,-0.02065,0.868747,0.119866,0.480088,-0.296316,95.703056,19.300941,-0.006589,0.872838,0.077279,0.481807,-3.121471,113.862885,22.827274,0.123753,0.932802,-0.055121,0.333956,-5.070965,136.266785,25.742483,0.081023,0.969743,-0.180687,0.142781,0.128168,150.368881,23.946302,-0.047377,0.820062,0.14423,0.551772,-7.263385,131.048264,22.102337,0.323894,-0.602439,0.164374,-0.710733,-13.721806,132.409088,6.756102,0.230514,-0.025569,-0.353661,-0.906164,-8.297071,117.031693,-11.725894,0.273096,0.136265,-0.520802,-0.797255,10.218385,132.594513,-16.905331,-0.070021,0.922167,0.19194,0.328427,-3.114585,130.560562,28.624847,0.375586,0.872739,0.217002,-0.223992,9.823172,130.611771,39.192806,0.028666,0.232585,0.509551,-0.827913,25.043339,116.849792,25.538864,0.099434,0.029706,0.551554,-0.827658,15.384912,138.379211,14.796464,0.032875,0.870219,0.160872,0.464498,-4.532571,87.575569,10.763771,0.13923,0.936178,-0.019018,0.322219,-1.205514,53.448139,-0.437794,0.00904,0.939073,0.008286,0.3435,-14.005831,8.40283,-2.975749,-0.051404,0.853213,-0.033408,0.517947,5.635337,88.048248,27.244776,0.022451,0.832668,-0.145291,0.533901,7.551168,52.246891,31.222019,-0.020683,0.822912,0.019385,0.567461,-1.478046,7.376704,41.444984,0.00904,0.939073,0.008286,0.3435,-4.70194,2.245038,-14.210604,-0.020683,0.822912,0.019385,0.567461,12.431596,1.89581,36.231117
354,2.95,-0.03741,0.872135,0.042165,0.486007,0.52174,87.792152,19.013231,-0.02027,0.868738,0.119404,0.480235,-0.322003,95.683762,19.30855,-0.006561,0.872748,0.077108,0.481998,-3.126583,113.844719,22.825836,0.123912,0.932707,-0.055163,0.334158,-5.071898,136.249832,25.734505,0.081058,0.969665,-0.181019,0.142871,0.132633,150.350189,23.940208,-0.047703,0.819482,0.14462,0.552502,-7.264054,131.030899,22.094778,0.321746,-0.602505,0.163044,-0.711958,-13.694485,132.39444,6.73703,0.228237,-0.025849,-0.353487,-0.9068,-8.252213,117.116524,-11.822146,0.271098,0.136937,-0.520095,-0.798283,10.272657,132.685745,-16.974241,-0.070098,0.922093,0.191842,0.328676,-3.118096,130.543869,28.619146,0.375512,0.872743,0.217333,-0.223781,9.813819,130.596756,39.194252,0.027966,0.233116,0.509562,-0.827781,25.041407,116.839279,25.544035,0.098459,0.030754,0.551582,-0.827719,15.397036,138.371918,14.799617,0.032318,0.870014,0.161998,0.464529,-4.561154,87.557106,10.772037,0.139475,0.936921,-0.019149,0.319936,-1.160578,53.453266,-0.479189,0.009443,0.939135,0.007919,0.343326,-13.992034,8.414838,-2.981821,-0.052116,0.853209,-0.032303,0.517952,5.604633,88.027199,27.254427,0.022872,0.832927,-0.145925,0.533307,7.605579,52.225922,31.190273,-0.021692,0.823035,0.018843,0.567263,-1.480675,7.374829,41.446442,0.009443,0.939135,0.007919,0.343326,-4.698627,2.24309,-14.217697,-0.021692,0.823035,0.018843,0.567263,12.43261,1.897822,36.238205
355,2.958333,-0.037215,0.872055,0.04188,0.48619,0.49055,87.762535,19.019239,-0.019722,0.868694,0.118999,0.480438,-0.348373,95.654762,19.311953,-0.006511,0.872654,0.076906,0.482201,-3.129451,113.824799,22.826498,0.123932,0.932713,-0.054738,0.334201,-5.06904,136.231354,25.727867,0.081334,0.969596,-0.181515,0.142553,0.132268,150.334442,23.945742,-0.048127,0.818843,0.145174,0.553267,-7.26123,131.01207,22.08868,0.319293,-0.602519,0.161825,-0.713327,-13.662055,132.378967,6.718873,0.225719,-0.026364,-0.353302,-0.907487,-8.201074,117.205574,-11.920388,0.268947,0.137626,-0.519256,-0.799438,10.336143,132.782059,-17.052361,-0.070314,0.922036,0.191834,0.328795,-3.118287,130.52562,28.615007,0.375242,0.872939,0.216994,-0.223795,9.810002,130.584366,39.194511,0.027077,0.233682,0.509442,-0.827725,25.047258,116.831276,25.550663,0.09719,0.031541,0.55318,-0.826772,15.408185,138.371902,14.804021,0.031683,0.869713,0.163372,0.464656,-4.58917,87.528305,10.776064,0.139774,0.937522,-0.019576,0.318014,-1.100441,53.453804,-0.536901,0.009514,0.939274,0.007434,0.342956,-13.975366,8.424767,-2.984639,-0.053016,0.853366,-0.031103,0.517676,5.570269,87.996765,27.262413,0.023286,0.833025,-0.146683,0.532927,7.672649,52.196823,31.157314,-0.020466,0.823052,0.019504,0.567262,-1.478857,7.368338,41.454193,0.009514,0.939274,0.007434,0.342956,-4.69379,2.239122,-14.222651,-0.020466,0.823052,0.019504,0.567262,12.426972,1.886607,36.231049
356,2.966667,-0.037177,0.871974,0.041618,0.486361,0.45099,87.735352,19.040188,-0.018965,0.868616,0.118036,0.480848,-0.385456,95.62796,19.329409,-0.006631,0.872405,0.076874,0.482656,-3.125466,113.80175,22.824465,0.124108,0.932573,-0.054918,0.334497,-5.070599,136.20845,25.720947,0.081385,0.969547,-0.181728,0.142581,0.138156,150.308655,23.937717,-0.048697,0.818084,0.145777,0.55418,-7.258369,130.98848,22.080112,0.316678,-0.602563,0.160435,-0.714768,-13.623563,132.356598,6.695625,0.223079,-0.02672,-0.353216,-0.908163,-8.143158,117.297638,-12.030527,0.266813,0.13845,-0.518772,-0.800323,10.404655,132.888718,-17.134602,-0.070446,0.922012,0.191833,0.328834,-3.122259,130.503311,28.610865,0.374824,0.87315,0.217134,-0.223538,9.804547,130.565826,39.192154,0.02646,0.234232,0.509192,-0.827743,25.062916,116.825607,25.558928,0.096566,0.032636,0.553595,-0.826525,15.423587,138.363617,14.804631,0.031191,0.869324,0.165036,0.464829,-4.625563,87.499481,10.795112,0.139934,0.937749,-0.020233,0.317232,-1.047285,53.462158,-0.601489,0.009728,0.939377,0.007003,0.342676,-13.957386,8.439779,-2.985539,-0.054007,0.853499,-0.029524,0.517447,5.527543,87.971214,27.285267,0.023824,0.833151,-0.147486,0.532485,7.750892,52.172028,31.119406,-0.02035,0.823063,0.019575,0.567248,-1.476883,7.368061,41.454853,0.009728,0.939377,0.007003,0.342676,-4.686926,2.240327,-14.225118,-0.02035,0.823063,0.019575,0.567248,12.428119,1.886109,36.229744
357,2.975,-0.03714,0.871922,0.04154,0.486464,0.411961,87.701927,19.05722,-0.018347,0.868623,0.117109,0.481085,-0.423399,95.594696,19.345558,-0.006646,0.872274,0.076841,0.482897,-3.128191,113.78093,22.822138,0.124495,0.932438,-0.054882,0.334735,-5.073993,136.187851,25.716465,0.081284,0.969469,-0.182186,0.142584,0.145752,150.284821,23.939852,-0.049623,0.816659,0.146733,0.555946,-7.259981,130.967789,22.074682,0.313532,-0.602887,0.15936,-0.716121,-13.556635,132.33931,6.662317,0.220026,-0.027084,-0.353151,-0.908922,-8.078496,117.396042,-12.156953,0.264554,0.139636,-0.518472,-0.801062,10.478635,133.004288,-17.2265,-0.070561,0.922003,0.191848,0.328824,-3.127474,130.482773,28.607727,0.37466,0.87323,0.217422,-0.223219,9.799022,130.548706,39.189373,0.026014,0.234692,0.50915,-0.827653,25.070492,116.813835,25.565424,0.096058,0.033654,0.554036,-0.826247,15.439984,138.352783,14.804157,0.030727,0.868645,0.167044,0.465413,-4.662711,87.466087,10.810985,0.140034,0.938335,-0.021027,0.315398,-0.979441,53.474796,-0.689084,0.010329,0.939573,0.006584,0.342128,-13.926032,8.458108,-2.981026,-0.05515,0.853436,-0.027668,0.517532,5.486632,87.937775,27.303457,0.024413,0.833113,-0.148538,0.532225,7.849249,52.139927,31.066141,-0.020545,0.823085,0.019511,0.567211,-1.473438,7.367852,41.454487,0.010329,0.939573,0.006584,0.342128,-4.677575,2.241495,-14.22925,-0.020545,0.823085,0.019511,0.567211,12.432532,1.88763,36.230137
358,2.983333,-0.037371,0.871857,0.041569,0.486559,0.374292,87.66571,19.076735,-0.018104,0.868568,0.116255,0.481401,-0.464529,95.558159,19.36359,-0.006351,0.872124,0.076584,0.483213,-3.14682,113.748405,22.815584,0.125034,0.93222,-0.055457,0.335048,-5.076394,136.157303,25.705582,0.080984,0.969477,-0.182054,0.142871,0.164383,150.245453,23.920887,-0.050219,0.815496,0.14773,0.557333,-7.264218,130.938492,22.063082,0.310942,-0.602978,0.157596,-0.717563,-13.507299,132.321075,6.629924,0.217057,-0.027584,-0.35309,-0.909644,-8.006997,117.504478,-12.282808,0.261734,0.140307,-0.517997,-0.802178,10.558543,133.127563,-17.32531,-0.070842,0.921978,0.19213,0.328669,-3.136382,130.451035,28.598896,0.373984,0.87359,0.217657,-0.222714,9.79219,130.523453,39.177967,0.025387,0.235353,0.508709,-0.827756,25.099686,116.808212,25.574707,0.095525,0.034868,0.554373,-0.826033,15.462502,138.336655,14.80146,0.029946,0.86816,0.169083,0.465632,-4.698248,87.426346,10.829288,0.140516,0.938683,-0.022119,0.31407,-0.893844,53.481094,-0.766934,0.010656,0.939695,0.006114,0.341794,-13.916987,8.481514,-2.958844,-0.056433,0.853469,-0.025727,0.517441,5.446832,87.905067,27.324183,0.025263,0.833289,-0.149597,0.531612,7.96117,52.110065,31.014956,-0.022203,0.82303,0.018738,0.567254,-1.47261,7.37156,41.447567,0.010656,0.939695,0.006114,0.341794,-4.682462,2.248979,-14.209702,-0.022203,0.82303,0.018738,0.567254,12.444706,1.900695,36.243652
359,2.991667,-0.037626,0.871806,0.041557,0.486634,0.332617,87.620102,19.096445,-0.017731,0.868512,0.115437,0.481713,-0.509643,95.512268,19.381079,-0.006223,0.871964,0.07618,0.483567,-3.166588,113.711403,22.813011,0.125436,0.93201,-0.055933,0.335402,-5.08341,136.123154,25.68919,0.080968,0.969446,-0.181981,0.143188,0.173878,150.20433,23.898037,-0.050301,0.814904,0.148177,0.558072,-7.271949,130.903809,22.047909,0.308897,-0.602583,0.155237,-0.71929,-13.48719,132.297119,6.604484,0.214672,-0.028386,-0.353149,-0.910163,-7.927056,117.617508,-12.397359,0.258902,0.141372,-0.517538,-0.803205,10.640599,133.252487,-17.437386,-0.070922,0.921978,0.192264,0.328573,-3.1494,130.417206,28.58712,0.372609,0.874949,0.21389,-0.223331,9.780891,130.491241,39.164074,0.022839,0.237536,0.507891,-0.827709,25.125414,116.775383,25.60323,0.094757,0.036395,0.554553,-0.825934,15.491113,138.31282,14.796636,0.02879,0.867553,0.171774,0.465852,-4.738151,87.376427,10.848035,0.141314,0.93907,-0.02355,0.312449,-0.766989,53.492439,-0.870806,0.011579,0.939788,0.005265,0.341521,-13.904083,8.520082,-2.937918,-0.057655,0.85349,-0.023619,0.517371,5.403385,87.863777,27.344852,0.025749,0.83265,-0.15074,0.532267,8.071887,52.071327,30.951166,-0.022354,0.822988,0.018662,0.567312,-1.464626,7.367337,41.438179,0.011579,0.939788,0.005265,0.341521,-4.69081,2.255436,-14.188364,-0.022354,0.822988,0.018662,0.567312,12.454364,1.897212,36.237968
360,3.0,-0.037049,0.871912,0.040957,0.486539,0.256827,87.581825,19.122093,-0.01734,0.868522,0.114704,0.481885,-0.572811,95.475456,19.403008,-0.006054,0.871907,0.0753,0.48381,-3.200817,113.655449,22.813223,0.125939,0.931814,-0.056279,0.3357,-5.09247,136.073334,25.658058,0.081,0.969459,-0.181678,0.143465,0.182698,150.147552,23.864683,-0.050421,0.813626,0.149276,0.559631,-7.285495,130.851639,22.022856,0.306643,-0.60241,0.153109,-0.720854,-13.442126,132.27211,6.558442,0.211968,-0.028923,-0.353303,-0.91072,-7.839347,117.725716,-12.533113,0.256211,0.14184,-0.517434,-0.804052,10.728484,133.381546,-17.554361,-0.070907,0.921886,0.192167,0.328893,-3.166547,130.369049,28.564634,0.371905,0.875344,0.213966,-0.222887,9.75679,130.441422,39.150101,0.021608,0.238707,0.507574,-0.8276,25.136911,116.744827,25.610102,0.093423,0.038045,0.555325,-0.825493,15.513994,138.28154,14.786406,0.027562,0.86688,0.174476,0.466173,-4.816561,87.342087,10.875177,0.141663,0.939436,-0.024493,0.311113,-0.672349,53.520618,-0.963725,0.012417,0.939975,0.004083,0.340992,-13.869619,8.561769,-2.939373,-0.059443,0.853919,-0.021301,0.516561,5.330215,87.821564,27.369007,0.026921,0.83343,-0.152019,0.530623,8.198446,52.036701,30.89653,-0.021459,0.823074,0.018475,0.567228,-1.471958,7.374832,41.440258,0.012417,0.939975,0.004083,0.340992,-4.684289,2.256859,-14.190178,-0.021459,0.823074,0.018475,0.567228,12.436442,1.884892,36.232601
361,3.008333,-0.038153,0.871776,0.041124,0.486683,0.229683,87.509079,19.146893,-0.017023,0.868446,0.113779,0.482251,-0.616549,95.401176,19.421415,-0.006339,0.871687,0.074886,0.484266,-3.223452,113.619705,22.812384,0.126608,0.931546,-0.056812,0.336102,-5.118809,136.040253,25.633705,0.081261,0.969412,-0.181662,0.143651,0.180787,150.10466,23.835413,-0.050698,0.812383,0.149492,0.561351,-7.30783,130.815002,22.001198,0.304237,-0.602161,0.150967,-0.722531,-13.399092,132.242706,6.511587,0.209396,-0.029433,-0.353405,-0.911258,-7.749423,117.835144,-12.671206,0.253869,0.142422,-0.51727,-0.804797,10.821048,133.509949,-17.674368,-0.070578,0.921917,0.192694,0.328569,-3.19578,130.338821,28.547787,0.372247,0.874822,0.217129,-0.2213,9.736238,130.39743,39.12273,0.021758,0.238658,0.507942,-0.827384,25.13858,116.713402,25.595289,0.092443,0.039635,0.555713,-0.825268,15.53933,138.246201,14.778155,0.026654,0.866629,0.177601,0.465513,-4.839386,87.252487,10.897831,0.142485,0.939689,-0.026279,0.309825,-0.541241,53.50684,-1.101469,0.01282,0.940027,0.003721,0.340838,-13.86323,8.578399,-2.925907,-0.060684,0.853983,-0.019127,0.516395,5.298753,87.765671,27.395954,0.027804,0.833733,-0.15333,0.529723,8.324938,51.985229,30.835178,-0.022687,0.823261,0.018071,0.566922,-1.467567,7.365427,41.444115,0.01282,0.940027,0.003721,0.340838,-4.688036,2.259759,-14.177275,-0.022687,0.823261,0.018071,0.566922,12.446024,1.886451,36.238777
362,3.016667,-0.038633,0.87171,0.041362,0.486742,0.178048,87.445717,19.171057,-0.016412,0.868408,0.112523,0.482635,-0.676665,95.336922,19.445084,-0.006195,0.871485,0.074362,0.484712,-3.242577,113.566444,22.805792,0.127111,0.931371,-0.056631,0.336428,-5.122181,135.990631,25.608746,0.081259,0.969371,-0.181954,0.14356,0.190471,150.051697,23.822906,-0.051215,0.811152,0.150298,0.562867,-7.312019,130.764496,21.978001,0.302164,-0.60193,0.148442,-0.724114,-13.344582,132.202988,6.466434,0.206944,-0.03009,-0.353697,-0.911684,-7.643986,117.938736,-12.808164,0.251321,0.142988,-0.517576,-0.8053,10.919902,133.635803,-17.803192,-0.070311,0.921851,0.192503,0.328924,-3.20664,130.289764,28.528877,0.371784,0.875097,0.217236,-0.220888,9.718836,130.339783,39.111851,0.020632,0.239751,0.507844,-0.827157,25.147163,116.667488,25.602186,0.091434,0.041181,0.555856,-0.825208,15.569757,138.203079,14.770648,0.026053,0.866116,0.180667,0.465321,-4.889189,87.183365,10.921054,0.14283,0.939992,-0.027757,0.308616,-0.452016,53.514683,-1.242733,0.01329,0.940102,0.00304,0.340622,-13.84831,8.602968,-2.929965,-0.062355,0.854024,-0.01658,0.516217,5.245285,87.708076,27.421061,0.028733,0.833683,-0.154786,0.529329,8.469705,51.935898,30.764875,-0.022445,0.823188,0.018279,0.56703,-1.461928,7.363102,41.441853,0.01329,0.940102,0.00304,0.340622,-4.686999,2.261265,-14.17967,-0.022445,0.823188,0.018279,0.56703,12.452023,1.885101,36.236458
363,3.025,-0.038953,0.871712,0.041568,0.486696,0.111995,87.384071,19.197931,-0.015978,0.868325,0.111205,0.483105,-0.748709,95.274605,19.472363,-0.005668,0.871242,0.07374,0.48525,-3.277529,113.507843,22.796007,0.127822,0.931073,-0.056757,0.336961,-5.12435,135.936493,25.585032,0.080889,0.9693,-0.182298,0.143811,0.210572,149.990082,23.806847,-0.052314,0.809009,0.151943,0.565403,-7.318549,130.711945,21.954641,0.298843,-0.602098,0.147285,-0.725588,-13.251715,132.168213,6.406432,0.203709,-0.030718,-0.354089,-0.912239,-7.544208,118.030632,-12.959245,0.24939,0.143472,-0.517732,-0.805713,11.014814,133.762802,-17.933561,-0.070073,0.921835,0.192333,0.329116,-3.221142,130.234116,28.510284,0.370734,0.876191,0.214101,-0.221375,9.701237,130.27742,39.09708,0.018196,0.241736,0.507405,-0.826906,25.15736,116.601395,25.622993,0.090305,0.042077,0.556187,-0.825064,15.5979,138.159088,14.764341,0.025044,0.865575,0.183935,0.465104,-4.955641,87.11821,10.948282,0.143322,0.940697,-0.029019,0.306115,-0.347654,53.531765,-1.378246,0.01396,0.940216,0.002029,0.340287,-13.826534,8.639982,-2.932852,-0.064154,0.853891,-0.013737,0.5163,5.179631,87.649933,27.447582,0.029713,0.833698,-0.156371,0.528784,8.620067,51.887959,30.683474,-0.022573,0.823167,0.018198,0.567058,-1.458967,7.3668,41.437489,0.01396,0.940216,0.002029,0.340287,-4.685893,2.264337,-14.180188,-0.022573,0.823167,0.018198,0.567058,12.456048,1.889031,36.234692
364,3.033333,-0.039409,0.871609,0.041645,0.486838,0.052166,87.312294,19.224134,-0.015779,0.868166,0.109904,0.483695,-0.815483,95.202164,19.495958,-0.005128,0.870944,0.073187,0.485874,-3.317452,113.452301,22.781,0.12867,0.930774,-0.057325,0.337369,-5.132752,135.884888,25.558931,0.080913,0.969288,-0.182293,0.143888,0.231751,149.926727,23.776855,-0.052042,0.808363,0.151362,0.566507,-7.330403,130.662369,21.927708,0.297092,-0.601435,0.144552,-0.727404,-13.222782,132.121735,6.364289,0.202068,-0.03133,-0.354368,-0.912475,-7.436621,118.130646,-13.084261,0.247732,0.143966,-0.518445,-0.805679,11.117949,133.882111,-18.062534,-0.069855,0.921787,0.192149,0.329404,-3.242296,130.180695,28.488871,0.37159,0.87525,0.218197,-0.219656,9.674748,130.217331,39.082191,0.018983,0.241321,0.508401,-0.826397,25.13693,116.547813,25.60848,0.089888,0.043157,0.55653,-0.824823,15.626603,138.109558,14.760272,0.024154,0.86499,0.187426,0.464845,-5.012093,87.039658,10.972633,0.143827,0.940977,-0.030738,0.304848,-0.233836,53.543579,-1.533643,0.014314,0.940341,0.001149,0.339931,-13.806722,8.675021,-2.933247,-0.066187,0.853744,-0.010847,0.516355,5.116425,87.584923,27.475634,0.030856,0.833615,-0.157959,0.528377,8.78905,51.836956,30.609369,-0.022661,0.823095,0.018202,0.567159,-1.451897,7.369119,41.43082,0.014314,0.940341,0.001149,0.339931,-4.682899,2.272064,-14.178724,-0.022661,0.823095,0.018202,0.567159,12.46524,1.892977,36.231987
365,3.041667,-0.039874,0.871327,0.041743,0.487296,-0.010251,87.232956,19.251942,-0.015117,0.867964,0.108297,0.484439,-0.885226,95.122108,19.521036,-0.004702,0.870577,0.072682,0.486612,-3.339926,113.389183,22.765141,0.129019,0.930532,-0.057951,0.337795,-5.129641,135.825317,25.531139,0.0811,0.969263,-0.182226,0.144031,0.251594,149.859406,23.738575,-0.051989,0.807335,0.151545,0.567928,-7.328509,130.604248,21.898539,0.29495,-0.601129,0.142412,-0.728949,-13.16722,132.077454,6.316206,0.199998,-0.032202,-0.354573,-0.912821,-7.332647,118.220184,-13.213515,0.245763,0.144413,-0.519197,-0.805717,11.222503,133.990631,-18.200329,-0.070052,0.921682,0.191775,0.329876,-3.251463,130.119766,28.466377,0.371037,0.876118,0.215407,-0.219881,9.654263,130.16333,39.073463,0.01722,0.243204,0.508164,-0.82603,25.131786,116.473946,25.637583,0.089069,0.044362,0.557252,-0.82436,15.650179,138.050156,14.753029,0.023269,0.86506,0.190296,0.463592,-5.065146,86.953964,10.994914,0.144257,0.941692,-0.031837,0.302313,-0.152718,53.533077,-1.659663,0.014522,0.940386,0.000945,0.339797,-13.797098,8.68259,-2.938108,-0.068441,0.853701,-0.00762,0.516191,5.044645,87.511948,27.50897,0.032185,0.833655,-0.159765,0.527691,8.976162,51.781567,30.527029,-0.022788,0.82308,0.017939,0.567184,-1.448011,7.375392,41.426453,0.014522,0.940386,0.000945,0.339797,-4.679905,2.272142,-14.184692,-0.022788,0.82308,0.017939,0.567184,12.469028,1.895012,36.231823
366,3.05,-0.040261,0.871107,0.042007,0.487634,-0.080161,87.152626,19.28302,-0.014843,0.867747,0.106979,0.485129,-0.962617,95.040932,19.552412,-0.004455,0.870242,0.071715,0.487356,-3.388459,113.328766,22.759142,0.12989,0.930248,-0.058263,0.338189,-5.149426,135.771317,25.491179,0.081712,0.969218,-0.18237,0.143812,0.259601,149.795151,23.701939,-0.052428,0.805571,0.15228,0.57019,-7.350218,130.548477,21.86232,0.292962,-0.60082,0.140699,-0.730337,-13.101365,132.038422,6.249046,0.197796,-0.032893,-0.355122,-0.913062,-7.22457,118.296478,-13.349385,0.243964,0.144574,-0.519695,-0.805914,11.314197,134.097321,-18.335894,-0.06909,0.921715,0.191579,0.3301,-3.284355,130.067108,28.437313,0.371098,0.876281,0.215358,-0.219178,9.620911,130.081863,39.04504,0.015937,0.244249,0.508529,-0.825523,25.111454,116.378906,25.638025,0.088118,0.046048,0.558025,-0.823846,15.673367,137.977615,14.74612,0.022351,0.86505,0.193498,0.462328,-5.128075,86.870041,11.021844,0.144636,0.942338,-0.033055,0.299978,-0.068962,53.534782,-1.799684,0.0151,0.940415,0.000378,0.339692,-13.782899,8.701983,-2.947579,-0.070526,0.853564,-0.004227,0.516175,4.967753,87.435204,27.544197,0.033244,0.833429,-0.161648,0.52741,9.153395,51.722824,30.430836,-0.022721,0.823076,0.017775,0.567198,-1.441773,7.379922,41.422577,0.0151,0.940415,0.000378,0.339692,-4.677795,2.270575,-14.191991,-0.022721,0.823076,0.017775,0.567198,12.473802,1.894408,36.229446
367,3.058333,-0.04042,0.870918,0.042111,0.487949,-0.160416,87.067734,19.312437,-0.014912,0.86751,0.105873,0.485793,-1.045967,94.955704,19.581713,-0.003598,0.869977,0.070422,0.488024,-3.456608,113.253403,22.75013,0.131371,0.929873,-0.058132,0.338673,-5.157247,135.70462,25.449108,0.081422,0.969198,-0.182845,0.143506,0.29216,149.715652,23.682337,-0.052478,0.804071,0.15271,0.572185,-7.368155,130.483063,21.824526,0.291911,-0.600579,0.138124,-0.731447,-13.043001,131.99263,6.185241,0.196446,-0.033322,-0.355624,-0.913143,-7.116525,118.370438,-13.481708,0.242415,0.144979,-0.52043,-0.805834,11.408244,134.197861,-18.470274,-0.068808,0.921666,0.190931,0.330669,-3.312276,129.999161,28.405497,0.371773,0.875597,0.218799,-0.217354,9.581726,130.008621,39.026913,0.016281,0.244504,0.509249,-0.824996,25.086779,116.306534,25.635784,0.086795,0.04751,0.558725,-0.823429,15.700197,137.901596,14.738017,0.021319,0.865135,0.19667,0.460877,-5.202129,86.783867,11.047521,0.144904,0.942788,-0.034337,0.298287,0.006537,53.534664,-1.936557,0.015502,0.940491,-0.00015,0.339466,-13.767754,8.717224,-2.954298,-0.072794,0.853277,-0.000584,0.516351,4.881298,87.351601,27.577353,0.034333,0.833035,-0.163657,0.527342,9.340696,51.661407,30.325035,-0.023644,0.823131,0.016643,0.567116,-1.436695,7.386708,41.414135,0.015502,0.940491,-0.00015,0.339466,-4.675356,2.267686,-14.198606,-0.023644,0.823131,0.016643,0.567116,12.479584,1.889336,36.235451
368,3.066667,-0.040288,0.870667,0.042573,0.488369,-0.247565,86.977226,19.330923,-0.014683,0.867186,0.104538,0.486667,-1.135002,94.864738,19.607174,-0.002996,0.869549,0.069386,0.488938,-3.518919,113.186852,22.73699,0.132489,0.929458,-0.058806,0.339258,-5.175735,135.644806,25.406939,0.081833,0.969136,-0.182962,0.143543,0.312081,149.640518,23.637613,-0.05252,0.802782,0.152539,0.574034,-7.391038,130.42392,21.784077,0.290401,-0.600078,0.136051,-0.732847,-12.994911,131.940811,6.119929,0.194918,-0.03372,-0.356152,-0.91325,-7.010775,118.435837,-13.610294,0.241158,0.145203,-0.521321,-0.805595,11.499104,134.292145,-18.596565,-0.068214,0.921636,0.190504,0.331124,-3.348937,129.938751,28.373426,0.371211,0.876787,0.214843,-0.217463,9.537725,129.931671,39.00375,0.013476,0.24729,0.509099,-0.824309,25.061029,116.190826,25.673624,0.085361,0.049248,0.559342,-0.823058,15.728289,137.816483,14.728718,0.020249,0.865052,0.199605,0.459819,-5.281544,86.700485,11.061051,0.145176,0.943186,-0.03557,0.296748,0.076386,53.531967,-2.067851,0.015785,0.940521,-0.000579,0.339368,-13.756819,8.730042,-2.961832,-0.075459,0.852756,0.002825,0.516822,4.786415,87.253967,27.600796,0.03569,0.832989,-0.165553,0.526733,9.534142,51.592827,30.24061,-0.0235,0.823119,0.016706,0.567136,-1.433466,7.385591,41.412037,0.015785,0.940521,-0.000579,0.339368,-4.67219,2.26616,-14.204184,-0.0235,0.823119,0.016706,0.567136,12.482103,1.887313,36.232414
369,3.075,-0.040672,0.870301,0.043029,0.488948,-0.311899,86.874382,19.35549,-0.014467,0.866753,0.103225,0.487723,-1.208335,94.76078,19.634434,-0.002615,0.86899,0.068359,0.490077,-3.567495,113.111626,22.726324,0.133353,0.929017,-0.059835,0.339948,-5.18994,135.576111,25.362349,0.082292,0.969113,-0.182734,0.143723,0.333111,149.556168,23.578951,-0.052541,0.801345,0.152355,0.576085,-7.405777,130.354446,21.740931,0.288893,-0.599807,0.134086,-0.734026,-12.930754,131.880188,6.049636,0.193025,-0.034106,-0.356799,-0.913385,-6.904408,118.48687,-13.743756,0.239345,0.145664,-0.522,-0.805613,11.587744,134.380081,-18.722191,-0.067423,0.921504,0.189854,0.332025,-3.380921,129.870682,28.340929,0.371985,0.876485,0.21575,-0.216458,9.489358,129.840408,38.991047,0.012558,0.248486,0.510085,-0.823353,25.005827,116.070702,25.682758,0.084095,0.051216,0.560039,-0.822594,15.756189,137.723999,14.722755,0.019259,0.86523,0.202662,0.458186,-5.334319,86.596252,11.078637,0.145624,0.943657,-0.036921,0.294859,0.162671,53.51363,-2.208545,0.015659,0.940595,-0.000762,0.339169,-13.747618,8.733097,-2.96807,-0.078002,0.852121,0.006384,0.51746,4.710522,87.152519,27.632341,0.037097,0.832659,-0.167552,0.526526,9.744108,51.521896,30.151892,-0.02439,0.82316,0.016279,0.567052,-1.427764,7.386714,41.405521,0.015659,0.940595,-0.000762,0.339169,-4.667082,2.265494,-14.211589,-0.02439,0.82316,0.016279,0.567052,12.4925,1.893212,36.23344
370,3.083333,-0.040947,0.869892,0.04371,0.489593,-0.388279,86.773506,19.375368,-0.014159,0.866284,0.101822,0.48886,-1.293991,94.658607,19.660902,-0.002028,0.868396,0.06732,0.491277,-3.623619,113.036789,22.71312,0.134399,0.928589,-0.06039,0.340606,-5.20344,135.507782,25.319321,0.082833,0.969039,-0.183012,0.143558,0.355212,149.473801,23.536541,-0.052897,0.799661,0.15265,0.57831,-7.42137,130.286865,21.69812,0.287494,-0.599746,0.13218,-0.73497,-12.859299,131.823059,5.977468,0.191213,-0.034349,-0.357409,-0.913519,-6.804361,118.534805,-13.877905,0.237575,0.146267,-0.522777,-0.805524,11.673229,134.465759,-18.843416,-0.066816,0.921464,0.188931,0.332783,-3.41471,129.801804,28.30909,0.372512,0.87635,0.216731,-0.21511,9.441449,129.758209,38.976192,0.011929,0.249869,0.510703,-0.82256,24.96722,115.964256,25.70393,0.082543,0.052943,0.560796,-0.822126,15.787315,137.62764,14.712665,0.01776,0.865862,0.205713,0.455686,-5.398031,86.498062,11.090754,0.14622,0.94389,-0.038341,0.293634,0.255486,53.501343,-2.343535,0.016196,0.940527,-0.001012,0.339331,-13.745667,8.74716,-2.976274,-0.080532,0.851127,0.010117,0.518647,4.621473,87.048943,27.659983,0.038219,0.831889,-0.169562,0.527019,9.945041,51.451702,30.052073,-0.024741,0.823034,0.016035,0.567227,-1.418836,7.388008,41.393257,0.016196,0.940527,-0.001012,0.339331,-4.668901,2.267582,-14.215939,-0.024741,0.823034,0.016035,0.567227,12.505445,1.89464,36.231857
371,3.091667,-0.040974,0.869536,0.044154,0.490183,-0.468173,86.669769,19.396433,-0.014054,0.8658,0.100586,0.489975,-1.377885,94.554214,19.687254,-0.001204,0.867827,0.066054,0.492455,-3.687284,112.957382,22.701286,0.135747,0.928077,-0.061109,0.341339,-5.20996,135.436157,25.274191,0.083152,0.968971,-0.183257,0.143522,0.394123,149.384003,23.491356,-0.05297,0.798579,0.152009,0.579965,-7.43362,130.216797,21.654272,0.286329,-0.599403,0.130013,-0.73609,-12.807255,131.748978,5.911133,0.18946,-0.034565,-0.358058,-0.913622,-6.704001,118.571297,-14.003068,0.23546,0.146908,-0.523709,-0.805422,11.755548,134.539627,-18.95505,-0.065959,0.921292,0.187954,0.333983,-3.444865,129.72908,28.275866,0.3739,0.875175,0.221171,-0.212957,9.388383,129.662079,38.970409,0.012643,0.250143,0.512026,-0.821644,24.908541,115.853432,25.706842,0.08093,0.055135,0.562312,-0.821107,15.814057,137.520264,14.705721,0.016537,0.866036,0.20865,0.454063,-5.466697,86.398872,11.104888,0.146653,0.944034,-0.039754,0.292768,0.335107,53.486919,-2.473363,0.016263,0.940528,-0.001199,0.339324,-13.742018,8.754977,-2.980402,-0.083188,0.850033,0.013727,0.519938,4.530351,86.940666,27.687979,0.039467,0.831208,-0.171431,0.527397,10.146778,51.381004,29.966631,-0.023993,0.82271,0.016429,0.567717,-1.410355,7.38616,41.379597,0.016263,0.940528,-0.001199,0.339324,-4.667118,2.269659,-14.218269,-0.023993,0.82271,0.016429,0.567717,12.515438,1.889754,36.225513
372,3.1,-0.040998,0.869104,0.044708,0.490895,-0.552566,86.561737,19.417931,-0.013606,0.86523,0.099295,0.491257,-1.467156,94.445381,19.715446,-0.000801,0.867119,0.064792,0.493869,-3.745516,112.881599,22.696648,0.137449,0.927456,-0.061745,0.342229,-5.228263,135.367889,25.226763,0.083559,0.968864,-0.183809,0.143299,0.430513,149.294571,23.451118,-0.052986,0.797192,0.151547,0.581988,-7.451807,130.147125,21.608801,0.284475,-0.599023,0.128867,-0.737319,-12.746816,131.682632,5.839367,0.187187,-0.035056,-0.358701,-0.913819,-6.606495,118.598854,-14.125286,0.233169,0.147748,-0.524341,-0.805524,11.83575,134.605713,-19.067369,-0.065045,0.921205,0.187243,0.3348,-3.484645,129.662186,28.243559,0.375049,0.875169,0.219874,-0.212304,9.334332,129.569672,38.955013,0.011092,0.252162,0.513223,-0.820301,24.825768,115.690887,25.731144,0.07962,0.057371,0.563394,-0.820339,15.843656,137.401505,14.697144,0.015321,0.866055,0.211618,0.452694,-5.537507,86.296654,11.118026,0.147062,0.944224,-0.041146,0.291755,0.416593,53.471874,-2.604535,0.016478,0.94055,-0.001337,0.339252,-13.733682,8.761755,-2.984876,-0.085892,0.848798,0.017283,0.521407,4.432375,86.826828,27.717834,0.040837,0.830841,-0.173159,0.527305,10.342254,51.308113,29.890472,-0.024177,0.822551,0.016443,0.56794,-1.40434,7.379466,41.364815,0.016478,0.94055,-0.001337,0.339252,-4.663744,2.270664,-14.223416,-0.024177,0.822551,0.016443,0.56794,12.526056,1.886635,36.219368
373,3.108333,-0.041077,0.868693,0.045152,0.491576,-0.640256,86.448463,19.44042,-0.013498,0.864649,0.098132,0.492514,-1.559611,94.331367,19.74271,-2.9e-05,0.86645,0.063354,0.495228,-3.820222,112.800095,22.689056,0.13856,0.926909,-0.062976,0.343038,-5.244327,135.294769,25.178009,0.084128,0.968792,-0.183823,0.143432,0.458546,149.201431,23.386663,-0.053127,0.79585,0.150504,0.584079,-7.472624,130.0746,21.562117,0.282778,-0.598752,0.127478,-0.738432,-12.685676,131.598984,5.76432,0.18526,-0.034884,-0.359658,-0.913842,-6.511836,118.612579,-14.253508,0.232069,0.148552,-0.524689,-0.805468,11.898997,134.670364,-19.162779,-0.064266,0.921074,0.186232,0.335873,-3.526274,129.588959,28.209225,0.376343,0.874836,0.220413,-0.21082,9.272036,129.476822,38.945179,0.010701,0.25389,0.514453,-0.819001,24.746454,115.53788,25.764715,0.078118,0.059077,0.56471,-0.819457,15.875587,137.269836,14.684277,0.014136,0.866003,0.21455,0.45145,-5.612125,86.187202,11.132555,0.147528,0.944282,-0.042519,0.291136,0.492545,53.450066,-2.732477,0.016588,0.940489,-0.001478,0.339417,-13.734877,8.763591,-2.995151,-0.088607,0.847778,0.020611,0.522491,4.331612,86.709732,27.748283,0.042236,0.830531,-0.174803,0.527142,10.528025,51.234291,29.827684,-0.024553,0.822467,0.016393,0.568045,-1.404955,7.370189,41.356514,0.016588,0.940489,-0.001478,0.339417,-4.662996,2.267559,-14.229266,-0.024553,0.822467,0.016393,0.568045,12.52999,1.88263,36.217766
374,3.116667,-0.041072,0.86814,0.045676,0.492503,-0.721537,86.331161,19.457619,-0.013629,0.864135,0.096986,0.493638,-1.645233,94.21331,19.766161,0.000985,0.86594,0.062033,0.496286,-3.895558,112.713745,22.673973,0.139431,0.926488,-0.064089,0.343615,-5.25314,135.215897,25.132387,0.084879,0.968672,-0.184066,0.143489,0.485471,149.105667,23.324333,-0.05336,0.794362,0.150186,0.586162,-7.490148,129.998444,21.517935,0.281297,-0.598507,0.126194,-0.739416,-12.62095,131.523514,5.693297,0.183173,-0.03513,-0.360072,-0.914091,-6.416592,118.624832,-14.371758,0.229508,0.149271,-0.525763,-0.805368,11.987056,134.714752,-19.261288,-0.063799,0.920936,0.185001,0.337017,-3.560058,129.508316,28.174337,0.377457,0.874703,0.220304,-0.209492,9.214527,129.388245,38.938431,0.010183,0.255838,0.515444,-0.817778,24.675095,115.388214,25.806549,0.077063,0.061638,0.566213,-0.81833,15.908645,137.135498,14.672762,0.013156,0.865901,0.217401,0.45031,-5.675736,86.07621,11.139008,0.147848,0.944318,-0.044044,0.290629,0.565274,53.426003,-2.869558,0.016756,0.940505,-0.001401,0.339363,-13.730589,8.760786,-2.9988,-0.090761,0.84663,0.023718,0.523849,4.232661,86.586105,27.77623,0.043736,0.830211,-0.176325,0.527016,10.672709,51.148476,29.757658,-0.026026,0.822062,0.016374,0.568566,-1.448984,7.34658,41.326069,0.016756,0.940505,-0.001401,0.339363,-4.66166,2.26527,-14.2356,-0.026026,0.822062,0.016374,0.568566,12.506129,1.884013,36.215488
375,3.125,-0.041215,0.867666,0.045741,0.49332,-0.810287,86.224457,19.489876,-0.01329,0.863421,0.095971,0.495093,-1.736743,94.106323,19.797323,0.001328,0.865094,0.060627,0.497931,-3.963988,112.630806,22.67758,0.140719,0.925828,-0.065544,0.344593,-5.281046,135.140747,25.086275,0.08578,0.968524,-0.184387,0.143547,0.509074,149.006729,23.259821,-0.053578,0.79296,0.149547,0.5882,-7.516335,129.921005,21.474068,0.279561,-0.598014,0.125355,-0.740615,-12.566395,131.440491,5.622943,0.18115,-0.03531,-0.360776,-0.914209,-6.322537,118.623009,-14.481854,0.227618,0.150263,-0.526575,-0.805189,12.062698,134.755676,-19.351841,-0.062452,0.920939,0.183212,0.338236,-3.611608,129.435562,28.145725,0.378758,0.87435,0.22109,-0.207785,9.141159,129.286713,38.935299,0.009973,0.257604,0.516786,-0.816378,24.58835,115.2267,25.851854,0.07622,0.063912,0.567722,-0.817189,15.940754,136.995514,14.666583,0.012148,0.865726,0.220385,0.449223,-5.748646,85.968834,11.161873,0.148225,0.944474,-0.045358,0.289727,0.635112,53.411007,-2.99658,0.016753,0.940516,-0.001689,0.339332,-13.728293,8.767282,-3.006491,-0.093064,0.845192,0.026988,0.525606,4.128072,86.480072,27.817879,0.044967,0.82959,-0.177327,0.527555,10.82617,51.084961,29.701265,-0.026375,0.821386,0.016544,0.569523,-1.447276,7.326561,41.274284,0.016753,0.940516,-0.001689,0.339332,-4.661463,2.263948,-14.240458,-0.026375,0.821386,0.016544,0.569523,12.523988,1.874531,36.196686
376,3.133333,-0.041449,0.867127,0.046272,0.494198,-0.886389,86.116005,19.509417,-0.01356,0.862869,0.094903,0.496252,-1.820519,93.996788,19.821383,0.002073,0.864525,0.0592,0.499086,-4.042829,112.548637,22.662262,0.142201,0.92526,-0.066876,0.345253,-5.301575,135.066208,25.030371,0.08657,0.968431,-0.184515,0.143528,0.542915,148.907333,23.188612,-0.053627,0.791597,0.148547,0.590281,-7.542834,129.846863,21.42131,0.278398,-0.597675,0.124093,-0.741539,-12.510755,131.358154,5.543472,0.179489,-0.035032,-0.361442,-0.914285,-6.231402,118.619987,-14.600643,0.225944,0.151237,-0.527002,-0.805199,12.132149,134.791,-19.434475,-0.061772,0.920749,0.181908,0.33958,-3.655979,129.361404,28.10339,0.380103,0.874196,0.221075,-0.205983,9.069179,129.197845,38.925297,0.009408,0.259796,0.517858,-0.815009,24.50281,115.06295,25.906694,0.074972,0.066925,0.569177,-0.81605,15.971902,136.846481,14.661795,0.011497,0.865285,0.223139,0.448731,-5.807595,85.862755,11.171195,0.148512,0.944629,-0.046764,0.28885,0.698515,53.391945,-3.130656,0.016787,0.940498,-0.001715,0.339379,-13.726807,8.768353,-3.010847,-0.095156,0.84395,0.029867,0.527069,4.034816,86.369255,27.847639,0.045868,0.829085,-0.178653,0.527823,10.964252,51.014339,29.647472,-0.02665,0.821308,0.016981,0.569609,-1.447216,7.307887,41.269478,0.016787,0.940498,-0.001715,0.339379,-4.659381,2.263986,-14.243738,-0.02665,0.821308,0.016981,0.569609,12.530325,1.871236,36.192669
377,3.141667,-0.041717,0.866656,0.046482,0.49498,-0.965061,86.013245,19.529661,-0.013475,0.862241,0.094172,0.497484,-1.904798,93.893364,19.841545,0.002875,0.863851,0.057758,0.500417,-4.116693,112.467339,22.659859,0.143442,0.924735,-0.067887,0.34595,-5.314884,134.992386,24.987989,0.087355,0.968276,-0.185174,0.143254,0.574626,148.813232,23.137489,-0.054148,0.790343,0.147645,0.592137,-7.561374,129.773895,21.38093,0.27653,-0.597396,0.123382,-0.742581,-12.4541,131.26503,5.47786,0.177434,-0.035053,-0.36197,-0.914476,-6.149644,118.605385,-14.707856,0.22416,0.15233,-0.527548,-0.805134,12.204247,134.81572,-19.51309,-0.061055,0.920638,0.180752,0.340628,-3.695184,129.287674,28.074932,0.381539,0.873922,0.221504,-0.204023,9.009097,129.108612,38.921085,0.009107,0.26182,0.518866,-0.813724,24.428413,114.899918,25.966015,0.073896,0.06997,0.569562,-0.815624,16.008455,136.689606,14.66318,0.010845,0.864826,0.22579,0.448306,-5.870829,85.758583,11.182393,0.148798,0.94487,-0.048032,0.287703,0.75523,53.372597,-3.256072,0.016774,0.940486,-0.00161,0.339414,-13.728027,8.76827,-3.014586,-0.096947,0.842476,0.032834,0.528922,3.940707,86.267906,27.876932,0.046223,0.828543,-0.180327,0.528074,11.086088,50.951241,29.580692,-0.026621,0.821818,0.017208,0.568867,-1.437755,7.304221,41.305016,0.016774,0.940486,-0.00161,0.339414,-4.659112,2.266876,-14.24799,-0.026621,0.821818,0.017208,0.568867,12.53168,1.872259,36.200962
378,3.15,-0.041719,0.866193,0.046727,0.495768,-1.052567,85.913864,19.548985,-0.013622,0.861668,0.093075,0.498679,-1.994531,93.793617,19.863363,0.003719,0.863222,0.05653,0.501636,-4.196359,112.390839,22.642834,0.144732,0.92419,-0.069226,0.346603,-5.336868,134.921997,24.940582,0.088456,0.968092,-0.185651,0.143205,0.601875,148.719437,23.072742,-0.053959,0.789398,0.146585,0.593676,-7.58863,129.705505,21.333923,0.276007,-0.59694,0.121924,-0.743383,-12.421072,131.189911,5.411804,0.17627,-0.034979,-0.362317,-0.914566,-6.072122,118.600426,-14.803827,0.222095,0.153383,-0.527797,-0.805344,12.269584,134.831009,-19.587875,-0.059842,0.920414,0.179134,0.342299,-3.741461,129.216492,28.038675,0.382791,0.873865,0.220966,-0.202498,8.929585,129.008072,38.923115,0.008457,0.264445,0.519958,-0.812183,24.332296,114.724503,26.030773,0.072512,0.073029,0.571694,-0.813987,16.039171,136.536362,14.650056,0.010171,0.864174,0.228252,0.448332,-5.943224,85.662613,11.192748,0.149025,0.945194,-0.04907,0.286344,0.805453,53.356255,-3.366822,0.016841,0.940496,-0.001558,0.339384,-13.724131,8.767692,-3.018971,-0.098834,0.841261,0.035453,0.530334,3.838089,86.165115,27.90522,0.047091,0.827762,-0.18141,0.528851,11.193054,50.888,29.53495,-0.027028,0.821436,0.017656,0.569386,-1.461679,7.285315,41.283691,0.016841,0.940496,-0.001558,0.339384,-4.656483,2.267076,-14.253852,-0.027028,0.821436,0.017656,0.569386,12.520671,1.871453,36.195789
379,3.158333,-0.04234,0.865702,0.046738,0.496572,-1.116348,85.813972,19.575888,-0.014156,0.861036,0.092457,0.499868,-2.067223,93.692886,19.884621,0.004591,0.862587,0.055046,0.502884,-4.280217,112.307213,22.632971,0.145636,0.923687,-0.070782,0.34725,-5.356089,134.845551,24.891157,0.089657,0.967924,-0.185876,0.143301,0.623631,148.621552,22.996031,-0.05383,0.788278,0.145416,0.595462,-7.61456,129.63028,21.286921,0.273998,-0.596484,0.121906,-0.744494,-12.376505,131.105591,5.342726,0.174021,-0.035127,-0.36274,-0.914824,-6.000528,118.575348,-14.901193,0.220122,0.154173,-0.528043,-0.805573,12.334664,134.840775,-19.657881,-0.059064,0.920175,0.177746,0.343796,-3.786917,129.140121,28.002756,0.384276,0.873544,0.221633,-0.200328,8.852898,128.914291,38.923111,0.008267,0.266541,0.521165,-0.810725,24.242529,114.555763,26.098591,0.071943,0.076457,0.572397,-0.813228,16.074656,136.374817,14.657393,0.009613,0.863832,0.230788,0.447704,-5.990534,85.553535,11.210314,0.149367,0.945381,-0.050242,0.285341,0.864766,53.33036,-3.483159,0.016586,0.940501,-0.001539,0.339381,-13.7245,8.762282,-3.025701,-0.100234,0.840286,0.037732,0.531459,3.757838,86.074417,27.941462,0.047732,0.827552,-0.182493,0.528749,11.281,50.829453,29.497219,-0.027257,0.82155,0.018083,0.569198,-1.474468,7.269415,41.295116,0.016586,0.940501,-0.001539,0.339381,-4.653748,2.264604,-14.259772,-0.027257,0.82155,0.018083,0.569198,12.510244,1.869809,36.19857
380,3.166667,-0.042141,0.865323,0.046422,0.497277,-1.214934,85.722481,19.597914,-0.013806,0.860491,0.091407,0.501009,-2.160835,93.602127,19.903112,0.005064,0.861943,0.053648,0.504134,-4.346277,112.224915,22.621437,0.147172,0.923136,-0.07176,0.347866,-5.37493,134.769943,24.834419,0.090625,0.967804,-0.186359,0.142872,0.656971,148.522491,22.934273,-0.053638,0.787329,0.144463,0.596965,-7.635877,129.553253,21.233788,0.273159,-0.59595,0.121216,-0.745342,-12.338643,131.02359,5.271587,0.172612,-0.035004,-0.363247,-0.914894,-5.92301,118.545486,-14.991982,0.218354,0.154901,-0.528377,-0.805695,12.398582,134.842728,-19.72316,-0.058007,0.919944,0.176249,0.345363,-3.8278,129.066666,27.960991,0.385367,0.873636,0.220988,-0.198535,8.780085,128.815857,38.917641,0.007877,0.268928,0.52206,-0.809363,24.163557,114.382706,26.169746,0.071127,0.0788,0.573757,-0.812118,16.10891,136.21138,14.654979,0.008802,0.863213,0.233069,0.447733,-6.075863,85.46328,11.224594,0.149563,0.945555,-0.051109,0.284508,0.904468,53.315342,-3.574432,0.016761,0.940498,-0.001588,0.339383,-13.723855,8.761013,-3.032785,-0.101809,0.839413,0.03995,0.532377,3.645995,85.981682,27.971231,0.04792,0.827344,-0.183221,0.528806,11.345932,50.772106,29.462179,-0.027337,0.821631,0.018883,0.569051,-1.460289,7.238731,41.303436,0.016761,0.940498,-0.001588,0.339383,-4.655421,2.260342,-14.266994,-0.027337,0.821631,0.018883,0.569051,12.528128,1.85988,36.195122
381,3.175,-0.042401,0.864886,0.046506,0.498008,-1.291343,85.62851,19.616901,-0.014128,0.859961,0.090598,0.502056,-2.241731,93.507683,19.920399,0.005902,0.861396,0.052259,0.505204,-4.427764,112.153915,22.606491,0.148285,0.92262,-0.073303,0.348441,-5.394582,134.705185,24.783356,0.091839,0.967608,-0.186732,0.142941,0.683399,148.433929,22.858179,-0.053758,0.786177,0.143718,0.59865,-7.662746,129.489822,21.18536,0.272108,-0.595543,0.120969,-0.746091,-12.297779,130.952316,5.202638,0.171404,-0.034695,-0.363871,-0.914885,-5.855297,118.51516,-15.077585,0.217523,0.155939,-0.528278,-0.805785,12.442341,134.843399,-19.777454,-0.057162,0.919615,0.174727,0.347146,-3.871544,129.002075,27.922005,0.386838,0.873461,0.220664,-0.196801,8.698323,128.731827,38.921787,0.007664,0.271297,0.52326,-0.807799,24.059637,114.216652,26.240467,0.070424,0.081849,0.575634,-0.810547,16.135344,136.058517,14.651726,0.008007,0.86292,0.235192,0.447201,-6.137763,85.366783,11.235255,0.149853,0.94572,-0.051985,0.283646,0.951846,53.289635,-3.665069,0.01656,0.940508,-0.001551,0.339364,-13.723694,8.751925,-3.040556,-0.103853,0.838583,0.042571,0.533086,3.555076,85.890236,27.998549,0.048652,0.826539,-0.185111,0.52934,11.475422,50.726593,29.417145,-0.027001,0.822305,0.018376,0.568109,-1.486932,7.265151,41.352375,0.01656,0.940508,-0.001551,0.339364,-4.653114,2.254172,-14.274718,-0.027001,0.822305,0.018376,0.568109,12.48361,1.867792,36.214752
382,3.183333,-0.042816,0.864407,0.046329,0.49882,-1.364982,85.540939,19.640671,-0.014151,0.859362,0.08975,0.50323,-2.31994,93.419807,19.937538,0.006502,0.860735,0.050948,0.506455,-4.495555,112.083092,22.594471,0.149839,0.922013,-0.074415,0.349147,-5.411968,134.640152,24.732702,0.092556,0.967453,-0.187364,0.142697,0.720148,148.343765,22.800068,-0.05388,0.785301,0.142554,0.600065,-7.683286,129.424713,21.136812,0.27121,-0.595098,0.120448,-0.746857,-12.261189,130.869049,5.135979,0.169722,-0.034739,-0.364096,-0.915107,-5.786378,118.47879,-15.162648,0.214981,0.156523,-0.528913,-0.805938,12.511789,134.831818,-19.838554,-0.05631,0.919212,0.173338,0.349046,-3.911804,128.938293,27.884615,0.387668,0.873683,0.219934,-0.194989,8.617098,128.64621,38.930485,0.007414,0.273835,0.52383,-0.806574,23.981697,114.064323,26.329947,0.070098,0.084888,0.576556,-0.809607,16.161654,135.895569,14.66079,0.007151,0.862704,0.237226,0.446558,-6.195031,85.271675,11.249817,0.150226,0.945899,-0.052794,0.2827,1.0026,53.26289,-3.745453,0.016548,0.940483,-0.001351,0.339435,-13.725422,8.743635,-3.044961,-0.104479,0.838013,0.043917,0.53375,3.465066,85.810204,28.031525,0.04868,0.826868,-0.184852,0.528914,11.472842,50.664364,29.399601,-0.027788,0.821805,0.019999,0.56874,-1.472977,7.194188,41.320953,0.016548,0.940483,-0.001351,0.339435,-4.652049,2.251413,-14.28007,-0.027788,0.821805,0.019999,0.56874,12.52239,1.850171,36.195148
383,3.191667,-0.042962,0.864019,0.04656,0.499457,-1.435491,85.455254,19.649107,-0.014396,0.858728,0.089026,0.504434,-2.394493,93.333588,19.947271,0.007247,0.860019,0.049833,0.507771,-4.570035,112.019287,22.5756,0.151033,0.921387,-0.076184,0.349901,-5.434959,134.580994,24.686211,0.093442,0.967279,-0.187668,0.142904,0.748123,148.257614,22.725027,-0.05369,0.784341,0.141569,0.601569,-7.709172,129.367371,21.089516,0.270446,-0.594542,0.120498,-0.747568,-12.227397,130.805771,5.071191,0.168851,-0.03451,-0.364721,-0.915028,-5.720593,118.439255,-15.231699,0.214265,0.157646,-0.529062,-0.805811,12.557016,134.824142,-19.886778,-0.056006,0.918968,0.172128,0.350333,-3.958524,128.87883,27.848768,0.389056,0.873516,0.220105,-0.192767,8.541444,128.583664,38.927292,0.007988,0.275577,0.524765,-0.805367,23.89538,113.922752,26.405685,0.069849,0.087528,0.57922,-0.807443,16.174946,135.75412,14.663336,0.00646,0.8623,0.238883,0.446466,-6.252991,85.186668,11.251019,0.150485,0.94594,-0.053583,0.282276,1.039612,53.234135,-3.818154,0.016234,0.940452,-0.001024,0.339538,-13.730711,8.730045,-3.048313,-0.105919,0.837456,0.045732,0.534188,3.38201,85.723839,28.047192,0.048987,0.826348,-0.185686,0.529406,11.543877,50.61158,29.366165,-0.028155,0.821821,0.020446,0.568682,-1.473323,7.173204,41.325657,0.016234,0.940452,-0.001024,0.339538,-4.649533,2.249689,-14.283967,-0.028155,0.821821,0.020446,0.568682,12.527347,1.846369,36.196442
384,3.2,-0.042836,0.86367,0.046287,0.500096,-1.520308,85.386208,19.673536,-0.014207,0.858182,0.08791,0.505563,-2.475647,93.265114,19.968264,0.007624,0.859346,0.048708,0.509013,-4.626828,111.955856,22.561016,0.152674,0.920788,-0.07735,0.350509,-5.454139,134.522339,24.635389,0.094038,0.96722,-0.187972,0.142506,0.785435,148.172073,22.665705,-0.053517,0.783708,0.140297,0.602705,-7.728434,129.307678,21.040236,0.270326,-0.594104,0.119652,-0.748096,-12.201542,130.731506,5.007956,0.168249,-0.03409,-0.365081,-0.915011,-5.659027,118.402412,-15.3062,0.213037,0.158551,-0.529503,-0.80567,12.609702,134.810562,-19.934822,-0.05533,0.918616,0.170454,0.352177,-3.997437,128.822113,27.810568,0.390689,0.873163,0.220366,-0.190754,8.461777,128.514648,38.93457,0.008213,0.277393,0.526125,-0.803852,23.79101,113.770828,26.480228,0.069871,0.090067,0.580424,-0.806296,16.197283,135.612671,14.677567,0.005629,0.861833,0.240637,0.446437,-6.325637,85.117958,11.268468,0.150729,0.946188,-0.05409,0.281218,1.074844,53.225388,-3.874947,0.016377,0.940449,-0.000996,0.33954,-13.728696,8.733315,-3.050331,-0.107991,0.837035,0.04826,0.534211,3.285021,85.654465,28.078604,0.049546,0.825264,-0.187337,0.530461,11.666357,50.591339,29.326366,-0.027578,0.822306,0.019711,0.568035,-1.489657,7.215899,41.362156,0.016377,0.940449,-0.000996,0.33954,-4.649075,2.252343,-14.286889,-0.027578,0.822306,0.019711,0.568035,12.493269,1.860958,36.21384
385,3.208333,-0.042912,0.86326,0.046006,0.500824,-1.599814,85.316216,19.690067,-0.014083,0.857675,0.086803,0.506616,-2.554224,93.195435,19.97954,0.007988,0.858743,0.047618,0.510126,-4.684284,111.902275,22.537527,0.153725,0.920311,-0.078007,0.351157,-5.474868,134.473251,24.576927,0.095445,0.966953,-0.188746,0.142366,0.800951,148.106232,22.606417,-0.053476,0.782744,0.139729,0.604092,-7.749931,129.257553,20.983765,0.269748,-0.593726,0.119781,-0.748584,-12.167268,130.679214,4.935837,0.167431,-0.033767,-0.365305,-0.915084,-5.604159,118.364441,-15.380369,0.211976,0.159454,-0.529771,-0.805595,12.659332,134.789902,-19.981739,-0.054618,0.918169,0.169391,0.353962,-4.036598,128.774994,27.764017,0.391299,0.873516,0.219345,-0.189056,8.38311,128.44725,38.93153,0.007804,0.279756,0.526562,-0.802751,23.720623,113.64241,26.560047,0.069409,0.092417,0.581703,-0.805148,16.218729,135.478531,14.685082,0.004929,0.861243,0.242262,0.446705,-6.39091,85.044952,11.276974,0.15096,0.94614,-0.054783,0.281121,1.110357,53.208458,-3.934693,0.016059,0.940454,-0.001052,0.339541,-13.73078,8.729994,-3.053506,-0.108699,0.836837,0.049491,0.534266,3.191283,85.587479,28.103161,0.049699,0.825531,-0.187078,0.530124,11.661412,50.544094,29.304972,-0.028346,0.821681,0.020807,0.568861,-1.48886,7.160988,41.319378,0.016059,0.940454,-0.001052,0.339541,-4.647562,2.250503,-14.288012,-0.028346,0.821681,0.020807,0.568861,12.517923,1.846295,36.194263
386,3.216667,-0.043305,0.86286,0.046282,0.501453,-1.659013,85.239044,19.690748,-0.01419,0.857115,0.086307,0.507645,-2.621185,93.117317,19.980146,0.008532,0.85813,0.046473,0.511254,-4.75078,111.849487,22.520504,0.154534,0.919816,-0.079501,0.351762,-5.496309,134.424942,24.527016,0.096569,0.966787,-0.188888,0.142542,0.817113,148.036728,22.530315,-0.053271,0.782025,0.138553,0.605312,-7.773988,129.209381,20.935331,0.269149,-0.593263,0.119781,-0.749166,-12.142776,130.619583,4.873112,0.166684,-0.033541,-0.365493,-0.915154,-5.552591,118.325043,-15.446583,0.210938,0.160355,-0.530076,-0.805488,12.706134,134.764786,-20.025995,-0.053778,0.917696,0.167431,0.356244,-4.078648,128.727905,27.725483,0.392334,0.873276,0.220215,-0.186998,8.28996,128.383957,38.949078,0.008325,0.281685,0.527488,-0.801462,23.625622,113.52494,26.640419,0.068907,0.094774,0.583452,-0.80365,16.2318,135.352524,14.691075,0.004423,0.860839,0.243539,0.446795,-6.437227,84.96479,11.27043,0.151136,0.946088,-0.055509,0.28106,1.138332,53.172718,-3.997206,0.015957,0.94039,-0.00045,0.339724,-13.736561,8.706766,-3.055715,-0.110637,0.836844,0.051289,0.533686,3.1192,85.513298,28.111067,0.050349,0.825155,-0.188514,0.530139,11.773588,50.513668,29.274412,-0.028057,0.822259,0.020217,0.568061,-1.496862,7.187221,41.360916,0.015957,0.94039,-0.00045,0.339724,-4.644904,2.244606,-14.293374,-0.028057,0.822259,0.020217,0.568061,12.493804,1.852854,36.212276
387,3.225,-0.043213,0.862465,0.046214,0.502147,-1.730111,85.177673,19.698673,-0.014089,0.856539,0.085652,0.50873,-2.690714,93.056175,19.98711,0.00897,0.857482,0.045249,0.512443,-4.808675,111.802422,22.506927,0.155596,0.919334,-0.080268,0.352381,-5.511481,134.382629,24.475124,0.097679,0.966613,-0.189395,0.142296,0.839353,147.97644,22.474674,-0.053294,0.781379,0.137746,0.606327,-7.790763,129.166107,20.885834,0.268307,-0.592783,0.120179,-0.749785,-12.118385,130.565247,4.811506,0.165979,-0.033276,-0.365703,-0.915208,-5.50482,118.283333,-15.508221,0.210418,0.161121,-0.530517,-0.805181,12.749809,134.739502,-20.065174,-0.052888,0.917305,0.166052,0.358025,-4.114384,128.687759,27.686491,0.393219,0.873198,0.220305,-0.185393,8.214881,128.322372,38.952618,0.008156,0.28355,0.528174,-0.800353,23.545755,113.410202,26.702419,0.068307,0.097281,0.584439,-0.802684,16.243723,135.239227,14.695292,0.003809,0.860426,0.244568,0.447034,-6.495002,84.905258,11.270749,0.151248,0.946174,-0.055881,0.280636,1.156202,53.149033,-4.03375,0.015647,0.940426,-0.000157,0.339637,-13.737367,8.69013,-3.055681,-0.111062,0.837032,0.052143,0.533221,3.03478,85.450089,28.126598,0.050373,0.825565,-0.188224,0.5296,11.747424,50.463615,29.250284,-0.028619,0.821689,0.021414,0.568814,-1.502983,7.127175,41.322945,0.015647,0.940426,-0.000157,0.339637,-4.642669,2.238941,-14.297181,-0.028619,0.821689,0.021414,0.568814,12.509296,1.831983,36.192677
388,3.233333,-0.043163,0.862113,0.045958,0.502779,-1.799118,85.127968,19.708241,-0.014268,0.856008,0.085046,0.50972,-2.757221,93.006912,19.99288,0.009539,0.856897,0.044195,0.513501,-4.873493,111.768196,22.488695,0.156656,0.918871,-0.081111,0.352925,-5.532034,134.352203,24.428391,0.09885,0.966403,-0.190003,0.1421,0.856607,147.927353,22.421566,-0.053327,0.780493,0.136857,0.607666,-7.814188,129.136337,20.83997,0.26774,-0.592406,0.120702,-0.750201,-12.087372,130.524292,4.750116,0.165599,-0.032952,-0.365847,-0.915231,-5.458016,118.242073,-15.56429,0.210224,0.161851,-0.530878,-0.804847,12.79588,134.711685,-20.101553,-0.052553,0.916901,0.165118,0.359537,-4.154792,128.658157,27.649794,0.394017,0.873387,0.219367,-0.183911,8.139422,128.284637,38.953896,0.007997,0.285634,0.528654,-0.799296,23.466299,113.309814,26.775324,0.067784,0.099226,0.58554,-0.801687,16.251114,135.134506,14.699617,0.003385,0.86003,0.245414,0.447335,-6.55179,84.854744,11.273445,0.15125,0.946288,-0.056115,0.280204,1.158424,53.12822,-4.062986,0.015615,0.940404,0.000337,0.339702,-13.740887,8.671847,-3.057513,-0.11223,0.837128,0.053218,0.532718,2.953554,85.401192,28.143036,0.050787,0.825725,-0.188517,0.529207,11.776966,50.441711,29.242313,-0.028735,0.821679,0.021535,0.568818,-1.513819,7.119563,41.321865,0.015615,0.940404,0.000337,0.339702,-4.641919,2.234459,-14.303467,-0.028735,0.821679,0.021535,0.568818,12.500273,1.829312,36.191456
389,3.241667,-0.04319,0.861762,0.045734,0.503398,-1.86458,85.084381,19.71567,-0.014055,0.855516,0.084396,0.510659,-2.821463,92.963615,19.99634,0.00977,0.85632,0.043334,0.514532,-4.922006,111.739029,22.474293,0.157338,0.918438,-0.082136,0.353511,-5.553795,134.326248,24.385271,0.100045,0.966176,-0.190473,0.142176,0.864557,147.885162,22.363503,-0.053442,0.779746,0.13603,0.608798,-7.834829,129.109222,20.797838,0.267401,-0.592054,0.120995,-0.750553,-12.061574,130.483841,4.694578,0.165414,-0.032619,-0.36595,-0.915235,-5.415119,118.203285,-15.615238,0.210117,0.162466,-0.531206,-0.804535,12.838573,134.682938,-20.135317,-0.052233,0.916543,0.164033,0.36099,-4.191914,128.634201,27.616714,0.394647,0.873663,0.218132,-0.182717,8.068432,128.255295,38.957363,0.007746,0.287611,0.528991,-0.798366,23.392384,113.223969,26.844906,0.06749,0.101195,0.586644,-0.800658,16.253099,135.044601,14.705266,0.00285,0.85966,0.246141,0.447652,-6.605145,84.809372,11.274121,0.151374,0.946398,-0.056296,0.279727,1.167407,53.108383,-4.083644,0.015344,0.940374,0.000658,0.339796,-13.746741,8.657447,-3.057982,-0.113111,0.837203,0.053944,0.532342,2.875984,85.35939,28.157217,0.050748,0.825633,-0.188252,0.529448,11.779644,50.419842,29.243124,-0.028923,0.821389,0.022304,0.569198,-1.49884,7.087958,41.30127,0.015344,0.940374,0.000658,0.339796,-4.640778,2.231339,-14.304728,-0.028923,0.821389,0.022304,0.569198,12.526215,1.819857,36.178024
390,3.25,-0.042994,0.861475,0.045459,0.503931,-1.942734,85.054054,19.726601,-0.013585,0.854974,0.083779,0.51168,-2.89494,92.933945,20.004511,0.009916,0.855653,0.042301,0.515722,-4.971581,111.717903,22.469786,0.158642,0.91777,-0.083438,0.354356,-5.576168,134.309006,24.343277,0.100697,0.966005,-0.190804,0.142439,0.891797,147.842331,22.308277,-0.053697,0.779035,0.135173,0.609876,-7.855006,129.089539,20.757982,0.267141,-0.591684,0.121264,-0.750893,-12.036953,130.446259,4.641513,0.165391,-0.032275,-0.366004,-0.91523,-5.372173,118.166138,-15.662561,0.21014,0.163137,-0.531561,-0.804158,12.882339,134.652573,-20.167322,-0.052106,0.916262,0.163,0.362187,-4.231141,128.620163,27.587391,0.39576,0.873507,0.217958,-0.181255,8.000729,128.242828,38.958801,0.007896,0.289185,0.529784,-0.79727,23.307545,113.149307,26.902134,0.067368,0.103105,0.587346,-0.79991,16.259054,134.969711,14.709279,0.002261,0.859114,0.246882,0.448294,-6.673217,84.780342,11.279356,0.151458,0.946629,-0.056306,0.278898,1.17137,53.105511,-4.095732,0.01532,0.94037,0.000688,0.339807,-13.749332,8.65705,-3.058361,-0.114437,0.837234,0.055101,0.53189,2.787748,85.327759,28.173845,0.050495,0.825574,-0.188725,0.529397,11.814412,50.41909,29.236973,-0.028814,0.822026,0.022109,0.56829,-1.466747,7.101506,41.343464,0.01532,0.94037,0.000688,0.339807,-4.642663,2.231989,-14.305133,-0.028814,0.822026,0.022109,0.56829,12.544859,1.826419,36.190689
391,3.258333,-0.042951,0.861026,0.045409,0.504705,-1.999396,85.026894,19.726299,-0.013794,0.85446,0.083338,0.512604,-2.950861,92.906921,20.003016,0.010606,0.855132,0.041513,0.516636,-5.029608,111.704765,22.44919,0.159347,0.91742,-0.083523,0.354927,-5.590973,134.298218,24.307735,0.101658,0.965718,-0.191851,0.142295,0.898319,147.822891,22.28314,-0.053946,0.778348,0.134457,0.610889,-7.873398,129.081314,20.720997,0.266897,-0.591371,0.121714,-0.751154,-12.013123,130.42276,4.592355,0.165446,-0.032024,-0.365935,-0.915256,-5.335465,118.135689,-15.703278,0.210275,0.163567,-0.531928,-0.803793,12.923376,134.62233,-20.197287,-0.051905,0.915946,0.162198,0.363374,-4.264366,128.608566,27.558023,0.396399,0.873429,0.218279,-0.179846,7.939425,128.227814,38.959442,0.008265,0.290159,0.530164,-0.796659,23.24637,113.096031,26.950991,0.067332,0.104864,0.588541,-0.798805,16.24865,134.907822,14.717595,0.001971,0.858574,0.247295,0.449101,-6.71483,84.754471,11.270605,0.15152,0.946752,-0.056396,0.278427,1.175584,53.094269,-4.111174,0.015087,0.940349,0.000888,0.339877,-13.752216,8.648512,-3.060071,-0.115121,0.837064,0.055727,0.531944,2.716038,85.299324,28.181993,0.050437,0.825555,-0.18875,0.529423,11.806886,50.407005,29.234642,-0.028288,0.821952,0.022602,0.568405,-1.471435,7.089787,41.345535,0.015087,0.940349,0.000888,0.339877,-4.640152,2.231114,-14.306849,-0.028288,0.821952,0.022602,0.568405,12.539701,1.817738,36.188389
392,3.266667,-0.043447,0.860577,0.04516,0.505451,-2.046341,85.002182,19.742685,-0.013811,0.853952,0.082837,0.51353,-3.002806,92.881897,20.011177,0.0107,0.854573,0.040676,0.517625,-5.07556,111.688087,22.439249,0.159942,0.917003,-0.084452,0.355517,-5.615774,134.284561,24.266945,0.102811,0.965503,-0.192223,0.142421,0.900068,147.794495,22.229218,-0.053754,0.777781,0.133294,0.611882,-7.895991,129.065521,20.681923,0.266526,-0.590878,0.122306,-0.751577,-11.995866,130.393631,4.542002,0.165498,-0.031764,-0.365918,-0.915263,-5.29658,118.099358,-15.742138,0.210691,0.163831,-0.531972,-0.803601,12.965086,134.588623,-20.225393,-0.051602,0.915649,0.161327,0.364553,-4.30284,128.597717,27.527649,0.396918,0.873395,0.218459,-0.178644,7.873332,128.211395,38.958374,0.008511,0.291063,0.530614,-0.796027,23.181232,113.046585,26.992893,0.067441,0.10611,0.589639,-0.797821,16.235756,134.854858,14.725057,0.00186,0.858159,0.247899,0.449562,-6.746346,84.720078,11.278722,0.151537,0.946809,-0.056546,0.278193,1.178783,53.081406,-4.129481,0.014989,0.940324,0.001118,0.339948,-13.754021,8.637726,-3.061896,-0.115451,0.837134,0.056293,0.531704,2.653665,85.284286,28.20665,0.050254,0.825533,-0.188661,0.529507,11.785746,50.402023,29.235533,-0.028222,0.821928,0.02299,0.568428,-1.475258,7.07989,41.347824,0.014989,0.940324,0.001118,0.339948,-4.638,2.227518,-14.309568,-0.028222,0.821928,0.02299,0.568428,12.537839,1.816194,36.187466
393,3.275,-0.043444,0.86022,0.04481,0.506089,-2.096972,84.983948,19.747635,-0.013701,0.85347,0.082416,0.514401,-3.050802,92.864159,20.010672,0.010603,0.854024,0.039945,0.51859,-5.11473,111.677864,22.425846,0.160542,0.916504,-0.085662,0.356242,-5.643546,134.2771,24.222429,0.103835,0.965281,-0.192391,0.142957,0.902133,147.769684,22.165367,-0.0538,0.777184,0.132602,0.612787,-7.919405,129.054871,20.639294,0.266401,-0.590288,0.122953,-0.75198,-11.982096,130.372726,4.489127,0.165644,-0.031565,-0.365963,-0.915225,-5.256256,118.063423,-15.777116,0.211006,0.164012,-0.531967,-0.803485,13.005614,134.55661,-20.254568,-0.051334,0.915451,0.160857,0.365293,-4.341698,128.593689,27.493551,0.397092,0.87366,0.21786,-0.177691,7.817356,128.200577,38.942261,0.008379,0.291972,0.530658,-0.795666,23.135208,113.007607,27.025345,0.067465,0.107099,0.590412,-0.797115,16.218651,134.812759,14.72711,0.001674,0.857733,0.248202,0.450207,-6.784479,84.699318,11.276826,0.151426,0.94686,-0.056566,0.278076,1.173579,53.071449,-4.1366,0.014924,0.940359,0.001346,0.339854,-13.75002,8.624834,-3.062446,-0.115868,0.837149,0.056733,0.531542,2.590534,85.268578,28.218445,0.050053,0.825547,-0.188602,0.529524,11.764134,50.396847,29.235342,-0.028123,0.822006,0.023154,0.568313,-1.478839,7.07075,41.353214,0.014924,0.940359,0.001346,0.339854,-4.634411,2.221515,-14.314379,-0.028123,0.822006,0.023154,0.568313,12.532884,1.809307,36.186813
394,3.283333,-0.043321,0.859876,0.044493,0.506713,-2.152878,84.975861,19.751123,-0.013539,0.853029,0.081902,0.515219,-3.102681,92.856689,20.010149,0.010841,0.853525,0.039338,0.519452,-5.153492,111.673294,22.409893,0.161246,0.916128,-0.086161,0.35677,-5.660579,134.27449,24.188068,0.104666,0.965089,-0.192913,0.142945,0.910174,147.75473,22.130108,-0.053826,0.776677,0.132028,0.61355,-7.93525,129.052048,20.604494,0.266163,-0.589761,0.123809,-0.752337,-11.966558,130.361771,4.445809,0.16578,-0.031607,-0.365935,-0.91521,-5.220479,118.032387,-15.801483,0.21134,0.164092,-0.53205,-0.803326,13.043827,134.524796,-20.283468,-0.05115,0.915071,0.159933,0.366674,-4.371488,128.592148,27.466101,0.397081,0.874186,0.215798,-0.177645,7.754422,128.19664,38.949821,0.007559,0.293586,0.530564,-0.795143,23.073498,112.975288,27.070751,0.067101,0.107969,0.590832,-0.796717,16.197939,134.782959,14.731327,0.001517,0.857144,0.248434,0.451201,-6.828356,84.69101,11.273677,0.151311,0.946871,-0.05655,0.278106,1.164813,53.071404,-4.138527,0.014786,0.940373,0.001327,0.339822,-13.748511,8.621367,-3.063168,-0.115761,0.836968,0.056874,0.531836,2.522599,85.260719,28.228569,0.050011,0.82549,-0.188121,0.529789,11.694795,50.388355,29.236004,-0.028473,0.821383,0.023741,0.56917,-1.525354,7.044861,41.316498,0.014786,0.940373,0.001327,0.339822,-4.632085,2.218845,-14.314887,-0.028473,0.821383,0.023741,0.56917,12.503695,1.804124,36.176155
395,3.291667,-0.043347,0.859512,0.044387,0.507336,-2.19983,84.969238,19.754097,-0.013542,0.852697,0.080988,0.515913,-3.149319,92.850182,20.010777,0.011418,0.853146,0.039039,0.520084,-5.184689,111.676697,22.379854,0.16126,0.915986,-0.085784,0.35722,-5.663734,134.278366,24.159735,0.105498,0.9648,-0.193857,0.143003,0.905469,147.761505,22.115841,-0.053934,0.776438,0.131441,0.61397,-7.940371,129.059372,20.572371,0.266556,-0.589339,0.124171,-0.752469,-11.954071,130.356522,4.408287,0.166432,-0.031514,-0.365861,-0.915125,-5.187883,118.007065,-15.820052,0.21186,0.164166,-0.532177,-0.80309,13.080677,134.495392,-20.309296,-0.051628,0.914732,0.159612,0.367593,-4.386992,128.593948,27.438986,0.397752,0.873958,0.216208,-0.176762,7.714726,128.211517,38.948639,0.007998,0.293905,0.53097,-0.794749,23.022928,112.959862,27.094427,0.067113,0.10845,0.590896,-0.796603,16.180418,134.763947,14.737103,0.001431,0.856671,0.248552,0.452035,-6.863025,84.683754,11.269909,0.151211,0.946866,-0.056528,0.27818,1.154324,53.068352,-4.138361,0.014712,0.940373,0.001461,0.339825,-13.749822,8.615226,-3.063399,-0.11609,0.836818,0.057261,0.531959,2.463366,85.25473,28.238285,0.049708,0.825334,-0.188012,0.530098,11.669557,50.39106,29.236675,-0.028291,0.821393,0.024083,0.569152,-1.526512,7.040894,41.319569,0.014712,0.940373,0.001461,0.339825,-4.631822,2.217068,-14.316329,-0.028291,0.821393,0.024083,0.569152,12.502659,1.80538,36.174225
396,3.3,-0.043381,0.859108,0.044495,0.508007,-2.24294,84.97155,19.755047,-0.0136,0.852279,0.080776,0.516634,-3.193968,92.852295,20.012177,0.011322,0.852716,0.038448,0.520835,-5.230016,111.688805,22.372665,0.162017,0.915566,-0.086209,0.35785,-5.700356,134.292664,24.127045,0.106355,0.964572,-0.194344,0.143249,0.894928,147.763458,22.085777,-0.053929,0.775738,0.130904,0.614968,-7.973531,129.070923,20.541466,0.267403,-0.588785,0.12455,-0.752539,-11.946267,130.362839,4.366845,0.167382,-0.031415,-0.365912,-0.914934,-5.152567,117.981575,-15.832814,0.212382,0.164377,-0.532259,-0.802854,13.113752,134.467545,-20.334887,-0.05123,0.914629,0.159405,0.367993,-4.43222,128.61116,27.414692,0.397502,0.874304,0.215887,-0.176005,7.661036,128.216797,38.932835,0.007749,0.294499,0.530835,-0.794622,22.992208,112.958298,27.117193,0.067149,0.108673,0.591068,-0.796442,16.160055,134.758011,14.743585,0.0014,0.856187,0.248517,0.45297,-6.892867,84.687469,11.263533,0.1511,0.946831,-0.05647,0.278372,1.142056,53.07082,-4.132998,0.014651,0.940359,0.001554,0.339864,-13.751221,8.613932,-3.063211,-0.116297,0.836465,0.057688,0.532423,2.406987,85.255638,28.246557,0.049201,0.824887,-0.187876,0.530889,11.641017,50.398972,29.232397,-0.028285,0.821355,0.024168,0.569203,-1.520953,7.03932,41.318447,0.014651,0.940359,0.001554,0.339864,-4.63113,2.218889,-14.316217,-0.028285,0.821355,0.024168,0.569203,12.509295,1.805777,36.174046
397,3.308333,-0.043225,0.858728,0.04443,0.508669,-2.289477,84.973724,19.756662,-0.013319,0.851825,0.080325,0.51746,-3.238066,92.854774,20.013445,0.011168,0.852196,0.037979,0.521723,-5.259385,111.70385,22.364185,0.162665,0.915142,-0.086685,0.358527,-5.726391,134.309494,24.09635,0.107083,0.964386,-0.194669,0.143514,0.892811,147.768631,22.055559,-0.054012,0.775291,0.1305,0.61561,-7.993784,129.085083,20.511005,0.268025,-0.588171,0.125178,-0.752693,-11.939815,130.370117,4.329306,0.168234,-0.031367,-0.366023,-0.914735,-5.118267,117.954651,-15.83995,0.213092,0.164443,-0.532434,-0.802536,13.143711,134.44075,-20.355955,-0.051222,0.914435,0.159011,0.368647,-4.466771,128.630692,27.391937,0.397746,0.874269,0.216287,-0.175133,7.610405,128.237122,38.926964,0.00781,0.294991,0.531056,-0.794291,22.947083,112.962952,27.138762,0.067024,0.109024,0.590745,-0.796644,16.143011,134.758942,14.74958,0.001395,0.855731,0.248477,0.453852,-6.926629,84.692482,11.258073,0.150984,0.946828,-0.056389,0.278463,1.123133,53.074394,-4.127757,0.014546,0.940305,0.001616,0.340019,-13.758138,8.613357,-3.063466,-0.11671,0.836198,0.057961,0.532722,2.347676,85.254959,28.255255,0.048986,0.824823,-0.187639,0.531092,11.616114,50.407524,29.244179,-0.028642,0.821367,0.02414,0.569168,-1.52065,7.037529,41.320541,0.014546,0.940305,0.001616,0.340019,-4.63281,2.220944,-14.313716,-0.028642,0.821367,0.02414,0.569168,12.512233,1.809439,36.17778
398,3.316667,-0.043089,0.85841,0.044417,0.509219,-2.3282,84.980896,19.757685,-0.01306,0.851498,0.079831,0.518081,-3.274996,92.862152,20.014791,0.011048,0.851818,0.037615,0.522369,-5.280002,111.715866,22.353422,0.162769,0.914928,-0.086462,0.359079,-5.744322,134.322876,24.068352,0.107825,0.964161,-0.195228,0.143714,0.8775,147.782501,22.039431,-0.054048,0.775065,0.130054,0.615986,-8.007573,129.096359,20.483444,0.268687,-0.587554,0.1256,-0.752869,-11.938016,130.373352,4.297313,0.169147,-0.031319,-0.366061,-0.914553,-5.085903,117.930115,-15.844451,0.213772,0.164373,-0.532946,-0.80203,13.175617,134.414322,-20.375225,-0.051484,0.914276,0.158604,0.369181,-4.490954,128.646194,27.36997,0.397897,0.874294,0.216434,-0.174485,7.572179,128.262512,38.920013,0.007638,0.295383,0.530954,-0.794216,22.914112,112.975708,27.155041,0.0667,0.110028,0.590322,-0.796847,16.116459,134.767914,14.755602,0.001457,0.855337,0.248315,0.454682,-6.954751,84.702538,11.253223,0.150798,0.946844,-0.05623,0.278539,1.100798,53.078659,-4.117665,0.01453,0.940263,0.001673,0.340134,-13.760443,8.610678,-3.06358,-0.117432,0.835935,0.058347,0.532933,2.29835,85.259262,28.262148,0.048554,0.824927,-0.187676,0.530958,11.623886,50.427258,29.258389,-0.028275,0.822044,0.023798,0.568224,-1.479399,7.0546,41.361523,0.01453,0.940263,0.001673,0.340134,-4.631901,2.219915,-14.31216,-0.028275,0.822044,0.023798,0.568224,12.536365,1.811514,36.187431
399,3.325,-0.042886,0.857984,0.044009,0.509988,-2.369037,84.9888,19.762972,-0.012868,0.851178,0.079502,0.518661,-3.310008,92.870903,20.015337,0.010976,0.851514,0.037186,0.522896,-5.303988,111.728226,22.345966,0.162885,0.914731,-0.086465,0.359526,-5.761991,134.336777,24.042349,0.108468,0.963996,-0.195514,0.143945,0.864514,147.794861,22.018543,-0.054185,0.774783,0.129684,0.616407,-8.022839,129.108246,20.458862,0.269176,-0.586908,0.126171,-0.753103,-11.93544,130.376404,4.267715,0.170023,-0.031269,-0.366164,-0.914351,-5.052994,117.904922,-15.846213,0.214693,0.164259,-0.533477,-0.801454,13.205083,134.389374,-20.391331,-0.051726,0.914078,0.158245,0.369791,-4.514731,128.662247,27.35,0.397426,0.874804,0.215489,-0.174167,7.532504,128.286865,38.916897,0.007274,0.296358,0.530365,-0.794249,22.898367,112.998871,27.18475,0.066275,0.110449,0.589817,-0.797198,16.097754,134.774521,14.753938,0.00147,0.855065,0.248119,0.455301,-6.980735,84.7108,11.250437,0.150611,0.946953,-0.055978,0.278321,1.078733,53.079903,-4.103952,0.014267,0.940293,0.001719,0.340063,-13.759792,8.604008,-3.063729,-0.117121,0.835791,0.058213,0.533242,2.242662,85.266792,28.275507,0.048479,0.824833,-0.186981,0.531355,11.544342,50.428402,29.271137,-0.027954,0.821248,0.025011,0.569337,-1.525067,7.030642,41.320786,0.014267,0.940293,0.001719,0.340063,-4.629595,2.217046,-14.313126,-0.027954,0.821248,0.025011,0.569337,12.508782,1.812073,36.170994
400,3.333333,-0.042804,0.857616,0.043847,0.510627,-2.405573,84.998894,19.766882,-0.012955,0.85086,0.079112,0.51924,-3.344313,92.881332,20.017006,0.011052,0.851197,0.036825,0.523436,-5.335327,111.743866,22.332361,0.16287,0.91453,-0.086379,0.360066,-5.782904,134.353546,24.016359,0.109002,0.963815,-0.195767,0.144409,0.844368,147.812286,21.999365,-0.054525,0.774513,0.129585,0.616737,-8.042208,129.12439,20.432808,0.269889,-0.586264,0.126554,-0.753285,-11.940007,130.383606,4.237397,0.17115,-0.031017,-0.366214,-0.914129,-5.025098,117.884743,-15.848376,0.215785,0.164223,-0.534116,-0.800742,13.231653,134.367554,-20.402641,-0.051755,0.913985,0.158168,0.370048,-4.542885,128.680069,27.328518,0.397382,0.874945,0.215468,-0.173587,7.497871,128.304977,38.902164,0.006973,0.296845,0.53014,-0.79422,22.875408,113.009789,27.194729,0.065666,0.111118,0.589534,-0.797364,16.076582,134.782532,14.751069,0.001562,0.854816,0.24785,0.455913,-7.004781,84.721497,11.247573,0.150366,0.94703,-0.055724,0.278241,1.051113,53.081001,-4.088912,0.014231,0.940307,0.001861,0.340024,-13.759685,8.595523,-3.063323,-0.117086,0.835421,0.058215,0.533828,2.193635,85.276291,28.286192,0.04803,0.824776,-0.186559,0.531633,11.492622,50.437332,29.286808,-0.027781,0.821298,0.025284,0.569261,-1.525649,7.020741,41.323967,0.014231,0.940307,0.001861,0.340024,-4.629329,2.212811,-14.315003,-0.027781,0.821298,0.025284,0.569261,12.50729,1.805857,36.167976
401,3.341667,-0.042683,0.857343,0.04386,0.511094,-2.434441,85.006409,19.761408,-0.013034,0.850643,0.078956,0.519618,-3.371774,92.889,20.012196,0.011013,0.850994,0.036642,0.52378,-5.36444,111.763336,22.321419,0.163159,0.914286,-0.086595,0.360501,-5.809846,134.373657,23.997242,0.109336,0.963681,-0.19588,0.144897,0.828599,147.827087,21.981562,-0.054875,0.774092,0.129071,0.617342,-8.067103,129.143616,20.413694,0.271167,-0.585824,0.126317,-0.753208,-11.938681,130.386597,4.210739,0.172545,-0.03055,-0.366385,-0.913815,-4.995427,117.865929,-15.851675,0.216908,0.16424,-0.534618,-0.8001,13.253796,134.350189,-20.410442,-0.051762,0.913879,0.157812,0.37046,-4.573353,128.701141,27.312351,0.397023,0.875277,0.215032,-0.173276,7.45721,128.328308,38.896667,0.006659,0.297549,0.529816,-0.794176,22.854132,113.035072,27.21216,0.065398,0.111569,0.589396,-0.797426,16.059286,134.797592,14.749074,0.001606,0.854568,0.247585,0.456522,-7.024607,84.731789,11.237133,0.150222,0.947004,-0.055581,0.278436,1.030827,53.081848,-4.080084,0.014085,0.940267,0.001934,0.340142,-13.764067,8.590802,-3.066315,-0.117673,0.834972,0.058455,0.534376,2.155725,85.281029,28.285683,0.047458,0.824697,-0.186619,0.531786,11.497809,50.454021,29.300972,-0.027319,0.822025,0.025099,0.568242,-1.481499,7.034403,41.369267,0.014085,0.940267,0.001934,0.340142,-4.628799,2.211432,-14.315903,-0.027319,0.822025,0.025099,0.568242,12.533418,1.806733,36.177326
402,3.35,-0.042677,0.857025,0.043671,0.511644,-2.468914,85.023033,19.769325,-0.012858,0.85041,0.07852,0.52007,-3.404795,92.905891,20.016983,0.010705,0.85074,0.036468,0.52421,-5.383992,111.779808,22.314192,0.163484,0.914002,-0.087164,0.360937,-5.837957,134.391006,23.975792,0.109635,0.963636,-0.195534,0.14544,0.81601,147.835632,21.952503,-0.055,0.77376,0.1288,0.617803,-8.089987,129.158112,20.393141,0.271852,-0.585261,0.126554,-0.75336,-11.94205,130.394852,4.185051,0.173321,-0.030437,-0.366289,-0.91371,-4.969184,117.852234,-15.853373,0.216999,0.164394,-0.5356,-0.799387,13.286403,134.332199,-20.420778,-0.051843,0.913836,0.157842,0.370542,-4.603112,128.720886,27.29561,0.396728,0.87547,0.215212,-0.172754,7.425127,128.349655,38.882401,0.006469,0.29785,0.52959,-0.794215,22.842485,113.061371,27.21838,0.065308,0.112069,0.589258,-0.797465,16.044638,134.818085,14.747778,0.001666,0.854322,0.24737,0.457099,-7.048184,84.747353,11.239223,0.150057,0.94711,-0.055312,0.278222,1.006722,53.089737,-4.062405,0.014031,0.940255,0.002004,0.340176,-13.766843,8.591247,-3.064643,-0.117569,0.83453,0.058566,0.535077,2.110357,85.298714,28.299427,0.046959,0.824422,-0.186273,0.532378,11.449653,50.470879,29.311863,-0.027447,0.822005,0.025133,0.568262,-1.482989,7.034752,41.370838,0.014031,0.940255,0.002004,0.340176,-4.6298,2.214292,-14.314159,-0.027447,0.822005,0.025133,0.568262,12.533548,1.810131,36.180191
403,3.358333,-0.042578,0.856846,0.043755,0.511944,-2.499502,85.03923,19.76663,-0.012612,0.850208,0.078076,0.520473,-3.43481,92.922104,20.015917,0.010567,0.850481,0.036391,0.52464,-5.398239,111.798599,22.302738,0.163545,0.913774,-0.087207,0.361475,-5.856551,134.410187,23.95784,0.109601,0.963556,-0.195488,0.146058,0.801364,147.8535,21.938807,-0.055284,0.773594,0.128601,0.618027,-8.104338,129.176071,20.37431,0.272397,-0.584822,0.12681,-0.753461,-11.946121,130.402649,4.163011,0.174236,-0.029907,-0.366558,-0.913446,-4.95115,117.840065,-15.855181,0.21838,0.164475,-0.535721,-0.798912,13.294167,134.328934,-20.416628,-0.053094,0.91359,0.158377,0.370743,-4.624396,128.741104,27.280416,0.396916,0.875497,0.215264,-0.172119,7.394484,128.399948,38.877834,0.006622,0.298339,0.52962,-0.794011,22.815302,113.096725,27.237988,0.065288,0.112522,0.588846,-0.797707,16.0355,134.842407,14.748514,0.001628,0.854046,0.247128,0.457745,-7.072985,84.766434,11.233332,0.149943,0.947123,-0.055114,0.278276,0.987875,53.10017,-4.047253,0.013737,0.940231,0.001933,0.340254,-13.770887,8.596423,-3.064853,-0.1176,0.834134,0.058543,0.53569,2.073982,85.312019,28.299927,0.046562,0.82409,-0.185973,0.533031,11.413535,50.484528,29.321817,-0.027812,0.821919,0.025195,0.568367,-1.48333,7.034424,41.368763,0.013737,0.940231,0.001933,0.340254,-4.628806,2.220291,-14.310746,-0.027812,0.821919,0.025195,0.568367,12.538187,1.81763,36.183693
404,3.366667,-0.042571,0.856576,0.043705,0.512401,-2.525732,85.053749,19.769032,-0.012454,0.849945,0.077803,0.520947,-3.460669,92.936707,20.017199,0.010319,0.850186,0.036184,0.525136,-5.414994,111.81675,22.297495,0.163772,0.913537,-0.087184,0.361978,-5.878904,134.429245,23.938482,0.109524,0.963535,-0.195354,0.146428,0.78653,147.869965,21.927023,-0.055487,0.773464,0.128273,0.61824,-8.121664,129.192627,20.35548,0.273039,-0.584357,0.126858,-0.753581,-11.953895,130.40834,4.141101,0.17483,-0.029702,-0.366459,-0.913378,-4.93272,117.830956,-15.858621,0.2182,0.164827,-0.536438,-0.798408,13.31799,134.31604,-20.4209,-0.05331,0.913541,0.158341,0.370849,-4.649703,128.76236,27.265898,0.396532,0.875838,0.214822,-0.171818,7.36578,128.427612,38.86702,0.006281,0.298832,0.529305,-0.794038,22.806696,113.12735,27.249962,0.065322,0.112937,0.588652,-0.797789,16.024136,134.868362,14.747813,0.001668,0.853828,0.246952,0.458247,-7.090171,84.781189,11.230885,0.149862,0.947133,-0.054977,0.278314,0.971381,53.108658,-4.036347,0.013901,0.940182,0.001961,0.340384,-13.77692,8.601215,-3.064423,-0.117567,0.83366,0.058485,0.536441,2.038707,85.326309,28.307175,0.046177,0.823841,-0.185565,0.533591,11.373144,50.497753,29.33968,-0.027684,0.821925,0.025543,0.568348,-1.482257,7.030091,41.367573,0.013901,0.940182,0.001961,0.340384,-4.633562,2.22422,-14.308784,-0.027684,0.821925,0.025543,0.568348,12.539893,1.819603,36.177887
405,3.375,-0.04248,0.856329,0.043582,0.512833,-2.555508,85.0616,19.769722,-0.012201,0.849783,0.077499,0.521261,-3.488335,92.944847,20.016485,0.010112,0.850018,0.036041,0.525422,-5.42924,111.826942,22.291359,0.163471,0.913437,-0.087169,0.362369,-5.898243,134.440109,23.921764,0.10956,0.963493,-0.195099,0.147016,0.760678,147.884125,21.910719,-0.055713,0.773192,0.128394,0.618535,-8.13766,129.201447,20.339626,0.273626,-0.583993,0.127099,-0.75361,-11.956859,130.415588,4.122053,0.175543,-0.02919,-0.366902,-0.91308,-4.917733,117.817093,-15.858063,0.219297,0.165048,-0.536368,-0.798109,13.314581,134.317032,-20.41258,-0.053623,0.913483,0.158142,0.371032,-4.670289,128.774948,27.252583,0.396172,0.876103,0.214628,-0.17154,7.339553,128.451126,38.859859,0.005958,0.299321,0.529021,-0.794046,22.799242,113.156639,27.260166,0.065247,0.113586,0.588519,-0.797801,16.015854,134.892227,14.746,0.001584,0.853653,0.246764,0.458673,-7.111514,84.789886,11.227046,0.149798,0.947188,-0.05475,0.278203,0.956619,53.110653,-4.022786,0.013787,0.940141,0.00197,0.340501,-13.780297,8.599079,-3.067558,-0.117555,0.833264,0.058471,0.537059,2.000498,85.333305,28.312397,0.045855,0.82384,-0.185253,0.533729,11.332915,50.504421,29.352188,-0.027944,0.821918,0.025625,0.568343,-1.48432,7.023126,41.371529,0.013787,0.940141,0.00197,0.340501,-4.632754,2.223372,-14.309247,-0.027944,0.821918,0.025625,0.568343,12.540594,1.819111,36.182808
406,3.383333,-0.042421,0.856093,0.043396,0.513247,-2.581575,85.068764,19.772446,-0.011975,0.849629,0.077307,0.521546,-3.512225,92.952347,20.016726,0.00977,0.849861,0.035903,0.525691,-5.442872,111.836937,22.289396,0.1634,0.913305,-0.087233,0.362717,-5.922286,134.450851,23.906185,0.109483,0.963494,-0.194805,0.147457,0.736679,147.894913,21.895689,-0.055753,0.773095,0.12803,0.618728,-8.157222,129.209167,20.325687,0.274025,-0.583451,0.127277,-0.753854,-11.968321,130.415741,4.105649,0.175725,-0.029164,-0.366908,-0.913044,-4.900262,117.804909,-15.856457,0.218734,0.165205,-0.536952,-0.797838,13.334168,134.306519,-20.413668,-0.053843,0.913428,0.15805,0.371173,-4.694139,128.788162,27.241129,0.395731,0.876425,0.21429,-0.171336,7.311403,128.471344,38.853043,0.005513,0.299945,0.528679,-0.794041,22.791744,113.184616,27.270687,0.064951,0.114108,0.588328,-0.797892,16.008322,134.914749,14.74202,0.001608,0.853461,0.246562,0.459139,-7.129446,84.79673,11.225447,0.14967,0.947244,-0.054541,0.278122,0.938813,53.110321,-4.00941,0.013684,0.940146,0.002035,0.340492,-13.781658,8.593017,-3.067949,-0.117585,0.833174,0.058483,0.537191,1.966295,85.340797,28.319445,0.045635,0.823905,-0.185001,0.533735,11.300843,50.51255,29.361137,-0.028846,0.822058,0.024775,0.568133,-1.487156,7.020607,41.373081,0.013684,0.940146,0.002035,0.340492,-4.632814,2.220075,-14.310147,-0.028846,0.822058,0.024775,0.568133,12.538341,1.811238,36.191315
407,3.391667,-0.042257,0.855932,0.043208,0.513545,-2.609179,85.074448,19.774591,-0.011973,0.849523,0.077063,0.521756,-3.53615,92.958519,20.01734,0.009767,0.84976,0.03583,0.52586,-5.462467,111.844978,22.28178,0.163425,0.913165,-0.087196,0.363068,-5.940593,134.459152,23.895586,0.108971,0.963504,-0.194666,0.147952,0.719926,147.903091,21.889423,-0.056002,0.772893,0.127658,0.619035,-8.174573,129.217194,20.314861,0.27419,-0.583109,0.127518,-0.754018,-11.97203,130.411331,4.090704,0.175871,-0.028865,-0.367165,-0.912922,-4.88732,117.790375,-15.859101,0.21891,0.165463,-0.537223,-0.797554,13.338401,134.303741,-20.407413,-0.054085,0.913375,0.158074,0.371258,-4.714232,128.796753,27.23171,0.39524,0.876746,0.21399,-0.171202,7.288321,128.486481,38.846889,0.004981,0.300456,0.528325,-0.794087,22.790092,113.210785,27.278635,0.064596,0.114578,0.588272,-0.797895,16.001925,134.939651,14.740581,0.00162,0.853231,0.246412,0.459646,-7.151399,84.80365,11.224549,0.149488,0.947244,-0.054367,0.278257,0.92022,53.111912,-3.997427,0.013688,0.940148,0.00213,0.340485,-13.780236,8.587727,-3.068593,-0.117622,0.83304,0.058544,0.537385,1.933041,85.345253,28.324635,0.045342,0.82392,-0.184829,0.533797,11.271804,50.518131,29.366344,-0.026619,0.822019,0.026219,0.568233,-1.486076,7.017717,41.37965,0.013688,0.940148,0.00213,0.340485,-4.631155,2.217353,-14.312053,-0.026619,0.822019,0.026219,0.568233,12.528941,1.805485,36.172478
408,3.4,-0.042211,0.855776,0.043192,0.51381,-2.629424,85.079727,19.774899,-0.011631,0.8494,0.076619,0.522029,-3.555712,92.963875,20.017521,0.009356,0.849583,0.035908,0.526148,-5.462842,111.853813,22.273939,0.163193,0.913087,-0.087036,0.363408,-5.959198,134.468079,23.880772,0.108781,0.963519,-0.194405,0.148338,0.694989,147.915833,21.879181,-0.056206,0.772832,0.12756,0.619112,-8.186687,129.223404,20.300011,0.274226,-0.582736,0.127896,-0.754229,-11.980173,130.410706,4.07442,0.175948,-0.028531,-0.367407,-0.91282,-4.878803,117.778435,-15.862288,0.21911,0.165795,-0.537397,-0.797312,13.339183,134.303986,-20.398764,-0.054361,0.913293,0.157984,0.371458,-4.730913,128.807602,27.219421,0.39464,0.876949,0.214734,-0.170611,7.265679,128.505661,38.840977,0.004792,0.300771,0.527903,-0.79425,22.800758,113.251945,27.288406,0.064231,0.115147,0.587715,-0.798252,16.000813,134.965683,14.743034,0.001629,0.853002,0.246334,0.460113,-7.166448,84.809883,11.222066,0.149438,0.9472,-0.054293,0.278446,0.910332,53.11536,-3.991386,0.013569,0.940113,0.002091,0.340588,-13.784063,8.589008,-3.070688,-0.117772,0.832979,0.058582,0.537441,1.907599,85.349564,28.327734,0.045263,0.823957,-0.184673,0.5338,11.256598,50.525318,29.373732,-0.027215,0.822097,0.02556,0.568122,-1.487597,7.018852,41.379639,0.013569,0.940113,0.002091,0.340588,-4.631297,2.21865,-14.31116,-0.027215,0.822097,0.02556,0.568122,12.527564,1.800648,36.178833
409,3.408333,-0.04233,0.855629,0.043261,0.514039,-2.645722,85.087891,19.779964,-0.011503,0.849281,0.076382,0.522259,-3.57426,92.971786,20.022291,0.009116,0.849437,0.0359,0.526388,-5.472608,111.857948,22.272493,0.16304,0.913008,-0.086911,0.363703,-5.978452,134.472443,23.873165,0.108433,0.963558,-0.194157,0.148667,0.671645,147.922836,21.87574,-0.056463,0.772748,0.127529,0.6192,-8.201881,129.225998,20.292477,0.274631,-0.582461,0.127782,-0.754314,-11.990764,130.40654,4.065321,0.176472,-0.027888,-0.367849,-0.912561,-4.87213,117.770042,-15.862547,0.220056,0.166217,-0.537308,-0.797024,13.328809,134.313507,-20.382198,-0.054791,0.913271,0.158199,0.371359,-4.749959,128.813293,27.213997,0.393874,0.877469,0.214134,-0.170467,7.247535,128.522308,38.8349,0.004132,0.301318,0.527295,-0.79445,22.814808,113.285042,27.303967,0.063973,0.115498,0.587427,-0.798435,15.997383,134.993439,14.748734,0.001652,0.852783,0.246337,0.460517,-7.177986,84.817055,11.224644,0.14944,0.947131,-0.054297,0.278681,0.904695,53.122627,-3.985853,0.013462,0.940071,0.002044,0.340708,-13.790215,8.59637,-3.068524,-0.117281,0.832874,0.05838,0.537735,1.886543,85.358719,28.335285,0.04534,0.823969,-0.18413,0.533961,11.198508,50.524433,29.377293,-0.028983,0.821433,0.025474,0.568998,-1.527344,6.999838,41.336876,0.013462,0.940071,0.002044,0.340708,-4.633526,2.225725,-14.305634,-0.028983,0.821433,0.025474,0.568998,12.514257,1.81023,36.178978
410,3.416667,-0.042468,0.855499,0.043288,0.514242,-2.660578,85.091583,19.786951,-0.011553,0.849124,0.076316,0.522524,-3.591269,92.975258,20.028299,0.008983,0.84926,0.035814,0.526682,-5.490222,111.857582,22.27429,0.163058,0.912885,-0.086805,0.364031,-5.999713,134.472473,23.868328,0.10793,0.963602,-0.194025,0.148919,0.651001,147.923431,21.876791,-0.056546,0.772604,0.127405,0.619398,-8.22007,129.224762,20.287556,0.274875,-0.582209,0.127721,-0.75443,-12.000471,130.401718,4.058161,0.17671,-0.02754,-0.368067,-0.912437,-4.866602,117.763184,-15.862966,0.220233,0.166654,-0.537533,-0.796732,13.326284,134.316132,-20.372591,-0.05543,0.913293,0.158286,0.371172,-4.772903,128.814377,27.211582,0.39327,0.877839,0.213965,-0.170163,7.226867,128.542847,38.830605,0.003714,0.301739,0.526858,-0.794582,22.822676,113.319885,27.319372,0.063874,0.115918,0.587189,-0.798557,15.99435,135.020874,14.755935,0.001599,0.852628,0.246442,0.460748,-7.188577,84.819016,11.229424,0.149515,0.947041,-0.054325,0.278941,0.904962,53.12833,-3.983112,0.01353,0.940014,0.002002,0.340863,-13.797438,8.604476,-3.069314,-0.117782,0.832781,0.0589,0.537712,1.867421,85.364151,28.344477,0.044942,0.823849,-0.184467,0.534065,11.228793,50.542759,29.374813,-0.029717,0.822187,0.024585,0.567909,-1.484429,7.026425,41.377823,0.01353,0.940014,0.002002,0.340863,-4.638075,2.231944,-14.303176,-0.029717,0.822187,0.024585,0.567909,12.545016,1.827303,36.196457
411,3.425,-0.042427,0.855362,0.043374,0.514465,-2.677926,85.088577,19.790697,-0.011348,0.849033,0.076001,0.522722,-3.608813,92.972191,20.033295,0.008657,0.849138,0.035871,0.52688,-5.495455,111.857796,22.27294,0.16304,0.912785,-0.086727,0.364307,-6.01922,134.472748,23.861267,0.107421,0.963654,-0.193849,0.149182,0.631281,147.924454,21.874006,-0.056873,0.772436,0.12751,0.619556,-8.234691,129.22287,20.280676,0.275085,-0.581972,0.127744,-0.754532,-12.007318,130.394562,4.049088,0.17684,-0.027192,-0.368377,-0.912297,-4.860178,117.751656,-15.864524,0.220359,0.167057,-0.537781,-0.796446,13.322319,134.319183,-20.363262,-0.055845,0.913266,0.158506,0.371082,-4.790672,128.816208,27.20649,0.390745,0.880844,0.203805,-0.172904,7.20979,128.555054,38.825039,-0.000471,0.305307,0.524284,-0.79493,22.856827,113.325813,27.391884,0.063732,0.116062,0.587211,-0.798531,15.986145,135.040894,14.763856,0.001475,0.852527,0.2464,0.460957,-7.201547,84.817848,11.230797,0.149414,0.947102,-0.054221,0.278805,0.901978,53.125645,-3.973253,0.013443,0.94011,0.002235,0.340599,-13.788909,8.597898,-3.063864,-0.11792,0.832735,0.059165,0.537724,1.845695,85.359314,28.350597,0.044918,0.823942,-0.184482,0.533918,11.225332,50.542545,29.370726,-0.02977,0.822199,0.0246,0.567888,-1.484673,7.026553,41.378361,0.013443,0.94011,0.002235,0.340599,-4.63369,2.232691,-14.305255,-0.02977,0.822199,0.0246,0.567888,12.545076,1.828705,36.196537
412,3.433333,-0.042461,0.85523,0.043291,0.514688,-2.695358,85.083618,19.801744,-0.011332,0.848955,0.075788,0.522879,-3.626097,92.967293,20.042696,0.008355,0.849052,0.035829,0.527026,-5.508398,111.85421,22.275469,0.162718,0.912721,-0.086919,0.364566,-6.043081,134.469528,23.854858,0.107061,0.963687,-0.193498,0.14968,0.601867,147.923019,21.861107,-0.057123,0.772236,0.127585,0.619767,-8.254861,129.217255,20.275503,0.275292,-0.581688,0.127741,-0.754676,-12.017791,130.385315,4.041411,0.176918,-0.026903,-0.368708,-0.912157,-4.854331,117.739548,-15.8645,0.220418,0.167283,-0.538126,-0.796149,13.316653,134.321945,-20.354208,-0.055652,0.913322,0.15818,0.371113,-4.813149,128.81485,27.202707,0.392224,0.878397,0.21397,-0.169693,7.187262,128.551758,38.821255,0.002899,0.3022,0.526133,-0.79489,22.831453,113.358368,27.336645,0.06329,0.116294,0.586991,-0.798693,15.977129,135.053101,14.770286,0.001261,0.852325,0.246731,0.461154,-7.214458,84.81179,11.239495,0.14968,0.94704,-0.054251,0.278869,0.91675,53.131317,-3.974218,0.013531,0.940008,0.001859,0.340878,-13.797939,8.611321,-3.070374,-0.118053,0.833027,0.059337,0.537223,1.823743,85.355446,28.363995,0.04493,0.824117,-0.184409,0.533671,11.218363,50.542389,29.373413,-0.029829,0.82222,0.024641,0.567854,-1.485339,7.023949,41.378857,0.013531,0.940008,0.001859,0.340878,-4.638891,2.234866,-14.302261,-0.029829,0.82222,0.024641,0.567854,12.544741,1.82809,36.195938
413,3.441667,-0.042435,0.855122,0.04322,0.514877,-2.713929,85.075691,19.806868,-0.011536,0.848919,0.075868,0.522922,-3.643791,92.959503,20.046867,0.008431,0.849062,0.035714,0.527017,-5.534329,111.844971,22.277966,0.162559,0.912677,-0.087162,0.364689,-6.063297,134.460617,23.85475,0.10647,0.963758,-0.193171,0.150066,0.580318,147.913696,21.853823,-0.057288,0.772015,0.127488,0.620046,-8.276515,129.208466,20.276077,0.27556,-0.581487,0.127674,-0.754744,-12.027252,130.371887,4.03882,0.17695,-0.026746,-0.369072,-0.912008,-4.851394,117.723251,-15.860811,0.220345,0.167409,-0.538488,-0.795898,13.307267,134.321472,-20.347132,-0.055878,0.913375,0.15817,0.370954,-4.834666,128.806,27.203215,0.389803,0.881328,0.203884,-0.172471,7.168849,128.550873,38.818748,-0.000981,0.305684,0.523691,-0.795175,22.859516,113.349571,27.408236,0.063103,0.11563,0.587013,-0.798788,15.968403,135.055176,14.774424,0.001145,0.852137,0.246916,0.461404,-7.229323,84.803833,11.24266,0.149699,0.947026,-0.054255,0.278905,0.919617,53.129917,-3.975232,0.013572,0.940004,0.001824,0.340889,-13.796857,8.61049,-3.072083,-0.11827,0.833285,0.059487,0.536758,1.801464,85.347542,28.371078,0.044981,0.82435,-0.184393,0.533313,11.215134,50.539482,29.374796,-0.029847,0.822303,0.024588,0.567735,-1.486474,7.020917,41.382019,0.013572,0.940004,0.001824,0.340889,-4.638186,2.232695,-14.303525,-0.029847,0.822303,0.024588,0.567735,12.541987,1.824059,36.195713
414,3.45,-0.042446,0.855055,0.043172,0.514991,-2.726759,85.064926,19.813473,-0.011534,0.848881,0.075862,0.522985,-3.656405,92.948784,20.052614,0.008248,0.849028,0.035673,0.527078,-5.546945,111.834625,22.283442,0.162507,0.912653,-0.087078,0.364793,-6.082122,134.450531,23.85424,0.105916,0.963834,-0.19306,0.150114,0.559732,147.904861,21.855846,-0.057727,0.77178,0.127782,0.620238,-8.293406,129.196884,20.276604,0.275747,-0.581342,0.12763,-0.754795,-12.034479,130.356339,4.036838,0.176889,-0.026561,-0.369466,-0.911866,-4.849778,117.705627,-15.85829,0.220294,0.167424,-0.538978,-0.795577,13.295428,134.321487,-20.338503,-0.056537,0.913343,0.15837,0.370847,-4.85251,128.797119,27.20437,0.389598,0.88149,0.203743,-0.172273,7.151191,128.56012,38.820091,-0.000975,0.305756,0.523465,-0.795297,22.853092,113.361427,27.421581,0.063048,0.115417,0.586865,-0.798933,15.952206,135.059982,14.783155,0.001038,0.852077,0.24711,0.461411,-7.239855,84.792564,11.248069,0.149717,0.947055,-0.054264,0.278796,0.922233,53.125538,-3.977091,0.013617,0.940002,0.001912,0.340892,-13.79598,8.606729,-3.071915,-0.118437,0.833479,0.059604,0.536408,1.786338,85.33728,28.378874,0.045045,0.824516,-0.184395,0.533051,11.214746,50.533081,29.378187,-0.029821,0.822384,0.024709,0.567614,-1.488149,7.015151,41.38633,0.013617,0.940002,0.001912,0.340892,-4.637366,2.230903,-14.304522,-0.029821,0.822384,0.024709,0.567614,12.539241,1.820739,36.194683
415,3.458333,-0.042617,0.855013,0.043227,0.515041,-2.736125,85.057968,19.820137,-0.011492,0.848856,0.075819,0.523032,-3.668553,92.941521,20.058559,0.008109,0.848993,0.035736,0.527132,-5.556927,111.82692,22.288675,0.162397,0.912674,-0.086952,0.364818,-6.099039,134.442734,23.858551,0.10552,0.963889,-0.193071,0.150024,0.538813,147.899384,21.862482,-0.057898,0.771725,0.127905,0.620265,-8.308264,129.188278,20.2808,0.27603,-0.581155,0.127562,-0.754847,-12.047561,130.3461,4.040506,0.17698,-0.026514,-0.36979,-0.911718,-4.85128,117.692017,-15.848291,0.220192,0.167535,-0.539566,-0.795183,13.282369,134.32048,-20.330784,-0.056811,0.913368,0.158462,0.370704,-4.868217,128.789825,27.209064,0.389402,0.881466,0.204491,-0.171951,7.137972,128.560852,38.822376,-0.000817,0.305456,0.523283,-0.795532,22.852867,113.374207,27.425692,0.06298,0.11549,0.586621,-0.799107,15.933598,135.065811,14.793581,0.00093,0.852027,0.247328,0.461387,-7.247938,84.783394,11.254128,0.149805,0.947034,-0.054321,0.27881,0.927646,53.12413,-3.979944,0.013654,0.939976,0.001999,0.340961,-13.799631,8.608371,-3.072293,-0.118096,0.833561,0.059465,0.536371,1.775689,85.332542,28.386147,0.045308,0.824501,-0.184064,0.533165,11.178747,50.521324,29.37994,-0.030166,0.821709,0.025294,0.568546,-1.529814,6.994167,41.348583,0.013654,0.939976,0.001999,0.340961,-4.639424,2.234536,-14.304729,-0.030166,0.821709,0.025294,0.568546,12.515741,1.820381,36.185528
416,3.466667,-0.042811,0.85493,0.043326,0.515155,-2.742071,85.051247,19.827608,-0.011521,0.848815,0.075796,0.523102,-3.677971,92.934402,20.065657,0.007962,0.848951,0.035822,0.527196,-5.566979,111.819389,22.294212,0.16203,0.912727,-0.086846,0.364874,-6.116949,134.435028,23.863829,0.105335,0.963876,-0.193212,0.150056,0.510551,147.896652,21.866852,-0.05804,0.771549,0.128034,0.620445,-8.323821,129.17981,20.285753,0.275939,-0.581065,0.127766,-0.754915,-12.05514,130.337753,4.043633,0.176915,-0.026439,-0.37002,-0.91164,-4.856284,117.679489,-15.841566,0.220283,0.167598,-0.540221,-0.7947,13.26963,134.318237,-20.321537,-0.057024,0.913359,0.158649,0.370613,-4.884777,128.782547,27.214586,0.388855,0.881735,0.204569,-0.171717,7.122877,128.558212,38.826477,-0.000829,0.305391,0.522795,-0.795877,22.862743,113.388527,27.441692,0.063104,0.115459,0.586258,-0.799368,15.914622,135.070221,14.806684,0.000995,0.852044,0.247394,0.46132,-7.2513,84.774612,11.260303,0.149593,0.94709,-0.05437,0.278723,0.921318,53.117741,-3.980329,0.013554,0.940113,0.002446,0.340586,-13.788761,8.596519,-3.061343,-0.118171,0.83341,0.059733,0.536559,1.767157,85.327873,28.394911,0.045277,0.824382,-0.184101,0.53334,11.1846,50.520237,29.377768,-0.030335,0.821701,0.025307,0.568548,-1.525906,6.994102,41.348064,0.013554,0.940113,0.002446,0.340586,-4.634216,2.236028,-14.305957,-0.030335,0.821701,0.025307,0.568548,12.521286,1.823563,36.186199
417,3.475,-0.042995,0.8549,0.043377,0.515185,-2.746033,85.043129,19.833788,-0.011433,0.84878,0.07586,0.523151,-3.684838,92.925964,20.070984,0.007709,0.848902,0.035858,0.527276,-5.572259,111.809174,22.303083,0.161682,0.912744,-0.086747,0.365011,-6.132953,134.424881,23.867973,0.105078,0.963856,-0.193335,0.150204,0.485056,147.891144,21.870834,-0.058124,0.771505,0.128196,0.620458,-8.336666,129.167908,20.290514,0.276462,-0.581026,0.127405,-0.754814,-12.067119,130.327179,4.048288,0.177166,-0.026319,-0.370224,-0.911512,-4.861494,117.668495,-15.834194,0.220267,0.167632,-0.540271,-0.794663,13.254606,134.312515,-20.314356,-0.056856,0.913294,0.158571,0.370831,-4.898877,128.773651,27.220139,0.38838,0.881772,0.205522,-0.171466,7.103993,128.5439,38.836868,-0.000952,0.305178,0.5224,-0.796218,22.866293,113.399658,27.449232,0.063015,0.116209,0.585503,-0.799819,15.890792,135.073502,14.822536,0.001006,0.851971,0.247513,0.461391,-7.254354,84.764015,11.266088,0.149608,0.94719,-0.054353,0.278377,0.922801,53.111385,-3.980916,0.013427,0.940138,0.002672,0.34052,-13.787748,8.590406,-3.058416,-0.118272,0.833341,0.059886,0.536627,1.762288,85.32225,28.401487,0.045328,0.824353,-0.184126,0.533371,11.191473,50.517666,29.379984,-0.030862,0.821807,0.024815,0.568389,-1.524637,6.99282,41.349022,0.013427,0.940138,0.002672,0.34052,-4.632196,2.237339,-14.306402,-0.030862,0.821807,0.024815,0.568389,12.522453,1.819245,36.189941
418,3.483333,-0.043173,0.854864,0.043369,0.515231,-2.750144,85.033752,19.840372,-0.011512,0.848727,0.075985,0.523218,-3.691314,92.916351,20.075951,0.007639,0.848849,0.035857,0.527363,-5.583783,111.796997,22.310139,0.161757,0.912676,-0.086769,0.365141,-6.147308,134.41275,23.873285,0.104587,0.96388,-0.193447,0.150254,0.473325,147.87793,21.877571,-0.058192,0.771469,0.128295,0.620475,-8.349696,129.155289,20.295748,0.276711,-0.580934,0.127288,-0.754814,-12.079158,130.315002,4.053335,0.177326,-0.02623,-0.370519,-0.911363,-4.866795,117.654823,-15.825741,0.220406,0.167764,-0.540667,-0.794327,13.237625,134.30928,-20.306992,-0.057013,0.913278,0.158595,0.370838,-4.913302,128.761917,27.226114,0.388119,0.881974,0.205208,-0.171393,7.088807,128.536575,38.843708,-0.000678,0.305092,0.522234,-0.796361,22.862329,113.396408,27.466196,0.063259,0.115219,0.585699,-0.7998,15.875647,135.060944,14.834501,0.000906,0.851993,0.247731,0.461233,-7.257243,84.751686,11.272128,0.149691,0.947156,-0.054417,0.278438,0.930484,53.106808,-3.985295,0.013398,0.940116,0.002741,0.34058,-13.788983,8.588823,-3.060338,-0.118827,0.833372,0.060243,0.536416,1.756955,85.315819,28.408617,0.045187,0.824505,-0.184474,0.533028,11.23265,50.523811,29.385164,-0.029698,0.82243,0.02523,0.56753,-1.484657,7.009778,41.392193,0.013398,0.940116,0.002741,0.34058,-4.631332,2.237907,-14.307827,-0.029698,0.82243,0.02523,0.56753,12.54358,1.826003,36.192207
419,3.491667,-0.042901,0.854896,0.043262,0.51521,-2.7652,85.027664,19.84062,-0.011517,0.848711,0.0762,0.523212,-3.701812,92.910782,20.077007,0.007435,0.848834,0.035987,0.527382,-5.597968,111.782661,22.317133,0.161315,0.912746,-0.087117,0.365079,-6.172502,134.398132,23.880356,0.104704,0.96388,-0.193317,0.150339,0.439831,147.865173,21.869827,-0.058258,0.771296,0.12849,0.620644,-8.372121,129.139633,20.302649,0.277067,-0.580812,0.127054,-0.754817,-12.094313,130.30275,4.058808,0.177532,-0.026127,-0.370847,-0.911193,-4.872013,117.642746,-15.816782,0.220429,0.167953,-0.541346,-0.793818,13.220901,134.310013,-20.299963,-0.057229,0.913306,0.158594,0.370737,-4.935988,128.747864,27.233236,0.388128,0.88203,0.205014,-0.171317,7.067798,128.529709,38.849239,-0.000794,0.30527,0.522174,-0.796332,22.842266,113.385689,27.478186,0.063117,0.115154,0.58524,-0.800157,15.857569,135.050018,14.842005,0.000623,0.851968,0.247949,0.461163,-7.273179,84.748985,11.272728,0.149715,0.947134,-0.054463,0.278491,0.937972,53.111874,-3.988218,0.013545,0.94014,0.0025,0.340511,-13.784779,8.595032,-3.060656,-0.118569,0.833262,0.06008,0.536662,1.742779,85.306343,28.408512,0.045496,0.824454,-0.184081,0.533216,11.196754,50.508507,29.387478,-0.030157,0.821698,0.025713,0.568544,-1.527889,6.983545,41.347015,0.013545,0.94014,0.0025,0.340511,-4.631647,2.23614,-14.307322,-0.030157,0.821698,0.025713,0.568544,12.519974,1.819856,36.180134
420,3.5,-0.042881,0.854875,0.043186,0.515253,-2.771307,85.017075,19.846165,-0.01167,0.848685,0.076375,0.523225,-3.707036,92.900322,20.081627,0.00736,0.848825,0.03598,0.527396,-5.611642,111.770798,22.324223,0.160981,0.912811,-0.087071,0.365075,-6.188906,134.386337,23.885408,0.104699,0.963863,-0.193395,0.15035,0.414282,147.857483,21.872244,-0.058311,0.771281,0.128626,0.620629,-8.387764,129.127258,20.308083,0.277225,-0.580673,0.127061,-0.754864,-12.110358,130.291779,4.064435,0.177571,-0.026138,-0.371117,-0.911075,-4.880203,117.628571,-15.806253,0.220496,0.167855,-0.541593,-0.793652,13.203727,134.306778,-20.293146,-0.057266,0.913265,0.158518,0.370864,-4.951857,128.736526,27.23884,0.389616,0.880006,0.212704,-0.168952,7.048649,128.519699,38.858253,0.002158,0.302868,0.523752,-0.79621,22.805714,113.389969,27.444136,0.062984,0.115199,0.584751,-0.800518,15.841511,135.036819,14.848196,0.000348,0.851953,0.248289,0.461008,-7.27846,84.738007,11.277851,0.150097,0.947064,-0.054506,0.278513,0.958081,53.113068,-3.994622,0.013707,0.939962,0.002102,0.340998,-13.798883,8.607411,-3.073842,-0.119229,0.833314,0.06049,0.536389,1.735845,85.296143,28.414478,0.04539,0.824746,-0.184547,0.532612,11.244679,50.513203,29.391783,-0.028877,0.822461,0.025646,0.567509,-1.485813,7.003438,41.400288,0.013707,0.939962,0.002102,0.340998,-4.637942,2.235864,-14.306976,-0.028877,0.822461,0.025646,0.567509,12.537161,1.815727,36.190052
421,3.508333,-0.042962,0.854838,0.043141,0.51531,-2.775681,85.01033,19.855289,-0.01165,0.848558,0.07625,0.523449,-3.712158,92.893532,20.089411,0.007212,0.848645,0.036151,0.527676,-5.613492,111.757622,22.327068,0.160776,0.91278,-0.087226,0.365206,-6.201082,134.372711,23.891085,0.104323,0.963924,-0.193266,0.150384,0.398774,147.844696,21.872604,-0.058288,0.77153,0.128755,0.620295,-8.395359,129.113235,20.311522,0.277219,-0.580478,0.127103,-0.75501,-12.131892,130.279129,4.071173,0.17756,-0.026147,-0.371329,-0.910991,-4.891054,117.616295,-15.795866,0.220584,0.167803,-0.541815,-0.793487,13.186205,134.303604,-20.285032,-0.057399,0.913191,0.158611,0.370985,-4.963993,128.722916,27.244551,0.387756,0.882455,0.203641,-0.171608,7.032998,128.508224,38.867634,-0.001393,0.305977,0.521631,-0.796415,22.816771,113.363579,27.510334,0.062919,0.115398,0.58416,-0.800926,15.82305,135.02356,14.85606,0.000253,0.851962,0.248459,0.4609,-7.281548,84.729546,11.286355,0.15015,0.947088,-0.054497,0.278404,0.964544,53.110672,-3.993525,0.013808,0.939975,0.002105,0.340958,-13.796705,8.606422,-3.073282,-0.119412,0.833338,0.060586,0.5363,1.730185,85.291115,28.424225,0.045522,0.824717,-0.184513,0.532659,11.253531,50.512157,29.401905,-0.029552,0.82257,0.025341,0.56733,-1.486144,7.002333,41.400463,0.013808,0.939975,0.002105,0.340958,-4.637889,2.234024,-14.307666,-0.029552,0.82257,0.025341,0.56733,12.538904,1.818696,36.191757
422,3.516667,-0.043164,0.854832,0.043377,0.515284,-2.771158,85.005989,19.858999,-0.011834,0.848563,0.076411,0.523414,-3.71229,92.888596,20.09469,0.007126,0.848661,0.036278,0.527644,-5.622587,111.750504,22.333796,0.160704,0.912798,-0.087108,0.365221,-6.21645,134.365234,23.900656,0.104113,0.963892,-0.19358,0.150329,0.380441,147.83905,21.884624,-0.058234,0.771616,0.128816,0.62018,-8.409471,129.105576,20.320576,0.277432,-0.580375,0.127051,-0.75502,-12.15099,130.273453,4.081513,0.177666,-0.026213,-0.371494,-0.9109,-4.903612,117.607788,-15.781337,0.22056,0.167816,-0.541952,-0.793397,13.167164,134.300095,-20.27677,-0.057449,0.913147,0.158513,0.371128,-4.977558,128.715378,27.253342,0.387748,0.882475,0.20355,-0.171632,7.015709,128.502579,38.880306,-0.001473,0.306261,0.521564,-0.79635,22.799368,113.357353,27.523607,0.06288,0.115649,0.58337,-0.801468,15.810627,135.015305,14.860007,0.000388,0.851898,0.248536,0.460977,-7.277221,84.724205,11.290198,0.150141,0.947053,-0.054593,0.278511,0.964529,53.10812,-3.997798,0.013691,0.939974,0.002206,0.340964,-13.798395,8.604571,-3.070503,-0.119463,0.833203,0.060623,0.536495,1.734904,85.287781,28.427801,0.045614,0.824722,-0.184535,0.532635,11.262417,50.510014,29.407522,-0.02958,0.822574,0.02545,0.567318,-1.485133,7.001743,41.403347,0.013691,0.939974,0.002206,0.340964,-4.63757,2.23605,-14.30545,-0.02958,0.822574,0.02545,0.567318,12.540643,1.821235,36.193474
423,3.525,-0.043454,0.854811,0.043458,0.515287,-2.76755,85.005272,19.867954,-0.011975,0.848549,0.076489,0.523422,-3.713272,92.887367,20.102356,0.007022,0.848645,0.036435,0.52766,-5.62946,111.746124,22.340786,0.160691,0.912758,-0.087099,0.365328,-6.23111,134.360382,23.91119,0.103823,0.963848,-0.193884,0.150425,0.365742,147.834366,21.896168,-0.058278,0.771676,0.128872,0.620091,-8.422147,129.100555,20.330162,0.277636,-0.580346,0.127024,-0.754971,-12.167202,130.267944,4.091884,0.177801,-0.026205,-0.371701,-0.91079,-4.91787,117.598175,-15.767628,0.220746,0.167805,-0.542015,-0.793305,13.146194,134.29863,-20.267149,-0.057489,0.91307,0.158393,0.371363,-4.990472,128.710419,27.263048,0.387925,0.882235,0.204453,-0.171393,6.996796,128.498917,38.896214,-0.000972,0.306045,0.521751,-0.796311,22.777744,113.35585,27.532887,0.063086,0.115781,0.583222,-0.80154,15.793756,135.008087,14.867907,0.000399,0.851864,0.248655,0.460976,-7.273054,84.719513,11.298992,0.150243,0.947033,-0.054615,0.278519,0.971987,53.107689,-3.996038,0.013628,0.939929,0.002242,0.341091,-13.800377,8.607256,-3.069685,-0.119001,0.833141,0.060345,0.536725,1.737953,85.291031,28.436914,0.045897,0.824689,-0.184058,0.532826,11.227401,50.502895,29.417742,-0.030097,0.821875,0.025825,0.568286,-1.521338,6.980559,41.361172,0.013628,0.939929,0.002242,0.341091,-4.635631,2.240272,-14.302301,-0.030097,0.821875,0.025825,0.568286,12.52341,1.818512,36.184196
424,3.533333,-0.043552,0.854822,0.043676,0.515243,-2.762805,85.003021,19.86998,-0.01219,0.848544,0.076659,0.5234,-3.711615,92.884674,20.106579,0.007032,0.848649,0.036585,0.527642,-5.638041,111.741959,22.346197,0.160669,0.912732,-0.087056,0.365413,-6.242894,134.355728,23.922596,0.103507,0.963795,-0.194246,0.150511,0.353276,147.830276,21.909199,-0.058332,0.771789,0.128918,0.619935,-8.433294,129.096527,20.340252,0.277934,-0.580317,0.126884,-0.754907,-12.18459,130.262573,4.103318,0.178015,-0.026211,-0.371865,-0.910681,-4.931815,117.590286,-15.753323,0.220896,0.167754,-0.542178,-0.793162,13.125606,134.295349,-20.258284,-0.057665,0.913001,0.158281,0.371552,-5.001329,128.705048,27.272919,0.388081,0.88221,0.204197,-0.171472,6.980578,128.499191,38.911709,-0.0007,0.306079,0.521824,-0.796251,22.75421,113.348427,27.548483,0.063433,0.115621,0.583074,-0.801643,15.775114,134.998184,14.875319,0.000376,0.851801,0.2487,0.461068,-7.269028,84.717773,11.30138,0.150342,0.947044,-0.054623,0.278427,0.980581,53.107559,-3.994515,0.013635,0.939939,0.002191,0.341062,-13.800426,8.609992,-3.068684,-0.119496,0.833041,0.060653,0.536735,1.743418,85.288277,28.43858,0.045682,0.824561,-0.184493,0.532893,11.273767,50.51136,29.420597,-0.029724,0.822596,0.025455,0.567278,-1.480721,7.002234,41.405922,0.013635,0.939939,0.002191,0.341062,-4.636692,2.241559,-14.301306,-0.029724,0.822596,0.025455,0.567278,12.545869,1.824308,36.19569
425,3.541667,-0.043671,0.85481,0.043673,0.515253,-2.758463,85.00177,19.874754,-0.012343,0.848533,0.076879,0.523383,-3.708865,92.883263,20.110323,0.006838,0.848651,0.03668,0.527636,-5.644506,111.738358,22.353878,0.160574,0.91275,-0.087031,0.365416,-6.259086,134.351929,23.9293,0.103482,0.963777,-0.194378,0.150477,0.334386,147.827744,21.915499,-0.058276,0.771849,0.128973,0.619853,-8.44721,129.091644,20.347172,0.278393,-0.580298,0.126798,-0.754767,-12.202104,130.259827,4.11122,0.178246,-0.026191,-0.372056,-0.910559,-4.947183,117.578743,-15.739038,0.220967,0.167609,-0.542316,-0.793079,13.104216,134.291061,-20.249166,-0.057518,0.912926,0.158105,0.371834,-5.015107,128.701935,27.279871,0.387682,0.88283,0.201577,-0.17228,6.960358,128.492126,38.92522,-0.001403,0.306905,0.521344,-0.796246,22.735569,113.332771,27.575661,0.063632,0.115546,0.583432,-0.801378,15.752829,134.985931,14.88031,0.00044,0.851726,0.248703,0.461205,-7.264277,84.714539,11.306005,0.150362,0.947056,-0.054587,0.278383,0.983907,53.104424,-3.990863,0.013706,0.939959,0.002214,0.341006,-13.797924,8.607057,-3.068038,-0.119437,0.833035,0.060558,0.536769,1.747351,85.288994,28.443504,0.04579,0.824892,-0.184382,0.532409,11.270525,50.510216,29.429214,-0.029591,0.822629,0.025575,0.567232,-1.479807,6.998152,41.408302,0.013706,0.939959,0.002214,0.341006,-4.636257,2.238593,-14.302331,-0.029591,0.822629,0.025575,0.567232,12.545711,1.820895,36.194508
426,3.55,-0.043651,0.854821,0.043584,0.515244,-2.758265,84.998772,19.878643,-0.012599,0.848535,0.077161,0.523331,-3.707662,92.880417,20.113192,0.006825,0.848684,0.036731,0.527579,-5.657202,111.734581,22.360916,0.16028,0.912816,-0.087117,0.36536,-6.273385,134.347992,23.938026,0.10354,0.963744,-0.194488,0.150507,0.313087,147.826309,21.918123,-0.058364,0.771857,0.128999,0.619831,-8.461557,129.087784,20.355814,0.278596,-0.58029,0.126789,-0.7547,-12.217034,130.254105,4.119865,0.178383,-0.02618,-0.372225,-0.910463,-4.961552,117.568062,-15.727015,0.221197,0.167399,-0.542508,-0.792928,13.084057,134.286667,-20.240711,-0.057491,0.912879,0.158127,0.371944,-5.028515,128.697861,27.288034,0.387983,0.882667,0.201668,-0.172333,6.944318,128.486313,38.936054,-0.000908,0.306566,0.521585,-0.79622,22.707092,113.318237,27.580849,0.063948,0.115221,0.584258,-0.800798,15.726937,134.971802,14.887087,0.000464,0.851651,0.248683,0.461353,-7.264296,84.710983,11.310028,0.150328,0.947108,-0.054474,0.278244,0.984415,53.10017,-3.985127,0.013614,0.940017,0.002219,0.340849,-13.791484,8.600694,-3.069202,-0.119509,0.833189,0.060472,0.536524,1.747765,85.28656,28.447258,0.045938,0.825071,-0.184351,0.532129,11.272204,50.508274,29.438168,-0.029499,0.82268,0.025512,0.567166,-1.483961,6.996426,41.411835,0.013614,0.940017,0.002219,0.340849,-4.632417,2.233326,-14.306232,-0.029499,0.82268,0.025512,0.567166,12.539524,1.816007,36.195721
427,3.558333,-0.043679,0.854818,0.043544,0.51525,-2.756689,84.997528,19.881773,-0.012775,0.848542,0.07745,0.523273,-3.706145,92.879189,20.11553,0.006769,0.848724,0.036734,0.527516,-5.666911,111.730637,22.369047,0.160061,0.912892,-0.086954,0.365306,-6.285203,134.34407,23.944988,0.103588,0.963717,-0.194653,0.150429,0.293808,147.826248,21.926411,-0.058421,0.771906,0.129158,0.619731,-8.473351,129.083435,20.363384,0.278342,-0.580268,0.127118,-0.754755,-12.232744,130.251068,4.128435,0.178243,-0.026243,-0.372301,-0.910457,-4.980102,117.560028,-15.716286,0.221377,0.167214,-0.542707,-0.792781,13.064502,134.283478,-20.231445,-0.057492,0.912827,0.158056,0.372101,-5.039264,128.694244,27.29513,0.388215,0.882613,0.201286,-0.17253,6.929663,128.482681,38.94717,-0.000859,0.30659,0.52167,-0.796155,22.68022,113.30426,27.58884,0.0639,0.115197,0.584523,-0.800612,15.705255,134.959381,14.893463,0.00047,0.851512,0.248604,0.461652,-7.262552,84.70887,11.313096,0.15033,0.94717,-0.054348,0.278058,0.988569,53.095234,-3.974908,0.013833,0.94007,0.00231,0.340694,-13.784152,8.594534,-3.067314,-0.119517,0.83336,0.060361,0.536268,1.749174,85.286186,28.450451,0.045972,0.825159,-0.184285,0.532014,11.270137,50.507069,29.445385,-0.028379,0.822628,0.02592,0.56728,-1.483768,6.99324,41.414242,0.013833,0.94007,0.00231,0.340694,-4.630963,2.227629,-14.309395,-0.028379,0.822628,0.02592,0.56728,12.533401,1.803613,36.190311
428,3.566667,-0.043763,0.854828,0.043544,0.515226,-2.75102,85.001152,19.883165,-0.012984,0.848486,0.077823,0.523303,-3.701612,92.882698,20.116262,0.006694,0.848679,0.0368,0.527584,-5.676715,111.732147,22.377577,0.159822,0.912929,-0.086948,0.365318,-6.299605,134.345413,23.954184,0.103672,0.963695,-0.194719,0.150428,0.273161,147.830246,21.933151,-0.058434,0.771959,0.129194,0.619656,-8.48614,129.084473,20.37203,0.278342,-0.580267,0.127266,-0.754731,-12.248574,130.25209,4.137784,0.178239,-0.026314,-0.372363,-0.910431,-4.997729,117.555687,-15.704164,0.221415,0.16713,-0.542874,-0.792673,13.045078,134.281509,-20.223209,-0.057544,0.912809,0.158144,0.372101,-5.05315,128.695709,27.304342,0.388388,0.882505,0.201499,-0.17245,6.91558,128.484589,38.956589,-0.00068,0.306508,0.52176,-0.796127,22.6609,113.301743,27.596899,0.06393,0.115251,0.58445,-0.800655,15.688857,134.955093,14.901599,0.000503,0.851501,0.248454,0.461755,-7.257217,84.711075,11.314713,0.150359,0.947158,-0.054251,0.278102,0.988716,53.092049,-3.964945,0.01381,0.940063,0.002376,0.340712,-13.784061,8.591166,-3.067368,-0.119445,0.833356,0.060266,0.536301,1.755177,85.291229,28.451616,0.045962,0.825132,-0.184238,0.532072,11.268261,50.510048,29.449766,-0.028198,0.822629,0.025998,0.567284,-1.483393,6.99451,41.41481,0.01381,0.940063,0.002376,0.340712,-4.629877,2.226269,-14.309776,-0.028198,0.822629,0.025998,0.567284,12.532648,1.803692,36.189034
429,3.575,-0.044014,0.854802,0.043695,0.515235,-2.740061,85.007599,19.891048,-0.013276,0.848469,0.077939,0.523307,-3.69528,92.88858,20.124119,0.006583,0.848673,0.036888,0.52759,-5.681918,111.735107,22.383053,0.159327,0.913066,-0.086517,0.365295,-6.311169,134.348145,23.960396,0.104066,0.963597,-0.195061,0.150343,0.244434,147.842163,21.944923,-0.058452,0.772045,0.129404,0.619504,-8.49614,129.086716,20.37801,0.278555,-0.580256,0.127282,-0.754658,-12.26481,130.25737,4.14543,0.178366,-0.026336,-0.372422,-0.910381,-5.01356,117.554871,-15.692464,0.221411,0.1671,-0.54303,-0.792574,13.02643,134.281555,-20.215206,-0.057523,0.912743,0.158043,0.372308,-5.063222,128.698685,27.310402,0.3885,0.882378,0.201936,-0.172334,6.900439,128.486984,38.967842,-0.000541,0.30642,0.521823,-0.79612,22.643404,113.30423,27.604771,0.063825,0.11544,0.584363,-0.8007,15.67275,134.955246,14.910918,0.000628,0.851462,0.248403,0.461853,-7.245657,84.714905,11.322368,0.150404,0.947147,-0.054223,0.278121,0.992692,53.094078,-3.957654,0.013911,0.94006,0.002399,0.340717,-13.783309,8.594179,-3.064101,-0.11932,0.833339,0.0602,0.536363,1.765534,85.300293,28.459728,0.046002,0.825184,-0.184179,0.532008,11.268679,50.51638,29.457642,-0.028483,0.822669,0.025784,0.567221,-1.482272,6.999147,41.417294,0.013911,0.94006,0.002399,0.340717,-4.630095,2.228952,-14.307115,-0.028483,0.822669,0.025784,0.567221,12.534316,1.807943,36.193359
430,3.583333,-0.044173,0.854785,0.043763,0.515244,-2.734701,85.016434,19.894968,-0.013621,0.848486,0.078102,0.523246,-3.692636,92.897102,20.127644,0.006619,0.848722,0.037052,0.527498,-5.693445,111.741196,22.384933,0.159215,0.913126,-0.086447,0.36521,-6.325111,134.353668,23.969522,0.104077,0.9636,-0.195057,0.150321,0.226604,147.849548,21.953886,-0.058528,0.772015,0.129436,0.619527,-8.510185,129.093094,20.385935,0.278628,-0.580324,0.127406,-0.754559,-12.277624,130.262619,4.152991,0.178312,-0.026441,-0.372519,-0.910349,-5.031785,117.553154,-15.682409,0.22125,0.167198,-0.543038,-0.792592,13.003504,134.282028,-20.209543,-0.057798,0.912655,0.158561,0.372261,-5.075786,128.703293,27.317488,0.388407,0.882552,0.201203,-0.172506,6.887981,128.493576,38.97485,-0.00097,0.306771,0.521659,-0.796092,22.631571,113.307022,27.617758,0.063779,0.115618,0.583706,-0.801157,15.66218,134.96048,14.919623,0.00064,0.851405,0.248297,0.462016,-7.23985,84.721802,11.326121,0.150507,0.947111,-0.054165,0.278198,0.997125,53.09716,-3.946734,0.013815,0.940058,0.002301,0.340726,-13.786414,8.599586,-3.062322,-0.119149,0.833217,0.060193,0.536591,1.770447,85.311066,28.463814,0.045912,0.825007,-0.184092,0.532321,11.263024,50.524162,29.457989,-0.029385,0.822694,0.025325,0.567159,-1.481276,7.003155,41.410957,0.013815,0.940058,0.002301,0.340726,-4.632294,2.23259,-14.303592,-0.029385,0.822694,0.025325,0.567159,12.540009,1.816178,36.195454
431,3.591667,-0.044258,0.854757,0.043816,0.515279,-2.728425,85.021317,19.898497,-0.01381,0.848481,0.078255,0.523226,-3.687941,92.901787,20.131145,0.006512,0.848737,0.037163,0.527468,-5.697679,111.743317,22.389427,0.159065,0.913186,-0.086325,0.365153,-6.336056,134.355469,23.975733,0.104087,0.963623,-0.194982,0.150261,0.210349,147.854095,21.961119,-0.058525,0.77211,0.129441,0.619407,-8.519756,129.094513,20.391882,0.278763,-0.580332,0.12744,-0.754497,-12.292155,130.263535,4.160051,0.178303,-0.026496,-0.372707,-0.910272,-5.047202,117.549202,-15.672565,0.221282,0.167109,-0.542941,-0.792669,12.979595,134.283524,-20.203255,-0.057852,0.912623,0.158603,0.372313,-5.084835,128.705246,27.323208,0.388641,0.882306,0.202021,-0.172285,6.877424,128.496307,38.98214,-0.000466,0.306134,0.521925,-0.796164,22.615835,113.309074,27.618778,0.064063,0.115124,0.584011,-0.800983,15.64228,134.962082,14.935359,0.000654,0.851339,0.248113,0.462236,-7.232723,84.725861,11.32923,0.150601,0.947103,-0.054017,0.278205,1.001167,53.094612,-3.931616,0.01386,0.940023,0.002355,0.34082,-13.786777,8.59819,-3.062877,-0.119147,0.83339,0.060077,0.536335,1.775873,85.316772,28.467762,0.04599,0.825068,-0.184017,0.532246,11.264208,50.528824,29.465919,-0.029414,0.822699,0.025187,0.567157,-1.481318,7.005873,41.410534,0.01386,0.940023,0.002355,0.34082,-4.63071,2.232195,-14.303125,-0.029414,0.822699,0.025187,0.567157,12.539411,1.816012,36.196404
432,3.6,-0.044156,0.854755,0.043838,0.515288,-2.725791,85.02092,19.900522,-0.013944,0.848451,0.078501,0.523233,-3.684118,92.901512,20.134302,0.006311,0.84872,0.037149,0.527498,-5.703576,111.745705,22.398293,0.158891,0.913227,-0.086122,0.365175,-6.349394,134.358032,23.979231,0.104123,0.963629,-0.194961,0.150228,0.190592,147.860291,21.968208,-0.058426,0.772164,0.129402,0.619357,-8.531096,129.09552,20.396435,0.279014,-0.580375,0.127444,-0.75437,-12.305936,130.265945,4.165274,0.178299,-0.026593,-0.37289,-0.910195,-5.063523,117.544487,-15.663692,0.221187,0.166955,-0.542833,-0.792802,12.954932,134.283691,-20.199938,-0.057737,0.912567,0.158559,0.372487,-5.096624,128.708984,27.32814,0.388592,0.882306,0.202033,-0.172379,6.861749,128.496078,38.990982,-0.000554,0.30613,0.521939,-0.796156,22.600428,113.311958,27.623787,0.063916,0.114794,0.583763,-0.801223,15.627384,134.96701,14.942896,0.000619,0.851346,0.247916,0.462327,-7.230085,84.727386,11.331188,0.150576,0.947112,-0.053854,0.278219,1.001071,53.089119,-3.916562,0.013802,0.940089,0.002377,0.340642,-13.780623,8.590353,-3.06183,-0.119151,0.833548,0.059995,0.536099,1.778502,85.314461,28.469858,0.04605,0.82529,-0.18396,0.531916,11.264226,50.525867,29.4704,-0.028258,0.822609,0.025676,0.567324,-1.478311,7.00146,41.412872,0.013802,0.940089,0.002377,0.340642,-4.62801,2.225579,-14.305586,-0.028258,0.822609,0.025676,0.567324,12.536916,1.803784,36.191742
433,3.608333,-0.044104,0.854748,0.043683,0.515318,-2.723709,85.022011,19.906742,-0.013903,0.848447,0.078615,0.523225,-3.680073,92.902885,20.138815,0.006106,0.84872,0.037156,0.527501,-5.700133,111.743561,22.40695,0.158725,0.913266,-0.085881,0.365207,-6.354006,134.355972,23.983267,0.103942,0.963657,-0.194929,0.150214,0.179404,147.862122,21.977013,-0.058267,0.772489,0.129253,0.618999,-8.533767,129.091949,20.401497,0.27957,-0.580383,0.127008,-0.754232,-12.32408,130.261215,4.173859,0.178455,-0.026673,-0.37312,-0.910068,-5.076637,117.540848,-15.653974,0.221037,0.166689,-0.542781,-0.792935,12.930131,134.284561,-20.197943,-0.057884,0.912473,0.158437,0.372746,-5.099303,128.708054,27.333351,0.388593,0.882268,0.202021,-0.172589,6.852058,128.499603,39.00346,-0.000577,0.306053,0.521971,-0.796165,22.587135,113.318184,27.627701,0.063821,0.114537,0.583688,-0.801322,15.613401,134.975021,14.950564,0.000621,0.851351,0.247797,0.462384,-7.227495,84.727821,11.337163,0.150561,0.947134,-0.053706,0.278181,1.000535,53.085266,-3.903405,0.013663,0.940156,0.002411,0.340463,-13.776045,8.584571,-3.060812,-0.119075,0.833773,0.059914,0.535775,1.780076,85.3162,28.476322,0.046092,0.825582,-0.183899,0.53148,11.258639,50.525604,29.475044,-0.026889,0.822611,0.026241,0.567362,-1.477921,6.999478,41.417648,0.013663,0.940156,0.002411,0.340463,-4.62589,2.222127,-14.307886,-0.026889,0.822611,0.026241,0.567362,12.52869,1.792194,36.182976
434,3.616667,-0.044008,0.854733,0.043692,0.515351,-2.721183,85.025299,19.909227,-0.013899,0.848456,0.078679,0.523201,-3.676324,92.906296,20.142178,0.006072,0.848741,0.03723,0.527462,-5.697536,111.747169,22.412584,0.15857,0.913383,-0.084881,0.365217,-6.354411,134.359344,23.990961,0.103619,0.963653,-0.195361,0.149902,0.165233,147.875824,22.009556,-0.058384,0.772655,0.129291,0.618772,-8.533745,129.095352,20.408907,0.279839,-0.580534,0.126826,-0.754046,-12.332955,130.261063,4.183093,0.178471,-0.026743,-0.373326,-0.909978,-5.091858,117.538834,-15.645864,0.220991,0.166512,-0.542908,-0.792898,12.906914,134.289474,-20.195023,-0.058211,0.912382,0.158526,0.372881,-5.098642,128.711304,27.340439,0.388915,0.881922,0.202954,-0.172536,6.848102,128.510818,39.015419,-0.000194,0.305563,0.522246,-0.796173,22.571733,113.329445,27.623785,0.063723,0.114297,0.583527,-0.801481,15.598581,134.987946,14.958707,0.000676,0.851294,0.247621,0.462581,-7.224481,84.732834,11.339333,0.150531,0.947146,-0.053566,0.278183,0.997856,53.084015,-3.891264,0.013883,0.940167,0.002458,0.340422,-13.772583,8.581063,-3.06028,-0.119095,0.833958,0.059807,0.535494,1.782114,85.317764,28.479122,0.046184,0.825716,-0.183807,0.531295,11.258118,50.526585,29.481792,-0.02818,0.822724,0.025566,0.567167,-1.478377,6.998074,41.415775,0.013883,0.940167,0.002458,0.340422,-4.625779,2.217836,-14.309637,-0.02818,0.822724,0.025566,0.567167,12.533517,1.796308,36.189766
435,3.625,-0.044032,0.854732,0.043775,0.515343,-2.714764,85.029869,19.912512,-0.013962,0.84845,0.078738,0.5232,-3.670908,92.910721,20.146391,0.00594,0.848731,0.037388,0.527469,-5.695465,111.752304,22.417557,0.158467,0.913449,-0.084733,0.36513,-6.361232,134.364029,23.998806,0.103462,0.963741,-0.195136,0.149737,0.153986,147.882935,22.019396,-0.058409,0.772811,0.129231,0.618588,-8.53839,129.09964,20.416006,0.280511,-0.580687,0.126366,-0.753756,-12.345141,130.262405,4.191744,0.178777,-0.026756,-0.373559,-0.909822,-5.107061,117.537712,-15.636745,0.2209,0.166475,-0.543276,-0.792679,12.883672,134.296173,-20.194248,-0.058347,0.912342,0.158557,0.372944,-5.103365,128.716049,27.347603,0.388793,0.881892,0.203238,-0.172627,6.841284,128.518906,39.024784,-0.000356,0.305587,0.522197,-0.796195,22.568045,113.34671,27.625227,0.0635,0.114262,0.582831,-0.80201,15.593161,135.005981,14.963451,0.000677,0.851279,0.2475,0.462674,-7.218176,84.737816,11.342662,0.150596,0.94712,-0.053489,0.278253,1.001747,53.08469,-3.880296,0.013886,0.940179,0.00242,0.340388,-13.772398,8.582783,-3.058986,-0.119018,0.833986,0.059737,0.535475,1.788649,85.321922,28.482363,0.046236,0.825802,-0.183808,0.531158,11.25748,50.52882,29.486012,-0.028262,0.822746,0.025423,0.567136,-1.481059,7.000795,41.419594,0.013886,0.940179,0.00242,0.340388,-4.626624,2.218503,-14.308593,-0.028262,0.822746,0.025423,0.567136,12.530372,1.796937,36.194412
436,3.633333,-0.044137,0.854721,0.043892,0.515341,-2.708323,85.035172,19.915335,-0.013923,0.848458,0.078763,0.523183,-3.666839,92.91571,20.149944,0.005809,0.848734,0.037529,0.527455,-5.690455,111.755981,22.422611,0.158318,0.913522,-0.084225,0.365129,-6.364598,134.367294,24.006168,0.103209,0.963782,-0.195158,0.149615,0.141761,147.892166,22.038523,-0.058414,0.773021,0.12927,0.618317,-8.539851,129.102463,20.422867,0.280718,-0.580769,0.12621,-0.753642,-12.357755,130.264297,4.201162,0.178739,-0.026955,-0.373744,-0.909748,-5.12244,117.539085,-15.627991,0.22065,0.166396,-0.543515,-0.792602,12.860778,134.302811,-20.195393,-0.058556,0.912338,0.158602,0.372901,-5.104586,128.719437,27.354372,0.388673,0.881852,0.203599,-0.172678,6.840289,128.528351,39.031418,-0.000316,0.30529,0.522115,-0.796363,22.570801,113.365761,27.624268,0.063458,0.11409,0.582637,-0.802179,15.582469,135.024078,14.971909,0.000755,0.851236,0.247422,0.462795,-7.211587,84.742561,11.345427,0.150639,0.94706,-0.053488,0.278433,1.003049,53.086651,-3.874588,0.01396,0.940141,0.002454,0.340492,-13.774985,8.585959,-3.057291,-0.118844,0.833898,0.059708,0.535655,1.794942,85.327774,28.485245,0.046149,0.825733,-0.183789,0.531278,11.252213,50.531441,29.485804,-0.028288,0.822747,0.025492,0.56713,-1.480407,7.001996,41.420486,0.01396,0.940141,0.002454,0.340492,-4.627468,2.221846,-14.305566,-0.028288,0.822747,0.025492,0.56713,12.531578,1.800263,36.194691
437,3.641667,-0.044236,0.854691,0.043966,0.515377,-2.701367,85.040901,19.920322,-0.013851,0.84844,0.078841,0.523204,-3.661837,92.921196,20.155071,0.005481,0.848705,0.037607,0.527499,-5.684482,111.75885,22.431364,0.158457,0.913431,-0.084349,0.365267,-6.373239,134.370071,24.010044,0.102767,0.963866,-0.194815,0.149831,0.138459,147.892303,22.041885,-0.05861,0.773022,0.129644,0.618219,-8.544665,129.103088,20.427572,0.28094,-0.580864,0.126011,-0.753519,-12.365858,130.267181,4.206806,0.178773,-0.026981,-0.373926,-0.909666,-5.133523,117.542419,-15.623724,0.220561,0.166355,-0.543902,-0.792369,12.841953,134.311783,-20.194246,-0.058702,0.912374,0.158761,0.372724,-5.110069,128.723724,27.359612,0.388289,0.881923,0.204113,-0.172573,6.838661,128.536087,39.032764,-0.000242,0.304989,0.521821,-0.796671,22.585669,113.392151,27.623621,0.063403,0.113943,0.582444,-0.802344,15.572778,135.042511,14.978543,0.000878,0.851156,0.247343,0.462984,-7.203757,84.747444,11.349986,0.150664,0.947032,-0.05345,0.27852,1.004085,53.088718,-3.867845,0.014046,0.940128,0.002438,0.340522,-13.775195,8.588353,-3.05599,-0.118747,0.833953,0.059609,0.535601,1.801023,85.334358,28.49066,0.046132,0.825687,-0.183707,0.53138,11.248857,50.535507,29.492781,-0.028463,0.822734,0.025465,0.567141,-1.47993,7.003108,41.420792,0.014046,0.940128,0.002438,0.340522,-4.628056,2.222967,-14.303853,-0.028463,0.822734,0.025465,0.567141,12.533623,1.803727,36.196857
438,3.65,-0.044503,0.854636,0.044038,0.51544,-2.687118,85.038719,19.923073,-0.013996,0.848449,0.079003,0.523161,-3.651812,92.918541,20.15653,0.00531,0.84874,0.037703,0.527438,-5.682823,111.760246,22.435873,0.158161,0.913515,-0.084135,0.365235,-6.380342,134.371216,24.014204,0.102706,0.963908,-0.194591,0.14989,0.121424,147.898514,22.048075,-0.058724,0.772997,0.129772,0.618213,-8.550135,129.103302,20.432108,0.280991,-0.580962,0.125907,-0.753442,-12.371137,130.267105,4.211274,0.178727,-0.027017,-0.374115,-0.909596,-5.143122,117.543877,-15.621817,0.22056,0.166272,-0.544362,-0.792071,12.824695,134.319794,-20.194609,-0.058883,0.912391,0.158919,0.372587,-5.114512,128.725449,27.363718,0.387905,0.882059,0.204144,-0.172705,6.83692,128.542145,39.034172,-0.000542,0.304873,0.52141,-0.796984,22.596363,113.413879,27.621386,0.063314,0.114509,0.582095,-0.802524,15.557058,135.061554,14.983606,0.000941,0.851272,0.247284,0.462801,-7.187791,84.741661,11.351959,0.150776,0.946997,-0.053464,0.278577,1.010917,53.080845,-3.866452,0.013852,0.940115,0.002529,0.340566,-13.778512,8.583799,-3.057234,-0.118534,0.834144,0.059244,0.535391,1.813556,85.335785,28.494184,0.046205,0.825653,-0.183304,0.531565,11.235205,50.530155,29.507404,-0.028513,0.822391,0.025922,0.567617,-1.482185,6.984499,41.39912,0.013852,0.940115,0.002529,0.340566,-4.627578,2.222761,-14.304468,-0.028513,0.822391,0.025922,0.567617,12.540457,1.797325,36.18745
439,3.658333,-0.044404,0.854635,0.043924,0.515459,-2.688402,85.039108,19.925837,-0.014019,0.848495,0.079017,0.523083,-3.650828,92.919228,20.15855,0.005183,0.8488,0.03786,0.527332,-5.682551,111.759758,22.437935,0.157724,0.913594,-0.084221,0.365207,-6.388486,134.370239,24.019341,0.102632,0.963942,-0.194234,0.150183,0.10265,147.901566,22.045721,-0.058827,0.772997,0.129829,0.61819,-8.557066,129.101974,20.437073,0.281071,-0.581038,0.125756,-0.753379,-12.378605,130.264206,4.216252,0.178751,-0.026979,-0.374346,-0.909497,-5.153047,117.543617,-15.619427,0.22075,0.166206,-0.54465,-0.791834,12.806705,134.328964,-20.192986,-0.059148,0.912451,0.159041,0.372345,-5.119681,128.724533,27.367834,0.387515,0.882227,0.204169,-0.172693,6.836726,128.549164,39.033318,-0.000612,0.304865,0.521014,-0.797246,22.611271,113.434731,27.623075,0.063123,0.114546,0.581873,-0.802695,15.549755,135.07579,14.982459,0.001029,0.851188,0.247202,0.463,-7.188866,84.742577,11.354592,0.150688,0.947027,-0.053363,0.278543,1.00527,53.078831,-3.860174,0.013693,0.940177,0.00253,0.340403,-13.773891,8.578264,-3.057008,-0.118552,0.834216,0.059371,0.535262,1.812062,85.33564,28.49708,0.046172,0.82586,-0.183556,0.53116,11.239759,50.53141,29.501905,-0.028304,0.822723,0.025585,0.567161,-1.481561,6.994149,41.420113,0.013693,0.940177,0.00253,0.340403,-4.624971,2.218822,-14.306784,-0.028304,0.822723,0.025585,0.567161,12.531489,1.794977,36.194626
440,3.666667,-0.044294,0.854644,0.043816,0.515463,-2.691204,85.038155,19.928093,-0.013933,0.848555,0.07897,0.522995,-3.651259,92.918579,20.160236,0.005199,0.848871,0.037973,0.527209,-5.67901,111.75946,22.440022,0.157569,0.913729,-0.083454,0.365112,-6.386833,134.369553,24.026262,0.102378,0.963983,-0.194373,0.149919,0.092416,147.909149,22.070435,-0.059019,0.773115,0.129976,0.617994,-8.555886,129.101776,20.443531,0.281204,-0.581116,0.125515,-0.753309,-12.384791,130.260986,4.224229,0.178795,-0.027021,-0.374557,-0.9094,-5.160712,117.544914,-15.614885,0.220856,0.166125,-0.544896,-0.791652,12.790057,134.336655,-20.192688,-0.059428,0.912451,0.159123,0.372265,-5.116494,128.723282,27.37324,0.387338,0.882292,0.204134,-0.172801,6.840785,128.555878,39.037952,-0.000396,0.304863,0.520943,-0.797294,22.620264,113.448692,27.624914,0.063168,0.113732,0.58154,-0.803048,15.55527,135.083191,14.978626,0.001002,0.851206,0.24715,0.462996,-7.191777,84.742355,11.35688,0.150678,0.947065,-0.053259,0.278439,1.002176,53.076744,-3.854118,0.013914,0.940156,0.002612,0.34045,-13.773396,8.574856,-3.05828,-0.118567,0.834386,0.059312,0.535,1.80937,85.333954,28.499306,0.046192,0.825962,-0.18353,0.531009,11.236032,50.529472,29.505289,-0.026673,0.822687,0.026373,0.567256,-1.483334,6.991476,41.422905,0.013914,0.940156,0.002612,0.34045,-4.625601,2.215529,-14.309041,-0.026673,0.822687,0.026373,0.567256,12.520766,1.783703,36.181995
441,3.675,-0.044396,0.85464,0.04381,0.51546,-2.68641,85.041664,19.931725,-0.013871,0.848602,0.078997,0.522916,-3.647801,92.921951,20.162964,0.004984,0.848921,0.038077,0.527122,-5.673621,111.760307,22.444738,0.157495,0.913747,-0.083329,0.365128,-6.392043,134.370132,24.029921,0.102097,0.964048,-0.194096,0.15005,0.084114,147.911591,22.076693,-0.058946,0.773305,0.129958,0.617767,-8.559215,129.101135,20.447861,0.281519,-0.581084,0.125177,-0.753273,-12.397776,130.260498,4.230853,0.178897,-0.027108,-0.374715,-0.909313,-5.167685,117.548622,-15.608759,0.220693,0.166086,-0.545051,-0.791599,12.776661,134.344757,-20.193663,-0.059637,0.912489,0.15935,0.37204,-5.118372,128.724655,27.376961,0.386814,0.882515,0.204072,-0.172906,6.843667,128.562088,39.036858,-0.000955,0.304994,0.520321,-0.797649,22.641357,113.473953,27.623808,0.062868,0.114907,0.580849,-0.803405,15.546513,135.101959,14.981088,0.001077,0.851213,0.247108,0.463004,-7.186854,84.744125,11.360504,0.150658,0.947127,-0.053197,0.278251,1.00126,53.077042,-3.850575,0.013741,0.940215,0.002565,0.340295,-13.770888,8.573979,-3.056686,-0.118441,0.834395,0.059134,0.535033,1.814034,85.339203,28.502947,0.046178,0.825801,-0.183203,0.531372,11.226447,50.531048,29.515045,-0.027491,0.822407,0.026626,0.567611,-1.481152,6.981704,41.403736,0.013741,0.940215,0.002565,0.340295,-4.624937,2.215094,-14.309195,-0.027491,0.822407,0.026626,0.567611,12.536268,1.794236,36.178329
442,3.683333,-0.044482,0.854639,0.04391,0.515448,-2.683084,85.046341,19.934364,-0.013867,0.848635,0.078933,0.522872,-3.646449,92.926369,20.166256,0.004856,0.848949,0.038246,0.527067,-5.670574,111.763405,22.445972,0.157438,0.91375,-0.083288,0.365155,-6.397838,134.372711,24.034618,0.101819,0.964105,-0.193825,0.150218,0.076519,147.915131,22.08206,-0.058962,0.773309,0.130167,0.617716,-8.563307,129.103378,20.452013,0.281821,-0.58113,0.124988,-0.753155,-12.403893,130.266434,4.235749,0.178864,-0.027253,-0.374877,-0.909248,-5.174138,117.553009,-15.602997,0.220306,0.166088,-0.545105,-0.791669,12.763342,134.353622,-20.195169,-0.059777,0.91254,0.159565,0.371801,-5.12154,128.727249,27.380672,0.386316,0.88277,0.203788,-0.173051,6.845883,128.567627,39.03508,-0.001171,0.305047,0.519911,-0.797895,22.660059,113.495338,27.62393,0.062952,0.115005,0.580637,-0.803537,15.544102,135.118362,14.979795,0.00116,0.851163,0.247081,0.46311,-7.183632,84.74836,11.363214,0.150647,0.947102,-0.053198,0.278341,1.000402,53.080322,-3.848063,0.013688,0.940206,0.002512,0.340322,-13.770885,8.576954,-3.055197,-0.118316,0.834416,0.058986,0.535043,1.817464,85.344322,28.505512,0.045985,0.825741,-0.182963,0.531565,11.216837,50.532757,29.521715,-0.027743,0.822355,0.026814,0.567664,-1.46689,6.973484,41.399509,0.013688,0.940206,0.002512,0.340322,-4.623919,2.217095,-14.306329,-0.027743,0.822355,0.026814,0.567664,12.554579,1.794991,36.176067
443,3.691667,-0.044577,0.854632,0.04402,0.515441,-2.681441,85.050766,19.936565,-0.013811,0.84867,0.078829,0.522834,-3.646988,92.930511,20.16918,0.00469,0.84897,0.038479,0.527018,-5.66686,111.765984,22.44652,0.157529,0.913722,-0.083466,0.365145,-6.406004,134.374542,24.040218,0.101597,0.96419,-0.193405,0.150367,0.072435,147.914459,22.083881,-0.059002,0.773314,0.130301,0.617677,-8.568995,129.104858,20.456646,0.281913,-0.581147,0.124918,-0.75312,-12.411022,130.26944,4.240835,0.178628,-0.027469,-0.375071,-0.909208,-5.181353,117.555962,-15.597902,0.21984,0.166,-0.545136,-0.791796,12.748323,134.363113,-20.197174,-0.060124,0.912586,0.159958,0.371464,-5.126402,128.729019,27.384911,0.385687,0.882959,0.204354,-0.172822,6.848006,128.576996,39.032246,-0.001172,0.304966,0.519467,-0.798216,22.690027,113.530991,27.625036,0.063166,0.115316,0.580042,-0.803905,15.549337,135.138321,14.982634,0.001187,0.851128,0.247081,0.463175,-7.181962,84.752319,11.365418,0.150704,0.947036,-0.053226,0.278527,1.001533,53.08429,-3.846152,0.013672,0.940167,0.002463,0.34043,-13.77562,8.582836,-3.055278,-0.118412,0.834097,0.059312,0.535484,1.819081,85.349213,28.50771,0.046062,0.82572,-0.183421,0.531434,11.236008,50.54208,29.513136,-0.027648,0.822653,0.026381,0.567258,-1.474144,6.999197,41.422756,0.013672,0.940167,0.002463,0.34043,-4.626092,2.221753,-14.303632,-0.027648,0.822653,0.026381,0.567258,12.538836,1.808336,36.188816
444,3.7,-0.044609,0.854646,0.04405,0.515412,-2.681427,85.051453,19.938839,-0.013799,0.848725,0.078763,0.522754,-3.647635,92.931107,20.171623,0.004612,0.849026,0.038613,0.526918,-5.665603,111.767021,22.447243,0.157513,0.913731,-0.083397,0.365145,-6.410788,134.375137,24.044306,0.101351,0.964241,-0.193172,0.150507,0.066566,147.915817,22.0896,-0.058967,0.773303,0.130828,0.617584,-8.573078,129.105347,20.460463,0.282272,-0.581169,0.124817,-0.752985,-12.419106,130.281326,4.24642,0.178646,-0.027722,-0.375252,-0.909122,-5.189473,117.561813,-15.588471,0.219451,0.165978,-0.545189,-0.791872,12.73222,134.372894,-20.200899,-0.060234,0.912641,0.160153,0.371227,-5.128853,128.729507,27.387915,0.385208,0.88315,0.20435,-0.172921,6.850998,128.579788,39.029682,-0.001383,0.3049,0.519109,-0.798474,22.709574,113.55201,27.621449,0.063155,0.115443,0.579988,-0.803927,15.546978,135.156158,14.98256,0.001164,0.851124,0.247142,0.463149,-7.182465,84.752739,11.36797,0.150782,0.947004,-0.05326,0.278587,1.004028,53.086895,-3.846558,0.013783,0.940125,0.002404,0.340541,-13.780732,8.587965,-3.055713,-0.118425,0.834047,0.059356,0.535554,1.81961,85.350166,28.509706,0.046074,0.825594,-0.183455,0.531616,11.23886,50.543617,29.513758,-0.027611,0.822599,0.026446,0.567335,-1.476545,7.00202,41.422462,0.013783,0.940125,0.002404,0.340541,-4.630163,2.224149,-14.301679,-0.027611,0.822599,0.026446,0.567335,12.53745,1.812142,36.190258
445,3.708333,-0.044594,0.854636,0.044061,0.515429,-2.680307,85.050003,19.938698,-0.013785,0.848754,0.078819,0.5227,-3.646412,92.929665,20.171741,0.004507,0.849068,0.038655,0.526849,-5.664973,111.765877,22.449661,0.15738,0.91377,-0.083265,0.365135,-6.415066,134.373901,24.045874,0.101257,0.964272,-0.193003,0.150588,0.057485,147.917145,22.093088,-0.059006,0.773352,0.13087,0.61751,-8.576706,129.103455,20.462591,0.282607,-0.581188,0.124532,-0.752892,-12.425617,130.278885,4.249194,0.178533,-0.027888,-0.375545,-0.909018,-5.193582,117.560669,-15.585643,0.21905,0.165826,-0.545145,-0.792046,12.715623,134.380783,-20.205675,-0.060386,0.912696,0.160375,0.370971,-5.13133,128.728699,27.389526,0.385178,0.883123,0.204477,-0.172975,6.854252,128.582352,39.025436,-0.001459,0.304571,0.519127,-0.798587,22.713001,113.557983,27.612968,0.063189,0.115389,0.580417,-0.803622,15.540786,135.167648,14.987753,0.001226,0.851115,0.247107,0.463184,-7.18103,84.751671,11.367653,0.150753,0.947003,-0.053234,0.278613,1.00114,53.084587,-3.846627,0.013489,0.940127,0.002409,0.340549,-13.78049,8.584579,-3.057691,-0.118459,0.834108,0.059288,0.535459,1.820416,85.348335,28.509743,0.04613,0.825687,-0.183394,0.531489,11.239235,50.541801,29.518158,-0.028023,0.822592,0.026226,0.567335,-1.475647,6.998596,41.421543,0.013489,0.940127,0.002409,0.340549,-4.626201,2.223707,-14.30229,-0.028023,0.822592,0.026226,0.567335,12.540786,1.81039,36.194221
446,3.716667,-0.044495,0.854678,0.043959,0.515378,-2.682657,85.04715,19.940451,-0.013816,0.8488,0.078841,0.522621,-3.646578,92.927094,20.172977,0.004479,0.84912,0.03869,0.526761,-5.666388,111.763405,22.451199,0.15732,0.913806,-0.083227,0.365079,-6.418249,134.371323,24.048182,0.101081,0.964331,-0.192781,0.150611,0.052173,147.915558,22.095245,-0.059118,0.773455,0.130502,0.617447,-8.580124,129.100769,20.465189,0.282672,-0.581169,0.124297,-0.75292,-12.431188,130.265259,4.251513,0.178353,-0.027977,-0.375887,-0.90891,-5.195181,117.55397,-15.586318,0.218891,0.165703,-0.545365,-0.791964,12.70201,134.388077,-20.210182,-0.060499,0.912728,0.160519,0.370813,-5.133317,128.726151,27.391422,0.384817,0.883346,0.204021,-0.173177,6.855741,128.582352,39.023781,-0.002035,0.304843,0.518808,-0.79869,22.724751,113.567612,27.612894,0.062772,0.1155,0.579944,-0.80398,15.542966,135.178619,14.988687,0.001151,0.851217,0.247099,0.463001,-7.184586,84.749344,11.37002,0.150699,0.946981,-0.053186,0.278725,0.998616,53.081966,-3.843081,0.013686,0.940132,0.002523,0.340526,-13.777197,8.579951,-3.058706,-0.118487,0.834297,0.059203,0.535168,1.819271,85.344955,28.51088,0.046174,0.825808,-0.183363,0.531307,11.236842,50.538158,29.522177,-0.027542,0.822649,0.026584,0.567259,-1.47728,6.994259,41.423817,0.013686,0.940132,0.002523,0.340526,-4.625273,2.22033,-14.305942,-0.027542,0.822649,0.026584,0.567259,12.535921,1.806545,36.187351
447,3.725,-0.044456,0.854641,0.043804,0.515455,-2.681328,85.044243,19.940468,-0.01385,0.848833,0.078959,0.522547,-3.643485,92.924454,20.171133,0.004487,0.84919,0.038753,0.526644,-5.66671,111.761566,22.452827,0.157283,0.91386,-0.083133,0.364982,-6.41951,134.369247,24.052546,0.100892,0.964384,-0.192667,0.150544,0.048672,147.914749,22.100857,-0.059204,0.773337,0.130955,0.617492,-8.582043,129.098969,20.469553,0.283106,-0.581265,0.124121,-0.752712,-12.430922,130.270996,4.255907,0.178501,-0.02812,-0.376162,-0.908762,-5.198272,117.553757,-15.57933,0.21884,0.165596,-0.545618,-0.791826,12.688166,134.396118,-20.214745,-0.060334,0.912777,0.160597,0.370684,-5.133323,128.723785,27.394802,0.38435,0.883484,0.20416,-0.173346,6.859567,128.574799,39.023136,-0.0024,0.304749,0.518521,-0.798911,22.743401,113.580688,27.605757,0.062462,0.115348,0.579661,-0.80423,15.5427,135.192902,14.990952,0.001187,0.851318,0.247101,0.462814,-7.181774,84.745636,11.369287,0.150657,0.946906,-0.053273,0.278987,0.995953,53.078331,-3.846906,0.013795,0.94012,0.002611,0.340555,-13.778698,8.576017,-3.057793,-0.118561,0.834396,0.058989,0.53502,1.819118,85.34285,28.511646,0.0463,0.826058,-0.183207,0.530962,11.233093,50.5355,29.536999,-0.027837,0.822708,0.026535,0.567161,-1.478185,6.987351,41.426105,0.013795,0.94012,0.002611,0.340555,-4.626977,2.217766,-14.305962,-0.027837,0.822708,0.026535,0.567161,12.536166,1.80349,36.188911
448,3.733333,-0.04456,0.854724,0.044029,0.515288,-2.679708,85.047325,19.940508,-0.01379,0.848904,0.078893,0.522445,-3.645051,92.927078,20.173553,0.004432,0.849239,0.038816,0.526561,-5.664648,111.763802,22.454479,0.157396,0.913862,-0.083088,0.364938,-6.420924,134.371292,24.055336,0.100614,0.96445,-0.192514,0.150508,0.049607,147.915955,22.105745,-0.059303,0.773342,0.131042,0.617457,-8.583254,129.100815,20.472519,0.28315,-0.581298,0.124106,-0.752673,-12.433189,130.271927,4.259048,0.178524,-0.028207,-0.376357,-0.908674,-5.202197,117.553772,-15.57622,0.218951,0.165475,-0.546124,-0.791471,12.677589,134.403366,-20.217831,-0.060777,0.912805,0.160943,0.370391,-5.133162,128.725891,27.397102,0.384198,0.883609,0.203838,-0.17343,6.865201,128.587753,39.019939,-0.002693,0.304747,0.518351,-0.799021,22.753382,113.596008,27.605492,0.062277,0.115128,0.579359,-0.804494,15.543267,135.209274,14.996603,0.001194,0.851333,0.247099,0.462787,-7.183305,84.749046,11.370968,0.150687,0.946908,-0.053248,0.278968,0.993442,53.081669,-3.845609,0.013812,0.940088,0.002581,0.340642,-13.783106,8.57993,-3.059182,-0.118501,0.834415,0.058859,0.535018,1.823889,85.345612,28.510046,0.046289,0.826057,-0.183164,0.530979,11.229422,50.536137,29.540842,-0.027841,0.82268,0.026629,0.567198,-1.479212,6.986406,41.427013,0.013812,0.940088,0.002581,0.340642,-4.629655,2.220654,-14.305371,-0.027841,0.82268,0.026629,0.567198,12.53618,1.804931,36.190228
449,3.741667,-0.044743,0.854743,0.044138,0.515232,-2.674375,85.053253,19.940584,-0.013782,0.848901,0.078913,0.522446,-3.643079,92.932594,20.173668,0.00441,0.849221,0.038919,0.526583,-5.662532,111.766304,22.455021,0.157357,0.913865,-0.0831,0.364943,-6.422184,134.373444,24.059313,0.100504,0.964475,-0.192423,0.150531,0.047458,147.918442,22.109018,-0.059355,0.77332,0.131227,0.617441,-8.583534,129.103195,20.475555,0.283284,-0.581356,0.124052,-0.752587,-12.433932,130.276733,4.26237,0.178705,-0.028247,-0.376502,-0.908578,-5.205621,117.556503,-15.572533,0.219144,0.165548,-0.546661,-0.791032,12.667748,134.409424,-20.220324,-0.060867,0.912824,0.161107,0.370259,-5.133804,128.727707,27.400288,0.383947,0.883611,0.204335,-0.173389,6.867475,128.591049,39.02013,-0.002839,0.304513,0.518273,-0.79916,22.765871,113.614037,27.600571,0.062165,0.114959,0.579103,-0.804711,15.544549,135.228806,15.003883,0.001248,0.851388,0.247123,0.462674,-7.178782,84.75296,11.371541,0.150724,0.94693,-0.053304,0.278864,0.993439,53.086426,-3.849223,0.013434,0.940075,0.002511,0.340694,-13.787696,8.586311,-3.057272,-0.118382,0.834344,0.058804,0.535162,1.830033,85.353546,28.509628,0.046207,0.82588,-0.183163,0.531261,11.226254,50.541569,29.54063,-0.027842,0.822646,0.026698,0.567245,-1.480031,6.991088,41.426563,0.013434,0.940075,0.002511,0.340694,-4.628829,2.228716,-14.300001,-0.027842,0.822646,0.026698,0.567245,12.536361,1.811325,36.190754
450,3.75,-0.044852,0.854771,0.044249,0.515167,-2.669651,85.058907,19.938574,-0.013781,0.848959,0.078955,0.522346,-3.640711,92.937943,20.172325,0.004392,0.849284,0.039073,0.52647,-5.660526,111.769829,22.455109,0.157356,0.913888,-0.083264,0.364849,-6.4243,134.376434,24.064974,0.100367,0.964524,-0.192224,0.150563,0.046594,147.92009,22.109491,-0.059437,0.773252,0.131377,0.617487,-8.585504,129.106598,20.480513,0.283504,-0.581468,0.123954,-0.752434,-12.433674,130.281448,4.266901,0.178925,-0.028297,-0.376554,-0.908511,-5.210582,117.557869,-15.567753,0.2194,0.165436,-0.546693,-0.790962,12.659255,134.40979,-20.221952,-0.060954,0.912854,0.161219,0.370122,-5.133938,128.730164,27.404272,0.383746,0.88361,0.204684,-0.173429,6.870361,128.595581,39.021008,-0.002998,0.304286,0.518246,-0.799264,22.775654,113.630714,27.595127,0.062127,0.114757,0.578928,-0.804868,15.546211,135.247986,15.011476,0.001234,0.851519,0.247074,0.46246,-7.175157,84.757828,11.370139,0.150823,0.946935,-0.053303,0.278793,0.992446,53.089546,-3.849465,0.013554,0.940002,0.002506,0.340889,-13.797161,8.592216,-3.059126,-0.117771,0.834303,0.058364,0.535408,1.835855,85.359993,28.50701,0.046401,0.825583,-0.182674,0.531874,11.17904,50.53389,29.543173,-0.028132,0.821747,0.027421,0.568496,-1.527136,6.968322,41.373814,0.013554,0.940002,0.002506,0.340889,-4.635097,2.233245,-14.298471,-0.028132,0.821747,0.027421,0.568496,12.511802,1.811641,36.175781
451,3.758333,-0.044912,0.854823,0.044259,0.515075,-2.668167,85.062569,19.937181,-0.013733,0.848994,0.078895,0.522298,-3.640097,92.941498,20.170683,0.004292,0.849295,0.039322,0.526435,-5.657454,111.777618,22.453087,0.157488,0.913858,-0.083465,0.364822,-6.430971,134.383362,24.070171,0.100303,0.964529,-0.192219,0.15058,0.045241,147.923889,22.110643,-0.059559,0.773253,0.131003,0.617553,-8.5901,129.113739,20.484169,0.283378,-0.581505,0.124037,-0.752438,-12.435056,130.278,4.269029,0.178975,-0.028297,-0.376616,-0.908476,-5.215107,117.554413,-15.566767,0.219787,0.165241,-0.546998,-0.790685,12.653121,134.409103,-20.22261,-0.060849,0.912921,0.161341,0.369922,-5.137947,128.736603,27.407602,0.38355,0.883727,0.204369,-0.173637,6.871716,128.598511,39.018757,-0.003434,0.304329,0.51815,-0.799308,22.780859,113.639359,27.590767,0.061889,0.114589,0.578862,-0.804958,15.546981,135.26265,15.01525,0.001286,0.851516,0.247124,0.462437,-7.175415,84.760468,11.369699,0.150789,0.946944,-0.053342,0.278774,0.990305,53.094013,-3.854705,0.013567,0.939984,0.002433,0.34094,-13.79731,8.596105,-3.059721,-0.118189,0.834368,0.058612,0.535187,1.839082,85.36467,28.504663,0.04605,0.825719,-0.183077,0.531555,11.216588,50.547768,29.539913,-0.028719,0.822685,0.026477,0.567155,-1.47759,6.99296,41.422932,0.013567,0.939984,0.002433,0.34094,-4.634542,2.235005,-14.297284,-0.028719,0.822685,0.026477,0.567155,12.54428,1.822787,36.192329
452,3.766667,-0.044895,0.85491,0.044182,0.514938,-2.669947,85.066498,19.934326,-0.013699,0.849047,0.078956,0.522204,-3.640987,92.945557,20.167084,0.004344,0.849346,0.039219,0.52636,-5.657586,111.775848,22.451696,0.15735,0.913964,-0.083042,0.364711,-6.426505,134.381943,24.066124,0.100581,0.964494,-0.192453,0.150323,0.041574,147.927612,22.115314,-0.059459,0.773333,0.131212,0.617417,-8.587304,129.112289,20.481176,0.283487,-0.581491,0.124201,-0.752381,-12.438252,130.282684,4.267901,0.179157,-0.028306,-0.37665,-0.908425,-5.219548,117.55043,-15.562783,0.220116,0.165035,-0.547109,-0.790559,12.647679,134.405701,-20.22278,-0.060974,0.912854,0.161424,0.370028,-5.133933,128.735352,27.404013,0.383586,0.883638,0.204629,-0.173701,6.872599,128.599319,39.018429,-0.003587,0.304258,0.518233,-0.79928,22.779295,113.643181,27.583092,0.061541,0.114421,0.57869,-0.805133,15.547683,135.271515,15.015181,0.001269,0.851544,0.2471,0.462398,-7.179955,84.763725,11.368319,0.15074,0.946951,-0.053307,0.278784,0.985266,53.096378,-3.854501,0.013363,0.939995,0.002276,0.340919,-13.797243,8.596736,-3.061454,-0.11805,0.834338,0.058659,0.53526,1.84006,85.36927,28.500334,0.04586,0.82555,-0.183104,0.531824,11.211106,50.550407,29.528135,-0.027841,0.822564,0.026657,0.567365,-1.473582,6.994897,41.418716,0.013363,0.939995,0.002276,0.340919,-4.633277,2.233275,-14.296701,-0.027841,0.822564,0.026657,0.567365,12.544081,1.814149,36.187298
453,3.775,-0.044819,0.854988,0.044075,0.514824,-2.673827,85.070847,19.931305,-0.013758,0.84907,0.078989,0.52216,-3.642928,92.950172,20.163376,0.004343,0.849358,0.039258,0.526338,-5.661831,111.778831,22.447777,0.15753,0.913933,-0.083318,0.36465,-6.431659,134.384796,24.06373,0.100728,0.964503,-0.192353,0.150295,0.043587,147.926193,22.107094,-0.059336,0.773432,0.131271,0.617293,-8.592408,129.115265,20.478546,0.283839,-0.581339,0.124258,-0.752356,-12.44896,130.289322,4.266869,0.179508,-0.028336,-0.376674,-0.908345,-5.2222,117.547134,-15.554497,0.220365,0.164853,-0.547114,-0.790525,12.644164,134.401291,-20.22257,-0.060924,0.912898,0.161676,0.36982,-5.138672,128.738037,27.401184,0.383615,0.883593,0.204772,-0.173698,6.873205,128.598602,39.010033,-0.003806,0.304179,0.518326,-0.799249,22.778851,113.643242,27.572208,0.0613,0.114293,0.578688,-0.805171,15.549469,135.278809,15.013571,0.001257,0.851557,0.247061,0.462395,-7.186237,84.76812,11.366562,0.150627,0.94698,-0.053246,0.278757,0.978394,53.09938,-3.853696,0.013445,0.940031,0.002246,0.340815,-13.792717,8.595922,-3.06258,-0.118066,0.834591,0.058487,0.534882,1.838583,85.373581,28.496048,0.04592,0.825772,-0.183083,0.531482,11.204489,50.553535,29.53054,-0.028734,0.822683,0.025627,0.567195,-1.478907,6.997829,41.42178,0.013445,0.940031,0.002246,0.340815,-4.632333,2.230914,-14.299871,-0.028734,0.822683,0.025627,0.567195,12.538708,1.807091,36.20015
454,3.783333,-0.044847,0.855048,0.044072,0.514723,-2.671808,85.076706,19.927505,-0.013799,0.849117,0.079028,0.522077,-3.641238,92.955994,20.159405,0.004363,0.849404,0.039323,0.526259,-5.661975,111.783768,22.444384,0.157615,0.913943,-0.083291,0.364593,-6.432458,134.389481,24.063389,0.100793,0.964485,-0.192455,0.150233,0.044536,147.930222,22.10795,-0.059344,0.773461,0.131347,0.617239,-8.593643,129.120331,20.477924,0.283964,-0.581317,0.12437,-0.752308,-12.452383,130.295486,4.266845,0.179673,-0.028349,-0.376623,-0.908333,-5.225721,117.546204,-15.549998,0.220536,0.164736,-0.54703,-0.79056,12.642416,134.397385,-20.221264,-0.06091,0.912887,0.161712,0.369833,-5.13862,128.742355,27.399879,0.383616,0.8836,0.204632,-0.173829,6.873014,128.601944,39.008965,-0.004021,0.30427,0.518352,-0.799196,22.77639,113.64653,27.568058,0.060988,0.114228,0.578833,-0.805099,15.55072,135.287125,15.011157,0.00126,0.851644,0.24702,0.462258,-7.186179,84.773323,11.363818,0.150594,0.946991,-0.053262,0.278734,0.974429,53.103127,-3.855532,0.013546,0.940025,0.002251,0.340828,-13.794255,8.598911,-3.061757,-0.117935,0.834657,0.058358,0.534821,1.842563,85.380089,28.49119,0.045858,0.825875,-0.183064,0.531334,11.195885,50.556713,29.527573,-0.028572,0.822744,0.025693,0.567112,-1.479712,6.999838,41.422844,0.013546,0.940025,0.002251,0.340828,-4.634735,2.233066,-14.299279,-0.028572,0.822744,0.025693,0.567112,12.53577,1.807899,36.196686
455,3.791667,-0.044841,0.85512,0.044144,0.514598,-2.6711,85.086182,19.922421,-0.013739,0.849164,0.078984,0.522009,-3.640992,92.96537,20.155493,0.004343,0.849431,0.039441,0.526206,-5.658283,111.789337,22.439911,0.157583,0.914026,-0.083093,0.364445,-6.432255,134.394653,24.063004,0.101158,0.96446,-0.192603,0.149961,0.041442,147.937485,22.111204,-0.059263,0.773611,0.13137,0.617054,-8.592995,129.125778,20.476852,0.284206,-0.58127,0.124357,-0.752255,-12.459713,130.302353,4.267776,0.179824,-0.028416,-0.376514,-0.908347,-5.230208,117.547585,-15.544494,0.220431,0.164681,-0.546693,-0.790833,12.640426,134.391861,-20.220297,-0.060947,0.912909,0.161874,0.369702,-5.137116,128.747131,27.398344,0.383685,0.883535,0.204786,-0.173824,6.877588,128.606583,39.004253,-0.004086,0.30416,0.518433,-0.799185,22.778425,113.650658,27.560482,0.060939,0.114257,0.578849,-0.805087,15.553588,135.295456,15.010013,0.001261,0.851641,0.246919,0.462318,-7.187988,84.783455,11.360036,0.15058,0.946987,-0.053239,0.278759,0.970268,53.109657,-3.853111,0.013691,0.939986,0.002235,0.340932,-13.796653,8.604821,-3.061428,-0.117398,0.834768,0.057863,0.534819,1.845788,85.388908,28.484804,0.046038,0.825752,-0.182602,0.531668,11.148618,50.552265,29.529758,-0.028993,0.821962,0.026221,0.5682,-1.523055,6.981081,41.376686,0.013691,0.939986,0.002235,0.340932,-4.636477,2.23712,-14.297366,-0.028993,0.821962,0.026221,0.5682,12.512961,1.809666,36.185402
456,3.8,-0.044923,0.855142,0.044238,0.514546,-2.668244,85.092422,19.918045,-0.013711,0.84918,0.07896,0.521988,-3.640016,92.971367,20.151779,0.004328,0.849435,0.039508,0.526194,-5.655654,111.793503,22.43578,0.157791,0.914005,-0.082965,0.364437,-6.431773,134.398575,24.061106,0.101249,0.964429,-0.192807,0.149836,0.046065,147.940247,22.114994,-0.059173,0.773751,0.131433,0.616873,-8.592089,129.129852,20.474491,0.284318,-0.581192,0.124409,-0.752265,-12.466602,130.309006,4.267466,0.179964,-0.028403,-0.37643,-0.908354,-5.233268,117.550156,-15.540783,0.220371,0.164817,-0.546778,-0.790763,12.64134,134.391403,-20.218109,-0.060912,0.912882,0.161728,0.369839,-5.136009,128.750854,27.395863,0.383684,0.883489,0.204987,-0.17382,6.875463,128.61026,39.005112,-0.004123,0.304217,0.518511,-0.799113,22.776407,113.656929,27.558125,0.060974,0.114508,0.578874,-0.805031,15.558079,135.302139,15.008311,0.001259,0.851682,0.246843,0.462282,-7.186013,84.789207,11.356144,0.150573,0.946945,-0.053293,0.278897,0.969213,53.112728,-3.853021,0.013532,0.939968,0.002216,0.340987,-13.798586,8.608231,-3.058521,-0.117725,0.834686,0.057971,0.534864,1.849525,85.395638,28.479946,0.04568,0.82564,-0.182721,0.531831,11.175716,50.565456,29.531797,-0.02957,0.822534,0.025653,0.567367,-1.476426,6.995261,41.403206,0.013532,0.939968,0.002216,0.340987,-4.635285,2.241508,-14.292467,-0.02957,0.822534,0.025653,0.567367,12.551044,1.819592,36.193092
457,3.808333,-0.04495,0.855214,0.04431,0.514417,-2.668285,85.096542,19.910208,-0.0136,0.849222,0.078967,0.521921,-3.640968,92.975349,20.144842,0.00437,0.849462,0.039545,0.526148,-5.652818,111.796364,22.431311,0.157772,0.914042,-0.082686,0.364415,-6.428091,134.401291,24.059109,0.101381,0.96438,-0.193055,0.149744,0.046436,147.945572,22.120028,-0.059139,0.773901,0.131427,0.616691,-8.588953,129.133011,20.472174,0.284441,-0.581221,0.124349,-0.752206,-12.471132,130.311798,4.266953,0.180069,-0.028297,-0.376284,-0.908397,-5.238706,117.551598,-15.540761,0.22037,0.164857,-0.546458,-0.790976,12.64067,134.386917,-20.213747,-0.060921,0.912865,0.161682,0.369898,-5.13213,128.753189,27.393129,0.383723,0.883411,0.205301,-0.173763,6.877861,128.613098,39.003925,-0.00404,0.304217,0.518522,-0.799106,22.778303,113.661621,27.55378,0.060873,0.114805,0.578888,-0.804987,15.561062,135.304245,15.002732,0.00137,0.851659,0.246585,0.462462,-7.188587,84.793427,11.349639,0.15031,0.947115,-0.053155,0.278487,0.954384,53.107773,-3.846998,0.01322,0.940124,0.002602,0.340567,-13.786771,8.594471,-3.051234,-0.117734,0.834695,0.057957,0.53485,1.852018,85.399666,28.470776,0.045611,0.825753,-0.182972,0.531577,11.17821,50.569511,29.523584,-0.030144,0.822872,0.024783,0.566886,-1.477237,7.007337,41.420891,0.01322,0.940124,0.002602,0.340567,-4.627969,2.241465,-14.296611,-0.030144,0.822872,0.024783,0.566886,12.544335,1.82003,36.20647
458,3.816667,-0.045096,0.85526,0.04444,0.514317,-2.661434,85.102524,19.902294,-0.013757,0.849253,0.079153,0.521839,-3.637116,92.980934,20.137604,0.004418,0.849507,0.039518,0.526076,-5.657233,111.797928,22.426764,0.158066,0.914008,-0.083024,0.364296,-6.429882,134.402924,24.05475,0.10146,0.964421,-0.192884,0.149643,0.055194,147.941193,22.109009,-0.059109,0.773911,0.131382,0.61669,-8.591916,129.134888,20.468182,0.284486,-0.581199,0.124407,-0.752196,-12.474222,130.313522,4.262988,0.180055,-0.028228,-0.37616,-0.908453,-5.241264,117.55024,-15.542546,0.220217,0.16492,-0.54615,-0.791218,12.642689,134.381393,-20.211021,-0.060907,0.912923,0.161829,0.369693,-5.133922,128.754684,27.388531,0.384109,0.883269,0.205168,-0.173788,6.881182,128.613586,38.994011,-0.003861,0.304191,0.518936,-0.798848,22.766586,113.647118,27.542597,0.060938,0.114048,0.579113,-0.804928,15.570408,135.298706,14.9911,0.001301,0.851781,0.246591,0.462234,-7.183467,84.798157,11.342688,0.150306,0.947025,-0.053301,0.278765,0.959831,53.112686,-3.854138,0.013668,0.9401,0.002495,0.340616,-13.784897,8.60072,-3.049599,-0.117554,0.834749,0.05769,0.534833,1.860598,85.406891,28.461903,0.045474,0.825781,-0.182861,0.531582,11.166045,50.571453,29.523558,-0.028694,0.822659,0.025831,0.567223,-1.473531,7.004312,41.41954,0.013668,0.9401,0.002495,0.340616,-4.630762,2.240478,-14.294675,-0.028694,0.822659,0.025831,0.567223,12.54525,1.817899,36.196754
459,3.825,-0.045068,0.855295,0.044382,0.514266,-2.663381,85.104248,19.894709,-0.013727,0.84928,0.079227,0.521783,-3.638202,92.982788,20.129528,0.004429,0.849541,0.039483,0.526025,-5.658594,111.798653,22.42169,0.158126,0.913999,-0.083295,0.364231,-6.429892,134.403778,24.048624,0.101601,0.964438,-0.192696,0.149683,0.059153,147.939117,22.095806,-0.059003,0.773972,0.131207,0.616661,-8.592636,129.135651,20.462587,0.28441,-0.581147,0.124609,-0.752231,-12.476563,130.313171,4.257697,0.17998,-0.028192,-0.376107,-0.908491,-5.243107,117.54509,-15.544559,0.22015,0.164985,-0.545896,-0.791399,12.642673,134.374725,-20.209526,-0.060817,0.91291,0.16176,0.36977,-5.13381,128.75563,27.382532,0.384116,0.883346,0.204669,-0.173971,6.879751,128.612167,38.989586,-0.003883,0.304373,0.51893,-0.798782,22.761738,113.641502,27.53891,0.061073,0.113965,0.579154,-0.804899,15.570339,135.293503,14.980311,0.001247,0.851741,0.246657,0.462272,-7.186474,84.799698,11.335667,0.150498,0.946975,-0.053358,0.278823,0.963075,53.116573,-3.862698,0.013464,0.939956,0.002175,0.341024,-13.799771,8.610594,-3.059184,-0.117087,0.834988,0.05715,0.534621,1.859712,85.408798,28.453749,0.04576,0.825779,-0.182417,0.531713,11.117361,50.560986,29.527107,-0.028952,0.821903,0.026348,0.56828,-1.524447,6.981072,41.373856,0.013464,0.939956,0.002175,0.341024,-4.634981,2.243373,-14.291628,-0.028952,0.821903,0.026348,0.56828,12.512949,1.81211,36.183853
460,3.833333,-0.045041,0.855364,0.044314,0.51416,-2.667202,85.104408,19.88603,-0.013863,0.849334,0.079329,0.521677,-3.641076,92.983078,20.120266,0.004639,0.849616,0.03939,0.525908,-5.667902,111.801025,22.413597,0.15818,0.914028,-0.083435,0.364102,-6.428686,134.406403,24.042061,0.101888,0.964426,-0.192633,0.149647,0.062677,147.940033,22.085033,-0.059021,0.773944,0.13108,0.616721,-8.594826,129.13945,20.456358,0.284227,-0.581151,0.12487,-0.752254,-12.476198,130.314194,4.250656,0.179877,-0.028101,-0.376022,-0.908549,-5.246207,117.541466,-15.549866,0.220178,0.16504,-0.545779,-0.79146,12.642076,134.368378,-20.207869,-0.060707,0.912929,0.161695,0.369771,-5.13413,128.757477,27.375259,0.384249,0.883271,0.204782,-0.173925,6.879864,128.611511,38.981834,-0.003843,0.304451,0.519046,-0.798678,22.757629,113.636993,27.530331,0.061015,0.113934,0.578894,-0.805095,15.575179,135.289673,14.969479,0.001183,0.851748,0.24663,0.462273,-7.19246,84.799484,11.328146,0.15049,0.946988,-0.053368,0.27878,0.960166,53.115398,-3.86658,0.013769,0.939893,0.002235,0.341183,-13.802206,8.609292,-3.061268,-0.117526,0.835256,0.057059,0.534116,1.858055,85.40934,28.443914,0.045467,0.825869,-0.182475,0.531579,11.138836,50.568218,29.534307,-0.029004,0.822427,0.025966,0.567537,-1.481263,6.987786,41.40226,0.013769,0.939893,0.002235,0.341183,-4.636963,2.240736,-14.292589,-0.029004,0.822427,0.025966,0.567537,12.545059,1.810124,36.191036
461,3.841667,-0.044674,0.855428,0.044175,0.514097,-2.68233,85.114326,19.877645,-0.013691,0.849355,0.079234,0.521662,-3.650083,92.993713,20.113073,0.00466,0.849618,0.03941,0.525903,-5.668462,111.803459,22.40575,0.158345,0.913991,-0.083849,0.364028,-6.428888,134.408752,24.035475,0.102106,0.96444,-0.19245,0.149646,0.070538,147.937088,22.068668,-0.058994,0.77398,0.131106,0.616674,-8.595149,129.142029,20.449505,0.284264,-0.581196,0.124926,-0.752196,-12.478588,130.317734,4.244365,0.180046,-0.02789,-0.375846,-0.908595,-5.251829,117.541611,-15.555152,0.220416,0.165075,-0.545703,-0.791439,12.643102,134.362549,-20.205097,-0.060712,0.912941,0.161718,0.36973,-5.134376,128.759628,27.368345,0.384356,0.883207,0.204937,-0.17383,6.880609,128.613785,38.973896,-0.003813,0.304528,0.519117,-0.798602,22.75593,113.636192,27.523035,0.061013,0.11412,0.578616,-0.805269,15.579918,135.288879,14.959651,0.001028,0.851685,0.246493,0.462464,-7.209477,84.813972,11.320598,0.150385,0.94708,-0.053225,0.278551,0.951494,53.124989,-3.859419,0.013896,0.939924,0.002156,0.341094,-13.797954,8.61449,-3.06041,-0.117181,0.835232,0.056764,0.53426,1.844817,85.41468,28.434694,0.045595,0.825928,-0.182251,0.531553,11.093826,50.565285,29.53087,-0.029313,0.821949,0.02615,0.568205,-1.524809,6.978273,41.37619,0.013896,0.939924,0.002156,0.341094,-4.63672,2.242584,-14.293101,-0.029313,0.821949,0.02615,0.568205,12.513736,1.810633,36.187977
462,3.85,-0.044863,0.855436,0.04423,0.514063,-2.67946,85.117958,19.868748,-0.013722,0.84934,0.079215,0.521687,-3.650214,92.997002,20.103422,0.004792,0.849594,0.039444,0.525938,-5.669601,111.809631,22.395144,0.158499,0.913971,-0.083896,0.364001,-6.425814,134.414749,24.029327,0.102358,0.964406,-0.192545,0.149564,0.077978,147.94101,22.062796,-0.058956,0.774116,0.130976,0.616534,-8.592822,129.149155,20.442148,0.284293,-0.581188,0.12505,-0.75217,-12.482185,130.322296,4.238244,0.180206,-0.027749,-0.37566,-0.908645,-5.25653,117.540977,-15.55833,0.220551,0.165157,-0.545667,-0.791409,12.645638,134.355301,-20.203247,-0.060483,0.912965,0.161558,0.369777,-5.13263,128.764709,27.361166,0.384336,0.883297,0.204506,-0.173926,6.882106,128.613632,38.966908,-0.004071,0.304832,0.519101,-0.798496,22.75655,113.632492,27.519485,0.060931,0.114323,0.578586,-0.805268,15.588364,135.288574,14.950435,0.001028,0.851666,0.246515,0.462487,-7.206972,84.814995,11.311986,0.150427,0.947058,-0.053355,0.27858,0.955112,53.126778,-3.869026,0.013744,0.93988,0.002114,0.341222,-13.801291,8.618754,-3.060146,-0.117085,0.835119,0.056574,0.534478,1.848052,85.420921,28.425508,0.045489,0.825939,-0.182202,0.531561,11.08383,50.568344,29.531744,-0.030031,0.822096,0.026046,0.567959,-1.524314,6.978756,41.378777,0.013744,0.93988,0.002114,0.341222,-4.635408,2.247094,-14.289183,-0.030031,0.822096,0.026046,0.567959,12.517005,1.820863,36.188377
463,3.858333,-0.045237,0.855399,0.04437,0.51408,-2.670812,85.117317,19.856228,-0.013738,0.849337,0.079285,0.521682,-3.647766,92.995628,20.089699,0.004873,0.8496,0.039434,0.525928,-5.669645,111.813416,22.384047,0.158649,0.913942,-0.083975,0.363991,-6.422473,134.418518,24.019775,0.102636,0.964362,-0.192616,0.14957,0.085971,147.94249,22.052788,-0.058822,0.77417,0.130929,0.616489,-8.590363,129.153503,20.432304,0.284165,-0.581181,0.125411,-0.752164,-12.482114,130.328827,4.22913,0.180261,-0.027647,-0.375561,-0.908678,-5.260496,117.537979,-15.562749,0.220757,0.165323,-0.545577,-0.791379,12.644473,134.348145,-20.202885,-0.060375,0.912979,0.161438,0.369814,-5.130026,128.768082,27.351194,0.384499,0.883235,0.20451,-0.173872,6.884232,128.615051,38.957413,-0.004234,0.304998,0.519284,-0.798312,22.753433,113.627457,27.51115,0.060995,0.114697,0.578448,-0.805309,15.600485,135.288559,14.94273,0.001109,0.851719,0.246478,0.462408,-7.197334,84.809586,11.299111,0.150372,0.946995,-0.053602,0.278776,0.957127,53.120083,-3.883325,0.013711,0.939908,0.002397,0.341145,-13.800936,8.612982,-3.054138,-0.117022,0.835128,0.056229,0.534515,1.85571,85.425041,28.413343,0.045418,0.825902,-0.182104,0.531659,11.074654,50.5686,29.538197,-0.02994,0.822059,0.026302,0.568007,-1.524608,6.975058,41.380112,0.013711,0.939908,0.002397,0.341145,-4.635161,2.249431,-14.287865,-0.02994,0.822059,0.026302,0.568007,12.517959,1.821878,36.188404
464,3.866667,-0.044863,0.85548,0.044068,0.514004,-2.691782,85.125175,19.843998,-0.013453,0.849349,0.079257,0.521674,-3.661204,93.004448,20.07653,0.004867,0.849591,0.039273,0.525955,-5.672541,111.815903,22.374859,0.158814,0.913871,-0.084152,0.364055,-6.421807,134.421585,24.004215,0.103015,0.964302,-0.192612,0.1497,0.092889,147.942215,22.034948,-0.058559,0.774214,0.130796,0.616486,-8.590353,129.155914,20.418102,0.284503,-0.581226,0.125501,-0.751987,-12.483224,130.33522,4.215487,0.180503,-0.027436,-0.375498,-0.908662,-5.265271,117.531799,-15.569602,0.220865,0.165338,-0.545487,-0.791408,12.642065,134.339783,-20.203981,-0.060086,0.912968,0.16146,0.369878,-5.130451,128.771881,27.337286,0.384601,0.883196,0.204649,-0.173681,6.883397,128.60936,38.943794,-0.004344,0.305206,0.519414,-0.798148,22.751989,113.617325,27.502516,0.060775,0.114902,0.578554,-0.80522,15.612422,135.281891,14.930622,0.000798,0.851625,0.246426,0.462611,-7.220467,84.820496,11.287919,0.150333,0.94704,-0.053511,0.278662,0.95497,53.129093,-3.879259,0.013536,0.939917,0.002119,0.341128,-13.797387,8.620015,-3.055246,-0.117582,0.835115,0.056329,0.534401,1.836904,85.429855,28.400078,0.044981,0.82585,-0.182224,0.531736,11.092875,50.583702,29.539543,-0.029598,0.822612,0.025951,0.56724,-1.479647,6.990555,41.411274,0.013536,0.939917,0.002119,0.341128,-4.631247,2.25053,-14.285305,-0.029598,0.822612,0.025951,0.56724,12.54818,1.822623,36.19445
465,3.875,-0.044777,0.855496,0.043852,0.514003,-2.701627,85.122368,19.830217,-0.013369,0.849398,0.079177,0.521608,-3.668121,93.00206,20.060532,0.005018,0.849653,0.039217,0.525859,-5.674948,111.813736,22.358059,0.158943,0.913848,-0.084398,0.364001,-6.416885,134.419556,23.988966,0.10331,0.964259,-0.1926,0.149793,0.103364,147.936707,22.014151,-0.058478,0.774321,0.130689,0.616383,-8.587911,129.154755,20.403057,0.284755,-0.581185,0.125598,-0.751907,-12.485373,130.333282,4.201491,0.180538,-0.027379,-0.375576,-0.908625,-5.266269,117.520126,-15.576872,0.220734,0.165317,-0.545338,-0.791551,12.636474,134.329742,-20.209482,-0.059798,0.912946,0.161267,0.370063,-5.126462,128.769241,27.321386,0.384759,0.883151,0.204637,-0.173573,6.883971,128.599289,38.93132,-0.004431,0.305424,0.519657,-0.797906,22.748417,113.600014,27.493763,0.060854,0.115039,0.578645,-0.805129,15.628118,135.272064,14.917638,0.000604,0.85162,0.246368,0.462652,-7.230476,84.816963,11.27425,0.150284,0.947067,-0.053542,0.27859,0.955661,53.123463,-3.882778,0.013875,0.939929,0.00229,0.341081,-13.793124,8.613297,-3.053604,-0.117208,0.835257,0.055884,0.534308,1.827222,85.42778,28.386181,0.045145,0.826077,-0.181996,0.531448,11.044354,50.571693,29.536734,-0.02895,0.822033,0.026806,0.568071,-1.525514,6.972146,41.387794,0.013875,0.939929,0.00229,0.341081,-4.631334,2.245251,-14.288029,-0.02895,0.822033,0.026806,0.568071,12.511876,1.814312,36.186726
466,3.883333,-0.044709,0.855486,0.043672,0.514041,-2.71185,85.119026,19.813326,-0.01342,0.849406,0.079145,0.521599,-3.675975,92.999062,20.041721,0.005343,0.849683,0.039169,0.52581,-5.684087,111.813446,22.337532,0.159079,0.913812,-0.084749,0.363949,-6.41227,134.419281,23.974354,0.103665,0.964206,-0.192578,0.149913,0.114749,147.931961,21.991343,-0.058305,0.774383,0.130319,0.616399,-8.586949,129.156708,20.3874,0.285037,-0.58124,0.125673,-0.751745,-12.484405,130.332047,4.185601,0.180624,-0.027197,-0.375656,-0.90858,-5.269399,117.508255,-15.587361,0.220778,0.165165,-0.545458,-0.791488,12.630185,134.321533,-20.213799,-0.059544,0.912943,0.161128,0.370173,-5.124756,128.767349,27.305138,0.385097,0.883069,0.204537,-0.173364,6.883964,128.590759,38.91674,-0.004528,0.305785,0.519976,-0.797558,22.739172,113.575409,27.48749,0.060903,0.115292,0.578426,-0.805246,15.647009,135.255066,14.903352,0.000428,0.851546,0.246313,0.462817,-7.240058,84.812996,11.257043,0.150175,0.947154,-0.053589,0.278343,0.958016,53.117538,-3.889445,0.013846,0.939991,0.002453,0.34091,-13.782299,8.604762,-3.049376,-0.117725,0.83538,0.055823,0.534008,1.816358,85.425064,28.369608,0.044766,0.826154,-0.182089,0.531327,11.062102,50.577236,29.540724,-0.028744,0.822629,0.026444,0.567235,-1.481289,6.977672,41.41972,0.013846,0.939991,0.002453,0.34091,-4.623465,2.241555,-14.288956,-0.028744,0.822629,0.026444,0.567235,12.541646,1.807165,36.192291
467,3.891667,-0.044507,0.855449,0.043485,0.514135,-2.724909,85.116837,19.793888,-0.013309,0.84942,0.079149,0.521578,-3.684803,92.997421,20.021303,0.005583,0.84973,0.039018,0.525743,-5.689343,111.812187,22.319538,0.159289,0.913824,-0.084688,0.363841,-6.404544,134.418442,23.956327,0.104097,0.964152,-0.192768,0.149719,0.126981,147.929382,21.976372,-0.058106,0.774521,0.13008,0.616295,-8.582832,129.157059,20.369806,0.285446,-0.581233,0.125774,-0.751578,-12.485351,130.331879,4.169187,0.180747,-0.0271,-0.37584,-0.908483,-5.271222,117.493736,-15.59479,0.220724,0.165169,-0.54541,-0.791535,12.620314,134.312897,-20.220274,-0.059158,0.912916,0.160972,0.37037,-5.119593,128.765793,27.286917,0.385281,0.883022,0.204629,-0.173083,6.885788,128.578278,38.901806,-0.004663,0.30616,0.520326,-0.797186,22.738777,113.553749,27.481556,0.061033,0.115453,0.578333,-0.80528,15.676826,135.242126,14.890301,0.00021,0.851552,0.246199,0.462867,-7.251599,84.812401,11.236744,0.150002,0.947249,-0.053658,0.278099,0.956964,53.112888,-3.89555,0.013944,0.940082,0.002695,0.340654,-13.76995,8.595962,-3.040879,-0.117891,0.835398,0.055672,0.53396,1.801782,85.42128,28.351032,0.044658,0.826319,-0.182118,0.53107,11.051643,50.575054,29.537153,-0.028437,0.822686,0.026697,0.567156,-1.481146,6.975576,41.427658,0.013944,0.940082,0.002695,0.340654,-4.617254,2.238537,-14.288727,-0.028437,0.822686,0.026697,0.567156,12.539482,1.805969,36.193169
468,3.9,-0.044237,0.855338,0.043473,0.514345,-2.741869,85.115013,19.76693,-0.012933,0.849374,0.078984,0.521688,-3.698064,92.995987,19.996149,0.005741,0.849689,0.038988,0.52581,-5.687764,111.814705,22.29665,0.1596,0.913754,-0.084913,0.363829,-6.396283,134.42099,23.935991,0.104431,0.96412,-0.192789,0.149661,0.145469,147.92662,21.95351,-0.057935,0.774612,0.129858,0.616243,-8.575665,129.16069,20.348539,0.285808,-0.581359,0.125932,-0.751316,-12.480979,130.334976,4.148551,0.180846,-0.026938,-0.375963,-0.908417,-5.276037,117.480469,-15.608139,0.220646,0.165292,-0.545479,-0.791484,12.609699,134.303802,-20.228724,-0.058985,0.912852,0.160869,0.370598,-5.11354,128.767563,27.266104,0.385681,0.88297,0.204333,-0.172807,6.886883,128.574677,38.886032,-0.004865,0.306768,0.520854,-0.796606,22.72942,113.528427,27.479845,0.061252,0.115648,0.578341,-0.80523,15.713799,135.231827,14.875039,0.000136,0.851439,0.246116,0.463119,-7.264839,84.815186,11.207653,0.149664,0.947375,-0.053916,0.277803,0.949971,53.11272,-3.915062,0.013931,0.940206,0.003047,0.340308,-13.753862,8.588883,-3.023898,-0.118133,0.83533,0.05561,0.534019,1.781101,85.414833,28.326208,0.044444,0.826276,-0.182217,0.531122,11.042872,50.572239,29.526148,-0.029,0.822739,0.026481,0.567062,-1.478981,6.974339,41.433949,0.013931,0.940206,0.003047,0.340308,-4.607615,2.241378,-14.282587,-0.029,0.822739,0.026481,0.567062,12.544274,1.809086,36.202194
469,3.908333,-0.044007,0.855183,0.043729,0.514601,-2.752242,85.114311,19.731602,-0.012537,0.849257,0.078956,0.521892,-3.707474,92.995262,19.965895,0.005813,0.849573,0.038934,0.526,-5.684658,111.817528,22.273306,0.159712,0.913666,-0.08525,0.363922,-6.389494,134.423965,23.912159,0.104946,0.964054,-0.192739,0.149791,0.15879,147.925415,21.922796,-0.05765,0.774613,0.129518,0.616341,-8.568328,129.164063,20.323793,0.286201,-0.581541,0.126154,-0.750989,-12.470701,130.339142,4.123156,0.1809,-0.026712,-0.376167,-0.908328,-5.278902,117.464653,-15.625299,0.220583,0.165363,-0.545679,-0.791349,12.597044,134.294922,-20.237654,-0.058709,0.912786,0.160761,0.370852,-5.109311,128.770309,27.242874,0.386059,0.882863,0.204549,-0.172254,6.885892,128.568848,38.868038,-0.005054,0.307482,0.521334,-0.796016,22.723425,113.504448,27.478897,0.06108,0.116294,0.578457,-0.805066,15.755805,135.217697,14.857552,0.000339,0.851318,0.245972,0.463417,-7.270505,84.821198,11.169609,0.149193,0.947614,-0.054269,0.277172,0.932302,53.113621,-3.948906,0.01417,0.940293,0.003544,0.340053,-13.739002,8.580157,-3.003999,-0.118365,0.835166,0.055473,0.534238,1.766021,85.407425,28.293594,0.044194,0.826235,-0.182406,0.531141,11.035958,50.567699,29.5133,-0.029483,0.823019,0.026494,0.566629,-1.4761,6.974211,41.447487,0.01417,0.940293,0.003544,0.340053,-4.599363,2.244104,-14.274502,-0.029483,0.823019,0.026494,0.566629,12.546092,1.817422,36.204548
470,3.916667,-0.043412,0.854932,0.043918,0.515052,-2.77823,85.106606,19.69264,-0.011934,0.849117,0.078765,0.522163,-3.727062,92.988113,19.933872,0.005906,0.849449,0.038866,0.526205,-5.682075,111.816154,22.247032,0.159839,0.91356,-0.085886,0.363982,-6.382079,134.422775,23.88529,0.105439,0.964018,-0.192528,0.14995,0.175921,147.917313,21.881033,-0.057652,0.774549,0.129162,0.616497,-8.560524,129.163391,20.295959,0.286439,-0.581824,0.126289,-0.750656,-12.456498,130.331879,4.093306,0.180879,-0.026336,-0.376403,-0.908246,-5.282635,117.443619,-15.652699,0.220637,0.165573,-0.546012,-0.79106,12.583409,134.284592,-20.249052,-0.058266,0.912788,0.160197,0.37116,-5.104868,128.768845,27.216677,0.386546,0.882755,0.204586,-0.171673,6.884429,128.559219,38.847786,-0.005238,0.308392,0.52194,-0.795265,22.713285,113.470146,27.479267,0.061048,0.117058,0.578706,-0.804779,15.806261,135.196381,14.834459,0.000647,0.851022,0.24604,0.463923,-7.288497,84.825829,11.126019,0.148686,0.947866,-0.054734,0.27649,0.906657,53.120697,-4.001782,0.014648,0.940269,0.004007,0.340095,-13.731718,8.577824,-2.991615,-0.118848,0.835006,0.055603,0.534368,1.732037,85.387383,28.25926,0.044026,0.826283,-0.18268,0.530986,11.035244,50.556957,29.491463,-0.029688,0.823047,0.026609,0.566572,-1.474963,6.971449,41.456718,0.014648,0.940269,0.004007,0.340095,-4.594596,2.249906,-14.268727,-0.029688,0.823047,0.026609,0.566572,12.549021,1.820995,36.212341
471,3.925,-0.042516,0.854643,0.044292,0.515574,-2.80793,85.095917,19.644138,-0.011123,0.848906,0.078557,0.522555,-3.747825,92.978134,19.897236,0.005927,0.849238,0.038713,0.526557,-5.673966,111.812523,22.219564,0.159884,0.913489,-0.086289,0.364045,-6.370187,134.419662,23.852179,0.10602,0.963997,-0.192378,0.149868,0.193129,147.910172,21.838284,-0.057608,0.774494,0.1289,0.616624,-8.546893,129.159958,20.262251,0.286729,-0.58212,0.126477,-0.750285,-12.437778,130.324844,4.058111,0.180837,-0.025947,-0.376693,-0.908145,-5.283218,117.419472,-15.683725,0.220638,0.165817,-0.54636,-0.790769,12.570458,134.272949,-20.263529,-0.058091,0.912632,0.159693,0.37179,-5.096976,128.766205,27.185875,0.387265,0.88262,0.204274,-0.171113,6.877378,128.553848,38.832321,-0.005221,0.309565,0.522779,-0.794257,22.688276,113.42778,27.487984,0.061301,0.117671,0.579159,-0.804345,15.862831,135.167572,14.806991,0.001201,0.850809,0.245909,0.464383,-7.309264,84.834412,11.072209,0.147924,0.948115,-0.055182,0.275954,0.855668,53.124714,-4.06235,0.01549,0.940183,0.004806,0.340282,-13.727252,8.565268,-2.983801,-0.119465,0.834916,0.055761,0.534354,1.693403,85.357422,28.216066,0.04386,0.826418,-0.183031,0.530668,11.039044,50.538879,29.462793,-0.029474,0.823183,0.026826,0.566375,-1.470886,6.964046,41.467163,0.01549,0.940183,0.004806,0.340282,-4.591917,2.251155,-14.270093,-0.029474,0.823183,0.026826,0.566375,12.549927,1.815181,36.212753
472,3.933333,-0.041427,0.85425,0.044842,0.516266,-2.847432,85.081123,19.586704,-0.00999,0.848648,0.078343,0.52303,-3.777274,92.964012,19.855448,0.005883,0.848989,0.038458,0.526976,-5.663992,111.802971,22.192759,0.159762,0.913418,-0.086722,0.364173,-6.356639,134.411041,23.814186,0.10663,0.963954,-0.192259,0.149861,0.208166,147.899048,21.788519,-0.057765,0.7743,0.128837,0.616866,-8.531046,129.150146,20.224585,0.287012,-0.582473,0.126613,-0.749879,-12.411348,130.311111,4.017635,0.180691,-0.025498,-0.377101,-0.908017,-5.278782,117.390106,-15.721926,0.220607,0.165996,-0.5469,-0.790366,12.557924,134.261322,-20.281433,-0.057884,0.912416,0.158984,0.372653,-5.087972,128.75882,27.151749,0.388612,0.881745,0.206653,-0.169706,6.865715,128.54393,38.819355,-0.003848,0.309996,0.524344,-0.793064,22.64871,113.381729,27.484423,0.061875,0.118157,0.579575,-0.80393,15.924299,135.126343,14.770834,0.002228,0.850409,0.246003,0.465061,-7.336712,84.844055,11.00775,0.146788,0.94855,-0.055938,0.274911,0.780468,53.137936,-4.15996,0.01678,0.940158,0.005722,0.340278,-13.72155,8.554972,-2.968153,-0.12014,0.834504,0.056348,0.534784,1.641849,85.318192,28.165659,0.043442,0.826354,-0.183694,0.530573,11.048954,50.516068,29.40844,-0.028135,0.823267,0.027436,0.566292,-1.459663,6.960618,41.484287,0.01678,0.940158,0.005722,0.340278,-4.597293,2.253779,-14.270616,-0.028135,0.823267,0.027436,0.566292,12.551558,1.803762,36.21217
473,3.941667,-0.039956,0.853787,0.045639,0.517078,-2.891801,85.06517,19.517717,-0.008935,0.848318,0.078073,0.523623,-3.808516,92.948814,19.808491,0.006057,0.848685,0.038179,0.527485,-5.657865,111.79541,22.157589,0.159678,0.913324,-0.087327,0.364303,-6.338119,134.404343,23.772039,0.107142,0.96395,-0.191996,0.149859,0.230884,147.887939,21.730522,-0.057931,0.774153,0.128301,0.617147,-8.511658,129.14386,20.181334,0.287068,-0.582877,0.126852,-0.749503,-12.379759,130.29097,3.970473,0.180186,-0.025098,-0.377619,-0.907914,-5.273396,117.356133,-15.769486,0.220161,0.166555,-0.547234,-0.790142,12.54197,134.250443,-20.305147,-0.057666,0.912183,0.158117,0.373625,-5.076919,128.752258,27.112621,0.38942,0.881622,0.20644,-0.168754,6.853379,128.53595,38.804127,-0.003258,0.311539,0.525263,-0.791854,22.621286,113.329567,27.507439,0.062662,0.119054,0.580163,-0.803312,15.995258,135.075912,14.73008,0.003246,0.850162,0.245841,0.465592,-7.367154,84.861496,10.930628,0.145522,0.94921,-0.056661,0.273155,0.691587,53.150047,-4.257084,0.018877,0.940038,0.007433,0.340465,-13.716069,8.539992,-2.940859,-0.121102,0.834094,0.057028,0.535136,1.583551,85.268852,28.104805,0.043253,0.826212,-0.184406,0.530563,11.072633,50.489021,29.348564,-0.028269,0.823316,0.02728,0.566222,-1.456079,6.956625,41.486568,0.018877,0.940038,0.007433,0.340465,-4.604056,2.265897,-14.268253,-0.028269,0.823316,0.02728,0.566222,12.554568,1.798218,36.214428
474,3.95,-0.038295,0.853243,0.046754,0.518,-2.942221,85.039017,19.435467,-0.006933,0.847934,0.077434,0.52437,-3.845926,92.92308,19.754044,0.005844,0.848254,0.037962,0.528195,-5.62039,111.780861,22.121906,0.159684,0.913176,-0.087957,0.364519,-6.304947,134.390671,23.722332,0.107307,0.964038,-0.191581,0.149709,0.27113,147.868561,21.666058,-0.058116,0.774394,0.127723,0.616947,-8.472099,129.12796,20.130993,0.286787,-0.583294,0.127063,-0.749251,-12.347723,130.257034,3.920664,0.179299,-0.024692,-0.378178,-0.907867,-5.267945,117.318169,-15.826197,0.219342,0.167327,-0.547677,-0.789899,12.525455,134.239929,-20.331181,-0.057347,0.911903,0.156568,0.375007,-5.048942,128.740555,27.068243,0.390788,0.881099,0.207117,-0.167489,6.847995,128.526093,38.793724,-0.002351,0.31329,0.526651,-0.790242,22.584248,113.263023,27.529387,0.063529,0.12091,0.580372,-0.802816,16.088682,135.017181,14.675867,0.004447,0.849827,0.245868,0.466179,-7.401595,84.875214,10.839219,0.144024,0.949483,-0.058008,0.272715,0.594907,53.165382,-4.384728,0.021331,0.939944,0.009637,0.340524,-13.715211,8.52915,-2.902718,-0.122272,0.83311,0.058033,0.536292,1.517153,85.202812,28.031715,0.043106,0.825918,-0.185357,0.530702,11.111619,50.451874,29.274469,-0.028084,0.823326,0.027441,0.56621,-1.454171,6.951252,41.48782,0.021331,0.939944,0.009637,0.340524,-4.620167,2.292644,-14.264449,-0.028084,0.823326,0.027441,0.56621,12.555575,1.793629,36.212532
475,3.958333,-0.036164,0.852509,0.04789,0.519256,-2.994487,85.004715,19.335955,-0.004936,0.847265,0.077448,0.52547,-3.879188,92.889595,19.68618,0.005379,0.847578,0.037309,0.52933,-5.594546,111.771751,22.09532,0.159954,0.912838,-0.088799,0.365043,-6.283433,134.384018,23.658617,0.107529,0.964128,-0.191085,0.149604,0.309806,147.851288,21.587704,-0.058193,0.774204,0.127199,0.617287,-8.440983,129.115707,20.069731,0.286911,-0.583745,0.127378,-0.748798,-12.302298,130.23381,3.855231,0.178323,-0.024154,-0.378907,-0.907771,-5.252453,117.276207,-15.890047,0.218081,0.16802,-0.548246,-0.789706,12.509907,134.230545,-20.357372,-0.057586,0.911551,0.15569,0.37619,-5.03634,128.739166,27.016682,0.395256,0.87637,0.22341,-0.160735,6.829993,128.536148,38.773335,0.005585,0.309846,0.5318,-0.788133,22.502398,113.231293,27.476746,0.065956,0.121906,0.580678,-0.802248,16.199026,134.94223,14.620212,0.00503,0.849782,0.24578,0.466303,-7.431694,84.889206,10.727462,0.14288,0.949894,-0.059443,0.271577,0.52834,53.176636,-4.509874,0.026389,0.939618,0.013192,0.34095,-13.71578,8.525431,-2.853306,-0.123798,0.832097,0.058967,0.537411,1.442721,85.120216,27.944448,0.042992,0.825319,-0.186365,0.531289,11.160809,50.404263,29.204395,-0.028369,0.823289,0.027734,0.566234,-1.454172,6.937856,41.488644,0.026389,0.939618,0.013192,0.34095,-4.65264,2.339561,-14.268084,-0.028369,0.823289,0.027734,0.566234,12.560126,1.792324,36.213642
476,3.966667,-0.033869,0.851918,0.049289,0.520249,-3.067213,84.96698,19.226555,-0.002619,0.846718,0.076905,0.526448,-3.932844,92.852249,19.613644,0.005207,0.846962,0.037077,0.530333,-5.56662,111.755844,22.052279,0.159744,0.912662,-0.089885,0.365308,-6.2584,134.368973,23.601767,0.10799,0.964191,-0.190619,0.149459,0.340928,147.828796,21.502028,-0.058563,0.773823,0.126742,0.617823,-8.407652,129.098816,20.01063,0.287523,-0.584351,0.127201,-0.748121,-12.245395,130.200928,3.78944,0.177439,-0.023534,-0.379766,-0.907601,-5.228179,117.227921,-15.957353,0.216556,0.168275,-0.549839,-0.788964,12.497445,134.219086,-20.385811,-0.057508,0.911294,0.154373,0.377367,-5.019444,128.725891,26.965805,0.399328,0.871844,0.238036,-0.154155,6.817555,128.530487,38.752121,0.013397,0.306959,0.536829,-0.785756,22.432596,113.177505,27.441406,0.069381,0.122912,0.581818,-0.800978,16.332769,134.845139,14.556782,0.005528,0.849376,0.245825,0.467011,-7.48755,84.90477,10.608835,0.141711,0.950096,-0.060953,0.271147,0.456182,53.194202,-4.641163,0.02964,0.939294,0.015412,0.341483,-13.722396,8.52882,-2.813399,-0.125126,0.83076,0.059937,0.539063,1.353124,85.02919,27.844275,0.043138,0.824489,-0.187521,0.532159,11.183557,50.345398,29.118214,-0.028718,0.822756,0.028394,0.566959,-1.512288,6.92071,41.466549,0.02964,0.939294,0.015412,0.341483,-4.673468,2.373844,-14.25612,-0.028718,0.822756,0.028394,0.566959,12.51812,1.797581,36.212601
477,3.975,-0.031548,0.851354,0.050398,0.521212,-3.151067,84.924171,19.111155,-0.000113,0.846128,0.076491,0.527463,-3.994937,92.810104,19.531504,0.005035,0.8463,0.036586,0.531425,-5.543489,111.732841,22.007614,0.160313,0.912274,-0.091351,0.365664,-6.232025,134.347702,23.533236,0.107634,0.96442,-0.189843,0.149224,0.39769,147.787994,21.404385,-0.058945,0.773462,0.125922,0.618405,-8.373756,129.074707,19.941757,0.287853,-0.584947,0.127096,-0.747546,-12.18594,130.153168,3.712949,0.176344,-0.02268,-0.380751,-0.907423,-5.201766,117.169678,-16.038673,0.215126,0.168548,-0.55209,-0.787724,12.481589,134.2043,-20.414492,-0.057149,0.91102,0.153111,0.378595,-5.003484,128.707504,26.905949,0.401082,0.871295,0.238864,-0.151404,6.803891,128.510254,38.721916,0.016317,0.308932,0.53903,-0.783416,22.391172,113.066658,27.496597,0.073767,0.124366,0.582436,-0.799912,16.474678,134.719818,14.480244,0.00632,0.848623,0.246099,0.468224,-7.554916,84.912735,10.484779,0.140307,0.950228,-0.062706,0.271014,0.371373,53.212559,-4.795887,0.033246,0.939102,0.017957,0.341555,-13.727639,8.530373,-2.773689,-0.126887,0.829528,0.060885,0.540441,1.252782,84.935608,27.737532,0.042712,0.823462,-0.188535,0.533424,11.220403,50.292099,29.041143,-0.028992,0.822702,0.028746,0.567005,-1.511391,6.899741,41.465897,0.033246,0.939102,0.017957,0.341555,-4.706197,2.41284,-14.258121,-0.028992,0.822702,0.028746,0.567005,12.524059,1.789994,36.212372
478,3.983333,-0.029115,0.850769,0.051306,0.522219,-3.250169,84.867393,18.987192,0.002742,0.845554,0.076033,0.528441,-4.06921,92.754204,19.439016,0.005019,0.845682,0.035727,0.532467,-5.520228,111.696648,21.95871,0.160117,0.912239,-0.091274,0.365857,-6.190519,134.314331,23.45022,0.108076,0.964481,-0.190015,0.148293,0.434111,147.75737,21.32283,-0.059112,0.773232,0.124984,0.618867,-8.328692,129.038254,19.861151,0.2877,-0.585416,0.12745,-0.747177,-12.12112,130.095413,3.626317,0.175147,-0.021622,-0.381839,-0.907224,-5.168479,117.098938,-16.12789,0.214055,0.169123,-0.55517,-0.785725,12.471235,134.185226,-20.441284,-0.056554,0.910727,0.151283,0.380121,-4.975584,128.677795,26.833975,0.402922,0.870619,0.240363,-0.147996,6.795357,128.477295,38.68618,0.020379,0.31084,0.541803,-0.780649,22.360001,112.938881,27.560741,0.07969,0.125067,0.583803,-0.798237,16.658831,134.565826,14.39125,0.006046,0.848422,0.246724,0.468264,-7.636516,84.90657,10.351988,0.139295,0.95058,-0.064428,0.269896,0.328436,53.228344,-4.954077,0.036956,0.939222,0.020029,0.340726,-13.722027,8.540159,-2.735891,-0.128828,0.828325,0.061937,0.541706,1.136178,84.828217,27.622396,0.042316,0.822619,-0.189653,0.534358,11.255486,50.229836,28.95583,-0.02751,0.822583,0.030155,0.567179,-1.514934,6.873983,41.468071,0.036956,0.939222,0.020029,0.340726,-4.753057,2.447581,-14.274558,-0.02751,0.822583,0.030155,0.567179,12.517548,1.773523,36.197632
479,3.991667,-0.027054,0.850232,0.05209,0.523125,-3.351731,84.809288,18.854029,0.00562,0.844933,0.075677,0.529462,-4.149941,92.696648,19.332714,0.005384,0.845001,0.035062,0.533587,-5.504239,111.649338,21.898798,0.160219,0.912105,-0.092039,0.365956,-6.146422,134.268982,23.372795,0.107909,0.964671,-0.189886,0.147338,0.488662,147.703964,21.227261,-0.059231,0.772929,0.124148,0.619402,-8.282759,128.993408,19.781885,0.287614,-0.58582,0.127853,-0.746825,-12.052582,130.033035,3.540653,0.174147,-0.020475,-0.383099,-0.906911,-5.128291,117.020706,-16.213074,0.213298,0.169951,-0.558682,-0.78326,12.459867,134.1633,-20.464752,-0.055745,0.910526,0.149234,0.381529,-4.948212,128.633118,26.763613,0.404841,0.870024,0.241458,-0.144433,6.789945,128.426636,38.648182,0.024824,0.313119,0.544874,-0.777466,22.329552,112.78334,27.635288,0.087094,0.125918,0.584821,-0.796582,16.873642,134.377106,14.291819,0.006165,0.847635,0.247535,0.469259,-7.721968,84.891571,10.210962,0.138112,0.951008,-0.066473,0.268498,0.281259,53.242397,-5.135198,0.042197,0.939867,0.023331,0.338121,-13.712322,8.548537,-2.68404,-0.130924,0.827427,0.062664,0.542492,1.018506,84.727013,27.497095,0.042042,0.821916,-0.190639,0.53511,11.286521,50.174438,28.880484,-0.027531,0.82253,0.030671,0.567227,-1.522858,6.851596,41.466999,0.042197,0.939867,0.023331,0.338121,-4.849949,2.50482,-14.330268,-0.027531,0.82253,0.030671,0.567227,12.513373,1.764221,36.193901
480,4.0,-0.025309,0.849731,0.052964,0.523939,-3.455227,84.742165,18.704847,0.00881,0.844354,0.075145,0.530417,-4.237619,92.629517,19.209084,0.005869,0.844349,0.034351,0.534659,-5.481271,111.592422,21.822569,0.160534,0.912057,-0.092571,0.365803,-6.08947,134.21405,23.280313,0.107639,0.964982,-0.189641,0.145809,0.558385,147.640854,21.123001,-0.059073,0.772795,0.123538,0.619707,-8.225717,128.939697,19.687567,0.288464,-0.586236,0.127811,-0.746177,-11.983546,129.972305,3.443111,0.174031,-0.018623,-0.384502,-0.90638,-5.082788,116.93512,-16.302462,0.213549,0.170449,-0.562847,-0.780094,12.445396,134.137421,-20.477489,-0.054752,0.910248,0.147259,0.3831,-4.908997,128.57843,26.677727,0.406965,0.869369,0.242685,-0.14029,6.792686,128.358673,38.597973,0.030212,0.315309,0.548311,-0.773965,22.305464,112.596596,27.717411,0.095614,0.126398,0.587022,-0.793906,17.112906,134.151886,14.17657,0.006319,0.84624,0.248541,0.471237,-7.810734,84.863113,10.054804,0.137242,0.951676,-0.068534,0.266044,0.253244,53.250088,-5.333989,0.04749,0.941047,0.026289,0.333893,-13.707479,8.559855,-2.641211,-0.132926,0.826153,0.063246,0.543877,0.90028,84.621216,27.354891,0.041589,0.821128,-0.191633,0.536,11.304709,50.112045,28.801022,-0.027721,0.822403,0.03146,0.567358,-1.53254,6.821287,41.469261,0.04749,0.941047,0.026289,0.333893,-4.993598,2.559502,-14.421143,-0.027721,0.822403,0.03146,0.567358,12.511542,1.756633,36.195194
481,4.008333,-0.024047,0.849278,0.053424,0.524685,-3.570271,84.678108,18.56921,0.01168,0.843962,0.074168,0.531122,-4.339909,92.565674,19.089497,0.006585,0.843908,0.033868,0.535377,-5.472868,111.531593,21.728901,0.160906,0.912067,-0.093768,0.365309,-6.043191,134.154327,23.185051,0.107607,0.965316,-0.189074,0.144349,0.624041,147.566376,20.996107,-0.058839,0.772541,0.122689,0.620214,-8.182962,128.883667,19.58897,0.288675,-0.586375,0.128409,-0.745884,-11.920711,129.907303,3.339317,0.17391,-0.016566,-0.385791,-0.905895,-5.035522,116.841888,-16.393023,0.214269,0.17136,-0.567667,-0.776195,12.443945,134.10817,-20.482952,-0.05429,0.909978,0.145605,0.384438,-4.878282,128.516693,26.584536,0.405072,0.876194,0.218147,-0.14357,6.790761,128.297073,38.536736,0.026906,0.326827,0.546394,-0.770658,22.333393,112.345413,27.979883,0.105672,0.126758,0.589397,-0.790808,17.387648,133.891708,14.048764,0.005974,0.845423,0.250213,0.471824,-7.911822,84.825493,9.912564,0.13632,0.952858,-0.070778,0.261666,0.241005,53.27232,-5.552068,0.05635,0.943121,0.030282,0.326236,-13.679435,8.587757,-2.572093,-0.134486,0.824496,0.064531,0.545854,0.771279,84.530724,27.225855,0.040506,0.819552,-0.192803,0.538071,11.312173,50.06348,28.683489,-0.027837,0.822196,0.031981,0.567624,-1.531945,6.806588,41.459984,0.05635,0.943121,0.030282,0.326236,-5.23455,2.63941,-14.57225,-0.027837,0.822196,0.031981,0.567624,12.519489,1.756801,36.19125
482,4.016667,-0.023463,0.848918,0.054466,0.525186,-3.664416,84.607384,18.409147,0.014347,0.843572,0.073717,0.531738,-4.435157,92.493599,18.947857,0.007507,0.843487,0.033091,0.536077,-5.474373,111.45636,21.625801,0.161708,0.912024,-0.095043,0.364732,-5.991732,134.080856,23.074234,0.107233,0.965751,-0.188381,0.142616,0.706394,147.472656,20.855785,-0.058474,0.772197,0.122043,0.620804,-8.138757,128.814346,19.476408,0.289031,-0.58676,0.128797,-0.745376,-11.853468,129.837067,3.221409,0.174664,-0.013178,-0.387315,-0.905155,-4.995495,116.74485,-16.502644,0.217362,0.173089,-0.571803,-0.771904,12.422395,134.086578,-20.465132,-0.053173,0.909779,0.143697,0.385779,-4.845892,128.441437,26.477232,0.40752,0.875468,0.219935,-0.138246,6.792662,128.205566,38.458824,0.033474,0.330005,0.550435,-0.766158,22.311207,112.117676,28.074657,0.115711,0.127366,0.591235,-0.787927,17.70492,133.585159,13.894862,0.00586,0.844224,0.251604,0.47323,-7.996318,84.775658,9.748046,0.13598,0.954414,-0.072674,0.255582,0.236815,53.272736,-5.776376,0.059476,0.94547,0.032462,0.318584,-13.678129,8.604988,-2.530424,-0.135903,0.82274,0.065536,0.548028,0.667487,84.439102,27.070248,0.039473,0.818096,-0.194101,0.539894,11.325336,50.008934,28.553492,-0.027585,0.821838,0.033129,0.568089,-1.532695,6.791383,41.44862,0.059476,0.94547,0.032462,0.318584,-5.447723,2.70846,-14.703931,-0.027585,0.821838,0.033129,0.568089,12.52892,1.765673,36.18401
483,4.025,-0.022714,0.848602,0.054871,0.525688,-3.78308,84.524788,18.24976,0.016877,0.843261,0.072763,0.53229,-4.547421,92.410851,18.799723,0.00909,0.843156,0.032363,0.536618,-5.487081,111.376587,21.497972,0.162489,0.912165,-0.095469,0.363922,-5.92709,134.00206,22.956757,0.106809,0.966175,-0.188133,0.140368,0.792227,147.381668,20.728863,-0.058649,0.771336,0.122261,0.621815,-8.088346,128.744797,19.353916,0.288628,-0.587282,0.130501,-0.744825,-11.760418,129.773361,3.089602,0.175551,-0.009039,-0.389252,-0.904203,-4.954398,116.626312,-16.615969,0.222438,0.176276,-0.574388,-0.767806,12.385009,134.064255,-20.423742,-0.051276,0.90971,0.141652,0.386954,-4.804876,128.35704,26.358341,0.409417,0.87467,0.223304,-0.132159,6.809947,128.084213,38.362148,0.041581,0.332636,0.554421,-0.761736,22.333231,111.886536,28.157278,0.126188,0.127417,0.595019,-0.78345,18.04726,133.245331,13.703446,0.005908,0.843077,0.253533,0.474244,-8.105447,84.710167,9.584249,0.13514,0.956583,-0.074653,0.24721,0.20968,53.277569,-6.038696,0.065208,0.948155,0.035528,0.309011,-13.646403,8.615825,-2.474087,-0.137901,0.821197,0.067018,0.549662,0.539287,84.339401,26.915274,0.03883,0.816913,-0.195678,0.541161,11.366903,49.962894,28.413319,-0.029394,0.821639,0.032288,0.568334,-1.540628,6.798288,41.435669,0.065208,0.948155,0.035528,0.309011,-5.706093,2.782999,-14.868936,-0.029394,0.821639,0.032288,0.568334,12.535271,1.782995,36.199387
484,4.033333,-0.022032,0.848535,0.055385,0.525772,-3.906976,84.427055,18.076441,0.019641,0.843108,0.071983,0.532542,-4.666477,92.312698,18.638937,0.010411,0.842972,0.031347,0.536943,-5.502017,111.288139,21.369501,0.163873,0.912309,-0.095857,0.362835,-5.867353,133.915375,22.82147,0.106619,0.966677,-0.187737,0.137562,0.88729,147.27652,20.589535,-0.057554,0.771379,0.121348,0.622042,-8.043857,128.664322,19.218761,0.290193,-0.587457,0.130586,-0.744063,-11.710744,129.703003,2.953915,0.178164,-0.003999,-0.391051,-0.902951,-4.915954,116.509926,-16.724754,0.227602,0.181182,-0.576266,-0.763733,12.342868,134.033783,-20.369053,-0.049192,0.909739,0.140028,0.387746,-4.766186,128.267639,26.225407,0.411872,0.873884,0.225252,-0.126293,6.835152,127.948776,38.241119,0.049155,0.336224,0.558745,-0.756532,22.333776,111.608742,28.227516,0.136513,0.128048,0.598871,-0.778666,18.422644,132.859451,13.482759,0.006233,0.841725,0.255626,0.475516,-8.228226,84.62899,9.41074,0.134394,0.958949,-0.076529,0.237695,0.16282,53.273582,-6.326302,0.068703,0.950574,0.037446,0.300478,-13.631371,8.619583,-2.439218,-0.139628,0.819391,0.068458,0.551739,0.414274,84.225113,26.742142,0.037689,0.815281,-0.197334,0.543099,11.393325,49.897232,28.25318,-0.030127,0.821269,0.032429,0.568822,-1.540864,6.785455,41.423256,0.068703,0.950574,0.037446,0.300478,-5.937943,2.835553,-15.011367,-0.030127,0.821269,0.032429,0.568822,12.548404,1.786364,36.207466
485,4.041667,-0.021483,0.848551,0.055423,0.525763,-4.040719,84.319817,17.903379,0.021709,0.843111,0.071048,0.532584,-4.79313,92.20578,18.470995,0.01253,0.842997,0.030241,0.536922,-5.5429,111.186661,21.214146,0.165308,0.912442,-0.096596,0.361651,-5.800252,133.814774,22.67547,0.105866,0.967216,-0.187105,0.135193,0.993993,147.153534,20.429882,-0.056176,0.771327,0.12072,0.622355,-8.002499,128.575623,19.071087,0.290932,-0.587369,0.131791,-0.743631,-11.661614,129.638123,2.806038,0.180372,0.001621,-0.392902,-0.901716,-4.877337,116.383537,-16.834881,0.232856,0.187093,-0.578825,-0.758772,12.298482,134.004608,-20.284182,-0.046302,0.909742,0.138003,0.38882,-4.725233,128.160461,26.076847,0.415095,0.871335,0.233337,-0.118431,6.857455,127.77507,38.108585,0.059591,0.338242,0.564899,-0.750287,22.319546,111.308289,28.247297,0.146732,0.127673,0.603968,-0.772911,18.843496,132.415451,13.217948,0.006859,0.84046,0.258003,0.476461,-8.362593,84.531166,9.238216,0.133404,0.961415,-0.078292,0.227497,0.0902,53.264416,-6.641539,0.069416,0.952791,0.038321,0.293092,-13.610202,8.611136,-2.428087,-0.141672,0.817964,0.070155,0.55312,0.281156,84.108475,26.568541,0.036824,0.813531,-0.199057,0.545149,11.44108,49.839073,28.081945,-0.030204,0.820754,0.032215,0.569572,-1.546998,6.785342,41.388153,0.069416,0.952791,0.038321,0.293092,-6.110092,2.864492,-15.133488,-0.030204,0.820754,0.032215,0.569572,12.551146,1.782469,36.200058
486,4.05,-0.021019,0.848794,0.055963,0.525333,-4.17181,84.199799,17.707434,0.023822,0.843177,0.070106,0.532513,-4.922171,92.085114,18.286556,0.0148,0.843018,0.029279,0.536884,-5.584656,111.084579,21.045021,0.166763,0.912696,-0.09724,0.360168,-5.73173,133.712479,22.524855,0.105583,0.967754,-0.186576,0.132265,1.100456,147.029526,20.265608,-0.054995,0.77157,0.118797,0.622529,-7.960285,128.48703,18.91675,0.290914,-0.587032,0.133053,-0.74368,-11.616541,129.540222,2.650452,0.181009,0.007308,-0.394926,-0.900675,-4.82922,116.244385,-16.961517,0.236146,0.192976,-0.581586,-0.754157,12.25384,133.975525,-20.184971,-0.044026,0.909757,0.136469,0.389591,-4.683354,128.050232,25.921354,0.418137,0.870028,0.235877,-0.112144,6.886158,127.612068,37.963955,0.068758,0.34258,0.570236,-0.743466,22.294771,110.983292,28.292625,0.157407,0.128225,0.60985,-0.766071,19.288605,131.927872,12.918605,0.007169,0.839395,0.260465,0.476993,-8.502835,84.423698,9.047155,0.132418,0.963507,-0.08027,0.21835,0.026334,53.249352,-6.972817,0.072083,0.954475,0.038121,0.286928,-13.584489,8.600918,-2.430617,-0.143472,0.815448,0.071988,0.556128,0.159216,83.975899,26.367712,0.035575,0.811478,-0.201131,0.547526,11.488058,49.762321,27.888977,-0.030333,0.820445,0.032303,0.570005,-1.548782,6.777957,41.370621,0.072083,0.954475,0.038121,0.286928,-6.275661,2.84537,-15.243011,-0.030333,0.820445,0.032303,0.570005,12.556399,1.779579,36.197334
487,4.058333,-0.020364,0.84935,0.056307,0.524423,-4.31002,84.082878,17.512651,0.025314,0.843385,0.068686,0.5323,-5.053788,91.968018,18.102667,0.017116,0.843085,0.028477,0.536754,-5.638159,110.97403,20.846239,0.16867,0.912863,-0.098611,0.35848,-5.676938,133.600677,22.351789,0.105464,0.96843,-0.185122,0.129427,1.210824,146.883987,20.062889,-0.053552,0.771516,0.118575,0.622764,-7.93194,128.389984,18.738777,0.291225,-0.58662,0.135124,-0.74351,-11.583623,129.476746,2.47366,0.181522,0.013748,-0.397241,-0.899478,-4.799841,116.10305,-17.086517,0.239306,0.199774,-0.583092,-0.750218,12.17268,133.958954,-20.051401,-0.039929,0.910117,0.134392,0.389912,-4.653984,127.929649,25.741392,0.419645,0.871303,0.230117,-0.108516,6.918646,127.393028,37.777012,0.073721,0.350373,0.573441,-0.736865,22.304419,110.600189,28.356058,0.168043,0.131206,0.616066,-0.758294,19.76568,131.407852,12.597534,0.007534,0.838461,0.263137,0.477163,-8.66007,84.319832,8.862265,0.131191,0.965229,-0.082372,0.210561,-0.057308,53.246819,-7.31446,0.071076,0.956203,0.036598,0.281576,-13.561281,8.600103,-2.447978,-0.145935,0.814139,0.074089,0.557127,0.04003,83.845924,26.163042,0.034928,0.809946,-0.203975,0.548782,11.589624,49.705906,27.677042,-0.029156,0.820204,0.031625,0.570452,-1.562966,6.825292,41.374912,0.071076,0.956203,0.036598,0.281576,-6.388419,2.820341,-15.32614,-0.029156,0.820204,0.031625,0.570452,12.533604,1.789986,36.214001
488,4.066667,-0.020854,0.850301,0.057435,0.522738,-4.429047,83.95063,17.296955,0.02654,0.843873,0.067814,0.531578,-5.187606,91.833405,17.899536,0.02002,0.843428,0.027107,0.536184,-5.712529,110.8582,20.642883,0.170835,0.913249,-0.098798,0.356414,-5.605916,133.483414,22.166643,0.105162,0.969124,-0.184215,0.125718,1.331312,146.741104,19.878601,-0.051477,0.771855,0.117159,0.622787,-7.899381,128.290009,18.552938,0.291415,-0.586776,0.135917,-0.743168,-11.557431,129.40033,2.290843,0.181583,0.021107,-0.398428,-0.898798,-4.793262,115.992165,-17.252514,0.240432,0.2082,-0.58475,-0.746266,12.101819,133.934967,-19.898729,-0.035833,0.910498,0.132143,0.39019,-4.613623,127.803291,25.55011,0.422582,0.870377,0.230897,-0.10274,6.962129,127.17067,37.578064,0.081824,0.356174,0.578781,-0.729012,22.286135,110.209419,28.360315,0.179888,0.133507,0.620873,-0.751221,20.283613,130.825974,12.246161,0.007598,0.838695,0.265564,0.475404,-8.812889,84.188721,8.663674,0.129663,0.966292,-0.084689,0.205657,-0.164319,53.208351,-7.665578,0.067826,0.957521,0.03426,0.27817,-13.549698,8.560562,-2.491064,-0.147846,0.811765,0.075536,0.559886,-0.045203,83.712532,25.930235,0.033728,0.808348,-0.206065,0.55043,11.664475,49.628624,27.478405,-0.02916,0.819929,0.031858,0.570833,-1.531394,6.820679,41.360699,0.067826,0.957521,0.03426,0.27817,-6.44063,2.742675,-15.387422,-0.02916,0.819929,0.031858,0.570833,12.571276,1.791247,36.210728
489,4.075,-0.021163,0.851509,0.058442,0.520644,-4.552754,83.818443,17.083048,0.026905,0.844799,0.066519,0.530251,-5.322307,91.699158,17.698481,0.02364,0.844276,0.024828,0.534811,-5.803537,110.690163,20.402586,0.172388,0.914011,-0.097521,0.354056,-5.500546,133.313568,21.926695,0.10484,0.969886,-0.18276,0.122179,1.455604,146.566452,19.668392,-0.048903,0.772607,0.117732,0.621953,-7.850458,128.139954,18.320902,0.290521,-0.586452,0.138017,-0.743386,-11.551796,129.324051,2.073811,0.180492,0.029544,-0.400275,-0.897959,-4.797269,115.867928,-17.439905,0.242123,0.216947,-0.584648,-0.743302,11.985627,133.931488,-19.703983,-0.031997,0.9105,0.12958,0.391375,-4.544369,127.625061,25.306473,0.425717,0.869544,0.230441,-0.097757,7.009142,126.903999,37.350822,0.090019,0.362083,0.584679,-0.720377,22.25131,109.766815,28.324764,0.192052,0.134946,0.628576,-0.741484,20.82929,130.198212,11.843305,0.007129,0.839071,0.268178,0.473276,-8.978669,84.058777,8.471321,0.12821,0.96686,-0.087082,0.202879,-0.253431,53.178551,-8.006186,0.061098,0.958862,0.0304,0.275546,-13.537422,8.534161,-2.548752,-0.150359,0.8109,0.07677,0.560303,-0.126838,83.57811,25.694773,0.033141,0.806579,-0.208235,0.552241,11.772778,49.561825,27.281506,-0.03,0.819424,0.031167,0.571553,-1.520483,6.834528,41.318466,0.061098,0.958862,0.0304,0.275546,-6.438616,2.655038,-15.422976,-0.03,0.819424,0.031167,0.571553,12.59456,1.802822,36.204739
490,4.083333,-0.020637,0.85346,0.059198,0.517374,-4.712104,83.694359,16.852821,0.028521,0.84553,0.06501,0.529188,-5.478365,91.574013,17.485741,0.026215,0.844512,0.024618,0.534328,-5.873649,110.598076,20.178541,0.17549,0.914239,-0.099233,0.351458,-5.466179,133.216141,21.756737,0.105088,0.970665,-0.181342,0.117814,1.575556,146.417862,19.464272,-0.04771,0.772984,0.115937,0.621915,-7.843866,128.061935,18.141348,0.289176,-0.586439,0.139713,-0.743604,-11.550638,129.238785,1.894972,0.179192,0.037827,-0.401431,-0.897392,-4.818586,115.758064,-17.609533,0.242423,0.227187,-0.585525,-0.739445,11.875896,133.917068,-19.48913,-0.026243,0.911863,0.12774,0.38923,-4.531769,127.515205,25.121651,0.430159,0.867804,0.230956,-0.09241,7.088868,126.653526,37.091953,0.099409,0.367442,0.591428,-0.710856,22.193748,109.304466,28.241613,0.204063,0.136066,0.636737,-0.731034,21.393541,129.517197,11.393378,0.005736,0.839515,0.27107,0.470853,-9.204189,83.946457,8.275763,0.126454,0.967071,-0.089321,0.202003,-0.343422,53.177471,-8.33694,0.051186,0.960247,0.023794,0.273384,-13.505951,8.528191,-2.63089,-0.153202,0.810473,0.077655,0.560029,-0.220019,83.442253,25.42988,0.032857,0.805213,-0.210548,0.553373,11.875423,49.498089,27.079132,-0.029713,0.818805,0.030657,0.572482,-1.534279,6.859866,41.275299,0.051186,0.960247,0.023794,0.273384,-6.379738,2.530042,-15.434876,-0.029713,0.818805,0.030657,0.572482,12.586792,1.810886,36.195347
491,4.091667,-0.022078,0.855518,0.06017,0.513792,-4.80401,83.528236,16.62326,0.028531,0.846791,0.064413,0.52724,-5.595089,91.405067,17.260736,0.029296,0.845492,0.023104,0.532684,-5.972161,110.456108,19.938713,0.178007,0.914678,-0.100163,0.348777,-5.406966,133.069687,21.532423,0.104766,0.971494,-0.179177,0.114534,1.697446,146.234085,19.218761,-0.044743,0.774492,0.114511,0.620522,-7.83372,127.934357,17.922798,0.287119,-0.585157,0.142424,-0.744896,-11.607482,129.150635,1.69476,0.177224,0.046431,-0.402853,-0.896742,-4.839079,115.639076,-17.775805,0.242195,0.237551,-0.585887,-0.735967,11.742934,133.897995,-19.246477,-0.020729,0.91298,0.125105,0.387797,-4.497095,127.360001,24.889185,0.435086,0.865693,0.231609,-0.087373,7.169393,126.371361,36.804955,0.109111,0.373124,0.598544,-0.700442,22.108767,108.802261,28.109095,0.215273,0.136512,0.644751,-0.720637,21.975725,128.75882,10.887365,0.004189,0.841504,0.273804,0.465709,-9.366465,83.7612,8.082883,0.124701,0.966961,-0.092257,0.202298,-0.421405,53.098553,-8.680584,0.046076,0.961023,0.022225,0.271693,-13.48184,8.457989,-2.679394,-0.155426,0.81052,0.077707,0.55934,-0.241556,83.295273,25.163639,0.033027,0.80493,-0.212959,0.552853,11.982763,49.401234,26.891708,-0.029631,0.818527,0.030639,0.572884,-1.553629,6.859836,41.257118,0.046076,0.961023,0.022225,0.271693,-6.346869,2.452254,-15.474942,-0.029631,0.818527,0.030639,0.572884,12.571549,1.809093,36.190357
492,4.1,-0.022529,0.858342,0.06047,0.509004,-4.935805,83.380302,16.388163,0.028402,0.84876,0.062954,0.524249,-5.731874,91.256241,17.030466,0.033183,0.847103,0.021744,0.529946,-6.073679,110.287369,19.656025,0.179413,0.915936,-0.099365,0.344961,-5.321421,132.8927,21.288956,0.105755,0.972248,-0.17722,0.110197,1.796817,146.049881,18.97677,-0.042718,0.775412,0.115321,0.619364,-7.811965,127.783501,17.685699,0.283937,-0.584764,0.145295,-0.745869,-11.639622,129.063217,1.475167,0.174462,0.056695,-0.403732,-0.896297,-4.889279,115.536545,-17.991175,0.242338,0.248852,-0.586878,-0.731382,11.586792,133.887024,-18.959818,-0.015368,0.913994,0.122632,0.386446,-4.434031,127.16954,24.628765,0.441078,0.862559,0.233649,-0.082764,7.27389,126.055489,36.492722,0.12089,0.376367,0.607247,-0.689191,21.993116,108.254532,27.893539,0.227206,0.133372,0.655895,-0.707384,22.542341,127.950325,10.321011,0.001432,0.84312,0.277162,0.46079,-9.592716,83.601936,7.898616,0.123607,0.966666,-0.094913,0.20315,-0.465907,53.071678,-9.007919,0.042457,0.961229,0.019273,0.271781,-13.481676,8.452261,-2.757568,-0.158026,0.811538,0.077573,0.55715,-0.278893,83.158661,24.877708,0.032531,0.803551,-0.215383,0.553947,12.091352,49.321896,26.687866,-0.026862,0.817951,0.031359,0.573804,-1.551253,6.874862,41.230858,0.042457,0.961229,0.019273,0.271781,-6.315001,2.387085,-15.507284,-0.026862,0.817951,0.031359,0.573804,12.564927,1.793932,36.169197
493,4.108333,-0.022899,0.861798,0.060192,0.503147,-5.074534,83.236984,16.144779,0.028606,0.851043,0.061585,0.520688,-5.869053,91.11319,16.78574,0.03655,0.848898,0.021047,0.526872,-6.165701,110.152901,19.372557,0.181364,0.917074,-0.099885,0.340741,-5.26143,132.748932,21.056234,0.106754,0.973072,-0.17475,0.10581,1.894803,145.879944,18.712746,-0.039704,0.777741,0.114287,0.616831,-7.809819,127.664375,17.458572,0.281942,-0.583054,0.147601,-0.74751,-11.750387,128.987976,1.278651,0.173476,0.067135,-0.404341,-0.895493,-4.934892,115.445877,-18.154219,0.242467,0.261654,-0.588714,-0.725371,11.43688,133.87558,-18.648668,-0.008749,0.915677,0.120434,0.383347,-4.385195,127.011955,24.375204,0.44783,0.85901,0.23542,-0.078281,7.407761,125.737091,36.138313,0.134091,0.378173,0.616788,-0.677183,21.866713,107.682587,27.626598,0.240264,0.127783,0.668926,-0.691725,23.106441,127.088463,9.710457,-0.001908,0.844862,0.28045,0.455579,-9.845954,83.441383,7.718624,0.122158,0.966509,-0.097356,0.203617,-0.511862,53.043514,-9.312825,0.037748,0.96192,0.016588,0.270202,-13.445205,8.434736,-2.820185,-0.160639,0.813166,0.076661,0.554147,-0.303115,83.032593,24.570934,0.032337,0.802946,-0.217679,0.553939,12.185778,49.245773,26.495722,-0.026591,0.817574,0.031,0.574373,-1.559417,6.8908,41.209484,0.037748,0.96192,0.016588,0.270202,-6.275627,2.327856,-15.548338,-0.026591,0.817574,0.031,0.574373,12.559223,1.796463,36.168209
494,4.116667,-0.023963,0.865864,0.060022,0.496087,-5.185968,83.099625,15.897803,0.027616,0.85417,0.060488,0.515725,-5.988515,90.975365,16.534481,0.040627,0.851609,0.019935,0.522221,-6.280469,110.003807,19.065163,0.183954,0.918409,-0.099378,0.335871,-5.18348,132.587631,20.797358,0.106977,0.973964,-0.172285,0.101328,2.015501,145.694611,18.450281,-0.037288,0.780088,0.115207,0.61384,-7.810411,127.532455,17.214809,0.279554,-0.581442,0.150347,-0.749113,-11.8802,128.92337,1.072559,0.171969,0.078729,-0.405541,-0.894296,-5.012522,115.359032,-18.326414,0.243959,0.274138,-0.588758,-0.720205,11.207971,133.888306,-18.293716,-0.002095,0.917353,0.117895,0.38021,-4.315087,126.835228,24.091589,0.454632,0.857735,0.226919,-0.078162,7.56032,125.401817,35.753067,0.144854,0.382078,0.62508,-0.665063,21.717623,107.053734,27.362888,0.256377,0.119021,0.680621,-0.675914,23.665545,126.17614,9.074637,-0.005667,0.847341,0.283765,0.448841,-10.093077,83.27449,7.549266,0.120731,0.966343,-0.099728,0.204107,-0.557838,53.013611,-9.61421,0.033586,0.962187,0.014284,0.269934,-13.409864,8.416184,-2.886376,-0.16233,0.814803,0.075498,0.551403,-0.27886,82.924767,24.24634,0.03151,0.801846,-0.220235,0.554569,12.266946,49.164581,26.265934,-0.028554,0.817381,0.029683,0.574623,-1.558569,6.909657,41.190598,0.033586,0.962187,0.014284,0.269934,-6.207532,2.273311,-15.57867,-0.028554,0.817381,0.029683,0.574623,12.572818,1.817176,36.18327
495,4.125,-0.025405,0.87066,0.059686,0.48759,-5.285226,82.98304,15.646583,0.027331,0.857576,0.058984,0.510232,-6.098836,90.858284,16.275267,0.043591,0.85436,0.019764,0.517473,-6.354066,109.872391,18.750076,0.184916,0.920168,-0.09903,0.33059,-5.12885,132.445221,20.538919,0.108915,0.974693,-0.169513,0.096831,2.070541,145.546707,18.162689,-0.034374,0.782884,0.117,0.6101,-7.819727,127.413849,16.970339,0.277172,-0.579481,0.153406,-0.750896,-12.049427,128.899658,0.877735,0.171306,0.090863,-0.406128,-0.893005,-5.115307,115.303978,-18.475597,0.246213,0.287159,-0.589504,-0.713725,10.961289,133.911057,-17.90663,0.006051,0.919609,0.115523,0.375417,-4.25179,126.67849,23.805731,0.462974,0.85276,0.230026,-0.074453,7.743528,125.043549,35.316994,0.160089,0.379796,0.63704,-0.651389,21.55138,106.426193,26.93767,0.273413,0.108408,0.694539,-0.656589,24.211948,125.246902,8.371037,-0.009584,0.85002,0.286837,0.4417,-10.352876,83.118317,7.393771,0.118652,0.966197,-0.10206,0.204864,-0.624648,52.988201,-9.891018,0.032916,0.962606,0.013841,0.268542,-13.338524,8.388233,-2.921852,-0.16355,0.817071,0.073692,0.547919,-0.217576,82.847771,23.899395,0.030395,0.800587,-0.222777,0.555435,12.336351,49.096832,26.020515,-0.028231,0.816963,0.029101,0.575263,-1.551992,6.941032,41.165531,0.032916,0.962606,0.013841,0.268542,-6.166354,2.239012,-15.628141,-0.028231,0.816963,0.029101,0.575263,12.580922,1.828861,36.182644
496,4.133333,-0.026363,0.876291,0.059028,0.477424,-5.389707,82.88472,15.372615,0.025592,0.862165,0.05837,0.502602,-6.204294,90.760414,15.994308,0.048093,0.858497,0.018372,0.510227,-6.481992,109.704376,18.407927,0.185105,0.922713,-0.096599,0.324045,-5.034572,132.26088,20.236141,0.1107,0.975444,-0.166647,0.09211,2.122612,145.386703,17.866743,-0.030769,0.786797,0.11889,0.604871,-7.82827,127.262558,16.700291,0.274797,-0.576783,0.155927,-0.753323,-12.278067,128.856384,0.677526,0.171038,0.103493,-0.406223,-0.891638,-5.228593,115.253113,-18.628746,0.247857,0.301481,-0.590438,-0.706441,10.705767,133.921356,-17.508593,0.013341,0.921832,0.113033,0.370501,-4.151375,126.477753,23.472147,0.472011,0.846496,0.236168,-0.069814,7.961722,124.667671,34.832882,0.177421,0.374426,0.650737,-0.636293,21.386045,105.784698,26.424736,0.293247,0.094202,0.707762,-0.635771,24.771591,124.273979,7.612565,-0.014169,0.852654,0.289809,0.434501,-10.646417,82.983109,7.238388,0.116783,0.966505,-0.103855,0.203578,-0.690113,52.984501,-10.144971,0.03118,0.963189,0.012774,0.266707,-13.259974,8.377934,-2.960117,-0.164467,0.819528,0.071153,0.544299,-0.132997,82.786324,23.506842,0.029062,0.799598,-0.225389,0.555876,12.385198,49.030556,25.758289,-0.027858,0.816661,0.028297,0.575751,-1.545795,6.977135,41.146816,0.03118,0.963189,0.012774,0.266707,-6.119376,2.21254,-15.676345,-0.027858,0.816661,0.028297,0.575751,12.585005,1.83894,36.184734
497,4.141667,-0.026964,0.882533,0.05744,0.46595,-5.492931,82.800186,15.099991,0.025469,0.86704,0.056932,0.49432,-6.296044,90.678314,15.705645,0.050528,0.862698,0.01944,0.502813,-6.527232,109.614777,18.070335,0.186825,0.924762,-0.096922,0.317045,-4.993563,132.158569,19.983202,0.112272,0.976247,-0.163501,0.087204,2.182161,145.264297,17.559231,-0.028139,0.791054,0.120624,0.599076,-7.859225,127.184258,16.471146,0.271803,-0.573927,0.159055,-0.755931,-12.547318,128.854889,0.524333,0.171738,0.116884,-0.406126,-0.889891,-5.384434,115.238403,-18.73081,0.253663,0.314088,-0.589846,-0.699346,10.389892,133.96167,-17.049168,0.023219,0.924948,0.111308,0.362689,-4.069692,126.357582,23.175591,0.482193,0.839793,0.240569,-0.066062,8.222733,124.291252,34.297497,0.194456,0.369164,0.664679,-0.619763,21.193272,105.113411,25.844595,0.313237,0.074502,0.71454,-0.6211,25.350708,123.224976,6.780553,-0.018825,0.85563,0.292712,0.426455,-10.958716,82.857681,7.10435,0.114288,0.96661,-0.105808,0.20349,-0.790926,52.992165,-10.38545,0.032289,0.963604,0.013011,0.265059,-13.172117,8.369923,-2.973889,-0.164997,0.823,0.067895,0.539294,-0.027147,82.742691,23.095631,0.027501,0.798833,-0.227974,0.556001,12.411226,48.966824,25.483942,-0.027352,0.816466,0.027408,0.576093,-1.538126,7.015023,41.131039,0.032289,0.963604,0.013011,0.265059,-6.0869,2.205239,-15.721406,-0.027352,0.816466,0.027408,0.576093,12.587084,1.846422,36.184635
498,4.15,-0.027613,0.889506,0.055724,0.452672,-5.584299,82.72892,14.815462,0.023587,0.873132,0.056354,0.483641,-6.375114,90.609573,15.404246,0.054461,0.868334,0.019509,0.492595,-6.628483,109.494255,17.710728,0.18643,0.927844,-0.095416,0.308618,-4.919542,132.019196,19.695717,0.114217,0.976995,-0.160011,0.082654,2.198713,145.14888,17.23226,-0.024367,0.79601,0.123916,0.591961,-7.895531,127.078751,16.227913,0.269559,-0.570404,0.161841,-0.758805,-12.873334,128.881485,0.38362,0.174901,0.132378,-0.405511,-0.887382,-5.555769,115.248573,-18.801611,0.263673,0.327244,-0.588138,-0.691,10.033015,134.02153,-16.520304,0.032487,0.928144,0.109626,0.354224,-3.954834,126.197304,22.837564,0.493081,0.828416,0.259581,-0.056712,8.523083,123.892448,33.703072,0.216195,0.356654,0.681838,-0.600961,21.026779,104.482689,25.077835,0.332824,0.055584,0.724671,-0.600825,25.920525,122.156929,5.857743,-0.024177,0.859189,0.295423,0.417055,-11.285665,82.741768,6.985863,0.112101,0.967249,-0.107206,0.200921,-0.898205,53.007889,-10.598878,0.0331,0.964108,0.012827,0.263125,-13.088653,8.367125,-2.985434,-0.165092,0.82759,0.063107,0.532783,0.117066,82.71608,22.64506,0.026113,0.799097,-0.230398,0.554688,12.399825,48.897224,25.22291,-0.026745,0.816471,0.026855,0.576141,-1.544276,7.0427,41.132988,0.0331,0.964108,0.012827,0.263125,-6.064569,2.193692,-15.762517,-0.026745,0.816471,0.026855,0.576141,12.572822,1.850045,36.188625
499,4.158333,-0.027119,0.89714,0.053499,0.437656,-5.691448,82.70491,14.510146,0.022234,0.879786,0.056313,0.471499,-6.449821,90.589851,15.083989,0.057882,0.874546,0.020091,0.481057,-6.714867,109.416023,17.360819,0.186079,0.931064,-0.094472,0.299282,-4.857388,131.922485,19.420551,0.116175,0.977733,-0.156486,0.077811,2.204844,145.070831,16.896162,-0.020469,0.801697,0.126932,0.583739,-7.944525,127.013458,16.005682,0.266514,-0.567083,0.164789,-0.76173,-13.251164,128.94075,0.283243,0.177929,0.14733,-0.404026,-0.885098,-5.794861,115.30304,-18.845081,0.272588,0.342126,-0.585327,-0.68267,9.628379,134.092529,-15.980795,0.042593,0.931933,0.108412,0.343414,-3.835765,126.079575,22.504871,0.50435,0.820425,0.264113,-0.052697,8.868778,123.509491,33.043331,0.234094,0.349576,0.695923,-0.58197,20.840019,103.798584,24.345896,0.355455,0.033178,0.726581,-0.587053,26.502911,120.980499,4.868139,-0.029183,0.862895,0.297364,0.407597,-11.6523,82.687172,6.876258,0.109689,0.968123,-0.107942,0.197623,-1.091223,53.055561,-10.777554,0.032956,0.964299,0.011889,0.262487,-13.052332,8.379489,-3.009057,-0.165128,0.831881,0.057753,0.526661,0.269404,82.722656,22.144033,0.024107,0.79887,-0.23269,0.554149,12.374096,48.857967,24.952105,-0.023168,0.816463,0.02655,0.576321,-1.526652,7.093552,41.134567,0.032956,0.964299,0.011889,0.262487,-6.047159,2.181164,-15.784465,-0.023168,0.816463,0.02655,0.576321,12.55866,1.831465,36.173004
500,4.166667,-0.027442,0.905252,0.051526,0.420846,-5.747387,82.699997,14.183937,0.020049,0.887338,0.056766,0.457173,-6.486414,90.587952,14.741395,0.062107,0.881756,0.021264,0.467115,-6.794917,109.357086,16.992577,0.18561,0.934625,-0.093366,0.288631,-4.7617,131.838348,19.158705,0.116932,0.978558,-0.153087,0.07291,2.233995,145.009079,16.566607,-0.01595,0.808525,0.130123,0.573674,-7.978748,126.969849,15.806309,0.264692,-0.563981,0.166673,-0.764254,-13.680085,129.033035,0.240065,0.180211,0.160895,-0.402908,-0.882781,-6.081622,115.395233,-18.832167,0.277807,0.357128,-0.581863,-0.675809,9.154948,134.194427,-15.439431,0.052211,0.93582,0.107841,0.331488,-3.673053,125.967636,22.166344,0.515347,0.812469,0.268075,-0.049471,9.269927,123.140823,32.342701,0.25297,0.341136,0.709234,-0.56269,20.704678,103.154968,23.551342,0.377487,0.007798,0.727882,-0.572391,27.055151,119.792427,3.797436,-0.033708,0.867,0.299273,0.397001,-11.987453,82.63884,6.77677,0.106913,0.969036,-0.109011,0.194049,-1.307363,53.109932,-10.977247,0.033138,0.964613,0.010953,0.26135,-13.008859,8.399212,-3.015069,-0.164614,0.836582,0.050984,0.520032,0.49268,82.761154,21.591105,0.022019,0.798815,-0.23476,0.553442,12.340776,48.831131,24.689896,-0.022052,0.816525,0.025499,0.576325,-1.495345,7.148397,41.136192,0.033138,0.964613,0.010953,0.26135,-6.03957,2.174355,-15.797201,-0.022052,0.816525,0.025499,0.576325,12.573545,1.841401,36.175858
501,4.175,-0.027165,0.913487,0.049331,0.402951,-5.803196,82.714851,13.836755,0.018398,0.8954,0.057275,0.441179,-6.513108,90.60656,14.378683,0.065865,0.889605,0.023117,0.451365,-6.844796,109.331894,16.619482,0.184758,0.938553,-0.091479,0.276795,-4.660585,131.787628,18.900503,0.117655,0.979332,-0.150159,0.067221,2.247137,144.993164,16.250263,-0.01118,0.815994,0.133923,0.562222,-8.009579,126.957657,15.622407,0.261479,-0.561119,0.169171,-0.766913,-14.149845,129.168518,0.244527,0.178562,0.172258,-0.402554,-0.881132,-6.434,115.540657,-18.787645,0.278223,0.368444,-0.580218,-0.67096,8.614873,134.357483,-14.887343,0.062445,0.940248,0.105796,0.317556,-3.487244,125.888336,21.819063,0.526864,0.80505,0.268271,-0.04836,9.718665,122.804192,31.574163,0.271067,0.332344,0.722023,-0.542912,20.567083,102.535538,22.687681,0.400105,-0.018981,0.729861,-0.553949,27.58675,118.618759,2.64927,-0.037605,0.871551,0.300694,0.385445,-12.329118,82.619217,6.680533,0.103829,0.970209,-0.109856,0.189327,-1.602881,53.17186,-11.180798,0.032541,0.964856,0.010063,0.260561,-13.00222,8.417532,-3.027601,-0.163955,0.841695,0.043341,0.51263,0.722726,82.810478,20.992977,0.019718,0.798754,-0.236875,0.552714,12.281677,48.812843,24.424803,-0.021143,0.816664,0.024158,0.576219,-1.475643,7.21471,41.149055,0.032541,0.964856,0.010063,0.260561,-6.050119,2.172325,-15.809168,-0.021143,0.816664,0.024158,0.576219,12.575494,1.859372,36.190365
502,4.183333,-0.027245,0.921795,0.047204,0.383827,-5.832176,82.763603,13.493011,0.015964,0.904131,0.0574,0.42308,-6.518888,90.658501,14.018067,0.07026,0.898221,0.025506,0.433142,-6.889214,109.326637,16.223507,0.18276,0.943047,-0.089051,0.263307,-4.528068,131.749969,18.642763,0.118287,0.980086,-0.147344,0.061068,2.249753,145.009689,15.928372,-0.005875,0.823982,0.138512,0.549394,-8.02446,126.965668,15.452777,0.259353,-0.559197,0.170957,-0.768641,-14.644199,129.346405,0.300843,0.175791,0.181092,-0.402544,-0.879921,-6.85214,115.719879,-18.701204,0.273429,0.380439,-0.580043,-0.666373,8.024909,134.539948,-14.382823,0.07126,0.944897,0.106327,0.301308,-3.261691,125.816902,21.451937,0.539571,0.795601,0.271555,-0.046257,10.240793,122.496857,30.710995,0.289378,0.320653,0.735244,-0.522358,20.431032,101.954941,21.674145,0.420521,-0.044051,0.734694,-0.530516,28.074799,117.480408,1.405236,-0.041585,0.87741,0.301663,0.370704,-12.649484,82.62809,6.614471,0.100203,0.971403,-0.110424,0.184776,-1.949295,53.245575,-11.368851,0.031183,0.965201,0.009124,0.259484,-12.992859,8.433596,-3.044458,-0.162665,0.847441,0.034977,0.504144,0.985132,82.899124,20.37155,0.017416,0.799721,-0.238887,0.550523,12.2024,48.823822,24.149475,-0.019074,0.816973,0.022804,0.575909,-1.43923,7.307443,41.169044,0.031183,0.965201,0.009124,0.259484,-6.056452,2.172118,-15.826589,-0.019074,0.816973,0.022804,0.575909,12.580802,1.883525,36.196857
503,4.191667,-0.026919,0.929822,0.046047,0.364123,-5.842125,82.814636,13.105806,0.014455,0.913178,0.057859,0.403175,-6.506035,90.711525,13.630207,0.073781,0.907382,0.028358,0.412807,-6.885842,109.334206,15.830767,0.181077,0.947449,-0.087133,0.248915,-4.380466,131.72757,18.379118,0.117934,0.980949,-0.144166,0.055194,2.274408,145.033142,15.586093,-0.000204,0.832295,0.144236,0.535239,-8.022949,126.98188,15.296753,0.256053,-0.557783,0.173465,-0.770211,-15.156801,129.555542,0.41205,0.170518,0.188237,-0.40365,-0.878952,-7.329498,115.929344,-18.575737,0.266715,0.389948,-0.58051,-0.663184,7.361147,134.772339,-13.870038,0.079543,0.949723,0.106175,0.283594,-3.001557,125.763443,21.066896,0.551789,0.788644,0.266695,-0.049429,10.805349,122.233437,29.783451,0.303669,0.314932,0.744739,-0.503951,20.323318,101.432205,20.607769,0.435532,-0.062488,0.741496,-0.506548,28.543955,116.37912,0.039101,-0.044924,0.883136,0.30225,0.355947,-12.945259,82.654572,6.523389,0.096957,0.972575,-0.11105,0.179902,-2.32126,53.318481,-11.580496,0.029794,0.965364,0.007756,0.259084,-13.039816,8.459481,-3.086263,-0.161455,0.854022,0.025654,0.493883,1.261007,82.974693,19.688225,0.015276,0.80162,-0.24145,0.546694,12.122868,48.830311,23.860418,-0.017628,0.818031,0.020014,0.574555,-1.406541,7.422843,41.231262,0.029794,0.965364,0.007756,0.259084,-6.102628,2.16914,-15.853792,-0.017628,0.818031,0.020014,0.574555,12.566196,1.90625,36.228004
504,4.2,-0.025702,0.937164,0.044308,0.345107,-5.883507,82.867706,12.741673,0.013685,0.922095,0.057406,0.382438,-6.508992,90.768112,13.260354,0.076905,0.916539,0.031412,0.391224,-6.858777,109.378075,15.44049,0.179412,0.951869,-0.084532,0.23369,-4.219344,131.741806,18.11076,0.11769,0.981727,-0.141462,0.048474,2.304365,145.099121,15.255861,0.006122,0.841382,0.149333,0.519364,-8.004938,127.030853,15.149961,0.255076,-0.557922,0.174224,-0.770263,-15.696896,129.794235,0.580563,0.166542,0.194598,-0.404255,-0.878051,-7.89026,116.163895,-18.412767,0.260113,0.398169,-0.58225,-0.659385,6.667252,135.042267,-13.366813,0.0871,0.954714,0.10689,0.263646,-2.722014,125.748566,20.667208,0.563234,0.780951,0.264867,-0.052241,11.407537,122.028694,28.765863,0.317349,0.312123,0.751215,-0.487386,20.282343,101.028381,19.400999,0.443573,-0.069173,0.751953,-0.482726,28.939789,115.323853,-1.501882,-0.048533,0.889381,0.302648,0.339191,-13.249122,82.697319,6.454624,0.094005,0.973597,-0.111221,0.175788,-2.728961,53.402931,-11.776965,0.028213,0.965,0.00586,0.260663,-13.147145,8.49461,-3.170384,-0.160295,0.861667,0.016568,0.481209,1.482108,83.038094,19.028723,0.013539,0.8048,-0.244222,0.540805,12.022012,48.839111,23.563723,-0.014933,0.819218,0.017897,0.573008,-1.388086,7.553205,41.312313,0.028213,0.965,0.00586,0.260663,-6.157074,2.160131,-15.887141,-0.014933,0.819218,0.017897,0.573008,12.52692,1.939128,36.256878
505,4.208333,-0.024255,0.943982,0.043128,0.326267,-5.906914,82.94165,12.346028,0.013677,0.930616,0.05753,0.361188,-6.494109,90.844849,12.867,0.079165,0.925408,0.034623,0.36899,-6.795538,109.438774,15.056965,0.177067,0.956189,-0.08215,0.218179,-4.052354,131.776886,17.834957,0.117443,0.98245,-0.138728,0.041885,2.321196,145.191376,14.909887,0.012994,0.850166,0.156338,0.502601,-7.96971,127.092026,15.007126,0.253159,-0.558456,0.175558,-0.770206,-16.22965,130.08638,0.798775,0.163,0.200683,-0.405221,-0.8769,-8.475371,116.451942,-18.213055,0.257088,0.405131,-0.58329,-0.655398,5.91382,135.346573,-12.860701,0.094262,0.959835,0.108564,0.240927,-2.430412,125.759232,20.254353,0.573913,0.773943,0.261486,-0.057111,12.038754,121.862473,27.638691,0.328385,0.314757,0.753256,-0.475075,20.288754,100.703392,18.062296,0.44372,-0.061319,0.766277,-0.460622,29.219931,114.357162,-3.231527,-0.051513,0.895712,0.302264,0.321998,-13.518943,82.770699,6.3597,0.090432,0.97458,-0.111516,0.171989,-3.168362,53.48103,-11.976256,0.026037,0.964989,0.00424,0.260959,-13.233765,8.517063,-3.241336,-0.158189,0.869611,0.007413,0.467651,1.705116,83.112602,18.332355,0.01094,0.808541,-0.247294,0.533843,11.879732,48.8494,23.204348,-0.012765,0.820882,0.01466,0.570767,-1.332383,7.699168,41.410603,0.026037,0.964989,0.00424,0.260959,-6.215911,2.15174,-15.927357,-0.012765,0.820882,0.01466,0.570767,12.513336,1.969739,36.294693
506,4.216667,-0.023221,0.950082,0.042954,0.308156,-5.89309,83.013702,11.927382,0.0135,0.938731,0.057702,0.339517,-6.453775,90.917915,12.46195,0.081196,0.933921,0.038764,0.345971,-6.712881,109.520386,14.663182,0.17374,0.960544,-0.080237,0.201822,-3.881945,131.829956,17.579126,0.118025,0.983023,-0.136066,0.034967,2.312012,145.30838,14.563535,0.020232,0.85889,0.162933,0.485131,-7.92239,127.169907,14.886724,0.253327,-0.560907,0.175287,-0.76843,-16.750803,130.391403,1.075457,0.162125,0.207193,-0.405504,-0.875416,-9.12707,116.747391,-17.982241,0.258287,0.411517,-0.583136,-0.651072,5.123925,135.670654,-12.350954,0.100838,0.96471,0.108893,0.217504,-2.133185,125.787445,19.843283,0.582914,0.768821,0.253999,-0.06789,12.651881,121.745956,26.486938,0.338103,0.323096,0.75082,-0.466439,20.322126,100.504509,16.615564,0.439656,-0.043657,0.781808,-0.43997,29.380529,113.488052,-5.182221,-0.054052,0.902077,0.301781,0.303751,-13.728648,82.842751,6.236761,0.086589,0.975229,-0.112553,0.169596,-3.597648,53.551399,-12.218744,0.024124,0.965053,0.002516,0.260928,-13.308462,8.545404,-3.300787,-0.155249,0.877915,-0.002022,0.452946,1.942467,83.184654,17.618,0.008047,0.813616,-0.251141,0.524303,11.709445,48.851303,22.819263,-0.009047,0.823671,0.011377,0.566882,-1.255011,7.875755,41.588829,0.024124,0.965053,0.002516,0.260928,-6.274884,2.144907,-15.960378,-0.009047,0.823671,0.011377,0.566882,12.484168,2.004177,36.348385
507,4.225,-0.020764,0.955457,0.042671,0.291291,-5.920338,83.099579,11.506055,0.014511,0.946259,0.057408,0.317944,-6.432909,91.00589,12.057589,0.082995,0.941841,0.043279,0.322759,-6.60245,109.633812,14.268762,0.170521,0.964533,-0.078604,0.185529,-3.690808,131.913177,17.332363,0.118098,0.983538,-0.13383,0.028195,2.326709,145.450806,14.226079,0.027076,0.867423,0.170533,0.466651,-7.84459,127.275131,14.777988,0.253048,-0.564069,0.174083,-0.766478,-17.249853,130.718643,1.408124,0.162726,0.21453,-0.404994,-0.873772,-9.780745,117.105209,-17.732494,0.263964,0.418091,-0.58181,-0.645771,4.320071,136.012085,-11.821667,0.107052,0.969343,0.111628,0.190928,-1.81951,125.847839,19.431454,0.587888,0.7706,0.228848,-0.090512,13.285047,121.668709,25.21567,0.344829,0.339307,0.740936,-0.465809,20.49159,100.358261,15.145591,0.43623,-0.022799,0.794422,-0.421993,29.421993,112.772141,-7.35798,-0.056613,0.907974,0.300396,0.2866,-13.953823,82.956047,6.09765,0.082434,0.975675,-0.113294,0.168603,-4.03413,53.624981,-12.409497,0.022617,0.965106,0.001341,0.260878,-13.369616,8.568827,-3.345232,-0.152103,0.886765,-0.01118,0.436334,2.113147,83.243111,16.914459,0.004935,0.820002,-0.255498,0.512146,11.492101,48.848713,22.417788,-0.005654,0.827152,0.007267,0.561904,-1.160716,8.076435,41.831635,0.022617,0.965106,0.001341,0.260878,-6.323486,2.145889,-15.986464,-0.005654,0.827152,0.007267,0.561904,12.453209,2.048912,36.443417
508,4.233333,-0.018117,0.960336,0.042515,0.27499,-5.964707,83.205589,11.085173,0.016151,0.953289,0.05745,0.296106,-6.426772,91.113747,11.654563,0.084589,0.949287,0.04757,0.299059,-6.487302,109.752464,13.89025,0.166524,0.968403,-0.076813,0.169012,-3.49067,132.002029,17.085615,0.118646,0.983907,-0.131858,0.021509,2.325565,145.607529,13.893647,0.034127,0.875665,0.177911,0.447653,-7.751574,127.381897,14.679519,0.252197,-0.568645,0.172819,-0.763658,-17.72275,131.04126,1.785541,0.164179,0.222026,-0.403618,-0.872263,-10.487572,117.4664,-17.471966,0.272677,0.425047,-0.579567,-0.639597,3.510875,136.363861,-11.275344,0.112832,0.973248,0.115414,0.163514,-1.502334,125.917603,19.014992,0.594026,0.762259,0.237004,-0.099619,13.884399,121.618118,23.896873,0.361161,0.33721,0.739348,-0.457401,20.648024,100.461533,13.213788,0.440032,-0.011007,0.802019,-0.403753,29.372496,112.235382,-9.707361,-0.059023,0.91279,0.299655,0.27118,-14.178994,83.095032,5.954716,0.078311,0.975976,-0.114379,0.168096,-4.429587,53.75198,-12.623779,0.021634,0.965236,-0.001646,0.260477,-13.401636,8.65682,-3.388069,-0.147657,0.89553,-0.01992,0.419317,2.249579,83.316139,16.21563,-6.1e-05,0.826801,-0.260494,0.498541,11.18681,48.845215,21.96953,-0.001294,0.832333,0.002597,0.554269,-0.989258,8.312416,42.173611,0.021634,0.965236,-0.001646,0.260477,-6.365584,2.157285,-15.995717,-0.001294,0.832333,0.002597,0.554269,12.447097,2.100619,36.553936
509,4.241667,-0.015722,0.964597,0.043337,0.259667,-5.985636,83.306717,10.629477,0.01798,0.959656,0.058479,0.274438,-6.405266,91.215042,11.228636,0.08604,0.956089,0.052235,0.275251,-6.359811,109.885498,13.525608,0.161811,0.972034,-0.075617,0.15248,-3.281018,132.102722,16.864693,0.119631,0.984108,-0.130339,0.015233,2.314477,145.777039,13.573718,0.040289,0.883323,0.185089,0.428787,-7.639392,127.498283,14.607724,0.250358,-0.574451,0.170547,-0.760421,-18.147696,131.338913,2.202284,0.16459,0.229219,-0.402,-0.871071,-11.20118,117.856689,-17.225828,0.282009,0.431515,-0.576324,-0.634126,2.703453,136.725159,-10.732107,0.118065,0.976515,0.120192,0.13429,-1.182181,126.001228,18.614813,0.595357,0.76185,0.222593,-0.124844,14.454958,121.609962,22.522053,0.375547,0.338409,0.734321,-0.453009,20.861391,100.621353,11.301004,0.455252,-0.021064,0.799892,-0.390479,29.28237,111.880447,-12.200178,-0.060987,0.917279,0.298013,0.257038,-14.360195,83.230942,5.764368,0.074344,0.976019,-0.115658,0.168769,-4.797873,53.834091,-12.826315,0.021482,0.965301,-0.003259,0.260235,-13.434529,8.709728,-3.415165,-0.142038,0.904103,-0.028547,0.402006,2.388925,83.382492,15.494585,-0.00616,0.834508,-0.26655,0.482193,10.825644,48.824291,21.476072,0.000419,0.840481,-0.00472,0.54182,-0.747552,8.594426,42.618172,0.021482,0.965301,-0.003259,0.260235,-6.40922,2.166281,-16.006077,0.000419,0.840481,-0.00472,0.54182,12.447737,2.177285,36.667767
510,4.25,-0.012235,0.968307,0.044113,0.245533,-6.058595,83.415245,10.17895,0.021121,0.965342,0.059374,0.253267,-6.418821,91.324043,10.809725,0.087374,0.962141,0.056896,0.251819,-6.217062,110.018066,13.171345,0.156666,0.975365,-0.074749,0.13613,-3.054164,132.201736,16.651947,0.12047,0.98425,-0.129063,0.008987,2.308397,145.944427,13.259597,0.046439,0.890746,0.192072,0.409297,-7.500065,127.610336,14.544037,0.246992,-0.58036,0.167343,-0.757743,-18.536278,131.618958,2.661158,0.162108,0.235216,-0.401273,-0.870272,-11.872774,118.302299,-16.979116,0.288109,0.438312,-0.572539,-0.630139,1.895426,137.103882,-10.200609,0.123134,0.978799,0.125826,0.104683,-0.855113,126.086105,18.220291,0.593152,0.76099,0.214804,-0.151405,14.977556,121.61924,21.126043,0.395501,0.328873,0.73302,-0.445088,21.151491,100.971901,9.165853,0.480824,-0.057606,0.788921,-0.378278,29.138195,111.742767,-14.786845,-0.062794,0.92074,0.296082,0.246231,-14.573359,83.395561,5.563035,0.070689,0.976396,-0.116359,0.167675,-5.142466,53.932083,-12.989246,0.021645,0.965383,-0.005495,0.25988,-13.446204,8.773268,-3.44469,-0.13572,0.912242,-0.03598,0.384837,2.45617,83.434929,14.794866,-0.014269,0.841876,-0.272989,0.465316,10.389445,48.784714,20.930941,0.003242,0.849822,-0.013189,0.526896,-0.398259,8.896255,43.109871,0.021645,0.965383,-0.005495,0.25988,-6.440962,2.166418,-16.013649,0.003242,0.849822,-0.013189,0.526896,12.488815,2.227715,36.772953
511,4.258333,-0.008758,0.971447,0.045217,0.232744,-6.135273,83.495956,9.7259,0.025114,0.970312,0.059901,0.23297,-6.437581,91.404343,10.391252,0.088492,0.967367,0.061777,0.229247,-6.044066,110.136604,12.808297,0.150697,0.97841,-0.074245,0.120385,-2.803944,132.28508,16.438726,0.121132,0.984359,-0.127882,0.003305,2.304391,146.098465,12.942757,0.052401,0.897549,0.199959,0.389456,-7.324832,127.703796,14.473107,0.243784,-0.587237,0.162969,-0.75443,-18.870872,131.87706,3.144262,0.155723,0.238621,-0.402021,-0.870166,-12.531946,118.759552,-16.73601,0.286549,0.445121,-0.569462,-0.628864,1.097526,137.500504,-9.712285,0.127837,0.980119,0.132895,0.073238,-0.514715,126.15831,17.82382,0.589948,0.759586,0.205658,-0.180819,15.465447,121.646896,19.654488,0.41665,0.311223,0.734671,-0.435662,21.344561,101.390526,6.903333,0.508507,-0.111397,0.775525,-0.357172,28.882784,111.897491,-17.471138,-0.06424,0.923787,0.293905,0.236878,-14.769933,83.535011,5.338486,0.067208,0.97686,-0.117178,0.16582,-5.465852,53.992134,-13.151468,0.021744,0.965493,-0.006766,0.259432,-13.446275,8.806244,-3.460362,-0.129056,0.920077,-0.042657,0.367401,2.499388,83.456902,14.113315,-0.023342,0.849119,-0.28027,0.447103,9.935285,48.717274,20.365641,0.006791,0.860269,-0.022787,0.509285,0.040939,9.238654,43.666065,0.021744,0.965493,-0.006766,0.259432,-6.458929,2.163486,-16.020355,0.006791,0.860269,-0.022787,0.509285,12.547028,2.280133,36.892632
512,4.266667,-0.004997,0.974157,0.046498,0.220977,-6.235583,83.573479,9.259519,0.028869,0.974783,0.061569,0.21254,-6.47611,91.48082,9.961482,0.090619,0.972084,0.066347,0.206006,-5.906117,110.233665,12.465631,0.143309,0.981397,-0.073992,0.10415,-2.530849,132.338303,16.237377,0.122014,0.984391,-0.126818,-0.002084,2.278232,146.230606,12.631387,0.057845,0.90378,0.206978,0.370129,-7.132088,127.774559,14.423233,0.240334,-0.595021,0.157232,-0.750645,-19.14855,132.080811,3.646837,0.144891,0.239307,-0.404268,-0.870808,-13.172722,119.213631,-16.507597,0.277885,0.450167,-0.569584,-0.629049,0.336711,137.918716,-9.261215,0.131478,0.980237,0.142117,0.040646,-0.171169,126.198235,17.432264,0.581039,0.76043,0.197571,-0.212381,15.901463,121.699265,18.139137,0.438848,0.288782,0.735081,-0.428571,21.683064,101.987602,4.519321,0.534464,-0.165222,0.76498,-0.319148,28.541607,112.424828,-20.221165,-0.065333,0.925977,0.291524,0.230894,-14.974671,83.67823,5.085114,0.064153,0.97739,-0.117945,0.163346,-5.753925,54.045021,-13.301748,0.021855,0.965631,-0.00803,0.258873,-13.442143,8.838391,-3.472149,-0.122355,0.927662,-0.049551,0.349309,2.503504,83.468727,13.433923,-0.032218,0.857589,-0.287357,0.425359,9.443567,48.653427,19.83363,0.009062,0.87138,-0.033327,0.489392,0.570568,9.598351,44.233215,0.021855,0.965631,-0.00803,0.258873,-6.475747,2.159984,-16.024872,0.009062,0.87138,-0.033327,0.489392,12.647999,2.345152,37.006226
513,4.275,-0.002016,0.976458,0.047692,0.210358,-6.328319,83.648117,8.800703,0.03307,0.978559,0.063629,0.193082,-6.518936,91.554008,9.533676,0.092771,0.976058,0.070344,0.183727,-5.759321,110.277046,12.130969,0.135472,0.984092,-0.073249,0.088571,-2.238708,132.339005,16.017948,0.122353,0.984463,-0.125729,-0.00736,2.25815,146.313599,12.327999,0.06419,0.908535,0.216232,0.351692,-6.912169,127.791145,14.354838,0.237241,-0.603478,0.150988,-0.746146,-19.347393,132.280426,4.143019,0.131868,0.238523,-0.407526,-0.871573,-13.776337,119.669594,-16.287506,0.26577,0.454062,-0.572053,-0.629246,-0.393218,138.348251,-8.840664,0.13388,0.979163,0.152515,0.00749,0.177143,126.188217,17.031729,0.569728,0.760369,0.195184,-0.243212,16.281799,121.770226,16.594553,0.458083,0.269694,0.732859,-0.424667,22.012636,102.75589,1.997001,0.551662,-0.209011,0.753534,-0.290121,28.117062,113.188423,-23.030754,-0.066347,0.928061,0.28923,0.22505,-15.156534,83.804329,4.819943,0.061461,0.978126,-0.118929,0.159208,-6.018285,54.084621,-13.468234,0.022457,0.965745,-0.008872,0.258366,-13.43286,8.868137,-3.475115,-0.115911,0.935515,-0.057715,0.328702,2.499897,83.491905,12.781464,-0.040566,0.865797,-0.294235,0.40271,8.954363,48.62899,19.425508,0.016254,0.882484,-0.043284,0.468064,1.134723,10.006145,44.85183,0.022457,0.965745,-0.008872,0.258366,-6.490558,2.162363,-16.026594,0.016254,0.882484,-0.043284,0.468064,12.680599,2.40657,37.129017
514,4.283333,0.001246,0.978424,0.049308,0.200635,-6.445225,83.71608,8.32847,0.037935,0.981609,0.065737,0.175169,-6.582994,91.619514,9.098756,0.095717,0.979117,0.07433,0.163227,-5.61039,110.306419,11.789674,0.127202,0.986491,-0.072399,0.073577,-1.910232,132.317047,15.798992,0.122129,0.98455,-0.124789,-0.013203,2.262872,146.373367,12.039785,0.070386,0.914017,0.223068,0.331449,-6.652578,127.792618,14.272563,0.234258,-0.61245,0.142513,-0.74143,-19.521973,132.412308,4.67534,0.119161,0.236881,-0.410032,-0.872675,-14.366057,120.131454,-16.062855,0.254369,0.457228,-0.573478,-0.630366,-1.061821,138.756912,-8.446869,0.136627,0.976739,0.16311,-0.02663,0.538313,126.152885,16.638105,0.553235,0.762314,0.1888,-0.277782,16.596312,121.839355,15.024506,0.469842,0.257345,0.726199,-0.430879,22.352297,103.635384,-0.562656,0.565321,-0.229214,0.748416,-0.260283,27.575499,114.350304,-25.793139,-0.067213,0.929864,0.28651,0.22079,-15.350896,83.931335,4.527039,0.058843,0.978753,-0.119902,0.155573,-6.278132,54.106964,-13.622832,0.022629,0.9658,-0.009195,0.258134,-13.429657,8.882737,-3.474193,-0.110975,0.94225,-0.065561,0.309114,2.460446,83.500824,12.129903,-0.047466,0.874301,-0.30081,0.377967,8.54229,48.626904,19.061501,0.019666,0.89332,-0.055157,0.445589,1.770578,10.427994,45.412128,0.022629,0.9658,-0.009195,0.258134,-6.496834,2.166942,-16.025549,0.019666,0.89332,-0.055157,0.445589,12.774408,2.489292,37.251537
515,4.291667,0.004452,0.980106,0.050844,0.191802,-6.590126,83.778648,7.860628,0.04352,0.984186,0.067597,0.157844,-6.675723,91.679359,8.665738,0.099031,0.981594,0.078284,0.14331,-5.461918,110.304764,11.435564,0.11889,0.988588,-0.071219,0.059046,-1.561993,132.258743,15.564325,0.121205,0.984687,-0.12387,-0.018891,2.286532,146.394577,11.75721,0.075997,0.91858,0.229944,0.312347,-6.370045,127.760674,14.171418,0.230495,-0.621542,0.134044,-0.736607,-19.622892,132.492691,5.169204,0.106905,0.236062,-0.411903,-0.873603,-14.904547,120.56353,-15.876184,0.246036,0.460032,-0.574749,-0.630476,-1.662904,139.132004,-8.055505,0.137767,0.972899,0.175293,-0.061326,0.905426,126.081017,16.230492,0.532909,0.765003,0.180443,-0.3134,16.851032,121.962036,13.430212,0.47213,0.258159,0.712631,-0.450115,22.657322,104.653618,-3.12822,0.569758,-0.226099,0.745467,-0.26179,26.840282,115.822029,-28.547638,-0.068486,0.931313,0.283774,0.217804,-15.562593,84.052071,4.223546,0.05662,0.979313,-0.120838,0.152112,-6.501994,54.127609,-13.766958,0.022828,0.965856,-0.009629,0.257894,-13.426805,8.900434,-3.475271,-0.106597,0.949071,-0.074503,0.286967,2.382343,83.505226,11.497709,-0.053108,0.882596,-0.307171,0.351924,8.138633,48.652943,18.805906,0.022105,0.903979,-0.067294,0.42167,2.395806,10.869977,45.987461,0.022828,0.965856,-0.009629,0.257894,-6.504472,2.171327,-16.025295,0.022105,0.903979,-0.067294,0.42167,12.819436,2.599185,37.405811
516,4.3,0.006621,0.981669,0.053299,0.182872,-6.702579,83.841972,7.374773,0.04875,0.986378,0.070213,0.140545,-6.754156,91.738235,8.225103,0.102435,0.983654,0.081865,0.123412,-5.315696,110.28154,11.089467,0.111044,0.990344,-0.070027,0.044554,-1.204064,132.178421,15.31496,0.11973,0.984881,-0.122714,-0.024808,2.332336,146.385574,11.470857,0.082044,0.922187,0.237394,0.294083,-6.07394,127.706055,14.060983,0.226032,-0.630785,0.126441,-0.73146,-19.664906,132.566422,5.650744,0.097073,0.235656,-0.412303,-0.874671,-15.419537,120.979179,-15.684401,0.242782,0.463089,-0.573527,-0.630613,-2.195011,139.457397,-7.681604,0.138695,0.96781,0.186874,-0.095841,1.273122,125.988647,15.811607,0.509825,0.767262,0.171192,-0.349401,17.028908,122.102295,11.846602,0.464789,0.266412,0.69552,-0.478799,22.845491,105.768494,-5.670533,0.569691,-0.209539,0.740299,-0.288969,25.945509,117.619133,-31.210173,-0.0689,0.932713,0.281022,0.215237,-15.73939,84.156693,3.904145,0.054104,0.979605,-0.122127,0.150108,-6.73928,54.124199,-13.936069,0.023448,0.965859,-0.009577,0.257829,-13.429938,8.900272,-3.476585,-0.102645,0.95472,-0.084086,0.266277,2.334233,83.527252,10.845399,-0.057499,0.891125,-0.312683,0.323758,7.788906,48.724957,18.608929,0.02215,0.914142,-0.080553,0.396694,3.099692,11.307984,46.489929,0.023448,0.965859,-0.009577,0.257829,-6.516911,2.168351,-16.030228,0.02215,0.914142,-0.080553,0.396694,12.927401,2.705377,37.539288
517,4.308333,0.008819,0.983054,0.054555,0.174791,-6.850649,83.894417,6.922762,0.05506,0.988218,0.072021,0.123315,-6.864408,91.787994,7.799119,0.105339,0.985309,0.085679,0.103584,-5.153675,110.265244,10.728212,0.103149,0.991813,-0.069034,0.030045,-0.848877,132.105774,15.051833,0.118796,0.985021,-0.121142,-0.03074,2.372929,146.378433,11.173979,0.088049,0.925191,0.244661,0.276423,-5.770407,127.653442,13.935748,0.222072,-0.639779,0.119037,-0.726084,-19.663876,132.634705,6.11088,0.089436,0.235339,-0.411762,-0.875825,-15.892204,121.370636,-15.484762,0.242163,0.466166,-0.5704,-0.631419,-2.656868,139.736069,-7.33918,0.140693,0.961502,0.197675,-0.129011,1.637034,125.908112,15.376995,0.48554,0.768011,0.165374,-0.383487,17.124994,122.240486,10.303381,0.451249,0.275388,0.679479,-0.508768,22.901709,106.984901,-8.172904,0.567055,-0.199476,0.72454,-0.337194,25.043604,119.622421,-33.668732,-0.069843,0.933844,0.278609,0.213155,-15.942794,84.24707,3.603592,0.052027,0.979924,-0.12319,0.147871,-6.952847,54.126583,-14.092829,0.023425,0.965795,-0.009902,0.258056,-13.443316,8.906454,-3.491755,-0.100215,0.959652,-0.093096,0.24568,2.241496,83.541771,10.241932,-0.060937,0.898742,-0.317618,0.29609,7.52968,48.819077,18.463594,0.024177,0.923168,-0.092147,0.372405,3.84572,11.732054,46.930252,0.023425,0.965795,-0.009902,0.258056,-6.525386,2.165513,-16.037861,0.024177,0.923168,-0.092147,0.372405,13.057254,2.817414,37.636189
518,4.316667,0.010663,0.984344,0.054884,0.167154,-6.989965,83.927406,6.499108,0.06181,0.989771,0.073428,0.105554,-6.968962,91.819832,7.385556,0.107182,0.986741,0.089155,0.083101,-4.963049,110.245956,10.358975,0.096809,0.992853,-0.067997,0.015748,-0.50243,132.041138,14.752817,0.116863,0.98528,-0.119301,-0.036509,2.450706,146.365952,10.853359,0.094092,0.928071,0.250613,0.258889,-5.46189,127.596161,13.785317,0.218549,-0.648651,0.11145,-0.720463,-19.632172,132.681458,6.545655,0.082739,0.23439,-0.410701,-0.877234,-16.337807,121.735344,-15.290217,0.242033,0.468532,-0.566559,-0.633173,-3.062211,139.972473,-7.046191,0.142035,0.954478,0.207706,-0.160177,1.998716,125.843033,14.907537,0.466485,0.763812,0.168994,-0.412824,17.172867,122.425125,8.813861,0.437239,0.275102,0.671242,-0.531578,22.692221,108.300278,-10.615537,0.563077,-0.211309,0.695981,-0.392304,24.19722,121.863556,-35.830845,-0.071114,0.935083,0.276602,0.209892,-16.131996,84.308441,3.323211,0.049897,0.979851,-0.124534,0.147968,-7.146054,54.12048,-14.259909,0.023173,0.965747,-0.010204,0.258247,-13.460151,8.91121,-3.507084,-0.097975,0.964042,-0.102195,0.224899,2.152068,83.546371,9.675005,-0.063603,0.905043,-0.322417,0.269998,7.308149,48.919849,18.372402,0.030124,0.930519,-0.102555,0.350298,4.542217,12.152094,47.352592,0.023173,0.965747,-0.010204,0.258247,-6.535275,2.163517,-16.045719,0.030124,0.930519,-0.102555,0.350298,13.118383,2.920951,37.76416
519,4.325,0.012119,0.985658,0.054814,0.159143,-7.133906,83.964302,6.107152,0.069491,0.991006,0.073994,0.087198,-7.082729,91.856323,6.995968,0.108198,0.987878,0.092288,0.062239,-4.741166,110.227715,9.974176,0.090537,0.993668,-0.066521,0.001295,-0.153987,131.987213,14.414422,0.115192,0.985512,-0.11701,-0.042503,2.531412,146.364182,10.513343,0.099898,0.930476,0.256369,0.241888,-5.138783,127.539337,13.602943,0.214988,-0.657962,0.104132,-0.714159,-19.555885,132.716843,6.938824,0.075169,0.23183,-0.409117,-0.879334,-16.783455,122.078178,-15.120378,0.239368,0.46929,-0.563796,-0.636085,-3.404407,140.17337,-6.815903,0.143725,0.94713,0.215926,-0.18885,2.365404,125.794563,14.400716,0.446642,0.758849,0.171875,-0.441723,17.189058,122.608902,7.387825,0.426299,0.261407,0.670202,-0.54842,22.384274,109.643959,-12.919718,0.558931,-0.254372,0.659365,-0.433738,23.393726,124.414864,-37.665512,-0.072023,0.936124,0.274952,0.207089,-16.325933,84.364662,3.081486,0.047589,0.979736,-0.125743,0.148463,-7.353822,54.120457,-14.41181,0.022991,0.965694,-0.010554,0.258448,-13.477908,8.918444,-3.519469,-0.096711,0.967736,-0.110235,0.204895,2.05812,83.563934,9.132818,-0.065714,0.910589,-0.326703,0.244487,7.180744,49.042885,18.258709,0.028764,0.937779,-0.114819,0.326436,5.301466,12.561703,47.668922,0.022991,0.965694,-0.010554,0.258448,-6.546917,2.162156,-16.050097,0.028764,0.937779,-0.114819,0.326436,13.288837,3.041093,37.857574
520,4.333333,0.014104,0.986898,0.055023,0.151016,-7.289012,83.990356,5.723598,0.076979,0.991941,0.073507,0.068728,-7.199904,91.881195,6.619981,0.109026,0.988591,0.095325,0.041402,-4.527246,110.196861,9.551075,0.084317,0.994239,-0.064951,-0.01267,0.182033,131.922363,14.029792,0.113155,0.985845,-0.114151,-0.047706,2.604339,146.348663,10.138659,0.105749,0.932438,0.261918,0.225336,-4.820426,127.468468,13.375202,0.210922,-0.666688,0.098422,-0.708062,-19.455704,132.734802,7.280587,0.066672,0.227391,-0.408041,-0.881675,-17.196064,122.367859,-14.965693,0.234491,0.468421,-0.561491,-0.640565,-3.687932,140.340332,-6.659397,0.144952,0.938148,0.227064,-0.217507,2.714432,125.737679,13.848247,0.428246,0.753434,0.176825,-0.466557,17.13719,122.844376,5.931005,0.419009,0.232179,0.673983,-0.56238,22.013865,111.006104,-15.129608,0.555438,-0.311581,0.6251,-0.451282,22.486284,127.319183,-39.040833,-0.072677,0.937119,0.273373,0.204436,-16.528856,84.420952,2.851634,0.044859,0.97943,-0.126966,0.150281,-7.58329,54.121094,-14.55876,0.022721,0.965647,-0.010733,0.258639,-13.493946,8.924416,-3.527268,-0.096408,0.970262,-0.11788,0.188151,1.950832,83.559769,8.595561,-0.067436,0.915174,-0.330418,0.220753,7.099238,49.160316,18.155764,0.0329,0.94312,-0.124959,0.306312,6.046363,12.929601,47.91473,0.022721,0.965647,-0.010733,0.258639,-6.555295,2.164913,-16.051924,0.0329,0.94312,-0.124959,0.306312,13.448359,3.127131,37.923496
521,4.341667,0.015455,0.988141,0.054449,0.142741,-7.423936,84.011627,5.373693,0.083303,0.992583,0.072368,0.05102,-7.304815,91.902832,6.263354,0.110534,0.988767,0.098274,0.021542,-4.34881,110.15757,9.110271,0.082321,0.99433,-0.062124,-0.025904,0.51197,131.842148,13.62528,0.108547,0.986307,-0.111633,-0.054357,2.801724,146.304214,9.78702,0.111487,0.933964,0.266689,0.210141,-4.508228,127.388763,13.120124,0.206395,-0.675408,0.094193,-0.701679,-19.322941,132.740082,7.556175,0.057979,0.22176,-0.40676,-0.884312,-17.600004,122.610451,-14.846903,0.228789,0.466891,-0.560061,-0.64498,-3.917028,140.474411,-6.574815,0.144989,0.929802,0.235259,-0.243104,3.040863,125.66291,13.281812,0.41822,0.741765,0.19663,-0.486018,17.069328,123.069618,4.590052,0.414943,0.19179,0.68122,-0.571821,21.450481,112.488388,-17.234676,0.550611,-0.365635,0.594284,-0.45822,21.499214,130.434464,-39.95079,-0.073416,0.938514,0.272337,0.199083,-16.710096,84.458,2.657768,0.042074,0.979332,-0.128328,0.150567,-7.827604,54.125153,-14.727452,0.021981,0.965689,-0.011202,0.258527,-13.504675,8.938381,-3.533888,-0.096407,0.972158,-0.125287,0.172969,1.862224,83.565254,8.089619,-0.068874,0.919107,-0.333166,0.198743,7.06046,49.295727,18.079811,0.034499,0.947741,-0.134691,0.287151,6.787332,13.25444,48.085144,0.021981,0.965689,-0.011202,0.258527,-6.561442,2.171054,-16.051773,0.034499,0.947741,-0.134691,0.287151,13.661209,3.205346,37.962486
522,4.35,0.017253,0.989395,0.053212,0.134047,-7.569782,84.018234,5.059454,0.089192,0.992912,0.070759,0.034114,-7.411946,91.910614,5.932449,0.112375,0.988578,0.100382,0.002812,-4.190947,110.12075,8.673003,0.077116,0.994453,-0.060123,-0.038739,0.83464,131.767731,13.188021,0.10584,0.986652,-0.108302,-0.05989,2.900044,146.273056,9.385871,0.117174,0.935262,0.27087,0.195409,-4.201077,127.31752,12.83105,0.203148,-0.683911,0.089063,-0.695029,-19.171947,132.747406,7.785355,0.050487,0.216028,-0.404689,-0.887136,-17.97242,122.847382,-14.754078,0.222801,0.464162,-0.558301,-0.650549,-4.098734,140.571777,-6.550696,0.145074,0.920307,0.24474,-0.268499,3.34872,125.592209,12.699366,0.411966,0.727926,0.219668,-0.502149,16.94227,123.326942,3.257246,0.407106,0.150623,0.68704,-0.582712,20.793606,113.982025,-19.22197,0.545337,-0.406735,0.5635,-0.46866,20.487438,133.600784,-40.486679,-0.074216,0.93972,0.271574,0.194076,-16.901415,84.487053,2.508166,0.03962,0.979669,-0.129255,0.148232,-8.06741,54.132778,-14.864349,0.021284,0.965817,-0.011543,0.258092,-13.50508,8.94959,-3.538264,-0.097349,0.973229,-0.131611,0.161329,1.76185,83.549408,7.610744,-0.07079,0.921824,-0.335861,0.180076,7.065206,49.410263,17.984697,0.03467,0.95195,-0.143948,0.268083,7.513085,13.563168,48.219662,0.021284,0.965817,-0.011543,0.258092,-6.565689,2.177857,-16.055891,0.03467,0.95195,-0.143948,0.268083,13.881859,3.291941,37.990135
523,4.358333,0.019139,0.990634,0.051069,0.125181,-7.728688,84.011131,4.787785,0.095046,0.992896,0.069373,0.01766,-7.529081,91.905968,5.629438,0.113897,0.988178,0.101472,-0.015365,-4.048079,110.074196,8.266188,0.073765,0.994341,-0.057028,-0.050921,1.127179,131.695587,12.734514,0.102654,0.986914,-0.105567,-0.065717,3.029777,146.241898,9.004717,0.12176,0.936495,0.273833,0.182118,-3.916155,127.244339,12.530808,-0.198615,0.691994,-0.084916,0.688829,-19.018068,132.720291,7.946479,0.042936,0.209989,-0.401847,-0.89027,-18.331211,123.061943,-14.718923,0.217099,0.460874,-0.555547,-0.657138,-4.230845,140.62735,-6.592096,0.144398,0.91144,0.251948,-0.29146,3.624777,125.524971,12.11657,0.409555,0.710911,0.245823,-0.516179,16.795311,123.581207,2.025552,0.396888,0.114575,0.691475,-0.592633,20.040028,115.483734,-21.0261,-0.534649,0.439194,-0.524871,0.495751,19.535233,136.535599,-40.808067,-0.074711,0.940939,0.271196,0.188429,-17.103512,84.502235,2.404548,0.036995,0.980144,-0.129937,0.145139,-8.345112,54.138481,-14.98968,0.020938,0.965848,-0.011766,0.257996,-13.515055,8.953017,-3.54788,-0.099291,0.973811,-0.137271,0.151622,1.646134,83.520035,7.171021,-0.072512,0.923864,-0.33796,0.164318,7.120337,49.518227,17.901197,0.03437,0.955305,-0.152189,0.251097,8.195068,13.826921,48.304237,0.020938,0.965848,-0.011766,0.257996,-6.574667,2.177556,-16.062944,0.03437,0.955305,-0.152189,0.251097,14.118397,3.362689,38.002945
524,4.366667,0.02088,0.991822,0.048923,0.116015,-7.867864,83.992569,4.540184,0.101079,0.992597,0.067322,0.00171,-7.629069,91.889709,5.34941,0.114293,0.987645,0.102123,-0.032627,-3.884072,110.023094,7.852878,0.069336,0.994138,-0.05473,-0.062351,1.386604,131.634354,12.258166,0.100803,0.987092,-0.102553,-0.070499,3.0989,146.218521,8.584313,0.126521,0.937133,0.277583,0.169478,-3.649655,127.170815,12.202473,-0.193853,0.699343,-0.082597,0.683021,-18.860569,132.703995,8.069444,0.037237,0.2041,-0.398605,-0.893348,-18.658596,123.24028,-14.68739,0.214207,0.457382,-0.552697,-0.662905,-4.322302,140.652176,-6.668993,0.142979,0.903093,0.25796,-0.312149,3.877043,125.47377,11.522472,0.407593,0.693507,0.269548,-0.529395,16.643959,123.849976,0.871693,0.382158,0.087967,0.694034,-0.603767,19.286547,116.950226,-22.641844,0.514232,-0.461433,0.480251,-0.540375,18.675278,139.21698,-41.033615,-0.075253,0.942052,0.271218,0.182525,-17.284168,84.503677,2.331038,0.034802,0.980906,-0.130507,0.139931,-8.598204,54.146641,-15.111176,0.020616,0.965919,-0.012243,0.257733,-13.51299,8.960327,-3.560796,-0.101201,0.974051,-0.14231,0.143985,1.548441,83.481468,6.749329,-0.074698,0.925269,-0.339966,0.150736,7.181826,49.608936,17.801151,0.036309,0.957818,-0.159446,0.236311,8.857987,14.075366,48.361343,0.020616,0.965919,-0.012243,0.257733,-6.577224,2.174004,-16.072538,0.036309,0.957818,-0.159446,0.236311,14.354192,3.4297,38.009323
525,4.375,0.022424,0.992987,0.046735,0.106255,-7.994004,83.969833,4.310017,0.106781,0.99208,0.064699,-0.013777,-7.719199,91.869232,5.085003,0.114053,0.986933,0.102733,-0.04901,-3.724567,109.982994,7.430028,0.066373,0.993784,-0.051881,-0.072776,1.608886,131.59108,11.774938,0.098612,0.987238,-0.100144,-0.074885,3.182432,146.209427,8.17571,0.130426,0.937881,0.280208,0.157644,-3.41074,127.109268,11.858392,-0.188502,0.706147,-0.080872,0.677705,-18.717468,132.672058,8.139615,0.031624,0.198166,-0.395049,-0.896475,-18.97299,123.408875,-14.699048,0.211544,0.453438,-0.550094,-0.668611,-4.389517,140.661331,-6.793439,0.143483,0.894748,0.263176,-0.331023,4.096088,125.443558,10.927591,0.403448,0.677279,0.290797,-0.542181,16.452604,124.064888,-0.229725,0.364985,0.06578,0.695607,-0.615297,18.585548,118.367363,-24.114132,0.492058,-0.473878,0.440875,-0.582192,17.903774,141.698212,-41.11359,-0.075939,0.943181,0.271292,0.17619,-17.451033,84.497345,2.286501,0.032735,0.981614,-0.13093,0.134981,-8.835266,54.150688,-15.208501,0.020522,0.965995,-0.012465,0.257443,-13.50686,8.961657,-3.568179,-0.103296,0.974041,-0.147097,0.13761,1.463027,83.442322,6.333532,-0.07727,0.926136,-0.341599,0.140042,7.261537,49.700638,17.695852,0.036695,0.959947,-0.166861,0.222066,9.48676,14.308116,48.384403,0.020522,0.965995,-0.012465,0.257443,-6.578293,2.169975,-16.081003,0.036695,0.959947,-0.166861,0.222066,14.592767,3.489117,38.012295
526,4.383333,0.023442,0.994071,0.044521,0.096392,-8.080917,83.949257,4.095853,0.111167,0.991456,0.062249,-0.027952,-7.778935,91.851128,4.834736,0.114205,0.986077,0.102603,-0.063892,-3.594704,109.931015,7.025053,0.064105,0.993415,-0.047218,-0.082393,1.810071,131.538742,11.282711,0.096215,0.987214,-0.098942,-0.079763,3.276506,146.199631,7.81359,0.13364,0.938758,0.282165,0.1458,-3.193562,127.043533,11.499327,-0.183486,0.712448,-0.078715,0.672722,-18.59201,132.609604,8.186227,0.025528,0.191381,-0.391974,-0.899487,-19.27116,123.555412,-14.727447,0.207006,0.448791,-0.548287,-0.674623,-4.445467,140.666275,-6.966404,0.143446,0.886423,0.268856,-0.348418,4.286704,125.400558,10.341826,0.393118,0.666765,0.301216,-0.556912,16.248714,124.28199,-1.26546,0.34489,0.047888,0.694754,-0.629344,17.989136,119.63028,-25.406891,0.47335,-0.479206,0.417813,-0.609699,17.121515,143.924774,-40.983696,-0.076526,0.944393,0.271385,0.169161,-17.575762,84.483788,2.259943,0.030747,0.982192,-0.131418,0.130702,-9.049768,54.147232,-15.296452,0.020059,0.966174,-0.012521,0.256804,-13.493395,8.958372,-3.566549,-0.10509,0.973846,-0.151248,0.133057,1.413926,83.414726,5.931764,-0.080198,0.926257,-0.343657,0.132349,7.345444,49.789352,17.566946,0.038885,0.961407,-0.174661,0.208995,10.04688,14.572385,48.418808,0.020059,0.966174,-0.012521,0.256804,-6.575803,2.168678,-16.086521,0.038885,0.961407,-0.174661,0.208995,14.757484,3.56469,38.058128
527,4.391667,0.024658,0.995013,0.04292,0.086596,-8.179407,83.926704,3.896381,0.116009,0.990679,0.058777,-0.040515,-7.848725,91.829865,4.608641,0.113971,0.985235,0.102362,-0.076456,-3.467872,109.870461,6.607538,0.061212,0.993051,-0.04327,-0.090719,1.97973,131.482849,10.786255,0.094735,0.98716,-0.097421,-0.08396,3.3277,146.181656,7.4314,0.136632,0.939445,0.284158,0.134274,-3.004151,126.972557,11.115491,-0.178681,0.718328,-0.077407,0.667897,-18.483438,132.535904,8.198148,0.019495,0.184462,-0.389502,-0.902154,-19.567272,123.660423,-14.769819,0.202583,0.443971,-0.547244,-0.679981,-4.505272,140.674698,-7.157837,0.142937,0.879091,0.273305,-0.363419,4.449623,125.354324,9.767864,0.379108,0.660069,0.305074,-0.572289,16.059729,124.474625,-2.211344,0.325488,0.034116,0.692138,-0.643303,17.477516,120.745674,-26.533371,0.453944,-0.485267,0.404678,-0.628241,16.334089,145.838959,-40.823002,-0.077743,0.945536,0.271434,0.16199,-17.70784,84.473961,2.247806,0.028953,0.982569,-0.131799,0.127864,-9.232396,54.152863,-15.359698,0.020076,0.966295,-0.012487,0.25635,-13.481405,8.963365,-3.560349,-0.107112,0.973709,-0.155199,0.127793,1.349025,83.37944,5.544957,-0.083145,0.926391,-0.34512,0.125617,7.442551,49.872379,17.434958,0.038718,0.962674,-0.182479,0.196113,10.60078,14.795044,48.40229,0.020076,0.966295,-0.012487,0.25635,-6.575696,2.174701,-16.08744,0.038718,0.962674,-0.182479,0.196113,14.961227,3.612723,38.075386
528,4.4,0.025155,0.995853,0.041148,0.077143,-8.215464,83.906326,3.703758,0.118678,0.990034,0.054141,-0.053084,-7.867975,91.811462,4.385471,0.113952,0.98404,0.103685,-0.089052,-3.369928,109.859993,6.152946,0.058481,0.992577,-0.039987,-0.098853,2.134478,131.46022,10.320149,0.093472,0.987057,-0.096574,-0.087491,3.369458,146.190613,7.061846,0.138917,0.939972,0.286173,0.123534,-2.830402,126.937103,10.746382,-0.174815,0.724071,-0.075694,0.662896,-18.381161,132.480942,8.194979,0.01329,0.176991,-0.387585,-0.904586,-19.860422,123.767944,-14.8131,0.195927,0.439898,-0.54547,-0.685977,-4.5928,140.690109,-7.384179,0.141347,0.872713,0.276591,-0.376683,4.591145,125.343063,9.205852,0.367412,0.653834,0.308583,-0.585052,15.888355,124.702621,-3.083689,0.311262,0.022429,0.689431,-0.65368,17.008413,121.7603,-27.52882,0.432984,-0.495948,0.389251,-0.644239,15.609037,147.434814,-40.795071,-0.078645,0.94691,0.271123,0.15385,-17.773399,84.453064,2.235675,0.027214,0.982667,-0.132307,0.126962,-9.391488,54.129982,-15.41313,0.020312,0.966394,-0.011801,0.255988,-13.475338,8.943907,-3.542598,-0.108442,0.973597,-0.158952,0.122813,1.342472,83.359581,5.171842,-0.085275,0.926502,-0.346641,0.119003,7.551109,49.958282,17.29752,0.035994,0.963916,-0.189584,0.183381,11.09243,15.013289,48.372852,0.020312,0.966394,-0.011801,0.255988,-6.57935,2.172863,-16.08457,0.035994,0.963916,-0.189584,0.183381,15.155673,3.684942,38.083958
529,4.408333,0.025652,0.996569,0.039815,0.067868,-8.256041,83.888481,3.528917,0.122025,0.989149,0.050162,-0.06464,-7.892896,91.79493,4.186833,0.112639,0.983076,0.103847,-0.100444,-3.261239,109.82901,5.746139,0.056547,0.992088,-0.03568,-0.106259,2.23396,131.441193,9.863111,0.092858,0.986764,-0.096567,-0.091376,3.388276,146.205597,6.731488,0.140877,0.940741,0.286844,0.11349,-2.69905,126.89325,10.384446,-0.171249,0.729451,-0.073826,0.658122,-18.311018,132.408798,8.167498,0.006761,0.169377,-0.386439,-0.906604,-20.161987,123.856064,-14.873782,0.189104,0.435335,-0.544888,-0.691245,-4.714035,140.72052,-7.631605,0.139696,0.867502,0.278168,-0.388006,4.693659,125.339462,8.673581,0.356863,0.648756,0.310682,-0.596022,15.717083,124.896584,-3.870645,0.300054,0.012451,0.687206,-0.661484,16.575148,122.612129,-28.396559,0.420154,-0.503161,0.37452,-0.65577,14.977442,148.715454,-40.812283,-0.079422,0.947951,0.271164,0.146804,-17.839533,84.436028,2.238537,0.025552,0.982758,-0.132737,0.126156,-9.535944,54.123413,-15.465173,0.020018,0.966552,-0.011572,0.255426,-13.461878,8.939799,-3.532129,-0.109774,0.973618,-0.161498,0.118049,1.327453,83.340935,4.819297,-0.086611,0.92652,-0.34892,0.110969,7.662724,50.019444,17.098063,0.034837,0.964489,-0.197613,0.171744,11.557805,15.244707,48.321686,0.020018,0.966552,-0.011572,0.255426,-6.575922,2.177411,-16.084272,0.034837,0.964489,-0.197613,0.171744,15.320447,3.744266,38.10968
530,4.416667,0.026189,0.997143,0.0393,0.058954,-8.278092,83.872864,3.346523,0.124336,0.988261,0.046644,-0.07553,-7.900095,91.779526,3.993519,0.111428,0.982031,0.104068,-0.11122,-3.172724,109.82,5.36619,0.054143,0.991523,-0.033306,-0.11332,2.315025,131.442413,9.439159,0.092999,0.986491,-0.09616,-0.094548,3.371286,146.229401,6.380356,0.142147,0.941169,0.288209,0.104553,-2.586263,126.871239,10.04907,-0.169192,0.734828,-0.071143,0.652948,-18.251341,132.347839,8.130148,0.001367,0.16196,-0.385726,-0.908285,-20.471233,123.929405,-14.928002,0.183208,0.430345,-0.544276,-0.696421,-4.871645,140.757507,-7.892052,0.137844,0.862908,0.279491,-0.397837,4.775324,125.355423,8.177481,0.349479,0.644162,0.3127,-0.604267,15.557816,125.096336,-4.579506,0.292207,0.003977,0.685192,-0.667167,16.185112,123.313507,-29.153967,0.414365,-0.505902,0.362799,-0.663884,14.419258,149.714142,-40.900208,-0.081078,0.949098,0.270647,0.139243,-17.882952,84.423599,2.227735,0.024933,0.982995,-0.13287,0.124281,-9.612503,54.109962,-15.489742,0.02002,0.966617,-0.011136,0.2552,-13.460157,8.926728,-3.529792,-0.110387,0.973859,-0.163678,0.112354,1.326767,83.322128,4.465311,-0.088387,0.926231,-0.351078,0.105015,7.755688,50.061523,16.859936,0.03267,0.96481,-0.205214,0.161124,11.976274,15.457609,48.230701,0.02002,0.966617,-0.011136,0.2552,-6.578434,2.176552,-16.09083,0.03267,0.96481,-0.205214,0.161124,15.485203,3.799842,38.10714
531,4.425,0.026486,0.997602,0.039151,0.050562,-8.290869,83.860229,3.164575,0.124338,0.987681,0.041349,-0.085534,-7.902609,91.766823,3.806238,0.110877,0.98075,0.106068,-0.120773,-3.162816,109.880302,4.939252,0.051941,0.990928,-0.032199,-0.119694,2.350009,131.489212,9.049872,0.093967,0.986186,-0.095851,-0.09706,3.313678,146.290024,6.027632,0.143222,0.941444,0.289824,0.095779,-2.528727,126.902473,9.720675,-0.168755,0.73949,-0.068464,0.648065,-18.242283,132.334869,8.094869,-0.001659,0.155045,-0.385105,-0.909754,-20.78257,123.996178,-14.959184,0.179052,0.425235,-0.544219,-0.700672,-5.051103,140.805191,-8.156238,0.135585,0.859807,0.279095,-0.405529,4.800426,125.416374,7.703604,0.343972,0.641075,0.313242,-0.610398,15.397083,125.302933,-5.210264,0.287295,-0.001237,0.683465,-0.67107,15.845577,123.858139,-29.810827,0.411252,-0.507251,0.351966,-0.670588,13.942094,150.434418,-41.13179,-0.082275,0.949906,0.270414,0.133362,-17.913227,84.410408,2.207568,0.024396,0.983226,-0.133213,0.122168,-9.673095,54.101765,-15.532557,0.020369,0.966682,-0.011063,0.25493,-13.449347,8.924609,-3.526999,-0.110554,0.974198,-0.165581,0.106298,1.331489,83.310051,4.121581,-0.089268,0.925821,-0.353766,0.098678,7.831821,50.097328,16.607046,0.031466,0.964689,-0.212542,0.152351,12.309309,15.685776,48.153301,0.020369,0.966682,-0.011063,0.25493,-6.578775,2.174207,-16.094021,0.031466,0.964689,-0.212542,0.152351,15.595531,3.874557,38.133396
532,4.433333,0.026443,0.998003,0.038586,0.042459,-8.27356,83.861351,2.993509,0.125061,0.986792,0.041512,-0.094221,-7.880395,91.768684,3.623024,0.109048,0.980084,0.103261,-0.129925,-3.119587,109.81562,4.714036,0.051824,0.990331,-0.029322,-0.125295,2.336074,131.469421,8.661448,0.094222,0.985847,-0.096198,-0.099865,3.280136,146.288086,5.721655,0.144997,0.942072,0.289018,0.08913,-2.501535,126.855324,9.434697,-0.168284,0.744273,-0.064813,0.643069,-18.239069,132.279831,8.029437,-0.00466,0.148949,-0.384449,-0.911039,-21.1052,124.05127,-15.025982,0.176384,0.419645,-0.545115,-0.704014,-5.247748,140.847946,-8.419441,0.132895,0.856884,0.278778,-0.412762,4.798306,125.407539,7.287667,0.339762,0.638769,0.313812,-0.614864,15.221346,125.447426,-5.767168,0.283326,-0.003286,0.681371,-0.67487,15.541951,124.260521,-30.383522,0.407877,-0.505806,0.347678,-0.675956,13.473529,150.93866,-41.432705,-0.082609,0.950621,0.270139,0.128533,-17.910564,84.404297,2.192438,0.023758,0.983409,-0.133462,0.120544,-9.739981,54.088928,-15.568359,0.019837,0.966794,-0.011087,0.254546,-13.440375,8.915123,-3.526609,-0.110134,0.974917,-0.167043,0.09749,1.363444,83.318405,3.79458,-0.088992,0.925668,-0.356441,0.090382,7.934903,50.134075,16.318256,0.031803,0.964089,-0.220376,0.144759,12.639793,15.896138,48.019947,0.019837,0.966794,-0.011087,0.254546,-6.573187,2.167895,-16.097185,0.031803,0.964089,-0.220376,0.144759,15.703535,3.917663,38.128922
533,4.441667,0.026479,0.998306,0.038172,0.035039,-8.25767,83.86158,2.82401,0.124444,0.986191,0.039314,-0.101955,-7.859036,91.769379,3.444046,0.107787,0.979235,0.102722,-0.137581,-3.116086,109.844315,4.420115,0.050729,0.989742,-0.028069,-0.130571,2.31188,131.515549,8.309593,0.095654,0.985411,-0.096382,-0.102595,3.20316,146.345139,5.408598,0.145995,0.942756,0.28828,0.082407,-2.495022,126.881233,9.150434,-0.168402,0.748872,-0.062308,0.637926,-18.261385,132.273514,7.960929,-0.006794,0.14271,-0.383845,-0.912278,-21.450268,124.097618,-15.070831,0.174069,0.413977,-0.546046,-0.707218,-5.476186,140.884689,-8.686929,0.131047,0.854988,0.27798,-0.417791,4.777323,125.465096,6.891886,0.337801,0.637154,0.313299,-0.617875,15.077104,125.601891,-6.259754,0.281431,-0.003397,0.679384,-0.677659,15.280228,124.534584,-30.88282,0.406372,-0.503029,0.34751,-0.679014,13.05528,151.246262,-41.819996,-0.083538,0.951148,0.270001,0.124252,-17.905775,84.399536,2.165999,0.023461,0.983456,-0.133931,0.119693,-9.753047,54.089893,-15.612772,0.020789,0.966871,-0.011266,0.254168,-13.420753,8.926529,-3.521966,-0.109336,0.975649,-0.167696,0.08963,1.390433,83.323624,3.482021,-0.088959,0.924997,-0.359857,0.083485,8.00203,50.142426,15.992846,0.028798,0.963643,-0.227623,0.136933,12.90231,16.133398,47.910587,0.020789,0.966871,-0.011266,0.254168,-6.576149,2.167985,-16.098776,0.028798,0.963643,-0.227623,0.136933,15.8041,4.012632,38.144867
534,4.45,0.02602,0.99855,0.037822,0.028115,-8.222367,83.870911,2.660829,0.123428,0.985702,0.037399,-0.108436,-7.826552,91.779518,3.272342,0.106626,0.978533,0.102066,-0.143827,-3.11797,109.883247,4.151635,0.049526,0.989201,-0.027165,-0.135241,2.279868,131.571869,7.985788,0.096987,0.984948,-0.096681,-0.105467,3.11701,146.410385,5.114504,0.146154,0.943307,0.288019,0.076526,-2.499669,126.919899,8.88328,-0.168033,0.75323,-0.061109,0.632989,-18.295704,132.262573,7.877861,-0.009024,0.136514,-0.383556,-0.913328,-21.799997,124.116806,-15.11871,0.172631,0.408253,-0.547154,-0.710036,-5.723594,140.90683,-8.955368,0.12946,0.853858,0.276278,-0.421708,4.749303,125.531006,6.53448,0.337626,0.635902,0.312198,-0.619814,14.953032,125.730423,-6.691022,0.281285,-0.00219,0.677946,-0.679163,15.043672,124.68576,-31.315731,0.406685,-0.499447,0.347571,-0.681436,12.705313,151.380356,-42.270935,-0.082725,0.951508,0.269966,0.122096,-17.879408,84.394806,2.136073,0.022269,0.983315,-0.134716,0.1202,-9.822594,54.074074,-15.667483,0.020951,0.967107,-0.010614,0.253285,-13.395286,8.925372,-3.493749,-0.108238,0.976445,-0.168268,0.080776,1.434674,83.347015,3.185586,-0.089292,0.924358,-0.362533,0.078474,8.078948,50.162445,15.670127,0.028877,0.962757,-0.234717,0.131046,13.15216,16.340351,47.759022,0.020951,0.967107,-0.010614,0.253285,-6.573243,2.184314,-16.092182,0.028877,0.962757,-0.234717,0.131046,15.883784,4.072972,38.12822
535,4.458333,0.025183,0.998765,0.036766,0.021982,-8.175141,83.880844,2.510943,0.122086,0.985332,0.036013,-0.113666,-7.788468,91.791382,3.103011,0.105435,0.978026,0.10094,-0.148863,-3.127822,109.918503,3.912494,0.048314,0.988739,-0.027095,-0.139018,2.230451,131.628937,7.678026,0.098527,0.984549,-0.096811,-0.107626,3.014072,146.471512,4.812632,0.146609,0.944056,0.286727,0.071078,-2.523204,126.960564,8.626364,-0.168448,0.757395,-0.0597,0.628024,-18.341658,132.265762,7.788929,-0.010627,0.130378,-0.383403,-0.914271,-22.147692,124.128578,-15.162684,0.171083,0.402603,-0.548751,-0.7124,-5.979093,140.929962,-9.230618,0.128635,0.853006,0.274406,-0.424894,4.70685,125.595924,6.206124,0.339132,0.634862,0.31106,-0.62063,14.82758,125.825356,-7.082521,0.28265,-0.00091,0.677125,-0.679419,14.818108,124.7286,-31.705135,0.409675,-0.495365,0.349529,-0.681623,12.415115,151.380142,-42.750778,-0.083104,0.95197,0.269891,0.118344,-17.838966,84.383705,2.103598,0.021766,0.983289,-0.135495,0.119629,-9.827081,54.064552,-15.722924,0.021471,0.967367,-0.010601,0.252246,-13.354847,8.933517,-3.470837,-0.10681,0.977203,-0.168016,0.073732,1.488684,83.377983,2.918287,-0.089454,0.923462,-0.365784,0.073608,8.125101,50.165142,15.331635,0.028775,0.961705,-0.241594,0.126207,13.347864,16.567781,47.631935,0.021471,0.967367,-0.010601,0.252246,-6.566473,2.18984,-16.086044,0.028775,0.961705,-0.241594,0.126207,15.940191,4.161021,38.142212
536,4.466667,0.024404,0.998933,0.035613,0.016395,-8.123413,83.901024,2.368949,0.120434,0.98511,0.034719,-0.117679,-7.74547,91.813507,2.940388,0.104237,0.977703,0.099883,-0.152498,-3.146569,109.961304,3.690841,0.047663,0.988362,-0.027382,-0.141843,2.166334,131.69278,7.398918,0.099439,0.984208,-0.097249,-0.109493,2.915951,146.535873,4.527103,0.146762,0.944887,0.285025,0.066403,-2.564817,127.009491,8.385459,-0.169522,0.761337,-0.058307,0.62308,-18.40324,132.27504,7.686758,-0.012227,0.124438,-0.383372,-0.915091,-22.4963,124.122147,-15.209816,0.168466,0.396918,-0.549785,-0.71541,-6.257775,140.926575,-9.506074,0.129811,0.852584,0.271365,-0.427329,4.652159,125.666718,5.914484,0.342734,0.633143,0.311574,-0.62015,14.693405,125.843361,-7.435127,0.286331,-0.000142,0.676989,-0.678012,14.592255,124.671303,-32.054062,0.412205,-0.493737,0.352403,-0.679796,12.178535,151.249832,-43.271999,-0.083496,0.95239,0.269706,0.115068,-17.792139,84.384552,2.068532,0.021447,0.983349,-0.136169,0.118418,-9.816119,54.062927,-15.769866,0.021688,0.967668,-0.010856,0.251059,-13.306684,8.947775,-3.448811,-0.105263,0.978025,-0.167275,0.066375,1.545313,83.417496,2.669366,-0.089589,0.92262,-0.368671,0.069489,8.171625,50.163055,14.976284,0.028979,0.960443,-0.248463,0.122373,13.521478,16.766876,47.463879,0.021688,0.967668,-0.010856,0.251059,-6.553059,2.196184,-16.078432,0.028979,0.960443,-0.248463,0.122373,15.994064,4.222281,38.124596
537,4.475,0.023677,0.999064,0.034329,0.011481,-8.078132,83.924294,2.236592,0.11847,0.984981,0.033703,-0.120999,-7.708659,91.838753,2.785689,0.103454,0.977437,0.09859,-0.155543,-3.184028,110.002968,3.492227,0.047561,0.988055,-0.027372,-0.144004,2.097593,131.753448,7.13292,0.099485,0.983974,-0.097978,-0.1109,2.833914,146.59726,4.261394,0.146808,0.945662,0.283335,0.062389,-2.615763,127.060066,8.155998,-0.170712,0.764878,-0.05754,0.618472,-18.471004,132.289108,7.574566,-0.014177,0.118206,-0.383769,-0.915722,-22.826096,124.098351,-15.260061,0.164636,0.391516,-0.550668,-0.718593,-6.531009,140.922882,-9.791409,0.129077,0.852415,0.269114,-0.429308,4.5892,125.731171,5.642834,0.345917,0.633749,0.308189,-0.619453,14.580128,125.9151,-7.744369,0.288815,0.002777,0.677032,-0.676909,14.413436,124.519279,-32.351269,0.415675,-0.490457,0.357448,-0.67742,12.003529,151.007446,-43.781693,-0.083934,0.952811,0.269459,0.111795,-17.750185,84.390137,2.030144,0.021187,0.983442,-0.136713,0.117055,-9.807207,54.06419,-15.815635,0.023012,0.967823,-0.011153,0.250328,-13.262485,8.961907,-3.437632,-0.104058,0.978694,-0.165866,0.061795,1.593921,83.45845,2.443039,-0.089256,0.921825,-0.371633,0.064513,8.201741,50.151939,14.618389,0.029396,0.959078,-0.25513,0.119224,13.670269,16.955835,47.290741,0.023012,0.967823,-0.011153,0.250328,-6.54593,2.193578,-16.078051,0.029396,0.959078,-0.25513,0.119224,16.036827,4.279102,38.103657
538,4.483333,0.022825,0.999179,0.03266,0.007375,-8.021566,83.937027,2.117742,0.117493,0.985215,0.029608,-0.121121,-7.663129,91.853889,2.638764,0.103088,0.977765,0.09801,-0.154086,-3.183938,110.069061,3.199336,0.044812,0.988208,-0.026908,-0.14392,2.072438,131.828125,6.825188,0.099914,0.98379,-0.098582,-0.111606,2.730113,146.680527,3.979109,0.145917,0.946374,0.282607,0.056728,-2.640708,127.132973,7.841089,-0.171535,0.768559,-0.057206,0.613693,-18.527205,132.282364,7.42516,-0.016452,0.112636,-0.384047,-0.91627,-23.158695,124.053108,-15.341154,0.161361,0.386608,-0.55147,-0.721372,-6.791678,140.912384,-10.066135,0.129002,0.852887,0.265642,-0.430554,4.57242,125.805489,5.350689,0.351297,0.633192,0.305473,-0.61834,14.528218,125.95079,-8.063147,0.29091,0.00599,0.677287,-0.675736,14.244602,124.296867,-32.652992,0.417023,-0.485346,0.365108,-0.676186,11.856311,150.694534,-44.295372,-0.085861,0.953315,0.269286,0.106316,-17.695892,84.383476,1.989448,0.021994,0.983662,-0.137244,0.114407,-9.725147,54.074406,-15.872633,0.023643,0.967867,-0.012424,0.250042,-13.227073,8.989057,-3.446165,-0.102485,0.979418,-0.164614,0.056039,1.652759,83.490578,2.246035,-0.089414,0.920966,-0.374168,0.06185,8.228843,50.130798,14.292048,0.029802,0.957854,-0.260658,0.116984,13.781948,17.114643,47.132065,0.023643,0.967867,-0.012424,0.250042,-6.530991,2.181307,-16.076281,0.029802,0.957854,-0.260658,0.116984,16.068729,4.329872,38.075405
539,4.491667,0.021693,0.999275,0.031063,0.003813,-7.960051,83.952095,1.995973,0.114883,0.985278,0.029549,-0.123113,-7.617606,91.871376,2.490342,0.1018,0.97777,0.096188,-0.156045,-3.237041,110.091423,3.051541,0.044235,0.988012,-0.028128,-0.145205,1.958036,131.878525,6.596568,0.100975,0.983597,-0.099024,-0.111965,2.587022,146.725708,3.71695,0.145719,0.947349,0.279902,0.054316,-2.734734,127.169922,7.64405,-0.172961,0.771191,-0.056704,0.610028,-18.632109,132.290115,7.287598,-0.017202,0.107914,-0.384389,-0.916681,-23.460484,124.009857,-15.419239,0.159008,0.382561,-0.551846,-0.723761,-7.053031,140.89473,-10.335376,0.130253,0.853674,0.2619,-0.430909,4.473069,125.860504,5.128796,0.355183,0.633954,0.302468,-0.616815,14.40781,125.916,-8.301311,0.291685,0.011625,0.677772,-0.674841,14.081696,124.013138,-32.872616,0.417348,-0.478598,0.373912,-0.675984,11.73722,150.299255,-44.773434,-0.086185,0.953802,0.268962,0.102442,-17.636124,84.374298,1.935225,0.021953,0.983757,-0.137961,0.112729,-9.717752,54.056656,-15.9356,0.023783,0.968019,-0.012553,0.24943,-13.202074,8.989635,-3.437901,-0.101071,0.980073,-0.163051,0.051539,1.716021,83.529892,2.056721,-0.089169,0.920177,-0.376644,0.05884,8.256212,50.112377,13.961424,0.029678,0.956475,-0.266539,0.11503,13.873546,17.266508,46.960873,0.023783,0.968019,-0.012553,0.24943,-6.524291,2.17775,-16.075472,0.029678,0.956475,-0.266539,0.11503,16.097118,4.369783,38.048363
540,4.5,0.020746,0.999355,0.02929,0.000761,-7.909633,83.967072,1.898007,0.112444,0.985388,0.029339,-0.124527,-7.580662,91.888687,2.363199,0.100904,0.977835,0.094258,-0.15739,-3.290529,110.124138,2.921892,0.04436,0.98785,-0.029431,-0.146008,1.857221,131.936127,6.381793,0.100977,0.98352,-0.099435,-0.112269,2.480071,146.775986,3.463261,0.145301,0.948121,0.277786,0.052813,-2.820166,127.218666,7.457782,-0.174561,0.773647,-0.056565,0.606465,-18.726986,132.311584,7.133359,-0.017742,0.103509,-0.384781,-0.917014,-23.741653,123.963486,-15.508173,0.156611,0.379207,-0.552158,-0.725808,-7.30322,140.873398,-10.606659,0.13047,0.854984,0.25773,-0.430762,4.383917,125.920013,4.926335,0.360884,0.63412,0.300124,-0.614476,14.32101,125.902306,-8.50214,0.2937,0.016777,0.678226,-0.673401,13.935657,123.712433,-33.048676,0.418411,-0.471468,0.38364,-0.674885,11.635268,149.870773,-45.236187,-0.086488,0.954201,0.268692,0.099116,-17.586756,84.369125,1.895039,0.021917,0.983873,-0.138532,0.111009,-9.711506,54.044819,-15.98354,0.023803,0.968197,-0.012436,0.248744,-13.176426,8.99247,-3.42769,-0.100201,0.980609,-0.161313,0.048423,1.76749,83.565018,1.900975,-0.088497,0.919482,-0.378867,0.056402,8.292785,50.094231,13.663313,0.029203,0.955207,-0.271556,0.113945,13.92072,17.39468,46.805965,0.023803,0.968197,-0.012436,0.248744,-6.51641,2.184114,-16.076536,0.029203,0.955207,-0.271556,0.113945,16.112003,4.404679,38.021843
541,4.508333,0.019395,0.999432,0.027514,-0.001816,-7.840277,83.977028,1.799816,0.108092,0.985593,0.029365,-0.126727,-7.531578,91.901108,2.236051,0.100256,0.977542,0.093704,-0.159937,-3.392928,110.198524,2.80814,0.045887,0.98746,-0.032026,-0.147617,1.731633,132.021149,6.235267,0.101063,0.983344,-0.100215,-0.11304,2.379753,146.843338,3.233681,0.144496,0.949065,0.274893,0.053206,-2.931451,127.295326,7.336363,-0.177022,0.775344,-0.056496,0.603584,-18.844675,132.365799,6.976368,-0.016336,0.100401,-0.385081,-0.91726,-23.98848,123.919121,-15.599528,0.156446,0.376177,-0.554083,-0.725953,-7.53634,140.850479,-10.861591,0.133447,0.856137,0.253779,-0.429904,4.26213,126.009285,4.768875,0.364829,0.635415,0.296999,-0.612323,14.197649,125.837265,-8.659671,0.295709,0.021988,0.678838,-0.671753,13.801342,123.374596,-33.180161,0.421018,-0.465593,0.391596,-0.67277,11.560743,149.400848,-45.658108,-0.086702,0.954616,0.268576,0.095177,-17.518394,84.351555,1.845314,0.021878,0.983911,-0.13936,0.109638,-9.702953,54.025414,-16.056364,0.023504,0.968381,-0.012533,0.24805,-13.155071,8.994475,-3.420442,-0.099246,0.981114,-0.159555,0.045915,1.837842,83.602501,1.754317,-0.087613,0.918802,-0.381091,0.053825,8.334196,50.077267,13.376797,0.028446,0.95396,-0.276467,0.112774,13.960655,17.521664,46.661098,0.023504,0.968381,-0.012533,0.24805,-6.509802,2.185802,-16.076868,0.028446,0.95396,-0.276467,0.112774,16.12384,4.442194,38.003689
542,4.516667,0.018408,0.999479,0.026209,-0.004045,-7.786966,83.986298,1.700099,0.106381,0.985889,0.028984,-0.125956,-7.493044,91.912086,2.115009,0.099474,0.978097,0.090911,-0.158642,-3.426049,110.193077,2.683566,0.045311,0.987561,-0.032309,-0.147061,1.640736,132.046173,6.000653,0.100869,0.983317,-0.100331,-0.113342,2.273288,146.867874,2.993306,0.144093,0.949837,0.272706,0.051745,-3.01406,127.315857,7.117414,-0.178042,0.777283,-0.057006,0.600735,-18.936283,132.360077,6.788169,-0.016866,0.096948,-0.385755,-0.917338,-24.231344,123.850212,-15.728951,0.15594,0.372642,-0.554644,-0.727455,-7.769207,140.815308,-11.132216,0.133363,0.857267,0.250968,-0.429328,4.18833,126.032051,4.573609,0.371103,0.635386,0.29477,-0.609653,14.141132,125.812195,-8.84143,0.299616,0.024669,0.679685,-0.669067,13.678026,123.04747,-33.328526,0.424237,-0.462262,0.396846,-0.669963,11.511292,148.949478,-46.075184,-0.086803,0.954942,0.268334,0.092458,-17.465553,84.34063,1.78775,0.021963,0.98398,-0.140121,0.108019,-9.69545,54.006397,-16.119951,0.022824,0.968534,-0.012564,0.247515,-13.142155,8.995766,-3.410415,-0.098691,0.981496,-0.158001,0.044293,1.89162,83.631958,1.612448,-0.086282,0.918183,-0.383257,0.051092,8.375009,50.063179,13.115885,0.028414,0.952793,-0.280516,0.112642,13.969013,17.641119,46.535725,0.022824,0.968534,-0.012564,0.247515,-6.502391,2.191046,-16.07185,0.028414,0.952793,-0.280516,0.112642,16.117142,4.487495,37.987602
543,4.525,0.017579,0.999499,0.025604,-0.006155,-7.733279,83.990959,1.590051,0.103582,0.986218,0.028821,-0.125758,-7.451683,91.917725,1.994829,0.098848,0.978428,0.088895,-0.158128,-3.489837,110.211769,2.571415,0.044725,0.98754,-0.034304,-0.146926,1.534089,132.086929,5.807254,0.101301,0.983325,-0.099926,-0.113246,2.140813,146.898239,2.743916,0.143577,0.950633,0.270187,0.051792,-3.112939,127.352463,6.938668,-0.179973,0.778483,-0.057826,0.598523,-19.039955,132.380219,6.589767,-0.015211,0.094831,-0.386324,-0.917349,-24.431749,123.767769,-15.865308,0.157564,0.370458,-0.556616,-0.726714,-7.959734,140.779312,-11.389281,0.134934,0.858611,0.248085,-0.427824,4.093896,126.071976,4.405807,0.375744,0.636051,0.291813,-0.607537,14.075666,125.747261,-8.985559,0.303601,0.02744,0.680577,-0.666249,13.568704,122.705582,-33.438923,0.428246,-0.460449,0.4012,-0.666056,11.480651,148.476746,-46.460949,-0.086923,0.955278,0.268063,0.089611,-17.412027,84.328262,1.717948,0.021819,0.983897,-0.140967,0.1077,-9.68839,53.985016,-16.194588,0.022851,0.968608,-0.0126,0.24722,-13.125937,8.996097,-3.40592,-0.097897,0.981854,-0.156676,0.042793,1.945468,83.653656,1.462155,-0.085672,0.917543,-0.385033,0.050251,8.396382,50.043549,12.86268,0.027644,0.951569,-0.284691,0.112711,13.954586,17.739674,46.402733,0.022851,0.968608,-0.0126,0.24722,-6.494397,2.190337,-16.071108,0.027644,0.951569,-0.284691,0.112711,16.107056,4.512229,37.970398
544,4.533333,0.016821,0.999527,0.024553,-0.007806,-7.703031,83.987495,1.503564,0.101082,0.986541,0.02837,-0.125358,-7.43293,91.915512,1.891303,0.098514,0.978745,0.086977,-0.157443,-3.566313,110.222229,2.464631,0.044586,0.987514,-0.036138,-0.146707,1.427747,132.115692,5.622064,0.101517,0.983349,-0.099434,-0.113282,2.023014,146.916351,2.50553,0.142753,0.951357,0.267956,0.052353,-3.214871,127.380005,6.76645,-0.181546,0.779325,-0.05913,0.596823,-19.147823,132.386185,6.380402,-0.013934,0.092457,-0.387573,-0.917085,-24.611755,123.672318,-16.018038,0.159315,0.368535,-0.558061,-0.726201,-8.16186,140.744705,-11.670335,0.135997,0.860068,0.245503,-0.426047,3.996335,126.098488,4.24659,0.380689,0.636406,0.289422,-0.605226,14.019205,125.685181,-9.111595,0.307757,0.029787,0.681634,-0.663155,13.465984,122.37719,-33.529358,0.432645,-0.458536,0.40609,-0.661554,11.469155,148.016907,-46.818329,-0.086961,0.95539,0.268187,0.087999,-17.381838,84.309464,1.662711,0.021706,0.983903,-0.141744,0.106642,-9.685293,53.971493,-16.270409,0.023435,0.968686,-0.012989,0.24684,-13.106185,9.002709,-3.406701,-0.098002,0.982098,-0.155076,0.042798,1.975776,83.665535,1.344417,-0.084861,0.916958,-0.386628,0.050059,8.440733,50.020916,12.63468,0.025779,0.950524,-0.288404,0.11253,13.924003,17.81951,46.285419,0.023435,0.968686,-0.012989,0.24684,-6.493555,2.182522,-16.074015,0.025779,0.950524,-0.288404,0.11253,16.098772,4.529941,37.957127
545,4.541667,0.015808,0.99955,0.023784,-0.00914,-7.644329,83.976395,1.407358,0.098121,0.986972,0.027829,-0.124434,-7.389898,91.905525,1.782679,0.098224,0.979134,0.085248,-0.156148,-3.634796,110.234306,2.35371,0.044296,0.987525,-0.038181,-0.146202,1.330743,132.14386,5.443732,0.101547,0.983396,-0.0989,-0.113312,1.910644,146.932678,2.268555,0.141792,0.952076,0.265767,0.053053,-3.310024,127.407852,6.594257,-0.18345,0.779847,-0.060074,0.595463,-19.249647,132.389282,6.165709,-0.012186,0.090607,-0.388565,-0.916875,-24.75923,123.573792,-16.181725,0.161362,0.365882,-0.559934,-0.72565,-8.325134,140.700226,-11.947487,0.136824,0.861497,0.243413,-0.424089,3.908361,126.124214,4.096113,0.385396,0.636667,0.287036,-0.603105,13.979287,125.634918,-9.22331,0.311229,0.032473,0.682633,-0.660375,13.37466,122.073128,-33.604126,0.436028,-0.455972,0.412173,-0.65733,11.466615,147.584824,-47.144871,-0.08702,0.955573,0.268192,0.085908,-17.323339,84.278252,1.59162,0.021756,0.98386,-0.142755,0.10568,-9.662009,53.941231,-16.358181,0.023017,0.968835,-0.012982,0.246292,-13.084701,8.999631,-3.400291,-0.097355,0.98233,-0.154249,0.041919,2.034683,83.674538,1.223096,-0.083986,0.916496,-0.387903,0.050129,8.467767,50.00235,12.449184,0.024439,0.949652,-0.291063,0.113341,13.86359,17.879713,46.189228,0.023017,0.968835,-0.012982,0.246292,-6.481081,2.182709,-16.074066,0.024439,0.949652,-0.291063,0.113341,16.076799,4.546447,37.941292
546,4.55,0.01516,0.999561,0.023382,-0.010093,-7.615595,83.963844,1.314921,0.095882,0.987335,0.027358,-0.123401,-7.371145,91.893593,1.683737,0.097709,0.979558,0.083453,-0.154774,-3.70052,110.240578,2.251894,0.044141,0.987512,-0.041127,-0.145532,1.226112,132.168442,5.273512,0.101758,0.983528,-0.097723,-0.112993,1.791389,146.939178,2.01274,0.140681,0.952737,0.263707,0.054398,-3.410885,127.43013,6.42969,-0.185338,0.780023,-0.061279,0.594524,-19.356171,132.387512,5.937607,-0.010385,0.088921,-0.38952,-0.916657,-24.886511,123.465309,-16.362301,0.162937,0.363615,-0.561478,-0.725244,-8.467205,140.645294,-12.235209,0.137451,0.863187,0.241062,-0.421788,3.815679,126.147545,3.954763,0.389672,0.636766,0.285169,-0.601135,13.945902,125.580612,-9.316525,0.314109,0.035592,0.683654,-0.657788,13.294864,121.799515,-33.663101,0.437674,-0.453466,0.418351,-0.654059,11.480233,147.181076,-47.447647,-0.08688,0.955628,0.268208,0.085387,-17.29464,84.252815,1.517213,0.021587,0.983815,-0.143713,0.104831,-9.652566,53.914673,-16.438896,0.023505,0.968969,-0.012924,0.245723,-13.057625,8.998132,-3.389771,-0.097471,0.982414,-0.153203,0.043482,2.063449,83.674881,1.112629,-0.083727,0.915966,-0.388941,0.052162,8.491226,49.98111,12.276857,0.023361,0.948744,-0.293422,0.115081,13.781577,17.930019,46.101536,0.023505,0.968969,-0.012924,0.245723,-6.474928,2.179956,-16.073751,0.023361,0.948744,-0.293422,0.115081,16.050631,4.558489,37.931084
547,4.558333,0.014501,0.99958,0.022715,-0.010649,-7.601807,83.948967,1.239288,0.093933,0.987684,0.026492,-0.122293,-7.367719,91.879517,1.597486,0.097113,0.979947,0.082288,-0.153302,-3.769379,110.260628,2.147437,0.04492,0.987503,-0.043412,-0.144694,1.118838,132.202515,5.129461,0.1014,0.983593,-0.097541,-0.112907,1.700983,146.956924,1.798474,0.139589,0.953501,0.261178,0.056004,-3.515048,127.460732,6.283907,-0.188546,0.779641,-0.061539,0.593989,-19.464632,132.396347,5.717851,-0.007496,0.087572,-0.390946,-0.916208,-24.967176,123.348305,-16.538195,0.164531,0.36133,-0.562629,-0.725134,-8.593479,140.592163,-12.527256,0.13811,0.864617,0.239394,-0.419588,3.720342,126.181923,3.832924,0.393077,0.637505,0.282518,-0.599385,13.906325,125.548264,-9.392585,0.315866,0.03929,0.684689,-0.655657,13.227476,121.54306,-33.702534,0.43868,-0.450501,0.424575,-0.651417,11.510561,146.812225,-47.713623,-0.087115,0.955583,0.26836,0.085181,-17.281004,84.225067,1.451864,0.021623,0.983754,-0.144673,0.10407,-9.626041,53.895741,-16.513649,0.023448,0.969165,-0.012932,0.244955,-13.033427,9.005314,-3.375575,-0.097954,0.982443,-0.152621,0.0438,2.077392,83.672867,1.026712,-0.083885,0.915434,-0.389576,0.056344,8.537921,49.973072,12.153777,0.021918,0.948267,-0.294475,0.116593,13.681726,17.970821,46.047241,0.023448,0.969165,-0.012932,0.244955,-6.470219,2.187712,-16.069958,0.021918,0.948267,-0.294475,0.116593,16.012701,4.585162,37.917458
548,4.566667,0.013877,0.999593,0.022418,-0.010872,-7.568672,83.934761,1.15015,0.091946,0.988054,0.026068,-0.120893,-7.344472,91.865799,1.503703,0.096273,0.980421,0.080723,-0.151625,-3.822261,110.258713,2.052195,0.045408,0.987588,-0.044832,-0.143524,1.013689,132.219528,4.979553,0.10108,0.983645,-0.097859,-0.112469,1.609926,146.96347,1.60499,0.138132,0.954089,0.259464,0.057549,-3.614758,127.472458,6.13412,-0.191113,0.7791,-0.0621,0.59382,-19.572001,132.374542,5.497077,-0.005323,0.08612,-0.392421,-0.91573,-25.036434,123.217072,-16.723555,0.165495,0.359343,-0.563949,-0.724876,-8.701715,140.531525,-12.818222,0.138092,0.866274,0.237473,-0.41726,3.631068,126.19989,3.710888,0.396997,0.637619,0.281395,-0.597204,13.882324,125.513718,-9.461459,0.318119,0.041639,0.685681,-0.653382,13.179432,121.319672,-33.738853,0.440534,-0.447634,0.430793,-0.648052,11.552732,146.479904,-47.936737,-0.087151,0.955618,0.268325,0.084855,-17.248119,84.19873,1.366684,0.02165,0.983658,-0.14574,0.103478,-9.597042,53.868515,-16.59897,0.023494,0.969274,-0.012942,0.244515,-13.00901,9.007255,-3.362836,-0.098186,0.982404,-0.152406,0.044893,2.110775,83.670792,0.933617,-0.083654,0.915034,-0.390094,0.059503,8.57618,49.969547,12.053456,0.020056,0.947764,-0.295627,0.118092,13.578645,18.001583,46.000378,0.023494,0.969274,-0.012942,0.244515,-6.457975,2.189354,-16.063339,0.020056,0.947764,-0.295627,0.118092,15.979544,4.601526,37.914783
549,4.575,0.013496,0.999614,0.021837,-0.010584,-7.558665,83.907204,1.069929,0.090001,0.98844,0.024398,-0.119542,-7.340698,91.838821,1.414393,0.095492,0.980874,0.079049,-0.150065,-3.898681,110.244453,1.914666,0.046291,0.987727,-0.04499,-0.142227,0.887363,132.224197,4.781318,0.100792,0.983714,-0.098059,-0.111945,1.515751,146.96492,1.398526,0.137297,0.954501,0.258308,0.057911,-3.735641,127.472412,5.938251,-0.194583,0.778132,-0.062041,0.593969,-19.699167,132.350693,5.276344,-0.00238,0.084992,-0.393969,-0.915183,-25.088877,123.070511,-16.911612,0.166259,0.357103,-0.564911,-0.725059,-8.79248,140.467239,-13.111281,0.137289,0.868447,0.23653,-0.413527,3.519799,126.205193,3.541113,0.400246,0.637979,0.279197,-0.595681,13.882044,125.489639,-9.542528,0.319694,0.043445,0.686694,-0.651429,13.141031,121.100662,-33.784306,0.441962,-0.445941,0.435524,-0.645078,11.60445,146.171707,-48.119537,-0.087326,0.955616,0.268119,0.085345,-17.238436,84.164063,1.28058,0.021731,0.983584,-0.146658,0.102866,-9.567075,53.828072,-16.666676,0.023307,0.969452,-0.012519,0.24385,-12.986897,8.992311,-3.346436,-0.098715,0.982322,-0.152266,0.045973,2.121106,83.650345,0.859278,-0.083303,0.914709,-0.39051,0.062209,8.61196,49.953529,11.977709,0.01834,0.947454,-0.296147,0.11955,13.48034,18.010525,45.967602,0.023307,0.969452,-0.012519,0.24385,-6.449346,2.187784,-16.061054,0.01834,0.947454,-0.296147,0.11955,15.949108,4.606959,37.908302
550,4.583333,0.01324,0.99964,0.021175,-0.009829,-7.553012,83.877357,0.993948,0.089599,0.988724,0.025049,-0.117347,-7.339469,91.80954,1.328104,0.094634,0.981424,0.077834,-0.147628,-3.907711,110.231758,1.86234,0.045789,0.98784,-0.048045,-0.140596,0.825664,132.227554,4.69318,0.100279,0.983818,-0.098766,-0.110866,1.434358,146.948837,1.223299,0.134675,0.955231,0.256341,0.060704,-3.794527,127.470673,5.840436,-0.196318,0.777358,-0.063194,0.59429,-19.770819,132.288712,5.056509,-0.001292,0.083434,-0.395915,-0.914488,-25.108326,122.914742,-17.104626,0.167212,0.35477,-0.565475,-0.725545,-8.864887,140.39801,-13.394555,0.137531,0.869216,0.234252,-0.413127,3.47468,126.20993,3.481902,0.402514,0.639062,0.277729,-0.593674,13.845766,125.449226,-9.592194,0.321155,0.045178,0.687407,-0.649839,13.132689,120.896889,-33.804668,0.4433,-0.444938,0.439654,-0.642044,11.662304,145.885544,-48.266472,-0.087837,0.955591,0.267958,0.085606,-17.233217,84.129715,1.189704,0.021928,0.983459,-0.147592,0.102682,-9.522705,53.793953,-16.741161,0.023729,0.969504,-0.012385,0.243609,-12.966892,8.984789,-3.33796,-0.099085,0.98223,-0.152421,0.046634,2.127192,83.625008,0.798191,-0.083168,0.914475,-0.390588,0.06526,8.635857,49.936897,11.932576,0.015609,0.947235,-0.296633,0.120461,13.378676,17.997492,45.9436,0.023729,0.969504,-0.012385,0.243609,-6.440539,2.181401,-16.058945,0.015609,0.947235,-0.296633,0.120461,15.923534,4.593971,37.907928
551,4.591667,0.013023,0.999672,0.020283,-0.008652,-7.544889,83.845543,0.928924,0.088196,0.989087,0.024135,-0.115525,-7.335311,91.778397,1.249209,0.094012,0.981876,0.076386,-0.14576,-3.960323,110.210159,1.762074,0.045911,0.988039,-0.048143,-0.139117,0.731138,132.221405,4.542171,0.10021,0.983808,-0.099887,-0.110013,1.350945,146.941452,1.069075,0.13302,0.955636,0.255439,0.06178,-3.88634,127.461388,5.687359,-0.199931,0.776179,-0.061736,0.594779,-19.873026,132.235794,4.850058,0.001873,0.083018,-0.397386,-0.913887,-25.11129,122.776207,-17.298374,0.167765,0.353676,-0.5665,-0.725153,-8.920392,140.326111,-13.669673,0.136316,0.870819,0.233104,-0.410797,3.393173,126.203903,3.359059,0.405068,0.640088,0.276103,-0.591586,13.83952,125.437187,-9.654627,0.321893,0.046603,0.687864,-0.648889,13.146727,120.707878,-33.833752,0.444126,-0.443096,0.443438,-0.640141,11.721321,145.628174,-48.373112,-0.088387,0.955478,0.268029,0.086085,-17.225624,84.09433,1.101588,0.022327,0.983359,-0.148611,0.102082,-9.468237,53.768303,-16.825521,0.023841,0.969579,-0.012555,0.24329,-12.950487,8.989111,-3.332277,-0.099301,0.982127,-0.152581,0.047797,2.135845,83.596764,0.75626,-0.083051,0.914253,-0.390592,0.068426,8.64573,49.915253,11.909892,0.013617,0.94718,-0.296172,0.122254,13.260717,17.974277,45.937027,0.023841,0.969579,-0.012555,0.24329,-6.434617,2.18047,-16.055824,0.013617,0.94718,-0.296172,0.122254,15.889872,4.586011,37.903057
552,4.6,0.012707,0.999704,0.019548,-0.006972,-7.539286,83.816055,0.864437,0.087408,0.989436,0.023472,-0.113247,-7.335333,91.749504,1.173433,0.093171,0.98239,0.075277,-0.143396,-3.993734,110.18515,1.672827,0.045851,0.988268,-0.049013,-0.137192,0.647056,132.211166,4.420818,0.099912,0.983874,-0.100994,-0.10867,1.271703,146.92511,0.922746,0.131326,0.956158,0.254041,0.063081,-3.967648,127.446053,5.555955,-0.202201,0.774797,-0.061957,0.59579,-19.963856,132.176819,4.655428,0.003831,0.082268,-0.399137,-0.913185,-25.097769,122.63459,-17.48197,0.168013,0.35322,-0.569268,-0.723147,-8.963644,140.261063,-13.926026,0.13541,0.872187,0.231897,-0.408875,3.324887,126.195358,3.265067,0.40563,0.642297,0.27307,-0.590213,13.832085,125.417343,-9.698848,0.320993,0.049266,0.68777,-0.649237,13.196817,120.519211,-33.845898,0.444438,-0.44,0.447691,-0.639099,11.779044,145.397568,-48.445518,-0.08849,0.955362,0.267961,0.087464,-17.22068,84.059494,1.004257,0.022483,0.983186,-0.149547,0.102347,-9.430709,53.732143,-16.906464,0.025933,0.969461,-0.012179,0.243565,-12.93965,8.979786,-3.331388,-0.099447,0.981981,-0.15272,0.049998,2.142109,83.572609,0.724616,-0.082871,0.914091,-0.390505,0.071244,8.636541,49.896255,11.902777,0.011274,0.947168,-0.295571,0.124034,13.132198,17.946125,45.93726,0.025933,0.969461,-0.012179,0.243565,-6.441732,2.167972,-16.062401,0.011274,0.947168,-0.295571,0.124034,15.852879,4.57703,37.901844
553,4.608333,0.012394,0.999735,0.018789,-0.004853,-7.530586,83.789551,0.805372,0.087169,0.989781,0.022695,-0.110541,-7.332328,91.723587,1.102779,0.092217,0.982978,0.074108,-0.140564,-4.004529,110.159622,1.583428,0.044671,0.98859,-0.049738,-0.134981,0.579095,132.201569,4.299356,0.100091,0.983958,-0.101941,-0.106853,1.177884,146.912735,0.785064,0.129142,0.956459,0.253621,0.064689,-4.032969,127.430725,5.420977,-0.204501,0.77346,-0.061898,0.596747,-20.041319,132.105759,4.448071,0.00522,0.081716,-0.400818,-0.912491,-25.072878,122.487953,-17.680126,0.167552,0.352168,-0.572735,-0.721026,-8.990992,140.189682,-14.176714,0.13405,0.873661,0.230751,-0.406818,3.274762,126.187859,3.174682,0.406854,0.643878,0.271381,-0.588425,13.850257,125.411354,-9.733674,0.320311,0.051484,0.687194,-0.650012,13.269894,120.369698,-33.852558,0.444304,-0.435957,0.452412,-0.638638,11.820826,145.190918,-48.483829,-0.088547,0.955283,0.267835,0.088645,-17.21262,84.027794,0.903863,0.022633,0.982937,-0.150632,0.10311,-9.39719,53.696323,-16.98877,0.024417,0.969584,-0.011994,0.243244,-12.940621,8.975148,-3.320198,-0.099498,0.981783,-0.152766,0.053524,2.151448,83.551308,0.706881,-0.082786,0.913878,-0.390455,0.074282,8.60907,49.876705,11.911627,0.010552,0.947257,-0.29405,0.126993,12.984832,17.921597,45.957073,0.024417,0.969584,-0.011994,0.243244,-6.431124,2.178448,-16.053381,0.010552,0.947257,-0.29405,0.126993,15.793986,4.5838,37.90012
554,4.616667,0.012303,0.999756,0.018216,-0.002358,-7.541711,83.76664,0.751113,0.086248,0.990005,0.023263,-0.109135,-7.345654,91.70105,1.039934,0.090814,0.983312,0.072936,-0.13975,-4.052341,110.129837,1.549852,0.046124,0.988675,-0.050939,-0.133417,0.459915,132.191254,4.226978,0.099761,0.984044,-0.103175,-0.105171,1.104905,146.890671,0.672007,0.12755,0.956774,0.252401,0.067882,-4.139569,127.408806,5.350894,-0.207644,0.771632,-0.061703,0.598048,-20.147434,132.058578,4.256553,0.007867,0.081574,-0.402371,-0.911801,-25.038507,122.341431,-17.859737,0.167463,0.351225,-0.576357,-0.718616,-9.015806,140.108658,-14.417188,0.133784,0.875207,0.22986,-0.404077,3.175677,126.18338,3.119538,0.405903,0.646747,0.268834,-0.587103,13.827804,125.374588,-9.723661,0.318352,0.055038,0.686242,-0.651686,13.362147,120.214333,-33.819935,0.443921,-0.431184,0.456901,-0.638949,11.85963,145.004242,-48.493244,-0.088777,0.955198,0.267467,0.090424,-17.224136,84.004066,0.801121,0.022893,0.982753,-0.151428,0.10364,-9.361424,53.661324,-17.051651,0.024246,0.969585,-0.011555,0.243278,-12.943692,8.96382,-3.315948,-0.099519,0.981599,-0.153105,0.055844,2.140715,83.529213,0.701104,-0.083263,0.913726,-0.38998,0.078022,8.571581,49.862404,11.944586,0.007155,0.947397,-0.293172,0.128214,12.853506,17.879993,45.976315,0.024246,0.969585,-0.011555,0.243278,-6.429435,2.180435,-16.053791,0.007155,0.947397,-0.293172,0.128214,15.76339,4.570213,37.908791
555,4.625,0.012079,0.999772,0.017577,0.000569,-7.548152,83.741669,0.696208,0.086019,0.990361,0.022893,-0.10612,-7.356495,91.676537,0.975455,0.089893,0.983867,0.072263,-0.136762,-4.074977,110.105621,1.482579,0.045782,0.988956,-0.052505,-0.130819,0.384431,132.179016,4.149513,0.099512,0.984238,-0.103841,-0.102907,1.027101,146.867813,0.550518,0.125648,0.957186,0.251184,0.070095,-4.213828,127.3908,5.253727,-0.21058,0.770215,-0.061233,0.598896,-20.227587,131.99733,4.066538,0.010058,0.081359,-0.404034,-0.911063,-25.008123,122.194504,-18.036118,0.16722,0.350949,-0.580262,-0.715659,-9.048406,140.029266,-14.649357,0.132817,0.876782,0.228629,-0.401673,3.116798,126.17382,3.068686,0.405337,0.649182,0.26679,-0.585737,13.842281,125.351349,-9.712453,0.316607,0.058095,0.684942,-0.653636,13.478187,120.083366,-33.78717,0.443546,-0.426127,0.460737,-0.639847,11.893774,144.836258,-48.480274,-0.089118,0.954948,0.267516,0.092563,-17.230791,83.975784,0.6893,0.023196,0.982474,-0.152549,0.104577,-9.304584,53.639297,-17.146027,0.02451,0.969565,-0.011846,0.243314,-12.938473,8.975053,-3.316012,-0.099322,0.981386,-0.1536,0.058507,2.134485,83.507553,0.703116,-0.082308,0.913867,-0.389771,0.078428,8.518368,49.848862,11.997552,0.004996,0.947657,-0.291583,0.130006,12.706253,17.836323,46.012676,0.02451,0.969565,-0.011846,0.243314,-6.427739,2.181814,-16.050415,0.004996,0.947657,-0.291583,0.130006,15.706791,4.563838,37.916958
556,4.633333,0.012122,0.999779,0.01671,0.003886,-7.555138,83.716171,0.648762,0.085747,0.990738,0.022381,-0.102886,-7.36367,91.651489,0.91488,0.088806,0.984461,0.071375,-0.133628,-4.097714,110.072075,1.414504,0.045626,0.989288,-0.053037,-0.128118,0.299917,132.160065,4.063096,0.099278,0.984378,-0.104767,-0.100832,0.950723,146.84494,0.4496,0.123825,0.95744,0.25044,0.072496,-4.29551,127.364792,5.148287,-0.213195,0.768789,-0.061436,0.599781,-20.313017,131.932419,3.865303,0.011858,0.080981,-0.405689,-0.910339,-24.986624,122.036621,-18.218777,0.167055,0.349938,-0.583412,-0.71363,-9.087668,139.938141,-14.887428,0.131765,0.87856,0.227942,-0.398514,3.051251,126.158211,3.012222,0.403848,0.652157,0.263618,-0.584895,13.870483,125.325432,-9.688978,0.314143,0.061831,0.683368,-0.656125,13.61435,119.943329,-33.739822,0.442839,-0.420824,0.463754,-0.641664,11.932604,144.661224,-48.448227,-0.089113,0.954727,0.267369,0.09523,-17.237467,83.952179,0.577434,0.023517,0.982259,-0.153479,0.105162,-9.262567,53.609955,-17.226393,0.02461,0.969504,-0.011817,0.243549,-12.943056,8.973807,-3.318208,-0.099087,0.981139,-0.153552,0.063002,2.12719,83.480164,0.720089,-0.082272,0.913779,-0.389526,0.080679,8.443078,49.817039,12.039516,0.003036,0.947891,-0.289809,0.132303,12.546821,17.786041,46.047501,0.02461,0.969504,-0.011817,0.243549,-6.427299,2.180579,-16.050043,0.003036,0.947891,-0.289809,0.132303,15.646161,4.554431,37.922157
557,4.641667,0.012297,0.999763,0.01629,0.0076,-7.571706,83.689331,0.588364,0.085504,0.991126,0.022421,-0.09928,-7.378385,91.624794,0.848534,0.088304,0.98504,0.070348,-0.130192,-4.124948,110.036362,1.362154,0.045255,0.98964,-0.053717,-0.125221,0.235426,132.134979,3.983525,0.098878,0.984585,-0.105414,-0.098502,0.888655,146.815323,0.352077,0.12225,0.957849,0.249018,0.07463,-4.363133,127.33847,5.049793,-0.215959,0.767633,-0.061684,0.600247,-20.383102,131.871674,3.678556,0.013918,0.079839,-0.407299,-0.909692,-24.970644,121.874702,-18.377975,0.166961,0.348382,-0.586051,-0.712249,-9.122069,139.846207,-15.140015,0.130243,0.880468,0.227217,-0.395202,2.999045,126.132874,2.966925,0.40335,0.654427,0.261707,-0.583561,13.919415,125.301674,-9.64752,0.31226,0.064915,0.681741,-0.658414,13.759936,119.818138,-33.676273,0.442608,-0.415009,0.465817,-0.644111,11.974353,144.493286,-48.393093,-0.089314,0.954516,0.266999,0.098151,-17.253122,83.929886,0.445062,0.023932,0.982094,-0.154354,0.105329,-9.211989,53.575974,-17.308985,0.024712,0.969386,-0.012207,0.243989,-12.941366,8.966928,-3.327037,-0.09886,0.98087,-0.153839,0.066746,2.109711,83.448776,0.731665,-0.082296,0.913748,-0.388954,0.083701,8.364722,49.788792,12.094141,0.000787,0.94802,-0.288006,0.135313,12.364314,17.716393,46.075493,0.024712,0.969386,-0.012207,0.243989,-6.416851,2.161901,-16.048079,0.000787,0.94802,-0.288006,0.135313,15.584993,4.528722,37.925941
558,4.65,0.01247,0.999729,0.015938,0.011499,-7.584627,83.661316,0.537819,0.085064,0.991577,0.021144,-0.095351,-7.389509,91.596893,0.793183,0.087618,0.985605,0.070664,-0.126143,-4.153635,110.042778,1.27469,0.044543,0.989989,-0.055436,-0.12192,0.167227,132.144852,3.932142,0.09869,0.984839,-0.105829,-0.095669,0.811116,146.813889,0.253684,0.119878,0.958149,0.248292,0.07701,-4.436164,127.344643,4.960297,-0.219428,0.766253,-0.061437,0.600777,-20.463266,131.821091,3.489483,0.016337,0.078742,-0.40897,-0.908997,-24.945023,121.713463,-18.538363,0.16686,0.345488,-0.588207,-0.711905,-9.155813,139.751114,-15.400657,0.129685,0.882578,0.22614,-0.391279,2.943964,126.144958,2.938426,0.402595,0.656883,0.25965,-0.582241,13.972269,125.277176,-9.579292,0.310233,0.068605,0.68001,-0.660783,13.91867,119.693222,-33.585388,0.441436,-0.409627,0.466215,-0.648062,12.027238,144.317505,-48.329227,-0.089159,0.954288,0.266648,0.101414,-17.264521,83.906364,0.318973,0.024134,0.98188,-0.155328,0.105842,-9.175242,53.536942,-17.386608,0.025932,0.969381,-0.011467,0.243919,-12.939856,8.9571,-3.321221,-0.09813,0.980732,-0.154106,0.069181,2.095268,83.416275,0.756664,-0.082618,0.913627,-0.388675,0.085975,8.26929,49.751827,12.150208,-0.001066,0.948371,-0.286013,0.137072,12.214828,17.664055,46.123386,0.025932,0.969381,-0.011467,0.243919,-6.429825,2.164886,-16.056528,-0.001066,0.948371,-0.286013,0.137072,15.519977,4.521306,37.935169
559,4.658333,0.012569,0.999672,0.015617,0.015936,-7.598268,83.637062,0.488964,0.08517,0.991965,0.021951,-0.090934,-7.402641,91.572769,0.740125,0.086615,0.986329,0.069141,-0.121953,-4.164275,110.005638,1.265332,0.044327,0.990384,-0.056104,-0.118438,0.092731,132.12529,3.879172,0.098363,0.985048,-0.106496,-0.093082,0.747261,146.789337,0.182678,0.117812,0.958336,0.247683,0.07978,-4.510013,127.320015,4.88627,-0.221869,0.764923,-0.062198,0.601497,-20.539007,131.752426,3.306733,0.017967,0.076897,-0.410946,-0.908233,-24.924969,121.542381,-18.693144,0.166848,0.342803,-0.590378,-0.711408,-9.183228,139.675858,-15.670025,0.127616,0.884675,0.225338,-0.387669,2.888924,126.12722,2.930137,0.401151,0.660079,0.256656,-0.580948,14.028973,125.273834,-9.489238,0.308363,0.071988,0.677772,-0.663593,14.106705,119.571136,-33.467331,0.442172,-0.403995,0.466861,-0.650625,12.069,144.152588,-48.229702,-0.088775,0.954032,0.26631,0.104985,-17.275757,83.885277,0.184167,0.024435,0.981697,-0.156321,0.106006,-9.148443,53.497921,-17.473173,0.02245,0.969482,-0.011807,0.243849,-12.952683,8.948496,-3.322352,-0.097881,0.980465,-0.154229,0.072947,2.079219,83.388855,0.79376,-0.08283,0.91351,-0.387973,0.090087,8.191211,49.723633,12.218398,-0.003634,0.948629,-0.283538,0.140342,12.010056,17.58798,46.160774,0.02245,0.969482,-0.011807,0.243849,-6.401548,2.169383,-16.043552,-0.003634,0.948629,-0.283538,0.140342,15.450734,4.504287,37.933907
560,4.666667,0.012856,0.999594,0.015406,0.020242,-7.60365,83.617447,0.444431,0.084818,0.992384,0.022483,-0.086451,-7.404476,91.553139,0.693182,0.08547,0.987034,0.068063,-0.117587,-4.181089,109.980141,1.253723,0.044083,0.990793,-0.056855,-0.114688,0.008002,132.115433,3.844776,0.098224,0.985251,-0.107322,-0.090085,0.673675,146.773849,0.128005,0.115807,0.958755,0.245965,0.082942,-4.593636,127.303459,4.824564,-0.225796,0.763561,-0.060907,0.601898,-20.621094,131.694687,3.119385,0.021099,0.075579,-0.412433,-0.907602,-24.896595,121.38884,-18.857553,0.167325,0.338924,-0.59137,-0.71233,-9.195495,139.595764,-15.956898,0.125612,0.887233,0.223893,-0.383289,2.824556,126.120583,2.93651,0.399789,0.663218,0.254196,-0.579392,14.094375,125.264229,-9.365026,0.306917,0.075603,0.675364,-0.66631,14.31489,119.454025,-33.316414,0.442666,-0.398665,0.46622,-0.654028,12.12189,143.976822,-48.120941,-0.088701,0.953727,0.266164,0.108139,-17.277981,83.872429,0.056314,0.024638,0.981448,-0.157405,0.106658,-9.098262,53.478527,-17.565527,0.02599,0.969334,-0.011593,0.244095,-12.940988,8.961927,-3.322093,-0.097464,0.980136,-0.154877,0.076473,2.07068,83.362473,0.832549,-0.082644,0.913583,-0.386984,0.093702,8.108088,49.705826,12.32192,-0.006423,0.948862,-0.280588,0.144531,11.788666,17.495436,46.208687,0.02599,0.969334,-0.011593,0.244095,-6.427559,2.165713,-16.05353,-0.006423,0.948862,-0.280588,0.144531,15.391943,4.482698,37.938999
561,4.675,0.013165,0.999483,0.015213,0.025072,-7.6308,83.604149,0.40228,0.085125,0.992729,0.023306,-0.081848,-7.427854,91.539803,0.649039,0.084178,0.987727,0.067024,-0.113212,-4.193949,109.959724,1.254002,0.044263,0.991185,-0.057633,-0.110775,-0.078883,132.111328,3.824259,0.098067,0.985463,-0.108114,-0.086928,0.611454,146.762924,0.085166,0.113466,0.958883,0.245371,0.08638,-4.677854,127.291176,4.776042,-0.228734,0.761962,-0.061047,0.6028,-20.703793,131.634445,2.938892,0.023947,0.073768,-0.414109,-0.906917,-24.859894,121.229156,-19.014076,0.168563,0.33519,-0.591547,-0.713656,-9.204243,139.514374,-16.252756,0.12359,0.889707,0.222962,-0.378727,2.759373,126.120712,2.956383,0.39811,0.666881,0.250765,-0.577837,14.162164,125.268158,-9.222258,0.305072,0.079857,0.672782,-0.669267,14.537441,119.323769,-33.13876,0.443014,-0.393065,0.464847,-0.658146,12.183738,143.781311,-47.994232,-0.08838,0.95344,0.265582,0.112283,-17.300732,83.866425,-0.079263,0.024943,0.981276,-0.158162,0.107055,-9.070073,53.446083,-17.631618,0.023538,0.96939,-0.011831,0.24411,-12.953943,8.953297,-3.325091,-0.09741,0.979778,-0.155084,0.080599,2.039133,83.341881,0.883823,-0.083079,0.913449,-0.386056,0.098334,8.022863,49.689087,12.412514,-0.009031,0.949179,-0.277816,0.147632,11.580175,17.418146,46.254807,0.023538,0.96939,-0.011831,0.24411,-6.40986,2.166288,-16.045708,-0.009031,0.949179,-0.277816,0.147632,15.316242,4.472068,37.939548
562,4.683333,0.013582,0.999347,0.014882,0.03,-7.648586,83.589851,0.363933,0.085099,0.993121,0.024125,-0.076722,-7.440074,91.52549,0.606643,0.082856,0.98846,0.066184,-0.108178,-4.207575,109.946632,1.258902,0.0448,0.991617,-0.057807,-0.106521,-0.168422,132.113327,3.819413,0.097761,0.985595,-0.109503,-0.083994,0.561272,146.761627,0.074835,0.111108,0.959297,0.243652,0.089656,-4.766012,127.284988,4.735666,-0.232381,0.760092,-0.060269,0.603844,-20.79038,131.575958,2.766591,0.027982,0.072172,-0.415711,-0.906197,-24.80154,121.075119,-19.167843,0.170271,0.33195,-0.592205,-0.71422,-9.19553,139.432556,-16.561815,0.122102,0.892124,0.221918,-0.37411,2.691906,126.127182,2.994262,0.396758,0.670514,0.248302,-0.575622,14.223069,125.261581,-9.061985,0.303684,0.083623,0.669972,-0.67225,14.777274,119.193306,-32.943886,0.444221,-0.386903,0.463851,-0.661677,12.245215,143.570389,-47.838776,-0.088215,0.953063,0.265249,0.116326,-17.313047,83.861427,-0.212909,0.025169,0.981046,-0.159095,0.107722,-9.021433,53.426266,-17.7108,0.025788,0.969316,-0.011552,0.24419,-12.944889,8.962306,-3.325665,-0.097147,0.979457,-0.155537,0.083873,2.015877,83.318275,0.940775,-0.083015,0.913444,-0.384952,0.102669,7.93945,49.671959,12.51933,-0.010473,0.949401,-0.274314,0.15258,11.344854,17.320194,46.300041,0.025788,0.969316,-0.011552,0.24419,-6.426219,2.16846,-16.055683,-0.010473,0.949401,-0.274314,0.15258,15.235644,4.452646,37.933998
563,4.691667,0.013854,0.999172,0.014865,0.035239,-7.659361,83.568802,0.316619,0.084774,0.993503,0.025363,-0.071569,-7.447802,91.504326,0.560302,0.081799,0.989137,0.065211,-0.103268,-4.227709,109.924004,1.276168,0.044349,0.992087,-0.058142,-0.102064,-0.252715,132.104401,3.818473,0.09773,0.985781,-0.110777,-0.080086,0.487871,146.750397,0.067046,0.109025,0.959288,0.243321,0.093143,-4.850638,127.270294,4.702074,-0.235855,0.758362,-0.059572,0.604741,-20.869026,131.521805,2.603116,0.031912,0.069721,-0.416796,-0.90576,-24.746544,120.929077,-19.311138,0.170408,0.328925,-0.593971,-0.71412,-9.1613,139.342621,-16.894159,0.11991,0.894875,0.220921,-0.368802,2.626054,126.121208,3.037081,0.395506,0.674147,0.24552,-0.573428,14.306691,125.25827,-8.874588,0.302671,0.087503,0.667123,-0.675041,15.034017,119.055023,-32.717121,0.445432,-0.381302,0.462336,-0.665165,12.323776,143.346603,-47.674976,-0.087929,0.952773,0.264701,0.120103,-17.317057,83.847099,-0.361436,0.025415,0.980767,-0.160115,0.108684,-8.979396,53.387344,-17.794529,0.025959,0.969279,-0.011296,0.244329,-12.949592,8.955103,-3.324464,-0.097033,0.979061,-0.155648,0.088308,1.998333,83.290512,0.994674,-0.082981,0.913311,-0.3839,0.107691,7.860576,49.645088,12.606984,-0.011715,0.949373,-0.271258,0.158029,11.091309,17.21693,46.331543,0.025959,0.969279,-0.011296,0.244329,-6.428439,2.167206,-16.056377,-0.011715,0.949373,-0.271258,0.158029,15.143236,4.420619,37.932789
564,4.7,0.014224,0.998961,0.014965,0.040624,-7.676986,83.552536,0.269014,0.084609,0.993888,0.026234,-0.065881,-7.460948,91.487854,0.515651,0.080768,0.989813,0.065012,-0.097576,-4.246004,109.924248,1.283454,0.044207,0.992529,-0.058844,-0.097312,-0.332493,132.113403,3.844501,0.097491,0.985929,-0.112238,-0.076439,0.428697,146.753647,0.074762,0.106254,0.959483,0.242158,0.097273,-4.933301,127.273666,4.681007,-0.238146,0.756667,-0.06067,0.605856,-20.945343,131.466858,2.422374,0.034631,0.066859,-0.417783,-0.905421,-24.702805,120.772324,-19.463337,0.170181,0.325319,-0.597145,-0.713178,-9.12399,139.244003,-17.227646,0.118095,0.897536,0.219798,-0.363556,2.563695,126.133492,3.103497,0.393823,0.678284,0.242328,-0.571061,14.387126,125.26194,-8.665813,0.301888,0.090817,0.663769,-0.678253,15.313496,118.915833,-32.463806,0.448952,-0.37437,0.463275,-0.666082,12.38427,143.121582,-47.463203,-0.087818,0.952594,0.263851,0.123432,-17.326567,83.839554,-0.512968,0.025697,0.980515,-0.16096,0.109647,-8.941695,53.345966,-17.864075,0.025861,0.969209,-0.010992,0.244631,-12.960327,8.940527,-3.32527,-0.096846,0.978687,-0.15581,0.092282,1.972595,83.265526,1.050997,-0.082573,0.913239,-0.382787,0.112476,7.773286,49.62112,12.697111,-0.012694,0.949193,-0.267791,0.164802,10.807951,17.106611,46.35667,0.025861,0.969209,-0.010992,0.244631,-6.428799,2.161539,-16.056612,-0.012694,0.949193,-0.267791,0.164802,15.048,4.391085,37.92815
565,4.708333,0.014373,0.99872,0.014759,0.046198,-7.689183,83.548889,0.236436,0.084409,0.994244,0.027219,-0.060117,-7.471998,91.484238,0.481111,0.079526,0.990487,0.064574,-0.091881,-4.267925,109.913696,1.304384,0.044714,0.992946,-0.05916,-0.092516,-0.426376,132.114456,3.873799,0.097145,0.986067,-0.113578,-0.07304,0.37622,146.750259,0.09547,0.103886,0.959527,0.241377,0.101259,-5.027276,127.26725,4.665308,-0.241957,0.755063,-0.059505,0.606461,-21.029507,131.414291,2.256902,0.038569,0.064061,-0.418543,-0.905114,-24.660578,120.629715,-19.605942,0.169773,0.320777,-0.601474,-0.711694,-9.085791,139.146774,-17.574198,0.116333,0.900257,0.219302,-0.357645,2.489522,126.138939,3.175962,0.391844,0.682805,0.238643,-0.568581,14.469163,125.26033,-8.433776,0.300547,0.094878,0.660051,-0.68191,15.611482,118.760147,-32.18074,0.451216,-0.367023,0.464209,-0.667988,12.446345,142.876602,-47.230129,-0.087844,0.952266,0.263378,0.126904,-17.329306,83.840164,-0.653204,0.026197,0.980256,-0.161878,0.110485,-8.882963,53.328941,-17.943377,0.024756,0.969221,-0.011503,0.244676,-12.969104,8.953723,-3.331308,-0.096649,0.978278,-0.155443,0.097309,1.950939,83.257614,1.126076,-0.081756,0.913222,-0.381867,0.11627,7.680938,49.602219,12.775427,-0.012908,0.948851,-0.264418,0.172042,10.519374,17.009119,46.376045,0.024756,0.969221,-0.011503,0.244676,-6.424351,2.167607,-16.052059,-0.012908,0.948851,-0.264418,0.172042,14.943207,4.370469,37.92638
566,4.716667,0.014317,0.998438,0.014776,0.051954,-7.693309,83.551353,0.204014,0.084454,0.994595,0.027811,-0.053625,-7.478446,91.486717,0.450165,0.078171,0.991185,0.064725,-0.08516,-4.275434,109.923744,1.316709,0.044892,0.993385,-0.059699,-0.087222,-0.511391,132.133316,3.924428,0.09666,0.986194,-0.115049,-0.069584,0.325183,146.763687,0.13246,0.101538,0.959294,0.241402,0.105686,-5.113464,127.277824,4.656128,-0.244926,0.753462,-0.060439,0.607169,-21.101206,131.384598,2.087764,0.041598,0.05997,-0.41933,-0.904895,-24.618713,120.478844,-19.733501,0.168326,0.315796,-0.605472,-0.710875,-9.042631,139.037582,-17.944378,0.114022,0.902974,0.218921,-0.351725,2.42508,126.162933,3.270163,0.390166,0.687512,0.234437,-0.565806,14.562826,125.295616,-8.175045,0.298838,0.099771,0.656249,-0.685623,15.925028,118.611435,-31.859264,0.452839,-0.358621,0.465184,-0.67077,12.532611,142.612335,-46.970909,-0.08754,0.951991,0.262695,0.130545,-17.322521,83.843124,-0.796718,0.026509,0.980005,-0.162681,0.111456,-8.83604,53.302116,-18.014517,0.023875,0.969178,-0.011902,0.244911,-12.973449,8.952888,-3.338081,-0.096573,0.977763,-0.155135,0.102887,1.935904,83.259583,1.204746,-0.081946,0.912776,-0.380307,0.124466,7.596682,49.596222,12.864926,-0.012661,0.948187,-0.260458,0.181503,10.172551,16.894499,46.381062,0.023875,0.969178,-0.011902,0.244911,-6.412844,2.161235,-16.04771,-0.012661,0.948187,-0.260458,0.181503,14.824883,4.346045,37.919689
567,4.725,0.014332,0.998106,0.0146,0.058009,-7.70659,83.560982,0.192482,0.083756,0.994944,0.028352,-0.047618,-7.492819,91.496422,0.437154,0.077267,0.991728,0.065028,-0.079226,-4.319184,109.94146,1.344733,0.045599,0.993738,-0.060576,-0.082073,-0.610188,132.155624,3.991937,0.096095,0.986352,-0.116473,-0.065648,0.2744,146.776764,0.175383,0.098585,0.959594,0.239236,0.110578,-5.215597,127.295448,4.669491,-0.247766,0.751417,-0.060195,0.608573,-21.187738,131.339996,1.912278,0.043493,0.055922,-0.419982,-0.904763,-24.552097,120.356842,-19.894314,0.164557,0.310017,-0.609522,-0.71084,-8.988751,138.927872,-18.324413,0.112281,0.906031,0.218375,-0.344692,2.340231,126.188194,3.374506,0.389126,0.691888,0.232583,-0.561941,14.654774,125.304199,-7.878955,0.298198,0.103455,0.651841,-0.68955,16.271765,118.475327,-31.505796,0.455911,-0.348537,0.468831,-0.671464,12.598968,142.350174,-46.660103,-0.08735,0.9517,0.261832,0.134463,-17.322893,83.854492,-0.925033,0.026843,0.979787,-0.163319,0.112356,-8.78541,53.278435,-18.055183,0.0251,0.96916,-0.011137,0.244899,-12.973377,8.950397,-3.329182,-0.096804,0.977221,-0.154342,0.108839,1.909714,83.267479,1.309996,-0.081814,0.9123,-0.378746,0.13254,7.522607,49.589626,12.951468,-0.010937,0.947265,-0.25642,0.191882,9.81496,16.774719,46.377449,0.0251,0.96916,-0.011137,0.244899,-6.42569,2.172107,-16.052593,-0.010937,0.947265,-0.25642,0.191882,14.688752,4.3118,37.91433
568,4.733333,0.014067,0.997726,0.015005,0.064183,-7.710136,83.571831,0.162284,0.08331,0.995248,0.029687,-0.040728,-7.502495,91.507195,0.414424,0.076157,0.992359,0.06486,-0.072225,-4.349504,109.954048,1.394505,0.046848,0.994149,-0.060435,-0.076292,-0.709464,132.176926,4.064193,0.095097,0.986478,-0.118205,-0.062015,0.245685,146.794922,0.252558,0.096042,0.959574,0.237922,0.115698,-5.317132,127.311073,4.68319,-0.251183,0.749758,-0.060611,0.609177,-21.267097,131.309891,1.737353,0.046912,0.051645,-0.420645,-0.904539,-24.511166,120.206467,-20.026516,0.162777,0.305162,-0.611893,-0.711313,-8.943094,138.812805,-18.715525,0.109948,0.909159,0.217771,-0.337514,2.257761,126.212906,3.49638,0.387213,0.696791,0.227569,-0.559251,14.753233,125.328865,-7.555837,0.295558,0.109166,0.647681,-0.693713,16.592127,118.302551,-31.108444,0.457271,-0.337255,0.472381,-0.673809,12.684676,142.060211,-46.327919,-0.086989,0.951222,0.261225,0.139178,-17.311974,83.862366,-1.074084,0.02733,0.979511,-0.164205,0.113348,-8.719335,53.25885,-18.127451,0.025151,0.969127,-0.011388,0.245014,-12.975942,8.960494,-3.331964,-0.096517,0.976732,-0.154108,0.113709,1.891701,83.281303,1.398653,-0.082494,0.911524,-0.376722,0.142828,7.42868,49.594254,13.049849,-0.009361,0.946001,-0.252225,0.203415,9.434828,16.646412,46.36327,0.025151,0.969127,-0.011388,0.245014,-6.426884,2.174801,-16.050724,-0.009361,0.946001,-0.252225,0.203415,14.560275,4.275307,37.914116
569,4.741667,0.013843,0.997283,0.015199,0.070737,-7.722442,83.580261,0.153855,0.082749,0.995535,0.030793,-0.033398,-7.520235,91.515633,0.410172,0.075226,0.992973,0.064416,-0.064781,-4.394727,109.95945,1.455221,0.046566,0.994576,-0.060616,-0.070543,-0.817671,132.191315,4.135161,0.095506,0.986537,-0.119385,-0.058049,0.161744,146.807526,0.322826,0.093698,0.959425,0.236831,0.12098,-5.429074,127.321838,4.694948,-0.25438,0.747989,-0.061609,0.609925,-21.352131,131.282623,1.558338,0.050364,0.047224,-0.421049,-0.904407,-24.471594,120.05098,-20.157904,0.161107,0.299908,-0.614193,-0.711945,-8.882075,138.690292,-19.111996,0.107818,0.912542,0.217,-0.329475,2.163798,126.229332,3.623398,0.385966,0.701422,0.224266,-0.555646,14.853928,125.330826,-7.203571,0.293329,0.114667,0.64316,-0.697965,16.938456,118.128357,-30.6824,0.457882,-0.324978,0.477097,-0.676101,12.774652,141.751007,-45.967148,-0.087247,0.950878,0.260522,0.142642,-17.307272,83.868507,-1.20858,0.027941,0.979235,-0.164899,0.114571,-8.640993,53.241791,-18.182833,0.025112,0.969102,-0.011622,0.245102,-12.979315,8.968022,-3.337571,-0.096585,0.976224,-0.153064,0.119284,1.862389,83.292015,1.51629,-0.082303,0.910797,-0.375004,0.151811,7.347612,49.582787,13.127758,-0.00829,0.944493,-0.248256,0.215017,9.038879,16.510862,46.335537,0.025112,0.969102,-0.011622,0.245102,-6.42834,2.175993,-16.051964,-0.00829,0.944493,-0.248256,0.215017,14.425996,4.230926,37.916222
570,4.75,0.013463,0.996806,0.01506,0.07727,-7.721183,83.596268,0.148453,0.081805,0.995803,0.031696,-0.026063,-7.526495,91.531876,0.403433,0.074224,0.993504,0.064486,-0.057293,-4.441477,109.988365,1.50667,0.047235,0.994921,-0.061119,-0.064537,-0.929451,132.226624,4.219472,0.095458,0.986635,-0.120531,-0.053951,0.103206,146.836166,0.395676,0.090974,0.959534,0.234702,0.126225,-5.543468,127.35257,4.714207,-0.257324,0.745814,-0.06209,0.611303,-21.440012,131.258896,1.380972,0.053694,0.042886,-0.421491,-0.904225,-24.402246,119.927574,-20.305485,0.159686,0.294138,-0.615597,-0.713459,-8.826409,138.561508,-19.520857,0.105971,0.916129,0.215722,-0.320846,2.065887,126.267456,3.758299,0.38496,0.706035,0.220362,-0.552052,14.956686,125.336304,-6.826132,0.290589,0.120466,0.638646,-0.702266,17.275705,117.935112,-30.221018,0.457655,-0.311671,0.483342,-0.678081,12.86642,141.424713,-45.569698,-0.087156,0.950429,0.259759,0.147019,-17.287483,83.878777,-1.339632,0.028647,0.979022,-0.165479,0.115375,-8.556169,53.22224,-18.226511,0.025355,0.969076,-0.011746,0.245177,-12.977484,8.970192,-3.341028,-0.096655,0.975544,-0.152119,0.125826,1.845118,83.313766,1.636537,-0.081616,0.910128,-0.373023,0.160811,7.266851,49.584682,13.220148,-0.004673,0.942623,-0.242903,0.228996,8.607627,16.363249,46.294422,0.025355,0.969076,-0.011746,0.245177,-6.428116,2.173113,-16.053551,-0.004673,0.942623,-0.242903,0.228996,14.26772,4.189038,37.900692
571,4.758333,0.012964,0.996264,0.015397,0.083978,-7.718816,83.614204,0.137406,0.08118,0.995979,0.03323,-0.018217,-7.534199,91.549858,0.398349,0.072953,0.994059,0.064042,-0.049227,-4.48039,110.005615,1.583537,0.047797,0.995277,-0.06129,-0.058154,-1.048377,132.254929,4.307943,0.095616,0.9867,-0.121684,-0.049735,0.037343,146.860474,0.483512,0.088616,0.9593,0.23354,0.131722,-5.661983,127.374352,4.737768,-0.261349,0.744042,-0.062399,0.611723,-21.525309,131.242355,1.207413,0.057812,0.038081,-0.421773,-0.904055,-24.359303,119.775307,-20.424765,0.158439,0.287404,-0.616373,-0.715807,-8.768213,138.422653,-19.936518,0.103293,0.919656,0.214787,-0.312138,1.963578,126.299774,3.90734,0.384155,0.710982,0.215843,-0.548034,15.057275,125.365913,-6.424786,0.287876,0.126572,0.634038,-0.706472,17.624674,117.733322,-29.719162,0.457393,-0.298029,0.489476,-0.679988,12.974686,141.075424,-45.145481,-0.087406,0.949957,0.25887,0.151422,-17.26442,83.889442,-1.47938,0.029658,0.978783,-0.166046,0.116328,-8.446111,53.202812,-18.266109,0.025466,0.969028,-0.011896,0.245346,-12.980568,8.973914,-3.345908,-0.096921,0.974745,-0.151046,0.132904,1.826788,83.338966,1.754191,-0.08229,0.908649,-0.370517,0.174079,7.194278,49.590141,13.305495,-0.004188,0.940496,-0.238137,0.242364,8.157873,16.204279,46.226997,0.025466,0.969028,-0.011896,0.245346,-6.428759,2.171807,-16.054478,-0.004188,0.940496,-0.238137,0.242364,14.132918,4.144792,37.886116
572,4.766667,0.012457,0.995652,0.016044,0.090913,-7.703869,83.642105,0.122112,0.080081,0.996119,0.035067,-0.010217,-7.530023,91.577629,0.393833,0.071928,0.994528,0.06367,-0.041075,-4.526458,110.032974,1.672386,0.048558,0.995597,-0.06122,-0.051784,-1.163522,132.291199,4.410249,0.095616,0.986735,-0.122964,-0.045736,-0.018429,146.893951,0.592528,0.085813,0.959271,0.231359,0.137509,-5.778237,127.406288,4.773938,-0.265006,0.742342,-0.063337,0.612118,-21.605835,131.219513,1.030114,0.061813,0.032992,-0.422015,-0.903877,-24.321135,119.611038,-20.541771,0.157756,0.28038,-0.616567,-0.718572,-8.711882,138.270065,-20.360149,0.101738,0.922954,0.214476,-0.302994,1.861029,126.338646,4.070183,0.383288,0.715955,0.211481,-0.543851,15.153292,125.372574,-6.002172,0.284316,0.13272,0.629367,-0.710947,17.978661,117.514977,-29.191641,0.456294,-0.283265,0.495563,-0.682623,13.093006,140.714996,-44.667255,-0.08713,0.949485,0.257861,0.156186,-17.226229,83.910614,-1.62743,0.030323,0.978449,-0.1667,0.118024,-8.352175,53.182888,-18.309265,0.025492,0.969003,-0.012008,0.245437,-12.980387,8.978149,-3.346313,-0.097201,0.973805,-0.150064,0.14049,1.818489,83.373589,1.871655,-0.082977,0.907042,-0.36758,0.187815,7.126335,49.607338,13.399588,0.000765,0.937881,-0.232174,0.257827,7.710373,16.028837,46.133549,0.025492,0.969003,-0.012008,0.245437,-6.426954,2.172691,-16.052254,0.000765,0.937881,-0.232174,0.257827,13.968619,4.079211,37.842381
573,4.775,0.012019,0.994952,0.0163,0.098288,-7.709094,83.677025,0.124655,0.079464,0.996187,0.035971,-0.001798,-7.5446,91.612595,0.401018,0.070702,0.994927,0.063826,-0.032362,-4.574723,110.070084,1.738796,0.049493,0.995874,-0.061472,-0.04479,-1.290733,132.335327,4.515053,0.095554,0.986811,-0.12404,-0.04107,-0.078088,146.93222,0.695742,0.083198,0.95911,0.229475,0.143271,-5.904441,127.444374,4.802174,-0.268871,0.740638,-0.064546,0.612371,-21.692753,131.208878,0.848977,0.066749,0.027993,-0.421897,-0.90375,-24.291067,119.444252,-20.652618,0.15816,0.273465,-0.616428,-0.721262,-8.654653,138.096146,-20.792093,0.099362,0.926556,0.2139,-0.293031,1.747446,126.386681,4.233481,0.383453,0.720509,0.207349,-0.539293,15.254084,125.404907,-5.547969,0.281411,0.138373,0.624978,-0.714887,18.316565,117.298035,-28.621244,0.455209,-0.268879,0.501438,-0.684872,13.215892,140.347382,-44.151432,-0.086558,0.94874,0.256784,0.162672,-17.20463,83.939697,-1.765872,0.030925,0.978136,-0.167106,0.119873,-8.26639,53.164818,-18.326082,0.025701,0.96896,-0.011754,0.245597,-12.98241,8.976251,-3.342794,-0.098342,0.972692,-0.14864,0.148678,1.786444,83.414352,2.015181,-0.082569,0.905462,-0.364791,0.200621,7.093234,49.633541,13.500857,0.003789,0.934976,-0.226185,0.273214,7.241228,15.857044,46.035389,0.025701,0.96896,-0.011754,0.245597,-6.426426,2.176432,-16.050436,0.003789,0.934976,-0.226185,0.273214,13.816044,4.030967,37.812347
574,4.783333,0.011298,0.994212,0.016354,0.10558,-7.694919,83.719994,0.139984,0.078361,0.996224,0.036791,0.006577,-7.54392,91.6558,0.417191,0.069495,0.995232,0.064205,-0.023689,-4.627697,110.110878,1.809799,0.051336,0.99608,-0.061537,-0.03745,-1.421905,132.381592,4.633171,0.094777,0.986913,-0.125359,-0.036131,-0.112545,146.971222,0.818047,0.081043,0.9588,0.22767,0.149333,-6.033521,127.484688,4.841746,-0.273522,0.739719,-0.063913,0.611487,-21.774393,131.216751,0.674428,0.073227,0.023526,-0.420343,-0.9041,-24.301634,119.316605,-20.76095,0.159385,0.266106,-0.615931,-0.724163,-8.589609,137.901001,-21.22406,0.097898,0.930136,0.212988,-0.282663,1.628519,126.436829,4.407405,0.382599,0.725611,0.202229,-0.534986,15.34422,125.405952,-5.073452,0.276972,0.145137,0.619935,-0.719655,18.667009,117.054153,-28.023014,0.451514,-0.254264,0.506003,-0.689525,13.32861,139.958328,-43.604427,-0.086673,0.948265,0.255562,0.167242,-17.161985,83.971031,-1.889777,0.031804,0.977796,-0.167416,0.121968,-8.148945,53.152405,-18.327652,0.025777,0.968949,-0.011654,0.245638,-12.980986,8.978748,-3.33737,-0.099115,0.971377,-0.146987,0.158109,1.772147,83.468956,2.169744,-0.082952,0.903233,-0.361786,0.215408,7.041465,49.663883,13.601171,0.006212,0.931842,-0.220432,0.28817,6.75944,15.688589,45.927151,0.025777,0.968949,-0.011654,0.245638,-6.424519,2.181184,-16.045969,0.006212,0.931842,-0.220432,0.28817,13.649443,3.984894,37.787491
575,4.791667,0.011137,0.993401,0.016843,0.1129,-7.697454,83.76458,0.149748,0.077604,0.99614,0.038145,0.015075,-7.551927,91.700188,0.435494,0.068521,0.995472,0.064177,-0.01491,-4.676868,110.154579,1.902946,0.052276,0.996277,-0.061553,-0.030174,-1.539885,132.431549,4.754094,0.094147,0.986986,-0.126605,-0.03109,-0.160848,147.016754,0.9466,0.077692,0.958829,0.224712,0.155292,-6.150369,127.530968,4.887653,-0.277023,0.737187,-0.0663,0.612714,-21.84837,131.185745,0.496127,0.077946,0.018217,-0.421112,-0.903469,-24.206617,119.116547,-20.863873,0.160861,0.259026,-0.615361,-0.726884,-8.528183,137.691879,-21.660053,0.096336,0.933692,0.212171,-0.271888,1.519005,126.489128,4.589601,0.383286,0.729772,0.198236,-0.530309,15.44449,125.411263,-4.57496,0.274128,0.150202,0.615471,-0.723525,18.986965,116.805252,-27.397406,0.448809,-0.240859,0.511404,-0.692115,13.434315,139.556473,-43.013725,-0.086976,0.947696,0.253973,0.172644,-17.133614,84.015724,-2.019167,0.03267,0.977413,-0.167477,0.124691,-8.02356,53.142502,-18.300362,0.025654,0.968999,-0.011479,0.24546,-12.977298,8.975988,-3.328745,-0.100567,0.969884,-0.145388,0.167552,1.738706,83.513435,2.318664,-0.082213,0.901442,-0.358562,0.228204,7.018125,49.695553,13.707455,0.010222,0.928405,-0.213819,0.303713,6.294476,15.490952,45.783787,0.025654,0.968999,-0.011479,0.24546,-6.423256,2.184202,-16.041695,0.010222,0.928405,-0.213819,0.303713,13.486812,3.914145,37.724594
576,4.8,0.010478,0.992464,0.016583,0.120958,-7.678604,83.808685,0.173034,0.076736,0.995996,0.038755,0.024515,-7.545281,91.744652,0.454584,0.067152,0.995625,0.064777,-0.005022,-4.716733,110.204697,1.971458,0.053389,0.996409,-0.061924,-0.022012,-1.669749,132.486588,4.881162,0.093324,0.987093,-0.127631,-0.025476,-0.211204,147.063858,1.072926,0.075284,0.958393,0.223136,0.161321,-6.274826,127.579285,4.923485,-0.280755,0.735478,-0.068694,0.612805,-21.921358,131.192612,0.319132,0.083653,0.012716,-0.42033,-0.903417,-24.171455,118.93885,-20.947248,0.162299,0.25154,-0.61587,-0.72876,-8.443244,137.472595,-22.099613,0.09397,0.937128,0.212165,-0.260665,1.400479,126.548622,4.778642,0.385595,0.73347,0.194972,-0.524714,15.54071,125.45414,-4.048935,0.272558,0.154099,0.611335,-0.726798,19.28668,116.555717,-26.726288,0.446305,-0.228347,0.517501,-0.693442,13.53153,139.140274,-42.367348,-0.08691,0.947005,0.252708,0.178233,-17.078537,84.048981,-2.149013,0.033673,0.977019,-0.167753,0.127118,-7.891244,53.128685,-18.296936,0.026539,0.968865,-0.011286,0.245904,-12.977099,8.977091,-3.325613,-0.101886,0.96837,-0.143205,0.177121,1.721328,83.56839,2.495081,-0.081268,0.899089,-0.355595,0.242046,7.009442,49.724312,13.801746,0.010524,0.924713,-0.208115,0.318564,5.789795,15.306515,45.634087,0.026539,0.968865,-0.011286,0.245904,-6.421872,2.184663,-16.037607,0.010524,0.924713,-0.208115,0.318564,13.328312,3.868484,37.693996
577,4.808333,0.010291,0.991471,0.016985,0.128804,-7.672747,83.857857,0.1884,0.075779,0.995754,0.039746,0.033938,-7.54542,91.793678,0.476943,0.06613,0.995687,0.06489,0.004844,-4.769691,110.246483,2.055493,0.054546,0.996546,-0.060959,-0.014303,-1.797647,132.53389,5.000301,0.093047,0.987036,-0.129101,-0.020859,-0.259854,147.113129,1.231009,0.073128,0.958041,0.221053,0.167169,-6.398969,127.623055,4.956896,-0.285414,0.734131,-0.069153,0.612216,-21.992012,131.198425,0.146095,0.090715,0.007918,-0.418921,-0.903445,-24.147655,118.782852,-21.036037,0.164374,0.244428,-0.616799,-0.729929,-8.349874,137.24675,-22.538336,0.091242,0.940536,0.212138,-0.249127,1.278472,126.598183,4.965131,0.389126,0.736651,0.192675,-0.518462,15.632096,125.496719,-3.510144,0.271268,0.157001,0.607592,-0.729792,19.564707,116.29081,-26.032621,0.443589,-0.215739,0.523401,-0.694793,13.622828,138.720932,-41.667877,-0.08737,0.946443,0.25094,0.183415,-17.034794,84.097893,-2.281987,0.03498,0.976781,-0.167603,0.128779,-7.748482,53.119133,-18.260321,0.026099,0.968797,-0.011512,0.24621,-12.977724,8.971244,-3.327519,-0.103108,0.966404,-0.14111,0.188466,1.6893,83.617821,2.658787,-0.080642,0.896555,-0.352353,0.255996,6.959436,49.748863,13.899128,0.0085,0.920948,-0.202491,0.332835,5.280405,15.106273,45.465588,0.026099,0.968797,-0.011512,0.24621,-6.409761,2.175163,-16.030983,0.0085,0.920948,-0.202491,0.332835,13.189711,3.827132,37.660038
578,4.816667,0.009644,0.990346,0.016935,0.137239,-7.657435,83.920685,0.222936,0.075023,0.995381,0.040756,0.043894,-7.542647,91.856728,0.510361,0.064822,0.995658,0.065051,0.01525,-4.814244,110.299812,2.152063,0.05557,0.996573,-0.060983,-0.005948,-1.932089,132.59404,5.134364,0.092771,0.987019,-0.130196,-0.015333,-0.31631,147.167969,1.377164,0.070234,0.957737,0.218443,0.173466,-6.525402,127.677368,5.000031,-0.28948,0.732024,-0.071219,0.612593,-22.06064,131.190781,-0.038059,0.096662,0.002833,-0.418174,-0.903205,-24.078316,118.594429,-21.126848,0.166149,0.236434,-0.618142,-0.731023,-8.235368,137.012924,-22.972031,0.089321,0.943974,0.211098,-0.237429,1.151452,126.662193,5.16993,0.392066,0.740095,0.190031,-0.512281,15.706828,125.519707,-2.948304,0.269022,0.159931,0.603848,-0.733087,19.840235,116.014992,-25.310131,0.440404,-0.202411,0.529428,-0.696261,13.715413,138.310074,-40.913433,-0.087506,0.94575,0.249235,0.189159,-16.976257,84.150711,-2.406692,0.036081,0.976445,-0.167577,0.131042,-7.604333,53.11216,-18.218132,0.027178,0.968822,-0.01104,0.246016,-12.968532,8.9708,-3.313948,-0.104808,0.964492,-0.138334,0.199082,1.661388,83.690659,2.852565,-0.07963,0.8938,-0.348728,0.2705,6.967386,49.791225,13.983652,0.008026,0.916195,-0.197864,0.348386,4.795302,14.895025,45.239159,0.027178,0.968822,-0.01104,0.246016,-6.417493,2.18103,-16.029516,0.008026,0.916195,-0.197864,0.348386,13.063119,3.74457,37.622513
579,4.825,0.0094,0.989092,0.01694,0.146019,-7.639365,83.97506,0.254327,0.073901,0.994916,0.042025,0.053995,-7.530974,91.911179,0.542268,0.063551,0.995525,0.065054,0.025678,-4.863597,110.356865,2.25663,0.05673,0.996563,-0.060329,0.002214,-2.069999,132.658463,5.267876,0.09268,0.986918,-0.131518,-0.01036,-0.373247,147.231628,1.543525,0.067613,0.957084,0.216991,0.179815,-6.653866,127.736244,5.0442,-0.293272,0.729814,-0.072755,0.613245,-22.126221,131.20195,-0.215549,0.102372,-0.002325,-0.41688,-0.903175,-23.995562,118.452011,-21.225557,0.167212,0.22811,-0.6191,-0.732613,-8.112529,136.773361,-23.405914,0.087132,0.947543,0.209393,-0.225222,1.018902,126.730301,5.376156,0.394542,0.743967,0.186225,-0.506133,15.775866,125.547501,-2.363538,0.265695,0.163377,0.6001,-0.73661,20.121946,115.724609,-24.546824,0.436674,-0.188596,0.53441,-0.69868,13.826084,137.897766,-40.109753,-0.087225,0.944825,0.247571,0.195976,-16.910107,84.203072,-2.540251,0.037103,0.97597,-0.167608,0.134218,-7.464099,53.10133,-18.182524,0.026987,0.968779,-0.010853,0.246212,-12.970506,8.96793,-3.306659,-0.106714,0.962098,-0.135626,0.211152,1.631375,83.747047,3.048906,-0.078053,0.890777,-0.345336,0.284899,6.972413,49.823181,14.088404,0.008337,0.911449,-0.191248,0.364163,4.265666,14.682838,45.027031,0.026987,0.968779,-0.010853,0.246212,-6.411167,2.184469,-16.021311,0.008337,0.911449,-0.191248,0.364163,12.891044,3.695567,37.571468
580,4.833333,0.008651,0.98776,0.017053,0.154803,-7.600625,84.048264,0.294004,0.07225,0.994392,0.04328,0.063957,-7.506829,91.984543,0.582834,0.062509,0.995266,0.065192,0.035891,-4.922332,110.425964,2.365802,0.05794,0.996461,-0.060004,0.010364,-2.206879,132.732712,5.410226,0.092553,0.986812,-0.132703,-0.00511,-0.428166,147.302322,1.710281,0.06454,0.956401,0.215005,0.186825,-6.781703,127.8069,5.097809,-0.297638,0.728011,-0.07372,0.61317,-22.181759,131.211273,-0.408392,0.107472,-0.007811,-0.415028,-0.903405,-23.928463,118.301834,-21.331369,0.165638,0.219372,-0.620546,-0.734413,-7.962957,136.528748,-23.848516,0.084571,0.951093,0.207218,-0.212911,0.883359,126.806915,5.588037,0.398339,0.747345,0.183913,-0.498977,15.835236,125.593567,-1.763076,0.262134,0.16709,0.596477,-0.739987,20.387468,115.442513,-23.756462,0.430107,-0.17499,0.537451,-0.703942,13.93977,137.485641,-39.280624,-0.08719,0.944083,0.245756,0.201766,-16.820435,84.264923,-2.665122,0.038391,0.975521,-0.167523,0.137192,-7.304489,53.098141,-18.134586,0.027699,0.968689,-0.010676,0.246496,-12.9729,8.971209,-3.300428,-0.10835,0.959635,-0.132771,0.223008,1.619185,83.831612,3.25313,-0.077173,0.887077,-0.341787,0.300535,6.98442,49.877842,14.188483,0.012615,0.906114,-0.184625,0.380411,3.770953,14.49596,44.801636,0.027699,0.968689,-0.010676,0.246496,-6.414437,2.187853,-16.015587,0.012615,0.906114,-0.184625,0.380411,12.690655,3.631274,37.514652
581,4.841667,0.008119,0.986234,0.017016,0.164276,-7.589166,84.12294,0.353215,0.071335,0.993672,0.044574,0.074439,-7.506385,92.05938,0.640966,0.061272,0.994915,0.064945,0.046602,-4.979821,110.491348,2.495634,0.058948,0.996257,-0.060331,0.018882,-2.352338,132.806503,5.555652,0.092564,0.98673,-0.133398,0.000538,-0.495741,147.368195,1.862807,0.061715,0.955798,0.21229,0.193839,-6.914546,127.875435,5.154343,-0.301606,0.725799,-0.075657,0.613616,-22.237309,131.221085,-0.597986,0.111832,-0.013527,-0.413937,-0.903309,-23.839792,118.141891,-21.426865,0.164348,0.210808,-0.620917,-0.736894,-7.827124,136.296265,-24.279375,0.083368,0.954066,0.20559,-0.20135,0.739201,126.884209,5.810943,0.403025,0.750283,0.184086,-0.490672,15.857837,125.609825,-1.179949,0.257876,0.170551,0.593177,-0.743339,20.630104,115.1567,-22.984383,0.421365,-0.159419,0.541591,-0.70973,14.053445,137.084824,-38.437946,-0.087051,0.943023,0.243917,0.208889,-16.750601,84.332191,-2.782481,0.040023,0.97542,-0.167075,0.137983,-7.15222,53.09869,-18.065321,0.026927,0.968678,-0.010563,0.246631,-12.976158,8.969688,-3.29773,-0.110408,0.957131,-0.129503,0.234391,1.572269,83.913696,3.48891,-0.075429,0.883584,-0.338188,0.31499,7.006285,49.93058,14.298397,0.009172,0.900891,-0.179339,0.395158,3.265974,14.294198,44.554424,0.026927,0.968678,-0.010563,0.246631,-6.403903,2.194397,-16.010067,0.009172,0.900891,-0.179339,0.395158,12.565744,3.604859,37.486546
582,4.85,0.007684,0.984654,0.016992,0.173521,-7.568122,84.191872,0.42683,0.069904,0.992912,0.045432,0.084712,-7.49478,92.128433,0.713768,0.060466,0.994423,0.064861,0.057089,-5.043558,110.562447,2.621625,0.060109,0.996041,-0.059761,0.026796,-2.484431,132.882553,5.703424,0.092882,0.986546,-0.134437,0.005113,-0.549237,147.442459,2.044081,0.059273,0.954977,0.210277,0.20072,-7.036428,127.950035,5.213602,-0.305729,0.723784,-0.077496,0.613728,-22.278349,131.251404,-0.774263,0.116149,-0.019601,-0.412777,-0.903183,-23.750675,117.999039,-21.503057,0.162856,0.202242,-0.620267,-0.740166,-7.696757,136.067383,-24.704311,0.080896,0.956956,0.204589,-0.189299,0.60199,126.961205,6.032289,0.407397,0.753469,0.182966,-0.482531,15.89148,125.668716,-0.573054,0.252429,0.175624,0.589428,-0.747001,20.879612,114.889381,-22.169353,0.410811,-0.141688,0.545281,-0.716818,14.175185,136.697769,-37.589638,-0.086603,0.941878,0.24237,0.215921,-16.669195,84.395538,-2.880319,0.040966,0.974848,-0.166871,0.141941,-7.008824,53.102135,-18.000698,0.026049,0.968747,-0.010624,0.246451,-12.976151,8.973906,-3.288131,-0.112425,0.954243,-0.126179,0.246698,1.532951,83.988205,3.733979,-0.073988,0.879652,-0.334368,0.330055,7.026953,49.976185,14.421564,0.01085,0.895168,-0.17273,0.410757,2.780228,14.078659,44.299675,0.026049,0.968747,-0.010624,0.246451,-6.39772,2.202734,-15.999466,0.01085,0.895168,-0.17273,0.410757,12.394083,3.537999,37.431568
583,4.858333,0.007173,0.982876,0.016546,0.183384,-7.546875,84.275688,0.511788,0.06862,0.991978,0.046657,0.095368,-7.483084,92.212608,0.790997,0.059458,0.993826,0.064574,0.067861,-5.106802,110.630157,2.763942,0.060946,0.995717,-0.060072,0.034986,-2.625586,132.957428,5.857486,0.093144,0.986424,-0.134865,0.010183,-0.619642,147.510025,2.207189,0.057148,0.953976,0.20815,0.208179,-7.163567,128.021606,5.278973,-0.30988,0.721639,-0.079765,0.613881,-22.311869,131.290863,-0.95889,0.120602,-0.025275,-0.412065,-0.902784,-23.648954,117.853912,-21.577736,0.162479,0.19443,-0.61876,-0.743595,-7.572697,135.852051,-25.115177,0.079751,0.959671,0.202829,-0.177571,0.45588,127.038345,6.264243,0.41141,0.75682,0.183183,-0.473718,15.895271,125.684608,0.030261,0.246313,0.180918,0.585234,-0.751066,21.136852,114.613846,-21.357594,0.39581,-0.127954,0.545171,-0.72784,14.291513,136.284225,-36.721325,-0.086192,0.940656,0.240726,0.223132,-16.579908,84.471039,-2.97741,0.042251,0.974427,-0.166358,0.145022,-6.855466,53.115211,-17.926449,0.027486,0.96853,-0.010748,0.24714,-12.979923,8.980995,-3.296636,-0.114544,0.950853,-0.122203,0.260432,1.486156,84.080338,4.000987,-0.072426,0.87565,-0.330383,0.344729,7.047746,50.03178,14.536192,0.011886,0.889262,-0.166092,0.426011,2.31364,13.864315,44.012821,0.027486,0.96853,-0.010748,0.24714,-6.402118,2.19657,-16.001234,0.011886,0.889262,-0.166092,0.426011,12.23987,3.479147,37.355419
584,4.866667,0.006878,0.981019,0.016515,0.193087,-7.532646,84.354309,0.600698,0.067544,0.99091,0.048293,0.105843,-7.476121,92.291313,0.879136,0.058456,0.993167,0.063667,0.078414,-5.169064,110.693069,2.931639,0.061722,0.995332,-0.060466,0.043002,-2.762399,133.030975,6.007299,0.09375,0.986266,-0.135127,0.01519,-0.688422,147.575836,2.364201,0.054412,0.953293,0.204654,0.215382,-7.285234,128.091293,5.348599,-0.312527,0.718403,-0.083881,0.615783,-22.341799,131.297058,-1.139311,0.12326,-0.031811,-0.411983,-0.902256,-23.482391,117.683372,-21.653767,0.161045,0.186676,-0.617343,-0.747064,-7.409699,135.63736,-25.533918,0.07794,0.962211,0.20144,-0.165822,0.312129,127.114609,6.497358,0.414067,0.760866,0.180561,-0.465864,15.895862,125.724998,0.641912,0.238847,0.186951,0.581267,-0.75507,21.393112,114.3414,-20.516306,0.382243,-0.11276,0.545914,-0.736989,14.43399,135.91423,-35.837578,-0.085578,0.93927,0.239046,0.230879,-16.495005,84.546783,-3.066372,0.043625,0.974163,-0.165722,0.147106,-6.714179,53.125214,-17.839556,0.027567,0.968423,-0.01078,0.247548,-12.986819,8.982232,-3.299256,-0.116885,0.947329,-0.118191,0.273747,1.429713,84.161842,4.267769,-0.071502,0.870957,-0.325877,0.36073,7.084027,50.08279,14.653972,0.013681,0.882779,-0.159026,0.441842,1.899161,13.625487,43.694489,0.027567,0.968423,-0.01078,0.247548,-6.399457,2.196086,-15.997982,0.013681,0.882779,-0.159026,0.441842,12.132592,3.395988,37.265106
585,4.875,0.00619,0.979011,0.016506,0.203045,-7.494797,84.424141,0.691213,0.066058,0.989734,0.04908,0.116853,-7.45177,92.361282,0.967855,0.057824,0.992277,0.063311,0.089635,-5.226407,110.762894,3.068071,0.062458,0.994903,-0.060201,0.051405,-2.881536,133.106171,6.15235,0.093762,0.986099,-0.135689,0.020161,-0.739299,147.648209,2.537605,0.051917,0.952234,0.202522,0.222575,-7.39018,128.166595,5.402084,-0.315175,0.716399,-0.086111,0.616459,-22.350351,131.324371,-1.327821,0.127378,-0.036831,-0.409943,-0.902422,-23.367945,117.577492,-21.759748,0.161047,0.17957,-0.615549,-0.750279,-7.220925,135.417709,-25.933826,0.076121,0.964704,0.199854,-0.153659,0.179111,127.18985,6.723189,0.417082,0.76448,0.178636,-0.457933,15.90204,125.76239,1.262257,0.231917,0.191924,0.577981,-0.758497,21.636892,114.077377,-19.667334,0.369352,-0.099249,0.546272,-0.745196,14.589298,135.579132,-34.931389,-0.084665,0.937864,0.237631,0.238272,-16.380915,84.606453,-3.157422,0.044781,0.973631,-0.165501,0.150487,-6.567376,53.125,-17.780649,0.027881,0.968307,-0.010774,0.24797,-12.992867,8.984748,-3.298907,-0.119233,0.943324,-0.114519,0.287765,1.391321,84.241829,4.539848,-0.069586,0.866529,-0.32162,0.375294,7.128369,50.141121,14.808949,0.013798,0.876496,-0.152316,0.456469,1.462806,13.399914,43.398361,0.027881,0.968307,-0.010774,0.24797,-6.398411,2.196425,-15.992786,0.013798,0.876496,-0.152316,0.456469,11.999303,3.336701,37.200241
586,4.883333,0.005345,0.976862,0.016834,0.213138,-7.449977,84.493134,0.791301,0.064556,0.988473,0.049875,0.127535,-7.424034,92.430267,1.070608,0.056896,0.99132,0.062978,0.100401,-5.280354,110.837509,3.217139,0.062958,0.994414,-0.060512,0.059295,-3.009091,133.187515,6.307673,0.094424,0.985899,-0.135911,0.024825,-0.807935,147.723465,2.703752,0.049622,0.950944,0.200571,0.230246,-7.49905,128.24501,5.469791,-0.317174,0.714119,-0.089319,0.617622,-22.350952,131.364517,-1.513017,0.131919,-0.041368,-0.408034,-0.902438,-23.23547,117.480087,-21.857946,0.163454,0.172765,-0.613391,-0.753118,-7.019089,135.210419,-26.313559,0.073833,0.967047,0.198438,-0.141393,0.040195,127.273331,6.956106,0.420278,0.767944,0.17766,-0.449517,15.895498,125.825226,1.898215,0.225605,0.196371,0.574885,-0.761609,21.874941,113.852264,-18.798903,0.356609,-0.08804,0.543953,-0.75445,14.74918,135.267609,-33.995499,-0.083863,0.936486,0.236072,0.24542,-16.254911,84.66378,-3.240118,0.046215,0.973186,-0.165134,0.153311,-6.409041,53.119312,-17.70496,0.027744,0.968217,-0.010483,0.248348,-13.002102,8.979908,-3.29615,-0.12139,0.939356,-0.110845,0.300979,1.354957,84.322495,4.822721,-0.068704,0.860602,-0.31708,0.392561,7.17461,50.199497,14.970559,0.013111,0.870096,-0.145891,0.470614,1.045428,13.174907,43.094959,0.027744,0.968217,-0.010483,0.248348,-6.394804,2.200322,-15.988021,0.013111,0.870096,-0.145891,0.470614,11.879711,3.281827,37.14114
587,4.891667,0.004788,0.974678,0.017052,0.22291,-7.416282,84.569565,0.915671,0.062737,0.987137,0.050012,0.138285,-7.402527,92.506668,1.19663,0.05627,0.990195,0.062812,0.111362,-5.35084,110.912384,3.361094,0.063906,0.993845,-0.060446,0.06734,-3.141052,133.266556,6.466097,0.094943,0.985648,-0.136454,0.029401,-0.867548,147.797302,2.886207,0.046714,0.949608,0.198233,0.238256,-7.613051,128.32402,5.537257,-0.319116,0.711852,-0.091578,0.618907,-22.348932,131.384109,-1.712544,0.137584,-0.044301,-0.4058,-0.90246,-23.094221,117.392433,-21.989471,0.168004,0.167376,-0.611027,-0.755252,-6.794629,135.000702,-26.674322,0.071838,0.969364,0.196566,-0.128588,-0.108665,127.352524,7.190712,0.423099,0.77135,0.176891,-0.441265,15.871859,125.870384,2.554326,0.21964,0.200211,0.572035,-0.764493,22.09631,113.630569,-17.913187,0.344516,-0.077926,0.5424,-0.762259,14.895147,134.977203,-33.038395,-0.083101,0.935051,0.234658,0.252409,-16.138788,84.733597,-3.291383,0.047458,0.972685,-0.164535,0.156718,-6.259693,53.131927,-17.607939,0.027633,0.968141,-0.010581,0.248652,-13.007954,8.984929,-3.294538,-0.123808,0.935276,-0.107185,0.313755,1.306224,84.405525,5.122724,-0.066811,0.85558,-0.31288,0.406972,7.233986,50.267719,15.157568,0.012941,0.863801,-0.139368,0.484001,0.652344,12.970888,42.816154,0.027633,0.968141,-0.010581,0.248652,-6.391679,2.2031,-15.980533,0.012941,0.863801,-0.139368,0.484001,11.757781,3.242016,37.095928
588,4.9,0.004248,0.972418,0.017317,0.23256,-7.374692,84.63192,1.038161,0.061566,0.985626,0.050353,0.149047,-7.373048,92.568954,1.321331,0.054733,0.988989,0.062505,0.12247,-5.389151,110.985985,3.515041,0.065031,0.993155,-0.060812,0.075602,-3.281333,133.34964,6.62266,0.095534,0.985385,-0.136844,0.034118,-0.928523,147.871078,3.056286,0.044598,0.947908,0.197067,0.246266,-7.724344,128.398666,5.603982,-0.320588,0.709544,-0.094532,0.62035,-22.337023,131.432541,-1.90169,0.143159,-0.047236,-0.40291,-0.902739,-22.947765,117.328812,-22.105345,0.172716,0.161158,-0.608934,-0.75723,-6.541491,134.788223,-27.012411,0.069685,0.971474,0.194714,-0.11605,-0.257555,127.441536,7.427295,0.427069,0.774112,0.177733,-0.432173,15.835619,125.934692,3.207227,0.214987,0.202526,0.569932,-0.766774,22.285179,113.424446,-17.025732,0.33354,-0.068464,0.542178,-0.768184,15.02831,134.707397,-32.053268,-0.082025,0.933413,0.23346,0.259826,-16.012148,84.789948,-3.341075,0.048696,0.972156,-0.164097,0.160041,-6.112251,53.134983,-17.524921,0.027945,0.968023,-0.010407,0.249081,-13.015814,8.985657,-3.293003,-0.126322,0.931156,-0.103966,0.325857,1.262762,84.473892,5.417397,-0.064754,0.850278,-0.308326,0.421627,7.30473,50.332439,15.371366,0.012058,0.85727,-0.132917,0.497269,0.275772,12.744925,42.521713,0.027945,0.968023,-0.010407,0.249081,-6.391535,2.206321,-15.976151,0.012058,0.85727,-0.132917,0.497269,11.6534,3.188577,37.051022
589,4.908333,0.003845,0.970026,0.017211,0.24236,-7.339835,84.69783,1.177287,0.059995,0.984013,0.050532,0.159891,-7.346854,92.634979,1.457273,0.053788,0.987617,0.062271,0.133574,-5.446824,111.04834,3.668851,0.065733,0.992452,-0.06099,0.083659,-3.414797,133.417969,6.783949,0.096162,0.98511,-0.137175,0.038652,-0.996741,147.933228,3.236079,0.041798,0.946164,0.195089,0.254886,-7.832629,128.463928,5.674672,-0.320718,0.70662,-0.098654,0.622973,-22.309044,131.44664,-2.110369,0.147648,-0.049291,-0.400768,-0.90286,-22.754902,117.245804,-22.250227,0.178361,0.156117,-0.607182,-0.758383,-6.261978,134.600616,-27.325047,0.068224,0.97345,0.192655,-0.103072,-0.40829,127.512169,7.666366,0.429259,0.777445,0.177884,-0.423879,15.786634,125.956726,3.874936,0.210382,0.204079,0.567417,-0.769499,22.493713,113.22287,-16.133572,0.324325,-0.059603,0.543968,-0.771596,15.138996,134.452408,-31.03907,-0.080963,0.931849,0.232184,0.266822,-15.887201,84.850868,-3.375453,0.050015,0.971781,-0.163412,0.162595,-5.974719,53.140556,-17.426256,0.027891,0.96792,-0.010348,0.249491,-13.025573,8.982384,-3.294358,-0.12891,0.926718,-0.099892,0.338521,1.20753,84.544792,5.730028,-0.063264,0.845096,-0.303758,0.435365,7.386562,50.391068,15.556958,0.013061,0.850931,-0.126757,0.509586,-0.00273,12.523354,42.217861,0.027891,0.96792,-0.010348,0.249491,-6.389617,2.20475,-15.972313,0.013061,0.850931,-0.126757,0.509586,11.595444,3.104795,36.97612
590,4.916667,0.003338,0.96743,0.017485,0.252514,-7.283559,84.746864,1.305896,0.058512,0.982163,0.051023,0.171259,-7.302389,92.683914,1.587975,0.052646,0.986019,0.062333,0.145288,-5.48262,111.1297,3.833365,0.066009,0.9916,-0.062561,0.091973,-3.539067,133.504501,6.967755,0.096794,0.984801,-0.137514,0.043456,-1.063714,148.004776,3.398253,0.038745,0.944308,0.192938,0.263735,-7.926243,128.546188,5.760235,-0.320976,0.70398,-0.102261,0.625243,-22.257542,131.468704,-2.31087,0.151746,-0.051312,-0.398163,-0.90322,-22.555561,117.178413,-22.390097,0.182203,0.151658,-0.605851,-0.759438,-5.963442,134.407745,-27.618444,0.065908,0.975146,0.191133,-0.090633,-0.550627,127.601768,7.928611,0.431157,0.781048,0.176438,-0.415858,15.735178,126.033226,4.554872,0.205945,0.205858,0.564399,-0.772439,22.693825,113.050117,-15.206006,0.315521,-0.050647,0.545948,-0.774482,15.21409,134.216934,-30.009483,-0.079798,0.930176,0.23089,0.274034,-15.73366,84.894951,-3.425086,0.051585,0.971397,-0.162921,0.164877,-5.813843,53.127922,-17.341951,0.027869,0.967833,-0.009977,0.249845,-13.033369,8.969697,-3.295614,-0.131044,0.922384,-0.096533,0.350309,1.166541,84.59877,6.036877,-0.061443,0.839874,-0.299459,0.44851,7.447252,50.437462,15.77257,0.012126,0.844899,-0.12075,0.520977,-0.310168,12.305223,41.947449,0.027869,0.967833,-0.009977,0.249845,-6.386356,2.202302,-15.973245,0.012126,0.844899,-0.12075,0.520977,11.51607,3.047164,36.934349
591,4.925,0.003097,0.964907,0.017701,0.261977,-7.241216,84.796989,1.459049,0.056794,0.980313,0.051227,0.182034,-7.267405,92.73394,1.743232,0.051588,0.984402,0.061875,0.156404,-5.537202,111.178741,4.003526,0.067501,0.990701,-0.062679,0.10013,-3.672916,133.561127,7.131924,0.096814,0.984512,-0.13815,0.047722,-1.108674,148.052078,3.587382,0.036263,0.942221,0.191281,0.272609,-8.03,128.598358,5.83695,-0.321124,0.701427,-0.105544,0.627487,-22.2085,131.482132,-2.513129,0.155133,-0.052774,-0.395886,-0.903561,-22.363258,117.114281,-22.538536,0.185635,0.147717,-0.60396,-0.760888,-5.684895,134.235199,-27.882784,0.063339,0.97677,0.18947,-0.077525,-0.704627,127.661751,8.172586,0.432394,0.784648,0.175288,-0.408211,15.665915,126.085472,5.241618,0.201344,0.207071,0.561749,-0.775255,22.882494,112.888321,-14.28355,0.307704,-0.041382,0.550036,-0.775285,15.287558,134.016861,-28.964884,-0.078841,0.928733,0.229752,0.280096,-15.597034,84.944702,-3.436536,0.053007,0.971064,-0.162179,0.167101,-5.671672,53.128887,-17.237511,0.027859,0.967738,-0.009801,0.250224,-13.041491,8.961979,-3.296953,-0.133382,0.917796,-0.093295,0.362154,1.114602,84.649277,6.354634,-0.059607,0.834518,-0.294904,0.461582,7.508808,50.48822,16.017052,0.01063,0.83898,-0.114988,0.531768,-0.593157,12.081212,41.68082,0.027859,0.967738,-0.009801,0.250224,-6.383728,2.199249,-15.971428,0.01063,0.83898,-0.114988,0.531768,11.452429,2.98617,36.896809
592,4.933333,0.002739,0.962056,0.017799,0.272259,-7.195478,84.844948,1.611901,0.054835,0.978283,0.051934,0.193023,-7.230603,92.781876,1.895746,0.050609,0.98267,0.061231,0.167477,-5.601414,111.242378,4.188436,0.068003,0.98979,-0.063329,0.108075,-3.810968,133.632889,7.301755,0.097758,0.984109,-0.138743,0.052191,-1.186776,148.114777,3.764084,0.033324,0.939876,0.189327,0.282274,-8.137221,128.666,5.921955,-0.321386,0.699036,-0.108351,0.629539,-22.143377,131.498001,-2.731205,0.157223,-0.054354,-0.39345,-0.90417,-22.162685,117.061188,-22.707537,0.185867,0.144454,-0.602149,-0.762891,-5.391778,134.075226,-28.147299,0.060795,0.978154,0.188048,-0.064469,-0.865859,127.736732,8.423398,0.433995,0.788003,0.175702,-0.399786,15.577175,126.154961,5.934545,0.197091,0.208371,0.559335,-0.777741,23.060982,112.759491,-13.353536,0.299161,-0.033708,0.551306,-0.778093,15.371275,133.836914,-27.922428,-0.077542,0.926976,0.228647,0.287094,-15.444935,84.989861,-3.460946,0.054469,0.970555,-0.161635,0.17009,-5.523337,53.122849,-17.146025,0.027056,0.967615,-0.009663,0.250791,-13.06047,8.954185,-3.300831,-0.135474,0.913329,-0.089738,0.373394,1.053977,84.700035,6.684747,-0.057875,0.829251,-0.290672,0.473818,7.563242,50.532604,16.247282,0.009682,0.833313,-0.109102,0.541842,-0.85322,11.874119,41.427704,0.027056,0.967615,-0.009663,0.250791,-6.377113,2.200197,-15.966492,0.009682,0.833313,-0.109102,0.541842,11.389821,2.935483,36.854809
593,4.941667,0.002383,0.959537,0.018128,0.280987,-7.147966,84.906563,1.787471,0.053861,0.976108,0.051484,0.204113,-7.192554,92.843338,2.074404,0.049419,0.980653,0.060856,0.179371,-5.622307,111.298943,4.360454,0.068826,0.988766,-0.063431,0.116543,-3.919437,133.69693,7.469115,0.097574,0.98377,-0.139631,0.056391,-1.224665,148.172318,3.957947,0.030211,0.93782,0.186804,0.291006,-8.20847,128.724686,5.995642,-0.321384,0.696919,-0.110667,0.631481,-22.053988,131.487518,-2.933984,0.158338,-0.055853,-0.391225,-0.90485,-21.952635,117.001831,-22.87466,0.184669,0.1421,-0.600429,-0.764977,-5.09699,133.922989,-28.389341,0.056861,0.979326,0.187238,-0.051277,-0.999162,127.80484,8.673944,0.434624,0.791858,0.173302,-0.392466,15.510355,126.265106,6.640449,0.190822,0.211928,0.556503,-0.780371,23.253101,112.652817,-12.391937,0.288879,-0.026174,0.548638,-0.78413,15.489873,133.682068,-26.893021,-0.076608,0.925395,0.227692,0.293141,-15.303916,85.04953,-3.434442,0.055952,0.970287,-0.160716,0.171999,-5.373997,53.140694,-17.015631,0.028084,0.967555,-0.009479,0.250915,-13.058803,8.959582,-3.291832,-0.137547,0.908591,-0.086867,0.384705,1.007983,84.763596,7.009384,-0.055808,0.824828,-0.286402,0.48427,7.613257,50.600399,16.521057,0.008369,0.828289,-0.103894,0.55052,-1.078123,11.688751,41.213417,0.028084,0.967555,-0.009479,0.250915,-6.384484,2.203853,-15.961339,0.008369,0.828289,-0.103894,0.55052,11.338616,2.895694,36.830555
594,4.95,0.00212,0.956737,0.018191,0.290378,-7.095598,84.960876,1.969131,0.05262,0.973794,0.05136,0.215216,-7.147281,92.897636,2.255352,0.047788,0.978554,0.060426,0.191042,-5.646862,111.361908,4.545173,0.071276,0.987555,-0.063085,0.125199,-4.049528,133.769455,7.640982,0.096842,0.9834,-0.141088,0.060331,-1.237361,148.233963,4.177401,0.027243,0.93526,0.185241,0.300388,-8.295377,128.787628,6.077515,-0.321191,0.694806,-0.113438,0.633413,-21.961226,131.498032,-3.140311,0.158054,-0.057966,-0.388695,-0.905856,-21.745508,116.955353,-23.038565,0.180483,0.140166,-0.597749,-0.768424,-4.79943,133.773361,-28.62661,0.054394,0.980351,0.185748,-0.038084,-1.150586,127.884377,8.928768,0.434724,0.79573,0.172406,-0.384845,15.407494,126.339088,7.343779,0.185272,0.214186,0.553737,-0.783054,23.437967,112.557793,-11.446209,0.279329,-0.019614,0.548672,-0.78775,15.575942,133.554718,-25.854483,-0.074917,0.923676,0.226624,0.299752,-15.147633,85.102493,-3.411671,0.057118,0.969826,-0.159887,0.174964,-5.254396,53.140152,-16.893446,0.027992,0.967447,-0.008899,0.251363,-13.073995,8.946472,-3.28677,-0.139515,0.904086,-0.08354,0.395203,0.956438,84.81926,7.349933,-0.053866,0.82043,-0.282606,0.494093,7.674421,50.654507,16.776716,0.006767,0.823688,-0.099311,0.558237,-1.277366,11.520254,41.02018,0.027992,0.967447,-0.008899,0.251363,-6.384427,2.207173,-15.956985,0.006767,0.823688,-0.099311,0.558237,11.295425,2.862847,36.815773
595,4.958333,0.001707,0.953873,0.018371,0.299642,-7.038899,85.012642,2.153709,0.050977,0.971419,0.052316,0.225853,-7.100475,92.949318,2.440174,0.046149,0.976491,0.05927,0.202045,-5.692979,111.413483,4.766831,0.072401,0.98638,-0.063709,0.133244,-4.192285,133.834274,7.814607,0.097487,0.982955,-0.141859,0.064592,-1.301852,148.286667,4.364864,0.024504,0.932328,0.183481,0.310642,-8.396053,128.841309,6.17487,-0.32033,0.692351,-0.117343,0.635821,-21.8573,131.508911,-3.351338,0.158215,-0.059049,-0.386903,-0.906525,-21.518148,116.898643,-23.198284,0.179451,0.139179,-0.594827,-0.771107,-4.502848,133.648102,-28.827948,0.05176,0.981178,0.184384,-0.02477,-1.315879,127.957703,9.188821,0.434341,0.799757,0.171643,-0.377194,15.279499,126.41349,8.057962,0.179168,0.217431,0.550712,-0.785709,23.613745,112.481781,-10.487225,0.268511,-0.013482,0.54685,-0.79289,15.663773,133.428314,-24.82473,-0.074022,0.922138,0.225715,0.305344,-14.985085,85.150818,-3.382298,0.058847,0.969431,-0.158989,0.177381,-5.08829,53.149212,-16.767994,0.028312,0.967265,-0.008872,0.252029,-13.084284,8.947492,-3.290561,-0.140959,0.899601,-0.080385,0.405447,0.907286,84.874474,7.689717,-0.052496,0.815972,-0.278751,0.503718,7.7044,50.70163,17.030054,0.006208,0.81954,-0.094337,0.56517,-1.447828,11.350751,40.844231,0.028312,0.967265,-0.008872,0.252029,-6.381199,2.206338,-15.952642,0.006208,0.81954,-0.094337,0.56517,11.25811,2.819365,36.784996
596,4.966667,0.001465,0.950976,0.018314,0.30872,-6.990374,85.063431,2.35344,0.049417,0.968829,0.052666,0.236968,-7.058053,93.000153,2.637267,0.044804,0.974093,0.058596,0.213779,-5.736145,111.476456,4.97986,0.074075,0.985054,-0.06421,0.141631,-4.324911,133.906418,8.00296,0.09754,0.982511,-0.143052,0.068514,-1.338916,148.344666,4.575476,0.021484,0.929411,0.181456,0.320636,-8.484599,128.905853,6.27621,-0.319193,0.690069,-0.12085,0.638213,-21.739685,131.516861,-3.550052,0.157944,-0.060195,-0.384628,-0.907464,-21.286179,116.857147,-23.358217,0.177591,0.137803,-0.59175,-0.774148,-4.182854,133.523422,-29.021704,0.048959,0.98166,0.183841,-0.012206,-1.478109,128.035721,9.461413,0.433897,0.80386,0.171199,-0.369098,15.142219,126.504936,8.760371,0.17367,0.220265,0.547614,-0.788316,23.793333,112.426392,-9.527033,0.258054,-0.007582,0.54683,-0.796447,15.740956,133.323868,-23.80138,-0.072726,0.920334,0.224903,0.311631,-14.829603,85.199936,-3.333055,0.060378,0.969191,-0.157942,0.179102,-4.944353,53.158207,-16.63102,0.028344,0.967224,-0.008769,0.252187,-13.086229,8.94247,-3.287567,-0.142463,0.895313,-0.077348,0.414893,0.848855,84.926918,8.039934,-0.050698,0.812331,-0.274838,0.511871,7.735636,50.750263,17.300295,0.005979,0.815444,-0.088819,0.57195,-1.596729,11.178791,40.674969,0.028344,0.967224,-0.008769,0.252187,-6.378999,2.203851,-15.948802,0.005979,0.815444,-0.088819,0.57195,11.238531,2.779178,36.749996
597,4.975,0.001301,0.948046,0.018349,0.317601,-6.931581,85.107582,2.559506,0.047715,0.966204,0.052538,0.247818,-7.004554,93.044296,2.84238,0.043515,0.971617,0.0578,0.225222,-5.768813,111.530708,5.179892,0.074728,0.98372,-0.064836,0.150026,-4.441674,133.970016,8.171393,0.098009,0.982009,-0.143844,0.073217,-1.389457,148.398087,4.759401,0.018317,0.92654,0.179571,0.330065,-8.556888,128.961945,6.361891,-0.317767,0.687558,-0.124304,0.640965,-21.611202,131.509247,-3.745833,0.157945,-0.060877,-0.382316,-0.908395,-21.028929,116.811844,-23.52268,0.176569,0.136846,-0.588829,-0.776773,-3.83282,133.396774,-29.204632,0.046145,0.982176,0.182204,0.00134,-1.62646,128.105316,9.712845,0.433289,0.807717,0.170658,-0.361564,15.007723,126.582893,9.475921,0.168397,0.222825,0.544891,-0.790624,23.956146,112.372818,-8.565016,0.248966,-0.002642,0.545635,-0.800182,15.819449,133.227432,-22.772705,-0.071285,0.91859,0.224056,0.317663,-14.663066,85.244362,-3.272625,0.061856,0.968901,-0.156847,0.181116,-4.80398,53.16024,-16.487516,0.02826,0.967176,-0.008364,0.252393,-13.089824,8.929112,-3.284411,-0.143577,0.891424,-0.074643,0.423293,0.799903,84.970802,8.391638,-0.049428,0.808639,-0.271143,0.519751,7.754121,50.787472,17.576687,0.00531,0.812326,-0.084359,0.577046,-1.715156,11.01484,40.551445,0.02826,0.967176,-0.008364,0.252393,-6.374513,2.20219,-15.947578,0.00531,0.812326,-0.084359,0.577046,11.224761,2.729052,36.729538
598,4.983333,0.000934,0.945038,0.018297,0.326446,-6.862953,85.154579,2.777642,0.04549,0.963449,0.053281,0.258568,-6.943802,93.091331,3.057146,0.042094,0.969065,0.056685,0.236489,-5.821419,111.580658,5.413414,0.076649,0.982223,-0.065368,0.158398,-4.579351,134.031281,8.356211,0.098164,0.981492,-0.145045,0.077461,-1.424641,148.443283,4.96962,0.015267,0.923283,0.177931,0.340083,-8.648171,129.013733,6.469642,-0.316985,0.685073,-0.126979,0.643485,-21.481619,131.506393,-3.930331,0.159349,-0.060296,-0.38036,-0.90901,-20.764317,116.774055,-23.676729,0.178454,0.136047,-0.585133,-0.779272,-3.486818,133.287979,-29.347134,0.04304,0.982551,0.180374,0.014385,-1.79644,128.174164,9.982826,0.433542,0.811025,0.174158,-0.352064,14.840147,126.674568,10.195686,0.165878,0.223812,0.542668,-0.792404,24.11198,112.364555,-7.601308,0.241982,0.000897,0.544422,-0.803149,15.891176,133.14592,-21.743526,-0.070038,0.916799,0.223502,0.323453,-14.484111,85.287384,-3.198034,0.063452,0.968415,-0.155895,0.183965,-4.636071,53.172638,-16.346628,0.029657,0.967022,-0.008288,0.252826,-13.08953,8.932358,-3.281158,-0.14457,0.887775,-0.072122,0.430991,0.758205,85.021774,8.753318,-0.048215,0.806132,-0.267356,0.525688,7.775181,50.832401,17.867874,0.003528,0.810107,-0.081344,0.580601,-1.761685,10.857388,40.460266,0.029657,0.967022,-0.008288,0.252826,-6.380207,2.197994,-15.943553,0.003528,0.810107,-0.081344,0.580601,11.265991,2.671061,36.72308
599,4.991667,0.00064,0.941953,0.018653,0.335227,-6.799098,85.193489,2.99323,0.044021,0.960549,0.053651,0.269314,-6.888841,93.130043,3.275734,0.040495,0.966325,0.055994,0.247873,-5.848649,111.632225,5.644203,0.077395,0.980769,-0.06609,0.166539,-4.703413,134.092361,8.553458,0.098978,0.980897,-0.146224,0.081631,-1.480868,148.492783,5.181537,0.011908,0.920191,0.175546,0.349699,-8.720684,129.064484,6.585711,-0.315447,0.682479,-0.130003,0.646386,-21.335548,131.481628,-4.095703,0.160691,-0.059828,-0.378466,-0.909595,-20.481705,116.727043,-23.820036,0.181355,0.135104,-0.581907,-0.78118,-3.124466,133.172974,-29.483458,0.039548,0.982757,0.178579,0.027109,-1.952328,128.243286,10.261106,0.434159,0.81394,0.178321,-0.342359,14.676249,126.783005,10.915264,0.164519,0.223936,0.541157,-0.793685,24.253897,112.372887,-6.637321,0.237449,0.003246,0.542561,-0.805751,15.971215,133.088058,-20.710724,-0.068567,0.914775,0.223092,0.32972,-14.307712,85.326302,-3.123257,0.065066,0.968078,-0.155001,0.185922,-4.475724,53.183628,-16.215492,0.029707,0.967007,-0.00828,0.252876,-13.08677,8.936736,-3.275955,-0.145594,0.883855,-0.069193,0.439107,0.709516,85.060677,9.109716,-0.047225,0.802918,-0.264377,0.532163,7.80143,50.862873,18.13415,0.002347,0.808409,-0.077983,0.583428,-1.838169,10.730418,40.401466,0.029707,0.967007,-0.00828,0.252876,-6.376739,2.202236,-15.937896,0.002347,0.808409,-0.077983,0.583428,11.264166,2.639946,36.716938
600,5.0,0.000177,0.938895,0.019133,0.343671,-6.722696,85.238884,3.219557,0.042075,0.957591,0.054067,0.279868,-6.824496,93.175156,3.505868,0.038563,0.963502,0.055141,0.259105,-5.883672,111.694481,5.881924,0.078947,0.979109,-0.067206,0.17492,-4.846518,134.165848,8.744666,0.099804,0.980272,-0.147218,0.086211,-1.52972,148.54715,5.382535,0.008781,0.916685,0.174108,0.359579,-8.807955,129.124268,6.700254,-0.314984,0.680177,-0.131989,0.648632,-21.190845,131.484909,-4.261553,0.163599,-0.058334,-0.375973,-0.910207,-20.208021,116.703728,-23.959946,0.185053,0.134673,-0.579162,-0.782425,-2.747147,133.055435,-29.593218,0.036895,0.982649,0.177332,0.039914,-2.125447,128.327347,10.534644,0.432696,0.818086,0.178694,-0.334032,14.481229,126.879547,11.626476,0.161572,0.225076,0.539363,-0.795188,24.399021,112.372627,-5.655376,0.234459,0.004386,0.540503,-0.808001,16.052931,133.051132,-19.674995,-0.06692,0.912983,0.222312,0.335502,-14.120272,85.369484,-3.030813,0.066686,0.967866,-0.153766,0.18747,-4.331431,53.185665,-16.054127,0.029945,0.966964,-0.007678,0.253032,-13.088986,8.923018,-3.267698,-0.146012,0.880534,-0.067042,0.445922,0.67488,85.108284,9.469927,-0.046395,0.800563,-0.261386,0.537237,7.793628,50.898125,18.426176,0.001117,0.807485,-0.074847,0.585119,-1.893885,10.61089,40.391167,0.029945,0.966964,-0.007678,0.253032,-6.375391,2.203618,-15.93577,0.001117,0.807485,-0.074847,0.585119,11.269335,2.610795,36.726357
601,5.008333,-0.0004,0.93574,0.01982,0.352134,-6.626563,85.284958,3.445227,0.039802,0.954549,0.054658,0.290283,-6.743367,93.220802,3.737585,0.036994,0.960579,0.054421,0.270107,-5.915664,111.750839,6.121085,0.080736,0.977366,-0.068211,0.183261,-4.970682,134.231171,8.945153,0.099961,0.979626,-0.148685,0.090743,-1.553556,148.592636,5.59876,0.005987,0.913403,0.171806,0.368975,-8.878448,129.179138,6.824661,-0.314444,0.677762,-0.133951,0.651016,-21.034008,131.479813,-4.401162,0.16694,-0.056717,-0.373599,-0.91068,-19.915209,116.675697,-24.075068,0.189494,0.134863,-0.576927,-0.782981,-2.354728,132.936432,-29.68058,0.033598,0.982469,0.175602,0.052826,-2.2843,128.40094,10.812783,0.429965,0.823011,0.175139,-0.327277,14.290133,126.988136,12.349667,0.157131,0.228103,0.536902,-0.796878,24.544281,112.370155,-4.639834,0.230943,0.005172,0.537576,-0.810957,16.134718,133.011719,-18.653698,-0.064757,0.910882,0.22159,0.34205,-13.91007,85.41291,-2.937754,0.06823,0.967481,-0.152631,0.189811,-4.186322,53.18539,-15.901631,0.028109,0.96707,-0.007244,0.252852,-13.095206,8.909681,-3.265855,-0.146359,0.87762,-0.06515,0.451794,0.656945,85.157013,9.828208,-0.045109,0.798721,-0.258671,0.541387,7.800223,50.936134,18.72377,-0.000367,0.806848,-0.072161,0.586335,-1.95556,10.505417,40.392895,0.028109,0.96707,-0.007244,0.252852,-6.361435,2.214676,-15.936134,-0.000367,0.806848,-0.072161,0.586335,11.262302,2.589936,36.741051
602,5.016667,-0.000614,0.932501,0.019949,0.360616,-6.556352,85.322342,3.698772,0.037956,0.951452,0.054807,0.300491,-6.679723,93.258095,3.990736,0.035165,0.957602,0.053613,0.280871,-5.94425,111.808243,6.3696,0.082091,0.975646,-0.069339,0.191226,-5.09995,134.298523,9.146011,0.100865,0.978925,-0.150028,0.094997,-1.596345,148.641388,5.809342,0.002655,0.909974,0.169739,0.378323,-8.950834,129.233444,6.953751,-0.314365,0.675004,-0.135614,0.65357,-20.873951,131.459671,-4.533339,0.170273,-0.055123,-0.37146,-0.911036,-19.593349,116.630531,-24.178509,0.193153,0.134991,-0.575678,-0.782984,-1.942183,132.809311,-29.758041,0.030023,0.981995,0.174798,0.065035,-2.446509,128.478516,11.091065,0.428454,0.827118,0.174791,-0.318986,14.087449,127.113663,13.049489,0.153962,0.229957,0.535226,-0.798091,24.669678,112.393188,-3.64783,0.227576,0.006085,0.535858,-0.813036,16.222298,132.992096,-17.630978,-0.063045,0.908715,0.221526,0.34812,-13.722738,85.450592,-2.815427,0.069895,0.967143,-0.151533,0.191798,-4.025867,53.205265,-15.755131,0.029865,0.966897,-0.007458,0.253306,-13.092312,8.919787,-3.266491,-0.146572,0.875132,-0.063075,0.456817,0.610035,85.194084,10.21297,-0.044139,0.797818,-0.256086,0.54402,7.785282,50.958515,19.025871,-0.000974,0.80692,-0.068903,0.586627,-1.978898,10.394901,40.441368,0.029865,0.966897,-0.007458,0.253306,-6.369649,2.20683,-15.933172,-0.000974,0.80692,-0.068903,0.586627,11.278185,2.560215,36.757584
603,5.025,-0.001242,0.929314,0.020278,0.368731,-6.464039,85.363159,3.953137,0.035874,0.948241,0.055583,0.310584,-6.601148,93.298691,4.245197,0.033191,0.954524,0.05246,0.2916,-5.973541,111.860596,6.636353,0.083547,0.973788,-0.070485,0.19947,-5.230446,134.362534,9.346331,0.101441,0.978159,-0.151597,0.099662,-1.635864,148.685791,6.022168,-0.000547,0.906443,0.167394,0.387737,-9.022496,129.282379,7.087424,-0.313541,0.672315,-0.137819,0.65627,-20.704899,131.434326,-4.658243,0.173514,-0.05302,-0.369223,-0.911458,-19.275455,116.584763,-24.277712,0.197764,0.135474,-0.574844,-0.782362,-1.526493,132.684784,-29.805813,0.026856,0.981516,0.172989,0.077326,-2.611229,128.554626,11.372229,0.426727,0.831234,0.174227,-0.310805,13.870293,127.22702,13.752765,0.149708,0.232753,0.533401,-0.799311,24.779276,112.41124,-2.647319,0.222406,0.007941,0.534158,-0.815566,16.307211,132.973297,-16.612385,-0.060772,0.906408,0.221514,0.354489,-13.515759,85.485634,-2.68513,0.071501,0.966933,-0.150492,0.193083,-3.876586,53.219616,-15.616348,0.028822,0.967034,-0.007657,0.252897,-13.086679,8.925947,-3.262638,-0.146354,0.87284,-0.061339,0.461484,0.587682,85.240685,10.591405,-0.043326,0.797502,-0.253706,0.545662,7.761551,50.984921,19.326639,-0.001025,0.807446,-0.06586,0.586253,-1.982363,10.300845,40.521729,0.028822,0.967034,-0.007657,0.252897,-6.362385,2.214637,-15.929326,-0.001025,0.807446,-0.06586,0.586253,11.298223,2.532192,36.783165
604,5.033333,-0.001666,0.92602,0.020821,0.376897,-6.362156,85.394394,4.223538,0.033351,0.944958,0.05591,0.32065,-6.511309,93.329552,4.51983,0.031294,0.951314,0.051621,0.302255,-6.001586,111.92157,6.902148,0.085462,0.971838,-0.071562,0.20762,-5.359022,134.433014,9.558366,0.101834,0.977372,-0.153482,0.104002,-1.661183,148.734253,6.252728,-0.003712,0.902716,0.165518,0.397106,-9.090636,129.339035,7.231001,-0.312207,0.669292,-0.141074,0.659297,-20.526903,131.423111,-4.766428,0.176061,-0.051473,-0.367176,-0.911885,-18.942295,116.537895,-24.34692,0.201755,0.135898,-0.574224,-0.781725,-1.104595,132.566635,-29.837366,0.023473,0.980859,0.171369,0.089431,-2.775501,128.636139,11.660281,0.424865,0.835269,0.174296,-0.302386,13.644258,127.354858,14.456658,0.145371,0.23604,0.531282,-0.800557,24.885904,112.459602,-1.644051,0.215503,0.011197,0.535673,-0.816387,16.388399,132.966263,-15.605042,-0.058945,0.904523,0.221432,0.359626,-13.295905,85.516533,-2.537861,0.073382,0.966692,-0.149313,0.194494,-3.70421,53.232117,-15.458463,0.030023,0.967057,-0.007368,0.252675,-13.081628,8.930844,-3.258842,-0.145926,0.871073,-0.059611,0.465172,0.571592,85.272255,10.984938,-0.042331,0.797839,-0.251697,0.546178,7.741585,50.992405,19.628378,-0.001493,0.808406,-0.06337,0.585203,-1.984767,10.205078,40.632225,0.030023,0.967057,-0.007368,0.252675,-6.377105,2.219861,-15.936175,-0.001493,0.808406,-0.06337,0.585203,11.312289,2.496991,36.827446
605,5.041667,-0.002221,0.922744,0.021304,0.384818,-6.268136,85.435593,4.499722,0.030485,0.941771,0.056827,0.330013,-6.430911,93.370392,4.798393,0.029505,0.948306,0.049929,0.312014,-6.057276,111.971283,7.183428,0.087487,0.969929,-0.072294,0.215306,-5.494854,134.495468,9.748319,0.102678,0.976555,-0.155176,0.108254,-1.695141,148.776566,6.471288,-0.006119,0.899208,0.162774,0.406069,-9.172251,129.386246,7.368624,-0.31215,0.666206,-0.143013,0.662027,-20.367216,131.410767,-4.864283,0.179586,-0.049302,-0.365345,-0.912053,-18.606583,116.492691,-24.404686,0.206123,0.136477,-0.573368,-0.781112,-0.691727,132.452866,-29.845778,0.020473,0.980014,0.169776,0.101639,-2.94829,128.711487,11.929384,0.422007,0.83973,0.174235,-0.293949,13.397941,127.464607,15.141217,0.139223,0.240577,0.528519,-0.802127,25.006878,112.520828,-0.650933,0.206283,0.016685,0.53811,-0.817072,16.47818,132.976501,-14.616041,-0.056837,0.902683,0.22101,0.364812,-13.084963,85.554695,-2.379592,0.075033,0.966404,-0.147817,0.196427,-3.566661,53.239216,-15.276784,0.029088,0.966954,-0.007374,0.253179,-13.091252,8.91925,-3.260451,-0.145252,0.868829,-0.057332,0.469841,0.548693,85.31649,11.379037,-0.041856,0.798114,-0.249969,0.546605,7.709962,51.003254,19.896294,-0.000758,0.809378,-0.060243,0.584189,-1.97236,10.130894,40.754669,0.029088,0.966954,-0.007374,0.253179,-6.361775,2.213869,-15.927524,-0.000758,0.809378,-0.060243,0.584189,11.332307,2.477141,36.867702
606,5.05,-0.002807,0.919465,0.02182,0.392556,-6.166609,85.475006,4.78721,0.027923,0.938325,0.057575,0.339782,-6.343668,93.409401,5.088384,0.027481,0.944941,0.048622,0.322439,-6.094208,112.036003,7.473903,0.089581,0.967829,-0.07397,0.223185,-5.62753,134.571243,9.959539,0.103542,0.975739,-0.156799,0.112369,-1.717536,148.823685,6.687409,-0.009648,0.895037,0.160445,0.416021,-9.242795,129.445831,7.520209,0.310626,-0.663384,0.146147,-0.664886,-20.162552,131.387451,-4.972156,0.181336,-0.047513,-0.363029,-0.912727,-18.261652,116.439751,-24.476748,0.208396,0.137442,-0.573253,-0.780424,-0.24318,132.33046,-29.853508,0.017584,0.979101,0.16794,0.113352,-3.119501,128.80072,12.219424,0.419251,0.84415,0.173211,-0.285722,13.146276,127.589478,15.828782,0.131991,0.246391,0.525588,-0.80351,25.104576,112.583336,0.359748,0.195082,0.023518,0.540784,-0.817889,16.567823,132.991669,-13.637966,-0.054899,0.900597,0.220737,0.370388,-12.866857,85.590919,-2.205758,0.076994,0.966205,-0.146246,0.197819,-3.401446,53.251087,-15.08082,0.029167,0.966922,-0.00713,0.253301,-13.092581,8.915752,-3.255862,-0.14458,0.867536,-0.055844,0.472609,0.533639,85.359085,11.780177,-0.040883,0.798949,-0.248073,0.546323,7.678622,51.019646,20.205025,0.000521,0.810291,-0.055646,0.583379,-1.969533,10.051131,40.889885,0.029167,0.966922,-0.00713,0.253301,-6.35991,2.216548,-15.92451,0.000521,0.810291,-0.055646,0.583379,11.350739,2.475595,36.904358
607,5.058333,-0.003218,0.916166,0.022532,0.400152,-6.069448,85.517097,5.074428,0.025675,0.9348,0.058342,0.349409,-6.259498,93.450951,5.381862,0.02527,0.941474,0.047482,0.332766,-6.123483,112.089836,7.768716,0.091993,0.965541,-0.075956,0.231298,-5.761101,134.635345,10.17754,0.103966,0.974893,-0.158439,0.116925,-1.728545,148.853928,6.906944,-0.012424,0.890971,0.158146,0.425448,-9.310736,129.492477,7.679292,0.309537,-0.660328,0.149121,-0.66777,-19.963423,131.37059,-5.051101,0.183364,-0.045759,-0.36126,-0.913113,-17.906403,116.386452,-24.511837,0.211679,0.138178,-0.571165,-0.780941,0.185263,132.217453,-29.83157,0.01442,0.978122,0.165834,0.124773,-3.29046,128.879166,12.513921,0.416402,0.848436,0.172477,-0.277522,12.887827,127.716599,16.511583,0.124352,0.252928,0.522863,-0.804474,25.191196,112.661018,1.364552,0.183791,0.031073,0.54278,-0.818929,16.681171,133.024155,-12.684065,-0.052897,0.898516,0.220477,0.375847,-12.653015,85.634628,-2.028471,0.078757,0.965925,-0.144734,0.199597,-3.245681,53.270966,-14.886218,0.029408,0.966918,-0.006973,0.253289,-13.09059,8.920113,-3.247963,-0.143878,0.865859,-0.053961,0.476104,0.514118,85.399567,12.177326,-0.040042,0.800253,-0.24678,0.545061,7.648295,51.030586,20.490143,0.001167,0.811843,-0.052959,0.581468,-1.9625,9.99569,41.060482,0.029408,0.966918,-0.006973,0.253289,-6.360611,2.223729,-15.919531,0.001167,0.811843,-0.052959,0.581468,11.352429,2.466477,36.970692
608,5.066667,-0.004069,0.91289,0.023415,0.407513,-5.946011,85.543404,5.378133,0.022255,0.931227,0.059254,0.358902,-6.156581,93.476517,5.691323,0.023574,0.937951,0.04591,0.342905,-6.176828,112.148712,8.069241,0.094172,0.963307,-0.077445,0.23911,-5.887999,134.704636,10.388824,0.10477,0.973984,-0.160372,0.121078,-1.744116,148.894485,7.132597,-0.015757,0.88692,0.155247,0.434769,-9.378118,129.547455,7.836812,0.307951,-0.65718,0.152,-0.670952,-19.759777,131.335632,-5.128275,0.184631,-0.044248,-0.358946,-0.913844,-17.541,116.332291,-24.556425,0.213117,0.139055,-0.569991,-0.781252,0.651293,132.093353,-29.81472,0.011384,0.976971,0.163742,0.136331,-3.462682,128.961044,12.802423,0.41351,0.85264,0.171777,-0.269272,12.6174,127.843643,17.190166,0.11663,0.259702,0.520041,-0.805301,25.261429,112.743866,2.371208,0.172202,0.038555,0.544348,-0.820088,16.783566,133.060974,-11.737906,-0.051472,0.897134,0.220127,0.379534,-12.41429,85.656288,-1.829983,0.080895,0.965543,-0.143106,0.20175,-3.055411,53.270763,-14.668025,0.029531,0.966897,-0.006517,0.253367,-13.089481,8.907968,-3.238713,-0.142945,0.864635,-0.052382,0.478778,0.52227,85.430527,12.586249,-0.038923,0.801629,-0.245215,0.543825,7.629683,51.030125,20.791319,0.002818,0.81295,-0.048972,0.580263,-1.95169,9.914726,41.214115,0.029531,0.966897,-0.006517,0.253367,-6.357153,2.223432,-15.91529,0.002818,0.81295,-0.048972,0.580263,11.364305,2.445173,37.019737
609,5.075,-0.004759,0.909562,0.023889,0.414854,-5.844436,85.575172,5.682173,0.019727,0.92752,0.060154,0.368375,-6.070614,93.507835,5.995946,0.021609,0.934291,0.044145,0.353106,-6.216052,112.206329,8.373263,0.095786,0.961062,-0.079201,0.246804,-6.007361,134.773483,10.589919,0.106116,0.973043,-0.162022,0.125205,-1.766943,148.935669,7.337491,-0.018266,0.883321,0.152427,0.442918,-9.434385,129.599182,7.98751,0.307347,-0.653751,0.154321,-0.674042,-19.574226,131.315781,-5.177101,0.187132,-0.042625,-0.357186,-0.914102,-17.1689,116.283714,-24.560797,0.216033,0.140553,-0.567829,-0.781758,1.092996,131.980042,-29.774729,0.008021,0.975582,0.162177,0.147902,-3.627557,129.044968,13.083303,0.41296,0.854915,0.178158,-0.258542,12.344822,127.982117,17.860695,0.112685,0.263881,0.519172,-0.805064,25.290436,112.849594,3.338499,0.163167,0.045503,0.54519,-0.82102,16.897614,133.109695,-10.800995,-0.049673,0.894944,0.220194,0.384867,-12.195663,85.683289,-1.629363,0.082838,0.96511,-0.141598,0.204087,-2.874531,53.286755,-14.467096,0.029924,0.966877,-0.00653,0.253399,-13.083735,8.913544,-3.234988,-0.141798,0.863207,-0.050527,0.481886,0.50679,85.467056,12.99371,-0.03855,0.802698,-0.243492,0.543048,7.580809,51.02932,21.070013,0.004184,0.814168,-0.045157,0.578856,-1.919059,9.832203,41.365818,0.029924,0.966877,-0.00653,0.253399,-6.355545,2.226029,-15.912189,0.004184,0.814168,-0.045157,0.578856,11.397318,2.423905,37.065346
610,5.083333,-0.005234,0.906322,0.02468,0.421835,-5.739834,85.600159,5.985785,0.016575,0.924003,0.060987,0.377126,-5.980548,93.532135,6.306015,0.019808,0.930827,0.042629,0.362426,-6.270541,112.260422,8.669763,0.098089,0.958742,-0.080856,0.254271,-6.135026,134.836929,10.794999,0.107127,0.972048,-0.163924,0.129517,-1.780393,148.96727,7.555021,-0.021414,0.879185,0.149831,0.451803,-9.502801,129.64711,8.146567,0.306236,-0.65025,0.15691,-0.677329,-19.37285,131.2798,-5.23201,0.188626,-0.04106,-0.355374,-0.914573,-16.782227,116.22493,-24.574074,0.217899,0.141452,-0.565819,-0.782535,1.556967,131.865494,-29.729959,0.004826,0.974067,0.160417,0.159489,-3.798124,129.122162,13.35949,0.410186,0.858709,0.178131,-0.250273,12.056619,128.110275,18.524092,0.106949,0.269462,0.517455,-0.805104,25.322199,112.94503,4.32847,0.156084,0.050796,0.547179,-0.820764,16.996235,133.171219,-9.873497,-0.048025,0.893,0.219706,0.389839,-11.977818,85.709946,-1.422577,0.084862,0.964866,-0.139666,0.205731,-2.704587,53.286301,-14.226517,0.03001,0.966877,-0.005824,0.253406,-13.079584,8.893943,-3.224364,-0.140827,0.861992,-0.048758,0.484521,0.498148,85.490379,13.394147,-0.037822,0.803639,-0.242073,0.542342,7.551552,51.020168,21.349045,0.004508,0.815645,-0.042204,0.576994,-1.911487,9.753239,41.519833,0.03001,0.966877,-0.005824,0.253406,-6.349406,2.225566,-15.910585,0.004508,0.815645,-0.042204,0.576994,11.404661,2.404568,37.117569
611,5.091667,-0.006051,0.903076,0.025267,0.428694,-5.629171,85.63076,6.305172,0.013997,0.920287,0.061897,0.386062,-5.888019,93.562119,6.626416,0.017918,0.9271,0.041341,0.372097,-6.304395,112.316811,8.984726,0.100024,0.95645,-0.082322,0.261576,-6.248651,134.901459,11.025395,0.108324,0.971022,-0.166319,0.133116,-1.792319,149.003647,7.80113,-0.024765,0.875071,0.146972,0.460475,-9.552396,129.696014,8.327441,0.304707,-0.646944,0.159336,-0.680609,-19.152977,131.233109,-5.256972,0.190068,-0.0395,-0.353637,-0.915016,-16.388784,116.170135,-24.568689,0.220447,0.142393,-0.563727,-0.78316,2.022766,131.756424,-29.665628,0.001907,0.972612,0.158813,0.169706,-3.956662,129.200378,13.659951,0.40748,0.862373,0.177766,-0.242223,11.786371,128.237946,19.164564,0.102132,0.274106,0.515908,-0.805154,25.356468,113.038574,5.297042,0.1511,0.054973,0.54935,-0.819977,17.082054,133.236145,-8.95684,-0.046271,0.890903,0.219774,0.394779,-11.753975,85.734734,-1.197116,0.086843,0.964372,-0.137991,0.208336,-2.520491,53.301323,-14.005044,0.030276,0.96677,-0.00581,0.253783,-13.072183,8.897248,-3.220338,-0.139897,0.86093,-0.046999,0.486847,0.495634,85.526779,13.807461,-0.036449,0.804997,-0.240357,0.541184,7.534145,51.0256,21.640333,0.004249,0.816745,-0.039537,0.575627,-1.914401,9.671461,41.638573,0.030276,0.96677,-0.00581,0.253783,-6.335412,2.227199,-15.902187,0.004249,0.816745,-0.039537,0.575627,11.411058,2.386469,37.159306
612,5.1,-0.006825,0.899911,0.025801,0.435257,-5.52483,85.661674,6.63549,0.011331,0.9165,0.062778,0.394916,-5.800774,93.592438,6.957116,0.016111,0.923266,0.039749,0.38176,-6.346209,112.372932,9.305388,0.101495,0.954079,-0.084337,0.268921,-6.359812,134.966217,11.248777,0.109793,0.969925,-0.168481,0.137132,-1.810557,149.038361,8.022986,-0.028371,0.870446,0.145152,0.469521,-9.600378,129.74498,8.505109,0.303419,-0.643823,0.16189,-0.683535,-18.913454,131.196899,-5.287226,0.191685,-0.037686,-0.351996,-0.915388,-15.991132,116.112663,-24.559015,0.223027,0.143923,-0.561809,-0.783528,2.49352,131.653061,-29.589975,-0.001602,0.97092,0.15731,0.180457,-4.116536,129.279495,13.955276,0.4043,0.866346,0.17584,-0.234664,11.500751,128.383011,19.817579,0.097757,0.279074,0.514232,-0.805063,25.37579,113.151154,6.291686,0.147963,0.058092,0.551281,-0.819037,17.156538,133.308334,-8.039766,-0.044815,0.889118,0.219404,0.399153,-11.5396,85.760239,-0.955369,0.089097,0.964244,-0.135785,0.209422,-2.346753,53.305542,-13.738582,0.03033,0.966752,-0.005221,0.253856,-13.071999,8.88204,-3.208115,-0.138899,0.859594,-0.044856,0.489686,0.489939,85.56311,14.22635,-0.035581,0.805475,-0.238622,0.541298,7.519156,51.027649,21.91518,0.004567,0.817781,-0.036473,0.574354,-1.907779,9.589693,41.749443,0.03033,0.966752,-0.005221,0.253856,-6.331579,2.228037,-15.896442,0.004567,0.817781,-0.036473,0.574354,11.424263,2.368259,37.187618
613,5.108333,-0.00758,0.896685,0.026458,0.441814,-5.421048,85.695351,6.97024,0.009025,0.912741,0.063184,0.403522,-5.714683,93.625404,7.293887,0.014188,0.919418,0.038685,0.391118,-6.368403,112.414261,9.616766,0.102667,0.951779,-0.08599,0.276012,-6.462994,135.013977,11.481582,0.111593,0.968735,-0.17095,0.140982,-1.832883,149.061096,8.261765,-0.031287,0.866682,0.14238,0.477085,-9.637502,129.777267,8.690609,0.302407,-0.640394,0.163286,-0.686864,-18.705545,131.140823,-5.272965,0.194019,-0.035665,-0.350613,-0.915508,-15.588556,116.065933,-24.521559,0.226919,0.145219,-0.559646,-0.783719,2.951439,131.560944,-29.488766,-0.005662,0.969186,0.155415,0.191031,-4.264792,129.34079,14.252716,0.402086,0.869364,0.176758,-0.226471,11.220276,128.532211,20.467932,0.094976,0.282863,0.513285,-0.804678,25.369532,113.274292,7.259193,0.145234,0.061011,0.553836,-0.817588,17.21751,133.38588,-7.133994,-0.042806,0.886651,0.219567,0.404733,-11.324214,85.790131,-0.70778,0.090966,0.963923,-0.134035,0.211219,-2.174763,53.3279,-13.502998,0.030816,0.966859,-0.005081,0.253394,-13.054493,8.891654,-3.186942,-0.138064,0.858283,-0.04271,0.492407,0.482119,85.600571,14.64826,-0.033961,0.805632,-0.236391,0.542147,7.513919,51.034874,22.197592,0.003741,0.817836,-0.033509,0.574463,-1.940472,9.486943,41.787212,0.030816,0.966859,-0.005081,0.253394,-6.33169,2.238763,-15.885201,0.003741,0.817836,-0.033509,0.574463,11.426168,2.346975,37.198471
614,5.116667,-0.008839,0.893453,0.027307,0.448239,-5.294331,85.723877,7.302561,0.006784,0.909005,0.064005,0.411786,-5.6142,93.652878,7.62716,0.01177,0.915631,0.037154,0.400126,-6.379819,112.459862,9.939792,0.104568,0.949347,-0.087058,0.283244,-6.565271,135.067688,11.696286,0.112952,0.967531,-0.173651,0.144815,-1.837785,149.089355,8.507145,-0.034337,0.862627,0.140165,0.484819,-9.671686,129.810165,8.868042,0.302471,-0.636942,0.164028,-0.689863,-18.48451,131.090958,-5.265738,0.196534,-0.033748,-0.348983,-0.915667,-15.162092,116.016174,-24.480022,0.228899,0.14676,-0.558499,-0.783674,3.445308,131.458328,-29.38978,-0.009287,0.967352,0.153853,0.201181,-4.408422,129.412918,14.536707,0.399733,0.872414,0.177492,-0.218184,10.941828,128.67894,21.086607,0.091689,0.286736,0.512032,-0.804487,25.365757,113.397469,8.20628,0.142005,0.06463,0.556091,-0.816346,17.267742,133.466476,-6.241788,-0.040919,0.884742,0.219203,0.409278,-11.086319,85.807999,-0.459793,0.0931,0.963672,-0.131999,0.212709,-2.002015,53.322838,-13.243225,0.03079,0.966879,-0.004301,0.253336,-13.050586,8.872641,-3.169567,-0.136937,0.856771,-0.040432,0.495536,0.497657,85.639755,15.064915,-0.032303,0.806118,-0.234616,0.542296,7.516543,51.03804,22.459654,0.002329,0.818269,-0.031275,0.57398,-1.974725,9.401408,41.842018,0.03079,0.966879,-0.004301,0.253336,-6.325778,2.241784,-15.878287,0.002329,0.818269,-0.031275,0.57398,11.420045,2.335793,37.220325
615,5.125,-0.010083,0.890349,0.027976,0.454306,-5.179502,85.737839,7.652503,0.004306,0.905385,0.06416,0.419694,-5.523985,93.665871,7.975382,0.009742,0.91189,0.03609,0.408728,-6.399022,112.510788,10.251704,0.105712,0.947024,-0.088526,0.290058,-6.665132,135.12413,11.924864,0.114971,0.966182,-0.176464,0.148779,-1.860352,149.122177,8.747548,-0.038512,0.857823,0.13901,0.493287,-9.70655,129.850082,9.057024,0.300989,-0.633803,0.166053,-0.692911,-18.232477,131.037338,-5.25971,0.197994,-0.031607,-0.347523,-0.915984,-14.746412,115.961861,-24.444427,0.23181,0.148068,-0.556976,-0.783657,3.924358,131.367111,-29.270443,-0.012478,0.965372,0.151558,0.211969,-4.550391,129.483963,14.825344,0.397407,0.875079,0.179386,-0.210061,10.648623,128.813095,21.725332,0.087643,0.291544,0.510912,-0.803922,25.335396,113.527977,9.149976,0.137145,0.069257,0.556748,-0.81635,17.32943,133.556061,-5.365196,-0.039058,0.882814,0.219333,0.413529,-10.86496,85.810127,-0.18833,0.095163,0.963402,-0.130011,0.214236,-1.833714,53.318359,-12.992538,0.031166,0.966834,-0.003622,0.253471,-13.045317,8.855724,-3.156713,-0.136074,0.855655,-0.03805,0.497886,0.505957,85.66555,15.493335,-0.030138,0.806543,-0.23257,0.542671,7.539193,51.033329,22.729986,0.001445,0.818275,-0.028372,0.574125,-2.018598,9.294337,41.857826,0.031166,0.966834,-0.003622,0.253471,-6.318858,2.241281,-15.873104,0.001445,0.818275,-0.028372,0.574125,11.410691,2.310272,37.212425
616,5.133333,-0.010419,0.887211,0.028309,0.460376,-5.087313,85.779121,8.00198,0.002132,0.901758,0.064635,0.427375,-5.441159,93.706757,8.324729,0.007609,0.908197,0.034487,0.41705,-6.417756,112.549683,10.574415,0.10624,0.944793,-0.089632,0.296724,-6.756643,135.169846,12.138852,0.117479,0.964753,-0.17914,0.152836,-1.895144,149.152008,8.977884,-0.040686,0.854432,0.135314,0.499981,-9.735161,129.876892,9.239971,0.300672,-0.629866,0.167055,-0.696389,-18.033167,130.97583,-5.217043,0.20051,-0.029642,-0.346657,-0.915831,-14.318271,115.905739,-24.363008,0.235444,0.149187,-0.555187,-0.78363,4.390395,131.286621,-29.135122,-0.015815,0.963287,0.150031,0.222077,-4.684894,129.547043,15.103373,0.39522,0.877521,0.181986,-0.201591,10.364381,128.942841,22.329998,0.082769,0.296731,0.509484,-0.803446,25.308477,113.655426,10.064404,0.130366,0.075336,0.55647,-0.817111,17.390684,133.649567,-4.515015,-0.037103,0.880476,0.21895,0.418862,-10.665079,85.852509,0.084188,0.097,0.963303,-0.127481,0.215377,-1.691808,53.337894,-12.70276,0.031164,0.966862,-0.003382,0.253369,-13.031268,8.847263,-3.144023,-0.135293,0.854,-0.034762,0.50117,0.490453,85.705742,15.919772,-0.028324,0.806333,-0.230105,0.544129,7.56917,51.040958,22.953316,0.000295,0.817399,-0.026069,0.575482,-2.032483,9.18507,41.801708,0.031164,0.966862,-0.003382,0.253369,-6.306477,2.239627,-15.864833,0.000295,0.817399,-0.026069,0.575482,11.443451,2.273996,37.182297
617,5.141667,-0.011697,0.884103,0.028553,0.466272,-4.986108,85.796478,8.377513,0.000213,0.898108,0.064584,0.435006,-5.361842,93.723442,8.691853,0.005293,0.904383,0.033287,0.425389,-6.423615,112.593285,10.902829,0.107448,0.942338,-0.090582,0.303725,-6.84871,135.218475,12.370261,0.119151,0.963242,-0.182519,0.157018,-1.911434,149.180817,9.239289,-0.044451,0.849605,0.133783,0.50823,-9.759734,129.906372,9.43807,0.299731,-0.626688,0.168434,-0.699323,-17.769175,130.91626,-5.187215,0.201376,-0.028077,-0.345095,-0.91628,-13.880271,115.850639,-24.302122,0.23587,0.150127,-0.555026,-0.783437,4.89573,131.190643,-29.005756,-0.018977,0.961282,0.148071,0.231628,-4.817827,129.612869,15.394995,0.392819,0.880077,0.183321,-0.193784,10.082997,129.076477,22.928102,0.076316,0.303011,0.507472,-0.803015,25.272524,113.786163,10.971492,0.121699,0.082759,0.554983,-0.818739,17.44874,133.74765,-3.675819,-0.0352,0.878493,0.219221,0.423029,-10.457494,85.85405,0.385708,0.098946,0.963201,-0.125198,0.216285,-1.536053,53.338051,-12.433968,0.031496,0.966925,-0.002816,0.253091,-13.014962,8.82909,-3.130378,-0.134281,0.852307,-0.031703,0.504516,0.485277,85.738907,16.36932,-0.026182,0.806001,-0.227786,0.545702,7.588283,51.039791,23.206329,-0.001621,0.816756,-0.023795,0.57649,-2.091413,9.073335,41.766758,0.031496,0.966925,-0.002816,0.253091,-6.29926,2.235379,-15.863214,-0.001621,0.816756,-0.023795,0.57649,11.434924,2.247392,37.168121
618,5.15,-0.012702,0.880939,0.029274,0.472152,-4.881951,85.843887,8.733526,-0.001705,0.894455,0.065086,0.442393,-5.279239,93.769798,9.047887,0.002921,0.900622,0.031789,0.43343,-6.433082,112.63974,11.235051,0.108404,0.939885,-0.092147,0.310442,-6.938686,135.270233,12.590936,0.121266,0.961766,-0.185135,0.161327,-1.928914,149.209015,9.470155,-0.047368,0.845308,0.132413,0.515439,-9.78402,129.937668,9.631543,0.299262,-0.623267,0.169951,-0.702209,-17.537943,130.880188,-5.135253,0.203275,-0.026345,-0.344153,-0.916266,-13.46356,115.803055,-24.202391,0.2384,0.151464,-0.553808,-0.783276,5.354409,131.119156,-28.851852,-0.021752,0.959242,0.14639,0.240732,-4.94879,129.683472,15.677157,0.390314,0.882668,0.183812,-0.186453,9.804574,129.203186,23.498764,0.069736,0.308931,0.505268,-0.802747,25.22822,113.909927,11.849579,0.113104,0.090284,0.555122,-0.819083,17.477863,133.851654,-2.856802,-0.033297,0.876389,0.218986,0.427643,-10.245972,85.894867,0.669222,0.10095,0.963151,-0.122733,0.216992,-1.384457,53.362053,-12.149354,0.031698,0.966951,-0.002744,0.252969,-13.002144,8.833358,-3.116418,-0.133285,0.850665,-0.028927,0.507708,0.48207,85.792908,16.797829,-0.024104,0.805156,-0.225492,0.547993,7.602382,51.062416,23.455191,-0.003268,0.816017,-0.022018,0.5776,-2.16732,8.98863,41.723156,0.031698,0.966951,-0.002744,0.252969,-6.291888,2.240457,-15.852541,-0.003268,0.816017,-0.022018,0.5776,11.403399,2.232094,37.15287
619,5.158333,-0.013937,0.87792,0.029837,0.477673,-4.777652,85.87384,9.102061,-0.003807,0.890912,0.065331,0.449437,-5.198392,93.798706,9.412387,0.001137,0.896945,0.030525,0.441086,-6.446412,112.689377,11.565224,0.1092,0.937553,-0.092909,0.31692,-7.010786,135.323776,12.829717,0.123144,0.960183,-0.188539,0.165339,-1.940911,149.247498,9.738876,-0.050429,0.841007,0.130814,0.522544,-9.796732,129.975861,9.841628,0.29939,-0.619987,0.170871,-0.70483,-17.294277,130.842712,-5.061575,0.204861,-0.024943,-0.343503,-0.916196,-13.034299,115.756104,-24.080601,0.2398,0.152297,-0.553013,-0.783249,5.806768,131.051605,-28.686249,-0.025782,0.956992,0.145416,0.24971,-5.065106,129.751495,15.969833,0.388848,0.884491,0.185769,-0.178781,9.534745,129.362625,24.079285,0.064669,0.314414,0.503757,-0.801992,25.152802,114.045944,12.72358,0.105213,0.097352,0.554467,-0.819768,17.505362,133.955734,-2.052037,-0.031518,0.874595,0.218717,0.431571,-10.039468,85.912903,0.970633,0.1029,0.963102,-0.120145,0.217742,-1.240849,53.363262,-11.848565,0.03193,0.967008,-0.001979,0.252728,-12.989956,8.812881,-3.096887,-0.132369,0.848788,-0.026289,0.51122,0.484163,85.834785,17.23349,-0.022443,0.804353,-0.222319,0.550533,7.620327,51.076233,23.72538,-0.005224,0.815095,-0.019469,0.578976,-2.166432,8.861917,41.656929,0.03193,0.967008,-0.001979,0.252728,-6.285766,2.240121,-15.846613,-0.005224,0.815095,-0.019469,0.578976,11.460527,2.198251,37.117729
620,5.166667,-0.01554,0.87483,0.030727,0.483205,-4.663468,85.913033,9.47415,-0.005859,0.887285,0.065434,0.456518,-5.115255,93.836281,9.781848,-0.000862,0.893148,0.02929,0.448807,-6.452645,112.741089,11.894123,0.110286,0.934994,-0.093889,0.323739,-7.083747,135.37886,13.063051,0.124637,0.958534,-0.191934,0.169825,-1.942464,149.283051,10.002391,-0.052483,0.837593,0.127295,0.528659,-9.8069,130.014099,10.047421,0.299609,-0.616431,0.171643,-0.707662,-17.082613,130.793777,-4.970098,0.206338,-0.0237,-0.343053,-0.916067,-12.618958,115.702225,-23.938414,0.241008,0.152824,-0.552354,-0.78324,6.244138,130.989075,-28.509022,-0.028067,0.954831,0.143654,0.258597,-5.181696,129.822388,16.257433,0.386423,0.886669,0.186691,-0.172168,9.263105,129.476593,24.641823,0.058983,0.319333,0.501778,-0.801727,25.088226,114.171425,13.560617,0.098697,0.104353,0.553833,-0.820145,17.501745,134.063385,-1.255918,-0.029224,0.872609,0.218191,0.435995,-9.821391,85.937286,1.276373,0.104376,0.963175,-0.117488,0.218166,-1.118461,53.361027,-11.540512,0.032555,0.967259,-0.000626,0.251695,-12.95197,8.780109,-3.062373,-0.131077,0.846231,-0.023569,0.515903,0.494454,85.888779,17.671925,-0.021018,0.802277,-0.220038,0.554521,7.619609,51.095879,23.989519,-0.007255,0.81456,-0.017283,0.579777,-2.243254,8.781138,41.640453,0.032555,0.967259,-0.000626,0.251695,-6.277124,2.24223,-15.845381,-0.007255,0.81456,-0.017283,0.579777,11.430886,2.203162,37.118198
621,5.175,-0.016945,0.871715,0.03119,0.488725,-4.558597,85.935005,9.854915,-0.007774,0.883775,0.065119,0.463294,-5.035347,93.857079,10.15524,-0.002706,0.889474,0.028466,0.456091,-6.450906,112.803421,12.217267,0.111409,0.932472,-0.095406,0.330123,-7.148908,135.443054,13.30963,0.126163,0.956912,-0.195146,0.174129,-1.932662,149.322418,10.263186,-0.055515,0.832922,0.125444,0.536118,-9.810841,130.063766,10.265369,0.299791,-0.613833,0.172698,-0.709584,-16.810236,130.765823,-4.88671,0.207367,-0.022276,-0.342354,-0.916131,-12.206951,115.653976,-23.805431,0.241452,0.153434,-0.552214,-0.783083,6.68533,130.925522,-28.322489,-0.030959,0.952607,0.142142,0.267163,-5.287845,129.899933,16.551003,0.384941,0.88825,0.188289,-0.165465,9.000784,129.616516,25.20113,0.055036,0.323552,0.500541,-0.801089,24.993811,114.297462,14.383297,0.093735,0.109724,0.552407,-0.820988,17.489025,134.160645,-0.481208,-0.027176,0.870483,0.218403,0.440251,-9.611707,85.94416,1.592088,0.106306,0.962916,-0.115173,0.219608,-0.968118,53.366257,-11.260712,0.032375,0.967287,-0.000409,0.251609,-12.941666,8.772969,-3.048395,-0.130197,0.843841,-0.019992,0.520175,0.494513,85.925858,18.117743,-0.01874,0.801691,-0.217523,0.556439,7.670505,51.105137,24.220884,-0.009086,0.813318,-0.015504,0.581542,-2.273106,8.678654,41.555458,0.032375,0.967287,-0.000409,0.251609,-6.265945,2.242433,-15.834698,-0.009086,0.813318,-0.015504,0.581542,11.453556,2.174288,37.086159
622,5.183333,-0.017628,0.868686,0.031251,0.494063,-4.485382,85.975288,10.232086,-0.00933,0.880228,0.065057,0.469978,-4.973874,93.896927,10.52495,-0.004388,0.885755,0.027387,0.463324,-6.457755,112.861908,12.54818,0.11196,0.929933,-0.097436,0.336446,-7.209517,135.503738,13.556181,0.127793,0.955224,-0.19817,0.178732,-1.929311,149.357819,10.504869,-0.058571,0.828688,0.123674,0.542725,-9.812729,130.110397,10.486097,0.300072,-0.610792,0.173957,-0.711778,-16.562346,130.731293,-4.782405,0.208211,-0.021345,-0.342043,-0.916078,-11.796997,115.593063,-23.639805,0.241671,0.153673,-0.551819,-0.783247,7.110465,130.860504,-28.126371,-0.033472,0.950446,0.141039,0.275027,-5.392932,129.97403,16.845367,0.382876,0.890209,0.188419,-0.159474,8.747843,129.740952,25.736603,0.051434,0.326867,0.499019,-0.800932,24.91502,114.420769,15.182437,0.090277,0.113961,0.553443,-0.8201,17.444117,134.265656,0.282435,-0.025119,0.868294,0.217886,0.444928,-9.436425,85.97773,1.907695,0.107967,0.96304,-0.112145,0.21982,-0.868909,53.375774,-10.935049,0.032762,0.967243,0.000449,0.251728,-12.933618,8.751321,-3.031229,-0.129292,0.840867,-0.016466,0.525314,0.465662,85.972847,18.556479,-0.017329,0.800634,-0.215263,0.558881,7.685056,51.125908,24.455427,-0.009911,0.812959,-0.013759,0.582074,-2.297697,8.602917,41.529076,0.032762,0.967243,0.000449,0.251728,-6.25606,2.242284,-15.827534,-0.009911,0.812959,-0.013759,0.582074,11.456432,2.1536,37.064442
623,5.191667,-0.018788,0.865687,0.031897,0.499215,-4.391453,86.000847,10.608397,-0.011923,0.876869,0.065362,0.476116,-4.902733,93.921165,10.898015,-0.005207,0.882359,0.025555,0.469854,-6.494305,112.895203,12.875009,0.112026,0.927547,-0.098324,0.342695,-7.247241,135.541077,13.786735,0.129235,0.953371,-0.201494,0.183802,-1.92688,149.384399,10.756466,-0.05994,0.825358,0.120957,0.548234,-9.808057,130.137634,10.698797,0.301036,-0.607455,0.174544,-0.71408,-16.35144,130.700317,-4.661459,0.210122,-0.020158,-0.341656,-0.915813,-11.395756,115.542198,-23.453712,0.242676,0.154091,-0.552106,-0.782651,7.530276,130.800385,-27.915297,-0.036414,0.94803,0.139374,0.283705,-5.482783,130.022797,17.123154,0.381259,0.891676,0.189511,-0.153757,8.489121,129.855103,26.2789,0.048311,0.330176,0.498058,-0.800367,24.805481,114.53347,15.958999,0.087538,0.117684,0.552153,-0.82074,17.402126,134.356339,1.023634,-0.022527,0.86562,0.21771,0.450329,-9.242545,85.994232,2.225368,0.109561,0.962976,-0.109488,0.22065,-0.762554,53.377842,-10.6388,0.033008,0.967252,0.001128,0.251661,-12.924293,8.730665,-3.017047,-0.128805,0.838985,-0.013703,0.528514,0.45964,86.007462,18.991426,-0.015364,0.799886,-0.213008,0.560869,7.733484,51.145435,24.732143,-0.009913,0.812774,-0.011639,0.582379,-2.319455,8.525837,41.521351,0.033008,0.967252,0.001128,0.251661,-6.248723,2.239182,-15.823301,-0.009913,0.812774,-0.011639,0.582379,11.453624,2.126097,37.043816
624,5.2,-0.020635,0.862619,0.032514,0.504386,-4.276832,86.025558,10.984988,-0.013535,0.873289,0.065724,0.482559,-4.820071,93.944092,11.265171,-0.00706,0.878601,0.024505,0.476874,-6.490189,112.954315,13.21666,0.112763,0.925011,-0.099527,0.348905,-7.301515,135.601532,14.040438,0.130934,0.951558,-0.205147,0.187907,-1.920212,149.42572,11.030434,-0.062332,0.821418,0.118888,0.554304,-9.802033,130.182816,10.929962,0.301463,-0.6046,0.175633,-0.716054,-16.112043,130.67395,-4.53007,0.211518,-0.01914,-0.341318,-0.91564,-11.004557,115.490051,-23.260784,0.24378,0.154349,-0.552027,-0.782313,7.935915,130.740112,-27.696375,-0.038729,0.945817,0.137837,0.291431,-5.580073,130.097885,17.423141,0.380126,0.892505,0.192833,-0.147492,8.237564,129.97963,26.810846,0.046606,0.332496,0.497591,-0.799798,24.689468,114.657867,16.708616,0.084944,0.120702,0.551213,-0.821206,17.349499,134.449158,1.747954,-0.01998,0.86332,0.217505,0.45494,-9.025979,85.998428,2.543827,0.111598,0.962871,-0.106904,0.221353,-0.642667,53.367794,-10.347559,0.033392,0.967052,0.001878,0.252374,-12.94086,8.710426,-3.009748,-0.12765,0.836279,-0.011015,0.533124,0.472316,86.052689,19.426149,-0.013452,0.800407,-0.210769,0.561021,7.750241,51.164509,25.00042,-0.011448,0.812796,-0.010204,0.582346,-2.330662,8.450731,41.531548,0.033392,0.967052,0.001878,0.252374,-6.248207,2.236859,-15.816159,-0.011448,0.812796,-0.010204,0.582346,11.4683,2.110849,37.04855
625,5.208333,-0.021474,0.85956,0.032582,0.509542,-4.207419,86.068565,11.3812,-0.015245,0.869819,0.065161,0.488812,-4.764325,93.986465,11.652246,-0.008299,0.874964,0.023472,0.483547,-6.495307,113.001923,13.541306,0.113376,0.922303,-0.101544,0.355236,-7.339387,135.650528,14.290753,0.132054,0.949644,-0.208502,0.193043,-1.892,149.448608,11.279799,-0.0643,0.817699,0.117474,0.559852,-9.787263,130.221039,11.157271,0.302923,-0.601763,0.176212,-0.717682,-15.882422,130.661713,-4.390228,0.213935,-0.017908,-0.340774,-0.915305,-10.616323,115.442047,-23.047829,0.245064,0.154775,-0.552663,-0.781378,8.349365,130.676376,-27.463522,-0.041298,0.943561,0.136378,0.298979,-5.66488,130.157684,17.714361,0.377551,0.895525,0.186043,-0.144491,7.996974,130.097321,27.327892,0.040498,0.338048,0.49481,-0.799529,24.588245,114.75576,17.487038,0.081227,0.1239,0.549611,-0.822179,17.28941,134.54213,2.446447,-0.017647,0.860735,0.21744,0.459939,-8.854616,86.0326,2.88352,0.113309,0.962925,-0.103917,0.221668,-0.543645,53.393585,-10.033452,0.032556,0.966988,0.001579,0.252727,-12.938014,8.713248,-3.003812,-0.126707,0.83332,-0.007539,0.538021,0.439777,86.10453,19.87888,-0.012031,0.800132,-0.208652,0.562235,7.76473,51.194382,25.250328,-0.012131,0.812858,-0.008883,0.582268,-2.33558,8.393952,41.543751,0.032556,0.966988,0.001579,0.252727,-6.226946,2.23636,-15.798897,-0.012131,0.812858,-0.008883,0.582268,11.479013,2.096673,37.04887
626,5.216667,-0.023418,0.8563,0.033089,0.514886,-4.097591,86.093155,11.771618,-0.017605,0.866358,0.065495,0.494798,-4.686731,94.009132,12.030161,-0.009367,0.871472,0.022305,0.489849,-6.518425,113.050674,13.876332,0.114334,0.919554,-0.103599,0.361409,-7.384166,135.700851,14.549832,0.13297,0.947754,-0.211676,0.198176,-1.861627,149.469406,11.540696,-0.065707,0.813915,0.114458,0.565795,-9.783817,130.261307,11.396521,0.303818,-0.59896,0.177206,-0.719403,-15.649364,130.638199,-4.240721,0.216001,-0.01656,-0.340666,-0.914886,-10.234633,115.383789,-22.827282,0.247168,0.155158,-0.552675,-0.780631,8.737896,130.6194,-27.215433,-0.043251,0.941386,0.135131,0.306041,-5.756743,130.218506,18.012741,0.376582,0.895747,0.191761,-0.138026,7.756852,130.197144,27.833757,0.038899,0.340067,0.494431,-0.798986,24.47418,114.873871,18.179508,0.076949,0.127151,0.547465,-0.823525,17.236687,134.627731,3.12708,-0.014912,0.858683,0.217059,0.464033,-8.637055,86.034737,3.216024,0.114566,0.962884,-0.101337,0.222394,-0.446602,53.377365,-9.731507,0.033679,0.96714,0.003369,0.251981,-12.907344,8.674234,-2.969184,-0.125653,0.830914,-0.004854,0.542005,0.441873,86.151566,20.327211,-0.010584,0.799757,-0.206412,0.563623,7.784475,51.219822,25.531622,-0.012832,0.81309,-0.007149,0.581953,-2.333591,8.329126,41.574776,0.033679,0.96714,0.003369,0.251981,-6.222417,2.241194,-15.800026,-0.012832,0.81309,-0.007149,0.581953,11.496972,2.084374,37.055771
627,5.225,-0.024114,0.853358,0.033203,0.519708,-4.037159,86.125824,12.157551,-0.019058,0.862971,0.064921,0.500703,-4.638123,94.041161,12.408545,-0.010339,0.867908,0.021388,0.496157,-6.520874,113.097168,14.196481,0.114225,0.917006,-0.105043,0.36745,-7.409116,135.748291,14.805696,0.134586,0.945636,-0.215264,0.203274,-1.846323,149.501938,11.802501,-0.067493,0.810454,0.112589,0.570906,-9.759567,130.300171,11.630217,0.303858,-0.596229,0.178786,-0.721261,-15.423067,130.620163,-4.082591,0.217922,-0.015101,-0.340282,-0.914598,-9.875187,115.333107,-22.602922,0.249979,0.155632,-0.552616,-0.779683,9.117017,130.564301,-26.95409,-0.04566,0.939125,0.133484,0.313274,-5.829144,130.274796,18.304396,0.375775,0.89628,0.19456,-0.132744,7.527628,130.310318,28.33761,0.036324,0.342823,0.493407,-0.798563,24.345377,114.981186,18.868866,0.07213,0.131617,0.545535,-0.82454,17.159058,134.705078,3.7908,-0.012487,0.855807,0.216874,0.469473,-8.479348,86.061462,3.55109,0.115996,0.962703,-0.098466,0.223724,-0.362852,53.393494,-9.416266,0.033763,0.967096,0.003729,0.252133,-12.903124,8.667466,-2.959208,-0.125092,0.828361,-0.002047,0.546046,0.40503,86.190186,20.764011,-0.008953,0.800011,-0.204221,0.564089,7.800123,51.246895,25.814264,-0.013269,0.813392,-0.005398,0.581539,-2.333137,8.268791,41.612022,0.033763,0.967096,0.003729,0.252133,-6.213717,2.243882,-15.792454,-0.013269,0.813392,-0.005398,0.581539,11.509557,2.072447,37.063622
628,5.233333,-0.025695,0.850194,0.033438,0.524778,-3.946306,86.143837,12.549688,-0.020955,0.859655,0.064781,0.506318,-4.57204,94.057671,12.787071,-0.011436,0.864531,0.020325,0.502038,-6.52965,113.143028,14.523928,0.114597,0.914362,-0.106374,0.373489,-7.440828,135.795074,15.060486,0.135942,0.943441,-0.218997,0.208515,-1.826026,149.530869,12.072392,-0.069241,0.807034,0.110609,0.575906,-9.744242,130.336914,11.867832,0.305204,-0.593489,0.179581,-0.722753,-15.208159,130.598206,-3.916567,0.220589,-0.013552,-0.340227,-0.914003,-9.513627,115.271317,-22.359312,0.252696,0.156116,-0.552895,-0.778511,9.484681,130.506577,-26.684765,-0.048038,0.936923,0.132355,0.319921,-5.905135,130.332001,18.594997,0.375094,0.896956,0.195876,-0.12809,7.303586,130.421036,28.822004,0.03371,0.345732,0.492391,-0.79805,24.206383,115.073181,19.536819,0.067544,0.135384,0.544378,-0.825083,17.076101,134.771591,4.425269,-0.009836,0.853196,0.216891,0.474255,-8.284387,86.06057,3.890448,0.117942,0.962487,-0.095849,0.224771,-0.25797,53.388874,-9.123496,0.033921,0.966865,0.004248,0.252988,-12.926033,8.657843,-2.957128,-0.124479,0.826149,0.000665,0.549529,0.391776,86.227097,21.208927,-0.006692,0.800913,-0.202167,0.56358,7.837379,51.272499,26.104359,-0.012828,0.813705,-0.003548,0.581125,-2.346611,8.212796,41.645199,0.033921,0.966865,0.004248,0.252988,-6.213912,2.246997,-15.784882,-0.012828,0.813705,-0.003548,0.581125,11.499934,2.052199,37.060116
629,5.241667,-0.026762,0.847288,0.0331,0.529426,-3.886986,86.165298,12.947411,-0.022484,0.856423,0.064247,0.511768,-4.525516,94.078598,13.167826,-0.01233,0.861163,0.01931,0.507813,-6.53542,113.177368,14.845625,0.114992,0.911699,-0.108127,0.379329,-7.461733,135.830276,15.315817,0.137198,0.941321,-0.222315,0.213699,-1.790829,149.543793,12.331329,-0.070453,0.803555,0.109028,0.580904,-9.720143,130.363647,12.10557,0.305867,-0.590997,0.181,-0.724159,-14.985243,130.588226,-3.746819,0.222837,-0.012035,-0.339983,-0.91357,-9.170473,115.216385,-22.114483,0.255446,0.156716,-0.553006,-0.777414,9.837618,130.448288,-26.406149,-0.050008,0.934664,0.130645,0.326854,-5.971698,130.376236,18.883661,0.37432,0.897657,0.196887,-0.123825,7.080743,130.511169,29.308895,0.031721,0.348425,0.491508,-0.797504,24.065104,115.149597,20.196835,0.064097,0.138307,0.543512,-0.825444,16.989082,134.821838,5.041517,-0.007396,0.850345,0.217231,0.479239,-8.129076,86.065506,4.240917,0.119488,0.962013,-0.093281,0.227052,-0.164685,53.401409,-8.830086,0.033477,0.966773,0.00406,0.253403,-12.932817,8.659259,-2.957803,-0.12417,0.824513,0.003122,0.552042,0.355103,86.265091,21.653904,-0.004484,0.801765,-0.19988,0.563206,7.865659,51.305634,26.413542,-0.012951,0.814057,-0.001964,0.580638,-2.355964,8.157364,41.681637,0.033477,0.966773,0.00406,0.253403,-6.205109,2.245571,-15.775965,-0.012951,0.814057,-0.001964,0.580638,11.497309,2.035995,37.064449
630,5.25,-0.027754,0.844165,0.033058,0.534342,-3.817185,86.188835,13.330476,-0.024084,0.853176,0.064076,0.517112,-4.469924,94.101318,13.538185,-0.013049,0.857876,0.018335,0.513363,-6.541097,113.212906,15.167043,0.115051,0.909127,-0.109591,0.385022,-7.475703,135.866653,15.576609,0.138715,0.939064,-0.225844,0.218887,-1.761055,149.563477,12.598938,-0.072612,0.799653,0.107948,0.5862,-9.691806,130.392868,12.34912,0.305312,-0.588863,0.183435,-0.725518,-14.740091,130.567093,-3.574271,0.224,-0.010645,-0.339865,-0.913347,-8.844909,115.144348,-21.87351,0.258022,0.157297,-0.553128,-0.776358,10.175893,130.387558,-26.122099,-0.052204,0.932367,0.128973,0.333666,-6.031443,130.420456,19.175138,0.374049,0.89821,0.197162,-0.120139,6.863174,130.608856,29.794144,0.029744,0.351301,0.490842,-0.796729,23.901875,115.214958,20.839451,0.061286,0.14167,0.541814,-0.826203,16.898294,134.864609,5.636116,-0.004882,0.847779,0.216652,0.484054,-7.956912,86.077164,4.574991,0.120847,0.961708,-0.090384,0.22879,-0.092359,53.392719,-8.505588,0.034642,0.966602,0.005361,0.253875,-12.932758,8.631316,-2.945921,-0.12386,0.822551,0.005527,0.555011,0.322543,86.300507,22.085962,-0.002416,0.80212,-0.197608,0.563514,7.894047,51.33699,26.717476,-0.014172,0.814491,-0.001402,0.580001,-2.368735,8.102685,41.712128,0.034642,0.966602,0.005361,0.253875,-6.201524,2.246249,-15.776517,-0.014172,0.814491,-0.001402,0.580001,11.493358,2.015335,37.076469
631,5.258333,-0.028647,0.841311,0.032949,0.538785,-3.752224,86.210075,13.717306,-0.025663,0.850141,0.06395,0.522027,-4.417033,94.121872,13.912451,-0.01385,0.854785,0.017052,0.518517,-6.547286,113.235542,15.493669,0.114845,0.906688,-0.110379,0.390568,-7.485221,135.890366,15.829047,0.140403,0.936668,-0.229749,0.223955,-1.741542,149.579514,12.872023,-0.07362,0.796616,0.106367,0.590482,-9.662548,130.407715,12.590226,0.306682,-0.586682,0.184084,-0.726543,-14.537546,130.546753,-3.387413,0.226279,-0.009079,-0.33974,-0.912849,-8.527721,115.084717,-21.61606,0.26011,0.157776,-0.553303,-0.775439,10.496229,130.328171,-25.830006,-0.05407,0.930137,0.127639,0.340043,-6.084909,130.454132,19.45986,0.373295,0.898978,0.197204,-0.116616,6.659527,130.684326,30.257833,0.028305,0.353191,0.490145,-0.796374,23.767094,115.275642,21.461267,0.060295,0.144134,0.541311,-0.826179,16.798326,134.907227,6.227068,-0.002872,0.845344,0.216393,0.488426,-7.798625,86.08709,4.918452,0.122301,0.961159,-0.087623,0.231381,0.001693,53.393436,-8.177571,0.033939,0.966621,0.005468,0.253895,-12.925571,8.619073,-2.932396,-0.123677,0.820513,0.007894,0.558032,0.294178,86.333054,22.516159,-0.000143,0.802423,-0.195191,0.56393,7.933174,51.368576,27.028027,-0.014851,0.814534,-2.3e-05,0.579926,-2.380455,8.04469,41.726295,0.033939,0.966621,0.005468,0.253895,-6.184735,2.2416,-15.761725,-0.014851,0.814534,-2.3e-05,0.579926,11.497052,2.001613,37.07885
632,5.266667,-0.029603,0.838621,0.033079,0.542903,-3.691668,86.231522,14.100196,-0.026725,0.847122,0.063644,0.526896,-4.371266,94.142303,14.285546,-0.014705,0.85162,0.016118,0.523705,-6.539504,113.259148,15.823185,0.114706,0.904119,-0.112137,0.396026,-7.490295,135.914276,16.096436,0.141844,0.934369,-0.233,0.229227,-1.705745,149.585373,13.135526,-0.074711,0.793563,0.104363,0.594798,-9.625789,130.423492,12.843548,0.307072,-0.584906,0.185037,-0.727567,-14.324483,130.516602,-3.18716,0.227704,-0.007485,-0.339713,-0.912518,-8.22943,115.02668,-21.363762,0.262188,0.158251,-0.553357,-0.774603,10.795087,130.279358,-25.528885,-0.056449,0.927995,0.126543,0.345868,-6.132286,130.48674,19.756216,0.373208,0.899353,0.19778,-0.112976,6.469882,130.774628,30.718534,0.027288,0.354992,0.48988,-0.795772,23.621861,115.330734,22.071463,0.059633,0.147088,0.540099,-0.8265,16.7069,134.948303,6.803435,-0.000803,0.842254,0.216368,0.493754,-7.6507,86.098495,5.261829,0.123887,0.960686,-0.084964,0.233487,0.105518,53.403507,-7.857037,0.035314,0.966497,0.006041,0.254165,-12.918344,8.622736,-2.914294,-0.123417,0.818357,0.010094,0.561212,0.267365,86.364548,22.93856,0.001707,0.80206,-0.192659,0.565314,7.962636,51.398277,27.339565,-0.015293,0.814565,0.001653,0.579869,-2.381225,7.982528,41.742577,0.035314,0.966497,0.006041,0.254165,-6.184872,2.252198,-15.750937,-0.015293,0.814565,0.001653,0.579869,11.511479,1.986739,37.079304
633,5.275,-0.03051,0.83599,0.032884,0.546909,-3.629529,86.24678,14.486808,-0.02817,0.844172,0.063285,0.531579,-4.320346,94.156898,14.658422,-0.015296,0.848555,0.01522,0.528666,-6.538443,113.287064,16.143782,0.114743,0.901641,-0.113522,0.401237,-7.492047,135.942657,16.362755,0.14333,0.932077,-0.236423,0.234081,-1.667046,149.597977,13.408369,-0.076233,0.790572,0.103006,0.598811,-9.589395,130.445694,13.095551,0.306968,-0.582945,0.186695,-0.72876,-14.120373,130.492935,-2.983563,0.228355,-0.006534,-0.339425,-0.912471,-7.942839,114.965233,-21.099989,0.262705,0.15856,-0.554453,-0.773581,11.098112,130.219452,-25.231194,-0.058404,0.925915,0.125357,0.351507,-6.177048,130.522125,20.048506,0.373292,0.899609,0.198463,-0.109408,6.286245,130.856659,31.167158,0.026512,0.356716,0.489867,-0.795036,23.474241,115.37323,22.663479,0.059287,0.149717,0.538901,-0.826834,16.623306,134.979492,7.360947,0.000981,0.84011,0.215904,0.497594,-7.502945,86.101067,5.610785,0.125323,0.960135,-0.08206,0.236012,0.188293,53.391636,-7.510343,0.034473,0.966511,0.006668,0.254213,-12.914276,8.598924,-2.894591,-0.123155,0.816036,0.012314,0.564594,0.243887,86.392487,23.362831,0.003992,0.80198,-0.190331,0.566204,7.995969,51.425148,27.654257,-0.015944,0.814565,0.003297,0.579844,-2.412189,7.927001,41.759262,0.034473,0.966511,0.006668,0.254213,-6.166631,2.251528,-15.735253,-0.015944,0.814565,0.003297,0.579844,11.497821,1.98144,37.083286
634,5.283333,-0.030827,0.833617,0.032643,0.550515,-3.593897,86.261238,14.863909,-0.029068,0.841451,0.062965,0.535865,-4.287535,94.171295,15.026583,-0.016165,0.845686,0.014259,0.533245,-6.537252,113.314056,16.472595,0.115307,0.898949,-0.115538,0.406505,-7.502112,135.969696,16.628569,0.144405,0.929727,-0.239658,0.239412,-1.615573,149.59819,13.672262,-0.077508,0.787604,0.101518,0.602799,-9.561689,130.464279,13.351563,0.307474,-0.581281,0.187781,-0.729596,-13.925989,130.469254,-2.773664,0.229127,-0.005518,-0.339284,-0.912336,-7.672991,114.905487,-20.833164,0.263162,0.158746,-0.55443,-0.773403,11.374916,130.163651,-24.930174,-0.060105,0.923941,0.123949,0.356871,-6.225079,130.558258,20.340965,0.373428,0.899925,0.198652,-0.105946,6.104523,130.935806,31.606329,0.025368,0.35898,0.489835,-0.794073,23.324276,115.407646,23.249725,0.05865,0.15217,0.536811,-0.827791,16.556566,135.002823,7.903902,0.002727,0.837168,0.215739,0.502593,-7.390266,86.111549,5.954726,0.126674,0.959716,-0.079168,0.237974,0.267655,53.397442,-7.174225,0.034679,0.966513,0.007115,0.254163,-12.902156,8.592924,-2.875288,-0.123201,0.8138,0.014314,0.567755,0.202472,86.410919,23.77309,0.005905,0.80169,-0.187628,0.567498,8.022122,51.44825,27.979105,-0.016567,0.814585,0.005139,0.579785,-2.409037,7.856053,41.773327,0.034679,0.966513,0.007115,0.254163,-6.156494,2.256866,-15.722592,-0.016567,0.814585,0.005139,0.579785,11.5188,1.965021,37.081432
635,5.291667,-0.031466,0.83136,0.032509,0.55389,-3.547699,86.27623,15.242071,-0.030055,0.838857,0.062483,0.539918,-4.249235,94.185799,15.394528,-0.016985,0.842938,0.013379,0.537576,-6.528205,113.331665,16.793705,0.115667,0.89644,-0.11703,0.411486,-7.503733,135.987167,16.891058,0.145652,0.927357,-0.243123,0.244305,-1.567978,149.595901,13.942135,-0.078404,0.78469,0.100036,0.606719,-9.527204,130.473877,13.60483,0.307332,-0.579863,0.189218,-0.730412,-13.728446,130.446167,-2.563618,0.229634,-0.004172,-0.33906,-0.912299,-7.421018,114.84864,-20.574989,0.264051,0.158923,-0.554863,-0.772753,11.636454,130.112411,-24.617462,-0.06152,0.921895,0.122375,0.362422,-6.262861,130.584259,20.628035,0.373647,0.900053,0.199326,-0.102771,5.927572,130.997314,32.042618,0.024652,0.36065,0.490185,-0.793122,23.171934,115.429428,23.811649,0.058755,0.154418,0.535712,-0.82808,16.484766,135.023788,8.43454,0.00394,0.834849,0.215384,0.506578,-7.271099,86.118301,6.302292,0.128274,0.959227,-0.076114,0.240075,0.363237,53.393745,-6.814355,0.03518,0.966519,0.007577,0.254061,-12.891531,8.583013,-2.854757,-0.122886,0.811743,0.01624,0.570709,0.175701,86.434158,24.181852,0.00795,0.801856,-0.185252,0.568019,8.040959,51.470123,28.290426,-0.016221,0.814609,0.007193,0.579739,-2.42669,7.797485,41.79961,0.03518,0.966519,0.007577,0.254061,-6.15275,2.256858,-15.710546,-0.016221,0.814609,0.007193,0.579739,11.510997,1.94938,37.083328
636,5.3,-0.032264,0.829313,0.032383,0.556912,-3.502113,86.283585,15.624378,-0.031212,0.836414,0.06229,0.543652,-4.213585,94.192474,15.765556,-0.017577,0.840351,0.012171,0.541621,-6.533654,113.349342,17.124804,0.115912,0.894016,-0.118788,0.41616,-7.502547,136.005325,17.156918,0.147096,0.92502,-0.246256,0.249118,-1.518789,149.592407,14.205191,-0.079563,0.78183,0.099025,0.610415,-9.496014,130.484558,13.864888,0.307652,-0.57867,0.190098,-0.730995,-13.540849,130.425812,-2.343312,0.230568,-0.002724,-0.338725,-0.912193,-7.181716,114.800095,-20.312023,0.265142,0.159186,-0.555047,-0.772193,11.885778,130.06192,-24.300606,-0.062727,0.919989,0.120657,0.367596,-6.299624,130.611252,20.919004,0.373757,0.900138,0.20033,-0.099622,5.759619,131.057449,32.470863,0.024713,0.361903,0.490464,-0.792377,23.03134,115.457085,24.359612,0.058715,0.156003,0.536058,-0.827561,16.406349,135.037155,8.946493,0.005204,0.83273,0.215037,0.510188,-7.15951,86.114632,6.657594,0.129895,0.959066,-0.072794,0.240875,0.442848,53.380131,-6.452812,0.034441,0.966451,0.007892,0.254411,-12.886542,8.56229,-2.839275,-0.122307,0.809774,0.018006,0.573571,0.155285,86.45253,24.591164,0.009728,0.801746,-0.182761,0.568952,8.045702,51.482628,28.600296,-0.015459,0.81454,0.010306,0.57981,-2.438833,7.726967,41.824741,0.034441,0.966451,0.007892,0.254411,-6.128203,2.249481,-15.691357,-0.015459,0.81454,0.010306,0.57981,11.513036,1.940119,37.074959
637,5.308333,-0.032129,0.827384,0.031785,0.559816,-3.493442,86.299706,16.000328,-0.031513,0.834072,0.061913,0.547263,-4.198331,94.209343,16.132362,-0.018414,0.837813,0.010854,0.545538,-6.525465,113.362885,17.462786,0.115709,0.891816,-0.11987,0.420603,-7.493705,136.01889,17.419636,0.149086,0.922619,-0.249606,0.253466,-1.482141,149.595245,14.475102,-0.080055,0.779599,0.097646,0.613419,-9.456367,130.488556,14.125154,0.307603,-0.577352,0.1911,-0.731796,-13.375733,130.404587,-2.11373,0.231381,-0.001366,-0.338278,-0.912156,-6.960357,114.756607,-20.043026,0.266317,0.15961,-0.554905,-0.771803,12.121848,130.01265,-23.97871,-0.064792,0.918045,0.119383,0.372481,-6.326409,130.635803,21.208595,0.374712,0.899905,0.201036,-0.096682,5.603223,131.137436,32.892006,0.024552,0.363443,0.491277,-0.791172,22.868153,115.473351,24.889845,0.058618,0.157856,0.535435,-0.82762,16.342564,135.05513,9.441027,0.006042,0.830451,0.21468,0.51403,-7.088184,86.129448,7.008268,0.131222,0.958827,-0.069371,0.242114,0.511168,53.384567,-6.077932,0.036089,0.966472,0.008813,0.25407,-12.865378,8.553579,-2.819063,-0.122098,0.807675,0.020058,0.576499,0.1013,86.469963,24.992388,0.011405,0.801575,-0.180394,0.569918,8.050134,51.502003,28.901852,-0.015919,0.814677,0.011934,0.579574,-2.450311,7.669029,41.854847,0.036089,0.966472,0.008813,0.25407,-6.132268,2.256475,-15.692075,-0.015919,0.814677,0.011934,0.579574,11.51398,1.929045,37.084751
638,5.316667,-0.033458,0.825527,0.031722,0.562477,-3.438402,86.30352,16.384792,-0.032813,0.832028,0.06132,0.550356,-4.160542,94.211838,16.501827,-0.018749,0.835679,0.009943,0.548808,-6.522925,113.373878,17.777399,0.115926,0.889572,-0.121574,0.424786,-7.481007,136.030167,17.687578,0.150578,0.920207,-0.25269,0.258251,-1.424762,149.585602,14.738205,-0.080938,0.777267,0.096564,0.616425,-9.420141,130.49498,14.387333,0.307169,-0.576323,0.19228,-0.73248,-13.211218,130.381851,-1.881804,0.231835,-0.000116,-0.337716,-0.91225,-6.759591,114.712738,-19.779613,0.267182,0.160516,-0.554209,-0.771816,12.344616,129.961807,-23.660656,-0.065846,0.916096,0.117643,0.377615,-6.345811,130.653152,21.494864,0.374753,0.900002,0.201697,-0.09421,5.450573,131.184311,33.311508,0.024275,0.364854,0.491594,-0.790334,22.737247,115.495171,25.405935,0.05862,0.159533,0.535611,-0.827184,16.280544,135.072739,9.921413,0.007629,0.828181,0.214676,0.517661,-6.973613,86.11412,7.369543,0.132608,0.958353,-0.066501,0.244034,0.588017,53.370667,-5.742064,0.036423,0.96644,0.00954,0.254118,-12.85404,8.537394,-2.799649,-0.121206,0.805718,0.02176,0.579357,0.096808,86.49292,25.400043,0.013178,0.801697,-0.177934,0.570481,8.051864,51.514446,29.201281,-0.016536,0.814679,0.01375,0.579514,-2.46002,7.602901,41.875893,0.036423,0.96644,0.00954,0.254118,-6.120669,2.258641,-15.681484,-0.016536,0.814679,0.01375,0.579514,11.521359,1.917088,37.090988
639,5.325,-0.03448,0.823622,0.031347,0.565221,-3.393069,86.30941,16.768751,-0.033805,0.829926,0.061076,0.553488,-4.125581,94.217003,16.869284,-0.01924,0.833482,0.008814,0.552141,-6.520101,113.383698,18.10722,0.116364,0.88729,-0.123565,0.428845,-7.468096,136.0401,17.958605,0.151901,0.917924,-0.255665,0.262636,-1.358581,149.569519,14.999592,-0.0812,0.775233,0.09508,0.619177,-9.382938,130.49823,14.655383,0.30722,-0.575468,0.192982,-0.732946,-13.05902,130.362015,-1.639946,0.232685,0.00141,-0.337489,-0.912117,-6.572208,114.674637,-19.50902,0.268752,0.161279,-0.553319,-0.771751,12.536324,129.92627,-23.332163,-0.067942,0.914265,0.116293,0.382072,-6.365734,130.671265,21.787006,0.375425,0.899858,0.2023,-0.091581,5.308155,131.262131,33.721874,0.024816,0.36595,0.492283,-0.789381,22.594049,115.522423,25.915766,0.059059,0.160889,0.53654,-0.826288,16.215685,135.085907,10.39504,0.008815,0.82627,0.214679,0.520684,-6.866984,86.102524,7.730088,0.13417,0.958079,-0.06346,0.245062,0.671908,53.36058,-5.39837,0.036282,0.966435,0.010052,0.254138,-12.843657,8.529338,-2.779627,-0.120397,0.803978,0.023499,0.58187,0.080846,86.516296,25.807413,0.0149,0.801842,-0.175552,0.570972,8.050704,51.529408,29.498562,-0.017178,0.814756,0.015187,0.57935,-2.471504,7.543424,41.903622,0.036282,0.966435,0.010052,0.254138,-6.105909,2.265991,-15.666671,-0.017178,0.814756,0.015187,0.57935,11.523393,1.903186,37.104313
640,5.333333,-0.035224,0.822039,0.031025,0.567493,-3.36689,86.317085,17.154793,-0.034788,0.828003,0.060507,0.556363,-4.106481,94.224174,17.24238,-0.01948,0.831418,0.007687,0.555252,-6.525515,113.398788,18.43305,0.116715,0.885089,-0.125331,0.432766,-7.453635,136.055618,18.232368,0.153274,0.91558,-0.258724,0.266988,-1.296152,149.561996,15.267647,-0.081884,0.773288,0.093507,0.621754,-9.34819,130.508743,14.925851,0.306721,-0.57454,0.193866,-0.73365,-12.913692,130.335632,-1.393679,0.232929,0.002376,-0.336777,-0.912316,-6.391084,114.637802,-19.24052,0.268851,0.162558,-0.552856,-0.77178,12.74188,129.872452,-23.016008,-0.068542,0.912824,0.114717,0.385868,-6.384505,130.693512,22.079586,0.375634,0.89987,0.202957,-0.089116,5.189248,131.304962,34.110554,0.024729,0.366815,0.49262,-0.788772,22.48937,115.534058,26.399481,0.059121,0.162463,0.537371,-0.825435,16.161438,135.094376,10.858451,0.010335,0.824045,0.214922,0.524071,-6.789937,86.097244,8.09705,0.135337,0.957525,-0.060667,0.247285,0.721674,53.364933,-5.071002,0.037122,0.966341,0.010487,0.254358,-12.84017,8.530662,-2.761461,-0.119483,0.802534,0.025166,0.583977,0.056157,86.536926,26.212534,0.016529,0.802374,-0.172951,0.570974,8.034362,51.540066,29.789431,-0.019048,0.815085,0.016692,0.578788,-2.471895,7.473856,41.920269,0.037122,0.966341,0.010487,0.254358,-6.105,2.273928,-15.653064,-0.019048,0.815085,0.016692,0.578788,11.54368,1.902032,37.10144
641,5.341667,-0.036034,0.820368,0.030411,0.569889,-3.336401,86.320457,17.538877,-0.036286,0.826267,0.060282,0.558867,-4.081235,94.227234,17.608973,-0.019271,0.829695,0.006585,0.557846,-6.548852,113.41407,18.753519,0.116943,0.883167,-0.127237,0.436064,-7.440617,136.071976,18.513758,0.154976,0.91331,-0.261634,0.270917,-1.239368,149.554855,15.533233,-0.082568,0.771319,0.091652,0.624379,-9.323004,130.523148,15.203577,0.305983,-0.573881,0.194791,-0.734229,-12.775448,130.307297,-1.139742,0.232836,0.003377,-0.336236,-0.912536,-6.233255,114.601288,-18.972223,0.269192,0.163383,-0.551886,-0.772181,12.916502,129.825928,-22.694557,-0.069155,0.91137,0.112763,0.389752,-6.403915,130.713928,22.375471,0.37592,0.899794,0.20378,-0.08677,5.066379,131.351273,34.503792,0.024732,0.367989,0.493232,-0.787842,22.376257,115.549156,26.878973,0.059486,0.163759,0.537499,-0.825069,16.125061,135.105438,11.309965,0.011884,0.821829,0.215186,0.5274,-6.705563,86.083549,8.461381,0.136494,0.95726,-0.057762,0.248367,0.777534,53.361904,-4.749354,0.037429,0.966344,0.010878,0.254282,-12.823314,8.524865,-2.742865,-0.118485,0.801362,0.026921,0.58571,0.03276,86.557373,26.616377,0.01811,0.803063,-0.170756,0.570617,8.020435,51.549965,30.066671,-0.018468,0.815223,0.018879,0.578544,-2.482697,7.418132,41.959305,0.037429,0.966344,0.010878,0.254282,-6.09222,2.277335,-15.641067,-0.018468,0.815223,0.018879,0.578544,11.538507,1.889014,37.107765
642,5.35,-0.036187,0.818717,0.029749,0.572283,-3.342982,86.321831,17.914261,-0.036735,0.824528,0.059721,0.56146,-4.084004,94.229057,17.972181,-0.019489,0.82788,0.005255,0.560542,-6.55758,113.418938,19.081411,0.117125,0.881283,-0.12877,0.439364,-7.42295,136.077164,18.783276,0.156816,0.911119,-0.264396,0.274528,-1.183387,149.540863,15.796067,-0.082902,0.769746,0.090007,0.626511,-9.289682,130.52269,15.473704,0.304603,-0.573029,0.196256,-0.735078,-12.651169,130.274673,-0.888109,0.232639,0.004495,-0.335825,-0.912732,-6.089043,114.559265,-18.704971,0.270437,0.16392,-0.551005,-0.772261,13.072479,129.780273,-22.368479,-0.070531,0.910029,0.111332,0.393037,-6.417438,130.72699,22.664114,0.376684,0.899525,0.204681,-0.084083,4.960529,131.4095,34.876652,0.024835,0.369069,0.494043,-0.786824,22.264692,115.555252,27.347733,0.059538,0.164886,0.537375,-0.824922,16.096958,135.111572,11.753507,0.012696,0.820068,0.215094,0.530153,-6.658957,86.077705,8.81739,0.137733,0.956966,-0.054442,0.249564,0.816763,53.354652,-4.394013,0.037659,0.966264,0.011327,0.254533,-12.820286,8.514536,-2.73138,-0.117809,0.799939,0.029198,0.587678,-0.027006,86.565956,27.011131,0.019813,0.803369,-0.169076,0.570631,8.009882,51.556248,30.320951,-0.018364,0.815511,0.020484,0.578088,-2.532341,7.376904,42.000694,0.037659,0.966264,0.011327,0.254533,-6.083456,2.277964,-15.631887,-0.018364,0.815511,0.020484,0.578088,11.492657,1.884733,37.118252
643,5.358333,-0.037599,0.817111,0.029482,0.574497,-3.297081,86.317459,18.289558,-0.036944,0.822709,0.059291,0.564154,-4.05412,94.223282,18.329094,-0.020365,0.825876,0.00403,0.563469,-6.529646,113.422523,19.412453,0.118382,0.879191,-0.129199,0.443076,-7.395437,136.079697,19.042986,0.157721,0.909093,-0.267731,0.277477,-1.101709,149.526917,16.095459,-0.083121,0.768477,0.088818,0.628208,-9.237827,130.515472,15.736137,0.304061,-0.572411,0.197335,-0.735494,-12.526962,130.245514,-0.640026,0.232754,0.005529,-0.335432,-0.912842,-5.950908,114.511505,-18.435326,0.271069,0.164524,-0.550557,-0.772231,13.223145,129.728485,-22.049505,-0.071316,0.908535,0.109977,0.396715,-6.417089,130.740829,22.946281,0.377175,0.89945,0.204965,-0.081963,4.8601,131.447906,35.250549,0.024092,0.370806,0.494432,-0.785786,22.163361,115.552994,27.80571,0.058493,0.166668,0.537006,-0.824879,16.080294,135.114807,12.175885,0.014394,0.818349,0.215093,0.532759,-6.561856,86.050407,9.17483,0.138881,0.956894,-0.051435,0.24984,0.855651,53.330643,-4.077469,0.037847,0.966227,0.012222,0.254604,-12.814463,8.490452,-2.715595,-0.11684,0.79977,0.030594,0.588031,-0.032305,86.584503,27.404287,0.022038,0.804228,-0.167337,0.569851,8.007195,51.564407,30.595757,-0.019584,0.815939,0.021385,0.577411,-2.599257,7.338953,42.040482,0.037847,0.966227,0.012222,0.254604,-6.07425,2.277964,-15.625952,-0.019584,0.815939,0.021385,0.577411,11.434647,1.889566,37.135738
644,5.366667,-0.037791,0.815694,0.028626,0.576538,-3.293777,86.327812,18.661695,-0.037736,0.821185,0.058598,0.566389,-4.045573,94.234192,18.686501,-0.020454,0.824289,0.002835,0.565793,-6.533508,113.430191,19.723467,0.11872,0.877265,-0.130957,0.446276,-7.370936,136.087555,19.3046,0.159127,0.906895,-0.27028,0.28137,-1.032607,149.511581,16.346939,-0.082677,0.767641,0.086644,0.629591,-9.200974,130.518967,15.998279,0.303297,-0.571558,0.198472,-0.736167,-12.434467,130.221085,-0.388475,0.232876,0.006203,-0.334585,-0.913117,-5.832489,114.473595,-18.162233,0.271262,0.165249,-0.550262,-0.772218,13.37285,129.667557,-21.738783,-0.072072,0.907341,0.108879,0.399604,-6.420945,130.75528,23.223866,0.377731,0.899378,0.205201,-0.079575,4.775759,131.486496,35.600014,0.022997,0.372554,0.494993,-0.784637,22.077354,115.545105,28.251326,0.057661,0.168416,0.536373,-0.824994,16.089746,135.119705,12.599603,0.015485,0.816799,0.214881,0.535188,-6.512752,86.050377,9.531003,0.13981,0.956379,-0.048308,0.251909,0.871575,53.32637,-3.729369,0.038377,0.966154,0.012801,0.254773,-12.8113,8.481219,-2.699353,-0.115624,0.798959,0.032401,0.589275,-0.074801,86.605247,27.792389,0.023299,0.804784,-0.165218,0.569634,7.967351,51.572979,30.840364,-0.019903,0.816053,0.023006,0.577176,-2.618734,7.286772,42.06694,0.038377,0.966154,0.012801,0.254773,-6.070594,2.281535,-15.615606,-0.019903,0.816053,0.023006,0.577176,11.425408,1.882172,37.141998
645,5.375,-0.039208,0.814214,0.028359,0.578544,-3.263648,86.329605,19.035196,-0.038547,0.819682,0.058041,0.568566,-4.031338,94.234497,19.041653,-0.020829,0.822712,0.001754,0.568074,-6.536902,113.441216,20.037006,0.118844,0.875478,-0.133278,0.449056,-7.359302,136.098129,19.565825,0.161104,0.904839,-0.272316,0.28488,-0.976645,149.4944,16.577784,-0.082665,0.76624,0.085048,0.631514,-9.173944,130.52356,16.261036,0.302733,-0.571118,0.199732,-0.736399,-12.326487,130.201752,-0.141035,0.233119,0.007124,-0.334183,-0.913196,-5.724471,114.428688,-17.892096,0.272307,0.165742,-0.549408,-0.772353,13.491851,129.615067,-21.426041,-0.071837,0.906357,0.106896,0.402405,-6.434217,130.773575,23.501543,0.378127,0.899324,0.205563,-0.07733,4.688546,131.511795,35.943775,0.02201,0.374242,0.495514,-0.783533,21.99275,115.532516,28.68408,0.056621,0.170228,0.536738,-0.824457,16.095385,135.121292,13.00656,0.017191,0.815607,0.214766,0.536997,-6.435627,86.029022,9.888801,0.140755,0.955993,-0.045421,0.253382,0.873208,53.305477,-3.414454,0.038584,0.965948,0.013765,0.255474,-12.827412,8.459818,-2.686876,-0.114305,0.798639,0.033769,0.58989,-0.091667,86.63018,28.181591,0.024779,0.805568,-0.163083,0.569079,7.931437,51.582558,31.100441,-0.020442,0.816283,0.024482,0.57677,-2.645677,7.237297,42.10006,0.038584,0.965948,0.013765,0.255474,-6.066583,2.28531,-15.604673,-0.020442,0.816283,0.024482,0.57677,11.40767,1.877812,37.152119
646,5.383333,-0.039531,0.812797,0.027688,0.580545,-3.267641,86.33474,19.391325,-0.039333,0.818358,0.057362,0.570485,-4.03334,94.239822,19.384258,-0.020599,0.821404,0.000734,0.569975,-6.552479,113.45726,20.335321,0.11952,0.873902,-0.13454,0.451562,-7.338826,136.1147,19.83017,0.162725,0.90292,-0.274814,0.287636,-0.912093,149.490189,16.843464,-0.083049,0.765036,0.083473,0.633131,-9.14639,130.538437,16.524387,0.302947,-0.57086,0.200314,-0.736354,-12.228456,130.181396,0.109661,0.233976,0.008005,-0.333604,-0.913181,-5.623362,114.385521,-17.619949,0.273212,0.166198,-0.549292,-0.772018,13.610304,129.555161,-21.121397,-0.073001,0.905116,0.105527,0.405339,-6.440028,130.794067,23.777233,0.37928,0.898823,0.206563,-0.074803,4.59793,131.57254,36.292316,0.021929,0.375888,0.496455,-0.78215,21.878029,115.52961,29.11607,0.055593,0.172788,0.537606,-0.823428,16.094234,135.114731,13.404684,0.01824,0.814259,0.214553,0.539089,-6.394207,86.023705,10.229658,0.141806,0.955524,-0.042378,0.255088,0.87882,53.296246,-3.083577,0.03889,0.965726,0.014311,0.256233,-12.844226,8.453372,-2.678399,-0.113653,0.79827,0.035436,0.590418,-0.141075,86.645775,28.552992,0.025646,0.806414,-0.16093,0.568454,7.913777,51.59576,31.353331,-0.020861,0.817018,0.025836,0.575656,-2.606493,7.189146,42.158241,0.03889,0.965726,0.014311,0.256233,-6.06472,2.291463,-15.592417,-0.020861,0.817018,0.025836,0.575656,11.44554,1.869732,37.163555
647,5.391667,-0.039748,0.811616,0.027076,0.582208,-3.272725,86.356194,19.743057,-0.039299,0.816953,0.056513,0.572581,-4.035538,94.261536,19.724531,-0.02108,0.819829,-0.000364,0.57222,-6.535155,113.46666,20.642307,0.1199,0.872236,-0.135587,0.454362,-7.309514,136.123215,20.081675,0.164377,0.900955,-0.277322,0.290435,-0.847358,149.482834,17.100435,-0.082985,0.764204,0.082341,0.634291,-9.10103,130.540207,16.778543,0.302371,-0.570575,0.201599,-0.73646,-12.134339,130.166367,0.355111,0.234311,0.008605,-0.332763,-0.913397,-5.538672,114.343224,-17.353685,0.273871,0.166497,-0.54915,-0.771821,13.725379,129.487915,-20.824238,-0.073752,0.903981,0.10427,0.408053,-6.434711,130.811157,24.045649,0.380334,0.898498,0.206828,-0.072586,4.525808,131.617126,36.626877,0.021911,0.377363,0.49737,-0.780859,21.782532,115.511932,29.534334,0.055155,0.174758,0.539096,-0.822066,16.102781,135.099533,13.787979,0.01951,0.812881,0.214073,0.541309,-6.361506,86.036644,10.568876,0.142431,0.955301,-0.039126,0.256093,0.854468,53.297817,-2.747461,0.039354,0.965623,0.014904,0.256518,-12.84748,8.446741,-2.662903,-0.112176,0.798497,0.036641,0.590319,-0.183943,86.675735,28.91724,0.02694,0.807513,-0.158548,0.567504,7.838759,51.607929,31.583866,-0.021233,0.816767,0.027502,0.57592,-2.641049,7.13633,42.15834,0.039354,0.965623,0.014904,0.256518,-6.063509,2.298319,-15.581004,-0.021233,0.816767,0.027502,0.57592,11.427697,1.863976,37.160812
648,5.4,-0.040673,0.810336,0.02666,0.583944,-3.254105,86.359848,20.089439,-0.03998,0.815671,0.056038,0.574406,-4.024912,94.264366,20.055338,-0.021128,0.818503,-0.001447,0.574112,-6.539692,113.485947,20.938112,0.12079,0.870671,-0.136924,0.456721,-7.286338,136.142319,20.334251,0.165974,0.89914,-0.279846,0.292722,-0.77451,149.47821,17.354864,-0.083033,0.763189,0.080887,0.635693,-9.068614,130.555496,17.032566,0.302542,-0.570351,0.202668,-0.73627,-12.042163,130.156219,0.598806,0.235301,0.009271,-0.332194,-0.913342,-5.455246,114.294693,-17.078876,0.275246,0.166452,-0.548986,-0.771459,13.825787,129.420074,-20.528822,-0.073959,0.902969,0.102936,0.410586,-6.435911,130.836258,24.311546,0.381184,0.898166,0.207506,-0.070269,4.45431,131.655426,36.952824,0.022543,0.378453,0.498215,-0.779774,21.695433,115.497551,29.942646,0.055379,0.176719,0.541,-0.820379,16.101797,135.076645,14.157332,0.021689,0.811036,0.214125,0.543968,-6.302218,86.02298,10.902283,0.142968,0.954969,-0.036546,0.257409,0.831964,53.292213,-2.477792,0.039294,0.965508,0.015245,0.256938,-12.856192,8.437204,-2.656111,-0.11055,0.798439,0.038033,0.590616,-0.205991,86.696716,29.276594,0.027589,0.808229,-0.156198,0.567104,7.782651,51.610268,31.796337,-0.021088,0.816731,0.029687,0.575869,-2.617203,7.072625,42.169884,0.039294,0.965508,0.015245,0.256938,-6.058968,2.298355,-15.5718,-0.021088,0.816731,0.029687,0.575869,11.462812,1.851135,37.150734
649,5.408333,-0.040954,0.809402,0.026135,0.585242,-3.25601,86.377586,20.420883,-0.040372,0.814614,0.05539,0.575939,-4.025494,94.282181,20.376181,-0.02103,0.817367,-0.002435,0.575728,-6.53957,113.502975,21.224897,0.121414,0.869134,-0.138687,0.458946,-7.255606,136.159378,20.58552,0.167193,0.89732,-0.282181,0.295359,-0.696021,149.468872,17.59289,-0.08274,0.762698,0.079136,0.636541,-9.031639,130.570007,17.284771,0.303253,-0.570317,0.20315,-0.735871,-11.970791,130.144592,0.845477,0.237063,0.010196,-0.331601,-0.913092,-5.391564,114.250061,-16.805416,0.277703,0.16638,-0.547952,-0.771328,13.900021,129.349838,-20.234278,-0.074061,0.901858,0.101175,0.413438,-6.427666,130.858002,24.573795,0.38219,0.897842,0.207706,-0.068338,4.383539,131.692047,37.281754,0.023537,0.379443,0.499341,-0.778542,21.600035,115.476677,30.344135,0.056569,0.178255,0.543418,-0.818366,16.103039,135.048599,14.516325,0.023033,0.809931,0.213402,0.545839,-6.274293,86.031754,11.224217,0.143395,0.954443,-0.033517,0.259525,0.783515,53.283047,-2.152465,0.039432,0.9654,0.016066,0.257276,-12.869347,8.419606,-2.642524,-0.10947,0.798761,0.039627,0.590278,-0.237725,86.723419,29.617552,0.028664,0.808931,-0.154536,0.566505,7.758212,51.628769,31.995806,-0.021107,0.816983,0.030558,0.575465,-2.627964,7.048371,42.197964,0.039432,0.9654,0.016066,0.257276,-6.061345,2.302776,-15.562984,-0.021107,0.816983,0.030558,0.575465,11.452544,1.848502,37.157791
650,5.416667,-0.041047,0.808494,0.02582,0.586503,-3.257521,86.39183,20.724045,-0.040503,0.813519,0.055158,0.577497,-4.025201,94.296562,20.673233,-0.020997,0.816177,-0.003384,0.57741,-6.541259,113.528801,21.50738,0.121706,0.867756,-0.140483,0.460924,-7.229871,136.184998,20.832245,0.168991,0.895529,-0.284386,0.297648,-0.631413,149.470566,17.818819,-0.082885,0.761875,0.077761,0.637675,-8.99827,130.592789,17.532228,0.303132,-0.570226,0.204607,-0.735588,-11.888318,130.139679,1.08497,0.238125,0.010755,-0.33083,-0.91309,-5.333246,114.199974,-16.534128,0.279626,0.166008,-0.547398,-0.771107,13.981024,129.270432,-19.94574,-0.074035,0.900948,0.099164,0.415908,-6.424314,130.888535,24.831598,0.383712,0.897293,0.207965,-0.066196,4.31858,131.73912,37.596264,0.024586,0.380431,0.500708,-0.777148,21.491808,115.445686,30.734753,0.057579,0.179683,0.545122,-0.816848,16.104881,135.011444,14.868591,0.024186,0.809102,0.212355,0.547425,-6.247031,86.042328,11.518123,0.143815,0.954302,-0.030283,0.260208,0.727921,53.265369,-1.832793,0.039192,0.965266,0.016892,0.257759,-12.883883,8.393899,-2.632223,-0.108643,0.799389,0.041078,0.589481,-0.268011,86.741333,29.929966,0.029655,0.809332,-0.153061,0.566281,7.744619,51.642113,32.181282,-0.020897,0.817202,0.031527,0.575109,-2.636261,7.024574,42.225266,0.039192,0.965266,0.016892,0.257759,-6.056754,2.301515,-15.554139,-0.020897,0.817202,0.031527,0.575109,11.443847,1.844849,37.163269
651,5.425,-0.040116,0.807866,0.025248,0.587458,-3.298189,86.428406,21.026022,-0.040446,0.81265,0.054421,0.578794,-4.048564,94.334801,20.975677,-0.020733,0.815202,-0.004322,0.57879,-6.545573,113.554024,21.783249,0.121783,0.866667,-0.14195,0.462501,-7.198669,136.210388,21.079187,0.171021,0.893805,-0.286685,0.299461,-0.57253,149.477737,18.046253,-0.082872,0.761206,0.076419,0.638637,-8.963969,130.616898,17.779701,0.303004,-0.570271,0.206083,-0.735193,-11.813055,130.139816,1.325975,0.238971,0.010871,-0.32979,-0.913243,-5.290438,114.153503,-16.26293,0.28066,0.165678,-0.547125,-0.770996,14.060908,129.183838,-19.671328,-0.074498,0.899931,0.098292,0.418227,-6.414556,130.91748,25.087484,0.385176,0.896356,0.210105,-0.063568,4.261397,131.783981,37.907124,0.026199,0.38101,0.502352,-0.77575,21.395948,115.423332,31.109146,0.058361,0.181136,0.546481,-0.815563,16.119307,134.97644,15.211402,0.024387,0.808645,0.211132,0.548563,-6.267449,86.087936,11.81321,0.144296,0.954107,-0.026607,0.261058,0.665624,53.274323,-1.4693,0.038739,0.96515,0.016861,0.258263,-12.898943,8.396214,-2.621423,-0.108067,0.79954,0.042631,0.589271,-0.328928,86.768875,30.238834,0.030689,0.810094,-0.151393,0.565585,7.717055,51.670029,32.373981,-0.020818,0.817341,0.032158,0.574879,-2.645987,7.010684,42.249184,0.038739,0.96515,0.016861,0.258263,-6.053226,2.305282,-15.534186,-0.020818,0.817341,0.032158,0.574879,11.434379,1.845071,37.173508
652,5.433333,-0.040351,0.807275,0.024824,0.588271,-3.304429,86.461189,21.324587,-0.040245,0.811778,0.054001,0.58007,-4.053803,94.367622,21.265862,-0.020831,0.814172,-0.005204,0.580226,-6.535493,113.582657,22.060631,0.12278,0.865349,-0.143248,0.464301,-7.167734,136.238464,21.32032,0.172271,0.892262,-0.289112,0.301008,-0.492253,149.481125,18.287659,-0.08268,0.760849,0.075083,0.639246,-8.925774,130.641434,18.022932,0.303046,-0.570135,0.207752,-0.734811,-11.749948,130.14328,1.565535,0.240027,0.010837,-0.329034,-0.913239,-5.253724,114.101219,-15.982337,0.282183,0.165207,-0.546392,-0.771061,14.123384,129.098328,-19.400751,-0.073945,0.898965,0.096586,0.420791,-6.402217,130.950928,25.339312,0.386068,0.896279,0.209312,-0.061847,4.204612,131.813965,38.216434,0.026289,0.382719,0.503084,-0.77443,21.315905,115.395164,31.500587,0.059348,0.182892,0.546823,-0.81487,16.142988,134.94458,15.552955,0.025828,0.808029,0.210126,0.54979,-6.254803,86.113075,12.105994,0.144334,0.953922,-0.023558,0.262003,0.574136,53.274113,-1.167814,0.038499,0.965,0.017615,0.258811,-12.918796,8.382702,-2.606978,-0.106966,0.799136,0.04432,0.589895,-0.354054,86.809296,30.543179,0.031206,0.809697,-0.149863,0.566531,7.699123,51.703964,32.540218,-0.021463,0.817557,0.031815,0.574568,-2.63418,7.004404,42.263447,0.038499,0.965,0.017615,0.258811,-6.052566,2.314121,-15.519375,-0.021463,0.817557,0.031815,0.574568,11.446085,1.84149,37.18475
653,5.441667,-0.040172,0.806746,0.025075,0.588998,-3.314038,86.478889,21.585529,-0.040443,0.811213,0.053978,0.580848,-4.063419,94.385353,21.531013,-0.020228,0.813611,-0.00607,0.581026,-6.553668,113.616028,22.318853,0.12359,0.864366,-0.144668,0.465476,-7.140129,136.272507,21.561831,0.17379,0.890728,-0.291563,0.302311,-0.421309,149.490662,18.517992,-0.083274,0.75976,0.074162,0.64057,-8.902524,130.676666,18.264753,0.303321,-0.570793,0.209075,-0.733812,-11.666786,130.15004,1.798075,0.241102,0.011111,-0.328268,-0.913229,-5.234721,114.052818,-15.722893,0.28391,0.164586,-0.545323,-0.771317,14.164826,129.017288,-19.1369,-0.073902,0.898293,0.094992,0.422592,-6.392974,130.986252,25.585947,0.387803,0.895769,0.208844,-0.059916,4.163301,131.863052,38.503616,0.026402,0.384312,0.504111,-0.772968,21.219963,115.355995,31.865602,0.059316,0.185281,0.547347,-0.81398,16.162601,134.906479,15.877048,0.026765,0.807225,0.208821,0.551421,-6.248103,86.137199,12.361493,0.14465,0.95347,-0.020684,0.263713,0.500541,53.262337,-0.864435,0.038471,0.96479,0.018531,0.259531,-12.947226,8.367565,-2.592555,-0.106703,0.799819,0.045273,0.588943,-0.379973,86.82058,30.809563,0.032447,0.810076,-0.148269,0.56634,7.700706,51.717346,32.730904,-0.020805,0.817393,0.033653,0.57472,-2.640663,6.980631,42.272991,0.038471,0.96479,0.018531,0.259531,-6.057778,2.324355,-15.504485,-0.020805,0.817393,0.033653,0.57472,11.446534,1.8515,37.179302
654,5.45,-0.040116,0.806468,0.025241,0.589375,-3.318947,86.502899,21.837275,-0.040112,0.810542,0.054108,0.581794,-4.069132,94.409302,21.785057,-0.020108,0.812779,-0.006977,0.582183,-6.554161,113.650772,22.581989,0.123744,0.863451,-0.146448,0.466576,-7.111152,136.306946,21.793877,0.175797,0.889234,-0.293721,0.303458,-0.360927,149.502136,18.720097,-0.08241,0.759924,0.072446,0.640684,-8.870756,130.708939,18.498989,0.304494,-0.570434,0.210386,-0.73323,-11.6349,130.167343,2.032776,0.242491,0.010492,-0.327696,-0.913073,-5.20976,114.001099,-15.42707,0.284694,0.163577,-0.544176,-0.772053,14.204842,128.927368,-18.884075,-0.073364,0.897532,0.09363,0.424602,-6.381986,131.025024,25.82699,0.388469,0.895445,0.20966,-0.057556,4.120037,131.896759,38.789146,0.02707,0.385784,0.504595,-0.771895,21.164892,115.344528,32.233803,0.05919,0.187311,0.547537,-0.813397,16.192656,134.864944,16.194996,0.027693,0.806615,0.207472,0.552776,-6.244495,86.164375,12.610417,0.144862,0.953162,-0.017737,0.264918,0.417923,53.252636,-0.567432,0.037884,0.964613,0.019174,0.260228,-12.973699,8.352986,-2.581218,-0.106085,0.799719,0.046409,0.589103,-0.393398,86.841423,31.064133,0.03334,0.810189,-0.147027,0.56645,7.699662,51.736214,32.895206,-0.022652,0.817864,0.031994,0.574074,-2.645461,6.970596,42.296669,0.037884,0.964613,0.019174,0.260228,-6.056161,2.331103,-15.48809,-0.022652,0.817864,0.031994,0.574074,11.440421,1.832553,37.208332
655,5.458333,-0.039707,0.806247,0.025208,0.589706,-3.34902,86.527504,22.074829,-0.039314,0.810035,0.054029,0.582562,-4.093648,94.434448,22.025719,-0.019836,0.812137,-0.007714,0.583079,-6.552518,113.678101,22.835913,0.124349,0.86251,-0.148372,0.467546,-7.079126,136.334274,22.027231,0.177217,0.887913,-0.295726,0.30455,-0.285193,149.500488,18.925575,-0.081837,0.759837,0.070899,0.641034,-8.838426,130.735672,18.733189,0.305277,-0.57063,0.211548,-0.732417,-11.590751,130.17659,2.265583,0.243544,0.009905,-0.326916,-0.91308,-5.200831,113.951874,-15.152897,0.28533,0.162524,-0.543184,-0.772738,14.239084,128.836044,-18.643974,-0.073496,0.896841,0.09226,0.426336,-6.365656,131.054886,26.066471,0.390511,0.894535,0.210325,-0.055418,4.086447,131.942963,39.067806,0.028367,0.386584,0.506235,-0.770373,21.064791,115.297829,32.575382,0.059702,0.18907,0.549555,-0.81159,16.208775,134.82074,16.495745,0.028404,0.805761,0.205987,0.554538,-6.267634,86.19532,12.845546,0.144861,0.953014,-0.014631,0.265641,0.322113,53.242157,-0.265171,0.03756,0.964462,0.020027,0.26077,-12.991208,8.333045,-2.566626,-0.105681,0.799595,0.047554,0.589253,-0.430405,86.859688,31.304111,0.034079,0.81049,-0.145931,0.566259,7.687591,51.756073,33.053574,-0.022465,0.818267,0.032366,0.573487,-2.653791,6.965008,42.337219,0.03756,0.964462,0.020027,0.26077,-6.051944,2.336946,-15.473841,-0.022465,0.818267,0.032366,0.573487,11.425411,1.832883,37.224472
656,5.466667,-0.039328,0.806199,0.025745,0.589775,-3.356518,86.539551,22.27951,-0.038014,0.809491,0.054351,0.583374,-4.101317,94.446541,22.24077,-0.019999,0.81136,-0.008543,0.584142,-6.528731,113.702545,23.088594,0.124895,0.861623,-0.149634,0.468633,-7.038335,136.357803,22.244394,0.178472,0.886692,-0.297941,0.305214,-0.209897,149.503418,19.131178,-0.081365,0.760024,0.069743,0.640999,-8.792531,130.755402,18.954115,0.30545,-0.570605,0.213346,-0.731843,-11.548943,130.182953,2.487652,0.244008,0.009008,-0.326,-0.913292,-5.19526,113.894867,-14.884893,0.285336,0.16121,-0.542716,-0.77334,14.279085,128.733597,-18.413588,-0.073439,0.896017,0.091059,0.428332,-6.339079,131.084061,26.293465,0.392607,0.893828,0.209906,-0.053576,4.056292,131.979446,39.33971,0.028173,0.388662,0.507446,-0.768536,20.963636,115.23539,32.916759,0.059465,0.19131,0.547955,-0.812163,16.254189,134.757675,16.795959,0.029731,0.804602,0.204425,0.556724,-6.274148,86.219498,13.049488,0.144684,0.952494,-0.01219,0.26772,0.210714,53.225689,-0.01117,0.036917,0.964265,0.020894,0.261523,-13.021315,8.305648,-2.55522,-0.10599,0.799965,0.047834,0.588671,-0.438887,86.859596,31.509531,0.034984,0.811059,-0.14421,0.56583,7.709659,51.762627,33.250198,-0.020248,0.818291,0.03553,0.573347,-2.605197,6.93059,42.363983,0.036917,0.964265,0.020894,0.261523,-6.05095,2.337627,-15.458687,-0.020248,0.818291,0.03553,0.573347,11.471261,1.838181,37.204193
657,5.475,-0.039482,0.806088,0.02563,0.589921,-3.375455,86.565277,22.505217,-0.037815,0.809182,0.054374,0.583813,-4.121143,94.472168,22.463415,-0.019221,0.810995,-0.009091,0.584666,-6.544028,113.734375,23.315432,0.125047,0.861063,-0.151426,0.469047,-7.009961,136.390594,22.471373,0.180274,0.885408,-0.299949,0.305917,-0.153195,149.512726,19.321636,-0.080867,0.759984,0.068034,0.641293,-8.770359,130.79158,19.178595,0.306346,-0.570833,0.214485,-0.730957,-11.516852,130.195923,2.711298,0.245255,0.00835,-0.325147,-0.913269,-5.199984,113.847481,-14.617912,0.286155,0.160043,-0.541697,-0.773993,14.297941,128.636475,-18.185278,-0.072637,0.895437,0.08903,0.430104,-6.325927,131.115402,26.52117,0.394192,0.893191,0.210081,-0.051844,4.022542,132.009125,39.604759,0.029265,0.389529,0.50882,-0.767146,20.877392,115.190102,33.239956,0.060815,0.19309,0.549486,-0.810607,16.274599,134.707291,17.082016,0.030622,0.804064,0.203283,0.557871,-6.289522,86.241653,13.274193,0.144701,0.952291,-0.009502,0.26854,0.115735,53.218113,0.249445,0.036262,0.963968,0.021399,0.262666,-13.04827,8.293059,-2.546522,-0.105355,0.799786,0.048659,0.588962,-0.461388,86.888901,31.73624,0.035805,0.811662,-0.14276,0.565281,7.685203,51.787994,33.405197,-0.02077,0.818408,0.035275,0.573178,-2.609807,6.922394,42.375122,0.036262,0.963968,0.021399,0.262666,-6.03796,2.342448,-15.436384,-0.02077,0.818408,0.035275,0.573178,11.46768,1.832703,37.215458
658,5.483333,-0.038994,0.806098,0.025705,0.589937,-3.400973,86.584869,22.700136,-0.036927,0.808892,0.054592,0.584252,-4.141129,94.492302,22.66387,-0.018635,0.810596,-0.009682,0.585229,-6.542529,113.764107,23.542013,0.125658,0.86043,-0.152734,0.46962,-6.970643,136.420822,22.691442,0.181502,0.884246,-0.30225,0.306286,-0.079653,149.521042,19.525167,-0.080804,0.759833,0.067154,0.641572,-8.735438,130.823822,19.397629,0.307582,-0.571661,0.215204,-0.729579,-11.470328,130.211929,2.928995,0.247135,0.00837,-0.324178,-0.913106,-5.215319,113.804863,-14.367231,0.288134,0.15861,-0.54082,-0.774168,14.308625,128.544647,-17.951193,-0.07192,0.894785,0.08708,0.431978,-6.300857,131.145599,26.743565,0.395425,0.892724,0.210125,-0.050305,3.9971,132.038864,39.866985,0.031079,0.389832,0.50995,-0.76617,20.81171,115.158844,33.557491,0.062523,0.193888,0.55206,-0.808534,16.281334,134.654037,17.361242,0.031569,0.803296,0.201942,0.55941,-6.315407,86.26973,13.468933,0.144536,0.951697,-0.007063,0.270798,0.005131,53.211235,0.491554,0.036232,0.963555,0.022329,0.264103,-13.07618,8.277925,-2.54911,-0.105285,0.800126,0.049104,0.588475,-0.486539,86.900002,31.931337,0.036908,0.812653,-0.141457,0.564113,7.675789,51.80117,33.566746,-0.020513,0.818515,0.036094,0.572983,-2.622024,6.908333,42.396107,0.036232,0.963555,0.022329,0.264103,-6.023784,2.352307,-15.427521,-0.020513,0.818515,0.036094,0.572983,11.455587,1.834428,37.22126
659,5.491667,-0.038079,0.806249,0.025818,0.589784,-3.452304,86.627975,22.88908,-0.035513,0.80876,0.054235,0.584555,-4.181832,94.536438,22.862989,-0.018219,0.810327,-0.010209,0.585606,-6.52765,113.785446,23.760014,0.125913,0.859985,-0.153346,0.470167,-6.926086,136.442383,22.900942,0.182832,0.88296,-0.304964,0.306513,-0.018483,149.532547,19.729298,-0.080015,0.760236,0.065836,0.64133,-8.694869,130.846436,19.607445,0.307099,-0.57175,0.217308,-0.729088,-11.444366,130.224747,3.14161,0.247984,0.00776,-0.322965,-0.913311,-5.23928,113.759521,-14.117268,0.289566,0.157469,-0.540432,-0.774137,14.326175,128.442307,-17.72784,-0.071411,0.894318,0.085156,0.433411,-6.266887,131.167755,26.955587,0.397202,0.891908,0.210698,-0.04835,3.992076,132.06839,40.109009,0.03209,0.390495,0.511365,-0.764847,20.746778,115.107262,33.857872,0.063701,0.195427,0.552219,-0.807963,16.318317,134.597992,17.636543,0.032421,0.802498,0.200701,0.56095,-6.371598,86.328224,13.658902,0.14429,0.951195,-0.004641,0.27274,-0.126342,53.237617,0.726986,0.035906,0.962895,0.022279,0.266547,-13.118243,8.294982,-2.550095,-0.105001,0.800361,0.049853,0.588143,-0.533011,86.927719,32.119259,0.037573,0.813265,-0.140176,0.563506,7.645308,51.829929,33.696033,-0.020327,0.818527,0.036356,0.572956,-2.629596,6.90791,42.402824,0.035906,0.962895,0.022279,0.266547,-5.998018,2.367151,-15.39011,-0.020327,0.818527,0.036356,0.572956,11.447571,1.837284,37.223549
660,5.5,-0.037532,0.806347,0.025979,0.589678,-3.488737,86.646782,23.058102,-0.03437,0.808658,0.05438,0.584751,-4.212788,94.555771,23.039289,-0.017646,0.810148,-0.010586,0.585864,-6.525981,113.804794,23.966204,0.126214,0.859532,-0.155067,0.470351,-6.893072,136.462311,23.108343,0.184068,0.881972,-0.30664,0.306947,0.044511,149.528152,19.902027,-0.079579,0.760518,0.064895,0.641146,-8.667307,130.868988,19.81333,0.308948,-0.572385,0.217468,-0.72776,-11.42701,130.237061,3.349592,0.250417,0.007785,-0.321759,-0.913073,-5.261144,113.718544,-13.872396,0.291372,0.156191,-0.539707,-0.774224,14.338972,128.341507,-17.505188,-0.071275,0.893728,0.08488,0.434702,-6.243685,131.186539,27.163073,0.399216,0.890786,0.211966,-0.046885,3.978472,132.082031,40.345467,0.033838,0.38985,0.513464,-0.763693,20.660986,115.042175,34.115463,0.065252,0.196159,0.555501,-0.805408,16.317726,134.549408,17.894325,0.03357,0.801512,0.199555,0.562698,-6.411242,86.357285,13.828613,0.144116,0.950566,-0.002681,0.275042,-0.251335,53.239052,0.926514,0.035747,0.961832,0.022971,0.270321,-13.169652,8.290371,-2.552274,-0.104599,0.800168,0.050406,0.58843,-0.56623,86.936279,32.28759,0.038153,0.813877,-0.139011,0.562872,7.611907,51.836407,33.818184,-0.020426,0.818594,0.037023,0.572815,-2.639605,6.888008,42.415661,0.035747,0.961832,0.022971,0.270321,-5.945765,2.378769,-15.341767,-0.020426,0.818594,0.037023,0.572815,11.44059,1.835528,37.226902
661,5.508333,-0.036947,0.806639,0.0261,0.589311,-3.52386,86.661964,23.22496,-0.032932,0.808556,0.054472,0.584966,-4.241561,94.571541,23.213522,-0.01735,0.809878,-0.011118,0.586236,-6.511771,113.821564,24.17536,0.126727,0.859053,-0.156202,0.470711,-6.853452,136.479019,23.305668,0.184959,0.88107,-0.308604,0.307032,0.112725,149.525757,20.083624,-0.079025,0.761077,0.064374,0.640604,-8.630646,130.885956,20.011814,0.308281,-0.571829,0.220402,-0.727597,-11.416492,130.254288,3.552475,0.251302,0.006746,-0.321041,-0.91309,-5.282597,113.659538,-13.607524,0.293282,0.155247,-0.538923,-0.774239,14.343451,128.239548,-17.292791,-0.070954,0.893358,0.083713,0.435739,-6.213625,131.204605,27.363682,0.400835,0.890422,0.210651,-0.045899,3.979893,132.103699,40.567982,0.034735,0.390487,0.514394,-0.762701,20.603056,114.986656,34.391159,0.066006,0.196433,0.557068,-0.804197,16.333908,134.488205,18.136951,0.034585,0.800888,0.198757,0.563806,-6.455612,86.382599,13.998095,0.144035,0.949356,-0.001154,0.279243,-0.369338,53.246414,1.107135,0.034441,0.960343,0.022635,0.275758,-13.225087,8.29497,-2.562562,-0.104138,0.800431,0.051041,0.588099,-0.592108,86.94133,32.451828,0.038725,0.814651,-0.138068,0.561944,7.587176,51.839172,33.922783,-0.020521,0.818729,0.03764,0.572578,-2.64902,6.870377,42.431423,0.034441,0.960343,0.022635,0.275758,-5.845521,2.376459,-15.259643,-0.020521,0.818729,0.03764,0.572578,11.432673,1.834806,37.230316
662,5.516667,-0.036535,0.806827,0.026233,0.589073,-3.553868,86.658981,23.37326,-0.031787,0.808633,0.054857,0.584887,-4.267547,94.568932,23.367605,-0.016903,0.809905,-0.011828,0.586198,-6.512523,113.837685,24.368702,0.127246,0.858785,-0.157478,0.470635,-6.818931,136.495102,23.484871,0.186031,0.880443,-0.309745,0.307037,0.175611,149.520874,20.239496,-0.077877,0.761754,0.062569,0.640118,-8.605032,130.902756,20.194614,0.309369,-0.571963,0.221216,-0.726782,-11.417673,130.258896,3.740305,0.252805,0.006296,-0.320047,-0.913028,-5.309087,113.611099,-13.377298,0.294104,0.154395,-0.537922,-0.774793,14.345138,128.137451,-17.093689,-0.070459,0.892971,0.082832,0.43678,-6.187092,131.222229,27.546143,0.402554,0.889881,0.209894,-0.044799,3.978429,132.115585,40.772404,0.035177,0.391222,0.515379,-0.761638,20.538456,114.920738,34.642235,0.065955,0.197229,0.558151,-0.803254,16.350349,134.426147,18.364059,0.035593,0.800299,0.198084,0.564817,-6.491636,86.387321,14.148077,0.144178,0.947927,-7e-06,0.283985,-0.475007,53.236961,1.260871,0.034529,0.958044,0.023393,0.283571,-13.294116,8.289263,-2.57888,-0.103794,0.800941,0.051949,0.587385,-0.616099,86.930641,32.598446,0.039187,0.815178,-0.137544,0.561275,7.582957,51.830059,33.995125,-0.020715,0.818942,0.038012,0.572242,-2.654224,6.85111,42.448727,0.034529,0.958044,0.023393,0.283571,-5.709777,2.382315,-15.160153,-0.020715,0.818942,0.038012,0.572242,11.427155,1.828107,37.234631
663,5.525,-0.035234,0.807238,0.026613,0.588572,-3.606252,86.666336,23.500519,-0.030685,0.808732,0.05509,0.584787,-4.306837,94.577454,23.512352,-0.015951,0.809932,-0.012333,0.586178,-6.522418,113.848244,24.546175,0.127952,0.858509,-0.158038,0.47076,-6.780462,136.506516,23.669104,0.186848,0.879509,-0.312136,0.306793,0.238924,149.518539,20.422197,-0.077187,0.762127,0.061528,0.639858,-8.578585,130.918991,20.377226,0.309107,-0.572199,0.22327,-0.72608,-11.405927,130.268906,3.925677,0.252985,0.005457,-0.31921,-0.913276,-5.35562,113.55909,-13.152151,0.294409,0.153261,-0.536757,-0.77571,14.3284,128.043243,-16.899223,-0.070178,0.892678,0.082272,0.43753,-6.159783,131.23111,27.72879,0.404241,0.888727,0.211895,-0.043059,3.985156,132.12149,40.971046,0.036763,0.390805,0.517132,-0.760588,20.485632,114.861885,34.862324,0.066584,0.197315,0.559102,-0.80252,16.376055,134.366959,18.584501,0.035969,0.800122,0.197003,0.565421,-6.557244,86.4188,14.278877,0.144104,0.94611,0.001003,0.290015,-0.597347,53.239597,1.439624,0.032937,0.955608,0.023325,0.291863,-13.357866,8.289981,-2.56925,-0.103629,0.801338,0.052962,0.586782,-0.655261,86.913879,32.72216,0.039354,0.815077,-0.137157,0.561506,7.577846,51.818489,34.047272,-0.020041,0.818946,0.038814,0.572206,-2.654319,6.830797,42.460304,0.032937,0.955608,0.023325,0.291863,-5.542097,2.38326,-15.008185,-0.020041,0.818946,0.038814,0.572206,11.425371,1.816082,37.233677
664,5.533333,-0.034873,0.807505,0.026356,0.58824,-3.656545,86.683807,23.642454,-0.030042,0.808896,0.055107,0.584592,-4.350102,94.595543,23.654665,-0.014838,0.81009,-0.012672,0.585981,-6.545083,113.8629,24.703917,0.128443,0.858292,-0.159787,0.47043,-6.753472,136.522339,23.843994,0.187856,0.878903,-0.313041,0.306994,0.298229,149.507462,20.559666,-0.076113,0.762692,0.060105,0.639449,-8.565468,130.941269,20.548759,0.310943,-0.572793,0.223345,-0.724803,-11.415791,130.285858,4.101388,0.254855,0.005187,-0.318178,-0.913118,-5.400656,113.526535,-12.940301,0.294879,0.152667,-0.536169,-0.776056,14.309861,127.954193,-16.714916,-0.069025,0.892514,0.081088,0.438268,-6.142562,131.242508,27.899426,0.405246,0.88874,0.210012,-0.042575,3.986142,132.113449,41.155399,0.036512,0.391819,0.517482,-0.75984,20.448545,114.800552,35.094963,0.06684,0.197904,0.559688,-0.801945,16.396965,134.309799,18.792519,0.036249,0.800216,0.196568,0.565422,-6.615614,86.438637,14.423338,0.144861,0.943341,0.001671,0.298529,-0.689851,53.248543,1.596452,0.031395,0.952398,0.022221,0.302422,-13.460395,8.319613,-2.607593,-0.102858,0.801595,0.054139,0.586459,-0.697476,86.928978,32.861572,0.039154,0.815476,-0.136499,0.561101,7.54153,51.831211,34.082623,-0.020854,0.819159,0.038606,0.571886,-2.636962,6.825152,42.462513,0.031395,0.952398,0.022221,0.302422,-5.362985,2.381733,-14.849988,-0.020854,0.819159,0.038606,0.571886,11.444655,1.819269,37.232609
665,5.541667,-0.034224,0.808074,0.02707,0.587463,-3.692473,86.684258,23.747494,-0.028284,0.809105,0.055159,0.584385,-4.384357,94.596092,23.775593,-0.014674,0.810138,-0.013095,0.585909,-6.524221,113.859436,24.86664,0.128216,0.858017,-0.160581,0.470724,-6.715418,136.518616,23.995581,0.188883,0.877792,-0.31487,0.307671,0.342199,149.495667,20.692093,-0.075098,0.763479,0.059537,0.638683,-8.532195,130.937317,20.703379,0.310898,-0.573055,0.225027,-0.724095,-11.420383,130.29213,4.262209,0.25534,0.004956,-0.31759,-0.913189,-5.457243,113.477798,-12.743529,0.29588,0.151634,-0.535127,-0.776596,14.271791,127.877197,-16.528753,-0.068739,0.892221,0.081081,0.43891,-6.107911,131.240326,28.053516,0.406158,0.887945,0.211911,-0.041027,4.003286,132.100433,41.323555,0.037665,0.391319,0.518471,-0.759367,20.435587,114.751305,35.285088,0.067044,0.198105,0.560047,-0.801628,16.418278,134.256042,18.986038,0.035887,0.801074,0.195332,0.564658,-6.670095,86.456589,14.533901,0.145679,0.940503,0.002568,0.306961,-0.78685,53.229652,1.783049,0.031422,0.949023,0.022421,0.312834,-13.56388,8.323383,-2.63776,-0.10261,0.801995,0.055195,0.585858,-0.714852,86.911926,32.961086,0.039326,0.815412,-0.136469,0.561189,7.555078,51.818802,34.104481,-0.021486,0.819171,0.039172,0.571806,-2.635915,6.813237,42.471832,0.031422,0.949023,0.022421,0.312834,-5.204103,2.379234,-14.699432,-0.021486,0.819171,0.039172,0.571806,11.453501,1.832175,37.239223
666,5.55,-0.034279,0.808404,0.027081,0.587004,-3.724311,86.68615,23.859657,-0.027221,0.809237,0.055454,0.584225,-4.416991,94.597923,23.887783,-0.013888,0.810212,-0.013348,0.58582,-6.530171,113.864601,25.012789,0.128867,0.857784,-0.161251,0.470742,-6.685849,136.52449,24.153296,0.189619,0.877053,-0.316593,0.307557,0.3961,149.486755,20.843857,-0.073976,0.764003,0.058789,0.638257,-8.512086,130.947739,20.858625,0.310941,-0.573363,0.226813,-0.723275,-11.42404,130.31308,4.42124,0.255765,0.004265,-0.316678,-0.91339,-5.518099,113.43824,-12.544486,0.296031,0.150726,-0.534511,-0.777139,14.239865,127.791023,-16.356009,-0.067966,0.89214,0.080265,0.439344,-6.085833,131.243179,28.208424,0.407711,0.887682,0.210004,-0.041121,4.01615,132.090851,41.486275,0.037153,0.391999,0.519258,-0.758503,20.385748,114.676132,35.466324,0.067177,0.19871,0.560923,-0.800854,16.43606,134.206726,19.162619,0.035733,0.801793,0.194734,0.563852,-6.712299,86.457291,14.649454,0.146551,0.936743,0.002444,0.31785,-0.857687,53.212749,1.931369,0.030315,0.94591,0.022741,0.322207,-13.661077,8.330337,-2.65245,-0.102399,0.802214,0.057079,0.585414,-0.736322,86.915009,33.069862,0.039304,0.815244,-0.137352,0.561219,7.600836,51.834034,34.091141,-0.020992,0.819933,0.038484,0.570778,-2.63474,6.851006,42.524944,0.030315,0.94591,0.022741,0.322207,-5.054052,2.394089,-14.542898,-0.020992,0.819933,0.038484,0.570778,11.433477,1.844656,37.259537
667,5.558333,-0.033788,0.809076,0.027263,0.586099,-3.771847,86.686035,23.952658,-0.025968,0.809512,0.055507,0.583896,-4.459879,94.598183,23.988478,-0.013193,0.810363,-0.013751,0.585618,-6.533342,113.856674,25.143852,0.129188,0.857619,-0.16228,0.470602,-6.653019,136.516922,24.288063,0.190251,0.876527,-0.317488,0.307743,0.448953,149.46286,20.957689,-0.072747,0.764831,0.057863,0.63749,-8.489778,130.943634,20.993366,0.311257,-0.573601,0.228043,-0.722563,-11.440411,130.317108,4.562567,0.256265,0.003754,-0.315735,-0.913579,-5.575463,113.393829,-12.369101,0.295792,0.150139,-0.534108,-0.777621,14.212929,127.701126,-16.199667,-0.067127,0.891956,0.079925,0.439911,-6.059566,131.234009,28.34206,0.40868,0.887151,0.210476,-0.040544,4.029575,132.059738,41.63105,0.037274,0.391911,0.520212,-0.757889,20.362494,114.608292,35.617851,0.067525,0.198482,0.560603,-0.801106,16.460014,134.158875,19.323658,0.034589,0.803303,0.193833,0.562082,-6.781059,86.466026,14.749148,0.147558,0.933263,0.003189,0.327471,-0.925441,53.190403,2.113062,0.029481,0.942837,0.022145,0.331208,-13.744025,8.336163,-2.698397,-0.10168,0.802552,0.057545,0.58503,-0.762636,86.906052,33.156166,0.039247,0.815339,-0.136412,0.561314,7.55344,51.818336,34.11594,-0.021935,0.819338,0.039037,0.57156,-2.629869,6.810746,42.481716,0.029481,0.942837,0.022145,0.331208,-4.90908,2.380695,-14.410734,-0.021935,0.819338,0.039037,0.57156,11.4596,1.834079,37.245079
668,5.566667,-0.032544,0.809644,0.027187,0.585388,-3.849101,86.682388,24.025778,-0.025094,0.809872,0.055749,0.583412,-4.520428,94.595909,24.072819,-0.011689,0.810722,-0.014022,0.585147,-6.571214,113.854996,25.256861,0.129819,0.857667,-0.16301,0.470087,-6.628892,136.516602,24.431086,0.191119,0.875939,-0.319065,0.30725,0.494909,149.447174,21.087643,-0.071767,0.765238,0.05731,0.637163,-8.484856,130.952789,21.13113,0.312541,-0.574007,0.228916,-0.72141,-11.454182,130.337921,4.703259,0.258074,0.003754,-0.3152,-0.913254,-5.631875,113.353989,-12.182334,0.297588,0.149215,-0.533391,-0.777606,14.165205,127.626648,-16.032822,-0.066066,0.891929,0.079363,0.440226,-6.045535,131.2267,28.477436,0.409957,0.88648,0.210878,-0.040236,4.039049,132.028168,41.77137,0.037401,0.391739,0.521363,-0.757181,20.321686,114.532051,35.751602,0.068004,0.198616,0.560513,-0.801094,16.473928,134.106583,19.472559,0.03348,0.803807,0.193203,0.561646,-6.876042,86.480286,14.827676,0.148648,0.929017,0.003216,0.338851,-0.989004,53.181625,2.267088,0.031239,0.939552,0.022215,0.340255,-13.839558,8.357679,-2.737581,-0.102351,0.802394,0.059575,0.584926,-0.82216,86.884499,33.223881,0.039484,0.815426,-0.13747,0.560914,7.616884,51.823818,34.094315,-0.022016,0.820187,0.03759,0.570434,-2.635392,6.84515,42.531116,0.031239,0.939552,0.022215,0.340255,-4.804826,2.37825,-14.284131,-0.022016,0.820187,0.03759,0.570434,11.432319,1.834233,37.268715
669,5.575,-0.031938,0.810286,0.027258,0.584529,-3.904703,86.675262,24.090067,-0.023824,0.810193,0.056179,0.582979,-4.568856,94.58934,24.144354,-0.010729,0.810959,-0.014365,0.584829,-6.588754,113.848457,25.371706,0.130701,0.857478,-0.163758,0.469927,-6.602351,136.510605,24.558758,0.191451,0.875414,-0.320529,0.307016,0.551389,149.423035,21.209154,-0.070425,0.765868,0.056401,0.636636,-8.47179,130.952332,21.257076,0.312481,-0.574487,0.230234,-0.720633,-11.469909,130.34996,4.83397,0.258813,0.003526,-0.314002,-0.913459,-5.704629,113.322281,-12.027105,0.298352,0.14823,-0.533177,-0.777648,14.128168,127.540077,-15.883739,-0.065304,0.891783,0.078814,0.440735,-6.026361,131.21727,28.601683,0.411216,0.885807,0.211289,-0.040052,4.0466,132.002441,41.905399,0.037942,0.391541,0.522505,-0.756468,20.278986,114.463821,35.873604,0.068351,0.198748,0.561473,-0.80036,16.484842,134.052155,19.600803,0.032191,0.805171,0.191991,0.560181,-6.951862,86.482597,14.898438,0.14952,0.925604,0.00382,0.347687,-1.06262,53.144169,2.444851,0.030437,0.937003,0.022698,0.347251,-13.918954,8.34502,-2.762828,-0.102442,0.803698,0.06017,0.583057,-0.857545,86.867928,33.281696,0.039586,0.815843,-0.137397,0.560318,7.613351,51.813732,34.102085,-0.022437,0.820326,0.036714,0.570275,-2.636739,6.833941,42.535545,0.030437,0.937003,0.022698,0.347251,-4.704498,2.378501,-14.173227,-0.022437,0.820326,0.036714,0.570275,11.42761,1.808576,37.277931
670,5.583333,-0.032051,0.810883,0.027541,0.58368,-3.937927,86.657593,24.145695,-0.022206,0.810406,0.05645,0.582719,-4.606093,94.571312,24.203276,-0.010131,0.811044,-0.014611,0.584715,-6.580602,113.829491,25.476316,0.131201,0.857398,-0.164436,0.469698,-6.565767,136.491867,24.670214,0.191943,0.875069,-0.32157,0.306603,0.60738,149.390701,21.309727,-0.068999,0.766832,0.055412,0.635718,-8.443094,130.936966,21.367344,0.311522,-0.574767,0.23207,-0.720237,-11.486864,130.346115,4.95222,0.259197,0.003565,-0.31291,-0.913724,-5.779283,113.28064,-11.890258,0.299711,0.147697,-0.532649,-0.777589,14.089058,127.45507,-15.737409,-0.064779,0.891698,0.078629,0.441018,-5.995411,131.196594,28.711384,0.412989,0.884918,0.211513,-0.040271,4.071492,131.967926,42.020493,0.038382,0.390751,0.524264,-0.755637,20.230993,114.372726,35.957874,0.068913,0.197478,0.562783,-0.799706,16.499039,134.004166,19.713644,0.031086,0.805836,0.191551,0.559437,-7.004163,86.46553,14.960402,0.150784,0.922183,0.00395,0.356128,-1.080317,53.109871,2.569509,0.028119,0.934757,0.022037,0.353487,-13.990615,8.346409,-2.808766,-0.101908,0.804115,0.060115,0.582581,-0.871692,86.849648,33.33099,0.039719,0.816255,-0.136423,0.559946,7.566908,51.78709,34.126747,-0.020635,0.819566,0.038695,0.571304,-2.638963,6.78328,42.485348,0.028119,0.934757,0.022037,0.353487,-4.604537,2.376662,-14.076701,-0.020635,0.819566,0.038695,0.571304,11.433949,1.775946,37.233448
671,5.591667,-0.031712,0.811545,0.027777,0.582767,-3.985353,86.647896,24.184467,-0.021514,0.810898,0.056863,0.58202,-4.651262,94.561752,24.248983,-0.008718,0.81157,-0.014673,0.584005,-6.612774,113.82489,25.552706,0.1323,0.857271,-0.165646,0.469195,-6.54503,136.488388,24.781696,0.192177,0.874672,-0.32256,0.306547,0.667263,149.36084,21.403917,-0.067974,0.767381,0.054685,0.635229,-8.441345,130.943146,21.473467,0.311879,-0.575218,0.233053,-0.719404,-11.510589,130.360992,5.06278,0.260278,0.003409,-0.31159,-0.913869,-5.85113,113.253105,-11.7529,0.300458,0.147091,-0.531689,-0.778072,14.054389,127.365746,-15.606102,-0.06334,0.891738,0.078173,0.441226,-5.980404,131.185501,28.813665,0.414068,0.884651,0.210412,-0.040833,4.086501,131.920212,42.124844,0.03791,0.390631,0.52507,-0.755163,20.199745,114.287041,36.049454,0.068993,0.197045,0.563952,-0.798981,16.505009,133.954651,19.824118,0.030239,0.806443,0.190737,0.558888,-7.072642,86.462944,15.006083,0.151608,0.919501,0.004305,0.36265,-1.141289,53.08107,2.689607,0.027893,0.932884,0.022492,0.358391,-14.070204,8.341249,-2.83861,-0.102502,0.804485,0.061299,0.581841,-0.898064,86.832848,33.36285,0.039991,0.816509,-0.137453,0.559304,7.624232,51.789429,34.107788,-0.02407,0.82059,0.036315,0.569854,-2.64919,6.814084,42.536572,0.027893,0.932884,0.022492,0.358391,-4.563479,2.38108,-14.010059,-0.02407,0.82059,0.036315,0.569854,11.421938,1.806863,37.279789
672,5.6,-0.030873,0.81232,0.027843,0.581728,-4.05734,86.652145,24.217344,-0.0197,0.811224,0.057077,0.58161,-4.712974,94.56678,24.291334,-0.008084,0.811732,-0.015052,0.583781,-6.619721,113.813278,25.642475,0.132437,0.857166,-0.165871,0.46927,-6.518822,136.476761,24.874315,0.193069,0.873761,-0.324401,0.306644,0.69997,149.344925,21.494064,-0.066818,0.768157,0.054583,0.634421,-8.425092,130.934738,21.566381,0.311232,-0.575659,0.234929,-0.718721,-11.533801,130.376846,5.162275,0.261016,0.003416,-0.310499,-0.914029,-5.942635,113.221909,-11.628297,0.302228,0.146752,-0.530177,-0.778482,13.99802,127.289139,-15.478762,-0.062614,0.891724,0.077887,0.44141,-5.959924,131.172516,28.905313,0.415566,0.883725,0.211345,-0.040848,4.104643,131.889313,42.219242,0.038155,0.390034,0.526455,-0.754495,20.156597,114.211845,36.110405,0.068345,0.196508,0.564896,-0.798502,16.513367,133.908936,19.914406,0.029246,0.80712,0.189654,0.558332,-7.169072,86.480103,15.046965,0.15196,0.917954,0.005399,0.366387,-1.232653,53.064251,2.825447,0.027503,0.931602,0.023213,0.361693,-14.130783,8.335444,-2.861524,-0.102383,0.805005,0.061136,0.58116,-0.945608,86.824188,33.387726,0.039959,0.816946,-0.136348,0.558939,7.563776,51.777565,34.12981,-0.023128,0.819737,0.037696,0.57103,-2.646201,6.773624,42.482704,0.027503,0.931602,0.023213,0.361693,-4.538445,2.395512,-13.970393,-0.023128,0.819737,0.037696,0.57103,11.439352,1.784306,37.24757
673,5.608333,-0.030601,0.812965,0.027881,0.580839,-4.112366,86.647499,24.247839,-0.018687,0.81168,0.057287,0.580986,-4.764761,94.562363,24.325537,-0.007166,0.81216,-0.015073,0.583196,-6.643143,113.80751,25.707479,0.133968,0.856936,-0.166789,0.468929,-6.508423,136.471588,24.962721,0.193187,0.873445,-0.325537,0.306264,0.757058,149.312836,21.58013,-0.065522,0.768822,0.054338,0.633772,-8.427928,130.935974,21.651749,0.311563,-0.575872,0.236155,-0.718005,-11.569888,130.403519,5.253132,0.261948,0.003149,-0.30939,-0.91414,-6.019249,113.200851,-11.502014,0.302877,0.146226,-0.528832,-0.779243,13.948263,127.211288,-15.363073,-0.061537,0.891827,0.077629,0.441398,-5.951967,131.162308,28.987408,0.416713,0.882511,0.214272,-0.040149,4.117401,131.851059,42.299187,0.039528,0.388625,0.528124,-0.753985,20.125071,114.147041,36.151146,0.068209,0.195637,0.566416,-0.797651,16.517725,133.860916,19.98732,0.028797,0.807041,0.18918,0.558629,-7.244441,86.479286,15.084314,0.152272,0.917377,0.006073,0.36769,-1.296725,53.048618,2.908893,0.026748,0.930771,0.023362,0.363873,-14.189527,8.329433,-2.865154,-0.10252,0.805687,0.0615,0.580152,-0.980291,86.815712,33.411362,0.03997,0.817271,-0.136292,0.558476,7.552892,51.774334,34.127594,-0.02382,0.819811,0.037223,0.570926,-2.650346,6.769046,42.481483,0.026748,0.930771,0.023362,0.363873,-4.536897,2.398789,-13.926667,-0.02382,0.819811,0.037223,0.570926,11.437254,1.779926,37.251652
674,5.616667,-0.0302,0.813593,0.027829,0.579983,-4.167599,86.643646,24.263391,-0.017565,0.812164,0.057658,0.580307,-4.81425,94.558945,24.344812,-0.00618,0.812639,-0.015154,0.582537,-6.663378,113.792526,25.764387,0.134168,0.857007,-0.167673,0.468427,-6.490759,136.457092,25.042591,0.193995,0.872859,-0.326552,0.306343,0.78795,149.284775,21.637028,-0.064018,0.76981,0.053688,0.632781,-8.425096,130.928177,21.729034,0.311067,-0.576132,0.237506,-0.717565,-11.615504,130.416687,5.339111,0.26192,0.002538,-0.307995,-0.91462,-6.111207,113.181435,-11.397815,0.302492,0.145663,-0.527223,-0.780587,13.902691,127.130905,-15.268655,-0.060958,0.89182,0.077492,0.441515,-5.937032,131.142731,29.060953,0.419068,0.88077,0.216873,-0.039905,4.131251,131.815948,42.374344,0.040777,0.387053,0.53069,-0.752925,20.04286,114.048004,36.161709,0.068331,0.195126,0.568489,-0.79629,16.513754,133.804565,20.045822,0.029006,0.80633,0.188904,0.559737,-7.319403,86.480347,15.106548,0.151952,0.917226,0.006749,0.368188,-1.378417,53.043018,2.946138,0.025958,0.930419,0.023417,0.364826,-14.217886,8.315513,-2.88202,-0.102583,0.806145,0.061805,0.579471,-1.015795,86.806946,33.420235,0.039793,0.817433,-0.136308,0.558247,7.534157,51.769215,34.114296,-0.024082,0.819836,0.037249,0.570878,-2.654029,6.763008,42.48159,0.025958,0.930419,0.023417,0.364826,-4.533819,2.39325,-13.920514,-0.024082,0.819836,0.037249,0.570878,11.435401,1.779006,37.251835
675,5.625,-0.030178,0.814139,0.027907,0.579214,-4.207723,86.632912,24.269051,-0.016992,0.812675,0.058199,0.579555,-4.854736,94.548157,24.352287,-0.004847,0.813207,-0.015422,0.58175,-6.696794,113.781647,25.803556,0.134552,0.857244,-0.167742,0.467858,-6.468657,136.446518,25.106886,0.195107,0.872175,-0.328131,0.305898,0.817253,149.269608,21.699465,-0.062801,0.770699,0.05316,0.631865,-8.42314,130.926208,21.790796,0.311268,-0.576667,0.238414,-0.716747,-11.657384,130.431351,5.408955,0.262462,0.002371,-0.307052,-0.914783,-6.204805,113.159668,-11.307341,0.302994,0.145211,-0.525024,-0.781958,13.831951,127.062813,-15.180593,-0.059953,0.891773,0.077336,0.441776,-5.920658,131.126236,29.118216,0.42109,0.879787,0.21679,-0.040745,4.143984,131.771042,42.435768,0.040827,0.386445,0.532413,-0.752017,19.968519,113.944504,36.168793,0.068258,0.194602,0.57004,-0.795315,16.508541,133.748764,20.085047,0.029524,0.805742,0.188649,0.560642,-7.376826,86.470093,15.11817,0.151334,0.917871,0.007547,0.366816,-1.462703,53.027988,2.957784,0.025787,0.930358,0.023863,0.364965,-14.231588,8.283973,-2.898656,-0.102621,0.806729,0.061933,0.578638,-1.03862,86.795738,33.41993,0.039662,0.817768,-0.136346,0.557757,7.519506,51.759708,34.099339,-0.021525,0.819668,0.038943,0.571109,-2.655578,6.753492,42.482498,0.025787,0.930358,0.023863,0.364965,-4.540087,2.375589,-13.938064,-0.021525,0.819668,0.038943,0.571109,11.424116,1.767546,37.228424
676,5.633333,-0.029388,0.814735,0.02769,0.578426,-4.272732,86.626457,24.259638,-0.015916,0.813088,0.058732,0.578952,-4.907457,94.542648,24.347973,-0.003757,0.813626,-0.015555,0.581169,-6.726922,113.779747,25.841841,0.135488,0.857242,-0.168058,0.467478,-6.455578,136.444855,25.168818,0.195752,0.871589,-0.329842,0.305317,0.854892,149.254639,21.763899,-0.061416,0.771912,0.051527,0.630655,-8.425451,130.931885,21.849634,0.310984,-0.576984,0.239207,-0.716351,-11.716494,130.433655,5.479209,0.262467,0.001947,-0.305972,-0.915144,-6.300569,113.141869,-11.228216,0.302769,0.144817,-0.523151,-0.783372,13.767095,126.994881,-15.106294,-0.05892,0.891933,0.077325,0.441594,-5.912344,131.119278,29.173752,0.423041,0.878557,0.217927,-0.041017,4.161788,131.734238,42.485542,0.042202,0.384746,0.534433,-0.75138,19.904066,113.853981,36.164688,0.068736,0.193225,0.573155,-0.793368,16.487303,133.696472,20.116219,0.029572,0.805039,0.188395,0.561734,-7.460403,86.472908,15.115048,0.15064,0.918752,0.008453,0.364871,-1.542982,53.024113,2.974719,0.025014,0.930556,0.023959,0.364508,-14.234945,8.261803,-2.909041,-0.103494,0.807087,0.063096,0.577857,-1.085061,86.780006,33.404224,0.039598,0.817611,-0.137752,0.557645,7.571525,51.767452,34.04491,-0.020702,0.820495,0.038013,0.570013,-2.670148,6.796906,42.53767,0.025014,0.930556,0.023959,0.364508,-4.544864,2.364237,-13.955479,-0.020702,0.820495,0.038013,0.570013,11.383149,1.77407,37.248177
677,5.641667,-0.029043,0.815321,0.027622,0.57762,-4.326173,86.628967,24.249701,-0.01542,0.813679,0.059241,0.578082,-4.955739,94.545532,24.340956,-0.002452,0.814295,-0.015582,0.580237,-6.769681,113.784286,25.864141,0.136037,0.857362,-0.168867,0.466806,-6.450192,136.449722,25.224146,0.196369,0.871071,-0.330934,0.305217,0.880051,149.243423,21.801388,-0.060288,0.772778,0.051131,0.629734,-8.439608,130.946014,21.901232,0.311467,-0.577458,0.239984,-0.715498,-11.774012,130.465225,5.539064,0.262893,0.001242,-0.304787,-0.915418,-6.403434,113.13504,-11.143196,0.302172,0.144267,-0.521356,-0.7849,13.699248,126.92897,-15.043985,-0.057673,0.892073,0.076943,0.441542,-5.909614,131.117004,29.219936,0.42486,0.877481,0.218638,-0.041447,4.170904,131.700867,42.52829,0.043329,0.383392,0.536186,-0.750758,19.83536,113.770386,36.156548,0.069189,0.19198,0.575465,-0.791958,16.462357,133.640594,20.140764,0.029741,0.80495,0.18831,0.561881,-7.532292,86.47934,15.111499,0.149776,0.919487,0.009014,0.363358,-1.625962,53.028942,2.97015,0.024507,0.930681,0.024205,0.364208,-14.235939,8.243224,-2.91178,-0.103155,0.807626,0.0625,0.577228,-1.120054,86.778603,33.387901,0.039088,0.817741,-0.136666,0.557759,7.493198,51.755608,34.042053,-0.021265,0.8197,0.038877,0.571077,-2.654469,6.753335,42.479439,0.024507,0.930681,0.024205,0.364208,-4.545888,2.357823,-13.964729,-0.021265,0.8197,0.038877,0.571077,11.422171,1.761324,37.222942
678,5.65,-0.028409,0.815875,0.027266,0.576886,-4.390628,86.645271,24.24004,-0.014381,0.814099,0.059467,0.577495,-5.008636,94.562729,24.333071,-0.001581,0.814715,-0.015605,0.579649,-6.792279,113.785675,25.886679,0.136783,0.857409,-0.169149,0.4664,-6.440474,136.451233,25.268496,0.196847,0.870637,-0.332247,0.30472,0.909168,149.233871,21.845932,-0.059151,0.773677,0.050931,0.628754,-8.442658,130.953735,21.943003,0.310632,-0.577835,0.241652,-0.714995,-11.822811,130.494644,5.5896,0.262555,0.000501,-0.303661,-0.91589,-6.513328,113.129593,-11.075955,0.301944,0.14377,-0.51952,-0.786295,13.622205,126.86937,-14.990351,-0.056589,0.892133,0.076551,0.441629,-5.902053,131.1138,29.258274,0.426925,0.876258,0.219394,-0.042108,4.18003,131.671021,42.566582,0.04423,0.382064,0.538118,-0.75,19.755068,113.685669,36.130646,0.069614,0.190915,0.57729,-0.790848,16.436848,133.592911,20.153397,0.029479,0.805138,0.188546,0.561547,-7.613862,86.500977,15.107775,0.149054,0.920324,0.009285,0.361526,-1.687682,53.055882,2.961502,0.024294,0.930852,0.023908,0.363804,-14.239466,8.250395,-2.894304,-0.103293,0.807902,0.062863,0.576778,-1.167395,86.789558,33.372307,0.038606,0.817501,-0.136741,0.558125,7.468997,51.771904,34.006447,-0.022641,0.819697,0.03792,0.571093,-2.649523,6.76806,42.470425,0.024294,0.930852,0.023908,0.363804,-4.55792,2.359296,-13.951668,-0.022641,0.819697,0.03792,0.571093,11.43384,1.775912,37.232101
679,5.658333,-0.028669,0.816262,0.027609,0.576309,-4.421087,86.647079,24.217064,-0.013222,0.814403,0.059919,0.577047,-5.045532,94.564003,24.31259,-0.001091,0.815015,-0.015606,0.579229,-6.802013,113.788094,25.907484,0.137917,0.857261,-0.169708,0.466135,-6.432389,136.453705,25.301971,0.196817,0.870472,-0.333132,0.304246,0.950096,149.217651,21.880341,-0.05761,0.774837,0.050769,0.62748,-8.442431,130.959747,21.975359,0.3107,-0.578251,0.242615,-0.714303,-11.882072,130.532684,5.633499,0.263283,7.9e-05,-0.302461,-0.916078,-6.619239,113.133682,-11.01142,0.30242,0.143329,-0.518322,-0.786982,13.547136,126.813065,-14.939239,-0.055508,0.892159,0.076294,0.441758,-5.894255,131.113556,29.288134,0.428873,0.875104,0.220038,-0.042937,4.18806,131.642075,42.597435,0.044974,0.380801,0.539864,-0.749343,19.677448,113.607285,36.093452,0.069819,0.189847,0.578748,-0.790022,16.406513,133.552048,20.153112,0.029538,0.805904,0.188941,0.560311,-7.65692,86.501991,15.089268,0.148337,0.920948,0.009118,0.360232,-1.736636,53.067898,2.909873,0.022718,0.931072,0.023781,0.363351,-14.241962,8.242122,-2.889745,-0.103258,0.808111,0.062758,0.576504,-1.185255,86.792168,33.34486,0.038259,0.817542,-0.136755,0.558086,7.445028,51.773037,33.980717,-0.022057,0.81947,0.039223,0.571353,-2.647216,6.767032,42.464539,0.022718,0.931072,0.023781,0.363351,-4.553852,2.363706,-13.948105,-0.022057,0.81947,0.039223,0.571353,11.441801,1.797078,37.220322
680,5.666667,-0.028218,0.816774,0.027653,0.575603,-4.478391,86.656891,24.187649,-0.012454,0.814829,0.060087,0.576445,-5.09732,94.574181,24.288422,-9.1e-05,0.81546,-0.015509,0.578606,-6.831932,113.796066,25.906866,0.138311,0.857525,-0.169813,0.465494,-6.428302,136.461884,25.330877,0.197798,0.870002,-0.334459,0.303495,0.961672,149.220581,21.905867,-0.055173,0.776735,0.049173,0.625476,-8.451786,130.975433,21.999996,0.311791,-0.578462,0.242474,-0.713704,-11.984489,130.571228,5.677417,0.264841,-0.000392,-0.301113,-0.916073,-6.730355,113.150009,-10.946998,0.302923,0.142708,-0.51725,-0.787607,13.473979,126.760719,-14.901316,-0.054224,0.892297,0.076058,0.44168,-5.892423,131.115601,29.309135,0.430831,0.873995,0.220465,-0.043744,4.196909,131.609772,42.614441,0.04541,0.379757,0.541438,-0.74871,19.59989,113.523796,36.047741,0.069675,0.189072,0.579725,-0.789504,16.375641,133.505981,20.143913,0.029481,0.806496,0.189461,0.559286,-7.730475,86.518768,15.065521,0.147465,0.921388,0.008925,0.359471,-1.801149,53.098637,2.852254,0.022747,0.931134,0.023618,0.3632,-14.244402,8.248338,-2.891072,-0.103464,0.808399,0.062802,0.576057,-1.226307,86.795013,33.309776,0.037822,0.817374,-0.136825,0.558344,7.417914,51.779343,33.946976,-0.021883,0.819372,0.039133,0.571506,-2.647215,6.77202,42.45602,0.022747,0.931134,0.023618,0.3632,-4.560947,2.365268,-13.951044,-0.021883,0.819372,0.039133,0.571506,11.441682,1.796834,37.216434
681,5.675,-0.028147,0.817366,0.027805,0.574759,-4.520865,86.666504,24.153015,-0.011877,0.815277,0.060443,0.575785,-5.140143,94.583717,24.257036,0.000776,0.81591,-0.015484,0.577972,-6.863272,113.805511,25.901049,0.138697,0.857628,-0.170484,0.464944,-6.428679,136.471313,25.348434,0.198278,0.869646,-0.335323,0.303248,0.975968,149.217255,21.907621,-0.053688,0.777724,0.048155,0.624455,-8.464955,130.991272,22.014847,0.312028,-0.579133,0.242951,-0.712894,-12.045694,130.600922,5.702402,0.265581,-0.000691,-0.299744,-0.916308,-6.841251,113.155533,-10.912305,0.303035,0.142017,-0.516884,-0.787929,13.405696,126.705193,-14.873611,-0.052897,0.892442,0.075861,0.441581,-5.894232,131.120087,29.32021,0.432568,0.872925,0.221169,-0.044401,4.202783,131.57811,42.620979,0.045905,0.378671,0.542989,-0.748107,19.528946,113.448776,35.9944,0.069999,0.188269,0.580189,-0.789326,16.349058,133.465836,20.127438,0.030078,0.8068,0.190376,0.558504,-7.791843,86.530411,15.037614,0.146205,0.921523,0.00835,0.359652,-1.87173,53.137909,2.744561,0.023459,0.931248,0.023216,0.362889,-14.227116,8.251956,-2.909191,-0.103464,0.808644,0.062758,0.575719,-1.249887,86.802589,33.268417,0.037555,0.817495,-0.137165,0.558101,7.392859,51.78653,33.904545,-0.022086,0.819429,0.038576,0.571455,-2.666922,6.786069,42.456074,0.023459,0.931248,0.023216,0.362889,-4.560963,2.350949,-13.97474,-0.022086,0.819429,0.038576,0.571455,11.41991,1.800606,37.220703
682,5.683333,-0.027858,0.817794,0.027871,0.574161,-4.566388,86.679977,24.109406,-0.011318,0.815681,0.060896,0.575177,-5.182456,94.597397,24.217382,0.001628,0.816362,-0.015481,0.577331,-6.896567,113.815483,25.88921,0.139502,0.85777,-0.1707,0.464361,-6.430928,136.481216,25.358671,0.198647,0.869453,-0.336305,0.302473,0.992753,149.216263,21.918568,-0.052473,0.778581,0.048226,0.623484,-8.480049,131.007385,22.022728,0.311059,-0.579561,0.244557,-0.712421,-12.105605,130.646988,5.719496,0.266236,-0.000724,-0.298521,-0.916517,-6.964197,113.171997,-10.883718,0.304933,0.1413,-0.516043,-0.787877,13.316056,126.667046,-14.839576,-0.05164,0.8926,0.075591,0.441458,-5.897894,131.125244,29.324242,0.434345,0.871764,0.222141,-0.044998,4.207139,131.550354,42.620014,0.046513,0.377504,0.544581,-0.747502,19.454765,113.378075,35.930145,0.069927,0.187238,0.580809,-0.789122,16.318707,133.429199,20.100046,0.029644,0.808626,0.19074,0.555755,-7.850986,86.548645,14.998836,0.145417,0.922115,0.008308,0.358453,-1.932623,53.164303,2.682793,0.022888,0.9313,0.0223,0.36285,-14.230331,8.256724,-2.924824,-0.103381,0.809079,0.062163,0.575186,-1.281788,86.81131,33.219975,0.036718,0.817916,-0.136927,0.557599,7.332244,51.788647,33.88142,-0.023156,0.819845,0.037482,0.570887,-2.645912,6.776228,42.465557,0.022888,0.9313,0.0223,0.36285,-4.563215,2.336162,-13.979077,-0.023156,0.819845,0.037482,0.570887,11.436869,1.782104,37.227547
683,5.691667,-0.027183,0.81832,0.028145,0.573429,-4.623266,86.708496,24.054661,-0.010625,0.816072,0.06117,0.574605,-5.232959,94.626259,24.172897,0.002431,0.816762,-0.015383,0.576765,-6.928736,113.828102,25.86861,0.140224,0.857868,-0.170937,0.463876,-6.436287,136.49382,25.362375,0.198849,0.869277,-0.337172,0.301881,1.00515,149.218491,21.922245,-0.051273,0.779417,0.04798,0.622558,-8.496593,131.026154,22.023209,0.311258,-0.580315,0.244964,-0.71158,-12.164857,130.68895,5.729033,0.267304,-0.000681,-0.297255,-0.916618,-7.076385,113.192581,-10.867974,0.30608,0.140541,-0.515192,-0.788125,13.236323,126.629219,-14.820011,-0.050686,0.892805,0.075779,0.441121,-5.904365,131.132843,29.321325,0.436028,0.871532,0.219368,-0.046788,4.213852,131.527939,42.607994,0.045987,0.377288,0.545486,-0.746983,19.381184,113.301537,35.8829,0.070628,0.185975,0.581588,-0.788784,16.285315,133.398315,20.072266,0.030054,0.809557,0.191006,0.554284,-7.924854,86.590225,14.950055,0.144015,0.922307,0.007846,0.358535,-2.042064,53.214962,2.592428,0.023765,0.931383,0.022227,0.362584,-14.236659,8.268648,-2.929372,-0.103587,0.809189,0.06192,0.575021,-1.321677,86.826775,33.159264,0.036407,0.817486,-0.137068,0.558215,7.294374,51.805008,33.841732,-0.02199,0.819473,0.037489,0.571468,-2.673715,6.794062,42.445328,0.023765,0.931383,0.022227,0.362584,-4.586055,2.337578,-13.992421,-0.02199,0.819473,0.037489,0.571468,11.406161,1.780087,37.218479
684,5.7,-0.027051,0.818898,0.028376,0.572599,-4.660559,86.725128,23.996336,-0.010218,0.816483,0.061621,0.57398,-5.270514,94.642799,24.119406,0.003224,0.817172,-0.015235,0.576183,-6.962008,113.841537,25.83952,0.140866,0.858035,-0.171285,0.463243,-6.444407,136.507248,25.359159,0.199222,0.869192,-0.33777,0.30121,1.013449,149.220856,21.913671,-0.050311,0.780262,0.047881,0.621585,-8.515614,131.045868,22.016472,0.311019,-0.580926,0.245687,-0.710936,-12.227586,130.728683,5.731797,0.267845,-0.000806,-0.29619,-0.916804,-7.191568,113.212219,-10.860003,0.306911,0.140078,-0.513912,-0.788719,13.14774,126.598808,-14.810684,-0.048877,0.893082,0.074907,0.440914,-5.913069,131.141037,29.311073,0.43719,0.869823,0.223947,-0.046054,4.217279,131.495972,42.58963,0.04814,0.374632,0.547503,-0.746709,19.337917,113.258934,35.788696,0.071029,0.184471,0.582863,-0.78816,16.255388,133.372955,20.03363,0.030041,0.811154,0.191511,0.55177,-7.980716,86.610764,14.898436,0.1431,0.922684,0.007374,0.357941,-2.115135,53.249393,2.4952,0.021351,0.931505,0.021066,0.362491,-14.251846,8.27775,-2.947291,-0.103434,0.809167,0.061375,0.575137,-1.340402,86.839493,33.094238,0.035702,0.817338,-0.137059,0.558479,7.244453,51.810593,33.803097,-0.023649,0.819544,0.036704,0.57135,-2.671982,6.794658,42.440155,0.021351,0.931505,0.021066,0.362491,-4.581806,2.338819,-13.989126,-0.023649,0.819544,0.036704,0.57135,11.416433,1.789732,37.227676
685,5.708333,-0.02734,0.819373,0.028664,0.57189,-4.690974,86.738846,23.93297,-0.009962,0.81691,0.061957,0.573341,-5.307194,94.656006,24.057676,0.004088,0.817628,-0.014934,0.575539,-6.99716,113.858414,25.795837,0.141586,0.858239,-0.171563,0.462542,-6.455758,136.524261,25.34878,0.199736,0.86905,-0.338536,0.300417,1.019184,149.226929,21.899975,-0.049325,0.78115,0.047269,0.620594,-8.538054,131.070145,22.001093,0.309868,-0.581411,0.246795,-0.710659,-12.294424,130.762924,5.726415,0.267336,-0.001219,-0.29491,-0.917365,-7.313062,113.236534,-10.871412,0.306397,0.140065,-0.513043,-0.789487,13.069468,126.571777,-14.817635,-0.047765,0.893213,0.075053,0.440746,-5.924109,131.151505,29.291784,0.439028,0.868612,0.22493,-0.046633,4.214788,131.471741,42.564697,0.048849,0.373005,0.549446,-0.74605,19.253418,113.190773,35.700169,0.071714,0.183026,0.584461,-0.787251,16.217445,133.354477,19.992908,0.029831,0.812919,0.192052,0.548989,-8.026531,86.622444,14.840731,0.142415,0.923092,0.006835,0.357174,-2.169463,53.275139,2.395737,0.020284,0.931518,0.02041,0.362555,-14.270985,8.284444,-2.967095,-0.103376,0.809216,0.060893,0.57513,-1.355417,86.855247,33.025208,0.034845,0.817335,-0.13732,0.558473,7.206345,51.821224,33.759579,-0.023308,0.819839,0.037469,0.570892,-2.658026,6.806341,42.46151,0.020284,0.931518,0.02041,0.362555,-4.590577,2.338049,-13.99582,-0.023308,0.819839,0.037469,0.570892,11.42606,1.814493,37.224846
686,5.716667,-0.027303,0.81998,0.028935,0.571008,-4.725972,86.756721,23.861429,-0.010307,0.817489,0.062308,0.572471,-5.344023,94.67366,23.990665,0.005381,0.818273,-0.014584,0.57462,-7.051128,113.87796,25.734352,0.141934,0.858606,-0.171851,0.461647,-6.471364,136.543732,25.333374,0.200307,0.868876,-0.339082,0.299924,1.010781,149.23912,21.873432,-0.048362,0.78188,0.046876,0.619781,-8.570491,131.100235,21.97892,0.310013,-0.58238,0.246783,-0.709806,-12.363725,130.807541,5.712523,0.267892,-0.000994,-0.293991,-0.917498,-7.437663,113.272987,-10.893184,0.306949,0.139982,-0.511588,-0.790231,12.966549,126.568207,-14.824173,-0.047147,0.893395,0.075762,0.440322,-5.940364,131.161835,29.263985,0.440214,0.867926,0.225146,-0.047167,4.212958,131.454559,42.526501,0.049232,0.371989,0.550556,-0.745714,19.197706,113.144089,35.622883,0.072176,0.181885,0.58515,-0.786961,16.185635,133.336029,19.947517,0.029451,0.815054,0.192287,0.545752,-8.081098,86.643097,14.776355,0.141513,0.923715,0.006546,0.355923,-2.241915,53.300667,2.309918,0.019555,0.931593,0.020066,0.362422,-14.284012,8.285576,-2.981496,-0.103432,0.809661,0.060349,0.574552,-1.370846,86.870338,32.946503,0.034202,0.817155,-0.137495,0.558733,7.172444,51.832397,33.70866,-0.022668,0.819635,0.037471,0.57121,-2.654578,6.817865,42.454552,0.019555,0.931593,0.020066,0.362422,-4.600123,2.337146,-14.006072,-0.022668,0.819635,0.037471,0.57121,11.427908,1.815093,37.224007
687,5.725,-0.027027,0.820591,0.028982,0.570141,-4.779108,86.760918,23.78303,-0.009765,0.817886,0.062439,0.571899,-5.393861,94.678055,23.916035,0.005999,0.818633,-0.014267,0.574109,-7.086308,113.891373,25.677914,0.142745,0.85871,-0.172046,0.46113,-6.49208,136.55722,25.304424,0.200381,0.868963,-0.339345,0.299326,1.009268,149.241791,21.846378,-0.047504,0.782636,0.047081,0.618876,-8.598913,131.119293,21.945784,0.309555,-0.583027,0.24736,-0.709273,-12.432308,130.850662,5.68839,0.267055,-0.00152,-0.293223,-0.917987,-7.557517,113.305687,-10.921438,0.305571,0.139777,-0.50995,-0.791859,12.866494,126.564804,-14.85354,-0.046051,0.893548,0.075819,0.440118,-5.959808,131.170105,29.227682,0.441117,0.868353,0.22121,-0.049444,4.202941,131.430023,42.483658,0.047861,0.372552,0.550608,-0.745483,19.137611,113.087311,35.55714,0.072192,0.180693,0.585488,-0.786983,16.148031,133.313354,19.892641,0.028779,0.817133,0.192467,0.542607,-8.153703,86.65139,14.70512,0.140623,0.924317,0.006335,0.354716,-2.315894,53.311138,2.232199,0.018896,0.931647,0.020094,0.362317,-14.296601,8.272248,-2.995628,-0.103645,0.809902,0.059903,0.57422,-1.404513,86.870438,32.860939,0.033536,0.817114,-0.137717,0.55878,7.133099,51.831806,33.654495,-0.022467,0.819608,0.037527,0.571253,-2.65499,6.818766,42.451584,0.018896,0.931647,0.020094,0.362317,-4.607529,2.331301,-14.019682,-0.022467,0.819608,0.037527,0.571253,11.426599,1.813919,37.220612
688,5.733333,-0.02617,0.82112,0.028971,0.569419,-4.840237,86.784645,23.682339,-0.008689,0.818237,0.062851,0.571368,-5.443593,94.702515,23.8235,0.006333,0.818975,-0.013998,0.573623,-7.108191,113.894676,25.621431,0.143159,0.858967,-0.171764,0.460629,-6.508793,136.560684,25.26626,0.200655,0.868998,-0.339768,0.29856,0.996504,149.244934,21.815565,-0.04642,0.783583,0.047093,0.617758,-8.620921,131.126099,21.905537,0.309265,-0.583556,0.247583,-0.708887,-12.503913,130.882813,5.659518,0.26622,-0.002034,-0.292628,-0.918418,-7.664961,113.335022,-10.957819,0.303916,0.139788,-0.508926,-0.793151,12.774229,126.565445,-14.892983,-0.045295,0.893599,0.075849,0.440087,-5.973243,131.170135,29.184368,0.441979,0.866695,0.226181,-0.048334,4.192717,131.407211,42.438309,0.049837,0.370226,0.552283,-0.745273,19.095221,113.063477,35.445534,0.071835,0.179738,0.586388,-0.786564,16.114777,133.296158,19.829304,0.027815,0.819453,0.191837,0.539371,-8.231638,86.687943,14.61055,0.139569,0.925226,0.006678,0.352751,-2.411088,53.326302,2.186857,0.018552,0.931673,0.02014,0.362266,-14.302084,8.260116,-3.010503,-0.104067,0.810324,0.05915,0.573625,-1.448837,86.88134,32.754128,0.032843,0.81725,-0.137832,0.558593,7.082906,51.842575,33.602924,-0.022292,0.819615,0.037193,0.571271,-2.656089,6.828201,42.447517,0.018552,0.931673,0.02014,0.362266,-4.610069,2.32393,-14.034536,-0.022292,0.819615,0.037193,0.571271,11.422264,1.812094,37.21862
689,5.741667,-0.026526,0.82184,0.029202,0.568351,-4.85812,86.785164,23.583021,-0.008561,0.818778,0.063596,0.570513,-5.468026,94.70253,23.724751,0.006904,0.819521,-0.013696,0.572844,-7.143469,113.895393,25.55114,0.142584,0.859531,-0.172002,0.459665,-6.531052,136.561447,25.221466,0.201535,0.86897,-0.339622,0.298215,0.958201,149.24855,21.746525,-0.045145,0.784316,0.047259,0.616909,-8.652784,131.132095,21.858345,0.308806,-0.584276,0.247917,-0.708377,-12.574728,130.923172,5.621208,0.265911,-0.001946,-0.292125,-0.918668,-7.785373,113.372185,-11.0071,0.303785,0.140017,-0.507739,-0.793921,12.664622,126.582268,-14.926526,-0.044786,0.893746,0.076204,0.439778,-5.991382,131.165985,29.132223,0.442734,0.866206,0.226469,-0.048843,4.185182,131.383652,42.378361,0.049841,0.369514,0.553006,-0.745091,19.052326,113.024696,35.350334,0.071468,0.178926,0.587189,-0.786185,16.0854,133.284592,19.760597,0.026647,0.821544,0.191986,0.536188,-8.272696,86.684372,14.519975,0.139244,0.925872,0.006274,0.351187,-2.425441,53.322231,2.110142,0.018248,0.931687,0.020268,0.362236,-14.311012,8.247066,-3.021313,-0.104017,0.810981,0.058058,0.572818,-1.443544,86.885963,32.646069,0.032211,0.81742,-0.138076,0.558321,7.041596,51.837204,33.547794,-0.022201,0.819648,0.037265,0.571223,-2.658741,6.825286,42.44722,0.018248,0.931687,0.020268,0.362236,-4.61562,2.317504,-14.045938,-0.022201,0.819648,0.037265,0.571223,11.418625,1.809412,37.21545
690,5.75,-0.025586,0.82245,0.029038,0.567519,-4.920746,86.804108,23.482292,-0.008181,0.819267,0.063804,0.569792,-5.516772,94.722404,23.630995,0.007508,0.820026,-0.013314,0.572122,-7.182177,113.903603,25.47274,0.143066,0.859824,-0.171918,0.458997,-6.55747,136.569733,25.172403,0.201626,0.869151,-0.339579,0.297675,0.938898,149.253159,21.699392,-0.04411,0.784978,0.047361,0.616134,-8.688132,131.146103,21.8057,0.308572,-0.585063,0.247882,-0.707841,-12.645081,130.964172,5.576734,0.265356,-0.002082,-0.291422,-0.919051,-7.900249,113.415741,-11.067049,0.302556,0.139981,-0.507287,-0.794685,12.570151,126.597885,-14.975533,-0.044098,0.893874,0.076713,0.4395,-6.014059,131.168716,29.074972,0.443492,0.866735,0.222369,-0.051351,4.172721,131.359238,42.313671,0.048009,0.370181,0.553048,-0.744848,18.99437,112.973991,35.258369,0.071318,0.178114,0.58816,-0.785657,16.052118,133.283264,19.683277,0.026157,0.822876,0.191942,0.534181,-8.354592,86.715706,14.426398,0.138073,0.926275,0.005857,0.350593,-2.510276,53.350494,2.023441,0.017994,0.931736,0.02023,0.362127,-14.313436,8.244401,-3.025833,-0.10439,0.811342,0.057547,0.572289,-1.4869,86.892517,32.538189,0.03155,0.817534,-0.138354,0.558123,6.999528,51.845116,33.47974,-0.022188,0.819551,0.037042,0.571377,-2.662438,6.836444,42.43716,0.017994,0.931736,0.02023,0.362127,-4.617906,2.316417,-14.051188,-0.022188,0.819551,0.037042,0.571377,11.415449,1.814833,37.212284
691,5.758333,-0.025886,0.822858,0.029686,0.56688,-4.936596,86.81575,23.363729,-0.007882,0.819711,0.064619,0.569065,-5.54224,94.733192,23.51865,0.00796,0.820547,-0.012923,0.571377,-7.214849,113.914993,25.394588,0.143524,0.860147,-0.171736,0.458318,-6.583726,136.581253,25.119961,0.201625,0.869376,-0.339566,0.297032,0.917961,149.262573,21.650715,-0.043847,0.785495,0.048292,0.615421,-8.722107,131.162262,21.750681,0.307604,-0.585663,0.248454,-0.707566,-12.709178,131.004501,5.528834,0.26404,-0.002722,-0.290748,-0.919642,-8.012952,113.458298,-11.131064,0.300743,0.140077,-0.506502,-0.795857,12.475319,126.609299,-15.04066,-0.043791,0.893952,0.077031,0.439316,-6.034951,131.175461,29.01515,0.444579,0.865035,0.227017,-0.050273,4.15813,131.352753,42.249184,0.049686,0.367843,0.554943,-0.744487,18.937582,112.958,35.130375,0.071488,0.177218,0.588771,-0.785387,16.017305,133.285004,19.613503,0.025811,0.823934,0.191586,0.532693,-8.384174,86.729126,14.313036,0.137377,0.926802,0.005269,0.349481,-2.555597,53.35276,1.932725,0.017122,0.931765,0.020498,0.362079,-14.324912,8.228058,-3.02849,-0.104443,0.811942,0.056436,0.571539,-1.489019,86.902374,32.414421,0.030817,0.817626,-0.138627,0.557962,6.956062,51.846622,33.415096,-0.022478,0.819567,0.036786,0.571359,-2.662147,6.840754,42.433483,0.017122,0.931765,0.020498,0.362079,-4.619316,2.316307,-14.053704,-0.022478,0.819567,0.036786,0.571359,11.416587,1.817773,37.212208
692,5.766667,-0.025794,0.823344,0.029989,0.566163,-4.971884,86.829636,23.245075,-0.007166,0.820122,0.065197,0.568417,-5.578913,94.746864,23.405306,0.008181,0.820981,-0.012509,0.57076,-7.239846,113.92424,25.31637,0.143981,0.86044,-0.171282,0.457793,-6.611419,136.59082,25.06238,0.201522,0.869607,-0.339656,0.296322,0.893106,149.273682,21.604904,-0.043176,0.786309,0.048405,0.614419,-8.754296,131.17482,21.691143,0.3073,-0.586498,0.248026,-0.707156,-12.784465,131.034195,5.479787,0.263944,-0.002486,-0.290198,-0.919844,-8.12601,113.504051,-11.20761,0.300682,0.140185,-0.506326,-0.795973,12.378428,126.636314,-15.098055,-0.043319,0.894054,0.077586,0.439058,-6.056269,131.181366,28.951597,0.444725,0.86563,0.224038,-0.052074,4.145758,131.337219,42.179008,0.048439,0.368289,0.55469,-0.744537,18.909739,112.93573,35.045551,0.071522,0.176244,0.589121,-0.78534,15.98982,133.291504,19.535805,0.02521,0.824646,0.191681,0.531585,-8.435297,86.747131,14.20039,0.136682,0.927112,0.004406,0.348944,-2.583942,53.371178,1.829708,0.016953,0.931853,0.020557,0.361857,-14.325331,8.227828,-3.02694,-0.104589,0.812208,0.055755,0.571201,-1.508471,86.912132,32.289761,0.030019,0.817579,-0.139073,0.557962,6.917747,51.853085,33.332745,-0.023002,0.819588,0.036425,0.571331,-2.66251,6.854293,42.426533,0.016953,0.931853,0.020557,0.361857,-4.622699,2.319567,-14.056635,-0.023002,0.819588,0.036425,0.571331,11.418398,1.831401,37.211033
693,5.775,-0.025618,0.823828,0.030308,0.565449,-5.005746,86.840645,23.12977,-0.006959,0.820499,0.065654,0.567822,-5.613196,94.757713,23.296288,0.008748,0.821379,-0.012062,0.570188,-7.276245,113.933159,25.227524,0.144599,0.860793,-0.170421,0.457257,-6.638454,136.599808,25.004396,0.201291,0.869897,-0.339958,0.295278,0.867903,149.287979,21.57048,-0.042687,0.78696,0.048585,0.613606,-8.788271,131.189438,21.628529,0.306647,-0.587282,0.24801,-0.706795,-12.85323,131.06311,5.425745,0.264066,-0.001987,-0.28985,-0.91992,-8.23974,113.544975,-11.286728,0.301872,0.140137,-0.50606,-0.7957,12.273535,126.668228,-15.151501,-0.043034,0.894255,0.077941,0.438612,-6.080289,131.184677,28.885273,0.44559,0.864867,0.225189,-0.052388,4.135639,131.328247,42.102085,0.048366,0.367452,0.555605,-0.744273,18.860012,112.91301,34.92239,0.071218,0.176076,0.589142,-0.78539,15.960792,133.298965,19.450226,0.024589,0.824931,0.191734,0.531152,-8.484995,86.763802,14.091116,0.136134,0.927692,0.003699,0.347622,-2.601144,53.3871,1.737885,0.018234,0.931892,0.0212,0.361657,-14.3259,8.22919,-3.022677,-0.104646,0.812669,0.055078,0.5706,-1.526497,86.91748,32.168423,0.029139,0.817433,-0.139536,0.558108,6.876231,51.85387,33.247025,-0.023471,0.819616,0.035911,0.571305,-2.662259,6.862304,42.42009,0.018234,0.931892,0.0212,0.361657,-4.639335,2.325917,-14.069152,-0.023471,0.819616,0.035911,0.571305,11.419468,1.834758,37.211304
694,5.783333,-0.025195,0.824229,0.030309,0.564884,-5.047741,86.856201,23.015244,-0.006659,0.820936,0.066066,0.567147,-5.649552,94.773613,23.185986,0.008821,0.821872,-0.011684,0.569484,-7.309766,113.93869,25.137346,0.143985,0.861285,-0.170679,0.456427,-6.679168,136.605682,24.929655,0.20198,0.870022,-0.339322,0.295172,0.811103,149.29689,21.471947,-0.04204,0.787354,0.048923,0.613117,-8.83313,131.197128,21.553524,0.305921,-0.58779,0.248178,-0.706628,-12.919942,131.093399,5.356084,0.263691,-0.001919,-0.289242,-0.920219,-8.340006,113.584808,-11.375609,0.301603,0.140244,-0.506247,-0.795664,12.190099,126.685295,-15.22394,-0.042635,0.894441,0.07849,0.438175,-6.112741,131.187897,28.80562,0.445601,0.863994,0.228686,-0.051549,4.117139,131.312927,42.011822,0.049318,0.365904,0.556271,-0.744476,18.845362,112.916008,34.793179,0.070758,0.175778,0.589409,-0.785297,15.928171,133.302719,19.360086,0.02428,0.824995,0.191656,0.531094,-8.539773,86.785591,13.98147,0.135496,0.928112,0.002961,0.346756,-2.641459,53.405655,1.64389,0.017775,0.9319,0.020898,0.361677,-14.340409,8.231044,-3.020724,-0.104704,0.813471,0.054116,0.569538,-1.55571,86.926819,32.049015,0.028293,0.817678,-0.13975,0.557739,6.812737,51.85651,33.17532,-0.023578,0.819535,0.035625,0.571435,-2.667901,6.865984,42.413216,0.017775,0.9319,0.020898,0.361677,-4.649646,2.324044,-14.061518,-0.023578,0.819535,0.035625,0.571435,11.414737,1.833218,37.211945
695,5.791667,-0.024571,0.82468,0.03076,0.564228,-5.091588,86.870659,22.869263,-0.006264,0.821269,0.067002,0.566558,-5.689128,94.788124,23.051987,0.009302,0.822261,-0.011383,0.568921,-7.356242,113.952347,25.043123,0.144386,0.861573,-0.170435,0.455847,-6.715633,136.619263,24.858665,0.201862,0.870319,-0.339182,0.294539,0.77839,149.309753,21.406403,-0.041589,0.787947,0.049213,0.612363,-8.876612,131.215286,21.479706,0.305185,-0.588197,0.24861,-0.706455,-12.995538,131.127304,5.290315,0.263151,-0.002054,-0.289272,-0.920363,-8.449795,113.620972,-11.453062,0.301973,0.139963,-0.505215,-0.796229,12.075766,126.720917,-15.299543,-0.041572,0.894749,0.078258,0.437689,-6.146428,131.197113,28.728104,0.445771,0.864598,0.225642,-0.05333,4.100671,131.295471,41.921173,0.047922,0.366433,0.555882,-0.744598,18.812189,112.890076,34.690071,0.070617,0.175186,0.589345,-0.78549,15.890327,133.306656,19.263063,0.023442,0.824976,0.191451,0.531236,-8.598549,86.814339,13.841178,0.134903,0.928586,0.002524,0.34572,-2.656224,53.425835,1.547997,0.017071,0.931972,0.019955,0.361578,-14.323938,8.235952,-3.046333,-0.10514,0.813835,0.053243,0.56902,-1.584626,86.926979,31.897348,0.027656,0.81751,-0.140038,0.557944,6.774308,51.856506,33.08741,-0.022734,0.819094,0.035662,0.572098,-2.674785,6.870189,42.37801,0.017071,0.931972,0.019955,0.361578,-4.632069,2.310103,-14.076047,-0.022734,0.819094,0.035662,0.572098,11.408893,1.823807,37.192776
696,5.8,-0.024603,0.825071,0.031022,0.563641,-5.114096,86.887871,22.747494,-0.00633,0.821601,0.067524,0.566014,-5.714275,94.805054,22.933783,0.009746,0.822631,-0.010917,0.568388,-7.392897,113.958908,24.940264,0.144309,0.861953,-0.170102,0.455277,-6.74788,136.625916,24.784206,0.201801,0.870551,-0.339002,0.294102,0.737322,149.321777,21.332624,-0.041657,0.788218,0.050185,0.611931,-8.914289,131.22673,21.401051,0.304109,-0.58884,0.248913,-0.706278,-13.050738,131.155731,5.216034,0.262716,-0.001702,-0.288972,-0.920583,-8.549681,113.662598,-11.5532,0.302517,0.140063,-0.505347,-0.795921,11.985963,126.757538,-15.373886,-0.041296,0.894929,0.078581,0.437289,-6.174833,131.198654,28.64592,0.446496,0.863198,0.229693,-0.052641,4.084702,131.285339,41.829411,0.049218,0.364375,0.557318,-0.74445,18.767948,112.882744,34.534031,0.070442,0.174276,0.589695,-0.785447,15.853151,133.31543,19.159655,0.023265,0.824736,0.191565,0.531575,-8.633871,86.833359,13.724382,0.134408,0.928749,0.001606,0.345481,-2.67156,53.447403,1.433928,0.016898,0.932012,0.019494,0.361509,-14.328061,8.244658,-3.061344,-0.105063,0.814419,0.052373,0.568278,-1.594321,86.942383,31.770605,0.026775,0.817531,-0.14045,0.557853,6.72601,51.864124,33.000771,-0.023436,0.819242,0.034878,0.571906,-2.676009,6.884155,42.369534,0.016898,0.932012,0.019494,0.361509,-4.638075,2.307881,-14.086847,-0.023436,0.819242,0.034878,0.571906,11.406927,1.830533,37.18932
697,5.808333,-0.024521,0.825294,0.031494,0.563291,-5.1326,86.902611,22.614933,-0.006297,0.821889,0.068127,0.565524,-5.73584,94.819389,22.808392,0.010052,0.823,-0.010428,0.567857,-7.425144,113.967339,24.835327,0.144211,0.862413,-0.169311,0.454733,-6.781388,136.634537,24.704977,0.201875,0.870718,-0.33916,0.293373,0.689185,149.342148,21.264883,-0.040583,0.789226,0.050074,0.610711,-8.951861,131.239212,21.318274,0.304181,-0.589486,0.24811,-0.70599,-13.141094,131.190811,5.146754,0.262665,-0.001606,-0.288558,-0.920727,-8.657891,113.717377,-11.647781,0.302062,0.140306,-0.505009,-0.796265,11.888471,126.796173,-15.457874,-0.041738,0.895011,0.079588,0.436896,-6.203158,131.202789,28.559601,0.44663,0.863136,0.229502,-0.053352,4.066637,131.289139,41.735107,0.049434,0.363739,0.557447,-0.744649,18.740242,112.889717,34.412338,0.070679,0.173318,0.590032,-0.785384,15.809067,133.330505,19.05217,0.023134,0.824795,0.191301,0.531585,-8.660087,86.854248,13.594797,0.13385,0.929141,0.00083,0.344645,-2.700025,53.460575,1.324263,0.016277,0.932027,0.019258,0.361511,-14.338073,8.243629,-3.074943,-0.105003,0.814859,0.051514,0.567736,-1.605114,86.950974,31.635071,0.025814,0.817272,-0.140934,0.558156,6.677806,51.865364,32.907558,-0.024849,0.819349,0.033232,0.571792,-2.679148,6.893414,42.359554,0.016277,0.932027,0.019258,0.361511,-4.642107,2.306647,-14.095077,-0.024849,0.819349,0.033232,0.571792,11.40531,1.823554,37.199379
698,5.816667,-0.024249,0.825466,0.032028,0.563021,-5.164883,86.917114,22.471481,-0.005894,0.822218,0.068821,0.564966,-5.769265,94.833565,22.674564,0.01012,0.823441,-0.009948,0.567224,-7.459854,113.981697,24.733768,0.144115,0.862772,-0.169085,0.454164,-6.825994,136.649292,24.622614,0.201894,0.870916,-0.338924,0.293045,0.636598,149.361008,21.180477,-0.040063,0.789667,0.050446,0.610144,-8.999345,131.256042,21.234436,0.304135,-0.590046,0.247767,-0.705662,-13.213086,131.227417,5.069245,0.261664,-0.002184,-0.288368,-0.921071,-8.754105,113.762856,-11.740952,0.300075,0.140351,-0.504321,-0.797444,11.795727,126.829384,-15.560267,-0.041472,0.895347,0.080397,0.436085,-6.239537,131.214355,28.471512,0.447348,0.86279,0.22919,-0.054272,4.054662,131.283585,41.628056,0.049256,0.362818,0.558107,-0.744616,18.691769,112.87085,34.265823,0.071215,0.172408,0.59034,-0.785304,15.762898,133.349426,18.939192,0.022886,0.824471,0.191195,0.532136,-8.698523,86.878677,13.453707,0.133288,0.929088,-0.000294,0.345008,-2.719692,53.481239,1.202548,0.016513,0.932044,0.018984,0.36147,-14.344387,8.250138,-3.085023,-0.105233,0.815003,0.050551,0.567574,-1.631243,86.955551,31.489256,0.024876,0.817114,-0.141212,0.558359,6.626264,51.866341,32.826,-0.023843,0.819079,0.034316,0.572156,-2.675709,6.897306,42.345898,0.016513,0.932044,0.018984,0.36147,-4.653395,2.303247,-14.104186,-0.023843,0.819079,0.034316,0.572156,11.410671,1.836831,37.181763
699,5.825,-0.024108,0.825671,0.032276,0.562712,-5.193195,86.934258,22.339794,-0.005688,0.82242,0.069294,0.564616,-5.797868,94.850563,22.547609,0.010285,0.823689,-0.009405,0.56687,-7.491211,113.994682,24.626781,0.144665,0.862911,-0.168994,0.45376,-6.865191,136.662598,24.539848,0.201047,0.871459,-0.338523,0.292474,0.607549,149.369949,21.103577,-0.040099,0.789928,0.051444,0.609721,-9.039577,131.272308,21.147629,0.303163,-0.591179,0.247523,-0.705218,-13.270462,131.262009,4.986894,0.261115,-0.001604,-0.287948,-0.921359,-8.871466,113.822708,-11.865282,0.300321,0.140655,-0.504006,-0.797497,11.691538,126.882462,-15.645297,-0.041448,0.895445,0.080802,0.435811,-6.273606,131.223663,28.382307,0.447195,0.862564,0.230184,-0.05491,4.028622,131.28714,41.532589,0.050055,0.36161,0.558219,-0.745067,18.669044,112.895798,34.123646,0.071468,0.171424,0.591059,-0.784956,15.702806,133.371002,18.818266,0.022474,0.824541,0.19138,0.531978,-8.733702,86.900482,13.324697,0.132879,0.928917,-0.001528,0.345621,-2.725517,53.506821,1.077611,0.016292,0.932072,0.018317,0.361443,-14.352467,8.265728,-3.096888,-0.105249,0.815241,0.049684,0.567306,-1.652688,86.968025,31.354893,0.023946,0.817069,-0.141603,0.558367,6.571049,51.87278,32.740379,-0.025965,0.819329,0.03178,0.571852,-2.680134,6.909844,42.338261,0.016292,0.932072,0.018317,0.361443,-4.662804,2.302706,-14.108494,-0.025965,0.819329,0.03178,0.571852,11.406534,1.823505,37.200401
700,5.833333,-0.024573,0.82578,0.032909,0.562495,-5.196088,86.944809,22.199492,-0.005753,0.822715,0.070028,0.564095,-5.812443,94.860092,22.411606,0.010527,0.824104,-0.008815,0.566273,-7.52321,114.008011,24.514456,0.144301,0.863381,-0.168392,0.453205,-6.903371,136.676163,24.455322,0.20103,0.871541,-0.338764,0.291962,0.550501,149.395447,21.022161,-0.039825,0.790384,0.052012,0.609099,-9.081192,131.289597,21.059408,0.303249,-0.591753,0.247041,-0.704869,-13.338128,131.296387,4.90551,0.260379,-0.00189,-0.288039,-0.921538,-8.960824,113.86702,-11.962581,0.299026,0.140643,-0.503449,-0.798337,11.59432,126.926552,-15.745345,-0.041352,0.895545,0.081425,0.435498,-6.30481,131.232544,28.290037,0.447435,0.862462,0.229808,-0.056117,4.006798,131.285065,41.433018,0.050081,0.360765,0.558452,-0.7453,18.630043,112.898407,33.978638,0.071637,0.170532,0.592097,-0.784352,15.645226,133.394699,18.697132,0.022394,0.824767,0.191141,0.531718,-8.740886,86.910316,13.186082,0.13238,0.928837,-0.002724,0.34602,-2.741089,53.509808,0.953579,0.017214,0.932101,0.019127,0.361283,-14.362454,8.256772,-3.105473,-0.105299,0.815541,0.048837,0.566939,-1.65129,86.979294,31.212902,0.023188,0.817038,-0.142153,0.558304,6.541754,51.878792,32.646358,-0.025738,0.819237,0.031359,0.572018,-2.679257,6.927151,42.325817,0.017214,0.932101,0.019127,0.361283,-4.683089,2.306892,-14.133236,-0.025738,0.819237,0.031359,0.572018,11.405003,1.826575,37.195473
701,5.841667,-0.024203,0.825972,0.033315,0.562205,-5.217762,86.955048,22.050873,-0.005631,0.82292,0.070847,0.563694,-5.832811,94.870201,22.271822,0.010642,0.824392,-0.008221,0.56586,-7.556885,114.01796,24.404526,0.144287,0.863751,-0.168318,0.45253,-6.94802,136.686478,24.370279,0.200796,0.871997,-0.338351,0.29124,0.501145,149.407013,20.931587,-0.039093,0.791221,0.051843,0.608074,-9.126614,131.302673,20.97047,0.302412,-0.592178,0.246695,-0.704992,-13.427183,131.32251,4.828146,0.259848,-0.001824,-0.287645,-0.921812,-9.066317,113.9217,-12.073666,0.298824,0.140914,-0.503364,-0.798419,11.501399,126.968956,-15.841113,-0.040692,0.89583,0.081587,0.434943,-6.343035,131.238846,28.198273,0.447618,0.862412,0.229248,-0.057687,3.986516,131.271179,41.327217,0.049992,0.359799,0.558595,-0.745665,18.592831,112.894012,33.816479,0.071999,0.169306,0.592376,-0.784374,15.579978,133.413559,18.565165,0.022183,0.824726,0.191032,0.531829,-8.769226,86.930618,13.040057,0.131724,0.928615,-0.00374,0.346855,-2.759455,53.526413,0.822525,0.017063,0.932211,0.018663,0.361032,-14.354207,8.257738,-3.137085,-0.105503,0.815858,0.047641,0.566546,-1.6663,86.979477,31.061687,0.022289,0.817052,-0.142336,0.558275,6.490907,51.87376,32.56979,-0.025879,0.819145,0.031207,0.572152,-2.670386,6.923169,42.310612,0.017063,0.932211,0.018663,0.361032,-4.681244,2.296758,-14.16447,-0.025879,0.819145,0.031207,0.572152,11.415909,1.821318,37.187134
702,5.85,-0.023548,0.826192,0.033234,0.561914,-5.265063,86.979225,21.917749,-0.005289,0.823227,0.071182,0.563208,-5.870728,94.894958,22.143705,0.010747,0.824775,-0.007631,0.565308,-7.588665,114.026688,24.293848,0.144166,0.864121,-0.168036,0.451967,-6.991028,136.695526,24.283943,0.20044,0.872245,-0.338412,0.290673,0.448915,149.421204,20.844286,-0.039197,0.791333,0.05272,0.607846,-9.171487,131.314438,20.881063,0.302037,-0.592687,0.246631,-0.704747,-13.481053,131.34877,4.741165,0.258934,-0.002147,-0.287663,-0.922062,-9.148334,113.956543,-12.176699,0.297531,0.141089,-0.50352,-0.798772,11.420461,127.005196,-15.946481,-0.040781,0.896023,0.082311,0.434402,-6.378263,131.243942,28.10508,0.447904,0.861885,0.230538,-0.058214,3.966773,131.270142,41.221844,0.050614,0.35847,0.558917,-0.746022,18.557497,112.902153,33.65852,0.071981,0.168324,0.591888,-0.784955,15.514488,133.432953,18.435413,0.021442,0.825046,0.191194,0.531305,-8.823474,86.964088,12.909654,0.131236,0.928847,-0.004946,0.346404,-2.771086,53.562019,0.70733,0.016899,0.932326,0.01784,0.360784,-14.365198,8.282295,-3.125728,-0.105482,0.816231,0.046496,0.566108,-1.706653,86.994354,30.925846,0.021852,0.817296,-0.142496,0.557894,6.403872,51.880531,32.495914,-0.02583,0.818614,0.03093,0.57293,-2.727758,6.932407,42.27594,0.016899,0.932326,0.01784,0.360784,-4.700125,2.300467,-14.148741,-0.02583,0.818614,0.03093,0.57293,11.366064,1.822995,37.180775
703,5.858333,-0.023275,0.82644,0.033528,0.561544,-5.287369,86.988678,21.773579,-0.005167,0.823441,0.07177,0.562821,-5.891973,94.904297,22.006107,0.010879,0.825036,-0.007021,0.564931,-7.618189,114.036942,24.178778,0.144174,0.864409,-0.167575,0.451586,-7.03123,136.706055,24.194784,0.200066,0.87246,-0.338542,0.290131,0.401472,149.437851,20.762157,-0.038956,0.791892,0.053111,0.607099,-9.212227,131.327896,20.787594,0.30064,-0.593057,0.246991,-0.704907,-13.552724,131.374496,4.656014,0.257532,-0.002484,-0.287531,-0.922495,-9.250408,114.003159,-12.291031,0.296655,0.141335,-0.50299,-0.799388,11.321817,127.047684,-16.054544,-0.040849,0.896209,0.083023,0.433875,-6.412452,131.250305,28.009003,0.448086,0.861796,0.230153,-0.059633,3.947683,131.269928,41.113857,0.051143,0.357069,0.55898,-0.74661,18.522097,112.91114,33.496952,0.072353,0.166604,0.592742,-0.784643,15.431234,133.454498,18.301977,0.020897,0.825708,0.191112,0.530326,-8.854077,86.980774,12.768754,0.130676,0.929077,-0.005941,0.345982,-2.786941,53.574772,0.584539,0.0166,0.93238,0.01744,0.360677,-14.36723,8.282319,-3.138374,-0.105578,0.816016,0.045501,0.566481,-1.720661,86.996582,30.778402,0.020889,0.817094,-0.142827,0.558141,6.354454,51.877617,32.414558,-0.024877,0.818438,0.031827,0.573174,-2.723563,6.934479,42.267113,0.0166,0.93238,0.01744,0.360677,-4.703178,2.292573,-14.157984,-0.024877,0.818438,0.031827,0.573174,11.370044,1.830659,37.165745
704,5.866667,-0.023011,0.826434,0.03401,0.561535,-5.310231,87.00705,21.627998,-0.004895,0.823546,0.072428,0.562586,-5.915658,94.922348,21.869204,0.010753,0.825231,-0.006493,0.564655,-7.646357,114.045692,24.068447,0.143579,0.864728,-0.167598,0.451156,-7.077651,136.71524,24.100813,0.200014,0.872634,-0.33827,0.289961,0.338627,149.452942,20.654596,-0.03856,0.79219,0.053706,0.606682,-9.256582,131.33786,20.691103,0.300497,-0.593616,0.246718,-0.704593,-13.615009,131.405869,4.564436,0.257498,-0.00209,-0.287814,-0.922417,-9.338734,114.043716,-12.398622,0.297288,0.141386,-0.503053,-0.799104,11.222733,127.103172,-16.146799,-0.040637,0.896401,0.083432,0.43342,-6.451938,131.257187,27.910591,0.448648,0.861418,0.230161,-0.06083,3.92197,131.266083,41.004555,0.050999,0.356094,0.559473,-0.746717,18.464455,112.905411,33.331352,0.072661,0.165475,0.592038,-0.785384,15.36558,133.479828,18.171955,0.020253,0.826516,0.190938,0.529153,-8.877378,87.008598,12.623346,0.130126,0.929124,-0.00707,0.346044,-2.795865,53.59589,0.464746,0.016415,0.932521,0.017127,0.360335,-14.365403,8.291346,-3.142673,-0.105854,0.815865,0.044599,0.566718,-1.743086,87.005493,30.63265,0.019959,0.816746,-0.143154,0.5586,6.311031,51.884872,32.335453,-0.024445,0.818316,0.031888,0.573363,-2.718401,6.946954,42.25626,0.016415,0.932521,0.017127,0.360335,-4.708741,2.295089,-14.165216,-0.024445,0.818316,0.031888,0.573363,11.37406,1.83719,37.157669
705,5.875,-0.022951,0.826599,0.034483,0.561264,-5.327363,87.020157,21.479136,-0.004771,0.8238,0.073099,0.562128,-5.936131,94.93499,21.727274,0.010804,0.825574,-0.005824,0.564161,-7.676683,114.059677,23.951969,0.143703,0.864978,-0.167339,0.450734,-7.123142,136.729568,24.010315,0.199471,0.872872,-0.338392,0.289478,0.290884,149.469528,20.567623,-0.038651,0.792681,0.054296,0.605983,-9.302516,131.354706,20.59687,0.300305,-0.594185,0.246085,-0.704418,-13.689044,131.430374,4.477857,0.256453,-0.002535,-0.287642,-0.922761,-9.430664,114.089569,-12.511516,0.295498,0.14122,-0.502659,-0.800045,11.134628,127.139984,-16.262787,-0.040299,0.896695,0.084284,0.432678,-6.489244,131.267456,27.812925,0.448457,0.861576,0.229558,-0.062269,3.907051,131.256363,40.889122,0.050822,0.355204,0.559142,-0.7474,18.449255,112.914803,33.169849,0.073052,0.164339,0.591072,-0.786314,15.298616,133.502151,18.037792,0.019718,0.826911,0.19097,0.528545,-8.900441,87.027565,12.476835,0.129634,0.929244,-0.008311,0.345879,-2.794741,53.614204,0.332127,0.016244,0.932604,0.016668,0.360151,-14.363034,8.299464,-3.149052,-0.105931,0.815441,0.043382,0.567409,-1.754284,87.012749,30.481438,0.018898,0.816265,-0.143312,0.559299,6.253489,51.885574,32.265644,-0.024969,0.81816,0.031596,0.573578,-2.711446,6.948024,42.246429,0.016244,0.932604,0.016668,0.360151,-4.71092,2.292418,-14.169712,-0.024969,0.81816,0.031596,0.573578,11.3866,1.840148,37.1614
706,5.883333,-0.023231,0.826923,0.03475,0.560759,-5.341641,87.036697,21.343664,-0.004858,0.824106,0.073581,0.561615,-5.956306,94.951027,21.593178,0.011023,0.825919,-0.005218,0.563657,-7.70777,114.062706,23.831076,0.143514,0.865351,-0.166843,0.45026,-7.161476,136.732666,23.917391,0.199101,0.873081,-0.338482,0.288996,0.239628,149.481262,20.478798,-0.038282,0.793118,0.054696,0.605398,-9.343231,131.361435,20.499792,0.299142,-0.59447,0.246425,-0.704553,-13.754379,131.453354,4.387588,0.255585,-0.002612,-0.28772,-0.922977,-9.520999,114.128944,-12.624749,0.295369,0.141513,-0.50326,-0.799663,11.048649,127.189316,-16.369434,-0.040822,0.896819,0.085376,0.432157,-6.521226,131.265976,27.712328,0.448248,0.86146,0.230194,-0.063014,3.88869,131.256439,40.777676,0.051451,0.353883,0.558979,-0.748106,18.435503,112.936661,33.01545,0.073362,0.163012,0.59063,-0.786893,15.227511,133.528458,17.904881,0.018954,0.827829,0.191152,0.527069,-8.925447,87.042038,12.345633,0.129227,0.929657,-0.009094,0.3449,-2.788837,53.631561,0.208589,0.01618,0.932654,0.016136,0.360049,-14.351195,8.308214,-3.178911,-0.106452,0.815714,0.042381,0.566994,-1.757835,87.031357,30.341698,0.017895,0.816571,-0.143922,0.558728,6.240434,51.905979,32.202103,-0.024262,0.81885,0.030999,0.572656,-2.672503,6.981409,42.287315,0.01618,0.932654,0.016136,0.360049,-4.703296,2.287246,-14.195657,-0.024262,0.81885,0.030999,0.572656,11.404424,1.846623,37.17099
707,5.891667,-0.023006,0.826989,0.035283,0.560638,-5.361541,87.052498,21.190817,-0.004697,0.824289,0.074214,0.561264,-5.977948,94.966408,21.449427,0.01096,0.826196,-0.004581,0.563258,-7.737104,114.075027,23.711637,0.142877,0.865769,-0.166811,0.449672,-7.209391,136.745346,23.819965,0.199273,0.873182,-0.338437,0.288624,0.172763,149.501007,20.366894,-0.038014,0.793646,0.055102,0.604686,-9.389998,131.375702,20.39912,0.299676,-0.59488,0.245558,-0.704282,-13.830617,131.480927,4.295094,0.255518,-0.002702,-0.287858,-0.922952,-9.600263,114.168205,-12.729881,0.294721,0.14147,-0.503235,-0.799925,10.959977,127.229866,-16.478437,-0.040814,0.896945,0.085728,0.431828,-6.561004,131.275406,27.60885,0.449057,0.861095,0.229599,-0.064404,3.858448,131.261627,40.666592,0.051242,0.353203,0.55947,-0.748074,18.360767,112.929489,32.850498,0.073563,0.161754,0.58948,-0.787996,15.15593,133.547134,17.769741,0.018353,0.828257,0.191013,0.526466,-8.948183,87.067139,12.193925,0.12885,0.929706,-0.010191,0.344876,-2.789803,53.651215,0.082944,0.016167,0.932591,0.015483,0.36024,-14.355439,8.320749,-3.196384,-0.106831,0.815848,0.041181,0.566819,-1.774899,87.037865,30.187712,0.017088,0.816407,-0.144193,0.558924,6.197096,51.911076,32.132496,-0.023736,0.818846,0.030833,0.572693,-2.670624,6.991169,42.278172,0.016167,0.932591,0.015483,0.36024,-4.706082,2.28182,-14.202015,-0.023736,0.818846,0.030833,0.572693,11.401079,1.84324,37.160683
708,5.9,-0.02292,0.827143,0.035388,0.560408,-5.378247,87.064743,21.051395,-0.004708,0.824483,0.074898,0.560888,-5.994397,94.978592,21.312309,0.010919,0.826463,-0.004059,0.56287,-7.76738,114.080086,23.596331,0.142895,0.866086,-0.166194,0.449283,-7.254467,136.750641,23.722933,0.199051,0.873351,-0.338753,0.287895,0.118823,149.514359,20.280746,-0.037816,0.794009,0.055686,0.604168,-9.434728,131.382401,20.299675,0.298532,-0.594995,0.246247,-0.704431,-13.89676,131.503281,4.201677,0.254297,-0.003007,-0.288375,-0.923127,-9.689802,114.196716,-12.835349,0.294731,0.140915,-0.502698,-0.800357,10.856388,127.281189,-16.587111,-0.040658,0.897197,0.086339,0.431196,-6.598959,131.278,27.506689,0.449009,0.860926,0.230106,-0.065179,3.839138,131.252914,40.549515,0.051833,0.351779,0.559526,-0.748662,18.3386,112.936935,32.69035,0.074511,0.160413,0.588865,-0.78864,15.085563,133.565369,17.6376,0.017784,0.829202,0.190759,0.52509,-8.969958,87.081657,12.056527,0.127993,0.930353,-0.0113,0.343415,-2.807415,53.657246,-0.028887,0.016027,0.933003,0.015744,0.359166,-14.340335,8.308352,-3.165497,-0.106697,0.815454,0.039923,0.567501,-1.786536,87.047829,30.046263,0.016117,0.816434,-0.144311,0.558883,6.125093,51.911621,32.065987,-0.024871,0.818963,0.029437,0.572551,-2.673911,6.991881,42.272057,0.016027,0.933003,0.015744,0.359166,-4.713191,2.278714,-14.195648,-0.024871,0.818963,0.029437,0.572551,11.397982,1.829268,37.169899
709,5.908333,-0.02276,0.827346,0.035441,0.560111,-5.407988,87.072182,20.909521,-0.004729,0.824738,0.075374,0.560449,-6.022402,94.986084,21.172781,0.011163,0.826789,-0.003631,0.562389,-7.805492,114.088501,23.472748,0.142282,0.866534,-0.165752,0.448777,-7.294279,136.758972,23.621307,0.199319,0.873298,-0.339033,0.28754,0.056212,149.534897,20.175629,-0.037669,0.794564,0.056195,0.6034,-9.47804,131.393951,20.195221,0.299595,-0.595539,0.244928,-0.703979,-13.971435,131.526871,4.106039,0.254835,-0.002914,-0.288377,-0.922978,-9.764502,114.2323,-12.943181,0.294262,0.140923,-0.503596,-0.799963,10.78319,127.316818,-16.698645,-0.040331,0.897256,0.086674,0.431036,-6.633974,131.282623,27.398861,0.449147,0.860871,0.229616,-0.066669,3.809614,131.243439,40.437263,0.051787,0.35095,0.559529,-0.749053,18.293327,112.938141,32.524349,0.074876,0.159267,0.588185,-0.789345,15.010148,133.582779,17.496532,0.016959,0.829728,0.190821,0.524262,-9.006298,87.091949,11.917295,0.12753,0.930664,-0.012282,0.34271,-2.80408,53.667198,-0.146868,0.015096,0.933122,0.014934,0.358932,-14.331139,8.30938,-3.174126,-0.107028,0.815722,0.038907,0.567124,-1.809678,87.052414,29.901747,0.015169,0.81646,-0.144634,0.558788,6.080821,51.915527,31.991083,-0.022597,0.81879,0.030619,0.572831,-2.661324,7.001776,42.272125,0.015096,0.933122,0.014934,0.358932,-4.702671,2.266968,-14.196132,-0.022597,0.81879,0.030619,0.572831,11.400654,1.829036,37.152905
710,5.916667,-0.022716,0.827635,0.035603,0.559676,-5.43168,87.07933,20.764032,-0.004491,0.825036,0.075908,0.559941,-6.046822,94.99308,21.030132,0.011045,0.827133,-0.002978,0.56189,-7.833192,114.100182,23.354177,0.14176,0.866861,-0.165877,0.448264,-7.342981,136.770966,23.523945,0.199493,0.87328,-0.339072,0.287428,-0.006429,149.550659,20.062525,-0.037561,0.794882,0.056707,0.602939,-9.525835,131.407211,20.095314,0.299634,-0.595887,0.244611,-0.703778,-14.038092,131.552002,4.011515,0.254711,-0.002969,-0.288543,-0.922961,-9.843965,114.264572,-13.048095,0.294227,0.140685,-0.503914,-0.799818,10.698054,127.355125,-16.806211,-0.040488,0.897447,0.086973,0.430564,-6.67303,131.291611,27.295431,0.449274,0.860795,0.229414,-0.067487,3.783715,131.254471,40.323292,0.052361,0.349979,0.559513,-0.749479,18.256378,112.954033,32.378979,0.075678,0.158012,0.587591,-0.789963,14.936898,133.60466,17.362953,0.016351,0.829947,0.190967,0.523882,-9.03946,87.101135,11.775607,0.127151,0.930878,-0.013438,0.342226,-2.800786,53.678928,-0.276845,0.01493,0.933182,0.014408,0.358805,-14.333899,8.314854,-3.184975,-0.107333,0.815621,0.037748,0.567289,-1.8239,87.057526,29.752457,0.014365,0.816278,-0.144889,0.55901,6.036821,51.918961,31.924101,-0.022718,0.818726,0.030831,0.572906,-2.65989,7.009917,42.264015,0.01493,0.933182,0.014408,0.358805,-4.709001,2.259754,-14.203137,-0.022718,0.818726,0.030831,0.572906,11.405347,1.844444,37.146416
711,5.925,-0.022935,0.827717,0.035961,0.559522,-5.438019,87.097298,20.625963,-0.00469,0.825298,0.076323,0.559497,-6.059167,95.010483,20.894934,0.011025,0.827488,-0.002425,0.561369,-7.858954,114.108322,23.227951,0.1421,0.867036,-0.165429,0.447984,-7.383443,136.779266,23.417664,0.198926,0.873537,-0.339008,0.287115,-0.045334,149.561462,19.968868,-0.03702,0.795424,0.05748,0.602184,-9.567049,131.417175,19.9869,0.300158,-0.596068,0.244397,-0.703476,-14.111029,131.589828,3.912316,0.255171,-0.002951,-0.288723,-0.922777,-9.922346,114.29541,-13.141534,0.29462,0.140471,-0.504263,-0.799491,10.6139,127.391281,-16.907463,-0.040532,0.89756,0.087639,0.430189,-6.705177,131.296936,27.183338,0.449176,0.860874,0.22897,-0.068621,3.762232,131.252777,40.202599,0.052528,0.34903,0.559365,-0.750019,18.231625,112.966072,32.220825,0.076694,0.156759,0.586463,-0.790953,14.869205,133.627975,17.225941,0.015989,0.83034,0.190689,0.523371,-9.048933,87.119331,11.638801,0.126597,0.93109,-0.014453,0.341813,-2.806597,53.688633,-0.388138,0.014818,0.933315,0.014309,0.358466,-14.32583,8.314016,-3.184711,-0.107451,0.815928,0.036386,0.566915,-1.827104,87.075264,29.613125,0.013605,0.816325,-0.145016,0.558926,5.986176,51.931225,31.866032,-0.023296,0.818685,0.029948,0.572989,-2.657942,7.023635,42.256252,0.014818,0.933315,0.014309,0.358466,-4.708049,2.257493,-14.208296,-0.023296,0.818685,0.029948,0.572989,11.408255,1.846465,37.153145
712,5.933333,-0.023891,0.827729,0.036273,0.559445,-5.430772,87.097565,20.502495,-0.005053,0.82549,0.076674,0.559162,-6.067219,95.009682,20.767094,0.011029,0.827753,-0.001733,0.560982,-7.886477,114.11853,23.105707,0.14199,0.8672,-0.165627,0.447627,-7.428346,136.789581,23.321257,0.198754,0.873588,-0.339035,0.287048,-0.092442,149.570374,19.862513,-0.037056,0.795793,0.05807,0.601638,-9.610968,131.429794,19.886297,0.29978,-0.596301,0.244433,-0.703427,-14.176851,131.611816,3.81802,0.255082,-0.002782,-0.288742,-0.922797,-10.002744,114.324379,-13.246499,0.295173,0.140067,-0.504634,-0.799124,10.532642,127.423264,-17.003632,-0.040527,0.897803,0.088133,0.42958,-6.742357,131.303436,27.079952,0.448864,0.860846,0.229539,-0.06911,3.742563,131.25415,40.085106,0.053091,0.347988,0.559066,-0.750687,18.222433,112.988731,32.073593,0.077626,0.155909,0.584763,-0.792288,14.806167,133.646255,17.095053,0.015684,0.830965,0.190735,0.522371,-9.042506,87.107582,11.515636,0.126282,0.931241,-0.015619,0.341467,-2.794626,53.677441,-0.509999,0.013752,0.933421,0.014374,0.358231,-14.325027,8.298638,-3.190293,-0.106787,0.816159,0.03511,0.566787,-1.819038,87.087555,29.489353,0.01301,0.816254,-0.145182,0.559001,5.904461,51.926685,31.788639,-0.024839,0.818062,0.029288,0.573847,-2.703693,7.022116,42.221703,0.013752,0.933421,0.014374,0.358231,-4.700174,2.254764,-14.214659,-0.024839,0.818062,0.029288,0.573847,11.382943,1.855478,37.164497
713,5.941667,-0.02301,0.828053,0.036084,0.559013,-5.483213,87.117256,20.361795,-0.004853,0.825815,0.076975,0.558642,-6.106275,95.030251,20.632086,0.011032,0.828126,-0.001195,0.560432,-7.923368,114.12883,22.984623,0.141865,0.867492,-0.165633,0.447098,-7.478669,136.799957,23.220137,0.199097,0.873552,-0.339194,0.286732,-0.148533,149.582047,19.754034,-0.036856,0.796144,0.058331,0.601161,-9.662567,131.441956,19.783192,0.300274,-0.596418,0.244163,-0.703211,-14.248094,131.633179,3.72062,0.255393,-0.002781,-0.288985,-0.922634,-10.074389,114.341461,-13.339644,0.29549,0.139749,-0.504513,-0.799139,10.453625,127.448746,-17.10413,-0.04046,0.898035,0.08838,0.429052,-6.784415,131.310806,26.972944,0.449129,0.860746,0.229114,-0.070043,3.715835,131.257843,39.965702,0.053316,0.347292,0.559134,-0.750943,18.177584,112.992516,31.921343,0.078537,0.155039,0.583541,-0.793269,14.739391,133.663071,16.954748,0.014934,0.830621,0.190821,0.522908,-9.105083,87.138901,11.379041,0.125701,0.931315,-0.016593,0.341433,-2.801239,53.709473,-0.619317,0.013887,0.933541,0.013659,0.357942,-14.312885,8.319881,-3.195414,-0.107521,0.815825,0.034381,0.567174,-1.861344,87.095604,29.344553,0.011841,0.816181,-0.145381,0.559082,5.873938,51.942432,31.720629,-0.024235,0.818387,0.028878,0.573429,-2.656184,7.040557,42.229111,0.013887,0.933541,0.013659,0.357942,-4.699749,2.255168,-14.218548,-0.024235,0.818387,0.028878,0.573429,11.417502,1.853396,37.156898
714,5.95,-0.023632,0.828104,0.036453,0.558888,-5.475521,87.124596,20.234713,-0.005123,0.826036,0.077558,0.558231,-6.109981,95.036705,20.504408,0.010833,0.828436,-0.000915,0.559979,-7.946967,114.130592,22.870346,0.141715,0.867839,-0.164999,0.446708,-7.516724,136.801941,23.11108,0.199541,0.873495,-0.339578,0.286142,-0.199725,149.593994,19.65395,-0.036654,0.796675,0.059009,0.600403,-9.700898,131.44339,19.675175,0.300023,-0.596332,0.244618,-0.703232,-14.317341,131.651489,3.621669,0.255558,-0.002561,-0.289326,-0.922483,-10.149547,114.352379,-13.432555,0.296737,0.139404,-0.504192,-0.798939,10.367241,127.474739,-17.19339,-0.041154,0.898003,0.089225,0.428877,-6.814808,131.312317,26.861746,0.449461,0.860597,0.228721,-0.071021,3.688569,131.268524,39.852013,0.053922,0.346393,0.559325,-0.751172,18.128819,113.002083,31.771654,0.079828,0.153839,0.582723,-0.793974,14.66955,133.678375,16.817709,0.014377,0.831081,0.190664,0.52225,-9.099549,87.140152,11.252815,0.125608,0.931475,-0.017524,0.340984,-2.777794,53.705215,-0.720748,0.013837,0.933518,0.01348,0.35801,-14.312331,8.316427,-3.207002,-0.107364,0.81619,0.033218,0.566747,-1.851493,87.109039,29.216612,0.011134,0.816419,-0.145605,0.558691,5.828782,51.947762,31.65049,-0.022066,0.818213,0.029281,0.573745,-2.653903,7.050499,42.216892,0.013837,0.933518,0.01348,0.35801,-4.697887,2.247267,-14.22655,-0.022066,0.818213,0.029281,0.573745,11.406576,1.835877,37.136215
715,5.958333,-0.023619,0.82826,0.036003,0.558687,-5.506229,87.131226,20.117531,-0.005434,0.826284,0.077696,0.557843,-6.136469,95.043861,20.381599,0.011134,0.828746,-0.000537,0.559515,-7.985187,114.135994,22.745943,0.140897,0.868206,-0.164752,0.446344,-7.553066,136.807068,23.008301,0.200349,0.872981,-0.340411,0.286155,-0.260872,149.610718,19.541681,-0.036683,0.797309,0.058937,0.599565,-9.741426,131.452026,19.569593,0.300856,-0.59662,0.243664,-0.702964,-14.391401,131.655457,3.525709,0.256195,-0.002321,-0.289215,-0.922341,-10.217542,114.363884,-13.534678,0.296758,0.139487,-0.504372,-0.798804,10.303603,127.482903,-17.292473,-0.041302,0.898185,0.089683,0.428387,-6.847386,131.313736,26.752832,0.449593,0.860483,0.228672,-0.071729,3.669628,131.269562,39.732063,0.054089,0.345594,0.559184,-0.751633,18.099037,113.007866,31.621677,0.080776,0.153392,0.580521,-0.795576,14.602984,133.692505,16.68508,0.014007,0.830979,0.190873,0.522347,-9.134615,87.141922,11.137385,0.125045,0.931295,-0.018704,0.341619,-2.781389,53.711975,-0.833482,0.013855,0.93364,0.01327,0.357698,-14.303523,8.313966,-3.206363,-0.107444,0.816786,0.032327,0.565926,-1.877844,87.120529,29.097675,0.010303,0.816505,-0.14579,0.558532,5.773363,51.956272,31.579559,-0.022016,0.818155,0.028646,0.573861,-2.653256,7.062373,42.20496,0.013855,0.93364,0.01327,0.357698,-4.697567,2.239038,-14.230135,-0.022016,0.818155,0.028646,0.573861,11.404398,1.831337,37.133343
716,5.966667,-0.023441,0.828406,0.035861,0.558487,-5.534703,87.140312,19.998833,-0.005563,0.82652,0.07781,0.557476,-6.161282,95.053238,20.262758,0.010759,0.829018,-0.000163,0.559119,-8.015631,114.146019,22.628941,0.140611,0.86835,-0.165008,0.446059,-7.606976,136.817474,22.895632,0.201162,0.872697,-0.340519,0.286323,-0.320275,149.620697,19.415941,-0.03661,0.79753,0.059586,0.599212,-9.793006,131.460861,19.45789,0.300507,-0.596258,0.244624,-0.703087,-14.457316,131.678268,3.418343,0.255794,-0.002562,-0.289412,-0.92239,-10.285264,114.367592,-13.623092,0.296731,0.139198,-0.503755,-0.799254,10.230822,127.49369,-17.388725,-0.040641,0.898421,0.089584,0.427975,-6.891984,131.324097,26.638344,0.44943,0.860638,0.228153,-0.072528,3.638633,131.263046,39.606476,0.054279,0.344983,0.559028,-0.752016,18.06958,113.011955,31.474941,0.081591,0.152004,0.579519,-0.79649,14.542188,133.703537,16.547491,0.013363,0.831153,0.19073,0.522139,-9.167584,87.152107,11.020502,0.124435,0.931316,-0.019775,0.341725,-2.784134,53.716957,-0.919695,0.013588,0.933967,0.013352,0.35685,-14.28771,8.308533,-3.180653,-0.107555,0.817269,0.031396,0.565259,-1.901822,87.128517,28.977161,0.009403,0.816654,-0.145915,0.558298,5.720206,51.9617,31.512138,-0.022104,0.818145,0.028258,0.573891,-2.640963,7.069558,42.196484,0.013588,0.933967,0.013352,0.35685,-4.698137,2.238985,-14.221644,-0.022104,0.818145,0.028258,0.573891,11.415528,1.830547,37.129864
717,5.975,-0.023987,0.828488,0.036407,0.558306,-5.526136,87.149254,19.877851,-0.005878,0.82666,0.078309,0.557196,-6.164665,95.06115,20.144234,0.0105,0.829201,0.000169,0.558853,-8.039527,114.155647,22.52066,0.140853,0.868425,-0.16504,0.445825,-7.648917,136.827362,22.793146,0.20146,0.872588,-0.340946,0.285939,-0.357146,149.627762,19.313717,-0.036577,0.798075,0.059857,0.59846,-9.83284,131.46991,19.35537,0.301169,-0.596127,0.24459,-0.702926,-14.527295,131.691452,3.32468,0.256236,-0.002557,-0.289839,-0.922133,-10.346768,114.366364,-13.700022,0.297294,0.138993,-0.502905,-0.799615,10.15298,127.505562,-17.476301,-0.040928,0.898472,0.089893,0.427775,-6.927121,131.333572,26.533932,0.449505,0.860581,0.227956,-0.073364,3.608414,131.27739,39.498089,0.054497,0.344415,0.558851,-0.752392,18.030033,113.033089,31.33485,0.082417,0.151744,0.577857,-0.797661,14.472553,133.724976,16.417942,0.012962,0.831416,0.190463,0.521827,-9.162421,87.158028,10.900898,0.124507,0.930982,-0.020542,0.342563,-2.769487,53.714794,-1.011547,0.01324,0.933692,0.013036,0.357596,-14.301607,8.310941,-3.21831,-0.107311,0.817659,0.030286,0.564802,-1.889852,87.14048,28.854805,0.008666,0.816429,-0.146216,0.558561,5.674477,51.964939,31.440908,-0.022065,0.817994,0.028005,0.574121,-2.649426,7.079789,42.183594,0.01324,0.933692,0.013036,0.357596,-4.69208,2.235825,-14.238869,-0.022065,0.817994,0.028005,0.574121,11.40801,1.833948,37.126675
718,5.983333,-0.024249,0.828786,0.036218,0.557866,-5.545314,87.164749,19.776531,-0.006161,0.826936,0.078097,0.556813,-6.185477,95.07666,20.038454,0.010245,0.829445,0.000576,0.558494,-8.063413,114.169167,22.402563,0.140711,0.86845,-0.165398,0.445688,-7.692599,136.84111,22.683722,0.201919,0.872238,-0.341301,0.286258,-0.400837,149.63826,19.192345,-0.036662,0.798591,0.060204,0.597732,-9.874744,131.483078,19.245697,0.301814,-0.595936,0.244655,-0.702789,-14.5981,131.707214,3.223532,0.256464,-0.002719,-0.290041,-0.922006,-10.407896,114.365448,-13.781808,0.297055,0.138956,-0.502351,-0.800058,10.084002,127.508629,-17.570894,-0.040967,0.898617,0.090101,0.427423,-6.962731,131.346466,26.421701,0.449624,0.860273,0.228845,-0.073478,3.582752,131.289749,39.377766,0.055148,0.343392,0.5589,-0.752776,17.998259,113.051712,31.189751,0.083105,0.151261,0.576634,-0.798566,14.407292,133.747925,16.286829,0.012452,0.831844,0.190533,0.521131,-9.190874,87.166832,10.803337,0.124135,0.930748,-0.021524,0.343273,-2.774729,53.724567,-1.099363,0.013182,0.933691,0.013035,0.357601,-14.304632,8.315915,-3.217162,-0.106497,0.817946,0.029187,0.564598,-1.899754,87.162659,28.749729,0.007917,0.816426,-0.146269,0.558562,5.573592,51.969849,31.365294,-0.022592,0.817459,0.027695,0.574877,-2.695729,7.085001,42.151299,0.013182,0.933691,0.013035,0.357601,-4.694322,2.241359,-14.237348,-0.022592,0.817459,0.027695,0.574877,11.373811,1.840738,37.126507
719,5.991667,-0.024261,0.828967,0.036036,0.557608,-5.56404,87.180618,19.672731,-0.006313,0.827212,0.078259,0.556378,-6.202664,95.092728,19.93235,0.010006,0.829759,0.00067,0.558032,-8.087272,114.180016,22.298775,0.140307,0.868696,-0.16505,0.445466,-7.727698,136.852173,22.577242,0.203054,0.871599,-0.342389,0.286101,-0.451081,149.65802,19.08617,-0.036857,0.799091,0.0605,0.597022,-9.910946,131.492691,19.142189,0.302327,-0.595986,0.244589,-0.702549,-14.662163,131.715469,3.12825,0.256663,-0.002823,-0.290079,-0.921938,-10.473301,114.363029,-13.86653,0.296911,0.138758,-0.501753,-0.800521,10.017987,127.505997,-17.663712,-0.041559,0.898652,0.090472,0.427214,-6.990863,131.358276,26.314957,0.449959,0.86038,0.227465,-0.07445,3.558967,131.314728,39.267529,0.055243,0.343421,0.558754,-0.752864,17.952536,113.066032,31.064713,0.083649,0.150214,0.574882,-0.799968,14.354398,133.756531,16.157391,0.011964,0.832206,0.190174,0.520695,-9.21517,87.180275,10.701801,0.123773,0.930682,-0.022112,0.343543,-2.789495,53.72728,-1.165562,0.013282,0.933626,0.013003,0.357766,-14.306557,8.312622,-3.223605,-0.106721,0.818288,0.028347,0.564102,-1.91291,87.180954,28.64366,0.006778,0.816276,-0.1463,0.558787,5.541055,51.988102,31.313416,-0.022886,0.817782,0.026805,0.574448,-2.645655,7.102537,42.15929,0.013282,0.933626,0.013003,0.357766,-4.693684,2.236098,-14.240467,-0.022886,0.817782,0.026805,0.574448,11.415974,1.841569,37.129818
720,6.0,-0.023861,0.829148,0.035692,0.557377,-5.601932,87.189957,19.565498,-0.006564,0.82743,0.078317,0.556043,-6.232177,95.10276,19.82432,0.009988,0.83001,0.000764,0.557658,-8.125804,114.196762,22.188864,0.140601,0.868687,-0.16531,0.445295,-7.769137,136.868927,22.470234,0.203464,0.871268,-0.343061,0.286014,-0.483188,149.668457,18.975384,-0.036759,0.799474,0.060343,0.59653,-9.954719,131.509628,19.036381,0.302701,-0.595556,0.245235,-0.702527,-14.725785,131.730438,3.028321,0.256745,-0.003404,-0.290175,-0.921883,-10.527299,114.351334,-13.9368,0.296445,0.138705,-0.501484,-0.800871,9.96239,127.491333,-17.762999,-0.041127,0.898632,0.090468,0.427299,-7.028185,131.374603,26.206505,0.449873,0.860182,0.228309,-0.074678,3.520405,131.317856,39.16003,0.056032,0.342607,0.558803,-0.75314,17.916113,113.082863,30.930546,0.084632,0.149399,0.573592,-0.800943,14.292337,133.769653,16.028482,0.011398,0.832267,0.18998,0.520681,-9.25841,87.192085,10.59675,0.123051,0.930659,-0.022872,0.343817,-2.806269,53.732811,-1.238512,0.013288,0.933904,0.013112,0.357036,-14.285096,8.304644,-3.210146,-0.106316,0.818668,0.027189,0.563685,-1.945452,87.187828,28.534248,0.006135,0.816141,-0.14604,0.559061,5.439533,51.9841,31.25194,-0.023319,0.816994,0.027027,0.57554,-2.688033,7.090619,42.109531,0.013288,0.933904,0.013112,0.357036,-4.688866,2.231431,-14.243327,-0.023319,0.816994,0.027027,0.57554,11.392081,1.842663,37.118343
721,6.008333,-0.023483,0.829352,0.035273,0.557117,-5.631782,87.198425,19.462799,-0.00665,0.827585,0.078388,0.5558,-6.253274,95.111992,19.719664,0.009579,0.830156,0.000854,0.557449,-8.15097,114.210342,22.085745,0.140305,0.86873,-0.165736,0.445145,-7.811928,136.882858,22.360083,0.204437,0.870736,-0.34377,0.286086,-0.529028,149.679779,18.849354,-0.036865,0.800005,0.06025,0.595821,-9.995055,131.520813,18.928961,0.303213,-0.595161,0.24567,-0.702489,-14.7941,131.734863,2.929172,0.256964,-0.003756,-0.290427,-0.921742,-10.58295,114.332024,-14.008459,0.296346,0.138414,-0.501292,-0.801079,9.902227,127.478752,-17.857473,-0.041438,0.898758,0.090512,0.426995,-7.064769,131.390244,26.097635,0.450324,0.859907,0.228397,-0.074849,3.491625,131.343277,39.044846,0.056954,0.341754,0.55911,-0.753231,17.866049,113.097488,30.802097,0.086092,0.148432,0.572552,-0.801711,14.230019,133.784134,15.904689,0.010822,0.832523,0.189628,0.520412,-9.294238,87.201828,10.49649,0.122697,0.930498,-0.023442,0.344338,-2.824627,53.732014,-1.299344,0.013074,0.93385,0.013175,0.357183,-14.290208,8.298159,-3.216151,-0.106221,0.819011,0.026135,0.563254,-1.969326,87.195023,28.42911,0.005248,0.816169,-0.146013,0.559036,5.369022,51.985786,31.201258,-0.024413,0.817115,0.02584,0.575377,-2.688863,7.090637,42.103779,0.013074,0.93385,0.013175,0.357183,-4.687761,2.228749,-14.246017,-0.024413,0.817115,0.02584,0.575377,11.392038,1.832661,37.125366
722,6.016667,-0.023406,0.82953,0.034815,0.556884,-5.659448,87.219627,19.371115,-0.007002,0.827825,0.078459,0.555428,-6.275815,95.133759,19.622812,0.009532,0.830431,0.000738,0.55704,-8.185214,114.231346,21.98443,0.139891,0.868922,-0.165492,0.444991,-7.844862,136.903915,22.253059,0.205685,0.86987,-0.345352,0.285923,-0.57577,149.708237,18.740702,-0.036956,0.80054,0.06004,0.595118,-10.031619,131.541153,18.825363,0.304939,-0.595005,0.245309,-0.702001,-14.85846,131.746506,2.833822,0.257986,-0.004123,-0.290701,-0.921368,-10.629384,114.313805,-14.068605,0.296118,0.138094,-0.501407,-0.801146,9.843291,127.459908,-17.951471,-0.041442,0.898821,0.090638,0.426835,-7.094268,131.412155,25.991177,0.450815,0.859894,0.227233,-0.075588,3.466702,131.364105,38.934654,0.057244,0.3414,0.559174,-0.753322,17.813843,113.101784,30.680973,0.087151,0.147477,0.571222,-0.802721,14.168635,133.791702,15.785525,0.010123,0.833019,0.189289,0.519756,-9.326996,87.219086,10.406884,0.122672,0.930168,-0.023858,0.34521,-2.837463,53.738953,-1.348658,0.013223,0.933534,0.01277,0.358016,-14.312473,8.306372,-3.23913,-0.105873,0.819444,0.025178,0.562733,-1.991899,87.220169,28.335344,0.004216,0.816102,-0.145915,0.559167,5.289386,52.002071,31.14509,-0.024078,0.817033,0.025424,0.575526,-2.686098,7.103303,42.093212,0.013223,0.933534,0.01277,0.358016,-4.694184,2.223909,-14.247987,-0.024078,0.817033,0.025424,0.575526,11.391078,1.829411,37.121094
723,6.025,-0.023368,0.829753,0.034566,0.556569,-5.684428,87.239769,19.281809,-0.007087,0.828063,0.0784,0.555081,-6.297997,95.154205,19.530804,0.009217,0.830664,0.000653,0.556697,-8.207919,114.252815,21.889597,0.139712,0.868995,-0.165796,0.444792,-7.877162,136.925659,22.146893,0.206503,0.869328,-0.346316,0.285814,-0.609969,149.727814,18.622725,-0.037146,0.800863,0.060014,0.594674,-10.064445,131.560287,18.723633,0.305389,-0.594754,0.246032,-0.701764,-14.908446,131.758759,2.737193,0.258694,-0.004336,-0.290738,-0.921157,-10.682199,114.294472,-14.133303,0.296784,0.137582,-0.502274,-0.800445,9.794352,127.439545,-18.037346,-0.041293,0.898819,0.090027,0.426983,-7.121082,131.43605,25.88706,0.45111,0.859686,0.22737,-0.075787,3.43606,131.391769,38.833672,0.058264,0.340744,0.559247,-0.753487,17.768616,113.124336,30.565998,0.088086,0.146587,0.570306,-0.803433,14.104727,133.804916,15.664272,0.009473,0.83381,0.188466,0.518799,-9.358813,87.236855,10.320381,0.121978,0.930384,-0.023951,0.344867,-2.874604,53.733356,-1.371364,0.013674,0.933711,0.013426,0.357515,-14.293751,8.285257,-3.226853,-0.10605,0.819771,0.0245,0.562254,-2.010043,87.242691,28.243238,0.002917,0.815883,-0.146215,0.559418,5.255792,52.024864,31.096025,-0.023473,0.817698,0.024895,0.57463,-2.639453,7.133454,42.132141,0.013674,0.933711,0.013426,0.357515,-4.689262,2.216535,-14.255324,-0.023473,0.817698,0.024895,0.57463,11.418198,1.83606,37.129868
724,6.033333,-0.023203,0.829897,0.034666,0.556355,-5.72019,87.271156,19.184475,-0.006956,0.828233,0.078384,0.554832,-6.332416,95.185593,19.436396,0.008932,0.83083,0.000497,0.556454,-8.236605,114.279106,21.797411,0.140194,0.86873,-0.166501,0.444894,-7.912588,136.952179,22.041573,0.206529,0.868892,-0.347245,0.285994,-0.624811,149.740158,18.508465,-0.037319,0.801365,0.0595,0.594038,-10.100264,131.584198,18.622667,0.306558,-0.594457,0.24625,-0.70143,-14.969095,131.7659,2.643575,0.259701,-0.004352,-0.291258,-0.920709,-10.730718,114.268326,-14.189346,0.297852,0.136652,-0.502325,-0.800175,9.727171,127.427765,-18.114367,-0.041594,0.898902,0.089643,0.426861,-7.152629,131.464951,25.784424,0.451624,0.859525,0.226903,-0.075951,3.40718,131.435684,38.728901,0.059085,0.340383,0.559425,-0.753453,17.715649,113.150146,30.459499,0.089197,0.145849,0.569401,-0.804086,14.050272,133.818298,15.551789,0.009069,0.833959,0.187664,0.518856,-9.399319,87.271736,10.224991,0.121745,0.930198,-0.024108,0.34544,-2.920129,53.745956,-1.405495,0.013932,0.933327,0.01336,0.358509,-14.323197,8.293244,-3.246758,-0.105955,0.819931,0.023222,0.562092,-2.041061,87.270569,28.143961,0.002073,0.816039,-0.145873,0.559284,5.16829,52.046894,31.067013,-0.024355,0.81773,0.024256,0.574575,-2.642547,7.145709,42.123405,0.013932,0.933327,0.01336,0.358509,-4.698759,2.219574,-14.255097,-0.024355,0.81773,0.024256,0.574575,11.4186,1.847965,37.131325
725,6.041667,-0.023249,0.830252,0.0342,0.555852,-5.75398,87.29776,19.108677,-0.007043,0.828444,0.078,0.554569,-6.362548,95.212677,19.354429,0.008746,0.830958,0.000398,0.556266,-8.260399,114.307281,21.701845,0.139991,0.868669,-0.167146,0.444836,-7.940846,136.980515,21.93751,0.207198,0.868247,-0.348345,0.286132,-0.650798,149.761978,18.385553,-0.037619,0.801614,0.059334,0.5937,-10.128997,131.610825,18.521578,0.307789,-0.594408,0.246563,-0.700823,-15.010478,131.780228,2.546212,0.260922,-0.004717,-0.291215,-0.920376,-10.776785,114.243927,-14.247534,0.298327,0.136203,-0.503095,-0.799591,9.682142,127.391586,-18.206039,-0.041953,0.898968,0.089436,0.426729,-7.178072,131.494812,25.682032,0.452464,0.859111,0.226816,-0.075886,3.384478,131.479752,38.624294,0.060548,0.339365,0.560003,-0.753367,17.655983,113.166771,30.351744,0.090873,0.144612,0.569494,-0.804056,13.988002,133.833939,15.439968,0.008695,0.834321,0.187162,0.518462,-9.443911,87.292091,10.15364,0.121244,0.930091,-0.024338,0.345888,-2.966593,53.752262,-1.437301,0.013321,0.93331,0.013473,0.358571,-14.333243,8.289188,-3.247559,-0.105803,0.820247,0.022073,0.561705,-2.064048,87.303429,28.063715,0.001291,0.815985,-0.145474,0.559468,5.091554,52.073681,31.045086,-0.02385,0.817452,0.023993,0.575002,-2.641059,7.161355,42.111187,0.013321,0.93331,0.013473,0.358571,-4.699792,2.224721,-14.25308,-0.02385,0.817452,0.023993,0.575002,11.419086,1.848586,37.132278
726,6.05,-0.023156,0.830402,0.033924,0.555649,-5.786253,87.324974,19.036051,-0.007281,0.828677,0.077709,0.554259,-6.391097,95.240265,19.27915,0.008489,0.831191,8.8e-05,0.555923,-8.289378,114.33551,21.612825,0.139314,0.868677,-0.168029,0.444699,-7.97156,137.008972,21.830175,0.20821,0.867421,-0.349392,0.286626,-0.688526,149.785477,18.246216,-0.037681,0.802017,0.058916,0.593194,-10.162104,131.636353,18.420347,0.307984,-0.593943,0.247735,-0.700718,-15.063517,131.794312,2.450967,0.261712,-0.004989,-0.291209,-0.920152,-10.831158,114.220139,-14.303492,0.299414,0.13591,-0.503519,-0.798967,9.63091,127.362648,-18.286129,-0.042026,0.89897,0.089118,0.426785,-7.205194,131.526291,25.578426,0.452675,0.859318,0.225484,-0.076258,3.355554,131.517822,38.522167,0.061391,0.339139,0.559837,-0.753524,17.614862,113.19046,30.260437,0.092198,0.143887,0.569634,-0.803936,13.928909,133.844284,15.329014,0.008671,0.834665,0.186526,0.518139,-9.480644,87.317642,10.082854,0.120474,0.929911,-0.024284,0.346644,-3.030221,53.760624,-1.473287,0.013463,0.933219,0.013611,0.358797,-14.327592,8.279833,-3.272222,-0.104985,0.820237,0.020826,0.561921,-2.091861,87.332306,27.98925,0.000704,0.815799,-0.144922,0.559883,4.965034,52.086258,31.012911,-0.023954,0.816693,0.024174,0.576068,-2.699303,7.158789,42.065048,0.013463,0.933219,0.013611,0.358797,-4.689844,2.217604,-14.275217,-0.023954,0.816693,0.024174,0.576068,11.375726,1.852433,37.121471
727,6.058333,-0.023047,0.830537,0.033764,0.555461,-5.814643,87.353638,18.958956,-0.007033,0.828773,0.077586,0.554136,-6.416592,95.269173,19.201031,0.007941,0.831244,-0.000368,0.555852,-8.304103,114.366974,21.536594,0.139536,0.868501,-0.168411,0.44483,-7.995439,137.040817,21.7229,0.208697,0.866777,-0.350915,0.286359,-0.701814,149.809998,18.134329,-0.037945,0.802433,0.058567,0.592648,-10.184431,131.662674,18.320824,0.309233,-0.59378,0.248015,-0.700207,-15.106779,131.805054,2.357738,0.263288,-0.005013,-0.291313,-0.919669,-10.871698,114.193382,-14.356613,0.300936,0.135103,-0.504096,-0.798168,9.58605,127.332161,-18.363937,-0.041653,0.898816,0.088043,0.427369,-7.22616,131.563599,25.4785,0.453311,0.858923,0.225841,-0.075873,3.318982,131.557281,38.434963,0.06276,0.338733,0.560296,-0.753252,17.552759,113.208855,30.175976,0.093521,0.143228,0.568962,-0.804377,13.87994,133.845551,15.227371,0.008649,0.834649,0.185877,0.518398,-9.513181,87.34613,10.007472,0.119867,0.929779,-0.024498,0.347192,-3.082189,53.771652,-1.508711,0.013239,0.933178,0.013512,0.358916,-14.333367,8.278168,-3.275755,-0.10502,0.82046,0.019819,0.561625,-2.116105,87.361137,27.91044,-0.000671,0.815906,-0.144677,0.55979,4.90331,52.112675,30.992552,-0.023751,0.817398,0.023469,0.575104,-2.641692,7.178548,42.09956,0.013239,0.933178,0.013512,0.358916,-4.690711,2.215435,-14.27417,-0.023751,0.817398,0.023469,0.575104,11.415605,1.85133,37.128059
728,6.066667,-0.022813,0.830811,0.0332,0.555095,-5.858625,87.375267,18.897295,-0.007215,0.829032,0.077069,0.553818,-6.452418,95.291573,19.134275,0.007928,0.831464,-0.000756,0.555522,-8.334557,114.399696,21.451103,0.139122,0.868486,-0.169168,0.444701,-8.016547,137.073532,21.622316,0.209501,0.8659,-0.352471,0.286516,-0.724922,149.836746,18.008554,-0.038374,0.802693,0.058123,0.592311,-10.210441,131.694061,18.225512,0.310363,-0.593488,0.248636,-0.699734,-15.14504,131.815155,2.266032,0.264655,-0.005335,-0.291483,-0.919221,-10.908096,114.159218,-14.401073,0.302126,0.134422,-0.50469,-0.797457,9.542661,127.293503,-18.444317,-0.042242,0.898833,0.087617,0.427362,-7.246486,131.59845,25.380886,0.454218,0.858635,0.225206,-0.075591,3.297199,131.615967,38.338524,0.064068,0.338663,0.560665,-0.752899,17.492508,113.230064,30.09668,0.094732,0.142767,0.56867,-0.804523,13.838652,133.847565,15.118466,0.00826,0.835067,0.185239,0.517958,-9.565241,87.365112,9.949155,0.119341,0.929757,-0.024388,0.347442,-3.140862,53.773071,-1.519424,0.013071,0.933116,0.013757,0.359076,-14.342901,8.267268,-3.281724,-0.104432,0.820845,0.018767,0.561209,-2.15201,87.385422,27.845436,-0.001172,0.815567,-0.144302,0.560381,4.792302,52.125145,30.962339,-0.023976,0.816781,0.023265,0.57598,-2.702651,7.180926,42.062431,0.013071,0.933116,0.013757,0.359076,-4.693436,2.212869,-14.278757,-0.023976,0.816781,0.023265,0.57598,11.366007,1.852831,37.124107
729,6.075,-0.022545,0.830921,0.032679,0.554973,-5.910313,87.40831,18.836075,-0.006776,0.829179,0.076618,0.553666,-6.495955,95.325356,19.068647,0.00737,0.831564,-0.001354,0.555378,-8.353706,114.43412,21.380627,0.139234,0.868227,-0.170092,0.44482,-8.041656,137.108292,21.515211,0.209757,0.865335,-0.353554,0.2867,-0.735858,149.857956,17.882284,-0.038551,0.803051,0.057698,0.591856,-10.235349,131.722778,18.127867,0.312158,-0.593382,0.24874,-0.698988,-15.187508,131.829376,2.173722,0.266323,-0.005583,-0.291603,-0.918699,-10.946891,114.128113,-14.444317,0.302956,0.133928,-0.50502,-0.797017,9.495962,127.253876,-18.523327,-0.042229,0.898906,0.086997,0.427337,-7.268785,131.639481,25.282314,0.45519,0.858389,0.224286,-0.075272,3.275661,131.665649,38.239319,0.064769,0.338828,0.561049,-0.752479,17.42976,113.237175,30.021715,0.095852,0.142898,0.568064,-0.804795,13.803329,133.847534,15.020874,0.00815,0.835187,0.184411,0.518063,-9.619786,87.396744,9.889119,0.118697,0.9297,-0.024245,0.347823,-3.218372,53.782475,-1.527067,0.01184,0.933094,0.013756,0.359175,-14.35984,8.261651,-3.28526,-0.104301,0.820726,0.017874,0.561436,-2.20084,87.419876,27.78303,-0.001978,0.815428,-0.14353,0.560779,4.698969,52.155262,30.949364,-0.023542,0.816368,0.023155,0.576587,-2.699193,7.190448,42.030979,0.01184,0.933094,0.013756,0.359175,-4.693938,2.219633,-14.274671,-0.023542,0.816368,0.023155,0.576587,11.372121,1.85228,37.111126
730,6.083333,-0.022303,0.830973,0.032207,0.554931,-5.957336,87.437263,18.787283,-0.006853,0.829352,0.07585,0.553512,-6.53561,95.354965,19.015802,0.007167,0.831707,-0.001794,0.555165,-8.379138,114.46978,21.302233,0.138967,0.868101,-0.171199,0.444725,-8.063643,137.144012,21.41502,0.210288,0.864627,-0.35482,0.286882,-0.752001,149.881439,17.751078,-0.038833,0.803323,0.057082,0.591529,-10.259896,131.755585,18.033958,0.312728,-0.593007,0.249836,-0.698661,-15.224271,131.841461,2.083485,0.267046,-0.006059,-0.291642,-0.918474,-10.988654,114.095596,-14.488184,0.303545,0.133281,-0.505246,-0.796758,9.455778,127.215302,-18.600161,-0.042166,0.898829,0.086201,0.427665,-7.289629,131.678696,25.186937,0.455505,0.858382,0.223833,-0.07479,3.245611,131.713257,38.151405,0.065661,0.339119,0.561029,-0.752286,17.389143,113.264595,29.960941,0.096827,0.142986,0.567457,-0.805091,13.772319,133.848648,14.928942,0.008011,0.835434,0.18385,0.517866,-9.667912,87.424469,9.840786,0.118037,0.929509,-0.023999,0.348574,-3.281862,53.795147,-1.539587,0.011506,0.933039,0.013705,0.359331,-14.357361,8.258563,-3.306484,-0.104095,0.820787,0.017127,0.561409,-2.246761,87.45005,27.73378,-0.002847,0.815275,-0.143002,0.561131,4.610998,52.180458,30.935764,-0.023941,0.816288,0.022679,0.576703,-2.697688,7.201841,42.020725,0.011506,0.933039,0.013705,0.359331,-4.684214,2.218445,-14.290563,-0.023941,0.816288,0.022679,0.576703,11.375752,1.859064,37.111984
731,6.091667,-0.022143,0.830989,0.031594,0.55495,-5.998595,87.466415,18.747196,-0.006853,0.829397,0.075226,0.55353,-6.569373,95.384857,18.96903,0.006858,0.831707,-0.002328,0.555167,-8.399819,114.505592,21.235861,0.138709,0.867867,-0.172378,0.444806,-8.082494,137.179916,21.320711,0.210775,0.863896,-0.356082,0.287163,-0.762971,149.903931,17.62599,-0.038986,0.803693,0.055991,0.59112,-10.279199,131.787521,17.946301,0.313978,-0.592934,0.250135,-0.698054,-15.259314,131.846481,2.000617,0.26842,-0.006168,-0.291932,-0.917981,-11.02683,114.062393,-14.530815,0.304972,0.132556,-0.505112,-0.796419,9.404467,127.183273,-18.670181,-0.04251,0.898896,0.08516,0.4277,-7.3089,131.719177,25.099356,0.456228,0.858191,0.22332,-0.07411,3.224383,131.778961,38.065319,0.067134,0.339111,0.56126,-0.751987,17.340431,113.29467,29.907856,0.098314,0.143212,0.567817,-0.804617,13.737081,133.851227,14.83954,0.008221,0.83569,0.183122,0.517707,-9.708912,87.449608,9.800599,0.117338,0.929104,-0.023988,0.349889,-3.364946,53.80127,-1.547058,0.010998,0.932913,0.014042,0.35966,-14.37763,8.24919,-3.307404,-0.103812,0.820863,0.016339,0.561373,-2.288278,87.483231,27.693792,-0.003599,0.815353,-0.142444,0.561156,4.521343,52.207481,30.930588,-0.024146,0.81618,0.022343,0.57686,-2.70076,7.214385,42.013531,0.010998,0.932913,0.014042,0.35966,-4.689393,2.223362,-14.286028,-0.024146,0.81618,0.022343,0.57686,11.374382,1.867057,37.114639
732,6.1,-0.021139,0.831067,0.031067,0.554902,-6.068883,87.519157,18.697731,-0.006726,0.829519,0.074628,0.553429,-6.621758,95.438812,18.921522,0.006763,0.83179,-0.00305,0.555041,-8.433392,114.545334,21.170174,0.13841,0.867715,-0.173471,0.444771,-8.101509,137.219543,21.225367,0.211323,0.863113,-0.357549,0.287294,-0.776757,149.931656,17.500158,-0.039244,0.803815,0.055182,0.591013,-10.302726,131.824158,17.858673,0.315211,-0.592952,0.250615,-0.697311,-15.286406,131.859848,1.914033,0.269566,-0.006508,-0.291924,-0.917645,-11.066808,114.032104,-14.573606,0.30552,0.131975,-0.505201,-0.796249,9.36375,127.142418,-18.744448,-0.042547,0.899057,0.08413,0.42756,-7.330235,131.763245,25.010883,0.45715,0.857995,0.222408,-0.073438,3.206921,131.839447,37.973614,0.068028,0.339459,0.561488,-0.751579,17.286327,113.30986,29.855698,0.09925,0.143806,0.567717,-0.804467,13.707953,133.848587,14.752984,0.008051,0.835372,0.182287,0.518518,-9.781067,87.512794,9.751897,0.116607,0.929086,-0.023619,0.350207,-3.447216,53.842236,-1.535338,0.011187,0.932881,0.013579,0.359756,-14.384529,8.272457,-3.307374,-0.103823,0.820833,0.015274,0.561445,-2.356699,87.52552,27.643568,-0.004393,0.815564,-0.141593,0.56106,4.410291,52.247505,30.944469,-0.023847,0.816085,0.022216,0.577013,-2.704876,7.232323,42.006889,0.011187,0.932881,0.013579,0.359756,-4.698412,2.231936,-14.279792,-0.023847,0.816085,0.022216,0.577013,11.368582,1.876764,37.112148
733,6.108333,-0.020937,0.831141,0.030575,0.554826,-6.116964,87.542931,18.661461,-0.006738,0.829664,0.073881,0.553311,-6.662829,95.463203,18.880589,0.006646,0.831939,-0.003802,0.554814,-8.459118,114.579651,21.106131,0.137772,0.867569,-0.174731,0.444761,-8.112673,137.253708,21.129911,0.212037,0.862132,-0.359056,0.287832,-0.788918,149.95491,17.365721,-0.039482,0.804024,0.054368,0.590788,-10.319212,131.855103,17.77187,0.315954,-0.592897,0.251379,-0.696745,-15.311153,131.867645,1.829775,0.270304,-0.006985,-0.291775,-0.917472,-11.107281,113.999748,-14.618388,0.305922,0.131079,-0.505095,-0.79631,9.327727,127.094582,-18.819492,-0.04229,0.899076,0.082756,0.427814,-7.342797,131.802124,24.922512,0.457575,0.858054,0.221447,-0.073003,3.187836,131.889587,37.89048,0.068939,0.339964,0.561374,-0.751353,17.251215,113.332451,29.807779,0.100084,0.144389,0.567937,-0.804104,13.683573,133.84436,14.662148,0.008077,0.835535,0.1816,0.518495,-9.830943,87.534447,9.716371,0.115961,0.928913,-0.023417,0.350892,-3.524706,53.84589,-1.53257,0.010768,0.932825,0.013884,0.359902,-14.398736,8.261135,-3.308818,-0.103559,0.820891,0.014398,0.561433,-2.402985,87.551422,27.60655,-0.005288,0.81529,-0.140885,0.561628,4.313282,52.267582,30.948484,-0.024108,0.816046,0.021866,0.577071,-2.703886,7.23446,42.000488,0.010768,0.932825,0.013884,0.359902,-4.702976,2.233178,-14.279631,-0.024108,0.816046,0.021866,0.577071,11.370508,1.874959,37.112755
734,6.116667,-0.020716,0.831143,0.029944,0.554866,-6.170796,87.562576,18.634043,-0.00656,0.829767,0.073069,0.553267,-6.708203,95.483597,18.846785,0.006461,0.831987,-0.004788,0.554737,-8.481886,114.61116,21.051105,0.138038,0.867209,-0.175881,0.444927,-8.117615,137.284943,21.033003,0.211851,0.861602,-0.360338,0.287956,-0.773031,149.967651,17.247139,-0.0397,0.804535,0.053192,0.590185,-10.329053,131.881897,17.685352,0.31684,-0.592652,0.251883,-0.69637,-15.344207,131.863632,1.750554,0.271365,-0.007583,-0.291492,-0.917243,-11.138515,113.961029,-14.65936,0.306173,0.130842,-0.505723,-0.795854,9.305847,127.032471,-18.899216,-0.042318,0.899058,0.081836,0.428027,-7.351282,131.839752,24.835501,0.45854,0.857632,0.221379,-0.072113,3.17317,131.940598,37.808384,0.070228,0.340105,0.561885,-0.750787,17.199348,113.342262,29.755814,0.101454,0.144815,0.567462,-0.804191,13.666567,133.83252,14.577009,0.00761,0.83639,0.180592,0.517475,-9.884104,87.550896,9.688679,0.11549,0.929046,-0.022712,0.350742,-3.601219,53.835468,-1.492607,0.010329,0.932737,0.014377,0.360124,-14.412148,8.237454,-3.312881,-0.103233,0.821138,0.013384,0.561157,-2.457489,87.574249,27.579407,-0.006112,0.815482,-0.140052,0.561549,4.199966,52.283512,30.965889,-0.023961,0.816057,0.022075,0.577052,-2.709085,7.229328,42.000122,0.010329,0.932737,0.014377,0.360124,-4.70389,2.227413,-14.282465,-0.023961,0.816057,0.022075,0.577052,11.365029,1.872346,37.108826
735,6.125,-0.020924,0.831077,0.029346,0.554988,-6.210764,87.580254,18.61204,-0.00637,0.829802,0.072471,0.553295,-6.745688,95.501701,18.814981,0.00617,0.831985,-0.005815,0.554734,-8.501521,114.643143,21.005497,0.137797,0.866957,-0.176994,0.445052,-8.122394,137.316589,20.941299,0.212168,0.860825,-0.361913,0.288068,-0.77006,149.986313,17.127062,-0.040064,0.804654,0.052241,0.590083,-10.337443,131.908203,17.604681,0.317003,-0.592475,0.253201,-0.695968,-15.355656,131.861038,1.670898,0.272085,-0.007966,-0.291354,-0.917071,-11.172449,113.916229,-14.698609,0.30723,0.13012,-0.506022,-0.795375,9.276663,126.974228,-18.964415,-0.042266,0.899033,0.080455,0.428345,-7.359547,131.878647,24.754843,0.45933,0.857605,0.219976,-0.071696,3.155957,131.99678,37.73484,0.071724,0.340257,0.56215,-0.750379,17.149363,113.356125,29.723162,0.103269,0.144627,0.568492,-0.803266,13.636901,133.819824,14.500109,0.008129,0.836516,0.179804,0.517538,-9.921272,87.558891,9.665529,0.11467,0.928845,-0.022441,0.35156,-3.698345,53.823566,-1.489253,0.009929,0.932651,0.015209,0.360322,-14.428449,8.206693,-3.315381,-0.102822,0.821361,0.012364,0.560929,-2.500257,87.601616,27.558548,-0.006888,0.815528,-0.139218,0.561681,4.09304,52.302872,30.986877,-0.024416,0.816102,0.021677,0.576986,-2.714449,7.227784,41.998867,0.009929,0.932651,0.015209,0.360322,-4.707107,2.223485,-14.288053,-0.024416,0.816102,0.021677,0.576986,11.360586,1.869006,37.112186
736,6.133333,-0.02088,0.831007,0.028611,0.555133,-6.263377,87.60244,18.598608,-0.006152,0.829776,0.071601,0.55345,-6.791279,95.52459,18.792149,0.005855,0.831892,-0.00682,0.554865,-8.522245,114.674782,20.9597,0.136649,0.866783,-0.178657,0.44508,-8.129704,137.347824,20.849731,0.213044,0.859852,-0.3632,0.288708,-0.785896,150.005753,16.980301,-0.040286,0.804765,0.0513,0.589999,-10.346926,131.934006,17.523388,0.317556,-0.592451,0.25421,-0.695369,-15.367846,131.86203,1.590553,0.272886,-0.008393,-0.291135,-0.916898,-11.208454,113.874329,-14.737894,0.307936,0.129276,-0.505984,-0.795263,9.245297,126.913055,-19.031229,-0.042346,0.899102,0.079139,0.428439,-7.371239,131.91716,24.674507,0.459569,0.858185,0.21722,-0.071623,3.141356,132.056381,37.656647,0.072378,0.341404,0.56164,-0.750177,17.124426,113.381935,29.705858,0.104733,0.145035,0.568511,-0.802989,13.621804,133.809845,14.420864,0.008144,0.836682,0.179211,0.517475,-9.970816,87.57399,9.650846,0.114204,0.92874,-0.022057,0.352012,-3.771916,53.823303,-1.470809,0.009383,0.932504,0.015468,0.360706,-14.44859,8.194825,-3.320062,-0.1028,0.82124,0.011655,0.561125,-2.555938,87.630882,27.546368,-0.008203,0.815493,-0.138451,0.561903,4.006596,52.330589,31.017416,-0.024199,0.816775,0.021402,0.576052,-2.662799,7.237378,42.039715,0.009383,0.932504,0.015468,0.360706,-4.710878,2.224172,-14.285051,-0.024199,0.816775,0.021402,0.576052,11.397425,1.867943,37.122192
737,6.141667,-0.020484,0.831204,0.027681,0.5549,-6.331909,87.6315,18.596506,-0.005838,0.82987,0.070358,0.553472,-6.846343,95.554749,18.781439,0.005628,0.83185,-0.007766,0.554918,-8.540275,114.707077,20.915508,0.13667,0.866435,-0.179765,0.445305,-8.132473,137.379623,20.764166,0.213171,0.859071,-0.364895,0.288802,-0.77396,150.02179,16.871292,-0.040423,0.804906,0.05035,0.589879,-10.352942,131.961197,17.447454,0.317615,-0.592391,0.255559,-0.694898,-15.378201,131.866425,1.516113,0.273561,-0.008787,-0.290724,-0.916825,-11.249178,113.837646,-14.774696,0.308853,0.128484,-0.506063,-0.794985,9.218773,126.852844,-19.090481,-0.042905,0.899105,0.078493,0.428495,-7.378112,131.955429,24.598948,0.460306,0.858043,0.216455,-0.07091,3.131298,132.120544,37.583355,0.074109,0.341465,0.561874,-0.749804,17.085964,113.40786,29.672665,0.10644,0.145339,0.569643,-0.801907,13.598617,133.805771,14.339119,0.007967,0.836834,0.17875,0.517391,-10.044672,87.599236,9.650969,0.113651,0.928701,-0.021494,0.352329,-3.853432,53.836464,-1.438202,0.009274,0.932399,0.015655,0.360972,-14.463547,8.193869,-3.321741,-0.101989,0.821171,0.010804,0.56139,-2.619146,87.663765,27.542042,-0.008801,0.81526,-0.13752,0.562461,3.860648,52.350117,31.03269,-0.025316,0.816359,0.021254,0.576597,-2.721343,7.233778,42.012787,0.009274,0.932399,0.015655,0.360972,-4.717543,2.229346,-14.282698,-0.025316,0.816359,0.021254,0.576597,11.354703,1.880257,37.123264
738,6.15,-0.020308,0.831118,0.026832,0.555077,-6.381873,87.656212,18.592974,-0.005635,0.829915,0.069437,0.553523,-6.886556,95.580307,18.768145,0.005414,0.831852,-0.00876,0.554902,-8.554482,114.738846,20.877237,0.136771,0.866148,-0.180478,0.445543,-8.129764,137.410751,20.682976,0.213508,0.858145,-0.366984,0.28866,-0.75911,150.041885,16.777245,-0.040898,0.805046,0.049329,0.589741,-10.354424,131.987732,17.376617,0.318188,-0.592654,0.256156,-0.694191,-15.383856,131.85965,1.446822,0.27448,-0.009146,-0.290255,-0.916695,-11.285287,113.798477,-14.815764,0.309513,0.127864,-0.505997,-0.794871,9.196019,126.785576,-19.154562,-0.043257,0.899104,0.07723,0.428692,-7.379282,131.993271,24.527983,0.461031,0.857949,0.215579,-0.070001,3.123476,132.186539,37.517387,0.075458,0.342023,0.5619,-0.749396,17.051523,113.432602,29.657639,0.107822,0.146064,0.569214,-0.801895,13.58609,133.789368,14.274004,0.008326,0.836658,0.178264,0.517837,-10.090969,87.617767,9.645938,0.113251,0.928156,-0.021281,0.353903,-3.933716,53.842892,-1.425288,0.00935,0.932144,0.016191,0.361604,-14.499317,8.190924,-3.331876,-0.101492,0.821276,0.009737,0.561347,-2.672777,87.694656,27.54001,-0.009601,0.8151,-0.136229,0.562993,3.735075,52.372135,31.073353,-0.025506,0.816094,0.021555,0.576954,-2.724643,7.22403,41.995354,0.00935,0.932144,0.016191,0.361604,-4.736982,2.240071,-14.285729,-0.025506,0.816094,0.021555,0.576954,11.359222,1.881233,37.116631
739,6.158333,-0.020091,0.831091,0.025957,0.555167,-6.444768,87.685928,18.595413,-0.005155,0.829949,0.068356,0.553611,-6.938892,95.610893,18.760899,0.005107,0.83181,-0.009803,0.55495,-8.567832,114.767685,20.844797,0.137129,0.865727,-0.181643,0.445778,-8.128432,137.438858,20.603497,0.213397,0.857524,-0.368536,0.288609,-0.734144,150.050018,16.677967,-0.041073,0.805207,0.048257,0.589598,-10.356236,132.010422,17.308161,0.318727,-0.592739,0.256897,-0.693597,-15.39081,131.856079,1.380223,0.275518,-0.009572,-0.289741,-0.916542,-11.315949,113.759972,-14.849463,0.310363,0.127183,-0.505972,-0.794664,9.178364,126.714661,-19.215038,-0.043425,0.899134,0.075914,0.428846,-7.381875,132.028885,24.459829,0.461896,0.857657,0.215183,-0.06908,3.11598,132.245712,37.452824,0.076902,0.342404,0.562225,-0.748831,17.010983,113.450668,29.632872,0.109153,0.1466,0.56908,-0.801712,13.578436,133.772888,14.204286,0.008377,0.836606,0.177759,0.518094,-10.152086,87.641617,9.647667,0.112726,0.928019,-0.020767,0.35446,-4.013405,53.853821,-1.394428,0.009191,0.932029,0.016298,0.361901,-14.515906,8.188706,-3.334523,-0.100932,0.821104,0.009032,0.561711,-2.737449,87.730232,27.543158,-0.010683,0.815079,-0.13535,0.563216,3.607619,52.398563,31.098312,-0.025456,0.81631,0.021463,0.576654,-2.725773,7.230124,42.010185,0.009191,0.932029,0.016298,0.361901,-4.74437,2.242294,-14.282581,-0.025456,0.81631,0.021463,0.576654,11.353503,1.884133,37.121719
740,6.166667,-0.01979,0.830955,0.025073,0.555422,-6.501281,87.7164,18.598478,-0.005248,0.829961,0.067493,0.553698,-6.983695,95.642281,18.754826,0.005085,0.831808,-0.010955,0.554932,-8.596778,114.7966,20.808298,0.13601,0.865533,-0.183527,0.445727,-8.12923,137.466705,20.522985,0.214348,0.85641,-0.369959,0.289392,-0.740612,150.06218,16.536867,-0.041222,0.805365,0.047106,0.589465,-10.363906,132.034653,17.238274,0.319294,-0.592538,0.257919,-0.69313,-15.403297,131.85318,1.312147,0.27666,-0.010017,-0.289295,-0.916334,-11.342584,113.714722,-14.87374,0.311432,0.126499,-0.505701,-0.794528,9.163293,126.639198,-19.269382,-0.043609,0.89926,0.074972,0.42873,-7.389238,132.063324,24.38978,0.462566,0.857523,0.214594,-0.068096,3.111398,132.299622,37.380188,0.078653,0.342585,0.562385,-0.748447,16.982529,113.466942,29.608583,0.110491,0.146908,0.570191,-0.800683,13.565451,133.753586,14.127706,0.00844,0.836855,0.176749,0.518037,-10.203359,87.667618,9.648587,0.112103,0.928183,-0.019829,0.354283,-4.107151,53.854084,-1.3381,0.008786,0.931983,0.016683,0.362012,-14.525637,8.172256,-3.336992,-0.100349,0.82076,0.00829,0.562329,-2.799204,87.765182,27.548372,-0.011681,0.814825,-0.134284,0.563819,3.479169,52.424133,31.128607,-0.025447,0.816294,0.021355,0.57668,-2.729496,7.230821,42.009163,0.008786,0.931983,0.016683,0.362012,-4.745135,2.240539,-14.285019,-0.025447,0.816294,0.021355,0.57668,11.349356,1.882072,37.122494
741,6.175,-0.019404,0.830781,0.023822,0.55575,-6.567183,87.737999,18.615753,-0.004908,0.82993,0.066392,0.553881,-7.033536,95.665092,18.758816,0.004734,0.831734,-0.012131,0.555022,-8.612768,114.827225,20.784309,0.136433,0.864955,-0.184985,0.446115,-8.12882,137.496262,20.445889,0.214169,0.855712,-0.371431,0.289704,-0.710659,150.066727,16.435759,-0.041384,0.80544,0.045773,0.589457,-10.366717,132.058121,17.17346,0.319788,-0.59249,0.259,-0.692539,-15.406007,131.845932,1.247682,0.277705,-0.010321,-0.289058,-0.916089,-11.370065,113.664391,-14.89599,0.312845,0.125519,-0.505205,-0.794444,9.138865,126.567902,-19.316153,-0.04318,0.899405,0.072983,0.428812,-7.393541,132.10141,24.325514,0.463111,0.857662,0.213041,-0.067516,3.105988,132.353348,37.316521,0.079982,0.343292,0.56231,-0.748038,16.956135,113.483154,29.598686,0.111956,0.147114,0.570501,-0.80022,13.559416,133.730453,14.058272,0.008671,0.836787,0.176071,0.518373,-10.262478,87.682175,9.6631,0.111457,0.928191,-0.019026,0.354509,-4.201209,53.851654,-1.290565,0.00833,0.931928,0.017051,0.362148,-14.53725,8.153355,-3.34025,-0.099876,0.820858,0.007656,0.56228,-2.871889,87.793823,27.568405,-0.012587,0.814714,-0.133166,0.564225,3.35342,52.44521,31.166548,-0.025305,0.81629,0.021535,0.576686,-2.732033,7.22591,42.008667,0.00833,0.931928,0.017051,0.362148,-4.74671,2.236397,-14.287287,-0.025305,0.81629,0.021535,0.576686,11.34669,1.879074,37.119534
742,6.183333,-0.018905,0.830586,0.022733,0.556105,-6.635907,87.753868,18.634237,-0.00461,0.829878,0.065243,0.554099,-7.086139,95.682068,18.767168,0.004524,0.831627,-0.013408,0.555155,-8.632528,114.859772,20.763037,0.136213,0.864597,-0.186411,0.446284,-8.124334,137.527405,20.371239,0.214661,0.854869,-0.372899,0.289944,-0.693975,150.079544,16.32645,-0.041601,0.805535,0.044319,0.589422,-10.366969,132.083939,17.110937,0.319773,-0.59225,0.260605,-0.69215,-15.407022,131.837097,1.185897,0.278445,-0.010952,-0.288566,-0.916012,-11.398147,113.609985,-14.9131,0.31386,0.124869,-0.504859,-0.794366,9.127407,126.483261,-19.366226,-0.04364,0.899484,0.072282,0.428718,-7.396046,132.140976,24.26383,0.464041,0.857601,0.211506,-0.066714,3.104854,132.417099,37.253242,0.081276,0.344103,0.562347,-0.747498,16.917799,113.495483,29.59483,0.11337,0.147732,0.56999,-0.800271,13.552396,133.699341,13.997388,0.008883,0.836568,0.175504,0.518916,-10.323934,87.694588,9.678608,0.11076,0.927997,-0.017822,0.355296,-4.289725,53.849949,-1.246355,0.007257,0.931857,0.01672,0.362369,-14.524339,8.132953,-3.386144,-0.099563,0.821033,0.0069,0.56209,-2.947881,87.813148,27.589867,-0.013298,0.814753,-0.131737,0.564488,3.229424,52.45924,31.21863,-0.024832,0.815955,0.022593,0.57714,-2.729264,7.206166,41.990002,0.007257,0.931857,0.01672,0.362369,-4.71804,2.217875,-14.32009,-0.024832,0.815955,0.022593,0.57714,11.356979,1.876866,37.103374
743,6.191667,-0.018615,0.830471,0.021852,0.556322,-6.698009,87.778,18.659378,-0.004535,0.829843,0.064045,0.554291,-7.136666,95.706993,18.783136,0.004415,0.83152,-0.014645,0.555284,-8.655458,114.8909,20.742014,0.136212,0.864184,-0.187695,0.446546,-8.120143,137.557007,20.300915,0.214854,0.85408,-0.374408,0.290177,-0.673328,150.090607,16.228947,-0.041572,0.805713,0.042764,0.589296,-10.368223,132.109116,17.051781,0.320739,-0.592459,0.261099,-0.691336,-15.413335,131.831985,1.128837,0.279782,-0.011289,-0.287912,-0.915806,-11.429416,113.566971,-14.933331,0.314795,0.123866,-0.504315,-0.794498,9.113024,126.401588,-19.411245,-0.043527,0.899546,0.070847,0.42884,-7.399508,132.178207,24.205484,0.464334,0.857835,0.210123,-0.066041,3.098214,132.471313,37.197094,0.08253,0.344971,0.562036,-0.747195,16.902151,113.520454,29.594963,0.114782,0.148655,0.570298,-0.79968,13.549367,133.678619,13.933741,0.009149,0.836327,0.174867,0.519515,-10.381572,87.71402,9.701944,0.109969,0.928018,-0.017078,0.355525,-4.379554,53.853626,-1.191878,0.007024,0.931997,0.017269,0.361986,-14.521119,8.11783,-3.372457,-0.09914,0.821047,0.006231,0.562152,-3.014446,87.841972,27.616814,-0.014053,0.814648,-0.130586,0.564888,3.110797,52.481358,31.268505,-0.024651,0.815935,0.022896,0.577164,-2.73435,7.201898,41.991116,0.007024,0.931997,0.017269,0.361986,-4.718553,2.220412,-14.31928,-0.024651,0.815935,0.022896,0.577164,11.352387,1.87682,37.101303
744,6.2,-0.01784,0.830356,0.020714,0.556563,-6.781597,87.808426,18.688095,-0.004095,0.82976,0.062556,0.554589,-7.200017,95.73864,18.803589,0.004311,0.831358,-0.01578,0.555496,-8.672757,114.920677,20.722931,0.135916,0.863825,-0.188953,0.4468,-8.112651,137.585266,20.23658,0.215129,0.853255,-0.375899,0.290474,-0.656877,150.103455,16.133795,-0.041867,0.805753,0.041531,0.589308,-10.364949,132.133286,16.997227,0.321339,-0.592452,0.262134,-0.690672,-15.408735,131.823914,1.074462,0.280831,-0.01185,-0.287335,-0.915659,-11.451103,113.514793,-14.943949,0.315525,0.123133,-0.50403,-0.794504,9.104243,126.31118,-19.453352,-0.043173,0.899617,0.06915,0.429003,-7.399868,132.213547,24.152321,0.464712,0.857943,0.209083,-0.065275,3.094217,132.52005,37.146557,0.08395,0.345781,0.561848,-0.746803,16.885805,113.539459,29.596392,0.116196,0.149415,0.570337,-0.799305,13.551081,133.649948,13.87097,0.008949,0.83596,0.174487,0.520236,-10.460513,87.744797,9.72875,0.109767,0.927827,-0.016281,0.356124,-4.451345,53.874565,-1.130499,0.007809,0.931768,0.017426,0.362552,-14.547652,8.1321,-3.380154,-0.098891,0.820955,0.005968,0.562332,-3.10268,87.872055,27.647438,-0.015004,0.814578,-0.129704,0.565168,2.996524,52.507645,31.305908,-0.024538,0.816206,0.022976,0.576783,-2.732697,7.209239,42.011036,0.007809,0.931768,0.017426,0.362552,-4.740089,2.230654,-14.320329,-0.024538,0.816206,0.022976,0.576783,11.348942,1.884053,37.106682
745,6.208333,-0.017862,0.830125,0.019862,0.556936,-6.834445,87.834129,18.726812,-0.003898,0.829658,0.06129,0.554883,-7.24568,95.764885,18.830692,0.004084,0.831151,-0.017038,0.55577,-8.685049,114.945648,20.712624,0.136061,0.863347,-0.190171,0.447163,-8.101628,137.608444,20.17333,0.215155,0.852597,-0.377253,0.290633,-0.626016,150.107437,16.048172,-0.042233,0.80566,0.040458,0.589484,-10.357299,132.151154,16.945309,0.321522,-0.592226,0.263802,-0.690145,-15.393122,131.811157,1.020651,0.281752,-0.012521,-0.2869,-0.915504,-11.465523,113.450333,-14.945887,0.316614,0.12254,-0.503809,-0.794302,9.100111,126.214363,-19.492186,-0.043113,0.899658,0.067663,0.42916,-7.396902,132.245239,24.102173,0.46499,0.858144,0.20786,-0.064554,3.092852,132.570953,37.099438,0.08566,0.346331,0.561585,-0.746552,16.876316,113.562668,29.604317,0.117865,0.149953,0.57122,-0.79833,13.545825,133.623749,13.813292,0.009196,0.835749,0.173997,0.520734,-10.50529,87.761185,9.764232,0.109398,0.92762,-0.015551,0.356808,-4.522989,53.878952,-1.072393,0.007438,0.931675,0.017595,0.362791,-14.56172,8.12673,-3.380517,-0.098211,0.820729,0.005602,0.562785,-3.163599,87.907082,27.689392,-0.015841,0.814354,-0.128618,0.565716,2.879056,52.532696,31.345268,-0.024634,0.816146,0.022969,0.576864,-2.735617,7.210422,42.009975,0.007438,0.931675,0.017595,0.362791,-4.743639,2.23368,-14.315775,-0.024634,0.816146,0.022969,0.576864,11.347816,1.886755,37.109138
746,6.216667,-0.01769,0.829866,0.018948,0.55736,-6.893147,87.850357,18.766216,-0.003643,0.829431,0.060301,0.555333,-7.29409,95.781769,18.859371,0.003947,0.830855,-0.018532,0.556167,-8.704899,114.96431,20.714184,0.136277,0.862812,-0.191418,0.447597,-8.088713,137.624741,20.115406,0.214797,0.852197,-0.378208,0.29083,-0.590728,150.103302,15.969027,-0.042269,0.805687,0.038842,0.589554,-10.349011,132.162125,16.899664,0.322342,-0.592353,0.264466,-0.689399,-15.381988,131.789383,0.974837,0.283005,-0.013079,-0.286128,-0.915351,-11.479117,113.389755,-14.953043,0.317214,0.121855,-0.50364,-0.794275,9.108803,126.108978,-19.531626,-0.043462,0.899771,0.066496,0.42907,-7.395429,132.270981,24.059132,0.465737,0.858081,0.206665,-0.063832,3.095888,132.624283,37.054413,0.08734,0.346932,0.561644,-0.746033,16.849638,113.574669,29.609776,0.119294,0.150434,0.571904,-0.797537,13.544157,133.58963,13.756624,0.009351,0.835617,0.173314,0.521172,-10.554973,87.770554,9.800002,0.108807,0.927795,-0.01457,0.356574,-4.602121,53.871422,-0.999917,0.006797,0.931806,0.01803,0.362445,-14.55808,8.104345,-3.37102,-0.097916,0.820719,0.005342,0.562854,-3.231321,87.930153,27.73243,-0.016375,0.814357,-0.127675,0.56591,2.783304,52.551399,31.392223,-0.02451,0.816173,0.023098,0.576825,-2.742866,7.208052,42.013496,0.006797,0.931806,0.01803,0.362445,-4.738793,2.23006,-14.315292,-0.02451,0.816173,0.023098,0.576825,11.33976,1.885359,37.10928
747,6.225,-0.017857,0.829528,0.018166,0.557884,-6.936152,87.853973,18.811321,-0.003751,0.829242,0.059204,0.555732,-7.332416,95.785751,18.892437,0.003841,0.830687,-0.019937,0.55637,-8.725026,114.987221,20.710587,0.135953,0.86245,-0.192848,0.447779,-8.07724,137.645233,20.05637,0.215063,0.851624,-0.378989,0.291292,-0.569398,150.105911,15.874187,-0.042258,0.805608,0.037284,0.589763,-10.343445,132.177841,16.852919,0.322839,-0.592389,0.265765,-0.688635,-15.368234,131.775085,0.926238,0.284393,-0.013382,-0.285594,-0.915083,-11.501418,113.326195,-14.953378,0.319068,0.120728,-0.502989,-0.794117,9.099383,126.011368,-19.557144,-0.043271,0.899845,0.065285,0.42912,-7.393359,132.300262,24.013611,0.466254,0.858303,0.204699,-0.063416,3.097065,132.665161,37.009289,0.088634,0.347868,0.5615,-0.745553,16.829664,113.578201,29.621485,0.120929,0.150953,0.572581,-0.796706,13.54865,133.550293,13.701092,0.009721,0.835424,0.17291,0.521607,-10.586532,87.763344,9.840546,0.108503,0.927524,-0.013892,0.357398,-4.665593,53.854645,-0.94687,0.005708,0.931715,0.018123,0.362693,-14.570721,8.079556,-3.375561,-0.097906,0.820786,0.005062,0.56276,-3.285773,87.944603,27.782097,-0.017174,0.814543,-0.126695,0.565839,2.717267,52.565491,31.457376,-0.024073,0.816756,0.02333,0.576009,-2.6947,7.20129,42.048351,0.005708,0.931715,0.018123,0.362693,-4.732976,2.219037,-14.31063,-0.024073,0.816756,0.02333,0.576009,11.375585,1.876465,37.111153
748,6.233333,-0.017581,0.829258,0.016823,0.558336,-7.009936,87.859062,18.872982,-0.003563,0.829137,0.057598,0.556059,-7.390719,95.791748,18.938654,0.0038,0.830469,-0.021268,0.556645,-8.743922,115.006866,20.709648,0.135887,0.862068,-0.193905,0.448079,-8.063873,137.662415,20.004524,0.215192,0.851016,-0.380137,0.29148,-0.543506,150.108047,15.800151,-0.042362,0.805635,0.035525,0.589827,-10.335559,132.190948,16.811913,0.322745,-0.592064,0.267483,-0.688294,-15.357521,131.750763,0.885327,0.28519,-0.014047,-0.284931,-0.915032,-11.516907,113.255989,-14.94721,0.320191,0.119823,-0.502632,-0.794028,9.103613,125.901863,-19.583277,-0.043129,0.899948,0.063848,0.429136,-7.390209,132.325455,23.97434,0.466949,0.858309,0.203275,-0.062801,3.100185,132.706833,36.969574,0.090139,0.348558,0.561503,-0.745048,16.804636,113.579712,29.633553,0.122286,0.151601,0.573554,-0.795675,13.548406,133.508224,13.651308,0.009854,0.835004,0.172971,0.522257,-10.650749,87.758598,9.898423,0.108133,0.92739,-0.013166,0.357884,-4.727126,53.851585,-0.892846,0.005233,0.931721,0.018174,0.362682,-14.574988,8.06714,-3.377403,-0.097824,0.820734,0.005093,0.562851,-3.369123,87.959534,27.84754,-0.017495,0.814808,-0.125702,0.565668,2.630032,52.579288,31.518301,-0.024187,0.816808,0.023471,0.575924,-2.702244,7.192617,42.053295,0.005233,0.931721,0.018174,0.362682,-4.73192,2.212968,-14.311089,-0.024187,0.816808,0.023471,0.575924,11.36891,1.873155,37.112785
749,6.241667,-0.017255,0.828952,0.015945,0.558826,-7.071701,87.866409,18.921339,-0.003259,0.828941,0.056392,0.556476,-7.44043,95.799728,18.978123,0.003614,0.83022,-0.022568,0.556968,-8.758989,115.022591,20.716709,0.13558,0.861669,-0.195351,0.44831,-8.052819,137.675613,19.958248,0.215301,0.850564,-0.380727,0.291948,-0.521661,150.102737,15.718567,-0.042428,0.805487,0.034228,0.5901,-10.328136,132.199127,16.776852,0.322676,-0.591798,0.269193,-0.687888,-15.339133,131.732147,0.847581,0.286018,-0.014857,-0.283929,-0.915072,-11.528191,113.190987,-14.937798,0.320902,0.118941,-0.502521,-0.793945,9.122128,125.782036,-19.608576,-0.043037,0.900109,0.062682,0.428979,-7.388333,132.347366,23.941282,0.467484,0.858307,0.202299,-0.061983,3.106815,132.743256,36.932243,0.09147,0.34921,0.561446,-0.744624,16.791658,113.582352,29.64794,0.123671,0.152411,0.573673,-0.795221,13.555774,133.467865,13.611342,0.010189,0.834332,0.172665,0.523424,-10.702126,87.76194,9.94262,0.107619,0.926938,-0.012492,0.359232,-4.795184,53.84779,-0.835348,0.005328,0.931754,0.018701,0.36257,-14.572705,8.051311,-3.375372,-0.097733,0.820693,0.005019,0.562926,-3.441275,87.970879,27.900059,-0.017896,0.814653,-0.124756,0.566089,2.549198,52.589291,31.572071,-0.023415,0.816676,0.024143,0.576116,-2.707445,7.181731,42.054943,0.005328,0.931754,0.018701,0.36257,-4.730946,2.210686,-14.317472,-0.023415,0.816676,0.024143,0.576116,11.363068,1.865281,37.109367
750,6.25,-0.016725,0.828721,0.014935,0.559212,-7.142287,87.882301,18.980753,-0.003036,0.828765,0.054909,0.556889,-7.495108,95.816406,19.028786,0.003511,0.829959,-0.023685,0.557311,-8.774943,115.038261,20.723511,0.135825,0.861197,-0.196653,0.448575,-8.044139,137.68898,19.920713,0.214945,0.850399,-0.381136,0.292156,-0.490287,150.094254,15.657422,-0.042587,0.805237,0.032942,0.590503,-10.322566,132.208603,16.748255,0.322748,-0.59167,0.27084,-0.687318,-15.317217,131.712784,0.814718,0.287151,-0.015303,-0.283314,-0.914901,-11.542673,113.123306,-14.922519,0.322717,0.117851,-0.501806,-0.793823,9.122622,125.676178,-19.620039,-0.043037,0.900244,0.061675,0.428841,-7.388663,132.36795,23.914869,0.468036,0.858319,0.201189,-0.061273,3.110435,132.778717,36.902176,0.092434,0.350122,0.561421,-0.744095,16.774151,113.583778,29.667982,0.124754,0.153326,0.573651,-0.794891,13.569707,133.431213,13.578356,0.010301,0.833777,0.172413,0.524389,-10.764694,87.775597,9.99882,0.107361,0.92686,-0.011585,0.359541,-4.861558,53.855347,-0.762025,0.0051,0.931666,0.018691,0.362798,-14.585622,8.051619,-3.375468,-0.09765,0.820275,0.005273,0.563548,-3.519881,87.989014,27.962685,-0.018324,0.814352,-0.123853,0.566706,2.473319,52.606453,31.620783,-0.02329,0.816613,0.024411,0.576199,-2.710349,7.17929,42.054955,0.0051,0.931666,0.018691,0.362798,-4.736032,2.213009,-14.3116,-0.02329,0.816613,0.024411,0.576199,11.361656,1.867219,37.108906
751,6.258333,-0.016742,0.828358,0.014116,0.559772,-7.195873,87.888359,19.046507,-0.002837,0.828587,0.053413,0.557299,-7.541676,95.82283,19.083372,0.003354,0.829735,-0.024817,0.557595,-8.783848,115.052505,20.734184,0.13543,0.860927,-0.197611,0.44879,-8.030035,137.70079,19.885088,0.215234,0.849863,-0.381963,0.292424,-0.473268,150.095505,15.596376,-0.042797,0.805101,0.031576,0.590749,-10.311649,132.216125,16.722355,0.323042,-0.591515,0.272257,-0.686753,-15.296009,131.688141,0.786631,0.288278,-0.015943,-0.282557,-0.91477,-11.55034,113.052132,-14.902386,0.323928,0.117014,-0.501092,-0.793905,9.137662,125.560715,-19.63422,-0.042616,0.900385,0.060126,0.428806,-7.382652,132.387375,23.890697,0.468629,0.85828,0.200198,-0.060528,3.118651,132.807953,36.875904,0.093425,0.35086,0.561448,-0.743603,16.759468,113.578499,29.690367,0.125743,0.154219,0.573969,-0.794333,13.583125,133.392151,13.551845,0.010368,0.833822,0.17197,0.52446,-10.80614,87.772766,10.059799,0.107161,0.927028,-0.010511,0.359201,-4.922983,53.841621,-0.677577,0.004661,0.931633,0.019263,0.36286,-14.594772,8.031639,-3.374037,-0.097451,0.819753,0.005687,0.564337,-3.585606,88.003952,28.033215,-0.018654,0.814101,-0.123089,0.567221,2.409273,52.618908,31.664511,-0.023367,0.816554,0.024632,0.57627,-2.714955,7.175183,42.055817,0.004661,0.931633,0.019263,0.36286,-4.736254,2.213319,-14.312933,-0.023367,0.816554,0.024632,0.57627,11.359938,1.869826,37.110794
752,6.266667,-0.016762,0.82805,0.013647,0.560237,-7.233752,87.89341,19.107063,-0.002952,0.828428,0.052298,0.557641,-7.575664,95.828072,19.137392,0.003349,0.829535,-0.025927,0.557843,-8.798007,115.060043,20.749413,0.13545,0.860637,-0.198513,0.448943,-8.016081,137.705765,19.858719,0.215141,0.849615,-0.382561,0.292432,-0.447396,150.086685,15.551239,-0.04284,0.804936,0.030143,0.591044,-10.302392,132.218002,16.704746,0.324159,-0.59149,0.272965,-0.685967,-15.274957,131.661148,0.766321,0.28967,-0.016793,-0.281692,-0.914581,-11.54685,112.979599,-14.872646,0.324253,0.116193,-0.500832,-0.794057,9.163441,125.433159,-19.649632,-0.042345,0.900429,0.058506,0.428965,-7.377678,132.399017,23.874599,0.469113,0.858235,0.199449,-0.059879,3.119858,132.834427,36.862366,0.094427,0.35171,0.561537,-0.743008,16.742157,113.576904,29.716969,0.126453,0.154928,0.574638,-0.793598,13.601145,133.357742,13.524678,0.010606,0.833505,0.171793,0.525018,-10.833916,87.772636,10.116371,0.107085,0.927151,-0.00973,0.358927,-4.964612,53.83744,-0.615809,0.004134,0.931593,0.019342,0.362966,-14.604509,8.024457,-3.374703,-0.097275,0.819449,0.005925,0.564806,-3.633589,88.014183,28.097755,-0.01875,0.813844,-0.122452,0.567725,2.358665,52.626873,31.711245,-0.023132,0.816469,0.025178,0.576377,-2.730577,7.168823,42.056984,0.004134,0.931593,0.019342,0.362966,-4.737267,2.21379,-14.309799,-0.023132,0.816469,0.025178,0.576377,11.346777,1.872697,37.109074
753,6.275,-0.016604,0.82787,0.01242,0.560536,-7.294206,87.887444,19.194136,-0.003012,0.828331,0.050746,0.557927,-7.623136,95.822701,19.209618,0.003363,0.829357,-0.02715,0.558048,-8.814947,115.068245,20.770988,0.135742,0.86022,-0.199532,0.449202,-8.001299,137.711014,19.834869,0.214782,0.849396,-0.383141,0.292572,-0.412109,150.073669,15.511017,-0.043107,0.804752,0.029037,0.591332,-10.293513,132.220047,16.690796,0.324609,-0.591168,0.27431,-0.685495,-15.253973,131.634705,0.749613,0.290826,-0.017612,-0.280967,-0.914422,-11.543395,112.906075,-14.837128,0.325284,0.115258,-0.500197,-0.794172,9.18399,125.311066,-19.656118,-0.042094,0.900516,0.057477,0.428948,-7.372344,132.411545,23.861822,0.469748,0.858034,0.199061,-0.059071,3.126395,132.854294,36.84837,0.095545,0.352197,0.561831,-0.742412,16.724045,113.565491,29.740473,0.127338,0.155619,0.575489,-0.792705,13.617799,133.316986,13.507154,0.010519,0.833086,0.172463,0.525465,-10.887975,87.75602,10.201034,0.107111,0.927479,-0.009035,0.358089,-4.982201,53.837322,-0.563267,0.004252,0.931601,0.019363,0.362941,-14.603591,8.023641,-3.374803,-0.097189,0.819165,0.006644,0.565225,-3.700438,88.018867,28.187239,-0.018836,0.813822,-0.121834,0.567887,2.31424,52.631004,31.757788,-0.023394,0.816518,0.025287,0.576291,-2.737402,7.159087,42.060936,0.004252,0.931601,0.019363,0.362941,-4.738145,2.212317,-14.311175,-0.023394,0.816518,0.025287,0.576291,11.341956,1.870144,37.111034
754,6.283333,-0.016612,0.827491,0.011826,0.561109,-7.324502,87.881912,19.257858,-0.003292,0.828166,0.049927,0.558245,-7.648249,95.81739,19.265242,0.003433,0.82919,-0.028237,0.558243,-8.832173,115.069489,20.794245,0.135714,0.85998,-0.200293,0.449332,-7.98817,137.709503,19.81926,0.214698,0.849136,-0.383769,0.292564,-0.389991,150.060867,15.478987,-0.043275,0.804638,0.027775,0.591534,-10.28604,132.21611,16.683554,0.325344,-0.590853,0.275345,-0.685004,-15.237997,131.601654,0.740826,0.29219,-0.018309,-0.280311,-0.914175,-11.537085,112.828384,-14.794421,0.326489,0.114036,-0.499683,-0.794177,9.208015,125.189651,-19.65419,-0.042457,0.900526,0.056923,0.428963,-7.368245,132.416199,23.855719,0.470732,0.857845,0.197648,-0.05873,3.129024,132.877808,36.8428,0.096094,0.353249,0.5622,-0.741561,16.683043,113.544319,29.773045,0.12798,0.156381,0.575964,-0.792106,13.635884,133.273544,13.494459,0.011133,0.832257,0.172525,0.526744,-10.905823,87.744179,10.259887,0.106893,0.927116,-0.008625,0.359104,-5.018024,53.827988,-0.522132,0.003993,0.931648,0.019579,0.362813,-14.603848,8.009252,-3.372474,-0.097182,0.818969,0.007087,0.565505,-3.743182,88.019646,28.255829,-0.018783,0.813822,-0.121388,0.567985,2.287896,52.632118,31.801928,-0.023148,0.816581,0.025627,0.576197,-2.745143,7.149842,42.068394,0.003993,0.931648,0.019579,0.362813,-4.737507,2.206637,-14.31266,-0.023148,0.816581,0.025627,0.576197,11.332923,1.864905,37.110554
755,6.291667,-0.01674,0.827499,0.011443,0.561101,-7.358127,87.876205,19.331779,-0.003562,0.828124,0.04893,0.558394,-7.680148,95.81176,19.332998,0.003469,0.82905,-0.029338,0.558393,-8.851324,115.065697,20.823971,0.135767,0.859647,-0.201293,0.449505,-7.97791,137.70282,19.808725,0.214463,0.848907,-0.384228,0.292799,-0.365748,150.038452,15.448236,-0.043316,0.804501,0.026738,0.591766,-10.28157,132.206772,16.681953,0.325704,-0.590283,0.276694,-0.684779,-15.224263,131.571136,0.737186,0.29341,-0.019033,-0.279651,-0.913971,-11.526925,112.753998,-14.745747,0.32782,0.112896,-0.499385,-0.793979,9.236944,125.072311,-19.645702,-0.042354,0.900593,0.056003,0.428954,-7.36638,132.415985,23.854919,0.470969,0.85782,0.197432,-0.057916,3.131437,132.887787,36.841183,0.097083,0.353807,0.562136,-0.741214,16.679123,113.536324,29.808622,0.128488,0.157188,0.576534,-0.791449,13.648712,133.231873,13.486979,0.011324,0.831855,0.172821,0.527278,-10.939527,87.732254,10.333939,0.106839,0.927642,-0.007792,0.357778,-5.044921,53.823765,-0.468542,0.003981,0.931639,0.019681,0.36283,-14.602234,8.002651,-3.375871,-0.097125,0.818773,0.007566,0.565791,-3.776727,88.020157,28.329622,-0.018582,0.813991,-0.120973,0.567837,2.269305,52.632343,31.847269,-0.024671,0.816831,0.024376,0.575833,-2.755059,7.139936,42.073002,0.003981,0.931639,0.019681,0.36283,-4.734899,2.202969,-14.316715,-0.024671,0.816831,0.024376,0.575833,11.324871,1.850856,37.124886
756,6.3,-0.016881,0.827401,0.010968,0.561251,-7.390187,87.865868,19.413126,-0.003892,0.828071,0.047875,0.558562,-7.709821,95.801521,19.406775,0.003506,0.828933,-0.030166,0.558522,-8.869411,115.064713,20.857107,0.136135,0.859327,-0.202312,0.44955,-7.973486,137.6996,19.811838,0.214107,0.848873,-0.384565,0.292715,-0.340348,150.016083,15.433887,-0.043911,0.804079,0.025925,0.592332,-10.281463,132.20163,16.691647,0.326669,-0.590009,0.277494,-0.684232,-15.200027,131.535034,0.74068,0.294979,-0.019549,-0.279087,-0.913628,-11.50859,112.674713,-14.691043,0.329116,0.111838,-0.499178,-0.793723,9.270017,124.954102,-19.627354,-0.042184,0.900669,0.054915,0.428952,-7.368511,132.417603,23.865318,0.471481,0.857688,0.196942,-0.057361,3.129853,132.899979,36.850758,0.097543,0.354662,0.562308,-0.740615,16.65691,113.523125,29.848433,0.128982,0.158039,0.576304,-0.791366,13.667885,133.193512,13.492331,0.011226,0.832319,0.172772,0.526564,-10.968235,87.714554,10.414071,0.106851,0.927664,-0.006873,0.357737,-5.078953,53.804661,-0.386939,0.003685,0.931599,0.020211,0.362906,-14.606634,7.982513,-3.374194,-0.097161,0.818652,0.008436,0.565948,-3.812139,88.017189,28.412182,-0.018426,0.813802,-0.120667,0.568178,2.270799,52.630878,31.881046,-0.023385,0.816616,0.026086,0.576117,-2.753346,7.130999,42.073608,0.003685,0.931599,0.020211,0.362906,-4.731863,2.200487,-14.317677,-0.023385,0.816616,0.026086,0.576117,11.328666,1.861344,37.110706
757,6.308333,-0.018066,0.827341,0.011014,0.561301,-7.384519,87.854736,19.499157,-0.0044,0.828006,0.047135,0.558718,-7.720138,95.789703,19.482828,0.003296,0.828778,-0.030998,0.558708,-8.880546,115.059868,20.898638,0.136155,0.859037,-0.203419,0.449598,-7.971193,137.692505,19.816988,0.214091,0.848717,-0.384854,0.292801,-0.324436,149.991821,15.414604,-0.044334,0.8038,0.025229,0.592708,-10.280873,132.190781,16.704672,0.327469,-0.589484,0.278472,-0.683905,-15.183274,131.499756,0.749771,0.296647,-0.019992,-0.278609,-0.913224,-11.488098,112.596169,-14.628014,0.330776,0.111169,-0.498979,-0.793252,9.302393,124.840164,-19.599735,-0.041957,0.900784,0.053855,0.428868,-7.371109,132.416748,23.879328,0.471939,0.857596,0.196415,-0.056788,3.130292,132.907791,36.861984,0.098176,0.355095,0.56255,-0.74014,16.639265,113.506699,29.891958,0.129917,0.158497,0.576612,-0.790897,13.680297,133.157425,13.509583,0.011208,0.832595,0.173361,0.525933,-10.96068,87.684959,10.499682,0.107259,0.927615,-0.006535,0.357747,-5.056041,53.789745,-0.338953,0.00363,0.931597,0.02053,0.362895,-14.60748,7.97539,-3.369472,-0.096743,0.818397,0.009046,0.566379,-3.808357,88.024513,28.498632,-0.018207,0.813635,-0.120146,0.568535,2.27332,52.633129,31.917587,-0.022725,0.816201,0.027342,0.576673,-2.744032,7.120719,42.057388,0.00363,0.931597,0.02053,0.362895,-4.730941,2.202759,-14.316318,-0.022725,0.816201,0.027342,0.576673,11.346291,1.870301,37.097694
758,6.316667,-0.018266,0.827384,0.010528,0.561241,-7.410889,87.833336,19.587664,-0.004719,0.827999,0.046135,0.558809,-7.744807,95.768356,19.563194,0.003252,0.828679,-0.031753,0.558814,-8.894573,115.0522,20.940733,0.136438,0.858799,-0.204196,0.449615,-7.967588,137.682709,19.829769,0.214039,0.848604,-0.385263,0.292628,-0.304906,149.967285,15.413978,-0.044605,0.803624,0.024389,0.592962,-10.280613,132.17868,16.723995,0.327725,-0.588727,0.279787,-0.683898,-15.172166,131.464249,0.766794,0.29784,-0.020485,-0.278032,-0.913001,-11.469208,112.521217,-14.560507,0.332216,0.110269,-0.498765,-0.79291,9.339316,124.729683,-19.562895,-0.041859,0.900847,0.053021,0.428849,-7.372678,132.411819,23.899168,0.472351,0.857473,0.196119,-0.056223,3.129548,132.911987,36.88081,0.09907,0.355216,0.562798,-0.739774,16.622475,113.490021,29.937887,0.130756,0.158784,0.577625,-0.789962,13.682125,133.123962,13.529343,0.010983,0.832447,0.174318,0.525857,-10.988225,87.655045,10.58882,0.1076,0.927644,-0.00622,0.357575,-5.034548,53.783489,-0.296838,0.003739,0.931597,0.020591,0.362891,-14.605217,7.975608,-3.364374,-0.096815,0.818054,0.010152,0.566843,-3.833553,88.01162,28.58651,-0.017938,0.813805,-0.120226,0.568283,2.295465,52.622772,31.946606,-0.022786,0.816477,0.027713,0.576263,-2.743589,7.111251,42.07967,0.003739,0.931597,0.020591,0.362891,-4.729708,2.203529,-14.31244,-0.022786,0.816477,0.027713,0.576263,11.344574,1.870878,37.103237
759,6.325,-0.018197,0.827462,0.010303,0.561132,-7.437602,87.822357,19.669258,-0.004888,0.827993,0.04551,0.558868,-7.768607,95.757492,19.642475,0.00316,0.828589,-0.032633,0.558897,-8.910133,115.038971,20.995975,0.136356,0.858646,-0.204799,0.449657,-7.964227,137.666946,19.849745,0.214191,0.848273,-0.385998,0.292508,-0.296267,149.943024,15.419516,-0.044991,0.803436,0.023656,0.593217,-10.281093,132.159943,16.752079,0.32843,-0.588121,0.280504,-0.683787,-15.161379,131.421097,0.792541,0.299352,-0.020682,-0.277592,-0.912635,-11.443063,112.444771,-14.489776,0.333766,0.109557,-0.498736,-0.792376,9.374763,124.622635,-19.514296,-0.041883,0.900874,0.052247,0.428885,-7.374582,132.401932,23.927536,0.472773,0.85735,0.195736,-0.055897,3.126539,132.913879,36.909615,0.099914,0.355439,0.563024,-0.739381,16.60162,113.472748,29.985678,0.131479,0.158851,0.57827,-0.789357,13.682786,133.085953,13.551326,0.010857,0.832008,0.175127,0.526284,-11.01735,87.642654,10.671401,0.107838,0.927681,-0.005827,0.357413,-5.019674,53.791302,-0.252862,0.004096,0.931623,0.020375,0.36283,-14.5982,7.9878,-3.360979,-0.0971,0.817977,0.011261,0.566885,-3.857853,88.002052,28.667116,-0.017357,0.813745,-0.120251,0.568381,2.332863,52.618896,31.973755,-0.023051,0.816421,0.027769,0.576329,-2.75306,7.106021,42.077267,0.004096,0.931623,0.020375,0.36283,-4.729051,2.206051,-14.309677,-0.023051,0.816421,0.027769,0.576329,11.338621,1.871619,37.104515
760,6.333333,-0.018076,0.82752,0.010121,0.561054,-7.452435,87.792137,19.744289,-0.00532,0.827995,0.045224,0.558884,-7.780235,95.727402,19.716238,0.003059,0.828526,-0.033413,0.558944,-8.930385,115.025749,21.052343,0.136233,0.8585,-0.20569,0.449567,-7.968426,137.651413,19.874361,0.214423,0.848049,-0.386375,0.29249,-0.293674,149.914932,15.421155,-0.045307,0.803316,0.022664,0.593395,-10.288737,132.141693,16.78414,0.328382,-0.587073,0.281844,-0.684159,-15.161024,131.374985,0.823468,0.30021,-0.020972,-0.277187,-0.91247,-11.419164,112.366676,-14.413285,0.335078,0.108762,-0.498755,-0.79192,9.412553,124.520935,-19.457207,-0.041703,0.900896,0.05133,0.428966,-7.383034,132.391739,23.959646,0.473445,0.857042,0.195586,-0.055455,3.116264,132.911316,36.942898,0.100748,0.355605,0.563531,-0.738802,16.562414,113.44429,30.035484,0.132155,0.15884,0.578916,-0.788772,13.679054,133.043793,13.578691,0.010954,0.831476,0.176127,0.52679,-11.033958,87.612381,10.747138,0.108019,0.927409,-0.00583,0.358065,-4.997274,53.786514,-0.234466,0.003809,0.931742,0.020338,0.362531,-14.589262,7.986683,-3.355131,-0.097497,0.818015,0.012254,0.566741,-3.87091,87.971893,28.74144,-0.016703,0.814001,-0.120365,0.56801,2.383988,52.596004,32.004723,-0.023215,0.816523,0.028172,0.576158,-2.753366,7.083616,42.084389,0.003809,0.931742,0.020338,0.362531,-4.724038,2.206992,-14.308455,-0.023215,0.816523,0.028172,0.576158,11.34015,1.861863,37.103539
761,6.341667,-0.018877,0.827561,0.010314,0.560963,-7.436743,87.763176,19.823942,-0.005722,0.827999,0.045137,0.558881,-7.776782,95.697906,19.791313,0.002786,0.828473,-0.034042,0.558986,-8.938849,115.011154,21.116926,0.13611,0.858426,-0.206288,0.449472,-7.971146,137.634964,19.908459,0.214686,0.847816,-0.38694,0.292225,-0.293056,149.890427,15.43885,-0.045989,0.80322,0.022201,0.593489,-10.292496,132.121658,16.825441,0.328971,-0.586317,0.282486,-0.68426,-15.158969,131.327698,0.864331,0.301544,-0.02099,-0.276813,-0.912143,-11.391254,112.29155,-14.331247,0.336418,0.108367,-0.498778,-0.791391,9.450153,124.4226,-19.388182,-0.041671,0.900937,0.050644,0.428965,-7.387498,132.380676,24.000914,0.473841,0.857073,0.194496,-0.055423,3.111923,132.90918,36.9837,0.101212,0.356077,0.563545,-0.7385,16.539793,113.42144,30.099205,0.132668,0.158923,0.579294,-0.788392,13.674206,133.004517,13.614139,0.011082,0.831519,0.177035,0.526415,-11.019674,87.572632,10.827574,0.108412,0.92774,-0.005628,0.35709,-4.960988,53.770126,-0.213643,0.003969,0.931759,0.020498,0.362478,-14.583251,7.978061,-3.354947,-0.097574,0.817945,0.013178,0.566808,-3.853813,87.953712,28.820309,-0.015971,0.814343,-0.120556,0.567501,2.442981,52.580601,32.032684,-0.023143,0.816572,0.028484,0.576075,-2.754189,7.070279,42.090958,0.003969,0.931759,0.020498,0.362478,-4.720337,2.201145,-14.311814,-0.023143,0.816572,0.028484,0.576075,11.339551,1.854906,37.104073
762,6.35,-0.019365,0.827715,0.010347,0.56072,-7.426528,87.735405,19.907232,-0.006036,0.828069,0.044922,0.55879,-7.773285,95.66983,19.870789,0.002532,0.828486,-0.034441,0.558944,-8.94113,114.99218,21.18338,0.135934,0.858367,-0.206864,0.449372,-7.972904,137.614792,19.953445,0.214756,0.84758,-0.387536,0.292069,-0.293035,149.863037,15.467154,-0.046369,0.803237,0.021654,0.593456,-10.29473,132.098648,16.875877,0.329128,-0.585403,0.283509,-0.684544,-15.161324,131.283615,0.915872,0.302502,-0.02109,-0.276469,-0.911928,-11.369328,112.219284,-14.238267,0.337613,0.108156,-0.498612,-0.791016,9.484048,124.331024,-19.308096,-0.041809,0.90093,0.050115,0.429028,-7.388982,132.364365,24.050802,0.473819,0.857067,0.194685,-0.055036,3.108249,132.90451,37.034882,0.10199,0.356232,0.563334,-0.738479,16.539244,113.414635,30.16254,0.13298,0.159414,0.579233,-0.788285,13.667583,132.970749,13.653242,0.011228,0.831639,0.177949,0.525913,-11.014384,87.537292,10.912992,0.108748,0.927277,-0.005673,0.358189,-4.936284,53.758411,-0.189718,0.004155,0.931734,0.0207,0.362527,-14.585114,7.97323,-3.349838,-0.097909,0.818438,0.014384,0.566009,-3.838674,87.933517,28.90147,-0.015146,0.814336,-0.120988,0.567441,2.52984,52.567528,32.050251,-0.023054,0.816636,0.028776,0.575974,-2.752671,7.064587,42.097466,0.004155,0.931734,0.0207,0.362527,-4.72224,2.199939,-14.308648,-0.023054,0.816636,0.028776,0.575974,11.340787,1.854784,37.103966
763,6.358333,-0.020002,0.827763,0.010931,0.560615,-7.404643,87.725494,19.984808,-0.00645,0.828186,0.044943,0.558611,-7.764977,95.659325,19.95042,0.002251,0.828587,-0.034741,0.558777,-8.945901,114.974594,21.254517,0.135932,0.858322,-0.207467,0.449181,-7.980905,137.596344,20.006008,0.214796,0.847431,-0.388011,0.291841,-0.295342,149.835236,15.503965,-0.046746,0.803153,0.021203,0.593557,-10.303327,132.077438,16.933825,0.329826,-0.584784,0.283869,-0.684588,-15.164754,131.243546,0.973211,0.303947,-0.020707,-0.276065,-0.911579,-11.347108,112.15638,-14.145706,0.338932,0.108366,-0.498453,-0.790523,9.51297,124.246513,-19.210381,-0.042087,0.901003,0.049607,0.428907,-7.394674,132.349274,24.107344,0.474051,0.856989,0.194538,-0.054776,3.105241,132.90535,37.088581,0.102499,0.3565,0.56327,-0.738328,16.526804,113.40461,30.228653,0.1333,0.159895,0.578894,-0.788382,13.661522,132.94136,13.699028,0.011313,0.831873,0.17857,0.525331,-10.994293,87.523483,10.991368,0.109117,0.927354,-0.00544,0.35788,-4.905419,53.760719,-0.15436,0.004002,0.931799,0.020493,0.362374,-14.579147,7.982832,-3.343932,-0.09815,0.81831,0.015194,0.566131,-3.814993,87.927505,28.978247,-0.014286,0.814451,-0.121096,0.567275,2.600085,52.566658,32.090027,-0.023059,0.816631,0.028897,0.575974,-2.751781,7.063806,42.100864,0.004002,0.931799,0.020493,0.362374,-4.719034,2.205471,-14.303083,-0.023059,0.816631,0.028897,0.575974,11.34246,1.857059,37.106377
764,6.366667,-0.020543,0.827983,0.011279,0.560263,-7.382317,87.70787,20.066185,-0.006641,0.82825,0.045014,0.558508,-7.752875,95.641235,20.031708,0.001676,0.828594,-0.034852,0.558762,-8.941369,114.957657,21.334173,0.135884,0.858466,-0.207193,0.449046,-7.995156,137.579163,20.066927,0.21499,0.847315,-0.388807,0.290976,-0.314798,149.8228,15.568929,-0.047087,0.803149,0.020691,0.593554,-10.31324,132.055801,16.99947,0.330307,-0.58391,0.28447,-0.684853,-15.173713,131.202621,1.039591,0.304809,-0.020716,-0.275881,-0.911346,-11.322584,112.091827,-14.040931,0.339543,0.10845,-0.498487,-0.790228,9.547911,124.172684,-19.116028,-0.042126,0.901208,0.049066,0.428535,-7.404292,132.335968,24.172548,0.474645,0.856861,0.193604,-0.054947,3.106187,132.901855,37.144806,0.102562,0.356828,0.563336,-0.73811,16.499058,113.378128,30.294155,0.13363,0.160372,0.578455,-0.788552,13.64906,132.912369,13.750301,0.011164,0.832224,0.179396,0.524496,-10.97917,87.500793,11.07574,0.109721,0.927617,-0.005171,0.357017,-4.861126,53.759121,-0.117801,0.004118,0.931753,0.020396,0.362497,-14.580633,7.993361,-3.342033,-0.098353,0.818403,0.016051,0.565938,-3.785465,87.914948,29.056629,-0.013366,0.814622,-0.121314,0.567005,2.677023,52.55891,32.124641,-0.024228,0.816745,0.028212,0.575799,-2.753478,7.05862,42.104748,0.004118,0.931753,0.020396,0.362497,-4.719381,2.212071,-14.298089,-0.024228,0.816745,0.028212,0.575799,11.345034,1.855351,37.118698
765,6.375,-0.020288,0.828304,0.011583,0.559792,-7.372726,87.689369,20.138235,-0.00717,0.828419,0.045237,0.558233,-7.74265,95.622787,20.110231,0.001596,0.828728,-0.035124,0.558545,-8.952205,114.932655,21.408424,0.135718,0.858598,-0.207383,0.448756,-8.00244,137.553314,20.128691,0.215018,0.84727,-0.389186,0.290577,-0.325781,149.795654,15.620853,-0.047361,0.803235,0.020429,0.593424,-10.323135,132.028763,17.065361,0.33135,-0.583124,0.284594,-0.684967,-15.187886,131.162781,1.107474,0.306189,-0.020166,-0.275775,-0.910928,-11.295021,112.028992,-13.93314,0.340659,0.108689,-0.497891,-0.79009,9.571651,124.101768,-18.998444,-0.042499,0.901103,0.048758,0.428754,-7.41043,132.31218,24.236784,0.474482,0.856969,0.193538,-0.054909,3.092707,132.893234,37.214321,0.103251,0.356872,0.563114,-0.738163,16.493404,113.373329,30.36809,0.13438,0.160478,0.578274,-0.788535,13.632101,132.887787,13.80274,0.01085,0.832341,0.180037,0.524097,-10.980001,87.489441,11.151809,0.110097,0.928408,-0.004555,0.354847,-4.824176,53.763885,-0.069533,0.004421,0.931886,0.020185,0.362162,-14.56303,8.005322,-3.337212,-0.098943,0.818213,0.01706,0.56608,-3.76545,87.889297,29.124662,-0.012351,0.814678,-0.121652,0.566876,2.771886,52.544064,32.158466,-0.024633,0.816787,0.028396,0.575713,-2.75257,7.049018,42.110897,0.004421,0.931886,0.020185,0.362162,-4.713921,2.215175,-14.299506,-0.024633,0.816787,0.028396,0.575713,11.349613,1.857239,37.123264
766,6.383333,-0.021358,0.828406,0.012279,0.559587,-7.322347,87.661812,20.21439,-0.007644,0.828484,0.045577,0.558103,-7.712527,95.594254,20.186119,0.00101,0.828707,-0.035189,0.558574,-8.945058,114.911758,21.485714,0.135637,0.858342,-0.208533,0.448738,-8.015644,137.532272,20.188723,0.214763,0.847268,-0.389077,0.290919,-0.327775,149.757446,15.653467,-0.047914,0.803278,0.020358,0.593325,-10.331264,132.003296,17.129547,0.331828,-0.582224,0.285188,-0.685254,-15.198192,131.120956,1.173216,0.306906,-0.019728,-0.275789,-0.910692,-11.270307,111.964096,-13.828869,0.34125,0.108996,-0.497713,-0.789905,9.601969,124.043228,-18.885481,-0.042772,0.900982,0.048296,0.429033,-7.419035,132.294815,24.30084,0.474346,0.857127,0.193201,-0.054806,3.075343,132.890076,37.284821,0.103952,0.357064,0.562838,-0.738182,16.482969,113.370323,30.451717,0.135151,0.160562,0.578047,-0.788553,13.612721,132.860901,13.8599,0.01102,0.832769,0.180713,0.523179,-10.933219,87.452187,11.229625,0.110696,0.92837,-0.004476,0.35476,-4.774314,53.744484,-0.043568,0.004305,0.931882,0.020358,0.362163,-14.562222,7.998243,-3.337187,-0.099046,0.81819,0.017989,0.566066,-3.711476,87.871445,29.199154,-0.011337,0.814767,-0.122074,0.566679,2.869673,52.530025,32.182209,-0.024492,0.816815,0.028617,0.575669,-2.752377,7.042384,42.11377,0.004305,0.931882,0.020358,0.362163,-4.711003,2.214065,-14.300739,-0.024492,0.816815,0.028617,0.575669,11.349328,1.853569,37.121696
767,6.391667,-0.021046,0.828709,0.012332,0.559148,-7.308289,87.645233,20.288548,-0.008001,0.828646,0.045538,0.55786,-7.694851,95.577866,20.263954,0.000712,0.82884,-0.035017,0.558388,-8.937004,114.885345,21.554291,0.135194,0.858549,-0.208459,0.448509,-8.023443,137.506424,20.256031,0.214777,0.847197,-0.389424,0.29065,-0.348575,149.737091,15.713573,-0.048584,0.803464,0.020365,0.593018,-10.336804,131.975784,17.198164,0.332288,-0.581359,0.285626,-0.685583,-15.213757,131.075073,1.24592,0.307727,-0.018974,-0.275816,-0.910423,-11.248546,111.899734,-13.722697,0.342089,0.109448,-0.497579,-0.789564,9.62508,123.987389,-18.75695,-0.044195,0.900689,0.049321,0.429387,-7.42134,132.269531,24.368052,0.47425,0.857268,0.192784,-0.054891,3.058748,132.891891,37.362297,0.104759,0.357154,0.56258,-0.738221,16.470379,113.372574,30.535851,0.136028,0.160485,0.577908,-0.78852,13.58891,132.836166,13.920443,0.010576,0.833183,0.181249,0.522343,-10.928914,87.440956,11.307587,0.111349,0.929042,-0.004244,0.352796,-4.734346,53.746563,0.01417,0.004685,0.931901,0.020191,0.362121,-14.577672,8.013746,-3.300581,-0.099606,0.818252,0.019221,0.565839,-3.687663,87.84951,29.26951,-0.010258,0.814863,-0.1226,0.566447,2.976994,52.519428,32.201023,-0.024456,0.816866,0.02851,0.575604,-2.752728,7.041678,42.116348,0.004685,0.931901,0.020191,0.362121,-4.732451,2.221016,-14.265007,-0.024456,0.816866,0.02851,0.575604,11.347227,1.849599,37.122734
768,6.4,-0.021497,0.829117,0.013022,0.55851,-7.272619,87.624001,20.362667,-0.008296,0.828748,0.045784,0.557685,-7.671256,95.556053,20.343454,5.3e-05,0.828837,-0.034723,0.558412,-8.927934,114.862869,21.635584,0.135,0.858496,-0.208977,0.448429,-8.046527,137.484909,20.331671,0.214548,0.847251,-0.389477,0.29059,-0.37087,149.709351,15.773812,-0.049031,0.80361,0.020383,0.592782,-10.35203,131.950211,17.275188,0.332371,-0.580306,0.286375,-0.686122,-15.236856,131.03746,1.326041,0.308346,-0.018293,-0.275848,-0.910217,-11.232503,111.844078,-13.608983,0.342936,0.110328,-0.497261,-0.789275,9.641318,123.940048,-18.621342,-0.044106,0.900799,0.049095,0.429192,-7.436975,132.249893,24.444998,0.473841,0.857594,0.192271,-0.055131,3.048965,132.873306,37.434471,0.105235,0.356942,0.562083,-0.738634,16.478407,113.36454,30.612862,0.136704,0.160256,0.577936,-0.788429,13.559951,132.816315,13.984489,0.010455,0.833523,0.181995,0.521543,-10.906686,87.419624,11.387138,0.111833,0.929049,-0.004058,0.352625,-4.687489,53.744602,0.049566,0.005012,0.931974,0.020018,0.361938,-14.566806,8.021763,-3.295612,-0.099794,0.818101,0.020261,0.565987,-3.638552,87.828377,29.3382,-0.009233,0.815058,-0.123137,0.566067,3.078779,52.503956,32.217243,-0.024491,0.816929,0.028577,0.575509,-2.753247,7.036698,42.121048,0.005012,0.931974,0.020018,0.361938,-4.73026,2.220938,-14.263545,-0.024491,0.816929,0.028577,0.575509,11.346273,1.846847,37.123871
769,6.408333,-0.021951,0.829351,0.013642,0.558129,-7.225296,87.60376,20.434189,-0.008658,0.828807,0.046327,0.557547,-7.635418,95.535233,20.4193,-0.000493,0.828845,-0.03434,0.558424,-8.915307,114.84063,21.721212,0.134548,0.858681,-0.2087,0.448339,-8.064123,137.463852,20.417875,0.214507,0.847164,-0.390005,0.290164,-0.403149,149.697052,15.858791,-0.049501,0.803911,0.020435,0.592333,-10.362321,131.926163,17.361311,0.333677,-0.579618,0.285948,-0.686248,-15.263388,131.001038,1.417857,0.309525,-0.017646,-0.276054,-0.909768,-11.207617,111.794281,-13.486071,0.343341,0.111274,-0.497084,-0.789077,9.65946,123.900818,-18.487644,-0.045179,0.900699,0.049535,0.42924,-7.447474,132.229553,24.531048,0.473729,0.857618,0.192471,-0.05503,3.033881,132.878738,37.522961,0.105845,0.356841,0.561865,-0.738762,16.469116,113.373756,30.701962,0.137131,0.160307,0.577459,-0.788693,13.535005,132.805801,14.062412,0.010614,0.83368,0.182668,0.521054,-10.86722,87.398598,11.461864,0.112269,0.929374,-0.003463,0.351636,-4.63885,53.74152,0.076152,0.005148,0.932014,0.019792,0.361845,-14.539612,8.027434,-3.324752,-0.10007,0.817807,0.021312,0.566325,-3.583372,87.808922,29.406515,-0.008075,0.815331,-0.123706,0.565568,3.191602,52.491642,32.237713,-0.024401,0.816967,0.028867,0.575444,-2.753187,7.035687,42.126362,0.005148,0.932014,0.019792,0.361845,-4.707791,2.218993,-14.29289,-0.024401,0.816967,0.028867,0.575444,11.346466,1.851361,37.123837
770,6.416667,-0.022587,0.829713,0.014336,0.557549,-7.169184,87.578949,20.503733,-0.00927,0.828924,0.047398,0.557273,-7.59382,95.509666,20.492632,-0.000833,0.828912,-0.033932,0.558349,-8.917037,114.824532,21.816999,0.134097,0.859246,-0.207422,0.447985,-8.089103,137.449005,20.520281,0.214663,0.847217,-0.390837,0.288771,-0.45605,149.706573,15.979851,-0.050028,0.803962,0.02012,0.592231,-10.382363,131.909912,17.462563,0.334432,-0.578987,0.285728,-0.686505,-15.285708,130.964218,1.521018,0.310294,-0.016934,-0.276274,-0.909452,-11.187715,111.750122,-13.361897,0.34375,0.112165,-0.49705,-0.788794,9.674411,123.87233,-18.345055,-0.045185,0.900896,0.048881,0.428901,-7.466222,132.214096,24.631741,0.473354,0.857998,0.191474,-0.05579,3.024837,132.873672,37.615288,0.105913,0.356858,0.561268,-0.739198,16.473413,113.380119,30.787924,0.137709,0.160312,0.5771,-0.788855,13.504913,132.80394,14.138254,0.010723,0.833931,0.183384,0.520399,-10.82311,87.370758,11.536358,0.112999,0.929622,-0.003838,0.35074,-4.58322,53.732765,0.100679,0.005062,0.932028,0.019916,0.361804,-14.562262,8.034351,-3.282065,-0.100259,0.817788,0.022308,0.56628,-3.515258,87.787148,29.471106,-0.007024,0.815157,-0.12434,0.565694,3.311339,52.475739,32.250999,-0.024634,0.816989,0.028928,0.5754,-2.74899,7.033038,42.130405,0.005062,0.932028,0.019916,0.361804,-4.729866,2.230243,-14.25198,-0.024634,0.816989,0.028928,0.5754,11.352584,1.854234,37.127579
771,6.425,-0.023875,0.829906,0.015723,0.55717,-7.073112,87.556412,20.570831,-0.010054,0.828944,0.048628,0.557124,-7.526993,95.485512,20.566805,-0.001512,0.828918,-0.033279,0.558378,-8.902596,114.80706,21.914719,0.133655,0.85939,-0.207675,0.447724,-8.116685,137.433441,20.625315,0.214152,0.847607,-0.390489,0.288477,-0.493074,149.691345,16.069975,-0.051174,0.803671,0.020827,0.592503,-10.399673,131.891083,17.565817,0.334665,-0.578585,0.285896,-0.68666,-15.288377,130.929276,1.620741,0.310601,-0.016077,-0.276504,-0.909293,-11.17217,111.707291,-13.246939,0.344075,0.112976,-0.497016,-0.788558,9.683805,123.849777,-18.198967,-0.047175,0.901001,0.050655,0.428258,-7.484062,132.198364,24.735079,0.47345,0.858032,0.191015,-0.056032,3.019265,132.893692,37.706837,0.106495,0.356753,0.560996,-0.739371,16.462049,113.396309,30.878956,0.138217,0.160021,0.576271,-0.789431,13.474567,132.801102,14.217833,0.011486,0.834197,0.183873,0.519784,-10.734057,87.3423,11.60646,0.113436,0.929268,-0.003624,0.351539,-4.530117,53.718472,0.109695,0.005206,0.932044,0.019974,0.361756,-14.536744,8.029186,-3.314679,-0.100052,0.817982,0.022951,0.566011,-3.412166,87.770523,29.535202,-0.005924,0.815296,-0.124969,0.565367,3.429402,52.458202,32.266396,-0.024454,0.817011,0.029357,0.575354,-2.744467,7.028872,42.13699,0.005206,0.932044,0.019974,0.361756,-4.706811,2.225215,-14.286874,-0.024454,0.817011,0.029357,0.575354,11.357476,1.857415,37.127605
772,6.433333,-0.024334,0.83011,0.016348,0.556829,-7.011416,87.532249,20.63501,-0.010249,0.829163,0.048855,0.556774,-7.47686,95.460678,20.635338,-0.002309,0.829147,-0.032471,0.558083,-8.862758,114.776779,21.986567,0.133475,0.859492,-0.207534,0.447646,-8.127739,137.405426,20.707067,0.21331,0.84804,-0.389902,0.288623,-0.510605,149.667282,16.151499,-0.051509,0.804125,0.02169,0.591827,-10.400958,131.859482,17.646816,0.334973,-0.577635,0.286329,-0.68713,-15.315283,130.904526,1.709209,0.311074,-0.015253,-0.276901,-0.909025,-11.157146,111.668159,-13.128194,0.344769,0.11376,-0.496704,-0.788339,9.68545,123.834755,-18.054699,-0.047891,0.900616,0.051044,0.428943,-7.48029,132.169861,24.813885,0.472819,0.858438,0.190576,-0.056634,3.001149,132.879395,37.802567,0.106287,0.356798,0.56045,-0.739793,16.469994,113.403679,30.964262,0.138734,0.159765,0.575174,-0.790191,13.452392,132.804794,14.301527,0.011788,0.834186,0.184529,0.519561,-10.679292,87.317291,11.673491,0.114121,0.929356,-0.00413,0.35108,-4.471873,53.711403,0.126259,0.005374,0.932063,0.020137,0.361697,-14.5557,8.037123,-3.27169,-0.10033,0.817979,0.023987,0.565923,-3.343541,87.7472,29.596525,-0.004765,0.815297,-0.12561,0.565235,3.556626,52.442421,32.277302,-0.024615,0.817008,0.02926,0.575356,-2.738335,7.027,42.135429,0.005374,0.932063,0.020137,0.361697,-4.728291,2.235922,-14.247611,-0.024615,0.817008,0.02926,0.575356,11.364504,1.855982,37.128113
773,6.441667,-0.024557,0.830431,0.016992,0.55632,-6.950675,87.503281,20.700247,-0.010809,0.829352,0.049712,0.556405,-7.424754,95.431198,20.707388,-0.002776,0.829338,-0.031661,0.557842,-8.846745,114.746262,22.074839,0.132599,0.860207,-0.205816,0.447326,-8.150145,137.377167,20.813738,0.213159,0.848206,-0.390368,0.287617,-0.576092,149.674179,16.281172,-0.051981,0.80442,0.022137,0.591368,-10.416129,131.830002,17.750332,0.336417,-0.577022,0.28554,-0.687267,-15.346954,130.870316,1.818101,0.312255,-0.014364,-0.277488,-0.908455,-11.131689,111.627792,-12.995164,0.345206,0.114687,-0.497601,-0.787447,9.695514,123.82531,-17.906479,-0.048316,0.900739,0.051046,0.428636,-7.491341,132.139267,24.91577,0.471792,0.859031,0.190318,-0.05707,2.99753,132.862289,37.897713,0.106677,0.356249,0.559415,-0.740784,16.511749,113.419594,31.054951,0.139111,0.159417,0.57494,-0.790366,13.413679,132.809525,14.386077,0.012044,0.833974,0.1853,0.519621,-10.629306,87.291367,11.743066,0.114714,0.929412,-0.004164,0.350738,-4.407393,53.706516,0.142576,0.005644,0.932155,0.019918,0.361467,-14.544502,8.044991,-3.2682,-0.100501,0.817835,0.025019,0.566056,-3.272044,87.715187,29.657429,-0.003593,0.815483,-0.12631,0.56482,3.679541,52.416546,32.285542,-0.024856,0.817057,0.029323,0.575274,-2.737186,7.016751,42.137115,0.005644,0.932155,0.019918,0.361467,-4.726458,2.235042,-14.247873,-0.024856,0.817057,0.029323,0.575274,11.367173,1.851431,37.128197
774,6.45,-0.024642,0.83073,0.017341,0.55586,-6.887702,87.473831,20.761072,-0.011432,0.82961,0.050831,0.555908,-7.365975,95.401489,20.772318,-0.003311,0.82965,-0.030722,0.557428,-8.832167,114.722153,22.163837,0.13205,0.860704,-0.205241,0.446798,-8.180076,137.35556,20.924147,0.212643,0.848773,-0.389796,0.287102,-0.629374,149.666779,16.391161,-0.052419,0.804639,0.022219,0.591028,-10.438774,131.807083,17.857746,0.336545,-0.576251,0.285378,-0.687919,-15.381503,130.836624,1.929855,0.312529,-0.013589,-0.277869,-0.908257,-11.117828,111.599564,-12.876643,0.34572,0.115263,-0.497937,-0.786925,9.69952,123.82283,-17.762638,-0.049107,0.900828,0.052015,0.428243,-7.506873,132.114929,25.020336,0.4709,0.859506,0.190246,-0.05753,2.990674,132.848694,37.994663,0.106739,0.355899,0.558522,-0.741617,16.543779,113.436874,31.141113,0.139082,0.159249,0.574397,-0.7908,13.381595,132.816589,14.474148,0.012109,0.833871,0.186076,0.519507,-10.576181,87.264,11.807892,0.115485,0.929416,-0.004252,0.350473,-4.330543,53.700031,0.159796,0.005992,0.932182,0.019782,0.361399,-14.537652,8.055213,-3.265839,-0.100857,0.818195,0.025697,0.565442,-3.199224,87.683655,29.714254,-0.002214,0.816041,-0.126848,0.563899,3.802501,52.392651,32.311752,-0.025173,0.817108,0.029372,0.575185,-2.737143,7.004863,42.137806,0.005992,0.932182,0.019782,0.361399,-4.725719,2.237919,-14.247088,-0.025173,0.817108,0.029372,0.575185,11.369255,1.846212,37.12775
775,6.458333,-0.0254,0.831142,0.018324,0.555178,-6.797165,87.452736,20.819315,-0.012229,0.829788,0.052276,0.555491,-7.294093,95.379234,20.837242,-0.004059,0.82981,-0.029877,0.55723,-8.816357,114.692818,22.258638,0.131419,0.860929,-0.205477,0.44644,-8.214043,137.328308,21.031654,0.211784,0.849551,-0.388437,0.287276,-0.678223,149.641891,16.480423,-0.053205,0.804436,0.023612,0.591181,-10.462413,131.776703,17.963306,0.33729,-0.575781,0.285184,-0.688027,-15.396345,130.81311,2.032273,0.313063,-0.012707,-0.278491,-0.907895,-11.100554,111.567749,-12.754152,0.346106,0.115992,-0.498309,-0.786413,9.696932,123.82476,-17.616364,-0.04962,0.900886,0.052833,0.427961,-7.527192,132.086777,25.124443,0.469946,0.859974,0.190297,-0.058151,2.976745,132.82486,38.093353,0.106409,0.355588,0.557802,-0.742355,16.570511,113.448563,31.219894,0.139385,0.158933,0.573164,-0.791704,13.355557,132.829773,14.564745,0.012462,0.833867,0.18658,0.519326,-10.499578,87.24086,11.871937,0.11621,0.929445,-0.00428,0.350156,-4.258768,53.691055,0.180513,0.006374,0.932199,0.019675,0.361354,-14.530197,8.062017,-3.263046,-0.100729,0.818353,0.02618,0.565214,-3.094752,87.664612,29.766693,-0.000964,0.816408,-0.127464,0.563232,3.919851,52.37355,32.32848,-0.025956,0.817248,0.029223,0.574959,-2.74003,7.000098,42.139957,0.006374,0.932199,0.019675,0.361354,-4.724088,2.237852,-14.245857,-0.025956,0.817248,0.029223,0.574959,11.369723,1.851354,37.129166
776,6.466667,-0.025942,0.831316,0.019389,0.554856,-6.710259,87.440086,20.87265,-0.012793,0.829891,0.053608,0.555197,-7.223698,95.365509,20.900036,-0.004702,0.829964,-0.028657,0.557061,-8.792356,114.67334,22.352592,0.130855,0.861739,-0.20352,0.44594,-8.245318,137.311798,21.155096,0.211289,0.850341,-0.388068,0.285797,-0.749016,149.66098,16.635138,-0.05395,0.804637,0.024289,0.590813,-10.481812,131.75882,18.080566,0.337752,-0.57533,0.284542,-0.688443,-15.42761,130.787903,2.15366,0.313678,-0.011849,-0.278928,-0.90756,-11.088219,111.552872,-12.63347,0.346854,0.116719,-0.498871,-0.785618,9.698931,123.838127,-17.472488,-0.050432,0.901035,0.053437,0.427477,-7.543762,132.066574,25.240643,0.469249,0.860452,0.189577,-0.059068,2.971285,132.821579,38.19957,0.106039,0.35555,0.557058,-0.742985,16.592058,113.470314,31.309059,0.139366,0.158489,0.572309,-0.792415,13.332277,132.85202,14.65518,0.013288,0.833586,0.187053,0.519586,-10.419058,87.230721,11.927858,0.116622,0.929183,-0.004614,0.35071,-4.206397,53.695213,0.180569,0.006606,0.932287,0.019481,0.361135,-14.522118,8.075458,-3.253567,-0.100738,0.818712,0.026713,0.564668,-3.00146,87.649445,29.817442,0.000259,0.81678,-0.128101,0.562548,4.036961,52.360554,32.343452,-0.025154,0.817163,0.029685,0.575092,-2.742019,7.0023,42.143623,0.006606,0.932287,0.019481,0.361135,-4.724594,2.243635,-14.239974,-0.025154,0.817163,0.029685,0.575092,11.364928,1.850986,37.127575
777,6.475,-0.026559,0.831823,0.020491,0.554026,-6.626253,87.429108,20.923338,-0.013164,0.830145,0.054743,0.554698,-7.1575,95.353317,20.96036,-0.005473,0.830192,-0.027393,0.556777,-8.760938,114.647308,22.441628,0.130797,0.862006,-0.203397,0.445497,-8.275286,137.288635,21.272009,0.209765,0.851662,-0.386181,0.285544,-0.78468,149.640289,16.749376,-0.054386,0.804992,0.025135,0.590252,-10.49936,131.733536,18.192287,0.338677,-0.574877,0.283592,-0.68876,-15.465686,130.766479,2.271533,0.314193,-0.011139,-0.279404,-0.907244,-11.073966,111.540588,-12.512037,0.346997,0.11723,-0.498756,-0.785552,9.697462,123.85141,-17.332838,-0.051466,0.900956,0.054722,0.427358,-7.556519,132.040192,25.350443,0.467939,0.860986,0.190329,-0.059259,2.9584,132.80806,38.308716,0.10577,0.355511,0.556068,-0.743783,16.638548,113.503983,31.403442,0.139372,0.158391,0.56996,-0.794124,13.321307,132.871735,14.752984,0.013549,0.833582,0.187405,0.519459,-10.352245,87.221069,11.985662,0.117269,0.929313,-0.004545,0.35015,-4.143787,53.695572,0.207625,0.007002,0.932316,0.019289,0.361062,-14.514772,8.089948,-3.247642,-0.100592,0.819026,0.026904,0.564228,-2.900261,87.637146,29.861015,0.001403,0.817223,-0.128541,0.561802,4.138783,52.346886,32.366024,-0.026063,0.817261,0.029484,0.574922,-2.742101,6.999385,42.144924,0.007002,0.932316,0.019289,0.361062,-4.724267,2.248776,-14.235342,-0.026063,0.817261,0.029484,0.574922,11.369686,1.858859,37.131416
778,6.483333,-0.027863,0.832147,0.021645,0.553431,-6.502103,87.406349,20.9757,-0.014147,0.830289,0.056462,0.554286,-7.060672,95.328659,21.016861,-0.006191,0.830355,-0.026223,0.556583,-8.732742,114.622726,22.53359,0.130204,0.862632,-0.202103,0.445048,-8.303967,137.26651,21.389755,0.20879,0.852765,-0.384838,0.284778,-0.845608,149.643677,16.88356,-0.054844,0.805344,0.026087,0.589689,-10.515955,131.709457,18.304878,0.338463,-0.574124,0.283538,-0.689515,-15.502832,130.747711,2.390228,0.314153,-0.01043,-0.279967,-0.907093,-11.066932,111.531746,-12.393059,0.347557,0.117851,-0.499063,-0.785016,9.691833,123.877869,-17.190729,-0.05228,0.901117,0.055698,0.426793,-7.569897,132.015198,25.461748,0.466867,0.861555,0.190097,-0.060174,2.958327,132.794983,38.408504,0.105964,0.354676,0.555325,-0.744708,16.682486,113.531219,31.478062,0.140002,0.15745,0.570369,-0.793907,13.291733,132.900314,14.839194,0.014121,0.833894,0.187736,0.518822,-10.239484,87.189255,12.042995,0.118053,0.929336,-0.004746,0.349822,-4.061961,53.673862,0.219995,0.007007,0.932386,0.019478,0.360872,-14.508028,8.085719,-3.239787,-0.099953,0.819316,0.026842,0.563924,-2.764723,87.623444,29.908403,0.002352,0.817547,-0.128957,0.561233,4.23552,52.323692,32.388306,-0.026436,0.817418,0.029606,0.574676,-2.733289,6.986591,42.153149,0.007007,0.932386,0.019478,0.360872,-4.721162,2.249787,-14.233509,-0.026436,0.817418,0.029606,0.574676,11.379536,1.855466,37.132935
779,6.491667,-0.028476,0.832461,0.02245,0.552895,-6.404765,87.395767,21.02581,-0.014828,0.830514,0.057886,0.553784,-6.97846,95.316971,21.072582,-0.007063,0.830622,-0.024989,0.556231,-8.70163,114.597832,22.620893,0.128998,0.863446,-0.200878,0.444375,-8.337306,137.243958,21.501354,0.208266,0.853794,-0.383252,0.284217,-0.926758,149.651199,16.99901,-0.05476,0.805886,0.026754,0.588925,-10.536642,131.684097,18.412498,0.339508,-0.573633,0.282487,-0.689841,-15.553898,130.736099,2.506573,0.314759,-0.009628,-0.280715,-0.90666,-11.060905,111.529961,-12.272244,0.347983,0.118551,-0.49878,-0.784903,9.673042,123.912659,-17.052723,-0.053253,0.901145,0.05718,0.426417,-7.584704,131.990295,25.566923,0.465706,0.862188,0.18978,-0.061104,2.950792,132.778992,38.507221,0.105175,0.354638,0.554324,-0.745583,16.722778,113.55777,31.553572,0.139859,0.157436,0.56901,-0.79491,13.273213,132.929169,14.927231,0.014522,0.833973,0.187863,0.518638,-10.152965,87.177017,12.097681,0.118683,0.929527,-0.004601,0.349102,-3.997417,53.66589,0.251189,0.007235,0.932487,0.019389,0.36061,-14.495444,8.091601,-3.233818,-0.099597,0.819696,0.027192,0.563417,-2.656565,87.614517,29.953939,0.003453,0.817757,-0.129602,0.560772,4.338632,52.311005,32.394272,-0.026224,0.817436,0.029564,0.574663,-2.742951,6.990138,42.153351,0.007235,0.932487,0.019389,0.36061,-4.717656,2.250978,-14.233123,-0.026224,0.817436,0.029564,0.574663,11.367589,1.854333,37.131504
780,6.5,-0.028685,0.832748,0.022793,0.552438,-6.321079,87.387833,21.079441,-0.015569,0.830678,0.059279,0.553369,-6.900521,95.308594,21.129213,-0.007568,0.830842,-0.023635,0.555954,-8.675781,114.572098,22.706301,0.128632,0.864169,-0.199544,0.443676,-8.365023,137.220886,21.624863,0.206889,0.855383,-0.381237,0.283153,-0.983307,149.651871,17.140726,-0.055091,0.806213,0.027815,0.588397,-10.553732,131.661148,18.528238,0.340132,-0.573359,0.281473,-0.690176,-15.59053,130.724014,2.627848,0.314778,-0.009072,-0.281277,-0.906486,-11.053862,111.534653,-12.159422,0.34756,0.11918,-0.499018,-0.784843,9.662527,123.947128,-16.923376,-0.054004,0.901149,0.058441,0.426144,-7.597134,131.962112,25.680962,0.464528,0.862784,0.189547,-0.062367,2.943458,132.756012,38.616787,0.10469,0.35432,0.553438,-0.746461,16.76177,113.582291,31.623995,0.139937,0.157103,0.568462,-0.795353,13.248998,132.960815,15.00771,0.014793,0.834282,0.188036,0.518071,-10.078827,87.169014,12.15533,0.119205,0.929976,-0.004274,0.347731,-3.941147,53.663158,0.284666,0.007679,0.932577,0.019126,0.360382,-14.478447,8.100247,-3.230428,-0.099448,0.820505,0.02747,0.562252,-2.563332,87.606659,30.003551,0.004523,0.818129,-0.130077,0.560112,4.437815,52.302094,32.411419,-0.026228,0.817516,0.029255,0.574564,-2.742916,6.99358,42.155399,0.007679,0.932577,0.019126,0.360382,-4.71217,2.247884,-14.233719,-0.026228,0.817516,0.029255,0.574564,11.364643,1.850252,37.132889
781,6.508333,-0.02983,0.833003,0.023868,0.551949,-6.197615,87.365082,21.113995,-0.016294,0.831011,0.060785,0.552685,-6.801571,95.283981,21.168285,-0.008312,0.831286,-0.021919,0.55535,-8.631775,114.546295,22.780155,0.128536,0.865153,-0.197472,0.442711,-8.393082,137.19809,21.744438,0.205717,0.857115,-0.379244,0.281439,-1.0438,149.661331,17.296713,-0.055465,0.80652,0.029219,0.587873,-10.56934,131.637878,18.639887,0.340923,-0.573295,0.280231,-0.690344,-15.625349,130.717194,2.744628,0.314904,-0.008398,-0.281785,-0.90629,-11.05068,111.546494,-12.055127,0.3468,0.120343,-0.499889,-0.784448,9.651976,123.989166,-16.798506,-0.054472,0.901031,0.059279,0.426218,-7.60252,131.933487,25.788603,0.463071,0.863297,0.190474,-0.063268,2.934264,132.729156,38.727425,0.104186,0.353766,0.552553,-0.747449,16.813601,113.617004,31.687153,0.139826,0.156911,0.567295,-0.796244,13.230038,133.002365,15.092829,0.015025,0.834724,0.188066,0.517341,-9.96455,87.138939,12.193937,0.120072,0.93002,-0.004371,0.347314,-3.850068,53.634399,0.307593,0.0079,0.932663,0.019445,0.360139,-14.466447,8.091023,-3.222656,-0.098839,0.820869,0.027304,0.561836,-2.430681,87.591217,30.034054,0.005441,0.818382,-0.130608,0.559609,4.529441,52.277287,32.423374,-0.026507,0.817644,0.029402,0.574362,-2.743636,6.982622,42.163223,0.0079,0.932663,0.019445,0.360139,-4.706886,2.245291,-14.235431,-0.026507,0.817644,0.029402,0.574362,11.364809,1.847693,37.134598
782,6.516667,-0.030525,0.833368,0.024688,0.551323,-6.089521,87.356476,21.155008,-0.017064,0.831232,0.062176,0.552175,-6.709793,95.274071,21.214497,-0.008988,0.83155,-0.020228,0.555008,-8.593408,114.526703,22.855429,0.127731,0.866102,-0.195791,0.441835,-8.423207,137.181198,21.866291,0.204762,0.858678,-0.377077,0.280283,-1.11857,149.677216,17.437012,-0.05579,0.806845,0.030461,0.587334,-10.585737,131.620926,18.752251,0.340303,-0.572772,0.280252,-0.691076,-15.661708,130.714722,2.862528,0.314143,-0.007864,-0.282583,-0.906311,-11.058051,111.559502,-11.948273,0.346863,0.121019,-0.499685,-0.784446,9.621134,124.045631,-16.669193,-0.055901,0.901042,0.06164,0.425674,-7.613226,131.910629,25.898844,0.461646,0.863937,0.190639,-0.064447,2.933789,132.716858,38.828678,0.103402,0.353443,0.551392,-0.748567,16.870699,113.662407,31.745819,0.139096,0.156817,0.566404,-0.797024,13.209133,133.051849,15.171197,0.015193,0.835115,0.188037,0.516715,-9.869021,87.127365,12.240343,0.120837,0.930068,-0.004249,0.346922,-3.774642,53.622406,0.344855,0.0081,0.932754,0.019357,0.359901,-14.454226,8.096227,-3.216456,-0.098262,0.820762,0.027302,0.562093,-2.310022,87.585579,30.069674,0.006333,0.81859,-0.131051,0.559193,4.615597,52.263432,32.437775,-0.026449,0.817676,0.029529,0.574312,-2.744198,6.980637,42.167671,0.0081,0.932754,0.019357,0.359901,-4.702854,2.246145,-14.234173,-0.026449,0.817676,0.029529,0.574312,11.363862,1.847794,37.135841
783,6.525,-0.03123,0.833722,0.025569,0.550707,-5.978497,87.353149,21.192949,-0.017653,0.831339,0.063984,0.551788,-6.615739,95.269356,21.258369,-0.009733,0.831686,-0.018429,0.554855,-8.556242,114.512001,22.945528,0.127948,0.866854,-0.194391,0.440914,-8.459599,137.169022,22.005478,0.20285,0.860944,-0.37429,0.27845,-1.171647,149.684006,17.602314,-0.056527,0.807076,0.031631,0.586883,-10.605645,131.608582,18.880384,0.340845,-0.573224,0.278546,-0.691124,-15.696536,130.704529,2.995309,0.313843,-0.007305,-0.283,-0.906289,-11.071425,111.583878,-11.85343,0.346087,0.121498,-0.499474,-0.784849,9.597714,124.09774,-16.551931,-0.056917,0.901295,0.06309,0.424791,-7.63072,131.892365,26.026207,0.460208,0.864573,0.190721,-0.065942,2.937543,132.710892,38.937904,0.10248,0.352923,0.550256,-0.749774,16.930159,113.717545,31.80097,0.138348,0.156356,0.565432,-0.797934,13.184855,133.118439,15.255363,0.015169,0.835703,0.187988,0.515782,-9.770287,87.121544,12.28357,0.121787,0.930216,-0.004127,0.346192,-3.689607,53.615189,0.38501,0.008987,0.932749,0.019345,0.359894,-14.44947,8.110529,-3.209461,-0.097851,0.821243,0.027285,0.561463,-2.186707,87.584755,30.102331,0.007244,0.818851,-0.13154,0.558685,4.716039,52.256721,32.449348,-0.026428,0.817777,0.029429,0.574175,-2.733222,6.987107,42.17252,0.008987,0.932749,0.019345,0.359894,-4.708328,2.251022,-14.231216,-0.026428,0.817777,0.029429,0.574175,11.372407,1.851437,37.136749
784,6.533333,-0.032029,0.834154,0.026248,0.549975,-5.870795,87.344536,21.232464,-0.018267,0.831618,0.065428,0.551178,-6.524473,95.259384,21.300436,-0.010442,0.832002,-0.016688,0.554423,-8.514412,114.494133,23.022223,0.127886,0.86785,-0.192609,0.439754,-8.488785,137.153275,22.12994,0.201476,0.863134,-0.371385,0.276551,-1.230187,149.695343,17.755491,-0.056962,0.807377,0.033045,0.586349,-10.621195,131.592834,18.995527,0.34158,-0.573465,0.277031,-0.691169,-15.731361,130.703644,3.115808,0.313868,-0.006668,-0.283556,-0.906112,-11.078405,111.609123,-11.757845,0.345418,0.12242,-0.500236,-0.784515,9.575269,124.154938,-16.436722,-0.057682,0.901374,0.064692,0.424279,-7.639061,131.870743,26.138577,0.458638,0.865139,0.191466,-0.067279,2.9408,132.690826,39.040668,0.101421,0.352231,0.549157,-0.751049,16.995758,113.766647,31.842793,0.137873,0.156183,0.563557,-0.799376,13.163567,133.181244,15.338967,0.01531,0.836311,0.188139,0.514736,-9.677227,87.106628,12.329497,0.122519,0.930041,-0.004245,0.346402,-3.614321,53.604687,0.40945,0.009254,0.93279,0.019369,0.359781,-14.439975,8.116898,-3.201032,-0.097284,0.821642,0.027168,0.560983,-2.064364,87.582451,30.135429,0.008077,0.818878,-0.131951,0.558537,4.801906,52.245975,32.46225,-0.026293,0.817764,0.029553,0.574193,-2.731105,6.987733,42.173801,0.009254,0.93279,0.019369,0.359781,-4.704387,2.255385,-14.226627,-0.026293,0.817764,0.029553,0.574193,11.374271,1.852775,37.136616
785,6.541667,-0.032672,0.834377,0.027241,0.54955,-5.757765,87.34478,21.257341,-0.018946,0.831904,0.066953,0.550539,-6.428572,95.258118,21.333185,-0.011119,0.832409,-0.014934,0.553849,-8.470139,114.47036,23.089636,0.127841,0.869237,-0.189538,0.438359,-8.514801,137.131363,22.246544,0.200442,0.865451,-0.368619,0.273748,-1.301321,149.719101,17.928967,-0.057006,0.807752,0.034514,0.585744,-10.634872,131.571259,19.103176,0.341836,-0.573343,0.27616,-0.691492,-15.768595,130.708237,3.229612,0.313583,-0.006015,-0.284588,-0.905891,-11.084981,111.633812,-11.660175,0.345384,0.123133,-0.500634,-0.784164,9.535542,124.229881,-16.320753,-0.059174,0.901192,0.066882,0.42412,-7.643117,131.842758,26.242447,0.457246,0.865633,0.192061,-0.068682,2.935428,132.676743,39.144726,0.10053,0.351623,0.548335,-0.752053,17.043812,113.816025,31.885057,0.13736,0.155446,0.562414,-0.800412,13.142654,133.248672,15.41415,0.015816,0.836489,0.187901,0.514518,-9.572429,87.106705,12.357904,0.123107,0.929984,-0.004287,0.346347,-3.552036,53.599453,0.431249,0.009391,0.932896,0.019121,0.359516,-14.429606,8.125231,-3.193984,-0.096952,0.822313,0.026795,0.560074,-1.943102,87.582848,30.15678,0.009107,0.819329,-0.132306,0.557775,4.89131,52.240276,32.484657,-0.026149,0.817824,0.029392,0.574122,-2.730281,6.99248,42.175755,0.009391,0.932896,0.019121,0.359516,-4.702869,2.255607,-14.223073,-0.026149,0.817824,0.029392,0.574122,11.371997,1.851071,37.136471
786,6.55,-0.033363,0.834636,0.028009,0.549077,-5.640945,87.339821,21.285702,-0.019992,0.832138,0.068659,0.549939,-6.327541,95.251762,21.366049,-0.011537,0.832764,-0.013152,0.553351,-8.437449,114.449287,23.155949,0.127764,0.870508,-0.187566,0.436705,-8.543105,137.112122,22.369671,0.199346,0.868006,-0.365088,0.271179,-1.364429,149.729446,18.080564,-0.057527,0.80799,0.036025,0.585273,-10.652484,131.554306,19.215086,0.341827,-0.573388,0.275135,-0.691868,-15.802628,130.705765,3.346063,0.31298,-0.005673,-0.285137,-0.905929,-11.093709,111.660683,-11.573298,0.344445,0.1239,-0.501574,-0.783856,9.514645,124.28907,-16.219339,-0.060255,0.90118,0.069014,0.423653,-7.652336,131.815872,26.351204,0.45547,0.866443,0.191935,-0.070601,2.935126,132.653229,39.245945,0.099265,0.351102,0.547025,-0.753417,17.110268,113.867867,31.921219,0.136655,0.154804,0.561311,-0.801431,13.11522,133.319061,15.483756,0.016529,0.83608,0.188199,0.515051,-9.464788,87.09832,12.390299,0.123776,0.929705,-0.004771,0.346851,-3.46864,53.6008,0.42414,0.010121,0.932969,0.018757,0.359326,-14.417344,8.142489,-3.186611,-0.096441,0.822938,0.026303,0.559268,-1.817103,87.581322,30.181105,0.010136,0.819976,-0.1326,0.556736,4.969976,52.229733,32.510715,-0.026298,0.817942,0.029121,0.573961,-2.733815,6.991112,42.179653,0.010121,0.932969,0.018757,0.359326,-4.704985,2.255474,-14.219099,-0.026298,0.817942,0.029121,0.573961,11.366241,1.845625,37.138321
787,6.558333,-0.033965,0.834899,0.028634,0.548607,-5.52758,87.33857,21.310368,-0.020347,0.832414,0.069997,0.549339,-6.22753,95.249306,21.394121,-0.01242,0.833124,-0.01117,0.552835,-8.3746,114.426491,23.21965,0.127711,0.871912,-0.184836,0.43508,-8.56382,137.090546,22.486206,0.198336,0.870561,-0.361761,0.268171,-1.427662,149.747894,18.244312,-0.058185,0.808274,0.038496,0.584658,-10.657146,131.532425,19.321501,0.341538,-0.57352,0.274508,-0.69215,-15.828779,130.713104,3.457932,0.312326,-0.005062,-0.285989,-0.90589,-11.110365,111.691521,-11.488368,0.344468,0.12407,-0.502045,-0.783517,9.474998,124.36731,-16.11121,-0.060941,0.901015,0.07038,0.423679,-7.648471,131.788361,26.454235,0.454006,0.866937,0.192418,-0.072625,2.935465,132.626633,39.35181,0.097907,0.35035,0.546065,-0.754641,17.161942,113.913605,31.941921,0.135761,0.154393,0.56011,-0.802502,13.084624,133.394821,15.550953,0.017035,0.8361,0.187989,0.515079,-9.360638,87.093559,12.419026,0.124366,0.929651,-0.004806,0.346783,-3.402491,53.591572,0.446406,0.010395,0.93307,0.018659,0.359059,-14.403081,8.147013,-3.179694,-0.095905,0.823379,0.025961,0.558726,-1.694522,87.583588,30.20171,0.011085,0.820128,-0.132974,0.556403,5.04896,52.223278,32.525414,-0.026311,0.817907,0.028805,0.574026,-2.74339,6.99586,42.17577,0.010395,0.93307,0.018659,0.359059,-4.700514,2.254628,-14.217934,-0.026311,0.817907,0.028805,0.574026,11.355728,1.84288,37.139462
788,6.566667,-0.034678,0.835145,0.029151,0.548161,-5.414686,87.33873,21.340691,-0.021439,0.832564,0.071786,0.548839,-6.128527,95.248215,21.425449,-0.012674,0.833391,-0.009242,0.552462,-8.347186,114.409431,23.285849,0.128001,0.873268,-0.182193,0.433388,-8.594651,137.074997,22.618973,0.197102,0.873233,-0.358398,0.264887,-1.491805,149.767548,18.426687,-0.057946,0.808876,0.039264,0.583798,-10.676943,131.520844,19.440027,0.342233,-0.57372,0.272616,-0.692389,-15.883097,130.720688,3.586774,0.311994,-0.004798,-0.286731,-0.905772,-11.124947,111.737442,-11.395623,0.343612,0.124366,-0.502345,-0.783654,9.432982,124.444649,-16.01189,-0.062011,0.901138,0.072385,0.422924,-7.661981,131.76355,26.570568,0.45232,0.867406,0.193607,-0.07437,2.938926,132.607727,39.453815,0.097217,0.349069,0.545103,-0.756018,17.228088,113.977242,31.957106,0.135121,0.153337,0.559385,-0.803317,13.050548,133.478241,15.615758,0.01728,0.836594,0.187671,0.514384,-9.256263,87.087265,12.453207,0.12515,0.929731,-0.00461,0.346289,-3.334702,53.577278,0.484841,0.010596,0.933105,0.018515,0.358971,-14.398039,8.150917,-3.178077,-0.095245,0.824042,0.025428,0.557886,-1.573108,87.590202,30.228174,0.011872,0.820846,-0.133135,0.555289,5.112701,52.218807,32.549931,-0.025348,0.817918,0.029068,0.57404,-2.735444,6.997097,42.181786,0.010596,0.933105,0.018515,0.358971,-4.700479,2.252559,-14.217525,-0.025348,0.817918,0.029068,0.57404,11.356803,1.833899,37.136719
789,6.575,-0.034893,0.83548,0.029617,0.547611,-5.317235,87.350868,21.361441,-0.021932,0.832801,0.073062,0.548292,-6.037909,95.259682,21.450974,-0.013551,0.833684,-0.00696,0.552031,-8.297064,114.402702,23.34218,0.128546,0.874483,-0.180615,0.431432,-8.635191,137.068893,22.739729,0.195872,0.876335,-0.353767,0.261764,-1.548717,149.779007,18.573002,-0.058361,0.809052,0.041386,0.583367,-10.698997,131.515533,19.54739,0.342912,-0.574317,0.270831,-0.692259,-15.92035,130.744598,3.69769,0.311892,-0.004536,-0.286929,-0.905745,-11.148151,111.794708,-11.322427,0.342389,0.125249,-0.503254,-0.783465,9.405273,124.515083,-15.928824,-0.062667,0.90131,0.074787,0.422043,-7.677025,131.750061,26.675236,0.450455,0.86808,0.194129,-0.076423,2.946026,132.582611,39.540989,0.095235,0.348422,0.543824,-0.757488,17.302904,114.038422,31.960171,0.133964,0.152891,0.556844,-0.805359,13.02927,133.57428,15.67572,0.017706,0.836475,0.187324,0.51469,-9.170199,87.100334,12.478861,0.125605,0.929647,-0.004534,0.346352,-3.282951,53.582024,0.516871,0.011054,0.933224,0.018218,0.358662,-14.382476,8.166277,-3.168184,-0.094726,0.824492,0.024961,0.55733,-1.464272,87.601402,30.24402,0.012599,0.821108,-0.133346,0.554836,5.173946,52.221195,32.568039,-0.026188,0.818053,0.028474,0.573841,-2.735786,7.006431,42.182102,0.011054,0.933224,0.018218,0.358662,-4.698705,2.255234,-14.21295,-0.026188,0.818053,0.028474,0.573841,11.358031,1.843201,37.141457
790,6.583333,-0.036418,0.835731,0.030475,0.547082,-5.18211,87.35125,21.389256,-0.022718,0.832936,0.074245,0.547896,-5.930382,95.257515,21.477341,-0.014082,0.833852,-0.004737,0.551788,-8.237965,114.383911,23.389881,0.128744,0.875777,-0.178387,0.429671,-8.651966,137.050613,22.858355,0.194399,0.879315,-0.349445,0.258654,-1.596396,149.790405,18.729984,-0.058428,0.809713,0.043259,0.582305,-10.699387,131.500381,19.650061,0.343194,-0.574472,0.26973,-0.69242,-15.96182,130.761337,3.812426,0.311474,-0.004176,-0.288039,-0.905539,-11.169052,111.836266,-11.23241,0.342311,0.125515,-0.503559,-0.783261,9.352106,124.608162,-15.833588,-0.064368,0.900995,0.077641,0.421944,-7.673482,131.722763,26.776627,0.448723,0.868571,0.195035,-0.0787,2.945124,132.565903,39.645363,0.094289,0.347052,0.542912,-0.758889,17.361366,114.110275,31.961744,0.133617,0.151661,0.555969,-0.806253,12.988085,133.670334,15.739253,0.018287,0.836849,0.186896,0.514217,-9.044203,87.084648,12.511107,0.126422,0.929675,-0.004473,0.345979,-3.214782,53.556286,0.548946,0.010935,0.933244,0.018532,0.358597,-14.38375,8.159804,-3.163569,-0.093668,0.824874,0.024175,0.556979,-1.320018,87.617859,30.267403,0.01327,0.821374,-0.133428,0.554406,5.225654,52.22049,32.592602,-0.026207,0.817993,0.028533,0.573923,-2.734967,7.00939,42.181908,0.010935,0.933244,0.018532,0.358597,-4.698698,2.258666,-14.212513,-0.026207,0.817993,0.028533,0.573923,11.360371,1.847946,37.143673
791,6.591667,-0.036842,0.835895,0.03123,0.54676,-5.062082,87.350883,21.394434,-0.023488,0.833075,0.076306,0.547369,-5.822476,95.255913,21.489126,-0.01461,0.834138,-0.002832,0.551356,-8.196196,114.361069,23.451891,0.128979,0.877278,-0.175656,0.427659,-8.67807,137.02774,22.979424,0.193474,0.882255,-0.345195,0.255019,-1.659513,149.803619,18.899736,-0.058599,0.809985,0.045249,0.581759,-10.712527,131.479752,19.759024,0.342788,-0.574642,0.268855,-0.692821,-15.995543,130.773453,3.926749,0.309968,-0.004472,-0.288714,-0.905839,-11.189197,111.881592,-11.155446,0.340434,0.125799,-0.504091,-0.783691,9.31789,124.686813,-15.760014,-0.065403,0.901091,0.079796,0.421178,-7.679472,131.692719,26.882839,0.447097,0.869002,0.195861,-0.081106,2.956241,132.538864,39.737244,0.092669,0.345718,0.542,-0.760347,17.425337,114.1698,31.946304,0.132539,0.150498,0.554568,-0.807612,12.952879,133.77272,15.797787,0.018728,0.837049,0.186237,0.514114,-8.93039,87.085106,12.51897,0.127076,0.929577,-0.004443,0.346003,-3.153693,53.540195,0.577658,0.011126,0.93328,0.018603,0.358495,-14.377605,8.159247,-3.159028,-0.093084,0.825327,0.02347,0.556435,-1.193774,87.616661,30.269899,0.014057,0.821773,-0.133713,0.553726,5.29096,52.209007,32.6092,-0.026361,0.818061,0.02843,0.573824,-2.737162,7.007095,42.185505,0.011126,0.93328,0.018603,0.358495,-4.696774,2.258195,-14.211714,-0.026361,0.818061,0.02843,0.573824,11.357731,1.845756,37.145927
792,6.6,-0.036978,0.836017,0.031846,0.546529,-4.955308,87.366798,21.400537,-0.024264,0.833216,0.078015,0.546879,-5.722811,95.271057,21.50242,-0.015287,0.834421,-0.000612,0.550915,-8.155007,114.353516,23.503593,0.129212,0.878783,-0.173028,0.425566,-8.718244,137.019608,23.098486,0.192477,0.88522,-0.340871,0.251286,-1.735795,149.829773,19.064613,-0.058855,0.810232,0.046741,0.581271,-10.736512,131.473892,19.864004,0.34286,-0.575101,0.267456,-0.692946,-16.03746,130.788422,4.036814,0.309418,-0.004097,-0.289586,-0.90575,-11.220127,111.932884,-11.087273,0.340307,0.125812,-0.504416,-0.783535,9.260343,124.780342,-15.680117,-0.065963,0.901269,0.082422,0.420202,-7.696249,131.676727,26.985043,0.445129,0.869673,0.196213,-0.083836,2.964428,132.505859,39.819862,0.09101,0.344352,0.540813,-0.762011,17.497869,114.234161,31.920492,0.13132,0.149093,0.554122,-0.808378,12.908576,133.88118,15.841161,0.019525,0.836814,0.185434,0.514758,-8.8283,87.10511,12.526995,0.127423,0.929535,-0.004257,0.345992,-3.120527,53.540863,0.606883,0.011425,0.933315,0.018271,0.358413,-14.368153,8.168045,-3.157113,-0.09249,0.825896,0.022729,0.55572,-1.082317,87.628494,30.274082,0.014751,0.822353,-0.133854,0.552812,5.339921,52.210419,32.627956,-0.026388,0.818173,0.027973,0.573684,-2.73831,7.013914,42.187614,0.011425,0.933315,0.018271,0.358413,-4.694191,2.254834,-14.209316,-0.026388,0.818173,0.027973,0.573684,11.352436,1.841851,37.147434
793,6.608333,-0.038009,0.836144,0.03242,0.546231,-4.82584,87.366142,21.412395,-0.025166,0.833396,0.07947,0.546353,-5.611947,95.268585,21.513195,-0.01569,0.834735,0.001707,0.550425,-8.102483,114.339935,23.543171,0.130053,0.880221,-0.17012,0.423505,-8.739112,137.005356,23.216108,0.190857,0.888338,-0.33659,0.247257,-1.780301,149.847534,19.243687,-0.058945,0.810678,0.048615,0.580486,-10.743547,131.464218,19.965208,0.343741,-0.575253,0.265926,-0.692972,-16.074636,130.810547,4.146796,0.309033,-0.004465,-0.290532,-0.905577,-11.225722,111.979385,-10.997562,0.338971,0.12603,-0.505525,-0.783364,9.225036,124.859444,-15.615158,-0.066632,0.901228,0.084641,0.419743,-7.695117,131.652557,27.083153,0.443232,0.870137,0.197296,-0.086497,2.975493,132.471878,39.910336,0.089382,0.342919,0.539732,-0.763615,17.569685,114.301765,31.889587,0.129926,0.147945,0.553025,-0.809564,12.869331,133.986206,15.888877,0.020227,0.836852,0.184886,0.514866,-8.703659,87.093544,12.541288,0.128043,0.929787,-0.004143,0.345085,-3.057257,53.516674,0.627512,0.011885,0.933318,0.018605,0.35837,-14.357863,8.158609,-3.155577,-0.091644,0.826934,0.022083,0.554341,-0.948021,87.638733,30.283503,0.01541,0.822711,-0.134205,0.552176,5.402552,52.207329,32.631153,-0.025224,0.818137,0.028041,0.573786,-2.737217,7.021499,42.189083,0.011885,0.933318,0.018605,0.35837,-4.688552,2.249976,-14.214293,-0.025224,0.818137,0.028041,0.573786,11.344755,1.831002,37.143337
794,6.616667,-0.038631,0.836211,0.032945,0.546052,-4.699816,87.368286,21.418772,-0.026029,0.833503,0.08165,0.545829,-5.498685,95.269424,21.521299,-0.016357,0.835014,0.00366,0.549973,-8.06202,114.328918,23.604589,0.130472,0.881673,-0.167709,0.421311,-8.772762,136.992889,23.335213,0.189728,0.891383,-0.331991,0.243354,-1.843055,149.863953,19.405588,-0.059131,0.810959,0.050562,0.579907,-10.76281,131.453445,20.072632,0.344209,-0.575661,0.264342,-0.693007,-16.115593,130.830933,4.26029,0.308475,-0.0044,-0.291655,-0.905407,-11.248383,112.033211,-10.919716,0.338652,0.125696,-0.505485,-0.783582,9.166239,124.959419,-15.542519,-0.067442,0.9014,0.086973,0.418767,-7.70701,131.633835,27.187622,0.441466,0.870578,0.198141,-0.089116,2.9873,132.448105,39.995377,0.08761,0.341547,0.538734,-0.765138,17.635815,114.373306,31.859123,0.128623,0.146665,0.551563,-0.811002,12.83164,134.097702,15.939983,0.020436,0.837205,0.18424,0.514516,-8.580491,87.091019,12.549058,0.128883,0.929781,-0.004047,0.344791,-2.975886,53.497559,0.662339,0.011904,0.933441,0.018415,0.358059,-14.346486,8.15967,-3.152738,-0.090704,0.82727,0.021499,0.554017,-0.819141,87.645554,30.288485,0.015904,0.822834,-0.134539,0.551897,5.453715,52.199947,32.630764,-0.026311,0.818355,0.02654,0.573496,-2.738171,7.023996,42.190872,0.011904,0.933441,0.018415,0.358059,-4.685557,2.245777,-14.21597,-0.026311,0.818355,0.02654,0.573496,11.341148,1.815529,37.15625
795,6.625,-0.038855,0.836527,0.033244,0.545535,-4.608079,87.382957,21.428289,-0.026707,0.833706,0.08295,0.545288,-5.412438,95.283508,21.533327,-0.016582,0.835308,0.005784,0.549502,-8.021137,114.315666,23.643473,0.130417,0.883546,-0.163763,0.418951,-8.793475,136.978394,23.449343,0.189203,0.894209,-0.32798,0.238792,-1.922405,149.902725,19.592297,-0.059527,0.811389,0.052407,0.579102,-10.772393,131.444305,20.170929,0.343906,-0.575863,0.263159,-0.693439,-16.154802,130.844574,4.36777,0.307509,-0.004381,-0.292585,-0.905435,-11.268318,112.086823,-10.855402,0.338012,0.125715,-0.506563,-0.783159,9.123203,125.057663,-15.478422,-0.06917,0.90137,0.090084,0.417892,-7.708683,131.609634,27.282879,0.439849,0.870886,0.199283,-0.091525,3.002214,132.434952,40.076057,0.085938,0.340216,0.537829,-0.766556,17.699539,114.451553,31.826092,0.12708,0.145473,0.55,-0.81252,12.798403,134.214249,15.985645,0.021008,0.837086,0.183865,0.51482,-8.499352,87.104645,12.563255,0.129215,0.929632,-0.004103,0.345066,-2.938984,53.502941,0.679061,0.012504,0.933464,0.018326,0.357984,-14.33862,8.17312,-3.145231,-0.090117,0.827518,0.021054,0.55376,-0.716806,87.66127,30.293325,0.016425,0.823104,-0.134746,0.551428,5.504429,52.206635,32.636662,-0.024936,0.818204,0.027443,0.573731,-2.732817,7.037485,42.189926,0.012504,0.933464,0.018326,0.357984,-4.686671,2.250751,-14.211765,-0.024936,0.818204,0.027443,0.573731,11.342361,1.827377,37.145439
796,6.633333,-0.040064,0.836565,0.034164,0.545333,-4.472183,87.387039,21.429358,-0.027094,0.833813,0.083771,0.544981,-5.300497,95.285088,21.536289,-0.017291,0.835462,0.008736,0.549206,-7.938692,114.31546,23.665895,0.131571,0.884748,-0.161269,0.417015,-8.811454,136.975159,23.566202,0.187013,0.897405,-0.323281,0.234904,-1.949916,149.921646,19.76693,-0.0597,0.812029,0.054484,0.577993,-10.768365,131.445984,20.266371,0.344275,-0.576284,0.261645,-0.693479,-16.192923,130.878433,4.476437,0.306906,-0.004733,-0.293288,-0.905411,-11.291175,112.15432,-10.783187,0.336755,0.126146,-0.507445,-0.78306,9.077793,125.149574,-15.423332,-0.070305,0.901371,0.093065,0.417046,-7.699991,131.595444,27.376663,0.437996,0.871306,0.200321,-0.094114,3.02922,132.415955,40.154804,0.084375,0.33864,0.536649,-0.768252,17.783041,114.533279,31.787542,0.125774,0.144617,0.54882,-0.813672,12.761374,134.330475,16.028339,0.021828,0.837341,0.183218,0.514602,-8.365885,87.098686,12.565708,0.12983,0.929437,-0.00434,0.345359,-2.882364,53.482372,0.687142,0.012218,0.933489,0.018453,0.357923,-14.341073,8.167702,-3.140076,-0.089221,0.827693,0.020328,0.55367,-0.578481,87.675385,30.293005,0.017002,0.823217,-0.135008,0.551179,5.561258,52.206993,32.643055,-0.024973,0.818145,0.027451,0.573814,-2.731119,7.046285,42.188557,0.012218,0.933489,0.018453,0.357923,-4.686716,2.251775,-14.207956,-0.024973,0.818145,0.027451,0.573814,11.345445,1.837017,37.147064
797,6.641667,-0.04025,0.836713,0.034614,0.545062,-4.376321,87.412491,21.432798,-0.027706,0.834026,0.085162,0.544409,-5.210946,95.309814,21.544352,-0.017678,0.835815,0.011042,0.548615,-7.892645,114.302376,23.704098,0.131849,0.88628,-0.158418,0.414763,-8.837492,136.959381,23.682825,0.185713,0.900291,-0.318774,0.231021,-2.012906,149.940582,19.935785,-0.059359,0.812259,0.056075,0.577553,-10.781633,131.435257,20.367012,0.344864,-0.577113,0.259669,-0.69324,-16.224556,130.906433,4.582058,0.30655,-0.004475,-0.294244,-0.905222,-11.319186,112.222084,-10.72508,0.336409,0.126076,-0.507969,-0.78288,9.018869,125.259018,-15.362156,-0.07085,0.901549,0.095034,0.416122,-7.703415,131.570297,27.473337,0.435964,0.871675,0.201941,-0.096631,3.04893,132.383148,40.232498,0.082775,0.337055,0.535601,-0.769853,17.866594,114.612373,31.740601,0.123948,0.143327,0.548257,-0.814561,12.730834,134.4505,16.062426,0.022233,0.837122,0.18276,0.515103,-8.275444,87.125587,12.571486,0.130313,0.929211,-0.004436,0.345782,-2.826424,53.49847,0.707625,0.012842,0.933587,0.017902,0.357673,-14.327743,8.19566,-3.13215,-0.088704,0.828051,0.019861,0.553234,-0.477198,87.699402,30.294109,0.017581,0.823404,-0.135232,0.550826,5.614694,52.223022,32.648071,-0.025751,0.81813,0.026574,0.573842,-2.729846,7.06988,42.183857,0.012842,0.933587,0.017902,0.357673,-4.688921,2.258367,-14.202127,-0.025751,0.81813,0.026574,0.573842,11.348856,1.852633,37.156605
798,6.65,-0.040453,0.83671,0.035121,0.54502,-4.266651,87.428299,21.42981,-0.028524,0.834087,0.086843,0.544008,-5.108334,95.324791,21.546368,-0.018253,0.836034,0.013257,0.548213,-7.847829,114.286354,23.741579,0.132134,0.887765,-0.155576,0.412565,-8.869527,136.939972,23.790405,0.184662,0.903157,-0.314085,0.227063,-2.08099,149.955231,20.096394,-0.059505,0.812423,0.05828,0.577089,-10.798183,131.419434,20.459635,0.344847,-0.577423,0.258256,-0.693517,-16.258438,130.927933,4.679458,0.30554,-0.004644,-0.295098,-0.905285,-11.334653,112.283539,-10.670429,0.335093,0.126363,-0.508995,-0.782732,8.981529,125.359009,-15.31393,-0.071824,0.901669,0.098356,0.414922,-7.713453,131.543243,27.563339,0.433738,0.872414,0.20216,-0.09948,3.067558,132.34346,40.299095,0.080514,0.335876,0.534228,-0.77156,17.953148,114.681984,31.698656,0.122473,0.142333,0.547319,-0.815588,12.699212,134.562134,16.101799,0.022896,0.837194,0.181951,0.515244,-8.166352,87.143425,12.568686,0.130689,0.929072,-0.004438,0.346015,-2.785739,53.497185,0.727859,0.013154,0.933686,0.017675,0.357414,-14.318326,8.20359,-3.126868,-0.088069,0.82842,0.019422,0.5528,-0.366949,87.713165,30.290932,0.018087,0.823574,-0.135561,0.550475,5.671197,52.227436,32.642525,-0.025131,0.818059,0.026691,0.573965,-2.72518,7.084331,42.180344,0.013154,0.933686,0.017675,0.357414,-4.690178,2.257072,-14.20118,-0.025131,0.818059,0.026691,0.573965,11.350143,1.859256,37.151775
799,6.658333,-0.040778,0.836852,0.035959,0.544723,-4.159329,87.435448,21.416639,-0.029183,0.834282,0.088415,0.54342,-5.01251,95.330582,21.541805,-0.018539,0.836386,0.015434,0.54761,-7.80282,114.269463,23.773869,0.132206,0.889289,-0.152193,0.410516,-8.889402,136.919785,23.898897,0.183308,0.905785,-0.309901,0.223414,-2.147116,149.977402,20.270264,-0.059476,0.812897,0.059829,0.576265,-10.807117,131.404724,20.552761,0.344991,-0.577774,0.256523,-0.693797,-16.299212,130.941315,4.782785,0.304592,-0.004517,-0.296474,-0.905155,-11.351395,112.342575,-10.614687,0.334574,0.12615,-0.509595,-0.782598,8.922419,125.478027,-15.258826,-0.072284,0.90181,0.100375,0.414052,-7.712311,131.513992,27.652323,0.431639,0.873131,0.202111,-0.102381,3.090605,132.303375,40.370178,0.078103,0.334901,0.532847,-0.773185,18.036879,114.745583,31.663334,0.120957,0.14149,0.545799,-0.816978,12.671995,134.665421,16.145908,0.023322,0.83732,0.18113,0.51531,-8.06478,87.153854,12.557941,0.131006,0.929118,-0.004384,0.345772,-2.739778,53.487511,0.74913,0.013474,0.933866,0.017658,0.356934,-14.298703,8.201644,-3.117525,-0.087559,0.828853,0.018736,0.552254,-0.253878,87.717041,30.275335,0.018659,0.823921,-0.13587,0.549859,5.728442,52.222969,32.643501,-0.023499,0.818043,0.026963,0.574044,-2.720863,7.089692,42.181129,0.013474,0.933866,0.017658,0.356934,-4.685549,2.251703,-14.203024,-0.023499,0.818043,0.026963,0.574044,11.342326,1.843087,37.141029
800,6.666667,-0.041499,0.836909,0.036667,0.544534,-4.034256,87.434303,21.408775,-0.030324,0.83443,0.090099,0.542853,-4.903084,95.327675,21.537268,-0.018736,0.836727,0.017731,0.547012,-7.763276,114.250351,23.800512,0.132313,0.890841,-0.149379,0.408143,-8.914176,136.896881,24.008577,0.182183,0.908531,-0.305294,0.219492,-2.21253,149.988968,20.429213,-0.059479,0.813189,0.062006,0.575623,-10.821052,131.388428,20.645405,0.344945,-0.578092,0.254982,-0.694123,-16.337868,130.964905,4.882939,0.303436,-0.004735,-0.297469,-0.905216,-11.369348,112.41069,-10.561503,0.333251,0.126285,-0.510438,-0.782591,8.87421,125.587631,-15.213111,-0.073194,0.901978,0.102945,0.412894,-7.716224,131.481033,27.740824,0.429402,0.873867,0.202252,-0.105188,3.114264,132.266647,40.43544,0.075954,0.333777,0.531364,-0.774904,18.126724,114.818237,31.623241,0.11943,0.140859,0.545134,-0.817756,12.640792,134.770126,16.184006,0.023943,0.837622,0.180491,0.515014,-7.942554,87.1483,12.551477,0.131592,0.928601,-0.004735,0.346931,-2.683177,53.467415,0.754718,0.013477,0.933899,0.017763,0.356842,-14.298654,8.196277,-3.114864,-0.086762,0.829403,0.017993,0.551579,-0.125957,87.720314,30.266073,0.019266,0.82438,-0.13621,0.549066,5.781643,52.214233,32.641956,-0.023371,0.818108,0.026788,0.573965,-2.722834,7.091808,42.181843,0.013477,0.933899,0.017763,0.356842,-4.687186,2.249252,-14.203389,-0.023371,0.818108,0.026788,0.573965,11.337191,1.838716,37.139675
801,6.675,-0.04197,0.83719,0.037183,0.54403,-3.936199,87.439369,21.407585,-0.030788,0.83465,0.091403,0.542271,-4.815642,95.331512,21.539364,-0.019263,0.837012,0.019913,0.546483,-7.714543,114.232994,23.834948,0.132467,0.892255,-0.146546,0.406027,-8.93934,136.874893,24.113445,0.180865,0.911152,-0.300863,0.215805,-2.275705,150.000732,20.587166,-0.059786,0.813437,0.063945,0.575028,-10.832417,131.370468,20.735907,0.345073,-0.57869,0.252989,-0.69429,-16.370853,130.974167,4.980318,0.302125,-0.004559,-0.298751,-0.905233,-11.386523,112.472221,-10.521642,0.331915,0.126391,-0.510961,-0.782801,8.817325,125.70797,-15.164781,-0.074373,0.902122,0.105929,0.41161,-7.718936,131.45166,27.827671,0.427277,0.874509,0.202675,-0.107661,3.141098,132.236557,40.497059,0.073806,0.332796,0.529962,-0.776492,18.217373,114.893082,31.587223,0.117639,0.140106,0.543882,-0.818977,12.61999,134.876297,16.221786,0.024279,0.837767,0.180128,0.51489,-7.854357,87.150581,12.554735,0.131976,0.928824,-0.004683,0.346188,-2.630638,53.461422,0.765799,0.01429,0.934044,0.017553,0.35644,-14.280276,8.199718,-3.111519,-0.086071,0.829653,0.017543,0.551325,-0.018042,87.728157,30.260435,0.019756,0.824549,-0.136557,0.548708,5.831529,52.212315,32.633907,-0.026001,0.818433,0.023799,0.573519,-2.724384,7.100553,42.178249,0.01429,0.934044,0.017553,0.35644,-4.688508,2.238991,-14.209734,-0.026001,0.818433,0.023799,0.573519,11.336142,1.819889,37.166382
802,6.683333,-0.042502,0.83727,0.038082,0.543804,-3.823942,87.443398,21.394199,-0.031665,0.834803,0.093005,0.541712,-4.718131,95.333755,21.533541,-0.019477,0.83734,0.022078,0.545889,-7.676761,114.22081,23.863438,0.132729,0.893694,-0.143255,0.403947,-8.963042,136.858215,24.219652,0.179266,0.913694,-0.29679,0.211995,-2.339123,150.021866,20.760042,-0.059898,0.81358,0.066819,0.574487,-10.845908,131.359985,20.826361,0.345045,-0.579125,0.251518,-0.694476,-16.40469,131.014328,5.076742,0.301125,-0.004797,-0.299666,-0.905263,-11.40856,112.553833,-10.470777,0.330624,0.126949,-0.511932,-0.782622,8.769669,125.828407,-15.123674,-0.075242,0.902261,0.108704,0.410424,-7.722498,131.425934,27.913919,0.425171,0.875036,0.203598,-0.109952,3.165776,132.203506,40.559505,0.071753,0.331663,0.52872,-0.778014,18.305964,114.967644,31.549734,0.116172,0.139367,0.542205,-0.820423,12.601693,134.982422,16.264208,0.024776,0.838068,0.179486,0.5146,-7.746,87.155235,12.543056,0.132463,0.928647,-0.004891,0.346475,-2.580415,53.45118,0.771072,0.014902,0.933973,0.017852,0.356586,-14.277169,8.201751,-3.107625,-0.085574,0.829944,0.016786,0.550988,0.098116,87.731567,30.245342,0.020376,0.824839,-0.136787,0.548192,5.889274,52.207703,32.641914,-0.023712,0.818071,0.02616,0.574033,-2.720339,7.104167,42.176838,0.014902,0.933973,0.017852,0.356586,-4.687531,2.243065,-14.208782,-0.023712,0.818071,0.02616,0.574033,11.339833,1.841632,37.144936
803,6.691667,-0.042984,0.837227,0.03899,0.543767,-3.719708,87.453613,21.376564,-0.032427,0.835048,0.09478,0.54098,-4.628108,95.342209,21.523819,-0.019697,0.837846,0.02425,0.545012,-7.644144,114.203705,23.895346,0.133051,0.895029,-0.141379,0.401538,-8.992023,136.836151,24.32996,0.177752,0.916315,-0.292038,0.208533,-2.392562,150.01976,20.899723,-0.059949,0.813699,0.068599,0.574103,-10.866856,131.344101,20.922241,0.345031,-0.57977,0.249327,-0.694735,-16.440157,131.030136,5.177093,0.299991,-0.004558,-0.300671,-0.905308,-11.426808,112.630905,-10.43734,0.329389,0.12739,-0.512824,-0.782487,8.723021,125.95549,-15.078038,-0.076208,0.902692,0.111358,0.408581,-7.728767,131.395004,28.003437,0.423104,0.875633,0.204069,-0.112274,3.205027,132.173279,40.609638,0.069332,0.33038,0.527255,-0.779772,18.406219,115.040039,31.507322,0.114928,0.139314,0.539882,-0.822138,12.577033,135.093735,16.311756,0.025412,0.838233,0.178694,0.514576,-7.641739,87.167206,12.52535,0.132846,0.928102,-0.005256,0.347781,-2.544645,53.444992,0.775535,0.013434,0.934156,0.017512,0.356183,-14.280474,8.205443,-3.100374,-0.085045,0.83017,0.016277,0.550744,0.202322,87.740028,30.227777,0.020807,0.82481,-0.13714,0.548132,5.94262,52.208435,32.632065,-0.024025,0.818005,0.025865,0.574127,-2.717734,7.115659,42.171925,0.013434,0.934156,0.017512,0.356183,-4.68517,2.252322,-14.19962,-0.024025,0.818005,0.025865,0.574127,11.344643,1.851343,37.148052
804,6.7,-0.043467,0.837344,0.039822,0.543489,-3.615933,87.459274,21.364199,-0.033083,0.835244,0.096234,0.540382,-4.53784,95.346161,21.518608,-0.020194,0.838174,0.026424,0.544388,-7.602127,114.188194,23.923801,0.133231,0.896244,-0.139019,0.399588,-9.02218,136.814743,24.429708,0.176098,0.918733,-0.287603,0.205435,-2.453372,150.02504,21.043583,-0.060152,0.813876,0.070339,0.57362,-10.884341,131.327133,21.007925,0.345355,-0.58047,0.246835,-0.69488,-16.475353,131.039505,5.268554,0.298979,-0.004145,-0.301761,-0.905282,-11.441062,112.70269,-10.412436,0.328118,0.127849,-0.513433,-0.782547,8.672033,126.078629,-15.034708,-0.07665,0.902738,0.113607,0.407777,-7.736022,131.366486,28.08465,0.420783,0.876157,0.205464,-0.114351,3.217445,132.130524,40.674633,0.067757,0.328922,0.526063,-0.78133,18.491995,115.115379,31.47414,0.113938,0.138282,0.539009,-0.823022,12.548372,135.195404,16.357929,0.025885,0.838681,0.177929,0.514087,-7.54301,87.173485,12.515205,0.133265,0.927958,-0.005305,0.348004,-2.510058,53.433331,0.789274,0.013491,0.934142,0.017603,0.356213,-14.282283,8.204281,-3.09888,-0.08443,0.83032,0.015682,0.550631,0.311144,87.745071,30.213192,0.021281,0.824964,-0.137438,0.547808,5.99176,52.204586,32.627827,-0.024105,0.817997,0.025605,0.574147,-2.716672,7.121334,42.168938,0.013491,0.934142,0.017603,0.356213,-4.686496,2.253094,-14.198743,-0.024105,0.817997,0.025605,0.574147,11.345116,1.852057,37.148621
805,6.708333,-0.04431,0.837355,0.040747,0.543334,-3.496773,87.453255,21.348118,-0.03378,0.835467,0.097742,0.539723,-4.437794,95.337784,21.507662,-0.02053,0.838576,0.028592,0.543647,-7.554057,114.169189,23.94883,0.133018,0.897786,-0.135419,0.397427,-9.039803,136.789719,24.53005,0.174831,0.920956,-0.283943,0.201619,-2.525716,150.044495,21.212828,-0.060126,0.814109,0.072252,0.573054,-10.891804,131.307663,21.093872,0.344956,-0.581014,0.245007,-0.69527,-16.504604,131.055588,5.361652,0.297532,-0.003966,-0.302707,-0.905443,-11.457139,112.778831,-10.385069,0.326687,0.128444,-0.514196,-0.782547,8.629793,126.203499,-14.992222,-0.077246,0.902906,0.115771,0.406683,-7.731209,131.333557,28.165186,0.418532,0.876849,0.205785,-0.116699,3.248978,132.090775,40.732281,0.065596,0.327802,0.5246,-0.782968,18.589874,115.184151,31.442556,0.112692,0.137511,0.537293,-0.824444,12.527551,135.294174,16.404358,0.026715,0.839021,0.177253,0.513723,-7.425674,87.163383,12.500069,0.133575,0.928048,-0.005488,0.347643,-2.473335,53.409046,0.780627,0.013274,0.934216,0.017985,0.356006,-14.279469,8.18795,-3.097148,-0.08367,0.830719,0.015019,0.550163,0.432129,87.743134,30.196169,0.021791,0.825162,-0.137833,0.547389,6.042772,52.191956,32.617027,-0.0263,0.818039,0.024492,0.574039,-2.720436,7.120958,42.165882,0.013274,0.934216,0.017985,0.356006,-4.68428,2.249584,-14.204391,-0.0263,0.818039,0.024492,0.574039,11.353248,1.86249,37.167622
806,6.716667,-0.044047,0.837543,0.041294,0.543026,-3.416518,87.454445,21.328596,-0.034334,0.835728,0.099017,0.539051,-4.358693,95.338623,21.49803,-0.020807,0.838995,0.030706,0.542873,-7.515571,114.150093,23.969412,0.132931,0.899082,-0.132923,0.395363,-9.063322,136.764404,24.625515,0.173579,0.923034,-0.28018,0.198439,-2.588292,150.04921,21.352192,-0.060233,0.814463,0.074146,0.572297,-10.906314,131.288177,21.175238,0.344738,-0.581529,0.242851,-0.695703,-16.54767,131.066864,5.452765,0.296109,-0.003684,-0.303668,-0.905589,-11.477908,112.856293,-10.363311,0.32521,0.128911,-0.514622,-0.782806,8.578861,126.329254,-14.950359,-0.078081,0.903137,0.118543,0.40521,-7.73287,131.300385,28.240833,0.416374,0.877628,0.205555,-0.118949,3.282931,132.051559,40.777092,0.063531,0.326682,0.523086,-0.784617,18.686543,115.243721,31.412184,0.11157,0.136328,0.535641,-0.825866,12.502263,135.382599,16.447329,0.027274,0.838831,0.176749,0.514178,-7.352368,87.174187,12.48332,0.133741,0.927784,-0.005686,0.348278,-2.446332,53.409161,0.775218,0.014862,0.934128,0.018074,0.356171,-14.270375,8.192426,-3.098849,-0.083362,0.830762,0.014597,0.550156,0.519331,87.734695,30.17387,0.022307,0.825591,-0.138217,0.546624,6.095054,52.178921,32.607742,-0.023937,0.818045,0.025397,0.574094,-2.718757,7.120004,42.16703,0.014862,0.934128,0.018074,0.356171,-4.688989,2.240517,-14.21076,-0.023937,0.818045,0.025397,0.574094,11.339612,1.842738,37.145531
807,6.725,-0.044085,0.837774,0.041742,0.542632,-3.332566,87.448654,21.310495,-0.034793,0.835947,0.100387,0.538428,-4.279002,95.332184,21.485992,-0.02113,0.839327,0.032719,0.54223,-7.476396,114.128792,23.993147,0.132778,0.900329,-0.13017,0.393488,-9.085344,136.73671,24.719019,0.172016,0.925093,-0.276509,0.195336,-2.652617,150.054642,21.497334,-0.060041,0.814623,0.076275,0.57181,-10.918466,131.265717,21.25519,0.344331,-0.58196,0.241051,-0.69617,-16.579195,131.088776,5.539128,0.29468,-0.003387,-0.304574,-0.905752,-11.491211,112.938736,-10.340563,0.323802,0.12945,-0.515419,-0.782776,8.537537,126.458397,-14.905967,-0.078801,0.903246,0.12105,0.404084,-7.734423,131.26561,28.316025,0.414319,0.878191,0.20621,-0.120821,3.308041,132.009399,40.829239,0.061777,0.325658,0.521896,-0.785973,18.773668,115.301849,31.387424,0.110325,0.13472,0.533672,-0.827571,12.490355,135.462982,16.491678,0.027758,0.839014,0.176188,0.514046,-7.276629,87.171989,12.468769,0.133978,0.927547,-0.005887,0.348814,-2.42275,53.394604,0.774561,0.014303,0.934236,0.018019,0.355913,-14.271322,8.184046,-3.096624,-0.082928,0.831142,0.01402,0.549663,0.611497,87.725311,30.15222,0.022749,0.825797,-0.138554,0.546209,6.140067,52.163136,32.600121,-0.023949,0.818029,0.025533,0.574111,-2.720269,7.114834,42.166397,0.014303,0.934236,0.018019,0.355913,-4.689892,2.23637,-14.21076,-0.023949,0.818029,0.025533,0.574111,11.339245,1.841127,37.144367
808,6.733333,-0.044818,0.83791,0.042419,0.542309,-3.224864,87.450264,21.301458,-0.035774,0.836121,0.101803,0.537827,-4.186779,95.331863,21.479969,-0.021141,0.839666,0.034834,0.541572,-7.443018,114.115273,24.013927,0.132325,0.901589,-0.127836,0.391516,-9.103722,136.71669,24.82119,0.170685,0.927002,-0.272975,0.192404,-2.716898,150.065521,21.636229,-0.060285,0.814722,0.078284,0.571371,-10.929456,131.25351,21.341148,0.343635,-0.582595,0.239325,-0.696579,-16.605963,131.106949,5.630459,0.292996,-0.003077,-0.305533,-0.905976,-11.513545,113.020515,-10.320227,0.32243,0.130199,-0.51577,-0.782987,8.487463,126.591682,-14.860676,-0.079733,0.903378,0.123522,0.402857,-7.734376,131.236267,28.396976,0.41232,0.878638,0.207272,-0.12258,3.33624,131.980225,40.885288,0.060356,0.324386,0.520711,-0.787395,18.862226,115.37442,31.36338,0.109361,0.133578,0.531963,-0.828983,12.472836,135.55191,16.538771,0.028579,0.839281,0.175596,0.513768,-7.174446,87.168434,12.462358,0.134242,0.927483,-0.006071,0.348882,-2.396284,53.379345,0.770774,0.014362,0.934237,0.018336,0.355893,-14.27306,8.175632,-3.093902,-0.082088,0.83142,0.013375,0.549384,0.724719,87.732101,30.14056,0.023068,0.825798,-0.138833,0.546123,6.178756,52.158642,32.591873,-0.024274,0.81803,0.025315,0.574106,-2.71952,7.118985,42.163689,0.014362,0.934237,0.018336,0.355893,-4.691273,2.236134,-14.212106,-0.024274,0.81803,0.025315,0.574106,11.341557,1.845561,37.145733
809,6.741667,-0.045597,0.838077,0.043358,0.541911,-3.12497,87.467262,21.287394,-0.036193,0.836299,0.103188,0.537258,-4.105186,95.346466,21.472092,-0.021555,0.839929,0.036701,0.541025,-7.398386,114.099945,24.040955,0.132326,0.902588,-0.125359,0.390013,-9.120037,136.694504,24.910133,0.168808,0.928868,-0.269563,0.189851,-2.766466,150.071091,21.77552,-0.060415,0.814844,0.08079,0.570835,-10.935157,131.235565,21.417921,0.343101,-0.583167,0.23769,-0.696922,-16.631628,131.131622,5.714116,0.291291,-0.002917,-0.306399,-0.906235,-11.533658,113.102974,-10.300088,0.320505,0.131071,-0.516464,-0.783174,8.442591,126.719978,-14.820482,-0.080401,0.90352,0.125529,0.401782,-7.731178,131.20842,28.469681,0.410151,0.879282,0.207809,-0.124314,3.364762,131.950424,40.935619,0.058836,0.323423,0.519359,-0.788798,18.957563,115.446518,31.345955,0.108169,0.132334,0.530869,-0.830039,12.461348,135.6409,16.577793,0.029295,0.839847,0.17476,0.513087,-7.081543,87.182167,12.451524,0.134478,0.927259,-0.006137,0.349384,-2.387552,53.37495,0.778281,0.013349,0.934227,0.018315,0.35596,-14.28452,8.177275,-3.094889,-0.081241,0.831517,0.012655,0.549381,0.831603,87.752357,30.123264,0.023235,0.825646,-0.139033,0.546296,6.206785,52.167557,32.58408,-0.023947,0.817916,0.025331,0.574281,-2.716557,7.133827,42.160408,0.013349,0.934227,0.018315,0.35596,-4.689732,2.247272,-14.206952,-0.023947,0.817916,0.025331,0.574281,11.343794,1.855171,37.145912
810,6.75,-0.045611,0.838398,0.04396,0.541365,-3.046775,87.483932,21.268806,-0.036744,0.836533,0.10457,0.536589,-4.032198,95.362274,21.462013,-0.02171,0.84027,0.038609,0.540356,-7.366271,114.086365,24.063484,0.13212,0.903595,-0.12314,0.388455,-9.139828,136.674088,25.002787,0.167093,0.930545,-0.26647,0.187509,-2.822302,150.077271,21.90918,-0.060516,0.814833,0.083342,0.570473,-10.947546,131.221313,21.497137,0.342581,-0.583706,0.236177,-0.697242,-16.657375,131.162308,5.797956,0.289686,-0.002755,-0.307326,-0.906436,-11.555037,113.187775,-10.275583,0.318898,0.131986,-0.516693,-0.783525,8.391724,126.850632,-14.777448,-0.081187,0.903663,0.127688,0.400621,-7.732455,131.18074,28.54377,0.407865,0.880042,0.208181,-0.125831,3.390376,131.922836,40.98571,0.056991,0.322892,0.517782,-0.790187,19.056671,115.520607,31.34153,0.107337,0.131819,0.527864,-0.832143,12.458387,135.719559,16.626522,0.02977,0.840019,0.174056,0.513016,-7.014786,87.204185,12.437897,0.134646,0.926829,-0.006302,0.350455,-2.376838,53.381271,0.787742,0.01313,0.934246,0.01805,0.35593,-14.289003,8.188021,-3.090388,-0.080621,0.831754,0.011966,0.549128,0.921235,87.76368,30.099714,0.023388,0.825504,-0.139237,0.546451,6.233138,52.170433,32.575634,-0.024057,0.817888,0.025098,0.574327,-2.714283,7.142714,42.157776,0.01313,0.934246,0.01805,0.35593,-4.693672,2.252915,-14.199251,-0.024057,0.817888,0.025098,0.574327,11.346211,1.860279,37.147675
811,6.758333,-0.045777,0.838736,0.044487,0.540784,-2.96402,87.491478,21.246326,-0.037285,0.836757,0.105999,0.535921,-3.956027,95.368835,21.445784,-0.021796,0.840597,0.040598,0.539697,-7.333506,114.074181,24.083084,0.132075,0.90464,-0.120779,0.386775,-9.158189,136.654602,25.097347,0.165293,0.932303,-0.263303,0.184829,-2.874447,150.084137,22.04954,-0.061024,0.814565,0.085244,0.57052,-10.95862,131.208847,21.577055,0.341409,-0.584411,0.234799,-0.697691,-16.664604,131.172928,5.876404,0.287256,-0.002418,-0.308309,-0.906876,-11.570888,113.262405,-10.271136,0.316785,0.132516,-0.517359,-0.783854,8.348639,126.982559,-14.735752,-0.081646,0.903779,0.129532,0.399673,-7.732565,131.153244,28.618574,0.405619,0.880795,0.208351,-0.12753,3.413111,131.888931,41.040436,0.05565,0.321864,0.516301,-0.79167,19.148232,115.587578,31.337458,0.107156,0.131199,0.526658,-0.833028,12.434915,135.7957,16.6765,0.03012,0.840471,0.173492,0.512446,-6.943921,87.213745,12.420706,0.134826,0.926984,-0.006308,0.349976,-2.356171,53.378223,0.7873,0.013263,0.934287,0.018019,0.355818,-14.285837,8.189527,-3.090044,-0.079997,0.832097,0.011233,0.548715,1.015882,87.769203,30.071947,0.023552,0.825365,-0.139495,0.546589,6.262927,52.167488,32.564438,-0.024075,0.81789,0.024925,0.57433,-2.711884,7.14722,42.155975,0.013263,0.934287,0.018019,0.355818,-4.694778,2.252319,-14.201476,-0.024075,0.81789,0.024925,0.57433,11.347777,1.860882,37.147652
812,6.766667,-0.045916,0.839059,0.045016,0.540227,-2.882671,87.500801,21.223125,-0.037654,0.837034,0.107466,0.53517,-3.880911,95.377205,21.429081,-0.021999,0.84099,0.042476,0.538933,-7.29655,114.06311,24.107212,0.131516,0.905741,-0.118321,0.385145,-9.173854,136.636047,25.189602,0.163931,0.933708,-0.260894,0.182345,-2.93784,150.097412,22.18454,-0.060425,0.815354,0.086284,0.5693,-10.967406,131.196091,21.656868,0.341149,-0.58477,0.23242,-0.698314,-16.722311,131.191223,5.97404,0.286022,-0.002254,-0.309079,-0.907004,-11.594481,113.356842,-10.246827,0.315458,0.133204,-0.517549,-0.784147,8.297312,127.112732,-14.695248,-0.082639,0.903821,0.132143,0.398519,-7.728717,131.128067,28.692478,0.404282,0.880437,0.212218,-0.127866,3.442293,131.86409,41.091545,0.056118,0.319623,0.515866,-0.792827,19.226583,115.655746,31.312889,0.106979,0.130314,0.525993,-0.83361,12.420386,135.861832,16.723228,0.030706,0.840887,0.172701,0.511996,-6.873997,87.225594,12.402585,0.134695,0.926497,-0.006011,0.35132,-2.357533,53.372883,0.791314,0.013328,0.934359,0.018023,0.355628,-14.260692,8.180532,-3.124768,-0.079301,0.832454,0.010264,0.548294,1.108655,87.776009,30.043665,0.023738,0.825459,-0.139576,0.546418,6.277286,52.164795,32.564117,-0.025126,0.81804,0.02372,0.574123,-2.71399,7.147467,42.154034,0.013328,0.934359,0.018023,0.355628,-4.674829,2.242896,-14.240458,-0.025126,0.81804,0.02372,0.574123,11.345455,1.849896,37.156975
813,6.775,-0.046485,0.83935,0.04571,0.539668,-2.786854,87.504807,21.199278,-0.038433,0.837248,0.109035,0.534462,-3.798449,95.379379,21.410221,-0.022031,0.841342,0.044285,0.538234,-7.269663,114.055252,24.125429,0.131464,0.906746,-0.115929,0.383523,-9.191338,136.621017,25.277475,0.162313,0.935229,-0.258279,0.179702,-2.989046,150.108475,22.319975,-0.060451,0.815445,0.087985,0.568906,-10.979538,131.18782,21.731628,0.34052,-0.585279,0.230831,-0.698721,-16.749308,131.213226,6.054282,0.284287,-0.00206,-0.309928,-0.90726,-11.614553,113.438477,-10.229723,0.313792,0.133653,-0.518004,-0.784438,8.251439,127.239052,-14.655026,-0.082998,0.904042,0.134451,0.397168,-7.729219,131.105713,28.761724,0.40292,0.880295,0.215138,-0.128266,3.475728,131.828506,41.130909,0.05599,0.317828,0.515412,-0.793852,19.309139,115.704727,31.292061,0.106651,0.129099,0.524982,-0.834477,12.421893,135.920166,16.768637,0.03134,0.841254,0.171949,0.511608,-6.788846,87.226845,12.383658,0.134843,0.926615,-0.005972,0.350952,-2.344317,53.35828,0.790878,0.012683,0.934396,0.018018,0.355554,-14.260308,8.169627,-3.128808,-0.078455,0.832777,0.009165,0.547944,1.215137,87.782761,30.0149,0.023933,0.825656,-0.139676,0.546086,6.291041,52.16037,32.565697,-0.025005,0.818074,0.023755,0.574079,-2.716554,7.146531,42.156689,0.012683,0.934396,0.018018,0.355554,-4.66887,2.238338,-14.243073,-0.025005,0.818074,0.023755,0.574079,11.341468,1.847728,37.15694
814,6.783333,-0.046825,0.839697,0.046346,0.539044,-2.703282,87.518059,21.175241,-0.038742,0.837538,0.110522,0.53368,-3.724655,95.391205,21.392477,-0.022499,0.841714,0.04604,0.537487,-7.232133,114.046951,24.150539,0.131071,0.907501,-0.114542,0.382286,-9.213326,136.604568,25.359657,0.16034,0.93668,-0.255188,0.178327,-3.041324,150.110474,22.423029,-0.060215,0.815576,0.089825,0.568456,-10.992726,131.174988,21.803886,0.340124,-0.585841,0.229157,-0.698994,-16.780539,131.240204,6.133312,0.282772,-0.001922,-0.310636,-0.907492,-11.640312,113.522026,-10.210516,0.311908,0.13443,-0.518687,-0.784606,8.205541,127.360786,-14.616738,-0.083656,0.904266,0.136335,0.395876,-7.730279,131.085007,28.828262,0.400888,0.881268,0.214018,-0.129817,3.505234,131.809204,41.169609,0.054045,0.31776,0.513766,-0.79508,19.399424,115.763649,31.300909,0.105529,0.128909,0.523935,-0.835307,12.420358,135.98233,16.81218,0.03184,0.841855,0.171166,0.510851,-6.717689,87.240364,12.365261,0.134885,0.926482,-0.006009,0.351285,-2.343117,53.354679,0.79591,0.012531,0.934425,0.018116,0.355478,-14.26247,8.167124,-3.126229,-0.077655,0.833078,0.008094,0.547617,1.311124,87.795761,29.985222,0.024017,0.82576,-0.139716,0.545915,6.298155,52.163029,32.566704,-0.024839,0.818091,0.023732,0.574062,-2.71601,7.150617,42.158199,0.012531,0.934425,0.018116,0.355478,-4.670634,2.240111,-14.242432,-0.024839,0.818091,0.023732,0.574062,11.340166,1.848377,37.15691
815,6.791667,-0.046769,0.840232,0.046754,0.538179,-2.636451,87.546623,21.15115,-0.03893,0.83784,0.1119,0.532905,-3.660326,95.419243,21.375338,-0.022602,0.842057,0.04784,0.536788,-7.195239,114.041817,24.173141,0.130883,0.908433,-0.112212,0.380825,-9.223078,136.591568,25.449938,0.158606,0.938026,-0.252962,0.175959,-3.086712,150.123627,22.559393,-0.060333,0.815872,0.09158,0.567738,-10.996534,131.16832,21.881538,0.339748,-0.586489,0.227227,-0.699264,-16.811136,131.260834,6.221026,0.281278,-0.00172,-0.311503,-0.907659,-11.664896,113.606171,-10.189488,0.310456,0.134865,-0.518985,-0.78491,8.156527,127.49057,-14.576328,-0.084104,0.904254,0.137634,0.395358,-7.722518,131.065338,28.900349,0.398138,0.883031,0.210229,-0.132463,3.524172,131.788223,41.231579,0.050807,0.319125,0.511432,-0.796251,19.492458,115.830704,31.339779,0.104297,0.129013,0.522171,-0.836549,12.427711,136.05394,16.853477,0.032361,0.842266,0.170258,0.510443,-6.669009,87.27282,12.349342,0.1347,0.92612,-0.005984,0.352309,-2.365524,53.367172,0.811861,0.012617,0.934451,0.018056,0.355409,-14.264059,8.174929,-3.119479,-0.076921,0.833265,0.007113,0.547451,1.396106,87.820427,29.952955,0.024023,0.825654,-0.139727,0.546072,6.30125,52.178444,32.563404,-0.024791,0.818028,0.023468,0.574164,-2.715781,7.166362,42.153751,0.012617,0.934451,0.018056,0.355409,-4.675086,2.245442,-14.236829,-0.024791,0.818028,0.023468,0.574164,11.339602,1.856881,37.157925
816,6.8,-0.047086,0.840571,0.04762,0.537546,-2.553055,87.572357,21.120531,-0.039472,0.838085,0.113413,0.532159,-3.588336,95.443207,21.354305,-0.022675,0.842423,0.049528,0.536056,-7.166674,114.040634,24.190224,0.129473,0.909569,-0.109814,0.379291,-9.237126,136.582779,25.531248,0.15812,0.939028,-0.250885,0.174017,-3.169184,150.152634,22.673685,-0.060484,0.8161,0.093763,0.567037,-11.005864,131.165649,21.951242,0.339435,-0.587004,0.225589,-0.699514,-16.846413,131.292801,6.30063,0.280051,-0.001576,-0.312206,-0.907798,-11.693393,113.692261,-10.165792,0.309046,0.135511,-0.519703,-0.78488,8.106785,127.612434,-14.537128,-0.085079,0.904206,0.14055,0.394232,-7.719738,131.050278,28.964201,0.396963,0.88254,0.214646,-0.132179,3.551151,131.769257,41.273544,0.050916,0.317143,0.511104,-0.797246,19.569193,115.898323,31.323074,0.103876,0.128972,0.520554,-0.837616,12.427771,136.121094,16.911917,0.032928,0.842758,0.169198,0.509948,-6.598236,87.301544,12.324427,0.134759,0.925949,-0.005917,0.352737,-2.375454,53.37262,0.825617,0.012341,0.934403,0.017972,0.355551,-14.274961,8.181787,-3.118963,-0.076081,0.83319,0.005882,0.547697,1.492127,87.843178,29.916637,0.024051,0.825656,-0.139628,0.546093,6.297816,52.190769,32.569313,-0.025737,0.818079,0.022966,0.574071,-2.716581,7.176203,42.150475,0.012341,0.934403,0.017972,0.355551,-4.679911,2.252652,-14.231256,-0.025737,0.818079,0.022966,0.574071,11.343263,1.870844,37.162827
817,6.808333,-0.048329,0.840945,0.049026,0.536724,-2.435462,87.574326,21.081308,-0.040018,0.838418,0.11512,0.531226,-3.498987,95.441132,21.324154,-0.022786,0.842874,0.051286,0.535176,-7.12947,114.039566,24.209381,0.12933,0.910374,-0.10749,0.378073,-9.24533,136.573441,25.616821,0.15608,0.940201,-0.248991,0.172233,-3.210468,150.168259,22.808239,-0.060507,0.816269,0.095539,0.566494,-11.009784,131.162415,22.02548,0.338996,-0.587606,0.224012,-0.699728,-16.870817,131.320511,6.382805,0.278847,-0.001401,-0.313042,-0.907881,-11.717744,113.77462,-10.141834,0.308034,0.136235,-0.52029,-0.784763,8.055916,127.735329,-14.498165,-0.085246,0.904358,0.141966,0.393339,-7.709137,131.03476,29.031404,0.394862,0.883366,0.214302,-0.133501,3.584299,131.744812,41.320595,0.049386,0.316736,0.509627,-0.798449,19.667048,115.960922,31.3361,0.103314,0.128524,0.519333,-0.838512,12.432932,136.184509,16.963415,0.033753,0.84366,0.168109,0.508761,-6.495452,87.296768,12.292234,0.134863,0.925605,-0.006151,0.353594,-2.379518,53.345318,0.821231,0.011978,0.934311,0.018702,0.355766,-14.291952,8.157391,-3.117579,-0.074955,0.833667,0.004245,0.547141,1.624528,87.851883,29.870378,0.024151,0.825824,-0.13964,0.545832,6.300289,52.186001,32.573788,-0.025817,0.818111,0.02313,0.574014,-2.719468,7.172212,42.153568,0.011978,0.934311,0.018702,0.355766,-4.684348,2.251929,-14.231637,-0.025817,0.818111,0.02313,0.574014,11.341396,1.872205,37.163097
818,6.816667,-0.048373,0.841479,0.048996,0.535885,-2.37571,87.599167,21.074608,-0.040245,0.838763,0.116282,0.530411,-3.439338,95.46595,21.317743,-0.023255,0.84323,0.053021,0.534426,-7.094064,114.035019,24.235596,0.128939,0.911062,-0.106506,0.376826,-9.268538,136.559708,25.699638,0.154371,0.941445,-0.246262,0.170897,-3.259583,150.168259,22.902018,-0.060281,0.816463,0.097037,0.565984,-11.024373,131.152374,22.098524,0.338854,-0.588051,0.222246,-0.699987,-16.905611,131.342972,6.463796,0.277666,-0.00134,-0.313829,-0.907971,-11.739432,113.85186,-10.114734,0.3067,0.136463,-0.520902,-0.78484,8.007368,127.848198,-14.460343,-0.085327,0.904544,0.143635,0.392286,-7.711624,131.017197,29.098595,0.392776,0.884039,0.214697,-0.134563,3.608986,131.713348,41.363552,0.04806,0.31617,0.508304,-0.799596,19.758718,116.021156,31.342718,0.102725,0.127813,0.517868,-0.839598,12.435643,136.245758,17.011189,0.034218,0.844397,0.167446,0.507725,-6.45304,87.319283,12.29364,0.134678,0.925335,-0.006026,0.354373,-2.404041,53.354061,0.839595,0.011685,0.93437,0.018552,0.355629,-14.293289,8.161315,-3.113931,-0.074126,0.834195,0.003331,0.546456,1.70162,87.879059,29.855576,0.024221,0.826149,-0.139535,0.545363,6.294069,52.203762,32.577415,-0.025625,0.818079,0.022766,0.574083,-2.720343,7.187563,42.15086,0.011685,0.93437,0.018552,0.355629,-4.686276,2.254736,-14.227903,-0.025625,0.818079,0.022766,0.574083,11.337433,1.875412,37.1646
819,6.825,-0.048337,0.842049,0.049031,0.534988,-2.314491,87.615036,21.056915,-0.040417,0.839095,0.117552,0.529591,-3.377667,95.481827,21.301958,-0.023759,0.843567,0.054575,0.533715,-7.05872,114.029846,24.258408,0.128393,0.911795,-0.104742,0.37573,-9.288758,136.545883,25.771275,0.153045,0.942458,-0.244162,0.169514,-3.317005,150.177109,23.004574,-0.060501,0.816595,0.099045,0.565422,-11.036378,131.141312,22.162039,0.339177,-0.58858,0.220205,-0.70003,-16.937983,131.36174,6.535383,0.276887,-0.000874,-0.314732,-0.907897,-11.758021,113.922333,-10.093251,0.305648,0.13681,-0.521829,-0.784575,7.959322,127.963127,-14.417964,-0.085558,0.904822,0.145564,0.390881,-7.712237,131.000565,29.156593,0.390773,0.884955,0.213738,-0.135891,3.643814,131.68602,41.389343,0.046336,0.315757,0.50699,-0.800694,19.853193,116.071083,31.344154,0.102498,0.126659,0.51639,-0.84071,12.445006,136.306519,17.05512,0.034649,0.844965,0.166774,0.506972,-6.410492,87.334724,12.284657,0.134572,0.92511,-0.005937,0.355003,-2.42283,53.355419,0.850855,0.011923,0.934319,0.018573,0.355753,-14.29739,8.159876,-3.114852,-0.073335,0.83486,0.002186,0.545552,1.781511,87.895355,29.829172,0.024295,0.826584,-0.139429,0.544727,6.284571,52.211178,32.583912,-0.025608,0.818166,0.022508,0.573971,-2.722801,7.192522,42.152466,0.011923,0.934319,0.018573,0.355753,-4.690043,2.251436,-14.227541,-0.025608,0.818166,0.022508,0.573971,11.331908,1.873779,37.1646
820,6.833333,-0.048133,0.842741,0.049806,0.533845,-2.247602,87.632584,21.021318,-0.04073,0.839541,0.11885,0.528571,-3.314262,95.498466,21.279884,-0.023792,0.844068,0.0562,0.532752,-7.026091,114.025627,24.274012,0.12755,0.912636,-0.102886,0.374487,-9.29479,136.533432,25.85054,0.151496,0.943419,-0.242308,0.168217,-3.369592,150.190765,23.112677,-0.060486,0.816835,0.100571,0.564808,-11.040373,131.134995,22.231133,0.338743,-0.588979,0.218875,-0.700322,-16.965216,131.382126,6.613669,0.275548,-0.000844,-0.315571,-0.908013,-11.779615,113.991402,-10.064116,0.304515,0.136946,-0.522281,-0.78469,7.913519,128.073196,-14.378556,-0.086082,0.90487,0.14715,0.39006,-7.700356,130.982285,29.217869,0.38902,0.88572,0.212763,-0.137458,3.674117,131.667053,41.433533,0.044925,0.315476,0.505841,-0.801612,19.929758,116.123795,31.351978,0.102074,0.125396,0.515395,-0.841561,12.449323,136.367218,17.093754,0.035009,0.845546,0.165627,0.506354,-6.367655,87.361877,12.260027,0.134394,0.925117,-0.005551,0.355057,-2.452796,53.356899,0.877549,0.011717,0.934334,0.018496,0.355726,-14.299172,8.156451,-3.116438,-0.072579,0.835431,0.000725,0.544781,1.87245,87.90329,29.782612,0.024342,0.826848,-0.139318,0.544353,6.275456,52.210854,32.591484,-0.024799,0.818081,0.022792,0.574116,-2.725595,7.189521,42.153362,0.011717,0.934334,0.018496,0.355726,-4.690485,2.247978,-14.227954,-0.024799,0.818081,0.022792,0.574116,11.325208,1.863729,37.162006
821,6.841667,-0.04872,0.843314,0.050383,0.532832,-2.165671,87.640907,21.0,-0.041117,0.839971,0.12011,0.527572,-3.244716,95.504967,21.26255,-0.023958,0.844549,0.05781,0.53181,-6.990808,114.020683,24.293053,0.126726,0.913493,-0.100983,0.373192,-9.302843,136.519791,25.92951,0.150124,0.944362,-0.240498,0.166748,-3.424346,150.203293,23.221743,-0.060182,0.817139,0.101758,0.564187,-11.045037,131.126587,22.30069,0.338494,-0.589642,0.217189,-0.700409,-16.99452,131.401688,6.693065,0.274474,-0.000605,-0.316225,-0.908111,-11.811188,114.064392,-10.040959,0.303382,0.137492,-0.522931,-0.784601,7.862182,128.180557,-14.336983,-0.086669,0.90494,0.149046,0.389047,-7.689593,130.963776,29.2798,0.386923,0.886833,0.210691,-0.139385,3.707869,131.64682,41.474113,0.043416,0.315159,0.504347,-0.80276,20.017431,116.179893,31.362328,0.102047,0.124018,0.515384,-0.841775,12.443278,136.430817,17.131371,0.035563,0.846404,0.164861,0.505131,-6.305553,87.365051,12.248224,0.134358,0.92484,-0.005577,0.355791,-2.469155,53.344631,0.885162,0.011585,0.934263,0.01898,0.35589,-14.310175,8.143303,-3.11478,-0.071543,0.835972,-0.000615,0.544089,1.974211,87.916763,29.751778,0.024245,0.826712,-0.139213,0.544591,6.264921,52.213551,32.597191,-0.024865,0.818112,0.022778,0.574069,-2.726083,7.189023,42.153503,0.011585,0.934263,0.01898,0.35589,-4.693914,2.249417,-14.227493,-0.024865,0.818112,0.022778,0.574069,11.324651,1.86399,37.161152
822,6.85,-0.048944,0.84379,0.05074,0.532024,-2.098099,87.657616,20.97991,-0.041385,0.84038,0.121328,0.52662,-3.182879,95.520752,21.246363,-0.024074,0.845043,0.05931,0.530854,-6.957436,114.0196,24.313202,0.126786,0.91413,-0.098974,0.372151,-9.308048,136.510498,26.006668,0.147936,0.94535,-0.238944,0.165333,-3.452911,150.212891,23.344252,-0.060115,0.817458,0.103247,0.563461,-11.048108,131.122406,22.369242,0.338109,-0.590061,0.215933,-0.700631,-17.025221,131.42424,6.772669,0.273113,-0.000693,-0.317036,-0.908238,-11.839411,114.132179,-10.007337,0.302063,0.137847,-0.52304,-0.784975,7.807657,128.284698,-14.296804,-0.087205,0.905172,0.150736,0.387735,-7.677016,130.949814,29.340574,0.38561,0.886859,0.212663,-0.139859,3.751384,131.634384,41.505814,0.043241,0.313572,0.503702,-0.803795,20.104424,116.242889,31.349239,0.102352,0.123101,0.513837,-0.842817,12.4483,136.491623,17.179634,0.036052,0.847092,0.163988,0.504226,-6.254242,87.380547,12.235879,0.13428,0.924648,-0.00548,0.356322,-2.4921,53.341927,0.902534,0.011185,0.934254,0.019282,0.355911,-14.321022,8.13854,-3.110003,-0.07066,0.836449,-0.001887,0.543467,2.058044,87.934677,29.72394,0.02419,0.826795,-0.139015,0.544518,6.248087,52.222633,32.608246,-0.024684,0.81802,0.023136,0.574195,-2.727751,7.192698,42.153324,0.011185,0.934254,0.019282,0.355911,-4.698333,2.257013,-14.223703,-0.024684,0.81802,0.023136,0.574195,11.325031,1.873292,37.160721
823,6.858333,-0.049149,0.844425,0.051129,0.530958,-2.046709,87.67791,20.966572,-0.041464,0.840854,0.122076,0.525683,-3.137157,95.540092,21.237858,-0.024153,0.845501,0.06084,0.529947,-6.922801,114.017609,24.328518,0.126028,0.91483,-0.096903,0.371232,-9.311274,136.499985,26.080967,0.146003,0.946192,-0.237427,0.164416,-3.501059,150.228943,23.457201,-0.059976,0.817739,0.104983,0.562748,-11.04899,131.117432,22.434217,0.337927,-0.590603,0.21458,-0.700678,-17.053513,131.452698,6.848863,0.272295,-0.000569,-0.317691,-0.908255,-11.870528,114.203117,-9.975672,0.301116,0.138764,-0.523761,-0.784696,7.756332,128.387024,-14.25568,-0.087629,0.905358,0.15232,0.386584,-7.663062,130.934326,29.398087,0.383431,0.888099,0.21011,-0.141824,3.792637,131.617599,41.537697,0.041351,0.313477,0.502055,-0.804962,20.200977,116.300644,31.357655,0.102374,0.122022,0.513104,-0.843418,12.451059,136.554993,17.216852,0.036289,0.847933,0.163148,0.503066,-6.224391,87.399841,12.232845,0.134197,0.924661,-0.005075,0.356325,-2.523108,53.34264,0.935341,0.011098,0.934209,0.019484,0.35602,-14.331442,8.136765,-3.109549,-0.069812,0.836937,-0.003081,0.54282,2.130974,87.955978,29.700296,0.024134,0.826954,-0.138774,0.544341,6.225625,52.235771,32.620285,-0.025503,0.818101,0.022734,0.574058,-2.731616,7.199293,42.151939,0.011098,0.934209,0.019484,0.35602,-4.704274,2.261628,-14.222747,-0.025503,0.818101,0.022734,0.574058,11.324554,1.884247,37.164246
824,6.866667,-0.049296,0.845105,0.051437,0.529832,-1.98343,87.693298,20.943918,-0.041391,0.841322,0.123314,0.524649,-3.078057,95.554756,21.219519,-0.024443,0.845975,0.062144,0.529025,-6.880114,114.011238,24.353647,0.125568,0.915597,-0.094592,0.37009,-9.308976,136.485703,26.15151,0.144484,0.946999,-0.236268,0.162773,-3.539141,150.24054,23.574615,-0.059961,0.818107,0.10667,0.561896,-11.043763,131.106323,22.498722,0.337596,-0.591211,0.213148,-0.700762,-17.080351,131.46991,6.926396,0.271122,-0.000443,-0.318323,-0.908385,-11.902602,114.268448,-9.948926,0.299996,0.13903,-0.524122,-0.784837,7.704523,128.484299,-14.213413,-0.087658,0.905493,0.153803,0.385672,-7.642926,130.917358,29.455168,0.381696,0.888664,0.209804,-0.143414,3.836117,131.587448,41.573437,0.04022,0.312683,0.500909,-0.806041,20.287577,116.350136,31.343561,0.102112,0.121021,0.512222,-0.84413,12.4508,136.609009,17.24719,0.036941,0.848584,0.162062,0.502272,-6.183978,87.414207,12.2212,0.133951,0.924936,-0.004544,0.355712,-2.572991,53.334965,0.961012,0.010519,0.934134,0.019752,0.356219,-14.345387,8.122412,-3.113925,-0.068865,0.837639,-0.004389,0.541848,2.217118,87.972382,29.666637,0.024005,0.827009,-0.138654,0.544293,6.207176,52.243412,32.623951,-0.025596,0.81813,0.022561,0.57402,-2.733472,7.203242,42.15374,0.010519,0.934134,0.019752,0.356219,-4.705772,2.260414,-14.22327,-0.025596,0.81813,0.022561,0.57402,11.32204,1.885577,37.166981
825,6.875,-0.04944,0.845724,0.051483,0.528825,-1.931483,87.708427,20.935827,-0.041891,0.841791,0.124217,0.523645,-3.028093,95.569588,21.212133,-0.024438,0.846501,0.063589,0.528011,-6.858798,114.008644,24.367832,0.12489,0.91618,-0.0936,0.369127,-9.319804,136.474884,26.223907,0.142519,0.9479,-0.234154,0.162317,-3.58202,150.245163,23.65801,-0.059552,0.818369,0.107868,0.561329,-11.054445,131.101212,22.562628,0.33786,-0.591765,0.211528,-0.700658,-17.113939,131.495926,6.999962,0.270278,-0.000397,-0.318961,-0.908413,-11.934586,114.334579,-9.91567,0.298615,0.139329,-0.524531,-0.785038,7.651548,128.5793,-14.17315,-0.087779,0.905793,0.155538,0.384242,-7.637001,130.90155,29.51063,0.378973,0.890858,0.203202,-0.146494,3.878108,131.561249,41.595203,0.036595,0.314066,0.49842,-0.807218,20.387608,116.386398,31.36602,0.101662,0.12009,0.511175,-0.844952,12.455158,136.657822,17.270681,0.037241,0.849302,0.161554,0.501199,-6.152404,87.425858,12.223063,0.133834,0.924858,-0.004377,0.355958,-2.592654,53.336357,0.977615,0.011367,0.934119,0.020313,0.356202,-14.348494,8.120736,-3.111004,-0.067927,0.838327,-0.005567,0.540891,2.289439,87.99099,29.64859,0.023885,0.8272,-0.138395,0.544073,6.180495,52.253605,32.635994,-0.025344,0.818158,0.02255,0.573991,-2.735136,7.206151,42.154819,0.011367,0.934119,0.020313,0.356202,-4.716285,2.2657,-14.230434,-0.025344,0.818158,0.02255,0.573991,11.317657,1.883838,37.165363
826,6.883333,-0.049545,0.846375,0.051551,0.527766,-1.873482,87.719666,20.914894,-0.042281,0.84224,0.125429,0.522601,-2.971721,95.580551,21.192608,-0.024442,0.847024,0.064831,0.52702,-6.834182,114.00325,24.382713,0.123957,0.916877,-0.092091,0.368092,-9.322743,136.46225,26.289013,0.141212,0.948597,-0.232662,0.161527,-3.629242,150.254852,23.744473,-0.059407,0.818683,0.109306,0.560608,-11.058166,131.093399,22.621056,0.337696,-0.592184,0.21037,-0.700731,-17.145269,131.515808,7.069889,0.269211,-0.000439,-0.319578,-0.908513,-11.966312,114.391502,-9.883374,0.2974,0.139503,-0.524779,-0.785302,7.600042,128.66449,-14.134079,-0.0879,0.906001,0.157038,0.383113,-7.624515,130.884811,29.560801,0.377343,0.891491,0.202254,-0.148151,3.918856,131.535461,41.618885,0.035175,0.313671,0.49718,-0.808199,20.465084,116.430107,31.346256,0.100768,0.119126,0.510311,-0.845717,12.45384,136.703461,17.287182,0.037511,0.849606,0.161439,0.5007,-6.115879,87.434402,12.212649,0.133837,0.924502,-0.004127,0.356886,-2.58342,53.343678,0.962292,0.010759,0.934107,0.019248,0.356311,-14.32707,8.127928,-3.159866,-0.066961,0.839162,-0.006896,0.5397,2.368915,88.004936,29.61714,0.023715,0.827348,-0.138187,0.54391,6.154314,52.259338,32.64188,-0.024486,0.818123,0.022688,0.574074,-2.735747,7.205734,42.155491,0.010759,0.934107,0.019248,0.356311,-4.690305,2.249527,-14.263021,-0.024486,0.818123,0.022688,0.574074,11.311053,1.871968,37.161377
827,6.891667,-0.049692,0.847081,0.051667,0.526607,-1.831406,87.733887,20.903957,-0.042214,0.842795,0.126232,0.521518,-2.932203,95.594345,21.183487,-0.02447,0.847579,0.066032,0.525976,-6.802371,114.000877,24.403633,0.122949,0.917657,-0.08976,0.367058,-9.318202,136.452682,26.358213,0.139741,0.949243,-0.231655,0.160456,-3.679184,150.275421,23.856197,-0.059319,0.819138,0.110375,0.559743,-11.054834,131.088272,22.684338,0.337313,-0.592764,0.209093,-0.700808,-17.174665,131.528992,7.146534,0.268154,-0.000372,-0.320157,-0.908621,-12.003165,114.449547,-9.854168,0.296553,0.139741,-0.524948,-0.785467,7.545424,128.751404,-14.093034,-0.088224,0.906281,0.158652,0.381707,-7.604183,130.871536,29.615396,0.376006,0.891962,0.20152,-0.149709,3.973197,131.519592,41.640961,0.033761,0.313414,0.495947,-0.809116,20.546196,116.474388,31.323334,0.099527,0.11829,0.508001,-0.847371,12.462439,136.744812,17.297609,0.038242,0.850283,0.160682,0.499737,-6.097194,87.445557,12.213259,0.13324,0.924167,-0.003935,0.357976,-2.649945,53.341232,0.977699,0.010271,0.934148,0.019499,0.356206,-14.331615,8.110383,-3.154875,-0.066187,0.839765,-0.007926,0.538843,2.434381,88.022217,29.594654,0.023764,0.827567,-0.138058,0.543606,6.136161,52.270283,32.64785,-0.02431,0.818067,0.022555,0.574167,-2.747669,7.213551,42.152481,0.010271,0.934148,0.019499,0.356206,-4.690656,2.243905,-14.260689,-0.02431,0.818067,0.022555,0.574167,11.297851,1.873556,37.161427
828,6.9,-0.049841,0.847688,0.051847,0.525598,-1.782544,87.748642,20.891085,-0.042497,0.84328,0.127104,0.520498,-2.886502,95.608566,21.17309,-0.024402,0.848115,0.067388,0.524942,-6.777162,113.9972,24.418159,0.122402,0.918181,-0.088771,0.36617,-9.320145,136.440948,26.429293,0.137967,0.94999,-0.229912,0.160075,-3.709298,150.277557,23.940643,-0.05929,0.819379,0.111637,0.559141,-11.057954,131.082336,22.747507,0.337168,-0.593323,0.207797,-0.700789,-17.200382,131.544739,7.219247,0.267272,-0.000307,-0.3207,-0.90869,-12.034966,114.50518,-9.823288,0.295558,0.140026,-0.525534,-0.7854,7.497443,128.833878,-14.052659,-0.088387,0.906649,0.160316,0.380097,-7.590423,130.854935,29.669794,0.374279,0.892557,0.200748,-0.151517,4.026967,131.496445,41.657074,0.033256,0.312059,0.494687,-0.810431,20.637012,116.528389,31.286919,0.099808,0.116702,0.508397,-0.84732,12.442642,136.794907,17.308743,0.039075,0.850926,0.159808,0.498859,-6.068604,87.458099,12.210438,0.132925,0.924006,-0.003617,0.358511,-2.71594,53.338219,0.993507,0.010039,0.933931,0.019866,0.35676,-14.357766,8.09927,-3.162795,-0.065355,0.840377,-0.009077,0.537972,2.503516,88.039185,29.571733,0.023659,0.827683,-0.137837,0.543491,6.113648,52.280773,32.658638,-0.025167,0.818183,0.022114,0.573981,-2.749575,7.217863,42.153217,0.010039,0.933931,0.019866,0.35676,-4.699499,2.244985,-14.260006,-0.025167,0.818183,0.022114,0.573981,11.298855,1.881909,37.166031
829,6.908333,-0.050049,0.848375,0.05209,0.524444,-1.731098,87.766083,20.87886,-0.042778,0.843842,0.12784,0.519382,-2.839472,95.625275,21.163889,-0.024245,0.848723,0.068624,0.523806,-6.74735,113.996933,24.430019,0.122042,0.918791,-0.086365,0.365335,-9.31084,136.433411,26.495558,0.135921,0.950597,-0.229217,0.159219,-3.737146,150.294571,24.060627,-0.05909,0.81973,0.112872,0.5584,-11.05222,131.080612,22.807005,0.336475,-0.59378,0.20716,-0.700924,-17.223101,131.568085,7.290802,0.266062,-0.000574,-0.32116,-0.908882,-12.071375,114.561859,-9.789127,0.294463,0.140485,-0.525864,-0.785508,7.443906,128.908844,-14.016824,-0.088559,0.906824,0.161889,0.378972,-7.566113,130.842545,29.719595,0.372701,0.893013,0.20035,-0.153235,4.078788,131.475861,41.680576,0.032524,0.31115,0.493493,-0.811537,20.721098,116.582809,31.254318,0.09967,0.115581,0.507292,-0.848152,12.43553,136.842209,17.316383,0.039447,0.851564,0.159206,0.497931,-6.04023,87.472771,12.209739,0.132706,0.923935,-0.003439,0.358778,-2.744499,53.341148,1.011674,0.009892,0.933966,0.020115,0.356659,-14.360558,8.096632,-3.156049,-0.064472,0.840961,-0.010338,0.537141,2.578034,88.059387,29.547983,0.023561,0.82785,-0.137558,0.543311,6.089001,52.294468,32.673656,-0.02526,0.818182,0.022039,0.573981,-2.750388,7.223916,42.154156,0.009892,0.933966,0.020115,0.356659,-4.701866,2.250755,-14.257317,-0.02526,0.818182,0.022039,0.573981,11.298436,1.887726,37.168339
830,6.916667,-0.050183,0.84896,0.052089,0.523484,-1.691607,87.780807,20.870321,-0.042564,0.844413,0.128459,0.518318,-2.80146,95.639793,21.155468,-0.024368,0.849292,0.069803,0.522721,-6.705595,113.983307,24.446205,0.12073,0.919524,-0.085304,0.364174,-9.299062,136.412109,26.557201,0.134603,0.951376,-0.227185,0.158594,-3.775703,150.29425,24.127081,-0.058854,0.820264,0.114494,0.55731,-11.041203,131.063019,22.863644,0.335947,-0.594324,0.206192,-0.701002,-17.253662,131.58197,7.365066,0.265146,-0.000567,-0.321572,-0.909004,-12.114077,114.614845,-9.757364,0.293847,0.140782,-0.526139,-0.785501,7.390314,128.983841,-13.976127,-0.088504,0.907167,0.16297,0.377699,-7.537602,130.818375,29.767153,0.371148,0.893392,0.200221,-0.154956,4.139809,131.444305,41.696785,0.031484,0.310416,0.492296,-0.812585,20.812933,116.628716,31.209591,0.099172,0.114578,0.504859,-0.849797,12.442489,136.882477,17.314266,0.039742,0.852194,0.158595,0.497024,-6.019969,87.483749,12.210913,0.132615,0.923796,-0.003197,0.359171,-2.776494,53.339798,1.035187,0.01027,0.933945,0.020671,0.356671,-14.374976,8.092872,-3.155353,-0.06367,0.841424,-0.011445,0.536489,2.636755,88.077873,29.52973,0.023314,0.828004,-0.137218,0.543173,6.058833,52.307278,32.68882,-0.025215,0.818244,0.022027,0.573896,-2.742626,7.226884,42.15778,0.01027,0.933945,0.020671,0.356671,-4.717745,2.25854,-14.263959,-0.025215,0.818244,0.022027,0.573896,11.304683,1.889617,37.16885
831,6.925,-0.050278,0.849632,0.052081,0.522385,-1.643893,87.793854,20.85746,-0.043089,0.844957,0.129427,0.517145,-2.754583,95.652702,21.143139,-0.024302,0.849936,0.070895,0.521528,-6.688319,113.978027,24.457989,0.119885,0.92016,-0.084298,0.363079,-9.301998,136.400009,26.616005,0.133286,0.95208,-0.22536,0.158088,-3.81569,150.298447,24.195114,-0.05857,0.820669,0.115494,0.556536,-11.048126,131.055435,22.91777,0.335804,-0.594671,0.205146,-0.701083,-17.290493,131.597046,7.431992,0.264138,-0.000754,-0.322103,-0.90911,-12.150027,114.663673,-9.723553,0.292657,0.140756,-0.526259,-0.78587,7.334651,129.053558,-13.940943,-0.088432,0.907619,0.164685,0.375881,-7.525174,130.802658,29.811132,0.369369,0.894061,0.199155,-0.156712,4.198431,131.416107,41.696022,0.030756,0.309519,0.490799,-0.81386,20.909506,116.675774,31.163294,0.099085,0.113086,0.5039,-0.850575,12.431235,136.918152,17.302114,0.04012,0.852878,0.157999,0.496009,-5.994338,87.493378,12.209244,0.132455,0.923741,-0.002926,0.359374,-2.809054,53.33799,1.051748,0.009442,0.933893,0.02029,0.356851,-14.383835,8.086923,-3.159463,-0.062755,0.841933,-0.012749,0.535768,2.706552,88.094337,29.505676,0.023175,0.828231,-0.13687,0.54292,6.025582,52.317673,32.705761,-0.025291,0.818276,0.021852,0.573853,-2.744596,7.227707,42.158165,0.009442,0.933893,0.02029,0.356851,-4.714771,2.250356,-14.256597,-0.025291,0.818276,0.021852,0.573853,11.301835,1.887485,37.169926
832,6.933333,-0.050183,0.850246,0.051768,0.521424,-1.612478,87.803726,20.855331,-0.043212,0.845679,0.1299,0.515835,-2.71898,95.663246,21.138849,-0.024042,0.850756,0.072079,0.520039,-6.657252,113.967583,24.469311,0.119397,0.920855,-0.081888,0.362029,-9.284915,136.382462,26.683416,0.131168,0.952683,-0.224636,0.157254,-3.839968,150.305969,24.313814,-0.058466,0.821361,0.116341,0.555349,-11.038778,131.043976,22.980082,0.335576,-0.595254,0.203748,-0.701105,-17.325674,131.59819,7.512769,0.263423,-0.000921,-0.322556,-0.909156,-12.191216,114.709946,-9.689002,0.29206,0.140889,-0.526594,-0.785843,7.280665,129.119843,-13.908772,-0.088828,0.907876,0.166161,0.374515,-7.491609,130.780151,29.860598,0.367816,0.894559,0.198112,-0.15883,4.263907,131.395401,41.713837,0.030358,0.308677,0.489423,-0.815023,20.998463,116.727089,31.118017,0.099199,0.11158,0.502417,-0.851638,12.422512,136.950134,17.285099,0.040322,0.85357,0.157556,0.494943,-5.982543,87.500092,12.217122,0.132169,0.923732,-0.0026,0.359505,-2.839673,53.335808,1.074857,0.009373,0.933992,0.020356,0.356591,-14.378661,8.077481,-3.156538,-0.062036,0.842501,-0.013788,0.534933,2.757587,88.107361,29.49354,0.022552,0.828488,-0.136316,0.542693,5.996133,52.326202,32.725735,-0.025074,0.818554,0.021989,0.573461,-2.695099,7.219377,42.170658,0.009373,0.933992,0.020356,0.356591,-4.714628,2.243562,-14.259445,-0.025074,0.818554,0.021989,0.573461,11.345406,1.878628,37.166321
833,6.941667,-0.049961,0.85088,0.051511,0.520436,-1.581213,87.811424,20.842287,-0.043227,0.84629,0.130629,0.514646,-2.682287,95.671715,21.125469,-0.024078,0.851427,0.073138,0.51879,-6.628263,113.958611,24.482183,0.118388,0.921479,-0.081274,0.360908,-9.278871,136.366425,26.739887,0.129755,0.953403,-0.222643,0.156897,-3.871514,150.304062,24.367247,-0.058224,0.821926,0.11756,0.554281,-11.036377,131.031601,23.033014,0.335334,-0.59565,0.202796,-0.70116,-17.363787,131.609787,7.583113,0.262509,-0.001311,-0.32298,-0.90927,-12.233518,114.754463,-9.652153,0.291041,0.140847,-0.526696,-0.78616,7.225718,129.180801,-13.880517,-0.088602,0.908291,0.167606,0.372915,-7.469124,130.761383,29.902891,0.366363,0.894777,0.198438,-0.160548,4.327693,131.361877,41.715778,0.029954,0.307518,0.488266,-0.816168,21.087811,116.773117,31.050772,0.099,0.110489,0.50068,-0.852825,12.416716,136.983032,17.26166,0.040513,0.854044,0.15702,0.49428,-5.971637,87.50724,12.214427,0.132011,0.923773,-0.002263,0.35946,-2.868519,53.331886,1.094979,0.009118,0.933994,0.020291,0.356596,-14.382933,8.069494,-3.15979,-0.061279,0.84308,-0.015084,0.534073,2.809211,88.115601,29.470146,0.022424,0.828905,-0.135894,0.542168,5.955235,52.330418,32.748707,-0.025288,0.818661,0.021741,0.573308,-2.698781,7.212287,42.173748,0.009118,0.933994,0.020291,0.356596,-4.716211,2.236359,-14.260767,-0.025288,0.818661,0.021741,0.573308,11.340321,1.869147,37.16803
834,6.95,-0.049993,0.851488,0.051377,0.51945,-1.544031,87.824516,20.834736,-0.043431,0.846905,0.131326,0.513438,-2.644112,95.684975,21.117121,-0.023966,0.85213,0.074167,0.517494,-6.603213,113.954865,24.495605,0.11783,0.922146,-0.079637,0.359751,-9.270148,136.356049,26.799431,0.128231,0.954038,-0.221462,0.155956,-3.898656,150.3125,24.456114,-0.058169,0.822472,0.118901,0.55319,-11.03327,131.025711,23.088764,0.335266,-0.596221,0.201735,-0.701013,-17.40127,131.624863,7.656346,0.261691,-0.001787,-0.323376,-0.909364,-12.283401,114.800217,-9.612552,0.289946,0.140809,-0.526785,-0.786513,7.166703,129.242279,-13.85507,-0.088791,0.908746,0.1693,0.370992,-7.445133,130.747513,29.947439,0.365344,0.894689,0.199598,-0.161916,4.398362,131.344879,41.713696,0.03029,0.305829,0.487401,-0.817307,21.173477,116.825272,30.978119,0.099052,0.1093,0.499545,-0.853638,12.406901,137.01976,17.238661,0.040534,0.854897,0.156264,0.49304,-5.954253,87.516884,12.2171,0.131928,0.924007,-0.001641,0.358891,-2.895834,53.324593,1.137449,0.008997,0.934004,0.020627,0.356553,-14.384892,8.059913,-3.16129,-0.06039,0.843406,-0.016285,0.533624,2.866191,88.132149,29.452372,0.022188,0.829115,-0.135452,0.541967,5.913864,52.341888,32.768188,-0.024158,0.818545,0.022278,0.573502,-2.697133,7.211506,42.17395,0.008997,0.934004,0.020627,0.356553,-4.716285,2.237303,-14.266154,-0.024158,0.818545,0.022278,0.573502,11.337228,1.861962,37.161774
835,6.958333,-0.05016,0.852066,0.051307,0.518493,-1.508474,87.842346,20.829899,-0.043393,0.847516,0.131887,0.512288,-2.609913,95.702652,21.111202,-0.024111,0.852761,0.07533,0.516278,-6.570318,113.950119,24.510292,0.117042,0.922724,-0.078617,0.358749,-9.266687,136.343109,26.859144,0.126855,0.954619,-0.22007,0.155496,-3.930428,150.314987,24.527258,-0.057723,0.822868,0.120281,0.552348,-11.031524,131.01619,23.144392,0.335353,-0.596864,0.200668,-0.700731,-17.432344,131.648911,7.726897,0.261094,-0.002161,-0.323751,-0.909401,-12.331141,114.850739,-9.572678,0.289021,0.140809,-0.527173,-0.786593,7.105507,129.304337,-13.826941,-0.088235,0.909311,0.1707,0.369093,-7.424024,130.732224,29.992664,0.363439,0.895197,0.199157,-0.163924,4.469708,131.307846,41.709225,0.029334,0.304914,0.485887,-0.818585,21.281025,116.879333,30.907658,0.098914,0.108381,0.497442,-0.854998,12.407003,137.062698,17.210297,0.040906,0.855435,0.155698,0.492256,-5.937626,87.529755,12.222156,0.13176,0.923917,-0.00139,0.359186,-2.932727,53.326904,1.16045,0.00859,0.933947,0.020711,0.356707,-14.397714,8.058005,-3.158106,-0.05944,0.843562,-0.017517,0.533445,2.920679,88.154938,29.437641,0.021828,0.829369,-0.134955,0.541718,5.863985,52.359463,32.791313,-0.02408,0.818598,0.022248,0.57343,-2.691133,7.215005,42.180508,0.00859,0.933947,0.020711,0.356707,-4.720534,2.241799,-14.258857,-0.02408,0.818598,0.022248,0.57343,11.341465,1.86338,37.165623
836,6.966667,-0.05035,0.85258,0.05121,0.517638,-1.477794,87.860527,20.824551,-0.043215,0.848123,0.132518,0.511134,-2.580724,95.720688,21.104071,-0.024175,0.85342,0.076265,0.515047,-6.539601,113.947388,24.52903,0.116737,0.923231,-0.077249,0.357841,-9.256811,136.333817,26.916195,0.12499,0.955228,-0.218914,0.154898,-3.94591,150.319809,24.611225,-0.057555,0.823438,0.121339,0.551284,-11.025566,131.009796,23.199118,0.335231,-0.597394,0.199704,-0.700613,-17.466274,131.661285,7.799029,0.260201,-0.002631,-0.324253,-0.909477,-12.377217,114.892426,-9.532532,0.28796,0.140706,-0.527386,-0.786858,7.041759,129.362625,-13.799706,-0.088323,0.909791,0.172225,0.367177,-7.398449,130.720917,30.036814,0.361742,0.895571,0.19901,-0.165802,4.541906,131.292847,41.706032,0.028403,0.304074,0.484213,-0.819921,21.383333,116.949783,30.83777,0.098254,0.108637,0.495379,-0.856238,12.39914,137.110077,17.182043,0.04098,0.855979,0.155318,0.491423,-5.923725,87.542465,12.225664,0.13164,0.92395,-0.001161,0.359145,-2.947825,53.331532,1.181137,0.008424,0.934054,0.020602,0.356438,-14.395131,8.059612,-3.152663,-0.058566,0.843748,-0.01862,0.533209,2.968137,88.178581,29.423439,0.021424,0.829066,-0.134517,0.542306,5.816905,52.378536,32.809795,-0.025067,0.818718,0.02169,0.573239,-2.69131,7.221347,42.180382,0.008424,0.934054,0.020602,0.356438,-4.722896,2.242191,-14.257086,-0.025067,0.818718,0.02169,0.573239,11.344619,1.873136,37.171192
837,6.975,-0.050374,0.853125,0.051215,0.516738,-1.449327,87.871742,20.815424,-0.043392,0.848752,0.133074,0.509929,-2.552321,95.731857,21.095987,-0.023929,0.854154,0.07724,0.513695,-6.519957,113.940216,24.538239,0.116139,0.923862,-0.076013,0.356669,-9.246471,136.320374,26.972929,0.123634,0.955798,-0.217721,0.154149,-3.968492,150.321838,24.686268,-0.057332,0.823975,0.122339,0.550284,-11.022923,131.001511,23.252172,0.335191,-0.597989,0.198739,-0.700399,-17.501308,131.672424,7.868727,0.259447,-0.003152,-0.324745,-0.909515,-12.428381,114.930344,-9.49342,0.287096,0.140529,-0.527479,-0.787142,6.973229,129.415482,-13.777831,-0.088821,0.910482,0.17445,0.36428,-7.374068,130.703491,30.077902,0.36053,0.895732,0.199215,-0.167317,4.634129,131.282211,41.676968,0.027969,0.302618,0.483024,-0.821175,21.493828,117.006325,30.748745,0.097721,0.107583,0.494172,-0.857129,12.404776,137.154739,17.149042,0.041136,0.856365,0.154795,0.490903,-5.913259,87.551926,12.225932,0.131459,0.923979,-0.000894,0.359138,-2.97248,53.330208,1.205425,0.009269,0.934121,0.021364,0.356197,-14.395391,8.053753,-3.145346,-0.057856,0.844059,-0.019799,0.532753,3.014605,88.191559,29.404915,0.021284,0.829119,-0.134091,0.542336,5.776763,52.388817,32.834267,-0.025011,0.818666,0.021768,0.573312,-2.699417,7.220334,42.17942,0.009269,0.934121,0.021364,0.356197,-4.734865,2.248964,-14.266562,-0.025011,0.818666,0.021768,0.573312,11.337367,1.873075,37.1716
838,6.983333,-0.050172,0.853651,0.051083,0.515901,-1.425584,87.87674,20.801144,-0.04336,0.849387,0.133638,0.508726,-2.524492,95.737389,21.082663,-0.023833,0.854877,0.078116,0.512363,-6.495192,113.932037,24.547312,0.115359,0.924508,-0.074558,0.355554,-9.234444,136.306244,27.022192,0.12249,0.956313,-0.216583,0.153472,-3.996152,150.326294,24.75831,-0.057047,0.824506,0.123427,0.549274,-11.017518,130.991043,23.299356,0.335488,-0.598627,0.197724,-0.699999,-17.534081,131.684631,7.933049,0.258897,-0.003669,-0.32533,-0.909461,-12.478939,114.962181,-9.453194,0.286285,0.140244,-0.527656,-0.78737,6.90278,129.465347,-13.759166,-0.08895,0.910859,0.175948,0.362582,-7.34742,130.686646,30.113405,0.359218,0.895836,0.199658,-0.169049,4.701242,131.262146,41.670589,0.027116,0.301661,0.481766,-0.822294,21.578804,117.063095,30.670076,0.096667,0.107848,0.492843,-0.85798,12.396615,137.200882,17.116655,0.04123,0.856748,0.154345,0.490368,-5.906646,87.557594,12.220551,0.131382,0.923996,-0.000599,0.359123,-2.994736,53.326397,1.221827,0.008114,0.934076,0.020734,0.356379,-14.401257,8.048007,-3.151704,-0.057167,0.84429,-0.020609,0.53243,3.055479,88.195877,29.381737,0.020908,0.828856,-0.133878,0.542805,5.746001,52.38979,32.832954,-0.024262,0.818552,0.022007,0.573499,-2.695452,7.214478,42.17651,0.008114,0.934076,0.020734,0.356379,-4.72632,2.237419,-14.257352,-0.024262,0.818552,0.022007,0.573499,11.338184,1.860144,37.167423
839,6.991667,-0.050129,0.854143,0.050867,0.51511,-1.402861,87.883171,20.797024,-0.043414,0.850034,0.134013,0.507541,-2.499185,95.744232,21.07699,-0.023538,0.855634,0.078999,0.510975,-6.471792,113.925377,24.556101,0.114305,0.925277,-0.072936,0.354228,-9.215983,136.293915,27.07625,0.121584,0.956807,-0.215599,0.152493,-4.027207,150.336044,24.835344,-0.056983,0.825184,0.124126,0.548103,-11.008019,130.983734,23.350557,0.335581,-0.599401,0.196508,-0.699635,-17.567772,131.685776,8.003026,0.258336,-0.004107,-0.325759,-0.909465,-12.534682,114.993263,-9.418349,0.285584,0.139931,-0.528193,-0.78732,6.833461,129.510483,-13.740473,-0.089084,0.911408,0.177596,0.36036,-7.315706,130.67041,30.152187,0.357986,0.896072,0.199078,-0.171083,4.785833,131.244843,41.654041,0.026083,0.300663,0.480525,-0.823418,21.672817,117.111137,30.584085,0.095582,0.107042,0.491554,-0.858942,12.395351,137.24617,17.080086,0.041082,0.857068,0.154226,0.489858,-5.899793,87.56131,12.224839,0.131477,0.924254,-0.000297,0.358424,-2.989551,53.326584,1.236654,0.008465,0.9341,0.020527,0.356319,-14.39734,8.050522,-3.157667,-0.05647,0.844756,-0.021552,0.531727,3.09407,88.205025,29.369205,0.020689,0.829275,-0.133565,0.54225,5.708822,52.396084,32.848965,-0.025207,0.8189,0.02059,0.573013,-2.693547,7.212061,42.185627,0.008465,0.9341,0.020527,0.356319,-4.728681,2.230663,-14.263927,-0.025207,0.8189,0.02059,0.573013,11.334261,1.83946,37.179787
840,7.0,-0.050107,0.854631,0.05075,0.514314,-1.379658,87.891129,20.791346,-0.043049,0.85069,0.134408,0.506367,-2.474468,95.752426,21.07094,-0.023758,0.85632,0.07972,0.509702,-6.435165,113.917587,24.572487,0.113869,0.925857,-0.071425,0.353159,-9.200728,136.280472,27.119371,0.120325,0.957335,-0.214593,0.151599,-4.042701,150.338455,24.907108,-0.056631,0.825986,0.124821,0.546771,-10.996681,130.971115,23.394377,0.335665,-0.60007,0.195343,-0.699347,-17.606462,131.688522,8.069036,0.257444,-0.004865,-0.326009,-0.909625,-12.590461,115.025391,-9.385349,0.283876,0.13964,-0.528799,-0.787583,6.769736,129.547195,-13.730325,-0.089106,0.911872,0.178949,0.358507,-7.284407,130.65683,30.185085,0.356729,0.895969,0.200585,-0.172482,4.861513,131.228119,41.640221,0.02589,0.299186,0.47947,-0.824576,21.769106,117.178299,30.49519,0.094591,0.106073,0.490278,-0.8599,12.396467,137.294678,17.047466,0.041787,0.857565,0.153488,0.48916,-5.892508,87.567223,12.227609,0.130879,0.924044,2.6e-05,0.359185,-3.061157,53.320324,1.256761,0.008205,0.934118,0.021021,0.356252,-14.403631,8.02953,-3.154777,-0.055867,0.8452,-0.022392,0.531051,3.133192,88.215042,29.355082,0.020568,0.829569,-0.133306,0.541869,5.681875,52.403877,32.860897,-0.025367,0.818968,0.020296,0.572919,-2.693736,7.212919,42.188026,0.008205,0.934118,0.021021,0.356252,-4.731421,2.225998,-14.266485,-0.025367,0.818968,0.020296,0.572919,11.332619,1.835901,37.18285
841,7.008333,-0.050132,0.855141,0.0507,0.513469,-1.357813,87.899185,20.78742,-0.043137,0.851314,0.134717,0.505228,-2.452278,95.760521,21.067207,-0.023536,0.857011,0.080562,0.508417,-6.415141,113.91404,24.580482,0.113707,0.92637,-0.070294,0.35209,-9.187571,136.271271,27.169094,0.118824,0.957918,-0.213337,0.150866,-4.049118,150.339813,24.97831,-0.056511,0.826494,0.125772,0.545798,-10.991188,130.966324,23.441521,0.335309,-0.600703,0.195044,-0.699058,-17.636972,131.699371,8.132495,0.256691,-0.005269,-0.326864,-0.909528,-12.652644,115.049408,-9.343536,0.283944,0.139311,-0.529053,-0.787446,6.679071,129.602356,-13.705074,-0.089235,0.912413,0.180451,0.35634,-7.258474,130.644302,30.220657,0.354892,0.896334,0.200714,-0.174216,4.938441,131.216217,41.62146,0.025397,0.297858,0.477887,-0.82599,21.880848,117.259384,30.412626,0.093991,0.104939,0.48956,-0.860514,12.390133,137.348831,17.016684,0.041874,0.858058,0.15305,0.488425,-5.887441,87.573036,12.232629,0.130726,0.924164,0.000372,0.35893,-3.086537,53.316975,1.28257,0.00801,0.934146,0.021215,0.35617,-14.405581,8.02244,-3.150704,-0.055337,0.845489,-0.023121,0.530614,3.171815,88.225334,29.342211,0.020576,0.829701,-0.133109,0.541715,5.662128,52.412308,32.870899,-0.025313,0.818888,0.020314,0.573035,-2.702442,7.216448,42.184212,0.00801,0.934146,0.021215,0.35617,-4.732214,2.226308,-14.265275,-0.025313,0.818888,0.020314,0.573035,11.324945,1.838987,37.182396
842,7.016667,-0.050259,0.855545,0.050813,0.512772,-1.335981,87.910477,20.783087,-0.043095,0.851888,0.135013,0.504184,-2.43285,95.771423,21.064268,-0.023462,0.857644,0.081387,0.507221,-6.393243,113.911095,24.590397,0.113434,0.926872,-0.069497,0.351013,-9.178102,136.262436,27.216391,0.117681,0.958471,-0.211992,0.150148,-4.058978,150.339752,25.036791,-0.056126,0.827041,0.12668,0.544798,-10.987304,130.960876,23.486715,0.335508,-0.601494,0.194249,-0.698503,-17.67095,131.71582,8.195255,0.255999,-0.005978,-0.327345,-0.909546,-12.718259,115.07959,-9.302825,0.28286,0.138935,-0.529382,-0.787681,6.597638,129.645676,-13.691033,-0.089161,0.913006,0.182086,0.353998,-7.235721,130.633087,30.255148,0.35314,0.896708,0.200484,-0.176105,5.017202,131.19928,41.596012,0.024736,0.296331,0.476618,-0.827292,21.988127,117.33004,30.321789,0.09397,0.103104,0.488672,-0.861243,12.385842,137.412918,16.986992,0.041842,0.858267,0.152892,0.488109,-5.879225,87.582275,12.2356,0.130798,0.924175,0.000448,0.358877,-3.086009,53.322529,1.295132,0.008327,0.934117,0.021257,0.356237,-14.408879,8.029779,-3.146505,-0.054761,0.845654,-0.023835,0.53038,3.207263,88.238678,29.330576,0.020324,0.829768,-0.132847,0.541687,5.63618,52.423496,32.880096,-0.025103,0.818861,0.020594,0.573073,-2.695242,7.220137,42.186691,0.008327,0.934117,0.021257,0.356237,-4.737324,2.231551,-14.261551,-0.025103,0.818861,0.020594,0.573073,11.33237,1.845846,37.182117
843,7.025,-0.050276,0.855962,0.05094,0.51206,-1.319745,87.91861,20.777433,-0.0428,0.852483,0.135144,0.503167,-2.417643,95.779327,21.061104,-0.023502,0.858273,0.082248,0.506015,-6.36511,113.910904,24.600256,0.113035,0.927428,-0.068506,0.349867,-9.167479,136.255768,27.26247,0.116654,0.959009,-0.21075,0.149257,-4.073195,150.344345,25.097567,-0.05601,0.827488,0.127675,0.543898,-10.981032,130.956955,23.530983,0.335067,-0.602278,0.19419,-0.698056,-17.697849,131.728546,8.254893,0.254823,-0.00692,-0.327939,-0.909656,-12.790519,115.098763,-9.26208,0.281793,0.138525,-0.529745,-0.787892,6.507794,129.683304,-13.681486,-0.089183,0.913522,0.183364,0.351997,-7.21055,130.62471,30.288691,0.351721,0.896712,0.201491,-0.177766,5.089436,131.190247,41.578529,0.024579,0.294605,0.47561,-0.828492,22.080687,117.408897,30.227413,0.093827,0.101597,0.487613,-0.862037,12.377854,137.478165,16.956568,0.042247,0.858441,0.152416,0.487919,-5.877081,87.590279,12.237455,0.130502,0.924179,0.000714,0.358973,-3.12836,53.322495,1.310893,0.007746,0.934097,0.021454,0.356291,-14.416621,8.022499,-3.144978,-0.054267,0.84593,-0.024494,0.52996,3.237591,88.246941,29.317411,0.020073,0.829712,-0.13262,0.541837,5.61299,52.430176,32.887096,-0.023157,0.818545,0.023008,0.573514,-2.689058,7.220194,42.187786,0.007746,0.934097,0.021454,0.356291,-4.736382,2.235584,-14.258363,-0.023157,0.818545,0.023008,0.573514,11.340716,1.871169,37.162243
844,7.033333,-0.050181,0.856426,0.050919,0.511297,-1.309197,87.923103,20.771656,-0.042603,0.853126,0.135182,0.502083,-2.405373,95.784012,21.056799,-0.023496,0.858925,0.082873,0.504805,-6.340991,113.907898,24.604351,0.112836,0.927958,-0.067471,0.348725,-9.153621,136.248093,27.294743,0.115654,0.959578,-0.209357,0.148336,-4.079139,150.346588,25.148001,-0.055513,0.828305,0.128161,0.542591,-10.973313,130.951263,23.563448,0.335622,-0.603024,0.193228,-0.697412,-17.739445,131.738312,8.309929,0.254236,-0.00767,-0.328493,-0.909614,-12.858084,115.118958,-9.224187,0.280525,0.137887,-0.530208,-0.788145,6.42079,129.717682,-13.674355,-0.089397,0.913925,0.185171,0.349945,-7.183878,130.615829,30.310383,0.350205,0.896974,0.201476,-0.179447,5.162958,131.180542,41.549004,0.023946,0.293138,0.474468,-0.829685,22.177076,117.478249,30.136606,0.093427,0.099855,0.48696,-0.862653,12.372334,137.541077,16.926588,0.041864,0.85853,0.152637,0.487724,-5.881856,87.59494,12.23987,0.130671,0.924113,0.000601,0.359083,-3.104028,53.329712,1.312662,0.008108,0.934162,0.02117,0.356128,-14.40994,8.033851,-3.14044,-0.053983,0.84631,-0.025027,0.529357,3.263463,88.251266,29.303444,0.020053,0.829834,-0.132519,0.541675,5.603741,52.434193,32.893147,-0.023143,0.818551,0.022982,0.573507,-2.689875,7.221639,42.188828,0.008108,0.934162,0.02117,0.356128,-4.738856,2.235503,-14.255834,-0.023143,0.818551,0.022982,0.573507,11.339519,1.871735,37.163162
845,7.041667,-0.049982,0.856805,0.050892,0.510682,-1.302725,87.923393,20.76437,-0.042394,0.853688,0.135482,0.501063,-2.39579,95.78466,21.05155,-0.023259,0.859575,0.083457,0.503612,-6.325124,113.901939,24.616428,0.112137,0.928614,-0.066223,0.347441,-9.138075,136.238235,27.338737,0.115041,0.960049,-0.208334,0.147198,-4.099494,150.352295,25.209719,-0.055298,0.82888,0.128537,0.541644,-10.966254,130.944794,23.606777,0.336401,-0.604074,0.191952,-0.69648,-17.767494,131.739502,8.369273,0.253851,-0.008466,-0.329214,-0.909454,-12.924379,115.132233,-9.18691,0.27953,0.137392,-0.530663,-0.788279,6.327686,129.748611,-13.674714,-0.089369,0.914363,0.186173,0.348271,-7.158019,130.603409,30.342823,0.348889,0.896897,0.202623,-0.181095,5.228029,131.167282,41.538258,0.023694,0.291642,0.473546,-0.830746,22.2582,117.551086,30.047012,0.092876,0.098331,0.485622,-0.863641,12.364437,137.602402,16.894991,0.041711,0.858804,0.152521,0.487292,-5.887928,87.597282,12.239237,0.130611,0.924162,0.000756,0.358976,-3.110271,53.328575,1.322906,0.008043,0.934204,0.021057,0.356028,-14.406371,8.031258,-3.140337,-0.053783,0.846734,-0.025534,0.528675,3.282478,88.249512,29.289501,0.02008,0.830131,-0.132421,0.541243,5.594045,52.432716,32.900627,-0.023106,0.818644,0.022873,0.57338,-2.691894,7.217813,42.191772,0.008043,0.934204,0.021057,0.356028,-4.73744,2.230486,-14.25634,-0.023106,0.818644,0.022873,0.57338,11.334955,1.864599,37.162525
846,7.05,-0.04977,0.857201,0.050873,0.510041,-1.302667,87.932625,20.761003,-0.042291,0.854241,0.135554,0.500109,-2.392483,95.79425,21.050465,-0.022736,0.86021,0.084049,0.502451,-6.310583,113.886513,24.619125,0.1112,0.929259,-0.065544,0.346145,-9.112888,136.219391,27.380054,0.114359,0.960587,-0.206827,0.146346,-4.111169,150.346512,25.250774,-0.054698,0.829394,0.130039,0.540558,-10.952075,130.931381,23.645823,0.336718,-0.604925,0.191603,-0.695683,-17.794764,131.764206,8.428929,0.253423,-0.009612,-0.329713,-0.909381,-12.99579,115.152893,-9.135525,0.278699,0.136657,-0.531577,-0.788085,6.239756,129.776825,-13.673999,-0.089536,0.914856,0.187311,0.346318,-7.125367,130.58017,30.370882,0.34743,0.897114,0.202224,-0.183261,5.305017,131.149612,41.516785,0.022264,0.290455,0.472437,-0.831832,22.346375,117.612267,29.949226,0.091949,0.097181,0.484019,-0.86477,12.361706,137.666718,16.867569,0.041588,0.858952,0.152517,0.487043,-5.90096,87.608818,12.242838,0.13049,0.924215,0.0009,0.358886,-3.119002,53.339291,1.330196,0.008226,0.934257,0.02079,0.355898,-14.400414,8.039037,-3.140363,-0.05358,0.847054,-0.025759,0.528171,3.295627,88.256424,29.279169,0.020079,0.830095,-0.132449,0.541292,5.588366,52.438896,32.894974,-0.022681,0.818593,0.02276,0.573475,-2.699454,7.224697,42.18782,0.008226,0.934257,0.02079,0.355898,-4.737778,2.229075,-14.257041,-0.022681,0.818593,0.02276,0.573475,11.323971,1.861432,37.15974
847,7.058333,-0.050122,0.857506,0.051047,0.509476,-1.285986,87.929153,20.759836,-0.041631,0.854684,0.135845,0.499327,-2.381782,95.789948,21.049517,-0.023132,0.860607,0.084424,0.50169,-6.280281,113.878967,24.643028,0.111,0.929677,-0.064812,0.345224,-9.104088,136.20816,27.4119,0.113533,0.961138,-0.205431,0.145337,-4.118344,150.342667,25.29422,-0.054592,0.830167,0.130116,0.539363,-10.943281,130.918533,23.679935,0.336952,-0.605692,0.19073,-0.695142,-17.829472,131.7491,8.482553,0.252787,-0.010349,-0.33059,-0.909231,-13.059823,115.153084,-9.104349,0.278142,0.135956,-0.532305,-0.787912,6.146113,129.804626,-13.676203,-0.089569,0.915315,0.188538,0.344426,-7.105029,130.570801,30.398596,0.345993,0.89727,0.202533,-0.184868,5.368827,131.14035,41.495819,0.021309,0.289281,0.471436,-0.832833,22.43012,117.682709,29.86482,0.091235,0.09594,0.482673,-0.865736,12.361919,137.732574,16.844315,0.041659,0.859262,0.152629,0.486455,-5.894751,87.60038,12.247521,0.13042,0.924227,0.000819,0.358879,-3.120707,53.333748,1.323756,0.008239,0.934304,0.021017,0.355762,-14.39898,8.031774,-3.137286,-0.053248,0.847297,-0.026039,0.527801,3.322779,88.257927,29.272152,0.020052,0.830156,-0.13248,0.541191,5.586237,52.438892,32.891487,-0.022646,0.818627,0.022761,0.573428,-2.699888,7.225365,42.189152,0.008239,0.934304,0.021017,0.355762,-4.738667,2.228019,-14.259221,-0.022646,0.818627,0.022761,0.573428,11.322653,1.861532,37.15921
848,7.066667,-0.049824,0.857896,0.051133,0.508839,-1.2908,87.937447,20.75351,-0.041396,0.855258,0.135784,0.498381,-2.383029,95.798569,21.047592,-0.022914,0.861209,0.08512,0.500549,-6.26552,113.873482,24.644888,0.110795,0.930154,-0.064318,0.344096,-9.092887,136.197784,27.44939,0.112753,0.961627,-0.204133,0.144535,-4.121766,150.338013,25.33544,-0.054355,0.830694,0.130872,0.538391,-10.939346,130.911972,23.715614,0.337145,-0.606601,0.190199,-0.694401,-17.86141,131.757538,8.535358,0.252206,-0.011312,-0.331076,-0.909204,-13.136092,115.165794,-9.067537,0.277356,0.134944,-0.533253,-0.787721,6.054531,129.82814,-13.679409,-0.089566,0.915825,0.189904,0.342315,-7.083207,130.557648,30.423683,0.344473,0.897562,0.202152,-0.186695,5.439096,131.126266,41.46627,0.019677,0.288063,0.470256,-0.833961,22.51866,117.745636,29.77339,0.09008,0.095001,0.481547,-0.866587,12.355423,137.799667,16.82856,0.041475,0.859443,0.152685,0.486132,-5.912715,87.613457,12.248139,0.130344,0.924268,0.000876,0.358802,-3.129388,53.346939,1.326378,0.00792,0.934352,0.020712,0.355661,-14.399618,8.043101,-3.136104,-0.05321,0.847292,-0.026169,0.527807,3.331115,88.261429,29.258877,0.019987,0.830057,-0.132518,0.541336,5.587215,52.442585,32.884701,-0.022665,0.818566,0.022824,0.573512,-2.697445,7.229763,42.187088,0.00792,0.934352,0.020712,0.355661,-4.73946,2.23421,-14.255497,-0.022665,0.818566,0.022824,0.573512,11.326674,1.867786,37.15955
849,7.075,-0.050155,0.858201,0.051431,0.508262,-1.270921,87.935616,20.746435,-0.041395,0.855738,0.136125,0.497462,-2.369837,95.795731,21.042614,-0.022622,0.86178,0.085666,0.499484,-6.255077,113.868736,24.6551,0.111195,0.930506,-0.063753,0.343118,-9.079847,136.189407,27.490858,0.111256,0.962202,-0.202839,0.143686,-4.106987,150.330978,25.390005,-0.054303,0.831245,0.131226,0.53746,-10.934529,130.907303,23.755936,0.337572,-0.607616,0.189374,-0.693531,-17.890257,131.7556,8.59123,0.251884,-0.012258,-0.331689,-0.909058,-13.210276,115.170547,-9.030071,0.276856,0.134144,-0.534103,-0.787458,5.960587,129.847351,-13.686846,-0.08994,0.91623,0.190891,0.340578,-7.061692,130.546448,30.454027,0.343268,0.897614,0.202403,-0.188386,5.498004,131.127548,41.453407,0.018514,0.286887,0.469362,-0.834897,22.587158,117.81852,29.693014,0.088921,0.094149,0.480661,-0.867292,12.345949,137.87381,16.815252,0.041647,0.859785,0.152802,0.485476,-5.903575,87.608192,12.247043,0.13032,0.924207,0.000672,0.358967,-3.135054,53.345276,1.310218,0.007862,0.934266,0.020918,0.355876,-14.409319,8.040825,-3.135837,-0.052954,0.847532,-0.026454,0.527433,3.361732,88.263031,29.245827,0.020012,0.830079,-0.132634,0.541272,5.593019,52.443321,32.878349,-0.022899,0.818572,0.022885,0.573491,-2.698664,7.233468,42.188896,0.007862,0.934266,0.020918,0.355876,-4.742529,2.238109,-14.252692,-0.022899,0.818572,0.022885,0.573491,11.327722,1.877008,37.161808
850,7.083333,-0.05013,0.858573,0.051678,0.507612,-1.266138,87.936905,20.734566,-0.041153,0.856241,0.136434,0.496531,-2.366483,95.796646,21.035143,-0.022346,0.862355,0.086022,0.498443,-6.244675,113.862419,24.665203,0.110779,0.9311,-0.062431,0.341881,-9.06325,136.180878,27.524429,0.111096,0.962547,-0.202248,0.142324,-4.118971,150.335938,25.44706,-0.054057,0.831824,0.131802,0.536446,-10.926839,130.901474,23.790096,0.338409,-0.608454,0.188568,-0.692607,-17.91983,131.761414,8.643195,0.251949,-0.013304,-0.332301,-0.908802,-13.275069,115.173492,-8.984714,0.276402,0.133272,-0.53524,-0.786994,5.872914,129.859268,-13.696342,-0.09001,0.91671,0.191998,0.338641,-7.037717,130.535797,30.478483,0.342891,0.897116,0.204017,-0.189698,5.565518,131.1203,41.427769,0.017641,0.285102,0.469077,-0.835687,22.642988,117.864586,29.590446,0.087336,0.093203,0.479491,-0.868202,12.336093,137.938995,16.801374,0.041687,0.85999,0.152853,0.485093,-5.911632,87.61132,12.242115,0.130205,0.92428,0.000628,0.358822,-3.148694,53.349789,1.299559,0.008124,0.934211,0.021081,0.356005,-14.415334,8.042521,-3.137032,-0.052894,0.847636,-0.026674,0.527261,3.379355,88.262489,29.227018,0.020061,0.830128,-0.132698,0.54118,5.599317,52.443157,32.870293,-0.023902,0.818459,0.022356,0.573632,-2.698404,7.235083,42.184101,0.008124,0.934211,0.021081,0.356005,-4.74774,2.241582,-14.254114,-0.023902,0.818459,0.022356,0.573632,11.335681,1.883065,37.173798
851,7.091667,-0.049904,0.85892,0.051733,0.50704,-1.267846,87.934021,20.724508,-0.04073,0.856749,0.136685,0.49562,-2.365352,95.794037,21.028389,-0.022287,0.862907,0.08639,0.497426,-6.22953,113.853096,24.677347,0.110461,0.931557,-0.061702,0.340871,-9.050714,136.168808,27.555502,0.110656,0.96292,-0.201287,0.141508,-4.125822,150.332062,25.488037,-0.05356,0.83249,0.131584,0.535516,-10.920809,130.890686,23.822599,0.338772,-0.60921,0.188083,-0.691897,-17.948896,131.755249,8.692215,0.251615,-0.014378,-0.332979,-0.90863,-13.340487,115.166962,-8.944887,0.27604,0.132166,-0.536121,-0.786707,5.781856,129.865601,-13.706812,-0.08985,0.917071,0.192836,0.337227,-7.015953,130.522919,30.501699,0.341879,0.89717,0.203799,-0.191494,5.620174,131.103241,41.413231,0.016135,0.284096,0.468402,-0.836438,22.698044,117.907333,29.509851,0.085965,0.091964,0.478292,-0.869131,12.327732,137.995667,16.789368,0.041737,0.860208,0.152967,0.484666,-5.92501,87.611824,12.238321,0.129922,0.924165,0.000494,0.359222,-3.16653,53.353111,1.28581,0.008105,0.934273,0.021045,0.355846,-14.411741,8.038923,-3.13444,-0.052951,0.847743,-0.026804,0.527077,3.389317,88.256226,29.210695,0.020149,0.830314,-0.132834,0.540858,5.60858,52.437828,32.863571,-0.02293,0.818559,0.022741,0.573514,-2.699251,7.233489,42.18647,0.008105,0.934273,0.021045,0.355846,-4.747822,2.237285,-14.254354,-0.02293,0.818559,0.022741,0.573514,11.326815,1.874045,37.161663
852,7.1,-0.04972,0.85928,0.051809,0.50644,-1.268272,87.928192,20.714457,-0.04053,0.857219,0.13696,0.494748,-2.363674,95.788368,21.021635,-0.022154,0.86344,0.086669,0.496458,-6.222954,113.846062,24.68714,0.110304,0.931993,-0.061063,0.339844,-9.041926,136.159851,27.582264,0.110224,0.963307,-0.200316,0.140583,-4.131227,150.329346,25.523863,-0.053392,0.832852,0.13226,0.534804,-10.919363,130.883163,23.85103,0.33909,-0.610057,0.187899,-0.691044,-17.973522,131.760712,8.733532,0.251302,-0.015468,-0.333471,-0.908518,-13.412601,115.162865,-8.906913,0.275604,0.131141,-0.536837,-0.786544,5.692269,129.868591,-13.718457,-0.089599,0.917497,0.193675,0.33565,-6.999509,130.512955,30.521202,0.340991,0.897171,0.203828,-0.193038,5.673562,131.087585,41.390106,0.014955,0.282847,0.467793,-0.837224,22.75206,117.94677,29.426838,0.084692,0.090333,0.477455,-0.869887,12.314604,138.047668,16.777212,0.041546,0.860692,0.153216,0.483744,-5.937573,87.608864,12.234836,0.129781,0.924207,0.000405,0.359162,-3.170194,53.354488,1.271001,0.007938,0.934332,0.020944,0.3557,-14.406729,8.036876,-3.136149,-0.052964,0.847952,-0.026954,0.52673,3.401028,88.247528,29.19408,0.020215,0.830399,-0.132969,0.540692,5.616884,52.429806,32.855698,-0.02315,0.818627,0.022551,0.573415,-2.70102,7.22906,42.18708,0.007938,0.934332,0.020944,0.3557,-4.744818,2.234195,-14.257261,-0.02315,0.818627,0.022551,0.573415,11.324705,1.868775,37.162228
853,7.108333,-0.049562,0.859661,0.051902,0.505799,-1.267229,87.923416,20.704021,-0.040563,0.857695,0.137258,0.493836,-2.360988,95.783699,21.014547,-0.02191,0.864006,0.086998,0.495424,-6.223286,113.839981,24.693285,0.109724,0.932447,-0.060938,0.338807,-9.036604,136.151657,27.610073,0.110205,0.963637,-0.199102,0.140064,-4.146764,150.326996,25.542212,-0.052959,0.833455,0.132054,0.533956,-10.922696,130.877365,23.879845,0.339703,-0.610842,0.187304,-0.690211,-18.008657,131.758469,8.777435,0.251313,-0.016488,-0.333884,-0.908345,-13.484006,115.157021,-8.86897,0.27524,0.130174,-0.537678,-0.786257,5.605217,129.865433,-13.731103,-0.089567,0.917888,0.194324,0.334212,-6.986793,130.50293,30.540323,0.340548,0.897022,0.203868,-0.194467,5.718654,131.079819,41.371243,0.01406,0.281609,0.467546,-0.837795,22.784742,117.975807,29.350025,0.083588,0.088657,0.477039,-0.870395,12.299838,138.092285,16.768717,0.041454,0.861115,0.153451,0.482925,-5.949392,87.606613,12.2314,0.129642,0.924235,0.000286,0.359141,-3.178443,53.356888,1.253958,0.008135,0.934308,0.020986,0.355756,-14.407272,8.035874,-3.137897,-0.052909,0.848247,-0.027157,0.526251,3.414933,88.240227,29.176643,0.020188,0.830351,-0.133079,0.54074,5.621747,52.422886,32.847374,-0.022911,0.818649,0.022704,0.573387,-2.700137,7.224783,42.187962,0.008135,0.934308,0.020986,0.355756,-4.746079,2.232322,-14.259177,-0.022911,0.818649,0.022704,0.573387,11.323985,1.864082,37.159081
854,7.116667,-0.049595,0.860043,0.052139,0.505122,-1.262101,87.926277,20.693386,-0.040374,0.858161,0.137674,0.492926,-2.357965,95.78611,21.007738,-0.021843,0.864534,0.08725,0.494461,-6.217027,113.834778,24.706421,0.110214,0.932643,-0.06103,0.338091,-9.030115,136.144592,27.637621,0.108953,0.964107,-0.19775,0.139721,-4.12877,150.315643,25.56761,-0.052861,0.833932,0.132307,0.533159,-10.922976,130.871124,23.909632,0.340521,-0.611787,0.186422,-0.689209,-18.037701,131.755127,8.820921,0.251235,-0.017541,-0.334308,-0.908192,-13.553765,115.152382,-8.834653,0.274487,0.129249,-0.538211,-0.786308,5.517888,129.862732,-13.747123,-0.08948,0.918306,0.194876,0.332763,-6.97226,130.495361,30.56126,0.340427,0.896475,0.205627,-0.195342,5.766,131.074127,41.353466,0.014117,0.279708,0.467527,-0.838441,22.819309,118.010368,29.270479,0.082801,0.087115,0.47709,-0.870598,12.281975,138.134918,16.765606,0.04141,0.861508,0.153548,0.482195,-5.957456,87.610199,12.228042,0.129504,0.924316,0.000237,0.358982,-3.189622,53.36237,1.243905,0.00776,0.934336,0.020914,0.355694,-14.409116,8.037991,-3.137076,-0.052745,0.848301,-0.027385,0.526169,3.433253,88.242363,29.15873,0.020141,0.830232,-0.13317,0.540903,5.621754,52.424667,32.836914,-0.023842,0.818707,0.021843,0.5733,-2.702832,7.228655,42.185226,0.00776,0.934336,0.020914,0.355694,-4.745496,2.236278,-14.257208,-0.023842,0.818707,0.021843,0.5733,11.32354,1.863034,37.167889
855,7.125,-0.049598,0.860432,0.052436,0.504428,-1.2579,87.928322,20.68153,-0.040135,0.858607,0.137841,0.49212,-2.355905,95.787659,21.000797,-0.021568,0.865008,0.087576,0.493586,-6.206214,113.832321,24.712238,0.109921,0.933134,-0.059618,0.33708,-9.012794,136.140091,27.665121,0.108947,0.964289,-0.197732,0.138489,-4.136509,150.324005,25.624144,-0.053097,0.834502,0.13259,0.532172,-10.913388,130.869339,23.937237,0.340172,-0.612489,0.186619,-0.688705,-18.062412,131.746414,8.864342,0.250338,-0.018816,-0.334786,-0.908238,-13.624424,115.140381,-8.799754,0.273832,0.128094,-0.538825,-0.786305,5.431913,129.859955,-13.761057,-0.089564,0.918537,0.195195,0.331915,-6.949097,130.488724,30.580509,0.340534,0.895932,0.206701,-0.196512,5.807487,131.072754,41.350769,0.013958,0.278209,0.467769,-0.838807,22.834631,118.035675,29.202223,0.08222,0.085748,0.476818,-0.870937,12.2687,138.177139,16.764536,0.041351,0.861906,0.153648,0.481457,-5.966839,87.614029,12.223665,0.129453,0.924308,0.000122,0.359021,-3.201229,53.368057,1.233198,0.00764,0.934285,0.021004,0.355825,-14.420061,8.042446,-3.136649,-0.052616,0.848475,-0.027694,0.525886,3.451038,88.242607,29.139393,0.020122,0.830234,-0.133284,0.540871,5.62111,52.425159,32.830875,-0.024046,0.81863,0.022534,0.573375,-2.707457,7.231924,42.189098,0.00764,0.934285,0.021004,0.355825,-4.751589,2.244392,-14.254472,-0.024046,0.81863,0.022534,0.573375,11.325893,1.886663,37.169521
856,7.133333,-0.049631,0.860807,0.052718,0.503755,-1.255468,87.929985,20.669559,-0.039713,0.859033,0.13815,0.491325,-2.355913,95.788795,20.993248,-0.021658,0.865431,0.087795,0.492801,-6.194087,113.828209,24.72522,0.109807,0.933486,-0.058955,0.336259,-9.006399,136.134064,27.687138,0.108722,0.964569,-0.197057,0.13768,-4.142527,150.323898,25.657818,-0.052941,0.83501,0.132914,0.53131,-10.910995,130.863052,23.96166,0.34065,-0.613211,0.186353,-0.687897,-18.091209,131.745514,8.903917,0.249946,-0.020053,-0.335258,-0.908145,-13.691966,115.129349,-8.760336,0.27297,0.127099,-0.539142,-0.786549,5.344716,129.852295,-13.775691,-0.089317,0.918864,0.195635,0.330816,-6.934772,130.483185,30.597839,0.340453,0.895629,0.206959,-0.19776,5.847634,131.062897,41.337662,0.013299,0.27682,0.467918,-0.839194,22.853231,118.049667,29.133493,0.081614,0.084219,0.476812,-0.871147,12.255764,138.215179,16.767931,0.041504,0.862573,0.153239,0.480379,-5.97747,87.616837,12.218942,0.129155,0.924639,0.00053,0.358275,-3.249446,53.362732,1.244424,0.00732,0.93419,0.021444,0.356056,-14.432743,8.029917,-3.141729,-0.052538,0.848537,-0.027914,0.525781,3.466535,88.243126,29.120176,0.020034,0.829931,-0.133359,0.541322,5.623967,52.425968,32.821911,-0.025112,0.818693,0.021552,0.573277,-2.706557,7.234282,42.185802,0.00732,0.93419,0.021444,0.356056,-4.753293,2.247173,-14.257969,-0.025112,0.818693,0.021552,0.573277,11.329425,1.883505,37.179501
857,7.141667,-0.049576,0.86122,0.052912,0.503033,-1.25626,87.931046,20.655743,-0.039563,0.859417,0.138439,0.490582,-2.357224,95.789627,20.983437,-0.021498,0.86584,0.088026,0.492048,-6.192235,113.824722,24.730259,0.109382,0.933806,-0.058638,0.335566,-9.000838,136.129059,27.707172,0.108434,0.964814,-0.196261,0.137327,-4.154115,150.324722,25.677637,-0.052719,0.835572,0.132928,0.530443,-10.911587,130.859604,23.982639,0.341531,-0.613883,0.185872,-0.686991,-18.12332,131.743637,8.940056,0.250085,-0.02111,-0.335758,-0.907898,-13.755878,115.114174,-8.719582,0.272603,0.126278,-0.539345,-0.786669,5.261119,129.841446,-13.79003,-0.088881,0.919153,0.195862,0.329994,-6.923766,130.47699,30.611696,0.340707,0.895292,0.206785,-0.199027,5.879367,131.047043,41.327328,0.012384,0.275753,0.468388,-0.839297,22.851664,118.039536,29.070833,0.080787,0.082753,0.476963,-0.871282,12.245681,138.243286,16.771263,0.041392,0.862913,0.153305,0.479756,-5.992458,87.619576,12.213011,0.128965,0.925288,0.000781,0.356664,-3.26314,53.366257,1.236344,0.007178,0.93424,0.021408,0.355931,-14.429548,8.028877,-3.145711,-0.052429,0.848718,-0.028179,0.525485,3.479938,88.242523,29.098475,0.019964,0.829987,-0.133435,0.541219,5.621902,52.42561,32.81152,-0.025041,0.818683,0.021564,0.573294,-2.70586,7.23556,42.185776,0.007178,0.93424,0.021408,0.355931,-4.751618,2.246636,-14.263535,-0.025041,0.818683,0.021564,0.573294,11.329741,1.883854,37.17939
858,7.15,-0.048592,0.861737,0.052548,0.502282,-1.284073,87.927994,20.640034,-0.039331,0.859905,0.138826,0.489636,-2.36845,95.788719,20.971624,-0.021277,0.866408,0.088152,0.491034,-6.198522,113.818741,24.738821,0.109123,0.93416,-0.058331,0.334716,-8.997729,136.122482,27.728886,0.108286,0.965024,-0.195616,0.136887,-4.164091,150.322647,25.6996,-0.052543,0.836041,0.132779,0.529758,-10.917822,130.85434,24.00733,0.342008,-0.614579,0.185462,-0.686241,-18.154446,131.736801,8.976614,0.249962,-0.022152,-0.336063,-0.907794,-13.821668,115.101883,-8.68642,0.272137,0.12503,-0.540135,-0.786488,5.186314,129.830902,-13.805864,-0.088567,0.919501,0.196198,0.328908,-6.914405,130.46936,30.626846,0.341538,0.894809,0.206232,-0.200342,5.914499,131.03421,41.311882,0.01113,0.274715,0.469224,-0.839188,22.832962,118.006065,29.002983,0.079664,0.081763,0.477277,-0.871306,12.236251,138.265366,16.778133,0.04074,0.862724,0.153927,0.479951,-6.036754,87.628136,12.20615,0.129002,0.924879,0.000319,0.35771,-3.242534,53.384747,1.214864,0.007515,0.934318,0.020862,0.35575,-14.42264,8.048216,-3.141038,-0.052672,0.848722,-0.028248,0.525451,3.468609,88.227859,29.073917,0.019888,0.829965,-0.133571,0.541222,5.62291,52.413071,32.800285,-0.025027,0.818722,0.02185,0.573228,-2.705842,7.226148,42.188736,0.007515,0.934318,0.020862,0.35575,-4.755174,2.247543,-14.258366,-0.025027,0.818722,0.02185,0.573228,11.330554,1.881128,37.177448
859,7.158333,-0.04838,0.862141,0.052805,0.501582,-1.280339,87.924217,20.620419,-0.038938,0.860261,0.139046,0.488979,-2.363586,95.784828,20.958097,-0.0214,0.866724,0.088434,0.49042,-6.181218,113.809624,24.741653,0.108715,0.934454,-0.057886,0.334105,-8.9894,136.11087,27.741919,0.108115,0.965227,-0.195024,0.136436,-4.173346,150.317596,25.716722,-0.052583,0.836698,0.132658,0.528747,-10.91148,130.842667,24.021473,0.342374,-0.615269,0.185089,-0.68554,-18.183723,131.716232,9.007432,0.249739,-0.023017,-0.336478,-0.90768,-13.885988,115.077606,-8.660659,0.271799,0.12396,-0.540735,-0.786362,5.108698,129.814713,-13.820633,-0.088437,0.91969,0.196192,0.328417,-6.898818,130.458145,30.635416,0.342652,0.893927,0.207629,-0.200934,5.941657,131.022827,41.306564,0.010903,0.27354,0.470324,-0.838959,22.810835,117.980301,28.94536,0.078245,0.080208,0.477469,-0.871475,12.238609,138.277512,16.7847,0.040612,0.863049,0.153916,0.479382,-6.047045,87.629303,12.194275,0.128833,0.924928,0.000318,0.357645,-3.252578,53.384907,1.206181,0.007523,0.934387,0.020842,0.35557,-14.41861,8.044272,-3.143131,-0.052561,0.848779,-0.028553,0.525354,3.486367,88.219131,29.046562,0.019838,0.830073,-0.133695,0.541028,5.622782,52.404751,32.787151,-0.025127,0.818757,0.021782,0.573176,-2.706183,7.220763,42.189545,0.007523,0.934387,0.020842,0.35557,-4.755541,2.243027,-14.263989,-0.025127,0.818757,0.021782,0.573176,11.330086,1.87581,37.177822
860,7.166667,-0.048308,0.862511,0.052882,0.500944,-1.278949,87.925552,20.606422,-0.038839,0.860623,0.139313,0.488274,-2.361565,95.786148,20.946533,-0.021306,0.867113,0.088679,0.489691,-6.176827,113.804115,24.74254,0.108225,0.93474,-0.057565,0.33352,-8.984203,136.103577,27.756771,0.108039,0.96537,-0.194477,0.136261,-4.186713,150.316589,25.731642,-0.052368,0.837242,0.132809,0.527869,-10.911507,130.836548,24.037357,0.342915,-0.615806,0.184968,-0.684821,-18.215496,131.713943,9.038958,0.249862,-0.024009,-0.336887,-0.907469,-13.948098,115.060516,-8.622542,0.271786,0.123121,-0.540982,-0.786329,5.027835,129.797775,-13.83277,-0.088078,0.919881,0.196144,0.328006,-6.887718,130.450027,30.644421,0.343627,0.89317,0.208563,-0.201668,5.963873,131.007507,41.302555,0.010082,0.272552,0.471275,-0.838757,22.785503,117.951668,28.890711,0.076641,0.079624,0.477841,-0.871467,12.233671,138.293701,16.797644,0.040737,0.863491,0.153588,0.47868,-6.05818,87.631599,12.187344,0.12851,0.925143,0.00063,0.357205,-3.291872,53.380657,1.212535,0.007297,0.934344,0.021062,0.355675,-14.422022,8.032263,-3.147733,-0.05238,0.849105,-0.02891,0.524825,3.500283,88.219505,29.025501,0.019746,0.830189,-0.133708,0.540849,5.614399,52.405231,32.77977,-0.025156,0.818789,0.021672,0.573134,-2.70605,7.221231,42.189621,0.007297,0.934344,0.021062,0.355675,-4.752971,2.239358,-14.267735,-0.025156,0.818789,0.021672,0.573134,11.329311,1.874087,37.177692
861,7.175,-0.048328,0.862907,0.052972,0.50025,-1.272969,87.931824,20.594709,-0.038905,0.860957,0.13955,0.487612,-2.356297,95.792236,20.936758,-0.021077,0.867468,0.089041,0.489006,-6.17395,113.802246,24.740833,0.107766,0.935036,-0.057114,0.332914,-8.977946,136.099243,27.776474,0.107821,0.965494,-0.19422,0.135921,-4.199436,150.319199,25.755161,-0.052056,0.838078,0.132526,0.526643,-10.910833,130.8349,24.056131,0.343426,-0.616354,0.184536,-0.684188,-18.259127,131.709167,9.079209,0.249918,-0.025,-0.337079,-0.907355,-14.017141,115.051247,-8.584181,0.271502,0.121996,-0.541392,-0.786319,4.949647,129.782608,-13.841669,-0.087805,0.920039,0.196017,0.327714,-6.876503,130.443634,30.656481,0.344727,0.892379,0.209473,-0.202345,5.983107,130.99646,41.30518,0.009328,0.271588,0.472313,-0.838495,22.753916,117.921623,28.84466,0.075026,0.079147,0.478594,-0.871238,12.227895,138.309067,16.817692,0.040752,0.863777,0.153662,0.478139,-6.065617,87.637321,12.183282,0.128464,0.925428,0.000688,0.356482,-3.304539,53.388119,1.201715,0.007213,0.934253,0.020956,0.355922,-14.43224,8.038616,-3.153322,-0.052089,0.849513,-0.029329,0.52417,3.519678,88.226326,29.006136,0.019577,0.830203,-0.133634,0.540853,5.60296,52.411617,32.773468,-0.024008,0.818609,0.022269,0.573417,-2.70066,7.225123,42.186218,0.007213,0.934253,0.020956,0.355922,-4.756917,2.243513,-14.266721,-0.024008,0.818609,0.022269,0.573417,11.331242,1.872771,37.170174
862,7.183333,-0.04836,0.86326,0.05322,0.49961,-1.26918,87.938103,20.57522,-0.038577,0.861277,0.139868,0.486981,-2.354649,95.79805,20.921194,-0.021131,0.867776,0.089223,0.488424,-6.163589,113.800606,24.743116,0.107761,0.935242,-0.056413,0.332456,-8.971646,136.096024,27.786537,0.107367,0.965624,-0.194153,0.135455,-4.201516,150.321091,25.781532,-0.051882,0.838702,0.132715,0.525617,-10.907504,130.83168,24.067757,0.344514,-0.616906,0.183963,-0.683297,-18.292444,131.708496,9.109025,0.250301,-0.025824,-0.337442,-0.907092,-14.073624,115.035538,-8.545727,0.271222,0.120957,-0.541876,-0.786243,4.878369,129.767578,-13.850268,-0.087405,0.920135,0.195867,0.327641,-6.864398,130.440659,30.662748,0.34589,0.891601,0.210245,-0.20299,5.999132,130.983597,41.307213,0.008806,0.270495,0.473501,-0.838184,22.717443,117.885254,28.800913,0.074051,0.078469,0.479646,-0.870803,12.219988,138.322525,16.839209,0.040191,0.863918,0.15393,0.477844,-6.074158,87.644478,12.1708,0.128877,0.925391,0.000399,0.35643,-3.272549,53.39793,1.19123,0.00709,0.934188,0.020596,0.356116,-14.445368,8.058387,-3.15191,-0.051898,0.849434,-0.029743,0.524293,3.535799,88.231735,28.979639,0.019438,0.830022,-0.133686,0.541123,5.591194,52.417362,32.76543,-0.025359,0.818713,0.021571,0.573237,-2.707283,7.231656,42.186512,0.00709,0.934188,0.020596,0.356116,-4.765696,2.254516,-14.256939,-0.025359,0.818713,0.021571,0.573237,11.330588,1.885592,37.180473
863,7.191667,-0.048345,0.863606,0.053336,0.499001,-1.265103,87.943474,20.557875,-0.038501,0.861597,0.140169,0.486335,-2.351045,95.803246,20.906326,-0.021002,0.868125,0.089435,0.48777,-6.159531,113.800133,24.741423,0.107847,0.935462,-0.055671,0.331935,-8.964908,136.09407,27.798111,0.10683,0.965754,-0.194173,0.13492,-4.201225,150.323822,25.811083,-0.051785,0.83922,0.133041,0.524718,-10.905917,130.83107,24.080116,0.345127,-0.617467,0.18381,-0.682521,-18.322769,131.711441,9.137384,0.250556,-0.026633,-0.337651,-0.90692,-14.135328,115.022507,-8.509731,0.271296,0.119932,-0.542045,-0.786259,4.806593,129.749924,-13.856645,-0.086986,0.920226,0.195602,0.327656,-6.852841,130.437714,30.668848,0.347759,0.890119,0.213442,-0.202965,6.012818,130.97084,41.311245,0.00943,0.26872,0.475223,-0.837773,22.667749,117.847488,28.746721,0.072953,0.077662,0.480813,-0.870325,12.211349,138.329773,16.858438,0.040902,0.864333,0.153433,0.477193,-6.081893,87.650261,12.160202,0.128152,0.925084,0.000399,0.357486,-3.3502,53.39687,1.184362,0.006767,0.934159,0.021194,0.356164,-14.456359,8.039847,-3.147293,-0.05164,0.849816,-0.03029,0.523668,3.551686,88.236679,28.955545,0.019252,0.830011,-0.133601,0.541168,5.573413,52.422749,32.763569,-0.02529,0.818703,0.021649,0.573252,-2.706839,7.234261,42.187317,0.006767,0.934159,0.021194,0.356164,-4.769277,2.255771,-14.256193,-0.02529,0.818703,0.021649,0.573252,11.331047,1.888917,37.180546
864,7.2,-0.048246,0.863976,0.053406,0.498364,-1.264569,87.945732,20.540159,-0.03854,0.861943,0.140452,0.485636,-2.349438,95.805542,20.891153,-0.020799,0.86852,0.089664,0.487033,-6.160447,113.796028,24.736824,0.107677,0.935678,-0.055424,0.331424,-8.960276,136.088501,27.809322,0.106285,0.965891,-0.193917,0.134741,-4.205432,150.321457,25.824093,-0.051597,0.839754,0.133047,0.52388,-10.907719,130.827362,24.092056,0.345764,-0.617888,0.183524,-0.681895,-18.354584,131.708481,9.164299,0.250779,-0.027393,-0.338007,-0.906703,-14.187563,115.008255,-8.47698,0.271101,0.11932,-0.542859,-0.785857,4.738956,129.737091,-13.865131,-0.086758,0.920347,0.195645,0.32735,-6.84338,130.430695,30.673647,0.349553,0.889171,0.213829,-0.203631,6.030308,130.958694,41.306591,0.008986,0.267586,0.476891,-0.837193,22.61021,117.783844,28.696806,0.072084,0.076626,0.481859,-0.869911,12.205689,138.328583,16.877203,0.040735,0.864823,0.153442,0.476317,-6.09386,87.653854,12.14962,0.127971,0.92543,0.000512,0.356655,-3.36256,53.399677,1.176138,0.006861,0.934152,0.021228,0.356177,-14.45339,8.038306,-3.149283,-0.051324,0.850232,-0.030915,0.522988,3.564722,88.23761,28.930696,0.018948,0.830218,-0.133416,0.540906,5.546522,52.424095,32.763527,-0.02457,0.818747,0.022067,0.573204,-2.697681,7.229865,42.191334,0.006861,0.934152,0.021228,0.356177,-4.766895,2.25421,-14.258689,-0.02457,0.818747,0.022067,0.573204,11.335546,1.882216,37.173958
865,7.208333,-0.048013,0.864325,0.053379,0.497782,-1.267124,87.943687,20.520052,-0.038515,0.862242,0.140796,0.485008,-2.348365,95.803902,20.873264,-0.020792,0.868854,0.089821,0.486408,-6.162019,113.791061,24.733082,0.10712,0.935893,-0.055702,0.330949,-8.962801,136.082275,27.813839,0.106121,0.966044,-0.193192,0.134809,-4.222376,150.317749,25.812286,-0.051254,0.84029,0.132892,0.523092,-10.914262,130.821365,24.098328,0.346275,-0.618373,0.183341,-0.681245,-18.389835,131.704956,9.185081,0.25079,-0.028102,-0.338218,-0.9066,-14.249092,114.99295,-8.451215,0.27085,0.118257,-0.543134,-0.785914,4.667598,129.720016,-13.873405,-0.086022,0.920441,0.195437,0.327404,-6.840494,130.424423,30.67407,0.350411,0.888974,0.212254,-0.204658,6.036248,130.931976,41.304306,0.007679,0.267278,0.477889,-0.836735,22.565901,117.717865,28.669674,0.071274,0.075673,0.483197,-0.869318,12.197896,138.321274,16.896757,0.040449,0.865193,0.153413,0.475678,-6.108067,87.654526,12.136141,0.127837,0.925352,0.000544,0.356904,-3.368072,53.398026,1.172068,0.006903,0.934221,0.021238,0.355995,-14.445251,8.033442,-3.154547,-0.051183,0.85044,-0.031392,0.522635,3.573819,88.232857,28.903965,0.018794,0.830365,-0.133352,0.540702,5.530498,52.420437,32.759869,-0.023981,0.818748,0.022427,0.573214,-2.69623,7.224062,42.192688,0.006903,0.934221,0.021238,0.355995,-4.763465,2.249267,-14.268011,-0.023981,0.818748,0.022427,0.573214,11.333915,1.875053,37.168156
866,7.216667,-0.047899,0.864672,0.053319,0.497197,-1.268681,87.94516,20.502222,-0.03855,0.862486,0.141211,0.484449,-2.347639,95.805649,20.856255,-0.020627,0.869147,0.089903,0.485876,-6.166757,113.785362,24.730349,0.106951,0.936083,-0.055484,0.330502,-8.960934,136.076218,27.819675,0.105659,0.966186,-0.192937,0.134521,-4.228803,150.314651,25.819578,-0.050936,0.840814,0.132862,0.522289,-10.917669,130.816406,24.105394,0.346771,-0.618725,0.183308,-0.680681,-18.422403,131.703949,9.207029,0.25096,-0.028769,-0.338531,-0.906415,-14.302551,114.976967,-8.419961,0.270872,0.117517,-0.543541,-0.785736,4.603084,129.707367,-13.878633,-0.085211,0.920518,0.195064,0.327621,-6.835772,130.41745,30.675972,0.351805,0.888146,0.212943,-0.205146,6.040852,130.902969,41.307381,0.007066,0.266511,0.47938,-0.836132,22.512363,117.654205,28.63316,0.070205,0.074914,0.484144,-0.868944,12.197199,138.315765,16.916656,0.04045,0.86551,0.153271,0.475146,-6.121128,87.65641,12.124947,0.127632,0.925289,0.000603,0.35714,-3.392855,53.396774,1.167769,0.006704,0.934196,0.02123,0.356066,-14.449533,8.027294,-3.159992,-0.050971,0.850724,-0.031847,0.522165,3.583766,88.233917,28.879496,0.018717,0.830409,-0.133307,0.540648,5.512426,52.422016,32.754284,-0.024038,0.818679,0.022278,0.573315,-2.705457,7.224259,42.188179,0.006704,0.934196,0.02123,0.356066,-4.763891,2.2449,-14.271026,-0.024038,0.818679,0.022278,0.573315,11.325531,1.8726,37.168827
867,7.225,-0.047895,0.865044,0.053541,0.496526,-1.262529,87.949059,20.480364,-0.038608,0.862754,0.141551,0.483868,-2.342905,95.809166,20.838305,-0.020316,0.869452,0.090114,0.485305,-6.166818,113.782455,24.724028,0.107124,0.936285,-0.0547,0.330005,-8.951372,136.072159,27.830311,0.104884,0.966311,-0.193187,0.133869,-4.223586,150.314865,25.850414,-0.050653,0.841473,0.132658,0.521305,-10.914416,130.815033,24.115572,0.347115,-0.61918,0.183148,-0.680135,-18.454418,131.701477,9.234961,0.251016,-0.029403,-0.338792,-0.906282,-14.3594,114.966545,-8.390284,0.270814,0.116915,-0.543977,-0.785544,4.536496,129.699066,-13.8814,-0.08488,0.920545,0.19488,0.327742,-6.823729,130.411179,30.680386,0.353902,0.886813,0.214918,-0.205246,6.052144,130.887817,41.31311,0.006821,0.265405,0.481297,-0.835384,22.448706,117.591545,28.591549,0.068764,0.074637,0.484865,-0.868681,12.201947,138.314194,16.942589,0.040327,0.865917,0.153023,0.474495,-6.127891,87.661461,12.110542,0.127531,0.92531,0.0007,0.357124,-3.408827,53.395618,1.170489,0.006577,0.934177,0.021333,0.35611,-14.453727,8.023736,-3.162112,-0.05074,0.851025,-0.032526,0.521656,3.602833,88.236649,28.850185,0.018569,0.830394,-0.133179,0.540707,5.494038,52.426208,32.756813,-0.023961,0.818668,0.022335,0.573332,-2.706438,7.224709,42.187943,0.006577,0.934177,0.021333,0.35611,-4.765164,2.24547,-14.272745,-0.023961,0.818668,0.022335,0.573332,11.324403,1.873137,37.168087
868,7.233333,-0.04802,0.865357,0.053691,0.495952,-1.258371,87.954292,20.461294,-0.038662,0.862977,0.141833,0.483383,-2.341398,95.813957,20.821016,-0.02009,0.869696,0.090335,0.484835,-6.169523,113.782188,24.716393,0.106752,0.936464,-0.054356,0.329674,-8.948325,136.070496,27.837797,0.104418,0.966385,-0.193141,0.133767,-4.235113,150.318542,25.861553,-0.050422,0.841942,0.132858,0.520518,-10.916014,130.815582,24.122385,0.347341,-0.61954,0.183273,-0.679658,-18.484169,131.707733,9.256413,0.250893,-0.030118,-0.338966,-0.906227,-14.413391,114.959869,-8.362152,0.270445,0.116412,-0.544165,-0.785616,4.474461,129.690475,-13.885106,-0.084267,0.920624,0.19458,0.327855,-6.818129,130.407761,30.682459,0.355823,0.885319,0.218297,-0.20481,6.058735,130.868286,41.31469,0.006836,0.264021,0.483124,-0.834768,22.396885,117.543747,28.547642,0.067169,0.074624,0.48558,-0.868408,12.209631,138.317535,16.973019,0.040327,0.866248,0.152822,0.473956,-6.134533,87.665161,12.097814,0.127421,0.925329,0.000691,0.357114,-3.429266,53.39489,1.168231,0.00744,0.934084,0.022049,0.356295,-14.465089,8.020359,-3.159775,-0.050438,0.851046,-0.033074,0.521616,3.617791,88.243423,28.824774,0.018324,0.830285,-0.133055,0.540913,5.469944,52.433372,32.753555,-0.024838,0.818716,0.022061,0.573237,-2.70761,7.227942,42.185726,0.00744,0.934084,0.022049,0.356295,-4.778671,2.253039,-14.277965,-0.024838,0.818716,0.022061,0.573237,11.328453,1.884807,37.171478
869,7.241667,-0.048008,0.865677,0.053715,0.495393,-1.25717,87.959518,20.44426,-0.03872,0.863196,0.142094,0.482911,-2.339989,95.81916,20.805101,-0.019964,0.869931,0.090477,0.484393,-6.171708,113.780663,24.708927,0.106491,0.93669,-0.053824,0.329202,-8.947067,136.068039,27.840063,0.104186,0.966471,-0.19319,0.133251,-4.247647,150.321884,25.872904,-0.050158,0.842402,0.133102,0.519737,-10.918621,130.814285,24.125048,0.347764,-0.619884,0.183269,-0.67913,-18.514824,131.713867,9.273836,0.250843,-0.030706,-0.339232,-0.906122,-14.464985,114.952087,-8.336331,0.270094,0.115921,-0.544256,-0.785746,4.412018,129.68541,-13.887703,-0.083593,0.920743,0.194284,0.327869,-6.814019,130.404404,30.68079,0.357402,0.884401,0.219244,-0.205013,6.066316,130.847687,41.309551,0.005637,0.263258,0.48464,-0.834139,22.344879,117.482147,28.509277,0.065298,0.074902,0.486914,-0.867779,12.212374,138.322968,17.005325,0.040382,0.866657,0.152496,0.473307,-6.144092,87.66993,12.087079,0.127194,0.925066,0.000704,0.357875,-3.461714,53.392792,1.173361,0.007363,0.934023,0.022404,0.356433,-14.474228,8.012837,-3.157203,-0.050119,0.851197,-0.033668,0.521362,3.629753,88.249107,28.801441,0.01807,0.830152,-0.132916,0.54116,5.441146,52.439594,32.754128,-0.025313,0.818659,0.021873,0.573305,-2.712382,7.229823,42.186295,0.007363,0.934023,0.022404,0.356433,-4.782104,2.256065,-14.275887,-0.025313,0.818659,0.021873,0.573305,11.327716,1.890327,37.179474
870,7.25,-0.048398,0.86591,0.053972,0.494919,-1.241489,87.956848,20.424589,-0.03905,0.863404,0.142388,0.482426,-2.331459,95.815453,20.786461,-0.019619,0.870205,0.090804,0.483853,-6.177888,113.777397,24.696629,0.105787,0.936954,-0.053747,0.328691,-8.944816,136.062698,27.849823,0.103997,0.966545,-0.193042,0.133078,-4.267282,150.322632,25.87446,-0.050039,0.842813,0.133172,0.519064,-10.922165,130.812424,24.132971,0.347992,-0.620238,0.183237,-0.678698,-18.54211,131.712891,9.293983,0.250717,-0.031237,-0.339545,-0.906021,-14.513336,114.943054,-8.313331,0.269959,0.115404,-0.544388,-0.785777,4.351969,129.682556,-13.890052,-0.082744,0.920854,0.193754,0.328086,-6.809256,130.396301,30.683113,0.359266,0.883177,0.22089,-0.205263,6.071028,130.818176,41.312798,0.004456,0.262451,0.486492,-0.833322,22.278664,117.412399,28.464699,0.06319,0.07532,0.487838,-0.86738,12.21984,138.323502,17.03878,0.039753,0.866858,0.15282,0.472889,-6.136772,87.662476,12.072472,0.127784,0.924834,0.000884,0.358263,-3.409194,53.38884,1.158971,0.007171,0.933864,0.021797,0.356891,-14.464046,8.023024,-3.211672,-0.049619,0.851155,-0.034318,0.521436,3.653794,88.251213,28.776709,0.017678,0.829953,-0.132753,0.541518,5.40976,52.441299,32.750668,-0.02499,0.818701,0.02216,0.573247,-2.709176,7.226169,42.187,0.007171,0.933864,0.021797,0.356891,-4.761733,2.251186,-14.31364,-0.02499,0.818701,0.02216,0.573247,11.32899,1.88805,37.173302
871,7.258333,-0.048312,0.866191,0.054002,0.494432,-1.244725,87.955673,20.402786,-0.039096,0.863608,0.14273,0.481956,-2.333544,95.814362,20.766365,-0.019425,0.870455,0.090888,0.483394,-6.185471,113.772621,24.688606,0.105387,0.937142,-0.053709,0.328291,-8.944914,136.057571,27.85084,0.103722,0.966655,-0.192734,0.132938,-4.280197,150.320938,25.870014,-0.049715,0.843196,0.133102,0.518491,-10.927237,130.80867,24.134701,0.348047,-0.620523,0.183487,-0.678341,-18.568117,131.713882,9.30677,0.250457,-0.031746,-0.339858,-0.905958,-14.561308,114.932312,-8.294381,0.269785,0.114843,-0.544715,-0.785693,4.293786,129.680283,-13.893742,-0.082269,0.9209,0.193553,0.328197,-6.807332,130.389999,30.680281,0.360901,0.882261,0.221768,-0.205391,6.073138,130.798874,41.310249,0.003273,0.261825,0.487968,-0.832661,22.220144,117.348526,28.432421,0.061179,0.075632,0.488857,-0.866923,12.219331,138.321381,17.072676,0.040332,0.86711,0.152254,0.47256,-6.149498,87.66227,12.056203,0.126979,0.925255,0.0007,0.357461,-3.481825,53.379524,1.156512,0.006746,0.934017,0.022661,0.356444,-14.478116,7.994455,-3.161572,-0.049355,0.8514,-0.03502,0.521014,3.660049,88.249077,28.749371,0.017394,0.830039,-0.132526,0.541452,5.375321,52.440788,32.755623,-0.024958,0.818756,0.02227,0.573167,-2.709262,7.219064,42.18985,0.006746,0.934017,0.022661,0.356444,-4.777704,2.251073,-14.279948,-0.024958,0.818756,0.02227,0.573167,11.328294,1.883059,37.172199
872,7.266667,-0.048174,0.866496,0.053999,0.49391,-1.245729,87.956825,20.38159,-0.039349,0.863804,0.143044,0.48149,-2.332414,95.815727,20.746876,-0.019228,0.870704,0.091082,0.482917,-6.195254,113.766289,24.675653,0.104946,0.937311,-0.054315,0.327849,-8.949417,136.049988,27.851307,0.103547,0.966798,-0.192102,0.132954,-4.292868,150.312668,25.846544,-0.049467,0.843584,0.132884,0.517939,-10.936289,130.802963,24.134941,0.348602,-0.620988,0.182945,-0.677777,-18.597134,131.708267,9.317324,0.250703,-0.031855,-0.340045,-0.905816,-14.609005,114.924957,-8.286412,0.269794,0.114436,-0.545183,-0.785424,4.239647,129.677292,-13.896855,-0.081622,0.920935,0.193248,0.328439,-6.809134,130.380936,30.675735,0.36224,0.881489,0.222381,-0.205685,6.069583,130.771774,41.308506,0.001907,0.261224,0.489348,-0.832044,22.162899,117.286392,28.400146,0.059299,0.075755,0.490176,-0.866298,12.2166,138.319504,17.110104,0.0403,0.867278,0.15207,0.472313,-6.160754,87.664871,12.04099,0.126767,0.925198,0.000798,0.357684,-3.500517,53.377903,1.152805,0.005768,0.934057,0.022069,0.356395,-14.474413,7.987797,-3.169343,-0.049097,0.851701,-0.035785,0.520494,3.669296,88.248772,28.722191,0.017226,0.830332,-0.132255,0.541074,5.342387,52.442558,32.764675,-0.024136,0.818675,0.022577,0.573306,-2.711113,7.21356,42.190617,0.005768,0.934057,0.022069,0.356395,-4.766829,2.238018,-14.278152,-0.024136,0.818675,0.022577,0.573306,11.322475,1.870886,37.168961
873,7.275,-0.04776,0.866714,0.053724,0.493598,-1.256656,87.960121,20.364206,-0.039606,0.86396,0.14331,0.48111,-2.33538,95.820129,20.729374,-0.018849,0.870949,0.091217,0.482465,-6.208905,113.763985,24.662872,0.104623,0.937533,-0.05409,0.327353,-8.949422,136.047226,27.853554,0.103344,0.966886,-0.192047,0.132548,-4.305617,150.314041,25.848658,-0.049371,0.843868,0.132916,0.517477,-10.942766,130.803116,24.136545,0.348729,-0.621337,0.182871,-0.677412,-18.619907,131.709167,9.327404,0.250521,-0.032175,-0.340209,-0.905794,-14.651765,114.921738,-8.276918,0.269527,0.114021,-0.54543,-0.785405,4.189561,129.676682,-13.900328,-0.081176,0.920972,0.193024,0.328578,-6.808621,130.375687,30.672573,0.363644,0.880744,0.222712,-0.206041,6.069468,130.754486,41.306545,0.000765,0.26053,0.490715,-0.831458,22.105354,117.228737,28.368967,0.057767,0.07554,0.491283,-0.865793,12.209612,138.321304,17.145502,0.040181,0.867402,0.151927,0.472141,-6.178423,87.671967,12.027449,0.12658,0.925243,0.000872,0.357634,-3.517853,53.381168,1.1514,0.005786,0.934084,0.022032,0.356325,-14.473574,7.986629,-3.170292,-0.048905,0.851975,-0.036313,0.520027,3.665111,88.248283,28.700966,0.016925,0.830324,-0.132047,0.541147,5.308728,52.443459,32.76778,-0.024002,0.81872,0.022636,0.573244,-2.711673,7.208344,42.192585,0.005786,0.934084,0.022032,0.356325,-4.768,2.235662,-14.280245,-0.024002,0.81872,0.022636,0.573244,11.320296,1.864775,37.167351
874,7.283333,-0.048001,0.866922,0.053815,0.493201,-1.247204,87.958145,20.344906,-0.039717,0.864117,0.143592,0.480735,-2.329785,95.817627,20.709919,-0.018637,0.871144,0.091369,0.482093,-6.211358,113.763519,24.65312,0.104544,0.937716,-0.053419,0.326964,-8.945446,136.045868,27.855534,0.102865,0.966962,-0.192304,0.131995,-4.311419,150.318008,25.865967,-0.049178,0.844311,0.132904,0.516776,-10.942915,130.803635,24.13809,0.348857,-0.621609,0.182781,-0.67712,-18.644901,131.71106,9.34194,0.250397,-0.032555,-0.340453,-0.905723,-14.691858,114.920639,-8.262922,0.269395,0.113796,-0.545489,-0.785442,4.137257,129.678528,-13.903247,-0.080939,0.920961,0.192935,0.328718,-6.803084,130.372803,30.670298,0.365046,0.879943,0.223303,-0.206343,6.073212,130.744339,41.306698,-0.000142,0.259666,0.492094,-0.830914,22.052557,117.181435,28.338104,0.056392,0.075,0.492228,-0.865394,12.204983,138.328735,17.183739,0.040318,0.867628,0.151786,0.47176,-6.176123,87.666199,12.012506,0.126467,0.925193,0.000765,0.357803,-3.533754,53.373123,1.139199,0.005812,0.933998,0.022413,0.356527,-14.482697,7.975894,-3.171413,-0.048543,0.85222,-0.037054,0.519608,3.681715,88.250092,28.677305,0.016748,0.830562,-0.131841,0.540837,5.277225,52.44664,32.775249,-0.024109,0.818763,0.022813,0.573171,-2.715499,7.205868,42.196404,0.005812,0.933998,0.022413,0.356527,-4.770996,2.235133,-14.281288,-0.024109,0.818763,0.022813,0.573171,11.31762,1.868413,37.167885
875,7.291667,-0.04804,0.867122,0.053901,0.492834,-1.244832,87.964798,20.326635,-0.039813,0.864276,0.143828,0.48037,-2.328454,95.824074,20.692972,-0.018506,0.871335,0.091551,0.481718,-6.215168,113.764702,24.642977,0.104544,0.93779,-0.05331,0.326771,-8.946652,136.045761,27.856588,0.102128,0.967035,-0.192368,0.13194,-4.314345,150.318726,25.868845,-0.049066,0.844516,0.13329,0.516352,-10.947305,130.804977,24.138803,0.349325,-0.621998,0.18242,-0.676619,-18.664309,131.720001,9.350959,0.25024,-0.033057,-0.340433,-0.905755,-14.728621,114.925125,-8.253543,0.268276,0.113605,-0.545843,-0.785606,4.09902,129.676346,-13.913226,-0.080586,0.920975,0.192778,0.328857,-6.801803,130.371582,30.66724,0.366339,0.879135,0.224151,-0.206576,6.073329,130.733124,41.305382,-0.000803,0.258631,0.493395,-0.830464,22.001341,117.139923,28.305399,0.055073,0.074007,0.493269,-0.864972,12.193927,138.337189,17.220127,0.040405,0.867817,0.151609,0.471462,-6.180676,87.672447,11.998354,0.126146,0.924682,0.001103,0.359235,-3.553572,53.375996,1.132014,0.00559,0.934029,0.022286,0.356458,-14.457075,7.971212,-3.214036,-0.048177,0.852198,-0.037755,0.519626,3.691012,88.257149,28.654915,0.016333,0.830161,-0.131565,0.541531,5.23768,52.454926,32.782238,-0.024963,0.818838,0.022528,0.573038,-2.716656,7.206032,42.19688,0.00559,0.934029,0.022286,0.356458,-4.745079,2.229236,-14.32302,-0.024963,0.818838,0.022528,0.573038,11.320932,1.876354,37.172611
876,7.3,-0.04807,0.86733,0.053998,0.492455,-1.243749,87.970421,20.307034,-0.039894,0.864437,0.144041,0.480009,-2.328392,95.829483,20.674936,-0.018282,0.87153,0.09171,0.481342,-6.218781,113.762596,24.630728,0.103999,0.93799,-0.052907,0.326435,-8.943481,136.042694,27.856663,0.101885,0.967071,-0.192449,0.131748,-4.33106,150.322586,25.872543,-0.048954,0.84484,0.133419,0.515799,-10.948369,130.803925,24.138336,0.348935,-0.622281,0.182638,-0.676501,-18.684807,131.721344,9.360788,0.249808,-0.033389,-0.340485,-0.905843,-14.770384,114.92733,-8.249286,0.268079,0.113412,-0.545973,-0.785611,4.056778,129.68071,-13.918014,-0.080014,0.921025,0.192553,0.328989,-6.797126,130.366898,30.662886,0.36743,0.878451,0.224476,-0.207196,6.078191,130.712585,41.301338,-0.001696,0.257521,0.494706,-0.830028,21.954102,117.094696,28.263527,0.054246,0.072782,0.49415,-0.864625,12.184205,138.34848,17.254814,0.040421,0.867995,0.151375,0.471207,-6.186782,87.677895,11.983021,0.125968,0.92471,0.001125,0.359226,-3.571999,53.376423,1.129537,0.006132,0.934039,0.022876,0.356386,-14.459668,7.967436,-3.212298,-0.047869,0.852273,-0.038399,0.519485,3.699285,88.262955,28.63105,0.016021,0.830049,-0.131341,0.541768,5.203453,52.462135,32.786156,-0.024951,0.818808,0.022659,0.573078,-2.717932,7.206777,42.197483,0.006132,0.934039,0.022876,0.356386,-4.752812,2.236297,-14.33137,-0.024951,0.818808,0.022659,0.573078,11.320826,1.880099,37.173283
877,7.308333,-0.04796,0.867564,0.053821,0.492074,-1.24615,87.973579,20.289534,-0.040003,0.864593,0.144268,0.479652,-2.32774,95.833115,20.656355,-0.01819,0.871714,0.091866,0.480984,-6.223645,113.761543,24.618502,0.10389,0.938129,-0.052856,0.326078,-8.946769,136.040512,27.853622,0.101634,0.967166,-0.192296,0.13146,-4.339132,150.321701,25.867599,-0.049408,0.844476,0.13447,0.516078,-10.954462,130.802795,24.135313,0.348574,-0.62276,0.183231,-0.676087,-18.679787,131.727371,9.352396,0.249187,-0.033548,-0.340758,-0.905905,-14.805408,114.920197,-8.25398,0.267915,0.11323,-0.545865,-0.785769,4.013103,129.686661,-13.92314,-0.079568,0.921062,0.192342,0.329117,-6.797831,130.363937,30.656307,0.368284,0.877968,0.224521,-0.207677,6.077051,130.697525,41.295681,-0.002481,0.256578,0.495692,-0.82973,21.912159,117.057205,28.231705,0.053495,0.071711,0.495194,-0.864164,12.167267,138.356857,17.287191,0.040412,0.868195,0.151271,0.470873,-6.196655,87.680611,11.969978,0.125822,0.92469,0.001122,0.359328,-3.589054,53.376816,1.122111,0.005277,0.934008,0.022362,0.356512,-14.463897,7.964385,-3.215818,-0.047575,0.85241,-0.039055,0.519238,3.704356,88.266556,28.609091,0.015707,0.830021,-0.131079,0.541883,5.167041,52.467381,32.793026,-0.024934,0.818856,0.022563,0.573013,-2.717942,7.204637,42.199425,0.005277,0.934008,0.022362,0.356512,-4.746796,2.227702,-14.323076,-0.024934,0.818856,0.022563,0.573013,11.319292,1.875316,37.173767
878,7.316667,-0.047903,0.867759,0.053712,0.491747,-1.246874,87.975716,20.271137,-0.040081,0.864738,0.144534,0.479303,-2.326694,95.835526,20.637308,-0.018115,0.871898,0.091946,0.480637,-6.228031,113.759956,24.607801,0.103697,0.938295,-0.052642,0.325697,-8.948652,136.038361,27.84881,0.101436,0.967251,-0.192239,0.131078,-4.349669,150.322556,25.864433,-0.04945,0.844747,0.134564,0.515607,-10.959291,130.80127,24.131229,0.3487,-0.62312,0.182859,-0.67579,-18.700705,131.723709,9.356603,0.249109,-0.033592,-0.340849,-0.905891,-14.841771,114.921532,-8.257936,0.267859,0.112935,-0.545925,-0.785789,3.975327,129.692795,-13.929382,-0.079172,0.921078,0.192228,0.329235,-6.79746,130.361343,30.648834,0.369491,0.877105,0.22566,-0.207945,6.076904,130.683273,41.289185,-0.002837,0.25525,0.497052,-0.829324,21.862593,117.021049,28.188366,0.052818,0.070497,0.496275,-0.863685,12.153576,138.370544,17.31686,0.040382,0.868411,0.151109,0.470529,-6.203707,87.682137,11.955373,0.125759,0.925167,0.000782,0.35812,-3.604079,53.374638,1.117325,0.005002,0.934039,0.022519,0.356425,-14.490671,7.960662,-3.174759,-0.047216,0.852605,-0.039668,0.518905,3.70996,88.269302,28.586901,0.015344,0.829958,-0.130803,0.542057,5.129219,52.471149,32.794495,-0.023699,0.818705,0.023137,0.573258,-2.715546,7.200572,42.196812,0.005002,0.934039,0.022519,0.356425,-4.771847,2.231165,-14.284218,-0.023699,0.818705,0.023137,0.573258,11.316842,1.863963,37.165363
879,7.325,-0.047671,0.867944,0.05348,0.491468,-1.25417,87.977196,20.254213,-0.040156,0.864874,0.144686,0.479006,-2.328881,95.837753,20.61937,-0.017927,0.872064,0.092138,0.480305,-6.233069,113.756096,24.593699,0.103405,0.938406,-0.052723,0.325456,-8.949196,136.033218,27.847343,0.100807,0.967374,-0.191946,0.131081,-4.358397,150.319122,25.856346,-0.049344,0.844965,0.134686,0.515227,-10.9632,130.79805,24.128866,0.348612,-0.623474,0.182709,-0.67555,-18.718061,131.723541,9.36148,0.248646,-0.033878,-0.340969,-0.905962,-14.87816,114.925125,-8.260801,0.267389,0.112616,-0.545708,-0.786144,3.933753,129.700012,-13.938752,-0.078988,0.921109,0.192161,0.329233,-6.796316,130.354675,30.643007,0.370467,0.876318,0.227069,-0.207993,6.079092,130.671768,41.282246,-0.003343,0.254151,0.497999,-0.829092,21.828211,116.996727,28.150801,0.051463,0.069749,0.496698,-0.863584,12.141571,138.381531,17.345554,0.040348,0.868565,0.151019,0.470276,-6.216746,87.684845,11.941829,0.125586,0.925121,0.00078,0.3583,-3.621256,53.375172,1.109658,0.005072,0.934021,0.022506,0.356472,-14.492366,7.957119,-3.178534,-0.047007,0.852737,-0.040237,0.518663,3.708406,88.269547,28.566595,0.01509,0.830077,-0.130577,0.541936,5.094705,52.473259,32.800968,-0.023826,0.818796,0.022959,0.57313,-2.717498,7.196432,42.200306,0.005072,0.934021,0.022506,0.356472,-4.773287,2.226526,-14.287205,-0.023826,0.818796,0.022959,0.57313,11.313422,1.857667,37.167053
880,7.333333,-0.047579,0.86809,0.053423,0.491225,-1.259098,87.979828,20.234232,-0.040076,0.865011,0.144871,0.47871,-2.331996,95.840622,20.599634,-0.01779,0.872228,0.092226,0.479996,-6.235281,113.756111,24.582359,0.103161,0.938621,-0.0517,0.325079,-8.946743,136.032715,27.843386,0.100797,0.967349,-0.192515,0.130439,-4.373394,150.327484,25.875946,-0.049279,0.845262,0.134802,0.514716,-10.963984,130.79866,24.125097,0.348261,-0.623648,0.182818,-0.675541,-18.736639,131.725174,9.367141,0.248033,-0.034233,-0.341078,-0.906076,-14.909415,114.931023,-8.261943,0.266856,0.112436,-0.545595,-0.78643,3.89844,129.710007,-13.947203,-0.078795,0.921085,0.192053,0.329408,-6.792423,130.353287,30.636105,0.371337,0.875679,0.22789,-0.208235,6.080132,130.664444,41.278961,-0.004239,0.253442,0.498929,-0.828745,21.792463,116.97464,28.118866,0.049966,0.069207,0.497087,-0.863492,12.136252,138.399521,17.373047,0.040385,0.868731,0.150799,0.470038,-6.226478,87.688103,11.924698,0.12518,0.925016,0.001379,0.358712,-3.643877,53.373856,1.103967,0.004871,0.934095,0.022382,0.35629,-14.45833,7.946372,-3.227374,-0.046814,0.852729,-0.040761,0.518652,3.708281,88.271553,28.543764,0.014779,0.829953,-0.130377,0.542182,5.063098,52.47702,32.803093,-0.023774,0.818782,0.023063,0.573148,-2.717574,7.194409,42.200726,0.004871,0.934095,0.022382,0.35629,-4.741825,2.214468,-14.337614,-0.023774,0.818782,0.023063,0.573148,11.313723,1.857298,37.166779
881,7.341667,-0.047538,0.868219,0.053421,0.491001,-1.261178,87.986206,20.217243,-0.040066,0.865146,0.145009,0.478425,-2.333407,95.847061,20.583216,-0.017765,0.872381,0.092377,0.479689,-6.236748,113.757645,24.571001,0.103008,0.938773,-0.051327,0.324746,-8.949336,136.03302,27.839476,0.100677,0.967404,-0.192557,0.13006,-4.384806,150.331543,25.878799,-0.048672,0.846074,0.134138,0.513612,-10.968356,130.799591,24.121275,0.348483,-0.623644,0.182099,-0.675624,-18.780922,131.725555,9.384373,0.248105,-0.034477,-0.341062,-0.906053,-14.940516,114.947853,-8.257504,0.266496,0.112444,-0.545718,-0.786466,3.866059,129.721863,-13.9543,-0.078666,0.921104,0.19206,0.329382,-6.792221,130.353226,30.629284,0.372119,0.875074,0.228754,-0.208436,6.081599,130.660553,41.270721,-0.005362,0.252798,0.49977,-0.828429,21.761166,116.959236,28.083557,0.048306,0.069107,0.497469,-0.863374,12.13248,138.424255,17.39975,0.040413,0.868808,0.150583,0.469962,-6.232893,87.694801,11.910293,0.125078,0.924892,0.001331,0.359066,-3.660407,53.37603,1.101486,0.00502,0.934029,0.022511,0.356452,-14.466125,7.946148,-3.226453,-0.046515,0.852539,-0.04121,0.518956,3.710537,88.277611,28.524193,0.014394,0.829662,-0.130171,0.542687,5.02857,52.483719,32.800407,-0.023948,0.818709,0.023004,0.573248,-2.717444,7.195029,42.197372,0.00502,0.934029,0.022511,0.356452,-4.746914,2.216237,-14.335355,-0.023948,0.818709,0.023004,0.573248,11.316297,1.859468,37.168594
882,7.35,-0.047551,0.868323,0.053425,0.490816,-1.263408,87.992622,20.200083,-0.039996,0.865277,0.145076,0.478172,-2.335769,95.853455,20.566236,-0.017797,0.872511,0.092607,0.479409,-6.236013,113.759491,24.557663,0.102794,0.938844,-0.051214,0.324628,-8.953784,136.032898,27.835297,0.100432,0.967417,-0.192555,0.130158,-4.396627,150.333801,25.87491,-0.048595,0.8462,0.134518,0.513312,-10.9734,130.800049,24.116581,0.34849,-0.623894,0.18193,-0.675436,-18.796513,131.733185,9.385724,0.247924,-0.034604,-0.341153,-0.906063,-14.968419,114.958282,-8.261509,0.266191,0.112433,-0.546008,-0.786369,3.835532,129.735947,-13.962342,-0.078545,0.921141,0.192092,0.329287,-6.793118,130.352859,30.621868,0.372862,0.874584,0.229082,-0.208799,6.083413,130.65683,41.26012,-0.006736,0.2523,0.500586,-0.828078,21.728186,116.939903,28.047895,0.046734,0.069141,0.497746,-0.863298,12.128326,138.449402,17.425335,0.040373,0.869058,0.150422,0.469554,-6.238618,87.700745,11.895241,0.124944,0.924859,0.001282,0.359197,-3.674219,53.378235,1.096408,0.005093,0.934,0.0227,0.356514,-14.46951,7.94518,-3.224291,-0.046242,0.852425,-0.041643,0.519133,3.711802,88.284492,28.504927,0.014056,0.829534,-0.129991,0.542935,4.995949,52.491367,32.797821,-0.023933,0.818647,0.023211,0.573328,-2.717476,7.197389,42.196121,0.005093,0.934,0.0227,0.356514,-4.748814,2.219737,-14.334202,-0.023933,0.818647,0.023211,0.573328,11.318358,1.86664,37.168087
883,7.358333,-0.047401,0.86842,0.05336,0.490665,-1.270587,87.99794,20.181196,-0.03984,0.865437,0.145163,0.477869,-2.340317,95.859108,20.547823,-0.017828,0.87268,0.09281,0.479059,-6.234372,113.758957,24.544909,0.102536,0.938993,-0.050852,0.324334,-8.956462,136.030594,27.830917,0.100313,0.967447,-0.192616,0.129932,-4.410771,150.335922,25.876209,-0.048419,0.846496,0.134538,0.512835,-10.977345,130.798187,24.112289,0.348607,-0.624007,0.181596,-0.67536,-18.817392,131.733994,9.390606,0.247849,-0.03471,-0.341363,-0.906001,-14.990277,114.965355,-8.262788,0.266059,0.112416,-0.546213,-0.786274,3.805339,129.74939,-13.969249,-0.078635,0.92114,0.192185,0.329216,-6.791891,130.350433,30.614216,0.373604,0.873991,0.229961,-0.208992,6.085747,130.656586,41.251076,-0.007805,0.251603,0.501285,-0.827858,21.699249,116.92984,28.012081,0.045358,0.069703,0.498052,-0.86315,12.118205,138.475388,17.451023,0.040373,0.869124,0.150222,0.469497,-6.24894,87.707726,11.878176,0.124766,0.924853,0.001275,0.359275,-3.692174,53.380878,1.091316,0.004876,0.934007,0.022699,0.356498,-14.472228,7.943657,-3.223623,-0.046045,0.852506,-0.042131,0.518977,3.707767,88.288147,28.484217,0.013751,0.82946,-0.129775,0.543108,4.962303,52.496647,32.799446,-0.023832,0.818601,0.02333,0.573394,-2.718363,7.196605,42.195381,0.004876,0.934007,0.022699,0.356498,-4.74949,2.220408,-14.332882,-0.023832,0.818601,0.02333,0.573394,11.31807,1.867024,37.167763
884,7.366667,-0.047152,0.868491,0.05311,0.490591,-1.283529,87.997505,20.164761,-0.039733,0.865568,0.145223,0.477624,-2.34787,95.859474,20.529989,-0.017871,0.872831,0.092934,0.47876,-6.238002,113.757263,24.531612,0.101946,0.939131,-0.050676,0.324148,-8.963338,136.027786,27.822458,0.100427,0.967436,-0.192538,0.130045,-4.436164,150.338715,25.865654,-0.048321,0.846642,0.13462,0.512582,-10.985414,130.795395,24.104462,0.348805,-0.624142,0.181317,-0.675208,-18.834435,131.734024,9.38774,0.247778,-0.034726,-0.34165,-0.905912,-15.010651,114.967606,-8.268476,0.265994,0.112357,-0.546277,-0.78626,3.772985,129.761093,-13.977093,-0.078459,0.92114,0.192258,0.329216,-6.795537,130.347778,30.603546,0.374229,0.873664,0.229645,-0.209586,6.083021,130.64769,41.239468,-0.009302,0.251306,0.50205,-0.827469,21.661234,116.903511,27.977007,0.044089,0.069748,0.498289,-0.863076,12.112312,138.490601,17.473047,0.040318,0.869136,0.150097,0.469519,-6.263754,87.708961,11.862806,0.124601,0.924839,0.001275,0.359369,-3.707514,53.379093,1.085422,0.004609,0.934038,0.022665,0.356425,-14.473081,7.938013,-3.22506,-0.045938,0.852612,-0.042541,0.518779,3.696697,88.286057,28.466717,0.013479,0.829503,-0.129575,0.543096,4.930245,52.496349,32.802795,-0.023675,0.818664,0.023408,0.573306,-2.718947,7.190755,42.197571,0.004609,0.934038,0.022665,0.356425,-4.749238,2.216586,-14.33429,-0.023675,0.818664,0.023408,0.573306,11.315453,1.860344,37.165161
885,7.375,-0.04696,0.868582,0.052934,0.490468,-1.288932,87.995705,20.147461,-0.039623,0.865667,0.145291,0.477432,-2.349219,95.858253,20.511925,-0.017929,0.872929,0.093062,0.478553,-6.236216,113.756195,24.518677,0.101567,0.939244,-0.05032,0.323995,-8.965861,136.025543,27.813911,0.100323,0.967448,-0.192578,0.129977,-4.452916,150.34166,25.862289,-0.048328,0.846888,0.134193,0.512287,-10.988243,130.793137,24.096077,0.348721,-0.624326,0.181051,-0.675153,-18.84734,131.722534,9.384152,0.247545,-0.034623,-0.341938,-0.90587,-15.030107,114.96489,-8.281812,0.266012,0.112406,-0.546493,-0.786096,3.74331,129.771408,-13.985098,-0.078628,0.921121,0.192397,0.329147,-6.795339,130.345703,30.593216,0.375065,0.8731,0.230403,-0.209614,6.083835,130.649704,41.228275,-0.009863,0.250537,0.502877,-0.827193,21.630594,116.888092,27.946991,0.043315,0.069572,0.498789,-0.86284,12.10579,138.507797,17.495638,0.040361,0.869173,0.149898,0.469511,-6.271841,87.708504,11.847072,0.12449,0.924723,0.00073,0.359707,-3.725288,53.374577,1.080335,0.004604,0.934049,0.023033,0.356373,-14.498219,7.930798,-3.183068,-0.045626,0.852531,-0.043015,0.518901,3.693976,88.282898,28.447849,0.013083,0.829409,-0.12935,0.543304,4.889932,52.494072,32.80162,-0.023817,0.81868,0.023408,0.573279,-2.719404,7.182017,42.197636,0.004604,0.934049,0.023033,0.356373,-4.773939,2.21964,-14.297194,-0.023817,0.81868,0.023408,0.573279,11.315963,1.854057,37.165329
886,7.383333,-0.046786,0.868682,0.052706,0.490332,-1.297107,87.998238,20.129519,-0.03958,0.865773,0.145472,0.477189,-2.353183,95.86142,20.49238,-0.017887,0.873069,0.093133,0.478285,-6.240088,113.753891,24.505878,0.1013,0.939347,-0.049922,0.323841,-8.968583,136.022705,27.805645,0.100143,0.967451,-0.192684,0.129932,-4.467182,150.343475,25.86149,-0.048286,0.84701,0.134323,0.512054,-10.993039,130.790726,24.088381,0.348864,-0.624465,0.180788,-0.675021,-18.860241,131.72229,9.380929,0.247427,-0.034632,-0.342198,-0.905804,-15.046866,114.967773,-8.288841,0.265813,0.112442,-0.546808,-0.78594,3.716469,129.783813,-13.993217,-0.078575,0.921114,0.192448,0.329148,-6.796136,130.342606,30.582893,0.375641,0.872625,0.231107,-0.209782,6.083306,130.644394,41.217686,-0.010422,0.249709,0.503562,-0.82702,21.605263,116.875984,27.914471,0.042702,0.069276,0.499481,-0.862494,12.096349,138.523438,17.517454,0.040405,0.869166,0.149717,0.469577,-6.282911,87.711563,11.830852,0.124286,0.924679,0.000729,0.359891,-3.744501,53.373993,1.073824,0.004295,0.934078,0.02305,0.356297,-14.499219,7.925457,-3.18482,-0.045443,0.852674,-0.043494,0.518643,3.688698,88.284904,28.428185,0.012861,0.829482,-0.129182,0.543237,4.856728,52.497852,32.804138,-0.025263,0.818934,0.021809,0.572917,-2.726064,7.18117,42.199306,0.004295,0.934078,0.02305,0.356297,-4.773204,2.217963,-14.299309,-0.025263,0.818934,0.021809,0.572917,11.30846,1.839152,37.179585
887,7.391667,-0.046667,0.868729,0.052585,0.490272,-1.301067,88.005051,20.113394,-0.039562,0.865849,0.145609,0.47701,-2.354532,95.868622,20.475588,-0.017901,0.873173,0.093242,0.478074,-6.24128,113.754295,24.493336,0.101078,0.939416,-0.049612,0.323758,-8.971874,136.022171,27.797709,0.099885,0.967462,-0.192739,0.129968,-4.479726,150.346649,25.859442,-0.048403,0.847057,0.135217,0.51173,-10.997217,130.790405,24.080608,0.349269,-0.624577,0.180489,-0.674788,-18.875139,131.732391,9.379556,0.247496,-0.034779,-0.342432,-0.905691,-15.063336,114.97551,-8.288309,0.265461,0.112506,-0.547254,-0.785739,3.691265,129.797867,-14.002922,-0.078593,0.921138,0.192612,0.328981,-6.797195,130.34201,30.573088,0.37622,0.87223,0.231472,-0.209988,6.085823,130.643677,41.203552,-0.011029,0.248821,0.504258,-0.826855,21.58209,116.863846,27.882212,0.04237,0.068871,0.50021,-0.86212,12.08657,138.544006,17.54142,0.040385,0.869225,0.149477,0.469546,-6.288221,87.719139,11.815509,0.124208,0.924843,0.000824,0.359496,-3.75719,53.376244,1.073729,0.004575,0.934014,0.023142,0.356458,-14.503897,7.925916,-3.185927,-0.045209,0.85274,-0.043942,0.518516,3.686087,88.29097,28.411278,0.012536,0.829303,-0.128963,0.54357,4.823605,52.505219,32.805855,-0.025404,0.818895,0.021784,0.572967,-2.726587,7.182473,42.198025,0.004575,0.934014,0.023142,0.356458,-4.776818,2.218052,-14.299299,-0.025404,0.818895,0.021784,0.572967,11.309696,1.842296,37.181248
888,7.4,-0.046786,0.868761,0.052684,0.490193,-1.297943,88.013145,20.097822,-0.039619,0.865901,0.145722,0.476876,-2.353786,95.876373,20.460543,-0.017961,0.873235,0.093408,0.477926,-6.242858,113.756516,24.480513,0.100858,0.939464,-0.049505,0.323705,-8.978874,136.022888,27.790552,0.09977,0.967468,-0.192702,0.130065,-4.493967,150.349686,25.852753,-0.048456,0.847103,0.135625,0.511542,-11.003857,130.791336,24.072952,0.349467,-0.624653,0.180341,-0.674655,-18.888033,131.737869,9.375548,0.247378,-0.034841,-0.342712,-0.905615,-15.078295,114.979698,-8.291526,0.265141,0.112539,-0.547711,-0.785524,3.666103,129.812286,-14.01005,-0.078549,0.921174,0.192754,0.328807,-6.801686,130.342743,30.564026,0.376845,0.87153,0.233317,-0.209728,6.085383,130.642715,41.189621,-0.011066,0.247562,0.504997,-0.826782,21.563805,116.865067,27.845297,0.041961,0.068226,0.50052,-0.862012,12.079029,138.564301,17.565491,0.040504,0.869283,0.149206,0.469515,-6.286378,87.726051,11.800751,0.124116,0.92479,0.000803,0.359663,-3.772491,53.378021,1.071389,0.003991,0.933981,0.023171,0.356548,-14.511341,7.925549,-3.185263,-0.044979,0.852681,-0.044364,0.518598,3.690492,88.300232,28.394894,0.012191,0.829102,-0.128742,0.543936,4.797585,52.515675,32.806854,-0.023173,0.818526,0.024205,0.573491,-2.718711,7.186797,42.19659,0.003991,0.933981,0.023171,0.356548,-4.77551,2.224441,-14.294434,-0.023173,0.818526,0.024205,0.573491,11.318178,1.867194,37.15971
889,7.408333,-0.046789,0.868762,0.052757,0.490185,-1.300932,88.019073,20.079927,-0.039468,0.865964,0.145739,0.476769,-2.357372,95.882172,20.443636,-0.018041,0.873284,0.093626,0.477791,-6.240678,113.759407,24.466661,0.100767,0.939451,-0.049296,0.323802,-8.984031,136.023804,27.783909,0.099292,0.967457,-0.192822,0.130338,-4.503184,150.352615,25.85162,-0.048234,0.847147,0.136036,0.51138,-11.008106,130.792587,24.065355,0.349212,-0.624694,0.180749,-0.674639,-18.898518,131.751633,9.3721,0.24705,-0.034982,-0.34306,-0.905567,-15.098598,114.987144,-8.291104,0.2653,0.112451,-0.547727,-0.785471,3.63287,129.832764,-14.014287,-0.078541,0.921194,0.192914,0.328659,-6.803968,130.343674,30.555136,0.377086,0.871299,0.233606,-0.209937,6.08639,130.642654,41.176777,-0.011736,0.246929,0.505383,-0.826727,21.551558,116.86441,27.817715,0.041339,0.067691,0.500872,-0.86188,12.071264,138.585571,17.583925,0.040456,0.869313,0.148971,0.469537,-6.289531,87.732613,11.782928,0.123765,0.924841,0.001404,0.359651,-3.780454,53.379261,1.069497,0.003665,0.934194,0.023009,0.356005,-14.469145,7.918742,-3.227304,-0.044861,0.852429,-0.044681,0.518996,3.687666,88.305534,28.376925,0.011906,0.828831,-0.128583,0.544393,4.773529,52.522243,32.804466,-0.023062,0.818434,0.024399,0.573619,-2.717665,7.188883,42.192627,0.003665,0.934194,0.023009,0.356005,-4.743163,2.21668,-14.344612,-0.023062,0.818434,0.024399,0.573619,11.320951,1.87211,37.157551
890,7.416667,-0.046986,0.868774,0.052827,0.490136,-1.298036,88.028526,20.068077,-0.039526,0.866012,0.145865,0.476639,-2.357713,95.891212,20.431269,-0.018008,0.873362,0.093653,0.477644,-6.242967,113.759949,24.456205,0.100792,0.939469,-0.04891,0.323801,-8.985047,136.02417,27.775707,0.098754,0.967464,-0.193073,0.130322,-4.507008,150.355347,25.85438,-0.048362,0.847214,0.1363,0.511186,-11.010415,130.793182,24.057528,0.349452,-0.624869,0.180416,-0.674442,-18.907038,131.752136,9.367614,0.247025,-0.034946,-0.343302,-0.905484,-15.111979,114.990067,-8.298927,0.265128,0.112553,-0.547992,-0.78533,3.610332,129.844635,-14.02253,-0.078528,0.92119,0.192982,0.328633,-6.804085,130.343842,30.545855,0.377503,0.871048,0.233488,-0.210357,6.086907,130.64183,41.166748,-0.012641,0.246483,0.505905,-0.826527,21.527859,116.853928,27.789646,0.040564,0.067296,0.501029,-0.861856,12.063148,138.604233,17.600986,0.040771,0.869381,0.148639,0.469489,-6.287199,87.739357,11.771516,0.123637,0.92414,0.001195,0.361493,-3.809816,53.380714,1.067671,0.003829,0.934054,0.023112,0.356362,-14.48614,7.917184,-3.227971,-0.044626,0.852448,-0.045021,0.518955,3.691128,88.317696,28.364637,0.011716,0.828831,-0.128425,0.544435,4.750029,52.535091,32.804199,-0.022913,0.818373,0.024341,0.573715,-2.718845,7.197494,42.189674,0.003829,0.934054,0.023112,0.356362,-4.753128,2.21617,-14.339659,-0.022913,0.818373,0.024341,0.573715,11.319232,1.876784,37.157269
891,7.425,-0.046837,0.868801,0.052702,0.490117,-1.304883,88.029305,20.054102,-0.03948,0.866047,0.145949,0.476553,-2.361539,95.892426,20.416767,-0.018103,0.873404,0.093708,0.477553,-6.246665,113.761604,24.445873,0.10039,0.939492,-0.048579,0.323909,-8.99334,136.025208,27.765739,0.098642,0.967377,-0.193366,0.130618,-4.529017,150.361435,25.850252,-0.048367,0.847263,0.135922,0.511205,-11.018169,130.793716,24.047964,0.34974,-0.624893,0.180165,-0.674338,-18.914133,131.746094,9.35726,0.246871,-0.034996,-0.343513,-0.905444,-15.116054,114.984047,-8.308657,0.264456,0.112579,-0.548662,-0.785086,3.600684,129.848297,-14.034876,-0.078558,0.921212,0.193057,0.328522,-6.81054,130.345413,30.535522,0.377892,0.870831,0.23348,-0.210568,6.082757,130.644287,41.153603,-0.013436,0.246013,0.506434,-0.82633,21.504841,116.846062,27.765385,0.04009,0.067009,0.501307,-0.861739,12.056467,138.622131,17.621071,0.040621,0.869437,0.148478,0.469451,-6.294685,87.741402,11.757877,0.123598,0.924143,0.001252,0.361498,-3.813915,53.378441,1.068714,0.003483,0.934069,0.022858,0.356344,-14.484981,7.914016,-3.230571,-0.044547,0.85255,-0.045347,0.518765,3.68492,88.3172,28.350327,0.011526,0.828884,-0.128299,0.544388,4.727741,52.536213,32.806725,-0.022844,0.81846,0.024241,0.573597,-2.719407,7.195168,42.192825,0.003483,0.934069,0.022858,0.356344,-4.749653,2.209517,-14.338446,-0.022844,0.81846,0.024241,0.573597,11.315997,1.87081,37.156807
892,7.433333,-0.046313,0.868835,0.052393,0.490138,-1.323177,88.022301,20.035957,-0.039213,0.866082,0.146,0.476496,-2.370238,95.886711,20.398449,-0.018049,0.873447,0.093702,0.477477,-6.2486,113.761856,24.435514,0.100384,0.939452,-0.047838,0.324135,-8.992724,136.025589,27.756569,0.098024,0.967268,-0.194069,0.130846,-4.53449,150.366623,25.862968,-0.04843,0.847322,0.135962,0.511091,-11.018687,130.794388,24.039001,0.349876,-0.624939,0.180062,-0.674252,-18.918362,131.745041,9.350189,0.246806,-0.03493,-0.343843,-0.905339,-15.121285,114.982185,-8.315176,0.264449,0.1126,-0.549061,-0.784805,3.584091,129.859924,-14.041066,-0.07846,0.92123,0.192939,0.328564,-6.809916,130.34552,30.525776,0.378511,0.870335,0.234146,-0.210767,6.082961,130.642426,41.144413,-0.014225,0.245362,0.507173,-0.826058,21.477825,116.836098,27.733248,0.039097,0.066743,0.501797,-0.86152,12.052174,138.644638,17.642017,0.040449,0.869367,0.148277,0.469659,-6.313504,87.740288,11.739852,0.123487,0.92448,0.001492,0.360674,-3.826343,53.372002,1.069279,0.003702,0.934081,0.023173,0.356288,-14.483583,7.905057,-3.237619,-0.044716,0.852637,-0.045616,0.518585,3.667151,88.304321,28.332064,0.011415,0.828999,-0.128192,0.54424,4.711108,52.526188,32.811054,-0.022876,0.81853,0.024394,0.573489,-2.720316,7.18233,42.196026,0.003702,0.934081,0.023173,0.356288,-4.750639,2.207058,-14.350909,-0.022876,0.81853,0.024394,0.573489,11.314981,1.86222,37.155239
893,7.441667,-0.046241,0.868876,0.052329,0.49008,-1.328722,88.025024,20.023859,-0.039167,0.866115,0.146018,0.476434,-2.374277,95.889648,20.386108,-0.01805,0.873477,0.093757,0.477411,-6.250791,113.762894,24.424435,0.100234,0.939399,-0.047539,0.324382,-8.995895,136.026154,27.74781,0.097536,0.967176,-0.194471,0.131295,-4.543643,150.370148,25.862509,-0.048412,0.847288,0.136364,0.511043,-11.022058,130.795151,24.030087,0.350017,-0.624894,0.180167,-0.674193,-18.923435,131.753006,9.342651,0.246827,-0.034979,-0.344091,-0.905237,-15.125433,114.983627,-8.31632,0.264389,0.112745,-0.549496,-0.784501,3.571519,129.870132,-14.047634,-0.078405,0.921233,0.192971,0.328549,-6.81231,130.345993,30.516211,0.379013,0.870007,0.234238,-0.211115,6.081177,130.640961,41.134167,-0.015757,0.245084,0.507883,-0.825676,21.45006,116.824196,27.703953,0.037815,0.06694,0.501685,-0.861627,12.055041,138.671204,17.670534,0.040467,0.869367,0.148068,0.469723,-6.320286,87.743515,11.728476,0.123386,0.924514,0.001565,0.360621,-3.840677,53.370857,1.070238,0.003352,0.93403,0.023047,0.356436,-14.487095,7.901594,-3.238942,-0.044532,0.852515,-0.045923,0.518773,3.662842,88.306526,28.319242,0.011191,0.828891,-0.128061,0.54444,4.682972,52.52924,32.810429,-0.025287,0.818844,0.021912,0.57304,-2.726626,7.181761,42.195137,0.003352,0.93403,0.023047,0.356436,-4.747335,2.203632,-14.346284,-0.025287,0.818844,0.021912,0.57304,11.310236,1.842696,37.178795
894,7.45,-0.046712,0.868903,0.052614,0.489957,-1.315875,88.040039,20.015127,-0.039424,0.866132,0.146116,0.476353,-2.370059,95.903488,20.377745,-0.018125,0.873499,0.093857,0.477349,-6.254556,113.767159,24.413136,0.100444,0.939236,-0.047656,0.324771,-9.004539,136.029465,27.738989,0.096772,0.967109,-0.194706,0.132006,-4.544025,150.371033,25.854851,-0.048391,0.8472,0.136483,0.511159,-11.029903,130.798325,24.021,0.350402,-0.62494,0.180028,-0.673987,-18.927385,131.75946,9.331682,0.246999,-0.034881,-0.344388,-0.905081,-15.129754,114.983879,-8.321474,0.264417,0.112899,-0.549828,-0.784237,3.5559,129.880585,-14.054182,-0.078295,0.921259,0.192982,0.328496,-6.81928,130.349548,30.50658,0.379967,0.869177,0.235859,-0.211013,6.07595,130.641418,41.122505,-0.017038,0.244441,0.509074,-0.825107,21.411276,116.814972,27.663916,0.036542,0.067559,0.501169,-0.861934,12.065353,138.706772,17.702671,0.040718,0.869495,0.147769,0.469559,-6.308933,87.753143,11.720826,0.123384,0.923668,0.001203,0.362783,-3.857289,53.375591,1.071934,0.00345,0.933952,0.023294,0.356622,-14.505768,7.906189,-3.230721,-0.044183,0.852474,-0.046233,0.518843,3.677183,88.326927,28.309425,0.010939,0.828752,-0.127906,0.544693,4.663966,52.549465,32.80669,-0.022911,0.818433,0.024074,0.57364,-2.72099,7.197732,42.190304,0.00345,0.933952,0.023294,0.356622,-4.761662,2.213997,-14.337214,-0.022911,0.818433,0.024074,0.57364,11.314538,1.870464,37.157715
895,7.458333,-0.046825,0.868901,0.052769,0.489932,-1.313144,88.046661,20.003809,-0.039517,0.866117,0.146034,0.476397,-2.370063,95.909691,20.367714,-0.018096,0.873462,0.094004,0.477388,-6.255818,113.771606,24.398108,0.100256,0.939141,-0.047478,0.325128,-9.007971,136.032684,27.730253,0.096383,0.966985,-0.195088,0.132632,-4.552986,150.376663,25.851341,-0.048446,0.847125,0.136694,0.511221,-11.032557,130.80249,24.010544,0.35046,-0.624931,0.180162,-0.673929,-18.927717,131.766083,9.320143,0.247021,-0.034776,-0.344564,-0.905012,-15.131918,114.984932,-8.32811,0.264391,0.113142,-0.550399,-0.783809,3.54882,129.890091,-14.058752,-0.07787,0.921247,0.192756,0.328764,-6.822487,130.352158,30.496376,0.380468,0.868748,0.236294,-0.211393,6.069063,130.631668,41.117096,-0.019042,0.244271,0.51006,-0.824504,21.377695,116.800774,27.632736,0.035098,0.068036,0.500752,-0.862199,12.079055,138.744492,17.739681,0.040983,0.869457,0.147476,0.469698,-6.306472,87.759331,11.709689,0.123199,0.923742,0.001262,0.362659,-3.879779,53.377106,1.070168,0.002876,0.933902,0.023277,0.356758,-14.511097,7.903445,-3.229888,-0.044008,0.852307,-0.046468,0.519111,3.680185,88.333992,28.297928,0.010704,0.828524,-0.127799,0.545069,4.645976,52.556992,32.803391,-0.02274,0.818332,0.024356,0.573779,-2.719513,7.202226,42.187637,0.002876,0.933902,0.023277,0.356758,-4.75748,2.216646,-14.33079,-0.02274,0.818332,0.024356,0.573779,11.317854,1.878908,37.156002
896,7.466667,-0.046893,0.868978,0.052957,0.48977,-1.316772,88.053093,19.99053,-0.039486,0.866189,0.145964,0.47629,-2.376016,95.915695,20.356693,-0.018091,0.873512,0.094081,0.477282,-6.258634,113.776611,24.385515,0.100034,0.939175,-0.04688,0.325187,-9.011847,136.037033,27.721123,0.096394,0.966849,-0.195696,0.132723,-4.568259,150.386475,25.856966,-0.048585,0.847077,0.13678,0.511265,-11.036879,130.807144,24.00123,0.350768,-0.624877,0.180081,-0.673841,-18.930111,131.768555,9.309649,0.247121,-0.034685,-0.344844,-0.904881,-15.129566,114.982315,-8.332745,0.264342,0.113257,-0.550794,-0.783532,3.541636,129.898376,-14.064135,-0.077785,0.921233,0.192693,0.328861,-6.825238,130.356339,30.486012,0.381505,0.867827,0.238244,-0.211116,6.064639,130.63327,41.108833,-0.020248,0.243677,0.511317,-0.823873,21.340096,116.79232,27.597179,0.033399,0.068504,0.50062,-0.862306,12.095351,138.781235,17.773174,0.040525,0.869361,0.147587,0.469879,-6.313051,87.766174,11.698172,0.123462,0.923627,0.001048,0.362861,-3.851669,53.383591,1.067749,0.002994,0.933958,0.023048,0.356626,-14.511707,7.915962,-3.224979,-0.043914,0.852227,-0.046783,0.519223,3.679507,88.340012,28.28289,0.010604,0.828527,-0.12772,0.545085,4.627048,52.564526,32.80426,-0.024878,0.818377,0.023368,0.573667,-2.726816,7.20765,42.187428,0.002994,0.933958,0.023048,0.356626,-4.763495,2.221659,-14.326784,-0.024878,0.818377,0.023368,0.573667,11.322711,1.897105,37.176277
897,7.475,-0.046841,0.868932,0.052758,0.489878,-1.31794,88.0541,19.980383,-0.039591,0.866206,0.146055,0.476223,-2.374977,95.917114,20.344082,-0.018253,0.873561,0.094116,0.477179,-6.26317,113.780807,24.37508,0.099853,0.939138,-0.04685,0.325353,-9.023183,136.04068,27.708847,0.096455,0.966745,-0.195863,0.133182,-4.584277,150.391571,25.844744,-0.048658,0.847041,0.136344,0.511434,-11.047196,130.809708,23.989914,0.350663,-0.624775,0.180247,-0.673946,-18.934401,131.762436,9.294532,0.246968,-0.034524,-0.345073,-0.904842,-15.130526,114.974747,-8.345769,0.264386,0.113339,-0.55116,-0.783248,3.535239,129.903961,-14.070636,-0.077493,0.921282,0.192524,0.328891,-6.834125,130.360992,30.473911,0.382478,0.867084,0.239477,-0.211011,6.0566,130.630737,41.09589,-0.021699,0.243264,0.512563,-0.823183,21.297573,116.773735,27.561764,0.031553,0.068606,0.500965,-0.862167,12.109024,138.813431,17.804443,0.040587,0.869448,0.147363,0.469783,-6.312272,87.766312,11.686881,0.123396,0.923522,0.001046,0.363152,-3.863633,53.379345,1.067717,0.003032,0.93391,0.023247,0.35674,-14.51672,7.910183,-3.226009,-0.043813,0.85227,-0.047009,0.51914,3.676392,88.341881,28.273886,0.010462,0.82857,-0.127629,0.545045,4.609686,52.567291,32.805286,-0.024029,0.818449,0.023623,0.57359,-2.728087,7.207966,42.189198,0.003032,0.93391,0.023247,0.35674,-4.765397,2.220957,-14.327682,-0.024029,0.818449,0.023623,0.57359,11.314312,1.888976,37.167027
898,7.483333,-0.046793,0.869085,0.052766,0.489609,-1.323207,88.056427,19.96916,-0.039542,0.866189,0.146225,0.476205,-2.379539,95.91951,20.33367,-0.018447,0.873511,0.093879,0.477311,-6.269443,113.783249,24.371382,0.09968,0.939039,-0.046598,0.325727,-9.032489,136.04483,27.691225,0.096403,0.966618,-0.19617,0.133691,-4.599329,150.398468,25.834646,-0.048759,0.847002,0.136397,0.511475,-11.054838,130.811493,23.974699,0.351069,-0.624538,0.180253,-0.673953,-18.940331,131.762512,9.278284,0.247122,-0.034423,-0.345445,-0.904662,-15.121922,114.966179,-8.350637,0.264372,0.113409,-0.551575,-0.78295,3.530757,129.909164,-14.07761,-0.076903,0.921281,0.192177,0.329235,-6.843828,130.366959,30.460321,0.383757,0.86624,0.240382,-0.211129,6.042393,130.620132,41.088169,-0.023339,0.243051,0.514237,-0.822157,21.23262,116.735283,27.525578,0.02977,0.068538,0.501104,-0.862155,12.125705,138.843231,17.833761,0.040631,0.869498,0.147182,0.469744,-6.322717,87.769112,11.678762,0.123214,0.923453,0.001117,0.36339,-3.88353,53.378548,1.06907,0.002884,0.933889,0.023221,0.356796,-14.517635,7.9052,-3.227353,-0.043749,0.852317,-0.047262,0.519045,3.676303,88.343742,28.259558,0.010296,0.828589,-0.127512,0.545046,4.596673,52.570461,32.803944,-0.022723,0.818391,0.024102,0.573706,-2.72227,7.208014,42.187477,0.002884,0.933889,0.023221,0.356796,-4.763449,2.216752,-14.326912,-0.022723,0.818391,0.024102,0.573706,11.312519,1.878209,37.155514
899,7.491667,-0.046375,0.869114,0.052453,0.489632,-1.337848,88.050934,19.958162,-0.039652,0.866178,0.146238,0.476212,-2.386015,95.915154,20.321608,-0.018312,0.873532,0.093856,0.477281,-6.280944,113.783981,24.358982,0.099236,0.939021,-0.046431,0.325938,-9.038065,136.045975,27.680943,0.096453,0.966488,-0.19641,0.134243,-4.617908,150.403809,25.825851,-0.049008,0.846961,0.13632,0.511539,-11.062093,130.813461,23.964182,0.351223,-0.624378,0.180262,-0.674018,-18.94458,131.756454,9.265639,0.247117,-0.034311,-0.345745,-0.904553,-15.116507,114.957237,-8.358441,0.264371,0.113436,-0.552013,-0.782638,3.527453,129.913986,-14.084169,-0.076713,0.921309,0.191833,0.329401,-6.850564,130.367325,30.449358,0.384531,0.865678,0.241084,-0.211226,6.032961,130.617462,41.080551,-0.024937,0.242889,0.515383,-0.82144,21.19183,116.718651,27.497185,0.027858,0.068573,0.502104,-0.861634,12.142534,138.874008,17.86595,0.040379,0.869495,0.147133,0.469787,-6.337673,87.767677,11.667815,0.123235,0.923612,0.001221,0.362977,-3.883892,53.374599,1.06964,0.003108,0.933913,0.023402,0.35672,-14.518192,7.901755,-3.231677,-0.043827,0.852292,-0.047349,0.519073,3.661978,88.334183,28.24851,0.010164,0.82851,-0.12749,0.545173,4.583704,52.561996,32.801174,-0.02361,0.81854,0.023391,0.573488,-2.725303,7.198781,42.188721,0.003108,0.933913,0.023402,0.35672,-4.767496,2.216056,-14.33571,-0.02361,0.81854,0.023391,0.573488,11.310623,1.866905,37.162128
900,7.5,-0.046356,0.869117,0.052344,0.48964,-1.341769,88.057381,19.950815,-0.039563,0.866208,0.146076,0.476215,-2.388832,95.921806,20.312899,-0.018415,0.873524,0.093933,0.477277,-6.276713,113.786507,24.345335,0.09909,0.938973,-0.046164,0.326158,-9.039548,136.047668,27.668112,0.096292,0.966408,-0.196616,0.134634,-4.625103,150.408203,25.820293,-0.049201,0.84705,0.136386,0.511355,-11.062184,130.814789,23.951115,0.351415,-0.624156,0.180292,-0.674116,-18.950296,131.752518,9.255256,0.247545,-0.033906,-0.346208,-0.904275,-15.109068,114.949379,-8.362241,0.265362,0.113738,-0.552373,-0.782004,3.518332,129.924362,-14.081718,-0.076618,0.921241,0.191632,0.329731,-6.85065,130.369476,30.436342,0.385454,0.865141,0.241212,-0.211595,6.026108,130.616623,41.075794,-0.026411,0.242687,0.516803,-0.820561,21.142269,116.694366,27.468863,0.026436,0.068032,0.503784,-0.860741,12.162501,138.907211,17.897245,0.040518,0.869562,0.146845,0.469742,-6.341478,87.773422,11.660423,0.123078,0.923701,0.001367,0.362803,-3.906851,53.375042,1.075041,0.002812,0.933884,0.023437,0.356796,-14.523638,7.898608,-3.2316,-0.043814,0.852258,-0.047454,0.519119,3.657941,88.341347,28.241205,0.010068,0.828466,-0.127424,0.545258,4.574646,52.569782,32.799858,-0.023655,0.818506,0.023223,0.573541,-2.724477,7.204792,42.186539,0.002812,0.933884,0.023437,0.356796,-4.767723,2.216899,-14.333089,-0.023655,0.818506,0.023223,0.573541,11.311485,1.869597,37.163567
901,7.508333,-0.046338,0.869107,0.052274,0.489666,-1.345455,88.063751,19.942606,-0.039497,0.866221,0.146035,0.476209,-2.391738,95.928322,20.303841,-0.018503,0.873523,0.093972,0.477267,-6.275839,113.789619,24.335308,0.09873,0.938944,-0.045979,0.326377,-9.042956,136.050308,27.657709,0.09628,0.966316,-0.196728,0.135133,-4.639348,150.414536,25.812773,-0.049344,0.847045,0.13631,0.511371,-11.064589,130.816956,23.9408,0.351612,-0.624008,0.180307,-0.674146,-18.951712,131.749405,9.244072,0.247602,-0.033817,-0.346446,-0.904171,-15.101653,114.941994,-8.367404,0.265335,0.113855,-0.552682,-0.781778,3.51765,129.926575,-14.08654,-0.076565,0.921226,0.191531,0.329842,-6.852963,130.372574,30.426035,0.3867,0.864291,0.242187,-0.211683,6.021619,130.618439,41.068153,-0.027648,0.242125,0.518462,-0.819639,21.088535,116.670479,27.432962,0.02514,0.067701,0.505069,-0.860052,12.183959,138.942093,17.932636,0.040589,0.869593,0.146612,0.469751,-6.3447,87.779472,11.651944,0.123013,0.923712,0.001387,0.362797,-3.922421,53.376579,1.078412,0.002796,0.933862,0.023655,0.356839,-14.533021,7.898659,-3.227722,-0.043832,0.852102,-0.047479,0.519372,3.653791,88.34803,28.233265,0.009975,0.828405,-0.12742,0.545353,4.569301,52.576763,32.794418,-0.023684,0.81846,0.023229,0.573606,-2.723473,7.211506,42.184746,0.002796,0.933862,0.023655,0.356839,-4.77498,2.223144,-14.330509,-0.023684,0.81846,0.023229,0.573606,11.313582,1.87697,37.164131
902,7.516667,-0.046654,0.869106,0.052375,0.489628,-1.33929,88.075348,19.937916,-0.039586,0.866274,0.146234,0.476043,-2.390684,95.939285,20.298109,-0.018621,0.873621,0.093823,0.477112,-6.279059,113.792061,24.333603,0.098955,0.938837,-0.045792,0.326642,-9.047064,136.053818,27.648094,0.095801,0.966225,-0.197082,0.135611,-4.638042,150.417542,25.812176,-0.049658,0.84692,0.136325,0.511542,-11.069472,130.818817,23.933945,0.350997,-0.623823,0.180977,-0.674458,-18.949696,131.743607,9.233034,0.247273,-0.033797,-0.346567,-0.904215,-15.100243,114.933273,-8.375785,0.265516,0.114163,-0.553055,-0.781408,3.517482,129.926804,-14.090731,-0.076392,0.921226,0.191354,0.329987,-6.855629,130.37738,30.417936,0.388189,0.86325,0.243551,-0.211643,6.016636,130.618958,41.06295,-0.028612,0.241385,0.520384,-0.818605,21.027506,116.641235,27.396458,0.024161,0.067375,0.506563,-0.859227,12.208099,138.975815,17.969576,0.040851,0.869702,0.146293,0.469626,-6.338697,87.786659,11.647506,0.12293,0.923669,0.001512,0.362935,-3.945333,53.378571,1.084323,0.002282,0.933735,0.023542,0.357183,-14.54392,7.898748,-3.231356,-0.043633,0.85216,-0.047632,0.51928,3.660118,88.364029,28.228325,0.0099,0.82833,-0.127403,0.545473,4.558172,52.592556,32.791355,-0.02487,0.818498,0.02235,0.573535,-2.72927,7.226753,42.183174,0.002282,0.933735,0.023542,0.357183,-4.772584,2.225286,-14.323497,-0.02487,0.818498,0.02235,0.573535,11.312453,1.891274,37.17664
903,7.525,-0.046296,0.869102,0.052142,0.489693,-1.349588,88.070114,19.929411,-0.039464,0.866288,0.146213,0.476035,-2.394287,95.934967,20.28912,-0.018783,0.873631,0.093755,0.477102,-6.279147,113.792076,24.32703,0.098828,0.93877,-0.045736,0.326882,-9.052053,136.054138,27.63538,0.095679,0.966164,-0.197108,0.136093,-4.646202,150.419052,25.801188,-0.049815,0.846885,0.136273,0.5116,-11.07329,130.817673,23.922657,0.351338,-0.623631,0.180924,-0.674472,-18.951004,131.737488,9.220091,0.247689,-0.033523,-0.346753,-0.90404,-15.088754,114.921616,-8.380649,0.265908,0.114283,-0.553624,-0.780854,3.524117,129.923569,-14.092633,-0.076293,0.921188,0.191191,0.330209,-6.859393,130.378937,30.406799,0.389729,0.862048,0.245508,-0.211447,6.008474,130.617737,41.057194,-0.029366,0.240442,0.522335,-0.817613,20.964348,116.615593,27.35545,0.02312,0.067028,0.508043,-0.858408,12.229438,139.006149,18.007093,0.040853,0.869704,0.146093,0.469684,-6.348404,87.785309,11.63851,0.122833,0.923575,0.001542,0.363206,-3.961315,53.373016,1.087597,0.002368,0.933689,0.023932,0.357276,-14.549393,7.890978,-3.230553,-0.043777,0.852221,-0.047719,0.519159,3.64923,88.354912,28.22031,0.009848,0.828375,-0.127327,0.545422,4.553473,52.584946,32.793922,-0.024499,0.818538,0.022849,0.573475,-2.725504,7.217231,42.183102,0.002368,0.933689,0.023932,0.357276,-4.775161,2.227382,-14.325181,-0.024499,0.818538,0.022849,0.573475,11.315106,1.887474,37.167358
904,7.533333,-0.046203,0.869097,0.052,0.489727,-1.355473,88.069435,19.923241,-0.039461,0.866302,0.146247,0.475999,-2.397807,95.934662,20.281689,-0.018869,0.873661,0.093658,0.477063,-6.282716,113.790085,24.320581,0.098659,0.938752,-0.045603,0.327004,-9.056794,136.052826,27.623371,0.095642,0.966124,-0.197121,0.136386,-4.656391,150.419754,25.79192,-0.050058,0.846885,0.135765,0.511711,-11.077984,130.815262,23.912163,0.351651,-0.62351,0.180685,-0.674485,-18.951097,131.720001,9.206197,0.247995,-0.033168,-0.347017,-0.903868,-15.077133,114.904465,-8.392268,0.266315,0.114474,-0.553867,-0.780515,3.526722,129.91806,-14.096313,-0.076027,0.921173,0.190744,0.33057,-6.863552,130.378479,30.39609,0.390948,0.861161,0.246611,-0.211531,5.99771,130.611679,41.054581,-0.030545,0.239959,0.524032,-0.816626,20.904963,116.587379,27.322542,0.021786,0.066732,0.50965,-0.857513,12.249953,139.035721,18.041595,0.040471,0.869748,0.146127,0.469625,-6.353818,87.784889,11.632046,0.123012,0.923612,0.001541,0.363053,-3.942367,53.371071,1.091649,0.002267,0.933731,0.023739,0.357182,-14.546383,7.893154,-3.230728,-0.043758,0.852281,-0.04785,0.519051,3.642872,88.353973,28.214434,0.009855,0.828595,-0.127264,0.545103,4.541638,52.584793,32.795254,-0.024815,0.818461,0.022664,0.573579,-2.731024,7.215595,42.182129,0.002267,0.933731,0.023739,0.357182,-4.774071,2.225296,-14.324875,-0.024815,0.818461,0.022664,0.573579,11.31263,1.886832,37.173851
905,7.541667,-0.046104,0.869106,0.051861,0.489735,-1.357001,88.06794,19.918869,-0.039551,0.866278,0.146329,0.476011,-2.396899,95.93354,20.276161,-0.019081,0.873645,0.093479,0.477118,-6.28616,113.78759,24.315935,0.098431,0.938703,-0.045758,0.327193,-9.064995,136.051483,27.606926,0.09572,0.966127,-0.19676,0.13683,-4.668788,150.419022,25.770014,-0.050273,0.846849,0.135641,0.511782,-11.084601,130.811661,23.898069,0.3519,-0.623247,0.180753,-0.674579,-18.954569,131.708557,9.189932,0.24827,-0.03293,-0.347187,-0.903736,-15.065694,114.88681,-8.399307,0.266614,0.114569,-0.554082,-0.780247,3.533965,129.908829,-14.099547,-0.075834,0.921159,0.190497,0.330796,-6.871115,130.378983,30.382889,0.392199,0.860298,0.247595,-0.211575,5.986124,130.607498,41.046345,-0.031847,0.239515,0.525678,-0.815648,20.844133,116.557541,27.287191,0.02013,0.066516,0.51162,-0.856396,12.267714,139.062943,18.075388,0.040549,0.86979,0.145955,0.469593,-6.355368,87.783737,11.627674,0.122962,0.923521,0.001604,0.363301,-3.955072,53.366749,1.09507,0.002198,0.933713,0.023795,0.357225,-14.551552,7.8877,-3.233871,-0.043685,0.852361,-0.04797,0.518914,3.641366,88.352135,28.210064,0.009776,0.828624,-0.127218,0.545071,4.531885,52.583324,32.795334,-0.024994,0.818533,0.022501,0.573474,-2.731874,7.212872,42.183033,0.002198,0.933713,0.023795,0.357225,-4.777205,2.222094,-14.327378,-0.024994,0.818533,0.022501,0.573474,11.311151,1.883188,37.173969
906,7.55,-0.046042,0.869087,0.051765,0.489783,-1.360519,88.067329,19.913818,-0.039597,0.866252,0.146351,0.476047,-2.398834,95.933174,20.270227,-0.019163,0.873628,0.093361,0.477169,-6.290253,113.787315,24.309797,0.098244,0.938646,-0.04577,0.32741,-9.069987,136.052063,27.594233,0.095759,0.966075,-0.196683,0.137274,-4.678057,150.420792,25.756422,-0.050504,0.846791,0.135553,0.511879,-11.089017,130.811157,23.886591,0.35217,-0.623008,0.180877,-0.674626,-18.95488,131.700592,9.175815,0.2485,-0.032781,-0.347345,-0.903618,-15.05356,114.87014,-8.402355,0.266836,0.114535,-0.554177,-0.780108,3.540924,129.898422,-14.101599,-0.075593,0.921138,0.190091,0.331143,-6.876326,130.380386,30.372047,0.393859,0.859208,0.248605,-0.211736,5.974457,130.603714,41.043381,-0.03316,0.239165,0.527759,-0.814353,20.764767,116.517029,27.248877,0.018502,0.066352,0.513392,-0.855385,12.292137,139.092178,18.106157,0.040614,0.869769,0.145754,0.46969,-6.358074,87.78334,11.62213,0.122903,0.923447,0.001664,0.363508,-3.96757,53.362499,1.099928,0.002218,0.933695,0.023995,0.357257,-14.55601,7.882113,-3.23461,-0.043658,0.852431,-0.048101,0.518788,3.637036,88.351318,28.205505,0.009706,0.828659,-0.12714,0.545037,4.521652,52.583237,32.797676,-0.024821,0.818531,0.022608,0.573481,-2.732356,7.210782,42.183258,0.002218,0.933695,0.023995,0.357257,-4.780273,2.221817,-14.329595,-0.024821,0.818531,0.022608,0.573481,11.30981,1.880722,37.172199
907,7.558333,-0.046084,0.86906,0.051762,0.489829,-1.359199,88.071175,19.911367,-0.039661,0.866229,0.146347,0.476084,-2.39809,95.936966,20.267349,-0.019346,0.8736,0.093284,0.477228,-6.291117,113.788315,24.304863,0.098097,0.938585,-0.045814,0.327622,-9.076651,136.053391,27.582138,0.095788,0.966041,-0.196548,0.137688,-4.687615,150.422806,25.742889,-0.050784,0.846654,0.135372,0.512126,-11.093822,130.810898,23.875731,0.35241,-0.62279,0.181043,-0.674658,-18.950294,131.690643,9.159352,0.248708,-0.032584,-0.347535,-0.903495,-15.038498,114.850868,-8.407535,0.267051,0.114678,-0.554281,-0.779939,3.550376,129.887711,-14.103736,-0.075419,0.92111,0.189919,0.331359,-6.882119,130.383072,30.362028,0.395091,0.858409,0.249391,-0.211759,5.964767,130.601532,41.038162,-0.034222,0.238873,0.52957,-0.813219,20.706705,116.486725,27.22064,0.017308,0.06541,0.515097,-0.854457,12.325479,139.119812,18.136127,0.040505,0.869741,0.145712,0.469763,-6.355819,87.786522,11.619136,0.123024,0.923334,0.001581,0.363754,-3.959085,53.364147,1.103333,0.002199,0.933688,0.023999,0.357275,-14.55955,7.886532,-3.230926,-0.043561,0.852338,-0.04816,0.518945,3.63742,88.355827,28.203598,0.009593,0.828557,-0.127086,0.545206,4.512973,52.587543,32.795918,-0.024723,0.818467,0.022808,0.573568,-2.731406,7.213611,42.18177,0.002199,0.933688,0.023999,0.357275,-4.78318,2.226555,-14.325515,-0.024723,0.818467,0.022808,0.573568,11.31213,1.886748,37.17115
908,7.566667,-0.046097,0.869001,0.051772,0.489931,-1.3593,88.075783,19.907085,-0.039729,0.866185,0.146328,0.476166,-2.398485,95.941536,20.262981,-0.019449,0.873554,0.093258,0.477313,-6.293325,113.791046,24.297901,0.097902,0.938507,-0.045786,0.327909,-9.082697,136.056168,27.571609,0.095844,0.965947,-0.196615,0.138213,-4.69827,150.427063,25.732904,-0.050975,0.846599,0.135285,0.51222,-11.098345,130.812881,23.865477,0.352733,-0.62257,0.181132,-0.674668,-18.950943,131.686249,9.146647,0.249033,-0.032472,-0.347604,-0.903382,-15.027237,114.837311,-8.408811,0.267239,0.114796,-0.554235,-0.77989,3.55842,129.875183,-14.105901,-0.075284,0.921085,0.189714,0.331579,-6.887954,130.386536,30.352724,0.396348,0.857414,0.251061,-0.211466,5.954748,130.601624,41.033955,-0.03491,0.238304,0.531237,-0.812268,20.653761,116.466888,27.191109,0.016368,0.065339,0.516716,-0.853503,12.351314,139.14711,18.165611,0.040545,0.869668,0.145555,0.469943,-6.353962,87.791153,11.613674,0.123205,0.923194,0.001444,0.364049,-3.962941,53.365719,1.106615,0.00184,0.93352,0.023884,0.357724,-14.58205,7.892239,-3.225343,-0.043502,0.852211,-0.048233,0.51915,3.635363,88.360405,28.200495,0.009448,0.828318,-0.127023,0.545587,4.503454,52.592266,32.795353,-0.024934,0.818455,0.022671,0.573581,-2.730764,7.216573,42.180546,0.00184,0.93352,0.023884,0.357724,-4.791647,2.232628,-14.30774,-0.024934,0.818455,0.022671,0.573581,11.314041,1.890024,37.173141
909,7.575,-0.046114,0.868949,0.051712,0.490027,-1.358709,88.078323,19.904554,-0.039832,0.866134,0.1464,0.476226,-2.397704,95.944153,20.259373,-0.019543,0.873525,0.093129,0.477387,-6.29685,113.789894,24.293821,0.097783,0.938441,-0.0457,0.328143,-9.087441,136.055939,27.560207,0.095854,0.965895,-0.196584,0.138615,-4.706262,150.428146,25.72411,-0.051049,0.846558,0.135024,0.51235,-11.10227,130.811462,23.855318,0.353711,-0.622441,0.180673,-0.674398,-18.950176,131.678909,9.13364,0.249763,-0.03225,-0.347715,-0.903146,-15.010363,114.81987,-8.408504,0.267304,0.114923,-0.554337,-0.779777,3.569777,129.858246,-14.10847,-0.075095,0.921034,0.189318,0.331989,-6.89304,130.387207,30.343452,0.397782,0.856413,0.252494,-0.211123,5.941504,130.598145,41.034565,-0.035626,0.238044,0.532928,-0.811205,20.591541,116.433083,27.170807,0.015137,0.0655,0.518086,-0.852683,12.375277,139.163773,18.191729,0.040634,0.869627,0.145355,0.470074,-6.351511,87.792984,11.610049,0.123172,0.923125,0.001474,0.364234,-3.971398,53.363884,1.112544,0.001832,0.933503,0.023964,0.357762,-14.585818,7.889652,-3.22305,-0.043426,0.852147,-0.048346,0.519251,3.634093,88.363663,28.199059,0.00933,0.828178,-0.126924,0.545824,4.492718,52.595837,32.798107,-0.024946,0.818413,0.022716,0.573639,-2.729948,7.217571,42.179764,0.001832,0.933503,0.023964,0.357762,-4.794095,2.232328,-14.305446,-0.024946,0.818413,0.022716,0.573639,11.315936,1.892326,37.174004
910,7.583333,-0.046121,0.868908,0.051607,0.49011,-1.360469,88.078461,19.902817,-0.03984,0.866108,0.146327,0.476296,-2.398789,95.94445,20.256033,-0.019732,0.873489,0.092948,0.477482,-6.296687,113.788376,24.287119,0.097506,0.938385,-0.04575,0.32838,-9.091224,136.055618,27.541996,0.096031,0.965858,-0.196333,0.139104,-4.716385,150.429413,25.703129,-0.051128,0.846573,0.134971,0.512331,-11.104414,130.809052,23.83917,0.354368,-0.622187,0.180642,-0.674296,-18.952709,131.673279,9.117508,0.250395,-0.032037,-0.347825,-0.902936,-14.996769,114.800438,-8.407734,0.267744,0.114869,-0.554282,-0.779673,3.578204,129.840012,-14.109385,-0.07483,0.920901,0.189028,0.332581,-6.896693,130.388565,30.328527,0.398854,0.855785,0.252895,-0.211166,5.92603,130.590485,41.033989,-0.036762,0.238191,0.53436,-0.810168,20.53307,116.397224,27.15373,0.014012,0.06582,0.519503,-0.851815,12.398336,139.176071,18.214136,0.040709,0.869571,0.145195,0.47022,-6.35168,87.792122,11.607388,0.123134,0.923098,0.001553,0.364317,-3.979959,53.3601,1.117558,0.001825,0.933459,0.024102,0.357869,-14.588076,7.885018,-3.224524,-0.043352,0.851932,-0.048423,0.519603,3.63074,88.364807,28.198246,0.009231,0.828269,-0.126843,0.545707,4.480025,52.597046,32.79958,-0.024632,0.818406,0.022948,0.573653,-2.729524,7.216692,42.181217,0.001825,0.933459,0.024102,0.357869,-4.793171,2.23157,-14.306087,-0.024632,0.818406,0.022948,0.573653,11.315071,1.89169,37.171589
911,7.591667,-0.046024,0.868899,0.051414,0.490156,-1.36257,88.077354,19.902164,-0.039975,0.866111,0.146331,0.476278,-2.398078,95.943802,20.253437,-0.019822,0.873519,0.092767,0.477458,-6.300177,113.786636,24.282169,0.097271,0.938383,-0.045713,0.328462,-9.094253,136.055237,27.528084,0.096229,0.965838,-0.196134,0.139389,-4.725953,150.430923,25.688404,-0.051794,0.845969,0.135636,0.513086,-11.107688,130.80719,23.827494,0.354349,-0.622127,0.181449,-0.674144,-18.927813,131.668427,9.090673,0.250455,-0.031817,-0.347956,-0.902877,-14.982626,114.771736,-8.413998,0.268158,0.114779,-0.554391,-0.779467,3.591038,129.820709,-14.109238,-0.074636,0.920819,0.188775,0.332994,-6.89967,130.389282,30.316826,0.400145,0.854957,0.25373,-0.211079,5.91484,130.585266,41.03223,-0.037531,0.238019,0.535831,-0.809211,20.472836,116.361488,27.131701,0.012987,0.06626,0.521087,-0.850829,12.415738,139.182571,18.235844,0.040759,0.869483,0.145076,0.470415,-6.353079,87.790871,11.606317,0.122932,0.922931,0.001661,0.364805,-3.986238,53.356659,1.122545,0.001919,0.933586,0.024205,0.35753,-14.57116,7.876939,-3.227582,-0.043302,0.851947,-0.04854,0.519572,3.627939,88.363838,28.198009,0.009135,0.828291,-0.126737,0.545699,4.469927,52.596581,32.804588,-0.024527,0.818543,0.022839,0.573467,-2.726662,7.213545,42.183201,0.001919,0.933586,0.024205,0.35753,-4.784809,2.225486,-14.317719,-0.024527,0.818543,0.022839,0.573467,11.314045,1.884024,37.167473
912,7.6,-0.045815,0.868889,0.051167,0.490219,-1.370611,88.076973,19.902271,-0.040038,0.866063,0.146326,0.476361,-2.401359,95.94413,20.251701,-0.019958,0.873476,0.092537,0.477575,-6.305827,113.787033,24.278791,0.097242,0.938269,-0.045721,0.328793,-9.100766,136.057312,27.51239,0.096179,0.965768,-0.196134,0.139906,-4.731998,150.433044,25.674168,-0.051944,0.845969,0.135344,0.513148,-11.11318,130.807358,23.813959,0.354789,-0.621712,0.181714,-0.674225,-18.930658,131.659607,9.075215,0.250983,-0.031639,-0.348131,-0.902669,-14.96474,114.747169,-8.409553,0.268705,0.114728,-0.554489,-0.779216,3.603022,129.801315,-14.107576,-0.074272,0.920723,0.188447,0.333527,-6.906971,130.392807,30.304682,0.401264,0.854202,0.254651,-0.210901,5.897479,130.577606,41.032299,-0.038274,0.237914,0.537228,-0.808281,20.414976,116.328964,27.114891,0.012205,0.066779,0.522543,-0.849906,12.432761,139.190918,18.258371,0.040748,0.869532,0.144916,0.470375,-6.360309,87.791725,11.605894,0.122818,0.92286,0.001821,0.365023,-3.998762,53.354103,1.132148,0.001783,0.933654,0.024145,0.357357,-14.567468,7.871807,-3.230451,-0.043306,0.852025,-0.048597,0.519438,3.619086,88.362221,28.198647,0.00907,0.828345,-0.12667,0.545635,4.459944,52.595402,32.808762,-0.023441,0.818483,0.023266,0.573581,-2.727408,7.210648,42.186119,0.001783,0.933654,0.024145,0.357357,-4.783916,2.220147,-14.322951,-0.023441,0.818483,0.023266,0.573581,11.30734,1.872813,37.162567
913,7.608333,-0.045998,0.868837,0.051118,0.490299,-1.364555,88.079865,19.903183,-0.040207,0.866009,0.146326,0.476446,-2.397469,95.946838,20.250412,-0.020075,0.873425,0.092466,0.477677,-6.30717,113.786339,24.273413,0.097169,0.938181,-0.045864,0.329047,-9.105596,136.057007,27.501354,0.096068,0.965734,-0.196043,0.140342,-4.736618,150.432266,25.659943,-0.052018,0.845975,0.135112,0.513191,-11.116447,130.806,23.803585,0.355149,-0.621351,0.181947,-0.674305,-18.93219,131.652374,9.06358,0.251588,-0.031416,-0.348202,-0.902481,-14.948344,114.726746,-8.404345,0.269327,0.114833,-0.55475,-0.778799,3.618467,129.783279,-14.103654,-0.07416,0.920664,0.188254,0.333824,-6.911825,130.393387,30.295458,0.402221,0.8535,0.255723,-0.210623,5.886561,130.574875,41.030369,-0.038934,0.237726,0.538405,-0.807521,20.37191,116.307472,27.098679,0.011422,0.067332,0.523767,-0.84912,12.451179,139.20285,18.280815,0.040889,0.869496,0.144788,0.470469,-6.352406,87.791199,11.605814,0.122787,0.922821,0.001839,0.365132,-4.003001,53.351723,1.135436,0.001698,0.933661,0.024153,0.357338,-14.567918,7.868713,-3.228887,-0.043189,0.851871,-0.0487,0.519691,3.623296,88.36853,28.200552,0.009005,0.82829,-0.126555,0.545745,4.451715,52.601696,32.812828,-0.023203,0.818425,0.023363,0.573669,-2.725988,7.214105,42.183857,0.001698,0.933661,0.024153,0.357338,-4.78384,2.218156,-14.321486,-0.023203,0.818425,0.023363,0.573669,11.30826,1.874565,37.160717
914,7.616667,-0.045988,0.868765,0.051049,0.490435,-1.366572,88.085945,19.905682,-0.040348,0.865936,0.146272,0.476584,-2.398874,95.953041,20.251884,-0.020022,0.873367,0.092385,0.477802,-6.312022,113.78907,24.269196,0.097318,0.938069,-0.045896,0.329317,-9.107058,136.060516,27.494696,0.095739,0.965706,-0.196097,0.140685,-4.732743,150.434448,25.655493,-0.051477,0.846698,0.133901,0.51237,-11.117924,130.809601,23.796789,0.355991,-0.620706,0.181541,-0.674565,-18.963686,131.645584,9.072145,0.252702,-0.031395,-0.348193,-0.902174,-14.933032,114.716698,-8.38188,0.26998,0.114906,-0.554966,-0.778409,3.632075,129.764404,-14.09812,-0.074002,0.920609,0.187921,0.3342,-6.915115,130.396683,30.289818,0.40262,0.853126,0.256344,-0.210618,5.875674,130.574554,41.03384,-0.039708,0.23776,0.539103,-0.807008,20.345284,116.304161,27.088869,0.010498,0.067612,0.52469,-0.84854,12.466627,139.216644,18.301561,0.040902,0.869413,0.144674,0.470657,-6.351851,87.796989,11.606778,0.122815,0.922838,0.001897,0.365079,-4.00487,53.355217,1.143414,0.001793,0.933601,0.024168,0.357494,-14.570477,7.87288,-3.226313,-0.043163,0.851692,-0.04872,0.519984,3.618707,88.374893,28.204584,0.008927,0.828132,-0.126442,0.546013,4.443201,52.608036,32.81744,-0.024502,0.818522,0.022636,0.573506,-2.725687,7.217619,42.181545,0.001793,0.933601,0.024168,0.357494,-4.783737,2.221717,-14.316252,-0.024502,0.818522,0.022636,0.573506,11.31405,1.882734,37.168808
915,7.625,-0.046079,0.868717,0.050992,0.490517,-1.368215,88.089264,19.906963,-0.040241,0.86583,0.146026,0.47686,-2.401352,95.956322,20.251572,-0.020189,0.873179,0.092324,0.47815,-6.30696,113.790596,24.260754,0.097271,0.937953,-0.045796,0.329673,-9.108615,136.062241,27.479118,0.095688,0.965671,-0.196076,0.140989,-4.735246,150.437012,25.644341,-0.051447,0.846783,0.133872,0.512241,-11.115505,130.810165,23.780701,0.356382,-0.620324,0.181935,-0.674604,-18.965794,131.645798,9.058454,0.253316,-0.031234,-0.348197,-0.902006,-14.918839,114.698196,-8.373618,0.270505,0.114986,-0.555136,-0.778093,3.645937,129.743713,-14.092788,-0.073895,0.920493,0.187761,0.33463,-6.917962,130.399399,30.277269,0.403293,0.852654,0.257035,-0.210403,5.863739,130.5728,41.032173,-0.040349,0.237642,0.540132,-0.806322,20.311108,116.287971,27.078924,0.010204,0.067697,0.525235,-0.848199,12.486813,139.231842,18.324862,0.040914,0.869391,0.144578,0.470725,-6.351768,87.79837,11.607091,0.122806,0.922796,0.001896,0.365189,-4.008027,53.354656,1.1494,0.001729,0.933589,0.024287,0.357519,-14.572384,7.872123,-3.221195,-0.04312,0.851558,-0.048745,0.520206,3.615338,88.380157,28.206837,0.008801,0.827907,-0.126345,0.546379,4.435026,52.613216,32.819847,-0.024471,0.818457,0.022718,0.573597,-2.723279,7.220316,42.179958,0.001729,0.933589,0.024287,0.357519,-4.783844,2.224913,-14.311561,-0.024471,0.818457,0.022718,0.573597,11.317766,1.886909,37.169315
916,7.633333,-0.04618,0.868649,0.050903,0.490637,-1.368639,88.087372,19.908884,-0.040388,0.865802,0.145902,0.476936,-2.402528,95.954422,20.251326,-0.020166,0.873165,0.092205,0.4782,-6.311425,113.791313,24.253996,0.097275,0.937851,-0.045902,0.32995,-9.109749,136.064011,27.468061,0.095395,0.965634,-0.196033,0.141498,-4.734311,150.437988,25.632032,-0.051478,0.846795,0.133622,0.512282,-11.117127,130.811584,23.770388,0.356535,-0.619878,0.182535,-0.67477,-18.965895,131.642212,9.047045,0.25368,-0.031169,-0.348279,-0.901874,-14.902464,114.676285,-8.363364,0.270993,0.114931,-0.555297,-0.777817,3.659554,129.723328,-14.086668,-0.07377,0.920394,0.187615,0.335013,-6.920307,130.401306,30.267456,0.404084,0.852101,0.257907,-0.210056,5.853432,130.569839,41.031891,-0.040657,0.237639,0.541048,-0.805693,20.276505,116.26738,27.07156,0.00927,0.067477,0.525793,-0.847881,12.503007,139.235947,18.335638,0.041053,0.86932,0.144454,0.470883,-6.34974,87.794098,11.607622,0.122765,0.92214,0.001658,0.366856,-4.017082,53.348637,1.15322,0.001549,0.933607,0.024432,0.357461,-14.578229,7.865066,-3.214388,-0.043126,0.85144,-0.04882,0.520391,3.612463,88.380646,28.210146,0.008802,0.82791,-0.126227,0.546401,4.428674,52.614258,32.828117,-0.024217,0.818408,0.022949,0.573669,-2.723932,7.218546,42.178993,0.001549,0.933607,0.024432,0.357461,-4.788432,2.223738,-14.306641,-0.024217,0.818408,0.022949,0.573669,11.317067,1.886399,37.166866
917,7.641667,-0.046193,0.868594,0.050734,0.490751,-1.370267,88.08506,19.912874,-0.040494,0.865728,0.145922,0.477056,-2.403071,95.95237,20.252756,-0.020238,0.873106,0.091964,0.478351,-6.316404,113.789177,24.253731,0.096977,0.937789,-0.045862,0.330218,-9.112925,136.063736,27.45628,0.095471,0.965564,-0.196026,0.141935,-4.745125,150.440018,25.619953,-0.05147,0.8468,0.13327,0.512366,-11.119722,130.809845,23.76041,0.356719,-0.619523,0.182979,-0.674879,-18.965626,131.63504,9.035235,0.25415,-0.031005,-0.34829,-0.901743,-14.888493,114.653992,-8.357206,0.271607,0.114934,-0.555395,-0.777532,3.672944,129.700027,-14.080959,-0.073557,0.920335,0.187238,0.335431,-6.92518,130.4021,30.259109,0.404855,0.85148,0.259129,-0.209587,5.840259,130.565536,41.033466,-0.040649,0.237579,0.541895,-0.805142,20.242298,116.249779,27.065056,0.008443,0.067427,0.526606,-0.84739,12.516168,139.233353,18.341654,0.041134,0.869308,0.144405,0.470914,-6.349168,87.790123,11.610352,0.122644,0.922025,0.001707,0.367186,-4.022892,53.34412,1.156318,0.00156,0.933661,0.024532,0.357314,-14.57048,7.857767,-3.215137,-0.043085,0.851568,-0.048882,0.520179,3.608634,88.379997,28.215397,0.008816,0.82815,-0.126109,0.546065,4.421121,52.613796,32.835445,-0.023222,0.818293,0.023333,0.573858,-2.722717,7.215306,42.179554,0.00156,0.933661,0.024532,0.357314,-4.783837,2.219138,-14.311542,-0.023222,0.818293,0.023333,0.573858,11.313815,1.875385,37.163208
918,7.65,-0.046074,0.868575,0.050444,0.490826,-1.380204,88.079491,19.916033,-0.040507,0.86569,0.145818,0.477156,-2.409148,95.947433,20.252787,-0.020252,0.873059,0.09184,0.47846,-6.322432,113.789452,24.250679,0.096994,0.937716,-0.045823,0.330425,-9.117224,136.065033,27.447742,0.095342,0.965514,-0.196158,0.142179,-4.748587,150.44136,25.613901,-0.051624,0.846768,0.132946,0.512488,-11.123713,130.810547,23.752516,0.356952,-0.619248,0.183292,-0.674923,-18.964935,131.626419,9.024325,0.254734,-0.030736,-0.348209,-0.901619,-14.876702,114.632286,-8.352736,0.272328,0.114939,-0.555469,-0.777226,3.688829,129.675537,-14.07351,-0.073434,0.920281,0.187076,0.335697,-6.930797,130.403748,30.252323,0.412288,0.840526,0.28976,-0.198933,5.829282,130.563431,41.033089,-0.028311,0.226707,0.547597,-0.804947,20.14645,116.322556,26.901829,0.00804,0.067597,0.527433,-0.846865,12.528105,139.226608,18.349236,0.04098,0.869278,0.144464,0.470964,-6.357895,87.783905,11.612805,0.122592,0.922494,0.001994,0.366022,-4.019387,53.338211,1.160467,0.001602,0.933718,0.024532,0.357164,-14.558228,7.850769,-3.220721,-0.043179,0.851732,-0.048887,0.519902,3.597487,88.375069,28.219259,0.008854,0.828359,-0.126062,0.545757,4.417093,52.609489,32.842869,-0.022966,0.818401,0.02335,0.573714,-2.723814,7.209966,42.184174,0.001602,0.933718,0.024532,0.357164,-4.775559,2.211759,-14.32044,-0.022966,0.818401,0.02335,0.573714,11.308736,1.866034,37.16095
919,7.658333,-0.046079,0.868505,0.050343,0.490959,-1.385194,88.078506,19.919092,-0.04054,0.865605,0.145713,0.477339,-2.413477,95.946602,20.254255,-0.020247,0.872966,0.091697,0.478657,-6.326125,113.786491,24.246721,0.096637,0.937678,-0.04562,0.330666,-9.11835,136.063278,27.437645,0.095502,0.965424,-0.196292,0.1425,-4.760576,150.443344,25.607267,-0.051666,0.84671,0.132868,0.5126,-11.124155,130.808334,23.742697,0.357058,-0.618964,0.183852,-0.674976,-18.961386,131.622284,9.012276,0.254995,-0.030669,-0.348165,-0.901564,-14.865905,114.61084,-8.346113,0.272663,0.114953,-0.555166,-0.777323,3.699905,129.650452,-14.067305,-0.073395,0.920216,0.186945,0.335957,-6.934164,130.402222,30.244434,0.413388,0.839755,0.290908,-0.198228,5.820269,130.560364,41.031898,-0.028368,0.226623,0.548658,-0.804246,20.106491,116.290794,26.898266,0.00767,0.068343,0.527973,-0.846472,12.54461,139.2229,18.35911,0.041142,0.869005,0.14459,0.471414,-6.360352,87.782059,11.614379,0.122541,0.921761,0.001549,0.367883,-4.022221,53.339958,1.150127,0.001516,0.933737,0.024471,0.357118,-14.563197,7.851198,-3.212159,-0.04321,0.851768,-0.048896,0.51984,3.589965,88.374947,28.223804,0.008795,0.828267,-0.125976,0.545919,4.411438,52.609627,32.849052,-0.023311,0.818469,0.023055,0.573614,-2.722304,7.207969,42.185448,0.001516,0.933737,0.024471,0.357118,-4.780914,2.211421,-14.311825,-0.023311,0.818469,0.023055,0.573614,11.31039,1.862776,37.163982
920,7.666667,-0.046152,0.868447,0.050282,0.491062,-1.386298,88.080002,19.923586,-0.040612,0.865534,0.145678,0.477471,-2.415151,95.948097,20.257206,-0.020322,0.872894,0.091516,0.47882,-6.330092,113.788055,24.246666,0.096665,0.937573,-0.045859,0.330923,-9.121988,136.066193,27.428371,0.095425,0.965408,-0.196132,0.142878,-4.760311,150.444458,25.593182,-0.051699,0.846655,0.132711,0.512728,-11.12677,130.810043,23.734604,0.357438,-0.618774,0.184083,-0.674886,-18.959484,131.621048,9.001623,0.255531,-0.030429,-0.348009,-0.901481,-14.856598,114.594498,-8.340204,0.273108,0.115025,-0.55466,-0.777518,3.71415,129.627075,-14.057551,-0.07332,0.920161,0.186705,0.336256,-6.939239,130.406021,30.238052,0.413892,0.839301,0.291941,-0.197581,5.808841,130.562561,41.033043,-0.028584,0.226609,0.549276,-0.803821,20.08713,116.282204,26.9023,0.007437,0.069234,0.528727,-0.845931,12.561607,139.224426,18.377813,0.041129,0.868911,0.14457,0.471595,-6.35937,87.781891,11.617685,0.122587,0.921893,0.001644,0.367536,-4.018889,53.339279,1.155625,0.001518,0.933751,0.024426,0.357086,-14.562157,7.851606,-3.212497,-0.043202,0.851656,-0.048904,0.520024,3.586774,88.378105,28.229486,0.008781,0.828241,-0.125851,0.545986,4.406497,52.612793,32.855087,-0.023348,0.818401,0.022992,0.573713,-2.720624,7.208171,42.182125,0.001518,0.933751,0.024426,0.357086,-4.780836,2.210547,-14.312355,-0.023348,0.818401,0.022992,0.573713,11.313216,1.862079,37.164822
921,7.675,-0.046342,0.868365,0.050316,0.491186,-1.382904,88.083443,19.929235,-0.040917,0.865454,0.145563,0.477626,-2.414682,95.951202,20.2617,-0.020248,0.872834,0.091398,0.478955,-6.338146,113.791367,24.241287,0.096726,0.937478,-0.045932,0.331165,-9.125039,136.070633,27.419525,0.09534,0.965376,-0.196074,0.143231,-4.760152,150.447922,25.584381,-0.051779,0.84657,0.132605,0.512888,-11.130162,130.81456,23.725817,0.357556,-0.618443,0.184647,-0.674972,-18.957127,131.622314,8.989602,0.255837,-0.03034,-0.347917,-0.901433,-14.844352,114.578415,-8.332827,0.273392,0.115096,-0.554498,-0.777523,3.729671,129.606659,-14.050165,-0.073434,0.919976,0.186861,0.336652,-6.944591,130.410217,30.230507,0.414405,0.838893,0.292769,-0.197012,5.794032,130.565613,41.036667,-0.028991,0.226672,0.549963,-0.803318,20.062435,116.272163,26.909172,0.007343,0.070046,0.528689,-0.845889,12.578544,139.22876,18.402081,0.041117,0.869137,0.144315,0.471258,-6.353273,87.782677,11.621814,0.122625,0.921954,0.001866,0.367369,-4.024877,53.33469,1.174776,0.001631,0.933699,0.024671,0.357203,-14.564499,7.847962,-3.211909,-0.043127,0.85152,-0.048884,0.520253,3.587464,88.384216,28.236658,0.00872,0.828082,-0.125804,0.54624,4.402093,52.61829,32.858452,-0.023113,0.818359,0.023197,0.573773,-2.720644,7.212433,42.182835,0.001631,0.933699,0.024671,0.357203,-4.780639,2.212512,-14.312374,-0.023113,0.818359,0.023197,0.573773,11.313031,1.867295,37.164059
922,7.683333,-0.046402,0.868315,0.050245,0.491275,-1.385418,88.085297,19.934086,-0.040968,0.865404,0.145455,0.477745,-2.417511,95.953079,20.264994,-0.020277,0.872772,0.091306,0.479083,-6.340734,113.791801,24.239168,0.096636,0.937404,-0.045996,0.331392,-9.127251,136.071762,27.412781,0.095309,0.965332,-0.196047,0.143583,-4.763426,150.449219,25.576309,-0.051803,0.846516,0.132486,0.513005,-11.131605,130.815186,23.719387,0.357564,-0.618179,0.185125,-0.675079,-18.954491,131.62085,8.980888,0.256067,-0.030256,-0.347746,-0.901436,-14.834319,114.564499,-8.327524,0.273658,0.11513,-0.554212,-0.777628,3.744876,129.585175,-14.042659,-0.073268,0.920027,0.186343,0.336837,-6.947954,130.411697,30.225368,0.415053,0.838474,0.293327,-0.196601,5.787325,130.566757,41.03548,-0.029954,0.226807,0.550672,-0.802759,20.037209,116.254593,26.908249,0.006751,0.071162,0.527784,-0.846366,12.59746,139.232819,18.431482,0.041008,0.869077,0.144394,0.471353,-6.353979,87.782959,11.625637,0.122687,0.922486,0.002103,0.366011,-4.014908,53.335964,1.177695,0.001768,0.933691,0.024671,0.357224,-14.558113,7.850754,-3.216129,-0.043065,0.851442,-0.04893,0.520383,3.583143,88.387627,28.242535,0.008648,0.828009,-0.125646,0.546388,4.391518,52.621639,32.864914,-0.023236,0.818311,0.023254,0.573836,-2.719241,7.211957,42.179802,0.001768,0.933691,0.024671,0.357224,-4.775283,2.213867,-14.316786,-0.023236,0.818311,0.023254,0.573836,11.316664,1.870339,37.163498
923,7.691667,-0.046464,0.868266,0.050138,0.491368,-1.38815,88.083122,19.938562,-0.040979,0.865384,0.145436,0.477786,-2.420291,95.950989,20.267405,-0.020398,0.872762,0.091084,0.47914,-6.344163,113.791946,24.241041,0.096355,0.937355,-0.046175,0.331587,-9.130877,136.073517,27.403116,0.095469,0.965276,-0.19591,0.144038,-4.772414,150.451736,25.560001,-0.05182,0.846448,0.132281,0.513168,-11.13477,130.815125,23.71207,0.357711,-0.617984,0.18542,-0.675099,-18.952,131.617615,8.970399,0.256415,-0.030228,-0.347346,-0.901492,-14.825336,114.550224,-8.325582,0.273475,0.115366,-0.554383,-0.777536,3.768621,129.554855,-14.04078,-0.073248,0.919989,0.1861,0.337078,-6.952038,130.414841,30.21884,0.412427,0.84364,0.278484,-0.20155,5.77791,130.57045,41.035225,-0.037701,0.232838,0.549028,-0.801832,20.037783,116.18589,26.991833,0.005816,0.072618,0.52668,-0.846937,12.624398,139.243561,18.467066,0.041151,0.86906,0.144337,0.47139,-6.354836,87.77887,11.629062,0.12259,0.921934,0.001919,0.367431,-4.026233,53.331543,1.179904,0.001459,0.933751,0.024658,0.357071,-14.560795,7.844028,-3.210839,-0.043029,0.851591,-0.0491,0.520126,3.578536,88.387375,28.248062,0.00866,0.828188,-0.125514,0.546147,4.379731,52.622379,32.879326,-0.023191,0.818406,0.023148,0.573705,-2.722532,7.209593,42.185558,0.001459,0.933751,0.024658,0.357071,-4.778182,2.210036,-14.313154,-0.023191,0.818406,0.023148,0.573705,11.310738,1.864615,37.16547
924,7.7,-0.046349,0.868164,0.049843,0.491587,-1.393199,88.077202,19.942783,-0.040996,0.865258,0.145461,0.478005,-2.421561,95.945702,20.268211,-0.02035,0.872656,0.090857,0.479378,-6.348644,113.791916,24.242596,0.096462,0.937267,-0.045908,0.331842,-9.129417,136.075455,27.396103,0.095286,0.965235,-0.196122,0.144147,-4.769621,150.454575,25.56299,-0.051874,0.846528,0.131982,0.513108,-11.133191,130.816559,23.705706,0.358266,-0.617852,0.185316,-0.674953,-18.952286,131.612015,8.964649,0.25718,-0.0298,-0.347437,-0.901254,-14.815691,114.534805,-8.319263,0.274519,0.115351,-0.553856,-0.777546,3.771894,129.539978,-14.027985,-0.073171,0.919918,0.185716,0.337501,-6.953959,130.416946,30.214764,0.41321,0.84307,0.279324,-0.20117,5.766832,130.571716,41.04192,-0.039104,0.23313,0.549983,-0.801025,20.002371,116.169296,26.992147,0.004701,0.07397,0.525457,-0.847585,12.650797,139.257965,18.507608,0.041189,0.868969,0.144348,0.471552,-6.35591,87.772369,11.630934,0.122598,0.921843,0.001912,0.367657,-4.027419,53.325485,1.180275,0.00188,0.933683,0.024916,0.357228,-14.561788,7.838151,-3.212715,-0.042966,0.851658,-0.049176,0.520013,3.569512,88.382027,28.254635,0.008575,0.82816,-0.125402,0.546216,4.3646,52.617176,32.888077,-0.024733,0.818675,0.02172,0.573314,-2.726146,7.20163,42.189617,0.00188,0.933683,0.024916,0.357228,-4.779066,2.206892,-14.316315,-0.024733,0.818675,0.02172,0.573314,11.307814,1.848392,37.180283
925,7.708333,-0.046381,0.868111,0.049598,0.491703,-1.398972,88.076172,19.949827,-0.041046,0.865233,0.145347,0.478081,-2.425904,95.945007,20.27149,-0.020343,0.872637,0.09071,0.47944,-6.353168,113.793266,24.241224,0.096446,0.937223,-0.045902,0.331972,-9.130705,136.078033,27.388903,0.09534,0.965196,-0.196141,0.144342,-4.770956,150.457245,25.556549,-0.051956,0.846494,0.131757,0.513214,-11.134854,130.818558,23.69953,0.357926,-0.617601,0.186097,-0.675149,-18.95005,131.608353,8.95609,0.257206,-0.029813,-0.347222,-0.901329,-14.812422,114.518181,-8.314763,0.274767,0.115433,-0.553732,-0.777534,3.786021,129.517792,-14.022973,-0.073127,0.919848,0.185445,0.33785,-6.956544,130.419846,30.209238,0.413954,0.842469,0.280258,-0.200858,5.756598,130.57399,41.045399,-0.040716,0.233227,0.55083,-0.800334,19.968016,116.157875,26.985254,0.003109,0.07553,0.52518,-0.847627,12.666139,139.282928,18.551693,0.041272,0.868949,0.14432,0.471589,-6.359428,87.768623,11.636726,0.122168,0.922127,0.002074,0.367086,-4.036612,53.321659,1.185063,0.001596,0.934016,0.025049,0.356347,-14.531618,7.824516,-3.200623,-0.042895,0.851645,-0.049259,0.520033,3.561485,88.383713,28.262924,0.008668,0.828772,-0.125241,0.545323,4.348941,52.619003,32.898811,-0.024743,0.818701,0.021661,0.573277,-2.730747,7.199809,42.190968,0.001596,0.934016,0.025049,0.356347,-4.765862,2.200186,-14.32266,-0.024743,0.818701,0.021661,0.573277,11.302513,1.845308,37.181
926,7.716667,-0.046417,0.868088,0.049547,0.491745,-1.400453,88.077545,19.954929,-0.040972,0.865204,0.145334,0.478143,-2.427499,95.946411,20.27557,-0.020486,0.872593,0.090537,0.479547,-6.352198,113.793945,24.245722,0.096405,0.937161,-0.045947,0.332151,-9.132025,136.079865,27.383173,0.095378,0.965156,-0.196154,0.144573,-4.772352,150.459045,25.550238,-0.052132,0.846334,0.131752,0.513461,-11.134865,130.818695,23.69552,0.357962,-0.617561,0.186412,-0.67508,-18.940948,131.604797,8.94707,0.257377,-0.02968,-0.347009,-0.901366,-14.806678,114.504372,-8.31443,0.274885,0.115485,-0.553471,-0.777671,3.799325,129.496536,-14.016988,-0.073038,0.919744,0.185102,0.33834,-6.958227,130.423035,30.206484,0.414791,0.841656,0.281838,-0.200325,5.744252,130.574997,41.055153,-0.04185,0.233247,0.551954,-0.799495,19.931957,116.148972,26.981249,0.001423,0.076052,0.525051,-0.847665,12.694592,139.30896,18.591816,0.041261,0.868656,0.144533,0.472063,-6.360038,87.768982,11.641351,0.12225,0.921966,0.001868,0.367466,-4.023445,53.326393,1.178373,0.001526,0.934077,0.02485,0.356202,-14.530685,7.831046,-3.196629,-0.04282,0.851688,-0.049332,0.519962,3.559132,88.386108,28.268507,0.00848,0.828305,-0.12506,0.546076,4.339652,52.621449,32.905979,-0.023372,0.818467,0.023195,0.573609,-2.724643,7.197705,42.187607,0.001526,0.934077,0.02485,0.356202,-4.768426,2.201958,-14.319323,-0.023372,0.818467,0.023195,0.573609,11.30939,1.856974,37.165146
927,7.725,-0.046568,0.868044,0.049574,0.491806,-1.397806,88.081566,19.961157,-0.041165,0.865168,0.145274,0.47821,-2.427169,95.950165,20.280905,-0.020545,0.872562,0.090468,0.479613,-6.357303,113.797592,24.24534,0.096064,0.93712,-0.046447,0.332296,-9.138213,136.083969,27.378574,0.095739,0.965105,-0.195864,0.145068,-4.782719,150.462296,25.529188,-0.052186,0.846224,0.131523,0.513696,-11.14033,130.822113,23.691496,0.358072,-0.617407,0.186717,-0.675078,-18.938175,131.603973,8.938457,0.257652,-0.029557,-0.346817,-0.901365,-14.800159,114.492798,-8.311495,0.275069,0.115474,-0.5534,-0.777658,3.812957,129.477753,-14.010957,-0.072947,0.919667,0.1849,0.338679,-6.964713,130.427673,30.20319,0.415414,0.841024,0.283129,-0.199867,5.730566,130.576843,41.060333,-0.043088,0.233349,0.552936,-0.798719,19.901831,116.144287,26.976563,-0.000257,0.076419,0.525245,-0.847513,12.723124,139.336227,18.62999,0.041326,0.86881,0.144322,0.471839,-6.355952,87.770805,11.6468,0.122539,0.921801,0.002038,0.367781,-4.033426,53.324203,1.193903,0.001814,0.933759,0.025018,0.357021,-14.557819,7.835564,-3.209412,-0.042668,0.851545,-0.049396,0.520202,3.560341,88.392319,28.275513,0.008382,0.828229,-0.124932,0.546223,4.327794,52.62719,32.911491,-0.023152,0.818407,0.023411,0.573695,-2.72395,7.200298,42.187222,0.001814,0.933759,0.025018,0.357021,-4.778773,2.207892,-14.318067,-0.023152,0.818407,0.023411,0.573695,11.310423,1.861026,37.16415
928,7.733333,-0.046616,0.867981,0.04954,0.491916,-1.397488,88.084244,19.968519,-0.041153,0.865115,0.145151,0.478344,-2.427274,95.952835,20.287289,-0.020631,0.872487,0.090408,0.479758,-6.355364,113.80117,24.247381,0.09604,0.937028,-0.046611,0.33254,-9.138918,136.087875,27.375946,0.095718,0.965054,-0.195857,0.145427,-4.781664,150.465256,25.52323,-0.052301,0.84621,0.131346,0.513753,-11.139398,130.825256,23.689056,0.358269,-0.617345,0.186819,-0.675002,-18.934891,131.601105,8.934456,0.257986,-0.029458,-0.346635,-0.901343,-14.794983,114.48233,-8.3075,0.275305,0.115384,-0.553277,-0.777675,3.824414,129.459412,-14.005849,-0.072928,0.919558,0.184696,0.339089,-6.965992,130.432205,30.202251,0.416104,0.840384,0.284288,-0.199483,5.720085,130.580307,41.070164,-0.044158,0.233453,0.553926,-0.797945,19.870649,116.138313,26.975241,-0.001907,0.07678,0.526043,-0.846983,12.750853,139.361267,18.666563,0.041454,0.868604,0.144503,0.472153,-6.353463,87.772522,11.652905,0.122581,0.921609,0.001804,0.368249,-4.028924,53.330452,1.185505,0.001529,0.933779,0.024741,0.356991,-14.562778,7.842699,-3.204404,-0.042556,0.851465,-0.049462,0.520337,3.558487,88.395973,28.284136,0.008284,0.828057,-0.124794,0.546516,4.3159,52.630615,32.920074,-0.023697,0.818428,0.023106,0.573655,-2.724463,7.200334,42.187885,0.001529,0.933779,0.024741,0.356991,-4.782478,2.210309,-14.309567,-0.023697,0.818428,0.023106,0.573655,11.312572,1.863049,37.170132
929,7.741667,-0.046585,0.867947,0.049478,0.491985,-1.399934,88.087135,19.972668,-0.041086,0.865084,0.145149,0.478408,-2.428844,95.955864,20.290758,-0.020861,0.87244,0.090232,0.479865,-6.354887,113.803757,24.251535,0.095998,0.936954,-0.04664,0.332756,-9.144103,136.091476,27.367836,0.095884,0.964985,-0.195896,0.145724,-4.786978,150.468872,25.515179,-0.052309,0.846154,0.131204,0.51388,-11.142418,130.826538,23.683096,0.35843,-0.617143,0.187119,-0.675018,-18.933502,131.600372,8.92606,0.258319,-0.02941,-0.3465,-0.901301,-14.786839,114.470139,-8.302885,0.275532,0.11545,-0.553166,-0.777664,3.836703,129.440216,-14.002837,-0.072733,0.919436,0.184404,0.33962,-6.970757,130.437714,30.197664,0.420191,0.834074,0.30044,-0.19364,5.704218,130.579575,41.078606,-0.038875,0.227927,0.557577,-0.797274,19.799509,116.17128,26.894135,-0.003149,0.077163,0.527182,-0.846236,12.779871,139.375015,18.703274,0.04159,0.868689,0.144108,0.472104,-6.354646,87.775444,11.656296,0.122077,0.922209,0.00227,0.366909,-4.052807,53.325974,1.208251,0.001445,0.934066,0.025163,0.35621,-14.534138,7.826817,-3.189237,-0.042495,0.851467,-0.049583,0.520326,3.554777,88.398827,28.289038,0.008251,0.828114,-0.124644,0.546464,4.30394,52.633965,32.930088,-0.023654,0.818403,0.023168,0.573691,-2.725657,7.200131,42.188663,0.001445,0.934066,0.025163,0.35621,-4.769468,2.207249,-14.314636,-0.023654,0.818403,0.023168,0.573691,11.311793,1.863603,37.171257
930,7.75,-0.046539,0.867999,0.049416,0.491905,-1.40587,88.090065,19.978848,-0.041037,0.865077,0.145026,0.478461,-2.433638,95.958961,20.296539,-0.020932,0.872393,0.090133,0.479966,-6.355973,113.807381,24.25388,0.096078,0.936894,-0.046614,0.332906,-9.146177,136.095779,27.364435,0.095886,0.964934,-0.196056,0.145844,-4.786562,150.472733,25.514204,-0.052439,0.84609,0.131023,0.514018,-11.143557,130.829971,23.68042,0.358617,-0.617002,0.187354,-0.674982,-18.929453,131.597763,8.920331,0.258731,-0.02931,-0.346415,-0.901219,-14.778562,114.456871,-8.296971,0.276064,0.115302,-0.553039,-0.777588,3.847396,129.42186,-13.998088,-0.072717,0.919326,0.184244,0.340008,-6.973442,130.442688,30.196068,0.421026,0.833441,0.301301,-0.193212,5.692803,130.583221,41.087185,-0.039605,0.227809,0.55868,-0.796499,19.761625,116.155579,26.89609,-0.003866,0.07762,0.528704,-0.845241,12.803481,139.386459,18.743555,0.041546,0.868497,0.144362,0.472383,-6.362188,87.778435,11.663433,0.122489,0.921669,0.00207,0.368129,-4.045478,53.334,1.202121,0.00141,0.933777,0.024605,0.357006,-14.562881,7.844222,-3.206231,-0.042419,0.851485,-0.049671,0.520295,3.550449,88.401703,28.29426,0.008213,0.82818,-0.124557,0.546384,4.291741,52.637005,32.937855,-0.024786,0.818657,0.021812,0.573334,-2.729564,7.201073,42.192394,0.00141,0.933777,0.024605,0.357006,-4.781485,2.209277,-14.309129,-0.024786,0.818657,0.021812,0.573334,11.305687,1.850996,37.183289
931,7.758333,-0.046476,0.867916,0.049153,0.492083,-1.408344,88.087227,19.984529,-0.041069,0.865026,0.145006,0.478556,-2.433268,95.956627,20.29888,-0.020869,0.872369,0.08998,0.480042,-6.357303,113.807739,24.255163,0.096247,0.93684,-0.046163,0.33307,-9.141981,136.097504,27.360857,0.095688,0.964865,-0.196477,0.145866,-4.781362,150.476105,25.525812,-0.052564,0.846107,0.130826,0.514028,-11.140221,130.831497,23.677591,0.358542,-0.61676,0.187795,-0.675121,-18.925333,131.592377,8.91673,0.259093,-0.029262,-0.346274,-0.901171,-14.767832,114.442085,-8.289618,0.27671,0.115236,-0.553043,-0.777364,3.864169,129.401001,-13.993277,-0.072809,0.919208,0.183844,0.340525,-6.971195,130.444397,30.193945,0.422747,0.83137,0.305684,-0.191487,5.682861,130.588837,41.099171,-0.039024,0.22643,0.560527,-0.795623,19.712835,116.149437,26.881599,-0.004505,0.078353,0.530109,-0.84429,12.834477,139.400467,18.789577,0.041619,0.868605,0.144094,0.47226,-6.361379,87.774376,11.667206,0.122451,0.921784,0.002361,0.367852,-4.060002,53.324783,1.219486,0.001229,0.933789,0.02473,0.356967,-14.565456,7.834249,-3.209483,-0.042356,0.85158,-0.049742,0.520137,3.544691,88.40007,28.301853,0.008332,0.828873,-0.124449,0.545356,4.280354,52.635502,32.94733,-0.024515,0.818696,0.022022,0.573281,-2.733158,7.197246,42.196354,0.001229,0.933789,0.02473,0.356967,-4.782454,2.204644,-14.313677,-0.024515,0.818696,0.022022,0.573281,11.300239,1.847581,37.181618
932,7.766667,-0.046475,0.867867,0.049048,0.49218,-1.410381,88.090332,19.990698,-0.04105,0.864974,0.144957,0.478668,-2.4345,95.959892,20.303503,-0.02095,0.872305,0.089879,0.480173,-6.356879,113.808617,24.257425,0.096113,0.936795,-0.046151,0.333237,-9.143044,136.09906,27.35697,0.09583,0.964799,-0.196574,0.146074,-4.78565,150.478638,25.521904,-0.052601,0.846071,0.130777,0.514095,-11.14002,130.832123,23.674335,0.358993,-0.616631,0.187787,-0.675001,-18.922693,131.591461,8.912107,0.259626,-0.029174,-0.346143,-0.90107,-14.757231,114.431091,-8.28228,0.276997,0.115086,-0.553019,-0.777301,3.879769,129.383072,-13.989403,-0.072824,0.919135,0.183688,0.340802,-6.972999,130.446671,30.192072,0.423743,0.830585,0.306832,-0.190853,5.674664,130.591476,41.104706,-0.03989,0.226354,0.561756,-0.794734,19.675032,116.12886,26.88154,-0.005523,0.078989,0.531229,-0.84352,12.866161,139.411865,18.831049,0.041497,0.868582,0.14409,0.472315,-6.361578,87.776642,11.672311,0.122478,0.922345,0.002665,0.366431,-4.052032,53.326248,1.229036,0.001421,0.933865,0.024691,0.356771,-14.556158,7.836491,-3.210997,-0.042312,0.85163,-0.049735,0.52006,3.540815,88.404015,28.309082,0.008232,0.828844,-0.124327,0.545429,4.27446,52.639126,32.952381,-0.022054,0.8184,0.024447,0.573705,-2.725862,7.197863,42.196621,0.001421,0.933865,0.024691,0.356771,-4.78005,2.203888,-14.319738,-0.022054,0.8184,0.024447,0.573705,11.304893,1.864938,37.156727
933,7.775,-0.046499,0.867805,0.049001,0.492291,-1.411982,88.092644,19.996309,-0.041092,0.864905,0.144846,0.478823,-2.436114,95.962242,20.308146,-0.021065,0.872211,0.089867,0.480342,-6.358675,113.812447,24.257196,0.095909,0.936733,-0.046526,0.33342,-9.149743,136.102753,27.353245,0.096076,0.964752,-0.196425,0.146424,-4.79377,150.481308,25.506805,-0.052574,0.845973,0.130716,0.514276,-11.144363,130.835114,23.670359,0.359094,-0.616398,0.188212,-0.675041,-18.920942,131.595123,8.904955,0.259878,-0.029218,-0.346048,-0.901033,-14.749205,114.421288,-8.274446,0.277229,0.114942,-0.552982,-0.777267,3.890611,129.367249,-13.986418,-0.072892,0.919071,0.183667,0.340972,-6.979924,130.451019,30.189823,0.424568,0.829868,0.308072,-0.190139,5.66353,130.596954,41.107323,-0.0407,0.226306,0.562824,-0.793951,19.642796,116.116379,26.881672,-0.006853,0.079316,0.532569,-0.842634,12.894753,139.427551,18.86833,0.041478,0.868605,0.144004,0.472301,-6.361004,87.778259,11.676654,0.122535,0.922371,0.002777,0.366345,-4.053423,53.325951,1.239246,0.001394,0.933826,0.02473,0.356869,-14.558953,7.837549,-3.211435,-0.042211,0.851548,-0.049746,0.520202,3.53704,88.407028,28.315964,0.008092,0.82859,-0.124206,0.545844,4.263309,52.641594,32.956253,-0.022183,0.818354,0.024476,0.573764,-2.724584,7.197282,42.194908,0.001394,0.933826,0.02473,0.356869,-4.780078,2.20627,-14.318414,-0.022183,0.818354,0.024476,0.573764,11.308241,1.867279,37.157692
934,7.783333,-0.046842,0.867799,0.049245,0.492247,-1.409082,88.103828,20.00469,-0.041147,0.864885,0.144687,0.478902,-2.439809,95.972534,20.317236,-0.021154,0.872141,0.089951,0.480449,-6.360732,113.819954,24.258972,0.095998,0.936674,-0.046714,0.333534,-9.157491,136.109406,27.355995,0.096209,0.964707,-0.196495,0.146543,-4.796909,150.486115,25.505924,-0.052629,0.845853,0.130481,0.514527,-11.149979,130.841629,23.672171,0.359279,-0.616286,0.188387,-0.674997,-18.917719,131.597366,8.901897,0.260191,-0.02922,-0.345944,-0.900983,-14.742391,114.41449,-8.267593,0.277421,0.114991,-0.552891,-0.777256,3.900895,129.354431,-13.983572,-0.072649,0.919053,0.183443,0.341192,-6.987196,130.457947,30.19272,0.424842,0.829579,0.308693,-0.189779,5.652431,130.597565,41.114731,-0.04179,0.226642,0.563451,-0.793354,19.626955,116.112198,26.889307,-0.008449,0.079576,0.534101,-0.841625,12.922394,139.446167,18.901596,0.041625,0.868625,0.143844,0.472299,-6.358343,87.785965,11.685308,0.122527,0.921915,0.002722,0.367494,-4.065489,53.331207,1.252723,0.001712,0.933795,0.024925,0.356936,-14.566737,7.842609,-3.20602,-0.0422,0.85144,-0.049613,0.520392,3.540178,88.421684,28.32407,0.008023,0.828007,-0.124187,0.546734,4.269759,52.655231,32.956005,-0.022431,0.81827,0.024145,0.573889,-2.721792,7.210389,42.189281,0.001712,0.933795,0.024925,0.356936,-4.788963,2.213432,-14.315036,-0.022431,0.81827,0.024145,0.573889,11.312821,1.876622,37.161034
935,7.791667,-0.046934,0.867751,0.049247,0.492321,-1.409875,88.105644,20.010418,-0.041129,0.864823,0.144558,0.479055,-2.441916,95.974213,20.322187,-0.021186,0.872047,0.089919,0.480624,-6.360611,113.822723,24.25942,0.095929,0.936621,-0.046724,0.3337,-9.158562,136.112381,27.353943,0.09625,0.964665,-0.196563,0.146696,-4.799193,150.489456,25.503878,-0.052538,0.845759,0.130818,0.514605,-11.149581,130.84436,23.669643,0.359649,-0.616164,0.188529,-0.674872,-18.914961,131.608978,8.898586,0.260502,-0.029502,-0.345564,-0.901029,-14.734873,114.413452,-8.257082,0.276796,0.115033,-0.55325,-0.777217,3.922257,129.334763,-13.986569,-0.072503,0.918946,0.183185,0.341651,-6.98942,130.461075,30.191887,0.425423,0.829066,0.309594,-0.189253,5.64045,130.5961,41.125233,-0.042849,0.227216,0.564221,-0.792586,19.60046,116.098114,26.898411,-0.010656,0.079901,0.534528,-0.841298,12.954065,139.453079,18.929083,0.041614,0.868591,0.143832,0.472366,-6.357541,87.786377,11.690144,0.122592,0.922287,0.002963,0.366536,-4.063594,53.331314,1.25882,0.002298,0.933661,0.02479,0.357292,-14.566599,7.84432,-3.212137,-0.04216,0.851467,-0.049595,0.520352,3.537792,88.424911,28.330692,0.00801,0.828014,-0.124137,0.546735,4.26582,52.658092,32.960026,-0.022227,0.81828,0.024354,0.573874,-2.722134,7.212064,42.190201,0.002298,0.933661,0.02479,0.357292,-4.787522,2.205241,-14.31498,-0.022227,0.81828,0.024354,0.573874,11.311697,1.879875,37.1581
936,7.8,-0.046932,0.867687,0.049156,0.492443,-1.412514,88.105423,20.01683,-0.041196,0.864749,0.144464,0.479211,-2.443849,95.974144,20.327217,-0.021155,0.871967,0.089869,0.480781,-6.363875,113.824036,24.259714,0.095978,0.93656,-0.046715,0.333858,-9.16007,136.114151,27.352455,0.096232,0.964628,-0.196669,0.146811,-4.79888,150.490891,25.504107,-0.052559,0.845713,0.130618,0.514729,-11.150477,130.846268,23.667652,0.359585,-0.615991,0.188852,-0.674973,-18.91153,131.607468,8.894139,0.260649,-0.029447,-0.345478,-0.901022,-14.726954,114.405266,-8.253743,0.277086,0.115005,-0.553197,-0.777155,3.934659,129.324249,-13.982604,-0.072326,0.918885,0.18308,0.341909,-6.992634,130.462677,30.191359,0.407766,0.8563,0.231978,-0.216018,5.632212,130.591721,41.130585,-0.075393,0.257089,0.550456,-0.790708,19.782698,115.849899,27.349489,-0.012689,0.080378,0.535549,-0.840575,12.984952,139.457886,18.948277,0.041724,0.868519,0.143735,0.472519,-6.357862,87.7855,11.695201,0.122559,0.922305,0.003092,0.366501,-4.07238,53.329075,1.266502,0.001322,0.933722,0.024751,0.35714,-14.568356,7.841396,-3.214016,-0.042201,0.851435,-0.049519,0.520409,3.532834,88.425346,28.338459,0.00806,0.828077,-0.124107,0.546645,4.265912,52.65823,32.964722,-0.022368,0.8183,0.024165,0.573848,-2.723369,7.211563,42.190754,0.001322,0.933722,0.024751,0.35714,-4.782216,2.21136,-14.315228,-0.022368,0.8183,0.024165,0.573848,11.310288,1.877201,37.160473
937,7.808333,-0.046627,0.86765,0.048924,0.49256,-1.423303,88.09729,20.021027,-0.041159,0.864701,0.144352,0.479334,-2.448682,95.966812,20.330486,-0.021222,0.871907,0.089769,0.480905,-6.367052,113.822281,24.260509,0.095822,0.936512,-0.046954,0.334003,-9.164162,136.113098,27.347464,0.096444,0.964594,-0.196522,0.14709,-4.804482,150.489334,25.491774,-0.052484,0.84569,0.130144,0.514894,-11.153496,130.84436,23.66326,0.359571,-0.615823,0.189014,-0.675089,-18.90913,131.600281,8.886635,0.260768,-0.029254,-0.345444,-0.901006,-14.717336,114.395035,-8.256422,0.277344,0.114934,-0.553254,-0.777033,3.946283,129.314758,-13.97841,-0.072133,0.918789,0.18288,0.342313,-6.997543,130.46225,30.188257,0.408157,0.856109,0.232237,-0.215759,5.618989,130.584991,41.137135,-0.076337,0.257871,0.550971,-0.790004,19.759295,115.830353,27.359318,-0.014662,0.080703,0.536962,-0.839609,13.011096,139.457886,18.963448,0.041789,0.86843,0.143683,0.472694,-6.366974,87.780418,11.698282,0.122537,0.921745,0.002936,0.367917,-4.08527,53.323311,1.271037,0.001239,0.933715,0.024909,0.357147,-14.577868,7.835042,-3.211382,-0.042419,0.851548,-0.049436,0.520214,3.520369,88.414154,28.343769,0.008198,0.828244,-0.124104,0.546391,4.271022,52.647774,32.972897,-0.02256,0.818354,0.024286,0.573758,-2.725977,7.201261,42.193817,0.001239,0.933715,0.024909,0.357147,-4.789994,2.210253,-14.313726,-0.02256,0.818354,0.024286,0.573758,11.309074,1.873128,37.160812
938,7.816667,-0.04693,0.867554,0.048971,0.492696,-1.420924,88.101593,20.029173,-0.041205,0.864631,0.144302,0.479471,-2.450888,95.970604,20.336727,-0.021226,0.871836,0.089663,0.481052,-6.369527,113.822174,24.262779,0.095777,0.936465,-0.046925,0.334153,-9.165051,136.113831,27.345022,0.096516,0.964553,-0.196585,0.147228,-4.806363,150.49054,25.490559,-0.052494,0.845628,0.130022,0.515026,-11.153785,130.844727,23.66106,0.359552,-0.615653,0.189286,-0.675177,-18.90484,131.598953,8.88195,0.260891,-0.029174,-0.34544,-0.900975,-14.707867,114.387367,-8.253479,0.277589,0.115041,-0.553113,-0.77703,3.955956,129.307114,-13.97389,-0.07203,0.918694,0.182838,0.342612,-7.000029,130.463226,30.18749,0.408508,0.855967,0.232549,-0.215318,5.610159,130.581207,41.143726,-0.076959,0.258607,0.551303,-0.789471,19.745667,115.812828,27.37571,-0.015824,0.081702,0.537676,-0.839034,13.036621,139.448669,18.976391,0.041884,0.868384,0.143641,0.472781,-6.361451,87.780289,11.704735,0.122576,0.921728,0.003008,0.367946,-4.086026,53.322899,1.277065,0.001061,0.933713,0.024735,0.357166,-14.579351,7.835582,-3.213255,-0.042344,0.85157,-0.049351,0.520192,3.519602,88.422897,28.353611,0.008187,0.828232,-0.124042,0.546423,4.268927,52.655457,32.974712,-0.022284,0.818322,0.02427,0.573815,-2.724433,7.207474,42.191158,0.001061,0.933713,0.024735,0.357166,-4.789786,2.207805,-14.312591,-0.022284,0.818322,0.02427,0.573815,11.308681,1.874197,37.158215
939,7.825,-0.047023,0.86751,0.048991,0.492762,-1.422472,88.100258,20.035372,-0.041254,0.864571,0.144176,0.479612,-2.453895,95.969093,20.3424,-0.021162,0.871761,0.089637,0.481197,-6.372978,113.82399,24.263399,0.095937,0.936398,-0.046914,0.334297,-9.165891,136.115997,27.345556,0.096415,0.964538,-0.196654,0.147304,-4.802399,150.491592,25.493898,-0.052547,0.8455,0.130127,0.515204,-11.15431,130.847321,23.660778,0.359548,-0.615538,0.189521,-0.675219,-18.899054,131.602875,8.878427,0.261095,-0.029028,-0.345358,-0.900952,-14.69945,114.385284,-8.250332,0.277906,0.115099,-0.553113,-0.776908,3.968255,129.303146,-13.966868,-0.071927,0.91863,0.182744,0.342856,-7.002676,130.464935,30.188503,0.408816,0.855854,0.232789,-0.214925,5.602402,130.579193,41.150658,-0.077163,0.258992,0.551595,-0.789121,19.733862,115.798126,27.392084,-0.016218,0.082536,0.539003,-0.838093,13.051992,139.439804,18.98884,0.041755,0.86835,0.14365,0.472853,-6.36156,87.777687,11.710131,0.122712,0.922247,0.003299,0.366595,-4.076962,53.319695,1.286456,0.001233,0.933638,0.024903,0.357349,-14.578371,7.835671,-3.218343,-0.042384,0.851479,-0.049287,0.520344,3.516617,88.422821,28.360615,0.008209,0.828209,-0.124024,0.546462,4.270029,52.655167,32.979393,-0.022488,0.818369,0.024154,0.573744,-2.724549,7.206816,42.193077,0.001233,0.933638,0.024903,0.357349,-4.785704,2.210731,-14.31638,-0.022488,0.818369,0.024154,0.573744,11.308863,1.874212,37.160248
940,7.833333,-0.047077,0.867471,0.049081,0.492818,-1.423461,88.102814,20.040298,-0.04131,0.864525,0.144076,0.479721,-2.45634,95.971436,20.348064,-0.021129,0.871704,0.089619,0.481305,-6.37545,113.824936,24.263935,0.096006,0.936331,-0.047025,0.334449,-9.167042,136.117142,27.345774,0.096339,0.964526,-0.196594,0.147508,-4.80006,150.491501,25.492641,-0.052508,0.84541,0.129975,0.515394,-11.155072,130.848724,23.660444,0.35956,-0.61551,0.18957,-0.675224,-18.893406,131.603714,8.874707,0.261306,-0.02881,-0.345227,-0.900948,-14.693027,114.38459,-8.252302,0.278122,0.115328,-0.553141,-0.776777,3.979565,129.29892,-13.96102,-0.071836,0.918562,0.182593,0.343137,-7.00502,130.465851,30.189148,0.409095,0.855776,0.232985,-0.214492,5.59406,130.577164,41.158218,-0.077301,0.259405,0.5518,-0.788828,19.723436,115.78302,27.411573,-0.016296,0.083506,0.539323,-0.83779,13.06448,139.428116,19.000145,0.041892,0.86825,0.143554,0.473053,-6.361384,87.780289,11.714363,0.122706,0.921667,0.003082,0.368055,-4.086245,53.321136,1.292427,0.001371,0.93363,0.025133,0.357354,-14.587526,7.836848,-3.210047,-0.042407,0.851291,-0.049209,0.520657,3.514462,88.425346,28.366232,0.008089,0.827607,-0.123972,0.547387,4.270518,52.657272,32.98138,-0.022396,0.818288,0.024282,0.573858,-2.722402,7.20751,42.189407,0.001371,0.93363,0.025133,0.357354,-4.795289,2.216823,-14.310953,-0.022396,0.818288,0.024282,0.573858,11.312344,1.876472,37.158642
941,7.841667,-0.047181,0.867444,0.049115,0.492852,-1.424893,88.103867,20.045448,-0.041244,0.864459,0.144063,0.47985,-2.45948,95.972275,20.352823,-0.021111,0.871617,0.089537,0.481479,-6.376938,113.826546,24.268988,0.096583,0.936191,-0.046995,0.334677,-9.166656,136.119461,27.34746,0.095766,0.964563,-0.196675,0.147535,-4.783281,150.489868,25.502399,-0.052571,0.845336,0.129818,0.515548,-11.153982,130.850937,23.661898,0.359397,-0.615525,0.189715,-0.675256,-18.886787,131.602264,8.873079,0.261499,-0.028398,-0.345327,-0.900867,-14.69005,114.38266,-8.254349,0.279092,0.115424,-0.552696,-0.776732,3.977971,129.303162,-13.948545,-0.071785,0.918524,0.182444,0.34333,-7.006517,130.468155,30.192253,0.409367,0.85571,0.233114,-0.214094,5.588388,130.578323,41.166134,-0.077229,0.259608,0.552038,-0.788602,19.715183,115.770828,27.431232,-0.015853,0.084186,0.539543,-0.837589,13.075623,139.417801,19.013872,0.041888,0.86808,0.143901,0.473259,-6.361976,87.779976,11.719068,0.122687,0.921721,0.003462,0.367921,-4.072093,53.327988,1.276705,0.001473,0.933627,0.024723,0.35739,-14.559305,7.8435,-3.25639,-0.042431,0.851119,-0.049127,0.520944,3.512189,88.427757,28.371828,0.008103,0.827547,-0.123973,0.547477,4.271277,52.659248,32.983116,-0.023104,0.818364,0.024188,0.573726,-2.723755,7.209527,42.189724,0.001473,0.933627,0.024723,0.35739,-4.769084,2.211069,-14.352787,-0.023104,0.818364,0.024188,0.573726,11.315269,1.888371,37.160431
942,7.85,-0.047266,0.867416,0.049118,0.492892,-1.425831,88.103012,20.050323,-0.041326,0.864412,0.14408,0.479921,-2.461621,95.971291,20.357019,-0.021018,0.871586,0.089421,0.481559,-6.382592,113.826225,24.272139,0.096584,0.936181,-0.046891,0.33472,-9.166414,136.120255,27.347883,0.095923,0.964532,-0.196759,0.147521,-4.783849,150.491302,25.505972,-0.052538,0.84524,0.129794,0.515716,-11.154668,130.851913,23.66255,0.359414,-0.615473,0.189786,-0.675275,-18.881794,131.60466,8.87084,0.261594,-0.028295,-0.345218,-0.900884,-14.683181,114.38295,-8.253999,0.279114,0.115546,-0.55265,-0.776738,3.988364,129.299789,-13.943768,-0.071737,0.918494,0.182329,0.343481,-7.008339,130.468613,30.193594,0.409676,0.855599,0.233342,-0.213701,5.583329,130.577667,41.171204,-0.077261,0.259746,0.552301,-0.788369,19.705957,115.757263,27.44593,-0.015776,0.084575,0.539597,-0.837516,13.085071,139.409912,19.027836,0.041893,0.868075,0.143854,0.473282,-6.361997,87.777779,11.723452,0.12274,0.921706,0.003553,0.367941,-4.07373,53.324856,1.283821,0.001222,0.933645,0.024695,0.357344,-14.562162,7.841635,-3.259177,-0.042407,0.851149,-0.049197,0.520891,3.510335,88.428246,28.377193,0.008163,0.827578,-0.123877,0.547451,4.265576,52.660091,32.991814,-0.024623,0.818313,0.023457,0.573766,-2.72886,7.208225,42.18829,0.001222,0.933645,0.024695,0.357344,-4.770374,2.211032,-14.355116,-0.024623,0.818313,0.023457,0.573766,11.320098,1.895486,37.177872
943,7.858333,-0.047213,0.867394,0.04906,0.492942,-1.430768,88.102379,20.056089,-0.041382,0.86436,0.144038,0.480024,-2.465397,95.970825,20.36235,-0.020938,0.871536,0.089334,0.48167,-6.388236,113.827606,24.275003,0.09669,0.936135,-0.046959,0.334808,-9.167406,136.122482,27.348719,0.095923,0.964529,-0.196734,0.147574,-4.780959,150.49234,25.506544,-0.05259,0.845157,0.129635,0.515886,-11.156079,130.854401,23.663254,0.359166,-0.615293,0.190119,-0.675477,-18.877186,131.603821,8.868223,0.261456,-0.028284,-0.345195,-0.900934,-14.67389,114.379837,-8.253177,0.279162,0.11561,-0.552469,-0.77684,3.997911,129.296356,-13.939716,-0.071623,0.918468,0.182228,0.343627,-7.011344,130.47052,30.195278,0.41002,0.85549,0.233497,-0.213307,5.577513,130.576263,41.176147,-0.077564,0.260084,0.552526,-0.78807,19.694525,115.740669,27.461523,-0.015818,0.085469,0.538706,-0.837998,13.096608,139.396072,19.044378,0.041863,0.86808,0.143901,0.473262,-6.366084,87.777557,11.728695,0.122717,0.921727,0.003612,0.367895,-4.074584,53.325417,1.287191,0.001351,0.933663,0.024719,0.357297,-14.559275,7.841718,-3.259636,-0.042432,0.851041,-0.049165,0.521068,3.504547,88.427208,28.383484,0.008237,0.82813,-0.123822,0.546627,4.261537,52.658989,32.997261,-0.022408,0.818307,0.024417,0.573825,-2.726724,7.205987,42.192795,0.001351,0.933663,0.024719,0.357297,-4.769919,2.210441,-14.357385,-0.022408,0.818307,0.024417,0.573825,11.308548,1.878437,37.15979
944,7.866667,-0.047146,0.867379,0.048982,0.492982,-1.435754,88.100609,20.060186,-0.041644,0.864309,0.144076,0.480081,-2.468873,95.969269,20.365854,-0.020743,0.871531,0.08924,0.481704,-6.401421,113.826263,24.274994,0.09634,0.936171,-0.047145,0.334783,-9.17097,136.122269,27.349203,0.096317,0.964505,-0.196549,0.147721,-4.792478,150.493393,25.498161,-0.052495,0.84502,0.129511,0.516151,-11.161816,130.855148,23.663536,0.359244,-0.615228,0.190162,-0.675482,-18.874104,131.606476,8.864011,0.261657,-0.028094,-0.345112,-0.900913,-14.667718,114.379776,-8.253902,0.27938,0.115721,-0.552349,-0.77683,4.007548,129.294586,-13.93439,-0.071252,0.918472,0.182108,0.343756,-7.017472,130.469284,30.195686,0.410108,0.855498,0.233655,-0.212932,5.57019,130.564224,41.178013,-0.078318,0.260664,0.552545,-0.787791,19.691525,115.722084,27.474913,-0.016382,0.086835,0.537808,-0.838423,13.110229,139.383163,19.059389,0.041788,0.868059,0.143954,0.473291,-6.370411,87.776215,11.732389,0.122727,0.921702,0.003636,0.367954,-4.072032,53.324734,1.29021,0.00132,0.933693,0.024642,0.357224,-14.556393,7.841265,-3.25966,-0.042462,0.851051,-0.049178,0.521048,3.498904,88.424995,28.387981,0.008305,0.828283,-0.123754,0.546409,4.257359,52.657043,33.003651,-0.023525,0.818459,0.023366,0.573607,-2.730261,7.202557,42.192348,0.00132,0.933693,0.024642,0.357224,-4.768741,2.208205,-14.358002,-0.023525,0.818459,0.023366,0.573607,11.306188,1.868622,37.169415
945,7.875,-0.046865,0.867394,0.048808,0.493,-1.445076,88.096939,20.063643,-0.04162,0.864274,0.144034,0.480159,-2.472986,95.966301,20.369122,-0.02069,0.871492,0.089173,0.481791,-6.405111,113.827255,24.277781,0.096363,0.936143,-0.04714,0.334855,-9.171415,136.123901,27.350258,0.096426,0.964482,-0.196564,0.14778,-4.792072,150.494873,25.500023,-0.052487,0.844924,0.129422,0.516332,-11.162487,130.856918,23.664515,0.359102,-0.615156,0.190302,-0.675584,-18.868574,131.607895,8.861737,0.261644,-0.027995,-0.345001,-0.900962,-14.660415,114.381172,-8.255717,0.279444,0.115772,-0.552302,-0.776833,4.018755,129.293045,-13.930186,-0.071135,0.918427,0.181912,0.344005,-7.019402,130.470703,30.197447,0.410381,0.85539,0.233796,-0.212684,5.563111,130.562698,41.185711,-0.078993,0.261234,0.552697,-0.787428,19.678583,115.709839,27.48819,-0.017565,0.087684,0.537649,-0.838413,13.120924,139.380112,19.073587,0.041743,0.867993,0.144014,0.473399,-6.379909,87.77562,11.735826,0.122703,0.921693,0.003661,0.367985,-4.075352,53.325104,1.291823,0.001434,0.933663,0.024694,0.357297,-14.556705,7.841119,-3.25982,-0.042555,0.851068,-0.04916,0.521015,3.489757,88.418266,28.39146,0.008306,0.828306,-0.12371,0.546384,4.254782,52.650761,33.009514,-0.023272,0.818466,0.023822,0.57359,-2.730381,7.195255,42.19503,0.001434,0.933663,0.024694,0.357297,-4.768377,2.208292,-14.357689,-0.023272,0.818466,0.023822,0.57359,11.306304,1.868064,37.165588
946,7.883333,-0.046969,0.867357,0.048889,0.493047,-1.443217,88.098846,20.067883,-0.041685,0.864232,0.14399,0.480242,-2.473198,95.967926,20.37359,-0.020533,0.871458,0.089153,0.481863,-6.407219,113.8302,24.27951,0.096806,0.936079,-0.046994,0.334928,-9.167136,136.127304,27.354414,0.09619,0.964492,-0.196708,0.147674,-4.776742,150.496048,25.513178,-0.052558,0.844873,0.129375,0.516419,-11.159328,130.861389,23.667751,0.358937,-0.615139,0.190439,-0.675649,-18.862146,131.610016,8.863155,0.261588,-0.027945,-0.344883,-0.901025,-14.655526,114.383423,-8.254814,0.279463,0.115903,-0.55206,-0.776979,4.02724,129.291458,-13.924533,-0.071065,0.918377,0.181728,0.344252,-7.017216,130.473099,30.20118,0.410663,0.855278,0.233898,-0.212477,5.559951,130.563446,41.195564,-0.079557,0.261759,0.552821,-0.78711,19.668358,115.699646,27.502638,-0.0187,0.088323,0.537163,-0.838633,13.131862,139.37648,19.087261,0.041726,0.868037,0.144035,0.473312,-6.376967,87.776627,11.739463,0.122762,0.921705,0.003653,0.367934,-4.071636,53.32645,1.294511,0.001503,0.933634,0.024738,0.357371,-14.558477,7.843804,-3.257866,-0.042423,0.850881,-0.049134,0.521332,3.490533,88.421074,28.396303,0.008211,0.828069,-0.123703,0.546747,4.246753,52.652573,33.008114,-0.024617,0.818515,0.023266,0.573485,-2.734762,7.19676,42.194904,0.001503,0.933634,0.024738,0.357371,-4.768984,2.211458,-14.354946,-0.024617,0.818515,0.023266,0.573485,11.309569,1.879198,37.176636
947,7.891667,-0.047277,0.86732,0.049072,0.493065,-1.439487,88.107063,20.073725,-0.041626,0.864189,0.143987,0.480326,-2.475139,95.975395,20.379499,-0.020603,0.871389,0.089107,0.481992,-6.405997,113.830612,24.284431,0.09697,0.93601,-0.046991,0.335072,-9.168119,136.127975,27.355598,0.096151,0.964478,-0.196739,0.147755,-4.772733,150.495529,25.516977,-0.052473,0.84485,0.129404,0.516458,-11.158887,130.861465,23.669014,0.358915,-0.615052,0.190448,-0.675737,-18.860664,131.61322,8.864035,0.261773,-0.027794,-0.344756,-0.901025,-14.64898,114.38768,-8.253757,0.279658,0.116132,-0.55202,-0.776903,4.038578,129.291809,-13.918336,-0.070953,0.918312,0.181492,0.344571,-7.018748,130.474243,30.203754,0.410749,0.855296,0.233836,-0.212308,5.551605,130.561798,41.205956,-0.080108,0.262264,0.552843,-0.786871,19.660109,115.691444,27.520245,-0.019382,0.089036,0.53676,-0.8388,13.138843,139.371078,19.103718,0.041898,0.868081,0.143957,0.47324,-6.37233,87.781456,11.744899,0.122704,0.921765,0.003704,0.367803,-4.081346,53.330708,1.298687,0.00128,0.933674,0.024623,0.357275,-14.562169,7.846766,-3.25464,-0.04237,0.850946,-0.049113,0.521232,3.493357,88.432663,28.402552,0.008216,0.827972,-0.123654,0.546905,4.247645,52.663685,33.010937,-0.024809,0.818514,0.022924,0.573493,-2.733458,7.206738,42.192425,0.00128,0.933674,0.024623,0.357275,-4.772952,2.213564,-14.35153,-0.024809,0.818514,0.022924,0.573493,11.310651,1.884164,37.178841
948,7.9,-0.047271,0.867305,0.049058,0.493093,-1.44208,88.109261,20.077982,-0.041611,0.864163,0.143975,0.480376,-2.477553,95.977623,20.383587,-0.020565,0.871361,0.089087,0.482049,-6.407619,113.831459,24.287865,0.097032,0.936011,-0.04691,0.335064,-9.168007,136.129044,27.358892,0.096268,0.96447,-0.196797,0.14765,-4.771719,150.496704,25.523085,-0.052463,0.84482,0.129195,0.516562,-11.158829,130.862762,23.672022,0.358748,-0.615001,0.190487,-0.675861,-18.857065,131.611664,8.865052,0.26179,-0.02764,-0.344623,-0.901076,-14.643013,114.389656,-8.255696,0.279791,0.116256,-0.551945,-0.77689,4.049742,129.290955,-13.912171,-0.070951,0.918282,0.181424,0.344689,-7.019509,130.475098,30.207256,0.411064,0.855167,0.233997,-0.212041,5.548148,130.562561,41.212543,-0.080197,0.262409,0.552987,-0.786712,19.649437,115.680122,27.532536,-0.01963,0.08957,0.536658,-0.838803,13.140796,139.361511,19.115877,0.041877,0.868062,0.143996,0.473265,-6.374407,87.783669,11.748847,0.122763,0.921731,0.003721,0.367868,-4.080436,53.333591,1.301072,0.001254,0.933636,0.024497,0.357381,-14.565354,7.851014,-3.256413,-0.042294,0.850859,-0.049091,0.521384,3.490246,88.434853,28.407118,0.008126,0.827883,-0.123604,0.547052,4.239919,52.665257,33.011482,-0.024867,0.818511,0.0229,0.573496,-2.733244,7.207003,42.192501,0.001254,0.933636,0.024497,0.357381,-4.773889,2.214583,-14.349683,-0.024867,0.818511,0.0229,0.573496,11.311282,1.884832,37.179668
949,7.908333,-0.047013,0.867338,0.048907,0.493074,-1.450923,88.103485,20.079628,-0.041602,0.864145,0.143934,0.480422,-2.481666,95.972466,20.385214,-0.020485,0.871338,0.089053,0.482099,-6.411926,113.831375,24.289169,0.096974,0.936011,-0.046929,0.335078,-9.168598,136.129395,27.360462,0.096512,0.964447,-0.196763,0.147688,-4.773691,150.49733,25.52364,-0.052477,0.844764,0.129239,0.51664,-11.160009,130.863541,23.673273,0.358729,-0.614933,0.190541,-0.675918,-18.855503,131.613266,8.864927,0.261853,-0.027535,-0.344536,-0.901094,-14.638312,114.390686,-8.254478,0.279862,0.116293,-0.55187,-0.776912,4.058242,129.290131,-13.906452,-0.070885,0.918241,0.181318,0.344867,-7.021397,130.474991,30.2089,0.411388,0.855038,0.234114,-0.211803,5.542455,130.560486,41.21854,-0.080126,0.262368,0.553153,-0.786616,19.635593,115.665459,27.543821,-0.0195,0.08994,0.536622,-0.838789,13.136089,139.347168,19.129709,0.041749,0.86803,0.144137,0.473292,-6.384071,87.780746,11.750872,0.122739,0.92171,0.00368,0.36793,-4.076932,53.332817,1.298905,0.001173,0.933683,0.024472,0.357262,-14.56093,7.849667,-3.254941,-0.042377,0.850876,-0.049071,0.52135,3.482224,88.426224,28.408384,0.008127,0.827897,-0.12359,0.547033,4.23791,52.656998,33.014618,-0.024775,0.818514,0.02317,0.573484,-2.734444,7.198429,42.194729,0.001173,0.933683,0.024472,0.357262,-4.771475,2.213391,-14.350057,-0.024775,0.818514,0.02317,0.573484,11.310735,1.881252,37.178432
950,7.916667,-0.046951,0.867319,0.048831,0.493122,-1.454569,88.102539,20.081858,-0.041611,0.864126,0.143902,0.480466,-2.483887,95.971725,20.386829,-0.020416,0.871323,0.089059,0.482128,-6.413921,113.830444,24.289297,0.096897,0.936038,-0.046875,0.335032,-9.168108,136.12854,27.362257,0.096774,0.964437,-0.196733,0.14762,-4.775984,150.497375,25.525846,-0.052487,0.84471,0.129339,0.516703,-11.159953,130.86322,23.674536,0.358634,-0.61481,0.190672,-0.676043,-18.85322,131.614746,8.86512,0.261941,-0.027418,-0.34451,-0.901081,-14.63106,114.39167,-8.25257,0.280111,0.116395,-0.551896,-0.776788,4.066858,129.291275,-13.900545,-0.070813,0.918158,0.181147,0.345192,-7.021724,130.473648,30.210346,0.41165,0.854923,0.234166,-0.211699,5.534982,130.556747,41.228157,-0.079773,0.262138,0.553391,-0.786561,19.619656,115.652359,27.554924,-0.018928,0.089799,0.537127,-0.838494,13.127849,139.335388,19.142183,0.041734,0.868146,0.143785,0.473187,-6.386927,87.780174,11.752617,0.122878,0.921791,0.003408,0.367682,-4.092307,53.32486,1.322266,0.002266,0.933565,0.025611,0.357484,-14.598678,7.844719,-3.210043,-0.042428,0.850858,-0.049016,0.521382,3.477789,88.424904,28.411097,0.00816,0.828009,-0.123577,0.546867,4.238478,52.655602,33.015903,-0.02466,0.818527,0.023286,0.573467,-2.733911,7.196772,42.194672,0.002266,0.933565,0.025611,0.357484,-4.81123,2.228668,-14.317181,-0.02466,0.818527,0.023286,0.573467,11.31071,1.880446,37.1759
951,7.925,-0.046561,0.867378,0.048561,0.493082,-1.473682,88.106155,20.086899,-0.041549,0.864168,0.143976,0.480374,-2.495524,95.976349,20.391279,-0.020328,0.871396,0.088942,0.482022,-6.423603,113.83046,24.296749,0.097005,0.936042,-0.046964,0.334977,-9.171382,136.129654,27.367405,0.096911,0.964423,-0.196724,0.147636,-4.775634,150.497177,25.529322,-0.052455,0.844584,0.129164,0.516956,-11.165529,130.864349,23.680929,0.358577,-0.614793,0.190722,-0.676075,-18.850178,131.615051,8.866996,0.261883,-0.027371,-0.344449,-0.901123,-14.627918,114.392044,-8.250735,0.280045,0.116397,-0.551799,-0.776881,4.072621,129.29068,-13.895029,-0.070692,0.918164,0.181065,0.345242,-7.025656,130.474609,30.215693,0.411908,0.85484,0.234195,-0.211503,5.530462,130.554657,41.2342,-0.079553,0.261988,0.553693,-0.786421,19.608755,115.639137,27.56654,-0.018551,0.089197,0.537156,-0.838548,13.131288,139.323029,19.1581,0.041443,0.868014,0.144257,0.473313,-6.407509,87.787666,11.758377,0.122705,0.921864,0.003885,0.367554,-4.076837,53.340412,1.309435,0.001674,0.933706,0.024354,0.357208,-14.552736,7.856626,-3.25674,-0.04261,0.850849,-0.04885,0.521397,3.460146,88.424644,28.415421,0.008135,0.828051,-0.123526,0.546815,4.238196,52.655281,33.016884,-0.023178,0.81844,0.023914,0.573626,-2.729041,7.195231,42.193539,0.001674,0.933706,0.024354,0.357208,-4.770597,2.211936,-14.35404,-0.023178,0.81844,0.023914,0.573626,11.307789,1.868662,37.16383
952,7.933333,-0.046875,0.867305,0.048733,0.493163,-1.463187,88.101074,20.088049,-0.041694,0.86408,0.144056,0.480495,-2.490709,95.970528,20.39222,-0.020367,0.871314,0.088952,0.482167,-6.427232,113.831589,24.298788,0.096888,0.936006,-0.047253,0.335071,-9.177266,136.130646,27.368513,0.097258,0.964402,-0.196511,0.147828,-4.78166,150.497101,25.521803,-0.052331,0.844541,0.129101,0.517054,-11.169878,130.865219,23.681366,0.358552,-0.614607,0.190875,-0.676214,-18.851561,131.618835,8.866048,0.261871,-0.027297,-0.344492,-0.901112,-14.620897,114.393471,-8.24723,0.28009,0.116446,-0.551699,-0.776929,4.078269,129.294662,-13.888521,-0.07044,0.918158,0.181046,0.345322,-7.032198,130.475723,30.217525,0.411887,0.854831,0.234322,-0.211439,5.523275,130.547745,41.236816,-0.080179,0.261962,0.553733,-0.786338,19.603771,115.633881,27.569628,-0.018584,0.089928,0.536522,-0.838875,13.127643,139.326172,19.181273,0.041654,0.868173,0.143839,0.473129,-6.394883,87.779091,11.758403,0.122794,0.921847,0.003528,0.36757,-4.09407,53.324413,1.327332,0.001213,0.933637,0.024985,0.357346,-14.589703,7.84241,-3.211197,-0.042496,0.850845,-0.0489,0.521407,3.468508,88.42305,28.417694,0.008158,0.828012,-0.123549,0.546868,4.237583,52.653336,33.017956,-0.024555,0.818505,0.023341,0.573499,-2.733194,7.193857,42.194733,0.001213,0.933637,0.024985,0.357346,-4.796535,2.219941,-14.310041,-0.024555,0.818505,0.023341,0.573499,11.311181,1.877034,37.175812
953,7.941667,-0.046551,0.867329,0.048603,0.493164,-1.479881,88.108154,20.091986,-0.04139,0.864023,0.143789,0.480704,-2.501933,95.978302,20.396919,-0.020426,0.87116,0.08906,0.482423,-6.422311,113.83152,24.297148,0.097028,0.935931,-0.047167,0.335251,-9.177928,136.129578,27.368999,0.09729,0.96439,-0.19653,0.14786,-4.778653,150.495544,25.52717,-0.052224,0.844555,0.129149,0.51703,-11.16744,130.864456,23.679762,0.35861,-0.614603,0.190838,-0.676198,-18.850315,131.621796,8.865252,0.262001,-0.027086,-0.344436,-0.901102,-14.61869,114.396156,-8.247508,0.280198,0.116652,-0.551651,-0.776893,4.082143,129.296677,-13.880674,-0.070356,0.918087,0.180974,0.345565,-7.033624,130.474548,30.218342,0.411879,0.854856,0.234322,-0.211354,5.516632,130.543182,41.243591,-0.080734,0.262177,0.55394,-0.786063,19.599239,115.628181,27.579815,-0.019107,0.089388,0.535806,-0.839379,13.14151,139.327316,19.204012,0.041397,0.868006,0.144243,0.473335,-6.412146,87.790367,11.762515,0.122707,0.921927,0.003964,0.367393,-4.07883,53.342541,1.316027,0.00158,0.933701,0.024304,0.357225,-14.552927,7.85884,-3.25513,-0.042695,0.850716,-0.048736,0.521616,3.452384,88.425949,28.421455,0.008173,0.827971,-0.123528,0.546935,4.238743,52.656303,33.019287,-0.024462,0.818437,0.023427,0.573597,-2.732894,7.196379,42.193153,0.00158,0.933701,0.024304,0.357225,-4.769564,2.213726,-14.351127,-0.024462,0.818437,0.023427,0.573597,11.312357,1.880098,37.176109
954,7.95,-0.046622,0.867322,0.048669,0.493163,-1.479436,88.108459,20.094612,-0.041413,0.864001,0.143761,0.48075,-2.502976,95.978394,20.399897,-0.020395,0.871126,0.089129,0.482472,-6.423925,113.832428,24.298763,0.097072,0.935926,-0.047127,0.33526,-9.179982,136.130005,27.373829,0.097415,0.964376,-0.196563,0.147825,-4.77984,150.495895,25.533623,-0.05226,0.844487,0.129314,0.517096,-11.169067,130.865433,23.683544,0.358605,-0.61458,0.190841,-0.67622,-18.84956,131.625031,8.867909,0.261978,-0.02701,-0.344373,-0.901136,-14.616601,114.399612,-8.244748,0.280079,0.116703,-0.551671,-0.776914,4.08591,129.298386,-13.873218,-0.070124,0.91807,0.180929,0.345681,-7.035964,130.474503,30.222517,0.411887,0.854812,0.234413,-0.211413,5.512693,130.535812,41.249641,-0.08169,0.262294,0.554084,-0.785824,19.593727,115.622986,27.581877,-0.019932,0.089744,0.535452,-0.839547,13.147124,139.335892,19.232229,0.041504,0.868068,0.144172,0.473233,-6.411604,87.790108,11.765103,0.122661,0.921942,0.004028,0.367372,-4.088624,53.341461,1.319046,0.001388,0.933684,0.024387,0.357265,-14.556718,7.856756,-3.255853,-0.04262,0.850933,-0.048757,0.521268,3.452731,88.426804,28.42412,0.008126,0.827891,-0.123501,0.547063,4.23561,52.656853,33.020153,-0.024446,0.81843,0.023575,0.573602,-2.732421,7.196209,42.193253,0.001388,0.933684,0.024387,0.357265,-4.769943,2.215906,-14.351013,-0.024446,0.81843,0.023575,0.573602,11.313635,1.883251,37.174934
955,7.958333,-0.046591,0.867326,0.048658,0.49316,-1.482151,88.106903,20.097351,-0.041566,0.864034,0.143945,0.480621,-2.505191,95.976898,20.402737,-0.020306,0.871225,0.089072,0.482308,-6.434855,113.833389,24.30624,0.097364,0.93593,-0.047211,0.335153,-9.185609,136.131592,27.381563,0.097442,0.964383,-0.196588,0.147731,-4.777048,150.494904,25.541365,-0.052316,0.844301,0.129181,0.517427,-11.177114,130.867249,23.692257,0.358435,-0.614585,0.190976,-0.676267,-18.845963,131.624725,8.870482,0.261877,-0.026943,-0.34433,-0.901184,-14.615893,114.399406,-8.242997,0.280082,0.116709,-0.551771,-0.776841,4.089804,129.299286,-13.866695,-0.069939,0.918101,0.180981,0.345607,-7.041507,130.4758,30.229616,0.412025,0.854695,0.234601,-0.211408,5.509725,130.531372,41.253841,-0.082689,0.262372,0.554306,-0.785537,19.585251,115.617004,27.582085,-0.021098,0.089981,0.535382,-0.839538,13.153468,139.34491,19.262733,0.041554,0.867981,0.144214,0.473375,-6.414435,87.788963,11.767897,0.122591,0.92192,0.004016,0.367449,-4.09144,53.341476,1.317989,0.001309,0.933707,0.024339,0.357208,-14.553634,7.855156,-3.25431,-0.042639,0.850914,-0.048745,0.521298,3.450134,88.42485,28.426805,0.008126,0.827922,-0.123468,0.547023,4.234451,52.654926,33.022858,-0.024444,0.81843,0.023644,0.573599,-2.731457,7.193539,42.193871,0.001309,0.933707,0.024339,0.357208,-4.767516,2.213818,-14.349803,-0.024444,0.81843,0.023644,0.573599,11.314959,1.882209,37.174831
956,7.966667,-0.046841,0.867271,0.048785,0.49322,-1.472089,88.101128,20.097095,-0.041657,0.863991,0.144086,0.480649,-2.499559,95.970558,20.402184,-0.020306,0.871206,0.089045,0.482348,-6.435932,113.830505,24.309509,0.097334,0.935929,-0.04719,0.335166,-9.186203,136.128922,27.383656,0.0976,0.964371,-0.196557,0.147741,-4.778614,150.492584,25.543816,-0.052248,0.844278,0.129234,0.517459,-11.177559,130.864502,23.694393,0.358275,-0.61445,0.191168,-0.676421,-18.845547,131.624969,8.87233,0.261746,-0.02692,-0.344352,-0.901214,-14.610884,114.39904,-8.239393,0.280077,0.116682,-0.551751,-0.776861,4.093894,129.300659,-13.860147,-0.069895,0.918049,0.181037,0.345725,-7.042543,130.47319,30.232132,0.412334,0.854463,0.234831,-0.211492,5.506167,130.52594,41.259232,-0.083836,0.262464,0.554649,-0.785142,19.567411,115.606651,27.57814,-0.022443,0.090478,0.535108,-0.839624,13.158258,139.351868,19.295341,0.041631,0.867987,0.144273,0.47334,-6.402758,87.780312,11.766797,0.122617,0.92188,0.003896,0.367541,-4.082945,53.334511,1.310652,0.001194,0.933708,0.024469,0.357196,-14.551083,7.84871,-3.253232,-0.042555,0.850909,-0.048818,0.521306,3.458579,88.421944,28.427395,0.008104,0.827996,-0.123449,0.546917,4.234951,52.652012,33.024712,-0.02324,0.8184,0.024239,0.573667,-2.727108,7.190147,42.196266,0.001194,0.933708,0.024469,0.357196,-4.763422,2.212181,-14.349806,-0.02324,0.8184,0.024239,0.573667,11.312745,1.872579,37.165497
957,7.975,-0.046454,0.867328,0.048565,0.493179,-1.488552,88.103874,20.100107,-0.041421,0.863959,0.143818,0.480807,-2.508983,95.974213,20.405266,-0.020252,0.871099,0.089094,0.482533,-6.431454,113.827553,24.305525,0.097188,0.935933,-0.047044,0.335217,-9.181347,136.125656,27.382177,0.097769,0.964364,-0.196551,0.147685,-4.778953,150.491287,25.545189,-0.05216,0.84438,0.129302,0.517284,-11.171563,130.862,23.691229,0.358467,-0.614445,0.191042,-0.676359,-18.845917,131.625183,8.8726,0.261938,-0.026739,-0.344363,-0.901159,-14.608616,114.398323,-8.237537,0.28022,0.116768,-0.551712,-0.776824,4.095286,129.300735,-13.853288,-0.069853,0.917945,0.181024,0.346018,-7.039288,130.469315,30.230621,0.412452,0.854341,0.234959,-0.211611,5.502859,130.51889,41.265202,-0.084811,0.262374,0.554931,-0.784868,19.55682,115.599823,27.576399,-0.023362,0.090502,0.535203,-0.839536,13.161876,139.360062,19.330832,0.041596,0.867932,0.143942,0.473545,-6.420714,87.787361,11.770527,0.122574,0.921905,0.003704,0.367496,-4.107694,53.334461,1.336255,0.001208,0.933701,0.02465,0.357201,-14.579034,7.847536,-3.209037,-0.042743,0.850747,-0.048671,0.521568,3.443611,88.420387,28.429688,0.008128,0.828017,-0.123435,0.546887,4.23566,52.650581,33.025318,-0.023376,0.818367,0.024071,0.573715,-2.727245,7.188425,42.194794,0.001208,0.933701,0.02465,0.357201,-4.790636,2.215858,-14.307422,-0.023376,0.818367,0.024071,0.573715,11.313427,1.869113,37.168156
958,7.983333,-0.046448,0.867323,0.048579,0.493188,-1.489611,88.102379,20.102024,-0.041459,0.863951,0.143818,0.480819,-2.510066,95.972702,20.407417,-0.020215,0.871095,0.089129,0.482536,-6.434114,113.827217,24.307211,0.097498,0.935851,-0.047397,0.335307,-9.183297,136.125107,27.38603,0.097389,0.964444,-0.196196,0.147886,-4.768721,150.486221,25.542992,-0.052046,0.844338,0.129222,0.517384,-11.173677,130.861877,23.694567,0.358424,-0.614408,0.191166,-0.67638,-18.844976,131.627426,8.874475,0.26192,-0.026656,-0.344381,-0.90116,-14.607759,114.398209,-8.2333,0.280297,0.11677,-0.551696,-0.776808,4.096162,129.302856,-13.845426,-0.069706,0.917925,0.181072,0.346076,-7.041423,130.468414,30.233925,0.412606,0.854202,0.235121,-0.211693,5.50006,130.512543,41.269291,-0.085771,0.262173,0.555145,-0.78468,19.546007,115.59243,27.573374,-0.024521,0.090562,0.53576,-0.839141,13.158396,139.366302,19.367781,0.041602,0.867884,0.143929,0.473636,-6.421612,87.786118,11.772338,0.122538,0.921989,0.003754,0.367296,-4.10836,53.332985,1.338899,0.001091,0.933713,0.024647,0.357172,-14.575858,7.845259,-3.207219,-0.042767,0.850706,-0.048662,0.521634,3.442391,88.418633,28.431711,0.00813,0.827971,-0.123409,0.546963,4.235853,52.648914,33.027733,-0.023206,0.818348,0.024127,0.573747,-2.726716,7.186156,42.194485,0.001091,0.933713,0.024647,0.357172,-4.786864,2.21473,-14.305661,-0.023206,0.818348,0.024127,0.573747,11.313137,1.865288,37.167202
959,7.991667,-0.046429,0.867324,0.048617,0.493184,-1.491398,88.10347,20.101727,-0.041392,0.863952,0.143709,0.480855,-2.511887,95.97377,20.407795,-0.020159,0.871071,0.089252,0.482558,-6.431964,113.829529,24.305174,0.097353,0.935913,-0.047,0.335232,-9.181718,136.126526,27.389961,0.097752,0.964367,-0.19656,0.147667,-4.775166,150.491257,25.555954,-0.051924,0.84436,0.129149,0.517379,-11.171826,130.864258,23.69697,0.358407,-0.614389,0.191258,-0.676381,-18.843695,131.631927,8.877283,0.261897,-0.026642,-0.344345,-0.901181,-14.607022,114.400459,-8.228369,0.280231,0.116804,-0.551654,-0.776856,4.098199,129.304153,-13.839057,-0.069638,0.917853,0.181228,0.346197,-7.039865,130.469101,30.236408,0.412796,0.854011,0.235386,-0.211797,5.499147,130.508423,41.274597,-0.086427,0.261628,0.555426,-0.784591,19.535223,115.588203,27.568705,-0.025277,0.090146,0.536505,-0.838688,13.149902,139.3741,19.407785,0.041595,0.867849,0.143916,0.473705,-6.42351,87.787888,11.772079,0.122506,0.921979,0.003744,0.367332,-4.10943,53.334461,1.339788,0.000993,0.933754,0.024638,0.357065,-14.574389,7.845998,-3.204818,-0.04278,0.850628,-0.048662,0.521761,3.440714,88.419052,28.431374,0.008103,0.827941,-0.123407,0.547009,4.234319,52.649422,33.02803,-0.023469,0.818348,0.024061,0.573739,-2.72652,7.186571,42.195641,0.000993,0.933754,0.024638,0.357065,-4.78687,2.216268,-14.304969,-0.023469,0.818348,0.024061,0.573739,11.315221,1.868619,37.170544
960,8.0,-0.046503,0.867332,0.048717,0.493152,-1.489502,88.105186,20.102802,-0.041385,0.863938,0.143704,0.480882,-2.51178,95.975227,20.409691,-0.020108,0.871046,0.089312,0.482596,-6.431798,113.831604,24.307026,0.097389,0.935912,-0.046972,0.335227,-9.18097,136.128204,27.395184,0.097778,0.964378,-0.196524,0.147624,-4.773717,150.492874,25.562302,-0.051869,0.844337,0.129325,0.517378,-11.170981,130.866608,23.701187,0.358419,-0.61443,0.191257,-0.676338,-18.843069,131.638901,8.881853,0.261933,-0.026615,-0.344201,-0.901226,-14.608881,114.406799,-8.223785,0.280123,0.116823,-0.551668,-0.776883,4.101482,129.305298,-13.83214,-0.069557,0.917834,0.181246,0.346254,-7.039552,130.470245,30.240887,0.412975,0.853867,0.235466,-0.211938,5.498504,130.506454,41.280174,-0.087133,0.261239,0.555618,-0.784507,19.524336,115.584061,27.566158,-0.026171,0.089837,0.536908,-0.838436,13.140308,139.380112,19.444502,0.041627,0.867825,0.143915,0.473746,-6.422096,87.789276,11.773454,0.122508,0.92195,0.003719,0.367404,-4.109532,53.336014,1.340286,0.001012,0.933702,0.024731,0.357194,-14.575142,7.847566,-3.203028,-0.042714,0.850591,-0.048692,0.521823,3.443092,88.421104,28.432148,0.008044,0.827848,-0.123386,0.547156,4.231157,52.651276,33.028259,-0.02335,0.818325,0.024216,0.573771,-2.725708,7.187855,42.196095,0.001012,0.933702,0.024731,0.357194,-4.784396,2.220176,-14.30152,-0.02335,0.818325,0.024216,0.573771,11.316278,1.871634,37.169849
961,8.008333,-0.046766,0.867327,0.048852,0.493123,-1.48027,88.102913,20.102768,-0.041477,0.863933,0.143751,0.480869,-2.507201,95.972351,20.409483,-0.019983,0.871054,0.089367,0.482576,-6.432284,113.833931,24.308006,0.097447,0.935941,-0.046597,0.335183,-9.177664,136.13031,27.401131,0.097755,0.96436,-0.196751,0.147453,-4.772511,150.496979,25.578955,-0.051793,0.844365,0.129229,0.517363,-11.168772,130.869812,23.706141,0.358296,-0.61444,0.191395,-0.676355,-18.841658,131.642487,8.887239,0.261916,-0.026609,-0.344173,-0.901242,-14.610633,114.409195,-8.217973,0.28027,0.116808,-0.551611,-0.776872,4.10074,129.306931,-13.825476,-0.069403,0.917806,0.181243,0.346362,-7.036962,130.47139,30.245478,0.413366,0.853588,0.235641,-0.212108,5.49931,130.502213,41.286808,-0.087723,0.260714,0.556068,-0.784297,19.505674,115.572868,27.560452,-0.026645,0.08938,0.536776,-0.838554,13.134024,139.384277,19.482878,0.041739,0.86794,0.14381,0.473557,-6.412947,87.783852,11.773588,0.12253,0.921955,0.003744,0.367384,-4.113265,53.329086,1.342546,0.000934,0.933701,0.024851,0.35719,-14.579986,7.841173,-3.203487,-0.042589,0.850616,-0.04879,0.521784,3.452408,88.421974,28.431946,0.008038,0.827823,-0.123379,0.547194,4.229357,52.652061,33.029331,-0.024205,0.818435,0.02385,0.573593,-2.727073,7.188466,42.196617,0.000934,0.933701,0.024851,0.35719,-4.787975,2.217921,-14.302963,-0.024205,0.818435,0.02385,0.573593,11.318336,1.878035,37.173809
962,8.016667,-0.046405,0.867401,0.04866,0.493045,-1.497961,88.10675,20.104397,-0.04136,0.863965,0.143687,0.480841,-2.518415,95.97702,20.411398,-0.019879,0.871074,0.089374,0.482542,-6.437202,113.833855,24.308924,0.097505,0.935946,-0.046601,0.335152,-9.178511,136.130371,27.404716,0.097762,0.964374,-0.196684,0.147444,-4.771848,150.496597,25.582834,-0.051665,0.844301,0.129412,0.517434,-11.170867,130.870621,23.709354,0.35838,-0.6144,0.191496,-0.676318,-18.841728,131.650467,8.889782,0.261968,-0.026638,-0.344104,-0.901252,-14.610207,114.412292,-8.210386,0.280207,0.116666,-0.55159,-0.776931,4.103629,129.306854,-13.819223,-0.06922,0.917789,0.181245,0.346443,-7.038488,130.470795,30.248245,0.413501,0.853469,0.235752,-0.212199,5.496769,130.495468,41.290741,-0.08813,0.260196,0.556319,-0.784245,19.495729,115.565094,27.557962,-0.027014,0.088589,0.537095,-0.838422,13.12508,139.386673,19.515648,0.041428,0.867929,0.143856,0.473592,-6.432761,87.791771,11.77632,0.122482,0.922412,0.004088,0.366247,-4.111698,53.336082,1.353058,0.001218,0.933783,0.024677,0.356987,-14.568156,7.847324,-3.208129,-0.042743,0.850671,-0.0487,0.52169,3.43684,88.42173,28.432474,0.008015,0.827896,-0.123343,0.547093,4.227096,52.652134,33.029999,-0.02352,0.818347,0.024012,0.573742,-2.724545,7.187679,42.19664,0.001218,0.933783,0.024677,0.356987,-4.784781,2.216357,-14.311306,-0.02352,0.818347,0.024012,0.573742,11.317399,1.869398,37.172451
963,8.025,-0.046369,0.867461,0.048553,0.492954,-1.502475,88.105049,20.105946,-0.041329,0.863974,0.143686,0.480827,-2.521571,95.975533,20.411871,-0.019783,0.871072,0.089412,0.482544,-6.439373,113.832878,24.31008,0.09761,0.935956,-0.04649,0.335108,-9.177705,136.129272,27.409426,0.097758,0.964391,-0.196701,0.147318,-4.76935,150.495483,25.591421,-0.051555,0.844335,0.129271,0.517427,-11.170801,130.870361,23.713259,0.358288,-0.614355,0.191602,-0.676378,-18.84231,131.650787,8.894052,0.261939,-0.026634,-0.344131,-0.901251,-14.610063,114.412102,-8.205433,0.280333,0.116704,-0.551428,-0.776995,4.102527,129.307602,-13.813853,-0.069072,0.917744,0.181155,0.346638,-7.038393,130.468933,30.252033,0.41372,0.853321,0.235794,-0.21232,5.49302,130.488831,41.298901,-0.088493,0.259894,0.556594,-0.784109,19.480513,115.554092,27.559185,-0.027497,0.08793,0.537026,-0.83852,13.118047,139.384811,19.543335,0.041389,0.868002,0.143888,0.47345,-6.439084,87.789505,11.778962,0.122429,0.922032,0.003961,0.367222,-4.116198,53.334248,1.354679,0.001023,0.933803,0.024603,0.356938,-14.567656,7.844165,-3.204777,-0.042755,0.850792,-0.048683,0.521493,3.434133,88.420586,28.43293,0.00804,0.82802,-0.123341,0.546905,4.226834,52.650948,33.029713,-0.023023,0.81834,0.024255,0.57376,-2.724599,7.186479,42.196442,0.001023,0.933803,0.024603,0.356938,-4.783593,2.213179,-14.307337,-0.023023,0.81834,0.024255,0.57376,11.314512,1.865565,37.167122
964,8.033333,-0.046602,0.867454,0.048596,0.49294,-1.494971,88.098152,20.106176,-0.041446,0.863961,0.143753,0.48082,-2.5176,95.968231,20.410875,-0.019694,0.871079,0.089414,0.482534,-6.442207,113.833115,24.310932,0.097515,0.936039,-0.046233,0.334939,-9.177036,136.129639,27.412373,0.098139,0.964408,-0.196645,0.147027,-4.774337,150.49823,25.599476,-0.051602,0.844376,0.129287,0.517351,-11.171077,130.871368,23.715816,0.358229,-0.614307,0.191615,-0.676448,-18.845043,131.65036,8.89781,0.261888,-0.026569,-0.344134,-0.901266,-14.610176,114.413193,-8.202542,0.280428,0.116583,-0.551249,-0.777106,4.102282,129.309875,-13.807243,-0.068873,0.917707,0.18116,0.346773,-7.038471,130.46875,30.254395,0.413978,0.853143,0.235997,-0.212306,5.490732,130.481583,41.303776,-0.088816,0.259622,0.556819,-0.784002,19.467966,115.541565,27.559364,-0.028129,0.08747,0.536863,-0.838651,13.111562,139.380096,19.566822,0.041464,0.868098,0.143889,0.473269,-6.431419,87.779099,11.779232,0.122393,0.922486,0.004141,0.36609,-4.11532,53.324318,1.351873,0.001003,0.933817,0.024783,0.35689,-14.563137,7.833543,-3.209051,-0.042665,0.850857,-0.048769,0.521387,3.441478,88.417206,28.433121,0.008066,0.828064,-0.123331,0.546841,4.225989,52.647602,33.031677,-0.023226,0.818341,0.024141,0.573756,-2.726236,7.182938,42.19685,0.001003,0.933817,0.024783,0.35689,-4.779226,2.207775,-14.314389,-0.023226,0.818341,0.024141,0.573756,11.313982,1.862728,37.169888
965,8.041667,-0.046285,0.867446,0.04842,0.493002,-1.505154,88.102303,20.106621,-0.041417,0.863949,0.143781,0.480836,-2.522073,95.973122,20.411322,-0.019621,0.871083,0.089458,0.482522,-6.445324,113.833366,24.311777,0.097501,0.936052,-0.046208,0.33491,-9.178195,136.129669,27.416563,0.098268,0.964416,-0.196532,0.147037,-4.776197,150.49852,25.604061,-0.051506,0.844391,0.129306,0.517331,-11.172814,130.872101,23.719322,0.358288,-0.614287,0.191557,-0.676452,-18.847807,131.654007,8.902003,0.262035,-0.026478,-0.344076,-0.901248,-14.610642,114.417328,-8.198261,0.280542,0.116681,-0.551275,-0.777031,4.103869,129.311996,-13.800599,-0.068729,0.91769,0.181096,0.346879,-7.039981,130.46817,30.257675,0.4143,0.85294,0.23619,-0.212282,5.487428,130.476624,41.309093,-0.089352,0.259613,0.556896,-0.783891,19.452059,115.528999,27.560139,-0.029079,0.088212,0.536738,-0.838621,13.099553,139.375381,19.585041,0.041409,0.868123,0.143841,0.473242,-6.441005,87.786964,11.779181,0.122338,0.922078,0.004018,0.367135,-4.12344,53.330849,1.356572,0.001052,0.933801,0.024692,0.356938,-14.565624,7.838729,-3.203737,-0.042815,0.850894,-0.048653,0.521325,3.430696,88.417641,28.434063,0.008079,0.828061,-0.123345,0.546842,4.229097,52.648163,33.031094,-0.023244,0.818345,0.024043,0.573754,-2.724815,7.183835,42.196648,0.001052,0.933801,0.024692,0.356938,-4.781491,2.209931,-14.307344,-0.023244,0.818345,0.024043,0.573754,11.314949,1.861558,37.170609
966,8.05,-0.046299,0.867488,0.048389,0.49293,-1.508545,88.103256,20.107618,-0.041351,0.863992,0.143727,0.480781,-2.525386,95.974091,20.41188,-0.01955,0.871114,0.089514,0.482457,-6.445383,113.835434,24.312168,0.09774,0.936064,-0.045787,0.334865,-9.17645,136.131409,27.420923,0.098189,0.964426,-0.196658,0.14686,-4.772046,150.501266,25.622234,-0.051511,0.844414,0.129391,0.517271,-11.171964,130.874527,23.723164,0.35893,-0.614406,0.190909,-0.676186,-18.848995,131.65744,8.906948,0.262521,-0.026252,-0.344082,-0.901111,-14.606812,114.423309,-8.194655,0.280577,0.116839,-0.551327,-0.776958,4.105148,129.315826,-13.794226,-0.068657,0.917677,0.181143,0.346905,-7.038121,130.469345,30.260798,0.41471,0.8527,0.236484,-0.212116,5.489028,130.474884,41.312515,-0.089539,0.259528,0.55714,-0.783724,19.440344,115.516029,27.562243,-0.029402,0.088684,0.536584,-0.838659,13.099993,139.368469,19.599775,0.041318,0.868171,0.143893,0.473146,-6.445735,87.787292,11.780995,0.122343,0.922537,0.004214,0.365977,-4.121871,53.331722,1.357995,0.001143,0.933819,0.024769,0.356884,-14.563486,7.839868,-3.206323,-0.042807,0.850856,-0.0486,0.521393,3.428645,88.419212,28.43424,0.008037,0.827954,-0.123374,0.546997,4.228215,52.649307,33.027775,-0.023185,0.818338,0.024202,0.57376,-2.725723,7.185599,42.196373,0.001143,0.933819,0.024769,0.356884,-4.781301,2.212262,-14.312249,-0.023185,0.818338,0.024202,0.57376,11.314533,1.866176,37.16869
967,8.058333,-0.046363,0.867501,0.048507,0.492889,-1.506797,88.10611,20.106606,-0.041365,0.863998,0.143782,0.480753,-2.525419,95.976677,20.412024,-0.019538,0.871122,0.089556,0.482436,-6.446343,113.835693,24.313522,0.09775,0.936103,-0.045683,0.334768,-9.177752,136.131363,27.424229,0.098406,0.964467,-0.19644,0.146732,-4.774384,150.501831,25.627926,-0.051328,0.844448,0.129538,0.517198,-11.173328,130.874725,23.726133,0.358775,-0.614345,0.191063,-0.676281,-18.853533,131.664978,8.911945,0.26252,-0.026225,-0.34401,-0.90114,-14.610521,114.430595,-8.189201,0.28059,0.117085,-0.551435,-0.77684,4.105111,129.321671,-13.787033,-0.068494,0.917622,0.180832,0.347243,-7.03916,130.469101,30.26354,0.414823,0.852715,0.236248,-0.2121,5.480898,130.471069,41.323299,-0.090029,0.259983,0.557195,-0.783478,19.427956,115.504539,27.577084,-0.029726,0.089542,0.536227,-0.838785,13.103835,139.35788,19.614843,0.041437,0.868226,0.143818,0.473057,-6.444673,87.790138,11.780385,0.122314,0.922132,0.004044,0.36701,-4.131875,53.33371,1.357713,0.001079,0.933725,0.024856,0.357125,-14.571731,7.841042,-3.202512,-0.042769,0.850789,-0.04859,0.521505,3.431078,88.422081,28.432825,0.007982,0.827816,-0.123377,0.547206,4.228073,52.651871,33.024429,-0.023262,0.818307,0.02418,0.573802,-2.724012,7.188144,42.194355,0.001079,0.933725,0.024856,0.357125,-4.782808,2.216446,-14.304033,-0.023262,0.818307,0.02418,0.573802,11.317336,1.869543,37.168831
968,8.066667,-0.046367,0.867544,0.048528,0.492812,-1.507627,88.106583,20.107145,-0.041399,0.864034,0.143759,0.480692,-2.52644,95.977112,20.412918,-0.019457,0.87116,0.089592,0.482364,-6.447743,113.836182,24.313324,0.097939,0.936089,-0.045697,0.334751,-9.176497,136.131683,27.427467,0.09836,0.964509,-0.19622,0.146787,-4.767878,150.500732,25.632608,-0.051334,0.844474,0.129599,0.517138,-11.173224,130.875748,23.729033,0.357953,-0.614219,0.191756,-0.676635,-18.855459,131.66658,8.915938,0.261985,-0.026274,-0.343957,-0.901314,-14.617877,114.432869,-8.187233,0.280576,0.117236,-0.551513,-0.776767,4.102543,129.327133,-13.778645,-0.068279,0.917634,0.180713,0.347318,-7.037939,130.468857,30.26565,0.415094,0.852603,0.236321,-0.211938,5.481363,130.465179,41.326256,-0.09051,0.260318,0.557264,-0.783262,19.420692,115.488411,27.583336,-0.030166,0.09084,0.535754,-0.838931,13.1099,139.345215,19.624979,0.041409,0.868344,0.14387,0.472828,-6.446962,87.790642,11.781795,0.122299,0.922128,0.004023,0.367025,-4.133394,53.335129,1.356297,0.000768,0.933804,0.024642,0.356935,-14.572647,7.842106,-3.20176,-0.042763,0.850879,-0.048627,0.521356,3.431709,88.422523,28.432497,0.00802,0.827914,-0.123368,0.54706,4.227758,52.652531,33.025982,-0.023275,0.818287,0.024181,0.573829,-2.725208,7.188648,42.194462,0.000768,0.933804,0.024642,0.356935,-4.78567,2.214854,-14.303644,-0.023275,0.818287,0.024181,0.573829,11.316591,1.87029,37.169952
969,8.075,-0.04628,0.86759,0.048511,0.492741,-1.512303,88.10434,20.10397,-0.041315,0.864058,0.143869,0.480623,-2.529765,95.975029,20.410276,-0.01943,0.871192,0.089564,0.482312,-6.450079,113.833443,24.316051,0.098056,0.936119,-0.045505,0.334658,-9.17696,136.129227,27.429836,0.098417,0.964556,-0.19608,0.146622,-4.767251,150.498672,25.640926,-0.051348,0.844492,0.129651,0.517096,-11.174503,130.873291,23.731819,0.35777,-0.614223,0.191773,-0.676723,-18.858152,131.664444,8.919472,0.261823,-0.026156,-0.343952,-0.901366,-14.621173,114.434792,-8.187927,0.280534,0.11732,-0.551512,-0.77677,4.099882,129.331619,-13.77143,-0.06831,0.917615,0.180732,0.347351,-7.038417,130.466339,30.267927,0.415546,0.852383,0.236537,-0.211695,5.479971,130.463165,41.329575,-0.09087,0.260669,0.557417,-0.782995,19.405899,115.471336,27.589495,-0.030721,0.092242,0.53531,-0.839042,13.114241,139.330078,19.632639,0.04136,0.86834,0.143854,0.472845,-6.45315,87.789597,11.779469,0.122209,0.922607,0.004289,0.365846,-4.136889,53.333462,1.356611,0.000928,0.933831,0.024663,0.356862,-14.5652,7.838595,-3.208114,-0.042786,0.851005,-0.048687,0.521142,3.428543,88.41909,28.428471,0.008002,0.827927,-0.123356,0.547043,4.224891,52.649666,33.026295,-0.023363,0.818354,0.023966,0.573739,-2.725908,7.185495,42.195,0.000928,0.933831,0.024663,0.356862,-4.781622,2.21029,-14.312464,-0.023363,0.818354,0.023966,0.573739,11.314294,1.863404,37.169975
970,8.083333,-0.046166,0.86765,0.048381,0.492657,-1.518869,88.100441,20.10408,-0.041308,0.864089,0.143989,0.480533,-2.533726,95.971489,20.409586,-0.019379,0.871248,0.089447,0.482235,-6.455389,113.828041,24.319544,0.09804,0.936119,-0.045511,0.334662,-9.177448,136.124863,27.430132,0.098448,0.964584,-0.195812,0.146778,-4.768119,150.494385,25.640928,-0.051262,0.844531,0.129664,0.517036,-11.176695,130.868698,23.733376,0.357707,-0.614211,0.191703,-0.676787,-18.862713,131.66217,8.922386,0.261745,-0.025994,-0.344004,-0.901374,-14.623645,114.436386,-8.188394,0.280561,0.117389,-0.551502,-0.776756,4.096024,129.337784,-13.76405,-0.068073,0.917632,0.180439,0.347505,-7.039435,130.462051,30.268759,0.415795,0.852307,0.236432,-0.211628,5.476442,130.454117,41.333233,-0.091675,0.261367,0.557475,-0.782627,19.393517,115.4515,27.595976,-0.0316,0.093807,0.534507,-0.839347,13.12405,139.31636,19.639233,0.041294,0.868402,0.143946,0.472708,-6.461517,87.786224,11.780632,0.122175,0.922594,0.004307,0.36589,-4.139577,53.3316,1.354037,0.001218,0.933841,0.024689,0.356834,-14.564088,7.835955,-3.211556,-0.042808,0.851225,-0.048732,0.520777,3.423779,88.414658,28.427528,0.008041,0.828173,-0.123338,0.546674,4.221784,52.645683,33.028584,-0.023192,0.818387,0.024044,0.573695,-2.727062,7.181159,42.196995,0.001218,0.933841,0.024689,0.356834,-4.784249,2.205383,-14.318045,-0.023192,0.818387,0.024044,0.573695,11.311528,1.858015,37.168591
971,8.091667,-0.046173,0.867675,0.048393,0.492611,-1.520542,88.100601,20.103287,-0.04125,0.864113,0.144061,0.480472,-2.535568,95.971619,20.408962,-0.019345,0.871281,0.089453,0.482176,-6.45594,113.825607,24.322102,0.098347,0.936125,-0.045398,0.334569,-9.176578,136.122437,27.433849,0.09834,0.964664,-0.195617,0.14658,-4.760188,150.490509,25.650341,-0.051272,0.844538,0.129922,0.516959,-11.176581,130.866486,23.737196,0.357521,-0.614219,0.19177,-0.676859,-18.865206,131.663803,8.927764,0.261585,-0.025961,-0.344016,-0.901417,-14.627904,114.440575,-8.186025,0.280459,0.117601,-0.551534,-0.776739,4.091012,129.343506,-13.757622,-0.068018,0.917655,0.180481,0.347434,-7.038411,130.459427,30.271975,0.416214,0.852099,0.236656,-0.211391,5.479386,130.449783,41.334282,-0.0921,0.261808,0.557747,-0.782236,19.384211,115.43338,27.599674,-0.032346,0.094437,0.533424,-0.839937,13.142962,139.303879,19.644579,0.041335,0.868422,0.14392,0.472675,-6.464044,87.786324,11.780348,0.122115,0.922614,0.004351,0.365858,-4.145898,53.331421,1.35384,0.000976,0.933847,0.024604,0.356825,-14.563981,7.834437,-3.213105,-0.042812,0.851269,-0.048784,0.520701,3.42296,88.414879,28.426228,0.008069,0.828251,-0.12331,0.546562,4.219637,52.64629,33.030544,-0.023215,0.818406,0.024009,0.573669,-2.728674,7.181147,42.196266,0.000976,0.933847,0.024604,0.356825,-4.782034,2.204006,-14.317809,-0.023215,0.818406,0.024009,0.573669,11.309592,1.857533,37.167458
972,8.1,-0.046241,0.867722,0.048415,0.492521,-1.520211,88.100395,20.10413,-0.041177,0.864141,0.144137,0.480405,-2.536312,95.971283,20.409681,-0.019402,0.871298,0.089463,0.482141,-6.455141,113.823639,24.32659,0.098417,0.936127,-0.045411,0.334542,-9.178102,136.1203,27.437582,0.098403,0.964718,-0.195302,0.146607,-4.759767,150.487778,25.654243,-0.051215,0.844569,0.12972,0.516966,-11.177761,130.863968,23.741285,0.357365,-0.614309,0.191687,-0.676883,-18.86636,131.659348,8.931735,0.261376,-0.025829,-0.344084,-0.901455,-14.632938,114.441811,-8.188733,0.280365,0.117758,-0.551541,-0.776744,4.084554,129.35083,-13.75204,-0.067959,0.917639,0.180372,0.347543,-7.039095,130.457657,30.275801,0.416232,0.852106,0.236597,-0.211396,5.476442,130.446777,41.340664,-0.093238,0.262546,0.557588,-0.781967,19.380434,115.428947,27.606773,-0.033468,0.096425,0.532256,-0.840408,13.150051,139.304245,19.657579,0.041379,0.868427,0.143965,0.472649,-6.465319,87.785057,11.782183,0.122105,0.922567,0.004297,0.365981,-4.148717,53.331341,1.351429,0.000784,0.933869,0.024625,0.356765,-14.567198,7.834086,-3.211947,-0.042726,0.851428,-0.048897,0.520437,3.424897,88.415726,28.426075,0.008007,0.828196,-0.123257,0.546658,4.213435,52.647408,33.033867,-0.023338,0.818388,0.02412,0.573685,-2.728451,7.180953,42.198002,0.000784,0.933869,0.024625,0.356765,-4.784459,2.20624,-14.317266,-0.023338,0.818388,0.02412,0.573685,11.311803,1.862163,37.169636
973,8.108333,-0.046314,0.86772,0.04862,0.492496,-1.516103,88.103775,20.100552,-0.041157,0.864138,0.14429,0.480366,-2.534803,95.974236,20.408367,-0.019385,0.871311,0.08949,0.482112,-6.455234,113.823654,24.330343,0.098753,0.936101,-0.045267,0.334536,-9.178005,136.120117,27.442833,0.098264,0.964764,-0.195212,0.146516,-4.751816,150.486099,25.666872,-0.051196,0.84454,0.130048,0.516932,-11.177904,130.863998,23.746357,0.357273,-0.614368,0.19167,-0.676883,-18.867735,131.665497,8.937775,0.261072,-0.026084,-0.34387,-0.901618,-14.637566,114.450264,-8.185829,0.279382,0.118078,-0.551786,-0.776875,4.087612,129.350494,-13.753057,-0.067899,0.917693,0.180333,0.347431,-7.038809,130.457306,30.280575,0.416454,0.852003,0.236649,-0.211314,5.479579,130.445877,41.342213,-0.094314,0.263127,0.557667,-0.781586,19.3762,115.420403,27.609211,-0.034681,0.097793,0.531198,-0.84087,13.166456,139.304504,19.67346,0.041429,0.868472,0.143888,0.472585,-6.461554,87.789131,11.778782,0.122154,0.922576,0.004274,0.365942,-4.151486,53.334118,1.350852,0.000895,0.9338,0.024683,0.356943,-14.575137,7.837975,-3.211785,-0.042613,0.851478,-0.049048,0.52035,3.429348,88.418411,28.422323,0.007929,0.828074,-0.123202,0.546857,4.205778,52.650463,33.035027,-0.023325,0.818351,0.024277,0.573731,-2.729442,7.182625,42.197319,0.000895,0.9338,0.024683,0.356943,-4.789197,2.210532,-14.31449,-0.023325,0.818351,0.024277,0.573731,11.312202,1.867444,37.169014
974,8.116667,-0.04656,0.867715,0.048753,0.49247,-1.514101,88.109222,20.101589,-0.04122,0.864208,0.144513,0.480168,-2.537204,95.979118,20.409336,-0.019291,0.87145,0.089421,0.481878,-6.462064,113.823021,24.337442,0.098832,0.936134,-0.045237,0.334422,-9.178806,136.120193,27.450058,0.098227,0.964786,-0.195096,0.146547,-4.75113,150.485855,25.675055,-0.051306,0.844564,0.129752,0.516956,-11.181773,130.864258,23.755022,0.357155,-0.614514,0.191404,-0.676888,-18.870401,131.657578,8.945375,0.260838,-0.026003,-0.343891,-0.90168,-14.644067,114.452171,-8.18905,0.279131,0.118173,-0.551849,-0.776907,4.080859,129.355972,-13.749133,-0.067835,0.917673,0.180221,0.347556,-7.039123,130.457169,30.286963,0.416706,0.851871,0.236656,-0.211344,5.476653,130.444244,41.351551,-0.09533,0.263707,0.557793,-0.781177,19.362282,115.411339,27.615564,-0.035853,0.099263,0.530697,-0.840965,13.175948,139.304428,19.692213,0.041483,0.868552,0.143868,0.472438,-6.459606,87.79171,11.779961,0.122099,0.92255,0.00427,0.366026,-4.155396,53.336609,1.351024,0.000737,0.933861,0.024623,0.356787,-14.574085,7.839191,-3.210243,-0.042512,0.851522,-0.049094,0.520282,3.431404,88.426743,28.423218,0.00788,0.828055,-0.123154,0.546897,4.200268,52.658497,33.034908,-0.023304,0.81836,0.024115,0.573727,-2.729116,7.189479,42.195755,0.000737,0.933861,0.024623,0.356787,-4.790317,2.211771,-14.314872,-0.023304,0.81836,0.024115,0.573727,11.311314,1.87001,37.168602
975,8.125,-0.046725,0.867727,0.048818,0.492426,-1.503719,88.097908,20.098024,-0.041365,0.864221,0.144669,0.480086,-2.529574,95.967461,20.405413,-0.019253,0.871494,0.089497,0.481786,-6.464029,113.820671,24.338646,0.098778,0.936186,-0.045271,0.334288,-9.180565,136.11731,27.455374,0.098429,0.964822,-0.194871,0.146475,-4.754519,150.48317,25.678062,-0.051268,0.844621,0.129782,0.516859,-11.184213,130.861893,23.759932,0.357214,-0.614578,0.191238,-0.676846,-18.876316,131.656296,8.952147,0.260802,-0.026034,-0.343968,-0.90166,-14.650728,114.453934,-8.185511,0.279072,0.1182,-0.551781,-0.776972,4.07047,129.359619,-13.747001,-0.068135,0.917622,0.180393,0.347544,-7.040163,130.453857,30.290926,0.417268,0.851537,0.237039,-0.211148,5.474553,130.448105,41.356724,-0.096137,0.263991,0.558248,-0.780657,19.341141,115.400139,27.617996,-0.036659,0.100454,0.530092,-0.84117,13.189806,139.305496,19.71703,0.041671,0.86863,0.143861,0.472281,-6.449772,87.778183,11.776806,0.12214,0.922057,0.003961,0.367256,-4.159473,53.324062,1.34156,0.000673,0.933753,0.024967,0.357047,-14.586186,7.827342,-3.208355,-0.042399,0.851592,-0.049323,0.520154,3.442335,88.417633,28.419245,0.007902,0.82812,-0.123115,0.546807,4.19637,52.650322,33.040649,-0.023421,0.81839,0.024251,0.573674,-2.731644,7.180405,42.198116,0.000673,0.933753,0.024967,0.357047,-4.794156,2.210052,-14.310829,-0.023421,0.81839,0.024251,0.573674,11.310017,1.866225,37.168797
976,8.133333,-0.046822,0.867709,0.048841,0.492447,-1.503604,88.100586,20.098518,-0.041273,0.864209,0.144581,0.480142,-2.530979,95.969955,20.405443,-0.019292,0.871448,0.089595,0.48185,-6.459473,113.816704,24.335632,0.098761,0.936192,-0.045144,0.334295,-9.179942,136.112457,27.455124,0.098498,0.96485,-0.194727,0.146438,-4.755513,150.479248,25.681194,-0.051156,0.844738,0.129797,0.516675,-11.182191,130.857269,23.75861,0.357212,-0.614628,0.191232,-0.676803,-18.881037,131.654114,8.954458,0.260843,-0.025841,-0.344224,-0.901556,-14.658344,114.451538,-8.183697,0.279685,0.118002,-0.551522,-0.776965,4.052506,129.367523,-13.739869,-0.068054,0.917573,0.180334,0.347718,-7.039116,130.448944,30.290205,0.417812,0.851169,0.237279,-0.21129,5.471918,130.440216,41.360165,-0.09695,0.263935,0.558871,-0.78013,19.313196,115.381195,27.608046,-0.037299,0.100915,0.530086,-0.841091,13.196367,139.30751,19.743164,0.04172,0.868659,0.143805,0.472241,-6.449074,87.779495,11.777006,0.122086,0.922046,0.004023,0.367302,-4.164214,53.324516,1.343422,0.000596,0.933791,0.024802,0.356957,-14.58399,7.826612,-3.210513,-0.042328,0.851743,-0.049394,0.519906,3.441865,88.421677,28.420031,0.007844,0.828248,-0.123065,0.546626,4.190199,52.654446,33.042923,-0.022369,0.818343,0.025023,0.573749,-2.728803,7.183295,42.201054,0.000596,0.933791,0.024802,0.356957,-4.793917,2.205576,-14.31282,-0.022369,0.818343,0.025023,0.573749,11.308863,1.869831,37.15984
977,8.141667,-0.046538,0.867766,0.048642,0.492392,-1.510727,88.095459,20.096483,-0.041271,0.864281,0.144776,0.479953,-2.532638,95.965561,20.402969,-0.019217,0.871577,0.089527,0.481632,-6.465162,113.817192,24.341722,0.098729,0.936253,-0.045064,0.334145,-9.180405,136.113647,27.460855,0.098598,0.964853,-0.194698,0.14639,-4.758141,150.481216,25.687922,-0.051158,0.844789,0.129665,0.516625,-11.185411,130.85849,23.765789,0.357222,-0.614729,0.191085,-0.676748,-18.885963,131.652695,8.962388,0.260818,-0.02593,-0.344213,-0.901565,-14.666641,114.453461,-8.179951,0.279635,0.117923,-0.551511,-0.777003,4.043494,129.36731,-13.739221,-0.067933,0.91757,0.180347,0.347742,-7.039038,130.449997,30.29528,0.418301,0.850842,0.237529,-0.211355,5.471968,130.437286,41.365261,-0.097607,0.263763,0.55939,-0.779734,19.291691,115.367821,27.602905,-0.037894,0.101101,0.529974,-0.841112,13.200489,139.31076,19.772337,0.041649,0.868619,0.143822,0.472315,-6.457761,87.77713,11.775797,0.122049,0.92203,0.004055,0.367353,-4.166996,53.322063,1.343774,0.0006,0.933808,0.024859,0.35691,-14.582264,7.823339,-3.212229,-0.042408,0.85178,-0.049441,0.519835,3.436307,88.41378,28.41717,0.007867,0.828337,-0.123048,0.546493,4.188144,52.647377,33.045887,-0.02212,0.818362,0.025329,0.573718,-2.730303,7.175878,42.202702,0.0006,0.933808,0.024859,0.35691,-4.793105,2.203846,-14.316119,-0.02212,0.818362,0.025329,0.573718,11.306563,1.865582,37.15593
978,8.15,-0.046166,0.867828,0.048481,0.492334,-1.524754,88.102982,20.097157,-0.041022,0.86428,0.144555,0.480043,-2.54028,95.973877,20.404419,-0.019186,0.871504,0.089714,0.481729,-6.458034,113.813889,24.337107,0.098722,0.936224,-0.04495,0.334241,-9.176469,136.108871,27.463936,0.098502,0.964857,-0.194652,0.146486,-4.755132,150.477188,25.694662,-0.051598,0.844267,0.130681,0.517178,-11.180049,130.854874,23.766453,0.356772,-0.61506,0.191711,-0.676507,-18.860003,131.657501,8.952806,0.260177,-0.026127,-0.344095,-0.901789,-14.672586,114.447464,-8.186509,0.278838,0.117915,-0.551923,-0.776998,4.045228,129.361481,-13.743682,-0.067987,0.917498,0.180445,0.347873,-7.035117,130.444412,30.296734,0.418492,0.850643,0.237712,-0.211574,5.472617,130.431229,41.370411,-0.098269,0.263483,0.559633,-0.779571,19.279915,115.36232,27.594963,-0.039013,0.100763,0.530558,-0.840734,13.195366,139.317093,19.79863,0.041496,0.86853,0.143798,0.472499,-6.473567,87.789261,11.777351,0.122026,0.922098,0.004184,0.367188,-4.171858,53.332775,1.352432,0.000687,0.933823,0.024626,0.356885,-14.58153,7.833615,-3.212054,-0.042514,0.851766,-0.049363,0.519856,3.424059,88.41671,28.416962,0.007867,0.828311,-0.123054,0.546532,4.185226,52.650391,33.044838,-0.023405,0.818503,0.02414,0.573518,-2.733941,7.17904,42.201847,0.000687,0.933823,0.024626,0.356885,-4.794897,2.206761,-14.314449,-0.023405,0.818503,0.02414,0.573518,11.305003,1.861862,37.168118
979,8.158333,-0.046449,0.867785,0.048728,0.492359,-1.517869,88.111031,20.098307,-0.041213,0.864309,0.144752,0.479916,-2.539207,95.981133,20.406712,-0.019162,0.871589,0.08984,0.481554,-6.465794,113.817406,24.342445,0.098512,0.936204,-0.045788,0.334248,-9.185375,136.11142,27.475283,0.098591,0.964866,-0.194148,0.147039,-4.761899,150.475922,25.680706,-0.050964,0.844761,0.130009,0.516603,-11.18986,130.858017,23.777433,0.357782,-0.615038,0.190586,-0.676311,-18.891842,131.663589,8.975391,0.260981,-0.026264,-0.343985,-0.901595,-14.681864,114.462646,-8.16754,0.278759,0.11777,-0.551964,-0.777019,4.035077,129.362335,-13.741469,-0.067766,0.917583,0.180435,0.347696,-7.042293,130.446548,30.305979,0.418654,0.85049,0.237748,-0.21183,5.470542,130.427963,41.373882,-0.099195,0.26302,0.560096,-0.779278,19.265835,115.358864,27.586639,-0.039254,0.100558,0.531121,-0.840391,13.195597,139.33371,19.842386,0.041595,0.868542,0.143718,0.472493,-6.465696,87.794975,11.778004,0.122077,0.922081,0.004164,0.367214,-4.17302,53.337444,1.35458,0.000596,0.933789,0.024588,0.356978,-14.587614,7.839447,-3.210239,-0.042398,0.851787,-0.049392,0.519828,3.429958,88.427086,28.41861,0.007809,0.828229,-0.123008,0.546666,4.183063,52.660263,33.043903,-0.022364,0.818318,0.025038,0.573785,-2.730734,7.187754,42.199207,0.000596,0.933789,0.024588,0.356978,-4.797962,2.212475,-14.309904,-0.022364,0.818318,0.025038,0.573785,11.307405,1.874579,37.159019
980,8.166667,-0.046903,0.867734,0.048967,0.492382,-1.502288,88.108589,20.097435,-0.04101,0.864316,0.144837,0.479895,-2.531734,95.977638,20.405535,-0.019191,0.871584,0.089879,0.481555,-6.454031,113.817467,24.348606,0.098985,0.936184,-0.045121,0.334254,-9.175601,136.111099,27.482323,0.09814,0.964881,-0.194588,0.146659,-4.745404,150.47644,25.711069,-0.050939,0.844926,0.129927,0.516357,-11.179585,130.857681,23.784237,0.357669,-0.615295,0.19045,-0.676176,-18.890148,131.661194,8.986547,0.261021,-0.026132,-0.344135,-0.90153,-14.693183,114.464973,-8.164306,0.279403,0.11763,-0.551773,-0.776945,4.016129,129.369537,-13.734013,-0.067674,0.917516,0.180435,0.347889,-7.032053,130.44632,30.312813,0.418755,0.850299,0.237793,-0.212345,5.476715,130.423615,41.385315,-0.10015,0.262565,0.560225,-0.779216,19.257044,115.360687,27.576361,-0.040893,0.100184,0.532269,-0.839631,13.1818,139.350174,19.879555,0.04169,0.868552,0.144055,0.472364,-6.448864,87.787254,11.776587,0.122136,0.922004,0.004363,0.367386,-4.152029,53.337276,1.329126,0.00062,0.933773,0.024411,0.357033,-14.56387,7.840776,-3.256849,-0.042223,0.851715,-0.049475,0.519953,3.444287,88.429924,28.418282,0.007797,0.828168,-0.123035,0.546754,4.182828,52.662624,33.042233,-0.023087,0.81842,0.024828,0.573619,-2.732414,7.190719,42.199463,0.00062,0.933773,0.024411,0.357033,-4.773924,2.208632,-14.353636,-0.023087,0.81842,0.024828,0.573619,11.309019,1.884853,37.160736
981,8.175,-0.046846,0.867742,0.048943,0.492376,-1.504299,88.109673,20.09803,-0.040903,0.864324,0.144884,0.479875,-2.532787,95.978844,20.40625,-0.019131,0.871595,0.089907,0.481532,-6.452374,113.818314,24.3528,0.099028,0.936214,-0.044875,0.334191,-9.172121,136.111816,27.488998,0.098067,0.964879,-0.194779,0.146464,-4.743278,150.478409,25.724625,-0.051388,0.844285,0.131366,0.516996,-11.176717,130.858932,23.790493,0.357452,-0.615789,0.191008,-0.675683,-18.863678,131.678513,8.981413,0.260682,-0.026444,-0.343849,-0.901728,-14.707202,114.466217,-8.163172,0.278675,0.117609,-0.552147,-0.776944,4.01506,129.361145,-13.738793,-0.067703,0.917479,0.180482,0.347958,-7.028812,130.446579,30.318768,0.418969,0.850083,0.237906,-0.212659,5.478221,130.423721,41.393219,-0.10102,0.262347,0.560438,-0.779024,19.243147,115.36113,27.568567,-0.042596,0.099762,0.532942,-0.83917,13.174367,139.364151,19.909571,0.041701,0.868522,0.144093,0.472407,-6.451073,87.78904,11.777278,0.122078,0.922468,0.004574,0.366236,-4.153104,53.339924,1.32723,0.000667,0.933803,0.024362,0.356956,-14.558466,7.842269,-3.262024,-0.042239,0.851718,-0.049463,0.519948,3.442474,88.430305,28.418783,0.00779,0.828156,-0.123029,0.546773,4.182547,52.663017,33.042595,-0.023193,0.818416,0.024734,0.573625,-2.73209,7.190976,42.199593,0.000667,0.933803,0.024362,0.356956,-4.771062,2.208298,-14.360124,-0.023193,0.818416,0.024734,0.573625,11.309814,1.884657,37.162666
982,8.183333,-0.0468,0.867747,0.048931,0.492372,-1.505143,88.108551,20.098206,-0.040976,0.864318,0.144999,0.479845,-2.532899,95.977814,20.406624,-0.019134,0.871611,0.089921,0.4815,-6.457125,113.817665,24.356005,0.098655,0.936255,-0.045319,0.334127,-9.177187,136.111053,27.492786,0.098448,0.964874,-0.194472,0.146654,-4.754636,150.477554,25.711929,-0.051193,0.844317,0.131237,0.516996,-11.181918,130.858185,23.794331,0.357424,-0.61578,0.191147,-0.675668,-18.869541,131.680969,8.985776,0.260642,-0.026603,-0.34387,-0.901727,-14.715113,114.46521,-8.15583,0.27866,0.117432,-0.552223,-0.776923,4.005579,129.358795,-13.737965,-0.067502,0.917502,0.180575,0.347888,-7.033541,130.445816,30.322302,0.419008,0.849976,0.238044,-0.212857,5.476028,130.416168,41.393871,-0.102055,0.262272,0.560519,-0.778856,19.235193,115.357956,27.558699,-0.044314,0.099577,0.533337,-0.838852,13.168974,139.373611,19.935326,0.041726,0.868544,0.14406,0.472373,-6.452087,87.788567,11.77753,0.122059,0.922056,0.004408,0.367279,-4.157238,53.338917,1.328556,0.000607,0.933795,0.02436,0.356977,-14.561568,7.840699,-3.257472,-0.042269,0.851783,-0.049443,0.519841,3.441801,88.428535,28.418884,0.007838,0.828252,-0.123033,0.546626,4.184971,52.661289,33.042492,-0.022216,0.818294,0.02518,0.573819,-2.73191,7.189402,42.198586,0.000607,0.933795,0.02436,0.356977,-4.773018,2.20728,-14.354837,-0.022216,0.818294,0.02518,0.573819,11.306162,1.877151,37.15723
983,8.191667,-0.046315,0.867811,0.04868,0.49233,-1.523742,88.110878,20.099936,-0.040807,0.864323,0.14492,0.479874,-2.542854,95.981247,20.408762,-0.01908,0.871591,0.089938,0.481536,-6.458643,113.814606,24.356865,0.098608,0.936244,-0.045416,0.334157,-9.177041,136.107956,27.495384,0.098482,0.96487,-0.19441,0.146736,-4.754728,150.474167,25.71154,-0.051077,0.844368,0.131307,0.516907,-11.181953,130.855576,23.796331,0.357445,-0.615801,0.191259,-0.675605,-18.873047,131.682343,8.989799,0.260573,-0.026767,-0.343928,-0.90172,-14.722034,114.462425,-8.148447,0.278587,0.117298,-0.552128,-0.777036,3.995873,129.356079,-13.737251,-0.067407,0.917472,0.180641,0.347952,-7.034075,130.442291,30.324564,0.419116,0.849847,0.238166,-0.213022,5.47443,130.408524,41.397327,-0.103242,0.262536,0.560534,-0.7786,19.225676,115.351662,27.552826,-0.046568,0.099698,0.532924,-0.838978,13.167649,139.377304,19.957052,0.041551,0.868543,0.143781,0.472476,-6.472352,87.796562,11.780032,0.122098,0.922593,0.004419,0.365917,-4.174966,53.340065,1.3542,0.000556,0.933771,0.024488,0.357031,-14.58901,7.84275,-3.218706,-0.042467,0.851862,-0.049327,0.519706,3.424868,88.425186,28.419838,0.007867,0.828376,-0.123037,0.546437,4.185272,52.658333,33.043625,-0.022273,0.818353,0.025105,0.573736,-2.731964,7.186583,42.200069,0.000556,0.933771,0.024488,0.357031,-4.798083,2.213379,-14.316034,-0.022273,0.818353,0.025105,0.573736,11.305158,1.873489,37.156963
984,8.2,-0.046281,0.867816,0.048676,0.492325,-1.524949,88.111061,20.1003,-0.040789,0.864322,0.144954,0.479868,-2.543572,95.981483,20.409353,-0.018995,0.871596,0.089986,0.48152,-6.459477,113.815163,24.358992,0.098702,0.936267,-0.045111,0.334107,-9.175508,136.108261,27.50132,0.098453,0.964853,-0.194661,0.146535,-4.753681,150.475754,25.726589,-0.050441,0.845145,0.129929,0.516048,-11.181129,130.856689,23.8015,0.35801,-0.615801,0.190253,-0.67559,-18.904055,131.672577,9.010937,0.261006,-0.0268,-0.34381,-0.901639,-14.734089,114.469162,-8.139287,0.278504,0.117098,-0.552122,-0.777101,3.987244,129.354828,-13.735112,-0.067336,0.917441,0.180687,0.348023,-7.032961,130.441925,30.329456,0.419209,0.849741,0.238266,-0.21315,5.474217,130.404968,41.403709,-0.104449,0.263063,0.56052,-0.778271,19.218914,115.348938,27.551794,-0.048622,0.10046,0.532242,-0.839203,13.174394,139.383881,19.974188,0.041534,0.868455,0.14414,0.472531,-6.473717,87.797272,11.78047,0.121982,0.922064,0.004557,0.367284,-4.16219,53.348125,1.3335,0.000771,0.93384,0.024085,0.356877,-14.55484,7.848281,-3.262832,-0.042477,0.851862,-0.04932,0.519706,3.423819,88.42485,28.42013,0.007864,0.828385,-0.123035,0.546423,4.185142,52.657997,33.043839,-0.022247,0.818378,0.025054,0.573702,-2.731646,7.186195,42.200382,0.000771,0.93384,0.024085,0.356877,-4.771618,2.205571,-14.360181,-0.022247,0.818378,0.025054,0.573702,11.304513,1.871375,37.156414
985,8.208333,-0.046319,0.867807,0.048787,0.492327,-1.523828,88.11277,20.100031,-0.040804,0.864316,0.144963,0.479874,-2.543826,95.982971,20.410301,-0.018935,0.871593,0.090069,0.481513,-6.460392,113.816452,24.359938,0.09879,0.936267,-0.045069,0.334085,-9.175864,136.108978,27.506838,0.098434,0.964857,-0.194695,0.146476,-4.752091,150.476105,25.734032,-0.050912,0.844421,0.13121,0.516861,-11.181684,130.8582,23.806004,0.357496,-0.616181,0.191158,-0.67526,-18.874929,131.687653,9.000738,0.260581,-0.026847,-0.34383,-0.901753,-14.745104,114.46611,-8.140996,0.278595,0.117041,-0.552095,-0.777096,3.976643,129.355515,-13.73249,-0.067248,0.91743,0.180793,0.348015,-7.033376,130.442017,30.333778,0.419173,0.84972,0.238365,-0.213196,5.474384,130.401138,41.40736,-0.105677,0.263641,0.560363,-0.778022,19.219627,115.348663,27.552128,-0.050277,0.101947,0.53175,-0.839238,13.181974,139.389435,19.989607,0.04158,0.868453,0.1441,0.472542,-6.4725,87.799408,11.780129,0.12204,0.922099,0.004529,0.367178,-4.165108,53.349709,1.334053,0.000745,0.933784,0.024145,0.35702,-14.564175,7.851169,-3.260682,-0.042464,0.85181,-0.049308,0.519793,3.424843,88.42614,28.419935,0.007864,0.828354,-0.123053,0.546467,4.185322,52.659122,33.042534,-0.022733,0.818409,0.024689,0.573656,-2.732866,7.187745,42.200096,0.000745,0.933784,0.024145,0.35702,-4.777057,2.210353,-14.355558,-0.022733,0.818409,0.024689,0.573656,11.304949,1.872397,37.161293
986,8.216667,-0.046437,0.867801,0.048904,0.492315,-1.520057,88.114319,20.100584,-0.040818,0.864301,0.144948,0.479905,-2.542587,95.984169,20.411556,-0.018764,0.871577,0.090186,0.481527,-6.458619,113.813927,24.359449,0.09919,0.936267,-0.044582,0.334034,-9.169898,136.105789,27.514622,0.098172,0.964875,-0.195015,0.146106,-4.739895,150.473099,25.75906,-0.050937,0.844487,0.131447,0.516691,-11.17669,130.856766,23.811827,0.357633,-0.616382,0.191016,-0.675044,-18.875738,131.688751,9.009716,0.260739,-0.026752,-0.344023,-0.901636,-14.755448,114.46624,-8.133348,0.279149,0.116883,-0.551825,-0.777112,3.957783,129.361435,-13.724949,-0.067287,0.917388,0.18085,0.348089,-7.028494,130.437378,30.33947,0.419104,0.849734,0.238379,-0.21326,5.477378,130.396515,41.415188,-0.106624,0.264105,0.560217,-0.777841,19.224125,115.347519,27.557655,-0.051101,0.103608,0.531353,-0.839237,13.190945,139.391479,20.005989,0.041616,0.868457,0.144092,0.472533,-6.468744,87.800095,11.780721,0.122089,0.922144,0.004492,0.367048,-4.163943,53.350437,1.333951,0.000889,0.933744,0.024301,0.357116,-14.569056,7.852972,-3.25771,-0.042436,0.851718,-0.049284,0.519948,3.428631,88.428551,28.420444,0.007825,0.828155,-0.123054,0.546768,4.187494,52.661194,33.040672,-0.022467,0.818331,0.025038,0.573762,-2.731025,7.189777,42.197849,0.000889,0.933744,0.024301,0.357116,-4.780624,2.214944,-14.352846,-0.022467,0.818331,0.025038,0.573762,11.307779,1.878383,37.157623
987,8.225,-0.046436,0.86781,0.048916,0.492297,-1.521626,88.115814,20.102671,-0.040696,0.864272,0.144798,0.480011,-2.544225,95.985641,20.41383,-0.01881,0.871489,0.090306,0.481663,-6.45356,113.814476,24.358126,0.099283,0.936228,-0.044482,0.334128,-9.169751,136.10527,27.516579,0.09813,0.964873,-0.195053,0.146099,-4.737807,150.472519,25.765293,-0.050216,0.84522,0.130577,0.515781,-11.174427,130.856583,23.812155,0.358151,-0.61621,0.190332,-0.675119,-18.907282,131.688721,9.027687,0.261209,-0.026901,-0.343917,-0.901536,-14.763689,114.475571,-8.119162,0.279108,0.116775,-0.551817,-0.777149,3.951016,129.360519,-13.723337,-0.067206,0.917348,0.180932,0.348167,-7.028274,130.436707,30.341063,0.419059,0.849766,0.238461,-0.213128,5.476153,130.39183,41.418392,-0.107321,0.26453,0.560133,-0.777661,19.227528,115.343369,27.564871,-0.051244,0.105201,0.530374,-0.839649,13.201854,139.387726,20.019157,0.041632,0.868446,0.144095,0.472551,-6.470649,87.801682,11.783006,0.122095,0.922141,0.004498,0.367054,-4.166539,53.3522,1.335505,0.000849,0.933731,0.024249,0.357153,-14.571944,7.854882,-3.256957,-0.042451,0.851712,-0.049287,0.519957,3.427398,88.429939,28.422335,0.007858,0.828185,-0.123057,0.546722,4.186987,52.662701,33.043324,-0.02322,0.818434,0.024736,0.573598,-2.73371,7.191396,42.199409,0.000849,0.933731,0.024249,0.357153,-4.782418,2.215834,-14.350608,-0.02322,0.818434,0.024736,0.573598,11.308131,1.885593,37.161755
988,8.233333,-0.046418,0.867801,0.048911,0.492315,-1.522292,88.114006,20.103016,-0.040784,0.864271,0.14485,0.479991,-2.544614,95.983864,20.414228,-0.01864,0.87152,0.090326,0.481609,-6.456987,113.809029,24.358017,0.099258,0.936293,-0.044204,0.333991,-9.166702,136.09996,27.52113,0.098237,0.96487,-0.195204,0.145844,-4.738565,150.469177,25.776472,-0.05013,0.84526,0.130594,0.515721,-11.173361,130.852509,23.816017,0.358153,-0.616273,0.190304,-0.675069,-18.908592,131.687027,9.032928,0.261189,-0.026968,-0.343922,-0.901538,-14.768309,114.474121,-8.114952,0.279085,0.116693,-0.551861,-0.777138,3.945847,129.358246,-13.721728,-0.067202,0.91734,0.180916,0.348198,-7.026312,130.430267,30.344204,0.419087,0.84977,0.238462,-0.213059,5.477414,130.385254,41.422321,-0.107658,0.264654,0.560163,-0.777551,19.229094,115.334763,27.571339,-0.050702,0.10635,0.529528,-0.840071,13.209021,139.380722,20.032629,0.041529,0.868427,0.144162,0.472575,-6.47101,87.800156,11.78316,0.122112,0.922546,0.004715,0.366026,-4.157857,53.351437,1.335147,0.000622,0.933796,0.024077,0.356995,-14.562294,7.854685,-3.265136,-0.042465,0.851677,-0.049244,0.520018,3.426425,88.427856,28.422874,0.007862,0.828164,-0.12306,0.546754,4.188162,52.660389,33.041775,-0.023379,0.818435,0.024127,0.573617,-2.733343,7.189152,42.197578,0.000622,0.933796,0.024077,0.356995,-4.774695,2.213263,-14.359278,-0.023379,0.818435,0.024127,0.573617,11.306485,1.871222,37.167118
989,8.241667,-0.04612,0.867862,0.048734,0.492254,-1.529416,88.106522,20.101156,-0.040711,0.864279,0.144971,0.479946,-2.546239,95.977097,20.41235,-0.018672,0.871536,0.090277,0.481588,-6.459918,113.809074,24.363195,0.098903,0.936347,-0.044355,0.333925,-9.169758,136.100357,27.523756,0.098632,0.964853,-0.195032,0.145922,-4.75018,150.471207,25.770903,-0.050726,0.844677,0.131015,0.516511,-11.176517,130.852432,23.819361,0.357614,-0.616598,0.190944,-0.674878,-18.882509,131.681808,9.020716,0.260559,-0.026864,-0.344029,-0.901683,-14.773954,114.46003,-8.125896,0.279032,0.116424,-0.551817,-0.777229,3.938498,129.354828,-13.719448,-0.067048,0.917364,0.180996,0.34812,-7.029175,130.43103,30.347416,0.419288,0.849667,0.238692,-0.212814,5.477054,130.380875,41.422695,-0.107861,0.264631,0.560311,-0.777425,19.225559,115.323616,27.575897,-0.050207,0.107264,0.528663,-0.840529,13.213852,139.372681,20.047186,0.041502,0.8684,0.144166,0.472626,-6.479836,87.795891,11.782188,0.122049,0.922122,0.004531,0.367117,-4.164225,53.347099,1.334954,0.000721,0.933795,0.024248,0.356986,-14.564226,7.848752,-3.259512,-0.042556,0.851825,-0.049328,0.51976,3.421003,88.41716,28.42012,0.007905,0.828286,-0.123037,0.546573,4.186552,52.650856,33.047356,-0.023653,0.818504,0.024032,0.57351,-2.735222,7.179168,42.200718,0.000721,0.933795,0.024248,0.356986,-4.777206,2.21104,-14.356051,-0.023653,0.818504,0.024032,0.57351,11.305239,1.863635,37.169476
990,8.25,-0.046137,0.867877,0.048748,0.492224,-1.529484,88.105682,20.101347,-0.040839,0.864371,0.14515,0.479715,-2.546638,95.976204,20.412636,-0.018492,0.87171,0.090275,0.481279,-6.466497,113.805664,24.367786,0.098904,0.936417,-0.044437,0.333717,-9.16808,136.09726,27.533167,0.098605,0.964869,-0.194988,0.145893,-4.748406,150.467667,25.776791,-0.050092,0.84534,0.129896,0.51577,-11.178972,130.850357,23.829594,0.357877,-0.61638,0.190281,-0.675124,-18.912657,131.673996,9.045081,0.260735,-0.027279,-0.34377,-0.901718,-14.778441,114.467812,-8.111027,0.27841,0.116345,-0.552124,-0.777246,3.943124,129.347321,-13.723129,-0.066787,0.917418,0.180836,0.348111,-7.026915,130.427017,30.354527,0.419268,0.849701,0.238549,-0.21288,5.480687,130.370911,41.428226,-0.10833,0.264742,0.560265,-0.777354,19.22864,115.313049,27.581524,-0.050053,0.108156,0.527799,-0.840967,13.217381,139.365372,20.062599,0.041533,0.868466,0.143839,0.472601,-6.480445,87.794853,11.782708,0.122124,0.922544,0.004426,0.366031,-4.178412,53.339458,1.354264,0.000512,0.933736,0.024576,0.357118,-14.593843,7.842746,-3.221497,-0.042538,0.851878,-0.049366,0.519671,3.421477,88.416504,28.419983,0.007935,0.828413,-0.123016,0.546384,4.184994,52.650356,33.048801,-0.023258,0.818471,0.024379,0.573559,-2.735871,7.17822,42.200634,0.000512,0.933736,0.024576,0.357118,-4.800022,2.216268,-14.317739,-0.023258,0.818471,0.024379,0.573559,11.303682,1.864354,37.165104
991,8.258333,-0.04613,0.867887,0.048739,0.492209,-1.530225,88.105507,20.102118,-0.040763,0.864314,0.145031,0.47986,-2.547213,95.976051,20.413366,-0.018461,0.871598,0.090402,0.48146,-6.462378,113.803329,24.364708,0.09886,0.936411,-0.044287,0.333765,-9.166137,136.093933,27.535179,0.098665,0.964886,-0.194939,0.145807,-4.748917,150.465576,25.78282,-0.0506,0.844829,0.1309,0.516303,-11.175297,130.847977,23.829317,0.357475,-0.616645,0.190963,-0.674903,-18.888887,131.677765,9.034653,0.260349,-0.027216,-0.343845,-0.901803,-14.783552,114.458534,-8.115307,0.278461,0.116325,-0.552116,-0.777236,3.937964,129.345993,-13.719893,-0.066818,0.917414,0.180853,0.348108,-7.025914,130.423004,30.355844,0.419297,0.849707,0.238624,-0.212711,5.481622,130.36763,41.429623,-0.108853,0.264878,0.560188,-0.77729,19.231913,115.30722,27.588022,-0.050406,0.10882,0.526677,-0.841563,13.220332,139.360718,20.079807,0.041508,0.868478,0.143845,0.472579,-6.481495,87.794693,11.783664,0.122093,0.922528,0.00442,0.366082,-4.177958,53.339268,1.355667,0.0005,0.933779,0.024601,0.357003,-14.590719,7.841849,-3.2191,-0.042537,0.851849,-0.049366,0.519718,3.421045,88.416321,28.420574,0.007904,0.828345,-0.123015,0.546488,4.184266,52.650166,33.049347,-0.023565,0.81853,0.024207,0.57347,-2.735286,7.177958,42.201778,0.0005,0.933779,0.024601,0.357003,-4.799366,2.216211,-14.317947,-0.023565,0.81853,0.024207,0.57347,11.304939,1.865182,37.166981
992,8.266667,-0.046194,0.867917,0.04882,0.492141,-1.529152,88.107277,20.104097,-0.040657,0.864386,0.145058,0.479731,-2.547621,95.977608,20.416023,-0.01857,0.871668,0.090379,0.481333,-6.45937,113.805519,24.370831,0.098983,0.936409,-0.044347,0.333726,-9.16646,136.09613,27.53841,0.098686,0.9649,-0.194826,0.14585,-4.74543,150.466522,25.785398,-0.050055,0.845492,0.130047,0.515487,-11.175625,130.849197,23.833935,0.357901,-0.616414,0.190336,-0.675065,-18.919176,131.674988,9.054711,0.260787,-0.02735,-0.343745,-0.901711,-14.788053,114.466225,-8.099534,0.278422,0.116324,-0.552206,-0.777186,3.935236,129.344421,-13.715675,-0.066782,0.917407,0.18084,0.348141,-7.024422,130.426056,30.359423,0.419392,0.849682,0.238705,-0.212533,5.48251,130.369522,41.433872,-0.109358,0.265049,0.560073,-0.777244,19.23259,115.304413,27.597185,-0.051306,0.109332,0.526074,-0.84182,13.219568,139.357666,20.097389,0.041369,0.868463,0.144293,0.472483,-6.481597,87.796059,11.786359,0.122112,0.922554,0.004711,0.366006,-4.155012,53.349102,1.335488,0.000847,0.933773,0.024196,0.357047,-14.55974,7.852355,-3.264189,-0.042513,0.851712,-0.049355,0.519945,3.423294,88.418495,28.421835,0.007872,0.82824,-0.123015,0.546647,4.184214,52.652115,33.049263,-0.023418,0.818506,0.024335,0.573505,-2.734641,7.179862,42.202026,0.000847,0.933773,0.024196,0.357047,-4.772887,2.211897,-14.359482,-0.023418,0.818506,0.024335,0.573505,11.305434,1.867656,37.166203
993,8.275,-0.046223,0.867936,0.048864,0.4921,-1.52937,88.108398,20.105806,-0.040576,0.864422,0.145071,0.479669,-2.548568,95.978615,20.418171,-0.018619,0.871697,0.090409,0.481274,-6.457461,113.805649,24.374918,0.099004,0.936441,-0.044267,0.333643,-9.166927,136.095947,27.542788,0.09878,0.964918,-0.194773,0.145738,-4.746379,150.466721,25.791698,-0.04991,0.845537,0.130079,0.515418,-11.1759,130.84874,23.83857,0.358022,-0.616509,0.190328,-0.674916,-18.922298,131.678818,9.061076,0.261058,-0.027178,-0.343899,-0.901578,-14.796783,114.46637,-8.090832,0.279149,0.116296,-0.551852,-0.777181,3.920375,129.349945,-13.705338,-0.066731,0.917441,0.180818,0.348072,-7.023838,130.426117,30.363544,0.419447,0.849672,0.238766,-0.212395,5.484912,130.36879,41.435944,-0.110065,0.265338,0.559849,-0.777207,19.235611,115.300575,27.603245,-0.052828,0.109898,0.525532,-0.84199,13.217604,139.354691,20.111671,0.04134,0.868408,0.144307,0.472582,-6.482546,87.797066,11.788507,0.122158,0.922608,0.004702,0.365855,-4.152528,53.350227,1.338027,0.000709,0.933783,0.024202,0.35702,-14.562276,7.854542,-3.26077,-0.042492,0.851622,-0.049319,0.520099,3.423805,88.419731,28.423107,0.007873,0.828091,-0.123055,0.546865,4.183945,52.652954,33.047646,-0.024893,0.818539,0.023729,0.573421,-2.739429,7.181626,42.201584,0.000709,0.933783,0.024202,0.35702,-4.774524,2.215666,-14.356077,-0.024893,0.818539,0.023729,0.573421,11.309411,1.880076,37.178986
994,8.283333,-0.046225,0.867962,0.048901,0.49205,-1.529724,88.108078,20.10692,-0.040542,0.864462,0.145045,0.479607,-2.54922,95.978241,20.419827,-0.018494,0.871742,0.09046,0.481188,-6.455839,113.803696,24.376232,0.098986,0.936483,-0.044249,0.333532,-9.161209,136.093765,27.549103,0.098717,0.964955,-0.194692,0.145642,-4.741681,150.464813,25.797659,-0.049961,0.845653,0.129909,0.515265,-11.171789,130.847626,23.844284,0.357833,-0.616506,0.190379,-0.675005,-18.923273,131.672455,9.069165,0.260912,-0.027226,-0.343923,-0.90161,-14.798534,114.463257,-8.086189,0.279125,0.116339,-0.5519,-0.777149,3.918143,129.348343,-13.700834,-0.066768,0.917432,0.180631,0.348184,-7.018372,130.423065,30.368271,0.419672,0.849582,0.238722,-0.212363,5.487602,130.368362,41.443813,-0.110674,0.265747,0.559776,-0.777033,19.229681,115.291763,27.611691,-0.054385,0.110429,0.525159,-0.842055,13.218684,139.348785,20.123243,0.041387,0.868565,0.143966,0.472394,-6.483844,87.796989,11.790174,0.122222,0.922656,0.004391,0.365716,-4.170786,53.343349,1.358385,0.000706,0.933692,0.024682,0.357226,-14.597349,7.848868,-3.214125,-0.042502,0.851676,-0.049268,0.520014,3.424396,88.419167,28.423668,0.007886,0.828073,-0.123077,0.546886,4.187523,52.652103,33.045418,-0.024807,0.818502,0.023782,0.573476,-2.738193,7.181305,42.200207,0.000706,0.933692,0.024682,0.357226,-4.802684,2.22326,-14.310065,-0.024807,0.818502,0.023782,0.573476,11.310853,1.879581,37.178375
995,8.291667,-0.046119,0.867989,0.048836,0.492019,-1.533007,88.106789,20.108456,-0.040453,0.864482,0.145179,0.479538,-2.55053,95.977203,20.421331,-0.018549,0.871779,0.090349,0.48114,-6.456532,113.802406,24.384094,0.098908,0.936548,-0.044209,0.333379,-9.161454,136.093307,27.551567,0.098968,0.964998,-0.194508,0.145433,-4.744984,150.465225,25.799534,-0.04993,0.845692,0.129873,0.515214,-11.172453,130.846222,23.848299,0.357809,-0.616486,0.190461,-0.675013,-18.9258,131.671005,9.074156,0.260878,-0.027242,-0.343958,-0.901606,-14.801375,114.460083,-8.079539,0.279177,0.116273,-0.551801,-0.777211,3.914377,129.346741,-13.69483,-0.066685,0.917439,0.180578,0.348211,-7.018348,130.423309,30.371956,0.41986,0.849515,0.238774,-0.212202,5.487373,130.366501,41.447769,-0.111345,0.266119,0.559712,-0.776856,19.225021,115.282082,27.61978,-0.055505,0.111455,0.52486,-0.842033,13.22119,139.340256,20.1387,0.041343,0.868482,0.144331,0.472439,-6.48791,87.796799,11.792133,0.122042,0.922233,0.004579,0.36684,-4.158952,53.350491,1.339689,0.000894,0.933796,0.024229,0.356984,-14.558122,7.85203,-3.255594,-0.042594,0.851818,-0.049278,0.519773,3.421896,88.416771,28.424776,0.008004,0.828344,-0.12308,0.546474,4.191624,52.650345,33.050339,-0.024683,0.818549,0.023787,0.573413,-2.738927,7.179794,42.202702,0.000894,0.933796,0.024229,0.356984,-4.773137,2.212013,-14.352759,-0.024683,0.818549,0.023787,0.573413,11.30826,1.876038,37.177811
996,8.3,-0.046063,0.868043,0.048761,0.491937,-1.534653,88.103828,20.111454,-0.040506,0.864521,0.145138,0.479476,-2.550789,95.974442,20.423843,-0.018459,0.871822,0.090358,0.481063,-6.457126,113.79821,24.384247,0.098837,0.936575,-0.044289,0.333314,-9.158404,136.089188,27.554274,0.098937,0.965029,-0.194346,0.145463,-4.74337,150.461121,25.798887,-0.049876,0.845735,0.129809,0.515164,-11.170824,130.842712,23.85091,0.357865,-0.616534,0.1904,-0.674956,-18.926065,131.667679,9.077776,0.260875,-0.027217,-0.343968,-0.901604,-14.803446,114.456772,-8.076379,0.279164,0.116217,-0.551708,-0.77729,3.910668,129.343079,-13.690265,-0.066647,0.917421,0.180463,0.348325,-7.015532,130.41864,30.373732,0.419994,0.849477,0.23875,-0.212114,5.487717,130.361313,41.452332,-0.11184,0.266366,0.559739,-0.776681,19.221684,115.270782,27.627356,-0.055772,0.112434,0.524354,-0.8422,13.226688,139.331299,20.153856,0.041304,0.868555,0.144405,0.472285,-6.491212,87.793945,11.796119,0.121966,0.922227,0.004634,0.366879,-4.159081,53.348953,1.340044,0.000802,0.933868,0.024164,0.3568,-14.549706,7.848805,-3.257836,-0.042583,0.851793,-0.049148,0.519827,3.421906,88.413704,28.426786,0.008001,0.828364,-0.123157,0.546426,4.195562,52.646286,33.044064,-0.024669,0.81856,0.023732,0.573401,-2.738163,7.177517,42.202862,0.000802,0.933868,0.024164,0.3568,-4.768308,2.207967,-14.357739,-0.024669,0.81856,0.023732,0.573401,11.308405,1.872161,37.177944
997,8.308333,-0.046005,0.868071,0.048769,0.491892,-1.537446,88.104759,20.112579,-0.040365,0.864535,0.145233,0.479434,-2.552841,95.975449,20.425591,-0.018572,0.871828,0.090292,0.48106,-6.456235,113.799263,24.391857,0.098835,0.936569,-0.044576,0.333293,-9.160526,136.090591,27.556831,0.099024,0.96506,-0.194121,0.145501,-4.742914,150.460754,25.793344,-0.049817,0.845733,0.129708,0.515199,-11.172202,130.843002,23.854626,0.357983,-0.616613,0.190367,-0.674832,-18.926451,131.668015,9.080966,0.260876,-0.027208,-0.343989,-0.901596,-14.807951,114.454422,-8.071479,0.279104,0.116171,-0.551523,-0.77745,3.904653,129.340988,-13.684967,-0.066313,0.917448,0.180423,0.348337,-7.016929,130.420975,30.377594,0.420177,0.849364,0.238871,-0.212069,5.48751,130.353851,41.4548,-0.112146,0.266323,0.559948,-0.776501,19.214815,115.258728,27.628201,-0.055722,0.112771,0.523872,-0.842458,13.230816,139.326309,20.168987,0.041286,0.868605,0.14442,0.472191,-6.494978,87.795868,11.797786,0.121896,0.922264,0.004682,0.36681,-4.162345,53.351063,1.341192,0.000827,0.933911,0.024105,0.356691,-14.54573,7.849354,-3.257597,-0.042657,0.85187,-0.049083,0.5197,3.420085,88.413658,28.427374,0.008032,0.828499,-0.123163,0.54622,4.201389,52.646233,33.043308,-0.023214,0.818486,0.02428,0.573543,-2.732713,7.177645,42.202724,0.000827,0.933911,0.024105,0.356691,-4.767422,2.20666,-14.359285,-0.023214,0.818486,0.02428,0.573543,11.305642,1.860582,37.167229
998,8.316667,-0.046031,0.868093,0.048785,0.491849,-1.537123,88.103996,20.115685,-0.040355,0.864548,0.145228,0.479413,-2.552979,95.974625,20.428751,-0.018521,0.871842,0.090275,0.48104,-6.456065,113.799332,24.395332,0.098867,0.936594,-0.044482,0.333224,-9.157928,136.090881,27.560844,0.098944,0.96509,-0.194124,0.145351,-4.740552,150.461426,25.799873,-0.049829,0.845738,0.129733,0.515183,-11.170345,130.843567,23.858664,0.358017,-0.616666,0.190412,-0.674752,-18.925104,131.668625,9.085277,0.260818,-0.027242,-0.343996,-0.901609,-14.810703,114.452278,-8.065391,0.278978,0.116141,-0.551458,-0.777546,3.901935,129.33931,-13.679642,-0.066222,0.917446,0.180375,0.348386,-7.014742,130.42099,30.381388,0.4204,0.849213,0.238996,-0.212092,5.488977,130.351318,41.459389,-0.11237,0.266181,0.560245,-0.776303,19.206581,115.251564,27.62822,-0.055625,0.112873,0.52382,-0.842484,13.235542,139.32869,20.185352,0.04133,0.868696,0.144142,0.472104,-6.495418,87.794754,11.801358,0.121994,0.922765,0.004535,0.365517,-4.176222,53.344421,1.359981,0.000626,0.933828,0.024503,0.356883,-14.579391,7.844815,-3.214891,-0.042662,0.85194,-0.049047,0.519589,3.421171,88.413246,28.430012,0.008066,0.828492,-0.123185,0.546225,4.204723,52.645599,33.043827,-0.023209,0.81848,0.024346,0.57355,-2.733244,7.17757,42.203083,0.000626,0.933828,0.024503,0.356883,-4.792659,2.215184,-14.31579,-0.023209,0.81848,0.024346,0.57355,11.305552,1.862037,37.167194
999,8.325,-0.04601,0.868093,0.04888,0.491842,-1.536527,88.105911,20.116978,-0.040317,0.864523,0.145216,0.479465,-2.552832,95.976418,20.431522,-0.018363,0.871812,0.090339,0.481087,-6.454113,113.798668,24.39756,0.099098,0.936598,-0.044255,0.333173,-9.151266,136.089951,27.568882,0.098662,0.965131,-0.194282,0.145059,-4.729853,150.460281,25.816229,-0.050341,0.845118,0.130603,0.515931,-11.164556,130.844086,23.865124,0.3572,-0.616966,0.19148,-0.674608,-18.891834,131.673965,9.077615,0.26016,-0.027284,-0.34399,-0.9018,-14.815785,114.443016,-8.067539,0.278952,0.116213,-0.551482,-0.777527,3.900605,129.336258,-13.67378,-0.066495,0.917412,0.180313,0.348456,-7.009567,130.418823,30.388063,0.420771,0.848999,0.239065,-0.212132,5.491303,130.357773,41.469326,-0.11258,0.26618,0.560613,-0.776007,19.192657,115.248108,27.632874,-0.055671,0.113127,0.52369,-0.842527,13.243051,139.33403,20.202505,0.041379,0.868654,0.144109,0.472187,-6.494988,87.797913,11.802706,0.121987,0.922717,0.004526,0.365638,-4.178968,53.347195,1.361924,0.000517,0.93381,0.024496,0.35693,-14.58123,7.847423,-3.21331,-0.042595,0.851956,-0.049166,0.519558,3.421934,88.41391,28.431248,0.008056,0.828329,-0.122922,0.546531,4.197065,52.646683,33.049828,-0.024728,0.818299,0.023901,0.573763,-2.730074,7.172573,42.18705,0.000517,0.93381,0.024496,0.35693,-4.792222,2.218729,-14.312675,-0.024728,0.818299,0.023901,0.573763,11.322464,1.872444,37.173317
1000,8.333333,-0.046049,0.868105,0.048966,0.491808,-1.535964,88.106255,20.118109,-0.040226,0.864527,0.145266,0.47945,-2.553463,95.97657,20.433567,-0.018391,0.871809,0.09031,0.481097,-6.453152,113.800827,24.403423,0.09916,0.936589,-0.044267,0.33318,-9.150847,136.0923,27.572969,0.098612,0.965135,-0.194311,0.145027,-4.727584,150.462097,25.820679,-0.050341,0.845068,0.130671,0.515995,-11.163931,130.846115,23.869556,0.357297,-0.617051,0.191494,-0.674475,-18.888998,131.67749,9.080969,0.260222,-0.027315,-0.34393,-0.901804,-14.818371,114.442871,-8.061786,0.278925,0.116066,-0.551497,-0.777548,3.900129,129.333145,-13.669734,-0.066409,0.917391,0.180318,0.348525,-7.009108,130.421432,30.392641,0.42099,0.848859,0.239207,-0.212098,5.490547,130.357224,41.475266,-0.113249,0.266427,0.560881,-0.775632,19.183552,115.242386,27.636204,-0.056236,0.113672,0.523161,-0.842745,13.256561,139.337967,20.222355,0.041383,0.868599,0.144414,0.472195,-6.495017,87.798378,11.804181,0.121836,0.922223,0.004686,0.366932,-4.168593,53.354042,1.344663,0.000891,0.933869,0.024292,0.356789,-14.546117,7.850966,-3.253783,-0.042703,0.851894,-0.049005,0.519664,3.423088,88.414139,28.432035,0.00807,0.828297,-0.123188,0.546519,4.21038,52.646439,33.044846,-0.023192,0.818369,0.024556,0.573699,-2.731275,7.178483,42.201687,0.000891,0.933869,0.024292,0.356789,-4.765423,2.212765,-14.355654,-0.023192,0.818369,0.024556,0.573699,11.310453,1.867815,37.168846
1001,8.341667,-0.046037,0.868137,0.048939,0.491756,-1.536902,88.105179,20.123619,-0.0403,0.864534,0.14524,0.47944,-2.554004,95.975555,20.438864,-0.018314,0.871821,0.090292,0.481083,-6.455427,113.799377,24.406481,0.099166,0.936601,-0.044283,0.333141,-9.149621,136.091125,27.57707,0.09859,0.965147,-0.194305,0.144973,-4.726167,150.460785,25.824148,-0.050288,0.845058,0.130558,0.516045,-11.163674,130.845398,23.873543,0.357232,-0.617048,0.191664,-0.674464,-18.887197,131.676559,9.084143,0.260245,-0.027373,-0.343914,-0.901802,-14.819633,114.438423,-8.055815,0.279088,0.115935,-0.551484,-0.777518,3.899781,129.327621,-13.666667,-0.066294,0.917397,0.180311,0.348533,-7.008594,130.41983,30.396402,0.421181,0.848721,0.239341,-0.212119,5.491378,130.352142,41.478642,-0.114,0.266678,0.561162,-0.775232,19.175983,115.233803,27.635094,-0.057003,0.114158,0.523126,-0.842649,13.272032,139.341812,20.23992,0.041412,0.868677,0.144136,0.472133,-6.49696,87.797173,11.810298,0.121882,0.92276,0.004582,0.365564,-4.182737,53.347206,1.366615,0.000569,0.93387,0.024515,0.35677,-14.57451,7.845083,-3.209053,-0.042695,0.851808,-0.048914,0.519814,3.423155,88.413185,28.436941,0.008106,0.828223,-0.123247,0.546617,4.212557,52.644794,33.044018,-0.024349,0.818459,0.024053,0.573545,-2.736016,7.178253,42.202629,0.000569,0.93387,0.024515,0.35677,-4.789744,2.216404,-14.312166,-0.024349,0.818459,0.024053,0.573545,11.31133,1.875236,37.177406
1002,8.35,-0.045995,0.868144,0.048843,0.491756,-1.536821,88.102341,20.127142,-0.040393,0.864523,0.145238,0.479453,-2.552597,95.972931,20.441401,-0.018218,0.871821,0.090295,0.481086,-6.457031,113.796494,24.407206,0.099038,0.936637,-0.044242,0.333085,-9.147527,136.088379,27.579981,0.098697,0.96514,-0.194335,0.144905,-4.728185,150.459244,25.826559,-0.050191,0.845069,0.130491,0.516054,-11.162486,130.843338,23.875971,0.357307,-0.616912,0.191911,-0.674479,-18.886032,131.676117,9.086678,0.260382,-0.027468,-0.344083,-0.901695,-14.81484,114.429749,-8.044131,0.279412,0.115813,-0.551569,-0.77736,3.898864,129.323425,-13.663581,-0.066074,0.91738,0.180239,0.348659,-7.007395,130.416458,30.398741,0.421304,0.848615,0.239445,-0.212183,5.490618,130.342056,41.483147,-0.114827,0.267131,0.561385,-0.774792,19.168795,115.222641,27.63443,-0.058166,0.114593,0.523165,-0.842486,13.289703,139.343719,20.251646,0.041436,0.868744,0.14418,0.471995,-6.496946,87.794128,11.81387,0.121825,0.922771,0.004608,0.365555,-4.18438,53.345222,1.366337,0.000652,0.933865,0.024493,0.356785,-14.570486,7.841823,-3.209522,-0.04273,0.851781,-0.048867,0.519861,3.423303,88.410553,28.440413,0.00814,0.828333,-0.123192,0.546464,4.216401,52.642048,33.045967,-0.023123,0.818352,0.024503,0.573729,-2.73034,7.174292,42.199947,0.000652,0.933865,0.024493,0.356785,-4.786393,2.211671,-14.312476,-0.023123,0.818352,0.024503,0.573729,11.310807,1.861147,37.168114
1003,8.358333,-0.04593,0.868156,0.048777,0.491748,-1.539709,88.100052,20.129087,-0.040358,0.864518,0.145273,0.479453,-2.554075,95.970833,20.442966,-0.018249,0.871817,0.090235,0.481102,-6.458642,113.796913,24.411121,0.098868,0.936646,-0.044368,0.333092,-9.149081,136.089249,27.580816,0.098877,0.965122,-0.19427,0.14499,-4.733212,150.460541,25.822216,-0.050145,0.845069,0.130506,0.516054,-11.163937,130.843719,23.877426,0.357577,-0.616799,0.191951,-0.674428,-18.88763,131.67804,9.088296,0.260555,-0.027595,-0.344096,-0.901636,-14.810302,114.424622,-8.033946,0.279409,0.115549,-0.551529,-0.777428,3.901528,129.315201,-13.661745,-0.065873,0.917374,0.180294,0.348683,-7.009107,130.417679,30.400415,0.421624,0.84839,0.239795,-0.212053,5.489234,130.336304,41.484406,-0.115604,0.26776,0.56168,-0.774246,19.156826,115.21032,27.632423,-0.060033,0.114958,0.523449,-0.84213,13.31155,139.345139,20.255333,0.041438,0.86873,0.144156,0.472028,-6.500103,87.79229,11.815959,0.121746,0.922787,0.00469,0.365541,-4.188057,53.342903,1.369902,0.000406,0.933945,0.024448,0.35658,-14.5647,7.837767,-3.210198,-0.042737,0.851927,-0.048871,0.51962,3.420684,88.407814,28.442215,0.008126,0.828363,-0.123195,0.546418,4.215302,52.639378,33.048058,-0.02323,0.818414,0.024505,0.573636,-2.729945,7.171664,42.203354,0.000406,0.933945,0.024448,0.35658,-4.782889,2.20897,-14.315852,-0.02323,0.818414,0.024505,0.573636,11.311043,1.860389,37.169106
1004,8.366667,-0.045973,0.868181,0.048792,0.491698,-1.539603,88.099655,20.131445,-0.040393,0.864515,0.145251,0.479463,-2.554653,95.97036,20.445242,-0.018176,0.87181,0.090247,0.481116,-6.46011,113.797142,24.412165,0.09885,0.936661,-0.044265,0.333071,-9.14801,136.089493,27.583889,0.098938,0.965105,-0.194376,0.144918,-4.73368,150.461578,25.827852,-0.049999,0.845068,0.130373,0.516104,-11.163414,130.844543,23.879978,0.3575,-0.616717,0.192227,-0.674465,-18.885876,131.680939,9.090323,0.260609,-0.02772,-0.344051,-0.901634,-14.808806,114.421783,-8.026186,0.279549,0.115431,-0.551582,-0.777358,3.904989,129.309204,-13.660097,-0.065717,0.917327,0.180291,0.348839,-7.008743,130.417404,30.402998,0.421732,0.848307,0.239926,-0.212022,5.486648,130.330261,41.490265,-0.116326,0.26849,0.561771,-0.773818,19.150414,115.202484,27.636456,-0.061771,0.115528,0.524182,-0.84147,13.330325,139.344452,20.257166,0.041415,0.868779,0.144165,0.471937,-6.500878,87.791237,11.818868,0.121753,0.922828,0.004727,0.365435,-4.18815,53.341896,1.372814,0.000562,0.933941,0.024529,0.356584,-14.564608,7.836944,-3.209521,-0.042737,0.851843,-0.048863,0.51976,3.421672,88.408073,28.444021,0.008125,0.82835,-0.123169,0.546443,4.215832,52.639591,33.049522,-0.023285,0.818409,0.024399,0.573646,-2.728282,7.171264,42.202652,0.000562,0.933941,0.024529,0.356584,-4.784074,2.208792,-14.316625,-0.023285,0.818409,0.024399,0.573646,11.312697,1.858359,37.17009
1005,8.375,-0.04601,0.868206,0.048803,0.49165,-1.539282,88.101471,20.133512,-0.040395,0.864542,0.145171,0.479438,-2.554915,95.972099,20.447235,-0.017981,0.871835,0.090339,0.481061,-6.458286,113.796791,24.411079,0.099123,0.936664,-0.043809,0.333041,-9.140257,136.088699,27.590847,0.098615,0.965104,-0.194708,0.144704,-4.722794,150.46167,25.850042,-0.049545,0.845774,0.129584,0.515189,-11.157519,130.84552,23.885458,0.357969,-0.616471,0.191558,-0.674631,-18.913004,131.67601,9.112756,0.261151,-0.027914,-0.343946,-0.901511,-14.808343,114.427589,-8.00799,0.279725,0.115237,-0.551552,-0.777344,3.9074,129.30423,-13.657774,-0.065777,0.917284,0.180216,0.348978,-7.00193,130.415146,30.407679,0.421959,0.848171,0.240005,-0.212023,5.48994,130.329773,41.498928,-0.116835,0.269126,0.561921,-0.773412,19.144226,115.196159,27.642155,-0.063027,0.116395,0.5251,-0.840684,13.350086,139.345383,20.258057,0.041419,0.868755,0.144121,0.471995,-6.501407,87.792465,11.821465,0.121794,0.922854,0.004787,0.365354,-4.189795,53.342236,1.378091,0.00061,0.933891,0.02459,0.356712,-14.568074,7.838273,-3.209956,-0.042719,0.851703,-0.048857,0.51999,3.422844,88.410477,28.44556,0.008126,0.828353,-0.123161,0.546441,4.214912,52.641827,33.050186,-0.023256,0.818408,0.024458,0.573646,-2.728872,7.173326,42.202713,0.00061,0.933891,0.02459,0.356712,-4.784808,2.211262,-14.315234,-0.023256,0.818408,0.024458,0.573646,11.312193,1.861365,37.169395
1006,8.383333,-0.046067,0.868193,0.048846,0.491663,-1.537368,88.102402,20.135403,-0.040384,0.864527,0.145209,0.479455,-2.554128,95.972878,20.449247,-0.017926,0.871827,0.09031,0.481082,-6.457933,113.797501,24.414476,0.099255,0.936655,-0.043436,0.333074,-9.137176,136.089737,27.594223,0.098524,0.965081,-0.194943,0.144597,-4.719484,150.464081,25.865299,-0.050041,0.8452,0.130393,0.515879,-11.154979,130.846832,23.888748,0.358175,-0.61682,0.191645,-0.674178,-18.885067,131.681168,9.102956,0.261277,-0.027728,-0.343945,-0.901481,-14.803221,114.421715,-8.012133,0.279851,0.11516,-0.551595,-0.777281,3.912426,129.299515,-13.655546,-0.065684,0.917235,0.180371,0.349045,-6.999668,130.415909,30.411112,0.422216,0.847998,0.240304,-0.211867,5.491058,130.325378,41.503613,-0.116769,0.269467,0.562357,-0.772986,19.137938,115.185913,27.645916,-0.063453,0.116039,0.526114,-0.840067,13.378819,139.341095,20.254929,0.041527,0.868772,0.14399,0.471993,-6.499148,87.792862,11.823166,0.12141,0.923194,0.004902,0.364622,-4.198837,53.340561,1.384117,0.000606,0.93417,0.024921,0.355957,-14.544209,7.827961,-3.192558,-0.042657,0.851755,-0.048871,0.51991,3.424413,88.411942,28.447639,0.008086,0.82821,-0.123133,0.546664,4.212601,52.643013,33.050747,-0.022677,0.818285,0.024872,0.573827,-2.729119,7.173806,42.201321,0.000606,0.93417,0.024921,0.355957,-4.777249,2.210417,-14.316967,-0.022677,0.818285,0.024872,0.573827,11.311378,1.861971,37.166283
1007,8.391667,-0.046047,0.868232,0.048831,0.491597,-1.538937,88.103012,20.13728,-0.040361,0.864576,0.145173,0.479379,-2.555274,95.973549,20.451151,-0.017932,0.87187,0.090353,0.480996,-6.45702,113.797066,24.415663,0.099169,0.936674,-0.043544,0.333033,-9.137124,136.088959,27.597231,0.0986,0.965087,-0.194807,0.144691,-4.720934,150.463257,25.864161,-0.049476,0.845888,0.129487,0.515033,-11.155291,130.846115,23.891834,0.358719,-0.616472,0.190933,-0.67441,-18.916389,131.67601,9.122051,0.261893,-0.02786,-0.343829,-0.901342,-14.799961,114.427673,-7.99596,0.27998,0.115097,-0.551596,-0.777242,3.917956,129.294449,-13.653556,-0.065601,0.917204,0.180445,0.349103,-6.998702,130.415085,30.413378,0.422486,0.847814,0.240614,-0.211711,5.491024,130.320724,41.506969,-0.116688,0.269884,0.562694,-0.772607,19.129873,115.175179,27.648037,-0.063801,0.116274,0.526843,-0.839551,13.401217,139.337631,20.244282,0.041403,0.868758,0.144066,0.472007,-6.502002,87.793579,11.825807,0.121805,0.922892,0.004857,0.365253,-4.191159,53.342117,1.386352,0.000386,0.933911,0.024563,0.35666,-14.568511,7.838482,-3.20699,-0.042674,0.851583,-0.048836,0.520193,3.424128,88.412445,28.448751,0.008061,0.828127,-0.123123,0.546792,4.213123,52.643375,33.050606,-0.02319,0.818275,0.024685,0.573828,-2.727565,7.173905,42.20063,0.000386,0.933911,0.024563,0.35666,-4.784105,2.213061,-14.312069,-0.02319,0.818275,0.024685,0.573828,11.316492,1.866351,37.171013
1008,8.4,-0.046003,0.868255,0.048743,0.491569,-1.541157,88.101418,20.139874,-0.040388,0.864581,0.145168,0.479369,-2.556199,95.972145,20.452913,-0.017777,0.871884,0.090406,0.480967,-6.458677,113.795471,24.416784,0.099014,0.936756,-0.043315,0.332879,-9.133713,136.087173,27.603907,0.098797,0.965079,-0.194941,0.144432,-4.724468,150.464066,25.874704,-0.049572,0.845823,0.129507,0.515125,-11.153348,130.845657,23.897453,0.358754,-0.616435,0.191013,-0.674402,-18.910959,131.673691,9.125729,0.261941,-0.02791,-0.343845,-0.90132,-14.793798,114.422371,-7.989091,0.28008,0.114974,-0.551547,-0.77726,3.923601,129.28891,-13.649959,-0.0656,0.917208,0.180437,0.349098,-6.996241,130.41217,30.418503,0.422671,0.847718,0.240731,-0.211595,5.49363,130.317917,41.511936,-0.116437,0.270294,0.562927,-0.772332,19.127226,115.166496,27.654234,-0.063982,0.116369,0.527946,-0.838831,13.422955,139.332016,20.231146,0.041461,0.868771,0.143995,0.472,-6.504837,87.79184,11.828773,0.121375,0.92319,0.004983,0.364641,-4.200126,53.33923,1.391714,0.000465,0.934221,0.024887,0.355826,-14.53966,7.825911,-3.190975,-0.042682,0.851622,-0.048855,0.520127,3.422524,88.410995,28.450972,0.008074,0.828219,-0.123089,0.546659,4.211684,52.642113,33.054264,-0.023498,0.818379,0.024416,0.573679,-2.726773,7.171878,42.202221,0.000465,0.934221,0.024887,0.355826,-4.774367,2.208909,-14.31712,-0.023498,0.818379,0.024416,0.573679,11.316655,1.863071,37.172165
1009,8.408333,-0.045921,0.868271,0.048663,0.491558,-1.543781,88.098709,20.142403,-0.040375,0.864614,0.145179,0.479308,-2.557076,95.969681,20.454992,-0.017772,0.871928,0.090376,0.480893,-6.459083,113.793159,24.419754,0.09904,0.936763,-0.043293,0.332853,-9.132986,136.085098,27.606058,0.098782,0.965089,-0.194877,0.14446,-4.723325,150.46196,25.877581,-0.049462,0.845889,0.129383,0.515059,-11.153393,130.84343,23.900253,0.358995,-0.616361,0.190822,-0.674395,-18.913645,131.672058,9.129953,0.262214,-0.027859,-0.343788,-0.901265,-14.788413,114.421104,-7.983291,0.280216,0.114958,-0.551434,-0.777293,3.930671,129.284119,-13.645601,-0.065514,0.917185,0.180471,0.349155,-6.995181,130.410217,30.420612,0.422953,0.847549,0.241025,-0.211373,5.493727,130.312531,41.515095,-0.116432,0.27105,0.56321,-0.771861,19.120214,115.153267,27.658976,-0.064408,0.11708,0.527902,-0.838727,13.452692,139.325195,20.212471,0.041463,0.868769,0.144008,0.471998,-6.507817,87.789711,11.831495,0.121368,0.923129,0.005011,0.364797,-4.202805,53.337406,1.393523,0.000604,0.934206,0.024896,0.355862,-14.539975,7.823944,-3.193077,-0.042699,0.851714,-0.048821,0.519978,3.420255,88.407707,28.453308,0.008101,0.828258,-0.123115,0.546595,4.212493,52.638691,33.055019,-0.023145,0.818396,0.024539,0.573664,-2.728705,7.169104,42.204063,0.000604,0.934206,0.024896,0.355862,-4.775312,2.205761,-14.319179,-0.023145,0.818396,0.024539,0.573664,11.312058,1.857204,37.169849
1010,8.416667,-0.045909,0.868287,0.048632,0.491533,-1.545265,88.098541,20.144268,-0.040398,0.864579,0.145328,0.479323,-2.558141,95.969574,20.456564,-0.017737,0.871911,0.09028,0.480944,-6.464067,113.793625,24.426043,0.099062,0.936738,-0.043404,0.332905,-9.134664,136.086426,27.609196,0.098798,0.965097,-0.194764,0.144545,-4.723167,150.462418,25.878176,-0.049466,0.845867,0.129316,0.515112,-11.155546,130.844589,23.90386,0.358941,-0.616316,0.190866,-0.674453,-18.913975,131.672211,9.132542,0.262283,-0.027848,-0.343646,-0.901299,-14.786813,114.4217,-7.980692,0.280275,0.114987,-0.551308,-0.777357,3.936164,129.278336,-13.641618,-0.06538,0.917252,0.180574,0.348952,-6.998072,130.41156,30.424702,0.423422,0.847261,0.241597,-0.210936,5.496158,130.309921,41.513161,-0.116376,0.271909,0.563545,-0.771323,19.112173,115.137848,27.660763,-0.06523,0.118042,0.52795,-0.838499,13.486218,139.321198,20.184977,0.04144,0.868782,0.144042,0.471968,-6.509791,87.789421,11.833658,0.121394,0.923182,0.005046,0.364654,-4.202525,53.337669,1.394339,0.000628,0.934206,0.024829,0.355869,-14.54143,7.824835,-3.194609,-0.042698,0.851784,-0.048799,0.519865,3.419261,88.407654,28.45488,0.008142,0.828329,-0.123123,0.546485,4.212893,52.63847,33.055054,-0.022562,0.818382,0.024719,0.573699,-2.730669,7.169122,42.203541,0.000628,0.934206,0.024829,0.355869,-4.777158,2.204544,-14.319989,-0.022562,0.818382,0.024719,0.573699,11.306304,1.851566,37.164719
1011,8.425,-0.045952,0.868303,0.048625,0.491502,-1.546373,88.099327,20.148531,-0.040347,0.864599,0.145275,0.479307,-2.559782,95.970314,20.460424,-0.017733,0.871918,0.090292,0.480927,-6.462543,113.792709,24.428696,0.099098,0.936751,-0.043342,0.332863,-9.133232,136.085403,27.612469,0.098797,0.96513,-0.194649,0.14448,-4.721462,150.461533,25.883284,-0.04947,0.845847,0.129397,0.515124,-11.154203,130.843643,23.907085,0.358701,-0.616115,0.191178,-0.674675,-18.912184,131.672592,9.135612,0.262108,-0.027964,-0.343636,-0.90135,-14.778728,114.420441,-7.974432,0.280221,0.114956,-0.551211,-0.777449,3.943194,129.275375,-13.63714,-0.065402,0.917272,0.180636,0.348862,-6.996481,130.410477,30.427763,0.42361,0.847138,0.241985,-0.210608,5.499737,130.309387,41.513981,-0.116509,0.272925,0.563565,-0.770929,19.114706,115.132164,27.66622,-0.065886,0.119847,0.52784,-0.838261,13.516492,139.322144,20.156488,0.041407,0.868725,0.14443,0.471955,-6.511413,87.789368,11.838259,0.121593,0.922399,0.005168,0.366563,-4.188809,53.345501,1.376338,0.001636,0.933939,0.024396,0.356595,-14.530892,7.837319,-3.251404,-0.042695,0.851878,-0.048771,0.519713,3.418667,88.409294,28.458803,0.00817,0.828402,-0.123113,0.546375,4.213983,52.6399,33.057068,-0.023187,0.818423,0.024443,0.573628,-2.730011,7.170364,42.204262,0.001636,0.933939,0.024396,0.356595,-4.762538,2.194374,-14.361721,-0.023187,0.818423,0.024443,0.573628,11.310124,1.85684,37.170002
1012,8.433333,-0.046025,0.868308,0.048728,0.491476,-1.546062,88.101318,20.150021,-0.040297,0.864597,0.145316,0.479304,-2.561249,95.972046,20.46279,-0.017723,0.871911,0.090276,0.480944,-6.462945,113.79335,24.433113,0.098951,0.936781,-0.043287,0.332832,-9.132941,136.086197,27.616421,0.099024,0.965129,-0.194545,0.144472,-4.72585,150.46373,25.887064,-0.049474,0.845818,0.129425,0.515163,-11.153973,130.844452,23.911053,0.358914,-0.616196,0.19088,-0.674572,-18.910589,131.674011,9.138889,0.262392,-0.0278,-0.34346,-0.901339,-14.77644,114.42485,-7.974008,0.280306,0.11506,-0.55114,-0.777453,3.95262,129.274139,-13.632213,-0.065195,0.917315,0.18074,0.348734,-6.996494,130.41124,30.431885,0.423562,0.847148,0.24227,-0.210334,5.503615,130.303467,41.513664,-0.116568,0.274316,0.563621,-0.770386,19.126245,115.127686,27.671862,-0.066592,0.120959,0.527654,-0.838162,13.568431,139.323303,20.113155,0.041488,0.868778,0.144083,0.471957,-6.511485,87.7911,11.839985,0.121764,0.922361,0.004784,0.366608,-4.205958,53.340508,1.39647,0.000635,0.933865,0.024781,0.356765,-14.575566,7.835862,-3.204358,-0.04272,0.85179,-0.048724,0.51986,3.41936,88.411545,28.460056,0.008193,0.828343,-0.123129,0.546462,4.217182,52.641975,33.056496,-0.023276,0.818363,0.024539,0.573705,-2.730399,7.172832,42.202938,0.000635,0.933865,0.024781,0.356765,-4.790513,2.213885,-14.310615,-0.023276,0.818363,0.024539,0.573705,11.31207,1.863188,37.171082
1013,8.441667,-0.046061,0.868279,0.048777,0.491519,-1.54469,88.101616,20.152617,-0.040273,0.864574,0.145394,0.479324,-2.560778,95.972214,20.465723,-0.017814,0.871896,0.090215,0.48098,-6.463969,113.796471,24.439657,0.098974,0.936729,-0.043347,0.332962,-9.136358,136.089676,27.61845,0.099072,0.965112,-0.194426,0.144716,-4.727612,150.466644,25.888474,-0.049906,0.845147,0.130197,0.516028,-11.156548,130.847031,23.913895,0.358332,-0.616372,0.191641,-0.674505,-18.881945,131.682541,9.125721,0.262029,-0.027644,-0.343309,-0.901507,-14.772834,114.423264,-7.983006,0.280386,0.115158,-0.551034,-0.777486,3.962696,129.271942,-13.626758,-0.065098,0.917334,0.180968,0.348585,-6.999644,130.415466,30.435198,0.423531,0.847172,0.242737,-0.209761,5.504359,130.302979,41.512527,-0.11631,0.275953,0.563545,-0.769895,19.140165,115.125977,27.685034,-0.067337,0.12244,0.527613,-0.837913,13.622411,139.320541,20.056715,0.041449,0.868715,0.144455,0.471962,-6.50921,87.791313,11.842047,0.121666,0.922399,0.005126,0.36654,-4.188303,53.348221,1.377208,0.000697,0.933951,0.024303,0.356573,-14.538184,7.841677,-3.249164,-0.042675,0.851855,-0.048697,0.519761,3.41983,88.411926,28.463184,0.008181,0.828301,-0.123116,0.546529,4.216457,52.641891,33.056198,-0.023575,0.818357,0.024436,0.573706,-2.730254,7.172451,42.201786,0.000697,0.933951,0.024303,0.356573,-4.760372,2.205862,-14.35478,-0.023575,0.818357,0.024436,0.573706,11.314316,1.865448,37.173019
1014,8.45,-0.046064,0.868269,0.048838,0.491529,-1.546843,88.102104,20.154016,-0.040301,0.864545,0.14542,0.479365,-2.563459,95.972595,20.467934,-0.017709,0.871872,0.090267,0.481017,-6.46728,113.792145,24.441011,0.098937,0.936714,-0.043389,0.333012,-9.136801,136.085098,27.624044,0.099069,0.965108,-0.19436,0.144832,-4.728525,150.462036,25.892815,-0.049364,0.845703,0.129453,0.515356,-11.157464,130.84346,23.918312,0.358543,-0.616069,0.191042,-0.67484,-18.907806,131.677628,9.14312,0.26244,-0.027691,-0.343073,-0.901476,-14.768958,114.434074,-7.974294,0.280453,0.115348,-0.550868,-0.777551,3.973003,129.269501,-13.623552,-0.065106,0.917395,0.181011,0.3484,-7.001062,130.410034,30.439816,0.423389,0.847308,0.242894,-0.209316,5.507228,130.298553,41.51231,-0.116277,0.278273,0.563392,-0.769177,19.158157,115.120934,27.700428,-0.068242,0.124483,0.526797,-0.838052,13.695352,139.314453,19.983843,0.041411,0.868708,0.14447,0.471974,-6.511167,87.792351,11.843308,0.121682,0.922384,0.005153,0.366571,-4.187237,53.349327,1.378906,0.000654,0.933976,0.024238,0.356512,-14.537385,7.843161,-3.250656,-0.042752,0.851828,-0.048631,0.519803,3.417481,88.411858,28.464722,0.008237,0.828319,-0.123156,0.546492,4.22111,52.641827,33.056595,-0.022682,0.818326,0.024788,0.573771,-2.731611,7.173374,42.202579,0.000654,0.933976,0.024238,0.356512,-4.760788,2.206013,-14.356667,-0.022682,0.818326,0.024788,0.573771,11.307749,1.859585,37.166439
1015,8.458333,-0.046029,0.868284,0.048754,0.491515,-1.551341,88.10009,20.157204,-0.040298,0.864523,0.145468,0.479391,-2.566803,95.970764,20.470249,-0.017668,0.871854,0.090212,0.481061,-6.471436,113.789658,24.444744,0.098881,0.936711,-0.043317,0.333046,-9.138275,136.083115,27.626389,0.099171,0.965101,-0.19431,0.144878,-4.732087,150.460892,25.896791,-0.049178,0.845647,0.129371,0.515486,-11.159306,130.841568,23.920748,0.358491,-0.615978,0.190999,-0.674963,-18.905777,131.680222,9.143779,0.262301,-0.027891,-0.34274,-0.901637,-14.760598,114.440132,-7.975587,0.279729,0.115415,-0.550886,-0.777789,3.99393,129.262573,-13.627839,-0.065014,0.917392,0.181206,0.348323,-7.003543,130.407913,30.442642,0.423056,0.847535,0.243176,-0.208745,5.50694,130.291809,41.512619,-0.115731,0.280625,0.563118,-0.768606,19.183559,115.119461,27.720367,-0.068675,0.12653,0.527058,-0.837546,13.770162,139.304169,19.896416,0.04139,0.868723,0.144567,0.471919,-6.51601,87.7901,11.846709,0.121657,0.922374,0.005156,0.366604,-4.18808,53.348995,1.376897,0.000633,0.934002,0.024138,0.35645,-14.5358,7.842252,-3.252427,-0.042771,0.851986,-0.048636,0.519543,3.413328,88.410088,28.467697,0.008283,0.828468,-0.123116,0.546274,4.21932,52.640213,33.060333,-0.022686,0.818362,0.024776,0.573721,-2.73251,7.170907,42.20274,0.000633,0.934002,0.024138,0.35645,-4.760846,2.202555,-14.358595,-0.022686,0.818362,0.024776,0.573721,11.306205,1.856888,37.165035
1016,8.466667,-0.046022,0.868276,0.048706,0.491535,-1.554328,88.097244,20.159365,-0.040269,0.864466,0.145618,0.47945,-2.569337,95.968002,20.471786,-0.017617,0.87181,0.090131,0.481158,-6.476034,113.785698,24.451347,0.098761,0.936746,-0.043205,0.332996,-9.13946,136.07991,27.630663,0.099479,0.965108,-0.194224,0.14473,-4.7378,150.459274,25.902657,-0.0492,0.845524,0.129495,0.515654,-11.16069,130.838425,23.92503,0.358197,-0.615923,0.191062,-0.675151,-18.901306,131.67955,9.145135,0.262249,-0.02784,-0.34254,-0.90173,-14.753983,114.445473,-7.979784,0.279806,0.115586,-0.550709,-0.777861,4.008466,129.262161,-13.626796,-0.065043,0.917435,0.181358,0.348127,-7.006334,130.404526,30.447805,0.422815,0.847763,0.243298,-0.208161,5.508583,130.288834,41.512768,-0.115061,0.283394,0.562797,-0.767925,19.207212,115.116028,27.742899,-0.068884,0.129553,0.527418,-0.83684,13.853815,139.285721,19.793236,0.041419,0.868794,0.144251,0.471883,-6.518624,87.786934,11.848662,0.121748,0.922859,0.005039,0.365355,-4.203815,53.339409,1.397062,0.000428,0.933937,0.024531,0.356595,-14.56956,7.834634,-3.211208,-0.042792,0.852027,-0.048618,0.519476,3.409968,88.407555,28.47007,0.008365,0.828375,-0.122974,0.546445,4.218306,52.637684,33.06234,-0.022498,0.818176,0.024912,0.573987,-2.734539,7.165238,42.18832,0.000428,0.933937,0.024531,0.356595,-4.787283,2.207916,-14.317507,-0.022498,0.818176,0.024912,0.573987,11.306533,1.851337,37.157066
1017,8.475,-0.046046,0.86827,0.048742,0.491539,-1.555786,88.095978,20.161453,-0.040297,0.86441,0.145698,0.479525,-2.571402,95.966644,20.47418,-0.017561,0.871758,0.090123,0.481257,-6.480662,113.782898,24.455297,0.098677,0.936724,-0.043221,0.333082,-9.142058,136.077255,27.635229,0.099542,0.965103,-0.194123,0.144858,-4.742282,150.457092,25.906446,-0.04991,0.844741,0.130572,0.516597,-11.163135,130.836212,23.928885,0.357477,-0.616221,0.191648,-0.675094,-18.868885,131.681244,9.130995,0.261935,-0.027405,-0.342585,-0.901817,-14.750748,114.444817,-7.998598,0.280603,0.115744,-0.550291,-0.777847,4.01182,129.271439,-13.621857,-0.065094,0.917448,0.181513,0.348002,-7.010225,130.401474,30.452526,0.422406,0.8481,0.243389,-0.207513,5.507378,130.286331,41.514469,-0.114296,0.286463,0.562445,-0.767158,19.236357,115.116776,27.771252,-0.068284,0.13332,0.527693,-0.836124,13.950625,139.269241,19.681837,0.041439,0.868777,0.144319,0.471891,-6.519963,87.785629,11.850676,0.12179,0.922813,0.005011,0.365456,-4.203995,53.339638,1.394287,0.000425,0.933907,0.024481,0.356676,-14.573793,7.835796,-3.214104,-0.042829,0.852067,-0.04857,0.519411,3.40839,88.406326,28.472229,0.008342,0.82861,-0.123134,0.546053,4.22114,52.636349,33.062912,-0.022668,0.818467,0.024716,0.573573,-2.733749,7.167563,42.205578,0.000425,0.933907,0.024481,0.356676,-4.789773,2.207716,-14.318182,-0.022668,0.818467,0.024716,0.573573,11.302644,1.851762,37.163277
1018,8.483333,-0.046095,0.868223,0.048771,0.491615,-1.557736,88.095947,20.164848,-0.040321,0.864349,0.145712,0.479628,-2.574278,95.966499,20.477491,-0.017514,0.871692,0.090198,0.481364,-6.484985,113.782372,24.45808,0.098917,0.936627,-0.043303,0.333272,-9.146549,136.076202,27.641603,0.099325,0.965095,-0.194108,0.14508,-4.738723,150.453751,25.914114,-0.050084,0.844563,0.130819,0.516809,-11.166877,130.835907,23.933783,0.35705,-0.616216,0.191615,-0.675334,-18.864737,131.681519,9.131826,0.261681,-0.027352,-0.342341,-0.901986,-14.74567,114.456978,-8.009484,0.280484,0.115888,-0.549961,-0.778101,4.025094,129.276474,-13.623171,-0.064949,0.917517,0.181706,0.347747,-7.015542,130.399826,30.458334,0.421902,0.848469,0.243425,-0.206986,5.508611,130.279678,41.512798,-0.113269,0.289151,0.562078,-0.76657,19.269299,115.117554,27.793125,-0.06679,0.13709,0.528282,-0.835263,14.040015,139.250809,19.568935,0.041418,0.868738,0.144687,0.471853,-6.520385,87.785141,11.853179,0.12168,0.922392,0.005156,0.366553,-4.190855,53.346706,1.374933,0.000666,0.933975,0.024209,0.356516,-14.540812,7.84049,-3.254622,-0.042831,0.852121,-0.048529,0.519326,3.404913,88.406746,28.476519,0.008345,0.828607,-0.123116,0.546061,4.21978,52.636494,33.064667,-0.023477,0.818464,0.024525,0.573554,-2.734496,7.167297,42.205765,0.000666,0.933975,0.024209,0.356516,-4.764371,2.202407,-14.360298,-0.023477,0.818464,0.024525,0.573554,11.307876,1.860756,37.170372
1019,8.491667,-0.046409,0.868158,0.049047,0.491674,-1.552444,88.100929,20.169884,-0.040454,0.864227,0.145798,0.479811,-2.575469,95.970589,20.483797,-0.017451,0.871569,0.090189,0.48159,-6.492214,113.782356,24.463209,0.098974,0.936564,-0.043314,0.33343,-9.151933,136.076355,27.647097,0.099408,0.965088,-0.194027,0.145176,-4.741913,150.453369,25.920837,-0.049526,0.845054,0.130123,0.516235,-11.171209,130.83667,23.937864,0.357066,-0.615919,0.19091,-0.675797,-18.890711,131.682663,9.147212,0.261988,-0.027378,-0.341923,-0.902054,-14.740303,114.481995,-8.010494,0.280434,0.11599,-0.549906,-0.778143,4.043953,129.28299,-13.625065,-0.065018,0.917638,0.182055,0.34723,-7.023214,130.399445,30.464462,0.421452,0.848842,0.243577,-0.206195,5.512634,130.280762,41.505669,-0.111653,0.291744,0.561843,-0.765997,19.308159,115.12178,27.817541,-0.06393,0.141085,0.528986,-0.834375,14.141141,139.230576,19.446167,0.041515,0.868794,0.144366,0.471839,-6.513401,87.787605,11.857301,0.121869,0.922822,0.004973,0.365408,-4.201216,53.343044,1.39537,0.000298,0.933896,0.024506,0.356703,-14.579233,7.84097,-3.211936,-0.04276,0.851906,-0.048419,0.519695,3.408513,88.414253,28.482468,0.008316,0.82844,-0.123139,0.546311,4.221159,52.642788,33.061573,-0.023504,0.818439,0.024393,0.573594,-2.734811,7.174068,42.203739,0.000298,0.933896,0.024506,0.356703,-4.793076,2.214886,-14.315133,-0.023504,0.818439,0.024393,0.573594,11.307496,1.864781,37.171062
1020,8.5,-0.046495,0.868136,0.0491,0.491698,-1.554303,88.101234,20.17239,-0.040473,0.864159,0.145914,0.479896,-2.57894,95.970688,20.486322,-0.017423,0.871506,0.090145,0.481713,-6.498457,113.77977,24.46834,0.099023,0.936524,-0.043309,0.333529,-9.156558,136.074173,27.650738,0.099437,0.965094,-0.193926,0.145252,-4.744899,150.450821,25.925695,-0.050084,0.844282,0.131206,0.517169,-11.175411,130.834579,23.941137,0.356209,-0.616052,0.191619,-0.675927,-18.860826,131.688904,9.133215,0.261453,-0.027267,-0.341772,-0.90227,-14.731825,114.487076,-8.0285,0.280541,0.11616,-0.549735,-0.7782,4.059423,129.288422,-13.628009,-0.065543,0.917699,0.182336,0.346824,-7.029237,130.39711,30.468878,0.421166,0.849172,0.243663,-0.205317,5.513744,130.293884,41.502144,-0.10928,0.293918,0.561827,-0.76552,19.338961,115.130356,27.849066,-0.060258,0.143767,0.529941,-0.833584,14.235626,139.208908,19.325851,0.041502,0.868734,0.14476,0.47183,-6.514653,87.787003,11.859477,0.12182,0.922389,0.005079,0.366513,-4.188102,53.350594,1.373927,0.000517,0.933923,0.024189,0.356654,-14.552827,7.847509,-3.2533,-0.04276,0.851881,-0.04837,0.519741,3.406047,88.415474,28.485304,0.00829,0.828351,-0.123148,0.546443,4.220299,52.643669,33.06144,-0.024401,0.818546,0.024077,0.573417,-2.735559,7.175117,42.204525,0.000517,0.933923,0.024189,0.356654,-4.771599,2.210385,-14.355246,-0.024401,0.818546,0.024077,0.573417,11.310848,1.873564,37.175133
1021,8.508333,-0.046841,0.868036,0.049208,0.491832,-1.54423,88.09671,20.173635,-0.040636,0.864097,0.146092,0.47994,-2.574502,95.965485,20.486185,-0.01746,0.871483,0.090137,0.481755,-6.503871,113.777794,24.471897,0.099033,0.936487,-0.043573,0.333596,-9.163371,136.072205,27.653049,0.09959,0.965111,-0.193603,0.145466,-4.748704,150.447113,25.921196,-0.050106,0.844091,0.131312,0.517453,-11.181597,130.832352,23.943474,0.355691,-0.615887,0.191723,-0.67632,-18.857121,131.689468,9.130582,0.261154,-0.027231,-0.341591,-0.902426,-14.720109,114.499069,-8.040658,0.280545,0.116135,-0.549484,-0.778379,4.077677,129.296127,-13.631484,-0.065584,0.917781,0.182633,0.346443,-7.036058,130.39537,30.471653,0.420814,0.849459,0.24382,-0.204662,5.51557,130.29248,41.49509,-0.106367,0.295778,0.562104,-0.76501,19.368639,115.131401,27.867512,-0.055854,0.144905,0.530636,-0.833252,14.335913,139.184875,19.189545,0.041633,0.868844,0.144461,0.471707,-6.501393,87.777924,11.858993,0.121979,0.922765,0.004864,0.365517,-4.194869,53.33606,1.386943,0.000243,0.933843,0.02465,0.356832,-14.585489,7.836411,-3.21589,-0.042696,0.851844,-0.048415,0.519803,3.412932,88.415504,28.488277,0.008298,0.828437,-0.123106,0.546323,4.221239,52.64362,33.064819,-0.022562,0.818334,0.025401,0.573739,-2.731748,7.174108,42.205307,0.000243,0.933843,0.02465,0.356832,-4.795093,2.214843,-14.317647,-0.022562,0.818334,0.025401,0.573739,11.309833,1.873195,37.161777
1022,8.516667,-0.046808,0.868033,0.049263,0.491834,-1.548863,88.094009,20.175079,-0.040638,0.864103,0.14611,0.479923,-2.579109,95.962738,20.488638,-0.017434,0.871499,0.090143,0.481725,-6.508939,113.775551,24.475117,0.099098,0.936465,-0.043603,0.333635,-9.167471,136.069946,27.657187,0.09959,0.965117,-0.193472,0.1456,-4.75062,150.444199,25.925392,-0.05021,0.843914,0.13143,0.517702,-11.186134,130.830292,23.947584,0.355155,-0.615757,0.191734,-0.676717,-18.852705,131.687897,9.130091,0.260793,-0.027412,-0.341223,-0.902664,-14.707979,114.511932,-8.053723,0.279997,0.11635,-0.549526,-0.778515,4.103468,129.29628,-13.642687,-0.065286,0.917865,0.182844,0.346164,-7.040146,130.39296,30.475449,0.420292,0.849796,0.243883,-0.204263,5.519234,130.28035,41.489948,-0.103899,0.297468,0.562119,-0.764683,19.401991,115.130028,27.880651,-0.05079,0.147882,0.531047,-0.832791,14.41935,139.160461,19.062668,0.041582,0.86878,0.144517,0.471812,-6.506042,87.776299,11.860407,0.121999,0.922795,0.004895,0.365435,-4.19312,53.335285,1.386972,0.000252,0.93385,0.02462,0.356818,-14.584753,7.836115,-3.218277,-0.042718,0.851905,-0.048418,0.519702,3.408315,88.41172,28.48975,0.00835,0.828533,-0.12308,0.546182,4.218416,52.639984,33.067181,-0.023574,0.818468,0.024444,0.573548,-2.73573,7.169959,42.204239,0.000252,0.93385,0.02462,0.356818,-4.794918,2.213644,-14.320065,-0.023574,0.818468,0.024444,0.573548,11.306958,1.863122,37.170044
1023,8.525,-0.046872,0.867988,0.049312,0.491904,-1.550232,88.092339,20.176401,-0.040594,0.864095,0.146163,0.479925,-2.581764,95.960907,20.490044,-0.01742,0.871506,0.090172,0.481709,-6.511217,113.77375,24.479074,0.099063,0.936458,-0.043604,0.333665,-9.169766,136.067932,27.662594,0.099671,0.965108,-0.193383,0.145723,-4.753747,150.442429,25.930601,-0.050252,0.843806,0.131645,0.517818,-11.188538,130.828491,23.952749,0.355018,-0.615675,0.191373,-0.676966,-18.850939,131.689316,9.133281,0.2608,-0.027428,-0.340998,-0.902746,-14.694436,114.528641,-8.062966,0.279938,0.116397,-0.549338,-0.778662,4.125068,129.304672,-13.650161,-0.065622,0.917933,0.183127,0.34577,-7.042302,130.390793,30.480436,0.419991,0.850068,0.243935,-0.203685,5.524729,130.287796,41.486305,-0.100916,0.299291,0.562193,-0.764316,19.431553,115.137993,27.901012,-0.047348,0.148706,0.53234,-0.832021,14.507714,139.135223,18.924789,0.041577,0.86879,0.14453,0.471791,-6.505978,87.774124,11.860892,0.122018,0.922827,0.004934,0.365345,-4.192565,53.333359,1.386724,0.000175,0.933841,0.024595,0.356842,-14.584962,7.83467,-3.221622,-0.042698,0.851918,-0.048479,0.519675,3.405514,88.410553,28.491909,0.008334,0.828544,-0.122837,0.54622,4.21223,52.639133,33.072369,-0.02259,0.818194,0.025539,0.573931,-2.728709,7.163483,42.191483,0.000175,0.933841,0.024595,0.356842,-4.793825,2.212278,-14.322305,-0.02259,0.818194,0.025539,0.573931,11.316302,1.866433,37.15345
1024,8.533333,-0.046955,0.867946,0.04933,0.491968,-1.553017,88.093719,20.180475,-0.040578,0.864077,0.146206,0.479947,-2.585861,95.962128,20.493637,-0.017399,0.871495,0.090191,0.481726,-6.515235,113.772705,24.483803,0.099117,0.936441,-0.043617,0.333693,-9.173426,136.066772,27.66848,0.099684,0.965122,-0.193263,0.145783,-4.755717,150.440781,25.936857,-0.050375,0.843626,0.131888,0.518037,-11.192177,130.827576,23.958271,0.354299,-0.615477,0.191562,-0.67747,-18.846584,131.690414,9.134791,0.260419,-0.0275,-0.340803,-0.902928,-14.681596,114.543983,-8.073605,0.279926,0.116527,-0.549208,-0.778738,4.147388,129.316422,-13.65626,-0.065983,0.918003,0.183409,0.345366,-7.04618,130.38942,30.486076,0.419482,0.850436,0.243826,-0.203328,5.52858,130.296844,41.483204,-0.09854,0.301542,0.561988,-0.763892,19.463625,115.155388,27.917559,-0.044887,0.150132,0.53312,-0.831402,14.595869,139.118576,18.78289,0.041632,0.868773,0.14458,0.471803,-6.507389,87.774368,11.864194,0.122059,0.922321,0.004677,0.366611,-4.195504,53.334976,1.385182,0.000167,0.933818,0.024615,0.3569,-14.593868,7.836977,-3.216548,-0.042758,0.851931,-0.048312,0.519665,3.401356,88.413071,28.496758,0.008336,0.828565,-0.123066,0.546137,4.218124,52.64085,33.069195,-0.022961,0.818441,0.02507,0.573584,-2.733767,7.170477,42.206276,0.000167,0.933818,0.024615,0.3569,-4.80118,2.215211,-14.316179,-0.022961,0.818441,0.02507,0.573584,11.307552,1.868338,37.163315
1025,8.541667,-0.047013,0.867903,0.049475,0.492023,-1.554184,88.096062,20.1817,-0.040479,0.864053,0.146243,0.479987,-2.588975,95.964149,20.496338,-0.017371,0.871467,0.090259,0.481764,-6.51561,113.772713,24.488848,0.099434,0.936399,-0.043343,0.333753,-9.174314,136.066269,27.676678,0.0995,0.965128,-0.193395,0.145694,-4.750257,150.439667,25.956219,-0.050387,0.843434,0.132584,0.518172,-11.192688,130.827606,23.9655,0.354121,-0.615426,0.191321,-0.677677,-18.842386,131.703064,9.140333,0.26041,-0.027634,-0.34055,-0.903022,-14.669764,114.56897,-8.078502,0.279768,0.116732,-0.54902,-0.778897,4.167551,129.330261,-13.663915,-0.066151,0.918089,0.183622,0.344992,-7.047252,130.388504,30.493599,0.418447,0.851119,0.243442,-0.203062,5.535387,130.301117,41.481747,-0.096338,0.303982,0.561441,-0.763609,19.518505,115.1819,27.940786,-0.043403,0.150407,0.534613,-0.830471,14.693138,139.105621,18.640863,0.041542,0.868652,0.144938,0.471923,-6.507389,87.777214,11.864705,0.121993,0.922372,0.005035,0.366499,-4.176112,53.344761,1.367205,0.000576,0.933879,0.02424,0.356765,-14.557078,7.845581,-3.261962,-0.042767,0.851844,-0.048256,0.519811,3.39902,88.414902,28.498697,0.008311,0.8285,-0.123065,0.546236,4.21768,52.642345,33.068161,-0.02263,0.818383,0.025405,0.573665,-2.73327,7.171908,42.205605,0.000576,0.933879,0.02424,0.356765,-4.773677,2.209221,-14.362378,-0.02263,0.818383,0.025405,0.573665,11.308048,1.872237,37.160057
1026,8.55,-0.04669,0.867911,0.049397,0.492048,-1.569272,88.103157,20.184816,-0.040309,0.864039,0.146216,0.480035,-2.599017,95.971855,20.500889,-0.017365,0.871434,0.090353,0.481807,-6.518097,113.773048,24.493586,0.099507,0.936378,-0.043464,0.333776,-9.178783,136.065826,27.685123,0.099512,0.96514,-0.193301,0.145728,-4.751526,150.437943,25.962194,-0.050476,0.843225,0.132784,0.518452,-11.196393,130.827682,23.972807,0.353712,-0.615377,0.191056,-0.678009,-18.836081,131.705719,9.142627,0.260095,-0.027688,-0.340286,-0.903211,-14.655492,114.590599,-8.093143,0.279426,0.116883,-0.548661,-0.77925,4.191737,129.343994,-13.672935,-0.066301,0.91823,0.184109,0.344328,-7.051583,130.387741,30.501247,0.417699,0.851553,0.243367,-0.202872,5.545701,130.303741,41.472637,-0.094957,0.306669,0.560695,-0.763255,19.56348,115.203949,27.945835,-0.043346,0.153026,0.536357,-0.82887,14.777519,139.091797,18.495113,0.041358,0.868517,0.145016,0.472163,-6.522595,87.789017,11.867711,0.122038,0.922439,0.005076,0.366317,-4.174226,53.35709,1.372309,0.000554,0.933906,0.023886,0.35672,-14.558575,7.858994,-3.25995,-0.042954,0.851724,-0.048055,0.520012,3.384052,88.417297,28.501923,0.008323,0.828437,-0.123091,0.546325,4.220593,52.644505,33.066269,-0.02251,0.818331,0.025526,0.573739,-2.733564,7.174677,42.204327,0.000554,0.933906,0.023886,0.35672,-4.777473,2.213071,-14.357535,-0.02251,0.818331,0.025526,0.573739,11.308299,1.875928,37.159321
1027,8.558333,-0.047054,0.867849,0.049602,0.492101,-1.55913,88.098373,20.186459,-0.040412,0.864005,0.14632,0.480055,-2.595495,95.966209,20.502413,-0.017347,0.871417,0.090401,0.48183,-6.521181,113.772072,24.497766,0.099545,0.936381,-0.043488,0.333751,-9.182283,136.064499,27.691507,0.099522,0.965171,-0.193178,0.145677,-4.753825,150.436188,25.968143,-0.050592,0.843002,0.133068,0.51873,-11.199639,130.826706,23.978537,0.353345,-0.615301,0.19076,-0.678353,-18.829317,131.708008,9.143403,0.2598,-0.027713,-0.340102,-0.903364,-14.638538,114.61203,-8.108878,0.279136,0.116973,-0.548496,-0.779457,4.215851,129.360748,-13.683015,-0.066416,0.918311,0.184435,0.343914,-7.055166,130.386124,30.507141,0.41667,0.852161,0.243006,-0.202868,5.551121,130.304642,41.468193,-0.09413,0.309719,0.55968,-0.762871,19.611294,115.231895,27.955246,-0.043803,0.156258,0.53795,-0.827209,14.861753,139.081833,18.355034,0.041492,0.868567,0.145044,0.472051,-6.510778,87.780159,11.868514,0.122099,0.922272,0.004921,0.366718,-4.171151,53.349625,1.366584,0.000469,0.933851,0.024115,0.356849,-14.564022,7.852778,-3.25883,-0.042854,0.851705,-0.048089,0.520047,3.392519,88.41658,28.504402,0.008345,0.828472,-0.123083,0.546274,4.221472,52.643406,33.067139,-0.02235,0.818318,0.025668,0.573758,-2.733529,7.173449,42.203896,0.000469,0.933851,0.024115,0.356849,-4.777984,2.214029,-14.355705,-0.02235,0.818318,0.025668,0.573758,11.307962,1.875392,37.157139
1028,8.566667,-0.046613,0.867874,0.049421,0.492118,-1.577375,88.101875,20.189213,-0.040099,0.863986,0.146359,0.480104,-2.606276,95.97065,20.506142,-0.017526,0.871365,0.090372,0.481921,-6.521003,113.768898,24.50638,0.099219,0.936391,-0.043695,0.333795,-9.188881,136.061279,27.694777,0.099839,0.965161,-0.192948,0.145836,-4.767274,150.434036,25.96265,-0.050634,0.842768,0.13337,0.519028,-11.203928,130.822174,23.98242,0.352873,-0.615111,0.190567,-0.678825,-18.823124,131.709229,9.142237,0.259618,-0.027646,-0.339983,-0.903463,-14.617207,114.632889,-8.125803,0.27922,0.117227,-0.548426,-0.779438,4.242541,129.380005,-13.692864,-0.066509,0.918448,0.184935,0.343263,-7.060917,130.384079,30.512125,0.415919,0.852535,0.242968,-0.202885,5.559911,130.304031,41.456451,-0.093208,0.312213,0.558855,-0.762572,19.650564,115.255013,27.948803,-0.043863,0.159914,0.539988,-0.825177,14.93102,139.074951,18.217117,0.04126,0.868455,0.145114,0.472256,-6.529509,87.789368,11.871338,0.122097,0.922397,0.005069,0.366402,-4.170486,53.358917,1.373483,0.000805,0.933875,0.023864,0.356802,-14.559656,7.862163,-3.261101,-0.04304,0.851691,-0.047933,0.52007,3.374759,88.414383,28.507086,0.008352,0.828492,-0.123093,0.546241,4.220926,52.641273,33.067207,-0.022547,0.818377,0.025468,0.573674,-2.734737,7.171556,42.204655,0.000805,0.933875,0.023864,0.356802,-4.779509,2.21299,-14.357869,-0.022547,0.818377,0.025468,0.573674,11.306315,1.872012,37.158226
1029,8.575,-0.046601,0.867843,0.04945,0.49217,-1.580631,88.100342,20.190805,-0.040187,0.863961,0.146453,0.480113,-2.609601,95.969086,20.508156,-0.017401,0.871375,0.090366,0.481909,-6.529093,113.767159,24.509939,0.099167,0.936419,-0.043628,0.333738,-9.191835,136.059784,27.700874,0.099944,0.965159,-0.192956,0.145765,-4.772475,150.433334,25.969713,-0.050838,0.842605,0.133081,0.519348,-11.208245,130.821533,23.98806,0.352306,-0.614995,0.19021,-0.679325,-18.815649,131.699509,9.141294,0.259072,-0.027604,-0.339961,-0.90363,-14.596009,114.649673,-8.149561,0.278971,0.117321,-0.548083,-0.779754,4.265112,129.400284,-13.705738,-0.066166,0.91862,0.185398,0.342617,-7.064989,130.381805,30.5175,0.41506,0.852991,0.242719,-0.203023,5.572163,130.290298,41.442883,-0.092357,0.314687,0.557814,-0.762421,19.695236,115.267181,27.940256,-0.044341,0.162931,0.540937,-0.823938,14.994258,139.048065,18.078745,0.041219,0.868464,0.145172,0.472224,-6.531791,87.788376,11.872331,0.12209,0.922416,0.00508,0.366356,-4.168595,53.358887,1.372255,0.000711,0.933909,0.023755,0.35672,-14.557016,7.861978,-3.262554,-0.043042,0.851841,-0.047947,0.519822,3.37053,88.4123,28.509279,0.008376,0.828619,-0.123063,0.546055,4.21761,52.639305,33.070122,-0.022668,0.818427,0.025311,0.573605,-2.736317,7.168931,42.205585,0.000711,0.933909,0.023755,0.35672,-4.778226,2.210768,-14.359486,-0.022668,0.818427,0.025311,0.573605,11.304049,1.867618,37.159111
1030,8.583333,-0.046638,0.867834,0.049522,0.492175,-1.583095,88.10025,20.192905,-0.04018,0.863941,0.146513,0.48013,-2.613143,95.968834,20.510962,-0.017366,0.871363,0.090348,0.481936,-6.533053,113.764,24.514168,0.099236,0.936405,-0.043652,0.333755,-9.194107,136.056824,27.705074,0.099891,0.965184,-0.192853,0.145774,-4.772593,150.429733,25.97406,-0.050319,0.843034,0.132558,0.518835,-11.210759,130.818756,23.992132,0.352174,-0.614539,0.189388,-0.680035,-18.837725,131.69931,9.15556,0.25916,-0.027765,-0.3398,-0.90366,-14.575058,114.682243,-8.157012,0.27886,0.117659,-0.547864,-0.779897,4.290692,129.423782,-13.71972,-0.066346,0.918788,0.185925,0.341846,-7.067878,130.378662,30.521784,0.414264,0.853449,0.242462,-0.203035,5.586108,130.291809,41.4277,-0.09092,0.316069,0.557183,-0.762484,19.741518,115.290413,27.934784,-0.041864,0.165649,0.541954,-0.822857,15.048744,139.033752,17.97089,0.041231,0.868481,0.144885,0.472281,-6.53409,87.788376,11.874331,0.122212,0.922848,0.004926,0.365227,-4.180875,53.352947,1.391491,0.000627,0.933832,0.024116,0.356896,-14.590612,7.858687,-3.221405,-0.043047,0.851826,-0.047908,0.51985,3.367899,88.412125,28.511482,0.008359,0.828588,-0.123067,0.546101,4.216602,52.638889,33.070107,-0.022377,0.8184,0.025619,0.573641,-2.736692,7.168573,42.206367,0.000627,0.933832,0.024116,0.356896,-4.80521,2.218314,-14.318015,-0.022377,0.8184,0.025619,0.573641,11.303327,1.869773,37.156292
1031,8.591667,-0.04669,0.867836,0.049559,0.492164,-1.584986,88.100815,20.195297,-0.040229,0.863943,0.146505,0.480127,-2.61603,95.969261,20.513451,-0.017281,0.871371,0.090402,0.481915,-6.53753,113.765129,24.515688,0.099357,0.936413,-0.043642,0.333698,-9.196342,136.057648,27.710632,0.099798,0.965225,-0.192771,0.145671,-4.771788,150.429779,25.98078,-0.05039,0.842773,0.132977,0.519145,-11.213704,130.820419,23.996902,0.351904,-0.614386,0.189041,-0.68041,-18.829659,131.708038,9.155088,0.259259,-0.027527,-0.339927,-0.903591,-14.551255,114.709961,-8.17225,0.279625,0.117932,-0.547466,-0.77986,4.310869,129.458908,-13.727578,-0.066655,0.91892,0.186422,0.341161,-7.07046,130.378799,30.52622,0.413523,0.853846,0.242272,-0.203102,5.597783,130.300293,41.415642,-0.088836,0.31654,0.55717,-0.762543,19.782066,115.320862,27.928656,-0.037156,0.166746,0.542928,-0.822219,15.103316,139.037399,17.882282,0.041224,0.868426,0.145259,0.472267,-6.536095,87.788399,11.876808,0.122072,0.922429,0.005066,0.366331,-4.16967,53.360771,1.371363,0.000807,0.933908,0.023802,0.35672,-14.557156,7.863444,-3.261376,-0.042998,0.851696,-0.047979,0.520061,3.366122,88.413231,28.513783,0.008348,0.828466,-0.122809,0.546345,4.207988,52.640186,33.075176,-0.023637,0.81833,0.024501,0.573739,-2.733974,7.163909,42.190338,0.000807,0.933908,0.023802,0.35672,-4.779238,2.212558,-14.359239,-0.023637,0.81833,0.024501,0.573739,11.311962,1.859584,37.162556
1032,8.6,-0.046511,0.867944,0.049595,0.491986,-1.596222,88.098717,20.195454,-0.040029,0.864012,0.146415,0.480046,-2.625024,95.967369,20.515732,-0.017318,0.871394,0.090438,0.481866,-6.538125,113.764763,24.519156,0.099497,0.936415,-0.043639,0.333652,-9.198987,136.056931,27.714867,0.099782,0.965254,-0.192687,0.145605,-4.770761,150.428055,25.986254,-0.050503,0.842578,0.133377,0.519348,-11.216169,130.819565,24.001226,0.351618,-0.614245,0.188359,-0.680873,-18.824703,131.712158,9.155909,0.25898,-0.027523,-0.339814,-0.903714,-14.525084,114.743744,-8.195236,0.27928,0.11811,-0.54727,-0.780095,4.339756,129.489273,-13.744127,-0.066949,0.919052,0.186782,0.34055,-7.072213,130.378235,30.530115,0.412632,0.854346,0.241833,-0.203334,5.608642,130.308762,41.404907,-0.086676,0.316814,0.556953,-0.762837,19.824583,115.355042,27.92271,-0.032933,0.166809,0.54382,-0.821797,15.141574,139.040161,17.795212,0.041074,0.868353,0.145355,0.472385,-6.551046,87.789391,11.879062,0.122069,0.922422,0.005074,0.366348,-4.170509,53.362892,1.373109,0.00084,0.9339,0.023791,0.356742,-14.557343,7.865495,-3.260361,-0.043148,0.851692,-0.047878,0.520064,3.358602,88.408043,28.511847,0.008346,0.828455,-0.123061,0.546305,4.213467,52.635227,33.072655,-0.024415,0.818627,0.024301,0.573292,-2.740751,7.164762,42.207455,0.00084,0.9339,0.023791,0.356742,-4.779307,2.213969,-14.357792,-0.024415,0.818627,0.024301,0.573292,11.305605,1.868887,37.171947
1033,8.608333,-0.046543,0.86796,0.049669,0.491947,-1.599322,88.098106,20.197422,-0.040125,0.864073,0.146375,0.47994,-2.629127,95.966599,20.518499,-0.017194,0.871482,0.090453,0.481708,-6.544021,113.763741,24.51932,0.099551,0.936466,-0.043703,0.333484,-9.199726,136.055969,27.718809,0.099804,0.965302,-0.192519,0.145489,-4.769985,150.426361,25.987955,-0.050659,0.842337,0.133758,0.519625,-11.219254,130.819412,24.005291,0.351059,-0.61397,0.187948,-0.681524,-18.817648,131.715897,9.155016,0.258715,-0.027511,-0.339741,-0.903817,-14.493728,114.776947,-8.218861,0.279329,0.118335,-0.547239,-0.780065,4.374743,129.522354,-13.762373,-0.067054,0.919192,0.187119,0.339964,-7.072878,130.376572,30.532539,0.412024,0.854655,0.241562,-0.203589,5.620809,130.310471,41.392368,-0.084305,0.316624,0.557141,-0.763044,19.856354,115.376404,27.909092,-0.028524,0.165628,0.544531,-0.821729,15.177202,139.0392,17.715536,0.041048,0.868347,0.145397,0.472387,-6.554841,87.788887,11.881439,0.122064,0.922455,0.005072,0.366267,-4.171171,53.363098,1.37387,0.000908,0.93389,0.023833,0.356765,-14.558125,7.865596,-3.25839,-0.043196,0.851634,-0.047842,0.520159,3.356196,88.407333,28.513401,0.008345,0.82847,-0.123026,0.54629,4.214845,52.63456,33.07386,-0.023595,0.818488,0.024707,0.573507,-2.737378,7.163289,42.206184,0.000908,0.93389,0.023833,0.356765,-4.78014,2.214502,-14.356087,-0.023595,0.818488,0.024707,0.573507,11.306584,1.863217,37.168427
1034,8.616667,-0.046551,0.868002,0.049615,0.491878,-1.603844,88.097717,20.200745,-0.04009,0.864161,0.14632,0.4798,-2.633319,95.966278,20.521107,-0.017197,0.871574,0.090456,0.48154,-6.545493,113.764236,24.521458,0.099614,0.936533,-0.043634,0.333286,-9.200798,136.056442,27.7215,0.099896,0.96534,-0.19246,0.145258,-4.770642,150.42688,25.992002,-0.050851,0.842061,0.134167,0.519948,-11.221552,130.819733,24.008863,0.350573,-0.613818,0.187408,-0.682059,-18.808073,131.719833,9.15274,0.25829,-0.027606,-0.339641,-0.903974,-14.46498,114.811432,-8.246091,0.278966,0.118553,-0.547002,-0.780328,4.409944,129.557022,-13.786629,-0.066747,0.919374,0.187502,0.339321,-7.072665,130.377167,30.534536,0.411143,0.855065,0.241266,-0.203999,5.636989,130.301727,41.37561,-0.082397,0.316157,0.557002,-0.763547,19.900005,115.398338,27.887417,-0.025019,0.164269,0.545499,-0.821475,15.196383,139.041031,17.646023,0.041032,0.868405,0.145145,0.472358,-6.560647,87.787743,11.885556,0.122116,0.922923,0.004946,0.36507,-4.185061,53.356583,1.393757,0.000623,0.933856,0.02414,0.356832,-14.586716,7.860139,-3.215831,-0.04324,0.851628,-0.047778,0.52017,3.352958,88.407692,28.515932,0.008364,0.828462,-0.12305,0.546297,4.216663,52.63475,33.07412,-0.023565,0.818496,0.024646,0.5735,-2.738361,7.164058,42.207207,0.000623,0.933856,0.02414,0.356832,-4.802676,2.220498,-14.314018,-0.023565,0.818496,0.024646,0.5735,11.304872,1.861977,37.169518
1035,8.625,-0.046549,0.868011,0.049478,0.491876,-1.606215,88.092781,20.202675,-0.040193,0.86426,0.146298,0.479621,-2.63459,95.961555,20.52116,-0.017101,0.871722,0.090445,0.481278,-6.54967,113.763153,24.520641,0.099656,0.936613,-0.043646,0.333046,-9.199972,136.055603,27.723169,0.099933,0.965393,-0.192292,0.145098,-4.769371,150.425735,25.992321,-0.051088,0.841812,0.134613,0.520214,-11.22372,130.819305,24.011574,0.349578,-0.613491,0.187239,-0.682909,-18.800196,131.722107,9.150476,0.257488,-0.027875,-0.339582,-0.904216,-14.434203,114.847244,-8.275184,0.278636,0.118546,-0.546788,-0.780597,4.447272,129.59613,-13.815456,-0.066916,0.919505,0.187945,0.338689,-7.070885,130.375916,30.534679,0.426859,0.828149,0.316355,-0.178552,5.652355,130.304916,41.359844,-0.051486,0.287969,0.573463,-0.765221,19.746075,115.663765,27.414232,-0.022916,0.162773,0.546733,-0.821013,15.19994,139.04245,17.579327,0.041042,0.868426,0.145532,0.4722,-6.563068,87.781517,11.88756,0.121912,0.922404,0.005098,0.366446,-4.176611,53.358532,1.371442,0.00077,0.933964,0.023869,0.356568,-14.548862,7.857573,-3.2598,-0.043263,0.851734,-0.047788,0.519994,3.350637,88.404045,28.517788,0.008403,0.828601,-0.123033,0.546089,4.216291,52.631317,33.077301,-0.023581,0.818553,0.024655,0.573417,-2.738586,7.1603,42.208866,0.00077,0.933964,0.023869,0.356568,-4.773793,2.208982,-14.361342,-0.023581,0.818553,0.024655,0.573417,11.303843,1.858695,37.168419
1036,8.633333,-0.046547,0.868067,0.049387,0.491787,-1.613303,88.09301,20.20532,-0.040062,0.86438,0.146218,0.47944,-2.640912,95.961937,20.522688,-0.017172,0.871836,0.090394,0.481079,-6.549524,113.76474,24.522839,0.099779,0.936669,-0.043722,0.332843,-9.200783,136.057495,27.722431,0.099993,0.965459,-0.192071,0.144913,-4.766796,150.426331,25.989473,-0.051417,0.841574,0.135141,0.520429,-11.225616,130.820297,24.012699,0.348892,-0.61324,0.186577,-0.683667,-18.793488,131.724411,9.147305,0.256988,-0.028009,-0.339468,-0.904397,-14.400098,114.889946,-8.310514,0.278255,0.118739,-0.547003,-0.780553,4.488616,129.638702,-13.848313,-0.066958,0.919644,0.18826,0.338127,-7.069844,130.378571,30.534044,0.426445,0.828284,0.316322,-0.178972,5.665904,130.309143,41.344498,-0.05001,0.287808,0.573023,-0.765709,19.769606,115.688301,27.387678,-0.022632,0.161538,0.548303,-0.820218,15.191629,139.047272,17.504818,0.040961,0.868568,0.145295,0.472018,-6.571853,87.780785,11.891258,0.122006,0.92299,0.005018,0.364936,-4.190706,53.352356,1.391771,0.000478,0.933909,0.024144,0.356694,-14.581188,7.853457,-3.218788,-0.0433,0.851783,-0.047786,0.51991,3.345247,88.405228,28.519382,0.008418,0.828663,-0.12299,0.546004,4.213728,52.632725,33.080059,-0.02359,0.818545,0.024568,0.573432,-2.739222,7.160741,42.208271,0.000478,0.933909,0.024144,0.356694,-4.798771,2.215453,-14.319234,-0.02359,0.818545,0.024568,0.573432,11.30294,1.857161,37.169186
1037,8.641667,-0.046537,0.868209,0.049664,0.491509,-1.616945,88.094421,20.203056,-0.039993,0.864538,0.146121,0.47919,-2.646465,95.962921,20.524641,-0.01714,0.871981,0.090381,0.480819,-6.549496,113.76474,24.52363,0.100122,0.936749,-0.043699,0.332518,-9.198243,136.057648,27.724188,0.099889,0.965564,-0.191946,0.144446,-4.756145,150.42424,25.993389,-0.051815,0.841279,0.135757,0.520706,-11.225433,130.820419,24.015812,0.348734,-0.613141,0.185304,-0.684182,-18.782291,131.7258,9.144899,0.256613,-0.028136,-0.339477,-0.904496,-14.359578,114.93602,-8.348496,0.277649,0.118907,-0.546693,-0.78096,4.528363,129.68576,-13.885903,-0.067097,0.91973,0.188474,0.337745,-7.065777,130.378754,30.534685,0.425705,0.828764,0.315649,-0.179698,5.677972,130.313782,41.335724,-0.049003,0.288204,0.572209,-0.766233,19.799921,115.718437,27.370686,-0.023007,0.160341,0.549116,-0.819899,15.184553,139.052429,17.430201,0.04099,0.868602,0.145215,0.471978,-6.580804,87.784615,11.892075,0.121895,0.922608,0.004923,0.365941,-4.20473,53.354668,1.396394,0.000516,0.9339,0.024206,0.356715,-14.584014,7.853145,-3.213467,-0.043322,0.851785,-0.047886,0.519897,3.346914,88.404228,28.51404,0.008413,0.828677,-0.122983,0.545985,4.213006,52.632557,33.081673,-0.023509,0.818559,0.024626,0.573413,-2.738923,7.160396,42.209763,0.000516,0.9339,0.024206,0.356715,-4.801276,2.216461,-14.314302,-0.023509,0.818559,0.024626,0.573413,11.302616,1.85684,37.168915
1038,8.65,-0.046526,0.86823,0.049451,0.491495,-1.617813,88.096107,20.205324,-0.040091,0.864628,0.146067,0.479036,-2.645521,95.964966,20.524082,-0.017015,0.872101,0.090507,0.480582,-6.549488,113.764511,24.519707,0.100209,0.936819,-0.043945,0.33226,-9.195192,136.056595,27.728636,0.099869,0.96564,-0.191698,0.14428,-4.74928,150.421097,25.990337,-0.052787,0.840326,0.137309,0.52174,-11.224738,130.820602,24.019764,0.346698,-0.613082,0.185806,-0.685132,-18.742186,131.732101,9.129262,0.254996,-0.028501,-0.339347,-0.904991,-14.325147,114.979195,-8.400888,0.277072,0.119221,-0.546531,-0.781231,4.572225,129.73378,-13.928385,-0.067401,0.919822,0.1888,0.337254,-7.06149,130.376678,30.53619,0.424956,0.829131,0.315313,-0.180367,5.691976,130.320663,41.325809,-0.047733,0.288336,0.571399,-0.766868,19.833443,115.755638,27.348858,-0.023306,0.159157,0.550705,-0.819054,15.173388,139.062057,17.352448,0.040962,0.868718,0.145245,0.471758,-6.581966,87.784424,11.894587,0.121891,0.922536,0.00489,0.366123,-4.205791,53.354942,1.397387,0.000585,0.933877,0.024295,0.356767,-14.584966,7.853291,-3.21152,-0.043252,0.851814,-0.047919,0.519852,3.34634,88.407791,28.51606,0.008418,0.828437,-0.122779,0.546394,4.207184,52.635902,33.083019,-0.0237,0.81829,0.024638,0.573787,-2.739227,7.159039,42.19191,0.000585,0.933877,0.024295,0.356767,-4.801393,2.21836,-14.312511,-0.0237,0.81829,0.024638,0.573787,11.308694,1.859131,37.16502
1039,8.658333,-0.046552,0.868404,0.049583,0.491171,-1.622958,88.09774,20.206261,-0.040068,0.864803,0.145976,0.47875,-2.65193,95.966354,20.527014,-0.01705,0.872256,0.0905,0.4803,-6.55183,113.765167,24.521091,0.099835,0.936958,-0.044346,0.331927,-9.197725,136.057251,27.729855,0.100225,0.965694,-0.191314,0.144186,-4.759456,150.422043,25.974628,-0.053279,0.839816,0.138098,0.522302,-11.229105,130.820755,24.022705,0.345372,-0.612821,0.185394,-0.686147,-18.725204,131.735687,9.121651,0.254062,-0.02884,-0.339206,-0.905295,-14.284828,115.031967,-8.449499,0.276691,0.119563,-0.546388,-0.781414,4.61927,129.78479,-13.976052,-0.067507,0.919918,0.189055,0.336826,-7.061668,130.377792,30.53652,0.424057,0.829834,0.314078,-0.181402,5.700951,130.325073,41.315331,-0.046441,0.288549,0.570576,-0.76748,19.861633,115.787163,27.329615,-0.022749,0.157713,0.552845,-0.817907,15.158153,139.066483,17.272972,0.040887,0.868756,0.145299,0.471677,-6.59323,87.786407,11.899166,0.121809,0.922612,0.004965,0.365957,-4.211446,53.357624,1.400976,0.000406,0.933918,0.024215,0.356667,-14.581871,7.854167,-3.20978,-0.043209,0.851845,-0.047987,0.519799,3.347314,88.409073,28.513353,0.008359,0.82835,-0.122745,0.546534,4.2032,52.637386,33.082844,-0.022817,0.818211,0.02514,0.573915,-2.738473,7.159662,42.191021,0.000406,0.933918,0.024215,0.356667,-4.799003,2.218902,-14.311227,-0.022817,0.818211,0.02514,0.573915,11.306002,1.8568,37.157616
1040,8.666667,-0.046508,0.868515,0.049547,0.490983,-1.628553,88.098595,20.20742,-0.039864,0.864857,0.14609,0.478635,-2.656577,95.967331,20.528246,-0.017165,0.872283,0.0905,0.480248,-6.551299,113.765167,24.530024,0.09984,0.937008,-0.044645,0.331745,-9.201556,136.057053,27.736431,0.100409,0.965729,-0.19123,0.143933,-4.760979,150.419998,25.971869,-0.053691,0.839416,0.138586,0.522774,-11.232193,130.819717,24.03009,0.344249,-0.612632,0.18467,-0.687075,-18.710365,131.734512,9.120024,0.25311,-0.029379,-0.339102,-0.905584,-14.245338,115.083992,-8.495299,0.276084,0.119634,-0.546137,-0.781792,4.667302,129.836716,-14.031023,-0.067489,0.920111,0.189212,0.336213,-7.064043,130.378372,30.54356,0.42307,0.830503,0.313101,-0.182332,5.712438,130.327637,41.305946,-0.044496,0.28827,0.569833,-0.768251,19.897642,115.82177,27.311819,-0.02087,0.155559,0.554398,-0.817318,15.141207,139.069702,17.193613,0.040822,0.868876,0.14529,0.471464,-6.602486,87.787376,11.902513,0.121725,0.922662,0.005055,0.365857,-4.219565,53.358006,1.406502,0.000475,0.933917,0.024255,0.356666,-14.580276,7.852724,-3.208054,-0.043251,0.851865,-0.04794,0.519767,3.345379,88.409821,28.512329,0.008292,0.828472,-0.12291,0.546314,4.205823,52.638065,33.080448,-0.023454,0.818473,0.024675,0.573535,-2.736657,7.164043,42.206463,0.000475,0.933917,0.024255,0.356666,-4.798014,2.217846,-14.31023,-0.023454,0.818473,0.024675,0.573535,11.306171,1.860756,37.168919
1041,8.675,-0.046748,0.868586,0.049647,0.490823,-1.622838,88.092514,20.208899,-0.040014,0.864968,0.146177,0.478394,-2.654877,95.960739,20.529404,-0.017219,0.872423,0.09048,0.479994,-6.556322,113.763939,24.533821,0.099733,0.937106,-0.045137,0.331435,-9.207321,136.055923,27.739021,0.10077,0.965768,-0.190964,0.143774,-4.766168,150.416641,25.957855,-0.05416,0.838917,0.139162,0.523373,-11.239459,130.817886,24.03447,0.342783,-0.612257,0.18418,-0.688272,-18.694996,131.733292,9.11311,0.251941,-0.029937,-0.339041,-0.905914,-14.198439,115.139046,-8.547256,0.275566,0.119637,-0.545892,-0.782146,4.716706,129.891006,-14.088671,-0.067779,0.920252,0.189591,0.335557,-7.067563,130.377823,30.545628,0.419226,0.837064,0.296708,-0.188513,5.722344,130.336243,41.292095,-0.048663,0.293448,0.566131,-0.768775,19.954149,115.795204,27.382025,-0.018003,0.15406,0.555416,-0.816979,15.118559,139.071381,17.12656,0.040877,0.869069,0.145351,0.471086,-6.599373,87.778,11.905675,0.12171,0.922648,0.005047,0.365899,-4.222319,53.350246,1.403031,0.000513,0.933878,0.024426,0.356757,-14.581844,7.844615,-3.210762,-0.04311,0.851957,-0.048022,0.519619,3.353696,88.407043,28.512119,0.008285,0.828599,-0.122923,0.546118,4.203179,52.634979,33.079845,-0.023538,0.818501,0.024586,0.573496,-2.737237,7.16123,42.20882,0.000513,0.933878,0.024426,0.356757,-4.797158,2.214052,-14.312988,-0.023538,0.818501,0.024586,0.573496,11.30534,1.857209,37.171345
1042,8.683333,-0.046638,0.86861,0.049484,0.490809,-1.62623,88.089775,20.210045,-0.039885,0.865018,0.146238,0.478296,-2.655488,95.958412,20.529188,-0.017336,0.872477,0.090458,0.479897,-6.553817,113.763321,24.538708,0.099441,0.93721,-0.045265,0.331209,-9.208602,136.055298,27.740795,0.101109,0.965769,-0.190968,0.143526,-4.775052,150.417404,25.951782,-0.054573,0.838591,0.139808,0.52368,-11.240434,130.816254,24.0375,0.341892,-0.611965,0.183045,-0.689277,-18.683729,131.733368,9.110133,0.251227,-0.030457,-0.338936,-0.906134,-14.149014,115.200424,-8.597894,0.275078,0.119608,-0.545655,-0.782488,4.772393,129.949371,-14.150887,-0.068061,0.920376,0.190066,0.33489,-7.067163,130.378098,30.547905,0.418483,0.837616,0.295686,-0.18932,5.736412,130.34436,41.278118,-0.046927,0.292851,0.565615,-0.769491,19.983885,115.824875,27.361561,-0.014814,0.152937,0.556079,-0.816803,15.099406,139.075882,17.06583,0.040855,0.869199,0.145365,0.470843,-6.603229,87.775513,11.907089,0.121604,0.922733,0.005111,0.365718,-4.227273,53.347916,1.4037,0.000459,0.933931,0.024498,0.356612,-14.576454,7.839918,-3.209969,-0.043099,0.852079,-0.048049,0.519418,3.350769,88.404037,28.513002,0.008336,0.82849,-0.122737,0.546324,4.199622,52.632095,33.081806,-0.023165,0.818264,0.024865,0.573838,-2.737526,7.15414,42.192314,0.000459,0.933931,0.024498,0.356612,-4.794267,2.211961,-14.31572,-0.023165,0.818264,0.024865,0.573838,11.307508,1.850546,37.161236
1043,8.691667,-0.046639,0.868733,0.04954,0.490585,-1.631052,88.089592,20.21187,-0.039826,0.865202,0.146253,0.477964,-2.660673,95.958138,20.532034,-0.017379,0.872678,0.090397,0.479542,-6.555572,113.761902,24.544355,0.099449,0.937345,-0.045394,0.330808,-9.209456,136.054306,27.744175,0.101339,0.965797,-0.191008,0.143116,-4.775898,150.415665,25.949236,-0.055107,0.838108,0.140584,0.524189,-11.243871,130.814392,24.04355,0.34049,-0.611621,0.182249,-0.690486,-18.667377,131.733398,9.106451,0.250095,-0.031218,-0.338844,-0.906456,-14.097577,115.264679,-8.652325,0.27435,0.119622,-0.545658,-0.782739,4.828192,130.009979,-14.220795,-0.068368,0.920494,0.190453,0.334281,-7.065335,130.377823,30.55068,0.417574,0.838244,0.294526,-0.19035,5.750436,130.353348,41.266338,-0.045849,0.292807,0.564832,-0.770147,20.016073,115.862564,27.338505,-0.012853,0.152479,0.556261,-0.816798,15.083322,139.090225,16.998842,0.040864,0.869285,0.145379,0.470678,-6.61231,87.775513,11.911463,0.121512,0.922775,0.005206,0.365642,-4.238463,53.348267,1.406466,0.000269,0.933921,0.02448,0.35664,-14.576955,7.838276,-3.211446,-0.04309,0.852147,-0.04798,0.519315,3.350206,88.403664,28.512276,0.008253,0.828677,-0.122943,0.545996,4.201658,52.631195,33.076401,-0.02311,0.818509,0.024874,0.57349,-2.735966,7.157865,42.209587,0.000269,0.933921,0.02448,0.35664,-4.792067,2.211786,-14.315556,-0.02311,0.818509,0.024874,0.57349,11.304383,1.853489,37.166275
1044,8.7,-0.046596,0.868819,0.049554,0.490435,-1.636942,88.090912,20.213198,-0.039753,0.865321,0.146248,0.477756,-2.666023,95.959511,20.534079,-0.017379,0.872803,0.090395,0.479315,-6.556906,113.760696,24.547827,0.099508,0.937438,-0.045493,0.330513,-9.209919,136.053116,27.748287,0.101476,0.965804,-0.191183,0.142739,-4.774848,150.413528,25.94944,-0.055696,0.837572,0.141467,0.524745,-11.246059,130.813004,24.048883,0.339253,-0.611388,0.181305,-0.69155,-18.647892,131.734619,9.10119,0.248986,-0.032087,-0.338748,-0.906767,-14.047098,115.329727,-8.708593,0.273451,0.119573,-0.545573,-0.78312,4.88448,130.071167,-14.298244,-0.068635,0.920683,0.190807,0.333504,-7.064151,130.376785,30.553871,0.416944,0.838624,0.293872,-0.191069,5.76775,130.361954,41.250233,-0.045079,0.29262,0.564258,-0.770684,20.045822,115.893684,27.311712,-0.011096,0.152629,0.556102,-0.816904,15.073681,139.102798,16.947176,0.040692,0.86936,0.145484,0.470523,-6.621139,87.777481,11.91453,0.121488,0.923295,0.005439,0.364331,-4.234714,53.351433,1.408441,0.000284,0.933971,0.024385,0.356515,-14.569722,7.84111,-3.214066,-0.043066,0.852208,-0.048036,0.51921,3.347254,88.404343,28.511864,0.008233,0.82863,-0.122703,0.546121,4.1957,52.632118,33.078434,-0.022748,0.818249,0.025101,0.573865,-2.729422,7.153231,42.193405,0.000284,0.933971,0.024385,0.356515,-4.788354,2.211849,-14.319876,-0.022748,0.818249,0.025101,0.573865,11.313581,1.848221,37.158169
1045,8.708333,-0.046619,0.868903,0.049597,0.490281,-1.640226,88.090897,20.215612,-0.03983,0.865448,0.146398,0.477473,-2.669894,95.959389,20.537085,-0.017279,0.87299,0.090275,0.478999,-6.565156,113.761345,24.55604,0.099628,0.937532,-0.045445,0.330216,-9.210418,136.054916,27.754921,0.101506,0.965782,-0.191555,0.14237,-4.773507,150.414841,25.956806,-0.056203,0.837021,0.142156,0.525385,-11.250572,130.814697,24.057869,0.338945,-0.611289,0.179386,-0.692288,-18.628078,131.738281,9.098275,0.248557,-0.032706,-0.338778,-0.906851,-13.987196,115.403221,-8.765218,0.272872,0.119308,-0.54543,-0.783462,4.941197,130.140305,-14.375806,-0.068901,0.920863,0.191166,0.332746,-7.063931,130.37851,30.559814,0.416394,0.838933,0.293258,-0.191853,5.783604,130.373138,41.237396,-0.044946,0.292998,0.56355,-0.771066,20.069429,115.926788,27.284094,-0.010964,0.153335,0.555364,-0.817275,15.066615,139.12149,16.891386,0.040681,0.869448,0.145533,0.470346,-6.627303,87.77726,11.918684,0.121446,0.922895,0.005258,0.365359,-4.240705,53.352165,1.409521,0.000283,0.933959,0.02445,0.356543,-14.573269,7.840729,-3.207455,-0.04313,0.852267,-0.047852,0.519126,3.346851,88.404533,28.512541,0.008234,0.828577,-0.123008,0.546133,4.206586,52.631424,33.070137,-0.023646,0.818457,0.02466,0.573552,-2.734371,7.159567,42.208076,0.000283,0.933959,0.02445,0.356543,-4.790956,2.213288,-14.313355,-0.023646,0.818457,0.02466,0.573552,11.310316,1.859228,37.172615
1046,8.716667,-0.046603,0.869003,0.049611,0.490102,-1.64688,88.091606,20.218222,-0.039757,0.865603,0.146373,0.477206,-2.676382,95.960098,20.540224,-0.017349,0.87315,0.090257,0.478708,-6.567669,113.76281,24.560966,0.099924,0.937603,-0.045917,0.32986,-9.214269,136.056412,27.758488,0.101721,0.965813,-0.191583,0.141967,-4.766061,150.411301,25.948128,-0.056313,0.836974,0.142262,0.525418,-11.256018,130.815369,24.063482,0.337807,-0.610634,0.178144,-0.693741,-18.631935,131.737991,9.103048,0.247401,-0.033879,-0.338738,-0.907139,-13.929733,115.47773,-8.812572,0.27171,0.118866,-0.54525,-0.784058,5.002853,130.210663,-14.458229,-0.068994,0.921044,0.191383,0.332101,-7.065095,130.380722,30.562771,0.415714,0.83928,0.292738,-0.192603,5.796339,130.380325,41.22361,-0.044891,0.293326,0.562874,-0.771439,20.095842,115.960907,27.256489,-0.010822,0.153879,0.555025,-0.817405,15.062634,139.143448,16.840046,0.040606,0.869501,0.145655,0.470217,-6.63738,87.778107,11.923346,0.12138,0.922931,0.005267,0.365292,-4.24345,53.355133,1.408869,0.000351,0.933976,0.024449,0.356498,-14.570395,7.842189,-3.205833,-0.043196,0.852282,-0.047825,0.519098,3.343621,88.405106,28.513098,0.008355,0.828534,-0.122871,0.546228,4.20857,52.632217,33.071442,-0.023499,0.818185,0.024874,0.573936,-2.735806,7.157373,42.191948,0.000351,0.933976,0.024449,0.356498,-4.789894,2.21403,-14.312966,-0.023499,0.818185,0.024874,0.573936,11.313525,1.859783,37.16655
1047,8.725,-0.046568,0.8691,0.049712,0.489923,-1.653925,88.088943,20.219681,-0.039716,0.865713,0.146368,0.477011,-2.683661,95.957329,20.543564,-0.017334,0.873269,0.090162,0.478509,-6.572822,113.761154,24.565956,0.100008,0.937669,-0.046173,0.329612,-9.216038,136.055557,27.760719,0.101805,0.965818,-0.191732,0.141672,-4.76401,150.408279,25.942602,-0.056758,0.836452,0.143122,0.525969,-11.259939,130.814041,24.067591,0.336722,-0.610207,0.177022,-0.694931,-18.614813,131.74292,9.097193,0.24639,-0.034859,-0.338892,-0.90732,-13.867278,115.5504,-8.867752,0.270989,0.118648,-0.54523,-0.784354,5.061892,130.286926,-14.544049,-0.06921,0.921225,0.191773,0.331327,-7.066058,130.380188,30.565023,0.415172,0.839599,0.292032,-0.193449,5.811531,130.387497,41.206333,-0.044868,0.29337,0.562216,-0.771903,20.11713,115.989449,27.223408,-0.011031,0.153979,0.555348,-0.817164,15.045641,139.164764,16.793324,0.040436,0.869587,0.145801,0.470027,-6.647879,87.776741,11.926837,0.121341,0.92335,0.005476,0.36424,-4.240577,53.355835,1.408646,0.000478,0.934031,0.024352,0.35636,-14.562282,7.842207,-3.211043,-0.043283,0.852473,-0.047729,0.518785,3.340028,88.401146,28.512526,0.00834,0.828722,-0.123102,0.54589,4.215606,52.628143,33.067902,-0.022613,0.818413,0.025186,0.573632,-2.735703,7.158604,42.209538,0.000478,0.934031,0.024352,0.35636,-4.786833,2.210087,-14.320612,-0.022613,0.818413,0.025186,0.573632,11.303743,1.853307,37.164696
1048,8.733333,-0.046186,0.869263,0.049542,0.489687,-1.67722,88.09156,20.225779,-0.039531,0.865861,0.146202,0.476808,-2.700282,95.96077,20.550589,-0.017249,0.8734,0.090056,0.478293,-6.578587,113.762093,24.570936,0.10014,0.937767,-0.046376,0.329263,-9.215373,136.057495,27.764044,0.101917,0.965843,-0.191919,0.141167,-4.759058,150.408081,25.939497,-0.057395,0.835886,0.144032,0.52655,-11.262298,130.815918,24.072674,0.335714,-0.610016,0.175677,-0.695927,-18.594343,131.746872,9.091203,0.245208,-0.035972,-0.338878,-0.907602,-13.811922,115.625313,-8.928225,0.269717,0.118309,-0.545063,-0.78496,5.122629,130.361389,-14.637549,-0.069386,0.921414,0.192024,0.330618,-7.065169,130.382034,30.56801,0.41465,0.839837,0.291628,-0.194146,5.827305,130.396973,41.191284,-0.044743,0.293234,0.56155,-0.772446,20.140978,116.021873,27.193022,-0.011165,0.153941,0.555137,-0.817313,15.026876,139.182739,16.755558,0.040251,0.869368,0.146174,0.470332,-6.676342,87.783806,11.935879,0.121265,0.923338,0.005409,0.364297,-4.240901,53.369682,1.401992,0.000649,0.934069,0.024007,0.356285,-14.558184,7.854265,-3.209943,-0.043505,0.852472,-0.047522,0.518788,3.321901,88.399307,28.515678,0.008435,0.82864,-0.123003,0.546036,4.218905,52.626274,33.066685,-0.022851,0.81825,0.02497,0.573865,-2.736295,7.154599,42.194725,0.000649,0.934069,0.024007,0.356285,-4.787862,2.210827,-14.318286,-0.022851,0.81825,0.02497,0.573865,11.306858,1.848177,37.161369
1049,8.741667,-0.046193,0.869338,0.049644,0.489544,-1.683741,88.090477,20.228218,-0.039396,0.865994,0.146085,0.476615,-2.707631,95.959518,20.554544,-0.017087,0.873536,0.089958,0.478069,-6.578876,113.763763,24.574795,0.100366,0.937857,-0.045837,0.329015,-9.206276,136.060211,27.768248,0.101611,0.965803,-0.192718,0.140567,-4.749619,150.412674,25.959419,-0.057937,0.835474,0.144806,0.526932,-11.257018,130.819168,24.078259,0.334933,-0.609723,0.174107,-0.696954,-18.573519,131.751266,9.089264,0.244369,-0.036991,-0.339005,-0.907739,-13.746433,115.703056,-8.983654,0.268842,0.118011,-0.545213,-0.7852,5.183661,130.439011,-14.72741,-0.069545,0.921524,0.192234,0.330156,-7.05648,130.384171,30.571318,0.414328,0.839856,0.291557,-0.194855,5.845438,130.404877,41.183109,-0.044273,0.292602,0.561068,-0.773063,20.158672,116.052208,27.16139,-0.011113,0.153525,0.555586,-0.817087,14.997443,139.202667,16.725327,0.040146,0.869396,0.146313,0.470246,-6.685577,87.783363,11.939935,0.121234,0.923472,0.00546,0.363967,-4.239812,53.371578,1.400813,0.000636,0.934107,0.023921,0.356191,-14.554299,7.855502,-3.210834,-0.043561,0.852622,-0.047442,0.518543,3.318095,88.397583,28.516504,0.008477,0.828763,-0.123009,0.545847,4.222824,52.624352,33.06443,-0.023498,0.818234,0.024709,0.573873,-2.733901,7.152891,42.192387,0.000636,0.934107,0.023921,0.356191,-4.786406,2.20982,-14.320168,-0.023498,0.818234,0.024709,0.573873,11.313662,1.851265,37.166309
1050,8.75,-0.046586,0.869382,0.049888,0.489403,-1.67777,88.084206,20.230392,-0.039414,0.866105,0.146077,0.476413,-2.70891,95.952293,20.557161,-0.017057,0.873668,0.089823,0.477855,-6.580708,113.761353,24.578817,0.100426,0.937951,-0.045887,0.328719,-9.203227,136.05896,27.768284,0.101634,0.965816,-0.192961,0.14013,-4.745491,150.410767,25.95689,-0.058394,0.834973,0.145686,0.527433,-11.256584,130.817337,24.080566,0.334123,-0.609351,0.172599,-0.698042,-18.553648,131.755585,9.082489,0.243731,-0.037778,-0.33924,-0.907791,-13.678426,115.780388,-9.042117,0.268448,0.117817,-0.545745,-0.784995,5.246897,130.524124,-14.815238,-0.069793,0.921684,0.192585,0.329453,-7.052867,130.38327,30.571625,0.400426,0.859491,0.234879,-0.213928,5.863397,130.412643,41.16592,-0.065732,0.311688,0.547795,-0.773596,20.350584,115.924332,27.466053,-0.010434,0.152374,0.556637,-0.816596,14.959457,139.229111,16.705927,0.040107,0.869729,0.146305,0.469635,-6.681558,87.772606,11.943456,0.121258,0.923589,0.005571,0.36366,-4.241047,53.360428,1.404398,0.000486,0.934082,0.024165,0.356239,-14.555378,7.845026,-3.214251,-0.043523,0.852677,-0.047423,0.518458,3.326017,88.395813,28.517326,0.008472,0.828868,-0.12305,0.545679,4.229567,52.622211,33.062572,-0.022779,0.818268,0.025096,0.573837,-2.727026,7.151696,42.195332,0.000486,0.934082,0.024165,0.356239,-4.783669,2.207657,-14.324445,-0.022779,0.818268,0.025096,0.573837,11.315886,1.847101,37.159409
1051,8.758333,-0.04692,0.869434,0.05016,0.489252,-1.67698,88.090881,20.235136,-0.039204,0.866238,0.146061,0.476194,-2.71477,95.958038,20.563223,-0.017348,0.873773,0.08968,0.477678,-6.577714,113.764381,24.588335,0.100108,0.93802,-0.046438,0.328542,-9.208072,136.062698,27.766397,0.101999,0.965793,-0.192875,0.140138,-4.754617,150.413345,25.935453,-0.058953,0.83432,0.146627,0.528143,-11.260624,130.818207,24.082302,0.332653,-0.60879,0.171834,-0.699421,-18.530476,131.762192,9.071371,0.242617,-0.038719,-0.339514,-0.907947,-13.608569,115.85498,-9.100348,0.268017,0.117588,-0.546343,-0.784761,5.309884,130.608948,-14.902321,-0.070023,0.921811,0.192965,0.328823,-7.054441,130.389404,30.572117,0.399708,0.859758,0.234577,-0.214528,5.874588,130.426056,41.15081,-0.065343,0.310415,0.547206,-0.774557,20.37743,115.966652,27.436968,-0.009599,0.150941,0.556879,-0.816707,14.911694,139.261093,16.701189,0.040085,0.869836,0.146468,0.469389,-6.683029,87.776047,11.949687,0.121249,0.923628,0.005518,0.363565,-4.238538,53.367188,1.400738,0.000669,0.934087,0.024104,0.35623,-14.554339,7.851514,-3.211949,-0.043493,0.852779,-0.047312,0.518303,3.329068,88.405724,28.520584,0.008518,0.828898,-0.123097,0.545621,4.23574,52.631176,33.057739,-0.022889,0.818229,0.02482,0.5739,-2.726123,7.161802,42.192165,0.000669,0.934087,0.024104,0.35623,-4.785102,2.210562,-14.3225,-0.022889,0.818229,0.02482,0.5739,11.31688,1.852367,37.161591
1052,8.766667,-0.046742,0.869627,0.050242,0.488918,-1.69277,88.085503,20.236925,-0.038929,0.866344,0.145705,0.476133,-2.728617,95.952782,20.567924,-0.017411,0.873771,0.089682,0.47768,-6.576195,113.763931,24.587109,0.100442,0.938015,-0.04684,0.328397,-9.209081,136.062119,27.763876,0.101906,0.965848,-0.192906,0.139785,-4.743218,150.407806,25.924278,-0.059345,0.833711,0.147752,0.528747,-11.260988,130.8172,24.080042,0.331926,-0.608397,0.17065,-0.700398,-18.507957,131.774323,9.058878,0.241817,-0.039666,-0.33979,-0.908016,-13.542459,115.927956,-9.15411,0.267289,0.117175,-0.54675,-0.784787,5.371602,130.692383,-14.99122,-0.070199,0.921961,0.193134,0.328267,-7.054869,130.389236,30.569952,0.398857,0.860138,0.233847,-0.215388,5.885561,130.433365,41.134674,-0.065174,0.309257,0.54651,-0.775525,20.403719,116.004799,27.404579,-0.009284,0.149217,0.557812,-0.816391,14.862053,139.285172,16.696068,0.039887,0.869821,0.146675,0.469368,-6.705482,87.773933,11.955379,0.120913,0.924011,0.005589,0.362702,-4.24175,53.368294,1.400376,0.000656,0.934377,0.024205,0.355463,-14.530842,7.845068,-3.19738,-0.043752,0.852665,-0.047106,0.518488,3.319941,88.397072,28.518471,0.008577,0.828779,-0.123227,0.545772,4.249303,52.622761,33.052849,-0.023815,0.818253,0.024472,0.573844,-2.725473,7.156482,42.192833,0.000656,0.934377,0.024205,0.355463,-4.779073,2.207273,-14.324871,-0.023815,0.818253,0.024472,0.573844,11.323177,1.854519,37.170143
1053,8.775,-0.046712,0.869585,0.050192,0.488999,-1.699901,88.081337,20.241707,-0.039183,0.866426,0.145581,0.476,-2.734977,95.948746,20.572161,-0.017175,0.873927,0.089575,0.477423,-6.589347,113.766777,24.584877,0.100669,0.938097,-0.047069,0.328063,-9.209659,136.066208,27.763351,0.101968,0.965865,-0.193095,0.13936,-4.736613,150.408875,25.917635,-0.0598,0.833027,0.148515,0.529559,-11.266393,130.82225,24.080818,0.330833,-0.607835,0.16977,-0.701616,-18.482824,131.785553,9.045364,0.240894,-0.040582,-0.340151,-0.908086,-13.468862,116.001366,-9.208272,0.266878,0.116818,-0.547159,-0.784695,5.434258,130.777847,-15.076912,-0.070068,0.922217,0.193172,0.327552,-7.056344,130.392303,30.568045,0.398195,0.860422,0.233247,-0.216127,5.900365,130.437225,41.112785,-0.065175,0.307968,0.545855,-0.776499,20.428818,116.033279,27.367729,-0.00949,0.147149,0.558119,-0.816554,14.808312,139.308838,16.694433,0.039754,0.869905,0.146928,0.469145,-6.711121,87.76992,11.959258,0.121279,0.923756,0.005467,0.363231,-4.233098,53.368877,1.392625,0.000683,0.934092,0.024038,0.356223,-14.554863,7.853839,-3.212967,-0.043962,0.852755,-0.046808,0.518349,3.31132,88.392754,28.524157,0.00875,0.828732,-0.123399,0.545802,4.26554,52.617741,33.047901,-0.023885,0.818241,0.024565,0.573854,-2.731817,7.155737,42.191891,0.000683,0.934092,0.024038,0.356223,-4.786234,2.210915,-14.323051,-0.023885,0.818241,0.024565,0.573854,11.318159,1.857266,37.169243
1054,8.783333,-0.04674,0.869757,0.050296,0.48868,-1.711077,88.080826,20.247524,-0.039101,0.866568,0.145296,0.475836,-2.747214,95.948029,20.579573,-0.017123,0.874021,0.08943,0.47728,-6.592821,113.767799,24.585148,0.100947,0.938135,-0.047271,0.327839,-9.20742,136.068497,27.75948,0.101918,0.965888,-0.193295,0.138963,-4.725656,150.407898,25.909573,-0.060233,0.832518,0.149256,0.530103,-11.266507,130.824142,24.07884,0.330487,-0.607332,0.168138,-0.702607,-18.461954,131.792267,9.033629,0.24048,-0.041284,-0.340579,-0.908004,-13.390703,116.07486,-9.261783,0.266481,0.116485,-0.547716,-0.784491,5.4977,130.863586,-15.160672,-0.070102,0.922335,0.193349,0.32711,-7.054316,130.394775,30.56472,0.397679,0.860576,0.232806,-0.216937,5.911907,130.441925,41.097755,-0.064948,0.306562,0.545225,-0.777516,20.44327,116.061424,27.331247,-0.010454,0.144468,0.559162,-0.816307,14.742499,139.327591,16.692251,0.03974,0.870046,0.147077,0.468837,-6.728286,87.76947,11.968694,0.121066,0.923939,0.005657,0.362834,-4.247976,53.371513,1.392549,0.000592,0.934141,0.023956,0.356098,-14.547123,7.851833,-3.217833,-0.044109,0.852632,-0.04658,0.51856,3.306132,88.392189,28.526354,0.008864,0.828842,-0.123534,0.545602,4.276782,52.616573,33.041782,-0.023479,0.81822,0.024717,0.573894,-2.734158,7.157877,42.19183,0.000592,0.934141,0.023956,0.356098,-4.78076,2.207626,-14.329264,-0.023479,0.81822,0.024717,0.573894,11.313532,1.856121,37.166233
1055,8.791667,-0.046437,0.869786,0.050093,0.488679,-1.728682,88.081467,20.252657,-0.039087,0.866648,0.145147,0.475737,-2.759083,95.94944,20.584282,-0.016952,0.874132,0.08926,0.477115,-6.600532,113.767937,24.585264,0.101388,0.938168,-0.047545,0.327568,-9.204056,136.070282,27.757147,0.101778,0.96594,-0.193456,0.138477,-4.708586,150.40477,25.902426,-0.060502,0.832101,0.149843,0.530561,-11.266976,130.826233,24.078201,0.330047,-0.606818,0.166689,-0.703602,-18.44512,131.800385,9.025115,0.239872,-0.042131,-0.340971,-0.907979,-13.31916,116.146515,-9.309467,0.265851,0.116132,-0.547863,-0.784655,5.55859,130.948349,-15.24262,-0.070235,0.92248,0.193775,0.326417,-7.052256,130.396057,30.562384,0.397194,0.860678,0.232647,-0.217593,5.928463,130.447479,41.077538,-0.06481,0.30483,0.54464,-0.778618,20.464813,116.091415,27.290798,-0.010875,0.142053,0.559459,-0.816522,14.67634,139.352127,16.701059,0.039582,0.870002,0.147325,0.468855,-6.746469,87.773262,11.974059,0.121049,0.923968,0.005645,0.362765,-4.247548,53.379677,1.388096,0.000825,0.934124,0.023771,0.356155,-14.546034,7.859609,-3.219865,-0.044348,0.852676,-0.046331,0.518489,3.289106,88.389671,28.531254,0.008944,0.828942,-0.123595,0.545435,4.284169,52.613918,33.040306,-0.023338,0.818258,0.02471,0.573845,-2.734174,7.156765,42.19231,0.000825,0.934124,0.023771,0.356155,-4.781707,2.207841,-14.329238,-0.023338,0.818258,0.02471,0.573845,11.311594,1.852391,37.164108
1056,8.8,-0.046472,0.869843,0.050112,0.488572,-1.73741,88.079849,20.257099,-0.039094,0.866735,0.144994,0.475625,-2.768393,95.947739,20.588831,-0.016903,0.874209,0.089231,0.476981,-6.607894,113.772537,24.586399,0.10172,0.938185,-0.048115,0.327333,-9.208374,136.07518,27.758621,0.101865,0.96596,-0.193542,0.138153,-4.699335,150.403595,25.88998,-0.060904,0.831476,0.150522,0.531302,-11.272939,130.831238,24.080444,0.329058,-0.606236,0.165694,-0.704801,-18.423141,131.811264,9.014455,0.239216,-0.042804,-0.341323,-0.907988,-13.24611,116.22113,-9.360044,0.265607,0.116227,-0.548572,-0.784228,5.622444,131.036606,-15.318264,-0.06991,0.922661,0.193907,0.325899,-7.056207,130.400818,30.563301,0.396577,0.860852,0.232227,-0.218475,5.937323,130.44458,41.062649,-0.064934,0.303348,0.544033,-0.77961,20.478842,116.116837,27.251911,-0.011696,0.139288,0.559469,-0.81698,14.608733,139.37709,16.708843,0.039787,0.870176,0.147306,0.468521,-6.757153,87.771072,11.979711,0.120773,0.924067,0.005785,0.362602,-4.275787,53.378262,1.387116,0.000695,0.934134,0.02397,0.356117,-14.546803,7.852077,-3.221801,-0.044458,0.85264,-0.046136,0.518555,3.282333,88.388618,28.534487,0.008969,0.82894,-0.123662,0.545423,4.291105,52.612259,33.035698,-0.023408,0.818275,0.024658,0.573821,-2.732515,7.156709,42.191643,0.000695,0.934134,0.02397,0.356117,-4.781087,2.20717,-14.333442,-0.023408,0.818275,0.024658,0.573821,11.313284,1.852274,37.163589
1057,8.808333,-0.047008,0.869868,0.0504,0.488446,-1.728796,88.072762,20.26096,-0.039236,0.866786,0.144925,0.475542,-2.769338,95.9394,20.592632,-0.016816,0.874268,0.089059,0.476908,-6.614194,113.77549,24.588322,0.102064,0.938182,-0.048406,0.327191,-9.207249,136.079651,27.75588,0.101796,0.96596,-0.193804,0.137834,-4.686577,150.403687,25.881752,-0.061121,0.83098,0.151078,0.531894,-11.274125,130.83551,24.079317,0.328162,-0.605802,0.164678,-0.705829,-18.402397,131.82338,9.003451,0.238398,-0.043494,-0.341576,-0.908075,-13.18292,116.293991,-9.410442,0.264971,0.116219,-0.548907,-0.78421,5.683226,131.123016,-15.391869,-0.070192,0.922747,0.194098,0.32548,-7.056272,130.405304,30.561459,0.396045,0.861035,0.231812,-0.219159,5.945048,130.458588,41.051109,-0.06468,0.301762,0.543431,-0.780665,20.492577,116.153206,27.223545,-0.012016,0.136446,0.559583,-0.817377,14.53939,139.403671,16.721918,0.039546,0.870315,0.14777,0.468138,-6.749944,87.757545,11.984667,0.121104,0.923962,0.005441,0.362766,-4.242227,53.373219,1.370756,0.000695,0.934092,0.023982,0.356227,-14.552352,7.854187,-3.221424,-0.044376,0.852691,-0.046113,0.518481,3.292351,88.38797,28.537252,0.009007,0.829198,-0.123707,0.54502,4.297348,52.610947,33.033932,-0.023745,0.818323,0.02459,0.57374,-2.727034,7.156503,42.19474,0.000695,0.934092,0.023982,0.356227,-4.784007,2.2096,-14.330912,-0.023745,0.818323,0.02459,0.57374,11.320433,1.856202,37.167004
1058,8.816667,-0.047007,0.870001,0.050549,0.488194,-1.740687,88.07399,20.264423,-0.039188,0.86687,0.144664,0.475472,-2.782273,95.940392,20.598448,-0.016694,0.874308,0.088949,0.476859,-6.620819,113.780151,24.587223,0.102407,0.938218,-0.048619,0.326948,-9.206505,136.085388,27.753241,0.101909,0.965971,-0.194072,0.137298,-4.675328,150.405579,25.875134,-0.06159,0.830345,0.151829,0.532619,-11.275532,130.841583,24.077423,0.327641,-0.605416,0.163279,-0.706727,-18.376122,131.834747,8.988849,0.237584,-0.044115,-0.341976,-0.908108,-13.110956,116.368576,-9.465199,0.264023,0.116288,-0.548984,-0.784465,5.741322,131.212433,-15.466304,-0.070263,0.922846,0.194394,0.325006,-7.056887,130.410614,30.558998,0.395394,0.861245,0.231491,-0.219845,5.954418,130.466156,41.036243,-0.064495,0.300093,0.542709,-0.781825,20.512495,116.188667,27.190971,-0.012235,0.133767,0.559281,-0.818023,14.467025,139.428574,16.734114,0.039395,0.870369,0.147959,0.46799,-6.766607,87.759819,11.990989,0.12105,0.924084,0.005483,0.362472,-4.244784,53.378658,1.370165,0.000808,0.934119,0.023917,0.35616,-14.5503,7.858431,-3.220482,-0.0445,0.852615,-0.045967,0.518608,3.285233,88.388161,28.537857,0.008986,0.828929,-0.123757,0.545418,4.30266,52.610958,33.030319,-0.023761,0.818266,0.024599,0.573822,-2.72711,7.157654,42.192646,0.000808,0.934119,0.023917,0.35616,-4.785052,2.210885,-14.331189,-0.023761,0.818266,0.024599,0.573822,11.321548,1.857855,37.167706
1059,8.825,-0.046736,0.870094,0.050455,0.488064,-1.760938,88.078705,20.269783,-0.039129,0.866934,0.14456,0.475392,-2.798012,95.945656,20.604788,-0.016552,0.874377,0.088721,0.476781,-6.631109,113.780357,24.59029,0.102592,0.938258,-0.048854,0.326742,-9.205966,136.087662,27.750683,0.102114,0.96594,-0.194394,0.136908,-4.668278,150.405014,25.866648,-0.061853,0.829702,0.152333,0.533445,-11.278181,130.84375,24.076771,0.326985,-0.605093,0.162045,-0.707591,-18.348249,131.844116,8.974339,0.236807,-0.044597,-0.342403,-0.908127,-13.044,116.438828,-9.519403,0.263337,0.116481,-0.549306,-0.784442,5.796708,131.302185,-15.535629,-0.070282,0.92294,0.19449,0.324678,-7.058311,130.412674,30.557543,0.408647,0.842277,0.287267,-0.202622,5.960014,130.470123,41.026066,-0.042097,0.278406,0.554483,-0.783114,20.351511,116.372643,26.826691,-0.012007,0.130858,0.558411,-0.819091,14.398904,139.447479,16.752741,0.039599,0.870367,0.1479,0.467994,-6.789824,87.768005,11.998017,0.120772,0.923705,0.00549,0.363528,-4.282761,53.386761,1.373965,0.000719,0.934058,0.023917,0.356318,-14.559114,7.86024,-3.219702,-0.044862,0.852661,-0.045482,0.518544,3.267948,88.389397,28.541548,0.009155,0.829172,-0.124198,0.544945,4.326167,52.611328,33.017685,-0.023435,0.818477,0.024672,0.573531,-2.733962,7.16857,42.208923,0.000719,0.934058,0.023917,0.356318,-4.789151,2.213568,-14.326713,-0.023435,0.818477,0.024672,0.573531,11.308637,1.864896,37.171146
1060,8.833333,-0.047106,0.870005,0.050533,0.488179,-1.753103,88.069626,20.272551,-0.039228,0.866939,0.14444,0.47541,-2.795919,95.935905,20.605606,-0.016485,0.8744,0.088644,0.476756,-6.63271,113.783287,24.588072,0.102781,0.938332,-0.048946,0.326455,-9.20317,136.091309,27.746994,0.10234,0.96593,-0.194786,0.136253,-4.66045,150.406738,25.860523,-0.062184,0.829234,0.152798,0.534001,-11.276638,130.847504,24.073631,0.325808,-0.604641,0.161238,-0.708704,-18.32551,131.850815,8.961494,0.235613,-0.045073,-0.342781,-0.908271,-12.98146,116.50721,-9.572016,0.26264,0.116376,-0.549541,-0.784526,5.850886,131.392227,-15.596217,-0.070338,0.923016,0.194576,0.324399,-7.056362,130.416138,30.554115,0.404895,0.847635,0.272611,-0.207987,5.967753,130.476379,41.015411,-0.047304,0.282013,0.550997,-0.783985,20.401127,116.353462,26.883995,-0.011868,0.127904,0.558162,-0.819729,14.334888,139.467651,16.760546,0.039322,0.870496,0.148268,0.467661,-6.779125,87.753632,11.999248,0.121089,0.924047,0.0054,0.362554,-4.246139,53.378654,1.361056,0.000576,0.934078,0.023831,0.356273,-14.557378,7.859221,-3.224638,-0.04478,0.852784,-0.045442,0.518353,3.272919,88.385628,28.545853,0.009241,0.829021,-0.124092,0.545198,4.328578,52.606766,33.016262,-0.024507,0.81841,0.024234,0.5736,-2.735689,7.161683,42.192833,0.000576,0.934078,0.023831,0.356273,-4.787284,2.211638,-14.331066,-0.024507,0.81841,0.024234,0.5736,11.314857,1.865838,37.169003
1061,8.841667,-0.047145,0.870073,0.050502,0.488058,-1.762675,88.066925,20.277786,-0.039156,0.867,0.144256,0.475362,-2.805742,95.933189,20.610254,-0.01638,0.874442,0.088422,0.476722,-6.637068,113.78434,24.588802,0.103633,0.938293,-0.049018,0.326289,-9.198461,136.094299,27.741354,0.102164,0.965959,-0.195179,0.135616,-4.632257,150.402969,25.860346,-0.062445,0.828684,0.1534,0.534651,-11.274385,130.85022,24.069782,0.32568,-0.604419,0.159662,-0.709308,-18.298965,131.861526,8.946866,0.235108,-0.045261,-0.343155,-0.908251,-12.916747,116.5756,-9.623225,0.261796,0.11658,-0.549898,-0.784528,5.906886,131.479828,-15.653172,-0.070376,0.92305,0.194598,0.32428,-7.053562,130.419113,30.549931,0.404512,0.847699,0.27251,-0.208601,5.972966,130.48114,41.008221,-0.046847,0.280329,0.550309,-0.7851,20.409027,116.380165,26.857645,-0.011576,0.126074,0.557689,-0.820338,14.255068,139.484329,16.773113,0.039204,0.87058,0.148471,0.46745,-6.790918,87.749794,12.005873,0.121091,0.924099,0.005408,0.362421,-4.246164,53.378498,1.358594,0.000693,0.934094,0.023831,0.356231,-14.558005,7.859132,-3.226416,-0.044913,0.852955,-0.045207,0.51808,3.265569,88.384056,28.549702,0.009282,0.829404,-0.124356,0.544553,4.339671,52.604515,33.010262,-0.023542,0.818585,0.024498,0.57338,-2.734003,7.165635,42.210289,0.000693,0.934094,0.023831,0.356231,-4.790181,2.210361,-14.334242,-0.023542,0.818585,0.024498,0.57338,11.306669,1.859517,37.169708
1062,8.85,-0.047115,0.870079,0.050467,0.488053,-1.770898,88.065025,20.282978,-0.039158,0.867005,0.144098,0.4754,-2.813288,95.931396,20.615202,-0.016448,0.874441,0.088072,0.476787,-6.642894,113.787949,24.589376,0.103811,0.938284,-0.049208,0.326229,-9.199662,136.100601,27.72657,0.102501,0.965923,-0.195362,0.135355,-4.627031,150.406723,25.841702,-0.062664,0.828204,0.153768,0.535264,-11.276271,130.854523,24.058243,0.325175,-0.603893,0.158441,-0.710261,-18.278036,131.870483,8.92507,0.234387,-0.045382,-0.343551,-0.908282,-12.845344,116.643295,-9.678546,0.261013,0.116777,-0.550352,-0.784441,5.965698,131.567215,-15.706793,-0.070216,0.923055,0.19474,0.324217,-7.056434,130.426819,30.539259,0.403721,0.8483,0.271143,-0.209471,5.972204,130.482803,40.994942,-0.046775,0.279167,0.549324,-0.786206,20.421843,116.400505,26.839626,-0.011407,0.123717,0.5575,-0.820827,14.177188,139.495193,16.780645,0.039154,0.870663,0.148601,0.467258,-6.799284,87.748055,12.011148,0.121082,0.924075,0.00542,0.362485,-4.24929,53.37928,1.357014,0.000442,0.93411,0.023693,0.356197,-14.559573,7.859707,-3.22945,-0.044982,0.853029,-0.045052,0.517966,3.257487,88.381996,28.554806,0.009354,0.829399,-0.124209,0.544593,4.342189,52.601898,33.008301,-0.023719,0.818394,0.024486,0.573645,-2.730083,7.159728,42.193146,0.000442,0.93411,0.023693,0.356197,-4.790349,2.209727,-14.335423,-0.023719,0.818394,0.024486,0.573645,11.315361,1.856423,37.16293
1063,8.858333,-0.047129,0.870112,0.050524,0.487988,-1.778359,88.065842,20.28606,-0.039345,0.86704,0.143766,0.475421,-2.821347,95.932098,20.619038,-0.016104,0.874463,0.08822,0.476731,-6.651784,113.793945,24.579824,0.103799,0.938346,-0.049809,0.325963,-9.197911,136.105927,27.730438,0.102837,0.965892,-0.195536,0.135064,-4.621076,150.408249,25.827181,-0.063036,0.827544,0.154332,0.536078,-11.277561,130.862915,24.059448,0.324428,-0.603572,0.15742,-0.711102,-18.248632,131.884247,8.912466,0.233572,-0.045598,-0.343844,-0.90837,-12.780921,116.713646,-9.727088,0.260282,0.117011,-0.550839,-0.784307,6.022941,131.65451,-15.755969,-0.07034,0.923121,0.194732,0.324005,-7.056726,130.42955,30.539438,0.403039,0.849049,0.269014,-0.210492,5.97591,130.490982,40.990112,-0.046712,0.27852,0.548499,-0.787015,20.43154,116.413864,26.835758,-0.011086,0.120769,0.556515,-0.821938,14.12043,139.498108,16.786531,0.039078,0.870698,0.148663,0.46718,-6.807965,87.749077,12.014961,0.121061,0.924116,0.005484,0.362387,-4.252097,53.381191,1.359327,0.000676,0.934083,0.023832,0.356259,-14.558908,7.861206,-3.230844,-0.045156,0.853057,-0.044684,0.517937,3.251247,88.382599,28.557158,0.009402,0.829358,-0.124622,0.544561,4.360591,52.60125,32.994507,-0.023559,0.818607,0.024367,0.573354,-2.736138,7.168808,42.208591,0.000676,0.934083,0.023832,0.356259,-4.790226,2.212628,-14.338014,-0.023559,0.818607,0.024367,0.573354,11.303579,1.859803,37.168396
1064,8.866667,-0.046855,0.870165,0.050437,0.487929,-1.796837,88.070343,20.293135,-0.039253,0.86704,0.143435,0.475529,-2.835355,95.937149,20.627121,-0.016076,0.874406,0.088115,0.476856,-6.656638,113.798904,24.577785,0.104154,0.938277,-0.050604,0.325925,-9.199829,136.111755,27.724499,0.103024,0.965904,-0.195477,0.13492,-4.606081,150.406174,25.802496,-0.063403,0.826853,0.154886,0.536939,-11.279374,130.868576,24.053699,0.324185,-0.603322,0.155987,-0.71174,-18.218002,131.895615,8.892211,0.233102,-0.045431,-0.344221,-0.908356,-12.713334,116.781532,-9.782354,0.259767,0.117328,-0.5512,-0.784177,6.078935,131.742554,-15.80022,-0.070317,0.923173,0.194743,0.323854,-7.060371,130.43544,30.534899,0.402264,0.8496,0.26785,-0.211235,5.975641,130.497131,40.981365,-0.046335,0.277291,0.547517,-0.788155,20.446594,116.43927,26.823532,-0.010548,0.118494,0.556309,-0.822416,14.044365,139.50647,16.795385,0.039282,0.870797,0.148472,0.46704,-6.828055,87.757278,12.022875,0.120788,0.923831,0.005604,0.363201,-4.293223,53.386444,1.371744,0.000631,0.934016,0.023917,0.356428,-14.568636,7.860393,-3.228687,-0.045431,0.853141,-0.044369,0.517801,3.234382,88.383415,28.563393,0.009502,0.829382,-0.124698,0.544506,4.373175,52.601837,32.991486,-0.02367,0.818576,0.024319,0.573394,-2.734555,7.171336,42.206646,0.000631,0.934016,0.023917,0.356428,-4.79512,2.214608,-14.333025,-0.02367,0.818576,0.024319,0.573394,11.306386,1.863081,37.16906
1065,8.875,-0.047272,0.870183,0.050754,0.487822,-1.792656,88.067184,20.297157,-0.03926,0.867037,0.143232,0.475595,-2.83933,95.932861,20.632385,-0.016112,0.874354,0.08795,0.476981,-6.659034,113.803467,24.57769,0.104352,0.938252,-0.050986,0.325874,-9.20053,136.117599,27.716791,0.103324,0.965881,-0.195606,0.134674,-4.598032,150.40799,25.785866,-0.06346,0.826394,0.155169,0.537558,-11.279653,130.87352,24.047031,0.32334,-0.602984,0.155191,-0.712585,-18.195841,131.908234,8.87582,0.232247,-0.045493,-0.344459,-0.908482,-12.658798,116.846146,-9.831161,0.259135,0.117742,-0.551279,-0.784269,6.131589,131.826431,-15.842377,-0.070335,0.923201,0.194727,0.323781,-7.062513,130.441895,30.529543,0.401591,0.85021,0.266296,-0.212024,5.975004,130.504868,40.974117,-0.045933,0.276155,0.5466,-0.789213,20.456177,116.457275,26.816536,-0.009928,0.115838,0.555872,-0.823098,13.969356,139.508179,16.806253,0.039079,0.87081,0.148745,0.466945,-6.82513,87.749954,12.027822,0.121017,0.923765,0.005424,0.363297,-4.269407,53.383827,1.366504,0.000407,0.934028,0.023867,0.356401,-14.57004,7.862794,-3.22712,-0.04542,0.853139,-0.044241,0.517816,3.239818,88.384422,28.566492,0.009593,0.829414,-0.124786,0.544435,4.382665,52.601952,32.986301,-0.023614,0.818517,0.024368,0.57348,-2.735828,7.173672,42.204094,0.000407,0.934028,0.023867,0.356401,-4.794897,2.217933,-14.330491,-0.023614,0.818517,0.024368,0.57348,11.305931,1.865647,37.168556
1066,8.883333,-0.047211,0.87018,0.050723,0.487837,-1.803943,88.06617,20.302355,-0.039123,0.866989,0.142989,0.475766,-2.849537,95.931992,20.637623,-0.016091,0.874255,0.087754,0.477198,-6.661737,113.80751,24.577431,0.104519,0.938201,-0.05128,0.325923,-9.198982,136.12323,27.708641,0.103586,0.965833,-0.195813,0.134511,-4.589034,150.410385,25.771544,-0.063597,0.825962,0.155462,0.538121,-11.277705,130.878586,24.039461,0.32233,-0.602483,0.154554,-0.713604,-18.173075,131.91864,8.859144,0.231368,-0.045458,-0.344761,-0.908594,-12.596561,116.909149,-9.878351,0.258624,0.118352,-0.551556,-0.784151,6.186891,131.909897,-15.877719,-0.070363,0.923222,0.194711,0.323725,-7.063768,130.447815,30.524111,0.401104,0.850561,0.265389,-0.212675,5.974827,130.512207,40.967327,-0.045343,0.274795,0.545809,-0.790268,20.461632,116.477142,26.803089,-0.009338,0.113651,0.555853,-0.823422,13.89176,139.51152,16.815838,0.03893,0.870791,0.148863,0.466954,-6.836247,87.74971,12.03289,0.121022,0.924227,0.005661,0.362113,-4.266965,53.385292,1.369322,0.000371,0.934045,0.023778,0.356362,-14.565834,7.864618,-3.231868,-0.045594,0.8532,-0.043935,0.517727,3.228362,88.382637,28.571819,0.009665,0.829412,-0.124946,0.5444,4.393858,52.599365,32.979214,-0.022822,0.818503,0.024715,0.573516,-2.737991,7.174981,42.205864,0.000371,0.934045,0.023778,0.356362,-4.791582,2.217686,-14.334967,-0.022822,0.818503,0.024715,0.573516,11.299095,1.861778,37.162773
1067,8.891667,-0.047163,0.870051,0.050609,0.488083,-1.809311,88.063789,20.307785,-0.039102,0.866907,0.142887,0.475948,-2.853473,95.929855,20.641556,-0.016108,0.874186,0.087517,0.477368,-6.664962,113.811005,24.578697,0.104671,0.938176,-0.051492,0.325912,-9.19835,136.128586,27.699768,0.103935,0.96579,-0.196013,0.134265,-4.582319,150.413162,25.758261,-0.063862,0.825372,0.155947,0.538854,-11.276883,130.882889,24.031971,0.321178,-0.602139,0.154101,-0.714511,-18.144741,131.929398,8.839631,0.230431,-0.045247,-0.344968,-0.908764,-12.540901,116.968628,-9.928656,0.258307,0.118864,-0.551681,-0.78409,6.242168,131.990723,-15.907115,-0.070792,0.923248,0.194783,0.323513,-7.065466,130.453842,30.518372,0.40078,0.850921,0.264247,-0.213266,5.975688,130.532166,40.958294,-0.045066,0.273663,0.544959,-0.791263,20.462873,116.499268,26.792313,-0.008944,0.112394,0.555544,-0.823807,13.813484,139.51738,16.828817,0.038981,0.870756,0.148892,0.467006,-6.837045,87.747398,12.035538,0.12103,0.924238,0.005686,0.362082,-4.269364,53.3839,1.368649,0.000571,0.934021,0.023869,0.356418,-14.568204,7.863429,-3.234612,-0.045724,0.853212,-0.043686,0.517716,3.218424,88.380173,28.580034,0.009774,0.829559,-0.125006,0.54416,4.401281,52.596188,32.976971,-0.023657,0.818577,0.024233,0.573397,-2.739421,7.173389,42.204617,0.000571,0.934021,0.023869,0.356418,-4.794457,2.216938,-14.338382,-0.023657,0.818577,0.024233,0.573397,11.300909,1.862804,37.167801
1068,8.9,-0.047096,0.870012,0.050549,0.488166,-1.818537,88.062248,20.313267,-0.039044,0.866896,0.142641,0.476046,-2.861338,95.928513,20.646645,-0.016115,0.874161,0.087242,0.477464,-6.667936,113.816406,24.57752,0.104753,0.93814,-0.051749,0.325949,-9.196022,136.136154,27.687391,0.104273,0.965723,-0.196184,0.134232,-4.575262,150.418396,25.739801,-0.064063,0.824897,0.156243,0.539471,-11.275205,130.889267,24.021683,0.320534,-0.60169,0.153355,-0.715339,-18.119955,131.939789,8.819197,0.229895,-0.044894,-0.345251,-0.90881,-12.47818,117.025246,-9.97449,0.258121,0.119426,-0.551847,-0.783949,6.296292,132.065735,-15.931029,-0.070724,0.923225,0.194757,0.323609,-7.065221,130.462189,30.509144,0.400541,0.851129,0.263633,-0.213644,5.974183,130.537994,40.951271,-0.044517,0.272432,0.544309,-0.792166,20.462831,116.509476,26.782444,-0.008429,0.110455,0.554417,-0.824833,13.743532,139.510086,16.842222,0.039396,0.870563,0.14887,0.467338,-6.844825,87.746552,12.040112,0.120773,0.923685,0.005477,0.363578,-4.299822,53.384926,1.361767,0.000457,0.933983,0.023973,0.356512,-14.57648,7.858419,-3.231364,-0.045795,0.853339,-0.043565,0.517511,3.207751,88.377945,28.586418,0.009914,0.829593,-0.124898,0.544131,4.400517,52.593658,32.978256,-0.025314,0.818609,0.022632,0.573347,-2.745261,7.1686,42.190796,0.000457,0.933983,0.023973,0.356512,-4.798832,2.215945,-14.33374,-0.025314,0.818609,0.022632,0.573347,11.299914,1.847593,37.178558
1069,8.908333,-0.047052,0.870027,0.050609,0.488137,-1.829121,88.065193,20.318666,-0.038984,0.866848,0.142343,0.476228,-2.871765,95.931427,20.653246,-0.016118,0.874046,0.087128,0.477695,-6.671781,113.821701,24.574783,0.10459,0.938103,-0.052294,0.326022,-9.198356,136.142334,27.679443,0.104786,0.965653,-0.196199,0.134317,-4.576837,150.422089,25.715599,-0.064156,0.824339,0.156418,0.540262,-11.276375,130.895096,24.013578,0.320381,-0.601417,0.15239,-0.715843,-18.092224,131.951553,8.798517,0.229394,-0.044482,-0.345591,-0.908827,-12.419687,117.076088,-10.016873,0.257496,0.120026,-0.551793,-0.7841,6.347495,132.139999,-15.950966,-0.070613,0.923286,0.194726,0.323478,-7.069808,130.468582,30.503294,0.400485,0.850879,0.264629,-0.213515,5.972945,130.542313,40.941261,-0.043478,0.270678,0.543853,-0.793138,20.466524,116.529884,26.761562,-0.00808,0.108572,0.553491,-0.825709,13.675383,139.509064,16.854282,0.039315,0.870582,0.148803,0.467331,-6.856052,87.750763,12.045855,0.120709,0.92429,0.005914,0.362052,-4.308347,53.38723,1.374261,0.000546,0.93399,0.023937,0.356496,-14.572221,7.859736,-3.237598,-0.045957,0.853271,-0.043334,0.517628,3.197811,88.379631,28.591478,0.009906,0.829749,-0.125065,0.543854,4.408628,52.594971,32.975342,-0.025047,0.818801,0.022628,0.573084,-2.74193,7.17381,42.203392,0.000546,0.93399,0.023937,0.356496,-4.796092,2.215366,-14.340347,-0.025047,0.818801,0.022628,0.573084,11.297582,1.848031,37.180363
1070,8.916667,-0.047054,0.869913,0.050517,0.488351,-1.832628,88.065735,20.324764,-0.038996,0.866738,0.142165,0.47648,-2.87467,95.932114,20.657799,-0.015897,0.873945,0.086875,0.477934,-6.673935,113.828217,24.573282,0.105915,0.937935,-0.052523,0.326038,-9.187124,136.151184,27.672094,0.104068,0.965754,-0.196568,0.133606,-4.527043,150.419373,25.715218,-0.064332,0.82402,0.156626,0.540667,-11.26687,130.904572,24.00631,0.31935,-0.600987,0.15207,-0.716732,-18.067308,131.962753,8.784479,0.228639,-0.044151,-0.34582,-0.908946,-12.364519,117.129265,-10.054893,0.257222,0.121029,-0.551917,-0.78395,6.399204,132.213348,-15.964972,-0.070672,0.923286,0.194537,0.32358,-7.063726,130.476593,30.498146,0.40025,0.851113,0.263851,-0.213984,5.976541,130.553497,40.93919,-0.043031,0.269591,0.543266,-0.793934,20.469526,116.54422,26.755751,-0.007465,0.106706,0.552146,-0.826857,13.616064,139.509109,16.869854,0.039392,0.870471,0.148797,0.467533,-6.855506,87.75071,12.049513,0.1207,0.924332,0.005958,0.361949,-4.31034,53.387482,1.376338,0.000422,0.93398,0.02395,0.356522,-14.572466,7.859829,-3.237848,-0.04608,0.853221,-0.043143,0.517715,3.190251,88.380753,28.600014,0.009956,0.829738,-0.125065,0.543869,4.415308,52.595711,32.976795,-0.023596,0.818565,0.024193,0.573419,-2.739367,7.174641,42.202126,0.000422,0.93398,0.02395,0.356522,-4.794292,2.217097,-14.339633,-0.023596,0.818565,0.024193,0.573419,11.300428,1.86203,37.165947
1071,8.925,-0.047023,0.869828,0.050535,0.488502,-1.838442,88.066925,20.329857,-0.038968,0.866659,0.141905,0.476705,-2.880255,95.933319,20.663198,-0.015813,0.873838,0.086717,0.47816,-6.67546,113.834312,24.570433,0.106392,0.937803,-0.052913,0.3262,-9.182699,136.15863,27.664238,0.103907,0.965732,-0.19679,0.133563,-4.505388,150.420486,25.70236,-0.064451,0.823511,0.156842,0.541366,-11.262414,130.912094,23.998333,0.318942,-0.600703,0.151471,-0.717278,-18.037102,131.975662,8.765389,0.228151,-0.043614,-0.346121,-0.90898,-12.308507,117.175797,-10.092592,0.256845,0.12189,-0.5521,-0.783811,6.449697,132.283157,-15.97436,-0.070659,0.923294,0.194456,0.323608,-7.062573,130.483826,30.492289,0.399872,0.8514,0.263237,-0.214306,5.977151,130.56105,40.934017,-0.042365,0.268194,0.542591,-0.794904,20.478271,116.559685,26.751099,-0.006362,0.104742,0.551249,-0.827716,13.549057,139.507599,16.890711,0.039434,0.870413,0.148764,0.467648,-6.858523,87.752815,12.052872,0.120719,0.923935,0.005811,0.362956,-4.315733,53.389122,1.380628,0.000391,0.933947,0.023965,0.356606,-14.579433,7.861724,-3.232627,-0.046162,0.8529,-0.04303,0.518247,3.18164,88.381035,28.60684,0.009956,0.829541,-0.124841,0.544222,4.413275,52.59584,32.980511,-0.023789,0.818331,0.02424,0.573743,-2.733882,7.169518,42.185764,0.000391,0.933947,0.023965,0.356606,-4.79888,2.21969,-14.332676,-0.023789,0.818331,0.02424,0.573743,11.31191,1.861447,37.161526
1072,8.933333,-0.047216,0.869791,0.050691,0.488532,-1.841874,88.075325,20.337702,-0.039006,0.866617,0.14158,0.476875,-2.887561,95.941185,20.671652,-0.015718,0.873761,0.086515,0.47834,-6.677821,113.839745,24.565962,0.106659,0.93777,-0.053097,0.326179,-9.17758,136.165802,27.653372,0.104171,0.965719,-0.196905,0.133279,-4.49132,150.424362,25.688919,-0.064607,0.823103,0.15704,0.541909,-11.257937,130.919174,23.987957,0.31808,-0.600319,0.151262,-0.718027,-18.012274,131.985748,8.746202,0.227431,-0.043066,-0.346268,-0.909131,-12.257835,117.219231,-10.130043,0.256547,0.122647,-0.552165,-0.783745,6.501691,132.346802,-15.977976,-0.070625,0.92329,0.194413,0.323653,-7.060726,130.490845,30.483606,0.399715,0.851644,0.262532,-0.214493,5.978192,130.567184,40.926338,-0.041839,0.26711,0.542162,-0.795589,20.481544,116.562569,26.748901,-0.005601,0.102452,0.549877,-0.82892,13.500011,139.496185,16.910627,0.039451,0.870261,0.148866,0.467898,-6.861014,87.759514,12.060215,0.120762,0.923915,0.005784,0.362994,-4.312775,53.398102,1.38192,0.000474,0.933959,0.023737,0.356592,-14.580934,7.871675,-3.230921,-0.046077,0.852882,-0.042851,0.518298,3.177265,88.391144,28.615189,0.009851,0.829458,-0.125061,0.5443,4.410106,52.604275,32.974808,-0.024515,0.818662,0.023678,0.573263,-2.740948,7.182911,42.201469,0.000474,0.933959,0.023737,0.356592,-4.802598,2.222475,-14.329271,-0.024515,0.818662,0.023678,0.573263,11.302217,1.87355,37.171261
1073,8.941667,-0.046895,0.869719,0.050496,0.488713,-1.856092,88.070023,20.340624,-0.038909,0.866513,0.141265,0.477164,-2.895921,95.936676,20.674171,-0.015642,0.873617,0.086337,0.478638,-6.680314,113.846001,24.560551,0.106945,0.937672,-0.05326,0.32634,-9.174253,136.173553,27.641821,0.104308,0.965656,-0.19721,0.133179,-4.478069,150.428772,25.676758,-0.064611,0.822707,0.157185,0.542468,-11.254066,130.926926,23.976118,0.31734,-0.599746,0.151235,-0.718838,-17.988132,131.999802,8.725836,0.226763,-0.042604,-0.346562,-0.909207,-12.199377,117.259064,-10.160057,0.256214,0.123488,-0.552248,-0.783662,6.552159,132.407959,-15.979224,-0.07051,0.923321,0.194231,0.3237,-7.061228,130.498428,30.474579,0.399621,0.851814,0.261997,-0.214648,5.977218,130.572968,40.917912,-0.04157,0.266155,0.541681,-0.796251,20.48097,116.5653,26.743912,-0.005258,0.101157,0.548956,-0.829691,13.4469,139.488953,16.928539,0.039349,0.870221,0.148808,0.468,-6.872396,87.758003,12.061274,0.120737,0.923974,0.005938,0.36285,-4.318478,53.394772,1.390194,0.000466,0.933956,0.023862,0.35659,-14.579901,7.86792,-3.233473,-0.046263,0.852648,-0.042699,0.518679,3.160213,88.382042,28.619972,0.009803,0.829378,-0.124981,0.54444,4.408234,52.595474,32.977722,-0.023674,0.818528,0.024315,0.573464,-2.736566,7.172153,42.199581,0.000466,0.933956,0.023862,0.35659,-4.800984,2.222265,-14.333116,-0.023674,0.818528,0.024315,0.573464,11.305219,1.863858,37.16441
1074,8.95,-0.046848,0.869556,0.050212,0.489035,-1.8602,88.067642,20.346977,-0.039029,0.866441,0.140932,0.477383,-2.897315,95.934814,20.676611,-0.015593,0.873556,0.086162,0.478784,-6.681482,113.850929,24.55015,0.107391,0.937571,-0.053579,0.32643,-9.170218,136.179916,27.625202,0.104195,0.965708,-0.197034,0.133151,-4.458551,150.429489,25.656336,-0.064626,0.822364,0.157174,0.542989,-11.25034,130.932953,23.960131,0.317296,-0.599351,0.150647,-0.71931,-17.965452,132.008713,8.701688,0.226554,-0.041788,-0.346845,-0.90919,-12.144584,117.29277,-10.193682,0.255911,0.124499,-0.552321,-0.78355,6.599572,132.46283,-15.975287,-0.070392,0.923246,0.194201,0.323957,-7.059638,130.504913,30.459999,0.399375,0.852136,0.261116,-0.214902,5.973792,130.57428,40.909637,-0.041312,0.265296,0.541186,-0.796887,20.481865,116.564522,26.742094,-0.00475,0.09935,0.54806,-0.830504,13.396361,139.480179,16.945148,0.039353,0.870149,0.148841,0.468122,-6.870489,87.754196,12.064036,0.120723,0.924416,0.006156,0.361723,-4.314206,53.391689,1.391196,0.000524,0.933988,0.023861,0.356507,-14.572711,7.864791,-3.23848,-0.046362,0.8526,-0.042669,0.518752,3.150088,88.381081,28.629917,0.009899,0.829593,-0.124913,0.544128,4.404982,52.594994,32.989647,-0.022968,0.818547,0.024651,0.573451,-2.740362,7.170254,42.204075,0.000524,0.933988,0.023861,0.356507,-4.796386,2.218522,-14.340096,-0.022968,0.818547,0.024651,0.573451,11.29686,1.858,37.160358
1075,8.958333,-0.04679,0.869468,0.049977,0.489223,-1.871103,88.068405,20.355658,-0.03915,0.866364,0.140522,0.477635,-2.90568,95.936043,20.682283,-0.015335,0.873461,0.086066,0.478983,-6.687977,113.857796,24.539953,0.10735,0.93759,-0.053491,0.326403,-9.165125,136.187897,27.616266,0.104788,0.965581,-0.197527,0.132872,-4.455492,150.4384,25.649239,-0.064578,0.822065,0.157028,0.54349,-11.2468,130.942505,23.949837,0.317267,-0.599046,0.15014,-0.719683,-17.943932,132.020203,8.683631,0.22637,-0.041043,-0.347071,-0.909183,-12.097569,117.325104,-10.220088,0.255641,0.125407,-0.552326,-0.78349,6.642155,132.514252,-15.967548,-0.070298,0.923224,0.194105,0.324096,-7.058928,130.511398,30.451334,0.399386,0.852218,0.260799,-0.214939,5.971933,130.577972,40.904194,-0.040792,0.264349,0.540916,-0.797412,20.478798,116.563271,26.740313,-0.004164,0.097779,0.547288,-0.831202,13.353172,139.470062,16.961533,0.039359,0.870095,0.148886,0.468209,-6.877948,87.753967,12.070671,0.120712,0.924,0.006033,0.362789,-4.319411,53.392445,1.395184,0.000483,0.933963,0.023836,0.356574,-14.575802,7.865143,-3.235219,-0.046425,0.85243,-0.042393,0.519048,3.135741,88.382843,28.640646,0.009835,0.829472,-0.124925,0.54431,4.40333,52.595486,32.986229,-0.023287,0.818585,0.024418,0.573393,-2.739729,7.170921,42.203323,0.000483,0.933963,0.023836,0.356574,-4.797564,2.218582,-14.335005,-0.023287,0.818585,0.024418,0.573393,11.298305,1.858485,37.162045
1076,8.966667,-0.046722,0.869368,0.049745,0.48943,-1.878432,88.071945,20.361591,-0.039392,0.866247,0.140229,0.477912,-2.910348,95.940048,20.685295,-0.015007,0.873353,0.085972,0.479205,-6.69709,113.866615,24.528633,0.107682,0.937474,-0.053842,0.326571,-9.160013,136.197906,27.607784,0.104783,0.96554,-0.197669,0.132969,-4.437466,150.443405,25.635427,-0.064854,0.821575,0.157199,0.544148,-11.243737,130.954605,23.939524,0.316867,-0.598757,0.150028,-0.720123,-17.915758,132.032349,8.662333,0.225914,-0.040283,-0.347279,-0.909251,-12.050651,117.354309,-10.248825,0.255405,0.126279,-0.552267,-0.783469,6.684694,132.563202,-15.956521,-0.070128,0.92324,0.193815,0.324263,-7.059021,130.51944,30.442774,0.399165,0.852486,0.260092,-0.215146,5.969029,130.582855,40.899151,-0.040623,0.263522,0.540326,-0.798094,20.480207,116.567337,26.740503,-0.003707,0.097012,0.546843,-0.831587,13.29858,139.465805,16.980209,0.039282,0.869788,0.149101,0.468716,-6.881465,87.756737,12.074333,0.120739,0.924334,0.006086,0.361928,-4.304525,53.399406,1.389776,0.000527,0.934044,0.023566,0.35638,-14.565742,7.872784,-3.236584,-0.046473,0.8523,-0.042384,0.519257,3.124602,88.387146,28.648848,0.00982,0.829538,-0.124766,0.544246,4.394427,52.600052,32.995949,-0.023446,0.818576,0.024292,0.573405,-2.738611,7.171726,42.202271,0.000527,0.934044,0.023566,0.35638,-4.793709,2.218346,-14.337821,-0.023446,0.818576,0.024292,0.573405,11.300245,1.858938,37.163666
1077,8.975,-0.04676,0.869261,0.049619,0.489629,-1.887337,88.074844,20.36875,-0.039284,0.866214,0.140009,0.478045,-2.918876,95.943092,20.690195,-0.014992,0.873316,0.085687,0.479324,-6.699239,113.874199,24.528387,0.108102,0.937381,-0.054,0.326674,-9.155791,136.207718,27.596346,0.104839,0.965508,-0.197836,0.132907,-4.419909,150.448853,25.624456,-0.064923,0.821188,0.157248,0.544709,-11.240278,130.963348,23.93005,0.315855,-0.598322,0.150505,-0.720829,-17.8916,132.043869,8.644031,0.225063,-0.039731,-0.347399,-0.909441,-12.007926,117.380295,-10.272573,0.255027,0.127167,-0.552269,-0.783447,6.72737,132.60733,-15.943021,-0.070011,0.92321,0.193706,0.324437,-7.057319,130.529922,30.434549,0.399171,0.852619,0.259782,-0.214982,5.967512,130.589706,40.894958,-0.039835,0.262716,0.540134,-0.798529,20.481905,116.565918,26.747814,-0.003028,0.094737,0.545886,-0.832481,13.269681,139.44928,16.995388,0.03927,0.869669,0.149136,0.468927,-6.886539,87.758102,12.079239,0.12076,0.924385,0.006117,0.361791,-4.305056,53.401459,1.393575,0.000634,0.93401,0.023615,0.356466,-14.567675,7.875335,-3.234622,-0.046523,0.85211,-0.042222,0.519579,3.111864,88.391586,28.658258,0.009736,0.82927,-0.12471,0.544668,4.389225,52.60384,32.997791,-0.023743,0.818551,0.024164,0.573434,-2.739159,7.174057,42.200512,0.000634,0.93401,0.023615,0.356466,-4.794596,2.221123,-14.335052,-0.023743,0.818551,0.024164,0.573434,11.301983,1.863266,37.166172
1078,8.983333,-0.046747,0.869136,0.04953,0.489862,-1.890113,88.077873,20.373619,-0.039279,0.866103,0.139697,0.478339,-2.920868,95.946281,20.693661,-0.014903,0.873174,0.085585,0.479604,-6.697011,113.881393,24.520954,0.10833,0.937284,-0.054198,0.326843,-9.148818,136.215836,27.58609,0.104946,0.965471,-0.197957,0.132912,-4.404248,150.453781,25.612101,-0.065004,0.82091,0.157263,0.545115,-11.232616,130.971863,23.918829,0.315597,-0.597938,0.150474,-0.721268,-17.868803,132.053177,8.626288,0.224824,-0.038995,-0.347651,-0.909436,-11.961982,117.401054,-10.291987,0.254957,0.128226,-0.552175,-0.783363,6.767107,132.647675,-15.927818,-0.069926,0.923167,0.193499,0.324701,-7.053767,130.537582,30.425915,0.399044,0.85287,0.25909,-0.215055,5.965729,130.5952,40.892979,-0.03941,0.262082,0.539722,-0.799037,20.483572,116.565392,26.755329,-0.002523,0.09347,0.545574,-0.83283,13.231568,139.437286,17.01017,0.039265,0.869744,0.148923,0.468855,-6.884919,87.760834,12.081469,0.120782,0.924109,0.006171,0.362488,-4.311309,53.399582,1.408759,0.000471,0.933974,0.023663,0.356557,-14.570472,7.874024,-3.23262,-0.046543,0.85194,-0.04212,0.519864,3.104692,88.394913,28.66577,0.009696,0.829194,-0.124652,0.544798,4.385644,52.606678,33.000244,-0.02372,0.818521,0.024186,0.573476,-2.738111,7.175467,42.199516,0.000471,0.933974,0.023663,0.356557,-4.793228,2.222813,-14.330912,-0.02372,0.818521,0.024186,0.573476,11.303478,1.864835,37.166248
1079,8.991667,-0.046734,0.869033,0.049339,0.490065,-1.896079,88.079826,20.379253,-0.039222,0.865946,0.139251,0.478757,-2.925262,95.948555,20.696527,-0.014853,0.872938,0.085495,0.480052,-6.693415,113.888039,24.508835,0.10862,0.93714,-0.054374,0.327131,-9.142835,136.223251,27.570263,0.105031,0.965443,-0.198018,0.132957,-4.387662,150.457642,25.596151,-0.065082,0.820495,0.157549,0.545647,-11.224236,130.979568,23.901207,0.315039,-0.597564,0.150997,-0.721712,-17.840698,132.067642,8.6006,0.224432,-0.038194,-0.347811,-0.909505,-11.919644,117.415855,-10.313484,0.255041,0.129074,-0.552189,-0.783187,6.809264,132.682465,-15.909044,-0.069842,0.923107,0.193502,0.324887,-7.05202,130.544632,30.4125,0.398844,0.853157,0.258444,-0.215064,5.963824,130.598267,40.884125,-0.03891,0.261183,0.539195,-0.799711,20.489363,116.564514,26.758307,-0.001805,0.09249,0.546195,-0.832535,13.183779,139.424103,17.026499,0.039312,0.869477,0.14914,0.469279,-6.88705,87.761475,12.084846,0.120807,0.923995,0.005984,0.362773,-4.303749,53.405167,1.398569,0.000552,0.93399,0.023516,0.356525,-14.569974,7.879958,-3.230613,-0.046555,0.851816,-0.042014,0.520074,3.094892,88.398186,28.67366,0.009633,0.829074,-0.124609,0.544992,4.379505,52.60939,33.002426,-0.024712,0.81864,0.02367,0.573287,-2.739329,7.177058,42.199978,0.000552,0.93399,0.023516,0.356525,-4.795012,2.223827,-14.328408,-0.024712,0.81864,0.02367,0.573287,11.30588,1.870926,37.172073
1080,9.0,-0.046571,0.868912,0.048958,0.490332,-1.909479,88.08252,20.388391,-0.039254,0.865879,0.13912,0.478914,-2.93356,95.952072,20.701385,-0.014811,0.872899,0.085215,0.480174,-6.701569,113.89505,24.50878,0.108873,0.937026,-0.054993,0.327269,-9.143697,136.232468,27.559799,0.105235,0.965411,-0.197916,0.13318,-4.375399,150.460571,25.571983,-0.065018,0.820191,0.15722,0.546206,-11.226066,130.987961,23.892519,0.314797,-0.597188,0.151075,-0.722112,-17.822401,132.075378,8.583183,0.224417,-0.037357,-0.347916,-0.909503,-11.880378,117.430786,-10.329888,0.255342,0.129934,-0.552199,-0.782939,6.848134,132.711578,-15.888665,-0.069603,0.923118,0.193363,0.324991,-7.055648,130.554367,30.405054,0.398799,0.853305,0.258168,-0.214892,5.959063,130.601486,40.878113,-0.038454,0.260559,0.538849,-0.80017,20.490011,116.56163,26.763947,-0.001369,0.091701,0.546212,-0.832611,13.149601,139.408188,17.040106,0.039214,0.869334,0.149242,0.469519,-6.895666,87.763664,12.091128,0.120831,0.924056,0.006042,0.362606,-4.29975,53.408993,1.40262,0.000837,0.934005,0.023451,0.356488,-14.566835,7.884389,-3.230604,-0.04668,0.851788,-0.041819,0.520125,3.076707,88.401375,28.685654,0.009655,0.829205,-0.124521,0.544812,4.376038,52.61224,33.007187,-0.023754,0.81851,0.024153,0.573492,-2.737947,7.177886,42.19846,0.000837,0.934005,0.023451,0.356488,-4.79617,2.223536,-14.32977,-0.023754,0.81851,0.024153,0.573492,11.303939,1.867036,37.166271
1081,9.008333,-0.046534,0.868798,0.048774,0.490556,-1.914732,88.083038,20.392588,-0.039093,0.8657,0.138715,0.479367,-2.936954,95.952942,20.703081,-0.014824,0.872631,0.085067,0.480687,-6.694432,113.899925,24.498484,0.109413,0.936838,-0.055101,0.327609,-9.135651,136.23848,27.541996,0.105095,0.965419,-0.197984,0.133129,-4.350339,150.461502,25.558794,-0.064985,0.820019,0.157205,0.546473,-11.214809,130.993607,23.873398,0.315035,-0.596883,0.150823,-0.722313,-17.801567,132.083435,8.560111,0.224696,-0.036386,-0.347953,-0.909459,-11.837825,117.444061,-10.350166,0.25549,0.130909,-0.552234,-0.782704,6.890786,132.734314,-15.869637,-0.069574,0.923019,0.193306,0.325311,-7.052035,130.560547,30.390858,0.398664,0.853594,0.257481,-0.214823,5.955849,130.605087,40.87241,-0.037918,0.259949,0.538421,-0.800682,20.493582,116.557076,26.773342,-0.000711,0.090712,0.546675,-0.832416,13.113395,139.389938,17.052862,0.039104,0.869229,0.149309,0.469701,-6.896726,87.763374,12.092835,0.120846,0.924528,0.006267,0.361394,-4.289398,53.409534,1.404454,0.00075,0.934067,0.023219,0.356341,-14.556199,7.88553,-3.235301,-0.046628,0.851739,-0.041858,0.520206,3.067262,88.402695,28.692341,0.009597,0.829192,-0.124187,0.54491,4.361542,52.613449,33.014446,-0.023585,0.818302,0.024253,0.573792,-2.732025,7.171202,42.182457,0.00075,0.934067,0.023219,0.356341,-4.78901,2.219174,-14.334726,-0.023585,0.818302,0.024253,0.573792,11.312582,1.859939,37.158287
1082,9.016667,-0.046518,0.868672,0.048696,0.490788,-1.91912,88.08329,20.395712,-0.039017,0.865586,0.138437,0.47966,-2.940608,95.953331,20.704983,-0.014772,0.872487,0.084886,0.480981,-6.692163,113.904427,24.491932,0.109545,0.93676,-0.055191,0.327774,-9.128398,136.244446,27.528641,0.105298,0.965384,-0.198057,0.133118,-4.338043,150.465759,25.545338,-0.065082,0.819715,0.157286,0.546894,-11.206809,130.999359,23.859921,0.314815,-0.596569,0.151002,-0.722631,-17.777739,132.090897,8.539952,0.22463,-0.035602,-0.34795,-0.909508,-11.798178,117.454124,-10.367348,0.255585,0.13179,-0.55206,-0.782648,6.933367,132.753922,-15.850332,-0.069498,0.922968,0.19317,0.325554,-7.048399,130.566544,30.38018,0.398519,0.853881,0.256759,-0.214812,5.954558,130.608551,40.867851,-0.037417,0.259401,0.537997,-0.801168,20.498201,116.5532,26.782204,-3e-06,0.089728,0.546674,-0.832524,13.080123,139.372864,17.063704,0.039027,0.869279,0.149167,0.469659,-6.89673,87.763489,12.093335,0.120842,0.924721,0.006476,0.360897,-4.28995,53.406151,1.416072,0.000765,0.934083,0.023287,0.356294,-14.551856,7.882312,-3.236106,-0.046661,0.851778,-0.041814,0.520143,3.05849,88.403091,28.698086,0.00955,0.829072,-0.124124,0.545108,4.356796,52.613796,33.018593,-0.023556,0.818254,0.024327,0.573858,-2.732058,7.16998,42.18251,0.000765,0.934083,0.023287,0.356294,-4.785652,2.217715,-14.337293,-0.023556,0.818254,0.024327,0.573858,11.31354,1.86002,37.15974
1083,9.025,-0.046512,0.868588,0.048566,0.490952,-1.924253,88.08535,20.401098,-0.038955,0.865494,0.138105,0.479926,-2.944701,95.955605,20.708437,-0.014682,0.872353,0.08474,0.481253,-6.689587,113.910568,24.484917,0.11,0.936627,-0.055202,0.327998,-9.120028,136.251831,27.517139,0.105262,0.965343,-0.198282,0.133105,-4.316283,150.469421,25.539536,-0.064849,0.819561,0.156989,0.547238,-11.198052,131.006943,23.847906,0.314629,-0.596225,0.151215,-0.722951,-17.757427,132.101578,8.523208,0.224562,-0.035009,-0.347882,-0.909574,-11.760823,117.46563,-10.379333,0.255544,0.132497,-0.55187,-0.782676,6.973991,132.769257,-15.833455,-0.069457,0.922907,0.19297,0.325854,-7.043643,130.573608,30.370682,0.397823,0.854927,0.253755,-0.215512,5.952981,130.614441,40.866207,-0.037807,0.259693,0.537141,-0.80163,20.509104,116.54483,26.807705,0.000875,0.088809,0.546329,-0.832848,13.04827,139.356567,17.076242,0.039024,0.869102,0.149281,0.469951,-6.898774,87.764648,12.096904,0.120855,0.924684,0.006402,0.360989,-4.284303,53.409725,1.413722,0.000845,0.934085,0.023197,0.356295,-14.549414,7.886106,-3.233535,-0.046767,0.851641,-0.041641,0.520372,3.050268,88.406052,28.705294,0.00958,0.829172,-0.124296,0.544914,4.360455,52.616428,33.019508,-0.023645,0.818461,0.024054,0.573571,-2.73743,7.176691,42.19664,0.000845,0.934085,0.023197,0.356295,-4.784466,2.218181,-14.334127,-0.023645,0.818461,0.024054,0.573571,11.303832,1.861563,37.167213
1084,9.033333,-0.046636,0.86845,0.048648,0.491174,-1.919173,88.089806,20.403873,-0.039249,0.865354,0.137835,0.480233,-2.942048,95.959755,20.711105,-0.014367,0.872223,0.084675,0.481509,-6.693247,113.917831,24.472614,0.110184,0.936555,-0.055332,0.32812,-9.110732,136.26001,27.508446,0.105446,0.965305,-0.198373,0.1331,-4.300319,150.47522,25.529892,-0.064856,0.819374,0.156788,0.547575,-11.190253,131.017273,23.836985,0.314557,-0.595908,0.15136,-0.723213,-17.737289,132.110199,8.506889,0.224527,-0.034407,-0.347832,-0.909625,-11.724221,117.474174,-10.390362,0.255472,0.133129,-0.551668,-0.782734,7.013785,132.782715,-15.816047,-0.069396,0.922874,0.19278,0.326074,-7.039533,130.579803,30.361834,0.397744,0.855109,0.25343,-0.215317,5.952577,130.619339,40.862953,-0.037355,0.259219,0.536708,-0.802094,20.51593,116.543579,26.81809,0.001453,0.088282,0.54552,-0.833434,13.019776,139.338608,17.088627,0.039098,0.869026,0.149271,0.470089,-6.889228,87.768127,12.097045,0.120875,0.924763,0.006381,0.360781,-4.278039,53.413425,1.41236,0.000982,0.934091,0.023167,0.356281,-14.546522,7.890222,-3.231469,-0.046726,0.851448,-0.041595,0.520695,3.050883,88.411484,28.710703,0.009503,0.828937,-0.124243,0.545286,4.358616,52.621304,33.021042,-0.023399,0.818383,0.024231,0.573685,-2.734632,7.180196,42.194946,0.000982,0.934091,0.023167,0.356281,-4.783555,2.220054,-14.332661,-0.023399,0.818383,0.024231,0.573685,11.306844,1.865171,37.166012
1085,9.041667,-0.046636,0.86835,0.048569,0.491359,-1.922256,88.092735,20.407393,-0.039268,0.865256,0.137575,0.480482,-2.944582,95.962799,20.713314,-0.014087,0.872122,0.08448,0.481734,-6.693435,113.926186,24.465767,0.110624,0.93646,-0.054873,0.32832,-9.096389,136.270218,27.499481,0.105253,0.96524,-0.198891,0.132951,-4.277387,150.485046,25.539312,-0.065058,0.819274,0.156636,0.547744,-11.177995,131.028793,23.827332,0.314907,-0.595666,0.151017,-0.723332,-17.71796,132.114517,8.493712,0.224903,-0.033719,-0.347743,-0.909591,-11.685571,117.483307,-10.401091,0.255617,0.133786,-0.551405,-0.78276,7.055501,132.79245,-15.800595,-0.069461,0.922829,0.192461,0.326375,-7.030507,130.588669,30.354059,0.397806,0.855221,0.253251,-0.214969,5.954742,130.631638,40.86364,-0.036546,0.258688,0.536335,-0.802552,20.523037,116.544815,26.835012,0.00223,0.087548,0.544608,-0.834106,12.993282,139.321167,17.099987,0.039021,0.86896,0.14931,0.470205,-6.888793,87.770554,12.09848,0.120946,0.924784,0.006374,0.360701,-4.270064,53.416252,1.414369,0.001135,0.934088,0.023102,0.356294,-14.545311,7.894662,-3.230334,-0.046733,0.851328,-0.041525,0.520895,3.04428,88.414909,28.716305,0.00943,0.828705,-0.12416,0.545658,4.354098,52.624363,33.022961,-0.023497,0.818336,0.024193,0.573749,-2.733358,7.181189,42.191105,0.001135,0.934088,0.023102,0.356294,-4.784001,2.221105,-14.331245,-0.023497,0.818336,0.024193,0.573749,11.309569,1.866945,37.165405
1086,9.05,-0.046599,0.868235,0.048465,0.491576,-1.925071,88.093269,20.409771,-0.039125,0.865127,0.137384,0.480781,-2.946154,95.963547,20.714302,-0.014188,0.871948,0.084294,0.482078,-6.687854,113.927292,24.461596,0.110565,0.936388,-0.055192,0.328491,-9.091931,136.272614,27.484863,0.105734,0.965206,-0.198739,0.133045,-4.271001,150.485657,25.516384,-0.064941,0.819132,0.156472,0.548016,-11.170937,131.029922,23.813078,0.314605,-0.595302,0.151237,-0.723718,-17.701452,132.117554,8.475566,0.22487,-0.033139,-0.347521,-0.909706,-11.650934,117.490173,-10.416412,0.255684,0.13444,-0.551046,-0.782879,7.10108,132.798874,-15.787235,-0.069321,0.92283,0.19217,0.326572,-7.028626,130.592056,30.343243,0.397504,0.855535,0.252902,-0.21469,5.952969,130.632614,40.857349,-0.035966,0.258258,0.535765,-0.803097,20.53904,116.545227,26.847792,0.002955,0.086765,0.543969,-0.834602,12.967234,139.301117,17.107626,0.039015,0.868873,0.149338,0.470357,-6.887542,87.771042,12.098433,0.120947,0.924839,0.006405,0.36056,-4.265548,53.41732,1.413249,0.001251,0.93411,0.023091,0.356237,-14.540456,7.895774,-3.232637,-0.046772,0.851296,-0.041485,0.520948,3.0374,88.415497,28.721111,0.009431,0.828792,-0.124122,0.545535,4.350813,52.624966,33.026817,-0.02368,0.818378,0.024109,0.573685,-2.733433,7.1809,42.193024,0.001251,0.93411,0.023091,0.356237,-4.78183,2.220734,-14.335151,-0.02368,0.818378,0.024109,0.573685,11.309874,1.867744,37.167229
1087,9.058333,-0.046538,0.868149,0.048307,0.49175,-1.929442,88.093407,20.412271,-0.039089,0.865026,0.137207,0.481016,-2.948518,95.96402,20.714909,-0.014166,0.871834,0.084044,0.482329,-6.687138,113.930687,24.456482,0.110393,0.936318,-0.055548,0.328689,-9.085755,136.277954,27.469767,0.106142,0.965152,-0.198578,0.133351,-4.265532,150.489807,25.491035,-0.064948,0.818914,0.156324,0.548384,-11.164406,131.0345,23.798864,0.314481,-0.594986,0.151395,-0.723998,-17.681414,132.121628,8.455571,0.22496,-0.032562,-0.347364,-0.909764,-11.61475,117.495026,-10.431835,0.255866,0.134995,-0.55071,-0.782961,7.144597,132.80397,-15.776525,-0.069154,0.922832,0.191882,0.326772,-7.02584,130.597839,30.331486,0.39723,0.855979,0.251884,-0.214623,5.952171,130.635117,40.850029,-0.035736,0.258105,0.535161,-0.803559,20.550362,116.538963,26.861912,0.003556,0.086195,0.542994,-0.835294,12.940836,139.279587,17.114292,0.039605,0.868867,0.148964,0.470437,-6.888712,87.770943,12.09903,0.120166,0.925228,0.006708,0.359816,-4.31553,53.412521,1.417115,0.001123,0.934352,0.023617,0.355567,-14.517344,7.873699,-3.220518,-0.046816,0.851145,-0.041385,0.521199,3.029828,88.415871,28.725512,0.009405,0.828806,-0.124099,0.545519,4.348436,52.62505,33.027191,-0.023354,0.818374,0.024189,0.573701,-2.732465,7.180399,42.193104,0.001123,0.934352,0.023617,0.355567,-4.770796,2.214756,-14.341843,-0.023354,0.818374,0.024189,0.573701,11.308546,1.86358,37.164768
1088,9.066667,-0.046483,0.868036,0.048225,0.491964,-1.931503,88.092529,20.413824,-0.038951,0.864905,0.137015,0.4813,-2.949263,95.963356,20.715515,-0.014251,0.871675,0.083826,0.482653,-6.681785,113.935005,24.452868,0.110641,0.936196,-0.055551,0.328953,-9.080129,136.283829,27.454836,0.10637,0.965095,-0.198679,0.133434,-4.252133,150.493622,25.480192,-0.064843,0.818767,0.156025,0.548701,-11.156658,131.039017,23.784641,0.314211,-0.594635,0.151689,-0.724341,-17.662512,132.125534,8.436563,0.224915,-0.032171,-0.347156,-0.909869,-11.579662,117.499199,-10.445851,0.255872,0.135476,-0.550386,-0.783103,7.18867,132.805389,-15.770147,-0.069151,0.922773,0.191758,0.327013,-7.022957,130.604706,30.320498,0.397062,0.856359,0.250912,-0.214554,5.949794,130.641556,40.845535,-0.035239,0.257855,0.534727,-0.80395,20.556028,116.533913,26.877415,0.004436,0.085242,0.542353,-0.835803,12.915659,139.26062,17.120218,0.039617,0.868681,0.148954,0.470782,-6.886809,87.770508,12.098202,0.120184,0.925308,0.006746,0.359605,-4.310498,53.411942,1.417494,0.001,0.934383,0.023512,0.355492,-14.513597,7.873565,-3.221689,-0.046863,0.851162,-0.041388,0.521167,3.023804,88.414551,28.729448,0.009423,0.82885,-0.124023,0.54547,4.345389,52.624058,33.033005,-0.023312,0.818355,0.024256,0.573727,-2.732464,7.177684,42.192734,0.001,0.934383,0.023512,0.355492,-4.767896,2.213012,-14.342939,-0.023312,0.818355,0.024256,0.573727,11.308887,1.861767,37.164383
1089,9.075,-0.046469,0.867927,0.04808,0.492171,-1.93422,88.094269,20.417456,-0.038901,0.864823,0.136825,0.481505,-2.950733,95.96534,20.717012,-0.014192,0.871585,0.083639,0.482848,-6.678564,113.936363,24.44784,0.110733,0.936133,-0.055638,0.329085,-9.071177,136.286682,27.443266,0.10664,0.965047,-0.198727,0.133492,-4.239374,150.495071,25.468016,-0.06485,0.818603,0.155923,0.548973,-11.147795,131.041611,23.773491,0.313944,-0.594264,0.151894,-0.724719,-17.643612,132.127838,8.421153,0.224959,-0.031805,-0.346982,-0.909937,-11.542088,117.504951,-10.457892,0.25608,0.135906,-0.550075,-0.78318,7.232611,132.807892,-15.764374,-0.069183,0.922737,0.191563,0.32722,-7.016998,130.607635,30.311203,0.396842,0.856635,0.250506,-0.214336,5.95108,130.646194,40.841984,-0.034565,0.257469,0.534136,-0.804496,20.570539,116.535446,26.890846,0.005176,0.084702,0.541705,-0.836274,12.888171,139.240021,17.123966,0.039592,0.868579,0.149031,0.470949,-6.885599,87.771385,12.09953,0.120204,0.9253,0.00669,0.359619,-4.302993,53.414333,1.415481,0.001096,0.93441,0.023449,0.355424,-14.509684,7.876346,-3.219635,-0.046896,0.851006,-0.041272,0.521427,3.017159,88.417152,28.735382,0.0094,0.828833,-0.124012,0.545499,4.343815,52.626205,33.033489,-0.023597,0.818395,0.024049,0.573668,-2.731973,7.179517,42.193268,0.001096,0.93441,0.023449,0.355424,-4.766919,2.213066,-14.342068,-0.023597,0.818395,0.024049,0.573668,11.310005,1.863458,37.166824
1090,9.083333,-0.046482,0.867849,0.048008,0.492314,-1.935092,88.095764,20.420677,-0.038862,0.864716,0.136613,0.48176,-2.951269,95.966919,20.71899,-0.014148,0.871443,0.08346,0.483138,-6.674798,113.93837,24.442329,0.111025,0.935999,-0.055871,0.329329,-9.062744,136.290085,27.43091,0.106677,0.965026,-0.198711,0.133635,-4.219926,150.494476,25.45377,-0.064793,0.818465,0.155814,0.549216,-11.138556,131.044769,23.761051,0.313705,-0.593992,0.151986,-0.725026,-17.625704,132.132126,8.405125,0.225051,-0.031427,-0.346667,-0.910047,-11.509604,117.514862,-10.473569,0.256244,0.136293,-0.549743,-0.783292,7.276985,132.809448,-15.761169,-0.06923,0.922723,0.191292,0.327408,-7.012074,130.611115,30.301512,0.396625,0.856957,0.249898,-0.214162,5.951676,130.652863,40.837608,-0.033743,0.256943,0.533658,-0.805016,20.583305,116.536423,26.904995,0.006478,0.083774,0.541204,-0.836683,12.861329,139.221252,17.13056,0.039573,0.868471,0.14908,0.471134,-6.883723,87.772194,12.101141,0.120217,0.925315,0.006675,0.359577,-4.295998,53.41608,1.415303,0.001174,0.934429,0.023467,0.355375,-14.504486,7.878363,-3.218493,-0.046934,0.850789,-0.041156,0.521787,3.013539,88.419327,28.740211,0.009354,0.828679,-0.124008,0.545734,4.345062,52.627945,33.033154,-0.023052,0.818325,0.024461,0.573771,-2.729544,7.181093,42.19297,0.001174,0.934429,0.023467,0.355375,-4.763675,2.214791,-14.342484,-0.023052,0.818325,0.024461,0.573771,11.311218,1.865711,37.162422
1091,9.091667,-0.046509,0.867782,0.047939,0.492437,-1.936315,88.096771,20.423777,-0.038674,0.864642,0.136288,0.482001,-2.952379,95.967995,20.720774,-0.014189,0.871302,0.083386,0.483404,-6.664679,113.941368,24.435862,0.111199,0.935903,-0.056035,0.329515,-9.053509,136.29361,27.419901,0.106832,0.964993,-0.198745,0.133702,-4.203739,150.495407,25.441193,-0.064825,0.818211,0.15573,0.549616,-11.127308,131.047867,23.749504,0.313461,-0.593849,0.152099,-0.725225,-17.599648,132.135422,8.387342,0.225167,-0.031064,-0.346346,-0.910153,-11.476865,117.52198,-10.492149,0.256489,0.136632,-0.549539,-0.783296,7.321743,132.807632,-15.76193,-0.069237,0.922669,0.190987,0.327737,-7.004824,130.614944,30.292534,0.396274,0.857322,0.249253,-0.214101,5.951693,130.65802,40.837524,-0.033058,0.256597,0.533092,-0.80553,20.598307,116.541718,26.920525,0.007563,0.082952,0.540493,-0.837215,12.837052,139.204041,17.135298,0.03952,0.868381,0.149184,0.471271,-6.882548,87.772247,12.102851,0.120633,0.924999,0.006578,0.360251,-4.286208,53.418053,1.412934,0.001185,0.934125,0.023172,0.356191,-14.53006,7.889605,-3.233897,-0.046972,0.850654,-0.041024,0.522013,3.009917,88.421295,28.744701,0.009359,0.828545,-0.124036,0.545931,4.347608,52.629387,33.031376,-0.02356,0.818306,0.024223,0.573789,-2.73099,7.183182,42.191368,0.001185,0.934125,0.023172,0.356191,-4.771428,2.217521,-14.337921,-0.02356,0.818306,0.024223,0.573789,11.313182,1.870767,37.167202
1092,9.1,-0.046569,0.867712,0.047893,0.492558,-1.934535,88.098343,20.427555,-0.03863,0.864572,0.136081,0.482187,-2.951107,95.969543,20.723309,-0.01416,0.871209,0.083168,0.483608,-6.659225,113.945793,24.432001,0.111556,0.935801,-0.055891,0.329708,-9.042887,136.299713,27.407598,0.106854,0.964945,-0.198979,0.13368,-4.183968,150.499603,25.437725,-0.064953,0.817963,0.155761,0.549959,-11.116573,131.053345,23.738008,0.313193,-0.593823,0.152076,-0.725367,-17.575739,132.14032,8.370258,0.225307,-0.03074,-0.345775,-0.910347,-11.451112,117.534866,-10.514813,0.2566,0.136891,-0.549323,-0.783365,7.36928,132.802414,-15.766625,-0.069226,0.92261,0.190888,0.327965,-6.997135,130.621399,30.283022,0.395884,0.857716,0.248564,-0.214045,5.954452,130.66362,40.834068,-0.03235,0.256008,0.53249,-0.806144,20.617502,116.54818,26.933512,0.009152,0.082449,0.540101,-0.837502,12.807034,139.1931,17.143686,0.03952,0.868334,0.149222,0.471346,-6.878348,87.772545,12.10524,0.120356,0.925295,0.006612,0.359582,-4.279778,53.419186,1.413193,0.001206,0.934413,0.023348,0.355423,-14.502248,7.884529,-3.219877,-0.046963,0.850532,-0.040925,0.522222,3.009277,88.424133,28.74987,0.009349,0.828475,-0.124035,0.546038,4.349125,52.631577,33.030453,-0.023288,0.818269,0.02437,0.573847,-2.729871,7.185349,42.190029,0.001206,0.934413,0.023348,0.355423,-4.761164,2.217305,-14.341778,-0.023288,0.818269,0.02437,0.573847,11.313403,1.871819,37.164528
1093,9.108333,-0.046503,0.867624,0.047772,0.492732,-1.936936,88.095604,20.428204,-0.038514,0.864509,0.135877,0.482368,-2.951701,95.967087,20.722607,-0.014122,0.871125,0.083039,0.483784,-6.65373,113.948288,24.426712,0.11169,0.935717,-0.056109,0.329866,-9.033635,136.303223,27.397615,0.107044,0.964896,-0.199021,0.133823,-4.16848,150.500488,25.424103,-0.064914,0.817896,0.155527,0.550131,-11.107054,131.056717,23.728109,0.312536,-0.593526,0.152452,-0.725814,-17.560091,132.141464,8.357631,0.225173,-0.030734,-0.345351,-0.910541,-11.423694,117.543015,-10.529039,0.256783,0.13692,-0.54897,-0.783548,7.415459,132.798416,-15.775055,-0.069191,0.922577,0.190738,0.328153,-6.990242,130.624954,30.274788,0.395589,0.858039,0.247959,-0.213995,5.957381,130.666473,40.8307,-0.031706,0.255607,0.531883,-0.806697,20.632971,116.550171,26.944252,0.010006,0.081814,0.539623,-0.837862,12.779108,139.17392,17.145897,0.039413,0.868238,0.149356,0.471489,-6.877557,87.770012,12.103986,0.120715,0.925085,0.006513,0.360004,-4.265896,53.418934,1.407781,0.001349,0.934151,0.023151,0.356125,-14.520248,7.892275,-3.233469,-0.047039,0.850471,-0.040849,0.52232,3.003686,88.421196,28.752419,0.009436,0.828323,-0.123897,0.546298,4.350553,52.628696,33.031349,-0.02352,0.818063,0.024233,0.574136,-2.731037,7.179406,42.173691,0.001349,0.934151,0.023151,0.356125,-4.76509,2.217914,-14.339381,-0.02352,0.818063,0.024233,0.574136,11.317057,1.866616,37.160892
1094,9.116667,-0.046477,0.867564,0.047688,0.492848,-1.937666,88.092674,20.430405,-0.038654,0.864432,0.135665,0.482554,-2.951471,95.964325,20.723721,-0.013861,0.871056,0.082865,0.483945,-6.655612,113.950226,24.418371,0.11168,0.935667,-0.056444,0.329953,-9.021936,136.306808,27.387751,0.107268,0.964858,-0.198994,0.133956,-4.153644,150.50177,25.40546,-0.064979,0.817712,0.155472,0.550411,-11.09763,131.061508,23.717794,0.312216,-0.593068,0.152955,-0.726221,-17.540064,132.145325,8.342804,0.225182,-0.030879,-0.345252,-0.910572,-11.384465,117.542229,-10.534022,0.257,0.137004,-0.54859,-0.783729,7.458383,132.792679,-15.785879,-0.069536,0.922522,0.190676,0.328269,-6.983109,130.627319,30.265751,0.395576,0.858342,0.246883,-0.21405,5.96036,130.679291,40.826714,-0.03129,0.255444,0.531484,-0.807028,20.635296,116.546951,26.9559,0.010761,0.081308,0.53885,-0.838399,12.754541,139.15921,17.147064,0.039387,0.868126,0.149484,0.471657,-6.876117,87.766869,12.104909,0.120756,0.925119,0.006452,0.359904,-4.25637,53.418396,1.402303,0.001305,0.934233,0.022985,0.355919,-14.516753,7.892588,-3.233932,-0.047104,0.850493,-0.040749,0.522286,3.000785,88.41848,28.755898,0.009492,0.828423,-0.123926,0.546139,4.355584,52.625835,33.031075,-0.02343,0.818122,0.02422,0.574057,-2.730131,7.177329,42.174118,0.001305,0.934233,0.022985,0.355919,-4.766634,2.214152,-14.342183,-0.02343,0.818122,0.02422,0.574057,11.31609,1.862638,37.1581
1095,9.125,-0.046408,0.867543,0.04754,0.492905,-1.942955,88.091309,20.433512,-0.038237,0.864386,0.135418,0.482739,-2.954673,95.96328,20.725283,-0.014103,0.870925,0.082651,0.484211,-6.641394,113.951172,24.418613,0.112123,0.935527,-0.056588,0.330175,-9.013521,136.309052,27.373564,0.107255,0.964848,-0.199064,0.133934,-4.130991,150.499405,25.393242,-0.064975,0.817459,0.155829,0.550688,-11.085956,131.061264,23.705315,0.312003,-0.592908,0.153142,-0.726403,-17.51825,132.153778,8.326692,0.225335,-0.030819,-0.344905,-0.910667,-11.356131,117.5513,-10.548493,0.257178,0.137171,-0.548415,-0.783763,7.499571,132.788773,-15.796775,-0.069605,0.922484,0.190775,0.328304,-6.975537,130.631577,30.256144,0.395225,0.858717,0.246226,-0.21395,5.96685,130.684265,40.818432,-0.030995,0.255261,0.530809,-0.807541,20.657572,116.551331,26.964951,0.011513,0.08106,0.537178,-0.839486,12.735441,139.143524,17.148575,0.039305,0.868032,0.149647,0.471786,-6.880437,87.765335,12.107447,0.120786,0.925164,0.006433,0.359778,-4.248337,53.419918,1.398089,0.002326,0.934186,0.023017,0.356036,-14.512573,7.894769,-3.236091,-0.047174,0.850415,-0.040645,0.522415,2.994527,88.417282,28.759579,0.009464,0.828561,-0.123899,0.545937,4.356931,52.624504,33.031246,-0.023674,0.818152,0.023989,0.574013,-2.72293,7.175312,42.175404,0.002326,0.934186,0.023017,0.356036,-4.770918,2.206654,-14.346819,-0.023674,0.818152,0.023989,0.574013,11.323588,1.859182,37.161736
1096,9.133333,-0.046412,0.867476,0.047502,0.493027,-1.942398,88.090042,20.436413,-0.03814,0.864311,0.135199,0.482942,-2.953912,95.962067,20.727484,-0.014135,0.870811,0.082519,0.484437,-6.634852,113.954437,24.415211,0.112413,0.935408,-0.056807,0.330375,-9.006107,136.313263,27.363686,0.107299,0.964809,-0.199171,0.13402,-4.112914,150.499695,25.38158,-0.064912,0.81726,0.155696,0.551028,-11.077221,131.06485,23.695608,0.311735,-0.592758,0.153263,-0.726615,-17.497265,132.158813,8.311972,0.225506,-0.030837,-0.344443,-0.9108,-11.328198,117.560539,-10.564182,0.25754,0.136984,-0.54786,-0.784065,7.545833,132.78096,-15.811936,-0.069604,0.922458,0.190724,0.328406,-6.970207,130.636246,30.248646,0.394792,0.859146,0.245421,-0.213953,5.969949,130.688766,40.813663,-0.030716,0.255131,0.530146,-0.808029,20.677513,116.557381,26.976484,0.01222,0.08067,0.536196,-0.840141,12.716044,139.13002,17.150991,0.039306,0.868033,0.149708,0.471764,-6.877549,87.763802,12.108977,0.120498,0.925578,0.006496,0.358807,-4.243672,53.419704,1.395837,0.001445,0.934538,0.023036,0.355115,-14.485994,7.888103,-3.223381,-0.047311,0.850342,-0.040347,0.522543,2.992753,88.416275,28.763849,0.009542,0.828585,-0.124215,0.545827,4.374143,52.622692,33.022655,-0.023495,0.8183,0.024075,0.573807,-2.726722,7.181006,42.187794,0.001445,0.934538,0.023036,0.355115,-4.756133,2.209866,-14.349486,-0.023495,0.8183,0.024075,0.573807,11.316176,1.86386,37.165062
1097,9.141667,-0.046538,0.867408,0.047582,0.493126,-1.936173,88.091721,20.438889,-0.038082,0.864229,0.134982,0.483155,-2.950079,95.96344,20.72995,-0.014093,0.87069,0.082421,0.484673,-6.62622,113.958443,24.411045,0.112542,0.935328,-0.056998,0.330524,-8.994469,136.318054,27.355951,0.107392,0.964774,-0.199268,0.134054,-4.09542,150.502045,25.370867,-0.064865,0.817124,0.155657,0.551246,-11.064728,131.069672,23.687338,0.311759,-0.592877,0.152885,-0.726587,-17.476936,132.165619,8.300575,0.225913,-0.030746,-0.343772,-0.910955,-11.309123,117.578575,-10.584661,0.257841,0.13676,-0.547432,-0.784304,7.588981,132.772446,-15.828222,-0.069658,0.922447,0.190569,0.328516,-6.961236,130.64093,30.242569,0.39451,0.859417,0.244906,-0.213975,5.976258,130.696075,40.810833,-0.030211,0.254684,0.529655,-0.80851,20.694286,116.566193,26.983261,0.013186,0.080157,0.535619,-0.840543,12.694112,139.124115,17.155474,0.039282,0.868039,0.149824,0.471719,-6.86919,87.76429,12.110236,0.120914,0.925374,0.006377,0.359197,-4.230381,53.422554,1.390719,0.001491,0.934263,0.022759,0.355855,-14.510289,7.900229,-3.236437,-0.047262,0.850274,-0.04032,0.522661,2.996845,88.419151,28.767542,0.009563,0.828428,-0.12404,0.546105,4.375709,52.625084,33.023003,-0.023771,0.81809,0.023979,0.574098,-2.720915,7.179358,42.171383,0.001491,0.934263,0.022759,0.355855,-4.764727,2.213631,-14.34451,-0.023771,0.81809,0.023979,0.574098,11.32746,1.864677,37.161392
1098,9.15,-0.046432,0.867343,0.047528,0.493256,-1.939689,88.091293,20.440626,-0.038009,0.864179,0.134692,0.48333,-2.951771,95.963249,20.73163,-0.013966,0.87061,0.082367,0.484828,-6.621435,113.962914,24.404493,0.112782,0.935266,-0.057049,0.330609,-8.984018,136.32309,27.349699,0.107468,0.964726,-0.199511,0.133975,-4.077656,150.504776,25.366194,-0.064546,0.817005,0.155291,0.551563,-11.054633,131.075485,23.680153,0.311484,-0.592828,0.152993,-0.726722,-17.456547,132.175308,8.289379,0.22603,-0.030967,-0.343212,-0.91113,-11.287506,117.592171,-10.598476,0.25781,0.136691,-0.547297,-0.784421,7.63049,132.762222,-15.848404,-0.069703,0.922413,0.190558,0.328609,-6.953412,130.645233,30.23671,0.394232,0.859711,0.24436,-0.21393,5.981837,130.701218,40.807716,-0.029817,0.254541,0.529132,-0.808913,20.711647,116.571091,26.992931,0.013928,0.079747,0.534162,-0.841497,12.679922,139.110199,17.155325,0.039199,0.867981,0.149941,0.471794,-6.870424,87.765297,12.110563,0.120977,0.925479,0.006367,0.358904,-4.221436,53.425621,1.386957,0.001356,0.934294,0.022609,0.355782,-14.508529,7.904711,-3.238176,-0.047371,0.850314,-0.040203,0.522596,2.991047,88.417282,28.770689,0.009665,0.828553,-0.124086,0.545903,4.381328,52.62328,33.022999,-0.023925,0.818121,0.023995,0.574047,-2.723287,7.178789,42.171333,0.001356,0.934294,0.022609,0.355782,-4.763798,2.215386,-14.345587,-0.023925,0.818121,0.023995,0.574047,11.325968,1.867165,37.160557
1099,9.158333,-0.046422,0.867323,0.04744,0.493301,-1.937191,88.088364,20.444954,-0.037998,0.864142,0.134435,0.483469,-2.948458,95.960464,20.734766,-0.013861,0.870545,0.082268,0.484965,-6.61487,113.968155,24.400211,0.112779,0.935301,-0.057019,0.330517,-8.971628,136.329193,27.343473,0.107877,0.964686,-0.199715,0.133635,-4.065947,150.511139,25.36017,-0.06439,0.81695,0.154951,0.551758,-11.042752,131.082016,23.67363,0.311754,-0.592783,0.152675,-0.726711,-17.438131,132.180954,8.280076,0.226585,-0.031107,-0.34268,-0.911187,-11.261625,117.602097,-10.608654,0.258085,0.136344,-0.546962,-0.784624,7.674488,132.747055,-15.868614,-0.069613,0.922416,0.190389,0.328717,-6.943549,130.650909,30.23139,0.394109,0.859794,0.244288,-0.213908,5.989741,130.705322,40.804802,-0.029284,0.253936,0.528664,-0.809428,20.724798,116.577759,26.992983,0.014807,0.079909,0.533563,-0.841847,12.651918,139.102524,17.159021,0.039093,0.867949,0.150207,0.471777,-6.867076,87.761749,12.114413,0.121045,0.926038,0.006494,0.357436,-4.202499,53.427242,1.378116,0.001574,0.934347,0.022478,0.355652,-14.498483,7.908046,-3.244103,-0.047442,0.850335,-0.039979,0.522572,2.992694,88.414978,28.775496,0.009745,0.828684,-0.124395,0.545632,4.395864,52.620159,33.016731,-0.023813,0.818325,0.023923,0.573763,-2.727766,7.183027,42.186787,0.001574,0.934347,0.022478,0.355652,-4.759813,2.212865,-14.353829,-0.023813,0.818325,0.023923,0.573763,11.316582,1.867646,37.166248
1100,9.166667,-0.046333,0.867286,0.047347,0.493383,-1.937921,88.084328,20.446907,-0.037942,0.864136,0.13415,0.483563,-2.947271,95.956711,20.73605,-0.013702,0.870521,0.082219,0.485021,-6.607614,113.969711,24.393555,0.112885,0.935292,-0.057108,0.330491,-8.957205,136.331314,27.338242,0.107944,0.964655,-0.199919,0.133495,-4.047924,150.511795,25.353384,-0.064448,0.816661,0.154946,0.552179,-11.029729,131.085098,23.667816,0.311106,-0.592527,0.153523,-0.727018,-17.409328,132.185181,8.267797,0.226389,-0.031664,-0.342378,-0.91133,-11.230694,117.596481,-10.612637,0.258273,0.135934,-0.546491,-0.784961,7.714807,132.72493,-15.891483,-0.069667,0.922379,0.190323,0.328846,-6.931289,130.652115,30.225933,0.393664,0.860169,0.243621,-0.213977,5.99891,130.707977,40.803116,-0.028958,0.253765,0.528004,-0.809924,20.749807,116.585831,27.002689,0.01549,0.079568,0.532606,-0.842472,12.636828,139.090485,17.160097,0.038992,0.867936,0.150344,0.471766,-6.86641,87.75843,12.115512,0.12115,0.925697,0.006262,0.358285,-4.190958,53.426327,1.374245,0.001591,0.934392,0.022364,0.355541,-14.499485,7.909238,-3.240739,-0.04753,0.850266,-0.039847,0.522687,2.990569,88.410225,28.778303,0.009821,0.828757,-0.124476,0.545501,4.403594,52.615253,33.014973,-0.024003,0.818434,0.023708,0.57361,-2.728687,7.180151,42.188377,0.001591,0.934392,0.022364,0.355541,-4.764107,2.210745,-14.351652,-0.024003,0.818434,0.023708,0.57361,11.314229,1.862777,37.165939
1101,9.175,-0.046319,0.867259,0.04725,0.493441,-1.938023,88.081436,20.450008,-0.037845,0.864083,0.133916,0.48373,-2.946441,95.953979,20.737871,-0.013552,0.870442,0.082006,0.485203,-6.600884,113.973045,24.389771,0.113299,0.935213,-0.056931,0.330604,-8.940463,136.336441,27.328953,0.107753,0.964629,-0.200298,0.133271,-4.021091,150.514801,25.353912,-0.064171,0.816679,0.154679,0.552261,-11.014212,131.090469,23.658831,0.31088,-0.592483,0.153778,-0.727096,-17.391983,132.193573,8.258276,0.226799,-0.031979,-0.341746,-0.911454,-11.214653,117.602409,-10.620667,0.258829,0.135674,-0.545885,-0.785245,7.751696,132.70047,-15.91392,-0.069598,0.922363,0.190201,0.328977,-6.918459,130.65683,30.218578,0.393862,0.860104,0.243607,-0.213892,6.009183,130.71106,40.798889,-0.028313,0.253164,0.527986,-0.810147,20.754152,116.580582,27.000641,0.01639,0.078894,0.531893,-0.842969,12.624436,139.08107,17.162741,0.038903,0.867986,0.150513,0.471627,-6.865419,87.754936,12.117992,0.121213,0.925831,0.006256,0.357917,-4.180275,53.426003,1.369008,0.001832,0.934364,0.022341,0.355615,-14.496172,7.910329,-3.243493,-0.047601,0.850279,-0.039736,0.522667,2.989372,88.407936,28.782022,0.009926,0.828898,-0.124524,0.545273,4.411002,52.612816,33.014519,-0.023931,0.818437,0.023739,0.573607,-2.729304,7.179031,42.188175,0.001832,0.934364,0.022341,0.355615,-4.761823,2.208712,-14.353703,-0.023931,0.818437,0.023739,0.573607,11.313096,1.861166,37.164833
1102,9.183333,-0.046217,0.86723,0.047166,0.49351,-1.940031,88.078018,20.450554,-0.03776,0.864001,0.13382,0.48391,-2.946416,95.950844,20.737972,-0.013491,0.870333,0.081941,0.485412,-6.598481,113.977745,24.388958,0.113681,0.935085,-0.057542,0.330729,-8.934938,136.341675,27.326363,0.107713,0.964634,-0.200264,0.133318,-3.99907,150.512604,25.339195,-0.064042,0.81661,0.153912,0.552591,-11.008046,131.096024,23.655451,0.310724,-0.592557,0.153742,-0.727112,-17.374182,132.190338,8.249455,0.227175,-0.032207,-0.341136,-0.911581,-11.200583,117.60379,-10.634277,0.25943,0.135181,-0.545148,-0.785644,7.785653,132.673187,-15.937567,-0.06941,0.922432,0.190105,0.32888,-6.915405,130.661774,30.217096,0.393597,0.860362,0.243084,-0.213936,6.01523,130.712021,40.793766,-0.028055,0.252965,0.527628,-0.81045,20.769575,116.582787,27.004284,0.01707,0.078501,0.531464,-0.843263,12.614878,139.073792,17.162796,0.038717,0.867911,0.150777,0.471697,-6.866287,87.75251,12.117826,0.121375,0.925948,0.006139,0.357562,-4.15953,53.428261,1.359314,0.001854,0.934393,0.022224,0.355545,-14.494986,7.91615,-3.24449,-0.047652,0.850312,-0.039681,0.522613,2.986224,88.403534,28.783279,0.009897,0.82869,-0.124548,0.545584,4.413324,52.608448,33.014236,-0.023946,0.818451,0.023842,0.573582,-2.729478,7.17518,42.188519,0.001854,0.934393,0.022224,0.355545,-4.763034,2.211086,-14.355028,-0.023946,0.818451,0.023842,0.573582,11.313387,1.860087,37.163544
1103,9.191667,-0.046343,0.867203,0.047185,0.493543,-1.934782,88.079712,20.45443,-0.037674,0.863934,0.133577,0.484104,-2.943047,95.952316,20.741085,-0.013428,0.870219,0.081798,0.485642,-6.588786,113.981926,24.385178,0.113916,0.935023,-0.057507,0.33083,-8.920403,136.347015,27.317759,0.107749,0.964613,-0.200453,0.133154,-3.978053,150.516235,25.334597,-0.063977,0.816449,0.153882,0.552845,-10.993142,131.101349,23.646658,0.31003,-0.592727,0.154375,-0.727135,-17.350191,132.198517,8.237116,0.227252,-0.032586,-0.340359,-0.911839,-11.196149,117.606773,-10.64899,0.259937,0.134753,-0.544642,-0.7859,7.817199,132.642593,-15.962942,-0.069286,0.922423,0.190017,0.32898,-6.903932,130.666992,30.210436,0.393482,0.860501,0.242868,-0.213833,6.025076,130.71376,40.789112,-0.027868,0.252872,0.527301,-0.810699,20.786037,116.583206,27.008062,0.016945,0.07804,0.531019,-0.843588,12.61206,139.061829,17.162918,0.038703,0.867906,0.151,0.471635,-6.860177,87.752327,12.121267,0.121471,0.926024,0.006021,0.357335,-4.145607,53.432858,1.34948,0.002182,0.934386,0.022234,0.35556,-14.494332,7.922787,-3.244693,-0.047651,0.85014,-0.039533,0.522904,2.990614,88.407097,28.787596,0.009936,0.82861,-0.124591,0.545696,4.421826,52.611149,33.009876,-0.023918,0.818406,0.023788,0.573649,-2.727384,7.178945,42.184456,0.002182,0.934386,0.022234,0.35556,-4.765629,2.214622,-14.356482,-0.023918,0.818406,0.023788,0.573649,11.315705,1.862059,37.161999
1104,9.2,-0.046425,0.867161,0.047196,0.493607,-1.932907,88.07943,20.455929,-0.03762,0.863894,0.133367,0.484237,-2.942422,95.951897,20.742018,-0.013281,0.870158,0.081685,0.485775,-6.583521,113.985275,24.380196,0.114106,0.934996,-0.057517,0.330839,-8.907295,136.351364,27.311281,0.107768,0.964601,-0.200638,0.132947,-3.959637,150.518982,25.329828,-0.063807,0.816357,0.153543,0.553095,-10.98107,131.106369,23.639824,0.309739,-0.592872,0.154636,-0.727085,-17.329617,132.203415,8.226765,0.227576,-0.032995,-0.339551,-0.912045,-11.188057,117.608955,-10.661307,0.260256,0.134361,-0.544278,-0.786114,7.852511,132.607529,-15.990824,-0.069184,0.922411,0.190009,0.32904,-6.893796,130.670685,30.204721,0.393119,0.860744,0.242731,-0.213678,6.034369,130.713959,40.784447,-0.027856,0.252861,0.526828,-0.81101,20.812706,116.590813,27.014435,0.017026,0.078138,0.53055,-0.843873,12.613419,139.055786,17.165579,0.038581,0.867899,0.151257,0.471576,-6.856932,87.750862,12.122003,0.121587,0.926094,0.005871,0.357117,-4.126657,53.436314,1.338529,0.002032,0.934432,0.022019,0.355454,-14.491436,7.928729,-3.244092,-0.047719,0.850151,-0.039381,0.522891,2.991117,88.40799,28.789858,0.010023,0.828569,-0.124695,0.545733,4.432342,52.611649,33.005417,-0.023708,0.818344,0.023937,0.573741,-2.729348,7.182035,42.183083,0.002032,0.934432,0.022019,0.355454,-4.764476,2.216203,-14.355166,-0.023708,0.818344,0.023937,0.573741,11.313855,1.865195,37.160896
1105,9.208333,-0.045667,0.867301,0.046904,0.493461,-1.961894,88.091866,20.46026,-0.037216,0.863886,0.132898,0.484411,-2.958664,95.965874,20.748476,-0.013184,0.87004,0.081575,0.486006,-6.57558,113.987946,24.375061,0.11449,0.93492,-0.057549,0.330916,-8.893897,136.35498,27.303341,0.107771,0.964617,-0.200701,0.132734,-3.935207,150.519241,25.32542,-0.063608,0.816208,0.153531,0.553341,-10.967448,131.110352,23.631224,0.309563,-0.59305,0.154974,-0.726943,-17.307737,132.214157,8.215252,0.228052,-0.033368,-0.338758,-0.912207,-11.181715,117.611084,-10.671208,0.26083,0.133937,-0.543661,-0.786423,7.884851,132.57193,-16.017078,-0.069195,0.922423,0.190102,0.328952,-6.883614,130.673889,30.19821,0.393,0.860874,0.242679,-0.213434,6.04645,130.717072,40.775612,-0.027765,0.252796,0.526666,-0.811139,20.834513,116.592995,27.017,0.017187,0.077982,0.530533,-0.843895,12.625355,139.051682,17.167255,0.03815,0.867614,0.151658,0.472007,-6.890077,87.77298,12.128416,0.121636,0.926316,0.005925,0.356523,-4.113662,53.464813,1.336413,0.002417,0.934494,0.021285,0.355333,-14.483729,7.958403,-3.245915,-0.048127,0.850145,-0.039022,0.52289,2.966289,88.410744,28.792105,0.01016,0.828726,-0.124793,0.54547,4.445997,52.615189,33.001007,-0.023739,0.818366,0.023752,0.573716,-2.728404,7.188115,42.181351,0.002417,0.934494,0.021285,0.355333,-4.767068,2.221642,-14.353516,-0.023739,0.818366,0.023752,0.573716,11.313661,1.867288,37.160202
1106,9.216667,-0.045622,0.86722,0.046858,0.493612,-1.960401,88.08876,20.459492,-0.037488,0.863832,0.132714,0.484537,-2.956241,95.962906,20.747253,-0.01286,0.870021,0.081531,0.486057,-6.579865,113.989548,24.363235,0.115027,0.934746,-0.058574,0.331039,-8.88459,136.357285,27.296846,0.107245,0.964763,-0.200013,0.133137,-3.901356,150.509827,25.29698,-0.063393,0.816092,0.153186,0.553633,-10.961162,131.114822,23.623333,0.309559,-0.593225,0.155102,-0.726774,-17.291555,132.219849,8.203377,0.228555,-0.033796,-0.337966,-0.912359,-11.17775,117.610954,-10.68253,0.261236,0.133502,-0.542835,-0.786933,7.913911,132.532745,-16.047438,-0.069,0.922447,0.189972,0.329,-6.877965,130.67424,30.190445,0.392932,0.861087,0.242131,-0.21332,6.05193,130.712585,40.768082,-0.028163,0.253213,0.526584,-0.811049,20.845036,116.580132,27.023491,0.016985,0.078192,0.530189,-0.844096,12.641469,139.041016,17.167133,0.03802,0.867507,0.151909,0.472134,-6.885779,87.770393,12.125967,0.121805,0.926294,0.005712,0.356525,-4.090965,53.46701,1.323521,0.002714,0.934509,0.021209,0.355296,-14.482543,7.964211,-3.245899,-0.048261,0.850285,-0.038896,0.52266,2.964977,88.40712,28.793018,0.010309,0.828883,-0.124888,0.545206,4.458809,52.611786,32.998829,-0.024078,0.81843,0.023429,0.573624,-2.729151,7.18725,42.181107,0.002714,0.934509,0.021209,0.355296,-4.770394,2.222288,-14.354782,-0.024078,0.81843,0.023429,0.573624,11.312932,1.864375,37.162174
1107,9.225,-0.045831,0.867133,0.046866,0.493745,-1.952888,88.090256,20.462036,-0.037449,0.863749,0.132575,0.484726,-2.95171,95.964088,20.748116,-0.012846,0.869917,0.081339,0.486275,-6.572505,113.992859,24.359718,0.115252,0.934664,-0.058697,0.331171,-8.873221,136.36203,27.285538,0.107356,0.964764,-0.199954,0.133134,-3.882239,150.51181,25.285471,-0.063334,0.81609,0.152895,0.553724,-10.949291,131.118973,23.612585,0.309307,-0.593325,0.155463,-0.726723,-17.276592,132.220688,8.191122,0.228969,-0.034186,-0.337256,-0.912504,-11.174156,117.605103,-10.693296,0.261928,0.132989,-0.542037,-0.78734,7.939617,132.491684,-16.074873,-0.068739,0.922455,0.189896,0.329078,-6.86937,130.679367,30.181799,0.392947,0.86123,0.241815,-0.213077,6.060031,130.710022,40.760063,-0.028281,0.253482,0.526532,-0.810994,20.857664,116.567947,27.03026,0.016885,0.07832,0.530244,-0.844051,12.658607,139.026306,17.166874,0.03812,0.867239,0.152396,0.47246,-6.875353,87.768661,12.126913,0.121867,0.926172,0.005292,0.356827,-4.065856,53.476524,1.292602,0.002911,0.934548,0.020835,0.355215,-14.475385,7.97472,-3.245797,-0.048272,0.850403,-0.038806,0.522474,2.969577,88.411842,28.797159,0.01041,0.829063,-0.124941,0.544918,4.468461,52.616089,32.997555,-0.02281,0.818312,0.024361,0.573805,-2.726858,7.192984,42.181156,0.002911,0.934548,0.020835,0.355215,-4.768976,2.220454,-14.35331,-0.02281,0.818312,0.024361,0.573805,11.31149,1.870981,37.15086
1108,9.233333,-0.046145,0.866972,0.046929,0.493992,-1.936555,88.067513,20.456726,-0.037486,0.863717,0.132431,0.484819,-2.940263,95.940796,20.740904,-0.012681,0.869919,0.081192,0.4863,-6.56466,113.993858,24.351479,0.115349,0.93469,-0.058373,0.331121,-8.855693,136.364304,27.275143,0.107651,0.9647,-0.200265,0.132891,-3.865237,150.515625,25.284636,-0.063112,0.816158,0.152614,0.553726,-10.933979,131.121796,23.60265,0.309059,-0.593498,0.155767,-0.726622,-17.262142,132.224243,8.181593,0.229325,-0.034706,-0.336329,-0.912737,-11.17449,117.603172,-10.703341,0.262269,0.132335,-0.54135,-0.787809,7.969883,132.446259,-16.104662,-0.068679,0.922398,0.189806,0.3293,-6.854367,130.681046,30.171976,0.393137,0.861215,0.241892,-0.212697,6.070427,130.70932,40.755875,-0.027967,0.253506,0.526638,-0.810928,20.868673,116.555717,27.038586,0.01715,0.07834,0.530699,-0.843758,12.676008,139.012817,17.166594,0.038192,0.867303,0.152653,0.472254,-6.853723,87.741615,12.118646,0.122218,0.926381,0.004416,0.356177,-4.042475,53.455521,1.265671,0.002527,0.934466,0.021468,0.355395,-14.514491,7.960958,-3.201019,-0.048299,0.850447,-0.038858,0.522396,2.980613,88.393417,28.794804,0.010586,0.829086,-0.125062,0.544852,4.479539,52.598145,32.999294,-0.025335,0.818628,0.022177,0.573336,-2.734908,7.178226,42.183662,0.002527,0.934466,0.021468,0.355395,-4.796819,2.228092,-14.309746,-0.025335,0.818628,0.022177,0.573336,11.307604,1.846525,37.175308
1109,9.241667,-0.046208,0.866887,0.046957,0.494133,-1.930902,88.067032,20.455078,-0.037501,0.863687,0.132229,0.484926,-2.935734,95.94017,20.738993,-0.012553,0.869892,0.081119,0.486364,-6.557682,113.996399,24.342707,0.115549,0.934642,-0.058541,0.331158,-8.84228,136.367538,27.266136,0.107705,0.964722,-0.200099,0.132934,-3.844706,150.516022,25.273287,-0.06288,0.816295,0.152261,0.553647,-10.921719,131.125671,23.593388,0.308672,-0.593521,0.156222,-0.72667,-17.253767,132.227219,8.173863,0.229559,-0.035375,-0.335469,-0.912969,-11.174472,117.600418,-10.709331,0.262506,0.131822,-0.540546,-0.788368,7.997704,132.401535,-16.135929,-0.068464,0.922424,0.189792,0.329281,-6.843022,130.68367,30.163197,0.393041,0.861431,0.24154,-0.212401,6.083169,130.705643,40.745403,-0.02804,0.253773,0.526546,-0.810902,20.891342,116.544739,27.046389,0.01735,0.078528,0.53089,-0.843616,12.700444,138.999222,17.165092,0.038147,0.867171,0.152898,0.472422,-6.845263,87.740562,12.115365,0.122376,0.926392,0.004178,0.356095,-4.020627,53.459633,1.249602,0.002584,0.934483,0.021258,0.355362,-14.514418,7.968492,-3.200742,-0.048308,0.850441,-0.038925,0.5224,2.983458,88.393494,28.794792,0.010605,0.829007,-0.124879,0.545015,4.480372,52.59866,33.003719,-0.024228,0.818312,0.023525,0.573782,-2.728018,7.174483,42.17173,0.002584,0.934483,0.021258,0.355362,-4.799056,2.229255,-14.308203,-0.024228,0.818312,0.023525,0.573782,11.317934,1.85658,37.158356
1110,9.25,-0.046587,0.8667,0.047047,0.494415,-1.912359,88.073273,20.456408,-0.037685,0.863598,0.132196,0.48508,-2.923196,95.945724,20.738237,-0.012465,0.86985,0.080957,0.486469,-6.550775,113.999847,24.336512,0.115681,0.934595,-0.058625,0.33123,-8.82869,136.372269,27.25528,0.107891,0.964711,-0.20002,0.132983,-3.826477,150.519043,25.261938,-0.062673,0.816309,0.152061,0.553704,-10.909054,131.130402,23.583065,0.308478,-0.593778,0.15655,-0.726472,-17.239853,132.234161,8.163188,0.229925,-0.035866,-0.334586,-0.913182,-11.180624,117.59893,-10.719916,0.262799,0.131541,-0.539585,-0.788975,8.018457,132.35672,-16.164934,-0.068105,0.922447,0.189498,0.32946,-6.831907,130.688293,30.153826,0.393261,0.861497,0.241191,-0.21212,6.091977,130.70137,40.738857,-0.028015,0.254102,0.526796,-0.810637,20.897472,116.522812,27.05522,0.017583,0.078639,0.531509,-0.843211,12.72721,138.98526,17.161304,0.038303,0.867126,0.153055,0.47244,-6.820628,87.741722,12.113311,0.122342,0.926015,0.004375,0.357085,-4.000051,53.465111,1.232857,0.002605,0.934572,0.020843,0.355154,-14.479598,7.973361,-3.244749,-0.048176,0.850394,-0.038809,0.522497,2.995909,88.404823,28.799503,0.010571,0.828947,-0.125097,0.545056,4.488696,52.608414,32.996502,-0.022789,0.818298,0.024559,0.573818,-2.728604,7.189289,42.182526,0.002605,0.934572,0.020843,0.355154,-4.771164,2.222484,-14.352242,-0.022789,0.818298,0.024559,0.573818,11.310917,1.871779,37.150764
1111,9.258333,-0.046587,0.866625,0.047034,0.494549,-1.907838,88.073364,20.452591,-0.037608,0.863584,0.132063,0.485148,-2.918609,95.945831,20.734089,-0.012415,0.869837,0.080815,0.486516,-6.541851,114.002869,24.329536,0.115926,0.934552,-0.058635,0.331263,-8.81481,136.376389,27.243782,0.107934,0.964736,-0.199894,0.132957,-3.805716,150.521072,25.252872,-0.062503,0.81629,0.151784,0.553827,-10.896068,131.134293,23.57239,0.308238,-0.594029,0.156959,-0.72628,-17.223021,132.238235,8.150943,0.230194,-0.036338,-0.333838,-0.913369,-11.184817,117.593025,-10.731177,0.263286,0.130866,-0.538573,-0.789617,8.037682,132.314392,-16.193953,-0.067925,0.92247,0.189395,0.329493,-6.819615,130.692505,30.143606,0.393502,0.861567,0.240895,-0.211728,6.104364,130.701004,40.728535,-0.027962,0.25442,0.526973,-0.810425,20.908737,116.503128,27.063704,0.017787,0.078979,0.532108,-0.842797,12.755627,138.969223,17.157061,0.038124,0.867046,0.153246,0.47254,-6.813553,87.741882,12.107985,0.122734,0.92629,0.003683,0.356243,-3.973959,53.468494,1.222309,0.002598,0.934482,0.020938,0.355385,-14.51416,7.985216,-3.198649,-0.048138,0.850311,-0.038911,0.522627,2.997877,88.404839,28.797197,0.010551,0.828826,-0.124899,0.545286,4.483818,52.608742,32.99926,-0.022946,0.818137,0.024624,0.574038,-2.724371,7.184935,42.169266,0.002598,0.934482,0.020938,0.355385,-4.799798,2.236963,-14.302323,-0.022946,0.818137,0.024624,0.574038,11.31966,1.87174,37.145527
1112,9.266667,-0.046091,0.866571,0.046774,0.494715,-1.919381,88.079391,20.448107,-0.037415,0.863556,0.131892,0.485258,-2.921369,95.95298,20.729755,-0.012321,0.869811,0.080704,0.486583,-6.534127,114.004181,24.321299,0.115982,0.934526,-0.058767,0.331295,-8.801188,136.378616,27.233097,0.10808,0.964748,-0.199711,0.133023,-3.789226,150.521881,25.239336,-0.062268,0.816448,0.151417,0.553722,-10.88344,131.136765,23.561941,0.307538,-0.594177,0.157606,-0.726315,-17.215273,132.239456,8.142412,0.230243,-0.036947,-0.332934,-0.913662,-11.195781,117.589066,-10.741658,0.263633,0.130292,-0.537827,-0.790103,8.059299,132.271072,-16.224438,-0.067684,0.922491,0.189089,0.329657,-6.807962,130.694443,30.133728,0.393547,0.861812,0.240134,-0.211512,6.113482,130.697891,40.721748,-0.028127,0.255105,0.527076,-0.810136,20.920628,116.482857,27.077793,0.017882,0.079247,0.532718,-0.842385,12.790116,138.951691,17.1495,0.037546,0.866702,0.153692,0.473072,-6.822799,87.753944,12.101918,0.123033,0.926847,0.003672,0.354689,-3.924974,53.487301,1.210382,0.003103,0.934601,0.020251,0.355106,-14.498509,8.010918,-3.201893,-0.048313,0.850264,-0.038828,0.522695,2.984038,88.404839,28.794294,0.010554,0.828823,-0.124905,0.545289,4.483483,52.609489,32.997944,-0.022818,0.818124,0.024668,0.574059,-2.725276,7.185826,42.16819,0.003103,0.934601,0.020251,0.355106,-4.799335,2.238564,-14.306336,-0.022818,0.818124,0.024668,0.574059,11.31811,1.871496,37.143864
1113,9.275,-0.046153,0.866441,0.046688,0.494944,-1.907206,88.064369,20.440191,-0.037491,0.863473,0.131924,0.485392,-2.909457,95.937988,20.719902,-0.012157,0.869773,0.080582,0.486676,-6.529215,114.005569,24.313845,0.116131,0.934451,-0.059183,0.33138,-8.787432,136.381073,27.224249,0.10796,0.964805,-0.199373,0.133217,-3.767275,150.520111,25.221148,-0.062188,0.816502,0.151107,0.553736,-10.87123,131.139923,23.552961,0.307076,-0.594358,0.15804,-0.726269,-17.202877,132.239014,8.133101,0.230471,-0.037506,-0.332112,-0.913881,-11.200754,117.584251,-10.753094,0.26413,0.129645,-0.537104,-0.790536,8.082284,132.227951,-16.256844,-0.06738,0.92251,0.188774,0.329849,-6.797093,130.696213,30.125481,0.393727,0.861854,0.239995,-0.211161,6.121504,130.692596,40.716969,-0.028005,0.25561,0.527218,-0.809889,20.928978,116.463493,27.088047,0.017897,0.079678,0.533236,-0.842016,12.81919,138.931519,17.138344,0.037542,0.866596,0.153908,0.473196,-6.806115,87.737366,12.091415,0.123177,0.926868,0.003375,0.354587,-3.899068,53.475475,1.187355,0.003111,0.934632,0.020423,0.355015,-14.495304,8.002228,-3.202756,-0.048338,0.850257,-0.038849,0.522702,2.991703,88.391373,28.788965,0.010604,0.828916,-0.125151,0.545089,4.491869,52.596313,32.994862,-0.023087,0.818348,0.024565,0.573734,-2.731086,7.178512,42.182972,0.003111,0.934632,0.020423,0.355015,-4.797624,2.234568,-14.310941,-0.023087,0.818348,0.024565,0.573734,11.310164,1.866265,37.150475
1114,9.283333,-0.046024,0.86637,0.046501,0.495099,-1.908691,88.059113,20.434797,-0.037405,0.86343,0.131828,0.485501,-2.907747,95.933205,20.712782,-0.01197,0.869743,0.080475,0.486752,-6.523935,114.004456,24.305292,0.116182,0.934454,-0.059236,0.331343,-8.772658,136.380951,27.215464,0.108095,0.964829,-0.199251,0.133115,-3.750766,150.519211,25.211166,-0.062063,0.816464,0.15084,0.553878,-10.858277,131.140732,23.543879,0.306627,-0.594591,0.158568,-0.726153,-17.185171,132.23912,8.122018,0.230412,-0.038198,-0.33138,-0.914133,-11.204915,117.575989,-10.764626,0.264174,0.12897,-0.536186,-0.791254,8.100535,132.183487,-16.291145,-0.067227,0.922544,0.188587,0.329892,-6.785223,130.695206,30.116945,0.393906,0.861935,0.239716,-0.210812,6.133117,130.688736,40.708744,-0.0278,0.256085,0.527308,-0.809688,20.940853,116.443405,27.097071,0.018056,0.080059,0.533711,-0.841675,12.848324,138.908325,17.124411,0.037235,0.866523,0.154184,0.473265,-6.804873,87.732697,12.084399,0.123423,0.927014,0.003217,0.35412,-3.868218,53.475285,1.174233,0.003232,0.934631,0.020204,0.35503,-14.492905,8.007627,-3.204987,-0.048415,0.850178,-0.038814,0.522826,2.987491,88.385536,28.785192,0.010635,0.828871,-0.125224,0.545141,4.49306,52.590824,32.992069,-0.02526,0.818652,0.022391,0.573297,-2.736595,7.174793,42.183655,0.003232,0.934631,0.020204,0.35503,-4.797167,2.232687,-14.311084,-0.02526,0.818652,0.022391,0.573297,11.306029,1.846965,37.171516
1115,9.291667,-0.046048,0.866273,0.046478,0.495269,-1.902187,88.057854,20.429319,-0.037311,0.863368,0.131646,0.485668,-2.901442,95.931938,20.706596,-0.011844,0.869669,0.080412,0.486897,-6.511695,114.003662,24.294073,0.116459,0.934405,-0.059186,0.331395,-8.754569,136.380737,27.204189,0.108035,0.964843,-0.199316,0.132966,-3.725392,150.517044,25.204416,-0.061873,0.816592,0.150518,0.553799,-10.840649,131.141266,23.531822,0.306336,-0.594792,0.158901,-0.726038,-17.171261,132.238205,8.111377,0.230595,-0.038718,-0.330684,-0.914317,-11.208028,117.569542,-10.77635,0.264448,0.128379,-0.535592,-0.791661,8.118351,132.142181,-16.321861,-0.06719,0.922506,0.188339,0.330148,-6.769728,130.694321,30.106119,0.394093,0.861979,0.239543,-0.210481,6.143143,130.687744,40.704597,-0.027242,0.256379,0.527469,-0.809509,20.950525,116.427948,27.107695,0.018773,0.080344,0.534634,-0.841046,12.87415,138.888931,17.109528,0.037078,0.866437,0.154408,0.47336,-6.795066,87.731041,12.076997,0.123568,0.927025,0.002971,0.354045,-3.839643,53.477783,1.158854,0.003341,0.934693,0.020036,0.354876,-14.485264,8.013338,-3.202833,-0.048387,0.850103,-0.03881,0.52295,2.990692,88.384666,28.781641,0.010581,0.828824,-0.12524,0.545211,4.494076,52.589737,32.987476,-0.023998,0.818481,0.023787,0.573539,-2.732978,7.173973,42.182446,0.003341,0.934693,0.020036,0.354876,-4.79511,2.232684,-14.310837,-0.023998,0.818481,0.023787,0.573539,11.309502,1.858413,37.156876
1116,9.3,-0.046032,0.8662,0.046404,0.495404,-1.899483,88.058205,20.42312,-0.037222,0.863353,0.131482,0.485745,-2.897987,95.932426,20.699356,-0.011663,0.869662,0.080333,0.486928,-6.502016,114.002457,24.282246,0.116469,0.93441,-0.059182,0.331377,-8.736091,136.38031,27.193195,0.108095,0.964851,-0.199262,0.132936,-3.70673,150.516571,25.193544,-0.061685,0.816666,0.150344,0.553759,-10.82413,131.1418,23.520544,0.306197,-0.595024,0.159155,-0.725851,-17.157021,132.24028,8.101151,0.230818,-0.039218,-0.330084,-0.914456,-11.211354,117.564583,-10.786642,0.264734,0.127707,-0.535007,-0.79207,8.132011,132.105545,-16.351702,-0.067191,0.922454,0.188121,0.330416,-6.753606,130.692978,30.094957,0.394215,0.862066,0.239288,-0.210186,6.153339,130.687042,40.700645,-0.02686,0.256823,0.527486,-0.80937,20.962091,116.414238,27.118904,0.01923,0.080923,0.535106,-0.84068,12.898562,138.867355,17.093729,0.037063,0.866504,0.154358,0.473256,-6.789784,87.73114,12.069302,0.123582,0.927524,0.003031,0.352729,-3.836486,53.476692,1.154321,0.003369,0.934667,0.020195,0.354934,-14.487441,8.012592,-3.197937,-0.048369,0.849957,-0.038835,0.523188,2.990817,88.385269,28.776937,0.010677,0.829189,-0.125329,0.544632,4.490955,52.590347,32.984001,-0.02557,0.818679,0.022234,0.573251,-2.74167,7.17687,42.185856,0.003369,0.934667,0.020195,0.354934,-4.795545,2.236023,-14.30654,-0.02557,0.818679,0.022234,0.573251,11.302289,1.85057,37.175823
1117,9.308333,-0.046012,0.866099,0.046439,0.495579,-1.894959,88.058182,20.414492,-0.037092,0.863277,0.131363,0.485922,-2.893523,95.932388,20.691164,-0.011545,0.869576,0.080273,0.487094,-6.491845,114.003647,24.271896,0.116593,0.934377,-0.059316,0.331402,-8.720526,136.382065,27.18269,0.108118,0.964895,-0.1991,0.132843,-3.68648,150.516327,25.180769,-0.061454,0.816697,0.15026,0.553761,-10.808765,131.144257,23.50915,0.306262,-0.595294,0.159307,-0.725569,-17.142509,132.247452,8.09044,0.231183,-0.039706,-0.329427,-0.914579,-11.215066,117.562546,-10.795929,0.264859,0.127206,-0.534623,-0.792368,8.147941,132.069397,-16.381824,-0.066959,0.922493,0.187675,0.330607,-6.740707,130.694061,30.084995,0.394288,0.862205,0.238846,-0.209983,6.163046,130.684799,40.694565,-0.026452,0.257209,0.527474,-0.809268,20.973154,116.399231,27.127733,0.019884,0.081477,0.535864,-0.840129,12.918573,138.846207,17.075644,0.03699,0.866297,0.154635,0.473549,-6.781948,87.732033,12.058699,0.123781,0.927093,0.002521,0.353793,-3.810797,53.483379,1.130391,0.003507,0.934646,0.019977,0.354999,-14.490697,8.023638,-3.196368,-0.0484,0.849797,-0.03885,0.523444,2.992029,88.384338,28.770287,0.01064,0.82915,-0.125385,0.54468,4.49222,52.589725,32.979904,-0.025642,0.818689,0.022257,0.573232,-2.740955,7.177511,42.187546,0.003507,0.934646,0.019977,0.354999,-4.799749,2.239617,-14.301923,-0.025642,0.818689,0.022257,0.573232,11.303569,1.853009,37.177174
1118,9.316667,-0.046035,0.866041,0.046431,0.49568,-1.88947,88.058632,20.407413,-0.037184,0.863236,0.131161,0.486042,-2.888324,95.932808,20.683681,-0.011247,0.86954,0.080317,0.487158,-6.486107,114.003944,24.255436,0.11666,0.934371,-0.059343,0.331389,-8.704203,136.382355,27.17436,0.108088,0.964897,-0.199146,0.132782,-3.668122,150.515884,25.172308,-0.061166,0.816741,0.149746,0.553868,-10.794628,131.146942,23.498663,0.306226,-0.595519,0.159505,-0.725355,-17.125624,132.248932,8.078739,0.231318,-0.040202,-0.328975,-0.914687,-11.214529,117.556274,-10.806723,0.264923,0.126545,-0.534276,-0.792686,8.161325,132.038361,-16.412411,-0.066818,0.922499,0.187388,0.330783,-6.727429,130.692322,30.074736,0.39434,0.862237,0.239043,-0.209529,6.173073,130.680771,40.688259,-0.025736,0.257389,0.527393,-0.809287,20.990562,116.389046,27.13596,0.020606,0.081974,0.53618,-0.839861,12.937135,138.821625,17.057491,0.036865,0.866114,0.155003,0.473774,-6.774473,87.732162,12.05047,0.123923,0.927132,0.002193,0.353644,-3.779932,53.491055,1.104913,0.003737,0.93469,0.019743,0.354895,-14.48358,8.034476,-3.196329,-0.048481,0.849742,-0.038717,0.523535,2.995532,88.385101,28.764359,0.010516,0.82854,-0.125508,0.545581,4.505305,52.590298,32.969013,-0.024247,0.818465,0.023592,0.57356,-2.734458,7.180712,42.184483,0.003737,0.93469,0.019743,0.354895,-4.798703,2.241656,-14.302596,-0.024247,0.818465,0.023592,0.57356,11.309366,1.864715,37.163128
1119,9.325,-0.045938,0.865962,0.046373,0.495831,-1.8864,88.057159,20.398727,-0.037116,0.863177,0.131067,0.486178,-2.883509,95.931564,20.674793,-0.01115,0.869483,0.080248,0.487274,-6.478137,114.004768,24.244457,0.11675,0.934337,-0.059474,0.331431,-8.691288,136.383789,27.162556,0.108162,0.964901,-0.199096,0.132771,-3.651394,150.51561,25.158075,-0.06095,0.816793,0.149339,0.553924,-10.78214,131.148834,23.486414,0.306151,-0.595653,0.159715,-0.725231,-17.111925,132.249374,8.065884,0.231417,-0.040723,-0.328572,-0.914783,-11.212003,117.550369,-10.818148,0.264951,0.126013,-0.533865,-0.793038,8.174227,132.009094,-16.444469,-0.06663,0.922509,0.187275,0.330856,-6.71666,130.693283,30.063486,0.394686,0.862281,0.238531,-0.209279,6.183074,130.676788,40.67794,-0.025577,0.257909,0.527542,-0.809029,20.992273,116.361282,27.141672,0.021135,0.082631,0.535461,-0.840242,12.960191,138.793472,17.039879,0.036018,0.865901,0.155821,0.47396,-6.768674,87.731972,12.040137,0.124528,0.927526,0.001774,0.352401,-3.6906,53.504761,1.074326,0.004197,0.934827,0.01896,0.354572,-14.465517,8.062109,-3.196027,-0.048503,0.849719,-0.038789,0.523565,2.995875,88.382347,28.757317,0.010648,0.829049,-0.125516,0.544802,4.504108,52.588104,32.96727,-0.024172,0.818445,0.023594,0.573591,-2.73771,7.178983,42.183392,0.004197,0.934827,0.01896,0.354572,-4.796819,2.243051,-14.302674,-0.024172,0.818445,0.023594,0.573591,11.305824,1.861736,37.162548
1120,9.333333,-0.045974,0.865895,0.046356,0.495947,-1.879676,88.055161,20.387142,-0.037036,0.863129,0.131059,0.486271,-2.877181,95.929543,20.662561,-0.011041,0.869446,0.080117,0.487363,-6.469996,114.005661,24.233572,0.116937,0.934285,-0.059563,0.331495,-8.676241,136.385742,27.148724,0.108097,0.964912,-0.199078,0.132772,-3.630206,150.51535,25.144138,-0.060768,0.816861,0.148963,0.553946,-10.768184,131.151077,23.472816,0.306102,-0.595816,0.159835,-0.725092,-17.097891,132.249557,8.052115,0.231467,-0.041147,-0.328171,-0.914896,-11.2094,117.546333,-10.832188,0.26488,0.125389,-0.533653,-0.793303,8.189376,131.984528,-16.474516,-0.066491,0.922511,0.18723,0.330904,-6.704008,130.694916,30.05065,0.3948,0.86241,0.238052,-0.209079,6.195273,130.674332,40.665638,-0.025142,0.258075,0.52754,-0.808991,21.004162,116.344193,27.144545,0.021967,0.082854,0.535747,-0.840017,12.975824,138.77124,17.023697,0.035922,0.865619,0.156272,0.474334,-6.759669,87.729385,12.027248,0.124636,0.92762,0.001361,0.352115,-3.655266,53.511818,1.038765,0.004661,0.934864,0.01873,0.35448,-14.454393,8.071581,-3.195934,-0.048571,0.849622,-0.038743,0.52372,3.000316,88.380943,28.747038,0.010661,0.829009,-0.125662,0.544829,4.51368,52.586926,32.957031,-0.023969,0.818478,0.02358,0.573552,-2.736888,7.181266,42.183323,0.004661,0.934864,0.01873,0.35448,-4.794106,2.241498,-14.304115,-0.023969,0.818478,0.02358,0.573552,11.304242,1.860176,37.159843
1121,9.341667,-0.045933,0.86583,0.046266,0.496073,-1.877446,88.052055,20.376699,-0.036612,0.863055,0.130973,0.486459,-2.873716,95.926628,20.651054,-0.011189,0.869319,0.079905,0.487621,-6.451483,114.001915,24.225834,0.116928,0.934201,-0.059497,0.331748,-8.659727,136.383392,27.128761,0.108049,0.964901,-0.199043,0.132941,-3.613597,150.513458,25.127584,-0.060465,0.816914,0.148822,0.553939,-10.749404,131.146912,23.454147,0.306193,-0.595895,0.160035,-0.724944,-17.080612,132.250931,8.034454,0.231572,-0.041489,-0.327981,-0.914922,-11.199935,117.53788,-10.844642,0.264973,0.124754,-0.533404,-0.79354,8.203319,131.96347,-16.502028,-0.066387,0.922469,0.187035,0.331151,-6.689174,130.694,30.034647,0.394896,0.862497,0.23774,-0.208893,6.205101,130.670731,40.65572,-0.024905,0.258432,0.527482,-0.808922,21.014086,116.329399,27.146595,0.022262,0.083417,0.535915,-0.839846,12.991701,138.750641,17.00465,0.035784,0.865518,0.156582,0.474426,-6.75509,87.726265,12.015433,0.124739,0.927722,0.001084,0.351811,-3.630161,53.514977,1.013233,0.004646,0.934912,0.018471,0.354368,-14.448631,8.077082,-3.197187,-0.048715,0.849554,-0.038632,0.523826,3.000198,88.377853,28.737968,0.010724,0.829013,-0.125847,0.54478,4.526004,52.584221,32.946762,-0.024025,0.818499,0.023471,0.573526,-2.738301,7.183042,42.184322,0.004646,0.934912,0.018471,0.354368,-4.791951,2.24002,-14.304845,-0.024025,0.818499,0.023471,0.573526,11.302361,1.860256,37.161316
1122,9.35,-0.04592,0.86576,0.046291,0.496193,-1.871451,88.051369,20.366203,-0.036553,0.862999,0.130851,0.486594,-2.867777,95.925919,20.640867,-0.011134,0.869256,0.079815,0.48775,-6.44181,114.001701,24.212162,0.11743,0.934092,-0.059754,0.331832,-8.646351,136.383881,27.112469,0.107858,0.964963,-0.198873,0.132898,-3.583896,150.507904,25.109915,-0.060278,0.816887,0.148764,0.554015,-10.736055,131.147491,23.437738,0.306144,-0.595966,0.160296,-0.724848,-17.065207,132.255966,8.017519,0.231577,-0.04188,-0.327744,-0.914987,-11.192835,117.534698,-10.857751,0.2649,0.124329,-0.53321,-0.793762,8.216291,131.945953,-16.530354,-0.06626,0.922455,0.186927,0.331278,-6.677759,130.694351,30.019411,0.394892,0.862633,0.237491,-0.208623,6.214272,130.667511,40.643196,-0.024909,0.258989,0.527276,-0.808878,21.028975,116.317986,27.149046,0.022121,0.084061,0.535186,-0.84025,13.010901,138.728363,16.985039,0.035669,0.865475,0.156826,0.474433,-6.7468,87.726204,12.003573,0.124819,0.927797,0.000788,0.351586,-3.606091,53.519855,0.990518,0.005079,0.934971,0.018521,0.354204,-14.442152,8.083778,-3.194154,-0.048768,0.849491,-0.038496,0.523932,3.003898,88.376526,28.728834,0.010732,0.828942,-0.125976,0.544857,4.537609,52.58252,32.931538,-0.023999,0.818389,0.023526,0.573682,-2.734794,7.184407,42.177765,0.005079,0.934971,0.018521,0.354204,-4.793984,2.243752,-14.307647,-0.023999,0.818389,0.023526,0.573682,11.307851,1.86254,37.159336
1123,9.358333,-0.045902,0.865727,0.046283,0.496253,-1.865896,88.05088,20.356045,-0.036501,0.862956,0.130722,0.486709,-2.861944,95.925476,20.630669,-0.011123,0.869188,0.079767,0.487879,-6.432295,114.001785,24.198172,0.117689,0.93399,-0.060249,0.331938,-8.63578,136.384323,27.096506,0.107865,0.965003,-0.198561,0.133072,-3.561342,150.502594,25.083721,-0.060154,0.816815,0.148819,0.554119,-10.724862,131.147888,23.421482,0.306182,-0.595981,0.160437,-0.724788,-17.050627,132.261444,8.000246,0.231674,-0.042193,-0.327532,-0.915024,-11.181376,117.534241,-10.871358,0.264912,0.123861,-0.53311,-0.793898,8.234119,131.933258,-16.557634,-0.066208,0.922494,0.187091,0.331087,-6.668513,130.694809,30.004358,0.394864,0.862822,0.237132,-0.208302,6.227971,130.665833,40.622726,-0.02454,0.259138,0.527264,-0.80885,21.050343,116.306374,27.147591,0.022737,0.083507,0.535062,-0.840368,13.035867,138.710007,16.967981,0.035568,0.865372,0.157131,0.474528,-6.740121,87.726013,11.992749,0.124925,0.927659,0.000392,0.351913,-3.581329,53.526043,0.965045,0.004921,0.934988,0.018166,0.35418,-14.438091,8.092424,-3.192602,-0.048869,0.849431,-0.038374,0.524028,3.008329,88.375755,28.719339,0.010736,0.828676,-0.126137,0.545226,4.552376,52.581776,32.918503,-0.024061,0.818326,0.023509,0.57377,-2.732678,7.18748,42.173512,0.004921,0.934988,0.018166,0.35418,-4.790277,2.244214,-14.302094,-0.024061,0.818326,0.023509,0.57377,11.311505,1.866304,37.158661
1124,9.366667,-0.045884,0.865673,0.04639,0.496339,-1.859975,88.04953,20.343344,-0.036421,0.862891,0.130605,0.486863,-2.856637,95.923988,20.619482,-0.011061,0.869104,0.079702,0.488041,-6.423221,114.003265,24.184456,0.117876,0.933926,-0.060219,0.332057,-8.623343,136.386337,27.081224,0.107936,0.964983,-0.198612,0.133081,-3.543642,150.50322,25.071959,-0.06024,0.816668,0.14902,0.554272,-10.712149,131.150192,23.405642,0.306111,-0.596048,0.160627,-0.724721,-17.031944,132.266159,7.982123,0.231696,-0.042424,-0.327368,-0.915067,-11.16963,117.533768,-10.887605,0.265023,0.123389,-0.533036,-0.793984,8.252893,131.925247,-16.58367,-0.066067,0.922511,0.186975,0.331133,-6.658224,130.696533,29.989975,0.394816,0.862997,0.23666,-0.208204,6.237871,130.664246,40.608818,-0.024362,0.259325,0.527087,-0.80891,21.064114,116.297401,27.145798,0.02316,0.08376,0.535003,-0.840369,13.044721,138.693939,16.952047,0.035392,0.865496,0.157254,0.474273,-6.732579,87.726128,11.979044,0.125002,0.927877,0.000264,0.351311,-3.561856,53.528053,0.948893,0.004908,0.935019,0.018079,0.354102,-14.432088,8.096221,-3.193092,-0.048961,0.849281,-0.038288,0.524269,3.012629,88.372932,28.707644,0.010763,0.828574,-0.126306,0.54534,4.564346,52.579128,32.905514,-0.024365,0.818287,0.023377,0.573818,-2.732678,7.188887,42.17099,0.004908,0.935019,0.018079,0.354102,-4.786339,2.245776,-14.303207,-0.024365,0.818287,0.023377,0.573818,11.314069,1.869752,37.161144
1125,9.375,-0.04587,0.865642,0.046304,0.496403,-1.855236,88.045555,20.333693,-0.036294,0.862878,0.130343,0.486966,-2.851047,95.920166,20.608688,-0.011086,0.869049,0.079678,0.488143,-6.41038,114.008163,24.168453,0.118014,0.933885,-0.060272,0.332112,-8.6113,136.391373,27.063461,0.10805,0.96499,-0.198517,0.13308,-3.527142,150.506699,25.05455,-0.060071,0.816672,0.148699,0.554371,-10.699214,131.155014,23.38768,0.306166,-0.595975,0.160691,-0.724745,-17.016014,132.270142,7.962878,0.232005,-0.042524,-0.327257,-0.915024,-11.150372,117.534828,-10.903513,0.265449,0.1231,-0.533193,-0.793781,8.275363,131.918747,-16.607792,-0.065712,0.922557,0.186815,0.331166,-6.646835,130.701752,29.972988,0.3971,0.860131,0.245869,-0.205025,6.250096,130.660217,40.590775,-0.020131,0.256025,0.528833,-0.808939,21.051937,116.308334,27.085028,0.023827,0.083709,0.534848,-0.840454,13.05505,138.676208,16.93465,0.035296,0.865477,0.1575,0.474233,-6.726649,87.721649,11.968719,0.125032,0.927993,2.1e-05,0.350992,-3.541916,53.528656,0.92686,0.005038,0.935086,0.018025,0.353928,-14.424138,8.097521,-3.191206,-0.049066,0.849167,-0.038142,0.524454,3.016176,88.369461,28.698666,0.01078,0.828433,-0.126505,0.545509,4.578924,52.5756,32.891888,-0.024434,0.8183,0.023212,0.573803,-2.731489,7.190117,42.170109,0.005038,0.935086,0.018025,0.353928,-4.784197,2.2443,-14.304894,-0.024434,0.8183,0.023212,0.573803,11.31471,1.868152,37.161739
1126,9.383333,-0.045872,0.865625,0.046249,0.496437,-1.850577,88.042046,20.322165,-0.036272,0.862863,0.130197,0.487033,-2.846,95.916733,20.596346,-0.011004,0.86902,0.079633,0.488203,-6.402188,114.005951,24.151539,0.11808,0.933856,-0.060369,0.332152,-8.599085,136.389572,27.04648,0.108133,0.965,-0.198379,0.133149,-3.512096,150.503616,25.035831,-0.060002,0.81655,0.148762,0.554541,-10.687574,131.153641,23.370398,0.305933,-0.595844,0.161008,-0.72488,-16.998344,132.272903,7.943426,0.231936,-0.042728,-0.327204,-0.915051,-11.130083,117.533997,-10.919352,0.265611,0.122695,-0.533285,-0.793728,8.297241,131.91423,-16.631445,-0.06561,0.922584,0.186622,0.331219,-6.636086,130.699524,29.956194,0.397043,0.860316,0.245413,-0.204907,6.260119,130.656677,40.574856,-0.019797,0.256146,0.528668,-0.809017,21.066589,116.297546,27.081907,0.0245,0.083771,0.534656,-0.840551,13.063547,138.657196,16.915802,0.035033,0.865511,0.157774,0.4741,-6.721328,87.717613,11.956828,0.125177,0.928041,-0.000233,0.350814,-3.512357,53.529518,0.906812,0.005287,0.93512,0.0179,0.353841,-14.416157,8.101797,-3.191779,-0.049187,0.849191,-0.038076,0.52441,3.020174,88.366478,28.6875,0.01086,0.828471,-0.126661,0.545413,4.593078,52.573101,32.881119,-0.023914,0.818224,0.023426,0.573925,-2.730353,7.19147,42.1679,0.005287,0.93512,0.0179,0.353841,-4.78163,2.242644,-14.307037,-0.023914,0.818224,0.023426,0.573925,11.313875,1.865756,37.157982
1127,9.391667,-0.045796,0.865599,0.046275,0.496487,-1.842816,88.037704,20.30777,-0.036435,0.862837,0.130075,0.487098,-2.837423,95.91246,20.582861,-0.010833,0.869007,0.079627,0.488231,-6.398188,114.008751,24.13216,0.118223,0.933804,-0.06063,0.332201,-8.588299,136.392578,27.030586,0.108195,0.965003,-0.198218,0.133313,-3.494849,150.50354,25.014555,-0.05981,0.816583,0.148259,0.554648,-10.678276,131.157883,23.353603,0.306004,-0.595599,0.161154,-0.72502,-16.985855,132.273529,7.925071,0.232187,-0.042933,-0.327293,-0.914946,-11.105491,117.529907,-10.930246,0.265978,0.122582,-0.533334,-0.79359,8.319909,131.910965,-16.657076,-0.06525,0.922647,0.186458,0.331208,-6.627147,130.701477,29.939465,0.39487,0.863283,0.235952,-0.207716,6.270874,130.649582,40.55587,-0.023183,0.259322,0.526844,-0.809104,21.105001,116.261909,27.123821,0.025214,0.083695,0.53435,-0.840731,13.071859,138.638885,16.894661,0.034892,0.865501,0.157894,0.474089,-6.712729,87.714867,11.941887,0.125238,0.928532,-0.000242,0.349491,-3.490982,53.528816,0.889279,0.005392,0.935161,0.017797,0.353734,-14.406107,8.102524,-3.194986,-0.049331,0.849275,-0.03808,0.52426,3.027097,88.360542,28.673655,0.01099,0.828556,-0.126811,0.545246,4.609396,52.568222,32.8727,-0.023968,0.818212,0.023433,0.573939,-2.729946,7.190442,42.165737,0.005392,0.935161,0.017797,0.353734,-4.775728,2.23948,-14.311785,-0.023968,0.818212,0.023433,0.573939,11.314983,1.865844,37.156624
1128,9.4,-0.045756,0.865585,0.046213,0.496522,-1.83892,88.035942,20.296318,-0.036383,0.862826,0.12997,0.48715,-2.8325,95.910851,20.570829,-0.010814,0.868988,0.079549,0.488277,-6.389831,114.008011,24.117479,0.118334,0.933781,-0.060696,0.332214,-8.577625,136.392426,27.013144,0.108293,0.965017,-0.198103,0.133301,-3.480487,150.501968,24.99654,-0.059779,0.81647,0.148216,0.554829,-10.66785,131.157547,23.33655,0.305991,-0.595505,0.161193,-0.725093,-16.968834,132.274384,7.905409,0.232144,-0.043071,-0.327302,-0.914947,-11.08359,117.530563,-10.948231,0.265993,0.122257,-0.533217,-0.793713,8.340285,131.910034,-16.680525,-0.064926,0.922651,0.186315,0.33134,-6.617419,130.701416,29.922857,0.396866,0.8606,0.244696,-0.20491,6.279077,130.640305,40.541069,-0.019217,0.256258,0.528432,-0.809149,21.092392,116.275894,27.061262,0.025749,0.083642,0.534354,-0.840718,13.078392,138.624741,16.871326,0.034766,0.865541,0.158061,0.47397,-6.708238,87.713219,11.930083,0.125258,0.928319,-0.000601,0.350048,-3.474344,53.530323,0.871274,0.005536,0.935225,0.017762,0.353564,-14.400443,8.104515,-3.188959,-0.049451,0.849181,-0.038,0.524407,3.030398,88.358665,28.662554,0.011077,0.828673,-0.126997,0.545023,4.62229,52.566753,32.861469,-0.024111,0.818228,0.023189,0.57392,-2.730766,7.193574,42.166077,0.005536,0.935225,0.017762,0.353564,-4.775856,2.239129,-14.309534,-0.024111,0.818228,0.023189,0.57392,11.313769,1.865493,37.159557
1129,9.408333,-0.045751,0.865579,0.046336,0.496521,-1.828624,88.032433,20.28019,-0.036408,0.862805,0.129974,0.487185,-2.823103,95.907166,20.556437,-0.01067,0.868978,0.079416,0.488321,-6.382231,114.008125,24.103386,0.118477,0.933771,-0.060608,0.332208,-8.561552,136.393646,26.996941,0.108375,0.965017,-0.198129,0.133199,-3.461374,150.50264,24.984173,-0.05979,0.816364,0.148252,0.554974,-10.653562,131.159256,23.320667,0.306564,-0.595564,0.160665,-0.72492,-16.949118,132.277374,7.887399,0.232539,-0.043065,-0.327258,-0.914862,-11.058935,117.536095,-10.966687,0.265969,0.12207,-0.533317,-0.793683,8.363998,131.909683,-16.703747,-0.064961,0.92265,0.1862,0.331402,-6.603741,130.702133,29.907284,0.397004,0.860528,0.244795,-0.20483,6.29124,130.642975,40.527355,-0.01867,0.256137,0.528398,-0.809222,21.100803,116.274178,27.048094,0.026132,0.083794,0.534776,-0.840423,13.081995,138.61554,16.847588,0.034641,0.865527,0.15816,0.473971,-6.697963,87.710983,11.913917,0.125359,0.928349,-0.000832,0.349932,-3.452824,53.52972,0.85332,0.005539,0.93525,0.017756,0.353498,-14.395711,8.106333,-3.188772,-0.0495,0.84907,-0.038,0.524581,3.040715,88.353882,28.646463,0.0111,0.828586,-0.127173,0.545114,4.634756,52.562321,32.847553,-0.024313,0.81821,0.023077,0.573942,-2.730134,7.193398,42.16357,0.005539,0.93525,0.017756,0.353498,-4.772724,2.240755,-14.310637,-0.024313,0.81821,0.023077,0.573942,11.315831,1.866078,37.160244
1130,9.416667,-0.045713,0.865584,0.046336,0.496516,-1.820616,88.032204,20.268049,-0.036389,0.862863,0.129797,0.487131,-2.814574,95.90699,20.5446,-0.010623,0.869033,0.079416,0.488223,-6.369763,114.010277,24.086615,0.118629,0.933734,-0.060715,0.332237,-8.546927,136.395844,26.98148,0.108342,0.96501,-0.198067,0.133372,-3.441518,150.502762,24.967516,-0.059492,0.816368,0.147909,0.555092,-10.640136,131.161728,23.305504,0.306391,-0.595485,0.160784,-0.725031,-16.932501,132.282181,7.871105,0.232662,-0.043102,-0.327153,-0.914867,-11.03961,117.542007,-10.983008,0.266251,0.122094,-0.533489,-0.793469,8.388848,131.91188,-16.723198,-0.064914,0.922628,0.186068,0.331545,-6.588819,130.704086,29.891167,0.396923,0.860617,0.244536,-0.204921,6.303196,130.643997,40.514832,-0.018492,0.256202,0.528196,-0.809338,21.114046,116.275345,27.036821,0.026363,0.084147,0.534958,-0.840265,13.086173,138.608551,16.827318,0.034585,0.865487,0.158294,0.474004,-6.690131,87.71138,11.901855,0.125398,0.928387,-0.001056,0.349816,-3.43647,53.532917,0.835148,0.005835,0.935272,0.017782,0.353435,-14.390511,8.110478,-3.187339,-0.04953,0.848988,-0.037911,0.524718,3.0489,88.353027,28.634245,0.011096,0.828477,-0.12738,0.545232,4.647472,52.561188,32.831264,-0.024301,0.818172,0.023114,0.573995,-2.728996,7.197192,42.162121,0.005835,0.935272,0.017782,0.353435,-4.772247,2.242648,-14.312102,-0.024301,0.818172,0.023114,0.573995,11.317732,1.870586,37.160179
1131,9.425,-0.045686,0.865561,0.046385,0.496553,-1.811909,88.03109,20.253962,-0.036428,0.862847,0.12972,0.487176,-2.805888,95.905846,20.531351,-0.010543,0.869026,0.079335,0.48825,-6.361885,114.01355,24.070761,0.118932,0.93367,-0.060819,0.33229,-8.534191,136.399765,26.964167,0.108299,0.965024,-0.197995,0.133408,-3.419397,150.503387,24.950794,-0.059684,0.816051,0.148158,0.555471,-10.628406,131.165894,23.28842,0.3063,-0.595555,0.16093,-0.72498,-16.905952,132.288254,7.848123,0.23264,-0.043095,-0.327136,-0.914879,-11.019466,117.544914,-11.005512,0.266351,0.122165,-0.533366,-0.793507,8.407894,131.913101,-16.744375,-0.064893,0.922627,0.186191,0.331485,-6.577477,130.707779,29.874287,0.39704,0.860531,0.244671,-0.204893,6.315973,130.646042,40.496208,-0.018319,0.256131,0.528112,-0.809419,21.122822,116.275131,27.016195,0.02636,0.084602,0.534897,-0.840257,13.088873,138.603455,16.804337,0.034072,0.865428,0.158613,0.474042,-6.680749,87.711243,11.887335,0.125795,0.928422,-0.001377,0.349582,-3.383553,53.537525,0.81885,0.005933,0.935341,0.017388,0.353269,-14.383054,8.12451,-3.185938,-0.049647,0.848922,-0.038055,0.524803,3.056932,88.350937,28.620588,0.011258,0.828684,-0.127415,0.544905,4.656758,52.560734,32.831032,-0.024432,0.81812,0.023075,0.574065,-2.730405,7.197907,42.159126,0.005933,0.935341,0.017388,0.353269,-4.771552,2.244871,-14.310312,-0.024432,0.81812,0.023075,0.574065,11.318128,1.872629,37.160835
1132,9.433333,-0.04558,0.865573,0.046454,0.496535,-1.803969,88.028297,20.23884,-0.03642,0.862818,0.129688,0.487237,-2.797031,95.903107,20.51804,-0.01062,0.86898,0.079198,0.488352,-6.353357,114.015877,24.05727,0.119129,0.933628,-0.060846,0.332333,-8.526037,136.403,26.943359,0.108511,0.965028,-0.197902,0.133348,-3.405485,150.504761,24.931536,-0.059581,0.815946,0.148051,0.555665,-10.619454,131.168045,23.268705,0.306511,-0.595468,0.160785,-0.724995,-16.890188,132.292374,7.825789,0.232881,-0.042956,-0.32708,-0.914845,-10.996265,117.549255,-11.025688,0.266472,0.122174,-0.53344,-0.793416,8.432858,131.914932,-16.761238,-0.064711,0.92265,0.186173,0.331466,-6.57009,130.711868,29.855669,0.396845,0.860703,0.244297,-0.204995,6.324551,130.644897,40.476109,-0.018329,0.256233,0.527817,-0.809579,21.136959,116.276344,26.999691,0.026476,0.084859,0.534714,-0.840345,13.089652,138.596802,16.781538,0.033921,0.865436,0.158682,0.474014,-6.673339,87.710869,11.872432,0.1258,0.928893,-0.001357,0.348325,-3.364663,53.537983,0.804783,0.006174,0.935428,0.017377,0.353035,-14.369406,8.125091,-3.187006,-0.04963,0.848853,-0.037866,0.52493,3.065401,88.345734,28.605249,0.011158,0.828379,-0.127695,0.545305,4.670739,52.554367,32.803719,-0.024415,0.818077,0.023039,0.574128,-2.727396,7.198039,42.154675,0.006174,0.935428,0.017377,0.353035,-4.76619,2.242802,-14.317134,-0.024415,0.818077,0.023039,0.574128,11.321536,1.871614,37.158737
1133,9.441667,-0.045583,0.865587,0.046383,0.496518,-1.794255,88.026443,20.226709,-0.036371,0.862804,0.12957,0.487296,-2.786797,95.901352,20.50493,-0.010576,0.868948,0.079126,0.488423,-6.339522,114.014664,24.040913,0.11928,0.933581,-0.060868,0.332407,-8.509089,136.402344,26.924986,0.108534,0.965026,-0.197868,0.133395,-3.383945,150.50264,24.914633,-0.059597,0.815859,0.147999,0.555804,-10.602781,131.16745,23.250412,0.306329,-0.595518,0.160748,-0.725039,-16.868309,132.291229,7.805345,0.232881,-0.042746,-0.326973,-0.914892,-10.976742,117.553642,-11.051189,0.266676,0.122274,-0.533395,-0.793362,8.457407,131.918167,-16.776237,-0.06484,0.922682,0.186239,0.331313,-6.554483,130.711121,29.83802,0.396784,0.860817,0.24389,-0.20512,6.342988,130.648422,40.455044,-0.018165,0.256147,0.527552,-0.809783,21.155281,116.277634,26.980892,0.026715,0.084894,0.534425,-0.840517,13.091323,138.590057,16.758976,0.033948,0.865386,0.158757,0.474079,-6.663951,87.708252,11.860519,0.125813,0.928963,-0.001519,0.348133,-3.353543,53.537212,0.787688,0.006017,0.935459,0.017219,0.352965,-14.365506,8.124677,-3.188147,-0.049642,0.848916,-0.037874,0.524826,3.07544,88.344643,28.592899,0.011208,0.828417,-0.127841,0.545213,4.681747,52.553402,32.792103,-0.024396,0.818068,0.022835,0.57415,-2.726699,7.20067,42.152328,0.006017,0.935459,0.017219,0.352965,-4.762884,2.239629,-14.317324,-0.024396,0.818068,0.022835,0.57415,11.32109,1.868951,37.158829
1134,9.45,-0.045526,0.865558,0.046369,0.496575,-1.786461,88.024208,20.21089,-0.036313,0.862792,0.129491,0.487343,-2.77813,95.899216,20.489307,-0.010359,0.868946,0.079003,0.48845,-6.328523,114.017509,24.024458,0.119553,0.933565,-0.060048,0.332503,-8.486936,136.406281,26.908457,0.108309,0.964961,-0.19844,0.133193,-3.361582,150.510162,24.924047,-0.059731,0.815869,0.147988,0.555778,-10.58319,131.172424,23.233862,0.30571,-0.59545,0.161158,-0.725265,-16.849165,132.292221,7.788682,0.232568,-0.042751,-0.326873,-0.915008,-10.960113,117.557381,-11.070791,0.266767,0.122467,-0.533258,-0.793394,8.479232,131.92131,-16.790686,-0.064836,0.922699,0.185986,0.331409,-6.535222,130.714081,29.821533,0.396805,0.860898,0.2433,-0.205442,6.360155,130.653488,40.44112,-0.01784,0.255991,0.527392,-0.809943,21.165129,116.278145,26.963776,0.027219,0.084721,0.534405,-0.840532,13.087922,138.585037,16.736715,0.033934,0.86533,0.15877,0.474178,-6.655162,87.706917,11.844085,0.125594,0.929363,-0.001617,0.347144,-3.342162,53.536118,0.771313,0.006244,0.935658,0.017407,0.352424,-14.342746,8.118433,-3.177149,-0.049658,0.848802,-0.037838,0.525011,3.082241,88.341492,28.577694,0.011183,0.828401,-0.128027,0.545193,4.689974,52.550186,32.775681,-0.02405,0.818063,0.022933,0.574167,-2.725758,7.201871,42.151524,0.006244,0.935658,0.017407,0.352424,-4.754604,2.236497,-14.320448,-0.02405,0.818063,0.022933,0.574167,11.319677,1.866571,37.15522
