Format Version,1.23,Take Name,p24_hook_right_pre_008,Take Notes,,Capture Frame Rate,120.000000,Export Frame Rate,120.000000,Capture Start Time,2025-09-04 04.13.24.118 오후,Total Frames in Take,1287,Total Exported Frames,1287,Rotation Type,Quaternion,Length Units,Centimeters,Coordinate Space,Global

,Type,Bone,Bone,Bone,Bone,Bone,Bone,Bone,Bone,Bone,Bone,Bone,Bone,Bone,Bone,Bone,Bone,Bone,Bone,Bone,Bone,Bone,Bone,Bone,Bone,Bone,Bone,Bone,Bone,Bone,Bone,Bone,Bone,Bone,Bone,Bone,Bone,Bone,Bone,Bone,Bone,Bone,Bone,Bone,Bone,Bone,Bone,Bone,Bone,Bone,Bone,Bone,Bone,Bone,Bone,Bone,Bone,Bone,Bone,Bone,Bone,Bone,Bone,Bone,Bone,Bone,Bone,Bone,Bone,Bone,Bone,Bone,Bone,Bone,Bone,Bone,Bone,Bone,Bone,Bone,Bone,Bone,Bone,Bone,Bone,Bone,Bone,Bone,Bone,Bone,Bone,Bone,Bone,Bone,Bone,Bone,Bone,Bone,Bone,Bone,Bone,Bone,Bone,Bone,Bone,Bone,Bone,Bone,Bone,Bone,Bone,Bone,Bone,Bone,Bone,Bone,Bone,Bone,Bone,Bone,Bone,Bone,Bone,Bone,Bone,Bone,Bone,Bone,Bone,Bone,Bone,Bone,Bone,Bone,Bone,Bone,Bone,Bone,Bone,Bone,Bone,Bone,Bone,Bone,Bone,Bone,Bone,Bone
,Name,TeslaAvatar_Man:Hip,TeslaAvatar_Man:Hip,TeslaAvatar_Man:Hip,TeslaAvatar_Man:Hip,TeslaAvatar_Man:Hip,TeslaAvatar_Man:Hip,TeslaAvatar_Man:Hip,TeslaAvatar_Man:Ab,TeslaAvatar_Man:Ab,TeslaAvatar_Man:Ab,TeslaAvatar_Man:Ab,TeslaAvatar_Man:Ab,TeslaAvatar_Man:Ab,TeslaAvatar_Man:Ab,TeslaAvatar_Man:Chest,TeslaAvatar_Man:Chest,TeslaAvatar_Man:Chest,TeslaAvatar_Man:Chest,TeslaAvatar_Man:Chest,TeslaAvatar_Man:Chest,TeslaAvatar_Man:Chest,TeslaAvatar_Man:Neck,TeslaAvatar_Man:Neck,TeslaAvatar_Man:Neck,TeslaAvatar_Man:Neck,TeslaAvatar_Man:Neck,TeslaAvatar_Man:Neck,TeslaAvatar_Man:Neck,TeslaAvatar_Man:Head,TeslaAvatar_Man:Head,TeslaAvatar_Man:Head,TeslaAvatar_Man:Head,TeslaAvatar_Man:Head,TeslaAvatar_Man:Head,TeslaAvatar_Man:Head,TeslaAvatar_Man:LShoulder,TeslaAvatar_Man:LShoulder,TeslaAvatar_Man:LShoulder,TeslaAvatar_Man:LShoulder,TeslaAvatar_Man:LShoulder,TeslaAvatar_Man:LShoulder,TeslaAvatar_Man:LShoulder,TeslaAvatar_Man:LUArm,TeslaAvatar_Man:LUArm,TeslaAvatar_Man:LUArm,TeslaAvatar_Man:LUArm,TeslaAvatar_Man:LUArm,TeslaAvatar_Man:LUArm,TeslaAvatar_Man:LUArm,TeslaAvatar_Man:LFArm,TeslaAvatar_Man:LFArm,TeslaAvatar_Man:LFArm,TeslaAvatar_Man:LFArm,TeslaAvatar_Man:LFArm,TeslaAvatar_Man:LFArm,TeslaAvatar_Man:LFArm,TeslaAvatar_Man:LHand,TeslaAvatar_Man:LHand,TeslaAvatar_Man:LHand,TeslaAvatar_Man:LHand,TeslaAvatar_Man:LHand,TeslaAvatar_Man:LHand,TeslaAvatar_Man:LHand,TeslaAvatar_Man:RShoulder,TeslaAvatar_Man:RShoulder,TeslaAvatar_Man:RShoulder,TeslaAvatar_Man:RShoulder,TeslaAvatar_Man:RShoulder,TeslaAvatar_Man:RShoulder,TeslaAvatar_Man:RShoulder,TeslaAvatar_Man:RUArm,TeslaAvatar_Man:RUArm,TeslaAvatar_Man:RUArm,TeslaAvatar_Man:RUArm,TeslaAvatar_Man:RUArm,TeslaAvatar_Man:RUArm,TeslaAvatar_Man:RUArm,TeslaAvatar_Man:RFArm,TeslaAvatar_Man:RFArm,TeslaAvatar_Man:RFArm,TeslaAvatar_Man:RFArm,TeslaAvatar_Man:RFArm,TeslaAvatar_Man:RFArm,TeslaAvatar_Man:RFArm,TeslaAvatar_Man:RHand,TeslaAvatar_Man:RHand,TeslaAvatar_Man:RHand,TeslaAvatar_Man:RHand,TeslaAvatar_Man:RHand,TeslaAvatar_Man:RHand,TeslaAvatar_Man:RHand,TeslaAvatar_Man:LThigh,TeslaAvatar_Man:LThigh,TeslaAvatar_Man:LThigh,TeslaAvatar_Man:LThigh,TeslaAvatar_Man:LThigh,TeslaAvatar_Man:LThigh,TeslaAvatar_Man:LThigh,TeslaAvatar_Man:LShin,TeslaAvatar_Man:LShin,TeslaAvatar_Man:LShin,TeslaAvatar_Man:LShin,TeslaAvatar_Man:LShin,TeslaAvatar_Man:LShin,TeslaAvatar_Man:LShin,TeslaAvatar_Man:LFoot,TeslaAvatar_Man:LFoot,TeslaAvatar_Man:LFoot,TeslaAvatar_Man:LFoot,TeslaAvatar_Man:LFoot,TeslaAvatar_Man:LFoot,TeslaAvatar_Man:LFoot,TeslaAvatar_Man:RThigh,TeslaAvatar_Man:RThigh,TeslaAvatar_Man:RThigh,TeslaAvatar_Man:RThigh,TeslaAvatar_Man:RThigh,TeslaAvatar_Man:RThigh,TeslaAvatar_Man:RThigh,TeslaAvatar_Man:RShin,TeslaAvatar_Man:RShin,TeslaAvatar_Man:RShin,TeslaAvatar_Man:RShin,TeslaAvatar_Man:RShin,TeslaAvatar_Man:RShin,TeslaAvatar_Man:RShin,TeslaAvatar_Man:RFoot,TeslaAvatar_Man:RFoot,TeslaAvatar_Man:RFoot,TeslaAvatar_Man:RFoot,TeslaAvatar_Man:RFoot,TeslaAvatar_Man:RFoot,TeslaAvatar_Man:RFoot,TeslaAvatar_Man:LToe,TeslaAvatar_Man:LToe,TeslaAvatar_Man:LToe,TeslaAvatar_Man:LToe,TeslaAvatar_Man:LToe,TeslaAvatar_Man:LToe,TeslaAvatar_Man:LToe,TeslaAvatar_Man:RToe,TeslaAvatar_Man:RToe,TeslaAvatar_Man:RToe,TeslaAvatar_Man:RToe,TeslaAvatar_Man:RToe,TeslaAvatar_Man:RToe,TeslaAvatar_Man:RToe
,ID,"1","1","1","1","1","1","1","2","2","2","2","2","2","2","3","3","3","3","3","3","3","4","4","4","4","4","4","4","5","5","5","5","5","5","5","6","6","6","6","6","6","6","7","7","7","7","7","7","7","8","8","8","8","8","8","8","9","9","9","9","9","9","9","A","A","A","A","A","A","A","B","B","B","B","B","B","B","C","C","C","C","C","C","C","D","D","D","D","D","D","D","E","E","E","E","E","E","E","F","F","F","F","F","F","F","10","10","10","10","10","10","10","12","12","12","12","12","12","12","13","13","13","13","13","13","13","14","14","14","14","14","14","14","11","11","11","11","11","11","11","15","15","15","15","15","15","15"
,,Rotation,Rotation,Rotation,Rotation,Position,Position,Position,Rotation,Rotation,Rotation,Rotation,Position,Position,Position,Rotation,Rotation,Rotation,Rotation,Position,Position,Position,Rotation,Rotation,Rotation,Rotation,Position,Position,Position,Rotation,Rotation,Rotation,Rotation,Position,Position,Position,Rotation,Rotation,Rotation,Rotation,Position,Position,Position,Rotation,Rotation,Rotation,Rotation,Position,Position,Position,Rotation,Rotation,Rotation,Rotation,Position,Position,Position,Rotation,Rotation,Rotation,Rotation,Position,Position,Position,Rotation,Rotation,Rotation,Rotation,Position,Position,Position,Rotation,Rotation,Rotation,Rotation,Position,Position,Position,Rotation,Rotation,Rotation,Rotation,Position,Position,Position,Rotation,Rotation,Rotation,Rotation,Position,Position,Position,Rotation,Rotation,Rotation,Rotation,Position,Position,Position,Rotation,Rotation,Rotation,Rotation,Position,Position,Position,Rotation,Rotation,Rotation,Rotation,Position,Position,Position,Rotation,Rotation,Rotation,Rotation,Position,Position,Position,Rotation,Rotation,Rotation,Rotation,Position,Position,Position,Rotation,Rotation,Rotation,Rotation,Position,Position,Position,Rotation,Rotation,Rotation,Rotation,Position,Position,Position,Rotation,Rotation,Rotation,Rotation,Position,Position,Position
Frame,Time (Seconds),X,Y,Z,W,X,Y,Z,X,Y,Z,W,X,Y,Z,X,Y,Z,W,X,Y,Z,X,Y,Z,W,X,Y,Z,X,Y,Z,W,X,Y,Z,X,Y,Z,W,X,Y,Z,X,Y,Z,W,X,Y,Z,X,Y,Z,W,X,Y,Z,X,Y,Z,W,X,Y,Z,X,Y,Z,W,X,Y,Z,X,Y,Z,W,X,Y,Z,X,Y,Z,W,X,Y,Z,X,Y,Z,W,X,Y,Z,X,Y,Z,W,X,Y,Z,X,Y,Z,W,X,Y,Z,X,Y,Z,W,X,Y,Z,X,Y,Z,W,X,Y,Z,X,Y,Z,W,X,Y,Z,X,Y,Z,W,X,Y,Z,X,Y,Z,W,X,Y,Z,X,Y,Z,W,X,Y,Z
0,0.000000,0.046119,0.931848,-0.061718,0.354574,-3.990457,88.424599,13.460239,-0.015738,0.901540,0.134654,0.410910,-3.053737,95.560051,12.865806,-0.020361,0.898641,-0.050470,0.435297,-5.767559,114.361168,17.352331,0.059825,0.948625,-0.094551,0.295960,-5.635154,132.281189,15.397602,0.068294,0.986013,-0.057246,0.140844,-2.352889,145.210907,12.011149,-0.063496,0.926421,0.012462,0.370887,-8.584788,126.689125,13.671281,-0.521183,0.583144,-0.308738,0.541288,-20.558802,124.878296,2.165731,-0.596526,0.532190,-0.302807,0.518882,-17.549551,102.944199,-5.039757,-0.694438,0.433617,-0.299668,0.489828,-11.534095,80.120193,-9.633137,-0.054715,0.914088,-0.100490,0.389038,-4.218687,127.256058,19.164391,0.619499,0.767023,0.155349,0.061341,7.329191,130.233078,30.861298,0.634722,0.743042,0.202118,0.064537,12.565819,107.662941,28.570831,0.531279,0.789617,0.306849,0.009516,17.036606,84.354034,24.707323,0.028399,0.944072,0.102715,0.312044,-10.545002,88.796082,7.590724,0.068296,0.956303,-0.018144,0.283709,-10.181346,54.888939,0.246994,0.015357,0.953837,-0.084047,0.287915,-16.482094,10.623381,0.065904,-0.082874,0.930895,-0.077346,0.347251,2.564089,88.053116,19.329756,0.002527,0.968345,-0.131066,0.212421,6.053633,54.249607,26.322853,0.025339,0.816446,-0.088823,0.569986,3.345139,11.074236,37.624325,0.015357,0.953837,-0.084047,0.287915,-9.705627,2.748105,-9.899826,0.025339,0.816446,-0.088823,0.569986,14.763657,3.150342,33.871250
1,0.008333,0.046031,0.931885,-0.061681,0.354495,-3.985430,88.421318,13.463441,-0.015734,0.901592,0.134621,0.410806,-3.050129,95.556953,12.868963,-0.020414,0.898688,-0.050515,0.435192,-5.762797,114.358414,17.354729,0.059762,0.948658,-0.094496,0.295885,-5.631628,132.278198,15.397697,0.068297,0.986019,-0.057291,0.140786,-2.351772,145.208664,12.011753,-0.063459,0.926463,0.012405,0.370789,-8.581421,126.685783,13.672771,-0.521347,0.583311,-0.308463,0.541107,-20.558014,124.875282,2.169858,-0.596888,0.532029,-0.302368,0.518888,-17.549940,102.942207,-5.039248,-0.694337,0.434158,-0.299565,0.489555,-11.513429,80.124458,-9.636089,-0.054823,0.914204,-0.100297,0.388801,-4.214067,127.253601,19.164795,0.619748,0.767161,0.154012,0.060469,7.339572,130.230789,30.855963,0.634599,0.743359,0.201567,0.063819,12.566779,107.657875,28.571493,0.532564,0.788976,0.306264,0.009767,17.049526,84.352364,24.701323,0.028536,0.944029,0.102771,0.312143,-10.541118,88.791710,7.595129,0.068273,0.956313,-0.018211,0.283677,-10.184429,54.885899,0.244901,0.014695,0.953898,-0.083971,0.287771,-16.484922,10.620278,0.070324,-0.082817,0.930906,-0.077339,0.347237,2.570257,88.050934,19.331751,0.002583,0.968348,-0.131098,0.212389,6.056414,54.246704,26.323027,0.023710,0.816608,-0.090410,0.569575,3.342807,11.072093,37.626183,0.014695,0.953898,-0.083971,0.287771,-9.702520,2.751495,-9.896497,0.023710,0.816608,-0.090410,0.569575,14.762977,3.140727,33.893967
2,0.016667,0.046063,0.931926,-0.061523,0.354411,-3.981560,88.425583,13.458222,-0.015053,0.901659,0.135765,0.410306,-3.046676,95.561447,12.865943,-0.021990,0.898802,-0.051436,0.434770,-5.751102,114.351654,17.403555,0.060389,0.948597,-0.094404,0.295980,-5.657413,132.265640,15.392084,0.068435,0.986008,-0.057344,0.140773,-2.361851,145.194168,12.014040,-0.063094,0.926325,0.012439,0.371196,-8.597783,126.662193,13.687017,-0.521576,0.583159,-0.308271,0.541159,-20.565842,124.863876,2.173318,-0.596896,0.532027,-0.302458,0.518827,-17.544037,102.932343,-5.034734,-0.694304,0.434011,-0.299482,0.489783,-11.510079,80.113068,-9.627299,-0.054488,0.914470,-0.100445,0.388184,-4.226203,127.255318,19.172998,0.619508,0.767420,0.153769,0.060258,7.344670,130.222641,30.849625,0.634776,0.743293,0.201292,0.063690,12.586933,107.653008,28.567102,0.532603,0.788992,0.306159,0.009570,17.059654,84.345261,24.698803,0.028499,0.944080,0.102722,0.312009,-10.538236,88.797607,7.591120,0.068262,0.956307,-0.018205,0.283700,-10.181239,54.890968,0.244789,0.014924,0.953931,-0.084097,0.287611,-16.480654,10.625193,0.069832,-0.082782,0.930905,-0.077429,0.347228,2.575116,88.053551,19.325325,0.002374,0.968591,-0.131498,0.211032,6.056919,54.249893,26.321522,0.024238,0.817293,-0.090482,0.568558,3.369777,11.084607,37.666527,0.014924,0.953931,-0.084097,0.287611,-9.705355,2.751814,-9.898189,0.024238,0.817293,-0.090482,0.568558,14.772449,3.143205,33.902290
3,0.025000,0.046084,0.931938,-0.061562,0.354370,-3.977146,88.425362,13.458133,-0.014999,0.901740,0.135692,0.410157,-3.041816,95.561134,12.865405,-0.022003,0.898901,-0.051359,0.434575,-5.742414,114.352188,17.401785,0.060361,0.948613,-0.094393,0.295938,-5.650795,132.266434,15.392574,0.068356,0.985993,-0.057386,0.140897,-2.356219,145.195190,12.014397,-0.063222,0.926383,0.012465,0.371028,-8.591545,126.663017,13.688085,-0.521805,0.583301,-0.307985,0.540949,-20.563236,124.860870,2.178763,-0.597038,0.532083,-0.302291,0.518703,-17.540895,102.929924,-5.030845,-0.694365,0.433953,-0.299319,0.489847,-11.504930,80.111374,-9.624383,-0.054569,0.914476,-0.100405,0.388169,-4.217588,127.255737,19.172215,0.619532,0.767423,0.153702,0.060142,7.353383,130.224960,30.848249,0.634806,0.743301,0.201184,0.063644,12.594893,107.655403,28.563335,0.532766,0.788930,0.306035,0.009556,17.066093,84.347137,24.696407,0.028396,0.944046,0.102872,0.312070,-10.534303,88.797546,7.591581,0.068923,0.955776,-0.018333,0.285319,-10.166780,54.892635,0.237744,0.014415,0.953503,-0.084477,0.288944,-16.525358,10.635394,0.046143,-0.082759,0.930893,-0.077416,0.347269,2.580011,88.053177,19.324684,0.002464,0.968638,-0.131541,0.210788,6.060304,54.249119,26.319653,0.023807,0.817298,-0.090565,0.568556,3.367419,11.084885,37.667274,0.014415,0.953503,-0.084477,0.288944,-9.715657,2.757312,-9.894678,0.023807,0.817298,-0.090565,0.568556,14.774579,3.148068,33.906982
4,0.033333,0.046126,0.931939,-0.061555,0.354364,-3.971059,88.425003,13.456136,-0.014910,0.901742,0.135858,0.410100,-3.035196,95.560738,12.863708,-0.022174,0.898913,-0.051493,0.434526,-5.735013,114.350143,17.407394,0.060347,0.948626,-0.094419,0.295892,-5.646938,132.263611,15.391186,0.068392,0.986003,-0.057365,0.140817,-2.352757,145.192215,12.012034,-0.063287,0.926403,0.012502,0.370966,-8.586838,126.658989,13.689210,-0.521688,0.583746,-0.307736,0.540722,-20.559765,124.855209,2.181439,-0.597362,0.531805,-0.302228,0.518653,-17.554514,102.926109,-5.040936,-0.694496,0.433717,-0.299498,0.489761,-11.502461,80.109581,-9.623346,-0.054624,0.914504,-0.100427,0.388088,-4.212382,127.254654,19.172619,0.619366,0.767329,0.154607,0.060736,7.360473,130.225616,30.846342,0.634853,0.743138,0.201507,0.064052,12.608210,107.657883,28.557497,0.532693,0.788996,0.305994,0.009569,17.074034,84.347961,24.694326,0.028427,0.944038,0.102829,0.312105,-10.528215,88.797935,7.589635,0.068958,0.955731,-0.018353,0.285458,-10.163424,54.892529,0.237965,0.014294,0.953502,-0.084525,0.288937,-16.525482,10.635781,0.046239,-0.082771,0.930888,-0.077475,0.347266,2.586098,88.052078,19.322638,0.002533,0.968643,-0.131603,0.210725,6.065736,54.248787,26.321655,0.026354,0.817233,-0.087730,0.568981,3.366394,11.086029,37.673378,0.014294,0.953502,-0.084525,0.288937,-9.714542,2.757464,-9.893545,0.026354,0.817233,-0.087730,0.568981,14.771846,3.167698,33.869205
5,0.041667,0.046083,0.931958,-0.061537,0.354322,-3.963166,88.424393,13.455112,-0.014975,0.901767,0.135898,0.410029,-3.028005,95.560211,12.862666,-0.022093,0.898954,-0.051493,0.434445,-5.730416,114.349106,17.406912,0.060107,0.948667,-0.094398,0.295816,-5.639916,132.262711,15.391928,0.068487,0.985989,-0.057430,0.140844,-2.352390,145.192535,12.010952,-0.063379,0.926422,0.012597,0.370901,-8.580976,126.658653,13.690069,-0.521855,0.583900,-0.307538,0.540508,-20.555136,124.853134,2.183851,-0.597509,0.531835,-0.302128,0.518511,-17.552540,102.923820,-5.038989,-0.694554,0.433701,-0.299419,0.489741,-11.499105,80.107224,-9.619255,-0.054722,0.914502,-0.100446,0.388074,-4.205485,127.253258,19.172770,0.619559,0.767454,0.153534,0.059900,7.367378,130.227417,30.845675,0.634796,0.743357,0.201026,0.063588,12.608698,107.658195,28.556860,0.532643,0.789042,0.305963,0.009581,17.080835,84.349602,24.693029,0.028502,0.944032,0.102830,0.312116,-10.520924,88.796791,7.589246,0.068992,0.955729,-0.018384,0.285453,-10.160892,54.891693,0.235917,0.014384,0.953472,-0.084506,0.289037,-16.526552,10.635463,0.045994,-0.082722,0.930875,-0.077527,0.347302,2.594591,88.051994,19.320978,0.002591,0.968694,-0.131610,0.210486,6.069546,54.248692,26.322285,0.026393,0.817264,-0.087760,0.568930,3.367844,11.086127,37.674187,0.014384,0.953472,-0.084506,0.289037,-9.714527,2.756959,-9.892899,0.026393,0.817264,-0.087760,0.568930,14.772042,3.166620,33.868702
6,0.050000,0.046040,0.931994,-0.061487,0.354242,-3.954428,88.422272,13.453117,-0.015143,0.901791,0.135961,0.409949,-3.020146,95.558235,12.861032,-0.022035,0.898986,-0.051532,0.434376,-5.729050,114.346268,17.404964,0.060101,0.948674,-0.094354,0.295807,-5.636200,132.259827,15.389644,0.068515,0.985977,-0.057461,0.140905,-2.349185,145.190033,12.009692,-0.063421,0.926437,0.012674,0.370851,-8.578333,126.656166,13.688311,-0.521948,0.583861,-0.307567,0.540443,-20.553545,124.850258,2.183243,-0.597559,0.531817,-0.302074,0.518503,-17.549696,102.919540,-5.034799,-0.694726,0.433490,-0.299512,0.489628,-11.493790,80.103638,-9.615205,-0.054726,0.914511,-0.100431,0.388056,-4.201959,127.250229,19.170366,0.619523,0.767526,0.153375,0.059758,7.371354,130.224274,30.842855,0.634831,0.743384,0.200857,0.063449,12.615554,107.655739,28.554016,0.532187,0.789402,0.305830,0.009458,17.086393,84.346909,24.690100,0.028525,0.944047,0.102822,0.312074,-10.513247,88.794388,7.588419,0.069029,0.955747,-0.018409,0.285382,-10.155268,54.889275,0.235044,0.014467,0.953485,-0.084402,0.289020,-16.524765,10.633588,0.046796,-0.082673,0.930875,-0.077563,0.347307,2.604391,88.050163,19.317814,0.002625,0.968641,-0.131646,0.210709,6.075311,54.246700,26.320318,0.026170,0.817280,-0.087776,0.568914,3.367421,11.084986,37.673981,0.014467,0.953485,-0.084402,0.289020,-9.713748,2.756882,-9.894213,0.026170,0.817280,-0.087776,0.568914,14.774023,3.168354,33.869705
7,0.058333,0.045930,0.932006,-0.061475,0.354227,-3.946018,88.420021,13.453333,-0.014392,0.901763,0.136138,0.409979,-3.013277,95.556152,12.860826,-0.022754,0.898914,-0.051721,0.434467,-5.698734,114.343170,17.422878,0.059842,0.948655,-0.094331,0.295931,-5.626019,132.254852,15.390214,0.068485,0.985970,-0.057556,0.140928,-2.345143,145.186371,12.009265,-0.063447,0.926528,0.012727,0.370619,-8.561477,126.646194,13.693846,-0.521716,0.583950,-0.307620,0.540541,-20.542330,124.839828,2.194728,-0.597533,0.531771,-0.302019,0.518611,-17.544815,102.910545,-5.030271,-0.694777,0.433438,-0.299375,0.489684,-11.484986,80.096397,-9.614266,-0.055022,0.914487,-0.100513,0.388050,-4.186667,127.250580,19.176020,0.619673,0.767382,0.153508,0.059714,7.385734,130.234665,30.846851,0.634876,0.743330,0.200862,0.063626,12.621496,107.664856,28.551119,0.531405,0.789793,0.306184,0.009302,17.088531,84.354370,24.692818,0.028585,0.944048,0.102868,0.312048,-10.505204,88.790436,7.588941,0.069008,0.955725,-0.018421,0.285462,-10.150326,54.886215,0.231320,0.012837,0.953615,-0.084152,0.288741,-16.518337,10.630310,0.044049,-0.082607,0.930842,-0.077561,0.347409,2.613168,88.049606,19.317726,0.002664,0.968646,-0.131671,0.210666,6.079154,54.245358,26.318901,0.026267,0.817285,-0.087707,0.568914,3.367914,11.084270,37.674122,0.012837,0.953615,-0.084152,0.288741,-9.690773,2.771152,-9.899501,0.026267,0.817285,-0.087707,0.568914,14.773944,3.167583,33.868252
8,0.066667,0.045970,0.932020,-0.061437,0.354191,-3.940228,88.421257,13.451615,-0.014469,0.901788,0.136213,0.409898,-3.007178,95.557404,12.859796,-0.022776,0.898953,-0.051744,0.434382,-5.696127,114.343536,17.423405,0.059806,0.948670,-0.094376,0.295875,-5.623936,132.255096,15.389681,0.068578,0.985960,-0.057606,0.140928,-2.343928,145.186401,12.007052,-0.063558,0.926553,0.012670,0.370541,-8.559669,126.646332,13.694191,-0.521692,0.583917,-0.307691,0.540560,-20.541998,124.835754,2.197269,-0.597551,0.531770,-0.301954,0.518630,-17.544725,102.905869,-5.026038,-0.694828,0.433504,-0.299326,0.489584,-11.482922,80.092659,-9.612112,-0.055030,0.914519,-0.100578,0.387958,-4.183830,127.251053,19.175508,0.619483,0.767298,0.154432,0.060372,7.390918,130.235977,30.843807,0.634851,0.743224,0.201207,0.064023,12.633980,107.668068,28.546068,0.531693,0.789645,0.306065,0.009298,17.100121,84.356812,24.691299,0.028584,0.944079,0.102828,0.311969,-10.499803,88.792610,7.587714,0.069104,0.955762,-0.018453,0.285313,-10.146327,54.887814,0.232664,0.014491,0.953504,-0.084462,0.288938,-16.523325,10.633194,0.046684,-0.082538,0.930897,-0.077611,0.347269,2.619346,88.049904,19.315517,0.002669,0.968621,-0.131661,0.210789,6.080709,54.245399,26.317764,0.026155,0.817254,-0.087803,0.568949,3.367768,11.084064,37.671661,0.014491,0.953504,-0.084462,0.288938,-9.714684,2.754910,-9.894704,0.026155,0.817254,-0.087803,0.568949,14.774686,3.167170,33.868877
9,0.075000,0.045859,0.932050,-0.061429,0.354128,-3.932239,88.417358,13.451356,-0.014441,0.901815,0.136263,0.409822,-3.000758,95.553665,12.859005,-0.022776,0.898982,-0.051842,0.434310,-5.689149,114.339294,17.425026,0.060243,0.948653,-0.094450,0.295816,-5.615610,132.250488,15.388113,0.068135,0.986024,-0.057710,0.140653,-2.324236,145.179291,12.006981,-0.063656,0.926614,0.012739,0.370368,-8.552114,126.641678,13.694057,-0.521653,0.583914,-0.307717,0.540585,-20.538290,124.828720,2.201523,-0.597576,0.531792,-0.301809,0.518663,-17.541626,102.898933,-5.022316,-0.694926,0.433543,-0.299153,0.489516,-11.476798,80.087570,-9.613572,-0.055166,0.914485,-0.100600,0.388011,-4.175401,127.246979,19.174614,0.619639,0.767451,0.153360,0.059568,7.397467,130.236465,30.843603,0.634825,0.743433,0.200673,0.063518,12.636034,107.667351,28.547400,0.531921,0.789546,0.305929,0.009191,17.106831,84.357140,24.691782,0.028704,0.944024,0.102874,0.312109,-10.492781,88.787033,7.588431,0.069136,0.955732,-0.018524,0.285401,-10.145114,54.883362,0.227920,0.014429,0.953505,-0.084313,0.288983,-16.526642,10.629376,0.046585,-0.082488,0.930905,-0.077645,0.347250,2.628304,88.047684,19.314280,0.002719,0.968604,-0.131665,0.210862,6.085755,54.242970,26.317429,0.026236,0.817242,-0.087768,0.568967,3.367567,11.081761,37.670540,0.014429,0.953505,-0.084313,0.288983,-9.715562,2.754992,-9.896222,0.026236,0.817242,-0.087768,0.568967,14.773991,3.164385,33.867283
10,0.083333,0.045817,0.932052,-0.061399,0.354132,-3.925408,88.415817,13.450246,-0.014404,0.901824,0.136339,0.409777,-2.994642,95.552231,12.858078,-0.022967,0.898992,-0.051887,0.434274,-5.682737,114.337074,17.427477,0.059820,0.948682,-0.094346,0.295841,-5.614733,132.247787,15.386121,0.068498,0.985964,-0.057800,0.140862,-2.334746,145.179291,12.004208,-0.063639,0.926645,0.012741,0.370292,-8.549715,126.637688,13.693720,-0.521711,0.583947,-0.307666,0.540523,-20.537842,124.825157,2.203152,-0.597663,0.531821,-0.301730,0.518580,-17.541525,102.895164,-5.020224,-0.694979,0.433662,-0.299072,0.489385,-11.475843,80.083954,-9.611112,-0.055171,0.914523,-0.100635,0.387912,-4.172686,127.245651,19.173729,0.619624,0.767487,0.153262,0.059511,7.402729,130.235474,30.840101,0.634817,0.743472,0.200574,0.063467,12.642482,107.666550,28.544870,0.532194,0.789404,0.305823,0.009118,17.114120,84.356270,24.690619,0.028713,0.944086,0.102808,0.311941,-10.485966,88.784973,7.587306,0.069163,0.955747,-0.018501,0.285346,-10.141612,54.880405,0.230768,0.014567,0.953518,-0.084268,0.288948,-16.524878,10.626679,0.047196,-0.082422,0.931003,-0.077696,0.346992,2.635149,88.046654,19.313187,0.002801,0.968664,-0.131691,0.210569,6.089085,54.241745,26.317137,0.026158,0.817277,-0.087811,0.568914,3.366715,11.081186,37.671711,0.014567,0.953518,-0.084268,0.288948,-9.716191,2.752306,-9.897261,0.026158,0.817277,-0.087811,0.568914,14.773167,3.164053,33.868015
11,0.091667,0.045939,0.932037,-0.061548,0.354130,-3.920975,88.417519,13.447300,-0.014363,0.901824,0.136536,0.409714,-2.987808,95.553505,12.853765,-0.023081,0.899015,-0.051966,0.434211,-5.677252,114.336304,17.430794,0.059748,0.948728,-0.094387,0.295698,-5.611861,132.246536,15.385108,0.068644,0.985983,-0.057834,0.140646,-2.334121,145.177994,12.000944,-0.063658,0.926705,0.012614,0.370144,-8.546354,126.635635,13.694477,-0.521947,0.584010,-0.307427,0.540364,-20.538059,124.820770,2.208018,-0.597639,0.531990,-0.301771,0.518410,-17.538271,102.891159,-5.015058,-0.694895,0.433635,-0.298975,0.489587,-11.482409,80.077133,-9.604929,-0.055176,0.914562,-0.100654,0.387815,-4.168628,127.245483,19.173717,0.619446,0.767387,0.154214,0.060191,7.409290,130.235458,30.837568,0.634861,0.743332,0.200836,0.063823,12.655513,107.668259,28.540188,0.532277,0.789427,0.305627,0.008914,17.122242,84.356400,24.689819,0.028818,0.943895,0.102681,0.312551,-10.481353,88.787750,7.584229,0.069168,0.955802,-0.018464,0.285161,-10.141921,54.881798,0.233874,0.014629,0.953519,-0.084318,0.288925,-16.524679,10.628012,0.048215,-0.082426,0.930948,-0.077700,0.347138,2.639403,88.047287,19.310369,0.002834,0.968670,-0.131709,0.210529,6.092392,54.242455,26.315155,0.026288,0.817230,-0.087695,0.568993,3.367286,11.082334,37.670750,0.014629,0.953519,-0.084318,0.288925,-9.717538,2.752045,-9.896035,0.026288,0.817230,-0.087695,0.568993,14.773989,3.165650,33.866890
12,0.100000,0.045793,0.932096,-0.061476,0.354006,-3.915102,88.414383,13.451305,-0.014457,0.901877,0.136407,0.409636,-2.984344,95.550690,12.857855,-0.023033,0.899047,-0.051989,0.434144,-5.674630,114.334778,17.429127,0.059742,0.948754,-0.094375,0.295619,-5.607467,132.245010,15.383443,0.068628,0.985993,-0.057914,0.140547,-2.330382,145.176620,11.999166,-0.063636,0.926729,0.012635,0.370086,-8.542850,126.634445,13.693227,-0.521980,0.583989,-0.307516,0.540304,-20.536093,124.820450,2.208232,-0.597655,0.532030,-0.301724,0.518378,-17.537685,102.889061,-5.010019,-0.694930,0.433694,-0.298791,0.489597,-11.482514,80.075134,-9.601235,-0.055120,0.914569,-0.100780,0.387773,-4.164269,127.243790,19.171843,0.619634,0.767528,0.153055,0.059402,7.414937,130.233566,30.834467,0.634923,0.743537,0.200123,0.063058,12.654716,107.664429,28.541365,0.532254,0.789718,0.304916,0.008751,17.122355,84.353661,24.685448,0.028821,0.943921,0.102792,0.312435,-10.477265,88.782845,7.590118,0.069243,0.955774,-0.018502,0.285236,-10.136463,54.878487,0.232491,0.014382,0.953508,-0.084358,0.288963,-16.526518,10.625747,0.047696,-0.082401,0.931028,-0.077761,0.346915,2.647061,88.045921,19.312492,0.002929,0.968706,-0.131697,0.210369,6.098619,54.241455,26.319780,0.026230,0.817275,-0.087675,0.568934,3.367402,11.081112,37.673058,0.014382,0.953508,-0.084358,0.288963,-9.715454,2.750658,-9.894566,0.026230,0.817275,-0.087675,0.568934,14.774379,3.165593,33.867592
13,0.108333,0.045700,0.932127,-0.061395,0.353952,-3.906424,88.411285,13.450670,-0.014251,0.901913,0.136414,0.409562,-2.977365,95.547859,12.857780,-0.023793,0.899046,-0.051640,0.434146,-5.660158,114.332092,17.432816,0.060221,0.948632,-0.094566,0.295851,-5.623073,132.242340,15.386549,0.068430,0.985970,-0.058086,0.140734,-2.331186,145.170258,12.002496,-0.063488,0.926692,0.012559,0.370208,-8.549240,126.626839,13.696781,-0.522283,0.584111,-0.307228,0.540043,-20.540098,124.816597,2.208699,-0.597880,0.532084,-0.301539,0.518170,-17.540098,102.884987,-5.008222,-0.694970,0.433864,-0.298733,0.489426,-11.482323,80.071350,-9.597497,-0.054935,0.914731,-0.100882,0.387392,-4.171185,127.243660,19.174978,0.619577,0.767616,0.152868,0.059341,7.418586,130.228088,30.828476,0.634891,0.743617,0.199958,0.062965,12.661984,107.659409,28.539213,0.532375,0.789663,0.304855,0.008492,17.132132,84.348747,24.685564,0.028862,0.943956,0.102789,0.312329,-10.469410,88.778809,7.590344,0.069274,0.955794,-0.018522,0.285159,-10.132210,54.874557,0.232001,0.014191,0.953528,-0.084240,0.288939,-16.525475,10.622272,0.048549,-0.082338,0.931107,-0.077851,0.346698,2.656561,88.043762,19.310995,0.002975,0.968718,-0.131698,0.210317,6.103503,54.239548,26.321756,0.026192,0.817293,-0.087685,0.568909,3.368892,11.079240,37.674343,0.014191,0.953528,-0.084240,0.288939,-9.711866,2.751287,-9.895220,0.026192,0.817293,-0.087685,0.568909,14.775970,3.164037,33.868523
14,0.116667,0.045815,0.932100,-0.061496,0.353991,-3.898422,88.413322,13.445557,-0.014611,0.901908,0.136631,0.409489,-2.967281,95.549568,12.851948,-0.022998,0.899121,-0.052130,0.433977,-5.665832,114.331078,17.428905,0.059712,0.948764,-0.094357,0.295598,-5.595710,132.240829,15.379182,0.068332,0.985995,-0.058069,0.140612,-2.319627,145.172714,11.994993,-0.063808,0.926815,0.012594,0.369842,-8.532845,126.630508,13.691264,-0.522255,0.584246,-0.307178,0.539952,-20.531374,124.810394,2.212765,-0.598035,0.532106,-0.301284,0.518116,-17.537325,102.878799,-5.006669,-0.695073,0.434157,-0.298695,0.489042,-11.473299,80.067680,-9.600207,-0.055194,0.914596,-0.100850,0.387681,-4.152198,127.240166,19.168190,0.619574,0.767623,0.152851,0.059331,7.429133,130.232849,30.827957,0.634933,0.743605,0.199881,0.062929,12.672761,107.664192,28.538858,0.532609,0.789542,0.304763,0.008369,17.140556,84.352966,24.685820,0.028979,0.943924,0.102630,0.312466,-10.460738,88.782051,7.584560,0.069310,0.955735,-0.018476,0.285350,-10.133579,54.875992,0.234076,0.014560,0.953480,-0.084307,0.289062,-16.528708,10.624003,0.044526,-0.082251,0.931042,-0.077865,0.346889,2.663893,88.044594,19.306553,0.002964,0.968690,-0.131733,0.210424,6.103443,54.239548,26.316912,0.026383,0.817248,-0.087599,0.568979,3.367867,11.080071,37.672424,0.014560,0.953480,-0.084307,0.289062,-9.717592,2.748817,-9.897618,0.026383,0.817248,-0.087599,0.568979,14.774111,3.163870,33.866188
15,0.125000,0.045621,0.932162,-0.061460,0.353857,-3.893012,88.407997,13.449457,-0.014240,0.901940,0.136513,0.409469,-2.964742,95.544571,12.855198,-0.024171,0.899035,-0.051991,0.434107,-5.648248,114.327751,17.434145,0.060571,0.948627,-0.094488,0.295821,-5.617981,132.236023,15.370626,0.068095,0.986039,-0.058186,0.140376,-2.317955,145.163086,11.991259,-0.063570,0.926730,0.012856,0.370088,-8.542204,126.617828,13.686511,-0.522570,0.584172,-0.307266,0.539676,-20.535677,124.808594,2.201001,-0.597979,0.532409,-0.301498,0.517746,-17.540146,102.871941,-5.002421,-0.695089,0.434167,-0.298296,0.489255,-11.497805,80.053619,-9.588710,-0.054931,0.914744,-0.100754,0.387394,-4.163925,127.241554,19.163750,0.619418,0.767787,0.152662,0.059327,7.425793,130.224243,30.817747,0.634910,0.743659,0.199772,0.062860,12.678453,107.656990,28.535534,0.532666,0.789524,0.304715,0.008259,17.148064,84.345917,24.683744,0.029044,0.943910,0.102823,0.312437,-10.457316,88.773956,7.590510,0.069323,0.955643,-0.018597,0.285647,-10.130403,54.870934,0.226076,0.014453,0.953490,-0.084202,0.289063,-16.529591,10.619497,0.044560,-0.082164,0.931125,-0.077870,0.346686,2.671292,88.042038,19.308405,0.003095,0.968740,-0.131727,0.210196,6.106684,54.236042,26.316238,0.023783,0.817195,-0.090287,0.568748,3.362544,11.076483,37.669388,0.014453,0.953490,-0.084202,0.289063,-9.716574,2.747509,-9.898819,0.023783,0.817195,-0.090287,0.568748,14.774416,3.145564,33.910946
16,0.133333,0.045582,0.932167,-0.061480,0.353847,-3.887089,88.406013,13.448709,-0.014385,0.901951,0.136554,0.409427,-2.959247,95.542595,12.853958,-0.024132,0.899054,-0.052045,0.434064,-5.648314,114.325180,17.432079,0.060342,0.948667,-0.094375,0.295776,-5.616053,132.233337,15.367439,0.068277,0.986015,-0.058336,0.140392,-2.322922,145.162338,11.988811,-0.063539,0.926759,0.012781,0.370023,-8.541104,126.615372,13.683930,-0.522604,0.584111,-0.307330,0.539674,-20.536320,124.806068,2.200256,-0.597925,0.532465,-0.301531,0.517731,-17.539244,102.868439,-4.999559,-0.695149,0.434053,-0.298250,0.489298,-11.500762,80.049255,-9.586679,-0.054884,0.914759,-0.100840,0.387344,-4.162271,127.238907,19.160746,0.619409,0.767838,0.152491,0.059195,7.428920,130.221146,30.813391,0.634904,0.743722,0.199591,0.062754,12.682798,107.654129,28.531584,0.532593,0.789649,0.304519,0.008184,17.153419,84.342918,24.681797,0.029063,0.943994,0.102806,0.312189,-10.451582,88.771217,7.589927,0.069378,0.955654,-0.018610,0.285596,-10.128234,54.868031,0.226106,0.014042,0.953500,-0.084233,0.289042,-16.532436,10.617325,0.044601,-0.082172,0.931156,-0.077878,0.346598,2.677403,88.040810,19.307491,0.003239,0.968655,-0.131680,0.210614,6.113770,54.235004,26.315731,0.026078,0.817050,-0.087651,0.569269,3.353175,11.074415,37.660969,0.014042,0.953500,-0.084233,0.289042,-9.714578,2.747613,-9.897260,0.026078,0.817050,-0.087651,0.569269,14.765656,3.161850,33.865879
17,0.141667,0.045663,0.932053,-0.061056,0.354209,-3.871014,88.413940,13.433677,-0.014845,0.901914,0.136860,0.409390,-2.944005,95.551170,12.845395,-0.022992,0.899187,-0.052318,0.433817,-5.653920,114.329956,17.426773,0.060192,0.948801,-0.094632,0.295293,-5.581000,132.239014,15.371063,0.067727,0.986126,-0.058315,0.139883,-2.292181,145.166534,11.982586,-0.064044,0.926869,0.012671,0.369664,-8.519794,126.628700,13.686001,-0.522343,0.584351,-0.307396,0.539629,-20.521742,124.802040,2.212111,-0.597962,0.532613,-0.301429,0.517596,-17.539644,102.864632,-4.994614,-0.695344,0.434262,-0.298092,0.488932,-11.505750,80.044762,-9.584340,-0.055270,0.914600,-0.100953,0.387634,-4.137188,127.239334,19.161251,0.619344,0.767513,0.154015,0.060142,7.445073,130.235504,30.819199,0.634996,0.743442,0.200138,0.063396,12.697437,107.669212,28.526875,0.532647,0.789654,0.304413,0.008191,17.158560,84.355438,24.681574,0.029303,0.943921,0.102371,0.312529,-10.430849,88.782639,7.569901,0.069415,0.955805,-0.018503,0.285090,-10.130124,54.874229,0.229187,0.013240,0.953505,-0.085008,0.288838,-16.534895,10.623634,0.041018,-0.082072,0.931189,-0.078087,0.346487,2.688822,88.045242,19.297453,0.003169,0.968800,-0.131782,0.209881,6.114512,54.240562,26.316326,0.026293,0.817320,-0.087857,0.568839,3.366586,11.082352,37.673672,0.013240,0.953505,-0.085008,0.288838,-9.714243,2.741832,-9.889343,0.026293,0.817320,-0.087857,0.568839,14.770205,3.162310,33.867558
18,0.150000,0.045628,0.932066,-0.060994,0.354191,-3.862233,88.414825,13.432225,-0.014321,0.901906,0.136763,0.409458,-2.936016,95.552208,12.844573,-0.024464,0.899059,-0.051975,0.434044,-5.626344,114.332619,17.430857,0.060601,0.948711,-0.094722,0.295472,-5.606000,132.240433,15.363296,0.068036,0.986135,-0.058389,0.139641,-2.305224,145.165421,11.976744,-0.063758,0.926850,0.012701,0.369760,-8.527495,126.620293,13.680930,-0.522628,0.584308,-0.307327,0.539439,-20.528275,124.802933,2.204345,-0.598076,0.532662,-0.301358,0.517455,-17.541853,102.863274,-4.993727,-0.695409,0.434290,-0.298126,0.488794,-11.508447,80.042877,-9.581464,-0.054875,0.914767,-0.100861,0.387320,-4.148644,127.247597,19.157303,0.619254,0.767639,0.153764,0.060094,7.443190,130.229736,30.809330,0.634940,0.743512,0.200075,0.063334,12.700994,107.664047,28.523535,0.532570,0.789710,0.304401,0.008274,17.165876,84.350914,24.678734,0.029312,0.943953,0.102327,0.312447,-10.422359,88.783363,7.568765,0.069466,0.955825,-0.018514,0.285010,-10.123800,54.874355,0.230739,0.014308,0.953480,-0.084381,0.289054,-16.533215,10.624430,0.042711,-0.082020,0.931193,-0.078153,0.346476,2.697893,88.046280,19.295687,0.003331,0.968704,-0.131672,0.210391,6.118677,54.241718,26.317554,0.026252,0.817014,-0.087688,0.569307,3.352882,11.081007,37.661068,0.014308,0.953480,-0.084381,0.289054,-9.719272,2.749361,-9.897588,0.026252,0.817014,-0.087688,0.569307,14.763316,3.165268,33.866440
19,0.158333,0.045638,0.932084,-0.060981,0.354144,-3.856387,88.414192,13.431181,-0.014682,0.901958,0.136949,0.409270,-2.930137,95.551590,12.843713,-0.023926,0.899194,-0.052043,0.433785,-5.635147,114.329597,17.431156,0.060104,0.948841,-0.094812,0.295127,-5.596862,132.238113,15.369770,0.068203,0.986134,-0.058523,0.139508,-2.309767,145.164520,11.975327,-0.063914,0.926821,0.012594,0.369809,-8.525205,126.621651,13.686994,-0.522628,0.584493,-0.307186,0.539319,-20.524105,124.798225,2.209403,-0.598120,0.532731,-0.301392,0.517313,-17.543718,102.859344,-4.993516,-0.695433,0.434289,-0.298179,0.488728,-11.514785,80.037056,-9.577741,-0.055110,0.914787,-0.100993,0.387205,-4.142827,127.242409,19.161289,0.619272,0.767610,0.153825,0.060125,7.451121,130.233109,30.809025,0.634915,0.743543,0.200050,0.063303,12.707705,107.667229,28.522348,0.532703,0.789701,0.304188,0.008290,17.174343,84.354439,24.677536,0.029304,0.943967,0.102326,0.312406,-10.417085,88.783043,7.568379,0.069485,0.955841,-0.018530,0.284951,-10.118315,54.873993,0.230540,0.014603,0.953511,-0.084350,0.288945,-16.529707,10.624346,0.043862,-0.081863,0.931033,-0.078289,0.346910,2.704311,88.045341,19.293983,0.003136,0.968757,-0.131687,0.210138,6.108480,54.240479,26.322477,0.023699,0.817249,-0.090432,0.568652,3.362219,11.080009,37.671646,0.014603,0.953511,-0.084350,0.288945,-9.721915,2.747826,-9.899507,0.023699,0.817249,-0.090432,0.568652,14.772850,3.147411,33.912991
20,0.166667,0.045745,0.932062,-0.061105,0.354165,-3.850144,88.416931,13.425962,-0.014442,0.901901,0.137153,0.409335,-2.921807,95.553963,12.837399,-0.024439,0.899100,-0.052307,0.433919,-5.621950,114.330078,17.435513,0.060653,0.948779,-0.094873,0.295193,-5.595866,132.236694,15.357601,0.067718,0.986226,-0.058553,0.139086,-2.294027,145.160202,11.966452,-0.063845,0.926920,0.012635,0.369573,-8.519725,126.616600,13.679189,-0.522623,0.584486,-0.307285,0.539275,-20.524759,124.795517,2.207643,-0.598146,0.532771,-0.301362,0.517260,-17.546841,102.855072,-4.991535,-0.695347,0.434638,-0.298140,0.488565,-11.519104,80.032501,-9.575878,-0.055028,0.914783,-0.100940,0.387241,-4.139334,127.245537,19.154140,0.619193,0.767706,0.153681,0.060074,7.454002,130.233154,30.803272,0.634778,0.743784,0.199645,0.063110,12.715435,107.668091,28.519735,0.533662,0.789255,0.303682,0.007592,17.191565,84.355881,24.682432,0.029358,0.943946,0.102210,0.312502,-10.410398,88.786728,7.562724,0.069537,0.955828,-0.018522,0.284981,-10.116947,54.876251,0.231262,0.014139,0.953504,-0.084493,0.288949,-16.532610,10.627234,0.042327,-0.081905,0.931254,-0.078281,0.346310,2.710111,88.047142,19.289202,0.003334,0.968828,-0.131831,0.209716,6.121644,54.242661,26.315964,0.024514,0.817244,-0.089762,0.568730,3.360452,11.085701,37.674881,0.014139,0.953504,-0.084493,0.288949,-9.719207,2.750784,-9.897253,0.024514,0.817244,-0.089762,0.568730,14.767854,3.154366,33.903770
21,0.175000,0.045769,0.932054,-0.061092,0.354187,-3.844322,88.417686,13.423189,-0.014383,0.901901,0.137037,0.409376,-2.915716,95.554710,12.834949,-0.024560,0.899084,-0.052147,0.433964,-5.612142,114.332130,17.429918,0.060338,0.948825,-0.094957,0.295082,-5.592352,132.239136,15.355295,0.067825,0.986237,-0.058629,0.138920,-2.298450,145.163315,11.958934,-0.063881,0.926990,0.012524,0.369395,-8.514061,126.618286,13.675631,-0.522545,0.584454,-0.307419,0.539308,-20.523348,124.794479,2.208962,-0.598097,0.532836,-0.301412,0.517221,-17.547518,102.853081,-4.988172,-0.695412,0.434681,-0.298146,0.488430,-11.524534,80.029228,-9.572378,-0.054989,0.914782,-0.100950,0.387246,-4.134307,127.247810,19.151030,0.619212,0.767676,0.153725,0.060159,7.459039,130.234390,30.800426,0.634866,0.743613,0.199962,0.063248,12.718918,107.668793,28.518444,0.532977,0.789564,0.304068,0.008158,17.188873,84.356400,24.675053,0.029406,0.943954,0.102147,0.312493,-10.404269,88.787926,7.559632,0.069556,0.955844,-0.018514,0.284925,-10.115411,54.876743,0.231224,0.014211,0.953515,-0.084529,0.288898,-16.532423,10.627926,0.041462,-0.081869,0.931214,-0.078310,0.346418,2.715625,88.047447,19.286745,0.003346,0.968840,-0.131805,0.209679,6.123327,54.242874,26.314915,0.024048,0.817209,-0.090420,0.568696,3.362062,11.085296,37.671425,0.014211,0.953515,-0.084529,0.288898,-9.721250,2.750108,-9.898565,0.024048,0.817209,-0.090420,0.568696,14.769011,3.147954,33.911602
22,0.183333,0.045746,0.932078,-0.061125,0.354120,-3.838428,88.418266,13.423250,-0.014390,0.901922,0.137073,0.409317,-2.910010,95.555267,12.834390,-0.024630,0.899100,-0.052217,0.433920,-5.606947,114.332283,17.430656,0.060325,0.948858,-0.095070,0.294943,-5.588440,132.238907,15.352694,0.067673,0.986284,-0.058684,0.138641,-2.294716,145.162186,11.952783,-0.063967,0.927026,0.012453,0.369292,-8.509972,126.617577,13.674363,-0.522799,0.584740,-0.307054,0.538961,-20.521414,124.790108,2.210546,-0.598268,0.532985,-0.301324,0.516920,-17.550671,102.848991,-4.989587,-0.695512,0.434639,-0.298130,0.488335,-11.532795,80.022987,-9.569855,-0.055049,0.914873,-0.101725,0.386819,-4.129725,127.248367,19.149214,0.619386,0.767612,0.153315,0.060216,7.474425,130.245514,30.785116,0.634908,0.743632,0.199781,0.063169,12.723923,107.676254,28.515587,0.532891,0.789645,0.304012,0.008052,17.191755,84.363075,24.674517,0.029454,0.943946,0.102202,0.312495,-10.399241,88.788017,7.560636,0.069594,0.955828,-0.018543,0.284967,-10.112354,54.877831,0.227609,0.014338,0.953489,-0.084607,0.288954,-16.533344,10.629585,0.039112,-0.081713,0.931072,-0.078443,0.346807,2.722385,88.048515,19.285866,0.003245,0.968782,-0.131753,0.209983,6.113935,54.243626,26.320326,0.024477,0.817268,-0.089870,0.568680,3.358828,11.084777,37.673534,0.014338,0.953489,-0.084607,0.288954,-9.722977,2.749061,-9.899314,0.024477,0.817268,-0.089870,0.568680,14.765215,3.151831,33.902744
23,0.191667,0.045717,0.932087,-0.061060,0.354113,-3.831892,88.418457,13.420955,-0.015054,0.901901,0.136499,0.409532,-2.904197,95.555603,12.832807,-0.023791,0.899058,-0.051677,0.434118,-5.616484,114.338005,17.397985,0.059987,0.948919,-0.095176,0.294782,-5.578821,132.248108,15.350537,0.067562,0.986312,-0.058813,0.138440,-2.293705,145.171967,11.944480,-0.064148,0.927111,0.012333,0.369051,-8.505308,126.632622,13.661313,-0.522787,0.584613,-0.307371,0.538929,-20.521923,124.797775,2.204091,-0.598193,0.533032,-0.301366,0.516935,-17.553331,102.852562,-4.984425,-0.695490,0.434764,-0.298082,0.488285,-11.539053,80.025902,-9.566110,-0.054984,0.914860,-0.101619,0.386887,-4.126905,127.249634,19.139212,0.619310,0.767711,0.153143,0.060181,7.475739,130.243637,30.777431,0.634800,0.743741,0.199767,0.063022,12.729840,107.674995,28.512440,0.533961,0.788961,0.303912,0.007962,17.205170,84.363815,24.667940,0.029513,0.943937,0.102144,0.312534,-10.392843,88.788147,7.558488,0.069591,0.955726,-0.018581,0.285305,-10.110765,54.877365,0.228000,0.014186,0.953524,-0.084598,0.288848,-16.532455,10.629213,0.040561,-0.081650,0.931074,-0.078479,0.346809,2.729060,88.048759,19.283421,0.003262,0.968796,-0.131744,0.209923,6.115660,54.243542,26.318672,0.023885,0.817252,-0.090538,0.568622,3.359941,11.084491,37.670944,0.014186,0.953524,-0.084598,0.288848,-9.722348,2.749980,-9.899071,0.023885,0.817252,-0.090538,0.568622,14.767080,3.147156,33.911686
24,0.200000,0.045715,0.932081,-0.061073,0.354127,-3.826107,88.417473,13.420382,-0.014226,0.901921,0.137061,0.409330,-2.898362,95.554604,12.832056,-0.024817,0.899080,-0.052272,0.433944,-5.589410,114.331940,17.430492,0.060124,0.948932,-0.095136,0.294723,-5.576030,132.238022,15.347830,0.067280,0.986375,-0.058966,0.138063,-2.288049,145.161621,11.943633,-0.064056,0.927118,0.012415,0.369046,-8.495850,126.615395,13.670847,-0.522889,0.584956,-0.306988,0.538676,-20.512983,124.784424,2.213559,-0.598309,0.533167,-0.301286,0.516706,-17.552147,102.841316,-4.984550,-0.695475,0.434854,-0.298089,0.488221,-11.542510,80.013069,-9.564383,-0.055303,0.914964,-0.101533,0.386617,-4.116027,127.248909,19.145723,0.619404,0.767603,0.153263,0.060293,7.492404,130.250839,30.776123,0.634774,0.743815,0.199579,0.063002,12.740487,107.680832,28.510698,0.534175,0.788983,0.303485,0.007672,17.217541,84.369087,24.671684,0.029521,0.943972,0.102111,0.312440,-10.386883,88.787025,7.557715,0.069670,0.955850,-0.018558,0.284874,-10.106752,54.875816,0.229169,0.014484,0.953504,-0.084499,0.288930,-16.534582,10.628566,0.040606,-0.081658,0.931096,-0.078515,0.346738,2.734669,88.047913,19.283051,0.003343,0.968811,-0.131813,0.209809,6.121425,54.243172,26.320532,0.024434,0.817341,-0.089862,0.568579,3.358702,11.085793,37.677444,0.014484,0.953504,-0.084499,0.288930,-9.726199,2.749461,-9.900303,0.024434,0.817341,-0.089862,0.568579,14.764634,3.153525,33.903873
25,0.208333,0.045710,0.932082,-0.061048,0.354128,-3.819928,88.418976,13.419071,-0.014319,0.901924,0.137066,0.409318,-2.892373,95.556152,12.831057,-0.024795,0.899087,-0.052259,0.433932,-5.586709,114.333328,17.428198,0.059811,0.949002,-0.095267,0.294519,-5.572865,132.239502,15.346291,0.067375,0.986404,-0.059005,0.137792,-2.292885,145.163376,11.935325,-0.064124,0.927119,0.012460,0.369031,-8.492894,126.617027,13.669148,-0.522607,0.584780,-0.307451,0.538877,-20.510120,124.784485,2.212199,-0.598297,0.532867,-0.301141,0.517115,-17.552944,102.838852,-4.979735,-0.695144,0.435452,-0.298224,0.488076,-11.523733,80.017227,-9.566907,-0.055320,0.915002,-0.101525,0.386528,-4.112905,127.250183,19.143936,0.619238,0.767671,0.153504,0.060513,7.497786,130.252274,30.772045,0.634823,0.743730,0.199728,0.063043,12.754169,107.683983,28.508898,0.534646,0.788665,0.303486,0.007624,17.227951,84.372238,24.666061,0.029582,0.943912,0.102100,0.312618,-10.380706,88.788605,7.556408,0.069688,0.955724,-0.018623,0.285287,-10.103472,54.877491,0.227264,0.014018,0.953522,-0.084682,0.288840,-16.534393,10.630679,0.041001,-0.081641,0.931049,-0.078589,0.346851,2.740851,88.049339,19.281733,0.003300,0.968788,-0.131799,0.209923,6.123853,54.245216,26.323977,0.026378,0.817390,-0.087813,0.568741,3.363819,11.087483,37.680191,0.014018,0.953522,-0.084682,0.288840,-9.722596,2.750728,-9.896903,0.026378,0.817390,-0.087813,0.568741,14.765787,3.166996,33.870052
26,0.216667,0.045574,0.932120,-0.060949,0.354064,-3.813190,88.414909,13.420945,-0.015068,0.901963,0.136447,0.409411,-2.888008,95.552437,12.833488,-0.023900,0.899108,-0.051861,0.433986,-5.599342,114.335373,17.397015,0.059667,0.949082,-0.095334,0.294268,-5.562625,132.244614,15.341920,0.067162,0.986460,-0.059037,0.137479,-2.287060,145.168549,11.926971,-0.064218,0.927228,0.012340,0.368744,-8.489471,126.628326,13.655916,-0.522979,0.584890,-0.307236,0.538519,-20.513361,124.791039,2.206728,-0.598447,0.533041,-0.301012,0.516838,-17.556015,102.843109,-4.978094,-0.695196,0.435562,-0.298160,0.487943,-11.531954,80.019882,-9.564015,-0.055332,0.914955,-0.101467,0.386653,-4.109537,127.247772,19.132313,0.619257,0.767792,0.152956,0.060177,7.497880,130.249817,30.763695,0.634730,0.743908,0.199438,0.062788,12.755069,107.681313,28.504557,0.534663,0.788711,0.303337,0.007537,17.236076,84.370758,24.662880,0.029622,0.943948,0.102152,0.312489,-10.374987,88.783020,7.559329,0.069727,0.955731,-0.018666,0.285251,-10.100226,54.872791,0.225993,0.014280,0.953530,-0.084424,0.288876,-16.535603,10.626614,0.042631,-0.081573,0.931066,-0.078609,0.346818,2.748607,88.046799,19.282562,0.003386,0.968786,-0.131835,0.209908,6.127012,54.242126,26.324409,0.024500,0.817379,-0.089722,0.568544,3.359006,11.085283,37.682091,0.014280,0.953530,-0.084424,0.288876,-9.725374,2.750699,-9.899549,0.024500,0.817379,-0.089722,0.568544,14.765005,3.154735,33.905102
27,0.225000,0.045578,0.932133,-0.060994,0.354020,-3.809887,88.412392,13.419620,-0.015046,0.902001,0.136434,0.409334,-2.884453,95.549843,12.831539,-0.023957,0.899144,-0.051924,0.433900,-5.594366,114.332947,17.395180,0.059541,0.949147,-0.095365,0.294076,-5.558694,132.241852,15.337166,0.067064,0.986507,-0.059095,0.137168,-2.287082,145.166077,11.919536,-0.064204,0.927314,0.012210,0.368535,-8.485655,126.625206,13.652627,-0.522984,0.584907,-0.307237,0.538495,-20.514736,124.786469,2.209120,-0.598460,0.533145,-0.300992,0.516725,-17.558348,102.838310,-4.975411,-0.695234,0.435755,-0.298155,0.487720,-11.539080,80.013832,-9.561425,-0.055395,0.914936,-0.101474,0.386688,-4.104705,127.245689,19.128098,0.619096,0.767854,0.153198,0.060424,7.501575,130.249847,30.760075,0.634800,0.743828,0.199504,0.062826,12.766680,107.682861,28.504103,0.534648,0.788746,0.303277,0.007375,17.243176,84.371696,24.660870,0.029637,0.943899,0.102186,0.312627,-10.372222,88.780342,7.558593,0.069723,0.955816,-0.018731,0.284964,-10.096629,54.870667,0.222740,0.014226,0.953565,-0.084277,0.288806,-16.533354,10.624653,0.047044,-0.081555,0.931118,-0.078640,0.346676,2.752448,88.044441,19.280645,0.003445,0.968821,-0.131857,0.209731,6.130015,54.239906,26.323515,0.024472,0.817380,-0.089737,0.568541,3.358577,11.083614,37.682449,0.014226,0.953565,-0.084277,0.288806,-9.723301,2.752504,-9.898235,0.024472,0.817380,-0.089737,0.568541,14.764753,3.153165,33.905773
28,0.233333,0.045620,0.932131,-0.061150,0.353994,-3.807282,88.412399,13.421130,-0.015133,0.902014,0.136653,0.409227,-2.880505,95.549515,12.831156,-0.023941,0.899181,-0.052262,0.433785,-5.596429,114.330200,17.401249,0.059577,0.949206,-0.095397,0.293866,-5.555205,132.237869,15.332564,0.066860,0.986574,-0.059147,0.136762,-2.283517,145.161682,11.913483,-0.064249,0.927270,0.012267,0.368634,-8.484424,126.621185,13.652018,-0.523087,0.584885,-0.307334,0.538364,-20.510876,124.781891,2.205832,-0.598406,0.533276,-0.301032,0.516630,-17.556072,102.830910,-4.970750,-0.695247,0.435787,-0.298283,0.487594,-11.544659,80.004456,-9.557228,-0.055354,0.914950,-0.101694,0.386601,-4.102054,127.243469,19.126150,0.619118,0.767886,0.152996,0.060292,7.506620,130.248947,30.755402,0.634840,0.743816,0.199416,0.062845,12.771166,107.681725,28.500473,0.533767,0.789319,0.303333,0.007592,17.245136,84.369591,24.660191,0.029604,0.943912,0.102208,0.312580,-10.369881,88.780106,7.560381,0.069749,0.955719,-0.018773,0.285280,-10.092015,54.870605,0.223777,0.014235,0.953597,-0.084307,0.288691,-16.531994,10.625065,0.048856,-0.081502,0.931114,-0.078665,0.346693,2.755316,88.044693,19.281879,0.003268,0.969060,-0.131997,0.208540,6.128709,54.239815,26.325130,0.024548,0.817846,-0.089931,0.567837,3.383992,11.086720,37.702694,0.014235,0.953597,-0.084307,0.288691,-9.724729,2.752140,-9.897724,0.024548,0.817846,-0.089931,0.567837,14.780272,3.150741,33.907787
29,0.241667,0.045620,0.932125,-0.061157,0.354009,-3.800066,88.412537,13.419312,-0.015229,0.902025,0.136704,0.409183,-2.873245,95.549644,12.829259,-0.023914,0.899206,-0.052307,0.433728,-5.593155,114.329651,17.399717,0.059440,0.949240,-0.095439,0.293773,-5.550504,132.237183,15.329979,0.066601,0.986605,-0.059242,0.136621,-2.282457,145.161255,11.908329,-0.064283,0.927310,0.012215,0.368531,-8.480448,126.620689,13.650113,-0.523113,0.584930,-0.307330,0.538291,-20.509302,124.779572,2.206755,-0.598436,0.533298,-0.300909,0.516644,-17.556852,102.827904,-4.968692,-0.695152,0.436011,-0.298128,0.487626,-11.543010,80.002907,-9.559196,-0.055482,0.914968,-0.101671,0.386547,-4.097367,127.242874,19.123682,0.619107,0.767921,0.152879,0.060270,7.512216,130.251816,30.751127,0.634709,0.743883,0.199539,0.062981,12.777549,107.684502,28.498953,0.533808,0.789119,0.303777,0.007692,17.258680,84.373322,24.661224,0.029681,0.943900,0.102179,0.312619,-10.362477,88.780174,7.558353,0.069791,0.955778,-0.018751,0.285073,-10.089981,54.870583,0.221991,0.014241,0.953574,-0.084335,0.288757,-16.532961,10.625484,0.045510,-0.081455,0.931108,-0.078704,0.346712,2.762346,88.044891,19.280272,0.003302,0.969068,-0.132002,0.208500,6.131643,54.239929,26.325041,0.024675,0.817833,-0.089865,0.567860,3.384306,11.086986,37.702534,0.014241,0.953574,-0.084335,0.288757,-9.724439,2.751878,-9.899666,0.024675,0.817833,-0.089865,0.567860,14.779848,3.150462,33.906559
30,0.250000,0.045640,0.932156,-0.060944,0.353960,-3.791420,88.411400,13.412809,-0.015255,0.902050,0.136774,0.409105,-2.865438,95.548859,12.825661,-0.023998,0.899237,-0.052356,0.433655,-5.586972,114.328087,17.398346,0.059352,0.949303,-0.095486,0.293570,-5.546418,132.235306,15.325743,0.066456,0.986663,-0.059287,0.136252,-2.281303,145.159348,11.901261,-0.064301,0.927357,0.012158,0.368411,-8.476088,126.618240,13.647252,-0.523183,0.584909,-0.307359,0.538229,-20.507818,124.775734,2.207132,-0.598440,0.533448,-0.300847,0.516521,-17.555037,102.822830,-4.964376,-0.695197,0.436224,-0.298041,0.487424,-11.547091,79.996735,-9.557144,-0.055478,0.914897,-0.100917,0.386913,-4.092166,127.241730,19.120005,0.618881,0.768039,0.153220,0.060216,7.507977,130.241913,30.759129,0.634759,0.743841,0.199554,0.062917,12.786616,107.678696,28.497162,0.533634,0.789353,0.303475,0.007723,17.265053,84.367546,24.656090,0.029864,0.943838,0.102066,0.312826,-10.354410,88.780777,7.552603,0.069429,0.955863,-0.018778,0.284872,-10.094769,54.870338,0.219697,0.014494,0.953774,-0.084182,0.288130,-16.507763,10.620832,0.056070,-0.081436,0.931173,-0.078836,0.346512,2.771570,88.042030,19.273016,0.003312,0.969037,-0.131961,0.208671,6.137929,54.238285,26.325079,0.023512,0.817817,-0.091066,0.567741,3.388512,11.084377,37.698429,0.014494,0.953774,-0.084182,0.288130,-9.715715,2.748737,-9.901563,0.023512,0.817817,-0.091066,0.567741,14.786476,3.141317,33.923454
31,0.258333,0.045647,0.932152,-0.061004,0.353959,-3.787196,88.410477,13.411957,-0.015282,0.902055,0.136795,0.409085,-2.860821,95.547813,12.824043,-0.024003,0.899245,-0.052403,0.433632,-5.583561,114.326790,17.397060,0.059249,0.949350,-0.095531,0.293425,-5.542489,132.233810,15.322846,0.066275,0.986711,-0.059356,0.135962,-2.280406,145.157928,11.895755,-0.064325,0.927411,0.012057,0.368275,-8.472426,126.616707,13.644995,-0.523309,0.584562,-0.307592,0.538351,-20.507408,124.772034,2.208651,-0.598096,0.533886,-0.301149,0.516291,-17.542397,102.816582,-4.950008,-0.695380,0.436055,-0.298012,0.487331,-11.565694,79.982544,-9.544063,-0.055516,0.914907,-0.100950,0.386876,-4.088236,127.240540,19.117489,0.618868,0.768047,0.153225,0.060234,7.512739,130.242188,30.755404,0.634613,0.743983,0.199505,0.062876,12.792044,107.679070,28.494045,0.535345,0.788262,0.303302,0.007463,17.279661,84.369377,24.654818,0.029891,0.943842,0.101896,0.312868,-10.350184,88.779587,7.551736,0.069418,0.955930,-0.018667,0.284657,-10.095711,54.866852,0.229267,0.014428,0.953827,-0.084081,0.287986,-16.504982,10.616838,0.057972,-0.081502,0.931347,-0.078752,0.346048,2.775792,88.041359,19.272179,0.003607,0.968832,-0.131812,0.209706,6.151951,54.237450,26.318714,0.023665,0.817273,-0.090938,0.568538,3.367637,11.080217,37.670918,0.014428,0.953827,-0.084081,0.287986,-9.714775,2.747519,-9.903106,0.023665,0.817273,-0.090938,0.568538,14.773067,3.138252,33.916256
32,0.266667,0.045629,0.932110,-0.061298,0.354022,-3.781520,88.407120,13.416548,-0.015399,0.902133,0.136666,0.408952,-2.853862,95.543968,12.824663,-0.023847,0.899364,-0.052206,0.433417,-5.577990,114.324173,17.391787,0.059066,0.949437,-0.095664,0.293135,-5.535448,132.232208,15.326344,0.066075,0.986758,-0.059424,0.135692,-2.278488,145.156006,11.893138,-0.064479,0.927464,0.011591,0.368129,-8.466970,126.616333,13.647151,-0.523218,0.584607,-0.307556,0.538411,-20.504873,124.760994,2.215607,-0.598137,0.533957,-0.301391,0.516028,-17.541296,102.806961,-4.947988,-0.696519,0.434474,-0.298262,0.486964,-11.575258,79.967613,-9.529509,-0.055773,0.914890,-0.101035,0.386857,-4.080050,127.236877,19.117832,0.618898,0.768053,0.153153,0.060041,7.520457,130.247421,30.753916,0.634893,0.743768,0.199375,0.063004,12.799120,107.684639,28.487530,0.531768,0.790481,0.303820,0.007481,17.268887,84.370651,24.653540,0.029790,0.944051,0.102089,0.312184,-10.343750,88.774002,7.555337,0.069573,0.956037,-0.018725,0.284259,-10.083706,54.863583,0.222364,0.014226,0.953755,-0.084494,0.288113,-16.507717,10.615694,0.054690,-0.081436,0.931098,-0.078687,0.346746,2.780709,88.040245,19.277760,0.003557,0.968789,-0.131772,0.209932,6.148944,54.234875,26.321114,0.023787,0.817253,-0.090807,0.568582,3.367070,11.076647,37.670143,0.014226,0.953755,-0.084494,0.288113,-9.713850,2.738339,-9.897535,0.023787,0.817253,-0.090807,0.568582,14.772627,3.135499,33.914131
33,0.275000,0.045536,0.932273,-0.061903,0.353498,-3.786445,88.397789,13.431681,-0.015533,0.902246,0.136342,0.408806,-2.857299,95.533684,12.830679,-0.022746,0.899442,-0.052742,0.433249,-5.580254,114.317177,17.384949,0.059095,0.949570,-0.095516,0.292748,-5.494021,132.225037,15.319310,0.065035,0.986919,-0.059422,0.135019,-2.239434,145.150024,11.888313,-0.064768,0.927681,0.011612,0.367530,-8.439771,126.616379,13.640848,-0.522969,0.584861,-0.307543,0.538384,-20.491138,124.751625,2.225031,-0.598145,0.534022,-0.301312,0.515998,-17.541029,102.798889,-4.948089,-0.695953,0.435632,-0.298211,0.486769,-11.576014,79.959869,-9.532569,-0.056156,0.914566,-0.101393,0.387472,-4.050080,127.226166,19.110519,0.618991,0.767932,0.153381,0.060031,7.533096,130.254501,30.759251,0.634909,0.743723,0.199470,0.063079,12.806414,107.691261,28.484926,0.531579,0.790592,0.303861,0.007561,17.274744,84.377090,24.650417,0.029653,0.944086,0.102510,0.311952,-10.355352,88.760071,7.577667,0.069559,0.955896,-0.018808,0.284731,-10.078964,54.855061,0.220308,0.015467,0.953758,-0.083679,0.288277,-16.503719,10.607264,0.056902,-0.081474,0.931362,-0.078564,0.346056,2.782463,88.035507,19.285694,0.003720,0.968896,-0.131858,0.209382,6.161398,54.229225,26.319542,0.023937,0.817505,-0.090479,0.568267,3.370175,11.073133,37.674385,0.015467,0.953758,-0.083679,0.288277,-9.719149,2.739774,-9.909461,0.023937,0.817505,-0.090479,0.568267,14.773533,3.135814,33.903629
34,0.283333,0.045543,0.932286,-0.061942,0.353458,-3.780839,88.398422,13.430327,-0.015298,0.902262,0.136329,0.408784,-2.851430,95.534233,12.828806,-0.023832,0.899383,-0.052488,0.433344,-5.565809,114.318153,17.386442,0.059642,0.949497,-0.095714,0.292808,-5.518517,132.225159,15.312121,0.064990,0.986967,-0.059472,0.134666,-2.248231,145.146103,11.880908,-0.064474,0.927657,0.011516,0.367644,-8.451838,126.609268,13.636101,-0.523318,0.584741,-0.307398,0.538259,-20.501682,124.752548,2.217364,-0.598349,0.534024,-0.301038,0.515919,-17.540880,102.798676,-4.947872,-0.695958,0.435994,-0.298323,0.486370,-11.568047,79.962288,-9.535318,-0.056056,0.914764,-0.101125,0.387091,-4.064017,127.231285,19.105894,0.618861,0.768088,0.153142,0.060001,7.529391,130.252151,30.746380,0.634844,0.743835,0.199278,0.063014,12.810400,107.690010,28.479258,0.531832,0.790479,0.303715,0.007408,17.283085,84.375938,24.649218,0.029781,0.944044,0.102485,0.312076,-10.350236,88.760635,7.576858,0.069526,0.956005,-0.018783,0.284373,-10.081794,54.855801,0.218412,0.015384,0.953758,-0.083711,0.288272,-16.503242,10.607523,0.056094,-0.081466,0.931282,-0.078539,0.346278,2.788558,88.036209,19.283796,0.003731,0.968879,-0.131879,0.209444,6.165907,54.229568,26.316654,0.024033,0.817491,-0.090541,0.568272,3.372591,11.073995,37.672955,0.015384,0.953758,-0.083711,0.288272,-9.717810,2.739896,-9.909574,0.024033,0.817491,-0.090541,0.568272,14.774296,3.134110,33.902596
35,0.291667,0.045522,0.932305,-0.061990,0.353403,-3.776044,88.398094,13.429548,-0.015652,0.902317,0.136349,0.408642,-2.846711,95.533844,12.827222,-0.022817,0.899518,-0.052822,0.433078,-5.573159,114.317116,17.380327,0.058684,0.949704,-0.095554,0.292382,-5.488352,132.224564,15.310991,0.064981,0.986986,-0.059477,0.134529,-2.245805,145.150986,11.874038,-0.064777,0.927777,0.011431,0.367293,-8.434532,126.615456,13.634789,-0.523032,0.584783,-0.307620,0.538365,-20.491686,124.747894,2.225547,-0.598230,0.534106,-0.301176,0.515893,-17.539484,102.793716,-4.942299,-0.696663,0.434943,-0.298097,0.486440,-11.574809,79.955017,-9.528856,-0.056445,0.914630,-0.101206,0.387329,-4.042799,127.226509,19.102674,0.619005,0.768007,0.153044,0.059794,7.542982,130.260880,30.747234,0.634829,0.743850,0.199248,0.063078,12.816819,107.697632,28.474272,0.531646,0.790527,0.303912,0.007510,17.290014,84.383095,24.647673,0.029811,0.943966,0.102620,0.312264,-10.346161,88.759735,7.576855,0.069538,0.955917,-0.018939,0.284655,-10.075268,54.856956,0.209045,0.014450,0.953822,-0.083824,0.288077,-16.501654,10.609346,0.057914,-0.081332,0.931113,-0.078618,0.346747,2.794074,88.036446,19.282242,0.003815,0.968561,-0.131527,0.211132,6.157341,54.229153,26.318729,0.023530,0.816681,-0.090645,0.569440,3.343634,11.065334,37.638611,0.014450,0.953822,-0.083824,0.288077,-9.708630,2.745815,-9.905810,0.023530,0.816681,-0.090645,0.569440,14.762547,3.131901,33.906971
36,0.300000,0.045488,0.932328,-0.062041,0.353336,-3.772751,88.398972,13.428849,-0.015590,0.902331,0.136299,0.408629,-2.843659,95.534683,12.825592,-0.022875,0.899516,-0.052797,0.433081,-5.567052,114.318573,17.378000,0.058524,0.949757,-0.095692,0.292196,-5.484537,132.226013,15.308573,0.064878,0.987041,-0.059461,0.134186,-2.245974,145.151947,11.866040,-0.064856,0.927818,0.011355,0.367176,-8.429998,126.616524,13.632401,-0.523082,0.584859,-0.307558,0.538268,-20.489683,124.745476,2.226412,-0.598276,0.534115,-0.300947,0.515963,-17.539892,102.791000,-4.941515,-0.695732,0.436472,-0.297680,0.486658,-11.569090,79.955505,-9.536031,-0.056603,0.914750,-0.101913,0.386837,-4.038343,127.228165,19.100281,0.619226,0.767893,0.152674,0.059914,7.559557,130.275070,30.729490,0.634901,0.743856,0.199033,0.062960,12.819997,107.707405,28.469553,0.531329,0.790837,0.303665,0.007410,17.289511,84.391891,24.644617,0.029873,0.943853,0.102558,0.312618,-10.343755,88.759834,7.577105,0.069521,0.955963,-0.018878,0.284510,-10.075527,54.856426,0.212076,0.015410,0.953767,-0.083708,0.288243,-16.498938,10.608402,0.057156,-0.081298,0.931110,-0.078634,0.346760,2.798253,88.038116,19.280594,0.003834,0.968550,-0.131538,0.211171,6.158852,54.230606,26.317326,0.023382,0.816704,-0.090775,0.569393,3.342807,11.067072,37.637699,0.015410,0.953767,-0.083708,0.288243,-9.714493,2.740656,-9.909085,0.023382,0.816704,-0.090775,0.569393,14.761892,3.133227,33.907463
37,0.308333,0.045511,0.932327,-0.062018,0.353341,-3.767288,88.399773,13.426802,-0.015346,0.902324,0.136321,0.408647,-2.837994,95.535492,12.823974,-0.024080,0.899423,-0.052643,0.433229,-5.553243,114.319443,17.380997,0.059187,0.949647,-0.095873,0.292361,-5.511854,132.225418,15.297791,0.064816,0.987081,-0.059467,0.133916,-2.254219,145.146988,11.856877,-0.064501,0.927795,0.011364,0.367296,-8.443930,126.607826,13.625318,-0.523344,0.584581,-0.307666,0.538254,-20.502195,124.747971,2.215987,-0.598306,0.534197,-0.300940,0.515848,-17.540363,102.790627,-4.938206,-0.695672,0.436853,-0.297755,0.486355,-11.573551,79.953850,-9.531528,-0.055891,0.914910,-0.102114,0.386508,-4.054871,127.233871,19.093657,0.619048,0.768120,0.152313,0.059766,7.554204,130.260818,30.716938,0.634808,0.743970,0.198919,0.062910,12.825739,107.695023,28.464041,0.531723,0.790508,0.303831,0.007329,17.301241,84.380173,24.642014,0.029896,0.943976,0.102352,0.312313,-10.338196,88.761147,7.574975,0.069301,0.956303,-0.018759,0.283425,-10.078326,54.854893,0.222719,0.015115,0.953990,-0.083589,0.287556,-16.480129,10.603729,0.070457,-0.081436,0.931342,-0.078597,0.346111,2.803620,88.038406,19.278627,0.003850,0.968855,-0.131914,0.209532,6.178883,54.232044,26.313860,0.024437,0.817380,-0.090322,0.568449,3.373631,11.077372,37.670647,0.015115,0.953990,-0.083589,0.287556,-9.706354,2.740678,-9.906750,0.024437,0.817380,-0.090322,0.568449,14.774161,3.136061,33.899742
38,0.316667,0.045667,0.932336,-0.062182,0.353266,-3.764760,88.397537,13.427049,-0.015358,0.902355,0.136270,0.408596,-2.832599,95.532761,12.822756,-0.024108,0.899448,-0.052618,0.433178,-5.547235,114.317230,17.378002,0.059192,0.949644,-0.095709,0.292424,-5.507249,132.223251,15.295187,0.064521,0.987078,-0.059692,0.133982,-2.250407,145.146194,11.858690,-0.064604,0.927841,0.011248,0.367167,-8.439161,126.605515,13.622936,-0.523437,0.584714,-0.307576,0.538071,-20.500162,124.740913,2.217279,-0.598211,0.534493,-0.301496,0.515326,-17.542963,102.782700,-4.936130,-0.696676,0.435121,-0.297941,0.486357,-11.607470,79.933617,-9.508753,-0.055926,0.914908,-0.101795,0.386592,-4.049494,127.231720,19.090767,0.618924,0.768211,0.152387,0.059689,7.557276,130.255890,30.717066,0.634864,0.743949,0.198844,0.062843,12.836401,107.692245,28.460402,0.531560,0.790701,0.303615,0.007340,17.308899,84.376938,24.637676,0.029778,0.944007,0.102488,0.312188,-10.336341,88.760536,7.576083,0.069601,0.956113,-0.018769,0.283992,-10.066770,54.855736,0.217525,0.015060,0.953792,-0.083979,0.288101,-16.494265,10.608328,0.054727,-0.081461,0.931354,-0.078608,0.346071,2.806820,88.034538,19.278015,0.004165,0.968701,-0.131680,0.210385,6.183734,54.228592,26.314428,0.023631,0.816728,-0.090571,0.569380,3.345562,11.068622,37.642879,0.015060,0.953792,-0.083979,0.288101,-9.709480,2.736805,-9.908301,0.023631,0.816728,-0.090571,0.569380,14.763281,3.135100,33.907768
39,0.325000,0.045655,0.932364,-0.062277,0.353178,-3.759751,88.396545,13.427019,-0.015799,0.902379,0.136028,0.408605,-2.827322,95.531609,12.821296,-0.022615,0.899537,-0.052733,0.433061,-5.553684,114.318108,17.361095,0.059202,0.949780,-0.095666,0.291995,-5.463773,132.226212,15.297773,0.063402,0.987238,-0.059735,0.133317,-2.209197,145.149536,11.860519,-0.065167,0.928022,0.011146,0.366611,-8.411622,126.618530,13.619778,-0.523126,0.584994,-0.307619,0.538044,-20.483797,124.734604,2.229124,-0.598407,0.534295,-0.301106,0.515532,-17.543100,102.777328,-4.933956,-0.696819,0.435324,-0.298269,0.485770,-11.586153,79.935577,-9.515377,-0.056505,0.914662,-0.101926,0.387055,-4.019546,127.226486,19.087734,0.619114,0.767982,0.152750,0.059739,7.573079,130.271149,30.722792,0.634816,0.743953,0.198945,0.062952,12.840952,107.705948,28.455469,0.531742,0.790589,0.303591,0.007273,17.315731,84.390877,24.634010,0.029818,0.944018,0.102453,0.312162,-10.332456,88.758873,7.577273,0.069403,0.956454,-0.018739,0.282892,-10.066457,54.853737,0.220108,0.014967,0.953963,-0.083804,0.287588,-16.476587,10.603783,0.067180,-0.081511,0.931353,-0.078628,0.346056,2.812954,88.034210,19.276766,0.004217,0.968694,-0.131686,0.210413,6.192672,54.229046,26.315563,0.023715,0.816937,-0.090492,0.569090,3.349555,11.069250,37.643440,0.014967,0.953963,-0.083804,0.287588,-9.701084,2.736843,-9.905783,0.023715,0.816937,-0.090492,0.569090,14.763964,3.135715,33.898243
40,0.333333,0.045552,0.932363,-0.062142,0.353218,-3.740567,88.396858,13.419125,-0.015994,0.902399,0.136494,0.408398,-2.810176,95.532295,12.814734,-0.022977,0.899608,-0.052955,0.432866,-5.549748,114.313599,17.368074,0.058248,0.949922,-0.095597,0.291748,-5.468554,132.220276,15.291924,0.063939,0.987210,-0.059661,0.133298,-2.240037,145.148224,11.847539,-0.064903,0.928026,0.011069,0.366650,-8.414695,126.610100,13.619229,-0.523417,0.585167,-0.307257,0.537780,-20.487074,124.733421,2.227595,-0.598607,0.534325,-0.300753,0.515475,-17.545427,102.776848,-4.937268,-0.695587,0.437247,-0.297121,0.486511,-11.579763,79.938698,-9.525239,-0.056965,0.914693,-0.101259,0.387091,-4.020482,127.223877,19.084818,0.618959,0.768135,0.152690,0.059534,7.569479,130.274124,30.721069,0.634881,0.743916,0.198902,0.062877,12.847447,107.711700,28.449661,0.531101,0.791030,0.303558,0.007469,17.318701,84.396278,24.626123,0.030087,0.943949,0.102416,0.312355,-10.312932,88.758301,7.568944,0.069359,0.956303,-0.018937,0.283400,-10.063878,54.853756,0.208475,0.015443,0.953955,-0.083532,0.287670,-16.475195,10.603923,0.070179,-0.081330,0.931376,-0.078739,0.346012,2.831798,88.035416,19.269306,0.004244,0.968683,-0.131726,0.210439,6.197508,54.229416,26.310837,0.023777,0.816906,-0.090499,0.569131,3.351020,11.070601,37.641602,0.015443,0.953955,-0.083532,0.287670,-9.703013,2.739847,-9.907295,0.023777,0.816906,-0.090499,0.569131,14.765042,3.136096,33.897289
41,0.341667,0.045618,0.932403,-0.062179,0.353097,-3.750605,88.397697,13.419119,-0.015914,0.902447,0.136123,0.408419,-2.819221,95.532990,12.814445,-0.022717,0.899632,-0.052647,0.432867,-5.550193,114.318344,17.356249,0.058387,0.949916,-0.095947,0.291626,-5.465380,132.226608,15.294104,0.063447,0.987271,-0.059668,0.133076,-2.231337,145.151001,11.841546,-0.065060,0.928049,0.011103,0.366564,-8.412669,126.618347,13.617042,-0.523627,0.585138,-0.307353,0.537552,-20.486477,124.737144,2.227665,-0.598678,0.534443,-0.300496,0.515420,-17.546021,102.776421,-4.924944,-0.695669,0.437570,-0.297686,0.485757,-11.579026,79.940201,-9.520800,-0.056901,0.914812,-0.102164,0.386579,-4.018296,127.226959,19.083080,0.619196,0.768046,0.152203,0.059472,7.585140,130.285461,30.703735,0.634825,0.744048,0.198627,0.062751,12.849787,107.718918,28.442225,0.531188,0.791024,0.303428,0.007262,17.325237,84.403526,24.623501,0.029939,0.943902,0.102485,0.312488,-10.324369,88.760155,7.570569,0.069342,0.956227,-0.018992,0.283657,-10.063047,54.855980,0.208842,0.014708,0.954043,-0.083633,0.287386,-16.474192,10.606113,0.073977,-0.081460,0.931321,-0.078636,0.346154,2.823159,88.035240,19.267668,0.004291,0.968693,-0.131765,0.210363,6.198674,54.229588,26.306147,0.023449,0.816707,-0.090857,0.569373,3.348246,11.071712,37.639488,0.014708,0.954043,-0.083633,0.287386,-9.698957,2.744929,-9.903706,0.023449,0.816707,-0.090857,0.569373,14.765598,3.135302,33.909378
42,0.350000,0.045642,0.932430,-0.061947,0.353063,-3.733746,88.400543,13.408268,-0.016094,0.902439,0.136400,0.408337,-2.803246,95.536217,12.806794,-0.023327,0.899620,-0.052556,0.432872,-5.544520,114.318398,17.355499,0.057704,0.949976,-0.095999,0.291547,-5.480913,132.225983,15.286812,0.064153,0.987222,-0.059585,0.133142,-2.264255,145.152802,11.827066,-0.064891,0.928037,0.010995,0.366627,-8.421670,126.613655,13.611941,-0.524073,0.585128,-0.307023,0.537318,-20.494673,124.736427,2.221059,-0.598792,0.534562,-0.300447,0.515193,-17.544184,102.775429,-4.926562,-0.695407,0.437821,-0.296941,0.486362,-11.581889,79.937347,-9.519279,-0.056637,0.914900,-0.101303,0.386637,-4.027755,127.229431,19.077543,0.618836,0.768237,0.152650,0.059601,7.575194,130.269104,30.703613,0.634855,0.743985,0.198732,0.062859,12.859858,107.707764,28.436920,0.531222,0.790999,0.303436,0.007117,17.332832,84.391876,24.618343,0.030028,0.944040,0.102346,0.312110,-10.307894,88.764885,7.560269,0.069380,0.956371,-0.018976,0.283163,-10.058416,54.859100,0.205526,0.014792,0.954039,-0.083823,0.287341,-16.472431,10.609645,0.071575,-0.081247,0.931345,-0.078805,0.346099,2.840402,88.036194,19.256266,0.004100,0.968925,-0.132205,0.209020,6.198542,54.229988,26.300379,0.023428,0.817421,-0.091061,0.568315,3.372210,11.082357,37.678661,0.014792,0.954039,-0.083823,0.287341,-9.700134,2.743456,-9.904155,0.023428,0.817421,-0.091061,0.568315,14.777165,3.141214,33.920826
43,0.358333,0.045613,0.932455,-0.062003,0.352993,-3.729965,88.400719,13.407681,-0.016248,0.902460,0.136375,0.408294,-2.799605,95.536331,12.805240,-0.022857,0.899653,-0.052875,0.432789,-5.545718,114.318573,17.350769,0.057260,0.950094,-0.095868,0.291295,-5.462052,132.225739,15.279074,0.063937,0.987279,-0.059514,0.132856,-2.258981,145.155518,11.817873,-0.065120,0.928108,0.011048,0.366407,-8.409359,126.616455,13.605478,-0.523775,0.585657,-0.306786,0.537167,-20.486752,124.732544,2.220356,-0.599208,0.534188,-0.300451,0.515094,-17.558344,102.774826,-4.946396,-0.695399,0.437986,-0.297100,0.486127,-11.576970,79.938141,-9.521199,-0.056877,0.914890,-0.102008,0.386439,-4.014125,127.228180,19.070477,0.619079,0.768131,0.152203,0.059588,7.593024,130.283600,30.688221,0.634603,0.744295,0.198451,0.062616,12.863770,107.717964,28.431952,0.535475,0.788385,0.302770,0.006743,17.353548,84.404770,24.616608,0.030037,0.944054,0.102336,0.312070,-10.305039,88.764343,7.560679,0.069409,0.956410,-0.018988,0.283023,-10.056659,54.858444,0.206412,0.014583,0.954040,-0.083758,0.287366,-16.473539,10.609404,0.073660,-0.081268,0.931253,-0.078776,0.346350,2.845109,88.037086,19.254681,0.004104,0.968893,-0.132236,0.209146,6.203388,54.230785,26.298323,0.023877,0.817529,-0.090553,0.568223,3.374634,11.083904,37.678871,0.014583,0.954040,-0.083758,0.287366,-9.697621,2.746247,-9.902003,0.023877,0.817529,-0.090553,0.568223,14.777616,3.145970,33.908279
44,0.366667,0.045571,0.932506,-0.061964,0.352869,-3.737477,88.401779,13.408923,-0.016000,0.902521,0.136205,0.408226,-2.807968,95.537521,12.806662,-0.022908,0.899688,-0.052878,0.432714,-5.542323,114.321884,17.350525,0.057143,0.950131,-0.095886,0.291188,-5.460430,132.228958,15.277936,0.063741,0.987308,-0.059585,0.132698,-2.260754,145.159088,11.814871,-0.065243,0.928109,0.010979,0.366383,-8.407578,126.619362,13.605118,-0.523834,0.585658,-0.306793,0.537103,-20.485014,124.730774,2.220812,-0.599145,0.534281,-0.300557,0.515009,-17.556868,102.772141,-4.943261,-0.695453,0.437797,-0.297063,0.486244,-11.583275,79.933014,-9.516049,-0.056875,0.914952,-0.102079,0.386274,-4.011460,127.231689,19.069338,0.619111,0.768120,0.152142,0.059549,7.599963,130.287506,30.682713,0.634787,0.744127,0.198490,0.062626,12.869082,107.721474,28.426540,0.532829,0.790153,0.302818,0.007279,17.347609,84.406624,24.608091,0.029890,0.944014,0.102435,0.312172,-10.314157,88.765129,7.563709,0.069421,0.956353,-0.019014,0.283210,-10.053190,54.860031,0.206178,0.014753,0.954043,-0.083755,0.287350,-16.471703,10.611224,0.074109,-0.081380,0.931219,-0.078694,0.346433,2.839202,88.038437,19.254137,0.004121,0.968881,-0.132249,0.209197,6.206060,54.232502,26.295429,0.024030,0.817286,-0.090860,0.568516,3.374984,11.085931,37.676556,0.014753,0.954043,-0.083755,0.287350,-9.698372,2.746905,-9.902398,0.024030,0.817286,-0.090860,0.568516,14.776426,3.140186,33.917770
45,0.375000,0.045454,0.932469,-0.062216,0.352938,-3.716798,88.397469,13.410315,-0.016359,0.902535,0.136303,0.408148,-2.787534,95.532906,12.804148,-0.022978,0.899719,-0.052937,0.432637,-5.535711,114.315773,17.345875,0.056953,0.950202,-0.095833,0.291014,-5.455350,132.222504,15.270272,0.063631,0.987357,-0.059500,0.132431,-2.261811,145.153885,11.806234,-0.065062,0.928219,0.011014,0.366135,-8.402414,126.612427,13.598898,-0.524033,0.585185,-0.307228,0.537177,-20.486713,124.729538,2.220930,-0.598904,0.534437,-0.300724,0.515030,-17.545214,102.765106,-4.919844,-0.697031,0.435379,-0.298207,0.485454,-11.584494,79.923233,-9.495728,-0.056882,0.914906,-0.102348,0.386311,-4.005404,127.225967,19.062263,0.619096,0.768165,0.152000,0.059494,7.605016,130.285522,30.675659,0.634630,0.744322,0.198309,0.062471,12.875303,107.719543,28.421841,0.535280,0.788605,0.302541,0.006769,17.364328,84.406372,24.605455,0.030106,0.944128,0.102413,0.311815,-10.292809,88.757233,7.564125,0.069431,0.956357,-0.019080,0.283190,-10.049245,54.852730,0.203285,0.014766,0.954082,-0.083593,0.287265,-16.470304,10.604278,0.076787,-0.081203,0.931366,-0.078853,0.346042,2.859212,88.037697,19.256506,0.004432,0.968661,-0.131816,0.210479,6.213804,54.231514,26.302439,0.023659,0.816604,-0.090654,0.569544,3.348896,11.074951,37.637135,0.014766,0.954082,-0.083593,0.287265,-9.698323,2.743571,-9.903483,0.023659,0.816604,-0.090654,0.569544,14.767233,3.139606,33.907784
46,0.383333,0.045519,0.932511,-0.062072,0.352844,-3.715603,88.402184,13.402833,-0.016333,0.902570,0.136407,0.408037,-2.786254,95.537796,12.798822,-0.023013,0.899778,-0.052818,0.432528,-5.534590,114.319588,17.344866,0.056986,0.950202,-0.096169,0.290896,-5.457491,132.226715,15.272567,0.063475,0.987380,-0.059461,0.132347,-2.261198,145.155090,11.799865,-0.065218,0.928186,0.010824,0.366196,-8.404130,126.616501,13.600905,-0.523697,0.585490,-0.307045,0.537276,-20.486242,124.726532,2.221789,-0.599049,0.534188,-0.300653,0.515162,-17.556149,102.766968,-4.938612,-0.695598,0.437512,-0.297315,0.486138,-11.580565,79.928413,-9.511650,-0.056868,0.915048,-0.102281,0.385995,-4.005811,127.229691,19.063259,0.619100,0.768139,0.152091,0.059548,7.612827,130.287140,30.668989,0.634647,0.744316,0.198262,0.062519,12.882561,107.721092,28.414356,0.535400,0.788543,0.302496,0.006623,17.370239,84.407173,24.600939,0.030049,0.944104,0.102278,0.311937,-10.292683,88.764038,7.557975,0.069435,0.956283,-0.019051,0.283442,-10.047400,54.857372,0.207134,0.014843,0.954071,-0.083734,0.287257,-16.468006,10.608864,0.076332,-0.081235,0.931399,-0.078909,0.345933,2.861477,88.040329,19.247692,0.004196,0.968925,-0.132229,0.209003,6.217569,54.235111,26.297569,0.026192,0.817233,-0.088693,0.568839,3.382691,11.088133,37.676220,0.014843,0.954071,-0.083734,0.287257,-9.697846,2.744345,-9.902170,0.026192,0.817233,-0.088693,0.568839,14.780190,3.153396,33.882378
47,0.391667,0.045533,0.932527,-0.062134,0.352789,-3.710877,88.400696,13.402465,-0.016385,0.902607,0.136389,0.407959,-2.781069,95.536179,12.797637,-0.023074,0.899810,-0.052898,0.432449,-5.530554,114.318108,17.342457,0.056919,0.950249,-0.096132,0.290768,-5.454348,132.224838,15.266641,0.063335,0.987419,-0.059453,0.132128,-2.260693,145.153839,11.793768,-0.065294,0.928186,0.010858,0.366182,-8.401103,126.614204,13.596585,-0.523837,0.585615,-0.306918,0.537077,-20.483229,124.722313,2.217813,-0.599177,0.534167,-0.300610,0.515061,-17.556295,102.761909,-4.941344,-0.695695,0.437331,-0.297265,0.486193,-11.578362,79.923225,-9.510649,-0.056971,0.914980,-0.101482,0.386350,-4.001868,127.228592,19.058060,0.618955,0.768243,0.152242,0.059329,7.607208,130.279953,30.674946,0.634886,0.744087,0.198341,0.062573,12.886532,107.717255,28.409449,0.531796,0.790806,0.302939,0.006912,17.359327,84.401039,24.592592,0.029984,0.944104,0.102406,0.311901,-10.288612,88.762459,7.558345,0.070048,0.955818,-0.019132,0.284851,-10.036558,54.857338,0.200635,0.014331,0.953653,-0.084058,0.288573,-16.511080,10.616743,0.051600,-0.081247,0.931493,-0.078906,0.345679,2.866859,88.038933,19.246584,0.004366,0.968985,-0.132334,0.208656,6.225713,54.233818,26.295650,0.025904,0.817401,-0.088536,0.568635,3.378192,11.089441,37.680988,0.014331,0.953653,-0.084058,0.288573,-9.706605,2.748819,-9.900837,0.025904,0.817401,-0.088536,0.568635,14.778463,3.161688,33.880909
48,0.400000,0.045524,0.932542,-0.062172,0.352743,-3.706852,88.399712,13.399890,-0.016172,0.902650,0.136622,0.407795,-2.776993,95.535133,12.794474,-0.023388,0.899866,-0.053152,0.432284,-5.521818,114.314857,17.351231,0.056890,0.950225,-0.096594,0.290699,-5.452222,132.220078,15.262279,0.062966,0.987453,-0.059316,0.132114,-2.256214,145.145233,11.777306,-0.065236,0.928258,0.010688,0.366016,-8.397759,126.607262,13.597414,-0.523830,0.585596,-0.306810,0.537166,-20.484213,124.714890,2.223314,-0.599221,0.534161,-0.300584,0.515029,-17.553169,102.756569,-4.940547,-0.695908,0.437105,-0.297223,0.486116,-11.574239,79.917976,-9.508989,-0.056948,0.914993,-0.101704,0.386265,-3.996718,127.227089,19.056822,0.619016,0.768228,0.152126,0.059179,7.614637,130.280365,30.670933,0.634866,0.744156,0.198178,0.062474,12.891271,107.717278,28.402943,0.531974,0.790728,0.302835,0.006688,17.365881,84.401115,24.587921,0.029953,0.944137,0.102400,0.311806,-10.285175,88.761169,7.556409,0.070067,0.955857,-0.019128,0.284714,-10.031923,54.855843,0.199692,0.014604,0.953670,-0.084029,0.288512,-16.508068,10.615486,0.050763,-0.081144,0.931401,-0.078929,0.345946,2.871471,88.038246,19.243372,0.004299,0.968927,-0.132329,0.208928,6.221149,54.232227,26.292467,0.026575,0.817361,-0.087847,0.568769,3.376348,11.087688,37.677879,0.014604,0.953670,-0.084029,0.288512,-9.708400,2.746237,-9.903917,0.026575,0.817361,-0.087847,0.568769,14.775911,3.163748,33.867714
49,0.408333,0.045511,0.932552,-0.062266,0.352702,-3.702786,88.398895,13.400420,-0.016402,0.902662,0.136381,0.407840,-2.772666,95.534164,12.793634,-0.023203,0.899854,-0.053023,0.432334,-5.522010,114.316154,17.338272,0.056955,0.950278,-0.096230,0.290632,-5.448296,132.222183,15.256389,0.062752,0.987498,-0.059423,0.131826,-2.253705,145.150208,11.780760,-0.065333,0.928315,0.010667,0.365854,-8.394857,126.610672,13.588972,-0.524068,0.585591,-0.306706,0.536999,-20.484825,124.714836,2.219192,-0.599359,0.534162,-0.300393,0.514980,-17.550499,102.755165,-4.939133,-0.695892,0.437293,-0.297310,0.485917,-11.566083,79.918465,-9.509863,-0.057098,0.915052,-0.101450,0.386171,-3.994309,127.227386,19.049129,0.618991,0.768296,0.151914,0.059108,7.618907,130.281769,30.661083,0.634659,0.744418,0.197913,0.062292,12.897360,107.718719,28.397026,0.535460,0.788476,0.302580,0.005847,17.385683,84.404480,24.586351,0.029972,0.944163,0.102403,0.311725,-10.281641,88.759598,7.557493,0.070084,0.955862,-0.019129,0.284694,-10.030243,54.854382,0.200181,0.014548,0.953680,-0.084032,0.288482,-16.507801,10.614231,0.051044,-0.081144,0.931497,-0.078925,0.345687,2.876069,88.038185,19.243347,0.004405,0.968980,-0.132376,0.208650,6.227733,54.232121,26.291243,0.026415,0.817421,-0.087934,0.568676,3.376151,11.088782,37.679504,0.014548,0.953680,-0.084032,0.288482,-9.708079,2.745324,-9.903863,0.026415,0.817421,-0.087934,0.568676,14.775928,3.165361,33.868916
50,0.416667,0.045492,0.932578,-0.062213,0.352645,-3.697752,88.400291,13.398123,-0.016474,0.902676,0.136394,0.407801,-2.768188,95.535683,12.791887,-0.023250,0.899863,-0.053020,0.432314,-5.520082,114.317444,17.335945,0.056757,0.950299,-0.096739,0.290434,-5.447999,132.223404,15.253399,0.062698,0.987544,-0.059218,0.131604,-2.255691,145.147888,11.762569,-0.065445,0.928298,0.010694,0.365876,-8.394163,126.611565,13.586333,-0.524062,0.585582,-0.306803,0.536958,-20.483124,124.712608,2.215998,-0.599457,0.534155,-0.300426,0.514853,-17.551119,102.751450,-4.938704,-0.696330,0.436966,-0.297793,0.485288,-11.567282,79.913437,-9.503639,-0.057046,0.915099,-0.101485,0.386058,-3.993400,127.228867,19.046251,0.618959,0.768327,0.151891,0.059096,7.622937,130.281799,30.655462,0.634931,0.744164,0.198002,0.062281,12.903301,107.719147,28.391956,0.531795,0.790924,0.302637,0.006551,17.375114,84.402802,24.574812,0.030011,0.944155,0.102366,0.311756,-10.277346,88.761101,7.556032,0.070121,0.955748,-0.019186,0.285062,-10.029028,54.855518,0.200280,0.014234,0.953670,-0.084055,0.288524,-16.511150,10.616032,0.052578,-0.081075,0.931437,-0.078981,0.345852,2.881842,88.039490,19.240211,0.004372,0.968943,-0.132380,0.208818,6.226460,54.233257,26.290686,0.026514,0.817363,-0.087821,0.568773,3.375679,11.089987,37.679409,0.014234,0.953670,-0.084055,0.288524,-9.706449,2.748878,-9.900316,0.026514,0.817363,-0.087821,0.568773,14.776249,3.167417,33.869415
51,0.425000,0.045405,0.932597,-0.062118,0.352622,-3.691442,88.399719,13.395309,-0.016471,0.902696,0.136367,0.407765,-2.763537,95.535400,12.789877,-0.023311,0.899873,-0.053088,0.432281,-5.514748,114.317444,17.333155,0.056862,0.950353,-0.096355,0.290365,-5.443652,132.223038,15.247470,0.062468,0.987593,-0.059301,0.131306,-2.251892,145.150406,11.766790,-0.065518,0.928348,0.010760,0.365734,-8.389675,126.610779,13.581601,-0.524207,0.585642,-0.306715,0.536803,-20.481768,124.710213,2.214868,-0.599570,0.534131,-0.300312,0.514813,-17.550508,102.748070,-4.937175,-0.696293,0.437047,-0.297679,0.485338,-11.562167,79.911247,-9.502125,-0.057135,0.915080,-0.101498,0.386086,-3.988545,127.229240,19.041092,0.618936,0.768349,0.151868,0.059115,7.626726,130.285126,30.650595,0.634717,0.744414,0.197815,0.062060,12.908314,107.722580,28.388660,0.535294,0.788738,0.302192,0.005764,17.394506,84.408890,24.572086,0.030033,0.944293,0.102360,0.311339,-10.271459,88.759727,7.553648,0.070153,0.955823,-0.019149,0.284805,-10.027983,54.854156,0.197711,0.011839,0.953764,-0.084311,0.288245,-16.511908,10.614938,0.047767,-0.081062,0.931535,-0.079056,0.345575,2.888575,88.039711,19.236971,0.004435,0.968979,-0.132379,0.208654,6.232687,54.234158,26.290930,0.025849,0.817359,-0.088534,0.568698,3.378344,11.090907,37.678833,0.011839,0.953764,-0.084311,0.288245,-9.682713,2.759243,-9.897396,0.025849,0.817359,-0.088534,0.568698,14.779952,3.164038,33.880917
52,0.433333,0.045263,0.932639,-0.062030,0.352544,-3.685771,88.397087,13.397820,-0.016526,0.902746,0.136237,0.407696,-2.760262,95.533112,12.792763,-0.023353,0.899899,-0.053129,0.432219,-5.511003,114.316467,17.330889,0.056836,0.950379,-0.096136,0.290357,-5.440752,132.221832,15.243231,0.062124,0.987617,-0.059459,0.131218,-2.251314,145.151169,11.767771,-0.065556,0.928387,0.010704,0.365631,-8.386825,126.609299,13.578376,-0.524088,0.585541,-0.306895,0.536925,-20.481285,124.706757,2.214494,-0.599518,0.534027,-0.300250,0.515018,-17.549673,102.744057,-4.935686,-0.695973,0.437432,-0.297225,0.485728,-11.554181,79.910149,-9.505873,-0.057267,0.915093,-0.101464,0.386045,-3.984973,127.228500,19.037203,0.618920,0.768370,0.151840,0.059080,7.630849,130.287857,30.645239,0.634736,0.744421,0.197750,0.061996,12.913567,107.725616,28.383022,0.535127,0.788910,0.302039,0.005770,17.398994,84.411865,24.565973,0.030074,0.944289,0.102444,0.311319,-10.266980,88.755432,7.557399,0.070175,0.955837,-0.019247,0.284746,-10.024490,54.851234,0.195110,0.014504,0.953667,-0.083938,0.288554,-16.512810,10.612639,0.053320,-0.081018,0.931543,-0.079062,0.345563,2.895437,88.038734,19.238243,0.004499,0.968993,-0.132427,0.208558,6.236618,54.232754,26.291529,0.026665,0.817364,-0.087685,0.568785,3.376996,11.090687,37.682598,0.014504,0.953667,-0.083938,0.288554,-9.710525,2.746218,-9.901803,0.026665,0.817364,-0.087685,0.568785,14.777060,3.168608,33.870064
53,0.441667,0.045200,0.932660,-0.062058,0.352492,-3.681560,88.395653,13.396791,-0.016558,0.902776,0.136238,0.407627,-2.756801,95.531708,12.790984,-0.023429,0.899926,-0.053145,0.432158,-5.508351,114.315010,17.328886,0.056617,0.950425,-0.096594,0.290098,-5.440466,132.220184,15.239523,0.062118,0.987670,-0.059268,0.130909,-2.254543,145.146530,11.749705,-0.065574,0.928390,0.010631,0.365622,-8.386124,126.607155,13.575612,-0.524268,0.585531,-0.306748,0.536845,-20.480711,124.703148,2.212102,-0.599596,0.534090,-0.300177,0.514903,-17.544344,102.740623,-4.936641,-0.696038,0.437434,-0.297064,0.485733,-11.549997,79.906334,-9.506408,-0.057304,0.915101,-0.101605,0.385982,-3.983577,127.227379,19.033764,0.618876,0.768468,0.151617,0.058842,7.633722,130.289505,30.639597,0.634739,0.744492,0.197512,0.061862,12.920276,107.728317,28.375875,0.535362,0.788786,0.301949,0.005508,17.406282,84.414253,24.561466,0.030094,0.944319,0.102455,0.311222,-10.263519,88.752861,7.557142,0.070203,0.955816,-0.019275,0.284808,-10.022849,54.848896,0.193700,0.014556,0.953665,-0.083819,0.288591,-16.514174,10.610739,0.053189,-0.080950,0.931578,-0.079106,0.345473,2.900398,88.038452,19.236439,0.004510,0.969012,-0.132418,0.208471,6.236860,54.232185,26.290604,0.026671,0.817349,-0.087719,0.568801,3.377477,11.089906,37.680923,0.014556,0.953665,-0.083819,0.288591,-9.711230,2.746699,-9.903368,0.026671,0.817349,-0.087719,0.568801,14.777337,3.167095,33.869312
54,0.450000,0.045224,0.932672,-0.062169,0.352440,-3.678891,88.394073,13.396319,-0.016595,0.902820,0.136224,0.407534,-2.753284,95.529892,12.789095,-0.023440,0.899970,-0.053247,0.432052,-5.505455,114.313293,17.326170,0.056755,0.950523,-0.096184,0.289886,-5.436593,132.218063,15.233336,0.061906,0.987746,-0.059392,0.130377,-2.251308,145.147369,11.753949,-0.065625,0.928418,0.010631,0.365540,-8.383076,126.604950,13.571172,-0.524377,0.585689,-0.306573,0.536666,-20.479446,124.699280,2.209844,-0.599745,0.534046,-0.300113,0.514814,-17.546690,102.736855,-4.940685,-0.696114,0.437302,-0.297046,0.485754,-11.548203,79.902908,-9.506789,-0.057453,0.915166,-0.102335,0.385614,-3.979254,127.225876,19.028212,0.619047,0.768420,0.151168,0.058823,7.646977,130.300842,30.621693,0.634741,0.744564,0.197264,0.061774,12.923759,107.736267,28.368898,0.535590,0.788610,0.302014,0.005124,17.410189,84.421509,24.559155,0.030106,0.944308,0.102494,0.311242,-10.261456,88.751045,7.557344,0.070203,0.955824,-0.019271,0.284783,-10.020603,54.847683,0.191147,0.014342,0.953677,-0.083998,0.288512,-16.511908,10.609520,0.050456,-0.080774,0.931472,-0.079032,0.345817,2.903675,88.037094,19.235294,0.004349,0.968886,-0.132445,0.209044,6.228053,54.228054,26.281851,0.026435,0.817339,-0.087856,0.568806,3.375408,11.086300,37.675835,0.014342,0.953677,-0.083998,0.288512,-9.708649,2.742893,-9.903839,0.026435,0.817339,-0.087856,0.568806,14.776977,3.164228,33.867802
55,0.458333,0.045242,0.932676,-0.062210,0.352418,-3.675708,88.394341,13.394681,-0.016104,0.902838,0.136430,0.407446,-2.749669,95.530067,12.786979,-0.024913,0.899913,-0.053205,0.432094,-5.487323,114.311913,17.339273,0.057359,0.950409,-0.096708,0.289966,-5.466758,132.214279,15.224938,0.061881,0.987794,-0.059257,0.130083,-2.261783,145.136597,11.737687,-0.065302,0.928322,0.010719,0.365840,-8.398165,126.591255,13.569619,-0.524493,0.585400,-0.306725,0.536781,-20.488628,124.696983,2.200100,-0.599726,0.534021,-0.300149,0.514841,-17.544476,102.733002,-4.940985,-0.696164,0.437287,-0.296963,0.485746,-11.545728,79.898994,-9.506394,-0.056945,0.915292,-0.101696,0.385558,-3.995856,127.230583,19.025755,0.618767,0.768677,0.151110,0.058553,7.633748,130.281830,30.622124,0.634719,0.744627,0.197145,0.061618,12.928164,107.721916,28.364044,0.535636,0.788578,0.302018,0.004887,17.416862,84.407852,24.552719,0.030111,0.944339,0.102457,0.311157,-10.258513,88.751389,7.555980,0.070222,0.955746,-0.019298,0.285038,-10.019442,54.847527,0.192016,0.014466,0.953696,-0.083956,0.288455,-16.512962,10.609683,0.051486,-0.080751,0.931448,-0.079019,0.345890,2.907097,88.037300,19.233381,0.004371,0.968905,-0.132424,0.208967,6.229727,54.227840,26.278770,0.025828,0.817290,-0.088623,0.568784,3.376443,11.085600,37.670776,0.014466,0.953696,-0.083956,0.288455,-9.712423,2.743103,-9.904702,0.025828,0.817290,-0.088623,0.568784,14.778420,3.157394,33.876755
56,0.466667,0.045187,0.932693,-0.062156,0.352389,-3.671077,88.394615,13.392269,-0.016339,0.902847,0.136196,0.407494,-2.746060,95.530502,12.784980,-0.024633,0.899908,-0.053067,0.432138,-5.488548,114.314529,17.325333,0.057590,0.950497,-0.096381,0.289741,-5.460955,132.217926,15.219786,0.061499,0.987900,-0.059351,0.129416,-2.253694,145.142105,11.741570,-0.065451,0.928373,0.010703,0.365684,-8.394323,126.596832,13.561395,-0.524706,0.585456,-0.306559,0.536607,-20.487961,124.697578,2.196074,-0.599890,0.534040,-0.300035,0.514696,-17.542086,102.733078,-4.942684,-0.696235,0.437336,-0.296867,0.485659,-11.541031,79.899208,-9.505765,-0.056973,0.915282,-0.101611,0.385601,-3.992351,127.231812,19.018312,0.618728,0.768730,0.151020,0.058507,7.636060,130.282928,30.615917,0.634726,0.744660,0.197037,0.061492,12.932957,107.723465,28.359159,0.535515,0.788725,0.301852,0.004761,17.421974,84.409668,24.546640,0.030136,0.944329,0.102434,0.311194,-10.254337,88.751137,7.554045,0.070291,0.955824,-0.019293,0.284757,-10.017125,54.847050,0.191069,0.014455,0.953651,-0.083966,0.288603,-16.516462,10.610067,0.050238,-0.080830,0.931599,-0.079194,0.345425,2.912184,88.038086,19.230494,0.004539,0.968981,-0.132422,0.208613,6.239124,54.231441,26.287327,0.026382,0.817387,-0.088019,0.568714,3.375442,11.089295,37.677074,0.014455,0.953651,-0.083966,0.288603,-9.712564,2.743381,-9.903579,0.026382,0.817387,-0.088019,0.568714,14.775273,3.164745,33.868980
57,0.475000,0.045128,0.932706,-0.062088,0.352374,-3.664755,88.396408,13.390257,-0.016182,0.902880,0.136374,0.407368,-2.740889,95.532501,12.783554,-0.025007,0.899943,-0.053251,0.432021,-5.480035,114.314842,17.332905,0.057520,0.950568,-0.096288,0.289551,-5.461981,132.216858,15.215617,0.061525,0.987947,-0.059377,0.129036,-2.258187,145.142151,11.738344,-0.065482,0.928346,0.010782,0.365746,-8.392982,126.593208,13.561707,-0.524716,0.585482,-0.306550,0.536574,-20.484943,124.694046,2.194596,-0.599972,0.533994,-0.300137,0.514589,-17.540249,102.729324,-4.943959,-0.696735,0.436691,-0.297501,0.485133,-11.539801,79.893700,-9.499049,-0.057364,0.915335,-0.101646,0.385408,-3.989851,127.233978,19.017012,0.618779,0.768709,0.150924,0.058489,7.642033,130.296951,30.608002,0.634781,0.744637,0.196983,0.061378,12.936100,107.736656,28.352949,0.534605,0.789479,0.301487,0.005131,17.422464,84.422836,24.537437,0.030180,0.944343,0.102408,0.311157,-10.248286,88.752403,7.552309,0.070337,0.955847,-0.019313,0.284667,-10.014787,54.848133,0.190048,0.014141,0.953639,-0.083951,0.288661,-16.518520,10.611796,0.050311,-0.080618,0.931454,-0.079153,0.345875,2.918776,88.040413,19.228205,0.004442,0.968910,-0.132464,0.208919,6.229703,54.230942,26.279032,0.023826,0.817282,-0.090678,0.568560,3.370078,11.089715,37.673275,0.014141,0.953639,-0.083951,0.288661,-9.709131,2.747746,-9.901826,0.023826,0.817282,-0.090678,0.568560,14.776052,3.150453,33.914555
58,0.483333,0.045251,0.932666,-0.062163,0.352452,-3.662187,88.400581,13.384017,-0.016187,0.902854,0.136482,0.407389,-2.736235,95.536385,12.777034,-0.025047,0.899935,-0.053261,0.432033,-5.477360,114.317558,17.329987,0.057459,0.950636,-0.096361,0.289318,-5.460426,132.219467,15.211730,0.061379,0.988026,-0.059294,0.128538,-2.258861,145.144409,11.731098,-0.065545,0.928348,0.010756,0.365730,-8.391023,126.595535,13.558057,-0.524712,0.585440,-0.306593,0.536598,-20.483122,124.694077,2.191472,-0.599971,0.533931,-0.300173,0.514634,-17.537359,102.729034,-4.945705,-0.696738,0.436613,-0.297604,0.485136,-11.534722,79.893700,-9.499367,-0.057368,0.915359,-0.101657,0.385347,-3.988056,127.236877,19.013428,0.618774,0.768747,0.150795,0.058372,7.645366,130.299973,30.602842,0.634902,0.744677,0.196543,0.061048,12.940341,107.739929,28.347460,0.535217,0.789369,0.300695,0.004656,17.421242,84.424965,24.532499,0.030211,0.944283,0.102277,0.311378,-10.244554,88.758034,7.544844,0.070319,0.955732,-0.019363,0.285057,-10.014229,54.852032,0.190461,0.014481,0.953675,-0.083992,0.288511,-16.517681,10.615644,0.052862,-0.080777,0.931627,-0.079358,0.345323,2.920180,88.043137,19.223190,0.004646,0.969028,-0.132435,0.208387,6.240501,54.237701,26.288965,0.023917,0.817343,-0.090652,0.568472,3.370034,11.095944,37.678493,0.014481,0.953675,-0.083992,0.288511,-9.716257,2.748131,-9.901988,0.023917,0.817343,-0.090652,0.568472,14.774240,3.155804,33.916248
59,0.491667,0.045259,0.932673,-0.062168,0.352432,-3.658445,88.400230,13.381560,-0.016325,0.902865,0.136067,0.407498,-2.732381,95.536011,12.774523,-0.024868,0.899910,-0.052886,0.432142,-5.472367,114.321426,17.310635,0.057417,0.950707,-0.096370,0.289089,-5.455235,132.225082,15.207283,0.061169,0.988109,-0.059291,0.127997,-2.255842,145.150146,11.725090,-0.065804,0.928402,0.010849,0.365543,-8.385384,126.602493,13.548289,-0.524882,0.585530,-0.306466,0.536407,-20.480909,124.693970,2.186547,-0.600104,0.533918,-0.300080,0.514547,-17.536434,102.728020,-4.948355,-0.696747,0.436626,-0.297531,0.485157,-11.530410,79.893219,-9.500213,-0.057242,0.915361,-0.102206,0.385215,-3.983625,127.239357,19.005154,0.618866,0.768736,0.150470,0.058388,7.653668,130.305222,30.589945,0.634797,0.744823,0.196417,0.060771,12.943268,107.742981,28.343838,0.535110,0.789605,0.300266,0.004689,17.432209,84.430321,24.524244,0.030216,0.944282,0.102249,0.311390,-10.241053,88.757797,7.542669,0.070386,0.955849,-0.019317,0.284651,-10.011600,54.851425,0.189970,0.014228,0.953638,-0.084072,0.288624,-16.519600,10.615719,0.049449,-0.080775,0.931616,-0.079407,0.345342,2.924163,88.042671,19.220451,0.004615,0.969029,-0.132461,0.208364,6.243025,54.237755,26.289351,0.026495,0.817423,-0.087996,0.568661,3.374968,11.096581,37.681686,0.014228,0.953638,-0.084072,0.288624,-9.712682,2.748240,-9.901667,0.026495,0.817423,-0.087996,0.568661,14.773067,3.170803,33.870987
60,0.500000,0.045317,0.932665,-0.062331,0.352416,-3.656393,88.400391,13.382662,-0.016365,0.902878,0.136023,0.407481,-2.728729,95.535797,12.773726,-0.024898,0.899913,-0.052971,0.432123,-5.469343,114.321625,17.307751,0.057285,0.950805,-0.096390,0.288785,-5.451889,132.224915,15.201219,0.061080,0.988196,-0.059241,0.127393,-2.257303,145.150391,11.716106,-0.065815,0.928445,0.010761,0.365434,-8.382222,126.602089,13.543327,-0.524905,0.585482,-0.306459,0.536440,-20.480358,124.692001,2.184623,-0.600094,0.533852,-0.299980,0.514686,-17.533091,102.726280,-4.949829,-0.696452,0.436885,-0.296979,0.485686,-11.520776,79.894135,-9.506666,-0.057271,0.915335,-0.102246,0.385264,-3.980254,127.239838,18.999924,0.618873,0.768747,0.150411,0.058316,7.655679,130.307190,30.585691,0.634740,0.744905,0.196310,0.060697,12.945296,107.745041,28.338680,0.535186,0.789582,0.300195,0.004470,17.438116,84.432899,24.520489,0.030227,0.944310,0.102269,0.311298,-10.239097,88.757912,7.543875,0.070437,0.955731,-0.019291,0.285034,-10.010635,54.851860,0.189688,0.014142,0.953609,-0.084168,0.288696,-16.522266,10.616708,0.043070,-0.080703,0.931661,-0.079404,0.345240,2.926312,88.042862,19.221447,0.004697,0.969100,-0.132440,0.208047,6.241388,54.237103,26.288116,0.024096,0.817337,-0.090654,0.568473,3.370363,11.095518,37.678127,0.014142,0.953609,-0.084168,0.288696,-9.713046,2.747658,-9.905231,0.024096,0.817337,-0.090654,0.568473,14.772373,3.152759,33.914776
61,0.508333,0.045218,0.932665,-0.062368,0.352421,-3.651887,88.396812,13.381068,-0.015989,0.902927,0.136872,0.407104,-2.725368,95.532288,12.771135,-0.025722,0.900020,-0.053742,0.431757,-5.464256,114.309547,17.341557,0.057427,0.950913,-0.096304,0.288430,-5.462318,132.208359,15.197280,0.061009,0.988288,-0.059324,0.126670,-2.266587,145.134003,11.713912,-0.065519,0.928333,0.010742,0.365773,-8.389631,126.579796,13.553591,-0.524748,0.585388,-0.306515,0.536665,-20.480787,124.679031,2.185887,-0.600030,0.533800,-0.300055,0.514769,-17.529949,102.715302,-4.953215,-0.696451,0.436872,-0.296918,0.485735,-11.517173,79.883186,-9.509639,-0.057269,0.915393,-0.102587,0.385034,-3.983796,127.232430,19.005304,0.618858,0.768775,0.150370,0.058218,7.658067,130.303452,30.584145,0.634697,0.744963,0.196242,0.060657,12.949056,107.741844,28.334993,0.535328,0.789455,0.300279,0.004222,17.444736,84.430061,24.518023,0.030268,0.944313,0.102278,0.311281,-10.234691,88.752472,7.542278,0.070455,0.955756,-0.019315,0.284945,-10.008858,54.846729,0.186579,0.014195,0.953630,-0.084155,0.288628,-16.522671,10.611883,0.042164,-0.080651,0.931747,-0.079450,0.345008,2.930916,88.041153,19.219858,0.004816,0.968965,-0.132315,0.208748,6.243324,54.235321,26.287434,0.023897,0.817075,-0.090703,0.568850,3.356128,11.090862,37.662468,0.014195,0.953630,-0.084155,0.288628,-9.715595,2.742723,-9.907522,0.023897,0.817075,-0.090703,0.568850,14.764012,3.150415,33.912052
62,0.516667,0.045281,0.932663,-0.062394,0.352415,-3.651000,88.398582,13.379272,-0.016159,0.902915,0.136232,0.407339,-2.723502,95.533928,12.769297,-0.025307,0.899956,-0.053180,0.431984,-5.459451,114.317795,17.314249,0.057284,0.950996,-0.096498,0.288121,-5.452330,132.219543,15.194578,0.060782,0.988394,-0.059248,0.125985,-2.260418,145.144150,11.703835,-0.065872,0.928399,0.010819,0.365540,-8.380163,126.593925,13.541755,-0.524895,0.585508,-0.306411,0.536450,-20.475466,124.682915,2.180178,-0.600153,0.533785,-0.299961,0.514698,-17.528231,102.717926,-4.956493,-0.696444,0.436872,-0.296819,0.485806,-11.511932,79.886497,-9.511669,-0.057318,0.915353,-0.102501,0.385146,-3.976785,127.238045,18.996468,0.618950,0.768759,0.150138,0.058045,7.662005,130.309769,30.578209,0.634664,0.745031,0.196108,0.060591,12.948635,107.747162,28.328869,0.534899,0.789721,0.300343,0.004134,17.446686,84.435463,24.514124,0.030272,0.944312,0.102263,0.311289,-10.233782,88.755119,7.540509,0.070478,0.955777,-0.019321,0.284867,-10.008475,54.849178,0.185692,0.014407,0.953605,-0.084151,0.288701,-16.524427,10.614645,0.041688,-0.080662,0.931709,-0.079453,0.345107,2.931783,88.042046,19.218033,0.004827,0.968968,-0.132337,0.208722,6.244049,54.236378,26.286438,0.023862,0.817084,-0.090774,0.568827,3.355759,11.092466,37.663280,0.014407,0.953605,-0.084151,0.288701,-9.718531,2.744059,-9.907676,0.023862,0.817084,-0.090774,0.568827,14.763206,3.151116,33.913441
63,0.525000,0.044995,0.932710,-0.062182,0.352364,-3.641903,88.394859,13.380546,-0.016263,0.902940,0.136098,0.407323,-2.719351,95.530960,12.771900,-0.025280,0.899953,-0.053231,0.431986,-5.456767,114.316132,17.310589,0.057177,0.951103,-0.096490,0.287790,-5.447982,132.217728,15.189706,0.060584,0.988497,-0.059232,0.125280,-2.260585,145.142883,11.696871,-0.065866,0.928428,0.010853,0.365466,-8.376308,126.592270,13.537228,-0.524948,0.585539,-0.306353,0.536397,-20.473423,124.681786,2.177505,-0.600241,0.533797,-0.299985,0.514568,-17.526224,102.716782,-4.959172,-0.696790,0.436580,-0.297444,0.485189,-11.511249,79.883995,-9.509323,-0.057733,0.915304,-0.102229,0.385273,-3.972941,127.236351,18.991951,0.618814,0.768852,0.150208,0.058078,7.660976,130.317596,30.576054,0.634677,0.745045,0.196044,0.060498,12.955269,107.756737,28.327078,0.535037,0.789744,0.300037,0.004087,17.453087,84.445236,24.510855,0.030363,0.944341,0.102307,0.311177,-10.225775,88.748116,7.542817,0.070513,0.955689,-0.019411,0.285148,-10.006315,54.843174,0.183205,0.013952,0.953637,-0.083974,0.288669,-16.527426,10.609391,0.044133,-0.080551,0.931721,-0.079521,0.345085,2.941969,88.041611,19.218275,0.004880,0.968971,-0.132395,0.208667,6.245607,54.235447,26.288361,0.024465,0.817136,-0.089932,0.568860,3.352242,11.092952,37.669266,0.013952,0.953637,-0.083974,0.288669,-9.715445,2.746202,-9.906910,0.024465,0.817136,-0.089932,0.568860,14.760071,3.159161,33.904640
64,0.533333,0.045085,0.932582,-0.061566,0.352801,-3.627357,88.404999,13.361502,-0.016419,0.902849,0.136443,0.407403,-2.706423,95.542076,12.762011,-0.025390,0.899947,-0.053168,0.431999,-5.455200,114.323380,17.309864,0.057070,0.951202,-0.096673,0.287423,-5.450901,132.225021,15.189312,0.060563,0.988592,-0.059222,0.124539,-2.266775,145.149094,11.689438,-0.066029,0.928353,0.010772,0.365629,-8.377786,126.598846,13.536689,-0.524957,0.585515,-0.306420,0.536376,-20.470205,124.682549,2.172950,-0.600275,0.533652,-0.299850,0.514758,-17.523619,102.716492,-4.960779,-0.696424,0.436941,-0.296928,0.485706,-11.497268,79.887642,-9.515616,-0.057607,0.915385,-0.102168,0.385115,-3.974656,127.243950,18.991484,0.618816,0.768846,0.150203,0.058157,7.663824,130.320160,30.572334,0.634684,0.745008,0.196188,0.060414,12.957582,107.758888,28.326317,0.534706,0.790017,0.299904,0.004446,17.455456,84.448639,24.502523,0.030534,0.944285,0.101856,0.311478,-10.205657,88.762978,7.517784,0.070563,0.955761,-0.019383,0.284896,-10.004900,54.852367,0.183798,0.014297,0.953603,-0.084201,0.288700,-16.529613,10.619122,0.042722,-0.080530,0.931702,-0.079737,0.345091,2.950943,88.047012,19.205219,0.004702,0.969055,-0.132539,0.208192,6.247953,54.243004,26.288658,0.026531,0.817467,-0.088045,0.568587,3.372984,11.103770,37.686592,0.014297,0.953603,-0.084201,0.288700,-9.722504,2.748185,-9.905528,0.026531,0.817467,-0.088045,0.568587,14.769453,3.176458,33.874207
65,0.541667,0.045096,0.932599,-0.061571,0.352754,-3.622796,88.404305,13.360856,-0.016200,0.902879,0.136800,0.407226,-2.701718,95.541367,12.761305,-0.025932,0.899982,-0.053517,0.431851,-5.447535,114.319138,17.325493,0.057143,0.951287,-0.096656,0.287132,-5.455704,132.218430,15.185231,0.060388,0.988687,-0.059270,0.123849,-2.271354,145.142365,11.685093,-0.065921,0.928305,0.010840,0.365770,-8.379449,126.588524,13.539789,-0.525027,0.585591,-0.306236,0.536329,-20.468906,124.676552,2.172171,-0.600350,0.533645,-0.299854,0.514676,-17.521229,102.711998,-4.965675,-0.696462,0.436855,-0.296903,0.485745,-11.494640,79.882523,-9.517048,-0.057593,0.915455,-0.102319,0.384910,-3.974910,127.242516,18.992386,0.618835,0.768845,0.150137,0.058131,7.668891,130.319687,30.567629,0.634677,0.745040,0.196122,0.060312,12.961679,107.758118,28.322422,0.534522,0.790222,0.299692,0.004473,17.460588,84.448311,24.497150,0.030571,0.944277,0.101870,0.311496,-10.201662,88.762497,7.517789,0.070591,0.955874,-0.019380,0.284512,-10.002892,54.852249,0.182115,0.014166,0.953604,-0.084152,0.288716,-16.529924,10.619339,0.042726,-0.080504,0.931717,-0.079838,0.345033,2.956069,88.046112,19.203924,0.004572,0.969317,-0.132695,0.206874,6.249340,54.242931,26.293081,0.027064,0.817911,-0.087895,0.567946,3.398285,11.107275,37.710537,0.014166,0.953604,-0.084152,0.288716,-9.720521,2.750494,-9.905611,0.027064,0.817911,-0.087895,0.567946,14.782945,3.174657,33.873978
66,0.550000,0.045100,0.932592,-0.061609,0.352765,-3.620837,88.403122,13.359232,-0.016168,0.902892,0.136798,0.407200,-2.699506,95.540108,12.759213,-0.026007,0.899992,-0.053583,0.431818,-5.444001,114.317940,17.323906,0.057129,0.951379,-0.096701,0.286817,-5.453664,132.216843,15.180355,0.060165,0.988785,-0.059299,0.123160,-2.270985,145.140488,11.677584,-0.066005,0.928309,0.010816,0.365744,-8.377107,126.586411,13.536159,-0.525044,0.585607,-0.306220,0.536305,-20.466820,124.671516,2.169298,-0.600395,0.533615,-0.299773,0.514700,-17.519524,102.706871,-4.968431,-0.696452,0.436904,-0.296798,0.485779,-11.489066,79.878738,-9.521399,-0.057632,0.915402,-0.102380,0.385014,-3.972223,127.241745,18.988319,0.618846,0.768865,0.150050,0.057977,7.668766,130.321152,30.565798,0.634646,0.745118,0.195945,0.060233,12.961737,107.759918,28.317558,0.534772,0.790121,0.299516,0.004310,17.462961,84.450050,24.495401,0.030607,0.944263,0.101874,0.311533,-10.199563,88.761139,7.515994,0.070645,0.955869,-0.019376,0.284515,-10.002802,54.851105,0.179292,0.012952,0.953616,-0.084888,0.288519,-16.534351,10.618872,0.038171,-0.080452,0.931683,-0.079825,0.345142,2.957889,88.045105,19.202471,0.004553,0.969307,-0.132706,0.206912,6.247323,54.241192,26.289913,0.027098,0.817877,-0.087871,0.567998,3.397196,11.105787,37.708549,0.012952,0.953616,-0.084888,0.288519,-9.716353,2.741838,-9.897792,0.027098,0.817877,-0.087871,0.567998,14.782190,3.173187,33.872948
67,0.558333,0.044998,0.932594,-0.061610,0.352773,-3.615222,88.398911,13.357668,-0.016446,0.902862,0.136430,0.407377,-2.695254,95.536026,12.757113,-0.025575,0.899933,-0.053332,0.431998,-5.444613,114.317444,17.304155,0.057001,0.951472,-0.096804,0.286499,-5.443773,132.218109,15.175408,0.059807,0.988898,-0.059320,0.122410,-2.265256,145.141418,11.667641,-0.066094,0.928421,0.010757,0.365445,-8.369571,126.590622,13.525361,-0.525048,0.585526,-0.306251,0.536372,-20.466200,124.671898,2.166504,-0.600359,0.533634,-0.299749,0.514738,-17.515394,102.707397,-4.970240,-0.696526,0.436817,-0.296794,0.485753,-11.485219,79.879715,-9.525876,-0.057680,0.915299,-0.102423,0.385240,-3.966566,127.239059,18.979860,0.618821,0.768892,0.150013,0.057983,7.668416,130.321075,30.562693,0.634607,0.745166,0.195899,0.060212,12.962842,107.760025,28.316010,0.534909,0.790025,0.299526,0.004146,17.466602,84.450462,24.494961,0.030625,0.944274,0.101889,0.311491,-10.194010,88.755226,7.514393,0.070659,0.955878,-0.019418,0.284477,-9.998381,54.845474,0.176325,0.014321,0.953610,-0.084103,0.288703,-16.532173,10.613558,0.038676,-0.080396,0.931706,-0.079837,0.345090,2.963565,88.042595,19.200941,0.004608,0.969348,-0.132741,0.206693,6.249479,54.238190,26.287699,0.027009,0.817931,-0.088035,0.567899,3.396581,11.103654,37.708958,0.014321,0.953610,-0.084103,0.288703,-9.724881,2.744722,-9.911117,0.027009,0.817931,-0.088035,0.567899,14.780183,3.169067,33.873314
68,0.566667,0.044959,0.932600,-0.061685,0.352748,-3.612660,88.396721,13.357428,-0.016467,0.902874,0.136427,0.407351,-2.692849,95.533752,12.755635,-0.025569,0.899942,-0.053372,0.431975,-5.442773,114.315155,17.302336,0.057007,0.951555,-0.096880,0.286194,-5.441158,132.215683,15.172408,0.059523,0.988994,-0.059387,0.121738,-2.263537,145.138336,11.661460,-0.066168,0.928416,0.010726,0.365446,-8.367308,126.588226,13.522869,-0.522543,0.583774,-0.309606,0.538796,-20.463598,124.666832,2.164108,-0.598883,0.533017,-0.300698,0.516540,-17.513584,102.694511,-4.948827,-0.696547,0.436732,-0.296600,0.485917,-11.479146,79.872932,-9.529307,-0.057675,0.915215,-0.101742,0.385621,-3.964017,127.236809,18.977119,0.618630,0.768973,0.150387,0.057983,7.661172,130.311050,30.571838,0.634624,0.745138,0.195943,0.060237,12.966579,107.753502,28.315931,0.534997,0.789965,0.299530,0.003872,17.469158,84.443832,24.494228,0.030676,0.944280,0.101940,0.311453,-10.191818,88.751961,7.514508,0.070755,0.955886,-0.019447,0.284427,-9.998740,54.843151,0.172010,0.012892,0.953584,-0.084742,0.288671,-16.541422,10.612547,0.034731,-0.080364,0.931754,-0.079818,0.344971,2.966499,88.041481,19.200348,0.004994,0.969035,-0.132472,0.208323,6.251722,54.236519,26.284710,0.024653,0.817180,-0.090023,0.568775,3.351146,11.095932,37.671021,0.012892,0.953584,-0.084742,0.288671,-9.718682,2.739357,-9.901023,0.024653,0.817180,-0.090023,0.568775,14.755024,3.157612,33.903961
69,0.575000,0.044920,0.932602,-0.061599,0.352761,-3.606790,88.398491,13.354603,-0.016569,0.902859,0.136438,0.407377,-2.687930,95.535728,12.753784,-0.025529,0.899926,-0.053366,0.432011,-5.441757,114.316895,17.299120,0.057076,0.951614,-0.096991,0.285947,-5.438871,132.217514,15.169999,0.059114,0.989094,-0.059436,0.121102,-2.259966,145.138962,11.655734,-0.066165,0.928424,0.010584,0.365430,-8.365230,126.590309,13.519966,-0.524965,0.585483,-0.306324,0.536458,-20.461914,124.667274,2.161901,-0.600342,0.533542,-0.299738,0.514859,-17.510796,102.703033,-4.975503,-0.696482,0.436792,-0.296680,0.485908,-11.475593,79.876961,-9.532502,-0.057820,0.915285,-0.102377,0.385266,-3.962347,127.238380,18.974607,0.618786,0.768900,0.150067,0.058112,7.671416,130.324142,30.557663,0.634623,0.745161,0.195871,0.060197,12.967120,107.763062,28.314281,0.534886,0.790085,0.299411,0.004012,17.469976,84.453300,24.493416,0.030674,0.944288,0.101955,0.311423,-10.185843,88.753616,7.511557,0.070928,0.955643,-0.019522,0.285192,-9.992537,54.845013,0.168126,0.014101,0.953442,-0.084245,0.289227,-16.551739,10.616869,0.027547,-0.080313,0.931761,-0.079888,0.344947,2.972265,88.043365,19.197649,0.004904,0.969127,-0.132572,0.207828,6.252702,54.238605,26.285208,0.024839,0.817377,-0.090013,0.568486,3.363836,11.100316,37.683193,0.014101,0.953442,-0.084245,0.289227,-9.730659,2.746506,-9.911585,0.024839,0.817377,-0.090013,0.568486,14.762563,3.159232,33.906384
70,0.583333,0.044972,0.932598,-0.061556,0.352773,-3.605551,88.401031,13.353905,-0.016613,0.902851,0.136389,0.407409,-2.686210,95.538277,12.753940,-0.025548,0.899912,-0.053289,0.432049,-5.441000,114.319901,17.296793,0.056658,0.951721,-0.097139,0.285624,-5.439823,132.220779,15.169886,0.059164,0.989157,-0.059458,0.120551,-2.272171,145.142685,11.647192,-0.066324,0.928379,0.010750,0.365512,-8.365472,126.593483,13.518938,-0.522681,0.583888,-0.309412,0.538650,-20.459461,124.667671,2.158469,-0.599049,0.532963,-0.300604,0.516457,-17.510044,102.695801,-4.956113,-0.696548,0.436770,-0.296555,0.485910,-11.470133,79.875031,-9.533450,-0.057958,0.915312,-0.102202,0.385228,-3.963061,127.241341,18.973988,0.618758,0.768915,0.150086,0.058158,7.671167,130.328979,30.556076,0.634642,0.745146,0.195879,0.060155,12.968241,107.768082,28.314045,0.534673,0.790320,0.299169,0.004236,17.470190,84.458466,24.491186,0.030724,0.944241,0.101883,0.311583,-10.184381,88.757256,7.510673,0.070687,0.955888,-0.019512,0.284431,-9.994685,54.847843,0.170865,0.014040,0.953632,-0.084136,0.288634,-16.533253,10.616607,0.040822,-0.080348,0.931762,-0.079970,0.344918,2.973279,88.044807,19.197136,0.005288,0.969329,-0.133194,0.206477,6.254194,54.241348,26.290646,0.024803,0.817856,-0.089920,0.567813,3.336518,11.118206,37.738503,0.014040,0.953632,-0.084136,0.288634,-9.723907,2.749020,-9.908556,0.024803,0.817856,-0.089920,0.567813,14.729527,3.178738,33.941086
71,0.591667,0.044862,0.932604,-0.061382,0.352803,-3.597226,88.400101,13.350094,-0.016560,0.902840,0.136415,0.407426,-2.680216,95.537796,12.751931,-0.025577,0.899894,-0.053399,0.432070,-5.433613,114.319214,17.296484,0.057205,0.951760,-0.097206,0.285363,-5.431626,132.219620,15.165562,0.058372,0.989309,-0.059568,0.119629,-2.250907,145.138733,11.644405,-0.066373,0.928413,0.010607,0.365419,-8.357402,126.592064,13.515717,-0.524778,0.584930,-0.306867,0.536933,-20.453444,124.662888,2.158000,-0.600008,0.533610,-0.299837,0.515120,-17.487722,102.696884,-4.967912,-0.696333,0.437204,-0.296850,0.485647,-11.458870,79.871193,-9.535259,-0.057969,0.915251,-0.102459,0.385301,-3.955267,127.240982,18.970861,0.618808,0.768875,0.150084,0.058168,7.677038,130.332413,30.553875,0.634987,0.744803,0.196021,0.060297,12.971205,107.770851,28.311783,0.529921,0.793343,0.299610,0.004953,17.451269,84.457603,24.485415,0.030851,0.944234,0.101715,0.311647,-10.175853,88.755577,7.506587,0.070488,0.956083,-0.019391,0.283833,-9.997597,54.844330,0.174964,0.014980,0.953690,-0.083864,0.288476,-16.516232,10.610157,0.043711,-0.080329,0.931748,-0.080038,0.344945,2.981401,88.044624,19.193600,0.004822,0.969235,-0.132522,0.207361,6.259231,54.241699,26.291122,0.024263,0.817519,-0.091145,0.568126,3.383923,11.102160,37.687832,0.014980,0.953690,-0.083864,0.288476,-9.721639,2.741978,-9.915280,0.024263,0.817519,-0.091145,0.568126,14.776007,3.147174,33.920216
72,0.600000,0.044879,0.932538,-0.061691,0.352920,-3.593636,88.396584,13.355374,-0.016411,0.902873,0.136715,0.407258,-2.674767,95.533714,12.753264,-0.026119,0.899946,-0.053790,0.431881,-5.426820,114.312111,17.311052,0.057281,0.951813,-0.097204,0.285169,-5.436733,132.210007,15.159074,0.058120,0.989377,-0.059618,0.119171,-2.255090,145.128830,11.637719,-0.066147,0.928359,0.010785,0.365592,-8.359747,126.578712,13.517086,-0.524799,0.584979,-0.306835,0.536878,-20.452551,124.658875,2.154346,-0.599921,0.533777,-0.300133,0.514876,-17.488605,102.692703,-4.971799,-0.696425,0.436916,-0.296583,0.485937,-11.476821,79.860626,-9.529732,-0.058024,0.915262,-0.102509,0.385254,-3.955709,127.236732,18.969603,0.618759,0.768912,0.150084,0.058189,7.677575,130.330353,30.551046,0.634993,0.744790,0.196032,0.060356,12.974414,107.769302,28.310192,0.529930,0.793293,0.299727,0.004931,17.453762,84.455635,24.485497,0.030836,0.944305,0.101772,0.311417,-10.170780,88.750229,7.510089,0.070377,0.956392,-0.019330,0.282822,-9.992140,54.839718,0.175089,0.015160,0.953837,-0.083782,0.288004,-16.499975,10.603934,0.048412,-0.080268,0.931778,-0.079969,0.344893,2.983509,88.042938,19.200659,0.004730,0.969398,-0.132627,0.206533,6.259490,54.238571,26.292191,0.024457,0.817826,-0.091188,0.567668,3.399979,11.101434,37.701965,0.015160,0.953837,-0.083782,0.288004,-9.717780,2.736211,-9.919383,0.024457,0.817826,-0.091188,0.567668,14.784590,3.142369,33.920418
73,0.608333,0.044916,0.932525,-0.061799,0.352931,-3.594218,88.394814,13.355982,-0.016657,0.902846,0.136356,0.407430,-2.674293,95.531700,12.752621,-0.025593,0.899903,-0.053537,0.432035,-5.430187,114.313629,17.293558,0.057095,0.951909,-0.097177,0.284896,-5.426625,132.213470,15.157935,0.057780,0.989462,-0.059784,0.118545,-2.251375,145.133347,11.634584,-0.066369,0.928438,0.010481,0.365360,-8.353046,126.585770,13.509756,-0.524893,0.584871,-0.306729,0.536964,-20.450541,124.655090,2.153843,-0.599995,0.533625,-0.299788,0.515148,-17.477694,102.690414,-4.973197,-0.696237,0.437234,-0.296723,0.485835,-11.448179,79.865433,-9.543257,-0.058088,0.915192,-0.102540,0.385403,-3.950497,127.235687,18.964449,0.618719,0.769012,0.149858,0.057873,7.678710,130.332047,30.549257,0.635041,0.744807,0.195812,0.060360,12.979582,107.772354,28.304106,0.529905,0.793295,0.299765,0.004936,17.455999,84.457054,24.485905,0.030715,0.944222,0.102034,0.311592,-10.171173,88.748375,7.510477,0.071073,0.955758,-0.019602,0.284766,-9.977514,54.841064,0.161090,0.013931,0.953430,-0.084263,0.289271,-16.551170,10.615051,0.026551,-0.080287,0.931769,-0.079909,0.344928,2.982737,88.041252,19.201487,0.004737,0.969385,-0.132635,0.206587,6.261172,54.236435,26.289711,0.024480,0.817830,-0.091189,0.567661,3.400272,11.099493,37.699856,0.013931,0.953430,-0.084263,0.289271,-9.726942,2.745520,-9.911084,0.024480,0.817830,-0.091189,0.567661,14.784515,3.140066,33.917969
74,0.616667,0.044954,0.932563,-0.061518,0.352876,-3.593686,88.395988,13.347610,-0.016633,0.902871,0.136382,0.407367,-2.674706,95.533333,12.748170,-0.025510,0.899939,-0.053602,0.431955,-5.429833,114.315010,17.290583,0.057012,0.951972,-0.097233,0.284685,-5.422756,132.214767,15.154115,0.057415,0.989523,-0.059907,0.118151,-2.250305,145.134506,11.627806,-0.066486,0.928439,0.010416,0.365338,-8.350659,126.587593,13.506678,-0.524716,0.585305,-0.306499,0.536795,-20.448168,124.652466,2.151539,-0.600233,0.533355,-0.299758,0.515168,-17.492399,102.690163,-4.989873,-0.696327,0.436862,-0.296629,0.486098,-11.448153,79.867325,-9.551165,-0.058157,0.915147,-0.102445,0.385523,-3.947083,127.236832,18.960623,0.618827,0.768914,0.149897,0.057930,7.678763,130.334396,30.548477,0.634933,0.744905,0.195790,0.060356,12.973121,107.773186,28.303251,0.529954,0.793327,0.299595,0.004909,17.456144,84.458862,24.486872,0.030854,0.944276,0.101754,0.311509,-10.171266,88.752022,7.502959,0.070363,0.956248,-0.019437,0.283304,-9.993453,54.841339,0.168756,0.014391,0.953874,-0.083943,0.287873,-16.502750,10.605762,0.048251,-0.080280,0.931818,-0.079993,0.344777,2.983893,88.039955,19.192263,0.004826,0.969431,-0.132728,0.206310,6.260993,54.235985,26.285172,0.024000,0.817850,-0.091361,0.567625,3.393898,11.101326,37.702396,0.014391,0.953874,-0.083943,0.287873,-9.713955,2.739860,-9.916488,0.024000,0.817850,-0.091361,0.567625,14.782125,3.145462,33.925011
75,0.625000,0.045013,0.932558,-0.061683,0.352853,-3.593364,88.397003,13.348937,-0.016919,0.902874,0.136379,0.407348,-2.672774,95.533966,12.747562,-0.024431,0.900006,-0.054029,0.431826,-5.437874,114.315292,17.285379,0.056133,0.952171,-0.097044,0.284257,-5.389439,132.215332,15.151850,0.056989,0.989591,-0.059967,0.117752,-2.243029,145.140320,11.621440,-0.066881,0.928539,0.010337,0.365014,-8.330689,126.595268,13.503933,-0.524330,0.585277,-0.306742,0.537064,-20.434362,124.646584,2.157678,-0.600061,0.533325,-0.299872,0.515332,-17.483980,102.685570,-4.989955,-0.696342,0.436822,-0.296630,0.486112,-11.441544,79.862801,-9.553912,-0.058589,0.914892,-0.102090,0.386158,-3.924783,127.233353,18.957315,0.618840,0.768887,0.150094,0.057640,7.683012,130.341217,30.560505,0.634988,0.744872,0.195700,0.060472,12.978188,107.781830,28.299034,0.529933,0.793349,0.299572,0.004997,17.457142,84.465706,24.488916,0.030811,0.944283,0.101854,0.311459,-10.171133,88.752998,7.504495,0.070380,0.956369,-0.019484,0.282889,-9.988723,54.843540,0.164714,0.014519,0.953912,-0.084018,0.287721,-16.500660,10.608328,0.050669,-0.080275,0.931794,-0.079940,0.344855,2.984406,88.041008,19.193380,0.004802,0.969386,-0.132738,0.206517,6.261863,54.236401,26.283079,0.024010,0.817847,-0.091411,0.567621,3.394230,11.101958,37.700981,0.014519,0.953912,-0.084018,0.287721,-9.717233,2.739725,-9.915598,0.024010,0.817847,-0.091411,0.567621,14.781851,3.144965,33.924129
76,0.633333,0.044985,0.932540,-0.061664,0.352907,-3.589461,88.397850,13.348648,-0.016955,0.902868,0.136368,0.407364,-2.669308,95.534882,12.747431,-0.024485,0.899997,-0.054035,0.431840,-5.435585,114.316284,17.284233,0.056026,0.952248,-0.097145,0.283987,-5.388796,132.216202,15.149670,0.056836,0.989663,-0.060074,0.117165,-2.245811,145.140793,11.614722,-0.066933,0.928532,0.010420,0.365020,-8.329470,126.595772,13.502005,-0.524467,0.584737,-0.307075,0.537329,-20.432749,124.646507,2.155440,-0.599828,0.533577,-0.299788,0.515392,-17.462456,102.682854,-4.975793,-0.696303,0.437202,-0.296123,0.486136,-11.430490,79.860023,-9.553308,-0.058595,0.914933,-0.102520,0.385946,-3.923763,127.234581,18.955460,0.618872,0.768892,0.149913,0.057696,7.689470,130.347504,30.551842,0.634894,0.744846,0.195988,0.060851,12.982482,107.786896,28.297401,0.529812,0.793077,0.300500,0.005380,17.464931,84.470528,24.492878,0.030810,0.944255,0.101885,0.311534,-10.166598,88.753426,7.503473,0.070431,0.956351,-0.019541,0.282933,-9.982863,54.844402,0.161736,0.014563,0.953890,-0.083985,0.287798,-16.500572,10.610047,0.050912,-0.080264,0.931779,-0.079970,0.344893,2.987676,88.042274,19.193823,0.004815,0.969381,-0.132748,0.206531,6.263375,54.237877,26.285320,0.023891,0.817894,-0.091452,0.567553,3.394273,11.103699,37.703819,0.014563,0.953890,-0.083985,0.287798,-9.715873,2.741897,-9.914839,0.023891,0.817894,-0.091452,0.567553,14.782278,3.147572,33.926327
77,0.641667,0.044880,0.932621,-0.062401,0.352576,-3.592743,88.386314,13.370082,-0.016731,0.902981,0.136340,0.407132,-2.670499,95.522163,12.758110,-0.024985,0.900041,-0.054366,0.431679,-5.427269,114.304146,17.298248,0.055959,0.952250,-0.096833,0.284098,-5.391903,132.201874,15.145239,0.056474,0.989653,-0.060396,0.117264,-2.252302,145.129395,11.618054,-0.066563,0.928510,0.010637,0.365139,-8.329835,126.578011,13.504436,-0.524332,0.584674,-0.307175,0.537472,-20.431868,124.642967,2.154110,-0.599634,0.533690,-0.300197,0.515263,-17.461020,102.679977,-4.978945,-0.696272,0.437099,-0.296334,0.486145,-11.446615,79.850616,-9.546967,-0.058849,0.914892,-0.102654,0.385969,-3.922521,127.225052,18.955620,0.618788,0.768906,0.150094,0.057944,7.689119,130.347473,30.551041,0.634936,0.744791,0.196060,0.060856,12.985654,107.787277,28.300875,0.529779,0.793157,0.300347,0.005345,17.465540,84.470833,24.493790,0.030710,0.944286,0.102402,0.311278,-10.174164,88.736000,7.529374,0.070531,0.956488,-0.019528,0.282445,-9.974539,54.833889,0.156201,0.013999,0.953866,-0.084406,0.287783,-16.500532,10.600746,0.045026,-0.080310,0.931890,-0.079720,0.344640,2.988678,88.036629,19.210789,0.005097,0.969157,-0.132523,0.207718,6.275365,54.229973,26.286417,0.024113,0.817363,-0.091032,0.568374,3.371970,11.090699,37.676968,0.013999,0.953866,-0.084406,0.287783,-9.710512,2.726965,-9.912651,0.024113,0.817363,-0.091032,0.568374,14.769427,3.140297,33.915955
78,0.650000,0.044912,0.932598,-0.062480,0.352618,-3.591443,88.384476,13.369883,-0.016693,0.902954,0.136383,0.407180,-2.668346,95.520142,12.757063,-0.024982,0.900008,-0.054532,0.431725,-5.424681,114.301727,17.299152,0.055749,0.952323,-0.096770,0.283917,-5.386505,132.198807,15.140809,0.056214,0.989715,-0.060519,0.116799,-2.253662,145.127731,11.612743,-0.066618,0.928570,0.010202,0.364987,-8.325041,126.574875,13.501328,-0.524375,0.584646,-0.307036,0.537540,-20.430534,124.632622,2.155919,-0.599627,0.533652,-0.300190,0.515314,-17.454172,102.671646,-4.981058,-0.696614,0.436341,-0.296162,0.486439,-11.437668,79.842964,-9.549745,-0.058648,0.914835,-0.102983,0.386047,-3.918291,127.222908,18.952852,0.618773,0.768934,0.150025,0.057904,7.692137,130.343567,30.549965,0.634950,0.744801,0.195964,0.060893,12.989715,107.783531,28.300541,0.529876,0.793092,0.300348,0.005281,17.468531,84.466209,24.497622,0.030685,0.944242,0.102420,0.311409,-10.172289,88.734131,7.528522,0.070494,0.956313,-0.019592,0.283042,-9.969671,54.832161,0.154774,0.014628,0.953878,-0.084079,0.287809,-16.494015,10.598770,0.045931,-0.080303,0.931877,-0.079755,0.344668,2.989403,88.034813,19.211241,0.004870,0.969377,-0.132693,0.206586,6.274590,54.228474,26.289061,0.024265,0.817919,-0.091214,0.567539,3.401053,11.093033,37.701691,0.014628,0.953878,-0.084079,0.287809,-9.710341,2.727988,-9.918443,0.024265,0.817919,-0.091214,0.567539,14.786437,3.136087,33.918011
79,0.658333,0.044852,0.932601,-0.062487,0.352616,-3.586513,88.383499,13.370985,-0.016823,0.902975,0.136297,0.407156,-2.664177,95.519234,12.757768,-0.025013,0.900026,-0.054393,0.431706,-5.423602,114.301559,17.294882,0.055610,0.952368,-0.096880,0.283754,-5.388643,132.199142,15.140560,0.055956,0.989758,-0.060646,0.116487,-2.259404,145.127701,11.607948,-0.066608,0.928579,0.010045,0.364971,-8.326307,126.575066,13.499993,-0.524344,0.584534,-0.307061,0.537678,-20.432222,124.631203,2.155313,-0.599616,0.533603,-0.300190,0.515378,-17.450460,102.671219,-4.982454,-0.696606,0.436372,-0.296098,0.486461,-11.431424,79.843315,-9.551716,-0.058653,0.914856,-0.103003,0.385990,-3.919341,127.222633,18.951397,0.618736,0.768984,0.149941,0.057860,7.692526,130.343582,30.546993,0.634765,0.745011,0.195779,0.060850,12.992510,107.783981,28.298803,0.532621,0.791446,0.299836,0.005155,17.482883,84.467827,24.502346,0.030691,0.944313,0.102342,0.311218,-10.167474,88.732155,7.529696,0.070550,0.956586,-0.019453,0.282114,-9.968430,54.829109,0.160805,0.013696,0.953914,-0.084538,0.287600,-16.494209,10.595944,0.045019,-0.080320,0.931828,-0.079758,0.344795,2.994448,88.034851,19.212273,0.005283,0.968897,-0.132185,0.209136,6.279662,54.228722,26.291107,0.023758,0.816821,-0.091066,0.569162,3.349782,11.081618,37.645168,0.013696,0.953914,-0.084538,0.287600,-9.704768,2.721253,-9.912335,0.023758,0.816821,-0.091066,0.569162,14.759369,3.136502,33.909847
80,0.666667,0.044767,0.932588,-0.062442,0.352671,-3.583745,88.383888,13.369131,-0.017045,0.902946,0.135948,0.407328,-2.662749,95.519814,12.756130,-0.024540,0.899979,-0.054192,0.431855,-5.425333,114.305565,17.277138,0.055433,0.952466,-0.096987,0.283426,-5.377825,132.204773,15.136661,0.055519,0.989870,-0.060619,0.115763,-2.254057,145.133148,11.598570,-0.066849,0.928656,0.010181,0.364727,-8.318620,126.583900,13.490722,-0.524262,0.584345,-0.307327,0.537811,-20.429413,124.633965,2.152289,-0.599559,0.533630,-0.300219,0.515400,-17.444988,102.672241,-4.979024,-0.696671,0.436618,-0.296550,0.485872,-11.428158,79.844009,-9.549515,-0.058906,0.914774,-0.102815,0.386196,-3.913138,127.224365,18.944164,0.618791,0.768973,0.149805,0.057772,7.692423,130.351151,30.544495,0.634904,0.744867,0.195841,0.060964,12.989701,107.790886,28.296692,0.529735,0.793179,0.300364,0.005458,17.470901,84.472885,24.500702,0.030845,0.944171,0.102404,0.311615,-10.164166,88.731346,7.527164,0.070287,0.956923,-0.019586,0.281024,-9.970754,54.829830,0.151064,0.014433,0.954074,-0.083676,0.287284,-16.477596,10.593820,0.060767,-0.080297,0.931807,-0.079740,0.344861,2.996676,88.036438,19.211098,0.005229,0.968874,-0.132193,0.209240,6.280385,54.229862,26.288504,0.024038,0.816956,-0.090856,0.568990,3.353845,11.082891,37.643963,0.014433,0.954074,-0.083676,0.287284,-9.701153,2.733602,-9.916853,0.024038,0.816956,-0.090856,0.568990,14.760101,3.137599,33.898865
81,0.675000,0.044843,0.932602,-0.062278,0.352654,-3.584950,88.385689,13.365314,-0.017011,0.902953,0.136011,0.407294,-2.663766,95.521812,12.754888,-0.024572,0.899993,-0.054241,0.431817,-5.425996,114.306938,17.278704,0.055120,0.952531,-0.097142,0.283213,-5.378873,132.205902,15.136147,0.055480,0.989901,-0.060741,0.115450,-2.263093,145.134216,11.590784,-0.066942,0.928590,0.010207,0.364877,-8.319737,126.584801,13.491098,-0.524248,0.584782,-0.306932,0.537575,-20.426464,124.632515,2.148729,-0.600124,0.533165,-0.299828,0.515451,-17.454540,102.673782,-4.996978,-0.696787,0.436577,-0.296294,0.485900,-11.402560,79.853424,-9.560402,-0.058771,0.914808,-0.102975,0.386094,-3.913816,127.225945,18.944107,0.618815,0.768994,0.149634,0.057673,7.694931,130.350403,30.541885,0.634554,0.745236,0.195610,0.060838,12.991376,107.789803,28.295326,0.534658,0.790098,0.299768,0.005013,17.494694,84.474937,24.506229,0.030746,0.944215,0.102379,0.311499,-10.165458,88.735443,7.523580,0.070279,0.956862,-0.019606,0.281233,-9.966995,54.833149,0.151182,0.014731,0.954094,-0.083809,0.287164,-16.473557,10.597092,0.061323,-0.080301,0.931758,-0.079663,0.345012,2.995559,88.035934,19.207047,0.005082,0.969109,-0.132658,0.207854,6.280222,54.228546,26.280100,0.023401,0.817520,-0.091503,0.568103,3.374037,11.092463,37.682049,0.014731,0.954094,-0.083809,0.287164,-9.704273,2.731625,-9.917028,0.023401,0.817520,-0.091503,0.568103,14.773255,3.142975,33.924435
82,0.683333,0.044848,0.932593,-0.062277,0.352677,-3.582568,88.385582,13.365263,-0.017021,0.902951,0.136002,0.407300,-2.661311,95.521698,12.754889,-0.024552,0.899991,-0.054295,0.431816,-5.423780,114.306915,17.278198,0.055233,0.952556,-0.097313,0.283049,-5.375155,132.205704,15.134194,0.054954,0.989980,-0.060799,0.114992,-2.256089,145.132095,11.584733,-0.066986,0.928627,0.010102,0.364778,-8.316480,126.584709,13.489586,-0.524223,0.584770,-0.306903,0.537629,-20.425415,124.629631,2.150055,-0.599951,0.533142,-0.299932,0.515615,-17.451992,102.671814,-4.997888,-0.696837,0.436025,-0.296731,0.486057,-11.401868,79.851578,-9.564405,-0.058835,0.914780,-0.103031,0.386134,-3.910532,127.225922,18.942564,0.618871,0.768905,0.149769,0.057903,7.696912,130.353134,30.540907,0.634452,0.745282,0.195737,0.060932,12.988852,107.791115,28.298059,0.534914,0.789935,0.299741,0.005074,17.497789,84.477242,24.509563,0.030729,0.944206,0.102394,0.311523,-10.162791,88.735382,7.523209,0.070267,0.956854,-0.019617,0.281262,-9.962721,54.833233,0.150220,0.014623,0.954119,-0.083907,0.287059,-16.468540,10.597071,0.061422,-0.080316,0.931707,-0.079656,0.345147,2.997654,88.035782,19.207317,0.005108,0.969083,-0.132680,0.207963,6.282438,54.228474,26.280743,0.024093,0.817469,-0.090888,0.568246,3.372306,11.092940,37.683754,0.014623,0.954119,-0.083907,0.287059,-9.700567,2.730095,-9.916624,0.024093,0.817469,-0.090888,0.568246,14.769967,3.145486,33.917133
83,0.691667,0.044844,0.932576,-0.062234,0.352729,-3.579935,88.386475,13.365586,-0.017168,0.902929,0.136204,0.407275,-2.658913,95.522675,12.755832,-0.024493,0.899992,-0.054556,0.431785,-5.429621,114.305542,17.283852,0.055199,0.952598,-0.097356,0.282900,-5.375093,132.203415,15.132337,0.054702,0.990029,-0.060855,0.114657,-2.257381,145.129593,11.580895,-0.066969,0.928575,0.010136,0.364911,-8.318357,126.582718,13.490195,-0.524365,0.584260,-0.307229,0.537858,-20.424128,124.628746,2.147097,-0.599762,0.533517,-0.300099,0.515350,-17.432302,102.668068,-4.984310,-0.696793,0.436556,-0.295612,0.486325,-11.406195,79.841576,-9.551261,-0.058910,0.914812,-0.103045,0.386045,-3.911994,127.224747,18.942741,0.618744,0.769038,0.149648,0.057813,7.697451,130.354172,30.538479,0.634600,0.745179,0.195641,0.060966,12.997203,107.793831,28.297123,0.534640,0.790110,0.299764,0.005213,17.496958,84.477783,24.511084,0.030712,0.944251,0.102275,0.311428,-10.159512,88.736420,7.522814,0.070321,0.956869,-0.019543,0.281201,-9.961649,54.832504,0.157892,0.014868,0.954096,-0.083696,0.287183,-16.470221,10.596764,0.061846,-0.080379,0.931709,-0.079699,0.345116,2.999642,88.036530,19.208359,0.005130,0.969119,-0.132646,0.207816,6.287692,54.230415,26.285940,0.023633,0.817751,-0.091245,0.567802,3.378052,11.094093,37.686096,0.014868,0.954096,-0.083696,0.287183,-9.701846,2.732917,-9.918393,0.023633,0.817751,-0.091245,0.567802,14.773604,3.145929,33.914600
84,0.700000,0.044722,0.932533,-0.062403,0.352829,-3.574617,88.384232,13.370991,-0.017100,0.902921,0.135913,0.407394,-2.654320,95.520279,12.758430,-0.024613,0.899945,-0.054338,0.431903,-5.418616,114.306328,17.277149,0.055055,0.952613,-0.097408,0.282857,-5.371093,132.204849,15.130804,0.054390,0.990068,-0.060952,0.114416,-2.256886,145.131149,11.576746,-0.067045,0.928624,0.010161,0.364773,-8.311625,126.583389,13.486369,-0.524402,0.584322,-0.307171,0.537788,-20.420422,124.627197,2.146885,-0.599904,0.533441,-0.300005,0.515319,-17.430311,102.666458,-4.985065,-0.696784,0.436752,-0.295776,0.486062,-11.397600,79.841301,-9.549982,-0.058969,0.914779,-0.103086,0.386102,-3.906782,127.225685,18.940109,0.618860,0.768911,0.149736,0.058020,7.700967,130.357574,30.536873,0.634561,0.745184,0.195746,0.060964,12.992896,107.795036,28.299253,0.534326,0.790429,0.299478,0.005539,17.495003,84.479919,24.510305,0.030733,0.944176,0.102421,0.311603,-10.153147,88.730965,7.526852,0.070369,0.956897,-0.019619,0.281089,-9.952106,54.829224,0.152007,0.015503,0.954065,-0.083526,0.287304,-16.466660,10.594344,0.061965,-0.080356,0.931725,-0.079673,0.345086,3.003912,88.037498,19.215130,0.005334,0.968855,-0.132204,0.209316,6.291327,54.230835,26.290386,0.023998,0.816927,-0.090818,0.569039,3.354561,11.084234,37.644596,0.015503,0.954065,-0.083526,0.287304,-9.703300,2.729884,-9.921188,0.023998,0.816927,-0.090818,0.569039,14.762139,3.140295,33.900658
85,0.708333,0.044740,0.932511,-0.062419,0.352881,-3.572562,88.383125,13.371433,-0.017177,0.902926,0.135908,0.407380,-2.651901,95.519127,12.758812,-0.024638,0.899956,-0.054371,0.431875,-5.418771,114.305130,17.276165,0.054900,0.952654,-0.097458,0.282734,-5.371583,132.203461,15.128372,0.054226,0.990099,-0.061008,0.114200,-2.261621,145.129974,11.571299,-0.066996,0.928650,0.009984,0.364722,-8.312154,126.581848,13.484573,-0.524321,0.584157,-0.307292,0.537978,-20.422422,124.624947,2.146777,-0.599699,0.533392,-0.300117,0.515542,-17.426781,102.664711,-4.984408,-0.696851,0.436295,-0.296186,0.486126,-11.394809,79.840210,-9.553602,-0.058981,0.914763,-0.103193,0.386110,-3.906979,127.224640,18.937990,0.618801,0.768959,0.149716,0.058083,7.700507,130.358276,30.534550,0.634537,0.745214,0.195710,0.060961,12.995544,107.796135,28.300301,0.534579,0.790287,0.299401,0.005468,17.499149,84.481087,24.512651,0.030764,0.944263,0.102332,0.311368,-10.150417,88.729996,7.526542,0.070404,0.957001,-0.019519,0.280734,-9.955162,54.827106,0.156824,0.015079,0.954035,-0.083557,0.287418,-16.470236,10.592323,0.059783,-0.080372,0.931682,-0.079643,0.345204,3.005294,88.036255,19.216326,0.005324,0.968829,-0.132204,0.209436,6.293575,54.229431,26.290417,0.023893,0.816966,-0.090914,0.568973,3.356307,11.082816,37.644447,0.015079,0.954035,-0.083557,0.287418,-9.698883,2.730241,-9.919826,0.023893,0.816966,-0.090914,0.568973,14.763650,3.138482,33.900612
86,0.716667,0.044823,0.932544,-0.062297,0.352806,-3.574427,88.386116,13.367950,-0.017281,0.902918,0.136208,0.407293,-2.653316,95.522232,12.757313,-0.024565,0.899975,-0.054666,0.431801,-5.428146,114.304909,17.283577,0.054877,0.952666,-0.097581,0.282656,-5.374164,132.202225,15.127389,0.054020,0.990121,-0.061058,0.114082,-2.264319,145.127762,11.566731,-0.066999,0.928600,0.009790,0.364852,-8.317162,126.580986,13.486595,-0.521836,0.582697,-0.310341,0.540222,-20.424253,124.621796,2.145808,-0.598633,0.532551,-0.300995,0.517137,-17.436975,102.655815,-4.971175,-0.696885,0.436399,-0.295573,0.486358,-11.387244,79.838036,-9.550421,-0.058907,0.914772,-0.102525,0.386279,-3.911044,127.224602,18.939154,0.618672,0.769039,0.149891,0.057938,7.692385,130.347961,30.542542,0.634520,0.745212,0.195736,0.061083,12.995606,107.788643,28.299171,0.534592,0.790195,0.299625,0.005416,17.499552,84.473061,24.515301,0.030691,0.944214,0.102253,0.311549,-10.153075,88.735214,7.524084,0.070361,0.957055,-0.019475,0.280563,-9.953393,54.830902,0.161016,0.014305,0.954123,-0.083884,0.287070,-16.463787,10.595435,0.062434,-0.080371,0.931683,-0.079630,0.345205,3.004221,88.037025,19.211819,0.005161,0.969085,-0.132624,0.207988,6.292721,54.230045,26.285065,0.023632,0.817483,-0.091410,0.568161,3.378745,11.093214,37.682186,0.014305,0.954123,-0.083884,0.287070,-9.691276,2.731282,-9.914758,0.023632,0.817483,-0.091410,0.568161,14.776571,3.142260,33.923458
87,0.725000,0.044894,0.932528,-0.062475,0.352807,-3.576271,88.383400,13.371070,-0.017296,0.902927,0.136172,0.407285,-2.653311,95.519104,12.758409,-0.024595,0.899975,-0.054768,0.431787,-5.428061,114.302132,17.283232,0.054803,0.952680,-0.097551,0.282634,-5.373499,132.198975,15.123274,0.053731,0.990142,-0.061154,0.113983,-2.265877,145.125061,11.562679,-0.066995,0.928619,0.009689,0.364808,-8.316731,126.577522,13.483733,-0.524430,0.584422,-0.306894,0.537811,-20.424887,124.617149,2.144290,-0.600041,0.533010,-0.300003,0.515605,-17.432272,102.659843,-4.997149,-0.696905,0.435836,-0.296027,0.486558,-11.377407,79.839500,-9.556799,-0.058934,0.914808,-0.103496,0.385930,-3.910466,127.222122,18.936052,0.618885,0.768974,0.149372,0.057866,7.701841,130.357697,30.527248,0.634444,0.745369,0.195392,0.061053,12.993171,107.794525,28.294596,0.534981,0.789900,0.299714,0.004934,17.501909,84.478149,24.521313,0.030578,0.944199,0.102392,0.311559,-10.154794,88.732536,7.527067,0.070798,0.956610,-0.019502,0.281964,-9.944555,54.829716,0.157451,0.014468,0.953807,-0.084162,0.288028,-16.492689,10.599860,0.040624,-0.080373,0.931655,-0.079548,0.345298,3.002252,88.034264,19.215073,0.005158,0.969099,-0.132622,0.207923,6.292206,54.226418,26.283472,0.024713,0.817525,-0.090329,0.568228,3.379340,11.089552,37.680729,0.014468,0.953807,-0.084162,0.288028,-9.702456,2.728386,-9.918732,0.024713,0.817525,-0.090329,0.568228,14.774158,3.143919,33.901691
88,0.733333,0.044845,0.932524,-0.062436,0.352832,-3.573193,88.382652,13.371134,-0.017403,0.902920,0.136218,0.407280,-2.651071,95.518494,12.758781,-0.024762,0.899967,-0.054703,0.431803,-5.430308,114.300896,17.283510,0.053717,0.952718,-0.098058,0.282539,-5.382135,132.197708,15.123055,0.054353,0.990079,-0.060990,0.114325,-2.299049,145.123703,11.540805,-0.066854,0.928573,0.009634,0.364951,-8.323328,126.575134,13.483628,-0.524484,0.584266,-0.306953,0.537894,-20.428633,124.618622,2.140468,-0.600027,0.532948,-0.300037,0.515667,-17.429180,102.660988,-4.997108,-0.696900,0.435775,-0.296060,0.486599,-11.372115,79.841080,-9.556009,-0.058830,0.914880,-0.103550,0.385761,-3.917370,127.221466,18.935991,0.618805,0.769068,0.149230,0.057847,7.699725,130.354126,30.523190,0.634562,0.745286,0.195287,0.061180,12.995804,107.791649,28.294771,0.533632,0.790706,0.299995,0.004934,17.496590,84.472702,24.527872,0.030590,0.944204,0.102344,0.311559,-10.151486,88.731209,7.526833,0.070820,0.956630,-0.019468,0.281896,-9.943111,54.827763,0.160026,0.014400,0.953791,-0.084092,0.288106,-16.492212,10.598061,0.040204,-0.080342,0.931674,-0.079538,0.345257,3.005099,88.034103,19.215435,0.005249,0.968960,-0.132512,0.208638,6.293612,54.225792,26.282274,0.024431,0.817296,-0.090479,0.568545,3.366439,11.086392,37.666283,0.014400,0.953791,-0.084092,0.288106,-9.699061,2.728717,-9.918848,0.024431,0.817296,-0.090479,0.568545,14.766644,3.142242,33.900379
89,0.741667,0.044987,0.932473,-0.062509,0.352934,-3.570831,88.387474,13.368002,-0.018489,0.902840,0.135795,0.407550,-2.646370,95.523003,12.755487,-0.023158,0.899974,-0.053777,0.431993,-5.458526,114.308372,17.247412,0.053353,0.952765,-0.098696,0.282225,-5.372372,132.211563,15.141815,0.054116,0.990112,-0.060995,0.114145,-2.295607,145.133453,11.539403,-0.067420,0.928500,0.009423,0.365040,-8.324404,126.600143,13.483812,-0.524381,0.583995,-0.307246,0.538121,-20.425001,124.623703,2.139091,-0.599868,0.532919,-0.300177,0.515800,-17.419254,102.664879,-4.992183,-0.696920,0.435657,-0.295995,0.486716,-11.364750,79.844490,-9.552069,-0.058934,0.914929,-0.103658,0.385599,-3.919678,127.220665,18.940166,0.618785,0.769083,0.149223,0.057874,7.701173,130.357407,30.522484,0.634485,0.745366,0.195263,0.061089,12.998221,107.795036,28.295401,0.534993,0.789886,0.299733,0.004845,17.504280,84.477364,24.526964,0.030530,0.944283,0.102300,0.311341,-10.147630,88.737747,7.522126,0.070812,0.956467,-0.019551,0.282445,-9.937994,54.833412,0.159422,0.014716,0.953792,-0.084119,0.288078,-16.488415,10.603896,0.043106,-0.080331,0.931663,-0.079570,0.345281,3.005967,88.037209,19.213877,0.005250,0.968913,-0.132478,0.208875,6.292804,54.229141,26.282650,0.024128,0.817090,-0.090805,0.568803,3.363420,11.088946,37.663082,0.014716,0.953792,-0.084119,0.288078,-9.700171,2.731639,-9.916985,0.024128,0.817090,-0.090805,0.568803,14.767111,3.143157,33.911236
90,0.750000,0.044812,0.932512,-0.062331,0.352885,-3.567940,88.387192,13.374048,-0.017713,0.902922,0.135877,0.407376,-2.646764,95.523262,12.762980,-0.024793,0.899941,-0.054215,0.431917,-5.432002,114.308861,17.270718,0.053848,0.952681,-0.098352,0.282535,-5.392197,132.207520,15.125564,0.053938,0.990114,-0.061089,0.114163,-2.303641,145.130447,11.536981,-0.067032,0.928500,0.009560,0.365107,-8.330296,126.584915,13.480743,-0.524720,0.584006,-0.306987,0.537927,-20.431004,124.622200,2.133752,-0.600091,0.532861,-0.300089,0.515652,-17.418415,102.663170,-4.993989,-0.697015,0.435535,-0.295967,0.486707,-11.358374,79.843071,-9.547938,-0.058690,0.915018,-0.103534,0.385458,-3.925750,127.228760,18.934544,0.618755,0.769143,0.149026,0.057896,7.699692,130.356171,30.514782,0.634494,0.745362,0.195250,0.061074,12.998340,107.793495,28.294525,0.534491,0.790247,0.299671,0.005145,17.503899,84.475761,24.525850,0.030564,0.944296,0.102374,0.311271,-10.145622,88.735779,7.529067,0.070816,0.956477,-0.019560,0.282407,-9.937151,54.832649,0.160808,0.014603,0.953825,-0.084043,0.287994,-16.488213,10.603219,0.045454,-0.080367,0.931593,-0.079553,0.345466,3.009742,88.038605,19.219030,0.005132,0.969012,-0.132625,0.208328,6.297877,54.230732,26.288176,0.026825,0.817422,-0.087975,0.568649,3.382431,11.093891,37.684898,0.014603,0.953825,-0.084043,0.287994,-9.700003,2.733500,-9.916666,0.026825,0.817422,-0.087975,0.568649,14.776595,3.163791,33.871414
91,0.758333,0.044780,0.932516,-0.062274,0.352890,-3.565209,88.388626,13.375038,-0.018517,0.902874,0.135545,0.407558,-2.644745,95.524841,12.764575,-0.023217,0.899960,-0.053812,0.432014,-5.454000,114.312813,17.247402,0.053366,0.952781,-0.098236,0.282329,-5.369167,132.215790,15.139741,0.053526,0.990132,-0.061324,0.114071,-2.294841,145.141617,11.549396,-0.067549,0.928500,0.009376,0.365017,-8.320682,126.603928,13.482253,-0.524627,0.584112,-0.307094,0.537842,-20.421261,124.622894,2.138307,-0.600145,0.532806,-0.300026,0.515682,-17.417467,102.662346,-4.988488,-0.697043,0.435568,-0.295927,0.486661,-11.352849,79.843544,-9.542881,-0.058994,0.914969,-0.103688,0.385487,-3.916249,127.225433,18.938736,0.618846,0.769022,0.149228,0.058016,7.707252,130.364105,30.517881,0.634478,0.745354,0.195303,0.061169,13.000059,107.800308,28.295174,0.534658,0.790186,0.299532,0.005233,17.506031,84.482338,24.528391,0.030564,0.944290,0.102349,0.311299,-10.142886,88.737038,7.530035,0.070844,0.956485,-0.019571,0.282374,-9.934723,54.833542,0.163463,0.014655,0.953810,-0.084003,0.288053,-16.488434,10.604506,0.048513,-0.080385,0.931526,-0.079545,0.345643,3.012469,88.040215,19.220041,0.005139,0.968992,-0.132638,0.208411,6.300631,54.232468,26.289745,0.026771,0.817443,-0.087941,0.568628,3.383373,11.095947,37.687199,0.014655,0.953810,-0.084003,0.288053,-9.699435,2.735362,-9.913529,0.026771,0.817443,-0.087941,0.568628,14.778258,3.167243,33.872959
92,0.766667,0.044789,0.932520,-0.062339,0.352867,-3.565416,88.388382,13.378438,-0.018216,0.902909,0.135800,0.407410,-2.644507,95.524467,12.767127,-0.023716,0.899992,-0.054173,0.431877,-5.446453,114.310165,17.264048,0.053459,0.952743,-0.098239,0.282440,-5.372475,132.210892,15.136954,0.053196,0.990130,-0.061423,0.114189,-2.295162,145.136322,11.547738,-0.067425,0.928478,0.009262,0.365099,-8.321306,126.595558,13.486469,-0.524519,0.583960,-0.307236,0.538031,-20.420450,124.617065,2.140551,-0.600076,0.532800,-0.300067,0.515744,-17.412489,102.656898,-4.985662,-0.697123,0.435542,-0.295878,0.486600,-11.348726,79.838127,-9.541337,-0.059078,0.914985,-0.103785,0.385409,-3.915534,127.225479,18.940903,0.618713,0.769177,0.149052,0.057824,7.709643,130.367737,30.517393,0.634648,0.745274,0.195073,0.061122,13.011106,107.806015,28.294214,0.534711,0.790179,0.299457,0.005143,17.507002,84.485542,24.530947,0.030505,0.944301,0.102421,0.311247,-10.143367,88.736580,7.533733,0.070878,0.956383,-0.019593,0.282710,-9.930182,54.833866,0.163733,0.014448,0.953837,-0.084122,0.287941,-16.487284,10.605332,0.047538,-0.080368,0.931549,-0.079526,0.345591,3.012536,88.040184,19.223143,0.005162,0.969019,-0.132600,0.208308,6.300503,54.232037,26.291054,0.026732,0.817452,-0.088024,0.568603,3.383189,11.094647,37.685223,0.014448,0.953837,-0.084122,0.287941,-9.698516,2.734896,-9.913637,0.026732,0.817452,-0.088024,0.568603,14.777556,3.164864,33.871674
93,0.775000,0.044801,0.932513,-0.062384,0.352876,-3.564949,88.386497,13.380260,-0.017587,0.902967,0.136082,0.407214,-2.643649,95.522484,12.768420,-0.024860,0.899990,-0.054981,0.431714,-5.426885,114.306084,17.285704,0.053618,0.952735,-0.097745,0.282607,-5.377781,132.201614,15.114731,0.053060,0.990137,-0.061467,0.114169,-2.299123,145.130692,11.539854,-0.067097,0.928544,0.009303,0.364990,-8.319679,126.578293,13.479129,-0.524477,0.583744,-0.307420,0.538201,-20.422941,124.610291,2.135778,-0.600132,0.532688,-0.300012,0.515828,-17.408504,102.649498,-4.985742,-0.697197,0.435698,-0.295898,0.486342,-11.337375,79.832710,-9.541545,-0.058961,0.914921,-0.103789,0.385578,-3.912704,127.227509,18.930330,0.618726,0.769259,0.148655,0.057627,7.708591,130.366699,30.511553,0.634601,0.745380,0.194833,0.061077,13.010395,107.804611,28.292873,0.534991,0.789917,0.299653,0.004803,17.509422,84.483688,24.536085,0.030653,0.944063,0.102278,0.312000,-10.142768,88.734596,7.535398,0.070834,0.956521,-0.019445,0.282262,-9.936502,54.830479,0.171620,0.014467,0.953833,-0.084122,0.287952,-16.486135,10.600862,0.046930,-0.080356,0.931567,-0.079468,0.345557,3.012870,88.038406,19.225121,0.005187,0.969038,-0.132542,0.208256,6.301744,54.229485,26.288902,0.026133,0.817352,-0.088672,0.568673,3.383945,11.090753,37.677834,0.014467,0.953833,-0.084122,0.287952,-9.697385,2.730297,-9.914159,0.026133,0.817352,-0.088672,0.568673,14.780632,3.157109,33.879276
94,0.783333,0.044815,0.932507,-0.062495,0.352868,-3.565440,88.384987,13.382801,-0.017597,0.902964,0.136058,0.407228,-2.643403,95.520752,12.769532,-0.024878,0.899975,-0.055068,0.431734,-5.426687,114.304588,17.285782,0.053554,0.952730,-0.097735,0.282638,-5.376761,132.199738,15.111738,0.052894,0.990140,-0.061556,0.114174,-2.299655,145.129150,11.536724,-0.067223,0.928543,0.009048,0.364977,-8.318797,126.576271,13.476947,-0.524769,0.583959,-0.307030,0.537906,-20.421843,124.601257,2.134576,-0.600335,0.532681,-0.300015,0.515596,-17.407927,102.641273,-4.989686,-0.697180,0.435558,-0.295745,0.486584,-11.336581,79.822716,-9.536365,-0.058850,0.914894,-0.104024,0.385596,-3.912081,127.226242,18.928270,0.618707,0.769223,0.148863,0.057769,7.709189,130.365067,30.509619,0.634697,0.745271,0.194850,0.061358,13.011308,107.803139,28.290070,0.533614,0.790738,0.299944,0.004790,17.502825,84.479431,24.541607,0.030647,0.944094,0.102321,0.311893,-10.143332,88.732620,7.537994,0.070820,0.956563,-0.019399,0.282126,-9.936600,54.829071,0.171572,0.014585,0.953813,-0.084080,0.288025,-16.483969,10.599128,0.044273,-0.080336,0.931604,-0.079437,0.345470,3.012452,88.037354,19.227610,0.005245,0.969022,-0.132507,0.208355,6.301420,54.227863,26.288622,0.023854,0.817353,-0.091026,0.568400,3.378048,11.088335,37.673138,0.014585,0.953813,-0.084080,0.288025,-9.694984,2.728693,-9.916760,0.023854,0.817353,-0.091026,0.568400,14.778998,3.141823,33.914478
95,0.791667,0.044795,0.932521,-0.062553,0.352824,-3.565582,88.384926,13.386066,-0.018317,0.902931,0.135688,0.407393,-2.643548,95.520615,12.771864,-0.023794,0.899979,-0.054377,0.431874,-5.447172,114.307365,17.263321,0.053266,0.952732,-0.098279,0.282498,-5.372558,132.207153,15.128428,0.052734,0.990139,-0.061613,0.114227,-2.299593,145.132996,11.536943,-0.067487,0.928461,0.008914,0.365139,-8.321570,126.591202,13.480369,-0.524782,0.583855,-0.307133,0.537946,-20.419456,124.606598,2.134176,-0.600302,0.532666,-0.300120,0.515589,-17.402868,102.645615,-4.985841,-0.697294,0.435355,-0.295895,0.486512,-11.333743,79.825851,-9.529416,-0.059087,0.914954,-0.104109,0.385394,-3.915818,127.223358,18.934561,0.618701,0.769213,0.148932,0.057799,7.709703,130.369919,30.509531,0.634856,0.745036,0.195158,0.061582,13.012031,107.808136,28.289068,0.532749,0.791157,0.300366,0.005525,17.492470,84.482872,24.537018,0.030689,0.944024,0.102321,0.312101,-10.144059,88.731926,7.541883,0.070813,0.956371,-0.019439,0.282778,-9.938465,54.828560,0.174623,0.014744,0.953818,-0.083929,0.288044,-16.486172,10.598668,0.046431,-0.080337,0.931632,-0.079444,0.345395,3.012896,88.037926,19.230249,0.005416,0.968844,-0.132261,0.209330,6.302337,54.228519,26.291443,0.023980,0.817030,-0.090483,0.568946,3.357256,11.083328,37.648861,0.014744,0.953818,-0.083929,0.288044,-9.698217,2.730585,-9.917157,0.023980,0.817030,-0.090483,0.568946,14.767056,3.146024,33.897625
96,0.800000,0.044826,0.932507,-0.062511,0.352864,-3.562487,88.391495,13.383836,-0.017680,0.902957,0.136036,0.407248,-2.640224,95.527222,12.770398,-0.024973,0.899951,-0.055086,0.431776,-5.426173,114.311180,17.284491,0.053443,0.952687,-0.097897,0.282749,-5.378932,132.206100,15.108399,0.052589,0.990136,-0.061578,0.114342,-2.302879,145.134521,11.528926,-0.067423,0.928412,0.009396,0.365262,-8.319921,126.581955,13.473998,-0.524619,0.583619,-0.307642,0.538072,-20.415085,124.605347,2.123507,-0.600274,0.532488,-0.300165,0.515780,-17.400185,102.640060,-4.983934,-0.697379,0.435360,-0.296108,0.486256,-11.323283,79.822281,-9.527084,-0.058867,0.914933,-0.104043,0.385496,-3.913785,127.233269,18.925629,0.618677,0.769241,0.148854,0.057872,7.710000,130.372589,30.504313,0.634588,0.745378,0.194807,0.061322,13.013289,107.810509,28.288979,0.534977,0.789928,0.299651,0.004705,17.511650,84.487900,24.541845,0.030663,0.944037,0.102236,0.312091,-10.140414,88.739212,7.539074,0.070857,0.956376,-0.019433,0.282749,-9.935036,54.834545,0.177811,0.014663,0.953814,-0.084056,0.288025,-16.486284,10.605186,0.048193,-0.080347,0.931595,-0.079451,0.345489,3.015440,88.043777,19.228598,0.005190,0.968987,-0.132504,0.208521,6.304643,54.234566,26.290834,0.025818,0.817369,-0.088956,0.568619,3.384162,11.094919,37.675625,0.014663,0.953814,-0.084056,0.288025,-9.698226,2.734747,-9.913464,0.025818,0.817369,-0.088956,0.568619,14.781636,3.160274,33.881527
97,0.808333,0.044733,0.932510,-0.062296,0.352907,-3.557691,88.393280,13.382748,-0.017726,0.902938,0.136013,0.407295,-2.637728,95.529518,12.771757,-0.025072,0.899913,-0.055144,0.431841,-5.425163,114.313660,17.284164,0.053382,0.952673,-0.097889,0.282813,-5.380069,132.208160,15.104636,0.052493,0.990135,-0.061614,0.114368,-2.305297,145.136887,11.525178,-0.067464,0.928396,0.009439,0.365296,-8.320054,126.583313,13.470901,-0.524514,0.583510,-0.307917,0.538135,-20.414215,124.606026,2.119464,-0.600257,0.532302,-0.300344,0.515887,-17.401274,102.638451,-4.981743,-0.697262,0.435376,-0.296249,0.486323,-11.319971,79.820496,-9.518096,-0.059028,0.914943,-0.103895,0.385488,-3.914781,127.236267,18.923029,0.618648,0.769278,0.148775,0.057895,7.708570,130.378586,30.501329,0.634628,0.745338,0.194826,0.061323,13.013387,107.816551,28.289362,0.534698,0.790159,0.299537,0.005029,17.509275,84.493645,24.541214,0.030676,0.944046,0.102189,0.312079,-10.135230,88.740768,7.537536,0.070904,0.956325,-0.019407,0.282911,-9.931815,54.835480,0.179081,0.012067,0.953941,-0.084243,0.287669,-16.486448,10.606641,0.044934,-0.080343,0.931569,-0.079531,0.345543,3.019848,88.045799,19.227959,0.005228,0.969028,-0.132562,0.208291,6.306406,54.237411,26.295385,0.026576,0.817445,-0.088051,0.568617,3.384247,11.099187,37.685120,0.012067,0.953941,-0.084243,0.287669,-9.672633,2.750636,-9.910528,0.026576,0.817445,-0.088051,0.568617,14.780428,3.171143,33.873383
98,0.816667,0.044708,0.932523,-0.062392,0.352859,-3.558932,88.394524,13.387820,-0.017744,0.902933,0.135980,0.407317,-2.638860,95.530617,12.775366,-0.025160,0.899878,-0.055258,0.431894,-5.426522,114.315079,17.286289,0.053309,0.952650,-0.097941,0.282885,-5.382358,132.208969,15.101734,0.052406,0.990131,-0.061629,0.114441,-2.308711,145.137543,11.520690,-0.067483,0.928368,0.009458,0.365361,-8.321773,126.583458,13.469225,-0.524636,0.583466,-0.307895,0.538075,-20.414255,124.605896,2.116039,-0.600257,0.532299,-0.300552,0.515770,-17.398342,102.637444,-4.981236,-0.697250,0.435208,-0.296305,0.486456,-11.322909,79.816124,-9.508522,-0.059178,0.914964,-0.103792,0.385443,-3.917199,127.238251,18.921701,0.618663,0.769317,0.148545,0.057807,7.706704,130.383713,30.498604,0.634688,0.745328,0.194685,0.061277,13.011169,107.821251,28.290129,0.533911,0.790758,0.299353,0.005292,17.503700,84.497360,24.544039,0.030644,0.944076,0.102289,0.311957,-10.137105,88.741051,7.543263,0.071049,0.956253,-0.019440,0.283117,-9.930316,54.837055,0.178959,0.012025,0.953864,-0.084262,0.287922,-16.498011,10.610154,0.042577,-0.080343,0.931567,-0.079491,0.345556,3.019240,88.047997,19.232378,0.005241,0.969004,-0.132533,0.208420,6.306684,54.239166,26.297300,0.026580,0.817403,-0.088039,0.568678,3.382380,11.100247,37.683876,0.012025,0.953864,-0.084262,0.287922,-9.678157,2.754103,-9.908720,0.026580,0.817403,-0.088039,0.568678,14.779255,3.172430,33.873730
99,0.825000,0.044599,0.932571,-0.062414,0.352742,-3.562513,88.391411,13.395886,-0.017732,0.903004,0.135747,0.407238,-2.643867,95.527611,12.782475,-0.025140,0.899918,-0.055286,0.431809,-5.427032,114.314560,17.285833,0.053321,0.952643,-0.098032,0.282873,-5.382001,132.208374,15.100670,0.052246,0.990131,-0.061676,0.114490,-2.307444,145.136108,11.517383,-0.067460,0.928387,0.009214,0.365325,-8.322112,126.583015,13.468890,-0.524830,0.583550,-0.307638,0.537943,-20.415583,124.603119,2.117170,-0.600451,0.532239,-0.300429,0.515676,-17.396801,102.635719,-4.982112,-0.697378,0.435103,-0.296469,0.486267,-11.314787,79.815529,-9.506248,-0.059207,0.914956,-0.103837,0.385446,-3.916494,127.237679,18.920534,0.618662,0.769358,0.148392,0.057668,7.707217,130.384628,30.497221,0.634749,0.745333,0.194456,0.061313,13.012452,107.822380,28.288300,0.533477,0.790994,0.299509,0.004953,17.501030,84.496498,24.549913,0.030615,0.944105,0.102402,0.311838,-10.142312,88.736191,7.553061,0.071049,0.956180,-0.019489,0.283360,-9.932113,54.833675,0.182042,0.014545,0.953754,-0.083990,0.288250,-16.501013,10.606948,0.048148,-0.080386,0.931654,-0.079451,0.345321,3.017286,88.046631,19.238710,0.005333,0.969078,-0.132511,0.208085,6.310242,54.237843,26.301252,0.026609,0.817454,-0.088096,0.568595,3.382321,11.098507,37.685314,0.014545,0.953754,-0.083990,0.288250,-9.706168,2.738950,-9.910809,0.026609,0.817454,-0.088096,0.568595,14.777465,3.169084,33.873348
100,0.833333,0.044584,0.932582,-0.062467,0.352706,-3.562100,88.390038,13.398908,-0.017721,0.903026,0.135733,0.407193,-2.643414,95.526154,12.784661,-0.025174,0.899934,-0.055369,0.431763,-5.425729,114.313278,17.287817,0.053276,0.952638,-0.098124,0.282868,-5.380623,132.206696,15.099454,0.052086,0.990133,-0.061743,0.114505,-2.306550,145.133804,11.513501,-0.067536,0.928369,0.009086,0.365360,-8.320980,126.581100,13.468959,-0.524637,0.583434,-0.307886,0.538115,-20.413252,124.597343,2.116635,-0.600386,0.532095,-0.300598,0.515804,-17.395315,102.629341,-4.981109,-0.697344,0.435064,-0.296670,0.486228,-11.310761,79.808983,-9.501015,-0.059184,0.914938,-0.104066,0.385430,-3.914830,127.236664,18.920067,0.618716,0.769331,0.148309,0.057670,7.709383,130.385757,30.495667,0.634709,0.745388,0.194368,0.061332,13.011545,107.822594,28.288778,0.533704,0.790810,0.299595,0.004695,17.502468,84.496536,24.554304,0.030638,0.944148,0.102411,0.311701,-10.142376,88.734283,7.556584,0.071040,0.956214,-0.019428,0.283249,-9.934599,54.831989,0.184464,0.014523,0.953754,-0.084005,0.288246,-16.501205,10.604933,0.046316,-0.080338,0.931720,-0.079436,0.345156,3.018175,88.045792,19.241232,0.005499,0.969007,-0.132352,0.208516,6.309680,54.236305,26.301067,0.023809,0.817177,-0.090935,0.568670,3.365321,11.093367,37.667191,0.014523,0.953754,-0.084005,0.288246,-9.706228,2.736758,-9.912412,0.023809,0.817177,-0.090935,0.568670,14.770383,3.149522,33.915379
101,0.841667,0.044635,0.932547,-0.062510,0.352785,-3.560275,88.391541,13.397178,-0.017779,0.902988,0.135806,0.407250,-2.640637,95.527519,12.782701,-0.025247,0.899895,-0.055467,0.431828,-5.426432,114.313782,17.287283,0.052917,0.952632,-0.098099,0.282964,-5.382004,132.206680,15.094617,0.052242,0.990094,-0.061801,0.114740,-2.316781,145.135376,11.506851,-0.067552,0.928361,0.008909,0.365382,-8.321805,126.580521,13.465044,-0.524683,0.583325,-0.307994,0.538126,-20.413477,124.594139,2.112544,-0.600362,0.532031,-0.300735,0.515817,-17.392735,102.624664,-4.979468,-0.697307,0.434987,-0.296842,0.486246,-11.308874,79.803162,-9.494491,-0.059149,0.914921,-0.104112,0.385462,-3.916497,127.237640,18.916643,0.618668,0.769393,0.148200,0.057624,7.707027,130.386322,30.493038,0.634706,0.745423,0.194255,0.061296,13.012168,107.823669,28.288157,0.533743,0.790824,0.299489,0.004648,17.503483,84.497307,24.555994,0.030681,0.944122,0.102291,0.311817,-10.139484,88.736252,7.553685,0.071035,0.956212,-0.019368,0.283264,-9.936226,54.832424,0.188470,0.014387,0.953759,-0.084121,0.288202,-16.500959,10.605103,0.045213,-0.080337,0.931718,-0.079448,0.345159,3.018935,88.046837,19.240671,0.005480,0.968992,-0.132330,0.208599,6.310049,54.237480,26.301306,0.024242,0.817309,-0.090511,0.568530,3.366724,11.093995,37.665657,0.014387,0.953759,-0.084121,0.288202,-9.705641,2.735207,-9.911921,0.024242,0.817309,-0.090511,0.568530,14.768794,3.151933,33.901005
102,0.850000,0.044502,0.932587,-0.062454,0.352705,-3.558554,88.393066,13.400823,-0.018494,0.902938,0.135477,0.407440,-2.641034,95.529312,12.786325,-0.024129,0.899877,-0.054757,0.432019,-5.447772,114.318047,17.267525,0.052737,0.952620,-0.098765,0.282805,-5.377719,132.215759,15.115152,0.052105,0.990099,-0.061930,0.114692,-2.313094,145.139389,11.508640,-0.067912,0.928246,0.008912,0.365606,-8.324533,126.597336,13.471612,-0.524518,0.583306,-0.308238,0.538168,-20.409084,124.600136,2.113432,-0.600337,0.531921,-0.300886,0.515871,-17.394304,102.628899,-4.975663,-0.697290,0.434958,-0.296958,0.486224,-11.309186,79.806671,-9.485344,-0.059262,0.914992,-0.103958,0.385318,-3.920773,127.236115,18.926638,0.618624,0.769395,0.148374,0.057629,7.706010,130.385910,30.499454,0.634736,0.745378,0.194320,0.061334,13.013685,107.824287,28.290030,0.533707,0.790854,0.299473,0.004717,17.502951,84.497704,24.556801,0.030701,0.944144,0.102327,0.311736,-10.138962,88.736053,7.558579,0.071056,0.956178,-0.019368,0.283371,-9.936801,54.832829,0.190578,0.014249,0.953765,-0.084111,0.288193,-16.503275,10.605773,0.046049,-0.080319,0.931688,-0.079444,0.345247,3.021853,88.050087,19.243067,0.005474,0.968999,-0.132365,0.208542,6.311248,54.240490,26.303350,0.026202,0.817274,-0.088370,0.568830,3.368512,11.097821,37.670933,0.014249,0.953765,-0.084111,0.288193,-9.706292,2.737110,-9.910921,0.026202,0.817274,-0.088370,0.568830,14.768635,3.169179,33.872269
103,0.858333,0.044506,0.932606,-0.062310,0.352678,-3.572196,88.397041,13.402931,-0.018236,0.902948,0.134826,0.407644,-2.655371,95.533539,12.790370,-0.024028,0.899811,-0.054338,0.432215,-5.443758,114.329514,17.252661,0.052626,0.952576,-0.098980,0.282901,-5.376500,132.229050,15.115436,0.052046,0.990086,-0.061957,0.114814,-2.312616,145.151215,11.503062,-0.068214,0.928264,0.008864,0.365507,-8.321512,126.611420,13.465972,-0.524525,0.583273,-0.308368,0.538122,-20.407131,124.604202,2.110688,-0.600452,0.531748,-0.300871,0.515924,-17.394293,102.630974,-4.973058,-0.697206,0.435138,-0.297078,0.486111,-11.299911,79.810402,-9.478591,-0.059337,0.915011,-0.103718,0.385326,-3.920057,127.246490,18.923294,0.618597,0.769397,0.148413,0.057793,7.706226,130.395538,30.496824,0.634670,0.745411,0.194429,0.061264,13.014557,107.833603,28.292337,0.534976,0.790092,0.299220,0.004830,17.508236,84.508690,24.554005,0.030557,0.944068,0.102359,0.311970,-10.152933,88.741035,7.561113,0.071081,0.956190,-0.019350,0.283327,-9.938861,54.837654,0.194170,0.014401,0.953737,-0.083954,0.288324,-16.507051,10.610861,0.047804,-0.080507,0.931621,-0.079385,0.345397,3.008540,88.053040,19.244749,0.005357,0.969069,-0.132472,0.208153,6.310297,54.244881,26.306164,0.026715,0.817442,-0.088039,0.568616,3.380282,11.104650,37.686283,0.014401,0.953737,-0.083954,0.288324,-9.708515,2.744767,-9.910141,0.026715,0.817442,-0.088039,0.568616,14.774866,3.174835,33.873451
104,0.866667,0.044397,0.932603,-0.062219,0.352718,-3.554690,88.398903,13.404078,-0.018559,0.902921,0.134924,0.407657,-2.639756,95.535706,12.792212,-0.024084,0.899786,-0.054342,0.432264,-5.441138,114.330185,17.252653,0.052580,0.952528,-0.098861,0.283113,-5.375525,132.229599,15.114413,0.051874,0.990045,-0.062198,0.115119,-2.312563,145.152969,11.505565,-0.068308,0.928226,0.008936,0.365582,-8.319776,126.611565,13.464960,-0.524487,0.583228,-0.308615,0.538065,-20.403120,124.602440,2.107587,-0.600377,0.531660,-0.301035,0.516008,-17.394947,102.625946,-4.968015,-0.697280,0.434794,-0.297604,0.485990,-11.300786,79.804581,-9.469854,-0.059392,0.914997,-0.103793,0.385331,-3.918962,127.247414,18.922712,0.618589,0.769402,0.148393,0.057858,7.706975,130.399139,30.495871,0.634681,0.745413,0.194404,0.061208,13.015392,107.836914,28.294367,0.534817,0.790293,0.298970,0.004966,17.508741,84.512154,24.554708,0.030740,0.944157,0.102256,0.311716,-10.135110,88.741631,7.561825,0.071146,0.956070,-0.019382,0.283713,-9.937239,54.837574,0.197539,0.014456,0.953729,-0.083881,0.288367,-16.511656,10.611704,0.049555,-0.080348,0.931616,-0.079509,0.345418,3.025730,88.056175,19.246330,0.005401,0.969096,-0.132490,0.208015,6.314097,54.247604,26.312014,0.026577,0.817555,-0.088014,0.568463,3.381491,11.107829,37.693211,0.014456,0.953729,-0.083881,0.288367,-9.712576,2.746899,-9.909041,0.026577,0.817555,-0.088014,0.568463,14.776395,3.180347,33.876480
105,0.875000,0.044347,0.932601,-0.062207,0.352730,-3.554027,88.397896,13.406536,-0.018395,0.902951,0.135061,0.407553,-2.639822,95.534782,12.794585,-0.024341,0.899821,-0.054542,0.432151,-5.437081,114.328049,17.262693,0.052745,0.952475,-0.098873,0.283255,-5.376955,132.226227,15.113989,0.051642,0.990019,-0.062384,0.115340,-2.308915,145.148834,11.506735,-0.068265,0.928181,0.008931,0.365705,-8.320068,126.606430,13.468557,-0.524380,0.583187,-0.308797,0.538112,-20.400597,124.598709,2.107946,-0.600464,0.531576,-0.301097,0.515957,-17.395374,102.620949,-4.964969,-0.697243,0.435086,-0.297373,0.485923,-11.298730,79.798981,-9.460380,-0.059492,0.914978,-0.103871,0.385340,-3.918055,127.246666,18.924826,0.618612,0.769379,0.148404,0.057884,7.707262,130.402420,30.497499,0.634782,0.745422,0.194116,0.060963,13.014206,107.839821,28.296379,0.534898,0.790519,0.298231,0.004709,17.502819,84.514305,24.555792,0.030871,0.944034,0.102348,0.312044,-10.134375,88.739861,7.564160,0.071177,0.955840,-0.019415,0.284476,-9.940534,54.837654,0.191236,0.011534,0.953775,-0.084319,0.288218,-16.518312,10.612303,0.040039,-0.080299,0.931669,-0.079537,0.345280,3.026321,88.055931,19.248911,0.005383,0.969089,-0.132453,0.208073,6.311944,54.247135,26.314808,0.026699,0.817521,-0.087868,0.568529,3.380913,11.106467,37.693024,0.011534,0.953775,-0.084319,0.288218,-9.685712,2.758632,-9.904387,0.026699,0.817521,-0.087868,0.568529,14.776307,3.180129,33.875389
106,0.883333,0.044335,0.932633,-0.062283,0.352634,-3.569345,88.394394,13.412863,-0.018273,0.902977,0.135050,0.407505,-2.654980,95.531158,12.799732,-0.024256,0.899833,-0.054828,0.432096,-5.447501,114.324722,17.269573,0.052748,0.952455,-0.098844,0.283332,-5.380270,132.221924,15.112954,0.051544,0.989993,-0.062595,0.115497,-2.311981,145.144775,11.506780,-0.068185,0.928141,0.008754,0.365826,-8.325817,126.602600,13.470263,-0.524504,0.583144,-0.308759,0.538059,-20.403761,124.595329,2.106825,-0.600456,0.531541,-0.301248,0.515913,-17.395111,102.616951,-4.962716,-0.697152,0.435011,-0.297639,0.485958,-11.301067,79.793068,-9.451877,-0.059518,0.915001,-0.103932,0.385266,-3.923068,127.243462,18.925865,0.618590,0.769424,0.148272,0.057869,7.704047,130.400604,30.496355,0.634761,0.745471,0.194010,0.060924,13.012363,107.837975,28.298765,0.535153,0.790340,0.298251,0.004470,17.502455,84.512383,24.560350,0.030694,0.944034,0.102460,0.312024,-10.150898,88.735809,7.571814,0.071171,0.955830,-0.019421,0.284510,-9.943177,54.834442,0.195413,0.014482,0.953661,-0.083917,0.288580,-16.520611,10.609034,0.044632,-0.080431,0.931623,-0.079389,0.345410,3.012209,88.052979,19.253912,0.005401,0.969127,-0.132446,0.207901,6.308898,54.244007,26.313808,0.026620,0.817519,-0.087862,0.568537,3.378520,11.103174,37.691586,0.014482,0.953661,-0.083917,0.288580,-9.717362,2.743268,-9.910357,0.026620,0.817519,-0.087862,0.568537,14.775001,3.178085,33.874599
107,0.891667,0.044377,0.932620,-0.062378,0.352647,-3.559655,88.392906,13.414031,-0.018750,0.902946,0.134978,0.407576,-2.644239,95.529449,12.799861,-0.024057,0.899799,-0.054698,0.432194,-5.452791,114.323082,17.259369,0.052708,0.952448,-0.098910,0.283341,-5.380929,132.221146,15.110053,0.051619,0.989981,-0.062718,0.115494,-2.313117,145.143585,11.501940,-0.068244,0.928163,0.008749,0.365759,-8.327413,126.603165,13.464419,-0.524671,0.583019,-0.308776,0.538021,-20.406727,124.593910,2.102795,-0.600446,0.531541,-0.301321,0.515882,-17.391808,102.614166,-4.959787,-0.697377,0.434583,-0.298016,0.485788,-11.299853,79.789177,-9.446192,-0.059443,0.914901,-0.104085,0.385471,-3.925730,127.240791,18.921259,0.618513,0.769459,0.148350,0.058025,7.696397,130.398132,30.496698,0.634792,0.745406,0.194105,0.061087,13.008317,107.835976,28.303061,0.533775,0.791153,0.298564,0.004536,17.495560,84.509430,24.567131,0.030804,0.944061,0.102421,0.311945,-10.140976,88.734398,7.572728,0.071172,0.955849,-0.019395,0.284447,-9.941875,54.832958,0.196462,0.014473,0.953667,-0.083988,0.288540,-16.518692,10.607470,0.043919,-0.080261,0.931693,-0.079467,0.345241,3.021666,88.051414,19.255335,0.005496,0.969035,-0.132308,0.208412,6.306860,54.241417,26.315666,0.026812,0.817263,-0.087798,0.568906,3.364812,11.097420,37.678394,0.014473,0.953667,-0.083988,0.288540,-9.716502,2.740116,-9.910531,0.026812,0.817263,-0.087798,0.568906,14.763331,3.171137,33.869995
108,0.900000,0.044291,0.932664,-0.062369,0.352544,-3.572397,88.393356,13.419683,-0.018225,0.902993,0.134979,0.407494,-2.658247,95.530022,12.805088,-0.024390,0.899810,-0.054959,0.432119,-5.447893,114.324402,17.273273,0.053042,0.952386,-0.099074,0.283428,-5.382892,132.220856,15.110342,0.051368,0.989985,-0.062833,0.115509,-2.304904,145.140549,11.501134,-0.068160,0.928144,0.008593,0.365826,-8.327615,126.600555,13.469479,-0.524601,0.583067,-0.308844,0.537999,-20.405674,124.592064,2.106381,-0.600478,0.531446,-0.301441,0.515873,-17.395296,102.611664,-4.956141,-0.697281,0.434680,-0.298265,0.485685,-11.301945,79.785767,-9.436024,-0.059478,0.914965,-0.104025,0.385332,-3.925240,127.243927,18.925087,0.618582,0.769448,0.148180,0.057874,7.700329,130.401184,30.497095,0.634687,0.745536,0.193991,0.060956,13.009095,107.838379,28.302469,0.535130,0.790340,0.298294,0.004500,17.503510,84.513199,24.566669,0.030713,0.944007,0.102523,0.312083,-10.155143,88.733643,7.579914,0.071178,0.955971,-0.019320,0.284042,-9.946805,54.833267,0.199002,0.014004,0.953673,-0.084052,0.288526,-16.522327,10.607600,0.042688,-0.080380,0.931632,-0.079420,0.345389,3.010349,88.053062,19.259453,0.005465,0.969024,-0.132260,0.208495,6.303166,54.243862,26.320061,0.026868,0.817254,-0.087720,0.568928,3.363698,11.098695,37.679024,0.014004,0.953673,-0.084052,0.288526,-9.714511,2.742171,-9.909437,0.026868,0.817254,-0.087720,0.568928,14.762457,3.173141,33.869808
109,0.908333,0.043989,0.932699,-0.062106,0.352533,-3.554649,88.389938,13.422344,-0.018537,0.902984,0.134964,0.407505,-2.645899,95.527466,12.809716,-0.024442,0.899779,-0.054969,0.432180,-5.446374,114.321556,17.272377,0.052977,0.952368,-0.099063,0.283506,-5.382784,132.217865,15.108323,0.051397,0.989964,-0.062977,0.115597,-2.306108,145.137924,11.499227,-0.068258,0.928069,0.008896,0.365991,-8.326757,126.597191,13.467428,-0.524360,0.582917,-0.309362,0.538098,-20.400330,124.589584,2.099409,-0.600419,0.531303,-0.301632,0.515977,-17.396740,102.604965,-4.952852,-0.697237,0.434776,-0.298167,0.485723,-11.301637,79.778442,-9.427161,-0.059589,0.914903,-0.104047,0.385456,-3.925163,127.241325,18.923574,0.618514,0.769435,0.148411,0.058175,7.696777,130.402557,30.498140,0.634668,0.745506,0.194168,0.060951,13.007795,107.839844,28.308062,0.534970,0.790576,0.297948,0.004839,17.503380,84.515778,24.566753,0.030942,0.944071,0.102483,0.311880,-10.137993,88.726929,7.583059,0.071232,0.955916,-0.019363,0.284209,-9.947091,54.826962,0.199798,0.014081,0.953676,-0.083723,0.288608,-16.528242,10.602119,0.044624,-0.080190,0.931734,-0.079531,0.345133,3.028694,88.052948,19.261629,0.005467,0.969214,-0.132418,0.207508,6.308584,54.242874,26.324078,0.026818,0.817607,-0.087685,0.568429,3.377593,11.101458,37.699463,0.014081,0.953676,-0.083723,0.288608,-9.718225,2.743749,-9.911572,0.026818,0.817607,-0.087685,0.568429,14.772100,3.176853,33.875595
110,0.916667,0.044287,0.932546,-0.061645,0.352983,-3.547907,88.403961,13.404939,-0.018645,0.902863,0.135394,0.407625,-2.637185,95.541939,12.800466,-0.024367,0.899761,-0.055004,0.432216,-5.448874,114.331329,17.275827,0.053726,0.952273,-0.099371,0.283575,-5.382209,132.227646,15.111810,0.050817,0.990008,-0.063136,0.115398,-2.283818,145.142075,11.501192,-0.068523,0.928009,0.008884,0.366093,-8.326939,126.607445,13.470638,-0.524397,0.583066,-0.309344,0.537911,-20.396805,124.591660,2.100127,-0.600626,0.531226,-0.301654,0.515802,-17.400785,102.605560,-4.950736,-0.697141,0.435126,-0.298085,0.485599,-11.302407,79.777946,-9.415050,-0.059542,0.914940,-0.103983,0.385392,-3.925734,127.250847,18.927185,0.618665,0.769304,0.148447,0.058206,7.698049,130.409683,30.500561,0.634603,0.745544,0.194232,0.060972,13.000211,107.845009,28.309191,0.534613,0.790873,0.297797,0.005147,17.499681,84.521759,24.567421,0.031150,0.943986,0.101865,0.312319,-10.125196,88.748116,7.559249,0.070929,0.956013,-0.019190,0.283973,-9.958043,54.840279,0.211653,0.014444,0.953798,-0.083877,0.288143,-16.509104,10.610994,0.051031,-0.080243,0.931690,-0.079755,0.345187,3.029382,88.059814,19.250628,0.005310,0.969306,-0.132334,0.207138,6.306778,54.252804,26.328861,0.027147,0.817653,-0.088150,0.568275,3.395294,11.109248,37.701134,0.014444,0.953798,-0.083877,0.288143,-9.714788,2.746302,-9.910898,0.027147,0.817653,-0.088150,0.568275,14.780118,3.170808,33.877106
111,0.925000,0.044067,0.932649,-0.062416,0.352603,-3.570156,88.390266,13.431735,-0.017192,0.903005,0.134882,0.407545,-2.658742,95.527138,12.815423,-0.026858,0.899596,-0.055316,0.432372,-5.410739,114.323959,17.296673,0.054885,0.952045,-0.098843,0.284302,-5.419529,132.214432,15.083891,0.050785,0.989971,-0.063366,0.115602,-2.291551,145.128845,11.498770,-0.067733,0.928069,0.009162,0.366083,-8.340138,126.577354,13.457576,-0.524736,0.582378,-0.309665,0.538142,-20.413843,124.589310,2.086259,-0.600359,0.531333,-0.301874,0.515875,-17.389709,102.599457,-4.940862,-0.697123,0.434969,-0.298259,0.485657,-11.303165,79.769089,-9.407219,-0.059090,0.914991,-0.103714,0.385414,-3.942633,127.254272,18.913048,0.618319,0.769610,0.148234,0.058381,7.682371,130.396011,30.489849,0.634631,0.745530,0.194223,0.060868,13.003519,107.834290,28.314093,0.534511,0.790989,0.297667,0.005260,17.501835,84.511421,24.568562,0.030944,0.943995,0.102418,0.312133,-10.152511,88.726509,7.591291,0.070969,0.956022,-0.019203,0.283930,-9.961151,54.825623,0.212250,0.014023,0.953814,-0.083452,0.288232,-16.515985,10.596887,0.052033,-0.080371,0.931738,-0.079454,0.345098,3.012199,88.054024,19.272179,0.005376,0.969284,-0.132308,0.207253,6.305850,54.245121,26.333809,0.025011,0.817652,-0.090071,0.568073,3.387771,11.101023,37.702339,0.014023,0.953814,-0.083452,0.288232,-9.712282,2.745084,-9.913657,0.025011,0.817652,-0.090071,0.568073,14.779618,3.155927,33.913223
112,0.933333,0.044092,0.932601,-0.061726,0.352848,-3.551620,88.396385,13.418339,-0.018487,0.902912,0.135138,0.407611,-2.643192,95.534454,12.811647,-0.025455,0.899694,-0.054591,0.432345,-5.445204,114.326775,17.280796,0.054170,0.952086,-0.099614,0.284032,-5.419947,132.222778,15.113224,0.051152,0.989902,-0.063571,0.115918,-2.306008,145.133286,11.502006,-0.068101,0.927831,0.008832,0.366625,-8.351316,126.595375,13.472729,-0.524654,0.582855,-0.309409,0.537852,-20.410091,124.592606,2.088156,-0.600443,0.531032,-0.301950,0.516041,-17.404470,102.603897,-4.950490,-0.696833,0.434596,-0.298696,0.486138,-11.304795,79.775742,-9.410190,-0.059221,0.915102,-0.104452,0.384929,-3.952444,127.250137,18.929810,0.618503,0.769516,0.148034,0.058173,7.684527,130.403900,30.491310,0.634567,0.745613,0.194101,0.060909,12.996205,107.840279,28.312296,0.534532,0.790937,0.297769,0.005274,17.498199,84.517159,24.572771,0.031012,0.944005,0.102249,0.312152,-10.130891,88.737015,7.574673,0.071452,0.955524,-0.019374,0.285470,-9.947611,54.834019,0.205129,0.014183,0.953511,-0.083900,0.289097,-16.547541,10.612035,0.036529,-0.080215,0.931793,-0.079714,0.344926,3.027652,88.055748,19.262005,0.005309,0.969484,-0.132449,0.206226,6.306213,54.247963,26.336020,0.026627,0.818081,-0.088405,0.567644,3.403401,11.107122,37.720825,0.014183,0.953511,-0.083900,0.289097,-9.728907,2.748997,-9.910084,0.026627,0.818081,-0.088405,0.567644,14.785756,3.170619,33.885448
113,0.941667,0.044080,0.932612,-0.061717,0.352820,-3.552141,88.395744,13.419038,-0.017513,0.902984,0.135846,0.407259,-2.643933,95.533844,12.812374,-0.027101,0.899716,-0.055754,0.432052,-5.421053,114.320038,17.322615,0.054998,0.951999,-0.099201,0.284310,-5.431676,132.208282,15.091904,0.050869,0.989912,-0.063731,0.115866,-2.298182,145.119125,11.498754,-0.067600,0.927888,0.008934,0.366571,-8.353299,126.569519,13.473240,-0.524761,0.582810,-0.309264,0.537879,-20.415670,124.583374,2.089564,-0.600507,0.530998,-0.301989,0.515979,-17.403461,102.596092,-4.950713,-0.697123,0.434139,-0.298945,0.485978,-11.303185,79.767212,-9.405945,-0.059049,0.914999,-0.104154,0.385281,-3.952071,127.251991,18.925022,0.618376,0.769598,0.148145,0.058160,7.676518,130.397690,30.497152,0.634509,0.745647,0.194137,0.060981,12.995579,107.836044,28.315582,0.534858,0.790655,0.297935,0.005124,17.500694,84.513184,24.578180,0.031043,0.944066,0.102173,0.311989,-10.131781,88.736282,7.575781,0.071208,0.955889,-0.019226,0.284316,-9.953430,54.832340,0.210489,0.014273,0.953667,-0.083874,0.288585,-16.529089,10.606724,0.043457,-0.080125,0.931741,-0.079717,0.345085,3.027498,88.055206,19.262297,0.005282,0.969532,-0.132494,0.205972,6.299029,54.246460,26.334976,0.027028,0.818152,-0.087977,0.567589,3.400685,11.106676,37.724911,0.014273,0.953667,-0.083874,0.288585,-9.722775,2.743469,-9.911416,0.027028,0.818152,-0.087977,0.567589,14.781338,3.172654,33.879364
114,0.950000,0.044079,0.932602,-0.061785,0.352836,-3.551960,88.394562,13.421419,-0.018401,0.902890,0.134975,0.407717,-2.643412,95.532539,12.813854,-0.025503,0.899634,-0.054512,0.432478,-5.440332,114.326706,17.278429,0.054749,0.951970,-0.099939,0.284199,-5.417543,132.222916,15.112679,0.050733,0.989910,-0.063850,0.115876,-2.285601,145.128296,11.498637,-0.068202,0.927891,0.008704,0.366459,-8.347482,126.595200,13.470787,-0.524518,0.582809,-0.309586,0.537932,-20.409878,124.587547,2.090914,-0.600443,0.530931,-0.302161,0.516023,-17.406883,102.598061,-4.946388,-0.697011,0.434351,-0.299121,0.485841,-11.308144,79.767876,-9.397005,-0.059131,0.914959,-0.104312,0.385322,-3.950262,127.250160,18.929173,0.618343,0.769633,0.148119,0.058116,7.676949,130.400452,30.501431,0.634571,0.745623,0.194027,0.060988,12.998143,107.839355,28.319363,0.535256,0.790417,0.297854,0.005021,17.499424,84.515274,24.584938,0.031066,0.944073,0.102158,0.311970,-10.131401,88.734634,7.577912,0.071180,0.955980,-0.019164,0.284022,-9.955014,54.830582,0.213066,0.013960,0.953700,-0.083926,0.288476,-16.526783,10.604403,0.043456,-0.080076,0.931735,-0.079629,0.345133,3.027480,88.054482,19.264927,0.005403,0.969366,-0.132428,0.206795,6.297639,54.244213,26.330927,0.025049,0.817829,-0.090038,0.567822,3.380399,11.102962,37.710464,0.013960,0.953700,-0.083926,0.288476,-9.718945,2.742195,-9.911201,0.025049,0.817829,-0.090038,0.567822,14.769477,3.157699,33.913376
115,0.958333,0.044045,0.932598,-0.061774,0.352853,-3.554507,88.393608,13.424890,-0.017673,0.902935,0.135186,0.407579,-2.646468,95.531654,12.817320,-0.026675,0.899601,-0.055261,0.432381,-5.420391,114.324615,17.301247,0.055084,0.951919,-0.099568,0.284433,-5.424118,132.215668,15.093080,0.050739,0.989899,-0.063952,0.115909,-2.285096,145.122940,11.491961,-0.067818,0.927975,0.008894,0.366310,-8.346260,126.579819,13.465229,-0.524583,0.582766,-0.309621,0.537895,-20.414024,124.586128,2.088591,-0.600476,0.530859,-0.302249,0.516007,-17.409697,102.595581,-4.944861,-0.697021,0.434230,-0.299228,0.485869,-11.309828,79.764679,-9.390285,-0.059080,0.914845,-0.104167,0.385639,-3.948714,127.254105,18.921000,0.618290,0.769681,0.148074,0.058165,7.670544,130.401855,30.501934,0.634632,0.745524,0.194175,0.061096,12.994557,107.841087,28.323427,0.534822,0.790658,0.297985,0.005534,17.491531,84.516418,24.587507,0.031056,0.944047,0.102193,0.312038,-10.133792,88.733170,7.581177,0.071250,0.955889,-0.019205,0.284306,-9.955459,54.829567,0.214292,0.012926,0.953719,-0.084332,0.288341,-16.534121,10.604411,0.044500,-0.080128,0.931730,-0.079638,0.345133,3.024777,88.054047,19.268602,0.005277,0.969504,-0.132480,0.206114,6.298046,54.244457,26.336428,0.026934,0.818156,-0.087976,0.567588,3.398716,11.104324,37.724777,0.012926,0.953719,-0.084332,0.288341,-9.717299,2.740330,-9.902529,0.026934,0.818156,-0.087976,0.567588,14.780514,3.171671,33.879799
116,0.966667,0.043941,0.932564,-0.061863,0.352939,-3.551037,88.392120,13.430775,-0.018412,0.902840,0.134844,0.407871,-2.643885,95.530144,12.821563,-0.025757,0.899521,-0.054686,0.432675,-5.439905,114.325668,17.280972,0.054974,0.951880,-0.099993,0.284437,-5.422143,132.220718,15.105645,0.050757,0.989879,-0.064117,0.115982,-2.282796,145.124695,11.493050,-0.067984,0.927923,0.008758,0.366415,-8.349491,126.591148,13.465498,-0.524695,0.582399,-0.309986,0.537973,-20.413950,124.590813,2.086525,-0.600068,0.531385,-0.302746,0.515649,-17.400249,102.595924,-4.929309,-0.697348,0.433784,-0.298967,0.485958,-11.341730,79.753143,-9.370220,-0.059199,0.914878,-0.104237,0.385523,-3.954858,127.250504,18.925438,0.618276,0.769694,0.148037,0.058242,7.666896,130.402451,30.502728,0.634922,0.745209,0.194395,0.061229,12.991304,107.841400,28.328165,0.530027,0.793615,0.298681,0.006053,17.469770,84.514069,24.586672,0.030996,0.944345,0.102104,0.311170,-10.129416,88.729301,7.585905,0.071072,0.956167,-0.019002,0.283430,-9.955899,54.824184,0.225881,0.014630,0.953768,-0.083564,0.288321,-16.514530,10.596082,0.049279,-0.080082,0.931724,-0.079556,0.345179,3.027342,88.054939,19.275644,0.005359,0.969334,-0.132279,0.207038,6.299356,54.243935,26.337296,0.025312,0.817636,-0.090013,0.568091,3.385824,11.099115,37.704247,0.014630,0.953768,-0.083564,0.288321,-9.717399,2.737312,-9.915403,0.025312,0.817636,-0.090013,0.568091,14.774702,3.150827,33.912895
117,0.975000,0.044039,0.932563,-0.061942,0.352915,-3.552947,88.389420,13.433788,-0.017499,0.902932,0.135478,0.407496,-2.644099,95.527176,12.823992,-0.027263,0.899587,-0.055631,0.432325,-5.416093,114.317299,17.321026,0.055233,0.951865,-0.099697,0.284541,-5.433199,132.205719,15.091792,0.050950,0.989861,-0.064230,0.115991,-2.288852,145.111252,11.489090,-0.067527,0.927966,0.008507,0.366397,-8.351437,126.565826,13.470975,-0.524537,0.582364,-0.309985,0.538166,-20.418396,124.576485,2.092725,-0.600019,0.531284,-0.302863,0.515742,-17.402740,102.583984,-4.929765,-0.697126,0.434017,-0.299114,0.485978,-11.342454,79.741135,-9.367909,-0.059214,0.914808,-0.104301,0.385670,-3.953655,127.249756,18.925354,0.618246,0.769712,0.148044,0.058286,7.664256,130.403366,30.506044,0.634946,0.745177,0.194430,0.061248,12.990096,107.842491,28.333118,0.529929,0.793674,0.298696,0.006134,17.466944,84.514977,24.590897,0.031089,0.944335,0.102069,0.311201,-10.131466,88.727737,7.589144,0.070897,0.956297,-0.018886,0.283042,-9.964561,54.822517,0.229429,0.013440,0.953919,-0.084257,0.287679,-16.505398,10.591790,0.050056,-0.080150,0.931736,-0.079558,0.345129,3.025572,88.051102,19.278435,0.005340,0.969568,-0.132347,0.205896,6.302246,54.240871,26.341618,0.024597,0.818028,-0.090972,0.567407,3.402462,11.097658,37.718197,0.013440,0.953919,-0.084257,0.287679,-9.709608,2.725484,-9.909594,0.024597,0.818028,-0.090972,0.567407,14.784551,3.140476,33.925110
118,0.983333,0.044077,0.932550,-0.061909,0.352951,-3.556458,88.387985,13.435873,-0.017467,0.902919,0.135494,0.407521,-2.647238,95.525757,12.826744,-0.027339,0.899570,-0.055674,0.432351,-5.418504,114.315750,17.324764,0.055217,0.951848,-0.099795,0.284564,-5.437343,132.203857,15.092961,0.051103,0.989840,-0.064380,0.116020,-2.292564,145.108597,11.487799,-0.067519,0.927912,0.008537,0.366534,-8.354900,126.563416,13.472784,-0.524571,0.582465,-0.309974,0.538030,-20.418549,124.574852,2.090885,-0.600090,0.531289,-0.302900,0.515631,-17.408077,102.581200,-4.930238,-0.697370,0.433670,-0.299156,0.485913,-11.349159,79.737045,-9.363529,-0.059265,0.914818,-0.104632,0.385549,-3.957504,127.248589,18.927319,0.618305,0.769699,0.147848,0.058347,7.663321,130.407608,30.503616,0.634808,0.745325,0.194300,0.061298,12.985490,107.845154,28.338066,0.532086,0.792218,0.298734,0.005719,17.470533,84.517998,24.603329,0.031001,0.944249,0.102253,0.311410,-10.134475,88.727081,7.590707,0.071070,0.956068,-0.019054,0.283759,-9.956163,54.824100,0.220981,0.013674,0.953810,-0.084260,0.288028,-16.515804,10.596138,0.046600,-0.080201,0.931705,-0.079497,0.345215,3.021559,88.048889,19.281038,0.005265,0.969486,-0.132320,0.206303,6.302310,54.238544,26.341831,0.024552,0.818012,-0.090891,0.567444,3.404764,11.094615,37.716263,0.013674,0.953810,-0.084260,0.288028,-9.715466,2.728161,-9.908627,0.024552,0.818012,-0.090891,0.567444,14.788508,3.139678,33.923428
119,0.991667,0.043948,0.932603,-0.061602,0.352880,-3.557609,88.391319,13.432717,-0.017322,0.902902,0.135548,0.407548,-2.651722,95.529793,12.826982,-0.027386,0.899536,-0.055691,0.432416,-5.418831,114.319420,17.329102,0.055376,0.951805,-0.099850,0.284658,-5.438748,132.207352,15.096002,0.051056,0.989822,-0.064648,0.116046,-2.289009,145.110962,11.491127,-0.067532,0.927896,0.008662,0.366570,-8.355639,126.566589,13.475823,-0.524451,0.582466,-0.310116,0.538064,-20.418346,124.579201,2.092720,-0.599977,0.531149,-0.303112,0.515783,-17.412020,102.584747,-4.927616,-0.697071,0.433615,-0.299061,0.486450,-11.352133,79.740067,-9.356875,-0.059183,0.914813,-0.104734,0.385544,-3.959061,127.252487,18.930927,0.618337,0.769658,0.147922,0.058364,7.662215,130.410309,30.507099,0.634918,0.745173,0.194501,0.061363,12.982452,107.847572,28.339735,0.529824,0.793671,0.298886,0.006343,17.460358,84.519882,24.599739,0.031094,0.944277,0.102110,0.311363,-10.136705,88.730331,7.588760,0.070729,0.956070,-0.019056,0.283837,-9.967966,54.825718,0.226309,0.014080,0.953990,-0.083622,0.287597,-16.498684,10.593444,0.060303,-0.080173,0.931770,-0.079543,0.345037,3.021487,88.052299,19.276674,0.005293,0.969523,-0.132390,0.206082,6.300722,54.242168,26.339144,0.024513,0.818045,-0.091067,0.567370,3.402058,11.099919,37.719639,0.014080,0.953990,-0.083622,0.287597,-9.710450,2.737123,-9.912374,0.024513,0.818045,-0.091067,0.567370,14.783953,3.142069,33.927372
120,1.000000,0.043990,0.932599,-0.061744,0.352862,-3.563148,88.388626,13.435025,-0.017701,0.902921,0.135504,0.407504,-2.655997,95.526802,12.827579,-0.026196,0.899635,-0.055975,0.432247,-5.435555,114.316368,17.322258,0.054823,0.951910,-0.099750,0.284452,-5.412894,132.205460,15.098471,0.050984,0.989799,-0.064808,0.116180,-2.279094,145.112167,11.490812,-0.067845,0.927941,0.008620,0.366399,-8.343761,126.572586,13.476062,-0.524140,0.582983,-0.309952,0.537901,-20.409233,124.574837,2.097706,-0.600103,0.530925,-0.303312,0.515749,-17.426262,102.582634,-4.939643,-0.697223,0.433046,-0.299560,0.486430,-11.360756,79.736725,-9.354855,-0.059517,0.914587,-0.104877,0.385990,-3.944235,127.245041,18.930458,0.618537,0.769488,0.147990,0.058300,7.664227,130.416031,30.515884,0.634505,0.745555,0.194388,0.061353,12.973259,107.851234,28.342407,0.534664,0.790562,0.298518,0.005766,17.476435,84.527122,24.610489,0.030869,0.944308,0.102304,0.311230,-10.142408,88.727448,7.591245,0.071182,0.955895,-0.019122,0.284310,-9.955716,54.824619,0.221027,0.014028,0.953736,-0.083866,0.288369,-16.526558,10.598323,0.045865,-0.080194,0.931787,-0.079504,0.344993,3.016113,88.049805,19.278807,0.005847,0.969440,-0.132856,0.206158,6.297942,54.239475,26.339102,0.024878,0.818036,-0.089852,0.567561,3.341836,11.108833,37.748787,0.014028,0.953736,-0.083866,0.288369,-9.721705,2.736984,-9.911518,0.024878,0.818036,-0.089852,0.567561,14.731918,3.169352,33.942627
121,1.008333,0.044039,0.932607,-0.061821,0.352822,-3.566726,88.387772,13.440016,-0.017776,0.902868,0.135117,0.407746,-2.658550,95.525749,12.831744,-0.026654,0.899478,-0.055463,0.432611,-5.435843,114.319298,17.311125,0.055341,0.951768,-0.099968,0.284747,-5.435169,132.209595,15.096766,0.051147,0.989775,-0.064956,0.116231,-2.284994,145.112305,11.489046,-0.067707,0.927886,0.008647,0.366564,-8.357455,126.573692,13.469304,-0.524333,0.582810,-0.310027,0.537858,-20.419527,124.580704,2.086502,-0.600142,0.531000,-0.303383,0.515586,-17.429279,102.586243,-4.940719,-0.697121,0.433360,-0.299202,0.486518,-11.369638,79.737831,-9.351013,-0.059101,0.914696,-0.104706,0.385844,-3.962704,127.249077,18.927191,0.618380,0.769653,0.147787,0.058313,7.651193,130.404831,30.511332,0.634473,0.745598,0.194344,0.061305,12.969221,107.841408,28.345697,0.534587,0.790602,0.298549,0.005768,17.474634,84.517731,24.613810,0.030861,0.944295,0.102397,0.311240,-10.146404,88.726974,7.596722,0.071159,0.955780,-0.019164,0.284699,-9.957083,54.825424,0.220672,0.014123,0.953726,-0.083802,0.288418,-16.526907,10.598972,0.046988,-0.080261,0.931798,-0.079423,0.344968,3.012951,88.048576,19.283310,0.005560,0.969350,-0.132298,0.206945,6.301243,54.238083,26.339844,0.024764,0.817740,-0.090039,0.567962,3.371026,11.093911,37.704983,0.014123,0.953726,-0.083802,0.288418,-9.721965,2.738427,-9.910966,0.024764,0.817740,-0.090039,0.567962,14.765024,3.152869,33.913830
122,1.016667,0.044015,0.932609,-0.061751,0.352830,-3.566440,88.388527,13.440643,-0.017415,0.902860,0.135550,0.407636,-2.658937,95.526657,12.833208,-0.027389,0.899450,-0.056017,0.432552,-5.429819,114.316132,17.333633,0.055683,0.951723,-0.099718,0.284918,-5.444418,132.202744,15.089952,0.051272,0.989750,-0.065224,0.116240,-2.286453,145.106262,11.491935,-0.067378,0.927890,0.008602,0.366614,-8.362206,126.561760,13.472130,-0.524459,0.582941,-0.309802,0.537723,-20.424530,124.578438,2.087912,-0.600247,0.530988,-0.303347,0.515496,-17.434906,102.584961,-4.942605,-0.697132,0.433310,-0.299390,0.486431,-11.373644,79.736382,-9.349801,-0.059037,0.914687,-0.104737,0.385866,-3.967286,127.249763,18.928305,0.618256,0.769741,0.147794,0.058430,7.646274,130.404037,30.513187,0.634537,0.745505,0.194486,0.061329,12.970776,107.841660,28.352631,0.534473,0.790666,0.298577,0.006086,17.472176,84.517899,24.616394,0.030882,0.944306,0.102338,0.311222,-10.146056,88.727776,7.597282,0.070947,0.955987,-0.019085,0.284061,-9.959561,54.825485,0.224566,0.014106,0.953866,-0.083721,0.287980,-16.509460,10.596064,0.053913,-0.080297,0.931841,-0.079434,0.344841,3.013176,88.049278,19.284004,0.005374,0.969556,-0.132389,0.205925,6.304508,54.239326,26.341688,0.023863,0.818145,-0.091349,0.567208,3.400677,11.097136,37.721085,0.014106,0.953866,-0.083721,0.287980,-9.713571,2.737388,-9.911696,0.023863,0.818145,-0.091349,0.567208,14.786368,3.143040,33.932335
123,1.025000,0.043866,0.932673,-0.062444,0.352558,-3.575453,88.378586,13.462360,-0.017322,0.902909,0.135182,0.407654,-2.666622,95.515656,12.844599,-0.027389,0.899412,-0.055988,0.432635,-5.428478,114.309143,17.333780,0.055675,0.951725,-0.099891,0.284855,-5.443316,132.195892,15.091057,0.051389,0.989761,-0.065270,0.116067,-2.284608,145.097931,11.488375,-0.067214,0.927911,0.008715,0.366590,-8.360603,126.554871,13.472401,-0.524286,0.582459,-0.310318,0.538115,-20.424242,124.577950,2.088469,-0.599769,0.531193,-0.303567,0.515711,-17.423393,102.582314,-4.930523,-0.696983,0.433514,-0.299877,0.486162,-11.379040,79.731407,-9.348906,-0.059231,0.914576,-0.104809,0.386079,-3.966703,127.242744,18.929409,0.618276,0.769719,0.147822,0.058441,7.640591,130.404373,30.518553,0.634328,0.745599,0.194743,0.061521,12.963885,107.841766,28.357393,0.534327,0.790602,0.299003,0.006436,17.476856,84.520035,24.622440,0.030893,0.944309,0.102679,0.311099,-10.158680,88.711426,7.622707,0.070821,0.956099,-0.019082,0.283716,-9.966432,54.814041,0.227660,0.013087,0.954013,-0.083742,0.287534,-16.505636,10.583019,0.062370,-0.080258,0.931882,-0.079310,0.344768,3.007774,88.045738,19.302013,0.005272,0.969544,-0.132258,0.206069,6.300130,54.233978,26.350557,0.024090,0.818179,-0.091235,0.567167,3.405807,11.088598,37.720284,0.013087,0.954013,-0.083742,0.287534,-9.706161,2.731110,-9.906120,0.024090,0.818179,-0.091235,0.567167,14.789297,3.133386,33.927284
124,1.033333,0.043854,0.932655,-0.062443,0.352608,-3.577440,88.378807,13.464163,-0.017324,0.902899,0.135127,0.407694,-2.668747,95.515892,12.846393,-0.027180,0.899410,-0.056031,0.432647,-5.430032,114.309952,17.333532,0.056477,0.951656,-0.099795,0.284959,-5.437418,132.196930,15.092656,0.050829,0.989794,-0.065524,0.115894,-2.258436,145.096558,11.499203,-0.067308,0.927935,0.008723,0.366510,-8.356941,126.557289,13.473272,-0.524174,0.582512,-0.310346,0.538152,-20.422113,124.577484,2.091460,-0.599674,0.531227,-0.303637,0.515745,-17.424923,102.582382,-4.930760,-0.696705,0.433826,-0.299795,0.486334,-11.384362,79.730698,-9.350249,-0.059260,0.914491,-0.104890,0.386255,-3.963027,127.242790,18.930569,0.618353,0.769622,0.147962,0.058560,7.639618,130.406830,30.523714,0.634760,0.745131,0.195048,0.061768,12.957861,107.843086,28.361984,0.527891,0.794464,0.300188,0.006715,17.443001,84.516937,24.621153,0.030845,0.944309,0.102696,0.311100,-10.160070,88.711372,7.623818,0.070735,0.956137,-0.019028,0.283615,-9.964280,54.814018,0.228699,0.014704,0.953971,-0.083233,0.287741,-16.494884,10.581729,0.061657,-0.080325,0.931792,-0.079215,0.345017,3.005191,88.046234,19.304508,0.005271,0.969503,-0.132260,0.206262,6.302339,54.234184,26.349438,0.024474,0.818090,-0.090870,0.567339,3.405831,11.088830,37.718712,0.014704,0.953971,-0.083233,0.287741,-9.710055,2.729919,-9.916887,0.024474,0.818090,-0.090870,0.567339,14.789611,3.135311,33.923023
125,1.041667,0.044067,0.932581,-0.061811,0.352887,-3.573980,88.388618,13.448015,-0.017433,0.902847,0.135484,0.407685,-2.665431,95.526573,12.840096,-0.027026,0.899466,-0.055899,0.432556,-5.436170,114.316711,17.337826,0.056468,0.951643,-0.100196,0.284866,-5.440834,132.204514,15.103602,0.050968,0.989773,-0.065642,0.115946,-2.259631,145.100662,11.499661,-0.067504,0.927825,0.008482,0.366760,-8.361685,126.566002,13.482712,-0.524023,0.583071,-0.310011,0.537885,-20.419872,124.577499,2.095018,-0.599888,0.531125,-0.303897,0.515449,-17.443390,102.585052,-4.944351,-0.697203,0.432946,-0.300553,0.485936,-11.405202,79.728737,-9.343108,-0.059169,0.914557,-0.105003,0.386082,-3.966547,127.248695,18.939377,0.618420,0.769553,0.148018,0.058605,7.640930,130.410904,30.528185,0.634765,0.745112,0.195082,0.061842,12.955019,107.846245,28.365803,0.527851,0.794472,0.300237,0.006759,17.439440,84.519714,24.626459,0.030800,0.944318,0.102383,0.311179,-10.152805,88.728264,7.603790,0.070880,0.956085,-0.019003,0.283754,-9.960311,54.826260,0.229941,0.014609,0.953901,-0.083658,0.287855,-16.502541,10.595709,0.056060,-0.080365,0.931812,-0.079287,0.344938,3.004845,88.048973,19.292240,0.005396,0.969228,-0.132222,0.207572,6.303349,54.238152,26.342402,0.023767,0.817971,-0.091013,0.567517,3.381400,11.092037,37.702271,0.014609,0.953901,-0.083658,0.287855,-9.715775,2.734812,-9.914010,0.023767,0.817971,-0.091013,0.567517,14.774406,3.146112,33.918385
126,1.050000,0.044004,0.932668,-0.062376,0.352566,-3.586369,88.380089,13.465225,-0.017821,0.902864,0.134784,0.407862,-2.676022,95.517120,12.849085,-0.026290,0.899396,-0.055569,0.432790,-5.450234,114.314102,17.315945,0.056431,0.951615,-0.100229,0.284953,-5.435638,132.204651,15.103838,0.051020,0.989744,-0.065755,0.116102,-2.254686,145.100647,11.499150,-0.067529,0.927865,0.008395,0.366656,-8.361290,126.571098,13.474387,-0.523998,0.582927,-0.310213,0.537949,-20.421904,124.580620,2.089613,-0.599694,0.531208,-0.304020,0.515516,-17.443443,102.586388,-4.943327,-0.697055,0.433044,-0.300751,0.485938,-11.413082,79.728600,-9.345148,-0.059059,0.914388,-0.104361,0.386671,-3.968443,127.242599,18.934282,0.618160,0.769729,0.148231,0.058507,7.624243,130.394928,30.540573,0.634394,0.745481,0.194899,0.061786,12.953848,107.834625,28.370840,0.534133,0.790531,0.299540,0.006146,17.461254,84.511223,24.639662,0.030677,0.944335,0.102783,0.311008,-10.169278,88.715607,7.625364,0.070881,0.956058,-0.019021,0.283845,-9.961321,54.818779,0.228161,0.014404,0.953893,-0.083585,0.287913,-16.504072,10.588306,0.055217,-0.080377,0.931838,-0.079099,0.344908,2.996539,88.044579,19.305086,0.005482,0.969327,-0.132235,0.207095,6.300627,54.231823,26.343367,0.024075,0.817773,-0.090671,0.567844,3.376505,11.086085,37.704132,0.014404,0.953893,-0.083585,0.287913,-9.713018,2.730577,-9.914427,0.024075,0.817773,-0.090671,0.567844,14.772129,3.142653,33.922901
127,1.058333,0.044060,0.932676,-0.062572,0.352503,-3.592130,88.377823,13.469503,-0.018126,0.902853,0.135123,0.407763,-2.680084,95.514420,12.850958,-0.026406,0.899410,-0.055739,0.432734,-5.469897,114.307404,17.324903,0.054850,0.951667,-0.100714,0.284917,-5.456553,132.197052,15.105489,0.052628,0.989564,-0.065628,0.116986,-2.312526,145.095139,11.475989,-0.067218,0.927735,0.008331,0.367042,-8.382080,126.562668,13.478680,-0.524340,0.582948,-0.309841,0.537809,-20.434633,124.581444,2.083758,-0.599810,0.531287,-0.303781,0.515441,-17.446526,102.588799,-4.950027,-0.696559,0.433715,-0.299759,0.486664,-11.413195,79.732803,-9.357076,-0.058825,0.914517,-0.104420,0.386386,-3.988637,127.236649,18.937788,0.618020,0.769888,0.148022,0.058423,7.612342,130.381836,30.537731,0.634407,0.745489,0.194790,0.061890,12.950500,107.823143,28.372362,0.533033,0.791140,0.299893,0.006073,17.456467,84.498352,24.648121,0.030657,0.944342,0.102850,0.310966,-10.175744,88.713112,7.630425,0.070860,0.956070,-0.018990,0.283810,-9.965338,54.817154,0.229319,0.013469,0.953917,-0.084069,0.287737,-16.505486,10.586309,0.054504,-0.080414,0.931865,-0.079014,0.344846,2.991484,88.042534,19.308582,0.005432,0.969296,-0.132195,0.207268,6.300516,54.229267,26.342062,0.024286,0.817897,-0.090441,0.567693,3.379450,11.082545,37.699837,0.013469,0.953917,-0.084069,0.287737,-9.708001,2.724130,-9.907246,0.024286,0.817897,-0.090441,0.567693,14.772948,3.140335,33.909641
128,1.066667,0.044036,0.932672,-0.062468,0.352537,-3.590261,88.377281,13.469416,-0.018019,0.902793,0.134920,0.407966,-2.679050,95.514091,12.852179,-0.026697,0.899274,-0.055698,0.433002,-5.462914,114.309372,17.320229,0.054997,0.951600,-0.100521,0.285181,-5.458987,132.198639,15.097616,0.052702,0.989539,-0.065770,0.117085,-2.311220,145.097809,11.475242,-0.066982,0.927912,0.008210,0.366642,-8.380236,126.562202,13.470164,-0.524230,0.582887,-0.309889,0.537954,-20.443653,124.586311,2.085813,-0.599699,0.531294,-0.303897,0.515494,-17.453640,102.594826,-4.950803,-0.696465,0.433772,-0.299901,0.486660,-11.424083,79.737793,-9.357672,-0.058693,0.914451,-0.104357,0.386579,-3.990277,127.239784,18.931633,0.617884,0.769995,0.147983,0.058543,7.606244,130.380676,30.537197,0.634484,0.745389,0.194908,0.061932,12.951556,107.823036,28.378504,0.532804,0.791244,0.300021,0.006302,17.452591,84.497787,24.651163,0.030625,0.944442,0.102690,0.310720,-10.173492,88.712776,7.629915,0.070833,0.956182,-0.018823,0.283449,-9.966411,54.814384,0.239827,0.014122,0.953903,-0.083605,0.287890,-16.500191,10.582644,0.053903,-0.080383,0.931898,-0.079038,0.344757,2.992970,88.041779,19.308918,0.005460,0.969313,-0.132186,0.207193,6.300103,54.228424,26.342886,0.024119,0.817700,-0.090668,0.567947,3.377635,11.081523,37.699638,0.014122,0.953903,-0.083605,0.287890,-9.705991,2.726494,-9.914846,0.024119,0.817700,-0.090668,0.567947,14.773816,3.137614,33.921070
129,1.075000,0.044037,0.932673,-0.062424,0.352542,-3.592039,88.379379,13.471595,-0.017932,0.902810,0.134802,0.407972,-2.681032,95.516273,12.854962,-0.026231,0.899321,-0.055597,0.432946,-5.459978,114.312912,17.320324,0.056548,0.951509,-0.100335,0.285246,-5.442661,132.203461,15.108198,0.051425,0.989642,-0.066161,0.116564,-2.256391,145.098022,11.503057,-0.067377,0.927821,0.008320,0.366797,-8.368346,126.570213,13.477720,-0.521227,0.581326,-0.313600,0.540405,-20.426180,124.583664,2.089316,-0.598092,0.530730,-0.305141,0.517205,-17.459291,102.582825,-4.927812,-0.696889,0.433340,-0.300656,0.485972,-11.437329,79.727150,-9.352063,-0.058962,0.914346,-0.104428,0.386767,-3.977360,127.241257,18.939169,0.618014,0.769840,0.148229,0.058598,7.613238,130.391724,30.548044,0.634396,0.745464,0.194933,0.061859,12.950799,107.832863,28.382933,0.534246,0.790451,0.299546,0.006283,17.457653,84.509102,24.653263,0.030665,0.944359,0.102814,0.310925,-10.175196,88.715157,7.632026,0.070774,0.956128,-0.018927,0.283642,-9.966405,54.818714,0.233096,0.014433,0.953903,-0.083543,0.287892,-16.497694,10.586566,0.056244,-0.080418,0.931859,-0.078990,0.344864,2.991117,88.043594,19.311163,0.005400,0.969239,-0.132192,0.207538,6.300886,54.230106,26.343266,0.024250,0.817661,-0.090421,0.568037,3.379455,11.083287,37.700603,0.014433,0.953903,-0.083543,0.287892,-9.707303,2.729604,-9.914459,0.024250,0.817661,-0.090421,0.568037,14.777133,3.142344,33.920322
130,1.083333,0.044029,0.932673,-0.062433,0.352541,-3.594389,88.382149,13.475381,-0.018062,0.902781,0.135014,0.407959,-2.683437,95.519035,12.858586,-0.026142,0.899311,-0.055801,0.432947,-5.470234,114.313271,17.329203,0.056687,0.951472,-0.100353,0.285336,-5.446832,132.203171,15.111887,0.051513,0.989609,-0.066343,0.116699,-2.256398,145.097000,11.507813,-0.067356,0.927731,0.008380,0.367026,-8.374360,126.570427,13.482952,-0.523484,0.582984,-0.310512,0.538216,-20.426685,124.585548,2.088425,-0.599370,0.531359,-0.304307,0.515568,-17.459959,102.592537,-4.953305,-0.696806,0.433401,-0.300670,0.486027,-11.445708,79.730797,-9.356663,-0.058831,0.914378,-0.104550,0.386678,-3.983319,127.241585,18.944344,0.617973,0.769867,0.148236,0.058648,7.610088,130.389389,30.551142,0.634407,0.745436,0.195000,0.061867,12.949716,107.830833,28.387949,0.534176,0.790500,0.299540,0.006445,17.455839,84.507248,24.656307,0.030578,0.944462,0.102719,0.310652,-10.177580,88.717751,7.635842,0.070799,0.956198,-0.018785,0.283409,-9.967314,54.819584,0.244860,0.014279,0.953910,-0.083597,0.287860,-16.497213,10.587278,0.056844,-0.080435,0.931884,-0.078973,0.344800,2.988801,88.046547,19.314919,0.005390,0.969235,-0.132185,0.207562,6.300508,54.233051,26.346075,0.023833,0.817743,-0.090641,0.567902,3.379874,11.086053,37.702950,0.014279,0.953910,-0.083597,0.287860,-9.705712,2.730165,-9.912983,0.023833,0.817743,-0.090641,0.567902,14.779305,3.146727,33.924564
131,1.091667,0.044163,0.932649,-0.062420,0.352590,-3.601194,88.381920,13.475779,-0.018138,0.902763,0.135052,0.407984,-2.688478,95.518661,12.859893,-0.026262,0.899299,-0.055716,0.432975,-5.478673,114.312386,17.330513,0.055429,0.951513,-0.100492,0.285399,-5.460422,132.202393,15.114075,0.052770,0.989452,-0.066342,0.117468,-2.300691,145.100098,11.496787,-0.066974,0.927746,0.008123,0.367064,-8.386228,126.568893,13.484735,-0.523714,0.583127,-0.310104,0.538073,-20.439329,124.592659,2.089520,-0.599433,0.531450,-0.304284,0.515414,-17.468525,102.602234,-4.958519,-0.696666,0.433508,-0.300849,0.486022,-11.458271,79.739067,-9.359954,-0.058624,0.914436,-0.104584,0.386566,-3.995620,127.241066,18.946352,0.617867,0.769985,0.148093,0.058577,7.601509,130.382690,30.551111,0.634445,0.745451,0.194838,0.061815,12.947607,107.825409,28.390556,0.534142,0.790541,0.299497,0.006260,17.451756,84.500992,24.661716,0.030526,0.944448,0.102714,0.310701,-10.183562,88.719734,7.635436,0.070762,0.956196,-0.018762,0.283427,-9.969617,54.821278,0.245871,0.014119,0.953893,-0.083615,0.287919,-16.495831,10.588431,0.056694,-0.080523,0.931870,-0.078897,0.344834,2.981174,88.044113,19.316122,0.005369,0.969209,-0.132186,0.207682,6.300181,54.230774,26.344591,0.023932,0.817709,-0.090538,0.567963,3.379948,11.083764,37.701530,0.014119,0.953893,-0.083615,0.287919,-9.700993,2.732077,-9.911459,0.023932,0.817709,-0.090538,0.567963,14.779714,3.145057,33.922829
132,1.100000,0.044175,0.932618,-0.062473,0.352660,-3.602460,88.382057,13.477236,-0.018101,0.902730,0.135079,0.408050,-2.689264,95.518692,12.860772,-0.026300,0.899266,-0.055683,0.433045,-5.478943,114.312172,17.332737,0.055484,0.951462,-0.100524,0.285546,-5.462274,132.202240,15.116771,0.052831,0.989415,-0.066469,0.117679,-2.300108,145.099411,11.499764,-0.066930,0.927762,0.008000,0.367034,-8.387241,126.568459,13.486855,-0.523641,0.583173,-0.309990,0.538159,-20.441290,124.592056,2.092671,-0.599311,0.531529,-0.304211,0.515518,-17.469719,102.604088,-4.962747,-0.696105,0.434152,-0.300100,0.486713,-11.461349,79.742065,-9.372638,-0.058626,0.914476,-0.105372,0.386257,-3.997505,127.240959,18.949133,0.618042,0.769924,0.147695,0.058536,7.607604,130.391800,30.543413,0.634520,0.745428,0.194640,0.061935,12.943851,107.831367,28.391447,0.533110,0.791104,0.299851,0.006145,17.442677,84.504402,24.672159,0.030540,0.944455,0.102690,0.310688,-10.183947,88.719643,7.635885,0.070745,0.956222,-0.018722,0.283344,-9.971532,54.820896,0.247602,0.014141,0.953878,-0.083611,0.287970,-16.495283,10.587698,0.055973,-0.080488,0.931907,-0.078879,0.344746,2.979026,88.044479,19.318586,0.005353,0.969231,-0.132131,0.207615,6.296885,54.230545,26.344738,0.024120,0.817650,-0.090604,0.568029,3.379807,11.082226,37.697510,0.014141,0.953878,-0.083611,0.287970,-9.699602,2.731289,-9.911565,0.024120,0.817650,-0.090604,0.568029,14.777398,3.139631,33.920414
133,1.108333,0.044235,0.932616,-0.062622,0.352632,-3.609268,88.379715,13.481556,-0.018158,0.902740,0.135091,0.408021,-2.694531,95.515999,12.863369,-0.026262,0.899281,-0.055719,0.433011,-5.486254,114.309288,17.334894,0.055268,0.951425,-0.100908,0.285577,-5.467863,132.199280,15.118366,0.053160,0.989362,-0.066415,0.118005,-2.308231,145.093948,11.490191,-0.066816,0.927737,0.007750,0.367122,-8.393527,126.565758,13.488822,-0.523479,0.583111,-0.310014,0.538371,-20.445904,124.589882,2.092779,-0.599141,0.531624,-0.304412,0.515499,-17.471626,102.604202,-4.968563,-0.696182,0.434015,-0.300409,0.486534,-11.474017,79.739082,-9.377069,-0.058457,0.914416,-0.104725,0.386599,-4.003357,127.237961,18.950787,0.617823,0.770071,0.147901,0.058398,7.593560,130.376389,30.556625,0.634503,0.745414,0.194732,0.061993,12.943194,107.819984,28.395727,0.533179,0.790954,0.300126,0.006042,17.442709,84.493240,24.675856,0.030434,0.944463,0.102806,0.310634,-10.191002,88.717384,7.640491,0.070711,0.956207,-0.018717,0.283404,-9.969531,54.819851,0.246895,0.014502,0.953910,-0.083646,0.287833,-16.490225,10.586203,0.055355,-0.080505,0.931962,-0.078819,0.344605,2.972466,88.042053,19.322620,0.005521,0.969051,-0.131862,0.208618,6.293930,54.227661,26.344849,0.023723,0.817179,-0.090682,0.568712,3.355594,11.073154,37.668564,0.014502,0.953910,-0.083646,0.287833,-9.702487,2.726328,-9.914863,0.023723,0.817179,-0.090682,0.568712,14.764362,3.135468,33.914970
134,1.116667,0.044321,0.932586,-0.062639,0.352696,-3.613426,88.379219,13.481766,-0.018385,0.902693,0.134856,0.408193,-2.697410,95.515358,12.863859,-0.025936,0.899223,-0.055505,0.433179,-5.494270,114.310791,17.323139,0.055276,0.951397,-0.100929,0.285660,-5.468255,132.202271,15.118602,0.053318,0.989335,-0.066484,0.118122,-2.307827,145.096710,11.490330,-0.066786,0.927758,0.007766,0.367076,-8.395442,126.570938,13.484183,-0.523577,0.583236,-0.309930,0.538187,-20.449108,124.596153,2.089310,-0.599107,0.531729,-0.304494,0.515382,-17.479233,102.609482,-4.970828,-0.696503,0.433461,-0.301232,0.486060,-11.489380,79.741890,-9.377061,-0.058400,0.914398,-0.104599,0.386685,-4.007076,127.237823,18.948250,0.617778,0.770136,0.147770,0.058345,7.587842,130.373154,30.556923,0.634484,0.745463,0.194616,0.061961,12.940333,107.817207,28.398355,0.533340,0.790861,0.300088,0.005921,17.441166,84.490295,24.681177,0.030458,0.944404,0.102769,0.310824,-10.194233,88.718094,7.639726,0.070679,0.956226,-0.018671,0.283349,-9.973684,54.820133,0.248084,0.014375,0.953893,-0.083777,0.287858,-16.490543,10.585931,0.053726,-0.080529,0.931978,-0.078800,0.344562,2.967380,88.040337,19.323805,0.005328,0.969240,-0.132056,0.207623,6.291145,54.225998,26.345181,0.024069,0.817651,-0.090786,0.568002,3.377553,11.075899,37.692051,0.014375,0.953893,-0.083777,0.287858,-9.701154,2.723958,-9.913713,0.024069,0.817651,-0.090786,0.568002,14.773872,3.130486,33.917057
135,1.125000,0.044297,0.932590,-0.062548,0.352706,-3.615700,88.382111,13.480763,-0.018131,0.902695,0.135022,0.408144,-2.700460,95.518456,12.863958,-0.026092,0.899238,-0.055626,0.433124,-5.490742,114.312508,17.333153,0.055661,0.951367,-0.100521,0.285830,-5.468029,132.203201,15.122259,0.053107,0.989315,-0.066828,0.118196,-2.299856,145.099670,11.507983,-0.066765,0.927680,0.008003,0.367270,-8.394459,126.570801,13.490194,-0.523310,0.583313,-0.310026,0.538310,-20.443436,124.599777,2.089716,-0.598882,0.531805,-0.304694,0.515447,-17.480459,102.614342,-4.977189,-0.696461,0.433329,-0.301623,0.485995,-11.500377,79.744408,-9.384517,-0.058414,0.914351,-0.104776,0.386746,-4.005544,127.240372,18.953491,0.617800,0.770078,0.147945,0.058440,7.587744,130.378540,30.563021,0.634507,0.745395,0.194779,0.062036,12.938440,107.822350,28.402542,0.533125,0.790976,0.300163,0.006113,17.437462,84.495514,24.682663,0.030461,0.944405,0.102737,0.310832,-10.196423,88.721153,7.638640,0.070669,0.956224,-0.018673,0.283360,-9.976709,54.822742,0.249031,0.014527,0.953890,-0.083646,0.287900,-16.492739,10.588413,0.055076,-0.080524,0.931975,-0.078810,0.344569,2.965023,88.043076,19.322887,0.005291,0.969244,-0.132065,0.207598,6.288163,54.228794,26.344856,0.024303,0.817604,-0.090606,0.568088,3.377923,11.078858,37.693207,0.014527,0.953890,-0.083646,0.287900,-9.703869,2.728383,-9.914243,0.024303,0.817604,-0.090606,0.568088,14.773861,3.133636,33.916672
136,1.133333,0.044373,0.932562,-0.062530,0.352773,-3.620164,88.384262,13.481277,-0.018115,0.902669,0.134984,0.408215,-2.703955,95.520538,12.865175,-0.026072,0.899213,-0.055552,0.433186,-5.493444,114.315010,17.333118,0.055588,0.951339,-0.100399,0.285980,-5.471084,132.206039,15.124936,0.053317,0.989260,-0.066975,0.118478,-2.304880,145.103867,11.513783,-0.066619,0.927679,0.008027,0.367300,-8.397100,126.573776,13.491639,-0.523306,0.583367,-0.309914,0.538319,-20.446005,124.607574,2.090257,-0.598730,0.531915,-0.304755,0.515474,-17.482782,102.623581,-4.981008,-0.696282,0.433360,-0.301823,0.486100,-11.510056,79.752472,-9.392219,-0.058413,0.914371,-0.104667,0.386728,-4.008919,127.242683,18.955606,0.617781,0.770092,0.147931,0.058495,7.584838,130.379379,30.565065,0.634391,0.745482,0.194857,0.061924,12.936324,107.823135,28.407120,0.534498,0.790136,0.299933,0.006177,17.443048,84.498589,24.682190,0.030418,0.944295,0.102852,0.311133,-10.199934,88.724564,7.638155,0.070670,0.956157,-0.018787,0.283578,-9.972512,54.827625,0.242051,0.014497,0.953894,-0.083716,0.287867,-16.491440,10.593692,0.056356,-0.080639,0.931854,-0.078769,0.344878,2.959606,88.043961,19.324400,0.005272,0.969215,-0.132069,0.207731,6.288813,54.230518,26.347511,0.024459,0.817585,-0.090348,0.568149,3.378590,11.080655,37.696182,0.014497,0.953894,-0.083716,0.287867,-9.703192,2.732253,-9.912275,0.024459,0.817585,-0.090348,0.568149,14.775534,3.138235,33.916782
137,1.141667,0.044334,0.932561,-0.062421,0.352800,-3.620381,88.386208,13.481122,-0.018404,0.902655,0.134996,0.408230,-2.705222,95.522728,12.866308,-0.024927,0.899274,-0.055874,0.433087,-5.505154,114.316650,17.329994,0.054903,0.951461,-0.100195,0.285778,-5.440886,132.208496,15.129232,0.053305,0.989245,-0.067020,0.118579,-2.294701,145.110870,11.516837,-0.066885,0.927806,0.007991,0.366931,-8.380286,126.583817,13.493854,-0.523041,0.583780,-0.309692,0.538256,-20.437057,124.608574,2.102361,-0.598716,0.531908,-0.304706,0.515526,-17.489861,102.628181,-4.986778,-0.696286,0.433190,-0.302057,0.486100,-11.515353,79.758072,-9.400751,-0.058805,0.914131,-0.104766,0.387210,-3.990076,127.240120,18.957716,0.617868,0.769945,0.148287,0.058608,7.589696,130.391281,30.577204,0.634452,0.745379,0.195006,0.062085,12.935585,107.834396,28.412083,0.534340,0.790215,0.300002,0.006264,17.437656,84.508911,24.687473,0.030472,0.944263,0.102637,0.311294,-10.199872,88.726517,7.637689,0.070674,0.956252,-0.018628,0.283267,-9.979433,54.826736,0.254392,0.014530,0.953881,-0.083617,0.287936,-16.494774,10.592323,0.057109,-0.080625,0.931843,-0.078797,0.344904,2.959110,88.045898,19.324556,0.005252,0.969213,-0.132055,0.207748,6.286525,54.232597,26.349247,0.024298,0.817595,-0.090403,0.568133,3.378009,11.082402,37.697060,0.014530,0.953881,-0.083617,0.287936,-9.705017,2.732952,-9.912122,0.024298,0.817595,-0.090403,0.568133,14.776251,3.141210,33.919014
138,1.150000,0.044405,0.932524,-0.062403,0.352893,-3.624580,88.386810,13.480910,-0.018342,0.902620,0.134976,0.408317,-2.708493,95.523277,12.866798,-0.024968,0.899232,-0.055892,0.433168,-5.506358,114.317497,17.330519,0.055003,0.951423,-0.100167,0.285896,-5.442944,132.209198,15.128532,0.053379,0.989225,-0.067059,0.118695,-2.293798,145.111404,11.518127,-0.066903,0.927752,0.008193,0.367060,-8.381661,126.584198,13.493018,-0.522878,0.583774,-0.309824,0.538346,-20.435165,124.610992,2.097710,-0.598560,0.531887,-0.304742,0.515708,-17.491446,102.630600,-4.992872,-0.696263,0.433026,-0.302394,0.486070,-11.516920,79.761543,-9.412251,-0.058794,0.914166,-0.105456,0.386939,-3.992469,127.241180,18.957617,0.618036,0.769900,0.147835,0.058575,7.594337,130.400055,30.568001,0.634448,0.745456,0.194749,0.061996,12.930746,107.839905,28.413406,0.534485,0.790133,0.299966,0.006014,17.433565,84.513771,24.693729,0.030445,0.944166,0.102784,0.311543,-10.202809,88.728279,7.636122,0.070632,0.956171,-0.018753,0.283545,-9.975472,54.830467,0.243986,0.014622,0.953887,-0.083721,0.287882,-16.490320,10.595939,0.056520,-0.080641,0.931823,-0.078743,0.344968,2.953649,88.045341,19.325699,0.005189,0.969154,-0.132024,0.208047,6.282976,54.231636,26.347515,0.024301,0.817496,-0.090299,0.568292,3.376995,11.080644,37.692959,0.014622,0.953887,-0.083721,0.287882,-9.703409,2.733485,-9.912226,0.024301,0.817496,-0.090299,0.568292,14.777753,3.141575,33.918030
139,1.158333,0.044995,0.932443,-0.062827,0.352957,-3.638618,88.398270,13.479982,-0.018020,0.902577,0.135166,0.408363,-2.712420,95.533195,12.863280,-0.025984,0.899171,-0.055438,0.433294,-5.502203,114.325867,17.338579,0.055929,0.951236,-0.100620,0.286176,-5.478532,132.217529,15.135468,0.053490,0.989204,-0.067177,0.118746,-2.300965,145.112000,11.522352,-0.066589,0.927592,0.007985,0.367527,-8.404416,126.585854,13.499891,-0.523052,0.583672,-0.309675,0.538373,-20.447878,124.620346,2.092642,-0.598561,0.532138,-0.304807,0.515409,-17.494328,102.641045,-4.997257,-0.695926,0.433845,-0.301699,0.486254,-11.534569,79.767487,-9.413332,-0.058188,0.914410,-0.105531,0.386435,-4.017485,127.253006,18.965076,0.617944,0.770005,0.147679,0.058552,7.584738,130.393036,30.565172,0.634489,0.745418,0.194720,0.062125,12.926568,107.833740,28.415167,0.533230,0.790845,0.300321,0.006090,17.426092,84.506180,24.700481,0.030322,0.944076,0.102709,0.311853,-10.215122,88.746651,7.633660,0.070588,0.956173,-0.018648,0.283554,-9.978948,54.847252,0.249081,0.014391,0.953859,-0.084329,0.287810,-16.487459,10.611823,0.053685,-0.080790,0.931815,-0.078663,0.344973,2.937887,88.049881,19.326305,0.005222,0.969002,-0.131860,0.208854,6.278640,54.236973,26.346529,0.023653,0.817295,-0.090860,0.568518,3.363405,11.082136,37.674965,0.014391,0.953859,-0.084329,0.287810,-9.701720,2.736985,-9.906079,0.023653,0.817295,-0.090860,0.568518,14.769474,3.141833,33.918724
140,1.166667,0.044451,0.932509,-0.062459,0.352916,-3.630676,88.386284,13.484630,-0.018375,0.902608,0.134960,0.408348,-2.713682,95.522591,12.870020,-0.024868,0.899227,-0.055850,0.433190,-5.512589,114.316940,17.332571,0.055197,0.951371,-0.100187,0.286023,-5.446570,132.208984,15.133506,0.053437,0.989188,-0.067179,0.118904,-2.291645,145.110245,11.524721,-0.066711,0.927715,0.008227,0.367188,-8.385986,126.584663,13.496921,-0.522802,0.584028,-0.309579,0.538284,-20.437214,124.617973,2.098075,-0.598518,0.532201,-0.304739,0.515434,-17.500263,102.640472,-5.004277,-0.695667,0.434218,-0.301739,0.486267,-11.541727,79.767525,-9.425152,-0.058669,0.914098,-0.105659,0.387064,-3.996988,127.240143,18.961857,0.618012,0.769904,0.147914,0.058558,7.587083,130.398132,30.575212,0.634499,0.745388,0.194763,0.062251,12.924929,107.838593,28.417912,0.533366,0.790712,0.300432,0.005978,17.423132,84.510300,24.706272,0.030394,0.944259,0.102935,0.311217,-10.208542,88.728111,7.639453,0.070578,0.956139,-0.018776,0.283661,-9.977122,54.832249,0.238526,0.014331,0.953889,-0.083981,0.287814,-16.487970,10.597125,0.053574,-0.080620,0.931885,-0.078714,0.344811,2.947190,88.044456,19.329807,0.005237,0.969048,-0.131865,0.208639,6.277016,54.230202,26.348738,0.023683,0.817316,-0.090583,0.568532,3.362942,11.075494,37.677959,0.014331,0.953889,-0.083981,0.287814,-9.699843,2.730753,-9.911249,0.023683,0.817316,-0.090583,0.568532,14.771213,3.140098,33.918026
141,1.175000,0.044494,0.932483,-0.062458,0.352980,-3.634650,88.387436,13.485474,-0.018325,0.902586,0.134914,0.408414,-2.717033,95.523682,12.871159,-0.024863,0.899205,-0.055763,0.433247,-5.513782,114.318588,17.332718,0.055081,0.951362,-0.100113,0.286100,-5.448812,132.210999,15.136555,0.053573,0.989158,-0.067245,0.119056,-2.296994,145.113342,11.529027,-0.066667,0.927705,0.008206,0.367223,-8.387623,126.586708,13.498714,-0.522630,0.584124,-0.309555,0.538361,-20.438198,124.621178,2.098987,-0.598394,0.532200,-0.304802,0.515542,-17.505783,102.645508,-5.010900,-0.695528,0.434196,-0.301857,0.486412,-11.549046,79.772614,-9.434492,-0.058558,0.914053,-0.104922,0.387388,-3.999317,127.241638,18.964273,0.617893,0.769990,0.148027,0.058399,7.576798,130.387741,30.588776,0.634495,0.745387,0.194806,0.062165,12.922353,107.830795,28.423553,0.533267,0.790799,0.300376,0.006055,17.421303,84.503334,24.707571,0.030380,0.944132,0.102936,0.311603,-10.211651,88.729889,7.639363,0.070733,0.956051,-0.018809,0.283919,-9.976230,54.833992,0.238743,0.014384,0.953790,-0.083951,0.288150,-16.501057,10.600943,0.050937,-0.080657,0.931812,-0.078679,0.345008,2.942350,88.044983,19.331583,0.005242,0.969075,-0.131866,0.208515,6.273960,54.230762,26.349808,0.023705,0.817343,-0.090606,0.568488,3.360879,11.076087,37.679401,0.014384,0.953790,-0.083951,0.288150,-9.706107,2.734987,-9.909557,0.023705,0.817343,-0.090606,0.568488,14.768229,3.139899,33.918373
142,1.183333,0.044471,0.932502,-0.062322,0.352958,-3.637305,88.389458,13.485533,-0.018306,0.902596,0.134870,0.408406,-2.720704,95.525978,12.872908,-0.024764,0.899223,-0.055649,0.433229,-5.516064,114.321373,17.333286,0.055190,0.951339,-0.100154,0.286141,-5.449721,132.214417,15.142317,0.053516,0.989146,-0.067288,0.119155,-2.294592,145.115967,11.534800,-0.066670,0.927648,0.008393,0.367360,-8.389060,126.590851,13.502963,-0.522512,0.584260,-0.309492,0.538364,-20.436264,124.627663,2.099256,-0.598395,0.532284,-0.304662,0.515537,-17.509428,102.653435,-5.017387,-0.695560,0.434338,-0.301702,0.486337,-11.552888,79.781647,-9.446939,-0.058610,0.914061,-0.104839,0.387384,-4.000474,127.243828,18.968533,0.617940,0.769883,0.148329,0.058550,7.575549,130.390472,30.592993,0.634428,0.745379,0.195004,0.062335,12.917587,107.833054,28.423897,0.533235,0.790818,0.300379,0.006333,17.419632,84.506073,24.708557,0.030413,0.944125,0.102918,0.311626,-10.214625,88.732414,7.639805,0.070629,0.956139,-0.018750,0.283652,-9.981582,54.836391,0.239667,0.012090,0.953966,-0.084056,0.287642,-16.496128,10.601822,0.051291,-0.080681,0.931762,-0.078708,0.345130,2.940015,88.046494,19.331261,0.005046,0.969150,-0.131987,0.208094,6.271529,54.232864,26.352369,0.026632,0.817631,-0.087653,0.568407,3.378134,11.080879,37.697227,0.012090,0.953966,-0.084056,0.287642,-9.682421,2.749952,-9.907516,0.026632,0.817631,-0.087653,0.568407,14.774956,3.159526,33.873505
143,1.191667,0.044494,0.932490,-0.062158,0.353013,-3.639080,88.393295,13.483529,-0.018232,0.902546,0.134910,0.408506,-2.722965,95.530083,12.873266,-0.024825,0.899167,-0.055616,0.433347,-5.516821,114.325157,17.335905,0.055233,0.951318,-0.100209,0.286185,-5.452686,132.218216,15.145061,0.053622,0.989147,-0.067236,0.119130,-2.295834,145.119125,11.536714,-0.066650,0.927601,0.008548,0.367478,-8.390742,126.594208,13.504931,-0.520007,0.582695,-0.312663,0.540649,-20.435127,124.633682,2.097797,-0.597173,0.531575,-0.305036,0.517461,-17.515087,102.652756,-5.000916,-0.695559,0.434879,-0.302041,0.485644,-11.533254,79.795113,-9.469252,-0.058590,0.914085,-0.104693,0.387369,-4.003640,127.247833,18.971611,0.617974,0.769917,0.148074,0.058393,7.572862,130.391953,30.596268,0.634444,0.745400,0.194901,0.062232,12.913802,107.834122,28.428749,0.533544,0.790641,0.300293,0.006421,17.415449,84.507172,24.712769,0.030381,0.944098,0.102886,0.311723,-10.215675,88.737572,7.637066,0.070756,0.956037,-0.018834,0.283958,-9.980497,54.840954,0.239712,0.014477,0.953771,-0.083877,0.288229,-16.507858,10.608262,0.053199,-0.080694,0.931596,-0.078682,0.345583,2.937516,88.049019,19.329992,0.004962,0.969114,-0.132038,0.208232,6.267055,54.235245,26.351353,0.026417,0.817679,-0.087640,0.568350,3.378396,11.084360,37.701626,0.014477,0.953771,-0.083877,0.288229,-9.712080,2.743361,-9.907569,0.026417,0.817679,-0.087640,0.568350,14.777361,3.166300,33.877476
144,1.200000,0.044421,0.932478,-0.062056,0.353074,-3.640320,88.394318,13.483641,-0.018247,0.902534,0.134886,0.408540,-2.725655,95.531380,12.874434,-0.024803,0.899159,-0.055543,0.433374,-5.519827,114.326691,17.335880,0.055288,0.951307,-0.100176,0.286222,-5.456059,132.220078,15.147741,0.053671,0.989138,-0.067253,0.119176,-2.297845,145.121033,11.540806,-0.066578,0.927566,0.008668,0.367579,-8.393874,126.596245,13.506603,-0.520079,0.582878,-0.312415,0.540526,-20.436096,124.639534,2.096534,-0.597194,0.531646,-0.304970,0.517403,-17.518797,102.660248,-5.008392,-0.695482,0.434914,-0.302160,0.485647,-11.538606,79.802551,-9.478622,-0.058541,0.914105,-0.104669,0.387336,-4.007085,127.249168,18.973619,0.617895,0.769933,0.148266,0.058525,7.570446,130.391403,30.597761,0.634363,0.745470,0.194912,0.062185,12.915216,107.834503,28.430038,0.535122,0.789668,0.300052,0.006120,17.422092,84.508736,24.713009,0.030459,0.944085,0.102844,0.311767,-10.216269,88.737961,7.636414,0.070605,0.956123,-0.018798,0.283708,-9.986732,54.841072,0.240135,0.014349,0.953848,-0.083823,0.287995,-16.500425,10.606363,0.056096,-0.080689,0.931659,-0.078723,0.345404,2.935629,88.050667,19.330868,0.004952,0.969113,-0.131987,0.208268,6.265190,54.237282,26.354101,0.026475,0.817661,-0.087630,0.568376,3.377932,11.085188,37.700127,0.014349,0.953848,-0.083823,0.287995,-9.707861,2.743573,-9.908529,0.026475,0.817661,-0.087630,0.568376,14.776542,3.166515,33.876194
145,1.208333,0.044494,0.932461,-0.062082,0.353106,-3.645133,88.394699,13.484224,-0.018200,0.902510,0.134866,0.408601,-2.729333,95.531624,12.875083,-0.024772,0.899134,-0.055501,0.433434,-5.521833,114.327217,17.336393,0.055339,0.951280,-0.100091,0.286333,-5.457552,132.220840,15.150128,0.053670,0.989119,-0.067283,0.119319,-2.298085,145.122345,11.546220,-0.066563,0.927547,0.008696,0.367628,-8.395224,126.597214,13.508022,-0.519921,0.582969,-0.312336,0.540625,-20.436325,124.641373,2.096622,-0.597131,0.531685,-0.304986,0.517425,-17.521650,102.664711,-5.017474,-0.695298,0.435184,-0.302060,0.485732,-11.543950,79.806747,-9.489672,-0.058474,0.914073,-0.104703,0.387412,-4.009139,127.249504,18.975677,0.617945,0.769938,0.148099,0.058362,7.566685,130.390335,30.601898,0.634442,0.745427,0.194801,0.062239,12.909476,107.833099,28.432816,0.533806,0.790464,0.300301,0.006139,17.411200,84.505623,24.720230,0.030393,0.944076,0.102900,0.311781,-10.220576,88.739349,7.636490,0.070729,0.956006,-0.018860,0.284066,-9.985419,54.842983,0.237975,0.014191,0.953759,-0.083903,0.288276,-16.511147,10.610047,0.053637,-0.080698,0.931582,-0.078654,0.345625,2.930310,88.050056,19.331959,0.004949,0.969078,-0.131933,0.208466,6.260475,54.236012,26.351728,0.023931,0.817548,-0.090317,0.568230,3.372157,11.082646,37.692642,0.014191,0.953759,-0.083903,0.288276,-9.710661,2.746636,-9.905090,0.023931,0.817548,-0.090317,0.568230,14.776629,3.148500,33.918591
146,1.216667,0.044545,0.932442,-0.062078,0.353148,-3.648482,88.394135,13.483810,-0.018191,0.902492,0.134870,0.408640,-2.731994,95.530998,12.875014,-0.024718,0.899121,-0.055498,0.433463,-5.524439,114.326561,17.336493,0.055586,0.951264,-0.099997,0.286371,-5.458412,132.220291,15.151145,0.053562,0.989130,-0.067323,0.119252,-2.293134,145.121628,11.551708,-0.066525,0.927522,0.008757,0.367698,-8.396471,126.597008,13.508545,-0.519614,0.582815,-0.312602,0.540933,-20.436024,124.643158,2.095164,-0.596881,0.531709,-0.305050,0.517651,-17.520712,102.667389,-5.021460,-0.695225,0.435231,-0.302007,0.485827,-11.546145,79.810226,-9.501910,-0.058543,0.914122,-0.105405,0.387097,-4.010709,127.248619,18.976542,0.618097,0.769840,0.147926,0.058483,7.573006,130.399628,30.592152,0.634503,0.745413,0.194657,0.062239,12.906361,107.839378,28.431051,0.533773,0.790542,0.300156,0.006045,17.404356,84.510590,24.722256,0.030331,0.944107,0.102890,0.311697,-10.223327,88.739571,7.635446,0.070742,0.956007,-0.018822,0.284062,-9.984967,54.842793,0.238911,0.014415,0.953762,-0.083905,0.288255,-16.510809,10.609886,0.051034,-0.080720,0.931615,-0.078677,0.345525,2.926362,88.048706,19.332174,0.004895,0.969086,-0.131922,0.208435,6.258126,54.235153,26.353582,0.026561,0.817566,-0.087445,0.568537,3.374985,11.081478,37.694630,0.014415,0.953762,-0.083905,0.288255,-9.713760,2.744785,-9.908711,0.026561,0.817566,-0.087445,0.568537,14.775846,3.165298,33.872242
147,1.225000,0.044526,0.932431,-0.062096,0.353178,-3.651909,88.394295,13.484578,-0.018170,0.902480,0.134828,0.408683,-2.735559,95.531151,12.875473,-0.024665,0.899111,-0.055384,0.433501,-5.526809,114.327194,17.335711,0.055673,0.951241,-0.100033,0.286417,-5.460738,132.221466,15.154867,0.053542,0.989126,-0.067276,0.119315,-2.292725,145.122116,11.555427,-0.066494,0.927472,0.008867,0.367825,-8.398631,126.598587,13.510627,-0.521729,0.584609,-0.309410,0.538793,-20.435200,124.647186,2.093679,-0.598159,0.532221,-0.304234,0.516128,-17.524954,102.681686,-5.056642,-0.695077,0.435143,-0.302093,0.486064,-11.552679,79.819702,-9.515551,-0.058429,0.914056,-0.104701,0.387460,-4.013296,127.248856,18.979124,0.617929,0.769969,0.148041,0.058268,7.561470,130.388428,30.606747,0.634414,0.745499,0.194677,0.062054,12.905702,107.831665,28.436152,0.535376,0.789503,0.300041,0.005801,17.410238,84.505112,24.721203,0.030346,0.944175,0.102956,0.311468,-10.226401,88.739273,7.635791,0.070719,0.955941,-0.018861,0.284289,-9.989374,54.843498,0.234619,0.014370,0.953745,-0.083963,0.288294,-16.514250,10.610435,0.049129,-0.080710,0.931602,-0.078644,0.345571,2.922583,88.049324,19.333366,0.004871,0.969108,-0.131943,0.208320,6.254189,54.235310,26.352592,0.026417,0.817635,-0.087545,0.568429,3.374090,11.082113,37.696251,0.014370,0.953745,-0.083963,0.288294,-9.715983,2.744350,-9.909008,0.026417,0.817635,-0.087545,0.568429,14.774707,3.165963,33.873070
148,1.233333,0.044535,0.932427,-0.062043,0.353195,-3.653857,88.396034,13.485087,-0.018140,0.902471,0.134805,0.408711,-2.737652,95.532974,12.876757,-0.024689,0.899099,-0.055332,0.433532,-5.527637,114.329292,17.336611,0.055712,0.951232,-0.099958,0.286464,-5.463082,132.223724,15.157071,0.053554,0.989122,-0.067266,0.119356,-2.294393,145.124878,11.560019,-0.066431,0.927431,0.008918,0.367938,-8.400355,126.600693,13.512241,-0.521756,0.584801,-0.309185,0.538688,-20.434406,124.652016,2.092179,-0.598156,0.532222,-0.303996,0.516271,-17.528122,102.688286,-5.065176,-0.694578,0.435617,-0.301457,0.486746,-11.548875,79.830200,-9.534657,-0.058417,0.914086,-0.104598,0.387419,-4.015416,127.250984,18.981056,0.617953,0.769964,0.147987,0.058218,7.560452,130.388763,30.608061,0.634564,0.745365,0.194685,0.062114,12.903563,107.831779,28.437046,0.533743,0.790596,0.300061,0.006259,17.398592,84.503372,24.722191,0.030384,0.944098,0.102902,0.311717,-10.228121,88.741455,7.636070,0.070773,0.955894,-0.018808,0.284436,-9.992836,54.845070,0.237638,0.014197,0.953698,-0.084025,0.288442,-16.520868,10.612509,0.045219,-0.080735,0.931573,-0.078634,0.345645,2.920407,88.050613,19.334105,0.004861,0.969089,-0.131953,0.208402,6.253307,54.236771,26.353554,0.026577,0.817604,-0.087446,0.568481,3.372951,11.083799,37.697987,0.014197,0.953698,-0.084025,0.288442,-9.717354,2.746282,-9.909220,0.026577,0.817604,-0.087446,0.568481,14.773027,3.167318,33.873890
149,1.241667,0.044490,0.932426,-0.061918,0.353227,-3.655100,88.399872,13.484725,-0.018158,0.902456,0.134787,0.408749,-2.740116,95.537094,12.877874,-0.024666,0.899088,-0.055208,0.433573,-5.530633,114.333580,17.336678,0.055802,0.951226,-0.099974,0.286464,-5.467201,132.228561,15.161522,0.053576,0.989129,-0.067210,0.119318,-2.296103,145.129211,11.564802,-0.066429,0.927354,0.009106,0.368128,-8.403939,126.605713,13.515088,-0.521594,0.584794,-0.309271,0.538801,-20.433336,124.659637,2.089682,-0.598006,0.532220,-0.304086,0.516394,-17.529217,102.696648,-5.070811,-0.694468,0.435606,-0.301686,0.486772,-11.552517,79.838417,-9.542995,-0.058448,0.914183,-0.105177,0.387029,-4.019475,127.254974,18.984404,0.618124,0.769883,0.147667,0.058290,7.566381,130.400009,30.599493,0.634716,0.745227,0.194755,0.061992,12.899274,107.839607,28.438869,0.531818,0.791908,0.300008,0.006849,17.385752,84.510887,24.715666,0.030387,0.944159,0.102907,0.311530,-10.229041,88.745293,7.635345,0.070761,0.955864,-0.018777,0.284542,-9.995296,54.849007,0.236446,0.011684,0.953780,-0.084333,0.288193,-16.521545,10.616192,0.040947,-0.080745,0.931518,-0.078714,0.345774,2.918840,88.054451,19.334106,0.004640,0.969303,-0.132079,0.207331,6.249473,54.241592,26.359367,0.026920,0.818053,-0.087341,0.567835,3.398440,11.091423,37.721859,0.011684,0.953780,-0.084333,0.288193,-9.691542,2.761107,-9.904142,0.026920,0.818053,-0.087341,0.567835,14.788556,3.171477,33.875320
150,1.250000,0.044500,0.932426,-0.061895,0.353228,-3.658894,88.400467,13.484732,-0.018050,0.902449,0.134759,0.408778,-2.743884,95.537720,12.878241,-0.024710,0.899075,-0.055128,0.433606,-5.530296,114.334641,17.337757,0.055856,0.951203,-0.099813,0.286583,-5.469429,132.229858,15.164487,0.053520,0.989111,-0.067253,0.119466,-2.297503,145.131683,11.572730,-0.066442,0.927313,0.009183,0.368228,-8.405217,126.606735,13.517280,-0.521271,0.584878,-0.309333,0.538987,-20.432108,124.661316,2.089122,-0.597942,0.532157,-0.304240,0.516441,-17.534323,102.700867,-5.081714,-0.694746,0.435211,-0.302213,0.486403,-11.558947,79.841537,-9.550051,-0.058455,0.914195,-0.105108,0.387019,-4.021189,127.256081,18.986937,0.618092,0.769891,0.147736,0.058342,7.564892,130.400436,30.601990,0.634606,0.745331,0.194741,0.061919,12.899301,107.840385,28.441483,0.534159,0.790511,0.299532,0.006871,17.392962,84.513184,24.717436,0.030415,0.944126,0.102928,0.311621,-10.232807,88.746201,7.635337,0.070702,0.955796,-0.018823,0.284781,-9.999748,54.850327,0.234523,0.012612,0.953759,-0.083776,0.288385,-16.522081,10.616920,0.042840,-0.080789,0.931463,-0.078688,0.345917,2.915020,88.054726,19.334126,0.004622,0.969314,-0.132098,0.207267,6.248010,54.242088,26.359308,0.026854,0.818078,-0.087263,0.567814,3.398971,11.092347,37.723934,0.012612,0.953759,-0.083776,0.288385,-9.697743,2.767959,-9.910975,0.026854,0.818078,-0.087263,0.567814,14.790365,3.174846,33.876141
151,1.258333,0.044499,0.932417,-0.061829,0.353263,-3.659936,88.400909,13.484290,-0.017817,0.902436,0.134450,0.408919,-2.745243,95.538277,12.878709,-0.024724,0.899027,-0.054828,0.433744,-5.519227,114.338776,17.330879,0.056621,0.951126,-0.099864,0.286672,-5.463226,132.235153,15.167099,0.052891,0.989181,-0.067238,0.119171,-2.270964,145.133423,11.580574,-0.066642,0.927313,0.009365,0.368188,-8.396846,126.612022,13.516110,-0.520860,0.584800,-0.309583,0.539325,-20.423826,124.662628,2.088720,-0.597617,0.532132,-0.304276,0.516822,-17.528992,102.704094,-5.089198,-0.694045,0.435896,-0.301529,0.487212,-11.553373,79.847351,-9.570372,-0.058453,0.914127,-0.105054,0.387194,-4.014516,127.259804,18.987312,0.618163,0.769828,0.147787,0.058299,7.567039,130.403885,30.606949,0.634813,0.745141,0.194775,0.061974,12.897651,107.843292,28.442764,0.531929,0.791866,0.299922,0.006853,17.378334,84.513840,24.717150,0.030426,0.944120,0.102895,0.311649,-10.233412,88.746994,7.634427,0.070714,0.955929,-0.018828,0.284332,-10.001525,54.850697,0.235488,0.014271,0.953691,-0.083990,0.288473,-16.525105,10.617458,0.047011,-0.080764,0.931499,-0.078718,0.345818,2.913540,88.054817,19.334154,0.004609,0.969303,-0.132086,0.207325,6.244934,54.242222,26.360327,0.026975,0.818038,-0.087190,0.567876,3.396596,11.092186,37.724010,0.014271,0.953691,-0.083990,0.288473,-9.721734,2.751510,-9.907745,0.026975,0.818038,-0.087190,0.567876,14.787799,3.174417,33.876209
152,1.266667,0.044497,0.932412,-0.061872,0.353270,-3.663887,88.400200,13.485726,-0.017982,0.902435,0.134662,0.408845,-2.749002,95.537498,12.879576,-0.024621,0.899062,-0.054954,0.433661,-5.531813,114.335548,17.336620,0.056069,0.951198,-0.099588,0.286638,-5.470683,132.231613,15.170372,0.053433,0.989115,-0.067353,0.119418,-2.294687,145.134552,11.586186,-0.066494,0.927226,0.009392,0.368431,-8.406294,126.609146,13.520631,-0.520902,0.584892,-0.309297,0.539349,-20.427946,124.664940,2.086751,-0.597604,0.532166,-0.304256,0.516814,-17.529892,102.709892,-5.100493,-0.693971,0.435841,-0.301529,0.487368,-11.555425,79.853127,-9.583126,-0.058392,0.914151,-0.104660,0.387253,-4.022875,127.256348,18.991032,0.618051,0.769930,0.147779,0.058147,7.557391,130.393738,30.613762,0.634802,0.745266,0.194441,0.061623,12.895226,107.835243,28.445431,0.534486,0.790511,0.298957,0.006488,17.378675,84.506630,24.717911,0.030435,0.944130,0.102956,0.311597,-10.237283,88.745979,7.635755,0.070726,0.955927,-0.018793,0.284338,-10.005090,54.850601,0.232659,0.011538,0.953768,-0.084295,0.288249,-16.528791,10.617399,0.040855,-0.080742,0.931515,-0.078674,0.345790,2.909509,88.054428,19.335699,0.004582,0.969315,-0.132072,0.207279,6.240743,54.241096,26.358423,0.026771,0.818076,-0.087315,0.567812,3.395536,11.090702,37.721516,0.011538,0.953768,-0.084295,0.288249,-9.695456,2.764275,-9.903498,0.026771,0.818076,-0.087315,0.567812,14.787468,3.173391,33.874931
153,1.275000,0.045114,0.932343,-0.062335,0.353293,-3.679976,88.411781,13.483693,-0.018300,0.902385,0.134561,0.408974,-2.754452,95.547455,12.874532,-0.024089,0.899050,-0.054648,0.433754,-5.547515,114.346107,17.322596,0.056082,0.951159,-0.099912,0.286651,-5.473726,132.244324,15.174529,0.053398,0.989112,-0.067110,0.119596,-2.294952,145.144363,11.582414,-0.066731,0.927140,0.009422,0.368606,-8.412796,126.625526,13.518436,-0.520848,0.584959,-0.309306,0.539324,-20.429083,124.674591,2.080075,-0.597324,0.532434,-0.304657,0.516626,-17.534931,102.719536,-5.108705,-0.693955,0.435484,-0.301474,0.487743,-11.585911,79.855034,-9.585707,-0.058101,0.914253,-0.104975,0.386969,-4.030150,127.264191,18.990456,0.618142,0.769925,0.147470,0.058043,7.558590,130.395950,30.606249,0.634789,0.745318,0.194295,0.061590,12.891781,107.835938,28.442425,0.534606,0.790401,0.299036,0.006388,17.376177,84.506943,24.718464,0.030253,0.944135,0.102695,0.311686,-10.252106,88.764725,7.632731,0.070648,0.956040,-0.018544,0.283995,-10.013033,54.864849,0.250455,0.014298,0.953662,-0.084557,0.288401,-16.523880,10.629827,0.041660,-0.080912,0.931473,-0.078548,0.345891,2.892156,88.058838,19.334654,0.004625,0.969185,-0.132005,0.207925,6.236670,54.246044,26.353613,0.026770,0.817783,-0.087420,0.568219,3.381420,11.094090,37.708282,0.014298,0.953662,-0.084557,0.288401,-9.724898,2.750580,-9.905570,0.026770,0.817783,-0.087420,0.568219,14.776654,3.175103,33.874966
154,1.283333,0.044517,0.932421,-0.061894,0.353239,-3.670577,88.400597,13.487082,-0.017703,0.902420,0.134440,0.408964,-2.755343,95.537827,12.880702,-0.024690,0.899008,-0.054694,0.433801,-5.525396,114.338593,17.334236,0.056759,0.951122,-0.099561,0.286763,-5.470236,132.235565,15.175319,0.052880,0.989173,-0.067306,0.119208,-2.276202,145.135910,11.597858,-0.066573,0.927209,0.009609,0.368455,-8.403323,126.612686,13.522467,-0.520560,0.584993,-0.309202,0.539625,-20.424021,124.668739,2.087547,-0.597120,0.532481,-0.304728,0.516772,-17.528711,102.718971,-5.116945,-0.693742,0.435626,-0.301439,0.487942,-11.584188,79.854454,-9.599831,-0.058395,0.914151,-0.105076,0.387139,-4.021663,127.259254,18.994349,0.618271,0.769845,0.147393,0.057921,7.561547,130.401688,30.612778,0.634969,0.745149,0.194373,0.061535,12.887946,107.840370,28.445677,0.532254,0.791863,0.299357,0.006601,17.361710,84.510376,24.715166,0.030454,0.944096,0.102973,0.311692,-10.244325,88.746597,7.637522,0.070684,0.955924,-0.018737,0.284363,-10.012217,54.851532,0.232950,0.011413,0.953744,-0.084469,0.288282,-16.530939,10.617608,0.037223,-0.080775,0.931511,-0.078635,0.345803,2.903171,88.054596,19.336643,0.004570,0.969331,-0.132070,0.207206,6.237410,54.241215,26.357666,0.026824,0.818041,-0.087288,0.567865,3.394136,11.090771,37.721043,0.011413,0.953744,-0.084469,0.288282,-9.695954,2.761405,-9.903563,0.026824,0.818041,-0.087288,0.567865,14.786204,3.173264,33.875267
155,1.291667,0.044519,0.932420,-0.061895,0.353243,-3.674371,88.399849,13.488581,-0.017679,0.902441,0.134339,0.408951,-2.759094,95.537079,12.882196,-0.024709,0.899028,-0.054580,0.433774,-5.526649,114.338921,17.332672,0.056802,0.951065,-0.099622,0.286921,-5.473956,132.236298,15.177129,0.052719,0.989152,-0.067074,0.119582,-2.277555,145.135925,11.599168,-0.066579,0.927143,0.009736,0.368618,-8.406438,126.613365,13.523430,-0.520443,0.584523,-0.309517,0.540066,-20.423119,124.671021,2.084014,-0.596819,0.532362,-0.304452,0.517403,-17.511316,102.721558,-5.114743,-0.693587,0.435683,-0.301871,0.487844,-11.552618,79.865761,-9.623175,-0.058380,0.914160,-0.104975,0.387147,-4.024462,127.259468,18.995113,0.618219,0.769851,0.147554,0.057989,7.558596,130.400208,30.614155,0.635119,0.745019,0.194392,0.061498,12.887621,107.839691,28.445265,0.531016,0.792721,0.299286,0.006613,17.352413,84.508575,24.711058,0.030345,0.944198,0.102928,0.311409,-10.248064,88.745872,7.638958,0.070691,0.955920,-0.018730,0.284375,-10.012065,54.849701,0.239580,0.014295,0.953653,-0.084002,0.288593,-16.531214,10.615847,0.043034,-0.080839,0.931471,-0.078598,0.345904,2.899323,88.053825,19.338203,0.004538,0.969298,-0.132076,0.207358,6.237839,54.240765,26.358715,0.026838,0.818058,-0.087222,0.567850,3.395403,11.090419,37.722702,0.014295,0.953653,-0.084002,0.288593,-9.725576,2.749480,-9.909842,0.026838,0.818058,-0.087222,0.567850,14.787724,3.173971,33.875481
156,1.300000,0.044392,0.932390,-0.062020,0.353315,-3.673775,88.396851,13.493618,-0.016927,0.902465,0.134801,0.408777,-2.759524,95.534019,12.884974,-0.026231,0.899026,-0.054617,0.433683,-5.507047,114.332047,17.363951,0.057374,0.950980,-0.099479,0.287140,-5.503287,132.226486,15.183515,0.052876,0.989131,-0.067311,0.119555,-2.292199,145.125000,11.614676,-0.066165,0.926947,0.009940,0.369177,-8.421142,126.593376,13.538594,-0.520427,0.584607,-0.309263,0.540136,-20.425861,124.666977,2.083928,-0.596688,0.532637,-0.304648,0.517156,-17.511299,102.721298,-5.125219,-0.693631,0.435625,-0.301813,0.487869,-11.572417,79.859695,-9.630419,-0.058343,0.914360,-0.104993,0.386677,-4.039147,127.258896,19.007938,0.618241,0.769901,0.147275,0.057798,7.556211,130.397461,30.615297,0.635123,0.745064,0.194260,0.061332,12.885024,107.836784,28.447565,0.531175,0.792625,0.299260,0.006507,17.350540,84.506096,24.711521,0.030388,0.944199,0.103045,0.311362,-10.246778,88.739914,7.643044,0.070888,0.955690,-0.018767,0.285095,-10.011405,54.845596,0.235143,0.014802,0.953448,-0.083943,0.289261,-16.548044,10.614345,0.031758,-0.080830,0.931524,-0.078530,0.345778,2.899228,88.053795,19.344193,0.004601,0.969187,-0.131834,0.208025,6.239789,54.239887,26.359695,0.027462,0.817317,-0.086785,0.568953,3.388541,11.083898,37.700020,0.014802,0.953448,-0.083943,0.289261,-9.734197,2.745853,-9.913821,0.027462,0.817317,-0.086785,0.568953,14.788575,3.167952,33.874687
157,1.308333,0.044372,0.932403,-0.062030,0.353282,-3.676467,88.397194,13.494700,-0.017162,0.902460,0.134749,0.408796,-2.762454,95.534363,12.885803,-0.025407,0.899059,-0.054823,0.433637,-5.517530,114.332619,17.359169,0.056928,0.951060,-0.099308,0.287023,-5.483969,132.227783,15.184896,0.052723,0.989138,-0.067183,0.119634,-2.286125,145.129639,11.616246,-0.066385,0.927003,0.010008,0.368996,-8.411225,126.600113,13.538069,-0.520202,0.584759,-0.309159,0.540248,-20.419455,124.667549,2.088122,-0.596574,0.532642,-0.304650,0.517282,-17.510164,102.725311,-5.133656,-0.693411,0.435746,-0.301742,0.488117,-11.571588,79.864616,-9.643847,-0.058555,0.914212,-0.105011,0.386988,-4.028069,127.256439,19.007591,0.618298,0.769826,0.147426,0.057816,7.558425,130.402527,30.621761,0.635159,0.745019,0.194310,0.061346,12.883883,107.841469,28.449747,0.531254,0.792570,0.299266,0.006458,17.347120,84.510574,24.712223,0.030416,0.944099,0.103163,0.311623,-10.249903,88.739922,7.644594,0.070878,0.955669,-0.018869,0.285163,-10.011726,54.847412,0.228529,0.013909,0.953495,-0.084060,0.289117,-16.550129,10.616392,0.033650,-0.080868,0.931514,-0.078516,0.345799,2.896970,88.054466,19.344807,0.004616,0.969192,-0.131868,0.207981,6.240094,54.240829,26.360374,0.026893,0.817671,-0.087467,0.568366,3.387461,11.085642,37.703400,0.013909,0.953495,-0.084060,0.289117,-9.728115,2.751659,-9.909303,0.026893,0.817671,-0.087467,0.568366,14.782322,3.164120,33.874187
158,1.316667,0.044442,0.932452,-0.061796,0.353184,-3.682482,88.400665,13.489273,-0.016886,0.902476,0.134642,0.408808,-2.768782,95.538162,12.883770,-0.026302,0.899008,-0.054285,0.433758,-5.512476,114.337906,17.357832,0.057567,0.950917,-0.099418,0.287330,-5.516060,132.233521,15.186996,0.052836,0.989107,-0.067209,0.119829,-2.299507,145.131744,11.622057,-0.066158,0.926855,0.010023,0.369407,-8.431311,126.600052,13.538690,-0.520258,0.584491,-0.309185,0.540469,-20.430391,124.675179,2.077863,-0.596579,0.532295,-0.304370,0.517798,-17.507248,102.734085,-5.141756,-0.693245,0.435634,-0.301909,0.488349,-11.542683,79.882637,-9.664470,-0.058066,0.914454,-0.104807,0.386546,-4.050283,127.264496,19.008936,0.618179,0.770004,0.147057,0.057649,7.549541,130.391937,30.614832,0.634960,0.745295,0.193998,0.061044,12.882730,107.832146,28.448750,0.534686,0.790586,0.298402,0.006384,17.359921,84.503708,24.712606,0.030352,0.944216,0.102935,0.311352,-10.257028,88.746124,7.640575,0.070612,0.956032,-0.018669,0.284022,-10.021797,54.850082,0.240585,0.014061,0.953650,-0.084009,0.288610,-16.532751,10.615026,0.043248,-0.080888,0.931531,-0.078623,0.345724,2.892064,88.055199,19.337971,0.004550,0.969353,-0.132063,0.207110,6.234443,54.242950,26.360586,0.026964,0.818062,-0.087283,0.567829,3.394135,11.092311,37.723976,0.014061,0.953650,-0.084009,0.288610,-9.723656,2.750203,-9.908484,0.026964,0.818062,-0.087283,0.567829,14.784162,3.172862,33.876144
159,1.325000,0.044518,0.932442,-0.061956,0.353173,-3.689366,88.399574,13.491914,-0.016703,0.902478,0.134762,0.408772,-2.773838,95.536697,12.884638,-0.026501,0.899009,-0.054423,0.433727,-5.512824,114.335419,17.365902,0.057512,0.950852,-0.099515,0.287522,-5.520774,132.230118,15.187512,0.052729,0.989080,-0.066907,0.120263,-2.303897,145.127701,11.620565,-0.066062,0.926791,0.010143,0.369582,-8.434815,126.595261,13.541792,-0.520116,0.584949,-0.308817,0.540320,-20.429993,124.675034,2.076107,-0.596631,0.532386,-0.304610,0.517503,-17.521229,102.738098,-5.161937,-0.693379,0.435217,-0.301665,0.488683,-11.568400,79.881027,-9.671727,-0.058039,0.914442,-0.104413,0.386686,-4.053555,127.263046,19.011444,0.618064,0.770078,0.147195,0.057535,7.542741,130.385010,30.622330,0.634993,0.745270,0.193990,0.061031,12.883168,107.827614,28.449133,0.534813,0.790442,0.298561,0.006101,17.358400,84.498909,24.712370,0.030333,0.944135,0.103154,0.311526,-10.263935,88.745300,7.643260,0.070572,0.956047,-0.018735,0.283977,-10.021270,54.852318,0.229530,0.014162,0.953650,-0.084210,0.288549,-16.530525,10.616982,0.039082,-0.080889,0.931553,-0.078550,0.345683,2.885202,88.053856,19.340567,0.004522,0.969388,-0.132060,0.206947,6.229744,54.240822,26.358408,0.026893,0.818098,-0.087424,0.567759,3.393816,11.090094,37.722572,0.014162,0.953650,-0.084210,0.288549,-9.724987,2.746769,-9.910817,0.026893,0.818098,-0.087424,0.567759,14.782744,3.168868,33.875153
160,1.333333,0.044723,0.932407,-0.062106,0.353213,-3.706796,88.401772,13.491451,-0.017250,0.902450,0.134266,0.408972,-2.787733,95.538361,12.883270,-0.024723,0.899047,-0.054303,0.433769,-5.539125,114.341568,17.338062,0.056892,0.950978,-0.099435,0.287256,-5.491256,132.240021,15.191269,0.052590,0.989097,-0.066730,0.120285,-2.292164,145.140884,11.620173,-0.066292,0.926861,0.010070,0.369367,-8.422319,126.617119,13.534939,-0.519768,0.584914,-0.309069,0.540549,-20.421801,124.688637,2.075134,-0.596443,0.532269,-0.304667,0.517807,-17.518370,102.752396,-5.167175,-0.693263,0.435131,-0.301680,0.488913,-11.561199,79.897652,-9.682961,-0.058213,0.914257,-0.104367,0.387107,-4.040287,127.261711,19.006760,0.618122,0.770035,0.147212,0.057436,7.544452,130.389526,30.627615,0.634955,0.745318,0.193957,0.060941,12.882024,107.831886,28.449875,0.535798,0.789782,0.298548,0.005816,17.360106,84.503990,24.711399,0.030131,0.944170,0.103003,0.311489,-10.280542,88.749855,7.642008,0.070577,0.956055,-0.018567,0.283959,-10.028241,54.853855,0.242382,0.012701,0.953680,-0.085085,0.288259,-16.533669,10.618016,0.037581,-0.081108,0.931532,-0.078446,0.345709,2.866950,88.053688,19.340895,0.004485,0.969356,-0.132044,0.207108,6.227890,54.241989,26.357321,0.026828,0.818083,-0.087517,0.567769,3.393595,11.090848,37.720318,0.012701,0.953680,-0.085085,0.288259,-9.718913,2.738187,-9.898396,0.026828,0.818083,-0.087517,0.567769,14.782600,3.168757,33.874897
161,1.341667,0.044502,0.932440,-0.061965,0.353179,-3.693487,88.397530,13.493183,-0.016988,0.902482,0.134715,0.408766,-2.778125,95.534653,12.885722,-0.025425,0.899085,-0.054597,0.433611,-5.526360,114.333496,17.360802,0.056942,0.950948,-0.099242,0.287413,-5.497000,132.229523,15.193531,0.052534,0.989072,-0.066726,0.120521,-2.297229,145.131851,11.628358,-0.066127,0.926755,0.010340,0.369655,-8.423127,126.601837,13.544743,-0.519748,0.585291,-0.308638,0.540406,-20.416222,124.682129,2.076788,-0.596659,0.532225,-0.304559,0.517666,-17.520935,102.750206,-5.181824,-0.693651,0.434685,-0.302277,0.488391,-11.558365,79.895912,-9.692824,-0.058384,0.914272,-0.104478,0.387018,-4.039668,127.257011,19.014158,0.618144,0.770007,0.147284,0.057405,7.546708,130.391190,30.631660,0.635109,0.745192,0.193938,0.060944,12.883208,107.833626,28.450541,0.534873,0.790451,0.298432,0.006032,17.351862,84.504105,24.710953,0.030209,0.944259,0.103098,0.311181,-10.267999,88.742928,7.644444,0.070798,0.955747,-0.018705,0.284930,-10.021170,54.848618,0.236915,0.014018,0.953498,-0.084255,0.289043,-16.548651,10.616028,0.031645,-0.080927,0.931588,-0.078538,0.345581,2.881024,88.052124,19.341923,0.004521,0.969423,-0.132067,0.206778,6.229090,54.239388,26.359493,0.026882,0.818146,-0.087510,0.567676,3.395082,11.088821,37.724766,0.014018,0.953498,-0.084255,0.289043,-9.730552,2.745990,-9.909792,0.026882,0.818146,-0.087510,0.567676,14.782524,3.166009,33.876209
162,1.350000,0.044640,0.932339,-0.061500,0.353509,-3.688765,88.405144,13.479279,-0.016725,0.902397,0.134985,0.408876,-2.773688,95.542923,12.879080,-0.026534,0.898998,-0.054178,0.433777,-5.517509,114.339272,17.367344,0.057645,0.950760,-0.099506,0.287802,-5.530237,132.234863,15.196332,0.052526,0.989047,-0.066645,0.120774,-2.308563,145.131943,11.631926,-0.065912,0.926601,0.010402,0.370080,-8.442578,126.599869,13.548043,-0.519787,0.585059,-0.308604,0.540639,-20.426121,124.688065,2.068797,-0.596848,0.531841,-0.303966,0.518191,-17.517220,102.758202,-5.190606,-0.693508,0.435124,-0.302711,0.487934,-11.517619,79.917183,-9.719710,-0.057928,0.914525,-0.104263,0.386545,-4.061964,127.266624,19.018339,0.617981,0.770144,0.147223,0.057471,7.538399,130.382950,30.626678,0.635367,0.744947,0.194047,0.060896,12.883925,107.826973,28.451160,0.531246,0.792732,0.298856,0.006206,17.337090,84.495796,24.703409,0.030287,0.944250,0.102695,0.311333,-10.258952,88.755264,7.625967,0.070454,0.956199,-0.018580,0.283503,-10.024808,54.855526,0.242882,0.014203,0.953757,-0.084332,0.288157,-16.520224,10.618183,0.045483,-0.080990,0.931567,-0.078639,0.345600,2.881423,88.055023,19.332590,0.004466,0.969396,-0.132021,0.206936,6.230929,54.244102,26.358187,0.027116,0.818029,-0.087894,0.567775,3.400704,11.092395,37.720055,0.014203,0.953757,-0.084332,0.288157,-9.724373,2.744747,-9.908485,0.027116,0.818029,-0.087894,0.567775,14.782945,3.158882,33.878170
163,1.358333,0.044555,0.932360,-0.061495,0.353466,-3.690556,88.404716,13.481009,-0.017331,0.902389,0.134482,0.409035,-2.776670,95.542610,12.880394,-0.025789,0.898978,-0.053650,0.433930,-5.534643,114.343437,17.341125,0.057327,0.950770,-0.099552,0.287819,-5.531168,132.242493,15.198779,0.052664,0.989016,-0.066507,0.121044,-2.317169,145.140488,11.630737,-0.066027,0.926572,0.010517,0.370126,-8.447805,126.612679,13.540466,-0.519830,0.584339,-0.309114,0.541086,-20.429691,124.698830,2.059829,-0.596351,0.532063,-0.303991,0.518521,-17.496227,102.765976,-5.180626,-0.693437,0.435098,-0.302447,0.488221,-11.508724,79.925880,-9.730263,-0.057812,0.914527,-0.104645,0.386456,-4.068503,127.266869,19.013327,0.617927,0.770242,0.146951,0.057431,7.534619,130.384262,30.618620,0.635220,0.745148,0.193828,0.060670,12.883471,107.828400,28.450129,0.534476,0.790865,0.298041,0.006245,17.346922,84.499107,24.702902,0.030303,0.944187,0.102713,0.311516,-10.261422,88.753532,7.628380,0.070460,0.956164,-0.018596,0.283621,-10.026528,54.854130,0.243821,0.014347,0.953723,-0.084176,0.288308,-16.522764,10.616911,0.046820,-0.080963,0.931578,-0.078639,0.345577,2.880311,88.055893,19.333639,0.004421,0.969404,-0.132032,0.206888,6.228233,54.244675,26.358536,0.027083,0.818064,-0.087903,0.567725,3.402262,11.093217,37.722389,0.014347,0.953723,-0.084176,0.288308,-9.724822,2.746075,-9.907779,0.027083,0.818064,-0.087903,0.567725,14.784310,3.159969,33.879391
164,1.366667,0.044786,0.932334,-0.061664,0.353477,-3.708781,88.408356,13.479879,-0.016377,0.902411,0.134939,0.408874,-2.790942,95.545654,12.878206,-0.026628,0.899012,-0.054039,0.433760,-5.521770,114.342941,17.370466,0.057672,0.950723,-0.099639,0.287876,-5.539761,132.238892,15.202494,0.052571,0.989037,-0.066319,0.121014,-2.316019,145.134689,11.635295,-0.065876,0.926505,0.010453,0.370324,-8.450585,126.603355,13.553423,-0.519676,0.584844,-0.308541,0.541014,-20.428249,124.693611,2.067687,-0.596621,0.531887,-0.303828,0.518487,-17.505836,102.768158,-5.199633,-0.693398,0.435091,-0.302308,0.488370,-11.504574,79.930763,-9.744759,-0.057860,0.914652,-0.104619,0.386159,-4.069832,127.270439,19.023571,0.618041,0.770168,0.146897,0.057332,7.540786,130.388184,30.621281,0.635239,0.745159,0.193738,0.060622,12.883579,107.831154,28.449827,0.534636,0.790740,0.298090,0.005999,17.346197,84.501564,24.703489,0.030123,0.944140,0.102689,0.311684,-10.279147,88.759880,7.626847,0.070380,0.956239,-0.018501,0.283393,-10.031657,54.859371,0.247765,0.014393,0.953732,-0.084346,0.288226,-16.518763,10.620830,0.046220,-0.081165,0.931548,-0.078556,0.345630,2.861585,88.056831,19.332912,0.004406,0.969397,-0.132045,0.206915,6.224060,54.246964,26.357403,0.026884,0.818108,-0.087674,0.567706,3.398853,11.095798,37.722576,0.014393,0.953732,-0.084346,0.288226,-9.723961,2.745713,-9.907141,0.026884,0.818108,-0.087674,0.567706,14.785145,3.169819,33.877136
165,1.375000,0.044779,0.932330,-0.061727,0.353477,-3.712057,88.406822,13.480793,-0.016751,0.902431,0.134961,0.408807,-2.793983,95.544014,12.878230,-0.025655,0.899112,-0.054268,0.433584,-5.537973,114.340576,17.365469,0.056035,0.950902,-0.099354,0.287706,-5.521271,132.237473,15.205251,0.053223,0.988930,-0.066156,0.121688,-2.342198,145.142487,11.631297,-0.066426,0.926554,0.010682,0.370095,-8.443684,126.608406,13.554579,-0.519489,0.585004,-0.308294,0.541162,-20.424580,124.684288,2.074621,-0.596577,0.531831,-0.303784,0.518621,-17.503790,102.764175,-5.209421,-0.693385,0.434885,-0.302321,0.488563,-11.498351,79.928658,-9.758459,-0.058003,0.914460,-0.104015,0.386756,-4.060054,127.264465,19.023752,0.617945,0.770180,0.147301,0.057182,7.534586,130.380493,30.637896,0.635215,0.745177,0.193740,0.060648,12.883738,107.826553,28.450113,0.534979,0.790512,0.298088,0.005681,17.347668,84.497025,24.704926,0.030146,0.944026,0.102855,0.311973,-10.282434,88.757835,7.627744,0.070329,0.956030,-0.018663,0.284099,-10.030592,54.859795,0.237468,0.014519,0.953732,-0.084395,0.288205,-16.517281,10.621140,0.046265,-0.081155,0.931634,-0.078513,0.345410,2.858319,88.055801,19.333843,0.004554,0.969124,-0.131855,0.208306,6.222903,54.245365,26.354588,0.026576,0.817621,-0.087694,0.568418,3.372120,11.089823,37.696724,0.014519,0.953732,-0.084395,0.288205,-9.724848,2.743961,-9.907081,0.026576,0.817621,-0.087694,0.568418,14.769372,3.168490,33.874249
166,1.383333,0.044726,0.932411,-0.062315,0.353166,-3.723940,88.397858,13.496172,-0.017726,0.902501,0.133589,0.409061,-2.803808,95.534065,12.885160,-0.024466,0.899093,-0.052872,0.433864,-5.561638,114.343704,17.308695,0.055906,0.950848,-0.100042,0.287671,-5.527670,132.248138,15.212133,0.053308,0.988908,-0.065846,0.121998,-2.347002,145.147675,11.619824,-0.066486,0.926550,0.010594,0.370098,-8.454158,126.627602,13.539770,-0.519762,0.584720,-0.308267,0.541222,-20.434719,124.700531,2.059966,-0.596530,0.531883,-0.303699,0.518672,-17.497696,102.779678,-5.215285,-0.693353,0.434880,-0.302189,0.488695,-11.492427,79.945251,-9.770053,-0.057770,0.914467,-0.103872,0.386812,-4.073120,127.260277,19.013771,0.617691,0.770456,0.146977,0.057041,7.520956,130.367523,30.630821,0.635232,0.745230,0.193526,0.060505,12.885451,107.816589,28.449762,0.535163,0.790360,0.298166,0.005316,17.349161,84.486794,24.705952,0.030033,0.944158,0.103050,0.311518,-10.298273,88.744759,7.647324,0.070162,0.956181,-0.018494,0.283643,-10.038370,54.849030,0.246751,0.014415,0.953814,-0.084138,0.288012,-16.506681,10.607719,0.048480,-0.081173,0.931610,-0.078275,0.345524,2.850393,88.050964,19.345020,0.004605,0.969145,-0.131824,0.208230,6.221081,54.238136,26.351299,0.024043,0.817551,-0.090498,0.568192,3.367329,11.081916,37.690086,0.014415,0.953814,-0.084138,0.288012,-9.715977,2.737187,-9.911296,0.024043,0.817551,-0.090498,0.568192,14.768455,3.142621,33.916752
167,1.391667,0.044595,0.932435,-0.062347,0.353113,-3.715220,88.392723,13.501465,-0.016651,0.902516,0.134633,0.408731,-2.796721,95.529045,12.889295,-0.026684,0.899055,-0.053794,0.433698,-5.531615,114.329193,17.367058,0.056315,0.950729,-0.099693,0.288103,-5.555419,132.225983,15.206135,0.053424,0.988869,-0.065845,0.122266,-2.364612,145.126862,11.627703,-0.065854,0.926423,0.010840,0.370522,-8.464808,126.590225,13.555338,-0.519620,0.584922,-0.307885,0.541358,-20.437679,124.686195,2.063661,-0.596588,0.531684,-0.303720,0.518796,-17.500677,102.772011,-5.231677,-0.693357,0.434488,-0.302317,0.488959,-11.485860,79.939453,-9.783188,-0.057762,0.914576,-0.104079,0.386500,-4.083333,127.256477,19.025007,0.617655,0.770497,0.146952,0.056933,7.518853,130.365280,30.633551,0.635049,0.745360,0.193602,0.060577,12.885979,107.815231,28.449711,0.536227,0.789416,0.298765,0.004818,17.360474,84.487122,24.708248,0.030156,0.944237,0.103122,0.311245,-10.290410,88.737343,7.653442,0.070150,0.956192,-0.018490,0.283607,-10.039065,54.843151,0.245496,0.014437,0.953807,-0.084045,0.288062,-16.506268,10.601675,0.047437,-0.081019,0.931647,-0.078273,0.345460,2.859969,88.048103,19.349489,0.004598,0.969143,-0.131841,0.208228,6.221295,54.233517,26.351789,0.023832,0.817617,-0.090506,0.568105,3.367854,11.077687,37.692177,0.014437,0.953807,-0.084045,0.288062,-9.714365,2.733135,-9.913100,0.023832,0.817617,-0.090506,0.568105,14.770582,3.141186,33.917801
168,1.400000,0.044744,0.932388,-0.062361,0.353216,-3.728909,88.398270,13.497334,-0.016376,0.902501,0.134678,0.408761,-2.808267,95.534363,12.885841,-0.026733,0.899063,-0.053738,0.433686,-5.534336,114.334396,17.369478,0.056375,0.950691,-0.099779,0.288187,-5.560617,132.231308,15.209605,0.053402,0.988855,-0.065702,0.122465,-2.367220,145.131180,11.629870,-0.066014,0.926382,0.010716,0.370599,-8.469309,126.595245,13.558583,-0.519544,0.584946,-0.307723,0.541497,-20.439560,124.684845,2.065238,-0.596574,0.531584,-0.303670,0.518943,-17.499203,102.774239,-5.239496,-0.693407,0.434191,-0.302285,0.489172,-11.477859,79.943993,-9.793936,-0.057695,0.914644,-0.104011,0.386367,-4.087727,127.261772,19.028131,0.617643,0.770523,0.146889,0.056876,7.518134,130.367340,30.633862,0.635052,0.745362,0.193609,0.060498,12.886274,107.817551,28.449907,0.536049,0.789575,0.298661,0.004981,17.361040,84.489998,24.705395,0.029998,0.944162,0.103034,0.311515,-10.302580,88.745094,7.647737,0.070114,0.956172,-0.018455,0.283686,-10.040726,54.848991,0.248908,0.014497,0.953817,-0.084155,0.287993,-16.503984,10.606959,0.048211,-0.081237,0.931668,-0.078278,0.345353,2.844761,88.051437,19.346933,0.004578,0.969155,-0.131798,0.208201,6.220774,54.239368,26.354313,0.023790,0.817609,-0.090675,0.568091,3.370203,11.082500,37.691475,0.014497,0.953817,-0.084155,0.287993,-9.714874,2.735420,-9.911855,0.023790,0.817609,-0.090675,0.568091,14.771816,3.143331,33.919350
169,1.408333,0.044586,0.932415,-0.062230,0.353187,-3.717501,88.394150,13.499969,-0.016728,0.902519,0.134658,0.408715,-2.799664,95.530693,12.889390,-0.026682,0.899082,-0.053623,0.433663,-5.537586,114.330482,17.366833,0.056508,0.950678,-0.099518,0.288297,-5.564096,132.227951,15.211471,0.053290,0.988839,-0.065727,0.122630,-2.368667,145.129562,11.639814,-0.065910,0.926338,0.010834,0.370723,-8.472855,126.592278,13.559200,-0.519373,0.584766,-0.307877,0.541768,-20.440487,124.686684,2.062324,-0.596407,0.531484,-0.303695,0.519223,-17.494749,102.777313,-5.243969,-0.693290,0.434123,-0.302257,0.489415,-11.468969,79.949509,-9.804803,-0.057755,0.914639,-0.104040,0.386362,-4.090952,127.257454,19.028660,0.617580,0.770573,0.146886,0.056884,7.514821,130.365204,30.633896,0.635162,0.745278,0.193583,0.060455,12.886517,107.816170,28.450893,0.535001,0.790359,0.298461,0.005258,17.354788,84.487686,24.704367,0.030139,0.944217,0.103081,0.311321,-10.291787,88.739258,7.650956,0.070134,0.956318,-0.018472,0.283191,-10.039650,54.844402,0.246073,0.013491,0.953858,-0.084500,0.287806,-16.505163,10.602674,0.049705,-0.081129,0.931653,-0.078316,0.345408,2.856784,88.049049,19.348982,0.004597,0.969152,-0.131838,0.208189,6.224494,54.236168,26.356447,0.023897,0.817639,-0.090465,0.568077,3.371650,11.080250,37.696644,0.013491,0.953858,-0.084500,0.287806,-9.708307,2.730410,-9.904514,0.023897,0.817639,-0.090465,0.568077,14.773657,3.143579,33.920444
170,1.416667,0.044726,0.932409,-0.062374,0.353162,-3.734326,88.397751,13.500855,-0.016405,0.902532,0.134593,0.408719,-2.813906,95.533852,12.889040,-0.026763,0.899090,-0.053567,0.433650,-5.539445,114.334740,17.369410,0.056539,0.950637,-0.099616,0.288392,-5.569470,132.232254,15.214591,0.053315,0.988817,-0.065587,0.122867,-2.372021,145.132874,11.641158,-0.065901,0.926257,0.010899,0.370926,-8.477220,126.596092,13.562271,-0.519076,0.584656,-0.308032,0.542083,-20.439871,124.691841,2.059992,-0.596310,0.531293,-0.303792,0.519474,-17.492579,102.784798,-5.252615,-0.693318,0.433889,-0.302287,0.489564,-11.459867,79.958878,-9.813692,-0.057675,0.914705,-0.103956,0.386241,-4.095215,127.261940,19.031567,0.617465,0.770696,0.146775,0.056767,7.513988,130.365829,30.634403,0.635316,0.745213,0.193381,0.060291,12.892935,107.818520,28.451500,0.535011,0.790422,0.298281,0.005001,17.352753,84.488632,24.703661,0.029929,0.944143,0.103092,0.311561,-10.308705,88.744270,7.652035,0.070066,0.956329,-0.018397,0.283174,-10.040708,54.848705,0.250970,0.014539,0.953839,-0.084144,0.287923,-16.498568,10.605884,0.050007,-0.081310,0.931705,-0.078255,0.345241,2.840053,88.051239,19.349676,0.004529,0.969096,-0.131786,0.208484,6.222147,54.239738,26.356876,0.023616,0.817614,-0.090694,0.568088,3.372701,11.082557,37.693111,0.014539,0.953839,-0.084144,0.287923,-9.711499,2.734287,-9.911408,0.023616,0.817614,-0.090694,0.568088,14.776248,3.145547,33.922291
171,1.425000,0.044644,0.932405,-0.062323,0.353192,-3.724869,88.393936,13.501772,-0.016891,0.902543,0.134714,0.408637,-2.805780,95.530228,12.890248,-0.025784,0.899187,-0.053899,0.433466,-5.549935,114.329216,17.367239,0.055817,0.950759,-0.099350,0.288220,-5.543495,132.227310,15.216931,0.053228,0.988805,-0.065420,0.123094,-2.367292,145.133194,11.643571,-0.066178,0.926356,0.010912,0.370629,-8.463399,126.597595,13.564043,-0.518747,0.584789,-0.307917,0.542320,-20.432175,124.684608,2.069592,-0.596200,0.531279,-0.303821,0.519597,-17.488834,102.782822,-5.260328,-0.693381,0.433636,-0.302072,0.489833,-11.456293,79.957565,-9.824978,-0.058146,0.914498,-0.104078,0.386626,-4.078432,127.252975,19.032225,0.617509,0.770635,0.146944,0.056674,7.519009,130.373795,30.642277,0.635292,0.745239,0.193338,0.060355,12.895926,107.826828,28.450748,0.535336,0.790181,0.298339,0.004766,17.356815,84.496521,24.706783,0.030041,0.944205,0.103102,0.311360,-10.299006,88.739395,7.652618,0.070044,0.956310,-0.018415,0.283242,-10.039706,54.844444,0.248439,0.014441,0.953851,-0.084131,0.287891,-16.496124,10.601401,0.049067,-0.081135,0.931747,-0.078241,0.345171,2.849268,88.048470,19.350927,0.004508,0.969081,-0.131784,0.208552,6.220983,54.234840,26.352861,0.023861,0.817538,-0.090591,0.568204,3.372604,11.077589,37.689117,0.014441,0.953851,-0.084131,0.287891,-9.708405,2.730809,-9.912697,0.023861,0.817538,-0.090591,0.568204,14.775254,3.139138,33.918617
172,1.433333,0.044680,0.932396,-0.062444,0.353189,-3.728478,88.392616,13.503551,-0.016634,0.902538,0.134654,0.408676,-2.808305,95.528648,12.890588,-0.026807,0.899109,-0.053493,0.433615,-5.542695,114.328598,17.369526,0.056460,0.950586,-0.099463,0.288628,-5.575402,132.226318,15.216393,0.053289,0.988765,-0.065347,0.123426,-2.379839,145.128571,11.647166,-0.065861,0.926230,0.011048,0.370995,-8.482510,126.589905,13.563797,-0.518902,0.584555,-0.307891,0.542439,-20.443613,124.688843,2.059387,-0.595892,0.531304,-0.304170,0.519721,-17.486774,102.787437,-5.266246,-0.693231,0.432960,-0.302067,0.490644,-11.465721,79.958809,-9.829209,-0.057751,0.914706,-0.104064,0.386198,-4.100121,127.255836,19.032772,0.617364,0.770848,0.146515,0.056465,7.509887,130.363297,30.633846,0.635348,0.745292,0.192986,0.060235,12.896215,107.817970,28.448650,0.534912,0.790382,0.298578,0.004135,17.354372,84.486176,24.710758,0.029996,0.944209,0.103132,0.311341,-10.302598,88.737907,7.654366,0.070037,0.956218,-0.018422,0.283555,-10.039807,54.843185,0.249240,0.014408,0.953844,-0.084202,0.287896,-16.495695,10.600069,0.048608,-0.081164,0.931744,-0.078175,0.345187,2.845641,88.047325,19.352737,0.004512,0.969066,-0.131738,0.208651,6.220754,54.233315,26.351175,0.023959,0.817470,-0.090622,0.568292,3.371739,11.074984,37.683147,0.014408,0.953844,-0.084202,0.287896,-9.707732,2.728064,-9.911875,0.023959,0.817470,-0.090622,0.568292,14.773835,3.134623,33.914993
173,1.441667,0.044764,0.932375,-0.062516,0.353221,-3.743608,88.392952,13.501920,-0.016439,0.902555,0.134606,0.408663,-2.821909,95.528755,12.888451,-0.026781,0.899137,-0.053470,0.433563,-5.548604,114.329460,17.368912,0.056569,0.950549,-0.099329,0.288773,-5.580971,132.227325,15.216949,0.053292,0.988729,-0.065284,0.123749,-2.382868,145.130295,11.652576,-0.065899,0.926200,0.010927,0.371069,-8.488461,126.591110,13.564327,-0.518926,0.584497,-0.307706,0.542583,-20.447578,124.687454,2.058273,-0.595856,0.531284,-0.304165,0.519785,-17.482290,102.789391,-5.273939,-0.693129,0.432965,-0.302035,0.490804,-11.460077,79.961433,-9.838700,-0.057657,0.914763,-0.104016,0.386089,-4.105405,127.256538,19.032831,0.617329,0.770921,0.146325,0.056344,7.507788,130.360275,30.631721,0.635463,0.745196,0.192995,0.060193,12.896803,107.815430,28.448074,0.534437,0.790626,0.298778,0.004288,17.348198,84.482834,24.707090,0.029835,0.944149,0.103134,0.311539,-10.317190,88.739128,7.652179,0.070030,0.956233,-0.018383,0.283507,-10.042273,54.843773,0.250403,0.013632,0.953849,-0.084675,0.287780,-16.496605,10.600442,0.046906,-0.081356,0.931695,-0.078071,0.345297,2.829973,88.046783,19.351662,0.004654,0.968875,-0.131536,0.209659,6.219056,54.233807,26.348335,0.023512,0.817044,-0.090761,0.568902,3.349662,11.070853,37.657501,0.013632,0.953849,-0.084675,0.287780,-9.702950,2.723125,-9.905498,0.023512,0.817044,-0.090761,0.568902,14.762256,3.134878,33.911938
174,1.450000,0.044871,0.932343,-0.062624,0.353273,-3.737654,88.394562,13.503625,-0.017335,0.902520,0.134202,0.408837,-2.813946,95.530022,12.889308,-0.025948,0.899118,-0.052944,0.433716,-5.566622,114.333786,17.340929,0.056481,0.950542,-0.099363,0.288802,-5.579889,132.235260,15.218912,0.053247,0.988717,-0.065092,0.123960,-2.383611,145.138290,11.653142,-0.065971,0.926223,0.011091,0.370994,-8.492564,126.604797,13.555835,-0.519164,0.584444,-0.307565,0.542491,-20.453211,124.700882,2.051421,-0.595856,0.531314,-0.304030,0.519833,-17.481022,102.802467,-5.276978,-0.693030,0.432938,-0.301929,0.491034,-11.456382,79.976311,-9.847578,-0.057570,0.914758,-0.103934,0.386135,-4.110770,127.256584,19.026991,0.617189,0.771080,0.146117,0.056242,7.501560,130.356735,30.627697,0.635328,0.745390,0.192754,0.059983,12.899137,107.813576,28.447767,0.534982,0.790388,0.298439,0.003956,17.360023,84.482529,24.708406,0.029904,0.944192,0.103074,0.311421,-10.310423,88.741722,7.653032,0.070007,0.956378,-0.018287,0.283030,-10.042292,54.845798,0.253624,0.014550,0.953816,-0.084260,0.287964,-16.492338,10.601863,0.045733,-0.081244,0.931755,-0.078119,0.345153,2.835115,88.047394,19.354218,0.004497,0.969134,-0.131762,0.208323,6.216982,54.233669,26.350800,0.023830,0.817576,-0.090933,0.568096,3.372610,11.075908,37.686081,0.014550,0.953816,-0.084260,0.287964,-9.705010,2.727523,-9.913338,0.023830,0.817576,-0.090933,0.568096,14.771517,3.131204,33.917435
175,1.458333,0.044758,0.932370,-0.062451,0.353245,-3.746865,88.394997,13.504988,-0.017755,0.902568,0.133390,0.408977,-2.825558,95.530914,12.892387,-0.024664,0.899182,-0.052280,0.433740,-5.580850,114.342583,17.308863,0.056133,0.950585,-0.099460,0.288695,-5.562863,132.248917,15.228317,0.053110,0.988701,-0.064935,0.124228,-2.375304,145.152527,11.656841,-0.066416,0.926245,0.011121,0.370859,-8.485153,126.627373,13.551949,-0.518913,0.584374,-0.307755,0.542700,-20.447193,124.709961,2.051222,-0.595754,0.531254,-0.304022,0.520017,-17.476625,102.812317,-5.280086,-0.693037,0.432896,-0.301654,0.491229,-11.448688,79.988022,-9.855628,-0.057743,0.914693,-0.103845,0.386288,-4.102731,127.258896,19.024981,0.617213,0.771060,0.146124,0.056232,7.504986,130.363586,30.629093,0.635355,0.745390,0.192728,0.059781,12.901254,107.820190,28.448385,0.534946,0.790607,0.297920,0.004199,17.361631,84.490112,24.702358,0.029800,0.944152,0.103117,0.311539,-10.320161,88.741455,7.654945,0.069986,0.956262,-0.018336,0.283424,-10.043381,54.845715,0.255017,0.014523,0.953833,-0.084193,0.287928,-16.492832,10.601685,0.049203,-0.081371,0.931723,-0.078074,0.345218,2.826432,88.048538,19.355030,0.004447,0.969081,-0.131755,0.208576,6.217017,54.235752,26.351912,0.024191,0.817497,-0.090593,0.568249,3.374196,11.077756,37.686714,0.014523,0.953833,-0.084193,0.287928,-9.705656,2.729064,-9.911332,0.024191,0.817497,-0.090593,0.568249,14.773279,3.134573,33.915382
176,1.466667,0.044752,0.932370,-0.062453,0.353247,-3.750961,88.396332,13.506645,-0.016423,0.902593,0.134464,0.408628,-2.829732,95.532249,12.893981,-0.026903,0.899171,-0.053260,0.433510,-5.553408,114.334473,17.369879,0.056772,0.950443,-0.099183,0.289133,-5.593113,132.232910,15.222780,0.053130,0.988667,-0.064943,0.124487,-2.389024,145.136292,11.665299,-0.065836,0.926104,0.011288,0.371309,-8.498636,126.596001,13.569060,-0.519007,0.584568,-0.307260,0.542682,-20.452080,124.699059,2.056009,-0.595923,0.531159,-0.303886,0.519999,-17.477871,102.806938,-5.290336,-0.693065,0.432721,-0.301621,0.491364,-11.441121,79.984695,-9.864475,-0.057657,0.914886,-0.103944,0.385817,-4.115032,127.261673,19.037094,0.617159,0.771117,0.146075,0.056177,7.505177,130.363754,30.629391,0.635273,0.745488,0.192661,0.059647,12.904808,107.821182,28.448620,0.535828,0.790049,0.297819,0.003898,17.370966,84.492500,24.700848,0.029781,0.944133,0.103130,0.311592,-10.324245,88.742653,7.656582,0.069940,0.956270,-0.018320,0.283408,-10.045479,54.847015,0.256262,0.014586,0.953858,-0.084178,0.287849,-16.490616,10.602355,0.050342,-0.081417,0.931721,-0.078042,0.345221,2.822324,88.050003,19.356707,0.004427,0.969057,-0.131739,0.208698,6.216609,54.237396,26.352650,0.024004,0.817503,-0.090733,0.568225,3.374398,11.079010,37.686123,0.014586,0.953858,-0.084178,0.287849,-9.705935,2.729605,-9.911790,0.024004,0.817503,-0.090733,0.568225,14.774282,3.135789,33.917301
177,1.475000,0.044706,0.932348,-0.062487,0.353305,-3.753429,88.397652,13.509510,-0.016740,0.902624,0.134416,0.408561,-2.832612,95.533577,12.896217,-0.025868,0.899294,-0.053371,0.433305,-5.566326,114.335892,17.365593,0.056211,0.950552,-0.099069,0.288924,-5.571278,132.235870,15.231050,0.053059,0.988654,-0.064843,0.124673,-2.383425,145.142548,11.670970,-0.066108,0.926121,0.011176,0.371222,-8.488579,126.605904,13.574429,-0.518686,0.584603,-0.307310,0.542922,-20.442986,124.699089,2.064004,-0.595772,0.531169,-0.303893,0.520157,-17.472126,102.810143,-5.293127,-0.693015,0.432743,-0.301467,0.491509,-11.436076,79.988976,-9.873544,-0.058040,0.914775,-0.104083,0.385986,-4.101696,127.259041,19.041348,0.617243,0.770974,0.146430,0.056291,7.512666,130.375000,30.635790,0.635354,0.745370,0.192790,0.059844,12.906898,107.831810,28.447998,0.534994,0.790638,0.297750,0.004256,17.366978,84.501633,24.702267,0.029762,0.944158,0.103140,0.311515,-10.326063,88.742935,7.658651,0.069944,0.956379,-0.018258,0.283044,-10.046471,54.847366,0.258020,0.014596,0.953841,-0.084199,0.287896,-16.490427,10.602546,0.049174,-0.081427,0.931696,-0.077963,0.345303,2.819205,88.052368,19.360369,0.004410,0.969043,-0.131726,0.208769,6.215485,54.239021,26.351791,0.024078,0.817468,-0.090707,0.568277,3.374154,11.080331,37.684330,0.014596,0.953841,-0.084199,0.287896,-9.704946,2.729253,-9.911987,0.024078,0.817468,-0.090707,0.568277,14.773905,3.136607,33.916153
178,1.483333,0.044754,0.932325,-0.062578,0.353344,-3.756534,88.395866,13.511196,-0.016883,0.902613,0.134608,0.408516,-2.834579,95.531555,12.896976,-0.025750,0.899305,-0.053759,0.433241,-5.576154,114.331673,17.370806,0.056195,0.950549,-0.098879,0.289001,-5.571349,132.230362,15.225543,0.053057,0.988640,-0.064655,0.124881,-2.384902,145.138763,11.670420,-0.066050,0.926080,0.011328,0.371329,-8.491929,126.601028,13.572557,-0.518583,0.584457,-0.307391,0.543132,-20.443926,124.698029,2.059006,-0.595626,0.531126,-0.303935,0.520344,-17.467455,102.810371,-5.299682,-0.692908,0.432704,-0.301487,0.491683,-11.430455,79.990387,-9.884734,-0.058117,0.914760,-0.104099,0.386004,-4.104189,127.254997,19.038685,0.617184,0.771056,0.146272,0.056228,7.509412,130.373566,30.633181,0.635383,0.745411,0.192512,0.059917,12.907370,107.830986,28.448278,0.535155,0.790406,0.298087,0.003486,17.365234,84.498634,24.713533,0.029730,0.944157,0.103182,0.311509,-10.328605,88.741318,7.659717,0.069936,0.956259,-0.018299,0.283447,-10.045992,54.846222,0.257061,0.014500,0.953839,-0.084234,0.287898,-16.490259,10.601443,0.049228,-0.081434,0.931724,-0.077923,0.345234,2.815537,88.050407,19.362675,0.004413,0.969070,-0.131705,0.208656,6.213728,54.236710,26.351437,0.024123,0.817458,-0.090774,0.568278,3.373822,11.077515,37.682388,0.014500,0.953839,-0.084234,0.287898,-9.703610,2.728043,-9.911049,0.024123,0.817458,-0.090774,0.568278,14.772448,3.131850,33.914913
179,1.491667,0.044796,0.932307,-0.062684,0.353367,-3.761240,88.397530,13.514425,-0.016942,0.902624,0.134500,0.408524,-2.838169,95.532974,12.899017,-0.025685,0.899317,-0.053665,0.433231,-5.580185,114.334145,17.368168,0.056237,0.950518,-0.098853,0.289104,-5.574745,132.233322,15.226971,0.053051,0.988617,-0.064535,0.125133,-2.386858,145.141754,11.673280,-0.066035,0.926057,0.011301,0.371391,-8.495585,126.604477,13.572783,-0.518566,0.584405,-0.307316,0.543247,-20.446115,124.701691,2.057673,-0.595537,0.531049,-0.303768,0.520623,-17.464661,102.815994,-5.304869,-0.692337,0.433170,-0.300639,0.492595,-11.418821,80.000618,-9.901208,-0.058017,0.914790,-0.104104,0.385947,-4.107677,127.257034,19.038944,0.617179,0.771106,0.146091,0.056069,7.507776,130.372452,30.632433,0.635557,0.745245,0.192590,0.059889,12.906859,107.830177,28.447174,0.533893,0.791155,0.298356,0.003891,17.354259,84.496704,24.706936,0.029675,0.944183,0.103219,0.311421,-10.332958,88.742966,7.662550,0.069920,0.956269,-0.018256,0.283423,-10.046682,54.848164,0.258686,0.014610,0.953849,-0.084262,0.287851,-16.488453,10.603044,0.047758,-0.081460,0.931706,-0.077812,0.345303,2.810478,88.052086,19.366301,0.004452,0.968919,-0.131599,0.209425,6.212557,54.237492,26.348829,0.024188,0.817364,-0.090529,0.568451,3.362319,11.075836,37.667824,0.014610,0.953849,-0.084262,0.287851,-9.704417,2.728187,-9.913143,0.024188,0.817364,-0.090529,0.568451,14.764072,3.134125,33.901478
180,1.500000,0.044846,0.932320,-0.062643,0.353333,-3.761886,88.399757,13.516237,-0.018304,0.902632,0.133356,0.408823,-2.838378,95.535217,12.901608,-0.023519,0.899352,-0.052633,0.433408,-5.611706,114.346466,17.308544,0.055784,0.950601,-0.099099,0.288834,-5.551873,132.253448,15.234420,0.052956,0.988627,-0.064273,0.125228,-2.375135,145.161621,11.669770,-0.066678,0.926137,0.011151,0.371080,-8.488706,126.639580,13.557810,-0.518428,0.584312,-0.307525,0.543360,-20.444084,124.714729,2.051397,-0.595439,0.530970,-0.303846,0.520769,-17.463558,102.828133,-5.308811,-0.692231,0.433206,-0.300719,0.492663,-11.415950,80.013412,-9.906086,-0.058102,0.914725,-0.103842,0.386159,-4.101454,127.258560,19.028400,0.617149,0.771164,0.145938,0.055995,7.508221,130.373810,30.627722,0.635565,0.745275,0.192470,0.059819,12.909424,107.831833,28.444555,0.533821,0.791257,0.298216,0.003904,17.356754,84.498154,24.705477,0.029699,0.944164,0.103242,0.311471,-10.333948,88.746323,7.664814,0.069915,0.956385,-0.018209,0.283034,-10.048328,54.851948,0.258937,0.014670,0.953816,-0.084354,0.287931,-16.488605,10.606611,0.046695,-0.081443,0.931754,-0.077845,0.345169,2.810176,88.053192,19.367659,0.004533,0.968860,-0.131451,0.209787,6.211363,54.238754,26.351393,0.024127,0.817118,-0.090474,0.568815,3.352592,11.073685,37.655193,0.014670,0.953816,-0.084354,0.287931,-9.704003,2.729207,-9.911812,0.024127,0.817118,-0.090474,0.568815,14.759339,3.134299,33.899071
181,1.508333,0.044791,0.932310,-0.062553,0.353384,-3.762852,88.402107,13.517019,-0.017117,0.902649,0.134362,0.408508,-2.840503,95.537796,12.903362,-0.025663,0.899339,-0.053527,0.433204,-5.586422,114.340172,17.365002,0.056348,0.950467,-0.098860,0.289248,-5.582506,132.239944,15.228597,0.053104,0.988587,-0.064209,0.125510,-2.391012,145.147858,11.676269,-0.066097,0.925959,0.011362,0.371621,-8.503036,126.611305,13.573114,-0.518313,0.584306,-0.307378,0.543561,-20.447588,124.707642,2.051944,-0.595416,0.530832,-0.303871,0.520922,-17.462481,102.825188,-5.318750,-0.692189,0.433035,-0.300820,0.492811,-11.408580,80.012154,-9.916086,-0.058072,0.914925,-0.103902,0.385673,-4.114780,127.262733,19.039131,0.617107,0.771215,0.145864,0.055950,7.507545,130.376541,30.626171,0.635395,0.745480,0.192266,0.059730,12.911376,107.835114,28.443926,0.534490,0.790923,0.297907,0.003586,17.369619,84.502686,24.710060,0.029747,0.944155,0.103210,0.311503,-10.334370,88.748260,7.664958,0.069871,0.956378,-0.018197,0.283068,-10.052338,54.853638,0.260135,0.014652,0.953840,-0.084314,0.287865,-16.488554,10.607714,0.047748,-0.081472,0.931729,-0.077816,0.345235,2.808665,88.055946,19.369081,0.004449,0.968938,-0.131593,0.209339,6.211915,54.241516,26.351839,0.024289,0.817363,-0.090447,0.568460,3.363003,11.079714,37.670620,0.014652,0.953840,-0.084314,0.287865,-9.704997,2.731365,-9.912305,0.024289,0.817363,-0.090447,0.568460,14.764357,3.138151,33.902737
182,1.516667,0.044804,0.932316,-0.062511,0.353372,-3.767618,88.406593,13.518999,-0.018250,0.902638,0.133160,0.408877,-2.845308,95.542351,12.905964,-0.023574,0.899338,-0.052447,0.433457,-5.613902,114.355705,17.306856,0.055808,0.950533,-0.098997,0.289088,-5.558648,132.263306,15.237901,0.053052,0.988571,-0.064043,0.125741,-2.380715,145.172241,11.677100,-0.066765,0.926037,0.011377,0.371307,-8.493846,126.649132,13.559422,-0.518093,0.584200,-0.307685,0.543709,-20.443222,124.724724,2.046707,-0.595254,0.530738,-0.304014,0.521120,-17.461166,102.840874,-5.321078,-0.692095,0.433000,-0.301156,0.492768,-11.406628,80.028214,-9.919388,-0.058116,0.914837,-0.103683,0.385935,-4.107226,127.267708,19.030565,0.617116,0.771202,0.145862,0.056033,7.508163,130.380768,30.624754,0.635390,0.745494,0.192270,0.059587,12.911036,107.838821,28.445467,0.534764,0.790955,0.297325,0.003974,17.370384,84.507431,24.706442,0.029685,0.944140,0.103206,0.311557,-10.339262,88.753250,7.667112,0.069878,0.956272,-0.018201,0.283424,-10.052836,54.858315,0.263875,0.014776,0.953833,-0.084311,0.287883,-16.489670,10.612494,0.049261,-0.081542,0.931755,-0.077828,0.345147,2.804025,88.059929,19.370886,0.004325,0.969024,-0.131670,0.208895,6.212159,54.246437,26.355785,0.024620,0.817587,-0.090323,0.568143,3.377777,11.086369,37.684776,0.014776,0.953833,-0.084311,0.287883,-9.707348,2.735321,-9.910977,0.024620,0.817587,-0.090323,0.568143,14.772905,3.142101,33.903797
183,1.525000,0.044733,0.932329,-0.062379,0.353369,-3.767640,88.409744,13.519060,-0.018259,0.902652,0.133109,0.408862,-2.846952,95.545830,12.907414,-0.023602,0.899350,-0.052371,0.433441,-5.614956,114.359726,17.306438,0.055932,0.950495,-0.099049,0.289173,-5.561826,132.267563,15.239496,0.053032,0.988558,-0.063905,0.125928,-2.379899,145.175522,11.678749,-0.066823,0.925981,0.011463,0.371434,-8.496464,126.653244,13.560518,-0.518032,0.584283,-0.307618,0.543715,-20.442427,124.728271,2.044357,-0.595263,0.530633,-0.304003,0.521222,-17.463005,102.845680,-5.328190,-0.692070,0.432844,-0.301323,0.492839,-11.402822,80.034546,-9.926658,-0.058130,0.914865,-0.103638,0.385880,-4.109665,127.271698,19.031532,0.617052,0.771253,0.145872,0.056015,7.507098,130.384476,30.624416,0.635379,0.745520,0.192210,0.059580,12.913743,107.843468,28.444752,0.534928,0.790878,0.297235,0.003911,17.373833,84.511948,24.707443,0.029690,0.944164,0.103169,0.311496,-10.339431,88.756065,7.667319,0.069875,0.956379,-0.018139,0.283068,-10.054656,54.860611,0.266393,0.014634,0.953836,-0.084361,0.287866,-16.489761,10.614547,0.048967,-0.081531,0.931715,-0.077845,0.345253,2.804150,88.063423,19.370802,0.004307,0.969014,-0.131654,0.208952,6.210352,54.249977,26.356888,0.024669,0.817587,-0.090338,0.568140,3.377099,11.089513,37.684677,0.014634,0.953836,-0.084361,0.287866,-9.706135,2.737248,-9.910286,0.024669,0.817587,-0.090338,0.568140,14.771459,3.144248,33.903469
184,1.533333,0.044740,0.932323,-0.062411,0.353379,-3.770460,88.410637,13.521078,-0.016853,0.902682,0.133903,0.408596,-2.849518,95.546654,12.909050,-0.025828,0.899322,-0.053051,0.433289,-5.579291,114.354195,17.358824,0.056441,0.950367,-0.098828,0.289570,-5.587993,132.255478,15.235250,0.053096,0.988528,-0.063933,0.126117,-2.392676,145.163269,11.685887,-0.066270,0.925853,0.011663,0.371845,-8.504263,126.625931,13.575366,-0.517961,0.584372,-0.307369,0.543830,-20.442471,124.720978,2.047833,-0.595436,0.530418,-0.303639,0.521455,-17.460703,102.842888,-5.337123,-0.692158,0.432858,-0.301604,0.492531,-11.378929,80.039200,-9.944049,-0.058121,0.915018,-0.103703,0.385499,-4.117163,127.276596,19.042400,0.617066,0.771249,0.145851,0.055957,7.509457,130.388916,30.625528,0.635423,0.745523,0.192049,0.059577,12.915579,107.847939,28.444302,0.535082,0.790793,0.297188,0.003631,17.372942,84.515182,24.711458,0.029664,0.944163,0.103206,0.311487,-10.342117,88.756851,7.669178,0.069875,0.956248,-0.018184,0.283510,-10.054842,54.861813,0.266407,0.014613,0.953840,-0.084361,0.287852,-16.490965,10.615894,0.049856,-0.081516,0.931691,-0.077807,0.345330,2.801197,88.064423,19.372978,0.004306,0.968990,-0.131620,0.209084,6.206778,54.250389,26.356550,0.024345,0.817360,-0.090619,0.568436,3.372757,11.089123,37.681091,0.014613,0.953840,-0.084361,0.287852,-9.707380,2.738724,-9.909530,0.024345,0.817360,-0.090619,0.568436,14.771654,3.143407,33.914543
185,1.541667,0.044863,0.932299,-0.062541,0.353403,-3.777922,88.414803,13.522327,-0.018025,0.902659,0.132767,0.408969,-2.854656,95.550423,12.909216,-0.023686,0.899325,-0.051991,0.433532,-5.609497,114.368202,17.299870,0.055900,0.950449,-0.099105,0.289311,-5.564838,132.277328,15.243901,0.053079,0.988531,-0.063738,0.126197,-2.382571,145.184906,11.682115,-0.066938,0.925899,0.011624,0.371611,-8.496450,126.662590,13.561019,-0.517699,0.584207,-0.307842,0.543989,-20.437496,124.736313,2.039976,-0.595010,0.530546,-0.304202,0.521484,-17.460316,102.855064,-5.337486,-0.692012,0.432550,-0.301537,0.493047,-11.401471,80.044067,-9.938446,-0.058163,0.914900,-0.103529,0.385819,-4.110825,127.279854,19.033108,0.617027,0.771286,0.145831,0.055928,7.507370,130.392090,30.624699,0.635450,0.745509,0.192000,0.059624,12.915882,107.851700,28.443336,0.535115,0.790748,0.297250,0.003578,17.371338,84.518112,24.713352,0.029590,0.944243,0.103233,0.311243,-10.349080,88.762177,7.669936,0.069861,0.956265,-0.018152,0.283456,-10.058323,54.867233,0.266882,0.014362,0.953818,-0.084544,0.287884,-16.492498,10.621038,0.048281,-0.081538,0.931653,-0.077714,0.345448,2.793236,88.067421,19.374718,0.004343,0.968862,-0.131509,0.209748,6.201633,54.252644,26.353279,0.024010,0.817129,-0.090811,0.568751,3.358725,11.088785,37.665726,0.014362,0.953818,-0.084544,0.287884,-9.705688,2.741467,-9.907005,0.024010,0.817129,-0.090811,0.568751,14.763262,3.144516,33.913219
186,1.550000,0.044920,0.932297,-0.062578,0.353397,-3.782987,88.416817,13.524820,-0.018015,0.902671,0.132673,0.408972,-2.858769,95.552292,12.911499,-0.023685,0.899331,-0.051926,0.433528,-5.611800,114.371048,17.299072,0.055919,0.950426,-0.099077,0.289392,-5.568154,132.280411,15.245214,0.053125,0.988509,-0.063680,0.126386,-2.385192,145.188171,11.684648,-0.066901,0.925875,0.011672,0.371678,-8.499483,126.665726,13.561714,-0.517713,0.584278,-0.307681,0.543990,-20.439037,124.741257,2.038831,-0.595007,0.530575,-0.304358,0.521367,-17.461128,102.861961,-5.344121,-0.692391,0.431970,-0.302480,0.492445,-11.408338,80.048027,-9.938429,-0.058122,0.914933,-0.103559,0.385740,-4.113810,127.282585,19.033810,0.617012,0.771307,0.145782,0.055934,7.506580,130.393738,30.623489,0.635311,0.745665,0.191857,0.059625,12.915942,107.853386,28.443909,0.535257,0.790600,0.297394,0.002989,17.379917,84.520462,24.720051,0.029611,0.944132,0.103181,0.311596,-10.354135,88.764908,7.672464,0.069839,0.956262,-0.018081,0.283477,-10.063120,54.869301,0.272465,0.014771,0.953811,-0.084510,0.287898,-16.493624,10.622602,0.048236,-0.081525,0.931734,-0.077745,0.345227,2.788161,88.068726,19.377174,0.004324,0.968909,-0.131472,0.209550,6.196629,54.254128,26.356586,0.024105,0.817128,-0.090762,0.568756,3.358342,11.089378,37.666782,0.014771,0.953811,-0.084510,0.287898,-9.711771,2.740883,-9.908722,0.024105,0.817128,-0.090762,0.568756,14.762211,3.144698,33.913128
187,1.558333,0.044909,0.932298,-0.062520,0.353405,-3.784215,88.419960,13.525174,-0.017966,0.902682,0.132592,0.408977,-2.860434,95.555565,12.912579,-0.023736,0.899332,-0.051891,0.433527,-5.610439,114.375237,17.298117,0.056114,0.950417,-0.098518,0.289572,-5.568974,132.284637,15.244597,0.053020,0.988485,-0.063812,0.126550,-2.384248,145.196457,11.700349,-0.066967,0.925844,0.011828,0.371737,-8.499644,126.669632,13.561021,-0.517586,0.584342,-0.307728,0.544016,-20.437426,124.745155,2.036292,-0.594997,0.530506,-0.304371,0.521440,-17.464334,102.866234,-5.349697,-0.692378,0.431930,-0.302562,0.492449,-11.408414,80.053101,-9.943910,-0.058183,0.915002,-0.104186,0.385398,-4.113988,127.286911,19.033085,0.617143,0.771231,0.145544,0.056157,7.514979,130.406967,30.611771,0.635233,0.745730,0.191897,0.059508,12.915637,107.863190,28.445953,0.536384,0.789917,0.297176,0.003048,17.385035,84.532013,24.717594,0.029542,0.944237,0.103195,0.311279,-10.355276,88.768219,7.672729,0.069875,0.956256,-0.018087,0.283486,-10.061945,54.872524,0.273202,0.014616,0.953806,-0.084572,0.287903,-16.495625,10.626289,0.048518,-0.081540,0.931751,-0.077800,0.345164,2.786846,88.071701,19.377621,0.004255,0.969071,-0.131553,0.208750,6.195401,54.257881,26.360720,0.024228,0.817387,-0.090777,0.568376,3.370949,11.095005,37.681507,0.014616,0.953806,-0.084572,0.287903,-9.711878,2.744243,-9.906898,0.024228,0.817387,-0.090777,0.568376,14.769274,3.147866,33.916229
188,1.566667,0.044865,0.932307,-0.062371,0.353412,-3.784078,88.423195,13.525382,-0.018103,0.902677,0.132703,0.408947,-2.861632,95.559120,12.914565,-0.023694,0.899342,-0.051960,0.433501,-5.618098,114.377449,17.301807,0.056190,0.950395,-0.098429,0.289660,-5.574276,132.286667,15.246722,0.053068,0.988460,-0.063780,0.126738,-2.387829,145.198944,11.705687,-0.066956,0.925774,0.011887,0.371911,-8.505795,126.671921,13.563776,-0.517591,0.584319,-0.307686,0.544059,-20.439310,124.748756,2.034414,-0.595066,0.530406,-0.304131,0.521604,-17.463764,102.870682,-5.353106,-0.692347,0.432087,-0.302710,0.492263,-11.395734,80.062279,-9.954836,-0.058151,0.914947,-0.103522,0.385713,-4.119796,127.289078,19.035576,0.616879,0.771363,0.145970,0.056152,7.501195,130.400574,30.624569,0.635220,0.745706,0.192039,0.059488,12.917089,107.861450,28.448496,0.536264,0.790090,0.296933,0.003233,17.387367,84.531242,24.715134,0.029612,0.944212,0.103150,0.311362,-10.355124,88.771667,7.672932,0.069868,0.956348,-0.018028,0.283182,-10.066632,54.875626,0.274827,0.014763,0.953784,-0.084560,0.287973,-16.498320,10.629114,0.047283,-0.081504,0.931655,-0.077834,0.345425,2.786969,88.074722,19.377831,0.004160,0.969021,-0.131560,0.208982,6.190427,54.260849,26.363214,0.024159,0.817426,-0.090675,0.568338,3.371379,11.098054,37.685650,0.014763,0.953784,-0.084560,0.287973,-9.714922,2.746310,-9.907771,0.024159,0.817426,-0.090675,0.568338,14.771053,3.153837,33.918289
189,1.575000,0.044810,0.932311,-0.062221,0.353436,-3.783800,88.424828,13.524705,-0.018098,0.902676,0.132665,0.408960,-2.862845,95.561096,12.915648,-0.023697,0.899341,-0.051897,0.433511,-5.618596,114.379837,17.301611,0.056213,0.950381,-0.098417,0.289706,-5.575833,132.289291,15.248481,0.053075,0.988452,-0.063709,0.126833,-2.388655,145.201569,11.708138,-0.066872,0.925726,0.012029,0.372042,-8.506986,126.674530,13.564878,-0.517501,0.584316,-0.307760,0.544106,-20.437634,124.755882,2.031795,-0.595028,0.530399,-0.304148,0.521644,-17.464056,102.877769,-5.356410,-0.692301,0.432172,-0.302717,0.492249,-11.396177,80.069519,-9.959050,-0.058270,0.915087,-0.104036,0.385224,-4.121105,127.291359,19.036812,0.617050,0.771282,0.145616,0.056293,7.512002,130.411697,30.611259,0.635303,0.745632,0.192040,0.059530,12.917292,107.868683,28.449038,0.535224,0.790788,0.296943,0.003712,17.382309,84.537384,24.716177,0.029604,0.944201,0.103144,0.311400,-10.354642,88.773308,7.672025,0.069980,0.956244,-0.018079,0.283501,-10.065470,54.877144,0.274482,0.014751,0.953711,-0.084532,0.288221,-16.507912,10.632205,0.046288,-0.081525,0.931626,-0.077884,0.345486,2.787042,88.076347,19.377384,0.004081,0.968994,-0.131573,0.209102,6.190144,54.263260,26.366711,0.026835,0.817476,-0.087802,0.568598,3.376247,11.100700,37.691349,0.014751,0.953711,-0.084532,0.288221,-9.718788,2.750206,-9.905499,0.026835,0.817476,-0.087802,0.568598,14.771268,3.173739,33.873905
190,1.583333,0.044780,0.932310,-0.062215,0.353445,-3.785892,88.425827,13.526609,-0.018115,0.902687,0.132595,0.408958,-2.865361,95.562141,12.917480,-0.023724,0.899347,-0.051810,0.433506,-5.620582,114.381577,17.300804,0.056285,0.950360,-0.098330,0.289792,-5.580061,132.291306,15.250103,0.053116,0.988429,-0.063712,0.126991,-2.391228,145.204025,11.712893,-0.066880,0.925711,0.011913,0.372082,-8.510560,126.676430,13.565800,-0.517614,0.584533,-0.307421,0.543957,-20.440180,124.756149,2.031925,-0.595143,0.530415,-0.304069,0.521542,-17.468685,102.880440,-5.364249,-0.692231,0.432227,-0.302777,0.492261,-11.399302,80.072273,-9.965303,-0.058316,0.915163,-0.104025,0.385040,-4.124639,127.293053,19.037725,0.617079,0.771301,0.145416,0.056233,7.513030,130.414169,30.607378,0.635290,0.745677,0.191932,0.059454,12.916978,107.870506,28.448599,0.535243,0.790798,0.296885,0.003654,17.383224,84.539322,24.716562,0.029610,0.944219,0.103154,0.311341,-10.356670,88.773834,7.673828,0.069959,0.956150,-0.018098,0.283822,-10.068175,54.877842,0.275498,0.014647,0.953729,-0.084473,0.288185,-16.509193,10.632690,0.047341,-0.081487,0.931594,-0.077845,0.345591,2.784885,88.077820,19.379391,0.004086,0.968984,-0.131495,0.209194,6.185755,54.263885,26.365715,0.023649,0.817382,-0.091127,0.568351,3.371852,11.099500,37.683392,0.014647,0.953729,-0.084473,0.288185,-9.719228,2.752793,-9.905538,0.023649,0.817382,-0.091127,0.568351,14.773901,3.153928,33.926079
191,1.591667,0.044779,0.932299,-0.062257,0.353465,-3.788558,88.425186,13.528499,-0.018103,0.902692,0.132555,0.408961,-2.867819,95.561424,12.918822,-0.023713,0.899353,-0.051791,0.433498,-5.622005,114.381287,17.300924,0.056261,0.950349,-0.098329,0.289831,-5.581437,132.291107,15.251005,0.053165,0.988415,-0.063647,0.127114,-2.393038,145.203949,11.713796,-0.066892,0.925664,0.012101,0.372189,-8.511994,126.676323,13.566510,-0.517615,0.584639,-0.307306,0.543907,-20.438885,124.758148,2.029463,-0.595174,0.530427,-0.304068,0.521495,-17.469868,102.883507,-5.370850,-0.692238,0.432194,-0.302820,0.492255,-11.401049,80.074905,-9.970540,-0.058315,0.915137,-0.103982,0.385112,-4.125968,127.292679,19.038382,0.617052,0.771325,0.145429,0.056170,7.509846,130.413406,30.610004,0.635252,0.745740,0.191820,0.059426,12.915707,107.870445,28.448816,0.535411,0.790686,0.296883,0.003326,17.384390,84.539253,24.719717,0.029627,0.944220,0.103175,0.311328,-10.359082,88.772881,7.675415,0.069997,0.956180,-0.018076,0.283714,-10.071305,54.877258,0.275353,0.014601,0.953670,-0.084502,0.288375,-16.515026,10.632515,0.045095,-0.081465,0.931656,-0.077900,0.345417,2.781965,88.077484,19.381582,0.003995,0.968959,-0.131500,0.209310,6.181333,54.263878,26.370239,0.026753,0.817469,-0.087764,0.568618,3.373814,11.099556,37.689758,0.014601,0.953670,-0.084502,0.288375,-9.720392,2.752331,-9.904366,0.026753,0.817469,-0.087764,0.568618,14.770373,3.174520,33.872894
192,1.600000,0.044783,0.932291,-0.062267,0.353484,-3.791195,88.426331,13.529275,-0.018126,0.902661,0.132554,0.409029,-2.870329,95.562546,12.919510,-0.023680,0.899316,-0.051749,0.433581,-5.625618,114.382408,17.300953,0.056272,0.950321,-0.098305,0.289930,-5.584461,132.292435,15.252876,0.053202,0.988398,-0.063615,0.127246,-2.395417,145.205429,11.716779,-0.066845,0.925665,0.012036,0.372199,-8.514779,126.677856,13.567275,-0.517465,0.584563,-0.307430,0.544061,-20.441637,124.760315,2.030092,-0.594927,0.530648,-0.304310,0.521412,-17.472031,102.886238,-5.371634,-0.692055,0.432447,-0.302636,0.492403,-11.421563,80.072792,-9.971459,-0.058246,0.915126,-0.103413,0.385301,-4.129743,127.293610,19.040005,0.616892,0.771417,0.145650,0.056098,7.501479,130.405533,30.618614,0.635167,0.745807,0.191847,0.059409,12.916903,107.865593,28.449852,0.536329,0.790032,0.296972,0.002938,17.390903,84.535500,24.720310,0.029626,0.944218,0.103157,0.311340,-10.361472,88.774017,7.675915,0.069975,0.956037,-0.018087,0.284199,-10.073953,54.878128,0.277034,0.014349,0.953671,-0.084543,0.288372,-16.516008,10.633150,0.045016,-0.081447,0.931660,-0.077908,0.345406,2.779082,88.078644,19.382635,0.004050,0.968979,-0.131459,0.209241,6.177238,54.264927,26.371342,0.024775,0.817361,-0.089824,0.568541,3.366566,11.099669,37.686478,0.014349,0.953671,-0.084543,0.288372,-9.718280,2.753864,-9.903045,0.024775,0.817361,-0.089824,0.568541,14.768296,3.163189,33.909042
193,1.608333,0.044779,0.932279,-0.062217,0.353525,-3.793037,88.426964,13.529849,-0.018029,0.902636,0.132443,0.409123,-2.872454,95.563278,12.920773,-0.023744,0.899270,-0.051657,0.433684,-5.622988,114.384422,17.299675,0.056272,0.950282,-0.098290,0.290064,-5.585103,132.294693,15.253594,0.053203,0.988381,-0.063539,0.127418,-2.395486,145.207794,11.718465,-0.066880,0.925669,0.012152,0.372177,-8.513896,126.679680,13.566741,-0.517479,0.584661,-0.307276,0.544030,-20.441133,124.762497,2.029888,-0.595055,0.530489,-0.304068,0.521568,-17.472452,102.890030,-5.376972,-0.691986,0.432562,-0.302893,0.492241,-11.406784,80.081627,-9.981820,-0.058229,0.915151,-0.103701,0.385168,-4.130159,127.295731,19.040480,0.616926,0.771398,0.145580,0.056160,7.504548,130.410446,30.614836,0.635151,0.745831,0.191808,0.059411,12.917680,107.869568,28.450027,0.536400,0.790012,0.296897,0.002939,17.392660,84.539413,24.721956,0.029638,0.944216,0.103094,0.311367,-10.362813,88.774841,7.675938,0.070031,0.956077,-0.017997,0.284057,-10.077231,54.878105,0.280909,0.014518,0.953619,-0.084542,0.288535,-16.521797,10.633537,0.040699,-0.081490,0.931629,-0.077880,0.345487,2.776739,88.079086,19.383760,0.003949,0.968926,-0.131467,0.209482,6.177683,54.265560,26.372004,0.026765,0.817424,-0.087709,0.568691,3.372801,11.100420,37.689045,0.014518,0.953619,-0.084542,0.288535,-9.722734,2.753091,-9.905531,0.026765,0.817424,-0.087709,0.568691,14.770462,3.176354,33.873463
194,1.616667,0.044746,0.932280,-0.062124,0.353542,-3.793113,88.428406,13.529769,-0.018132,0.902650,0.132479,0.409077,-2.873434,95.564926,12.921789,-0.023640,0.899305,-0.051647,0.433618,-5.627977,114.385544,17.300426,0.056253,0.950286,-0.098262,0.290063,-5.587048,132.296021,15.256293,0.053274,0.988364,-0.063508,0.127534,-2.398140,145.209457,11.721712,-0.066898,0.925606,0.012208,0.372330,-8.517119,126.681747,13.569234,-0.517431,0.584686,-0.307287,0.544043,-20.440493,124.764923,2.028330,-0.594969,0.530496,-0.304138,0.521618,-17.473497,102.892700,-5.379929,-0.691906,0.432516,-0.303126,0.492251,-11.410226,80.083809,-9.985515,-0.058342,0.915207,-0.103957,0.384948,-4.132507,127.296387,19.042433,0.617006,0.771366,0.145409,0.056174,7.507417,130.417191,30.609903,0.635290,0.745819,0.191489,0.059098,12.915895,107.874741,28.449858,0.536293,0.790407,0.296037,0.002894,17.384130,84.543739,24.718985,0.029716,0.944210,0.102967,0.311421,-10.362730,88.776299,7.675681,0.069752,0.956129,-0.017894,0.283955,-10.084614,54.878056,0.287253,0.012956,0.953862,-0.084141,0.287923,-16.502890,10.629672,0.046004,-0.081467,0.931638,-0.077931,0.345458,2.776504,88.080505,19.383856,0.003949,0.968963,-0.131433,0.209332,6.174938,54.267258,26.374695,0.027620,0.817143,-0.086764,0.569198,3.372397,11.101320,37.689270,0.012956,0.953862,-0.084141,0.287923,-9.694831,2.769631,-9.910210,0.027620,0.817143,-0.086764,0.569198,14.773233,3.183731,33.869736
195,1.625000,0.044764,0.932203,-0.062358,0.353702,-3.792186,88.430000,13.531714,-0.018193,0.902617,0.132532,0.409129,-2.870977,95.566086,12.920837,-0.023655,0.899293,-0.051611,0.433646,-5.628751,114.386078,17.300138,0.056266,0.950276,-0.098214,0.290110,-5.588807,132.296677,15.256929,0.053313,0.988357,-0.063449,0.127606,-2.399672,145.210449,11.723860,-0.066893,0.925595,0.012251,0.372356,-8.518434,126.682304,13.569410,-0.517534,0.584929,-0.306977,0.543858,-20.441172,124.766197,2.027730,-0.595106,0.530498,-0.304084,0.521491,-17.478558,102.895782,-5.387648,-0.691895,0.432476,-0.303129,0.492300,-11.413802,80.086555,-9.989583,-0.058390,0.915214,-0.103896,0.384943,-4.134179,127.296921,19.042894,0.616990,0.771379,0.145404,0.056186,7.505709,130.418381,30.610224,0.635297,0.745800,0.191551,0.059063,12.915057,107.876076,28.450893,0.535970,0.790663,0.295935,0.003157,17.383108,84.545563,24.716761,0.029800,0.944167,0.102917,0.311559,-10.359785,88.776489,7.675277,0.069794,0.956190,-0.017857,0.283744,-10.087175,54.877884,0.288326,0.012888,0.953829,-0.084068,0.288056,-16.508106,10.629898,0.044323,-0.081408,0.931568,-0.077913,0.345664,2.775413,88.083511,19.388151,0.003728,0.968989,-0.131316,0.209293,6.169002,54.269409,26.377213,0.027835,0.817054,-0.087057,0.569270,3.388239,11.100581,37.686123,0.012888,0.953829,-0.084068,0.288056,-9.695908,2.772079,-9.910817,0.027835,0.817054,-0.087057,0.569270,14.784628,3.174306,33.871326
196,1.633333,0.044753,0.932200,-0.062281,0.353724,-3.792230,88.432259,13.532578,-0.018211,0.902609,0.132531,0.409146,-2.871539,95.568489,12.922697,-0.023665,0.899285,-0.051583,0.433665,-5.630018,114.388466,17.301620,0.056306,0.950262,-0.098241,0.290138,-5.590767,132.299149,15.259159,0.053370,0.988351,-0.063381,0.127656,-2.400273,145.212540,11.725861,-0.066882,0.925552,0.012450,0.372458,-8.520087,126.684715,13.571292,-0.517369,0.584459,-0.307506,0.544222,-20.440344,124.771545,2.026554,-0.594628,0.530661,-0.304243,0.521777,-17.467253,102.898369,-5.376431,-0.691795,0.432444,-0.303256,0.492390,-11.415518,80.088486,-9.992202,-0.058496,0.915189,-0.103871,0.384992,-4.136069,127.299309,19.044973,0.616945,0.771382,0.145562,0.056222,7.502134,130.423828,30.613174,0.635276,0.745801,0.191601,0.059114,12.913877,107.882370,28.450918,0.536053,0.790617,0.295908,0.003178,17.382912,84.551964,24.717258,0.029825,0.944144,0.102864,0.311642,-10.359574,88.779030,7.675868,0.069773,0.956193,-0.017822,0.283740,-10.089087,54.879772,0.291803,0.012928,0.953839,-0.084081,0.288017,-16.507324,10.631413,0.045355,-0.081409,0.931628,-0.077973,0.345488,2.775114,88.085487,19.389286,0.003797,0.969028,-0.131288,0.209126,6.168592,54.272049,26.381594,0.024157,0.817437,-0.090884,0.568290,3.384327,11.102602,37.687271,0.012928,0.953839,-0.084081,0.288017,-9.696578,2.772993,-9.910306,0.024157,0.817437,-0.090884,0.568290,14.781693,3.154338,33.921455
197,1.641667,0.044829,0.932239,-0.062137,0.353638,-3.799243,88.435501,13.529661,-0.018103,0.902612,0.132525,0.409146,-2.878324,95.571892,12.922025,-0.023679,0.899278,-0.051565,0.433681,-5.632888,114.392090,17.302490,0.056399,0.950215,-0.098310,0.290250,-5.594354,132.302811,15.260386,0.053337,0.988330,-0.063333,0.127860,-2.400369,145.215195,11.726594,-0.066914,0.925536,0.012332,0.372497,-8.523374,126.688293,13.572314,-0.517301,0.584825,-0.307196,0.544068,-20.442503,124.772705,2.026818,-0.594823,0.530461,-0.304181,0.521796,-17.480457,102.902603,-5.389696,-0.691659,0.432409,-0.303217,0.492635,-11.416657,80.094788,-9.999866,-0.058403,0.915215,-0.103875,0.384941,-4.139560,127.302956,19.046148,0.616946,0.771397,0.145503,0.056162,7.500305,130.424545,30.613464,0.635272,0.745826,0.191526,0.059082,12.912285,107.883194,28.450764,0.536136,0.790566,0.295894,0.003061,17.381731,84.552673,24.718359,0.029901,0.944073,0.102805,0.311870,-10.367529,88.784531,7.674147,0.069691,0.956270,-0.017741,0.283507,-10.101548,54.884750,0.292368,0.011941,0.953842,-0.084707,0.287868,-16.510883,10.635117,0.042631,-0.081487,0.931548,-0.077991,0.345682,2.769042,88.086472,19.385178,0.003701,0.969185,-0.131519,0.208252,6.165600,54.274105,26.381201,0.027002,0.817809,-0.087692,0.568128,3.395604,11.110025,37.710861,0.011941,0.953842,-0.084707,0.287868,-9.693009,2.769400,-9.902380,0.027002,0.817809,-0.087692,0.568128,14.784701,3.182386,33.877163
198,1.650000,0.044855,0.932237,-0.062180,0.353632,-3.802407,88.433533,13.530341,-0.018131,0.902632,0.132532,0.409099,-2.880918,95.569817,12.922263,-0.023638,0.899307,-0.051611,0.433617,-5.636325,114.389908,17.302656,0.056469,0.950210,-0.098279,0.290265,-5.595877,132.300537,15.259722,0.053296,0.988325,-0.063289,0.127935,-2.400269,145.212906,11.727339,-0.066879,0.925514,0.012319,0.372558,-8.525805,126.686287,13.572296,-0.517266,0.584964,-0.307050,0.544035,-20.443583,124.771713,2.025238,-0.594861,0.530464,-0.304266,0.521700,-17.484919,102.903412,-5.397906,-0.691645,0.432405,-0.303381,0.492558,-11.423770,80.093803,-10.002707,-0.058412,0.915199,-0.103902,0.384973,-4.141190,127.300667,19.045521,0.616991,0.771426,0.145239,0.055944,7.497834,130.422958,30.613495,0.635247,0.745908,0.191317,0.058996,12.908331,107.881294,28.450342,0.536424,0.790346,0.295964,0.002751,17.379814,84.550568,24.721697,0.029796,0.944126,0.102886,0.311694,-10.370734,88.782745,7.674883,0.069895,0.956173,-0.017834,0.283778,-10.097474,54.883682,0.290061,0.014309,0.953624,-0.084526,0.288533,-16.526409,10.636893,0.041231,-0.081470,0.931514,-0.077942,0.345787,2.765921,88.084320,19.385798,0.003755,0.969033,-0.131454,0.209000,6.161842,54.271233,26.378641,0.026988,0.817560,-0.087505,0.568515,3.379617,11.105665,37.699638,0.014309,0.953624,-0.084526,0.288533,-9.724533,2.758317,-9.904556,0.026988,0.817560,-0.087505,0.568515,14.774540,3.182190,33.874660
199,1.658333,0.044853,0.932231,-0.062242,0.353638,-3.805787,88.434158,13.532732,-0.018109,0.902627,0.132503,0.409120,-2.884008,95.570335,12.923813,-0.023645,0.899296,-0.051607,0.433641,-5.638288,114.390739,17.303503,0.056476,0.950186,-0.098305,0.290334,-5.598077,132.301361,15.260575,0.053340,0.988307,-0.063255,0.128071,-2.401745,145.213486,11.727901,-0.066889,0.925525,0.012230,0.372533,-8.527813,126.687065,13.573000,-0.517190,0.584975,-0.307063,0.544087,-20.446173,124.771034,2.026783,-0.594734,0.530845,-0.304402,0.521378,-17.488552,102.903435,-5.398844,-0.691994,0.432240,-0.302865,0.492530,-11.450780,80.087486,-10.002929,-0.058418,0.915211,-0.103908,0.384941,-4.143489,127.301537,19.046446,0.616960,0.771445,0.145256,0.055980,7.496341,130.423996,30.613565,0.635274,0.745883,0.191323,0.058995,12.908451,107.882622,28.451485,0.536445,0.790313,0.296015,0.002661,17.378246,84.551651,24.722303,0.029805,0.944086,0.102952,0.311791,-10.374039,88.782928,7.677164,0.069870,0.956014,-0.017888,0.284318,-10.099205,54.884850,0.287903,0.014409,0.953611,-0.084571,0.288559,-16.527227,10.637918,0.040733,-0.081470,0.931517,-0.077947,0.345779,2.762465,88.085388,19.388300,0.003626,0.969162,-0.131474,0.208393,6.158297,54.272354,26.381439,0.027157,0.817759,-0.087550,0.568214,3.393984,11.107164,37.708271,0.014409,0.953611,-0.084571,0.288559,-9.726315,2.757592,-9.904322,0.027157,0.817759,-0.087550,0.568214,14.783326,3.180122,33.874073
200,1.666667,0.044808,0.932237,-0.062227,0.353629,-3.806540,88.433968,13.534056,-0.018098,0.902619,0.132499,0.409140,-2.885454,95.570229,12.925097,-0.023644,0.899282,-0.051607,0.433670,-5.639373,114.390717,17.304724,0.056482,0.950175,-0.098309,0.290366,-5.599060,132.301346,15.261812,0.053383,0.988301,-0.063219,0.128117,-2.402368,145.213394,11.729233,-0.066867,0.925494,0.012368,0.372607,-8.528678,126.687035,13.574043,-0.517140,0.585014,-0.307105,0.544069,-20.445292,124.773514,2.025602,-0.594666,0.530540,-0.304518,0.521698,-17.490948,102.905533,-5.400228,-0.691530,0.432223,-0.303401,0.492867,-11.441038,80.092438,-10.002524,-0.058486,0.915197,-0.103805,0.384992,-4.144707,127.301514,19.047775,0.617010,0.771413,0.145244,0.055898,7.493523,130.424896,30.616261,0.635317,0.745890,0.191179,0.058912,12.903179,107.883217,28.451120,0.536327,0.790476,0.295795,0.002533,17.370827,84.551666,24.722975,0.029789,0.944119,0.102973,0.311687,-10.374973,88.782104,7.678650,0.069882,0.955998,-0.017840,0.284369,-10.099410,54.884254,0.288311,0.011690,0.953720,-0.084920,0.288218,-16.527206,10.637313,0.036390,-0.081496,0.931543,-0.077940,0.345705,2.761894,88.085838,19.389462,0.003676,0.969224,-0.131494,0.208090,6.160145,54.273022,26.382469,0.027104,0.817821,-0.087624,0.568116,3.394671,11.108333,37.710918,0.011690,0.953720,-0.084920,0.288218,-9.699246,2.768655,-9.899373,0.027104,0.817821,-0.087624,0.568116,14.782985,3.180528,33.875240
201,1.675000,0.044775,0.932240,-0.062121,0.353646,-3.807583,88.435532,13.534527,-0.018034,0.902613,0.132467,0.409168,-2.887464,95.572021,12.926839,-0.023713,0.899266,-0.051575,0.433704,-5.638746,114.392921,17.306316,0.056513,0.950143,-0.098302,0.290467,-5.601107,132.303543,15.263372,0.053457,0.988276,-0.063206,0.128286,-2.403147,145.215530,11.731660,-0.066923,0.925468,0.012425,0.372661,-8.529733,126.688789,13.575421,-0.517069,0.585075,-0.307156,0.544043,-20.444736,124.774315,2.025485,-0.594767,0.530417,-0.304250,0.521864,-17.495155,102.905891,-5.400959,-0.691485,0.432457,-0.303401,0.492724,-11.431125,80.098030,-10.010605,-0.058515,0.915248,-0.103644,0.384910,-4.146220,127.303955,19.049440,0.616978,0.771427,0.145265,0.055997,7.494007,130.425949,30.616283,0.635403,0.745808,0.191243,0.058824,12.904976,107.884277,28.454382,0.536172,0.790648,0.295615,0.002708,17.367922,84.552803,24.720112,0.029793,0.944095,0.102952,0.311765,-10.375859,88.783775,7.678954,0.069851,0.955999,-0.017848,0.284374,-10.100404,54.885651,0.289919,0.012642,0.953693,-0.084370,0.288428,-16.525812,10.638353,0.039462,-0.081552,0.931530,-0.077933,0.345729,2.760694,88.087288,19.390099,0.003694,0.969240,-0.131507,0.208003,6.162554,54.275028,26.384073,0.027157,0.817826,-0.087567,0.568116,3.396286,11.110661,37.713547,0.012642,0.953693,-0.084370,0.288428,-9.703485,2.775475,-9.904741,0.027157,0.817826,-0.087567,0.568116,14.784455,3.183196,33.876740
202,1.683333,0.044714,0.932250,-0.062028,0.353643,-3.808878,88.435333,13.535100,-0.018032,0.902610,0.132462,0.409174,-2.890041,95.572075,12.928335,-0.023625,0.899266,-0.051602,0.433705,-5.641214,114.393028,17.307642,0.056725,0.950126,-0.098252,0.290498,-5.600283,132.303711,15.265195,0.053337,0.988283,-0.063254,0.128259,-2.397154,145.215256,11.736582,-0.066913,0.925461,0.012459,0.372678,-8.529911,126.689529,13.577050,-0.517086,0.585127,-0.307103,0.544001,-20.444561,124.775818,2.026617,-0.594827,0.530399,-0.304167,0.521862,-17.496309,102.907631,-5.401032,-0.691358,0.432742,-0.303396,0.492656,-11.428918,80.100861,-10.011651,-0.058579,0.915230,-0.103630,0.384945,-4.146357,127.303741,19.051144,0.617039,0.771340,0.145422,0.056123,7.492717,130.427628,30.618641,0.635410,0.745765,0.191381,0.058843,12.899534,107.885002,28.456085,0.536096,0.790721,0.295557,0.002867,17.361950,84.554031,24.718084,0.029800,0.944058,0.102968,0.311872,-10.377286,88.783173,7.679649,0.069870,0.955981,-0.017851,0.284429,-10.101094,54.885303,0.289449,0.011863,0.953723,-0.084794,0.288238,-16.528160,10.638248,0.038404,-0.081533,0.931456,-0.077958,0.345925,2.759530,88.087502,19.390553,0.003610,0.969186,-0.131457,0.208288,6.158036,54.275299,26.386400,0.027071,0.817815,-0.087531,0.568141,3.396658,11.109704,37.712406,0.011863,0.953723,-0.084794,0.288238,-9.701495,2.771232,-9.899551,0.027071,0.817815,-0.087531,0.568141,14.786453,3.184198,33.876381
203,1.691667,0.044714,0.932235,-0.062065,0.353676,-3.810903,88.434090,13.536718,-0.018032,0.902595,0.132465,0.409206,-2.891868,95.570763,12.929493,-0.023666,0.899247,-0.051606,0.433742,-5.643256,114.391670,17.308844,0.056536,0.950100,-0.098271,0.290613,-5.603513,132.302261,15.265651,0.053497,0.988241,-0.063161,0.128560,-2.404437,145.214401,11.735542,-0.066606,0.925447,0.012230,0.372777,-8.532587,126.687790,13.577512,-0.517219,0.585155,-0.307069,0.543862,-20.446136,124.780800,2.024837,-0.594825,0.530485,-0.304060,0.521839,-17.498474,102.911125,-5.398659,-0.691470,0.432568,-0.303407,0.492644,-11.432348,80.104950,-10.013919,-0.058442,0.915201,-0.103802,0.384989,-4.149506,127.302574,19.051920,0.617027,0.771345,0.145452,0.056108,7.488978,130.424561,30.620518,0.635442,0.745742,0.191368,0.058832,12.896570,107.882263,28.456676,0.536108,0.790677,0.295654,0.002680,17.357086,84.550980,24.718332,0.029678,0.944173,0.103020,0.311517,-10.378900,88.781639,7.680792,0.069919,0.956153,-0.017865,0.283836,-10.096371,54.884003,0.289738,0.014297,0.953616,-0.084555,0.288551,-16.528137,10.637609,0.042569,-0.081583,0.931500,-0.077939,0.345801,2.757094,88.086540,19.392645,0.003652,0.969219,-0.131474,0.208127,6.160248,54.274704,26.388008,0.027133,0.817840,-0.087471,0.568111,3.396776,11.109522,37.715065,0.014297,0.953616,-0.084555,0.288551,-9.725838,2.758466,-9.902477,0.027133,0.817840,-0.087471,0.568111,14.786036,3.184262,33.876957
204,1.700000,0.044780,0.932250,-0.062217,0.353601,-3.818287,88.432014,13.539773,-0.017857,0.902619,0.132231,0.409236,-2.897647,95.568329,12.930775,-0.023708,0.899238,-0.051450,0.433777,-5.639296,114.391914,17.304764,0.056564,0.950085,-0.098313,0.290642,-5.603278,132.302994,15.265928,0.053563,0.988231,-0.063186,0.128599,-2.403013,145.214661,11.735125,-0.066651,0.925487,0.012205,0.372670,-8.531042,126.688316,13.576247,-0.517097,0.585056,-0.307237,0.543991,-20.447031,124.779465,2.026395,-0.594736,0.530538,-0.304080,0.521876,-17.498764,102.909447,-5.395822,-0.691500,0.432641,-0.303215,0.492656,-11.435904,80.103020,-10.014099,-0.058453,0.915137,-0.103790,0.385142,-4.148426,127.302704,19.051071,0.617189,0.771213,0.145477,0.056073,7.486081,130.425308,30.623501,0.635444,0.745673,0.191588,0.058956,12.884527,107.881149,28.456226,0.535711,0.790772,0.296117,0.002915,17.344172,84.550110,24.715405,0.029623,0.944147,0.103077,0.311582,-10.387118,88.779793,7.684794,0.069867,0.956057,-0.017852,0.284173,-10.099212,54.882751,0.291238,0.014233,0.953629,-0.084610,0.288497,-16.526142,10.635668,0.042043,-0.081564,0.931490,-0.077853,0.345849,2.750543,88.084236,19.394753,0.003608,0.969231,-0.131496,0.208057,6.154175,54.271244,26.384331,0.027146,0.817855,-0.087559,0.568075,3.394973,11.106557,37.714294,0.014233,0.953629,-0.084610,0.288497,-9.724431,2.755704,-9.902759,0.027146,0.817855,-0.087559,0.568075,14.782927,3.179371,33.876266
205,1.708333,0.044639,0.932269,-0.062207,0.353570,-3.820551,88.425690,13.545253,-0.017846,0.902641,0.132120,0.409224,-2.901871,95.562202,12.935627,-0.023694,0.899240,-0.051503,0.433766,-5.641304,114.386955,17.305981,0.056554,0.950081,-0.098263,0.290677,-5.604044,132.297867,15.265660,0.053651,0.988215,-0.063174,0.128694,-2.404226,145.210007,11.736194,-0.066567,0.925509,0.012152,0.372631,-8.532241,126.683258,13.576499,-0.517251,0.585249,-0.306970,0.543787,-20.449596,124.776291,2.027747,-0.594781,0.530936,-0.304278,0.521304,-17.504227,102.907097,-5.398036,-0.691909,0.432361,-0.302906,0.492518,-11.467465,80.091545,-10.005387,-0.058419,0.915117,-0.103924,0.385160,-4.149479,127.297783,19.051189,0.617130,0.771260,0.145483,0.056066,7.484707,130.421082,30.623758,0.635570,0.745563,0.191580,0.059021,12.886601,107.877731,28.456593,0.535799,0.790619,0.296366,0.002752,17.338163,84.544968,24.716864,0.029574,0.944190,0.103251,0.311399,-10.389980,88.771263,7.690817,0.069876,0.956035,-0.017893,0.284242,-10.096559,54.876507,0.287031,0.014253,0.953622,-0.084567,0.288533,-16.525248,10.629663,0.040664,-0.081626,0.931550,-0.077799,0.345687,2.748879,88.080116,19.399687,0.003879,0.969064,-0.131290,0.208955,6.159009,54.267250,26.386679,0.026640,0.817443,-0.087620,0.568683,3.369612,11.097911,37.691517,0.014253,0.953622,-0.084567,0.288533,-9.722809,2.750566,-9.904326,0.026640,0.817443,-0.087620,0.568683,14.769488,3.177343,33.875298
206,1.716667,0.044775,0.932242,-0.062337,0.353603,-3.823884,88.425858,13.543084,-0.017853,0.902622,0.132228,0.409231,-2.902690,95.561958,12.932448,-0.023647,0.899242,-0.051518,0.433763,-5.644116,114.385582,17.306393,0.056606,0.950061,-0.098262,0.290730,-5.605088,132.296539,15.266341,0.053733,0.988194,-0.063170,0.128819,-2.403676,145.208450,11.737548,-0.066786,0.925544,0.012260,0.372501,-8.533845,126.682220,13.577102,-0.517351,0.585157,-0.306907,0.543827,-20.453449,124.769699,2.031586,-0.594655,0.531071,-0.304336,0.521276,-17.501228,102.901016,-5.393040,-0.691786,0.432440,-0.302940,0.492602,-11.473079,80.083748,-10.003209,-0.058325,0.915069,-0.103625,0.385368,-4.151009,127.296242,19.051794,0.617180,0.771214,0.145575,0.055904,7.478168,130.413467,30.631035,0.635485,0.745642,0.191559,0.059015,12.878041,107.870483,28.454967,0.536092,0.790407,0.296405,0.002608,17.334871,84.538483,24.716677,0.029520,0.944182,0.103214,0.311441,-10.392702,88.772804,7.688041,0.069851,0.956052,-0.017878,0.284194,-10.096200,54.877300,0.287786,0.014312,0.953644,-0.084643,0.288434,-16.522404,10.630095,0.041096,-0.081607,0.931529,-0.077751,0.345760,2.744934,88.078911,19.398127,0.003798,0.969027,-0.131313,0.209113,6.154514,54.265308,26.381815,0.026714,0.817414,-0.087665,0.568713,3.369830,11.096451,37.689655,0.014312,0.953644,-0.084643,0.288434,-9.723249,2.748779,-9.904383,0.026714,0.817414,-0.087665,0.568713,14.768728,3.173975,33.874454
207,1.725000,0.044602,0.932278,-0.062233,0.353546,-3.824338,88.422989,13.547368,-0.017809,0.902630,0.132107,0.409255,-2.906044,95.559502,12.937178,-0.023770,0.899211,-0.051509,0.433822,-5.644116,114.384438,17.307611,0.056975,0.949998,-0.098193,0.290888,-5.609082,132.295212,15.265937,0.053645,0.988186,-0.063192,0.128906,-2.397969,145.206207,11.742552,-0.066755,0.925559,0.012365,0.372468,-8.536306,126.680061,13.576855,-0.517303,0.585043,-0.307098,0.543887,-20.456877,124.769768,2.031967,-0.594559,0.531068,-0.304382,0.521362,-17.503927,102.899445,-5.387511,-0.691848,0.432279,-0.302993,0.492622,-11.476954,80.082314,-9.999921,-0.058444,0.915092,-0.103847,0.385237,-4.154276,127.295616,19.052019,0.617148,0.771250,0.145491,0.055978,7.477826,130.418884,30.626690,0.635616,0.745503,0.191662,0.059029,12.879136,107.875732,28.456005,0.535963,0.790478,0.296445,0.002965,17.327877,84.542870,24.713480,0.029526,0.944200,0.103306,0.311355,-10.394131,88.767822,7.693293,0.069840,0.956073,-0.017892,0.284123,-10.096680,54.873657,0.286928,0.014375,0.953632,-0.084527,0.288505,-16.522320,10.626367,0.042161,-0.081649,0.931586,-0.077788,0.345586,2.745454,88.078156,19.401443,0.003852,0.969064,-0.131278,0.208965,6.158114,54.265438,26.387865,0.026677,0.817467,-0.087635,0.568645,3.371225,11.095795,37.692135,0.014375,0.953632,-0.084527,0.288505,-9.721935,2.747289,-9.904249,0.026677,0.817467,-0.087635,0.568645,14.770123,3.174372,33.874760
208,1.733333,0.044579,0.932281,-0.062210,0.353546,-3.826160,88.423538,13.547715,-0.017806,0.902619,0.132134,0.409272,-2.908281,95.560120,12.937717,-0.023787,0.899197,-0.051502,0.433850,-5.646756,114.384781,17.309074,0.057065,0.949956,-0.098239,0.290992,-5.612318,132.295547,15.267329,0.053741,0.988158,-0.063168,0.129095,-2.398042,145.205765,11.743983,-0.066483,0.925543,0.012166,0.372561,-8.539216,126.680267,13.578094,-0.517014,0.584769,-0.307668,0.544135,-20.458673,124.775955,2.031069,-0.594396,0.530720,-0.304439,0.521867,-17.507097,102.902130,-5.378591,-0.691485,0.432467,-0.303156,0.492867,-11.464079,80.090248,-9.995924,-0.058394,0.915106,-0.103822,0.385217,-4.157539,127.296021,19.053516,0.617258,0.771114,0.145679,0.056147,7.475265,130.417404,30.627993,0.635650,0.745431,0.191811,0.059083,12.869353,107.872566,28.456869,0.535735,0.790631,0.296448,0.003075,17.315697,84.539764,24.711187,0.029559,0.944157,0.103273,0.311495,-10.395992,88.768150,7.693672,0.069794,0.956079,-0.017879,0.284116,-10.100317,54.873646,0.288818,0.014286,0.953659,-0.084476,0.288433,-16.521723,10.625735,0.044159,-0.081654,0.931618,-0.077776,0.345501,2.743673,88.078926,19.401758,0.003799,0.969015,-0.131291,0.209186,6.157610,54.266136,26.387253,0.026689,0.817476,-0.087635,0.568630,3.372464,11.096769,37.693043,0.014286,0.953659,-0.084476,0.288433,-9.721516,2.748449,-9.903794,0.026689,0.817476,-0.087635,0.568630,14.771077,3.175173,33.875172
209,1.741667,0.044503,0.932290,-0.062203,0.353532,-3.828610,88.422264,13.549267,-0.017427,0.902611,0.132085,0.409321,-2.911797,95.558960,12.938955,-0.024959,0.899092,-0.051301,0.434026,-5.636380,114.384651,17.314545,0.057802,0.949790,-0.098270,0.291379,-5.642691,132.294113,15.261038,0.053915,0.988127,-0.063167,0.129263,-2.407423,145.200974,11.744628,-0.066421,0.925499,0.012380,0.372675,-8.556158,126.670982,13.574685,-0.517550,0.584756,-0.307264,0.543867,-20.473061,124.771416,2.024244,-0.594618,0.530798,-0.304345,0.521591,-17.509241,102.897354,-5.379855,-0.691540,0.432473,-0.303282,0.492706,-11.467422,80.084015,-9.991513,-0.057925,0.915255,-0.103669,0.384974,-4.177435,127.300430,19.050915,0.617153,0.771239,0.145467,0.056142,7.463443,130.404968,30.621799,0.635659,0.745400,0.191908,0.059065,12.863605,107.860924,28.457632,0.535783,0.790538,0.296605,0.003376,17.309505,84.528648,24.708158,0.029521,0.944183,0.103273,0.311418,-10.398737,88.765694,7.695487,0.069788,0.955993,-0.017870,0.284407,-10.101186,54.871033,0.291397,0.014328,0.953659,-0.084417,0.288450,-16.521772,10.623020,0.044173,-0.081687,0.931596,-0.077749,0.345560,2.741518,88.078835,19.403046,0.003821,0.969042,-0.131283,0.209062,6.157746,54.266121,26.387791,0.026579,0.817482,-0.087737,0.568612,3.372298,11.096570,37.692799,0.014328,0.953659,-0.084417,0.288450,-9.721506,2.746803,-9.904582,0.026579,0.817482,-0.087737,0.568612,14.771156,3.174560,33.876522
210,1.750000,0.044533,0.932288,-0.062314,0.353515,-3.831062,88.419365,13.551380,-0.017436,0.902610,0.132119,0.409312,-2.913296,95.555824,12.939726,-0.024931,0.899094,-0.051349,0.434018,-5.638703,114.381149,17.316397,0.057860,0.949782,-0.098249,0.291398,-5.643356,132.290466,15.261772,0.054012,0.988115,-0.063169,0.129309,-2.406656,145.197266,11.746445,-0.066427,0.925503,0.012486,0.372660,-8.557364,126.667526,13.575798,-0.517573,0.584691,-0.307349,0.543867,-20.474619,124.769066,2.025542,-0.594532,0.531025,-0.304500,0.521368,-17.509678,102.893806,-5.374538,-0.691646,0.432514,-0.303075,0.492648,-11.483955,80.075562,-9.983012,-0.057907,0.915213,-0.103758,0.385053,-4.178533,127.296898,19.051945,0.617227,0.771173,0.145511,0.056116,7.460384,130.402206,30.624596,0.635684,0.745366,0.191937,0.059129,12.856418,107.857445,28.457546,0.535811,0.790433,0.296836,0.003241,17.300421,84.524628,24.709154,0.029484,0.944203,0.103357,0.311333,-10.401342,88.762619,7.697763,0.069782,0.956106,-0.017846,0.284030,-10.100194,54.869007,0.289013,0.014063,0.953670,-0.084478,0.288409,-16.519720,10.620832,0.042440,-0.081702,0.931610,-0.077753,0.345517,2.739219,88.076111,19.404995,0.003914,0.969097,-0.131239,0.208837,6.156624,54.263615,26.390188,0.024610,0.817415,-0.089829,0.568470,3.366535,11.093092,37.690334,0.014063,0.953670,-0.084478,0.288409,-9.717108,2.745113,-9.905106,0.024610,0.817415,-0.089829,0.568470,14.769499,3.158818,33.911999
211,1.758333,0.044600,0.932259,-0.062474,0.353554,-3.835362,88.416168,13.552636,-0.016054,0.902636,0.133403,0.408893,-2.915868,95.552254,12.939220,-0.027243,0.899110,-0.052582,0.433699,-5.610972,114.366066,17.383635,0.058513,0.949669,-0.097989,0.291725,-5.671894,132.266418,15.253128,0.054196,0.988087,-0.063240,0.129410,-2.418841,145.172699,11.751033,-0.065745,0.925426,0.012365,0.372977,-8.569989,126.627502,13.593249,-0.517787,0.584790,-0.306889,0.543817,-20.482353,124.748932,2.034697,-0.594709,0.531056,-0.304382,0.521203,-17.509621,102.877831,-5.374576,-0.691681,0.432559,-0.302936,0.492646,-11.482059,80.059525,-9.980383,-0.057862,0.915330,-0.103895,0.384744,-4.188949,127.293457,19.063301,0.617270,0.771114,0.145641,0.056127,7.458080,130.398315,30.627907,0.635686,0.745369,0.191873,0.059262,12.851623,107.853333,28.457069,0.536709,0.789769,0.296985,0.002860,17.294724,84.519264,24.715414,0.029457,0.944196,0.103338,0.311365,-10.405055,88.759453,7.698359,0.069585,0.956204,-0.017804,0.283751,-10.102353,54.865467,0.291419,0.014387,0.953794,-0.084423,0.287999,-16.504192,10.614714,0.048085,-0.081682,0.931629,-0.077629,0.345498,2.734331,88.072891,19.406914,0.003849,0.969068,-0.131212,0.208987,6.153696,54.258831,26.383581,0.023873,0.817375,-0.090667,0.568426,3.367980,11.087638,37.682251,0.014387,0.953794,-0.084423,0.287999,-9.714649,2.737791,-9.907435,0.023873,0.817375,-0.090667,0.568426,14.772102,3.147770,33.919174
212,1.766667,0.044566,0.932258,-0.062598,0.353540,-3.837553,88.412788,13.555402,-0.017480,0.902606,0.132169,0.409302,-2.917892,95.548698,12.940142,-0.024889,0.899100,-0.051435,0.433999,-5.645611,114.373436,17.317871,0.057749,0.949777,-0.098528,0.291344,-5.647591,132.282516,15.261117,0.054559,0.988079,-0.063010,0.129434,-2.411916,145.187347,11.737676,-0.066316,0.925575,0.012289,0.372508,-8.562514,126.659813,13.575903,-0.517815,0.584594,-0.307250,0.543797,-20.484030,124.762108,2.029920,-0.594617,0.531062,-0.304476,0.521247,-17.510952,102.886093,-5.364688,-0.691651,0.432587,-0.302936,0.492664,-11.486477,80.066971,-9.970458,-0.057816,0.915172,-0.103870,0.385135,-4.183410,127.289177,19.051836,0.617310,0.771080,0.145649,0.056131,7.453751,130.393356,30.626556,0.635833,0.745206,0.192005,0.059315,12.844975,107.847855,28.455278,0.536316,0.789994,0.297092,0.003263,17.278799,84.512665,24.709641,0.029483,0.944096,0.103368,0.311656,-10.407475,88.754768,7.701307,0.069586,0.956348,-0.017742,0.283269,-10.103544,54.861320,0.291952,0.014121,0.953793,-0.084420,0.288017,-16.504032,10.610384,0.046557,-0.081639,0.931545,-0.077749,0.345707,2.732370,88.070816,19.409496,0.003903,0.968832,-0.130849,0.210305,6.144465,54.257553,26.393620,0.023689,0.816923,-0.090603,0.569092,3.345507,11.077884,37.656570,0.014121,0.953793,-0.084420,0.288017,-9.710556,2.735466,-9.907866,0.023689,0.816923,-0.090603,0.569092,14.759292,3.142600,33.913185
213,1.775000,0.044590,0.932262,-0.062685,0.353511,-3.840270,88.411346,13.557127,-0.016150,0.902631,0.133445,0.408888,-2.919868,95.547058,12.940788,-0.027108,0.899110,-0.052619,0.433703,-5.618979,114.360306,17.385113,0.058445,0.949640,-0.098394,0.291697,-5.674935,132.260788,15.255536,0.054632,0.988053,-0.063049,0.129584,-2.420727,145.163849,11.742659,-0.065697,0.925471,0.012374,0.372872,-8.574538,126.622749,13.595295,-0.517923,0.584574,-0.307070,0.543818,-20.489719,124.745628,2.039415,-0.594689,0.531097,-0.304356,0.521199,-17.510410,102.871445,-5.358088,-0.691750,0.432562,-0.302762,0.492653,-11.484196,80.053185,-9.965877,-0.057719,0.915250,-0.103112,0.385167,-4.193446,127.287224,19.065485,0.617227,0.771067,0.146126,0.055975,7.443267,130.378952,30.643984,0.635861,0.745113,0.192233,0.059444,12.840044,107.836594,28.453922,0.536076,0.790087,0.297278,0.003490,17.271441,84.501396,24.705416,0.029445,0.944112,0.103383,0.311603,-10.410520,88.753197,7.703395,0.069558,0.956352,-0.017711,0.283264,-10.104175,54.859810,0.293868,0.014422,0.953780,-0.084383,0.288053,-16.501438,10.608419,0.046568,-0.081719,0.931700,-0.077621,0.345300,2.729980,88.069489,19.410858,0.003842,0.969102,-0.131173,0.208856,6.153378,54.255749,26.387142,0.024003,0.817431,-0.090735,0.568328,3.370516,11.083642,37.683014,0.014422,0.953780,-0.084383,0.288053,-9.710984,2.732183,-9.908871,0.024003,0.817431,-0.090735,0.568328,14.771456,3.140503,33.917225
214,1.783333,0.044556,0.932254,-0.062665,0.353539,-3.841729,88.411568,13.556660,-0.016026,0.902620,0.133511,0.408895,-2.921861,95.547363,12.940441,-0.027207,0.899099,-0.052672,0.433713,-5.617689,114.360092,17.389006,0.058538,0.949596,-0.098377,0.291828,-5.675978,132.260178,15.256165,0.054691,0.988025,-0.062976,0.129808,-2.418832,145.162979,11.745053,-0.065802,0.925504,0.012485,0.372769,-8.574801,126.621460,13.596895,-0.518054,0.584647,-0.306951,0.543681,-20.492085,124.742363,2.043502,-0.594798,0.531088,-0.304345,0.521090,-17.513374,102.867798,-5.353105,-0.691759,0.432545,-0.302658,0.492719,-11.486382,80.048874,-9.956583,-0.057772,0.915312,-0.103987,0.384776,-4.193903,127.287506,19.067051,0.617474,0.770923,0.145805,0.056075,7.452664,130.390854,30.632528,0.635656,0.745231,0.192389,0.059664,12.834728,107.843933,28.453228,0.536222,0.789793,0.297792,0.003781,17.277401,84.510025,24.710085,0.029438,0.944081,0.103389,0.311698,-10.411687,88.752960,7.702569,0.069522,0.956207,-0.017762,0.283759,-10.104004,54.859627,0.292862,0.014256,0.953807,-0.084405,0.287968,-16.499374,10.607952,0.047539,-0.081749,0.931710,-0.077610,0.345267,2.728228,88.070175,19.410749,0.003834,0.969096,-0.131201,0.208865,6.154027,54.256664,26.386919,0.024113,0.817424,-0.090639,0.568349,3.371249,11.085197,37.685257,0.014256,0.953807,-0.084405,0.287968,-9.708681,2.732396,-9.908277,0.024113,0.817424,-0.090639,0.568349,14.771914,3.142353,33.917995
215,1.791667,0.044538,0.932255,-0.062615,0.353547,-3.843068,88.411430,13.556057,-0.017650,0.902623,0.132305,0.409212,-2.923693,95.547340,12.940431,-0.024618,0.899162,-0.051533,0.433873,-5.659165,114.370430,17.320410,0.058102,0.949723,-0.098519,0.291452,-5.651109,132.279633,15.264736,0.054799,0.988023,-0.062930,0.129799,-2.405952,145.183075,11.744882,-0.066450,0.925695,0.012215,0.372187,-8.569759,126.658752,13.579905,-0.518202,0.584474,-0.307135,0.543622,-20.498672,124.755585,2.042459,-0.594840,0.531107,-0.304319,0.521037,-17.515806,102.877342,-5.341620,-0.691897,0.432522,-0.302566,0.492603,-11.489042,80.058205,-9.944360,-0.057748,0.915141,-0.103691,0.385267,-4.188931,127.285194,19.054794,0.617388,0.770961,0.145948,0.056128,7.445088,130.385406,30.633736,0.635713,0.745158,0.192469,0.059696,12.831812,107.839737,28.452900,0.536192,0.789843,0.297707,0.003974,17.270769,84.505447,24.707710,0.029430,0.944078,0.103358,0.311718,-10.412945,88.752831,7.701877,0.069513,0.956212,-0.017760,0.283745,-10.105266,54.859032,0.294289,0.014179,0.953807,-0.084397,0.287972,-16.499826,10.607234,0.049118,-0.081766,0.931680,-0.077659,0.345335,2.726810,88.070038,19.410238,0.003809,0.969085,-0.131180,0.208931,6.152014,54.257236,26.390202,0.024053,0.817461,-0.090706,0.568289,3.371010,11.085269,37.687057,0.014179,0.953807,-0.084397,0.287972,-9.708004,2.732420,-9.906515,0.024053,0.817461,-0.090706,0.568289,14.771187,3.141924,33.919384
216,1.800000,0.044394,0.932242,-0.062603,0.353602,-3.840959,88.408279,13.556349,-0.016154,0.902637,0.133563,0.408836,-2.923549,95.544395,12.940192,-0.027104,0.899142,-0.052706,0.433625,-5.624460,114.356407,17.388699,0.058728,0.949596,-0.098200,0.291849,-5.679113,132.256561,15.256386,0.055015,0.987990,-0.062973,0.129938,-2.418377,145.160095,11.751340,-0.065713,0.925644,0.012258,0.372443,-8.579509,126.618553,13.597481,-0.518434,0.584622,-0.306683,0.543497,-20.505301,124.738930,2.052952,-0.595073,0.531111,-0.304246,0.520811,-17.517540,102.864037,-5.339054,-0.691969,0.432547,-0.302597,0.492460,-11.488810,80.044006,-9.934777,-0.057755,0.915291,-0.103956,0.384837,-4.197460,127.283455,19.066854,0.617541,0.770845,0.145921,0.056104,7.447606,130.386063,30.634043,0.635750,0.745164,0.192341,0.059645,12.825664,107.838478,28.451746,0.536476,0.789727,0.297507,0.003825,17.262690,84.503532,24.708334,0.029479,0.944080,0.103395,0.311694,-10.410378,88.747314,7.701520,0.069520,0.956298,-0.017775,0.283453,-10.105240,54.854225,0.290538,0.014149,0.953798,-0.084208,0.288061,-16.500860,10.602572,0.048388,-0.081752,0.931745,-0.077689,0.345155,2.728462,88.069244,19.411179,0.003870,0.969138,-0.131153,0.208700,6.153384,54.256618,26.392063,0.024009,0.817452,-0.090742,0.568297,3.370317,11.084059,37.686153,0.014149,0.953798,-0.084208,0.288061,-9.705864,2.732372,-9.908726,0.024009,0.817452,-0.090742,0.568297,14.770807,3.140680,33.919502
217,1.808333,0.044436,0.932246,-0.062744,0.353562,-3.845305,88.406105,13.558968,-0.017725,0.902623,0.132400,0.409179,-2.926639,95.541916,12.941095,-0.024553,0.899174,-0.051674,0.433835,-5.666070,114.363930,17.323223,0.058236,0.949688,-0.098453,0.291560,-5.653795,132.272736,15.263984,0.055088,0.987978,-0.062780,0.130088,-2.405157,145.176178,11.747334,-0.066361,0.925812,0.012113,0.371915,-8.573921,126.652214,13.580462,-0.518396,0.584308,-0.307170,0.543596,-20.509979,124.750160,2.050231,-0.594984,0.531063,-0.304143,0.521021,-17.519075,102.870140,-5.325331,-0.691485,0.433310,-0.301458,0.493168,-11.484888,80.053246,-9.929463,-0.057688,0.915115,-0.103785,0.385312,-4.192583,127.278687,19.054939,0.617534,0.770857,0.145916,0.056035,7.440514,130.378372,30.634949,0.635925,0.744993,0.192410,0.059694,12.819327,107.831169,28.450447,0.535248,0.790602,0.297386,0.004547,17.245358,84.494530,24.704561,0.029418,0.944085,0.103421,0.311676,-10.415156,88.744995,7.704614,0.069504,0.956363,-0.017715,0.283242,-10.105612,54.852043,0.293196,0.014371,0.953801,-0.084224,0.288034,-16.498440,10.600000,0.047778,-0.081713,0.931708,-0.077587,0.345288,2.724547,88.067215,19.413321,0.003825,0.969133,-0.131167,0.208715,6.148442,54.253048,26.387257,0.024015,0.817444,-0.090769,0.568305,3.368837,11.080778,37.683315,0.014371,0.953801,-0.084224,0.288034,-9.707058,2.727793,-9.910216,0.024015,0.817444,-0.090769,0.568305,14.769089,3.136781,33.917240
218,1.816667,0.044375,0.932254,-0.062775,0.353543,-3.846437,88.400314,13.560222,-0.016175,0.902641,0.133661,0.408795,-2.928450,95.536140,12.941596,-0.027053,0.899149,-0.052875,0.433593,-5.631428,114.347099,17.393259,0.058763,0.949576,-0.098125,0.291932,-5.681839,132.246719,15.256290,0.055463,0.987938,-0.062805,0.130223,-2.420335,145.150757,11.753778,-0.065569,0.925775,0.012035,0.372152,-8.583684,126.608971,13.598998,-0.518615,0.584445,-0.306734,0.543487,-20.517345,124.730637,2.062404,-0.595236,0.531078,-0.303975,0.520816,-17.521397,102.853951,-5.321009,-0.691592,0.433364,-0.301166,0.493147,-11.483071,80.037415,-9.921466,-0.057722,0.915254,-0.103963,0.384929,-4.201207,127.274231,19.067980,0.617638,0.770748,0.146044,0.056049,7.441610,130.376175,30.637604,0.635991,0.744943,0.192379,0.059711,12.814376,107.827950,28.448915,0.535413,0.790535,0.297265,0.004480,17.236246,84.490402,24.703812,0.029430,0.944047,0.103514,0.311760,-10.416625,88.738029,7.706182,0.069471,0.956329,-0.017755,0.283362,-10.105220,54.846455,0.288573,0.014382,0.953817,-0.084161,0.287998,-16.496164,10.594121,0.046582,-0.081736,0.931733,-0.077586,0.345216,2.723752,88.062599,19.414261,0.003998,0.968913,-0.130915,0.209888,6.149723,54.248692,26.388416,0.023697,0.816942,-0.090754,0.569041,3.346150,11.070627,37.656361,0.014382,0.953817,-0.084161,0.287998,-9.705444,2.723281,-9.912939,0.023697,0.816942,-0.090754,0.569041,14.757988,3.132279,33.913544
219,1.825000,0.044390,0.932254,-0.062848,0.353529,-3.849716,88.399071,13.562595,-0.017746,0.902640,0.132483,0.409114,-2.931155,95.534744,12.943056,-0.024543,0.899199,-0.051812,0.433767,-5.672335,114.355865,17.327942,0.058363,0.949662,-0.098350,0.291656,-5.657711,132.264160,15.264392,0.055493,0.987928,-0.062587,0.130393,-2.406116,145.167953,11.751763,-0.066372,0.925943,0.011939,0.371594,-8.578889,126.643669,13.582619,-0.518803,0.584300,-0.306905,0.543366,-20.522892,124.738716,2.061097,-0.595320,0.531093,-0.303941,0.520725,-17.523933,102.857819,-5.308556,-0.691648,0.433470,-0.300910,0.493134,-11.485394,80.040894,-9.906766,-0.057545,0.915091,-0.103984,0.385338,-4.196719,127.270821,19.056351,0.617606,0.770759,0.146111,0.056079,7.436260,130.368729,30.636948,0.635970,0.744951,0.192415,0.059724,12.810707,107.820961,28.447660,0.536167,0.789987,0.297368,0.004273,17.233807,84.483711,24.702145,0.029396,0.944037,0.103556,0.311778,-10.420054,88.736603,7.708709,0.069503,0.956334,-0.017754,0.283336,-10.105329,54.845505,0.289070,0.013484,0.953841,-0.084659,0.287818,-16.499020,10.593569,0.046390,-0.081715,0.931551,-0.077608,0.345706,2.720621,88.061539,19.416483,0.003769,0.968957,-0.130956,0.209661,6.141056,54.247620,26.393339,0.024179,0.817358,-0.090459,0.568470,3.359231,11.070374,37.669804,0.013484,0.953841,-0.084659,0.287818,-9.702499,2.717704,-9.905205,0.024179,0.817358,-0.090459,0.568470,14.761911,3.130162,33.903099
220,1.833333,0.044357,0.932268,-0.062798,0.353505,-3.851098,88.398567,13.562269,-0.017769,0.902649,0.132531,0.409078,-2.933254,95.534370,12.943218,-0.024522,0.899217,-0.051800,0.433732,-5.675819,114.354965,17.329493,0.058326,0.949668,-0.098362,0.291641,-5.660807,132.263351,15.266662,0.055846,0.987901,-0.062446,0.130509,-2.410150,145.167191,11.753378,-0.066305,0.925985,0.011924,0.371502,-8.582287,126.643013,13.584888,-0.518984,0.584255,-0.306929,0.543228,-20.528858,124.739815,2.065735,-0.595451,0.531102,-0.303838,0.520626,-17.528154,102.856430,-5.295840,-0.691845,0.433387,-0.300817,0.492986,-11.487061,80.039917,-9.892776,-0.057439,0.915083,-0.103633,0.385465,-4.199674,127.269814,19.058308,0.617549,0.770715,0.146530,0.056215,7.430445,130.360397,30.643740,0.635961,0.744919,0.192539,0.059819,12.807496,107.813919,28.447571,0.536371,0.789884,0.297273,0.004232,17.230597,84.476723,24.701698,0.029344,0.944069,0.103555,0.311688,-10.421790,88.735916,7.708768,0.069486,0.956373,-0.017723,0.283211,-10.104387,54.844582,0.290301,0.014361,0.953820,-0.084114,0.288005,-16.495852,10.592336,0.046233,-0.081727,0.931554,-0.077656,0.345684,2.719594,88.061211,19.415770,0.003656,0.969070,-0.131065,0.209074,6.139758,54.247952,26.395905,0.024366,0.817642,-0.090447,0.568056,3.372545,11.073175,37.685413,0.014361,0.953820,-0.084114,0.288005,-9.704493,2.722731,-9.913836,0.024366,0.817642,-0.090447,0.568056,14.768788,3.130088,33.905304
221,1.841667,0.044320,0.932285,-0.062738,0.353474,-3.851690,88.399300,13.562668,-0.017774,0.902650,0.132543,0.409072,-2.934664,95.535263,12.944192,-0.024524,0.899215,-0.051785,0.433738,-5.677573,114.355728,17.330769,0.058354,0.949639,-0.098344,0.291736,-5.662836,132.264160,15.268392,0.056035,0.987868,-0.062307,0.130747,-2.411107,145.168030,11.756201,-0.066356,0.926019,0.011860,0.371410,-8.584204,126.643822,13.586444,-0.519124,0.584261,-0.306951,0.543075,-20.532825,124.738136,2.069834,-0.595616,0.531128,-0.303995,0.520318,-17.533079,102.852425,-5.285223,-0.692726,0.432455,-0.301933,0.491884,-11.497890,80.031517,-9.868069,-0.057414,0.915070,-0.103092,0.385646,-4.201663,127.270554,19.059927,0.617519,0.770666,0.146888,0.056283,7.423892,130.353989,30.651838,0.635871,0.744978,0.192594,0.059871,12.802279,107.808594,28.447878,0.536743,0.789708,0.297071,0.004149,17.230602,84.472198,24.703186,0.029343,0.944040,0.103572,0.311768,-10.422815,88.736458,7.709645,0.069510,0.956235,-0.017778,0.283667,-10.104339,54.845367,0.290110,0.014391,0.953812,-0.084062,0.288045,-16.499134,10.593596,0.047112,-0.081803,0.931765,-0.077627,0.345103,2.719435,88.062149,19.415689,0.003773,0.969108,-0.131134,0.208853,6.149523,54.249428,26.393616,0.024511,0.817602,-0.090325,0.568126,3.373415,11.076361,37.687485,0.014391,0.953812,-0.084062,0.288045,-9.707079,2.724981,-9.913259,0.024511,0.817602,-0.090325,0.568126,14.769678,3.133600,33.906761
222,1.850000,0.044307,0.932288,-0.062720,0.353471,-3.852822,88.398453,13.563199,-0.017923,0.902650,0.132783,0.408987,-2.936073,95.534477,12.944887,-0.024409,0.899250,-0.052022,0.433644,-5.687609,114.352249,17.337627,0.058383,0.949630,-0.098200,0.291805,-5.665661,132.259995,15.269393,0.056273,0.987824,-0.062213,0.131018,-2.413919,145.164993,11.761334,-0.066274,0.926034,0.011791,0.371388,-8.589702,126.640343,13.589796,-0.519291,0.584244,-0.306989,0.542912,-20.539230,124.736275,2.073862,-0.595841,0.531108,-0.303813,0.520187,-17.539669,102.847801,-5.273028,-0.692844,0.432690,-0.301624,0.491701,-11.498149,80.028175,-9.853928,-0.057427,0.915072,-0.103073,0.385644,-4.205932,127.267014,19.062302,0.617521,0.770614,0.147113,0.056382,7.419608,130.350601,30.654182,0.635947,0.744866,0.192726,0.060014,12.797354,107.805344,28.447147,0.535943,0.790238,0.297101,0.004473,17.220154,84.467903,24.702497,0.029325,0.944020,0.103626,0.311813,-10.424015,88.735504,7.710248,0.069531,0.956362,-0.017785,0.283232,-10.102811,54.845119,0.287613,0.014122,0.953820,-0.084043,0.288036,-16.499733,10.593635,0.047550,-0.081796,0.931792,-0.077654,0.345025,2.718371,88.061409,19.416151,0.003748,0.969110,-0.131133,0.208846,6.147964,54.248917,26.395393,0.024529,0.817638,-0.090238,0.568088,3.374130,11.075788,37.689579,0.014122,0.953820,-0.084043,0.288036,-9.704218,2.727409,-9.912347,0.024529,0.817638,-0.090238,0.568088,14.770530,3.134403,33.906387
223,1.858333,0.044310,0.932296,-0.062727,0.353448,-3.854142,88.398399,13.563652,-0.017020,0.902694,0.133918,0.408559,-2.937324,95.534401,12.945249,-0.026317,0.899296,-0.053022,0.433316,-5.672931,114.341591,17.392895,0.059024,0.949510,-0.097917,0.292162,-5.697878,132.242065,15.262640,0.056604,0.987763,-0.062162,0.131361,-2.430087,145.146759,11.768465,-0.065640,0.925999,0.011644,0.371593,-8.608997,126.609253,13.604806,-0.519802,0.584371,-0.306385,0.542628,-20.556253,124.723145,2.083556,-0.596211,0.531097,-0.303592,0.519904,-17.546322,102.837036,-5.266128,-0.693065,0.432492,-0.301531,0.491620,-11.497800,80.017944,-9.840466,-0.057285,0.915313,-0.103943,0.384859,-4.222586,127.265953,19.071672,0.617709,0.770511,0.146832,0.056474,7.423715,130.354126,30.641478,0.635886,0.744939,0.192632,0.060068,12.790184,107.805229,28.444252,0.536830,0.789578,0.297258,0.004219,17.216404,84.467529,24.705198,0.029330,0.944013,0.103657,0.311824,-10.425611,88.735504,7.711008,0.069507,0.956324,-0.017802,0.283366,-10.103973,54.845585,0.286270,0.014378,0.953829,-0.084019,0.288001,-16.499203,10.593849,0.047353,-0.081811,0.931770,-0.077634,0.345087,2.717326,88.061302,19.416296,0.003756,0.969103,-0.131128,0.208878,6.147876,54.248749,26.394787,0.024416,0.817670,-0.090373,0.568026,3.373049,11.075523,37.688351,0.014378,0.953829,-0.084019,0.288001,-9.707740,2.726320,-9.914282,0.024416,0.817670,-0.090373,0.568026,14.769018,3.133121,33.905983
224,1.866667,0.044306,0.932303,-0.062836,0.353412,-3.857290,88.395897,13.566147,-0.017760,0.902669,0.132599,0.409013,-2.940001,95.531708,12.946232,-0.024510,0.899241,-0.051815,0.433682,-5.683000,114.351631,17.335125,0.058336,0.949566,-0.098159,0.292039,-5.667463,132.259979,15.272006,0.056680,0.987742,-0.061934,0.131595,-2.415990,145.165497,11.765657,-0.066341,0.926202,0.011712,0.370959,-8.589362,126.639732,13.590643,-0.519929,0.584338,-0.306828,0.542291,-20.549240,124.732086,2.086049,-0.596211,0.531220,-0.303395,0.519895,-17.550186,102.836929,-5.241103,-0.693263,0.432450,-0.301370,0.491477,-11.502128,80.019417,-9.823927,-0.057309,0.915056,-0.103533,0.385576,-4.206125,127.266441,19.063572,0.617924,0.770257,0.147253,0.056490,7.421638,130.352081,30.652683,0.635743,0.745010,0.192787,0.060205,12.775664,107.801559,28.441814,0.537040,0.789423,0.297289,0.004188,17.209860,84.465103,24.704477,0.029324,0.944020,0.103701,0.311789,-10.429217,88.732300,7.713982,0.069506,0.956366,-0.017774,0.283228,-10.106530,54.842983,0.286536,0.014379,0.953798,-0.084002,0.288109,-16.500971,10.591146,0.046208,-0.081753,0.931647,-0.077661,0.345427,2.714637,88.059494,19.418312,0.003640,0.969043,-0.131046,0.209212,6.138237,54.246582,26.398468,0.024454,0.817647,-0.090274,0.568072,3.371100,11.071351,37.686260,0.014379,0.953798,-0.084002,0.288109,-9.707079,2.724046,-9.914104,0.024454,0.817647,-0.090274,0.568072,14.767951,3.130350,33.903614
225,1.875000,0.044288,0.932306,-0.062872,0.353400,-3.858036,88.394112,13.566540,-0.017933,0.902674,0.132853,0.408910,-2.940809,95.529869,12.946026,-0.024445,0.899282,-0.052029,0.433575,-5.693445,114.346909,17.341255,0.058248,0.949592,-0.098164,0.291971,-5.672681,132.254562,15.272239,0.057179,0.987713,-0.061667,0.131720,-2.423777,145.160416,11.764721,-0.066254,0.926261,0.011416,0.370838,-8.596711,126.634689,13.593340,-0.520260,0.584386,-0.306566,0.542071,-20.559982,124.725891,2.092467,-0.596454,0.531227,-0.303287,0.519671,-17.556017,102.830338,-5.231514,-0.693366,0.432517,-0.301473,0.491209,-11.505182,80.012367,-9.808361,-0.057293,0.915038,-0.103516,0.385626,-4.212124,127.261818,19.065140,0.617818,0.770200,0.147802,0.056984,7.414393,130.346909,30.655647,0.635748,0.744892,0.193166,0.060390,12.771893,107.796982,28.447241,0.537211,0.789253,0.297435,0.004171,17.204700,84.461128,24.704535,0.029322,0.944022,0.103741,0.311769,-10.430134,88.730011,7.714535,0.069512,0.956367,-0.017795,0.283219,-10.106582,54.841255,0.284547,0.013339,0.953873,-0.084493,0.287766,-16.502054,10.589555,0.045879,-0.081810,0.931841,-0.077554,0.344912,2.714062,88.058212,19.418545,0.003801,0.969139,-0.131163,0.208690,6.147839,54.244804,26.391294,0.024336,0.817695,-0.090486,0.567974,3.370685,11.072424,37.687515,0.013339,0.953873,-0.084493,0.287766,-9.704023,2.718566,-9.908541,0.024336,0.817695,-0.090486,0.567974,14.766102,3.128936,33.905773
226,1.883333,0.044272,0.932321,-0.062831,0.353368,-3.855662,88.395020,13.566354,-0.017832,0.902643,0.132905,0.408966,-2.938888,95.530876,12.946277,-0.024639,0.899228,-0.052009,0.433678,-5.689074,114.347519,17.344748,0.058181,0.949540,-0.098072,0.292184,-5.674671,132.254913,15.273356,0.057374,0.987662,-0.061582,0.132062,-2.427033,145.161819,11.768540,-0.066368,0.926353,0.011309,0.370590,-8.596211,126.633705,13.594585,-0.520560,0.584344,-0.306505,0.541862,-20.565119,124.719742,2.100433,-0.596645,0.531351,-0.303114,0.519426,-17.557135,102.821556,-5.214010,-0.693778,0.432366,-0.301410,0.490800,-11.507621,80.003036,-9.789869,-0.057299,0.915008,-0.102951,0.385848,-4.213021,127.263214,19.067230,0.617831,0.770063,0.148416,0.057103,7.407763,130.341904,30.665184,0.635630,0.744910,0.193423,0.060593,12.763885,107.792999,28.442928,0.537933,0.788716,0.297556,0.004064,17.202715,84.458199,24.700819,0.029343,0.944046,0.103724,0.311702,-10.428185,88.730949,7.714828,0.069512,0.956393,-0.017770,0.283132,-10.106945,54.842041,0.285447,0.014320,0.953814,-0.083957,0.288071,-16.501831,10.590270,0.045225,-0.081772,0.931752,-0.077529,0.345167,2.716861,88.059097,19.417879,0.003762,0.969105,-0.131187,0.208831,6.146898,54.244984,26.389063,0.024444,0.817677,-0.090385,0.568012,3.370979,11.073149,37.687687,0.014320,0.953814,-0.083957,0.288071,-9.707807,2.724622,-9.916147,0.024444,0.817677,-0.090385,0.568012,14.766351,3.130083,33.904911
227,1.891667,0.044216,0.932345,-0.062766,0.353324,-3.854576,88.395798,13.566470,-0.017149,0.902729,0.134036,0.408437,-2.938914,95.531845,12.946938,-0.026370,0.899342,-0.052974,0.433223,-5.680351,114.337631,17.396955,0.058852,0.949437,-0.097754,0.292488,-5.707980,132.238190,15.267401,0.057671,0.987593,-0.061552,0.132457,-2.444091,145.145004,11.777372,-0.065665,0.926215,0.011332,0.371060,-8.618755,126.605080,13.609973,-0.520739,0.584163,-0.306390,0.541950,-20.579109,124.713661,2.103189,-0.596852,0.531342,-0.303179,0.519158,-17.557985,102.816643,-5.209325,-0.693865,0.432701,-0.301261,0.490473,-11.509909,79.995346,-9.773227,-0.057184,0.915133,-0.103007,0.385554,-4.231253,127.262115,19.075926,0.617759,0.770036,0.148769,0.057326,7.397550,130.337234,30.666792,0.635623,0.744846,0.193652,0.060713,12.756652,107.789215,28.442823,0.537667,0.788885,0.297584,0.004233,17.195219,84.454819,24.697870,0.029454,0.944030,0.103660,0.311761,-10.427734,88.731277,7.715632,0.069090,0.956932,-0.017747,0.281413,-10.114654,54.841900,0.288028,0.013676,0.954172,-0.084055,0.286887,-16.473475,10.584820,0.068043,-0.081604,0.931468,-0.077685,0.345939,2.718582,88.060318,19.417309,0.003495,0.969007,-0.131109,0.209341,6.128220,54.245972,26.397377,0.024284,0.817738,-0.090326,0.567941,3.370970,11.072123,37.692867,0.013676,0.954172,-0.084055,0.286887,-9.697386,2.721205,-9.907144,0.024284,0.817738,-0.090326,0.567941,14.768082,3.132436,33.908241
228,1.900000,0.044174,0.932368,-0.062659,0.353289,-3.857239,88.397209,13.564346,-0.017794,0.902655,0.132958,0.408925,-2.942697,95.533501,12.945993,-0.024676,0.899242,-0.051905,0.433659,-5.692143,114.349655,17.347015,0.058121,0.949476,-0.097938,0.292448,-5.680631,132.257370,15.278411,0.057752,0.987563,-0.061345,0.132743,-2.434159,145.165665,11.777649,-0.066397,0.926414,0.011279,0.370433,-8.601394,126.635971,13.598927,-0.521130,0.583962,-0.306710,0.541609,-20.574059,124.720551,2.108934,-0.596895,0.531537,-0.302765,0.519152,-17.551184,102.814545,-5.175894,-0.693838,0.433184,-0.300962,0.490267,-11.500972,79.997017,-9.755767,-0.057310,0.914942,-0.102866,0.386025,-4.217996,127.265312,19.071426,0.617931,0.769810,0.149177,0.057446,7.398190,130.343719,30.674059,0.635568,0.744805,0.193932,0.060912,12.746724,107.794098,28.440880,0.537413,0.789008,0.297714,0.004527,17.187529,84.460274,24.694920,0.029455,0.943998,0.103637,0.311865,-10.430897,88.732727,7.714075,0.069010,0.956882,-0.017749,0.281603,-10.117559,54.843033,0.287958,0.014310,0.954179,-0.083681,0.286940,-16.469604,10.584977,0.068856,-0.081781,0.931669,-0.077659,0.345361,2.716418,88.061699,19.414619,0.003690,0.969127,-0.131180,0.208738,6.142368,54.249084,26.395052,0.023655,0.817825,-0.091050,0.567725,3.373937,11.077041,37.694706,0.014310,0.954179,-0.083681,0.286940,-9.699148,2.725426,-9.913351,0.023655,0.817825,-0.091050,0.567725,14.770129,3.132219,33.918114
229,1.908333,0.044158,0.932397,-0.062663,0.353213,-3.856375,88.399292,13.566560,-0.017035,0.902731,0.134096,0.408417,-2.942083,95.535599,12.947996,-0.026493,0.899331,-0.052924,0.433245,-5.680351,114.340904,17.401985,0.058518,0.949387,-0.097508,0.292800,-5.712675,132.241409,15.272161,0.058188,0.987469,-0.061344,0.133255,-2.457512,145.151733,11.786948,-0.065844,0.926236,0.011380,0.370974,-8.621895,126.607498,13.614723,-0.521532,0.583899,-0.306510,0.541404,-20.583595,124.711060,2.110171,-0.597094,0.531671,-0.302826,0.518750,-17.551575,102.803635,-5.166578,-0.693879,0.433447,-0.300825,0.490061,-11.510015,79.981491,-9.734871,-0.057191,0.915133,-0.102761,0.385619,-4.234748,127.265785,19.080807,0.617929,0.769787,0.149289,0.057489,7.392363,130.338150,30.674097,0.635584,0.744740,0.194092,0.061024,12.740774,107.788673,28.439192,0.536656,0.789468,0.297852,0.004883,17.179907,84.454735,24.691982,0.029457,0.944033,0.103646,0.311757,-10.431004,88.734619,7.717368,0.069056,0.956912,-0.017706,0.281491,-10.118485,54.845058,0.290614,0.014469,0.954137,-0.083556,0.287108,-16.473351,10.587436,0.067422,-0.081782,0.931839,-0.077637,0.344907,2.718252,88.063965,19.415751,0.003746,0.969093,-0.131207,0.208878,6.148261,54.251118,26.393097,0.023657,0.817788,-0.091035,0.567781,3.372856,11.079741,37.693596,0.014469,0.954137,-0.083556,0.287108,-9.700743,2.729683,-9.914741,0.023657,0.817788,-0.091035,0.567781,14.769730,3.135230,33.918400
230,1.916667,0.044168,0.932427,-0.062639,0.353136,-3.857572,88.399681,13.565085,-0.017065,0.902734,0.134175,0.408385,-2.943325,95.536026,12.946825,-0.026544,0.899334,-0.052875,0.433241,-5.683753,114.340462,17.403143,0.058442,0.949326,-0.097557,0.292999,-5.718524,132.241058,15.274082,0.058267,0.987410,-0.061138,0.133752,-2.463885,145.151245,11.787910,-0.065863,0.926241,0.011255,0.370964,-8.627017,126.606834,13.616458,-0.521516,0.584218,-0.306193,0.541254,-20.588896,124.708221,2.112446,-0.597523,0.531364,-0.302974,0.518483,-17.565157,102.803612,-5.176217,-0.693690,0.433848,-0.300728,0.490034,-11.512238,79.979492,-9.719537,-0.057157,0.915129,-0.102689,0.385653,-4.239858,127.265465,19.082489,0.617995,0.769709,0.149431,0.057451,7.386505,130.335983,30.677017,0.635499,0.744779,0.194190,0.061117,12.731324,107.786263,28.435976,0.536775,0.789309,0.298061,0.004845,17.175098,84.453011,24.690029,0.029450,0.944036,0.103672,0.311737,-10.433144,88.735435,7.716978,0.069040,0.956919,-0.017734,0.281471,-10.119733,54.846226,0.288679,0.014447,0.954169,-0.083571,0.286999,-16.473999,10.588497,0.068416,-0.081756,0.931829,-0.077626,0.344942,2.717999,88.063934,19.413195,0.003759,0.969116,-0.131231,0.208754,6.146307,54.250671,26.389360,0.023659,0.817757,-0.090997,0.567833,3.370801,11.079854,37.691952,0.014447,0.954169,-0.083571,0.286999,-9.703568,2.730534,-9.915061,0.023659,0.817757,-0.090997,0.567833,14.768523,3.136112,33.917694
231,1.925000,0.044260,0.932441,-0.062707,0.353078,-3.863239,88.402336,13.565477,-0.017828,0.902660,0.133081,0.408872,-2.947442,95.538437,12.946728,-0.024748,0.899240,-0.051790,0.433674,-5.699804,114.353249,17.351587,0.057751,0.949367,-0.097912,0.292883,-5.692398,132.261261,15.285582,0.058270,0.987403,-0.060872,0.133922,-2.453246,145.171280,11.784397,-0.066650,0.926397,0.011207,0.370434,-8.611837,126.639435,13.605240,-0.521705,0.584311,-0.306193,0.540972,-20.583349,124.715332,2.115494,-0.597509,0.531424,-0.303153,0.518334,-17.564676,102.807358,-5.165143,-0.693666,0.433615,-0.301024,0.490092,-11.520012,79.979614,-9.701233,-0.057227,0.914928,-0.102615,0.386137,-4.228665,127.268997,19.077894,0.618078,0.769563,0.149822,0.057500,7.384953,130.341980,30.684540,0.635468,0.744752,0.194347,0.061277,12.724747,107.792114,28.433022,0.536853,0.789195,0.298225,0.004780,17.169500,84.458870,24.688223,0.029349,0.944175,0.103715,0.311313,-10.439398,88.739265,7.718096,0.069032,0.956814,-0.017768,0.281827,-10.121763,54.850250,0.289066,0.014249,0.954165,-0.083690,0.286988,-16.476103,10.592532,0.069581,-0.081787,0.931878,-0.077602,0.344808,2.712919,88.065407,19.412861,0.003749,0.969140,-0.131232,0.208641,6.144826,54.252254,26.387775,0.023871,0.817727,-0.090894,0.567883,3.371481,11.081463,37.691006,0.014249,0.954165,-0.083690,0.286988,-9.703805,2.733250,-9.911590,0.023871,0.817727,-0.090894,0.567883,14.768040,3.136700,33.915386
232,1.933333,0.044215,0.932481,-0.062641,0.352987,-3.862613,88.402306,13.564299,-0.017261,0.902750,0.134253,0.408314,-2.947817,95.538582,12.946107,-0.026198,0.899396,-0.052512,0.433178,-5.696014,114.341949,17.402185,0.058190,0.949297,-0.097664,0.293105,-5.725419,132.244583,15.290260,0.058552,0.987320,-0.060982,0.134355,-2.475816,145.154892,11.799829,-0.066135,0.926151,0.011244,0.371138,-8.635947,126.612869,13.627680,-0.522141,0.583520,-0.306664,0.541139,-20.592302,124.705978,2.119294,-0.597147,0.531768,-0.303108,0.518424,-17.544050,102.791145,-5.128276,-0.693733,0.433676,-0.301101,0.489896,-11.515697,79.962555,-9.681799,-0.057233,0.915165,-0.102570,0.385586,-4.247764,127.264877,19.093683,0.618149,0.769481,0.149967,0.057455,7.380034,130.336044,30.686605,0.635378,0.744812,0.194402,0.061305,12.715986,107.785919,28.428570,0.536845,0.789188,0.298256,0.004752,17.166071,84.453629,24.684076,0.029349,0.944196,0.103729,0.311244,-10.439963,88.739029,7.718247,0.069081,0.956935,-0.017737,0.281404,-10.122622,54.850220,0.288275,0.013553,0.954155,-0.084137,0.286923,-16.480461,10.593009,0.067718,-0.081779,0.931839,-0.077601,0.344915,2.714738,88.065582,19.410351,0.003757,0.969152,-0.131274,0.208561,6.145310,54.252316,26.385380,0.023819,0.817759,-0.091024,0.567818,3.371366,11.082524,37.692280,0.013553,0.954155,-0.084137,0.286923,-9.702301,2.728403,-9.905277,0.023819,0.817759,-0.091024,0.567818,14.766756,3.135948,33.916950
233,1.941667,0.044097,0.932467,-0.062757,0.353019,-3.858961,88.399872,13.568883,-0.017305,0.902713,0.134216,0.408407,-2.945142,95.536087,12.948564,-0.026382,0.899314,-0.052680,0.433316,-5.694772,114.339790,17.402340,0.058082,0.949264,-0.097287,0.293360,-5.727167,132.241440,15.282111,0.058687,0.987275,-0.060897,0.134670,-2.481833,145.155426,11.801360,-0.066023,0.926237,0.011322,0.370941,-8.636035,126.608368,13.621238,-0.522247,0.583276,-0.306879,0.541177,-20.597765,124.705658,2.117747,-0.597251,0.531731,-0.303083,0.518356,-17.542425,102.787872,-5.117959,-0.693360,0.434545,-0.300272,0.490163,-11.511454,79.959290,-9.668024,-0.057260,0.915119,-0.102145,0.385804,-4.249677,127.263809,19.088299,0.618109,0.769491,0.150079,0.057455,7.372397,130.330963,30.688023,0.635324,0.744834,0.194508,0.061260,12.710662,107.781670,28.427092,0.536745,0.789246,0.298284,0.004765,17.164303,84.450745,24.678337,0.029419,0.944168,0.103795,0.311302,-10.436106,88.733902,7.722443,0.069287,0.956595,-0.017773,0.282505,-10.121410,54.846336,0.286669,0.014456,0.953934,-0.083572,0.287779,-16.497374,10.591778,0.056612,-0.081722,0.931850,-0.077546,0.344911,2.718184,88.065849,19.415321,0.003744,0.969114,-0.131276,0.208738,6.146488,54.251343,26.385450,0.023754,0.817768,-0.090926,0.567824,3.371619,11.081576,37.692234,0.014456,0.953934,-0.083572,0.287779,-9.709896,2.733955,-9.915395,0.023754,0.817768,-0.090926,0.567824,14.768723,3.137829,33.916107
234,1.950000,0.044084,0.932477,-0.062654,0.353012,-3.857016,88.403427,13.565533,-0.017600,0.902708,0.134324,0.408370,-2.943902,95.539841,12.946512,-0.025294,0.899403,-0.052848,0.433175,-5.705447,114.342010,17.399405,0.057464,0.949383,-0.096612,0.293319,-5.700283,132.245056,15.290678,0.058527,0.987233,-0.061006,0.134996,-2.475941,145.167419,11.821527,-0.066557,0.926274,0.011201,0.370759,-8.621446,126.619217,13.626796,-0.521960,0.583200,-0.307267,0.541315,-20.585348,124.698326,2.128581,-0.597094,0.531678,-0.303372,0.518424,-17.536957,102.778435,-5.103643,-0.693324,0.434608,-0.300967,0.489731,-11.511662,79.947235,-9.648100,-0.057649,0.914909,-0.102137,0.386247,-4.232572,127.261841,19.093361,0.618233,0.769294,0.150580,0.057455,7.376590,130.341904,30.702595,0.635288,0.744776,0.194813,0.061367,12.707697,107.792511,28.425821,0.537166,0.788887,0.298475,0.004829,17.162928,84.462753,24.671736,0.029365,0.944213,0.103753,0.311182,-10.434262,88.737885,7.719230,0.069128,0.956855,-0.017769,0.281662,-10.117915,54.849487,0.287307,0.014992,0.954038,-0.083448,0.287444,-16.480425,10.592949,0.066548,-0.081715,0.931790,-0.077560,0.345073,2.720231,88.068977,19.411835,0.003874,0.968829,-0.130894,0.210290,6.146580,54.254543,26.383289,0.024001,0.817004,-0.090550,0.568972,3.349492,11.075908,37.650669,0.014992,0.954038,-0.083448,0.287444,-9.706888,2.734019,-9.914066,0.024001,0.817004,-0.090550,0.568972,14.758717,3.137035,33.900990
235,1.958333,0.044032,0.932509,-0.062534,0.352955,-3.854822,88.403748,13.563223,-0.017602,0.902679,0.134400,0.408408,-2.943052,95.540451,12.945494,-0.025318,0.899370,-0.052753,0.433256,-5.706045,114.341820,17.400852,0.057272,0.949364,-0.096609,0.293419,-5.702959,132.245178,15.294847,0.058625,0.987203,-0.060913,0.135216,-2.483028,145.168381,11.824661,-0.066616,0.926250,0.011322,0.370802,-8.623082,126.619209,13.629622,-0.522175,0.583146,-0.307276,0.541160,-20.585638,124.698051,2.130050,-0.597229,0.531672,-0.303403,0.518256,-17.534595,102.775612,-5.093315,-0.693285,0.434816,-0.300918,0.489632,-11.509914,79.942795,-9.630458,-0.057693,0.914903,-0.101998,0.386291,-4.235206,127.261589,19.097019,0.618258,0.769232,0.150798,0.057435,7.372642,130.341354,30.707649,0.635465,0.744548,0.195032,0.061599,12.702419,107.792374,28.423592,0.533622,0.790913,0.299470,0.004753,17.145416,84.460411,24.668768,0.029332,0.944242,0.103793,0.311085,-10.432869,88.738182,7.717818,0.069356,0.956488,-0.017843,0.282848,-10.114220,54.850227,0.284000,0.014977,0.953876,-0.083519,0.287959,-16.497744,10.596746,0.055908,-0.081727,0.931838,-0.077637,0.344923,2.723224,88.069313,19.408628,0.003926,0.968852,-0.130900,0.210180,6.149525,54.255844,26.384768,0.024047,0.817004,-0.090486,0.568980,3.349071,11.077389,37.652004,0.014977,0.953876,-0.083519,0.287959,-9.712981,2.736423,-9.915981,0.024047,0.817004,-0.090486,0.568980,14.758374,3.139086,33.901344
236,1.966667,0.044034,0.932529,-0.062528,0.352905,-3.856342,88.405861,13.562937,-0.017521,0.902668,0.134441,0.408423,-2.944609,95.542564,12.945241,-0.025359,0.899354,-0.052685,0.433294,-5.705481,114.343620,17.403259,0.057258,0.949318,-0.096515,0.293603,-5.704721,132.247162,15.298807,0.058506,0.987165,-0.060967,0.135517,-2.484895,145.171204,11.831665,-0.066837,0.926223,0.011298,0.370831,-8.623940,126.620934,13.632878,-0.522020,0.583047,-0.307300,0.541404,-20.584795,124.692726,2.132720,-0.597298,0.531398,-0.303700,0.518283,-17.529053,102.772820,-5.096377,-0.693205,0.434816,-0.301224,0.489557,-11.499032,79.938301,-9.617843,-0.057719,0.914886,-0.101847,0.386367,-4.236559,127.263451,19.100657,0.618292,0.769184,0.150942,0.057332,7.369210,130.342285,30.713602,0.635427,0.744555,0.195136,0.061579,12.697556,107.793823,28.421343,0.533452,0.790969,0.299626,0.004710,17.143000,84.462875,24.663023,0.029430,0.944217,0.103731,0.311172,-10.435005,88.740433,7.718234,0.069312,0.956502,-0.017820,0.282811,-10.123441,54.851986,0.286339,0.014324,0.953899,-0.083517,0.287918,-16.502666,10.597891,0.057667,-0.081707,0.931870,-0.077626,0.344844,2.722321,88.071289,19.407640,0.003935,0.968822,-0.130890,0.210324,6.148230,54.257477,26.382303,0.023640,0.816771,-0.090779,0.569285,3.345549,11.078802,37.648125,0.014324,0.953899,-0.083517,0.287918,-9.710136,2.742325,-9.912681,0.023640,0.816771,-0.090779,0.569285,14.760360,3.141045,33.913113
237,1.975000,0.044051,0.932588,-0.062249,0.352796,-3.857411,88.407600,13.555926,-0.017445,0.902619,0.134633,0.408470,-2.946934,95.544792,12.941962,-0.025462,0.899294,-0.052693,0.433412,-5.708399,114.343918,17.407694,0.057194,0.949272,-0.096537,0.293757,-5.710560,132.247238,15.301376,0.058529,0.987139,-0.060924,0.135719,-2.491383,145.171341,11.833842,-0.066797,0.926200,0.011277,0.370896,-8.628268,126.620277,13.635290,-0.521984,0.582807,-0.307580,0.541537,-20.587688,124.693123,2.133466,-0.597279,0.531364,-0.303758,0.518306,-17.526936,102.771042,-5.086912,-0.693523,0.434527,-0.301252,0.489346,-11.496873,79.936211,-9.606734,-0.057662,0.914906,-0.101724,0.386360,-4.242405,127.264214,19.104116,0.618238,0.769199,0.151108,0.057291,7.363767,130.339722,30.717546,0.635121,0.744831,0.195154,0.061350,12.695482,107.792641,28.419436,0.537128,0.788711,0.299013,0.004436,17.161024,84.466347,24.656040,0.029372,0.944290,0.103691,0.310971,-10.437396,88.744354,7.712837,0.069316,0.956521,-0.017818,0.282747,-10.124481,54.855083,0.284735,0.014248,0.953890,-0.083609,0.287925,-16.503998,10.601028,0.056206,-0.081710,0.931804,-0.077665,0.345010,2.722573,88.070847,19.399015,0.003723,0.969065,-0.131325,0.208932,6.146448,54.257488,26.376884,0.024001,0.817596,-0.090526,0.568125,3.370174,11.088851,37.687641,0.014248,0.953890,-0.083609,0.287925,-9.710700,2.743886,-9.912377,0.024001,0.817596,-0.090526,0.568125,14.770878,3.149550,33.913021
238,1.983333,0.044051,0.932595,-0.062212,0.352782,-3.857569,88.407303,13.553500,-0.017469,0.902594,0.134767,0.408482,-2.947283,95.544556,12.940014,-0.025448,0.899279,-0.052688,0.433443,-5.711752,114.342247,17.409939,0.057095,0.949239,-0.096437,0.293912,-5.713460,132.245605,15.303993,0.058460,0.987102,-0.060917,0.136017,-2.496774,145.170959,11.838839,-0.066870,0.926186,0.011179,0.370923,-8.631145,126.618729,13.637586,-0.522400,0.582875,-0.307500,0.541109,-20.589579,124.688126,2.135319,-0.597462,0.531321,-0.303602,0.518232,-17.530231,102.761284,-5.071145,-0.693641,0.434240,-0.301531,0.489262,-11.493385,79.928024,-9.589812,-0.057718,0.914882,-0.101645,0.386429,-4.245658,127.262474,19.106731,0.618215,0.769192,0.151259,0.057223,7.358518,130.338867,30.721907,0.635069,0.744869,0.195192,0.061292,12.691885,107.792854,28.417170,0.537207,0.788633,0.299080,0.004197,17.160902,84.467667,24.651140,0.029281,0.944292,0.103780,0.310942,-10.437726,88.744308,7.710628,0.069645,0.956242,-0.017955,0.283600,-10.117165,54.855965,0.278661,0.014015,0.953708,-0.083780,0.288490,-16.527908,10.606441,0.047769,-0.081703,0.931788,-0.077702,0.345049,2.722589,88.070297,19.396374,0.003690,0.969027,-0.131374,0.209080,6.144841,54.257248,26.376560,0.026565,0.817512,-0.087685,0.568577,3.368842,11.089754,37.691723,0.014015,0.953708,-0.083780,0.288490,-9.719848,2.747205,-9.909077,0.026565,0.817512,-0.087685,0.568577,14.767960,3.168912,33.873814
239,1.991667,0.044047,0.932603,-0.062248,0.352755,-3.857740,88.407097,13.553673,-0.017627,0.902564,0.134845,0.408515,-2.947346,95.544296,12.939662,-0.025364,0.899254,-0.052644,0.433507,-5.718806,114.340950,17.409626,0.057042,0.949206,-0.096383,0.294049,-5.718344,132.244629,15.306428,0.058403,0.987073,-0.060907,0.136258,-2.502697,145.170654,11.842811,-0.066890,0.926147,0.011207,0.371015,-8.636380,126.618317,13.638742,-0.522341,0.582679,-0.307577,0.541333,-20.592430,124.687561,2.134024,-0.597536,0.531161,-0.304048,0.518047,-17.524633,102.761932,-5.072549,-0.694184,0.433562,-0.302550,0.488463,-11.492707,79.922905,-9.568624,-0.057637,0.914874,-0.101543,0.386486,-4.251603,127.260765,19.108612,0.618138,0.769244,0.151342,0.057135,7.351407,130.333557,30.725912,0.635021,0.744894,0.195302,0.061148,12.689683,107.789192,28.416325,0.536893,0.788839,0.299101,0.004197,17.162497,84.466019,24.642286,0.029247,0.944293,0.103793,0.310939,-10.438241,88.743851,7.711171,0.069669,0.956064,-0.018010,0.284190,-10.115201,54.855545,0.279144,0.013992,0.953693,-0.083774,0.288540,-16.529264,10.606495,0.048424,-0.081664,0.931787,-0.077658,0.345071,2.722761,88.070343,19.396175,0.003694,0.969044,-0.131346,0.209016,6.143432,54.256386,26.372704,0.023525,0.817458,-0.090953,0.568275,3.368337,11.088234,37.685596,0.013992,0.953693,-0.083774,0.288540,-9.719772,2.747582,-9.907705,0.023525,0.817458,-0.090953,0.568275,14.772640,3.147725,33.924438
240,2.000000,0.043948,0.932579,-0.062323,0.352817,-3.854410,88.403168,13.556615,-0.018013,0.902502,0.134478,0.408756,-2.944926,95.540359,12.941146,-0.024855,0.899170,-0.052273,0.433755,-5.725356,114.340332,17.391542,0.056751,0.949194,-0.096277,0.294179,-5.713629,132.246338,15.308237,0.058364,0.987045,-0.060873,0.136491,-2.505502,145.174454,11.845443,-0.067071,0.926183,0.011344,0.370889,-8.633915,126.623520,13.632685,-0.522381,0.582462,-0.307850,0.541374,-20.592287,124.688736,2.131052,-0.597583,0.530998,-0.304140,0.518107,-17.520515,102.759865,-5.063955,-0.694270,0.433429,-0.302618,0.488416,-11.482915,79.921188,-9.554200,-0.057749,0.914778,-0.101338,0.386752,-4.251807,127.257416,19.105694,0.618083,0.769273,0.151446,0.057062,7.343927,130.331696,30.729872,0.635333,0.744535,0.195630,0.061224,12.685741,107.788704,28.415117,0.530445,0.792735,0.300298,0.004431,17.139021,84.463615,24.629835,0.029462,0.944276,0.103684,0.311005,-10.434291,88.737740,7.713282,0.069320,0.956412,-0.017889,0.283108,-10.127189,54.848755,0.283667,0.014005,0.953902,-0.083387,0.287961,-16.508743,10.594970,0.058714,-0.081637,0.931789,-0.077697,0.345061,2.725471,88.068596,19.399946,0.003627,0.969178,-0.131378,0.208376,6.143494,54.254745,26.378351,0.027475,0.817370,-0.086686,0.568892,3.381033,11.087307,37.697048,0.014005,0.953902,-0.083387,0.287961,-9.710501,2.744717,-9.911928,0.027475,0.817370,-0.086686,0.568892,14.781141,3.173028,33.868465
241,2.008333,0.043922,0.932582,-0.062217,0.352833,-3.852055,88.403625,13.553351,-0.018157,0.902448,0.134583,0.408835,-2.943434,95.541039,12.939182,-0.024722,0.899129,-0.052161,0.433861,-5.730989,114.339699,17.390665,0.056659,0.949150,-0.096251,0.294345,-5.716486,132.246368,15.313046,0.058252,0.987012,-0.060893,0.136770,-2.510036,145.175064,11.850880,-0.067227,0.926184,0.011389,0.370855,-8.637099,126.624451,13.635027,-0.522570,0.582371,-0.307774,0.541332,-20.595598,124.685379,2.134246,-0.597623,0.530879,-0.304285,0.518097,-17.516718,102.756104,-5.056492,-0.694230,0.433206,-0.302991,0.488440,-11.477290,79.916344,-9.538722,-0.057873,0.914786,-0.101487,0.386674,-4.256190,127.256058,19.109259,0.618099,0.769293,0.151345,0.056894,7.341065,130.335785,30.730474,0.635287,0.744559,0.195736,0.061076,12.682894,107.793129,28.412550,0.529526,0.793255,0.300547,0.004474,17.139877,84.470055,24.619230,0.029450,0.944253,0.103650,0.311087,-10.431777,88.738426,7.709855,0.069383,0.956382,-0.017909,0.283193,-10.123993,54.848885,0.282773,0.014033,0.953854,-0.083375,0.288123,-16.511372,10.595947,0.057343,-0.081645,0.931774,-0.077688,0.345102,2.727666,88.068825,19.396847,0.003611,0.969107,-0.131340,0.208730,6.146132,54.254978,26.375019,0.024266,0.817497,-0.090523,0.568257,3.381654,11.086625,37.689743,0.014033,0.953854,-0.083375,0.288123,-9.709876,2.745830,-9.911182,0.024266,0.817497,-0.090523,0.568257,14.780523,3.143713,33.917187
242,2.016667,0.043883,0.932628,-0.061955,0.352761,-3.852287,88.406311,13.547678,-0.018075,0.902421,0.134660,0.408872,-2.945569,95.544243,12.936750,-0.024790,0.899093,-0.052058,0.433943,-5.731621,114.342209,17.392061,0.056591,0.949111,-0.096300,0.294468,-5.720752,132.249146,15.316736,0.058206,0.986986,-0.060945,0.136951,-2.515038,145.177704,11.853348,-0.067345,0.926156,0.011271,0.370908,-8.639832,126.626801,13.637513,-0.522601,0.582681,-0.307537,0.541102,-20.596498,124.682709,2.135684,-0.598119,0.530562,-0.304217,0.517890,-17.527672,102.754280,-5.061909,-0.694323,0.433337,-0.302774,0.488327,-11.470047,79.915726,-9.525664,-0.057824,0.914750,-0.100933,0.386913,-4.259981,127.258682,19.112556,0.617976,0.769331,0.151673,0.056835,7.331280,130.330490,30.741831,0.635207,0.744594,0.195900,0.060954,12.680450,107.790665,28.413338,0.529309,0.793404,0.300538,0.004354,17.143021,84.470047,24.611475,0.029295,0.944264,0.103715,0.311047,-10.432963,88.742203,7.705327,0.069689,0.956011,-0.018100,0.284358,-10.113920,54.852974,0.277326,0.014871,0.953651,-0.083076,0.288839,-16.531944,10.604468,0.052583,-0.081664,0.931727,-0.077765,0.345208,2.728390,88.070419,19.390030,0.003502,0.969228,-0.131584,0.208014,6.145394,54.257618,26.373928,0.026863,0.817919,-0.087458,0.568012,3.394175,11.094940,37.713486,0.014871,0.953651,-0.083076,0.288839,-9.724501,2.755371,-9.912679,0.026863,0.817919,-0.087458,0.568012,14.785796,3.173706,33.874077
243,2.025000,0.043904,0.932626,-0.061893,0.352775,-3.850681,88.405731,13.544618,-0.017976,0.902392,0.134852,0.408877,-2.943977,95.543739,12.934645,-0.025322,0.899063,-0.051703,0.434018,-5.729652,114.339828,17.398170,0.056797,0.949025,-0.096573,0.294617,-5.741399,132.247131,15.326005,0.058268,0.986960,-0.060983,0.137097,-2.527599,145.172485,11.858151,-0.067293,0.926052,0.011245,0.371177,-8.653174,126.621376,13.645533,-0.522742,0.582456,-0.307586,0.541181,-20.603397,124.678894,2.136731,-0.598137,0.530491,-0.304288,0.517899,-17.523750,102.749763,-5.054124,-0.694344,0.433244,-0.302725,0.488409,-11.464625,79.910851,-9.514027,-0.057734,0.914865,-0.100934,0.386653,-4.274607,127.257851,19.121071,0.617847,0.769439,0.151686,0.056754,7.323734,130.326263,30.744188,0.634678,0.745095,0.195791,0.060692,12.680803,107.788513,28.413618,0.535907,0.789222,0.299866,0.003587,17.177227,84.474335,24.612152,0.029307,0.944303,0.103685,0.310938,-10.431149,88.742340,7.702070,0.069747,0.956005,-0.018012,0.284369,-10.114409,54.852722,0.275733,0.012340,0.953685,-0.083353,0.288766,-16.535069,10.604641,0.041950,-0.081656,0.931682,-0.077775,0.345330,2.729788,88.069115,19.387165,0.003497,0.969244,-0.131617,0.207920,6.145130,54.256321,26.371962,0.026749,0.817937,-0.087450,0.567992,3.394845,11.094403,37.714657,0.012340,0.953685,-0.083353,0.288766,-9.696957,2.767564,-9.911773,0.026749,0.817937,-0.087450,0.567992,14.787726,3.174945,33.875309
244,2.033333,0.043890,0.932626,-0.061928,0.352771,-3.851342,88.403427,13.544379,-0.017541,0.902395,0.135347,0.408725,-2.944657,95.541397,12.933858,-0.026002,0.899077,-0.052093,0.433902,-5.722096,114.332870,17.421862,0.056891,0.948955,-0.096343,0.294899,-5.750037,132.237457,15.326497,0.058096,0.986906,-0.061161,0.137480,-2.534148,145.164368,11.866407,-0.067203,0.925996,0.011299,0.371332,-8.657355,126.606979,13.654107,-0.520483,0.580772,-0.310669,0.543403,-20.604155,124.668144,2.141136,-0.596875,0.529816,-0.305161,0.519531,-17.522079,102.731277,-5.025023,-0.694527,0.432997,-0.302717,0.488373,-11.454085,79.898277,-9.503108,-0.057805,0.914846,-0.100911,0.386694,-4.277862,127.254379,19.127626,0.617831,0.769514,0.151497,0.056405,7.319148,130.324768,30.751553,0.634706,0.745203,0.195442,0.060195,12.678946,107.788376,28.414196,0.535991,0.789350,0.299384,0.002956,17.176571,84.475586,24.605625,0.029484,0.944252,0.103645,0.311089,-10.431884,88.739594,7.701884,0.069622,0.955965,-0.018023,0.284534,-10.126377,54.850136,0.274375,0.012074,0.953698,-0.083300,0.288749,-16.536716,10.600552,0.043646,-0.081686,0.931687,-0.077720,0.345321,2.729199,88.067261,19.386873,0.003687,0.968979,-0.131468,0.209240,6.147868,54.254223,26.368860,0.026547,0.817464,-0.087343,0.568700,3.368451,11.088920,37.691559,0.012074,0.953698,-0.083300,0.288749,-9.695225,2.766646,-9.910252,0.026547,0.817464,-0.087343,0.568700,14.772068,3.175061,33.872578
245,2.041667,0.043894,0.932619,-0.061950,0.352784,-3.850682,88.403214,13.543614,-0.017628,0.902348,0.135486,0.408780,-2.943820,95.541138,12.932837,-0.025665,0.899046,-0.052427,0.433945,-5.726822,114.331009,17.424089,0.056201,0.948967,-0.096469,0.294953,-5.738472,132.234955,15.323183,0.058198,0.986858,-0.060949,0.137877,-2.538858,145.163605,11.854527,-0.067357,0.926095,0.011267,0.371059,-8.650544,126.606575,13.652076,-0.522943,0.582306,-0.307549,0.541170,-20.603415,124.662270,2.146331,-0.598333,0.530278,-0.304131,0.517984,-17.514584,102.732445,-5.038465,-0.694520,0.432969,-0.302536,0.488519,-11.439977,79.897354,-9.496878,-0.057978,0.914714,-0.100820,0.387005,-4.271338,127.251755,19.126085,0.617863,0.769479,0.151587,0.056292,7.316957,130.327057,30.757404,0.635064,0.744816,0.195774,0.060134,12.675508,107.791092,28.413109,0.528895,0.793881,0.300013,0.003826,17.151625,84.476921,24.587730,0.029505,0.944261,0.103606,0.311074,-10.431056,88.739296,7.700926,0.069636,0.955978,-0.018051,0.284485,-10.127930,54.849350,0.275522,0.013784,0.953611,-0.083505,0.288898,-16.540136,10.600021,0.047118,-0.081654,0.931628,-0.077709,0.345490,2.729692,88.067131,19.386303,0.003495,0.969219,-0.131645,0.208021,6.145365,54.253613,26.367414,0.026948,0.817880,-0.087381,0.568076,3.393604,11.092365,37.712318,0.013784,0.953611,-0.083505,0.288898,-9.718863,2.748943,-9.907129,0.026948,0.817880,-0.087381,0.568076,14.785546,3.171466,33.873138
246,2.050000,0.043852,0.932611,-0.061875,0.352824,-3.848953,88.402298,13.541108,-0.017742,0.902293,0.135665,0.408837,-2.943023,95.540413,12.931161,-0.025543,0.899010,-0.052488,0.434020,-5.733165,114.328232,17.426577,0.056275,0.948945,-0.096086,0.295135,-5.739757,132.232178,15.325621,0.057990,0.986836,-0.061142,0.138033,-2.540232,145.163788,11.867936,-0.067499,0.926088,0.011250,0.371050,-8.652992,126.604546,13.653999,-0.520771,0.580637,-0.310596,0.543313,-20.605452,124.655624,2.148614,-0.597151,0.529597,-0.304871,0.519607,-17.513956,102.717400,-5.009315,-0.694614,0.432955,-0.302284,0.488554,-11.426316,79.889771,-9.488161,-0.058041,0.914584,-0.100974,0.387263,-4.274618,127.248596,19.128803,0.617743,0.769580,0.151628,0.056116,7.306764,130.328430,30.765797,0.634959,0.744908,0.195808,0.059979,12.673132,107.794998,28.415098,0.528741,0.793932,0.300154,0.003555,17.156540,84.483109,24.584379,0.029499,0.944261,0.103616,0.311071,-10.428895,88.738098,7.697922,0.069684,0.956098,-0.018008,0.284073,-10.125158,54.848278,0.271998,0.011226,0.953677,-0.083785,0.288712,-16.540432,10.599404,0.041464,-0.081669,0.931613,-0.077739,0.345519,2.730988,88.066505,19.384295,0.003491,0.969204,-0.131640,0.208091,6.146624,54.253471,26.367769,0.026752,0.817894,-0.087433,0.568058,3.394496,11.092093,37.712070,0.011226,0.953677,-0.083785,0.288712,-9.690632,2.760516,-9.902788,0.026752,0.817894,-0.087433,0.568058,14.788159,3.172964,33.874382
247,2.058333,0.044115,0.932523,-0.062044,0.352995,-3.860677,88.398491,13.544609,-0.017569,0.902258,0.135550,0.408959,-2.950243,95.535973,12.933910,-0.025645,0.898969,-0.052447,0.434103,-5.733067,114.325249,17.427744,0.056059,0.948900,-0.095997,0.295350,-5.743417,132.229156,15.326516,0.058047,0.986774,-0.061195,0.138430,-2.548952,145.162399,11.870244,-0.067630,0.926049,0.011498,0.371116,-8.655071,126.600838,13.654478,-0.522929,0.581952,-0.307959,0.541331,-20.605288,124.651077,2.146908,-0.598487,0.529972,-0.303971,0.518213,-17.508984,102.717613,-5.023552,-0.694704,0.432933,-0.302144,0.488533,-11.414064,79.888046,-9.482533,-0.058195,0.914556,-0.100963,0.387308,-4.277786,127.245987,19.130028,0.617647,0.769669,0.151589,0.056069,7.301831,130.330475,30.767546,0.634488,0.745358,0.195686,0.059774,12.674013,107.798386,28.417223,0.535156,0.789801,0.299692,0.002651,17.187372,84.491920,24.588629,0.029377,0.944221,0.103665,0.311188,-10.438082,88.737297,7.698740,0.069653,0.955947,-0.018069,0.284582,-10.124368,54.847687,0.272250,0.011217,0.953697,-0.083682,0.288675,-16.538456,10.598627,0.044305,-0.081879,0.931560,-0.077578,0.345649,2.716727,88.059685,19.390478,0.003481,0.969172,-0.131669,0.208225,6.148811,54.247307,26.369043,0.026772,0.817912,-0.087156,0.568073,3.395391,11.086618,37.715637,0.011217,0.953697,-0.083682,0.288675,-9.688893,2.762169,-9.902024,0.026772,0.817912,-0.087156,0.568073,14.791409,3.172598,33.874401
248,2.066667,0.043809,0.932587,-0.061744,0.352917,-3.844139,88.402191,13.537568,-0.018119,0.902210,0.135169,0.409169,-2.939376,95.540588,12.929251,-0.025070,0.898892,-0.051862,0.434368,-5.736565,114.333130,17.400501,0.055915,0.948803,-0.096308,0.295587,-5.736841,132.240295,15.327139,0.057862,0.986726,-0.060960,0.138951,-2.542455,145.171432,11.862944,-0.067952,0.926200,0.011345,0.370684,-8.650322,126.616013,13.644671,-0.523162,0.581825,-0.307854,0.541302,-20.609793,124.653854,2.148818,-0.598662,0.529837,-0.303740,0.518284,-17.503620,102.720238,-5.016918,-0.694790,0.432889,-0.302085,0.488486,-11.395081,79.894798,-9.478434,-0.058090,0.914435,-0.100717,0.387672,-4.275863,127.250465,19.123728,0.617533,0.769735,0.151715,0.056076,7.294733,130.329575,30.771648,0.634418,0.745408,0.195758,0.059661,12.673410,107.799278,28.418922,0.535045,0.789889,0.299660,0.002503,17.191719,84.494675,24.584866,0.029363,0.944268,0.103651,0.311050,-10.422998,88.737984,7.693158,0.069758,0.955990,-0.018164,0.284407,-10.109722,54.848118,0.267833,0.011206,0.953718,-0.083742,0.288589,-16.535204,10.600680,0.046520,-0.081713,0.931545,-0.077694,0.345702,2.734721,88.066391,19.381977,0.003694,0.968943,-0.131528,0.209371,6.152911,54.253376,26.364290,0.026371,0.817430,-0.087265,0.568769,3.370291,11.089495,37.691616,0.011206,0.953718,-0.083742,0.288589,-9.687653,2.762882,-9.900143,0.026371,0.817430,-0.087265,0.568769,14.777454,3.179741,33.874729
249,2.075000,0.043791,0.932597,-0.061741,0.352892,-3.843200,88.401100,13.537079,-0.018114,0.902186,0.135352,0.409161,-2.938713,95.539536,12.928685,-0.025197,0.898879,-0.051775,0.434398,-5.738631,114.330147,17.406330,0.055773,0.948784,-0.096172,0.295719,-5.744337,132.237411,15.333807,0.057964,0.986670,-0.061266,0.139174,-2.553903,145.170288,11.872434,-0.067811,0.926143,0.011103,0.370861,-8.656003,126.612320,13.650939,-0.523163,0.581689,-0.307960,0.541385,-20.611732,124.651718,2.150933,-0.598740,0.529646,-0.303680,0.518425,-17.501268,102.717468,-5.011018,-0.694997,0.432516,-0.301925,0.488621,-11.381227,79.895004,-9.471955,-0.058257,0.914485,-0.100812,0.387506,-4.281997,127.247856,19.130232,0.617523,0.769756,0.151679,0.055989,7.292245,130.332825,30.772978,0.634344,0.745481,0.195739,0.059597,12.671958,107.802986,28.418306,0.535004,0.789869,0.299788,0.002270,17.195133,84.499451,24.583427,0.029346,0.944267,0.103657,0.311052,-10.422395,88.736656,7.693034,0.069756,0.955967,-0.018207,0.284481,-10.107897,54.846798,0.267707,0.013802,0.953619,-0.083521,0.288868,-16.534264,10.599470,0.049567,-0.081716,0.931564,-0.077709,0.345648,2.735995,88.065552,19.381124,0.003697,0.968933,-0.131492,0.209439,6.154457,54.252731,26.364283,0.026609,0.817363,-0.087214,0.568861,3.371403,11.088014,37.688309,0.013802,0.953619,-0.083521,0.288868,-9.713962,2.747893,-9.904950,0.026609,0.817363,-0.087214,0.568861,14.777077,3.175916,33.871826
250,2.083333,0.043791,0.932593,-0.061782,0.352896,-3.842710,88.398529,13.536674,-0.018432,0.902140,0.135172,0.409307,-2.938012,95.536888,12.927728,-0.024836,0.898823,-0.051563,0.434560,-5.746967,114.328941,17.393599,0.055735,0.948720,-0.096118,0.295948,-5.743948,132.237656,15.333546,0.057914,0.986613,-0.061312,0.139575,-2.553701,145.171112,11.874214,-0.068285,0.926217,0.011227,0.370586,-8.657497,126.615021,13.645694,-0.523146,0.581380,-0.308142,0.541630,-20.617889,124.641052,2.152827,-0.598681,0.529528,-0.303629,0.518642,-17.495907,102.706696,-5.003769,-0.695073,0.432354,-0.301742,0.488770,-11.368413,79.887184,-9.469618,-0.058350,0.914433,-0.101512,0.387432,-4.285221,127.244804,19.127029,0.617573,0.769799,0.151304,0.055863,7.290591,130.341309,30.765142,0.634239,0.745654,0.195483,0.059389,12.668075,107.810318,28.416485,0.535071,0.789841,0.299744,0.001781,17.198811,84.507957,24.583452,0.029316,0.944277,0.103693,0.311013,-10.421848,88.733810,7.692550,0.069776,0.955939,-0.018184,0.284572,-10.104904,54.844345,0.265527,0.011223,0.953713,-0.083776,0.288596,-16.532343,10.597187,0.044326,-0.081762,0.931609,-0.077672,0.345525,2.736427,88.063248,19.380798,0.003786,0.968941,-0.131483,0.209407,6.159644,54.250549,26.362228,0.026504,0.817327,-0.087330,0.568901,3.369401,11.085680,37.683903,0.011223,0.953713,-0.083776,0.288596,-9.685007,2.758479,-9.901769,0.026504,0.817327,-0.087330,0.568901,14.775726,3.172863,33.870869
251,2.091667,0.043758,0.932579,-0.061853,0.352923,-3.842012,88.395279,13.536969,-0.018241,0.902136,0.135585,0.409187,-2.937382,95.533546,12.926931,-0.025316,0.898844,-0.051754,0.434466,-5.745581,114.321503,17.410513,0.055324,0.948648,-0.096445,0.296150,-5.755308,132.228638,15.336797,0.058241,0.986503,-0.061269,0.140236,-2.571986,145.160965,11.866830,-0.068274,0.926113,0.011313,0.370844,-8.665384,126.602722,13.653896,-0.523310,0.581325,-0.308021,0.541601,-20.619425,124.630478,2.154124,-0.598756,0.529429,-0.303538,0.518711,-17.490963,102.696526,-5.000868,-0.695170,0.432054,-0.301795,0.488863,-11.355738,79.879257,-9.467533,-0.058467,0.914461,-0.101574,0.387331,-4.292296,127.239677,19.133757,0.617502,0.769853,0.151347,0.055780,7.285661,130.340271,30.768650,0.634238,0.745628,0.195588,0.059380,12.667641,107.810722,28.416420,0.534752,0.789985,0.299936,0.001868,17.198517,84.508980,24.579798,0.029331,0.944267,0.103698,0.311041,-10.420865,88.729546,7.692465,0.069758,0.955931,-0.018246,0.284598,-10.104595,54.840218,0.264799,0.013912,0.953609,-0.083476,0.288908,-16.532068,10.593039,0.049188,-0.081729,0.931583,-0.077623,0.345612,2.736841,88.061020,19.381472,0.003757,0.968931,-0.131500,0.209442,6.158482,54.247429,26.359314,0.026451,0.817325,-0.087390,0.568897,3.370056,11.082938,37.682880,0.013912,0.953609,-0.083476,0.288908,-9.712146,2.741691,-9.905766,0.026451,0.817325,-0.087390,0.568897,14.776464,3.169727,33.870911
252,2.100000,0.043689,0.932571,-0.061787,0.352966,-3.839649,88.393547,13.535136,-0.018280,0.902113,0.135720,0.409192,-2.936252,95.532021,12.925675,-0.025468,0.898824,-0.051798,0.434493,-5.748002,114.318504,17.413225,0.055204,0.948599,-0.096355,0.296358,-5.761906,132.225189,15.335724,0.058368,0.986434,-0.061335,0.140640,-2.581242,145.158737,11.867916,-0.068343,0.926151,0.011172,0.370741,-8.670547,126.598228,13.653859,-0.523244,0.581069,-0.308130,0.541877,-20.626822,124.621979,2.157099,-0.598758,0.529223,-0.303460,0.518964,-17.487625,102.689339,-4.997210,-0.695125,0.432062,-0.301557,0.489067,-11.339653,79.876183,-9.467361,-0.058527,0.914434,-0.101555,0.387392,-4.297901,127.237389,19.133816,0.617373,0.769960,0.151356,0.055712,7.278257,130.339737,30.770033,0.634159,0.745721,0.195528,0.059261,12.668056,107.812202,28.416300,0.534851,0.789971,0.299797,0.001694,17.204439,84.511765,24.578259,0.029463,0.944235,0.103618,0.311153,-10.418083,88.727036,7.690118,0.069676,0.955848,-0.018251,0.284896,-10.111320,54.837097,0.264856,0.013816,0.953632,-0.083378,0.288864,-16.531885,10.588905,0.049751,-0.081718,0.931591,-0.077623,0.345593,2.738785,88.060051,19.380154,0.003816,0.968915,-0.131479,0.209529,6.159857,54.246330,26.357645,0.023833,0.817262,-0.090152,0.568672,3.365731,11.081388,37.678093,0.013816,0.953632,-0.083378,0.288864,-9.711239,2.740512,-9.907041,0.023833,0.817262,-0.090152,0.568672,14.777400,3.152284,33.915211
253,2.108333,0.043584,0.932589,-0.061730,0.352942,-3.834550,88.391029,13.535190,-0.019148,0.902038,0.135593,0.409359,-2.932869,95.529739,12.925924,-0.024410,0.898811,-0.051079,0.434665,-5.773971,114.316299,17.394636,0.054649,0.948578,-0.096807,0.296381,-5.764523,132.227554,15.356867,0.058649,0.986336,-0.061487,0.141139,-2.594383,145.159454,11.873308,-0.068773,0.926058,0.011094,0.370896,-8.679578,126.607986,13.661382,-0.523174,0.580867,-0.308277,0.542077,-20.630047,124.617729,2.161002,-0.598857,0.528958,-0.303318,0.519203,-17.484146,102.685310,-4.991042,-0.695249,0.431901,-0.301228,0.489237,-11.318552,79.877319,-9.463314,-0.058717,0.914512,-0.101682,0.387145,-4.308294,127.229500,19.144457,0.617281,0.770023,0.151416,0.055687,7.273491,130.338623,30.773264,0.634047,0.745848,0.195449,0.059123,12.668650,107.812561,28.417742,0.535198,0.789857,0.299478,0.001515,17.212648,84.513786,24.578562,0.029374,0.944238,0.103681,0.311130,-10.413439,88.723183,7.690608,0.069806,0.955848,-0.018313,0.284863,-10.099634,54.833782,0.263147,0.013837,0.953605,-0.083354,0.288962,-16.532896,10.587433,0.050259,-0.081729,0.931611,-0.077665,0.345528,2.744339,88.058876,19.379770,0.003817,0.968926,-0.131532,0.209446,6.165587,54.245739,26.359999,0.026292,0.817379,-0.087483,0.568811,3.371351,11.082045,37.685165,0.013837,0.953605,-0.083354,0.288962,-9.710266,2.739479,-9.905515,0.026292,0.817379,-0.087483,0.568811,14.777978,3.169224,33.873047
254,2.116667,0.043481,0.932586,-0.061649,0.352977,-3.832650,88.388947,13.533829,-0.018442,0.902091,0.135886,0.409178,-2.932745,95.527931,12.925145,-0.025660,0.898804,-0.051758,0.434528,-5.752753,114.312424,17.415833,0.054731,0.948490,-0.096224,0.296837,-5.773393,132.218903,15.336609,0.058752,0.986241,-0.061519,0.141746,-2.603263,145.155426,11.870291,-0.068574,0.926158,0.011349,0.370676,-8.679783,126.590660,13.655119,-0.523311,0.580662,-0.308225,0.542194,-20.636627,124.609398,2.159811,-0.598941,0.528812,-0.303227,0.519309,-17.478153,102.677902,-4.989540,-0.695453,0.431537,-0.301131,0.489327,-11.302449,79.872749,-9.462280,-0.058859,0.914377,-0.101415,0.387511,-4.307695,127.232025,19.135263,0.617191,0.770125,0.151318,0.055538,7.264063,130.342987,30.773561,0.633975,0.745938,0.195360,0.059049,12.665179,107.818535,28.416389,0.534916,0.790083,0.299385,0.001543,17.214016,84.520546,24.578226,0.029328,0.944271,0.103688,0.311032,-10.411263,88.719856,7.688864,0.069842,0.955862,-0.018353,0.284802,-10.095057,54.830368,0.261936,0.013505,0.953629,-0.083313,0.288909,-16.532398,10.584596,0.051908,-0.081756,0.931607,-0.077671,0.345531,2.745962,88.058029,19.378796,0.003832,0.968952,-0.131550,0.209313,6.168804,54.245258,26.360012,0.026309,0.817418,-0.087488,0.568755,3.374428,11.082003,37.686810,0.013505,0.953629,-0.083313,0.288909,-9.706366,2.739978,-9.904168,0.026309,0.817418,-0.087488,0.568755,14.780231,3.168803,33.872997
255,2.125000,0.043434,0.932580,-0.061674,0.352993,-3.830301,88.387413,13.533874,-0.018556,0.902090,0.136030,0.409127,-2.930882,95.526413,12.924632,-0.025649,0.898823,-0.051856,0.434476,-5.756932,114.309189,17.418627,0.054842,0.948434,-0.095874,0.297109,-5.775815,132.215317,15.336424,0.058611,0.986171,-0.061711,0.142212,-2.604137,145.154388,11.880948,-0.068798,0.926125,0.011467,0.370714,-8.682997,126.587128,13.656171,-0.523261,0.580476,-0.308407,0.542338,-20.637861,124.600479,2.159738,-0.598773,0.528713,-0.303442,0.519477,-17.474550,102.668213,-4.985089,-0.695405,0.431099,-0.300903,0.489922,-11.300124,79.862335,-9.455896,-0.058884,0.914283,-0.101162,0.387797,-4.310278,127.228928,19.135757,0.616999,0.770243,0.151528,0.055465,7.253975,130.338150,30.781969,0.633958,0.745970,0.195320,0.058969,12.666520,107.817169,28.417799,0.534931,0.790149,0.299186,0.001380,17.216877,84.519699,24.578241,0.029328,0.944272,0.103671,0.311034,-10.408781,88.717392,7.688710,0.069848,0.955767,-0.018385,0.285119,-10.092917,54.827660,0.262862,0.013669,0.953626,-0.083254,0.288927,-16.531443,10.582057,0.053304,-0.081766,0.931618,-0.077656,0.345503,2.748179,88.057434,19.379038,0.003889,0.968963,-0.131562,0.209252,6.172202,54.244614,26.359451,0.026206,0.817418,-0.087548,0.568749,3.373415,11.081666,37.686363,0.013669,0.953626,-0.083254,0.288927,-9.706930,2.737623,-9.903956,0.026206,0.817418,-0.087548,0.568749,14.779873,3.168766,33.873909
256,2.133333,0.043404,0.932577,-0.061662,0.353008,-3.829672,88.384605,13.533142,-0.018987,0.902025,0.135876,0.409303,-2.930704,95.523659,12.923923,-0.025759,0.898752,-0.050755,0.434748,-5.770340,114.307465,17.405117,0.055254,0.948230,-0.096630,0.297437,-5.809470,132.217468,15.356729,0.058772,0.986073,-0.061883,0.142743,-2.619848,145.148361,11.887242,-0.068864,0.925893,0.011245,0.371286,-8.709165,126.588997,13.664444,-0.523458,0.580189,-0.308455,0.542428,-20.649532,124.598335,2.153647,-0.598835,0.528604,-0.303372,0.519557,-17.472073,102.665237,-4.982348,-0.695726,0.430610,-0.300921,0.489884,-11.290052,79.861488,-9.453553,-0.058726,0.914589,-0.101248,0.387074,-4.339841,127.225639,19.147345,0.616853,0.770435,0.151216,0.055283,7.243752,130.329315,30.775810,0.633878,0.746096,0.195147,0.058802,12.665604,107.810165,28.415594,0.535004,0.790106,0.299168,0.001177,17.221743,84.513771,24.576401,0.029308,0.944279,0.103691,0.311007,-10.408011,88.714149,7.687792,0.069860,0.955781,-0.018386,0.285069,-10.090629,54.824627,0.261062,0.013621,0.953625,-0.083205,0.288947,-16.530287,10.579189,0.051646,-0.081757,0.931617,-0.077602,0.345519,2.748667,88.055061,19.378492,0.003963,0.968800,-0.131461,0.210069,6.173326,54.241570,26.355310,0.025975,0.817169,-0.087657,0.569102,3.360487,11.076302,37.669868,0.013621,0.953625,-0.083205,0.288947,-9.704503,2.736249,-9.905919,0.025975,0.817169,-0.087657,0.569102,14.772445,3.164941,33.870689
257,2.141667,0.043373,0.932585,-0.061679,0.352987,-3.828414,88.381943,13.533709,-0.019407,0.902000,0.135710,0.409392,-2.929803,95.521011,12.924088,-0.025310,0.898730,-0.050560,0.434842,-5.782058,114.305939,17.392532,0.055108,0.948164,-0.096715,0.297648,-5.809490,132.217484,15.357468,0.058764,0.985995,-0.061907,0.143275,-2.621813,145.148224,11.885594,-0.069079,0.925932,0.011262,0.371148,-8.712337,126.592102,13.660344,-0.523623,0.580062,-0.308389,0.542442,-20.655146,124.594856,2.153216,-0.598963,0.528515,-0.303182,0.519612,-17.468971,102.661858,-4.979200,-0.695816,0.430579,-0.300713,0.489912,-11.276838,79.861404,-9.453178,-0.058828,0.914561,-0.101099,0.387164,-4.343844,127.221909,19.144699,0.616751,0.770511,0.151245,0.055286,7.237032,130.327026,30.775484,0.633851,0.746123,0.195127,0.058816,12.664777,107.809280,28.415466,0.534941,0.790131,0.299218,0.001058,17.222496,84.512947,24.577724,0.029292,0.944291,0.103719,0.310966,-10.407064,88.710892,7.688673,0.069850,0.955820,-0.018391,0.284939,-10.088367,54.821716,0.260417,0.013564,0.953661,-0.083260,0.288816,-16.527281,10.576164,0.052516,-0.081742,0.931635,-0.077616,0.345472,2.750237,88.052986,19.378742,0.004031,0.968704,-0.131306,0.210608,6.173906,54.239452,26.355869,0.026033,0.816865,-0.087513,0.569558,3.351782,11.070580,37.654366,0.013564,0.953661,-0.083260,0.288816,-9.703838,2.732324,-9.905951,0.026033,0.816865,-0.087513,0.569558,14.769001,3.161590,33.866058
258,2.150000,0.043329,0.932593,-0.061729,0.352963,-3.827951,88.379730,13.534710,-0.019023,0.902067,0.136047,0.409151,-2.929684,95.518761,12.924173,-0.025620,0.898790,-0.051779,0.434557,-5.772539,114.300690,17.411167,0.054629,0.948200,-0.095932,0.297875,-5.791498,132.207169,15.331885,0.058753,0.985915,-0.061877,0.143844,-2.620821,145.146515,11.876580,-0.069062,0.926184,0.011348,0.370520,-8.698251,126.579163,13.650208,-0.523582,0.579989,-0.308353,0.542580,-20.656693,124.582672,2.159202,-0.599029,0.528380,-0.303032,0.519760,-17.465548,102.651474,-4.976553,-0.695970,0.430348,-0.300454,0.490054,-11.262205,79.854813,-9.454319,-0.059172,0.914246,-0.100960,0.387892,-4.326496,127.220177,19.130661,0.616774,0.770497,0.151261,0.055171,7.234167,130.335861,30.778711,0.633826,0.746161,0.195059,0.058827,12.661139,107.818413,28.413925,0.534856,0.790227,0.299116,0.001121,17.220301,84.521904,24.578979,0.029313,0.944307,0.103717,0.310913,-10.406966,88.707695,7.690033,0.069700,0.955880,-0.018373,0.284776,-10.090114,54.818569,0.261448,0.013790,0.953753,-0.083079,0.288553,-16.515837,10.571083,0.056975,-0.081746,0.931662,-0.077578,0.345406,2.751064,88.051765,19.379387,0.004002,0.968820,-0.131435,0.209992,6.176433,54.237865,26.353922,0.025469,0.817111,-0.088332,0.569104,3.361548,11.072019,37.665775,0.013790,0.953753,-0.083079,0.288553,-9.700388,2.729696,-9.908889,0.025469,0.817111,-0.088332,0.569104,14.773742,3.154899,33.879330
259,2.158333,0.043285,0.932596,-0.061735,0.352958,-3.826910,88.378403,13.535664,-0.019873,0.902007,0.135846,0.409310,-2.929216,95.517487,12.924814,-0.024485,0.898796,-0.051069,0.434693,-5.799604,114.300247,17.390720,0.054332,0.948140,-0.096431,0.297958,-5.792668,132.211395,15.352085,0.058778,0.985823,-0.062003,0.144411,-2.625296,145.147659,11.882229,-0.069474,0.926079,0.011148,0.370712,-8.706808,126.591339,13.656713,-0.523580,0.579862,-0.308399,0.542692,-20.658604,124.579941,2.161388,-0.599062,0.528276,-0.302929,0.519889,-17.461876,102.649155,-4.973099,-0.696005,0.430288,-0.300142,0.490249,-11.250222,79.855362,-9.453990,-0.059315,0.914315,-0.101139,0.387659,-4.335914,127.213753,19.139996,0.616714,0.770532,0.151329,0.055183,7.230203,130.335449,30.781019,0.633788,0.746197,0.195056,0.058786,12.660602,107.818939,28.415215,0.534811,0.790331,0.298921,0.001189,17.222345,84.523087,24.579346,0.029302,0.944296,0.103761,0.310934,-10.406056,88.705605,7.691090,0.069723,0.955924,-0.018422,0.284621,-10.087346,54.817055,0.259949,0.013709,0.953779,-0.083033,0.288484,-16.516369,10.570025,0.060128,-0.081746,0.931635,-0.077563,0.345483,2.752236,88.051208,19.380238,0.003915,0.968940,-0.131561,0.209361,6.177382,54.237156,26.354137,0.025667,0.817382,-0.088365,0.568700,3.375057,11.074203,37.680141,0.013709,0.953779,-0.083033,0.288484,-9.701172,2.730276,-9.907200,0.025667,0.817382,-0.088365,0.568700,14.780387,3.153211,33.881134
260,2.166667,0.043265,0.932603,-0.061731,0.352942,-3.826086,88.378098,13.535335,-0.019931,0.901998,0.135891,0.409313,-2.928690,95.517204,12.924409,-0.024501,0.898784,-0.051101,0.434713,-5.801859,114.299408,17.390928,0.054387,0.948036,-0.096412,0.298287,-5.794908,132.210403,15.351014,0.058545,0.985744,-0.062111,0.144997,-2.624572,145.146591,11.883546,-0.069677,0.926081,0.011139,0.370669,-8.708942,126.590218,13.655904,-0.523530,0.579750,-0.308452,0.542829,-20.660847,124.572411,2.161816,-0.599246,0.528083,-0.302544,0.520096,-17.459627,102.642372,-4.972956,-0.696141,0.430493,-0.299993,0.489967,-11.226979,79.856049,-9.462687,-0.059508,0.914279,-0.101161,0.387710,-4.338311,127.213036,19.139351,0.616690,0.770545,0.151369,0.055155,7.225734,130.341003,30.780756,0.633663,0.746328,0.194956,0.058806,12.657651,107.825066,28.412992,0.535008,0.790263,0.298747,0.001086,17.226862,84.529800,24.582457,0.029269,0.944318,0.103768,0.310869,-10.405464,88.705009,7.691005,0.069758,0.955901,-0.018444,0.284689,-10.084920,54.816429,0.260088,0.013689,0.953782,-0.083036,0.288473,-16.517485,10.569912,0.060819,-0.081788,0.931644,-0.077545,0.345452,2.753292,88.051186,19.379663,0.003958,0.968960,-0.131606,0.209239,6.181820,54.237419,26.353281,0.025879,0.817410,-0.088290,0.568662,3.376365,11.075550,37.682636,0.013689,0.953782,-0.083036,0.288473,-9.702273,2.730224,-9.906545,0.025879,0.817410,-0.088290,0.568662,14.779382,3.152923,33.880089
261,2.175000,0.043174,0.932599,-0.061703,0.352969,-3.821844,88.377014,13.534792,-0.020110,0.901994,0.135979,0.409283,-2.925800,95.516289,12.923805,-0.024608,0.898786,-0.051111,0.434702,-5.806527,114.297272,17.390566,0.054098,0.947960,-0.096731,0.298476,-5.802878,132.208054,15.348668,0.058797,0.985646,-0.062008,0.145603,-2.636455,145.142639,11.871699,-0.069789,0.925992,0.011316,0.370865,-8.715952,126.587143,13.654277,-0.523430,0.579518,-0.308768,0.542994,-20.662474,124.568352,2.154769,-0.599217,0.527897,-0.302579,0.520298,-17.457806,102.636337,-4.972339,-0.696158,0.430407,-0.299941,0.490050,-11.216738,79.852318,-9.462007,-0.059527,0.914286,-0.101166,0.387690,-4.345254,127.211365,19.137510,0.616579,0.770663,0.151242,0.055092,7.219228,130.339951,30.778313,0.633661,0.746351,0.194888,0.058760,12.657818,107.825378,28.413010,0.534797,0.790429,0.298686,0.001158,17.227440,84.530106,24.582998,0.029296,0.944312,0.103783,0.310880,-10.401027,88.702568,7.690168,0.069749,0.955887,-0.018471,0.284735,-10.081886,54.814327,0.257707,0.013698,0.953787,-0.082992,0.288470,-16.514265,10.567776,0.060640,-0.081759,0.931650,-0.077580,0.345434,2.757339,88.051453,19.379416,0.004025,0.968942,-0.131601,0.209322,6.183280,54.237736,26.354540,0.024133,0.817344,-0.090152,0.568540,3.371155,11.075812,37.682034,0.013698,0.953787,-0.082992,0.288470,-9.699047,2.729039,-9.907465,0.024133,0.817344,-0.090152,0.568540,14.777815,3.142248,33.913372
262,2.183333,0.043149,0.932609,-0.061780,0.352934,-3.822580,88.374130,13.537166,-0.019506,0.902071,0.136230,0.409057,-2.926505,95.513306,12.924986,-0.025821,0.898792,-0.051898,0.434525,-5.788846,114.292549,17.410824,0.054247,0.947894,-0.096214,0.298828,-5.812523,132.198196,15.324584,0.058926,0.985576,-0.061984,0.146034,-2.644466,145.136597,11.863298,-0.069513,0.926094,0.011432,0.370659,-8.717968,126.568817,13.645312,-0.523663,0.579399,-0.308653,0.542961,-20.670895,124.559677,2.150774,-0.599128,0.527965,-0.302877,0.520157,-17.456503,102.627632,-4.971896,-0.696199,0.429885,-0.299756,0.490563,-11.227578,79.838478,-9.452387,-0.059488,0.914176,-0.100996,0.387998,-4.345967,127.213074,19.125185,0.616472,0.770739,0.151268,0.055144,7.210683,130.339081,30.774454,0.633445,0.746420,0.195232,0.059073,12.655134,107.825699,28.411213,0.534805,0.790159,0.299382,0.001567,17.236160,84.532188,24.584150,0.029307,0.944328,0.103817,0.310817,-10.402240,88.698845,7.693034,0.069791,0.955891,-0.018480,0.284712,-10.083549,54.811131,0.258105,0.012689,0.953804,-0.083408,0.288341,-16.519741,10.565132,0.060877,-0.081799,0.931652,-0.077483,0.345442,2.757080,88.049416,19.381296,0.004084,0.968815,-0.131527,0.209956,6.187922,54.235111,26.351151,0.025723,0.817154,-0.088287,0.569037,3.364631,11.071497,37.669407,0.012689,0.953804,-0.083408,0.288341,-9.695810,2.724094,-9.899456,0.025723,0.817154,-0.088287,0.569037,14.773443,3.151518,33.878746
263,2.191667,0.043119,0.932619,-0.061791,0.352908,-3.821863,88.372711,13.536623,-0.019587,0.902077,0.136311,0.409015,-2.926144,95.511894,12.924117,-0.025889,0.898797,-0.052005,0.434499,-5.792422,114.290154,17.411570,0.054201,0.947832,-0.096208,0.299033,-5.816666,132.195282,15.320789,0.058932,0.985509,-0.061989,0.146481,-2.648762,145.133896,11.860162,-0.069552,0.926080,0.011466,0.370685,-8.722055,126.565399,13.643098,-0.523612,0.579266,-0.308737,0.543105,-20.674154,124.555542,2.147827,-0.599190,0.527772,-0.302819,0.520316,-17.454983,102.623917,-4.974009,-0.696317,0.429690,-0.299714,0.490592,-11.214547,79.837898,-9.454466,-0.059506,0.914136,-0.101064,0.388072,-4.349784,127.211151,19.122580,0.616439,0.770766,0.151276,0.055127,7.204888,130.338760,30.773376,0.633375,0.746494,0.195172,0.059082,12.651345,107.825912,28.409649,0.534891,0.790108,0.299364,0.001416,17.236601,84.532722,24.585632,0.029274,0.944348,0.103820,0.310758,-10.401887,88.696907,7.692873,0.069758,0.955956,-0.018459,0.284501,-10.081413,54.809105,0.258422,0.013651,0.953803,-0.082892,0.288449,-16.514313,10.562626,0.061665,-0.081797,0.931707,-0.077516,0.345287,2.758161,88.048508,19.380373,0.004179,0.968881,-0.131548,0.209638,6.189210,54.234528,26.351742,0.024462,0.817289,-0.089809,0.568661,3.361056,11.071459,37.670887,0.013651,0.953803,-0.082892,0.288449,-9.698522,2.726536,-9.908126,0.024462,0.817289,-0.089809,0.568661,14.767965,3.139894,33.898785
264,2.200000,0.043036,0.932634,-0.061861,0.352865,-3.821060,88.372299,13.539373,-0.019700,0.902093,0.136312,0.408974,-2.926134,95.511467,12.925467,-0.025924,0.898804,-0.052066,0.434475,-5.796175,114.289543,17.411242,0.054089,0.947764,-0.096266,0.299252,-5.820663,132.194382,15.317939,0.058961,0.985431,-0.061936,0.147016,-2.654035,145.132919,11.855908,-0.069641,0.926066,0.011433,0.370703,-8.726094,126.564232,13.641188,-0.523612,0.579155,-0.308816,0.543178,-20.677336,124.551224,2.145567,-0.599221,0.527691,-0.302833,0.520355,-17.454464,102.619263,-4.973524,-0.696354,0.429639,-0.299502,0.490715,-11.210291,79.833900,-9.452060,-0.059566,0.914140,-0.101053,0.388057,-4.353549,127.210793,19.120356,0.616404,0.770788,0.151293,0.055159,7.201262,130.340057,30.770578,0.633399,0.746502,0.195071,0.059052,12.649534,107.827545,28.407782,0.534925,0.790177,0.299122,0.001369,17.233458,84.533813,24.585560,0.029312,0.944360,0.103894,0.310695,-10.401737,88.694763,7.696261,0.069790,0.955951,-0.018477,0.284508,-10.082673,54.808189,0.256181,0.012789,0.953812,-0.083373,0.288319,-16.518803,10.562179,0.060091,-0.081757,0.931751,-0.077489,0.345183,2.759618,88.049843,19.382486,0.004073,0.968959,-0.131638,0.209220,6.189504,54.235119,26.350784,0.024294,0.817594,-0.090238,0.568161,3.373706,11.074087,37.680763,0.012789,0.953812,-0.083373,0.288319,-9.696544,2.721217,-9.901447,0.024294,0.817594,-0.090238,0.568161,14.773734,3.136155,33.901241
265,2.208333,0.042999,0.932641,-0.061805,0.352862,-3.819594,88.371147,13.537866,-0.020492,0.902023,0.136095,0.409161,-2.925448,95.510452,12.924504,-0.024784,0.898797,-0.051382,0.434638,-5.820855,114.289604,17.389469,0.053753,0.947725,-0.096837,0.299249,-5.818808,132.199066,15.336063,0.058956,0.985372,-0.061945,0.147406,-2.656325,145.134048,11.856979,-0.070027,0.925965,0.011198,0.370891,-8.731680,126.576851,13.645658,-0.523434,0.579013,-0.309054,0.543365,-20.676464,124.549309,2.145882,-0.599190,0.527583,-0.302851,0.520489,-17.452782,102.616882,-4.971428,-0.696484,0.429510,-0.299384,0.490714,-11.203672,79.832993,-9.450576,-0.059750,0.914193,-0.101231,0.387858,-4.360323,127.204933,19.127928,0.616399,0.770764,0.151414,0.055211,7.198934,130.341537,30.771763,0.633343,0.746544,0.195083,0.059091,12.647236,107.829216,28.407326,0.534907,0.790235,0.299000,0.001404,17.234348,84.535828,24.586782,0.029282,0.944355,0.103885,0.310715,-10.400367,88.693344,7.694845,0.069842,0.955922,-0.018498,0.284592,-10.079358,54.806507,0.256013,0.012750,0.953810,-0.083319,0.288343,-16.520439,10.561216,0.059828,-0.081780,0.931739,-0.077503,0.345207,2.761179,88.048950,19.380886,0.004091,0.968959,-0.131660,0.209208,6.192051,54.234642,26.350725,0.024308,0.817590,-0.090163,0.568177,3.374456,11.074159,37.682339,0.012750,0.953810,-0.083319,0.288343,-9.696884,2.721800,-9.902042,0.024308,0.817590,-0.090163,0.568177,14.775138,3.137486,33.902149
266,2.216667,0.042935,0.932655,-0.061815,0.352830,-3.818321,88.370720,13.539910,-0.019843,0.902090,0.136356,0.408958,-2.925003,95.510086,12.926064,-0.026039,0.898784,-0.052179,0.434495,-5.800675,114.287483,17.411098,0.054033,0.947628,-0.096274,0.299689,-5.827062,132.191666,15.312348,0.058851,0.985308,-0.061948,0.147876,-2.659541,145.130341,11.851582,-0.069801,0.926054,0.011344,0.370707,-8.731783,126.560684,13.637170,-0.523592,0.579006,-0.308938,0.543287,-20.682175,124.541664,2.141730,-0.599321,0.527455,-0.302777,0.520512,-17.454786,102.609230,-4.973843,-0.696538,0.429298,-0.299277,0.490888,-11.197041,79.827240,-9.450596,-0.059674,0.914071,-0.101122,0.388186,-4.359575,127.209412,19.116352,0.616304,0.770849,0.151363,0.055231,7.191474,130.343155,30.769098,0.633298,0.746574,0.195117,0.059078,12.645167,107.831802,28.407732,0.534769,0.790360,0.298915,0.001633,17.235094,84.539124,24.586203,0.029378,0.944413,0.103807,0.310557,-10.399585,88.691864,7.697389,0.069344,0.956453,-0.018419,0.282931,-10.087845,54.804295,0.261499,0.013424,0.954163,-0.082902,0.287262,-16.484875,10.552549,0.082422,-0.081827,0.931715,-0.077485,0.345264,2.762943,88.049576,19.382433,0.004175,0.969019,-0.131705,0.208899,6.196868,54.235607,26.352406,0.024433,0.817627,-0.090067,0.568135,3.374801,11.076236,37.687130,0.013424,0.954163,-0.082902,0.287262,-9.692235,2.717519,-9.903991,0.024433,0.817627,-0.090067,0.568135,14.774367,3.139586,33.903538
267,2.225000,0.042916,0.932643,-0.061801,0.352869,-3.816999,88.371071,13.539052,-0.019911,0.902078,0.136387,0.408972,-2.923991,95.510498,12.925328,-0.026091,0.898770,-0.052230,0.434516,-5.802619,114.287460,17.410311,0.053955,0.947581,-0.096275,0.299849,-5.829827,132.191360,15.309112,0.058887,0.985256,-0.061953,0.148204,-2.663434,145.130310,11.848391,-0.069861,0.926071,0.011192,0.370658,-8.734180,126.560005,13.634568,-0.523662,0.578982,-0.308877,0.543279,-20.685509,124.537170,2.140776,-0.599486,0.527373,-0.302680,0.520460,-17.455086,102.605072,-4.974478,-0.696540,0.429509,-0.299032,0.490850,-11.190354,79.824409,-9.448242,-0.059736,0.914045,-0.101146,0.388231,-4.362262,127.209702,19.113865,0.616272,0.770848,0.151450,0.055353,7.187372,130.345734,30.767387,0.633289,0.746557,0.195201,0.059109,12.642219,107.834450,28.408155,0.534574,0.790550,0.298762,0.001902,17.232544,84.542084,24.585205,0.029360,0.944393,0.103781,0.310627,-10.397812,88.691925,7.696008,0.069562,0.956145,-0.018418,0.283916,-10.084882,54.803909,0.262248,0.013854,0.953965,-0.082580,0.287993,-16.500244,10.554862,0.070941,-0.081772,0.931607,-0.077553,0.345553,2.763813,88.050224,19.382095,0.004065,0.969001,-0.131647,0.209019,6.190340,54.236351,26.356173,0.023779,0.817706,-0.090759,0.567939,3.377434,11.075526,37.687649,0.013854,0.953965,-0.082580,0.287993,-9.695809,2.724375,-9.911004,0.023779,0.817706,-0.090759,0.567939,14.776868,3.134751,33.912334
268,2.233333,0.042827,0.932655,-0.061833,0.352842,-3.815175,88.369774,13.540708,-0.019979,0.902077,0.136411,0.408963,-2.923209,95.509247,12.926083,-0.026178,0.898755,-0.052292,0.434533,-5.804590,114.285835,17.410841,0.053873,0.947533,-0.096190,0.300043,-5.833615,132.189346,15.306291,0.058865,0.985200,-0.062011,0.148564,-2.668964,145.129333,11.847857,-0.069910,0.926062,0.011205,0.370670,-8.737309,126.557365,13.632689,-0.523701,0.578981,-0.308868,0.543249,-20.688097,124.533211,2.138557,-0.599640,0.527343,-0.302615,0.520351,-17.457315,102.600777,-4.975505,-0.696505,0.429832,-0.298532,0.490922,-11.189166,79.820290,-9.445395,-0.059957,0.914012,-0.101022,0.388306,-4.365668,127.208542,19.112032,0.616225,0.770884,0.151467,0.055340,7.181128,130.349915,30.766941,0.633249,0.746602,0.195150,0.059137,12.638773,107.839355,28.407160,0.534593,0.790547,0.298732,0.001836,17.231325,84.546944,24.587271,0.029340,0.944412,0.103841,0.310553,-10.396457,88.689026,7.698099,0.069589,0.956124,-0.018461,0.283978,-10.081523,54.801792,0.260817,0.013921,0.953983,-0.082520,0.287947,-16.500235,10.553220,0.072033,-0.081796,0.931737,-0.077503,0.345210,2.766108,88.050529,19.383316,0.004160,0.969031,-0.131695,0.208849,6.197968,54.236401,26.353527,0.023703,0.817729,-0.090911,0.567884,3.377911,11.076781,37.687820,0.013921,0.953983,-0.082520,0.287947,-9.697435,2.723628,-9.911733,0.023703,0.817729,-0.090911,0.567884,14.776391,3.134125,33.913567
269,2.241667,0.042852,0.932649,-0.061875,0.352848,-3.815557,88.369942,13.540082,-0.019995,0.902062,0.136452,0.408982,-2.923046,95.509308,12.925014,-0.026248,0.898732,-0.052367,0.434567,-5.805727,114.285446,17.410847,0.053801,0.947473,-0.096283,0.300218,-5.835737,132.188538,15.302769,0.058830,0.985151,-0.061997,0.148907,-2.671291,145.127991,11.842169,-0.069983,0.926064,0.011103,0.370655,-8.738938,126.556038,13.630051,-0.523543,0.578853,-0.309094,0.543408,-20.689758,124.528374,2.136581,-0.599621,0.527256,-0.302624,0.520456,-17.458601,102.595291,-4.975317,-0.696557,0.429847,-0.298281,0.490987,-11.186329,79.816055,-9.445741,-0.060025,0.914004,-0.101054,0.388306,-4.367766,127.208580,19.109606,0.616383,0.770762,0.151413,0.055433,7.178768,130.352417,30.764103,0.633133,0.746680,0.195260,0.059042,12.626875,107.839188,28.407761,0.533762,0.791193,0.298508,0.002220,17.227072,84.549179,24.582422,0.029374,0.944398,0.103800,0.310603,-10.396727,88.689308,7.697358,0.069379,0.956431,-0.018430,0.282996,-10.084482,54.801632,0.261997,0.014051,0.954148,-0.082410,0.287424,-16.484728,10.550341,0.082553,-0.081808,0.931753,-0.077515,0.345158,2.765613,88.050575,19.382805,0.004206,0.969068,-0.131696,0.208675,6.198358,54.236717,26.353895,0.023856,0.817722,-0.090842,0.567900,3.376341,11.077150,37.687904,0.014051,0.954148,-0.082410,0.287424,-9.694678,2.722199,-9.911021,0.023856,0.817722,-0.090842,0.567900,14.773711,3.133626,33.912136
270,2.250000,0.042844,0.932646,-0.061878,0.352857,-3.814945,88.369217,13.539749,-0.020090,0.902062,0.136483,0.408965,-2.922514,95.508591,12.924608,-0.026246,0.898735,-0.052451,0.434551,-5.808950,114.284241,17.410023,0.053735,0.947439,-0.096317,0.300324,-5.837650,132.187027,15.299277,0.058812,0.985112,-0.062020,0.149162,-2.674066,145.126434,11.837750,-0.070102,0.926051,0.011149,0.370663,-8.741326,126.554489,13.627476,-0.523600,0.578873,-0.309071,0.543346,-20.691395,124.523750,2.133762,-0.599441,0.527213,-0.302756,0.520630,-17.460634,102.590134,-4.976659,-0.696539,0.429239,-0.298996,0.491110,-11.190009,79.810860,-9.449194,-0.060088,0.913993,-0.101043,0.388326,-4.369958,127.207520,19.106817,0.616368,0.770792,0.151331,0.055394,7.175785,130.353195,30.761606,0.633086,0.746758,0.195123,0.059003,12.624923,107.840088,28.406420,0.534006,0.791061,0.298424,0.001986,17.228205,84.550110,24.584541,0.029392,0.944389,0.103814,0.310625,-10.396023,88.688431,7.696910,0.069393,0.956469,-0.018445,0.282864,-10.084475,54.801010,0.260330,0.013358,0.954189,-0.082859,0.287193,-16.486347,10.549948,0.082630,-0.081773,0.931764,-0.077536,0.345134,2.766132,88.050003,19.382589,0.004208,0.969064,-0.131696,0.208693,6.196290,54.235966,26.354095,0.024308,0.817724,-0.090289,0.567966,3.373934,11.076406,37.688065,0.013358,0.954189,-0.082859,0.287193,-9.694169,2.716362,-9.905233,0.024308,0.817724,-0.090289,0.567966,14.771321,3.137092,33.903500
271,2.258333,0.042816,0.932646,-0.061924,0.352851,-3.815593,88.369278,13.540483,-0.020185,0.902059,0.136488,0.408967,-2.923308,95.508606,12.924579,-0.026311,0.898723,-0.052465,0.434571,-5.813167,114.284050,17.408667,0.053401,0.947416,-0.096378,0.300438,-5.843687,132.186646,15.296443,0.059031,0.985045,-0.061989,0.149529,-2.687521,145.126862,11.831129,-0.070114,0.926075,0.010994,0.370604,-8.746697,126.553680,13.624990,-0.523666,0.578825,-0.309030,0.543356,-20.698170,124.520561,2.133151,-0.599594,0.527213,-0.302657,0.520512,-17.463654,102.587219,-4.976413,-0.696673,0.429417,-0.298781,0.490895,-11.190120,79.808281,-9.446596,-0.060109,0.913992,-0.101044,0.388325,-4.375618,127.207626,19.104454,0.616306,0.770852,0.151288,0.055373,7.170072,130.353943,30.759127,0.633091,0.746767,0.195079,0.058984,12.622908,107.841637,28.405005,0.533839,0.791193,0.298372,0.002008,17.225971,84.551514,24.583752,0.029388,0.944414,0.103823,0.310546,-10.396789,88.687759,7.697733,0.069395,0.956443,-0.018456,0.282951,-10.085373,54.800468,0.260574,0.013414,0.954188,-0.082744,0.287225,-16.487642,10.549465,0.083233,-0.081726,0.931643,-0.077549,0.345467,2.765601,88.050804,19.383232,0.004116,0.969050,-0.131656,0.208785,6.189939,54.236378,26.355701,0.023783,0.817733,-0.090834,0.567887,3.375135,11.075815,37.687737,0.013414,0.954188,-0.082744,0.287225,-9.695014,2.718147,-9.906104,0.023783,0.817733,-0.090834,0.567887,14.773335,3.133470,33.911972
272,2.266667,0.042740,0.932660,-0.061906,0.352826,-3.814280,88.369370,13.541243,-0.020288,0.902066,0.136487,0.408946,-2.923136,95.508820,12.925172,-0.026327,0.898721,-0.052554,0.434564,-5.816509,114.284111,17.407623,0.053345,0.947386,-0.096398,0.300535,-5.846161,132.186340,15.292289,0.059028,0.985012,-0.061993,0.149748,-2.690753,145.126587,11.826412,-0.070163,0.926036,0.010961,0.370694,-8.749464,126.553223,13.621840,-0.523711,0.578831,-0.309115,0.543258,-20.698498,124.518288,2.127788,-0.599548,0.527164,-0.302793,0.520535,-17.466753,102.582840,-4.976534,-0.697107,0.428399,-0.299026,0.491019,-11.194674,79.802742,-9.442836,-0.060103,0.913872,-0.101315,0.388537,-4.378306,127.207901,19.101152,0.616178,0.770938,0.151371,0.055374,7.161926,130.358047,30.760197,0.633057,0.746798,0.195078,0.058966,12.622109,107.847633,28.404882,0.533832,0.791257,0.298214,0.002077,17.227392,84.557983,24.583426,0.029397,0.944407,0.103839,0.310563,-10.395893,88.686745,7.698905,0.069429,0.956446,-0.018458,0.282930,-10.084612,54.799713,0.260579,0.013067,0.954185,-0.082757,0.287249,-16.489807,10.549131,0.082645,-0.081724,0.931642,-0.077573,0.345467,2.767334,88.051994,19.383579,0.004119,0.969057,-0.131641,0.208764,6.190922,54.237801,26.357550,0.023845,0.817732,-0.090818,0.567889,3.376452,11.076895,37.688316,0.013067,0.954185,-0.082757,0.287249,-9.692121,2.720036,-9.904994,0.023845,0.817732,-0.090818,0.567889,14.774048,3.133972,33.911957
273,2.275000,0.042679,0.932592,-0.062034,0.352990,-3.809418,88.367096,13.542483,-0.020375,0.902033,0.136492,0.409012,-2.918336,95.506386,12.924534,-0.026357,0.898694,-0.052590,0.434613,-5.815184,114.281502,17.405527,0.053542,0.947299,-0.096142,0.300855,-5.845121,132.183533,15.288552,0.058592,0.984964,-0.062237,0.150128,-2.685048,145.125183,11.832126,-0.070250,0.926086,0.010903,0.370555,-8.748075,126.550186,13.618294,-0.523817,0.578470,-0.309375,0.543392,-20.700130,124.511696,2.128004,-0.599288,0.527437,-0.302760,0.520577,-17.456425,102.573685,-4.962952,-0.697019,0.428771,-0.299272,0.490670,-11.197269,79.792511,-9.441916,-0.060254,0.913787,-0.101282,0.388722,-4.377545,127.205490,19.098036,0.616121,0.770979,0.151409,0.055327,7.157265,130.360245,30.761206,0.633065,0.746779,0.195122,0.058971,12.620937,107.850922,28.403606,0.533420,0.791556,0.298156,0.002336,17.225727,84.561386,24.580843,0.029469,0.944304,0.103802,0.310881,-10.389092,88.682434,7.697846,0.069656,0.956048,-0.018499,0.284214,-10.080843,54.795170,0.260463,0.013233,0.954015,-0.082685,0.287825,-16.506151,10.547551,0.071659,-0.081680,0.931745,-0.077599,0.345193,2.770256,88.051750,19.387121,0.004056,0.968978,-0.131611,0.209149,6.192451,54.237331,26.360682,0.024278,0.817759,-0.090736,0.567845,3.379523,11.075651,37.688915,0.013233,0.954015,-0.082685,0.287825,-9.697664,2.719104,-9.909137,0.024278,0.817759,-0.090736,0.567845,14.772118,3.128046,33.907284
274,2.283333,0.042667,0.932581,-0.062051,0.353018,-3.808979,88.366730,13.541863,-0.020431,0.902028,0.136498,0.409019,-2.917944,95.506004,12.923652,-0.026406,0.898684,-0.052644,0.434625,-5.816900,114.280960,17.403942,0.053510,0.947254,-0.096260,0.300967,-5.847545,132.182709,15.284451,0.058545,0.984934,-0.062198,0.150364,-2.686795,145.123459,11.825304,-0.070328,0.926082,0.010913,0.370549,-8.750211,126.548996,13.614904,-0.523750,0.578304,-0.309555,0.543531,-20.702038,124.508194,2.124799,-0.599141,0.527524,-0.302936,0.520557,-17.454586,102.569489,-4.962283,-0.697040,0.428770,-0.299395,0.490566,-11.204942,79.785454,-9.439945,-0.060337,0.913771,-0.101322,0.388736,-4.379861,127.205254,19.094673,0.616100,0.771032,0.151252,0.055255,7.154253,130.363098,30.757687,0.633026,0.746832,0.195050,0.058948,12.619497,107.853928,28.402306,0.533436,0.791544,0.298160,0.002346,17.226749,84.564575,24.581404,0.029355,0.944366,0.103773,0.310712,-10.388318,88.681740,7.696837,0.069699,0.956108,-0.018438,0.284005,-10.074557,54.793591,0.263694,0.014585,0.953936,-0.082185,0.288165,-16.502022,10.546309,0.070001,-0.081670,0.931764,-0.077686,0.345124,2.770359,88.051720,19.386890,0.004271,0.968786,-0.131173,0.210305,6.190338,54.238140,26.365614,0.023953,0.817062,-0.090640,0.568876,3.353433,11.066341,37.649197,0.014585,0.953936,-0.082185,0.288165,-9.701745,2.719714,-9.917831,0.023953,0.817062,-0.090640,0.568876,14.761451,3.126314,33.898296
275,2.291667,0.042654,0.932578,-0.062118,0.353016,-3.809679,88.366058,13.542482,-0.020484,0.902024,0.136470,0.409035,-2.918484,95.505234,12.923309,-0.026420,0.898670,-0.052670,0.434649,-5.818942,114.280403,17.401722,0.053362,0.947250,-0.096227,0.301017,-5.849578,132.182022,15.281189,0.058584,0.984910,-0.062267,0.150477,-2.692588,145.123642,11.821856,-0.070404,0.926064,0.010902,0.370580,-8.752122,126.548195,13.611813,-0.523877,0.578479,-0.309399,0.543312,-20.702831,124.504974,2.120968,-0.599289,0.527462,-0.302849,0.520499,-17.460278,102.565697,-4.966606,-0.697065,0.428662,-0.299418,0.490609,-11.204984,79.782677,-9.441603,-0.060371,0.913753,-0.101357,0.388765,-4.382070,127.204803,19.091780,0.616062,0.771068,0.151229,0.055245,7.151158,130.364197,30.755255,0.632985,0.746885,0.194986,0.058932,12.618643,107.855499,28.400513,0.533499,0.791518,0.298115,0.002219,17.228476,84.566345,24.581545,0.029463,0.944303,0.103819,0.310879,-10.389061,88.680443,7.697466,0.069712,0.956046,-0.018532,0.284205,-10.080093,54.793388,0.259108,0.012869,0.953992,-0.082695,0.287915,-16.511017,10.546580,0.071743,-0.081686,0.931888,-0.077629,0.344799,2.769702,88.051674,19.387499,0.004325,0.968812,-0.131253,0.210136,6.194518,54.237640,26.361668,0.023966,0.817096,-0.090709,0.568816,3.353407,11.067751,37.651520,0.012869,0.953992,-0.082695,0.287915,-9.695786,2.720565,-9.906351,0.023966,0.817096,-0.090709,0.568816,14.760056,3.126153,33.899761
276,2.300000,0.042692,0.932548,-0.062111,0.353091,-3.808644,88.367256,13.540218,-0.021251,0.901928,0.136257,0.409277,-2.916932,95.506393,12.921397,-0.025297,0.898640,-0.051998,0.434859,-5.842183,114.282570,17.379391,0.053024,0.947230,-0.096983,0.300897,-5.846530,132.188828,15.298085,0.058598,0.984892,-0.062217,0.150609,-2.692866,145.125290,11.816551,-0.070772,0.925996,0.010588,0.370689,-8.756203,126.562759,13.614954,-0.523525,0.578770,-0.309462,0.543305,-20.702501,124.504471,2.122203,-0.599415,0.527267,-0.302874,0.520536,-17.477467,102.566086,-4.976119,-0.696474,0.429726,-0.299373,0.490546,-11.213017,79.784317,-9.444618,-0.060530,0.913769,-0.101059,0.388780,-4.387907,127.201202,19.098471,0.615962,0.771115,0.151430,0.055145,7.144286,130.361679,30.762688,0.632964,0.746923,0.194914,0.058918,12.618028,107.855392,28.399426,0.533653,0.791456,0.298008,0.001985,17.229229,84.566170,24.582485,0.029420,0.944365,0.103826,0.310691,-10.387037,88.682190,7.694116,0.069699,0.956016,-0.018561,0.284307,-10.076555,54.795074,0.256104,0.013676,0.953974,-0.082270,0.288061,-16.507118,10.548207,0.070860,-0.081663,0.931814,-0.077596,0.345013,2.769749,88.052322,19.386322,0.004165,0.969080,-0.131665,0.208639,6.192307,54.237675,26.358627,0.023847,0.817792,-0.090904,0.567789,3.374822,11.077359,37.690929,0.013676,0.953974,-0.082270,0.288061,-9.697499,2.726215,-9.914225,0.023847,0.817792,-0.090904,0.567789,14.770627,3.132653,33.912880
277,2.308333,0.042736,0.932579,-0.061891,0.353044,-3.810945,88.370445,13.533488,-0.020660,0.901979,0.136824,0.409006,-2.919779,95.509926,12.917796,-0.026389,0.898658,-0.052998,0.434637,-5.831895,114.281036,17.405647,0.053265,0.947197,-0.096419,0.301138,-5.856418,132.181473,15.274999,0.058570,0.984861,-0.062340,0.150771,-2.699776,145.121811,11.810587,-0.070501,0.926016,0.010744,0.370686,-8.760859,126.547684,13.608778,-0.523699,0.578782,-0.309393,0.543164,-20.708488,124.499641,2.115601,-0.599501,0.527332,-0.302881,0.520368,-17.482101,102.560043,-4.978342,-0.696424,0.429963,-0.299465,0.490354,-11.221127,79.776520,-9.442750,-0.060480,0.913780,-0.101211,0.388723,-4.390643,127.205894,19.088415,0.615858,0.771281,0.151061,0.055007,7.143232,130.366638,30.750870,0.633033,0.746944,0.194626,0.058861,12.623639,107.861267,28.394390,0.533814,0.791359,0.297976,0.001786,17.230993,84.570290,24.583553,0.029415,0.944329,0.103686,0.310848,-10.389851,88.687553,7.688092,0.069493,0.956351,-0.018512,0.283232,-10.080847,54.798389,0.259366,0.013978,0.954120,-0.082138,0.287597,-16.492796,10.548785,0.082462,-0.081689,0.931786,-0.077684,0.345060,2.767961,88.053345,19.378883,0.004137,0.969079,-0.131655,0.208653,6.189651,54.239941,26.357609,0.023854,0.817766,-0.090895,0.567828,3.374609,11.079353,37.689476,0.013978,0.954120,-0.082138,0.287597,-9.696804,2.727519,-9.912455,0.023854,0.817766,-0.090895,0.567828,14.770791,3.134760,33.912369
278,2.316667,0.042702,0.932578,-0.061879,0.353051,-3.810069,88.372375,13.532366,-0.020666,0.901982,0.136819,0.409000,-2.919413,95.511917,12.916681,-0.026623,0.898658,-0.052719,0.434657,-5.831638,114.283058,17.404327,0.053400,0.947150,-0.096747,0.301158,-5.868068,132.184097,15.279020,0.058572,0.984854,-0.062419,0.150783,-2.705333,145.121094,11.807684,-0.070457,0.925967,0.010501,0.370824,-8.768772,126.548889,13.611128,-0.523873,0.578813,-0.309237,0.543052,-20.713196,124.499382,2.114867,-0.599488,0.527462,-0.302938,0.520218,-17.484001,102.559898,-4.978135,-0.696311,0.430099,-0.299557,0.490338,-11.231304,79.773712,-9.440541,-0.060454,0.913872,-0.101318,0.388482,-4.398971,127.208374,19.090948,0.615827,0.771293,0.151096,0.055086,7.141259,130.369080,30.747137,0.633007,0.746947,0.194680,0.058934,12.623030,107.863823,28.392738,0.533711,0.791408,0.298032,0.001867,17.231548,84.572861,24.583132,0.029373,0.944328,0.103707,0.310849,-10.388946,88.689003,7.686905,0.069748,0.956020,-0.018562,0.284281,-10.076694,54.799973,0.257682,0.013750,0.953932,-0.082293,0.288188,-16.511383,10.553709,0.071448,-0.081645,0.931827,-0.077733,0.344949,2.768808,88.055748,19.377827,0.004104,0.969050,-0.131642,0.208796,6.187376,54.242386,26.358276,0.023711,0.817764,-0.090993,0.567821,3.373765,11.081484,37.689312,0.013750,0.953932,-0.082293,0.288188,-9.700045,2.730668,-9.911634,0.023711,0.817764,-0.090993,0.567821,14.770767,3.137051,33.914318
279,2.325000,0.042627,0.932535,-0.062006,0.353154,-3.806146,88.369301,13.535497,-0.020856,0.901953,0.136778,0.409069,-2.915796,95.508705,12.917807,-0.026506,0.898617,-0.053016,0.434712,-5.834404,114.279976,17.400761,0.052667,0.947227,-0.096206,0.301217,-5.862258,132.180099,15.267701,0.058923,0.984791,-0.062519,0.151016,-2.722025,145.124619,11.803942,-0.070449,0.926018,0.010594,0.370696,-8.765283,126.545502,13.601775,-0.523895,0.578793,-0.309404,0.542957,-20.712912,124.497238,2.108623,-0.599535,0.527541,-0.302837,0.520143,-17.487419,102.554810,-4.976963,-0.696432,0.430314,-0.299734,0.489870,-11.235766,79.768776,-9.441662,-0.060574,0.913694,-0.101335,0.388878,-4.396068,127.205345,19.082020,0.615724,0.771392,0.151047,0.054988,7.133403,130.370911,30.747541,0.632869,0.747100,0.194573,0.058829,12.621598,107.867340,28.391985,0.533877,0.791372,0.297829,0.001744,17.239124,84.577972,24.583569,0.029455,0.944290,0.103709,0.310956,-10.383861,88.683739,7.688607,0.069764,0.956006,-0.018578,0.284325,-10.076112,54.795067,0.257554,0.013624,0.953951,-0.082219,0.288154,-16.512617,10.549060,0.072011,-0.081637,0.931765,-0.077665,0.345134,2.771568,88.054863,19.382387,0.004060,0.968989,-0.131627,0.209090,6.189876,54.240681,26.358997,0.024316,0.817681,-0.090632,0.567972,3.376959,11.079380,37.688690,0.013624,0.953951,-0.082219,0.288154,-9.700051,2.728642,-9.912292,0.024316,0.817681,-0.090632,0.567972,14.771329,3.133368,33.909061
280,2.333333,0.042636,0.932522,-0.062026,0.353182,-3.805049,88.371490,13.534802,-0.020853,0.901945,0.136831,0.409070,-2.914452,95.510849,12.916924,-0.026801,0.898604,-0.052837,0.434743,-5.833786,114.281570,17.401739,0.052837,0.947157,-0.096331,0.301367,-5.873921,132.181824,15.269867,0.058830,0.984759,-0.062721,0.151178,-2.727642,145.124588,11.805089,-0.070447,0.925962,0.010474,0.370840,-8.773017,126.545334,13.603491,-0.524026,0.578415,-0.309596,0.543123,-20.717085,124.495819,2.106859,-0.599274,0.527842,-0.302977,0.520056,-17.476810,102.551804,-4.967055,-0.696415,0.430512,-0.299869,0.489636,-11.244519,79.761467,-9.436814,-0.060538,0.913801,-0.101294,0.388642,-4.404403,127.207825,19.083897,0.615684,0.771422,0.151047,0.055009,7.131338,130.371170,30.743813,0.632823,0.747148,0.194531,0.058842,12.621745,107.868027,28.389381,0.533915,0.791369,0.297771,0.001689,17.241970,84.578812,24.583305,0.029450,0.944286,0.103685,0.310978,-10.382395,88.685921,7.687497,0.069798,0.955974,-0.018562,0.284426,-10.074652,54.796898,0.258097,0.014712,0.953849,-0.082104,0.288469,-16.513594,10.551265,0.069626,-0.081647,0.931735,-0.077694,0.345207,2.772297,88.057060,19.382107,0.004283,0.968777,-0.131231,0.210313,6.189962,54.243290,26.361036,0.023927,0.817020,-0.090588,0.568946,3.350876,11.072863,37.649326,0.014712,0.953849,-0.082104,0.288469,-9.707958,2.725696,-9.915364,0.023927,0.817020,-0.090588,0.568946,14.760384,3.134273,33.899899
281,2.341667,0.042611,0.932524,-0.061991,0.353185,-3.803323,88.371597,13.533172,-0.021602,0.901857,0.136574,0.409310,-2.913237,95.511055,12.915632,-0.025643,0.898570,-0.052131,0.434967,-5.856051,114.283264,17.378784,0.052469,0.947167,-0.096845,0.301235,-5.869287,132.188385,15.287789,0.058795,0.984748,-0.062853,0.151211,-2.729023,145.128189,11.806533,-0.070697,0.925882,0.010139,0.371002,-8.775638,126.559891,13.607049,-0.523940,0.578895,-0.309413,0.542798,-20.714520,124.498726,2.107122,-0.599475,0.527736,-0.303146,0.519834,-17.494839,102.554611,-4.975883,-0.696294,0.430614,-0.300246,0.489489,-11.262093,79.761230,-9.429528,-0.060712,0.913859,-0.101486,0.388428,-4.408914,127.203575,19.091200,0.615708,0.771423,0.150981,0.054901,7.131664,130.374115,30.744366,0.632817,0.747174,0.194467,0.058785,12.621191,107.870995,28.387768,0.533883,0.791411,0.297716,0.001672,17.242079,84.581924,24.581699,0.029480,0.944268,0.103678,0.311030,-10.380669,88.685837,7.685860,0.069788,0.955944,-0.018621,0.284524,-10.074641,54.796822,0.256336,0.013847,0.953917,-0.082090,0.288292,-16.514250,10.551262,0.072505,-0.081620,0.931706,-0.077709,0.345288,2.774022,88.057365,19.380484,0.004053,0.968960,-0.131497,0.209304,6.188993,54.243458,26.360058,0.024291,0.817536,-0.090566,0.568192,3.376559,11.079100,37.678185,0.013847,0.953917,-0.082090,0.288292,-9.701035,2.732249,-9.912448,0.024291,0.817536,-0.090566,0.568192,14.774078,3.134946,33.904179
282,2.350000,0.042690,0.932543,-0.061780,0.353163,-3.805400,88.376549,13.525491,-0.020798,0.901894,0.136934,0.409149,-2.915331,95.516281,12.911169,-0.026871,0.898540,-0.052896,0.434863,-5.834778,114.285980,17.400160,0.052635,0.947156,-0.096607,0.301318,-5.875975,132.185883,15.265272,0.058861,0.984776,-0.062774,0.151034,-2.732933,145.127075,11.791706,-0.070565,0.925942,0.010294,0.370873,-8.774110,126.548836,13.599065,-0.523969,0.578927,-0.309450,0.542716,-20.716805,124.493500,2.102054,-0.599473,0.527766,-0.303223,0.519761,-17.499855,102.548111,-4.978228,-0.696344,0.430534,-0.300435,0.489372,-11.270885,79.753067,-9.428598,-0.060535,0.913785,-0.101293,0.388679,-4.407025,127.212654,19.080528,0.615649,0.771467,0.150995,0.054914,7.127758,130.375992,30.741394,0.632856,0.747153,0.194405,0.058833,12.620637,107.873619,28.385395,0.533133,0.791917,0.297714,0.001680,17.238892,84.583496,24.582527,0.029327,0.944290,0.103657,0.310986,-10.382895,88.693436,7.678489,0.070016,0.955843,-0.018664,0.284804,-10.067653,54.803497,0.253560,0.013631,0.953794,-0.082388,0.288623,-16.527620,10.560926,0.065671,-0.081646,0.931691,-0.077750,0.345313,2.772096,88.059654,19.372492,0.004082,0.969024,-0.131656,0.208909,6.187538,54.246490,26.355425,0.023743,0.817741,-0.090835,0.567877,3.374303,11.085889,37.687672,0.013631,0.953794,-0.082388,0.288623,-9.705548,2.736694,-9.909144,0.023743,0.817741,-0.090835,0.567877,14.772883,3.144107,33.911877
283,2.358333,0.042970,0.932449,-0.062000,0.353338,-3.819022,88.372955,13.528482,-0.020593,0.901880,0.136779,0.409242,-2.923964,95.511955,12.912814,-0.026869,0.898520,-0.053033,0.434888,-5.834192,114.283630,17.399485,0.052807,0.947167,-0.096293,0.301355,-5.873091,132.182999,15.260182,0.058553,0.984808,-0.062969,0.150865,-2.727925,145.126221,11.796051,-0.070479,0.925976,0.010273,0.370804,-8.771790,126.545906,13.595165,-0.523929,0.578974,-0.309552,0.542646,-20.716606,124.492859,2.099949,-0.599391,0.527829,-0.303400,0.519689,-17.505159,102.545807,-4.977705,-0.696237,0.430611,-0.300656,0.489321,-11.284540,79.747681,-9.423937,-0.060854,0.913751,-0.101690,0.388607,-4.405001,127.210548,19.076765,0.615776,0.771423,0.150729,0.054844,7.130364,130.388458,30.733093,0.632823,0.747222,0.194258,0.058803,12.616327,107.883957,28.381208,0.533190,0.791876,0.297721,0.001578,17.236786,84.593620,24.582249,0.029201,0.944253,0.103739,0.311083,-10.393920,88.692810,7.678722,0.070021,0.955814,-0.018699,0.284900,-10.067902,54.803551,0.251177,0.013482,0.953794,-0.082408,0.288623,-16.529221,10.561162,0.065492,-0.081813,0.931635,-0.077594,0.345459,2.755875,88.053108,19.378242,0.004108,0.969010,-0.131676,0.208961,6.184752,54.240150,26.355600,0.023969,0.817524,-0.090360,0.568256,3.368227,11.080048,37.688927,0.013482,0.953794,-0.082408,0.288623,-9.705266,2.737543,-9.908514,0.023969,0.817524,-0.090360,0.568256,14.772129,3.144541,33.916000
284,2.366667,0.042944,0.932450,-0.061991,0.353342,-3.818982,88.373909,13.526407,-0.020621,0.901866,0.136787,0.409269,-2.924313,95.512955,12.910734,-0.026929,0.898498,-0.053010,0.434931,-5.835784,114.284515,17.397129,0.052391,0.947168,-0.096577,0.301332,-5.876879,132.183868,15.257639,0.058778,0.984777,-0.062929,0.150998,-2.740169,145.126266,11.782848,-0.070443,0.925960,0.010149,0.370855,-8.774675,126.546356,13.592422,-0.524004,0.579026,-0.309560,0.542514,-20.718399,124.492958,2.096138,-0.599452,0.527919,-0.303427,0.519511,-17.509993,102.544334,-4.977997,-0.696349,0.430625,-0.300588,0.489190,-11.294712,79.743980,-9.420285,-0.060879,0.913772,-0.101635,0.388568,-4.408468,127.211632,19.074404,0.615755,0.771461,0.150628,0.054816,7.127817,130.389496,30.729824,0.632794,0.747272,0.194182,0.058736,12.615080,107.885101,28.380075,0.533350,0.791800,0.297640,0.001483,17.237665,84.595146,24.581427,0.029219,0.944249,0.103732,0.311094,-10.393867,88.693390,7.676613,0.070013,0.955792,-0.018724,0.284974,-10.069061,54.804100,0.249168,0.013425,0.953796,-0.082353,0.288636,-16.530315,10.561699,0.065306,-0.081832,0.931655,-0.077642,0.345389,2.755904,88.054428,19.376200,0.004077,0.969005,-0.131690,0.208973,6.185347,54.242218,26.356867,0.026562,0.817547,-0.087574,0.568545,3.371163,11.082422,37.691940,0.013425,0.953796,-0.082353,0.288636,-9.705101,2.739773,-9.909164,0.026562,0.817547,-0.087574,0.568545,14.770967,3.163750,33.871559
285,2.375000,0.042637,0.932533,-0.061681,0.353215,-3.803222,88.380249,13.519129,-0.020790,0.901836,0.136978,0.409263,-2.914335,95.520226,12.905913,-0.026895,0.898461,-0.053052,0.435005,-5.834770,114.289459,17.396183,0.052536,0.947162,-0.096300,0.301415,-5.873953,132.188721,15.255877,0.058473,0.984793,-0.063208,0.150896,-2.735305,145.132919,11.789555,-0.070568,0.925971,0.010073,0.370804,-8.771952,126.551392,13.590420,-0.523901,0.579091,-0.309698,0.542465,-20.716343,124.493111,2.095700,-0.599399,0.527975,-0.303472,0.519488,-17.515427,102.542892,-4.976875,-0.695873,0.431352,-0.300008,0.489583,-11.304334,79.741455,-9.419478,-0.060919,0.913749,-0.101613,0.388621,-4.406625,127.216530,19.073118,0.615760,0.771445,0.150687,0.054828,7.128110,130.395477,30.729780,0.632773,0.747275,0.194222,0.058787,12.615046,107.891129,28.378672,0.533329,0.791768,0.297761,0.001432,17.238642,84.601250,24.580826,0.029347,0.944300,0.103642,0.310958,-10.380159,88.696815,7.671486,0.070045,0.955768,-0.018770,0.285043,-10.066784,54.806744,0.247103,0.013543,0.953777,-0.082376,0.288687,-16.531893,10.564894,0.065940,-0.081616,0.931599,-0.077823,0.345552,2.773715,88.063683,19.366772,0.003874,0.969212,-0.131839,0.207922,6.183623,54.250961,26.354563,0.026645,0.817946,-0.087857,0.567922,3.396510,11.094543,37.709183,0.013543,0.953777,-0.082376,0.288687,-9.707210,2.741586,-9.907809,0.026645,0.817946,-0.087857,0.567922,14.786350,3.168626,33.874138
286,2.383333,0.042647,0.932531,-0.061647,0.353224,-3.802297,88.381432,13.516336,-0.020775,0.901814,0.136985,0.409310,-2.913445,95.521461,12.903634,-0.026916,0.898431,-0.053053,0.435066,-5.833696,114.290642,17.394230,0.052472,0.947140,-0.096389,0.301468,-5.873378,132.189850,15.253563,0.058313,0.984794,-0.063229,0.150939,-2.735380,145.133545,11.784736,-0.070570,0.925982,0.010007,0.370780,-8.770909,126.552353,13.587832,-0.523871,0.579069,-0.309870,0.542419,-20.715900,124.493179,2.093893,-0.599361,0.528036,-0.303553,0.519422,-17.518763,102.540627,-4.973134,-0.695857,0.431495,-0.300098,0.489425,-11.313160,79.737320,-9.413769,-0.060954,0.913727,-0.101640,0.388661,-4.406338,127.217819,19.071098,0.615770,0.771448,0.150648,0.054780,7.127223,130.398285,30.728510,0.632789,0.747240,0.194310,0.058783,12.613821,107.893929,28.376734,0.532919,0.792017,0.297831,0.001714,17.236486,84.604355,24.575853,0.029309,0.944227,0.103667,0.311173,-10.379102,88.698357,7.668562,0.070197,0.955665,-0.018861,0.285346,-10.061021,54.808487,0.243446,0.013690,0.953689,-0.082406,0.288962,-16.541311,10.568846,0.064049,-0.081632,0.931597,-0.077870,0.345543,2.774508,88.064507,19.364111,0.003936,0.969197,-0.131834,0.207992,6.184405,54.252480,26.355255,0.024712,0.817878,-0.089876,0.567792,3.391234,11.095983,37.708076,0.013690,0.953689,-0.082406,0.288962,-9.712653,2.743857,-9.905663,0.024712,0.817878,-0.089876,0.567792,14.785531,3.158663,33.910038
287,2.391667,0.042623,0.932528,-0.061608,0.353241,-3.801116,88.381508,13.514769,-0.020843,0.901822,0.136824,0.409344,-2.912768,95.521637,12.902483,-0.026621,0.898445,-0.052979,0.435064,-5.833010,114.292442,17.386311,0.052262,0.947173,-0.096377,0.301404,-5.864299,132.192490,15.252632,0.058158,0.984800,-0.063349,0.150907,-2.732063,145.137115,11.782044,-0.070609,0.926030,0.009714,0.370659,-8.764447,126.557014,13.584667,-0.523866,0.579198,-0.309844,0.542301,-20.712250,124.492851,2.094541,-0.599341,0.528183,-0.303731,0.519192,-17.521339,102.539635,-4.973274,-0.695872,0.431623,-0.300584,0.488992,-11.328366,79.731522,-9.406908,-0.061081,0.913643,-0.101679,0.388827,-4.399627,127.218285,19.068243,0.615819,0.771390,0.150730,0.054810,7.129113,130.403519,30.729126,0.632871,0.747265,0.194011,0.058558,12.612745,107.898628,28.375587,0.533114,0.792128,0.297190,0.001220,17.231638,84.608269,24.574963,0.029326,0.944251,0.103616,0.311117,-10.377751,88.698273,7.666790,0.070189,0.955688,-0.018856,0.285269,-10.062322,54.807735,0.244596,0.013493,0.953685,-0.082378,0.288992,-16.541847,10.567984,0.065565,-0.081679,0.931583,-0.077863,0.345571,2.775519,88.064751,19.362747,0.003907,0.969204,-0.131863,0.207944,6.188401,54.253185,26.354677,0.026929,0.817882,-0.087576,0.568045,3.397764,11.097344,37.710644,0.013493,0.953685,-0.082378,0.288992,-9.709799,2.745081,-9.903467,0.026929,0.817882,-0.087576,0.568045,14.787901,3.172918,33.873375
288,2.400000,0.042614,0.932521,-0.061595,0.353263,-3.800201,88.381470,13.512376,-0.020844,0.901807,0.136840,0.409370,-2.912025,95.521629,12.900238,-0.026659,0.898423,-0.053060,0.435097,-5.832676,114.292267,17.384546,0.052185,0.947176,-0.096449,0.301384,-5.863863,132.191925,15.247652,0.058095,0.984812,-0.063415,0.150828,-2.733113,145.136230,11.774558,-0.070610,0.926049,0.009698,0.370613,-8.763857,126.556145,13.580468,-0.523907,0.579217,-0.309882,0.542220,-20.712780,124.491676,2.091567,-0.599332,0.528250,-0.303725,0.519138,-17.523964,102.537109,-4.972986,-0.695484,0.432206,-0.299975,0.489402,-11.334249,79.728233,-9.407232,-0.061084,0.913602,-0.101716,0.388914,-4.399475,127.218414,19.064270,0.615809,0.771412,0.150678,0.054760,7.126977,130.404449,30.727190,0.632861,0.747276,0.194006,0.058538,12.611461,107.899773,28.373491,0.533134,0.792096,0.297238,0.001217,17.231089,84.609619,24.572460,0.029337,0.944250,0.103592,0.311127,-10.376575,88.698128,7.664101,0.070203,0.955616,-0.018881,0.285506,-10.062304,54.807301,0.243209,0.013542,0.953660,-0.082365,0.289077,-16.543562,10.567805,0.064323,-0.081647,0.931518,-0.077835,0.345760,2.776172,88.064804,19.360651,0.003825,0.969156,-0.131880,0.208157,6.186275,54.252563,26.350677,0.026752,0.817915,-0.087684,0.567989,3.399946,11.097058,37.708973,0.013542,0.953660,-0.082365,0.289077,-9.710238,2.744885,-9.903817,0.026752,0.817915,-0.087684,0.567989,14.790689,3.173007,33.872757
289,2.408333,0.042704,0.932510,-0.061661,0.353269,-3.799493,88.381752,13.510303,-0.020886,0.901795,0.136899,0.409376,-2.909777,95.521683,12.897745,-0.026663,0.898415,-0.053122,0.435107,-5.832875,114.291618,17.383379,0.052100,0.947182,-0.096508,0.301362,-5.863197,132.191055,15.244429,0.058049,0.984816,-0.063503,0.150779,-2.734261,145.135193,11.769052,-0.070609,0.926079,0.009453,0.370545,-8.763398,126.555191,13.577810,-0.521257,0.577396,-0.313419,0.544677,-20.714018,124.487648,2.091220,-0.597793,0.527678,-0.304915,0.520794,-17.529818,102.523575,-4.945818,-0.695979,0.431648,-0.300772,0.488701,-11.345866,79.716255,-9.396073,-0.061110,0.913579,-0.101741,0.388958,-4.399141,127.217903,19.061661,0.615777,0.771445,0.150644,0.054753,7.126080,130.405136,30.725475,0.632866,0.747310,0.193897,0.058414,12.612432,107.900810,28.372829,0.533460,0.791922,0.297118,0.000874,17.232470,84.610916,24.570707,0.029339,0.944260,0.103546,0.311111,-10.375661,88.699455,7.661850,0.070222,0.955542,-0.018828,0.285751,-10.062706,54.807972,0.243884,0.013361,0.953620,-0.082529,0.289172,-16.544189,10.568539,0.058290,-0.081710,0.931480,-0.077755,0.345865,2.776675,88.064041,19.358757,0.004075,0.968935,-0.131731,0.209274,6.191989,54.251652,26.345509,0.026576,0.817368,-0.087595,0.568797,3.373707,11.092812,37.683212,0.013361,0.953620,-0.082529,0.289172,-9.707088,2.743181,-9.905350,0.026576,0.817368,-0.087595,0.568797,14.775759,3.173739,33.870361
290,2.416667,0.042650,0.932508,-0.061641,0.353284,-3.799719,88.380966,13.507520,-0.020853,0.901787,0.136921,0.409388,-2.910820,95.520996,12.894976,-0.026687,0.898404,-0.053169,0.435123,-5.833168,114.290749,17.381863,0.052079,0.947179,-0.096550,0.301360,-5.863482,132.189957,15.241014,0.057961,0.984824,-0.063567,0.150736,-2.734766,145.133804,11.764399,-0.070632,0.926086,0.009369,0.370523,-8.763597,126.553917,13.574883,-0.523824,0.579120,-0.310201,0.542221,-20.714653,124.484596,2.089067,-0.599195,0.528433,-0.304078,0.518904,-17.529812,102.526566,-4.966522,-0.696106,0.431532,-0.300965,0.488506,-11.359675,79.710541,-9.391224,-0.061071,0.913554,-0.101829,0.388998,-4.399549,127.217209,19.058828,0.615800,0.771468,0.150500,0.054570,7.124774,130.404495,30.723518,0.632847,0.747355,0.193797,0.058377,12.610735,107.900345,28.368292,0.533551,0.791835,0.297188,0.000789,17.232115,84.610390,24.568199,0.029352,0.944270,0.103484,0.311100,-10.375777,88.697899,7.658902,0.070221,0.955722,-0.018758,0.285155,-10.065063,54.805576,0.244686,0.013391,0.953608,-0.082469,0.289225,-16.544746,10.565886,0.057194,-0.081672,0.931447,-0.077742,0.345966,2.776340,88.064026,19.356138,0.004045,0.968920,-0.131725,0.209349,6.188766,54.251064,26.341537,0.026617,0.817302,-0.087571,0.568894,3.372292,11.092075,37.679123,0.013391,0.953608,-0.082469,0.289225,-9.706611,2.741706,-9.906659,0.026617,0.817302,-0.087571,0.568894,14.775062,3.172970,33.868496
291,2.425000,0.042695,0.932499,-0.061671,0.353298,-3.799574,88.381424,13.506699,-0.021575,0.901685,0.136663,0.409662,-2.909905,95.521355,12.894002,-0.025528,0.898353,-0.052469,0.435382,-5.854877,114.292679,17.359467,0.051740,0.947177,-0.097129,0.301240,-5.858095,132.196732,15.259350,0.057881,0.984820,-0.063670,0.150753,-2.734092,145.136948,11.764940,-0.070997,0.925981,0.009185,0.370722,-8.765337,126.568687,13.578667,-0.523714,0.579142,-0.310415,0.542182,-20.709743,124.486099,2.088331,-0.599045,0.528620,-0.304411,0.518691,-17.532240,102.525673,-4.963101,-0.696081,0.431565,-0.300790,0.488619,-11.381361,79.702866,-9.379664,-0.061283,0.913628,-0.101969,0.388754,-4.403622,127.213219,19.066706,0.615799,0.771434,0.150638,0.054674,7.126175,130.408096,30.723902,0.632896,0.747288,0.193881,0.058424,12.611693,107.903862,28.368399,0.533425,0.791897,0.297249,0.000781,17.229870,84.613510,24.566807,0.029353,0.944286,0.103503,0.311045,-10.375387,88.698898,7.657835,0.070197,0.955718,-0.018809,0.285169,-10.064750,54.806866,0.242298,0.013563,0.953626,-0.082435,0.289170,-16.543736,10.567045,0.059684,-0.081676,0.931460,-0.077756,0.345927,2.776239,88.063957,19.355562,0.004042,0.968917,-0.131733,0.209356,6.188865,54.251194,26.341820,0.026724,0.817287,-0.087474,0.568925,3.372369,11.092388,37.680099,0.013563,0.953626,-0.082435,0.289170,-9.708949,2.742389,-9.906096,0.026724,0.817287,-0.087474,0.568925,14.775014,3.173658,33.868317
292,2.433333,0.042652,0.932517,-0.061637,0.353260,-3.798236,88.382225,13.504622,-0.020867,0.901769,0.136891,0.409436,-2.909344,95.522270,12.892115,-0.026722,0.898364,-0.053228,0.435195,-5.831934,114.292313,17.377586,0.051993,0.947129,-0.096575,0.301524,-5.862288,132.191223,15.234291,0.057666,0.984798,-0.063758,0.150939,-2.734719,145.135193,11.757062,-0.070672,0.926095,0.009301,0.370494,-8.762004,126.554893,13.568454,-0.523922,0.579213,-0.310289,0.541977,-20.713577,124.483467,2.083562,-0.599297,0.528546,-0.304146,0.518630,-17.536310,102.521835,-4.964209,-0.696084,0.431863,-0.300863,0.488307,-11.373924,79.702248,-9.381339,-0.061175,0.913529,-0.101771,0.389056,-4.398874,127.219032,19.053024,0.615770,0.771453,0.150633,0.054755,7.123509,130.408890,30.718922,0.632864,0.747297,0.193953,0.058413,12.610277,107.904625,28.366734,0.533382,0.791932,0.297233,0.000891,17.230427,84.615051,24.562853,0.029348,0.944264,0.103490,0.311117,-10.374585,88.699249,7.656339,0.070217,0.955712,-0.018818,0.285186,-10.063327,54.806995,0.241797,0.013416,0.953627,-0.082432,0.289172,-16.544250,10.567466,0.059385,-0.081693,0.931412,-0.077782,0.346046,2.778113,88.065208,19.352907,0.004023,0.968866,-0.131740,0.209590,6.190272,54.252918,26.341682,0.026614,0.817280,-0.087489,0.568938,3.372564,11.094257,37.680222,0.013416,0.953627,-0.082432,0.289172,-9.707457,2.743941,-9.905902,0.026614,0.817280,-0.087489,0.568938,14.776550,3.176831,33.869751
293,2.441667,0.042605,0.932531,-0.061548,0.353245,-3.794139,88.382660,13.502201,-0.021608,0.901659,0.136745,0.409689,-2.906342,95.522919,12.890636,-0.025501,0.898302,-0.052851,0.435443,-5.853935,114.293304,17.358307,0.051553,0.947165,-0.096936,0.301371,-5.850105,132.195953,15.246285,0.057591,0.984808,-0.063840,0.150865,-2.731681,145.138519,11.755700,-0.070995,0.926084,0.009108,0.370467,-8.759151,126.567879,13.568833,-0.524116,0.579431,-0.310091,0.541669,-20.709879,124.484085,2.085292,-0.599330,0.528922,-0.304247,0.518149,-17.538649,102.521339,-4.961737,-0.696263,0.431889,-0.300726,0.488113,-11.398334,79.694580,-9.372608,-0.061358,0.913529,-0.101900,0.388994,-4.398160,127.214417,19.057209,0.615811,0.771424,0.150647,0.054665,7.125103,130.411316,30.720314,0.632860,0.747316,0.193904,0.058385,12.609974,107.906998,28.364103,0.533388,0.791950,0.297172,0.000853,17.230553,84.617401,24.560816,0.029360,0.944290,0.103470,0.311044,-10.370747,88.699493,7.654198,0.070258,0.955699,-0.018836,0.285218,-10.061333,54.807007,0.240688,0.013396,0.953598,-0.082397,0.289278,-16.546188,10.568052,0.058502,-0.081687,0.931388,-0.077811,0.346105,2.782469,88.065826,19.350204,0.004042,0.968886,-0.131767,0.209480,6.193136,54.253792,26.340931,0.026784,0.817277,-0.087352,0.568956,3.374596,11.095789,37.681767,0.013396,0.953598,-0.082397,0.289278,-9.706662,2.745520,-9.905688,0.026784,0.817277,-0.087352,0.568956,14.777906,3.178585,33.868805
294,2.450000,0.042632,0.932525,-0.061667,0.353238,-3.794778,88.382294,13.501662,-0.020608,0.901744,0.136820,0.409528,-2.906023,95.522301,12.888628,-0.027228,0.898272,-0.053200,0.435357,-5.818828,114.293526,17.375549,0.051985,0.947084,-0.096613,0.301656,-5.865611,132.191559,15.225249,0.057563,0.984802,-0.063907,0.150890,-2.737243,145.135208,11.747571,-0.070701,0.926131,0.009245,0.370401,-8.759414,126.551804,13.560700,-0.524150,0.579355,-0.310170,0.541673,-20.713156,124.478661,2.078374,-0.599460,0.528714,-0.304144,0.518272,-17.540104,102.514816,-4.964390,-0.696131,0.432128,-0.300754,0.488072,-11.386186,79.691521,-9.374228,-0.061108,0.913495,-0.101819,0.389135,-4.398653,127.222275,19.046387,0.615732,0.771509,0.150532,0.054663,7.121958,130.410904,30.714375,0.632825,0.747372,0.193840,0.058266,12.611326,107.907272,28.362175,0.534280,0.791343,0.297189,0.000478,17.234724,84.618530,24.557045,0.029360,0.944278,0.103460,0.311084,-10.371443,88.698822,7.653705,0.070228,0.955711,-0.018844,0.285184,-10.061866,54.806198,0.240816,0.013360,0.953614,-0.082423,0.289219,-16.544395,10.566891,0.060294,-0.081688,0.931450,-0.077802,0.345940,2.781887,88.065758,19.349619,0.004046,0.968894,-0.131782,0.209430,6.194046,54.253624,26.339161,0.026765,0.817264,-0.087363,0.568974,3.375483,11.095968,37.681293,0.013360,0.953614,-0.082423,0.289219,-9.705803,2.743989,-9.904250,0.026765,0.817264,-0.087363,0.568974,14.779106,3.178829,33.869133
295,2.458333,0.042671,0.932513,-0.061712,0.353256,-3.794605,88.380722,13.499919,-0.020859,0.901735,0.137112,0.409437,-2.905086,95.520607,12.886500,-0.026813,0.898314,-0.053798,0.435223,-5.830918,114.288292,17.379711,0.051811,0.947143,-0.096480,0.301542,-5.855153,132.184830,15.216600,0.057452,0.984816,-0.063919,0.150832,-2.732841,145.130310,11.740285,-0.070643,0.926172,0.009154,0.370313,-8.756531,126.547607,13.556674,-0.523964,0.579230,-0.310493,0.541801,-20.712725,124.475006,2.076810,-0.599080,0.528804,-0.304559,0.518375,-17.542244,102.509216,-4.961056,-0.696144,0.431606,-0.301288,0.488185,-11.405085,79.681114,-9.369359,-0.061127,0.913411,-0.102046,0.389268,-4.393805,127.216400,19.041000,0.615714,0.771562,0.150401,0.054480,7.123264,130.408844,30.711433,0.632892,0.747367,0.193656,0.058200,12.614623,107.905960,28.356668,0.534345,0.791331,0.297102,0.000359,17.234287,84.616058,24.554136,0.029504,0.944266,0.103391,0.311128,-10.370985,88.697586,7.651663,0.070136,0.955693,-0.018787,0.285271,-10.072005,54.804550,0.240205,0.014435,0.953425,-0.082302,0.289825,-16.545279,10.563904,0.056627,-0.081709,0.931333,-0.077721,0.346269,2.781775,88.063850,19.348175,0.004050,0.968878,-0.131795,0.209496,6.194778,54.251087,26.334221,0.026711,0.817209,-0.087389,0.569051,3.374801,11.093744,37.677212,0.014435,0.953425,-0.082302,0.289825,-9.707035,2.736135,-9.904328,0.026711,0.817209,-0.087389,0.569051,14.779661,3.176974,33.868004
296,2.466667,0.042659,0.932519,-0.061809,0.353224,-3.794760,88.379349,13.499440,-0.020766,0.901732,0.137091,0.409456,-2.904928,95.519073,12.884625,-0.026951,0.898290,-0.053780,0.435266,-5.827260,114.287140,17.378557,0.052087,0.947111,-0.096566,0.301567,-5.856138,132.183487,15.213881,0.057210,0.984848,-0.064023,0.150674,-2.726018,145.127151,11.737842,-0.070718,0.926160,0.009139,0.370328,-8.755857,126.545334,13.554203,-0.524128,0.579297,-0.310397,0.541626,-20.711321,124.470261,2.074022,-0.599262,0.528941,-0.304527,0.518044,-17.541668,102.503372,-4.960792,-0.696053,0.432178,-0.300685,0.488182,-11.410531,79.672348,-9.362335,-0.061147,0.913416,-0.102128,0.389233,-4.393770,127.215767,19.038837,0.615734,0.771564,0.150324,0.054439,7.124132,130.409775,30.708021,0.633025,0.747248,0.193671,0.058233,12.614548,107.906601,28.353840,0.533471,0.791918,0.297109,0.000747,17.225943,84.615204,24.550438,0.029422,0.944230,0.103478,0.311218,-10.371547,88.695457,7.651600,0.070153,0.955732,-0.018836,0.285131,-10.064607,54.803337,0.236273,0.014188,0.953465,-0.082344,0.289694,-16.540527,10.563058,0.057363,-0.081687,0.931374,-0.077705,0.346166,2.782027,88.063240,19.347281,0.004045,0.968864,-0.131788,0.209565,6.194767,54.250050,26.331415,0.026710,0.817168,-0.087506,0.569092,3.374614,11.092541,37.673717,0.014188,0.953465,-0.082344,0.289694,-9.702085,2.736089,-9.904087,0.026710,0.817168,-0.087506,0.569092,14.778871,3.173537,33.867344
297,2.475000,0.042680,0.932520,-0.061829,0.353216,-3.795358,88.379715,13.497344,-0.020752,0.901743,0.137121,0.409423,-2.905141,95.519379,12.882367,-0.026945,0.898308,-0.053826,0.435224,-5.827289,114.287148,17.377653,0.051877,0.947135,-0.096654,0.301501,-5.855367,132.183319,15.211574,0.057260,0.984843,-0.064064,0.150668,-2.730244,145.127060,11.731293,-0.070667,0.926185,0.008958,0.370279,-8.755545,126.545204,13.552591,-0.524056,0.579224,-0.310517,0.541704,-20.712475,124.469398,2.074060,-0.599234,0.529063,-0.304511,0.517962,-17.542372,102.502060,-4.959136,-0.696219,0.432268,-0.300525,0.487963,-11.416923,79.669861,-9.362521,-0.061149,0.913415,-0.102277,0.389196,-4.392940,127.215836,19.036793,0.615758,0.771560,0.150255,0.054411,7.125920,130.411713,30.704529,0.633053,0.747249,0.193594,0.058179,12.615120,107.908165,28.351133,0.533587,0.791881,0.296999,0.000696,17.225073,84.616455,24.547922,0.029558,0.944206,0.103406,0.311302,-10.372221,88.696060,7.649600,0.070016,0.955722,-0.018808,0.285200,-10.075123,54.803478,0.236033,0.014346,0.953493,-0.082316,0.289601,-16.538671,10.561389,0.057822,-0.081704,0.931371,-0.077702,0.346172,2.781506,88.063370,19.345087,0.004051,0.968881,-0.131817,0.209468,6.195434,54.250347,26.329439,0.026633,0.817209,-0.087580,0.569025,3.375348,11.093518,37.674355,0.014346,0.953493,-0.082316,0.289601,-9.704220,2.733900,-9.905961,0.026633,0.817209,-0.087580,0.569025,14.779205,3.174132,33.867565
298,2.483333,0.042677,0.932534,-0.061795,0.353186,-3.793433,88.379463,13.496363,-0.020785,0.901742,0.137117,0.409424,-2.903451,95.519188,12.881805,-0.026980,0.898296,-0.053860,0.435242,-5.826685,114.286957,17.376427,0.051836,0.947139,-0.096622,0.301504,-5.855312,132.182938,15.208692,0.057221,0.984845,-0.064170,0.150627,-2.731461,145.127106,11.728870,-0.070698,0.926180,0.008992,0.370287,-8.755225,126.544556,13.550117,-0.524019,0.579235,-0.310664,0.541645,-20.711807,124.468231,2.071321,-0.599117,0.528986,-0.304621,0.518111,-17.546555,102.498795,-4.957510,-0.696430,0.431599,-0.301384,0.487724,-11.420427,79.666862,-9.361334,-0.061181,0.913410,-0.102310,0.389195,-4.392859,127.215851,19.034428,0.615780,0.771566,0.150167,0.054314,7.125905,130.413132,30.701872,0.632930,0.747411,0.193413,0.058037,12.614298,107.909485,28.347406,0.534495,0.791317,0.296871,0.000161,17.232563,84.619095,24.546217,0.029415,0.944265,0.103465,0.311116,-10.370666,88.696022,7.649046,0.070171,0.955700,-0.018854,0.285234,-10.064372,54.803680,0.234711,0.014033,0.953468,-0.082417,0.289671,-16.542288,10.563692,0.056159,-0.081684,0.931375,-0.077727,0.346161,2.783799,88.062912,19.343679,0.004088,0.968920,-0.131840,0.209275,6.195873,54.249920,26.329109,0.026651,0.817207,-0.087593,0.569025,3.374408,11.093670,37.675888,0.014033,0.953468,-0.082417,0.289671,-9.702621,2.736164,-9.904011,0.026651,0.817207,-0.087593,0.569025,14.777933,3.173777,33.869160
299,2.491667,0.042637,0.932525,-0.061721,0.353227,-3.791462,88.380180,13.493858,-0.020628,0.901734,0.136904,0.409522,-2.902373,95.520088,12.880114,-0.027123,0.898243,-0.053837,0.435345,-5.817193,114.290390,17.369596,0.051720,0.947141,-0.096627,0.301517,-5.850563,132.186172,15.200353,0.057178,0.984863,-0.064129,0.150544,-2.729528,145.130737,11.719502,-0.070775,0.926269,0.009025,0.370049,-8.748477,126.546814,13.541629,-0.524169,0.579327,-0.310562,0.541459,-20.710590,124.468246,2.069005,-0.599209,0.528910,-0.304589,0.518101,-17.547337,102.497757,-4.957460,-0.696293,0.431608,-0.301353,0.487932,-11.416389,79.666626,-9.358695,-0.061166,0.913353,-0.102215,0.389356,-4.387487,127.219833,19.026821,0.615806,0.771543,0.150172,0.054345,7.127146,130.415817,30.698692,0.632898,0.747451,0.193363,0.058030,12.613924,107.911720,28.344955,0.534617,0.791264,0.296792,0.000047,17.234173,84.621445,24.545427,0.029440,0.944242,0.103462,0.311185,-10.368255,88.696472,7.646034,0.070180,0.955558,-0.018951,0.285701,-10.063126,54.804207,0.231329,0.014186,0.953443,-0.082354,0.289763,-16.544134,10.564650,0.057683,-0.081708,0.931387,-0.077769,0.346112,2.785331,88.063889,19.341682,0.004086,0.968910,-0.131854,0.209313,6.198289,54.251637,26.330236,0.026771,0.817234,-0.087452,0.569003,3.376245,11.095703,37.678074,0.014186,0.953443,-0.082354,0.289763,-9.704192,2.737477,-9.902578,0.026771,0.817234,-0.087452,0.569003,14.779321,3.176799,33.867939
300,2.500000,0.042781,0.932395,-0.061224,0.353639,-3.779915,88.387520,13.475959,-0.020852,0.901649,0.137226,0.409589,-2.891128,95.528130,12.870014,-0.026944,0.898261,-0.053866,0.435317,-5.819242,114.294624,17.366734,0.051691,0.947164,-0.096741,0.301413,-5.846435,132.190643,15.199389,0.057080,0.984887,-0.064177,0.150402,-2.725802,145.134354,11.714993,-0.070933,0.926269,0.008852,0.370022,-8.746402,126.552475,13.540196,-0.524197,0.579363,-0.310538,0.541408,-20.708435,124.466850,2.068765,-0.599224,0.528876,-0.304496,0.518172,-17.546457,102.496086,-4.957409,-0.695884,0.432102,-0.300802,0.488418,-11.411118,79.666794,-9.362062,-0.061136,0.913359,-0.102244,0.389339,-4.384926,127.223381,19.025263,0.615865,0.771528,0.150043,0.054235,7.130287,130.418808,30.696726,0.632921,0.747451,0.193315,0.057944,12.614201,107.914063,28.342295,0.534546,0.791359,0.296667,0.000203,17.233526,84.623917,24.540907,0.029551,0.944229,0.103035,0.311356,-10.351350,88.708733,7.622381,0.070135,0.955612,-0.018888,0.285534,-10.061433,54.810791,0.233041,0.014454,0.953457,-0.082605,0.289634,-16.537144,10.570473,0.056335,-0.081704,0.931370,-0.077942,0.346121,2.791520,88.066307,19.329538,0.004085,0.968890,-0.131851,0.209406,6.199930,54.255867,26.329109,0.026682,0.817220,-0.087720,0.568985,3.376952,11.099869,37.676464,0.014454,0.953457,-0.082605,0.289634,-9.704663,2.735506,-9.902922,0.026682,0.817220,-0.087720,0.568985,14.778563,3.177032,33.870129
301,2.508333,0.042779,0.932391,-0.061248,0.353647,-3.778699,88.386063,13.474557,-0.020761,0.901638,0.137281,0.409600,-2.889817,95.526627,12.868294,-0.027131,0.898231,-0.053999,0.435349,-5.815664,114.292679,17.368340,0.051715,0.947155,-0.096779,0.301425,-5.846735,132.187820,15.193781,0.057021,0.984902,-0.064198,0.150317,-2.725123,145.131104,11.708704,-0.070892,0.926312,0.008810,0.369922,-8.745317,126.548340,13.536662,-0.524210,0.579319,-0.310597,0.541409,-20.710009,124.463333,2.067894,-0.599215,0.528917,-0.304537,0.518117,-17.547312,102.491806,-4.955557,-0.695901,0.432131,-0.300610,0.488485,-11.415210,79.661369,-9.358770,-0.061114,0.913346,-0.102330,0.389348,-4.384375,127.222443,19.021759,0.615845,0.771565,0.149957,0.054189,7.130672,130.418320,30.693256,0.632948,0.747461,0.193215,0.057853,12.616012,107.913818,28.339857,0.534584,0.791384,0.296533,0.000111,17.234173,84.623505,24.538004,0.029543,0.944245,0.102995,0.311320,-10.350041,88.707077,7.620865,0.070148,0.955643,-0.018869,0.285428,-10.060792,54.808540,0.234231,0.014180,0.953472,-0.082596,0.289599,-16.537121,10.568312,0.056288,-0.081671,0.931428,-0.077934,0.345975,2.792644,88.065041,19.328249,0.004097,0.968912,-0.131883,0.209283,6.200189,54.254139,26.326000,0.026589,0.817266,-0.087865,0.568902,3.377029,11.098912,37.676250,0.014180,0.953472,-0.082596,0.289599,-9.701732,2.735554,-9.902711,0.026589,0.817266,-0.087865,0.568902,14.777634,3.174533,33.870106
302,2.516667,0.042794,0.932383,-0.061331,0.353652,-3.780676,88.382919,13.474739,-0.020727,0.901658,0.137262,0.409565,-2.891167,95.523323,12.867445,-0.027079,0.898255,-0.054117,0.435290,-5.815362,114.289627,17.367496,0.051909,0.947161,-0.096847,0.301352,-5.843013,132.184418,15.189922,0.056710,0.984948,-0.064241,0.150112,-2.716345,145.126373,11.704463,-0.070856,0.926344,0.008651,0.369853,-8.742941,126.545242,13.534082,-0.524240,0.579296,-0.310642,0.541378,-20.709503,124.459305,2.067432,-0.599202,0.528950,-0.304531,0.518103,-17.546888,102.486824,-4.953083,-0.696010,0.431990,-0.300653,0.488428,-11.416279,79.656151,-9.357162,-0.061171,0.913307,-0.102430,0.389405,-4.381233,127.219368,19.018572,0.615843,0.771596,0.149842,0.054070,7.132100,130.418396,30.690897,0.632996,0.747475,0.193035,0.057752,12.618111,107.914162,28.336617,0.534747,0.791322,0.296403,-0.000118,17.233948,84.623154,24.536242,0.029526,0.944234,0.103048,0.311337,-10.351939,88.703659,7.620940,0.070119,0.955657,-0.018893,0.285387,-10.060299,54.805801,0.231237,0.014141,0.953501,-0.082611,0.289501,-16.534775,10.565299,0.056287,-0.081657,0.931383,-0.077890,0.346110,2.790588,88.062180,19.328537,0.004050,0.968893,-0.131889,0.209369,6.197361,54.250656,26.323664,0.026577,0.817259,-0.087933,0.568902,3.377193,11.095524,37.675018,0.014141,0.953501,-0.082611,0.289501,-9.701104,2.732439,-9.903811,0.026577,0.817259,-0.087933,0.568902,14.777345,3.169998,33.869896
303,2.525000,0.042850,0.932383,-0.061429,0.353627,-3.781451,88.381554,13.475248,-0.020904,0.901652,0.137501,0.409489,-2.890707,95.521721,12.866895,-0.027062,0.898268,-0.054420,0.435224,-5.824518,114.285172,17.372591,0.051636,0.947155,-0.097235,0.301293,-5.847024,132.178802,15.185514,0.056901,0.984925,-0.064118,0.150246,-2.724555,145.118484,11.687856,-0.070725,0.926323,0.008518,0.369935,-8.748830,126.539627,13.532993,-0.524366,0.579228,-0.310564,0.541373,-20.714003,124.456169,2.064451,-0.599250,0.528986,-0.304543,0.518004,-17.545471,102.483978,-4.954295,-0.696005,0.432088,-0.300539,0.488420,-11.417043,79.652199,-9.355678,-0.061163,0.913363,-0.102526,0.389251,-4.386317,127.215363,19.016638,0.615820,0.771664,0.149634,0.053947,7.131065,130.414963,30.684805,0.633005,0.747518,0.192877,0.057621,12.619029,107.911003,28.332409,0.535026,0.791172,0.296302,-0.000290,17.235003,84.619995,24.532139,0.029485,0.944238,0.103139,0.311301,-10.352940,88.702621,7.621727,0.070111,0.955817,-0.018906,0.284854,-10.056911,54.805901,0.227065,0.014252,0.953534,-0.082660,0.289375,-16.531076,10.565326,0.057150,-0.081678,0.931359,-0.077854,0.346175,2.790038,88.060478,19.328770,0.004069,0.968900,-0.131887,0.209340,6.198489,54.248791,26.322281,0.026816,0.817200,-0.087839,0.568989,3.377048,11.093616,37.673168,0.014252,0.953534,-0.082660,0.289375,-9.701863,2.730500,-9.904452,0.026816,0.817200,-0.087839,0.568989,14.776024,3.166561,33.867733
304,2.533333,0.042831,0.932386,-0.061413,0.353624,-3.779972,88.382530,13.473669,-0.020814,0.901693,0.137268,0.409481,-2.889575,95.522751,12.865435,-0.027092,0.898304,-0.054053,0.435194,-5.816502,114.288857,17.364582,0.051644,0.947170,-0.097379,0.301196,-5.845837,132.183853,15.188890,0.056768,0.984947,-0.064249,0.150096,-2.722554,145.122284,11.687276,-0.070909,0.926343,0.008319,0.369853,-8.745747,126.544662,13.533097,-0.524188,0.579176,-0.310743,0.541499,-20.712069,124.452988,2.067247,-0.599201,0.528932,-0.304615,0.518072,-17.545898,102.480545,-4.951755,-0.696063,0.432045,-0.300587,0.488344,-11.416857,79.648758,-9.352209,-0.061162,0.913362,-0.102551,0.389246,-4.382884,127.218521,19.016697,0.615868,0.771617,0.149680,0.053939,7.134631,130.418411,30.684656,0.632918,0.747512,0.193134,0.057790,12.619890,107.914009,28.330189,0.534844,0.791122,0.296761,0.000027,17.240236,84.624031,24.528967,0.029493,0.944253,0.103114,0.311261,-10.351529,88.703392,7.620208,0.070108,0.955804,-0.018900,0.284897,-10.056850,54.806351,0.226953,0.014285,0.953538,-0.082671,0.289356,-16.530638,10.565728,0.056283,-0.081639,0.931424,-0.077907,0.345999,2.791586,88.061668,19.327129,0.004143,0.968777,-0.131790,0.209966,6.197603,54.250122,26.322504,0.026532,0.817021,-0.087958,0.569241,3.364182,11.092726,37.661926,0.014285,0.953538,-0.082671,0.289356,-9.702321,2.730386,-9.905534,0.026532,0.817021,-0.087958,0.569241,14.768156,3.167669,33.867317
305,2.541667,0.042803,0.932364,-0.061426,0.353684,-3.767477,88.380775,13.470893,-0.021057,0.901677,0.137369,0.409470,-2.877350,95.521004,12.862396,-0.027053,0.898307,-0.054103,0.435184,-5.814342,114.285622,17.361132,0.051607,0.947198,-0.097369,0.301118,-5.841627,132.180496,15.184413,0.056681,0.984976,-0.064252,0.149938,-2.719767,145.119171,11.682402,-0.070804,0.926369,0.008383,0.369807,-8.742214,126.541557,13.528985,-0.524174,0.579139,-0.310910,0.541456,-20.710161,124.453827,2.064115,-0.599188,0.528891,-0.304627,0.518122,-17.546848,102.479080,-4.948934,-0.696125,0.431914,-0.300625,0.488350,-11.416090,79.647758,-9.349446,-0.061253,0.913317,-0.102628,0.389317,-4.379199,127.215218,19.012484,0.615856,0.771633,0.149639,0.053952,7.136078,130.419052,30.681562,0.632951,0.747489,0.193122,0.057765,12.621924,107.914612,28.328842,0.534760,0.791208,0.296685,0.000114,17.240414,84.624420,24.526693,0.029632,0.944260,0.103063,0.311244,-10.338316,88.701019,7.616597,0.070117,0.955754,-0.018972,0.285056,-10.053977,54.803802,0.223707,0.014545,0.953553,-0.082573,0.289322,-16.530289,10.563525,0.057838,-0.081573,0.931446,-0.078038,0.345926,2.803362,88.060539,19.325188,0.004137,0.968950,-0.131897,0.209097,6.202486,54.249649,26.327091,0.026701,0.817297,-0.087909,0.568845,3.377762,11.094779,37.678303,0.014545,0.953553,-0.082573,0.289322,-9.705730,2.728558,-9.906842,0.026701,0.817297,-0.087909,0.568845,14.776042,3.167908,33.870403
306,2.550000,0.042729,0.932355,-0.061356,0.353729,-3.763564,88.381294,13.469190,-0.021051,0.901660,0.137392,0.409499,-2.874753,95.521736,12.861295,-0.027022,0.898280,-0.054364,0.435210,-5.812036,114.286125,17.360819,0.051758,0.947237,-0.096920,0.301115,-5.834148,132.180054,15.176177,0.056408,0.985024,-0.064374,0.149672,-2.711961,145.121979,11.686582,-0.070762,0.926420,0.008264,0.369689,-8.736162,126.541176,13.522991,-0.524122,0.579152,-0.311061,0.541407,-20.707220,124.453125,2.061431,-0.599256,0.528824,-0.304748,0.518041,-17.548962,102.476395,-4.947690,-0.696607,0.431367,-0.301447,0.487638,-11.418344,79.643456,-9.339994,-0.061295,0.913275,-0.102626,0.389410,-4.373435,127.216049,19.006571,0.615881,0.771635,0.149545,0.053914,7.139263,130.421371,30.677784,0.632993,0.747464,0.193102,0.057696,12.623909,107.916519,28.326231,0.534520,0.791409,0.296579,0.000268,17.240191,84.626266,24.521791,0.029658,0.944257,0.103029,0.311262,-10.333963,88.700706,7.614356,0.070144,0.955800,-0.018970,0.284897,-10.051977,54.803116,0.223094,0.014240,0.953548,-0.082636,0.289336,-16.530565,10.563171,0.057447,-0.081539,0.931394,-0.078073,0.346066,2.806836,88.061890,19.324022,0.004086,0.968896,-0.131902,0.209347,6.201846,54.251003,26.327940,0.026641,0.817335,-0.087964,0.568785,3.378508,11.096203,37.679749,0.014240,0.953548,-0.082636,0.289336,-9.701936,2.728966,-9.905044,0.026641,0.817335,-0.087964,0.568785,14.776407,3.169078,33.871246
307,2.558333,0.042738,0.932358,-0.061403,0.353712,-3.763741,88.380096,13.469748,-0.021068,0.901689,0.137357,0.409447,-2.874581,95.520447,12.861255,-0.027017,0.898318,-0.054254,0.435144,-5.811673,114.285187,17.359451,0.051795,0.947239,-0.097126,0.301034,-5.835520,132.179550,15.178424,0.056340,0.985037,-0.064399,0.149601,-2.711214,145.119583,11.683673,-0.070788,0.926391,0.008124,0.369761,-8.737351,126.540779,13.524554,-0.524176,0.579193,-0.310982,0.541355,-20.706511,124.450279,2.061455,-0.599257,0.528724,-0.304616,0.518220,-17.548212,102.473793,-4.948464,-0.696072,0.431804,-0.300713,0.488468,-11.408615,79.644394,-9.346600,-0.061346,0.913305,-0.102703,0.389310,-4.373823,127.214882,19.007591,0.615871,0.771642,0.149552,0.053910,7.141275,130.422470,30.675816,0.633020,0.747463,0.193034,0.057649,12.626494,107.917786,28.324005,0.534665,0.791382,0.296392,0.000239,17.241430,84.627243,24.519699,0.029799,0.944269,0.102900,0.311256,-10.334337,88.699379,7.615128,0.069517,0.956415,-0.018831,0.282988,-10.064450,54.800533,0.229210,0.014847,0.953969,-0.082243,0.288025,-16.486544,10.552296,0.080591,-0.081533,0.931393,-0.078057,0.346075,2.806856,88.060814,19.324368,0.004076,0.968920,-0.131889,0.209242,6.201821,54.249680,26.327101,0.026023,0.817329,-0.088701,0.568708,3.380816,11.094579,37.678356,0.014847,0.953969,-0.082243,0.288025,-9.693056,2.722424,-9.909293,0.026023,0.817329,-0.088701,0.568708,14.778951,3.162006,33.881912
308,2.566667,0.042775,0.932351,-0.061542,0.353701,-3.764374,88.378716,13.471018,-0.021058,0.901672,0.136956,0.409619,-2.874024,95.518776,12.860838,-0.026549,0.898277,-0.054036,0.435285,-5.805282,114.287804,17.344881,0.051437,0.947288,-0.097230,0.300910,-5.817091,132.183914,15.178227,0.056149,0.985075,-0.064406,0.149419,-2.701704,145.124451,11.677340,-0.071109,0.926500,0.008110,0.369427,-8.721947,126.548325,13.518874,-0.523759,0.579106,-0.311391,0.541616,-20.697838,124.447372,2.064725,-0.599079,0.528692,-0.304828,0.518332,-17.546690,102.470161,-4.946107,-0.696049,0.431897,-0.300622,0.488474,-11.411713,79.639236,-9.342786,-0.061488,0.913175,-0.102893,0.389544,-4.359794,127.215263,19.003881,0.616007,0.771543,0.149530,0.053829,7.148619,130.430191,30.676682,0.633051,0.747471,0.192923,0.057581,12.626475,107.924095,28.321383,0.534579,0.791468,0.296317,0.000029,17.239908,84.633141,24.517742,0.029771,0.944276,0.102933,0.311227,-10.335055,88.697746,7.616479,0.069523,0.956455,-0.018810,0.282856,-10.062792,54.799259,0.228983,0.014845,0.953979,-0.082312,0.287974,-16.484915,10.551032,0.079249,-0.081443,0.931324,-0.078103,0.346269,2.806306,88.059685,19.325558,0.004026,0.968918,-0.131833,0.209289,6.192883,54.248035,26.329851,0.024618,0.817438,-0.090277,0.568365,3.376706,11.091566,37.677105,0.014845,0.953979,-0.082312,0.287974,-9.692842,2.719564,-9.910343,0.024618,0.817438,-0.090277,0.568365,14.774555,3.148439,33.901939
309,2.575000,0.042823,0.932336,-0.061626,0.353721,-3.765751,88.376877,13.472229,-0.021086,0.901684,0.136974,0.409584,-2.874320,95.516724,12.861191,-0.026590,0.898295,-0.054124,0.435236,-5.806630,114.285538,17.345503,0.051151,0.947328,-0.097678,0.300685,-5.818504,132.181244,15.175351,0.056448,0.985096,-0.064252,0.149238,-2.708084,145.119019,11.659925,-0.071053,0.926525,0.007888,0.369379,-8.723580,126.545334,13.517401,-0.524010,0.579221,-0.311069,0.541436,-20.700907,124.443306,2.064949,-0.599235,0.528764,-0.304763,0.518118,-17.546598,102.467255,-4.948118,-0.696272,0.431667,-0.300779,0.488264,-11.413364,79.635078,-9.340724,-0.061485,0.913202,-0.102886,0.389483,-4.360857,127.213310,19.001827,0.616001,0.771591,0.149349,0.053716,7.149149,130.427902,30.673145,0.633069,0.747515,0.192728,0.057460,12.627906,107.921860,28.319189,0.534842,0.791365,0.296116,-0.000132,17.240891,84.630569,24.517084,0.029776,0.944261,0.102990,0.311252,-10.336108,88.696136,7.617342,0.069535,0.956446,-0.018847,0.282878,-10.062769,54.798473,0.226093,0.013706,0.954033,-0.082840,0.287699,-16.486780,10.550508,0.079086,-0.081513,0.931540,-0.078036,0.345686,2.804607,88.057617,19.327116,0.004196,0.968967,-0.131872,0.209033,6.201736,54.246037,26.326666,0.024244,0.817290,-0.090838,0.568505,3.373126,11.090621,37.674824,0.013706,0.954033,-0.082840,0.287699,-9.687985,2.714986,-9.902752,0.024244,0.817290,-0.090838,0.568505,14.772045,3.142219,33.914032
310,2.583333,0.042798,0.932341,-0.061625,0.353710,-3.764414,88.376457,13.471909,-0.021071,0.901694,0.137342,0.409440,-2.873322,95.516335,12.860745,-0.027109,0.898291,-0.054702,0.435138,-5.810254,114.281227,17.358446,0.051504,0.947294,-0.097466,0.300802,-5.830051,132.173645,15.161522,0.056382,0.985098,-0.064307,0.149223,-2.711703,145.111893,11.654830,-0.070725,0.926490,0.007872,0.369531,-8.733097,126.534058,13.512585,-0.524210,0.579077,-0.311105,0.541375,-20.708252,124.442116,2.056006,-0.599311,0.528761,-0.304909,0.517947,-17.547256,102.464142,-4.948028,-0.696739,0.431065,-0.301308,0.487802,-11.418130,79.628983,-9.330897,-0.061215,0.913217,-0.102563,0.389574,-4.369563,127.212059,18.995138,0.615811,0.771774,0.149232,0.053594,7.139197,130.414551,30.671019,0.633098,0.747535,0.192594,0.057330,12.629472,107.911255,28.317812,0.534770,0.791460,0.295994,-0.000253,17.241390,84.619888,24.514883,0.029766,0.944289,0.102979,0.311172,-10.334947,88.695335,7.617192,0.069449,0.956638,-0.018819,0.282252,-10.061754,54.797482,0.226802,0.014660,0.954071,-0.082332,0.287670,-16.477894,10.548365,0.083792,-0.081395,0.931385,-0.078097,0.346119,2.806119,88.057579,19.326626,0.004060,0.968921,-0.131820,0.209281,6.190906,54.245316,26.328844,0.024266,0.817294,-0.090799,0.568504,3.372190,11.088565,37.674385,0.014660,0.954071,-0.082332,0.287670,-9.690143,2.717677,-9.909352,0.024266,0.817294,-0.090799,0.568504,14.771170,3.140584,33.912857
311,2.591667,0.042818,0.932342,-0.061676,0.353695,-3.764825,88.376411,13.473537,-0.021110,0.901698,0.136915,0.409572,-2.873217,95.516182,12.861784,-0.026561,0.898296,-0.054236,0.435222,-5.805412,114.285568,17.343750,0.051136,0.947339,-0.097725,0.300639,-5.814597,132.180862,15.170437,0.056235,0.985120,-0.064366,0.149111,-2.704414,145.118301,11.653534,-0.071094,0.926528,0.007804,0.369365,-8.720563,126.545128,13.513535,-0.524186,0.578725,-0.311621,0.541478,-20.698050,124.440781,2.061672,-0.598932,0.528989,-0.304747,0.518246,-17.533051,102.457550,-4.924015,-0.696765,0.431028,-0.301369,0.487761,-11.410813,79.625076,-9.330405,-0.061448,0.913151,-0.102656,0.389667,-4.357635,127.213409,18.997765,0.616057,0.771515,0.149483,0.053792,7.147743,130.424423,30.674637,0.632998,0.747577,0.192738,0.057389,12.622908,107.917694,28.318960,0.534915,0.791404,0.295881,-0.000226,17.240582,84.627670,24.514799,0.029782,0.944265,0.103014,0.311231,-10.335508,88.695320,7.618992,0.069452,0.956637,-0.018819,0.282254,-10.062186,54.798031,0.226059,0.014058,0.954113,-0.082814,0.287425,-16.478542,10.548944,0.083021,-0.081435,0.931372,-0.078060,0.346153,2.805857,88.057503,19.328083,0.004058,0.968921,-0.131822,0.209281,6.193857,54.245293,26.328981,0.023721,0.817312,-0.091287,0.568424,3.375252,11.088598,37.674774,0.014058,0.954113,-0.082814,0.287425,-9.690313,2.711394,-9.904419,0.023721,0.817312,-0.091287,0.568424,14.775771,3.139001,33.921341
312,2.600000,0.042769,0.932289,-0.061937,0.353795,-3.760916,88.373596,13.480968,-0.021177,0.901699,0.137213,0.409466,-2.868572,95.512947,12.865554,-0.027074,0.898286,-0.054800,0.435140,-5.807323,114.279045,17.357025,0.051456,0.947326,-0.097459,0.300712,-5.824427,132.171158,15.157509,0.056230,0.985134,-0.064416,0.148998,-2.707812,145.109650,11.650207,-0.070762,0.926524,0.007759,0.369439,-8.728282,126.531754,13.509339,-0.524201,0.578385,-0.311803,0.541722,-20.705524,124.437164,2.055433,-0.598940,0.528931,-0.304638,0.518362,-17.527466,102.453705,-4.923616,-0.696196,0.432048,-0.300033,0.488493,-11.399060,79.623756,-9.334525,-0.061340,0.913187,-0.102746,0.389577,-4.364740,127.209900,18.991867,0.615948,0.771650,0.149242,0.053771,7.143425,130.418533,30.666641,0.633041,0.747565,0.192673,0.057294,12.624950,107.912598,28.318224,0.534637,0.791625,0.295792,-0.000075,17.240532,84.622467,24.512211,0.029825,0.944285,0.103159,0.311119,-10.330422,88.689926,7.624966,0.069464,0.956554,-0.018890,0.282528,-10.057647,54.794876,0.221691,0.014724,0.954091,-0.082361,0.287594,-16.476822,10.546184,0.082548,-0.081401,0.931443,-0.078028,0.345976,2.808591,88.057266,19.336971,0.004100,0.968979,-0.131803,0.209025,6.196578,54.244339,26.334404,0.024134,0.817356,-0.091171,0.568362,3.377614,11.087227,37.678535,0.014724,0.954091,-0.082361,0.287594,-9.691720,2.714354,-9.911499,0.024134,0.817356,-0.091171,0.568362,14.773480,3.133857,33.918972
313,2.608333,0.042721,0.932287,-0.061866,0.353820,-3.759290,88.372711,13.478926,-0.021154,0.901718,0.137225,0.409422,-2.867949,95.512260,12.864240,-0.027089,0.898323,-0.054678,0.435077,-5.805866,114.278259,17.356630,0.051494,0.947333,-0.097650,0.300620,-5.825536,132.170822,15.160815,0.056184,0.985148,-0.064477,0.148895,-2.706967,145.107529,11.648671,-0.070820,0.926473,0.007808,0.369557,-8.728942,126.531395,13.511923,-0.523992,0.578271,-0.312098,0.541876,-20.703005,124.435760,2.054876,-0.598801,0.528868,-0.304837,0.518470,-17.527397,102.451012,-4.921255,-0.696338,0.431730,-0.300373,0.488363,-11.401604,79.619881,-9.329651,-0.061465,0.913264,-0.103171,0.389264,-4.364645,127.208961,18.993927,0.616081,0.771607,0.148943,0.053701,7.151145,130.426025,30.658869,0.633061,0.747593,0.192526,0.057207,12.625387,107.917786,28.315500,0.534581,0.791721,0.295638,0.000010,17.240238,84.627296,24.510765,0.029861,0.944209,0.103063,0.311378,-10.328570,88.688660,7.622643,0.069539,0.956441,-0.018820,0.282899,-10.058201,54.792404,0.224821,0.015325,0.953941,-0.082199,0.288104,-16.481876,10.544395,0.075281,-0.081446,0.931461,-0.078035,0.345916,2.809990,88.056770,19.335209,0.004066,0.968926,-0.131825,0.209255,6.201135,54.244423,26.333958,0.024399,0.817576,-0.091043,0.568054,3.382035,11.087796,37.679897,0.015325,0.953941,-0.082199,0.288104,-9.692773,2.712093,-9.915687,0.024399,0.817576,-0.091043,0.568054,14.772612,3.132741,33.907871
314,2.616667,0.042751,0.932292,-0.061958,0.353787,-3.760736,88.372200,13.480714,-0.021173,0.901713,0.137196,0.409441,-2.868542,95.511543,12.864910,-0.027099,0.898291,-0.054940,0.435110,-5.806781,114.277817,17.355953,0.051435,0.947343,-0.097541,0.300636,-5.822572,132.169312,15.151514,0.056134,0.985159,-0.064464,0.148846,-2.706246,145.107193,11.641671,-0.070767,0.926544,0.007728,0.369389,-8.726964,126.529709,13.505051,-0.524137,0.578280,-0.312011,0.541777,-20.705406,124.434532,2.052510,-0.598877,0.528868,-0.304772,0.518420,-17.527706,102.449326,-4.921196,-0.696389,0.431667,-0.300351,0.488359,-11.400051,79.618591,-9.329078,-0.061443,0.913227,-0.103061,0.389384,-4.363079,127.209007,18.987160,0.616031,0.771672,0.148823,0.053663,7.149679,130.424316,30.655569,0.633081,0.747618,0.192381,0.057135,12.626945,107.916534,28.314781,0.534843,0.791611,0.295457,-0.000096,17.240953,84.625603,24.511715,0.029823,0.944256,0.103129,0.311215,-10.330378,88.688103,7.624839,0.069589,0.956423,-0.018831,0.282947,-10.057337,54.792618,0.223561,0.014483,0.953968,-0.082793,0.287892,-16.485590,10.545286,0.073376,-0.081433,0.931486,-0.078041,0.345851,2.808905,88.056305,19.336588,0.004065,0.968950,-0.131813,0.209154,6.199522,54.243862,26.335135,0.024372,0.817617,-0.091098,0.567988,3.381897,11.086967,37.680397,0.014483,0.953968,-0.082793,0.287892,-9.692621,2.705285,-9.908914,0.024372,0.817617,-0.091098,0.567988,14.771642,3.131191,33.907398
315,2.625000,0.042864,0.932318,-0.061833,0.353727,-3.763739,88.374832,13.477007,-0.021128,0.901693,0.136836,0.409610,-2.870702,95.514259,12.863408,-0.026556,0.898257,-0.054640,0.435251,-5.802467,114.284470,17.342203,0.051003,0.947387,-0.097748,0.300502,-5.805058,132.178192,15.155927,0.056062,0.985178,-0.064500,0.148735,-2.698786,145.115952,11.636729,-0.071196,0.926584,0.007706,0.369207,-8.712847,126.542297,13.502793,-0.523781,0.578254,-0.312384,0.541934,-20.693741,124.433426,2.055332,-0.598758,0.528857,-0.305016,0.518426,-17.525499,102.446747,-4.918015,-0.696822,0.431172,-0.300884,0.487850,-11.404393,79.613220,-9.320506,-0.061534,0.913129,-0.103262,0.389546,-4.350276,127.212990,18.987009,0.616241,0.771525,0.148778,0.053489,7.157888,130.434036,30.658363,0.633085,0.747657,0.192214,0.057141,12.623970,107.924255,28.310749,0.534829,0.791648,0.295382,-0.000226,17.237707,84.632401,24.513037,0.029786,0.944248,0.103055,0.311268,-10.333960,88.693459,7.621931,0.069548,0.956501,-0.018768,0.282696,-10.059689,54.796768,0.226253,0.014879,0.954001,-0.082402,0.287873,-16.482893,10.548705,0.073370,-0.081458,0.931498,-0.078082,0.345801,2.806483,88.056213,19.332081,0.004139,0.969028,-0.131839,0.208772,6.198079,54.244507,26.333696,0.023859,0.817682,-0.091346,0.567876,3.378088,11.088276,37.680920,0.014879,0.954001,-0.082402,0.287873,-9.693873,2.714877,-9.916449,0.023859,0.817682,-0.091346,0.567876,14.770757,3.134976,33.911533
316,2.633333,0.042802,0.932318,-0.061817,0.353737,-3.759991,88.371536,13.476771,-0.021168,0.901724,0.137233,0.409406,-2.867866,95.511070,12.863083,-0.027116,0.898297,-0.055064,0.435080,-5.806316,114.276955,17.355581,0.051359,0.947375,-0.097616,0.300523,-5.820760,132.167938,15.146878,0.056088,0.985188,-0.064533,0.148644,-2.706389,145.105453,11.634029,-0.070815,0.926557,0.007601,0.369350,-8.725705,126.528168,13.501917,-0.524171,0.578251,-0.311987,0.541789,-20.704893,124.429871,2.050726,-0.598926,0.528785,-0.304736,0.518469,-17.524933,102.444901,-4.922682,-0.696174,0.431908,-0.299973,0.488686,-11.391984,79.615494,-9.330084,-0.061384,0.913207,-0.103287,0.389380,-4.361464,127.208420,18.983627,0.616077,0.771682,0.148622,0.053543,7.151654,130.424805,30.651384,0.633114,0.747660,0.192141,0.057045,12.626873,107.916412,28.311756,0.535044,0.791543,0.295277,-0.000311,17.239393,84.624550,24.512583,0.029839,0.944244,0.103035,0.311283,-10.330176,88.689224,7.621606,0.069556,0.956536,-0.018772,0.282573,-10.059727,54.792477,0.226074,0.014940,0.954017,-0.082286,0.287851,-16.483751,10.544530,0.074173,-0.081414,0.931516,-0.078105,0.345760,2.810195,88.053841,19.331936,0.004178,0.969082,-0.131863,0.208508,6.198702,54.241882,26.333841,0.023671,0.817758,-0.091464,0.567755,3.377973,11.086244,37.683113,0.014940,0.954017,-0.082286,0.287851,-9.695535,2.712923,-9.917935,0.023671,0.817758,-0.091464,0.567755,14.770654,3.133260,33.913113
317,2.641667,0.042874,0.932320,-0.061868,0.353715,-3.763466,88.372856,13.478801,-0.021119,0.901738,0.137203,0.409388,-2.870118,95.512215,12.864779,-0.027105,0.898307,-0.055123,0.435053,-5.806273,114.278503,17.357103,0.051390,0.947381,-0.097774,0.300446,-5.819512,132.169266,15.146669,0.056057,0.985207,-0.064536,0.148523,-2.703524,145.105316,11.629808,-0.070865,0.926557,0.007511,0.369343,-8.724962,126.529549,13.502410,-0.524198,0.578261,-0.311976,0.541758,-20.704082,124.428619,2.051638,-0.598945,0.528849,-0.304957,0.518252,-17.524355,102.443382,-4.921051,-0.696830,0.431069,-0.300905,0.487918,-11.401120,79.609337,-9.317875,-0.061322,0.913199,-0.102965,0.389493,-4.360377,127.210022,18.983818,0.616008,0.771717,0.148734,0.053529,7.150053,130.420700,30.655796,0.633129,0.747624,0.192212,0.057097,12.629307,107.913612,28.313000,0.535053,0.791507,0.295356,-0.000232,17.240631,84.621597,24.513308,0.029794,0.944239,0.103076,0.311289,-10.333817,88.691452,7.623871,0.069562,0.956445,-0.018794,0.282878,-10.059435,54.795094,0.226676,0.014775,0.953999,-0.082333,0.287906,-16.484488,10.547296,0.074470,-0.081451,0.931504,-0.078096,0.345784,2.806886,88.054260,19.333731,0.004182,0.969067,-0.131831,0.208596,6.197845,54.242641,26.336039,0.023838,0.817675,-0.091295,0.567895,3.376292,11.086249,37.682228,0.014775,0.953999,-0.082333,0.287906,-9.693070,2.715813,-9.915560,0.023838,0.817675,-0.091295,0.567895,14.769852,3.134254,33.912788
318,2.650000,0.042735,0.932274,-0.061999,0.353828,-3.754909,88.368790,13.483138,-0.021282,0.901733,0.137195,0.409393,-2.862694,95.508080,12.866754,-0.027110,0.898309,-0.055175,0.435043,-5.804483,114.274193,17.356142,0.051360,0.947399,-0.097668,0.300429,-5.817096,132.164734,15.143972,0.055988,0.985216,-0.064620,0.148454,-2.702788,145.101837,11.629440,-0.070715,0.926589,0.007466,0.369292,-8.722782,126.524971,13.500307,-0.524245,0.578245,-0.311909,0.541769,-20.703880,124.428047,2.050865,-0.598958,0.528739,-0.304772,0.518457,-17.521338,102.443481,-4.922646,-0.696190,0.431772,-0.300070,0.488723,-11.387101,79.613853,-9.327090,-0.061521,0.913189,-0.103343,0.389385,-4.358083,127.205811,18.981581,0.616131,0.771684,0.148419,0.053460,7.154341,130.427094,30.648672,0.633125,0.747670,0.192059,0.057058,12.626913,107.917801,28.311502,0.534916,0.791626,0.295285,-0.000168,17.238691,84.625320,24.515217,0.029896,0.944283,0.103122,0.311131,-10.324055,88.684120,7.626678,0.069622,0.956379,-0.018869,0.283082,-10.056623,54.788853,0.224248,0.014631,0.953996,-0.082189,0.287963,-16.488623,10.542056,0.075533,-0.081374,0.931566,-0.078109,0.345633,2.814236,88.053459,19.339600,0.004212,0.969099,-0.131827,0.208447,6.201069,54.241096,26.340324,0.024512,0.817690,-0.090936,0.567902,3.378801,11.084643,37.686100,0.014631,0.953996,-0.082189,0.287963,-9.693430,2.714967,-9.915371,0.024512,0.817690,-0.090936,0.567902,14.767356,3.129864,33.907429
319,2.658333,0.042494,0.932461,-0.062442,0.353287,-3.767055,88.359344,13.506797,-0.021093,0.901861,0.136613,0.409316,-2.876197,95.498131,12.882715,-0.027132,0.898297,-0.055197,0.435063,-5.801744,114.270767,17.355419,0.051343,0.947409,-0.097582,0.300431,-5.814670,132.161194,15.142191,0.055923,0.985225,-0.064691,0.148392,-2.701429,145.099075,11.629656,-0.070670,0.926616,0.007479,0.369232,-8.720151,126.521255,13.498727,-0.524092,0.578148,-0.312162,0.541874,-20.702940,124.425797,2.050783,-0.598896,0.528623,-0.304870,0.518590,-17.522556,102.439789,-4.919147,-0.696481,0.431168,-0.300015,0.488876,-11.385287,79.610695,-9.322156,-0.061595,0.913137,-0.103408,0.389479,-4.355716,127.202522,18.980158,0.615937,0.771834,0.148453,0.053429,7.153960,130.427109,30.649048,0.633274,0.747548,0.192027,0.057113,12.637785,107.920601,28.311508,0.535039,0.791573,0.295203,0.000039,17.240185,84.626060,24.516483,0.029759,0.944258,0.103639,0.311047,-10.343308,88.668694,7.657997,0.069706,0.956376,-0.018879,0.283072,-10.056278,54.780262,0.225037,0.014298,0.953949,-0.082334,0.288093,-16.495613,10.534534,0.075107,-0.081400,0.931562,-0.077897,0.345685,2.809199,88.049995,19.355597,0.004201,0.969073,-0.131831,0.208570,6.202495,54.235641,26.343573,0.024462,0.817743,-0.090887,0.567836,3.379617,11.079255,37.689453,0.014298,0.953949,-0.082334,0.288093,-9.693770,2.706547,-9.910568,0.024462,0.817743,-0.090887,0.567836,14.768538,3.126083,33.908489
320,2.666667,0.042481,0.932440,-0.062426,0.353347,-3.759981,88.360703,13.502669,-0.021335,0.901822,0.136988,0.409262,-2.869341,95.499542,12.878789,-0.027049,0.898310,-0.055402,0.435015,-5.809103,114.267769,17.360664,0.051258,0.947444,-0.097543,0.300347,-5.816215,132.157532,15.142101,0.056009,0.985230,-0.064770,0.148291,-2.705885,145.096085,11.629476,-0.070540,0.926565,0.007605,0.369384,-8.723713,126.518082,13.500546,-0.524304,0.578219,-0.312014,0.541678,-20.703358,124.428368,2.048262,-0.599027,0.528694,-0.305024,0.518275,-17.522488,102.441498,-4.918762,-0.697144,0.430355,-0.300999,0.488041,-11.393370,79.607788,-9.309154,-0.061621,0.913180,-0.103431,0.389367,-4.358620,127.199516,18.981434,0.615902,0.771851,0.148487,0.053501,7.153848,130.424911,30.647350,0.633301,0.747522,0.192026,0.057154,12.639368,107.918610,28.311714,0.534928,0.791662,0.295167,0.000075,17.239902,84.623505,24.517887,0.029837,0.944310,0.103557,0.310909,-10.335502,88.669846,7.653034,0.069721,0.956363,-0.018894,0.283112,-10.056452,54.780571,0.223628,0.014269,0.953934,-0.082340,0.288143,-16.497507,10.535094,0.074350,-0.081359,0.931631,-0.077912,0.345506,2.815540,88.051559,19.352304,0.004267,0.969113,-0.131877,0.208352,6.207143,54.236889,26.339573,0.024420,0.817738,-0.090927,0.567838,3.380236,11.081639,37.688789,0.014269,0.953934,-0.082340,0.288143,-9.694215,2.707201,-9.910413,0.024420,0.817738,-0.090927,0.567838,14.769358,3.128313,33.908741
321,2.675000,0.042511,0.932509,-0.062197,0.353202,-3.767149,88.363716,13.503817,-0.021200,0.901847,0.136853,0.409259,-2.877355,95.502922,12.883030,-0.027049,0.898298,-0.055459,0.435032,-5.810184,114.272835,17.362425,0.051422,0.947452,-0.097243,0.300392,-5.816377,132.162369,15.142025,0.055906,0.985238,-0.064938,0.148203,-2.703978,145.102875,11.638422,-0.070667,0.926532,0.007563,0.369442,-8.724059,126.522888,13.500920,-0.524297,0.578224,-0.312075,0.541644,-20.701658,124.428795,2.047293,-0.599057,0.528712,-0.304992,0.518242,-17.522827,102.440941,-4.917541,-0.696866,0.430994,-0.301123,0.487797,-11.393644,79.607269,-9.308023,-0.061531,0.913214,-0.103445,0.389298,-4.359179,127.204681,18.981930,0.615984,0.771830,0.148308,0.053352,7.155477,130.427353,30.646442,0.633269,0.747584,0.191890,0.057152,12.636990,107.920158,28.309940,0.535025,0.791570,0.295237,-0.000046,17.239475,84.624695,24.520643,0.029679,0.944293,0.103607,0.310959,-10.344437,88.675003,7.656281,0.069686,0.956450,-0.018847,0.282829,-10.053537,54.785789,0.227070,0.014792,0.954010,-0.082057,0.287947,-16.490412,10.539701,0.076601,-0.081388,0.931687,-0.077951,0.345339,2.810140,88.052422,19.351353,0.004312,0.969166,-0.131881,0.208099,6.203939,54.238510,26.341225,0.023758,0.817862,-0.091277,0.567632,3.376080,11.083394,37.690716,0.014792,0.954010,-0.082057,0.287947,-9.697124,2.714504,-9.917087,0.023758,0.817862,-0.091277,0.567632,14.768068,3.132620,33.913940
322,2.683333,0.042583,0.932477,-0.062289,0.353261,-3.762429,88.363579,13.500299,-0.021269,0.901837,0.137000,0.409230,-2.871159,95.502541,12.878702,-0.027048,0.898316,-0.055510,0.434989,-5.808589,114.270760,17.362152,0.051390,0.947477,-0.097259,0.300312,-5.814046,132.160095,15.140120,0.055877,0.985256,-0.064975,0.148080,-2.702756,145.100586,11.635515,-0.070639,0.926551,0.007513,0.369400,-8.722170,126.520607,13.499789,-0.524072,0.578583,-0.311757,0.541661,-20.700953,124.426735,2.047372,-0.599270,0.528443,-0.305232,0.518129,-17.532234,102.443947,-4.938021,-0.696897,0.430750,-0.301338,0.487836,-11.396410,79.608284,-9.308879,-0.061514,0.913142,-0.103148,0.389550,-4.356766,127.202675,18.980347,0.615842,0.771878,0.148610,0.053471,7.151390,130.421677,30.652275,0.633291,0.747540,0.191974,0.057208,12.640485,107.916679,28.312510,0.535311,0.791407,0.295155,-0.000103,17.241343,84.621040,24.522329,0.029660,0.944297,0.103635,0.310939,-10.338874,88.675400,7.651846,0.070192,0.955957,-0.018947,0.284361,-10.046298,54.786503,0.221206,0.013517,0.953691,-0.082766,0.288860,-16.528511,10.547087,0.056051,-0.081338,0.931715,-0.078022,0.345260,2.814015,88.051765,19.348751,0.004352,0.969162,-0.131872,0.208125,6.203451,54.238045,26.341671,0.024097,0.817604,-0.090836,0.568060,3.371919,11.082745,37.689537,0.013517,0.953691,-0.082766,0.288860,-9.701352,2.714999,-9.909113,0.024097,0.817604,-0.090836,0.568060,14.768061,3.136029,33.916771
323,2.691667,0.042501,0.932516,-0.062228,0.353179,-3.765874,88.363373,13.506219,-0.021215,0.901872,0.136826,0.409213,-2.876068,95.502541,12.884939,-0.027055,0.898320,-0.055533,0.434977,-5.808777,114.272705,17.363310,0.051432,0.947465,-0.097318,0.300324,-5.814146,132.161926,15.140446,0.055767,0.985257,-0.065050,0.148081,-2.701255,145.101746,11.634754,-0.070625,0.926538,0.007464,0.369438,-8.722358,126.522400,13.500450,-0.524059,0.578572,-0.311764,0.541683,-20.700262,124.428368,2.047130,-0.599290,0.528372,-0.305274,0.518153,-17.531124,102.445732,-4.938558,-0.696886,0.430713,-0.301471,0.487803,-11.392927,79.610207,-9.306764,-0.061555,0.913195,-0.103490,0.389327,-4.356808,127.204681,18.980867,0.615974,0.771829,0.148329,0.053429,7.156975,130.428726,30.645863,0.633281,0.747572,0.191878,0.057221,12.638709,107.921349,28.311617,0.535139,0.791478,0.295278,-0.000111,17.240091,84.625237,24.525011,0.029617,0.944283,0.103755,0.310946,-10.343457,88.674339,7.658998,0.070199,0.955942,-0.018955,0.284407,-10.045425,54.786991,0.221522,0.013509,0.953694,-0.082776,0.288847,-16.528412,10.547697,0.056484,-0.081377,0.931711,-0.077930,0.345282,2.811710,88.052406,19.353439,0.004361,0.969151,-0.131880,0.208170,6.205715,54.238136,26.341448,0.024338,0.817777,-0.090576,0.567841,3.372806,11.083022,37.689693,0.013509,0.953694,-0.082776,0.288847,-9.701477,2.715441,-9.908702,0.024338,0.817777,-0.090576,0.567841,14.766028,3.137621,33.905346
324,2.700000,0.042488,0.932521,-0.062193,0.353172,-3.764929,88.364204,13.507565,-0.021260,0.901865,0.136782,0.409241,-2.875484,95.503456,12.886675,-0.027036,0.898303,-0.055530,0.435014,-5.809198,114.274025,17.362724,0.051393,0.947470,-0.097359,0.300301,-5.813889,132.163300,15.140256,0.055805,0.985264,-0.065040,0.148025,-2.701803,145.102936,11.633127,-0.070670,0.926518,0.007442,0.369479,-8.722117,126.523888,13.499895,-0.524222,0.578609,-0.311677,0.541535,-20.698797,124.428261,2.045592,-0.599334,0.528337,-0.305130,0.518222,-17.529169,102.444664,-4.936827,-0.696486,0.431135,-0.301109,0.488225,-11.385001,79.611580,-9.309432,-0.061568,0.913208,-0.103449,0.389305,-4.357008,127.205933,18.980690,0.615972,0.771827,0.148332,0.053467,7.157295,130.429764,30.645216,0.633256,0.747607,0.191812,0.057253,12.638942,107.922241,28.312260,0.535259,0.791432,0.295183,-0.000171,17.241657,84.625832,24.529119,0.029637,0.944248,0.103765,0.311046,-10.342615,88.675179,7.660462,0.070161,0.955885,-0.018965,0.284609,-10.044876,54.788071,0.221896,0.014596,0.953682,-0.082255,0.288983,-16.524817,10.548324,0.057331,-0.081367,0.931695,-0.077932,0.345327,2.812757,88.053238,19.354668,0.004351,0.969134,-0.131857,0.208262,6.205770,54.238873,26.342737,0.024377,0.817751,-0.090478,0.567893,3.373007,11.083230,37.688999,0.014596,0.953682,-0.082255,0.288983,-9.706984,2.720247,-9.917365,0.024377,0.817751,-0.090478,0.567893,14.767152,3.139222,33.904518
325,2.708333,0.042555,0.932463,-0.062193,0.353319,-3.759018,88.368233,13.502852,-0.021260,0.901828,0.136945,0.409268,-2.868583,95.507393,12.882453,-0.027123,0.898295,-0.055524,0.435025,-5.805007,114.276215,17.364012,0.051366,0.947483,-0.097334,0.300272,-5.812594,132.165344,15.140365,0.055810,0.985274,-0.065088,0.147929,-2.701543,145.105301,11.633501,-0.070672,0.926524,0.007505,0.369463,-8.719872,126.525345,13.500327,-0.521190,0.576475,-0.315749,0.544371,-20.696936,124.430420,2.046297,-0.597609,0.527577,-0.306384,0.520246,-17.531494,102.435913,-4.903615,-0.696814,0.430783,-0.301655,0.487730,-11.385584,79.607460,-9.297887,-0.061613,0.913214,-0.103420,0.389291,-4.354964,127.208473,18.981150,0.615979,0.771810,0.148370,0.053524,7.159516,130.433273,30.645239,0.633295,0.747536,0.191940,0.057330,12.640455,107.925499,28.313148,0.534810,0.791700,0.295277,0.000149,17.240379,84.628807,24.528343,0.029668,0.944246,0.103626,0.311097,-10.334783,88.680092,7.653637,0.070221,0.955912,-0.018967,0.284501,-10.041709,54.791103,0.223470,0.014389,0.953658,-0.082346,0.289046,-16.526852,10.552117,0.058315,-0.081365,0.931745,-0.078006,0.345176,2.816746,88.056366,19.352068,0.004388,0.969138,-0.131859,0.208242,6.208962,54.242790,26.344311,0.024149,0.817588,-0.090741,0.568095,3.373205,11.087203,37.690048,0.014389,0.953658,-0.082346,0.289046,-9.705295,2.723449,-9.913368,0.024149,0.817588,-0.090741,0.568095,14.769917,3.141615,33.916618
326,2.716667,0.042544,0.932491,-0.062149,0.353254,-3.765003,88.368309,13.509202,-0.021132,0.901864,0.136731,0.409268,-2.874973,95.507561,12.889264,-0.027339,0.898294,-0.055302,0.435043,-5.803524,114.278877,17.365541,0.051628,0.947418,-0.097510,0.300377,-5.821546,132.168472,15.145681,0.055638,0.985265,-0.065189,0.148011,-2.701914,145.105881,11.637082,-0.070622,0.926453,0.007420,0.369652,-8.725537,126.527115,13.504456,-0.524073,0.578438,-0.311966,0.541695,-20.698175,124.432899,2.045675,-0.599308,0.528151,-0.305340,0.518319,-17.527727,102.447853,-4.931851,-0.696968,0.430386,-0.301979,0.487660,-11.380248,79.614166,-9.296592,-0.061503,0.913311,-0.103449,0.389073,-4.361017,127.211632,18.985413,0.615973,0.771823,0.148324,0.053538,7.159581,130.432922,30.644432,0.633276,0.747550,0.191940,0.057365,12.640831,107.925011,28.314219,0.534885,0.791637,0.295312,0.000196,17.241734,84.628258,24.530903,0.029608,0.944230,0.103725,0.311117,-10.341591,88.680359,7.660924,0.070235,0.955917,-0.018962,0.284483,-10.042250,54.792549,0.225652,0.014394,0.953645,-0.082338,0.289092,-16.528467,10.553730,0.059851,-0.081412,0.931734,-0.077966,0.345203,2.811585,88.056259,19.357481,0.004162,0.969347,-0.131934,0.207228,6.207582,54.242790,26.348394,0.024110,0.818189,-0.091091,0.567176,3.401894,11.088812,37.707710,0.014394,0.953645,-0.082338,0.289092,-9.705941,2.725226,-9.911295,0.024110,0.818189,-0.091091,0.567176,14.786495,3.136104,33.912800
327,2.725000,0.042482,0.932488,-0.062070,0.353282,-3.761161,88.367950,13.509960,-0.021154,0.901867,0.136727,0.409260,-2.872353,95.507423,12.890798,-0.027386,0.898297,-0.055310,0.435033,-5.801585,114.278748,17.366606,0.051586,0.947438,-0.097519,0.300318,-5.821023,132.168213,15.145747,0.055676,0.985279,-0.065183,0.147908,-2.702708,145.105713,11.636320,-0.070668,0.926405,0.007498,0.369761,-8.724630,126.526550,13.504913,-0.524106,0.578546,-0.311925,0.541572,-20.694353,124.432007,2.043145,-0.599419,0.527935,-0.305127,0.518536,-17.528513,102.446281,-4.934305,-0.696273,0.431166,-0.301330,0.488365,-11.363807,79.618126,-9.303679,-0.061522,0.913301,-0.103453,0.389094,-4.360017,127.211700,18.985718,0.615964,0.771824,0.148345,0.053577,7.159959,130.433670,30.645163,0.633284,0.747554,0.191887,0.057392,12.641520,107.925751,28.315847,0.534957,0.791592,0.295302,0.000053,17.241734,84.628464,24.535046,0.029644,0.944239,0.103741,0.311082,-10.337492,88.679436,7.661365,0.070244,0.955920,-0.018974,0.284470,-10.040442,54.792004,0.224262,0.014268,0.953654,-0.082325,0.289073,-16.527702,10.553330,0.059298,-0.081384,0.931737,-0.077990,0.345197,2.815170,88.056465,19.358557,0.004196,0.969350,-0.131968,0.207191,6.208787,54.242916,26.350285,0.024619,0.818187,-0.090412,0.567265,3.399944,11.089748,37.711926,0.014268,0.953654,-0.082325,0.289073,-9.703872,2.726047,-9.911914,0.024619,0.818187,-0.090412,0.567265,14.785200,3.142893,33.906723
328,2.733333,0.042539,0.932452,-0.062096,0.353366,-3.756142,88.369980,13.505280,-0.021271,0.901802,0.136478,0.409480,-2.866372,95.509331,12.886143,-0.026837,0.898243,-0.054969,0.435222,-5.796865,114.283112,17.350782,0.051246,0.947432,-0.097551,0.300384,-5.803451,132.175003,15.149489,0.055354,0.985271,-0.065241,0.148059,-2.693167,145.113541,11.636729,-0.070953,0.926532,0.007345,0.369391,-8.710107,126.537071,13.501242,-0.524036,0.578694,-0.311888,0.541504,-20.687616,124.431419,2.049648,-0.599469,0.528099,-0.305387,0.518158,-17.528635,102.445923,-4.931617,-0.696989,0.430453,-0.302064,0.487518,-11.379929,79.610825,-9.287249,-0.061716,0.913209,-0.103424,0.389287,-4.347388,127.213326,18.984659,0.616088,0.771716,0.148386,0.053594,7.166759,130.441315,30.648190,0.633295,0.747548,0.191854,0.057468,12.641118,107.931831,28.317160,0.535012,0.791520,0.295397,-0.000107,17.240297,84.633751,24.539991,0.029671,0.944241,0.103625,0.311112,-10.331336,88.682129,7.655442,0.070261,0.955903,-0.018980,0.284522,-10.038358,54.793148,0.225223,0.014631,0.953646,-0.082317,0.289084,-16.527193,10.554710,0.059975,-0.081349,0.931751,-0.077996,0.345165,2.819052,88.057831,19.355118,0.004422,0.969105,-0.131802,0.208434,6.210544,54.243958,26.346329,0.023997,0.817510,-0.090825,0.568201,3.370651,11.087063,37.686050,0.014631,0.953646,-0.082317,0.289084,-9.707871,2.724977,-9.912399,0.023997,0.817510,-0.090825,0.568201,14.769565,3.142155,33.917854
329,2.741667,0.042491,0.932485,-0.062066,0.353289,-3.761459,88.370300,13.511237,-0.021160,0.901852,0.136695,0.409304,-2.872540,95.509766,12.892185,-0.027300,0.898279,-0.055308,0.435076,-5.801703,114.281418,17.366674,0.051695,0.947425,-0.097649,0.300297,-5.818275,132.171051,15.147249,0.055480,0.985306,-0.065215,0.147787,-2.696280,145.107025,11.635397,-0.070742,0.926414,0.007376,0.369727,-8.722543,126.529953,13.505661,-0.524209,0.578635,-0.311828,0.541432,-20.692747,124.431572,2.045097,-0.599517,0.528053,-0.305296,0.518203,-17.528910,102.445366,-4.931709,-0.696720,0.430684,-0.301473,0.488065,-11.375159,79.611992,-9.289247,-0.061530,0.913311,-0.103542,0.389044,-4.358398,127.214027,18.986973,0.616039,0.771792,0.148212,0.053539,7.162842,130.437241,30.644821,0.633248,0.747624,0.191717,0.057449,12.640280,107.928131,28.317333,0.535310,0.791322,0.295385,-0.000268,17.242422,84.629967,24.544304,0.029614,0.944236,0.103764,0.311085,-10.337685,88.681961,7.662530,0.070270,0.955928,-0.018970,0.284437,-10.038145,54.794727,0.224596,0.014268,0.953647,-0.082411,0.289072,-16.527569,10.556376,0.058857,-0.081359,0.931662,-0.077862,0.345432,2.814767,88.058640,19.359945,0.004348,0.969083,-0.131817,0.208528,6.208161,54.243435,26.343739,0.024378,0.817673,-0.090393,0.568020,3.373292,11.086843,37.685863,0.014268,0.953647,-0.082411,0.289072,-9.704142,2.727100,-9.911072,0.024378,0.817673,-0.090393,0.568020,14.769470,3.144571,33.903854
330,2.750000,0.042431,0.932491,-0.061964,0.353300,-3.758617,88.370300,13.511024,-0.021186,0.901824,0.136297,0.409498,-2.871021,95.510033,12.893038,-0.026829,0.898231,-0.054968,0.435248,-5.795751,114.285873,17.352791,0.051339,0.947430,-0.097626,0.300348,-5.802006,132.177780,15.151666,0.055230,0.985297,-0.065279,0.147912,-2.688958,145.115311,11.637645,-0.071007,0.926496,0.007327,0.369472,-8.708630,126.539909,13.503197,-0.520780,0.576377,-0.316261,0.544571,-20.683882,124.432465,2.049567,-0.597591,0.527098,-0.306615,0.520615,-17.528193,102.435448,-4.896816,-0.697014,0.430154,-0.302390,0.487544,-11.364794,79.609978,-9.282080,-0.061667,0.913209,-0.103565,0.389257,-4.346223,127.216049,18.986874,0.616105,0.771706,0.148365,0.053585,7.168913,130.444260,30.649372,0.633277,0.747581,0.191755,0.057557,12.642312,107.934525,28.318480,0.535295,0.791315,0.295432,-0.000255,17.242052,84.635506,24.547785,0.029618,0.944228,0.103736,0.311118,-10.334800,88.681587,7.662251,0.070289,0.955860,-0.018997,0.284657,-10.035860,54.793991,0.226001,0.014652,0.953639,-0.082309,0.289106,-16.527500,10.555962,0.060559,-0.081344,0.931610,-0.077851,0.345579,2.817566,88.059006,19.359797,0.004370,0.969038,-0.131804,0.208743,6.209175,54.243511,26.343065,0.024059,0.817451,-0.090662,0.568310,3.370180,11.086622,37.683041,0.014652,0.953639,-0.082309,0.289106,-9.707947,2.726255,-9.911676,0.024059,0.817451,-0.090662,0.568310,14.770891,3.144071,33.915314
331,2.758333,0.042416,0.932476,-0.061901,0.353352,-3.756864,88.372459,13.510750,-0.021166,0.901828,0.136719,0.409348,-2.869744,95.512314,12.893581,-0.027338,0.898251,-0.055357,0.435124,-5.799719,114.283691,17.368641,0.051711,0.947389,-0.097565,0.300435,-5.816637,132.173065,15.147037,0.055274,0.985292,-0.065252,0.147942,-2.694173,145.109680,11.638032,-0.070692,0.926401,0.007414,0.369768,-8.720543,126.531670,13.505819,-0.524255,0.578588,-0.311839,0.541432,-20.689976,124.435379,2.044064,-0.599701,0.527886,-0.305198,0.518218,-17.523933,102.448799,-4.930592,-0.697127,0.430391,-0.302468,0.487124,-11.358825,79.617790,-9.284518,-0.061517,0.913291,-0.103519,0.389100,-4.357014,127.216553,18.987522,0.616024,0.771790,0.148265,0.053599,7.162830,130.439224,30.646906,0.633323,0.747540,0.191757,0.057567,12.640855,107.930183,28.320160,0.534346,0.791976,0.295378,0.000088,17.237741,84.630646,24.549229,0.029663,0.944195,0.103712,0.311222,-10.332419,88.683830,7.661275,0.070320,0.955892,-0.019014,0.284542,-10.036159,54.796062,0.225665,0.013657,0.953662,-0.082822,0.288935,-16.530886,10.558480,0.061732,-0.081375,0.931707,-0.077936,0.345291,2.818691,88.061081,19.360226,0.004415,0.969064,-0.131778,0.208637,6.212396,54.246868,26.348656,0.024056,0.817460,-0.090621,0.568303,3.371181,11.089399,37.685860,0.013657,0.953662,-0.082822,0.288935,-9.704174,2.724120,-9.901952,0.024056,0.817460,-0.090621,0.568303,14.772217,3.147672,33.917374
332,2.766667,0.042400,0.932475,-0.061805,0.353374,-3.753808,88.374176,13.510081,-0.021217,0.901817,0.136739,0.409363,-2.867383,95.514229,12.894135,-0.027361,0.898244,-0.055288,0.435146,-5.799557,114.285316,17.369001,0.051545,0.947436,-0.097576,0.300313,-5.818246,132.174927,15.149258,0.055551,0.985303,-0.065230,0.147775,-2.700549,145.112091,11.638059,-0.070679,0.926390,0.007408,0.369799,-8.721501,126.533386,13.507340,-0.521301,0.576506,-0.315793,0.544207,-20.690228,124.437439,2.044788,-0.597882,0.527118,-0.306537,0.520306,-17.527733,102.440514,-4.898792,-0.696966,0.430251,-0.302513,0.487451,-11.363058,79.613586,-9.274683,-0.061519,0.913346,-0.103465,0.388986,-4.358258,127.218155,18.989285,0.616019,0.771779,0.148305,0.053704,7.164547,130.439896,30.645990,0.633347,0.747487,0.191866,0.057639,12.642347,107.930527,28.321856,0.534095,0.792114,0.295462,0.000282,17.237415,84.630798,24.549845,0.029663,0.944202,0.103646,0.311223,-10.329114,88.685852,7.660340,0.070323,0.955874,-0.018979,0.284605,-10.034231,54.797138,0.228982,0.014321,0.953621,-0.082317,0.289182,-16.528353,10.559482,0.061477,-0.081378,0.931659,-0.077961,0.345414,2.821497,88.062492,19.359821,0.004399,0.969027,-0.131755,0.208824,6.213852,54.248577,26.350367,0.024177,0.817420,-0.090435,0.568385,3.372306,11.090547,37.685349,0.014321,0.953621,-0.082317,0.289182,-9.702804,2.732015,-9.908419,0.024177,0.817420,-0.090435,0.568385,14.774343,3.150736,33.915855
333,2.775000,0.042347,0.932467,-0.061777,0.353405,-3.751430,88.375725,13.510984,-0.021276,0.901812,0.136751,0.409368,-2.865832,95.515892,12.895171,-0.027327,0.898245,-0.055278,0.435147,-5.800304,114.286743,17.369492,0.051495,0.947443,-0.097599,0.300291,-5.818038,132.176453,15.150599,0.055546,0.985307,-0.065202,0.147761,-2.701549,145.113632,11.638306,-0.070694,0.926345,0.007407,0.369908,-8.721583,126.535164,13.508400,-0.522217,0.577098,-0.314685,0.543341,-20.687553,124.438881,2.043028,-0.598437,0.527253,-0.306078,0.519801,-17.524347,102.443710,-4.905766,-0.696723,0.430536,-0.301999,0.487864,-11.353019,79.617737,-9.277244,-0.061515,0.913357,-0.103441,0.388966,-4.358329,127.219429,18.990398,0.616015,0.771780,0.148309,0.053716,7.165022,130.440674,30.646706,0.633350,0.747512,0.191759,0.057646,12.642963,107.931305,28.322926,0.534283,0.792007,0.295411,0.000041,17.237818,84.630966,24.554432,0.029682,0.944196,0.103629,0.311245,-10.326435,88.686676,7.660867,0.070320,0.955881,-0.018980,0.284580,-10.033050,54.797791,0.230224,0.014455,0.953627,-0.082310,0.289159,-16.526962,10.560107,0.063064,-0.081357,0.931637,-0.077958,0.345478,2.823576,88.064774,19.361103,0.004414,0.969037,-0.131748,0.208782,6.214136,54.250572,26.351183,0.024148,0.817427,-0.090515,0.568364,3.371884,11.092392,37.685425,0.014455,0.953627,-0.082310,0.289159,-9.703656,2.731822,-9.907723,0.024148,0.817427,-0.090515,0.568364,14.773363,3.151443,33.916634
334,2.783333,0.042348,0.932468,-0.061739,0.353411,-3.750422,88.375244,13.510355,-0.021224,0.901762,0.136349,0.409615,-2.864991,95.515480,12.895058,-0.026882,0.898164,-0.054941,0.435385,-5.792474,114.290703,17.355623,0.051275,0.947415,-0.097596,0.300416,-5.800564,132.182617,15.154552,0.055189,0.985302,-0.065251,0.147904,-2.689021,145.120651,11.641036,-0.071087,0.926458,0.007427,0.369550,-8.705913,126.544342,13.505202,-0.520925,0.576418,-0.316211,0.544417,-20.678864,124.435768,2.049381,-0.597726,0.526953,-0.306578,0.520628,-17.523945,102.437378,-4.893012,-0.696713,0.430434,-0.302075,0.487922,-11.352118,79.613373,-9.274050,-0.061691,0.913227,-0.103518,0.389222,-4.345231,127.221085,18.990175,0.616088,0.771686,0.148470,0.053784,7.170719,130.449326,30.651859,0.633407,0.747511,0.191625,0.057467,12.644097,107.939163,28.325144,0.535278,0.791513,0.294931,-0.000375,17.236443,84.638802,24.553787,0.029621,0.944193,0.103672,0.311248,-10.325352,88.686447,7.660170,0.070359,0.955909,-0.019027,0.284475,-10.027008,54.797935,0.228047,0.014727,0.953626,-0.082296,0.289151,-16.525417,10.560894,0.064619,-0.081386,0.931595,-0.077933,0.345592,2.824507,88.064041,19.360540,0.004388,0.969023,-0.131778,0.208831,6.216714,54.249908,26.350111,0.026590,0.817458,-0.087820,0.568633,3.375579,11.092416,37.687248,0.014727,0.953626,-0.082296,0.289151,-9.705821,2.730969,-9.907413,0.026590,0.817458,-0.087820,0.568633,14.773785,3.168647,33.872688
335,2.791667,0.042360,0.932463,-0.061797,0.353411,-3.750332,88.374100,13.513004,-0.021410,0.901814,0.136612,0.409402,-2.864454,95.514206,12.897003,-0.026986,0.898260,-0.055175,0.435150,-5.801623,114.286316,17.364307,0.051514,0.947415,-0.097582,0.300380,-5.809955,132.177109,15.154043,0.055172,0.985299,-0.065196,0.147960,-2.692650,145.114334,11.642709,-0.070844,0.926394,0.007270,0.369761,-8.716408,126.538124,13.509053,-0.522188,0.577133,-0.314626,0.543367,-20.685307,124.435356,2.047927,-0.598421,0.527215,-0.306329,0.519710,-17.522236,102.441238,-4.904314,-0.697035,0.429943,-0.302836,0.487424,-11.356367,79.611839,-9.265540,-0.061595,0.913275,-0.103600,0.389104,-4.352930,127.217461,18.991484,0.616012,0.771766,0.148391,0.053725,7.166477,130.443542,30.650352,0.633402,0.747547,0.191501,0.057460,12.644531,107.934418,28.324556,0.535517,0.791349,0.294936,-0.000582,17.237192,84.633514,24.556850,0.029676,0.944216,0.103631,0.311184,-10.325235,88.685135,7.662776,0.070370,0.955784,-0.018958,0.284894,-10.031872,54.796249,0.232127,0.014385,0.953579,-0.082308,0.289320,-16.529428,10.559114,0.059717,-0.081346,0.931622,-0.077917,0.345532,2.824570,88.063065,19.363234,0.004373,0.968996,-0.131747,0.208974,6.215031,54.248299,26.350609,0.026541,0.817428,-0.087835,0.568676,3.374080,11.090058,37.684937,0.014385,0.953579,-0.082308,0.289320,-9.701645,2.731433,-9.908480,0.026541,0.817428,-0.087835,0.568676,14.773202,3.166755,33.872139
336,2.800000,0.042375,0.932446,-0.061769,0.353460,-3.749282,88.374451,13.512378,-0.021448,0.901792,0.136635,0.409442,-2.863319,95.514595,12.896869,-0.026914,0.898247,-0.055159,0.435184,-5.802361,114.286400,17.364208,0.051554,0.947407,-0.097563,0.300405,-5.808537,132.177383,15.155606,0.055098,0.985302,-0.065195,0.147962,-2.690247,145.114639,11.645205,-0.070869,0.926358,0.007313,0.369845,-8.715484,126.538887,13.509862,-0.522212,0.577107,-0.314697,0.543331,-20.682175,124.435959,2.046464,-0.598412,0.527233,-0.306375,0.519675,-17.519766,102.440582,-4.902054,-0.697235,0.429654,-0.303019,0.487279,-11.356161,79.610268,-9.261671,-0.061622,0.913282,-0.103597,0.389083,-4.352366,127.217232,18.992701,0.616060,0.771738,0.148346,0.053704,7.167478,130.444031,30.650938,0.633538,0.747392,0.191632,0.057553,12.642914,107.934235,28.325287,0.534300,0.792141,0.295019,0.000095,17.226805,84.631989,24.555286,0.029621,0.944179,0.103663,0.311291,-10.323562,88.685829,7.661471,0.070536,0.955697,-0.019006,0.285143,-10.025023,54.797184,0.229940,0.014597,0.953478,-0.082429,0.289607,-16.537836,10.562301,0.055662,-0.081358,0.931549,-0.077863,0.345738,2.824999,88.063065,19.363285,0.004439,0.968835,-0.131640,0.209787,6.215997,54.247856,26.348215,0.026392,0.817109,-0.087762,0.569152,3.361874,11.087164,37.669899,0.014597,0.953478,-0.082429,0.289607,-9.707087,2.730353,-9.907146,0.026392,0.817109,-0.087762,0.569152,14.768356,3.167838,33.870880
337,2.808333,0.042374,0.932440,-0.061749,0.353478,-3.748388,88.375633,13.513684,-0.021430,0.901793,0.136627,0.409442,-2.862528,95.515816,12.898458,-0.026951,0.898249,-0.055151,0.435180,-5.800799,114.287735,17.365822,0.051592,0.947412,-0.097527,0.300396,-5.808297,132.178680,15.156883,0.055080,0.985309,-0.065217,0.147916,-2.689355,145.116104,11.647648,-0.070938,0.926351,0.007346,0.369848,-8.714862,126.539932,13.511287,-0.521064,0.576304,-0.316182,0.544421,-20.681166,124.435295,2.047793,-0.597746,0.526925,-0.306857,0.520470,-17.519270,102.436600,-4.890474,-0.697193,0.429652,-0.303023,0.487337,-11.354251,79.608269,-9.258479,-0.061615,0.913310,-0.103562,0.389028,-4.351713,127.218697,18.994051,0.616075,0.771718,0.148365,0.053766,7.169610,130.444702,30.651054,0.633478,0.747460,0.191566,0.057547,12.643867,107.934479,28.326881,0.534610,0.791971,0.294914,-0.000103,17.231443,84.632545,24.559376,0.029718,0.944177,0.103612,0.311304,-10.322444,88.687096,7.662526,0.070346,0.955903,-0.018921,0.284504,-10.031310,54.798126,0.232205,0.014665,0.953581,-0.082356,0.289284,-16.525953,10.560569,0.059903,-0.081351,0.931548,-0.077869,0.345742,2.825669,88.064171,19.364843,0.004427,0.968971,-0.131725,0.209105,6.216067,54.248955,26.350031,0.024618,0.817286,-0.089802,0.568659,3.369364,11.090242,37.681129,0.014665,0.953581,-0.082356,0.289284,-9.702862,2.729738,-9.909036,0.024618,0.817286,-0.089802,0.568659,14.774415,3.156563,33.907837
338,2.816667,0.042323,0.932443,-0.061661,0.353494,-3.745260,88.375679,13.512957,-0.021466,0.901788,0.136668,0.409437,-2.860520,95.516075,12.898663,-0.026965,0.898248,-0.055152,0.435179,-5.800718,114.287498,17.366856,0.051561,0.947412,-0.097471,0.300418,-5.808666,132.178421,15.157662,0.055125,0.985301,-0.065173,0.147971,-2.690830,145.116425,11.649672,-0.070909,0.926348,0.007361,0.369860,-8.715092,126.539566,13.512153,-0.522222,0.577019,-0.314739,0.543389,-20.681217,124.436020,2.048276,-0.598455,0.527195,-0.306247,0.519740,-17.515329,102.440575,-4.898436,-0.697221,0.429849,-0.302981,0.487149,-11.346027,79.612503,-9.261807,-0.061609,0.913307,-0.103593,0.389028,-4.351951,127.218521,18.994898,0.616067,0.771699,0.148460,0.053870,7.169376,130.444733,30.651833,0.633496,0.747408,0.191691,0.057608,12.643565,107.934380,28.328695,0.534310,0.792159,0.294954,0.000106,17.229729,84.632477,24.559284,0.029678,0.944147,0.103640,0.311392,-10.319195,88.686836,7.661650,0.070484,0.955842,-0.018997,0.284670,-10.024120,54.798092,0.230450,0.014489,0.953641,-0.081998,0.289197,-16.532368,10.562524,0.059966,-0.081377,0.931577,-0.077912,0.345646,2.828675,88.064514,19.364265,0.004385,0.968942,-0.131738,0.209230,6.220438,54.250057,26.352484,0.026593,0.817348,-0.087635,0.568819,3.375649,11.091632,37.685158,0.014489,0.953641,-0.081998,0.289197,-9.707321,2.741216,-9.915102,0.026593,0.817348,-0.087635,0.568819,14.777363,3.171569,33.873383
339,2.825000,0.042335,0.932433,-0.061666,0.353517,-3.744621,88.376953,13.513316,-0.021322,0.901764,0.136771,0.409464,-2.859677,95.517326,12.899034,-0.027323,0.898202,-0.055220,0.435245,-5.796556,114.287888,17.373003,0.051713,0.947356,-0.097500,0.300559,-5.814842,132.177841,15.156041,0.055103,0.985295,-0.065059,0.148069,-2.692193,145.115005,11.649189,-0.070804,0.926333,0.007400,0.369917,-8.717722,126.536560,13.512623,-0.524271,0.578406,-0.312087,0.541469,-20.682936,124.436798,2.047101,-0.599599,0.527697,-0.305642,0.518266,-17.514233,102.447464,-4.917681,-0.697212,0.429749,-0.303163,0.487139,-11.352611,79.612694,-9.256763,-0.061484,0.913354,-0.103523,0.388957,-4.355657,127.220474,18.995609,0.616038,0.771722,0.148457,0.053878,7.168028,130.441833,30.651552,0.633393,0.747502,0.191674,0.057581,12.643817,107.931808,28.329050,0.535269,0.791485,0.295023,-0.000229,17.236393,84.631050,24.560362,0.029727,0.944150,0.103598,0.311391,-10.318250,88.688240,7.661672,0.070363,0.955878,-0.018962,0.284583,-10.027285,54.799103,0.232127,0.013418,0.953762,-0.082473,0.288716,-16.524347,10.561893,0.062352,-0.081416,0.931557,-0.077907,0.345691,2.829008,88.065659,19.364960,0.004384,0.968922,-0.131735,0.209324,6.223021,54.251587,26.353962,0.026656,0.817350,-0.087574,0.568823,3.377272,11.093071,37.686043,0.013418,0.953762,-0.082473,0.288716,-9.697790,2.737267,-9.909081,0.026656,0.817350,-0.087574,0.568823,14.778811,3.173301,33.873131
340,2.833333,0.042306,0.932443,-0.061603,0.353504,-3.743060,88.377167,13.512066,-0.021284,0.901757,0.136791,0.409474,-2.858833,95.517693,12.898474,-0.027390,0.898188,-0.055206,0.435270,-5.794718,114.288101,17.373711,0.051586,0.947395,-0.097555,0.300440,-5.815327,132.177979,15.156163,0.055329,0.985318,-0.064925,0.147888,-2.696099,145.115158,11.646363,-0.070792,0.926325,0.007406,0.369939,-8.717358,126.536247,13.512787,-0.524261,0.578349,-0.312131,0.541514,-20.682083,124.436966,2.046675,-0.599657,0.527701,-0.305500,0.518278,-17.511604,102.447525,-4.916950,-0.697239,0.430002,-0.303066,0.486937,-11.346015,79.614525,-9.259699,-0.061457,0.913380,-0.103526,0.388899,-4.355658,127.220940,18.995964,0.616049,0.771716,0.148439,0.053890,7.169652,130.441360,30.650557,0.633431,0.747471,0.191673,0.057564,12.644759,107.931076,28.328918,0.535195,0.791552,0.294977,-0.000169,17.235106,84.630051,24.559242,0.029720,0.944129,0.103626,0.311446,-10.316888,88.688400,7.660645,0.070542,0.955777,-0.019012,0.284873,-10.024475,54.799629,0.229455,0.014585,0.953479,-0.082385,0.289617,-16.537979,10.564840,0.057343,-0.081385,0.931540,-0.077895,0.345747,2.830767,88.065933,19.363487,0.004390,0.968921,-0.131748,0.209321,6.222685,54.251385,26.351204,0.026681,0.817300,-0.087522,0.568902,3.376174,11.093184,37.684299,0.014585,0.953479,-0.082385,0.289617,-9.706650,2.734003,-9.905937,0.026681,0.817300,-0.087522,0.568902,14.778667,3.174115,33.872803
341,2.841667,0.042362,0.932428,-0.061631,0.353533,-3.744759,88.375214,13.512474,-0.021301,0.901762,0.136772,0.409470,-2.859618,95.515617,12.898811,-0.027314,0.898201,-0.055247,0.435244,-5.795806,114.286209,17.373127,0.051769,0.947369,-0.097421,0.300536,-5.813372,132.176071,15.155445,0.055051,0.985316,-0.064983,0.147986,-2.690037,145.113693,11.650935,-0.070703,0.926329,0.007353,0.369947,-8.716473,126.534828,13.512246,-0.524553,0.578529,-0.311787,0.541236,-20.681435,124.437645,2.045987,-0.599814,0.527736,-0.305390,0.518126,-17.510691,102.448631,-4.918873,-0.697256,0.429867,-0.302972,0.487089,-11.343633,79.615623,-9.259524,-0.061470,0.913369,-0.103565,0.388912,-4.354394,127.218803,18.995214,0.616077,0.771720,0.148330,0.053816,7.170545,130.440155,30.649931,0.633439,0.747485,0.191597,0.057555,12.644423,107.929550,28.328547,0.535325,0.791434,0.295058,-0.000299,17.234335,84.628120,24.560829,0.029687,0.944110,0.103646,0.311501,-10.318150,88.687149,7.660596,0.070542,0.955779,-0.019010,0.284866,-10.022665,54.798531,0.228829,0.014522,0.953494,-0.082424,0.289558,-16.536118,10.563740,0.056597,-0.081410,0.931542,-0.077889,0.345739,2.828632,88.063286,19.364353,0.004412,0.968936,-0.131710,0.209274,6.222317,54.248955,26.352215,0.026438,0.817308,-0.087630,0.568885,3.375147,11.089886,37.681824,0.014522,0.953494,-0.082424,0.289558,-9.705409,2.732445,-9.906755,0.026438,0.817308,-0.087630,0.568885,14.779475,3.172195,33.872932
342,2.850000,0.042390,0.932426,-0.061670,0.353528,-3.745231,88.374100,13.512382,-0.021438,0.901779,0.136671,0.409458,-2.859512,95.514404,12.898350,-0.026898,0.898250,-0.055135,0.435183,-5.798837,114.285851,17.367025,0.051612,0.947446,-0.097560,0.300275,-5.804886,132.176971,15.159443,0.055137,0.985359,-0.064837,0.147730,-2.685813,145.114029,11.649031,-0.070847,0.926353,0.007302,0.369861,-8.711884,126.538574,13.513388,-0.521166,0.576227,-0.316167,0.544414,-20.678295,124.436234,2.049582,-0.597878,0.526959,-0.306637,0.520413,-17.511835,102.437172,-4.885424,-0.697235,0.430041,-0.302863,0.487034,-11.342038,79.610863,-9.257242,-0.061543,0.913317,-0.103660,0.388998,-4.348737,127.216576,18.996250,0.616142,0.771665,0.148360,0.053767,7.173663,130.441559,30.652472,0.633504,0.747422,0.191603,0.057637,12.644045,107.930435,28.327911,0.534657,0.791894,0.295035,0.000006,17.229500,84.627800,24.562187,0.029673,0.944123,0.103672,0.311453,-10.318645,88.686272,7.660536,0.070532,0.955758,-0.019013,0.284941,-10.022046,54.797958,0.227406,0.014538,0.953488,-0.082444,0.289574,-16.534725,10.563048,0.055172,-0.081391,0.931492,-0.077843,0.345889,2.828182,88.061935,19.364227,0.004383,0.968928,-0.131744,0.209294,6.220715,54.246891,26.349226,0.026408,0.817346,-0.087641,0.568829,3.375213,11.088592,37.682178,0.014538,0.953488,-0.082444,0.289574,-9.703962,2.731188,-9.907703,0.026408,0.817346,-0.087641,0.568829,14.779245,3.171083,33.872013
343,2.858333,0.042365,0.932423,-0.061698,0.353534,-3.745192,88.373123,13.513435,-0.021330,0.901766,0.136758,0.409463,-2.859669,95.513412,12.898896,-0.027245,0.898211,-0.055236,0.435229,-5.796628,114.284096,17.372284,0.051831,0.947366,-0.097388,0.300545,-5.812174,132.174133,15.156041,0.054990,0.985322,-0.064871,0.148017,-2.687473,145.111816,11.652906,-0.070788,0.926313,0.007438,0.369971,-8.715981,126.533379,13.512476,-0.521221,0.576166,-0.316188,0.544414,-20.679951,124.434639,2.045474,-0.597953,0.526864,-0.306521,0.520491,-17.510803,102.435051,-4.886650,-0.697216,0.430145,-0.302985,0.486894,-11.332780,79.611305,-9.260288,-0.061454,0.913371,-0.103632,0.388892,-4.353661,127.216400,18.995369,0.616165,0.771686,0.148193,0.053679,7.171856,130.438065,30.649412,0.633498,0.747442,0.191558,0.057584,12.641390,107.926582,28.326378,0.534556,0.791972,0.295009,0.000122,17.227535,84.624153,24.560223,0.029646,0.944121,0.103695,0.311455,-10.318565,88.684692,7.661520,0.070506,0.955790,-0.019008,0.284839,-10.019686,54.796600,0.227474,0.015456,0.953483,-0.081892,0.289698,-16.530058,10.561344,0.056184,-0.081388,0.931475,-0.077812,0.345943,2.828181,88.061562,19.365351,0.004370,0.968905,-0.131749,0.209397,6.220818,54.246140,26.348499,0.026489,0.817315,-0.087611,0.568875,3.375136,11.087960,37.681896,0.015456,0.953483,-0.081892,0.289698,-9.706301,2.735589,-9.916277,0.026489,0.817315,-0.087611,0.568875,14.778905,3.169905,33.872093
344,2.866667,0.042372,0.932425,-0.061646,0.353536,-3.744885,88.374046,13.512845,-0.021172,0.901768,0.136543,0.409538,-2.859527,95.514420,12.899036,-0.027352,0.898183,-0.055015,0.435308,-5.787879,114.287659,17.367350,0.051806,0.947363,-0.097361,0.300566,-5.810180,132.178360,15.156549,0.055017,0.985327,-0.064844,0.147984,-2.686204,145.116364,11.653987,-0.070911,0.926300,0.007566,0.369978,-8.711521,126.536964,13.510849,-0.521087,0.576132,-0.316380,0.544467,-20.674749,124.436035,2.043463,-0.597755,0.526902,-0.306871,0.520474,-17.509451,102.435234,-4.886539,-0.697144,0.429899,-0.302960,0.487229,-11.343680,79.606903,-9.253541,-0.061415,0.913350,-0.103544,0.388972,-4.350258,127.220032,18.994579,0.616194,0.771635,0.148312,0.053743,7.173329,130.439590,30.651123,0.633498,0.747415,0.191642,0.057653,12.640841,107.927765,28.326651,0.534448,0.792036,0.295032,0.000237,17.226578,84.625282,24.560341,0.029670,0.944129,0.103676,0.311433,-10.318221,88.686050,7.660906,0.070532,0.955637,-0.019069,0.285341,-10.021538,54.797798,0.227521,0.014421,0.953491,-0.082400,0.289580,-16.535589,10.563082,0.057374,-0.081432,0.931498,-0.077823,0.345866,2.828450,88.062050,19.364784,0.004400,0.968916,-0.131774,0.209327,6.224236,54.247250,26.349390,0.026727,0.817316,-0.087448,0.568888,3.376362,11.089677,37.684555,0.014421,0.953491,-0.082400,0.289580,-9.702963,2.733080,-9.905681,0.026727,0.817316,-0.087448,0.568888,14.778810,3.171366,33.871323
345,2.875000,0.042312,0.932428,-0.061592,0.353546,-3.742725,88.373497,13.513158,-0.021220,0.901763,0.136528,0.409553,-2.858439,95.514038,12.899785,-0.027336,0.898175,-0.054971,0.435330,-5.788316,114.287361,17.366734,0.051776,0.947401,-0.097414,0.300433,-5.810730,132.178284,15.157612,0.055254,0.985355,-0.064695,0.147775,-2.687802,145.115952,11.652887,-0.070804,0.926315,0.007541,0.369960,-8.711931,126.536987,13.511255,-0.524210,0.578305,-0.312201,0.541569,-20.676079,124.439011,2.044298,-0.599581,0.527637,-0.305730,0.518296,-17.505281,102.449440,-4.918745,-0.697153,0.429836,-0.303098,0.487187,-11.343170,79.614235,-9.254828,-0.061376,0.913377,-0.103553,0.388912,-4.350919,127.219604,18.995239,0.616197,0.771620,0.148363,0.053790,7.174380,130.437943,30.650419,0.633583,0.747375,0.191537,0.057598,12.641525,107.926010,28.326086,0.534324,0.792211,0.294787,0.000122,17.222427,84.622536,24.560080,0.029677,0.944148,0.103633,0.311391,-10.316022,88.684853,7.661145,0.070530,0.955662,-0.019049,0.285261,-10.021041,54.796005,0.230384,0.014511,0.953514,-0.082382,0.289507,-16.534420,10.561195,0.059166,-0.081440,0.931452,-0.077841,0.345985,2.830572,88.062149,19.365171,0.004386,0.968885,-0.131797,0.209456,6.225511,54.247631,26.351557,0.026322,0.817421,-0.087620,0.568730,3.376931,11.090580,37.688526,0.014511,0.953514,-0.082382,0.289507,-9.704497,2.730948,-9.905544,0.026322,0.817421,-0.087620,0.568730,14.781163,3.174630,33.875744
346,2.883333,0.042459,0.932284,-0.061076,0.353996,-3.732697,88.381157,13.496496,-0.021476,0.901641,0.137131,0.409606,-2.848757,95.522430,12.891216,-0.027246,0.898165,-0.055362,0.435307,-5.797481,114.288879,17.374615,0.051742,0.947424,-0.097388,0.300376,-5.810885,132.178421,15.154280,0.055394,0.985367,-0.064561,0.147702,-2.689311,145.116455,11.649685,-0.070733,0.926285,0.007523,0.370050,-8.714931,126.537560,13.511462,-0.524094,0.578163,-0.312406,0.541715,-20.677221,124.441673,2.042177,-0.599458,0.527561,-0.305840,0.518451,-17.504736,102.451393,-4.917895,-0.697039,0.429832,-0.303198,0.487291,-11.342003,79.616486,-9.254651,-0.061258,0.913422,-0.103521,0.388834,-4.353567,127.221405,18.995014,0.616168,0.771636,0.148383,0.053832,7.174269,130.435532,30.648851,0.633509,0.747363,0.191767,0.057797,12.642871,107.923828,28.325726,0.534197,0.792100,0.295315,0.000326,17.227184,84.620880,24.560556,0.029974,0.944060,0.103162,0.311784,-10.300173,88.697540,7.638217,0.069766,0.956281,-0.018971,0.283373,-10.031838,54.803169,0.231698,0.015606,0.953965,-0.081780,0.288132,-16.478603,10.558510,0.086064,-0.081423,0.931480,-0.077998,0.345878,2.834779,88.064781,19.354776,0.004387,0.968897,-0.131792,0.209403,6.225614,54.251766,26.350409,0.026665,0.817353,-0.087606,0.568813,3.377594,11.094621,37.687134,0.015606,0.953965,-0.081780,0.288132,-9.690794,2.733891,-9.911791,0.026665,0.817353,-0.087606,0.568813,14.778638,3.174089,33.874329
347,2.891667,0.042661,0.932266,-0.061246,0.353991,-3.747635,88.385841,13.495424,-0.021084,0.901677,0.136886,0.409629,-2.860118,95.526566,12.888906,-0.027307,0.898198,-0.054962,0.435287,-5.791306,114.296280,17.370146,0.051910,0.947389,-0.097649,0.300372,-5.813039,132.187286,15.161737,0.055320,0.985367,-0.064541,0.147737,-2.685208,145.122406,11.652008,-0.071003,0.926244,0.007437,0.370102,-8.714674,126.546204,13.515429,-0.524103,0.578240,-0.312264,0.541707,-20.674381,124.441002,2.045164,-0.599581,0.527408,-0.305398,0.518725,-17.501890,102.452324,-4.919948,-0.696628,0.430469,-0.302704,0.487623,-11.318409,79.625710,-9.270801,-0.061135,0.913498,-0.103536,0.388669,-4.353116,127.228378,18.999031,0.616271,0.771587,0.148252,0.053707,7.179479,130.438553,30.649244,0.633487,0.747422,0.191642,0.057684,12.642771,107.925728,28.324535,0.535148,0.791475,0.295269,0.000006,17.229017,84.623131,24.559483,0.029734,0.944105,0.103020,0.311718,-10.314865,88.704475,7.636997,0.069742,0.956472,-0.018757,0.282745,-10.034438,54.807079,0.244827,0.015894,0.953987,-0.081890,0.288012,-16.473846,10.561395,0.085732,-0.081594,0.931438,-0.077891,0.345975,2.819596,88.067207,19.353851,0.004351,0.968901,-0.131799,0.209383,6.223277,54.254967,26.346991,0.026652,0.817351,-0.087801,0.568787,3.378535,11.097935,37.684971,0.015894,0.953987,-0.081890,0.288012,-9.692943,2.732109,-9.913154,0.026652,0.817351,-0.087801,0.568787,14.777747,3.173788,33.874199
348,2.900000,0.042514,0.932282,-0.061202,0.353974,-3.734447,88.379791,13.495914,-0.021331,0.901676,0.136939,0.409600,-2.849145,95.520767,12.889215,-0.027326,0.898194,-0.055007,0.435287,-5.789723,114.289513,17.368406,0.051922,0.947398,-0.097505,0.300389,-5.811345,132.180298,15.158257,0.055361,0.985365,-0.064538,0.147738,-2.684222,145.116608,11.652298,-0.070808,0.926277,0.007485,0.370057,-8.713009,126.539078,13.512486,-0.523910,0.578076,-0.312543,0.541907,-20.674759,124.440399,2.043156,-0.599329,0.527500,-0.305890,0.518633,-17.501574,102.450966,-4.919249,-0.697093,0.429579,-0.303190,0.487441,-11.337216,79.617172,-9.259547,-0.061188,0.913435,-0.103586,0.388797,-4.351462,127.221764,18.996038,0.616230,0.771610,0.148306,0.053710,7.177601,130.434525,30.649036,0.633503,0.747428,0.191573,0.057655,12.643250,107.922379,28.323204,0.535534,0.791248,0.295177,-0.000206,17.228680,84.619476,24.559061,0.029730,0.944153,0.103268,0.311493,-10.302109,88.696312,7.637853,0.070487,0.955792,-0.019024,0.284836,-10.017805,54.802441,0.229643,0.014368,0.953576,-0.082624,0.289240,-16.526976,10.567003,0.060273,-0.081439,0.931462,-0.077941,0.345936,2.833213,88.063263,19.353973,0.004395,0.968900,-0.131780,0.209399,6.226045,54.249809,26.346546,0.026736,0.817333,-0.087770,0.568814,3.377586,11.092385,37.682098,0.014368,0.953576,-0.082624,0.289240,-9.702095,2.732124,-9.904253,0.026736,0.817333,-0.087770,0.568814,14.776325,3.167664,33.871113
349,2.908333,0.042558,0.932252,-0.061270,0.354035,-3.730395,88.378929,13.490605,-0.021379,0.901655,0.137120,0.409583,-2.844126,95.519730,12.883276,-0.027293,0.898208,-0.055014,0.435259,-5.789170,114.286446,17.367994,0.051934,0.947411,-0.097416,0.300375,-5.809701,132.177277,15.158131,0.055365,0.985366,-0.064545,0.147725,-2.683060,145.114319,11.654416,-0.070725,0.926309,0.007427,0.369992,-8.711847,126.536270,13.512440,-0.521088,0.576116,-0.316225,0.544573,-20.675608,124.439384,2.044868,-0.597672,0.526782,-0.306888,0.520681,-17.504879,102.441299,-4.891297,-0.697019,0.429632,-0.303272,0.487450,-11.333534,79.615051,-9.261290,-0.061262,0.913505,-0.103438,0.388660,-4.349930,127.218582,18.995749,0.616281,0.771600,0.148166,0.053649,7.182395,130.431335,30.645531,0.633523,0.747449,0.191457,0.057562,12.645391,107.918381,28.321171,0.535755,0.791148,0.295046,-0.000304,17.230137,84.615341,24.557096,0.029832,0.944161,0.103132,0.311504,-10.297234,88.695648,7.631626,0.070314,0.955910,-0.018964,0.284485,-10.022465,54.800247,0.230062,0.014542,0.953657,-0.082599,0.288971,-16.515461,10.562431,0.062375,-0.081383,0.931419,-0.077981,0.346056,2.836443,88.062210,19.349585,0.004363,0.968887,-0.131805,0.209442,6.223821,54.248573,26.343885,0.026651,0.817364,-0.087766,0.568773,3.377236,11.091712,37.682056,0.014542,0.953657,-0.082599,0.288971,-9.698677,2.726789,-9.907098,0.026651,0.817364,-0.087766,0.568773,14.776629,3.168249,33.870392
350,2.916667,0.042550,0.932258,-0.061323,0.354011,-3.730520,88.379349,13.491238,-0.021358,0.901657,0.137140,0.409575,-2.844100,95.520065,12.883125,-0.027262,0.898214,-0.054973,0.435254,-5.788692,114.286613,17.368896,0.051918,0.947426,-0.097505,0.300301,-5.808881,132.177658,15.160830,0.055480,0.985378,-0.064458,0.147642,-2.682339,145.114014,11.654454,-0.070761,0.926291,0.007464,0.370030,-8.711165,126.536896,13.514611,-0.523875,0.578187,-0.312371,0.541922,-20.673803,124.439392,2.045985,-0.599472,0.527385,-0.305578,0.518768,-17.501568,102.452324,-4.924318,-0.697163,0.429652,-0.303366,0.487167,-11.322231,79.624001,-9.272077,-0.061294,0.913533,-0.103409,0.388597,-4.349164,127.218559,18.997932,0.616301,0.771587,0.148161,0.053620,7.184677,130.431747,30.646091,0.633583,0.747398,0.191471,0.057512,12.646667,107.918671,28.320662,0.535630,0.791272,0.294941,-0.000145,17.228056,84.615433,24.553684,0.029838,0.944163,0.103112,0.311503,-10.297672,88.695641,7.632591,0.070322,0.955880,-0.018956,0.284585,-10.023746,54.799988,0.232156,0.014897,0.953639,-0.082519,0.289037,-16.517246,10.562241,0.062908,-0.081369,0.931454,-0.077991,0.345964,2.836632,88.063057,19.349884,0.004351,0.968885,-0.131805,0.209452,6.223546,54.249359,26.344166,0.026498,0.817398,-0.087960,0.568701,3.377812,11.092481,37.682499,0.014897,0.953639,-0.082519,0.289037,-9.703367,2.725877,-9.907983,0.026498,0.817398,-0.087960,0.568701,14.776617,3.167387,33.872459
351,2.925000,0.042534,0.932248,-0.061259,0.354052,-3.730085,88.378212,13.489148,-0.021326,0.901641,0.137195,0.409593,-2.844180,95.519073,12.881853,-0.027249,0.898210,-0.054956,0.435266,-5.788613,114.285072,17.369953,0.051987,0.947405,-0.097478,0.300365,-5.808617,132.176224,15.162656,0.055439,0.985365,-0.064481,0.147730,-2.680196,145.112534,11.657802,-0.070739,0.926275,0.007525,0.370074,-8.710896,126.535538,13.516116,-0.523965,0.578281,-0.312231,0.541816,-20.672544,124.439514,2.046192,-0.599424,0.527641,-0.305739,0.518469,-17.501297,102.452805,-4.925716,-0.697177,0.429657,-0.302885,0.487442,-11.339659,79.618713,-9.268333,-0.061278,0.913551,-0.103421,0.388553,-4.349038,127.216934,18.999580,0.616305,0.771573,0.148212,0.053632,7.186000,130.429672,30.646673,0.633617,0.747347,0.191559,0.057503,12.647695,107.916641,28.320154,0.535563,0.791324,0.294920,0.000044,17.227018,84.613571,24.549671,0.029942,0.944168,0.103018,0.311510,-10.296751,88.694588,7.629962,0.069858,0.956425,-0.018898,0.282867,-10.031634,54.798019,0.233392,0.014677,0.953982,-0.082271,0.287982,-16.484455,10.554257,0.082614,-0.081327,0.931309,-0.078015,0.346356,2.836581,88.061836,19.348333,0.004255,0.968857,-0.131750,0.209619,6.217245,54.247929,26.344568,0.023911,0.817482,-0.090668,0.568270,3.378898,11.089680,37.679531,0.014677,0.953982,-0.082271,0.287982,-9.689799,2.724940,-9.906912,0.023911,0.817482,-0.090668,0.568270,14.780953,3.149097,33.911716
352,2.933333,0.042469,0.932205,-0.061484,0.354134,-3.727657,88.375137,13.493708,-0.021361,0.901648,0.137163,0.409587,-2.841421,95.515671,12.883150,-0.027283,0.898224,-0.054911,0.435240,-5.786558,114.281967,17.369616,0.051994,0.947410,-0.097381,0.300379,-5.808433,132.173218,15.163234,0.055469,0.985355,-0.064527,0.147765,-2.680517,145.110336,11.660902,-0.070697,0.926289,0.007587,0.370045,-8.710278,126.532341,13.516599,-0.524037,0.577894,-0.312450,0.542031,-20.672840,124.438332,2.047252,-0.599127,0.527907,-0.305812,0.518498,-17.487162,102.450432,-4.914301,-0.697048,0.429909,-0.302642,0.487555,-11.341172,79.613960,-9.266568,-0.061343,0.913551,-0.103388,0.388552,-4.348121,127.213875,18.999809,0.616422,0.771444,0.148331,0.053817,7.186669,130.428162,30.646723,0.633531,0.747386,0.191702,0.057470,12.640749,107.913063,28.322283,0.535528,0.791389,0.294810,0.000115,17.225519,84.611809,24.547182,0.029979,0.944203,0.103099,0.311373,-10.293399,88.688942,7.633347,0.069864,0.956350,-0.018949,0.283116,-10.029999,54.793694,0.230686,0.014855,0.953977,-0.082099,0.288041,-16.484596,10.550180,0.082442,-0.081318,0.931301,-0.077962,0.346391,2.838086,88.061340,19.354069,0.004267,0.968919,-0.131766,0.209320,6.219229,54.246754,26.346827,0.024632,0.817521,-0.090430,0.568221,3.383077,11.088899,37.683838,0.014855,0.953977,-0.082099,0.288041,-9.690252,2.723569,-9.909417,0.024632,0.817521,-0.090430,0.568221,14.777925,3.142472,33.906551
353,2.941667,0.042528,0.932201,-0.061503,0.354133,-3.728800,88.373611,13.493860,-0.021414,0.901636,0.137152,0.409614,-2.841675,95.514038,12.883348,-0.026988,0.898221,-0.055105,0.435241,-5.788630,114.280357,17.368492,0.051860,0.947442,-0.097128,0.300383,-5.797912,132.171417,15.160463,0.055459,0.985346,-0.064579,0.147805,-2.675334,145.111221,11.663338,-0.070693,0.926377,0.007620,0.369824,-8.703615,126.532410,13.514211,-0.524188,0.577971,-0.312385,0.541841,-20.671663,124.438690,2.050544,-0.599201,0.527967,-0.305484,0.518544,-17.488235,102.449272,-4.907237,-0.697520,0.429217,-0.302261,0.487727,-11.335648,79.616684,-9.270534,-0.061356,0.913461,-0.103416,0.388753,-4.341243,127.211403,18.997564,0.616335,0.771561,0.148181,0.053547,7.188282,130.426971,30.649332,0.633683,0.747312,0.191520,0.057368,12.648723,107.913879,28.320423,0.535575,0.791355,0.294817,-0.000024,17.224791,84.610863,24.545618,0.029984,0.944183,0.103125,0.311425,-10.294456,88.688263,7.633450,0.069851,0.956353,-0.018966,0.283107,-10.030413,54.793400,0.229030,0.014839,0.953986,-0.082138,0.287999,-16.484352,10.549792,0.082656,-0.081326,0.931317,-0.077965,0.346348,2.836855,88.058968,19.354269,0.004227,0.968858,-0.131743,0.209621,6.218775,54.244499,26.347214,0.024332,0.817545,-0.090610,0.568170,3.382971,11.086053,37.682049,0.014839,0.953986,-0.082138,0.287999,-9.690890,2.722396,-9.909184,0.024332,0.817545,-0.090610,0.568170,14.779366,3.140420,33.907761
354,2.950000,0.042371,0.932242,-0.061352,0.354070,-3.728110,88.367126,13.495639,-0.021366,0.901681,0.137066,0.409547,-2.843904,95.508018,12.886284,-0.027174,0.898252,-0.054898,0.435191,-5.787483,114.275337,17.369474,0.052084,0.947414,-0.097263,0.300388,-5.806154,132.166870,15.165228,0.055468,0.985345,-0.064597,0.147805,-2.676800,145.104630,11.666632,-0.070547,0.926347,0.007563,0.369927,-8.709245,126.526733,13.518214,-0.524070,0.577869,-0.312514,0.541990,-20.675426,124.436913,2.051888,-0.599074,0.527994,-0.305490,0.518660,-17.490215,102.447762,-4.905889,-0.697443,0.429320,-0.302216,0.487774,-11.339203,79.615761,-9.274477,-0.061148,0.913506,-0.103176,0.388746,-4.346406,127.206779,19.001064,0.616238,0.771620,0.148299,0.053478,7.184162,130.412933,30.654394,0.633687,0.747332,0.191461,0.057264,12.650481,107.901802,28.320402,0.535815,0.791238,0.294694,-0.000300,17.226879,84.599159,24.543652,0.029971,0.944246,0.103210,0.311205,-10.294784,88.680237,7.636288,0.069878,0.956340,-0.018997,0.283145,-10.029766,54.786526,0.226616,0.014572,0.954002,-0.082054,0.287986,-16.486717,10.543352,0.081935,-0.081247,0.931385,-0.077997,0.346177,2.838563,88.054016,19.354990,0.004307,0.968949,-0.131760,0.209188,6.215862,54.239010,26.347553,0.024004,0.817569,-0.090573,0.568156,3.377886,11.081031,37.683624,0.014572,0.954002,-0.082054,0.287986,-9.689665,2.719814,-9.910483,0.024004,0.817569,-0.090573,0.568156,14.778461,3.140819,33.910553
355,2.958333,0.042649,0.932233,-0.061413,0.354051,-3.735882,88.373413,13.487617,-0.021207,0.901676,0.137291,0.409490,-2.847646,95.513855,12.878849,-0.027161,0.898289,-0.054901,0.435115,-5.788928,114.279022,17.372540,0.052250,0.947401,-0.097428,0.300348,-5.807323,132.170547,15.168383,0.055469,0.985347,-0.064614,0.147784,-2.672681,145.106262,11.666885,-0.070658,0.926293,0.007539,0.370044,-8.710891,126.530540,13.521823,-0.523760,0.578247,-0.312217,0.542058,-20.673674,124.437141,2.052595,-0.599227,0.527745,-0.305664,0.518634,-17.500193,102.453613,-4.928280,-0.697521,0.428973,-0.302371,0.487872,-11.341624,79.620949,-9.282703,-0.061013,0.913569,-0.103104,0.388637,-4.347114,127.210403,19.003954,0.616432,0.771451,0.148350,0.053551,7.186834,130.411270,30.655396,0.633605,0.747399,0.191497,0.057178,12.641671,107.897400,28.320816,0.535964,0.791175,0.294593,-0.000457,17.223541,84.596375,24.540815,0.029923,0.944164,0.103057,0.311511,-10.302392,88.690720,7.628303,0.069767,0.956444,-0.018886,0.282826,-10.035172,54.794621,0.229625,0.014975,0.954031,-0.082308,0.287795,-16.479921,10.549680,0.080442,-0.081314,0.931366,-0.078038,0.346201,2.830628,88.056114,19.346931,0.004227,0.968910,-0.131754,0.209374,6.211079,54.242306,26.343758,0.024096,0.817535,-0.090739,0.568175,3.378002,11.084122,37.680267,0.014975,0.954031,-0.082308,0.287795,-9.693479,2.717302,-9.912268,0.024096,0.817535,-0.090739,0.568175,14.776197,3.139409,33.909470
356,2.966667,0.042682,0.932238,-0.061423,0.354031,-3.737813,88.371773,13.487035,-0.021275,0.901662,0.137290,0.409518,-2.849098,95.512154,12.878288,-0.026786,0.898289,-0.055051,0.435119,-5.792860,114.277222,17.370739,0.052194,0.947434,-0.097354,0.300277,-5.796769,132.168884,15.167626,0.055352,0.985368,-0.064619,0.147682,-2.664504,145.105469,11.667198,-0.070773,0.926347,0.007664,0.369884,-8.704773,126.531303,13.520579,-0.523990,0.577903,-0.312473,0.542054,-20.670963,124.435722,2.055311,-0.598893,0.528134,-0.305705,0.518600,-17.486427,102.447960,-4.907206,-0.698684,0.427157,-0.302980,0.487422,-11.348785,79.612061,-9.274220,-0.061184,0.913533,-0.103425,0.388610,-4.340754,127.207336,19.002987,0.616447,0.771490,0.148145,0.053374,7.193182,130.417404,30.651903,0.633727,0.747337,0.191341,0.057154,12.648028,107.903603,28.316849,0.535943,0.791166,0.294653,-0.000500,17.222582,84.600716,24.539434,0.029894,0.944169,0.103084,0.311489,-10.304518,88.689575,7.627972,0.069730,0.956637,-0.018893,0.282183,-10.034993,54.793758,0.228129,0.014757,0.954077,-0.082261,0.287668,-16.476873,10.548377,0.084766,-0.081330,0.931419,-0.078062,0.346051,2.828892,88.053963,19.346098,0.004259,0.968948,-0.131761,0.209191,6.210904,54.240597,26.344311,0.024004,0.817561,-0.090822,0.568128,3.377067,11.082602,37.681355,0.014757,0.954077,-0.082261,0.287668,-9.690154,2.718640,-9.909822,0.024004,0.817561,-0.090822,0.568128,14.775167,3.137574,33.910950
357,2.975000,0.042636,0.932204,-0.061634,0.354090,-3.736393,88.367447,13.491145,-0.021361,0.901668,0.137265,0.409508,-2.847181,95.507507,12.879385,-0.026839,0.898300,-0.055009,0.435098,-5.793566,114.272690,17.369633,0.051841,0.947474,-0.097035,0.300317,-5.799866,132.164413,15.167030,0.055814,0.985302,-0.064704,0.147911,-2.678821,145.105103,11.671777,-0.070566,0.926351,0.007756,0.369912,-8.707243,126.526512,13.519979,-0.523974,0.577809,-0.312523,0.542142,-20.673710,124.438477,2.053622,-0.598900,0.528190,-0.305653,0.518566,-17.485554,102.450920,-4.907906,-0.698597,0.427521,-0.302533,0.487506,-11.349243,79.615021,-9.276853,-0.061040,0.913501,-0.103048,0.388807,-4.343015,127.202950,19.002171,0.616435,0.771434,0.148440,0.053510,7.186407,130.404358,30.657942,0.633615,0.747380,0.191556,0.057117,12.641251,107.890938,28.319237,0.535887,0.791243,0.294551,-0.000415,17.222837,84.590530,24.535101,0.029904,0.944207,0.103167,0.311344,-10.302424,88.683090,7.631208,0.069746,0.956477,-0.018966,0.282715,-10.032822,54.788494,0.225763,0.015055,0.954079,-0.082124,0.287684,-16.477806,10.543561,0.084691,-0.081350,0.931357,-0.077997,0.346225,2.829638,88.051804,19.351082,0.004285,0.969013,-0.131782,0.208876,6.213183,54.237949,26.346222,0.024386,0.817645,-0.090684,0.568012,3.380354,11.080471,37.685482,0.015055,0.954079,-0.082124,0.287684,-9.694058,2.714839,-9.912711,0.024386,0.817645,-0.090684,0.568012,14.773811,3.132481,33.907284
358,2.983333,0.042644,0.932200,-0.061670,0.354094,-3.736648,88.367416,13.490963,-0.021327,0.901675,0.137297,0.409484,-2.847155,95.507408,12.878773,-0.026799,0.898332,-0.054782,0.435064,-5.792699,114.272308,17.370752,0.052165,0.947453,-0.097266,0.300250,-5.801377,132.165009,15.176111,0.055687,0.985326,-0.064832,0.147744,-2.670681,145.102463,11.677524,-0.070511,0.926374,0.007627,0.369866,-8.708232,126.527496,13.526833,-0.523908,0.577869,-0.312344,0.542244,-20.676113,124.439499,2.061948,-0.598789,0.528237,-0.305332,0.518835,-17.486029,102.455269,-4.909167,-0.696969,0.429946,-0.301712,0.488211,-11.342677,79.624893,-9.296981,-0.061068,0.913572,-0.103059,0.388634,-4.343553,127.202019,19.008902,0.616458,0.771394,0.148546,0.053532,7.190232,130.403976,30.660204,0.633625,0.747373,0.191540,0.057147,12.643663,107.890465,28.318995,0.536533,0.790778,0.294622,-0.000715,17.224457,84.589661,24.536327,0.029961,0.944121,0.103142,0.311608,-10.302626,88.682953,7.630960,0.069767,0.956404,-0.018900,0.282960,-10.035280,54.788231,0.225998,0.015843,0.953950,-0.082043,0.288094,-16.480373,10.543338,0.077117,-0.081344,0.931421,-0.078013,0.346051,2.829329,88.051872,19.350967,0.004234,0.968955,-0.131784,0.209144,6.213444,54.238140,26.346392,0.024435,0.817678,-0.090752,0.567953,3.381864,11.080665,37.685989,0.015843,0.953950,-0.082043,0.288094,-9.697670,2.710912,-9.918092,0.024435,0.817678,-0.090752,0.567953,14.773510,3.130602,33.906700
359,2.991667,0.042667,0.932209,-0.061636,0.354073,-3.737755,88.366714,13.488377,-0.021475,0.901684,0.137581,0.409360,-2.848136,95.506737,12.876741,-0.026672,0.898389,-0.055002,0.434926,-5.802783,114.268349,17.376509,0.052222,0.947475,-0.097133,0.300214,-5.804217,132.160431,15.176755,0.055796,0.985307,-0.064924,0.147790,-2.673293,145.098816,11.681791,-0.070448,0.926281,0.007830,0.370108,-8.713991,126.523712,13.529881,-0.523856,0.577849,-0.312427,0.542268,-20.676174,124.440468,2.058187,-0.598743,0.528284,-0.305345,0.518832,-17.487385,102.455688,-4.911773,-0.697107,0.429772,-0.301596,0.488241,-11.346833,79.624817,-9.300961,-0.060999,0.913616,-0.103028,0.388549,-4.347524,127.197884,19.010567,0.616440,0.771419,0.148511,0.053461,7.188752,130.397110,30.660149,0.633630,0.747385,0.191507,0.057047,12.643539,107.884071,28.317598,0.536648,0.790734,0.294530,-0.000761,17.224581,84.583733,24.532328,0.029956,0.944121,0.103150,0.311607,-10.303952,88.682877,7.628655,0.069810,0.956368,-0.018952,0.283069,-10.036096,54.788261,0.223264,0.014584,0.953963,-0.082596,0.287959,-16.486118,10.544083,0.076981,-0.081343,0.931441,-0.078076,0.345984,2.828442,88.050552,19.348097,0.004241,0.968975,-0.131669,0.209122,6.211450,54.237484,26.347261,0.024357,0.817588,-0.090779,0.568081,3.381699,11.077309,37.677021,0.014584,0.953963,-0.082596,0.287959,-9.692142,2.707926,-9.907639,0.024357,0.817588,-0.090779,0.568081,14.775390,3.127977,33.902359
360,3.000000,0.042710,0.932208,-0.061675,0.354062,-3.739614,88.365829,13.488338,-0.021303,0.901668,0.137417,0.409461,-2.849227,95.505730,12.876393,-0.026746,0.898347,-0.054719,0.435044,-5.795745,114.269379,17.372950,0.052135,0.947417,-0.097723,0.300222,-5.803768,132.162430,15.181162,0.055847,0.985304,-0.064742,0.147873,-2.670434,145.096054,11.670807,-0.070458,0.926346,0.007774,0.369943,-8.710940,126.525291,13.531121,-0.523866,0.577953,-0.312234,0.542258,-20.677153,124.440849,2.063845,-0.598785,0.528304,-0.305419,0.518721,-17.488361,102.458275,-4.913081,-0.698091,0.428157,-0.301907,0.488061,-11.350958,79.625587,-9.297209,-0.060980,0.913633,-0.102985,0.388523,-4.345973,127.198753,19.013094,0.616363,0.771500,0.148484,0.053262,7.191049,130.396805,30.662266,0.633787,0.747277,0.191407,0.057053,12.651248,107.885674,28.314051,0.536675,0.790687,0.294607,-0.000794,17.222713,84.583214,24.530306,0.029908,0.944201,0.103170,0.311363,-10.305883,88.682465,7.628724,0.069839,0.956411,-0.018949,0.282915,-10.036388,54.787933,0.223002,0.013794,0.954019,-0.082674,0.287788,-16.488892,10.544109,0.076755,-0.081350,0.931446,-0.078009,0.345986,2.826656,88.049194,19.347954,0.004220,0.968971,-0.131810,0.209054,6.211729,54.235470,26.342964,0.024483,0.817662,-0.090719,0.567978,3.381923,11.078620,37.685364,0.013794,0.954019,-0.082674,0.287788,-9.688571,2.711823,-9.906585,0.024483,0.817662,-0.090719,0.567978,14.773541,3.128529,33.906055
361,3.008333,0.042712,0.932300,-0.061475,0.353856,-3.748785,88.366486,13.488373,-0.021081,0.901726,0.137284,0.409389,-2.859512,95.506737,12.878916,-0.026657,0.898382,-0.054733,0.434976,-5.795756,114.272179,17.374737,0.052775,0.947412,-0.097433,0.300221,-5.800814,132.165344,15.183909,0.055470,0.985352,-0.064962,0.147597,-2.653483,145.098969,11.686113,-0.070578,0.926344,0.007781,0.369927,-8.709249,126.528839,13.533977,-0.523577,0.577902,-0.312441,0.542473,-20.675303,124.440781,2.067196,-0.598590,0.528312,-0.305331,0.518989,-17.489777,102.458885,-4.913368,-0.697124,0.429608,-0.301275,0.488558,-11.350187,79.629173,-9.309916,-0.060914,0.913641,-0.102951,0.388523,-4.343388,127.201210,19.015369,0.616436,0.771451,0.148473,0.053159,7.193925,130.396805,30.664921,0.633824,0.747272,0.191330,0.056963,12.650482,107.885193,28.312706,0.536837,0.790605,0.294531,-0.000955,17.220165,84.582581,24.527704,0.029816,0.944156,0.103266,0.311475,-10.317627,88.684692,7.631727,0.069760,0.956521,-0.018944,0.282563,-10.039093,54.791145,0.221830,0.013978,0.954047,-0.082709,0.287676,-16.484753,10.546314,0.079530,-0.081409,0.931577,-0.077962,0.345629,2.820057,88.048271,19.345020,0.004322,0.969052,-0.131886,0.208626,6.212747,54.234718,26.337141,0.023833,0.817732,-0.091085,0.567846,3.377754,11.079722,37.685307,0.013978,0.954047,-0.082709,0.287676,-9.689487,2.711856,-9.905547,0.023833,0.817732,-0.091085,0.567846,14.772730,3.131804,33.911545
362,3.016667,0.042855,0.932270,-0.061527,0.353908,-3.747311,88.367638,13.482597,-0.021296,0.901662,0.137746,0.409363,-2.855819,95.507622,12.873234,-0.026431,0.898377,-0.055136,0.434948,-5.806822,114.267754,17.381529,0.052836,0.947419,-0.097160,0.300274,-5.798303,132.159760,15.181192,0.055446,0.985338,-0.065059,0.147653,-2.651257,145.095490,11.690940,-0.070388,0.926362,0.007833,0.369915,-8.711018,126.524582,13.534260,-0.523484,0.578370,-0.311899,0.542376,-20.678257,124.442986,2.067541,-0.598802,0.528079,-0.305231,0.519041,-17.502157,102.467285,-4.936780,-0.696044,0.430912,-0.300728,0.489285,-11.347808,79.640648,-9.328601,-0.060873,0.913634,-0.102929,0.388552,-4.344640,127.196548,19.015289,0.616429,0.771480,0.148399,0.053025,7.192066,130.390732,30.665833,0.633820,0.747307,0.191239,0.056859,12.649685,107.879654,28.311052,0.537087,0.790438,0.294525,-0.001186,17.220201,84.577339,24.525234,0.029824,0.944181,0.103161,0.311433,-10.315286,88.687805,7.625085,0.069787,0.956438,-0.018926,0.282840,-10.039880,54.792786,0.221772,0.014183,0.954011,-0.082819,0.287754,-16.487366,10.548234,0.075360,-0.081404,0.931550,-0.078000,0.345694,2.820663,88.047478,19.340111,0.004334,0.969079,-0.131909,0.208486,6.211594,54.234272,26.334774,0.023879,0.817732,-0.091112,0.567841,3.376781,11.079839,37.685127,0.014183,0.954011,-0.082819,0.287754,-9.693563,2.709775,-9.907573,0.023879,0.817732,-0.091112,0.567841,14.770891,3.130712,33.911293
363,3.025000,0.042732,0.932419,-0.061944,0.353456,-3.758425,88.360649,13.497275,-0.021007,0.901796,0.137198,0.409267,-2.866772,95.500038,12.881257,-0.026558,0.898418,-0.054643,0.434919,-5.798429,114.266525,17.375719,0.052616,0.947446,-0.097593,0.300089,-5.801850,132.160248,15.189341,0.055860,0.985331,-0.065016,0.147567,-2.658014,145.093124,11.685651,-0.070410,0.926346,0.007938,0.369950,-8.711102,126.524445,13.538379,-0.523432,0.578465,-0.311867,0.542343,-20.677383,124.443520,2.070533,-0.598776,0.528210,-0.305389,0.518844,-17.505491,102.468178,-4.936849,-0.696482,0.430454,-0.301535,0.488569,-11.362427,79.637360,-9.322769,-0.060886,0.913646,-0.102924,0.388523,-4.344466,127.195000,19.019381,0.616464,0.771448,0.148440,0.052970,7.192958,130.389404,30.669153,0.633880,0.747244,0.191295,0.056817,12.648806,107.878258,28.310898,0.536913,0.790544,0.294555,-0.001106,17.215883,84.575905,24.521151,0.029691,0.944222,0.103548,0.311192,-10.332219,88.676796,7.646075,0.069830,0.956429,-0.018946,0.282859,-10.041549,54.786789,0.220464,0.013790,0.953992,-0.082697,0.287871,-16.493172,10.542840,0.074558,-0.081415,0.931616,-0.077896,0.345536,2.815370,88.044502,19.348475,0.004339,0.969077,-0.131957,0.208467,6.210760,54.230297,26.336157,0.024353,0.817797,-0.090404,0.567840,3.374782,11.076996,37.690502,0.013790,0.953992,-0.082697,0.287871,-9.691080,2.710073,-9.907202,0.024353,0.817797,-0.090404,0.567840,14.769324,3.134700,33.903610
364,3.033333,0.042820,0.932300,-0.061450,0.353846,-3.748003,88.367393,13.480973,-0.021246,0.901682,0.137800,0.409303,-2.857416,95.507553,12.872399,-0.026436,0.898422,-0.054844,0.434892,-5.807191,114.267197,17.383574,0.052741,0.947441,-0.097636,0.300069,-5.803555,132.160355,15.192598,0.055900,0.985333,-0.065028,0.147532,-2.656306,145.092377,11.688807,-0.070322,0.926290,0.007948,0.370105,-8.715096,126.525291,13.543169,-0.523404,0.578468,-0.311860,0.542371,-20.677938,124.447380,2.071193,-0.598778,0.528249,-0.305350,0.518825,-17.506016,102.472511,-4.937606,-0.696261,0.430902,-0.301236,0.488673,-11.363829,79.641762,-9.325098,-0.060840,0.913720,-0.102853,0.388375,-4.348036,127.195503,19.023872,0.616456,0.771426,0.148555,0.053050,7.193404,130.387253,30.670393,0.633972,0.747123,0.191443,0.056882,12.649324,107.876160,28.311707,0.536040,0.791105,0.294640,-0.000782,17.210423,84.573181,24.518595,0.029810,0.944207,0.103180,0.311350,-10.316803,88.687538,7.624386,0.069790,0.956415,-0.018940,0.282914,-10.040714,54.792740,0.220104,0.014601,0.953978,-0.082428,0.287955,-16.488766,10.548264,0.074319,-0.081442,0.931637,-0.078047,0.345441,2.820796,88.047241,19.337561,0.004360,0.969094,-0.131947,0.208394,6.214950,54.234982,26.335228,0.023805,0.817824,-0.091157,0.567704,3.378261,11.081457,37.688564,0.014601,0.953978,-0.082428,0.287955,-9.694368,2.715877,-9.912971,0.023805,0.817824,-0.091157,0.567704,14.771475,3.132406,33.911880
365,3.041667,0.042769,0.932354,-0.061381,0.353722,-3.754623,88.367897,13.485508,-0.020978,0.901729,0.137389,0.409351,-2.865151,95.508247,12.877470,-0.026400,0.898420,-0.054508,0.434940,-5.799218,114.272751,17.378651,0.053038,0.947443,-0.097436,0.300073,-5.799614,132.167297,15.199078,0.055719,0.985359,-0.065208,0.147344,-2.646343,145.099884,11.702749,-0.070456,0.926302,0.007968,0.370049,-8.709712,126.532616,13.545844,-0.523354,0.578146,-0.312350,0.542480,-20.673313,124.450745,2.075373,-0.598381,0.528490,-0.305244,0.519100,-17.498280,102.471092,-4.917016,-0.696236,0.430883,-0.301228,0.488730,-11.365204,79.642097,-9.326402,-0.060857,0.913751,-0.103159,0.388219,-4.343213,127.200356,19.027292,0.616633,0.771306,0.148451,0.053042,7.202215,130.396103,30.668766,0.634019,0.747099,0.191401,0.056827,12.648058,107.882454,28.311253,0.536112,0.791066,0.294616,-0.000838,17.206617,84.579170,24.516956,0.029745,0.944203,0.103311,0.311323,-10.325042,88.687805,7.630721,0.069790,0.956380,-0.018964,0.283032,-10.042102,54.794628,0.219317,0.014116,0.954008,-0.082830,0.287766,-16.490746,10.550242,0.074788,-0.081478,0.931630,-0.077968,0.345468,2.815796,88.047989,19.340294,0.004329,0.969081,-0.131956,0.208448,6.213959,54.235275,26.333851,0.023725,0.817821,-0.091235,0.567699,3.379070,11.081934,37.688358,0.014116,0.954008,-0.082830,0.287766,-9.695850,2.712016,-9.907584,0.023725,0.817821,-0.091235,0.567699,14.772522,3.132518,33.913147
366,3.050000,0.042826,0.932362,-0.061371,0.353696,-3.757601,88.368950,13.484776,-0.020990,0.901711,0.137410,0.409383,-2.867434,95.509247,12.877144,-0.026365,0.898406,-0.054394,0.434986,-5.802407,114.273499,17.378761,0.052716,0.947449,-0.097942,0.299949,-5.803361,132.168564,15.203425,0.056196,0.985344,-0.064935,0.147385,-2.655015,145.098053,11.691271,-0.070381,0.926292,0.007950,0.370090,-8.713066,126.534142,13.548586,-0.523308,0.578131,-0.312362,0.542534,-20.676008,124.454430,2.077034,-0.598322,0.528513,-0.305234,0.519151,-17.500519,102.475296,-4.916793,-0.696194,0.430916,-0.301244,0.488750,-11.368307,79.646660,-9.329190,-0.060852,0.913813,-0.103035,0.388106,-4.347105,127.200768,19.030602,0.616627,0.771312,0.148456,0.053005,7.201271,130.394501,30.669704,0.633977,0.747146,0.191396,0.056691,12.647623,107.881119,28.310766,0.537096,0.790364,0.294706,-0.001320,17.209490,84.579178,24.512234,0.029716,0.944227,0.103278,0.311266,-10.328257,88.689896,7.630311,0.069803,0.956423,-0.018910,0.282886,-10.044562,54.796112,0.221666,0.013805,0.953982,-0.082894,0.287850,-16.493032,10.551712,0.073202,-0.081501,0.931619,-0.077941,0.345497,2.813054,88.048012,19.339241,0.004326,0.969073,-0.131964,0.208481,6.213127,54.235260,26.331675,0.023755,0.817817,-0.091201,0.567709,3.378036,11.082119,37.686874,0.013805,0.953982,-0.082894,0.287850,-9.692459,2.714282,-9.905929,0.023755,0.817817,-0.091201,0.567709,14.771524,3.132932,33.911289
367,3.058333,0.042711,0.932499,-0.061829,0.353267,-3.768063,88.360374,13.499406,-0.020986,0.901797,0.137314,0.409228,-2.877397,95.500000,12.884645,-0.026152,0.898445,-0.054609,0.434892,-5.809952,114.265289,17.383539,0.052996,0.947490,-0.097460,0.299925,-5.800842,132.159912,15.204584,0.056053,0.985364,-0.065121,0.147224,-2.649237,145.092468,11.706663,-0.070234,0.926230,0.008100,0.370269,-8.714108,126.526855,13.551373,-0.523229,0.578698,-0.311795,0.542331,-20.673326,124.453735,2.074751,-0.598613,0.528313,-0.305387,0.518928,-17.511909,102.480171,-4.942909,-0.696143,0.430734,-0.301433,0.488867,-11.374056,79.649315,-9.335954,-0.060909,0.913746,-0.102732,0.388337,-4.346839,127.192047,19.032520,0.616542,0.771351,0.148651,0.052890,7.195322,130.384232,30.678207,0.633987,0.747123,0.191457,0.056673,12.647130,107.873116,28.310234,0.537304,0.790174,0.294834,-0.001485,17.208508,84.571510,24.509048,0.029528,0.944211,0.103837,0.311147,-10.344233,88.677162,7.650911,0.070237,0.955882,-0.019102,0.284589,-10.036945,54.790642,0.210068,0.013447,0.953681,-0.082988,0.288833,-16.526880,10.552326,0.055424,-0.081509,0.931633,-0.077804,0.345490,2.808106,88.043587,19.347900,0.004373,0.969078,-0.131988,0.208441,6.212098,54.229450,26.331728,0.023960,0.817616,-0.090740,0.568064,3.372938,11.076916,37.688210,0.013447,0.953681,-0.082988,0.288833,-9.700351,2.715619,-9.906535,0.023960,0.817616,-0.090740,0.568064,14.771634,3.134027,33.915092
368,3.066667,0.042898,0.932475,-0.061986,0.353282,-3.772640,88.363853,13.496304,-0.020900,0.901771,0.137437,0.409246,-2.878655,95.502960,12.880400,-0.026109,0.898443,-0.054573,0.434903,-5.810231,114.267075,17.384815,0.053058,0.947476,-0.097483,0.299951,-5.800257,132.161926,15.207709,0.056059,0.985357,-0.065142,0.147263,-2.646752,145.094040,11.709836,-0.070259,0.926210,0.008169,0.370313,-8.713737,126.529167,13.553843,-0.523036,0.578724,-0.311928,0.542414,-20.671734,124.456177,2.075922,-0.598551,0.528280,-0.305458,0.518991,-17.515545,102.482643,-4.944172,-0.696096,0.430820,-0.301596,0.488758,-11.378100,79.651619,-9.336898,-0.060882,0.913778,-0.103088,0.388170,-4.346572,127.193596,19.035166,0.616685,0.771270,0.148491,0.052838,7.200016,130.389069,30.675564,0.633975,0.747143,0.191435,0.056618,12.643822,107.875862,28.309132,0.537502,0.789989,0.294969,-0.001622,17.206240,84.574638,24.506811,0.029474,0.944220,0.103770,0.311146,-10.348351,88.682686,7.647403,0.070174,0.955908,-0.019041,0.284523,-10.039052,54.794987,0.212030,0.014499,0.953651,-0.082622,0.288988,-16.522062,10.555667,0.054207,-0.081578,0.931664,-0.077793,0.345393,2.803071,88.045013,19.345205,0.004363,0.969111,-0.131980,0.208293,6.212507,54.231537,26.329576,0.024469,0.817706,-0.090418,0.567963,3.376127,11.078793,37.685955,0.014499,0.953651,-0.082622,0.288988,-9.704457,2.719802,-9.914525,0.024469,0.817706,-0.090418,0.567963,14.770407,3.134688,33.902073
369,3.075000,0.042944,0.932487,-0.061951,0.353250,-3.774426,88.365326,13.495548,-0.020887,0.901765,0.137485,0.409245,-2.880018,95.504448,12.880323,-0.026084,0.898445,-0.054509,0.434909,-5.811882,114.268051,17.386629,0.052865,0.947467,-0.097832,0.299900,-5.802101,132.163208,15.211948,0.056311,0.985336,-0.065020,0.147361,-2.651060,145.093063,11.703572,-0.070175,0.926183,0.008115,0.370399,-8.715502,126.530632,13.557297,-0.523163,0.578954,-0.311653,0.542205,-20.671776,124.459671,2.077220,-0.598630,0.528230,-0.305208,0.519099,-17.520004,102.487114,-4.947908,-0.695478,0.431416,-0.300822,0.489589,-11.372650,79.660202,-9.348148,-0.060789,0.913827,-0.103032,0.388085,-4.348389,127.194366,19.038744,0.616711,0.771232,0.148560,0.052896,7.200783,130.386093,30.677605,0.634153,0.746938,0.191607,0.056740,12.642838,107.872475,28.310999,0.535636,0.791085,0.295424,-0.001385,17.193695,84.569489,24.505638,0.029463,0.944245,0.103725,0.311085,-10.350457,88.685188,7.647068,0.070205,0.955914,-0.019019,0.284497,-10.041901,54.796783,0.214867,0.013660,0.953662,-0.083059,0.288866,-16.526991,10.557776,0.054601,-0.081541,0.931674,-0.077795,0.345373,2.801607,88.045464,19.344028,0.004364,0.969093,-0.131983,0.208374,6.208731,54.231598,26.327599,0.024111,0.817511,-0.090707,0.568213,3.371244,11.078924,37.683964,0.013660,0.953662,-0.083059,0.288866,-9.702858,2.717901,-9.906508,0.024111,0.817511,-0.090707,0.568213,14.769934,3.134660,33.913731
370,3.083333,0.042960,0.932490,-0.061887,0.353252,-3.775131,88.367401,13.495120,-0.020839,0.901764,0.137498,0.409246,-2.880834,95.506615,12.880842,-0.025959,0.898458,-0.054483,0.434893,-5.811212,114.270164,17.388363,0.053190,0.947477,-0.097409,0.299951,-5.797811,132.165649,15.216483,0.056024,0.985354,-0.065257,0.147243,-2.641543,145.097870,11.721569,-0.070196,0.926169,0.008207,0.370428,-8.712416,126.533936,13.561028,-0.523096,0.579054,-0.311660,0.542158,-20.667860,124.463509,2.079993,-0.598636,0.528282,-0.305312,0.518977,-17.521702,102.490807,-4.947180,-0.695864,0.431014,-0.301673,0.488870,-11.380076,79.661415,-9.342542,-0.060711,0.913791,-0.102603,0.388296,-4.345017,127.195915,19.042461,0.616683,0.771204,0.148834,0.052867,7.199004,130.380325,30.688433,0.634216,0.746839,0.191783,0.056758,12.642807,107.868050,28.313028,0.535527,0.791113,0.295549,-0.001310,17.189735,84.565208,24.502098,0.029446,0.944262,0.103704,0.311044,-10.351115,88.687927,7.646621,0.070168,0.955910,-0.019021,0.284520,-10.042184,54.799164,0.216085,0.014487,0.953649,-0.082593,0.289002,-16.524218,10.559708,0.056778,-0.081606,0.931651,-0.077813,0.345416,2.800853,88.046875,19.343620,0.004358,0.969108,-0.131997,0.208296,6.211458,54.233932,26.330011,0.024179,0.817756,-0.090555,0.567882,3.375101,11.081594,37.687958,0.014487,0.953649,-0.082593,0.289002,-9.706004,2.724601,-9.912134,0.024179,0.817756,-0.090555,0.567882,14.770871,3.138938,33.905525
371,3.091667,0.042923,0.932514,-0.061737,0.353220,-3.775377,88.367287,13.493505,-0.020838,0.901758,0.137506,0.409255,-2.882367,95.506813,12.881020,-0.025918,0.898451,-0.054454,0.434912,-5.812904,114.270279,17.388788,0.053117,0.947476,-0.097322,0.299992,-5.798618,132.165955,15.218507,0.056194,0.985327,-0.065243,0.147363,-2.644650,145.099228,11.725323,-0.070046,0.926222,0.008182,0.370322,-8.713400,126.534523,13.562425,-0.523172,0.579104,-0.311451,0.542152,-20.672167,124.468254,2.084100,-0.598621,0.528284,-0.305181,0.519070,-17.522631,102.497658,-4.948164,-0.695304,0.431616,-0.300999,0.489551,-11.377242,79.670509,-9.349920,-0.060568,0.913822,-0.103089,0.388114,-4.346208,127.195824,19.044104,0.616752,0.771154,0.148762,0.052991,7.203098,130.381638,30.684448,0.634118,0.746909,0.191887,0.056581,12.642338,107.867638,28.314966,0.537206,0.790036,0.295384,-0.001429,17.196232,84.567543,24.495571,0.029508,0.944243,0.103720,0.311089,-10.351812,88.688179,7.645535,0.070102,0.955889,-0.019061,0.284602,-10.046257,54.799877,0.212698,0.014736,0.953654,-0.082565,0.288980,-16.523615,10.559711,0.057872,-0.081612,0.931654,-0.077838,0.345402,2.801059,88.046387,19.341475,0.004364,0.969073,-0.132020,0.208446,6.211516,54.233784,26.329565,0.023819,0.817592,-0.090817,0.568092,3.372440,11.081982,37.688877,0.014736,0.953654,-0.082565,0.288980,-9.709047,2.723450,-9.912627,0.023819,0.817592,-0.090817,0.568092,14.772463,3.139659,33.918587
372,3.100000,0.042934,0.932521,-0.061669,0.353210,-3.776136,88.368774,13.492218,-0.021421,0.901668,0.137298,0.409493,-2.883322,95.508408,12.880692,-0.024947,0.898414,-0.053595,0.435153,-5.832242,114.273140,17.371145,0.053255,0.947448,-0.097923,0.299861,-5.799465,132.173950,15.243757,0.056070,0.985353,-0.065335,0.147194,-2.638025,145.101486,11.736179,-0.070301,0.926081,0.008044,0.370632,-8.718830,126.549324,13.572656,-0.523175,0.579238,-0.311401,0.542033,-20.668749,124.473885,2.086773,-0.598618,0.528378,-0.305351,0.518877,-17.525002,102.502892,-4.946866,-0.695668,0.431150,-0.301846,0.488922,-11.389402,79.671692,-9.341228,-0.060715,0.913973,-0.102982,0.387765,-4.353891,127.193260,19.058195,0.616795,0.771096,0.148889,0.052976,7.203883,130.381256,30.689535,0.634284,0.746728,0.191992,0.056754,12.640697,107.867172,28.315432,0.535360,0.791130,0.295808,-0.001242,17.183504,84.564751,24.497057,0.029506,0.944240,0.103685,0.311111,-10.352680,88.690292,7.644403,0.070087,0.955898,-0.019046,0.284575,-10.047574,54.801487,0.213876,0.014571,0.953667,-0.082577,0.288942,-16.523357,10.561100,0.058391,-0.081589,0.931634,-0.077899,0.345446,2.800408,88.047256,19.340033,0.004322,0.969062,-0.131966,0.208532,6.207581,54.235043,26.331642,0.023613,0.817581,-0.090812,0.568117,3.372194,11.081931,37.686878,0.014571,0.953667,-0.082577,0.288942,-9.707503,2.725748,-9.911940,0.023613,0.817581,-0.090812,0.568117,14.775038,3.142716,33.918579
373,3.108333,0.042982,0.932522,-0.061665,0.353203,-3.778402,88.369759,13.492502,-0.020715,0.901745,0.137544,0.409278,-2.884977,95.509338,12.881269,-0.026062,0.898436,-0.054276,0.434957,-5.811868,114.272606,17.392237,0.053411,0.947445,-0.097339,0.300034,-5.804921,132.168716,15.225450,0.056317,0.985326,-0.065256,0.147316,-2.643142,145.100662,11.734485,-0.069956,0.926139,0.008358,0.370544,-8.717232,126.536385,13.568066,-0.523123,0.579132,-0.311521,0.542128,-20.670938,124.475327,2.083527,-0.598548,0.528357,-0.305238,0.519046,-17.524963,102.503922,-4.947813,-0.695213,0.431781,-0.301204,0.489408,-11.384945,79.675468,-9.350250,-0.060521,0.913902,-0.102721,0.388031,-4.350696,127.198433,19.050179,0.616805,0.771118,0.148769,0.052873,7.200964,130.377914,30.689928,0.634294,0.746736,0.191955,0.056661,12.637711,107.863831,28.315580,0.535383,0.791095,0.295859,-0.001326,17.180439,84.561768,24.494917,0.029507,0.944255,0.103627,0.311084,-10.354969,88.692093,7.644753,0.070072,0.955931,-0.018996,0.284473,-10.051433,54.802460,0.217941,0.014700,0.953652,-0.082569,0.288989,-16.524637,10.561705,0.059290,-0.081636,0.931627,-0.077851,0.345465,2.798164,88.047424,19.340252,0.004375,0.969095,-0.131973,0.208372,6.209335,54.235222,26.329964,0.023954,0.817503,-0.090638,0.568243,3.371102,11.082324,37.685310,0.014700,0.953652,-0.082569,0.288989,-9.709434,2.725612,-9.910910,0.023954,0.817503,-0.090638,0.568243,14.772612,3.141663,33.915997
374,3.116667,0.043010,0.932529,-0.061660,0.353181,-3.780514,88.369583,13.492272,-0.020704,0.901746,0.137556,0.409272,-2.886744,95.509132,12.881223,-0.025974,0.898444,-0.054282,0.434945,-5.813418,114.272285,17.392809,0.053460,0.947450,-0.097290,0.300025,-5.803578,132.168533,15.227201,0.056343,0.985327,-0.065240,0.147312,-2.640985,145.100708,11.737833,-0.069894,0.926129,0.008321,0.370582,-8.716842,126.536789,13.569498,-0.522980,0.579047,-0.311713,0.542247,-20.669905,124.477242,2.084022,-0.598398,0.528407,-0.305520,0.519003,-17.524925,102.505203,-4.945786,-0.695633,0.431141,-0.302024,0.488870,-11.395749,79.672714,-9.342455,-0.060449,0.913879,-0.102752,0.388090,-4.350097,127.197769,19.051573,0.616806,0.771098,0.148868,0.052892,7.200318,130.375595,30.693003,0.634325,0.746696,0.192008,0.056654,12.636953,107.861710,28.316423,0.535557,0.790946,0.295942,-0.001450,17.177803,84.559647,24.493484,0.029462,0.944267,0.103668,0.311037,-10.357303,88.692436,7.644804,0.070074,0.955917,-0.019010,0.284520,-10.050280,54.803215,0.216264,0.014479,0.953667,-0.082602,0.288939,-16.524059,10.562536,0.058382,-0.081584,0.931637,-0.077825,0.345455,2.796273,88.046730,19.339741,0.004298,0.969081,-0.131974,0.208439,6.204833,54.233665,26.326525,0.024210,0.817627,-0.090251,0.568116,3.372451,11.080724,37.683159,0.014479,0.953667,-0.082602,0.288939,-9.707175,2.727269,-9.911317,0.024210,0.817627,-0.090251,0.568116,14.772934,3.143727,33.903046
375,3.125000,0.043068,0.932538,-0.061638,0.353155,-3.782927,88.370461,13.492231,-0.020645,0.901734,0.137545,0.409306,-2.888515,95.509979,12.881753,-0.025868,0.898432,-0.054248,0.434980,-5.813109,114.273346,17.393789,0.053798,0.947430,-0.097351,0.300009,-5.800276,132.169922,15.230912,0.056096,0.985369,-0.065240,0.147125,-2.628713,145.100235,11.742756,-0.069854,0.926151,0.008283,0.370534,-8.714290,126.538887,13.572115,-0.522940,0.579136,-0.311669,0.542215,-20.668707,124.480019,2.087931,-0.598383,0.528461,-0.305502,0.518976,-17.527256,102.508453,-4.944910,-0.695525,0.431335,-0.301977,0.488881,-11.400284,79.675636,-9.342959,-0.060293,0.913887,-0.102863,0.388065,-4.347891,127.198349,19.054646,0.616890,0.771036,0.148860,0.052833,7.203819,130.372772,30.695719,0.634348,0.746675,0.192023,0.056629,12.635894,107.858086,28.316525,0.535547,0.790928,0.296007,-0.001474,17.175480,84.556053,24.491959,0.029445,0.944272,0.103622,0.311039,-10.359957,88.694435,7.645099,0.070069,0.955957,-0.018945,0.284390,-10.052851,54.804466,0.219940,0.014479,0.953654,-0.082629,0.288976,-16.524525,10.563498,0.057481,-0.081604,0.931617,-0.077840,0.345503,2.794102,88.046486,19.339363,0.004306,0.969051,-0.131925,0.208609,6.203220,54.233807,26.327757,0.023948,0.817423,-0.090544,0.568373,3.369004,11.079729,37.679630,0.014479,0.953654,-0.082629,0.288976,-9.706950,2.727611,-9.911251,0.023948,0.817423,-0.090544,0.568373,14.772759,3.141114,33.912815
376,3.133333,0.043090,0.932533,-0.061609,0.353171,-3.782823,88.372993,13.491356,-0.020704,0.901718,0.137590,0.409322,-2.888248,95.512543,12.881398,-0.025811,0.898428,-0.054207,0.434996,-5.815698,114.275322,17.393991,0.053666,0.947442,-0.097322,0.300003,-5.801608,132.172165,15.233328,0.056353,0.985347,-0.065142,0.147212,-2.633657,145.103271,11.744765,-0.069762,0.926132,0.008306,0.370599,-8.715931,126.541534,13.573726,-0.519996,0.577069,-0.315571,0.544987,-20.669186,124.485886,2.087752,-0.596609,0.527777,-0.306726,0.520988,-17.530403,102.504524,-4.915648,-0.695525,0.431270,-0.302125,0.488848,-11.404723,79.676186,-9.338669,-0.060178,0.913920,-0.102835,0.388014,-4.349690,127.200020,19.056501,0.616917,0.771016,0.148853,0.052823,7.203801,130.370468,30.696892,0.634366,0.746636,0.192113,0.056625,12.634388,107.855453,28.317270,0.535473,0.790913,0.296181,-0.001438,17.172897,84.553726,24.489544,0.029458,0.944281,0.103590,0.311021,-10.359624,88.697495,7.643993,0.070066,0.955890,-0.018955,0.284615,-10.054174,54.807125,0.220623,0.014554,0.953632,-0.082654,0.289036,-16.525789,10.566157,0.057579,-0.081583,0.931595,-0.077832,0.345568,2.793978,88.048492,19.338720,0.004258,0.969018,-0.131925,0.208761,6.201442,54.235493,26.326340,0.023900,0.817395,-0.090587,0.568409,3.369685,11.081370,37.678631,0.014554,0.953632,-0.082654,0.289036,-9.707980,2.729166,-9.910129,0.023900,0.817395,-0.090587,0.568409,14.774023,3.142662,33.913776
377,3.141667,0.043057,0.932549,-0.061461,0.353160,-3.781786,88.373970,13.490450,-0.020675,0.901709,0.137585,0.409345,-2.888407,95.513824,12.882288,-0.025813,0.898415,-0.054168,0.435029,-5.814848,114.276718,17.395079,0.053657,0.947445,-0.097322,0.299997,-5.801373,132.173706,15.235661,0.056490,0.985347,-0.065028,0.147210,-2.633682,145.104843,11.747000,-0.069682,0.926067,0.008442,0.370773,-8.715344,126.543068,13.575467,-0.520984,0.577856,-0.314354,0.543911,-20.664660,124.491760,2.084616,-0.597212,0.527989,-0.306176,0.520406,-17.532511,102.511383,-4.924810,-0.695039,0.431945,-0.301555,0.489295,-11.401388,79.684013,-9.345271,-0.060127,0.913929,-0.102768,0.388018,-4.349505,127.201370,19.058586,0.616974,0.771001,0.148751,0.052662,7.204090,130.369431,30.699528,0.634366,0.746645,0.192088,0.056598,12.632205,107.854164,28.316629,0.535375,0.790946,0.296269,-0.001378,17.170847,84.552490,24.488731,0.029491,0.944289,0.103564,0.311005,-10.358776,88.698868,7.643322,0.070055,0.955910,-0.018957,0.284552,-10.056169,54.808258,0.220922,0.014261,0.953635,-0.082590,0.289059,-16.526976,10.567167,0.058797,-0.081605,0.931581,-0.077866,0.345594,2.795204,88.049072,19.337578,0.004210,0.968996,-0.131968,0.208836,6.203111,54.236687,26.327991,0.026379,0.817457,-0.087800,0.568647,3.373818,11.083549,37.684658,0.014261,0.953635,-0.082590,0.289059,-9.704518,2.733795,-9.908576,0.026379,0.817457,-0.087800,0.568647,14.774919,3.163216,33.871593
378,3.150000,0.043050,0.932557,-0.061371,0.353155,-3.782168,88.375427,13.490605,-0.020667,0.901698,0.137588,0.409369,-2.889337,95.515442,12.883618,-0.025759,0.898405,-0.054139,0.435056,-5.815700,114.278320,17.396585,0.053706,0.947470,-0.097258,0.299928,-5.800863,132.175522,15.238961,0.056622,0.985364,-0.065038,0.147045,-2.632777,145.107010,11.752018,-0.069562,0.926086,0.008394,0.370750,-8.715116,126.545250,13.578025,-0.522773,0.579151,-0.311916,0.542218,-20.665556,124.497017,2.087806,-0.598341,0.528353,-0.305515,0.519125,-17.532068,102.523315,-4.941908,-0.695440,0.431458,-0.302456,0.488598,-11.400021,79.692123,-9.341301,-0.060081,0.913934,-0.102733,0.388023,-4.349573,127.202690,19.061480,0.616945,0.771000,0.148845,0.052750,7.204069,130.368912,30.702860,0.634401,0.746605,0.192135,0.056577,12.633380,107.853874,28.320637,0.535522,0.790869,0.296210,-0.001414,17.170040,84.552261,24.490091,0.029465,0.944290,0.103583,0.310997,-10.359221,88.700798,7.643579,0.070052,0.955953,-0.018981,0.284406,-10.054550,54.810356,0.220509,0.014646,0.953640,-0.082559,0.289035,-16.525749,10.569310,0.061517,-0.081597,0.931620,-0.077924,0.345475,2.794886,88.050056,19.337631,0.004282,0.969030,-0.131957,0.208687,6.201714,54.238213,26.331150,0.024468,0.817410,-0.089778,0.568491,3.368102,11.084879,37.685974,0.014646,0.953640,-0.082559,0.289035,-9.708776,2.733856,-9.907967,0.024468,0.817410,-0.089778,0.568491,14.773449,3.153646,33.908451
379,3.158333,0.043045,0.932587,-0.061332,0.353083,-3.795149,88.376587,13.493493,-0.020397,0.901697,0.137466,0.409426,-2.902632,95.516678,12.886935,-0.025688,0.898379,-0.054121,0.435116,-5.817834,114.281311,17.399832,0.053790,0.947455,-0.097352,0.299929,-5.800842,132.178711,15.243866,0.056625,0.985375,-0.064967,0.147001,-2.629884,145.109055,11.755274,-0.069548,0.926049,0.008402,0.370846,-8.715453,126.548897,13.582009,-0.522727,0.579185,-0.311967,0.542197,-20.663586,124.501335,2.089274,-0.598385,0.528310,-0.305447,0.519159,-17.533407,102.527061,-4.940145,-0.695412,0.431651,-0.302749,0.488286,-11.397171,79.697212,-9.340644,-0.060005,0.913984,-0.102679,0.387930,-4.350592,127.205383,19.066120,0.617026,0.770967,0.148722,0.052639,7.205755,130.368393,30.705694,0.634564,0.746562,0.191848,0.056290,12.630979,107.852470,28.322390,0.535521,0.791080,0.295648,-0.001645,17.159262,84.549736,24.488705,0.029373,0.944262,0.103616,0.311079,-10.373109,88.702217,7.647500,0.070002,0.955935,-0.018923,0.284483,-10.061058,54.811871,0.224267,0.014672,0.953620,-0.082588,0.289091,-16.526505,10.569996,0.061034,-0.081746,0.931616,-0.077841,0.345470,2.782810,88.050964,19.339487,0.004197,0.968986,-0.131934,0.208907,6.201229,54.239906,26.331182,0.026556,0.817386,-0.087537,0.568782,3.372873,11.085948,37.684952,0.014672,0.953620,-0.082588,0.289091,-9.708770,2.733694,-9.907265,0.026556,0.817386,-0.087537,0.568782,14.775523,3.168292,33.870983
380,3.166667,0.043082,0.932573,-0.061338,0.353113,-3.796725,88.376274,13.494346,-0.020379,0.901686,0.137482,0.409446,-2.903662,95.516304,12.887918,-0.025638,0.898375,-0.054156,0.435124,-5.818572,114.280785,17.401630,0.053832,0.947458,-0.097310,0.299927,-5.799389,132.178146,15.245316,0.056652,0.985381,-0.064878,0.146990,-2.627719,145.108688,11.758113,-0.069416,0.926065,0.008303,0.370832,-8.714630,126.548645,13.583496,-0.522666,0.579183,-0.312042,0.542215,-20.663712,124.503899,2.091237,-0.598164,0.528549,-0.305836,0.518943,-17.535597,102.529160,-4.937654,-0.695424,0.431452,-0.302637,0.488514,-11.422901,79.691551,-9.330697,-0.060045,0.913966,-0.102523,0.388007,-4.349829,127.204720,19.067705,0.617058,0.770965,0.148653,0.052474,7.204373,130.367142,30.709570,0.634517,0.746607,0.191823,0.056306,12.628545,107.851410,28.322094,0.535704,0.790895,0.295809,-0.001686,17.159573,84.548897,24.490311,0.029384,0.944243,0.103609,0.311137,-10.374260,88.702423,7.647900,0.069981,0.955935,-0.018916,0.284489,-10.062638,54.812038,0.224875,0.014517,0.953646,-0.082613,0.289004,-16.526079,10.569874,0.061596,-0.081728,0.931567,-0.077791,0.345617,2.780810,88.050117,19.340792,0.004163,0.968974,-0.131918,0.208974,6.198207,54.238319,26.329380,0.026545,0.817353,-0.087554,0.568826,3.372333,11.083955,37.682247,0.014517,0.953646,-0.082613,0.289004,-9.708300,2.734099,-9.907088,0.026545,0.817353,-0.087554,0.568826,14.775427,3.166155,33.869888
381,3.175000,0.043185,0.932565,-0.061368,0.353116,-3.799561,88.377533,13.494677,-0.021024,0.901591,0.137234,0.409705,-2.904960,95.517387,12.888381,-0.024400,0.898345,-0.053382,0.435353,-5.839912,114.283478,17.382315,0.053726,0.947473,-0.097887,0.299711,-5.792330,132.186081,15.270371,0.056586,0.985412,-0.064869,0.146810,-2.620007,145.112091,11.766953,-0.069705,0.925965,0.008090,0.371032,-8.715252,126.565155,13.593060,-0.522765,0.579431,-0.311784,0.542003,-20.658031,124.509087,2.096269,-0.598208,0.528593,-0.305664,0.518947,-17.535833,102.535248,-4.938048,-0.694900,0.432025,-0.302033,0.489126,-11.420335,79.699455,-9.336592,-0.060083,0.914033,-0.102709,0.387794,-4.352383,127.200989,19.081192,0.617081,0.770925,0.148771,0.052469,7.207181,130.366379,30.716932,0.634598,0.746505,0.191939,0.056353,12.630083,107.850739,28.325617,0.535549,0.790936,0.295983,-0.001605,17.155945,84.547691,24.490969,0.029357,0.944276,0.103577,0.311052,-10.376895,88.705170,7.648089,0.069999,0.955860,-0.018848,0.284739,-10.064850,54.814209,0.227709,0.014436,0.953587,-0.082725,0.289170,-16.528069,10.572041,0.056410,-0.081751,0.931565,-0.077752,0.345627,2.777774,88.049889,19.341263,0.004152,0.968964,-0.131909,0.209028,6.197564,54.237938,26.327944,0.026423,0.817327,-0.087616,0.568859,3.372116,11.083356,37.680050,0.014436,0.953587,-0.082725,0.289170,-9.706056,2.734318,-9.907847,0.026423,0.817327,-0.087616,0.568859,14.776490,3.166138,33.870316
382,3.183333,0.043187,0.932570,-0.061305,0.353116,-3.800775,88.378395,13.494873,-0.020979,0.901571,0.137216,0.409758,-2.906466,95.518356,12.889427,-0.024324,0.898320,-0.053359,0.435410,-5.839830,114.284721,17.383282,0.053862,0.947454,-0.097864,0.299755,-5.790008,132.187531,15.273270,0.056546,0.985417,-0.064822,0.146809,-2.614170,145.113190,11.771757,-0.069593,0.925970,0.007970,0.371044,-8.713326,126.567116,13.594970,-0.522657,0.579417,-0.311875,0.542070,-20.656347,124.513031,2.098079,-0.598267,0.528504,-0.305667,0.518968,-17.536015,102.539185,-4.937038,-0.695371,0.431569,-0.302927,0.488307,-11.416101,79.704071,-9.332973,-0.060017,0.914029,-0.102629,0.387835,-4.351109,127.201881,19.083742,0.617153,0.770847,0.148859,0.052519,7.207664,130.364349,30.721060,0.634703,0.746294,0.192363,0.056513,12.626155,107.847809,28.328318,0.534686,0.791319,0.296519,-0.000904,17.144714,84.544792,24.484915,0.029386,0.944223,0.103594,0.311204,-10.378114,88.706467,7.648315,0.069974,0.955866,-0.018868,0.284725,-10.066450,54.815865,0.226274,0.014156,0.953588,-0.082787,0.289163,-16.528076,10.573459,0.057390,-0.081758,0.931599,-0.077769,0.345531,2.776564,88.050323,19.341431,0.004214,0.968816,-0.131777,0.209791,6.197109,54.238640,26.329037,0.026229,0.817068,-0.087588,0.569246,3.359830,11.080992,37.666553,0.014156,0.953588,-0.082787,0.289163,-9.702803,2.736325,-9.905095,0.026229,0.817068,-0.087588,0.569246,14.770797,3.167450,33.868935
383,3.191667,0.043209,0.932567,-0.061224,0.353135,-3.801690,88.380127,13.494706,-0.020913,0.901545,0.137205,0.409822,-2.907487,95.520210,12.890485,-0.024341,0.898286,-0.053324,0.435483,-5.838664,114.286789,17.384846,0.053837,0.947448,-0.097820,0.299792,-5.789741,132.189713,15.275701,0.056640,0.985413,-0.064751,0.146832,-2.614679,145.115845,11.775233,-0.069568,0.925985,0.008021,0.371009,-8.712409,126.569176,13.596672,-0.522482,0.579344,-0.312039,0.542222,-20.656406,124.516449,2.100549,-0.598125,0.528427,-0.305655,0.519217,-17.536942,102.542732,-4.935378,-0.694812,0.432152,-0.302358,0.488939,-11.412761,79.710083,-9.338128,-0.059977,0.914010,-0.102674,0.387874,-4.351096,127.203979,19.086161,0.617166,0.770828,0.148893,0.052545,7.206827,130.365921,30.724463,0.634708,0.746277,0.192409,0.056525,12.624468,107.849205,28.331539,0.534663,0.791321,0.296558,-0.000874,17.142662,84.546288,24.487087,0.029361,0.944237,0.103552,0.311178,-10.378758,88.709045,7.647893,0.069969,0.955862,-0.018827,0.284740,-10.066531,54.817738,0.229084,0.014486,0.953587,-0.082769,0.289156,-16.526722,10.575128,0.056782,-0.081758,0.931582,-0.077786,0.345573,2.775378,88.051208,19.341520,0.004095,0.968928,-0.131885,0.209207,6.195206,54.239700,26.330317,0.026418,0.817332,-0.087503,0.568871,3.373050,11.084527,37.681000,0.014486,0.953587,-0.082769,0.289156,-9.705880,2.736018,-9.907185,0.026418,0.817332,-0.087503,0.568871,14.778593,3.169568,33.870071
384,3.200000,0.043210,0.932567,-0.061191,0.353140,-3.802542,88.381119,13.496341,-0.020219,0.901612,0.137434,0.409631,-2.908491,95.521255,12.892575,-0.025414,0.898297,-0.054018,0.435315,-5.817931,114.286507,17.406616,0.054155,0.947441,-0.097276,0.299934,-5.793232,132.184814,15.258275,0.056671,0.985425,-0.064657,0.146784,-2.613578,145.114365,11.774635,-0.069168,0.926035,0.008253,0.370954,-8.709208,126.556801,13.592704,-0.522557,0.579396,-0.312017,0.542107,-20.656410,124.519203,2.097219,-0.598169,0.528401,-0.305640,0.519201,-17.539068,102.544426,-4.936339,-0.694775,0.432150,-0.302475,0.488921,-11.413131,79.711998,-9.337811,-0.059780,0.913927,-0.102481,0.388151,-4.346582,127.209320,19.079071,0.617152,0.770845,0.148848,0.052589,7.204943,130.363525,30.725824,0.634567,0.746452,0.192237,0.056374,12.623167,107.846619,28.335911,0.535435,0.790922,0.296225,-0.001318,17.150784,84.545258,24.493057,0.029408,0.944237,0.103549,0.311173,-10.379538,88.710251,7.649455,0.069982,0.955978,-0.018790,0.284353,-10.070505,54.819096,0.229805,0.014254,0.953556,-0.082743,0.289279,-16.530903,10.576523,0.056589,-0.081799,0.931582,-0.077782,0.345564,2.774452,88.051987,19.343227,0.004112,0.968923,-0.131897,0.209223,6.197034,54.240887,26.332676,0.026239,0.817363,-0.087464,0.568841,3.372987,11.086002,37.683987,0.014254,0.953556,-0.082743,0.289279,-9.704182,2.739722,-9.905170,0.026239,0.817363,-0.087464,0.568841,14.780731,3.174342,33.872795
385,3.208333,0.043209,0.932555,-0.061182,0.353172,-3.803895,88.382111,13.496526,-0.020881,0.901515,0.137184,0.409897,-2.909882,95.522263,12.892898,-0.024194,0.898263,-0.053242,0.435550,-5.839983,114.289116,17.386822,0.053989,0.947444,-0.097727,0.299808,-5.787455,132.192612,15.282623,0.056675,0.985423,-0.064682,0.146786,-2.609191,145.118942,11.785815,-0.069168,0.925921,0.007906,0.371246,-8.710897,126.573074,13.601601,-0.522320,0.579311,-0.312363,0.542226,-20.650858,124.531517,2.099302,-0.598002,0.528446,-0.305744,0.519287,-17.539003,102.554726,-4.930376,-0.694757,0.432245,-0.302517,0.488835,-11.418396,79.721405,-9.334620,-0.059842,0.913998,-0.102639,0.387933,-4.350306,127.205566,19.091925,0.617189,0.770792,0.148961,0.052608,7.206613,130.363083,30.732424,0.634733,0.746194,0.192636,0.056569,12.622597,107.845963,28.339567,0.534594,0.791292,0.296760,-0.000585,17.139006,84.543655,24.489311,0.029374,0.944213,0.103606,0.311231,-10.380496,88.711227,7.649198,0.070062,0.955852,-0.018858,0.284751,-10.067514,54.820751,0.226618,0.015363,0.953462,-0.082287,0.289662,-16.536369,10.579416,0.054531,-0.081804,0.931509,-0.077773,0.345760,2.772705,88.052986,19.343853,0.004076,0.968907,-0.131916,0.209289,6.194394,54.241859,26.333580,0.026349,0.817385,-0.087367,0.568819,3.372353,11.087394,37.686981,0.015363,0.953462,-0.082287,0.289662,-9.713907,2.745200,-9.912175,0.026349,0.817385,-0.087367,0.568819,14.779388,3.176017,33.873081
386,3.216667,0.043262,0.932546,-0.061201,0.353185,-3.806724,88.382568,13.497275,-0.020123,0.901573,0.137437,0.409723,-2.911894,95.522621,12.893685,-0.025287,0.898262,-0.053988,0.435398,-5.818483,114.287987,17.409077,0.054349,0.947418,-0.097154,0.300012,-5.789920,132.186646,15.263695,0.056635,0.985431,-0.064544,0.146810,-2.605894,145.116470,11.785051,-0.068826,0.925998,0.008105,0.371113,-8.706662,126.559471,13.596635,-0.520486,0.578093,-0.314739,0.543914,-20.651522,124.530746,2.097145,-0.597035,0.527967,-0.306572,0.520397,-17.543388,102.548233,-4.916284,-0.695165,0.431861,-0.303435,0.488025,-11.422849,79.716179,-9.327210,-0.059691,0.913878,-0.102455,0.388288,-4.344963,127.210236,19.083946,0.617173,0.770796,0.148992,0.052656,7.203368,130.361755,30.734598,0.634789,0.746109,0.192759,0.056642,12.620086,107.844696,28.342701,0.534383,0.791371,0.296931,-0.000379,17.132710,84.541977,24.490526,0.029354,0.944213,0.103597,0.311235,-10.383081,88.712425,7.649712,0.070076,0.955874,-0.018828,0.284676,-10.068997,54.821735,0.228149,0.014396,0.953473,-0.082843,0.289515,-16.538269,10.580465,0.053611,-0.081835,0.931484,-0.077742,0.345829,2.769633,88.052711,19.344837,0.004060,0.968883,-0.131865,0.209431,6.193546,54.241596,26.333549,0.026257,0.817332,-0.087408,0.568893,3.372232,11.085903,37.682472,0.014396,0.953473,-0.082843,0.289515,-9.708672,2.740397,-9.903605,0.026257,0.817332,-0.087408,0.568893,14.780799,3.175132,33.871887
387,3.225000,0.043256,0.932551,-0.061249,0.353167,-3.806793,88.381210,13.499744,-0.020003,0.901582,0.137192,0.409790,-2.911802,95.521179,12.895459,-0.025319,0.898240,-0.053765,0.435468,-5.810617,114.289352,17.404123,0.054341,0.947412,-0.097181,0.300022,-5.786433,132.188828,15.265453,0.056638,0.985441,-0.064408,0.146800,-2.602350,145.118439,11.786125,-0.068802,0.926029,0.007980,0.371043,-8.701491,126.561508,13.595901,-0.522210,0.579303,-0.312458,0.542287,-20.648184,124.531891,2.098478,-0.597933,0.528455,-0.305797,0.519325,-17.538670,102.554993,-4.931923,-0.694644,0.432455,-0.302772,0.488653,-11.420094,79.721245,-9.336855,-0.059600,0.913817,-0.102498,0.388433,-4.340681,127.211357,19.084028,0.617210,0.770757,0.149025,0.052704,7.204257,130.361023,30.738539,0.634797,0.746084,0.192816,0.056690,12.618601,107.843353,28.347069,0.534364,0.791345,0.297031,-0.000357,17.130507,84.540520,24.494759,0.029371,0.944227,0.103651,0.311173,-10.383391,88.710693,7.652432,0.070072,0.955912,-0.018824,0.284550,-10.069713,54.820858,0.226987,0.014160,0.953471,-0.082906,0.289517,-16.538557,10.579523,0.053038,-0.081804,0.931550,-0.077725,0.345661,2.769805,88.051720,19.347057,0.004049,0.968891,-0.131862,0.209396,6.193363,54.240070,26.333353,0.026416,0.817356,-0.087405,0.568851,3.373405,11.084312,37.682346,0.014160,0.953471,-0.082906,0.289517,-9.706073,2.739715,-9.902400,0.026416,0.817356,-0.087405,0.568851,14.779634,3.171265,33.869507
388,3.233333,0.043338,0.932553,-0.061321,0.353139,-3.809084,88.380066,13.501997,-0.020790,0.901488,0.137151,0.409971,-2.912649,95.519814,12.897144,-0.024041,0.898229,-0.053263,0.435626,-5.839401,114.287170,17.391146,0.054197,0.947420,-0.097642,0.299875,-5.781423,132.190842,15.288654,0.056612,0.985442,-0.064365,0.146819,-2.598178,145.117081,11.796002,-0.069284,0.925934,0.007975,0.371192,-8.706144,126.572296,13.606557,-0.522136,0.579508,-0.312230,0.542270,-20.646925,124.527954,2.105599,-0.597968,0.528425,-0.305851,0.519285,-17.541834,102.554070,-4.936177,-0.694651,0.432312,-0.302964,0.488651,-11.423281,79.719582,-9.337260,-0.059740,0.913895,-0.102690,0.388178,-4.346386,127.203033,19.097750,0.617268,0.770742,0.148909,0.052560,7.204597,130.358734,30.744637,0.634844,0.746018,0.192885,0.056791,12.616268,107.840683,28.350866,0.534230,0.791308,0.297372,-0.000114,17.124697,84.537025,24.499454,0.029352,0.944233,0.103678,0.311149,-10.385898,88.710480,7.654981,0.070038,0.955913,-0.018787,0.284555,-10.070547,54.820953,0.228179,0.014373,0.953485,-0.082937,0.289451,-16.535530,10.579064,0.051915,-0.081783,0.931510,-0.077676,0.345785,2.767730,88.049644,19.349012,0.004027,0.968877,-0.131852,0.209467,6.190210,54.237236,26.332157,0.026414,0.817317,-0.087326,0.568919,3.371535,11.081219,37.680523,0.014373,0.953485,-0.082937,0.289451,-9.707447,2.736984,-9.904751,0.026414,0.817317,-0.087326,0.568919,14.779178,3.169789,33.868549
389,3.241667,0.043392,0.932538,-0.061314,0.353173,-3.810427,88.381233,13.502314,-0.020725,0.901450,0.137147,0.410060,-2.913279,95.520927,12.897868,-0.024020,0.898185,-0.053210,0.435724,-5.838118,114.288437,17.392488,0.054288,0.947400,-0.097640,0.299921,-5.780064,132.192368,15.292050,0.056595,0.985452,-0.064288,0.146796,-2.594297,145.118240,11.800406,-0.068980,0.925885,0.007806,0.371374,-8.704310,126.573929,13.608691,-0.522000,0.579449,-0.312477,0.542321,-20.641983,124.537071,2.103178,-0.597846,0.528498,-0.306156,0.519172,-17.540913,102.561295,-4.934419,-0.695014,0.431859,-0.303782,0.488027,-11.435030,79.721878,-9.327492,-0.059637,0.913883,-0.102734,0.388210,-4.345735,127.204132,19.100883,0.617276,0.770712,0.149002,0.052646,7.204844,130.357346,30.748844,0.634887,0.745932,0.193051,0.056872,12.615655,107.839050,28.355385,0.534026,0.791384,0.297537,0.000104,17.121033,84.535255,24.501169,0.029359,0.944218,0.103649,0.311204,-10.386741,88.712540,7.654783,0.070021,0.955918,-0.018775,0.284545,-10.072062,54.822613,0.229767,0.014271,0.953478,-0.082921,0.289483,-16.535351,10.580474,0.052958,-0.081836,0.931547,-0.077673,0.345672,2.765886,88.049927,19.349844,0.004060,0.968915,-0.131852,0.209292,6.192709,54.238087,26.333635,0.026514,0.817320,-0.087333,0.568910,3.373241,11.082092,37.681870,0.014271,0.953478,-0.082921,0.289483,-9.705149,2.739506,-9.903131,0.026514,0.817320,-0.087333,0.568910,14.779517,3.169082,33.869076
390,3.250000,0.043331,0.932530,-0.061238,0.353213,-3.809759,88.382149,13.503599,-0.020718,0.901426,0.137150,0.410111,-2.913790,95.522049,12.899889,-0.023977,0.898162,-0.053181,0.435777,-5.838682,114.289543,17.394566,0.054305,0.947427,-0.097678,0.299820,-5.779560,132.193649,15.295747,0.056784,0.985479,-0.064164,0.146591,-2.593606,145.119141,11.802847,-0.068851,0.925889,0.007732,0.371388,-8.703865,126.575516,13.611537,-0.521976,0.579461,-0.312470,0.542337,-20.641783,124.541710,2.105736,-0.597806,0.528535,-0.306198,0.519155,-17.541105,102.566277,-4.933116,-0.694949,0.431943,-0.303824,0.488019,-11.438361,79.725998,-9.326068,-0.059442,0.913861,-0.102762,0.388284,-4.345909,127.205017,19.104300,0.617215,0.770719,0.149184,0.052756,7.203521,130.352859,30.754858,0.634886,0.745888,0.193225,0.056881,12.617329,107.835365,28.360558,0.534590,0.791096,0.297289,0.000517,17.122730,84.532425,24.501247,0.029519,0.944252,0.103432,0.311158,-10.385663,88.712868,7.655573,0.069306,0.956633,-0.018582,0.282321,-10.086586,54.820477,0.241173,0.014664,0.953968,-0.082467,0.287974,-16.484558,10.568786,0.081060,-0.081825,0.931517,-0.077682,0.345754,2.766145,88.051430,19.351625,0.004026,0.968894,-0.131862,0.209382,6.191443,54.239559,26.335999,0.026562,0.817348,-0.087213,0.568886,3.373648,11.083773,37.685455,0.014664,0.953968,-0.082467,0.287974,-9.690759,2.735045,-9.905581,0.026562,0.817348,-0.087213,0.568886,14.780146,3.172374,33.869984
391,3.258333,0.043330,0.932520,-0.061213,0.353244,-3.810069,88.383415,13.504714,-0.020701,0.901409,0.137149,0.410151,-2.914220,95.523361,12.901365,-0.023893,0.898150,-0.053174,0.435809,-5.838694,114.290894,17.396133,0.054315,0.947425,-0.097670,0.299828,-5.776899,132.195175,15.298862,0.056778,0.985485,-0.064069,0.146600,-2.590694,145.120697,11.806289,-0.068878,0.925849,0.007805,0.371481,-8.701864,126.577591,13.613944,-0.521894,0.579515,-0.312508,0.542335,-20.637356,124.543976,2.105593,-0.597724,0.528511,-0.306133,0.519311,-17.540743,102.568474,-4.934848,-0.694406,0.432526,-0.303281,0.488613,-11.434887,79.730255,-9.334226,-0.059331,0.913838,-0.102850,0.388333,-4.344240,127.206001,19.107094,0.617387,0.770570,0.149203,0.052852,7.204362,130.351715,30.759043,0.634656,0.746070,0.193305,0.056780,12.607786,107.831596,28.366062,0.535686,0.790385,0.297206,0.000266,17.127796,84.532051,24.503326,0.029485,0.944230,0.103471,0.311215,-10.385597,88.714233,7.656273,0.069552,0.956166,-0.018638,0.283834,-10.083006,54.822266,0.240066,0.014501,0.953766,-0.082703,0.288584,-16.503042,10.573811,0.068329,-0.081823,0.931502,-0.077661,0.345800,2.765459,88.052597,19.353155,0.004008,0.968896,-0.131870,0.209368,6.190808,54.240479,26.336294,0.026538,0.817369,-0.087259,0.568850,3.374597,11.084879,37.686844,0.014501,0.953766,-0.082703,0.288584,-9.694692,2.735948,-9.905159,0.026538,0.817369,-0.087259,0.568850,14.780605,3.172901,33.871124
392,3.266667,0.043388,0.932512,-0.061244,0.353253,-3.813089,88.383545,13.505812,-0.020527,0.901401,0.136913,0.410255,-2.916296,95.523361,12.902350,-0.023779,0.898118,-0.053045,0.435895,-5.831414,114.293709,17.391466,0.054189,0.947435,-0.097634,0.299830,-5.767773,132.198669,15.300152,0.056743,0.985495,-0.063948,0.146595,-2.585027,145.125000,11.807425,-0.069022,0.925886,0.007851,0.371361,-8.692879,126.581894,13.612819,-0.521840,0.579640,-0.312462,0.542280,-20.630676,124.544289,2.107567,-0.597658,0.528558,-0.306221,0.519289,-17.539446,102.569176,-4.936433,-0.694347,0.432456,-0.303474,0.488639,-11.438532,79.729462,-9.334856,-0.059429,0.913738,-0.102716,0.388588,-4.336232,127.208122,19.106997,0.617436,0.770515,0.149280,0.052866,7.205358,130.355789,30.765366,0.634687,0.746010,0.193423,0.056830,12.605879,107.835197,28.370190,0.535492,0.790496,0.297262,0.000520,17.123722,84.535614,24.505201,0.029482,0.944225,0.103460,0.311232,-10.388411,88.715103,7.657179,0.069259,0.956526,-0.018603,0.282693,-10.085686,54.822968,0.241774,0.014893,0.954009,-0.082532,0.287809,-16.480087,10.570756,0.082157,-0.081864,0.931495,-0.077638,0.345815,2.762233,88.051979,19.354445,0.004020,0.968898,-0.131857,0.209365,6.190668,54.240082,26.337158,0.026498,0.817376,-0.087277,0.568838,3.373688,11.084178,37.686352,0.014893,0.954009,-0.082532,0.287809,-9.693219,2.733794,-9.906672,0.026498,0.817376,-0.087277,0.568838,14.779906,3.172424,33.870781
393,3.275000,0.043493,0.932492,-0.061326,0.353279,-3.818311,88.382042,13.506479,-0.020384,0.901385,0.136932,0.410292,-2.919675,95.521584,12.902493,-0.023969,0.898094,-0.052958,0.435944,-5.830225,114.291954,17.394482,0.054474,0.947397,-0.097663,0.299890,-5.773976,132.196930,15.302984,0.056710,0.985507,-0.063916,0.146543,-2.583472,145.121872,11.812188,-0.068800,0.925875,0.007711,0.371434,-8.696558,126.578880,13.615458,-0.521860,0.579646,-0.312383,0.542301,-20.633564,124.546448,2.108473,-0.597684,0.528634,-0.306351,0.519104,-17.540340,102.572372,-4.937881,-0.694776,0.432031,-0.304185,0.487962,-11.447149,79.729263,-9.329386,-0.059205,0.913755,-0.102872,0.388540,-4.340654,127.207031,19.110004,0.617389,0.770565,0.149221,0.052851,7.203077,130.349731,30.767590,0.634570,0.746053,0.193567,0.057070,12.606406,107.829643,28.374037,0.535667,0.790113,0.297963,0.000451,17.130049,84.530281,24.514448,0.029444,0.944195,0.103461,0.311328,-10.393155,88.714783,7.657379,0.069257,0.956531,-0.018565,0.282680,-10.087204,54.822506,0.242753,0.015019,0.953977,-0.082552,0.287900,-16.480482,10.570148,0.080019,-0.081911,0.931466,-0.077579,0.345895,2.756532,88.049301,19.355579,0.003987,0.968893,-0.131862,0.209385,6.188797,54.237301,26.335911,0.026537,0.817388,-0.087251,0.568823,3.374386,11.081505,37.686157,0.015019,0.953977,-0.082552,0.287900,-9.693363,2.731843,-9.907580,0.026537,0.817388,-0.087251,0.568823,14.780195,3.169668,33.869549
394,3.283333,0.043523,0.932485,-0.061392,0.353283,-3.820563,88.379707,13.508240,-0.020395,0.901361,0.136919,0.410348,-2.921186,95.519104,12.903519,-0.023660,0.898077,-0.053090,0.435980,-5.832219,114.289581,17.394682,0.054363,0.947408,-0.097561,0.299906,-5.763792,132.194580,15.303800,0.056608,0.985509,-0.063844,0.146601,-2.576810,145.120834,11.814664,-0.068835,0.925884,0.007763,0.371403,-8.689919,126.578545,13.615740,-0.521541,0.579559,-0.312677,0.542531,-20.627546,124.545647,2.109478,-0.597412,0.528679,-0.306603,0.519223,-17.538176,102.571503,-4.938378,-0.694681,0.432030,-0.304430,0.487945,-11.454699,79.725983,-9.330802,-0.059189,0.913624,-0.102579,0.388928,-4.334243,127.203598,19.110819,0.617331,0.770578,0.149417,0.052788,7.199463,130.343079,30.779194,0.634707,0.745936,0.193516,0.057259,12.606412,107.824646,28.378189,0.534098,0.791092,0.298183,0.000452,17.120699,84.522362,24.525347,0.029241,0.944170,0.103720,0.311335,-10.395313,88.712517,7.659035,0.069967,0.955909,-0.018759,0.284588,-10.070341,54.823135,0.231998,0.014702,0.953530,-0.083050,0.289253,-16.528610,10.580269,0.054922,-0.081885,0.931491,-0.077560,0.345837,2.754187,88.046906,19.357443,0.003960,0.968894,-0.131841,0.209396,6.185707,54.234402,26.335711,0.026431,0.817398,-0.087346,0.568799,3.373902,11.078090,37.684639,0.014702,0.953530,-0.083050,0.289253,-9.709721,2.733128,-9.904060,0.026431,0.817398,-0.087346,0.568799,14.779931,3.165933,33.869343
395,3.291667,0.043865,0.932386,-0.061699,0.353447,-3.836013,88.375145,13.515729,-0.020161,0.901346,0.136738,0.410452,-2.930379,95.513557,12.908808,-0.023654,0.898062,-0.053068,0.436016,-5.830835,114.286339,17.397207,0.054383,0.947426,-0.097522,0.299858,-5.762498,132.191437,15.307121,0.056643,0.985531,-0.063777,0.146465,-2.575551,145.117950,11.818938,-0.068752,0.925873,0.007771,0.371447,-8.688416,126.575432,13.618587,-0.521368,0.579531,-0.312791,0.542661,-20.625315,124.545219,2.111106,-0.597312,0.528689,-0.306673,0.519286,-17.537809,102.571632,-4.939324,-0.694476,0.432430,-0.304806,0.487648,-11.456897,79.725670,-9.333020,-0.059209,0.913581,-0.102582,0.389025,-4.333175,127.200302,19.114029,0.617300,0.770596,0.149457,0.052777,7.197936,130.340698,30.784718,0.634706,0.745932,0.193525,0.057294,12.606731,107.822845,28.382397,0.534228,0.790997,0.298202,0.000469,17.120884,84.520363,24.530552,0.029090,0.944141,0.103818,0.311404,-10.408182,88.711403,7.663825,0.069958,0.955919,-0.018744,0.284559,-10.070641,54.822834,0.233647,0.014904,0.953530,-0.082994,0.289257,-16.527802,10.579809,0.055741,-0.082082,0.931487,-0.077381,0.345841,2.736155,88.038887,19.367632,0.003961,0.968909,-0.131844,0.209324,6.184618,54.226692,26.339031,0.026289,0.817486,-0.087224,0.568699,3.373464,11.070431,37.688324,0.014904,0.953530,-0.082994,0.289257,-9.711250,2.732475,-9.904684,0.026289,0.817486,-0.087224,0.568699,14.781239,3.162565,33.869362
396,3.300000,0.043550,0.932468,-0.061356,0.353331,-3.821503,88.378075,13.511044,-0.020338,0.901324,0.136925,0.410429,-2.921925,95.517502,12.906994,-0.023454,0.898055,-0.053044,0.436044,-5.831450,114.288010,17.399036,0.054562,0.947416,-0.097582,0.299838,-5.756945,132.193527,15.312851,0.056442,0.985562,-0.063710,0.146366,-2.565109,145.118820,11.824550,-0.068808,0.925854,0.007751,0.371483,-8.684617,126.578880,13.622868,-0.521256,0.579644,-0.312742,0.542676,-20.620359,124.546745,2.114520,-0.597244,0.528725,-0.306734,0.519291,-17.537489,102.574455,-4.941964,-0.694464,0.432341,-0.304936,0.487663,-11.460238,79.727577,-9.335971,-0.059235,0.913549,-0.102596,0.389093,-4.329589,127.201096,19.118784,0.617319,0.770553,0.149573,0.052848,7.199658,130.342621,30.791012,0.634732,0.745880,0.193627,0.057329,12.607011,107.824539,28.387686,0.534020,0.791144,0.298184,0.000646,17.119362,84.522087,24.533588,0.029378,0.944198,0.103581,0.311285,-10.395603,88.711479,7.661143,0.069357,0.956617,-0.018596,0.282360,-10.083046,54.820652,0.240144,0.014944,0.953944,-0.082607,0.287998,-16.485729,10.569641,0.079724,-0.081837,0.931382,-0.077605,0.346131,2.752597,88.044678,19.360945,0.003851,0.968854,-0.131783,0.209622,6.177677,54.232113,26.342070,0.026191,0.817494,-0.087456,0.568655,3.373711,11.074347,37.687397,0.014944,0.953944,-0.082607,0.287998,-9.695699,2.730642,-9.905355,0.026191,0.817494,-0.087456,0.568655,14.780196,3.163369,33.871017
397,3.308333,0.043565,0.932461,-0.061313,0.353355,-3.822006,88.378593,13.511981,-0.020310,0.901276,0.136957,0.410526,-2.922426,95.518074,12.908613,-0.023519,0.897981,-0.053219,0.436172,-5.831950,114.288292,17.401886,0.054606,0.947401,-0.097466,0.299916,-5.756495,132.193039,15.309052,0.056465,0.985572,-0.063619,0.146329,-2.564035,145.119141,11.824351,-0.068733,0.925865,0.007830,0.371468,-8.683772,126.577820,13.620297,-0.521288,0.579643,-0.312729,0.542655,-20.620228,124.548958,2.112113,-0.597520,0.528832,-0.306560,0.518967,-17.536917,102.576508,-4.943645,-0.694379,0.433335,-0.303826,0.487594,-11.459974,79.728661,-9.332974,-0.059090,0.913515,-0.102542,0.389211,-4.330357,127.201996,19.117266,0.617233,0.770621,0.149556,0.052909,7.196392,130.338730,30.793247,0.634607,0.745977,0.193711,0.057160,12.608385,107.821396,28.393341,0.535768,0.790079,0.297870,0.000681,17.129295,84.521782,24.532026,0.029409,0.944088,0.103567,0.311621,-10.395783,88.712486,7.661749,0.069344,0.956538,-0.018603,0.282633,-10.082882,54.821587,0.241126,0.014974,0.953957,-0.082589,0.287961,-16.484591,10.570442,0.079775,-0.081852,0.931403,-0.077594,0.346074,2.751771,88.044701,19.362213,0.003848,0.968883,-0.131733,0.209516,6.178583,54.232193,26.342737,0.025085,0.817452,-0.088677,0.568577,3.377117,11.073235,37.684166,0.014974,0.953957,-0.082589,0.287961,-9.695702,2.731617,-9.906208,0.025085,0.817452,-0.088677,0.568577,14.785522,3.154477,33.889736
398,3.316667,0.043535,0.932404,-0.061594,0.353460,-3.821263,88.373734,13.519462,-0.020379,0.901269,0.136892,0.410560,-2.920593,95.512749,12.912262,-0.023328,0.897989,-0.053220,0.436163,-5.831679,114.283562,17.402035,0.054548,0.947436,-0.097404,0.299838,-5.750052,132.188629,15.312142,0.056427,0.985593,-0.063576,0.146221,-2.559936,145.115509,11.828164,-0.068891,0.925894,0.008063,0.371361,-8.679269,126.574684,13.622473,-0.521148,0.579237,-0.312990,0.543071,-20.617659,124.543716,2.116672,-0.596829,0.528917,-0.306658,0.519618,-17.520056,102.572189,-4.935728,-0.693745,0.433277,-0.304157,0.488341,-11.450313,79.727448,-9.351129,-0.059110,0.913407,-0.102550,0.389458,-4.325627,127.196457,19.119532,0.617190,0.770618,0.149740,0.052937,7.194612,130.334549,30.801565,0.634631,0.745933,0.193797,0.057190,12.608928,107.818184,28.397715,0.535596,0.790217,0.297813,0.000824,17.128210,84.518578,24.534529,0.029441,0.944125,0.103673,0.311470,-10.393785,88.705215,7.667685,0.069340,0.956508,-0.018630,0.282734,-10.081867,54.815971,0.239450,0.015230,0.953967,-0.082445,0.287953,-16.483900,10.564863,0.079825,-0.081845,0.931417,-0.077505,0.346058,2.751259,88.042244,19.371239,0.003885,0.968904,-0.131718,0.209428,6.179884,54.228699,26.345879,0.024110,0.817578,-0.090005,0.568229,3.376433,11.069420,37.685589,0.015230,0.953967,-0.082445,0.287953,-9.697953,2.727512,-9.909316,0.024110,0.817578,-0.090005,0.568229,14.781446,3.138702,33.905975
399,3.325000,0.043966,0.932340,-0.061718,0.353553,-3.842014,88.372810,13.521306,-0.020035,0.901249,0.136761,0.410665,-2.934867,95.511063,12.914756,-0.023445,0.897956,-0.053202,0.436228,-5.832269,114.283813,17.405264,0.054758,0.947412,-0.097406,0.299873,-5.754551,132.188751,15.314139,0.056409,0.985608,-0.063582,0.146127,-2.558922,145.114761,11.832013,-0.068556,0.925848,0.007891,0.371542,-8.682232,126.574005,13.624472,-0.521016,0.579112,-0.313223,0.543198,-20.617676,124.551414,2.114135,-0.596697,0.529009,-0.306886,0.519541,-17.520115,102.578773,-4.934798,-0.694264,0.432643,-0.304787,0.487773,-11.461785,79.730186,-9.345978,-0.059005,0.913461,-0.102456,0.389372,-4.329463,127.197182,19.122066,0.617389,0.770790,0.148341,0.052042,7.193412,130.330658,30.802742,0.634576,0.746165,0.193260,0.056588,12.600690,107.811859,28.405996,0.535556,0.790260,0.297771,0.000905,17.126646,84.514229,24.538712,0.029178,0.944116,0.103771,0.311487,-10.412714,88.710449,7.667833,0.069513,0.956232,-0.018607,0.283625,-10.081330,54.821552,0.238852,0.014990,0.953806,-0.082801,0.288397,-16.497288,10.572508,0.066857,-0.082062,0.931471,-0.077412,0.345882,2.728686,88.035164,19.374779,0.003855,0.968884,-0.131703,0.209532,6.174842,54.223083,26.347866,0.023486,0.817649,-0.090133,0.568133,3.373046,11.063433,37.686573,0.014990,0.953806,-0.082801,0.288397,-9.699935,2.728795,-9.909530,0.023486,0.817649,-0.090133,0.568133,14.783546,3.139146,33.910030
400,3.333333,0.044008,0.932325,-0.061801,0.353573,-3.844180,88.369789,13.524117,-0.020030,0.901228,0.136777,0.410707,-2.936033,95.507835,12.916686,-0.023412,0.897936,-0.053187,0.436273,-5.833735,114.280426,17.407690,0.054689,0.947407,-0.097818,0.299767,-5.755066,132.185471,15.317562,0.056479,0.985633,-0.063405,0.146006,-2.558536,145.108215,11.824140,-0.068474,0.925811,0.007918,0.371650,-8.682810,126.570953,13.627288,-0.520953,0.579682,-0.312780,0.542905,-20.615955,124.551353,2.114034,-0.597039,0.528761,-0.306835,0.519431,-17.536276,102.582039,-4.953101,-0.694125,0.432685,-0.304802,0.487925,-11.463814,79.734764,-9.351654,-0.058928,0.913428,-0.102598,0.389424,-4.330569,127.193642,19.125357,0.617219,0.770687,0.149345,0.052713,7.191267,130.326721,30.807173,0.634741,0.745879,0.193652,0.057167,12.605036,107.809891,28.406599,0.533852,0.791279,0.298125,0.000942,17.117764,84.508606,24.545816,0.029216,0.944110,0.103801,0.311492,-10.414572,88.707565,7.670301,0.069296,0.956622,-0.018559,0.282363,-10.084944,54.819256,0.238565,0.014836,0.953986,-0.082816,0.287806,-16.481525,10.567370,0.076422,-0.082094,0.931403,-0.077340,0.346074,2.726212,88.032005,19.377932,0.003869,0.968889,-0.131760,0.209471,6.174728,54.219521,26.347902,0.026890,0.817351,-0.086454,0.568982,3.371410,11.061234,37.691437,0.014836,0.953986,-0.082816,0.287806,-9.695196,2.724261,-9.907946,0.026890,0.817351,-0.086454,0.568982,14.781605,3.159927,33.866112
401,3.341667,0.044071,0.932301,-0.061854,0.353619,-3.845648,88.367661,13.525661,-0.020035,0.901219,0.136772,0.410727,-2.936351,95.505539,12.917900,-0.023229,0.897947,-0.053177,0.436262,-5.834253,114.278160,17.408594,0.054615,0.947440,-0.097781,0.299689,-5.749865,132.183548,15.321655,0.056432,0.985649,-0.063441,0.145899,-2.555917,145.106918,11.828181,-0.068447,0.925780,0.007977,0.371729,-8.679427,126.570274,13.630414,-0.520789,0.579731,-0.312867,0.542960,-20.610723,124.552345,2.114957,-0.596598,0.528955,-0.307418,0.519395,-17.536179,102.583275,-4.955173,-0.694068,0.431942,-0.305043,0.488513,-11.490826,79.727615,-9.347439,-0.058963,0.913380,-0.102599,0.389530,-4.326926,127.190590,19.128544,0.617256,0.770627,0.149474,0.052792,7.192008,130.325027,30.812853,0.634688,0.745891,0.193752,0.057252,12.603268,107.807732,28.411007,0.533984,0.791134,0.298274,0.000887,17.118744,84.506897,24.550768,0.029086,0.944080,0.103951,0.311545,-10.415365,88.706085,7.671129,0.069906,0.955980,-0.018684,0.284371,-10.073556,54.819416,0.232473,0.014592,0.953571,-0.083067,0.289119,-16.524773,10.575530,0.052084,-0.082108,0.931418,-0.077320,0.346036,2.724068,88.029228,19.380194,0.003869,0.968906,-0.131771,0.209385,6.174259,54.216690,26.349068,0.026835,0.817413,-0.086539,0.568882,3.371716,11.058640,37.693699,0.014592,0.953571,-0.083067,0.289119,-9.707440,2.728739,-9.908240,0.026835,0.817413,-0.086539,0.568882,14.780791,3.156386,33.867012
402,3.350000,0.044133,0.932267,-0.061923,0.353690,-3.849641,88.367325,13.526469,-0.019903,0.901182,0.136778,0.410813,-2.939125,95.504997,12.918165,-0.023347,0.897902,-0.053114,0.436355,-5.832914,114.277771,17.410934,0.054723,0.947462,-0.097780,0.299599,-5.753116,132.183212,15.324189,0.056574,0.985690,-0.063422,0.145579,-2.556896,145.106155,11.831257,-0.068580,0.925822,0.008121,0.371598,-8.680789,126.569130,13.632330,-0.520774,0.579783,-0.312590,0.543079,-20.614729,124.548759,2.120040,-0.596718,0.528802,-0.307112,0.519594,-17.534922,102.584122,-4.961565,-0.694115,0.431856,-0.304908,0.488606,-11.472710,79.734505,-9.362066,-0.058826,0.913386,-0.102610,0.389534,-4.329516,127.190590,19.131302,0.617229,0.770645,0.149485,0.052815,7.189871,130.320999,30.816238,0.634714,0.745866,0.193779,0.057201,12.602550,107.803963,28.415117,0.533844,0.791261,0.298189,0.000971,17.116697,84.503365,24.551899,0.029061,0.944064,0.103955,0.311597,-10.418379,88.706223,7.670866,0.069927,0.955965,-0.018674,0.284416,-10.074430,54.819511,0.232515,0.014707,0.953541,-0.083076,0.289209,-16.527136,10.575858,0.050375,-0.082117,0.931462,-0.077306,0.345918,2.719097,88.028427,19.382072,0.003861,0.968925,-0.131720,0.209332,6.171104,54.215836,26.349794,0.023949,0.817711,-0.089561,0.568114,3.370862,11.056584,37.690399,0.014707,0.953541,-0.083076,0.289209,-9.709373,2.728061,-9.908860,0.023949,0.817711,-0.089561,0.568114,14.780545,3.136636,33.902302
403,3.358333,0.043799,0.932343,-0.061639,0.353580,-3.834879,88.370483,13.523354,-0.019388,0.901235,0.137202,0.410578,-2.930349,95.509087,12.917030,-0.024473,0.897901,-0.053757,0.436217,-5.811605,114.278114,17.433409,0.054971,0.947489,-0.097280,0.299632,-5.758424,132.179123,15.308273,0.056678,0.985727,-0.063406,0.145294,-2.559596,145.105392,11.829995,-0.067991,0.925874,0.008236,0.371573,-8.678534,126.557205,13.629436,-0.520922,0.579829,-0.312419,0.542985,-20.615793,124.556351,2.117185,-0.596840,0.529006,-0.307314,0.519128,-17.533531,102.592255,-4.965033,-0.694107,0.432145,-0.303967,0.488948,-11.487651,79.735550,-9.351194,-0.058458,0.913314,-0.102501,0.389786,-4.326325,127.196754,19.125595,0.617184,0.770704,0.149378,0.052780,7.187933,130.315231,30.818779,0.634749,0.745840,0.193787,0.057121,12.603399,107.798622,28.419918,0.533829,0.791292,0.298131,0.001112,17.115850,84.498283,24.553188,0.029306,0.944108,0.103762,0.311505,-10.405496,88.705856,7.669656,0.069344,0.956580,-0.018563,0.282492,-10.082534,54.817356,0.238503,0.014972,0.953965,-0.082766,0.287884,-16.483292,10.566076,0.074682,-0.081932,0.931537,-0.077528,0.345711,2.735737,88.035110,19.377050,0.003870,0.968940,-0.131718,0.209262,6.171971,54.222786,26.353878,0.026940,0.817404,-0.086638,0.568875,3.371810,11.063486,37.694347,0.014972,0.953965,-0.082766,0.287884,-9.696840,2.723155,-9.909744,0.026940,0.817404,-0.086638,0.568875,14.778659,3.157790,33.868130
404,3.366667,0.043926,0.932188,-0.061073,0.354071,-3.825343,88.377655,13.507655,-0.020173,0.901089,0.137222,0.410856,-2.921657,95.517097,12.910051,-0.023264,0.897921,-0.052886,0.436348,-5.832232,114.284706,17.413544,0.054811,0.947538,-0.097827,0.299327,-5.753361,132.191162,15.335473,0.056644,0.985760,-0.063485,0.145046,-2.555958,145.113373,11.840889,-0.068677,0.925769,0.008300,0.371708,-8.680818,126.577759,13.640987,-0.520854,0.580003,-0.312177,0.543003,-20.611584,124.556755,2.125526,-0.597044,0.528886,-0.306802,0.519317,-17.531685,102.596130,-4.968445,-0.694207,0.432361,-0.304123,0.488518,-11.464624,79.747635,-9.368111,-0.058420,0.913432,-0.102658,0.389475,-4.329400,127.196762,19.140120,0.617412,0.770743,0.148465,0.052113,7.193108,130.315308,30.825153,0.634700,0.745999,0.193476,0.056640,12.598732,107.796242,28.427134,0.533766,0.791364,0.298052,0.001238,17.116842,84.498131,24.553558,0.029426,0.944094,0.103300,0.311688,-10.389643,88.717995,7.647162,0.069327,0.956610,-0.018495,0.282400,-10.083145,54.823334,0.243436,0.015339,0.953976,-0.082876,0.287795,-16.480764,10.571620,0.074841,-0.081920,0.931534,-0.077643,0.345696,2.738956,88.037315,19.368149,0.003860,0.968953,-0.131675,0.209229,6.171757,54.226105,26.352045,0.023430,0.817773,-0.090586,0.567885,3.373598,11.065808,37.689190,0.015339,0.953976,-0.082876,0.287795,-9.701591,2.723482,-9.910430,0.023430,0.817773,-0.090586,0.567885,14.778248,3.133335,33.912163
405,3.375000,0.043832,0.932305,-0.061608,0.353683,-3.837634,88.370155,13.524105,-0.020009,0.901172,0.136879,0.410796,-2.932752,95.508774,12.918470,-0.023179,0.897928,-0.052801,0.436350,-5.831788,114.280296,17.413031,0.054797,0.947615,-0.097677,0.299137,-5.751494,132.187210,15.339032,0.056629,0.985817,-0.063556,0.144634,-2.556599,145.110794,11.847221,-0.068614,0.925747,0.008615,0.371767,-8.679392,126.574417,13.643262,-0.520739,0.580042,-0.312212,0.543052,-20.608971,124.559334,2.125530,-0.596736,0.529077,-0.307260,0.519206,-17.532198,102.599274,-4.971569,-0.694164,0.431871,-0.303930,0.489132,-11.488379,79.743347,-9.364594,-0.058446,0.913420,-0.102700,0.389487,-4.327937,127.191841,19.142548,0.617343,0.770793,0.148480,0.052146,7.194142,130.311722,30.827648,0.634800,0.745956,0.193372,0.056441,12.603542,107.793427,28.430975,0.534046,0.791283,0.297768,0.000943,17.116600,84.495178,24.552357,0.029296,0.944085,0.103720,0.311587,-10.406925,88.706123,7.668952,0.069382,0.956571,-0.018538,0.282515,-10.083583,54.816975,0.240787,0.014882,0.953935,-0.082794,0.287978,-16.486887,10.566076,0.073670,-0.082026,0.931528,-0.077384,0.345744,2.731657,88.034187,19.379257,0.003928,0.968982,-0.131748,0.209049,6.177203,54.221390,26.349184,0.023472,0.817808,-0.090464,0.567851,3.373958,11.062855,37.691765,0.014882,0.953935,-0.082794,0.287978,-9.697283,2.723199,-9.908650,0.023472,0.817808,-0.090464,0.567851,14.778820,3.132086,33.911793
406,3.383333,0.043951,0.932159,-0.061138,0.354133,-3.827702,88.374832,13.510985,-0.019425,0.901165,0.137440,0.410652,-2.923313,95.514130,12.912697,-0.024336,0.897960,-0.053460,0.436139,-5.810011,114.280556,17.436419,0.055113,0.947686,-0.097065,0.299053,-5.757243,132.182968,15.322987,0.056676,0.985888,-0.063610,0.144107,-2.559494,145.110565,11.848683,-0.068322,0.925810,0.008870,0.371657,-8.677673,126.562141,13.641032,-0.520785,0.580104,-0.312004,0.543062,-20.611338,124.559067,2.125437,-0.596620,0.529164,-0.307327,0.519211,-17.531820,102.601395,-4.977855,-0.694252,0.431458,-0.304334,0.489121,-11.494399,79.744171,-9.372944,-0.058078,0.913403,-0.102495,0.389637,-4.324410,127.198097,19.136772,0.617107,0.770773,0.149333,0.052789,7.195213,130.304581,30.827866,0.634885,0.745697,0.193999,0.056761,12.615037,107.788765,28.431347,0.534372,0.790978,0.297991,0.001253,17.121180,84.490707,24.543552,0.029317,0.944055,0.103502,0.311750,-10.391191,88.715080,7.649578,0.069968,0.955990,-0.018654,0.284322,-10.072672,54.822887,0.235134,0.013849,0.953578,-0.083714,0.288946,-16.528395,10.579681,0.050865,-0.081986,0.931481,-0.077481,0.345860,2.735787,88.034592,19.372393,0.003926,0.968981,-0.131765,0.209043,6.175528,54.222393,26.348076,0.024011,0.817794,-0.089966,0.567928,3.372179,11.064267,37.692196,0.013849,0.953578,-0.083714,0.288946,-9.707821,2.723320,-9.899688,0.024011,0.817794,-0.089966,0.567928,14.775626,3.135425,33.903931
407,3.391667,0.043980,0.932140,-0.061271,0.354156,-3.830779,88.373329,13.515052,-0.019408,0.901190,0.137337,0.410631,-2.925319,95.512352,12.915158,-0.024237,0.897996,-0.053371,0.436082,-5.809686,114.279915,17.435673,0.055096,0.947779,-0.096929,0.298806,-5.755271,132.182831,15.326664,0.056607,0.985955,-0.063688,0.143637,-2.560280,145.111679,11.854490,-0.068321,0.925820,0.009130,0.371627,-8.676517,126.562737,13.643692,-0.520703,0.580211,-0.311790,0.543149,-20.610914,124.562904,2.128296,-0.596598,0.529210,-0.307333,0.519186,-17.530989,102.609001,-4.986447,-0.694153,0.431579,-0.304248,0.489208,-11.496054,79.751251,-9.382229,-0.057929,0.913447,-0.102627,0.389522,-4.322485,127.196869,19.139030,0.617071,0.770834,0.149163,0.052811,7.200700,130.300201,30.827444,0.634957,0.745556,0.194352,0.056595,12.622467,107.784210,28.437012,0.534885,0.790402,0.298598,0.001261,17.125113,84.488449,24.531475,0.029286,0.944028,0.103566,0.311813,-10.393937,88.713181,7.653253,0.069964,0.956010,-0.018634,0.284258,-10.071518,54.821766,0.235365,0.013722,0.953593,-0.083796,0.288877,-16.526382,10.578436,0.049911,-0.081980,0.931627,-0.077482,0.345465,2.732380,88.033470,19.376852,0.003947,0.969015,-0.131699,0.208926,6.174662,54.221214,26.350981,0.024287,0.817731,-0.089884,0.568021,3.372135,11.061534,37.689396,0.013722,0.953593,-0.083796,0.288877,-9.706023,2.721092,-9.900013,0.024287,0.817731,-0.089884,0.568021,14.773905,3.130396,33.900894
408,3.400000,0.044015,0.932104,-0.061250,0.354251,-3.833652,88.373817,13.514909,-0.020072,0.901138,0.137025,0.410818,-2.927760,95.512840,12.915569,-0.022926,0.898035,-0.052518,0.436176,-5.831475,114.282692,17.414076,0.054877,0.947900,-0.097286,0.298344,-5.747869,132.191101,15.353144,0.056438,0.986039,-0.063827,0.143066,-2.558086,145.117813,11.868222,-0.068521,0.925792,0.008974,0.371665,-8.677726,126.580223,13.654418,-0.520405,0.580291,-0.311598,0.543459,-20.610285,124.572334,2.138515,-0.596564,0.529231,-0.307314,0.519215,-17.529104,102.624908,-4.995605,-0.694226,0.431651,-0.304159,0.489096,-11.494688,79.767479,-9.393716,-0.057718,0.913608,-0.103011,0.389074,-4.323970,127.192627,19.152445,0.617070,0.770882,0.148944,0.052743,7.211700,130.293289,30.829250,0.635018,0.745356,0.195000,0.056316,12.633907,107.776978,28.442785,0.535321,0.789748,0.299545,0.001546,17.134323,84.485977,24.506317,0.029289,0.943998,0.103510,0.311923,-10.395570,88.714249,7.651752,0.069810,0.956065,-0.018578,0.284116,-10.073698,54.822052,0.237426,0.014914,0.953637,-0.083264,0.288827,-16.514133,10.576621,0.052103,-0.082003,0.931605,-0.077467,0.345523,2.728266,88.033386,19.378067,0.003923,0.968997,-0.131678,0.209021,6.171937,54.221226,26.351988,0.024109,0.817753,-0.089998,0.567978,3.370772,11.061030,37.688763,0.014914,0.953637,-0.083264,0.288827,-9.708340,2.722879,-9.910632,0.024109,0.817753,-0.089998,0.567978,14.773268,3.130206,33.901768
409,3.408333,0.044024,0.932093,-0.061232,0.354282,-3.833579,88.374771,13.516901,-0.019054,0.901239,0.137384,0.410526,-2.927648,95.513809,12.917878,-0.024468,0.898071,-0.053468,0.435903,-5.799793,114.281380,17.446106,0.055170,0.947993,-0.096412,0.298281,-5.751742,132.183533,15.330331,0.056268,0.986138,-0.063827,0.142447,-2.561568,145.116562,11.869335,-0.067990,0.925917,0.009352,0.371439,-8.671943,126.561890,13.650661,-0.520396,0.580542,-0.310952,0.543570,-20.612530,124.574753,2.139481,-0.596746,0.529257,-0.307397,0.518931,-17.526173,102.636246,-5.019804,-0.694401,0.431536,-0.304305,0.488859,-11.495523,79.775574,-9.406252,-0.057465,0.913601,-0.102973,0.389136,-4.315874,127.199432,19.143995,0.616891,0.771122,0.148447,0.052722,7.219142,130.292084,30.823576,0.635062,0.745144,0.195837,0.055718,12.651728,107.776657,28.452444,0.535860,0.788904,0.300801,0.001636,17.152708,84.493927,24.468029,0.029314,0.943958,0.103538,0.312033,-10.395102,88.715408,7.653316,0.069859,0.956076,-0.018598,0.284064,-10.073374,54.823708,0.236715,0.013714,0.953655,-0.083761,0.288683,-16.518465,10.578948,0.052195,-0.082015,0.931579,-0.077486,0.345587,2.727944,88.034126,19.380487,0.003905,0.968995,-0.131639,0.209056,6.171453,54.222298,26.356113,0.024235,0.817750,-0.089898,0.567993,3.372142,11.061183,37.689877,0.013714,0.953655,-0.083761,0.288683,-9.702097,2.722397,-9.901091,0.024235,0.817750,-0.089898,0.567993,14.774130,3.130481,33.901100
410,3.416667,0.044003,0.932079,-0.061214,0.354324,-3.836480,88.378349,13.518876,-0.018943,0.901268,0.137341,0.410480,-2.930893,95.517441,12.920027,-0.024339,0.898128,-0.053378,0.435804,-5.798238,114.285637,17.448702,0.055235,0.948146,-0.096351,0.297801,-5.747656,132.188354,15.337883,0.056016,0.986289,-0.063814,0.141505,-2.558768,145.121689,11.876829,-0.068061,0.925868,0.009510,0.371545,-8.669164,126.567688,13.657292,-0.519784,0.580562,-0.310760,0.544244,-20.606808,124.580467,2.143069,-0.596567,0.529191,-0.307719,0.519012,-17.515980,102.653107,-5.048414,-0.694556,0.431316,-0.304738,0.488562,-11.491529,79.789619,-9.428695,-0.057401,0.913724,-0.103121,0.388819,-4.311789,127.202965,19.149853,0.616678,0.771395,0.147946,0.052626,7.231730,130.294724,30.821270,0.634939,0.744938,0.197229,0.054952,12.676983,107.780983,28.463236,0.536891,0.787419,0.302846,0.001799,17.189522,84.512474,24.409433,0.029275,0.943925,0.103576,0.312123,-10.397511,88.718704,7.654719,0.069873,0.956028,-0.018619,0.284222,-10.071709,54.827385,0.236531,0.013754,0.953652,-0.083792,0.288682,-16.518486,10.582870,0.052395,-0.082033,0.931537,-0.077485,0.345697,2.724551,88.037994,19.383032,0.003861,0.968967,-0.131614,0.209201,6.168466,54.226364,26.359440,0.024186,0.817756,-0.089956,0.567978,3.371705,11.064625,37.691463,0.013754,0.953652,-0.083792,0.288682,-9.702806,2.725308,-9.900569,0.024186,0.817756,-0.089956,0.567978,14.773625,3.133493,33.903366
411,3.425000,0.043864,0.932173,-0.061637,0.354021,-3.845046,88.373993,13.537344,-0.018605,0.901400,0.137278,0.410227,-2.939377,95.512520,12.931808,-0.024530,0.898226,-0.053606,0.435563,-5.792556,114.281891,17.464554,0.055349,0.948292,-0.096162,0.297374,-5.745146,132.183395,15.343341,0.055512,0.986444,-0.063795,0.140630,-2.557026,145.117920,11.886046,-0.067956,0.925762,0.009742,0.371822,-8.666894,126.561417,13.667549,-0.519068,0.580791,-0.310340,0.544921,-20.598108,124.580658,2.145558,-0.596343,0.529171,-0.308239,0.518982,-17.507557,102.667961,-5.090592,-0.695005,0.430407,-0.305443,0.488285,-11.497452,79.798233,-9.457996,-0.057681,0.913927,-0.103108,0.388303,-4.306694,127.200378,19.157436,0.616435,0.771665,0.147495,0.052780,7.249133,130.299149,30.814796,0.635149,0.744440,0.198845,0.053435,12.707600,107.786438,28.477552,0.532406,0.789534,0.305253,0.001201,17.215229,84.535858,24.316811,0.029161,0.943919,0.103976,0.312018,-10.410068,88.709824,7.677399,0.069863,0.956046,-0.018625,0.284164,-10.068895,54.823814,0.235731,0.014505,0.953650,-0.083217,0.288818,-16.514984,10.579199,0.052790,-0.082034,0.931524,-0.077346,0.345761,2.719976,88.038162,19.397289,0.003836,0.968958,-0.131578,0.209266,6.166835,54.225056,26.365053,0.024121,0.817815,-0.089901,0.567904,3.372183,11.062461,37.694298,0.014505,0.953650,-0.083217,0.288818,-9.703767,2.729504,-9.909428,0.024121,0.817815,-0.089901,0.567904,14.774614,3.133262,33.903713
412,3.433333,0.043854,0.932138,-0.061637,0.354114,-3.848422,88.376465,13.541939,-0.018508,0.901437,0.137237,0.410165,-2.942822,95.515007,12.936439,-0.024360,0.898297,-0.053650,0.435421,-5.791616,114.284958,17.469549,0.055366,0.948491,-0.096179,0.296732,-5.738332,132.186584,15.349598,0.055068,0.986656,-0.063594,0.139404,-2.552961,145.120972,11.889176,-0.067953,0.925611,0.010165,0.372188,-8.662617,126.565788,13.674271,-0.518181,0.580845,-0.310095,0.545847,-20.584763,124.590836,2.141899,-0.596003,0.529211,-0.308538,0.519154,-17.490036,102.693687,-5.139376,-0.695032,0.430443,-0.305706,0.488050,-11.490864,79.821442,-9.508625,-0.057781,0.914090,-0.103209,0.387877,-4.300560,127.202782,19.162912,0.616200,0.772022,0.146684,0.052574,7.265933,130.304749,30.808836,0.635017,0.744474,0.199783,0.050973,12.738932,107.793663,28.489962,0.532540,0.788963,0.306491,-0.001319,17.266993,84.568008,24.213764,0.029123,0.943891,0.104025,0.312089,-10.412299,88.712006,7.680695,0.069900,0.956043,-0.018624,0.284164,-10.067025,54.826557,0.236648,0.013836,0.953674,-0.083794,0.288607,-16.516230,10.582399,0.052614,-0.082061,0.931493,-0.077297,0.345851,2.715456,88.040932,19.403181,0.003831,0.968958,-0.131512,0.209311,6.164550,54.227604,26.368778,0.024102,0.817757,-0.089924,0.567985,3.371049,11.063436,37.692337,0.013836,0.953674,-0.083794,0.288607,-9.703292,2.724187,-9.901706,0.024102,0.817757,-0.089924,0.567985,14.774343,3.134140,33.904560
413,3.441667,0.043891,0.932081,-0.061645,0.354258,-3.854428,88.379112,13.546026,-0.018272,0.901444,0.137460,0.410085,-2.948196,95.517578,12.940749,-0.025124,0.898302,-0.053727,0.435357,-5.791839,114.285484,17.485573,0.055974,0.948595,-0.096196,0.296279,-5.762214,132.185440,15.351150,0.054748,0.986866,-0.063489,0.138087,-2.563591,145.117249,11.893323,-0.067577,0.925345,0.010371,0.372912,-8.679531,126.559509,13.680943,-0.517330,0.580786,-0.309573,0.547012,-20.585363,124.599609,2.129161,-0.595551,0.529331,-0.308819,0.519382,-17.472363,102.723358,-5.206957,-0.695180,0.430060,-0.305484,0.488316,-11.487634,79.848755,-9.583656,-0.057532,0.914501,-0.103741,0.386802,-4.317219,127.206596,19.168203,0.616031,0.772504,0.145002,0.052136,7.278055,130.304932,30.786451,0.634528,0.744956,0.200417,0.047397,12.762869,107.793167,28.502386,0.535188,0.786823,0.307334,-0.005418,17.337671,84.603203,24.084602,0.029058,0.943845,0.104088,0.312216,-10.416457,88.715004,7.682732,0.069917,0.956034,-0.018633,0.284190,-10.064545,54.830189,0.236102,0.013605,0.953656,-0.083938,0.288634,-16.515430,10.586270,0.052210,-0.082161,0.931409,-0.077152,0.346086,2.707602,88.043213,19.409319,0.003855,0.968971,-0.131481,0.209268,6.164943,54.229473,26.368813,0.024081,0.817739,-0.090040,0.567992,3.370397,11.064610,37.689457,0.013605,0.953656,-0.083938,0.288634,-9.699470,2.726413,-9.898743,0.024081,0.817739,-0.090040,0.567992,14.773017,3.133402,33.903648
414,3.450000,0.043995,0.932010,-0.061573,0.354443,-3.858598,88.383469,13.550409,-0.017829,0.901508,0.137851,0.409833,-2.951211,95.521942,12.946825,-0.025331,0.898465,-0.053967,0.434980,-5.784188,114.286270,17.513006,0.056031,0.948809,-0.096489,0.295485,-5.758395,132.184937,15.367592,0.054138,0.987105,-0.063300,0.136700,-2.560221,145.114059,11.899398,-0.067623,0.925025,0.010412,0.373694,-8.676450,126.557625,13.703257,-0.515981,0.581148,-0.308740,0.548370,-20.562555,124.597786,2.131173,-0.595039,0.529870,-0.309437,0.519053,-17.445166,102.751007,-5.290399,-0.696942,0.428068,-0.307039,0.486576,-11.506238,79.863510,-9.662105,-0.057896,0.914786,-0.104249,0.385935,-4.309660,127.208580,19.186493,0.615812,0.772983,0.143594,0.051506,7.306576,130.322113,30.779701,0.634075,0.745422,0.201093,0.043080,12.806964,107.812096,28.516001,0.535831,0.785801,0.308666,-0.011294,17.428217,84.664383,23.928272,0.029018,0.943796,0.104131,0.312351,-10.418148,88.721283,7.684453,0.069870,0.956063,-0.018613,0.284106,-10.061597,54.836929,0.235942,0.014617,0.953626,-0.083616,0.288777,-16.508034,10.592368,0.052102,-0.082215,0.931374,-0.077073,0.346182,2.700952,88.045662,19.416367,0.003820,0.968942,-0.131420,0.209439,6.162948,54.231689,26.372417,0.024073,0.817704,-0.090074,0.568039,3.370604,11.065358,37.687981,0.014617,0.953626,-0.083616,0.288777,-9.700938,2.732639,-9.905020,0.024073,0.817704,-0.090074,0.568039,14.773494,3.133644,33.904045
415,3.458333,0.044071,0.931952,-0.061465,0.354606,-3.866400,88.389229,13.556370,-0.017690,0.901511,0.137779,0.409857,-2.958434,95.527802,12.954778,-0.025129,0.898492,-0.054143,0.434913,-5.785494,114.293098,17.520653,0.056145,0.949056,-0.096620,0.294627,-5.750538,132.191437,15.372726,0.053557,0.987396,-0.063148,0.134883,-2.552894,145.119064,11.898388,-0.067886,0.924697,0.010879,0.374445,-8.671737,126.565445,13.709509,-0.514575,0.581164,-0.308088,0.550039,-20.537878,124.604332,2.117178,-0.594172,0.530624,-0.309755,0.519085,-17.402643,102.787933,-5.385803,-0.697666,0.427466,-0.306590,0.486351,-11.511660,79.892548,-9.780962,-0.058085,0.915041,-0.103618,0.385474,-4.303988,127.214859,19.192162,0.615098,0.774065,0.141411,0.049801,7.323400,130.324966,30.775108,0.633689,0.745803,0.202017,0.037484,12.872746,107.826111,28.519838,0.534730,0.785868,0.310157,-0.016655,17.539219,84.733093,23.707735,0.028967,0.943760,0.104202,0.312441,-10.423798,88.728737,7.688107,0.069876,0.956088,-0.018640,0.284017,-10.061638,54.845203,0.236140,0.013390,0.953761,-0.084295,0.288191,-16.509300,10.600800,0.055082,-0.082295,0.931369,-0.076976,0.346199,2.690996,88.049721,19.424633,0.003755,0.968855,-0.131347,0.209889,6.160347,54.235626,26.376427,0.024153,0.817644,-0.090069,0.568123,3.369715,11.067528,37.685688,0.013390,0.953761,-0.084295,0.288191,-9.701757,2.734139,-9.896255,0.024153,0.817644,-0.090069,0.568123,14.772547,3.134854,33.903591
416,3.466667,0.043974,0.931999,-0.061441,0.354498,-3.880373,88.392181,13.577050,-0.017494,0.901585,0.137313,0.409858,-2.973912,95.530914,12.975179,-0.024036,0.898551,-0.054866,0.434763,-5.786666,114.301476,17.528210,0.055784,0.949463,-0.096088,0.293556,-5.705337,132.198914,15.374002,0.052648,0.987734,-0.063021,0.132807,-2.526469,145.132660,11.905277,-0.068742,0.924358,0.011670,0.375101,-8.641492,126.579979,13.713241,-0.512768,0.581645,-0.307183,0.551722,-20.487305,124.603355,2.102754,-0.593158,0.531440,-0.309819,0.519372,-17.352171,102.823486,-5.505662,-0.698265,0.426902,-0.306735,0.485895,-11.504804,79.924812,-9.941803,-0.058829,0.915102,-0.104355,0.385016,-4.271149,127.219917,19.194944,0.615104,0.774801,0.137989,0.047857,7.365137,130.360748,30.760653,0.633065,0.746173,0.203699,0.031005,12.923029,107.861069,28.534912,0.532884,0.785696,0.313401,-0.022274,17.648840,84.839600,23.445835,0.028857,0.943661,0.104573,0.312628,-10.439276,88.730392,7.710392,0.069835,0.956118,-0.018629,0.283927,-10.060315,54.851799,0.236831,0.014313,0.953739,-0.083924,0.288328,-16.504192,10.606850,0.056496,-0.082388,0.931305,-0.076725,0.346404,2.678531,88.053963,19.443708,0.003742,0.968801,-0.131274,0.210183,6.158472,54.238258,26.382347,0.023805,0.817448,-0.090307,0.568380,3.366902,11.068439,37.684811,0.014313,0.953739,-0.083924,0.288328,-9.704265,2.742092,-9.901553,0.023805,0.817448,-0.090307,0.568380,14.774543,3.136443,33.915810
417,3.475000,0.044165,0.931998,-0.061514,0.354466,-3.899709,88.400505,13.591215,-0.017026,0.901618,0.137066,0.409887,-2.990328,95.538864,12.989320,-0.023991,0.898550,-0.055093,0.434738,-5.782859,114.312706,17.541296,0.055832,0.949738,-0.096427,0.292545,-5.696537,132.209320,15.380459,0.052073,0.988065,-0.062840,0.130644,-2.519113,145.140060,11.899200,-0.069457,0.923785,0.012562,0.376350,-8.634326,126.590599,13.721861,-0.510970,0.582003,-0.306027,0.553651,-20.445473,124.604919,2.077660,-0.591949,0.532539,-0.309771,0.519655,-17.296722,102.867439,-5.645466,-0.699329,0.425729,-0.306969,0.485247,-11.504123,79.965393,-10.135695,-0.059073,0.915464,-0.104400,0.384106,-4.263647,127.231339,19.203203,0.614386,0.775930,0.135359,0.046251,7.395050,130.377747,30.744802,0.632598,0.746230,0.205858,0.024149,13.001040,107.887604,28.543430,0.530948,0.784899,0.317995,-0.030126,17.773479,84.945816,23.147287,0.028665,0.943628,0.104851,0.312651,-10.458715,88.741440,7.724831,0.069837,0.956139,-0.018616,0.283855,-10.060902,54.866112,0.237455,0.014010,0.953723,-0.084541,0.288217,-16.504612,10.621142,0.056483,-0.082592,0.931275,-0.076524,0.346481,2.659297,88.059578,19.457600,0.003677,0.968736,-0.131215,0.210521,6.156723,54.244076,26.388439,0.023794,0.817445,-0.090346,0.568379,3.367954,11.072832,37.686127,0.014010,0.953723,-0.084541,0.288217,-9.705792,2.744301,-9.892766,0.023794,0.817445,-0.090346,0.568379,14.775380,3.140253,33.917709
418,3.483333,0.044228,0.932041,-0.061411,0.354361,-3.918877,88.402473,13.609317,-0.016418,0.901693,0.136715,0.409865,-3.009240,95.540932,13.009018,-0.024045,0.898565,-0.055401,0.434664,-5.774672,114.319321,17.558767,0.055576,0.950047,-0.096991,0.291400,-5.685455,132.214615,15.387159,0.051713,0.988391,-0.062627,0.128406,-2.516255,145.141647,11.884708,-0.069951,0.923299,0.013100,0.377430,-8.624472,126.595428,13.732343,-0.507472,0.581214,-0.306430,0.557461,-20.406115,124.602875,2.059464,-0.589190,0.533714,-0.310432,0.521187,-17.226145,102.914085,-5.786776,-0.700307,0.424055,-0.307886,0.484720,-11.513524,80.009987,-10.368041,-0.059525,0.915727,-0.104134,0.383481,-4.252929,127.238678,19.212700,0.613928,0.776945,0.132348,0.043972,7.420000,130.393875,30.737499,0.631347,0.746672,0.208834,0.016427,13.061815,107.911850,28.544817,0.526570,0.785370,0.323320,-0.037177,17.925358,85.075623,22.793932,0.028490,0.943596,0.105270,0.312624,-10.479095,88.745224,7.744397,0.069834,0.956301,-0.018610,0.283310,-10.060870,54.875320,0.233632,0.013805,0.953687,-0.084756,0.288284,-16.504330,10.630298,0.055856,-0.082755,0.931084,-0.076412,0.346980,2.641342,88.059723,19.474237,0.003552,0.968630,-0.131024,0.211129,6.148234,54.244900,26.403606,0.023737,0.817409,-0.090185,0.568459,3.366834,11.069098,37.685680,0.013805,0.953687,-0.084756,0.288284,-9.702242,2.750012,-9.888429,0.023737,0.817409,-0.090185,0.568459,14.777185,3.140519,33.917713
419,3.491667,0.044043,0.932095,-0.061402,0.354245,-3.940904,88.401672,13.640014,-0.015404,0.901754,0.136063,0.409987,-3.033867,95.540390,13.038774,-0.025253,0.898421,-0.055508,0.434880,-5.753888,114.326981,17.582067,0.056396,0.950207,-0.097460,0.290566,-5.701549,132.219696,15.388164,0.051140,0.988753,-0.062642,0.125809,-2.512346,145.139435,11.876980,-0.070230,0.922693,0.013867,0.378830,-8.628079,126.592270,13.739234,-0.505753,0.581641,-0.304244,0.559771,-20.373055,124.602852,2.028920,-0.587299,0.535376,-0.309295,0.522292,-17.154024,102.974548,-5.966931,-0.698873,0.426011,-0.306918,0.485688,-11.492984,80.084106,-10.678705,-0.059519,0.916139,-0.104247,0.382465,-4.260014,127.251564,19.220459,0.612809,0.778533,0.128982,0.041415,7.438930,130.405289,30.719257,0.629753,0.747215,0.212186,0.007681,13.154814,107.940674,28.540062,0.528592,0.780742,0.329849,-0.047247,18.125204,85.231880,22.389790,0.028281,0.943609,0.105908,0.312387,-10.502856,88.741615,7.776865,0.069814,0.956445,-0.018596,0.282831,-10.058925,54.880230,0.229266,0.014965,0.953614,-0.084357,0.288583,-16.500381,10.634908,0.054073,-0.082937,0.931345,-0.076031,0.346320,2.621048,88.061729,19.503160,0.003628,0.968632,-0.130966,0.211154,6.153811,54.244961,26.409859,0.023725,0.817416,-0.090121,0.568460,3.366607,11.067852,37.685524,0.014965,0.953614,-0.084357,0.288583,-9.705373,2.755491,-9.895746,0.023725,0.817416,-0.090121,0.568460,14.777678,3.140676,33.916759
420,3.500000,0.044179,0.932155,-0.061451,0.354062,-3.970630,88.403755,13.666656,-0.015441,0.901799,0.135088,0.410209,-3.061641,95.542213,13.065277,-0.023390,0.898432,-0.055769,0.434928,-5.768527,114.339081,17.573736,0.055706,0.950630,-0.097784,0.289201,-5.651664,132.234009,15.400502,0.050233,0.989105,-0.062615,0.123397,-2.484743,145.153885,11.869677,-0.071481,0.922195,0.014544,0.379782,-8.597769,126.618973,13.744216,-0.502805,0.581769,-0.302762,0.563088,-20.312695,124.601219,2.008679,-0.584366,0.537423,-0.309177,0.523548,-17.058712,103.041649,-6.156837,-0.698642,0.425902,-0.308094,0.485372,-11.499749,80.153503,-10.999434,-0.060414,0.916182,-0.104280,0.382213,-4.229019,127.256348,19.227488,0.611832,0.779715,0.127100,0.039394,7.472785,130.437119,30.715925,0.628825,0.746475,0.217608,-0.000682,13.251977,107.989822,28.525150,0.521465,0.781162,0.338955,-0.054487,18.281298,85.422241,21.919861,0.028075,0.943559,0.106502,0.312356,-10.534657,88.745865,7.805957,0.069792,0.956570,-0.018586,0.282415,-10.064457,54.892426,0.224348,0.014433,0.953552,-0.085046,0.288614,-16.503870,10.646791,0.051605,-0.083175,0.931262,-0.075627,0.346575,2.593396,88.061646,19.527353,0.003528,0.968500,-0.130884,0.211815,6.149458,54.243382,26.414707,0.023700,0.817351,-0.090042,0.568566,3.364836,11.064282,37.683372,0.014433,0.953552,-0.085046,0.288614,-9.704132,2.755369,-9.885459,0.023700,0.817351,-0.090042,0.568566,14.777994,3.139091,33.916756
421,3.508333,0.044503,0.932194,-0.061618,0.353889,-4.007894,88.411865,13.692244,-0.014559,0.901829,0.134279,0.410441,-3.093821,95.549606,13.090131,-0.024128,0.898273,-0.055681,0.435227,-5.757950,114.356018,17.584265,0.056445,0.950779,-0.098435,0.288347,-5.665648,132.250046,15.402376,0.049744,0.989438,-0.062675,0.120874,-2.479558,145.161346,11.857473,-0.071967,0.921495,0.015562,0.381346,-8.602666,126.629951,13.747094,-0.500790,0.581974,-0.300128,0.566072,-20.275480,124.612633,1.969595,-0.581499,0.539806,-0.307975,0.524995,-16.958691,103.130173,-6.372020,-0.697075,0.427502,-0.307914,0.486331,-11.487518,80.258308,-11.388382,-0.060539,0.916542,-0.103972,0.381414,-4.238070,127.276299,19.232624,0.610530,0.781427,0.123785,0.036081,7.483631,130.454880,30.701363,0.627701,0.745592,0.223489,-0.011672,13.348558,108.031357,28.495104,0.500445,0.788950,0.350999,-0.062545,18.439291,85.649094,21.330006,0.027725,0.943510,0.107089,0.312334,-10.573572,88.758476,7.833660,0.069600,0.956650,-0.018538,0.282192,-10.067801,54.912395,0.221589,0.015373,0.953546,-0.085126,0.288560,-16.489759,10.664225,0.051142,-0.083539,0.931173,-0.075240,0.346811,2.557784,88.065262,19.550827,0.003444,0.968450,-0.130756,0.212119,6.144925,54.247139,26.422798,0.023617,0.817344,-0.090164,0.568561,3.366386,11.065003,37.681339,0.015373,0.953546,-0.085126,0.288560,-9.704025,2.764136,-9.888606,0.023617,0.817344,-0.090164,0.568561,14.779436,3.138666,33.916809
422,3.516667,0.044591,0.932302,-0.061675,0.353582,-4.042944,88.417038,13.727282,-0.013738,0.901923,0.133492,0.410519,-3.127595,95.554565,13.124551,-0.024050,0.898228,-0.055998,0.435284,-5.750649,114.370110,17.604570,0.056737,0.951108,-0.098765,0.287088,-5.650695,132.263000,15.413664,0.048927,0.989817,-0.063006,0.117891,-2.461378,145.170349,11.857340,-0.073204,0.920638,0.017036,0.383114,-8.589729,126.643250,13.760734,-0.498163,0.582575,-0.297333,0.569239,-20.211416,124.609734,1.935554,-0.578191,0.542213,-0.306430,0.527068,-16.849440,103.214386,-6.609348,-0.694694,0.429638,-0.307669,0.488008,-11.457865,80.369926,-11.832506,-0.061573,0.916742,-0.103780,0.380818,-4.225778,127.290604,19.246658,0.609108,0.783063,0.121244,0.033171,7.506876,130.496750,30.696510,0.624474,0.746680,0.228045,-0.022303,13.461971,108.099297,28.467155,0.515001,0.775291,0.357392,-0.077258,18.729691,85.919258,20.817528,0.027490,0.943522,0.107869,0.312049,-10.612306,88.765152,7.872918,0.069480,0.956715,-0.018557,0.282000,-10.076433,54.929806,0.215311,0.015856,0.953470,-0.085408,0.288702,-16.488659,10.680193,0.050774,-0.083793,0.931136,-0.074823,0.346937,2.526418,88.068932,19.581646,0.003361,0.968372,-0.130639,0.212551,6.139150,54.249416,26.433334,0.023660,0.817323,-0.089968,0.568620,3.365057,11.064493,37.682278,0.015856,0.953470,-0.085408,0.288702,-9.707471,2.770136,-9.884150,0.023660,0.817323,-0.089968,0.568620,14.779906,3.141368,33.916443
423,3.525000,0.044668,0.932399,-0.061827,0.353290,-4.082119,88.421318,13.764587,-0.012810,0.902007,0.132685,0.410625,-3.165149,95.558479,13.159938,-0.024153,0.898155,-0.056336,0.435386,-5.743195,114.383362,17.626808,0.056916,0.951412,-0.099486,0.285794,-5.640992,132.274704,15.423409,0.048420,0.990171,-0.063357,0.114906,-2.448644,145.175171,11.844836,-0.074622,0.919478,0.019089,0.385523,-8.580144,126.654091,13.773672,-0.494923,0.582978,-0.295248,0.572727,-20.132946,124.607697,1.883399,-0.574701,0.544861,-0.304521,0.529256,-16.735289,103.298256,-6.859800,-0.692001,0.433312,-0.305940,0.489669,-11.426079,80.487946,-12.311585,-0.062241,0.916932,-0.103328,0.380376,-4.217509,127.304863,19.260239,0.607773,0.784672,0.118509,0.029274,7.523610,130.524597,30.697590,0.621299,0.747144,0.233572,-0.034760,13.565678,108.155991,28.413301,0.509969,0.772525,0.367190,-0.091155,18.989462,86.221954,20.185270,0.027188,0.943582,0.108675,0.311613,-10.655001,88.770157,7.914220,0.069342,0.956763,-0.018570,0.281873,-10.085292,54.945774,0.210758,0.015960,0.953451,-0.085716,0.288667,-16.486116,10.694489,0.051694,-0.084106,0.931095,-0.074440,0.347055,2.490764,88.072487,19.614954,0.003282,0.968335,-0.130521,0.212794,6.132110,54.252659,26.449915,0.024322,0.817357,-0.089128,0.568676,3.364217,11.064938,37.689625,0.015960,0.953451,-0.085716,0.288667,-9.708445,2.776573,-9.879363,0.024322,0.817357,-0.089128,0.568676,14.778956,3.148535,33.909355
424,3.533333,0.044775,0.932466,-0.061941,0.353079,-4.124285,88.427231,13.804065,-0.012169,0.902129,0.131486,0.410763,-3.205447,95.564041,13.198233,-0.022650,0.898216,-0.056550,0.435313,-5.742463,114.401924,17.633715,0.057035,0.951789,-0.100239,0.284247,-5.588448,132.294922,15.446927,0.047186,0.990542,-0.063978,0.111835,-2.395794,145.188446,11.843681,-0.076545,0.918606,0.020762,0.387134,-8.543870,126.684380,13.791987,-0.491992,0.584153,-0.291562,0.575935,-20.045391,124.603783,1.858015,-0.571537,0.548166,-0.301538,0.530975,-16.610880,103.401772,-7.128529,-0.689301,0.437924,-0.303347,0.490987,-11.388433,80.634537,-12.838086,-0.063550,0.916792,-0.103034,0.380575,-4.179356,127.317429,19.279133,0.606297,0.786375,0.115819,0.024567,7.551208,130.573898,30.716913,0.617629,0.747616,0.239378,-0.047985,13.688495,108.240173,28.346664,0.507981,0.767202,0.376962,-0.106091,19.278305,86.585930,19.511097,0.026809,0.943707,0.109567,0.310955,-10.699615,88.777390,7.956528,0.069196,0.956948,-0.018553,0.281281,-10.091040,54.965092,0.203136,0.017088,0.953393,-0.085586,0.288833,-16.479101,10.711945,0.050289,-0.084455,0.931024,-0.073875,0.347281,2.451045,88.077072,19.651600,0.003060,0.968152,-0.130416,0.213693,6.126968,54.255508,26.459450,0.025988,0.817414,-0.087080,0.568838,3.369847,11.065203,37.691895,0.017088,0.953393,-0.085586,0.288833,-9.712213,2.788946,-9.884069,0.025988,0.817414,-0.087080,0.568838,14.783973,3.164566,33.876945
425,3.541667,0.044769,0.932593,-0.061935,0.352748,-4.163054,88.427361,13.848565,-0.011396,0.902221,0.130769,0.410812,-3.244538,95.564194,13.242444,-0.022823,0.898156,-0.056905,0.435381,-5.743123,114.410126,17.665533,0.057269,0.952003,-0.100854,0.283264,-5.588939,132.301407,15.464602,0.046763,0.990768,-0.064961,0.109417,-2.391079,145.188644,11.843562,-0.077622,0.917481,0.022653,0.389474,-8.544016,126.689507,13.813606,-0.489355,0.585087,-0.287458,0.579287,-19.979263,124.605011,1.816791,-0.568403,0.551572,-0.297905,0.532859,-16.484932,103.518631,-7.415415,-0.686464,0.442771,-0.299475,0.492987,-11.337900,80.806686,-13.406708,-0.064172,0.917005,-0.102592,0.380076,-4.180441,127.326942,19.300987,0.604387,0.788224,0.114089,0.020086,7.560140,130.595612,30.725002,0.613796,0.747522,0.246317,-0.061597,13.814475,108.305618,28.251371,0.502953,0.762633,0.388265,-0.121157,19.559563,86.969231,18.765991,0.026576,0.943728,0.110590,0.310551,-10.742514,88.777908,8.005703,0.069042,0.957051,-0.018613,0.280962,-10.099702,54.980373,0.190967,0.017349,0.953348,-0.085833,0.288893,-16.476213,10.725525,0.049279,-0.084731,0.931062,-0.073516,0.347188,2.416407,88.076805,19.691429,0.003006,0.968135,-0.130195,0.213906,6.119504,54.254810,26.482361,0.026098,0.817450,-0.086758,0.568829,3.368841,11.059314,37.696423,0.017349,0.953348,-0.085833,0.288893,-9.712573,2.794979,-9.881267,0.026098,0.817450,-0.086758,0.568829,14.784376,3.163333,33.876053
426,3.550000,0.044822,0.932716,-0.061767,0.352443,-4.193318,88.442429,13.874698,-0.010863,0.902229,0.130330,0.410949,-3.275138,95.579491,13.270802,-0.022674,0.898059,-0.057107,0.435563,-5.748631,114.430359,17.686968,0.057558,0.952253,-0.101930,0.281977,-5.585982,132.321045,15.481895,0.046458,0.991047,-0.065890,0.106428,-2.379866,145.197693,11.830600,-0.079177,0.916065,0.025084,0.392336,-8.542690,126.710007,13.830924,-0.486701,0.586011,-0.283510,0.582525,-19.895054,124.615646,1.757351,-0.565234,0.555212,-0.293574,0.534850,-16.346165,103.644371,-7.713140,-0.684000,0.447588,-0.294823,0.494861,-11.269720,81.000412,-14.013982,-0.064583,0.917285,-0.101539,0.379614,-4.181249,127.346909,19.320068,0.602260,0.790302,0.111757,0.014676,7.569307,130.613831,30.734327,0.609497,0.747359,0.253215,-0.076490,13.951862,108.373932,28.140253,0.497439,0.757822,0.399453,-0.136741,19.850948,87.398666,17.968767,0.026515,0.943703,0.111283,0.310382,-10.776484,88.795319,8.036147,0.068797,0.957033,-0.018666,0.281082,-10.116017,55.008232,0.177836,0.016476,0.953321,-0.087139,0.288641,-16.472977,10.750541,0.046031,-0.084889,0.931083,-0.073290,0.347141,2.389847,88.089531,19.713249,0.002833,0.968015,-0.129968,0.214588,6.108908,54.267097,26.493227,0.026444,0.817319,-0.086838,0.568989,3.369649,11.066255,37.689434,0.016476,0.953321,-0.087139,0.288641,-9.709013,2.796169,-9.865221,0.026444,0.817319,-0.086838,0.568989,14.781940,3.163900,33.872555
427,3.558333,0.045803,0.932474,-0.062059,0.352906,-4.238023,88.465553,13.900140,-0.010325,0.902138,0.130044,0.411252,-3.304878,95.600815,13.297831,-0.022415,0.897993,-0.057392,0.435674,-5.756341,114.455017,17.711990,0.058352,0.952401,-0.103004,0.280923,-5.580570,132.344955,15.501781,0.045603,0.991292,-0.067113,0.103710,-2.352170,145.208847,11.825268,-0.080842,0.914641,0.027462,0.395147,-8.540689,126.735497,13.851547,-0.484279,0.587482,-0.278545,0.585450,-19.810179,124.627754,1.702899,-0.562498,0.559100,-0.288239,0.536582,-16.211742,103.786133,-8.031454,-0.681206,0.453396,-0.288038,0.497418,-11.194364,81.223251,-14.661835,-0.064957,0.917591,-0.100663,0.379043,-4.180456,127.370941,19.341818,0.599911,0.792450,0.109774,0.008938,7.582948,130.636948,30.743092,0.604726,0.747011,0.260373,-0.092122,14.103315,108.454201,28.006369,0.492028,0.752235,0.410584,-0.153207,20.154263,87.882591,17.124506,0.026386,0.943633,0.111482,0.310536,-10.813861,88.832062,8.054176,0.068535,0.957151,-0.018371,0.280763,-10.139350,55.047573,0.185887,0.016903,0.953201,-0.088136,0.288710,-16.466625,10.785672,0.037590,-0.085350,0.931089,-0.072824,0.347109,2.337816,88.099045,19.746103,0.002660,0.967895,-0.129742,0.215267,6.098115,54.277332,26.506931,0.026486,0.817244,-0.087021,0.569068,3.370357,11.071131,37.685295,0.016903,0.953201,-0.088136,0.288710,-9.711258,2.805354,-9.858661,0.026486,0.817244,-0.087021,0.569068,14.781345,3.164701,33.872963
428,3.566667,0.045583,0.932842,-0.062738,0.351842,-4.291194,88.467834,13.962904,-0.009579,0.902330,0.128834,0.411230,-3.358279,95.602158,13.349299,-0.022165,0.897921,-0.057543,0.435816,-5.764010,114.469185,17.733782,0.058679,0.952624,-0.103693,0.279843,-5.577405,132.358887,15.522639,0.045384,0.991465,-0.068734,0.101063,-2.341603,145.215363,11.826735,-0.081903,0.913306,0.029793,0.397840,-8.540093,126.751007,13.871673,-0.482416,0.589259,-0.272430,0.588073,-19.732479,124.647942,1.651151,-0.560278,0.563081,-0.281994,0.538059,-16.074539,103.950760,-8.365134,-0.679628,0.458053,-0.281848,0.498854,-11.100717,81.481461,-15.337309,-0.065543,0.917965,-0.099610,0.378314,-4.181442,127.384315,19.363447,0.597204,0.794862,0.107407,0.002491,7.597837,130.653351,30.747450,0.599596,0.746269,0.267863,-0.108703,14.272547,108.536636,27.852762,0.485445,0.746527,0.422289,-0.169447,20.460482,88.417511,16.227352,0.025946,0.943793,0.112917,0.309567,-10.880601,88.827980,8.131844,0.068349,0.957237,-0.018340,0.280516,-10.154240,55.064232,0.179577,0.016959,0.953149,-0.088509,0.288765,-16.464998,10.799965,0.034966,-0.085606,0.931129,-0.072261,0.347056,2.298213,88.107697,19.793964,0.002526,0.967805,-0.129539,0.215794,6.089102,54.283344,26.524460,0.026460,0.817275,-0.086983,0.569031,3.370742,11.072382,37.686657,0.016959,0.953149,-0.088509,0.288765,-9.710852,2.810692,-9.854884,0.026460,0.817275,-0.086983,0.569031,14.782002,3.167042,33.872883
429,3.575000,0.045948,0.932770,-0.062582,0.352013,-4.329491,88.494865,13.989070,-0.008958,0.902263,0.128484,0.411502,-3.392344,95.628998,13.379605,-0.022036,0.897820,-0.057667,0.436015,-5.771931,114.499985,17.761295,0.059102,0.952808,-0.104914,0.278669,-5.578719,132.389374,15.548232,0.045389,0.991634,-0.070356,0.098244,-2.329810,145.233200,11.819977,-0.083721,0.911700,0.032581,0.400915,-8.542384,126.782242,13.896516,0.479687,-0.590873,0.266777,-0.591269,-19.642637,124.668594,1.594064,-0.557683,0.566742,-0.275434,0.540304,-15.931434,104.125366,-8.715253,-0.677268,0.463252,-0.273955,0.501651,-10.980698,81.768143,-16.054491,-0.065898,0.918703,-0.097897,0.376906,-4.186097,127.414810,19.390247,0.594288,0.797333,0.105196,-0.003867,7.627159,130.670090,30.742937,0.594027,0.745165,0.275484,-0.126369,14.463258,108.624313,27.688234,0.478325,0.740606,0.433486,-0.186543,20.771128,89.010475,15.289519,0.025863,0.943878,0.113049,0.309266,-10.916187,88.861732,8.155368,0.067577,0.958072,-0.017924,0.277866,-10.184063,55.099762,0.196081,0.017720,0.953439,-0.089025,0.287600,-16.419046,10.824752,0.052597,-0.085936,0.931097,-0.071883,0.347139,2.257205,88.127998,19.822773,0.002294,0.967618,-0.129304,0.216775,6.077951,54.303802,26.537121,0.026710,0.817157,-0.087297,0.569141,3.372947,11.087293,37.681095,0.017720,0.953439,-0.089025,0.287600,-9.702924,2.817891,-9.848918,0.026710,0.817157,-0.087297,0.569141,14.779541,3.172381,33.873234
430,3.583333,0.045554,0.933073,-0.062377,0.351295,-4.363054,88.515320,14.018241,-0.008277,0.902302,0.128114,0.411544,-3.432699,95.650330,13.408780,-0.021815,0.897726,-0.057658,0.436220,-5.782571,114.525482,17.788586,0.059526,0.953052,-0.105682,0.277451,-5.581844,132.415268,15.579298,0.045490,0.991765,-0.072578,0.095209,-2.323335,145.250458,11.829778,-0.085245,0.910129,0.035284,0.403923,-8.546753,126.809525,13.925023,0.477029,-0.592826,0.260233,-0.594373,-19.557539,124.693703,1.542799,-0.555471,0.570193,-0.268198,0.542588,-15.793374,104.322792,-9.084356,-0.674697,0.468803,-0.265437,0.504531,-10.842155,82.092239,-16.798487,-0.066194,0.919398,-0.096498,0.375518,-4.192840,127.439392,19.420948,0.590889,0.800139,0.102447,-0.011508,7.653998,130.683212,30.741888,0.587201,0.744726,0.281956,-0.145188,14.672193,108.722389,27.494291,0.473422,0.732316,0.443357,-0.207409,21.122097,89.660110,14.331916,0.025620,0.943910,0.113764,0.308925,-10.959280,88.878014,8.195053,0.067337,0.958211,-0.017817,0.277453,-10.198660,55.126427,0.194481,0.018929,0.953345,-0.089161,0.287795,-16.410658,10.848191,0.050434,-0.086115,0.931112,-0.071725,0.347087,2.233171,88.152626,19.841429,0.002064,0.967396,-0.129034,0.217926,6.069655,54.328983,26.549614,0.027021,0.817051,-0.087645,0.569224,3.376479,11.106154,37.671917,0.018929,0.953345,-0.089161,0.287795,-9.707088,2.829637,-9.850125,0.027021,0.817051,-0.087645,0.569224,14.777100,3.180129,33.869278
431,3.591667,0.044692,0.933444,-0.061845,0.350513,-4.389694,88.542610,14.035596,-0.007639,0.902333,0.127986,0.411528,-3.474115,95.679703,13.428095,-0.020951,0.897671,-0.057973,0.436334,-5.799393,114.556526,17.813782,0.059801,0.953250,-0.106452,0.276415,-5.565446,132.446335,15.607934,0.045091,0.991851,-0.074834,0.092724,-2.300204,145.273468,11.836759,-0.086778,0.908654,0.037894,0.406671,-8.539899,126.846291,13.951516,0.476002,-0.595712,0.251185,-0.596201,-19.467472,124.726822,1.496410,-0.554008,0.573962,-0.259833,0.544178,-15.647563,104.549324,-9.474294,-0.672924,0.472603,-0.257164,0.507628,-10.691255,82.456902,-17.572424,-0.066501,0.920109,-0.095315,0.374022,-4.186869,127.467224,19.449158,0.587558,0.802616,0.101255,-0.018174,7.696089,130.702438,30.734652,0.580669,0.742785,0.290234,-0.163884,14.887869,108.828751,27.285093,0.465298,0.724526,0.455243,-0.226527,21.426716,90.373375,13.325779,0.025612,0.943676,0.114296,0.309445,-10.996957,88.895569,8.224334,0.067138,0.958330,-0.017662,0.277099,-10.219856,55.152382,0.190022,0.016119,0.953359,-0.090468,0.287511,-16.411093,10.871256,0.039958,-0.086249,0.931131,-0.071705,0.347007,2.217568,88.189651,19.846859,0.001825,0.967113,-0.128712,0.219370,6.063691,54.367413,26.556593,0.027319,0.816786,-0.088566,0.569447,3.380890,11.137077,37.652214,0.016119,0.953359,-0.090468,0.287511,-9.681830,2.842784,-9.835106,0.027319,0.816786,-0.088566,0.569447,14.772060,3.189199,33.866890
432,3.600000,0.043520,0.933915,-0.061780,0.349417,-4.427877,88.562737,14.073750,-0.006900,0.902492,0.127435,0.411364,-3.529117,95.701447,13.460086,-0.020825,0.897646,-0.057751,0.436421,-5.818723,114.584183,17.839088,0.060689,0.953348,-0.107583,0.275445,-5.583993,132.475098,15.642403,0.045198,0.991897,-0.077152,0.090247,-2.293539,145.288223,11.845572,-0.088084,0.906901,0.040866,0.410003,-8.558263,126.875977,13.982588,0.473102,-0.597433,0.244216,-0.599673,-19.387280,124.766960,1.439936,-0.552552,0.577251,-0.250954,0.546342,-15.502226,104.786011,-9.862617,-0.670904,0.478473,-0.243454,0.511549,-10.509947,82.852608,-18.361023,-0.066619,0.921173,-0.093124,0.371928,-4.206223,127.494011,19.481340,0.583827,0.805346,0.099532,-0.025638,7.728371,130.701340,30.720211,0.573580,0.740381,0.298606,-0.183512,15.108410,108.926010,27.052868,0.456122,0.716608,0.467341,-0.244986,21.712879,91.138046,12.281643,0.025204,0.943695,0.115533,0.308960,-11.050473,88.898384,8.278939,0.067165,0.958467,-0.017717,0.276616,-10.224024,55.173473,0.173127,0.016347,0.953169,-0.091102,0.287928,-16.418995,10.892850,0.030209,-0.086452,0.931177,-0.071441,0.346888,2.194718,88.227097,19.868561,0.001537,0.966758,-0.128370,0.221129,6.061166,54.404675,26.565701,0.028054,0.816522,-0.089242,0.569685,3.389905,11.166388,37.633060,0.016347,0.953169,-0.091102,0.287928,-9.686489,2.848367,-9.829601,0.028054,0.816522,-0.089242,0.569685,14.768575,3.195156,33.859261
433,3.608333,0.045160,0.933448,-0.063303,0.350183,-4.496696,88.555237,14.168525,-0.006940,0.902576,0.125586,0.411748,-3.567727,95.689095,13.543515,-0.020138,0.897667,-0.057878,0.436392,-5.830983,114.590073,17.857038,0.061011,0.953549,-0.107994,0.274515,-5.572097,132.481476,15.667012,0.045047,0.991911,-0.079551,0.088065,-2.275715,145.289536,11.858256,-0.089069,0.905498,0.043703,0.412589,-8.553886,126.886978,14.005070,0.469019,-0.599188,0.237302,-0.603889,-19.306025,124.794922,1.393627,-0.549489,0.579452,-0.242981,0.550687,-15.363746,105.035675,-10.272991,-0.668445,0.481131,-0.235707,0.515884,-10.304517,83.287827,-19.197977,-0.067227,0.921935,-0.091056,0.370440,-4.201105,127.497116,19.504118,0.579648,0.808188,0.098783,-0.032900,7.767695,130.694656,30.709352,0.566315,0.737156,0.307518,-0.203276,15.354345,109.031830,26.804924,0.446523,0.707424,0.480116,-0.263927,21.989429,91.961327,11.223091,0.025021,0.943525,0.117030,0.308930,-11.107295,88.907265,8.361001,0.066854,0.958617,-0.017652,0.276176,-10.236698,55.205883,0.162484,0.019072,0.952983,-0.091747,0.288170,-16.403599,10.921320,0.024553,-0.087338,0.931205,-0.069838,0.346918,2.113903,88.203217,19.976048,0.001528,0.966231,-0.128096,0.223575,6.076201,54.375767,26.591232,0.027268,0.816537,-0.088656,0.569793,3.383140,11.131212,37.628792,0.019072,0.952983,-0.091747,0.288170,-9.705348,2.842655,-9.830637,0.027268,0.816537,-0.088656,0.569793,14.777689,3.182647,33.855099
434,3.616667,0.044592,0.933615,-0.063235,0.349822,-4.537279,88.579453,14.205885,-0.006294,0.902633,0.124928,0.411833,-3.616542,95.714165,13.578534,-0.019600,0.897616,-0.058102,0.436492,-5.845214,114.607681,17.876286,0.061851,0.953708,-0.108628,0.273523,-5.565167,132.498917,15.687515,0.044780,0.991967,-0.081863,0.085411,-2.248460,145.297623,11.864998,-0.090291,0.903908,0.046983,0.415439,-8.552878,126.907944,14.024324,0.464764,-0.600768,0.230746,-0.608135,-19.218826,124.833405,1.337034,-0.545684,0.581935,-0.234938,0.555324,-15.221951,105.297432,-10.681703,-0.666913,0.480997,-0.227419,0.521680,-10.116523,83.751091,-20.057716,-0.067477,0.922854,-0.088693,0.368674,-4.201023,127.512726,19.524693,0.575593,0.810950,0.096416,-0.041912,7.810241,130.685547,30.691439,0.557635,0.734215,0.315803,-0.224142,15.583661,109.138145,26.524553,0.436502,0.697954,0.492311,-0.282764,22.259005,92.852104,10.140887,0.024757,0.943166,0.117938,0.309703,-11.153224,88.923088,8.403953,0.066937,0.958947,-0.017468,0.275017,-10.238955,55.235588,0.153264,0.017138,0.952886,-0.092926,0.288235,-16.408567,10.951439,0.004992,-0.087850,0.931202,-0.069174,0.346930,2.078666,88.235817,20.007818,0.001811,0.965721,-0.128322,0.225639,6.089937,54.408180,26.592449,0.027553,0.816324,-0.089278,0.569987,3.344299,11.168880,37.637638,0.017138,0.952886,-0.092926,0.288235,-9.688113,2.859704,-9.824323,0.027553,0.816324,-0.089278,0.569987,14.731848,3.204393,33.876415
435,3.625000,0.044077,0.933822,-0.063936,0.349208,-4.596097,88.586342,14.268703,-0.005503,0.902849,0.123525,0.411795,-3.679190,95.720428,13.628729,-0.019108,0.897651,-0.058018,0.436453,-5.855978,114.616158,17.888163,0.062604,0.953906,-0.109238,0.272418,-5.561421,132.508438,15.709819,0.044791,0.991992,-0.084230,0.082773,-2.227475,145.298340,11.872884,-0.091171,0.902361,0.050251,0.418219,-8.553778,126.920876,14.043507,0.460251,-0.602294,0.223715,-0.612668,-19.136978,124.874481,1.282558,-0.542351,0.583712,-0.226452,0.560228,-15.076776,105.583931,-11.105707,-0.664645,0.482060,-0.218209,0.527494,-9.882648,84.257759,-20.925861,-0.067961,0.923997,-0.085658,0.366433,-4.201169,127.518890,19.544024,0.571306,0.813698,0.094565,-0.050615,7.862949,130.665421,30.661129,0.548340,0.730777,0.324112,-0.245437,15.827801,109.241501,26.227627,0.426345,0.687059,0.504196,-0.303259,22.516657,93.795830,9.054667,0.024108,0.943037,0.119779,0.309439,-11.220403,88.918053,8.475619,0.067702,0.958528,-0.017579,0.276283,-10.226081,55.258720,0.119925,0.017216,0.952172,-0.094018,0.290228,-16.463482,10.984132,-0.045963,-0.088577,0.931264,-0.068015,0.346806,2.028209,88.254631,20.061785,0.002078,0.965983,-0.128438,0.224448,6.115347,54.424866,26.588583,0.022942,0.816540,-0.095227,0.568918,3.357971,11.188313,37.641613,0.017216,0.952172,-0.094018,0.290228,-9.705487,2.867542,-9.828940,0.022942,0.816540,-0.095227,0.568918,14.738371,3.174976,33.963417
436,3.633333,0.044691,0.933425,-0.064495,0.350086,-4.673142,88.591202,14.342964,-0.004821,0.902942,0.121525,0.412195,-3.744580,95.723465,13.699475,-0.018599,0.897684,-0.057849,0.436430,-5.865939,114.627747,17.897453,0.063535,0.954021,-0.109655,0.271632,-5.557635,132.521423,15.732549,0.044487,0.991972,-0.086663,0.080631,-2.201483,145.303482,11.888804,-0.092031,0.900809,0.053855,0.420918,-8.554321,126.937424,14.062093,0.455605,-0.603524,0.216513,-0.617500,-19.056576,124.925102,1.229064,-0.538559,0.585229,-0.216951,0.566033,-14.917792,105.895546,-11.531262,-0.661316,0.484086,-0.208583,0.533681,-9.606325,84.831947,-21.843058,-0.068193,0.925046,-0.082694,0.364419,-4.201163,127.527954,19.562979,0.566375,0.816640,0.094024,-0.058970,7.911062,130.642197,30.636776,0.539406,0.726182,0.332732,-0.266443,16.094517,109.362831,25.914610,0.414557,0.675374,0.517073,-0.323493,22.733627,94.788254,7.977949,0.023930,0.942569,0.120884,0.310447,-11.285667,88.928246,8.536750,0.066797,0.959517,-0.017344,0.273065,-10.246721,55.286781,0.114793,0.017919,0.952616,-0.094509,0.288565,-16.401695,11.000580,-0.028082,-0.089848,0.931066,-0.066340,0.347336,1.939384,88.254150,20.149178,0.001382,0.965142,-0.128328,0.228104,6.145307,54.424519,26.600737,0.023190,0.817053,-0.095469,0.568131,3.408421,11.185244,37.648193,0.017919,0.952616,-0.094509,0.288565,-9.691707,2.867287,-9.830209,0.023190,0.817053,-0.095469,0.568131,14.775588,3.162810,33.948986
437,3.641667,0.044030,0.933297,-0.064475,0.350515,-4.720751,88.600777,14.392323,-0.004146,0.903059,0.120179,0.412340,-3.800885,95.733925,13.746155,-0.017935,0.897776,-0.057519,0.436312,-5.875607,114.633034,17.904148,0.064325,0.954195,-0.110007,0.270690,-5.551331,132.528961,15.760250,0.044449,0.991930,-0.089181,0.078401,-2.177883,145.304352,11.909495,-0.092721,0.899223,0.057328,0.423691,-8.553533,126.949692,14.083899,0.450386,-0.605026,0.209536,-0.622246,-18.973305,124.975670,1.177889,-0.534713,0.586420,-0.207299,0.572032,-14.780653,106.215561,-11.958289,-0.659581,0.482557,-0.197832,0.541253,-9.339388,85.432526,-22.760040,-0.068798,0.926403,-0.079137,0.361637,-4.198586,127.529739,19.584488,0.561499,0.819461,0.092376,-0.068334,7.978364,130.615158,30.595198,0.528839,0.721480,0.341563,-0.288325,16.362387,109.483208,25.572401,0.404968,0.661830,0.528921,-0.343839,22.960545,95.869843,6.881217,0.024055,0.941823,0.122010,0.312256,-11.329020,88.926491,8.580613,0.066584,0.959605,-0.017460,0.272801,-10.257444,55.304420,0.085609,0.021171,0.952406,-0.094496,0.289042,-16.397064,11.016032,-0.040432,-0.090964,0.931371,-0.064915,0.346496,1.887517,88.275063,20.204031,0.001358,0.964767,-0.128622,0.229518,6.205566,54.446442,26.586481,0.024062,0.817322,-0.096077,0.567604,3.448504,11.213896,37.655258,0.021171,0.952406,-0.094496,0.289042,-9.720692,2.859938,-9.846571,0.024062,0.817322,-0.096077,0.567604,14.794151,3.166701,33.943775
438,3.650000,0.043080,0.933057,-0.064175,0.351326,-4.765242,88.631531,14.445806,-0.003608,0.903055,0.118997,0.412697,-3.859092,95.766434,13.799598,-0.017245,0.897768,-0.057323,0.436382,-5.894044,114.643929,17.917473,0.065070,0.954321,-0.110828,0.269729,-5.550355,132.541534,15.790720,0.044750,0.991897,-0.091331,0.076136,-2.157700,145.306046,11.920784,-0.093290,0.897539,0.060886,0.426630,-8.558125,126.967064,14.108435,0.444755,-0.606247,0.202638,-0.627372,-18.890854,125.037506,1.125947,-0.530569,0.587375,-0.197189,0.578449,-14.634686,106.562256,-12.388108,-0.655373,0.484426,-0.185370,0.549050,-9.050685,86.089005,-23.696714,-0.069045,0.927734,-0.075733,0.358896,-4.203695,127.537239,19.610460,0.555854,0.822540,0.092255,-0.077097,8.038102,130.585312,30.559483,0.518727,0.715727,0.350221,-0.309844,16.656500,109.626350,25.218655,0.392818,0.647642,0.541550,-0.364661,23.145046,96.989861,5.816655,0.024054,0.941240,0.123038,0.313610,-11.364947,88.942390,8.623566,0.066587,0.959498,-0.017484,0.273174,-10.258462,55.337799,0.064141,0.021631,0.952231,-0.095606,0.289218,-16.398890,11.049520,-0.062295,-0.091874,0.931775,-0.063405,0.345447,1.834464,88.320679,20.268045,0.001426,0.963976,-0.129151,0.232527,6.254843,54.490162,26.569866,0.024951,0.817433,-0.097217,0.567213,3.446420,11.269837,37.673370,0.021631,0.952231,-0.095606,0.289218,-9.730027,2.864985,-9.849826,0.024951,0.817433,-0.097217,0.567213,14.766942,3.187702,33.961102
439,3.658333,0.045922,0.931749,-0.066783,0.353942,-4.868315,88.607788,14.614039,-0.004712,0.903044,0.114928,0.413862,-3.908983,95.734100,13.950099,-0.015318,0.897762,-0.056355,0.436592,-5.920593,114.629189,17.903212,0.065347,0.954548,-0.111602,0.268540,-5.529323,132.533020,15.838036,0.044839,0.991846,-0.093792,0.073710,-2.131063,145.289169,11.945522,-0.093777,0.895923,0.064640,0.429359,-8.550560,126.972160,14.134947,0.438456,-0.607077,0.196005,-0.633084,-18.802225,125.092468,1.081067,-0.526074,0.588324,-0.186999,0.584938,-14.469825,106.919731,-12.813580,-0.652482,0.484527,-0.173225,0.556322,-8.751204,86.774567,-24.632622,-0.070280,0.928902,-0.072365,0.356323,-4.197822,127.512192,19.641356,0.550256,0.825359,0.092119,-0.086692,8.099708,130.554672,30.529320,0.509435,0.708416,0.359547,-0.330680,16.933262,109.778557,24.837154,0.378523,0.632702,0.557225,-0.381980,23.214594,98.186150,4.841344,0.023796,0.940762,0.125468,0.314099,-11.431070,88.945076,8.751638,0.066684,0.959634,-0.017443,0.272674,-10.249813,55.381531,0.042444,0.020974,0.952142,-0.097636,0.288882,-16.397608,11.094287,-0.086721,-0.094105,0.932465,-0.059296,0.343710,1.694440,88.270500,20.476440,0.001795,0.963668,-0.129675,0.233506,6.369181,54.433788,26.557568,0.025024,0.818230,-0.096404,0.566198,3.506778,11.225695,37.694855,0.020974,0.952142,-0.097636,0.288882,-9.736510,2.868281,-9.844733,0.025024,0.818230,-0.096404,0.566198,14.823139,3.156883,33.941128
440,3.666667,0.043872,0.931750,-0.065596,0.354422,-4.917268,88.650833,14.630589,-0.002990,0.903000,0.114057,0.414214,-3.991140,95.782074,13.972455,-0.015234,0.897695,-0.055627,0.436828,-5.924088,114.628433,17.910585,0.066345,0.954606,-0.112183,0.267846,-5.541055,132.535309,15.870306,0.045280,0.991758,-0.096126,0.071601,-2.117359,145.281555,11.967682,-0.093810,0.894215,0.068277,0.432340,-8.558633,126.975250,14.158124,0.432641,-0.608305,0.188476,-0.638173,-18.724268,125.158928,1.028211,0.521861,-0.589081,0.176433,-0.591199,-14.326551,107.303154,-13.251532,-0.649497,0.483761,-0.160693,0.564187,-8.466119,87.502296,-25.572294,-0.070833,0.930504,-0.067464,0.352977,-4.208756,127.509918,19.667318,0.543874,0.828606,0.089381,-0.098106,8.165452,130.507477,30.480618,0.496822,0.702498,0.366830,-0.353695,17.225950,109.930862,24.431641,0.367316,0.617399,0.567698,-0.402015,23.323250,99.491341,3.925246,0.023663,0.940237,0.126199,0.315385,-11.477284,88.961319,8.763638,0.066599,0.959511,-0.017582,0.273120,-10.259328,55.410110,0.012105,0.021173,0.952015,-0.098588,0.288963,-16.403149,11.122293,-0.105873,-0.095866,0.933609,-0.057945,0.340334,1.642747,88.340347,20.497540,0.002823,0.964107,-0.130449,0.231240,6.484838,54.515850,26.515362,0.028188,0.818424,-0.097322,0.565611,3.543935,11.326191,37.703571,0.021173,0.952015,-0.098588,0.288963,-9.747411,2.873346,-9.848166,0.028188,0.818424,-0.097322,0.565611,14.806787,3.194119,33.925499
441,3.675000,0.043098,0.931235,-0.065316,0.355917,-4.966257,88.649483,14.706937,-0.002456,0.902817,0.111883,0.415209,-4.050875,95.782219,14.050018,-0.014794,0.897415,-0.055024,0.437493,-5.933767,114.638939,17.918045,0.066852,0.954655,-0.112470,0.267422,-5.544527,132.548691,15.904397,0.046061,0.991614,-0.098511,0.069827,-2.108376,145.289963,11.996506,-0.093632,0.892563,0.071887,0.435197,-8.560581,126.991676,14.179691,0.426609,-0.609035,0.181747,-0.643466,-18.644501,125.244820,0.977549,0.517493,-0.589544,0.165151,-0.597799,-14.172198,107.700539,-13.660629,-0.645365,0.484324,-0.145396,0.572533,-8.152674,88.280251,-26.499535,-0.071155,0.932406,-0.062217,0.348833,-4.218712,127.517532,19.696041,0.537796,0.831409,0.089487,-0.107364,8.251132,130.459137,30.414417,0.485401,0.695003,0.374906,-0.375237,17.529169,110.085884,24.016886,0.353492,0.600637,0.579758,-0.422089,23.379660,100.775063,3.056018,0.023794,0.939268,0.127765,0.317626,-11.508743,88.946907,8.819776,0.067475,0.958651,-0.017961,0.275887,-10.243565,55.423725,-0.031886,0.020744,0.951314,-0.099613,0.290944,-16.471104,11.147615,-0.156865,-0.097700,0.934082,-0.055115,0.338981,1.576229,88.352051,20.594097,0.003241,0.964485,-0.131561,0.229018,6.612391,54.529999,26.464569,0.029730,0.819471,-0.098340,0.563837,3.638527,11.366624,37.745125,0.020744,0.951314,-0.099613,0.290944,-9.771173,2.879040,-9.852109,0.029730,0.819471,-0.098340,0.563837,14.854457,3.191483,33.920715
442,3.683333,0.042782,0.930506,-0.065679,0.357791,-5.033165,88.672661,14.788200,-0.001329,0.902527,0.110245,0.416279,-4.118847,95.805107,14.126621,-0.014637,0.897104,-0.055086,0.438128,-5.940203,114.671753,17.953396,0.068252,0.954604,-0.113325,0.266889,-5.543458,132.581421,15.940489,0.046397,0.991523,-0.100939,0.067389,-2.068906,145.308228,12.019377,-0.093749,0.890800,0.074970,0.438253,-8.558475,127.025208,14.211413,0.419231,-0.609946,0.175333,-0.649207,-18.552511,125.332878,0.934033,0.511851,-0.589714,0.154418,-0.605310,-14.025262,108.125374,-14.082130,-0.641457,0.482415,-0.132499,0.581595,-7.850462,89.113655,-27.447981,-0.071171,0.934362,-0.057281,0.344414,-4.224368,127.549889,19.733978,0.531856,0.833890,0.090493,-0.116478,8.347745,130.430634,30.348915,0.473641,0.686902,0.383016,-0.396394,17.826647,110.269318,23.584908,0.340753,0.582401,0.590584,-0.442615,23.409172,102.097237,2.217951,0.024074,0.938164,0.128867,0.320409,-11.552576,88.959908,8.874991,0.067294,0.958552,-0.017993,0.276271,-10.254640,55.457272,-0.049447,0.021222,0.951225,-0.100615,0.290858,-16.467461,11.179077,-0.169614,-0.100013,0.934551,-0.051879,0.337521,1.486247,88.385414,20.701408,0.003396,0.964146,-0.132472,0.229916,6.756935,54.571056,26.408083,0.030341,0.820055,-0.101377,0.562416,3.740541,11.429283,37.759762,0.021222,0.951225,-0.100615,0.290858,-9.780626,2.884466,-9.851654,0.030341,0.820055,-0.101377,0.562416,14.906462,3.186223,33.934799
443,3.691667,0.042503,0.929691,-0.066128,0.359855,-5.092401,88.678513,14.877113,-0.001160,0.902163,0.108307,0.417577,-4.178039,95.810448,14.210111,-0.012502,0.896789,-0.054865,0.438866,-5.968294,114.699661,17.971600,0.068558,0.954673,-0.114277,0.266159,-5.504412,132.612305,15.999874,0.046605,0.991414,-0.103218,0.065366,-2.019849,145.328705,12.053992,-0.094351,0.889058,0.078191,0.441090,-8.535917,127.070724,14.252752,0.412299,-0.611091,0.168363,-0.654394,-18.442818,125.420525,0.904956,0.507439,-0.589359,0.142416,-0.612274,-13.869113,108.557961,-14.483826,-0.637058,0.482132,-0.115769,0.590172,-7.502822,89.981728,-28.362352,-0.071670,0.936262,-0.051713,0.340004,-4.210115,127.567589,19.784391,0.525424,0.836477,0.089989,-0.127035,8.460458,130.396790,30.295610,0.460593,0.678481,0.390603,-0.418268,18.136320,110.463463,23.145790,0.328490,0.564236,0.600548,-0.461600,23.428404,103.473602,1.411863,0.024610,0.937008,0.129935,0.323307,-11.586147,88.955353,8.935242,0.066963,0.958491,-0.018045,0.276560,-10.271255,55.473698,-0.065130,0.021400,0.951234,-0.101065,0.290658,-16.457075,11.191696,-0.174548,-0.102504,0.935299,-0.048490,0.335197,1.401347,88.401672,20.818985,0.003640,0.964087,-0.133810,0.229387,6.926110,54.598724,26.350222,0.031723,0.821358,-0.103319,0.560081,3.867521,11.488947,37.811649,0.021400,0.951234,-0.101065,0.290658,-9.779141,2.885605,-9.852884,0.031723,0.821358,-0.103319,0.560081,14.973606,3.187215,33.939671
444,3.700000,0.042558,0.928848,-0.066069,0.362029,-5.156790,88.695694,14.948585,-0.001034,0.901663,0.106294,0.419171,-4.240433,95.827675,14.284797,-0.010290,0.896341,-0.053753,0.439974,-5.996560,114.693306,17.968060,0.068963,0.954633,-0.115636,0.265610,-5.476426,132.612122,16.067751,0.046693,0.991295,-0.105478,0.063471,-1.975604,145.313675,12.088561,-0.093879,0.887472,0.081107,0.443849,-8.519184,127.086113,14.291080,0.405269,-0.612178,0.161056,-0.659588,-18.347471,125.505356,0.876924,0.502331,-0.588623,0.130460,-0.619812,-13.723591,109.006012,-14.886038,-0.631948,0.480726,-0.100167,0.599592,-7.158706,90.897110,-29.280132,-0.072644,0.938159,-0.045863,0.335377,-4.206380,127.548958,19.835810,0.518719,0.838959,0.091477,-0.136786,8.563894,130.339676,30.236084,0.447125,0.669706,0.397936,-0.439567,18.445959,110.657898,22.682827,0.315673,0.545831,0.608860,-0.481361,23.425686,104.855003,0.673220,0.024876,0.935739,0.130765,0.326609,-11.622815,88.970650,8.976466,0.066814,0.958304,-0.018117,0.277238,-10.274489,55.504925,-0.078040,0.022028,0.951140,-0.101997,0.290594,-16.449291,11.221376,-0.181955,-0.105032,0.935275,-0.044910,0.334980,1.309236,88.420738,20.920702,0.003653,0.963753,-0.135564,0.229760,7.081789,54.630981,26.276714,0.034956,0.822691,-0.104006,0.557800,3.981614,11.563474,37.884922,0.022028,0.951140,-0.101997,0.290594,-9.785749,2.889814,-9.848313,0.034956,0.822691,-0.104006,0.557800,15.015774,3.201541,33.937569
445,3.708333,0.042747,0.928017,-0.065898,0.364163,-5.225397,88.703979,15.032150,0.000904,0.901234,0.105248,0.420357,-4.305894,95.836052,14.373761,-0.011104,0.895916,-0.054580,0.440719,-5.981349,114.697777,18.047852,0.070079,0.954546,-0.115803,0.265556,-5.472780,132.612732,16.108440,0.047178,0.991131,-0.107911,0.061553,-1.942766,145.307434,12.133204,-0.092712,0.885687,0.084228,0.447067,-8.508094,127.080284,14.339121,0.398111,-0.613154,0.153852,-0.664740,-18.247890,125.595001,0.849721,0.496832,-0.587542,0.118361,-0.627649,-13.574091,109.465981,-15.277578,-0.626250,0.478156,-0.083746,0.610053,-6.803251,91.854630,-30.184490,-0.072683,0.940187,-0.039191,0.330500,-4.204765,127.559029,19.889856,0.511441,0.841591,0.092868,-0.146722,8.673802,130.274765,30.175814,0.433687,0.660257,0.404625,-0.460712,18.773819,110.866440,22.214272,0.305243,0.526833,0.615316,-0.500660,23.389812,106.237923,-0.002570,0.024823,0.934689,0.131745,0.329216,-11.663842,88.980011,9.030357,0.066878,0.957987,-0.018166,0.278312,-10.264197,55.531956,-0.081485,0.022050,0.951088,-0.102999,0.290407,-16.445564,11.249331,-0.189730,-0.107897,0.935591,-0.041127,0.333672,1.213048,88.427948,21.033943,0.003861,0.963686,-0.137500,0.228884,7.265587,54.657948,26.202169,0.037867,0.824293,-0.105111,0.555031,4.118585,11.637855,37.972469,0.022050,0.951088,-0.102999,0.290407,-9.791080,2.895041,-9.842703,0.037867,0.824293,-0.105111,0.555031,15.075107,3.212397,33.944763
446,3.716667,0.042051,0.927343,-0.065303,0.366063,-5.254520,88.721107,15.116094,0.001224,0.900652,0.103790,0.421963,-4.346086,95.855164,14.463806,-0.010365,0.895276,-0.053944,0.442113,-5.991305,114.706436,18.085869,0.070839,0.954395,-0.116878,0.265428,-5.466008,132.624451,16.179447,0.047765,0.990972,-0.110132,0.059705,-1.910246,145.305161,12.182562,-0.092197,0.883736,0.086965,0.450497,-8.499063,127.096924,14.390950,0.390328,-0.614144,0.147203,-0.669927,-18.139172,125.683723,0.822426,0.491150,-0.586077,0.106382,-0.635585,-13.428694,109.929184,-15.660450,-0.621249,0.474920,-0.068404,0.619534,-6.445734,92.833977,-31.062147,-0.072598,0.942396,-0.033180,0.324835,-4.212840,127.563370,19.955952,0.504699,0.843706,0.094067,-0.156813,8.790186,130.209137,30.102623,0.419440,0.649462,0.412386,-0.481879,19.066580,111.067726,21.731148,0.290533,0.507473,0.625207,-0.516892,23.300991,107.670952,-0.667693,0.025003,0.933786,0.132413,0.331491,-11.669573,88.986900,9.088842,0.067016,0.957970,-0.017968,0.278352,-10.243892,55.551712,-0.066087,0.022749,0.951069,-0.103660,0.290180,-16.432112,11.270100,-0.194944,-0.109880,0.935457,-0.038144,0.333753,1.160532,88.455322,21.143345,0.003686,0.963587,-0.139560,0.228057,7.409677,54.698879,26.164070,0.040568,0.826507,-0.106762,0.551218,4.245883,11.729720,38.114536,0.022749,0.951069,-0.103660,0.290180,-9.795323,2.895947,-9.842888,0.040568,0.826507,-0.106762,0.551218,15.110026,3.232984,33.987534
447,3.725000,0.042048,0.926520,-0.064849,0.368221,-5.303668,88.720634,15.204298,0.001726,0.899991,0.101996,0.423803,-4.396154,95.855545,14.560162,-0.009027,0.894570,-0.053500,0.443622,-6.001136,114.709877,18.123560,0.071704,0.954302,-0.117556,0.265231,-5.436574,132.630554,16.253674,0.048030,0.990844,-0.112301,0.057529,-1.855454,145.300568,12.245512,-0.091853,0.881831,0.090089,0.453676,-8.473490,127.112053,14.443994,0.382809,-0.615219,0.140369,-0.674730,-18.019718,125.771454,0.801927,0.485113,-0.584454,0.094222,-0.643585,-13.279256,110.394600,-16.025423,0.615572,-0.471426,0.053403,-0.629267,-6.087585,93.842850,-31.916914,-0.072782,0.944106,-0.027161,0.320358,-4.205719,127.559898,20.024679,0.497672,0.845683,0.096831,-0.166631,8.892920,130.146225,30.063122,0.405280,0.638236,0.420178,-0.501851,19.349438,111.299515,21.257309,0.280305,0.486545,0.632002,-0.534112,23.197369,109.107124,-1.244064,0.024716,0.932904,0.133065,0.333727,-11.690812,88.986229,9.147474,0.067382,0.957909,-0.017684,0.278492,-10.209325,55.562054,-0.038756,0.023139,0.951037,-0.104190,0.290064,-16.421652,11.283931,-0.202039,-0.112324,0.935176,-0.034356,0.334140,1.083478,88.455048,21.261124,0.003517,0.963424,-0.141501,0.227551,7.575840,54.717232,26.094936,0.042250,0.828253,-0.109005,0.548024,4.393517,11.796742,38.214188,0.023139,0.951037,-0.104190,0.290064,-9.795263,2.895103,-9.844380,0.042250,0.828253,-0.109005,0.548024,15.178995,3.232197,34.021549
448,3.733333,0.042048,0.925623,-0.064432,0.370544,-5.354782,88.718559,15.306103,0.002365,0.899359,0.100027,0.425608,-4.447872,95.854248,14.669784,-0.007418,0.893927,-0.053134,0.444990,-6.004566,114.711639,18.170845,0.072329,0.954177,-0.118503,0.265090,-5.391178,132.634659,16.339359,0.047896,0.990711,-0.114411,0.055754,-1.788712,145.292435,12.311689,-0.091211,0.880134,0.092627,0.456579,-8.435505,127.127167,14.508763,0.375115,-0.616469,0.133049,-0.679377,-17.897352,125.858101,0.801231,0.478617,-0.582430,0.081921,-0.651913,-13.135412,110.881020,-16.376953,0.608530,-0.467294,0.037547,-0.640248,-5.726005,94.906364,-32.751656,-0.073198,0.946031,-0.020444,0.315038,-4.184479,127.553429,20.103901,0.490999,0.847267,0.098849,-0.176885,9.025058,130.082062,30.010849,0.391143,0.626246,0.427666,-0.521464,19.624769,111.524811,20.772148,0.268793,0.463862,0.639506,-0.551011,23.050156,110.523781,-1.757847,0.024375,0.931790,0.134032,0.336466,-11.711695,88.983551,9.217533,0.067867,0.957978,-0.017573,0.278144,-10.158368,55.576153,-0.017714,0.022575,0.951099,-0.105293,0.289506,-16.409409,11.303556,-0.200370,-0.114894,0.934852,-0.030273,0.334567,1.002130,88.453568,21.394672,0.003830,0.963133,-0.144234,0.227060,7.752439,54.737949,26.025789,0.044471,0.830379,-0.110500,0.544319,4.493984,11.887497,38.370533,0.022575,0.951099,-0.105293,0.289506,-9.792542,2.893837,-9.831038,0.044471,0.830379,-0.110500,0.544319,15.193974,3.262192,34.084454
449,3.741667,0.042182,0.924864,-0.063956,0.372502,-5.390056,88.714455,15.401912,0.002842,0.898800,0.098261,0.427195,-4.482546,95.850861,14.774567,-0.006047,0.893335,-0.052875,0.446228,-5.999125,114.712379,18.218687,0.073442,0.954016,-0.119290,0.265007,-5.343243,132.637070,16.418415,0.047631,0.990598,-0.116340,0.053963,-1.707765,145.281708,12.379155,-0.090475,0.878655,0.094857,0.459110,-8.393708,127.138916,14.570013,0.366656,-0.617139,0.126941,-0.684535,-17.782606,125.937973,0.806291,0.471394,-0.580017,0.069431,-0.660717,-12.985200,111.354973,-16.698009,0.600407,-0.463302,0.019768,-0.651516,-5.349945,95.999527,-33.554260,-0.073501,0.947888,-0.013858,0.309700,-4.157960,127.547165,20.178068,0.484351,0.848674,0.101897,-0.186479,9.161499,130.018158,29.951492,0.376362,0.613796,0.435058,-0.540676,19.900831,111.762093,20.283899,0.257491,0.440551,0.645137,-0.568693,22.896130,111.953186,-2.200778,0.023724,0.931141,0.134759,0.338016,-11.721147,88.981972,9.286603,0.068519,0.958125,-0.017212,0.277498,-10.093270,55.585957,0.023090,0.022965,0.951154,-0.105849,0.289094,-16.391050,11.320180,-0.202451,-0.117146,0.933939,-0.026126,0.336679,0.941036,88.446938,21.517220,0.003659,0.962825,-0.146360,0.227010,7.922443,54.751362,25.947172,0.046477,0.832180,-0.111974,0.541089,4.636262,11.956048,38.474495,0.022965,0.951154,-0.105849,0.289094,-9.791157,2.895161,-9.831401,0.046477,0.832180,-0.111974,0.541089,15.258415,3.274034,34.110008
450,3.750000,0.042908,0.924013,-0.063979,0.374521,-5.447992,88.685326,15.519063,0.003348,0.898157,0.094968,0.429284,-4.529336,95.820801,14.897360,-0.003595,0.892570,-0.051352,0.447960,-5.985734,114.754776,18.242353,0.073638,0.953794,-0.121150,0.264910,-5.272049,132.686035,16.531757,0.047363,0.990462,-0.118218,0.052602,-1.619880,145.311356,12.447413,-0.091087,0.877159,0.096878,0.461421,-8.330550,127.205589,14.644471,0.357372,-0.617964,0.121705,-0.689634,-17.644655,126.029716,0.827874,0.463423,-0.577298,0.057201,-0.669847,-12.834043,111.837837,-16.991444,0.591935,-0.458332,0.002269,-0.662978,-4.972951,97.128883,-34.313965,-0.073518,0.949707,-0.005943,0.304330,-4.116267,127.574646,20.271381,0.478068,0.849591,0.105375,-0.196324,9.313272,129.967682,29.912672,0.362932,0.599581,0.442583,-0.559378,20.158689,112.018013,19.800037,0.244472,0.417282,0.653510,-0.582267,22.661091,113.371895,-2.614577,0.023063,0.930230,0.135874,0.340116,-11.751437,88.961594,9.375648,0.069207,0.958210,-0.016921,0.277053,-10.033436,55.584366,0.060833,0.023269,0.951149,-0.106055,0.289011,-16.382793,11.326173,-0.203856,-0.119521,0.933060,-0.021803,0.338582,0.855452,88.409058,21.662477,0.003690,0.962411,-0.148707,0.227240,8.081656,54.738117,25.882223,0.047877,0.834101,-0.112759,0.537837,4.742258,12.004739,38.605385,0.023269,0.951149,-0.106055,0.289011,-9.789890,2.894372,-9.831658,0.047877,0.834101,-0.112759,0.537837,15.300001,3.287366,34.155922
451,3.758333,0.042725,0.923520,-0.063186,0.375890,-5.458044,88.665649,15.626343,0.003937,0.897821,0.093375,0.430329,-4.545170,95.802803,15.015528,-0.002770,0.892201,-0.050947,0.448747,-5.958816,114.751328,18.314608,0.074112,0.953641,-0.122591,0.264664,-5.223632,132.684265,16.630980,0.047375,0.990349,-0.119700,0.051356,-1.551402,145.292953,12.513341,-0.090054,0.875684,0.098932,0.463983,-8.284312,127.209679,14.730289,0.348608,-0.618779,0.115782,-0.694392,-17.525459,126.108643,0.858638,0.456218,-0.574111,0.044363,-0.678450,-12.696298,112.320259,-17.269764,0.583091,-0.452926,-0.017845,-0.674199,-4.596047,98.276451,-35.028637,-0.073745,0.951076,-0.000442,0.300025,-4.079900,127.566353,20.365377,0.471451,0.850448,0.108395,-0.206697,9.435432,129.913971,29.897335,0.349262,0.585022,0.450538,-0.576871,20.378742,112.287209,19.332273,0.233805,0.391516,0.661552,-0.595314,22.415960,114.790024,-2.953212,0.022747,0.929503,0.136821,0.341742,-11.743665,88.942276,9.464707,0.069963,0.958275,-0.016631,0.276654,-9.966290,55.581963,0.100541,0.023572,0.951165,-0.106280,0.288850,-16.373041,11.332303,-0.205119,-0.121383,0.932252,-0.017478,0.340392,0.827576,88.389015,21.787977,0.003322,0.961515,-0.150909,0.229572,8.266934,54.737400,25.785652,0.049000,0.835929,-0.114583,0.534502,4.883245,12.062797,38.693043,0.023572,0.951165,-0.106280,0.288850,-9.788888,2.893304,-9.832604,0.049000,0.835929,-0.114583,0.534502,15.369007,3.294063,34.174820
452,3.766667,0.041996,0.923289,-0.061421,0.376832,-5.435015,88.634727,15.718383,0.005041,0.897665,0.093034,0.430716,-4.540756,95.775955,15.127926,-0.003285,0.892064,-0.051617,0.448940,-5.910012,114.699829,18.428404,0.075157,0.953521,-0.122329,0.264926,-5.180207,132.630188,16.715120,0.047084,0.990182,-0.121472,0.050678,-1.481653,145.236237,12.613053,-0.088436,0.874006,0.101887,0.466811,-8.238236,127.151382,14.822308,0.339973,-0.619511,0.109780,-0.698980,-17.401102,126.158081,0.890726,0.448585,-0.570658,0.031417,-0.687120,-12.551130,112.777534,-17.535295,0.574388,-0.446378,-0.036527,-0.685194,-4.213613,99.428230,-35.715008,-0.074469,0.952282,0.005304,0.295949,-4.036298,127.518906,20.458542,0.464883,0.851052,0.112907,-0.216439,9.556609,129.835648,29.887184,0.335583,0.569890,0.457307,-0.594542,20.594332,112.550529,18.865698,0.221358,0.366909,0.667804,-0.608618,22.116323,116.170647,-3.234166,0.022611,0.929069,0.137577,0.342624,-11.709245,88.909996,9.545086,0.070705,0.958537,-0.016369,0.275572,-9.896062,55.563663,0.138105,0.024578,0.951211,-0.105578,0.288873,-16.360020,11.322570,-0.201193,-0.122907,0.931754,-0.014094,0.341363,0.839214,88.359467,21.891680,0.003928,0.961263,-0.153363,0.228994,8.451923,54.726273,25.714243,0.049985,0.838090,-0.115600,0.530795,4.973778,12.118822,38.816906,0.024578,0.951211,-0.105578,0.288873,-9.785995,2.892232,-9.843179,0.049985,0.838090,-0.115600,0.530795,15.391672,3.315815,34.209221
453,3.775000,0.042290,0.923075,-0.060873,0.377409,-5.429704,88.613281,15.827852,0.004522,0.897553,0.091181,0.431352,-4.534116,95.755119,15.246842,-0.000731,0.891916,-0.050656,0.449355,-5.897109,114.752182,18.484524,0.075966,0.953428,-0.124134,0.264189,-5.099935,132.686447,16.843760,0.047048,0.990067,-0.122983,0.049282,-1.373347,145.270462,12.699545,-0.088765,0.872836,0.102927,0.468704,-8.175779,127.226463,14.925623,0.331202,-0.619859,0.105012,-0.703600,-17.277531,126.249763,0.952868,0.440689,-0.567173,0.018284,-0.695538,-12.399941,113.249458,-17.736187,0.565053,-0.439541,-0.057405,-0.695862,-3.840323,100.617287,-36.320625,-0.074015,0.953580,0.011122,0.291689,-3.978945,127.556122,20.567999,0.458809,0.851142,0.115913,-0.227192,9.699845,129.805695,29.888075,0.322042,0.554860,0.464149,-0.610724,20.776705,112.847733,18.407200,0.210649,0.341442,0.674086,-0.620204,21.818497,117.531715,-3.424038,0.022285,0.928580,0.138713,0.343513,-11.695819,88.896194,9.646666,0.071462,0.958886,-0.016007,0.274182,-9.825323,55.570625,0.177535,0.024030,0.951279,-0.106510,0.288352,-16.345461,11.338106,-0.202056,-0.124260,0.931276,-0.010965,0.342293,0.836411,88.330368,22.009039,0.004225,0.961307,-0.155088,0.227636,8.605837,54.714931,25.669012,0.050259,0.840232,-0.116916,0.527081,5.085654,12.155268,38.914986,0.024030,0.951279,-0.106510,0.288352,-9.779564,2.890625,-9.834573,0.050259,0.840232,-0.116916,0.527081,15.441668,3.321403,34.227543
454,3.783333,0.042018,0.922975,-0.060010,0.377824,-5.399906,88.581398,15.936232,0.005412,0.897576,0.090149,0.431511,-4.512356,95.725075,15.365574,-0.000671,0.891944,-0.050081,0.449363,-5.829071,114.746834,18.585440,0.076499,0.953249,-0.125430,0.264069,-5.039275,132.683197,16.964064,0.047122,0.989891,-0.124493,0.048961,-1.291402,145.251404,12.791228,-0.087987,0.871634,0.104844,0.470660,-8.112885,127.224007,15.040038,0.323872,-0.620568,0.098490,-0.707320,-17.157846,126.310410,1.026200,0.433433,-0.563194,0.004382,-0.703512,-12.259422,113.707588,-17.927794,0.555506,-0.432023,-0.077920,-0.706185,-3.468335,101.819656,-36.891281,-0.074665,0.954670,0.016573,0.287674,-3.916158,127.549294,20.682749,0.453040,0.850948,0.119082,-0.237617,9.837111,129.771393,29.899231,0.308491,0.539328,0.470706,-0.626414,20.933271,113.137505,17.971611,0.200753,0.315866,0.678920,-0.631661,21.487551,118.863037,-3.555450,0.022155,0.928268,0.139918,0.343876,-11.660912,88.865105,9.749907,0.072277,0.959274,-0.015776,0.272618,-9.749268,55.562424,0.208716,0.023911,0.951364,-0.106634,0.288036,-16.333982,11.339736,-0.199968,-0.125368,0.931733,-0.008871,0.340701,0.861100,88.297699,22.122557,0.004830,0.961514,-0.156363,0.225874,8.756840,54.698582,25.659954,0.050224,0.842201,-0.117695,0.523759,5.183234,12.174943,39.006912,0.023911,0.951364,-0.106634,0.288036,-9.773869,2.890257,-9.834670,0.050224,0.842201,-0.117695,0.523759,15.490797,3.324610,34.244358
455,3.791667,0.041472,0.923117,-0.058688,0.377743,-5.346857,88.542435,16.043230,0.006228,0.897562,0.089084,0.431749,-4.473787,95.689034,15.487054,-0.000352,0.891835,-0.049630,0.449630,-5.744617,114.708832,18.682060,0.076809,0.953255,-0.125373,0.263985,-4.951383,132.646820,17.080563,0.046930,0.989700,-0.126385,0.048147,-1.196521,145.214050,12.911052,-0.086884,0.870784,0.107396,0.471861,-8.024571,127.190147,15.148771,0.317493,-0.621105,0.091240,-0.710705,-17.038176,126.355576,1.109824,0.426518,-0.558895,-0.010050,-0.711068,-12.106750,114.153549,-18.096191,0.545388,-0.423948,-0.099398,-0.716199,-3.087601,103.033028,-37.414803,-0.075634,0.955462,0.021353,0.284458,-3.831224,127.508751,20.794374,0.447146,0.850575,0.123306,-0.247746,9.978654,129.720123,29.928419,0.296260,0.523016,0.476564,-0.641538,21.092964,113.432434,17.548483,0.190252,0.289427,0.683838,-0.642185,21.122231,120.134079,-3.639807,0.022038,0.928314,0.141422,0.343144,-11.609735,88.826248,9.858807,0.073148,0.959674,-0.015725,0.270974,-9.661944,55.552578,0.224220,0.024074,0.951456,-0.106672,0.287704,-16.320440,11.341080,-0.198812,-0.125826,0.931874,-0.007446,0.340183,0.916022,88.258621,22.227652,0.005529,0.961772,-0.157164,0.224194,8.876538,54.665874,25.679293,0.049605,0.843774,-0.117809,0.521254,5.250114,12.165329,39.085407,0.024074,0.951456,-0.106672,0.287704,-9.769975,2.889540,-9.838264,0.049605,0.843774,-0.117809,0.521254,15.533145,3.319007,34.262749
456,3.800000,0.041266,0.923467,-0.057816,0.377045,-5.285759,88.518166,16.152405,0.006983,0.897887,0.088457,0.431192,-4.420564,95.666481,15.606028,-0.000250,0.892168,-0.048568,0.449085,-5.653144,114.696396,18.793879,0.077024,0.953260,-0.126207,0.263506,-4.874836,132.638138,17.227606,0.047486,0.989442,-0.128304,0.047826,-1.111926,145.195862,13.036759,-0.086246,0.869937,0.109274,0.473108,-7.946540,127.183174,15.288681,0.306273,-0.620748,0.089359,-0.716159,-16.924461,126.403748,1.223719,0.416511,-0.554417,-0.023090,-0.720144,-11.956584,114.570892,-18.202637,0.535517,-0.415103,-0.120380,-0.725548,-2.718436,104.265045,-37.866467,-0.076594,0.956446,0.026033,0.280477,-3.746288,127.493408,20.929617,0.441409,0.849963,0.124078,-0.259471,10.133842,129.696930,29.958469,0.283634,0.505804,0.483089,-0.656002,21.208567,113.725685,17.138590,0.183599,0.263168,0.690314,-0.648461,20.730145,121.418068,-3.654741,0.021996,0.928175,0.143003,0.342866,-11.558226,88.805405,9.977865,0.073959,0.960268,-0.015561,0.268652,-9.572626,55.562801,0.244237,0.024599,0.951525,-0.107226,0.287225,-16.297447,11.361501,-0.196314,-0.126020,0.932616,-0.006917,0.338081,0.986707,88.230927,22.326946,0.006432,0.961948,-0.157489,0.223187,8.979787,54.641045,25.730953,0.050315,0.844838,-0.116419,0.519773,5.283316,12.150610,39.150009,0.024599,0.951525,-0.107226,0.287225,-9.767320,2.893816,-9.835402,0.050315,0.844838,-0.116419,0.519773,15.550393,3.321285,34.262638
457,3.808333,0.040654,0.924115,-0.056693,0.375692,-5.196209,88.481972,16.265965,0.007507,0.898287,0.087993,0.430444,-4.346014,95.632866,15.729897,0.000057,0.892511,-0.047522,0.448516,-5.552623,114.707062,18.918449,0.076901,0.953208,-0.127400,0.263153,-4.782351,132.652451,17.390205,0.047735,0.989160,-0.130316,0.047971,-1.016889,145.198654,13.167277,-0.086552,0.869097,0.111181,0.474150,-7.854736,127.200661,15.443397,0.299799,-0.621123,0.082821,-0.719352,-16.797913,126.448761,1.354824,0.408795,-0.549716,-0.037450,-0.727527,-11.799296,115.003517,-18.294598,0.524882,-0.405820,-0.140935,-0.734810,-2.353367,105.506447,-38.264576,-0.077146,0.957412,0.030907,0.276506,-3.647288,127.500046,21.079552,0.437306,0.848308,0.130509,-0.268522,10.303903,129.682129,30.003479,0.274391,0.487324,0.489686,-0.668904,21.324005,114.039658,16.738852,0.176263,0.235492,0.695030,-0.656055,20.319590,122.607574,-3.609301,0.022081,0.928238,0.144803,0.341933,-11.487487,88.768524,10.110561,0.074908,0.960847,-0.015455,0.266314,-9.474011,55.562138,0.259738,0.024823,0.951610,-0.107549,0.286801,-16.278358,11.373168,-0.196243,-0.125432,0.933331,-0.007187,0.336315,1.095068,88.195427,22.421368,0.007295,0.962061,-0.157424,0.222716,9.050850,54.595543,25.814039,0.048966,0.845633,-0.115852,0.518735,5.287931,12.104329,39.212151,0.024823,0.951610,-0.107549,0.286801,-9.762088,2.896604,-9.836904,0.048966,0.845633,-0.115852,0.518735,15.564966,3.302062,34.296986
458,3.816667,0.040569,0.924796,-0.056179,0.374101,-5.111458,88.455154,16.384039,0.010167,0.898907,0.088709,0.428945,-4.266085,95.606979,15.852883,-0.003323,0.893140,-0.048032,0.447194,-5.385134,114.648880,19.107904,0.077706,0.953212,-0.126666,0.263258,-4.717715,132.592102,17.507650,0.048038,0.988871,-0.132379,0.047987,-0.936025,145.141693,13.309365,-0.085038,0.868449,0.114116,0.474913,-7.766597,127.116142,15.591990,0.292901,-0.621180,0.076295,-0.722858,-16.694242,126.459465,1.488811,0.400585,-0.544548,-0.051501,-0.735083,-11.650563,115.419113,-18.379541,0.513535,-0.395669,-0.161214,-0.744136,-1.992764,106.749001,-38.622467,-0.078425,0.958144,0.034894,0.273115,-3.542634,127.460350,21.213215,0.432242,0.847101,0.132227,-0.279468,10.464178,129.652374,30.047125,0.264090,0.469101,0.495203,-0.681891,21.409988,114.323105,16.362003,0.170680,0.207959,0.700233,-0.661282,19.879536,123.747253,-3.503686,0.022001,0.928578,0.146663,0.340219,-11.423879,88.745781,10.250509,0.075658,0.961498,-0.015250,0.263753,-9.379085,55.576752,0.280987,0.025767,0.951701,-0.108213,0.286168,-16.243896,11.397317,-0.192235,-0.124725,0.933885,-0.007703,0.335028,1.200962,88.164528,22.517569,0.008170,0.962069,-0.156929,0.223001,9.104393,54.552902,25.916281,0.049372,0.846031,-0.113329,0.518604,5.272092,12.048981,39.254288,0.025767,0.951701,-0.108213,0.286168,-9.757697,2.899271,-9.834262,0.049372,0.846031,-0.113329,0.518604,15.564706,3.290324,34.294014
459,3.825000,0.040507,0.925561,-0.055891,0.372253,-5.012887,88.428207,16.503441,0.009034,0.899721,0.087865,0.427436,-4.170940,95.580574,15.974109,-0.001498,0.893986,-0.045875,0.445737,-5.313966,114.695824,19.194387,0.077914,0.953267,-0.128225,0.262240,-4.625017,132.646667,17.691704,0.048725,0.988542,-0.134445,0.048320,-0.834047,145.179352,13.451497,-0.086361,0.868089,0.114974,0.475126,-7.688128,127.185913,15.755425,0.275157,-0.619663,0.082439,-0.730418,-16.601437,126.506340,1.644269,0.385525,-0.539458,-0.062285,-0.745973,-11.515486,115.762856,-18.375475,0.502022,-0.384806,-0.181927,-0.752861,-1.651331,107.995346,-38.883621,-0.078500,0.959200,0.039898,0.268664,-3.445730,127.492676,21.364923,0.428110,0.845541,0.134967,-0.289079,10.641246,129.650146,30.079056,0.255772,0.449657,0.500346,-0.694293,21.498167,114.611053,16.006651,0.166455,0.180176,0.704942,-0.665497,19.411987,124.825218,-3.341193,0.021918,0.929078,0.148708,0.337965,-11.349686,88.722092,10.395258,0.076584,0.961968,-0.015153,0.261770,-9.275286,55.594742,0.294166,0.026501,0.951719,-0.109050,0.285722,-16.217985,11.427662,-0.195081,-0.123337,0.934340,-0.008954,0.334241,1.323910,88.134315,22.611624,0.008903,0.962057,-0.155853,0.223780,9.112687,54.500244,26.052734,0.048189,0.846208,-0.111133,0.518902,5.227938,11.967355,39.282780,0.026501,0.951719,-0.109050,0.285722,-9.755727,2.905808,-9.832164,0.048189,0.846208,-0.111133,0.518902,15.559999,3.266126,34.303490
460,3.833333,0.040479,0.926380,-0.055736,0.370236,-4.904234,88.401115,16.628311,0.009685,0.900550,0.087578,0.425730,-4.064639,95.553764,16.099062,-0.002135,0.894832,-0.044448,0.444179,-5.174185,114.672813,19.322708,0.078332,0.953338,-0.128305,0.261817,-4.531286,132.628220,17.854546,0.048839,0.988192,-0.136820,0.048698,-0.731764,145.158005,13.613382,-0.086322,0.867897,0.117295,0.474917,-7.588993,127.164520,15.918062,0.271097,-0.619790,0.073832,-0.732745,-16.509174,126.522636,1.809479,0.378430,-0.533774,-0.076891,-0.752306,-11.367965,116.179420,-18.406000,0.489683,-0.373387,-0.202211,-0.761514,-1.308240,109.246864,-39.117393,-0.079646,0.959997,0.043639,0.264873,-3.327099,127.469398,21.512867,0.423855,0.843842,0.136549,-0.299387,10.821402,129.637665,30.124039,0.247716,0.430252,0.504890,-0.706120,21.564661,114.886475,15.664981,0.163015,0.152007,0.709221,-0.668824,18.935541,125.843765,-3.137751,0.021693,0.929628,0.150921,0.335475,-11.267447,88.698128,10.547801,0.077641,0.962566,-0.015033,0.259254,-9.153510,55.616104,0.307296,0.028024,0.951727,-0.109614,0.285332,-16.185125,11.463276,-0.198733,-0.121889,0.935076,-0.010181,0.332675,1.458979,88.104103,22.708820,0.009974,0.962058,-0.154697,0.224531,9.132750,54.447018,26.183125,0.045865,0.846027,-0.109777,0.519695,5.168618,11.883837,39.291637,0.028024,0.951727,-0.109614,0.285332,-9.755376,2.918373,-9.837155,0.045865,0.846027,-0.109777,0.519695,15.554051,3.238412,34.326199
461,3.841667,0.041025,0.927189,-0.055817,0.368134,-4.805144,88.384018,16.749054,0.010525,0.901511,0.087752,0.423635,-3.959017,95.535896,16.219734,-0.002939,0.895907,-0.043219,0.442125,-5.033848,114.641121,19.463749,0.077745,0.953629,-0.128133,0.261014,-4.439860,132.600266,18.020905,0.049970,0.987799,-0.139005,0.049340,-0.661148,145.134933,13.775650,-0.086294,0.867441,0.120027,0.475072,-7.493866,127.132439,16.090212,0.269854,-0.620361,0.062906,-0.733739,-16.409279,126.536629,1.976593,0.372323,-0.527652,-0.091955,-0.757960,-11.231473,116.592003,-18.428661,0.477247,-0.360128,-0.220306,-0.770719,-0.981570,110.495880,-39.309196,-0.081212,0.960650,0.048089,0.261235,-3.206402,127.438545,21.665379,0.417932,0.842905,0.131887,-0.312170,10.997638,129.625290,30.179909,0.237888,0.412473,0.507559,-0.718094,21.609062,115.138588,15.360565,0.160771,0.124053,0.712481,-0.671665,18.447222,126.794647,-2.885583,0.021299,0.930255,0.153018,0.332802,-11.194919,88.692062,10.697012,0.078649,0.963223,-0.014791,0.256508,-9.036095,55.653088,0.327700,0.028697,0.951743,-0.111080,0.284647,-16.149870,11.513707,-0.202324,-0.120253,0.935455,-0.011818,0.332151,1.584630,88.075981,22.801096,0.010955,0.962256,-0.153142,0.224703,9.118054,54.393906,26.339800,0.044280,0.845831,-0.107328,0.520662,5.098195,11.789757,39.297390,0.028697,0.951743,-0.111080,0.284647,-9.751537,2.931494,-9.828501,0.044280,0.845831,-0.107328,0.520662,15.538854,3.212538,34.329464
462,3.850000,0.040696,0.928043,-0.055424,0.366070,-4.678063,88.344887,16.877169,0.011491,0.902499,0.087154,0.421626,-3.839586,95.497780,16.349468,-0.003992,0.896927,-0.041564,0.440203,-4.863916,114.613487,19.592104,0.077379,0.953869,-0.127964,0.260329,-4.333361,132.577438,18.184677,0.050503,0.987452,-0.141071,0.049877,-0.569141,145.115829,13.937524,-0.086343,0.867411,0.122731,0.474427,-7.378558,127.103981,16.255999,0.266235,-0.620427,0.055171,-0.735626,-16.314152,126.547134,2.153569,0.365362,-0.520906,-0.106931,-0.764024,-11.097617,116.965652,-18.414902,0.464941,-0.346713,-0.241163,-0.778113,-0.650793,111.741760,-39.433804,-0.082557,0.961384,0.051746,0.257386,-3.067318,127.412010,21.812689,0.414109,0.841053,0.133662,-0.321368,11.196033,129.618652,30.222267,0.231554,0.392411,0.510752,-0.729060,21.684187,115.400757,15.058856,0.159584,0.096277,0.714324,-0.674541,17.968882,127.683937,-2.585183,0.021140,0.930947,0.155435,0.329745,-11.094984,88.652725,10.853915,0.079894,0.963855,-0.014833,0.253734,-8.904055,55.665016,0.329305,0.028424,0.951779,-0.112330,0.284060,-16.126820,11.543393,-0.205017,-0.118369,0.936055,-0.013299,0.331079,1.738858,88.037041,22.900421,0.012239,0.962180,-0.151573,0.226020,9.121810,54.326366,26.483610,0.042036,0.845310,-0.104631,0.522242,5.005227,11.682135,39.277924,0.028424,0.951779,-0.112330,0.284060,-9.743469,2.935137,-9.817864,0.042036,0.845310,-0.104631,0.522242,15.519500,3.186978,34.324291
463,3.858333,0.041068,0.928726,-0.055438,0.364291,-4.568115,88.316437,17.004162,0.012075,0.903754,0.087828,0.418771,-3.725605,95.468880,16.476639,-0.004686,0.898478,-0.041342,0.437042,-4.729154,114.559982,19.752064,0.077643,0.954227,-0.126818,0.259500,-4.229528,132.524368,18.339024,0.050529,0.987073,-0.143360,0.050819,-0.470942,145.073303,14.118068,-0.085940,0.867211,0.125519,0.474135,-7.281951,127.047173,16.432573,0.260214,-0.620107,0.050541,-0.738378,-16.229115,126.545540,2.335407,0.356243,-0.514008,-0.121161,-0.770848,-10.971306,117.293999,-18.373135,0.452317,-0.331934,-0.260813,-0.785625,-0.337206,112.979385,-39.504139,-0.084254,0.961934,0.055328,0.254014,-2.931761,127.360847,21.958504,0.410684,0.838869,0.138102,-0.329492,11.379751,129.598969,30.277452,0.227144,0.371907,0.513260,-0.739361,21.753239,115.675652,14.765803,0.157666,0.069197,0.716741,-0.675748,17.474983,128.521774,-2.284810,0.020687,0.931587,0.157700,0.326878,-11.007391,88.632500,11.005242,0.081095,0.964437,-0.014738,0.251132,-8.767667,55.692673,0.341832,0.029391,0.951771,-0.113522,0.283514,-16.092609,11.588088,-0.208310,-0.116516,0.936238,-0.014585,0.331163,1.871161,88.000381,23.003082,0.013057,0.961943,-0.149910,0.228085,9.105553,54.261978,26.628071,0.039867,0.844852,-0.101944,0.523683,4.924718,11.574757,39.257156,0.029391,0.951771,-0.113522,0.283514,-9.740551,2.946778,-9.812226,0.039867,0.844852,-0.101944,0.523683,15.509237,3.160849,34.314468
464,3.866667,0.040668,0.929529,-0.054798,0.362380,-4.431392,88.268211,17.133457,0.012681,0.904763,0.087383,0.416662,-3.598644,95.422134,16.610661,-0.005408,0.899571,-0.039593,0.434942,-4.566173,114.517715,19.883039,0.076973,0.954571,-0.126668,0.258504,-4.120705,132.486938,18.514105,0.051385,0.986737,-0.145211,0.051228,-0.386066,145.040970,14.287064,-0.086355,0.866924,0.128390,0.473816,-7.167812,127.006599,16.608168,0.255188,-0.620056,0.045537,-0.740497,-16.122692,126.537872,2.514771,0.347799,-0.506568,-0.135958,-0.777136,-10.839565,117.599632,-18.324509,0.439737,-0.317382,-0.281329,-0.791678,-0.023276,114.207863,-39.531181,-0.085728,0.962671,0.058520,0.249983,-2.791940,127.317558,22.113939,0.406765,0.837074,0.138409,-0.338662,11.579068,129.585983,30.321371,0.220928,0.352883,0.514811,-0.749423,21.816414,115.913567,14.499211,0.157825,0.043861,0.716214,-0.678384,17.018393,129.287399,-1.930863,0.020523,0.932096,0.160365,0.324128,-10.895700,88.584259,11.161517,0.082403,0.964861,-0.015025,0.249053,-8.616285,55.702805,0.327726,0.030055,0.951793,-0.114372,0.283029,-16.060825,11.618111,-0.211168,-0.114440,0.936764,-0.015898,0.330339,2.032915,87.952156,23.105398,0.014016,0.961518,-0.148386,0.230800,9.107393,54.183273,26.762062,0.037503,0.844311,-0.099184,0.525257,4.839703,11.457735,39.231483,0.030055,0.951793,-0.114372,0.283029,-9.732837,2.953443,-9.809930,0.037503,0.844311,-0.099184,0.525257,15.498814,3.129554,34.303925
465,3.875000,0.040981,0.930118,-0.054589,0.360862,-4.309280,88.225487,17.269257,0.013707,0.905790,0.087475,0.414372,-3.474280,95.379379,16.749542,-0.006443,0.900800,-0.038779,0.432451,-4.398515,114.463554,20.042334,0.077003,0.954815,-0.126158,0.257842,-4.003144,132.434647,18.682442,0.050974,0.986442,-0.147092,0.051947,-0.274953,144.993835,14.465022,-0.086251,0.867024,0.130775,0.472999,-7.048030,126.948318,16.790209,0.251249,-0.619503,0.040199,-0.742613,-16.029364,126.516518,2.712467,0.338876,-0.499272,-0.150823,-0.783034,-10.692971,117.878578,-18.239582,0.426700,-0.302016,-0.299549,-0.798112,0.271222,115.421463,-39.499142,-0.087506,0.963204,0.061460,0.246585,-2.641901,127.266159,22.271404,0.403711,0.834932,0.141301,-0.346322,11.775196,129.575714,30.386013,0.216042,0.334502,0.515635,-0.758654,21.883467,116.158607,14.265119,0.157395,0.020006,0.713436,-0.682522,16.588997,129.972916,-1.552701,0.020097,0.932708,0.162733,0.321200,-10.792482,88.549881,11.318280,0.083749,0.965713,-0.014817,0.245284,-8.466172,55.720318,0.338084,0.030821,0.951790,-0.115483,0.282505,-16.023584,11.655063,-0.219354,-0.112678,0.937380,-0.016520,0.329165,2.173923,87.901100,23.220232,0.015168,0.961044,-0.147115,0.233499,9.125766,54.105843,26.868450,0.035497,0.843555,-0.096517,0.527105,4.750358,11.349702,39.194874,0.030821,0.951790,-0.115483,0.282505,-9.723274,2.960624,-9.809402,0.035497,0.843555,-0.096517,0.527105,15.481612,3.101392,34.289589
466,3.883333,0.041118,0.930620,-0.054056,0.359631,-4.197142,88.173378,17.400581,0.014345,0.906719,0.086899,0.412436,-3.363739,95.327934,16.887608,-0.006817,0.901891,-0.037210,0.430303,-4.249793,114.426865,20.174486,0.076591,0.955089,-0.125812,0.257117,-3.894184,132.402069,18.858805,0.051150,0.986105,-0.148986,0.052754,-0.183007,144.966965,14.643415,-0.086342,0.867198,0.132741,0.472115,-6.938113,126.914963,16.967319,0.247909,-0.619170,0.034765,-0.744285,-15.946836,126.507164,2.906378,0.330164,-0.491426,-0.165585,-0.788717,-10.572311,118.154648,-18.151377,0.413207,-0.286627,-0.317750,-0.803828,0.541073,116.632416,-39.420956,-0.088205,0.963904,0.064544,0.242780,-2.505974,127.226959,22.427837,0.399678,0.833290,0.140403,-0.355207,11.969226,129.543900,30.436199,0.209976,0.317136,0.515508,-0.767845,21.938168,116.357765,14.040305,0.157433,-0.002631,0.710921,-0.685419,16.159199,130.591110,-1.166640,0.019473,0.933019,0.165187,0.319076,-10.695765,88.504929,11.466845,0.085398,0.966146,-0.015199,0.242976,-8.299115,55.729465,0.341105,0.032192,0.951808,-0.115796,0.282166,-16.007481,11.690182,-0.201253,-0.111055,0.937664,-0.016890,0.328888,2.301480,87.841827,23.334316,0.015876,0.960915,-0.146419,0.234416,9.141788,54.022224,26.967693,0.034443,0.843895,-0.093473,0.527180,4.708313,11.249781,39.216549,0.032192,0.951808,-0.115796,0.282166,-9.735522,2.979686,-9.795313,0.034443,0.843895,-0.093473,0.527180,15.479758,3.075614,34.275387
467,3.891667,0.041379,0.930949,-0.053903,0.358770,-4.095232,88.114555,17.538166,0.015586,0.907550,0.086949,0.410548,-3.259595,95.269043,17.027842,-0.007485,0.902964,-0.036590,0.428090,-4.095708,114.361595,20.337212,0.076218,0.955366,-0.125170,0.256515,-3.774646,132.338104,19.030495,0.050831,0.985829,-0.150630,0.053548,-0.080628,144.911499,14.825360,-0.086261,0.867186,0.135043,0.471499,-6.819396,126.847366,17.150896,0.243366,-0.618826,0.030831,-0.746242,-15.847999,126.475487,3.101708,0.320385,-0.483455,-0.179953,-0.794507,-10.441586,118.391396,-18.052433,0.397953,-0.270359,-0.337559,-0.809070,0.806766,117.818222,-39.297806,-0.089868,0.964508,0.067636,0.238899,-2.360642,127.163063,22.589495,0.396138,0.831539,0.142539,-0.362353,12.167122,129.519058,30.490574,0.206572,0.299257,0.514441,-0.776610,22.028473,116.585350,13.830667,0.158654,-0.024264,0.707682,-0.688060,15.743321,131.143433,-0.769584,0.019185,0.933006,0.167659,0.317839,-10.604367,88.452408,11.616317,0.086722,0.966623,-0.015267,0.240595,-8.148707,55.733276,0.338680,0.032841,0.951818,-0.116588,0.281729,-15.973356,11.714542,-0.207438,-0.109720,0.938075,-0.016743,0.328172,2.413904,87.776695,23.460016,0.016853,0.961168,-0.146116,0.233500,9.174686,53.936302,27.048403,0.032246,0.844303,-0.091871,0.526946,4.675134,11.158806,39.255436,0.032841,0.951818,-0.116588,0.281729,-9.724016,2.982228,-9.796426,0.032246,0.844303,-0.091871,0.526946,15.484836,3.045081,34.298210
468,3.900000,0.041314,0.931207,-0.053112,0.358227,-3.982710,88.050964,17.664305,0.016414,0.908275,0.086852,0.408930,-3.152299,95.206757,17.163757,-0.007630,0.903928,-0.035574,0.426135,-3.952145,114.306816,20.485683,0.075450,0.955721,-0.124770,0.255612,-3.654274,132.285889,19.209108,0.050890,0.985541,-0.152369,0.053880,0.012305,144.867325,15.003993,-0.086346,0.867238,0.137244,0.470751,-6.701900,126.795471,17.333242,0.239218,-0.618232,0.027033,-0.748220,-15.753552,126.452194,3.298165,0.310559,-0.475306,-0.193900,-0.800025,-10.302732,118.623711,-17.940542,0.384856,-0.253983,-0.352742,-0.814218,1.070582,118.985054,-39.123951,-0.090801,0.965136,0.069989,0.235306,-2.219657,127.106026,22.752794,0.392076,0.830082,0.141073,-0.370593,12.359396,129.483597,30.552282,0.201193,0.283959,0.513195,-0.784551,22.088606,116.763161,13.652218,0.159698,-0.044314,0.702451,-0.692167,15.376274,131.629272,-0.376563,0.018928,0.932825,0.170113,0.317083,-10.498801,88.393471,11.750380,0.088279,0.967040,-0.015863,0.238303,-7.981056,55.731167,0.322697,0.033443,0.951949,-0.116993,0.281048,-15.953231,11.738480,-0.186737,-0.108386,0.938264,-0.016198,0.328102,2.533381,87.708466,23.578230,0.017417,0.961177,-0.146312,0.233297,9.221245,53.846645,27.100456,0.031856,0.845158,-0.089002,0.526091,4.671766,11.076003,39.312981,0.033443,0.951949,-0.116993,0.281048,-9.729262,2.993260,-9.780459,0.031856,0.845158,-0.089002,0.526091,15.499273,3.024195,34.294052
469,3.908333,0.040943,0.931394,-0.052073,0.357934,-3.861418,87.999336,17.780909,0.016630,0.908935,0.086798,0.407464,-3.041479,95.157150,17.292101,-0.007136,0.904840,-0.034589,0.424285,-3.827860,114.265755,20.618282,0.075087,0.955934,-0.124532,0.255036,-3.531570,132.247574,19.380743,0.050270,0.985289,-0.153905,0.054706,0.120835,144.833298,15.176137,-0.086352,0.867344,0.138785,0.470102,-6.587980,126.761971,17.505106,0.235226,-0.617595,0.024557,-0.750095,-15.660010,126.439438,3.482699,0.299692,-0.467154,-0.207294,-0.805594,-10.166548,118.816971,-17.819864,0.370097,-0.237085,-0.367078,-0.819801,1.317839,120.115105,-38.906437,-0.091479,0.965717,0.073224,0.231646,-2.083486,127.059509,22.906912,0.388833,0.828479,0.141956,-0.377199,12.548539,129.444244,30.604345,0.198495,0.267569,0.511542,-0.792043,22.165617,116.937065,13.482374,0.163052,-0.063834,0.696914,-0.695450,15.010464,132.045090,0.030084,0.018727,0.932738,0.171785,0.316448,-10.381735,88.342705,11.871692,0.089820,0.967587,-0.015988,0.235481,-7.821671,55.719566,0.342000,0.034028,0.952092,-0.117169,0.280417,-15.930110,11.751768,-0.166041,-0.107157,0.938308,-0.015427,0.328418,2.658899,87.655968,23.690125,0.018052,0.961328,-0.146708,0.232378,9.284284,53.774071,27.136600,0.031203,0.846003,-0.087367,0.525045,4.683795,11.015802,39.373337,0.034028,0.952092,-0.117169,0.280417,-9.729062,2.998812,-9.767552,0.031203,0.846003,-0.087367,0.525045,15.519471,3.004713,34.307098
470,3.916667,0.040697,0.931367,-0.051992,0.358046,-3.775356,87.927696,17.918591,0.017909,0.909585,0.086667,0.405984,-2.959078,95.085922,17.429688,-0.007591,0.905786,-0.034146,0.422289,-3.693321,114.206657,20.774927,0.074732,0.956121,-0.124116,0.254644,-3.421354,132.189346,19.544239,0.049620,0.985046,-0.155288,0.055743,0.217054,144.781082,15.345524,-0.085952,0.867272,0.140749,0.469724,-6.480347,126.701378,17.679743,0.230766,-0.616999,0.022679,-0.752027,-15.566542,126.419739,3.665626,0.288546,-0.458773,-0.220720,-0.810895,-10.034697,118.995491,-17.696928,0.353879,-0.220612,-0.384041,-0.823779,1.546522,121.236763,-38.650970,-0.092276,0.966172,0.076223,0.228443,-1.952155,127.001213,23.061571,0.384707,0.827210,0.140458,-0.384703,12.724217,129.397995,30.670330,0.195226,0.252777,0.509338,-0.799103,22.223709,117.095520,13.335741,0.166679,-0.080757,0.692836,-0.696904,14.654101,132.419235,0.421126,0.018416,0.932336,0.174143,0.316362,-10.294617,88.267426,12.007998,0.091262,0.967903,-0.016124,0.233615,-7.663156,55.700077,0.337513,0.033298,0.952213,-0.117949,0.279766,-15.899075,11.756015,-0.173468,-0.106807,0.938450,-0.013599,0.328205,2.743905,87.587975,23.829184,0.018995,0.961458,-0.147475,0.231276,9.389400,53.697193,27.147198,0.030835,0.846928,-0.085915,0.523814,4.706246,10.962248,39.433949,0.033298,0.952213,-0.117949,0.279766,-9.705647,2.990568,-9.768497,0.030835,0.846928,-0.085915,0.523814,15.542412,2.984476,34.316444
471,3.925000,0.039955,0.931416,-0.050980,0.358147,-3.682623,87.876602,18.037685,0.018617,0.910033,0.086658,0.404948,-2.881458,95.037201,17.558582,-0.007012,0.906481,-0.033354,0.420870,-3.587003,114.164986,20.916834,0.074283,0.956309,-0.123987,0.254130,-3.310050,132.149902,19.720360,0.049493,0.984752,-0.156965,0.056357,0.313043,144.745224,15.519185,-0.085744,0.867062,0.142090,0.469747,-6.377558,126.667068,17.854752,0.229882,-0.616719,0.017764,-0.752659,-15.464218,126.413200,3.840414,0.279390,-0.449713,-0.234286,-0.815358,-9.907057,119.188927,-17.584034,0.339140,-0.204200,-0.397219,-0.827951,1.773126,122.333267,-38.366383,-0.092602,0.966723,0.078394,0.225222,-1.832403,126.954201,23.222954,0.381114,0.826084,0.140341,-0.390693,12.890759,129.355103,30.739454,0.193025,0.239141,0.506422,-0.805661,22.302074,117.248047,13.220162,0.170235,-0.096481,0.686208,-0.700593,14.336885,132.714539,0.806455,0.018120,0.931901,0.176055,0.316604,-10.201658,88.210480,12.126514,0.092729,0.968327,-0.016055,0.231269,-7.505575,55.688847,0.343842,0.033818,0.952206,-0.118452,0.279515,-15.867223,11.768728,-0.183651,-0.106862,0.938600,-0.011562,0.327836,2.836413,87.542732,23.948856,0.020297,0.961614,-0.148431,0.229903,9.533332,53.649216,27.132854,0.031081,0.847613,-0.085231,0.522803,4.736419,10.944134,39.479412,0.033818,0.952206,-0.118452,0.279515,-9.689179,2.988793,-9.775351,0.031081,0.847613,-0.085231,0.522803,15.561870,2.976386,34.323761
472,3.933333,0.039742,0.931303,-0.050326,0.358558,-3.606886,87.840431,18.138567,0.019577,0.910457,0.086920,0.403893,-2.811743,95.002220,17.667475,-0.006720,0.907223,-0.032611,0.419331,-3.483598,114.127373,21.050823,0.074811,0.956373,-0.123635,0.253906,-3.210372,132.114212,19.882568,0.048727,0.984467,-0.158730,0.057049,0.422598,144.710510,15.692860,-0.085422,0.866870,0.143368,0.469771,-6.284324,126.634445,18.018534,0.226577,-0.616123,0.016225,-0.754183,-15.372070,126.410614,4.004385,0.268614,-0.440814,-0.246918,-0.820098,-9.778218,119.340347,-17.461855,0.324318,-0.186674,-0.409922,-0.831826,1.990815,123.384285,-38.037476,-0.092775,0.967107,0.081232,0.222481,-1.720904,126.912811,23.371683,0.378568,0.824414,0.141731,-0.396156,13.042190,129.306564,30.811750,0.193019,0.224997,0.504496,-0.810928,22.343428,117.388245,13.105265,0.174957,-0.112061,0.683266,-0.699985,14.025134,132.998627,1.159409,0.017956,0.931105,0.177850,0.317947,-10.121044,88.174492,12.222030,0.093964,0.968524,-0.016278,0.229929,-7.357346,55.696529,0.335033,0.035397,0.952173,-0.118910,0.279238,-15.830194,11.797667,-0.187102,-0.107814,0.939084,-0.009485,0.326201,2.907273,87.506371,24.055103,0.022104,0.961567,-0.149289,0.229378,9.718087,53.623997,27.113585,0.031461,0.847867,-0.085255,0.522363,4.755210,10.948599,39.497128,0.035397,0.952173,-0.118910,0.279238,-9.683011,2.997410,-9.780006,0.031461,0.847867,-0.085255,0.522363,15.569960,2.975173,34.327812
473,3.941667,0.039470,0.931265,-0.049197,0.358842,-3.536809,87.808205,18.230747,0.020834,0.910712,0.087088,0.403218,-2.750980,94.971931,17.773619,-0.006721,0.907705,-0.031656,0.418360,-3.378053,114.080139,21.180506,0.074485,0.956443,-0.122972,0.254061,-3.120545,132.069183,20.043165,0.048566,0.984092,-0.160666,0.058235,0.500900,144.673737,15.868279,-0.084640,0.866681,0.144638,0.469872,-6.194539,126.590431,18.176235,0.224205,-0.615580,0.013985,-0.755379,-15.283573,126.410210,4.162289,0.258104,-0.431882,-0.259135,-0.824445,-9.655465,119.491539,-17.344358,0.310706,-0.170131,-0.419071,-0.836000,2.191106,124.405197,-37.684830,-0.092866,0.967498,0.083089,0.220043,-1.619668,126.862801,23.519911,0.375291,0.823446,0.141224,-0.401434,13.178900,129.253693,30.890104,0.191735,0.213229,0.501615,-0.816182,22.399155,117.503441,13.029592,0.179170,-0.125266,0.677558,-0.702226,13.753440,133.205353,1.516461,0.017930,0.930223,0.179105,0.319821,-10.047752,88.144669,12.310806,0.095070,0.968881,-0.016104,0.227975,-7.230307,55.697716,0.351959,0.035928,0.952231,-0.119560,0.278694,-15.795594,11.817047,-0.190870,-0.109018,0.938880,-0.007054,0.326451,2.974134,87.471741,24.150688,0.023546,0.961159,-0.150378,0.230230,9.916802,53.604698,27.079803,0.032146,0.848348,-0.085599,0.521484,4.797029,10.964375,39.520164,0.035928,0.952231,-0.119560,0.278694,-9.671107,2.999069,-9.782020,0.032146,0.848348,-0.085599,0.521484,15.588851,2.974610,34.328209
474,3.950000,0.038974,0.931170,-0.047691,0.359346,-3.452536,87.768929,18.318310,0.021499,0.910968,0.087344,0.402549,-2.680899,94.935318,17.879208,-0.006421,0.908211,-0.030664,0.417339,-3.286064,114.044365,21.306530,0.074900,0.956478,-0.122553,0.254010,-3.034919,132.035782,20.205832,0.048448,0.983730,-0.162672,0.058877,0.594142,144.642487,16.044090,-0.084315,0.866433,0.145512,0.470119,-6.111991,126.560234,18.334551,0.221094,-0.615049,0.012021,-0.756761,-15.195099,126.405022,4.316467,0.248499,-0.422706,-0.270636,-0.828447,-9.534163,119.649315,-17.233322,0.298459,-0.154392,-0.429247,-0.838351,2.396515,125.380234,-37.309059,-0.092746,0.967781,0.085819,0.217794,-1.525059,126.822533,23.668381,0.371903,0.822581,0.139104,-0.407060,13.307153,129.196777,30.976051,0.190536,0.202414,0.499856,-0.820285,22.433451,117.588211,12.975189,0.185061,-0.138258,0.673040,-0.702605,13.530311,133.398788,1.854107,0.018007,0.929689,0.180163,0.320774,-9.957788,88.106270,12.392170,0.096262,0.969246,-0.016421,0.225890,-7.109282,55.685902,0.368760,0.036396,0.952466,-0.119399,0.277898,-15.784350,11.826542,-0.152494,-0.110428,0.939021,-0.004794,0.325611,3.052717,87.431595,24.244452,0.025426,0.960584,-0.151332,0.231798,10.139757,53.584152,27.051834,0.032487,0.848487,-0.086020,0.521167,4.818783,10.977796,39.524097,0.036396,0.952466,-0.119399,0.277898,-9.683083,3.009146,-9.758960,0.032487,0.848487,-0.086020,0.521167,15.598728,2.974938,34.327637
475,3.958333,0.038969,0.931015,-0.046952,0.359843,-3.376473,87.724709,18.405325,0.021557,0.911135,0.087561,0.402120,-2.608484,94.892120,17.976528,-0.005606,0.908597,-0.029436,0.416598,-3.213919,114.015594,21.415529,0.074854,0.956499,-0.122184,0.254121,-2.955446,132.010025,20.367073,0.048616,0.983316,-0.164713,0.059959,0.670771,144.620636,16.214705,-0.084132,0.866144,0.146141,0.470489,-6.038350,126.541534,18.484814,0.219291,-0.614516,0.009681,-0.757752,-15.110858,126.404121,4.459679,0.238204,-0.413845,-0.281988,-0.832151,-9.417051,119.787506,-17.124584,0.284408,-0.138095,-0.437043,-0.842042,2.568450,126.331696,-36.917034,-0.092201,0.968094,0.087516,0.215947,-1.442575,126.785896,23.811880,0.368845,0.821768,0.138292,-0.411735,13.419765,129.136551,31.065771,0.190270,0.192162,0.497345,-0.824329,22.473330,117.673805,12.935191,0.189918,-0.148905,0.670568,-0.701497,13.300877,133.551315,2.176027,0.018098,0.929068,0.181307,0.321921,-9.875434,88.066139,12.472516,0.097335,0.969730,-0.016159,0.223359,-6.992076,55.674698,0.379661,0.036852,0.952508,-0.119762,0.277540,-15.755421,11.833152,-0.163211,-0.111999,0.938888,-0.002361,0.325485,3.122487,87.383278,24.338133,0.027320,0.959867,-0.152231,0.233955,10.365861,53.558876,27.021507,0.032518,0.848416,-0.086609,0.521183,4.835939,10.985872,39.516766,0.036852,0.952508,-0.119762,0.277540,-9.670308,3.004870,-9.769929,0.032518,0.848416,-0.086609,0.521183,15.610883,2.970725,34.328876
476,3.966667,0.038775,0.931027,-0.045639,0.360004,-3.299173,87.665894,18.490210,0.022531,0.911392,0.088061,0.401376,-2.540511,94.835274,18.078140,-0.005759,0.909070,-0.028913,0.415598,-3.116264,113.946106,21.548935,0.074540,0.956650,-0.121156,0.254139,-2.871798,131.941574,20.515022,0.048986,0.982932,-0.166561,0.060852,0.740052,144.563965,16.385992,-0.083313,0.865883,0.147501,0.470689,-5.955338,126.472649,18.635038,0.216535,-0.613961,0.007516,-0.759018,-15.026127,126.382027,4.608407,0.228331,-0.404847,-0.293085,-0.835503,-9.298828,119.925797,-17.015532,0.271321,-0.121497,-0.445540,-0.844463,2.734039,127.256630,-36.501144,-0.092642,0.968189,0.089383,0.214564,-1.347871,126.715538,23.952065,0.366705,0.820724,0.138410,-0.415671,13.531640,129.071411,31.168974,0.190173,0.183437,0.495339,-0.827541,22.506853,117.735992,12.919773,0.193444,-0.158562,0.667162,-0.701664,13.119512,133.666748,2.469801,0.018469,0.928351,0.182020,0.323563,-9.796362,88.012329,12.555751,0.097410,0.970590,-0.016166,0.219556,-6.899375,55.639793,0.415611,0.037281,0.953511,-0.118520,0.274555,-15.671372,11.799577,-0.093757,-0.113398,0.938185,-0.000171,0.327031,3.198016,87.319450,24.424669,0.029105,0.958790,-0.152941,0.237665,10.576443,53.516544,27.009090,0.032258,0.848265,-0.086377,0.521484,4.830584,10.971895,39.503498,0.037281,0.953511,-0.118520,0.274555,-9.651327,2.996181,-9.764099,0.032258,0.848265,-0.086377,0.521484,15.614650,2.964969,34.321865
477,3.975000,0.038760,0.931146,-0.044253,0.359869,-3.207491,87.623093,18.556156,0.023190,0.911544,0.088846,0.400819,-2.456243,94.794296,18.162493,-0.006296,0.909367,-0.027886,0.415011,-3.018150,113.875626,21.667191,0.074780,0.956603,-0.120520,0.254544,-2.807321,131.872971,20.658731,0.049112,0.982532,-0.168507,0.061843,0.809026,144.500412,16.549137,-0.082551,0.865478,0.148875,0.471136,-5.883608,126.401222,18.775093,0.215884,-0.613278,0.003122,-0.759786,-14.944569,126.357613,4.741897,0.219369,-0.396001,-0.303571,-0.838394,-9.176062,120.082092,-16.924238,0.257996,-0.106754,-0.451631,-0.847391,2.896614,128.144302,-36.093773,-0.092667,0.968281,0.090769,0.213554,-1.269374,126.644768,24.086214,0.364023,0.820065,0.137070,-0.419753,13.624424,128.994858,31.275469,0.189352,0.175804,0.493552,-0.830449,22.532120,117.773270,12.923137,0.197367,-0.166624,0.664814,-0.700932,12.958961,133.760376,2.757515,0.018798,0.927760,0.182852,0.324767,-9.706408,87.978271,12.624107,0.098233,0.971187,-0.015735,0.216559,-6.795867,55.627651,0.428909,0.037116,0.953672,-0.119071,0.273779,-15.631893,11.800605,-0.106875,-0.114163,0.937235,0.001250,0.329478,3.291425,87.267914,24.488203,0.030483,0.957986,-0.153510,0.240352,10.744614,53.477203,27.016985,0.031954,0.848466,-0.085976,0.521242,4.833750,10.955509,39.512558,0.037116,0.953672,-0.119071,0.273779,-9.629196,2.986132,-9.777908,0.031954,0.848466,-0.085976,0.521242,15.621694,2.960481,34.320641
478,3.983333,0.039588,0.931051,-0.043082,0.360168,-3.148789,87.555336,18.628363,0.023936,0.911535,0.089310,0.400693,-2.392366,94.727074,18.254978,-0.005849,0.909530,-0.026919,0.414725,-2.935083,113.817551,21.790073,0.074198,0.956738,-0.119566,0.254657,-2.724364,131.816986,20.819889,0.049717,0.982055,-0.170873,0.062439,0.871789,144.456711,16.730370,-0.082431,0.865105,0.150057,0.471467,-5.802025,126.349365,18.926556,0.211623,-0.612951,0.002107,-0.761251,-14.853230,126.330482,4.887003,0.208020,-0.388081,-0.312411,-0.841736,-9.065769,120.215630,-16.819984,0.244450,-0.091690,-0.455529,-0.851076,3.043664,128.979889,-35.655308,-0.092734,0.968377,0.092559,0.212319,-1.184368,126.581451,24.235218,0.362753,0.818954,0.136486,-0.423197,13.726598,128.925018,31.390938,0.188874,0.169561,0.492651,-0.832388,22.542051,117.781158,12.946931,0.200104,-0.173987,0.661234,-0.701753,12.843789,133.823776,3.008935,0.018840,0.927223,0.183926,0.325691,-9.642773,87.931221,12.692187,0.099172,0.971606,-0.015469,0.214262,-6.698241,55.608032,0.432567,0.037136,0.953721,-0.119284,0.273512,-15.611221,11.796829,-0.123568,-0.115478,0.936465,0.002747,0.331195,3.345194,87.179451,24.564535,0.032106,0.957355,-0.154532,0.241990,10.912280,53.410107,27.039888,0.031540,0.849124,-0.084869,0.520375,4.819609,10.925663,39.574764,0.037136,0.953721,-0.119284,0.273512,-9.615713,2.977538,-9.794669,0.031540,0.849124,-0.084869,0.520375,15.610282,2.957937,34.346672
479,3.991667,0.039863,0.931211,-0.041822,0.359872,-3.068156,87.483757,18.700853,0.024236,0.911693,0.090084,0.400141,-2.314673,94.656731,18.345575,-0.006064,0.909814,-0.025934,0.414162,-2.857143,113.755943,21.915546,0.072891,0.956891,-0.119117,0.254671,-2.668792,131.757172,20.974316,0.051249,0.981584,-0.172675,0.063643,0.891306,144.407684,16.886593,-0.082223,0.864607,0.151282,0.472026,-5.742466,126.289009,19.076057,0.213785,-0.612208,-0.005541,-0.761227,-14.777202,126.299667,5.025889,0.201858,-0.379243,-0.322121,-0.843603,-8.948607,120.401558,-16.730019,0.233503,-0.079139,-0.458729,-0.853687,3.190640,129.788620,-35.243301,-0.092644,0.968476,0.093737,0.211388,-1.118266,126.517914,24.379162,0.361145,0.818174,0.137070,-0.425884,13.806437,128.853470,31.508827,0.190040,0.162773,0.491253,-0.834302,22.569868,117.812706,12.978217,0.204501,-0.180705,0.660529,-0.699447,12.728116,133.874863,3.264189,0.019040,0.926581,0.185342,0.326700,-9.565519,87.872475,12.769204,0.101004,0.971433,-0.015584,0.214183,-6.588028,55.586098,0.420873,0.035500,0.953312,-0.120325,0.274695,-15.660686,11.808008,-0.159907,-0.116056,0.935221,0.003770,0.334482,3.429208,87.095039,24.632502,0.033547,0.957001,-0.154902,0.242959,11.048242,53.335453,27.081472,0.031262,0.849681,-0.082998,0.519785,4.811851,10.869685,39.608963,0.035500,0.953312,-0.120325,0.274695,-9.621009,2.975999,-9.791842,0.031262,0.849681,-0.082998,0.519785,15.613307,2.943224,34.340553
480,4.000000,0.040667,0.931292,-0.040610,0.359712,-2.996840,87.415710,18.760582,0.025133,0.911688,0.090900,0.399914,-2.238902,94.589188,18.425648,-0.006095,0.909936,-0.024984,0.413952,-2.761441,113.678757,22.037840,0.073714,0.956736,-0.118779,0.255174,-2.588529,131.681702,21.127247,0.050376,0.981206,-0.174895,0.064101,0.993330,144.331451,17.056217,-0.082294,0.864225,0.152612,0.472284,-5.658595,126.214241,19.221180,0.204130,-0.611879,-0.001524,-0.764155,-14.684783,126.246178,5.165566,0.187487,-0.372865,-0.329483,-0.846913,-8.836101,120.484306,-16.621416,0.221243,-0.066687,-0.461699,-0.856410,3.303146,130.542068,-34.779037,-0.092370,0.968384,0.095381,0.211195,-1.031958,126.437950,24.522373,0.359965,0.816971,0.138072,-0.428859,13.897154,128.753357,31.649361,0.190681,0.157312,0.490473,-0.835661,22.581812,117.816696,13.020204,0.207233,-0.186544,0.659563,-0.698021,12.635991,133.915222,3.485543,0.019226,0.926127,0.186176,0.327502,-9.495086,87.825462,12.831320,0.101048,0.972433,-0.015059,0.209611,-6.499691,55.561089,0.429928,0.036219,0.953923,-0.120045,0.272595,-15.569028,11.782363,-0.154657,-0.116925,0.934417,0.004970,0.336406,3.501405,87.005959,24.689842,0.034966,0.956554,-0.155071,0.244406,11.198764,53.261131,27.096981,0.030211,0.849848,-0.081834,0.519759,4.818586,10.808736,39.597355,0.036219,0.953923,-0.120045,0.272595,-9.584202,2.952084,-9.822340,0.030211,0.849848,-0.081834,0.519759,15.642082,2.919550,34.318268
481,4.008333,0.040488,0.931496,-0.039115,0.359370,-2.893342,87.345573,18.821508,0.024604,0.911860,0.092050,0.399292,-2.145639,94.520988,18.505434,-0.004735,0.910291,-0.024402,0.413221,-2.703167,113.630386,22.155317,0.073059,0.956924,-0.118547,0.254764,-2.495017,131.634918,21.283922,0.050804,0.980809,-0.176850,0.064479,1.066284,144.290192,17.212038,-0.083092,0.863878,0.153997,0.472330,-5.579184,126.177895,19.370686,0.208068,-0.611259,-0.011105,-0.763509,-14.599512,126.209846,5.311301,0.182147,-0.364608,-0.338174,-0.848246,-8.721169,120.682320,-16.528364,0.208670,-0.055205,-0.463889,-0.859195,3.431861,131.283875,-34.364586,-0.092652,0.968296,0.096708,0.210869,-0.943826,126.380554,24.665106,0.360077,0.815554,0.138248,-0.431398,13.988140,128.696487,31.785954,0.190879,0.153672,0.490994,-0.835987,22.567341,117.799202,13.084999,0.208944,-0.191069,0.657964,-0.697795,12.595426,133.950806,3.668981,0.019530,0.925889,0.187414,0.327451,-9.396179,87.762253,12.897761,0.102040,0.972882,-0.014944,0.207039,-6.392558,55.530800,0.413046,0.037449,0.953914,-0.119465,0.272715,-15.546639,11.769772,-0.176020,-0.116935,0.933820,0.006011,0.338038,3.609495,86.928902,24.745255,0.036292,0.956299,-0.155770,0.244765,11.327633,53.185028,27.098652,0.029463,0.850321,-0.080640,0.519214,4.814597,10.760530,39.625191,0.037449,0.953914,-0.119465,0.272715,-9.573966,2.944600,-9.855882,0.029463,0.850321,-0.080640,0.519214,15.649637,2.905124,34.319469
482,4.016667,0.041180,0.931511,-0.038096,0.359362,-2.829896,87.285126,18.885487,0.025118,0.911996,0.092769,0.398781,-2.078177,94.460854,18.586697,-0.004724,0.910609,-0.023193,0.412591,-2.626460,113.556793,22.268681,0.072999,0.957039,-0.117977,0.254616,-2.436558,131.563385,21.436977,0.051418,0.980358,-0.179073,0.064712,1.118736,144.224548,17.378145,-0.082910,0.863242,0.155511,0.473027,-5.518284,126.107719,19.516003,0.205661,-0.610663,-0.013580,-0.764598,-14.517593,126.174187,5.443276,0.172979,-0.357705,-0.345774,-0.850039,-8.608159,120.809578,-16.428600,0.196328,-0.043344,-0.466810,-0.861200,3.534687,131.969162,-33.928165,-0.092415,0.968278,0.098043,0.210438,-0.875601,126.303017,24.804277,0.358982,0.814663,0.138154,-0.434016,14.063889,128.603256,31.914419,0.191144,0.149193,0.490716,-0.836901,22.574245,117.777420,13.140647,0.212075,-0.194655,0.659072,-0.694808,12.535898,133.968430,3.876745,0.019457,0.925567,0.188496,0.327745,-9.331838,87.719612,12.962040,0.102965,0.973427,-0.014551,0.204028,-6.294621,55.516167,0.413333,0.037753,0.953918,-0.119780,0.272521,-15.522978,11.771053,-0.198589,-0.116740,0.932746,0.007380,0.341032,3.672045,86.850639,24.808935,0.037147,0.955837,-0.156777,0.245797,11.402517,53.104889,27.093872,0.028654,0.850827,-0.079144,0.518660,4.781380,10.714155,39.677917,0.037753,0.953918,-0.119780,0.272521,-9.560479,2.937065,-9.876680,0.028654,0.850827,-0.079144,0.518660,15.630860,2.899522,34.341587
483,4.025000,0.040886,0.931775,-0.036914,0.358832,-2.734118,87.226265,18.937042,0.024690,0.912045,0.093554,0.398512,-1.992608,94.403625,18.652180,-0.003805,0.910718,-0.021864,0.412432,-2.567875,113.516426,22.359531,0.072169,0.957234,-0.116814,0.254656,-2.367701,131.525467,21.585060,0.052340,0.979752,-0.181908,0.065236,1.159304,144.201950,17.549427,-0.083480,0.862902,0.156849,0.473106,-5.453298,126.077736,19.647820,0.201235,-0.610065,-0.014582,-0.766233,-14.446953,126.150284,5.571510,0.163537,-0.351594,-0.352016,-0.851893,-8.504833,120.953918,-16.332106,0.185732,-0.032990,-0.468439,-0.863123,3.637028,132.610535,-33.505291,-0.092244,0.968173,0.099037,0.210532,-0.808653,126.253487,24.935059,0.358337,0.813839,0.137995,-0.436140,14.130577,128.540573,32.049988,0.193399,0.144107,0.490162,-0.837599,22.576380,117.763351,13.219185,0.216743,-0.198492,0.662666,-0.688837,12.455138,133.971298,4.091974,0.019408,0.925385,0.189958,0.327418,-9.243184,87.663956,13.021660,0.104899,0.973141,-0.014993,0.204372,-6.173637,55.498779,0.382984,0.037414,0.953442,-0.120457,0.273933,-15.576235,11.790794,-0.229445,-0.116156,0.932453,0.008786,0.341996,3.774948,86.788574,24.852425,0.037945,0.955485,-0.157874,0.246341,11.499113,53.034962,27.040493,0.028137,0.851130,-0.078318,0.518317,4.779147,10.680446,39.693909,0.037414,0.953442,-0.120457,0.273933,-9.581344,2.943888,-9.875671,0.028137,0.851130,-0.078318,0.518317,15.636912,2.889273,34.340157
484,4.033333,0.040806,0.931885,-0.035696,0.358679,-2.661085,87.152588,18.988770,0.025241,0.912084,0.094145,0.398248,-1.926981,94.331322,18.719738,-0.004825,0.910810,-0.020073,0.412309,-2.490705,113.432945,22.455400,0.071755,0.957299,-0.115778,0.255001,-2.350774,131.444382,21.724531,0.053494,0.979169,-0.184468,0.065862,1.161074,144.132813,17.713324,-0.082428,0.862140,0.158421,0.474155,-5.418913,125.991104,19.775173,0.202620,-0.609429,-0.020380,-0.766242,-14.385207,126.126480,5.681887,0.157853,-0.344162,-0.359003,-0.853084,-8.416420,121.103645,-16.254930,0.175555,-0.023398,-0.470532,-0.864426,3.735198,133.219604,-33.100147,-0.091594,0.968171,0.099896,0.210419,-0.772974,126.169518,25.061184,0.357418,0.813194,0.138949,-0.437792,14.171841,128.429901,32.172916,0.192170,0.142936,0.490372,-0.837959,22.581064,117.728333,13.282696,0.215759,-0.200512,0.662170,-0.689038,12.452035,133.971893,4.216577,0.019200,0.925288,0.191348,0.326893,-9.172199,87.596832,13.076134,0.105885,0.973533,-0.014980,0.201984,-6.064560,55.467880,0.354916,0.037226,0.953488,-0.120614,0.273728,-15.553218,11.778444,-0.253508,-0.115854,0.932232,0.010684,0.342647,3.850030,86.708344,24.901407,0.038596,0.955004,-0.159265,0.247210,11.598410,52.952431,26.964865,0.027600,0.851566,-0.077372,0.517771,4.781496,10.641825,39.712967,0.037226,0.953488,-0.120614,0.273728,-9.560888,2.929255,-9.899231,0.027600,0.851566,-0.077372,0.517771,15.645954,2.876764,34.334911
485,4.041667,0.041077,0.931969,-0.034917,0.358507,-2.589322,87.103531,19.033714,0.025419,0.912059,0.095027,0.398086,-1.855638,94.282738,18.776426,-0.004336,0.910894,-0.018971,0.412180,-2.426036,113.373909,22.545210,0.072238,0.957319,-0.114826,0.255218,-2.286509,131.387054,21.857742,0.053412,0.978719,-0.186833,0.065945,1.232848,144.082291,17.874763,-0.082441,0.861641,0.160215,0.474458,-5.355167,125.938477,19.896143,0.199692,-0.608837,-0.022383,-0.767424,-14.311792,126.104881,5.797039,0.149898,-0.338381,-0.364862,-0.854345,-8.313447,121.243347,-16.168039,0.165793,-0.014325,-0.472049,-0.865723,3.823940,133.795181,-32.701485,-0.091520,0.968032,0.101047,0.210543,-0.707668,126.104179,25.181194,0.357334,0.812329,0.139434,-0.439308,14.235847,128.353241,32.299244,0.192680,0.140537,0.490624,-0.838100,22.585949,117.688927,13.361779,0.217008,-0.202722,0.663344,-0.686866,12.440433,133.957962,4.368931,0.018958,0.925183,0.192626,0.326454,-9.102217,87.557320,13.123762,0.106768,0.973772,-0.015082,0.200352,-5.955782,55.461777,0.327969,0.037789,0.953502,-0.121196,0.273345,-15.523217,11.789396,-0.271573,-0.115737,0.932496,0.012061,0.341922,3.923573,86.649742,24.943665,0.039480,0.954678,-0.160279,0.247673,11.698626,52.894127,26.909203,0.027289,0.851728,-0.076884,0.517593,4.778287,10.618663,39.718002,0.037789,0.953502,-0.121196,0.273345,-9.550269,2.923899,-9.914341,0.027289,0.851728,-0.076884,0.517593,15.647973,2.867569,34.330372
486,4.050000,0.040683,0.932110,-0.033861,0.358285,-2.504802,87.052544,19.071188,0.025877,0.911990,0.096676,0.397816,-1.781925,94.233261,18.825871,-0.004022,0.911001,-0.018345,0.411977,-2.360468,113.304565,22.658424,0.071302,0.957506,-0.113504,0.255373,-2.220099,131.318649,21.996134,0.053834,0.978154,-0.189471,0.066460,1.267821,144.030991,18.040131,-0.082198,0.861023,0.162132,0.474970,-5.289991,125.873016,20.028292,0.198043,-0.608339,-0.024765,-0.768173,-14.231690,126.081276,5.920275,0.143016,-0.332779,-0.370666,-0.855226,-8.210314,121.357086,-16.068455,0.157447,-0.006671,-0.472897,-0.866911,3.902563,134.313614,-32.305031,-0.091867,0.967803,0.102716,0.210637,-0.640095,126.031021,25.311470,0.351727,0.813198,0.126940,-0.445963,14.299980,128.278503,32.437229,0.187776,0.140901,0.490741,-0.839083,22.560854,117.595840,13.471005,0.220182,-0.204656,0.666378,-0.682331,12.407082,133.943863,4.544985,0.018813,0.925130,0.194152,0.325708,-9.021063,87.506752,13.164979,0.107839,0.973948,-0.015614,0.198877,-5.840730,55.451797,0.276148,0.036850,0.953567,-0.122286,0.272760,-15.510571,11.801428,-0.281793,-0.115638,0.933135,0.012870,0.340179,4.011460,86.598328,24.977394,0.040575,0.954642,-0.161113,0.247094,11.802899,52.842522,26.873737,0.026952,0.852024,-0.076436,0.517190,4.779082,10.598871,39.731121,0.036850,0.953567,-0.122286,0.272760,-9.542306,2.917855,-9.910817,0.026952,0.852024,-0.076436,0.517190,15.650950,2.861162,34.328667
487,4.058333,0.040631,0.932231,-0.032646,0.358092,-2.419749,87.016602,19.098690,0.025772,0.911978,0.097875,0.397559,-1.703874,94.198547,18.869284,-0.003616,0.911120,-0.016985,0.411774,-2.303449,113.252426,22.740740,0.071177,0.957645,-0.112301,0.255420,-2.170090,131.268356,22.129108,0.054200,0.977631,-0.192017,0.066550,1.307235,143.992691,18.202477,-0.081685,0.860481,0.163738,0.475489,-5.238870,125.827133,20.147362,0.196211,-0.607681,-0.027037,-0.769086,-14.166905,126.079926,6.031422,0.136559,-0.327555,-0.375776,-0.856067,-8.113795,121.496071,-15.978283,0.149336,0.000599,-0.473795,-0.867880,3.981508,134.815659,-31.931707,-0.090895,0.967697,0.103567,0.211126,-0.586579,125.972000,25.428810,0.351440,0.812492,0.128330,-0.447077,14.352539,128.180069,32.568890,0.188944,0.138040,0.490874,-0.839219,22.576500,117.555321,13.554146,0.222668,-0.206541,0.668342,-0.679028,12.392564,133.929733,4.702233,0.018540,0.925336,0.195207,0.324507,-8.938528,87.477821,13.195807,0.108699,0.974228,-0.015736,0.197020,-5.733371,55.450642,0.244211,0.038199,0.953507,-0.122586,0.272649,-15.480414,11.817270,-0.299959,-0.115566,0.934095,0.013846,0.337519,4.099030,86.555382,25.001574,0.041675,0.954627,-0.162197,0.246256,11.913940,52.800220,26.810747,0.026917,0.852246,-0.076422,0.516829,4.784452,10.596007,39.739250,0.038199,0.953507,-0.122586,0.272649,-9.535504,2.918737,-9.929618,0.026917,0.852246,-0.076422,0.516829,15.651959,2.858848,34.327251
488,4.066667,0.040404,0.932478,-0.031742,0.357555,-2.339699,86.966240,19.138952,0.025822,0.911967,0.098694,0.397377,-1.631662,94.149292,18.920115,-0.003561,0.911134,-0.015801,0.411792,-2.241640,113.202370,22.822334,0.070332,0.957711,-0.111132,0.255915,-2.124031,131.219711,22.250399,0.054689,0.977105,-0.194175,0.067614,1.327018,143.959000,18.349155,-0.080862,0.860226,0.164847,0.475708,-5.188023,125.780190,20.256620,0.195011,-0.607143,-0.029391,-0.769730,-14.113577,126.076172,6.139943,0.130711,-0.322420,-0.380544,-0.856823,-8.036195,121.616341,-15.888556,0.141812,0.006944,-0.474670,-0.868637,4.046204,135.270462,-31.566572,-0.090877,0.967539,0.104785,0.211260,-0.535934,125.917480,25.538450,0.351454,0.811878,0.128873,-0.448024,14.401406,128.115433,32.685375,0.189277,0.136350,0.491263,-0.839192,22.585430,117.517197,13.638626,0.223872,-0.208066,0.668721,-0.677793,12.399294,133.914474,4.838052,0.018357,0.925297,0.196948,0.323575,-8.865570,87.429901,13.244102,0.109484,0.974366,-0.016274,0.195857,-5.622168,55.449642,0.186542,0.037888,0.953578,-0.123734,0.271924,-15.446772,11.833140,-0.313066,-0.115362,0.934578,0.014824,0.336207,4.186173,86.502579,25.033804,0.042773,0.954619,-0.163109,0.245496,12.013332,52.746105,26.763803,0.025736,0.852456,-0.076683,0.516503,4.781178,10.576698,39.748749,0.037888,0.953578,-0.123734,0.271924,-9.518957,2.911381,-9.931767,0.025736,0.852456,-0.076683,0.516503,15.656643,2.849334,34.338730
489,4.075000,0.040677,0.932622,-0.030801,0.357230,-2.268381,86.936546,19.151161,0.025875,0.911945,0.100020,0.397093,-1.561583,94.120125,18.946165,-0.002899,0.911262,-0.014477,0.411563,-2.188898,113.157547,22.894777,0.071013,0.957753,-0.110460,0.255863,-2.069317,131.176483,22.376120,0.054232,0.976779,-0.196046,0.067282,1.394537,143.918854,18.496346,-0.080572,0.859811,0.166374,0.475977,-5.135013,125.743271,20.367819,0.192696,-0.606909,-0.030957,-0.770436,-14.053578,126.074471,6.247513,0.124996,-0.317847,-0.384629,-0.857560,-7.967345,121.739326,-15.803419,0.134741,0.013768,-0.476029,-0.868937,4.105535,135.691544,-31.224218,-0.090405,0.967382,0.105636,0.211753,-0.480203,125.864349,25.647646,0.351410,0.811270,0.129677,-0.448927,14.453030,128.038818,32.810310,0.189302,0.135056,0.491691,-0.839145,22.600782,117.474434,13.729241,0.224733,-0.209797,0.667506,-0.678171,12.421114,133.890625,4.974069,0.017821,0.925652,0.198416,0.321687,-8.797946,87.410912,13.261254,0.109986,0.974533,-0.016830,0.194693,-5.513538,55.469585,0.118913,0.038604,0.953660,-0.125031,0.270943,-15.391460,11.864567,-0.329314,-0.115138,0.934768,0.015331,0.335734,4.261183,86.462173,25.041067,0.043633,0.954744,-0.163814,0.244388,12.086607,52.703167,26.728985,0.025433,0.852731,-0.076326,0.516117,4.781315,10.561026,39.761429,0.038604,0.953660,-0.125031,0.270943,-9.501922,2.910042,-9.941074,0.025433,0.852731,-0.076326,0.516117,15.658009,2.844745,34.338085
490,4.083333,0.040681,0.932809,-0.029637,0.356840,-2.191550,86.905632,19.162794,0.026240,0.911780,0.101141,0.397165,-1.490755,94.090233,18.973181,-0.003308,0.911116,-0.012828,0.411936,-2.122171,113.096405,22.962070,0.070829,0.957776,-0.108933,0.256481,-2.040305,131.116882,22.491541,0.054334,0.976332,-0.198076,0.067746,1.412522,143.874268,18.651480,-0.079320,0.859361,0.167872,0.476473,-5.092943,125.682571,20.466370,0.190964,-0.606400,-0.032596,-0.771200,-14.002419,126.077522,6.341959,0.119631,-0.313619,-0.388504,-0.858135,-7.892295,121.855804,-15.724376,0.128101,0.019416,-0.476670,-0.869482,4.164925,136.084900,-30.902529,-0.090073,0.967260,0.106632,0.211957,-0.442495,125.799408,25.750137,0.350793,0.810893,0.130245,-0.449925,14.489855,127.955017,32.920353,0.189271,0.133128,0.491832,-0.839378,22.616005,117.438019,13.803925,0.226292,-0.210907,0.668593,-0.676235,12.418242,133.882980,5.113865,0.017661,0.925572,0.199642,0.321166,-8.726022,87.387733,13.278955,0.110623,0.974732,-0.017336,0.193285,-5.411126,55.479866,0.063197,0.040169,0.953666,-0.125459,0.270495,-15.353219,11.888972,-0.337778,-0.115053,0.935154,0.015654,0.334671,4.342921,86.423531,25.046631,0.044523,0.954613,-0.164430,0.244323,12.172357,52.663887,26.702696,0.025094,0.852894,-0.076103,0.515899,4.779122,10.546839,39.766617,0.040169,0.953666,-0.125459,0.270495,-9.498325,2.915564,-9.953099,0.025094,0.852894,-0.076103,0.515899,15.658710,2.839432,34.336452
491,4.091667,0.040705,0.932987,-0.028712,0.356447,-2.117717,86.877571,19.172701,0.025645,0.911765,0.102588,0.396867,-1.421426,94.062920,18.995371,-0.001674,0.911279,-0.012066,0.411609,-2.095803,113.078430,23.030165,0.069190,0.958046,-0.107983,0.256322,-1.971727,131.099884,22.608896,0.054729,0.975934,-0.199624,0.068617,1.432202,143.873779,18.780071,-0.079855,0.858884,0.169293,0.476740,-5.038580,125.678345,20.570988,0.189267,-0.606375,-0.034575,-0.771552,-13.936699,126.083351,6.439705,0.114468,-0.309474,-0.391820,-0.858837,-7.831338,121.981392,-15.650522,0.121984,0.023865,-0.477093,-0.870019,4.225679,136.461212,-30.589836,-0.089987,0.967175,0.107583,0.211895,-0.384224,125.769760,25.851812,0.350920,0.810344,0.129912,-0.450911,14.549507,127.915833,33.022007,0.188941,0.131836,0.491906,-0.839613,22.630157,117.402008,13.884562,0.226172,-0.212373,0.668078,-0.676325,12.422578,133.864136,5.246820,0.017433,0.925580,0.200811,0.320427,-8.657093,87.366203,13.294855,0.111250,0.974947,-0.017837,0.191792,-5.311829,55.490261,0.009887,0.040516,0.953746,-0.126422,0.269710,-15.316977,11.913383,-0.343032,-0.114960,0.935640,0.016007,0.333326,4.421659,86.388939,25.050549,0.045359,0.954610,-0.165093,0.243735,12.255602,52.628563,26.670280,0.025650,0.853175,-0.075284,0.515526,4.785179,10.537762,39.774834,0.040516,0.953746,-0.126422,0.269710,-9.489129,2.916893,-9.953216,0.025650,0.853175,-0.075284,0.515526,15.659290,2.839837,34.320305
492,4.100000,0.040284,0.933318,-0.027488,0.355722,-2.027379,86.855629,19.165657,0.025770,0.911672,0.104137,0.396668,-1.343156,94.042458,19.002096,-0.001369,0.911260,-0.011107,0.411680,-2.036032,113.038483,23.091728,0.069157,0.958068,-0.107226,0.256565,-1.916134,131.060760,22.706490,0.053921,0.975839,-0.200229,0.068845,1.483411,143.841751,18.897486,-0.079379,0.858591,0.170897,0.476776,-4.981408,125.642601,20.657293,0.187245,-0.606272,-0.035828,-0.772069,-13.880928,126.087784,6.528106,0.109152,-0.305733,-0.394847,-0.859482,-7.773878,122.089729,-15.580691,0.115582,0.028586,-0.477451,-0.870554,4.279284,136.805603,-30.290693,-0.089585,0.966855,0.109040,0.212781,-0.327858,125.724541,25.938984,0.350461,0.809861,0.130522,-0.451958,14.595725,127.843132,33.138420,0.188727,0.130383,0.491837,-0.839928,22.647360,117.373657,13.964459,0.226655,-0.213614,0.667934,-0.675914,12.420738,133.852737,5.381702,0.017131,0.925717,0.201809,0.319419,-8.576444,87.345604,13.298720,0.112006,0.975068,-0.018307,0.190687,-5.203853,55.496822,-0.044356,0.041073,0.953747,-0.127354,0.269187,-15.282397,11.936561,-0.358011,-0.114742,0.936177,0.015894,0.331896,4.521686,86.365646,25.032595,0.046340,0.954616,-0.165668,0.243136,12.341577,52.601551,26.642632,0.024785,0.853207,-0.076021,0.515407,4.783740,10.535812,39.777500,0.041073,0.953747,-0.127354,0.269187,-9.478816,2.916420,-9.960705,0.024785,0.853207,-0.076021,0.515407,15.661030,2.833838,34.335045
493,4.108333,0.040552,0.933348,-0.026872,0.355660,-1.969273,86.829170,19.169083,0.026067,0.911560,0.105172,0.396632,-1.284612,94.016174,19.015150,-0.000908,0.911270,-0.009819,0.411691,-1.982792,112.999901,23.144833,0.069681,0.958123,-0.105527,0.256922,-1.866879,131.023193,22.808737,0.052946,0.975643,-0.201411,0.068930,1.537097,143.817215,19.047745,-0.078970,0.858240,0.172240,0.476992,-4.930914,125.609970,20.744715,0.185183,-0.606332,-0.037377,-0.772445,-13.825718,126.090454,6.613708,0.104116,-0.302218,-0.397315,-0.860212,-7.727332,122.206406,-15.517796,0.109203,0.033244,-0.477503,-0.871183,4.334577,137.129898,-30.009842,-0.089570,0.966654,0.109727,0.213348,-0.277484,125.678543,26.026705,0.349870,0.809623,0.130261,-0.452917,14.638123,127.789070,33.245026,0.188162,0.129372,0.491676,-0.840305,22.668642,117.346107,14.047768,0.226797,-0.215420,0.666536,-0.676674,12.426475,133.834854,5.513950,0.017141,0.925161,0.202583,0.320537,-8.518735,87.327469,13.303286,0.112651,0.975227,-0.018540,0.189467,-5.113228,55.500443,-0.083262,0.040587,0.953797,-0.128626,0.268474,-15.251499,11.953894,-0.375007,-0.114652,0.936205,0.016109,0.331838,4.580188,86.330879,25.034878,0.046881,0.954513,-0.166125,0.243123,12.399328,52.565826,26.628384,0.024576,0.853421,-0.075557,0.515131,4.785988,10.518154,39.789024,0.040587,0.953797,-0.128626,0.268474,-9.462827,2.909011,-9.963414,0.024576,0.853421,-0.075557,0.515131,15.665661,2.828326,34.334164
494,4.116667,0.040428,0.933429,-0.026007,0.355528,-1.897819,86.808167,19.160887,0.026245,0.911393,0.106449,0.396664,-1.219273,93.995972,19.017872,-0.000539,0.911212,-0.008584,0.411848,-1.931062,112.966850,23.194454,0.069075,0.958272,-0.104673,0.256879,-1.821315,130.990982,22.904425,0.052958,0.975566,-0.201775,0.068939,1.561383,143.795593,19.160311,-0.078446,0.858048,0.173454,0.476985,-4.882765,125.581970,20.825546,0.182962,-0.606294,-0.038362,-0.772956,-13.780543,126.097275,6.697641,0.099271,-0.298941,-0.399545,-0.860897,-7.683460,122.312614,-15.451434,0.103261,0.037610,-0.477776,-0.871581,4.387747,137.427551,-29.735857,-0.089680,0.966426,0.111268,0.213538,-0.231146,125.638664,26.109272,0.349545,0.809332,0.131580,-0.453306,14.681087,127.740356,33.337128,0.188505,0.127460,0.490976,-0.840930,22.705744,117.344582,14.111827,0.227546,-0.216104,0.666845,-0.675899,12.415442,133.831741,5.642813,0.016572,0.925380,0.203423,0.319401,-8.449116,87.309959,13.297441,0.113637,0.975265,-0.019029,0.188631,-5.004697,55.505264,-0.132160,0.041009,0.953699,-0.129558,0.268312,-15.236259,11.980325,-0.389474,-0.114576,0.936296,0.016158,0.331603,4.653479,86.306366,25.024330,0.047576,0.954393,-0.166598,0.243138,12.469273,52.540218,26.610983,0.024354,0.853526,-0.075487,0.514978,4.786621,10.512477,39.794968,0.041009,0.953699,-0.129558,0.268312,-9.461994,2.912641,-9.965026,0.024354,0.853526,-0.075487,0.514978,15.667437,2.826884,34.336426
495,4.125000,0.040647,0.933386,-0.025268,0.355668,-1.841428,86.789177,19.149122,0.027642,0.911212,0.107896,0.396595,-1.163707,93.977280,19.017292,-0.002427,0.911150,-0.007354,0.412003,-1.847033,112.900284,23.258480,0.068530,0.958297,-0.103658,0.257343,-1.817508,130.924911,22.980839,0.053102,0.975536,-0.201690,0.069506,1.547206,143.741150,19.260355,-0.076844,0.857482,0.175273,0.477597,-4.854208,125.503754,20.897331,0.180826,-0.606373,-0.039802,-0.773324,-13.740751,126.098999,6.765501,0.094190,-0.296058,-0.401174,-0.861706,-7.653370,122.426498,-15.405109,0.096808,0.041197,-0.476651,-0.872774,4.437575,137.710648,-29.491413,-0.089169,0.966223,0.111939,0.214318,-0.204464,125.577545,26.182493,0.348172,0.809281,0.131943,-0.454347,14.699676,127.654457,33.434166,0.187489,0.126419,0.490787,-0.841424,22.724964,117.325279,14.173266,0.227524,-0.217999,0.666300,-0.675835,12.414120,133.832092,5.760116,0.016064,0.925417,0.204048,0.318919,-8.390654,87.299095,13.284065,0.114447,0.975311,-0.019420,0.187865,-4.906653,55.510925,-0.174405,0.041284,0.953674,-0.130452,0.267926,-15.214581,12.003848,-0.403322,-0.114649,0.936216,0.016196,0.331803,4.707797,86.279259,25.014179,0.048156,0.954289,-0.166978,0.243169,12.528780,52.514362,26.601707,0.024340,0.853650,-0.075146,0.514822,4.788314,10.502943,39.803875,0.041284,0.953674,-0.130452,0.267926,-9.457289,2.915110,-9.969127,0.024340,0.853650,-0.075146,0.514822,15.669793,2.824479,34.336628
496,4.133333,0.040361,0.933413,-0.024355,0.355694,-1.766330,86.775208,19.131588,0.027614,0.911060,0.108938,0.396660,-1.097127,93.964294,19.010607,-0.001727,0.911105,-0.005983,0.412128,-1.797769,112.874855,23.286785,0.069051,0.958433,-0.101712,0.257475,-1.765609,130.900253,23.064600,0.051952,0.975440,-0.202613,0.069033,1.600549,143.731445,19.397381,-0.076244,0.857332,0.176378,0.477555,-4.802518,125.485954,20.963610,0.179091,-0.606463,-0.041228,-0.773583,-13.693479,126.116158,6.836069,0.089938,-0.293286,-0.402702,-0.862396,-7.616553,122.543732,-15.353760,0.091255,0.044890,-0.475730,-0.873693,4.493920,137.977036,-29.259491,-0.089311,0.965987,0.112661,0.214945,-0.154185,125.542831,26.250225,0.347480,0.809035,0.131883,-0.455331,14.740122,127.616074,33.523129,0.186802,0.125439,0.490480,-0.841902,22.746124,117.321754,14.235553,0.227474,-0.218904,0.665845,-0.676008,12.413093,133.837433,5.872381,0.016131,0.925445,0.204506,0.318541,-8.315642,87.286156,13.266714,0.115625,0.975270,-0.020001,0.187297,-4.831192,55.511116,-0.222622,0.041401,0.953330,-0.131097,0.268815,-15.250191,12.030324,-0.414886,-0.114447,0.936167,0.015940,0.332022,4.782981,86.264259,24.996464,0.048663,0.954191,-0.167274,0.243251,12.584835,52.495575,26.597755,0.025163,0.853793,-0.074198,0.514684,4.793945,10.497364,39.812302,0.041401,0.953330,-0.131097,0.268815,-9.478491,2.926762,-9.957889,0.025163,0.853793,-0.074198,0.514684,15.670863,2.827754,34.323586
497,4.141667,0.040308,0.933382,-0.023618,0.355830,-1.691524,86.780060,19.097391,0.026358,0.910804,0.109734,0.397116,-1.026782,93.969711,18.986155,0.001094,0.910952,-0.004283,0.412490,-1.787580,112.909027,23.277981,0.067916,0.958658,-0.101545,0.257006,-1.687949,130.935120,23.153587,0.051495,0.975467,-0.202661,0.068851,1.645523,143.773117,19.480307,-0.077130,0.857447,0.177153,0.476920,-4.743319,125.543686,21.020824,0.177801,-0.606712,-0.041759,-0.773656,-13.650012,126.156830,6.902447,0.085730,-0.290906,-0.404242,-0.862909,-7.589212,122.638046,-15.300354,0.086099,0.048086,-0.474095,-0.874934,4.528323,138.214401,-29.039442,-0.088892,0.965637,0.114384,0.215775,-0.099158,125.554527,26.311401,0.347237,0.808695,0.132722,-0.455876,14.785686,127.597687,33.612129,0.187112,0.124447,0.490037,-0.842239,22.776421,117.339180,14.299165,0.227632,-0.219930,0.665352,-0.676107,12.414290,133.852448,5.966601,0.016092,0.925198,0.204803,0.319071,-8.239202,87.294678,13.231015,0.116321,0.975260,-0.020516,0.186859,-4.737879,55.527985,-0.273603,0.041882,0.953285,-0.132246,0.268338,-15.225297,12.063498,-0.428069,-0.114252,0.936137,0.015382,0.332201,4.856154,86.265442,24.963766,0.049231,0.954121,-0.167381,0.243337,12.632442,52.492451,26.598278,0.024325,0.853674,-0.075159,0.514781,4.789692,10.502442,39.808220,0.041882,0.953285,-0.132246,0.268338,-9.476928,2.932181,-9.958631,0.024325,0.853674,-0.075159,0.514781,15.670694,2.823879,34.340157
498,4.150000,0.040681,0.933198,-0.022859,0.356319,-1.625775,86.785576,19.058025,0.026046,0.910733,0.111328,0.396854,-0.959859,93.975311,18.959284,0.001575,0.911166,-0.003453,0.412022,-1.754382,112.880730,23.297375,0.068448,0.958921,-0.099499,0.256680,-1.651353,130.907013,23.207352,0.050708,0.975526,-0.202813,0.068146,1.680738,143.760666,19.587984,-0.076266,0.857144,0.178412,0.477135,-4.709956,125.520256,21.067411,0.175765,-0.606992,-0.042367,-0.773869,-13.614212,126.180267,6.949615,0.081712,-0.288344,-0.405295,-0.863665,-7.571624,122.739044,-15.270294,0.081404,0.051304,-0.473284,-0.875639,4.576276,138.440109,-28.839540,-0.089162,0.965263,0.115656,0.216657,-0.060386,125.520073,26.353243,0.346197,0.808652,0.132641,-0.456767,14.810106,127.558220,33.684547,0.186712,0.123272,0.489590,-0.842760,22.796577,117.343353,14.346710,0.228146,-0.221047,0.665816,-0.675112,12.402637,133.864349,6.064479,0.015717,0.924874,0.205096,0.319838,-8.166790,87.310753,13.185159,0.116527,0.975446,-0.020942,0.185710,-4.623633,55.551552,-0.326164,0.042849,0.953621,-0.133508,0.266356,-15.135911,12.092927,-0.434616,-0.114172,0.935885,0.014906,0.332959,4.915240,86.260399,24.930891,0.049625,0.954012,-0.167510,0.243594,12.674156,52.485146,26.600731,0.024476,0.853672,-0.075118,0.514784,4.791696,10.502455,39.810287,0.042849,0.953621,-0.133508,0.266356,-9.451436,2.928813,-9.972012,0.024476,0.853672,-0.075118,0.514784,15.671227,2.822802,34.340839
499,4.158333,0.040590,0.933104,-0.022379,0.356608,-1.558287,86.784325,19.031891,0.026127,0.910253,0.112065,0.397743,-0.896038,93.974480,18.939360,0.002347,0.910668,-0.001287,0.413129,-1.704486,112.898705,23.309422,0.066836,0.959040,-0.098815,0.256927,-1.608255,130.925247,23.302120,0.050835,0.975433,-0.203163,0.068352,1.679396,143.792221,19.689466,-0.076714,0.857057,0.179220,0.476916,-4.659532,125.547180,21.130096,0.173438,-0.607349,-0.042720,-0.774094,-13.568488,126.206169,7.015212,0.077477,-0.286772,-0.406063,-0.864217,-7.547530,122.841003,-15.222214,0.076614,0.053592,-0.471812,-0.876728,4.613835,138.649399,-28.654110,-0.088413,0.965162,0.117120,0.216628,-0.022870,125.524567,26.427206,0.345794,0.808285,0.133643,-0.457429,14.852497,127.527809,33.758251,0.186424,0.122642,0.489398,-0.843027,22.823776,117.359451,14.389655,0.227809,-0.221851,0.664947,-0.675818,12.414343,133.887115,6.135318,0.016333,0.924321,0.205390,0.321215,-8.095807,87.310829,13.155249,0.117581,0.975461,-0.021487,0.184905,-4.565432,55.561394,-0.382344,0.042876,0.953219,-0.134396,0.267344,-15.177247,12.126890,-0.452273,-0.114179,0.935848,0.014541,0.333076,4.979232,86.257813,24.908533,0.050221,0.953959,-0.167661,0.243578,12.729970,52.481915,26.603168,0.024558,0.853676,-0.075287,0.514749,4.793807,10.509089,39.811928,0.042876,0.953219,-0.134396,0.267344,-9.476155,2.943286,-9.960963,0.024558,0.853676,-0.075287,0.514749,15.670554,2.824850,34.343372
500,4.166667,0.040485,0.932931,-0.021591,0.357121,-1.483619,86.792473,18.993755,0.026616,0.910037,0.113996,0.397655,-0.826778,93.983253,18.911655,0.001403,0.910693,-0.000251,0.413082,-1.645844,112.848450,23.346916,0.066557,0.959276,-0.096641,0.256945,-1.596044,130.875183,23.359554,0.050818,0.975371,-0.203580,0.068007,1.670404,143.762283,19.799801,-0.075193,0.856667,0.180405,0.477411,-4.633686,125.491669,21.181894,0.172757,-0.607618,-0.044423,-0.773939,-13.534559,126.217041,7.065176,0.074503,-0.284552,-0.407141,-0.864705,-7.535704,122.930038,-15.189902,0.072718,0.055205,-0.470995,-0.877398,4.644497,138.841751,-28.481997,-0.089214,0.964925,0.118340,0.216695,0.003574,125.475143,26.478498,0.344814,0.808301,0.134172,-0.457986,14.873205,127.494408,33.816761,0.185314,0.122642,0.489322,-0.843316,22.852242,117.377434,14.424462,0.227440,-0.222400,0.663271,-0.677407,12.438546,133.915924,6.191372,0.016828,0.923847,0.205470,0.322501,-8.014840,87.321892,13.110380,0.118112,0.975444,-0.021993,0.184596,-4.495533,55.575855,-0.438055,0.042999,0.953155,-0.135393,0.267050,-15.161284,12.154513,-0.469371,-0.113962,0.935710,0.013853,0.333567,5.047602,86.263054,24.877132,0.050566,0.953902,-0.167668,0.243723,12.767756,52.482380,26.615452,0.025379,0.853754,-0.074566,0.514684,4.800101,10.512879,39.815811,0.042999,0.953155,-0.135393,0.267050,-9.473530,2.948691,-9.964551,0.025379,0.853754,-0.074566,0.514684,15.671566,2.832857,34.330864
501,4.175000,0.040766,0.932636,-0.021148,0.357885,-1.429533,86.797287,18.960497,0.026733,0.909955,0.114831,0.397594,-0.771127,93.988007,18.886358,0.000780,0.910778,0.001010,0.412894,-1.597250,112.811066,23.344296,0.067833,0.959355,-0.094909,0.256962,-1.586681,130.837814,23.389055,0.049909,0.975528,-0.203286,0.067302,1.701342,143.733948,19.882286,-0.073843,0.856197,0.182469,0.477682,-4.613493,125.451591,21.203037,0.171479,-0.607618,-0.045316,-0.774172,-13.512450,126.251312,7.089126,0.071480,-0.282398,-0.407969,-0.865276,-7.517326,123.033142,-15.177017,0.069004,0.057286,-0.470314,-0.877930,4.689129,139.039291,-28.330929,-0.089624,0.964503,0.119735,0.217635,0.025970,125.435722,26.497715,0.343471,0.808487,0.134564,-0.458552,14.879515,127.453087,33.869015,0.184470,0.121970,0.489157,-0.843694,22.877453,117.395607,14.453576,0.228049,-0.223674,0.662290,-0.677743,12.450263,133.945175,6.261599,0.017030,0.923193,0.205804,0.324144,-7.950723,87.333618,13.066628,0.118683,0.975365,-0.022423,0.184593,-4.412632,55.597591,-0.500374,0.043516,0.952982,-0.136836,0.266846,-15.134448,12.190050,-0.503742,-0.113917,0.935484,0.013527,0.334229,5.091657,86.260948,24.854364,0.050915,0.953816,-0.167764,0.243921,12.800118,52.478928,26.618248,0.024758,0.853658,-0.075223,0.514777,4.798059,10.515460,39.816971,0.043516,0.952982,-0.136836,0.266846,-9.466187,2.950105,-9.977414,0.024758,0.853658,-0.075223,0.514777,15.673262,2.829960,34.347130
502,4.183333,0.040492,0.932555,-0.020318,0.358174,-1.343089,86.811852,18.913933,0.025892,0.909772,0.116329,0.397634,-0.692627,94.003387,18.849737,0.002189,0.910815,0.002005,0.412804,-1.572334,112.826065,23.349440,0.066144,0.959760,-0.093364,0.256454,-1.530286,130.852539,23.447882,0.050024,0.975482,-0.203514,0.067186,1.701682,143.769531,19.965834,-0.074147,0.856076,0.183532,0.477443,-4.566919,125.478149,21.246431,0.170232,-0.607996,-0.045955,-0.774113,-13.471982,126.284981,7.136775,0.068668,-0.280884,-0.408682,-0.865660,-7.500961,123.121979,-15.143746,0.065519,0.059328,-0.469544,-0.878474,4.718503,139.208527,-28.187042,-0.089449,0.964255,0.120834,0.218196,0.073531,125.438416,26.540121,0.342811,0.808237,0.135167,-0.459307,14.919954,127.439117,33.930279,0.184337,0.121469,0.489071,-0.843845,22.906702,117.428085,14.486247,0.228375,-0.224870,0.661214,-0.678287,12.470816,133.982254,6.314886,0.017546,0.922719,0.205852,0.325433,-7.861034,87.348747,13.016529,0.119330,0.975330,-0.022975,0.184292,-4.335907,55.615337,-0.559947,0.043507,0.952892,-0.138059,0.266539,-15.122273,12.223810,-0.522660,-0.113453,0.935500,0.012587,0.334379,5.174857,86.274956,24.811338,0.051214,0.953797,-0.167771,0.243931,12.831676,52.483917,26.626665,0.025615,0.853747,-0.074636,0.514675,4.803877,10.523391,39.819111,0.043507,0.952892,-0.138059,0.266539,-9.466885,2.957651,-9.978400,0.025615,0.853747,-0.074636,0.514675,15.671804,2.838857,34.333466
503,4.191667,0.040314,0.932398,-0.019637,0.358641,-1.273470,86.820152,18.872503,0.025806,0.909600,0.117318,0.397741,-0.628886,94.012291,18.816879,0.002431,0.910783,0.003329,0.412865,-1.527183,112.818741,23.347664,0.066490,0.959902,-0.092259,0.256232,-1.496903,130.844925,23.493177,0.049250,0.975650,-0.203147,0.066436,1.735586,143.769699,20.040630,-0.073896,0.855764,0.184942,0.477497,-4.529722,125.474335,21.277273,0.169661,-0.608307,-0.047183,-0.773920,-13.434320,126.311935,7.169111,0.066330,-0.279377,-0.409356,-0.866012,-7.486222,123.206482,-15.125637,0.062176,0.060803,-0.468906,-0.878956,4.747352,139.364380,-28.067106,-0.090045,0.964048,0.121685,0.218393,0.110010,125.423798,26.571501,0.342118,0.808165,0.135551,-0.459837,14.949987,127.436066,33.971466,0.183983,0.120844,0.488632,-0.844266,22.936169,117.463814,14.507285,0.228378,-0.225291,0.661072,-0.678285,12.475702,134.017685,6.366920,0.018002,0.922202,0.205991,0.326784,-7.785768,87.358147,12.968961,0.119899,0.975296,-0.023472,0.184041,-4.266748,55.629833,-0.621016,0.042310,0.952882,-0.139258,0.266146,-15.110069,12.252548,-0.547160,-0.113026,0.935472,0.011935,0.334627,5.238827,86.282150,24.776045,0.051502,0.953775,-0.167837,0.243907,12.852770,52.483284,26.625782,0.024988,0.853621,-0.075410,0.514802,4.799408,10.527396,39.817406,0.042310,0.952882,-0.139258,0.266146,-9.451588,2.967762,-9.982760,0.024988,0.853621,-0.075410,0.514802,15.670708,2.835058,34.349407
504,4.200000,0.040362,0.932205,-0.018970,0.359171,-1.209893,86.832489,18.824242,0.026081,0.909354,0.118352,0.397979,-0.568082,94.024948,18.778215,0.001281,0.910607,0.005161,0.413240,-1.472574,112.793037,23.341877,0.065961,0.959967,-0.090903,0.256612,-1.507396,130.818817,23.530403,0.049537,0.975668,-0.202861,0.066826,1.704644,143.757248,20.110023,-0.072742,0.855412,0.186198,0.477817,-4.518971,125.442635,21.299120,0.168867,-0.608121,-0.048096,-0.774183,-13.418993,126.336121,7.191497,0.064149,-0.277949,-0.410126,-0.866272,-7.464420,123.288139,-15.109455,0.059382,0.062285,-0.468006,-0.879525,4.777144,139.516907,-27.954351,-0.089813,0.963796,0.123417,0.218632,0.116459,125.396179,26.597151,0.340527,0.808342,0.135884,-0.460608,14.954348,127.386627,34.007202,0.182866,0.120221,0.488341,-0.844767,22.958014,117.483452,14.514952,0.228544,-0.225723,0.661743,-0.677431,12.474361,134.055252,6.416098,0.018373,0.921743,0.205970,0.328068,-7.715421,87.375175,12.913667,0.120443,0.975244,-0.023932,0.183899,-4.201677,55.647182,-0.678423,0.043736,0.952624,-0.140338,0.266269,-15.099159,12.283540,-0.572022,-0.112647,0.935423,0.011301,0.334912,5.295635,86.289803,24.734818,0.051680,0.953785,-0.167922,0.243775,12.870150,52.483986,26.619148,0.025750,0.853629,-0.074813,0.514838,4.801726,10.532292,39.814903,0.043736,0.952624,-0.140338,0.266269,-9.464792,2.967206,-9.990943,0.025750,0.853629,-0.074813,0.514838,15.668880,2.842440,34.335178
505,4.208333,0.040097,0.932145,-0.018114,0.359401,-1.133699,86.838493,18.783007,0.025601,0.909211,0.119371,0.398034,-0.499875,94.031715,18.747284,0.001389,0.910562,0.006462,0.413320,-1.437264,112.790276,23.338497,0.065503,0.960153,-0.089458,0.256539,-1.487965,130.815506,23.571320,0.049414,0.975683,-0.202870,0.066664,1.702504,143.767960,20.183968,-0.072278,0.855209,0.187199,0.477859,-4.494401,125.442169,21.326269,0.167710,-0.608102,-0.048551,-0.774421,-13.395330,126.365646,7.221153,0.061869,-0.276930,-0.410822,-0.866434,-7.441771,123.367523,-15.086818,0.056585,0.063684,-0.467624,-0.879813,4.799489,139.662003,-27.848536,-0.090072,0.963668,0.124496,0.218476,0.140089,125.386765,26.625034,0.339770,0.808437,0.136374,-0.460856,14.978689,127.377930,34.033459,0.182850,0.118999,0.487657,-0.845338,22.995707,117.513847,14.526883,0.229298,-0.226190,0.662249,-0.676526,12.471798,134.081726,6.474919,0.018648,0.921598,0.206044,0.328413,-7.636689,87.382133,12.869731,0.121106,0.975067,-0.024404,0.184344,-4.133753,55.656960,-0.731722,0.042640,0.952543,-0.141498,0.266125,-15.095875,12.309679,-0.600228,-0.111968,0.935391,0.010692,0.335251,5.369290,86.294861,24.696285,0.051922,0.953801,-0.168087,0.243546,12.885525,52.477528,26.607040,0.025070,0.853533,-0.075493,0.514931,4.796159,10.533029,39.812851,0.042640,0.952543,-0.141498,0.266125,-9.454264,2.974981,-9.996596,0.025070,0.853533,-0.075493,0.514931,15.667580,2.837998,34.348892
506,4.216667,0.040521,0.931948,-0.017643,0.359889,-1.082485,86.858955,18.727871,0.025379,0.908988,0.120182,0.398312,-0.445391,94.051918,18.701014,0.002007,0.910459,0.007913,0.413519,-1.404723,112.805847,23.317152,0.065068,0.960392,-0.087956,0.256275,-1.456823,130.830246,23.606806,0.049164,0.975740,-0.202854,0.066067,1.711332,143.796967,20.253328,-0.072402,0.855108,0.188198,0.477629,-4.461880,125.463806,21.343485,0.167033,-0.608046,-0.049173,-0.774572,-13.369590,126.398506,7.243382,0.059833,-0.276188,-0.411519,-0.866483,-7.415672,123.442749,-15.070157,0.053726,0.064829,-0.466943,-0.880270,4.817803,139.796463,-27.763384,-0.090289,0.963452,0.125459,0.218791,0.170270,125.392021,26.644104,0.339167,0.808401,0.136425,-0.461347,15.002979,127.381149,34.064880,0.181909,0.119394,0.487486,-0.845584,23.018000,117.544518,14.543610,0.228200,-0.226520,0.660850,-0.678152,12.490541,134.113724,6.496682,0.018723,0.921409,0.205751,0.329123,-7.578699,87.412224,12.808040,0.120997,0.975391,-0.024696,0.182651,-4.076837,55.678886,-0.774634,0.044512,0.952743,-0.142214,0.264717,-15.034035,12.330526,-0.596864,-0.111575,0.935339,0.010076,0.335546,5.413729,86.305679,24.647703,0.051973,0.953808,-0.168217,0.243419,12.889934,52.481358,26.591578,0.025023,0.853486,-0.075712,0.514980,4.795339,10.541248,39.808102,0.044512,0.952743,-0.142214,0.264717,-9.454693,2.969746,-10.004468,0.025023,0.853486,-0.075712,0.514980,15.666300,2.842320,34.348705
507,4.225000,0.040439,0.931874,-0.016954,0.360123,-1.017791,86.868477,18.682592,0.025154,0.908835,0.120657,0.398532,-0.385361,94.061890,18.664742,0.002460,0.910343,0.009325,0.413742,-1.361913,112.828026,23.297617,0.064312,0.960523,-0.086992,0.256305,-1.420272,130.851471,23.640390,0.048573,0.975816,-0.202586,0.066198,1.722292,143.829376,20.306099,-0.072782,0.855037,0.189196,0.477304,-4.422374,125.490723,21.359749,0.166890,-0.608065,-0.050546,-0.774500,-13.338585,126.428589,7.265242,0.058080,-0.275306,-0.412247,-0.866537,-7.392125,123.526093,-15.057266,0.051025,0.065461,-0.466131,-0.880814,4.835880,139.936966,-27.681791,-0.090723,0.963319,0.125992,0.218887,0.207144,125.404869,26.662455,0.339119,0.808272,0.136460,-0.461600,15.035805,127.403282,34.088810,0.181672,0.119340,0.487209,-0.845802,23.041481,117.572876,14.560583,0.227456,-0.227533,0.658977,-0.679884,12.504846,134.133896,6.523678,0.018911,0.921142,0.205980,0.329716,-7.511148,87.424660,12.759908,0.121580,0.975278,-0.025275,0.182791,-4.007238,55.698360,-0.838663,0.043881,0.952676,-0.143318,0.264466,-15.023751,12.365216,-0.621669,-0.110958,0.935377,0.009519,0.335661,5.475567,86.312294,24.605278,0.052127,0.953885,-0.168444,0.242924,12.899117,52.477692,26.571825,0.024970,0.853476,-0.075831,0.514981,4.793531,10.545853,39.807827,0.043881,0.952676,-0.143318,0.264466,-9.446120,2.984570,-10.010474,0.024970,0.853476,-0.075831,0.514981,15.664242,2.845169,34.350426
508,4.233333,0.041321,0.931679,-0.016543,0.360547,-0.979142,86.900780,18.619596,0.024856,0.908723,0.122024,0.398391,-0.336998,94.093353,18.612164,0.003741,0.910537,0.009549,0.413299,-1.344575,112.847672,23.287975,0.063616,0.960746,-0.086339,0.255862,-1.364037,130.870682,23.657200,0.047718,0.976031,-0.201748,0.066211,1.754111,143.856949,20.332645,-0.073274,0.855005,0.190316,0.476841,-4.379853,125.519707,21.371689,0.165691,-0.608023,-0.050956,-0.774763,-13.308427,126.458511,7.285072,0.056028,-0.274976,-0.412878,-0.866476,-7.361533,123.605682,-15.043727,0.048473,0.066337,-0.465813,-0.881061,4.850150,140.069687,-27.614763,-0.091229,0.962922,0.127495,0.219552,0.254710,125.416183,26.669670,0.339056,0.808004,0.136735,-0.462033,15.070560,127.415825,34.121220,0.181870,0.118949,0.486917,-0.845983,23.059582,117.600723,14.578484,0.227550,-0.227717,0.658595,-0.680161,12.507662,134.155869,6.553398,0.018720,0.921002,0.205555,0.330382,-7.465854,87.473778,12.691233,0.122659,0.974729,-0.025650,0.184936,-3.949820,55.734856,-0.874713,0.043846,0.952013,-0.145234,0.265812,-15.065461,12.426988,-0.667424,-0.110586,0.935113,0.008781,0.336538,5.507570,86.327782,24.547962,0.052008,0.953901,-0.168469,0.242871,12.888336,52.486534,26.560650,0.025132,0.853400,-0.075919,0.515085,4.793023,10.554340,39.801849,0.043846,0.952013,-0.145234,0.265812,-9.468012,3.005658,-10.003551,0.025132,0.853400,-0.075919,0.515085,15.662488,2.849779,34.347431
509,4.241667,0.041539,0.931643,-0.015952,0.360640,-0.928455,86.917389,18.564766,0.025464,0.908615,0.123379,0.398182,-0.286454,94.109978,18.566481,0.002793,0.910587,0.009963,0.413187,-1.290967,112.818649,23.290651,0.063962,0.960827,-0.085037,0.255907,-1.347673,130.841583,23.659330,0.046864,0.976224,-0.201134,0.065853,1.771106,143.836823,20.370529,-0.072462,0.854739,0.191538,0.476953,-4.352911,125.484314,21.374659,0.164897,-0.607997,-0.051809,-0.774897,-13.281861,126.467148,7.291286,0.054092,-0.274565,-0.413664,-0.866354,-7.337543,123.668076,-15.044993,0.045752,0.067178,-0.465477,-0.881320,4.853716,140.189133,-27.560879,-0.091970,0.962681,0.128102,0.219948,0.283041,125.390541,26.671604,0.338479,0.807951,0.136918,-0.462494,15.088534,127.407135,34.139149,0.181750,0.118244,0.486581,-0.846300,23.075924,117.621437,14.581015,0.228170,-0.227632,0.659193,-0.679402,12.501412,134.179672,6.583477,0.018598,0.921052,0.205392,0.330350,-7.413666,87.497665,12.635469,0.123127,0.974655,-0.026023,0.184957,-3.894071,55.753769,-0.917913,0.043995,0.951901,-0.146296,0.265608,-15.055998,12.457928,-0.686268,-0.110077,0.935079,0.008288,0.336812,5.556755,86.337112,24.494064,0.052033,0.953901,-0.168757,0.242667,12.892834,52.487476,26.528954,0.025223,0.853286,-0.076188,0.515230,4.792220,10.564190,39.795074,0.043995,0.951901,-0.146296,0.265608,-9.470749,3.013210,-10.006057,0.025223,0.853286,-0.076188,0.515230,15.660468,2.852982,34.347637
510,4.250000,0.041640,0.931634,-0.015675,0.360663,-0.878617,86.923180,18.517975,0.025566,0.908460,0.123714,0.398425,-0.236709,94.115768,18.523964,0.001910,0.910353,0.011709,0.413663,-1.243623,112.811806,23.258642,0.063918,0.960826,-0.083728,0.256353,-1.355551,130.833527,23.671421,0.046590,0.976241,-0.201063,0.066003,1.755764,143.839325,20.417477,-0.071871,0.854482,0.192543,0.477097,-4.342003,125.472771,21.370354,0.164594,-0.607669,-0.052569,-0.775167,-13.269210,126.490044,7.288325,0.052743,-0.273979,-0.414625,-0.866164,-7.310029,123.730194,-15.048875,0.043894,0.067393,-0.465848,-0.881202,4.858393,140.306793,-27.513447,-0.092221,0.962580,0.128950,0.219787,0.288474,125.380089,26.672104,0.337662,0.808202,0.136512,-0.462771,15.094791,127.398918,34.137402,0.181333,0.117688,0.486128,-0.846727,23.095936,117.633011,14.574988,0.228967,-0.227769,0.658943,-0.679330,12.497329,134.189896,6.607514,0.018635,0.921079,0.205441,0.330241,-7.363385,87.506859,12.588528,0.123501,0.974609,-0.026470,0.184888,-3.846607,55.764462,-0.969088,0.044077,0.951804,-0.147123,0.265483,-15.047796,12.478956,-0.704058,-0.109663,0.935207,0.008041,0.336597,5.606151,86.339500,24.447420,0.052188,0.953936,-0.169209,0.242179,12.910438,52.483273,26.486958,0.025389,0.853249,-0.076475,0.515241,4.794075,10.575098,39.791130,0.044077,0.951804,-0.147123,0.265483,-9.470781,3.016240,-10.010509,0.025389,0.853249,-0.076475,0.515241,15.658227,2.855837,34.346928
511,4.258333,0.041699,0.931666,-0.015026,0.360602,-0.829838,86.936119,18.460840,0.025566,0.908423,0.124879,0.398145,-0.190499,94.128929,18.475828,0.002668,0.910524,0.011730,0.413281,-1.214502,112.822105,23.253069,0.063092,0.961040,-0.083001,0.255992,-1.301702,130.843689,23.677898,0.045693,0.976406,-0.200477,0.065977,1.781795,143.858871,20.435041,-0.072301,0.854454,0.193456,0.476714,-4.297368,125.488495,21.375828,0.164216,-0.607670,-0.053288,-0.775197,-13.234708,126.505623,7.300209,0.051452,-0.273734,-0.415703,-0.865802,-7.279105,123.782455,-15.042456,0.041945,0.068173,-0.466355,-0.880969,4.852757,140.414322,-27.468994,-0.092639,0.962368,0.129418,0.220265,0.337507,125.386032,26.673559,0.337874,0.807897,0.136636,-0.463114,15.134218,127.412155,34.155926,0.181992,0.117257,0.485840,-0.846811,23.113972,117.647949,14.583926,0.229308,-0.228830,0.657485,-0.680271,12.501237,134.193069,6.621692,0.018687,0.921062,0.205399,0.330313,-7.315294,87.524940,12.532648,0.123838,0.974568,-0.026955,0.184809,-3.801781,55.781460,-1.023296,0.044372,0.951683,-0.148064,0.265346,-15.039732,12.505725,-0.720788,-0.109047,0.935054,0.007476,0.337234,5.655618,86.347305,24.389032,0.052100,0.953890,-0.169468,0.242200,12.905958,52.481125,26.455757,0.025309,0.853185,-0.076656,0.515325,4.791405,10.579965,39.783108,0.044372,0.951683,-0.148064,0.265346,-9.475060,3.021394,-10.012622,0.025309,0.853185,-0.076656,0.515325,15.656278,2.858059,34.344090
512,4.266667,0.041404,0.931690,-0.014396,0.360600,-0.773231,86.942085,18.405531,0.025476,0.908287,0.125742,0.398190,-0.141133,94.135513,18.427444,0.002781,0.910454,0.012573,0.413409,-1.182119,112.823990,23.233866,0.062455,0.961193,-0.081763,0.255972,-1.278234,130.844803,23.688025,0.045353,0.976398,-0.200624,0.065875,1.780649,143.872482,20.472073,-0.072583,0.854059,0.194591,0.476917,-4.270614,125.491920,21.376356,0.164907,-0.607560,-0.054784,-0.775033,-13.200134,126.521339,7.296669,0.050932,-0.273109,-0.417055,-0.865380,-7.245832,123.833061,-15.050565,0.040456,0.068650,-0.467405,-0.880445,4.848340,140.521133,-27.438429,-0.092810,0.962231,0.130008,0.220442,0.362762,125.383087,26.675272,0.337647,0.807807,0.136559,-0.463458,15.155804,127.409157,34.164902,0.182240,0.116888,0.485489,-0.847010,23.127819,117.655411,14.584539,0.229721,-0.229260,0.657028,-0.680428,12.497585,134.192642,6.632659,0.018960,0.921160,0.205267,0.330107,-7.259142,87.530067,12.477757,0.123483,0.974968,-0.027325,0.182873,-3.769156,55.783546,-1.077136,0.045649,0.952013,-0.147724,0.264130,-14.981997,12.501764,-0.714167,-0.108454,0.935043,0.006961,0.337467,5.712681,86.354103,24.333303,0.052144,0.953861,-0.169771,0.242092,12.912518,52.478462,26.421335,0.025414,0.853063,-0.076867,0.515489,4.789361,10.586911,39.773643,0.045649,0.952013,-0.147724,0.264130,-9.461165,3.017354,-10.032030,0.025414,0.853063,-0.076867,0.515489,15.653544,2.859391,34.341221
513,4.275000,0.041571,0.931690,-0.013938,0.360600,-0.729044,86.949921,18.349148,0.025425,0.908160,0.126475,0.398250,-0.097083,94.143333,18.378094,0.002830,0.910389,0.013296,0.413531,-1.151511,112.823822,23.208660,0.062081,0.961244,-0.081437,0.255978,-1.256836,130.843964,23.687256,0.044762,0.976540,-0.200057,0.065904,1.790283,143.875778,20.476955,-0.072656,0.853906,0.195391,0.476853,-4.245873,125.492706,21.367487,0.165407,-0.607324,-0.055946,-0.775028,-13.177079,126.532761,7.289649,0.050289,-0.272666,-0.418313,-0.864950,-7.215445,123.874077,-15.059174,0.038933,0.068913,-0.468399,-0.879965,4.839811,140.615387,-27.413094,-0.093087,0.962102,0.130554,0.220567,0.386080,125.379013,26.667542,0.337500,0.807750,0.136221,-0.463765,15.175566,127.409027,34.163128,0.182633,0.116243,0.485140,-0.847214,23.138968,117.656372,14.578706,0.230757,-0.229262,0.657228,-0.679883,12.487705,134.188736,6.643420,0.018883,0.921154,0.205410,0.330038,-7.214717,87.543556,12.421677,0.124476,0.974495,-0.027994,0.184610,-3.717513,55.800903,-1.140414,0.045593,0.951398,-0.149104,0.265576,-15.026940,12.544447,-0.755826,-0.108124,0.935101,0.006453,0.337421,5.756630,86.356285,24.276617,0.052247,0.953888,-0.170094,0.241737,12.923595,52.475201,26.389488,0.025372,0.853039,-0.077152,0.515488,4.789967,10.594424,39.769192,0.045593,0.951398,-0.149104,0.265576,-9.481194,3.031053,-10.029243,0.025372,0.853039,-0.077152,0.515488,15.652436,2.861571,34.340939
514,4.283333,0.041594,0.931637,-0.013928,0.360732,-0.691637,86.957100,18.300528,0.025480,0.908058,0.127115,0.398275,-0.059429,94.150497,18.329815,0.002961,0.910363,0.014140,0.413558,-1.121747,112.820610,23.182159,0.061443,0.961395,-0.080100,0.255985,-1.235384,130.839890,23.690426,0.044367,0.976493,-0.200367,0.065926,1.786551,143.884796,20.509693,-0.072886,0.853624,0.196214,0.476985,-4.221797,125.491096,21.361631,0.166091,-0.607212,-0.057221,-0.774876,-13.147683,126.539246,7.281023,0.050143,-0.272114,-0.419675,-0.864473,-7.186449,123.907661,-15.071106,0.037935,0.069500,-0.470151,-0.879027,4.828398,140.699219,-27.396154,-0.093449,0.961988,0.130845,0.220738,0.409829,125.370804,26.661825,0.337531,0.807649,0.135992,-0.463985,15.194543,127.409210,34.164543,0.183020,0.115967,0.484855,-0.847332,23.147465,117.653397,14.577445,0.231014,-0.229589,0.657096,-0.679813,12.482205,134.177475,6.646036,0.019079,0.921213,0.205407,0.329863,-7.175591,87.551102,12.371212,0.124026,0.974986,-0.028302,0.182260,-3.693567,55.808884,-1.195791,0.046077,0.951775,-0.149275,0.264044,-14.968339,12.543980,-0.749624,-0.108042,0.935459,0.006201,0.336460,5.792317,86.363098,24.229843,0.052490,0.953892,-0.170497,0.241384,12.950320,52.480572,26.349804,0.025825,0.852882,-0.077485,0.515675,4.792549,10.614363,39.760365,0.046077,0.951775,-0.149275,0.264044,-9.463969,3.024366,-10.041287,0.025825,0.852882,-0.077485,0.515675,15.649441,2.868880,34.338966
515,4.291667,0.041518,0.931709,-0.013494,0.360572,-0.644416,86.956924,18.247011,0.025334,0.907988,0.127798,0.398226,-0.015472,94.150581,18.281635,0.002924,0.910334,0.014751,0.413601,-1.093408,112.816849,23.155966,0.060928,0.961476,-0.079333,0.256042,-1.217396,130.835495,23.683702,0.043955,0.976529,-0.200234,0.066076,1.786512,143.888504,20.519106,-0.072976,0.853454,0.196873,0.477003,-4.200504,125.487503,21.348806,0.166804,-0.606983,-0.058477,-0.774809,-13.125351,126.544128,7.268172,0.050182,-0.271489,-0.421151,-0.863949,-7.157901,123.939362,-15.085443,0.037485,0.069805,-0.472005,-0.878028,4.813602,140.782669,-27.382029,-0.093648,0.961874,0.131212,0.220933,0.430627,125.364136,26.649364,0.337635,0.807567,0.135807,-0.464106,15.211206,127.405022,34.159546,0.183392,0.115652,0.484684,-0.847392,23.155594,117.643372,14.571890,0.231502,-0.229674,0.657090,-0.679624,12.481209,134.161621,6.645961,0.019273,0.921223,0.205472,0.329784,-7.130524,87.552536,12.320213,0.124225,0.974970,-0.028779,0.182133,-3.660513,55.812691,-1.255427,0.046226,0.951671,-0.149820,0.264082,-14.959899,12.554637,-0.769562,-0.107729,0.935372,0.005741,0.336809,5.841691,86.361313,24.173809,0.052484,0.953893,-0.170902,0.241093,12.968117,52.473713,26.318922,0.025473,0.853032,-0.078155,0.515345,4.806595,10.619799,39.765530,0.046226,0.951671,-0.149820,0.264082,-9.459836,3.022651,-10.051088,0.025473,0.853032,-0.078155,0.515345,15.658072,2.864923,34.346710
516,4.300000,0.041474,0.931776,-0.013136,0.360418,-0.600442,86.954361,18.191240,0.025225,0.907918,0.128447,0.398183,0.026058,94.148209,18.230354,0.002953,0.910306,0.015362,0.413640,-1.065530,112.808205,23.125385,0.060632,0.961552,-0.078620,0.256047,-1.197726,130.826187,23.673594,0.043454,0.976580,-0.200103,0.066042,1.793871,143.885910,20.525074,-0.073113,0.853126,0.197688,0.477232,-4.178186,125.479507,21.332327,0.167080,-0.606952,-0.059005,-0.774733,-13.095069,126.547539,7.247501,0.049844,-0.271069,-0.422580,-0.863402,-7.128793,123.954025,-15.107743,0.036666,0.070655,-0.473933,-0.876955,4.795703,140.851013,-27.376339,-0.093754,0.961771,0.131302,0.221285,0.452485,125.352203,26.633198,0.337758,0.807466,0.135604,-0.464251,15.227207,127.393951,34.154671,0.183767,0.115435,0.484523,-0.847433,23.161470,117.625793,14.566144,0.231795,-0.229696,0.657338,-0.679277,12.478292,134.139069,6.641301,0.019203,0.921510,0.205522,0.328956,-7.088570,87.551613,12.266818,0.124439,0.975037,-0.029279,0.181553,-3.625184,55.812992,-1.313387,0.046395,0.951657,-0.150159,0.263910,-14.950591,12.562290,-0.780758,-0.107457,0.935519,0.005162,0.336497,5.887686,86.357109,24.115664,0.052949,0.954373,-0.171260,0.238827,12.983920,52.465015,26.289650,0.026088,0.853167,-0.077827,0.515139,4.807426,10.626432,39.774822,0.046395,0.951657,-0.150159,0.263910,-9.458612,3.022218,-10.058768,0.026088,0.853167,-0.077827,0.515139,15.651146,2.870221,34.342403
517,4.308333,0.041460,0.931831,-0.012922,0.360286,-0.559328,86.950508,18.138548,0.025325,0.907827,0.129013,0.398202,0.065864,94.144455,18.180380,0.002596,0.910223,0.016032,0.413801,-1.030601,112.789787,23.094051,0.060271,0.961587,-0.077952,0.256207,-1.184609,130.807083,23.658899,0.043025,0.976624,-0.199942,0.066172,1.794063,143.873383,20.525503,-0.073079,0.853005,0.198192,0.477245,-4.157776,125.459000,21.311558,0.167601,-0.606716,-0.060016,-0.774728,-13.074430,126.536415,7.227304,0.049769,-0.270513,-0.424117,-0.862827,-7.100389,123.966492,-15.128587,0.036255,0.070801,-0.476179,-0.875743,4.775978,140.917892,-27.368773,-0.093813,0.961630,0.130739,0.222203,0.471053,125.332329,26.614050,0.337287,0.807565,0.134497,-0.464745,15.231809,127.375710,34.162457,0.183811,0.115879,0.484437,-0.847412,23.159548,117.602882,14.573624,0.232171,-0.229713,0.657647,-0.678844,12.477534,134.108429,6.632940,0.019140,0.921748,0.205703,0.328178,-7.049154,87.548950,12.216105,0.124723,0.975124,-0.029718,0.180814,-3.588971,55.815338,-1.376611,0.046508,0.951528,-0.150747,0.264022,-14.945319,12.573290,-0.801917,-0.107392,0.935655,0.004814,0.336144,5.930498,86.352074,24.060993,0.053294,0.954184,-0.171602,0.239261,13.015257,52.458763,26.253349,0.026025,0.852872,-0.078099,0.515589,4.796317,10.633943,39.755409,0.046508,0.951528,-0.150747,0.264022,-9.455712,3.020176,-10.067903,0.026025,0.852872,-0.078099,0.515589,15.644800,2.873191,34.339001
518,4.316667,0.041323,0.931883,-0.012594,0.360177,-0.516605,86.937920,18.092554,0.025184,0.907745,0.129384,0.398277,0.105056,94.132141,18.138016,0.002579,0.910142,0.016300,0.413969,-1.002579,112.775360,23.062538,0.059824,0.961661,-0.077148,0.256274,-1.161232,130.792343,23.635880,0.042599,0.976677,-0.199782,0.066145,1.800927,143.866623,20.520119,-0.073153,0.852956,0.198752,0.477087,-4.132202,125.444649,21.284887,0.167497,-0.606565,-0.060141,-0.774860,-13.053528,126.527962,7.204050,0.049167,-0.270286,-0.425546,-0.862229,-7.071651,123.967026,-15.150772,0.035433,0.071027,-0.478698,-0.874384,4.752240,140.973831,-27.364857,-0.093980,0.961482,0.130930,0.222658,0.494669,125.316605,26.589050,0.337982,0.807310,0.135355,-0.464432,15.247602,127.361473,34.152325,0.184967,0.115226,0.484239,-0.847362,23.166960,117.583099,14.562881,0.232791,-0.229574,0.658292,-0.678053,12.474294,134.073990,6.626596,0.019313,0.921799,0.206006,0.327833,-7.008010,87.536255,12.171837,0.124992,0.975181,-0.030237,0.180235,-3.556992,55.811775,-1.444485,0.046506,0.951420,-0.151119,0.264197,-14.944264,12.578520,-0.822240,-0.107380,0.935879,0.004579,0.335528,5.974801,86.339577,24.013271,0.053896,0.954430,-0.172006,0.237851,13.054784,52.445938,26.216007,0.026221,0.852799,-0.078217,0.515682,4.796280,10.639295,39.750172,0.046506,0.951420,-0.151119,0.264197,-9.452806,3.017560,-10.079026,0.026221,0.852799,-0.078217,0.515682,15.642704,2.873645,34.336674
519,4.325000,0.041652,0.931927,-0.012404,0.360032,-0.490925,86.933571,18.033951,0.025658,0.907647,0.129813,0.398330,0.134176,94.127480,18.083576,0.001527,0.909994,0.017292,0.414257,-0.962054,112.735558,23.022038,0.059840,0.961607,-0.076615,0.256634,-1.170206,130.751495,23.612169,0.042325,0.976735,-0.199487,0.066350,1.790593,143.829681,20.511560,-0.072488,0.852804,0.199284,0.477239,-4.124978,125.397942,21.254118,0.168710,-0.606181,-0.061535,-0.774787,-13.044706,126.510063,7.174508,0.049128,-0.269707,-0.426925,-0.861731,-7.049062,123.967957,-15.178779,0.034080,0.071425,-0.480287,-0.873534,4.733323,141.023605,-27.364857,-0.093751,0.961460,0.130849,0.222900,0.498589,125.277519,26.561344,0.337630,0.807411,0.135095,-0.464589,15.249372,127.314484,34.130951,0.184798,0.114954,0.484075,-0.847530,23.173029,117.543121,14.539740,0.232977,-0.229727,0.658725,-0.677517,12.470750,134.034912,6.616994,0.019391,0.921627,0.206228,0.328174,-6.983680,87.538574,12.115388,0.125191,0.975162,-0.030868,0.180092,-3.527526,55.820633,-1.514865,0.046433,0.951339,-0.151895,0.264057,-14.941642,12.595254,-0.839244,-0.107594,0.935872,0.004392,0.335483,6.001830,86.328568,23.952515,0.053831,0.953906,-0.172560,0.239560,13.091275,52.437996,26.172018,0.027084,0.852733,-0.077856,0.515802,4.802681,10.647810,39.738567,0.046433,0.951339,-0.151895,0.264057,-9.456205,3.018414,-10.083178,0.027084,0.852733,-0.077856,0.515802,15.642995,2.878454,34.318146
520,4.333333,0.041669,0.931997,-0.012261,0.359855,-0.455200,86.918221,17.987291,0.024694,0.907623,0.130037,0.398373,0.169392,94.112152,18.038820,0.003127,0.910028,0.017506,0.414166,-0.965931,112.747276,22.977499,0.059159,0.961771,-0.076300,0.256271,-1.124740,130.762665,23.598545,0.041799,0.976785,-0.199408,0.066188,1.814663,143.846100,20.499676,-0.073542,0.852786,0.199516,0.477014,-4.094703,125.421265,21.232071,0.169114,-0.606214,-0.061922,-0.774642,-13.016459,126.505577,7.151576,0.048634,-0.269475,-0.428142,-0.861227,-7.024897,123.965332,-15.203025,0.033045,0.071813,-0.481691,-0.872768,4.713445,141.068024,-27.365652,-0.094013,0.961361,0.130968,0.223145,0.529829,125.279114,26.537918,0.338540,0.807115,0.134793,-0.464530,15.275306,127.322243,34.116196,0.185855,0.114225,0.483985,-0.847449,23.172901,117.514442,14.532669,0.233678,-0.229391,0.660029,-0.676118,12.461749,133.998901,6.616982,0.019436,0.921799,0.206316,0.327631,-6.950184,87.524498,12.071302,0.125469,0.975151,-0.031309,0.179881,-3.502915,55.809212,-1.567386,0.046058,0.951232,-0.152636,0.264081,-14.947716,12.592530,-0.855448,-0.107566,0.935767,0.004301,0.335786,6.039783,86.311935,23.903280,0.053994,0.953673,-0.173125,0.240041,13.124564,52.420891,26.130342,0.030464,0.852271,-0.076720,0.516547,4.803713,10.649717,39.735668,0.046058,0.951232,-0.152636,0.264081,-9.459964,3.002255,-10.084069,0.030464,0.852271,-0.076720,0.516547,15.621696,2.860458,34.299221
521,4.341667,0.041700,0.932038,-0.012104,0.359751,-0.423872,86.903450,17.942297,0.024836,0.907580,0.130613,0.398274,0.200339,94.097397,17.996027,0.002787,0.910039,0.017480,0.414145,-0.937503,112.711586,22.952816,0.058965,0.961811,-0.075809,0.256312,-1.107059,130.727081,23.567942,0.041298,0.976876,-0.199066,0.066186,1.824275,143.815002,20.480398,-0.073406,0.852721,0.199829,0.477019,-4.073910,125.383118,21.203325,0.169502,-0.606150,-0.062819,-0.774536,-12.996161,126.476479,7.123844,0.048217,-0.269060,-0.429298,-0.860805,-7.006176,123.957870,-15.233627,0.031980,0.072334,-0.482894,-0.872100,4.695256,141.106064,-27.367725,-0.093935,0.961427,0.130388,0.223235,0.550888,125.245491,26.509062,0.338856,0.806984,0.134565,-0.464593,15.295517,127.290253,34.088547,0.185975,0.113760,0.483987,-0.847484,23.180416,117.468094,14.507095,0.233559,-0.230398,0.659356,-0.676474,12.466305,133.954254,6.606536,0.019454,0.921858,0.206539,0.327325,-6.920126,87.511292,12.027864,0.125790,0.975110,-0.031782,0.179797,-3.473391,55.802441,-1.625912,0.046024,0.951086,-0.152983,0.264413,-14.953097,12.595645,-0.877075,-0.107621,0.935472,0.004279,0.336588,6.072382,86.295609,23.856731,0.054049,0.953362,-0.173649,0.240886,13.158295,52.405380,26.092524,0.027333,0.852692,-0.077903,0.515850,4.809829,10.651008,39.732422,0.046024,0.951086,-0.152983,0.264413,-9.459476,2.998257,-10.094804,0.027333,0.852692,-0.077903,0.515850,15.647379,2.877499,34.312431
522,4.350000,0.041726,0.932086,-0.011942,0.359629,-0.394579,86.883514,17.900761,0.024252,0.907546,0.130554,0.398406,0.229148,94.077492,17.956724,0.003178,0.909959,0.017920,0.414299,-0.929432,112.701103,22.904482,0.058619,0.961854,-0.075278,0.256386,-1.092853,130.715973,23.539860,0.041127,0.976894,-0.198965,0.066328,1.826387,143.809265,20.463722,-0.073814,0.852656,0.199934,0.477028,-4.060791,125.375710,21.168228,0.170126,-0.606081,-0.063520,-0.774396,-12.980759,126.459373,7.086557,0.047888,-0.268484,-0.430432,-0.860437,-6.991008,123.948563,-15.271844,0.031019,0.073005,-0.483827,-0.871561,4.678416,141.141678,-27.373140,-0.093599,0.961395,0.130430,0.223490,0.562179,125.230469,26.475351,0.339044,0.806893,0.134234,-0.464708,15.305106,127.262917,34.061451,0.186126,0.113095,0.483781,-0.847657,23.179070,117.428673,14.481666,0.233416,-0.230550,0.660668,-0.675190,12.450056,133.915558,6.602620,0.019462,0.921892,0.206857,0.327026,-6.892342,87.492874,11.988145,0.125979,0.975147,-0.032394,0.179357,-3.443227,55.793167,-1.686244,0.047035,0.951072,-0.152465,0.264583,-14.948392,12.594133,-0.881987,-0.107823,0.935329,0.004354,0.336920,6.103184,86.274155,23.813375,0.054423,0.953192,-0.174210,0.241069,13.203001,52.386986,26.051569,0.026574,0.852580,-0.078788,0.515939,4.808512,10.653716,39.727764,0.047035,0.951072,-0.152465,0.264583,-9.463789,3.001803,-10.110340,0.026574,0.852580,-0.078788,0.515939,15.649631,2.871891,34.326885
523,4.358333,0.041645,0.932067,-0.011450,0.359703,-0.360911,86.864441,17.853256,0.024352,0.907570,0.131141,0.398153,0.259162,94.058678,17.915474,0.002700,0.910086,0.017689,0.414034,-0.902661,112.660789,22.881136,0.058527,0.961900,-0.074669,0.256412,-1.078130,130.676041,23.501856,0.040584,0.976947,-0.198783,0.066436,1.834842,143.774261,20.440748,-0.073579,0.852598,0.199976,0.477151,-4.043743,125.331810,21.136297,0.170019,-0.606170,-0.064028,-0.774307,-12.960940,126.423790,7.053515,0.047294,-0.267997,-0.431400,-0.860137,-6.979263,123.933342,-15.309322,0.030341,0.073701,-0.484550,-0.871125,4.662616,141.169052,-27.376492,-0.093284,0.961286,0.130835,0.223851,0.582358,125.194099,26.440891,0.339140,0.806737,0.134464,-0.464843,15.321856,127.211472,34.037666,0.185708,0.113089,0.483789,-0.847745,23.186934,117.381927,14.451957,0.232736,-0.230578,0.659924,-0.676142,12.459980,133.870193,6.582486,0.019545,0.921833,0.207096,0.327039,-6.857845,87.475555,11.939912,0.126314,0.975207,-0.032935,0.178694,-3.408392,55.782925,-1.750787,0.046785,0.950987,-0.152845,0.264715,-14.950161,12.594610,-0.897073,-0.107918,0.935110,0.004503,0.337494,6.136023,86.253326,23.766600,0.054676,0.952896,-0.174819,0.241738,13.244015,52.367676,26.001709,0.028888,0.852123,-0.078091,0.516676,4.805828,10.655871,39.716442,0.046785,0.950987,-0.152845,0.264715,-9.460900,2.995737,-10.115851,0.028888,0.852123,-0.078091,0.516676,15.634041,2.858813,34.311646
524,4.366667,0.041460,0.932110,-0.011543,0.359610,-0.336048,86.833382,17.820377,0.024046,0.907580,0.131022,0.398189,0.282027,94.027809,17.880308,0.002904,0.910064,0.017690,0.414079,-0.888911,112.632133,22.837288,0.058068,0.961981,-0.074046,0.256394,-1.057744,130.647354,23.461079,0.040428,0.976981,-0.198633,0.066469,1.839164,143.752075,20.412573,-0.073578,0.852656,0.200093,0.476997,-4.025124,125.304619,21.094330,0.170204,-0.606204,-0.064488,-0.774202,-12.947221,126.397301,7.014705,0.046814,-0.267426,-0.432301,-0.859888,-6.970201,123.917641,-15.350578,0.029568,0.074477,-0.485135,-0.870760,4.648967,141.192932,-27.382999,-0.093301,0.961213,0.130864,0.224142,0.600436,125.164268,26.399326,0.339282,0.806636,0.134010,-0.465046,15.335483,127.180466,34.005039,0.186203,0.111584,0.483601,-0.847943,23.187288,117.338646,14.420173,0.233929,-0.231360,0.661042,-0.674369,12.439584,133.831665,6.596156,0.019682,0.921648,0.207800,0.327103,-6.834437,87.440910,11.908261,0.127180,0.975193,-0.033964,0.177962,-3.376561,55.768921,-1.828010,0.045206,0.950818,-0.153453,0.265241,-15.007899,12.606388,-0.890092,-0.108286,0.935202,0.004874,0.337118,6.162341,86.225853,23.732494,0.055077,0.952719,-0.175592,0.241787,13.303449,52.345963,25.949287,0.031023,0.852109,-0.077148,0.516716,4.814516,10.662299,39.718182,0.045206,0.950818,-0.153453,0.265241,-9.486429,3.003806,-10.085741,0.031023,0.852109,-0.077148,0.516716,15.624526,2.857100,34.288750
525,4.375000,0.041344,0.932100,-0.011595,0.359648,-0.310978,86.800369,17.785761,0.023914,0.907571,0.131049,0.398208,0.305813,93.994919,17.844414,0.002496,0.910026,0.018000,0.414152,-0.869893,112.593369,22.798717,0.058242,0.961942,-0.074254,0.256442,-1.056790,130.608261,23.426567,0.040163,0.977071,-0.198270,0.066400,1.846209,143.710724,20.374172,-0.073416,0.852450,0.200189,0.477350,-4.018416,125.263123,21.058069,0.170028,-0.606315,-0.064404,-0.774160,-12.930046,126.364815,6.972526,0.045858,-0.266978,-0.433199,-0.859627,-6.958824,123.886047,-15.394399,0.028606,0.075209,-0.485269,-0.870655,4.634439,141.206329,-27.387062,-0.093461,0.961240,0.130823,0.223983,0.606321,125.126183,26.363871,0.339698,0.806552,0.134109,-0.464859,15.342731,127.148613,33.965279,0.186179,0.111022,0.483601,-0.848022,23.189520,117.293465,14.385107,0.233501,-0.232410,0.660269,-0.674913,12.440175,133.787094,6.584050,0.019630,0.921665,0.208228,0.326787,-6.809060,87.405655,11.873079,0.127824,0.974958,-0.034650,0.178651,-3.342709,55.745876,-1.889173,0.044766,0.950547,-0.153511,0.266253,-15.040590,12.602237,-0.910347,-0.108596,0.935016,0.005191,0.337529,6.187104,86.195084,23.698442,0.055424,0.952488,-0.176221,0.242160,13.354486,52.320076,25.905079,0.031039,0.852103,-0.077157,0.516725,4.817626,10.659653,39.714592,0.044766,0.950547,-0.153511,0.266253,-9.490938,3.000916,-10.090336,0.031039,0.852103,-0.077157,0.516725,15.627495,2.854074,34.285427
526,4.383333,0.041214,0.932081,-0.011548,0.359713,-0.287102,86.764801,17.750397,0.023787,0.907588,0.131009,0.398190,0.327695,93.959518,17.809053,0.002381,0.910043,0.017902,0.414121,-0.851548,112.556137,22.759420,0.058122,0.961979,-0.073958,0.256416,-1.040722,130.571167,23.382351,0.039891,0.977120,-0.198105,0.066326,1.857122,143.676315,20.336554,-0.073316,0.852432,0.200123,0.477425,-4.001820,125.225006,21.015512,0.167529,-0.606676,-0.062464,-0.774582,-12.911561,126.329056,6.928954,0.043620,-0.267162,-0.433641,-0.859464,-6.949221,123.849335,-15.440245,0.027565,0.075998,-0.485605,-0.870432,4.620958,141.212769,-27.392727,-0.093898,0.961167,0.131109,0.223945,0.623291,125.090111,26.321045,0.339848,0.806473,0.133191,-0.465150,15.357544,127.124382,33.923489,0.185748,0.110499,0.483638,-0.848164,23.186979,117.246758,14.347689,0.233273,-0.232913,0.660231,-0.674856,12.434842,133.749832,6.573710,0.019588,0.921661,0.208616,0.326552,-6.784540,87.368225,11.836815,0.128087,0.974980,-0.035296,0.178219,-3.310137,55.719578,-1.948994,0.045871,0.950521,-0.152520,0.266726,-15.040154,12.586003,-0.913033,-0.108828,0.934670,0.005469,0.338405,6.210337,86.161377,23.663980,0.055711,0.952206,-0.176832,0.242754,13.397074,52.290081,25.864759,0.030119,0.852045,-0.077778,0.516781,4.814570,10.651794,39.712704,0.045871,0.950521,-0.152520,0.266726,-9.491892,2.999012,-10.108828,0.030119,0.852045,-0.077778,0.516781,15.631564,2.845325,34.299026
527,4.391667,0.041641,0.931993,-0.011237,0.359902,-0.265128,86.740761,17.705200,0.023473,0.907543,0.131097,0.398282,0.353778,93.935074,17.770395,0.002426,0.910029,0.017857,0.414153,-0.837531,112.519165,22.715614,0.058173,0.961963,-0.073824,0.256503,-1.024580,130.534256,23.337708,0.039440,0.977154,-0.198016,0.066370,1.874097,143.640167,20.296043,-0.073170,0.852332,0.200137,0.477620,-3.986155,125.188339,20.970911,0.166827,-0.606964,-0.062133,-0.774534,-12.890398,126.298317,6.881344,0.042590,-0.266665,-0.434243,-0.859365,-6.942440,123.824135,-15.492286,0.026634,0.077044,-0.486285,-0.869990,4.615355,141.224670,-27.402723,-0.093610,0.961127,0.130890,0.224365,0.638570,125.053131,26.276768,0.339868,0.806284,0.133448,-0.465389,15.368337,127.077820,33.890446,0.185593,0.109810,0.483543,-0.848341,23.186752,117.209473,14.305573,0.233063,-0.233430,0.660285,-0.674697,12.427026,133.714676,6.561399,0.019559,0.921605,0.208652,0.326690,-6.759548,87.353065,11.789221,0.128348,0.974987,-0.035800,0.177891,-3.280391,55.705368,-1.997569,0.045606,0.950552,-0.152481,0.266685,-15.040233,12.580982,-0.918006,-0.109346,0.934510,0.005770,0.338675,6.229293,86.128456,23.621181,0.056001,0.951879,-0.177540,0.243453,13.455552,52.265240,25.816769,0.026279,0.852551,-0.079229,0.515935,4.823514,10.652283,39.709988,0.045606,0.950552,-0.152481,0.266685,-9.488611,2.996355,-10.114233,0.026279,0.852551,-0.079229,0.515935,15.664739,2.865253,34.316833
528,4.400000,0.041644,0.932032,-0.011480,0.359792,-0.247058,86.696976,17.676989,0.023425,0.907566,0.130761,0.398343,0.373155,93.891205,17.738859,0.002330,0.909980,0.017827,0.414262,-0.815075,112.480232,22.672171,0.058420,0.961924,-0.073935,0.256559,-1.004884,130.495377,23.291834,0.038856,0.977215,-0.197894,0.066182,1.901188,143.599457,20.249315,-0.073011,0.852445,0.200321,0.477367,-3.965115,125.148712,20.925028,0.168498,-0.606876,-0.064314,-0.774063,-12.878209,126.264175,6.841482,0.043268,-0.265616,-0.434909,-0.859320,-6.938122,123.820724,-15.537628,0.025762,0.078018,-0.486948,-0.869558,4.618677,141.241318,-27.419701,-0.093958,0.961008,0.130939,0.224700,0.658351,125.014877,26.232021,0.340634,0.805897,0.133438,-0.465504,15.380923,127.048553,33.857231,0.185490,0.109670,0.484003,-0.848120,23.170116,117.158127,14.271843,0.232234,-0.234003,0.659826,-0.675233,12.427091,133.678162,6.531628,0.019129,0.921781,0.209328,0.325786,-6.742871,87.307846,11.762383,0.129175,0.974680,-0.036527,0.178825,-3.234257,55.678593,-2.059223,0.045354,0.950203,-0.152557,0.267925,-15.077269,12.577966,-0.941184,-0.109950,0.934373,0.006304,0.338848,6.248756,86.086105,23.591593,0.056491,0.951525,-0.178326,0.244148,13.525743,52.232521,25.768051,0.026374,0.852545,-0.079224,0.515941,4.825584,10.649511,39.708363,0.045354,0.950203,-0.152557,0.267925,-9.495529,2.993137,-10.118953,0.026374,0.852545,-0.079224,0.515941,15.665758,2.861333,34.314739
529,4.408333,0.041551,0.931992,-0.011512,0.359906,-0.228413,86.659286,17.646282,0.022482,0.907553,0.130174,0.398619,0.390707,93.853622,17.707304,0.003578,0.909918,0.017996,0.414383,-0.824535,112.475731,22.612495,0.057180,0.961982,-0.074235,0.256536,-0.975999,130.490402,23.256329,0.039187,0.977176,-0.197793,0.066860,1.899874,143.597275,20.197220,-0.073946,0.852480,0.200389,0.477131,-3.947104,125.153244,20.881674,0.168440,-0.607047,-0.064259,-0.773947,-12.863130,126.241493,6.797861,0.043072,-0.264922,-0.435637,-0.859175,-6.932341,123.795975,-15.583487,0.025546,0.079825,-0.487259,-0.869226,4.611691,141.247543,-27.432446,-0.093638,0.961003,0.130845,0.224910,0.674853,125.002411,26.189522,0.341074,0.805690,0.133273,-0.465586,15.396267,127.025558,33.819752,0.185515,0.109288,0.483889,-0.848229,23.167902,117.118813,14.235641,0.231500,-0.234342,0.660084,-0.675115,12.416411,133.640228,6.508851,0.019337,0.921309,0.209862,0.326762,-6.722919,87.268364,11.730061,0.129449,0.974562,-0.037376,0.179094,-3.200696,55.655205,-2.124868,0.044904,0.950259,-0.152402,0.267891,-15.080672,12.566510,-0.940686,-0.110434,0.934282,0.006719,0.338934,6.266092,86.050209,23.562506,0.056826,0.951156,-0.178999,0.245017,13.583589,52.204411,25.724184,0.026436,0.852505,-0.079201,0.516007,4.828238,10.646296,39.704121,0.044904,0.950259,-0.152402,0.267891,-9.492005,2.987546,-10.120362,0.026436,0.852505,-0.079201,0.516007,15.668731,2.857839,34.311543
530,4.416667,0.041171,0.931954,-0.011305,0.360054,-0.203077,86.621101,17.613203,0.022722,0.907556,0.130418,0.398518,0.409853,93.815956,17.675133,0.002765,0.909944,0.017819,0.414340,-0.798892,112.414314,22.586992,0.057761,0.961951,-0.073668,0.256685,-0.974381,130.429382,23.212883,0.038944,0.977123,-0.198177,0.066633,1.913473,143.538101,20.173000,-0.073567,0.852356,0.200414,0.477401,-3.938521,125.085915,20.843761,0.168579,-0.607093,-0.065249,-0.773797,-12.847797,126.187477,6.756711,0.043018,-0.264103,-0.436237,-0.859125,-6.925593,123.772881,-15.630266,0.025101,0.081070,-0.487834,-0.868801,4.614106,141.250641,-27.444817,-0.093488,0.961113,0.130388,0.224769,0.684011,124.946548,26.151424,0.340985,0.805481,0.133317,-0.466001,15.408482,126.969276,33.775871,0.185116,0.108729,0.483887,-0.848389,23.164978,117.072739,14.180599,0.231209,-0.234591,0.660366,-0.674853,12.409241,133.602112,6.482052,0.019285,0.921383,0.210147,0.326373,-6.696264,87.225189,11.695025,0.129805,0.974513,-0.037938,0.178985,-3.170016,55.620213,-2.177524,0.044725,0.950241,-0.151936,0.268250,-15.089081,12.543547,-0.949004,-0.110757,0.934251,0.007091,0.338907,6.290111,86.017006,23.531384,0.057117,0.950845,-0.179718,0.245626,13.636992,52.176510,25.676363,0.026546,0.852525,-0.079158,0.515975,4.832873,10.644433,39.702969,0.044725,0.950241,-0.151936,0.268250,-9.487501,2.975404,-10.132094,0.026546,0.852525,-0.079158,0.515975,15.671929,2.855418,34.308311
531,4.425000,0.041103,0.931928,-0.011336,0.360127,-0.187812,86.584053,17.582741,0.022659,0.907565,0.130211,0.398568,0.424361,93.778976,17.643950,0.002390,0.909912,0.017666,0.414418,-0.783198,112.372818,22.545898,0.058068,0.961840,-0.073837,0.256982,-0.968737,130.388168,23.161160,0.038731,0.977117,-0.198144,0.066947,1.929580,143.494339,20.120300,-0.073178,0.852330,0.200342,0.477536,-3.929501,125.041649,20.794645,0.166134,-0.607377,-0.063211,-0.774272,-12.836370,126.154121,6.706923,0.041314,-0.263969,-0.436554,-0.859089,-6.918052,123.734436,-15.680536,0.025072,0.081875,-0.488438,-0.868387,4.611747,141.246429,-27.453991,-0.092662,0.961174,0.130150,0.224989,0.692146,124.907959,26.103226,0.340581,0.805415,0.133391,-0.466389,15.418449,126.905167,33.730869,0.184647,0.108303,0.483749,-0.848624,23.170910,117.028831,14.123808,0.231062,-0.234697,0.660657,-0.674582,12.405009,133.564484,6.449783,0.019134,0.921370,0.210550,0.326161,-6.680167,87.186798,11.663506,0.130096,0.974471,-0.038578,0.178864,-3.138225,55.593170,-2.230884,0.044266,0.950316,-0.151611,0.268243,-15.091969,12.527645,-0.950014,-0.111231,0.933964,0.007517,0.339533,6.304543,85.981300,23.501974,0.057458,0.950535,-0.180291,0.246326,13.690297,52.148533,25.635433,0.026442,0.852456,-0.079147,0.516096,4.834936,10.638371,39.694630,0.044266,0.950316,-0.151611,0.268243,-9.481828,2.969021,-10.137794,0.026442,0.852456,-0.079147,0.516096,15.676984,2.850992,34.303616
532,4.433333,0.041012,0.931890,-0.011255,0.360240,-0.171120,86.546303,17.551840,0.022435,0.907610,0.130037,0.398537,0.439411,93.741356,17.613729,0.002359,0.909953,0.017615,0.414331,-0.773240,112.339066,22.506813,0.058059,0.961857,-0.073375,0.257055,-0.958990,130.354477,23.119953,0.038905,0.976966,-0.198817,0.067055,1.936395,143.464096,20.091156,-0.073039,0.852349,0.200083,0.477634,-3.920107,125.007645,20.754642,0.168936,-0.607240,-0.066013,-0.773539,-12.824554,126.120529,6.665422,0.042413,-0.262649,-0.437217,-0.859103,-6.915331,123.721436,-15.726656,0.024151,0.082454,-0.488535,-0.868304,4.620047,141.249832,-27.470165,-0.092753,0.961202,0.130022,0.224905,0.702553,124.874664,26.062361,0.340877,0.805269,0.133558,-0.466376,15.429552,126.876244,33.687511,0.185069,0.107916,0.483706,-0.848606,23.173172,116.994690,14.079586,0.231273,-0.234893,0.660960,-0.674144,12.402090,133.529312,6.411337,0.018840,0.921556,0.210708,0.325549,-6.662176,87.148026,11.631075,0.130496,0.974449,-0.038982,0.178605,-3.107045,55.558250,-2.268716,0.043981,0.950331,-0.151125,0.268511,-15.100999,12.504869,-0.956101,-0.111728,0.933734,0.007795,0.339995,6.319935,85.944580,23.472605,0.057783,0.950243,-0.180872,0.246953,13.742950,52.119816,25.603453,0.026390,0.852495,-0.078999,0.516058,4.838526,10.631791,39.696960,0.043981,0.950331,-0.151125,0.268511,-9.478192,2.958112,-10.148475,0.026390,0.852495,-0.078999,0.516058,15.681857,2.848095,34.303211
533,4.441667,0.041096,0.931808,-0.011408,0.360436,-0.163228,86.499123,17.527304,0.022404,0.907677,0.129519,0.398555,0.449204,93.694031,17.587709,0.002270,0.909984,0.017533,0.414266,-0.757165,112.305664,22.464827,0.057864,0.961866,-0.073472,0.257034,-0.944559,130.321198,23.073950,0.039181,0.976908,-0.199008,0.067170,1.946321,143.430908,20.041189,-0.073068,0.852287,0.200198,0.477690,-3.905499,124.973534,20.710262,0.165621,-0.607643,-0.063139,-0.774179,-12.807997,126.087967,6.619941,0.039967,-0.262979,-0.437387,-0.859033,-6.904303,123.677872,-15.772408,0.023571,0.083500,-0.488652,-0.868154,4.615610,141.242081,-27.477556,-0.092802,0.961175,0.129932,0.225051,0.717931,124.842194,26.017347,0.340882,0.805072,0.133323,-0.466779,15.442428,126.845299,33.646919,0.185407,0.107325,0.483709,-0.848606,23.168373,116.964050,14.031872,0.232040,-0.234863,0.661981,-0.672888,12.393651,133.499420,6.379010,0.018648,0.921482,0.211215,0.325439,-6.651673,87.101158,11.603715,0.130872,0.974440,-0.039565,0.178254,-3.074336,55.525726,-2.322945,0.043626,0.950339,-0.150700,0.268779,-15.109009,12.485224,-0.961414,-0.112281,0.933466,0.008306,0.340538,6.325217,85.897095,23.450895,0.058251,0.950123,-0.181512,0.246835,13.794294,52.081478,25.566097,0.026144,0.852568,-0.078762,0.515986,4.838581,10.619018,39.702286,0.043626,0.950339,-0.150700,0.268779,-9.472815,2.949497,-10.157035,0.026144,0.852568,-0.078762,0.515986,15.685805,2.843333,34.304817
534,4.450000,0.040798,0.931868,-0.011343,0.360318,-0.130862,86.475838,17.495245,0.021875,0.907706,0.129468,0.398533,0.477247,93.671120,17.554893,0.002351,0.909988,0.017410,0.414262,-0.746420,112.279663,22.421043,0.057829,0.961790,-0.074391,0.257062,-0.929323,130.295334,23.027348,0.039086,0.976935,-0.198820,0.067394,1.966878,143.398361,19.970932,-0.073219,0.852352,0.200026,0.477625,-3.891628,124.948051,20.664539,0.167082,-0.607489,-0.064817,-0.773847,-12.795478,126.054848,6.574468,0.040543,-0.261979,-0.438196,-0.858899,-6.893075,123.664078,-15.820293,0.023080,0.084673,-0.488707,-0.868023,4.618002,141.253540,-27.496151,-0.093228,0.961145,0.129910,0.225015,0.731845,124.816391,25.971581,0.340837,0.805080,0.131924,-0.467197,15.454240,126.833412,33.601547,0.184721,0.108419,0.483942,-0.848483,23.163425,116.925880,13.993159,0.230940,-0.234598,0.661546,-0.673786,12.406300,133.464661,6.312425,0.018634,0.921525,0.211444,0.325171,-6.621230,87.073463,11.573315,0.131217,0.974315,-0.040127,0.178555,-3.041810,55.504711,-2.367932,0.043330,0.950332,-0.150531,0.268946,-15.115121,12.476298,-0.966962,-0.112533,0.933295,0.008328,0.340922,6.359506,85.878212,23.417175,0.058353,0.949494,-0.182013,0.248853,13.844371,52.066566,25.539986,0.028638,0.852171,-0.078035,0.516619,4.839312,10.621458,39.695690,0.043330,0.950332,-0.150531,0.268946,-9.469954,2.945881,-10.162583,0.028638,0.852171,-0.078035,0.516619,15.670263,2.828753,34.290092
535,4.458333,0.040674,0.931836,-0.011445,0.360411,-0.111405,86.452614,17.468147,0.021645,0.907684,0.129337,0.398638,0.495560,93.648010,17.525835,0.002267,0.909943,0.017210,0.414369,-0.734599,112.256828,22.383499,0.057660,0.961715,-0.074645,0.257309,-0.917326,130.272766,22.981995,0.039236,0.976837,-0.199118,0.067837,1.977365,143.374557,19.918850,-0.073516,0.852366,0.200091,0.477526,-3.879169,124.924507,20.620794,0.166729,-0.607506,-0.064819,-0.773910,-12.784712,126.023170,6.531157,0.039844,-0.261658,-0.438574,-0.858837,-6.883261,123.642540,-15.864934,0.022301,0.085235,-0.488760,-0.867958,4.619991,141.255707,-27.512753,-0.093316,0.961182,0.129857,0.224853,0.743052,124.795059,25.928980,0.341550,0.804786,0.133119,-0.466844,15.467328,126.816109,33.554245,0.186355,0.107028,0.483697,-0.848442,23.169249,116.910339,13.942114,0.232384,-0.234428,0.663643,-0.671282,12.389245,133.443115,6.279916,0.018502,0.921505,0.211724,0.325052,-6.600769,87.047508,11.544843,0.131568,0.974280,-0.040595,0.178380,-3.008337,55.486633,-2.410872,0.042926,0.950338,-0.150515,0.268999,-15.118663,12.469846,-0.972727,-0.112800,0.933052,0.008631,0.341490,6.377959,85.857719,23.391451,0.058501,0.949161,-0.182518,0.249716,13.885715,52.050602,25.505581,0.026203,0.852459,-0.079045,0.516119,4.844519,10.623532,39.691013,0.042926,0.950338,-0.150515,0.268999,-9.466154,2.942157,-10.166667,0.026203,0.852459,-0.079045,0.516119,15.690605,2.841342,34.300640
536,4.466667,0.040612,0.931789,-0.011522,0.360536,-0.092519,86.432144,17.439705,0.021201,0.907646,0.128866,0.398902,0.513999,93.627586,17.496111,0.002809,0.909851,0.017048,0.414575,-0.726291,112.249519,22.332474,0.057259,0.961709,-0.074657,0.257418,-0.888963,130.265564,22.933676,0.039385,0.976740,-0.199487,0.068060,1.995950,143.368866,19.867790,-0.073948,0.852559,0.200138,0.477096,-3.855814,124.921013,20.570370,0.167131,-0.607488,-0.065278,-0.773799,-12.772955,126.004776,6.486911,0.039411,-0.261186,-0.438964,-0.858801,-6.873276,123.629120,-15.910178,0.021320,0.085657,-0.488540,-0.868065,4.625399,141.263992,-27.529633,-0.093403,0.961125,0.129771,0.225109,0.763964,124.785522,25.880531,0.342031,0.804632,0.133169,-0.466743,15.483848,126.808739,33.513706,0.187053,0.107258,0.483610,-0.848309,23.174829,116.887878,13.904914,0.232208,-0.234688,0.663254,-0.671636,12.395539,133.406464,6.223017,0.018414,0.921450,0.211936,0.325076,-6.580389,87.025467,11.514606,0.131801,0.974294,-0.041098,0.178020,-2.977101,55.470612,-2.451918,0.042857,0.950438,-0.150270,0.268792,-15.114554,12.462974,-0.969413,-0.113123,0.932913,0.008853,0.341759,6.395350,85.838821,23.364805,0.058717,0.948845,-0.182995,0.250515,13.928321,52.037037,25.474369,0.026134,0.852412,-0.079267,0.516167,4.846712,10.627824,39.686089,0.042857,0.950438,-0.150270,0.268792,-9.464149,2.940847,-10.170405,0.026134,0.852412,-0.079267,0.516167,15.692563,2.842027,34.300453
537,4.475000,0.040419,0.931768,-0.011460,0.360616,-0.067854,86.412025,17.409628,0.020849,0.907682,0.128808,0.398857,0.535746,93.607712,17.465914,0.002654,0.909885,0.016962,0.414504,-0.715928,112.233650,22.295717,0.057081,0.961706,-0.074407,0.257542,-0.882369,130.249817,22.891811,0.039720,0.976559,-0.200211,0.068345,1.996872,143.355698,19.831528,-0.074244,0.852460,0.200429,0.477104,-3.848436,124.903961,20.530483,0.167200,-0.607385,-0.065746,-0.773825,-12.763839,125.984253,6.445661,0.039082,-0.260807,-0.439233,-0.858794,-6.861190,123.624382,-15.952312,0.020612,0.086085,-0.488505,-0.868060,4.635610,141.275055,-27.549612,-0.093478,0.961188,0.129520,0.224954,0.772184,124.770988,25.839973,0.342027,0.804585,0.132800,-0.466931,15.493939,126.799347,33.468166,0.187497,0.107042,0.483508,-0.848297,23.176870,116.872490,13.859250,0.233018,-0.234036,0.664536,-0.670315,12.389486,133.389862,6.175479,0.018352,0.921488,0.212055,0.324893,-6.554988,87.002548,11.483446,0.132112,0.974248,-0.041511,0.177946,-2.947758,55.451031,-2.489619,0.042405,0.950457,-0.150156,0.268861,-15.118055,12.453789,-0.975418,-0.113256,0.932738,0.008909,0.342190,6.419280,85.821503,23.335812,0.058779,0.948458,-0.183376,0.251684,13.961079,52.021873,25.448427,0.026280,0.852317,-0.079184,0.516328,4.848556,10.625776,39.678577,0.042405,0.950457,-0.150156,0.268861,-9.458731,2.936745,-10.176186,0.026280,0.852317,-0.079184,0.516328,15.695435,2.839855,34.295197
538,4.483333,0.040341,0.931697,-0.011693,0.360800,-0.053453,86.398903,17.381889,0.020913,0.907824,0.128891,0.398503,0.550294,93.594604,17.434757,0.002146,0.910107,0.016549,0.414037,-0.697924,112.210022,22.266376,0.057465,0.961678,-0.074326,0.257584,-0.874535,130.226776,22.841423,0.039588,0.976449,-0.200697,0.068560,2.014292,143.331696,19.786116,-0.074054,0.852448,0.200495,0.477126,-3.839805,124.876381,20.489414,0.167952,-0.607324,-0.066476,-0.773648,-12.755444,125.963318,6.405255,0.039255,-0.260145,-0.439648,-0.858774,-6.853832,123.608414,-15.993508,0.020303,0.086549,-0.488732,-0.867893,4.642016,141.274902,-27.567635,-0.093894,0.961193,0.129030,0.225039,0.786294,124.752403,25.794348,0.342102,0.804584,0.132187,-0.467051,15.504156,126.797447,33.425594,0.187630,0.107412,0.483493,-0.848229,23.179459,116.855202,13.821498,0.233011,-0.234073,0.664110,-0.670726,12.395298,133.366425,6.122413,0.018318,0.921421,0.212126,0.325037,-6.538362,86.986572,11.452990,0.132340,0.974150,-0.041960,0.178206,-2.925194,55.437057,-2.523066,0.042857,0.950424,-0.150039,0.268972,-15.122376,12.448576,-0.976773,-0.113476,0.932552,0.008979,0.342621,6.431455,85.811226,23.310791,0.058887,0.948222,-0.183669,0.252337,13.988007,52.015156,25.427597,0.026419,0.852233,-0.079311,0.516440,4.850276,10.629818,39.672867,0.042857,0.950424,-0.150039,0.268972,-9.466908,2.931311,-10.179682,0.026419,0.852233,-0.079311,0.516440,15.695975,2.839574,34.293362
539,4.491667,0.040065,0.931637,-0.011320,0.360999,-0.027616,86.386215,17.349117,0.020345,0.907850,0.128365,0.398644,0.570474,93.582359,17.405693,0.002317,0.910069,0.016745,0.414113,-0.690746,112.212082,22.212528,0.057653,0.961565,-0.075254,0.257692,-0.864715,130.228577,22.796545,0.039358,0.976446,-0.200682,0.068778,2.035648,143.325806,19.719271,-0.074289,0.852412,0.200421,0.477185,-3.830412,124.879799,20.441378,0.169663,-0.607102,-0.068080,-0.773309,-12.742994,125.959351,6.354716,0.039941,-0.259157,-0.440129,-0.858795,-6.838867,123.614525,-16.044443,0.019712,0.087240,-0.488864,-0.867763,4.661324,141.294601,-27.593485,-0.093961,0.961195,0.128961,0.225042,0.794799,124.752472,25.747007,0.342483,0.804482,0.132427,-0.466880,15.512207,126.800201,33.378403,0.188497,0.106981,0.483418,-0.848134,23.182796,116.849503,13.776745,0.233958,-0.233551,0.665242,-0.669455,12.391940,133.355118,6.076673,0.018501,0.921194,0.212279,0.325572,-6.510381,86.971649,11.417653,0.132663,0.974002,-0.042577,0.178626,-2.897304,55.427094,-2.569613,0.042754,0.950356,-0.150124,0.269180,-15.132277,12.450922,-0.980288,-0.113637,0.932508,0.008922,0.342689,6.455148,85.800781,23.280582,0.058981,0.947909,-0.184046,0.253211,14.020392,52.007164,25.405479,0.029562,0.851951,-0.077907,0.516949,4.853370,10.635218,39.670807,0.042754,0.950356,-0.150124,0.269180,-9.471214,2.932476,-10.178535,0.029562,0.851951,-0.077907,0.516949,15.678453,2.833369,34.266655
540,4.500000,0.039809,0.931675,-0.011489,0.360922,-0.007447,86.372826,17.327202,0.020380,0.907973,0.128382,0.398356,0.588094,93.569206,17.380123,0.001827,0.910209,0.016389,0.413821,-0.670343,112.194656,22.187426,0.057728,0.961575,-0.075036,0.257703,-0.854907,130.211655,22.752499,0.039214,0.976308,-0.201369,0.068811,2.046015,143.310196,19.681383,-0.074313,0.852396,0.200410,0.477216,-3.818837,124.858582,20.404867,0.169363,-0.607086,-0.068180,-0.773379,-12.730333,125.937500,6.317472,0.039700,-0.258733,-0.440424,-0.858783,-6.825941,123.605110,-16.082916,0.019420,0.088096,-0.489319,-0.867426,4.672281,141.300964,-27.609720,-0.094390,0.961254,0.128529,0.224859,0.809805,124.739685,25.707701,0.342874,0.804398,0.132298,-0.466775,15.527260,126.805389,33.334160,0.188562,0.107273,0.483543,-0.848011,23.189970,116.837929,13.737938,0.233726,-0.233633,0.664191,-0.670551,12.408985,133.339722,6.027108,0.018494,0.921159,0.212525,0.325510,-6.491544,86.953033,11.396679,0.132925,0.973974,-0.042967,0.178492,-2.873333,55.415726,-2.605599,0.040630,0.950441,-0.151131,0.268646,-15.136534,12.448772,-0.984976,-0.113651,0.932484,0.008879,0.342751,6.476650,85.792610,23.257723,0.059147,0.947796,-0.184329,0.253391,14.041680,51.999176,25.386276,0.028898,0.851864,-0.078656,0.517017,4.851836,10.638290,39.668983,0.040630,0.950441,-0.151131,0.268646,-9.460032,2.921838,-10.164900,0.028898,0.851864,-0.078656,0.517017,15.680077,2.829684,34.280941
541,4.508333,0.039823,0.931629,-0.011736,0.361033,0.008324,86.375336,17.294872,0.020124,0.907967,0.128446,0.398363,0.605330,93.571625,17.344614,0.001747,0.910229,0.016053,0.413791,-0.663037,112.195862,22.149954,0.056804,0.961628,-0.074982,0.257728,-0.845196,130.213257,22.702829,0.039750,0.976173,-0.201775,0.069236,2.031607,143.315918,19.626579,-0.074441,0.852462,0.200310,0.477120,-3.809990,124.859001,20.359030,0.169368,-0.606972,-0.068111,-0.773473,-12.723917,125.931885,6.272705,0.039340,-0.258396,-0.440694,-0.858762,-6.812672,123.598053,-16.125731,0.018840,0.088689,-0.489183,-0.867456,4.682501,141.309769,-27.631229,-0.094282,0.961267,0.128450,0.224894,0.818999,124.743080,25.661627,0.342695,0.804486,0.132061,-0.466823,15.536611,126.805794,33.288605,0.188572,0.107115,0.483327,-0.848152,23.202980,116.838799,13.693565,0.234155,-0.233146,0.664618,-0.670147,12.412703,133.335403,5.989990,0.018389,0.921207,0.212323,0.325513,-6.474354,86.954140,11.362659,0.133069,0.973944,-0.043194,0.178495,-2.853996,55.410610,-2.625036,0.042863,0.950308,-0.150077,0.269360,-15.132998,12.448824,-0.987123,-0.113714,0.932434,0.008721,0.342871,6.491002,85.796524,23.227083,0.059142,0.947714,-0.184543,0.253545,14.056030,52.003883,25.368330,0.026755,0.852149,-0.079879,0.516474,4.859704,10.649997,39.667137,0.042863,0.950308,-0.150077,0.269360,-9.469459,2.930716,-10.184197,0.026755,0.852149,-0.079879,0.516474,15.697272,2.843762,34.294418
542,4.516667,0.039664,0.931599,-0.011810,0.361124,0.030461,86.374657,17.265671,0.019789,0.907948,0.127993,0.398567,0.625712,93.571106,17.313633,0.001995,0.910141,0.016085,0.413981,-0.649031,112.208412,22.100113,0.057347,0.961563,-0.075430,0.257720,-0.823653,130.225739,22.657686,0.039179,0.976173,-0.202039,0.068779,2.070117,143.322891,19.573862,-0.074639,0.852725,0.199932,0.476776,-3.789795,124.873375,20.311256,0.166778,-0.607166,-0.065555,-0.774104,-12.713676,125.931633,6.230135,0.037446,-0.258789,-0.440698,-0.858727,-6.797465,123.579384,-16.165056,0.018358,0.089258,-0.489389,-0.867292,4.687794,141.313293,-27.646223,-0.094492,0.961285,0.129001,0.224415,0.836975,124.754059,25.615713,0.342855,0.804448,0.131796,-0.466844,15.560452,126.821503,33.230064,0.188599,0.106818,0.483056,-0.848338,23.220743,116.843460,13.638282,0.233637,-0.233729,0.664434,-0.670307,12.416371,133.336823,5.945912,0.018424,0.921204,0.212263,0.325557,-6.451274,86.950340,11.332126,0.133227,0.973898,-0.043521,0.178546,-2.833876,55.405109,-2.652501,0.042830,0.950310,-0.150148,0.269318,-15.131510,12.449619,-0.989372,-0.113558,0.932398,0.008483,0.343026,6.512197,85.798981,23.199215,0.059336,0.947889,-0.184636,0.252773,14.061260,52.003593,25.353367,0.026799,0.852054,-0.079972,0.516614,4.858193,10.654840,39.662666,0.042830,0.950310,-0.150148,0.269318,-9.468727,2.930230,-10.185581,0.026799,0.852054,-0.079972,0.516614,15.696371,2.846208,34.294678
543,4.525000,0.039500,0.931594,-0.011896,0.361152,0.049590,86.376221,17.236952,0.020113,0.907971,0.128066,0.398475,0.643090,93.572823,17.282930,0.001226,0.910161,0.015713,0.413955,-0.620077,112.196205,22.073713,0.057227,0.961555,-0.075521,0.257746,-0.814357,130.214050,22.607609,0.039140,0.976140,-0.202238,0.068695,2.077045,143.310989,19.520687,-0.074334,0.852741,0.199787,0.476857,-3.774744,124.855362,20.268339,0.166450,-0.607175,-0.065408,-0.774180,-12.697579,125.920509,6.187069,0.036906,-0.258561,-0.440991,-0.858668,-6.780986,123.572372,-16.208460,0.017802,0.089716,-0.489566,-0.867156,4.697508,141.324265,-27.668589,-0.094990,0.961267,0.128803,0.224393,0.852365,124.748085,25.572760,0.342806,0.804474,0.131606,-0.466890,15.573019,126.833054,33.187805,0.188502,0.106882,0.482912,-0.848433,23.232893,116.852592,13.597091,0.233429,-0.233641,0.664355,-0.670489,12.423563,133.342133,5.905411,0.018429,0.921177,0.212174,0.325692,-6.432017,86.948669,11.302950,0.133380,0.973839,-0.043812,0.178687,-2.814897,55.400837,-2.675889,0.042990,0.950277,-0.150189,0.269386,-15.130308,12.451252,-0.991835,-0.113516,0.932396,0.008238,0.343052,6.531196,85.803772,23.170956,0.059355,0.947841,-0.184799,0.252831,14.071694,52.007439,25.340191,0.027060,0.852026,-0.080107,0.516626,4.862628,10.664288,39.661819,0.042990,0.950277,-0.150189,0.269386,-9.468719,2.930032,-10.186891,0.027060,0.852026,-0.080107,0.516626,15.696714,2.849524,34.294479
544,4.533333,0.039348,0.931603,-0.012088,0.361140,0.068763,86.379280,17.211216,0.019855,0.908035,0.127835,0.398417,0.661216,93.575989,17.253805,0.001060,0.910195,0.015588,0.413886,-0.607191,112.203667,22.033237,0.057234,0.961539,-0.075646,0.257767,-0.805022,130.221664,22.560598,0.038873,0.976067,-0.202646,0.068682,2.087491,143.317627,19.470606,-0.074447,0.852763,0.199779,0.476803,-3.764676,124.861542,20.223719,0.166783,-0.607055,-0.065634,-0.774183,-12.688674,125.922920,6.142902,0.036816,-0.258219,-0.441278,-0.858628,-6.766708,123.574463,-16.251171,0.017492,0.089848,-0.489641,-0.867106,4.708142,141.339050,-27.695251,-0.095109,0.961252,0.128739,0.224443,0.863239,124.757111,25.527489,0.342588,0.804570,0.131353,-0.466955,15.582384,126.846138,33.144333,0.188334,0.106898,0.482790,-0.848538,23.246389,116.867218,13.554445,0.233453,-0.233621,0.664322,-0.670520,12.431945,133.355530,5.865931,0.018704,0.921200,0.211934,0.325767,-6.413211,86.948006,11.277260,0.133620,0.973793,-0.044246,0.178647,-2.818014,55.393826,-2.692896,0.042737,0.950254,-0.149901,0.269668,-15.160582,12.453402,-0.974530,-0.113407,0.932415,0.007979,0.343043,6.550737,85.810547,23.145174,0.059360,0.947768,-0.184902,0.253027,14.078152,52.012207,25.328482,0.027086,0.851945,-0.080356,0.516720,4.863442,10.672498,39.656403,0.042737,0.950254,-0.149901,0.269668,-9.487586,2.939752,-10.170389,0.027086,0.851945,-0.080356,0.516720,15.696502,2.852345,34.294857
545,4.541667,0.039230,0.931608,-0.012186,0.361136,0.087228,86.384941,17.183203,0.019725,0.908057,0.127647,0.398434,0.678614,93.581749,17.223852,0.000795,0.910172,0.015658,0.413934,-0.591448,112.210045,21.994461,0.057112,0.961523,-0.075931,0.257773,-0.799029,130.227982,22.520138,0.038794,0.975994,-0.203035,0.068614,2.092249,143.322296,19.422012,-0.074720,0.852564,0.200006,0.477021,-3.755530,124.866043,20.183411,0.166668,-0.607134,-0.065182,-0.774184,-12.671213,125.925209,6.097160,0.036345,-0.257948,-0.441704,-0.858510,-6.750940,123.563095,-16.295927,0.017187,0.090240,-0.489847,-0.866955,4.712517,141.349136,-27.718098,-0.095431,0.961254,0.128599,0.224380,0.871828,124.764595,25.487726,0.342324,0.804690,0.131064,-0.467023,15.589878,126.865280,33.103489,0.188483,0.106682,0.482591,-0.848645,23.259323,116.888466,13.514654,0.234030,-0.233518,0.664887,-0.669794,12.434621,133.373154,5.831811,0.018500,0.921170,0.211982,0.325835,-6.394966,86.951118,11.249241,0.133567,0.973696,-0.044387,0.179180,-2.784647,55.397808,-2.718992,0.042970,0.950278,-0.150413,0.269262,-15.125831,12.457243,-0.994274,-0.113265,0.932415,0.007703,0.343094,6.569421,85.818764,23.117165,0.059335,0.947659,-0.184952,0.253406,14.081150,52.017891,25.315342,0.027032,0.851788,-0.080632,0.516938,4.861805,10.679561,39.644253,0.042970,0.950278,-0.150413,0.269262,-9.467795,2.931443,-10.186773,0.027032,0.851788,-0.080632,0.516938,15.696305,2.854604,34.292622
546,4.550000,0.038911,0.931677,-0.012218,0.360991,0.115596,86.388000,17.160992,0.019527,0.908065,0.127373,0.398513,0.702865,93.585159,17.199453,0.000509,0.910095,0.015427,0.414111,-0.570450,112.218643,21.958109,0.056786,0.961515,-0.075856,0.257897,-0.784058,130.236847,22.471901,0.038615,0.975908,-0.203482,0.068615,2.098877,143.333023,19.373856,-0.074940,0.852527,0.200206,0.476970,-3.737905,124.872421,20.137524,0.167053,-0.607085,-0.065786,-0.774089,-12.654122,125.928261,6.051366,0.036364,-0.257580,-0.442030,-0.858452,-6.734758,123.577103,-16.343109,0.016696,0.090716,-0.490165,-0.866735,4.723989,141.375763,-27.750319,-0.095705,0.961220,0.128478,0.224476,0.887393,124.775955,25.443727,0.342172,0.804772,0.131113,-0.466979,15.602243,126.885818,33.063129,0.188277,0.106896,0.482381,-0.848783,23.278469,116.914192,13.474321,0.233624,-0.233290,0.664656,-0.670246,12.446477,133.394318,5.788642,0.018510,0.921320,0.211875,0.325477,-6.368870,86.948814,11.229006,0.133738,0.973652,-0.044607,0.179236,-2.767026,55.392410,-2.734403,0.042988,0.950274,-0.150410,0.269272,-15.126273,12.457663,-0.994158,-0.113012,0.932510,0.007341,0.342928,6.600063,85.827187,23.092976,0.059425,0.947644,-0.185028,0.253385,14.087420,52.021957,25.307188,0.029528,0.851380,-0.079917,0.517584,4.859149,10.687095,39.640377,0.042988,0.950274,-0.150410,0.269272,-9.468281,2.931803,-10.186617,0.029528,0.851380,-0.079917,0.517584,15.677285,2.844795,34.281040
547,4.558333,0.038954,0.931615,-0.012567,0.361134,0.134708,86.399239,17.129456,0.019421,0.908035,0.127344,0.398595,0.724363,93.596230,17.163540,0.000316,0.910060,0.015420,0.414190,-0.552703,112.230972,21.919668,0.056506,0.961485,-0.075889,0.258060,-0.772605,130.249191,22.430315,0.038289,0.975799,-0.203998,0.068811,2.104109,143.346222,19.330069,-0.075339,0.852489,0.200295,0.476936,-3.724190,124.883339,20.096334,0.167347,-0.607021,-0.066159,-0.774044,-12.639480,125.929108,6.008832,0.036432,-0.257264,-0.442413,-0.858346,-6.718768,123.583458,-16.385870,0.016537,0.091034,-0.490651,-0.866430,4.731491,141.395401,-27.780888,-0.096068,0.961194,0.128522,0.224408,0.900198,124.789383,25.403381,0.342131,0.804874,0.131381,-0.466759,15.613747,126.910797,33.022091,0.188461,0.106987,0.482119,-0.848880,23.300848,116.943573,13.435290,0.233492,-0.233291,0.664474,-0.670471,12.459283,133.414230,5.744426,0.018769,0.921495,0.211164,0.325429,-6.347890,86.958466,11.195276,0.133921,0.973665,-0.044835,0.178976,-2.779606,55.381859,-2.731028,0.042740,0.950310,-0.149833,0.269508,-15.157578,12.453326,-0.970694,-0.112902,0.932528,0.007039,0.342923,6.617306,85.840012,23.063635,0.059317,0.947564,-0.185026,0.253713,14.090493,52.032757,25.294724,0.027052,0.851487,-0.081401,0.517313,4.866403,10.696689,39.627110,0.042740,0.950310,-0.149833,0.269508,-9.487705,2.941088,-10.169938,0.027052,0.851487,-0.081401,0.517313,15.699616,2.855963,34.295998
548,4.566667,0.038861,0.931604,-0.012716,0.361168,0.154183,86.410751,17.101433,0.019210,0.908077,0.127151,0.398571,0.743374,93.607780,17.133047,0.000042,0.910073,0.015359,0.414164,-0.537985,112.244690,21.879364,0.056427,0.961471,-0.076535,0.257937,-0.765937,130.262985,22.383944,0.038164,0.975835,-0.203910,0.068637,2.112435,143.355484,19.266146,-0.075627,0.852488,0.200283,0.476898,-3.715230,124.895027,20.051918,0.167640,-0.606885,-0.066493,-0.774059,-12.630267,125.932144,5.963624,0.036510,-0.256971,-0.442793,-0.858235,-6.703935,123.591377,-16.430096,0.016378,0.091222,-0.491281,-0.866056,4.737388,141.416183,-27.813953,-0.096420,0.961158,0.128583,0.224378,0.909457,124.804924,25.358768,0.342114,0.805017,0.131696,-0.466435,15.621196,126.937172,32.977943,0.188400,0.107103,0.481900,-0.849003,23.322893,116.973175,13.395253,0.233212,-0.232992,0.664307,-0.670838,12.473398,133.437927,5.702602,0.019003,0.921537,0.210551,0.325695,-6.328101,86.967499,11.166678,0.133464,0.973959,-0.044780,0.177725,-2.784795,55.373562,-2.726659,0.043192,0.950706,-0.149210,0.268383,-15.120557,12.433648,-0.947659,-0.112743,0.932531,0.006685,0.342972,6.636467,85.853996,23.036186,0.059308,0.947577,-0.185066,0.253634,14.091018,52.043926,25.286806,0.027109,0.851430,-0.081792,0.517342,4.867971,10.709089,39.623417,0.043192,0.950706,-0.149210,0.268383,-9.478466,2.931868,-10.174747,0.027109,0.851430,-0.081792,0.517342,15.697770,2.859643,34.298210
549,4.575000,0.038787,0.931575,-0.012879,0.361244,0.171714,86.424606,17.073645,0.019104,0.908096,0.127015,0.398578,0.760748,93.621666,17.102730,-0.000189,0.910071,0.015356,0.414168,-0.522041,112.257423,21.842093,0.056267,0.961484,-0.076182,0.258027,-0.757540,130.275711,22.343140,0.037886,0.975728,-0.204465,0.068657,2.114797,143.371490,19.233545,-0.075964,0.852439,0.200318,0.476918,-3.704550,124.906075,20.012121,0.168200,-0.606745,-0.066760,-0.774023,-12.617260,125.934395,5.921712,0.036534,-0.256762,-0.443317,-0.858026,-6.684719,123.588409,-16.469816,0.016154,0.091212,-0.491545,-0.865912,4.739429,141.430466,-27.843893,-0.096786,0.961140,0.128521,0.224333,0.920091,124.818947,25.319057,0.341873,0.805195,0.131748,-0.466290,15.630128,126.963554,32.938049,0.188029,0.107826,0.481825,-0.849036,23.345840,117.005981,13.357602,0.232622,-0.232798,0.663355,-0.672051,12.499885,133.464569,5.647003,0.019036,0.921599,0.210167,0.325765,-6.309708,86.979065,11.137737,0.133620,0.973848,-0.044858,0.178195,-2.776238,55.373985,-2.732751,0.042968,0.950617,-0.149443,0.268603,-15.127384,12.438429,-0.955451,-0.112567,0.932501,0.006361,0.343117,6.653134,85.870155,23.009552,0.059216,0.947571,-0.185101,0.253655,14.088406,52.057030,25.278040,0.027308,0.851366,-0.082122,0.517385,4.872035,10.722396,39.619549,0.042968,0.950617,-0.149443,0.268603,-9.478396,2.933057,-10.174613,0.027308,0.851366,-0.082122,0.517385,15.697342,2.863667,34.298904
550,4.583333,0.039119,0.931561,-0.013159,0.361234,0.185054,86.442421,17.046049,0.018935,0.908109,0.126953,0.398574,0.780005,93.639008,17.073097,-0.000510,0.910066,0.015335,0.414180,-0.507440,112.271179,21.806627,0.056093,0.961461,-0.076262,0.258128,-0.753168,130.289490,22.302174,0.037758,0.975675,-0.204689,0.068810,2.115671,143.385345,19.189695,-0.076314,0.852371,0.200441,0.476931,-3.697052,124.917473,19.972689,0.168712,-0.606506,-0.067270,-0.774055,-12.607572,125.938049,5.880324,0.036744,-0.256577,-0.443766,-0.857840,-6.664687,123.597954,-16.509083,0.016111,0.091054,-0.492054,-0.865640,4.744854,141.452316,-27.878532,-0.097219,0.961166,0.128347,0.224134,0.927448,124.834572,25.279818,0.341667,0.805417,0.131507,-0.466126,15.637666,126.995323,32.893898,0.188018,0.107705,0.481552,-0.849210,23.367029,117.035713,13.319872,0.233162,-0.232138,0.663752,-0.671700,12.507576,133.490891,5.614363,0.018904,0.921509,0.209985,0.326145,-6.296044,87.000534,11.110128,0.134262,0.973462,-0.045064,0.179766,-2.752598,55.389809,-2.744940,0.043154,0.950125,-0.150339,0.269813,-15.164629,12.471286,-0.980368,-0.112442,0.932555,0.005967,0.343019,6.666152,85.884315,22.981970,0.059143,0.947490,-0.185043,0.254017,14.084354,52.068909,25.272211,0.027470,0.851145,-0.082345,0.517704,4.870001,10.731554,39.607155,0.043154,0.950125,-0.150339,0.269813,-9.497131,2.945924,-10.167488,0.027470,0.851145,-0.082345,0.517704,15.695827,2.866358,34.297127
551,4.591667,0.039102,0.931547,-0.013445,0.361262,0.200955,86.456177,17.023525,0.018849,0.908112,0.126795,0.398624,0.797175,93.652664,17.046656,-0.000911,0.910024,0.015293,0.414272,-0.490802,112.282791,21.772429,0.055950,0.961414,-0.076309,0.258323,-0.749098,130.301132,22.260563,0.037577,0.975641,-0.204808,0.069039,2.117306,143.397171,19.146620,-0.076573,0.852239,0.200696,0.477018,-3.688764,124.926117,19.932638,0.168368,-0.606399,-0.067005,-0.774237,-12.595159,125.944290,5.837500,0.036332,-0.256781,-0.444053,-0.857648,-6.644562,123.605797,-16.550013,0.015730,0.091056,-0.492284,-0.865516,4.747682,141.472626,-27.917204,-0.097556,0.961143,0.128232,0.224151,0.934649,124.848595,25.240793,0.341026,0.805770,0.131128,-0.466091,15.642418,127.020897,32.856308,0.187678,0.108112,0.481102,-0.849488,23.393679,117.071243,13.285884,0.233066,-0.231648,0.663742,-0.671912,12.518984,133.515152,5.574550,0.018675,0.921667,0.209830,0.325810,-6.279804,87.012184,11.087041,0.133912,0.973594,-0.044981,0.179331,-2.730336,55.396336,-2.754794,0.043496,0.950371,-0.150647,0.268716,-15.110477,12.468773,-0.986070,-0.112248,0.932556,0.005692,0.343085,6.681715,85.900177,22.960012,0.059081,0.947444,-0.185029,0.254212,14.080812,52.081512,25.263945,0.027836,0.850978,-0.082496,0.517934,4.868983,10.743049,39.597301,0.043496,0.950371,-0.150647,0.268716,-9.473381,2.934929,-10.183088,0.027836,0.850978,-0.082496,0.517934,15.692168,2.870166,34.293301
552,4.600000,0.039200,0.931480,-0.013419,0.361425,0.220431,86.472961,16.993151,0.018576,0.908170,0.126625,0.398557,0.817819,93.669357,17.017250,-0.001303,0.910071,0.015558,0.414158,-0.476397,112.296616,21.731871,0.055978,0.961380,-0.076403,0.258414,-0.751453,130.314636,22.222897,0.037372,0.975616,-0.204891,0.069252,2.116748,143.409836,19.107111,-0.076818,0.852191,0.200441,0.477172,-3.686633,124.937233,19.894819,0.168235,-0.606259,-0.067178,-0.774361,-12.586872,125.945572,5.795081,0.036115,-0.256826,-0.444287,-0.857523,-6.629430,123.618507,-16.591812,0.015394,0.091035,-0.492504,-0.865399,4.751710,141.494919,-27.955055,-0.097899,0.961121,0.128309,0.224050,0.938105,124.863205,25.201872,0.340208,0.806245,0.131238,-0.465837,15.645141,127.046310,32.815723,0.187632,0.108237,0.480278,-0.849948,23.433342,117.120674,13.247776,0.233267,-0.231043,0.664094,-0.671703,12.527699,133.541351,5.538301,0.018853,0.921602,0.209256,0.326352,-6.258113,87.030647,11.054405,0.134056,0.973463,-0.044960,0.179936,-2.725011,55.398571,-2.754488,0.043547,0.950227,-0.150865,0.269093,-15.118159,12.474272,-0.997723,-0.112066,0.932596,0.005280,0.343042,6.698976,85.915283,22.931898,0.058999,0.947438,-0.185015,0.254264,14.076835,52.093475,25.257801,0.027747,0.850924,-0.082989,0.517949,4.871458,10.753700,39.591534,0.043547,0.950227,-0.150865,0.269093,-9.474869,2.935544,-10.185873,0.027747,0.850924,-0.082989,0.517949,15.692028,2.871953,34.295361
553,4.608333,0.039151,0.931548,-0.013897,0.361237,0.231484,86.482979,16.977322,0.018934,0.908220,0.126188,0.398566,0.830716,93.679230,16.994610,-0.002957,0.909945,0.015921,0.414412,-0.442902,112.290085,21.694601,0.055948,0.961282,-0.076042,0.258891,-0.777797,130.307434,22.172731,0.037613,0.975561,-0.204981,0.069637,2.089530,143.405411,19.067810,-0.076314,0.851966,0.200834,0.477490,-3.693753,124.918724,19.846645,0.167843,-0.605947,-0.067201,-0.774688,-12.586449,125.950371,5.743833,0.035829,-0.256802,-0.444569,-0.857396,-6.611565,123.638687,-16.640003,0.015161,0.091180,-0.492696,-0.865279,4.758155,141.527573,-27.995062,-0.098382,0.961088,0.128570,0.223831,0.927922,124.863724,25.156597,0.339282,0.806836,0.131064,-0.465537,15.635082,127.061203,32.766071,0.186805,0.108788,0.479796,-0.850332,23.465603,117.155373,13.204972,0.232956,-0.230577,0.663462,-0.672595,12.546408,133.564575,5.495191,0.019112,0.921797,0.208569,0.326228,-6.249525,87.036911,11.040913,0.133752,0.973861,-0.044910,0.178012,-2.750567,55.385624,-2.732621,0.043372,0.950666,-0.149818,0.268157,-15.113525,12.453654,-0.950748,-0.111918,0.932576,0.005067,0.343148,6.712492,85.929039,22.913733,0.058948,0.947431,-0.185018,0.254300,14.075561,52.104782,25.250717,0.027943,0.850849,-0.083205,0.518027,4.873876,10.764551,39.585518,0.043372,0.950666,-0.149818,0.268157,-9.482227,2.938008,-10.170141,0.027943,0.850849,-0.083205,0.518027,15.691330,2.875890,34.293266
554,4.616667,0.038747,0.931496,-0.013674,0.361423,0.259161,86.488983,16.949768,0.018917,0.908263,0.126284,0.398438,0.851795,93.685776,16.968065,-0.003638,0.910011,0.015497,0.414279,-0.422943,112.291809,21.670275,0.056015,0.961186,-0.076025,0.259239,-0.773764,130.309479,22.124390,0.036994,0.975604,-0.204686,0.070228,2.096839,143.407272,19.021759,-0.076405,0.851757,0.201236,0.477678,-3.685546,124.915077,19.806307,0.168017,-0.605856,-0.067685,-0.774679,-12.571753,125.952324,5.699812,0.035806,-0.256598,-0.444931,-0.857270,-6.594776,123.653839,-16.684834,0.014981,0.091267,-0.493012,-0.865093,4.764447,141.555618,-28.030062,-0.098988,0.961100,0.128288,0.223675,0.937612,124.871292,25.115072,0.338754,0.807164,0.130996,-0.465373,15.643099,127.091049,32.721321,0.187112,0.108123,0.479200,-0.850685,23.497414,117.197418,13.163580,0.233978,-0.230289,0.664742,-0.671073,12.545553,133.599762,5.472921,0.019287,0.921869,0.208161,0.326274,-6.220045,87.037621,11.010898,0.133852,0.973806,-0.045088,0.178192,-2.740988,55.374992,-2.741582,0.043107,0.950710,-0.149656,0.268133,-15.115559,12.446854,-0.948125,-0.111744,0.932655,0.004662,0.342997,6.738367,85.940338,22.888639,0.058973,0.947424,-0.185015,0.254321,14.081108,52.113110,25.246519,0.028746,0.850695,-0.083184,0.518239,4.877031,10.773063,39.580303,0.043107,0.950710,-0.149656,0.268133,-9.479923,2.936178,-10.169996,0.028746,0.850695,-0.083184,0.518239,15.687552,2.874543,34.288589
555,4.625000,0.038519,0.931579,-0.013997,0.361221,0.276387,86.494484,16.935143,0.018125,0.908212,0.124876,0.399034,0.867646,93.691406,16.947769,-0.002613,0.909698,0.016453,0.414937,-0.419313,112.358772,21.600433,0.055748,0.961103,-0.076575,0.259442,-0.751142,130.375565,22.100971,0.036527,0.975575,-0.204888,0.070287,2.117226,143.470245,18.983150,-0.077906,0.851953,0.201089,0.477148,-3.665507,124.990402,19.764727,0.168311,-0.605823,-0.067783,-0.774632,-12.560890,125.978531,5.660494,0.035816,-0.256454,-0.445163,-0.857192,-6.582700,123.675430,-16.723345,0.014775,0.091365,-0.493306,-0.864918,4.770112,141.585236,-28.062321,-0.098815,0.961094,0.128547,0.223627,0.950059,124.927750,25.079906,0.338783,0.807402,0.130826,-0.464988,15.657409,127.140190,32.684681,0.187308,0.108258,0.478697,-0.850908,23.527510,117.235710,13.138783,0.234054,-0.229886,0.664143,-0.671778,12.560317,133.616730,5.444953,0.019247,0.921987,0.207976,0.326061,-6.205695,87.037430,10.998891,0.133919,0.973774,-0.045142,0.178300,-2.731530,55.369343,-2.742249,0.043795,0.950648,-0.149514,0.268321,-15.112862,12.443238,-0.946562,-0.111525,0.932723,0.004350,0.342886,6.758469,85.951546,22.871395,0.058925,0.947444,-0.185033,0.254244,14.080087,52.120720,25.243355,0.028773,0.850718,-0.083419,0.518162,4.880907,10.780740,39.580463,0.043795,0.950648,-0.149514,0.268321,-9.482832,2.931490,-10.170751,0.028773,0.850718,-0.083419,0.518162,15.688190,2.877043,34.289867
556,4.633333,0.038360,0.931593,-0.014189,0.361195,0.293507,86.502792,16.915693,0.018370,0.908241,0.125483,0.398766,0.883632,93.699814,16.924891,-0.002965,0.909845,0.015182,0.414660,-0.402006,112.349892,21.599773,0.055122,0.961201,-0.076143,0.259338,-0.726232,130.368073,22.053482,0.036207,0.975632,-0.204647,0.070356,2.122557,143.468475,18.941780,-0.078046,0.851968,0.201286,0.477015,-3.644199,124.978004,19.733070,0.168357,-0.605788,-0.068723,-0.774567,-12.543098,125.964371,5.630937,0.035839,-0.256278,-0.445549,-0.857043,-6.568853,123.693916,-16.757288,0.014701,0.091439,-0.493566,-0.864763,4.771735,141.616501,-28.088299,-0.099822,0.960971,0.128379,0.223806,0.974574,124.927345,25.045591,0.338582,0.807545,0.130683,-0.464924,15.672570,127.172195,32.658939,0.187418,0.108440,0.478306,-0.851081,23.551744,117.269516,13.115789,0.233987,-0.229727,0.664002,-0.671995,12.570151,133.638367,5.415299,0.019323,0.922007,0.207678,0.326189,-6.189116,87.041924,10.979684,0.133972,0.973737,-0.045268,0.178434,-2.724691,55.365448,-2.744570,0.043129,0.950779,-0.149418,0.268016,-15.112723,12.441638,-0.940539,-0.111383,0.932702,0.004139,0.342994,6.776129,85.963654,22.851704,0.058731,0.947081,-0.185112,0.255582,14.083422,52.130520,25.234810,0.028459,0.850607,-0.083807,0.518299,4.878615,10.791135,39.570026,0.043129,0.950779,-0.149418,0.268016,-9.478682,2.935865,-10.168431,0.028459,0.850607,-0.083807,0.518299,15.688513,2.883694,34.290386
557,4.641667,0.038088,0.931630,-0.014225,0.361126,0.315020,86.504112,16.900023,0.018065,0.908308,0.125027,0.398771,0.901681,93.701424,16.907269,-0.003169,0.909835,0.014995,0.414687,-0.387959,112.361954,21.563198,0.054854,0.961078,-0.076824,0.259652,-0.716113,130.380280,22.007689,0.035546,0.975805,-0.203668,0.071134,2.131836,143.476563,18.877909,-0.078526,0.851985,0.201438,0.476842,-3.632763,124.988411,19.689840,0.168085,-0.605719,-0.068933,-0.774662,-12.534656,125.962318,5.588728,0.035407,-0.256178,-0.445829,-0.856946,-6.557864,123.707977,-16.800447,0.014005,0.092061,-0.493426,-0.864789,4.773210,141.645462,-28.117371,-0.100715,0.960802,0.128531,0.224044,0.985676,124.941460,25.002686,0.338338,0.807883,0.130284,-0.464628,15.674126,127.212250,32.626759,0.187321,0.108868,0.477932,-0.851258,23.573843,117.303017,13.095230,0.233696,-0.229573,0.663718,-0.672429,12.582863,133.656311,5.384706,0.018962,0.922099,0.207906,0.325807,-6.168852,87.038597,10.964958,0.134317,0.973440,-0.045433,0.179749,-2.681829,55.367722,-2.766518,0.043172,0.950552,-0.150130,0.268416,-15.104292,12.453514,-0.970582,-0.111142,0.932801,0.003785,0.342806,6.798892,85.969635,22.835087,0.058826,0.947181,-0.185057,0.255230,14.082893,52.132584,25.233862,0.028654,0.850481,-0.083788,0.518499,4.876557,10.792375,39.565716,0.043172,0.950552,-0.150130,0.268416,-9.466012,2.932472,-10.180130,0.028654,0.850481,-0.083788,0.518499,15.686857,2.882923,34.289913
558,4.650000,0.038019,0.931619,-0.014369,0.361158,0.328270,86.508301,16.880936,0.017918,0.908338,0.124797,0.398782,0.914752,93.705620,16.885904,-0.003506,0.909820,0.015025,0.414715,-0.376694,112.370537,21.532198,0.054605,0.961085,-0.076847,0.259669,-0.716335,130.388763,21.972635,0.035381,0.975846,-0.203491,0.071167,2.125426,143.485840,18.840519,-0.078695,0.851988,0.201415,0.476818,-3.629389,124.994514,19.655783,0.167760,-0.605605,-0.069094,-0.774807,-12.531164,125.963058,5.554222,0.035125,-0.255972,-0.446114,-0.856871,-6.548973,123.725067,-16.835157,0.013706,0.092517,-0.493672,-0.864604,4.774994,141.676498,-28.137089,-0.101034,0.960831,0.128575,0.223751,0.988694,124.951683,24.968973,0.337810,0.808304,0.130017,-0.464354,15.679373,127.233757,32.585388,0.186725,0.109539,0.477444,-0.851576,23.607578,117.330299,13.062458,0.232883,-0.229283,0.662901,-0.673614,12.602655,133.670517,5.341886,0.019101,0.922089,0.207645,0.325992,-6.155287,87.040718,10.945339,0.134339,0.973421,-0.045533,0.179808,-2.680379,55.362701,-2.772725,0.042955,0.950577,-0.150088,0.268388,-15.106395,12.449840,-0.969250,-0.111104,0.932875,0.003440,0.342619,6.811828,85.975876,22.816532,0.058833,0.947127,-0.185117,0.255382,14.085648,52.138062,25.235304,0.030173,0.850646,-0.082516,0.518346,4.875155,10.799896,39.570396,0.042955,0.950577,-0.150088,0.268388,-9.465231,2.930963,-10.179271,0.030173,0.850646,-0.082516,0.518346,15.674779,2.896578,34.263622
559,4.658333,0.038175,0.931578,-0.014629,0.361235,0.336377,86.515900,16.856142,0.017796,0.908340,0.124773,0.398790,0.926317,93.712936,16.858488,-0.003748,0.909817,0.015130,0.414716,-0.368913,112.376083,21.501528,0.054349,0.961146,-0.076695,0.259543,-0.718078,130.394119,21.941805,0.035495,0.975850,-0.203523,0.070958,2.115435,143.493347,18.811245,-0.079013,0.851893,0.201409,0.476938,-3.628254,124.998322,19.624964,0.167338,-0.605515,-0.069305,-0.774949,-12.524526,125.958778,5.519377,0.034697,-0.255724,-0.446488,-0.856767,-6.538634,123.741425,-16.871067,0.013627,0.092568,-0.493737,-0.864563,4.775328,141.711746,-28.152981,-0.101405,0.960859,0.128436,0.223541,0.989788,124.957977,24.938208,0.337394,0.808681,0.129735,-0.464078,15.681102,127.253983,32.549210,0.185713,0.110554,0.477319,-0.851737,23.634287,117.352509,13.035449,0.231641,-0.228855,0.661759,-0.675309,12.634266,133.687424,5.299351,0.018944,0.922116,0.207261,0.326168,-6.145995,87.049194,10.919331,0.134454,0.973413,-0.045556,0.179762,-2.667208,55.359722,-2.771254,0.043209,0.950590,-0.150087,0.268301,-15.103309,12.449813,-0.967137,-0.111116,0.932902,0.003214,0.342544,6.818749,85.982605,22.792955,0.058840,0.947110,-0.185059,0.255488,14.088169,52.144859,25.226017,0.028841,0.850295,-0.084142,0.518736,4.876763,10.804865,39.555222,0.043209,0.950590,-0.150087,0.268301,-9.467864,2.929456,-10.179127,0.028841,0.850295,-0.084142,0.518736,15.685063,2.885925,34.289562
560,4.666667,0.038005,0.931582,-0.014614,0.361244,0.352618,86.516968,16.834909,0.017451,0.908343,0.124593,0.398855,0.940197,93.714211,16.836565,-0.003882,0.909775,0.015176,0.414806,-0.364886,112.382866,21.468868,0.054134,0.961097,-0.076690,0.259772,-0.719180,130.400818,21.908583,0.035173,0.975877,-0.203304,0.071368,2.109846,143.500900,18.777498,-0.079391,0.851728,0.201703,0.477045,-3.627381,125.004135,19.591305,0.169088,-0.605257,-0.071396,-0.774581,-12.518239,125.959694,5.481977,0.035492,-0.254851,-0.447094,-0.856679,-6.531508,123.769295,-16.910894,0.013177,0.092965,-0.493934,-0.864415,4.777852,141.754410,-28.173840,-0.101298,0.960879,0.128459,0.223491,0.989603,124.965240,24.905479,0.336662,0.809041,0.130042,-0.463897,15.682387,127.257935,32.514633,0.185993,0.109830,0.476553,-0.852198,23.666372,117.383919,12.999535,0.232691,-0.228544,0.662824,-0.674008,12.629021,133.704453,5.287968,0.018980,0.922141,0.206993,0.326267,-6.129857,87.047562,10.897968,0.134558,0.973384,-0.045662,0.179811,-2.658059,55.350471,-2.776749,0.042931,0.950623,-0.149953,0.268304,-15.104775,12.443921,-0.965805,-0.110989,0.932865,0.003025,0.342687,6.835093,85.986374,22.771849,0.058804,0.947047,-0.185148,0.255664,14.091560,52.146603,25.215248,0.028883,0.850230,-0.084388,0.518800,4.878533,10.809156,39.550789,0.042931,0.950623,-0.149953,0.268304,-9.464343,2.928028,-10.179358,0.028883,0.850230,-0.084388,0.518800,15.685195,2.884715,34.290035
561,4.675000,0.037963,0.931545,-0.014712,0.361339,0.363895,86.516640,16.816420,0.017334,0.908329,0.124422,0.398945,0.951410,93.713882,16.816599,-0.004151,0.909722,0.015286,0.414915,-0.355778,112.387016,21.441772,0.053915,0.961118,-0.076281,0.259861,-0.720611,130.404770,21.881039,0.035149,0.975837,-0.203499,0.071381,2.100439,143.508774,18.759155,-0.079625,0.851593,0.201830,0.477193,-3.625108,125.006363,19.563141,0.166534,-0.605456,-0.069464,-0.775154,-12.510005,125.958649,5.449834,0.033668,-0.255291,-0.447204,-0.856564,-6.521839,123.770844,-16.942904,0.012787,0.093288,-0.493968,-0.864366,4.772010,141.779663,-28.183514,-0.101544,0.960887,0.128475,0.223337,0.990568,124.970230,24.878469,0.336224,0.809296,0.129933,-0.463801,15.683990,127.271393,32.483845,0.185219,0.110880,0.476426,-0.852302,23.685850,117.406952,12.971219,0.231616,-0.227576,0.662608,-0.674917,12.650270,133.724594,5.235921,0.019013,0.922073,0.206838,0.326553,-6.117438,87.045860,10.878111,0.134638,0.973293,-0.045888,0.180189,-2.647049,55.344402,-2.786849,0.042918,0.950653,-0.149847,0.268260,-15.104765,12.441624,-0.962407,-0.110986,0.932855,0.002793,0.342719,6.845228,85.987411,22.754728,0.058761,0.946979,-0.185198,0.255890,14.095900,52.147495,25.213367,0.028974,0.850282,-0.084436,0.518702,4.882044,10.811249,39.551826,0.042918,0.950653,-0.149847,0.268260,-9.464518,2.928059,-10.178475,0.028974,0.850282,-0.084436,0.518702,15.685884,2.884583,34.288631
562,4.683333,0.037884,0.931530,-0.014840,0.361382,0.377534,86.517212,16.798147,0.017097,0.908376,0.124168,0.398927,0.964664,93.714485,16.796225,-0.004444,0.909728,0.015411,0.414894,-0.346897,112.391937,21.409430,0.054078,0.961095,-0.076044,0.259978,-0.723194,130.409454,21.848410,0.034890,0.975852,-0.203441,0.071463,2.101055,143.514587,18.734203,-0.079795,0.851466,0.202043,0.477302,-3.624331,125.009155,19.530703,0.168491,-0.605215,-0.071582,-0.774727,-12.504867,125.961075,5.414628,0.034497,-0.254420,-0.447820,-0.856468,-6.517006,123.795006,-16.980309,0.012164,0.093851,-0.493938,-0.864332,4.771682,141.818390,-28.202740,-0.102193,0.960871,0.128480,0.223107,0.991552,124.976059,24.845871,0.336083,0.809554,0.129997,-0.463435,15.683977,127.298943,32.446560,0.185829,0.110224,0.475943,-0.852524,23.706043,117.434944,12.942017,0.232718,-0.227338,0.663603,-0.673640,12.646152,133.740036,5.221730,0.019008,0.922124,0.206563,0.326585,-6.103351,87.044319,10.859160,0.134749,0.973296,-0.045916,0.180082,-2.638500,55.334949,-2.788830,0.042758,0.950671,-0.149712,0.268295,-15.105987,12.435091,-0.962445,-0.110888,0.932927,0.002588,0.342554,6.858419,85.990112,22.737135,0.058998,0.947312,-0.185231,0.254577,14.098433,52.148617,25.205404,0.029156,0.850230,-0.084544,0.518760,4.883695,10.815975,39.553688,0.042758,0.950671,-0.149712,0.268295,-9.461854,2.925313,-10.180044,0.029156,0.850230,-0.084544,0.518760,15.685184,2.884813,34.292442
563,4.691667,0.037839,0.931524,-0.014849,0.361401,0.384579,86.520302,16.777304,0.017248,0.908419,0.124419,0.398744,0.971142,93.717621,16.775030,-0.005214,0.909795,0.015215,0.414746,-0.337215,112.380066,21.396427,0.053077,0.961126,-0.075934,0.260105,-0.735750,130.397537,21.817522,0.035339,0.975816,-0.203277,0.072194,2.062492,143.507309,18.699398,-0.079810,0.851296,0.202052,0.477598,-3.630877,124.991333,19.506084,0.168399,-0.605084,-0.072274,-0.774785,-12.501879,125.945412,5.384159,0.034334,-0.253821,-0.448463,-0.856316,-6.511296,123.808144,-17.012817,0.012516,0.093808,-0.494208,-0.864177,4.764318,141.857727,-28.206253,-0.102471,0.960913,0.128478,0.222799,0.986641,124.969276,24.819893,0.335800,0.809762,0.130108,-0.463245,15.681770,127.302574,32.412170,0.185503,0.110480,0.475752,-0.852668,23.720875,117.447220,12.910269,0.232432,-0.226971,0.663455,-0.674007,12.655199,133.748627,5.187781,0.019338,0.921892,0.206018,0.327562,-6.096127,87.046585,10.838048,0.135122,0.973232,-0.046085,0.180106,-2.650481,55.322517,-2.780606,0.042410,0.950557,-0.149231,0.269023,-15.152460,12.433049,-0.946037,-0.110984,0.932918,0.002313,0.342550,6.865286,85.994019,22.716560,0.059094,0.947296,-0.185260,0.254593,14.104904,52.153908,25.204885,0.029827,0.850238,-0.084192,0.518765,4.881242,10.823241,39.553131,0.042410,0.950557,-0.149231,0.269023,-9.484875,2.935466,-10.161818,0.029827,0.850238,-0.084192,0.518765,15.677294,2.890540,34.283047
564,4.700000,0.037776,0.931511,-0.014983,0.361435,0.396780,86.519913,16.760925,0.016848,0.908359,0.123890,0.399063,0.983199,93.717239,16.756546,-0.004944,0.909632,0.015505,0.415097,-0.333367,112.396309,21.355898,0.053737,0.961048,-0.076085,0.260213,-0.727559,130.413574,21.790380,0.034546,0.975887,-0.203238,0.071736,2.089277,143.519669,18.673578,-0.080240,0.851378,0.202093,0.477363,-3.622319,125.009872,19.472624,0.168574,-0.605022,-0.072639,-0.774761,-12.498519,125.950554,5.353069,0.034151,-0.253377,-0.448925,-0.856213,-6.506871,123.821930,-17.044441,0.012151,0.094242,-0.494503,-0.863966,4.759643,141.891266,-28.215143,-0.102616,0.960863,0.128570,0.222894,0.991132,124.982574,24.789940,0.336014,0.809802,0.130581,-0.462886,15.683840,127.319267,32.385845,0.185701,0.110656,0.475597,-0.852688,23.731750,117.463219,12.887926,0.232188,-0.226557,0.663310,-0.674374,12.662348,133.755890,5.156819,0.019226,0.922133,0.205854,0.326993,-6.083570,87.044296,10.821115,0.135313,0.973152,-0.046078,0.180396,-2.642943,55.315220,-2.787133,0.042122,0.950439,-0.149406,0.269388,-15.161601,12.430289,-0.960142,-0.110928,0.932835,0.002217,0.342796,6.877129,85.995529,22.700737,0.059085,0.947223,-0.185336,0.254811,14.110184,52.154518,25.195873,0.029774,0.850190,-0.084488,0.518799,4.882313,10.826251,39.548325,0.042122,0.950439,-0.149406,0.269388,-9.482723,2.930735,-10.166934,0.029774,0.850190,-0.084488,0.518799,15.677092,2.888244,34.283634
565,4.708333,0.037634,0.931494,-0.015034,0.361492,0.409500,86.516693,16.746449,0.017039,0.908367,0.124184,0.398946,0.994274,93.714157,16.740681,-0.005662,0.909667,0.015066,0.415027,-0.318619,112.376762,21.349911,0.053613,0.961053,-0.075910,0.260270,-0.729749,130.394226,21.759323,0.034388,0.975935,-0.203021,0.071769,2.082989,143.502106,18.646305,-0.080069,0.851320,0.202147,0.477472,-3.619709,124.984573,19.449482,0.168505,-0.605061,-0.073229,-0.774691,-12.493362,125.931885,5.328767,0.033943,-0.252927,-0.449404,-0.856103,-6.507908,123.825928,-17.072542,0.011965,0.094693,-0.494850,-0.863721,4.748863,141.915878,-28.219677,-0.103076,0.960831,0.128490,0.222867,0.994450,124.969040,24.766230,0.335774,0.809899,0.130419,-0.462936,15.684402,127.321091,32.362736,0.185508,0.110995,0.475502,-0.852739,23.737673,117.469391,12.864825,0.231897,-0.226481,0.663179,-0.674629,12.666234,133.759918,5.124902,0.019169,0.922165,0.205824,0.326926,-6.070315,87.038406,10.805820,0.135532,0.973107,-0.046226,0.180434,-2.627714,55.308319,-2.799571,0.039815,0.950522,-0.150580,0.268790,-15.167456,12.429926,-0.963811,-0.110897,0.932799,0.002090,0.342906,6.889316,85.994987,22.687080,0.059100,0.947204,-0.185420,0.254815,14.117116,52.153469,25.190533,0.029819,0.850222,-0.084536,0.518737,4.886100,10.828164,39.549480,0.039815,0.950522,-0.150580,0.268790,-9.472648,2.919481,-10.149494,0.029819,0.850222,-0.084536,0.518737,15.679102,2.888551,34.283562
566,4.716667,0.037569,0.931472,-0.015164,0.361550,0.418968,86.513779,16.732155,0.016865,0.908366,0.124100,0.398982,1.003549,93.711258,16.724331,-0.005817,0.909649,0.014979,0.415066,-0.314337,112.374924,21.327972,0.053575,0.961053,-0.075582,0.260374,-0.729245,130.392426,21.732168,0.034241,0.975939,-0.202998,0.071850,2.080805,143.502899,18.627674,-0.080199,0.851324,0.202251,0.477400,-3.617872,124.981499,19.423620,0.168662,-0.604989,-0.073768,-0.774661,-12.493108,125.926254,5.303735,0.033932,-0.252494,-0.449844,-0.856000,-6.507328,123.835777,-17.098934,0.011727,0.095369,-0.495113,-0.863499,4.740940,141.942490,-28.227430,-0.103214,0.960817,0.128357,0.222942,0.995810,124.968460,24.740788,0.335756,0.809962,0.130593,-0.462791,15.683693,127.325562,32.339718,0.185623,0.111170,0.475405,-0.852746,23.743769,117.476463,12.843325,0.231811,-0.226409,0.663068,-0.674792,12.670815,133.760544,5.096043,0.018999,0.922197,0.205766,0.326882,-6.060199,87.033562,10.790650,0.135551,0.973194,-0.046380,0.179913,-2.608722,55.301373,-2.807587,0.042245,0.950559,-0.149235,0.269041,-15.151511,12.424719,-0.952071,-0.110943,0.932772,0.001995,0.342965,6.898135,85.993996,22.673658,0.059125,0.947177,-0.185540,0.254824,14.126441,52.153160,25.184837,0.030053,0.850249,-0.084628,0.518663,4.890572,10.832104,39.552898,0.042245,0.950559,-0.149235,0.269041,-9.481075,2.928033,-10.167018,0.030053,0.850249,-0.084628,0.518663,15.678939,2.887552,34.284939
567,4.725000,0.037529,0.931419,-0.014930,0.361699,0.435546,86.513412,16.711409,0.016635,0.908350,0.124167,0.399006,1.018374,93.711029,16.706612,-0.005972,0.909648,0.014924,0.415069,-0.308632,112.373146,21.308685,0.053532,0.961034,-0.075478,0.260484,-0.727827,130.390625,21.708744,0.033896,0.975938,-0.203016,0.071976,2.080925,143.502045,18.607006,-0.080424,0.851318,0.202503,0.477265,-3.615140,124.978493,19.401402,0.166601,-0.605155,-0.072324,-0.775114,-12.493483,125.919983,5.283250,0.032579,-0.252708,-0.450016,-0.855899,-6.507188,123.835716,-17.119864,0.011648,0.095693,-0.495427,-0.863284,4.728414,141.963409,-28.226963,-0.103047,0.960812,0.128332,0.223055,0.998479,124.967781,24.718628,0.335607,0.809970,0.130762,-0.462837,15.685825,127.319206,32.320358,0.185657,0.111256,0.475337,-0.852765,23.748573,117.479500,12.820311,0.231867,-0.226357,0.662990,-0.674866,12.673408,133.761169,5.069476,0.019035,0.922189,0.205609,0.327001,-6.041770,87.033951,10.767951,0.135662,0.973211,-0.046510,0.179705,-2.594439,55.297375,-2.821095,0.042261,0.950565,-0.149278,0.268992,-15.148311,12.424490,-0.953502,-0.111047,0.932911,0.001864,0.342551,6.912861,85.992874,22.654863,0.059323,0.947142,-0.185667,0.254817,14.145820,52.153599,25.173775,0.030276,0.850135,-0.084746,0.518818,4.890613,10.838834,39.547474,0.042261,0.950565,-0.149278,0.268992,-9.479371,2.926808,-10.168346,0.030276,0.850135,-0.084746,0.518818,15.677331,2.889106,34.283943
568,4.733333,0.037029,0.931481,-0.015181,0.361581,0.450501,86.497299,16.710052,0.015829,0.908382,0.123486,0.399179,1.027923,93.695351,16.699192,-0.005462,0.909561,0.015421,0.415248,-0.319243,112.387871,21.270906,0.053279,0.961081,-0.075572,0.260332,-0.729227,130.405014,21.694826,0.034037,0.975924,-0.203145,0.071734,2.072892,143.516724,18.588268,-0.080895,0.851275,0.202567,0.477236,-3.618485,124.997475,19.379189,0.166771,-0.605110,-0.072631,-0.775083,-12.495213,125.926529,5.259193,0.032443,-0.252390,-0.450373,-0.855810,-6.508491,123.848808,-17.144417,0.011392,0.095837,-0.495765,-0.863077,4.719395,141.991440,-28.234928,-0.102708,0.960890,0.128255,0.222917,0.993130,124.977264,24.698126,0.335507,0.810024,0.130772,-0.462811,15.684859,127.319244,32.294308,0.185703,0.111186,0.475142,-0.852873,23.751852,117.482544,12.794500,0.231875,-0.226313,0.663088,-0.674782,12.669915,133.757095,5.047501,0.018992,0.922258,0.205884,0.326637,-6.028974,87.008110,10.768102,0.135846,0.973211,-0.046711,0.179510,-2.577937,55.279278,-2.838081,0.042063,0.950596,-0.148988,0.269074,-15.150270,12.412545,-0.953574,-0.110979,0.932889,0.001888,0.342634,6.929976,85.986488,22.652002,0.059419,0.947140,-0.185791,0.254709,14.158925,52.146168,25.168354,0.030293,0.850170,-0.084742,0.518760,4.894524,10.836565,39.550987,0.042063,0.950596,-0.148988,0.269074,-9.475072,2.922156,-10.172083,0.030293,0.850170,-0.084742,0.518760,15.680268,2.886648,34.285744
569,4.741667,0.036857,0.931454,-0.015247,0.361666,0.463746,86.490875,16.697178,0.015715,0.908374,0.123362,0.399240,1.039205,93.689079,16.684582,-0.006003,0.909503,0.015599,0.415362,-0.310409,112.383881,21.250429,0.053418,0.960957,-0.076347,0.260536,-0.740862,130.400604,21.672028,0.033804,0.976054,-0.202453,0.072032,2.071071,143.505936,18.547478,-0.080836,0.851235,0.202701,0.477260,-3.623378,124.989510,19.356266,0.168497,-0.604841,-0.074502,-0.774742,-12.499678,125.922646,5.236269,0.033238,-0.251614,-0.450988,-0.855684,-6.510602,123.864761,-17.168547,0.011153,0.095971,-0.495947,-0.862961,4.709441,142.021530,-28.243839,-0.102655,0.960931,0.128295,0.222744,0.986808,124.975159,24.676462,0.335473,0.810078,0.130687,-0.462766,15.681484,127.315994,32.267296,0.185690,0.111045,0.475009,-0.852968,23.751467,117.477623,12.769575,0.231907,-0.226285,0.663208,-0.674662,12.662724,133.750610,5.028448,0.019031,0.922135,0.205977,0.326922,-6.014881,86.998405,10.754023,0.136002,0.973150,-0.046958,0.179658,-2.559966,55.272335,-2.857614,0.042072,0.950578,-0.149008,0.269125,-15.149723,12.411463,-0.956158,-0.110990,0.932876,0.001807,0.342666,6.942373,85.983345,22.640335,0.059466,0.947050,-0.185861,0.254983,14.170048,52.143181,25.162428,0.030920,0.850192,-0.084144,0.518784,4.895987,10.836411,39.546963,0.042072,0.950578,-0.149008,0.269125,-9.473666,2.920598,-10.173647,0.030920,0.850192,-0.084144,0.518784,15.679091,2.890561,34.270184
570,4.750000,0.036718,0.931442,-0.015252,0.361711,0.474349,86.484215,16.685734,0.015511,0.908401,0.123291,0.399206,1.047962,93.682571,16.672375,-0.006112,0.909525,0.015584,0.415312,-0.307700,112.380157,21.233147,0.053385,0.960957,-0.076415,0.260524,-0.741466,130.396851,21.652641,0.033618,0.976081,-0.202350,0.072042,2.069997,143.501801,18.526070,-0.080925,0.851181,0.202864,0.477273,-3.623219,124.984947,19.337831,0.166928,-0.605046,-0.073315,-0.775035,-12.498614,125.918365,5.217287,0.031955,-0.251850,-0.451152,-0.855577,-6.512915,123.861221,-17.188496,0.010843,0.095978,-0.496028,-0.862918,4.694301,142.037582,-28.244627,-0.102695,0.960966,0.128066,0.222706,0.987533,124.972092,24.657541,0.335544,0.810066,0.130512,-0.462785,15.682507,127.316216,32.246780,0.185741,0.111041,0.474869,-0.853036,23.749470,117.471710,12.750896,0.231763,-0.226651,0.662505,-0.675280,12.657300,133.737503,5.011245,0.019020,0.922144,0.206031,0.326862,-6.003879,86.989418,10.741944,0.135910,0.973302,-0.047049,0.178881,-2.547906,55.264862,-2.872970,0.041871,0.950772,-0.148942,0.268506,-15.129662,12.402505,-0.952024,-0.111049,0.932853,0.001738,0.342710,6.952576,85.979019,22.629524,0.059582,0.947050,-0.185982,0.254867,14.182241,52.139748,25.157869,0.034729,0.849779,-0.082727,0.519448,4.897568,10.838204,39.550549,0.041871,0.950772,-0.148942,0.268506,-9.463559,2.914235,-10.178306,0.034729,0.849779,-0.082727,0.519448,15.653618,2.872430,34.248657
571,4.758333,0.036730,0.931377,-0.014907,0.361893,0.487120,86.484177,16.665163,0.015260,0.908384,0.123439,0.399209,1.059097,93.682663,16.656620,-0.006158,0.909546,0.015577,0.415266,-0.307469,112.376663,21.218031,0.053351,0.960984,-0.076611,0.260372,-0.742640,130.393356,21.636648,0.033542,0.976128,-0.202216,0.071813,2.068538,143.496948,18.504248,-0.080937,0.851172,0.202894,0.477273,-3.624190,124.981094,19.322403,0.166678,-0.605084,-0.073303,-0.775061,-12.499517,125.914696,5.201828,0.031396,-0.251894,-0.451467,-0.855419,-6.515865,123.863960,-17.205086,0.010407,0.095784,-0.495967,-0.862980,4.676636,142.056534,-28.249434,-0.102727,0.961010,0.127733,0.222691,0.987095,124.968887,24.641651,0.335547,0.809978,0.130269,-0.463004,15.682073,127.316727,32.229729,0.186067,0.110645,0.474685,-0.853118,23.739487,117.469536,12.731257,0.232159,-0.226457,0.663553,-0.674178,12.634674,133.734253,4.999308,0.019015,0.922071,0.205996,0.327092,-5.988774,86.991676,10.719029,0.136042,0.973317,-0.047193,0.178662,-2.529898,55.266094,-2.892743,0.042189,0.950732,-0.149080,0.268523,-15.124695,12.408161,-0.958637,-0.111047,0.932819,0.001587,0.342805,6.963013,85.976669,22.611298,0.059691,0.946978,-0.186008,0.255091,14.188650,52.137321,25.150103,0.033896,0.849528,-0.083563,0.519779,4.890750,10.837838,39.540165,0.042189,0.950732,-0.149080,0.268523,-9.463736,2.915083,-10.183126,0.033896,0.849528,-0.083563,0.519779,15.654778,2.865905,34.263783
572,4.766667,0.036571,0.931415,-0.015094,0.361802,0.493437,86.474945,16.660589,0.014976,0.908480,0.123274,0.399054,1.064254,93.673515,16.648649,-0.006245,0.909626,0.015589,0.415089,-0.309210,112.373161,21.201193,0.053429,0.961022,-0.076681,0.260197,-0.747319,130.389801,21.618986,0.033493,0.976168,-0.202105,0.071616,2.065493,143.492599,18.484682,-0.080965,0.851139,0.202953,0.477302,-3.628832,124.976921,19.306152,0.166312,-0.605125,-0.073166,-0.775119,-12.503076,125.910950,5.184920,0.030863,-0.251835,-0.451743,-0.855310,-6.520842,123.865440,-17.222860,0.010025,0.095781,-0.496228,-0.862835,4.661088,142.073547,-28.252321,-0.103518,0.961046,0.127479,0.222316,0.984510,124.965790,24.623621,0.336328,0.809800,0.129097,-0.463079,15.679613,127.342644,32.202427,0.185524,0.111329,0.475305,-0.852802,23.709391,117.443970,12.718622,0.231197,-0.226357,0.662498,-0.675578,12.633951,133.724731,4.968134,0.018903,0.921967,0.206432,0.327116,-5.983827,86.978706,10.715624,0.136457,0.973119,-0.047528,0.179331,-2.507435,55.265297,-2.920050,0.042006,0.950515,-0.149448,0.269112,-15.144178,12.420323,-0.972462,-0.111108,0.932748,0.001665,0.342977,6.970701,85.971184,22.605553,0.059663,0.946919,-0.186193,0.255180,14.201632,52.132797,25.142067,0.031340,0.850202,-0.084028,0.518762,4.900747,10.839149,39.546921,0.042006,0.950515,-0.149448,0.269112,-9.469697,2.920573,-10.181764,0.031340,0.850202,-0.084028,0.518762,15.679270,2.890215,34.265427
573,4.775000,0.036694,0.931351,-0.015217,0.361949,0.496863,86.471092,16.644686,0.014901,0.908449,0.123409,0.399084,1.069981,93.669479,16.631813,-0.006348,0.909623,0.015606,0.415093,-0.308258,112.366570,21.187456,0.053325,0.961061,-0.076656,0.260080,-0.749998,130.383133,21.604273,0.033533,0.976183,-0.202103,0.071394,2.059381,143.486542,18.469408,-0.080925,0.851163,0.202941,0.477271,-3.630390,124.969551,19.291691,0.166253,-0.605159,-0.073374,-0.775086,-12.505829,125.904236,5.171260,0.030534,-0.251734,-0.451982,-0.855225,-6.526925,123.867561,-17.238205,0.009628,0.095815,-0.496243,-0.862827,4.647094,142.087784,-28.255686,-0.103759,0.960963,0.127891,0.222322,0.982881,124.959633,24.609222,0.336381,0.809679,0.128783,-0.463339,15.676212,127.340851,32.190086,0.186133,0.110429,0.475189,-0.852851,23.693115,117.436859,12.703689,0.232399,-0.226995,0.662860,-0.674597,12.607879,133.713806,4.976418,0.018791,0.921863,0.206532,0.327352,-5.978367,86.975998,10.697607,0.136617,0.973007,-0.047810,0.179743,-2.488986,55.265171,-2.940740,0.042105,0.950462,-0.149679,0.269157,-15.144552,12.426508,-0.976706,-0.111260,0.932642,0.001685,0.343218,6.972095,85.966187,22.591764,0.059709,0.946853,-0.186340,0.255305,14.212544,52.130150,25.132483,0.031313,0.850198,-0.084213,0.518741,4.902688,10.841912,39.547050,0.042105,0.950462,-0.149679,0.269157,-9.471816,2.921307,-10.181459,0.031313,0.850198,-0.084213,0.518741,15.679756,2.889554,34.267750
574,4.783333,0.036645,0.931299,-0.014925,0.362100,0.507413,86.466385,16.627001,0.014671,0.908466,0.123575,0.399003,1.078353,93.664948,16.617889,-0.006403,0.909688,0.015588,0.414951,-0.310078,112.360252,21.175734,0.053298,0.961102,-0.076562,0.259961,-0.753266,130.376816,21.591183,0.033489,0.976183,-0.202149,0.071276,2.054217,143.481033,18.458050,-0.081023,0.851072,0.203375,0.477232,-3.633900,124.962784,19.279947,0.166451,-0.605208,-0.073713,-0.774973,-12.510059,125.901581,5.160244,0.030350,-0.251621,-0.452180,-0.855160,-6.536246,123.870781,-17.251114,0.009208,0.095845,-0.496160,-0.862876,4.631907,142.100113,-28.259478,-0.103831,0.961058,0.127406,0.222158,0.981021,124.953720,24.596046,0.336385,0.809612,0.128365,-0.463569,15.676299,127.341866,32.170948,0.186331,0.109989,0.475041,-0.852947,23.683151,117.431168,12.683837,0.232866,-0.226886,0.663580,-0.673764,12.586557,133.709137,4.968312,0.018786,0.921803,0.206547,0.327513,-5.965949,86.972275,10.677973,0.136777,0.972984,-0.048006,0.179695,-2.473536,55.261875,-2.960575,0.042085,0.950422,-0.149827,0.269218,-15.145686,12.428802,-0.981567,-0.111311,0.932587,0.001576,0.343350,6.980774,85.960487,22.576029,0.059857,0.946813,-0.186489,0.255311,14.221519,52.125214,25.126072,0.031077,0.850027,-0.085222,0.518870,4.895862,10.843500,39.549110,0.042085,0.950422,-0.149827,0.269218,-9.472113,2.920593,-10.182693,0.031077,0.850027,-0.085222,0.518870,15.669433,2.873788,34.288876
575,4.791667,0.036542,0.931283,-0.014846,0.362155,0.515286,86.459808,16.614649,0.014502,0.908473,0.123683,0.398961,1.084427,93.658516,16.606098,-0.006491,0.909713,0.015609,0.414894,-0.311403,112.353600,21.165298,0.053162,0.961128,-0.076543,0.259901,-0.757782,130.370087,21.580154,0.033570,0.976176,-0.202176,0.071259,2.045770,143.474991,18.446293,-0.081051,0.851073,0.203464,0.477188,-3.637724,124.955460,19.269463,0.163565,-0.605435,-0.071394,-0.775627,-12.515131,125.894592,5.150559,0.028534,-0.252404,-0.452062,-0.855054,-6.538430,123.861908,-17.259861,0.009048,0.095914,-0.496217,-0.862837,4.615870,142.104980,-28.259491,-0.103860,0.961008,0.127749,0.222164,0.977846,124.947426,24.585003,0.336418,0.809521,0.128270,-0.463729,15.672832,127.333786,32.161045,0.186544,0.109863,0.475027,-0.852925,23.671709,117.422142,12.671134,0.233194,-0.226988,0.663515,-0.673681,12.572852,133.699936,4.955717,0.018712,0.921785,0.206711,0.327466,-5.957516,86.964493,10.664906,0.136940,0.972943,-0.048225,0.179735,-2.457333,55.258595,-2.982129,0.042150,0.950373,-0.149965,0.269305,-15.146825,12.431392,-0.987287,-0.111337,0.932525,0.001580,0.343508,6.988088,85.955124,22.564392,0.059900,0.946801,-0.186613,0.255257,14.230167,52.120255,25.116032,0.029766,0.850216,-0.085704,0.518558,4.898954,10.843166,39.548717,0.042150,0.950373,-0.149965,0.269305,-9.473070,2.919911,-10.184919,0.029766,0.850216,-0.085704,0.518558,15.680821,2.880453,34.294884
576,4.800000,0.036427,0.931264,-0.014689,0.362223,0.525797,86.450806,16.600275,0.014447,0.908493,0.123734,0.398901,1.092570,93.649704,16.593271,-0.006693,0.909743,0.015664,0.414823,-0.305470,112.341217,21.152687,0.053020,0.961169,-0.076435,0.259808,-0.759267,130.357544,21.566355,0.033636,0.976181,-0.202176,0.071163,2.039443,143.463806,18.433870,-0.081151,0.851154,0.203594,0.476969,-3.637307,124.941566,19.256475,0.167843,-0.604983,-0.075809,-0.774646,-12.521137,125.878212,5.141457,0.031020,-0.251024,-0.452718,-0.855027,-6.549230,123.884415,-17.273724,0.008851,0.095993,-0.496222,-0.862827,4.609981,142.125717,-28.271305,-0.103791,0.961013,0.127575,0.222273,0.979063,124.935806,24.571320,0.336402,0.809446,0.128349,-0.463850,15.672895,127.320793,32.150017,0.186632,0.109828,0.474969,-0.852942,23.667049,117.413368,12.656027,0.233290,-0.227006,0.663293,-0.673860,12.565710,133.689087,4.940564,0.018570,0.921791,0.206875,0.327351,-5.946278,86.954567,10.649668,0.137153,0.972835,-0.048519,0.180077,-2.434908,55.253006,-3.004561,0.042071,0.950342,-0.150088,0.269357,-15.147808,12.433565,-0.992228,-0.111394,0.932557,0.001526,0.343403,6.997870,85.947044,22.550882,0.060010,0.946760,-0.186746,0.255284,14.242586,52.113037,25.106489,0.029815,0.850197,-0.085673,0.518590,4.898761,10.841576,39.547096,0.042071,0.950342,-0.150088,0.269357,-9.472384,2.919967,-10.186640,0.029815,0.850197,-0.085673,0.518590,15.680686,2.878864,34.293381
577,4.808333,0.036418,0.931251,-0.014581,0.362261,0.533795,86.444260,16.585482,0.014439,0.908490,0.123884,0.398860,1.099881,93.643211,16.579905,-0.007266,0.909731,0.015833,0.414833,-0.299832,112.324020,21.142164,0.053165,0.961153,-0.076311,0.259877,-0.774959,130.339890,21.552778,0.033730,0.976173,-0.202213,0.071125,2.027004,143.446518,18.424786,-0.080836,0.851155,0.203783,0.476942,-3.646485,124.920105,19.243679,0.167915,-0.604914,-0.076032,-0.774663,-12.532910,125.868523,5.131079,0.030941,-0.250889,-0.452907,-0.854969,-6.558683,123.881355,-17.284069,0.008640,0.096134,-0.496292,-0.862773,4.595529,142.130356,-28.273947,-0.103886,0.961003,0.127734,0.222182,0.969646,124.920700,24.558735,0.336316,0.809465,0.128343,-0.463882,15.664175,127.307892,32.135391,0.186614,0.109872,0.474964,-0.852943,23.659647,117.403458,12.640423,0.233306,-0.227095,0.663216,-0.673900,12.558229,133.679123,4.923587,0.018566,0.921699,0.207113,0.327462,-5.937799,86.948540,10.634396,0.137295,0.972800,-0.048845,0.180067,-2.419031,55.253822,-3.033812,0.041779,0.950335,-0.150389,0.269259,-15.149133,12.440721,-0.995484,-0.111414,0.932554,0.001483,0.343406,7.005390,85.939980,22.536568,0.060060,0.946733,-0.186886,0.255269,14.250344,52.106274,25.095459,0.029884,0.850217,-0.085533,0.518578,4.899533,10.840005,39.546383,0.041779,0.950335,-0.150389,0.269259,-9.472991,2.922524,-10.184688,0.029884,0.850217,-0.085533,0.518578,15.681566,2.879232,34.289959
578,4.816667,0.036394,0.931262,-0.014397,0.362241,0.539970,86.437706,16.571354,0.014015,0.908513,0.124208,0.398722,1.104777,93.636765,16.568127,-0.007017,0.909821,0.015900,0.414638,-0.314983,112.326088,21.137999,0.052019,0.961257,-0.076503,0.259665,-0.782851,130.341995,21.554638,0.034528,0.976056,-0.202497,0.071543,1.989753,143.451523,18.412655,-0.081125,0.851044,0.203797,0.477084,-3.657521,124.924088,19.245049,0.167852,-0.604986,-0.076027,-0.774621,-12.537846,125.865791,5.128156,0.030859,-0.250912,-0.453054,-0.854888,-6.567615,123.879532,-17.288145,0.008597,0.096244,-0.496414,-0.862692,4.579679,142.133713,-28.276434,-0.103582,0.961108,0.127669,0.221906,0.960945,124.921165,24.558077,0.336293,0.809442,0.128259,-0.463961,15.661677,127.300629,32.125126,0.186581,0.109968,0.474954,-0.852944,23.654461,117.396103,12.629098,0.233350,-0.226923,0.663058,-0.674098,12.552974,133.671692,4.909116,0.018536,0.921597,0.207375,0.327583,-5.931920,86.942795,10.620655,0.137437,0.972813,-0.049067,0.179826,-2.403461,55.255527,-3.062312,0.042014,0.950248,-0.150556,0.269438,-15.148594,12.447861,-1.003914,-0.111494,0.932576,0.001422,0.343320,7.011861,85.932617,22.522051,0.060077,0.946589,-0.187040,0.255687,14.260692,52.100140,25.086147,0.029717,0.850206,-0.085648,0.518586,4.898696,10.839209,39.545067,0.042014,0.950248,-0.150556,0.269438,-9.473022,2.924761,-10.188394,0.029717,0.850206,-0.085648,0.518586,15.681995,2.878274,34.291477
579,4.825000,0.036311,0.931274,-0.014166,0.362228,0.545390,86.431313,16.556650,0.013897,0.908539,0.124399,0.398608,1.107870,93.630554,16.556076,-0.007121,0.909874,0.015998,0.414515,-0.318180,112.315392,21.130190,0.051750,0.961335,-0.076323,0.259484,-0.790869,130.331131,21.548578,0.034766,0.976020,-0.202683,0.071389,1.972714,143.443039,18.408579,-0.081110,0.851004,0.203945,0.477094,-3.664670,124.912659,19.239267,0.167511,-0.605077,-0.075905,-0.774636,-12.544743,125.857307,5.122413,0.030565,-0.250960,-0.453142,-0.854837,-6.578779,123.875549,-17.295420,0.008434,0.096358,-0.496497,-0.862632,4.563483,142.135773,-28.278763,-0.103667,0.961132,0.127584,0.221813,0.955211,124.910507,24.551065,0.336295,0.809426,0.128426,-0.463941,15.656739,127.293816,32.115356,0.186656,0.109994,0.474900,-0.852954,23.650309,117.392921,12.617805,0.233406,-0.226739,0.663031,-0.674167,12.547101,133.665863,4.895892,0.018482,0.921594,0.207555,0.327482,-5.926768,86.936508,10.606253,0.137541,0.972801,-0.049289,0.179755,-2.392181,55.254292,-3.086837,0.041997,0.950203,-0.150666,0.269538,-15.149474,12.451142,-1.009974,-0.111427,0.932390,0.001371,0.343847,7.017548,85.926117,22.507048,0.059990,0.946510,-0.187184,0.255894,14.259493,52.092606,25.076977,0.029676,0.850257,-0.085473,0.518534,4.898552,10.835564,39.547676,0.041997,0.950203,-0.150666,0.269538,-9.472069,2.925821,-10.191014,0.029676,0.850257,-0.085473,0.518534,15.683082,2.878673,34.290485
580,4.833333,0.036232,0.931285,-0.013989,0.362215,0.552804,86.426796,16.543215,0.013786,0.908555,0.124527,0.398537,1.113299,93.626190,16.544594,-0.007133,0.909911,0.015918,0.414437,-0.318318,112.310745,21.121702,0.052157,0.961318,-0.076153,0.259517,-0.790172,130.326569,21.537308,0.034281,0.976059,-0.202618,0.071275,1.982938,143.438232,18.404696,-0.081105,0.851150,0.204109,0.476765,-3.664598,124.907852,19.229351,0.167640,-0.605104,-0.076146,-0.774563,-12.555194,125.852631,5.119134,0.030488,-0.250964,-0.453216,-0.854800,-6.592469,123.875496,-17.299969,0.008191,0.096324,-0.496348,-0.862724,4.546462,142.138885,-28.281441,-0.103940,0.961081,0.127508,0.221950,0.956192,124.906349,24.540358,0.336449,0.809382,0.128380,-0.463920,15.653790,127.298233,32.109577,0.186662,0.110188,0.474925,-0.852914,23.643478,117.391144,12.613585,0.233302,-0.226734,0.662289,-0.674934,12.544831,133.660049,4.885762,0.018508,0.921500,0.207744,0.327624,-5.919620,86.931831,10.593096,0.137650,0.972769,-0.049549,0.179774,-2.380244,55.255119,-3.111490,0.042113,0.950152,-0.150788,0.269631,-15.150806,12.456926,-1.014114,-0.111440,0.932425,0.001304,0.343747,7.025228,85.921761,22.493336,0.060030,0.946452,-0.187330,0.255994,14.266665,52.088428,25.067108,0.029620,0.850275,-0.085437,0.518513,4.897618,10.836699,39.547707,0.042113,0.950152,-0.150788,0.269631,-9.473812,2.928355,-10.192035,0.029620,0.850275,-0.085437,0.518513,15.682846,2.881247,34.289780
581,4.841667,0.036189,0.931282,-0.013809,0.362233,0.557838,86.422134,16.527784,0.013656,0.908563,0.124735,0.398458,1.116820,93.621651,16.531384,-0.007185,0.909952,0.015948,0.414344,-0.322195,112.304543,21.113834,0.052103,0.961333,-0.075981,0.259519,-0.796156,130.320313,21.529713,0.034277,0.976032,-0.202718,0.071360,1.974415,143.433456,18.401108,-0.081146,0.851188,0.204249,0.476631,-3.670387,124.901260,19.222279,0.167664,-0.605155,-0.076298,-0.774503,-12.565025,125.846085,5.114612,0.030366,-0.250884,-0.453340,-0.854762,-6.606265,123.873154,-17.305912,0.008160,0.096181,-0.496305,-0.862765,4.529188,142.142395,-28.281170,-0.104203,0.961060,0.127556,0.221889,0.951471,124.900269,24.532356,0.336670,0.809264,0.128904,-0.463820,15.648150,127.300407,32.100746,0.187111,0.109766,0.474835,-0.852920,23.635212,117.397522,12.601541,0.233644,-0.226430,0.663094,-0.674126,12.528682,133.665070,4.880337,0.018540,0.921410,0.207897,0.327779,-5.914408,86.927620,10.577509,0.137787,0.972722,-0.049851,0.179835,-2.371234,55.255413,-3.136495,0.042093,0.950086,-0.150942,0.269780,-15.158349,12.463302,-1.016057,-0.111475,0.932412,0.001273,0.343774,7.030085,85.916641,22.478060,0.060034,0.946404,-0.187490,0.256053,14.272934,52.083851,25.054859,0.029480,0.850293,-0.085495,0.518481,4.899184,10.837528,39.547802,0.042093,0.950086,-0.150942,0.269780,-9.478655,2.931623,-10.189079,0.029480,0.850293,-0.085495,0.518481,15.685269,2.882698,34.290691
582,4.850000,0.035815,0.931343,-0.013458,0.362127,0.570936,86.409683,16.518232,0.013525,0.908601,0.124791,0.398357,1.123055,93.609718,16.524523,-0.007167,0.909989,0.015932,0.414265,-0.321427,112.299362,21.108803,0.052842,0.961302,-0.076155,0.259436,-0.794531,130.315155,21.524446,0.033522,0.976103,-0.202670,0.070883,1.995893,143.424255,18.396421,-0.081273,0.851357,0.204083,0.476378,-3.669400,124.896194,19.217611,0.167546,-0.605289,-0.076476,-0.774407,-12.571415,125.832581,5.114035,0.030136,-0.250958,-0.453414,-0.854709,-6.621449,123.867989,-17.309559,0.007955,0.096055,-0.496221,-0.862830,4.508986,142.141769,-28.282339,-0.104515,0.961010,0.127636,0.221913,0.953383,124.895096,24.526882,0.336708,0.809172,0.128930,-0.463945,15.647518,127.304390,32.097298,0.187331,0.109555,0.474717,-0.852965,23.627985,117.402840,12.594719,0.233897,-0.226387,0.663199,-0.673950,12.515092,133.667206,4.877673,0.018560,0.921417,0.208188,0.327573,-5.903137,86.911331,10.569621,0.137997,0.972682,-0.050116,0.179819,-2.357627,55.247581,-3.163300,0.042367,0.949975,-0.150848,0.270181,-15.166615,12.462982,-1.023174,-0.111375,0.932487,0.001224,0.343602,7.045008,85.908035,22.466845,0.060091,0.946361,-0.187666,0.256069,14.280787,52.073681,25.043137,0.029510,0.850289,-0.085331,0.518514,4.898126,10.833883,39.548870,0.042367,0.949975,-0.150848,0.270181,-9.481984,2.931631,-10.193479,0.029510,0.850289,-0.085331,0.518514,15.685603,2.882018,34.290131
583,4.858333,0.036249,0.931294,-0.013544,0.362207,0.561314,86.413048,16.497038,0.013621,0.908582,0.125174,0.398277,1.119720,93.612602,16.504501,-0.007031,0.910055,0.015911,0.414123,-0.326819,112.296867,21.103176,0.052735,0.961348,-0.076147,0.259290,-0.795077,130.312759,21.520260,0.033397,0.976105,-0.202715,0.070780,1.991837,143.422302,18.391096,-0.081448,0.851394,0.204202,0.476231,-3.672099,124.894699,19.213953,0.167410,-0.605471,-0.076419,-0.774299,-12.577842,125.826881,5.112448,0.029900,-0.251083,-0.453459,-0.854657,-6.637763,123.862289,-17.313770,0.007571,0.096236,-0.496335,-0.862747,4.487714,142.139465,-28.285936,-0.104739,0.960977,0.127708,0.221907,0.952376,124.892021,24.521749,0.336764,0.809099,0.129165,-0.463967,15.645042,127.307869,32.092941,0.187645,0.109264,0.474522,-0.853042,23.622795,117.410576,12.587086,0.234019,-0.226589,0.663297,-0.673743,12.500116,133.669159,4.875942,0.018494,0.921295,0.208101,0.327975,-5.911196,86.921234,10.547278,0.137908,0.972713,-0.050219,0.179693,-2.357486,55.254780,-3.177285,0.042498,0.949975,-0.151009,0.270069,-15.160283,12.468943,-1.025044,-0.111579,0.932443,0.001202,0.343656,7.033825,85.904869,22.446798,0.060051,0.946294,-0.187796,0.256229,14.281929,52.073669,25.029749,0.029520,0.850244,-0.085468,0.518565,4.897355,10.837805,39.545433,0.042498,0.949975,-0.151009,0.270069,-9.480881,2.933432,-10.194265,0.029520,0.850244,-0.085468,0.518565,15.684268,2.883039,34.289921
584,4.866667,0.036216,0.931345,-0.013340,0.362087,0.562557,86.405739,16.481859,0.013670,0.908595,0.125316,0.398201,1.119453,93.605408,16.491816,-0.007130,0.910070,0.016023,0.414084,-0.327598,112.293816,21.097605,0.052726,0.961365,-0.076198,0.259212,-0.800749,130.309540,21.516914,0.033304,0.976119,-0.202709,0.070646,1.985905,143.418747,18.386091,-0.081546,0.851455,0.204239,0.476090,-3.676477,124.890968,19.210184,0.167427,-0.605606,-0.076594,-0.774173,-12.586180,125.819839,5.110963,0.029691,-0.251131,-0.453518,-0.854619,-6.654939,123.859535,-17.317968,0.007270,0.096114,-0.496242,-0.862817,4.466779,142.140762,-28.287209,-0.104921,0.960970,0.127851,0.221772,0.948430,124.888908,24.517605,0.336615,0.809052,0.128858,-0.464243,15.641821,127.310112,32.085670,0.187496,0.108891,0.474457,-0.853158,23.612350,117.414177,12.576169,0.234303,-0.226637,0.663500,-0.673428,12.483464,133.676666,4.881354,0.018365,0.921373,0.208191,0.327706,-5.911525,86.914734,10.533879,0.138000,0.972743,-0.050341,0.179425,-2.351514,55.250561,-3.194314,0.042212,0.949971,-0.151049,0.270107,-15.163440,12.468091,-1.029491,-0.111588,0.932391,0.001214,0.343793,7.036638,85.896751,22.429840,0.059976,0.946166,-0.187996,0.256573,14.285262,52.065693,25.013321,0.030107,0.850303,-0.084750,0.518552,4.897282,10.835758,39.543640,0.042212,0.949971,-0.151049,0.270107,-9.479089,2.933447,-10.196548,0.030107,0.850303,-0.084750,0.518552,15.682514,2.887970,34.274136
585,4.875000,0.036091,0.931378,-0.013165,0.362021,0.564043,86.398735,16.468065,0.013231,0.908598,0.125123,0.398270,1.118346,93.598595,16.479679,-0.006518,0.910056,0.016307,0.414114,-0.342799,112.306656,21.076265,0.052480,0.961433,-0.076142,0.259028,-0.800120,130.322342,21.513990,0.033331,0.976108,-0.202825,0.070462,1.978904,143.432922,18.382132,-0.082154,0.851538,0.204477,0.475734,-3.680511,124.908676,19.201591,0.167467,-0.605711,-0.076569,-0.774084,-12.598196,125.821365,5.106364,0.029360,-0.251251,-0.453601,-0.854551,-6.672707,123.857895,-17.323811,0.006975,0.095679,-0.495978,-0.863019,4.442505,142.144852,-28.290064,-0.104910,0.960941,0.128094,0.221763,0.944159,124.897110,24.509209,0.336427,0.809102,0.128762,-0.464319,15.637761,127.316078,32.077579,0.187404,0.108598,0.474177,-0.853371,23.610884,117.424843,12.566763,0.234316,-0.226760,0.663510,-0.673373,12.469463,133.682281,4.886536,0.018354,0.921340,0.208340,0.327703,-5.911043,86.906830,10.521102,0.138039,0.972758,-0.050532,0.179260,-2.346895,55.246925,-3.215866,0.042219,0.949943,-0.151084,0.270185,-15.164703,12.467137,-1.032947,-0.111696,0.932393,0.001316,0.343753,7.039127,85.890640,22.415030,0.059867,0.945869,-0.188204,0.257540,14.297110,52.061272,24.994202,0.029026,0.850078,-0.085935,0.518787,4.898982,10.837132,39.534397,0.042219,0.949943,-0.151084,0.270185,-9.478966,2.931710,-10.198329,0.029026,0.850078,-0.085935,0.518787,15.691251,2.879452,34.294319
586,4.883333,0.035962,0.931432,-0.012989,0.361902,0.562772,86.390724,16.454054,0.013356,0.908635,0.125276,0.398133,1.114423,93.590790,16.467293,-0.006730,0.910100,0.016325,0.414013,-0.343677,112.293015,21.070236,0.052500,0.961462,-0.076019,0.258952,-0.808198,130.308578,21.505434,0.033253,0.976139,-0.202725,0.070350,1.970159,143.420029,18.376558,-0.082088,0.851582,0.204703,0.475569,-3.686891,124.893417,19.194441,0.167478,-0.605801,-0.076810,-0.773988,-12.610188,125.810333,5.103044,0.029245,-0.251260,-0.453739,-0.854479,-6.691481,123.854240,-17.329557,0.006786,0.095748,-0.495915,-0.863050,4.417454,142.146713,-28.292973,-0.105236,0.960922,0.128161,0.221652,0.938915,124.884499,24.501068,0.336041,0.809263,0.128907,-0.464276,15.631875,127.313850,32.067345,0.187121,0.108277,0.473658,-0.853763,23.618925,117.437492,12.554691,0.234048,-0.226758,0.663522,-0.673455,12.453976,133.687485,4.894261,0.018417,0.921351,0.208387,0.327639,-5.913982,86.897888,10.508831,0.137767,0.972909,-0.050587,0.178631,-2.353756,55.239494,-3.232635,0.041950,0.950106,-0.150867,0.269773,-15.147813,12.453487,-1.032143,-0.111716,0.932421,0.001223,0.343671,7.039526,85.883560,22.399279,0.059983,0.946072,-0.188327,0.256676,14.296837,52.054489,24.984268,0.029027,0.850166,-0.085807,0.518664,4.899483,10.835737,39.540237,0.041950,0.950106,-0.150867,0.269773,-9.465703,2.924222,-10.206178,0.029027,0.850166,-0.085807,0.518664,15.691137,2.880566,34.295090
587,4.891667,0.035766,0.931494,-0.013111,0.361757,0.561175,86.376007,16.448229,0.013175,0.908705,0.125135,0.398024,1.110837,93.576225,16.458719,-0.006502,0.910154,0.016580,0.413886,-0.351764,112.291290,21.057003,0.052428,0.961518,-0.076071,0.258743,-0.812540,130.306656,21.504026,0.033155,0.976162,-0.202698,0.070150,1.963290,143.417984,18.372503,-0.082331,0.851631,0.204808,0.475394,-3.692985,124.893570,19.190344,0.167080,-0.605963,-0.076597,-0.773968,-12.620497,125.803909,5.101184,0.028840,-0.251410,-0.453891,-0.854368,-6.709430,123.849998,-17.333633,0.006602,0.095692,-0.496072,-0.862967,4.389256,142.150986,-28.293240,-0.105473,0.960914,0.128330,0.221474,0.934344,124.880280,24.495640,0.335854,0.809317,0.128658,-0.464387,15.628280,127.316727,32.057755,0.186761,0.108124,0.473518,-0.853938,23.616396,117.441879,12.544760,0.233799,-0.226958,0.663317,-0.673676,12.445005,133.692459,4.897700,0.018491,0.921265,0.208673,0.327695,-5.917688,86.879257,10.504967,0.138144,0.972828,-0.051207,0.178607,-2.354771,55.229359,-3.255345,0.041728,0.950056,-0.150433,0.270226,-15.190400,12.458301,-1.007067,-0.111757,0.932427,0.001311,0.343641,7.040037,85.872749,22.391493,0.059999,0.945958,-0.188483,0.256978,14.302147,52.044331,24.971533,0.028751,0.850148,-0.085804,0.518710,4.895391,10.831038,39.536865,0.041728,0.950056,-0.150433,0.270226,-9.492934,2.939504,-10.182447,0.028751,0.850148,-0.085804,0.518710,15.691111,2.879526,34.294525
588,4.900000,0.035692,0.931545,-0.012989,0.361637,0.556389,86.365967,16.433872,0.013473,0.908707,0.125282,0.397962,1.104416,93.566307,16.445534,-0.006829,0.910145,0.016637,0.413899,-0.349306,112.274948,21.052385,0.052304,0.961547,-0.075917,0.258706,-0.821666,130.290085,21.496387,0.033115,0.976194,-0.202595,0.070031,1.949753,143.403046,18.367790,-0.082129,0.851745,0.204935,0.475170,-3.698539,124.874756,19.183489,0.167089,-0.606033,-0.076882,-0.773883,-12.634289,125.791023,5.099936,0.028654,-0.251493,-0.454003,-0.854290,-6.729187,123.846306,-17.337248,0.006335,0.095496,-0.495975,-0.863047,4.362648,142.152298,-28.295439,-0.105719,0.960914,0.128367,0.221336,0.928578,124.865326,24.488977,0.335498,0.809467,0.128731,-0.464363,15.622809,127.310005,32.047863,0.186424,0.107979,0.473258,-0.854174,23.623091,117.447662,12.533527,0.233569,-0.227215,0.663043,-0.673938,12.440438,133.695587,4.899718,0.018366,0.921287,0.208868,0.327518,-5.924087,86.868828,10.492338,0.137964,0.972818,-0.051120,0.178824,-2.351339,55.224258,-3.277683,0.041629,0.949976,-0.150642,0.270405,-15.170744,12.447941,-1.036749,-0.111894,0.932406,0.001302,0.343652,7.036866,85.863106,22.375406,0.059882,0.945735,-0.188662,0.257695,14.307425,52.036804,24.959425,0.028721,0.850119,-0.085710,0.518775,4.895523,10.828280,39.534939,0.041629,0.949976,-0.150642,0.270405,-9.469017,2.925361,-10.205553,0.028721,0.850119,-0.085710,0.518775,15.693247,2.879116,34.293179
589,4.908333,0.035520,0.931597,-0.012865,0.361525,0.552690,86.355972,16.419508,0.013388,0.908732,0.124958,0.398011,1.097769,93.556541,16.431877,-0.006300,0.910127,0.017079,0.413929,-0.355890,112.290230,21.031527,0.052198,0.961561,-0.076039,0.258639,-0.817494,130.305069,21.497917,0.032677,0.976198,-0.202666,0.069980,1.951668,143.417542,18.365171,-0.082719,0.851928,0.204937,0.474740,-3.697500,124.894356,19.178152,0.166921,-0.606233,-0.076753,-0.773775,-12.643655,125.790428,5.099907,0.028176,-0.251761,-0.454057,-0.854198,-6.748949,123.843834,-17.339846,0.005814,0.095267,-0.495703,-0.863232,4.334018,142.155487,-28.297558,-0.105737,0.960905,0.128631,0.221213,0.929365,124.875557,24.483835,0.335457,0.809632,0.128838,-0.464075,15.625289,127.319336,32.039722,0.186235,0.108293,0.472944,-0.854350,23.639307,117.456558,12.531255,0.232833,-0.227752,0.661473,-0.675552,12.449769,133.690948,4.893496,0.018336,0.921309,0.209022,0.327359,-5.929427,86.856865,10.479597,0.137929,0.972837,-0.051355,0.178678,-2.353612,55.216675,-3.299691,0.041487,0.950002,-0.150498,0.270416,-15.173368,12.441671,-1.035907,-0.111963,0.932438,0.001272,0.343543,7.034808,85.855080,22.359419,0.059987,0.945853,-0.188817,0.257121,14.309367,52.029846,24.946156,0.028803,0.850123,-0.085609,0.518779,4.894119,10.827669,39.537426,0.041487,0.950002,-0.150498,0.270416,-9.468499,2.922975,-10.206792,0.028803,0.850123,-0.085609,0.518779,15.691686,2.879477,34.293861
590,4.916667,0.035417,0.931676,-0.012760,0.361334,0.548939,86.346252,16.405874,0.013428,0.908803,0.125423,0.397701,1.092087,93.546967,16.419010,-0.006710,0.910252,0.016819,0.413658,-0.364665,112.261673,21.032284,0.052160,0.961599,-0.075725,0.258596,-0.835699,130.276657,21.484179,0.032572,0.976232,-0.202485,0.070065,1.930177,143.391632,18.359020,-0.082290,0.851945,0.205033,0.474741,-3.714135,124.862495,19.170519,0.166811,-0.606260,-0.077034,-0.773749,-12.662606,125.772240,5.094622,0.027877,-0.251770,-0.454177,-0.854142,-6.771450,123.838570,-17.347187,0.005375,0.095184,-0.495750,-0.863217,4.306043,142.157501,-28.298241,-0.106137,0.960908,0.128714,0.220960,0.915814,124.850525,24.473532,0.335041,0.809912,0.128975,-0.463848,15.612645,127.307632,32.023335,0.185697,0.108352,0.472725,-0.854580,23.649445,117.457733,12.517722,0.232536,-0.227653,0.661154,-0.676000,12.451917,133.690506,4.889400,0.018388,0.921298,0.209169,0.327292,-5.935741,86.846222,10.468682,0.137852,0.972851,-0.051582,0.178597,-2.360879,55.210434,-3.320971,0.041497,0.949987,-0.150280,0.270590,-15.177324,12.435609,-1.035136,-0.112068,0.932459,0.001242,0.343454,7.033620,85.846283,22.343067,0.059805,0.945569,-0.189013,0.258064,14.314416,52.022671,24.933550,0.028920,0.850093,-0.085437,0.518851,4.895636,10.825160,39.535721,0.041497,0.949987,-0.150280,0.270590,-9.467735,2.921426,-10.207767,0.028920,0.850093,-0.085437,0.518851,15.694094,2.878987,34.290924
591,4.925000,0.035451,0.931756,-0.012678,0.361128,0.537387,86.335144,16.389334,0.014023,0.908867,0.125797,0.397415,1.080567,93.535851,16.403631,-0.007366,0.910347,0.016486,0.413452,-0.358620,112.233841,21.036238,0.052194,0.961572,-0.075835,0.258658,-0.846128,130.248886,21.467537,0.032053,0.976356,-0.201909,0.070244,1.921650,143.362900,18.340042,-0.081906,0.852055,0.205084,0.474589,-3.720542,124.829399,19.161364,0.166572,-0.606387,-0.077326,-0.773673,-12.675951,125.749565,5.090554,0.027475,-0.251823,-0.454343,-0.854051,-6.794024,123.831902,-17.355049,0.005008,0.095081,-0.495611,-0.863310,4.274934,142.160492,-28.298605,-0.106598,0.960876,0.128700,0.220887,0.911683,124.827835,24.462402,0.334577,0.810144,0.129164,-0.463726,15.606314,127.300049,32.011559,0.185493,0.108270,0.472302,-0.854869,23.662857,117.467407,12.505383,0.232419,-0.227167,0.661935,-0.675440,12.445768,133.695099,4.884800,0.018289,0.921348,0.209250,0.327106,-5.949873,86.836288,10.455059,0.138026,0.972918,-0.052052,0.177962,-2.369590,55.202602,-3.337991,0.041630,0.950005,-0.149629,0.270868,-15.206570,12.436432,-1.005917,-0.112234,0.932433,0.001237,0.343468,7.024647,85.834000,22.323608,0.059804,0.945498,-0.189169,0.258209,14.315859,52.012981,24.918514,0.028881,0.850015,-0.085276,0.519007,4.891463,10.820741,39.531944,0.041630,0.950005,-0.149629,0.270868,-9.489594,2.935155,-10.187323,0.028881,0.850015,-0.085276,0.519007,15.693763,2.878418,34.289227
592,4.933333,0.035170,0.931872,-0.012494,0.360862,0.531924,86.318909,16.373444,0.013880,0.908954,0.125917,0.397184,1.070371,93.519974,16.388596,-0.007273,0.910442,0.016606,0.413239,-0.374869,112.221611,21.024685,0.052078,0.961651,-0.075427,0.258509,-0.861007,130.236557,21.461405,0.031953,0.976346,-0.202001,0.070164,1.900336,143.354065,18.342943,-0.081773,0.852086,0.205148,0.474529,-3.736854,124.817917,19.155022,0.166532,-0.606516,-0.077458,-0.773567,-12.694889,125.742378,5.086173,0.027340,-0.251786,-0.454495,-0.853985,-6.821243,123.829231,-17.361973,0.004696,0.095447,-0.495783,-0.863173,4.241920,142.164322,-28.300444,-0.106739,0.960913,0.128656,0.220682,0.897860,124.814537,24.453878,0.334135,0.810451,0.129010,-0.463551,15.594512,127.292595,31.997156,0.184929,0.108684,0.472050,-0.855078,23.672359,117.467476,12.496014,0.231991,-0.227133,0.660953,-0.676559,12.450704,133.687134,4.873912,0.018282,0.921368,0.209471,0.326907,-5.959061,86.816742,10.442969,0.137943,0.972981,-0.052324,0.177599,-2.376210,55.189453,-3.364088,0.041167,0.950058,-0.149339,0.270912,-15.209373,12.423775,-1.002255,-0.112278,0.932548,0.001155,0.343143,7.022910,85.821083,22.303919,0.059949,0.945720,-0.189378,0.257209,14.315909,52.000736,24.902620,0.028784,0.850133,-0.085173,0.518835,4.890147,10.817149,39.539520,0.041167,0.950058,-0.149339,0.270912,-9.482941,2.931398,-10.186964,0.028784,0.850133,-0.085173,0.518835,15.692202,2.878082,34.291382
593,4.941667,0.035045,0.931957,-0.012410,0.360658,0.526026,86.305847,16.355701,0.014106,0.908976,0.125999,0.397099,1.062363,93.507072,16.371208,-0.007522,0.910442,0.016619,0.413235,-0.375910,112.209358,21.014080,0.051863,0.961690,-0.075365,0.258425,-0.870431,130.224152,21.447521,0.031879,0.976407,-0.201760,0.070038,1.884524,143.342941,18.328796,-0.081584,0.852176,0.205309,0.474329,-3.743755,124.803757,19.142120,0.166525,-0.606691,-0.077687,-0.773408,-12.709154,125.734520,5.078378,0.027153,-0.251638,-0.454720,-0.853915,-6.847031,123.827896,-17.373337,0.004699,0.095307,-0.495925,-0.863106,4.209892,142.173157,-28.301086,-0.107049,0.960898,0.128743,0.220548,0.890954,124.803497,24.440985,0.333964,0.810619,0.129219,-0.463321,15.587370,127.291420,31.981489,0.184846,0.108766,0.471757,-0.855247,23.680475,117.473267,12.483154,0.231823,-0.226829,0.660897,-0.676773,12.447871,133.685364,4.861259,0.018324,0.921404,0.209582,0.326732,-5.967708,86.802261,10.428117,0.137785,0.973023,-0.052602,0.177413,-2.387656,55.178314,-3.387305,0.040981,0.950106,-0.148967,0.270975,-15.211066,12.411335,-0.996255,-0.112394,0.932563,0.001125,0.343063,7.019760,85.809441,22.283287,0.059929,0.945690,-0.189578,0.257175,14.319660,51.990898,24.886074,0.029335,0.850071,-0.084945,0.518945,4.891785,10.813832,39.539963,0.040981,0.950106,-0.148967,0.270975,-9.478518,2.927928,-10.186416,0.029335,0.850071,-0.084945,0.518945,15.690285,2.872319,34.288208
594,4.950000,0.035069,0.932056,-0.012473,0.360398,0.509524,86.292580,16.337961,0.013807,0.908998,0.125337,0.397270,1.046519,93.493744,16.352594,-0.006575,0.910366,0.017250,0.413392,-0.395563,112.237167,20.976326,0.051819,0.961687,-0.075640,0.258364,-0.868472,130.251678,21.444498,0.031335,0.976444,-0.201697,0.069956,1.886877,143.368591,18.318182,-0.082354,0.852410,0.205217,0.473815,-3.747626,124.839233,19.127726,0.166467,-0.606947,-0.077469,-0.773242,-12.725085,125.742462,5.069879,0.026777,-0.251634,-0.454842,-0.853863,-6.875865,123.827026,-17.384457,0.004336,0.095345,-0.495971,-0.863077,4.175845,142.180695,-28.303354,-0.106773,0.960901,0.129036,0.220495,0.885446,124.823105,24.427998,0.333522,0.810889,0.129521,-0.463084,15.584610,127.300224,31.966698,0.185192,0.108720,0.470910,-0.855645,23.701674,117.499626,12.469498,0.231878,-0.226682,0.660884,-0.676816,12.438260,133.682907,4.849464,0.018178,0.921501,0.209579,0.326470,-5.987487,86.789101,10.413978,0.137643,0.973056,-0.052787,0.177284,-2.402078,55.164677,-3.398968,0.040903,0.950142,-0.148430,0.271156,-15.215940,12.395957,-0.987883,-0.112659,0.932545,0.001130,0.343026,7.006536,85.796051,22.261944,0.059859,0.945431,-0.189769,0.258002,14.323553,51.981640,24.870390,0.028625,0.850025,-0.085109,0.519032,4.884542,10.810312,39.533241,0.040903,0.950142,-0.148430,0.271156,-9.475523,2.924354,-10.185303,0.028625,0.850025,-0.085109,0.519032,15.691710,2.874731,34.290356
595,4.958333,0.035026,0.932165,-0.012522,0.360117,0.497247,86.278214,16.318155,0.013738,0.909079,0.125511,0.397030,1.033912,93.479408,16.331747,-0.006487,0.910468,0.017304,0.413166,-0.412558,112.227463,20.962372,0.051666,0.961713,-0.075679,0.258287,-0.883260,130.241959,21.433769,0.031051,0.976497,-0.201425,0.070125,1.868027,143.359146,18.305080,-0.082239,0.852516,0.205099,0.473696,-3.764165,124.830200,19.117540,0.166238,-0.607099,-0.077441,-0.773175,-12.746021,125.733711,5.062519,0.026406,-0.251687,-0.455018,-0.853765,-6.905165,123.822319,-17.394342,0.004017,0.095413,-0.496005,-0.863052,4.137585,142.185471,-28.306356,-0.106614,0.960950,0.129247,0.220236,0.871556,124.812683,24.415491,0.332914,0.811122,0.129514,-0.463114,15.575665,127.284447,31.946314,0.184917,0.108749,0.470498,-0.855927,23.710289,117.503227,12.446695,0.231883,-0.226648,0.660721,-0.676985,12.429623,133.679871,4.832238,0.018047,0.921562,0.209653,0.326256,-6.003382,86.773842,10.398067,0.137739,0.972922,-0.053157,0.177837,-2.411087,55.151260,-3.417318,0.040566,0.950038,-0.148123,0.271739,-15.240123,12.388405,-0.982969,-0.112848,0.932463,0.001192,0.343187,6.997877,85.782585,22.238245,0.059658,0.945107,-0.190055,0.259023,14.327969,51.971149,24.848461,0.028545,0.849973,-0.085077,0.519128,4.883743,10.807386,39.529163,0.040566,0.950038,-0.148123,0.271739,-9.480468,2.925360,-10.177175,0.028545,0.849973,-0.085077,0.519128,15.693445,2.873556,34.288849
596,4.966667,0.035000,0.932214,-0.012331,0.360001,0.480482,86.264397,16.289928,0.014011,0.909106,0.125636,0.396919,1.015811,93.465683,16.305883,-0.006612,0.910503,0.017350,0.413085,-0.422528,112.213875,20.945576,0.051707,0.961751,-0.075755,0.258115,-0.897978,130.228241,21.416668,0.030812,0.976595,-0.201088,0.069832,1.854058,143.344742,18.285685,-0.082134,0.852582,0.205202,0.473550,-3.777832,124.815666,19.101051,0.166072,-0.607305,-0.077606,-0.773031,-12.764894,125.722626,5.049577,0.026107,-0.251499,-0.455182,-0.853743,-6.936903,123.819756,-17.411354,0.003754,0.095628,-0.496226,-0.862903,4.103205,142.193008,-28.309048,-0.106841,0.960964,0.129486,0.219926,0.858807,124.799515,24.398205,0.332704,0.811209,0.129189,-0.463204,15.565861,127.278206,31.920996,0.184663,0.108662,0.470351,-0.856074,23.703154,117.497124,12.422421,0.231832,-0.226218,0.661458,-0.676426,12.411038,133.680161,4.813376,0.017911,0.921684,0.209452,0.326047,-6.021660,86.760864,10.371569,0.137571,0.972930,-0.053401,0.177848,-2.428438,55.132103,-3.429422,0.040569,0.950091,-0.147378,0.271959,-15.246921,12.367445,-0.971233,-0.113070,0.932391,0.001194,0.343308,6.982624,85.767929,22.208288,0.059631,0.945104,-0.190293,0.258864,14.326570,51.959969,24.824598,0.028544,0.849896,-0.085025,0.519262,4.881845,10.804022,39.526886,0.040569,0.950091,-0.147378,0.271959,-9.478690,2.920118,-10.176221,0.028544,0.849896,-0.085025,0.519262,15.693757,2.871340,34.289391
597,4.975000,0.034862,0.932339,-0.012209,0.359694,0.462714,86.242500,16.266562,0.014222,0.909240,0.125536,0.396638,0.995557,93.443970,16.283262,-0.006760,0.910615,0.017440,0.412833,-0.432713,112.197372,20.924255,0.051937,0.961798,-0.075789,0.257880,-0.914225,130.211563,21.396221,0.030589,0.976689,-0.200773,0.069522,1.842840,143.326981,18.265121,-0.081985,0.852548,0.205399,0.473551,-3.793447,124.798058,19.081997,0.165810,-0.607530,-0.077636,-0.772908,-12.781279,125.712463,5.031505,0.025777,-0.251248,-0.455467,-0.853674,-6.966226,123.815880,-17.433304,0.003572,0.096018,-0.496678,-0.862600,4.067413,142.203690,-28.312981,-0.107138,0.960956,0.129917,0.219561,0.846096,124.783348,24.376610,0.332117,0.811593,0.129144,-0.462966,15.556378,127.269958,31.890471,0.184176,0.109205,0.469823,-0.856399,23.722115,117.502701,12.396855,0.231192,-0.226425,0.659969,-0.678029,12.415468,133.668976,4.781420,0.017774,0.921944,0.209403,0.325350,-6.043487,86.737610,10.352554,0.137188,0.973002,-0.053669,0.177671,-2.453051,55.107071,-3.445078,0.040213,0.950271,-0.146410,0.271905,-15.242442,12.335550,-0.954948,-0.113402,0.932469,0.001259,0.342986,6.968915,85.747383,22.180569,0.059544,0.944878,-0.190642,0.259453,14.336475,51.944656,24.798063,0.028554,0.849866,-0.084901,0.519330,4.882149,10.799673,39.524834,0.040213,0.950271,-0.146410,0.271905,-9.464969,2.910857,-10.177320,0.028554,0.849866,-0.084901,0.519330,15.695840,2.869411,34.287350
598,4.983333,0.034777,0.932505,-0.012069,0.359277,0.439144,86.223022,16.239353,0.014504,0.909355,0.125531,0.396366,0.970133,93.424629,16.257271,-0.006790,0.910706,0.017677,0.412621,-0.446639,112.176826,20.902613,0.051943,0.961856,-0.075900,0.257631,-0.932537,130.190689,21.382006,0.030423,0.976766,-0.200506,0.069275,1.824224,143.305267,18.247150,-0.081725,0.852686,0.205269,0.473404,-3.811449,124.777374,19.066954,0.165298,-0.607738,-0.077584,-0.772860,-12.805351,125.695755,5.020607,0.025304,-0.251096,-0.455620,-0.853652,-7.001686,123.810020,-17.448057,0.003327,0.096353,-0.496869,-0.862453,4.028941,142.209488,-28.311041,-0.107396,0.961048,0.129860,0.219062,0.830556,124.761749,24.359406,0.331375,0.812012,0.129332,-0.462710,15.546304,127.259552,31.858829,0.183792,0.109594,0.469122,-0.856816,23.745981,117.516365,12.367423,0.230723,-0.226123,0.659455,-0.678789,12.415561,133.663620,4.749345,0.017529,0.922178,0.209260,0.324795,-6.072439,86.717834,10.331247,0.136983,0.973097,-0.053832,0.177257,-2.477898,55.082546,-3.454420,0.039975,0.950354,-0.145463,0.272157,-15.251224,12.307572,-0.941351,-0.113755,0.932451,0.001294,0.342920,6.950727,85.728210,22.147461,0.059446,0.944691,-0.190991,0.259897,14.341824,51.931046,24.770557,0.028520,0.849868,-0.084876,0.519333,4.881092,10.796947,39.523594,0.039975,0.950354,-0.145463,0.272157,-9.459844,2.904372,-10.176931,0.028520,0.849868,-0.084876,0.519333,15.695440,2.867638,34.286030
599,4.991667,0.034944,0.932652,-0.011911,0.358883,0.415293,86.198486,16.206522,0.014971,0.909512,0.126342,0.395729,0.947707,93.399986,16.227205,-0.007552,0.910980,0.016872,0.412036,-0.460060,112.119911,20.902723,0.051975,0.961983,-0.075431,0.257291,-0.958726,130.134399,21.344677,0.030451,0.976877,-0.200066,0.068982,1.794099,143.252411,18.220774,-0.080789,0.852592,0.205714,0.473541,-3.836516,124.714066,19.044676,0.165281,-0.607973,-0.078113,-0.772625,-12.831175,125.667343,5.001134,0.025036,-0.250524,-0.455947,-0.853653,-7.044622,123.798500,-17.473360,0.003122,0.096804,-0.497112,-0.862264,3.985483,142.215363,-28.307379,-0.108061,0.961112,0.129728,0.218536,0.812122,124.713051,24.331326,0.330591,0.812515,0.129896,-0.462230,15.530769,127.235703,31.816732,0.183189,0.110073,0.468498,-0.857225,23.775280,117.523682,12.328678,0.230134,-0.225519,0.658935,-0.679694,12.423969,133.656448,4.707749,0.017203,0.922381,0.209140,0.324312,-6.101066,86.697197,10.304010,0.136905,0.973089,-0.054020,0.177305,-2.495571,55.057652,-3.469021,0.038443,0.950432,-0.144816,0.272451,-15.265205,12.282574,-0.938977,-0.114191,0.932387,0.001324,0.342948,6.931652,85.699776,22.109035,0.059368,0.944535,-0.191420,0.260169,14.351186,51.909519,24.740808,0.028520,0.849918,-0.084598,0.519297,4.883239,10.789243,39.527725,0.038443,0.950432,-0.144816,0.272451,-9.441169,2.902521,-10.177563,0.028520,0.849918,-0.084598,0.519297,15.699347,2.865548,34.285294
600,5.000000,0.034789,0.932753,-0.012241,0.358626,0.387001,86.178276,16.186613,0.015018,0.909620,0.126238,0.395513,0.919051,93.379814,16.201906,-0.007251,0.911087,0.017006,0.411798,-0.483917,112.094795,20.873379,0.051949,0.962070,-0.075400,0.256976,-0.974595,130.109268,21.324327,0.030222,0.976947,-0.199867,0.068662,1.775835,143.227646,18.199842,-0.080734,0.852586,0.206021,0.473429,-3.855944,124.691307,19.023235,0.164360,-0.608354,-0.078052,-0.772528,-12.854457,125.650238,4.982547,0.024198,-0.250344,-0.455957,-0.853724,-7.089083,123.801979,-17.499088,0.002654,0.097270,-0.496919,-0.862324,3.944892,142.231125,-28.308237,-0.108462,0.961205,0.129916,0.217814,0.795513,124.685715,24.307404,0.329485,0.813294,0.130892,-0.461368,15.521787,127.223312,31.772730,0.182756,0.111042,0.467300,-0.857846,23.837395,117.557381,12.291966,0.229136,-0.224922,0.657606,-0.681514,12.450165,133.650024,4.652522,0.016962,0.922606,0.209128,0.323690,-6.132796,86.672493,10.287520,0.136628,0.973091,-0.054314,0.177419,-2.521465,55.032013,-3.481843,0.038391,0.950504,-0.143701,0.272797,-15.272268,12.253022,-0.923284,-0.114549,0.932415,0.001618,0.342751,6.906798,85.684067,22.085705,0.059245,0.944295,-0.191802,0.260785,14.356656,51.899551,24.705374,0.028592,0.849768,-0.084689,0.519524,4.880881,10.791084,39.520065,0.038391,0.950504,-0.143701,0.272797,-9.434247,2.896986,-10.177379,0.028592,0.849768,-0.084689,0.519524,15.698372,2.864735,34.284504
601,5.008333,0.034742,0.932848,-0.012338,0.358379,0.351219,86.144569,16.164022,0.015145,0.909770,0.126087,0.395211,0.883137,93.346115,16.177614,-0.007279,0.911236,0.016973,0.411470,-0.511934,112.068665,20.847849,0.051257,0.962204,-0.075002,0.256730,-1.002862,130.083160,21.297495,0.030567,0.976930,-0.199852,0.068791,1.725824,143.207108,18.177328,-0.080561,0.852602,0.206463,0.473237,-3.885693,124.664894,18.998974,0.164180,-0.608542,-0.078296,-0.772393,-12.891202,125.634407,4.963501,0.023771,-0.249828,-0.456223,-0.853745,-7.138226,123.798119,-17.522291,0.002434,0.097848,-0.496493,-0.862505,3.896498,142.244370,-28.301456,-0.108509,0.961367,0.130055,0.216991,0.769565,124.659943,24.279795,0.328150,0.814186,0.131456,-0.460584,15.507464,127.202209,31.720552,0.181786,0.112298,0.466276,-0.858446,23.897583,117.580498,12.249857,0.227929,-0.223804,0.656826,-0.683037,12.479692,133.645645,4.587607,0.016507,0.922862,0.209298,0.322875,-6.171756,86.637489,10.268337,0.136412,0.973113,-0.054704,0.177341,-2.539616,55.000889,-3.504462,0.038439,0.950567,-0.142485,0.273208,-15.277719,12.220428,-0.907422,-0.114992,0.932307,0.001862,0.342896,6.874194,85.651642,22.059710,0.059335,0.944432,-0.192159,0.260004,14.357705,51.874245,24.675312,0.028357,0.849824,-0.084500,0.519476,4.878698,10.778973,39.524513,0.038439,0.950567,-0.142485,0.273208,-9.425287,2.889983,-10.178241,0.028357,0.849824,-0.084500,0.519476,15.699998,2.859504,34.286411
602,5.016667,0.034553,0.933132,-0.012230,0.357660,0.336513,86.118668,16.125383,0.015171,0.909915,0.126389,0.394779,0.865349,93.320450,16.139051,-0.007101,0.911390,0.016782,0.411140,-0.531386,112.042030,20.821274,0.052318,0.962261,-0.075202,0.256244,-1.013497,130.056854,21.267456,0.029505,0.977100,-0.199574,0.067634,1.741638,143.175415,18.147890,-0.080680,0.852647,0.206905,0.472942,-3.900560,124.639465,18.972191,0.163361,-0.609057,-0.078211,-0.772170,-12.914771,125.610390,4.942398,0.022832,-0.249414,-0.456369,-0.853814,-7.190384,123.789513,-17.551949,0.001768,0.098824,-0.496213,-0.862557,3.847888,142.254990,-28.294519,-0.109143,0.961427,0.130248,0.216289,0.758553,124.633446,24.249611,0.327277,0.815071,0.132454,-0.459352,15.502002,127.197960,31.671721,0.181113,0.114153,0.465325,-0.858860,23.971521,117.609657,12.218925,0.226310,-0.222742,0.654628,-0.686026,12.534955,133.635956,4.508595,0.016280,0.923100,0.209326,0.322187,-6.195765,86.609512,10.239831,0.136074,0.972988,-0.055287,0.178104,-2.558748,54.973198,-3.532337,0.038513,0.950622,-0.141391,0.273576,-15.278903,12.190226,-0.889112,-0.115402,0.932284,0.001762,0.342820,6.868791,85.627823,22.010937,0.059275,0.944057,-0.192665,0.261006,14.376209,51.856949,24.642189,0.029274,0.849883,-0.083529,0.519486,4.875273,10.778454,39.523777,0.038513,0.950622,-0.141391,0.273576,-9.414014,2.882648,-10.175033,0.029274,0.849883,-0.083529,0.519486,15.693129,2.866789,34.266796
603,5.025000,0.034378,0.933450,-0.012371,0.356842,0.311760,86.087593,16.095432,0.015313,0.910017,0.125543,0.394808,0.838974,93.289497,16.105831,-0.007653,0.911212,0.017955,0.411475,-0.540455,112.026665,20.762798,0.052742,0.962232,-0.075782,0.256095,-1.058224,130.039734,21.239120,0.029341,0.977227,-0.199237,0.066864,1.710989,143.152374,18.107168,-0.080444,0.853082,0.206689,0.472291,-3.932921,124.620583,18.932491,0.163171,-0.609211,-0.078669,-0.772041,-12.968938,125.589165,4.916577,0.022468,-0.248521,-0.456587,-0.853968,-7.256645,123.788475,-17.582460,0.001489,0.099873,-0.495946,-0.862589,3.793486,142.271591,-28.282413,-0.109166,0.961591,0.130777,0.215228,0.722199,124.614754,24.213432,0.325588,0.816589,0.133609,-0.457519,15.480772,127.181419,31.604668,0.178868,0.117813,0.464066,-0.859517,24.079939,117.647537,12.182034,0.222437,-0.220820,0.650748,-0.691583,12.630057,133.623795,4.389421,0.015883,0.923421,0.209390,0.321245,-6.231017,86.575035,10.221274,0.135569,0.972800,-0.055972,0.179300,-2.581195,54.939697,-3.549753,0.038501,0.950845,-0.139963,0.273535,-15.272019,12.151268,-0.854309,-0.115742,0.932149,0.001922,0.343073,6.854537,85.600143,21.969591,0.059138,0.943705,-0.193167,0.261935,14.386700,51.834763,24.600637,0.029102,0.849770,-0.083491,0.519687,4.871394,10.772141,39.516800,0.038501,0.950845,-0.139963,0.273535,-9.400469,2.874248,-10.166558,0.029102,0.849770,-0.083491,0.519687,15.694359,2.863608,34.265633
604,5.033333,0.034428,0.933805,-0.012533,0.355902,0.281153,86.059624,16.058483,0.014817,0.910266,0.125804,0.394169,0.809885,93.261414,16.066416,-0.006233,0.911556,0.017363,0.410761,-0.589197,112.015625,20.730597,0.052011,0.962571,-0.075986,0.254909,-1.051195,130.030151,21.208923,0.029180,0.977351,-0.199021,0.065761,1.694713,143.144135,18.062077,-0.081111,0.853331,0.206928,0.471622,-3.946172,124.619972,18.906626,0.161808,-0.609842,-0.078277,-0.771870,-12.999681,125.568008,4.900596,0.021348,-0.248037,-0.456648,-0.854105,-7.320323,123.786507,-17.608305,0.001111,0.100969,-0.495823,-0.862533,3.738653,142.289017,-28.265514,-0.110069,0.961702,0.131248,0.213983,0.717496,124.599548,24.179983,0.324392,0.817956,0.134129,-0.455770,15.487301,127.197708,31.537708,0.177439,0.121013,0.462633,-0.860141,24.197006,117.688766,12.152137,0.219296,-0.218893,0.647439,-0.696289,12.722790,133.608932,4.278464,0.015505,0.923691,0.209328,0.320525,-6.273364,86.547295,10.197445,0.135051,0.972629,-0.056524,0.180441,-2.611446,54.909344,-3.564370,0.038710,0.950925,-0.138531,0.273959,-15.269774,12.113932,-0.827285,-0.116185,0.932202,0.001969,0.342777,6.835670,85.571960,21.919521,0.059279,0.943750,-0.193678,0.261362,14.398059,51.813728,24.555655,0.029309,0.849687,-0.083292,0.519841,4.868602,10.770282,39.515491,0.038710,0.950925,-0.138531,0.273959,-9.384812,2.866285,-10.160263,0.029309,0.849687,-0.083292,0.519841,15.692663,2.863195,34.264408
605,5.041667,0.034404,0.934212,-0.012618,0.354832,0.246670,86.029015,16.014599,0.015289,0.910454,0.125770,0.393729,0.775524,93.230797,16.020666,-0.007450,0.911572,0.018026,0.410677,-0.601896,111.954346,20.683926,0.052170,0.962637,-0.076138,0.254582,-1.113633,129.967422,21.166048,0.029499,0.977496,-0.198489,0.065060,1.635804,143.079712,18.015203,-0.080138,0.853537,0.207045,0.471365,-3.993944,124.549736,18.863007,0.161204,-0.610111,-0.078873,-0.771724,-13.060817,125.525032,4.867497,0.020909,-0.246620,-0.457035,-0.854319,-7.401107,123.779572,-17.649172,0.001207,0.102697,-0.495831,-0.862325,3.674592,142.309357,-28.241438,-0.110869,0.961988,0.131526,0.212102,0.670453,124.541115,24.135750,0.321606,0.820216,0.135381,-0.453307,15.461127,127.172318,31.439611,0.175998,0.123465,0.460230,-0.861377,24.358915,117.746735,12.098797,0.217616,-0.216714,0.645921,-0.698902,12.813001,133.597153,4.173326,0.015330,0.923984,0.208923,0.319954,-6.321271,86.516243,10.168574,0.134553,0.972251,-0.057184,0.182630,-2.665726,54.866146,-3.566974,0.038578,0.950905,-0.136664,0.274980,-15.298065,12.065455,-0.792670,-0.116594,0.931994,0.001884,0.343204,6.814612,85.541779,21.860626,0.059029,0.943460,-0.194201,0.262078,14.399803,51.790131,24.515451,0.029083,0.849725,-0.083233,0.519802,4.868289,10.762185,39.516438,0.038578,0.950905,-0.136664,0.274980,-9.379511,2.858682,-10.144794,0.029083,0.849725,-0.083233,0.519802,15.695086,2.859198,34.264820
606,5.050000,0.034353,0.934684,-0.012942,0.353579,0.205440,85.995705,15.965668,0.015643,0.910870,0.127203,0.392288,0.735264,93.197426,15.966387,-0.007573,0.912235,0.016501,0.409265,-0.642265,111.880722,20.680206,0.051750,0.963052,-0.075769,0.253203,-1.134814,129.895645,21.111177,0.029672,0.977697,-0.197867,0.063851,1.594632,143.012421,17.961662,-0.079461,0.853631,0.207718,0.471012,-4.027559,124.474083,18.832922,0.159961,-0.610743,-0.079135,-0.771455,-13.109136,125.476585,4.848872,0.020136,-0.245348,-0.457438,-0.854488,-7.487265,123.770164,-17.680273,0.001408,0.104626,-0.496099,-0.861938,3.600822,142.330612,-28.205685,-0.111468,0.962256,0.131723,0.210447,0.653124,124.476265,24.091221,0.318535,0.822536,0.137628,-0.450586,15.462716,127.133598,31.347132,0.174042,0.127688,0.457610,-0.862553,24.566561,117.820885,12.047579,0.214179,-0.213528,0.642462,-0.704113,12.959158,133.583984,4.016075,0.015139,0.924247,0.208553,0.319443,-6.378195,86.480644,10.137127,0.133962,0.972029,-0.057971,0.183991,-2.726269,54.819447,-3.573792,0.037970,0.951134,-0.134683,0.275252,-15.324482,12.012667,-0.738881,-0.117225,0.932069,0.002018,0.342784,6.789073,85.510765,21.794207,0.058945,0.943046,-0.194912,0.263056,14.418803,51.769394,24.452005,0.029308,0.849459,-0.083256,0.520220,4.862844,10.765285,39.502533,0.037970,0.951134,-0.134683,0.275252,-9.380911,2.852301,-10.120667,0.029308,0.849459,-0.083256,0.520220,15.692239,2.859157,34.261005
607,5.058333,0.034452,0.935239,-0.013290,0.352085,0.162337,85.956451,15.910498,0.014680,0.911819,0.127334,0.390072,0.695261,93.157944,15.906182,-0.007605,0.913345,0.016545,0.406779,-0.706548,111.838722,20.612823,0.052658,0.963517,-0.075065,0.251452,-1.199628,129.853577,21.046118,0.029834,0.977810,-0.197682,0.062598,1.540249,142.972427,17.914421,-0.078901,0.853538,0.208642,0.470868,-4.103861,124.431519,18.783745,0.159805,-0.611018,-0.079500,-0.771232,-13.192934,125.463776,4.806735,0.019755,-0.243222,-0.458001,-0.854803,-7.589446,123.772003,-17.728092,0.001713,0.106625,-0.496319,-0.861566,3.523763,142.369049,-28.161976,-0.112058,0.962637,0.132576,0.207838,0.605367,124.434540,24.016493,0.314294,0.826054,0.138351,-0.446892,15.447023,127.117828,31.196945,0.170119,0.133787,0.454184,-0.864221,24.830235,117.907417,11.982283,0.209051,-0.208158,0.638339,-0.710980,13.150269,133.565338,3.813840,0.014944,0.924760,0.208082,0.318273,-6.439749,86.441544,10.102880,0.133172,0.971929,-0.058414,0.184953,-2.803171,54.766304,-3.579640,0.036017,0.951403,-0.133139,0.275335,-15.343778,11.945251,-0.705243,-0.117616,0.931910,0.001888,0.343085,6.764423,85.471367,21.718115,0.058777,0.942903,-0.195546,0.263138,14.415066,51.736332,24.396109,0.029192,0.849407,-0.082996,0.520354,4.857709,10.752604,39.501160,0.036017,0.951403,-0.133139,0.275335,-9.361851,2.830486,-10.107042,0.029192,0.849407,-0.082996,0.520354,15.692395,2.853333,34.260239
608,5.066667,0.033733,0.935866,-0.013718,0.350468,0.132238,85.919693,15.861602,0.015561,0.911684,0.127581,0.390272,0.657607,93.121727,15.846935,-0.007252,0.912979,0.016727,0.407599,-0.718286,111.803474,20.576139,0.051246,0.963766,-0.075901,0.250536,-1.202811,129.818298,21.020144,0.029855,0.978004,-0.197347,0.060582,1.501462,142.936234,17.853806,-0.079397,0.854298,0.208950,0.469266,-4.105816,124.399200,18.749117,0.157996,-0.612028,-0.079597,-0.770794,-13.242597,125.408951,4.801595,0.018724,-0.241784,-0.458393,-0.855024,-7.697350,123.763084,-17.751030,0.002176,0.109117,-0.496410,-0.861200,3.432117,142.394485,-28.106022,-0.113591,0.963226,0.132653,0.204195,0.594087,124.396431,23.990242,0.310697,0.829461,0.139933,-0.442584,15.474324,127.146851,31.064659,0.167747,0.140642,0.450265,-0.865645,25.140636,118.030334,11.945796,0.204194,-0.202331,0.632769,-0.719006,13.386469,133.541702,3.588760,0.014872,0.925280,0.207912,0.316872,-6.490716,86.391045,10.076657,0.132549,0.971821,-0.058911,0.185807,-2.874013,54.710770,-3.599462,0.035465,0.951455,-0.131043,0.276230,-15.371902,11.880127,-0.682253,-0.117777,0.931941,0.001832,0.342945,6.755193,85.448349,21.646547,0.058594,0.942720,-0.196218,0.263332,14.415132,51.715923,24.330830,0.029068,0.849286,-0.083120,0.520538,4.854936,10.753801,39.492592,0.035465,0.951455,-0.131043,0.276230,-9.351929,2.814244,-10.107001,0.029068,0.849286,-0.083120,0.520538,15.692616,2.853748,34.259041
609,5.075000,0.033423,0.936644,-0.014281,0.348391,0.086756,85.868248,15.809149,0.016323,0.911743,0.127189,0.390232,0.610738,93.070343,15.784132,-0.007049,0.912690,0.017700,0.408209,-0.734925,111.793747,20.521059,0.050390,0.963931,-0.076952,0.249751,-1.227387,129.807465,20.999748,0.029742,0.978125,-0.197290,0.058853,1.457660,142.920654,17.797634,-0.080114,0.855112,0.209238,0.467531,-4.125164,124.391647,18.714241,0.156706,-0.613032,-0.079464,-0.770273,-13.312429,125.371170,4.797760,0.017888,-0.239772,-0.459062,-0.855250,-7.823436,123.748077,-17.770275,0.002803,0.112269,-0.496632,-0.860665,3.323130,142.423386,-28.027290,-0.114385,0.963994,0.133508,0.199517,0.567776,124.380508,23.961592,0.305868,0.833616,0.140905,-0.437807,15.505073,127.174438,30.897362,0.163238,0.149885,0.446087,-0.867118,25.505898,118.173981,11.895916,0.197281,-0.194272,0.625991,-0.729022,13.695279,133.538025,3.297032,0.014523,0.926039,0.207611,0.314863,-6.562136,86.331985,10.053413,0.131905,0.972005,-0.059080,0.185250,-2.959357,54.642326,-3.604627,0.034765,0.951590,-0.128403,0.277093,-15.403382,11.798260,-0.654429,-0.118338,0.932237,0.001775,0.341947,6.735647,85.404503,21.564882,0.058685,0.942581,-0.197045,0.263192,14.432809,51.681252,24.257982,0.029153,0.849136,-0.083042,0.520790,4.848699,10.749155,39.485603,0.034765,0.951590,-0.128403,0.277093,-9.341234,2.794194,-10.111352,0.029153,0.849136,-0.083042,0.520790,15.689286,2.849709,34.257149
610,5.083333,0.033205,0.937528,-0.015155,0.345991,0.028651,85.825172,15.757470,0.016990,0.912317,0.127288,0.388827,0.553978,93.027107,15.718200,-0.007488,0.913137,0.017827,0.407194,-0.762746,111.754547,20.472075,0.049940,0.964341,-0.077682,0.248026,-1.270984,129.767868,20.949049,0.030090,0.978402,-0.196474,0.056764,1.398590,142.877335,17.718824,-0.080289,0.855791,0.209886,0.465965,-4.168726,124.348999,18.670773,0.154896,-0.614011,-0.079377,-0.769868,-13.403879,125.320816,4.785493,0.016631,-0.237528,-0.459586,-0.855619,-7.970201,123.737717,-17.798754,0.002965,0.115883,-0.496668,-0.860164,3.204701,142.459076,-27.940342,-0.115092,0.964686,0.134330,0.195170,0.535770,124.343063,23.907774,0.299292,0.838648,0.142385,-0.432227,15.524961,127.176453,30.714359,0.157184,0.161418,0.441305,-0.868612,25.937117,118.354286,11.850755,0.189338,-0.184832,0.616314,-0.741718,14.089487,133.544037,2.957012,0.014102,0.926646,0.207548,0.313132,-6.649847,86.281113,10.035493,0.131552,0.971677,-0.059554,0.187058,-3.046917,54.588802,-3.616354,0.035017,0.951234,-0.126361,0.279212,-15.473875,11.741432,-0.642174,-0.119033,0.932875,0.001647,0.339959,6.707149,85.369225,21.479446,0.058707,0.942350,-0.197882,0.263386,14.451289,51.657391,24.180809,0.032873,0.848457,-0.081905,0.521855,4.843353,10.755104,39.473362,0.035017,0.951234,-0.126361,0.279212,-9.359225,2.780317,-10.106084,0.032873,0.848457,-0.081905,0.521855,15.661163,2.831031,34.235027
611,5.091667,0.032528,0.938550,-0.015750,0.343247,-0.017207,85.779503,15.702951,0.016965,0.913253,0.127125,0.386678,0.501786,92.981812,15.650713,-0.007852,0.913985,0.017922,0.405275,-0.802494,111.715889,20.402960,0.049520,0.964941,-0.078379,0.245549,-1.323103,129.728882,20.878803,0.030708,0.978788,-0.195170,0.054227,1.327742,142.834793,17.618835,-0.080101,0.856557,0.210937,0.464112,-4.226028,124.307289,18.613649,0.153287,-0.614697,-0.079306,-0.769651,-13.519767,125.285736,4.767972,0.015356,-0.234856,-0.460436,-0.855924,-8.124777,123.740372,-17.828167,0.003576,0.118998,-0.496775,-0.859675,3.073233,142.519974,-27.835718,-0.116317,0.965354,0.135528,0.190246,0.500342,124.306068,23.830923,0.291907,0.844359,0.143068,-0.425886,15.543461,127.196014,30.493248,0.149799,0.174630,0.436171,-0.869954,26.412285,118.556129,11.803664,0.180297,-0.173022,0.606837,-0.754523,14.541385,133.574051,2.567948,0.013351,0.927645,0.207672,0.310110,-6.729803,86.221985,10.019943,0.131078,0.971550,-0.059887,0.187946,-3.120379,54.531815,-3.635162,0.033124,0.951255,-0.124425,0.280242,-15.514931,11.676854,-0.635219,-0.119283,0.933193,0.001215,0.338999,6.695388,85.337013,21.385960,0.058486,0.942176,-0.198590,0.263527,14.448121,51.629238,24.113213,0.029105,0.848835,-0.083143,0.521267,4.840551,10.749737,39.466797,0.033124,0.951255,-0.124425,0.280242,-9.340917,2.770366,-10.112154,0.029105,0.848835,-0.083143,0.521267,15.687233,2.849142,34.252750
612,5.100000,0.032023,0.939721,-0.016838,0.340023,-0.076661,85.753494,15.651992,0.017777,0.914132,0.127036,0.384589,0.440629,92.955765,15.580729,-0.009843,0.914602,0.018634,0.403806,-0.821103,111.665657,20.338749,0.049781,0.965396,-0.079034,0.243487,-1.416973,129.676437,20.809904,0.031410,0.979125,-0.194109,0.051467,1.234513,142.776596,17.527447,-0.079558,0.857216,0.212080,0.462465,-4.303834,124.241707,18.555738,0.151891,-0.615594,-0.079459,-0.769194,-13.651461,125.239990,4.747807,0.013915,-0.231398,-0.461308,-0.856420,-8.309007,123.732040,-17.863338,0.003771,0.122976,-0.497016,-0.858975,2.927856,142.577179,-27.702751,-0.116841,0.966205,0.137351,0.184206,0.438778,124.262512,23.758209,0.281947,0.851128,0.142626,-0.419219,15.553373,127.188835,30.240431,0.139764,0.190127,0.430287,-0.871304,26.950745,118.798660,11.753024,0.170688,-0.158630,0.595512,-0.768809,15.083185,133.631439,2.137868,0.012401,0.928646,0.207799,0.307056,-6.828629,86.182663,10.014791,0.130627,0.971241,-0.060076,0.189786,-3.200234,54.494442,-3.639802,0.033791,0.950842,-0.122938,0.282214,-15.565104,11.630964,-0.639019,-0.119513,0.933808,0.000935,0.337223,6.675306,85.324326,21.289194,0.058201,0.941984,-0.199413,0.263652,14.441280,51.620304,24.025194,0.030508,0.848418,-0.083263,0.521847,4.837104,10.767118,39.450790,0.033791,0.950842,-0.122938,0.282214,-9.350583,2.752782,-10.116037,0.030508,0.848418,-0.083263,0.521847,15.673092,2.846140,34.245430
613,5.108333,0.031793,0.941130,-0.017565,0.336088,-0.141891,85.710991,15.589613,0.017368,0.915548,0.126775,0.381311,0.375508,92.913116,15.505182,-0.008899,0.916048,0.017988,0.400567,-0.880929,111.643623,20.257080,0.048461,0.966445,-0.078567,0.239715,-1.434606,129.655914,20.722656,0.032030,0.979441,-0.193282,0.048078,1.160775,142.764694,17.429823,-0.080121,0.858812,0.212832,0.459048,-4.349140,124.226227,18.492043,0.150873,-0.616610,-0.080013,-0.768523,-13.798955,125.191452,4.751482,0.012442,-0.227823,-0.461976,-0.857042,-8.518939,123.722885,-17.876909,0.003470,0.126731,-0.497356,-0.858233,2.767288,142.627792,-27.543623,-0.118226,0.966901,0.138285,0.178893,0.430401,124.239540,23.660633,0.272068,0.857847,0.143078,-0.411832,15.598570,127.232086,29.985580,0.129200,0.208013,0.423864,-0.871996,27.536634,119.107941,11.721948,0.158347,-0.141625,0.583072,-0.784153,15.712982,133.733826,1.644043,0.011256,0.929658,0.208240,0.303718,-6.940974,86.134010,10.008860,0.129921,0.970892,-0.060550,0.191892,-3.278438,54.456650,-3.661817,0.033495,0.950693,-0.121344,0.283438,-15.597355,11.581835,-0.634213,-0.119941,0.934465,0.000496,0.335246,6.657192,85.287971,21.170366,0.058157,0.941932,-0.200384,0.263113,14.446053,51.591026,23.928352,0.032720,0.847963,-0.082693,0.522543,4.832649,10.772088,39.438629,0.033495,0.950693,-0.121344,0.283438,-9.344103,2.740603,-10.120290,0.032720,0.847963,-0.082693,0.522543,15.655014,2.834308,34.230526
614,5.116667,0.031265,0.942642,-0.018246,0.331837,-0.209217,85.685478,15.526618,0.016375,0.917475,0.127488,0.376454,0.303867,92.887733,15.428056,-0.009078,0.918273,0.016155,0.395514,-0.970435,111.573174,20.186987,0.048527,0.967583,-0.078529,0.235076,-1.501348,129.587585,20.592381,0.032686,0.980027,-0.191100,0.044265,1.072228,142.696915,17.284597,-0.078879,0.860104,0.213819,0.456378,-4.445558,124.152740,18.413944,0.149405,-0.617416,-0.080444,-0.768117,-13.983623,125.146255,4.736517,0.011300,-0.223042,-0.462652,-0.857950,-8.753138,123.728119,-17.906595,0.004147,0.131811,-0.498604,-0.856739,2.606695,142.696213,-27.360979,-0.120370,0.967401,0.140257,0.173133,0.390579,124.180153,23.529564,0.259702,0.865586,0.141944,-0.403941,15.609402,127.259171,29.689173,0.117933,0.226847,0.416098,-0.872636,28.153450,119.461479,11.691327,0.147339,-0.123542,0.571201,-0.797971,16.376898,133.844406,1.127696,0.009782,0.931078,0.208832,0.298976,-7.058895,86.097916,10.007278,0.129062,0.970537,-0.061042,0.194098,-3.358428,54.435539,-3.687884,0.033291,0.950561,-0.120167,0.284405,-15.619171,11.546188,-0.630179,-0.120085,0.935374,0.000052,0.332649,6.640461,85.273048,21.045958,0.057845,0.941881,-0.201402,0.262585,14.435922,51.578487,23.814451,0.029297,0.848162,-0.084684,0.522104,4.834578,10.792884,39.419613,0.033291,0.950561,-0.120167,0.284405,-9.336181,2.732212,-10.121968,0.029297,0.848162,-0.084684,0.522104,15.677476,2.859046,34.248348
615,5.125000,0.030512,0.944474,-0.019348,0.326594,-0.282139,85.648773,15.480012,0.017032,0.919059,0.126022,0.373041,0.225322,92.851105,15.360022,-0.009343,0.919488,0.016916,0.392643,-0.988319,111.575317,20.088390,0.047237,0.968609,-0.079742,0.230666,-1.537527,129.588654,20.516916,0.033581,0.980509,-0.189548,0.039334,0.987437,142.693481,17.154335,-0.078930,0.862147,0.214868,0.452000,-4.488982,124.152756,18.350904,0.146895,-0.618990,-0.079528,-0.767430,-14.159645,125.123962,4.765300,0.009921,-0.218336,-0.462697,-0.859152,-9.012938,123.731911,-17.898615,0.005673,0.137451,-0.499755,-0.855173,2.444804,142.745636,-27.140812,-0.121245,0.968453,0.141588,0.165382,0.378940,124.180199,23.436287,0.247585,0.872949,0.142082,-0.395569,15.678363,127.320732,29.360682,0.109274,0.244070,0.407192,-0.873318,28.820324,119.873764,11.643143,0.138582,-0.105110,0.561267,-0.809151,17.053467,133.967972,0.603300,0.008899,0.931596,0.210092,0.296499,-7.193435,86.045052,10.036828,0.128101,0.970075,-0.061693,0.196821,-3.446216,54.418129,-3.727368,0.033187,0.950334,-0.119090,0.285624,-15.644609,11.513824,-0.630316,-0.120303,0.936634,-0.000555,0.329004,6.629156,85.252502,20.923195,0.057790,0.941924,-0.202442,0.261643,14.435368,51.561592,23.705769,0.033129,0.847471,-0.083918,0.523119,4.831061,10.813001,39.405502,0.033187,0.950334,-0.119090,0.285624,-9.328374,2.724293,-10.122710,0.033129,0.847471,-0.083918,0.523119,15.645912,2.845363,34.227474
616,5.133333,0.030120,0.946404,-0.020478,0.320926,-0.365487,85.629005,15.420026,0.017003,0.921352,0.125595,0.367487,0.141120,92.831024,15.279736,-0.009813,0.921833,0.016662,0.387106,-1.038262,111.549446,19.997477,0.046875,0.970050,-0.078887,0.224904,-1.596937,129.562775,20.414305,0.034537,0.980812,-0.188884,0.033732,0.884222,142.676010,17.051865,-0.079077,0.863733,0.216485,0.448159,-4.569757,124.122299,18.289392,0.143928,-0.620625,-0.078245,-0.766803,-14.355153,125.081718,4.785350,0.008294,-0.212621,-0.462877,-0.860505,-9.293408,123.716118,-17.899300,0.007618,0.144364,-0.500791,-0.853410,2.274790,142.786728,-26.883081,-0.123189,0.969336,0.142724,0.157616,0.358833,124.158844,23.315939,0.234417,0.880321,0.142575,-0.386983,15.726179,127.396667,29.007582,0.098827,0.263845,0.397650,-0.873209,29.476547,120.356575,11.587942,0.126502,-0.084234,0.550214,-0.821077,17.778454,134.155762,-0.000231,0.007364,0.932652,0.211302,0.292329,-7.341845,86.015327,10.059758,0.127100,0.969709,-0.062170,0.199109,-3.532171,54.422081,-3.764500,0.033269,0.950068,-0.118603,0.286701,-15.660614,11.500200,-0.636419,-0.120577,0.938129,-0.001378,0.324613,6.610871,85.242683,20.780293,0.057586,0.942004,-0.203473,0.260599,14.429033,51.556469,23.586008,0.029949,0.847714,-0.086133,0.522556,4.836380,10.843179,39.384140,0.033269,0.950068,-0.118603,0.286701,-9.319846,2.720903,-10.121925,0.029949,0.847714,-0.086133,0.522556,15.665349,2.871809,34.241486
617,5.141667,0.028688,0.948606,-0.021211,0.314442,-0.433699,85.591042,15.374951,0.018398,0.923656,0.124364,0.362015,0.055650,92.793839,15.214644,-0.011610,0.923885,0.016849,0.382123,-1.029555,111.539818,19.919937,0.046030,0.971258,-0.079650,0.219536,-1.648406,129.551514,20.321232,0.035218,0.981262,-0.187275,0.028515,0.787625,142.662186,16.916059,-0.078807,0.866301,0.216968,0.442986,-4.624276,124.097847,18.234810,0.140612,-0.622501,-0.077423,-0.765981,-14.565107,125.028076,4.842712,0.006902,-0.206419,-0.462323,-0.862323,-9.606002,123.713707,-17.867622,0.010233,0.151430,-0.501555,-0.851708,2.111804,142.818146,-26.581615,-0.126485,0.970137,0.143558,0.149090,0.357740,124.158218,23.208179,0.221149,0.887385,0.143958,-0.378043,15.784961,127.542664,28.646942,0.087762,0.286882,0.387087,-0.871872,30.135256,120.938683,11.543250,0.111267,-0.061565,0.533723,-0.836044,18.596909,134.391891,-0.694779,0.006276,0.933655,0.213154,0.287775,-7.484098,85.952881,10.110708,0.125948,0.969454,-0.062800,0.200880,-3.634267,54.413151,-3.824187,0.033031,0.949840,-0.117656,0.287872,-15.681183,11.472267,-0.642351,-0.120541,0.939948,-0.002028,0.319319,6.616701,85.229202,20.639193,0.057556,0.942159,-0.204838,0.258968,14.433861,51.542549,23.442406,0.031812,0.847322,-0.086523,0.523018,4.841019,10.878819,39.367550,0.033031,0.949840,-0.117656,0.287872,-9.306988,2.715486,-10.126266,0.031812,0.847322,-0.086523,0.523018,15.649611,2.875594,34.231506
618,5.150000,0.027874,0.950801,-0.021899,0.307768,-0.509082,85.568924,15.306334,0.019462,0.926315,0.123345,0.355454,-0.028985,92.771950,15.129516,-0.013233,0.926499,0.016505,0.375701,-1.029492,111.544296,19.825575,0.046114,0.972611,-0.080289,0.213201,-1.695084,129.554962,20.197668,0.035356,0.981777,-0.185368,0.022435,0.714036,142.661026,16.755816,-0.078296,0.869161,0.216931,0.437459,-4.683597,124.088310,18.163944,0.135393,-0.624635,-0.074681,-0.765456,-14.789674,124.985214,4.893811,0.003662,-0.200299,-0.461302,-0.864331,-9.935095,123.709061,-17.841267,0.011647,0.159382,-0.500747,-0.850714,1.947799,142.848923,-26.248539,-0.128896,0.970962,0.143992,0.141012,0.366368,124.173615,23.067930,0.203930,0.895284,0.137323,-0.371514,15.851304,127.676460,28.262196,0.078668,0.306527,0.374646,-0.871489,30.770332,121.550438,11.470122,0.104325,-0.040703,0.527829,-0.841936,19.283405,134.624420,-1.354361,0.004966,0.934872,0.214645,0.282697,-7.633422,85.916992,10.141659,0.124713,0.969381,-0.063260,0.201857,-3.744987,54.420494,-3.880009,0.033079,0.949625,-0.117106,0.288799,-15.697757,11.457101,-0.647425,-0.120344,0.941455,-0.002840,0.314915,6.615259,85.220848,20.471010,0.057090,0.942422,-0.206368,0.256892,14.415014,51.531174,23.286304,0.031138,0.847617,-0.088102,0.522315,4.862947,10.918906,39.366524,0.033079,0.949625,-0.117106,0.288799,-9.301475,2.712168,-10.127397,0.031138,0.847617,-0.088102,0.522315,15.657818,2.892210,34.238262
619,5.158333,0.026950,0.953239,-0.023064,0.300128,-0.592855,85.540115,15.254509,0.020488,0.929295,0.121262,0.348263,-0.121866,92.743126,15.053808,-0.014543,0.929298,0.016880,0.368658,-1.022330,111.567726,19.705946,0.045860,0.974100,-0.080529,0.206257,-1.733931,129.576630,20.078218,0.035792,0.982127,-0.184092,0.015963,0.633765,142.682343,16.606401,-0.078202,0.872184,0.217278,0.431243,-4.737142,124.100235,18.092903,0.130560,-0.626947,-0.071804,-0.764680,-15.024117,124.951935,4.959498,0.000348,-0.193447,-0.460191,-0.866489,-10.284643,123.697113,-17.801041,0.013401,0.167728,-0.498319,-0.850509,1.777234,142.870575,-25.870079,-0.131807,0.971743,0.144247,0.132423,0.386125,124.202896,22.919922,0.187028,0.902391,0.134016,-0.364349,15.924168,127.843788,27.854162,0.068561,0.328992,0.361913,-0.869530,31.396420,122.258583,11.377081,0.094294,-0.018064,0.513752,-0.852550,20.083502,134.931900,-2.109656,0.003946,0.935976,0.216520,0.277582,-7.799897,85.870667,10.204702,0.122866,0.969624,-0.063707,0.201678,-3.885653,54.429626,-3.933781,0.034182,0.949747,-0.115582,0.288883,-15.688012,11.430401,-0.625778,-0.120252,0.943472,-0.003761,0.308845,6.614187,85.209564,20.304316,0.056725,0.942402,-0.207841,0.255857,14.406216,51.518768,23.127613,0.031540,0.847376,-0.089232,0.522491,4.870419,10.957345,39.345230,0.034182,0.949747,-0.115582,0.288883,-9.297832,2.711619,-10.133913,0.031540,0.847376,-0.089232,0.522491,15.653258,2.902795,34.235371
620,5.166667,0.026162,0.955621,-0.023861,0.292463,-0.664417,85.527077,15.180018,0.022149,0.932246,0.120255,0.340538,-0.202551,92.730148,14.961203,-0.016791,0.932233,0.016793,0.361080,-0.991759,111.582390,19.611763,0.044730,0.975683,-0.080441,0.198924,-1.774716,129.588852,19.957609,0.037016,0.982369,-0.183009,0.009459,0.524529,142.699570,16.458826,-0.078047,0.875209,0.218267,0.424591,-4.786042,124.095390,18.032656,0.125744,-0.629502,-0.069104,-0.763636,-15.264023,124.909447,5.048700,-0.003518,-0.186306,-0.458877,-0.868740,-10.656320,123.680771,-17.740314,0.014301,0.176544,-0.494531,-0.850921,1.594085,142.883896,-25.446629,-0.135408,0.972376,0.144903,0.123099,0.414098,124.230408,22.775951,0.169082,0.909061,0.130657,-0.357700,15.999588,128.033310,27.430424,0.062217,0.349011,0.347691,-0.868004,31.992977,123.052277,11.260073,0.087852,0.003577,0.505468,-0.858354,20.785316,135.252457,-2.878444,0.002826,0.937300,0.217913,0.271984,-7.952188,85.844505,10.246568,0.121528,0.969741,-0.063805,0.201898,-4.023320,54.444931,-3.979749,0.033965,0.949501,-0.115213,0.289863,-15.713964,11.417583,-0.640852,-0.120056,0.945773,-0.005253,0.301784,6.623355,85.209641,20.113468,0.056695,0.942919,-0.209193,0.252841,14.392358,51.516521,22.972290,0.032122,0.847207,-0.090577,0.522498,4.881939,11.005238,39.329540,0.033965,0.949501,-0.115213,0.289863,-9.297693,2.708459,-10.140271,0.032122,0.847207,-0.090577,0.522498,15.646465,2.916135,34.235649
621,5.175000,0.024890,0.958236,-0.024659,0.283825,-0.720569,85.502617,15.124287,0.023814,0.935505,0.118382,0.332039,-0.275032,92.706070,14.885052,-0.019549,0.935344,0.016690,0.352805,-0.938050,111.603256,19.504395,0.044517,0.977106,-0.081409,0.191456,-1.809572,129.606247,19.818571,0.037242,0.982754,-0.181104,0.002967,0.449592,142.710800,16.270891,-0.077903,0.878480,0.219697,0.417059,-4.825302,124.092140,17.960722,0.120860,-0.632026,-0.065987,-0.762615,-15.515833,124.866905,5.148768,-0.009091,-0.179603,-0.457144,-0.871022,-11.036769,123.653236,-17.666683,0.012038,0.184944,-0.488837,-0.852461,1.407895,142.881180,-24.990377,-0.139200,0.973156,0.143770,0.113671,0.456600,124.266670,22.611481,0.150583,0.915377,0.125578,-0.351626,16.081890,128.246323,26.975710,0.054812,0.369890,0.333383,-0.865467,32.551270,123.883911,11.107224,0.082790,0.024847,0.491469,-0.866595,21.533230,135.611313,-3.686860,0.001624,0.939131,0.219677,0.264146,-8.097165,85.799423,10.323342,0.120135,0.969886,-0.063824,0.202028,-4.176528,54.453026,-4.022019,0.034109,0.949249,-0.114452,0.290970,-15.749047,11.395803,-0.656857,-0.119618,0.948182,-0.006794,0.294273,6.656026,85.205818,19.925230,0.057256,0.943892,-0.210544,0.247912,14.387542,51.506699,22.814835,0.032663,0.847003,-0.091777,0.522586,4.887137,11.051804,39.316826,0.034109,0.949249,-0.114452,0.290970,-9.307109,2.702527,-10.153418,0.032663,0.847003,-0.091777,0.522586,15.636047,2.931710,34.239300
622,5.183333,0.024603,0.960713,-0.025785,0.275247,-0.801556,85.495880,15.048091,0.026261,0.938731,0.117248,0.323029,-0.357692,92.698708,14.788124,-0.022519,0.938601,0.016713,0.343864,-0.873328,111.631729,19.410667,0.042846,0.978804,-0.080891,0.183202,-1.842588,129.630173,19.697056,0.039072,0.982768,-0.180627,-0.003898,0.326296,142.744675,16.129869,-0.077957,0.882142,0.220346,0.408896,-4.861064,124.094154,17.910185,0.115885,-0.634462,-0.063164,-0.761603,-15.776541,124.806725,5.285677,-0.014920,-0.172970,-0.455459,-0.873164,-11.424169,123.623108,-17.555847,0.009228,0.193656,-0.481911,-0.854502,1.206939,142.872971,-24.492561,-0.143129,0.973900,0.142441,0.103650,0.506776,124.310837,22.459671,0.130794,0.921262,0.118713,-0.346519,16.167753,128.474518,26.513206,0.045886,0.391930,0.317616,-0.862210,33.062397,124.779129,10.924932,0.076150,0.047098,0.475091,-0.875369,22.282066,136.014465,-4.553832,0.000508,0.940676,0.220874,0.257570,-8.262869,85.787170,10.379556,0.118666,0.970208,-0.063441,0.201471,-4.348386,54.477215,-4.046831,0.033532,0.949019,-0.114290,0.291849,-15.786810,11.384252,-0.680639,-0.119197,0.950043,-0.007868,0.288355,6.659756,85.204582,19.716627,0.056748,0.944205,-0.212367,0.245267,14.360216,51.499569,22.620338,0.033642,0.846960,-0.093241,0.522334,4.910890,11.108452,39.306850,0.033532,0.949019,-0.114290,0.291849,-9.316943,2.698516,-10.165101,0.033642,0.846960,-0.093241,0.522334,15.631925,2.946255,34.237915
623,5.191667,0.023594,0.963265,-0.026072,0.266240,-0.851603,85.480156,14.970560,0.028088,0.942111,0.116002,0.313338,-0.423113,92.683479,14.698575,-0.025812,0.942003,0.016578,0.334200,-0.809109,111.645935,19.308546,0.041918,0.980441,-0.080369,0.174698,-1.885491,129.638809,19.560572,0.040405,0.982772,-0.180020,-0.010946,0.211251,142.760941,15.978373,-0.077750,0.885627,0.222190,0.400315,-4.904842,124.078537,17.852201,0.113876,-0.636763,-0.062980,-0.759999,-16.053394,124.749664,5.430725,-0.019379,-0.165095,-0.453812,-0.875456,-11.836132,123.601974,-17.437962,0.006327,0.201708,-0.474329,-0.856905,0.995047,142.862411,-23.966063,-0.147718,0.974431,0.141145,0.093502,0.553017,124.342873,22.290714,0.109992,0.926723,0.110531,-0.341863,16.236246,128.710815,26.031176,0.036257,0.414248,0.301164,-0.858129,33.513405,125.723854,10.712653,0.070050,0.069129,0.456675,-0.884173,23.026794,136.463074,-5.452392,-0.000419,0.942371,0.222489,0.249872,-8.399666,85.758194,10.442786,0.117268,0.970393,-0.063472,0.201387,-4.514602,54.497944,-4.098866,0.032748,0.948778,-0.114162,0.292770,-15.833757,11.375848,-0.702800,-0.118818,0.952381,-0.009341,0.280652,6.696458,85.202118,19.498335,0.056206,0.944060,-0.214344,0.244231,14.366752,51.492607,22.429541,0.034556,0.846933,-0.094980,0.522004,4.940454,11.171439,39.297260,0.032748,0.948778,-0.114162,0.292770,-9.332355,2.698368,-10.173244,0.034556,0.846933,-0.094980,0.522004,15.631016,2.962548,34.239380
624,5.200000,0.022741,0.965814,-0.026933,0.256829,-0.906720,85.477837,14.905578,0.029260,0.945778,0.114529,0.302541,-0.489611,92.681068,14.614250,-0.028031,0.945825,0.016594,0.323038,-0.761996,111.654160,19.188467,0.040338,0.982203,-0.079610,0.165263,-1.911120,129.642715,19.427876,0.042008,0.982733,-0.179323,-0.017732,0.090121,142.776154,15.832496,-0.077021,0.889473,0.223013,0.391371,-4.945359,124.065636,17.802677,0.110690,-0.639276,-0.061544,-0.758476,-16.334244,124.692795,5.598841,-0.024963,-0.157509,-0.451961,-0.877667,-12.258018,123.571442,-17.296711,0.002605,0.209897,-0.466593,-0.859202,0.771484,142.837234,-23.402502,-0.152945,0.974766,0.139180,0.084072,0.614108,124.363449,22.111057,0.088385,0.931362,0.101022,-0.338448,16.300777,128.953247,25.560078,0.024845,0.437622,0.283387,-0.852972,33.885689,126.712166,10.466112,0.061658,0.091712,0.435041,-0.893603,23.763269,136.953354,-6.406236,-0.001019,0.944032,0.223615,0.242484,-8.542182,85.742844,10.525992,0.115630,0.970807,-0.062875,0.200523,-4.712866,54.517479,-4.105128,0.032292,0.948583,-0.113562,0.293684,-15.878597,11.354527,-0.720194,-0.118380,0.955023,-0.010554,0.271671,6.728742,85.212830,19.285164,0.056352,0.944896,-0.216476,0.239026,14.374789,51.497795,22.216213,0.034835,0.847042,-0.098494,0.521158,4.986168,11.260256,39.303226,0.032292,0.948583,-0.113562,0.293684,-9.348073,2.693509,-10.185669,0.034835,0.847042,-0.098494,0.521158,15.632552,2.977390,34.272839
625,5.208333,0.022533,0.968297,-0.027478,0.247263,-0.956954,85.491310,14.819214,0.031616,0.949240,0.113949,0.291479,-0.543718,92.694252,14.515410,-0.031603,0.949503,0.015934,0.311754,-0.668819,111.666916,19.097790,0.039194,0.983824,-0.078889,0.155981,-1.929786,129.648560,19.288054,0.042864,0.982640,-0.178797,-0.024754,-0.011522,142.791595,15.682504,-0.076211,0.893176,0.224624,0.382064,-4.964862,124.044952,17.758480,0.107379,-0.642211,-0.059676,-0.756620,-16.598379,124.637970,5.785875,-0.030316,-0.149595,-0.450122,-0.879825,-12.686732,123.529350,-17.138988,0.000159,0.217889,-0.459579,-0.860995,0.539392,142.793289,-22.812630,-0.159277,0.974899,0.136513,0.074615,0.692456,124.397507,21.933281,0.067043,0.935082,0.091383,-0.335822,16.363213,129.244858,25.089911,0.013036,0.460896,0.264286,-0.847088,34.185070,127.754677,10.182188,0.050793,0.115171,0.412706,-0.902125,24.463070,137.483109,-7.405363,-0.001634,0.945690,0.224516,0.235076,-8.677514,85.755928,10.591423,0.113948,0.971508,-0.062151,0.198308,-4.908009,54.558693,-4.115048,0.031839,0.948445,-0.113624,0.294156,-15.909576,11.353127,-0.736290,-0.117534,0.957199,-0.011799,0.264230,6.763606,85.226700,19.047005,0.055945,0.945767,-0.218904,0.233403,14.353890,51.499725,21.985687,0.037096,0.847490,-0.100420,0.519904,5.053423,11.352623,39.331680,0.031839,0.948445,-0.113624,0.294156,-9.362844,2.693922,-10.192222,0.037096,0.847490,-0.100420,0.519904,15.637961,3.001804,34.283157
626,5.216667,0.022130,0.970709,-0.027967,0.237595,-1.008375,85.514847,14.741442,0.033740,0.952784,0.113077,0.279781,-0.602159,92.717651,14.425299,-0.035182,0.953280,0.015438,0.299634,-0.582301,111.692635,18.999756,0.038045,0.985423,-0.078016,0.146312,-1.958246,129.666214,19.150280,0.044177,0.982464,-0.178365,-0.031594,-0.125728,142.819916,15.539065,-0.075199,0.896901,0.226418,0.372355,-4.993392,124.036469,17.720085,0.104747,-0.644886,-0.057545,-0.754876,-16.876719,124.599792,5.993924,-0.034159,-0.140960,-0.448363,-0.882006,-13.113767,123.477051,-16.955133,-0.000306,0.226560,-0.454348,-0.861532,0.268029,142.668137,-22.181839,-0.165397,0.974916,0.133979,0.065052,0.764894,124.443542,21.749344,0.044203,0.938377,0.076268,-0.334183,16.413889,129.539444,24.608458,-0.002155,0.484443,0.243108,-0.840362,34.405190,128.794800,9.849113,0.037301,0.137951,0.389256,-0.909977,25.129360,138.031723,-8.440380,-0.002106,0.947223,0.225413,0.227931,-8.811813,85.776161,10.668439,0.112207,0.972252,-0.061289,0.195909,-5.108202,54.607082,-4.114272,0.031488,0.948326,-0.113780,0.294516,-15.937483,11.356771,-0.751377,-0.116470,0.959786,-0.012882,0.255106,6.795063,85.253525,18.814445,0.055506,0.946705,-0.222392,0.226298,14.323923,51.511131,21.734091,0.041900,0.848379,-0.102673,0.517645,5.124435,11.497322,39.438225,0.031488,0.948326,-0.113780,0.294516,-9.378854,2.696601,-10.198177,0.041900,0.848379,-0.102673,0.517645,15.597527,3.039762,34.335251
627,5.225000,0.021717,0.973080,-0.028414,0.227675,-1.050909,85.553345,14.655005,0.036693,0.956300,0.112390,0.267417,-0.652277,92.756058,14.327091,-0.040292,0.956995,0.015174,0.286892,-0.455779,111.728958,18.905975,0.037465,0.986912,-0.077226,0.136516,-2.002943,129.688919,19.012779,0.045546,0.982185,-0.178180,-0.038601,-0.241345,142.851105,15.397145,-0.073739,0.900752,0.228036,0.362227,-5.019491,124.023460,17.688145,0.102893,-0.647487,-0.055954,-0.753022,-17.158648,124.564026,6.225932,-0.035957,-0.131564,-0.446352,-0.884402,-13.543807,123.423790,-16.746054,0.001948,0.236028,-0.449910,-0.861318,-0.007620,142.500061,-21.535992,-0.172037,0.974728,0.131506,0.054912,0.838583,124.505066,21.562357,0.023388,0.940248,0.067451,-0.332923,16.453360,129.866089,24.106350,-0.013551,0.506259,0.222109,-0.833178,34.549313,129.887756,9.456597,0.023106,0.159277,0.365927,-0.916621,25.745022,138.581253,-9.514059,-0.002267,0.948643,0.226269,0.221073,-8.935956,85.811600,10.742125,0.110295,0.972889,-0.060512,0.194064,-5.315666,54.669380,-4.117624,0.031258,0.948171,-0.114316,0.294834,-15.961441,11.372572,-0.767177,-0.115284,0.962201,-0.013625,0.246358,6.834138,85.295090,18.567884,0.054444,0.947376,-0.225536,0.220562,14.298473,51.535011,21.448349,0.047154,0.848883,-0.104132,0.516073,5.237670,11.636671,39.481552,0.031258,0.948171,-0.114316,0.294834,-9.395486,2.702197,-10.199517,0.047154,0.848883,-0.104132,0.516073,15.608250,3.083931,34.328114
628,5.233333,0.020976,0.975466,-0.028817,0.217246,-1.080202,85.600281,14.572637,0.039496,0.959648,0.111852,0.254961,-0.694281,92.803116,14.232469,-0.044785,0.960533,0.014718,0.274142,-0.328013,111.772385,18.815956,0.036626,0.988342,-0.076282,0.126570,-2.024434,129.719055,18.883003,0.046989,0.981763,-0.178450,-0.045709,-0.341846,142.891479,15.267041,-0.072866,0.904580,0.229784,0.351605,-5.026438,124.022362,17.663456,0.100046,-0.650180,-0.053128,-0.751288,-17.423197,124.519493,6.478331,-0.037295,-0.122068,-0.444350,-0.886714,-13.956717,123.349129,-16.515003,0.005784,0.246796,-0.447314,-0.859633,-0.272383,142.309250,-20.875824,-0.179803,0.974211,0.128983,0.044116,0.926968,124.571228,21.380209,0.002821,0.941357,0.057538,-0.332457,16.486179,130.233185,23.590864,-0.023481,0.526976,0.200831,-0.825477,34.621674,131.000244,9.010220,0.010141,0.178091,0.343990,-0.921874,26.319679,139.128845,-10.622440,-0.002642,0.950466,0.226620,0.212723,-9.047534,85.850388,10.829596,0.108351,0.973724,-0.059192,0.191359,-5.528192,54.719318,-4.077708,0.030932,0.948149,-0.114321,0.294937,-15.975748,11.370378,-0.777675,-0.113800,0.964782,-0.014467,0.236718,6.887131,85.350174,18.315680,0.053311,0.948638,-0.229278,0.211367,14.268003,51.568127,21.153446,0.051560,0.850626,-0.107822,0.512007,5.411895,11.811054,39.595692,0.030932,0.948149,-0.114321,0.294937,-9.403006,2.702179,-10.207290,0.051560,0.850626,-0.107822,0.512007,15.637100,3.129995,34.366863
629,5.241667,0.020151,0.977719,-0.028783,0.206956,-1.098731,85.658920,14.483410,0.042292,0.962869,0.110964,0.242451,-0.728160,92.862274,14.137210,-0.049322,0.963892,0.014737,0.261269,-0.188769,111.830345,18.708555,0.035478,0.989718,-0.074673,0.116718,-2.041627,129.761597,18.756073,0.048542,0.981196,-0.179309,-0.052406,-0.447543,142.949890,15.157896,-0.071489,0.908438,0.231772,0.340457,-5.024260,124.034241,17.636812,0.097853,-0.652780,-0.050099,-0.749528,-17.685390,124.500786,6.750494,-0.036879,-0.112088,-0.442056,-0.889192,-14.362121,123.274933,-16.261089,0.012146,0.258059,-0.445054,-0.857429,-0.525989,142.094147,-20.210964,-0.187100,0.973606,0.126466,0.033049,1.020177,124.649391,21.192780,-0.017465,0.941634,0.048336,-0.332691,16.518476,130.595535,23.058262,-0.030766,0.545727,0.179684,-0.817893,34.632893,132.110138,8.509933,-0.000706,0.194536,0.324827,-0.925550,26.820549,139.640350,-11.761230,-0.002758,0.951850,0.227503,0.205468,-9.143537,85.901001,10.909361,0.106623,0.974375,-0.058406,0.189247,-5.717764,54.797829,-4.077754,0.030992,0.947965,-0.115346,0.295122,-15.996536,11.407387,-0.793110,-0.112247,0.967775,-0.015106,0.224909,6.946074,85.416832,18.057459,0.052189,0.949862,-0.233392,0.201413,14.248192,51.611744,20.823652,0.056594,0.852302,-0.112283,0.507711,5.611531,12.014302,39.708118,0.030992,0.947965,-0.115346,0.295122,-9.425906,2.716206,-10.203026,0.056594,0.852302,-0.112283,0.507711,15.670931,3.183812,34.408375
630,5.250000,0.019585,0.979835,-0.028356,0.196815,-1.130851,85.740021,14.372173,0.045622,0.965953,0.110537,0.229424,-0.773101,92.944046,14.026566,-0.054557,0.967169,0.014788,0.247767,-0.042813,111.904381,18.603477,0.034720,0.990970,-0.073649,0.106534,-2.077324,129.815979,18.631796,0.050508,0.980578,-0.180002,-0.059294,-0.560975,143.014679,15.038172,-0.070410,0.912220,0.233769,0.329014,-5.030827,124.054024,17.617792,0.096192,-0.655011,-0.047609,-0.747958,-17.953020,124.477768,7.040881,-0.035492,-0.101922,-0.439755,-0.891610,-14.754253,123.202003,-15.985617,0.019599,0.269107,-0.443103,-0.854902,-0.765856,141.887527,-19.539862,-0.194676,0.972730,0.124189,0.021793,1.102725,124.745354,21.003069,-0.037580,0.941276,0.037511,-0.333436,16.525021,130.981415,22.518984,-0.036263,0.563293,0.159035,-0.809996,34.564762,133.210999,7.969889,-0.007573,0.209186,0.306951,-0.928421,27.268454,140.129227,-12.912798,-0.003247,0.953522,0.227261,0.197831,-9.248170,85.979713,10.965863,0.104870,0.975168,-0.056942,0.186566,-5.913608,54.869072,-4.026328,0.029495,0.947965,-0.116259,0.294917,-16.008642,11.430380,-0.810422,-0.110895,0.970449,-0.015614,0.213747,6.986467,85.500336,17.778482,0.050796,0.951131,-0.237815,0.190297,14.222531,51.675396,20.474745,0.059003,0.854779,-0.118933,0.501724,5.855198,12.251512,39.837521,0.029495,0.947965,-0.116259,0.294917,-9.425867,2.729548,-10.202907,0.059003,0.854779,-0.118933,0.501724,15.739426,3.261334,34.477020
631,5.258333,0.017902,0.981926,-0.028098,0.186312,-1.147313,85.812393,14.280817,0.049049,0.968898,0.110069,0.216137,-0.817831,93.017540,13.930520,-0.059601,0.970297,0.014171,0.234029,0.108618,111.969246,18.507677,0.034071,0.992220,-0.071540,0.096027,-2.095970,129.860733,18.500523,0.052227,0.979771,-0.181292,-0.066746,-0.658496,143.077560,14.941269,-0.068555,0.916255,0.234826,0.317228,-5.021207,124.065735,17.599100,0.094505,-0.657446,-0.045005,-0.746196,-18.206461,124.455940,7.350665,-0.034892,-0.092500,-0.437044,-0.893991,-15.145318,123.126541,-15.691504,0.025756,0.278875,-0.439563,-0.853434,-1.008990,141.661972,-18.864969,-0.202251,0.971686,0.121670,0.010825,1.197425,124.833275,20.808147,-0.057355,0.940069,0.027528,-0.334996,16.531219,131.354874,21.981655,-0.037251,0.577701,0.140402,-0.803220,34.434978,134.294968,7.390888,-0.008448,0.221906,0.295941,-0.929035,27.589148,140.568649,-14.041831,-0.003660,0.955086,0.227622,0.189698,-9.336617,86.029800,11.049826,0.103238,0.975802,-0.055715,0.184522,-6.097836,54.930771,-3.987380,0.029288,0.947812,-0.116940,0.295162,-16.025726,11.449343,-0.829159,-0.109461,0.973194,-0.015661,0.201659,7.041990,85.594994,17.511808,0.049128,0.952052,-0.243010,0.179248,14.214778,51.748230,20.101143,0.065755,0.857287,-0.124849,0.495125,6.136930,12.532783,40.002636,0.029288,0.947812,-0.116940,0.295162,-9.438231,2.735035,-10.205829,0.065755,0.857287,-0.124849,0.495125,15.780934,3.348847,34.534111
632,5.266667,0.016681,0.983943,-0.027590,0.175545,-1.152116,85.907837,14.169225,0.051931,0.971707,0.109826,0.202551,-0.845117,93.114006,13.819456,-0.064725,0.973252,0.013947,0.219993,0.256342,112.056435,18.396231,0.033578,0.993346,-0.069507,0.085467,-2.125443,129.925186,18.372240,0.054153,0.978912,-0.182552,-0.073979,-0.761858,143.158981,14.847189,-0.066835,0.920277,0.236040,0.304808,-5.017323,124.097534,17.580250,0.093043,-0.659588,-0.042055,-0.744660,-18.468458,124.446335,7.681814,-0.035114,-0.084025,-0.434078,-0.896261,-15.526678,123.046921,-15.371757,0.029616,0.287487,-0.435610,-0.852478,-1.251329,141.422791,-18.187595,-0.209991,0.970442,0.118940,-0.000143,1.282063,124.941269,20.607519,-0.076727,0.938354,0.015527,-0.336694,16.513174,131.749969,21.437317,-0.039602,0.591388,0.121860,-0.796142,34.242882,135.345963,6.781061,-0.008277,0.232490,0.281944,-0.930799,27.865934,141.018173,-15.165804,-0.004233,0.956775,0.227500,0.181129,-9.410785,86.111626,11.118954,0.101573,0.976455,-0.054387,0.182375,-6.270413,55.009045,-3.931773,0.029548,0.947732,-0.117932,0.294998,-16.026628,11.484048,-0.839333,-0.108345,0.975957,-0.015595,0.188482,7.106553,85.704056,17.219496,0.047765,0.952944,-0.248469,0.166972,14.239920,51.840271,19.692657,0.073145,0.859040,-0.133226,0.488826,6.459554,12.852952,40.153034,0.029548,0.947732,-0.117932,0.294998,-9.451363,2.746074,-10.202559,0.073145,0.859040,-0.133226,0.488826,15.831100,3.425123,34.626152
633,5.275000,0.015023,0.985864,-0.027045,0.164664,-1.166744,86.019722,14.061575,0.054910,0.974410,0.109307,0.188581,-0.888529,93.227081,13.712227,-0.069636,0.976083,0.014024,0.205468,0.395443,112.161514,18.274483,0.031976,0.994408,-0.067418,0.074730,-2.159036,130.006393,18.252159,0.056646,0.978038,-0.183771,-0.080378,-0.899269,143.259628,14.761627,-0.065343,0.924094,0.237081,0.292530,-5.016331,124.148132,17.567865,0.092389,-0.661893,-0.039892,-0.742813,-18.719084,124.447807,8.019122,-0.036457,-0.076545,-0.431326,-0.898204,-15.910910,122.980103,-15.046867,0.030537,0.294787,-0.429583,-0.853010,-1.517500,141.208969,-17.524155,-0.217437,0.968996,0.116804,-0.011205,1.360780,125.064560,20.405321,-0.095356,0.936031,0.004004,-0.338727,16.481375,132.147324,20.891088,-0.044055,0.603762,0.103038,-0.789249,33.997856,136.366730,6.144925,-0.010099,0.243069,0.264835,-0.933101,28.068108,141.492722,-16.272268,-0.004662,0.958111,0.227299,0.174173,-9.491537,86.202141,11.195243,0.099705,0.977042,-0.052982,0.180665,-6.434499,55.093487,-3.860093,0.031308,0.947712,-0.118944,0.294472,-16.001812,11.521376,-0.841816,-0.107305,0.978629,-0.015223,0.174755,7.158050,85.837311,16.927906,0.045856,0.953818,-0.254144,0.153424,14.260252,51.957176,19.262848,0.079496,0.861736,-0.142813,0.480307,6.862215,13.208946,40.310787,0.031308,0.947712,-0.118944,0.294472,-9.467979,2.748822,-10.201712,0.079496,0.861736,-0.142813,0.480307,15.927526,3.530624,34.706638
634,5.283333,0.013224,0.987687,-0.026303,0.153647,-1.160893,86.136726,13.950193,0.057179,0.976896,0.109112,0.174642,-0.913898,93.345390,13.604340,-0.073829,0.978715,0.013866,0.190980,0.522722,112.271568,18.155321,0.032324,0.995272,-0.065662,0.063856,-2.177904,130.094925,18.136248,0.057655,0.977128,-0.184791,-0.088025,-0.968786,143.361023,14.676821,-0.064192,0.927844,0.237674,0.280170,-5.005716,124.210861,17.559252,0.091553,-0.664296,-0.037475,-0.740895,-18.949934,124.445679,8.364837,-0.039913,-0.070459,-0.428696,-0.899812,-16.281437,122.906578,-14.713065,0.028078,0.299712,-0.421776,-0.855271,-1.777475,141.012238,-16.870058,-0.224804,0.967302,0.115268,-0.022419,1.443791,125.190941,20.205345,-0.113466,0.933061,-0.008113,-0.341259,16.442934,132.542084,20.346560,-0.051349,0.614709,0.083503,-0.782639,33.703156,137.343063,5.476630,-0.015486,0.252238,0.245321,-0.935924,28.189260,141.983978,-17.354340,-0.004960,0.959551,0.227134,0.166273,-9.548347,86.295586,11.271262,0.097937,0.977456,-0.051735,0.179755,-6.597487,55.181946,-3.794946,0.032671,0.947591,-0.120159,0.294221,-15.989608,11.566910,-0.847211,-0.106237,0.981022,-0.014549,0.161549,7.226560,85.977867,16.629124,0.043203,0.954208,-0.260204,0.141117,14.295379,52.080513,18.810453,0.084542,0.865223,-0.153937,0.469623,7.325300,13.589865,40.468250,0.032671,0.947591,-0.120159,0.294221,-9.486837,2.758250,-10.194816,0.084542,0.865223,-0.153937,0.469623,16.051249,3.651232,34.781639
635,5.291667,0.011621,0.989444,-0.025730,0.142140,-1.157484,86.277855,13.837492,0.058865,0.979181,0.108611,0.161070,-0.938599,93.487526,13.493675,-0.077383,0.981038,0.014719,0.177086,0.628544,112.410332,18.015562,0.032133,0.995940,-0.064750,0.053657,-2.202470,130.213425,18.042130,0.058661,0.976299,-0.185666,-0.094487,-1.053051,143.487366,14.592372,-0.063483,0.931379,0.238247,0.267847,-5.002060,124.307800,17.554863,0.090834,-0.666839,-0.035114,-0.738811,-19.174913,124.464378,8.715216,-0.043020,-0.064424,-0.425891,-0.901452,-16.656084,122.851883,-14.374495,0.025976,0.304604,-0.414551,-0.857140,-2.048750,140.813629,-16.221090,-0.231348,0.965482,0.114534,-0.034703,1.511881,125.339958,20.016918,-0.131227,0.929756,-0.019594,-0.343438,16.387861,132.934967,19.782791,-0.061478,0.624162,0.062982,-0.776322,33.376236,138.302963,4.794161,-0.023367,0.259824,0.220690,-0.939809,28.256842,142.500000,-18.322857,-0.005091,0.960780,0.226742,0.159577,-9.605583,86.415955,11.355193,0.096275,0.978040,-0.050096,0.177931,-6.755455,55.290043,-3.705051,0.030622,0.947754,-0.122161,0.293089,-15.972784,11.631221,-0.855532,-0.105332,0.983375,-0.014185,0.147230,7.290616,86.139748,16.319792,0.040524,0.954803,-0.266216,0.125848,14.333248,52.228390,18.363827,0.090432,0.869299,-0.166515,0.456524,7.877258,14.000738,40.638000,0.030622,0.947754,-0.122161,0.293089,-9.475187,2.792838,-10.178644,0.090432,0.869299,-0.166515,0.456524,16.193735,3.772815,34.851639
636,5.300000,0.009579,0.991072,-0.025064,0.130599,-1.145958,86.417770,13.729954,0.060953,0.981282,0.108395,0.147038,-0.961575,93.628548,13.389265,-0.081960,0.983140,0.015345,0.162736,0.751095,112.543419,17.891537,0.031922,0.996562,-0.063134,0.043121,-2.244080,130.319534,17.954582,0.060372,0.975275,-0.186925,-0.101253,-1.157022,143.606232,14.533893,-0.062525,0.934554,0.238816,0.256253,-5.001296,124.386894,17.563358,0.090716,-0.669358,-0.033069,-0.736639,-19.381193,124.479233,9.063739,-0.046552,-0.059241,-0.423553,-0.902733,-17.012600,122.786057,-14.036091,0.022531,0.308308,-0.406257,-0.859880,-2.322051,140.627319,-15.600247,-0.237252,0.963693,0.113483,-0.046148,1.571033,125.486244,19.833691,-0.147971,0.925846,-0.029240,-0.346495,16.323662,133.299667,19.247421,-0.071801,0.631574,0.043151,-0.770777,32.996140,139.207245,4.107794,-0.032535,0.264906,0.196227,-0.943537,28.223177,142.987854,-19.154736,-0.005963,0.962300,0.226422,0.150583,-9.650257,86.527321,11.446068,0.094936,0.978392,-0.048689,0.177107,-6.886214,55.392040,-3.610852,0.031017,0.947737,-0.124081,0.292296,-15.963417,11.697886,-0.854538,-0.104642,0.985622,-0.013165,0.132011,7.358342,86.308220,16.013840,0.037315,0.954923,-0.272490,0.111712,14.394477,52.384865,17.872801,0.094660,0.873941,-0.180906,0.441066,8.485949,14.437106,40.768833,0.031017,0.947737,-0.124081,0.292296,-9.498252,2.814774,-10.157661,0.094660,0.873941,-0.180906,0.441066,16.356594,3.910340,34.895481
637,5.308333,0.007444,0.992597,-0.024901,0.118643,-1.126885,86.567558,13.628978,0.062988,0.983133,0.108261,0.133272,-0.977510,93.778976,13.284767,-0.086414,0.984956,0.015504,0.148844,0.876637,112.685135,17.767557,0.032393,0.997005,-0.062059,0.032876,-2.275211,130.434036,17.854385,0.061250,0.974368,-0.187416,-0.108313,-1.229458,143.728348,14.450455,-0.061804,0.937753,0.239239,0.244059,-4.988820,124.475754,17.559843,0.090702,-0.672014,-0.031565,-0.734285,-19.575533,124.490181,9.419747,-0.048455,-0.053897,-0.421111,-0.904109,-17.368284,122.731140,-13.691139,0.021457,0.313029,-0.400416,-0.860941,-2.590039,140.447342,-15.000200,-0.242684,0.961836,0.112649,-0.057321,1.633897,125.641632,19.642836,-0.163360,0.921604,-0.035874,-0.350246,16.260818,133.655655,18.714245,-0.082157,0.637065,0.025088,-0.766008,32.588501,140.081100,3.410655,-0.040790,0.267516,0.170065,-0.947549,28.091263,143.522614,-19.959206,-0.005880,0.963533,0.226254,0.142757,-9.684310,86.645660,11.551566,0.093088,0.979040,-0.047139,0.174907,-7.049927,55.505013,-3.517513,0.031808,0.947858,-0.125872,0.291050,-15.937090,11.766521,-0.846485,-0.103634,0.987700,-0.012970,0.116364,7.430541,86.489456,15.706388,0.033791,0.955258,-0.278378,0.094054,14.428529,52.551182,17.432117,0.098538,0.879741,-0.194953,0.422303,9.200620,14.871040,40.927811,0.031808,0.947858,-0.125872,0.291050,-9.519100,2.838795,-10.139563,0.098538,0.879741,-0.194953,0.422303,16.573275,4.062769,34.921028
638,5.316667,0.005132,0.993996,-0.024836,0.106437,-1.082162,86.723442,13.534176,0.064785,0.984722,0.108476,0.119825,-0.970314,93.935333,13.185527,-0.091138,0.986448,0.015657,0.135530,1.012657,112.830711,17.658621,0.032138,0.997374,-0.060623,0.023180,-2.305155,130.549210,17.770121,0.062461,0.973413,-0.188268,-0.114549,-1.317166,143.854874,14.393404,-0.061198,0.940743,0.239627,0.232026,-4.968593,124.564507,17.567587,0.091125,-0.674847,-0.030010,-0.731695,-19.749187,124.498604,9.785345,-0.050206,-0.049342,-0.418636,-0.905422,-17.715185,122.657524,-13.335055,0.020569,0.315984,-0.394713,-0.862516,-2.852788,140.249680,-14.425954,-0.247398,0.959880,0.112421,-0.069177,1.695623,125.800415,19.470020,-0.179006,0.916855,-0.044776,-0.354019,16.195246,133.993866,18.180836,-0.093706,0.640388,0.006373,-0.762288,32.149757,140.898117,2.693279,-0.050785,0.267110,0.146088,-0.951174,27.828318,144.017868,-20.754803,-0.005914,0.964871,0.226025,0.133799,-9.688488,86.766724,11.668548,0.091394,0.979728,-0.045190,0.172447,-7.194064,55.618931,-3.409561,0.032828,0.947867,-0.127957,0.289997,-15.898121,11.836397,-0.859759,-0.102299,0.989636,-0.013077,0.099922,7.524162,86.680153,15.399805,0.029712,0.955378,-0.283908,0.075941,14.458474,52.722996,17.007120,0.095380,0.886468,-0.214477,0.398845,9.992083,15.297765,41.060703,0.032828,0.947867,-0.127957,0.289997,-9.528114,2.856310,-10.135388,0.095380,0.886468,-0.214477,0.398845,16.845131,4.176436,35.010254
639,5.325000,0.002878,0.995263,-0.025038,0.093896,-1.019633,86.884628,13.442503,0.066048,0.986207,0.108449,0.106170,-0.944314,94.096634,13.086517,-0.095392,0.987811,0.015915,0.121967,1.148944,112.985786,17.535561,0.032000,0.997619,-0.059615,0.013385,-2.318352,130.675385,17.682888,0.063136,0.972516,-0.188800,-0.120748,-1.384756,143.989212,14.322868,-0.061257,0.943550,0.240230,0.219658,-4.934232,124.667374,17.570684,0.090979,-0.677603,-0.028670,-0.729215,-19.901217,124.499298,10.154828,-0.049986,-0.044194,-0.416003,-0.906912,-18.037119,122.602165,-12.975362,0.023952,0.319599,-0.393225,-0.861776,-3.088096,140.057495,-13.862535,-0.252044,0.957497,0.113985,-0.081731,1.767985,125.966751,19.288366,-0.193085,0.912014,-0.051790,-0.358144,16.126802,134.340530,17.633707,-0.103941,0.641911,-0.010788,-0.759625,31.700605,141.676773,1.958378,-0.060494,0.264394,0.124648,-0.954410,27.476702,144.491653,-21.545984,-0.005989,0.966309,0.225708,0.123561,-9.670528,86.893669,11.795313,0.089721,0.980404,-0.043063,0.170011,-7.333765,55.736000,-3.287656,0.033720,0.947868,-0.130240,0.288871,-15.854443,11.909580,-0.876245,-0.100674,0.991057,-0.013310,0.086568,7.631262,86.875587,15.089692,0.025462,0.955301,-0.289097,0.056348,14.474633,52.895973,16.609776,0.093080,0.893011,-0.232123,0.374148,10.842741,15.715692,41.178204,0.033720,0.947868,-0.130240,0.288871,-9.533270,2.873909,-10.131280,0.093080,0.893011,-0.232123,0.374148,17.153168,4.311214,35.064888
640,5.333333,0.000860,0.996372,-0.025484,0.081190,-0.954022,87.042137,13.349030,0.066765,0.987583,0.108374,0.092077,-0.911771,94.253929,12.983322,-0.099647,0.989004,0.017184,0.107921,1.272626,113.139984,17.401550,0.032638,0.997782,-0.057917,0.003332,-2.347355,130.798157,17.626560,0.063729,0.971344,-0.190342,-0.127275,-1.448011,144.123352,14.302511,-0.061002,0.946426,0.239930,0.207342,-4.911471,124.766907,17.594784,0.091442,-0.680233,-0.027572,-0.726747,-20.055185,124.500099,10.549905,-0.048835,-0.040011,-0.413483,-0.908320,-18.354502,122.536743,-12.587340,0.027620,0.323131,-0.392066,-0.860876,-3.320837,139.870056,-13.328910,-0.255617,0.955405,0.114332,-0.093755,1.824522,126.128349,19.121662,-0.206873,0.906913,-0.058111,-0.362402,16.052229,134.645447,17.105488,-0.113761,0.641998,-0.026681,-0.757750,31.226366,142.401169,1.241264,-0.067241,0.260926,0.102878,-0.957503,27.036528,144.941467,-22.300442,-0.006035,0.967638,0.225378,0.113339,-9.644229,87.020782,11.923862,0.088034,0.981028,-0.041161,0.167749,-7.466467,55.852795,-3.161587,0.034783,0.948014,-0.132345,0.287307,-15.806898,11.985230,-0.871206,-0.098754,0.992556,-0.014237,0.069839,7.736186,87.063492,14.774196,0.020507,0.954844,-0.294096,0.036866,14.468760,53.059078,16.233318,0.096384,0.898421,-0.246682,0.350282,11.748200,16.119116,41.277466,0.034783,0.948014,-0.132345,0.287307,-9.545551,2.896826,-10.115265,0.096384,0.898421,-0.246682,0.350282,17.453569,4.450968,35.067860
641,5.341667,-0.001249,0.997324,-0.026329,0.068189,-0.863870,87.196495,13.258557,0.067163,0.988714,0.108508,0.078487,-0.855934,94.407639,12.878095,-0.103817,0.989926,0.017804,0.094612,1.403875,113.290489,17.272074,0.032361,0.997841,-0.056796,-0.006276,-2.362121,130.917282,17.553391,0.064259,0.970371,-0.191029,-0.133262,-1.518859,144.251495,14.250919,-0.060523,0.948916,0.240434,0.195160,-4.873693,124.864090,17.603123,0.096414,-0.682948,-0.031045,-0.723411,-20.183178,124.513031,10.930033,-0.044408,-0.034755,-0.410825,-0.909969,-18.664286,122.492706,-12.214962,0.032054,0.326499,-0.391143,-0.859871,-3.546390,139.688202,-12.828064,-0.259042,0.953207,0.115004,-0.105207,1.888305,126.287338,18.947830,-0.219280,0.901602,-0.062287,-0.367628,15.981015,134.940811,16.592737,-0.121213,0.640799,-0.040398,-0.757002,30.731281,143.080658,0.522506,-0.071814,0.256261,0.084485,-0.960227,26.511723,145.345612,-23.041985,-0.005951,0.968944,0.225179,0.102010,-9.588267,87.142929,12.061354,0.086606,0.981778,-0.039208,0.164541,-7.594219,55.968655,-3.036512,0.035792,0.948053,-0.134461,0.286068,-15.774637,12.064752,-0.868532,-0.096505,0.993647,-0.015091,0.055906,7.860528,87.250061,14.455761,0.015475,0.954039,-0.298840,0.016294,14.455944,53.216911,15.870646,0.085539,0.905793,-0.266698,0.317953,12.700293,16.512302,41.343410,0.035792,0.948053,-0.134461,0.286068,-9.565574,2.924007,-10.096237,0.085539,0.905793,-0.266698,0.317953,17.848475,4.585604,35.138062
642,5.350000,-0.003361,0.998115,-0.026941,0.055039,-0.769528,87.348244,13.149527,0.067475,0.989635,0.108990,0.064735,-0.796557,94.558784,12.758492,-0.107555,0.990698,0.018931,0.081181,1.534755,113.435890,17.139738,0.032017,0.997804,-0.055694,-0.016116,-2.362314,131.032700,17.501125,0.064804,0.969278,-0.191989,-0.139433,-1.577607,144.375916,14.220532,-0.060804,0.951340,0.240412,0.182916,-4.823461,124.959900,17.625433,0.096794,-0.685963,-0.030432,-0.720527,-20.286455,124.496521,11.323454,-0.043010,-0.031893,-0.408609,-0.911138,-18.958006,122.425758,-11.828805,0.036312,0.329033,-0.389977,-0.859265,-3.772919,139.515045,-12.354103,-0.262839,0.950632,0.116141,-0.117160,1.960660,126.438499,18.786469,-0.230387,0.896416,-0.066509,-0.372743,15.898374,135.240662,16.085381,-0.126487,0.638111,-0.051497,-0.757736,30.239735,143.703049,-0.187090,-0.072985,0.250895,0.071234,-0.962627,25.903870,145.708374,-23.754002,-0.005585,0.970110,0.224743,0.091356,-9.522298,87.263054,12.183562,0.085197,0.982588,-0.037268,0.160854,-7.721611,56.074905,-2.909939,0.037919,0.948001,-0.136329,0.285082,-15.743704,12.136096,-0.860766,-0.094010,0.994616,-0.016936,0.040177,7.983242,87.433441,14.115492,0.010308,0.952942,-0.302937,-0.004841,14.424276,53.371407,15.546450,0.081204,0.911097,-0.283733,0.287757,13.676970,16.875362,41.366070,0.037919,0.948001,-0.136329,0.285082,-9.596793,2.941255,-10.076333,0.081204,0.911097,-0.283733,0.287757,18.212955,4.701515,35.162964
643,5.358333,-0.005753,0.998743,-0.026847,0.041926,-0.676038,87.476440,13.031268,0.067707,0.990385,0.109452,0.050724,-0.742765,94.686737,12.640532,-0.112181,0.991198,0.019657,0.067498,1.658192,113.558685,17.006363,0.032979,0.997659,-0.054074,-0.025771,-2.398590,131.117828,17.435827,0.065209,0.968183,-0.192703,-0.145724,-1.635277,144.471085,14.191273,-0.060305,0.952683,0.242831,0.172602,-4.796269,125.021851,17.640009,0.096690,-0.689012,-0.028985,-0.717686,-20.383791,124.502739,11.657237,-0.042573,-0.028980,-0.406428,-0.912230,-19.246548,122.369217,-11.499501,0.039850,0.331007,-0.388620,-0.858965,-3.996150,139.354843,-11.916623,-0.265695,0.948191,0.117913,-0.128203,2.002180,126.568726,18.613029,-0.241221,0.891108,-0.070985,-0.377758,15.798937,135.490387,15.598504,-0.131969,0.634746,-0.061292,-0.758897,29.727140,144.251099,-0.873739,-0.072329,0.245156,0.058170,-0.965030,25.238449,146.042953,-24.429230,-0.005607,0.971090,0.224837,0.080007,-9.450817,87.355415,12.296482,0.083597,0.983182,-0.035638,0.158410,-7.824773,56.170189,-2.822851,0.038909,0.948116,-0.138377,0.283572,-15.679487,12.196600,-0.873763,-0.091551,0.995335,-0.019173,0.023652,8.098741,87.597473,13.766055,0.004964,0.951445,-0.306720,-0.025507,14.390431,53.509392,15.240535,0.076144,0.915606,-0.299990,0.256658,14.667709,17.212259,41.348267,0.038909,0.948116,-0.138377,0.283572,-9.590279,2.951452,-10.077295,0.076144,0.915606,-0.299990,0.256658,18.593042,4.811919,35.177402
644,5.366667,-0.007783,0.999178,-0.027268,0.028968,-0.583303,87.585869,12.926674,0.068031,0.990963,0.109217,0.037896,-0.684212,94.795441,12.529932,-0.115635,0.991532,0.021189,0.055174,1.785948,113.667679,16.855734,0.032536,0.997384,-0.054022,-0.035326,-2.389951,131.196198,17.383169,0.065254,0.967133,-0.192751,-0.152453,-1.686466,144.551682,14.134277,-0.060195,0.954281,0.244161,0.161587,-4.736291,125.082565,17.647173,0.097297,-0.692333,-0.028759,-0.714410,-20.447231,124.481560,12.004571,-0.042741,-0.027026,-0.404895,-0.912964,-19.522985,122.301552,-11.157316,0.041612,0.332128,-0.387016,-0.859173,-4.228354,139.213913,-11.493435,-0.269481,0.945459,0.118928,-0.139078,2.072365,126.680412,18.451918,-0.250828,0.885874,-0.075164,-0.382967,15.704319,135.744949,15.129642,-0.137441,0.630310,-0.070183,-0.760851,29.227859,144.751434,-1.545988,-0.072065,0.238173,0.046058,-0.967450,24.525490,146.349915,-25.073687,-0.005415,0.971859,0.224963,0.069661,-9.373779,87.434990,12.420635,0.082407,0.983771,-0.034231,0.155668,-7.921191,56.253571,-2.724199,0.039713,0.948258,-0.139824,0.282274,-15.647277,12.253529,-0.859899,-0.089091,0.995768,-0.021063,0.008072,8.207172,87.736755,13.432713,-0.000184,0.949519,-0.310302,-0.046113,14.351296,53.623116,14.937975,0.068980,0.919384,-0.315645,0.224375,15.646516,17.521420,41.284931,0.039713,0.948258,-0.139824,0.282274,-9.605400,2.972268,-10.058278,0.068980,0.919384,-0.315645,0.224375,18.984365,4.916745,35.182705
645,5.375000,-0.009190,0.999441,-0.027823,0.016093,-0.498185,87.687958,12.819073,0.068221,0.991324,0.109524,0.025033,-0.624375,94.896736,12.415325,-0.119338,0.991677,0.022392,0.042828,1.908655,113.765350,16.720558,0.031945,0.997061,-0.053305,-0.044797,-2.392675,131.260605,17.336863,0.066039,0.965974,-0.193166,-0.158807,-1.751671,144.622803,14.102676,-0.059619,0.956434,0.243568,0.149514,-4.682967,125.128769,17.663364,0.096744,-0.695400,-0.028530,-0.711509,-20.521685,124.440399,12.400792,-0.044103,-0.027779,-0.403289,-0.913587,-19.795057,122.252930,-10.767426,0.040958,0.331669,-0.384925,-0.860320,-4.454813,139.100204,-11.113490,-0.272738,0.942763,0.120187,-0.149557,2.130471,126.781502,18.298971,-0.259668,0.880665,-0.078712,-0.388337,15.602379,135.972260,14.683578,-0.144208,0.625201,-0.078449,-0.763003,28.722906,145.197464,-2.193230,-0.073028,0.230231,0.032386,-0.969851,23.771133,146.655060,-25.678867,-0.005446,0.972538,0.225077,0.058995,-9.298456,87.518295,12.540298,0.080819,0.984709,-0.032829,0.150794,-8.009511,56.340450,-2.626690,0.041123,0.948744,-0.141195,0.279745,-15.568847,12.308818,-0.825660,-0.086828,0.995911,-0.023285,-0.008949,8.302085,87.857620,13.097847,-0.004623,0.947156,-0.313513,-0.067703,14.316949,53.723190,14.653047,0.062316,0.922223,-0.329018,0.193309,16.606588,17.802551,41.179192,0.041123,0.948744,-0.141195,0.279745,-9.609313,2.989356,-10.039115,0.062316,0.922223,-0.329018,0.193309,19.388685,5.027688,35.152668
646,5.383333,-0.010918,0.999547,-0.027798,0.003754,-0.423534,87.743729,12.702295,0.068862,0.991507,0.109566,0.012936,-0.579636,94.952026,12.300422,-0.122990,0.991630,0.023677,0.031337,2.030403,113.816849,16.576178,0.031541,0.996689,-0.052050,-0.053909,-2.393474,131.278061,17.283701,0.066609,0.964763,-0.193510,-0.165378,-1.806910,144.649994,14.079563,-0.058937,0.958042,0.244267,0.137895,-4.627263,125.128571,17.665174,0.096555,-0.698557,-0.029345,-0.708402,-20.580254,124.367500,12.770626,-0.045690,-0.028273,-0.401947,-0.914085,-20.060734,122.194687,-10.404545,0.039877,0.330941,-0.384200,-0.860975,-4.686382,138.983078,-10.745161,-0.276359,0.939875,0.121650,-0.159569,2.185716,126.835274,18.143694,-0.268105,0.875395,-0.081917,-0.393820,15.487808,136.161438,14.256422,-0.151578,0.619490,-0.086032,-0.765412,28.201317,145.587952,-2.819499,-0.076273,0.221373,0.020801,-0.971979,22.967609,146.937363,-26.250404,-0.005698,0.972933,0.225575,0.049850,-9.227508,87.549683,12.641555,0.079506,0.985246,-0.031801,0.148179,-8.062551,56.387592,-2.567779,0.042309,0.949085,-0.141996,0.278000,-15.488802,12.331194,-0.819473,-0.085195,0.995667,-0.025725,-0.026968,8.380441,87.937775,12.763035,-0.009237,0.944615,-0.316481,-0.086348,14.314704,53.792145,14.380916,0.058666,0.923500,-0.341995,0.163539,17.538706,18.044428,41.043228,0.042309,0.949085,-0.141996,0.278000,-9.588597,2.987291,-10.046354,0.058666,0.923500,-0.341995,0.163539,19.738132,5.101273,35.136154
647,5.391667,-0.011945,0.999520,-0.027432,-0.008104,-0.357665,87.800995,12.582001,0.069487,0.991544,0.109592,0.001409,-0.533304,95.009247,12.187409,-0.126184,0.991481,0.025056,0.020391,2.150334,113.870468,16.433369,0.030576,0.996256,-0.051048,-0.062721,-2.378724,131.300568,17.236267,0.066882,0.963589,-0.193826,-0.171624,-1.860139,144.681305,14.057313,-0.058261,0.959436,0.244928,0.126882,-4.560668,125.135735,17.666990,0.096694,-0.701921,-0.030231,-0.705013,-20.613728,124.306488,13.123259,-0.047881,-0.029270,-0.400847,-0.914425,-20.316040,122.138489,-10.056283,0.037716,0.329231,-0.383779,-0.861916,-4.916901,138.878357,-10.400897,-0.279532,0.937017,0.123078,-0.169450,2.249080,126.890015,17.996159,-0.275537,0.870232,-0.084668,-0.399508,15.383623,136.337357,13.841022,-0.159448,0.613385,-0.093912,-0.767799,27.698839,145.927734,-3.434397,-0.083404,0.209912,0.010789,-0.974097,22.171392,147.163956,-26.804024,-0.005890,0.973232,0.226021,0.041224,-9.160317,87.594627,12.730440,0.078998,0.985466,-0.031067,0.147140,-8.115988,56.446671,-2.516562,0.042925,0.948914,-0.143160,0.277893,-15.486455,12.378955,-0.818231,-0.084040,0.995068,-0.028098,-0.044582,8.444988,88.007355,12.433561,-0.013251,0.941960,-0.318907,-0.104092,14.334735,53.857029,14.113660,0.056227,0.923574,-0.354150,0.135744,18.419428,18.255217,40.853111,0.042925,0.948914,-0.143160,0.277893,-9.603961,3.006499,-10.027445,0.056227,0.923574,-0.354150,0.135744,20.060629,5.160290,35.101109
648,5.400000,-0.013011,0.999346,-0.027780,-0.019123,-0.292626,87.863503,12.486337,0.069765,0.991445,0.109881,-0.009804,-0.488079,95.071098,12.088985,-0.128985,0.991257,0.026090,0.009544,2.254103,113.928329,16.315197,0.029771,0.995689,-0.050942,-0.071571,-2.364605,131.330750,17.203218,0.067020,0.962389,-0.193857,-0.178145,-1.911272,144.714340,14.026281,-0.057846,0.960184,0.246900,0.117220,-4.498432,125.152908,17.685478,-0.098635,0.705421,0.032228,0.701152,-20.631889,124.264206,13.448093,-0.049031,-0.029786,-0.399961,-0.914735,-20.569347,122.076454,-9.731407,0.035783,0.327494,-0.383321,-0.862863,-5.153791,138.772125,-10.078544,-0.281949,0.934201,0.124969,-0.179321,2.305820,126.949585,17.866062,-0.281674,0.865204,-0.085429,-0.405936,15.280003,136.497986,13.446540,-0.165846,0.606895,-0.099154,-0.770936,27.194897,146.231339,-4.028484,-0.087792,0.199848,0.002031,-0.975884,21.335272,147.396011,-27.320713,-0.006124,0.973522,0.226192,0.032461,-9.089523,87.643860,12.829290,0.078417,0.985853,-0.029986,0.145074,-8.166335,56.501484,-2.436896,0.043730,0.948860,-0.144178,0.277426,-15.468532,12.419685,-0.810705,-0.082487,0.994250,-0.030004,-0.061347,8.504272,88.083145,12.143382,-0.016954,0.938991,-0.321023,-0.122279,14.322901,53.922565,13.862291,0.050994,0.923206,-0.365468,0.107350,19.256817,18.451866,40.632759,0.043730,0.948860,-0.144178,0.277426,-9.613547,3.020711,-10.010412,0.050994,0.923206,-0.365468,0.107350,20.394636,5.228184,35.056400
649,5.408333,-0.014276,0.999085,-0.027533,-0.029464,-0.228797,87.890152,12.382584,0.070145,0.991245,0.109944,-0.020643,-0.446508,95.097435,11.991380,-0.131243,0.990967,0.027555,-0.001058,2.356410,113.952042,16.189352,0.028876,0.995063,-0.050851,-0.080193,-2.331576,131.330460,17.178833,0.066427,0.961176,-0.194189,-0.184440,-1.944736,144.716827,14.004768,-0.057766,0.961025,0.248129,0.107359,-4.422940,125.141693,17.705166,-0.099190,0.708952,0.034270,0.697405,-20.630693,124.177017,13.779372,-0.050724,-0.031354,-0.399301,-0.914879,-20.807079,122.015419,-9.402000,0.034159,0.325445,-0.382574,-0.864035,-5.377884,138.685684,-9.785171,-0.283590,0.931373,0.127633,-0.189292,2.374308,126.973251,17.741316,-0.287775,0.860059,-0.085768,-0.412465,15.194705,136.604538,13.060567,-0.171509,0.600513,-0.103207,-0.774156,26.699015,146.482300,-4.607487,-0.090793,0.188240,-0.005122,-0.977904,20.508224,147.593338,-27.816534,-0.006575,0.973635,0.226784,0.023700,-9.016238,87.653229,12.907963,0.077630,0.986246,-0.029602,0.142886,-8.199047,56.529839,-2.402939,0.044425,0.949169,-0.144458,0.276109,-15.423841,12.435013,-0.784088,-0.081127,0.993225,-0.031465,-0.077027,8.558644,88.127068,11.857204,-0.020269,0.936099,-0.322957,-0.137862,14.318104,53.957264,13.592136,0.048795,0.921774,-0.375408,0.083788,19.996315,18.608942,40.376945,0.044425,0.949169,-0.144458,0.276109,-9.609001,3.025910,-9.998892,0.048795,0.921774,-0.375408,0.083788,20.677794,5.275424,34.990936
650,5.416667,-0.016156,0.998768,-0.026220,-0.038917,-0.162231,87.891556,12.265360,0.070526,0.991079,0.108999,-0.030138,-0.410008,95.099037,11.896227,-0.132810,0.990640,0.029804,-0.010273,2.446810,113.959648,16.030476,0.027318,0.994441,-0.050652,-0.088180,-2.285602,131.318497,17.144152,0.065680,0.959976,-0.194558,-0.190473,-1.979671,144.708939,13.978457,-0.056493,0.961972,0.249081,0.096842,-4.343965,125.120949,17.696663,-0.098714,0.712401,0.033984,0.693963,-20.628332,124.111244,14.114255,-0.052849,-0.033930,-0.399046,-0.914778,-21.032085,121.934769,-9.062883,0.032966,0.323330,-0.381964,-0.865144,-5.607426,138.595169,-9.514878,-0.286029,0.928412,0.130035,-0.198318,2.445990,126.977669,17.609110,-0.291881,0.855316,-0.083797,-0.419784,15.103081,136.710983,12.700486,-0.174680,0.593842,-0.104871,-0.778358,26.212942,146.697998,-5.157566,-0.092215,0.178000,-0.008852,-0.979660,19.655586,147.761459,-28.267962,-0.007253,0.973720,0.227138,0.015038,-8.937282,87.625328,12.957408,0.077241,0.986436,-0.029557,0.141790,-8.210237,56.513752,-2.382015,0.044704,0.949499,-0.143637,0.275359,-15.398559,12.413300,-0.754128,-0.079941,0.992100,-0.032829,-0.090934,8.612819,88.157776,11.573313,-0.023066,0.933224,-0.324713,-0.152062,14.323269,53.980804,13.328902,0.048019,0.919749,-0.384467,0.062771,20.663673,18.745052,40.113472,0.044704,0.949499,-0.143637,0.275359,-9.599617,3.019957,-9.994996,0.048019,0.919749,-0.384467,0.062771,20.919294,5.317818,34.926926
651,5.425000,-0.016979,0.998370,-0.026138,-0.047804,-0.109448,87.906998,12.192265,0.070774,0.990786,0.108514,-0.039486,-0.372305,95.114151,11.827111,-0.134502,0.990227,0.031267,-0.019525,2.532357,113.977493,15.915245,0.025787,0.993748,-0.050697,-0.096073,-2.247541,131.316803,17.126205,0.065081,0.958697,-0.195236,-0.196335,-2.021841,144.709549,13.963525,-0.056328,0.962303,0.250989,0.088340,-4.270573,125.110840,17.713625,-0.100959,0.715876,0.037054,0.689895,-20.608156,124.040672,14.401234,-0.053085,-0.035033,-0.399028,-0.914730,-21.253172,121.865570,-8.770576,0.032594,0.321471,-0.382193,-0.865750,-5.843453,138.514252,-9.263691,-0.287372,0.925518,0.132969,-0.207732,2.509130,126.994667,17.500624,-0.295567,0.850737,-0.082541,-0.426701,15.012802,136.803085,12.354076,-0.178704,0.587123,-0.106063,-0.782370,25.749170,146.871857,-5.685601,-0.094647,0.168086,-0.012263,-0.981142,18.822296,147.927414,-28.688305,-0.007831,0.973662,0.227739,0.007531,-8.870445,87.630455,13.040667,0.076838,0.986717,-0.029125,0.140135,-8.222332,56.538437,-2.341910,0.045296,0.949661,-0.143994,0.274513,-15.367186,12.430159,-0.734931,-0.079074,0.990959,-0.033249,-0.103165,8.651550,88.183540,11.343863,-0.025683,0.930636,-0.326412,-0.163441,14.326912,53.998924,13.064090,0.048553,0.917493,-0.392169,0.045307,21.234947,18.873480,39.853161,0.045296,0.949661,-0.143994,0.274513,-9.597193,3.025735,-9.982648,0.048553,0.917493,-0.392169,0.045307,21.116730,5.373064,34.855064
652,5.433333,-0.018496,0.997949,-0.025049,-0.055939,-0.049050,87.893524,12.101070,0.071334,0.990464,0.107634,-0.048034,-0.335867,95.100700,11.754985,-0.136020,0.989760,0.033058,-0.027949,2.624118,113.968369,15.783037,0.025037,0.993054,-0.050598,-0.103228,-2.196352,131.288727,17.099741,0.063635,0.957464,-0.195955,-0.202026,-2.025739,144.683640,13.942760,-0.055671,0.962880,0.251908,0.079404,-4.186848,125.074753,17.712957,-0.100446,0.719483,0.036998,0.686212,-20.576971,123.952171,14.690118,-0.055602,-0.037898,-0.399555,-0.914236,-21.462845,121.769157,-8.472991,0.031377,0.319282,-0.382136,-0.866629,-6.087725,138.435501,-9.037059,-0.288686,0.922799,0.135214,-0.216376,2.581447,126.983246,17.386789,-0.298708,0.846262,-0.080617,-0.433722,14.937346,136.860733,12.020128,-0.181513,0.580192,-0.106341,-0.786843,25.305510,147.003525,-6.192628,-0.097144,0.158089,-0.012155,-0.982560,17.992357,148.044556,-29.076122,-0.008002,0.973579,0.228208,0.001034,-8.794237,87.593102,13.092434,0.076156,0.987139,-0.029048,0.137527,-8.237289,56.516117,-2.324046,0.045662,0.950225,-0.142888,0.273077,-15.317117,12.398108,-0.696406,-0.078266,0.989948,-0.033500,-0.112943,8.696136,88.193939,11.109707,-0.027630,0.928081,-0.328256,-0.173636,14.335024,54.001671,12.797536,0.045666,0.915358,-0.399046,0.028238,21.725060,18.993504,39.611488,0.045662,0.950225,-0.142888,0.273077,-9.577603,3.015143,-9.984797,0.045666,0.915358,-0.399046,0.028238,21.318962,5.432135,34.796860
653,5.441667,-0.019491,0.997504,-0.024512,-0.063288,0.015625,87.889046,12.025526,0.070818,0.990030,0.107644,-0.056913,-0.287569,95.096062,11.690217,-0.137746,0.989195,0.033857,-0.037052,2.688588,113.966515,15.693259,0.024207,0.992248,-0.051037,-0.110696,-2.178765,131.267899,17.084763,0.063250,0.956185,-0.196573,-0.207529,-2.068543,144.661652,13.920194,-0.055160,0.963350,0.252613,0.071421,-4.132088,125.046265,17.738503,-0.102680,0.722395,0.040485,0.682615,-20.564327,123.873726,14.974367,-0.055593,-0.039762,-0.400042,-0.913945,-21.658304,121.706558,-8.181329,0.031318,0.316234,-0.383272,-0.867247,-6.314687,138.384567,-8.820774,-0.289360,0.920239,0.137790,-0.224598,2.621219,126.982376,17.288126,-0.300763,0.842176,-0.078404,-0.440608,14.842972,136.912338,11.715117,-0.183981,0.573740,-0.105552,-0.791095,24.873436,147.098450,-6.661842,-0.099330,0.148873,-0.011685,-0.983785,17.194220,148.159576,-29.424175,-0.008321,0.973363,0.229052,-0.005432,-8.713463,87.573936,13.145818,0.075940,0.987371,-0.029104,0.135961,-8.237786,56.524109,-2.327998,0.046081,0.950361,-0.142897,0.272527,-15.296772,12.403456,-0.681599,-0.077710,0.988848,-0.033534,-0.122539,8.744712,88.204155,10.905233,-0.029087,0.926481,-0.329223,-0.179997,14.362030,54.006016,12.545424,0.049540,0.912199,-0.406275,0.019462,22.071053,19.062069,39.353329,0.046081,0.950361,-0.142897,0.272527,-9.575426,3.017864,-9.978543,0.049540,0.912199,-0.406275,0.019462,21.400467,5.439246,34.746246
654,5.450000,-0.020342,0.997009,-0.024243,-0.070513,0.073737,87.867012,11.968198,0.070539,0.989632,0.107028,-0.064785,-0.243856,95.073730,11.639840,-0.139199,0.988628,0.034872,-0.044966,2.751949,113.950882,15.596339,0.022833,0.991567,-0.049754,-0.117464,-2.153058,131.235260,17.064985,0.062947,0.954820,-0.198179,-0.212325,-2.108810,144.638901,13.941007,-0.054498,0.963603,0.253694,0.064330,-4.074024,125.006882,17.749653,-0.102093,0.725577,0.039731,0.679364,-20.540848,123.797676,15.216806,-0.058229,-0.042906,-0.401024,-0.913208,-21.846590,121.605171,-7.925525,0.029993,0.313861,-0.384655,-0.867544,-6.549565,138.324493,-8.643409,-0.289908,0.917805,0.140057,-0.232318,2.664480,126.966522,17.192095,-0.301783,0.838296,-0.074409,-0.447940,14.757792,136.942886,11.425145,-0.182648,0.567260,-0.103188,-0.796372,24.456251,147.171082,-7.106010,-0.098313,0.139778,-0.006098,-0.985271,16.397697,148.202240,-29.738205,-0.008532,0.973066,0.230092,-0.011294,-8.637726,87.539925,13.215081,0.075949,0.987595,-0.028835,0.134374,-8.241944,56.523453,-2.327739,0.046225,0.950216,-0.142976,0.272967,-15.295842,12.401518,-0.693841,-0.077490,0.988297,-0.033012,-0.127177,8.785200,88.194107,10.721314,-0.029507,0.924735,-0.330601,-0.186271,14.390668,53.991199,12.301384,0.050600,0.909960,-0.411429,0.011819,22.337576,19.130758,39.148510,0.046225,0.950216,-0.142976,0.272967,-9.567600,3.013314,-9.983897,0.050600,0.909960,-0.411429,0.011819,21.488935,5.467211,34.693905
655,5.458333,-0.020537,0.996489,-0.025088,-0.077193,0.122817,87.863815,11.935941,0.070375,0.989275,0.106134,-0.071543,-0.200720,95.069817,11.597775,-0.140031,0.988136,0.036122,-0.051716,2.813495,113.955307,15.500114,0.021153,0.990827,-0.050101,-0.123708,-2.107885,131.228104,17.048088,0.062058,0.953569,-0.199039,-0.217343,-2.140423,144.631516,13.922952,-0.054628,0.963879,0.254404,0.056847,-4.005992,124.995132,17.754509,-0.114053,0.727773,0.055495,0.673987,-20.502636,123.719170,15.459621,-0.051388,-0.042536,-0.401471,-0.913439,-22.026911,121.595718,-7.675797,0.028887,0.311491,-0.386510,-0.867611,-6.770196,138.295715,-8.500783,-0.290379,0.915500,0.141831,-0.239633,2.720052,126.969635,17.106232,-0.302877,0.834442,-0.071896,-0.454755,14.688889,136.986511,11.152834,-0.184311,0.560731,-0.101931,-0.800762,24.070068,147.232651,-7.531123,-0.099708,0.132062,-0.005349,-0.986199,15.644935,148.277939,-30.028784,-0.008446,0.972784,0.231028,-0.015685,-8.571128,87.537476,13.299823,0.075364,0.988267,-0.028317,0.129795,-8.252482,56.550873,-2.304216,0.046694,0.950560,-0.143601,0.271356,-15.241483,12.418386,-0.676440,-0.077245,0.987757,-0.031835,-0.131741,8.816762,88.190155,10.572059,-0.030873,0.924158,-0.331703,-0.186954,14.402187,53.979313,12.047893,0.051553,0.907539,-0.416726,0.007419,22.499105,19.191528,38.944416,0.046694,0.950560,-0.143601,0.271356,-9.558337,3.014356,-9.978183,0.051553,0.907539,-0.416726,0.007419,21.538403,5.484317,34.649570
656,5.466667,-0.021949,0.995981,-0.024306,-0.083367,0.200886,87.845062,11.871353,0.069480,0.988822,0.105876,-0.078706,-0.144096,95.050751,11.548151,-0.141164,0.987539,0.036850,-0.059015,2.863192,113.943275,15.421724,0.020044,0.989994,-0.050639,-0.130175,-2.084445,131.202667,17.034092,0.060947,0.952313,-0.199558,-0.222625,-2.180226,144.604095,13.901724,-0.054185,0.964248,0.254431,0.050541,-3.954190,124.964653,17.770813,-0.114862,0.730515,0.056610,0.670783,-20.475063,123.648750,15.682083,-0.052740,-0.045725,-0.402622,-0.912701,-22.191324,121.509766,-7.438442,0.027676,0.308702,-0.389393,-0.867358,-6.992087,138.251083,-8.366281,-0.290310,0.913500,0.143606,-0.246200,2.755989,126.958023,17.023506,-0.303996,0.830747,-0.069476,-0.461106,14.619573,136.999115,10.902599,-0.185050,0.554624,-0.100136,-0.805060,23.698299,147.267120,-7.918253,-0.099751,0.123729,-0.003041,-0.987285,14.928171,148.326355,-30.283018,-0.008325,0.972402,0.232172,-0.021460,-8.474540,87.495735,13.343167,0.075332,0.988540,-0.028428,0.127695,-8.258555,56.545753,-2.335133,0.045467,0.950616,-0.144227,0.271038,-15.242517,12.413401,-0.682339,-0.076952,0.987440,-0.031236,-0.134408,8.876312,88.194397,10.399540,-0.031340,0.923899,-0.332597,-0.186567,14.440328,53.977810,11.822100,0.052338,0.905574,-0.420917,0.005044,22.578541,19.245737,38.778076,0.045467,0.950616,-0.144227,0.271038,-9.551154,3.003377,-9.972985,0.052338,0.905574,-0.420917,0.005044,21.550308,5.504146,34.610630
657,5.475000,-0.022604,0.995509,-0.023380,-0.088901,0.247293,87.795868,11.807535,0.069161,0.988392,0.105301,-0.084906,-0.107718,95.001770,11.500417,-0.142111,0.986978,0.037568,-0.065323,2.909824,113.900757,15.334272,0.018533,0.989195,-0.050846,-0.136254,-2.058601,131.148560,17.005802,0.059677,0.951105,-0.199700,-0.227942,-2.225343,144.550125,13.877034,-0.053463,0.964539,0.254670,0.044143,-3.903826,124.906204,17.767344,-0.115639,0.733010,0.058118,0.667792,-20.447535,123.558975,15.890020,-0.053973,-0.048980,-0.403863,-0.911912,-22.341881,121.419128,-7.216521,0.026549,0.305688,-0.392806,-0.866922,-7.206449,138.202667,-8.251269,-0.290413,0.911515,0.145675,-0.252151,2.791530,126.915573,16.934761,-0.304892,0.827122,-0.066721,-0.467395,14.554053,136.986511,10.669546,-0.186318,0.548833,-0.098268,-0.808957,23.335445,147.277313,-8.279485,-0.100829,0.115653,-0.001381,-0.988158,14.240206,148.372391,-30.512285,-0.008130,0.972039,0.233311,-0.025315,-8.410829,87.436142,13.375598,0.075184,0.988823,-0.028598,0.125533,-8.272335,56.522709,-2.375518,0.044930,0.950703,-0.143856,0.271017,-15.241468,12.389222,-0.690758,-0.077060,0.987269,-0.030523,-0.135760,8.905415,88.155594,10.239473,-0.031241,0.923720,-0.333821,-0.185281,14.472136,53.937103,11.604597,0.051853,0.904228,-0.423868,0.004383,22.583656,19.277399,38.661583,0.044930,0.950703,-0.143856,0.271017,-9.540542,2.990268,-9.986743,0.051853,0.904228,-0.423868,0.004383,21.549644,5.509210,34.584332
658,5.483333,-0.022604,0.995045,-0.024252,-0.093734,0.279027,87.758476,11.793714,0.069281,0.988026,0.104316,-0.090127,-0.078634,94.963783,11.475789,-0.142158,0.986562,0.038475,-0.070760,2.960584,113.870171,15.255645,0.017261,0.988328,-0.052593,-0.141927,-1.997684,131.114990,16.986832,0.056860,0.949902,-0.199461,-0.233813,-2.233055,144.506683,13.820388,-0.053312,0.964598,0.255427,0.038271,-3.831276,124.871513,17.766922,-0.115373,0.735894,0.058455,0.664629,-20.391693,123.480072,16.078653,-0.056135,-0.052732,-0.404959,-0.911085,-22.485153,121.335686,-7.010272,0.025198,0.302486,-0.395582,-0.866823,-7.406333,138.164566,-8.155635,-0.290733,0.909695,0.146462,-0.257833,2.853478,126.884476,16.861048,-0.305776,0.823718,-0.064324,-0.473130,14.512960,136.981934,10.447669,-0.188593,0.542568,-0.097352,-0.812758,23.018051,147.293335,-8.615854,-0.102642,0.108632,-0.002404,-0.988766,13.585353,148.409515,-30.706537,-0.008228,0.971597,0.234709,-0.029025,-8.363550,87.402382,13.446090,0.075037,0.989198,-0.028447,0.122669,-8.281556,56.534470,-2.394439,0.044925,0.950700,-0.144293,0.270797,-15.231236,12.398240,-0.701179,-0.077622,0.987185,-0.029384,-0.136302,8.921604,88.114571,10.141339,-0.031455,0.924108,-0.334847,-0.181418,14.516730,53.897381,11.419998,0.051327,0.903362,-0.425773,0.004455,22.548393,19.300240,38.580669,0.044925,0.950700,-0.144293,0.270797,-9.537297,2.990058,-9.992111,0.051327,0.903362,-0.425773,0.004455,21.524828,5.514151,34.561684
659,5.491667,-0.023574,0.994623,-0.023354,-0.098106,0.330947,87.696518,11.739391,0.068812,0.987646,0.103678,-0.095247,-0.040779,94.901794,11.437319,-0.142626,0.986071,0.039164,-0.076077,2.997782,113.815903,15.178887,0.015454,0.987537,-0.052445,-0.147586,-1.965357,131.054001,16.962414,0.055493,0.948586,-0.199877,-0.239070,-2.276296,144.447784,13.811416,-0.053196,0.964665,0.255957,0.032845,-3.781890,124.808052,17.762377,-0.107103,0.739114,0.048837,0.663216,-20.355614,123.374496,16.248960,-0.064012,-0.058924,-0.406272,-0.909601,-22.622124,121.196533,-6.820476,0.023827,0.299363,-0.399017,-0.866372,-7.603505,138.110657,-8.070616,-0.290636,0.907866,0.148466,-0.263187,2.889992,126.830139,16.784803,-0.306420,0.820627,-0.062374,-0.478318,14.458169,136.950699,10.243768,-0.190680,0.536563,-0.096177,-0.816389,22.715075,147.270554,-8.924009,-0.104601,0.101258,-0.002143,-0.989344,12.959778,148.415283,-30.872673,-0.007815,0.971159,0.235980,-0.033194,-8.296069,87.323898,13.467698,0.075184,0.989413,-0.029111,0.120676,-8.312988,56.497047,-2.452789,0.044111,0.950680,-0.143126,0.271617,-15.279214,12.366215,-0.688494,-0.077709,0.987181,-0.028708,-0.136418,8.957964,88.069138,10.011085,-0.031272,0.924261,-0.336180,-0.178175,14.552882,53.850155,11.242026,0.050056,0.902855,-0.426994,0.004889,22.493999,19.331984,38.529514,0.044111,0.950680,-0.143126,0.271617,-9.549210,2.987619,-9.987162,0.050056,0.902855,-0.426994,0.004889,21.504662,5.532495,34.548103
660,5.500000,-0.023851,0.994206,-0.023488,-0.102144,0.365391,87.643471,11.715241,0.068752,0.987228,0.103214,-0.100008,-0.011729,94.848473,11.413177,-0.143493,0.985539,0.039504,-0.081008,3.040867,113.766647,15.122631,0.014324,0.986797,-0.052704,-0.152478,-1.942381,130.994827,16.945379,0.053702,0.947394,-0.200419,-0.243706,-2.308555,144.387695,13.796369,-0.052768,0.964805,0.256070,0.028200,-3.737224,124.745369,17.766609,-0.107154,0.741507,0.049637,0.660471,-20.321934,123.285744,16.406218,-0.065523,-0.062273,-0.407269,-0.908824,-22.757143,121.112480,-6.646462,0.022782,0.296644,-0.401518,-0.866179,-7.793337,138.067764,-8.001703,-0.290172,0.906311,0.149553,-0.268394,2.920261,126.781532,16.722357,-0.306717,0.817819,-0.060226,-0.483186,14.404966,136.908508,10.045561,-0.191732,0.531326,-0.094051,-0.819809,22.435402,147.233826,-9.215271,-0.104797,0.093209,-0.001016,-0.990116,12.391717,148.425339,-31.030972,-0.008130,0.970634,0.237452,-0.037695,-8.247150,87.268082,13.513713,0.075085,0.989700,-0.029337,0.118300,-8.320672,56.489933,-2.500561,0.043963,0.950677,-0.143103,0.271664,-15.276292,12.358952,-0.698438,-0.077833,0.987248,-0.027796,-0.136052,8.977932,88.018867,9.916770,-0.031124,0.924588,-0.337173,-0.174592,14.572324,53.797646,11.086173,0.049333,0.902269,-0.428291,0.006541,22.409838,19.338421,38.477913,0.043963,0.950677,-0.143103,0.271664,-9.542945,2.981726,-9.996426,0.049333,0.902269,-0.428291,0.006541,21.465912,5.524434,34.535954
661,5.508333,-0.024207,0.993864,-0.022725,-0.105511,0.403608,87.577492,11.671763,0.068537,0.986939,0.102564,-0.103604,0.021515,94.782753,11.382461,-0.143929,0.985139,0.040231,-0.084652,3.076919,113.707306,15.056931,0.012815,0.986143,-0.052640,-0.156800,-1.912357,130.928879,16.925138,0.052316,0.946129,-0.201307,-0.248148,-2.339746,144.322769,13.788250,-0.052691,0.964697,0.256926,0.023935,-3.693910,124.676964,17.756575,-0.107229,0.743776,0.050876,0.657808,-20.286325,123.184227,16.532900,-0.067343,-0.065500,-0.407990,-0.908140,-22.884245,121.028831,-6.503700,0.020590,0.294289,-0.402824,-0.866431,-7.967201,138.014511,-7.953827,-0.289892,0.904871,0.150455,-0.273009,2.953311,126.721260,16.663948,-0.307987,0.814994,-0.060016,-0.487163,14.359978,136.857101,9.867878,-0.193389,0.525881,-0.093215,-0.823019,22.174410,147.183853,-9.480839,-0.105980,0.087410,0.001323,-0.990518,11.846363,148.385605,-31.162802,-0.008045,0.970223,0.238729,-0.040147,-8.196321,87.195984,13.528377,0.075182,0.989931,-0.029796,0.116177,-8.319751,56.459946,-2.566271,0.043323,0.950715,-0.142608,0.271896,-15.284655,12.332684,-0.709674,-0.077815,0.987233,-0.027528,-0.136226,9.003536,87.959000,9.815149,-0.030840,0.924696,-0.338245,-0.171977,14.594406,53.736549,10.965369,0.048083,0.902120,-0.428738,0.007255,22.346392,19.340488,38.460648,0.043323,0.950715,-0.142608,0.271896,-9.534107,2.969831,-10.011527,0.048083,0.902120,-0.428738,0.007255,21.442465,5.519861,34.532623
662,5.516667,-0.024655,0.993562,-0.022260,-0.108313,0.439696,87.514992,11.632079,0.068537,0.986598,0.102260,-0.107094,0.051087,94.720230,11.351226,-0.144785,0.984678,0.040738,-0.088243,3.118281,113.647209,15.003288,0.011551,0.985491,-0.053335,-0.160715,-1.892168,130.858398,16.910156,0.050881,0.945068,-0.201663,-0.252170,-2.375494,144.248291,13.764323,-0.052290,0.964770,0.257050,0.020257,-3.655020,124.602768,17.753490,-0.107393,0.745904,0.052035,0.655276,-20.254269,123.091331,16.651518,-0.068972,-0.068811,-0.408754,-0.907430,-23.005352,120.948997,-6.368516,0.018987,0.291022,-0.403387,-0.867309,-8.136326,137.968582,-7.920257,-0.289926,0.903448,0.151538,-0.277057,2.979982,126.660667,16.613153,-0.307508,0.812599,-0.057732,-0.491720,14.311598,136.814133,9.718552,-0.193161,0.521490,-0.091407,-0.826064,21.931999,147.127991,-9.714244,-0.106097,0.081096,0.003717,-0.991036,11.366658,148.341370,-31.280926,-0.008044,0.969773,0.240119,-0.042643,-8.149295,87.126007,13.537147,0.075627,0.990068,-0.030713,0.114469,-8.318531,56.436157,-2.644981,0.042576,0.950676,-0.141998,0.272468,-15.328637,12.319866,-0.699929,-0.077647,0.987276,-0.027283,-0.136063,9.028685,87.903969,9.727012,-0.030519,0.924674,-0.339265,-0.170133,14.605668,53.678776,10.862982,0.046991,0.902034,-0.429028,0.007891,22.290865,19.342752,38.451893,0.042576,0.950676,-0.141998,0.272468,-9.551391,2.974467,-10.002792,0.046991,0.902034,-0.429028,0.007891,21.422285,5.517261,34.533016
663,5.525000,-0.024757,0.993358,-0.021175,-0.110357,0.463979,87.445366,11.575773,0.068467,0.986419,0.101551,-0.109443,0.075049,94.651215,11.311445,-0.145019,0.984386,0.041585,-0.090689,3.145387,113.584206,14.929512,0.009741,0.984985,-0.053228,-0.163938,-1.865467,130.790436,16.879560,0.049769,0.944163,-0.202031,-0.255467,-2.412379,144.181244,13.748068,-0.052398,0.964714,0.257528,0.016138,-3.620296,124.532906,17.725437,-0.115671,0.747141,0.064631,0.651324,-20.224176,122.982979,16.754517,-0.064499,-0.069043,-0.409016,-0.907623,-23.129713,120.918907,-6.253682,0.016700,0.288588,-0.404174,-0.867803,-8.292749,137.915665,-7.895298,-0.290811,0.902066,0.152143,-0.280284,3.007588,126.595924,16.553429,-0.307688,0.810401,-0.057535,-0.495245,14.261939,136.784668,9.584735,-0.193582,0.517352,-0.090463,-0.828667,21.715199,147.068909,-9.928419,-0.106061,0.076157,0.005606,-0.991423,10.934915,148.280487,-31.388554,-0.008213,0.969418,0.241233,-0.044370,-8.117047,87.053375,13.515782,0.075813,0.990235,-0.031510,0.112670,-8.307328,56.400917,-2.736835,0.043339,0.950597,-0.140730,0.273282,-15.338151,12.291583,-0.710441,-0.077279,0.987206,-0.027492,-0.136736,9.045006,87.837357,9.635764,-0.030350,0.924586,-0.340199,-0.168770,14.599689,53.609013,10.785768,0.046086,0.902146,-0.428879,0.008512,22.243380,19.328838,38.455521,0.043339,0.950597,-0.140730,0.273282,-9.548062,2.968560,-10.027758,0.046086,0.902146,-0.428879,0.008512,21.406298,5.502635,34.532310
664,5.533333,-0.024424,0.993178,-0.021094,-0.112056,0.486083,87.388947,11.543775,0.068107,0.986198,0.101423,-0.111750,0.101612,94.595085,11.280737,-0.145652,0.984053,0.041819,-0.093141,3.166096,113.531021,14.888387,0.008648,0.984557,-0.053426,-0.166491,-1.861025,130.729904,16.861195,0.048562,0.943504,-0.202329,-0.257886,-2.450458,144.119522,13.732338,-0.052403,0.964713,0.257715,0.012851,-3.602264,124.469826,17.716318,-0.107834,0.749390,0.054724,0.650993,-20.209303,122.891548,16.850958,-0.071763,-0.074889,-0.410434,-0.905972,-23.216469,120.787514,-6.140551,0.015210,0.286314,-0.406105,-0.867682,-8.443867,137.883942,-7.880688,-0.290934,0.901019,0.153145,-0.282963,3.016680,126.542702,16.511604,-0.306758,0.808342,-0.055340,-0.499420,14.218235,136.748077,9.482439,-0.192469,0.514170,-0.088982,-0.831064,21.504745,147.007660,-10.106516,-0.105487,0.072352,0.007651,-0.991756,10.553839,148.210815,-31.480556,-0.008566,0.969025,0.242501,-0.045934,-8.088579,87.003342,13.512978,0.075994,0.990261,-0.032280,0.112099,-8.285571,56.393856,-2.820352,0.043329,0.950521,-0.140906,0.273455,-15.338707,12.291368,-0.723635,-0.076705,0.987116,-0.027559,-0.137694,9.060744,87.774551,9.574572,-0.030100,0.924154,-0.341266,-0.169030,14.578093,53.540325,10.729373,0.045504,0.902324,-0.428567,0.008399,22.223988,19.323803,38.477196,0.043329,0.950521,-0.140906,0.273455,-9.545669,2.964634,-10.035398,0.045504,0.902324,-0.428567,0.008399,21.397743,5.499599,34.544643
665,5.541667,-0.024836,0.993061,-0.020170,-0.113161,0.515821,87.320038,11.487088,0.067517,0.986007,0.101528,-0.113679,0.126653,94.526443,11.238402,-0.146082,0.983775,0.042168,-0.095227,3.176038,113.464668,14.846842,0.007380,0.984179,-0.052940,-0.168919,-1.860512,130.657990,16.844019,0.047722,0.942824,-0.202826,-0.260131,-2.493351,144.050644,13.736720,-0.051713,0.964648,0.258198,0.010663,-3.591642,124.395958,17.705341,-0.108739,0.750646,0.055834,0.649299,-20.202806,122.821365,16.915607,-0.072472,-0.077042,-0.411069,-0.905447,-23.303455,120.708641,-6.062691,0.014100,0.283574,-0.405494,-0.868885,-8.569366,137.830856,-7.874128,-0.291469,0.899846,0.154212,-0.285554,3.020006,126.475891,16.473064,-0.306220,0.806702,-0.054536,-0.502480,14.161929,136.709396,9.390211,-0.191432,0.511776,-0.087386,-0.832948,21.320999,146.936279,-10.262731,-0.103118,0.067678,0.008621,-0.992327,10.238429,148.147629,-31.568354,-0.008308,0.968801,0.243414,-0.045887,-8.054099,86.925850,13.475154,0.076383,0.990170,-0.033396,0.112307,-8.270636,56.346848,-2.914920,0.042539,0.950503,-0.139935,0.274140,-15.369351,12.256211,-0.724935,-0.075695,0.987080,-0.027970,-0.138421,9.085741,87.714233,9.499022,-0.029941,0.923617,-0.342332,-0.169835,14.539043,53.470909,10.687711,0.044831,0.902611,-0.428039,0.008117,22.211113,19.318724,38.507492,0.042539,0.950503,-0.139935,0.274140,-9.544659,2.954954,-10.042438,0.044831,0.902611,-0.428039,0.008117,21.394676,5.498475,34.559025
666,5.550000,-0.024585,0.992979,-0.020572,-0.113866,0.528156,87.274422,11.461531,0.067331,0.985854,0.101560,-0.115085,0.141751,94.480759,11.206938,-0.146534,0.983534,0.042661,-0.096790,3.189264,113.419708,14.813113,0.006438,0.983830,-0.053715,-0.170739,-1.857961,130.606750,16.837219,0.046375,0.942349,-0.202694,-0.262190,-2.528334,143.994370,13.716107,-0.052351,0.964546,0.258540,0.008255,-3.580057,124.342468,17.700226,-0.116432,0.751083,0.067399,0.646356,-20.190521,122.726799,16.982023,-0.067341,-0.076597,-0.411738,-0.905577,-23.388046,120.683228,-5.989249,0.014102,0.281082,-0.405713,-0.869593,-8.688633,137.801056,-7.874766,-0.291775,0.898974,0.154905,-0.287605,3.025504,126.429764,16.447922,-0.305075,0.805165,-0.053162,-0.505779,14.122190,136.681198,9.320134,-0.190949,0.508845,-0.086919,-0.834902,21.158987,146.867233,-10.398073,-0.103626,0.066460,0.009256,-0.992350,9.928625,148.050339,-31.627750,-0.008524,0.968555,0.244403,-0.045773,-8.039165,86.885712,13.461833,0.076750,0.990228,-0.034271,0.111282,-8.242537,56.340420,-2.991158,0.042483,0.950471,-0.139930,0.274260,-15.379852,12.260112,-0.720196,-0.074804,0.986879,-0.028360,-0.140247,9.095477,87.663132,9.461227,-0.030057,0.923126,-0.343105,-0.170919,14.494029,53.412022,10.675374,0.044567,0.902833,-0.427609,0.007527,22.219328,19.307819,38.539246,0.042483,0.950471,-0.139930,0.274260,-9.551710,2.959295,-10.035977,0.044567,0.902833,-0.427609,0.007527,21.397890,5.491590,34.577778
667,5.558333,-0.024423,0.992948,-0.020481,-0.114184,0.536497,87.220917,11.419606,0.067140,0.985720,0.101885,-0.116052,0.152487,94.427422,11.166168,-0.147017,0.983340,0.043028,-0.097866,3.197630,113.364792,14.782662,0.005395,0.983586,-0.054687,-0.171870,-1.862732,130.545578,16.826870,0.045149,0.942170,-0.202253,-0.263383,-2.570960,143.926743,13.686458,-0.052998,0.964389,0.259044,0.006435,-3.576473,124.279091,17.690458,-0.116123,0.751952,0.068256,0.645310,-20.185556,122.627243,17.024477,-0.067980,-0.078407,-0.412520,-0.905018,-23.449341,120.612251,-5.940001,0.013812,0.279918,-0.407206,-0.869275,-8.798387,137.751831,-7.882586,-0.291946,0.898232,0.155766,-0.289283,3.024143,126.373825,16.424566,-0.304468,0.803801,-0.052711,-0.508355,14.085169,136.640137,9.262835,-0.190405,0.506807,-0.086064,-0.836353,21.017532,146.788345,-10.511791,-0.102904,0.064155,0.010215,-0.992568,9.680512,147.967804,-31.684912,-0.008724,0.968362,0.245251,-0.045298,-8.029689,86.834991,13.425308,0.077145,0.990149,-0.035374,0.111364,-8.214356,56.318760,-3.081743,0.042296,0.950411,-0.139570,0.274684,-15.397316,12.250760,-0.717838,-0.073807,0.986756,-0.029025,-0.141499,9.102683,87.606850,9.413903,-0.030077,0.922462,-0.343962,-0.172770,14.441345,53.348114,10.676580,0.043995,0.903201,-0.426912,0.006297,22.236570,19.296652,38.585442,0.042296,0.950411,-0.139570,0.274684,-9.555363,2.958772,-10.033780,0.043995,0.903201,-0.426912,0.006297,21.404957,5.487047,34.603058
668,5.566667,-0.024599,0.992961,-0.019228,-0.114251,0.545747,87.170601,11.349356,0.066441,0.985498,0.103061,-0.117289,0.161252,94.377701,11.114206,-0.147522,0.983129,0.042947,-0.099250,3.189232,113.309303,14.775019,0.004076,0.983413,-0.053942,-0.173127,-1.886057,130.484970,16.825155,0.045168,0.941872,-0.203083,-0.263805,-2.632068,143.870514,13.712278,-0.052978,0.964264,0.259526,0.005883,-3.590001,124.216843,17.696167,-0.117196,0.752420,0.069667,0.644419,-20.199379,122.561195,17.047306,-0.067744,-0.079405,-0.413015,-0.904723,-23.504992,120.545593,-5.911131,0.013286,0.278614,-0.409199,-0.868766,-8.876083,137.706329,-7.896871,-0.291599,0.897880,0.156171,-0.290502,3.004679,126.318863,16.411551,-0.304058,0.802621,-0.052297,-0.510503,14.048847,136.581619,9.218793,-0.190627,0.505221,-0.085773,-0.837291,20.890955,146.702362,-10.601291,-0.103390,0.061695,0.010039,-0.992675,9.474343,147.880554,-31.731668,-0.009290,0.968099,0.245995,-0.046734,-8.020015,86.779091,13.355778,0.077420,0.990004,-0.036724,0.112025,-8.193659,56.288944,-3.199521,0.040582,0.950473,-0.139193,0.274918,-15.415613,12.233451,-0.723877,-0.072721,0.986703,-0.030092,-0.142207,9.111508,87.562111,9.342934,-0.029655,0.921615,-0.344771,-0.175725,14.387481,53.296707,10.685643,0.041813,0.903576,-0.426362,0.004175,22.249231,19.292847,38.633846,0.040582,0.950473,-0.139193,0.274918,-9.541164,2.960055,-10.037908,0.041813,0.903576,-0.426362,0.004175,21.425013,5.487326,34.635792
669,5.575000,-0.024436,0.992967,-0.018833,-0.114304,0.541740,87.121483,11.297609,0.066039,0.985420,0.103507,-0.117785,0.160214,94.328918,11.067869,-0.147669,0.983032,0.043389,-0.099792,3.176566,113.259003,14.746088,0.003226,0.983294,-0.054440,-0.173665,-1.900994,130.431732,16.815182,0.044196,0.941787,-0.203117,-0.264249,-2.674633,143.813751,13.693944,-0.053372,0.964292,0.259367,0.004507,-3.602159,124.162483,17.683552,-0.117587,0.752685,0.070454,0.643952,-20.210619,122.482132,17.075890,-0.067407,-0.080450,-0.413897,-0.904253,-23.539999,120.473465,-5.879730,0.013689,0.278100,-0.410898,-0.868122,-8.947062,137.668991,-7.910857,-0.291889,0.897296,0.156779,-0.291686,2.990391,126.267288,16.392574,-0.303203,0.801908,-0.052224,-0.512138,14.005894,136.545151,9.177438,-0.189919,0.503760,-0.085018,-0.838408,20.794306,146.621628,-10.683622,-0.102809,0.060413,0.011483,-0.992798,9.300606,147.795120,-31.772434,-0.009256,0.968057,0.246522,-0.044798,-8.023946,86.732033,13.304758,0.077875,0.989918,-0.037546,0.112198,-8.168494,56.259853,-3.283857,0.040242,0.950278,-0.138828,0.275823,-15.438935,12.216136,-0.741544,-0.071812,0.986565,-0.031215,-0.143384,9.107428,87.510925,9.290461,-0.028895,0.920654,-0.345517,-0.179385,14.334098,53.241180,10.712890,0.041574,0.904095,-0.425293,0.003040,22.255552,19.279388,38.695366,0.040242,0.950278,-0.138828,0.275823,-9.538046,2.952637,-10.048709,0.041574,0.904095,-0.425293,0.003040,21.415937,5.484176,34.665062
670,5.583333,-0.024344,0.992986,-0.018853,-0.114154,0.530621,87.077019,11.254053,0.065984,0.985355,0.104044,-0.117882,0.150416,94.284508,11.023823,-0.148218,0.982934,0.043720,-0.099807,3.167363,113.210533,14.722419,0.002365,0.983265,-0.054555,-0.173805,-1.927909,130.376373,16.805120,0.043599,0.941725,-0.203389,-0.264360,-2.725725,143.757278,13.685139,-0.053606,0.964199,0.259668,0.004311,-3.622444,124.104691,17.668877,-0.117498,0.752880,0.070785,0.643705,-20.230127,122.415314,17.064959,-0.067310,-0.080717,-0.414549,-0.903938,-23.575308,120.417809,-5.889335,0.014345,0.278354,-0.412232,-0.867397,-9.009636,137.633484,-7.929946,-0.292001,0.896892,0.157284,-0.292545,2.967778,126.217354,16.378849,-0.302788,0.801403,-0.052646,-0.513128,13.964324,136.504044,9.147409,-0.189850,0.502755,-0.084546,-0.839075,20.717176,146.545395,-10.743545,-0.102605,0.059129,0.012206,-0.992888,9.170933,147.724350,-31.803331,-0.009280,0.968045,0.246933,-0.042746,-8.035751,86.689163,13.258590,0.078198,0.989859,-0.038340,0.112224,-8.144835,56.231071,-3.356162,0.039921,0.950241,-0.138363,0.276231,-15.451501,12.197245,-0.747186,-0.071186,0.986435,-0.032098,-0.144391,9.096994,87.464882,9.249517,-0.029006,0.920398,-0.346051,-0.179651,14.291194,53.192806,10.733351,0.040960,0.904678,-0.424113,0.003070,22.237896,19.264614,38.749420,0.039921,0.950241,-0.138363,0.276231,-9.534640,2.945706,-10.056111,0.040960,0.904678,-0.424113,0.003070,21.413218,5.479026,34.683262
671,5.591667,-0.023969,0.993027,-0.019247,-0.113808,0.499601,87.024323,11.223188,0.066048,0.985340,0.104368,-0.117688,0.124205,94.231850,10.986546,-0.148621,0.982891,0.043839,-0.099577,3.144248,113.154915,14.697734,0.001781,0.983402,-0.053813,-0.173270,-1.965008,130.316071,16.784819,0.043146,0.941989,-0.203625,-0.263311,-2.772289,143.701401,13.686398,-0.054188,0.963997,0.260298,0.004251,-3.655152,124.042747,17.645395,-0.117967,0.752726,0.071853,0.643681,-20.260754,122.334549,17.037251,-0.067012,-0.080470,-0.415437,-0.903574,-23.602221,120.353355,-5.918993,0.014782,0.278679,-0.413343,-0.866757,-9.062973,137.602875,-7.951786,-0.292384,0.896849,0.157428,-0.292217,2.934031,126.160934,16.359110,-0.301956,0.801091,-0.052805,-0.514089,13.929510,136.458374,9.141364,-0.189128,0.502366,-0.083360,-0.839590,20.659824,146.458130,-10.778152,-0.101724,0.057931,0.013765,-0.993029,9.085204,147.661926,-31.820950,-0.009797,0.967963,0.247359,-0.042007,-8.068478,86.643677,13.221797,0.078271,0.989851,-0.039141,0.111967,-8.131452,56.200878,-3.421189,0.040808,0.950244,-0.137617,0.276466,-15.451670,12.173629,-0.740270,-0.070973,0.986353,-0.032857,-0.144882,9.067680,87.404961,9.224579,-0.028875,0.920111,-0.346680,-0.179931,14.255630,53.134201,10.759937,0.040459,0.905487,-0.422428,0.003375,22.209606,19.244267,38.820202,0.040808,0.950244,-0.137617,0.276466,-9.538980,2.932546,-10.062220,0.040459,0.905487,-0.422428,0.003375,21.403093,5.472833,34.702747
672,5.600000,-0.024273,0.993092,-0.018660,-0.113273,0.489451,86.997261,11.172232,0.065737,0.985409,0.104760,-0.116935,0.110779,94.204903,10.944303,-0.148640,0.982966,0.044165,-0.098657,3.117778,113.126350,14.674236,0.000987,0.983527,-0.054033,-0.172497,-1.992859,130.286270,16.768124,0.042469,0.942249,-0.203525,-0.262568,-2.818611,143.669739,13.666540,-0.054823,0.963772,0.260991,0.004600,-3.685297,124.012390,17.620062,-0.117826,0.752642,0.071678,0.643824,-20.288481,122.287285,16.993940,-0.067427,-0.080336,-0.416029,-0.903283,-23.622894,120.306732,-5.963385,0.014713,0.278842,-0.414366,-0.866217,-9.105444,137.575485,-7.979946,-0.292637,0.896772,0.157641,-0.292084,2.906370,126.130882,16.347097,-0.300342,0.801052,-0.052125,-0.515163,13.899506,136.436523,9.137486,-0.188175,0.502005,-0.082490,-0.840105,20.623611,146.389221,-10.807679,-0.102160,0.057885,0.015529,-0.992961,9.024639,147.599823,-31.836664,-0.010393,0.967973,0.247240,-0.042334,-8.080509,86.609917,13.161466,0.078638,0.989805,-0.039740,0.111909,-8.108754,56.163883,-3.475699,0.039155,0.950368,-0.136942,0.276611,-15.466896,12.146002,-0.745178,-0.070237,0.986354,-0.034093,-0.144952,9.059411,87.384598,9.182997,-0.028067,0.919772,-0.346864,-0.181430,14.209610,53.112377,10.809958,0.040129,0.906282,-0.420722,0.006002,22.145712,19.229771,38.884129,0.039155,0.950368,-0.136942,0.276611,-9.523117,2.929702,-10.071890,0.040129,0.906282,-0.420722,0.006002,21.398134,5.470784,34.714279
673,5.608333,-0.024044,0.993165,-0.019199,-0.112594,0.462132,86.976746,11.151390,0.065536,0.985546,0.104748,-0.115900,0.086030,94.184250,10.915112,-0.148872,0.983028,0.044628,-0.097476,3.081355,113.106827,14.648739,0.000522,0.983726,-0.053513,-0.171522,-2.038090,130.262756,16.753614,0.042278,0.942474,-0.203721,-0.261634,-2.869106,143.649261,13.666519,-0.055559,0.963719,0.261024,0.004963,-3.730885,123.987373,17.593634,-0.118357,0.752069,0.072029,0.644357,-20.331236,122.241852,16.949354,-0.067276,-0.079936,-0.416845,-0.902953,-23.627871,120.258179,-6.013156,0.014564,0.279225,-0.414817,-0.865880,-9.138246,137.552429,-8.012544,-0.292639,0.896971,0.157633,-0.291474,2.863072,126.109108,16.338045,-0.298882,0.801246,-0.051706,-0.515753,13.868053,136.413483,9.144711,-0.186689,0.502102,-0.081299,-0.840495,20.604574,146.323013,-10.817746,-0.101751,0.057722,0.018518,-0.992961,9.000889,147.545181,-31.843456,-0.010135,0.967950,0.247743,-0.039917,-8.110723,86.594223,13.129046,0.078676,0.989655,-0.040307,0.112993,-8.116219,56.165104,-3.539051,0.039118,0.950090,-0.137225,0.277430,-15.486256,12.151819,-0.766922,-0.070129,0.986451,-0.034729,-0.144190,9.034986,87.359261,9.173735,-0.027835,0.919812,-0.347067,-0.180873,14.182777,53.089024,10.849264,0.039319,0.906954,-0.419330,0.007104,22.085938,19.217857,38.946514,0.039118,0.950090,-0.137225,0.277430,-9.525771,2.929689,-10.077192,0.039319,0.906954,-0.419330,0.007104,21.378208,5.469607,34.734520
674,5.616667,-0.023907,0.993279,-0.019453,-0.111567,0.430004,86.953148,11.122129,0.065434,0.985635,0.105132,-0.114844,0.055701,94.160614,10.881596,-0.148999,0.983120,0.044636,-0.096347,3.044730,113.080559,14.633523,0.000601,0.983907,-0.054135,-0.170284,-2.081491,130.235107,16.733202,0.041366,0.942949,-0.202866,-0.260732,-2.907295,143.617630,13.627532,-0.055487,0.963589,0.261494,0.006228,-3.775417,123.959221,17.567104,-0.119181,0.751447,0.072175,0.644914,-20.375568,122.227394,16.881857,-0.066928,-0.079061,-0.417436,-0.902783,-23.629612,120.224533,-6.085061,0.014515,0.279788,-0.415017,-0.865603,-9.157519,137.534042,-8.052627,-0.292782,0.897199,0.157725,-0.290578,2.821092,126.082207,16.327122,-0.297193,0.801621,-0.050779,-0.516238,13.840689,136.389267,9.160067,-0.185112,0.502556,-0.079893,-0.840707,20.600773,146.262115,-10.812599,-0.101446,0.057947,0.021271,-0.992924,9.008072,147.506287,-31.843086,-0.010384,0.967938,0.247911,-0.039090,-8.147022,86.573135,13.082102,0.078628,0.989573,-0.040970,0.113510,-8.122031,56.150158,-3.597179,0.040142,0.949931,-0.136895,0.277991,-15.495819,12.141010,-0.769825,-0.070228,0.986606,-0.035335,-0.142930,9.007030,87.333168,9.162159,-0.027852,0.920158,-0.347149,-0.178947,14.165338,53.066837,10.884712,0.037993,0.907642,-0.417940,0.008303,22.012299,19.200817,39.003918,0.040142,0.949931,-0.136895,0.277991,-9.536694,2.919546,-10.081625,0.037993,0.907642,-0.417940,0.008303,21.357397,5.462828,34.750099
675,5.625000,-0.023827,0.993426,-0.019543,-0.110247,0.391888,86.933479,11.089619,0.065225,0.985755,0.105572,-0.113520,0.018923,94.140945,10.847171,-0.149108,0.983238,0.044642,-0.094959,2.996756,113.058342,14.620811,0.000344,0.984133,-0.053764,-0.169088,-2.136171,130.211716,16.713806,0.041187,0.943299,-0.202619,-0.259685,-2.961348,143.596420,13.617409,-0.055657,0.963531,0.261636,0.007541,-3.832053,123.935364,17.540297,-0.120240,0.750468,0.072607,0.645809,-20.430964,122.209656,16.811052,-0.066094,-0.077988,-0.418065,-0.902647,-23.619436,120.191231,-6.163697,0.014674,0.280679,-0.414948,-0.865345,-9.162863,137.518494,-8.100859,-0.292724,0.897587,0.157687,-0.289457,2.767738,126.059235,16.319450,-0.295971,0.802271,-0.050472,-0.515960,13.810195,136.362076,9.181563,-0.183907,0.503136,-0.078682,-0.840739,20.617395,146.206284,-10.789246,-0.101190,0.058327,0.024167,-0.992862,9.043546,147.475311,-31.828627,-0.010520,0.968018,0.247836,-0.037533,-8.190362,86.554543,13.026802,0.078656,0.989532,-0.041518,0.113652,-8.129190,56.129162,-3.648022,0.040904,0.949710,-0.136403,0.278876,-15.511280,12.124449,-0.773584,-0.070313,0.986849,-0.035995,-0.141031,8.974139,87.312424,9.152435,-0.027623,0.920398,-0.347169,-0.177703,14.141289,53.050198,10.929207,0.036532,0.908369,-0.416460,0.009654,21.931658,19.184292,39.064289,0.040904,0.949710,-0.136403,0.278876,-9.541792,2.908732,-10.084439,0.036532,0.908369,-0.416460,0.009654,21.335459,5.457433,34.766136
676,5.633333,-0.023875,0.993609,-0.019145,-0.108650,0.347973,86.906731,11.051778,0.064879,0.985956,0.105717,-0.111828,-0.024670,94.114388,10.814513,-0.148785,0.983445,0.044781,-0.093240,2.933985,113.032341,14.600405,-0.000183,0.984378,-0.053675,-0.167690,-2.190895,130.188721,16.688347,0.041261,0.943769,-0.202048,-0.258408,-3.022972,143.573654,13.594707,-0.055761,0.963836,0.260458,0.008474,-3.895032,123.913300,17.504705,-0.120945,0.749224,0.072776,0.647101,-20.493053,122.191498,16.746635,-0.065008,-0.077039,-0.418672,-0.902526,-23.595818,120.164932,-6.239130,0.015289,0.281744,-0.415064,-0.864932,-9.154132,137.509842,-8.156079,-0.292850,0.897999,0.157554,-0.288121,2.710667,126.032219,16.307474,-0.295166,0.803061,-0.050130,-0.515225,13.776430,136.334549,9.205050,-0.183207,0.504115,-0.077805,-0.840387,20.641073,146.169464,-10.750660,-0.101178,0.058975,0.025851,-0.992782,9.108074,147.466995,-31.810724,-0.010915,0.968042,0.247820,-0.036875,-8.240393,86.525558,12.961213,0.078528,0.989440,-0.042281,0.114253,-8.141294,56.100227,-3.713491,0.038146,0.950056,-0.135914,0.278329,-15.521416,12.099433,-0.774806,-0.070523,0.987170,-0.036597,-0.138501,8.936339,87.287903,9.142343,-0.027369,0.920612,-0.347199,-0.176574,14.118862,53.030746,10.971460,0.035258,0.909061,-0.415021,0.011072,21.854309,19.165457,39.122425,0.038146,0.950056,-0.135914,0.278329,-9.520433,2.911594,-10.092960,0.035258,0.909061,-0.415021,0.011072,21.314102,5.449799,34.781330
677,5.641667,-0.023444,0.993795,-0.019809,-0.106910,0.287315,86.889427,11.040505,0.064866,0.986165,0.105774,-0.109919,-0.079758,94.097008,10.792385,-0.148720,0.983643,0.044601,-0.091316,2.871315,113.014557,14.586215,-0.000063,0.984662,-0.053513,-0.166061,-2.256027,130.172211,16.657555,0.041257,0.944231,-0.201425,-0.257203,-3.076278,143.558197,13.565341,-0.056546,0.963498,0.261464,0.010534,-3.965348,123.897194,17.466133,-0.121040,0.748043,0.072464,0.648483,-20.559116,122.169052,16.633116,-0.064076,-0.075125,-0.419281,-0.902471,-23.577442,120.141045,-6.363757,0.016957,0.283713,-0.415030,-0.864274,-9.143138,137.504013,-8.218477,-0.292789,0.898574,0.157251,-0.286551,2.645621,126.014183,16.294861,-0.294548,0.803975,-0.050282,-0.514138,13.742725,136.309128,9.230741,-0.182736,0.505208,-0.076827,-0.839922,20.676434,146.132385,-10.706830,-0.101228,0.060043,0.027928,-0.992657,9.189246,147.469360,-31.789440,-0.011380,0.968099,0.247744,-0.035740,-8.308017,86.516380,12.919961,0.078431,0.989395,-0.042700,0.114557,-8.157968,56.089165,-3.750923,0.040234,0.949712,-0.135448,0.279430,-15.534628,12.090198,-0.776442,-0.071035,0.987384,-0.036860,-0.136634,8.882647,87.262474,9.161050,-0.027116,0.920836,-0.347230,-0.175379,14.099060,53.011696,11.013055,0.033957,0.909777,-0.413521,0.012381,21.777571,19.147087,39.180416,0.040234,0.949712,-0.135448,0.279430,-9.538306,2.899196,-10.094478,0.033957,0.909777,-0.413521,0.012381,21.291887,5.443583,34.794724
678,5.650000,-0.023337,0.994003,-0.019898,-0.104962,0.236964,86.883995,11.017294,0.064537,0.986407,0.105918,-0.107786,-0.128217,94.091591,10.767024,-0.148479,0.983888,0.044339,-0.089173,2.802587,113.009621,14.574165,0.000272,0.985025,-0.053303,-0.163966,-2.321801,130.170715,16.624344,0.041168,0.944846,-0.200897,-0.255365,-3.122048,143.558151,13.533203,-0.056962,0.963454,0.261445,0.012549,-4.038931,123.896812,17.425173,-0.121531,0.746544,0.072182,0.650148,-20.629574,122.172951,16.523727,-0.062866,-0.073331,-0.419605,-0.902553,-23.541655,120.133438,-6.485832,0.018211,0.285057,-0.415229,-0.863711,-9.107889,137.501678,-8.289494,-0.292748,0.899226,0.157019,-0.284670,2.578496,126.009323,16.282572,-0.293633,0.805049,-0.050241,-0.512983,13.712296,136.297348,9.266243,-0.182755,0.506551,-0.075864,-0.839197,20.726316,146.104736,-10.651047,-0.101757,0.061788,0.028416,-0.992482,9.297361,147.495514,-31.761826,-0.011656,0.968211,0.247477,-0.034462,-8.365726,86.512222,12.863043,0.078252,0.989329,-0.043174,0.115070,-8.174385,56.076252,-3.791441,0.040044,0.949696,-0.135164,0.279651,-15.541598,12.078420,-0.777036,-0.071430,0.987507,-0.037482,-0.135359,8.839655,87.255768,9.171546,-0.027237,0.921184,-0.347075,-0.173833,14.086366,53.012108,11.069028,0.029823,0.910838,-0.411532,0.011245,21.725277,19.138491,39.236332,0.040044,0.949696,-0.135164,0.279651,-9.536242,2.894721,-10.096457,0.029823,0.910838,-0.411532,0.011245,21.307667,5.451697,34.791847
679,5.658333,-0.023180,0.994190,-0.021125,-0.102970,0.178502,86.895355,11.017165,0.064126,0.986549,0.106642,-0.106001,-0.185736,94.102325,10.748320,-0.148294,0.984097,0.043747,-0.087454,2.725212,113.016418,14.590126,0.000954,0.985312,-0.053508,-0.162163,-2.398348,130.181366,16.609869,0.041418,0.945313,-0.200612,-0.253816,-3.172587,143.567795,13.507821,-0.057264,0.963500,0.261055,0.015468,-4.121306,123.908844,17.408960,-0.122428,0.745059,0.072343,0.651663,-20.708061,122.200478,16.411619,-0.061078,-0.071350,-0.419335,-0.902960,-23.518108,120.148239,-6.609489,0.019482,0.286501,-0.415262,-0.863189,-9.060293,137.502777,-8.368272,-0.292693,0.899957,0.156522,-0.282681,2.501167,126.017418,16.288572,-0.292422,0.806317,-0.050077,-0.511698,13.673754,136.295792,9.319943,-0.182479,0.508315,-0.074771,-0.838288,20.782120,146.081955,-10.574317,-0.102391,0.063223,0.029402,-0.992298,9.431374,147.528854,-31.723469,-0.011919,0.968347,0.247182,-0.032600,-8.431613,86.527786,12.828819,0.078024,0.989285,-0.043341,0.115543,-8.189914,56.082123,-3.807288,0.040248,0.949653,-0.135244,0.279728,-15.540215,12.082401,-0.779231,-0.071768,0.987737,-0.037816,-0.133398,8.788616,87.262924,9.205512,-0.026689,0.921197,-0.346732,-0.174529,14.057600,53.024364,11.133070,0.028996,0.911319,-0.410489,0.012486,21.667620,19.126797,39.279366,0.040248,0.949653,-0.135244,0.279728,-9.536626,2.895693,-10.096821,0.028996,0.911319,-0.410489,0.012486,21.292601,5.448808,34.804081
680,5.666667,-0.022999,0.994421,-0.021205,-0.100736,0.107879,86.907921,10.992327,0.064193,0.986781,0.106844,-0.103570,-0.253277,94.114975,10.721251,-0.148419,0.984309,0.043528,-0.084932,2.651540,113.027039,14.577625,0.001736,0.985742,-0.053239,-0.159611,-2.482260,130.191330,16.576805,0.041667,0.945982,-0.200150,-0.251637,-3.222063,143.579788,13.475034,-0.057735,0.963402,0.261158,0.017864,-4.209235,123.918556,17.365141,-0.122950,0.743160,0.072225,0.653744,-20.791519,122.216164,16.286446,-0.059295,-0.069320,-0.419439,-0.903189,-23.469151,120.160103,-6.750108,0.021149,0.288116,-0.415614,-0.862443,-8.999337,137.515564,-8.460517,-0.292833,0.900719,0.156172,-0.280292,2.418837,126.027489,16.279053,-0.291442,0.807766,-0.050610,-0.509917,13.633607,136.301773,9.372414,-0.183717,0.510532,-0.073701,-0.836764,20.853394,146.062286,-10.494315,-0.103890,0.066059,0.028002,-0.991998,9.603594,147.607620,-31.690397,-0.012328,0.968545,0.246615,-0.030829,-8.510398,86.542732,12.765253,0.077731,0.989173,-0.043723,0.116546,-8.209434,56.078327,-3.835554,0.040315,0.949624,-0.135127,0.279876,-15.540874,12.077483,-0.778144,-0.072315,0.987905,-0.038349,-0.131697,8.726155,87.273117,9.219400,-0.026791,0.921453,-0.346287,-0.174045,14.033876,53.042839,11.187409,0.028319,0.911601,-0.409886,0.013202,21.630981,19.118191,39.304562,0.040315,0.949624,-0.135127,0.279876,-9.534487,2.892850,-10.095983,0.028319,0.911601,-0.409886,0.013202,21.284775,5.445234,34.811611
681,5.675000,-0.022853,0.994707,-0.020355,-0.098090,0.036179,86.946228,10.940115,0.064063,0.986983,0.107559,-0.100958,-0.320964,94.153885,10.680070,-0.148238,0.984571,0.043356,-0.082257,2.571255,113.060616,14.571881,0.002192,0.986192,-0.052968,-0.156895,-2.562214,130.227386,16.550522,0.042137,0.946679,-0.199999,-0.249044,-3.275512,143.617676,13.450439,-0.058171,0.963350,0.261039,0.020794,-4.297377,123.955406,17.327076,-0.123056,0.741406,0.070946,0.655851,-20.874184,122.264572,16.150532,-0.057907,-0.067274,-0.419317,-0.903490,-23.422083,120.182884,-6.898419,0.022828,0.289736,-0.415472,-0.861925,-8.930781,137.534332,-8.553173,-0.292544,0.901671,0.155699,-0.277787,2.337748,126.060532,16.277298,-0.289708,0.809306,-0.050163,-0.508505,13.604871,136.317963,9.431082,-0.182853,0.512648,-0.072045,-0.835803,20.938513,146.047974,-10.408881,-0.104085,0.068774,0.029772,-0.991741,9.781277,147.660629,-31.648827,-0.012855,0.968902,0.245388,-0.029136,-8.591480,86.581017,12.666790,0.077365,0.989096,-0.044146,0.117278,-8.223317,56.075634,-3.857216,0.040536,0.949751,-0.134873,0.279535,-15.529180,12.073049,-0.763922,-0.072665,0.988027,-0.039230,-0.130319,8.663837,87.311432,9.213440,-0.027115,0.921779,-0.345562,-0.173712,14.000448,53.089417,11.245956,0.027827,0.911601,-0.409899,0.013831,21.603485,19.121462,39.309166,0.040536,0.949751,-0.134873,0.279535,-9.532038,2.892494,-10.091724,0.027827,0.911601,-0.409899,0.013831,21.279922,5.447712,34.816948
682,5.683333,-0.022370,0.994956,-0.021096,-0.095489,-0.052343,86.965965,10.922666,0.064039,0.987246,0.107850,-0.098042,-0.402881,94.173492,10.650381,-0.147670,0.984909,0.043115,-0.079304,2.477928,113.077904,14.561903,0.003122,0.986638,-0.052922,-0.154059,-2.642490,130.251480,16.515125,0.042455,0.947384,-0.199488,-0.246712,-3.316982,143.642319,13.408751,-0.058658,0.963207,0.261208,0.023708,-4.391190,123.981789,17.279669,-0.123494,0.739471,0.070789,0.657967,-20.961765,122.301102,16.004881,-0.056096,-0.064965,-0.419180,-0.903837,-23.375170,120.217621,-7.058382,0.024549,0.291610,-0.415078,-0.861435,-8.864699,137.558823,-8.654373,-0.292668,0.902637,0.155166,-0.274801,2.253018,126.077675,16.269594,-0.288175,0.810872,-0.050153,-0.506879,13.572844,136.327866,9.499892,-0.181025,0.514742,-0.070186,-0.835072,21.024632,146.025116,-10.312067,-0.103127,0.071457,0.033809,-0.991522,9.958147,147.688156,-31.595560,-0.013587,0.969127,0.244692,-0.027109,-8.689258,86.609444,12.604302,0.077230,0.988882,-0.044376,0.119072,-8.235839,56.081749,-3.876318,0.040567,0.949560,-0.135101,0.280069,-15.537760,12.079107,-0.774474,-0.073316,0.988290,-0.039657,-0.127809,8.584571,87.322495,9.241030,-0.027449,0.921940,-0.345064,-0.173790,13.964117,53.109406,11.310439,0.027441,0.911926,-0.409193,0.014129,21.589815,19.112375,39.332272,0.040567,0.949560,-0.135101,0.280069,-9.530786,2.893452,-10.090922,0.027441,0.911926,-0.409193,0.014129,21.280891,5.445179,34.819122
683,5.691667,-0.022126,0.995222,-0.021144,-0.092717,-0.135293,86.998978,10.886240,0.063737,0.987521,0.108291,-0.094939,-0.481627,94.206635,10.611952,-0.147029,0.985260,0.042967,-0.076150,2.376791,113.108826,14.550514,0.003590,0.987128,-0.052713,-0.150954,-2.728034,130.289673,16.480450,0.043305,0.948207,-0.199075,-0.243716,-3.374070,143.681885,13.373920,-0.058567,0.963180,0.261021,0.026855,-4.491597,124.022438,17.230827,-0.124734,0.737364,0.070720,0.660102,-21.057209,122.372009,15.855947,-0.053509,-0.062409,-0.418835,-0.904333,-23.325262,120.262970,-7.219741,0.026484,0.293575,-0.414696,-0.860895,-8.785035,137.587875,-8.762593,-0.292635,0.903463,0.155348,-0.272004,2.162174,126.108086,16.263420,-0.285604,0.812765,-0.048871,-0.505425,13.533743,136.352509,9.572154,-0.178190,0.517064,-0.067578,-0.834462,21.122753,146.011429,-10.206410,-0.102011,0.074425,0.038859,-0.991234,10.154255,147.730881,-31.536097,-0.014109,0.969449,0.243599,-0.025078,-8.781587,86.645676,12.519667,0.076762,0.988780,-0.044757,0.120077,-8.256376,56.081940,-3.891884,0.040780,0.949706,-0.134900,0.279639,-15.524355,12.075895,-0.758715,-0.073877,0.988293,-0.040649,-0.127148,8.511001,87.352280,9.252812,-0.027901,0.922213,-0.344248,-0.173890,13.935961,53.150452,11.388634,0.027422,0.912084,-0.408839,0.014203,21.589947,19.105328,39.344288,0.040780,0.949706,-0.134900,0.279639,-9.528703,2.893212,-10.085384,0.027422,0.912084,-0.408839,0.014203,21.283180,5.441575,34.820572
684,5.700000,-0.021997,0.995502,-0.020916,-0.089746,-0.223158,87.056572,10.835823,0.063476,0.987750,0.109102,-0.091750,-0.566535,94.264442,10.563612,-0.146369,0.985616,0.042755,-0.072864,2.271834,113.161041,14.543286,0.004302,0.987625,-0.052662,-0.147666,-2.817084,130.349518,16.447113,0.044180,0.949043,-0.198675,-0.240612,-3.427897,143.742126,13.335217,-0.059561,0.963018,0.261063,0.029926,-4.595871,124.084892,17.183290,-0.124745,0.735336,0.069836,0.662452,-21.151735,122.429642,15.700994,-0.051953,-0.060402,-0.418369,-0.904776,-23.274937,120.312485,-7.387728,0.028000,0.295073,-0.413247,-0.861031,-8.702352,137.621658,-8.880507,-0.292310,0.904493,0.155012,-0.269106,2.067518,126.159927,16.260267,-0.282943,0.814740,-0.047642,-0.503858,13.497814,136.386551,9.642251,-0.176473,0.519515,-0.065444,-0.833474,21.230925,146.003204,-10.101062,-0.101977,0.077439,0.041276,-0.990909,10.370964,147.789520,-31.480726,-0.014644,0.969849,0.242233,-0.022380,-8.879098,86.703941,12.417480,0.076836,0.988415,-0.044996,0.122916,-8.269735,56.095242,-3.907140,0.040695,0.949361,-0.135314,0.280619,-15.555683,12.092132,-0.774537,-0.074282,0.988442,-0.041611,-0.125433,8.432781,87.409195,9.254166,-0.028529,0.922742,-0.343014,-0.173419,13.889829,53.217030,11.461669,0.031049,0.911384,-0.410017,0.017370,21.563301,19.099266,39.323254,0.040695,0.949361,-0.135314,0.280619,-9.539896,2.901070,-10.079964,0.031049,0.911384,-0.410017,0.017370,21.239721,5.424232,34.834938
685,5.708333,-0.021733,0.995782,-0.021106,-0.086609,-0.314376,87.102737,10.799414,0.063297,0.988040,0.109510,-0.088194,-0.653323,94.310661,10.523062,-0.145900,0.985959,0.042518,-0.069212,2.165112,113.204666,14.529127,0.004749,0.988233,-0.051541,-0.143934,-2.915147,130.398834,16.404608,0.045456,0.949993,-0.198581,-0.236671,-3.491448,143.798477,13.316515,-0.059721,0.962851,0.261223,0.033385,-4.707402,124.136162,17.124636,-0.126012,0.733154,0.070239,0.664584,-21.255322,122.506454,15.529549,-0.049214,-0.057509,-0.417813,-0.905375,-23.231972,120.378098,-7.571165,0.030232,0.296911,-0.412120,-0.860864,-8.618453,137.667038,-9.000416,-0.292228,0.905697,0.154588,-0.265364,1.965228,126.202950,16.251186,-0.280485,0.816686,-0.047183,-0.502122,13.463976,136.415695,9.731012,-0.172520,0.521610,-0.062695,-0.833205,21.342903,145.979111,-9.980495,-0.100154,0.080034,0.050011,-0.990486,10.570865,147.795013,-31.402122,-0.014966,0.970254,0.240816,-0.019790,-8.980266,86.753777,12.326480,0.076378,0.988222,-0.045140,0.124687,-8.303349,56.098240,-3.907339,0.040683,0.949352,-0.135231,0.280692,-15.556219,12.090004,-0.769930,-0.074933,0.988551,-0.042681,-0.123819,8.351514,87.451691,9.272348,-0.029049,0.922890,-0.342232,-0.174092,13.858332,53.272522,11.556259,0.027108,0.912056,-0.408916,0.014385,21.583555,19.109470,39.347973,0.040683,0.949352,-0.135231,0.280692,-9.538253,2.900804,-10.075789,0.027108,0.912056,-0.408916,0.014385,21.286926,5.444686,34.826698
686,5.716667,-0.021397,0.996059,-0.021507,-0.083342,-0.408684,87.159134,10.765715,0.063265,0.988299,0.110041,-0.084579,-0.742380,94.367020,10.482078,-0.145366,0.986303,0.042320,-0.065454,2.061748,113.256645,14.518753,0.005552,0.988728,-0.051907,-0.140326,-3.007552,130.457016,16.366690,0.046299,0.950884,-0.197798,-0.233564,-3.546275,143.854385,13.261957,-0.059988,0.962809,0.260866,0.036726,-4.814174,124.196533,17.069504,-0.125689,0.731037,0.069147,0.667087,-21.353193,122.587013,15.365364,-0.047448,-0.055431,-0.417213,-0.905875,-23.178410,120.456375,-7.747593,0.032263,0.298789,-0.410973,-0.860689,-8.532268,137.720154,-9.127508,-0.292261,0.906909,0.153637,-0.261715,1.867770,126.254181,16.247171,-0.277850,0.818917,-0.046730,-0.499991,13.430114,136.452606,9.817699,-0.172030,0.524323,-0.060412,-0.831770,21.476969,145.959869,-9.853086,-0.101694,0.083526,0.052350,-0.989920,10.827917,147.881622,-31.326902,-0.015214,0.970681,0.239301,-0.016818,-9.084606,86.815331,12.235909,0.075881,0.988021,-0.045224,0.126536,-8.339124,56.109818,-3.900160,0.040980,0.949334,-0.135245,0.280703,-15.555173,12.095502,-0.763106,-0.075397,0.988518,-0.043748,-0.123428,8.267239,87.502937,9.295520,-0.029064,0.923209,-0.340974,-0.174865,13.813654,53.335007,11.650570,0.030788,0.911631,-0.409459,0.018029,21.544970,19.095167,39.345913,0.040980,0.949334,-0.135245,0.280703,-9.541411,2.904128,-10.069533,0.030788,0.911631,-0.409459,0.018029,21.240294,5.425061,34.841301
687,5.725000,-0.020767,0.996371,-0.021634,-0.079664,-0.525427,87.215790,10.720697,0.063367,0.988547,0.110701,-0.080648,-0.849150,94.423981,10.433272,-0.144949,0.986633,0.042053,-0.061461,1.944735,113.307404,14.505899,0.006526,0.989323,-0.051404,-0.136214,-3.118157,130.512955,16.322971,0.047446,0.951905,-0.197263,-0.229595,-3.608929,143.913452,13.223776,-0.059935,0.962722,0.260629,0.040575,-4.937945,124.254295,17.007900,-0.125935,0.728790,0.068396,0.669573,-21.467237,122.679878,15.181017,-0.045630,-0.052998,-0.416522,-0.906432,-23.134876,120.538628,-7.942866,0.033901,0.300291,-0.409576,-0.860769,-8.447732,137.778397,-9.260171,-0.291699,0.908224,0.153296,-0.257956,1.752837,126.304222,16.239941,-0.274509,0.821232,-0.045110,-0.498185,13.391408,136.476212,9.906834,-0.167279,0.526349,-0.056971,-0.831702,21.608168,145.927200,-9.720785,-0.099700,0.086267,0.061903,-0.989336,11.042070,147.883286,-31.232447,-0.015590,0.971183,0.237430,-0.013738,-9.212377,86.881714,12.126617,0.074895,0.988033,-0.045278,0.127007,-8.388080,56.115116,-3.888804,0.041250,0.949686,-0.134928,0.279624,-15.519598,12.087938,-0.738968,-0.076299,0.988823,-0.044671,-0.120054,8.161523,87.549858,9.314777,-0.029517,0.923424,-0.340122,-0.175313,13.768920,53.397091,11.744219,0.026593,0.912295,-0.408366,0.015715,21.538511,19.107761,39.367542,0.041250,0.949686,-0.134928,0.279624,-9.531347,2.901702,-10.066893,0.026593,0.912295,-0.408366,0.015715,21.279161,5.447438,34.830524
688,5.733333,-0.020903,0.996665,-0.021292,-0.075953,-0.629465,87.262222,10.666297,0.063053,0.988845,0.111120,-0.076567,-0.953709,94.470551,10.382742,-0.143863,0.987044,0.041943,-0.057337,1.812393,113.351891,14.483855,0.007449,0.989884,-0.051090,-0.132151,-3.220484,130.569077,16.273874,0.048444,0.952924,-0.196503,-0.225776,-3.665625,143.971436,13.175833,-0.059863,0.962555,0.260654,0.044317,-5.061998,124.314621,16.938841,-0.126264,0.726463,0.067768,0.672099,-21.580967,122.775475,14.992433,-0.043292,-0.050092,-0.416011,-0.906946,-23.086927,120.625130,-8.141697,0.036534,0.302459,-0.408871,-0.860237,-8.368150,137.840729,-9.385757,-0.291164,0.909524,0.153166,-0.254026,1.640098,126.347771,16.226973,-0.272419,0.823650,-0.045876,-0.495262,13.356291,136.494934,9.998049,-0.167684,0.529127,-0.054681,-0.830010,21.761477,145.885132,-9.578894,-0.100593,0.089298,0.062810,-0.988920,11.324065,147.969986,-31.141224,-0.016143,0.971555,0.235975,-0.011698,-9.326488,86.923775,12.007405,0.074759,0.987560,-0.045716,0.130562,-8.429720,56.110596,-3.914318,0.040975,0.949344,-0.134750,0.280909,-15.565584,12.085176,-0.749932,-0.076635,0.988944,-0.046123,-0.118280,8.067558,87.600677,9.325189,-0.029279,0.923660,-0.338774,-0.176712,13.705052,53.460621,11.861300,0.029599,0.912057,-0.408527,0.019537,21.476831,19.088184,39.380527,0.040975,0.949344,-0.134750,0.280909,-9.544720,2.904463,-10.062287,0.029599,0.912057,-0.408527,0.019537,21.227694,5.425757,34.849277
689,5.741667,-0.020475,0.996953,-0.021775,-0.072052,-0.738633,87.321991,10.626986,0.062895,0.989130,0.111528,-0.072299,-1.056105,94.530266,10.334768,-0.142800,0.987449,0.041676,-0.053065,1.687227,113.408852,14.463808,0.008267,0.990428,-0.050967,-0.128009,-3.316864,130.637833,16.220724,0.049382,0.953969,-0.195548,-0.221959,-3.719517,144.040771,13.119386,-0.060224,0.962292,0.260820,0.048373,-5.179829,124.387726,16.866594,-0.126911,0.724353,0.067649,0.674263,-21.684790,122.873100,14.786696,-0.041178,-0.047257,-0.415461,-0.907449,-23.047443,120.716431,-8.355721,0.038643,0.304167,-0.407670,-0.860113,-8.290296,137.914749,-9.525576,-0.290979,0.910945,0.152407,-0.249565,1.533199,126.404190,16.212633,-0.268931,0.826051,-0.044855,-0.493259,13.328059,136.530380,10.099106,-0.163694,0.531227,-0.050896,-0.829706,21.913403,145.844620,-9.435907,-0.098905,0.093880,0.071603,-0.988068,11.563878,147.996246,-31.034004,-0.016277,0.972008,0.234233,-0.008343,-9.446136,86.990097,11.899994,0.074135,0.987402,-0.045724,0.132104,-8.483894,56.120396,-3.908005,0.041005,0.949328,-0.134761,0.280954,-15.569988,12.086728,-0.746463,-0.077393,0.989200,-0.047181,-0.115182,7.968868,87.653885,9.353976,-0.029666,0.924229,-0.337553,-0.176007,13.658275,53.528774,11.973985,0.026733,0.912636,-0.407440,0.019334,21.422968,19.084555,39.405315,0.041005,0.949328,-0.134761,0.280954,-9.548647,2.905579,-10.058081,0.026733,0.912636,-0.407440,0.019334,21.231873,5.431715,34.842457
690,5.750000,-0.019534,0.997247,-0.022676,-0.067840,-0.874617,87.382683,10.596314,0.062996,0.989367,0.112059,-0.068029,-1.178181,94.590927,10.288862,-0.142047,0.987789,0.041339,-0.048856,1.552460,113.464371,14.449686,0.009528,0.990991,-0.050688,-0.123604,-3.433496,130.702087,16.172106,0.050349,0.955042,-0.194779,-0.217762,-3.779932,144.106476,13.070271,-0.059767,0.962088,0.260837,0.052712,-5.313661,124.455261,16.799612,-0.127350,0.722102,0.066871,0.676668,-21.805796,122.993576,14.584530,-0.039215,-0.045012,-0.414623,-0.908033,-23.011944,120.818481,-8.564848,0.039973,0.305805,-0.406453,-0.860047,-8.212997,137.986099,-9.682012,-0.290397,0.912428,0.151958,-0.245060,1.408424,126.459244,16.202824,-0.265353,0.828628,-0.044249,-0.490923,13.289039,136.555481,10.206949,-0.158104,0.533135,-0.046939,-0.829799,22.070435,145.782654,-9.282166,-0.095670,0.096280,0.083340,-0.987234,11.800012,147.963669,-30.915039,-0.016680,0.972451,0.232454,-0.005079,-9.593158,87.066666,11.795669,0.073374,0.987158,-0.045673,0.134350,-8.549560,56.140266,-3.895896,0.040942,0.949283,-0.134990,0.281005,-15.575391,12.096143,-0.745571,-0.078262,0.989525,-0.048111,-0.111355,7.843924,87.698692,9.396959,-0.028954,0.924165,-0.336509,-0.178444,13.589440,53.589130,12.095730,0.025607,0.913120,-0.406355,0.020781,21.351988,19.078249,39.443745,0.040942,0.949283,-0.134990,0.281005,-9.553252,2.910469,-10.052202,0.025607,0.913120,-0.406355,0.020781,21.214048,5.435185,34.849838
691,5.758333,-0.019070,0.997534,-0.023033,-0.063499,-0.990638,87.449272,10.553277,0.062953,0.989672,0.112278,-0.063091,-1.286496,94.657532,10.238932,-0.140805,0.988200,0.041349,-0.043868,1.422176,113.529274,14.421794,0.009734,0.991583,-0.050615,-0.118768,-3.529055,130.779633,16.117662,0.051542,0.956301,-0.193586,-0.212970,-3.846244,144.184189,13.013402,-0.059942,0.961872,0.260720,0.056866,-5.433867,124.537674,16.718647,-0.126496,0.720068,0.064912,0.679181,-21.910099,123.106750,14.369163,-0.038702,-0.043152,-0.414298,-0.908294,-22.967672,120.918251,-8.786221,0.041046,0.307008,-0.404548,-0.860467,-8.151972,138.069641,-9.837246,-0.289971,0.913744,0.151845,-0.240692,1.299678,126.522293,16.190269,-0.261042,0.831421,-0.042869,-0.488629,13.259437,136.595230,10.313705,-0.155718,0.535557,-0.043197,-0.828894,22.251118,145.726151,-9.124803,-0.095091,0.100695,0.087290,-0.986508,12.088943,148.015350,-30.797592,-0.016869,0.972911,0.230553,-0.002217,-9.719540,87.139984,11.676644,0.072557,0.987033,-0.045549,0.135748,-8.616147,56.152977,-3.890774,0.040993,0.949256,-0.135036,0.281065,-15.573266,12.097177,-0.751154,-0.079178,0.989763,-0.049282,-0.108037,7.738263,87.758553,9.429910,-0.029554,0.925203,-0.334967,-0.175850,13.545675,53.666901,12.221001,0.024383,0.913528,-0.405408,0.022714,21.258324,19.066542,39.469891,0.040993,0.949256,-0.135036,0.281065,-9.550820,2.910195,-10.056303,0.024383,0.913528,-0.405408,0.022714,21.184931,5.431872,34.849655
692,5.766667,-0.018647,0.997820,-0.023025,-0.058974,-1.109495,87.515877,10.497962,0.062677,0.989961,0.112625,-0.058005,-1.397830,94.724380,10.182036,-0.139696,0.988578,0.041238,-0.038714,1.279379,113.594437,14.392684,0.011090,0.992173,-0.050120,-0.113834,-3.642086,130.856339,16.057474,0.052275,0.957411,-0.192572,-0.208681,-3.897249,144.263489,12.958688,-0.059761,0.961593,0.260860,0.060982,-5.569805,124.618927,16.632099,-0.127758,0.717846,0.065183,0.681269,-22.030558,123.230515,14.152220,-0.035624,-0.040001,-0.413639,-0.908864,-22.940971,121.027847,-9.008077,0.043939,0.309217,-0.403972,-0.859803,-8.081876,138.159424,-9.989610,-0.289218,0.915320,0.151487,-0.235785,1.174113,126.585793,16.174355,-0.256754,0.834225,-0.042104,-0.486183,13.226552,136.623245,10.427864,-0.151749,0.537477,-0.038961,-0.828597,22.432692,145.643860,-8.961703,-0.092564,0.104190,0.094701,-0.985702,12.352860,148.014297,-30.664200,-0.016978,0.973396,0.228500,0.000424,-9.848438,87.212082,11.541949,0.071787,0.986930,-0.045533,0.136905,-8.694937,56.159927,-3.891462,0.040812,0.949205,-0.134901,0.281329,-15.587929,12.094053,-0.751802,-0.079968,0.989985,-0.050728,-0.104699,7.629448,87.819679,9.453975,-0.029370,0.925800,-0.333489,-0.175546,13.491416,53.746784,12.357762,0.023022,0.914015,-0.404269,0.024749,21.158072,19.057106,39.505898,0.040812,0.949205,-0.134901,0.281329,-9.556455,2.911106,-10.055083,0.023022,0.914015,-0.404269,0.024749,21.154381,5.433005,34.854012
693,5.775000,-0.017589,0.998102,-0.023596,-0.054098,-1.241150,87.599609,10.456329,0.062167,0.990143,0.113575,-0.053418,-1.513133,94.808281,10.129942,-0.138316,0.988956,0.040669,-0.034352,1.126619,113.672424,14.390408,0.012120,0.992714,-0.049463,-0.109202,-3.754721,130.949844,16.011778,0.053477,0.958508,-0.191932,-0.203874,-3.957689,144.360535,12.924531,-0.059755,0.961251,0.260917,0.065934,-5.707010,124.718567,16.569809,-0.127551,0.715750,0.063454,0.683672,-22.146780,123.374329,13.931508,-0.033816,-0.037647,-0.413195,-0.909235,-22.906906,121.143272,-9.231478,0.046422,0.311153,-0.404205,-0.858864,-8.014335,138.266418,-10.151698,-0.288124,0.917004,0.150739,-0.231011,1.046797,126.664162,16.170687,-0.251876,0.837239,-0.041136,-0.483629,13.194781,136.654449,10.544476,-0.145807,0.538699,-0.034144,-0.829082,22.631763,145.547745,-8.792849,-0.088975,0.107995,0.106704,-0.984396,12.598270,147.964279,-30.511713,-0.017263,0.973895,0.226313,0.003729,-9.990476,87.312889,11.414646,0.070731,0.986720,-0.045125,0.139082,-8.765325,56.192375,-3.874867,0.041088,0.949134,-0.135639,0.281172,-15.567642,12.109738,-0.772928,-0.080846,0.990241,-0.051956,-0.100936,7.508176,87.886337,9.498013,-0.029765,0.926756,-0.331890,-0.173458,13.427283,53.831993,12.501848,0.021595,0.914527,-0.403034,0.027156,21.042040,19.049253,39.545307,0.041088,0.949134,-0.135639,0.281172,-9.547503,2.909195,-10.066162,0.021595,0.914527,-0.403034,0.027156,21.116814,5.436941,34.859631
694,5.783333,-0.017466,0.998345,-0.024085,-0.049209,-1.354484,87.670624,10.412392,0.061958,0.990381,0.114009,-0.048060,-1.623440,94.879021,10.077534,-0.137058,0.989317,0.040344,-0.028964,0.985855,113.740326,14.369212,0.013146,0.993255,-0.049435,-0.104058,-3.860664,131.031174,15.951363,0.054090,0.959699,-0.190581,-0.199327,-4.010989,144.441406,12.859054,-0.059170,0.961347,0.259625,0.070048,-5.837478,124.805405,16.483868,-0.127843,0.713632,0.062206,0.685942,-22.260895,123.512611,13.720913,-0.031695,-0.035309,-0.412920,-0.909530,-22.872791,121.251282,-9.443542,0.048936,0.313062,-0.404187,-0.858039,-7.966419,138.356705,-10.307590,-0.287290,0.918655,0.150173,-0.225800,0.926010,126.730965,16.158272,-0.246402,0.840287,-0.039280,-0.481313,13.169563,136.681030,10.669600,-0.139609,0.539482,-0.028102,-0.829867,22.837639,145.441895,-8.613952,-0.083589,0.113092,0.117429,-0.983074,12.826610,147.942963,-30.333626,-0.017388,0.974338,0.224332,0.006199,-10.112784,87.384377,11.285062,0.069933,0.986457,-0.045201,0.141311,-8.840675,56.202232,-3.874514,0.040979,0.949086,-0.135565,0.281388,-15.580916,12.110183,-0.770920,-0.081577,0.990479,-0.053177,-0.097311,7.403818,87.956871,9.539721,-0.029637,0.927579,-0.330297,-0.172112,13.369656,53.919674,12.643744,0.020329,0.915058,-0.401687,0.030054,20.911575,19.041967,39.585114,0.040979,0.949086,-0.135565,0.281388,-9.554136,2.911928,-10.062117,0.020329,0.915058,-0.401687,0.030054,21.071218,5.442905,34.863232
695,5.791667,-0.016503,0.998582,-0.024676,-0.044194,-1.483774,87.755859,10.370761,0.061725,0.990583,0.114569,-0.042545,-1.737536,94.964310,10.025414,-0.135680,0.989661,0.040155,-0.023425,0.839615,113.821747,14.353382,0.013929,0.993773,-0.049582,-0.098812,-3.967656,131.126694,15.900753,0.055030,0.960874,-0.189313,-0.194560,-4.071843,144.535370,12.799840,-0.059467,0.960580,0.260912,0.075331,-5.970398,124.906860,16.405079,-0.128444,0.711646,0.061487,0.687955,-22.366978,123.655113,13.469231,-0.030261,-0.033087,-0.412683,-0.909771,-22.842899,121.368454,-9.695927,0.050139,0.314216,-0.403221,-0.858002,-7.913001,138.472046,-10.496205,-0.286195,0.920342,0.149464,-0.220734,0.802467,126.810684,16.155378,-0.240362,0.843495,-0.037645,-0.478880,13.142570,136.712616,10.797459,-0.136238,0.541211,-0.023118,-0.829455,23.056316,145.313995,-8.433087,-0.081875,0.116545,0.122366,-0.982212,13.122871,147.938248,-30.173838,-0.017404,0.974814,0.222122,0.009817,-10.250901,87.484810,11.155195,0.068945,0.986315,-0.044974,0.142849,-8.922335,56.234215,-3.857893,0.041199,0.949059,-0.136052,0.281210,-15.577798,12.128056,-0.771910,-0.082310,0.990724,-0.054505,-0.093378,7.283353,88.026909,9.586327,-0.029284,0.928222,-0.328641,-0.171880,13.295090,54.007977,12.800036,0.019196,0.915665,-0.400102,0.033278,20.777121,19.030794,39.628906,0.041199,0.949059,-0.136052,0.281210,-9.560678,2.917953,-10.057628,0.019196,0.915665,-0.400102,0.033278,21.025585,5.447829,34.864716
696,5.800000,-0.016034,0.998807,-0.025010,-0.038758,-1.606537,87.830803,10.321919,0.061587,0.990835,0.114607,-0.036309,-1.851829,95.039238,9.970121,-0.133887,0.990030,0.040266,-0.017151,0.692752,113.896988,14.315905,0.014588,0.994300,-0.049311,-0.093396,-4.061327,131.219055,15.835964,0.055855,0.961985,-0.188020,-0.190037,-4.120729,144.628754,12.738308,-0.059650,0.960504,0.260050,0.079046,-6.095881,125.006737,16.304296,-0.128643,0.709613,0.060806,0.690075,-22.472567,123.779358,13.249543,-0.028585,-0.031326,-0.412717,-0.909872,-22.810087,121.482452,-9.917031,0.052096,0.315413,-0.403586,-0.857274,-7.874416,138.586731,-10.676141,-0.285389,0.921977,0.148980,-0.215213,0.687373,126.882729,16.141125,-0.234348,0.846706,-0.037053,-0.476233,13.123272,136.744431,10.932572,-0.131301,0.542174,-0.017772,-0.829754,23.287699,145.162384,-8.248207,-0.078825,0.118975,0.132039,-0.980917,13.393932,147.877289,-29.995922,-0.017218,0.975279,0.219875,0.013767,-10.381876,87.565819,11.010795,0.068108,0.986077,-0.044957,0.144885,-9.006621,56.245869,-3.852810,0.041054,0.949004,-0.136016,0.281436,-15.594766,12.129318,-0.770940,-0.083015,0.991020,-0.055986,-0.088625,7.168801,88.095795,9.633045,-0.028564,0.928758,-0.326896,-0.172428,13.221810,54.096298,12.972540,0.017842,0.916378,-0.398262,0.036321,20.634600,19.013109,39.681961,0.041054,0.949004,-0.136016,0.281436,-9.570464,2.920906,-10.053678,0.017842,0.916378,-0.398262,0.036321,20.973425,5.449511,34.868412
697,5.808333,-0.015409,0.999008,-0.025402,-0.033185,-1.737823,87.916840,10.275112,0.060842,0.990943,0.115658,-0.030873,-1.972312,95.125267,9.916001,-0.132019,0.990378,0.039752,-0.011915,0.520640,113.977142,14.316871,0.015267,0.994762,-0.049450,-0.088146,-4.176250,131.318588,15.793003,0.057276,0.963174,-0.186808,-0.184712,-4.192161,144.726746,12.688090,-0.059869,0.959929,0.260457,0.084346,-6.241588,125.114754,16.238266,-0.128908,0.707529,0.059518,0.692273,-22.588461,123.928703,13.012335,-0.027090,-0.029520,-0.412759,-0.909959,-22.781250,121.600258,-10.152740,0.053726,0.316609,-0.403573,-0.856739,-7.839802,138.706223,-10.865395,-0.283744,0.923663,0.148765,-0.210248,0.550801,126.962303,16.146015,-0.226976,0.850210,-0.034371,-0.473754,13.088550,136.763123,11.068356,-0.125160,0.542888,-0.011364,-0.830349,23.520977,144.990906,-8.050938,-0.075418,0.121291,0.142459,-0.979442,13.655480,147.805313,-29.798836,-0.017187,0.975785,0.217328,0.017797,-10.520565,87.660568,10.865908,0.066972,0.985801,-0.044465,0.147428,-9.088462,56.263256,-3.828140,0.041132,0.948966,-0.136312,0.281409,-15.578511,12.129042,-0.791319,-0.083980,0.991233,-0.057276,-0.084408,7.044919,88.173111,9.684317,-0.028943,0.930097,-0.324879,-0.168923,13.156676,54.194927,13.131998,0.016380,0.916951,-0.396694,0.039581,20.471535,18.996161,39.716045,0.041132,0.948966,-0.136312,0.281409,-9.557509,2.913785,-10.069403,0.016380,0.916951,-0.396694,0.039581,20.907017,5.449686,34.862228
698,5.816667,-0.014604,0.999190,-0.025745,-0.027274,-1.868228,87.991272,10.228151,0.060509,0.991094,0.116016,-0.024725,-2.089110,95.199799,9.862389,-0.130348,0.990661,0.039572,-0.005895,0.363907,114.050018,14.292698,0.015925,0.995245,-0.049191,-0.082551,-4.283319,131.407791,15.733783,0.058489,0.964343,-0.185459,-0.179517,-4.253651,144.816772,12.632650,-0.059532,0.959369,0.260891,0.089461,-6.377664,125.211464,16.147154,-0.129744,0.705494,0.058758,0.694257,-22.696184,124.083122,12.760944,-0.025476,-0.027399,-0.413026,-0.909950,-22.750851,121.720398,-10.401395,0.055394,0.317593,-0.403964,-0.856084,-7.812809,138.833893,-11.056334,-0.282398,0.925567,0.148064,-0.204094,0.422405,127.032852,16.137558,-0.219202,0.853573,-0.032314,-0.471508,13.070792,136.774719,11.223498,-0.118563,0.542926,-0.003563,-0.831361,23.763618,144.777817,-7.847252,-0.070361,0.123816,0.154694,-0.977645,13.894534,147.731567,-29.575031,-0.017178,0.976270,0.214764,0.021883,-10.657693,87.746635,10.714746,0.066239,0.985417,-0.044350,0.150331,-9.167845,56.272434,-3.808068,0.040640,0.948918,-0.136251,0.281672,-15.601039,12.128580,-0.790401,-0.085037,0.991458,-0.058557,-0.079697,6.921236,88.235909,9.741556,-0.028726,0.931110,-0.322962,-0.167046,13.095384,54.280426,13.299899,0.014707,0.917687,-0.394728,0.042724,20.311605,18.969437,39.761806,0.040640,0.948918,-0.136251,0.281672,-9.566808,2.917749,-10.064283,0.014707,0.917687,-0.394728,0.042724,20.846479,5.445038,34.856628
699,5.825000,-0.014169,0.999324,-0.026673,-0.020980,-1.985696,88.078339,10.199453,0.060004,0.991279,0.115960,-0.017854,-2.198269,95.286346,9.818791,-0.128255,0.990941,0.039823,0.000895,0.204490,114.139435,14.264388,0.016576,0.995667,-0.049456,-0.076988,-4.378974,131.516006,15.682992,0.059488,0.965306,-0.184284,-0.175171,-4.305251,144.922562,12.572113,-0.059933,0.958870,0.260910,0.094351,-6.507987,125.328865,16.054688,-0.129602,0.703653,0.057095,0.696288,-22.794876,124.231354,12.509767,-0.024617,-0.025835,-0.413495,-0.909807,-22.719755,121.836044,-10.649178,0.056911,0.318603,-0.404323,-0.855439,-7.796061,138.962799,-11.254819,-0.281154,0.927134,0.148304,-0.198445,0.300183,127.117775,16.139088,-0.210141,0.857057,-0.030435,-0.469434,13.047984,136.809525,11.385424,-0.112016,0.542731,0.004191,-0.832393,24.012829,144.530762,-7.647034,-0.067143,0.125591,0.167796,-0.975481,14.133769,147.622726,-29.351040,-0.017060,0.976755,0.212131,0.025655,-10.780731,87.838814,10.575370,0.065173,0.985276,-0.044143,0.151776,-9.246818,56.286343,-3.771955,0.040046,0.949217,-0.136397,0.280678,-15.588172,12.128321,-0.767208,-0.085890,0.991750,-0.059465,-0.074294,6.809339,88.317863,9.823536,-0.028418,0.932211,-0.320883,-0.164953,13.026698,54.379940,13.472983,0.012946,0.918368,-0.392783,0.046409,20.129004,18.947720,39.803333,0.040046,0.949217,-0.136397,0.280678,-9.567266,2.918136,-10.050394,0.012946,0.918368,-0.392783,0.046409,20.775858,5.446034,34.849323
700,5.833333,-0.013267,0.999436,-0.027151,-0.014637,-2.119236,88.154495,10.160036,0.059905,0.991334,0.116371,-0.011205,-2.316480,95.362488,9.770932,-0.127109,0.991070,0.039586,0.007521,0.052640,114.212326,14.248289,0.017795,0.996087,-0.049436,-0.071058,-4.499910,131.600113,15.628282,0.060685,0.966380,-0.182847,-0.170278,-4.364324,145.005554,12.514586,-0.059673,0.958577,0.260195,0.099343,-6.651080,125.418602,15.964383,-0.131099,0.701456,0.057083,0.698222,-22.906708,124.371162,12.264235,-0.022810,-0.024246,-0.414326,-0.909519,-22.687788,121.944939,-10.890574,0.058003,0.319403,-0.405073,-0.854712,-7.783136,139.106827,-11.463635,-0.279399,0.929130,0.147788,-0.191866,0.160426,127.188072,16.140175,-0.200501,0.860589,-0.028054,-0.467331,13.026863,136.808197,11.563974,-0.104668,0.541824,0.013364,-0.833843,24.267756,144.232483,-7.425550,-0.062613,0.127599,0.183046,-0.972776,14.349124,147.496216,-29.086315,-0.017193,0.977156,0.209670,0.030149,-10.918683,87.927956,10.424039,0.064488,0.984888,-0.044131,0.154561,-9.314250,56.303764,-3.756696,0.039857,0.949184,-0.136502,0.280762,-15.603852,12.137711,-0.761298,-0.087203,0.991993,-0.060533,-0.068419,6.680212,88.381035,9.896032,-0.028144,0.933560,-0.318759,-0.161454,12.970170,54.467762,13.648808,0.011429,0.919288,-0.390119,0.050854,19.921911,18.912617,39.853325,0.039857,0.949184,-0.136502,0.280762,-9.578905,2.926470,-10.040808,0.011429,0.919288,-0.390119,0.050854,20.691801,5.442300,34.831966
701,5.841667,-0.012526,0.999503,-0.027834,-0.007887,-2.246279,88.238541,10.132740,0.059489,0.991381,0.116644,-0.004375,-2.430272,95.446274,9.732375,-0.125045,0.991264,0.039494,0.014128,-0.108095,114.295555,14.236535,0.018976,0.996449,-0.049899,-0.065115,-4.597138,131.702377,15.584287,0.061166,0.967459,-0.181536,-0.165309,-4.401518,145.103577,12.455619,-0.059697,0.958273,0.259120,0.104912,-6.781239,125.530502,15.882969,0.120028,-0.700114,-0.041889,-0.702623,-22.998770,124.527550,12.007477,-0.029730,-0.026824,-0.416366,-0.908315,-22.622248,121.985054,-11.132820,0.059357,0.320111,-0.406122,-0.853857,-7.778640,139.245193,-11.678711,-0.277572,0.931193,0.146855,-0.185111,0.035582,127.267838,16.149675,-0.189883,0.864016,-0.025670,-0.465577,13.021086,136.811264,11.752726,-0.096640,0.540499,0.023458,-0.835447,24.531183,143.894333,-7.205842,-0.057389,0.128319,0.199353,-0.969793,14.561462,147.349289,-28.813431,-0.017272,0.977533,0.207125,0.035079,-11.048740,88.021896,10.277727,0.063472,0.984455,-0.043830,0.157793,-9.372999,56.324314,-3.729837,0.041049,0.949210,-0.136380,0.280562,-15.579117,12.144261,-0.766929,-0.088357,0.992105,-0.061882,-0.063958,6.556181,88.455185,9.987754,-0.027211,0.934590,-0.316605,-0.159884,12.913561,54.567444,13.855714,0.008905,0.920726,-0.386349,0.054027,19.714409,18.885317,39.926888,0.041049,0.949210,-0.136380,0.280562,-9.575415,2.928090,-10.055305,0.008905,0.920726,-0.386349,0.054027,20.604866,5.460423,34.804825
702,5.850000,-0.011573,0.999537,-0.028134,-0.000801,-2.374941,88.315948,10.103234,0.058431,0.991340,0.117582,0.002198,-2.542330,95.523766,9.697234,-0.122840,0.991453,0.038984,0.020305,-0.291237,114.369354,14.252687,0.020145,0.996761,-0.050369,-0.059372,-4.710752,131.797333,15.556270,0.062176,0.968475,-0.180383,-0.160162,-4.456246,145.194153,12.413120,-0.059929,0.957742,0.258436,0.111126,-6.928650,125.636116,15.824514,0.133652,-0.697084,-0.055456,-0.702236,-23.100407,124.678040,11.751395,-0.019810,-0.021247,-0.416567,-0.908641,-22.588238,122.153114,-11.388235,0.060133,0.321127,-0.409110,-0.851992,-7.764924,139.381683,-11.890824,-0.275904,0.932904,0.146872,-0.178874,-0.107129,127.339722,16.175388,-0.178110,0.867603,-0.023361,-0.463676,12.985081,136.816513,11.954215,-0.087752,0.538596,0.034867,-0.837256,24.779192,143.507797,-6.972103,-0.050877,0.129516,0.217514,-0.966087,14.742723,147.185165,-28.511984,-0.017204,0.977967,0.204189,0.039894,-11.178894,88.112602,10.123075,0.062821,0.984004,-0.043581,0.160905,-9.446187,56.331051,-3.685886,0.040901,0.949219,-0.136027,0.280725,-15.601113,12.141705,-0.754954,-0.089723,0.992406,-0.062392,-0.056459,6.429012,88.519287,10.083394,-0.026618,0.936247,-0.314159,-0.155041,12.852064,54.652809,14.028400,0.009272,0.921581,-0.383206,0.061288,19.436255,18.829891,39.961754,0.040901,0.949219,-0.136027,0.280725,-9.589865,2.934045,-10.046896,0.009272,0.921581,-0.383206,0.061288,20.467892,5.442891,34.767513
703,5.858333,-0.010699,0.999510,-0.028674,0.006517,-2.499732,88.394310,10.080509,0.058125,0.991306,0.117635,0.009785,-2.651476,95.601967,9.665589,-0.120617,0.991542,0.039086,0.027705,-0.447122,114.448456,14.240116,0.020924,0.997078,-0.051036,-0.052843,-4.798069,131.895645,15.516912,0.062495,0.969588,-0.179094,-0.154658,-4.491498,145.287033,12.355282,-0.060240,0.956990,0.258571,0.116969,-7.050318,125.745094,15.739867,0.134623,-0.695006,-0.054296,-0.704198,-23.176296,124.829552,11.479788,-0.018299,-0.019456,-0.418115,-0.908001,-22.523523,122.253159,-11.650618,0.062323,0.322139,-0.411972,-0.850071,-7.753070,139.533600,-12.106048,-0.273884,0.934970,0.146126,-0.171656,-0.226181,127.413727,16.193020,-0.164937,0.870736,-0.020055,-0.462832,12.987659,136.806763,12.168229,-0.076251,0.535054,0.048245,-0.839986,25.028606,143.062088,-6.751760,-0.041687,0.129628,0.240203,-0.961125,14.862725,146.973572,-28.189463,-0.016931,0.978358,0.201277,0.044919,-11.303288,88.202675,9.971189,0.062126,0.983510,-0.043305,0.164233,-9.526505,56.338524,-3.640424,0.039388,0.949401,-0.135848,0.280414,-15.626442,12.139267,-0.744193,-0.090970,0.992541,-0.063466,-0.050590,6.303825,88.585945,10.189830,-0.025426,0.937813,-0.311546,-0.150999,12.791988,54.744495,14.241595,0.009375,0.923016,-0.378471,0.068653,19.131113,18.769777,40.025455,0.039388,0.949401,-0.135848,0.280414,-9.598613,2.945037,-10.038689,0.009375,0.923016,-0.378471,0.068653,20.314962,5.440442,34.716637
704,5.866667,-0.009871,0.999438,-0.028841,0.013948,-2.613031,88.471146,10.055652,0.057512,0.991210,0.117849,0.017536,-2.749704,95.678902,9.637362,-0.118455,0.991558,0.039168,0.035305,-0.605057,114.526199,14.236912,0.021381,0.997425,-0.050200,-0.046552,-4.889577,131.991806,15.486346,0.063470,0.970363,-0.178961,-0.149469,-4.538519,145.387451,12.347509,-0.060361,0.956417,0.258019,0.122675,-7.174799,125.851906,15.662545,0.123947,-0.693240,-0.039448,-0.708872,-23.254614,124.980690,11.222463,-0.025237,-0.022279,-0.421160,-0.906362,-22.422836,122.281708,-11.888213,0.063114,0.323101,-0.414658,-0.848340,-7.742524,139.703110,-12.324097,-0.271807,0.936804,0.145885,-0.165035,-0.350124,127.486145,16.220757,-0.150989,0.874149,-0.016445,-0.461298,12.976053,136.797302,12.380327,-0.066081,0.531580,0.061754,-0.842166,25.288189,142.590057,-6.512396,-0.033592,0.129246,0.259753,-0.956397,15.015597,146.780975,-27.846182,-0.016676,0.978767,0.198106,0.049913,-11.414210,88.290298,9.815143,0.061632,0.983078,-0.042886,0.167091,-9.595506,56.337677,-3.581852,0.039088,0.949391,-0.135326,0.280740,-15.654402,12.129725,-0.732588,-0.092474,0.992774,-0.064077,-0.041735,6.188147,88.651993,10.296160,-0.024115,0.939752,-0.308895,-0.144461,12.744162,54.835087,14.442534,0.009374,0.924454,-0.373158,0.077784,18.761126,18.707514,40.089500,0.039088,0.949391,-0.135326,0.280740,-9.612405,2.948607,-10.030847,0.009374,0.924454,-0.373158,0.077784,20.136932,5.445586,34.659523
705,5.875000,-0.008772,0.999294,-0.029485,0.021559,-2.728281,88.548454,10.051891,0.057365,0.991082,0.117436,0.025953,-2.845697,95.755974,9.623621,-0.116395,0.991457,0.039455,0.043681,-0.745299,114.607712,14.225351,0.021981,0.997692,-0.050624,-0.039569,-4.968047,132.089951,15.452379,0.063708,0.971360,-0.177951,-0.143996,-4.567021,145.481735,12.303084,-0.060999,0.955730,0.257677,0.128300,-7.284522,125.960457,15.574265,0.125353,-0.690767,-0.038947,-0.711064,-23.314575,125.117279,10.952571,-0.024003,-0.021002,-0.423585,-0.905295,-22.321587,122.374771,-12.146614,0.064233,0.323807,-0.417306,-0.846687,-7.734421,139.870316,-12.549670,-0.269481,0.938723,0.145501,-0.158138,-0.462352,127.560974,16.248680,-0.136008,0.877234,-0.012843,-0.460215,12.980342,136.781006,12.599200,-0.055105,0.526693,0.076071,-0.844850,25.539165,142.061508,-6.281258,-0.025094,0.128535,0.282006,-0.950432,15.112755,146.548523,-27.479761,-0.016476,0.979053,0.195258,0.055301,-11.525061,88.382874,9.677006,0.060563,0.982625,-0.042190,0.170293,-9.656445,56.352077,-3.525011,0.039313,0.949532,-0.135399,0.280196,-15.620586,12.127150,-0.740021,-0.093829,0.992980,-0.064371,-0.032295,6.068499,88.714043,10.426777,-0.023300,0.941951,-0.306268,-0.135595,12.677893,54.917274,14.651855,0.010995,0.925766,-0.367369,0.088749,18.354147,18.641726,40.167271,0.039313,0.949532,-0.135399,0.280196,-9.593989,2.943018,-10.045293,0.010995,0.925766,-0.367369,0.088749,19.928255,5.453232,34.613712
706,5.883333,-0.007476,0.999088,-0.030071,0.029371,-2.846167,88.617325,10.050397,0.056463,0.990822,0.118114,0.033674,-2.941282,95.824638,9.613330,-0.114128,0.991397,0.038697,0.051083,-0.912678,114.674149,14.256186,0.022828,0.997887,-0.051109,-0.032999,-5.063286,132.177353,15.429173,0.064237,0.972339,-0.176878,-0.138366,-4.607542,145.564621,12.268072,-0.061800,0.954794,0.257650,0.134782,-7.412700,126.059784,15.514209,0.127022,-0.688127,-0.038708,-0.713336,-23.382502,125.248627,10.682942,-0.022791,-0.019925,-0.426212,-0.904117,-22.219187,122.464218,-12.403266,0.064773,0.324531,-0.420293,-0.844889,-7.728003,140.047531,-12.781599,-0.266403,0.940883,0.145129,-0.150689,-0.593051,127.625015,16.289434,-0.120212,0.880102,-0.007852,-0.459247,12.981606,136.729630,12.844412,-0.044131,0.521588,0.091219,-0.847159,25.770348,141.488235,-6.020451,-0.016978,0.127170,0.303745,-0.944075,15.208498,146.312042,-27.077473,-0.016328,0.979315,0.192261,0.060915,-11.636310,88.470222,9.537519,0.060150,0.981869,-0.041920,0.174806,-9.714031,56.358498,-3.458598,0.039052,0.949551,-0.135032,0.280347,-15.650685,12.127084,-0.718145,-0.095742,0.993051,-0.064677,-0.022366,5.943975,88.764427,10.563275,-0.022204,0.944508,-0.303275,-0.124243,12.641758,54.995571,14.871481,0.016688,0.926795,-0.360303,0.104661,17.886633,18.552443,40.239994,0.039052,0.949551,-0.135032,0.280347,-9.615059,2.952512,-10.026993,0.016688,0.926795,-0.360303,0.104661,19.681641,5.449557,34.552418
707,5.891667,-0.006615,0.998822,-0.030635,0.037046,-2.942725,88.685455,10.057446,0.055543,0.990541,0.118264,0.041925,-3.021756,95.892456,9.611991,-0.111417,0.991267,0.038400,0.059172,-1.067621,114.744614,14.276035,0.023177,0.998059,-0.051455,-0.026319,-5.131439,132.270691,15.410720,0.064459,0.973200,-0.176206,-0.132960,-4.633640,145.654800,12.242590,-0.062327,0.953996,0.257048,0.141189,-7.518515,126.167252,15.448647,0.129388,-0.685560,-0.038645,-0.715383,-23.427065,125.393272,10.413498,-0.021466,-0.018905,-0.429215,-0.902749,-22.099268,122.550133,-12.656681,0.065097,0.325019,-0.424177,-0.842733,-7.721089,140.231018,-13.014689,-0.263681,0.942846,0.144523,-0.143622,-0.702810,127.690254,16.334719,-0.102997,0.882695,-0.003432,-0.458509,12.989548,136.689423,13.083866,-0.032963,0.515325,0.107470,-0.849590,25.988758,140.849609,-5.778611,-0.008031,0.124746,0.326009,-0.937066,15.269918,146.057999,-26.663988,-0.015969,0.979501,0.189543,0.066306,-11.724104,88.549103,9.409311,0.059806,0.981243,-0.041667,0.178463,-9.766668,56.364559,-3.400081,0.038814,0.949553,-0.134588,0.280585,-15.679443,12.127563,-0.698394,-0.097610,0.993018,-0.064978,-0.012841,5.838655,88.821815,10.705582,-0.020679,0.947110,-0.300194,-0.111531,12.622478,55.080723,15.095952,0.026564,0.926512,-0.353604,0.125835,17.367872,18.465462,40.314514,0.038814,0.949553,-0.134588,0.280585,-9.632869,2.964054,-10.011033,0.026564,0.926512,-0.353604,0.125835,19.408688,5.437222,34.539024
708,5.900000,-0.005556,0.998493,-0.031215,0.044784,-3.042212,88.751541,10.074471,0.055000,0.990179,0.118276,0.050313,-3.102150,95.958206,9.620737,-0.108845,0.991033,0.038191,0.067432,-1.208545,114.812599,14.300673,0.023460,0.998175,-0.052125,-0.019482,-5.190474,132.359665,15.400617,0.064410,0.974092,-0.175351,-0.127472,-4.651736,145.738602,12.217400,-0.063379,0.953240,0.255941,0.147681,-7.612544,126.269928,15.388801,0.131690,-0.683002,-0.038982,-0.717388,-23.454010,125.514305,10.143752,-0.020658,-0.018381,-0.432551,-0.901185,-21.964472,122.628197,-12.911201,0.064560,0.325096,-0.428011,-0.840804,-7.712934,140.418762,-13.259061,-0.260082,0.945006,0.143942,-0.136392,-0.803591,127.752426,16.388233,-0.085007,0.884949,0.001951,-0.457860,13.019376,136.619431,13.332872,-0.021188,0.507952,0.124433,-0.852087,26.203758,140.163986,-5.526815,0.001203,0.121045,0.349324,-0.929150,15.363312,145.754196,-26.116693,-0.015669,0.979610,0.186817,0.072232,-11.812665,88.629204,9.289950,0.059507,0.980678,-0.041242,0.181736,-9.811161,56.372810,-3.330511,0.038631,0.949559,-0.134356,0.280704,-15.699988,12.129477,-0.680791,-0.099396,0.992927,-0.064885,-0.002401,5.728240,88.873878,10.858991,-0.019978,0.949990,-0.297017,-0.094347,12.587391,55.156368,15.313003,0.037565,0.925278,-0.346160,0.150408,16.790476,18.368891,40.376667,0.038631,0.949559,-0.134356,0.280704,-9.646971,2.972126,-9.995302,0.037565,0.925278,-0.346160,0.150408,19.129684,5.421618,34.532658
709,5.908333,-0.004372,0.998098,-0.031730,0.052678,-3.146322,88.813751,10.101249,0.054397,0.989697,0.118791,0.058559,-3.185205,96.020111,9.640539,-0.106126,0.990775,0.037504,0.075467,-1.355173,114.872314,14.354488,0.023342,0.998239,-0.052993,-0.012844,-5.248145,132.442337,15.405406,0.064749,0.974922,-0.174575,-0.121895,-4.680132,145.815323,12.202294,-0.064645,0.952399,0.254886,0.154239,-7.706422,126.367355,15.350077,0.134354,-0.680289,-0.039729,-0.719429,-23.476337,125.623848,9.891979,-0.019554,-0.018109,-0.435989,-0.899557,-21.817272,122.698761,-13.146493,0.063444,0.325816,-0.431791,-0.838675,-7.694729,140.605621,-13.500690,-0.256454,0.947146,0.142857,-0.129375,-0.905401,127.807930,16.458857,-0.065980,0.886860,0.008343,-0.457227,13.042482,136.540298,13.589020,-0.009793,0.500157,0.141493,-0.854241,26.387592,139.442688,-5.267383,0.009166,0.117083,0.371351,-0.921035,15.450549,145.428345,-25.535076,-0.015683,0.979599,0.184210,0.078779,-11.903434,88.707451,9.177666,0.058699,0.979878,-0.040953,0.186322,-9.830419,56.383961,-3.258238,0.039095,0.949973,-0.134136,0.279340,-15.656278,12.129956,-0.647747,-0.101670,0.992688,-0.064383,0.009445,5.610790,88.920052,11.024831,-0.018084,0.952649,-0.293593,-0.077045,12.571955,55.229771,15.526381,0.054125,0.922471,-0.336603,0.181152,16.135309,18.255013,40.412968,0.039095,0.949973,-0.134136,0.279340,-9.638258,2.974370,-9.986643,0.054125,0.922471,-0.336603,0.181152,18.799145,5.399239,34.506256
710,5.916667,-0.003277,0.997674,-0.032001,0.060092,-3.234237,88.870735,10.119474,0.053606,0.989149,0.119156,0.067171,-3.253682,96.076973,9.655534,-0.103710,0.990360,0.036714,0.084164,-1.496273,114.929115,14.397259,0.023490,0.998291,-0.053208,-0.005596,-5.310737,132.519531,15.393482,0.064681,0.975795,-0.173747,-0.115986,-4.702768,145.890335,12.188646,-0.065925,0.951328,0.254320,0.161092,-7.800856,126.458145,15.291286,0.136540,-0.677288,-0.040222,-0.721818,-23.492983,125.731575,9.611254,-0.018919,-0.017826,-0.439618,-0.897808,-21.646044,122.777306,-13.409175,0.062678,0.325280,-0.435239,-0.837157,-7.660593,140.806793,-13.760035,-0.251941,0.949460,0.142272,-0.121698,-1.012245,127.860748,16.518456,-0.046279,0.888352,0.014979,-0.456580,13.076672,136.430786,13.855690,0.000866,0.491598,0.159195,-0.856147,26.552296,138.663620,-4.999049,0.016908,0.112724,0.392378,-0.912714,15.529117,145.092392,-24.919336,-0.015272,0.979609,0.181430,0.084948,-11.976768,88.779282,9.065410,0.058487,0.979142,-0.040621,0.190291,-9.869220,56.384373,-3.177347,0.038823,0.950074,-0.133511,0.279334,-15.681479,12.125722,-0.615833,-0.104042,0.992286,-0.063942,0.021342,5.508294,88.962189,11.173538,-0.016867,0.955248,-0.290020,-0.055725,12.577434,55.301834,15.730381,0.065148,0.919114,-0.328163,0.208074,15.463487,18.136784,40.420490,0.038823,0.950074,-0.133511,0.279334,-9.656357,2.985309,-9.965002,0.065148,0.919114,-0.328163,0.208074,18.483948,5.367549,34.497684
711,5.925000,-0.002089,0.997176,-0.032591,0.067636,-3.326057,88.932045,10.151237,0.053071,0.988509,0.119597,0.075704,-3.324304,96.137825,9.679833,-0.101139,0.989881,0.036179,0.092722,-1.629863,114.988091,14.451859,0.023647,0.998255,-0.054086,0.001513,-5.360321,132.598907,15.404953,0.064299,0.976631,-0.172920,-0.110255,-4.712851,145.963257,12.181039,-0.067222,0.950217,0.253624,0.168062,-7.882868,126.551971,15.253094,0.139215,-0.674411,-0.040749,-0.723967,-23.492586,125.842010,9.348315,-0.017582,-0.017163,-0.443425,-0.895975,-21.466543,122.843826,-13.651376,0.062738,0.325636,-0.440434,-0.834292,-7.633394,140.990631,-13.997410,-0.247206,0.951848,0.140899,-0.114111,-1.108152,127.914322,16.596886,-0.025830,0.889397,0.022107,-0.455869,13.119495,136.312607,14.131811,0.011576,0.482167,0.177159,-0.857902,26.694006,137.851639,-4.721409,0.024124,0.107651,0.413824,-0.903648,15.585057,144.739883,-24.279680,-0.014773,0.979505,0.178662,0.091819,-12.051732,88.856529,8.964557,0.058306,0.978485,-0.040127,0.193796,-9.909292,56.391430,-3.084687,0.037390,0.950250,-0.133124,0.279114,-15.706447,12.127319,-0.583987,-0.106522,0.991721,-0.063264,0.033776,5.399618,89.007553,11.337916,-0.015831,0.957524,-0.286054,-0.032720,12.581733,55.377441,15.941124,0.074064,0.915299,-0.318848,0.234687,14.774275,18.005049,40.388401,0.037390,0.950250,-0.133124,0.279114,-9.663032,3.004357,-9.938394,0.074064,0.915299,-0.318848,0.234687,18.192667,5.338249,34.461933
712,5.933333,-0.000790,0.996648,-0.033010,0.074845,-3.413395,88.983826,10.188935,0.052416,0.987824,0.119906,0.084139,-3.389087,96.189262,9.712940,-0.098181,0.989367,0.035679,0.101200,-1.761726,115.039322,14.509010,0.023690,0.998158,-0.055191,0.008553,-5.394049,132.672699,15.423450,0.063541,0.977446,-0.172158,-0.104516,-4.710146,146.029251,12.174797,-0.068596,0.949353,0.252049,0.174627,-7.952617,126.642403,15.221083,0.141718,-0.671401,-0.041575,-0.726229,-23.480928,125.937233,9.104893,-0.016371,-0.017578,-0.447360,-0.894031,-21.269464,122.912514,-13.874226,0.062053,0.325553,-0.444455,-0.832240,-7.585284,141.195496,-14.257556,-0.242216,0.954026,0.140705,-0.106626,-1.192755,127.959213,16.680105,-0.005007,0.889923,0.028970,-0.455163,13.171691,136.180481,14.420259,0.022756,0.471837,0.195434,-0.859452,26.806068,137.001984,-4.434668,0.032157,0.101364,0.435917,-0.893682,15.615741,144.358856,-23.616982,-0.014545,0.979455,0.175988,0.097388,-12.121042,88.926437,8.875601,0.058143,0.977639,-0.039732,0.198150,-9.943223,56.395077,-2.987120,0.037192,0.950393,-0.132452,0.278974,-15.730371,12.126449,-0.543842,-0.109172,0.990949,-0.062754,0.046514,5.294252,89.041214,11.502271,-0.014221,0.959270,-0.281954,-0.010056,12.598655,55.446320,16.169769,0.081831,0.910929,-0.309051,0.260768,14.072130,17.861378,40.343563,0.037192,0.950393,-0.132452,0.278974,-9.683582,3.019254,-9.911421,0.081831,0.910929,-0.309051,0.260768,17.903610,5.306067,34.432545
713,5.941667,-0.000018,0.996093,-0.033024,0.081900,-3.480520,89.031036,10.223574,0.051440,0.987051,0.120495,0.092553,-3.441713,96.236465,9.748475,-0.095334,0.988757,0.034994,0.109757,-1.895049,115.084961,14.577335,0.023523,0.998022,-0.056213,0.015483,-5.432007,132.739944,15.447574,0.063188,0.978200,-0.171305,-0.098928,-4.717576,146.089462,12.176661,-0.069796,0.948177,0.251009,0.181887,-8.024441,126.725998,15.195763,0.144917,-0.668180,-0.042634,-0.728503,-23.460737,126.040329,8.848774,-0.014704,-0.017449,-0.451567,-0.891945,-21.052473,122.977676,-14.105530,0.061826,0.325458,-0.450442,-0.829070,-7.531503,141.400742,-14.513439,-0.236049,0.956588,0.139348,-0.099004,-1.282233,127.999077,16.770685,0.016587,0.889784,0.038488,-0.454453,13.233101,136.003708,14.705595,0.035156,0.460023,0.213906,-0.861038,26.885891,136.130920,-4.153478,0.040363,0.094247,0.458479,-0.882771,15.602286,143.945007,-22.925505,-0.014237,0.979355,0.173269,0.103148,-12.168701,88.983086,8.786744,0.058219,0.977023,-0.039151,0.201257,-9.961045,56.385189,-2.886307,0.039234,0.950198,-0.131455,0.279829,-15.752254,12.113261,-0.513501,-0.111442,0.990030,-0.062318,0.059487,5.207661,89.078979,11.660403,-0.012559,0.960562,-0.277499,0.012508,12.606311,55.515038,16.401577,0.092477,0.905278,-0.297942,0.288357,13.374737,17.703230,40.252117,0.039234,0.950198,-0.131455,0.279829,-9.711806,3.014602,-9.893456,0.092477,0.905278,-0.297942,0.288357,17.601343,5.263040,34.367077
714,5.950000,0.000205,0.995510,-0.032124,0.089040,-3.523064,89.046341,10.239337,0.050209,0.986196,0.121289,0.100925,-3.478804,96.252617,9.777741,-0.092018,0.988124,0.034147,0.118228,-2.023748,115.098503,14.645111,0.023489,0.997848,-0.057028,0.022262,-5.447469,132.777985,15.469381,0.062200,0.978926,-0.170501,-0.093616,-4.699431,146.121658,12.182115,-0.070609,0.947015,0.250042,0.188830,-8.078590,126.783081,15.169366,0.147993,-0.665131,-0.043795,-0.730603,-23.425081,126.126518,8.605247,-0.012912,-0.017535,-0.455515,-0.889962,-20.832241,123.032822,-14.324765,0.062241,0.324552,-0.455007,-0.826898,-7.473038,141.577042,-14.769332,-0.230253,0.959015,0.137798,-0.091030,-1.354826,128.006439,16.858427,0.038881,0.888896,0.050171,-0.453690,13.301429,135.802643,15.001893,0.048888,0.447135,0.232905,-0.862227,26.928896,135.253250,-3.867915,0.050167,0.086324,0.480283,-0.871412,15.568450,143.523987,-22.211878,-0.013566,0.979228,0.170654,0.108658,-12.189746,88.999565,8.678025,0.058381,0.976146,-0.039184,0.205416,-9.981236,56.337975,-2.815455,0.036275,0.950651,-0.129741,0.279490,-15.797133,12.067962,-0.467471,-0.113842,0.988902,-0.062555,0.072112,5.143617,89.093117,11.800650,-0.010399,0.961405,-0.272730,0.034794,12.642485,55.568756,16.662815,0.096870,0.900397,-0.288403,0.311008,12.687908,17.517862,40.142586,0.036275,0.950651,-0.129741,0.279490,-9.711926,3.025296,-9.872608,0.096870,0.900397,-0.288403,0.311008,17.322569,5.197069,34.313847
715,5.958333,0.001069,0.994863,-0.032126,0.095996,-3.576876,89.080681,10.281399,0.049122,0.985289,0.121879,0.109261,-3.516974,96.286942,9.821294,-0.088914,0.987387,0.033387,0.126678,-2.147516,115.131439,14.718747,0.023683,0.997614,-0.057868,0.029286,-5.465241,132.833023,15.501207,0.060983,0.979608,-0.170034,-0.087966,-4.675895,146.170288,12.197685,-0.071662,0.945974,0.248401,0.195689,-8.131337,126.856277,15.151672,0.151169,-0.661907,-0.045091,-0.732798,-23.384710,126.215485,8.372478,-0.011057,-0.018101,-0.459474,-0.887938,-20.597990,123.094818,-14.531117,0.061532,0.324506,-0.459826,-0.824300,-7.391219,141.776382,-15.034204,-0.223764,0.961350,0.137180,-0.083173,-1.428805,128.032822,16.954535,0.059977,0.887650,0.058665,-0.452811,13.371599,135.600708,15.308753,0.061894,0.433583,0.250924,-0.863257,26.939058,134.358612,-3.571403,0.059931,0.076360,0.503254,-0.858669,15.487114,143.085724,-21.498009,-0.013263,0.979195,0.168158,0.112800,-12.220870,89.045097,8.598743,0.058367,0.975316,-0.038823,0.209392,-10.003450,56.324268,-2.723245,0.035999,0.950791,-0.128820,0.279473,-15.820969,12.051585,-0.430153,-0.116014,0.987508,-0.063057,0.085980,5.067119,89.116264,11.964054,-0.007591,0.962074,-0.267439,0.053224,12.640608,55.630917,16.977123,0.098444,0.895993,-0.278748,0.331368,12.020764,17.319927,40.021770,0.035999,0.950791,-0.128820,0.279473,-9.727405,3.030684,-9.850766,0.098444,0.895993,-0.278748,0.331368,17.072449,5.136171,34.251778
716,5.966667,0.002161,0.994162,-0.032390,0.102902,-3.626966,89.108353,10.326827,0.047794,0.984305,0.122641,0.117552,-3.547795,96.314316,9.864985,-0.085472,0.986609,0.032562,0.135046,-2.274174,115.156570,14.796835,0.024643,0.997281,-0.059359,0.036044,-5.473007,132.881760,15.538931,0.059220,0.980264,-0.169320,-0.083098,-4.622222,146.207138,12.202844,-0.072561,0.944729,0.247055,0.202945,-8.177198,126.925255,15.140049,0.154162,-0.658827,-0.045624,-0.734915,-23.329609,126.310135,8.135773,-0.009501,-0.018539,-0.463519,-0.885842,-20.355671,123.141991,-14.737761,0.061243,0.323940,-0.464687,-0.821814,-7.318915,141.944641,-15.287906,-0.216672,0.963821,0.135942,-0.074977,-1.497048,128.050644,17.055157,0.080861,0.885808,0.068021,-0.451862,13.451017,135.367996,15.624949,0.074147,0.419511,0.268320,-0.864012,26.921495,133.463882,-3.269504,0.069681,0.066436,0.522841,-0.846976,15.397605,142.643005,-20.754648,-0.012636,0.978904,0.165628,0.118976,-12.246709,89.087502,8.523804,0.058786,0.974376,-0.038254,0.213710,-10.021030,56.306946,-2.622426,0.035381,0.950660,-0.127967,0.280388,-15.874290,12.034739,-0.412710,-0.117938,0.985984,-0.063451,0.099498,4.992778,89.129211,12.129850,-0.004626,0.962452,-0.261977,0.070944,12.623775,55.678566,17.285330,0.100961,0.890699,-0.269147,0.352167,11.359871,17.105732,39.862106,0.035381,0.950660,-0.127967,0.280388,-9.747645,3.036391,-9.833443,0.100961,0.890699,-0.269147,0.352167,16.814341,5.054894,34.180355
717,5.975000,0.002942,0.993422,-0.032862,0.109655,-3.656705,89.139191,10.386024,0.046625,0.983184,0.123615,0.126073,-3.562458,96.344643,9.919194,-0.082128,0.985692,0.031401,0.143806,-2.381407,115.181854,14.893179,0.024252,0.996960,-0.060426,0.042785,-5.462870,132.929916,15.583272,0.058031,0.980833,-0.168845,-0.078041,-4.587150,146.248123,12.225059,-0.073236,0.943284,0.246120,0.210423,-8.203202,126.993431,15.135709,0.156500,-0.655918,-0.045781,-0.737009,-23.249056,126.415680,7.902310,-0.008122,-0.019863,-0.467447,-0.883761,-20.097755,123.206879,-14.941770,0.060830,0.323238,-0.470550,-0.818779,-7.214970,142.146759,-15.572247,-0.209793,0.966139,0.134413,-0.067046,-1.549557,128.069641,17.167767,0.101194,0.883601,0.076675,-0.450699,13.534146,135.142273,15.945798,0.085358,0.405110,0.284425,-0.864698,26.881117,132.587830,-2.959557,0.078400,0.056141,0.540321,-0.835915,15.286329,142.199341,-19.993202,-0.011731,0.978603,0.163554,0.124295,-12.251094,89.127190,8.465711,0.058571,0.973957,-0.037344,0.215830,-10.043831,56.297714,-2.539308,0.035387,0.950681,-0.127525,0.280517,-15.865864,12.017092,-0.417317,-0.119398,0.984387,-0.064153,0.112296,4.937683,89.151184,12.306336,-0.001476,0.962639,-0.256256,0.087499,12.593497,55.730797,17.618839,0.101031,0.885514,-0.260740,0.371043,10.715521,16.891129,39.689751,0.035387,0.950681,-0.127525,0.280517,-9.734275,3.028330,-9.843979,0.101031,0.885514,-0.260740,0.371043,16.568129,4.971977,34.127651
718,5.983333,0.004054,0.992624,-0.033424,0.116469,-3.688363,89.158730,10.453902,0.045113,0.982104,0.123939,0.134446,-3.574026,96.363541,9.981559,-0.078434,0.984739,0.030947,0.152246,-2.495011,115.203026,14.970083,0.024347,0.996597,-0.061263,0.049474,-5.449552,132.973511,15.638301,0.056568,0.981344,-0.168669,-0.072904,-4.535990,146.285355,12.264996,-0.074118,0.941746,0.245197,0.217943,-8.228062,127.059265,15.134928,0.159198,-0.652965,-0.046299,-0.739019,-23.161945,126.512657,7.670747,-0.006849,-0.020070,-0.471635,-0.881539,-19.832850,123.265434,-15.142674,0.061191,0.322070,-0.475814,-0.816167,-7.128964,142.328384,-15.805550,-0.202837,0.968313,0.133278,-0.058859,-1.601244,128.080399,17.279943,0.121027,0.880960,0.085049,-0.449477,13.612789,134.904251,16.279013,0.095785,0.390613,0.299935,-0.865035,26.805794,131.719559,-2.638750,0.086728,0.045435,0.555912,-0.825455,15.156478,141.766602,-19.228271,-0.011044,0.978295,0.161371,0.129527,-12.255480,89.161041,8.415322,0.058661,0.973209,-0.036780,0.219249,-10.055357,56.281261,-2.439938,0.035014,0.950824,-0.126660,0.280473,-15.881650,11.997849,-0.389128,-0.120622,0.982689,-0.064870,0.124755,4.878754,89.156425,12.492481,0.002401,0.962875,-0.250496,0.100586,12.542284,55.762833,17.960129,0.100548,0.880174,-0.251922,0.389510,10.082349,16.662460,39.507320,0.035014,0.950824,-0.126660,0.280473,-9.741230,3.030320,-9.830255,0.100548,0.880174,-0.251922,0.389510,16.334034,4.887946,34.072853
719,5.991667,0.005075,0.991796,-0.034056,0.123108,-3.704089,89.182854,10.522631,0.043784,0.980928,0.124567,0.142641,-3.570850,96.386909,10.043836,-0.075417,0.983670,0.030156,0.160612,-2.587936,115.224922,15.057712,0.024679,0.996187,-0.062066,0.056128,-5.437217,133.013870,15.690472,0.055155,0.981838,-0.168314,-0.067989,-4.479399,146.319214,12.303782,-0.074966,0.940418,0.243605,0.225055,-8.245447,127.118286,15.135975,0.161180,-0.650178,-0.046664,-0.741021,-23.069849,126.594604,7.455061,-0.005606,-0.021625,-0.475036,-0.879683,-19.573200,123.324944,-15.330069,0.060378,0.321366,-0.479935,-0.814089,-7.014374,142.492447,-16.080256,-0.196136,0.970293,0.132323,-0.050521,-1.648948,128.094589,17.392412,0.140277,0.878026,0.092846,-0.448076,13.684867,134.675919,16.621775,0.104806,0.376381,0.314001,-0.865307,26.702156,130.877823,-2.304503,0.092885,0.034880,0.569307,-0.816116,15.003813,141.338913,-18.455994,-0.010217,0.978006,0.159234,0.134330,-12.243024,89.197655,8.369114,0.058925,0.972637,-0.036167,0.221804,-10.065422,56.269119,-2.341939,0.037037,0.950587,-0.125674,0.281458,-15.907906,11.984488,-0.364967,-0.121519,0.980903,-0.065214,0.137146,4.834846,89.168053,12.676148,0.005338,0.962571,-0.244869,0.116050,12.485482,55.792652,18.271416,0.099526,0.874556,-0.243964,0.407098,9.484803,16.445070,39.293678,0.037037,0.950587,-0.125674,0.281458,-9.770468,3.025373,-9.816015,0.099526,0.874556,-0.243964,0.407098,16.115820,4.808581,34.013729
720,6.000000,0.006120,0.990913,-0.035278,0.129655,-3.705760,89.206848,10.617764,0.042177,0.979770,0.124771,0.150678,-3.552125,96.409515,10.124361,-0.072067,0.982582,0.029592,0.168708,-2.672934,115.250931,15.144698,0.024276,0.995755,-0.063179,0.062381,-5.405949,133.058899,15.754654,0.053950,0.982310,-0.167825,-0.063172,-4.425050,146.356705,12.345055,-0.076356,0.938968,0.242311,0.231937,-8.246554,127.184090,15.147136,0.163333,-0.647604,-0.047942,-0.742720,-22.958858,126.666428,7.253234,-0.004022,-0.023305,-0.478211,-0.877927,-19.312328,123.399063,-15.508718,0.059949,0.320251,-0.485509,-0.811250,-6.884324,142.672623,-16.359478,-0.189550,0.972143,0.131268,-0.042157,-1.680639,128.110809,17.511127,0.158694,0.874736,0.099097,-0.447028,13.763944,134.451874,16.973230,0.112709,0.362179,0.327370,-0.865420,26.568565,130.050705,-1.967493,0.098622,0.023845,0.581311,-0.807331,14.837962,140.922516,-17.674637,-0.009487,0.977669,0.157604,0.138688,-12.215346,89.233093,8.351152,0.059662,0.971955,-0.035152,0.224742,-10.055051,56.267738,-2.249568,0.034343,0.950478,-0.125997,0.282023,-15.947085,11.984447,-0.393299,-0.121379,0.979347,-0.065616,0.147784,4.803825,89.180603,12.884376,0.008137,0.962240,-0.239061,0.129918,12.379561,55.806496,18.588179,0.097889,0.868539,-0.236516,0.424404,8.902022,16.210905,39.064205,0.034343,0.950478,-0.125997,0.282023,-9.760118,3.035849,-9.821989,0.097889,0.868539,-0.236516,0.424404,15.906209,4.712269,33.967247
721,6.008333,0.007117,0.990032,-0.035869,0.136011,-3.694853,89.205231,10.709037,0.040319,0.978621,0.124687,0.158517,-3.522625,96.407097,10.210143,-0.068713,0.981454,0.029067,0.176585,-2.753995,115.255310,15.223093,0.024272,0.995300,-0.063970,0.068539,-5.370454,133.081421,15.814156,0.052414,0.982772,-0.167290,-0.058532,-4.356435,146.373291,12.391118,-0.077213,0.937419,0.241345,0.238824,-8.242560,127.227631,15.154049,0.160797,-0.645239,-0.044459,-0.745543,-22.842173,126.735115,7.052036,-0.005434,-0.026938,-0.481577,-0.875973,-19.038252,123.447296,-15.681201,0.059204,0.318734,-0.490442,-0.808932,-6.743868,142.852097,-16.645931,-0.183672,0.973763,0.130099,-0.033528,-1.708287,128.104858,17.622299,0.176572,0.871202,0.104208,-0.446060,13.831406,134.225830,17.329887,0.119767,0.347986,0.340222,-0.865339,26.397137,129.227203,-1.622571,0.104081,0.012739,0.592214,-0.798929,14.651096,140.508316,-16.883102,-0.008240,0.977298,0.155856,0.143282,-12.174465,89.243408,8.332901,0.059632,0.971401,-0.034383,0.227250,-10.066070,56.238483,-2.154532,0.033983,0.950669,-0.125019,0.281859,-15.944830,11.950093,-0.379630,-0.120821,0.977567,-0.065822,0.159477,4.784760,89.167046,13.085173,0.010194,0.961694,-0.233197,0.143734,12.252095,55.785431,18.887182,0.093983,0.862593,-0.229930,0.440718,8.378085,15.945586,38.810814,0.033983,0.950669,-0.125019,0.281859,-9.751237,3.025143,-9.826369,0.093983,0.862593,-0.229930,0.440718,15.762453,4.593736,33.925850
722,6.016667,0.008596,0.989046,-0.037422,0.142527,-3.691994,89.225212,10.823269,0.039041,0.977359,0.124874,0.166289,-3.492172,96.425095,10.306417,-0.065783,0.980239,0.028445,0.184376,-2.813302,115.275452,15.324287,0.024498,0.994788,-0.064929,0.074712,-5.327251,133.117050,15.892285,0.050755,0.983156,-0.167075,-0.053988,-4.273324,146.401413,12.452210,-0.078577,0.935648,0.240574,0.245994,-8.225199,127.281975,15.181475,0.162749,-0.642959,-0.045761,-0.747009,-22.701565,126.802887,6.860497,-0.003914,-0.029060,-0.484324,-0.874397,-18.766382,123.522041,-15.851378,0.058592,0.317304,-0.494588,-0.807012,-6.587251,143.020477,-16.933697,-0.177908,0.975236,0.128862,-0.025641,-1.724980,128.116028,17.752459,0.193474,0.867614,0.108199,-0.445092,13.899924,134.022888,17.682962,0.126339,0.333779,0.351542,-0.865476,26.214577,128.448944,-1.273815,0.108748,0.001456,0.602261,-0.790857,14.433664,140.100174,-16.091034,-0.007192,0.976800,0.154313,0.148314,-12.139228,89.281013,8.334832,0.060103,0.971180,-0.033451,0.228206,-10.063649,56.241776,-2.050599,0.033841,0.950612,-0.124977,0.282085,-15.966022,11.952764,-0.372011,-0.119778,0.975917,-0.065569,0.170119,4.755240,89.169403,13.311705,0.011657,0.960838,-0.227764,0.157410,12.092500,55.768059,19.165939,0.089922,0.856842,-0.223388,0.455888,7.884844,15.707129,38.571842,0.033841,0.950612,-0.124977,0.282085,-9.765291,3.029688,-9.815827,0.089922,0.856842,-0.223388,0.455888,15.626079,4.507044,33.893436
723,6.025000,0.009655,0.988105,-0.038266,0.148628,-3.667163,89.218239,10.934155,0.037431,0.976109,0.124826,0.173862,-3.447245,96.416924,10.408798,-0.062547,0.978994,0.028078,0.192014,-2.868219,115.272560,15.419359,0.024472,0.994260,-0.066248,0.080367,-5.270261,133.129898,15.977423,0.049334,0.983543,-0.166441,-0.050073,-4.184916,146.404587,12.509907,-0.079620,0.933906,0.239870,0.252868,-8.196256,127.315605,15.213041,0.163478,-0.640894,-0.046437,-0.748581,-22.552555,126.857841,6.685396,-0.003117,-0.031983,-0.486755,-0.872947,-18.496784,123.597786,-16.008265,0.057770,0.315244,-0.498519,-0.805458,-6.419760,143.184921,-17.224977,-0.172239,0.976639,0.127308,-0.017415,-1.730660,128.101822,17.884449,0.209144,0.863702,0.111926,-0.444690,13.972399,133.795746,18.048780,0.132454,0.319625,0.362037,-0.865578,26.009941,127.701950,-0.926013,0.112954,-0.010911,0.611239,-0.783269,14.195204,139.706070,-15.303485,-0.005843,0.976265,0.153137,0.153044,-12.082773,89.286095,8.341058,0.060368,0.970940,-0.032776,0.229253,-10.060652,56.220539,-1.970914,0.033517,0.950700,-0.124280,0.282137,-15.974091,11.930394,-0.362750,-0.118249,0.974126,-0.065748,0.181031,4.748447,89.150391,13.527253,0.012335,0.959548,-0.222722,0.171787,11.915548,55.725414,19.456894,0.086973,0.851461,-0.215805,0.469977,7.435720,15.462836,38.378510,0.033517,0.950700,-0.124280,0.282137,-9.764043,3.024673,-9.816829,0.086973,0.851461,-0.215805,0.469977,15.502975,4.424141,33.870430
724,6.033333,0.011259,0.987150,-0.039527,0.154421,-3.648052,89.222977,11.064938,0.036324,0.974898,0.124123,0.181243,-3.399386,96.419762,10.526516,-0.060093,0.977647,0.028034,0.199522,-2.895273,115.285423,15.507343,0.024286,0.993710,-0.067396,0.086071,-5.215086,133.153687,16.063189,0.048085,0.983881,-0.165987,-0.045991,-4.102395,146.420105,12.572774,-0.080787,0.932243,0.238796,0.259562,-8.158591,127.355782,15.243675,0.163906,-0.639021,-0.047109,-0.750045,-22.394024,126.910416,6.515121,-0.002525,-0.035235,-0.488663,-0.871757,-18.229580,123.678520,-16.162868,0.056860,0.312373,-0.501768,-0.804623,-6.231686,143.342560,-17.523449,-0.166977,0.977854,0.125823,-0.009384,-1.730149,128.104218,18.013781,0.224247,0.859676,0.115203,-0.444296,14.039728,133.598587,18.409111,0.138736,0.305316,0.371492,-0.865753,25.788795,127.005173,-0.579448,0.117058,-0.023492,0.619657,-0.775739,13.925732,139.331467,-14.521879,-0.004679,0.975599,0.152264,0.158117,-12.032150,89.311226,8.372288,0.060766,0.970646,-0.032002,0.230500,-10.044778,56.226315,-1.884218,0.033533,0.950697,-0.124343,0.282117,-15.978825,11.935994,-0.358948,-0.116377,0.972665,-0.066136,0.189749,4.736046,89.134735,13.757586,0.012522,0.958367,-0.217368,0.184735,11.719957,55.682850,19.753677,0.083370,0.846741,-0.208684,0.482215,7.055970,15.209952,38.175499,0.033533,0.950697,-0.124343,0.282117,-9.769757,3.028790,-9.812271,0.083370,0.846741,-0.208684,0.482215,15.423298,4.333618,33.822418
725,6.041667,0.012746,0.986159,-0.040656,0.160233,-3.617292,89.202850,11.198139,0.034585,0.973565,0.125170,0.187906,-3.341678,96.397812,10.648596,-0.057227,0.976496,0.026379,0.206119,-2.945486,115.258087,15.659473,0.025172,0.993151,-0.068404,0.091321,-5.156246,133.141739,16.162901,0.046080,0.984173,-0.165769,-0.042427,-3.989820,146.399109,12.655655,-0.082096,0.930105,0.238315,0.267153,-8.126168,127.362000,15.310919,0.163846,-0.637288,-0.048054,-0.751471,-22.220919,126.937996,6.355923,-0.002196,-0.038957,-0.490220,-0.870725,-17.957664,123.757324,-16.310963,0.055476,0.309286,-0.505004,-0.803888,-6.021588,143.495529,-17.829395,-0.162007,0.978938,0.124213,-0.002116,-1.730669,128.072220,18.166035,0.237777,0.855684,0.117984,-0.444238,14.096636,133.379440,18.769123,0.144174,0.291179,0.380041,-0.866024,25.557018,126.345810,-0.237912,0.121540,-0.035872,0.626409,-0.769125,13.644962,138.978012,-13.742256,-0.003352,0.974835,0.151546,0.163462,-11.968554,89.309494,8.405947,0.061214,0.970377,-0.031394,0.231593,-10.022890,56.208698,-1.807205,0.033330,0.950759,-0.123832,0.282157,-15.984899,11.919821,-0.350706,-0.114279,0.971143,-0.066262,0.198572,4.733970,89.096207,13.990331,0.012476,0.956914,-0.213134,0.196807,11.521989,55.611897,20.030243,0.078718,0.842857,-0.203070,0.492095,6.703378,14.975914,38.048840,0.033330,0.950759,-0.123832,0.282157,-9.769459,3.025127,-9.811623,0.078718,0.842857,-0.203070,0.492095,15.335174,4.249599,33.842358
726,6.050000,0.014425,0.985184,-0.041494,0.165780,-3.592177,89.184433,11.330392,0.033878,0.972295,0.124732,0.194772,-3.287578,96.377739,10.774532,-0.054959,0.975142,0.026033,0.213073,-2.950657,115.218010,15.759561,0.024762,0.992640,-0.068727,0.096586,-5.082853,133.111481,16.252600,0.044891,0.984432,-0.165488,-0.038627,-3.898893,146.366852,12.743714,-0.082470,0.928406,0.237360,0.273717,-8.068066,127.346970,15.352255,0.165715,-0.635521,-0.051080,-0.752358,-22.042147,126.959564,6.208478,-0.000047,-0.042216,-0.491486,-0.869861,-17.688116,123.845039,-16.450331,0.054979,0.306312,-0.507427,-0.803535,-5.805688,143.637650,-18.149263,-0.157822,0.979830,0.122448,0.005596,-1.710030,128.023438,18.297806,0.251300,0.851255,0.122259,-0.444147,14.161089,133.166809,19.126598,0.149951,0.276742,0.387871,-0.866305,25.317266,125.734093,0.090478,0.125206,-0.048291,0.632186,-0.763107,13.353806,138.642365,-12.966655,-0.001983,0.973676,0.150738,0.170963,-11.910781,89.313583,8.443278,0.061816,0.970082,-0.030674,0.232762,-9.988553,56.195335,-1.717614,0.033344,0.950791,-0.123407,0.282232,-15.989454,11.909080,-0.343308,-0.112313,0.969291,-0.066197,0.208517,4.726427,89.055283,14.217505,0.012238,0.955757,-0.209311,0.206318,11.322745,55.539467,20.294950,0.074654,0.840320,-0.197335,0.499348,6.415028,14.758536,37.958534,0.033344,0.950791,-0.123407,0.282232,-9.770463,3.023585,-9.810530,0.074654,0.840320,-0.197335,0.499348,15.265265,4.178260,33.836975
727,6.058333,0.015946,0.984255,-0.042419,0.170847,-3.561366,89.160500,11.474708,0.032983,0.971148,0.123714,0.201194,-3.230025,96.352020,10.911074,-0.052678,0.973848,0.025442,0.219541,-2.952374,115.162071,15.842313,0.025276,0.992141,-0.068388,0.101688,-5.003303,133.065491,16.318628,0.042958,0.984731,-0.164994,-0.035174,-3.779549,146.322113,12.828154,-0.082419,0.926710,0.237055,0.279679,-8.004613,127.316193,15.375593,0.161810,-0.633946,-0.048324,-0.754715,-21.868734,126.979446,6.063975,-0.001164,-0.047546,-0.492738,-0.868877,-17.408838,123.901115,-16.579176,0.054607,0.303332,-0.509632,-0.803295,-5.575687,143.774368,-18.469936,-0.154454,0.980500,0.120703,0.013939,-1.682517,127.959839,18.404671,0.262926,0.847164,0.123577,-0.444873,14.218291,132.963089,19.484123,0.154000,0.263324,0.394910,-0.866597,25.066000,125.151039,0.421636,0.128844,-0.060532,0.636635,-0.757913,13.063176,138.332672,-12.207052,-0.001761,0.973346,0.150957,0.172648,-11.849114,89.309296,8.501102,0.062565,0.969497,-0.030623,0.234995,-9.921682,56.195568,-1.673529,0.035823,0.950514,-0.123291,0.282913,-15.989399,11.917374,-0.333357,-0.109955,0.968317,-0.066529,0.214116,4.726382,89.011711,14.448314,0.011611,0.954653,-0.206007,0.214625,11.126002,55.462574,20.552191,0.070585,0.838933,-0.192253,0.504229,6.180999,14.557576,37.915947,0.035823,0.950514,-0.123291,0.282913,-9.790819,3.018203,-9.801117,0.070585,0.838933,-0.192253,0.504229,15.210417,4.112320,33.838886
728,6.066667,0.017534,0.983340,-0.043160,0.175704,-3.537225,89.121574,11.624508,0.032197,0.970037,0.122793,0.207154,-3.178684,96.311417,11.056055,-0.050340,0.972640,0.024579,0.225462,-2.953792,115.096268,15.939137,0.025043,0.991671,-0.068066,0.106434,-4.918883,133.009918,16.391848,0.041788,0.984991,-0.164494,-0.031425,-3.677358,146.268967,12.916869,-0.082441,0.924790,0.237131,0.285896,-7.937940,127.276024,15.412411,0.162187,-0.632407,-0.050103,-0.755809,-21.684477,126.993874,5.926279,0.000202,-0.051647,-0.493505,-0.868208,-17.141972,123.981133,-16.709274,0.054007,0.299845,-0.511343,-0.803557,-5.341824,143.902344,-18.798717,-0.151175,0.981019,0.119445,0.021931,-1.649546,127.887383,18.517382,0.273634,0.842990,0.124573,-0.446065,14.275169,132.754547,19.839417,0.157498,0.249890,0.401278,-0.867021,24.805923,124.600807,0.742315,0.132181,-0.072617,0.640598,-0.752920,12.757148,138.045502,-11.452360,-0.001284,0.972631,0.151211,0.176417,-11.794394,89.291695,8.568125,0.063274,0.969130,-0.030367,0.236351,-9.856671,56.183208,-1.621573,0.033710,0.950860,-0.123303,0.282004,-15.982056,11.911589,-0.327218,-0.107340,0.967935,-0.067295,0.216912,4.719945,88.951454,14.680891,0.010898,0.954285,-0.203173,0.218957,10.916595,55.370010,20.816420,0.066540,0.838861,-0.187423,0.506712,6.008490,14.359879,37.941013,0.033710,0.950860,-0.123303,0.282004,-9.772750,3.025948,-9.800657,0.066540,0.838861,-0.187423,0.506712,15.182459,4.044203,33.856739
729,6.075000,0.019316,0.982430,-0.043347,0.180496,-3.523961,89.098549,11.752777,0.031792,0.968864,0.122401,0.212859,-3.136895,96.287201,11.188098,-0.048170,0.971435,0.023858,0.231137,-2.952953,115.045784,16.046602,0.025820,0.991141,-0.068259,0.110969,-4.838876,132.968399,16.480764,0.040315,0.985211,-0.164112,-0.028324,-3.552244,146.224396,13.010569,-0.082456,0.923203,0.236008,0.291887,-7.873350,127.248955,15.465193,0.163192,-0.630719,-0.052165,-0.756862,-21.504154,127.007210,5.812401,0.002170,-0.056123,-0.494087,-0.867596,-16.872225,124.052834,-16.812723,0.053619,0.295506,-0.513726,-0.803671,-5.094760,144.023209,-19.131701,-0.148142,0.981512,0.117593,0.029339,-1.618431,127.830162,18.642717,0.283971,0.838861,0.125713,-0.447067,14.323924,132.572617,20.186754,0.161312,0.236507,0.407120,-0.867350,24.544588,124.097298,1.061208,0.135491,-0.085189,0.644073,-0.748034,12.453874,137.780441,-10.704069,-0.001029,0.971774,0.151334,0.180978,-11.749913,89.294983,8.614879,0.064004,0.968693,-0.029876,0.238000,-9.780032,56.189037,-1.576912,0.034174,0.950710,-0.123899,0.282191,-15.960238,11.923080,-0.351152,-0.105218,0.967498,-0.067666,0.219768,4.701992,88.902115,14.890674,0.010457,0.954912,-0.200670,0.218553,10.733898,55.292839,21.037970,0.064527,0.839152,-0.182964,0.508118,5.919036,14.191500,37.969265,0.034174,0.950710,-0.123899,0.282191,-9.756567,3.021367,-9.813190,0.064527,0.839152,-0.182964,0.508118,15.187682,3.975862,33.847473
730,6.083333,0.020771,0.981576,-0.043549,0.184880,-3.511286,89.061020,11.894393,0.031575,0.967808,0.121479,0.218158,-3.100545,96.248581,11.332499,-0.046244,0.970276,0.023192,0.236407,-2.943594,114.990280,16.149355,0.025368,0.990667,-0.068048,0.115344,-4.758964,132.920593,16.566498,0.039687,0.985383,-0.163838,-0.024553,-3.462191,146.178635,13.107936,-0.082323,0.921530,0.235439,0.297615,-7.806286,127.214050,15.517325,0.164693,-0.628949,-0.054739,-0.757828,-21.325018,127.020500,5.707124,0.004355,-0.060799,-0.494405,-0.867092,-16.602034,124.128784,-16.907267,0.052713,0.290828,-0.515497,-0.804303,-4.839953,144.135818,-19.469620,-0.144710,0.982025,0.115406,0.036981,-1.583499,127.768585,18.761999,0.293000,0.834880,0.126150,-0.448567,14.375506,132.373642,20.533218,0.163907,0.224112,0.412473,-0.867626,24.291027,123.617844,1.373422,0.138625,-0.098047,0.644314,-0.745673,12.180117,137.526459,-9.976604,-0.000694,0.970773,0.151638,0.186024,-11.707999,89.278320,8.682238,0.064854,0.968406,-0.029615,0.238968,-9.703874,56.178711,-1.523478,0.034468,0.950713,-0.123727,0.282221,-15.953058,11.921167,-0.344783,-0.103206,0.967192,-0.068143,0.221909,4.685427,88.843727,15.106548,0.009552,0.955390,-0.199125,0.217917,10.562716,55.209858,21.269115,0.062986,0.840694,-0.178588,0.507319,5.866251,14.051655,38.095203,0.034468,0.950713,-0.123727,0.282221,-9.752114,3.021292,-9.810336,0.062986,0.840694,-0.178588,0.507319,15.193365,3.927416,33.880829
731,6.091667,0.022011,0.980716,-0.044250,0.189087,-3.521915,89.023727,12.053342,0.031912,0.966730,0.120675,0.223277,-3.089318,96.209633,11.486694,-0.044164,0.969144,0.022088,0.241497,-2.938407,114.934906,16.271696,0.025674,0.990152,-0.067934,0.119685,-4.673873,132.873795,16.658957,0.038728,0.985568,-0.163450,-0.020997,-3.346634,146.131851,13.212000,-0.081983,0.919848,0.234985,0.303217,-7.736845,127.180901,15.581575,0.165591,-0.627210,-0.056635,-0.758933,-21.144995,127.041885,5.619855,0.006267,-0.066021,-0.494537,-0.866623,-16.330166,124.207054,-16.982370,0.051971,0.285488,-0.517207,-0.805166,-4.586148,144.233917,-19.803467,-0.142131,0.982256,0.114216,0.043886,-1.545657,127.708420,18.890568,0.300970,0.831079,0.125266,-0.450592,14.419405,132.205124,20.873053,0.165947,0.212068,0.417240,-0.867986,24.029724,123.186089,1.679868,0.141006,-0.110350,0.646481,-0.741622,11.889150,137.316147,-9.267659,-0.000608,0.969679,0.152224,0.191183,-11.689981,89.256546,8.770084,0.065658,0.968291,-0.029239,0.239263,-9.629629,56.169296,-1.464454,0.034645,0.950762,-0.123637,0.282074,-15.940478,11.919153,-0.337501,-0.101709,0.967085,-0.068884,0.222840,4.646152,88.790909,15.336598,0.010030,0.957302,-0.197589,0.210788,10.406335,55.142784,21.531862,0.060967,0.842389,-0.175013,0.505998,5.823250,13.930911,38.257553,0.034645,0.950762,-0.123637,0.282074,-9.744797,3.020085,-9.807260,0.060967,0.842389,-0.175013,0.505998,15.200617,3.890082,33.956043
732,6.100000,0.022824,0.979924,-0.044714,0.192947,-3.507850,88.983849,12.208684,0.031413,0.965724,0.120714,0.227636,-3.060240,96.168625,11.639479,-0.042236,0.968205,0.020065,0.245748,-2.950054,114.862778,16.414028,0.026467,0.989686,-0.067358,0.123632,-4.602170,132.810745,16.740244,0.037803,0.985720,-0.163147,-0.017644,-3.235019,146.071213,13.318264,-0.080965,0.918181,0.234342,0.308985,-7.683028,127.129868,15.650500,0.166812,-0.625383,-0.058131,-0.760059,-20.978746,127.065315,5.538459,0.008762,-0.070907,-0.494484,-0.866245,-16.065357,124.264969,-17.046846,0.051762,0.280719,-0.519258,-0.805537,-4.322775,144.318146,-20.129677,-0.139793,0.982510,0.112046,0.050767,-1.518660,127.636192,19.012447,0.308368,0.827448,0.125154,-0.452300,14.446658,132.034775,21.202118,0.168581,0.199602,0.421655,-0.868301,23.775240,122.789207,1.977755,0.144448,-0.123073,0.648571,-0.737118,11.603492,137.121216,-8.558026,-0.000592,0.968825,0.152902,0.194933,-11.649304,89.225807,8.860634,0.066541,0.968218,-0.029259,0.239310,-9.541265,56.152924,-1.410529,0.034903,0.951007,-0.123051,0.281470,-15.928650,11.913323,-0.301177,-0.100519,0.967033,-0.069863,0.223298,4.633604,88.741882,15.556735,0.010100,0.958696,-0.196259,0.205629,10.296200,55.086494,21.802263,0.060345,0.844361,-0.171385,0.504025,5.821509,13.827926,38.441971,0.034903,0.951007,-0.123051,0.281470,-9.746792,3.025350,-9.790366,0.060345,0.844361,-0.171385,0.504025,15.219394,3.855126,34.028442
733,6.108333,0.023884,0.979133,-0.045088,0.196709,-3.512269,88.955185,12.362242,0.031506,0.964709,0.120337,0.232083,-3.046434,96.138771,11.792510,-0.040066,0.967204,0.018819,0.250114,-2.951488,114.808998,16.547598,0.026938,0.989184,-0.067392,0.127467,-4.518359,132.765152,16.842556,0.036969,0.985858,-0.162819,-0.014384,-3.118639,146.024246,13.428387,-0.080258,0.916513,0.233830,0.314462,-7.617171,127.098396,15.730436,0.167997,-0.623542,-0.059564,-0.761200,-20.802610,127.097473,5.474817,0.011680,-0.076000,-0.494297,-0.865886,-15.789964,124.330864,-17.092827,0.052332,0.275737,-0.520890,-0.806166,-4.044639,144.405411,-20.457113,-0.137237,0.982755,0.110146,0.056797,-1.480766,127.577744,19.147051,0.315029,0.823848,0.124998,-0.454320,14.486541,131.874573,21.516863,0.170535,0.187689,0.425076,-0.868908,23.536486,122.433640,2.254295,0.146446,-0.134188,0.651097,-0.732544,11.313382,136.948639,-7.882391,-0.000870,0.968076,0.153691,0.198010,-11.627030,89.210861,8.951004,0.067677,0.967771,-0.028896,0.240842,-9.456881,56.154789,-1.361289,0.035196,0.950658,-0.123458,0.282432,-15.936100,11.926929,-0.318162,-0.100015,0.966858,-0.070396,0.224116,4.602492,88.699516,15.773479,0.009861,0.959635,-0.195125,0.202312,10.217821,55.042309,22.051800,0.058999,0.846308,-0.169131,0.501674,5.841506,13.743607,38.617939,0.035196,0.950658,-0.123458,0.282432,-9.739717,3.028174,-9.787756,0.058999,0.846308,-0.169131,0.501674,15.251629,3.823343,34.113033
734,6.116667,0.025055,0.978418,-0.045533,0.199993,-3.516676,88.931572,12.500355,0.031799,0.963681,0.120071,0.236413,-3.031122,96.113739,11.929312,-0.038015,0.966155,0.017947,0.254513,-2.944249,114.776733,16.675402,0.028093,0.988615,-0.067581,0.131472,-4.433118,132.739822,16.951733,0.035736,0.985942,-0.162840,-0.011182,-2.981204,145.995026,13.544337,-0.080095,0.915002,0.233200,0.319333,-7.547167,127.086700,15.813094,0.168516,-0.621774,-0.060323,-0.762470,-20.630358,127.126183,5.427419,0.014521,-0.081212,-0.493871,-0.865613,-15.519468,124.388863,-17.121761,0.053176,0.271113,-0.523092,-0.806253,-3.763221,144.476654,-20.772001,-0.135059,0.982780,0.109616,0.062341,-1.439760,127.539505,19.284843,0.321238,0.820445,0.123917,-0.456423,14.525302,131.745636,21.826292,0.172890,0.176461,0.428923,-0.868905,23.302130,122.106697,2.535425,0.150315,-0.145927,0.652265,-0.728465,11.068961,136.800568,-7.233574,-0.001247,0.967330,0.154372,0.201097,-11.607484,89.202942,9.033874,0.068409,0.967842,-0.028386,0.240408,-9.369654,56.161465,-1.310677,0.037191,0.950579,-0.123878,0.282261,-15.900573,11.939898,-0.324589,-0.099539,0.966930,-0.071599,0.223635,4.574131,88.660202,15.966836,0.010525,0.961531,-0.193960,0.194235,10.141689,55.008244,22.315441,0.059823,0.848334,-0.165384,0.499398,5.867774,13.670224,38.810085,0.037191,0.950579,-0.123878,0.282261,-9.738794,3.018981,-9.795912,0.059823,0.848334,-0.165384,0.499398,15.272443,3.804338,34.176220
735,6.125000,0.025689,0.977702,-0.045652,0.203358,-3.528501,88.895592,12.652896,0.032027,0.962844,0.119462,0.240073,-3.031688,96.077141,12.083729,-0.036342,0.965306,0.016908,0.258025,-2.948693,114.737793,16.808060,0.028925,0.988092,-0.067630,0.135145,-4.370805,132.706665,17.058432,0.035348,0.986006,-0.162747,-0.007519,-2.877559,145.959610,13.660061,-0.079057,0.913450,0.232468,0.324526,-7.498131,127.064491,15.902053,0.170214,-0.619704,-0.061447,-0.763687,-20.475132,127.172318,5.384476,0.018416,-0.085899,-0.493302,-0.865411,-15.250937,124.445663,-17.140007,0.054815,0.266395,-0.525025,-0.806460,-3.478140,144.532745,-21.079800,-0.132243,0.982987,0.108041,0.067645,-1.414323,127.496994,19.417549,0.325905,0.817527,0.122460,-0.458735,14.552850,131.595703,22.116348,0.174296,0.165512,0.431826,-0.869341,23.090464,121.804916,2.794621,0.153821,-0.157009,0.653544,-0.724271,10.826719,136.658737,-6.598977,-0.001684,0.966882,0.154976,0.202776,-11.594838,89.174446,9.130439,0.069544,0.967482,-0.028189,0.241551,-9.301259,56.146027,-1.243548,0.037178,0.950509,-0.123930,0.282473,-15.926833,11.937472,-0.306890,-0.099476,0.966948,-0.072473,0.223304,4.537836,88.616737,16.175354,0.010628,0.962663,-0.192682,0.189844,10.089372,54.972649,22.579449,0.059760,0.850400,-0.162368,0.496876,5.903387,13.590637,38.986103,0.037178,0.950509,-0.123930,0.282473,-9.760545,3.015509,-9.774288,0.059760,0.850400,-0.162368,0.496876,15.304807,3.776890,34.236382
736,6.133333,0.026180,0.977178,-0.045676,0.205796,-3.530449,88.872948,12.801741,0.032199,0.962067,0.118762,0.243489,-3.025213,96.054092,12.234933,-0.034379,0.964448,0.016474,0.261509,-2.946004,114.710510,16.933031,0.030723,0.987530,-0.067879,0.138681,-4.296726,132.684906,17.181715,0.034286,0.985993,-0.163162,-0.004541,-2.736410,145.932037,13.790780,-0.078662,0.912248,0.231017,0.329010,-7.438660,127.056030,16.000402,0.171064,-0.617648,-0.062232,-0.765099,-20.319830,127.197937,5.366067,0.022145,-0.090793,-0.492652,-0.865194,-14.981653,124.495125,-17.134565,0.056892,0.261692,-0.527611,-0.806169,-3.192811,144.575638,-21.369183,-0.129656,0.983076,0.107166,0.072572,-1.378376,127.462196,19.559406,0.330753,0.814474,0.122275,-0.460743,14.588353,131.460709,22.407095,0.176479,0.154545,0.434291,-0.869691,22.891792,121.539856,3.049682,0.157491,-0.166957,0.655329,-0.719629,10.590105,136.533997,-5.981257,-0.001921,0.966293,0.155837,0.204914,-11.578770,89.157967,9.238794,0.070252,0.967504,-0.027595,0.241329,-9.234125,56.148182,-1.183002,0.035895,0.950658,-0.123990,0.282112,-15.907776,11.945528,-0.311591,-0.099453,0.966942,-0.073490,0.223004,4.517871,88.587921,16.364687,0.010807,0.963594,-0.191295,0.186486,10.053642,54.953827,22.834589,0.060695,0.851994,-0.159464,0.494969,5.932354,13.524527,39.137955,0.035895,0.950658,-0.123990,0.282112,-9.731110,3.030576,-9.778831,0.060695,0.851994,-0.159464,0.494969,15.322203,3.750682,34.284203
737,6.141667,0.027118,0.976524,-0.046767,0.208514,-3.543380,88.856400,12.963882,0.032431,0.961107,0.118526,0.247332,-3.020097,96.035370,12.385975,-0.032047,0.963475,0.015607,0.265417,-2.948832,114.686142,17.076096,0.031194,0.986982,-0.068341,0.142206,-4.211379,132.667130,17.311583,0.033902,0.985958,-0.163512,-0.001317,-2.618677,145.909637,13.917727,-0.077967,0.910777,0.230326,0.333702,-7.371907,127.053871,16.105812,0.172405,-0.615711,-0.062795,-0.766311,-20.152838,127.249290,5.352056,0.026375,-0.095371,-0.491857,-0.865035,-14.706741,124.547043,-17.122761,0.059349,0.257574,-0.530021,-0.805736,-2.890896,144.618805,-21.653427,-0.127571,0.983132,0.106408,0.076510,-1.338433,127.430275,19.713310,0.335213,0.811666,0.121834,-0.462587,14.626593,131.348373,22.679810,0.178256,0.144558,0.436433,-0.869974,22.712421,121.303238,3.294402,0.160278,-0.176633,0.656259,-0.715847,10.382984,136.421951,-5.401721,-0.002216,0.965867,0.156800,0.206179,-11.570987,89.151047,9.355285,0.070741,0.967649,-0.027002,0.240670,-9.179128,56.162239,-1.122025,0.038713,0.950514,-0.124216,0.282126,-15.881538,11.962840,-0.307944,-0.099692,0.966759,-0.073936,0.223546,4.484229,88.561752,16.572479,0.010959,0.964255,-0.189814,0.184560,10.025064,54.935520,23.078827,0.060763,0.853383,-0.156867,0.493395,5.947403,13.456053,39.265179,0.038713,0.950514,-0.124216,0.282126,-9.746395,3.024721,-9.780339,0.060763,0.853383,-0.156867,0.493395,15.339720,3.727226,34.326504
738,6.150000,0.027322,0.976015,-0.046826,0.210845,-3.549226,88.831726,13.113123,0.032804,0.960347,0.118160,0.250390,-3.021512,96.010460,12.536269,-0.030283,0.962685,0.014951,0.268510,-2.947871,114.653526,17.214275,0.032555,0.986449,-0.068410,0.145530,-4.143691,132.639206,17.440031,0.033352,0.985880,-0.164091,0.001830,-2.497363,145.877914,14.056939,-0.077151,0.909579,0.229086,0.337984,-7.317743,127.037827,16.214691,0.173051,-0.613719,-0.063107,-0.767737,-20.006824,127.280128,5.353647,0.030248,-0.100016,-0.490875,-0.864942,-14.448515,124.590729,-17.095232,0.061980,0.253174,-0.532016,-0.805618,-2.596954,144.651550,-21.918526,-0.125874,0.983052,0.106303,0.080404,-1.305974,127.391769,19.860493,0.338555,0.809296,0.121046,-0.464509,14.653012,131.240219,22.948189,0.179715,0.135483,0.438175,-0.870259,22.551023,121.099998,3.534863,0.163553,-0.185426,0.656994,-0.712198,10.196362,136.326889,-4.853767,-0.002342,0.965524,0.157804,0.207019,-11.559421,89.127502,9.466128,0.071251,0.967664,-0.026583,0.240506,-9.135662,56.160652,-1.072815,0.038848,0.950531,-0.124250,0.282035,-15.872912,11.965722,-0.304931,-0.100332,0.966415,-0.074444,0.224573,4.460969,88.535950,16.760118,0.011257,0.964600,-0.188334,0.184256,10.029181,54.923820,23.315807,0.060728,0.854586,-0.154514,0.492058,5.955007,13.394889,39.375721,0.038848,0.950531,-0.124250,0.282035,-9.741876,3.025994,-9.778467,0.060728,0.854586,-0.154514,0.492058,15.351921,3.708386,34.363152
739,6.158333,0.027473,0.975513,-0.047119,0.213072,-3.548031,88.818832,13.267917,0.033032,0.959632,0.117849,0.253234,-3.015977,95.997055,12.688618,-0.028705,0.961936,0.014474,0.271376,-2.944773,114.627419,17.353960,0.033835,0.985977,-0.067562,0.148799,-4.081920,132.616959,17.575096,0.033362,0.985615,-0.165601,0.005071,-2.388005,145.858521,14.226810,-0.076096,0.908584,0.227751,0.341781,-7.267346,127.026329,16.330280,0.173805,-0.611655,-0.063390,-0.769189,-19.875586,127.317047,5.376676,0.034057,-0.104806,-0.489700,-0.864899,-14.201180,124.637238,-17.044283,0.064865,0.247679,-0.533342,-0.806222,-2.307523,144.680099,-22.166248,-0.123618,0.983087,0.105824,0.084024,-1.276056,127.359795,20.011551,0.341449,0.807035,0.120322,-0.466508,14.681858,131.122772,23.208227,0.180052,0.127523,0.440107,-0.870416,22.401596,120.904984,3.763898,0.165424,-0.194042,0.656421,-0.709996,10.045840,136.246140,-4.340921,-0.002249,0.965261,0.158724,0.207540,-11.541451,89.114037,9.584250,0.071666,0.967801,-0.025989,0.239894,-9.104962,56.167351,-1.014636,0.038969,0.950558,-0.124448,0.281840,-15.864841,11.974943,-0.302792,-0.100635,0.966051,-0.074807,0.225878,4.445388,88.523636,16.951582,0.012036,0.965369,-0.186581,0.181947,10.018942,54.919506,23.543612,0.060382,0.855458,-0.152210,0.491302,5.944129,13.333427,39.454803,0.038969,0.950558,-0.124448,0.281840,-9.740773,3.030138,-9.776044,0.060382,0.855458,-0.152210,0.491302,15.357452,3.692564,34.385353
740,6.166667,0.027691,0.975128,-0.047467,0.214722,-3.540350,88.793571,13.429759,0.033114,0.958927,0.117380,0.256096,-3.003178,95.971138,12.847149,-0.026824,0.961143,0.013709,0.274403,-2.938204,114.603683,17.496029,0.035145,0.985416,-0.067763,0.152077,-4.003367,132.597763,17.705704,0.032726,0.985507,-0.166243,0.008213,-2.257097,145.834442,14.365071,-0.075681,0.907252,0.227333,0.345667,-7.203723,127.019836,16.442381,0.175046,-0.609793,-0.064284,-0.770311,-19.724815,127.351234,5.390407,0.037409,-0.109219,-0.488494,-0.864896,-13.949760,124.686607,-17.006653,0.066741,0.242198,-0.533936,-0.807340,-2.019983,144.696716,-22.398191,-0.121611,0.983021,0.105666,0.087839,-1.234220,127.329872,20.160904,0.343809,0.804802,0.120195,-0.468660,14.718218,131.013672,23.474976,0.181360,0.119559,0.441289,-0.870677,22.268906,120.752213,3.987308,0.168765,-0.200407,0.658048,-0.705923,9.886954,136.179977,-3.848769,-0.001887,0.964906,0.159847,0.208330,-11.521127,89.089638,9.718849,0.072147,0.967885,-0.025437,0.239472,-9.084041,56.167686,-0.956481,0.038979,0.950525,-0.124426,0.281961,-15.873286,11.978921,-0.299890,-0.100744,0.965581,-0.074646,0.227887,4.440426,88.497505,17.140671,0.012638,0.965884,-0.185187,0.180595,10.010077,54.893208,23.735153,0.059868,0.856291,-0.149824,0.490647,5.927763,13.262135,39.526302,0.038979,0.950525,-0.124426,0.281961,-9.746647,3.034528,-9.771867,0.059868,0.856291,-0.149824,0.490647,15.361927,3.670634,34.402252
741,6.175000,0.028127,0.974707,-0.047843,0.216487,-3.541456,88.781937,13.577837,0.033355,0.958184,0.117183,0.258919,-2.995920,95.958633,12.992295,-0.025293,0.960324,0.013601,0.277404,-2.933844,114.577400,17.632828,0.036045,0.984918,-0.067925,0.154993,-3.945597,132.574463,17.850760,0.033125,0.985288,-0.167304,0.010920,-2.159904,145.807510,14.516521,-0.074875,0.906148,0.226639,0.349177,-7.155015,127.007317,16.563076,0.176885,-0.607972,-0.065307,-0.771244,-19.598679,127.384483,5.425455,0.041011,-0.113305,-0.487129,-0.864977,-13.726577,124.722183,-16.946621,0.068320,0.237129,-0.534578,-0.808287,-1.746330,144.701416,-22.603399,-0.119845,0.982987,0.105432,0.090871,-1.207708,127.296188,20.318684,0.346480,0.802795,0.119994,-0.470184,14.740881,130.911835,23.725037,0.181675,0.112977,0.443214,-0.870512,22.139105,120.586792,4.212500,0.171277,-0.206690,0.656203,-0.705224,9.780573,136.111816,-3.389826,-0.001736,0.964769,0.160761,0.208261,-11.508399,89.082382,9.837672,0.072298,0.968216,-0.024734,0.238159,-9.068987,56.180729,-0.899519,0.039229,0.950595,-0.124729,0.281555,-15.855471,11.990756,-0.297774,-0.101341,0.965164,-0.074759,0.229347,4.425486,88.481483,17.318001,0.012878,0.965720,-0.183340,0.183320,10.022862,54.886742,23.937622,0.058952,0.856783,-0.148046,0.490438,5.905190,13.195324,39.559479,0.039229,0.950595,-0.124729,0.281555,-9.742777,3.038163,-9.771015,0.058952,0.856783,-0.148046,0.490438,15.366403,3.647023,34.404709
742,6.183333,0.028299,0.974339,-0.047841,0.218116,-3.533094,88.761124,13.734282,0.033695,0.957474,0.116738,0.261687,-2.984179,95.937691,13.150223,-0.023815,0.959501,0.013305,0.280381,-2.918519,114.552757,17.776499,0.037534,0.984347,-0.068310,0.158069,-3.876872,132.552734,17.996035,0.032828,0.985112,-0.168197,0.013625,-2.034416,145.778931,14.665553,-0.074008,0.905234,0.225617,0.352379,-7.095223,126.995911,16.686226,0.177728,-0.606349,-0.065619,-0.772300,-19.468161,127.413811,5.471525,0.043569,-0.117935,-0.485607,-0.865089,-13.506183,124.755501,-16.877253,0.068698,0.232380,-0.534483,-0.809697,-1.480068,144.694107,-22.796139,-0.118625,0.982877,0.105650,0.093375,-1.170268,127.265121,20.478447,0.348287,0.801156,0.119753,-0.471704,14.772627,130.830780,23.963270,0.181752,0.107345,0.444411,-0.870599,22.045712,120.467964,4.423727,0.172593,-0.212183,0.655926,-0.703527,9.692850,136.065308,-2.973353,-0.001248,0.964543,0.161689,0.208597,-11.487399,89.062965,9.967421,0.072525,0.968525,-0.023990,0.236905,-9.063487,56.181969,-0.836349,0.039355,0.950623,-0.124729,0.281443,-15.853107,11.991694,-0.295079,-0.101500,0.964719,-0.074390,0.231262,4.421210,88.459290,17.501141,0.014072,0.966543,-0.181929,0.180272,10.022073,54.862965,24.109776,0.057860,0.857385,-0.146141,0.490089,5.872955,13.128349,39.607471,0.039355,0.950623,-0.124729,0.281443,-9.744664,3.038301,-9.770308,0.057860,0.857385,-0.146141,0.490089,15.362824,3.627665,34.417515
743,6.191667,0.028691,0.973964,-0.048079,0.219679,-3.528818,88.745926,13.890505,0.033425,0.957004,0.116148,0.263696,-2.972699,95.921829,13.305238,-0.022402,0.958961,0.013133,0.282346,-2.920666,114.525986,17.903435,0.038748,0.983899,-0.067967,0.160694,-3.828882,132.528473,18.129454,0.033367,0.984908,-0.169009,0.016694,-1.942276,145.753677,14.819807,-0.073370,0.903943,0.225503,0.355883,-7.057642,126.981544,16.803438,0.178513,-0.604690,-0.065568,-0.773423,-19.350805,127.446938,5.503211,0.045488,-0.121852,-0.484168,-0.865254,-13.294959,124.781845,-16.819500,0.068482,0.228088,-0.534016,-0.811241,-1.236311,144.662399,-22.949141,-0.117720,0.982593,0.106087,0.096942,-1.147341,127.231812,20.619751,0.349817,0.799564,0.119050,-0.473447,14.780013,130.752640,24.219296,0.181897,0.102240,0.446142,-0.870297,21.926659,120.352898,4.652741,0.174905,-0.216857,0.656829,-0.700683,9.602163,136.036697,-2.565569,-0.000826,0.964352,0.162472,0.208870,-11.470673,89.052078,10.097815,0.072737,0.968804,-0.023151,0.235778,-9.060623,56.188637,-0.762341,0.039328,0.950656,-0.124859,0.281276,-15.850252,11.997575,-0.290265,-0.101615,0.964230,-0.073624,0.233484,4.413037,88.439781,17.683197,0.014508,0.966801,-0.180733,0.180057,10.019120,54.837208,24.255558,0.056980,0.857987,-0.144405,0.489651,5.854732,13.064920,39.647289,0.039328,0.950656,-0.124859,0.281276,-9.745708,3.041522,-9.765489,0.056980,0.857987,-0.144405,0.489651,15.367198,3.606375,34.421864
744,6.200000,0.029150,0.973588,-0.048108,0.221274,-3.521960,88.728981,14.039660,0.033526,0.956389,0.115866,0.266029,-2.958350,95.904465,13.456376,-0.021281,0.958273,0.012672,0.284780,-2.910924,114.498070,18.042374,0.040462,0.983345,-0.068332,0.163479,-3.776271,132.502747,18.261663,0.033432,0.984774,-0.169499,0.019307,-1.828587,145.720398,14.957211,-0.072670,0.902745,0.225644,0.358965,-7.011843,126.963554,16.920025,0.178035,-0.603274,-0.064412,-0.774736,-19.234821,127.477921,5.546024,0.046121,-0.126074,-0.482759,-0.865403,-13.092308,124.800339,-16.751503,0.067720,0.223639,-0.532973,-0.813228,-1.018514,144.612671,-23.069345,-0.116610,0.982460,0.105852,0.099850,-1.120288,127.199875,20.766094,0.351034,0.798231,0.119270,-0.474738,14.796638,130.674225,24.455816,0.181691,0.097678,0.447354,-0.870243,21.846556,120.262978,4.860304,0.175986,-0.220796,0.657879,-0.698193,9.537439,136.016083,-2.190134,-0.000267,0.964221,0.162986,0.209077,-11.450964,89.041344,10.220678,0.072869,0.969067,-0.022235,0.234744,-9.068526,56.189476,-0.680501,0.039225,0.950748,-0.124701,0.281051,-15.849939,11.996418,-0.283267,-0.101706,0.963827,-0.072743,0.235377,4.407045,88.416626,17.858641,0.014975,0.966612,-0.179437,0.182317,10.021086,54.806393,24.384901,0.056946,0.857830,-0.142155,0.490588,5.801186,12.993583,39.651001,0.039225,0.950748,-0.124701,0.281051,-9.747955,3.044487,-9.764036,0.056946,0.857830,-0.142155,0.490588,15.347889,3.578232,34.410019
745,6.208333,0.029573,0.973217,-0.047983,0.222873,-3.508994,88.711891,14.185256,0.033476,0.955795,0.115637,0.268259,-2.938880,95.887184,13.606015,-0.020227,0.957604,0.012631,0.287098,-2.901609,114.476349,18.181726,0.041540,0.982893,-0.068269,0.165936,-3.730682,132.482651,18.408449,0.034322,0.984527,-0.170459,0.021711,-1.742275,145.697464,15.116946,-0.072000,0.901714,0.225232,0.361937,-6.971253,126.951027,17.047743,0.178549,-0.601796,-0.064107,-0.775791,-19.125881,127.505478,5.602601,0.047053,-0.129763,-0.481475,-0.865522,-12.898647,124.817917,-16.670212,0.066256,0.219991,-0.531676,-0.815190,-0.810702,144.565582,-23.161072,-0.116051,0.982240,0.106142,0.102322,-1.097741,127.172684,20.922176,0.352625,0.796779,0.120039,-0.475804,14.806835,130.618103,24.691429,0.182471,0.092594,0.448294,-0.870152,21.757444,120.194534,5.067019,0.177135,-0.224650,0.661502,-0.693232,9.443150,136.016495,-1.817452,0.000380,0.964046,0.163406,0.209557,-11.425049,89.030441,10.340014,0.073011,0.969288,-0.021352,0.233868,-9.074323,56.188076,-0.596616,0.039064,0.950842,-0.124505,0.280841,-15.849331,11.993435,-0.272770,-0.101544,0.963400,-0.071692,0.237508,4.407061,88.393333,18.030497,0.015328,0.966706,-0.178505,0.182705,10.013824,54.770287,24.496710,0.055996,0.858244,-0.140260,0.490519,5.772354,12.928605,39.677475,0.039064,0.950842,-0.124505,0.280841,-9.748556,3.046825,-9.759336,0.055996,0.858244,-0.140260,0.490519,15.349047,3.559722,34.408016
746,6.216667,0.029977,0.972874,-0.047868,0.224337,-3.495883,88.693787,14.336988,0.033493,0.955263,0.115074,0.270388,-2.919590,95.868896,13.761539,-0.019415,0.956952,0.012400,0.289329,-2.885963,114.462067,18.316959,0.042941,0.982395,-0.068858,0.168269,-3.685174,132.469742,18.542255,0.035035,0.984421,-0.170642,0.023857,-1.645345,145.676010,15.247983,-0.071623,0.900879,0.224599,0.364476,-6.928889,126.943863,17.165794,0.178437,-0.600521,-0.063471,-0.776856,-19.023731,127.523079,5.658709,0.047320,-0.133096,-0.480132,-0.865748,-12.721324,124.829376,-16.592203,0.064732,0.216468,-0.530057,-0.817307,-0.613391,144.517075,-23.226374,-0.115149,0.982030,0.106286,0.105170,-1.073034,127.154938,21.067451,0.353179,0.795836,0.119641,-0.477070,14.818769,130.559341,24.926769,0.181860,0.089505,0.449417,-0.870023,21.694983,120.128944,5.279793,0.178012,-0.227390,0.662456,-0.691200,9.404864,136.009369,-1.484424,0.000965,0.963800,0.164349,0.209947,-11.399981,89.018311,10.467725,0.073129,0.969374,-0.020426,0.233556,-9.070241,56.197453,-0.537747,0.039380,0.950724,-0.124859,0.281041,-15.836072,12.000892,-0.294430,-0.101247,0.963117,-0.070596,0.239104,4.408216,88.369263,18.206251,0.015697,0.966837,-0.177648,0.182813,10.003362,54.731209,24.604094,0.051705,0.859159,-0.139639,0.489564,5.742037,12.863266,39.706688,0.039380,0.950724,-0.124859,0.281041,-9.737362,3.044529,-9.773119,0.051705,0.859159,-0.139639,0.489564,15.372285,3.554708,34.427937
747,6.225000,0.030760,0.972505,-0.047387,0.225927,-3.490998,88.678322,14.476018,0.033577,0.954733,0.114843,0.272340,-2.904348,95.853401,13.910829,-0.018709,0.956370,0.012246,0.291300,-2.874562,114.433327,18.455183,0.043754,0.981941,-0.069193,0.170555,-3.648255,132.442093,18.680946,0.036369,0.984225,-0.171110,0.026466,-1.573923,145.643311,15.387905,-0.070876,0.900043,0.224052,0.367015,-6.894410,126.921272,17.290056,0.178824,-0.599205,-0.063288,-0.777798,-18.930754,127.537300,5.723704,0.047951,-0.135676,-0.478990,-0.865945,-12.553751,124.839935,-16.505495,0.063843,0.213202,-0.528592,-0.819183,-0.426494,144.474655,-23.260294,-0.114375,0.981832,0.106394,0.107728,-1.054290,127.122963,21.215719,0.354111,0.794922,0.120508,-0.477684,14.825253,130.491714,25.155920,0.181138,0.087180,0.450724,-0.869734,21.643471,120.064583,5.487009,0.177899,-0.229632,0.662381,-0.690560,9.392242,135.999863,-1.183198,0.001432,0.963788,0.164006,0.210267,-11.381648,89.016632,10.580577,0.072868,0.970010,-0.019341,0.231076,-9.084460,56.188023,-0.408626,0.039399,0.951335,-0.123926,0.279378,-15.804881,11.984197,-0.236709,-0.100968,0.962890,-0.069603,0.240424,4.399652,88.340012,18.371458,0.016014,0.967158,-0.176843,0.181866,9.984642,54.688370,24.706450,0.050900,0.859755,-0.137779,0.489129,5.723607,12.795803,39.740688,0.039399,0.951335,-0.123926,0.279378,-9.737630,3.048217,-9.754740,0.050900,0.859755,-0.137779,0.489129,15.375847,3.531457,34.424454
748,6.233333,0.031635,0.972156,-0.047469,0.227287,-3.487888,88.669228,14.622145,0.033716,0.954183,0.114588,0.274350,-2.887905,95.843414,14.059517,-0.018003,0.955738,0.012106,0.293417,-2.859894,114.421692,18.595320,0.045252,0.981470,-0.069014,0.172935,-3.608315,132.431519,18.822033,0.037042,0.984004,-0.171882,0.028643,-1.483146,145.629227,15.547389,-0.070836,0.899114,0.223842,0.369421,-6.856359,126.915764,17.415524,0.179809,-0.598073,-0.063496,-0.778425,-18.833696,127.550598,5.789088,0.048917,-0.137487,-0.478030,-0.866136,-12.394821,124.844589,-16.421217,0.063045,0.211144,-0.526929,-0.820847,-0.247192,144.433136,-23.272726,-0.113694,0.981694,0.106125,0.109948,-1.033297,127.108017,21.366915,0.354279,0.794345,0.119357,-0.478807,14.835295,130.447006,25.375980,0.180313,0.084954,0.452006,-0.869460,21.597958,120.003769,5.696437,0.179184,-0.231675,0.663335,-0.688626,9.381539,135.998489,-0.883722,0.001707,0.963551,0.164417,0.211028,-11.366726,89.020866,10.704039,0.073111,0.970155,-0.018054,0.230497,-9.073232,56.201683,-0.314046,0.039560,0.951254,-0.124466,0.279389,-15.788115,11.996725,-0.254769,-0.100580,0.962535,-0.068261,0.242386,4.390950,88.317589,18.540249,0.016179,0.967390,-0.176224,0.181219,9.960671,54.647701,24.791136,0.049683,0.860339,-0.136357,0.488627,5.705233,12.736085,39.773773,0.039560,0.951254,-0.124466,0.279389,-9.725739,3.047922,-9.763857,0.049683,0.860339,-0.136357,0.488627,15.380280,3.512451,34.428284
749,6.241667,0.032001,0.971872,-0.046807,0.228583,-3.473170,88.651070,14.749754,0.033956,0.953666,0.114409,0.276186,-2.869472,95.825821,14.198415,-0.017383,0.955156,0.011781,0.295359,-2.839560,114.401329,18.729427,0.046130,0.980958,-0.070195,0.175120,-3.563622,132.412231,18.950014,0.037828,0.983977,-0.171439,0.031094,-1.398980,145.598419,15.654871,-0.070718,0.898528,0.223204,0.371250,-6.813679,126.900795,17.531305,0.179907,-0.596961,-0.063353,-0.779268,-18.746317,127.546349,5.859576,0.049604,-0.139245,-0.477095,-0.866332,-12.244662,124.844238,-16.332922,0.062348,0.209845,-0.525629,-0.822066,-0.077463,144.389587,-23.272566,-0.113688,0.981386,0.106341,0.112465,-1.006406,127.085564,21.506224,0.355111,0.793732,0.119921,-0.479066,14.843530,130.413467,25.597477,0.180497,0.083013,0.452877,-0.869156,21.567175,119.963623,5.908064,0.179839,-0.233564,0.663928,-0.687245,9.375397,135.992111,-0.607020,0.002057,0.963341,0.164696,0.211769,-11.341192,89.010406,10.810664,0.073402,0.970068,-0.017400,0.230819,-9.058528,56.197697,-0.228926,0.039821,0.951403,-0.124052,0.279031,-15.785151,11.994484,-0.234598,-0.100128,0.962417,-0.067234,0.243325,4.394852,88.291740,18.688843,0.016595,0.967833,-0.175719,0.179297,9.946409,54.605888,24.869528,0.048891,0.860979,-0.134909,0.487980,5.692728,12.679583,39.811516,0.039821,0.951403,-0.124052,0.279031,-9.732181,3.053096,-9.756647,0.048891,0.860979,-0.134909,0.487980,15.382592,3.492247,34.430466
750,6.250000,0.032518,0.971545,-0.046762,0.229904,-3.458082,88.650047,14.880666,0.034076,0.953134,0.114551,0.277942,-2.846544,95.824371,14.332501,-0.016698,0.954601,0.011713,0.297187,-2.822147,114.392876,18.868595,0.047035,0.980579,-0.069886,0.177109,-3.522327,132.404678,19.092802,0.038952,0.983707,-0.172367,0.033069,-1.325149,145.590027,15.815839,-0.070755,0.897780,0.222959,0.373194,-6.774519,126.898209,17.659782,0.180585,-0.595958,-0.063097,-0.779899,-18.658632,127.555847,5.939330,0.050614,-0.140557,-0.476364,-0.866464,-12.099769,124.835899,-16.234138,0.062149,0.208814,-0.524266,-0.823213,0.083267,144.343872,-23.250721,-0.113229,0.981203,0.106403,0.114446,-0.982172,127.073624,21.656837,0.355911,0.793115,0.120020,-0.479470,14.856216,130.378525,25.810963,0.180195,0.081355,0.453940,-0.868821,21.535364,119.913803,6.114307,0.179973,-0.235029,0.664978,-0.685693,9.373326,135.988037,-0.340691,0.002330,0.962988,0.164896,0.213209,-11.314848,89.017128,10.919889,0.074333,0.969288,-0.016278,0.233858,-9.030936,56.209087,-0.133288,0.039641,0.950887,-0.124850,0.280457,-15.814392,12.014791,-0.276862,-0.099478,0.962452,-0.066149,0.243750,4.398684,88.282967,18.841442,0.016668,0.968038,-0.175172,0.178714,9.923453,54.578064,24.941738,0.047996,0.861457,-0.133829,0.487522,5.681104,12.634826,39.839344,0.039641,0.950887,-0.124850,0.280457,-9.732041,3.057008,-9.764713,0.047996,0.861457,-0.133829,0.487522,15.386568,3.478167,34.434181
751,6.258333,0.033147,0.971231,-0.046599,0.231170,-3.448609,88.641830,14.996986,0.034320,0.952610,0.114994,0.279522,-2.828081,95.815781,14.454013,-0.016395,0.954092,0.011430,0.298845,-2.807124,114.377090,19.007942,0.047839,0.980129,-0.070759,0.179030,-3.494226,132.389496,19.224483,0.040137,0.983612,-0.172200,0.035270,-1.262189,145.565674,15.934258,-0.070898,0.897077,0.222790,0.374954,-6.745659,126.885094,17.781786,0.182153,-0.594889,-0.063711,-0.780300,-18.585093,127.551094,6.016665,0.052472,-0.140824,-0.475788,-0.866626,-11.970617,124.820183,-16.138931,0.062724,0.208473,-0.523626,-0.823663,0.235174,144.294662,-23.208841,-0.112870,0.981072,0.105986,0.116296,-0.967086,127.057228,21.798872,0.356142,0.792872,0.119754,-0.479766,14.859761,130.344910,26.010269,0.179558,0.079931,0.454915,-0.868575,21.517998,119.871414,6.311193,0.180964,-0.235889,0.665497,-0.684633,9.387555,135.984756,-0.083755,0.002550,0.962743,0.164617,0.214524,-11.294367,89.019119,11.015396,0.074781,0.969298,-0.015187,0.233747,-9.014244,56.204777,-0.019857,0.039748,0.950935,-0.124580,0.280398,-15.813619,12.013385,-0.266614,-0.098946,0.962763,-0.065422,0.242934,4.397149,88.264549,18.978575,0.017034,0.968523,-0.174631,0.176570,9.904540,54.545696,25.017151,0.047130,0.862040,-0.132579,0.486917,5.671837,12.586638,39.872913,0.039748,0.950935,-0.124580,0.280398,-9.732706,3.060804,-9.760300,0.047130,0.862040,-0.132579,0.486917,15.391764,3.463528,34.437088
752,6.266667,0.033885,0.970917,-0.046016,0.232497,-3.445534,88.641670,15.111838,0.034863,0.952111,0.115242,0.281049,-2.815880,95.815681,14.580364,-0.015994,0.953614,0.011273,0.300396,-2.785221,114.366844,19.147362,0.048250,0.979833,-0.070575,0.180608,-3.457221,132.379837,19.361713,0.041468,0.983370,-0.172924,0.036896,-1.207238,145.555832,16.082972,-0.070695,0.896722,0.221772,0.376443,-6.708788,126.878288,17.908470,0.181690,-0.594018,-0.062528,-0.781167,-18.511816,127.549484,6.107125,0.053273,-0.141776,-0.475313,-0.866683,-11.842124,124.798286,-16.029402,0.063663,0.208286,-0.522829,-0.824144,0.372462,144.246368,-23.156515,-0.112875,0.980861,0.106107,0.117948,-0.943117,127.045372,21.944269,0.356951,0.792378,0.120402,-0.479819,14.870768,130.326080,26.209459,0.179794,0.078260,0.455743,-0.868244,21.499788,119.845711,6.504191,0.181450,-0.236974,0.667455,-0.682219,9.389082,135.996338,0.160385,0.003150,0.962404,0.164288,0.216281,-11.279585,89.032677,11.108579,0.074332,0.969708,-0.014125,0.232254,-9.024361,56.211044,0.089880,0.040037,0.951432,-0.124324,0.278779,-15.763441,12.010876,-0.229080,-0.098500,0.963019,-0.064567,0.242331,4.388517,88.250664,19.115097,0.017397,0.969019,-0.174152,0.174270,9.884948,54.517982,25.086084,0.046481,0.862619,-0.131446,0.486262,5.663425,12.545109,39.905933,0.040037,0.951432,-0.124324,0.278779,-9.720455,3.062212,-9.750637,0.046481,0.862619,-0.131446,0.486262,15.392928,3.450830,34.439018
753,6.275000,0.033760,0.970703,-0.045952,0.233419,-3.424176,88.621864,15.246269,0.035229,0.951698,0.115086,0.282464,-2.795976,95.796089,14.715859,-0.015617,0.953134,0.011032,0.301943,-2.757076,114.354561,19.282909,0.049197,0.979395,-0.071289,0.182435,-3.413830,132.368179,19.491989,0.041822,0.983292,-0.172864,0.038812,-1.126359,145.535614,16.204823,-0.070585,0.896312,0.221274,0.377730,-6.665541,126.869263,18.029175,0.181849,-0.593134,-0.061944,-0.781848,-18.436642,127.547981,6.196415,0.054453,-0.142193,-0.474883,-0.866777,-11.714725,124.780594,-15.922284,0.064745,0.208159,-0.522761,-0.824135,0.513821,144.203766,-23.093275,-0.113321,0.980544,0.106285,0.119982,-0.912821,127.031937,22.083586,0.357329,0.792273,0.120445,-0.479701,14.881516,130.318146,26.416414,0.179238,0.077958,0.456323,-0.868081,21.503235,119.825867,6.715033,0.181415,-0.237345,0.666145,-0.683379,9.420969,135.988083,0.393418,0.003716,0.962102,0.164752,0.217263,-11.250805,89.010132,11.228257,0.074421,0.969858,-0.013424,0.231640,-9.015053,56.199383,0.173263,0.040314,0.951717,-0.123577,0.278097,-15.747605,11.998680,-0.204044,-0.097740,0.963355,-0.063766,0.241510,4.402453,88.233604,19.264280,0.018029,0.969720,-0.173544,0.170881,9.867538,54.483448,25.164860,0.045557,0.863198,-0.130085,0.485688,5.652243,12.493637,39.938442,0.040314,0.951717,-0.123577,0.278097,-9.719573,3.064689,-9.748825,0.045557,0.863198,-0.130085,0.485688,15.398194,3.435904,34.440247
754,6.283333,0.034363,0.970403,-0.045914,0.234582,-3.418464,88.623489,15.362220,0.035904,0.951173,0.114871,0.284227,-2.781322,95.797173,14.835156,-0.015287,0.952527,0.011283,0.303861,-2.723985,114.364746,19.404032,0.049342,0.979061,-0.071064,0.184268,-3.372591,132.378525,19.624037,0.042777,0.983034,-0.173684,0.040604,-1.073149,145.546890,16.348986,-0.071134,0.896037,0.220762,0.378580,-6.621154,126.882339,18.144062,0.182625,-0.592315,-0.061641,-0.782312,-18.368212,127.545082,6.286520,0.055729,-0.142393,-0.474711,-0.866757,-11.599317,124.753525,-15.814817,0.065652,0.208130,-0.522521,-0.824223,0.634335,144.159821,-23.022694,-0.113121,0.980413,0.105809,0.121647,-0.884649,127.039085,22.221619,0.357792,0.791893,0.120463,-0.479978,14.897760,130.314285,26.605957,0.179235,0.076669,0.456939,-0.867873,21.491667,119.813202,6.899932,0.181477,-0.238178,0.668659,-0.680612,9.420602,136.009354,0.619544,0.003877,0.961699,0.165022,0.218833,-11.234787,89.021095,11.325102,0.075512,0.969086,-0.012295,0.234562,-8.987691,56.216599,0.253867,0.040108,0.950987,-0.124801,0.280072,-15.789419,12.027920,-0.264586,-0.097116,0.963747,-0.063031,0.240390,4.397860,88.225883,19.399336,0.018640,0.970479,-0.173006,0.167009,9.841059,54.460819,25.234457,0.044826,0.863709,-0.129144,0.485098,5.639617,12.456346,39.970268,0.040108,0.950987,-0.124801,0.280072,-9.721894,3.068273,-9.760173,0.044826,0.863709,-0.129144,0.485098,15.395350,3.424847,34.446323
755,6.291667,0.034835,0.970139,-0.045370,0.235710,-3.415056,88.628166,15.466563,0.036145,0.950832,0.115852,0.284939,-2.772528,95.802094,14.949460,-0.015061,0.952351,0.010745,0.304441,-2.720726,114.351845,19.553965,0.050138,0.978757,-0.071394,0.185535,-3.355787,132.366302,19.757576,0.043619,0.982866,-0.173987,0.042425,-1.027457,145.529419,16.481836,-0.070861,0.895507,0.220130,0.380247,-6.606751,126.871323,18.278385,0.184287,-0.591307,-0.061852,-0.782668,-18.312819,127.547768,6.381148,0.057532,-0.142274,-0.474569,-0.866737,-11.489604,124.727776,-15.699869,0.066654,0.207899,-0.522624,-0.824136,0.752108,144.115707,-22.943386,-0.113187,0.980203,0.106227,0.122908,-0.875120,127.027214,22.362823,0.357811,0.791883,0.120656,-0.479933,14.896500,130.297577,26.789396,0.178659,0.076335,0.457520,-0.867715,21.491810,119.800034,7.081959,0.181175,-0.239443,0.668057,-0.680840,9.441153,136.018753,0.821115,0.004157,0.961510,0.164668,0.219924,-11.221465,89.035027,11.411225,0.075684,0.969084,-0.011206,0.234568,-8.985907,56.222580,0.361208,0.040197,0.951071,-0.124856,0.279749,-15.779695,12.033939,-0.255203,-0.096514,0.964200,-0.062548,0.238938,4.391352,88.221306,19.521900,0.019022,0.971068,-0.172356,0.164189,9.811727,54.443951,25.306946,0.044012,0.864196,-0.128260,0.484539,5.629312,12.420681,39.994503,0.040197,0.951071,-0.124856,0.279749,-9.720755,3.072534,-9.754612,0.044012,0.864196,-0.128260,0.484539,15.395885,3.415365,34.447014
756,6.300000,0.035215,0.969898,-0.045391,0.236638,-3.413569,88.626137,15.581372,0.037537,0.950033,0.116477,0.287161,-2.765157,95.799652,15.065900,-0.014906,0.951497,0.010560,0.307115,-2.680570,114.348511,19.710054,0.049865,0.978323,-0.072182,0.187584,-3.308859,132.363266,19.907278,0.044250,0.982677,-0.174496,0.044025,-0.973668,145.521255,16.615858,-0.071386,0.895340,0.219590,0.380854,-6.553878,126.869492,18.410721,0.183878,-0.590817,-0.060942,-0.783205,-18.242020,127.528214,6.494889,0.058143,-0.142930,-0.474458,-0.866649,-11.386632,124.692024,-15.574068,0.067718,0.207690,-0.522785,-0.823999,0.851142,144.067307,-22.857962,-0.113327,0.980177,0.105403,0.123696,-0.845202,127.023506,22.527246,0.358027,0.791789,0.120341,-0.480005,14.918850,130.298965,26.976915,0.178310,0.076224,0.457888,-0.867603,21.503744,119.788383,7.272953,0.181025,-0.239934,0.667183,-0.681564,9.471784,136.013458,1.023212,0.004542,0.961216,0.164778,0.221113,-11.211782,89.038521,11.510857,0.075853,0.968925,-0.010378,0.235209,-8.986514,56.228828,0.450600,0.039795,0.951130,-0.125069,0.279509,-15.777075,12.040869,-0.245655,-0.095864,0.964660,-0.062126,0.237446,4.384643,88.213760,19.651888,0.019411,0.971634,-0.171624,0.161539,9.778002,54.424084,25.390015,0.043094,0.864653,-0.127226,0.484079,5.612225,12.379658,40.021645,0.039795,0.951130,-0.125069,0.279509,-9.718620,3.077391,-9.743412,0.043094,0.864653,-0.127226,0.484079,15.393670,3.404744,34.451149
757,6.308333,0.035236,0.969740,-0.045206,0.237318,-3.403402,88.613350,15.701858,0.037427,0.949875,0.116226,0.287799,-2.754969,95.787086,15.189500,-0.014619,0.951306,0.010822,0.307713,-2.674608,114.359795,19.828854,0.050961,0.977991,-0.072515,0.188888,-3.296079,132.374664,20.037838,0.044716,0.982490,-0.174985,0.045775,-0.923851,145.526291,16.747513,-0.071388,0.895119,0.218642,0.381917,-6.541389,126.883194,18.533426,0.185768,-0.589678,-0.060981,-0.783615,-18.202423,127.538094,6.590854,0.059872,-0.142806,-0.474555,-0.866498,-11.284626,124.662354,-15.453500,0.068592,0.207331,-0.522768,-0.824028,0.950391,144.026733,-22.770926,-0.112960,0.980043,0.105792,0.124756,-0.837772,127.032112,22.657146,0.357842,0.791956,0.120604,-0.479801,14.920264,130.289703,27.141125,0.177900,0.075433,0.458006,-0.867693,21.520399,119.787895,7.437587,0.181584,-0.239868,0.667952,-0.680684,9.488212,136.026001,1.223735,0.005145,0.960945,0.165108,0.222031,-11.195917,89.026222,11.620493,0.075961,0.968848,-0.009633,0.235522,-8.995225,56.224487,0.531740,0.039693,0.951216,-0.124807,0.279348,-15.779207,12.036663,-0.233530,-0.095015,0.964984,-0.061655,0.236592,4.389112,88.200478,19.783220,0.019656,0.972243,-0.171020,0.158458,9.739182,54.395508,25.471571,0.041917,0.865396,-0.126417,0.483064,5.606906,12.333426,40.061897,0.039693,0.951216,-0.124807,0.279348,-9.721407,3.079560,-9.737715,0.041917,0.865396,-0.126417,0.483064,15.396759,3.387182,34.460140
758,6.316667,0.035592,0.969509,-0.044890,0.238267,-3.396219,88.616577,15.803951,0.038022,0.949348,0.117039,0.289127,-2.743389,95.790359,15.297873,-0.014099,0.950854,0.010399,0.309143,-2.657057,114.353004,19.972622,0.051088,0.977686,-0.072816,0.190311,-3.256316,132.368729,20.171988,0.044965,0.982314,-0.175524,0.047202,-0.872137,145.517517,16.878914,-0.071521,0.894805,0.218307,0.382819,-6.504059,126.880714,18.660210,0.185660,-0.589251,-0.059800,-0.784052,-18.141434,127.534691,6.694525,0.060382,-0.143182,-0.474580,-0.866387,-11.193562,124.623718,-15.335753,0.069629,0.207111,-0.522792,-0.823981,1.035190,143.982010,-22.679754,-0.113102,0.979883,0.105701,0.125953,-0.812649,127.024208,22.800961,0.357698,0.791914,0.121085,-0.479856,14.934293,130.281998,27.323627,0.178048,0.074990,0.457978,-0.867717,21.536776,119.797256,7.611780,0.182186,-0.239507,0.669053,-0.679568,9.499831,136.038742,1.411051,0.005550,0.960828,0.164995,0.222609,-11.180344,89.035950,11.707261,0.076115,0.968858,-0.008728,0.235466,-9.001713,56.231926,0.620924,0.038747,0.951311,-0.125349,0.278914,-15.780088,12.044722,-0.225587,-0.094302,0.965264,-0.061521,0.235771,4.387906,88.197205,19.900640,0.019926,0.972793,-0.170132,0.155985,9.697769,54.381718,25.564152,0.041614,0.865745,-0.124996,0.482836,5.591222,12.293500,40.086208,0.038747,0.951311,-0.125349,0.278914,-9.720770,3.081825,-9.723348,0.041614,0.865745,-0.124996,0.482836,15.393913,3.378345,34.457390
759,6.325000,0.035997,0.969285,-0.044837,0.239123,-3.394411,88.621918,15.906458,0.038310,0.949182,0.117113,0.289606,-2.735646,95.795349,15.403112,-0.014249,0.950724,0.010809,0.309524,-2.642021,114.359367,20.084427,0.051779,0.977427,-0.072956,0.191396,-3.251076,132.374634,20.295923,0.045603,0.982119,-0.176007,0.048826,-0.842583,145.519852,17.006296,-0.071507,0.894488,0.217770,0.383867,-6.494677,126.885948,18.777719,0.188032,-0.588234,-0.060325,-0.784211,-18.105259,127.541862,6.786144,0.062280,-0.142631,-0.474889,-0.866174,-11.104541,124.594322,-15.222528,0.070766,0.206790,-0.522643,-0.824060,1.117653,143.949203,-22.586376,-0.112873,0.979686,0.106442,0.127066,-0.806645,127.029587,22.923100,0.357315,0.792162,0.121038,-0.479744,14.932613,130.272064,27.483337,0.177219,0.074881,0.458176,-0.867791,21.552858,119.795624,7.773034,0.182192,-0.239659,0.668436,-0.680120,9.523264,136.048798,1.590787,0.006268,0.960535,0.164906,0.223917,-11.170818,89.047623,11.795795,0.075981,0.968863,-0.007801,0.235523,-9.026352,56.242146,0.707112,0.039608,0.951346,-0.124990,0.278838,-15.773666,12.051744,-0.217284,-0.093606,0.965426,-0.061597,0.235364,4.381997,88.196220,20.017120,0.019958,0.973181,-0.169060,0.154722,9.646771,54.372303,25.672384,0.040456,0.866150,-0.124164,0.482422,5.570789,12.251690,40.108879,0.039608,0.951346,-0.124990,0.278838,-9.726631,3.091236,-9.725118,0.040456,0.866150,-0.124164,0.482422,15.390359,3.365990,34.462940
760,6.333333,0.036414,0.969096,-0.044867,0.239820,-3.392052,88.628441,16.010498,0.038704,0.948831,0.117619,0.290496,-2.726995,95.801392,15.508657,-0.013976,0.950420,0.010787,0.310468,-2.629225,114.354324,20.211121,0.051984,0.977188,-0.073151,0.192487,-3.228857,132.369888,20.424307,0.046022,0.981950,-0.176490,0.050069,-0.808530,145.512802,17.134138,-0.071459,0.894011,0.217881,0.384922,-6.472446,126.883224,18.898808,0.188748,-0.587691,-0.059303,-0.784523,-18.056162,127.550781,6.881923,0.062932,-0.142680,-0.475199,-0.865949,-11.020063,124.551926,-15.108527,0.071466,0.206634,-0.522769,-0.823959,1.187325,143.909943,-22.488699,-0.113015,0.979544,0.106563,0.127931,-0.792547,127.023079,23.055452,0.356723,0.792347,0.120702,-0.479964,14.938268,130.266068,27.644358,0.176966,0.074530,0.458116,-0.867905,21.568357,119.802132,7.930724,0.183061,-0.239877,0.668497,-0.679750,9.534157,136.058807,1.766342,0.006704,0.960443,0.164956,0.224265,-11.162049,89.060455,11.888388,0.075983,0.968945,-0.006904,0.235213,-9.041819,56.256531,0.790466,0.040064,0.951354,-0.125163,0.278668,-15.770716,12.064973,-0.209518,-0.092784,0.965694,-0.061892,0.234511,4.377945,88.196426,20.132610,0.020119,0.973795,-0.167961,0.152013,9.588237,54.364403,25.789816,0.040045,0.866584,-0.122654,0.482063,5.553026,12.211222,40.142467,0.040064,0.951354,-0.125163,0.278668,-9.734862,3.097808,-9.718182,0.040045,0.866584,-0.122654,0.482063,15.385562,3.359629,34.465607
761,6.341667,0.036394,0.968984,-0.044452,0.240354,-3.380536,88.619019,16.115263,0.039458,0.948391,0.117972,0.291685,-2.716910,95.792534,15.619512,-0.013606,0.949968,0.010621,0.311871,-2.601742,114.339134,20.342758,0.052275,0.976909,-0.073110,0.193835,-3.187176,132.355194,20.553549,0.045692,0.981788,-0.177172,0.051132,-0.752610,145.497192,17.270294,-0.071608,0.894034,0.217390,0.385119,-6.430772,126.871132,19.018694,0.189264,-0.587109,-0.059331,-0.784833,-18.008705,127.529320,6.995713,0.063762,-0.142991,-0.475402,-0.865726,-10.940890,124.523369,-14.983598,0.072059,0.206569,-0.522795,-0.823907,1.252909,143.878098,-22.394768,-0.113516,0.979354,0.106739,0.128788,-0.763026,127.006485,23.192047,0.356317,0.792562,0.121456,-0.479722,14.956656,130.261353,27.810637,0.177211,0.074182,0.457633,-0.868139,21.611082,119.824310,8.090936,0.183681,-0.240032,0.668152,-0.679867,9.558601,136.066132,1.938761,0.007295,0.960319,0.165244,0.224563,-11.146045,89.051956,11.984796,0.076114,0.968920,-0.006243,0.235293,-9.057225,56.255192,0.859774,0.040104,0.951367,-0.124967,0.278704,-15.783525,12.064648,-0.200774,-0.091936,0.965672,-0.062489,0.234777,4.384974,88.186081,20.245731,0.020335,0.974407,-0.166695,0.149431,9.527421,54.348339,25.930744,0.041417,0.866760,-0.120604,0.482148,5.527996,12.158075,40.184113,0.040104,0.951367,-0.124967,0.278704,-9.746456,3.101508,-9.712465,0.041417,0.866760,-0.120604,0.482148,15.360027,3.330860,34.468544
762,6.350000,0.037100,0.968792,-0.044747,0.240962,-3.386729,88.623009,16.222820,0.039491,0.948297,0.117958,0.291992,-2.711919,95.795395,15.725843,-0.013574,0.949902,0.011009,0.312058,-2.596869,114.348625,20.450670,0.052905,0.976722,-0.073204,0.194565,-3.185617,132.364410,20.674978,0.046170,0.981600,-0.177761,0.052250,-0.730362,145.503403,17.395027,-0.071657,0.893734,0.217060,0.385991,-6.427638,126.880943,19.134691,0.190616,-0.586226,-0.059019,-0.785189,-17.982882,127.540466,7.089970,0.064892,-0.142739,-0.475783,-0.865474,-10.865103,124.494949,-14.867764,0.072739,0.206440,-0.523265,-0.823580,1.314750,143.852798,-22.293745,-0.113418,0.979213,0.107186,0.129577,-0.761523,127.014122,23.310331,0.355569,0.792966,0.120655,-0.479811,14.952096,130.260483,27.955460,0.176252,0.074464,0.457658,-0.868297,21.627335,119.826950,8.240943,0.183434,-0.240679,0.667139,-0.680699,9.579790,136.070663,2.097382,0.007855,0.960278,0.165266,0.224705,-11.146173,89.066139,12.082049,0.075788,0.969238,-0.005126,0.234110,-9.092692,56.270473,0.947207,0.040032,0.951466,-0.125169,0.278284,-15.768787,12.074357,-0.195173,-0.091237,0.965721,-0.062999,0.234712,4.372715,88.179886,20.363594,0.020511,0.975107,-0.165415,0.146231,9.460641,54.337711,26.071236,0.040894,0.867259,-0.118980,0.481699,5.509089,12.110045,40.226871,0.040032,0.951466,-0.125169,0.278284,-9.740819,3.107305,-9.708946,0.040894,0.867259,-0.118980,0.481699,15.355149,3.320661,34.477242
763,6.358333,0.037162,0.968693,-0.044558,0.241387,-3.376065,88.619843,16.321922,0.040040,0.948048,0.118168,0.292641,-2.700823,95.792404,15.828093,-0.013938,0.949633,0.011209,0.312852,-2.571561,114.334106,20.564533,0.052923,0.976526,-0.073174,0.195553,-3.175189,132.349365,20.791080,0.046541,0.981473,-0.178028,0.053390,-0.714663,145.488373,17.515190,-0.071412,0.893529,0.217111,0.386482,-6.410203,126.863571,19.244370,0.192030,-0.585717,-0.059161,-0.785214,-17.953938,127.535103,7.189292,0.065805,-0.142499,-0.476001,-0.865324,-10.809155,124.460831,-14.755649,0.073044,0.206162,-0.523520,-0.823462,1.363999,143.818802,-22.192213,-0.113615,0.979038,0.107582,0.130390,-0.751218,127.000557,23.429539,0.354973,0.793185,0.120992,-0.479806,14.953838,130.248062,28.102720,0.175797,0.074276,0.457480,-0.868499,21.649017,119.840431,8.381273,0.183223,-0.240717,0.668127,-0.679772,9.591862,136.086472,2.253329,0.008451,0.960316,0.165407,0.224414,-11.131816,89.064438,12.174399,0.075751,0.969275,-0.004316,0.233983,-9.119225,56.272678,1.020616,0.040114,0.951506,-0.125073,0.278179,-15.775389,12.075382,-0.190251,-0.090177,0.965627,-0.063996,0.235237,4.379687,88.175255,20.469444,0.020538,0.975834,-0.163915,0.143030,9.377429,54.328518,26.229460,0.037022,0.868256,-0.118603,0.480307,5.488677,12.056807,40.270538,0.040114,0.951506,-0.125073,0.278179,-9.750395,3.109911,-9.707390,0.037022,0.868256,-0.118603,0.480307,15.370004,3.319085,34.502716
764,6.366667,0.036775,0.968625,-0.044192,0.241784,-3.356676,88.603149,16.430763,0.040152,0.947688,0.118311,0.293731,-2.687900,95.776596,15.940964,-0.013321,0.949216,0.011243,0.314141,-2.561589,114.329849,20.687271,0.052034,0.976369,-0.073377,0.196500,-3.144799,132.345703,20.921165,0.046918,0.981312,-0.178486,0.054477,-0.701860,145.486206,17.638186,-0.071776,0.893294,0.216960,0.387044,-6.382036,126.864449,19.363018,0.192997,-0.585114,-0.059352,-0.785412,-17.909508,127.527794,7.291936,0.066663,-0.142445,-0.476479,-0.865005,-10.732908,124.440086,-14.640731,0.073519,0.206206,-0.523811,-0.823223,1.419093,143.804916,-22.094036,-0.113598,0.978995,0.107418,0.130867,-0.734186,126.992752,23.563477,0.354729,0.793383,0.121870,-0.479436,14.966833,130.238541,28.251379,0.175436,0.074406,0.457214,-0.868701,21.686588,119.854164,8.526037,0.182523,-0.240868,0.667332,-0.680688,9.620584,136.093658,2.401993,0.009034,0.960363,0.165927,0.223807,-11.109551,89.042351,12.277293,0.075860,0.969244,-0.003756,0.234088,-9.134702,56.263245,1.079642,0.040043,0.951517,-0.124690,0.278325,-15.788441,12.067023,-0.182784,-0.088869,0.965643,-0.065166,0.235349,4.396200,88.163956,20.584232,0.020560,0.976802,-0.161772,0.138796,9.286788,54.311455,26.402092,0.038817,0.868209,-0.115894,0.480911,5.483003,11.977402,40.277660,0.040043,0.951517,-0.124690,0.278325,-9.757292,3.110357,-9.704319,0.038817,0.868209,-0.115894,0.480911,15.371025,3.272852,34.471275
765,6.375000,0.037211,0.968437,-0.044295,0.242452,-3.358116,88.600090,16.526249,0.040212,0.947511,0.119146,0.293956,-2.682558,95.772934,16.037008,-0.013069,0.949199,0.010979,0.314213,-2.564782,114.314560,20.812813,0.053219,0.976199,-0.073323,0.197044,-3.136400,132.330841,21.040470,0.046375,0.981239,-0.178896,0.054922,-0.659884,145.467484,17.767134,-0.071990,0.892938,0.216888,0.387864,-6.376942,126.851166,19.483711,0.194714,-0.584567,-0.060145,-0.785335,-17.882168,127.514015,7.391395,0.067979,-0.141819,-0.476945,-0.864749,-10.680197,124.413261,-14.531119,0.074232,0.206299,-0.524541,-0.822671,1.459032,143.784637,-21.988287,-0.113579,0.978881,0.107897,0.131339,-0.729636,126.977249,23.684969,0.354015,0.793603,0.122255,-0.479501,14.967386,130.218201,28.389582,0.174806,0.074053,0.457275,-0.868826,21.707804,119.865562,8.654618,0.182923,-0.240636,0.668389,-0.679625,9.641226,136.115280,2.554495,0.009489,0.960334,0.166044,0.223826,-11.104724,89.045639,12.361773,0.075790,0.969426,-0.002942,0.233366,-9.158163,56.269829,1.149534,0.039813,0.951615,-0.124680,0.278027,-15.789766,12.072161,-0.177046,-0.087972,0.965537,-0.066366,0.235784,4.388491,88.154533,20.690725,0.020690,0.977616,-0.160251,0.134754,9.196715,54.301979,26.576483,0.037919,0.868815,-0.114139,0.480308,5.456899,11.924603,40.336697,0.039813,0.951615,-0.124680,0.278027,-9.761673,3.117199,-9.702121,0.037919,0.868815,-0.114139,0.480308,15.362400,3.265089,34.492889
766,6.383333,0.037354,0.968324,-0.044410,0.242859,-3.350346,88.594749,16.625046,0.040141,0.947490,0.119102,0.294051,-2.672184,95.767296,16.134998,-0.013140,0.949191,0.011401,0.314221,-2.556901,114.313507,20.909479,0.053774,0.976140,-0.073268,0.197208,-3.135725,132.329391,21.150768,0.046801,0.981175,-0.179081,0.055101,-0.644071,145.464417,17.882458,-0.071884,0.892746,0.216849,0.388349,-6.374058,126.849594,19.589825,0.194358,-0.583826,-0.058948,-0.786065,-17.867222,127.519051,7.486407,0.067927,-0.142073,-0.477411,-0.864454,-10.618287,124.392937,-14.417017,0.074741,0.206091,-0.524365,-0.822789,1.496069,143.776443,-21.883085,-0.113298,0.978788,0.107829,0.132331,-0.726849,126.974762,23.791241,0.353360,0.793960,0.122037,-0.479449,14.963572,130.202881,28.526608,0.173767,0.074401,0.457296,-0.868994,21.727854,119.863388,8.792910,0.182353,-0.240740,0.667728,-0.680391,9.664878,136.116959,2.699717,0.010090,0.960308,0.166209,0.223789,-11.093293,89.041862,12.453935,0.075730,0.969670,-0.002071,0.232380,-9.184590,56.270672,1.221731,0.039685,0.951630,-0.124579,0.278039,-15.794349,12.071806,-0.172354,-0.086665,0.965581,-0.067862,0.235663,4.392601,88.147644,20.796160,0.020626,0.978464,-0.158653,0.130431,9.089626,54.293190,26.760302,0.037177,0.869562,-0.112349,0.479435,5.434424,11.870011,40.401611,0.039685,0.951630,-0.124579,0.278039,-9.763649,3.119843,-9.698596,0.037177,0.869562,-0.112349,0.479435,15.351373,3.254359,34.512562
767,6.391667,0.037620,0.968160,-0.044511,0.243455,-3.343160,88.589378,16.723209,0.040491,0.947102,0.119761,0.294984,-2.660639,95.761505,16.233107,-0.012970,0.948844,0.011295,0.315276,-2.544963,114.297272,21.034243,0.053548,0.975994,-0.073547,0.197889,-3.117033,132.313400,21.273228,0.046856,0.981132,-0.179172,0.055511,-0.626505,145.447083,17.998629,-0.071921,0.892628,0.216735,0.388674,-6.354109,126.834824,19.705406,0.196130,-0.583367,-0.060200,-0.785870,-17.838642,127.504349,7.593796,0.069043,-0.141739,-0.477755,-0.864230,-10.571744,124.379524,-14.303864,0.074654,0.206206,-0.524698,-0.822556,1.531350,143.765671,-21.781313,-0.113646,0.978676,0.108186,0.132564,-0.716192,126.957939,23.919344,0.353095,0.794028,0.122495,-0.479415,14.969531,130.194595,28.664440,0.173752,0.073918,0.457354,-0.869007,21.744083,119.873833,8.924458,0.182933,-0.240792,0.668712,-0.679249,9.680550,136.133163,2.848906,0.010681,0.960207,0.166436,0.224027,-11.080652,89.040009,12.542364,0.075664,0.969742,-0.001353,0.232109,-9.204999,56.274891,1.286874,0.039664,0.951670,-0.124579,0.277905,-15.794513,12.074908,-0.166259,-0.085282,0.965426,-0.069295,0.236384,4.394333,88.138748,20.904055,0.020336,0.979385,-0.157099,0.125348,8.970869,54.281425,26.945084,0.036527,0.870489,-0.110502,0.478231,5.428886,11.813295,40.475945,0.039664,0.951670,-0.124579,0.277905,-9.766390,3.123105,-9.694283,0.036527,0.870489,-0.110502,0.478231,15.351340,3.241493,34.532421
768,6.400000,0.037138,0.968100,-0.044069,0.243845,-3.326250,88.572021,16.819012,0.040406,0.947114,0.119605,0.295022,-2.651798,95.745239,16.333637,-0.012973,0.948854,0.011697,0.315231,-2.537537,114.294884,21.131413,0.053206,0.975928,-0.073829,0.198199,-3.114279,132.310684,21.384140,0.047148,0.981084,-0.179064,0.056466,-0.629762,145.443451,18.101355,-0.071906,0.892507,0.216482,0.389096,-6.350087,126.832451,19.812490,0.195772,-0.582900,-0.059222,-0.786381,-17.823721,127.502480,7.690589,0.069063,-0.141740,-0.478181,-0.863992,-10.525977,124.357246,-14.193879,0.075205,0.206198,-0.525713,-0.821859,1.557490,143.755524,-21.671619,-0.113524,0.978479,0.109281,0.133224,-0.711771,126.953842,24.025940,0.352776,0.794184,0.123281,-0.479189,14.969018,130.178482,28.795444,0.173394,0.074006,0.457471,-0.869010,21.764114,119.883179,9.049240,0.182362,-0.240882,0.669794,-0.678304,9.701840,136.152344,2.974633,0.011047,0.960353,0.166581,0.223273,-11.061028,89.015999,12.632439,0.075719,0.969808,-0.000632,0.231814,-9.216372,56.254799,1.360428,0.039327,0.951811,-0.123959,0.277746,-15.796173,12.055436,-0.154373,-0.083794,0.965537,-0.070586,0.236080,4.408527,88.128052,21.005587,0.020161,0.980384,-0.155188,0.119823,8.866337,54.265808,27.107460,0.035776,0.871119,-0.108877,0.477512,5.435973,11.743677,40.496731,0.039327,0.951811,-0.123959,0.277746,-9.763459,3.119328,-9.694214,0.035776,0.871119,-0.108877,0.477512,15.370589,3.212896,34.514641
769,6.408333,0.037807,0.967892,-0.044398,0.244509,-3.332437,88.577660,16.904295,0.040797,0.946697,0.120498,0.295942,-2.647169,95.749725,16.417175,-0.012339,0.948551,0.011356,0.316181,-2.533762,114.282211,21.249285,0.053953,0.975759,-0.073929,0.198793,-3.085174,132.298874,21.496992,0.046172,0.981142,-0.179047,0.056308,-0.577551,145.428116,18.217676,-0.072146,0.892461,0.216457,0.389170,-6.325702,126.824936,19.920092,0.196140,-0.582617,-0.059346,-0.786489,-17.796251,127.488121,7.794901,0.069228,-0.141816,-0.478598,-0.863736,-10.483866,124.340309,-14.084303,0.075074,0.206259,-0.525953,-0.821702,1.579411,143.748611,-21.568636,-0.113909,0.978402,0.108906,0.133771,-0.695606,126.939178,24.144714,0.352687,0.794258,0.123434,-0.479094,14.977371,130.175812,28.931730,0.172783,0.074682,0.457677,-0.868965,21.779654,119.885468,9.185415,0.181365,-0.240471,0.669650,-0.678859,9.731009,136.156494,3.097106,0.011276,0.960236,0.166460,0.223853,-11.060619,89.030960,12.706560,0.075738,0.969844,0.000229,0.231661,-9.226278,56.267311,1.440010,0.039529,0.951842,-0.124232,0.277490,-15.790113,12.068179,-0.148868,-0.082468,0.965499,-0.072320,0.236181,4.395745,88.124359,21.102030,0.019945,0.981215,-0.153548,0.115072,8.735598,54.264008,27.298742,0.035162,0.871746,-0.107158,0.476801,5.405501,11.695838,40.566486,0.039529,0.951842,-0.124232,0.277490,-9.767292,3.124841,-9.688177,0.035162,0.871746,-0.107158,0.476801,15.351163,3.206510,34.543922
770,6.416667,0.037577,0.967781,-0.044616,0.244945,-3.328376,88.568794,17.004301,0.040723,0.946573,0.120674,0.296276,-2.645330,95.740829,16.513634,-0.012027,0.948454,0.011569,0.316474,-2.538293,114.280724,21.353552,0.054068,0.975755,-0.073503,0.198937,-3.081576,132.297485,21.611938,0.046582,0.981064,-0.179366,0.056313,-0.572363,145.429459,18.344801,-0.072166,0.892232,0.216406,0.389721,-6.323666,126.826004,20.029734,0.197672,-0.582165,-0.060095,-0.786383,-17.779797,127.492462,7.891095,0.070023,-0.141488,-0.478985,-0.863511,-10.447029,124.334396,-13.979812,0.075052,0.206000,-0.526293,-0.821551,1.602890,143.749268,-21.468605,-0.113692,0.978367,0.109210,0.133963,-0.696071,126.935066,24.257828,0.352621,0.794311,0.123928,-0.478927,14.976841,130.162399,29.051342,0.173572,0.073250,0.457566,-0.868988,21.788740,119.883682,9.302288,0.183043,-0.240907,0.672000,-0.675925,9.725644,136.160629,3.251478,0.011682,0.960020,0.166898,0.224435,-11.053103,89.016815,12.799644,0.075786,0.969746,0.000783,0.232052,-9.232113,56.263947,1.499635,0.039732,0.951897,-0.124024,0.277366,-15.787932,12.065512,-0.140881,-0.080922,0.965762,-0.074075,0.235092,4.396352,88.120773,21.208958,0.019546,0.982012,-0.151873,0.110480,8.610890,54.260719,27.493185,0.034384,0.872618,-0.105583,0.475614,5.394049,11.645373,40.636860,0.039732,0.951897,-0.124024,0.277366,-9.769672,3.125458,-9.686152,0.034384,0.872618,-0.105583,0.475614,15.344410,3.196305,34.565632
771,6.425000,0.037864,0.967573,-0.044950,0.245658,-3.330154,88.576149,17.088560,0.040881,0.946368,0.121207,0.296692,-2.641559,95.747444,16.594769,-0.011785,0.948351,0.011733,0.316788,-2.537118,114.278282,21.454556,0.054089,0.975729,-0.073449,0.199080,-3.074069,132.295105,21.721107,0.046509,0.981048,-0.179479,0.056291,-0.563860,145.427383,18.455952,-0.072324,0.892006,0.216709,0.390040,-6.317101,126.825546,20.134203,0.198452,-0.581917,-0.060189,-0.786363,-17.764153,127.494110,7.987111,0.070510,-0.141114,-0.479399,-0.863303,-10.418502,124.320587,-13.877240,0.075424,0.206078,-0.526790,-0.821179,1.617411,143.745834,-21.361700,-0.113553,0.978336,0.109270,0.134255,-0.692223,126.930580,24.366016,0.352351,0.794443,0.124215,-0.478832,14.979133,130.151947,29.168642,0.173285,0.073091,0.457379,-0.869158,21.804138,119.886909,9.416983,0.182930,-0.240494,0.672670,-0.675436,9.730002,136.166077,3.377020,0.011992,0.959762,0.166785,0.225600,-11.048339,89.026932,12.872195,0.075803,0.969738,0.001500,0.232075,-9.236031,56.271954,1.576898,0.040069,0.951992,-0.124082,0.276963,-15.778431,12.073895,-0.126351,-0.079520,0.965810,-0.075724,0.234850,4.388031,88.125366,21.304924,0.019442,0.982764,-0.150354,0.105791,8.483299,54.266846,27.675676,0.033810,0.873100,-0.104006,0.475117,5.352266,11.610085,40.705254,0.040069,0.951992,-0.124082,0.276963,-9.774101,3.130489,-9.677258,0.033810,0.873100,-0.104006,0.475117,15.314972,3.199481,34.600948
772,6.433333,0.037997,0.967385,-0.044746,0.246414,-3.330239,88.578247,17.166471,0.040960,0.946223,0.121437,0.297047,-2.640127,95.749664,16.676542,-0.011467,0.948282,0.011948,0.316998,-2.537322,114.279770,21.545872,0.054456,0.975695,-0.073322,0.199195,-3.065922,132.296677,21.823309,0.046116,0.981069,-0.179513,0.056150,-0.546149,145.428543,18.563875,-0.072288,0.891871,0.216789,0.390311,-6.310842,126.829620,20.231638,0.198027,-0.581768,-0.059308,-0.786647,-17.751015,127.502594,8.078312,0.070298,-0.141117,-0.479627,-0.863193,-10.392380,124.310493,-13.778970,0.075642,0.206164,-0.527419,-0.820734,1.632968,143.744080,-21.258694,-0.113610,0.978201,0.109522,0.134987,-0.687735,126.929405,24.465933,0.352230,0.794641,0.124457,-0.478530,14.976599,130.148315,29.293045,0.173131,0.073431,0.457492,-0.869100,21.819067,119.888153,9.544900,0.183329,-0.240113,0.671668,-0.676460,9.755236,136.163254,3.496677,0.012183,0.959616,0.166571,0.226368,-11.041695,89.031456,12.938072,0.075859,0.969675,0.002212,0.232318,-9.236485,56.271862,1.655028,0.040286,0.952098,-0.123887,0.276656,-15.768421,12.074796,-0.112762,-0.078181,0.965870,-0.077561,0.234451,4.381217,88.125038,21.394871,0.019025,0.983420,-0.148713,0.102018,8.359301,54.271400,27.865051,0.033273,0.873705,-0.102505,0.474368,5.329519,11.569345,40.769585,0.040286,0.952098,-0.123887,0.276656,-9.772908,3.134351,-9.671972,0.033273,0.873705,-0.102505,0.474368,15.299490,3.195154,34.627197
773,6.441667,0.037775,0.967239,-0.045096,0.246957,-3.323004,88.587807,17.247946,0.041152,0.945938,0.121949,0.297718,-2.634472,95.759010,16.752716,-0.011452,0.948026,0.012107,0.317757,-2.534145,114.279572,21.641422,0.054428,0.975565,-0.073685,0.199701,-3.064271,132.296356,21.924046,0.046136,0.981131,-0.179055,0.056501,-0.540867,145.425552,18.656700,-0.072219,0.891748,0.216845,0.390573,-6.306313,126.829651,20.325359,0.198495,-0.581426,-0.059411,-0.786774,-17.739979,127.507607,8.166195,0.070708,-0.140606,-0.480048,-0.863009,-10.363403,124.310097,-13.684243,0.076412,0.206108,-0.527653,-0.820526,1.649423,143.755875,-21.152430,-0.113419,0.978132,0.109715,0.135485,-0.689989,126.928329,24.568668,0.352008,0.794795,0.124929,-0.478313,14.971286,130.138031,29.411793,0.170945,0.076043,0.458283,-0.868891,21.830639,119.892799,9.661757,0.179462,-0.239495,0.669444,-0.679912,9.812953,136.182205,3.554308,0.012421,0.959533,0.166287,0.226915,-11.030032,89.035187,13.010865,0.075936,0.969490,0.002983,0.233053,-9.238736,56.269421,1.743537,0.040209,0.952240,-0.123744,0.276242,-15.759930,12.073761,-0.097607,-0.076688,0.966020,-0.079400,0.233711,4.384024,88.140434,21.485027,0.018894,0.984061,-0.147128,0.098087,8.236927,54.290783,28.051069,0.032767,0.874009,-0.101251,0.474112,5.283804,11.546341,40.832432,0.040209,0.952240,-0.123744,0.276242,-9.771576,3.136960,-9.664707,0.032767,0.874009,-0.101251,0.474112,15.266193,3.203547,34.667542
774,6.450000,0.037319,0.967112,-0.045053,0.247530,-3.314000,88.594925,17.320765,0.041389,0.945735,0.122380,0.298153,-2.631685,95.766678,16.824902,-0.011353,0.947875,0.012371,0.318199,-2.530020,114.282753,21.731733,0.054644,0.975543,-0.072937,0.200026,-3.059923,132.299393,22.024252,0.046086,0.981066,-0.179421,0.056508,-0.533052,145.433304,18.778603,-0.071854,0.891762,0.216768,0.390653,-6.300632,126.833687,20.419416,0.198984,-0.581146,-0.059484,-0.786852,-17.733976,127.522049,8.260526,0.071160,-0.140346,-0.480261,-0.862895,-10.342617,124.316811,-13.583790,0.076767,0.206370,-0.527625,-0.820445,1.663876,143.766647,-21.051575,-0.113341,0.978066,0.109991,0.135801,-0.688232,126.929771,24.667974,0.351730,0.794940,0.124925,-0.478278,14.970779,130.134277,29.521870,0.170694,0.076168,0.458222,-0.868962,21.840837,119.896637,9.771612,0.179563,-0.239287,0.669195,-0.680203,9.821757,136.184830,3.664737,0.012691,0.959467,0.166043,0.227357,-11.016645,89.034180,13.074870,0.076007,0.969262,0.003625,0.233966,-9.242049,56.263275,1.819854,0.040517,0.952315,-0.123381,0.276099,-15.754169,12.068963,-0.084627,-0.075134,0.966114,-0.081265,0.233182,4.388646,88.155670,21.566658,0.018262,0.984583,-0.145525,0.095315,8.110657,54.310440,28.230291,0.032332,0.874438,-0.100222,0.473571,5.262375,11.521954,40.887474,0.040517,0.952315,-0.123381,0.276099,-9.771517,3.138214,-9.660944,0.032332,0.874438,-0.100222,0.473571,15.250074,3.205000,34.696316
775,6.458333,0.037116,0.966949,-0.045128,0.248185,-3.309861,88.601082,17.394630,0.041423,0.945559,0.122683,0.298582,-2.629774,95.772949,16.897455,-0.011148,0.947753,0.012515,0.318566,-2.532618,114.285172,21.815269,0.054875,0.975490,-0.073211,0.200121,-3.057275,132.301849,22.114885,0.046009,0.981164,-0.178957,0.056344,-0.522453,145.432861,18.863729,-0.071426,0.891710,0.216999,0.390721,-6.298417,126.837791,20.505297,0.199334,-0.580911,-0.059400,-0.786944,-17.732021,127.542534,8.347586,0.071595,-0.139952,-0.480355,-0.862871,-10.327477,124.327179,-13.490780,0.077193,0.206749,-0.527877,-0.820148,1.680017,143.778763,-20.952410,-0.113402,0.977970,0.110077,0.136376,-0.689235,126.930412,24.758186,0.351720,0.794838,0.125248,-0.478372,14.964090,130.134018,29.630991,0.173004,0.073390,0.457566,-0.869090,21.830317,119.906212,9.874315,0.183522,-0.240198,0.672773,-0.675279,9.767989,136.185974,3.829022,0.013154,0.959040,0.166031,0.229137,-11.007059,89.035927,13.138413,0.076062,0.969055,0.004112,0.234800,-9.242570,56.265568,1.880214,0.040541,0.952391,-0.123344,0.275852,-15.747505,12.072333,-0.073211,-0.073773,0.966204,-0.083100,0.232598,4.387337,88.166237,21.650848,0.017924,0.985125,-0.143931,0.092149,7.992192,54.327869,28.413033,0.031776,0.874791,-0.099153,0.473181,5.227185,11.497026,40.944817,0.040541,0.952391,-0.123344,0.275852,-9.770390,3.142288,-9.653645,0.031776,0.874791,-0.099153,0.473181,15.224340,3.208277,34.731136
776,6.466667,0.037339,0.966685,-0.045556,0.249099,-3.318623,88.617912,17.460588,0.041213,0.945381,0.123240,0.298944,-2.633436,95.788979,16.958900,-0.010584,0.947707,0.012843,0.318708,-2.552286,114.290794,21.892702,0.055012,0.975506,-0.072857,0.200133,-3.061483,132.307617,22.209921,0.046208,0.981148,-0.179008,0.056298,-0.524810,145.440750,18.968765,-0.071104,0.891639,0.216530,0.391202,-6.306890,126.847946,20.594053,0.200739,-0.580601,-0.060533,-0.786729,-17.729479,127.559814,8.426411,0.072561,-0.139105,-0.480505,-0.862844,-10.314490,124.350250,-13.409257,0.077587,0.207010,-0.527956,-0.819993,1.697414,143.803925,-20.858347,-0.113262,0.977850,0.110728,0.136824,-0.698812,126.931534,24.848581,0.351504,0.795014,0.125288,-0.478226,14.951481,130.125504,29.737415,0.172178,0.074212,0.457853,-0.869033,21.831247,119.902824,9.982787,0.182690,-0.240062,0.671429,-0.676888,9.784984,136.188919,3.921227,0.013110,0.958989,0.165463,0.229763,-11.007522,89.053764,13.189502,0.076151,0.968979,0.004942,0.235069,-9.241890,56.270264,1.969802,0.040869,0.952489,-0.123310,0.275481,-15.736532,12.078917,-0.059144,-0.072585,0.966179,-0.084682,0.232504,4.370276,88.182053,21.731676,0.017327,0.985617,-0.142484,0.089208,7.870405,54.350044,28.580130,0.031648,0.875175,-0.098230,0.472670,5.206610,11.480247,41.000160,0.040869,0.952489,-0.123310,0.275481,-9.772056,3.147620,-9.646284,0.031648,0.875175,-0.098230,0.472670,15.204586,3.211670,34.760979
777,6.475000,0.037539,0.966431,-0.046272,0.249922,-3.326265,88.642227,17.534752,0.040899,0.945330,0.123415,0.299077,-2.635304,95.812134,17.024405,-0.010431,0.947733,0.013470,0.318609,-2.568265,114.304306,21.958488,0.055844,0.975522,-0.071820,0.200202,-3.079399,132.320648,22.298933,0.046353,0.981082,-0.179374,0.056163,-0.525848,145.458313,19.089586,-0.070884,0.891323,0.216834,0.391792,-6.324553,126.862694,20.676783,0.199825,-0.580362,-0.059302,-0.787232,-17.732725,127.590118,8.496552,0.072077,-0.138940,-0.480604,-0.862856,-10.297969,124.363777,-13.329906,0.077817,0.207397,-0.528057,-0.819809,1.711534,143.825653,-20.761415,-0.112765,0.977802,0.111136,0.137244,-0.715546,126.941452,24.930172,0.350896,0.795334,0.125028,-0.478209,14.934654,130.115570,29.832190,0.172017,0.073703,0.457598,-0.869242,21.835058,119.904305,10.078870,0.183405,-0.240858,0.671273,-0.676567,9.776597,136.188095,4.040794,0.013238,0.958982,0.164794,0.230262,-11.007666,89.077507,13.250145,0.076155,0.968831,0.005949,0.235651,-9.255507,56.278904,2.072571,0.041212,0.952534,-0.123353,0.275253,-15.727931,12.088585,-0.047665,-0.071423,0.966106,-0.086017,0.232680,4.355136,88.206947,21.819359,0.016723,0.986050,-0.141083,0.086724,7.754414,54.379143,28.738997,0.031585,0.875501,-0.097532,0.472216,5.185752,11.471975,41.049522,0.041212,0.952534,-0.123353,0.275253,-9.773614,3.154249,-9.638281,0.031585,0.875501,-0.097532,0.472216,15.182820,3.218260,34.789249
778,6.483333,0.037674,0.966204,-0.046538,0.250727,-3.327689,88.654907,17.606033,0.041237,0.944912,0.123984,0.300114,-2.633458,95.824310,17.093048,-0.010161,0.947363,0.013385,0.319722,-2.566350,114.297119,22.047802,0.055375,0.975396,-0.072053,0.200862,-3.067693,132.313736,22.387852,0.046211,0.981158,-0.178853,0.056617,-0.522001,145.451355,19.172010,-0.070875,0.891090,0.217664,0.391864,-6.312250,126.857773,20.757870,0.199182,-0.580293,-0.059145,-0.787457,-17.718597,127.597389,8.576663,0.071757,-0.138668,-0.480669,-0.862890,-10.279228,124.383949,-13.250138,0.077873,0.207786,-0.528343,-0.819521,1.730884,143.852386,-20.663446,-0.112883,0.977757,0.111021,0.137559,-0.713162,126.933037,25.024376,0.350860,0.795191,0.125268,-0.478411,14.933258,130.110199,29.936493,0.172105,0.073364,0.457707,-0.869196,21.825834,119.909096,10.175178,0.183768,-0.240848,0.671936,-0.675813,9.767724,136.200577,4.146290,0.013421,0.958869,0.164390,0.231010,-11.001810,89.090508,13.308427,0.076218,0.968677,0.006701,0.236245,-9.259628,56.283020,2.155385,0.041639,0.952587,-0.123271,0.275041,-15.720278,12.094418,-0.035274,-0.070232,0.966072,-0.087437,0.232654,4.346431,88.219299,21.903641,0.016130,0.986461,-0.139633,0.084484,7.642955,54.396881,28.898884,0.031228,0.875819,-0.096640,0.471832,5.165144,11.451584,41.094547,0.041639,0.952587,-0.123271,0.275041,-9.776328,3.159274,-9.631571,0.031228,0.875819,-0.096640,0.471832,15.167681,3.220212,34.813625
779,6.491667,0.037810,0.965906,-0.046961,0.251775,-3.328692,88.666359,17.677301,0.040919,0.944703,0.124176,0.300736,-2.630490,95.835045,17.159685,-0.009730,0.947213,0.013680,0.320165,-2.580355,114.304527,22.117008,0.055882,0.975345,-0.071914,0.201014,-3.070558,132.321167,22.471878,0.046119,0.981232,-0.178546,0.056370,-0.511501,145.457886,19.262997,-0.070610,0.890845,0.217957,0.392305,-6.317085,126.868652,20.834293,0.198685,-0.580226,-0.058782,-0.787659,-17.713125,127.623787,8.644393,0.071162,-0.138398,-0.480545,-0.863052,-10.268148,124.411644,-13.180683,0.077434,0.208080,-0.527502,-0.820030,1.751281,143.883560,-20.569685,-0.112729,0.977643,0.111367,0.138217,-0.721870,126.936745,25.105995,0.350759,0.795276,0.126073,-0.478132,14.919646,130.104416,30.039808,0.170600,0.075172,0.458161,-0.869099,21.827967,119.921967,10.274381,0.181156,-0.240344,0.669332,-0.679273,9.800243,136.217911,4.205946,0.013857,0.958605,0.164189,0.232221,-10.993361,89.101341,13.362800,0.076229,0.968374,0.007200,0.237463,-9.269393,56.290085,2.218009,0.041931,0.952612,-0.123241,0.274924,-15.717607,12.102246,-0.024183,-0.069422,0.966186,-0.088075,0.232181,4.335977,88.231369,21.991802,0.015318,0.986871,-0.138286,0.082029,7.571338,54.408871,29.015186,0.031198,0.876311,-0.096129,0.471026,5.205112,11.427829,41.106613,0.041931,0.952612,-0.123241,0.274924,-9.780265,3.165987,-9.623528,0.031198,0.876311,-0.096129,0.471026,15.199369,3.206923,34.798855
780,6.500000,0.037691,0.965712,-0.046671,0.252589,-3.326925,88.679276,17.731750,0.041058,0.944469,0.124566,0.301290,-2.630989,95.848480,17.218313,-0.009769,0.947034,0.013932,0.320684,-2.583352,114.304398,22.188580,0.055803,0.975348,-0.070959,0.201365,-3.077981,132.320755,22.551321,0.046429,0.981191,-0.178648,0.056505,-0.524188,145.464722,19.367977,-0.070519,0.890661,0.218283,0.392560,-6.321494,126.868286,20.907640,0.199214,-0.580036,-0.059886,-0.787582,-17.711281,127.632675,8.712465,0.071377,-0.137528,-0.480507,-0.863194,-10.262147,124.448265,-13.115263,0.077404,0.208324,-0.527113,-0.820221,1.770607,143.923447,-20.473936,-0.112292,0.977560,0.111686,0.138898,-0.730968,126.935638,25.185493,0.350312,0.795129,0.126551,-0.478577,14.907532,130.084717,30.140738,0.171764,0.072913,0.457810,-0.869248,21.810625,119.934479,10.356918,0.184010,-0.241238,0.672135,-0.675411,9.755878,136.232086,4.351452,0.014056,0.958573,0.163469,0.232848,-10.984518,89.112717,13.404542,0.076238,0.968272,0.007997,0.237851,-9.278235,56.285488,2.304161,0.041931,0.952742,-0.123026,0.274572,-15.709389,12.098866,-0.009831,-0.068421,0.966197,-0.088981,0.232088,4.330668,88.245827,22.058958,0.014656,0.987086,-0.137198,0.081387,7.484913,54.424870,29.126537,0.030972,0.876464,-0.095571,0.470868,5.192709,11.415228,41.130211,0.041931,0.952742,-0.123026,0.274572,-9.778623,3.167379,-9.617684,0.030972,0.876464,-0.095571,0.470868,15.191653,3.208404,34.811546
781,6.508333,0.037769,0.965448,-0.047164,0.253496,-3.337885,88.689064,17.803627,0.040385,0.944607,0.124386,0.301024,-2.638588,95.857521,17.284281,-0.009713,0.947255,0.014370,0.320011,-2.611709,114.304184,22.237020,0.056674,0.975389,-0.070231,0.201175,-3.109219,132.320145,22.615730,0.046820,0.981241,-0.178248,0.056579,-0.537226,145.466156,19.455574,-0.069901,0.890497,0.218140,0.393122,-6.354043,126.868439,20.972057,0.199279,-0.579556,-0.060256,-0.787891,-17.731991,127.653847,8.767169,0.071241,-0.136859,-0.480393,-0.863375,-10.259010,124.486580,-13.054898,0.076860,0.208861,-0.526460,-0.820555,1.787828,143.964417,-20.383459,-0.111939,0.977383,0.112394,0.139854,-0.757436,126.933228,25.241991,0.349668,0.795377,0.126725,-0.478591,14.874805,130.063232,30.228966,0.170273,0.073479,0.458212,-0.869281,21.798273,119.936775,10.440084,0.182844,-0.241355,0.671485,-0.676331,9.760630,136.253021,4.438701,0.014357,0.958449,0.163029,0.233646,-10.987290,89.120712,13.461785,0.076187,0.968202,0.008814,0.238125,-9.298997,56.284100,2.386435,0.042028,0.952808,-0.122749,0.274453,-15.707673,12.098011,0.000979,-0.067761,0.966201,-0.089499,0.232066,4.311521,88.257416,22.145470,0.014127,0.987403,-0.136312,0.079083,7.413328,54.436642,29.237089,0.031161,0.876906,-0.094950,0.470160,5.201980,11.403978,41.173244,0.042028,0.952808,-0.122749,0.274453,-9.779498,3.172034,-9.613589,0.031161,0.876906,-0.094950,0.470160,15.192091,3.207448,34.827309
782,6.516667,0.037644,0.965239,-0.047575,0.254231,-3.352424,88.691338,17.884830,0.040165,0.944473,0.123554,0.301816,-2.652969,95.859360,17.359844,-0.009030,0.947011,0.014953,0.320726,-2.628407,114.333984,22.285799,0.056937,0.975251,-0.070536,0.201663,-3.109633,132.349792,22.691921,0.046513,0.981351,-0.177602,0.056959,-0.526783,145.492508,19.526960,-0.070429,0.890213,0.218348,0.393554,-6.357116,126.903702,21.034937,0.199010,-0.579484,-0.060336,-0.788006,-17.721209,127.679955,8.816575,0.070625,-0.136185,-0.480467,-0.863491,-10.244784,124.523865,-13.005927,0.076464,0.209092,-0.525873,-0.820909,1.807474,144.013794,-20.293293,-0.111884,0.977262,0.112817,0.140406,-0.766781,126.956581,25.313238,0.349908,0.795397,0.126925,-0.478328,14.860691,130.080276,30.319056,0.168382,0.075756,0.458969,-0.869055,21.788046,119.947495,10.534774,0.179273,-0.240608,0.668936,-0.680068,9.795534,136.274979,4.482369,0.014591,0.958436,0.162697,0.233916,-10.995422,89.118286,13.531261,0.076183,0.968118,0.009686,0.238434,-9.324968,56.274639,2.474064,0.040949,0.952921,-0.122910,0.274151,-15.713898,12.089938,0.011175,-0.067254,0.966205,-0.089418,0.232227,4.290575,88.264389,22.238398,0.013756,0.987481,-0.135360,0.079805,7.358722,54.437862,29.317200,0.030847,0.876753,-0.094179,0.470620,5.178049,11.381141,41.171944,0.040949,0.952921,-0.122910,0.274151,-9.777520,3.167123,-9.601265,0.030847,0.876753,-0.094179,0.470620,15.185216,3.204492,34.827251
783,6.525000,0.037907,0.964927,-0.047895,0.255312,-3.373077,88.703064,17.949724,0.040166,0.944224,0.123635,0.302558,-2.668210,95.870361,17.422037,-0.008673,0.946808,0.015233,0.321320,-2.648433,114.335419,22.348564,0.057124,0.975216,-0.069931,0.201993,-3.120972,132.351135,22.768070,0.046791,0.981361,-0.177458,0.057015,-0.534717,145.497482,19.620995,-0.070150,0.889908,0.218172,0.394390,-6.369174,126.908005,21.102833,0.198574,-0.579422,-0.060522,-0.788147,-17.712566,127.697052,8.866069,0.069861,-0.135730,-0.480432,-0.863645,-10.233847,124.560532,-12.958466,0.075257,0.209985,-0.525177,-0.821238,1.825966,144.059097,-20.210129,-0.112349,0.977088,0.113327,0.140834,-0.784124,126.954712,25.388102,0.349920,0.795424,0.127629,-0.478088,14.835853,130.088913,30.410713,0.168982,0.075076,0.458853,-0.869059,21.773491,119.969536,10.623177,0.180126,-0.240700,0.670307,-0.678459,9.772732,136.294876,4.585224,0.014942,0.958227,0.162310,0.235019,-11.006021,89.131912,13.578738,0.076010,0.967863,0.010320,0.239493,-9.352564,56.280273,2.542768,0.042168,0.952929,-0.122260,0.274229,-15.710256,12.094349,0.021696,-0.067193,0.966154,-0.089032,0.232603,4.259867,88.274216,22.320709,0.013478,0.987552,-0.134778,0.079967,7.327623,54.442345,29.374084,0.030731,0.876806,-0.093759,0.470613,5.173574,11.370900,41.180126,0.042168,0.952929,-0.122260,0.274229,-9.786489,3.178282,-9.604775,0.030731,0.876806,-0.093759,0.470613,15.185268,3.204292,34.829639
784,6.533333,0.037991,0.964617,-0.047812,0.256487,-3.387962,88.716766,18.011599,0.040037,0.943984,0.123552,0.303360,-2.681587,95.884087,17.486248,-0.008432,0.946585,0.015405,0.321975,-2.669686,114.336845,22.404783,0.057151,0.975160,-0.069354,0.202452,-3.136263,132.352524,22.832640,0.047250,0.981399,-0.177007,0.057372,-0.550041,145.502869,19.702255,-0.069981,0.889537,0.218387,0.395138,-6.384152,126.911400,21.160225,0.197972,-0.579298,-0.060694,-0.788376,-17.708637,127.714607,8.906870,0.069063,-0.134927,-0.480570,-0.863758,-10.224195,124.602402,-12.919196,0.074684,0.210596,-0.524770,-0.821394,1.839702,144.117203,-20.120235,-0.112251,0.976976,0.113742,0.141350,-0.804972,126.953934,25.453182,0.349900,0.795420,0.128525,-0.477868,14.810877,130.080627,30.493311,0.167731,0.075586,0.459509,-0.868910,21.758955,119.980659,10.699516,0.178752,-0.240437,0.669608,-0.679605,9.784925,136.330383,4.661852,0.015367,0.958023,0.161912,0.236096,-11.010207,89.146225,13.622034,0.075869,0.967646,0.010916,0.240387,-9.379188,56.286526,2.606736,0.042290,0.952984,-0.122250,0.274023,-15.709532,12.099814,0.031248,-0.067351,0.966061,-0.088482,0.233155,4.234283,88.287300,22.401163,0.013308,0.987561,-0.134343,0.080615,7.317617,54.450130,29.422253,0.030439,0.876976,-0.093830,0.470300,5.173872,11.367813,41.190418,0.042290,0.952984,-0.122250,0.274023,-9.791948,3.183256,-9.598577,0.030439,0.876976,-0.093830,0.470300,15.183926,3.202968,34.835068
785,6.541667,0.037782,0.964340,-0.047679,0.257580,-3.399451,88.728867,18.077431,0.040094,0.943695,0.123439,0.304293,-2.695874,95.896599,17.553938,-0.008348,0.946277,0.015617,0.322873,-2.685454,114.339272,22.466219,0.057494,0.975006,-0.069358,0.203096,-3.152055,132.354767,22.901846,0.047214,0.981479,-0.176475,0.057686,-0.553680,145.503647,19.775475,-0.069524,0.889041,0.218984,0.396004,-6.397008,126.914581,21.220675,0.197301,-0.579164,-0.060315,-0.788672,-17.700714,127.746750,8.950084,0.068180,-0.134489,-0.480675,-0.863838,-10.206921,124.640823,-12.873658,0.073869,0.211164,-0.524398,-0.821559,1.857795,144.168991,-20.036961,-0.112309,0.976858,0.114148,0.141796,-0.825963,126.954803,25.524202,0.349675,0.795391,0.129016,-0.477950,14.785232,130.079300,30.580067,0.169164,0.073329,0.459011,-0.869089,21.737007,119.999565,10.777274,0.181358,-0.241323,0.673039,-0.675197,9.728699,136.346939,4.797359,0.015906,0.958050,0.161184,0.236445,-11.012076,89.154282,13.670817,0.074948,0.968028,0.011874,0.239088,-9.424923,56.279415,2.694423,0.042599,0.953501,-0.121606,0.272457,-15.658942,12.082234,0.064182,-0.067581,0.965921,-0.087616,0.233993,4.213174,88.303459,22.484047,0.013173,0.987599,-0.134080,0.080603,7.320223,54.457855,29.453867,0.030774,0.877134,-0.093670,0.470016,5.190386,11.368900,41.200264,0.042599,0.953501,-0.121606,0.272457,-9.776761,3.178263,-9.598915,0.030774,0.877134,-0.093670,0.470016,15.192868,3.203353,34.833916
786,6.550000,0.037889,0.964074,-0.047981,0.258503,-3.429491,88.730309,18.146999,0.040396,0.943377,0.122982,0.305424,-2.722807,95.897499,17.620384,-0.008207,0.945874,0.015750,0.324047,-2.701973,114.346481,22.520729,0.057698,0.974832,-0.068857,0.204042,-3.165844,132.361908,22.961967,0.047303,0.981492,-0.176169,0.058316,-0.560141,145.513474,19.852991,-0.069474,0.888685,0.219237,0.396671,-6.407776,126.923050,21.270729,0.196679,-0.578853,-0.060148,-0.789068,-17.694048,127.765762,8.984816,0.067387,-0.133694,-0.481089,-0.863793,-10.182569,124.674431,-12.834922,0.073369,0.211826,-0.524526,-0.821352,1.873244,144.226471,-19.947937,-0.112010,0.976745,0.114358,0.142639,-0.847390,126.960480,25.588041,0.349498,0.795448,0.129472,-0.477860,14.758036,130.070587,30.670525,0.166611,0.076008,0.460258,-0.868692,21.719582,120.006088,10.863404,0.177708,-0.240641,0.670025,-0.679395,9.776757,136.380493,4.827118,0.016123,0.957920,0.160867,0.237175,-11.033587,89.155205,13.725634,0.075407,0.967455,0.012653,0.241214,-9.457801,56.273754,2.767359,0.042248,0.953128,-0.121584,0.273823,-15.708622,12.084455,0.046139,-0.068242,0.965769,-0.086592,0.234810,4.174605,88.305405,22.568365,0.013393,0.987542,-0.133651,0.081974,7.336919,54.453659,29.483259,0.029373,0.876969,-0.094410,0.470266,5.174461,11.354956,41.187843,0.042248,0.953128,-0.121584,0.273823,-9.791403,3.182819,-9.597698,0.029373,0.876969,-0.094410,0.470266,15.193444,3.190488,34.846104
787,6.558333,0.037893,0.963795,-0.047883,0.259558,-3.454110,88.738945,18.206076,0.040064,0.943166,0.122924,0.306141,-2.747168,95.906281,17.681618,-0.007621,0.945695,0.015738,0.324584,-2.741314,114.361694,22.577433,0.057843,0.974756,-0.068734,0.204401,-3.185350,132.377472,23.024855,0.047840,0.981510,-0.175806,0.058663,-0.574765,145.529312,19.921131,-0.069922,0.888201,0.219311,0.397634,-6.431532,126.942894,21.327986,0.196168,-0.578463,-0.060186,-0.789478,-17.690176,127.781471,9.016473,0.066794,-0.132810,-0.481588,-0.863697,-10.157869,124.710014,-12.798887,0.073204,0.212571,-0.524245,-0.821353,1.886131,144.287247,-19.862452,-0.111635,0.976683,0.114483,0.143252,-0.875917,126.972458,25.651499,0.349398,0.795522,0.129985,-0.477671,14.726446,130.067184,30.752728,0.166197,0.076210,0.460750,-0.868493,21.699661,120.015457,10.943217,0.177493,-0.240928,0.669924,-0.679450,9.777849,136.403259,4.905032,0.016398,0.957879,0.160447,0.237605,-11.048570,89.163277,13.768125,0.075211,0.967353,0.013329,0.241647,-9.493118,56.273067,2.833241,0.042284,0.953175,-0.121415,0.273731,-15.711183,12.082699,0.054933,-0.069000,0.965662,-0.085550,0.235410,4.140349,88.314613,22.644026,0.013435,0.987538,-0.133473,0.082300,7.366398,54.457634,29.503637,0.030214,0.877204,-0.093667,0.469922,5.197687,11.354777,41.191765,0.042284,0.953175,-0.121415,0.273731,-9.795623,3.184588,-9.593177,0.030214,0.877204,-0.093667,0.469922,15.205974,3.195749,34.826180
788,6.566667,0.037962,0.963511,-0.047821,0.260613,-3.478698,88.745514,18.266859,0.039727,0.942927,0.122706,0.307007,-2.770448,95.912857,17.744297,-0.007276,0.945439,0.015736,0.325339,-2.778598,114.371017,22.628420,0.058379,0.974594,-0.068606,0.205066,-3.211176,132.386978,23.079453,0.047996,0.981545,-0.175409,0.059138,-0.583975,145.537552,19.984400,-0.069853,0.887866,0.219145,0.398485,-6.458335,126.955009,21.376144,0.196030,-0.578001,-0.060397,-0.789835,-17.694658,127.800453,9.044731,0.066390,-0.131951,-0.481918,-0.863676,-10.138680,124.745682,-12.764780,0.072505,0.213565,-0.524221,-0.821173,1.900995,144.341431,-19.784208,-0.111104,0.976607,0.114832,0.143903,-0.909556,126.979782,25.708454,0.349106,0.795707,0.130681,-0.477387,14.690516,130.052719,30.829817,0.165858,0.075973,0.460856,-0.868522,21.685871,120.022545,11.017201,0.177632,-0.240715,0.670765,-0.678658,9.767358,136.416534,4.993823,0.016853,0.957529,0.160157,0.239174,-11.063404,89.170227,13.812301,0.075022,0.967122,0.013874,0.242600,-9.525135,56.274616,2.891251,0.042210,0.953238,-0.121308,0.273569,-15.712357,12.083038,0.063860,-0.069926,0.965604,-0.084429,0.235778,4.106008,88.320801,22.721418,0.014114,0.987595,-0.133208,0.081933,7.409965,54.459526,29.522476,0.030140,0.877068,-0.093591,0.470196,5.187460,11.352015,41.183300,0.042210,0.953238,-0.121308,0.273569,-9.798750,3.187761,-9.588051,0.030140,0.877068,-0.093591,0.470196,15.201539,3.195561,34.823532
789,6.575000,0.037646,0.963270,-0.047761,0.261560,-3.494586,88.751793,18.333609,0.039339,0.942675,0.122690,0.307837,-2.790446,95.919563,17.811371,-0.006997,0.945183,0.015376,0.326105,-2.816668,114.375450,22.689474,0.059078,0.974374,-0.068982,0.205783,-3.235898,132.391953,23.131189,0.047992,0.981649,-0.174645,0.059681,-0.584951,145.536987,20.032825,-0.069825,0.887345,0.219498,0.399455,-6.484552,126.961708,21.425249,0.195847,-0.577534,-0.060510,-0.790213,-17.695150,127.821007,9.071393,0.066072,-0.130998,-0.482366,-0.863596,-10.114690,124.780632,-12.731639,0.072156,0.214470,-0.524815,-0.820588,1.916242,144.398163,-19.705048,-0.110916,0.976535,0.114755,0.144597,-0.942741,126.984230,25.766485,0.348845,0.795993,0.130653,-0.477108,14.652038,130.048462,30.909147,0.164305,0.077270,0.461605,-0.868306,21.668276,120.020973,11.102549,0.175971,-0.240509,0.669508,-0.680403,9.787906,136.433533,5.057574,0.017372,0.957443,0.159735,0.239763,-11.071006,89.170456,13.864395,0.075051,0.966817,0.014515,0.243767,-9.567585,56.266712,2.963003,0.042122,0.953174,-0.120864,0.274001,-15.739804,12.077141,0.072061,-0.070393,0.965199,-0.082924,0.237820,4.081833,88.333130,22.802820,0.014034,0.987456,-0.133146,0.083702,7.428029,54.458923,29.518335,0.030014,0.876979,-0.093693,0.470350,5.192195,11.349729,41.170410,0.042122,0.953174,-0.120864,0.274001,-9.813211,3.192092,-9.581314,0.030014,0.876979,-0.093693,0.470350,15.209558,3.192722,34.816517
790,6.583333,0.037800,0.963042,-0.047629,0.262396,-3.525322,88.766060,18.380135,0.039336,0.942377,0.122809,0.308702,-2.819081,95.933838,17.860931,-0.006843,0.944882,0.015465,0.326974,-2.851290,114.381470,22.741318,0.059221,0.974243,-0.068699,0.206457,-3.266724,132.397964,23.187492,0.048651,0.981596,-0.174582,0.060200,-0.610282,145.544357,20.099636,-0.069863,0.886816,0.219662,0.400531,-6.513634,126.969025,21.474026,0.195613,-0.577116,-0.060624,-0.790568,-17.695311,127.838516,9.094692,0.065758,-0.130092,-0.482783,-0.863523,-10.092965,124.813477,-12.702858,0.071546,0.215841,-0.525389,-0.819915,1.929945,144.451538,-19.632223,-0.110550,0.976446,0.114848,0.145405,-0.979782,126.988876,25.825417,0.348871,0.796020,0.132289,-0.476594,14.609885,130.037292,30.992926,0.166417,0.074864,0.461235,-0.868311,21.648111,120.041634,11.178041,0.179048,-0.241524,0.673716,-0.675067,9.732223,136.458511,5.179896,0.017670,0.957317,0.159252,0.240565,-11.093815,89.187088,13.897729,0.074815,0.966529,0.015105,0.244940,-9.609231,56.273388,3.023856,0.040701,0.953304,-0.121494,0.273484,-15.744745,12.082234,0.079569,-0.071143,0.964888,-0.082052,0.239159,4.043171,88.345024,22.862541,0.014239,0.987265,-0.133309,0.085637,7.444800,54.468201,29.536894,0.031234,0.876802,-0.092614,0.470813,5.166862,11.363402,41.197048,0.040701,0.953304,-0.121494,0.273484,-9.812178,3.192152,-9.565498,0.031234,0.876802,-0.092614,0.470813,15.183764,3.214829,34.831619
791,6.591667,0.037656,0.962888,-0.047214,0.263059,-3.550237,88.768951,18.431562,0.039221,0.942137,0.122713,0.309487,-2.847205,95.937462,17.918055,-0.006842,0.944593,0.015405,0.327810,-2.886463,114.386978,22.793835,0.059552,0.974043,-0.068482,0.207372,-3.301541,132.403534,23.237616,0.049072,0.981553,-0.174388,0.061116,-0.633169,145.550018,20.160473,-0.069831,0.886386,0.219545,0.401550,-6.545756,126.974655,21.518900,0.195560,-0.576482,-0.060927,-0.791020,-17.700254,127.852020,9.115631,0.065490,-0.129032,-0.483413,-0.863350,-10.065609,124.846588,-12.673330,0.071712,0.216145,-0.525487,-0.819757,1.941244,144.511795,-19.553370,-0.110635,0.976341,0.114712,0.146152,-1.019620,126.994553,25.880087,0.348794,0.796338,0.132678,-0.476009,14.562136,130.043152,31.071285,0.165861,0.075611,0.461593,-0.868162,21.628799,120.050156,11.265180,0.178235,-0.241219,0.673847,-0.675259,9.733280,136.471619,5.249228,0.018282,0.957116,0.158789,0.241621,-11.112785,89.188812,13.939029,0.074465,0.966338,0.015743,0.245759,-9.664727,56.266403,3.086609,0.040599,0.953372,-0.121001,0.273481,-15.753542,12.072319,0.089738,-0.071981,0.964651,-0.080975,0.240228,4.012312,88.349091,22.924095,0.014498,0.987218,-0.133169,0.086351,7.480709,54.468407,29.544216,0.031237,0.876795,-0.092651,0.470820,5.172514,11.360961,41.188618,0.040599,0.953372,-0.121001,0.273481,-9.817072,3.193709,-9.563490,0.031237,0.876795,-0.092651,0.470820,15.189200,3.211601,34.823864
792,6.600000,0.037950,0.962712,-0.046653,0.263760,-3.581854,88.785759,18.461260,0.039205,0.941818,0.123076,0.310313,-2.876486,95.954704,17.957167,-0.006765,0.944289,0.015363,0.328688,-2.924978,114.395500,22.844137,0.059895,0.973830,-0.068342,0.208318,-3.337351,132.412140,23.287003,0.049476,0.981489,-0.174302,0.062058,-0.656187,145.558105,20.218796,-0.069804,0.885962,0.219261,0.402644,-6.579433,126.983879,21.562313,0.195420,-0.575781,-0.060975,-0.791561,-17.704662,127.867218,9.133205,0.065115,-0.128295,-0.483985,-0.863168,-10.032662,124.875237,-12.644485,0.071220,0.216783,-0.525753,-0.819461,1.956752,144.564560,-19.485842,-0.110827,0.976177,0.115187,0.146725,-1.061397,127.002731,25.933746,0.348614,0.796706,0.132329,-0.475622,14.513333,130.052490,31.145323,0.165309,0.076027,0.462167,-0.867926,21.602978,120.050064,11.352194,0.178362,-0.240979,0.674460,-0.674700,9.730517,136.489609,5.327459,0.018550,0.957154,0.157968,0.241989,-11.137506,89.212509,13.957787,0.074025,0.966228,0.016468,0.246276,-9.716987,56.272743,3.154481,0.041933,0.953395,-0.120242,0.273536,-15.750356,12.074905,0.101354,-0.072788,0.964332,-0.080001,0.241591,3.973797,88.359001,22.964733,0.015062,0.987389,-0.133348,0.083993,7.503270,54.475552,29.538265,0.031085,0.876877,-0.092990,0.470609,5.171817,11.373842,41.199257,0.041933,0.953395,-0.120242,0.273536,-9.828035,3.204797,-9.568369,0.031085,0.876877,-0.092990,0.470609,15.184623,3.219079,34.835308
793,6.608333,0.038194,0.962582,-0.046641,0.264201,-3.611070,88.795044,18.499895,0.039472,0.941567,0.123763,0.310766,-2.902129,95.963737,17.997232,-0.007496,0.944093,0.014992,0.329252,-2.951595,114.370857,22.904524,0.060404,0.973625,-0.067894,0.209277,-3.384716,132.387527,23.325823,0.049895,0.981423,-0.174190,0.063070,-0.688011,145.534500,20.275572,-0.069201,0.885424,0.219363,0.403877,-6.618598,126.953629,21.603527,0.195555,-0.575023,-0.061489,-0.792039,-17.713415,127.866455,9.149401,0.064918,-0.127419,-0.484603,-0.862966,-10.003731,124.898064,-12.618205,0.070740,0.217400,-0.526116,-0.819106,1.967654,144.612274,-19.419340,-0.110971,0.976029,0.114574,0.148073,-1.105932,126.983772,25.981661,0.348217,0.797314,0.133069,-0.474688,14.454442,130.035507,31.234777,0.162397,0.079842,0.463242,-0.867560,21.598307,120.048584,11.453321,0.173884,-0.239835,0.670259,-0.680438,9.797399,136.497559,5.341521,0.019009,0.956884,0.157439,0.243361,-11.162292,89.225540,13.989355,0.073783,0.965925,0.017063,0.247494,-9.765779,56.275398,3.214623,0.040390,0.953497,-0.120791,0.273169,-15.761280,12.076145,0.107849,-0.073566,0.964076,-0.078977,0.242712,3.940151,88.364548,23.010435,0.014513,0.986921,-0.133032,0.089878,7.531396,54.477699,29.532799,0.031045,0.876572,-0.093138,0.471151,5.181348,11.367014,41.156830,0.040390,0.953497,-0.120791,0.273169,-9.827561,3.203490,-9.552542,0.031045,0.876572,-0.093138,0.471151,15.202035,3.209935,34.808285
794,6.616667,0.037809,0.962510,-0.046222,0.264592,-3.628602,88.793495,18.535868,0.039613,0.941331,0.123731,0.311475,-2.926397,95.963181,18.037821,-0.008331,0.943744,0.015401,0.330213,-2.974100,114.358841,22.942562,0.061087,0.973355,-0.067813,0.210355,-3.440926,132.374603,23.367388,0.050380,0.981366,-0.174054,0.063944,-0.721632,145.519211,20.327059,-0.068946,0.884768,0.220030,0.404992,-6.661338,126.935234,21.637083,0.195884,-0.574150,-0.061707,-0.792574,-17.727205,127.874329,9.159165,0.064863,-0.126650,-0.485282,-0.862702,-9.972031,124.914680,-12.593476,0.069844,0.218737,-0.526330,-0.818689,1.977078,144.653656,-19.361925,-0.110892,0.975952,0.114270,0.148871,-1.157782,126.974335,26.026600,0.347973,0.797701,0.133658,-0.474049,14.395282,130.021637,31.303900,0.161817,0.080150,0.463548,-0.867476,21.575264,120.046532,11.529560,0.173700,-0.238726,0.671976,-0.679180,9.783659,136.511658,5.413516,0.019545,0.956953,0.156846,0.243429,-11.176703,89.219048,14.019632,0.073343,0.965770,0.017667,0.248188,-9.825142,56.257416,3.274357,0.041323,0.953546,-0.119457,0.273446,-15.767200,12.054264,0.120793,-0.073825,0.963693,-0.078340,0.244352,3.919500,88.367950,23.052103,0.014673,0.987046,-0.132977,0.088557,7.527987,54.476799,29.542519,0.031071,0.876637,-0.093032,0.471050,5.179801,11.365232,41.163651,0.041323,0.953546,-0.119457,0.273446,-9.834080,3.205238,-9.561617,0.031071,0.876637,-0.093032,0.471050,15.199368,3.209996,34.810959
795,6.625000,0.037691,0.962500,-0.046050,0.264674,-3.648409,88.793686,18.571541,0.039404,0.941097,0.123925,0.312131,-2.948451,95.963715,18.075478,-0.008230,0.943440,0.015596,0.331075,-3.009389,114.362381,22.985664,0.061119,0.973170,-0.067891,0.211175,-3.475494,132.377975,23.417906,0.050944,0.981275,-0.174069,0.064833,-0.751065,145.521774,20.378653,-0.069000,0.884382,0.219813,0.405943,-6.693202,126.939682,21.679245,0.195977,-0.573522,-0.061887,-0.792992,-17.733040,127.882095,9.178543,0.064869,-0.125826,-0.485864,-0.862494,-9.945320,124.933502,-12.563973,0.069837,0.219373,-0.527081,-0.818037,1.986586,144.694321,-19.298931,-0.110929,0.975827,0.114183,0.149731,-1.197644,126.976303,26.078796,0.347941,0.798047,0.134265,-0.473318,14.346557,130.021530,31.383345,0.161476,0.080855,0.463758,-0.867362,21.559834,120.050850,11.618887,0.173084,-0.237998,0.672483,-0.679092,9.779832,136.519806,5.481881,0.019958,0.957039,0.156288,0.243419,-11.195905,89.217957,14.054173,0.073026,0.965400,0.018303,0.249669,-9.881474,56.245308,3.338113,0.041007,0.953614,-0.118972,0.273466,-15.777183,12.040049,0.127572,-0.074327,0.963838,-0.077754,0.243817,3.899086,88.369408,23.088909,0.014992,0.987082,-0.132956,0.088129,7.554668,54.477074,29.546711,0.030956,0.876675,-0.093130,0.470967,5.183500,11.365858,41.164482,0.041007,0.953614,-0.118972,0.273466,-9.836624,3.203660,-9.561819,0.030956,0.876675,-0.093130,0.470967,15.202528,3.209873,34.811897
796,6.633333,0.037427,0.962517,-0.045629,0.264722,-3.660282,88.793114,18.601423,0.038661,0.940914,0.124343,0.312611,-2.965563,95.963989,18.110218,-0.007372,0.943259,0.015460,0.331617,-3.060777,114.383926,23.032547,0.060239,0.973082,-0.067941,0.211817,-3.496328,132.400146,23.470177,0.051767,0.981107,-0.174260,0.066196,-0.791586,145.547043,20.426731,-0.069809,0.883980,0.219865,0.406652,-6.721452,126.967979,21.726135,0.195998,-0.572973,-0.062085,-0.793368,-17.738306,127.893364,9.203905,0.064824,-0.125106,-0.486412,-0.862294,-9.922460,124.957634,-12.530251,0.070248,0.219339,-0.527569,-0.817696,1.992564,144.738953,-19.234810,-0.111152,0.975573,0.114926,0.150648,-1.230767,126.993706,26.131838,0.348096,0.798220,0.134635,-0.472808,14.302576,130.037994,31.468615,0.163026,0.079579,0.463462,-0.867348,21.533319,120.063713,11.712369,0.175381,-0.238042,0.675369,-0.675614,9.732946,136.525223,5.593783,0.020206,0.957262,0.155986,0.242712,-11.207681,89.214836,14.083660,0.072781,0.965221,0.018722,0.250400,-9.922767,56.236351,3.382023,0.040887,0.953678,-0.118503,0.273467,-15.785610,12.029287,0.136339,-0.074347,0.963607,-0.077300,0.244864,3.887118,88.371384,23.119186,0.014790,0.987024,-0.132849,0.088974,7.544938,54.474377,29.551128,0.030803,0.876678,-0.093049,0.470987,5.182478,11.360067,41.159180,0.040887,0.953678,-0.118503,0.273467,-9.840945,3.203988,-9.560634,0.030803,0.876678,-0.093049,0.470987,15.204401,3.207554,34.806713
797,6.641667,0.037584,0.962448,-0.045540,0.264968,-3.683499,88.799843,18.621231,0.038880,0.940620,0.124745,0.313308,-2.986814,95.970665,18.132050,-0.007654,0.942933,0.015624,0.332527,-3.082655,114.377907,23.068821,0.060231,0.972873,-0.068073,0.212736,-3.530160,132.393784,23.508221,0.052214,0.981050,-0.174075,0.067182,-0.820549,145.539627,20.464546,-0.069863,0.883625,0.220125,0.407273,-6.748550,126.959885,21.757147,0.196290,-0.572397,-0.062461,-0.793682,-17.748255,127.892593,9.220391,0.064905,-0.124334,-0.486924,-0.862110,-9.903861,124.969170,-12.505139,0.069789,0.220576,-0.527657,-0.817346,1.996426,144.769379,-19.180096,-0.111434,0.975429,0.114276,0.151860,-1.266426,126.988350,26.173481,0.347825,0.798660,0.134767,-0.472227,14.252576,130.039963,31.547678,0.162487,0.080501,0.463613,-0.867283,21.517654,120.067894,11.802907,0.174863,-0.237419,0.675087,-0.676249,9.730480,136.527695,5.660795,0.020540,0.957472,0.155213,0.242352,-11.228397,89.224411,14.099553,0.072403,0.965113,0.019390,0.250876,-9.982846,56.230164,3.441911,0.040440,0.953775,-0.118161,0.273342,-15.796572,12.020466,0.144180,-0.074535,0.963610,-0.076953,0.244907,3.861399,88.375267,23.142906,0.014681,0.987006,-0.132748,0.089344,7.537431,54.476482,29.555061,0.030906,0.876589,-0.092988,0.471158,5.181020,11.359489,41.154362,0.040440,0.953775,-0.118161,0.273342,-9.846534,3.205498,-9.558892,0.030906,0.876589,-0.092988,0.471158,15.204735,3.207137,34.804516
798,6.650000,0.037819,0.962406,-0.045587,0.265077,-3.704264,88.808693,18.642685,0.038714,0.940404,0.125176,0.313802,-3.004072,95.979202,18.153831,-0.007912,0.942687,0.015977,0.333201,-3.113648,114.379730,23.102943,0.060261,0.972734,-0.067460,0.213558,-3.574481,132.395065,23.550917,0.052857,0.980848,-0.174670,0.068067,-0.863516,145.545013,20.526232,-0.070143,0.883374,0.219915,0.407881,-6.786518,126.959801,21.792433,0.196464,-0.571667,-0.062840,-0.794134,-17.768353,127.886459,9.239580,0.065042,-0.123639,-0.487351,-0.861958,-9.887315,124.980377,-12.475005,0.069594,0.221296,-0.528105,-0.816878,2.001310,144.796051,-19.124765,-0.111424,0.975279,0.114403,0.152733,-1.310776,126.989853,26.216665,0.347765,0.798996,0.135120,-0.471601,14.199406,130.036606,31.618986,0.162040,0.080889,0.463790,-0.867236,21.493940,120.065155,11.884774,0.174655,-0.236583,0.675428,-0.676256,9.715061,136.531174,5.735425,0.021111,0.957588,0.154400,0.242362,-11.247823,89.236916,14.119124,0.071759,0.965194,0.020188,0.250685,-10.053953,56.226860,3.504606,0.040376,0.953907,-0.117808,0.273044,-15.795006,12.011677,0.153495,-0.074614,0.963790,-0.076642,0.244270,3.839294,88.380470,23.166245,0.014617,0.987004,-0.132706,0.089430,7.530231,54.479176,29.556572,0.030855,0.876584,-0.092936,0.471181,5.178822,11.361021,41.152580,0.040376,0.953907,-0.117808,0.273044,-9.848801,3.204963,-9.559415,0.030855,0.876584,-0.092936,0.471181,15.203935,3.210343,34.802803
799,6.658333,0.037491,0.962433,-0.045172,0.265098,-3.711811,88.802841,18.658968,0.038352,0.940220,0.125535,0.314256,-3.017744,95.974258,18.174627,-0.008052,0.942450,0.016200,0.333857,-3.147106,114.380310,23.134193,0.060059,0.972568,-0.066984,0.214516,-3.615693,132.395309,23.587725,0.053372,0.980655,-0.175082,0.069373,-0.908084,145.549301,20.577618,-0.070321,0.883047,0.220200,0.408405,-6.823121,126.959381,21.822886,0.195625,-0.571028,-0.062075,-0.794862,-17.789852,127.889290,9.257067,0.064560,-0.123302,-0.487719,-0.861835,-9.870307,124.985207,-12.443779,0.069839,0.221368,-0.528318,-0.816700,2.005043,144.817169,-19.068663,-0.111796,0.975010,0.114853,0.153837,-1.353571,126.990082,26.254772,0.347671,0.799510,0.135569,-0.470669,14.142535,130.041428,31.694790,0.160125,0.083729,0.464257,-0.867073,21.481016,120.069077,11.977325,0.171136,-0.235351,0.672584,-0.680406,9.743099,136.532410,5.760247,0.021325,0.957874,0.154013,0.241460,-11.255613,89.227448,14.135468,0.071542,0.964929,0.020479,0.251742,-10.092552,56.209743,3.541327,0.039840,0.954032,-0.117212,0.272940,-15.804770,11.992847,0.163677,-0.074503,0.963837,-0.076577,0.244138,3.831992,88.378242,23.182470,0.014435,0.986990,-0.132640,0.089716,7.517556,54.475117,29.566151,0.028238,0.876964,-0.093538,0.470519,5.179345,11.354920,41.157246,0.039840,0.954032,-0.117212,0.272940,-9.850176,3.202633,-9.559037,0.028238,0.876964,-0.093538,0.470519,15.223427,3.221963,34.814709
800,6.666667,0.037714,0.962381,-0.044968,0.265288,-3.727049,88.815025,18.667000,0.037917,0.939939,0.125911,0.314999,-3.030577,95.986465,18.186489,-0.007695,0.942119,0.016803,0.334769,-3.184009,114.392487,23.154657,0.059937,0.972384,-0.067010,0.215374,-3.648195,132.406967,23.632509,0.053620,0.980520,-0.175382,0.070337,-0.939581,145.561127,20.624044,-0.070948,0.882761,0.220363,0.408828,-6.853821,126.974464,21.853912,0.195728,-0.570386,-0.061995,-0.795303,-17.806034,127.891861,9.274525,0.064591,-0.122733,-0.488197,-0.861643,-9.851949,124.989197,-12.413867,0.069859,0.221799,-0.528645,-0.816370,2.007688,144.838058,-19.016262,-0.111803,0.974867,0.114947,0.154668,-1.392776,126.997337,26.296318,0.349374,0.799256,0.140083,-0.468512,14.094713,130.044693,31.763025,0.163934,0.080677,0.463375,-0.867122,21.472225,120.097969,12.047188,0.174119,-0.235832,0.675486,-0.676598,9.683482,136.530548,5.875822,0.021858,0.957959,0.153261,0.241553,-11.268784,89.244171,14.140484,0.071103,0.964775,0.021028,0.252412,-10.152852,56.212036,3.586351,0.039683,0.954064,-0.117117,0.272892,-15.812537,11.991570,0.167305,-0.074359,0.963918,-0.076366,0.243929,3.814685,88.385887,23.193518,0.013843,0.986775,-0.132492,0.092353,7.495701,54.479034,29.560017,0.028201,0.876801,-0.093671,0.470797,5.180014,11.353821,41.136955,0.039683,0.954064,-0.117117,0.272892,-9.856292,3.204447,-9.557188,0.028201,0.876801,-0.093671,0.470797,15.227929,3.218692,34.803291
801,6.675000,0.037693,0.962367,-0.044914,0.265353,-3.741158,88.817665,18.681583,0.037847,0.939709,0.126489,0.315460,-3.045146,95.989189,18.201777,-0.008225,0.941858,0.017154,0.335472,-3.210478,114.378036,23.186211,0.060020,0.972184,-0.066870,0.216297,-3.697272,132.391785,23.669233,0.053802,0.980407,-0.175545,0.071360,-0.982876,145.546432,20.668179,-0.071220,0.882187,0.221454,0.409430,-6.893605,126.955971,21.884024,0.197629,-0.569648,-0.063703,-0.795227,-17.828077,127.886070,9.290139,0.065859,-0.121243,-0.488739,-0.861451,-9.844775,125.002716,-12.390094,0.070458,0.222343,-0.529049,-0.815908,2.006912,144.866730,-18.961109,-0.112218,0.974700,0.115102,0.155304,-1.439308,126.984024,26.334684,0.346629,0.800536,0.135239,-0.469789,14.038489,130.041031,31.823423,0.160865,0.082473,0.463316,-0.867559,21.449196,120.078156,12.128188,0.173698,-0.235484,0.675479,-0.676834,9.662503,136.526566,5.945772,0.022315,0.958240,0.152493,0.240883,-11.282315,89.246643,14.154089,0.070703,0.964624,0.021645,0.253049,-10.217207,56.199600,3.641453,0.039124,0.954151,-0.116670,0.272861,-15.826329,11.976421,0.174445,-0.074197,0.964139,-0.076422,0.243087,3.799999,88.388695,23.209080,0.013693,0.986828,-0.132382,0.091964,7.474821,54.480766,29.573418,0.030767,0.876532,-0.092910,0.471288,5.177818,11.352581,41.142994,0.039124,0.954151,-0.116670,0.272861,-9.860516,3.202669,-9.556257,0.030767,0.876532,-0.092910,0.471288,15.205947,3.203547,34.795860
802,6.683333,0.037811,0.962340,-0.044996,0.265419,-3.761593,88.821014,18.696695,0.037857,0.939541,0.126844,0.315818,-3.063596,95.992310,18.216263,-0.008299,0.941679,0.017442,0.335959,-3.234857,114.380798,23.214033,0.059621,0.972092,-0.066582,0.216908,-3.727897,132.394150,23.705683,0.054131,0.980284,-0.175768,0.072242,-1.022670,145.552338,20.711891,-0.071710,0.881966,0.221614,0.409733,-6.920645,126.958229,21.914408,0.196411,-0.569257,-0.062725,-0.795886,-17.844482,127.878845,9.310605,0.065136,-0.121213,-0.488979,-0.861374,-9.834723,124.997093,-12.360087,0.069957,0.223180,-0.529587,-0.815374,2.006058,144.873520,-18.913185,-0.112382,0.974504,0.114794,0.156635,-1.470972,126.985756,26.370731,0.346772,0.800819,0.136100,-0.468950,13.991729,130.043839,31.901255,0.159337,0.085043,0.463694,-0.867391,21.434465,120.084572,12.216280,0.170300,-0.234317,0.672576,-0.680981,9.683405,136.527969,5.968934,0.022669,0.958327,0.152033,0.240796,-11.301972,89.251549,14.168053,0.070305,0.964658,0.022126,0.252987,-10.269159,56.195892,3.679312,0.038557,0.954242,-0.116471,0.272708,-15.833426,11.969578,0.180143,-0.074063,0.964313,-0.076619,0.242374,3.778785,88.390488,23.225338,0.013727,0.987038,-0.132263,0.089853,7.446065,54.483269,29.597832,0.030555,0.876740,-0.092776,0.470942,5.171724,11.352357,41.161716,0.038557,0.954242,-0.116471,0.272708,-9.861894,3.203756,-9.554197,0.030555,0.876740,-0.092776,0.470942,15.198180,3.208387,34.805447
803,6.691667,0.037552,0.962338,-0.044659,0.265522,-3.772907,88.816505,18.704817,0.037667,0.939339,0.127372,0.316228,-3.079742,95.988518,18.228125,-0.008322,0.941472,0.017658,0.336524,-3.266479,114.378044,23.243666,0.059347,0.971960,-0.066403,0.217630,-3.763184,132.391113,23.742077,0.054194,0.980176,-0.175952,0.073200,-1.062725,145.551544,20.753838,-0.071862,0.881748,0.221672,0.410144,-6.952851,126.955368,21.944752,0.196593,-0.568699,-0.062790,-0.796235,-17.864700,127.875862,9.330561,0.065222,-0.120722,-0.489348,-0.861226,-9.825722,124.997856,-12.329801,0.069782,0.223758,-0.529823,-0.815077,2.003398,144.887146,-18.864895,-0.112668,0.974370,0.114999,0.157110,-1.508535,126.982010,26.407623,0.346407,0.801272,0.136115,-0.468442,13.947028,130.046021,31.954786,0.158718,0.085501,0.463524,-0.867551,21.423717,120.090187,12.280956,0.169851,-0.234233,0.671454,-0.682228,9.671649,136.526306,6.030781,0.023160,0.958507,0.151488,0.240374,-11.312668,89.244125,14.174870,0.069975,0.964517,0.022515,0.253582,-10.326283,56.178570,3.712916,0.037882,0.954307,-0.115907,0.272816,-15.851135,11.949664,0.184222,-0.073836,0.964539,-0.076851,0.241468,3.766854,88.388885,23.234764,0.013617,0.987136,-0.132137,0.088973,7.421005,54.481815,29.615570,0.027931,0.877137,-0.093283,0.470265,5.167684,11.347667,41.171482,0.037882,0.954307,-0.115907,0.272816,-9.864817,3.200535,-9.556049,0.027931,0.877137,-0.093283,0.470265,15.213661,3.223448,34.820766
804,6.700000,0.037547,0.962317,-0.044604,0.265605,-3.789334,88.820251,18.714085,0.037333,0.939184,0.127805,0.316552,-3.096399,95.992340,18.238197,-0.007665,0.941345,0.017945,0.336880,-3.302321,114.397743,23.270151,0.059790,0.971850,-0.066412,0.217998,-3.780435,132.410812,23.786097,0.053623,0.980127,-0.176310,0.073421,-1.066615,145.569351,20.801600,-0.072627,0.881702,0.221227,0.410349,-6.974511,126.980225,21.981052,0.196129,-0.568436,-0.062552,-0.796556,-17.877054,127.873718,9.356872,0.064979,-0.120562,-0.489500,-0.861181,-9.822763,125.002480,-12.298706,0.069134,0.225005,-0.529826,-0.814787,2.001044,144.898926,-18.821636,-0.113091,0.974190,0.115236,0.157749,-1.533420,126.996696,26.447906,0.346384,0.801480,0.136124,-0.468100,13.912235,130.070068,32.017452,0.158960,0.085589,0.463164,-0.867690,21.404591,120.109749,12.351850,0.169818,-0.233659,0.672330,-0.681570,9.639009,136.534042,6.095545,0.023540,0.958627,0.150967,0.240187,-11.328321,89.247978,14.182857,0.069583,0.964504,0.022986,0.253697,-10.378081,56.172707,3.748279,0.037572,0.954410,-0.115666,0.272600,-15.858094,11.940822,0.187099,-0.073665,0.964750,-0.077059,0.240608,3.749652,88.392532,23.245314,0.013433,0.987205,-0.131982,0.088466,7.394560,54.485928,29.633881,0.030276,0.876907,-0.092527,0.470697,5.164593,11.347664,41.178970,0.037572,0.954410,-0.115666,0.272600,-9.870902,3.198995,-9.559194,0.030276,0.876907,-0.092527,0.470697,15.192694,3.212004,34.814655
805,6.708333,0.037939,0.962238,-0.044766,0.265809,-3.815073,88.830040,18.722891,0.037679,0.938979,0.128363,0.316894,-3.115989,96.001495,18.246426,-0.008541,0.941142,0.018301,0.337407,-3.317936,114.373970,23.294735,0.059938,0.971713,-0.066033,0.218680,-3.830374,132.386063,23.811821,0.053637,0.980079,-0.176331,0.074001,-1.111590,145.546555,20.840517,-0.072310,0.881452,0.221688,0.410692,-7.012189,126.949677,22.002579,0.196573,-0.567885,-0.063004,-0.796804,-17.906855,127.861977,9.372947,0.065198,-0.119874,-0.489752,-0.861117,-9.826069,125.001511,-12.274180,0.068976,0.225541,-0.529770,-0.814688,1.993854,144.907761,-18.774202,-0.113640,0.973987,0.115442,0.158458,-1.576301,126.975922,26.475716,0.345749,0.801929,0.135994,-0.467838,13.857700,130.062576,32.070164,0.158266,0.086053,0.463127,-0.867790,21.381945,120.114220,12.410681,0.169544,-0.233562,0.672216,-0.681783,9.617904,136.539124,6.150617,0.023801,0.958571,0.150493,0.240679,-11.351635,89.263435,14.188168,0.069306,0.964520,0.023447,0.253669,-10.421422,56.179100,3.780546,0.037274,0.954403,-0.115851,0.272588,-15.867276,11.945698,0.186027,-0.073620,0.964929,-0.077204,0.239858,3.721489,88.396652,23.257614,0.013207,0.987256,-0.131769,0.088251,7.365900,54.491150,29.652298,0.030168,0.876939,-0.092556,0.470639,5.160003,11.347330,41.181244,0.037274,0.954403,-0.115851,0.272588,-9.877004,3.201621,-9.556355,0.030168,0.876939,-0.092556,0.470639,15.188369,3.212287,34.816559
806,6.716667,0.038054,0.962168,-0.044854,0.266033,-3.839157,88.832153,18.730600,0.037497,0.938839,0.129240,0.316975,-3.138018,96.003357,18.253521,-0.008662,0.941111,0.018242,0.337493,-3.357580,114.359711,23.328220,0.060066,0.971627,-0.065641,0.219147,-3.873437,132.371811,23.841776,0.053283,0.980031,-0.176426,0.074665,-1.151333,145.534454,20.883074,-0.072162,0.881258,0.221321,0.411333,-7.053910,126.934494,22.032972,0.196705,-0.567490,-0.063203,-0.797037,-17.931683,127.851334,9.389112,0.065117,-0.119251,-0.490110,-0.861006,-9.831150,124.999092,-12.251722,0.069001,0.225887,-0.529300,-0.814896,1.979069,144.919983,-18.724504,-0.114104,0.973842,0.115605,0.158894,-1.618867,126.962593,26.507128,0.345066,0.802305,0.135582,-0.467817,13.806984,130.061264,32.117401,0.159191,0.084416,0.462623,-0.868051,21.354099,120.123268,12.461437,0.172315,-0.234255,0.674680,-0.678409,9.555931,136.546021,6.244456,0.024307,0.958529,0.149916,0.241159,-11.373463,89.266869,14.192256,0.068895,0.964437,0.023900,0.254053,-10.481455,56.172199,3.814195,0.036641,0.954464,-0.115623,0.272556,-15.880270,11.935631,0.187784,-0.073592,0.964943,-0.077307,0.239775,3.695149,88.397438,23.268944,0.012978,0.987314,-0.131592,0.087900,7.336494,54.492748,29.669683,0.030219,0.876926,-0.092481,0.470674,5.156264,11.344224,41.185902,0.036641,0.954464,-0.115623,0.272556,-9.880571,3.200567,-9.556881,0.030219,0.876926,-0.092481,0.470674,15.185085,3.210165,34.820675
807,6.725000,0.037821,0.962112,-0.044530,0.266322,-3.854199,88.827408,18.735678,0.037503,0.938673,0.129535,0.317343,-3.157394,95.999290,18.262400,-0.008687,0.940948,0.018506,0.337934,-3.382414,114.358315,23.349010,0.059912,0.971528,-0.065377,0.219702,-3.902606,132.370056,23.870983,0.052913,0.980006,-0.176396,0.075315,-1.183395,145.535080,20.920195,-0.072433,0.881094,0.221427,0.411578,-7.080218,126.932945,22.056517,0.197040,-0.567264,-0.063261,-0.797110,-17.949940,127.845451,9.405425,0.064933,-0.118731,-0.490419,-0.860916,-9.837827,124.988770,-12.230481,0.068629,0.226054,-0.529367,-0.814837,1.963825,144.922958,-18.677891,-0.114318,0.973717,0.115633,0.159483,-1.649376,126.959991,26.535770,0.344874,0.802576,0.135667,-0.467470,13.768578,130.062714,32.165462,0.157315,0.086812,0.463176,-0.867861,21.336987,120.127213,12.516425,0.169181,-0.233745,0.671692,-0.682328,9.578903,136.555847,6.245728,0.024844,0.958377,0.149453,0.241992,-11.386104,89.259422,14.193094,0.068628,0.964383,0.024202,0.254304,-10.528652,56.156975,3.836944,0.035375,0.954528,-0.115550,0.272532,-15.896702,11.918426,0.189079,-0.073506,0.964855,-0.077447,0.240111,3.677705,88.395393,23.278259,0.012738,0.987322,-0.131396,0.088135,7.308683,54.491318,29.688147,0.030418,0.876922,-0.092284,0.470708,5.148473,11.337623,41.188751,0.035375,0.954528,-0.115550,0.272532,-9.879154,3.192908,-9.553131,0.030418,0.876922,-0.092284,0.470708,15.176739,3.205366,34.820354
808,6.733333,0.037887,0.962012,-0.044535,0.266672,-3.875903,88.830894,18.743078,0.038334,0.938067,0.130152,0.318780,-3.177986,96.002701,18.270243,-0.008598,0.940278,0.018702,0.339784,-3.388765,114.354156,23.388306,0.058817,0.971353,-0.065553,0.220719,-3.909348,132.365677,23.916983,0.052502,0.979999,-0.176345,0.075814,-1.213038,145.533707,20.958563,-0.073025,0.881074,0.221484,0.411487,-7.080311,126.929764,22.087408,0.198131,-0.567217,-0.064773,-0.796752,-17.949665,127.825012,9.434769,0.065234,-0.118015,-0.490754,-0.860801,-9.844069,124.995018,-12.207087,0.068596,0.225794,-0.529279,-0.814970,1.949926,144.940887,-18.632338,-0.115111,0.973659,0.115448,0.159406,-1.667098,126.954117,26.587969,0.346213,0.802241,0.138592,-0.466195,13.745599,130.083679,32.217197,0.158742,0.086508,0.462904,-0.867777,21.326361,120.158997,12.567464,0.168614,-0.233604,0.670922,-0.683273,9.562536,136.562836,6.285914,0.025280,0.958249,0.149055,0.242697,-11.404434,89.263672,14.194979,0.068266,0.964305,0.024484,0.254670,-10.575153,56.154476,3.858120,0.035851,0.954556,-0.114938,0.272629,-15.904305,11.912722,0.192162,-0.073516,0.964818,-0.077590,0.240212,3.652628,88.398117,23.291178,0.012415,0.987442,-0.131191,0.087136,7.281172,54.495693,29.711163,0.030409,0.877148,-0.092306,0.470283,5.162635,11.336470,41.198772,0.035851,0.954556,-0.114938,0.272629,-9.888408,3.197793,-9.560542,0.030409,0.877148,-0.092306,0.470283,15.184196,3.203640,34.820557
809,6.741667,0.037935,0.961884,-0.044295,0.267166,-3.898615,88.831879,18.746910,0.038462,0.937913,0.130389,0.319123,-3.200710,96.003937,18.277937,-0.008687,0.940151,0.018964,0.340118,-3.411712,114.351128,23.405334,0.058684,0.971298,-0.065189,0.221102,-3.938711,132.362244,23.941629,0.052138,0.980002,-0.176272,0.076194,-1.246156,145.533279,20.993195,-0.073608,0.880808,0.222144,0.411595,-7.106544,126.926064,22.107382,0.198259,-0.566998,-0.064928,-0.796863,-17.970062,127.814690,9.449265,0.065067,-0.117628,-0.490973,-0.860741,-9.853866,124.989380,-12.189226,0.067791,0.226699,-0.529393,-0.814712,1.934128,144.945114,-18.594841,-0.115309,0.973530,0.115757,0.159821,-1.696553,126.950241,26.611814,0.345867,0.802434,0.138985,-0.466004,13.710189,130.082520,32.255806,0.158162,0.086843,0.462718,-0.867949,21.310404,120.174957,12.604949,0.167922,-0.233094,0.670779,-0.683758,9.540645,136.576721,6.322491,0.025661,0.958078,0.148685,0.243559,-11.422437,89.266113,14.191166,0.068084,0.964013,0.024589,0.255811,-10.615541,56.150639,3.872666,0.035321,0.954592,-0.114797,0.272633,-15.922293,11.907119,0.195522,-0.073589,0.964669,-0.077609,0.240780,3.625207,88.397636,23.302656,0.012154,0.987437,-0.130991,0.087531,7.254478,54.496162,29.727247,0.030382,0.877079,-0.092153,0.470443,5.155942,11.331669,41.198723,0.035321,0.954592,-0.114797,0.272633,-9.898092,3.198653,-9.557828,0.030382,0.877079,-0.092153,0.470443,15.181494,3.202419,34.822220
810,6.750000,0.038027,0.961746,-0.044169,0.267673,-3.922822,88.833961,18.752867,0.038454,0.937743,0.130625,0.319526,-3.223875,96.006081,18.286369,-0.008650,0.940006,0.019227,0.340505,-3.440283,114.349869,23.421522,0.058463,0.971234,-0.064872,0.221535,-3.969475,132.360641,23.966942,0.051669,0.980016,-0.176125,0.076676,-1.282491,145.534683,21.026928,-0.073901,0.880653,0.222302,0.411789,-7.135273,126.925133,22.127209,0.196977,-0.566863,-0.063821,-0.797366,-17.992016,127.809128,9.462950,0.064124,-0.117718,-0.491159,-0.860694,-9.862055,124.979362,-12.169799,0.067294,0.227171,-0.529619,-0.814475,1.916193,144.946686,-18.557215,-0.115656,0.973425,0.115766,0.160206,-1.728982,126.947441,26.636097,0.345577,0.802562,0.139455,-0.465857,13.670974,130.089050,32.293427,0.158536,0.086467,0.462383,-0.868097,21.286898,120.199516,12.639565,0.168446,-0.232847,0.672312,-0.682206,9.498430,136.597015,6.363764,0.026075,0.957783,0.148272,0.244924,-11.441751,89.269867,14.189207,0.067837,0.963786,0.024766,0.256711,-10.654749,56.147373,3.891748,0.034859,0.954636,-0.114555,0.272638,-15.932801,11.901635,0.200028,-0.073718,0.964472,-0.077568,0.241541,3.596108,88.398056,23.316526,0.011956,0.987441,-0.130800,0.087805,7.229604,54.497456,29.743328,0.030363,0.877024,-0.091983,0.470581,5.146836,11.328056,41.199196,0.034859,0.954636,-0.114555,0.272638,-9.900752,3.201459,-9.555876,0.030363,0.877024,-0.091983,0.470581,15.176066,3.202649,34.823570
811,6.758333,0.038047,0.961598,-0.043978,0.268231,-3.947434,88.835083,18.756695,0.038378,0.937605,0.130857,0.319844,-3.248687,96.007423,18.293329,-0.008812,0.939895,0.019532,0.340790,-3.472428,114.350746,23.436092,0.058490,0.971163,-0.064843,0.221848,-4.011016,132.360992,23.989714,0.051392,0.980071,-0.175759,0.076993,-1.322034,145.535095,21.051716,-0.073924,0.880598,0.222229,0.411943,-7.172953,126.924767,22.145475,0.197492,-0.566449,-0.064126,-0.797509,-18.025343,127.808380,9.477468,0.064500,-0.117154,-0.491388,-0.860611,-9.875359,124.980583,-12.147994,0.067273,0.227783,-0.529880,-0.814136,1.898421,144.955078,-18.521175,-0.115633,0.973354,0.116191,0.160346,-1.769432,126.947655,26.657673,0.345139,0.802827,0.139843,-0.465610,13.629198,130.085434,32.320717,0.158028,0.086730,0.462337,-0.868188,21.269915,120.214775,12.666990,0.168174,-0.232703,0.672066,-0.682565,9.481058,136.613159,6.391165,0.026587,0.957459,0.147894,0.246359,-11.461070,89.271690,14.184398,0.067494,0.963593,0.024922,0.257512,-10.699240,56.143303,3.904009,0.034746,0.954673,-0.114307,0.272626,-15.941220,11.894115,0.202274,-0.074126,0.964286,-0.077200,0.242279,3.566203,88.398483,23.328993,0.011786,0.987478,-0.130311,0.088134,7.228273,54.498112,29.740784,0.030207,0.876777,-0.092154,0.471017,5.160509,11.316940,41.154907,0.034746,0.954673,-0.114307,0.272626,-9.906604,3.200164,-9.557581,0.030207,0.876777,-0.092154,0.471017,15.197274,3.190009,34.793110
812,6.766667,0.038015,0.961432,-0.044018,0.268823,-3.972553,88.837379,18.766920,0.037926,0.937407,0.130674,0.320554,-3.273809,96.009705,18.303303,-0.008087,0.939654,0.019932,0.341449,-3.515455,114.367973,23.437361,0.058033,0.971102,-0.064683,0.222282,-4.034793,132.378082,24.013058,0.050939,0.980110,-0.175467,0.077464,-1.356640,145.555038,21.077950,-0.074416,0.880541,0.222259,0.411959,-7.200240,126.947723,22.157612,0.197671,-0.566193,-0.064023,-0.797655,-18.049753,127.817513,9.486182,0.064502,-0.116595,-0.491749,-0.860482,-9.885644,124.983940,-12.133201,0.067705,0.227840,-0.529566,-0.814288,1.877382,144.972000,-18.483677,-0.115521,0.973322,0.116508,0.160387,-1.802877,126.958893,26.677221,0.344909,0.802948,0.140332,-0.465424,13.596169,130.091064,32.342247,0.158990,0.085133,0.461809,-0.868451,21.252337,120.236458,12.686478,0.170082,-0.233210,0.674028,-0.679979,9.429670,136.630035,6.452260,0.027020,0.957081,0.147756,0.247859,-11.480629,89.272682,14.185370,0.067214,0.963324,0.024931,0.258589,-10.733800,56.143070,3.907827,0.034349,0.954722,-0.114230,0.272540,-15.947406,11.890546,0.205917,-0.074275,0.964078,-0.076965,0.243134,3.535523,88.402077,23.348471,0.011518,0.987450,-0.130158,0.088709,7.205842,54.500725,29.750353,0.030312,0.876733,-0.092086,0.471106,5.156230,11.315433,41.152180,0.034349,0.954722,-0.114230,0.272540,-9.908684,3.200814,-9.555158,0.030312,0.876733,-0.092086,0.471106,15.193553,3.188733,34.790955
813,6.775000,0.038113,0.961260,-0.044009,0.269426,-4.001502,88.838425,18.773905,0.037934,0.937278,0.130836,0.320863,-3.301138,96.010658,18.311239,-0.008170,0.939566,0.020053,0.341683,-3.546201,114.368202,23.451263,0.058053,0.971067,-0.064362,0.222523,-4.069992,132.378098,24.029926,0.050598,0.980178,-0.175108,0.077638,-1.392028,145.557144,21.104109,-0.074601,0.880439,0.222230,0.412160,-7.233250,126.947334,22.171915,0.197857,-0.565877,-0.064122,-0.797825,-18.076315,127.813042,9.494684,0.064683,-0.116023,-0.492125,-0.860330,-9.896118,124.981651,-12.118906,0.068139,0.228040,-0.530142,-0.813821,1.855522,144.982452,-18.450329,-0.115604,0.973266,0.116759,0.160486,-1.838163,126.958939,26.694239,0.344568,0.803142,0.140552,-0.465275,13.559193,130.091827,32.363468,0.157531,0.086547,0.462072,-0.868438,21.232780,120.250679,12.707750,0.168104,-0.232615,0.672177,-0.682502,9.431868,136.647751,6.449069,0.027472,0.956775,0.147368,0.249219,-11.503732,89.274857,14.182894,0.066883,0.963109,0.025127,0.259453,-10.779158,56.138992,3.923927,0.033286,0.954784,-0.114460,0.272357,-15.956486,11.883369,0.208107,-0.074490,0.963859,-0.076709,0.244015,3.500728,88.402000,23.364916,0.011224,0.987407,-0.130013,0.089428,7.183958,54.500137,29.756695,0.030154,0.876685,-0.092142,0.471194,5.153216,11.310869,41.146828,0.033286,0.954784,-0.114460,0.272357,-9.907820,3.195238,-9.548238,0.030154,0.876685,-0.092142,0.471194,15.193534,3.184894,34.789406
814,6.783333,0.038205,0.961079,-0.044038,0.270051,-4.034490,88.836960,18.782608,0.038177,0.937131,0.130905,0.321236,-3.332438,96.009048,18.320360,-0.008318,0.939448,0.020071,0.342001,-3.571783,114.366890,23.466108,0.058015,0.971007,-0.063995,0.222901,-4.100989,132.376678,24.043348,0.050142,0.980238,-0.174753,0.077976,-1.424372,145.558350,21.128174,-0.074708,0.880273,0.222365,0.412423,-7.261463,126.944908,22.183500,0.197890,-0.565735,-0.064110,-0.797918,-18.096743,127.811707,9.499693,0.064633,-0.115633,-0.492371,-0.860245,-9.909017,124.980568,-12.111075,0.067908,0.228773,-0.530312,-0.813524,1.835315,144.991043,-18.425467,-0.115446,0.973182,0.116935,0.160981,-1.869471,126.958290,26.709505,0.344122,0.803190,0.140899,-0.465418,13.523778,130.082840,32.394444,0.157212,0.086702,0.462067,-0.868482,21.205475,120.266029,12.729734,0.167925,-0.232686,0.672230,-0.682470,9.405556,136.663895,6.471507,0.027672,0.956452,0.147182,0.250540,-11.530657,89.274200,14.181788,0.066669,0.962877,0.025204,0.260361,-10.808469,56.135307,3.932445,0.033034,0.954815,-0.114278,0.272355,-15.962145,11.877474,0.210068,-0.074716,0.963634,-0.076376,0.244937,3.461678,88.399712,23.383429,0.010872,0.987348,-0.129911,0.090270,7.159580,54.496651,29.760330,0.029967,0.876681,-0.092077,0.471227,5.151007,11.304337,41.142803,0.033034,0.954815,-0.114278,0.272355,-9.909046,3.194999,-9.548560,0.029967,0.876681,-0.092077,0.471227,15.194723,3.181912,34.786224
815,6.791667,0.038247,0.960924,-0.043905,0.270620,-4.060314,88.835075,18.788900,0.037993,0.937010,0.130847,0.321633,-3.357926,96.007286,18.329067,-0.008465,0.939308,0.020397,0.342365,-3.605472,114.380394,23.474413,0.057830,0.970941,-0.063916,0.223257,-4.143911,132.389618,24.060665,0.050048,0.980284,-0.174331,0.078411,-1.470938,145.572510,21.147650,-0.074754,0.880200,0.221939,0.412800,-7.300285,126.957298,22.195507,0.198073,-0.565458,-0.064144,-0.798066,-18.124950,127.819839,9.502342,0.064655,-0.115106,-0.492709,-0.860121,-9.922827,124.988174,-12.102899,0.068304,0.228626,-0.530552,-0.813376,1.811362,145.011185,-18.396351,-0.115206,0.973180,0.117286,0.160909,-1.911831,126.970924,26.725727,0.343754,0.803368,0.141009,-0.465349,13.484052,130.086060,32.408722,0.156853,0.086635,0.462013,-0.868582,21.180523,120.282112,12.743366,0.167958,-0.232782,0.672219,-0.682440,9.378110,136.681610,6.494588,0.027940,0.956204,0.147008,0.251560,-11.551003,89.273109,14.179235,0.066451,0.962597,0.025220,0.261448,-10.838736,56.131699,3.937354,0.032904,0.954839,-0.114063,0.272376,-15.969138,11.871349,0.212794,-0.074913,0.963392,-0.076031,0.245933,3.430375,88.397041,23.398567,0.010461,0.987194,-0.129778,0.092171,7.140850,54.492378,29.759649,0.029925,0.876569,-0.091945,0.471464,5.147739,11.296168,41.130074,0.032904,0.954839,-0.114063,0.272376,-9.912723,3.194466,-9.548754,0.029925,0.876569,-0.091945,0.471464,15.196668,3.177092,34.777443
816,6.800000,0.038205,0.960810,-0.043992,0.271016,-4.088438,88.833687,18.801243,0.038124,0.936851,0.130583,0.322188,-3.386099,96.005836,18.340326,-0.008560,0.939076,0.020614,0.342985,-3.628726,114.382133,23.478128,0.057677,0.970882,-0.063590,0.223646,-4.173457,132.390976,24.070208,0.049700,0.980365,-0.173910,0.078547,-1.504550,145.576660,21.166101,-0.074963,0.880164,0.222175,0.412710,-7.325693,126.958374,22.198898,0.198253,-0.565235,-0.064297,-0.798167,-18.151777,127.817444,9.506710,0.064681,-0.114822,-0.492907,-0.860044,-9.938835,124.989059,-12.094851,0.067653,0.229630,-0.530661,-0.813076,1.789074,145.019180,-18.377382,-0.115791,0.973065,0.117606,0.160953,-1.943249,126.972008,26.736256,0.343679,0.803454,0.141033,-0.465248,13.447648,130.103821,32.423584,0.156597,0.086664,0.461911,-0.868680,21.150892,120.301163,12.760231,0.167616,-0.232716,0.672103,-0.682661,9.344953,136.699158,6.515890,0.028070,0.955970,0.146983,0.252446,-11.575408,89.270218,14.185400,0.066304,0.962367,0.025249,0.262328,-10.862679,56.128811,3.943524,0.032680,0.954845,-0.113894,0.272456,-15.976420,11.866844,0.215258,-0.074857,0.963218,-0.075927,0.246663,3.398533,88.397148,23.417084,0.010523,0.987102,-0.130047,0.092774,7.102241,54.490807,29.773123,0.029524,0.876498,-0.091633,0.471681,5.094474,11.300969,41.165184,0.032680,0.954845,-0.113894,0.272456,-9.914252,3.195157,-9.547334,0.029524,0.876498,-0.091633,0.471681,15.154282,3.193198,34.815342
817,6.808333,0.038275,0.960648,-0.043936,0.271588,-4.122404,88.833298,18.807585,0.038177,0.936777,0.130539,0.322414,-3.419048,96.005440,18.348143,-0.008660,0.939026,0.020712,0.343113,-3.660466,114.381447,23.484812,0.057872,0.970853,-0.063207,0.223831,-4.209881,132.390076,24.078901,0.049267,0.980454,-0.173492,0.078635,-1.537235,145.577591,21.186584,-0.074872,0.880065,0.221934,0.413069,-7.360235,126.956902,22.206068,0.198366,-0.565071,-0.064441,-0.798244,-18.176886,127.818253,9.506001,0.064549,-0.114407,-0.493147,-0.859971,-9.956184,124.994041,-12.093146,0.067431,0.229918,-0.530770,-0.812941,1.764899,145.034424,-18.355690,-0.115979,0.972996,0.117661,0.161195,-1.979050,126.971344,26.744915,0.343389,0.803450,0.141227,-0.465411,13.407781,130.107773,32.440685,0.157828,0.084607,0.461368,-0.868949,21.113211,120.321289,12.770144,0.170242,-0.233456,0.674544,-0.679342,9.270000,136.715378,6.579387,0.028087,0.955779,0.146832,0.253254,-11.603810,89.270721,14.182817,0.066142,0.962205,0.025332,0.262957,-10.886235,56.126297,3.951049,0.032738,0.954839,-0.113732,0.272536,-15.981695,11.862791,0.216078,-0.075158,0.963064,-0.075548,0.247288,3.359003,88.395866,23.432352,0.010264,0.987051,-0.130019,0.093386,7.085270,54.488693,29.770725,0.029484,0.876456,-0.091641,0.471760,5.093511,11.297724,41.161285,0.032738,0.954839,-0.113732,0.272536,-9.917803,3.194329,-9.548301,0.029484,0.876456,-0.091641,0.471760,15.155001,3.190282,34.813686
818,6.816667,0.038394,0.960496,-0.043647,0.272157,-4.151906,88.834610,18.806263,0.038541,0.936685,0.131192,0.322373,-3.447748,96.006981,18.351713,-0.009884,0.939038,0.020462,0.343061,-3.683715,114.342903,23.506573,0.058323,0.970777,-0.062632,0.224206,-4.271424,132.351089,24.077091,0.049100,0.980520,-0.173005,0.078987,-1.588581,145.540695,21.203844,-0.074166,0.879793,0.221871,0.413807,-7.410304,126.908783,22.211548,0.198619,-0.564637,-0.065088,-0.798435,-18.210081,127.796150,9.498909,0.064662,-0.113821,-0.493475,-0.859853,-9.970446,124.993858,-12.095889,0.067340,0.230284,-0.531030,-0.812675,1.741529,145.046158,-18.337282,-0.116297,0.972942,0.117750,0.161226,-2.028930,126.940605,26.750088,0.342494,0.803814,0.141294,-0.465421,13.355104,130.086563,32.448181,0.155630,0.086303,0.461649,-0.869029,21.088728,120.329262,12.774197,0.167747,-0.233143,0.672277,-0.682311,9.268541,136.732300,6.561743,0.028105,0.955643,0.146485,0.253965,-11.627710,89.274902,14.172712,0.065967,0.962123,0.025502,0.263283,-10.909927,56.123489,3.963623,0.032506,0.954843,-0.113688,0.272569,-15.985099,11.858693,0.216364,-0.075435,0.962937,-0.075221,0.247797,3.323900,88.394318,23.439812,0.010018,0.986986,-0.129990,0.094133,7.070941,54.486595,29.763048,0.029361,0.876401,-0.091662,0.471866,5.092492,11.294517,41.151722,0.032506,0.954843,-0.113688,0.272569,-9.916990,3.192683,-9.547578,0.029361,0.876401,-0.091662,0.471866,15.157053,3.188141,34.807621
819,6.825000,0.038181,0.960421,-0.043812,0.272424,-4.180916,88.830177,18.819410,0.038398,0.936551,0.130812,0.322933,-3.478945,96.002586,18.361919,-0.009663,0.938805,0.020746,0.343687,-3.718399,114.351105,23.503935,0.058064,0.970724,-0.062463,0.224546,-4.302531,132.359024,24.086388,0.049048,0.980569,-0.172647,0.079189,-1.625874,145.550766,21.217117,-0.074553,0.879687,0.222020,0.413883,-7.440253,126.918777,22.212858,0.198676,-0.564363,-0.065029,-0.798620,-18.236002,127.797676,9.496214,0.064565,-0.113568,-0.493831,-0.859689,-9.981582,124.994827,-12.092865,0.067202,0.230523,-0.531221,-0.812494,1.716248,145.059280,-18.321707,-0.116115,0.972888,0.118179,0.161371,-2.064872,126.946129,26.758522,0.342216,0.803804,0.141445,-0.465598,13.319010,130.083084,32.461975,0.155280,0.086216,0.461620,-0.869116,21.053820,120.340820,12.781009,0.167538,-0.233358,0.672097,-0.682467,9.232813,136.744995,6.578959,0.028074,0.955581,0.146472,0.254209,-11.654446,89.265808,14.181751,0.065804,0.962065,0.025646,0.263521,-10.932251,56.114006,3.974242,0.032351,0.954877,-0.113416,0.272582,-15.989147,11.847940,0.217199,-0.075618,0.962841,-0.074788,0.248247,3.292614,88.394547,23.457067,0.009819,0.986937,-0.129998,0.094657,7.056528,54.484238,29.756361,0.029306,0.876351,-0.091667,0.471961,5.089548,11.291972,41.146328,0.032351,0.954877,-0.113416,0.272582,-9.917261,3.188977,-9.550648,0.029306,0.876351,-0.091667,0.471961,15.156264,3.186195,34.804886
820,6.833333,0.038340,0.960289,-0.043572,0.272903,-4.211412,88.833839,18.818256,0.038350,0.936424,0.130928,0.323262,-3.507952,96.006371,18.365080,-0.009593,0.938703,0.020825,0.343964,-3.752316,114.349747,23.509308,0.057999,0.970696,-0.062174,0.224765,-4.335246,132.357605,24.095137,0.048872,0.980624,-0.172310,0.079361,-1.660955,145.551529,21.233753,-0.074705,0.879543,0.222054,0.414145,-7.472333,126.918007,22.218643,0.198828,-0.564218,-0.065281,-0.798664,-18.260071,127.795181,9.495083,0.064636,-0.113092,-0.494136,-0.859571,-9.999588,124.999191,-12.092559,0.067504,0.230724,-0.531276,-0.812377,1.688946,145.074539,-18.303696,-0.116307,0.972834,0.118285,0.161477,-2.099619,126.943947,26.767466,0.342100,0.803860,0.141825,-0.465470,13.281630,130.085907,32.475258,0.155340,0.086001,0.461462,-0.869210,21.025661,120.354485,12.792551,0.167746,-0.233424,0.671985,-0.682504,9.197819,136.754608,6.598453,0.028015,0.955571,0.146074,0.254484,-11.680127,89.272865,14.173168,0.065607,0.962109,0.025921,0.263382,-10.958214,56.112755,3.992650,0.032289,0.954858,-0.113392,0.272664,-15.992302,11.845654,0.217297,-0.075853,0.962736,-0.074493,0.248670,3.257302,88.394814,23.463345,0.009589,0.986892,-0.129990,0.095154,7.039228,54.483932,29.748709,0.029104,0.876309,-0.091788,0.472028,5.086880,11.291096,41.138996,0.032289,0.954858,-0.113392,0.272664,-9.917612,3.187625,-9.549633,0.029104,0.876309,-0.091788,0.472028,15.156348,3.185207,34.802071
821,6.841667,0.038184,0.960241,-0.043745,0.273066,-4.240507,88.832542,18.828875,0.038173,0.936353,0.130918,0.323492,-3.538442,96.005028,18.372793,-0.009706,0.938598,0.020969,0.344238,-3.790318,114.352859,23.515568,0.057973,0.970673,-0.062003,0.224918,-4.379008,132.360413,24.104687,0.048995,0.980663,-0.172030,0.079412,-1.705692,145.555573,21.248108,-0.074830,0.879453,0.221791,0.414454,-7.513355,126.920258,22.225248,0.198818,-0.563866,-0.065265,-0.798916,-18.291918,127.792656,9.493587,0.064658,-0.112887,-0.494474,-0.859401,-10.012840,125.000366,-12.087419,0.067442,0.231139,-0.531463,-0.812142,1.661813,145.086197,-18.290779,-0.116594,0.972806,0.118161,0.161533,-2.143326,126.946899,26.777237,0.342002,0.803949,0.141729,-0.465418,13.235085,130.098557,32.487343,0.154955,0.086234,0.461453,-0.869261,20.984507,120.366943,12.806850,0.167170,-0.233267,0.672037,-0.682647,9.158499,136.766922,6.611784,0.027941,0.955576,0.146056,0.254482,-11.707865,89.267937,14.181262,0.065435,0.962175,0.026109,0.263164,-10.981435,56.107162,4.003233,0.032364,0.954868,-0.113107,0.272738,-15.997108,11.838913,0.216858,-0.075980,0.962669,-0.074154,0.248990,3.226851,88.397148,23.476488,0.009312,0.986834,-0.129988,0.095786,7.021122,54.484104,29.742701,0.029058,0.876265,-0.091765,0.472117,5.085982,11.290747,41.133972,0.032364,0.954868,-0.113107,0.272738,-9.920488,3.186753,-9.554070,0.029058,0.876265,-0.091765,0.472117,15.157583,3.185905,34.799095
822,6.850000,0.038039,0.960165,-0.043699,0.273362,-4.264122,88.829468,18.834951,0.037750,0.936325,0.130833,0.323656,-3.564105,96.002174,18.379152,-0.009668,0.938554,0.021076,0.344352,-3.830938,114.354813,23.514540,0.058082,0.970628,-0.061703,0.225167,-4.419751,132.362228,24.107683,0.048836,0.980694,-0.171739,0.079750,-1.744181,145.558960,21.260456,-0.074845,0.879337,0.221777,0.414705,-7.553652,126.922523,22.226234,0.198967,-0.563521,-0.065248,-0.799124,-18.325199,127.796425,9.488731,0.064782,-0.112595,-0.494730,-0.859284,-10.027879,125.003395,-12.085177,0.067422,0.231521,-0.531702,-0.811878,1.637786,145.097229,-18.279562,-0.116439,0.972762,0.117975,0.162042,-2.184718,126.948097,26.779520,0.341782,0.804002,0.142076,-0.465381,13.189413,130.093521,32.504578,0.154817,0.086360,0.461493,-0.869251,20.947435,120.376587,12.820218,0.167029,-0.233423,0.672013,-0.682652,9.123708,136.777786,6.622864,0.027876,0.955639,0.145937,0.254323,-11.728826,89.262360,14.182840,0.065305,0.962217,0.026264,0.263028,-11.001928,56.098927,4.013504,0.031736,0.954903,-0.112977,0.272745,-16.003370,11.829880,0.217589,-0.076233,0.962645,-0.073986,0.249056,3.200583,88.396576,23.487062,0.009134,0.986882,-0.130110,0.095138,7.014216,54.484486,29.746693,0.029979,0.876451,-0.091466,0.471773,5.101215,11.293676,41.151356,0.031736,0.954903,-0.112977,0.272745,-9.917109,3.184624,-9.553455,0.029979,0.876451,-0.091466,0.471773,15.157851,3.184104,34.798779
823,6.858333,0.037962,0.960111,-0.043599,0.273576,-4.291543,88.829269,18.837053,0.037973,0.936229,0.131159,0.323776,-3.592895,96.002182,18.382492,-0.010137,0.938490,0.020890,0.344524,-3.856402,114.341667,23.529388,0.058179,0.970601,-0.061408,0.225338,-4.458865,132.349030,24.110296,0.048801,0.980746,-0.171447,0.079762,-1.781705,145.547348,21.271948,-0.074973,0.879152,0.221901,0.415007,-7.587976,126.905731,22.231253,0.198886,-0.563324,-0.065565,-0.799257,-18.350502,127.780304,9.486180,0.064714,-0.112352,-0.495003,-0.859163,-10.044782,125.003418,-12.086569,0.067367,0.231791,-0.531855,-0.811705,1.610506,145.106796,-18.269487,-0.116789,0.972689,0.118058,0.162170,-2.220842,126.938339,26.786613,0.341757,0.804019,0.142283,-0.465308,13.149164,130.093903,32.517147,0.154698,0.086495,0.461613,-0.869195,20.911150,120.381630,12.832064,0.166873,-0.233481,0.671859,-0.682822,9.093467,136.785248,6.631715,0.027780,0.955710,0.145776,0.254157,-11.754282,89.261124,14.181698,0.065133,0.962286,0.026444,0.262800,-11.025664,56.094055,4.024354,0.031689,0.954906,-0.112708,0.272850,-16.008966,11.823851,0.218116,-0.076406,0.962626,-0.073845,0.249117,3.171196,88.397408,23.492409,0.008938,0.986853,-0.130086,0.095489,6.998347,54.485695,29.745832,0.029372,0.876439,-0.091931,0.471742,5.098780,11.294016,41.149429,0.031689,0.954906,-0.112708,0.272850,-9.918429,3.184880,-9.555820,0.029372,0.876439,-0.091931,0.471742,15.159279,3.181866,34.806271
824,6.866667,0.038156,0.960063,-0.043745,0.273697,-4.324429,88.836823,18.839237,0.037625,0.936132,0.130978,0.324169,-3.622460,96.009346,18.383518,-0.009773,0.938332,0.021209,0.344945,-3.898268,114.352371,23.519966,0.058222,0.970535,-0.061342,0.225630,-4.492667,132.359497,24.115923,0.048618,0.980781,-0.171192,0.079985,-1.813423,145.558044,21.280590,-0.075593,0.878971,0.222300,0.415065,-7.622719,126.919342,22.229425,0.199032,-0.563084,-0.065610,-0.799386,-18.380526,127.782104,9.479566,0.064759,-0.112054,-0.495272,-0.859043,-10.062478,125.005699,-12.088495,0.067296,0.232081,-0.532288,-0.811345,1.583181,145.118042,-18.260351,-0.116782,0.972626,0.118159,0.162481,-2.259571,126.945450,26.789522,0.341822,0.804050,0.142395,-0.465173,13.107117,130.098770,32.530182,0.154764,0.086612,0.461722,-0.869114,20.872889,120.385101,12.847269,0.166870,-0.233535,0.671850,-0.682813,9.060827,136.789322,6.641220,0.027635,0.955743,0.145633,0.254133,-11.785740,89.271141,14.181823,0.064908,0.962255,0.026628,0.262951,-11.050309,56.100632,4.036204,0.031767,0.954901,-0.112801,0.272820,-16.009478,11.828688,0.218653,-0.076873,0.962600,-0.073426,0.249200,3.136883,88.402512,23.496651,0.008602,0.986844,-0.129593,0.096287,7.001901,54.491486,29.730474,0.029357,0.876166,-0.092314,0.472175,5.126924,11.287829,41.092716,0.031767,0.954901,-0.112801,0.272820,-9.921161,3.187154,-9.554399,0.029357,0.876166,-0.092314,0.472175,15.191494,3.168114,34.765717
825,6.875000,0.038148,0.960013,-0.043698,0.273882,-4.353929,88.836899,18.840763,0.037299,0.936071,0.131087,0.324339,-3.652166,96.009483,18.385796,-0.009292,0.938301,0.021111,0.345049,-3.941960,114.357391,23.523470,0.058025,0.970545,-0.061141,0.225694,-4.518934,132.365005,24.122026,0.048559,0.980797,-0.171044,0.080145,-1.845733,145.565689,21.290918,-0.075787,0.878850,0.222238,0.415318,-7.653908,126.928162,22.234089,0.198609,-0.563028,-0.065120,-0.799571,-18.403698,127.786568,9.477176,0.064464,-0.112019,-0.495531,-0.858921,-10.079754,125.004112,-12.087825,0.067315,0.232332,-0.532474,-0.811148,1.553939,145.125946,-18.251324,-0.116824,0.972585,0.118217,0.162650,-2.291645,126.948372,26.795254,0.342228,0.803861,0.142762,-0.465088,13.072877,130.101913,32.541569,0.154928,0.086633,0.461766,-0.869060,20.829409,120.383453,12.857388,0.166372,-0.233346,0.672011,-0.682840,9.019411,136.787247,6.647369,0.027540,0.955765,0.145560,0.254102,-11.813474,89.271126,14.180515,0.064724,0.962224,0.026733,0.263100,-11.073420,56.098789,4.041234,0.031303,0.954930,-0.112862,0.272746,-16.013720,11.825212,0.218175,-0.076817,0.962585,-0.073653,0.249209,3.105617,88.402664,23.501011,0.008659,0.986775,-0.129784,0.096724,6.962853,54.493355,29.748997,0.028926,0.876144,-0.091709,0.472360,5.076246,11.294222,41.126495,0.031303,0.954930,-0.112862,0.272746,-9.920766,3.185273,-9.553392,0.028926,0.876144,-0.091709,0.472360,15.153733,3.192233,34.797340
826,6.883333,0.038064,0.959992,-0.043621,0.273979,-4.384277,88.836388,18.841125,0.037088,0.936017,0.131208,0.324470,-3.683933,96.009163,18.386950,-0.009380,0.938243,0.021074,0.345208,-3.983501,114.357330,23.526484,0.057825,0.970556,-0.060694,0.225818,-4.563095,132.364944,24.122612,0.049002,0.980775,-0.170967,0.080309,-1.897146,145.569397,21.302305,-0.075715,0.878731,0.222255,0.415575,-7.696696,126.927444,22.234278,0.198779,-0.562757,-0.065058,-0.799725,-18.439722,127.790405,9.471977,0.064630,-0.111750,-0.495763,-0.858809,-10.101169,125.004128,-12.086892,0.067419,0.232664,-0.532717,-0.810885,1.524360,145.132828,-18.243382,-0.116493,0.972563,0.118015,0.163166,-2.335991,126.948944,26.797268,0.342234,0.803767,0.142719,-0.465259,13.025496,130.090714,32.558144,0.154787,0.086870,0.462193,-0.868834,20.774399,120.373711,12.870234,0.166202,-0.233604,0.672266,-0.682543,8.981559,136.789474,6.651599,0.027378,0.955844,0.145527,0.253840,-11.842999,89.269478,14.179453,0.064569,0.962219,0.026837,0.263144,-11.095560,56.095856,4.044910,0.031579,0.954898,-0.112657,0.272912,-16.019905,11.820978,0.216347,-0.076891,0.962467,-0.073409,0.249712,3.074445,88.403305,23.502796,0.008313,0.986674,-0.129965,0.097547,6.937708,54.492294,29.737812,0.028954,0.876128,-0.091669,0.472395,5.070539,11.296821,41.132389,0.031579,0.954898,-0.112657,0.272912,-9.926221,3.183848,-9.557250,0.028954,0.876128,-0.091669,0.472395,15.148520,3.195350,34.803356
827,6.891667,0.037936,0.959994,-0.043561,0.273997,-4.407266,88.836342,18.842163,0.036774,0.935978,0.131339,0.324566,-3.708917,96.009331,18.388330,-0.009322,0.938195,0.021145,0.345334,-4.021866,114.357697,23.528740,0.057931,0.970548,-0.060693,0.225826,-4.600458,132.365250,24.127897,0.049012,0.980804,-0.170857,0.080181,-1.931719,145.569305,21.308298,-0.076178,0.878501,0.222709,0.415734,-7.733908,126.928291,22.237768,0.198716,-0.562566,-0.065001,-0.799879,-18.470179,127.785721,9.469405,0.064636,-0.111559,-0.495997,-0.858699,-10.121318,125.001205,-12.085706,0.067447,0.232996,-0.533033,-0.810580,1.495085,145.137512,-18.234558,-0.116419,0.972556,0.117866,0.163370,-2.374414,126.948616,26.802189,0.342300,0.803743,0.142873,-0.465204,12.985422,130.087967,32.568787,0.154950,0.086896,0.462244,-0.868775,20.734625,120.371841,12.880556,0.166291,-0.233607,0.672411,-0.682377,8.944390,136.786987,6.657871,0.027354,0.955924,0.145533,0.253538,-11.865982,89.267555,14.180305,0.064383,0.962174,0.026897,0.263350,-11.120022,56.093956,4.045559,0.031541,0.954880,-0.112541,0.273029,-16.026197,11.817228,0.215054,-0.077068,0.962485,-0.073493,0.249564,3.051450,88.405136,23.504023,0.008214,0.986709,-0.129714,0.097531,6.925936,54.496868,29.747009,0.028891,0.876026,-0.091645,0.472594,5.069819,11.295435,41.120792,0.031541,0.954880,-0.112541,0.273029,-9.928846,3.182941,-9.558771,0.028891,0.876026,-0.091645,0.472594,15.151879,3.195329,34.796505
828,6.900000,0.037831,0.959972,-0.043557,0.274090,-4.436084,88.834091,18.845085,0.036630,0.935984,0.131654,0.324436,-3.739169,96.007195,18.390949,-0.009523,0.938257,0.021005,0.345171,-4.060404,114.348816,23.539581,0.058066,0.970574,-0.060584,0.225709,-4.643953,132.356445,24.131615,0.049152,0.980824,-0.170772,0.080036,-1.972847,145.560699,21.315262,-0.076117,0.878281,0.222772,0.416174,-7.776483,126.917816,22.244753,0.198875,-0.562412,-0.065151,-0.799935,-18.500835,127.781746,9.466820,0.064766,-0.111306,-0.496158,-0.858629,-10.144809,125.000252,-12.085898,0.067534,0.233221,-0.533204,-0.810395,1.466627,145.141632,-18.227533,-0.117308,0.972456,0.117997,0.163230,-2.415455,126.941536,26.807356,0.342555,0.803865,0.142493,-0.464923,12.938966,130.109222,32.572884,0.155176,0.087143,0.462309,-0.868675,20.692190,120.371521,12.896901,0.166245,-0.233689,0.672374,-0.682397,8.907550,136.782913,6.661316,0.027158,0.956029,0.145634,0.253104,-11.894047,89.263443,14.181852,0.064194,0.962232,0.026926,0.263182,-11.137907,56.091141,4.043653,0.031066,0.954946,-0.112500,0.272868,-16.027870,11.812383,0.215981,-0.077627,0.962563,-0.073170,0.249185,3.021879,88.404732,23.508320,0.007972,0.986772,-0.129545,0.097138,6.941623,54.499184,29.737785,0.029959,0.876014,-0.091180,0.472639,5.112904,11.293474,41.099720,0.031066,0.954946,-0.112500,0.272868,-9.927152,3.182049,-9.559235,0.029959,0.876014,-0.091180,0.472639,15.185410,3.190527,34.763863
829,6.908333,0.037687,0.959973,-0.043502,0.274115,-4.462147,88.833656,18.846291,0.035490,0.936430,0.131329,0.323408,-3.767419,96.006996,18.392365,-0.009780,0.938758,0.021191,0.343787,-4.119527,114.352776,23.515511,0.058746,0.970670,-0.059793,0.225328,-4.713201,132.359940,24.111517,0.049643,0.980757,-0.170822,0.080443,-2.030612,145.566849,21.318617,-0.075744,0.877957,0.222905,0.416855,-7.847671,126.919487,22.233175,0.199558,-0.561884,-0.064996,-0.800149,-18.554951,127.802101,9.442204,0.065124,-0.110702,-0.496360,-0.858563,-10.170333,125.002525,-12.097061,0.067579,0.233513,-0.533326,-0.810227,1.437917,145.150650,-18.222559,-0.116455,0.972400,0.118059,0.164130,-2.473292,126.946175,26.780027,0.342057,0.804101,0.142828,-0.464778,12.877943,130.082047,32.571369,0.154728,0.087117,0.462251,-0.868789,20.653334,120.365501,12.893680,0.166286,-0.233720,0.672384,-0.682366,8.866570,136.778305,6.667928,0.027182,0.956051,0.145687,0.252988,-11.920059,89.260849,14.182777,0.063967,0.962166,0.026934,0.263474,-11.165794,56.089710,4.040591,0.030959,0.954910,-0.112382,0.273056,-16.034939,11.808384,0.216018,-0.077781,0.962522,-0.073008,0.249342,2.995766,88.406471,23.509802,0.007771,0.986728,-0.129539,0.097610,6.927542,54.500938,29.731771,0.029113,0.876112,-0.091876,0.472376,5.111150,11.294800,41.094101,0.030959,0.954910,-0.112382,0.273056,-9.928031,3.181354,-9.558248,0.029113,0.876112,-0.091876,0.472376,15.185237,3.187150,34.766777
830,6.916667,0.037340,0.959992,-0.043161,0.274151,-4.482985,88.826164,18.846420,0.035228,0.936395,0.131032,0.323657,-3.794389,96.000305,18.395851,-0.009558,0.938647,0.021371,0.344083,-4.153602,114.356544,23.507223,0.058737,0.970632,-0.059618,0.225543,-4.742191,132.363586,24.111887,0.049408,0.980733,-0.170977,0.080547,-2.059885,145.571655,21.324245,-0.075961,0.877893,0.223040,0.416877,-7.877146,126.925018,22.228880,0.199580,-0.561790,-0.064932,-0.800215,-18.582710,127.803490,9.436190,0.064948,-0.110462,-0.496603,-0.858467,-10.192779,125.001991,-12.100760,0.067797,0.233150,-0.533306,-0.810327,1.406458,145.159515,-18.212378,-0.116433,0.972360,0.117837,0.164543,-2.505573,126.947807,26.779068,0.342416,0.803953,0.143064,-0.464697,12.841302,130.082382,32.582657,0.155094,0.087024,0.462359,-0.868675,20.608747,120.359329,12.905044,0.166380,-0.233713,0.672534,-0.682198,8.825615,136.773026,6.675281,0.027195,0.956107,0.145830,0.252694,-11.941007,89.249100,14.182694,0.063789,0.962116,0.026857,0.263708,-11.188230,56.080894,4.030823,0.030818,0.954927,-0.112016,0.273161,-16.043047,11.797163,0.215925,-0.077869,0.962490,-0.072854,0.249481,2.975036,88.403229,23.510147,0.007627,0.986684,-0.129647,0.097916,6.914506,54.497093,29.723967,0.029134,0.876097,-0.091687,0.472440,5.106326,11.293274,41.096405,0.030818,0.954927,-0.112016,0.273161,-9.930099,3.179219,-9.562582,0.029134,0.876097,-0.091687,0.472440,15.182558,3.189340,34.767731
831,6.925000,0.037292,0.959977,-0.043133,0.274212,-4.508648,88.825516,18.848188,0.035212,0.936342,0.131376,0.323673,-3.820805,95.999741,18.397863,-0.009835,0.938632,0.021102,0.344135,-4.184818,114.344810,23.518917,0.058913,0.970591,-0.059376,0.225737,-4.779453,132.352066,24.111019,0.049199,0.980697,-0.171196,0.080653,-2.093091,145.561035,21.331457,-0.076046,0.877866,0.223071,0.416902,-7.912370,126.911163,22.231392,0.199690,-0.561697,-0.065367,-0.800217,-18.616827,127.787819,9.437648,0.065018,-0.110232,-0.496692,-0.858440,-10.224669,125.000557,-12.100289,0.067809,0.233315,-0.533173,-0.810365,1.372769,145.161453,-18.204206,-0.116550,0.972342,0.117782,0.164606,-2.541372,126.938889,26.782232,0.341678,0.804185,0.140801,-0.465530,12.803905,130.077271,32.587997,0.154464,0.087167,0.462631,-0.868628,20.558792,120.334648,12.915095,0.167202,-0.234074,0.672991,-0.681422,8.781311,136.767273,6.687632,0.027159,0.956133,0.145874,0.252571,-11.966141,89.247719,14.183548,0.063583,0.962090,0.026888,0.263852,-11.211437,56.080288,4.029307,0.030466,0.954932,-0.112039,0.273174,-16.047279,11.794358,0.215780,-0.077797,0.962450,-0.072946,0.249632,2.948845,88.403313,23.512829,0.007747,0.986639,-0.129868,0.098074,6.880917,54.497318,29.732090,0.028536,0.876008,-0.091551,0.472667,5.058421,11.298800,41.122349,0.030466,0.954932,-0.112039,0.273174,-9.929182,3.178151,-9.561035,0.028536,0.876008,-0.091551,0.472667,15.146873,3.204846,34.800377
832,6.933333,0.037186,0.959952,-0.042963,0.274341,-4.532684,88.822533,18.847448,0.034848,0.936318,0.131497,0.323733,-3.846917,95.997086,18.399143,-0.009603,0.938631,0.021062,0.344145,-4.225794,114.344231,23.520653,0.058040,0.970641,-0.059199,0.225793,-4.812100,132.351715,24.114273,0.049620,0.980583,-0.171498,0.081133,-2.149340,145.565308,21.334059,-0.076131,0.877782,0.223024,0.417088,-7.947514,126.912415,22.234154,0.199917,-0.561674,-0.065494,-0.800166,-18.646339,127.787529,9.435597,0.065064,-0.109855,-0.496891,-0.858369,-10.253743,124.999107,-12.102011,0.068049,0.233329,-0.533251,-0.810290,1.338165,145.167480,-18.191694,-0.116663,0.972310,0.117817,0.164686,-2.576555,126.937271,26.785051,0.343353,0.803638,0.143604,-0.464384,12.766960,130.078674,32.593834,0.156239,0.086189,0.462791,-0.868324,20.518032,120.335182,12.919870,0.167507,-0.234329,0.673104,-0.681148,8.744123,136.761337,6.696055,0.027125,0.956113,0.145912,0.252629,-11.989072,89.243652,14.180949,0.063571,0.961917,0.026887,0.264482,-11.230875,56.076847,4.024912,0.030335,0.954818,-0.111908,0.273642,-16.063253,11.790782,0.208597,-0.077759,0.962280,-0.072399,0.250456,2.923705,88.401413,23.513948,0.007332,0.986506,-0.130110,0.099117,6.857664,54.489494,29.699635,0.028467,0.875939,-0.091489,0.472810,5.057645,11.296025,41.112606,0.030335,0.954818,-0.111908,0.273642,-9.932402,3.178365,-9.563565,0.028467,0.875939,-0.091489,0.472810,15.149671,3.204258,34.793545
833,6.941667,0.037115,0.959977,-0.042703,0.274304,-4.560378,88.822960,18.842411,0.034946,0.936304,0.131566,0.323735,-3.876627,95.997910,18.397396,-0.009923,0.938602,0.021071,0.344214,-4.252729,114.336487,23.520351,0.058206,0.970617,-0.058980,0.225913,-4.850024,132.343735,24.110258,0.049580,0.980538,-0.171780,0.081110,-2.183657,145.558105,21.337179,-0.076156,0.877787,0.222952,0.417112,-7.981840,126.902161,22.230717,0.200231,-0.561586,-0.065895,-0.800116,-18.679873,127.775681,9.431394,0.065098,-0.109568,-0.497014,-0.858332,-10.285165,124.994644,-12.106347,0.067870,0.233461,-0.533097,-0.810369,1.303875,145.167938,-18.185209,-0.116602,0.972274,0.117868,0.164908,-2.611640,126.931175,26.782490,0.343564,0.803494,0.143517,-0.464504,12.729898,130.069305,32.598240,0.155416,0.086832,0.463245,-0.868165,20.469017,120.319115,12.922888,0.166217,-0.234012,0.672342,-0.682324,8.717410,136.757965,6.689048,0.027006,0.956156,0.145964,0.252451,-12.017211,89.244186,14.176634,0.063368,0.961860,0.026878,0.264739,-11.252020,56.078003,4.019104,0.030229,0.954798,-0.111969,0.273697,-16.066174,11.789590,0.207030,-0.078037,0.962109,-0.072066,0.251123,2.896456,88.401733,23.508188,0.007190,0.986446,-0.130290,0.099485,6.850477,54.489483,29.679224,0.028800,0.875853,-0.091465,0.472955,5.057151,11.300015,41.108383,0.030229,0.954798,-0.111969,0.273697,-9.932904,3.176512,-9.563030,0.028800,0.875853,-0.091465,0.472955,15.147324,3.204904,34.790646
834,6.950000,0.037027,0.959939,-0.042563,0.274471,-4.585724,88.818970,18.843132,0.034898,0.936264,0.131548,0.323864,-3.903676,95.994186,18.399822,-0.009907,0.938557,0.021081,0.344336,-4.281946,114.332390,23.521349,0.058502,0.970598,-0.059209,0.225855,-4.878876,132.339630,24.111698,0.049277,0.980541,-0.172042,0.080698,-2.203701,145.551331,21.334335,-0.076159,0.877762,0.222990,0.417144,-8.010362,126.898216,22.231167,0.200155,-0.561637,-0.065758,-0.800111,-18.707481,127.772507,9.431124,0.064941,-0.109427,-0.497146,-0.858285,-10.314567,124.987877,-12.106853,0.067817,0.233657,-0.533056,-0.810344,1.269626,145.166779,-18.176304,-0.116600,0.972258,0.117498,0.165267,-2.641340,126.926926,26.784330,0.342896,0.803570,0.141193,-0.465577,12.696260,130.065567,32.610199,0.154394,0.087497,0.463665,-0.868056,20.410278,120.295967,12.934618,0.166111,-0.234069,0.672466,-0.682209,8.676861,136.751968,6.692322,0.027054,0.956007,0.145934,0.253027,-12.041063,89.239220,14.174877,0.063174,0.961896,0.026933,0.264650,-11.273549,56.072594,4.018966,0.030085,0.954810,-0.111770,0.273752,-16.070148,11.782247,0.207155,-0.078318,0.962087,-0.071669,0.251233,2.869615,88.398712,23.511387,0.007108,0.986380,-0.130442,0.099940,6.848673,54.485558,29.661310,0.028969,0.875798,-0.091320,0.473075,5.055946,11.299554,41.103630,0.030085,0.954810,-0.111770,0.273752,-9.932683,3.174536,-9.565004,0.028969,0.875798,-0.091320,0.473075,15.146894,3.205541,34.785717
835,6.958333,0.036953,0.959883,-0.042544,0.274680,-4.606762,88.814194,18.847012,0.034176,0.936239,0.131024,0.324223,-3.925709,95.989517,18.403822,-0.008871,0.938465,0.021479,0.344592,-4.325684,114.361610,23.505508,0.059062,0.970590,-0.059444,0.225683,-4.892694,132.368927,24.122047,0.048606,0.980534,-0.172623,0.079944,-2.202274,145.576843,21.341465,-0.077004,0.877949,0.222808,0.416693,-8.032375,126.935555,22.231977,0.200329,-0.561786,-0.065675,-0.799970,-18.737736,127.778687,9.436745,0.064908,-0.109332,-0.497091,-0.858332,-10.352118,124.984596,-12.102851,0.067636,0.233796,-0.533011,-0.810348,1.235690,145.162827,-18.167677,-0.116265,0.972265,0.117485,0.165469,-2.665562,126.948563,26.787815,0.343531,0.803228,0.141081,-0.465733,12.672406,130.075638,32.618919,0.154881,0.087362,0.463979,-0.867815,20.359343,120.286354,12.942527,0.166253,-0.234225,0.672482,-0.682105,8.638700,136.746170,6.695244,0.027001,0.956081,0.146082,0.252664,-12.060171,89.233109,14.175558,0.063043,0.961866,0.026863,0.264799,-11.290345,56.069286,4.010660,0.029790,0.954821,-0.111621,0.273808,-16.076847,11.777121,0.207268,-0.078578,0.962088,-0.071110,0.251310,2.846646,88.395279,23.518467,0.006786,0.986112,-0.130538,0.102455,6.852433,54.479408,29.635992,0.028877,0.875685,-0.091272,0.473298,5.058068,11.295235,41.084949,0.029790,0.954821,-0.111621,0.273808,-9.933310,3.174625,-9.565663,0.028877,0.875685,-0.091272,0.473298,15.154010,3.203410,34.772224
836,6.966667,0.036969,0.959892,-0.042263,0.274689,-4.636640,88.815201,18.841003,0.034251,0.936191,0.131160,0.324300,-3.956467,95.990845,18.401768,-0.009044,0.938414,0.021531,0.344723,-4.355858,114.360031,23.508696,0.058261,0.970641,-0.059317,0.225707,-4.929441,132.367172,24.124767,0.049140,0.980392,-0.173202,0.080117,-2.260596,145.579117,21.342552,-0.077054,0.877922,0.222644,0.416828,-8.066648,126.932648,22.233885,0.200577,-0.561820,-0.065797,-0.799874,-18.767986,127.773109,9.435102,0.064995,-0.108987,-0.497175,-0.858321,-10.384883,124.976456,-12.105140,0.067638,0.234151,-0.533027,-0.810235,1.202505,145.158508,-18.157991,-0.115959,0.972294,0.117309,0.165638,-2.701150,126.947632,26.791265,0.343850,0.802909,0.141089,-0.466046,12.637334,130.065170,32.626133,0.155043,0.087130,0.464275,-0.867651,20.300486,120.271301,12.942741,0.166287,-0.234318,0.672992,-0.681561,8.589009,136.740738,6.699035,0.026807,0.956077,0.146055,0.252718,-12.089950,89.235741,14.169535,0.062920,0.961787,0.026894,0.265109,-11.307117,56.070656,4.009758,0.029815,0.954785,-0.111598,0.273938,-16.081083,11.777258,0.205068,-0.078947,0.962001,-0.070756,0.251626,2.816670,88.394661,23.512474,0.006681,0.986018,-0.130684,0.103179,6.851243,54.479336,29.614126,0.028837,0.875596,-0.091322,0.473455,5.056395,11.298442,41.075401,0.029815,0.954785,-0.111598,0.273938,-9.934923,3.175139,-9.566550,0.028837,0.875596,-0.091322,0.473455,15.154923,3.206149,34.767406
837,6.975000,0.036734,0.959876,-0.042020,0.274815,-4.654008,88.812523,18.838860,0.034660,0.936138,0.131753,0.324168,-3.977999,95.988716,18.402140,-0.010280,0.938418,0.021103,0.344703,-4.368884,114.320801,23.526474,0.057922,0.970640,-0.059203,0.225825,-4.978956,132.327728,24.112711,0.049427,0.980327,-0.173435,0.080231,-2.319104,145.541763,21.331757,-0.075973,0.877792,0.222866,0.417182,-8.105106,126.883743,22.230772,0.200266,-0.561781,-0.065722,-0.799985,-18.802122,127.761971,9.430917,0.064775,-0.108828,-0.497218,-0.858333,-10.416516,124.971375,-12.109137,0.067557,0.234365,-0.533103,-0.810130,1.170513,145.157120,-18.150347,-0.116203,0.972262,0.117198,0.165738,-2.739751,126.917145,26.788225,0.343871,0.802744,0.141210,-0.466277,12.595727,130.042725,32.626694,0.154963,0.086874,0.464474,-0.867585,20.248190,120.254829,12.936173,0.166456,-0.234385,0.673259,-0.681233,8.541798,136.733490,6.701920,0.026804,0.956065,0.146064,0.252758,-12.106402,89.230156,14.165668,0.062767,0.961785,0.026869,0.265155,-11.322781,56.065224,4.005428,0.029625,0.954815,-0.111435,0.273920,-16.084097,11.769989,0.206233,-0.079151,0.961926,-0.070309,0.251971,2.798386,88.394890,23.512049,0.006553,0.985892,-0.130873,0.104150,6.852263,54.477428,29.588943,0.028616,0.875561,-0.091520,0.473496,5.055636,11.300811,41.066036,0.029625,0.954815,-0.111435,0.273920,-9.934883,3.172722,-9.567734,0.028616,0.875561,-0.091520,0.473496,15.156163,3.207017,34.763165
838,6.983333,0.036690,0.959856,-0.041856,0.274916,-4.676308,88.809792,18.837582,0.034596,0.936113,0.131822,0.324221,-4.001499,95.986221,18.403025,-0.010292,0.938400,0.021141,0.344751,-4.395824,114.318558,23.529179,0.057921,0.970646,-0.059385,0.225756,-5.006818,132.325424,24.116524,0.049168,0.980270,-0.173954,0.079953,-2.346244,145.538254,21.330599,-0.076235,0.877738,0.223062,0.417142,-8.132516,126.881409,22.233912,0.200387,-0.562053,-0.065665,-0.799768,-18.829308,127.754509,9.433519,0.064624,-0.108612,-0.497230,-0.858364,-10.457620,124.955391,-12.110842,0.067425,0.234573,-0.532897,-0.810216,1.131032,145.143875,-18.139759,-0.116198,0.972254,0.117151,0.165820,-2.767629,126.914764,26.791916,0.344368,0.802343,0.140715,-0.466751,12.566978,130.040054,32.632816,0.155306,0.086701,0.465046,-0.867234,20.182934,120.232391,12.937983,0.167003,-0.234699,0.673251,-0.680999,8.497030,136.725998,6.700508,0.026710,0.956054,0.146078,0.252800,-12.127781,89.227386,14.162920,0.062653,0.961798,0.026877,0.265136,-11.337250,56.062393,4.003431,0.029510,0.954811,-0.111342,0.273984,-16.088640,11.765912,0.206324,-0.079489,0.961796,-0.069840,0.252492,2.775166,88.392189,23.512243,0.006521,0.985796,-0.131094,0.104780,6.856558,54.473877,29.565979,0.028640,0.875500,-0.091491,0.473612,5.053345,11.302387,41.061325,0.029510,0.954811,-0.111342,0.273984,-9.935957,3.171488,-9.567958,0.028640,0.875500,-0.091491,0.473612,15.155570,3.208973,34.760696
839,6.991667,0.036674,0.959848,-0.041729,0.274963,-4.697961,88.806686,18.836987,0.034578,0.936110,0.131788,0.324246,-4.023860,95.983299,18.404156,-0.010240,0.938394,0.021165,0.344768,-4.418549,114.315880,23.528845,0.058620,0.970625,-0.059002,0.225764,-5.028068,132.322754,24.117609,0.048200,0.980219,-0.174772,0.079391,-2.351418,145.535355,21.346018,-0.076006,0.877941,0.222632,0.416986,-8.154156,126.879143,22.234461,0.200250,-0.562241,-0.065414,-0.799691,-18.856457,127.751289,9.438605,0.064411,-0.108548,-0.497279,-0.858360,-10.493073,124.944450,-12.107979,0.067390,0.234684,-0.532858,-0.810212,1.093926,145.136169,-18.129290,-0.116256,0.972213,0.116969,0.166147,-2.789414,126.911690,26.792643,0.344871,0.801930,0.140929,-0.467024,12.541115,130.038467,32.643452,0.156110,0.086297,0.465132,-0.867084,20.129034,120.225098,12.940635,0.167473,-0.234899,0.673666,-0.680403,8.442764,136.719696,6.701732,0.026633,0.956074,0.146088,0.252728,-12.148993,89.224586,14.161648,0.062495,0.961805,0.026911,0.265146,-11.353952,56.059528,4.002737,0.029254,0.954830,-0.111266,0.273977,-16.090986,11.761454,0.206335,-0.079764,0.961684,-0.069527,0.252918,2.753071,88.388786,23.512325,0.006601,0.985854,-0.131309,0.103954,6.855620,54.470505,29.551819,0.028612,0.875569,-0.091491,0.473486,5.052991,11.304155,41.066528,0.029254,0.954830,-0.111266,0.273977,-9.934500,3.170370,-9.568489,0.028612,0.875569,-0.091491,0.473486,15.153630,3.211010,34.763008
840,7.000000,0.036571,0.959845,-0.041499,0.275023,-4.718618,88.802673,18.834969,0.034944,0.936069,0.131694,0.324361,-4.046829,95.979668,18.404951,-0.010997,0.938288,0.021393,0.345017,-4.427660,114.299370,23.527195,0.059076,0.970559,-0.058922,0.225951,-5.065772,132.305313,24.114103,0.047772,0.980145,-0.175461,0.079040,-2.376820,145.516602,21.348129,-0.075540,0.878150,0.222521,0.416690,-8.182243,126.856636,22.229639,0.200241,-0.562248,-0.065485,-0.799683,-18.895149,127.738205,9.443316,0.064318,-0.108470,-0.497266,-0.858385,-10.532535,124.934151,-12.103913,0.067233,0.234722,-0.532822,-0.810238,1.055922,145.126617,-18.119873,-0.116891,0.972128,0.116878,0.166260,-2.820147,126.897987,26.790857,0.345350,0.801520,0.140557,-0.467486,12.504188,130.045105,32.646973,0.158114,0.084171,0.464944,-0.867031,20.056591,120.215370,12.938690,0.170432,-0.235795,0.676490,-0.676546,8.346321,136.710739,6.739118,0.026610,0.955955,0.146089,0.253181,-12.169203,89.219894,14.158863,0.062406,0.961794,0.026917,0.265206,-11.367813,56.054771,4.000682,0.029329,0.954820,-0.111040,0.274096,-16.096813,11.755723,0.205618,-0.080057,0.961696,-0.069155,0.252883,2.731966,88.385445,23.511076,0.006569,0.985773,-0.131508,0.104467,6.860870,54.466831,29.530769,0.028581,0.875551,-0.091506,0.473518,5.053253,11.305126,41.062107,0.029329,0.954820,-0.111040,0.274096,-9.937696,3.169223,-9.571571,0.028581,0.875551,-0.091506,0.473518,15.154669,3.212047,34.759758
841,7.008333,0.036489,0.959825,-0.041409,0.275118,-4.733820,88.797035,18.838470,0.034744,0.936055,0.131688,0.324425,-4.063473,95.974228,18.409437,-0.010916,0.938271,0.021441,0.345062,-4.451743,114.296745,23.529615,0.058943,0.970595,-0.059104,0.225782,-5.087753,132.302673,24.119108,0.047562,0.980088,-0.176019,0.078628,-2.401994,145.513321,21.346947,-0.075578,0.878237,0.222456,0.416534,-8.204701,126.854660,22.233553,0.199911,-0.562463,-0.065137,-0.799642,-18.921747,127.732803,9.450462,0.063961,-0.108524,-0.497238,-0.858420,-10.568317,124.922302,-12.099499,0.067124,0.234669,-0.532777,-0.810292,1.020882,145.116180,-18.109243,-0.116962,0.972116,0.116886,0.166275,-2.843026,126.894699,26.795277,0.345899,0.801018,0.140208,-0.468045,12.480577,130.043976,32.652138,0.158528,0.083907,0.465374,-0.866750,19.990955,120.197868,12.935959,0.170608,-0.236323,0.676539,-0.676269,8.294670,136.705231,6.735521,0.026542,0.956023,0.146389,0.252757,-12.183587,89.213234,14.160970,0.062357,0.961738,0.026773,0.265432,-11.376853,56.053932,3.984201,0.028735,0.954802,-0.111261,0.274131,-16.104233,11.753646,0.201543,-0.080249,0.961645,-0.068691,0.253140,2.715948,88.380844,23.515972,0.006486,0.985673,-0.131700,0.105177,6.864281,54.459930,29.509281,0.028506,0.875523,-0.091415,0.473592,5.053921,11.302638,41.056683,0.028735,0.954802,-0.111261,0.274131,-9.937037,3.166065,-9.569606,0.028506,0.875523,-0.091415,0.473592,15.158126,3.212374,34.755188
842,7.016667,0.036685,0.959808,-0.041035,0.275208,-4.758301,88.800102,18.830017,0.034879,0.936002,0.131893,0.324482,-4.086683,95.977524,18.407011,-0.010993,0.938245,0.021475,0.345129,-4.472927,114.292618,23.534563,0.058758,0.970667,-0.059172,0.225505,-5.112011,132.298431,24.124203,0.047492,0.980031,-0.176655,0.077959,-2.431919,145.509415,21.348154,-0.075552,0.878347,0.222352,0.416362,-8.227779,126.849922,22.238121,0.199710,-0.562582,-0.064941,-0.799625,-18.949753,127.725815,9.459011,0.063704,-0.108679,-0.497155,-0.858468,-10.601370,124.912132,-12.092487,0.066807,0.234643,-0.532705,-0.810373,0.990188,145.104599,-18.102478,-0.117070,0.972106,0.116865,0.166273,-2.866777,126.890800,26.800627,0.346291,0.800641,0.139581,-0.468587,12.456005,130.043671,32.657703,0.158035,0.084812,0.466040,-0.866394,19.930092,120.178864,12.937079,0.169597,-0.236332,0.675048,-0.678008,8.268233,136.696960,6.710853,0.026410,0.956008,0.146281,0.252891,-12.206950,89.221344,14.151189,0.062227,0.961756,0.026823,0.265392,-11.391994,56.059368,3.983802,0.028755,0.954782,-0.111382,0.274151,-16.107239,11.757880,0.200086,-0.080618,0.961573,-0.068346,0.253391,2.690349,88.378860,23.508846,0.006238,0.985590,-0.131868,0.105755,6.867756,54.458786,29.486687,0.028697,0.875591,-0.091511,0.473437,5.070899,11.305181,41.049973,0.028755,0.954782,-0.111382,0.274151,-9.940452,3.167467,-9.568830,0.028697,0.875591,-0.091511,0.473437,15.169525,3.210597,34.745087
843,7.025000,0.036759,0.959820,-0.040885,0.275177,-4.780621,88.796165,18.826744,0.034866,0.935995,0.132060,0.324435,-4.108580,95.973694,18.406082,-0.011109,0.938254,0.021544,0.345096,-4.497169,114.289261,23.539894,0.057714,0.970787,-0.059336,0.225215,-5.141008,132.294876,24.130474,0.048071,0.979907,-0.177249,0.077813,-2.488574,145.508942,21.342607,-0.075543,0.878377,0.222260,0.416349,-8.255450,126.845634,22.244322,0.199877,-0.562647,-0.064875,-0.799543,-18.977827,127.720367,9.465462,0.063772,-0.108567,-0.497236,-0.858430,-10.632423,124.899002,-12.086198,0.066932,0.234690,-0.532807,-0.810282,0.956417,145.093903,-18.093243,-0.117140,0.972154,0.116735,0.166036,-2.894159,126.887703,26.806482,0.346924,0.800147,0.139475,-0.468995,12.430717,130.044662,32.655888,0.158727,0.084257,0.466197,-0.866237,19.866632,120.164619,12.928457,0.169958,-0.236714,0.675349,-0.677484,8.207869,136.685364,6.708914,0.026269,0.956015,0.146300,0.252868,-12.229478,89.219429,14.148421,0.062081,0.961792,0.026837,0.265295,-11.405035,56.057323,3.982212,0.028919,0.954778,-0.111147,0.274243,-16.107750,11.754272,0.201243,-0.080954,0.961491,-0.067944,0.253701,2.668236,88.372910,23.505066,0.006217,0.985537,-0.132067,0.106000,6.873244,54.452801,29.463335,0.028400,0.875596,-0.091699,0.473410,5.073458,11.303869,41.043591,0.028919,0.954778,-0.111147,0.274243,-9.940149,3.168039,-9.570839,0.028400,0.875596,-0.091699,0.473410,15.174077,3.208846,34.742451
844,7.033333,0.036739,0.959841,-0.040724,0.275131,-4.797057,88.791397,18.827089,0.034869,0.936028,0.132130,0.324312,-4.125941,95.969131,18.408541,-0.011224,0.938301,0.021524,0.344967,-4.514615,114.283661,23.544800,0.057574,0.970841,-0.059253,0.225038,-5.162012,132.289215,24.133339,0.047743,0.979830,-0.177909,0.077470,-2.514523,145.504410,21.346119,-0.075587,0.878434,0.222339,0.416179,-8.275838,126.839088,22.248697,0.199866,-0.562755,-0.064757,-0.799479,-19.002728,127.712204,9.473517,0.063899,-0.108360,-0.497495,-0.858297,-10.662285,124.885544,-12.079361,0.067645,0.234759,-0.532866,-0.810164,0.916345,145.087906,-18.081024,-0.117223,0.972147,0.116769,0.165991,-2.913327,126.882828,26.809410,0.347617,0.799615,0.139396,-0.469412,12.411395,130.042450,32.657787,0.158834,0.084371,0.466613,-0.865983,19.806641,120.146164,12.923212,0.169445,-0.237122,0.673948,-0.678863,8.168577,136.670990,6.697374,0.026253,0.956023,0.146410,0.252773,-12.246378,89.215149,14.149552,0.061934,0.961770,0.026798,0.265413,-11.419931,56.055218,3.976399,0.028746,0.954813,-0.111051,0.274176,-16.110552,11.750349,0.201652,-0.081173,0.961412,-0.067570,0.254032,2.652264,88.367638,23.504627,0.006206,0.985495,-0.132242,0.106173,6.876482,54.446484,29.443317,0.028258,0.875604,-0.091746,0.473394,5.073975,11.301666,41.038467,0.028746,0.954813,-0.111051,0.274176,-9.941511,3.167395,-9.572400,0.028258,0.875604,-0.091746,0.473394,15.175828,3.207341,34.738411
845,7.041667,0.036681,0.959887,-0.040426,0.275022,-4.812690,88.787277,18.823954,0.034145,0.936100,0.131811,0.324310,-4.143611,95.965424,18.409229,-0.010168,0.938345,0.021964,0.344851,-4.554690,114.314926,23.533909,0.057297,0.970913,-0.059696,0.224679,-5.171774,132.320602,24.150545,0.047343,0.979744,-0.178646,0.077105,-2.530559,145.533997,21.348831,-0.076526,0.878616,0.222232,0.415681,-8.295283,126.878632,22.258408,0.200226,-0.562799,-0.064596,-0.799371,-19.031233,127.718544,9.488617,0.064204,-0.108385,-0.497534,-0.858249,-10.692138,124.875702,-12.062647,0.067854,0.234850,-0.532965,-0.810056,0.884362,145.076828,-18.072498,-0.116735,0.972224,0.116775,0.165884,-2.931333,126.906326,26.817549,0.348345,0.798972,0.139099,-0.470054,12.398386,130.050781,32.660976,0.159925,0.083512,0.466822,-0.865752,19.741957,120.135483,12.916653,0.170381,-0.237477,0.675162,-0.677298,8.105069,136.666748,6.699655,0.026318,0.955925,0.146358,0.253170,-12.263142,89.211594,14.148275,0.061776,0.961830,0.026882,0.265224,-11.437691,56.050842,3.977726,0.029516,0.954769,-0.110467,0.274486,-16.113523,11.744627,0.200421,-0.081339,0.961423,-0.067362,0.253991,2.637761,88.362953,23.499634,0.006185,0.985483,-0.132382,0.106115,6.876950,54.441715,29.427147,0.028764,0.875543,-0.091593,0.473506,5.075661,11.300185,41.034733,0.029516,0.954769,-0.110467,0.274486,-9.945776,3.169742,-9.581521,0.028764,0.875543,-0.091593,0.473506,15.173886,3.203144,34.732357
846,7.050000,0.036642,0.959937,-0.040270,0.274874,-4.826024,88.783768,18.820532,0.034144,0.936116,0.132172,0.324117,-4.158162,95.962128,18.407698,-0.010132,0.938426,0.021676,0.344651,-4.572677,114.304184,23.544008,0.056739,0.971016,-0.059583,0.224408,-5.184815,132.310349,24.151482,0.047171,0.979672,-0.179202,0.076845,-2.560088,145.526703,21.348265,-0.076513,0.878758,0.222392,0.415299,-8.310547,126.868187,22.263525,0.200416,-0.562882,-0.064534,-0.799270,-19.057184,127.707504,9.502688,0.064357,-0.108630,-0.497491,-0.858231,-10.722039,124.856308,-12.049005,0.067027,0.235868,-0.533282,-0.809620,0.853949,145.053696,-18.072411,-0.116891,0.972212,0.116691,0.165905,-2.944644,126.896881,26.820364,0.349152,0.798330,0.139360,-0.470469,12.383624,130.046753,32.664688,0.160728,0.082888,0.467003,-0.865566,19.682812,120.120262,12.909532,0.170729,-0.238111,0.674520,-0.677627,8.050716,136.653061,6.699996,0.026321,0.955936,0.146377,0.253115,-12.277956,89.208313,14.147232,0.061644,0.961887,0.026913,0.265044,-11.452982,56.047958,3.975342,0.029472,0.954772,-0.110332,0.274534,-16.117445,11.740435,0.199377,-0.081465,0.961446,-0.067225,0.253903,2.625909,88.359222,23.493832,0.006155,0.985460,-0.132512,0.106162,6.876456,54.438126,29.414043,0.028042,0.875645,-0.091812,0.473319,5.076036,11.299658,41.033112,0.029472,0.954772,-0.110332,0.274534,-9.947373,3.168849,-9.583992,0.028042,0.875645,-0.091812,0.473319,15.179014,3.206463,34.733406
847,7.058333,0.036557,0.960021,-0.040020,0.274631,-4.838140,88.781616,18.816420,0.034735,0.936019,0.132039,0.324387,-4.172541,95.960358,18.406536,-0.010693,0.938215,0.022016,0.345187,-4.565619,114.293144,23.542738,0.056608,0.970868,-0.060394,0.224865,-5.201310,132.298355,24.154360,0.046341,0.979692,-0.179184,0.077137,-2.573243,145.509720,21.330849,-0.076599,0.878879,0.222941,0.414731,-8.317928,126.852753,22.261282,0.200111,-0.562964,-0.064478,-0.799294,-19.079882,127.692619,9.513394,0.064039,-0.108740,-0.497487,-0.858243,-10.748688,124.846611,-12.040517,0.066867,0.235639,-0.533302,-0.809686,0.826313,145.045471,-18.060925,-0.117050,0.972219,0.116577,0.165831,-2.957392,126.887009,26.824396,0.349883,0.797509,0.138874,-0.471460,12.370454,130.042999,32.666542,0.162440,0.080855,0.467212,-0.865325,19.602358,120.098450,12.895725,0.173295,-0.239120,0.676517,-0.674622,7.964169,136.642548,6.726022,0.026227,0.956102,0.146298,0.252545,-12.292538,89.206161,14.147049,0.061524,0.961993,0.027047,0.264676,-11.468817,56.043861,3.981413,0.029307,0.954787,-0.110259,0.274527,-16.121328,11.735675,0.198521,-0.081542,0.961519,-0.067191,0.253610,2.616257,88.357063,23.485792,0.006148,0.985469,-0.132649,0.105909,6.874350,54.436516,29.403767,0.028178,0.875658,-0.091817,0.473285,5.076267,11.301273,41.035179,0.029307,0.954787,-0.110259,0.274527,-9.948753,3.166789,-9.585640,0.028178,0.875658,-0.091817,0.473285,15.176937,3.206347,34.733994
848,7.066667,0.036527,0.960103,-0.039904,0.274364,-4.850509,88.778236,18.811550,0.034370,0.936112,0.132426,0.324000,-4.185902,95.957153,18.402967,-0.010114,0.938400,0.022032,0.344700,-4.595064,114.303383,23.552999,0.056571,0.971116,-0.060147,0.223867,-5.211048,132.308990,24.172695,0.046313,0.979612,-0.180293,0.075568,-2.589880,145.522308,21.351883,-0.076898,0.879037,0.222493,0.414581,-8.335445,126.867485,22.280710,0.201126,-0.563084,-0.065035,-0.798909,-19.099997,127.690842,9.533940,0.064568,-0.108609,-0.497559,-0.858179,-10.778486,124.836662,-12.022630,0.067113,0.235299,-0.533256,-0.809795,0.794476,145.034561,-18.050165,-0.117013,0.972284,0.116502,0.165529,-2.970009,126.894188,26.838112,0.350963,0.796673,0.139307,-0.471944,12.361470,130.050797,32.670376,0.163856,0.079759,0.467341,-0.865091,19.536900,120.092484,12.885916,0.174024,-0.239465,0.677749,-0.673074,7.896313,136.639450,6.728233,0.026202,0.956056,0.146489,0.252608,-12.307532,89.203087,14.146402,0.061427,0.961984,0.026945,0.264740,-11.478073,56.044579,3.968842,0.029356,0.954775,-0.110182,0.274597,-16.124403,11.734825,0.196664,-0.081782,0.961792,-0.067424,0.252431,2.606513,88.353394,23.476700,0.006392,0.985562,-0.132646,0.105028,6.883562,54.437756,29.409060,0.028022,0.875739,-0.091902,0.473129,5.074376,11.302725,41.039520,0.029356,0.954775,-0.110182,0.274597,-9.950613,3.167352,-9.587963,0.028022,0.875739,-0.091902,0.473129,15.173985,3.207774,34.736668
849,7.075000,0.036445,0.960206,-0.039781,0.274032,-4.860698,88.775879,18.807484,0.033585,0.936292,0.132531,0.323519,-4.197847,95.955017,18.400049,-0.009505,0.938625,0.022288,0.344088,-4.634140,114.322533,23.550150,0.056567,0.971259,-0.060644,0.223112,-5.232280,132.328171,24.186464,0.046189,0.979589,-0.180764,0.074806,-2.611780,145.538269,21.350077,-0.077357,0.879117,0.222359,0.414397,-8.364339,126.891258,22.293879,0.201758,-0.563124,-0.064827,-0.798738,-19.131639,127.697708,9.548348,0.064842,-0.108470,-0.497573,-0.858167,-10.810936,124.818352,-12.005176,0.066936,0.235504,-0.533665,-0.809481,0.762766,145.015579,-18.033516,-0.116435,0.972402,0.116534,0.165216,-2.992806,126.908897,26.844135,0.351592,0.796023,0.138725,-0.472742,12.346634,130.048248,32.664764,0.164170,0.079450,0.467786,-0.864819,19.466352,120.069595,12.870440,0.174167,-0.239806,0.677562,-0.673104,7.842421,136.626938,6.716271,0.026196,0.956131,0.146575,0.252275,-12.321029,89.200233,14.147583,0.061306,0.962029,0.026944,0.264605,-11.493139,56.043457,3.964282,0.028233,0.954818,-0.110646,0.274379,-16.129652,11.732367,0.195700,-0.081785,0.961942,-0.067584,0.251815,2.599632,88.351524,23.467382,0.006519,0.985520,-0.132669,0.105392,6.877776,54.437412,29.407681,0.027589,0.875595,-0.092007,0.473399,5.052940,11.303076,41.038292,0.028233,0.954818,-0.110646,0.274379,-9.947042,3.161814,-9.580658,0.027589,0.875595,-0.092007,0.473399,15.161516,3.211218,34.745857
850,7.083333,0.036597,0.960294,-0.039862,0.273690,-4.873848,88.779655,18.802876,0.033948,0.936372,0.133294,0.322938,-4.208722,95.958549,18.394695,-0.010439,0.938811,0.021923,0.343576,-4.637646,114.285210,23.567095,0.056517,0.971365,-0.060372,0.222737,-5.262537,132.290741,24.179831,0.046081,0.979587,-0.181010,0.074311,-2.646627,145.502930,21.348894,-0.076823,0.879098,0.222766,0.414320,-8.388285,126.846550,22.297821,0.201913,-0.563035,-0.065083,-0.798741,-19.160477,127.673782,9.557746,0.064888,-0.108273,-0.497707,-0.858111,-10.836641,124.800705,-11.995422,0.066961,0.235511,-0.533805,-0.809384,0.732739,145.002472,-18.016859,-0.116691,0.972403,0.116515,0.165045,-3.012049,126.878479,26.842445,0.351964,0.795410,0.138453,-0.473576,12.327293,130.026932,32.658436,0.164533,0.078689,0.468181,-0.864606,19.398073,120.043922,12.848757,0.174836,-0.240448,0.677796,-0.672465,7.783056,136.617859,6.712319,0.026122,0.956215,0.146562,0.251974,-12.337288,89.206490,14.148176,0.061119,0.962098,0.027045,0.264389,-11.507970,56.049168,3.966754,0.028504,0.954816,-0.110644,0.274358,-16.126940,11.736521,0.194955,-0.081852,0.962062,-0.067801,0.251275,2.589591,88.352829,23.457575,0.006359,0.985639,-0.132653,0.104298,6.871701,54.441517,29.410994,0.027877,0.875784,-0.092139,0.473007,5.073999,11.306625,41.043747,0.028504,0.954816,-0.110644,0.274358,-9.948598,3.164240,-9.582591,0.027877,0.875784,-0.092139,0.473007,15.171827,3.208390,34.742252
851,7.091667,0.036565,0.960400,-0.039966,0.273310,-4.884079,88.777733,18.802681,0.033885,0.936500,0.133420,0.322518,-4.219154,95.956535,18.392668,-0.010695,0.938947,0.022114,0.343183,-4.649561,114.281395,23.568705,0.056580,0.971419,-0.060310,0.222502,-5.285246,132.286438,24.184994,0.045593,0.979535,-0.181523,0.074044,-2.669097,145.498840,21.355230,-0.076695,0.879205,0.222841,0.414076,-8.409123,126.840591,22.304640,0.202474,-0.563010,-0.065247,-0.798603,-19.188702,127.670540,9.571002,0.065169,-0.108040,-0.497784,-0.858074,-10.864573,124.788704,-11.980869,0.067081,0.235532,-0.533715,-0.809428,0.703537,144.992035,-17.999491,-0.116590,0.972442,0.116562,0.164852,-3.029172,126.875130,26.844841,0.352568,0.794775,0.138226,-0.474259,12.313078,130.020950,32.654552,0.164719,0.078543,0.468703,-0.864301,19.333887,120.025383,12.833449,0.174622,-0.241025,0.677231,-0.672884,7.738046,136.613525,6.695791,0.026019,0.956316,0.146726,0.251505,-12.351213,89.203850,14.153854,0.060912,0.962215,0.027042,0.264010,-11.517135,56.049496,3.963165,0.029155,0.954864,-0.110324,0.274251,-16.119904,11.734578,0.198231,-0.081800,0.962205,-0.067996,0.250692,2.583055,88.351616,23.451509,0.006460,0.985639,-0.132636,0.104312,6.861837,54.441555,29.414404,0.027674,0.875661,-0.092097,0.473254,5.055210,11.306363,41.044662,0.029155,0.954864,-0.110324,0.274251,-9.951572,3.165220,-9.588186,0.027674,0.875661,-0.092097,0.473254,15.159787,3.211540,34.749622
852,7.100000,0.036431,0.960546,-0.040144,0.272786,-4.896458,88.772812,18.806435,0.033680,0.936700,0.133482,0.321933,-4.232912,95.951546,18.393061,-0.010516,0.939180,0.022092,0.342551,-4.668324,114.282402,23.570820,0.056245,0.971567,-0.060212,0.221967,-5.297243,132.287628,24.188988,0.045323,0.979496,-0.181946,0.073681,-2.692862,145.502045,21.357840,-0.076854,0.879369,0.222963,0.413631,-8.425456,126.842918,22.312557,0.202829,-0.563076,-0.065430,-0.798451,-19.216515,127.666153,9.588220,0.065417,-0.107770,-0.497788,-0.858087,-10.896992,124.780701,-11.964944,0.067384,0.235587,-0.533638,-0.809437,0.673746,144.984070,-17.978418,-0.116517,0.972460,0.116646,0.164740,-3.039352,126.875427,26.845470,0.353419,0.793898,0.137965,-0.475171,12.304702,130.018906,32.651680,0.165980,0.077175,0.468988,-0.864028,19.257236,120.006355,12.815088,0.176010,-0.241778,0.678250,-0.671224,7.663983,136.604553,6.701441,0.025945,0.956433,0.146950,0.250934,-12.368810,89.196274,14.165756,0.060607,0.962411,0.027060,0.263361,-11.531982,56.046223,3.961315,0.029092,0.955001,-0.110178,0.273837,-16.110657,11.728078,0.205090,-0.081794,0.962325,-0.068183,0.250182,2.575894,88.349350,23.447111,0.006468,0.985686,-0.132624,0.103883,6.854118,54.440975,29.420059,0.027730,0.875708,-0.092055,0.473173,5.051968,11.305499,41.049965,0.029092,0.955001,-0.110178,0.273837,-9.949846,3.162364,-9.589251,0.027730,0.875708,-0.092055,0.473173,15.154871,3.210846,34.752026
853,7.108333,0.036369,0.960636,-0.040131,0.272478,-4.903944,88.770416,18.802988,0.033560,0.936845,0.133700,0.321433,-4.241448,95.949234,18.389341,-0.010571,0.939376,0.022197,0.342007,-4.681082,114.277412,23.573280,0.056184,0.971690,-0.060211,0.221444,-5.312799,132.282410,24.194715,0.044929,0.979502,-0.182242,0.073116,-2.712389,145.497162,21.361412,-0.076834,0.879507,0.223023,0.413310,-8.442119,126.837364,22.321136,0.203015,-0.563111,-0.065444,-0.798378,-19.242161,127.659264,9.604333,0.065393,-0.107698,-0.497793,-0.858095,-10.924546,124.768898,-11.948912,0.067133,0.235771,-0.533379,-0.809575,0.646660,144.973022,-17.958925,-0.116290,0.972525,0.116556,0.164582,-3.050781,126.870277,26.847822,0.354042,0.793140,0.137661,-0.476060,12.296779,130.007736,32.648022,0.166603,0.076413,0.469376,-0.863766,19.189430,119.983658,12.796362,0.176678,-0.242341,0.678420,-0.670673,7.606625,136.594101,6.696327,0.025862,0.956588,0.147098,0.250267,-12.379327,89.193153,14.167129,0.060724,0.962261,0.027022,0.263885,-11.541445,56.045818,3.953962,0.028116,0.954909,-0.110667,0.274065,-16.129059,11.728761,0.195756,-0.081441,0.962132,-0.068319,0.251000,2.571439,88.347672,23.438848,0.006205,0.985746,-0.132693,0.103245,6.818774,54.436600,29.418484,0.027384,0.875823,-0.092085,0.472974,5.046669,11.302477,41.058022,0.028116,0.954909,-0.110667,0.274065,-9.951798,3.158474,-9.584215,0.027384,0.875823,-0.092085,0.472974,15.150717,3.211159,34.757626
854,7.116667,0.036389,0.960694,-0.039910,0.272304,-4.909014,88.773163,18.793318,0.033442,0.936933,0.134009,0.321059,-4.247171,95.952209,18.382683,-0.010844,0.939511,0.022335,0.341618,-4.692560,114.270088,23.574057,0.056078,0.971781,-0.060048,0.221113,-5.334971,132.274658,24.197023,0.044725,0.979475,-0.182576,0.072762,-2.739762,145.490952,21.366150,-0.076719,0.879650,0.223023,0.413028,-8.462428,126.827766,22.325684,0.203040,-0.563085,-0.065310,-0.798402,-19.270861,127.650574,9.616063,0.065277,-0.107600,-0.497838,-0.858090,-10.951042,124.754906,-11.935621,0.066949,0.235908,-0.533199,-0.809669,0.619040,144.961670,-17.938923,-0.116209,0.972573,0.116597,0.164324,-3.067426,126.863792,26.847982,0.354645,0.792461,0.137259,-0.476857,12.283595,129.999603,32.639919,0.167479,0.075339,0.469662,-0.863535,19.120987,119.960640,12.776669,0.177849,-0.242983,0.679128,-0.669414,7.541336,136.583649,6.696460,0.025779,0.956682,0.147008,0.249966,-12.386046,89.197472,14.160259,0.060629,0.962329,0.027061,0.263657,-11.547509,56.048000,3.954060,0.028089,0.954938,-0.110715,0.273947,-16.126902,11.730090,0.195840,-0.081446,0.962383,-0.068447,0.250002,2.568020,88.348854,23.426376,0.006073,0.985900,-0.132894,0.101505,6.819603,54.439045,29.410162,0.027971,0.876166,-0.092164,0.472289,5.077875,11.309544,41.071392,0.028089,0.954938,-0.110715,0.273947,-9.952077,3.158892,-9.584874,0.027971,0.876166,-0.092164,0.472289,15.163168,3.209287,34.752460
855,7.125000,0.036272,0.960804,-0.040061,0.271909,-4.918202,88.767639,18.798159,0.033327,0.937067,0.133673,0.320821,-4.257559,95.946640,18.384705,-0.010912,0.939570,0.022723,0.341428,-4.701635,114.270126,23.563610,0.055991,0.971884,-0.059975,0.220700,-5.350988,132.274017,24.199032,0.044514,0.979491,-0.182802,0.072101,-2.760356,145.491196,21.368118,-0.076748,0.879835,0.223096,0.412586,-8.477022,126.827148,22.325262,0.203196,-0.563051,-0.065203,-0.798394,-19.297482,127.646362,9.625649,0.065256,-0.107334,-0.497903,-0.858087,-10.975259,124.742928,-11.924066,0.066896,0.236116,-0.533060,-0.809704,0.594447,144.953247,-17.916086,-0.116013,0.972617,0.116584,0.164212,-3.080216,126.862251,26.845411,0.355243,0.791767,0.136593,-0.477755,12.273552,129.992371,32.633137,0.167940,0.074706,0.470074,-0.863276,19.051245,119.933739,12.759374,0.178347,-0.243483,0.679377,-0.668847,7.482800,136.571320,6.690416,0.025534,0.957021,0.147333,0.248500,-12.399167,89.189598,14.171238,0.060337,0.962578,0.027017,0.262816,-11.554325,56.045902,3.946859,0.028230,0.955077,-0.110525,0.273524,-16.113033,11.724630,0.203280,-0.081265,0.962321,-0.068587,0.250260,2.562762,88.345680,23.425079,0.005884,0.985923,-0.132796,0.101422,6.798262,54.435158,29.416237,0.027768,0.876181,-0.092169,0.472272,5.075060,11.303123,41.070862,0.028230,0.955077,-0.110525,0.273524,-9.948614,3.156722,-9.586872,0.027768,0.876181,-0.092169,0.472272,15.162659,3.205139,34.752689
856,7.133333,0.036206,0.960841,-0.040234,0.271763,-4.920951,88.762627,18.801615,0.033050,0.937239,0.134158,0.320143,-4.260610,95.941490,18.385401,-0.010925,0.939885,0.022358,0.340582,-4.716896,114.264931,23.579445,0.055557,0.972058,-0.059693,0.220121,-5.361627,132.269409,24.202934,0.044301,0.979458,-0.183131,0.071851,-2.786586,145.490189,21.374683,-0.076953,0.879948,0.223085,0.412314,-8.492075,126.821770,22.338745,0.203320,-0.563128,-0.065328,-0.798299,-19.318985,127.632477,9.644082,0.065246,-0.107145,-0.497924,-0.858100,-11.001529,124.729416,-11.907524,0.066719,0.236429,-0.533087,-0.809610,0.569110,144.941574,-17.891588,-0.115953,0.972673,0.116569,0.163933,-3.087150,126.859131,26.849169,0.356001,0.790970,0.136117,-0.478646,12.270150,129.988678,32.627827,0.168682,0.074026,0.470551,-0.862930,18.983074,119.910385,12.742054,0.178979,-0.244244,0.679417,-0.668359,7.430206,136.559708,6.681338,0.025713,0.956864,0.147321,0.249091,-12.403401,89.182755,14.176929,0.060257,0.962686,0.027123,0.262430,-11.564320,56.039452,3.950794,0.028032,0.955091,-0.110421,0.273539,-16.115168,11.717826,0.201788,-0.081166,0.962372,-0.068549,0.250105,2.561499,88.342491,23.426300,0.005798,0.985926,-0.132813,0.101373,6.792033,54.430485,29.412571,0.027663,0.876238,-0.092152,0.472175,5.076847,11.298770,41.069557,0.028032,0.955091,-0.110421,0.273539,-9.947152,3.153531,-9.589262,0.027663,0.876238,-0.092152,0.472175,15.164412,3.202308,34.749386
857,7.141667,0.036213,0.960924,-0.040078,0.271490,-4.931006,88.762733,18.797302,0.032823,0.937356,0.133972,0.319904,-4.271302,95.941772,18.383083,-0.010856,0.939966,0.022734,0.340338,-4.732106,114.268204,23.568174,0.055545,0.972148,-0.059758,0.219708,-5.378961,132.272125,24.205395,0.044091,0.979504,-0.183155,0.071288,-2.805731,145.492584,21.373983,-0.076707,0.880004,0.223606,0.411958,-8.509645,126.825455,22.338800,0.203929,-0.563041,-0.065134,-0.798220,-19.347630,127.647766,9.654336,0.065498,-0.106788,-0.498001,-0.858080,-11.024471,124.722115,-11.892011,0.066709,0.236696,-0.533023,-0.809575,0.546139,144.936813,-17.867525,-0.115592,0.972745,0.116570,0.163757,-3.102357,126.860191,26.846409,0.356612,0.790314,0.135903,-0.479335,12.259659,129.978973,32.618347,0.169382,0.073142,0.471011,-0.862617,18.921545,119.888641,12.721520,0.180036,-0.245072,0.679320,-0.667871,7.383429,136.549957,6.677842,0.025702,0.956857,0.147322,0.249120,-12.416062,89.183968,14.176938,0.060133,0.962680,0.027168,0.262474,-11.575930,56.040646,3.950937,0.028023,0.955087,-0.110471,0.273532,-16.114920,11.717910,0.200710,-0.081175,0.962520,-0.068663,0.249501,2.554049,88.341492,23.417667,0.005799,0.985969,-0.132883,0.100863,6.786954,54.430676,29.409004,0.028717,0.876192,-0.091288,0.472365,5.077072,11.300620,41.072906,0.028023,0.955087,-0.110471,0.273532,-9.947168,3.152542,-9.589565,0.028717,0.876192,-0.091288,0.472365,15.160462,3.209840,34.738815
858,7.150000,0.036164,0.960939,-0.040265,0.271417,-4.934179,88.759567,18.803005,0.032404,0.937673,0.134176,0.318929,-4.274451,95.938446,18.385962,-0.011338,0.940401,0.022690,0.339119,-4.747219,114.259674,23.572454,0.055975,0.972294,-0.059746,0.218957,-5.409060,132.263275,24.203148,0.043804,0.979588,-0.182971,0.070776,-2.828044,145.482300,21.372076,-0.076395,0.879975,0.223675,0.412041,-8.539491,126.812866,22.347065,0.204292,-0.563058,-0.065343,-0.798098,-19.376760,127.645996,9.662702,0.065610,-0.106359,-0.497903,-0.858181,-11.055772,124.718048,-11.884167,0.066584,0.236978,-0.532951,-0.809550,0.523902,144.931931,-17.844891,-0.115358,0.972789,0.116615,0.163628,-3.120694,126.854645,26.840771,0.357473,0.789613,0.136375,-0.479715,12.244533,129.966263,32.608032,0.170263,0.072242,0.471146,-0.862446,18.860823,119.868866,12.699578,0.180237,-0.245696,0.679721,-0.667179,7.321318,136.537201,6.670138,0.025766,0.956907,0.147394,0.248879,-12.419993,89.179153,14.183720,0.059906,0.962759,0.027220,0.262232,-11.585401,56.037521,3.951778,0.028045,0.955201,-0.110377,0.273170,-16.104637,11.712599,0.203496,-0.081108,0.962612,-0.068594,0.249189,2.551635,88.339981,23.422291,0.005767,0.985982,-0.132913,0.100701,6.783260,54.427761,29.406578,0.027554,0.876343,-0.092291,0.471960,5.077893,11.298394,41.073681,0.028045,0.955201,-0.110377,0.273170,-9.944716,3.149171,-9.593405,0.027554,0.876343,-0.092291,0.471960,15.162477,3.200206,34.750969
859,7.158333,0.036088,0.960981,-0.040171,0.271294,-4.939922,88.757584,18.803444,0.033138,0.937293,0.134057,0.320021,-4.281670,95.936653,18.387321,-0.010957,0.939865,0.023011,0.340593,-4.733017,114.265236,23.580198,0.054643,0.972278,-0.060132,0.219256,-5.386861,132.268616,24.225399,0.043298,0.979632,-0.183020,0.070358,-2.837214,145.490051,21.377214,-0.077023,0.880480,0.223614,0.410876,-8.514518,126.821663,22.354572,0.203911,-0.563436,-0.065494,-0.797917,-19.380615,127.625504,9.693003,0.065312,-0.106403,-0.497907,-0.858197,-11.080327,124.709030,-11.863409,0.066525,0.237164,-0.532843,-0.809572,0.498736,144.924789,-17.818905,-0.115638,0.972899,0.116394,0.162935,-3.109702,126.856300,26.865149,0.358796,0.788609,0.136234,-0.480418,12.260922,129.981323,32.610737,0.171425,0.071653,0.471559,-0.862039,18.801674,119.853386,12.692839,0.180404,-0.246267,0.679645,-0.667001,7.276256,136.527664,6.660582,0.025764,0.956943,0.147426,0.248722,-12.427008,89.176445,14.186152,0.059849,0.962812,0.027260,0.262047,-11.593395,56.035469,3.952004,0.028153,0.955174,-0.110229,0.273312,-16.107512,11.710125,0.202506,-0.081139,0.962717,-0.068605,0.248770,2.547163,88.338730,23.420738,0.005806,0.986012,-0.132938,0.100376,6.783240,54.426956,29.404408,0.027472,0.876366,-0.092363,0.471908,5.078072,11.298209,41.073849,0.028153,0.955174,-0.110229,0.273312,-9.945294,3.149315,-9.595243,0.027472,0.876366,-0.092363,0.471908,15.162368,3.199454,34.751396
860,7.166667,0.036061,0.961000,-0.040181,0.271229,-4.946884,88.754311,18.805298,0.033052,0.937374,0.134105,0.319770,-4.288998,95.933388,18.388878,-0.011036,0.939973,0.023038,0.340291,-4.742660,114.263000,23.582878,0.054437,0.972359,-0.060038,0.218974,-5.399322,132.266266,24.228228,0.042871,0.979676,-0.182985,0.070094,-2.856882,145.489151,21.380270,-0.077352,0.880613,0.223728,0.410467,-8.527194,126.818718,22.359476,0.203919,-0.563483,-0.065695,-0.797865,-19.402821,127.611031,9.705351,0.065163,-0.106114,-0.497953,-0.858217,-11.106241,124.701202,-11.853394,0.066426,0.237346,-0.532486,-0.809761,0.473580,144.921036,-17.793617,-0.115513,0.972965,0.116347,0.162660,-3.119509,126.854393,26.866606,0.359361,0.787982,0.135806,-0.481146,12.255080,129.976944,32.602951,0.172348,0.070595,0.471790,-0.861816,18.744341,119.833771,12.675953,0.181557,-0.247017,0.680406,-0.665633,7.221934,136.516617,6.662923,0.025692,0.956935,0.147507,0.248712,-12.434631,89.172714,14.189034,0.059985,0.962758,0.027241,0.262214,-11.594911,56.033134,3.950851,0.027857,0.955115,-0.110306,0.273519,-16.120464,11.709154,0.199021,-0.081231,0.962815,-0.068544,0.248375,2.540864,88.335899,23.421562,0.005827,0.986009,-0.132982,0.100338,6.786603,54.424591,29.401001,0.029374,0.876184,-0.091130,0.472372,5.079594,11.296925,41.074162,0.027857,0.955115,-0.110306,0.273519,-9.949891,3.148574,-9.593672,0.029374,0.876184,-0.091130,0.472372,15.155829,3.201740,34.734310
861,7.175000,0.036020,0.961023,-0.040140,0.271156,-4.952635,88.753105,18.807051,0.032973,0.937438,0.134156,0.319572,-4.295500,95.932274,18.390987,-0.011078,0.940056,0.023100,0.340058,-4.751449,114.260338,23.585554,0.054211,0.972462,-0.059982,0.218589,-5.410107,132.263489,24.232656,0.042642,0.979748,-0.182839,0.069611,-2.875660,145.487625,21.383480,-0.077398,0.880695,0.223961,0.410156,-8.538200,126.815674,22.365019,0.203786,-0.563511,-0.065483,-0.797896,-19.422113,127.607300,9.717984,0.064941,-0.105911,-0.498113,-0.858166,-11.125729,124.692940,-11.840217,0.066544,0.237421,-0.532052,-0.810015,0.448524,144.919891,-17.767021,-0.115362,0.973034,0.116287,0.162402,-3.128297,126.851692,26.869478,0.359974,0.787311,0.135347,-0.481914,12.250258,129.970901,32.596985,0.172396,0.070441,0.472463,-0.861450,18.684513,119.811020,12.660665,0.181370,-0.247537,0.680033,-0.665872,7.189577,136.509888,6.649265,0.025677,0.957056,0.147266,0.248391,-12.441126,89.171089,14.191958,0.059595,0.963068,0.027544,0.261134,-11.608066,56.026524,3.969391,0.027809,0.955319,-0.110129,0.272879,-16.097292,11.699864,0.205605,-0.081437,0.963020,-0.068388,0.247557,2.535856,88.335121,23.422142,0.006050,0.986060,-0.133128,0.099632,6.803046,54.424644,29.391020,0.028278,0.876377,-0.092299,0.471853,5.083456,11.300695,41.076046,0.027809,0.955319,-0.110129,0.272879,-9.939308,3.143473,-9.598661,0.028278,0.876377,-0.092299,0.471853,15.157011,3.193767,34.746952
862,7.183333,0.035974,0.961025,-0.040127,0.271159,-4.957040,88.750061,18.808861,0.032856,0.937495,0.134153,0.319417,-4.300595,95.929298,18.392807,-0.011098,0.940130,0.023089,0.339852,-4.759866,114.259041,23.586353,0.054228,0.972503,-0.060328,0.218307,-5.418942,132.262177,24.232969,0.042128,0.979885,-0.182358,0.069255,-2.883386,145.483978,21.373932,-0.077448,0.880859,0.224110,0.409713,-8.547640,126.814178,22.366934,0.203852,-0.563554,-0.065488,-0.797849,-19.443426,127.602623,9.729928,0.064773,-0.105715,-0.498135,-0.858190,-11.149283,124.686142,-11.828850,0.066288,0.237533,-0.531941,-0.810076,0.425921,144.916061,-17.743689,-0.115239,0.973078,0.116230,0.162266,-3.135768,126.850594,26.869028,0.360661,0.786702,0.135199,-0.482437,12.245217,129.966812,32.591637,0.172902,0.069966,0.472793,-0.861206,18.632933,119.791946,12.647995,0.181455,-0.248065,0.680098,-0.665585,7.148740,136.499435,6.642257,0.025668,0.956980,0.147315,0.248653,-12.445563,89.167336,14.193754,0.059766,0.962933,0.027520,0.261592,-11.608265,56.023746,3.968363,0.027803,0.955217,-0.110089,0.273255,-16.110909,11.698797,0.200525,-0.081506,0.963068,-0.068317,0.247366,2.531483,88.332794,23.423967,0.006309,0.985969,-0.133121,0.100518,6.805688,54.422432,29.388472,0.029161,0.875922,-0.091190,0.472857,5.052862,11.298591,41.068958,0.027803,0.955217,-0.110089,0.273255,-9.944380,3.143385,-9.599224,0.029161,0.875922,-0.091190,0.472857,15.138936,3.204906,34.742851
863,7.191667,0.035959,0.961034,-0.040149,0.271126,-4.963470,88.748779,18.811975,0.032756,0.937550,0.134207,0.319243,-4.307163,95.928001,18.395529,-0.011111,0.940207,0.023169,0.339634,-4.769686,114.255630,23.589321,0.054032,0.972627,-0.059732,0.217969,-5.430020,132.258636,24.238657,0.041972,0.979876,-0.182636,0.068747,-2.904511,145.485199,21.392818,-0.077290,0.880965,0.223926,0.409614,-8.559106,126.810600,22.373333,0.203775,-0.563771,-0.065622,-0.797704,-19.458420,127.600159,9.739441,0.064581,-0.105488,-0.498050,-0.858282,-11.176540,124.688194,-11.824661,0.066252,0.237616,-0.531577,-0.810293,0.405058,144.918472,-17.725746,-0.115112,0.973144,0.116185,0.161992,-3.145164,126.846886,26.872932,0.361333,0.786068,0.135015,-0.483017,12.239759,129.960556,32.586330,0.173348,0.069347,0.473284,-0.860897,18.578804,119.771240,12.634542,0.181884,-0.248511,0.680335,-0.665060,7.110784,136.493378,6.639847,0.025555,0.957141,0.147378,0.248007,-12.452327,89.165710,14.197382,0.059542,0.963031,0.027552,0.261278,-11.613310,56.023003,3.969296,0.027888,0.955311,-0.110062,0.272929,-16.097254,11.695820,0.205419,-0.081719,0.963219,-0.068391,0.246687,2.525386,88.331841,23.426569,0.006476,0.986008,-0.133069,0.100197,6.816607,54.424591,29.396544,0.028044,0.876071,-0.092195,0.472454,5.053308,11.299708,41.071621,0.027888,0.955311,-0.110062,0.272929,-9.938968,3.140441,-9.599538,0.028044,0.876071,-0.092195,0.472454,15.139996,3.198034,34.756733
864,7.200000,0.035913,0.961048,-0.040077,0.271090,-4.968060,88.747345,18.814051,0.032608,0.937608,0.134237,0.319073,-4.312684,95.926704,18.398399,-0.011126,0.940283,0.023198,0.339421,-4.779910,114.253761,23.591396,0.053913,0.972714,-0.059694,0.217617,-5.440964,132.256699,24.241667,0.041739,0.979955,-0.182437,0.068280,-2.920391,145.484009,21.394917,-0.077294,0.880982,0.224166,0.409446,-8.570587,126.808563,22.377567,0.203569,-0.563899,-0.065490,-0.797677,-19.474464,127.600006,9.747733,0.064308,-0.105364,-0.498061,-0.858311,-11.198489,124.687241,-11.818523,0.066009,0.237949,-0.531317,-0.810386,0.383820,144.920441,-17.708145,-0.115006,0.973186,0.116226,0.161782,-3.154610,126.844994,26.874718,0.361950,0.785540,0.135078,-0.483398,12.233398,129.955963,32.581261,0.173890,0.068731,0.473596,-0.860665,18.534542,119.756821,12.622492,0.182336,-0.248973,0.680382,-0.664715,7.076622,136.486847,6.638397,0.025579,0.957104,0.147372,0.248152,-12.457312,89.163879,14.200063,0.059495,0.963029,0.027579,0.261293,-11.618437,56.021137,3.972070,0.027529,0.955357,-0.110034,0.272816,-16.097609,11.693570,0.206905,-0.081673,0.963160,-0.068179,0.246990,2.521190,88.330811,23.428040,0.006330,0.985960,-0.133148,0.100575,6.811251,54.421032,29.384497,0.027876,0.876091,-0.092325,0.472402,5.055593,11.297854,41.067017,0.027529,0.955357,-0.110034,0.272816,-9.936625,3.141129,-9.598924,0.027876,0.876091,-0.092325,0.472402,15.142664,3.195427,34.753704
865,7.208333,0.035879,0.961056,-0.040057,0.271072,-4.973601,88.746094,18.817024,0.032497,0.937665,0.134241,0.318917,-4.318789,95.925507,18.401505,-0.011115,0.940358,0.023147,0.339215,-4.789139,114.252434,23.593304,0.053958,0.972753,-0.060018,0.217344,-5.449069,132.255478,24.242125,0.041287,0.980091,-0.181937,0.067945,-2.926722,145.480484,21.386295,-0.077260,0.881033,0.224369,0.409231,-8.579763,126.807297,22.379925,0.203362,-0.563945,-0.065168,-0.797723,-19.489697,127.600769,9.755445,0.064054,-0.105265,-0.498187,-0.858269,-11.214180,124.681160,-11.810069,0.065991,0.238057,-0.531210,-0.810426,0.363130,144.920120,-17.689724,-0.114893,0.973213,0.116218,0.161712,-3.161812,126.843903,26.874697,0.362345,0.785083,0.134838,-0.483911,12.227833,129.951614,32.578625,0.174170,0.068239,0.473935,-0.860461,18.492561,119.743515,12.612963,0.182734,-0.249324,0.680603,-0.664248,7.045258,136.484741,6.639185,0.025429,0.957091,0.147422,0.248189,-12.463078,89.162163,14.203355,0.059732,0.962846,0.027572,0.261914,-11.612992,56.019913,3.974702,0.027681,0.955248,-0.110048,0.273175,-16.110249,11.694858,0.201656,-0.081786,0.963116,-0.068095,0.247148,2.515875,88.330025,23.430693,0.006350,0.985951,-0.133138,0.100668,6.813926,54.420734,29.384125,0.027288,0.876140,-0.092487,0.472314,5.055511,11.297348,41.065456,0.027681,0.955248,-0.110048,0.273175,-9.943565,3.141151,-9.599487,0.027288,0.876140,-0.092487,0.472314,15.147570,3.198416,34.755630
866,7.216667,0.035543,0.961087,-0.039818,0.271039,-4.973517,88.738777,18.820038,0.032324,0.937716,0.134234,0.318787,-4.324305,95.918808,18.406485,-0.011156,0.940407,0.023240,0.339073,-4.800104,114.249313,23.596901,0.053714,0.972875,-0.059424,0.217019,-5.462451,132.252151,24.248463,0.041335,0.980077,-0.182189,0.067434,-2.951324,145.482086,21.405523,-0.077180,0.881075,0.224357,0.409163,-8.592914,126.803795,22.386433,0.203245,-0.564099,-0.065227,-0.797640,-19.505135,127.598831,9.764026,0.063776,-0.105191,-0.498123,-0.858336,-11.238058,124.682785,-11.805203,0.065563,0.238288,-0.530975,-0.810547,0.343033,144.922348,-17.675289,-0.114852,0.973249,0.116237,0.161508,-3.173619,126.840553,26.879585,0.362726,0.784606,0.134524,-0.484486,12.218536,129.947754,32.577003,0.174767,0.067461,0.474069,-0.860328,18.444475,119.730331,12.603990,0.183350,-0.249812,0.681515,-0.662959,6.995823,136.481110,6.644788,0.025576,0.957057,0.147360,0.248342,-12.463725,89.150337,14.207157,0.059484,0.963091,0.027663,0.261061,-11.622875,56.007339,3.980164,0.027694,0.955355,-0.109634,0.272965,-16.100100,11.680087,0.209074,-0.081651,0.962877,-0.068083,0.248126,2.516691,88.327209,23.432919,0.006105,0.985893,-0.133049,0.101370,6.799912,54.416267,29.387642,0.027117,0.876122,-0.092360,0.472381,5.055573,11.290500,41.062279,0.027694,0.955355,-0.109634,0.272965,-9.936300,3.135557,-9.601877,0.027117,0.876122,-0.092360,0.472381,15.151811,3.196269,34.753113
867,7.225000,0.035454,0.961095,-0.039713,0.271040,-4.978407,88.736435,18.822220,0.032185,0.937744,0.134274,0.318703,-4.330840,95.916687,18.409773,-0.011161,0.940445,0.023253,0.338966,-4.811613,114.246407,23.599751,0.053775,0.972927,-0.059329,0.216799,-5.474206,132.249222,24.251799,0.041085,0.980134,-0.182085,0.067037,-2.963019,145.479599,21.410961,-0.077223,0.881049,0.224560,0.409098,-8.604975,126.800827,22.390381,0.203074,-0.564205,-0.065140,-0.797616,-19.518740,127.596954,9.769379,0.063563,-0.105037,-0.498186,-0.858334,-11.256674,124.681107,-11.801802,0.065553,0.238344,-0.531111,-0.810442,0.322956,144.924789,-17.660563,-0.114594,0.973351,0.115740,0.161435,-3.184656,126.837624,26.882298,0.363061,0.784158,0.134189,-0.485053,12.210258,129.939804,32.575001,0.174724,0.067216,0.474431,-0.860156,18.399269,119.713684,12.594950,0.183148,-0.250027,0.681811,-0.662630,6.963010,136.477203,6.642977,0.025577,0.956982,0.147433,0.248587,-12.468718,89.147003,14.209414,0.059806,0.962791,0.027576,0.262098,-11.623994,56.005489,3.977906,0.027289,0.955203,-0.109653,0.273529,-16.126791,11.681241,0.201933,-0.081746,0.962846,-0.068028,0.248228,2.511904,88.325874,23.435026,0.006103,0.985883,-0.133037,0.101480,6.801762,54.415489,29.388151,0.028454,0.876000,-0.091264,0.472743,5.056439,11.289424,41.061546,0.027289,0.955203,-0.109653,0.273529,-9.944970,3.138962,-9.599641,0.028454,0.876000,-0.091264,0.472743,15.149261,3.202452,34.737617
868,7.233333,0.035398,0.961101,-0.039696,0.271028,-4.982605,88.734673,18.824615,0.032094,0.937767,0.134303,0.318630,-4.335874,95.915001,18.412178,-0.011193,0.940473,0.023353,0.338881,-4.819834,114.243973,23.601950,0.053567,0.972982,-0.059185,0.216642,-5.484674,132.246582,24.257032,0.040966,0.980168,-0.181994,0.066861,-2.980464,145.478699,21.418179,-0.077261,0.881086,0.224619,0.408981,-8.615060,126.798080,22.395292,0.202655,-0.564299,-0.064953,-0.797671,-19.531839,127.592934,9.776815,0.063205,-0.105072,-0.498240,-0.858325,-11.273602,124.680435,-11.796281,0.065362,0.238483,-0.531088,-0.810432,0.303094,144.927826,-17.648052,-0.114643,0.973356,0.115713,0.161388,-3.193943,126.834869,26.886246,0.363418,0.783760,0.134166,-0.485435,12.201118,129.938980,32.577507,0.175168,0.066699,0.474602,-0.860012,18.360796,119.708443,12.590655,0.183488,-0.250392,0.682360,-0.661831,6.927804,136.478882,6.647367,0.025527,0.957056,0.147342,0.248361,-12.473104,89.144394,14.212038,0.059765,0.962802,0.027669,0.262060,-11.629058,56.000858,3.987043,0.027217,0.955236,-0.109600,0.273442,-16.126316,11.676640,0.204208,-0.081932,0.963025,-0.067916,0.247501,2.507895,88.324951,23.437195,0.006130,0.985930,-0.133261,0.100728,6.816575,54.415627,29.382769,0.027451,0.876376,-0.092419,0.471879,5.075742,11.294913,41.076607,0.027217,0.955236,-0.109600,0.273442,-9.945173,3.136009,-9.599229,0.027451,0.876376,-0.092419,0.471879,15.159455,3.195235,34.754402
869,7.241667,0.035312,0.961107,-0.039637,0.271028,-4.984652,88.734230,18.826664,0.031872,0.937823,0.134322,0.318480,-4.339349,95.914719,18.414690,-0.011255,0.940539,0.023432,0.338690,-4.830615,114.243607,23.602421,0.053540,0.973018,-0.059042,0.216527,-5.498410,132.246048,24.259542,0.040841,0.980190,-0.181922,0.066808,-2.996229,145.479233,21.423864,-0.077264,0.881162,0.224577,0.408838,-8.628571,126.797165,22.398527,0.202606,-0.564312,-0.065072,-0.797664,-19.549231,127.590050,9.783298,0.063127,-0.104986,-0.498251,-0.858335,-11.292390,124.683083,-11.791070,0.065270,0.238575,-0.531025,-0.810454,0.284647,144.931824,-17.637495,-0.114545,0.973359,0.115757,0.161407,-3.205654,126.834473,26.887299,0.363773,0.783490,0.134426,-0.485533,12.189939,129.935104,32.578995,0.175467,0.066444,0.474746,-0.859891,18.333132,119.702652,12.588061,0.183561,-0.250605,0.682347,-0.661744,6.905313,136.475708,6.647748,0.025527,0.957086,0.147285,0.248278,-12.475255,89.142769,14.214160,0.059705,0.962814,0.027722,0.262023,-11.633126,55.998051,3.992838,0.027249,0.955268,-0.109450,0.273387,-16.124115,11.673442,0.207077,-0.081806,0.962810,-0.067890,0.248386,2.505952,88.325699,23.439167,0.005907,0.985901,-0.133193,0.101116,6.801280,54.414703,29.384857,0.027563,0.876367,-0.092264,0.471921,5.076157,11.292148,41.074215,0.027249,0.955268,-0.109450,0.273387,-9.943925,3.135965,-9.599701,0.027563,0.876367,-0.092264,0.471921,15.160219,3.194386,34.750130
870,7.250000,0.035258,0.961114,-0.039563,0.271019,-4.988209,88.732994,18.826845,0.031796,0.937814,0.134451,0.318461,-4.343947,95.913612,18.415689,-0.011437,0.940531,0.023497,0.338702,-4.839345,114.239624,23.606518,0.053443,0.973040,-0.058921,0.216485,-5.514078,132.241791,24.263617,0.040815,0.980209,-0.181863,0.066706,-3.015305,145.476135,21.430367,-0.077393,0.881025,0.225098,0.408823,-8.642082,126.791718,22.402494,0.202561,-0.564403,-0.065243,-0.797598,-19.562487,127.588188,9.787265,0.063055,-0.104837,-0.498227,-0.858373,-11.311469,124.687729,-11.790213,0.065209,0.238732,-0.531000,-0.810428,0.268202,144.937195,-17.628887,-0.114665,0.973285,0.116152,0.161485,-3.219332,126.831116,26.891453,0.364017,0.783338,0.134509,-0.485571,12.174493,129.932938,32.587280,0.175470,0.066743,0.474957,-0.859751,18.307690,119.696281,12.595427,0.183171,-0.250690,0.681792,-0.662391,6.892363,136.468582,6.644194,0.025410,0.957168,0.147210,0.248020,-12.478965,89.140991,14.214537,0.059749,0.962791,0.027786,0.262092,-11.633166,55.994331,3.999811,0.027234,0.955255,-0.109375,0.273464,-16.126139,11.670509,0.207194,-0.081817,0.962814,-0.067895,0.248366,2.502547,88.324997,23.439154,0.006036,0.985846,-0.133143,0.101707,6.798633,54.414169,29.385250,0.027402,0.876129,-0.092173,0.472389,5.055585,11.290562,41.068054,0.027234,0.955255,-0.109375,0.273464,-9.943693,3.134809,-9.599712,0.027402,0.876129,-0.092173,0.472389,15.149673,3.196875,34.754745
871,7.258333,0.035229,0.961132,-0.039429,0.270979,-4.995556,88.736221,18.825943,0.031992,0.937817,0.134826,0.318274,-4.352237,95.917023,18.416502,-0.011827,0.940588,0.023348,0.338540,-4.843910,114.226791,23.619513,0.053223,0.973087,-0.058743,0.216374,-5.529975,132.228897,24.266933,0.040951,0.980227,-0.181755,0.066662,-3.038451,145.465240,21.436619,-0.077245,0.880922,0.225312,0.408955,-8.655083,126.775787,22.409811,0.202342,-0.564469,-0.065392,-0.797594,-19.572649,127.580772,9.792653,0.062907,-0.104797,-0.498271,-0.858362,-11.326024,124.690964,-11.787942,0.065200,0.238836,-0.530868,-0.810485,0.251921,144.942886,-17.621517,-0.114834,0.973279,0.116163,0.161391,-3.230915,126.821121,26.897005,0.364233,0.783119,0.134625,-0.485731,12.162645,129.928726,32.590427,0.175647,0.066463,0.475109,-0.859652,18.281322,119.691551,12.594382,0.183320,-0.250873,0.682003,-0.662064,6.870361,136.469238,6.648839,0.025413,0.957142,0.147147,0.248154,-12.486733,89.144394,14.214325,0.059693,0.962733,0.027826,0.262313,-11.640799,55.996460,4.003755,0.027122,0.955267,-0.109418,0.273417,-16.127184,11.672247,0.207918,-0.082116,0.963078,-0.067966,0.247222,2.495621,88.328041,23.437559,0.006344,0.985947,-0.133069,0.100801,6.817381,54.421295,29.388332,0.027478,0.876095,-0.092323,0.472418,5.058550,11.296269,41.063545,0.027122,0.955267,-0.109418,0.273417,-9.944403,3.136312,-9.598579,0.027478,0.876095,-0.092323,0.472418,15.151005,3.198576,34.752750
872,7.266667,0.035059,0.961132,-0.039311,0.271019,-4.995347,88.733643,18.826408,0.031424,0.937810,0.134420,0.318523,-4.354828,95.914749,18.417953,-0.011113,0.940510,0.023815,0.338749,-4.863815,114.254013,23.606607,0.053092,0.973084,-0.058998,0.216351,-5.531484,132.255905,24.278429,0.040820,0.980253,-0.181653,0.066637,-3.042096,145.491058,21.440613,-0.077721,0.881064,0.224987,0.408737,-8.661489,126.808594,22.412579,0.202198,-0.564542,-0.065107,-0.797602,-19.582535,127.593140,9.797155,0.062708,-0.104882,-0.498324,-0.858336,-11.338011,124.695862,-11.783229,0.065063,0.238903,-0.530619,-0.810639,0.236551,144.950073,-17.615541,-0.114313,0.973300,0.116349,0.161502,-3.239093,126.842163,26.902008,0.364396,0.782928,0.134497,-0.485952,12.157254,129.931458,32.597832,0.175758,0.066339,0.475201,-0.859588,18.260353,119.690063,12.599191,0.183341,-0.251054,0.681934,-0.662061,6.852558,136.470169,6.655516,0.025263,0.957251,0.147070,0.247797,-12.486353,89.139473,14.214314,0.059980,0.962598,0.027883,0.262736,-11.635631,55.989437,4.010958,0.026960,0.955148,-0.109344,0.273877,-16.143618,11.668578,0.201569,-0.082093,0.963090,-0.067941,0.247190,2.495659,88.327812,23.438503,0.006314,0.985935,-0.133035,0.100963,6.816525,54.420555,29.387045,0.027562,0.876023,-0.092167,0.472578,5.058751,11.294683,41.059303,0.026960,0.955148,-0.109344,0.273877,-9.948102,3.135413,-9.599294,0.027562,0.876023,-0.092167,0.472578,15.153757,3.199328,34.749603
873,7.275000,0.035008,0.961115,-0.039258,0.271091,-5.001306,88.733414,18.827988,0.031426,0.937784,0.134469,0.318579,-4.361670,95.914635,18.420124,-0.011200,0.940483,0.023851,0.338818,-4.871451,114.251541,23.609972,0.053035,0.973081,-0.058908,0.216404,-5.542569,132.253311,24.281889,0.040807,0.980265,-0.181573,0.066676,-3.054936,145.489258,21.446253,-0.077924,0.880955,0.225465,0.408671,-8.671280,126.805435,22.415504,0.201933,-0.564542,-0.065058,-0.797674,-19.593075,127.590324,9.800753,0.062451,-0.104980,-0.498389,-0.858305,-11.348229,124.698425,-11.780230,0.064938,0.238805,-0.530423,-0.810806,0.222223,144.955582,-17.610508,-0.114420,0.973263,0.116299,0.161687,-3.249568,126.839958,26.905758,0.364498,0.782794,0.134502,-0.486091,12.143962,129.932144,32.607628,0.175917,0.066170,0.475274,-0.859528,18.237328,119.690277,12.606263,0.183509,-0.251180,0.682119,-0.661776,6.831125,136.473236,6.664949,0.025373,0.957226,0.146952,0.247953,-12.491681,89.138573,14.214808,0.059626,0.962873,0.027958,0.261798,-11.648620,55.986511,4.017400,0.027049,0.955319,-0.109074,0.273380,-16.128120,11.662233,0.214190,-0.082128,0.963060,-0.067843,0.247322,2.489068,88.328247,23.441166,0.006243,0.985929,-0.133046,0.101013,6.813122,54.420464,29.384371,0.027517,0.876013,-0.092221,0.472589,5.060866,11.294762,41.058064,0.027049,0.955319,-0.109074,0.273380,-9.943541,3.134474,-9.598277,0.027517,0.876013,-0.092221,0.472589,15.156216,3.198822,34.749664
874,7.283333,0.034895,0.961098,-0.039100,0.271192,-5.004766,88.731468,18.829338,0.031212,0.937772,0.134561,0.318595,-4.367262,95.912979,18.423281,-0.010974,0.940498,0.023837,0.338785,-4.886088,114.255104,23.615398,0.052883,0.973096,-0.058878,0.216383,-5.549348,132.257080,24.289646,0.040838,0.980261,-0.181553,0.066774,-3.065975,145.493774,21.453814,-0.078268,0.880908,0.225501,0.408687,-8.680577,126.810791,22.422836,0.201758,-0.564579,-0.065162,-0.797683,-19.600143,127.586296,9.805568,0.062307,-0.105015,-0.498430,-0.858287,-11.357882,124.702515,-11.777496,0.064858,0.238827,-0.530316,-0.810876,0.210237,144.961578,-17.605772,-0.114759,0.973195,0.116478,0.161725,-3.258472,126.842407,26.912638,0.364704,0.782660,0.134110,-0.486260,12.132057,129.944229,32.617382,0.175868,0.066303,0.475465,-0.859423,18.210798,119.689331,12.618245,0.183277,-0.251215,0.682028,-0.661920,6.813565,136.475372,6.672284,0.025409,0.957205,0.146911,0.248054,-12.494323,89.135399,14.214720,0.059616,0.962810,0.027954,0.262034,-11.653291,55.982643,4.019396,0.027008,0.955310,-0.108946,0.273467,-16.131159,11.658239,0.215691,-0.082174,0.963084,-0.067805,0.247225,2.484789,88.327538,23.443956,0.006241,0.985942,-0.133072,0.100856,6.813187,54.419933,29.385006,0.027508,0.876053,-0.092185,0.472521,5.062773,11.294863,41.061302,0.027008,0.955310,-0.108946,0.273467,-9.943487,3.133641,-9.597579,0.027508,0.876053,-0.092185,0.472521,15.157461,3.199748,34.750782
875,7.291667,0.034950,0.961077,-0.039068,0.271261,-5.010902,88.732346,18.830059,0.031110,0.937748,0.134648,0.318639,-4.372731,95.913841,18.424709,-0.011107,0.940476,0.023888,0.338836,-4.896441,114.253494,23.618122,0.052609,0.973107,-0.058535,0.216490,-5.564869,132.255280,24.292418,0.041159,0.980224,-0.181584,0.067031,-3.090104,145.495224,21.464243,-0.078242,0.880833,0.225619,0.408788,-8.694338,126.808121,22.425201,0.201836,-0.564587,-0.065436,-0.797635,-19.611286,127.586952,9.805883,0.062368,-0.104878,-0.498376,-0.858331,-11.371144,124.711082,-11.779034,0.064831,0.238961,-0.530190,-0.810921,0.200950,144.969055,-17.603189,-0.114815,0.973158,0.116331,0.162012,-3.272772,126.841232,26.915640,0.364738,0.782628,0.134312,-0.486231,12.114207,129.944427,32.629189,0.175841,0.066305,0.475483,-0.859418,18.193081,119.693222,12.628210,0.183136,-0.251170,0.682092,-0.661910,6.796576,136.479980,6.682545,0.025305,0.957232,0.146835,0.248004,-12.499722,89.137299,14.214343,0.059603,0.962855,0.028035,0.261862,-11.653679,55.982613,4.025707,0.026997,0.955316,-0.108963,0.273441,-16.129166,11.658472,0.216149,-0.082203,0.963087,-0.067760,0.247215,2.477919,88.327393,23.445776,0.006191,0.985940,-0.133068,0.100885,6.809087,54.419685,29.384247,0.027763,0.876019,-0.091965,0.472612,5.062746,11.294455,41.060558,0.026997,0.955316,-0.108963,0.273441,-9.942002,3.133556,-9.597160,0.027763,0.876019,-0.091965,0.472612,15.157199,3.200953,34.747593
876,7.300000,0.034852,0.961056,-0.039028,0.271357,-5.014172,88.731697,18.832657,0.031040,0.937703,0.134689,0.318762,-4.377479,95.913338,18.427538,-0.011245,0.940416,0.023958,0.338994,-4.904878,114.252533,23.621407,0.052440,0.973076,-0.058425,0.216700,-5.578948,132.254074,24.296293,0.041324,0.980201,-0.181554,0.067354,-3.108284,145.495316,21.470650,-0.078166,0.880837,0.225402,0.408913,-8.706141,126.806068,22.427759,0.201713,-0.564507,-0.065471,-0.797720,-19.620085,127.585091,9.805849,0.062324,-0.104858,-0.498483,-0.858275,-11.375919,124.714783,-11.778275,0.064868,0.238998,-0.530331,-0.810815,0.191259,144.976105,-17.600580,-0.114892,0.973088,0.116601,0.162183,-3.286119,126.840607,26.920050,0.364688,0.782654,0.134463,-0.486184,12.098427,129.943924,32.640091,0.175710,0.066406,0.475532,-0.859410,18.181124,119.697212,12.637960,0.182948,-0.251152,0.682074,-0.661987,6.787232,136.485001,6.691025,0.025328,0.957232,0.146839,0.247998,-12.502202,89.135101,14.215522,0.059562,0.962827,0.028021,0.261977,-11.657679,55.980598,4.026197,0.027056,0.955326,-0.108790,0.273469,-16.129494,11.655953,0.218277,-0.082222,0.963128,-0.067719,0.247057,2.473858,88.328293,23.449793,0.006175,0.985933,-0.133042,0.100980,6.808007,54.420425,29.385132,0.028825,0.875883,-0.090983,0.472992,5.062222,11.294544,41.059155,0.027056,0.955326,-0.108790,0.273469,-9.941727,3.134528,-9.597681,0.028825,0.875883,-0.090983,0.472992,15.156240,3.209199,34.735058
877,7.308333,0.034831,0.961023,-0.038946,0.271485,-5.017819,88.732491,18.831951,0.031007,0.937654,0.134828,0.318850,-4.381683,95.914238,18.427969,-0.011410,0.940373,0.024041,0.339102,-4.912428,114.250061,23.625685,0.052421,0.973039,-0.058335,0.216898,-5.593195,132.251328,24.301275,0.041431,0.980185,-0.181512,0.067637,-3.122645,145.493225,21.478533,-0.078403,0.880615,0.225885,0.409079,-8.717962,126.802277,22.431732,0.201589,-0.564503,-0.065534,-0.797749,-19.626114,127.582764,9.804911,0.062273,-0.104706,-0.498590,-0.858235,-11.382143,124.718178,-11.780045,0.065064,0.239025,-0.530471,-0.810700,0.181434,144.983673,-17.594975,-0.115010,0.973043,0.116679,0.162313,-3.299030,126.838562,26.925322,0.364709,0.782679,0.134596,-0.486092,12.083197,129.944626,32.650101,0.175578,0.066481,0.475610,-0.859388,18.169365,119.699181,12.648381,0.182806,-0.250993,0.682137,-0.662022,6.778668,136.489761,6.700623,0.025369,0.957198,0.146752,0.248177,-12.504643,89.135818,14.212854,0.059564,0.962781,0.028074,0.262139,-11.662398,55.979683,4.028644,0.026749,0.955305,-0.108889,0.273532,-16.132502,11.655322,0.215353,-0.082258,0.963105,-0.067667,0.247150,2.469004,88.329155,23.451046,0.006070,0.985904,-0.133015,0.101311,6.805840,54.421211,29.383997,0.027717,0.876007,-0.091933,0.472643,5.065601,11.294580,41.056068,0.026749,0.955305,-0.108889,0.273532,-9.939522,3.133683,-9.597133,0.027717,0.876007,-0.091933,0.472643,15.161356,3.202301,34.743626
878,7.316667,0.034767,0.960987,-0.038866,0.271632,-5.023821,88.731735,18.834915,0.031045,0.937623,0.135354,0.318715,-4.388815,95.913643,18.431883,-0.012120,0.940412,0.023701,0.338994,-4.923292,114.222458,23.642454,0.052678,0.972998,-0.058032,0.217100,-5.623907,132.223709,24.297907,0.041672,0.980177,-0.181394,0.067924,-3.147381,145.466644,21.485275,-0.077620,0.880474,0.225718,0.409625,-8.742978,126.769089,22.435089,0.201931,-0.564308,-0.066084,-0.797755,-19.640297,127.574799,9.800487,0.062490,-0.104406,-0.498633,-0.858230,-11.389456,124.723518,-11.783619,0.065055,0.239075,-0.530574,-0.810618,0.175048,144.990509,-17.591501,-0.115255,0.972990,0.116588,0.162527,-3.323244,126.816437,26.927614,0.364279,0.782917,0.134851,-0.485959,12.054786,129.929901,32.659672,0.175120,0.066703,0.475678,-0.859426,18.161560,119.700989,12.655757,0.182676,-0.251000,0.682071,-0.662124,6.774513,136.495010,6.708325,0.025319,0.957199,0.146764,0.248173,-12.509322,89.134247,14.213598,0.059636,0.962675,0.028057,0.262513,-11.663650,55.978180,4.029454,0.026591,0.955270,-0.108879,0.273672,-16.138851,11.654511,0.214130,-0.082328,0.963108,-0.067571,0.247144,2.461682,88.329224,23.456234,0.006120,0.985931,-0.133067,0.100976,6.804874,54.421169,29.383892,0.028820,0.875930,-0.090955,0.472909,5.063706,11.295835,41.060604,0.026591,0.955270,-0.108879,0.273672,-9.940520,3.134149,-9.596092,0.028820,0.875930,-0.090955,0.472909,15.156710,3.211076,34.734123
879,7.325000,0.034672,0.960951,-0.038760,0.271788,-5.025653,88.730942,18.834883,0.031087,0.937511,0.134645,0.319338,-4.392323,95.913063,18.433052,-0.011809,0.940134,0.024489,0.339718,-4.920517,114.245941,23.623728,0.052341,0.972917,-0.058446,0.217435,-5.620732,132.246094,24.309135,0.041621,0.980175,-0.181340,0.068125,-3.149212,145.487457,21.484800,-0.078235,0.880628,0.225698,0.409187,-8.737395,126.794937,22.432194,0.201596,-0.564239,-0.065852,-0.797908,-19.643475,127.578590,9.803774,0.062336,-0.104510,-0.498820,-0.858120,-11.387585,124.728561,-11.778551,0.065173,0.239165,-0.530417,-0.810685,0.166903,145.001083,-17.587042,-0.115938,0.972839,0.116844,0.162757,-3.324479,126.834122,26.933006,0.364883,0.782919,0.134755,-0.485530,12.045759,129.966904,32.675392,0.175557,0.067046,0.475790,-0.859249,18.151443,119.711098,12.684934,0.182409,-0.250798,0.682060,-0.662286,6.772150,136.499847,6.716660,0.025432,0.957150,0.146703,0.248384,-12.509778,89.132217,14.211236,0.059582,0.962667,0.028058,0.262556,-11.670401,55.975319,4.029292,0.026659,0.955277,-0.108720,0.273707,-16.140799,11.651075,0.215010,-0.082351,0.963089,-0.067554,0.247214,2.458472,88.329666,23.458530,0.006097,0.985927,-0.133038,0.101056,6.803083,54.421722,29.385811,0.028786,0.875919,-0.090931,0.472936,5.063266,11.295673,41.060089,0.026659,0.955277,-0.108720,0.273707,-9.941910,3.133844,-9.597571,0.028786,0.875919,-0.090931,0.472936,15.157289,3.211819,34.734100
880,7.333333,0.034592,0.960909,-0.038654,0.271961,-5.028219,88.730499,18.834116,0.030892,0.937496,0.135526,0.319030,-4.396332,95.912819,18.433554,-0.012381,0.940268,0.023935,0.339366,-4.939981,114.215698,23.646790,0.052675,0.972884,-0.058169,0.217575,-5.652555,132.216309,24.306686,0.041826,0.980165,-0.181192,0.068533,-3.173193,145.458267,21.492035,-0.077654,0.880303,0.225823,0.409929,-8.766662,126.760231,22.439844,0.201727,-0.563986,-0.066180,-0.798027,-19.655476,127.569115,9.798126,0.062511,-0.104245,-0.498959,-0.858059,-11.388295,124.730621,-11.781402,0.065329,0.239267,-0.530642,-0.810495,0.162164,145.007339,-17.583235,-0.116214,0.972799,0.116818,0.162820,-3.350574,126.809776,26.936737,0.364490,0.783244,0.135198,-0.485178,12.016850,129.951279,32.681900,0.175287,0.066998,0.475653,-0.859383,18.151777,119.712067,12.691885,0.182570,-0.250548,0.682422,-0.661962,6.765073,136.502014,6.730555,0.025249,0.957434,0.146846,0.247222,-12.510782,89.130798,14.207855,0.059618,0.962567,0.027912,0.262929,-11.669115,55.976139,4.018767,0.026639,0.955236,-0.108724,0.273849,-16.144579,11.651548,0.214444,-0.082396,0.963033,-0.067468,0.247438,2.454344,88.330208,23.460377,0.006110,0.985948,-0.133070,0.100802,6.802045,54.421974,29.383677,0.028839,0.875928,-0.090857,0.472930,5.063816,11.296699,41.061050,0.026639,0.955236,-0.108724,0.273849,-9.942308,3.134383,-9.596057,0.028839,0.875928,-0.090857,0.472930,15.157636,3.213759,34.733562
881,7.341667,0.034587,0.960864,-0.038513,0.272142,-5.033176,88.730194,18.832029,0.030496,0.937392,0.135124,0.319543,-4.401839,95.912674,18.433525,-0.011991,0.940059,0.024536,0.339916,-4.958205,114.243683,23.634237,0.051241,0.972850,-0.058546,0.217968,-5.665298,132.243591,24.318865,0.042837,0.980041,-0.181209,0.069623,-3.219656,145.488174,21.487064,-0.078322,0.880255,0.225730,0.409953,-8.779160,126.791252,22.440729,0.201977,-0.563818,-0.066145,-0.798085,-19.663815,127.579544,9.794124,0.062683,-0.104044,-0.499043,-0.858022,-11.387570,124.734940,-11.781131,0.065439,0.239319,-0.530834,-0.810345,0.160901,145.013962,-17.578878,-0.115803,0.972854,0.116600,0.162938,-3.368193,126.832535,26.943865,0.364608,0.783341,0.134919,-0.485010,12.001136,129.961609,32.690723,0.174617,0.067790,0.476074,-0.859225,18.139626,119.709099,12.708618,0.181332,-0.250592,0.681878,-0.662846,6.773641,136.508255,6.728970,0.025231,0.957348,0.146802,0.247582,-12.514016,89.130928,14.203018,0.059893,0.962268,0.027894,0.263962,-11.668133,55.975330,4.017364,0.026389,0.955083,-0.108812,0.274372,-16.163462,11.653590,0.203325,-0.082466,0.962982,-0.067449,0.247620,2.447664,88.329460,23.461040,0.005864,0.985975,-0.133069,0.100552,6.799207,54.421841,29.385084,0.028988,0.876125,-0.090853,0.472557,5.085663,11.296284,41.065060,0.026389,0.955083,-0.108812,0.274372,-9.946600,3.136139,-9.597689,0.028988,0.876125,-0.090853,0.472557,15.171784,3.211474,34.727692
882,7.350000,0.034533,0.960805,-0.038375,0.272376,-5.037288,88.728020,18.832382,0.030599,0.937316,0.135711,0.319508,-4.407135,95.910713,18.435730,-0.012645,0.940063,0.024139,0.339911,-4.966196,114.212524,23.651670,0.051408,0.972784,-0.058263,0.218296,-5.690606,132.212555,24.314837,0.042932,0.980037,-0.181033,0.070082,-3.240695,145.458359,21.492481,-0.077893,0.880107,0.225978,0.410217,-8.799170,126.754990,22.443104,0.202094,-0.563439,-0.066671,-0.798279,-19.678843,127.561676,9.793374,0.062933,-0.103738,-0.499186,-0.857958,-11.386006,124.737717,-11.778217,0.066084,0.238825,-0.530929,-0.810377,0.158679,145.020752,-17.569429,-0.116195,0.972745,0.116727,0.163219,-3.388385,126.806831,26.946350,0.364332,0.783589,0.135266,-0.484720,11.974834,129.946442,32.703781,0.173667,0.068581,0.476321,-0.859218,18.135834,119.705795,12.722522,0.180188,-0.250176,0.681397,-0.663809,6.783617,136.511734,6.731094,0.025407,0.957221,0.146684,0.248126,-12.515950,89.128319,14.199818,0.059548,0.962526,0.027905,0.263096,-11.678006,55.970936,4.019303,0.026479,0.955279,-0.108547,0.273787,-16.146955,11.645567,0.216440,-0.082530,0.962941,-0.067411,0.247766,2.441374,88.327728,23.464949,0.005978,0.985895,-0.133042,0.101371,6.796993,54.420502,29.388205,0.028835,0.875925,-0.090700,0.472966,5.063930,11.294424,41.063374,0.026479,0.955279,-0.108547,0.273787,-9.943007,3.133399,-9.597337,0.028835,0.875925,-0.090700,0.472966,15.159516,3.214823,34.734440
883,7.358333,0.034610,0.960754,-0.038383,0.272545,-5.045421,88.728966,18.833559,0.030496,0.937176,0.134977,0.320237,-4.414104,95.911568,18.437210,-0.012036,0.939766,0.024699,0.340713,-4.972504,114.243576,23.632198,0.051141,0.972661,-0.058811,0.218760,-5.683712,132.243164,24.321184,0.042738,0.980066,-0.180760,0.070494,-3.235610,145.486237,21.484480,-0.078959,0.880096,0.226203,0.409914,-8.793489,126.790894,22.436085,0.201993,-0.563419,-0.066319,-0.798348,-19.675890,127.567062,9.786786,0.062953,-0.103603,-0.499286,-0.857915,-11.379799,124.733055,-11.782238,0.065904,0.239678,-0.531123,-0.810012,0.161448,145.019485,-17.568447,-0.116267,0.972617,0.116890,0.163814,-3.390175,126.831665,26.948410,0.364727,0.783588,0.135182,-0.484448,11.965999,129.969894,32.725368,0.173821,0.068992,0.476450,-0.859082,18.125841,119.711258,12.752984,0.179834,-0.249688,0.681584,-0.663897,6.782474,136.513824,6.743604,0.025477,0.957107,0.146631,0.248588,-12.522362,89.130371,14.198311,0.059499,0.962469,0.027917,0.263315,-11.685027,55.972160,4.020462,0.026388,0.955286,-0.108526,0.273779,-16.148603,11.646324,0.216728,-0.082634,0.962872,-0.067325,0.248024,2.431521,88.327560,23.468809,0.005794,0.985793,-0.132911,0.102533,6.793937,54.420704,29.389208,0.028747,0.875856,-0.090707,0.473099,5.064558,11.291322,41.052704,0.026388,0.955286,-0.108526,0.273779,-9.943461,3.135214,-9.597214,0.028747,0.875856,-0.090707,0.473099,15.163287,3.212687,34.727551
884,7.366667,0.034531,0.960695,-0.038275,0.272778,-5.046342,88.727745,18.831287,0.030341,0.937087,0.135125,0.320452,-4.416454,95.910553,18.436270,-0.012117,0.939676,0.024836,0.340947,-4.983497,114.243996,23.635185,0.051163,0.972599,-0.058308,0.219168,-5.699297,132.243271,24.327652,0.042721,0.979972,-0.181089,0.070967,-3.251620,145.489532,21.505529,-0.079041,0.880064,0.225658,0.410267,-8.806838,126.790665,22.439825,0.202059,-0.563179,-0.066535,-0.798483,-19.679113,127.559708,9.781403,0.063127,-0.103195,-0.499424,-0.857870,-11.371777,124.734673,-11.784458,0.066583,0.239408,-0.531148,-0.810020,0.166873,145.026108,-17.558237,-0.116063,0.972578,0.116793,0.164256,-3.405807,126.831749,26.954872,0.364589,0.783716,0.135367,-0.484293,11.947094,129.962021,32.744808,0.173475,0.069287,0.476604,-0.859043,18.118595,119.709435,12.772921,0.179619,-0.249324,0.681696,-0.663976,6.781992,136.517365,6.758200,0.025691,0.956955,0.146531,0.249210,-12.521139,89.128128,14.192501,0.059495,0.962373,0.027888,0.263668,-11.693157,55.968636,4.018059,0.026277,0.955241,-0.108439,0.273979,-16.155710,11.642614,0.215211,-0.082592,0.962833,-0.067324,0.248190,2.428454,88.327370,23.470074,0.005824,0.985986,-0.133088,0.100426,6.787097,54.420025,29.390503,0.028836,0.876144,-0.090708,0.472560,5.078392,11.294871,41.072689,0.026277,0.955241,-0.108439,0.273979,-9.944184,3.134210,-9.597034,0.028836,0.876144,-0.090708,0.472560,15.167596,3.214873,34.734093
885,7.375000,0.034498,0.960643,-0.038168,0.272981,-5.049316,88.728271,18.830149,0.030315,0.936990,0.135188,0.320709,-4.420222,95.911232,18.436613,-0.012077,0.939575,0.024823,0.341228,-4.990422,114.244553,23.637407,0.051390,0.972552,-0.057814,0.219454,-5.704915,132.243881,24.329702,0.042409,0.979965,-0.181168,0.071052,-3.252780,145.492554,21.522770,-0.079238,0.880056,0.225610,0.410271,-8.811853,126.791611,22.439953,0.202040,-0.562959,-0.066455,-0.798649,-19.682985,127.554237,9.780155,0.063307,-0.103096,-0.499483,-0.857835,-11.363630,124.729324,-11.781098,0.066367,0.240270,-0.531185,-0.809758,0.173171,145.021759,-17.555103,-0.116624,0.972446,0.116680,0.164724,-3.413504,126.832115,26.958212,0.365010,0.783750,0.135357,-0.483924,11.929894,129.978897,32.764374,0.173566,0.069570,0.476855,-0.858862,18.103752,119.707809,12.802717,0.179375,-0.248984,0.681928,-0.663932,6.778962,136.518829,6.774527,0.025663,0.956945,0.146476,0.249284,-12.522204,89.128448,14.188269,0.059494,0.962407,0.027886,0.263545,-11.692577,55.967735,4.017918,0.026232,0.955242,-0.108414,0.273992,-16.155600,11.641696,0.215898,-0.082585,0.962744,-0.067287,0.248550,2.423573,88.328102,23.472029,0.005721,0.985973,-0.133046,0.100614,6.780172,54.420334,29.391502,0.028842,0.876136,-0.090659,0.472583,5.078691,11.294076,41.070644,0.026232,0.955242,-0.108414,0.273992,-9.943048,3.134149,-9.596441,0.028842,0.876136,-0.090659,0.472583,15.168548,3.215044,34.731857
886,7.383333,0.034486,0.960575,-0.038097,0.273230,-5.054643,88.728973,18.828886,0.030426,0.936882,0.135477,0.320893,-4.425893,95.912018,18.436457,-0.012773,0.939464,0.024874,0.341505,-4.996447,114.232971,23.645962,0.051619,0.972444,-0.057815,0.219875,-5.735351,132.231583,24.331198,0.042644,0.979951,-0.181031,0.071454,-3.275298,145.479370,21.527010,-0.079046,0.879700,0.225789,0.410974,-8.833833,126.774475,22.441490,0.202159,-0.562775,-0.066639,-0.798734,-19.686699,127.551437,9.766891,0.063379,-0.102537,-0.499514,-0.857878,-11.358795,124.732246,-11.791817,0.066974,0.239893,-0.531051,-0.809908,0.182055,145.028351,-17.544811,-0.116742,0.972395,0.116543,0.165039,-3.438390,126.823830,26.963139,0.364831,0.783996,0.135356,-0.483660,11.900620,129.973770,32.779182,0.173082,0.069813,0.476982,-0.858870,18.092464,119.703362,12.822744,0.179185,-0.248552,0.682130,-0.663938,6.774069,136.519028,6.794491,0.025689,0.956879,0.146392,0.249584,-12.525153,89.129082,14.183169,0.059505,0.962385,0.027879,0.263624,-11.695536,55.966747,4.018113,0.026075,0.955241,-0.108381,0.274022,-16.159338,11.640790,0.216009,-0.082613,0.962674,-0.067234,0.248823,2.415868,88.328873,23.474604,0.005592,0.985920,-0.132991,0.101208,6.773582,54.420929,29.392242,0.028818,0.876079,-0.090618,0.472698,5.076975,11.293242,41.066818,0.026075,0.955241,-0.108381,0.274022,-9.943782,3.135030,-9.595983,0.028818,0.876079,-0.090618,0.472698,15.169228,3.215402,34.730316
887,7.391667,0.034493,0.960517,-0.038048,0.273439,-5.057947,88.729782,18.828411,0.030595,0.936741,0.135298,0.321363,-4.429205,95.912872,18.436825,-0.013069,0.939237,0.025078,0.342102,-4.993962,114.230598,23.640526,0.051641,0.972310,-0.057588,0.220522,-5.745816,132.228561,24.328541,0.042460,0.979916,-0.181033,0.072029,-3.283581,145.477676,21.532560,-0.079029,0.879665,0.225862,0.411011,-8.838208,126.769783,22.433722,0.202021,-0.562420,-0.066406,-0.799038,-19.690130,127.548637,9.758430,0.063474,-0.102395,-0.499575,-0.857853,-11.342196,124.728630,-11.792427,0.066652,0.240854,-0.530979,-0.809696,0.197130,145.026596,-17.541882,-0.116951,0.972276,0.116446,0.165655,-3.448613,126.821808,26.962311,0.364983,0.784047,0.135361,-0.483461,11.881964,129.976212,32.798149,0.173692,0.069226,0.476930,-0.858823,18.077591,119.698250,12.846772,0.180171,-0.248573,0.683332,-0.662425,6.753129,136.514359,6.827785,0.025667,0.956910,0.146410,0.249456,-12.526435,89.130066,14.179455,0.059467,0.962349,0.027816,0.263770,-11.696426,55.968029,4.013468,0.026114,0.955267,-0.108389,0.273926,-16.157923,11.641356,0.217002,-0.082526,0.962499,-0.067251,0.249524,2.410541,88.329491,23.477367,0.005455,0.985950,-0.132938,0.101002,6.757884,54.420715,29.397873,0.027867,0.876197,-0.091394,0.472387,5.076247,11.291626,41.069447,0.026114,0.955267,-0.108389,0.273926,-9.945064,3.135145,-9.596312,0.027867,0.876197,-0.091394,0.472387,15.170119,3.208660,34.742069
888,7.400000,0.034466,0.960454,-0.037960,0.273677,-5.061392,88.728867,18.826746,0.030665,0.936630,0.135367,0.321650,-4.433270,95.912079,18.436415,-0.013130,0.939120,0.025031,0.342426,-4.998004,114.229630,23.643412,0.052205,0.972215,-0.057353,0.220870,-5.751587,132.227631,24.328844,0.042103,0.979927,-0.181039,0.072077,-3.274332,145.476181,21.543568,-0.079206,0.879570,0.225882,0.411169,-8.842283,126.768402,22.432508,0.201964,-0.562241,-0.066397,-0.799179,-19.688946,127.543747,9.752504,0.063485,-0.102018,-0.499622,-0.857870,-11.331575,124.727058,-11.795126,0.067206,0.240562,-0.530762,-0.809880,0.209220,145.028442,-17.529505,-0.116875,0.972102,0.116573,0.166637,-3.455835,126.821327,26.964825,0.365098,0.784003,0.135602,-0.483379,11.864424,129.968063,32.831814,0.173614,0.069558,0.477125,-0.858703,18.059837,119.691536,12.879626,0.179792,-0.248203,0.683682,-0.662306,6.745191,136.510162,6.849064,0.025710,0.956879,0.146343,0.249609,-12.527619,89.128914,14.174139,0.059443,0.962317,0.027795,0.263895,-11.699951,55.965679,4.011887,0.026180,0.955247,-0.108305,0.274020,-16.159382,11.638644,0.217228,-0.082284,0.962243,-0.067011,0.250655,2.404836,88.328819,23.479351,0.005036,0.985825,-0.132980,0.102175,6.733424,54.415035,29.384851,0.028029,0.876093,-0.091220,0.472603,5.074471,11.286548,41.061871,0.026180,0.955247,-0.108305,0.274020,-9.945003,3.133882,-9.596375,0.028029,0.876093,-0.091220,0.472603,15.170895,3.205395,34.736248
889,7.408333,0.034514,0.960379,-0.037891,0.273945,-5.066527,88.727982,18.825663,0.030295,0.936522,0.135602,0.321903,-4.437899,95.911224,18.436653,-0.012493,0.939073,0.024844,0.342591,-5.020672,114.243141,23.651770,0.051178,0.972221,-0.057638,0.221008,-5.750506,132.242065,24.338610,0.042498,0.979862,-0.181015,0.072782,-3.297942,145.492432,21.540113,-0.079865,0.879439,0.225673,0.411438,-8.847873,126.787125,22.440805,0.201827,-0.562111,-0.066151,-0.799326,-19.683636,127.542625,9.750295,0.063531,-0.101807,-0.499613,-0.857896,-11.317932,124.722054,-11.793587,0.067330,0.240978,-0.530690,-0.809793,0.225333,145.024170,-17.520445,-0.116912,0.972042,0.116405,0.167079,-3.462783,126.832474,26.974817,0.365525,0.784001,0.135489,-0.483091,11.852261,129.979401,32.855289,0.173709,0.069851,0.477409,-0.858503,18.046118,119.682991,12.912888,0.179568,-0.248263,0.683214,-0.662827,6.747342,136.501389,6.869712,0.025786,0.956733,0.146128,0.250286,-12.530115,89.128960,14.168909,0.059420,0.962320,0.027880,0.263878,-11.704139,55.961628,4.019886,0.026070,0.955268,-0.108207,0.273998,-16.159626,11.634776,0.218502,-0.082323,0.962164,-0.066889,0.250975,2.397060,88.327003,23.482414,0.004724,0.985641,-0.132890,0.104068,6.728429,54.412525,29.381939,0.027727,0.876047,-0.091296,0.472692,5.075392,11.281636,41.050945,0.026070,0.955268,-0.108207,0.273998,-9.943727,3.132932,-9.596660,0.027727,0.876047,-0.091296,0.472692,15.176514,3.202518,34.730236
890,7.416667,0.034491,0.960298,-0.037874,0.274234,-5.071846,88.726059,18.824932,0.030715,0.936310,0.135641,0.322463,-4.443481,95.909340,18.436264,-0.013292,0.938773,0.025045,0.343368,-5.014474,114.226807,23.653767,0.051285,0.972059,-0.057586,0.221708,-5.774415,132.224625,24.336901,0.042595,0.979845,-0.180910,0.073216,-3.316182,145.474869,21.542738,-0.079523,0.879213,0.225856,0.411886,-8.859775,126.764465,22.434578,0.202149,-0.561863,-0.066216,-0.799413,-19.685043,127.536514,9.736103,0.063831,-0.101321,-0.499568,-0.857958,-11.306793,124.712479,-11.802451,0.067015,0.242040,-0.530709,-0.809489,0.243388,145.014236,-17.516623,-0.117398,0.971946,0.116207,0.167434,-3.482483,126.819077,26.977736,0.365573,0.784190,0.135043,-0.482874,11.824794,129.981125,32.870316,0.173290,0.070317,0.477751,-0.858359,18.026815,119.668365,12.938899,0.179126,-0.248135,0.683312,-0.662894,6.743762,136.495346,6.884763,0.025778,0.956725,0.146083,0.250346,-12.532668,89.126495,14.163700,0.059449,0.962328,0.027862,0.263845,-11.706327,55.958206,4.017819,0.026129,0.955242,-0.108101,0.274124,-16.164818,11.631563,0.217496,-0.082265,0.962092,-0.066812,0.251294,2.388977,88.325623,23.486164,0.004844,0.985798,-0.133015,0.102403,6.715931,54.409767,29.381010,0.028731,0.876071,-0.090342,0.472772,5.070815,11.281943,41.062469,0.026129,0.955242,-0.108101,0.274124,-9.946476,3.131737,-9.597869,0.028731,0.876071,-0.090342,0.472772,15.167387,3.210920,34.724171
891,7.425000,0.034529,0.960220,-0.037818,0.274508,-5.076831,88.726082,18.823477,0.030746,0.936169,0.135753,0.322821,-4.448052,95.909386,18.435917,-0.013407,0.938620,0.025071,0.343778,-5.021292,114.225426,23.657413,0.051199,0.971962,-0.057701,0.222123,-5.785725,132.223083,24.339672,0.042624,0.979813,-0.180896,0.073658,-3.327224,145.472824,21.543360,-0.079755,0.879050,0.225818,0.412209,-8.868229,126.762238,22.434698,0.202725,-0.561682,-0.066401,-0.799379,-19.683367,127.529823,9.727322,0.064134,-0.100868,-0.499506,-0.858025,-11.296739,124.699257,-11.807124,0.066833,0.242471,-0.530634,-0.809425,0.260819,144.999985,-17.510048,-0.117223,0.971869,0.116228,0.167989,-3.494949,126.818062,26.982584,0.365770,0.784155,0.135288,-0.482712,11.807477,129.971848,32.892170,0.173359,0.070331,0.478044,-0.858181,18.010061,119.656960,12.962029,0.179258,-0.247677,0.684277,-0.662033,6.736001,136.495071,6.902802,0.025728,0.956779,0.146064,0.250156,-12.534964,89.127197,14.157999,0.059438,0.962300,0.027821,0.263954,-11.707648,55.958359,4.013990,0.026013,0.955255,-0.108112,0.274086,-16.165775,11.631396,0.216948,-0.082252,0.962020,-0.066748,0.251591,2.381302,88.324966,23.488956,0.004612,0.985698,-0.132932,0.103471,6.706728,54.408371,29.380655,0.028441,0.876066,-0.090439,0.472780,5.070205,11.278391,41.055344,0.026013,0.955255,-0.108112,0.274086,-9.946712,3.132077,-9.598404,0.028441,0.876066,-0.090439,0.472780,15.169901,3.208762,34.720238
892,7.433333,0.034601,0.960142,-0.037798,0.274777,-5.083422,88.725975,18.822657,0.030724,0.936008,0.135848,0.323250,-4.453617,95.909233,18.435837,-0.013354,0.938444,0.025075,0.344261,-5.031270,114.225624,23.660465,0.051160,0.971865,-0.057639,0.222572,-5.794313,132.223328,24.343119,0.042591,0.979780,-0.180921,0.074065,-3.335163,145.473557,21.549664,-0.079948,0.878903,0.225790,0.412500,-8.875498,126.762962,22.434633,0.202460,-0.561305,-0.066088,-0.799737,-19.681583,127.527092,9.719356,0.064132,-0.100778,-0.499507,-0.858035,-11.273339,124.696434,-11.806634,0.066858,0.242696,-0.530637,-0.809353,0.285061,144.997726,-17.505833,-0.117280,0.971794,0.115963,0.168566,-3.506873,126.817871,26.988020,0.366082,0.784177,0.135306,-0.482435,11.788621,129.972458,32.915089,0.173328,0.070756,0.478399,-0.857954,17.993002,119.644463,12.992300,0.178913,-0.247367,0.684551,-0.661959,6.735785,136.488022,6.916274,0.025849,0.956582,0.145867,0.251010,-12.538862,89.128181,14.152977,0.059411,0.962331,0.027911,0.263836,-11.713996,55.955780,4.020460,0.025949,0.955257,-0.108023,0.274121,-16.168125,11.628980,0.216836,-0.082299,0.962011,-0.066671,0.251629,2.372019,88.323769,23.492336,0.004574,0.985685,-0.132974,0.103543,6.701684,54.407001,29.379910,0.027480,0.876149,-0.091253,0.472525,5.067292,11.277988,41.058475,0.025949,0.955257,-0.108023,0.274121,-9.946981,3.132074,-9.599282,0.027480,0.876149,-0.091253,0.472525,15.169313,3.202587,34.734455
893,7.441667,0.034618,0.960050,-0.037773,0.275099,-5.089028,88.726334,18.822527,0.030713,0.935855,0.135896,0.323673,-4.458965,95.909599,18.436329,-0.013394,0.938271,0.025103,0.344729,-5.039888,114.222252,23.661331,0.051084,0.971767,-0.057609,0.223024,-5.804959,132.219864,24.344036,0.042634,0.979736,-0.180965,0.074509,-3.345936,145.470490,21.552408,-0.079992,0.878774,0.225725,0.412802,-8.883829,126.759361,22.432226,0.202608,-0.561004,-0.065984,-0.799920,-19.681358,127.523895,9.709703,0.064400,-0.100440,-0.499478,-0.858071,-11.256721,124.688927,-11.809310,0.067056,0.243062,-0.530581,-0.809264,0.306343,144.989639,-17.501087,-0.117777,0.971682,0.115682,0.169055,-3.519756,126.814461,26.990976,0.366498,0.784287,0.135209,-0.481966,11.766313,129.984451,32.934124,0.173381,0.071270,0.478609,-0.857784,17.977535,119.634247,13.024993,0.178399,-0.246886,0.684902,-0.661914,6.732685,136.476822,6.928645,0.025827,0.956554,0.145834,0.251139,-12.541324,89.128670,14.147839,0.059427,0.962311,0.027863,0.263912,-11.714213,55.955517,4.017940,0.025984,0.955237,-0.107949,0.274215,-16.170547,11.628646,0.217742,-0.082311,0.961947,-0.066505,0.251914,2.363268,88.324005,23.497215,0.004635,0.985630,-0.132991,0.104050,6.694979,54.405846,29.375240,0.027275,0.875981,-0.091152,0.472869,5.049062,11.277276,41.053818,0.025984,0.955237,-0.107949,0.274215,-9.947469,3.133208,-9.598421,0.027275,0.875981,-0.091152,0.472869,15.159792,3.206594,34.737690
894,7.450000,0.034445,0.960004,-0.037586,0.275305,-5.089862,88.720238,18.825600,0.030329,0.935774,0.136093,0.323862,-4.462852,95.903877,18.441429,-0.013296,0.938210,0.024942,0.344912,-5.061164,114.221642,23.670309,0.051161,0.971692,-0.057689,0.223316,-5.821067,132.219635,24.348658,0.042726,0.979687,-0.181046,0.074902,-3.358268,145.469421,21.556389,-0.080105,0.878552,0.225509,0.413370,-8.900848,126.759628,22.436893,0.203395,-0.560699,-0.066119,-0.799923,-19.682085,127.522751,9.700474,0.065066,-0.099872,-0.499476,-0.858088,-11.242351,124.675156,-11.810960,0.067410,0.243503,-0.530603,-0.809088,0.326290,144.974762,-17.495369,-0.117576,0.971650,0.115609,0.169431,-3.538515,126.814140,26.997698,0.366752,0.784366,0.135213,-0.481644,11.744888,129.976440,32.951797,0.173244,0.071688,0.479062,-0.857524,17.961910,119.613647,13.051020,0.178265,-0.246553,0.685005,-0.661968,6.737019,136.466125,6.939232,0.025864,0.956526,0.145875,0.251216,-12.540377,89.120384,14.147880,0.059687,0.961974,0.027834,0.265082,-11.714170,55.948196,4.014753,0.025721,0.955104,-0.107921,0.274714,-16.188883,11.623958,0.205531,-0.082262,0.961930,-0.066387,0.252027,2.360651,88.320091,23.503321,0.004465,0.985674,-0.133040,0.103576,6.690559,54.400288,29.373196,0.028238,0.876115,-0.090297,0.472727,5.064787,11.272753,41.058426,0.025721,0.955104,-0.107921,0.274714,-9.951041,3.130924,-9.603341,0.028238,0.876115,-0.090297,0.472727,15.167311,3.208429,34.721069
895,7.458333,0.034464,0.959915,-0.037518,0.275623,-5.093473,88.718048,18.825047,0.030423,0.935605,0.135932,0.324408,-4.466334,95.901741,18.442110,-0.013216,0.937982,0.025016,0.345527,-5.062334,114.221046,23.666170,0.051726,0.971550,-0.057660,0.223808,-5.820913,132.218994,24.347492,0.042207,0.979692,-0.181119,0.074955,-3.341249,145.466873,21.561108,-0.080379,0.878433,0.225737,0.413445,-8.898865,126.759781,22.430508,0.203399,-0.560441,-0.065873,-0.800122,-19.676559,127.518913,9.690862,0.065353,-0.099589,-0.499411,-0.858137,-11.221880,124.665092,-11.813869,0.067828,0.243815,-0.530639,-0.808935,0.352598,144.962692,-17.493538,-0.117756,0.971532,0.115331,0.170171,-3.542485,126.812622,26.998320,0.367170,0.784381,0.135183,-0.481309,11.731098,129.979004,32.975380,0.173432,0.072218,0.479425,-0.857238,17.948864,119.597916,13.084382,0.178100,-0.246221,0.685069,-0.662070,6.742229,136.452850,6.947937,0.025929,0.956518,0.145798,0.251286,-12.540876,89.118591,14.142418,0.059355,0.962310,0.027827,0.263937,-11.719587,55.945087,4.013221,0.026046,0.955279,-0.107683,0.274169,-16.170509,11.617270,0.217731,-0.082293,0.961914,-0.066284,0.252103,2.353930,88.317497,23.507675,0.004275,0.985686,-0.133121,0.103364,6.687267,54.397095,29.371595,0.028355,0.876339,-0.090286,0.472307,5.080001,11.271322,41.065880,0.026046,0.955279,-0.107683,0.274169,-9.948089,3.127368,-9.603636,0.028355,0.876339,-0.090286,0.472307,15.174569,3.205645,34.717594
896,7.466667,0.034531,0.959829,-0.037541,0.275911,-5.101468,88.716209,18.824800,0.030195,0.935480,0.136243,0.324659,-4.473198,95.899811,18.441998,-0.013220,0.937894,0.024931,0.345774,-5.082622,114.216591,23.674028,0.051061,0.971477,-0.057841,0.224231,-5.840446,132.214676,24.352268,0.042794,0.979573,-0.181226,0.075906,-3.375255,145.463699,21.558483,-0.080471,0.878176,0.225514,0.414095,-8.917725,126.755371,22.434477,0.203502,-0.560043,-0.065629,-0.800395,-19.676954,127.514313,9.679212,0.065648,-0.099392,-0.499342,-0.858178,-11.200009,124.653336,-11.815808,0.068086,0.244091,-0.530116,-0.809173,0.379714,144.948257,-17.494410,-0.117493,0.971516,0.115176,0.170546,-3.563748,126.808571,27.005104,0.367417,0.784477,0.135357,-0.480915,11.707644,129.965790,32.992615,0.173288,0.072663,0.479845,-0.856995,17.934597,119.575500,13.109297,0.177918,-0.245786,0.685162,-0.662184,6.747063,136.438873,6.956933,0.025980,0.956404,0.145774,0.251727,-12.545991,89.117523,14.137654,0.059346,0.962228,0.027777,0.264241,-11.723840,55.943703,4.009554,0.025853,0.955261,-0.107696,0.274245,-16.173996,11.615554,0.217081,-0.082376,0.961864,-0.066117,0.252312,2.343055,88.314888,23.511948,0.004284,0.985701,-0.133182,0.103137,6.683572,54.393898,29.367130,0.028244,0.876353,-0.090352,0.472276,5.077623,11.269608,41.067059,0.025853,0.955261,-0.107696,0.274245,-9.947293,3.126635,-9.602426,0.028244,0.876353,-0.090352,0.472276,15.172632,3.203832,34.719585
897,7.475000,0.034542,0.959737,-0.037594,0.276224,-5.108925,88.714195,18.826479,0.030057,0.935350,0.136319,0.325015,-4.480172,95.897736,18.443192,-0.012648,0.937797,0.024707,0.346073,-5.097775,114.223160,23.678583,0.051568,0.971398,-0.057985,0.224419,-5.833700,132.222183,24.356144,0.042346,0.979573,-0.181382,0.075793,-3.353563,145.468430,21.562382,-0.081055,0.878094,0.225256,0.414296,-8.916584,126.766670,22.436556,0.203604,-0.559843,-0.065494,-0.800520,-19.667107,127.506638,9.672840,0.065894,-0.099271,-0.499298,-0.858199,-11.178920,124.640228,-11.817019,0.068399,0.244110,-0.530155,-0.809116,0.404043,144.933029,-17.496521,-0.117676,0.971409,0.114981,0.171163,-3.565310,126.813293,27.010420,0.367878,0.784481,0.135283,-0.480577,11.697590,129.974792,33.017296,0.173563,0.073180,0.480091,-0.856757,17.923922,119.563766,13.144623,0.177684,-0.245337,0.685372,-0.662196,6.750189,136.425674,6.967220,0.025988,0.956359,0.145783,0.251890,-12.550399,89.115173,14.134463,0.059219,0.962362,0.027780,0.263783,-11.726880,55.941574,4.005733,0.025765,0.955327,-0.107656,0.274036,-16.167837,11.612082,0.218120,-0.082405,0.961822,-0.065970,0.252499,2.332548,88.313217,23.518494,0.004402,0.985553,-0.133047,0.104714,6.676511,54.391216,29.365265,0.027973,0.875951,-0.090212,0.473064,5.042671,11.263797,41.049786,0.025765,0.955327,-0.107656,0.274036,-9.944298,3.124615,-9.604645,0.027973,0.875951,-0.090212,0.473064,15.154452,3.204568,34.720726
898,7.483333,0.034934,0.959600,-0.037744,0.276626,-5.125809,88.716492,18.821274,0.030256,0.935173,0.136467,0.325443,-4.490862,95.899475,18.437744,-0.012593,0.937640,0.024671,0.346502,-5.105627,114.222542,23.680363,0.051811,0.971287,-0.058176,0.224796,-5.839543,132.221680,24.357048,0.042161,0.979550,-0.181460,0.076000,-3.350218,145.465729,21.561090,-0.081416,0.877909,0.225426,0.414525,-8.921473,126.766602,22.434713,0.203928,-0.559577,-0.065559,-0.800618,-19.663708,127.500549,9.663667,0.066380,-0.099001,-0.499190,-0.858256,-11.162014,124.630943,-11.820433,0.068810,0.244340,-0.529974,-0.809129,0.428735,144.919174,-17.500374,-0.117543,0.971340,0.114847,0.171734,-3.574363,126.812485,27.013454,0.368107,0.784611,0.135661,-0.480082,11.683050,129.967957,33.037426,0.173608,0.073599,0.480199,-0.856652,17.923668,119.551682,13.171990,0.177385,-0.244834,0.685447,-0.662384,6.756516,136.412735,6.977798,0.025878,0.956270,0.145645,0.252320,-12.562886,89.123032,14.122767,0.059210,0.962318,0.027797,0.263942,-11.730040,55.946236,4.005264,0.025933,0.955288,-0.107738,0.274127,-16.169266,11.616739,0.215710,-0.082655,0.961744,-0.065804,0.252759,2.311268,88.309959,23.519779,0.004092,0.985624,-0.133152,0.103922,6.673189,54.389305,29.360979,0.028163,0.876301,-0.090349,0.472378,5.075156,11.264154,41.058826,0.025933,0.955288,-0.107738,0.274127,-9.946465,3.126341,-9.604992,0.028163,0.876301,-0.090349,0.472378,15.172824,3.199452,34.714222
899,7.491667,0.035034,0.959506,-0.037685,0.276951,-5.134430,88.715027,18.820536,0.030253,0.934998,0.136503,0.325929,-4.498219,95.897972,18.438446,-0.012518,0.937446,0.024641,0.347033,-5.116334,114.222481,23.682495,0.051804,0.971165,-0.058351,0.225278,-5.847724,132.221741,24.358683,0.042197,0.979490,-0.181593,0.076437,-3.355391,145.464584,21.559744,-0.081488,0.877880,0.225087,0.414755,-8.928478,126.767258,22.432772,0.204131,-0.559273,-0.065446,-0.800788,-19.663925,127.496208,9.655743,0.066907,-0.098777,-0.499074,-0.858308,-11.145752,124.620499,-11.820999,0.069412,0.244549,-0.529894,-0.809068,0.452651,144.903427,-17.504253,-0.117435,0.971296,0.114536,0.172262,-3.586533,126.812073,27.017542,0.368382,0.784776,0.136074,-0.479485,11.665657,129.963623,33.056755,0.173720,0.073835,0.480295,-0.856555,17.923506,119.539932,13.200641,0.177461,-0.243936,0.685959,-0.662166,6.762276,136.399536,6.995527,0.025858,0.956225,0.145623,0.252505,-12.568216,89.123253,14.116976,0.059161,0.962340,0.027767,0.263877,-11.732485,55.945946,4.001429,0.025947,0.955294,-0.107698,0.274121,-16.168459,11.615783,0.215845,-0.082750,0.961694,-0.065663,0.252953,2.299355,88.306801,23.524097,0.004017,0.985601,-0.133152,0.104142,6.668913,54.385948,29.358419,0.028041,0.876314,-0.090320,0.472365,5.074829,11.260736,41.056564,0.025947,0.955294,-0.107698,0.274121,-9.945789,3.126207,-9.605644,0.028041,0.876314,-0.090320,0.472365,15.174073,3.198062,34.711899
900,7.500000,0.035075,0.959403,-0.037702,0.277298,-5.143076,88.713699,18.822634,0.029985,0.934865,0.136566,0.326310,-4.506090,95.896584,18.440708,-0.012245,0.937321,0.024527,0.347387,-5.136786,114.223984,23.684238,0.051857,0.971073,-0.058533,0.225617,-5.857790,132.223694,24.359716,0.042328,0.979427,-0.181751,0.076798,-3.361502,145.465118,21.557531,-0.081607,0.877748,0.224661,0.415243,-8.940416,126.771042,22.431580,0.204445,-0.558956,-0.065313,-0.800940,-19.661671,127.494621,9.642337,0.067303,-0.098639,-0.498964,-0.858356,-11.126183,124.609253,-11.826231,0.069706,0.244573,-0.529628,-0.809209,0.478800,144.887405,-17.513170,-0.117428,0.971236,0.114305,0.172761,-3.601836,126.812683,27.020296,0.368405,0.785007,0.135813,-0.479162,11.644653,129.963226,33.074406,0.173558,0.074342,0.480544,-0.856404,17.916117,119.526840,13.229256,0.177279,-0.243732,0.686123,-0.662119,6.768479,136.388809,7.007882,0.025883,0.956094,0.145597,0.253012,-12.573414,89.122246,14.113660,0.059136,0.962336,0.027759,0.263897,-11.734391,55.944508,3.999783,0.025928,0.955306,-0.107667,0.274090,-16.168358,11.614042,0.215388,-0.082837,0.961637,-0.065482,0.253190,2.287260,88.305153,23.531609,0.003955,0.985573,-0.133141,0.104422,6.664355,54.383648,29.356491,0.027865,0.876359,-0.090434,0.472271,5.072530,11.258122,41.053799,0.025928,0.955306,-0.107667,0.274090,-9.945971,3.125268,-9.606973,0.027865,0.876359,-0.090434,0.472271,15.171719,3.195100,34.709492
901,7.508333,0.035390,0.959264,-0.038040,0.277693,-5.153899,88.715538,18.826582,0.029948,0.934696,0.136646,0.326765,-4.511036,95.897728,18.441504,-0.012266,0.937150,0.024462,0.347853,-5.146620,114.224495,23.687107,0.051946,0.970953,-0.058705,0.226066,-5.867839,132.224304,24.359797,0.042430,0.979352,-0.181965,0.077183,-3.366180,145.464203,21.555208,-0.081692,0.877625,0.224413,0.415620,-8.948684,126.771507,22.429216,0.204786,-0.558704,-0.065230,-0.801035,-19.659037,127.492317,9.630678,0.067806,-0.098440,-0.498821,-0.858423,-11.109900,124.597672,-11.831215,0.070147,0.244749,-0.529337,-0.809308,0.503875,144.869751,-17.521841,-0.117313,0.971160,0.114190,0.173341,-3.614675,126.813545,27.023247,0.368688,0.785141,0.136217,-0.478610,11.626020,129.958496,33.094845,0.173575,0.074762,0.480759,-0.856244,17.912394,119.515015,13.258152,0.176815,-0.243422,0.686394,-0.662077,6.776364,136.377975,7.020269,0.025896,0.956064,0.145490,0.253188,-12.579995,89.127411,14.111206,0.058876,0.962537,0.027849,0.263214,-11.741885,55.947556,4.004177,0.026143,0.955422,-0.107699,0.273655,-16.154058,11.614784,0.221300,-0.082983,0.961549,-0.065200,0.253549,2.272197,88.303665,23.541958,0.003892,0.985536,-0.133163,0.104744,6.661911,54.381283,29.352247,0.028402,0.876246,-0.090220,0.472489,5.071570,11.256239,41.051544,0.026143,0.955422,-0.107699,0.273655,-9.944397,3.123837,-9.607241,0.028402,0.876246,-0.090220,0.472489,15.168866,3.191477,34.706425
902,7.516667,0.035428,0.959189,-0.038057,0.277945,-5.160929,88.713394,18.828096,0.030020,0.934484,0.136833,0.327284,-4.517384,95.895531,18.443104,-0.012483,0.936913,0.024185,0.348501,-5.155994,114.228714,23.698204,0.052245,0.970782,-0.058904,0.226677,-5.881550,132.228806,24.358294,0.042472,0.979269,-0.182245,0.077553,-3.368142,145.466217,21.552479,-0.081930,0.877393,0.224193,0.416182,-8.958666,126.774193,22.426929,0.204907,-0.558487,-0.064972,-0.801177,-19.652094,127.489807,9.613967,0.068172,-0.098241,-0.498710,-0.858481,-11.090114,124.584892,-11.841412,0.070619,0.244904,-0.529375,-0.809196,0.530861,144.852692,-17.532513,-0.116993,0.971146,0.113946,0.173797,-3.631083,126.820206,27.028366,0.368862,0.785320,0.136267,-0.478168,11.606817,129.954391,33.112511,0.173328,0.075335,0.481079,-0.856064,17.906887,119.499763,13.286034,0.176291,-0.243028,0.686594,-0.662154,6.787397,136.367386,7.030595,0.025915,0.955995,0.145520,0.253428,-12.584507,89.125595,14.108793,0.058842,0.962480,0.027807,0.263432,-11.744588,55.946423,3.999717,0.026167,0.955403,-0.107697,0.273717,-16.154036,11.613089,0.220253,-0.083030,0.961505,-0.065016,0.253745,2.262650,88.301193,23.547401,0.003808,0.985495,-0.133183,0.105107,6.657588,54.377686,29.347151,0.028369,0.876229,-0.090223,0.472522,5.070211,11.253065,41.048382,0.026167,0.955403,-0.107697,0.273717,-9.943331,3.122021,-9.607519,0.028369,0.876229,-0.090223,0.472522,15.168407,3.188633,34.704292
903,7.525000,0.035460,0.959106,-0.038076,0.278222,-5.168043,88.712135,18.829887,0.030043,0.934339,0.136837,0.327694,-4.523857,95.894218,18.444950,-0.012489,0.936748,0.024033,0.348956,-5.164053,114.229408,23.700813,0.052433,0.970660,-0.059080,0.227110,-5.888218,132.229752,24.355343,0.042577,0.979192,-0.182501,0.077869,-3.366894,145.465271,21.547621,-0.082104,0.877219,0.224059,0.416586,-8.964072,126.774979,22.422461,0.205040,-0.558287,-0.064740,-0.801301,-19.645313,127.487137,9.599134,0.068538,-0.098134,-0.498617,-0.858518,-11.071520,124.572372,-11.850199,0.071155,0.244844,-0.529471,-0.809104,0.554922,144.835846,-17.545561,-0.116941,0.971083,0.113715,0.174334,-3.640957,126.821625,27.029060,0.369054,0.785509,0.136300,-0.477699,11.591116,129.953186,33.129143,0.173099,0.075907,0.481402,-0.855878,17.905462,119.486023,13.313828,0.175877,-0.242605,0.686628,-0.662383,6.802862,136.358017,7.040630,0.026025,0.955866,0.145489,0.253922,-12.588863,89.124565,14.106265,0.058429,0.962676,0.027853,0.262804,-11.751548,55.945145,3.997757,0.026338,0.955604,-0.107641,0.273022,-16.126940,11.607710,0.226867,-0.083115,0.961468,-0.064821,0.253909,2.252778,88.299713,23.553509,0.003758,0.985469,-0.133216,0.105309,6.655889,54.375435,29.342546,0.027121,0.876384,-0.091291,0.472104,5.070244,11.251560,41.046780,0.026338,0.955604,-0.107641,0.273022,-9.933679,3.116709,-9.611965,0.027121,0.876384,-0.091291,0.472104,15.170026,3.179341,34.715122
904,7.533333,0.035524,0.959024,-0.038083,0.278498,-5.176181,88.710320,18.829981,0.030192,0.934165,0.136873,0.328161,-4.530973,95.892326,18.445400,-0.012544,0.936549,0.023892,0.349498,-5.169035,114.228394,23.704504,0.052354,0.970557,-0.059226,0.227531,-5.893661,132.228943,24.353172,0.042864,0.979093,-0.182831,0.078179,-3.371663,145.463715,21.542583,-0.082317,0.877046,0.223932,0.416975,-8.967358,126.773666,22.418242,0.205116,-0.558114,-0.064516,-0.801420,-19.636587,127.481201,9.584673,0.068866,-0.098095,-0.498510,-0.858558,-11.052482,124.558128,-11.859395,0.071573,0.244883,-0.529507,-0.809031,0.579458,144.816742,-17.560844,-0.117023,0.971022,0.113437,0.174796,-3.649595,126.821518,27.031004,0.369341,0.785679,0.136401,-0.477169,11.576435,129.955368,33.144962,0.172857,0.076505,0.481753,-0.855676,17.904495,119.473686,13.341708,0.175361,-0.242026,0.686732,-0.662625,6.819873,136.350967,7.049781,0.025820,0.956071,0.145641,0.253083,-12.594218,89.123566,14.102062,0.058333,0.962787,0.027711,0.262433,-11.749484,55.946480,3.986522,0.026252,0.955691,-0.107646,0.272722,-16.121391,11.607331,0.231770,-0.083183,0.961451,-0.064680,0.253987,2.241856,88.297073,23.557898,0.003996,0.985340,-0.133166,0.106566,6.651543,54.372311,29.339087,0.027830,0.875866,-0.090135,0.473244,5.030464,11.247415,41.034706,0.026252,0.955691,-0.107646,0.272722,-9.933559,3.116750,-9.610838,0.027830,0.875866,-0.090135,0.473244,15.147427,3.191547,34.709663
905,7.541667,0.035544,0.958948,-0.038111,0.278753,-5.183764,88.710739,18.832722,0.030326,0.934031,0.136799,0.328563,-4.538062,95.892693,18.448002,-0.012578,0.936380,0.023835,0.349952,-5.172581,114.227531,23.705404,0.052343,0.970437,-0.059343,0.228013,-5.897951,132.228149,24.351372,0.043091,0.978982,-0.183157,0.078680,-3.373355,145.462112,21.539320,-0.082441,0.876920,0.223808,0.417284,-8.969734,126.772644,22.414061,0.205321,-0.557870,-0.064245,-0.801560,-19.629683,127.477470,9.572625,0.069354,-0.098039,-0.498461,-0.858554,-11.031223,124.541710,-11.863963,0.072302,0.244732,-0.529614,-0.808942,0.603616,144.796066,-17.574654,-0.117078,0.970929,0.113148,0.175465,-3.656451,126.821030,27.031982,0.369636,0.785868,0.136764,-0.476526,11.561331,129.955429,33.166176,0.172638,0.077338,0.482034,-0.855487,17.907833,119.463669,13.374149,0.174477,-0.241366,0.686779,-0.663050,6.840319,136.341599,7.055231,0.025755,0.956059,0.145656,0.253126,-12.599272,89.123955,14.100832,0.058391,0.962643,0.027725,0.262944,-11.749505,55.946945,3.985453,0.026314,0.955626,-0.107698,0.272926,-16.124105,11.608479,0.225776,-0.083197,0.961390,-0.064449,0.254270,2.231744,88.297516,23.564613,0.003604,0.985419,-0.133276,0.105707,6.644759,54.370846,29.332027,0.028114,0.876244,-0.090289,0.472497,5.067305,11.248300,41.042274,0.026314,0.955626,-0.107698,0.272926,-9.932891,3.116348,-9.613370,0.028114,0.876244,-0.090289,0.472497,15.167886,3.185476,34.699924
906,7.550000,0.035575,0.958824,-0.038264,0.279155,-5.194343,88.711281,18.836706,0.030509,0.933828,0.136831,0.329107,-4.547448,95.893036,18.450270,-0.012629,0.936158,0.023660,0.350555,-5.178277,114.207962,23.705214,0.052119,0.970335,-0.059421,0.228480,-5.903574,132.208832,24.344181,0.043544,0.978892,-0.183347,0.079107,-3.382285,145.443024,21.530270,-0.081850,0.876950,0.223332,0.417591,-8.973126,126.752815,22.404737,0.205681,-0.557545,-0.064165,-0.801699,-19.627756,127.470528,9.559602,0.069962,-0.097974,-0.498399,-0.858548,-11.011954,124.525963,-11.868818,0.072932,0.244663,-0.529695,-0.808854,0.626454,144.774979,-17.591116,-0.117329,0.970825,0.112861,0.176054,-3.665814,126.802505,27.029509,0.369814,0.786073,0.137076,-0.475959,11.543080,129.944138,33.182030,0.172129,0.078332,0.482527,-0.855221,17.908560,119.445625,13.399683,0.173519,-0.240819,0.686494,-0.663794,6.867620,136.330551,7.052423,0.025663,0.956026,0.145693,0.253237,-12.605864,89.123917,14.098525,0.058315,0.962795,0.027687,0.262408,-11.748194,55.947327,3.982449,0.026420,0.955659,-0.107624,0.272827,-16.119274,11.607877,0.230311,-0.083296,0.961351,-0.064145,0.254462,2.217179,88.298645,23.574888,0.003519,0.985376,-0.133417,0.105937,6.641090,54.370392,29.324657,0.027968,0.876332,-0.090413,0.472320,5.067094,11.251148,41.047523,0.026420,0.955659,-0.107624,0.272827,-9.931363,3.116702,-9.611741,0.027968,0.876332,-0.090413,0.472320,15.165872,3.187358,34.703533
907,7.558333,0.035607,0.958748,-0.038285,0.279407,-5.201098,88.709961,18.838266,0.030540,0.933692,0.136817,0.329497,-4.553570,95.891663,18.451841,-0.012651,0.935996,0.023568,0.350994,-5.185358,114.208267,23.706858,0.052163,0.970201,-0.059604,0.228991,-5.910517,132.209274,24.342091,0.043784,0.978763,-0.183739,0.079664,-3.384673,145.442032,21.525467,-0.081975,0.876834,0.223149,0.417907,-8.978471,126.753067,22.400696,0.205809,-0.557229,-0.063768,-0.801918,-19.623589,127.467255,9.547481,0.070455,-0.098124,-0.498274,-0.858563,-10.989020,124.508194,-11.871386,0.073299,0.244760,-0.529995,-0.808594,0.653952,144.749573,-17.611341,-0.117370,0.970729,0.112773,0.176611,-3.675499,126.803314,27.030436,0.370042,0.786340,0.137393,-0.475249,11.526515,129.944305,33.200253,0.171890,0.079189,0.482877,-0.854993,17.915604,119.435333,13.431074,0.172968,-0.240085,0.686398,-0.664304,6.894799,136.322647,7.055946,0.025981,0.955527,0.145386,0.255258,-12.610096,89.122826,14.096159,0.058326,0.962756,0.027895,0.262527,-11.757614,55.941177,3.996227,0.026231,0.955626,-0.107545,0.272994,-16.124214,11.602867,0.225407,-0.083347,0.961307,-0.063995,0.254650,2.207900,88.297096,23.580376,0.003687,0.985231,-0.133289,0.107428,6.636807,54.368114,29.321951,0.027468,0.875935,-0.090335,0.473099,5.031510,11.245934,41.029732,0.026231,0.955626,-0.107545,0.272994,-9.929636,3.114721,-9.615062,0.027468,0.875935,-0.090335,0.473099,15.149384,3.190102,34.706093
908,7.566667,0.035651,0.958678,-0.038272,0.279642,-5.208071,88.708817,18.839485,0.030495,0.933546,0.136786,0.329927,-4.559889,95.890488,18.453573,-0.012534,0.935821,0.023481,0.351470,-5.195283,114.206337,23.706324,0.052133,0.970063,-0.059815,0.229527,-5.915728,132.207596,24.339743,0.044075,0.978632,-0.184083,0.080309,-3.387006,145.438980,21.519281,-0.082060,0.876769,0.222922,0.418148,-8.983342,126.752182,22.395578,0.206092,-0.556935,-0.063612,-0.802062,-19.621262,127.462685,9.536205,0.071054,-0.098159,-0.498105,-0.858608,-10.970530,124.493721,-11.874763,0.073834,0.244723,-0.530153,-0.808454,0.680180,144.726273,-17.630142,-0.117412,0.970653,0.112327,0.177283,-3.685035,126.801132,27.030664,0.370211,0.786655,0.137729,-0.474498,11.508697,129.943298,33.220245,0.171734,0.080108,0.483119,-0.854802,17.925144,119.425331,13.464719,0.172385,-0.239313,0.686448,-0.664682,6.920647,136.310974,7.058600,0.025876,0.955532,0.145398,0.255242,-12.614700,89.122292,14.093733,0.058342,0.962684,0.027864,0.262793,-11.755213,55.940498,3.994888,0.026355,0.955612,-0.107534,0.273034,-16.122904,11.602205,0.225116,-0.083412,0.961267,-0.063779,0.254835,2.198559,88.295349,23.585236,0.003471,0.985232,-0.133468,0.107200,6.634585,54.365200,29.314426,0.027610,0.876175,-0.090358,0.472643,5.049314,11.247167,41.040195,0.026355,0.955612,-0.107534,0.273034,-9.929131,3.113498,-9.615376,0.027610,0.876175,-0.090358,0.472643,15.158120,3.188933,34.705120
909,7.575000,0.035671,0.958597,-0.038377,0.279907,-5.215140,88.707954,18.843048,0.030295,0.933435,0.136886,0.330217,-4.566157,95.889488,18.455948,-0.012693,0.935701,0.023372,0.351790,-5.211475,114.202377,23.708803,0.052382,0.969898,-0.060127,0.230085,-5.936126,132.203674,24.336266,0.044507,0.978489,-0.184423,0.081039,-3.396504,145.431992,21.511200,-0.082247,0.876487,0.222928,0.418698,-9.001250,126.747040,22.391624,0.206302,-0.556516,-0.063276,-0.802325,-19.622755,127.457031,9.518655,0.071498,-0.098270,-0.498010,-0.858614,-10.948322,124.474892,-11.880900,0.074253,0.244460,-0.530247,-0.808433,0.705916,144.701172,-17.651201,-0.117088,0.970647,0.112145,0.177648,-3.706171,126.798500,27.030378,0.369538,0.787253,0.136682,-0.474334,11.485774,129.929855,33.229836,0.170407,0.081409,0.483552,-0.854700,17.932705,119.402084,13.489452,0.171888,-0.238252,0.686436,-0.665204,6.953177,136.298935,7.059686,0.025874,0.955458,0.145373,0.255533,-12.619143,89.121010,14.093159,0.058303,0.962765,0.027901,0.262499,-11.756872,55.938713,3.996184,0.026341,0.955620,-0.107505,0.273020,-16.121492,11.600203,0.225458,-0.083458,0.961267,-0.063599,0.254865,2.188863,88.294899,23.592939,0.003326,0.985281,-0.133491,0.106724,6.630959,54.363693,29.311136,0.026274,0.876485,-0.091640,0.471897,5.063886,11.246112,41.041035,0.026341,0.955620,-0.107505,0.273020,-9.927691,3.112242,-9.615663,0.026274,0.876485,-0.091640,0.471897,15.168736,3.176501,34.714134
910,7.583333,0.035701,0.958518,-0.038392,0.280168,-5.221876,88.706566,18.844751,0.030346,0.933343,0.137150,0.330363,-4.572312,95.888046,18.457737,-0.012826,0.935660,0.022961,0.351920,-5.219795,114.192261,23.718660,0.051946,0.969818,-0.060714,0.230368,-5.943810,132.194122,24.330481,0.045294,0.978377,-0.184499,0.081778,-3.410799,145.420059,21.488392,-0.081953,0.876436,0.222353,0.419169,-9.008617,126.735947,22.389633,0.206572,-0.556296,-0.063180,-0.802416,-19.618538,127.450119,9.507357,0.072086,-0.098318,-0.497832,-0.858662,-10.932106,124.459778,-11.886169,0.075030,0.244131,-0.530244,-0.808463,0.730160,144.676941,-17.672161,-0.116878,0.970597,0.111955,0.178177,-3.714881,126.791153,27.029869,0.369714,0.787472,0.137123,-0.473705,11.472418,129.914642,33.244633,0.170033,0.082275,0.483870,-0.854512,17.941032,119.382332,13.513772,0.171102,-0.237347,0.686538,-0.665624,6.978374,136.285156,7.057496,0.025858,0.955431,0.145357,0.255643,-12.623254,89.119820,14.090796,0.058273,0.962784,0.027911,0.262437,-11.759060,55.937134,3.995275,0.026277,0.955610,-0.107492,0.273064,-16.121111,11.598360,0.224659,-0.083514,0.961210,-0.063417,0.255105,2.179501,88.293304,23.598705,0.003374,0.985201,-0.133502,0.107446,6.627215,54.361153,29.306894,0.026889,0.876222,-0.090582,0.472554,5.047270,11.243853,41.036106,0.026277,0.955610,-0.107492,0.273064,-9.925381,3.111114,-9.615853,0.026889,0.876222,-0.090582,0.472554,15.162253,3.189382,34.706112
911,7.591667,0.035763,0.958448,-0.038442,0.280394,-5.230465,88.705032,18.847048,0.030173,0.933203,0.136782,0.330926,-4.579758,95.886398,18.459745,-0.012776,0.935413,0.023146,0.352569,-5.232145,114.202499,23.707521,0.052300,0.969591,-0.061001,0.231165,-5.957236,132.204102,24.325733,0.045376,0.978217,-0.184959,0.082596,-3.409641,145.426712,21.481203,-0.082320,0.876270,0.222494,0.419369,-9.019292,126.746689,22.378416,0.206882,-0.555921,-0.062746,-0.802630,-19.621616,127.454033,9.489507,0.072640,-0.098357,-0.497723,-0.858674,-10.913248,124.443687,-11.892300,0.075662,0.243875,-0.530326,-0.808427,0.753897,144.653870,-17.692848,-0.116550,0.970557,0.111836,0.178681,-3.731964,126.800049,27.025974,0.369729,0.787886,0.137270,-0.472962,11.451880,129.911575,33.255173,0.169584,0.083116,0.484041,-0.854422,17.952721,119.370125,13.539794,0.170542,-0.236159,0.686984,-0.665731,7.002208,136.273880,7.060928,0.025840,0.955372,0.145325,0.255885,-12.629543,89.118889,14.089568,0.058193,0.962829,0.027932,0.262287,-11.762222,55.935501,3.996623,0.026325,0.955665,-0.107380,0.272914,-16.117533,11.596009,0.226741,-0.083583,0.961169,-0.063269,0.255274,2.168614,88.291183,23.604528,0.003552,0.985160,-0.133465,0.107865,6.622566,54.358524,29.304874,0.026471,0.875995,-0.090523,0.473009,5.022248,11.240464,41.028496,0.026325,0.955665,-0.107380,0.272914,-9.925265,3.110948,-9.617837,0.026471,0.875995,-0.090523,0.473009,15.150092,3.192437,34.710892
912,7.600000,0.035809,0.958382,-0.038533,0.280602,-5.237181,88.704582,18.849390,0.030239,0.933073,0.136732,0.331308,-4.585372,95.885796,18.461155,-0.012735,0.935257,0.022892,0.352998,-5.236880,114.201782,23.707588,0.052560,0.969454,-0.060868,0.231715,-5.957620,132.203842,24.317406,0.045404,0.978079,-0.185469,0.083074,-3.401532,145.426315,21.479889,-0.082407,0.876214,0.222385,0.419528,-9.019378,126.746429,22.369623,0.207114,-0.555706,-0.062464,-0.802741,-19.616758,127.451035,9.476501,0.073195,-0.098428,-0.497562,-0.858712,-10.895622,124.426529,-11.898096,0.076369,0.243713,-0.530217,-0.808481,0.778528,144.628113,-17.714491,-0.116709,0.970442,0.111479,0.179427,-3.736302,126.800346,27.022011,0.369923,0.788252,0.137620,-0.472098,11.437387,129.915924,33.273876,0.169666,0.083917,0.484201,-0.854237,17.969585,119.363228,13.574892,0.170579,-0.235102,0.686974,-0.666105,7.031824,136.262177,7.065229,0.025540,0.955699,0.145556,0.254560,-12.634140,89.118591,14.088628,0.058162,0.962924,0.027778,0.261961,-11.756751,55.938805,3.984728,0.026313,0.955678,-0.107444,0.272841,-16.114252,11.598208,0.230282,-0.083672,0.961118,-0.063136,0.255468,2.159778,88.290565,23.610151,0.003248,0.985257,-0.133487,0.106953,6.620884,54.357765,29.304079,0.026820,0.876322,-0.090546,0.472379,5.058026,11.240035,41.033985,0.026313,0.955678,-0.107444,0.272841,-9.923731,3.111760,-9.614201,0.026820,0.876322,-0.090546,0.472379,15.171440,3.187038,34.699612
913,7.608333,0.035860,0.958361,-0.038428,0.280681,-5.246383,88.706161,18.847084,0.030615,0.932960,0.137036,0.331465,-4.594274,95.887444,18.460566,-0.013125,0.935167,0.022475,0.353250,-5.236838,114.189270,23.719267,0.052539,0.969321,-0.061160,0.232200,-5.965603,132.191650,24.309864,0.045858,0.977947,-0.185737,0.083771,-3.406103,145.412186,21.466335,-0.082340,0.876007,0.222507,0.419908,-9.023936,126.730896,22.366064,0.207457,-0.555481,-0.062402,-0.802813,-19.611050,127.442574,9.464890,0.073790,-0.098438,-0.497360,-0.858777,-10.877883,124.409248,-11.903551,0.077035,0.243535,-0.529886,-0.808689,0.805858,144.601166,-17.734194,-0.116753,0.970390,0.111065,0.179936,-3.743503,126.791931,27.021364,0.378441,0.785693,0.155942,-0.463844,11.423726,129.909332,33.287994,0.178548,0.079321,0.483748,-0.853122,18.018793,119.431892,13.569782,0.169812,-0.234536,0.687167,-0.666302,7.056047,136.255920,7.066455,0.025744,0.955269,0.145282,0.256304,-12.642497,89.121475,14.085120,0.058188,0.962809,0.027940,0.262358,-11.765123,55.936886,3.997000,0.025988,0.955636,-0.107483,0.273006,-16.119524,11.597374,0.226221,-0.083781,0.961049,-0.063099,0.255704,2.149731,88.290848,23.609049,0.003423,0.985102,-0.133433,0.108434,6.617278,54.358982,29.303488,0.026516,0.875929,-0.090468,0.473139,5.021863,11.240077,41.024693,0.025988,0.955636,-0.107483,0.273006,-9.920988,3.112202,-9.614319,0.026516,0.875929,-0.090468,0.473139,15.151548,3.192733,34.709156
914,7.616667,0.035967,0.958302,-0.038568,0.280849,-5.257219,88.708397,18.848593,0.030369,0.932811,0.136712,0.332042,-4.602993,95.889404,18.460693,-0.012643,0.934936,0.022550,0.353874,-5.253545,114.198997,23.705759,0.052491,0.969181,-0.061520,0.232697,-5.967422,132.201691,24.304558,0.046113,0.977826,-0.186086,0.084278,-3.404761,145.419907,21.453098,-0.082673,0.875969,0.222307,0.420028,-9.027956,126.744591,22.353979,0.207750,-0.555181,-0.061935,-0.802980,-19.609837,127.444710,9.447889,0.074351,-0.098445,-0.497207,-0.858816,-10.858492,124.389755,-11.910025,0.077727,0.243336,-0.529931,-0.808652,0.832477,144.573624,-17.754030,-0.116679,0.970317,0.110851,0.180508,-3.753571,126.798676,27.016214,0.378468,0.786014,0.156131,-0.463214,11.407351,129.912552,33.299828,0.179078,0.079035,0.483665,-0.853084,18.028706,119.427979,13.594227,0.170745,-0.234182,0.688573,-0.664735,7.060532,136.248840,7.091054,0.025673,0.955266,0.145291,0.256316,-12.651536,89.124680,14.083926,0.058136,0.962799,0.027953,0.262406,-11.769176,55.940022,3.996482,0.026227,0.955624,-0.107531,0.273006,-16.118628,11.600029,0.225633,-0.083896,0.960988,-0.062995,0.255918,2.137099,88.292107,23.613258,0.003276,0.985095,-0.133333,0.108628,6.612897,54.360687,29.303843,0.026425,0.875900,-0.090549,0.473183,5.029096,11.239305,41.017498,0.026227,0.955624,-0.107531,0.273006,-9.923667,3.112222,-9.614882,0.026425,0.875900,-0.090549,0.473183,15.160044,3.191386,34.704727
915,7.625000,0.035996,0.958254,-0.038639,0.281001,-5.263576,88.708427,18.850863,0.030245,0.932724,0.136627,0.332330,-4.608594,95.889328,18.462200,-0.012515,0.934825,0.022410,0.354180,-5.264071,114.199997,23.702518,0.052491,0.969046,-0.061768,0.233193,-5.972041,132.203049,24.297998,0.046343,0.977673,-0.186504,0.084997,-3.405626,145.419495,21.441832,-0.082767,0.875885,0.222037,0.420326,-9.033219,126.746704,22.346306,0.208110,-0.554887,-0.061669,-0.803111,-19.606218,127.442726,9.432716,0.074970,-0.098436,-0.497025,-0.858869,-10.838111,124.371719,-11.916016,0.078174,0.243401,-0.530238,-0.808389,0.861604,144.546463,-17.774031,-0.116621,0.970262,0.110670,0.180952,-3.761836,126.799683,27.011946,0.378548,0.786321,0.156310,-0.462567,11.394176,129.910934,33.308689,0.178789,0.079655,0.483802,-0.853009,18.040571,119.417145,13.616429,0.170254,-0.233497,0.688585,-0.665089,7.082186,136.237671,7.096072,0.025720,0.955135,0.145246,0.256825,-12.656358,89.124718,14.083815,0.058106,0.962804,0.027972,0.262391,-11.772582,55.939316,3.998942,0.025988,0.955630,-0.107490,0.273022,-16.119041,11.599103,0.227224,-0.083950,0.960926,-0.062922,0.256152,2.129205,88.292130,23.617912,0.003265,0.985080,-0.133299,0.108802,6.608477,54.360687,29.305649,0.026323,0.875844,-0.090479,0.473306,5.023925,11.238485,41.016186,0.025988,0.955630,-0.107490,0.273022,-9.920182,3.113783,-9.612985,0.026323,0.875844,-0.090479,0.473306,15.158594,3.193308,34.705894
916,7.633333,0.036005,0.958218,-0.038709,0.281113,-5.268522,88.708458,18.852503,0.030152,0.932632,0.136550,0.332629,-4.613089,95.889275,18.462990,-0.012428,0.934702,0.022234,0.354519,-5.272460,114.198540,23.698553,0.052406,0.968938,-0.062097,0.233575,-5.975469,132.201965,24.288965,0.046711,0.977544,-0.186854,0.085508,-3.407535,145.416443,21.425062,-0.082803,0.875766,0.221871,0.420656,-9.036872,126.746033,22.336445,0.208557,-0.554618,-0.061377,-0.803203,-19.600414,127.441444,9.415089,0.075601,-0.098245,-0.496909,-0.858903,-10.816761,124.350861,-11.924428,0.078733,0.243531,-0.530544,-0.808095,0.890332,144.519302,-17.789387,-0.116587,0.970216,0.110474,0.181339,-3.768842,126.798607,27.005875,0.378528,0.786704,0.156429,-0.461891,11.382741,129.908325,33.314022,0.178481,0.080238,0.483911,-0.852958,18.058937,119.406189,13.636300,0.169852,-0.232968,0.688606,-0.665355,7.108475,136.226898,7.100362,0.025760,0.955070,0.145206,0.257086,-12.660178,89.124458,14.083687,0.058070,0.962844,0.028025,0.262248,-11.776980,55.938374,4.000983,0.026095,0.955604,-0.107468,0.273112,-16.119694,11.598060,0.226162,-0.083968,0.960938,-0.062905,0.256108,2.123135,88.292465,23.621321,0.003207,0.985082,-0.133273,0.108819,6.604213,54.361092,29.308077,0.026312,0.875869,-0.090473,0.473261,5.024806,11.238238,41.016891,0.026095,0.955604,-0.107468,0.273112,-9.920259,3.112531,-9.613502,0.026312,0.875869,-0.090473,0.473261,15.158955,3.193283,34.705482
917,7.641667,0.036038,0.958181,-0.038797,0.281219,-5.274322,88.708382,18.853552,0.030092,0.932567,0.136472,0.332850,-4.618043,95.889069,18.463030,-0.012125,0.934632,0.022015,0.354727,-5.279748,114.198303,23.694710,0.052232,0.968888,-0.061972,0.233854,-5.969866,132.202332,24.281462,0.046931,0.977354,-0.187612,0.085893,-3.405943,145.418259,21.420643,-0.082940,0.875741,0.221587,0.420829,-9.034411,126.748276,22.328640,0.208627,-0.554400,-0.060962,-0.803367,-19.592333,127.437019,9.402328,0.076064,-0.098291,-0.496774,-0.858934,-10.795055,124.331688,-11.929436,0.079303,0.243669,-0.530499,-0.808027,0.918014,144.492981,-17.807013,-0.116677,0.970139,0.110218,0.181850,-3.768353,126.797890,27.000328,0.378687,0.787007,0.157049,-0.461033,11.376328,129.909897,33.323906,0.177898,0.081687,0.484022,-0.852879,18.083786,119.403648,13.659014,0.168100,-0.232100,0.687494,-0.667251,7.148544,136.216675,7.082667,0.025666,0.955059,0.145252,0.257111,-12.664883,89.124397,14.083038,0.058332,0.962611,0.027981,0.263049,-11.774367,55.938911,3.999013,0.026027,0.955449,-0.107538,0.273634,-16.137405,11.601103,0.218217,-0.084150,0.961046,-0.062819,0.255662,2.116239,88.292366,23.624063,0.003361,0.985124,-0.133316,0.108379,6.613574,54.362370,29.306137,0.026325,0.875858,-0.090488,0.473278,5.025454,11.240631,41.017921,0.026027,0.955449,-0.107538,0.273634,-9.925840,3.114512,-9.612879,0.026325,0.875858,-0.090488,0.473278,15.159581,3.195213,34.707062
918,7.650000,0.036086,0.958149,-0.038869,0.281316,-5.280372,88.707985,18.852728,0.030383,0.932482,0.136712,0.332962,-4.623095,95.888535,18.461470,-0.012460,0.934574,0.021553,0.354897,-5.277951,114.187775,23.703094,0.052251,0.968798,-0.062250,0.234150,-5.973563,132.192230,24.269905,0.047188,0.977259,-0.187883,0.086248,-3.406128,145.406189,21.403038,-0.082675,0.875770,0.220759,0.421257,-9.035763,126.735153,22.321869,0.208823,-0.554101,-0.060746,-0.803540,-19.583097,127.423111,9.386865,0.076458,-0.098209,-0.496771,-0.858911,-10.769112,124.308052,-11.936595,0.079777,0.243628,-0.530638,-0.807901,0.944906,144.467072,-17.820087,-0.116788,0.970087,0.109906,0.182243,-3.771512,126.791405,26.995522,0.378697,0.787195,0.157074,-0.460697,11.367531,129.907257,33.330719,0.178239,0.081311,0.484067,-0.852818,18.089113,119.395432,13.673617,0.168982,-0.231998,0.688556,-0.665967,7.152102,136.212021,7.103083,0.025590,0.955083,0.145234,0.257038,-12.669924,89.124367,14.080675,0.058335,0.962609,0.027978,0.263055,-11.775466,55.938255,3.999081,0.025915,0.955438,-0.107526,0.273689,-16.138844,11.600465,0.218470,-0.084088,0.960892,-0.062929,0.256236,2.109180,88.291595,23.624779,0.003114,0.985093,-0.133167,0.108850,6.596985,54.361832,29.315762,0.026309,0.875871,-0.090390,0.473273,5.026420,11.236393,41.016258,0.025915,0.955438,-0.107526,0.273689,-9.924462,3.114894,-9.611733,0.026309,0.875871,-0.090390,0.473273,15.161404,3.193213,34.703915
919,7.658333,0.036124,0.958116,-0.038954,0.281410,-5.284819,88.710182,18.854437,0.030404,0.932410,0.136605,0.333207,-4.626638,95.890602,18.462233,-0.012449,0.934472,0.021342,0.355179,-5.280669,114.188858,23.699669,0.052353,0.968672,-0.062451,0.234592,-5.973392,132.193649,24.259293,0.047108,0.977134,-0.188316,0.086754,-3.400036,145.405792,21.389425,-0.082775,0.875714,0.220440,0.421521,-9.035391,126.736389,22.311453,0.209213,-0.553806,-0.060558,-0.803655,-19.574755,127.419029,9.369685,0.076930,-0.098192,-0.496644,-0.858944,-10.744529,124.290062,-11.945002,0.080055,0.243553,-0.530744,-0.807826,0.975667,144.442490,-17.838760,-0.116727,0.970042,0.109732,0.182626,-3.773962,126.793457,26.988272,0.378761,0.787452,0.157115,-0.460190,11.360891,129.906799,33.334679,0.177437,0.082671,0.484479,-0.852620,18.101921,119.385254,13.689452,0.167638,-0.231318,0.687459,-0.667674,7.191916,136.204117,7.084374,0.025627,0.955082,0.145115,0.257104,-12.673381,89.126709,14.080873,0.057973,0.962836,0.028063,0.262295,-11.782807,55.938328,4.006392,0.026096,0.955626,-0.107416,0.273057,-16.116051,11.597196,0.230343,-0.084241,0.961075,-0.062892,0.255504,2.103744,88.293663,23.628000,0.003329,0.985149,-0.133205,0.108292,6.606650,54.365356,29.315779,0.026406,0.875853,-0.090408,0.473298,5.023389,11.240951,41.018379,0.026096,0.955626,-0.107416,0.273057,-9.917606,3.112844,-9.610962,0.026406,0.875853,-0.090408,0.473298,15.157409,3.196269,34.706409
920,7.666667,0.036129,0.958085,-0.039061,0.281501,-5.287226,88.710716,18.855606,0.030015,0.932336,0.136159,0.333632,-4.628502,95.891014,18.462000,-0.012051,0.934307,0.021355,0.355626,-5.293249,114.201927,23.680779,0.051761,0.968571,-0.062848,0.235035,-5.973006,132.207047,24.245605,0.047564,0.976996,-0.188536,0.087587,-3.410662,145.418594,21.363152,-0.082889,0.875710,0.220196,0.421635,-9.037271,126.752708,22.293131,0.209784,-0.553391,-0.060075,-0.803829,-19.572794,127.429436,9.347914,0.077519,-0.098005,-0.496591,-0.858943,-10.718430,124.272202,-11.952594,0.080622,0.243377,-0.530828,-0.807768,1.006059,144.420349,-17.852472,-0.116560,0.969960,0.109672,0.183201,-3.780175,126.804329,26.974886,0.378783,0.787756,0.157342,-0.459573,11.348954,129.910217,33.338596,0.177161,0.083340,0.484616,-0.852535,18.115639,119.382797,13.705330,0.167238,-0.230661,0.687265,-0.668202,7.218371,136.196991,7.082599,0.025628,0.955070,0.145132,0.257141,-12.674885,89.126709,14.080590,0.058261,0.962614,0.028036,0.263047,-11.783690,55.938679,4.005019,0.025910,0.955468,-0.107454,0.273612,-16.139359,11.600405,0.221180,-0.084219,0.961037,-0.062905,0.255652,2.100433,88.294724,23.630623,0.003222,0.985129,-0.133160,0.108531,6.600820,54.366291,29.319572,0.026450,0.875838,-0.090327,0.473339,5.024643,11.240750,41.018944,0.025910,0.955468,-0.107454,0.273612,-9.926253,3.116466,-9.611236,0.026450,0.875838,-0.090327,0.473339,15.159319,3.197248,34.706516
921,7.675000,0.036106,0.958039,-0.039149,0.281647,-5.292427,88.712540,18.857075,0.030062,0.932275,0.136024,0.333851,-4.633613,95.892754,18.462267,-0.012008,0.934225,0.021129,0.355854,-5.296078,114.202568,23.676100,0.051819,0.968484,-0.063034,0.235330,-5.971627,132.208084,24.233696,0.047617,0.976890,-0.188922,0.087899,-3.405296,145.418121,21.347855,-0.082800,0.875783,0.219489,0.421869,-9.036297,126.753761,22.281820,0.210285,-0.553073,-0.060049,-0.803918,-19.565701,127.424637,9.331332,0.078090,-0.097768,-0.496470,-0.858988,-10.694847,124.256859,-11.960743,0.081162,0.243280,-0.530703,-0.807826,1.037628,144.399292,-17.864252,-0.116531,0.969917,0.109552,0.183523,-3.781471,126.805855,26.966110,0.378718,0.787949,0.157249,-0.459327,11.343930,129.910187,33.339405,0.176845,0.083743,0.484767,-0.852475,18.123405,119.377991,13.713116,0.167004,-0.230210,0.687410,-0.668267,7.234313,136.195816,7.080893,0.025502,0.955171,0.145138,0.256773,-12.678662,89.127571,14.079782,0.058308,0.962544,0.028014,0.263296,-11.782927,55.939220,4.005662,0.025966,0.955435,-0.107457,0.273719,-16.142126,11.601323,0.221470,-0.084250,0.961044,-0.062923,0.255610,2.093809,88.297501,23.634369,0.003249,0.985173,-0.133114,0.108185,6.596163,54.369587,29.324896,0.026264,0.875855,-0.090392,0.473305,5.022172,11.242968,41.020584,0.025966,0.955435,-0.107457,0.273719,-9.927468,3.116965,-9.609596,0.026264,0.875855,-0.090392,0.473305,15.158224,3.200290,34.709332
922,7.683333,0.036141,0.957999,-0.039278,0.281762,-5.296534,88.713943,18.858593,0.030424,0.932180,0.136182,0.334020,-4.636659,95.893982,18.462214,-0.012263,0.934147,0.020653,0.356080,-5.288940,114.192078,23.683319,0.051849,0.968411,-0.063354,0.235539,-5.967100,132.198090,24.221478,0.047683,0.976834,-0.189149,0.088003,-3.397079,145.405777,21.328260,-0.082790,0.875525,0.219528,0.422386,-9.030085,126.741302,22.273849,0.210456,-0.552834,-0.059645,-0.804068,-19.544970,127.417503,9.311843,0.078409,-0.097498,-0.496597,-0.858916,-10.659560,124.232986,-11.971667,0.081596,0.243588,-0.531057,-0.807456,1.069329,144.378494,-17.871784,-0.116791,0.969871,0.109266,0.183770,-3.777615,126.799034,26.960718,0.378940,0.787976,0.157642,-0.458963,11.342731,129.912460,33.341579,0.176914,0.083957,0.484936,-0.852344,18.129929,119.377373,13.719516,0.166852,-0.229908,0.687523,-0.668293,7.249676,136.196167,7.077658,0.025570,0.955047,0.145086,0.257259,-12.681590,89.128830,14.079457,0.058292,0.962560,0.028051,0.263237,-11.786197,55.939663,4.008008,0.026056,0.955413,-0.107463,0.273785,-16.143431,11.601788,0.221307,-0.084240,0.961053,-0.062939,0.255577,2.088523,88.299057,23.637728,0.003156,0.985206,-0.133110,0.107889,6.590107,54.371166,29.328976,0.026629,0.875900,-0.090117,0.473253,5.027796,11.244401,41.025681,0.026056,0.955413,-0.107463,0.273785,-9.928611,3.116709,-9.609038,0.026629,0.875900,-0.090117,0.473253,15.160409,3.203112,34.707127
923,7.691667,0.036251,0.957944,-0.039503,0.281903,-5.303990,88.715103,18.860498,0.030486,0.932125,0.136004,0.334240,-4.641623,95.894775,18.461567,-0.012178,0.934070,0.020464,0.356296,-5.290635,114.194298,23.677055,0.051820,0.968370,-0.063591,0.235650,-5.963645,132.200653,24.209787,0.047959,0.976732,-0.189595,0.088028,-3.392429,145.406815,21.310644,-0.082920,0.875465,0.219212,0.422647,-9.027370,126.744232,22.262304,0.210719,-0.552449,-0.059289,-0.804290,-19.534153,127.414261,9.293410,0.078925,-0.097220,-0.496756,-0.858809,-10.626941,124.214020,-11.978621,0.082395,0.243699,-0.531262,-0.807206,1.097000,144.362137,-17.879669,-0.116731,0.969842,0.109140,0.184032,-3.777037,126.801743,26.951569,0.379016,0.788059,0.157870,-0.458679,11.340549,129.912933,33.340046,0.176799,0.084249,0.485065,-0.852265,18.137207,119.376373,13.722060,0.166544,-0.229653,0.687588,-0.668390,7.264557,136.196075,7.071538,0.025592,0.955014,0.144930,0.257467,-12.687503,89.130608,14.079038,0.058206,0.962559,0.028146,0.263249,-11.794145,55.938374,4.017478,0.025812,0.955481,-0.107421,0.273589,-16.141684,11.600074,0.224551,-0.084236,0.961039,-0.062888,0.255641,2.079523,88.299606,23.641958,0.003087,0.985172,-0.133071,0.108252,6.581401,54.371216,29.330027,0.025431,0.875903,-0.091081,0.473130,5.021266,11.243478,41.023457,0.025812,0.955481,-0.107421,0.273589,-9.927567,3.117524,-9.608419,0.025431,0.875903,-0.091081,0.473130,15.160173,3.196207,34.722649
924,7.700000,0.036281,0.957886,-0.039624,0.282077,-5.308158,88.717514,18.858652,0.030567,0.932046,0.135378,0.334707,-4.644819,95.897003,18.458298,-0.012089,0.933870,0.020567,0.356815,-5.285627,114.206459,23.653746,0.052081,0.968236,-0.063973,0.236039,-5.957250,132.212738,24.190702,0.047935,0.976676,-0.189806,0.088207,-3.375100,145.415268,21.284750,-0.083002,0.875602,0.218970,0.422474,-9.019421,126.757195,22.238333,0.211247,-0.552054,-0.059050,-0.804441,-19.530647,127.419769,9.272659,0.079433,-0.096955,-0.496665,-0.858844,-10.601772,124.201309,-11.987543,0.082647,0.243805,-0.531339,-0.807098,1.128949,144.345169,-17.889629,-0.116571,0.969781,0.109139,0.184456,-3.774264,126.812828,26.933407,0.378986,0.788169,0.157619,-0.458601,11.339356,129.917068,33.334637,0.176569,0.084446,0.485295,-0.852163,18.140411,119.373726,13.721810,0.166630,-0.229353,0.687825,-0.668228,7.277789,136.200119,7.067097,0.025587,0.955049,0.144782,0.257420,-12.689906,89.132759,14.074445,0.058196,0.962538,0.028211,0.263321,-11.799438,55.937531,4.022535,0.025744,0.955451,-0.107448,0.273689,-16.144318,11.599457,0.223909,-0.084218,0.960986,-0.062885,0.255849,2.073590,88.302269,23.642859,0.003005,0.985193,-0.133056,0.108083,6.573061,54.373634,29.331377,0.026711,0.875808,-0.090051,0.473432,5.022324,11.245495,41.024578,0.025744,0.955451,-0.107448,0.273689,-9.927175,3.116760,-9.607020,0.026711,0.875808,-0.090051,0.473432,15.157143,3.204706,34.708931
925,7.708333,0.036328,0.957830,-0.039782,0.282240,-5.313076,88.719978,18.859938,0.030622,0.931992,0.135210,0.334920,-4.648373,95.899239,18.457703,-0.012193,0.933787,0.020409,0.357040,-5.286171,114.207748,23.647131,0.051845,0.968163,-0.064595,0.236222,-5.959382,132.214172,24.177286,0.048402,0.976586,-0.190001,0.088530,-3.378743,145.413239,21.254345,-0.083000,0.875510,0.218679,0.422814,-9.020197,126.757690,22.225384,0.211554,-0.551705,-0.058776,-0.804619,-19.521818,127.418945,9.251862,0.079819,-0.096739,-0.496637,-0.858850,-10.573552,124.186256,-11.998018,0.082982,0.243957,-0.531120,-0.807162,1.160551,144.328110,-17.900267,-0.116381,0.969828,0.108801,0.184530,-3.777338,126.815399,26.922998,0.378983,0.788259,0.157798,-0.458389,11.336846,129.915482,33.324902,0.176343,0.084665,0.485439,-0.852106,18.147093,119.372963,13.714833,0.166437,-0.229085,0.687823,-0.668370,7.291893,136.202652,7.055989,0.025540,0.955017,0.144799,0.257534,-12.693138,89.135086,14.073122,0.058233,0.962508,0.028170,0.263427,-11.798014,55.940044,4.021019,0.025750,0.955445,-0.107498,0.273690,-16.146652,11.602155,0.224596,-0.084226,0.960946,-0.062861,0.256003,2.066987,88.304878,23.646753,0.002900,0.985199,-0.133007,0.108089,6.566554,54.376137,29.334593,0.026688,0.875807,-0.090101,0.473426,5.025433,11.246779,41.024555,0.025750,0.955445,-0.107498,0.273690,-9.929785,3.118306,-9.605512,0.026688,0.875807,-0.090101,0.473426,15.160075,3.205211,34.709625
926,7.716667,0.036329,0.957770,-0.039841,0.282436,-5.313895,88.721085,18.858927,0.030608,0.931956,0.135008,0.335104,-4.648861,95.900276,18.456022,-0.012201,0.933728,0.020221,0.357204,-5.285507,114.209427,23.637730,0.051902,0.968108,-0.064862,0.236361,-5.956669,132.216125,24.161327,0.048555,0.976516,-0.190275,0.088623,-3.372242,145.413132,21.232349,-0.083046,0.875404,0.218562,0.423086,-9.017473,126.759338,22.210255,0.211981,-0.551445,-0.058649,-0.804694,-19.511169,127.419891,9.230278,0.080208,-0.096396,-0.496609,-0.858868,-10.548833,124.174202,-12.011703,0.083247,0.244169,-0.531077,-0.807099,1.189816,144.314835,-17.909056,-0.116493,0.969787,0.108799,0.184675,-3.776265,126.818047,26.909706,0.378780,0.788426,0.157633,-0.458325,11.335266,129.921082,33.316467,0.176225,0.084852,0.485434,-0.852114,18.155394,119.379044,13.709553,0.166446,-0.228976,0.688130,-0.668089,7.301524,136.207413,7.046535,0.025585,0.954988,0.144686,0.257701,-12.692012,89.135727,14.069065,0.058400,0.962374,0.028157,0.263880,-11.800185,55.938564,4.023665,0.025687,0.955363,-0.107430,0.274010,-16.161623,11.602354,0.222395,-0.084192,0.960913,-0.062883,0.256132,2.064223,88.306442,23.648787,0.002840,0.985201,-0.132977,0.108110,6.560392,54.377495,29.338085,0.026589,0.875825,-0.090148,0.473389,5.024584,11.247408,41.026043,0.025687,0.955363,-0.107430,0.274010,-9.936547,3.120477,-9.604226,0.026589,0.875825,-0.090148,0.473389,15.159585,3.206022,34.711445
927,7.725000,0.036330,0.957711,-0.039948,0.282619,-5.314554,88.723351,18.857468,0.030235,0.931924,0.134574,0.335401,-4.648997,95.902420,18.453215,-0.011287,0.933669,0.020188,0.357391,-5.295735,114.240410,23.621580,0.052041,0.968079,-0.065073,0.236392,-5.935802,132.247925,24.155724,0.048285,0.976433,-0.190818,0.088525,-3.346334,145.442947,21.222313,-0.083965,0.875293,0.218383,0.423227,-9.005387,126.797638,22.200302,0.211813,-0.551364,-0.057957,-0.804844,-19.489967,127.430107,9.211569,0.080227,-0.096307,-0.496600,-0.858881,-10.519706,124.164024,-12.023937,0.083465,0.244474,-0.531046,-0.807004,1.220185,144.304871,-17.918100,-0.116583,0.969787,0.108737,0.184659,-3.765754,126.844429,26.901638,0.379102,0.788408,0.157276,-0.458212,11.345282,129.950790,33.307945,0.176477,0.085036,0.485467,-0.852025,18.158855,119.388809,13.709499,0.166322,-0.228794,0.688359,-0.667946,7.308891,136.212372,7.035512,0.025593,0.955074,0.144621,0.257417,-12.690844,89.137306,14.064735,0.058331,0.962388,0.028155,0.263845,-11.803686,55.938881,4.023121,0.025636,0.955378,-0.107391,0.273976,-16.159365,11.601936,0.223833,-0.084116,0.960863,-0.062916,0.256338,2.061736,88.309387,23.650200,0.002741,0.985165,-0.132912,0.108523,6.551015,54.379837,29.341299,0.026531,0.875763,-0.090129,0.473510,5.019707,11.248154,41.023941,0.025636,0.955378,-0.107391,0.273976,-9.934144,3.121262,-9.603730,0.026531,0.875763,-0.090129,0.473510,15.157455,3.207905,34.712311
928,7.733333,0.035834,0.957688,-0.039764,0.282787,-5.305809,88.716133,18.862514,0.030078,0.931952,0.134110,0.335523,-4.647782,95.895935,18.458876,-0.011292,0.933635,0.019990,0.357489,-5.294946,114.244751,23.610626,0.052054,0.968031,-0.065294,0.236522,-5.932703,132.252533,24.137964,0.048478,0.976360,-0.191064,0.088693,-3.340923,145.445969,21.199379,-0.084067,0.875190,0.218258,0.423485,-9.002608,126.801941,22.183912,0.212095,-0.551010,-0.057725,-0.805029,-19.479332,127.431847,9.188713,0.080627,-0.095967,-0.496657,-0.858849,-10.489663,124.153831,-12.036744,0.083834,0.244796,-0.531188,-0.806775,1.250663,144.295700,-17.926506,-0.116544,0.969789,0.108600,0.184750,-3.763964,126.849770,26.886341,0.379153,0.788460,0.157557,-0.457984,11.346249,129.955429,33.294945,0.176499,0.085028,0.485458,-0.852026,18.167772,119.394958,13.698438,0.166347,-0.228579,0.688435,-0.667935,7.317375,136.218231,7.024347,0.025871,0.955031,0.144538,0.257595,-12.681061,89.122505,14.067535,0.058241,0.962367,0.028205,0.263936,-11.811987,55.923401,4.026545,0.025406,0.955439,-0.106959,0.273954,-16.158466,11.585769,0.224669,-0.083955,0.960803,-0.062889,0.256622,2.069442,88.309761,23.657494,0.002569,0.985216,-0.132908,0.108066,6.546883,54.378094,29.345331,0.026814,0.875919,-0.089961,0.473237,5.036169,11.246216,41.029991,0.025406,0.955439,-0.106959,0.273954,-9.928520,3.116316,-9.609575,0.026814,0.875919,-0.089961,0.473237,15.167316,3.205982,34.707745
929,7.741667,0.036258,0.957531,-0.039864,0.283251,-5.313184,88.727531,18.849186,0.030469,0.931885,0.134238,0.335621,-4.648700,95.906769,18.446238,-0.012099,0.933598,0.019928,0.357563,-5.283440,114.231514,23.601179,0.052505,0.967926,-0.065432,0.236815,-5.947598,132.238724,24.115957,0.048656,0.976288,-0.191293,0.088891,-3.341870,145.429489,21.177786,-0.083469,0.875100,0.218130,0.423855,-9.009150,126.782295,22.165058,0.212773,-0.550483,-0.057839,-0.805202,-19.478745,127.430817,9.165030,0.081292,-0.095519,-0.496678,-0.858824,-10.462664,124.145386,-12.048072,0.084328,0.244871,-0.531170,-0.806713,1.280777,144.286224,-17.935207,-0.116531,0.969815,0.108400,0.184739,-3.771521,126.841019,26.868496,0.378720,0.788721,0.157617,-0.457873,11.338923,129.947601,33.276100,0.176062,0.085142,0.485371,-0.852155,18.180435,119.398918,13.680227,0.166330,-0.228437,0.688349,-0.668077,7.326653,136.223373,7.010814,0.025809,0.954993,0.144131,0.257971,-12.683270,89.140137,14.046802,0.058335,0.962321,0.028251,0.264077,-11.813519,55.932671,4.033590,0.025509,0.955369,-0.107152,0.274111,-16.166378,11.596253,0.224922,-0.084080,0.960722,-0.062984,0.256859,2.056901,88.314919,23.651571,0.002449,0.985211,-0.132822,0.108218,6.539497,54.385548,29.349010,0.027064,0.875902,-0.089906,0.473266,5.038402,11.251569,41.027122,0.025509,0.955369,-0.107152,0.274111,-9.935300,3.121811,-9.604305,0.027064,0.875902,-0.089906,0.473266,15.167200,3.209530,34.703411
930,7.750000,0.036313,0.957464,-0.040056,0.283443,-5.320646,88.724075,18.851648,0.030696,0.931843,0.133630,0.335961,-4.654532,95.903038,18.446400,-0.012114,0.933466,0.019793,0.357915,-5.275353,114.237534,23.583994,0.052559,0.967834,-0.065509,0.237157,-5.938468,132.244919,24.093809,0.048539,0.976197,-0.191681,0.089116,-3.329260,145.434906,21.155222,-0.083610,0.874993,0.218209,0.424006,-8.998977,126.788261,22.141949,0.212899,-0.550286,-0.057512,-0.805327,-19.463509,127.435158,9.137765,0.081320,-0.095283,-0.496607,-0.858889,-10.435567,124.136497,-12.068240,0.084144,0.245073,-0.531366,-0.806542,1.313436,144.276733,-17.946291,-0.116531,0.969785,0.108304,0.184955,-3.764902,126.847733,26.849329,0.378643,0.788781,0.157462,-0.457885,11.342875,129.954025,33.263351,0.176086,0.085275,0.485422,-0.852108,18.186573,119.403862,13.669035,0.166500,-0.228427,0.688352,-0.668035,7.335877,136.228058,6.994172,0.025830,0.954920,0.144076,0.258270,-12.688740,89.136475,14.046192,0.058349,0.962235,0.028261,0.264387,-11.818235,55.927967,4.036473,0.025423,0.955375,-0.107029,0.274149,-16.170835,11.591739,0.225152,-0.084105,0.960588,-0.062906,0.257370,2.047448,88.311676,23.657104,0.002310,0.985186,-0.132755,0.108534,6.530075,54.381908,29.352146,0.026734,0.875913,-0.089939,0.473257,5.038099,11.246297,41.025406,0.025423,0.955375,-0.107029,0.274149,-9.937164,3.120628,-9.605304,0.026734,0.875913,-0.089939,0.473257,15.170736,3.207474,34.703762
931,7.758333,0.036462,0.957336,-0.040054,0.283857,-5.321296,88.727821,18.843048,0.030603,0.931817,0.133707,0.336009,-4.652967,95.906624,18.438728,-0.012124,0.933502,0.019546,0.357835,-5.278271,114.237465,23.576904,0.052364,0.967803,-0.065675,0.237280,-5.938494,132.245193,24.078325,0.048787,0.976078,-0.192034,0.089528,-3.332778,145.434723,21.134602,-0.083406,0.874994,0.217426,0.424447,-9.000184,126.788094,22.129560,0.213047,-0.550034,-0.057422,-0.805467,-19.453346,127.433083,9.116144,0.081507,-0.095014,-0.496530,-0.858945,-10.411990,124.130127,-12.083474,0.084140,0.245408,-0.531289,-0.806491,1.343152,144.268753,-17.954823,-0.116311,0.969839,0.108125,0.184915,-3.765301,126.848961,26.836025,0.378271,0.788928,0.157120,-0.458058,11.344673,129.949585,33.247612,0.175742,0.085432,0.485381,-0.852186,18.194155,119.404480,13.652590,0.166486,-0.228281,0.688567,-0.667867,7.341604,136.230988,6.978292,0.025911,0.954841,0.143744,0.258737,-12.685069,89.142357,14.031157,0.058385,0.962137,0.028296,0.264733,-11.821099,55.927521,4.041913,0.025329,0.955355,-0.107052,0.274216,-16.174547,11.591846,0.225211,-0.084121,0.960586,-0.063014,0.257347,2.042477,88.313278,23.654942,0.002275,0.985174,-0.132716,0.108688,6.524341,54.384647,29.357349,0.025819,0.875960,-0.090761,0.473064,5.033981,11.248094,41.027328,0.025329,0.955355,-0.107052,0.274216,-9.938185,3.120862,-9.603648,0.025819,0.875960,-0.090761,0.473064,15.169265,3.202856,34.718094
932,7.766667,0.036523,0.957250,-0.040237,0.284112,-5.322972,88.730164,18.841072,0.030698,0.931783,0.133422,0.336210,-4.652936,95.908699,18.434656,-0.012286,0.933435,0.019347,0.358014,-5.272161,114.239052,23.563110,0.052390,0.967748,-0.065602,0.237520,-5.935350,132.246918,24.055626,0.048960,0.975965,-0.192466,0.089733,-3.328301,145.436829,21.114822,-0.083488,0.874897,0.217583,0.424549,-8.995435,126.788399,22.108278,0.213210,-0.549782,-0.057276,-0.805606,-19.445234,127.434219,9.092199,0.081706,-0.094676,-0.496556,-0.858949,-10.390182,124.124512,-12.100524,0.084364,0.245595,-0.531384,-0.806347,1.366830,144.264679,-17.962765,-0.116454,0.969811,0.108063,0.185004,-3.762412,126.852348,26.816771,0.378074,0.789062,0.156875,-0.458074,11.345354,129.957550,33.231339,0.176176,0.084742,0.485125,-0.852311,18.201084,119.412254,13.638611,0.167617,-0.228315,0.689775,-0.666324,7.332460,136.236633,6.981348,0.026008,0.954821,0.143588,0.258887,-12.684115,89.144585,14.025150,0.058340,0.962159,0.028329,0.264658,-11.827843,55.926991,4.044428,0.025310,0.955361,-0.107017,0.274211,-16.176996,11.591023,0.226220,-0.084123,0.960491,-0.062981,0.257709,2.038171,88.315735,23.656996,0.002025,0.985055,-0.132585,0.109928,6.518593,54.386829,29.358921,0.026730,0.875820,-0.090052,0.473408,5.036852,11.247057,41.018097,0.025310,0.955361,-0.107017,0.274211,-9.940333,3.120941,-9.603223,0.026730,0.875820,-0.090052,0.473408,15.171053,3.206012,34.701790
933,7.775000,0.036584,0.957156,-0.040396,0.284397,-5.322633,88.731232,18.837963,0.030780,0.931728,0.132933,0.336549,-4.650989,95.909515,18.429802,-0.012293,0.933310,0.019323,0.358341,-5.262783,114.244011,23.541882,0.052407,0.967684,-0.065736,0.237740,-5.926059,132.251907,24.033255,0.048966,0.975903,-0.192747,0.089802,-3.316728,145.440811,21.089865,-0.083489,0.874988,0.217225,0.424546,-8.984858,126.793358,22.083967,0.213235,-0.549575,-0.057063,-0.805755,-19.434736,127.433800,9.067683,0.081783,-0.094401,-0.496589,-0.858952,-10.367985,124.117897,-12.119073,0.084565,0.245679,-0.531557,-0.806187,1.389926,144.260269,-17.971960,-0.116383,0.969766,0.108129,0.185246,-3.755133,126.857414,26.796127,0.377882,0.789219,0.156725,-0.458014,11.350197,129.958862,33.218262,0.175996,0.085207,0.485143,-0.852292,18.215252,119.414223,13.628437,0.167296,-0.228751,0.688816,-0.667246,7.351562,136.234695,6.958598,0.026094,0.954760,0.143380,0.259219,-12.680846,89.145622,14.017558,0.058363,0.962132,0.028364,0.264747,-11.830575,55.924191,4.049076,0.025410,0.955326,-0.106849,0.274389,-16.180519,11.588639,0.226936,-0.084082,0.960421,-0.063012,0.257974,2.035582,88.316841,23.658367,0.001931,0.985037,-0.132515,0.110173,6.511164,54.387726,29.362881,0.027477,0.875798,-0.089390,0.473531,5.035517,11.246273,41.016613,0.025410,0.955326,-0.106849,0.274389,-9.940542,3.121687,-9.603106,0.027477,0.875798,-0.089390,0.473531,15.166983,3.210277,34.689487
934,7.783333,0.036707,0.957069,-0.040552,0.284653,-5.324150,88.734207,18.833139,0.030798,0.931690,0.132733,0.336730,-4.650059,95.912186,18.423521,-0.012316,0.933261,0.019137,0.358476,-5.259539,114.246407,23.528151,0.052395,0.967632,-0.065909,0.237907,-5.921264,132.254532,24.012896,0.049069,0.975836,-0.192968,0.089994,-3.310390,145.442230,21.065550,-0.083447,0.874896,0.217126,0.424793,-8.980003,126.795593,22.064663,0.213270,-0.549422,-0.056849,-0.805866,-19.423111,127.437904,9.043042,0.081882,-0.094126,-0.496582,-0.858977,-10.347368,124.114906,-12.138746,0.084682,0.246006,-0.531495,-0.806116,1.413357,144.258224,-17.982702,-0.116381,0.969769,0.108094,0.185253,-3.751657,126.860825,26.778328,0.377838,0.789286,0.156781,-0.457915,11.353600,129.962402,33.200554,0.176064,0.085157,0.485102,-0.852306,18.224434,119.418671,13.612272,0.167682,-0.228019,0.689655,-0.666533,7.357042,136.240631,6.942118,0.026296,0.954692,0.143017,0.259650,-12.679633,89.149658,14.008665,0.057946,0.962315,0.028513,0.264157,-11.844857,55.921738,4.060546,0.025344,0.955563,-0.106748,0.273608,-16.157839,11.582610,0.238064,-0.084095,0.960323,-0.063085,0.258317,2.031334,88.318756,23.657614,0.002062,0.984971,-0.132460,0.110826,6.504416,54.390442,29.368773,0.026644,0.875577,-0.089897,0.473893,5.010003,11.247730,41.015453,0.025344,0.955563,-0.106748,0.273608,-9.933678,3.118272,-9.604244,0.026644,0.875577,-0.089897,0.473893,15.153962,3.211221,34.709038
935,7.791667,0.036727,0.956977,-0.040819,0.284920,-5.319354,88.734688,18.830038,0.030570,0.931672,0.132729,0.336802,-4.643777,95.912323,18.417004,-0.012341,0.933268,0.018849,0.358474,-5.261659,114.246155,23.518267,0.052381,0.967598,-0.066126,0.237987,-5.920534,132.254654,23.992992,0.049274,0.975772,-0.193155,0.090178,-3.308329,145.440872,21.040239,-0.083476,0.874774,0.216943,0.425133,-8.980139,126.795113,22.047796,0.215271,-0.549105,-0.058339,-0.805443,-19.413445,127.436790,9.018286,0.083023,-0.093281,-0.496543,-0.858983,-10.329472,124.120544,-12.161036,0.084532,0.246315,-0.531479,-0.806048,1.440746,144.260574,-17.997215,-0.116549,0.969794,0.107917,0.185120,-3.751778,126.862144,26.761425,0.377693,0.789506,0.156458,-0.457766,11.353819,129.970840,33.179424,0.175936,0.085380,0.485095,-0.852314,18.236076,119.420586,13.598655,0.167831,-0.227790,0.689667,-0.666561,7.370333,136.240860,6.923314,0.026435,0.954703,0.142745,0.259743,-12.672136,89.148888,14.001338,0.057753,0.962442,0.028604,0.263729,-11.850563,55.916088,4.068402,0.025281,0.955690,-0.106560,0.273246,-16.146479,11.575418,0.244559,-0.084031,0.960270,-0.063134,0.258523,2.033429,88.320488,23.658739,0.001838,0.985035,-0.132449,0.110270,6.500177,54.391861,29.373037,0.026827,0.875796,-0.089964,0.473463,5.032185,11.248806,41.021805,0.025281,0.955690,-0.106560,0.273246,-9.928568,3.115674,-9.605646,0.026827,0.875796,-0.089964,0.473463,15.166649,3.208476,34.705002
936,7.800000,0.036589,0.956926,-0.040859,0.285106,-5.313415,88.731346,18.828993,0.030502,0.931626,0.132416,0.337058,-4.639507,95.909081,18.414972,-0.012145,0.933184,0.018572,0.358714,-5.257315,114.251160,23.505711,0.053031,0.967462,-0.066378,0.238326,-5.906122,132.260208,23.973488,0.048537,0.975751,-0.193414,0.090246,-3.273842,145.442215,21.019720,-0.083836,0.874751,0.216802,0.425181,-8.967865,126.801697,22.028748,0.215052,-0.549057,-0.058249,-0.805541,-19.397787,127.431259,8.995938,0.082904,-0.093122,-0.496569,-0.858996,-10.310907,124.117981,-12.182601,0.084530,0.246590,-0.531342,-0.806054,1.459463,144.260590,-18.009527,-0.116560,0.969790,0.107687,0.185269,-3.741858,126.867470,26.745003,0.377785,0.789569,0.156491,-0.457570,11.361814,129.977402,33.166927,0.175415,0.086631,0.485369,-0.852139,18.249174,119.421921,13.590780,0.166553,-0.227370,0.688385,-0.668348,7.404433,136.240036,6.880097,0.026540,0.954684,0.142638,0.259863,-12.664512,89.142845,13.997496,0.058048,0.962102,0.028540,0.264906,-11.850655,55.908321,4.069719,0.024927,0.955567,-0.106447,0.273752,-16.168726,11.570376,0.239198,-0.083892,0.960164,-0.063183,0.258951,2.037682,88.319847,23.660490,0.001756,0.985038,-0.132401,0.110306,6.491765,54.390026,29.377544,0.026782,0.875828,-0.089918,0.473417,5.031045,11.245808,41.022903,0.024927,0.955567,-0.106447,0.273752,-9.934220,3.115559,-9.604748,0.026782,0.875828,-0.089918,0.473417,15.165695,3.206944,34.704533
937,7.808333,0.036935,0.956797,-0.041337,0.285422,-5.317567,88.739250,18.819685,0.030590,0.931543,0.132380,0.337293,-4.636792,95.916054,18.400724,-0.012160,0.933115,0.018410,0.358900,-5.252186,114.254738,23.490183,0.053068,0.967411,-0.066683,0.238441,-5.899505,132.263977,23.952194,0.048564,0.975731,-0.193493,0.090283,-3.263854,145.443695,20.991213,-0.083957,0.874672,0.216625,0.425411,-8.960974,126.805161,22.007891,0.215175,-0.548957,-0.058206,-0.805580,-19.383678,127.430573,8.969109,0.082854,-0.092897,-0.496650,-0.858978,-10.291418,124.113617,-12.206541,0.084251,0.246923,-0.531331,-0.805989,1.477075,144.260284,-18.023233,-0.116562,0.969778,0.107606,0.185378,-3.736857,126.871895,26.726225,0.377767,0.789698,0.156814,-0.457251,11.365439,129.981964,33.151325,0.175578,0.086728,0.485225,-0.852178,18.267033,119.429436,13.578595,0.166652,-0.227026,0.688548,-0.668273,7.417132,136.241745,6.862058,0.026719,0.954474,0.142148,0.260882,-12.665035,89.153862,13.982943,0.057925,0.962110,0.028728,0.264883,-11.861377,55.910313,4.084586,0.025145,0.955602,-0.106428,0.273617,-16.164516,11.572060,0.240854,-0.083912,0.960111,-0.063260,0.259122,2.029901,88.324646,23.656427,0.001794,0.984930,-0.132315,0.111368,6.482853,54.395721,29.379761,0.026686,0.875557,-0.089945,0.473917,5.007105,11.249495,41.015774,0.025145,0.955602,-0.106428,0.273617,-9.935946,3.116219,-9.605967,0.026686,0.875557,-0.089945,0.473917,15.150549,3.211500,34.710430
938,7.816667,0.036733,0.956755,-0.041344,0.285590,-5.306790,88.734055,18.817114,0.030419,0.931519,0.132062,0.337502,-4.628693,95.911064,18.397339,-0.012275,0.933033,0.018208,0.359119,-5.247250,114.257141,23.474459,0.052983,0.967368,-0.066961,0.238553,-5.895905,132.266556,23.928032,0.048705,0.975714,-0.193525,0.090323,-3.260225,145.444626,20.959702,-0.084009,0.874564,0.216595,0.425637,-8.956110,126.806679,21.984737,0.213309,-0.548956,-0.056473,-0.806200,-19.372105,127.432076,8.940597,0.081769,-0.093312,-0.496768,-0.858969,-10.270546,124.099457,-12.228593,0.084217,0.247194,-0.531348,-0.805898,1.488636,144.253967,-18.036942,-0.116512,0.969770,0.107501,0.185512,-3.734244,126.875854,26.705524,0.377467,0.789870,0.156266,-0.457389,11.366793,129.984421,33.134304,0.175993,0.086161,0.485159,-0.852188,18.273077,119.429222,13.564676,0.168012,-0.227351,0.689692,-0.666640,7.414961,136.244202,6.859676,0.026947,0.954486,0.141941,0.260927,-12.652826,89.145081,13.977888,0.057930,0.962005,0.028743,0.265263,-11.867655,55.898296,4.088922,0.024862,0.955634,-0.106164,0.273634,-16.169392,11.560178,0.242108,-0.083586,0.959861,-0.063423,0.260112,2.039246,88.323029,23.656338,0.001537,0.985088,-0.132254,0.110033,6.461764,54.391754,29.389275,0.027351,0.875802,-0.089355,0.473538,5.025075,11.244002,41.024529,0.024862,0.955634,-0.106164,0.273634,-9.935282,3.112145,-9.607908,0.027351,0.875802,-0.089355,0.473538,15.158497,3.210214,34.697742
939,7.825000,0.036855,0.956681,-0.041541,0.285791,-5.307066,88.734772,18.809748,0.031384,0.931469,0.132856,0.337240,-4.626396,95.911415,18.387909,-0.013270,0.933144,0.016980,0.358855,-5.218684,114.217422,23.496733,0.052776,0.967376,-0.066694,0.238645,-5.884817,132.227478,23.896305,0.048677,0.975698,-0.193512,0.090535,-3.255755,145.408188,20.933842,-0.083505,0.874469,0.216603,0.425927,-8.940631,126.758751,21.971045,0.213083,-0.548923,-0.056854,-0.806255,-19.351192,127.401337,8.923401,0.081695,-0.093180,-0.496997,-0.858858,-10.249944,124.089279,-12.249154,0.084423,0.247256,-0.531588,-0.805699,1.499478,144.251450,-18.050665,-0.117382,0.969679,0.107018,0.185720,-3.716455,126.847313,26.688951,0.377728,0.789786,0.156904,-0.457100,11.375200,129.985962,33.125137,0.176297,0.086321,0.485170,-0.852102,18.284580,119.434105,13.554804,0.167850,-0.227039,0.689728,-0.666749,7.428335,136.245117,6.838147,0.026753,0.954788,0.141851,0.259889,-12.650922,89.146660,13.967289,0.057958,0.961917,0.028668,0.265582,-11.865311,55.897377,4.086773,0.025022,0.955645,-0.106043,0.273627,-16.169889,11.559155,0.244305,-0.083568,0.959828,-0.063551,0.260206,2.036789,88.322876,23.652206,0.001687,0.985009,-0.132190,0.110819,6.455169,54.392521,29.393789,0.027152,0.875547,-0.089312,0.474029,4.996587,11.243287,41.020821,0.025022,0.955645,-0.106043,0.273627,-9.937612,3.112796,-9.608305,0.027152,0.875547,-0.089312,0.474029,15.140486,3.213033,34.706348
940,7.833333,0.037140,0.956608,-0.042047,0.285925,-5.312031,88.737328,18.802782,0.031572,0.931425,0.132728,0.337393,-4.625284,95.913055,18.375242,-0.013402,0.933089,0.016784,0.359003,-5.210060,114.218353,23.481468,0.052706,0.967319,-0.066775,0.238868,-5.878173,132.228516,23.872623,0.048726,0.975630,-0.193712,0.090812,-3.249371,145.408875,20.908392,-0.083550,0.874422,0.216407,0.426115,-8.932800,126.758614,21.948860,0.213232,-0.548893,-0.056955,-0.806229,-19.337753,127.398590,8.896615,0.081751,-0.092940,-0.497084,-0.858829,-10.235525,124.086723,-12.275551,0.084472,0.247375,-0.531765,-0.805541,1.511847,144.252502,-18.068682,-0.117590,0.969632,0.106947,0.185874,-3.710165,126.849838,26.668421,0.377876,0.789867,0.156970,-0.456816,11.377943,129.994934,33.109783,0.176423,0.086614,0.485268,-0.851990,18.294216,119.435570,13.545923,0.167836,-0.226786,0.689726,-0.666842,7.444021,136.245377,6.815776,0.026749,0.954802,0.141593,0.259977,-12.654164,89.151337,13.957893,0.057925,0.961825,0.028710,0.265920,-11.872073,55.896973,4.094201,0.024822,0.955679,-0.106038,0.273527,-16.171482,11.558625,0.247446,-0.083601,0.959741,-0.063533,0.260521,2.030103,88.323318,23.647673,0.001380,0.984884,-0.132085,0.112047,6.449118,54.393185,29.390053,0.027316,0.875419,-0.089692,0.474185,5.004085,11.241400,41.009300,0.024822,0.955679,-0.106038,0.273527,-9.938594,3.113688,-9.605995,0.027316,0.875419,-0.089692,0.474185,15.145493,3.201361,34.703285
941,7.841667,0.037256,0.956510,-0.042072,0.286235,-5.305276,88.741440,18.789248,0.031098,0.931346,0.132094,0.337904,-4.616694,95.917007,18.362068,-0.012852,0.932912,0.017088,0.359469,-5.213160,114.241257,23.443153,0.052617,0.967257,-0.067086,0.239050,-5.866903,132.251572,23.851357,0.048804,0.975570,-0.193966,0.090872,-3.237653,145.430054,20.879169,-0.083693,0.874556,0.215907,0.426065,-8.924139,126.786057,21.919256,0.213448,-0.548776,-0.056589,-0.806277,-19.329718,127.414024,8.866927,0.081889,-0.092815,-0.497250,-0.858733,-10.219582,124.084221,-12.299021,0.084580,0.247550,-0.532027,-0.805302,1.520976,144.254440,-18.090517,-0.117305,0.969607,0.106913,0.186202,-3.706017,126.868378,26.643970,0.377960,0.789972,0.156816,-0.456617,11.380252,130.003189,33.094639,0.176368,0.087098,0.485427,-0.851862,18.302050,119.434151,13.537964,0.167576,-0.226458,0.689869,-0.666871,7.461157,136.244797,6.790352,0.027209,0.954348,0.140905,0.261964,-12.644136,89.156975,13.939531,0.057862,0.961861,0.028948,0.265776,-11.884652,55.890846,4.113811,0.025021,0.955678,-0.105724,0.273636,-16.173563,11.553073,0.248726,-0.083521,0.959700,-0.063659,0.260666,2.033585,88.325905,23.638966,0.001382,0.984895,-0.132096,0.111941,6.444160,54.395973,29.389017,0.026484,0.875483,-0.090556,0.473948,5.000166,11.244449,41.009377,0.025021,0.955678,-0.105724,0.273636,-9.939612,3.113905,-9.608987,0.026484,0.875483,-0.090556,0.473948,15.142158,3.196140,34.714867
942,7.850000,0.037263,0.956441,-0.042663,0.286376,-5.299629,88.736870,18.790417,0.030512,0.931340,0.131207,0.338319,-4.608457,95.911705,18.355225,-0.012512,0.932747,0.017697,0.359880,-5.217094,114.268890,23.404013,0.052790,0.967143,-0.067810,0.239269,-5.867459,132.278748,23.836803,0.048840,0.975522,-0.194137,0.091007,-3.228205,145.451431,20.847872,-0.084598,0.874381,0.216055,0.426170,-8.924167,126.816574,21.894451,0.213835,-0.548648,-0.056515,-0.806266,-19.321665,127.421448,8.834598,0.082181,-0.092574,-0.497363,-0.858665,-10.204625,124.080215,-12.326574,0.084730,0.247814,-0.532215,-0.805081,1.532643,144.253159,-18.115255,-0.116898,0.969672,0.106783,0.186193,-3.710085,126.891220,26.623749,0.378179,0.790168,0.157091,-0.456003,11.379473,130.013947,33.072578,0.176612,0.087338,0.485418,-0.851792,18.319664,119.434761,13.527915,0.167581,-0.226161,0.689886,-0.666952,7.480601,136.240356,6.767232,0.027296,0.954464,0.140814,0.261580,-12.637058,89.149399,13.938281,0.057690,0.961965,0.028965,0.265435,-11.888976,55.881821,4.116593,0.024815,0.955814,-0.105518,0.273258,-16.164129,11.542365,0.255593,-0.083418,0.959676,-0.063613,0.260801,2.037802,88.324341,23.642551,0.001331,0.984875,-0.132087,0.112126,6.441619,54.392796,29.388300,0.026371,0.875482,-0.090675,0.473934,4.999981,11.241039,41.008083,0.024815,0.955814,-0.105518,0.273258,-9.934710,3.109123,-9.610054,0.026371,0.875482,-0.090675,0.473934,15.142327,3.191592,34.715599
943,7.858333,0.037427,0.956376,-0.042975,0.286526,-5.299024,88.736832,18.781788,0.030203,0.931324,0.131073,0.338442,-4.604235,95.911110,18.343084,-0.011778,0.932767,0.017337,0.359870,-5.223293,114.285934,23.387491,0.052618,0.967174,-0.068155,0.239085,-5.844309,132.296890,23.817713,0.048915,0.975485,-0.194376,0.090855,-3.208274,145.467789,20.818066,-0.085355,0.874399,0.215701,0.426163,-8.910007,126.839424,21.876305,0.213821,-0.548785,-0.056469,-0.806180,-19.303421,127.417038,8.811958,0.082219,-0.092557,-0.497444,-0.858617,-10.193118,124.072838,-12.351653,0.084956,0.247820,-0.532505,-0.804864,1.540458,144.247849,-18.140638,-0.116872,0.969658,0.106716,0.186324,-3.695569,126.906250,26.605331,0.378399,0.790305,0.157089,-0.455581,11.392570,130.028015,33.057957,0.176282,0.088634,0.485496,-0.851682,18.342873,119.435181,13.524286,0.166344,-0.225269,0.688831,-0.668652,7.516755,136.232605,6.723699,0.027357,0.954475,0.140527,0.261688,-12.634727,89.150391,13.927129,0.057743,0.961896,0.029036,0.265666,-11.894807,55.877434,4.123066,0.024595,0.955791,-0.105468,0.273379,-16.171907,11.538893,0.253678,-0.083388,0.959656,-0.063725,0.260856,2.036681,88.323273,23.636448,0.001415,0.984971,-0.132097,0.111270,6.436082,54.392361,29.389351,0.027446,0.875375,-0.089746,0.474248,4.997066,11.240870,41.010452,0.024595,0.955791,-0.105468,0.273379,-9.936549,3.108257,-9.610447,0.027446,0.875375,-0.089746,0.474248,15.137395,3.198206,34.706039
944,7.866667,0.037500,0.956308,-0.043166,0.286716,-5.294084,88.737396,18.772429,0.030077,0.931307,0.130879,0.338577,-4.597417,95.911354,18.331532,-0.011911,0.932728,0.017110,0.359978,-5.219120,114.288239,23.367434,0.052566,0.967119,-0.068214,0.239300,-5.841741,132.299362,23.788210,0.049063,0.975422,-0.194505,0.091170,-3.205672,145.470016,20.787466,-0.085347,0.874407,0.215398,0.426301,-8.906513,126.840637,21.848879,0.214043,-0.548650,-0.056426,-0.806216,-19.296022,127.415146,8.781303,0.082394,-0.092569,-0.497565,-0.858529,-10.178617,124.065102,-12.378308,0.085009,0.247891,-0.532487,-0.804849,1.549065,144.242172,-18.172045,-0.116804,0.969634,0.106472,0.186629,-3.693226,126.910339,26.579126,0.378379,0.790455,0.156487,-0.455546,11.391629,130.030243,33.040298,0.176546,0.088381,0.485645,-0.851569,18.344162,119.422508,13.515520,0.167350,-0.225169,0.689833,-0.667401,7.521082,136.225708,6.717189,0.027431,0.954491,0.140240,0.261777,-12.627764,89.151024,13.914725,0.057731,0.961884,0.029092,0.265705,-11.897136,55.872761,4.127974,0.024486,0.955816,-0.105361,0.273342,-16.171703,11.534387,0.253898,-0.083332,0.959622,-0.063791,0.260982,2.039598,88.323761,23.630131,0.001397,0.984936,-0.132129,0.111539,6.433305,54.392792,29.386959,0.027490,0.875329,-0.089779,0.474324,4.992370,11.242041,41.010563,0.024486,0.955816,-0.105361,0.273342,-9.935152,3.106856,-9.612119,0.027490,0.875329,-0.089779,0.474324,15.133065,3.198215,34.708241
945,7.875000,0.037591,0.956241,-0.043440,0.286884,-5.291424,88.739471,18.762865,0.030150,0.931261,0.130691,0.338768,-4.592287,95.912994,18.318689,-0.012015,0.932655,0.016934,0.360171,-5.209942,114.290848,23.348621,0.052800,0.967021,-0.068494,0.239563,-5.833841,132.302109,23.762016,0.048907,0.975398,-0.194571,0.091373,-3.188715,145.469849,20.756556,-0.085518,0.874329,0.215343,0.426454,-8.897469,126.842415,21.823559,0.214278,-0.548680,-0.056363,-0.806138,-19.281643,127.412460,8.751544,0.082620,-0.092498,-0.497694,-0.858440,-10.165412,124.053528,-12.407168,0.085372,0.247836,-0.532816,-0.804609,1.556756,144.233063,-18.203485,-0.116736,0.969622,0.106198,0.186889,-3.686164,126.914307,26.555964,0.378605,0.790568,0.156673,-0.455098,11.395979,130.032761,33.024178,0.176714,0.088871,0.485618,-0.851498,18.359499,119.415375,13.508550,0.166987,-0.224671,0.689823,-0.667670,7.538541,136.212616,6.689326,0.027498,0.954380,0.139957,0.262327,-12.623297,89.153091,13.902429,0.057756,0.961767,0.029097,0.266124,-11.896751,55.869572,4.133276,0.024535,0.955844,-0.105273,0.273271,-16.171608,11.531475,0.256353,-0.083323,0.959638,-0.063855,0.260912,2.040449,88.325851,23.623299,0.001169,0.985091,-0.132238,0.110034,6.432781,54.395340,29.383940,0.027862,0.875715,-0.089930,0.473560,5.028636,11.247105,41.021374,0.024535,0.955844,-0.105273,0.273271,-9.936900,3.105610,-9.612255,0.027862,0.875715,-0.089930,0.473560,15.151628,3.195324,34.700768
946,7.883333,0.037667,0.956189,-0.043714,0.287007,-5.284801,88.740829,18.753286,0.030268,0.931205,0.130490,0.338989,-4.583433,95.913925,18.305742,-0.012556,0.932532,0.016903,0.360474,-5.195113,114.282654,23.327105,0.052842,0.966915,-0.068634,0.239944,-5.836952,132.293472,23.732225,0.048989,0.975359,-0.194577,0.091729,-3.188077,145.460022,20.724817,-0.085263,0.874276,0.215335,0.426617,-8.893917,126.829933,21.794090,0.214501,-0.548615,-0.056307,-0.806127,-19.274906,127.408646,8.719924,0.082790,-0.092679,-0.497625,-0.858444,-10.155077,124.042549,-12.436104,0.085197,0.247842,-0.532895,-0.804574,1.568774,144.217865,-18.243715,-0.116475,0.969629,0.105982,0.187140,-3.685874,126.909004,26.529968,0.378573,0.790757,0.156582,-0.454827,11.395180,130.019485,33.004559,0.176580,0.089322,0.485863,-0.851339,18.371332,119.396034,13.496749,0.167164,-0.224262,0.689706,-0.667884,7.562510,136.197968,6.661994,0.027615,0.954365,0.139698,0.262506,-12.615323,89.154213,13.890794,0.057680,0.961855,0.029104,0.265822,-11.899422,55.866112,4.136484,0.024595,0.955895,-0.105099,0.273155,-16.168871,11.527276,0.262045,-0.083272,0.959637,-0.063915,0.260918,2.045720,88.327446,23.615780,0.001171,0.985038,-0.132268,0.110470,6.433600,54.396893,29.379490,0.027666,0.875660,-0.090123,0.473636,5.023850,11.249381,41.018944,0.024595,0.955895,-0.105099,0.273155,-9.936771,3.104903,-9.611191,0.027666,0.875660,-0.090123,0.473636,15.149101,3.195931,34.704082
947,7.891667,0.037586,0.956188,-0.043758,0.287015,-5.275986,88.735947,18.746332,0.030777,0.931141,0.130698,0.339039,-4.575556,95.909073,18.297857,-0.013611,0.932450,0.016259,0.360676,-5.171307,114.247429,23.325464,0.052706,0.966847,-0.068492,0.240287,-5.840297,132.258026,23.695063,0.049159,0.975343,-0.194480,0.092019,-3.194210,145.426041,20.691622,-0.084694,0.874206,0.215328,0.426877,-8.888137,126.786133,21.766127,0.214584,-0.548647,-0.056570,-0.806065,-19.264940,127.383423,8.689467,0.083026,-0.092782,-0.497615,-0.858416,-10.148082,124.024605,-12.469007,0.085600,0.247610,-0.532893,-0.804604,1.575358,144.197342,-18.286354,-0.116891,0.969566,0.105498,0.187482,-3.682529,126.882263,26.504368,0.378515,0.791148,0.156397,-0.454259,11.391002,130.007797,32.989227,0.176177,0.090465,0.486009,-0.851219,18.393251,119.371544,13.497736,0.167059,-0.223352,0.688021,-0.669949,7.603067,136.163025,6.632111,0.027742,0.954396,0.139587,0.262441,-12.606537,89.147728,13.883745,0.057687,0.961816,0.029061,0.265964,-11.901771,55.857964,4.134291,0.024481,0.955919,-0.104891,0.273162,-16.172245,11.518964,0.262782,-0.083194,0.959595,-0.063973,0.261083,2.054566,88.324158,23.608919,0.001453,0.984943,-0.132226,0.111360,6.435196,54.393208,29.375835,0.027238,0.875321,-0.090059,0.474301,4.990479,11.244759,41.007530,0.024481,0.955919,-0.104891,0.273162,-9.937469,3.102031,-9.613408,0.027238,0.875321,-0.090059,0.474301,15.131971,3.198076,34.710125
948,7.900000,0.037918,0.956092,-0.044095,0.287239,-5.276679,88.740173,18.730082,0.030634,0.931068,0.130832,0.339199,-4.570178,95.912506,18.278505,-0.013107,0.932439,0.015969,0.360735,-5.173893,114.258507,23.311237,0.052760,0.966851,-0.068660,0.240209,-5.822219,132.269913,23.677622,0.049056,0.975305,-0.194790,0.091816,-3.174053,145.436554,20.669930,-0.085135,0.874254,0.214930,0.426892,-8.876135,126.801208,21.749302,0.214828,-0.548896,-0.056398,-0.805842,-19.250002,127.379921,8.669477,0.083394,-0.093104,-0.497491,-0.858417,-10.145007,124.005302,-12.491592,0.086038,0.247367,-0.533130,-0.804475,1.581494,144.170029,-18.330523,-0.117295,0.969574,0.104915,0.187515,-3.670943,126.892174,26.488104,0.379141,0.791224,0.156113,-0.453703,11.399020,130.034348,32.973225,0.176945,0.090980,0.486165,-0.850915,18.402708,119.363655,13.501087,0.166990,-0.222737,0.689382,-0.668771,7.618605,136.154404,6.598462,0.027383,0.954923,0.139551,0.260571,-12.604528,89.155602,13.863732,0.057684,0.961753,0.028902,0.266212,-11.895734,55.863773,4.121620,0.024751,0.955917,-0.104923,0.273134,-16.168720,11.523926,0.262689,-0.083229,0.959564,-0.064025,0.261171,2.051171,88.324738,23.596432,0.001266,0.984952,-0.132311,0.111185,6.432609,54.394650,29.367813,0.026312,0.875553,-0.091179,0.473709,5.005556,11.248171,41.008965,0.024751,0.955917,-0.104923,0.273134,-9.938463,3.104510,-9.614235,0.026312,0.875553,-0.091179,0.473709,15.141439,3.188784,34.718777
949,7.908333,0.038020,0.956070,-0.044277,0.287271,-5.272227,88.739891,18.718143,0.030366,0.930999,0.130171,0.339669,-4.563544,95.911880,18.264513,-0.012686,0.932240,0.016254,0.361253,-5.171335,114.285675,23.276161,0.052387,0.966784,-0.069163,0.240418,-5.809439,132.297150,23.657244,0.049285,0.975276,-0.194769,0.092048,-3.166874,145.461533,20.634851,-0.085835,0.874385,0.214589,0.426655,-8.864474,126.831886,21.720924,0.215292,-0.549071,-0.056015,-0.805626,-19.241119,127.383194,8.642127,0.083800,-0.093449,-0.497305,-0.858448,-10.143059,123.980072,-12.517349,0.086233,0.247199,-0.533028,-0.804573,1.589275,144.134628,-18.379620,-0.116885,0.969608,0.104573,0.187784,-3.664398,126.915726,26.465467,0.379667,0.791405,0.155926,-0.453011,11.405384,130.045959,32.956760,0.177005,0.092341,0.486521,-0.850553,18.419689,119.343697,13.505791,0.166242,-0.221924,0.688584,-0.670049,7.661550,136.128067,6.552299,0.027460,0.954879,0.139362,0.260826,-12.599614,89.156090,13.851169,0.057724,0.961664,0.028908,0.266524,-11.896802,55.860889,4.120158,0.024549,0.955900,-0.105013,0.273174,-16.171875,11.521488,0.258402,-0.083196,0.959610,-0.064106,0.260993,2.055160,88.323685,23.585119,0.001152,0.984996,-0.132521,0.110539,6.434028,54.393948,29.360512,0.027595,0.875703,-0.090359,0.473517,5.022595,11.252427,41.021942,0.024549,0.955900,-0.105013,0.273174,-9.938318,3.101369,-9.615834,0.027595,0.875703,-0.090359,0.473517,15.145157,3.194841,34.708050
950,7.916667,0.038138,0.956026,-0.044442,0.287375,-5.266273,88.738396,18.706169,0.030572,0.930964,0.130532,0.339608,-4.555242,95.910042,18.250841,-0.013327,0.932257,0.015542,0.361218,-5.159337,114.256081,23.271248,0.052621,0.966705,-0.069233,0.240664,-5.809682,132.267776,23.620089,0.049092,0.975285,-0.194654,0.092296,-3.159428,145.430771,20.598352,-0.085095,0.874447,0.214290,0.426827,-8.861073,126.796974,21.693684,0.215758,-0.549134,-0.056011,-0.805459,-19.237041,127.366722,8.615136,0.084467,-0.093683,-0.497154,-0.858444,-10.142156,123.950455,-12.543593,0.087124,0.246722,-0.532888,-0.804716,1.595285,144.094757,-18.430828,-0.117161,0.969568,0.104043,0.188112,-3.660872,126.892853,26.437860,0.379791,0.791797,0.156023,-0.452188,11.402638,130.034058,32.938408,0.176663,0.093963,0.486705,-0.850341,18.447252,119.316353,13.506895,0.165321,-0.220837,0.687254,-0.671998,7.709608,136.091965,6.501760,0.027635,0.954705,0.139080,0.261594,-12.592447,89.155624,13.837452,0.057740,0.961683,0.028942,0.266446,-11.898591,55.855656,4.122135,0.024261,0.955900,-0.104946,0.273227,-16.174549,11.516595,0.257418,-0.083206,0.959638,-0.064185,0.260868,2.059901,88.321159,23.574886,0.001243,0.985070,-0.132477,0.109936,6.438704,54.392242,29.355133,0.027648,0.875649,-0.090362,0.473613,5.026843,11.249685,41.012672,0.024261,0.955900,-0.104946,0.273227,-9.935513,3.099903,-9.616285,0.027648,0.875649,-0.090362,0.473613,15.150185,3.191461,34.700836
951,7.925000,0.038216,0.955995,-0.044607,0.287444,-5.258609,88.737244,18.692125,0.030022,0.930918,0.130004,0.339985,-4.545793,95.908592,18.234898,-0.012450,0.932138,0.015699,0.361548,-5.165520,114.292320,23.238167,0.052144,0.966686,-0.069779,0.240687,-5.788550,132.304642,23.603462,0.049186,0.975234,-0.194822,0.092437,-3.147200,145.465469,20.564566,-0.086019,0.874575,0.213752,0.426648,-8.847014,126.840340,21.669889,0.216020,-0.549598,-0.055312,-0.805120,-19.222797,127.373779,8.589665,0.084851,-0.094169,-0.496758,-0.858582,-10.148018,123.919022,-12.571445,0.087731,0.246247,-0.532741,-0.804893,1.603949,144.046555,-18.486959,-0.116737,0.969587,0.103744,0.188445,-3.649850,126.923820,26.417627,0.380549,0.791925,0.155903,-0.451367,11.412787,130.052094,32.926430,0.177652,0.094989,0.487048,-0.849824,18.465099,119.295670,13.519115,0.165781,-0.219723,0.687651,-0.671844,7.748537,136.063217,6.455507,0.027632,0.954785,0.138953,0.261370,-12.583980,89.154877,13.822237,0.057748,0.961682,0.028860,0.266458,-11.894542,55.852436,4.115070,0.024261,0.955921,-0.104858,0.273188,-16.173054,11.513031,0.257176,-0.083134,0.959573,-0.064236,0.261116,2.066762,88.319611,23.562014,0.001422,0.984883,-0.132479,0.111588,6.438340,54.390312,29.345503,0.025296,0.875460,-0.091641,0.473848,4.991133,11.247849,40.999058,0.024261,0.955921,-0.104858,0.273188,-9.934482,3.098320,-9.618505,0.025296,0.875460,-0.091641,0.473848,15.138769,3.191008,34.724583
952,7.933333,0.038289,0.955963,-0.044690,0.287526,-5.252273,88.737251,18.677122,0.029948,0.930856,0.129890,0.340205,-4.538067,95.908417,18.219109,-0.012402,0.932048,0.015494,0.361791,-5.160188,114.296532,23.218132,0.052005,0.966641,-0.070053,0.240820,-5.779044,132.309128,23.577013,0.049228,0.975219,-0.194837,0.092534,-3.138969,145.468475,20.530596,-0.086207,0.874825,0.213039,0.426454,-8.837821,126.844910,21.643688,0.218214,-0.549778,-0.056429,-0.804328,-19.218050,127.360580,8.566282,0.086442,-0.094123,-0.496241,-0.858728,-10.158322,123.887672,-12.598298,0.088372,0.245524,-0.532644,-0.805108,1.618757,143.990311,-18.548420,-0.116495,0.969593,0.103247,0.188833,-3.643121,126.928734,26.394117,0.381129,0.792121,0.155785,-0.450573,11.416501,130.050980,32.912777,0.178827,0.095249,0.487224,-0.849447,18.481558,119.261482,13.528484,0.167263,-0.218698,0.688617,-0.670821,7.773868,136.021683,6.431258,0.027719,0.954771,0.138804,0.261491,-12.576712,89.155602,13.805895,0.057657,0.961814,0.028762,0.266012,-11.894565,55.850643,4.106867,0.024360,0.955974,-0.104697,0.273055,-16.169380,11.509791,0.261529,-0.083265,0.959722,-0.064226,0.260529,2.072166,88.318893,23.548347,0.001320,0.985001,-0.132655,0.110336,6.456148,54.391022,29.330793,0.026876,0.875654,-0.090831,0.473558,5.031008,11.252705,41.002392,0.024360,0.955974,-0.104697,0.273055,-9.934400,3.098035,-9.618934,0.026876,0.875654,-0.090831,0.473558,15.159909,3.193805,34.700359
953,7.941667,0.038430,0.955959,-0.044656,0.287525,-5.250111,88.738037,18.659061,0.030343,0.930809,0.130379,0.340112,-4.534092,95.909088,18.202108,-0.013167,0.932057,0.014745,0.361771,-5.147192,114.262962,23.215479,0.051956,0.966615,-0.069944,0.240964,-5.781975,132.275681,23.539242,0.049333,0.975219,-0.194752,0.092664,-3.143174,145.435974,20.495819,-0.085428,0.874928,0.212684,0.426577,-8.835920,126.804993,21.616583,0.218860,-0.550116,-0.056295,-0.803930,-19.217098,127.338943,8.540662,0.087252,-0.094751,-0.495527,-0.858989,-10.174006,123.839973,-12.626746,0.088954,0.244899,-0.532118,-0.805582,1.631419,143.913071,-18.620338,-0.116812,0.969561,0.102611,0.189149,-3.641292,126.902679,26.366823,0.381486,0.792554,0.155812,-0.449500,11.411877,130.037979,32.894123,0.178524,0.097585,0.487662,-0.848995,18.509287,119.220398,13.537306,0.165740,-0.217286,0.687610,-0.672689,7.838078,135.971527,6.360688,0.027749,0.954683,0.138599,0.261919,-12.574371,89.158943,13.787786,0.057654,0.961815,0.028713,0.266013,-11.893669,55.850143,4.101858,0.024419,0.955953,-0.104634,0.273148,-16.169464,11.509013,0.260781,-0.083326,0.959748,-0.064396,0.260374,2.074150,88.317123,23.530336,0.001342,0.984978,-0.132717,0.110470,6.459957,54.391460,29.324404,0.026897,0.875657,-0.090886,0.473541,5.030717,11.254623,41.000999,0.024419,0.955953,-0.104634,0.273148,-9.932959,3.098290,-9.619600,0.026897,0.875657,-0.090886,0.473541,15.158683,3.194331,34.699238
954,7.950000,0.038476,0.955889,-0.044875,0.287719,-5.240269,88.734039,18.645636,0.029846,0.930748,0.129829,0.340531,-4.522627,95.904755,18.185999,-0.012546,0.931918,0.014918,0.362146,-5.149271,114.291702,23.180859,0.050885,0.966650,-0.070236,0.240966,-5.765568,132.304810,23.518272,0.049991,0.975122,-0.194923,0.092963,-3.152819,145.466904,20.460186,-0.086086,0.875191,0.212087,0.426202,-8.823708,126.838814,21.588949,0.219061,-0.550684,-0.055182,-0.803564,-19.211800,127.341629,8.517287,0.087570,-0.095840,-0.494587,-0.859378,-10.192017,123.789131,-12.651146,0.089118,0.244039,-0.531259,-0.806391,1.648203,143.826584,-18.695131,-0.116169,0.969615,0.102012,0.189590,-3.632674,126.927361,26.343298,0.382050,0.792948,0.154995,-0.448606,11.419910,130.044342,32.880707,0.179448,0.098876,0.488025,-0.848442,18.534613,119.175377,13.559066,0.166582,-0.216059,0.688102,-0.672373,7.888003,135.916275,6.315948,0.027869,0.954751,0.138424,0.261750,-12.562503,89.154396,13.771269,0.057605,0.961854,0.028621,0.265893,-11.894637,55.842705,4.094409,0.024299,0.955991,-0.104465,0.273089,-16.168890,11.500600,0.262902,-0.083244,0.959704,-0.064406,0.260558,2.081965,88.313675,23.520002,0.001415,0.985024,-0.132857,0.109885,6.461080,54.387165,29.314146,0.026819,0.875679,-0.090942,0.473494,5.030935,11.253667,41.002922,0.024299,0.955991,-0.104465,0.273089,-9.931263,3.094471,-9.620680,0.026819,0.875679,-0.090942,0.473494,15.158747,3.193092,34.701283
955,7.958333,0.038718,0.955890,-0.044902,0.287678,-5.239440,88.735344,18.625734,0.030509,0.930622,0.130409,0.340596,-4.518377,95.905754,18.166716,-0.013468,0.931830,0.014107,0.362370,-5.128415,114.253220,23.181412,0.050772,0.966625,-0.070043,0.241149,-5.765191,132.266312,23.479401,0.050157,0.975143,-0.194808,0.092896,-3.155712,145.430176,20.426189,-0.085258,0.875320,0.211850,0.426222,-8.816144,126.792694,21.560329,0.219445,-0.551391,-0.054614,-0.803013,-19.208412,127.316093,8.492792,0.088309,-0.096503,-0.493605,-0.859792,-10.222005,123.723862,-12.683137,0.090439,0.242711,-0.530838,-0.806922,1.658713,143.724365,-18.769846,-0.116597,0.969556,0.101213,0.190057,-3.627736,126.897415,26.317215,0.382659,0.793532,0.155452,-0.446894,11.415605,130.031509,32.867718,0.180825,0.100405,0.487909,-0.848037,18.580032,119.126801,13.584620,0.167165,-0.214034,0.688749,-0.672213,7.939750,135.840454,6.259730,0.027700,0.954800,0.138398,0.261602,-12.561762,89.159676,13.751842,0.057670,0.961809,0.028438,0.266062,-11.884684,55.846821,4.079591,0.024426,0.955971,-0.104592,0.273100,-16.168215,11.504444,0.261578,-0.083286,0.959638,-0.064544,0.260755,2.082881,88.311012,23.499628,0.001681,0.984894,-0.132934,0.110945,6.461032,54.386223,29.304569,0.025164,0.875446,-0.092026,0.473806,4.994136,11.254636,40.995857,0.024426,0.955971,-0.104592,0.273100,-9.932679,3.094611,-9.620175,0.025164,0.875446,-0.092026,0.473806,15.139964,3.191331,34.726761
956,7.966667,0.038944,0.955813,-0.044853,0.287910,-5.231980,88.737724,18.603079,0.030054,0.930486,0.130007,0.341160,-4.507891,95.907951,18.145857,-0.012544,0.931632,0.014366,0.362901,-5.132421,114.278725,23.145361,0.050337,0.966614,-0.070479,0.241156,-5.741709,132.292419,23.463778,0.050165,0.975129,-0.194940,0.092762,-3.140783,145.454697,20.396441,-0.086022,0.875705,0.210961,0.425719,-8.798997,126.825775,21.534937,0.219737,-0.552329,-0.053464,-0.802365,-19.201204,127.309540,8.473788,0.088990,-0.097549,-0.492336,-0.860332,-10.257253,123.655571,-12.709543,0.091621,0.241375,-0.529845,-0.807842,1.673898,143.608719,-18.852808,-0.115413,0.969704,0.100259,0.190531,-3.615671,126.916901,26.297638,0.383413,0.794085,0.155123,-0.445376,11.430820,130.017685,32.856739,0.181951,0.102536,0.488032,-0.847470,18.631393,119.057419,13.618658,0.167317,-0.211788,0.689047,-0.672580,8.011448,135.747375,6.193652,0.027679,0.954855,0.138193,0.261514,-12.551633,89.165878,13.725516,0.057758,0.961710,0.028322,0.266412,-11.877882,55.849003,4.066907,0.024273,0.955913,-0.104711,0.273269,-16.170376,11.506954,0.255184,-0.083279,0.959634,-0.064696,0.260733,2.087673,88.309570,23.480642,0.001691,0.984893,-0.132997,0.110878,6.462681,54.386055,29.295403,0.026528,0.875276,-0.091015,0.474241,4.995090,11.255968,40.992149,0.024273,0.955913,-0.104711,0.273269,-9.929520,3.095484,-9.621816,0.026528,0.875276,-0.091015,0.474241,15.137661,3.197770,34.711231
957,7.975000,0.039051,0.955786,-0.044961,0.287969,-5.224993,88.736305,18.585447,0.030082,0.930391,0.130174,0.341355,-4.498949,95.906273,18.127230,-0.012903,0.931526,0.013946,0.363178,-5.124998,114.254807,23.127184,0.050039,0.966574,-0.070698,0.241313,-5.740942,132.268600,23.426630,0.050508,0.975157,-0.194638,0.092921,-3.145654,145.430344,20.352242,-0.085732,0.875753,0.211066,0.425626,-8.795084,126.798866,21.501558,0.220424,-0.553270,-0.052445,-0.801595,-19.201624,127.291832,8.444206,0.089770,-0.098431,-0.490897,-0.860972,-10.301057,123.570587,-12.745685,0.092632,0.239870,-0.528756,-0.808888,1.689790,143.471878,-18.940702,-0.115045,0.969737,0.099141,0.191168,-3.614716,126.896774,26.267344,0.384215,0.794902,0.155012,-0.443261,11.426481,129.990768,32.841774,0.182984,0.105366,0.488284,-0.846755,18.685925,118.968666,13.661234,0.167288,-0.208806,0.689209,-0.673354,8.099166,135.629852,6.113288,0.027664,0.954882,0.138122,0.261451,-12.543905,89.165657,13.706877,0.057750,0.961708,0.028151,0.266440,-11.871061,55.847370,4.053067,0.024251,0.955933,-0.104681,0.273215,-16.166788,11.504370,0.256107,-0.083365,0.959703,-0.064944,0.260388,2.093918,88.306961,23.464016,0.001784,0.984937,-0.132973,0.110520,6.472132,54.386669,29.295158,0.026579,0.875273,-0.091119,0.474223,5.000843,11.256027,40.989384,0.024251,0.955933,-0.104681,0.273215,-9.926694,3.093723,-9.622068,0.026579,0.875273,-0.091119,0.474223,15.141710,3.195055,34.709282
958,7.983333,0.039169,0.955759,-0.045113,0.288020,-5.217837,88.735550,18.567535,0.030090,0.930282,0.130323,0.341593,-4.489513,95.905182,18.107748,-0.013056,0.931405,0.013679,0.363492,-5.118107,114.240173,23.109529,0.049628,0.966614,-0.070504,0.241294,-5.735804,132.254074,23.397791,0.050866,0.975135,-0.194773,0.092668,-3.152524,145.418686,20.325556,-0.085511,0.876133,0.210118,0.425358,-8.788161,126.782944,21.473902,0.220671,-0.554356,-0.051133,-0.800862,-19.203573,127.265907,8.423239,0.090543,-0.099632,-0.489268,-0.861680,-10.352674,123.476433,-12.775379,0.094120,0.238139,-0.527305,-0.810173,1.703547,143.318024,-19.034716,-0.114846,0.969784,0.097910,0.191685,-3.611059,126.884140,26.243168,0.385118,0.795885,0.153811,-0.441128,11.425061,129.978043,32.829266,0.184433,0.108476,0.488620,-0.845854,18.739992,118.864838,13.722512,0.168116,-0.205405,0.689972,-0.673413,8.193886,135.490845,6.033929,0.027658,0.954869,0.138110,0.261508,-12.536070,89.166046,13.688040,0.058047,0.961456,0.027932,0.267308,-11.862491,55.847504,4.035141,0.024051,0.955762,-0.104774,0.273795,-16.185560,11.506477,0.246090,-0.083326,0.959673,-0.065034,0.260492,2.100395,88.305054,23.447031,0.001777,0.984926,-0.133103,0.110461,6.473731,54.385139,29.283970,0.026348,0.875298,-0.091181,0.474179,5.002466,11.257607,40.989662,0.024051,0.955762,-0.104774,0.273795,-9.930304,3.095125,-9.621902,0.026348,0.875298,-0.091181,0.474179,15.145143,3.198056,34.710640
959,7.991667,0.039302,0.955722,-0.045257,0.288103,-5.211203,88.733711,18.547943,0.029781,0.930172,0.130415,0.341886,-4.480419,95.903000,18.086796,-0.012496,0.931307,0.013286,0.363777,-5.122768,114.239212,23.087984,0.050164,0.966625,-0.070354,0.241184,-5.716598,132.254028,23.370188,0.050361,0.975244,-0.194728,0.091893,-3.120828,145.417847,20.305038,-0.085850,0.876575,0.209321,0.424771,-8.775102,126.786354,21.446201,0.221084,-0.555704,-0.049706,-0.799902,-19.205248,127.242706,8.406361,0.091529,-0.101131,-0.487182,-0.862583,-10.417373,123.373268,-12.804018,0.095611,0.236164,-0.525764,-0.811577,1.722349,143.138214,-19.143864,-0.114519,0.969807,0.096748,0.192351,-3.600722,126.882156,26.218527,0.386216,0.797170,0.152775,-0.438198,11.429354,129.970840,32.820843,0.186671,0.112370,0.488558,-0.844890,18.824827,118.751694,13.807236,0.169049,-0.201474,0.690113,-0.674221,8.311001,135.316986,5.937107,0.027751,0.954856,0.137907,0.261653,-12.528408,89.165619,13.667037,0.057778,0.961817,0.027882,0.266070,-11.863273,55.843544,4.025765,0.024109,0.955892,-0.104548,0.273420,-16.169363,11.499495,0.252876,-0.083314,0.959614,-0.065140,0.260687,2.106002,88.301804,23.428850,0.001745,0.984892,-0.133195,0.110649,6.475397,54.382698,29.273462,0.026412,0.875266,-0.091161,0.474238,5.003796,11.257339,40.987095,0.024109,0.955892,-0.104548,0.273420,-9.922163,3.092812,-9.624190,0.026412,0.875266,-0.091161,0.474238,15.146721,3.197473,34.708889
960,8.000000,0.039286,0.955721,-0.045506,0.288069,-5.202286,88.727882,18.534494,0.029735,0.930088,0.130443,0.342107,-4.470700,95.896866,18.069826,-0.012574,0.931194,0.012815,0.364080,-5.115846,114.221535,23.068115,0.049839,0.966631,-0.070430,0.241207,-5.706228,132.236725,23.333307,0.050399,0.975369,-0.194149,0.091771,-3.118332,145.401138,20.264105,-0.085508,0.876969,0.208759,0.424304,-8.764564,126.767883,21.412344,0.221524,-0.557301,-0.047858,-0.798782,-19.209909,127.221886,8.384594,0.092399,-0.102677,-0.484823,-0.863636,-10.496359,123.253235,-12.838117,0.097300,0.233697,-0.523575,-0.813503,1.738477,142.933777,-19.257236,-0.114227,0.969769,0.095460,0.193360,-3.593318,126.867058,26.188002,0.387731,0.798308,0.152286,-0.434945,11.425983,129.951187,32.816898,0.188945,0.116802,0.488968,-0.843544,18.899090,118.622223,13.899016,0.169464,-0.196757,0.691022,-0.674580,8.441613,135.133820,5.824214,0.027727,0.954832,0.138008,0.261690,-12.519865,89.158287,13.654017,0.058077,0.961577,0.027622,0.266896,-11.850872,55.838055,4.006673,0.023768,0.955770,-0.104540,0.273880,-16.185549,11.495805,0.245349,-0.083249,0.959562,-0.065190,0.260885,2.115293,88.297470,23.414972,0.001807,0.984873,-0.133336,0.110650,6.478241,54.378067,29.262676,0.026428,0.875213,-0.091018,0.474363,4.999806,11.256090,40.987892,0.023768,0.955770,-0.104540,0.273880,-9.923429,3.091623,-9.624392,0.026428,0.875213,-0.091018,0.474363,15.145509,3.199089,34.710495
961,8.008333,0.039707,0.955642,-0.045949,0.288202,-5.200739,88.731232,18.515030,0.029363,0.929982,0.130655,0.342346,-4.461460,95.899147,18.046125,-0.011985,0.931137,0.012487,0.364259,-5.123877,114.224648,23.047417,0.049384,0.966713,-0.070559,0.240933,-5.690205,132.240646,23.309227,0.050506,0.975469,-0.193808,0.091369,-3.114653,145.405777,20.232677,-0.085811,0.877499,0.207723,0.423654,-8.755162,126.775589,21.388102,0.221766,-0.559084,-0.045607,-0.797600,-19.217194,127.200005,8.372749,0.093424,-0.104651,-0.482103,-0.864810,-10.586542,123.120461,-12.862803,0.099295,0.231035,-0.521116,-0.815599,1.755063,142.701370,-19.381475,-0.113643,0.969826,0.093787,0.194235,-3.585544,126.868668,26.165640,0.388904,0.799874,0.150048,-0.431787,11.426881,129.942184,32.815022,0.191153,0.122431,0.489014,-0.842221,18.985043,118.473877,14.015250,0.169907,-0.191001,0.691910,-0.675212,8.580881,134.912109,5.696008,0.027682,0.954775,0.137933,0.261941,-12.516374,89.166313,13.632051,0.058091,0.961574,0.027452,0.266923,-11.843248,55.844479,3.990518,0.023804,0.955765,-0.104730,0.273821,-16.183104,11.501542,0.243345,-0.083283,0.959522,-0.065290,0.260995,2.114895,88.296143,23.398008,0.001721,0.984854,-0.133370,0.110780,6.477552,54.378033,29.253418,0.025124,0.875340,-0.092163,0.473977,5.004743,11.256823,40.982201,0.023804,0.955765,-0.104730,0.273821,-9.923656,3.092825,-9.624228,0.025124,0.875340,-0.092163,0.473977,15.152719,3.191267,34.719486
962,8.016667,0.039761,0.955618,-0.046009,0.288264,-5.188165,88.727173,18.488146,0.029292,0.929810,0.131006,0.342685,-4.447858,95.894951,18.018696,-0.011684,0.930993,0.011880,0.364656,-5.118965,114.210091,23.029051,0.048730,0.966801,-0.070403,0.240761,-5.667341,132.226883,23.274193,0.050498,0.975635,-0.193189,0.090907,-3.110623,145.395462,20.196697,-0.085523,0.878311,0.206618,0.422569,-8.736176,126.763191,21.355370,0.222062,-0.561050,-0.043160,-0.796272,-19.230520,127.170586,8.365504,0.094529,-0.106995,-0.478928,-0.866166,-10.692312,122.969421,-12.883706,0.101267,0.227885,-0.518333,-0.818012,1.772219,142.433258,-19.518030,-0.113166,0.969819,0.091751,0.195517,-3.570529,126.855347,26.137224,0.390751,0.801362,0.148537,-0.427866,11.428825,129.922653,32.818905,0.193804,0.128627,0.489378,-0.840479,19.076914,118.300972,14.150132,0.170813,-0.184250,0.691603,-0.677171,8.753574,134.651642,5.561681,0.027818,0.954707,0.137836,0.262227,-12.503101,89.162811,13.604167,0.058093,0.961659,0.027200,0.266643,-11.837878,55.839634,3.966721,0.023746,0.955772,-0.104582,0.273858,-16.185019,11.495480,0.242439,-0.083245,0.959438,-0.065510,0.261260,2.126772,88.291542,23.372126,0.001759,0.984859,-0.133495,0.110586,6.481229,54.374992,29.242676,0.026547,0.875165,-0.091078,0.474433,5.006134,11.256796,40.982227,0.023746,0.955772,-0.104582,0.273858,-9.923267,3.090486,-9.626847,0.026547,0.875165,-0.091078,0.474433,15.150942,3.197163,34.706764
963,8.025000,0.039847,0.955567,-0.046133,0.288402,-5.178355,88.724312,18.464113,0.029264,0.929616,0.131330,0.343091,-4.436289,95.891823,17.993416,-0.011577,0.930813,0.011261,0.365138,-5.114595,114.196251,23.012260,0.048233,0.966852,-0.070292,0.240686,-5.651354,132.213654,23.237776,0.050351,0.975837,-0.192419,0.090450,-3.108625,145.384766,20.159559,-0.085158,0.879116,0.205452,0.421537,-8.721792,126.749947,21.321539,0.222684,-0.563239,-0.040759,-0.794678,-19.247341,127.142212,8.356476,0.096281,-0.109170,-0.475363,-0.867665,-10.814340,122.810043,-12.908437,0.104020,0.224816,-0.515640,-0.820215,1.791219,142.140518,-19.665083,-0.112750,0.969753,0.089686,0.197036,-3.561060,126.843773,26.108664,0.391867,0.803278,0.146304,-0.424004,11.421511,129.906281,32.830082,0.196920,0.135217,0.489154,-0.838849,19.182114,118.137169,14.300630,0.171650,-0.176705,0.694747,-0.675750,8.911853,134.391937,5.414770,0.027874,0.954670,0.137729,0.262412,-12.491767,89.160599,13.577911,0.058169,0.961611,0.026956,0.266821,-11.830379,55.835606,3.946494,0.023558,0.955729,-0.104559,0.274033,-16.189215,11.491060,0.240554,-0.083081,0.959290,-0.065794,0.261786,2.135058,88.288025,23.350317,0.001580,0.984812,-0.133479,0.111020,6.470172,54.372169,29.239141,0.026332,0.875157,-0.091112,0.474453,5.005894,11.253539,40.978443,0.023558,0.955729,-0.104559,0.274033,-9.920900,3.087868,-9.626101,0.026332,0.875157,-0.091112,0.474453,15.153525,3.195765,34.705154
964,8.033333,0.039954,0.955520,-0.046265,0.288520,-5.168054,88.723167,18.434984,0.029811,0.929374,0.132143,0.343385,-4.423912,95.890388,17.963011,-0.012166,0.930641,0.010258,0.365588,-5.094203,114.157829,23.009195,0.047779,0.966901,-0.070038,0.240655,-5.637631,132.175507,23.193016,0.050100,0.976128,-0.191248,0.089933,-3.108443,145.350021,20.118216,-0.084235,0.879914,0.204586,0.420477,-8.704192,126.706329,21.286192,0.218825,-0.565746,-0.034307,-0.794273,-19.264767,127.104012,8.349815,0.095558,-0.113014,-0.471486,-0.869366,-10.941026,122.608147,-12.924162,0.107212,0.221274,-0.512226,-0.822902,1.799998,141.801575,-19.816105,-0.112719,0.969593,0.087413,0.198853,-3.548297,126.812950,26.078257,0.393995,0.804999,0.144424,-0.419387,11.410472,129.883499,32.848827,0.200294,0.142780,0.489647,-0.836506,19.274517,117.935059,14.478437,0.173010,-0.168406,0.695096,-0.677162,9.111735,134.078552,5.261990,0.027948,0.954632,0.137564,0.262626,-12.480115,89.160461,13.546851,0.058176,0.961551,0.026695,0.267062,-11.824508,55.832600,3.924956,0.024674,0.955673,-0.103863,0.274396,-16.189272,11.486876,0.240192,-0.083066,0.959159,-0.065969,0.262227,2.144007,88.285881,23.323116,0.001378,0.984651,-0.133540,0.112368,6.472219,54.371464,29.225258,0.026270,0.875053,-0.091190,0.474633,5.009023,11.254236,40.969841,0.024674,0.955673,-0.103863,0.274396,-9.925278,3.092041,-9.636315,0.026270,0.875053,-0.091190,0.474633,15.159650,3.195692,34.702400
965,8.041667,0.040040,0.955487,-0.046452,0.288590,-5.154680,88.718941,18.408176,0.029462,0.929028,0.132049,0.344388,-4.408543,95.885803,17.934050,-0.011232,0.930189,0.010222,0.366768,-5.096116,114.175919,22.977505,0.045897,0.966951,-0.070487,0.240687,-5.607966,132.194397,23.171783,0.050383,0.976329,-0.190165,0.089896,-3.124852,145.372055,20.072989,-0.084652,0.880965,0.203139,0.418890,-8.679454,126.731941,21.253689,0.215188,-0.568426,-0.027304,-0.793625,-19.282173,127.083328,8.350489,0.095093,-0.117413,-0.467036,-0.871234,-11.079873,122.396561,-12.929459,0.110312,0.217444,-0.508539,-0.825795,1.813243,141.428299,-19.985020,-0.111891,0.969509,0.084978,0.200777,-3.535412,126.826263,26.058733,0.396277,0.806796,0.142311,-0.414479,11.403871,129.880402,32.879562,0.204407,0.150849,0.489729,-0.834043,19.374519,117.739471,14.682150,0.173931,-0.159303,0.697095,-0.677074,9.307135,133.753296,5.101454,0.028030,0.954627,0.137460,0.262690,-12.465911,89.156654,13.518840,0.058246,0.961519,0.026411,0.267190,-11.817039,55.827118,3.902300,0.023473,0.955720,-0.104208,0.274205,-16.194210,11.480772,0.239743,-0.082961,0.959089,-0.066218,0.262452,2.156552,88.281227,23.297512,0.001347,0.984636,-0.133655,0.112365,6.471829,54.367874,29.215294,0.026550,0.874970,-0.090939,0.474819,5.010241,11.253386,40.970142,0.023473,0.955720,-0.104208,0.274205,-9.919336,3.086085,-9.629980,0.026550,0.874970,-0.090939,0.474819,15.162015,3.196861,34.701962
966,8.050000,0.040095,0.955432,-0.046571,0.288743,-5.142387,88.716537,18.379656,0.029979,0.928561,0.132482,0.345432,-4.394916,95.883179,17.904238,-0.010935,0.929671,0.009837,0.368097,-5.075705,114.168465,22.968765,0.045487,0.966937,-0.070735,0.240748,-5.572769,132.187469,23.153343,0.049594,0.976678,-0.189099,0.088783,-3.098494,145.364685,20.045622,-0.084663,0.882120,0.201618,0.417188,-8.643418,126.726738,21.228987,0.218782,-0.571354,-0.026834,-0.790550,-19.293610,127.041779,8.364005,0.099419,-0.119536,-0.462148,-0.873067,-11.245545,122.208855,-12.942116,0.114253,0.213661,-0.504912,-0.828468,1.841798,141.041946,-20.170963,-0.111495,0.969357,0.081857,0.203016,-3.513034,126.818893,26.048651,0.398137,0.808823,0.139132,-0.409797,11.399003,129.874451,32.928215,0.209074,0.159492,0.489802,-0.831231,19.480537,117.534363,14.914597,0.176757,-0.149361,0.699377,-0.676254,9.526101,133.391891,4.945842,0.028118,0.954613,0.137279,0.262826,-12.451981,89.154411,13.487890,0.058276,0.961483,0.026150,0.267339,-11.810893,55.821770,3.881598,0.023160,0.955744,-0.104118,0.274182,-16.196306,11.474517,0.240057,-0.082896,0.959027,-0.066491,0.262629,2.167206,88.278664,23.271421,0.001403,0.984652,-0.133753,0.112111,6.471965,54.367073,29.206917,0.026494,0.874972,-0.090891,0.474827,5.007483,11.254936,40.970051,0.023160,0.955744,-0.104118,0.274182,-9.917178,3.083948,-9.630457,0.026494,0.874972,-0.090891,0.474827,15.160454,3.200079,34.701664
967,8.058333,0.039924,0.955412,-0.046468,0.288852,-5.121030,88.708862,18.348610,0.030047,0.928337,0.133706,0.345557,-4.376292,95.875839,17.873985,-0.011419,0.929584,0.008434,0.368338,-5.070686,114.123741,22.974590,0.045318,0.966928,-0.070529,0.240879,-5.565406,132.143265,23.105610,0.048914,0.977038,-0.187450,0.088693,-3.096194,145.322525,20.002516,-0.083369,0.883219,0.199797,0.415999,-8.635731,126.677284,21.195709,0.221652,-0.574150,-0.025346,-0.787769,-19.326307,126.994072,8.364311,0.103653,-0.121979,-0.456764,-0.875068,-11.423738,121.997879,-12.958607,0.118684,0.209256,-0.501349,-0.831129,1.873197,140.612320,-20.369005,-0.111694,0.969054,0.079314,0.205348,-3.508004,126.783005,26.017921,0.400707,0.810936,0.137336,-0.403678,11.370733,129.854919,32.961990,0.214242,0.168262,0.490029,-0.828046,19.588478,117.305229,15.155994,0.179107,-0.139183,0.701513,-0.675595,9.759230,132.999771,4.784738,0.028179,0.954655,0.137185,0.262718,-12.429755,89.144287,13.455328,0.058423,0.961453,0.025802,0.267448,-11.795549,55.810093,3.853951,0.023020,0.955721,-0.103802,0.274396,-16.201460,11.462757,0.238279,-0.082690,0.958934,-0.066805,0.262956,2.187695,88.273445,23.241892,0.001363,0.984615,-0.133852,0.112315,6.470985,54.362404,29.195972,0.025441,0.875015,-0.091743,0.474642,5.006638,11.252630,40.967747,0.023020,0.955721,-0.103802,0.274396,-9.914250,3.080282,-9.633968,0.025441,0.875015,-0.091743,0.474642,15.163928,3.192459,34.713207
968,8.066667,0.039821,0.955401,-0.046499,0.288895,-5.101087,88.701385,18.322262,0.029771,0.928184,0.134036,0.345864,-4.357615,95.868439,17.846802,-0.011022,0.929458,0.007697,0.368684,-5.067665,114.110504,22.954113,0.044474,0.967063,-0.070374,0.240538,-5.539338,132.130783,23.065533,0.048727,0.977383,-0.185980,0.088091,-3.094728,145.313980,19.959673,-0.082807,0.884512,0.197828,0.414301,-8.615255,126.666710,21.159174,0.214629,-0.577253,-0.014657,-0.787717,-19.356030,126.957932,8.369160,0.102575,-0.127820,-0.450781,-0.877460,-11.599945,121.726349,-12.951086,0.124254,0.204227,-0.497434,-0.833914,1.887911,140.118408,-20.568810,-0.110929,0.968832,0.076118,0.208003,-3.490995,126.770996,25.985098,0.403303,0.812929,0.134935,-0.397851,11.356771,129.832535,32.999687,0.219606,0.177173,0.490273,-0.824630,19.694788,117.065643,15.405273,0.181724,-0.128464,0.704481,-0.673929,9.998873,132.588226,4.624308,0.028298,0.954822,0.137087,0.262147,-12.409517,89.134865,13.428368,0.058466,0.961389,0.025509,0.267697,-11.790709,55.799271,3.830870,0.022817,0.955722,-0.103509,0.274520,-16.206429,11.451033,0.238201,-0.082488,0.958855,-0.067075,0.263237,2.207343,88.267906,23.216156,0.001373,0.984631,-0.133992,0.112009,6.470531,54.357052,29.185760,0.026427,0.874937,-0.090787,0.474915,5.007500,11.250628,40.969967,0.022817,0.955722,-0.103509,0.274520,-9.912355,3.076554,-9.636458,0.026427,0.874937,-0.090787,0.474915,15.163451,3.198779,34.702549
969,8.075000,0.040291,0.955282,-0.046636,0.289201,-5.092319,88.707451,18.278622,0.029737,0.927896,0.133850,0.346711,-4.341660,95.873779,17.803495,-0.010179,0.929109,0.007920,0.369581,-5.055614,114.131248,22.907063,0.043893,0.967074,-0.070574,0.240541,-5.502115,132.152054,23.036728,0.047885,0.977696,-0.184803,0.087557,-3.071374,145.335693,19.921844,-0.083010,0.885995,0.195768,0.412064,-8.582088,126.694344,21.118710,0.214426,-0.580599,-0.008844,-0.785397,-19.383526,126.932297,8.378771,0.105782,-0.131920,-0.444351,-0.879750,-11.801459,121.458588,-12.943295,0.130114,0.199331,-0.493044,-0.836806,1.912029,139.587616,-20.785389,-0.109832,0.968549,0.073210,0.210925,-3.466891,126.786293,25.954494,0.406280,0.814808,0.131422,-0.392114,11.348075,129.824356,33.048203,0.225098,0.186840,0.490698,-0.820754,19.784929,116.809021,15.684440,0.184071,-0.116865,0.708252,-0.671446,10.245521,132.149078,4.464526,0.028364,0.954623,0.136576,0.263129,-12.396976,89.147804,13.379708,0.058506,0.961374,0.025306,0.267763,-11.782167,55.802773,3.814795,0.022933,0.955726,-0.103593,0.274464,-16.206005,11.454034,0.238383,-0.082588,0.958950,-0.067447,0.262764,2.212338,88.267097,23.177538,0.001503,0.984660,-0.134146,0.111569,6.478131,54.360867,29.171455,0.026574,0.874867,-0.090905,0.475013,5.007431,11.258164,40.968319,0.022933,0.955726,-0.103593,0.274464,-9.915159,3.076865,-9.636057,0.026574,0.874867,-0.090905,0.475013,15.162134,3.202174,34.704197
970,8.083333,0.040767,0.955201,-0.047201,0.289313,-5.085980,88.715340,18.247786,0.029372,0.927851,0.134699,0.346534,-4.326368,95.880341,17.766968,-0.010301,0.929217,0.007135,0.369321,-5.062630,114.108063,22.889067,0.043315,0.967198,-0.070292,0.240233,-5.502743,132.129211,22.990946,0.047787,0.977967,-0.183434,0.087454,-3.090323,145.316772,19.878445,-0.081640,0.887451,0.193421,0.410310,-8.585673,126.669601,21.083094,0.220574,-0.583638,-0.008686,-0.781434,-19.442812,126.900482,8.390455,0.113579,-0.134389,-0.437286,-0.881941,-12.025365,121.221947,-12.935951,0.136700,0.193956,-0.488565,-0.839642,1.956034,139.035217,-21.024704,-0.109153,0.968276,0.070136,0.213563,-3.467812,126.767265,25.915951,0.409450,0.817008,0.128685,-0.385083,11.314724,129.797806,33.080189,0.230262,0.197680,0.491175,-0.816486,19.885630,116.528152,15.976520,0.186016,-0.105152,0.709041,-0.672013,10.538750,131.656097,4.295798,0.028296,0.954751,0.136431,0.262746,-12.388821,89.160660,13.346606,0.058502,0.961334,0.025059,0.267931,-11.776055,55.812622,3.792057,0.022990,0.955701,-0.103807,0.274466,-16.204853,11.462725,0.236161,-0.082470,0.958730,-0.067784,0.263516,2.216860,88.270012,23.148962,0.001267,0.984603,-0.134112,0.112117,6.463826,54.365574,29.166376,0.026715,0.874752,-0.090943,0.475210,5.007650,11.262012,40.961899,0.022990,0.955701,-0.103807,0.274466,-9.915699,3.080353,-9.634946,0.026715,0.874752,-0.090943,0.475210,15.163316,3.203671,34.702351
971,8.091667,0.040855,0.955156,-0.047440,0.289409,-5.069211,88.717255,18.215891,0.029915,0.927517,0.134937,0.347288,-4.307340,95.881821,17.732235,-0.010459,0.928819,0.006928,0.370321,-5.031762,114.103195,22.868217,0.042445,0.967204,-0.070424,0.240322,-5.474494,132.124329,22.960583,0.047372,0.978284,-0.182095,0.086939,-3.083491,145.313690,19.839209,-0.081130,0.888989,0.191224,0.408105,-8.552570,126.663399,21.048676,0.221218,-0.587098,-0.003220,-0.778697,-19.472773,126.861038,8.409701,0.118588,-0.138659,-0.429936,-0.884232,-12.240931,120.930054,-12.911722,0.145328,0.186983,-0.483799,-0.842529,1.990976,138.422195,-21.260241,-0.108390,0.968022,0.066301,0.216309,-3.445168,126.764061,25.892517,0.413037,0.818886,0.125859,-0.378133,11.303454,129.790298,33.128094,0.237279,0.207238,0.491461,-0.811922,19.983906,116.256630,16.288597,0.189059,-0.092757,0.714147,-0.667568,10.800636,131.164719,4.149286,0.028215,0.955008,0.136346,0.261865,-12.370938,89.162735,13.313079,0.058591,0.961242,0.024715,0.268271,-11.763178,55.812752,3.764974,0.023911,0.955633,-0.103362,0.274793,-16.206665,11.462259,0.234913,-0.082381,0.958828,-0.068051,0.263120,2.232517,88.271767,23.118704,0.001435,0.984650,-0.134316,0.111454,6.471132,54.368843,29.150503,0.025820,0.874780,-0.091955,0.475013,5.006098,11.270207,40.962925,0.023911,0.955633,-0.103362,0.274793,-9.921062,3.083864,-9.641820,0.025820,0.874780,-0.091955,0.475013,15.162680,3.201360,34.718430
972,8.100000,0.040930,0.955135,-0.047472,0.289461,-5.050792,88.714745,18.177816,0.030707,0.927349,0.135583,0.347416,-4.287732,95.879181,17.694082,-0.011667,0.928679,0.006299,0.370647,-4.992617,114.065422,22.854883,0.041929,0.967254,-0.070141,0.240295,-5.467435,132.085876,22.909883,0.047288,0.978583,-0.180694,0.086540,-3.091775,145.278900,19.792274,-0.079581,0.890331,0.189520,0.406276,-8.534386,126.615585,21.006931,0.221132,-0.590572,0.003612,-0.776088,-19.512663,126.820847,8.418486,0.123514,-0.143639,-0.421775,-0.886689,-12.471429,120.609192,-12.886816,0.153117,0.181394,-0.478578,-0.845349,2.027106,137.741730,-21.517494,-0.107905,0.967555,0.062708,0.219686,-3.430764,126.735260,25.854328,0.416610,0.821007,0.123570,-0.370289,11.272181,129.763016,33.181660,0.242552,0.220129,0.491818,-0.806739,20.087982,115.966537,16.628166,0.190279,-0.079109,0.713308,-0.669871,11.151352,130.603546,3.973021,0.028371,0.955005,0.136078,0.261999,-12.351890,89.161270,13.274156,0.058597,0.961182,0.024419,0.268513,-11.758049,55.806839,3.740758,0.023710,0.955653,-0.103207,0.274796,-16.208305,11.455115,0.234859,-0.082190,0.958719,-0.068468,0.263466,2.250305,88.268211,23.081476,0.001395,0.984640,-0.134429,0.111409,6.466372,54.367054,29.138956,0.025850,0.874737,-0.091929,0.475095,5.004253,11.271113,40.961571,0.023710,0.955653,-0.103207,0.274796,-9.919158,3.081554,-9.643719,0.025850,0.874737,-0.091929,0.475095,15.161894,3.202491,34.718502
973,8.108333,0.040741,0.955105,-0.047582,0.289568,-5.027801,88.708237,18.143208,0.030456,0.927255,0.135505,0.347718,-4.266834,95.872742,17.657236,-0.011154,0.928564,0.006190,0.370953,-4.981572,114.070763,22.814817,0.041823,0.967358,-0.069712,0.240021,-5.437760,132.091705,22.872869,0.046559,0.978879,-0.179675,0.085707,-3.068899,145.288177,19.764725,-0.079081,0.891997,0.187091,0.403837,-8.509138,126.624931,20.966908,0.213899,-0.593865,0.017764,-0.775407,-19.556093,126.792435,8.438127,0.124885,-0.150997,-0.412813,-0.889488,-12.710588,120.236000,-12.827616,0.162807,0.174416,-0.473465,-0.847882,2.043422,136.988251,-21.766359,-0.106904,0.967142,0.059449,0.222874,-3.408544,126.738419,25.817636,0.420810,0.822666,0.120167,-0.362904,11.254437,129.749939,33.231224,0.249317,0.231621,0.492465,-0.801043,20.158602,115.660370,16.974556,0.192163,-0.065633,0.717454,-0.666352,11.457941,130.035095,3.812829,0.028576,0.955074,0.135853,0.261843,-12.328071,89.150894,13.237965,0.058721,0.961083,0.024104,0.268867,-11.753540,55.793034,3.715369,0.022603,0.955654,-0.103295,0.274853,-16.220745,11.441246,0.231880,-0.081974,0.958692,-0.068880,0.263526,2.272468,88.265572,23.048449,0.001293,0.984692,-0.134571,0.110777,6.466191,54.365887,29.129591,0.027085,0.874803,-0.091131,0.475059,5.019227,11.273355,40.966488,0.022603,0.955654,-0.103295,0.274853,-9.915412,3.073093,-9.640962,0.027085,0.874803,-0.091131,0.475059,15.166426,3.206623,34.704025
974,8.116667,0.041132,0.955035,-0.048004,0.289675,-5.012365,88.713501,18.106792,0.029962,0.927375,0.135697,0.347368,-4.244199,95.876968,17.616758,-0.011008,0.928786,0.005874,0.370407,-4.976278,114.059807,22.770748,0.041658,0.967546,-0.068991,0.239499,-5.423329,132.080994,22.820427,0.046230,0.979154,-0.178457,0.085285,-3.065762,145.283203,19.728045,-0.077936,0.893676,0.184581,0.401495,-8.499692,126.614830,20.920771,0.215778,-0.597119,0.024272,-0.772205,-19.615665,126.763786,8.452949,0.132371,-0.156065,-0.403476,-0.891812,-12.963364,119.891312,-12.774285,0.173080,0.167115,-0.467624,-0.850555,2.082331,136.202652,-22.036434,-0.105956,0.966604,0.055905,0.226548,-3.393355,126.728149,25.765457,0.424816,0.824583,0.117056,-0.354812,11.221221,129.726654,33.279236,0.256417,0.243519,0.492548,-0.795201,20.238081,115.349007,17.340008,0.194317,-0.050873,0.721299,-0.662858,11.770775,129.422333,3.663555,0.028861,0.954863,0.135367,0.262828,-12.310980,89.160469,13.199480,0.058685,0.961102,0.023987,0.268818,-11.754498,55.794598,3.703896,0.022485,0.955678,-0.103310,0.274773,-16.221575,11.441914,0.231573,-0.081695,0.958553,-0.069161,0.264045,2.286249,88.266541,23.014107,0.001303,0.984639,-0.134728,0.111052,6.452949,54.366364,29.111111,0.026998,0.874597,-0.091163,0.475438,5.000289,11.277607,40.961063,0.022485,0.955678,-0.103310,0.274773,-9.916436,3.074184,-9.641753,0.026998,0.874597,-0.091163,0.475438,15.154205,3.211470,34.708733
975,8.125000,0.041013,0.954999,-0.048055,0.289801,-4.992722,88.707886,18.068050,0.029879,0.927478,0.135832,0.347047,-4.225924,95.871422,17.576908,-0.011074,0.928967,0.005668,0.369953,-4.960821,114.049866,22.733788,0.041593,0.967696,-0.068635,0.239006,-5.407341,132.071091,22.775927,0.045798,0.979441,-0.177229,0.084779,-3.056071,145.276077,19.690689,-0.076848,0.895337,0.182044,0.399156,-8.485696,126.604172,20.881683,0.216259,-0.600388,0.032622,-0.769222,-19.669857,126.733086,8.474766,0.139383,-0.161913,-0.393708,-0.894064,-13.221963,119.518600,-12.702002,0.184882,0.157708,-0.461378,-0.853274,2.108818,135.361786,-22.303087,-0.104868,0.966002,0.051742,0.230576,-3.374646,126.719490,25.721350,0.429120,0.826385,0.114832,-0.346059,11.186070,129.705292,33.343960,0.264456,0.255842,0.492447,-0.788735,20.317442,115.042854,17.732742,0.197093,-0.035735,0.723955,-0.660126,12.101974,128.765305,3.527933,0.029110,0.954789,0.135105,0.263207,-12.290223,89.152435,13.158861,0.058706,0.961043,0.023648,0.269057,-11.751266,55.782639,3.676077,0.022397,0.955673,-0.102971,0.274927,-16.227480,11.428738,0.231256,-0.081468,0.958506,-0.069631,0.264162,2.304779,88.263329,22.977242,0.001256,0.984634,-0.134811,0.110996,6.446949,54.365116,29.101831,0.026900,0.874552,-0.091216,0.475515,4.998226,11.278349,40.959457,0.022397,0.955673,-0.102971,0.274927,-9.916213,3.069293,-9.645172,0.026900,0.874552,-0.091216,0.475515,15.154186,3.212324,34.710300
976,8.133333,0.041136,0.954976,-0.048212,0.289833,-4.970728,88.704147,18.029222,0.029645,0.927509,0.136079,0.346888,-4.201565,95.867325,17.536463,-0.011003,0.929064,0.005315,0.369717,-4.946931,114.040672,22.698059,0.041466,0.967846,-0.068106,0.238572,-5.386328,132.062088,22.729437,0.045337,0.979743,-0.175961,0.084174,-3.043738,145.271271,19.655582,-0.075579,0.897173,0.179119,0.396592,-8.467791,126.595238,20.840076,0.219473,-0.603776,0.038659,-0.765370,-19.726580,126.703140,8.500646,0.148883,-0.167717,-0.383004,-0.896110,-13.488727,119.154861,-12.622603,0.196287,0.149362,-0.454967,-0.855668,2.149881,134.459930,-22.592993,-0.103792,0.965422,0.047844,0.234306,-3.354259,126.711487,25.677097,0.433437,0.827902,0.110445,-0.338395,11.156021,129.684631,33.400169,0.272957,0.267060,0.492573,-0.782014,20.358263,114.715317,18.125423,0.200874,-0.019899,0.730609,-0.652276,12.387851,128.095047,3.417716,0.029223,0.954861,0.134812,0.263083,-12.267722,89.149933,13.119393,0.058810,0.960986,0.023378,0.269259,-11.742935,55.775124,3.653484,0.022145,0.955658,-0.102829,0.275052,-16.233873,11.421174,0.228452,-0.081236,0.958504,-0.070163,0.264099,2.326267,88.258369,22.939051,0.001262,0.984656,-0.134892,0.110704,6.443550,54.362690,29.094374,0.025915,0.874619,-0.092103,0.475275,4.997025,11.277882,40.959393,0.022145,0.955658,-0.102829,0.275052,-9.915727,3.066631,-9.647724,0.025915,0.874619,-0.092103,0.475275,15.155329,3.205008,34.722904
977,8.141667,0.040861,0.954958,-0.048579,0.289873,-4.941667,88.693146,18.003162,0.029601,0.927537,0.135976,0.346856,-4.174749,95.856125,17.504234,-0.010984,0.929092,0.004889,0.369654,-4.920140,114.031509,22.662016,0.041886,0.967895,-0.067617,0.238438,-5.353229,132.053085,22.679394,0.044132,0.980098,-0.174530,0.083661,-3.003370,145.264465,19.620502,-0.074402,0.899173,0.176228,0.393568,-8.436847,126.585838,20.794695,0.224193,-0.607196,0.044260,-0.760981,-19.781355,126.667938,8.533823,0.159157,-0.173848,-0.372289,-0.897690,-13.757962,118.760704,-12.520242,0.207996,0.139674,-0.447496,-0.858473,2.169186,133.502457,-22.875252,-0.102310,0.964768,0.043460,0.238469,-3.322653,126.704086,25.630966,0.440107,0.828544,0.113436,-0.327037,11.132088,129.655441,33.465733,0.283883,0.278199,0.493247,-0.773772,20.414978,114.403008,18.523499,0.202800,-0.003186,0.734848,-0.647194,12.724077,127.386185,3.283907,0.029522,0.955021,0.134743,0.262502,-12.238648,89.132378,13.092727,0.058522,0.961322,0.023040,0.268151,-11.740716,55.757488,3.625653,0.022012,0.955879,-0.102206,0.274526,-16.219126,11.399117,0.241733,-0.080910,0.958464,-0.070542,0.264243,2.355314,88.253906,22.913599,0.001324,0.984680,-0.134997,0.110363,6.443077,54.358273,29.088772,0.026979,0.874509,-0.091127,0.475608,4.994185,11.276028,40.962784,0.022012,0.955879,-0.102206,0.274526,-9.907952,3.059456,-9.651464,0.026979,0.874509,-0.091127,0.475608,15.151230,3.210975,34.714146
978,8.150000,0.041130,0.954856,-0.048590,0.290166,-4.920431,88.697090,17.955137,0.029617,0.927540,0.136316,0.346713,-4.149599,95.859734,17.457424,-0.010886,0.929216,0.004490,0.369350,-4.897676,114.019569,22.623770,0.041701,0.968031,-0.067202,0.238035,-5.322152,132.041367,22.629227,0.043479,0.980451,-0.172906,0.083238,-2.981638,145.256287,19.578514,-0.072972,0.901304,0.172817,0.390461,-8.409601,126.574326,20.750227,0.226033,-0.610342,0.052272,-0.757403,-19.842546,126.631401,8.571633,0.168333,-0.181245,-0.360620,-0.899315,-14.033532,118.363831,-12.404119,0.220263,0.129620,-0.439387,-0.861175,2.178627,132.493378,-23.162470,-0.101252,0.964052,0.039285,0.242505,-3.292215,126.693390,25.583103,0.445260,0.829771,0.111369,-0.317523,11.104876,129.636200,33.526493,0.293122,0.290831,0.493111,-0.765728,20.460909,114.078690,18.948832,0.205565,0.014010,0.738468,-0.642037,13.061434,126.637032,3.172857,0.029724,0.954974,0.134337,0.262859,-12.214035,89.140472,13.040055,0.058537,0.961261,0.022698,0.268394,-11.733473,55.758827,3.595932,0.021825,0.955895,-0.102279,0.274459,-16.220518,11.399219,0.239893,-0.080720,0.958443,-0.071107,0.264226,2.373173,88.253700,22.870220,0.001167,0.984741,-0.135109,0.109678,6.437849,54.361473,29.079258,0.026243,0.874724,-0.092140,0.475058,5.009958,11.281898,40.965508,0.021825,0.955895,-0.102279,0.274459,-9.908566,3.059145,-9.652458,0.026243,0.874724,-0.092140,0.475058,15.160439,3.204215,34.722511
979,8.158333,0.041489,0.954745,-0.049398,0.290347,-4.914002,88.698700,17.917528,0.029882,0.927560,0.136514,0.346560,-4.134779,95.859779,17.410362,-0.010724,0.929341,0.004145,0.369043,-4.874878,114.006149,22.583971,0.041521,0.968168,-0.067031,0.237557,-5.289361,132.028183,22.580156,0.042831,0.980847,-0.171053,0.082740,-2.956872,145.244904,19.531109,-0.071710,0.903529,0.169208,0.387119,-8.381078,126.561859,20.706087,0.229072,-0.613387,0.060039,-0.753444,-19.906939,126.585625,8.615276,0.177888,-0.189146,-0.348885,-0.900477,-14.312024,117.936363,-12.264538,0.232372,0.118235,-0.430210,-0.864259,2.159798,131.426971,-23.440506,-0.100217,0.963170,0.034607,0.247109,-3.260445,126.680649,25.535530,0.450242,0.830872,0.108458,-0.308496,11.068303,129.619766,33.602894,0.302139,0.304424,0.492806,-0.757087,20.479683,113.758041,19.393360,0.208571,0.032396,0.741682,-0.636676,13.405624,125.850189,3.074877,0.029735,0.954907,0.134066,0.263237,-12.205239,89.143753,12.999084,0.058575,0.961217,0.022426,0.268568,-11.726646,55.757118,3.572513,0.022019,0.955872,-0.102214,0.274546,-16.222914,11.396805,0.238131,-0.080645,0.958279,-0.071415,0.264759,2.377235,88.253654,22.835972,0.001051,0.984731,-0.135205,0.109647,6.427721,54.363632,29.066319,0.026353,0.874646,-0.092207,0.475183,5.009475,11.286351,40.962048,0.022019,0.955872,-0.102214,0.274546,-9.911423,3.056916,-9.654675,0.026353,0.874646,-0.092207,0.475183,15.159970,3.206058,34.722450
980,8.166667,0.041875,0.954685,-0.049256,0.290513,-4.896885,88.698235,17.863886,0.030067,0.927477,0.136926,0.346603,-4.112848,95.859055,17.360449,-0.010518,0.929357,0.003721,0.369014,-4.851952,113.995193,22.548952,0.041177,0.968284,-0.066928,0.237174,-5.253875,132.017502,22.533680,0.042259,0.981254,-0.169096,0.082231,-2.932832,145.236053,19.483788,-0.070466,0.905874,0.165314,0.383534,-8.349504,126.552139,20.663267,0.231449,-0.616258,0.067795,-0.749708,-19.973568,126.537766,8.666831,0.187610,-0.197845,-0.336008,-0.901531,-14.589241,117.529343,-12.116257,0.244238,0.106677,-0.420722,-0.867157,2.144778,130.312454,-23.725927,-0.099261,0.962272,0.030206,0.251528,-3.228519,126.670433,25.492346,0.455469,0.831799,0.106087,-0.299006,11.032967,129.607666,33.678688,0.311709,0.317671,0.492691,-0.747782,20.492376,113.443138,19.847321,0.212729,0.051416,0.744789,-0.630390,13.756855,125.050484,2.995502,0.029787,0.954887,0.133567,0.263559,-12.185854,89.150322,12.942728,0.058817,0.961028,0.022124,0.269216,-11.716810,55.754631,3.547790,0.021700,0.955751,-0.102248,0.274983,-16.238873,11.395660,0.230488,-0.080521,0.958218,-0.072067,0.264840,2.392084,88.246140,22.785044,0.001046,0.984762,-0.135327,0.109222,6.421625,54.361237,29.056633,0.027413,0.874544,-0.091339,0.475477,5.007753,11.286894,40.963520,0.021700,0.955751,-0.102248,0.274983,-9.913499,3.057228,-9.654671,0.027413,0.874544,-0.091339,0.475477,15.155649,3.212201,34.712463
981,8.175000,0.041635,0.954694,-0.049781,0.290427,-4.867927,88.694359,17.830204,0.030058,0.927427,0.137307,0.346588,-4.085065,95.854713,17.318460,-0.010455,0.929355,0.003075,0.369026,-4.829368,113.984718,22.519283,0.041039,0.968338,-0.066821,0.237007,-5.220588,132.007233,22.483204,0.041502,0.981658,-0.167053,0.081971,-2.904599,145.226974,19.434626,-0.069254,0.907989,0.161827,0.380226,-8.319397,126.541557,20.618982,0.235468,-0.619276,0.074816,-0.745288,-20.033527,126.496422,8.710543,0.198016,-0.206687,-0.323007,-0.902074,-14.869473,117.109856,-11.960807,0.255958,0.094031,-0.410274,-0.870241,2.104582,129.154510,-24.003563,-0.098104,0.961359,0.025636,0.255946,-3.198514,126.662384,25.448114,0.460158,0.832909,0.103064,-0.289649,10.995716,129.594055,33.752518,0.321888,0.331847,0.490370,-0.738785,20.511717,113.137123,20.310232,0.212900,0.070067,0.748281,-0.624371,14.066073,124.158226,2.923532,0.030021,0.954885,0.133451,0.263599,-12.158134,89.139793,12.910266,0.058887,0.960978,0.021770,0.269407,-11.706330,55.742924,3.518692,0.021558,0.955774,-0.101982,0.275011,-16.242277,11.383304,0.229181,-0.080118,0.958164,-0.072505,0.265040,2.422280,88.248917,22.750141,0.001142,0.984685,-0.135384,0.109840,6.415661,54.363918,29.044273,0.027328,0.874231,-0.091420,0.476042,4.985346,11.290982,40.954281,0.021558,0.955774,-0.101982,0.275011,-9.913124,3.051867,-9.659459,0.027328,0.874231,-0.091420,0.476042,15.142426,3.215961,34.718575
982,8.183333,0.041693,0.954687,-0.049938,0.290414,-4.846463,88.687256,17.795845,0.030355,0.927439,0.137848,0.346315,-4.062154,95.847321,17.282177,-0.010776,0.929480,0.002124,0.368710,-4.801315,113.961174,22.502712,0.041093,0.968394,-0.066690,0.236806,-5.190660,131.983627,22.430655,0.040668,0.982064,-0.164933,0.081819,-2.875015,145.204132,19.385187,-0.068069,0.909979,0.158436,0.377097,-8.291270,126.514526,20.579464,0.237708,-0.621811,0.083635,-0.741520,-20.089993,126.441170,8.754977,0.207238,-0.216107,-0.309816,-0.902421,-15.137480,116.670540,-11.789777,0.268204,0.079875,-0.399414,-0.873015,2.046502,127.962540,-24.256580,-0.097153,0.960367,0.021196,0.260398,-3.167199,126.644531,25.404972,0.465611,0.833500,0.100174,-0.280088,10.956435,129.577225,33.828510,0.331367,0.346300,0.490093,-0.728067,20.491011,112.812401,20.785828,0.216946,0.089558,0.749982,-0.618418,14.445980,123.273918,2.870899,0.030009,0.955252,0.133457,0.262262,-12.136716,89.132874,12.875991,0.058946,0.960879,0.021362,0.269778,-11.697176,55.736053,3.483650,0.021395,0.955746,-0.101858,0.275167,-16.246803,11.375481,0.226016,-0.079885,0.958143,-0.072955,0.265061,2.443790,88.241646,22.715698,0.001163,0.984713,-0.135477,0.109477,6.413192,54.358589,29.035479,0.025995,0.874337,-0.092537,0.475707,4.984456,11.287912,40.953846,0.021395,0.955746,-0.101858,0.275167,-9.911415,3.047960,-9.661931,0.025995,0.874337,-0.092537,0.475707,15.145140,3.205352,34.733799
983,8.191667,0.042329,0.954529,-0.050591,0.290729,-4.843761,88.690460,17.754389,0.030755,0.927387,0.138223,0.346268,-4.047806,95.848801,17.234686,-0.010875,0.929554,0.001574,0.368523,-4.777246,113.947174,22.470161,0.041019,0.968436,-0.066697,0.236643,-5.162628,131.969620,22.378414,0.040098,0.982467,-0.162661,0.081810,-2.849657,145.190323,19.331738,-0.066714,0.912121,0.154669,0.373715,-8.265173,126.499191,20.534458,0.242018,-0.624462,0.090760,-0.737047,-20.154848,126.397324,8.801645,0.217767,-0.225705,-0.295792,-0.902298,-15.414031,116.244957,-11.607509,0.279872,0.065146,-0.387397,-0.875986,1.974468,126.716637,-24.499527,-0.095885,0.959419,0.016195,0.264688,-3.139187,126.633362,25.357815,0.470667,0.834213,0.097107,-0.270426,10.917362,129.563522,33.893700,0.340531,0.359950,0.489775,-0.717353,20.479147,112.503113,21.260643,0.223342,0.110958,0.751340,-0.610979,14.828118,122.405884,2.863537,0.030003,0.955232,0.133134,0.262503,-12.129843,89.143028,12.828999,0.058733,0.961071,0.021116,0.269160,-11.693535,55.740211,3.457867,0.021403,0.955866,-0.101934,0.274722,-16.232996,11.376471,0.229407,-0.079929,0.958109,-0.073296,0.265076,2.442321,88.237885,22.679781,0.001137,0.984710,-0.135585,0.109374,6.408082,54.358780,29.022928,0.027355,0.874183,-0.091528,0.476107,4.981846,11.290699,40.950966,0.021403,0.955866,-0.101934,0.274722,-9.907883,3.047088,-9.663547,0.027355,0.874183,-0.091528,0.476107,15.138764,3.213151,34.718277
984,8.200000,0.042497,0.954467,-0.050986,0.290839,-4.827002,88.693192,17.719194,0.031037,0.927224,0.138630,0.346518,-4.027034,95.850739,17.194860,-0.010648,0.929452,0.000959,0.368787,-4.752948,113.932266,22.444260,0.040659,0.968511,-0.066826,0.236364,-5.122528,131.954941,22.334805,0.039856,0.982849,-0.160670,0.081272,-2.819494,145.175873,19.281565,-0.065528,0.914307,0.150760,0.370162,-8.228784,126.485428,20.494358,0.246508,-0.626889,0.098157,-0.732537,-20.211987,126.348221,8.857436,0.228592,-0.235612,-0.282118,-0.901467,-15.677643,115.804184,-11.399482,0.292109,0.049914,-0.376037,-0.877939,1.871104,125.444817,-24.715637,-0.095044,0.958465,0.010826,0.268692,-3.105475,126.619804,25.320557,0.476795,0.834209,0.094124,-0.260581,10.885091,129.566025,33.958710,0.351266,0.374729,0.487854,-0.705825,20.419956,112.186958,21.746674,0.223556,0.130117,0.753636,-0.604256,15.148738,121.410164,2.847506,0.030285,0.954888,0.132801,0.263886,-12.111707,89.146408,12.791824,0.058947,0.960919,0.020895,0.269674,-11.686667,55.738640,3.437854,0.021481,0.955735,-0.101909,0.275180,-16.248079,11.376312,0.220844,-0.079705,0.958052,-0.073629,0.265260,2.457704,88.239967,22.646564,0.001090,0.984707,-0.135694,0.109259,6.401214,54.361778,29.008463,0.026026,0.874206,-0.092831,0.475888,4.979484,11.296350,40.946590,0.021481,0.955735,-0.101909,0.275180,-9.913808,3.047056,-9.666359,0.026026,0.874206,-0.092831,0.475888,15.140377,3.207464,34.735115
985,8.208333,0.042455,0.954486,-0.050952,0.290789,-4.799087,88.684425,17.682032,0.030991,0.927162,0.138960,0.346555,-3.999855,95.842079,17.157959,-0.010411,0.929440,0.000298,0.368825,-4.732183,113.925591,22.419548,0.040667,0.968558,-0.066867,0.236160,-5.085015,131.948486,22.291092,0.039382,0.983200,-0.158799,0.080929,-2.782502,145.169098,19.236162,-0.064798,0.916228,0.146901,0.367080,-8.196178,126.479927,20.456112,0.250662,-0.629467,0.105377,-0.727898,-20.258478,126.298012,8.901823,0.238975,-0.245895,-0.267164,-0.900583,-15.943434,115.379059,-11.203809,0.302869,0.034579,-0.363940,-0.880127,1.762243,124.124168,-24.924305,-0.093866,0.957551,0.005728,0.272495,-3.073195,126.614616,25.282646,0.482966,0.834066,0.091844,-0.250286,10.856052,129.565277,34.017830,0.361695,0.388069,0.487696,-0.693349,20.360069,111.878052,22.231588,0.229401,0.150595,0.755036,-0.595498,15.514341,120.470024,2.879627,0.030542,0.954908,0.132687,0.263840,-12.084370,89.137199,12.755478,0.059015,0.960960,0.020543,0.269539,-11.678867,55.728401,3.404283,0.021166,0.955707,-0.101704,0.275377,-16.255070,11.365479,0.216536,-0.079457,0.958094,-0.073951,0.265091,2.486197,88.231659,22.608587,0.000921,0.984525,-0.135817,0.110744,6.408384,54.354031,28.986654,0.026364,0.874133,-0.092560,0.476057,4.982306,11.291552,40.934929,0.021166,0.955707,-0.101704,0.275377,-9.911214,3.043035,-9.670256,0.026364,0.874133,-0.092560,0.476057,15.143478,3.204370,34.721687
986,8.216667,0.042686,0.954414,-0.051031,0.290977,-4.777871,88.686302,17.636507,0.031669,0.926953,0.139366,0.346888,-3.975034,95.843552,17.112476,-0.011508,0.929217,0.000020,0.369355,-4.690323,113.904610,22.391590,0.040904,0.968498,-0.066942,0.236343,-5.076125,131.926636,22.239029,0.039450,0.983543,-0.156792,0.080636,-2.766080,145.145996,19.184307,-0.063328,0.918010,0.143492,0.364221,-8.175107,126.449951,20.407648,0.254528,-0.631348,0.113985,-0.723618,-20.313553,126.253746,8.933619,0.249397,-0.255922,-0.252978,-0.899059,-16.196867,114.930153,-10.988947,0.315559,0.017552,-0.352082,-0.880995,1.621684,122.798790,-25.088722,-0.092628,0.956694,0.000572,0.275963,-3.057971,126.600410,25.239914,0.488449,0.834172,0.087960,-0.240493,10.815432,129.555695,34.061974,0.371360,0.402267,0.486263,-0.681045,20.295193,111.567688,22.719782,0.235130,0.171352,0.754697,-0.588035,15.869874,119.476044,2.944870,0.030549,0.954954,0.132423,0.263806,-12.060881,89.142311,12.706892,0.059102,0.960835,0.020129,0.269995,-11.661128,55.728687,3.372705,0.021306,0.955733,-0.101742,0.275262,-16.253275,11.365175,0.216244,-0.079130,0.957828,-0.074404,0.266021,2.505139,88.230286,22.566124,0.000708,0.984489,-0.135906,0.110957,6.390990,54.353725,28.972021,0.027008,0.873948,-0.092575,0.476356,4.980125,11.293375,40.929764,0.021306,0.955733,-0.101742,0.275262,-9.914043,3.040896,-9.671968,0.027008,0.873948,-0.092575,0.476356,15.137516,3.198404,34.720490
987,8.225000,0.042820,0.954400,-0.051594,0.290905,-4.761669,88.677620,17.603230,0.031614,0.927002,0.139461,0.346726,-3.954684,95.833878,17.071966,-0.011601,0.929296,-0.000461,0.369153,-4.672875,113.910439,22.358496,0.041240,0.968524,-0.066935,0.236180,-5.055412,131.932373,22.188637,0.039121,0.983869,-0.154900,0.080487,-2.737417,145.150772,19.135767,-0.062237,0.919741,0.139588,0.361550,-8.156182,126.454506,20.363876,0.260435,-0.633454,0.121013,-0.718516,-20.363960,126.228203,8.964204,0.261350,-0.266153,-0.238145,-0.896742,-16.448185,114.497330,-10.762242,0.326602,0.003750,-0.340715,-0.881607,1.463829,121.422371,-25.233704,-0.091172,0.955821,-0.003144,0.279435,-3.036971,126.608696,25.193825,0.494518,0.833752,0.085278,-0.230297,10.780949,129.549438,34.107338,0.382488,0.414774,0.485406,-0.667868,20.206448,111.264862,23.202587,0.241179,0.192262,0.756536,-0.576647,16.182453,118.479225,3.038670,0.030608,0.954966,0.132353,0.263792,-12.045215,89.133057,12.674357,0.059190,0.960886,0.019810,0.269818,-11.650815,55.718388,3.343684,0.021168,0.955726,-0.101514,0.275381,-16.258776,11.354667,0.213330,-0.079177,0.958093,-0.074948,0.264899,2.521878,88.222191,22.532104,0.001280,0.984734,-0.136126,0.108474,6.408137,54.351776,28.970203,0.026939,0.874061,-0.092583,0.476152,4.974990,11.296886,40.944950,0.021168,0.955726,-0.101514,0.275381,-9.914001,3.036500,-9.676468,0.026939,0.874061,-0.092583,0.476152,15.130061,3.202428,34.731216
988,8.233333,0.043341,0.954264,-0.052097,0.291183,-4.760522,88.682526,17.561859,0.031589,0.926918,0.139709,0.346854,-3.944118,95.837379,17.026138,-0.011145,0.929310,-0.001321,0.369130,-4.667358,113.915268,22.321856,0.041429,0.968560,-0.066722,0.236059,-5.023188,131.937531,22.129267,0.038855,0.984192,-0.152968,0.080354,-2.702136,145.156845,19.082731,-0.061412,0.921567,0.135717,0.358502,-8.132135,126.461960,20.311520,0.265050,-0.635271,0.129296,-0.713766,-20.416636,126.196671,8.995405,0.273081,-0.276200,-0.223575,-0.893955,-16.704758,114.058723,-10.523090,0.341319,-0.013303,-0.326522,-0.881310,1.268743,120.043289,-25.333838,-0.089878,0.954951,-0.007212,0.282733,-3.012537,126.614639,25.141108,0.500760,0.833126,0.084156,-0.219221,10.751285,129.550201,34.139637,0.393369,0.428842,0.483473,-0.653918,20.119343,110.982445,23.672667,0.241890,0.211110,0.757150,-0.568899,16.522297,117.424324,3.113256,0.030558,0.954995,0.132059,0.263839,-12.040424,89.143791,12.628142,0.059050,0.960993,0.019571,0.269486,-11.647741,55.723518,3.317484,0.021065,0.955774,-0.101669,0.275167,-16.250662,11.357483,0.212597,-0.079221,0.958047,-0.075246,0.264969,2.519380,88.221268,22.495575,0.001216,0.984741,-0.136240,0.108271,6.402408,54.354446,28.954475,0.026759,0.874012,-0.092973,0.476175,4.976243,11.302328,40.939991,0.021065,0.955774,-0.101669,0.275167,-9.909892,3.036451,-9.677364,0.026759,0.874012,-0.092973,0.476175,15.131077,3.201971,34.733559
989,8.241667,0.043777,0.954208,-0.052462,0.291236,-4.747810,88.682091,17.524826,0.031385,0.926852,0.139920,0.346964,-3.923853,95.835846,16.985985,-0.009929,0.929354,-0.002416,0.369049,-4.658814,113.942017,22.294968,0.040924,0.968655,-0.066808,0.235732,-4.959352,131.965057,22.081915,0.038355,0.984519,-0.151037,0.080249,-2.652518,145.185349,19.028820,-0.061219,0.923412,0.131289,0.355423,-8.085375,126.496979,20.270876,0.270864,-0.636939,0.136889,-0.708663,-20.444111,126.167336,9.037601,0.285735,-0.286574,-0.209434,-0.890151,-16.925175,113.616516,-10.254188,0.355110,-0.027640,-0.314432,-0.879924,1.062001,118.644188,-25.400263,-0.088585,0.954132,-0.011877,0.285735,-2.964583,126.639465,25.099506,0.507543,0.831937,0.082496,-0.208509,10.749918,129.576584,34.172501,0.405521,0.441105,0.482100,-0.639186,20.012878,110.715714,24.145330,0.246316,0.230746,0.758398,-0.557600,16.816252,116.376816,3.236784,0.030552,0.954991,0.131933,0.263919,-12.026501,89.148727,12.589833,0.059149,0.960970,0.019237,0.269571,-11.634951,55.726124,3.287518,0.021089,0.955727,-0.101769,0.275290,-16.254133,11.359975,0.208557,-0.079105,0.958045,-0.075612,0.264905,2.530880,88.215462,22.459820,0.001406,0.984868,-0.136477,0.106807,6.399802,54.351189,28.940514,0.026958,0.874013,-0.092908,0.476174,4.972444,11.304888,40.946777,0.021089,0.955727,-0.101769,0.275290,-9.911427,3.036547,-9.678139,0.026958,0.874013,-0.092908,0.476174,15.125195,3.203502,34.738285
990,8.250000,0.043898,0.954207,-0.052709,0.291176,-4.729579,88.676628,17.494608,0.031450,0.926806,0.139940,0.347071,-3.902965,95.829857,16.952831,-0.010072,0.929292,-0.003201,0.369195,-4.637002,113.946655,22.266476,0.040716,0.968647,-0.066689,0.235833,-4.931851,131.969421,22.025160,0.038305,0.984815,-0.148979,0.080487,-2.630705,145.191177,18.974108,-0.059948,0.925250,0.126870,0.352452,-8.058979,126.499512,20.221632,0.277534,-0.638673,0.143165,-0.703260,-20.493124,126.140343,9.072785,0.298432,-0.296585,-0.194823,-0.886014,-17.159050,113.198219,-9.991969,0.367945,-0.043017,-0.301329,-0.878616,0.831448,117.242966,-25.425756,-0.087479,0.953293,-0.015393,0.288692,-2.939738,126.647934,25.051731,0.513204,0.831216,0.080707,-0.197960,10.724529,129.582443,34.201061,0.416140,0.454243,0.480196,-0.624421,19.918056,110.462448,24.610207,0.251142,0.250426,0.757544,-0.548034,17.150326,115.325844,3.391761,0.030791,0.955070,0.131826,0.263658,-12.008697,89.144073,12.560315,0.058985,0.961099,0.018931,0.269166,-11.637511,55.720543,3.260495,0.021051,0.955778,-0.101507,0.275212,-16.251308,11.351615,0.213696,-0.078930,0.958051,-0.075956,0.264839,2.549538,88.209190,22.428902,0.001477,0.984887,-0.136610,0.106460,6.400901,54.346622,28.928936,0.025996,0.874076,-0.093245,0.476047,4.970305,11.303574,40.946472,0.021051,0.955778,-0.101507,0.275212,-9.908618,3.034373,-9.678221,0.025996,0.874076,-0.093245,0.476047,15.130938,3.206573,34.745152
991,8.258333,0.044322,0.954128,-0.053256,0.291272,-4.717866,88.683662,17.459511,0.031626,0.926696,0.139948,0.347344,-3.883088,95.835510,16.912094,-0.010095,0.929179,-0.004222,0.369469,-4.612839,113.956688,22.229525,0.040828,0.968646,-0.066436,0.235892,-4.894765,131.979187,21.953611,0.038081,0.985182,-0.146659,0.080358,-2.591964,145.202377,18.910032,-0.058942,0.927075,0.122615,0.349319,-8.024666,126.508041,20.158615,0.282839,-0.639932,0.151057,-0.698335,-20.536249,126.113426,9.097950,0.309281,-0.306639,-0.180043,-0.881988,-17.385202,112.773170,-9.721925,0.379509,-0.057051,-0.287007,-0.877693,0.580084,115.849007,-25.406551,-0.086443,0.952401,-0.018712,0.291735,-2.908278,126.662064,24.991562,0.519260,0.829988,0.078729,-0.187857,10.703011,129.594910,34.220047,0.426844,0.466816,0.478589,-0.608967,19.786886,110.214935,25.056011,0.255593,0.270558,0.757792,-0.535931,17.453232,114.272072,3.554115,0.030816,0.955075,0.131537,0.263780,-11.995348,89.155266,12.523204,0.058980,0.961104,0.018734,0.269164,-11.630006,55.726563,3.241769,0.021115,0.955784,-0.101685,0.275119,-16.248131,11.356917,0.212022,-0.078829,0.957986,-0.076259,0.265015,2.559615,88.212059,22.395819,0.001439,0.984878,-0.136740,0.106375,6.397452,54.351593,28.914742,0.026262,0.874022,-0.093344,0.476112,4.969997,11.311719,40.944027,0.021115,0.955784,-0.101685,0.275119,-9.909168,3.035198,-9.678519,0.026262,0.874022,-0.093344,0.476112,15.127476,3.209543,34.744297
992,8.266667,0.044220,0.954107,-0.053784,0.291258,-4.689952,88.683197,17.428049,0.031269,0.926637,0.139753,0.347612,-3.854383,95.834366,16.872938,-0.009844,0.929058,-0.004607,0.369774,-4.596319,113.976578,22.184160,0.041062,0.968615,-0.067000,0.235817,-4.864631,131.999115,21.898619,0.038014,0.985590,-0.144022,0.080152,-2.552598,145.217621,18.841734,-0.058207,0.928743,0.118057,0.346569,-7.997410,126.529373,20.104403,0.290404,-0.641393,0.157252,-0.692497,-20.575800,126.090225,9.121466,0.320990,-0.316830,-0.165744,-0.876991,-17.600882,112.346062,-9.434589,0.392305,-0.071222,-0.267990,-0.877044,0.296600,114.445534,-25.356030,-0.085202,0.951543,-0.022472,0.294622,-2.884132,126.682114,24.940678,0.525262,0.828622,0.077220,-0.177547,10.677711,129.611862,34.242649,0.436902,0.480158,0.476007,-0.593281,19.645092,109.983086,25.503290,0.259116,0.291100,0.755849,-0.526129,17.753897,113.187920,3.753887,0.031212,0.955046,0.131225,0.263994,-11.967731,89.150383,12.491759,0.058928,0.961071,0.018539,0.269308,-11.632354,55.717682,3.223591,0.020869,0.955809,-0.101510,0.275117,-16.250349,11.346847,0.211181,-0.078491,0.957967,-0.076617,0.265082,2.587827,88.216019,22.364340,0.001433,0.984873,-0.136847,0.106281,6.396146,54.355656,28.901117,0.028114,0.873745,-0.092373,0.476704,4.969347,11.318395,40.939804,0.020869,0.955809,-0.101510,0.275117,-9.907266,3.030735,-9.681433,0.028114,0.873745,-0.092373,0.476704,15.119381,3.214677,34.729908
993,8.275000,0.044331,0.954047,-0.054002,0.291400,-4.679830,88.677612,17.398674,0.032000,0.926509,0.139739,0.347895,-3.841744,95.828285,16.841169,-0.010802,0.928881,-0.005840,0.370174,-4.558835,113.952271,22.156275,0.041466,0.968525,-0.066683,0.236206,-4.842653,131.973633,21.816523,0.037759,0.985968,-0.141413,0.080272,-2.520182,145.193115,18.771732,-0.056358,0.930407,0.114188,0.343697,-7.969047,126.495789,20.035910,0.297217,-0.642569,0.162999,-0.687167,-20.620764,126.055130,9.137583,0.331713,-0.327098,-0.151792,-0.871741,-17.801863,111.946342,-9.167486,0.401878,-0.084624,-0.254975,-0.875397,-0.009286,113.091866,-25.302292,-0.084555,0.950575,-0.025910,0.297634,-2.860219,126.667511,24.876249,0.530858,0.827330,0.076320,-0.167004,10.645691,129.610397,34.255135,0.446587,0.493057,0.473655,-0.577153,19.507004,109.752701,25.934761,0.263570,0.312572,0.753622,-0.514669,18.067776,112.105087,3.988513,0.031166,0.955047,0.131160,0.264028,-11.955981,89.145355,12.460040,0.059007,0.961162,0.018240,0.268984,-11.618404,55.711281,3.196908,0.020896,0.955823,-0.101363,0.275121,-16.251383,11.340293,0.209810,-0.078442,0.957859,-0.076838,0.265423,2.596321,88.209862,22.337309,0.001469,0.984856,-0.136904,0.106363,6.394879,54.351318,28.889174,0.026718,0.873754,-0.093499,0.476548,4.963377,11.315447,40.932297,0.020896,0.955823,-0.101363,0.275121,-9.907923,3.027330,-9.685209,0.026718,0.873754,-0.093499,0.476548,15.120522,3.204918,34.742950
994,8.283333,0.044492,0.953967,-0.054400,0.291562,-4.666575,88.679214,17.363995,0.032389,0.926359,0.139406,0.348390,-3.824517,95.829063,16.801846,-0.010956,0.928649,-0.006546,0.370741,-4.526407,113.955925,22.110321,0.041625,0.968498,-0.066749,0.236269,-4.805723,131.976852,21.744720,0.037725,0.986373,-0.138769,0.079923,-2.478378,145.195358,18.699459,-0.055529,0.932043,0.110218,0.340681,-7.931148,126.497208,19.967989,0.304342,-0.643756,0.168630,-0.681555,-20.654905,126.022598,9.155299,0.343282,-0.336781,-0.138132,-0.865826,-17.994091,111.547676,-8.885648,0.413597,-0.097824,-0.240603,-0.872627,-0.320217,111.739372,-25.189547,-0.083791,0.949610,-0.029097,0.300621,-2.828282,126.674614,24.814405,0.536494,0.825731,0.075372,-0.157041,10.622218,129.625137,34.270199,0.455950,0.505514,0.471300,-0.560751,19.353775,109.547951,26.348993,0.267646,0.334624,0.751638,-0.501431,18.364344,111.045822,4.257162,0.031203,0.955097,0.130964,0.263940,-11.940804,89.147408,12.422574,0.059034,0.961116,0.017942,0.269162,-11.610200,55.709927,3.171492,0.020948,0.955793,-0.101347,0.275227,-16.252136,11.338258,0.208550,-0.078348,0.957776,-0.077127,0.265667,2.607655,88.211021,22.305414,0.001411,0.984834,-0.137021,0.106423,6.392914,54.354538,28.875616,0.026226,0.873780,-0.093853,0.476458,4.964670,11.321539,40.929363,0.020948,0.955793,-0.101347,0.275227,-9.906996,3.025326,-9.685413,0.026226,0.873780,-0.093853,0.476458,15.124106,3.209490,34.745781
995,8.291667,0.044848,0.953825,-0.054829,0.291891,-4.649718,88.687889,17.332129,0.031904,0.926231,0.138577,0.349106,-3.800775,95.836601,16.765896,-0.010831,0.928344,-0.006480,0.371509,-4.512949,113.981651,22.041565,0.042422,0.968384,-0.066920,0.236548,-4.788672,132.002716,21.679598,0.037522,0.986714,-0.136554,0.079629,-2.438127,145.217499,18.636030,-0.054166,0.933558,0.104602,0.338517,-7.912068,126.523987,19.896460,0.311543,-0.644659,0.174817,-0.675866,-20.689928,126.017593,9.149202,0.354011,-0.346336,-0.124798,-0.859740,-18.182192,111.163689,-8.603333,0.424528,-0.110947,-0.225856,-0.869745,-0.653616,110.427177,-25.047979,-0.082336,0.948831,-0.032630,0.303111,-2.817184,126.699448,24.751341,0.541649,0.824347,0.075499,-0.146176,10.591175,129.639847,34.269939,0.465316,0.517338,0.467922,-0.544877,19.217321,109.362068,26.754601,0.271520,0.358974,0.747874,-0.487953,18.621912,109.994484,4.551342,0.031384,0.955140,0.130525,0.263980,-11.920016,89.159439,12.385239,0.058987,0.961139,0.017842,0.269100,-11.609137,55.714775,3.159493,0.020855,0.955801,-0.101497,0.275150,-16.249630,11.342281,0.206557,-0.078199,0.957687,-0.077348,0.265965,2.620580,88.216339,22.279016,0.001356,0.984810,-0.137096,0.106543,6.389774,54.360615,28.862343,0.026287,0.873683,-0.094144,0.476576,4.964178,11.329421,40.922867,0.020855,0.955801,-0.101497,0.275150,-9.905563,3.026570,-9.685764,0.026287,0.873683,-0.094144,0.476576,15.122459,3.210706,34.746136
996,8.300000,0.045148,0.953677,-0.055410,0.292219,-4.635155,88.687500,17.304647,0.031711,0.926082,0.138191,0.349670,-3.779472,95.834900,16.732010,-0.009702,0.928181,-0.007627,0.371923,-4.497070,114.000366,21.996109,0.041961,0.968457,-0.066845,0.236352,-4.719468,132.021683,21.610788,0.037230,0.987092,-0.134081,0.079276,-2.382354,145.238464,18.565512,-0.053714,0.934989,0.100383,0.335906,-7.857305,126.549873,19.831766,0.319642,-0.646189,0.179638,-0.669327,-20.695616,125.998520,9.159029,0.364836,-0.355975,-0.111667,-0.853058,-18.359467,110.781670,-8.307198,0.434483,-0.124204,-0.211307,-0.866687,-1.007119,109.116951,-24.870552,-0.081826,0.947838,-0.035421,0.306027,-2.766431,126.716599,24.691160,0.547166,0.822412,0.075841,-0.135998,10.585385,129.669846,34.284954,0.475351,0.528648,0.465601,-0.527056,19.065540,109.195961,27.144459,0.276999,0.379129,0.744890,-0.473995,18.899170,108.933128,4.873957,0.031499,0.955138,0.130302,0.264083,-11.901593,89.160660,12.352244,0.059006,0.961090,0.017597,0.269286,-11.601480,55.712456,3.138964,0.020942,0.955783,-0.101413,0.275239,-16.248968,11.339394,0.205730,-0.078111,0.957595,-0.077485,0.266284,2.631283,88.214340,22.257050,0.001383,0.984807,-0.137222,0.106408,6.389864,54.359127,28.849066,0.026190,0.873636,-0.094301,0.476635,4.962292,11.331049,40.920456,0.020942,0.955783,-0.101413,0.275239,-9.903768,3.025015,-9.686983,0.026190,0.873636,-0.094301,0.476635,15.121558,3.210287,34.748035
997,8.308333,0.045900,0.953636,-0.055566,0.292206,-4.649210,88.692459,17.272812,0.032736,0.925972,0.137291,0.350221,-3.782538,95.838623,16.701225,-0.010886,0.927853,-0.007981,0.372701,-4.454272,113.982895,21.939348,0.043163,0.968264,-0.066326,0.237071,-4.711194,132.003113,21.526068,0.036654,0.987423,-0.131774,0.079292,-2.342495,145.219696,18.504425,-0.052341,0.936178,0.097129,0.333762,-7.835354,126.522484,19.750168,0.326893,-0.646962,0.185450,-0.663468,-20.726505,125.968491,9.141444,0.375716,-0.364693,-0.099201,-0.846165,-18.535686,110.391151,-8.023237,0.445730,-0.137909,-0.198455,-0.861929,-1.359084,107.838318,-24.656555,-0.080834,0.946908,-0.038420,0.308797,-2.752981,126.706573,24.617825,0.551632,0.821072,0.077468,-0.124669,10.547330,129.660110,34.282818,0.485236,0.539101,0.462738,-0.509695,18.936527,109.019073,27.526409,0.281299,0.398795,0.741298,-0.460773,19.149532,107.869324,5.223306,0.031250,0.954916,0.130010,0.265058,-11.914577,89.177437,12.319983,0.059329,0.960703,0.017514,0.270599,-11.594061,55.722881,3.130484,0.020888,0.955545,-0.101888,0.275890,-16.267229,11.352977,0.190247,-0.078395,0.957407,-0.077639,0.266832,2.616156,88.207489,22.225643,0.001041,0.984852,-0.137369,0.105809,6.386759,54.357021,28.835117,0.026358,0.873908,-0.094501,0.476088,4.995282,11.332476,40.923294,0.020888,0.955545,-0.101888,0.275890,-9.909039,3.028356,-9.685493,0.026358,0.873908,-0.094501,0.476088,15.142520,3.205216,34.739655
998,8.316667,0.046032,0.953532,-0.055769,0.292486,-4.635494,88.699455,17.244751,0.032584,0.925804,0.136779,0.350879,-3.765991,95.845116,16.671194,-0.010513,0.927579,-0.008587,0.373380,-4.440176,114.003563,21.891771,0.043350,0.968207,-0.066554,0.237205,-4.676167,132.023712,21.463070,0.036648,0.987757,-0.129385,0.079074,-2.300533,145.238083,18.437199,-0.051807,0.937139,0.093220,0.332261,-7.803871,126.545120,19.687115,0.333827,-0.647910,0.191694,-0.657287,-20.730288,125.957909,9.123194,0.386597,-0.373464,-0.086736,-0.838775,-18.706259,110.019234,-7.727366,0.457948,-0.150924,-0.184562,-0.856413,-1.729570,106.574402,-24.405041,-0.079592,0.946085,-0.041808,0.311191,-2.728511,126.727570,24.562145,0.556463,0.819150,0.077390,-0.115557,10.528859,129.677902,34.286922,0.494385,0.549901,0.459564,-0.491929,18.770685,108.868683,27.873802,0.285108,0.417342,0.738035,-0.447038,19.380013,106.817230,5.577604,0.031336,0.954878,0.129723,0.265328,-11.897763,89.185242,12.287464,0.059371,0.960758,0.017352,0.270403,-11.585674,55.725891,3.115161,0.020949,0.955546,-0.101955,0.275860,-16.266973,11.355930,0.188742,-0.078285,0.957264,-0.077791,0.267332,2.626776,88.213661,22.202038,0.001204,0.984719,-0.137381,0.107022,6.383823,54.363644,28.821510,0.026313,0.873461,-0.094527,0.476904,4.963038,11.339432,40.907467,0.020949,0.955546,-0.101955,0.275860,-9.910591,3.029382,-9.686538,0.026313,0.873461,-0.094527,0.476904,15.123150,3.212728,34.744270
999,8.325000,0.046139,0.953294,-0.056559,0.293091,-4.613482,88.690872,17.233273,0.032102,0.925639,0.136196,0.351585,-3.738847,95.835106,16.649883,-0.009775,0.927349,-0.009757,0.373943,-4.427000,114.027199,21.851233,0.043295,0.968191,-0.066587,0.237274,-4.622274,132.047134,21.393234,0.036391,0.988092,-0.126993,0.078889,-2.247553,145.261444,18.366385,-0.051685,0.938122,0.089593,0.330498,-7.759958,126.572655,19.622171,0.340219,-0.648226,0.198867,-0.651542,-20.725819,125.942017,9.109206,0.396705,-0.382310,-0.074876,-0.831178,-18.851328,109.639145,-7.406910,0.469582,-0.163752,-0.172642,-0.850220,-2.103966,105.338226,-24.117630,-0.078874,0.945089,-0.045134,0.313924,-2.690315,126.751648,24.503275,0.560816,0.817391,0.077973,-0.106194,10.513784,129.715378,34.296223,0.504345,0.559425,0.456168,-0.473910,18.625814,108.755157,28.218048,0.288099,0.435848,0.735521,-0.431329,19.572472,105.789612,5.956598,0.031682,0.954899,0.129580,0.265279,-11.869343,89.173576,12.266304,0.059039,0.961153,0.017115,0.269084,-11.583333,55.713165,3.097031,0.020864,0.955797,-0.101465,0.275177,-16.245899,11.338952,0.205380,-0.078102,0.957218,-0.077757,0.267560,2.642379,88.208160,22.200241,0.001230,0.984691,-0.137487,0.107141,6.386423,54.355789,28.815046,0.026006,0.873479,-0.094513,0.476891,4.960833,11.334184,40.909733,0.020864,0.955797,-0.101465,0.275177,-9.901218,3.023913,-9.687113,0.026006,0.873479,-0.094513,0.476891,15.124780,3.211401,34.747681
1000,8.333333,0.046347,0.953121,-0.056816,0.293570,-4.598569,88.687935,17.209450,0.032111,0.925428,0.136009,0.352212,-3.719700,95.831474,16.623863,-0.010339,0.927053,-0.011025,0.374625,-4.408288,114.019356,21.816685,0.043781,0.968143,-0.066477,0.237411,-4.604938,132.037933,21.308529,0.036683,0.988464,-0.124318,0.078352,-2.217563,145.251434,18.288141,-0.050193,0.939070,0.085940,0.329004,-7.739333,126.558197,19.547916,-0.348564,0.648943,-0.203482,0.644959,-20.743206,125.928116,9.081973,0.408368,-0.390512,-0.063638,-0.822609,-18.998461,109.284065,-7.104781,0.481371,-0.176702,-0.161337,-0.843225,-2.481092,104.132172,-23.803720,-0.077990,0.944225,-0.048057,0.316304,-2.677042,126.751305,24.436110,0.564693,0.815818,0.078480,-0.096971,10.481591,129.719360,34.288765,0.513132,0.569116,0.452461,-0.456159,18.477713,108.621765,28.541311,0.290197,0.453540,0.732236,-0.417034,19.768534,104.759918,6.365672,0.031837,0.954845,0.129280,0.265600,-11.849140,89.172188,12.234914,0.059076,0.961155,0.016935,0.269080,-11.575951,55.707062,3.082443,0.021055,0.955796,-0.101305,0.275224,-16.246084,11.332700,0.205332,-0.078064,0.957000,-0.077825,0.268328,2.652002,88.203682,22.183985,0.001160,0.984644,-0.137534,0.107517,6.386901,54.351627,28.805586,0.026219,0.873408,-0.094347,0.477042,4.962460,11.331174,40.904480,0.021055,0.955796,-0.101305,0.275224,-9.902278,3.020002,-9.689689,0.026219,0.873408,-0.094347,0.477042,15.127230,3.209399,34.742466
1001,8.341667,0.046656,0.953062,-0.057176,0.293644,-4.593180,88.686630,17.192202,0.032023,0.925300,0.135343,0.352812,-3.708508,95.829163,16.603067,-0.009858,0.926795,-0.012112,0.375242,-4.394885,114.033089,21.773996,0.043905,0.968097,-0.066603,0.237537,-4.560442,132.051102,21.235922,0.036483,0.988804,-0.121768,0.078157,-2.168459,145.263321,18.213512,-0.049597,0.940086,0.081708,0.327265,-7.701663,126.573769,19.480032,-0.355276,0.649614,-0.208955,0.638842,-20.745636,125.909439,9.066238,0.419088,-0.398383,-0.052793,-0.814168,-19.146610,108.946609,-6.801497,0.492515,-0.189409,-0.152665,-0.835611,-2.867125,102.984283,-23.464287,-0.077276,0.943382,-0.050784,0.318560,-2.645749,126.766396,24.374838,0.569111,0.813682,0.078777,-0.088482,10.468740,129.742371,34.283794,0.521144,0.578812,0.448557,-0.438385,18.304909,108.503761,28.843626,0.292439,0.471125,0.727888,-0.403361,19.944405,103.752937,6.787750,0.031813,0.954729,0.129210,0.266055,-11.842482,89.174095,12.216130,0.059487,0.960690,0.016742,0.270656,-11.564639,55.707623,3.068738,0.020647,0.955575,-0.101474,0.275960,-16.269878,11.337030,0.190691,-0.078105,0.956860,-0.077851,0.268807,2.656122,88.199173,22.168272,0.001160,0.984621,-0.137636,0.107591,6.389932,54.347847,28.794220,0.026090,0.873365,-0.094414,0.477114,4.963596,11.329889,40.901764,0.020647,0.955575,-0.101474,0.275960,-9.904980,3.023429,-9.690010,0.026090,0.873365,-0.094414,0.477114,15.130629,3.208313,34.743221
1002,8.350000,0.046985,0.952803,-0.057123,0.294443,-4.566406,88.700317,17.151222,0.031683,0.925033,0.135393,0.353523,-3.676948,95.842491,16.564964,-0.009959,0.926514,-0.013213,0.375897,-4.379681,114.041313,21.731071,0.044539,0.967980,-0.066579,0.237903,-4.533290,132.058243,21.154732,0.036208,0.989135,-0.119173,0.078090,-2.123186,145.268539,18.138330,-0.048882,0.940919,0.078629,0.325729,-7.675369,126.579155,19.405865,-0.361520,0.649572,-0.215263,0.633262,-20.755207,125.898232,9.038235,0.428204,-0.406478,-0.041427,-0.806040,-19.278246,108.615479,-6.492530,0.503825,-0.200635,-0.138733,-0.828649,-3.260589,101.850548,-23.102470,-0.076422,0.942658,-0.053196,0.320510,-2.626409,126.779007,24.307558,0.572778,0.811950,0.079577,-0.079562,10.450829,129.755371,34.265511,0.528889,0.587873,0.444389,-0.420952,18.161825,108.394257,29.134937,0.294068,0.488135,0.723237,-0.390099,20.117811,102.771591,7.231371,0.032074,0.954672,0.128430,0.266604,-11.806892,89.192551,12.162802,0.059555,0.960623,0.016650,0.270886,-11.555724,55.713284,3.061563,0.020733,0.955553,-0.101603,0.275982,-16.268318,11.343143,0.188670,-0.077946,0.956675,-0.078102,0.269438,2.674080,88.208084,22.139645,0.001105,0.984586,-0.137687,0.107853,6.388201,54.357742,28.781685,0.026277,0.873245,-0.094683,0.477272,4.962953,11.341023,40.893764,0.020733,0.955553,-0.101603,0.275982,-9.904689,3.026031,-9.689895,0.026277,0.873245,-0.094683,0.477272,15.127982,3.211778,34.742035
1003,8.358333,0.046902,0.952651,-0.057373,0.294899,-4.540250,88.705460,17.128450,0.031265,0.924903,0.135071,0.354024,-3.650592,95.847336,16.538834,-0.009882,0.926312,-0.014238,0.376358,-4.366587,114.056625,21.689745,0.044994,0.967846,-0.066837,0.238292,-4.503409,132.072586,21.080156,0.035946,0.989443,-0.116427,0.078451,-2.077992,145.279541,18.061394,-0.048184,0.941955,0.074398,0.323827,-7.648612,126.593124,19.338127,-0.369962,0.650579,-0.217829,0.626439,-20.771984,125.881706,9.027711,0.438981,-0.414071,-0.030928,-0.796796,-19.407743,108.319839,-6.197245,0.514047,-0.211828,-0.127325,-0.821385,-3.653221,100.763145,-22.717268,-0.075616,0.941864,-0.055859,0.322573,-2.604515,126.797447,24.244637,0.576299,0.810117,0.080798,-0.071148,10.432487,129.778809,34.253723,0.536575,0.596315,0.440368,-0.403202,18.014101,108.306610,29.401558,0.294333,0.504470,0.719417,-0.375922,20.271406,101.815590,7.673387,0.032347,0.954621,0.128035,0.266944,-11.776139,89.194420,12.133039,0.059576,0.960638,0.016515,0.270839,-11.547179,55.709351,3.052606,0.020592,0.955583,-0.101556,0.275906,-16.265059,11.339039,0.190955,-0.077738,0.956523,-0.078237,0.270000,2.695639,88.216499,22.123859,0.001078,0.984554,-0.137744,0.108070,6.389578,54.365372,28.773149,0.026258,0.873173,-0.094960,0.477348,4.963536,11.350057,40.890121,0.020592,0.955583,-0.101556,0.275906,-9.900971,3.023937,-9.689011,0.026258,0.873173,-0.094960,0.477348,15.127881,3.215358,34.744473
1004,8.366667,0.047481,0.952210,-0.057453,0.296212,-4.528828,88.716576,17.088747,0.031490,0.924666,0.135044,0.354633,-3.630077,95.857521,16.501762,-0.010257,0.926146,-0.015323,0.376714,-4.340936,114.058578,21.652014,0.045304,0.967804,-0.066846,0.238401,-4.475321,132.073120,21.001070,0.036004,0.989763,-0.113752,0.078313,-2.041238,145.278961,17.984489,-0.046675,0.942789,0.070742,0.322437,-7.619736,126.590012,19.269091,-0.376127,0.650298,-0.223663,0.620980,-20.777906,125.881935,9.002888,0.447415,-0.421581,-0.020395,-0.788463,-19.516598,108.024887,-5.883823,0.522909,-0.223288,-0.117773,-0.814149,-4.037854,99.726860,-22.308537,-0.075060,0.940997,-0.058558,0.324749,-2.579511,126.805031,24.179125,0.579784,0.808196,0.082066,-0.062728,10.413236,129.800034,34.241547,0.542716,0.605414,0.435713,-0.386118,17.859776,108.220268,29.665247,0.295526,0.521626,0.712849,-0.363892,20.439297,100.884941,8.152506,0.032477,0.954504,0.127148,0.267769,-11.750079,89.213135,12.072945,0.059653,0.960620,0.016434,0.270890,-11.538673,55.712933,3.048036,0.020579,0.955570,-0.101616,0.275929,-16.264908,11.343196,0.191233,-0.077903,0.956240,-0.078271,0.270943,2.692423,88.220009,22.104549,0.000810,0.984362,-0.137690,0.109870,6.390002,54.371040,28.762779,0.026385,0.872989,-0.095109,0.477649,4.965860,11.354357,40.875122,0.020579,0.955570,-0.101616,0.275929,-9.900379,3.026827,-9.687385,0.026385,0.872989,-0.095109,0.477649,15.132051,3.215286,34.738319
1005,8.375000,0.048151,0.951913,-0.058488,0.296853,-4.522365,88.713715,17.082207,0.030738,0.924540,0.133656,0.355552,-3.609642,95.852005,16.484552,-0.009311,0.925837,-0.015596,0.377487,-4.334327,114.102089,21.585815,0.045426,0.967693,-0.067667,0.238594,-4.432853,132.117004,20.938496,0.035812,0.990080,-0.110973,0.078382,-1.989584,145.316620,17.902163,-0.046787,0.943664,0.067279,0.320597,-7.584890,126.640335,19.200008,-0.383525,0.650678,-0.227127,0.614769,-20.782227,125.885902,8.987531,0.455966,-0.429117,-0.009637,-0.779654,-19.616621,107.763588,-5.583076,0.531912,-0.233245,-0.103802,-0.807398,-4.430689,98.714951,-21.884281,-0.073910,0.940378,-0.060519,0.326442,-2.552613,126.844582,24.118641,0.582983,0.806334,0.083212,-0.055071,10.409011,129.826599,34.224945,0.549190,0.613590,0.430860,-0.369130,17.724314,108.150688,29.898262,0.296718,0.538532,0.706522,-0.350382,20.577326,99.981499,8.636615,0.032598,0.954356,0.126948,0.268377,-11.735793,89.215195,12.055656,0.059741,0.960572,0.016326,0.271046,-11.530439,55.712013,3.041696,0.020763,0.955536,-0.101563,0.276052,-16.266396,11.342907,0.191283,-0.077976,0.956029,-0.078180,0.271691,2.691064,88.212227,22.108757,0.000968,0.984467,-0.137750,0.108852,6.390010,54.363060,28.765234,0.026295,0.873052,-0.094866,0.477588,4.963956,11.347875,40.882664,0.020763,0.955536,-0.101563,0.276052,-9.901454,3.026523,-9.687047,0.026295,0.873052,-0.094866,0.477588,15.132195,3.214855,34.741245
1006,8.383333,0.049036,0.951389,-0.059694,0.298145,-4.521848,88.709808,17.095938,0.030944,0.924327,0.132726,0.356434,-3.591039,95.844803,16.486876,-0.009962,0.925534,-0.017116,0.378146,-4.299833,114.083252,21.552567,0.045229,0.967623,-0.067628,0.238930,-4.398912,132.095917,20.845598,0.036026,0.990390,-0.108014,0.078510,-1.959426,145.296432,17.810112,-0.045148,0.944651,0.064155,0.318560,-7.547959,126.613258,19.120617,-0.389330,0.650709,-0.231590,0.609398,-20.793837,125.871193,8.970255,0.463173,-0.435974,0.000720,-0.771620,-19.725437,107.502571,-5.296204,0.539319,-0.243064,-0.092747,-0.800908,-4.820331,97.764412,-21.458696,-0.073778,0.939480,-0.062710,0.328637,-2.522870,126.834198,24.045879,0.585825,0.804628,0.084326,-0.047672,10.391383,129.838364,34.206139,0.554262,0.622596,0.425037,-0.352861,17.587418,108.076073,30.119675,0.299797,0.554730,0.697402,-0.340627,20.731857,99.092690,9.157620,0.032714,0.954113,0.127084,0.269163,-11.720222,89.218018,12.048518,0.059867,0.960442,0.016047,0.271497,-11.512515,55.717773,3.023713,0.020755,0.955533,-0.101701,0.276014,-16.264687,11.349195,0.192049,-0.078140,0.955829,-0.077592,0.272517,2.676526,88.201591,22.143358,0.000790,0.984307,-0.137698,0.110354,6.391911,54.347847,28.767330,0.026053,0.873009,-0.094508,0.477750,4.963569,11.331352,40.879841,0.020755,0.955533,-0.101701,0.276014,-9.901094,3.029733,-9.684568,0.026053,0.873009,-0.094508,0.477750,15.140078,3.208709,34.738373
1007,8.391667,0.047682,0.951756,-0.058716,0.297388,-4.478311,88.737640,17.014599,0.031125,0.924112,0.133192,0.356803,-3.570708,95.876190,16.412308,-0.009864,0.925193,-0.017495,0.378966,-4.281225,114.100388,21.493536,0.046130,0.967506,-0.067812,0.239177,-4.371211,132.112640,20.775192,0.035802,0.990705,-0.105488,0.078066,-1.905929,145.308853,17.741755,-0.044896,0.945498,0.060991,0.316700,-7.519551,126.630280,19.047993,-0.396072,0.650688,-0.234839,0.603807,-20.805674,125.857414,8.952683,0.470795,-0.442984,0.010819,-0.762889,-19.806566,107.253838,-5.011144,0.547201,-0.251940,-0.080873,-0.794077,-5.203403,96.826912,-21.018850,-0.073010,0.938757,-0.064994,0.330425,-2.503183,126.852119,23.982094,0.588359,0.803017,0.085791,-0.040470,10.375462,129.859360,34.186535,0.559133,0.631131,0.419338,-0.336453,17.462513,108.020744,30.322847,0.303953,0.570163,0.687988,-0.330454,20.888029,98.240059,9.690128,0.032839,0.954107,0.125905,0.269722,-11.686930,89.229393,11.980191,0.059915,0.960547,0.016111,0.271108,-11.504619,55.709015,3.029887,0.021589,0.955522,-0.101078,0.276214,-16.260498,11.341148,0.193427,-0.077561,0.955531,-0.078832,0.273368,2.730309,88.245895,22.049007,0.000546,0.984241,-0.137683,0.110968,6.377601,54.399345,28.747183,0.026710,0.872661,-0.095732,0.478106,4.963318,11.382448,40.859901,0.021589,0.955522,-0.101078,0.276214,-9.901210,3.030191,-9.693110,0.026710,0.872661,-0.095732,0.478106,15.127587,3.226976,34.741726
1008,8.400000,0.046500,0.951982,-0.058280,0.296938,-4.447622,88.759293,16.959923,0.031741,0.923910,0.133775,0.357053,-3.558369,95.900192,16.358051,-0.010321,0.924927,-0.018782,0.379541,-4.256256,114.106026,21.464209,0.046464,0.967398,-0.067807,0.239549,-4.343417,132.116272,20.696638,0.035808,0.990960,-0.102993,0.078159,-1.867681,145.311340,17.666807,-0.043831,0.946272,0.057924,0.315108,-7.490134,126.629532,18.980385,-0.399661,0.649348,-0.241901,0.600085,-20.813011,125.853645,8.933868,0.475965,-0.449814,0.021493,-0.755423,-19.889566,107.009613,-4.709042,0.554565,-0.261294,-0.069783,-0.786964,-5.596241,95.932320,-20.558771,-0.072530,0.938066,-0.066853,0.332117,-2.480033,126.864311,23.920248,0.590699,0.801453,0.087215,-0.033802,10.363486,129.879135,34.166634,0.564267,0.638980,0.413118,-0.320377,17.345129,107.971664,30.506229,0.306108,0.584998,0.679265,-0.320428,21.004742,97.396538,10.217543,0.033029,0.953944,0.125198,0.270603,-11.662911,89.234146,11.933459,0.060057,0.960361,0.015985,0.271744,-11.498390,55.702316,3.025821,0.021443,0.955475,-0.100923,0.276446,-16.267591,11.335600,0.193652,-0.077241,0.955250,-0.079637,0.274208,2.767668,88.284431,21.986387,0.000445,0.984194,-0.137676,0.111388,6.372291,54.443306,28.734852,0.027210,0.872376,-0.096784,0.478386,4.961771,11.426229,40.847401,0.021443,0.955475,-0.100923,0.276446,-9.900476,3.029190,-9.691668,0.027210,0.872376,-0.096784,0.478386,15.115886,3.243335,34.749012
1009,8.408333,0.047295,0.951636,-0.060050,0.297567,-4.455513,88.736572,17.010185,0.031211,0.923954,0.131832,0.357707,-3.547428,95.873375,16.388117,-0.010354,0.924715,-0.019610,0.380013,-4.241628,114.121262,21.426027,0.046840,0.967279,-0.068166,0.239856,-4.318152,132.130325,20.630390,0.035729,0.991200,-0.100514,0.078382,-1.828932,145.321548,17.594845,-0.042716,0.946922,0.054282,0.313955,-7.466063,126.642647,18.919357,-0.408100,0.650146,-0.242515,0.593255,-20.816410,125.860664,8.909834,0.484433,-0.456748,0.030776,-0.745492,-19.955124,106.806305,-4.441911,0.562107,-0.270726,-0.057992,-0.779346,-5.987464,95.061668,-20.100395,-0.071919,0.937541,-0.068897,0.333313,-2.461018,126.882378,23.864111,0.593136,0.799775,0.088264,-0.027557,10.358878,129.902206,34.138577,0.568949,0.646623,0.406652,-0.304648,17.224028,107.926109,30.674496,0.308961,0.599173,0.669956,-0.310956,21.107098,96.578247,10.754064,0.033002,0.953881,0.125883,0.270510,-11.662909,89.214554,11.972695,0.060205,0.960258,0.015826,0.272085,-11.484395,55.694538,3.020977,0.020417,0.955547,-0.101173,0.276182,-16.269184,11.328972,0.197150,-0.077339,0.955266,-0.078967,0.274316,2.751883,88.258591,22.047674,0.000426,0.984170,-0.137546,0.111762,6.375286,54.411148,28.754276,0.027187,0.872478,-0.095659,0.478426,4.963108,11.390871,40.855255,0.020417,0.955547,-0.101173,0.276182,-9.894900,3.023774,-9.684574,0.027187,0.872478,-0.095659,0.478426,15.126637,3.231405,34.741165
1010,8.416667,0.047629,0.951249,-0.060366,0.298686,-4.437119,88.742493,16.990574,0.030636,0.923760,0.131123,0.358520,-3.522381,95.878288,16.366701,-0.010176,0.924447,-0.020339,0.380632,-4.231882,114.148056,21.375671,0.047244,0.967156,-0.068548,0.240162,-4.291919,132.156204,20.558144,0.035765,0.991453,-0.097854,0.078528,-1.788324,145.343307,17.516495,-0.042632,0.947533,0.051720,0.312552,-7.442172,126.669144,18.849438,-0.414997,0.650470,-0.244288,0.587358,-20.822100,125.859657,8.881701,0.492017,-0.463166,0.040438,-0.736044,-20.020628,106.608322,-4.188227,0.568819,-0.279374,-0.048235,-0.772055,-6.370009,94.217209,-19.626516,-0.071135,0.937115,-0.070385,0.334367,-2.443705,126.910591,23.800751,0.595285,0.798233,0.089422,-0.021525,10.356407,129.923904,34.101753,0.573762,0.652942,0.401120,-0.289080,17.116400,107.886848,30.822948,0.311025,0.612585,0.662224,-0.299101,21.188652,95.812088,11.269729,0.033242,0.953707,0.125372,0.271330,-11.632205,89.222893,11.935754,0.060323,0.960148,0.015670,0.272455,-11.471664,55.695057,3.013027,0.020365,0.955559,-0.101211,0.276132,-16.269243,11.330321,0.197906,-0.077329,0.954988,-0.079000,0.275278,2.757967,88.262093,22.045393,0.000606,0.984293,-0.137604,0.110596,6.373321,54.414906,28.757587,0.027012,0.872535,-0.095784,0.478307,4.959045,11.396083,40.863480,0.020365,0.955559,-0.101211,0.276132,-9.895497,3.024621,-9.683737,0.027012,0.872535,-0.095784,0.478307,15.122083,3.236067,34.749321
1011,8.425000,0.047847,0.950983,-0.061027,0.299363,-4.427910,88.745346,16.981716,0.030728,0.923623,0.130362,0.359141,-3.506914,95.879677,16.350414,-0.010076,0.924223,-0.021298,0.381126,-4.206243,114.161217,21.335232,0.047525,0.967073,-0.068786,0.240372,-4.249343,132.167999,20.487095,0.035391,0.991712,-0.095346,0.078510,-1.735945,145.352417,17.441889,-0.042159,0.948176,0.048909,0.311115,-7.402586,126.680847,18.784206,-0.420326,0.650134,-0.247819,0.582442,-20.813799,125.853729,8.860059,0.498975,-0.469594,0.049254,-0.726691,-20.072844,106.407722,-3.922096,0.576019,-0.289546,-0.041365,-0.763318,-6.748580,93.417511,-19.151609,-0.070840,0.936454,-0.072123,0.335906,-2.409391,126.926254,23.740643,0.597325,0.796661,0.091009,-0.015877,10.357657,129.951920,34.078987,0.578448,0.659473,0.394672,-0.273362,17.014214,107.860443,30.958641,0.313090,0.624690,0.653883,-0.290129,21.264307,95.038017,11.809974,0.033252,0.953588,0.125198,0.271828,-11.615490,89.224968,11.916156,0.060475,0.960263,0.015557,0.272022,-11.454264,55.694164,3.004616,0.020627,0.955541,-0.101138,0.276199,-16.268885,11.330753,0.197624,-0.077387,0.954710,-0.078792,0.276282,2.759670,88.265717,22.047277,0.000158,0.983943,-0.137413,0.113905,6.375815,54.416859,28.750637,0.027082,0.872290,-0.095780,0.478751,4.962275,11.393297,40.839760,0.020627,0.955541,-0.101138,0.276199,-9.896948,3.024930,-9.685084,0.027082,0.872290,-0.095780,0.478751,15.131172,3.232817,34.735973
1012,8.433333,0.047454,0.950914,-0.061090,0.299630,-4.402514,88.753471,16.952166,0.030549,0.923483,0.130170,0.359585,-3.486445,95.888229,16.318541,-0.010255,0.923993,-0.022063,0.381635,-4.191774,114.171875,21.293932,0.047823,0.966936,-0.068836,0.240850,-4.229817,132.177322,20.417852,0.035395,0.991892,-0.093032,0.079006,-1.706072,145.360306,17.375002,-0.041339,0.948656,0.046393,0.310145,-7.382396,126.688263,18.719923,-0.426740,0.649885,-0.250183,0.577019,-20.816031,125.858795,8.826337,0.506259,-0.475934,0.058301,-0.716791,-20.114864,106.222603,-3.663978,0.583464,-0.298248,-0.032554,-0.754690,-7.125711,92.625084,-18.650944,-0.070188,0.936062,-0.073991,0.336731,-2.394715,126.940216,23.681583,0.599156,0.795265,0.091917,-0.010794,10.356884,129.967545,34.038498,0.582562,0.665541,0.388589,-0.258215,16.917727,107.825996,31.074310,0.315064,0.636033,0.646194,-0.280411,21.338013,94.305916,12.339645,0.033457,0.953444,0.124683,0.272543,-11.587946,89.225845,11.882875,0.060613,0.960029,0.015419,0.272822,-11.443467,55.687046,3.001150,0.020307,0.955552,-0.100997,0.276238,-16.270908,11.324748,0.198660,-0.077241,0.954414,-0.079318,0.277194,2.782917,88.281090,22.021456,0.000593,0.984266,-0.137501,0.110963,6.372702,54.436432,28.760132,0.027225,0.872352,-0.096154,0.478555,4.956081,11.415061,40.856697,0.020307,0.955552,-0.100997,0.276238,-9.893076,3.024308,-9.684769,0.027225,0.872352,-0.096154,0.478555,15.117348,3.245065,34.752926
1013,8.441667,0.047782,0.950598,-0.061893,0.300416,-4.395500,88.756218,16.953732,0.030004,0.923396,0.129404,0.360131,-3.470965,95.889099,16.311319,-0.010122,0.923822,-0.022929,0.382001,-4.187872,114.186333,21.253946,0.048355,0.966816,-0.069162,0.241134,-4.209203,132.190491,20.350832,0.035442,0.992099,-0.090524,0.079301,-1.668222,145.369263,17.304104,-0.040766,0.949079,0.044030,0.309273,-7.365241,126.701675,18.658514,-0.432536,0.649347,-0.253071,0.572028,-20.818502,125.864029,8.792324,0.513511,-0.482159,0.066935,-0.706646,-20.152464,106.044510,-3.406952,0.591091,-0.307785,-0.025735,-0.745129,-7.502131,91.862305,-18.139711,-0.069713,0.935703,-0.075234,0.337550,-2.381463,126.956650,23.623940,0.600901,0.793849,0.093217,-0.005715,10.353897,129.984344,34.000706,0.586673,0.671087,0.382491,-0.243225,16.821104,107.796394,31.181139,0.316984,0.647349,0.638221,-0.270434,21.387234,93.593674,12.871957,0.033461,0.953323,0.124564,0.273019,-11.572076,89.228729,11.871923,0.060774,0.960019,0.015328,0.272827,-11.425751,55.687893,2.997944,0.020379,0.955546,-0.101044,0.276236,-16.269154,11.327085,0.199363,-0.077282,0.954191,-0.079098,0.278012,2.781076,88.283699,22.035538,0.000230,0.984163,-0.137398,0.112008,6.372160,54.437077,28.763603,0.027464,0.872418,-0.096123,0.478427,4.975688,11.413154,40.853420,0.020379,0.955546,-0.101044,0.276236,-9.892564,3.025092,-9.683563,0.027464,0.872418,-0.096123,0.478427,15.132156,3.240861,34.744740
1014,8.450000,0.047548,0.950534,-0.062463,0.300538,-4.380236,88.757904,16.946611,0.030097,0.923347,0.128714,0.360495,-3.456379,95.890083,16.295496,-0.010661,0.923615,-0.023582,0.382447,-4.162303,114.190231,21.214418,0.048845,0.966691,-0.069193,0.241526,-4.192166,132.192886,20.282150,0.035516,0.992281,-0.088242,0.079567,-1.636375,145.369690,17.239283,-0.040051,0.949480,0.042043,0.308410,-7.343692,126.699684,18.595657,-0.438912,0.648982,-0.254852,0.566771,-20.816689,125.862442,8.756397,0.521404,-0.488320,0.074809,-0.695762,-20.170710,105.872536,-3.162738,0.598259,-0.318372,-0.021426,-0.735028,-7.861613,91.124397,-17.626438,-0.069466,0.935324,-0.076591,0.338346,-2.364869,126.965309,23.565495,0.602537,0.792533,0.094012,-0.001460,10.353667,130.001709,33.960339,0.590270,0.676816,0.375833,-0.228582,16.730623,107.771790,31.268740,0.320983,0.658280,0.628977,-0.260816,21.438644,92.909744,13.423556,0.033545,0.953192,0.124470,0.273510,-11.555915,89.223282,11.862878,0.060919,0.959968,0.015207,0.272983,-11.412348,55.681217,2.993494,0.020395,0.955551,-0.100853,0.276289,-16.270704,11.321661,0.200947,-0.077228,0.953973,-0.079259,0.278729,2.795444,88.292519,22.030344,0.000485,0.984319,-0.137383,0.110643,6.374727,54.447079,28.770660,0.027660,0.872399,-0.096273,0.478422,4.972727,11.422798,40.858566,0.020395,0.955551,-0.100853,0.276289,-9.892322,3.023898,-9.684377,0.027660,0.872399,-0.096273,0.478422,15.125449,3.245081,34.750916
1015,8.458333,0.048097,0.950014,-0.062719,0.302036,-4.362614,88.764923,16.935238,0.029759,0.923140,0.128166,0.361249,-3.429118,95.895882,16.284508,-0.011018,0.923393,-0.024360,0.382924,-4.143360,114.203644,21.179865,0.049393,0.966532,-0.069313,0.242015,-4.173851,132.204681,20.216764,0.035429,0.992447,-0.085991,0.079992,-1.600706,145.378632,17.176197,-0.039066,0.949773,0.039630,0.307952,-7.323114,126.708313,18.536366,-0.442400,0.647663,-0.259804,0.563308,-20.808149,125.876465,8.713148,0.526610,-0.494015,0.084201,-0.686688,-20.201220,105.719498,-2.923330,0.605200,-0.327021,-0.013738,-0.725673,-8.233006,90.427315,-17.105392,-0.069024,0.934985,-0.077638,0.339134,-2.349536,126.982895,23.510965,0.603966,0.791229,0.095778,0.002957,10.353210,130.018616,33.925297,0.593781,0.681863,0.369768,-0.213913,16.649576,107.753075,31.340599,0.324354,0.668843,0.620209,-0.250568,21.487612,92.251511,13.953252,0.033667,0.953106,0.123934,0.274037,-11.521461,89.236046,11.828356,0.061055,0.959993,0.015148,0.272869,-11.391418,55.685307,2.991623,0.021251,0.955548,-0.100568,0.276336,-16.263153,11.327076,0.201409,-0.077264,0.953800,-0.079151,0.279340,2.796233,88.293800,22.042122,0.000500,0.984314,-0.137346,0.110733,6.375673,54.447556,28.778311,0.027793,0.872402,-0.096103,0.478443,4.971633,11.422372,40.862766,0.021251,0.955548,-0.100568,0.276336,-9.894229,3.029993,-9.690578,0.027793,0.872402,-0.096103,0.478443,15.124231,3.246561,34.752357
1016,8.466667,0.048465,0.949691,-0.063411,0.302850,-4.357404,88.762215,16.940952,0.029318,0.923065,0.127391,0.361750,-3.415312,95.891396,16.283199,-0.010743,0.923259,-0.025175,0.383203,-4.137312,114.218559,21.148493,0.049526,0.966457,-0.069629,0.242198,-4.147104,132.218353,20.162073,0.035547,0.992612,-0.083699,0.080329,-1.567661,145.389542,17.114887,-0.039254,0.950017,0.038097,0.307370,-7.301404,126.723328,18.486742,-0.448537,0.647611,-0.260688,0.558083,-20.797916,125.868652,8.681259,0.533188,-0.499921,0.092549,-0.676184,-20.209255,105.567970,-2.703600,0.611615,-0.336012,-0.005572,-0.716234,-8.594284,89.739159,-16.587454,-0.068757,0.934705,-0.078464,0.339767,-2.330751,126.998810,23.464216,0.605175,0.790052,0.097645,0.006728,10.358866,130.036560,33.893963,0.597621,0.686513,0.363094,-0.199278,16.585445,107.742203,31.389830,0.327265,0.678887,0.611529,-0.240919,21.515793,91.590103,14.479089,0.033744,0.952936,0.123832,0.274662,-11.506964,89.234634,11.821193,0.061191,0.959909,0.015039,0.273137,-11.378170,55.682510,2.989705,0.021388,0.955558,-0.100479,0.276327,-16.263454,11.325473,0.204205,-0.077374,0.953532,-0.078955,0.280278,2.792156,88.289787,22.060713,0.000645,0.984256,-0.137245,0.111369,6.376132,54.442596,28.789705,0.027389,0.872266,-0.095889,0.478755,4.952523,11.414957,40.863102,0.021388,0.955558,-0.100479,0.276327,-9.896224,3.029466,-9.689781,0.027389,0.872266,-0.095889,0.478755,15.116702,3.248574,34.759338
1017,8.475000,0.048590,0.949391,-0.063799,0.303686,-4.342964,88.766533,16.935883,0.029307,0.922912,0.127234,0.362196,-3.396902,95.894829,16.274220,-0.010637,0.923123,-0.026716,0.383429,-4.119677,114.229492,21.135187,0.049524,0.966396,-0.069387,0.242510,-4.104362,132.226486,20.098991,0.035404,0.992756,-0.081582,0.080780,-1.525012,145.399384,17.059147,-0.039231,0.950263,0.036607,0.306791,-7.265219,126.731148,18.437090,-0.453361,0.647211,-0.262334,0.553861,-20.773661,125.860893,8.649430,0.538699,-0.505804,0.101587,-0.666067,-20.200956,105.431953,-2.504487,0.617359,-0.344952,0.002602,-0.707014,-8.954943,89.073738,-16.074886,-0.068860,0.934300,-0.079414,0.340639,-2.296975,127.013611,23.416574,0.606735,0.788623,0.099252,0.009793,10.372351,130.066742,33.866467,0.600714,0.691417,0.356242,-0.184869,16.508562,107.740738,31.421942,0.332339,0.688536,0.601654,-0.231261,21.548029,90.963310,15.012930,0.033887,0.952801,0.123557,0.275239,-11.483368,89.237785,11.803260,0.061358,0.959926,0.014987,0.273044,-11.364012,55.681610,2.987026,0.021308,0.955551,-0.100536,0.276334,-16.265112,11.326265,0.202345,-0.077273,0.953198,-0.078999,0.281427,2.797440,88.295280,22.068504,0.000525,0.984237,-0.137063,0.111764,6.365788,54.447479,28.802753,0.027510,0.872232,-0.095842,0.478821,4.949688,11.415339,40.861027,0.021308,0.955551,-0.100536,0.276334,-9.896878,3.029522,-9.690372,0.027510,0.872232,-0.095842,0.478821,15.113653,3.248520,34.757492
1018,8.483333,0.049068,0.949060,-0.064417,0.304513,-4.338856,88.765785,16.939337,0.029225,0.922794,0.126347,0.362812,-3.383004,95.892265,16.272192,-0.011264,0.922884,-0.027070,0.383960,-4.099677,114.239441,21.102070,0.050121,0.966200,-0.069772,0.243060,-4.099748,132.235260,20.045433,0.035536,0.992889,-0.079351,0.081321,-1.499822,145.403198,17.001625,-0.038792,0.950327,0.034861,0.306852,-7.253650,126.735130,18.386185,-0.458829,0.646501,-0.263797,0.549476,-20.761990,125.860870,8.598741,0.544032,-0.511483,0.110452,-0.655907,-20.182358,105.298447,-2.306767,0.622755,-0.353536,0.011299,-0.697897,-9.304564,88.431915,-15.551148,-0.068470,0.934107,-0.080093,0.341088,-2.291344,127.027832,23.370998,0.607992,0.787438,0.100657,0.012488,10.369539,130.077286,33.832188,0.603511,0.696704,0.347992,-0.171110,16.431850,107.725403,31.440357,0.337090,0.698394,0.590370,-0.223782,21.553991,90.367561,15.607206,0.034010,0.952601,0.123367,0.275998,-11.469586,89.240494,11.793600,0.061467,0.959976,0.014982,0.272842,-11.355023,55.681644,2.987493,0.021360,0.955536,-0.100510,0.276393,-16.266146,11.327481,0.201678,-0.077435,0.953172,-0.078888,0.281501,2.791874,88.291084,22.085075,0.000670,0.984285,-0.136969,0.111451,6.372559,54.443802,28.815395,0.027370,0.872237,-0.095706,0.478847,4.948485,11.409369,40.864540,0.021360,0.955536,-0.100510,0.276393,-9.897223,3.030969,-9.690790,0.027370,0.872237,-0.095706,0.478847,15.115699,3.247054,34.760391
1019,8.491667,0.049134,0.948810,-0.064758,0.305207,-4.332303,88.767365,16.937092,0.028835,0.922646,0.125819,0.363404,-3.373575,95.893112,16.266287,-0.010798,0.922675,-0.028093,0.384402,-4.099806,114.250038,21.073244,0.050197,0.966084,-0.069813,0.243492,-4.069673,132.244186,19.989042,0.035542,0.993007,-0.077177,0.081962,-1.465446,145.411499,16.946230,-0.039100,0.950407,0.033565,0.306711,-7.230777,126.746620,18.334991,-0.463689,0.646140,-0.264823,0.545312,-20.741199,125.849045,8.552532,0.548724,-0.516922,0.119777,-0.646024,-20.165089,105.173218,-2.136608,0.627795,-0.361257,0.021526,-0.689133,-9.659525,87.810555,-15.035876,-0.068504,0.933857,-0.080669,0.341631,-2.273096,127.038956,23.324429,0.609299,0.786143,0.102508,0.015035,10.375254,130.096909,33.798294,0.605979,0.701228,0.341303,-0.156785,16.360220,107.720589,31.440317,0.341943,0.707089,0.580853,-0.213797,21.564728,89.858047,16.206701,0.034059,0.952585,0.123244,0.276104,-11.455467,89.240334,11.780724,0.061245,0.960197,0.014871,0.272121,-11.345552,55.679607,2.981734,0.021518,0.955754,-0.100322,0.275694,-16.242496,11.322713,0.214466,-0.077482,0.952959,-0.078820,0.282230,2.790862,88.294395,22.093460,0.000675,0.984301,-0.136903,0.111396,6.370825,54.446877,28.822926,0.027586,0.872194,-0.095566,0.478941,4.947663,11.410841,40.866444,0.021518,0.955754,-0.100322,0.275694,-9.890311,3.029260,-9.691325,0.027586,0.872194,-0.095566,0.478941,15.114570,3.248884,34.761299
1020,8.500000,0.049151,0.948613,-0.065161,0.305731,-4.322309,88.763321,16.942862,0.028183,0.922603,0.124478,0.364027,-3.361211,95.888290,16.267162,-0.010190,0.922464,-0.028007,0.384932,-4.095969,114.290024,21.026484,0.050305,0.965922,-0.070674,0.243863,-4.046177,132.284805,19.953625,0.035721,0.993113,-0.074943,0.082671,-1.431943,145.445496,16.890713,-0.040260,0.950355,0.032501,0.306836,-7.210951,126.791512,18.292412,-0.468225,0.645278,-0.266210,0.541770,-20.715725,125.846420,8.506634,0.553064,-0.522634,0.129298,-0.635811,-20.122065,105.061592,-1.968008,0.632937,-0.369332,0.031347,-0.679708,-10.016129,87.206802,-14.509806,-0.068014,0.933847,-0.081042,0.341668,-2.258838,127.075645,23.287846,0.610457,0.784975,0.104223,0.017113,10.390897,130.122650,33.763226,0.608641,0.705834,0.333045,-0.142951,16.306953,107.725838,31.426081,0.347218,0.715737,0.569850,-0.205988,21.555326,89.354858,16.825346,0.033954,0.952538,0.123439,0.276191,-11.439798,89.233635,11.778423,0.062223,0.959537,0.014587,0.274236,-11.318331,55.675751,2.968750,0.021174,0.955295,-0.100538,0.277228,-16.299671,11.328897,0.191166,-0.077476,0.952835,-0.078814,0.282650,2.795182,88.293007,22.107300,0.000584,0.984368,-0.136782,0.110947,6.371918,54.445351,28.837841,0.027630,0.872395,-0.095579,0.478568,4.963434,11.406350,40.872498,0.021174,0.955295,-0.100538,0.277228,-9.909894,3.033192,-9.688523,0.027630,0.872395,-0.095579,0.478568,15.124019,3.243356,34.758228
1021,8.508333,0.049136,0.948411,-0.065541,0.306278,-4.310261,88.763985,16.940849,0.028116,0.922438,0.123522,0.364774,-3.347317,95.888260,16.260468,-0.010337,0.922129,-0.028537,0.385689,-4.074996,114.302467,20.986179,0.050430,0.965674,-0.071502,0.244577,-4.021843,132.296066,19.893709,0.035639,0.993246,-0.072082,0.083648,-1.395710,145.450180,16.812906,-0.040472,0.950448,0.031753,0.306597,-7.184341,126.801231,18.233267,-0.472719,0.644505,-0.267212,0.538282,-20.693453,125.841354,8.454919,0.557421,-0.528018,0.138736,-0.625485,-20.078285,104.956627,-1.817829,0.637504,-0.378056,0.040742,-0.670076,-10.366036,86.628311,-13.981917,-0.067824,0.933618,-0.081216,0.342289,-2.240492,127.090408,23.236588,0.611288,0.783920,0.106858,0.019439,10.395915,130.134644,33.728840,0.611539,0.709482,0.325701,-0.128743,16.260777,107.723831,31.396734,0.350771,0.724561,0.559930,-0.196086,21.524765,88.874184,17.425295,0.033917,0.952562,0.123414,0.276124,-11.421882,89.231209,11.768055,0.062474,0.959398,0.014437,0.274671,-11.299074,55.672718,2.960712,0.020389,0.955280,-0.100999,0.277172,-16.304279,11.328271,0.187599,-0.077447,0.952681,-0.078890,0.283155,2.801359,88.296768,22.113646,0.000760,0.984338,-0.136614,0.111421,6.371114,54.449642,28.850546,0.027657,0.872147,-0.095447,0.479045,4.943043,11.406562,40.868256,0.020389,0.955280,-0.100999,0.277172,-9.906997,3.027444,-9.682923,0.027657,0.872147,-0.095447,0.479045,15.111503,3.246266,34.763493
1022,8.516667,0.049113,0.948237,-0.065906,0.306743,-4.294972,88.764221,16.938553,0.027636,0.922381,0.123250,0.365047,-3.330408,95.887833,16.253565,-0.010396,0.922031,-0.029084,0.385883,-4.072618,114.307877,20.963673,0.050665,0.965581,-0.071495,0.244898,-4.013572,132.300278,19.852226,0.036111,0.993316,-0.070126,0.084269,-1.379862,145.453583,16.774363,-0.040636,0.950292,0.030600,0.307177,-7.176992,126.804665,18.196194,-0.476965,0.643614,-0.267831,0.535287,-20.673773,125.828575,8.402434,0.561542,-0.533416,0.148426,-0.614905,-20.020555,104.858040,-1.691589,0.642276,-0.386488,0.050758,-0.659948,-10.717680,86.063347,-13.457462,-0.067624,0.933602,-0.081386,0.342330,-2.235258,127.097633,23.201384,0.611945,0.783029,0.109293,0.021053,10.401105,130.137650,33.694916,0.614101,0.713202,0.317746,-0.115151,16.225477,107.717812,31.348198,0.355318,0.733294,0.548846,-0.186539,21.497862,88.413918,18.014734,0.034041,0.952447,0.123277,0.276565,-11.401608,89.228401,11.758636,0.062647,0.959267,0.014330,0.275093,-11.285591,55.668152,2.957886,0.020347,0.955268,-0.100907,0.277248,-16.307024,11.325375,0.187491,-0.077354,0.952525,-0.078947,0.283691,2.811664,88.300041,22.118467,0.000782,0.984332,-0.136525,0.111586,6.370369,54.452538,28.859308,0.027784,0.872095,-0.095415,0.479139,4.939219,11.407274,40.868843,0.020347,0.955268,-0.100907,0.277248,-9.907094,3.026940,-9.683328,0.027784,0.872095,-0.095415,0.479139,15.107727,3.246194,34.765209
1023,8.525000,0.049291,0.947999,-0.066601,0.307298,-4.280766,88.768097,16.935959,0.027666,0.922243,0.123378,0.365350,-3.310328,95.890129,16.242853,-0.011281,0.921874,-0.030078,0.386156,-4.053927,114.286079,20.951719,0.051070,0.965408,-0.070932,0.245657,-4.010106,132.275681,19.794971,0.036284,0.993356,-0.068189,0.085310,-1.365824,145.431519,16.737080,-0.039957,0.950218,0.029853,0.307569,-7.167687,126.773094,18.150917,-0.481723,0.642980,-0.267518,0.531933,-20.658249,125.811386,8.347161,0.567027,-0.538491,0.157178,-0.603162,-19.959284,104.762032,-1.578338,0.647878,-0.395464,0.058092,-0.648450,-11.046649,85.518196,-12.912339,-0.067749,0.933480,-0.081477,0.342619,-2.229193,127.083038,23.158285,0.612726,0.782170,0.110949,0.021611,10.400015,130.128510,33.658855,0.616579,0.716822,0.309280,-0.101699,16.178755,107.700203,31.280428,0.358140,0.741988,0.538398,-0.176967,21.444778,87.957016,18.603859,0.034290,0.952352,0.122928,0.277016,-11.381103,89.230629,11.747260,0.062113,0.959880,0.014445,0.273063,-11.284193,55.665596,2.964532,0.020557,0.955653,-0.100668,0.275989,-16.263042,11.317152,0.207945,-0.077265,0.952442,-0.078998,0.283978,2.819570,88.305573,22.124660,0.000803,0.984364,-0.136474,0.111362,6.369359,54.457676,28.868219,0.027851,0.872117,-0.095445,0.479089,4.939576,11.411179,40.873486,0.020557,0.955653,-0.100668,0.275989,-9.892673,3.022411,-9.685081,0.027851,0.872117,-0.095445,0.479089,15.106215,3.248635,34.768684
1024,8.533333,0.049254,0.947845,-0.066965,0.307699,-4.265435,88.769112,16.932943,0.027788,0.922138,0.123013,0.365728,-3.293602,95.890488,16.235136,-0.012835,0.921634,-0.030135,0.386676,-4.028786,114.266563,20.926937,0.051973,0.965125,-0.070661,0.246657,-4.035142,132.254684,19.746681,0.036561,0.993370,-0.066403,0.086433,-1.364367,145.409058,16.705536,-0.039641,0.950035,0.029776,0.308181,-7.175258,126.740959,18.106520,-0.486238,0.641846,-0.267335,0.529281,-20.654064,125.789352,8.285622,0.570528,-0.543831,0.167182,-0.592280,-19.882654,104.668060,-1.480413,-0.653119,0.402668,-0.071056,0.637373,-11.404057,84.984299,-12.383769,-0.067482,0.933615,-0.081374,0.342327,-2.242944,127.071556,23.118658,0.613131,0.781592,0.112564,0.022664,10.394138,130.107025,33.612659,0.618578,0.719969,0.301940,-0.088542,16.147570,107.673332,31.223742,0.362901,0.749857,0.527889,-0.165382,21.415224,87.540695,19.175985,0.034410,0.952281,0.122777,0.277312,-11.361485,89.228455,11.738099,0.062216,0.959799,0.014361,0.273328,-11.272713,55.661411,2.962975,0.020584,0.955699,-0.100590,0.275857,-16.261635,11.313897,0.209687,-0.077110,0.952344,-0.079084,0.284324,2.830615,88.309769,22.127789,0.000763,0.984353,-0.136365,0.111595,6.366021,54.461132,28.875233,0.028322,0.872021,-0.095398,0.479246,4.938070,11.411956,40.871109,0.020584,0.955699,-0.100590,0.275857,-9.894206,3.020705,-9.686529,0.028322,0.872021,-0.095398,0.479246,15.101379,3.244875,34.766827
1025,8.541667,0.049338,0.947696,-0.067272,0.308080,-4.249845,88.769531,16.928652,0.026999,0.922064,0.121974,0.366321,-3.275241,95.890198,16.227421,-0.012028,0.921425,-0.029888,0.387219,-4.027683,114.307846,20.879820,0.051957,0.964917,-0.071211,0.247314,-4.010011,132.297211,19.719002,0.036551,0.993385,-0.064460,0.087718,-1.332999,145.447571,16.666033,-0.041436,0.949559,0.029918,0.309396,-7.155070,126.789223,18.069098,-0.490122,0.641379,-0.267883,0.525978,-20.603933,125.783981,8.212568,0.574438,-0.548942,0.176404,-0.581004,-19.818296,104.584976,-1.382472,-0.657920,0.411560,-0.081146,0.625440,-11.760656,84.490761,-11.847510,-0.066781,0.933805,-0.080968,0.342043,-2.228399,127.108215,23.087530,0.613933,0.780464,0.115703,0.023961,10.418325,130.116837,33.577633,0.621056,0.722707,0.293924,-0.074784,16.123106,107.675873,31.140720,0.367548,0.758035,0.516127,-0.154610,21.351082,87.147018,19.762917,0.034595,0.952208,0.122526,0.277651,-11.341622,89.228020,11.727907,0.062106,0.960018,0.014398,0.272583,-11.266820,55.657600,2.965614,0.020675,0.955830,-0.100458,0.275446,-16.247557,11.308959,0.215690,-0.077043,0.952160,-0.079181,0.284931,2.841934,88.311043,22.129396,0.000867,0.984404,-0.136268,0.111257,6.366718,54.462780,28.884216,0.028454,0.871995,-0.095357,0.479293,4.934618,11.411264,40.871212,0.020675,0.955830,-0.100458,0.275446,-9.889860,3.018065,-9.688703,0.028454,0.871995,-0.095357,0.479293,15.097253,3.243479,34.766758
1026,8.550000,0.049375,0.947547,-0.067555,0.308467,-4.236628,88.769218,16.924814,0.027323,0.922003,0.122333,0.366330,-3.259984,95.889282,16.220299,-0.013286,0.921376,-0.031004,0.387206,-4.004941,114.272224,20.881763,0.052352,0.964773,-0.070508,0.247994,-4.013452,132.258011,19.666363,0.036848,0.993394,-0.062645,0.088808,-1.327465,145.411926,16.636654,-0.040979,0.949352,0.029834,0.310098,-7.150559,126.740471,18.033300,-0.494147,0.640374,-0.267428,0.523663,-20.586157,125.749840,8.157214,-0.577817,0.554154,-0.185638,0.569719,-19.729162,104.493729,-1.304444,-0.661967,0.420654,-0.091343,0.613601,-12.108828,84.008186,-11.329072,-0.066771,0.933796,-0.081084,0.342042,-2.224185,127.081833,23.050552,0.614217,0.779756,0.118756,0.024831,10.422605,130.091446,33.540295,0.622735,0.726022,0.285105,-0.061703,16.109221,107.652260,31.045347,0.373943,0.765619,0.502862,-0.145341,21.322603,86.754677,20.352739,0.034557,0.952138,0.122482,0.277916,-11.324130,89.226204,11.718111,0.062500,0.959711,0.014221,0.273579,-11.245251,55.654861,2.959369,0.020654,0.955710,-0.100510,0.275843,-16.261181,11.310154,0.209911,-0.077205,0.952015,-0.078925,0.285444,2.850875,88.312241,22.131519,0.000628,0.984476,-0.135966,0.110994,6.387814,54.462887,28.874540,0.028657,0.872072,-0.095662,0.479081,4.982980,11.403987,40.838226,0.020654,0.955710,-0.100510,0.275843,-9.894683,3.018300,-9.688021,0.028657,0.872072,-0.095662,0.479081,15.137449,3.227365,34.732010
1027,8.558333,0.049412,0.947438,-0.067812,0.308741,-4.221137,88.767944,16.923193,0.025971,0.922014,0.121693,0.366615,-3.242654,95.887451,16.215631,-0.011202,0.921375,-0.031145,0.387263,-4.029485,114.328812,20.848721,0.051863,0.964702,-0.071460,0.248102,-3.966750,132.316116,19.657694,0.036698,0.993425,-0.060650,0.089896,-1.286844,145.464920,16.600546,-0.043050,0.948937,0.028940,0.311172,-7.125200,126.813210,18.016409,-0.497715,0.639248,-0.267873,0.521426,-20.532698,125.749268,8.109813,-0.580139,0.559358,-0.195007,0.559044,-19.619753,104.429878,-1.203062,-0.667270,0.427377,-0.104958,0.600902,-12.449616,83.580688,-10.801001,-0.066118,0.934226,-0.080469,0.341137,-2.198741,127.128349,23.035292,0.615342,0.778606,0.120502,0.024647,10.471593,130.109085,33.504841,0.625013,0.728454,0.276324,-0.048562,16.094215,107.661011,30.945652,0.378791,0.773295,0.490599,-0.133587,21.240568,86.410118,20.938917,0.034635,0.952063,0.122432,0.278184,-11.305603,89.223732,11.712257,0.062969,0.959462,0.014144,0.274351,-11.230429,55.651901,2.955348,0.020240,0.955511,-0.100645,0.276513,-16.286121,11.312270,0.196923,-0.077089,0.951970,-0.079038,0.285595,2.863331,88.312164,22.134127,0.000627,0.984490,-0.135914,0.110931,6.389326,54.462807,28.882885,0.028906,0.872104,-0.095498,0.479040,4.985830,11.402649,40.842186,0.020240,0.955511,-0.100645,0.276513,-9.899737,3.020322,-9.688110,0.028906,0.872104,-0.095498,0.479040,15.137710,3.226401,34.731174
1028,8.566667,0.049266,0.947334,-0.067806,0.309085,-4.199727,88.763771,16.916996,0.025531,0.921971,0.121511,0.366813,-3.223003,95.883499,16.209211,-0.011427,0.921285,-0.031562,0.387437,-4.023795,114.330063,20.830429,0.052205,0.964557,-0.071401,0.248607,-3.962462,132.316238,19.622452,0.036844,0.993450,-0.058780,0.090801,-1.271647,145.464157,16.571054,-0.043645,0.948569,0.028692,0.312232,-7.119710,126.811455,17.985144,-0.502031,0.637948,-0.267813,0.518906,-20.503399,125.727615,8.048548,-0.582401,0.564817,-0.203702,0.547994,-19.511621,104.343048,-1.105454,-0.671379,0.435510,-0.117039,0.588118,-12.803325,83.154594,-10.285227,-0.065684,0.934620,-0.079989,0.340254,-2.195218,127.131859,23.005625,0.616193,0.777573,0.122737,0.024941,10.497149,130.092041,33.454296,0.626001,0.731909,0.266718,-0.035957,16.070261,107.638489,30.835629,0.386916,0.779761,0.476150,-0.124698,21.208431,86.064873,21.540575,0.034817,0.951968,0.122247,0.278568,-11.280706,89.216652,11.701065,0.063099,0.959463,0.014071,0.274321,-11.217628,55.642570,2.952708,0.019971,0.955563,-0.100496,0.276407,-16.286274,11.304209,0.197595,-0.076916,0.951870,-0.079201,0.285928,2.881252,88.310890,22.132927,0.000661,0.984516,-0.135855,0.110779,6.390199,54.461479,28.890245,0.028905,0.872139,-0.095430,0.478989,4.986215,11.399886,40.844315,0.019971,0.955563,-0.100496,0.276407,-9.897861,3.017440,-9.690472,0.028905,0.872139,-0.095430,0.478989,15.137850,3.225024,34.731041
1029,8.575000,0.049248,0.947246,-0.068014,0.309312,-4.181195,88.759224,16.914848,0.025459,0.921916,0.121187,0.367064,-3.203620,95.878563,16.204386,-0.012567,0.921113,-0.031681,0.387801,-4.003098,114.315735,20.810097,0.052848,0.964312,-0.070926,0.249558,-3.977492,132.300659,19.582296,0.036972,0.993422,-0.057153,0.092084,-1.268544,145.449509,16.551044,-0.044018,0.948080,0.029139,0.313620,-7.122320,126.787659,17.948753,-0.506692,0.636494,-0.267220,0.516460,-20.475893,125.698723,7.972282,-0.584628,0.570344,-0.212382,0.536480,-19.383083,104.254723,-1.029971,-0.675869,0.442960,-0.129438,0.574660,-13.150248,82.739189,-9.773742,-0.064944,0.934992,-0.079626,0.339459,-2.202188,127.123619,22.972492,0.616571,0.776901,0.125052,0.025060,10.511449,130.055283,33.403328,0.627566,0.734048,0.258438,-0.023330,16.062609,107.603966,30.719578,0.390461,0.787630,0.463308,-0.111910,21.142431,85.739464,22.096432,0.034919,0.951846,0.122177,0.279002,-11.259728,89.210335,11.695448,0.063282,0.959465,0.013986,0.274276,-11.200774,55.635548,2.949753,0.019852,0.955560,-0.100404,0.276460,-16.287266,11.299044,0.197633,-0.076749,0.951870,-0.079350,0.285931,2.897339,88.308113,22.134251,0.000762,0.984546,-0.135790,0.110588,6.392254,54.458565,28.898148,0.028885,0.872109,-0.095302,0.479071,4.982292,11.395395,40.845833,0.019852,0.955560,-0.100404,0.276460,-9.895657,3.015179,-9.690801,0.028885,0.872109,-0.095302,0.479071,15.136412,3.223464,34.732765
1030,8.583333,0.048976,0.947075,-0.067806,0.309924,-4.153777,88.751671,16.903160,0.024656,0.921862,0.120970,0.367328,-3.180386,95.871803,16.194925,-0.012436,0.921042,-0.031700,0.387971,-4.005882,114.304413,20.779789,0.052963,0.964159,-0.070558,0.250227,-3.975425,132.289413,19.553171,0.037049,0.993389,-0.055440,0.093445,-1.262701,145.440399,16.534630,-0.045001,0.947493,0.030024,0.315168,-7.120985,126.777283,17.918085,-0.509786,0.634688,-0.268338,0.515058,-20.439135,125.668945,7.896499,-0.586485,0.575218,-0.220767,0.525758,-19.267277,104.166794,-0.955833,-0.678629,0.453383,-0.139394,0.560782,-13.477612,82.360367,-9.273269,-0.064621,0.935349,-0.079115,0.338655,-2.202661,127.111710,22.943697,0.616948,0.775917,0.128949,0.026474,10.530585,130.026154,33.355427,0.629207,0.735524,0.251008,-0.009899,16.056683,107.576416,30.607462,0.394701,0.794664,0.450533,-0.098690,21.058815,85.438866,22.662176,0.035193,0.951795,0.121881,0.279273,-11.226109,89.198479,11.674990,0.063390,0.959462,0.013849,0.274266,-11.188546,55.620014,2.943321,0.019700,0.955608,-0.100054,0.276433,-16.287693,11.284399,0.200427,-0.076586,0.951825,-0.079513,0.286078,2.918555,88.304855,22.131330,0.000848,0.984562,-0.135770,0.110466,6.398432,54.455364,28.903288,0.028899,0.872155,-0.095236,0.478999,4.982549,11.391726,40.848587,0.019700,0.955608,-0.100054,0.276433,-9.893055,3.009482,-9.693539,0.028899,0.872155,-0.095236,0.478999,15.135884,3.220935,34.732693
1031,8.591667,0.048894,0.947026,-0.067839,0.310079,-4.136340,88.747536,16.897194,0.024128,0.921842,0.120565,0.367545,-3.163800,95.867722,16.188297,-0.012277,0.920949,-0.031823,0.388187,-4.003382,114.309967,20.752916,0.053106,0.964014,-0.070448,0.250788,-3.965630,132.294815,19.524466,0.037123,0.993383,-0.053554,0.094577,-1.247266,145.446014,16.511837,-0.045819,0.947092,0.030003,0.316256,-7.112454,126.783707,17.888428,-0.513078,0.633214,-0.268536,0.513497,-20.405172,125.650963,7.835853,-0.587940,0.580179,-0.229218,0.514954,-19.151258,104.101479,-0.889215,-0.680954,0.463463,-0.151189,0.546485,-13.820153,82.019936,-8.776219,-0.063946,0.935871,-0.078192,0.337553,-2.196432,127.116814,22.916378,0.617740,0.774940,0.130999,0.026525,10.564621,129.997925,33.303314,0.630525,0.737178,0.242903,0.002334,16.045038,107.544800,30.492258,0.400615,0.800743,0.437091,-0.085262,20.971766,85.163727,23.209751,0.035309,0.951680,0.121807,0.279680,-11.207115,89.192581,11.666769,0.063546,0.959384,0.013722,0.274511,-11.174898,55.613430,2.937714,0.019754,0.955628,-0.099855,0.276430,-16.289808,11.279276,0.200537,-0.076488,0.951739,-0.079655,0.286353,2.934436,88.302490,22.127619,0.000935,0.984582,-0.135753,0.110312,6.403097,54.453541,28.907982,0.028600,0.872212,-0.095306,0.478899,4.981596,11.389500,40.851177,0.019754,0.955628,-0.099855,0.276430,-9.895075,3.008515,-9.696841,0.028600,0.872212,-0.095306,0.478899,15.136755,3.220771,34.735554
1032,8.600000,0.048843,0.947004,-0.067984,0.310122,-4.121552,88.744026,16.895874,0.023995,0.921833,0.120555,0.367580,-3.149035,95.864006,16.184830,-0.012990,0.920876,-0.032522,0.388279,-3.992467,114.287308,20.742489,0.053813,0.963840,-0.069726,0.251507,-3.968493,132.269882,19.480885,0.037007,0.993388,-0.051608,0.095641,-1.233127,145.423492,16.494385,-0.045824,0.946687,0.030013,0.317464,-7.110691,126.753304,17.854389,-0.516091,0.631644,-0.269011,0.512160,-20.377802,125.622330,7.767852,-0.589043,0.584425,-0.237563,0.505014,-19.043318,104.027115,-0.831302,-0.683921,0.470923,-0.163986,0.532533,-14.137369,81.701408,-8.295516,-0.063585,0.936268,-0.077381,0.336706,-2.195935,127.099525,22.882689,0.618312,0.774002,0.133706,0.027087,10.585727,129.958878,33.250271,0.631249,0.739065,0.234729,0.014493,16.031799,107.505295,30.376894,0.406873,0.806291,0.423113,-0.072976,20.904715,84.904922,23.766491,0.035297,0.951641,0.121824,0.279808,-11.191943,89.187363,11.664788,0.063694,0.959418,0.013648,0.274362,-11.157470,55.608440,2.934855,0.019779,0.955663,-0.099817,0.276322,-16.287291,11.275784,0.201213,-0.076496,0.951533,-0.079651,0.287036,2.948840,88.300690,22.126959,0.001066,0.984609,-0.135779,0.110041,6.413230,54.451775,28.909689,0.028843,0.872220,-0.095210,0.478889,4.983245,11.388389,40.854198,0.019779,0.955663,-0.099817,0.276322,-9.895115,3.005685,-9.698367,0.028843,0.872220,-0.095210,0.478889,15.135832,3.218722,34.735565
1033,8.608333,0.048677,0.947002,-0.068142,0.310119,-4.104712,88.737625,16.894976,0.023360,0.921917,0.120166,0.367538,-3.133754,95.857529,16.181019,-0.012353,0.920926,-0.032818,0.388156,-3.994650,114.305840,20.721485,0.054833,0.963673,-0.069786,0.251908,-3.945522,132.288315,19.458963,0.035924,0.993449,-0.049617,0.096474,-1.181425,145.437531,16.479555,-0.047126,0.946182,0.030122,0.318766,-7.095870,126.776100,17.833429,-0.518685,0.630081,-0.269937,0.510978,-20.331261,125.607216,7.709618,-0.590546,0.588760,-0.245233,0.494448,-18.928162,103.966270,-0.762699,-0.684998,0.482280,-0.173002,0.517932,-14.444843,81.413582,-7.798029,-0.062946,0.936673,-0.076757,0.335842,-2.179540,127.115616,22.860645,0.619121,0.772741,0.137007,0.028103,10.624221,129.946609,33.208717,0.632490,0.739796,0.227899,0.026842,16.021082,107.489586,30.270117,0.410421,0.812597,0.409770,-0.057708,20.794062,84.692291,24.293333,0.035361,0.951612,0.121870,0.279877,-11.175418,89.177338,11.664010,0.063818,0.959472,0.013563,0.274149,-11.143600,55.599510,2.929848,0.019621,0.955707,-0.099699,0.276222,-16.286705,11.268064,0.201629,-0.076214,0.951944,-0.080014,0.285642,2.965995,88.297913,22.125942,0.001035,0.984605,-0.135678,0.110193,6.414451,54.450035,28.921968,0.028614,0.872336,-0.095237,0.478687,4.986398,11.384207,40.857922,0.019621,0.955707,-0.099699,0.276222,-9.894045,3.001705,-9.700760,0.028614,0.872336,-0.095237,0.478687,15.138666,3.216594,34.736027
1034,8.616667,0.048594,0.947019,-0.068331,0.310041,-4.090591,88.734932,16.893930,0.022925,0.921901,0.119740,0.367744,-3.119992,95.854576,16.176943,-0.012434,0.920797,-0.032969,0.388448,-3.991094,114.306618,20.696301,0.053949,0.963563,-0.069599,0.252571,-3.942158,132.288666,19.427668,0.036669,0.993367,-0.047405,0.098128,-1.199103,145.442535,16.449368,-0.047302,0.945733,0.029935,0.320087,-7.091166,126.775703,17.802010,-0.521733,0.628930,-0.270300,0.509097,-20.297829,125.601303,7.641371,-0.590416,0.592470,-0.253403,0.485978,-18.836365,103.913918,-0.701336,-0.686107,0.488706,-0.188852,0.504737,-14.759755,81.168472,-7.353119,-0.062156,0.937143,-0.075842,0.334885,-2.178056,127.117218,22.832241,0.619746,0.771665,0.139925,0.029482,10.650473,129.911774,33.159534,0.633307,0.740743,0.220810,0.038279,16.007591,107.450508,30.180868,0.414938,0.818005,0.395909,-0.044160,20.694996,84.483009,24.819691,0.035259,0.951597,0.122029,0.279872,-11.162305,89.172325,11.664126,0.064153,0.959389,0.013351,0.274370,-11.120673,55.596691,2.921591,0.019753,0.955626,-0.099717,0.276487,-16.296957,11.268565,0.202156,-0.076387,0.951562,-0.079861,0.286910,2.981123,88.297531,22.123735,0.001269,0.984595,-0.135736,0.110215,6.434956,54.449783,28.917658,0.028747,0.872283,-0.095196,0.478784,4.985409,11.385417,40.856270,0.019753,0.955626,-0.099717,0.276487,-9.900360,3.000956,-9.696655,0.028747,0.872283,-0.095196,0.478784,15.137750,3.217125,34.735386
1035,8.625000,0.048503,0.947036,-0.068557,0.309953,-4.074055,88.731964,16.891556,0.022385,0.921981,0.119784,0.367561,-3.103763,95.851288,16.170990,-0.012446,0.920866,-0.033464,0.388242,-3.993532,114.304367,20.684664,0.054150,0.963494,-0.069394,0.252848,-3.938348,132.285202,19.399441,0.036762,0.993369,-0.045340,0.099047,-1.190137,145.439743,16.428844,-0.048152,0.945201,0.030497,0.321476,-7.090123,126.771950,17.780195,-0.523978,0.627634,-0.271166,0.507929,-20.264296,125.578949,7.579628,-0.590553,0.595134,-0.260752,0.478614,-18.748838,103.851662,-0.648858,-0.686505,0.495524,-0.202892,0.491936,-15.006100,80.947258,-6.941713,-0.061462,0.937558,-0.075449,0.333937,-2.174757,127.116249,22.808033,0.620477,0.770332,0.143561,0.031420,10.677810,129.883133,33.112862,0.633953,0.741097,0.215357,0.050004,15.987210,107.416168,30.092072,0.418506,0.822996,0.383050,-0.028338,20.585468,84.303467,25.308809,0.035229,0.951509,0.122110,0.280140,-11.146882,89.166725,11.663040,0.064361,0.959354,0.013263,0.274446,-11.099179,55.592304,2.915876,0.019377,0.955605,-0.099724,0.276583,-16.295170,11.266363,0.198459,-0.076299,0.951601,-0.079973,0.286771,2.998773,88.297203,22.120071,0.001455,0.984659,-0.135771,0.109589,6.445572,54.449772,28.919167,0.028573,0.872371,-0.095348,0.478604,4.986934,11.386299,40.859905,0.019377,0.955605,-0.099724,0.276583,-9.891327,3.001183,-9.697693,0.028573,0.872371,-0.095348,0.478604,15.137625,3.216831,34.737854
1036,8.633333,0.048573,0.947050,-0.068684,0.309870,-4.068035,88.728622,16.883886,0.022255,0.922015,0.119361,0.367621,-3.096299,95.847595,16.161827,-0.012260,0.920837,-0.033648,0.388300,-3.985133,114.308701,20.660042,0.054396,0.963361,-0.068983,0.253412,-3.921104,132.289261,19.371302,0.036291,0.993359,-0.043371,0.100198,-1.166582,145.445724,16.415110,-0.048573,0.944847,0.030347,0.322466,-7.075295,126.777206,17.752676,-0.525941,0.626424,-0.272457,0.506700,-20.226795,125.570869,7.524464,-0.590269,0.597588,-0.268231,0.471724,-18.673403,103.800873,-0.583152,-0.686280,0.501532,-0.216464,0.480237,-15.261668,80.751671,-6.525735,-0.061039,0.937966,-0.075032,0.332963,-2.160502,127.120125,22.781166,0.621148,0.769303,0.145834,0.032871,10.715508,129.867477,33.061928,0.634647,0.741498,0.209245,0.060173,15.981765,107.393013,30.021360,0.423704,0.826500,0.370335,-0.014988,20.483805,84.155724,25.781065,0.035278,0.951460,0.121942,0.280373,-11.141647,89.163956,11.656483,0.064189,0.959541,0.013305,0.273830,-11.098353,55.586945,2.919249,0.019564,0.955739,-0.099478,0.276196,-16.280407,11.259127,0.205778,-0.076287,0.951814,-0.080195,0.286006,3.005578,88.293282,22.111290,0.001538,0.984651,-0.135754,0.109681,6.452507,54.448170,28.921885,0.027956,0.872452,-0.095505,0.478460,4.985548,11.384291,40.860161,0.019564,0.955739,-0.099478,0.276196,-9.886569,2.998167,-9.700360,0.027956,0.872452,-0.095505,0.478460,15.140825,3.218844,34.740356
1037,8.641667,0.048343,0.947135,-0.069258,0.309519,-4.051350,88.718674,16.895363,0.021838,0.922148,0.118734,0.367517,-3.080477,95.836823,16.164095,-0.012044,0.920856,-0.034009,0.388229,-3.975011,114.312347,20.636936,0.055217,0.963214,-0.068321,0.253974,-3.898844,132.292221,19.339258,0.035378,0.993376,-0.041379,0.101197,-1.124778,145.450150,16.407963,-0.048820,0.944663,0.030063,0.322993,-7.057002,126.781525,17.723755,-0.527405,0.625598,-0.273706,0.505526,-20.196344,125.565186,7.481114,-0.590457,0.599383,-0.275022,0.465256,-18.626516,103.758286,-0.523557,-0.685743,0.507636,-0.228604,0.468831,-15.495558,80.584183,-6.125155,-0.060493,0.938232,-0.074909,0.332341,-2.141359,127.123573,22.751472,0.622040,0.768028,0.148226,0.035036,10.750687,129.851440,33.017307,0.635321,0.741356,0.204413,0.070529,15.958452,107.363342,29.976875,0.423831,0.831786,0.358468,0.000409,20.354223,84.018547,26.246265,0.035176,0.951573,0.122367,0.279819,-11.129183,89.147552,11.673142,0.064417,0.959601,0.013156,0.273575,-11.075856,55.577232,2.910263,0.019411,0.955745,-0.099353,0.276233,-16.281698,11.251670,0.205427,-0.076136,0.951755,-0.080201,0.286241,3.026484,88.289795,22.117582,0.001619,0.984669,-0.135747,0.109531,6.461723,54.443157,28.926504,0.028058,0.872488,-0.095355,0.478419,4.989560,11.379126,40.863575,0.019411,0.955745,-0.099353,0.276233,-9.884394,2.994598,-9.701711,0.028058,0.872488,-0.095355,0.478419,15.144032,3.215528,34.739975
1038,8.650000,0.048695,0.947011,-0.068441,0.310023,-4.023589,88.730858,16.856222,0.021130,0.922137,0.119347,0.367386,-3.051138,95.850143,16.138172,-0.011094,0.921011,-0.034912,0.387809,-3.978450,114.320549,20.622299,0.054934,0.963220,-0.067766,0.254161,-3.858695,132.298965,19.307896,0.034952,0.993365,-0.039159,0.102327,-1.094725,145.461914,16.389576,-0.049197,0.944545,0.029655,0.323320,-7.031828,126.794647,17.700043,-0.528749,0.624982,-0.274930,0.504218,-20.162884,125.562500,7.448654,-0.590269,0.600688,-0.281118,0.460140,-18.588457,103.719566,-0.456207,-0.685003,0.511898,-0.240683,0.459132,-15.695861,80.446609,-5.768655,-0.060277,0.938490,-0.074683,0.331701,-2.111291,127.129128,22.723484,0.623455,0.766422,0.150028,0.037334,10.795833,129.846649,32.973118,0.635556,0.741315,0.200420,0.079703,15.913838,107.335625,29.950016,0.426271,0.835304,0.346854,0.015904,20.228970,83.908821,26.666065,0.035226,0.951661,0.121719,0.279795,-11.095324,89.169350,11.626537,0.064680,0.959423,0.013087,0.274140,-11.058315,55.588318,2.904758,0.019730,0.955606,-0.099767,0.276539,-16.286751,11.265641,0.196323,-0.076319,0.951687,-0.080299,0.286390,3.048146,88.292366,22.085907,0.001999,0.984720,-0.136008,0.108744,6.492350,54.448772,28.905382,0.028040,0.872489,-0.095766,0.478336,4.993709,11.391213,40.862499,0.019730,0.955606,-0.099767,0.276539,-9.888903,2.997071,-9.700872,0.028040,0.872489,-0.095766,0.478336,15.144047,3.219324,34.743092
1039,8.658333,0.048997,0.947054,-0.068571,0.309815,-4.012365,88.738640,16.841406,0.020736,0.922245,0.119216,0.367180,-3.035380,95.857239,16.122744,-0.011007,0.921107,-0.034952,0.387581,-3.973593,114.327827,20.596704,0.054272,0.963158,-0.068117,0.254442,-3.850722,132.306213,19.282150,0.035427,0.993291,-0.036662,0.103798,-1.100316,145.469177,16.351206,-0.048824,0.944476,0.028724,0.323660,-7.025787,126.802536,17.675873,-0.530388,0.624487,-0.275729,0.502671,-20.150709,125.572571,7.416380,-0.590248,0.601268,-0.287022,0.455743,-18.567999,103.695251,-0.391124,-0.684714,0.514008,-0.253978,0.449954,-15.870259,80.336456,-5.421934,-0.059659,0.938769,-0.074917,0.330971,-2.102736,127.136024,22.696915,0.624315,0.765223,0.151779,0.040353,10.823019,129.835480,32.927818,0.636587,0.740061,0.198032,0.088605,15.880114,107.304230,29.953293,0.426531,0.838348,0.338012,0.031483,20.060093,83.803444,27.044538,0.035240,0.951706,0.121493,0.279739,-11.085846,89.181747,11.614477,0.064662,0.959498,0.013131,0.273879,-11.054710,55.596958,2.907123,0.019945,0.955624,-0.099985,0.276385,-16.281275,11.274177,0.196821,-0.076416,0.951639,-0.080350,0.286511,3.061116,88.295532,22.068333,0.002145,0.984713,-0.136133,0.108646,6.509739,54.453514,28.893419,0.028506,0.872549,-0.095660,0.478220,4.998273,11.399060,40.860107,0.019945,0.955624,-0.099985,0.276385,-9.890738,2.999166,-9.699715,0.028506,0.872549,-0.095660,0.478220,15.141635,3.223726,34.733746
1040,8.666667,0.048845,0.947166,-0.068590,0.309492,-3.989942,88.733894,16.838408,0.021107,0.922298,0.118604,0.367224,-3.015188,95.852676,16.118469,-0.012438,0.920962,-0.035413,0.387841,-3.931226,114.312431,20.572624,0.055066,0.962954,-0.066706,0.255416,-3.849048,132.288437,19.222841,0.034948,0.993269,-0.034389,0.104946,-1.082902,145.458176,16.337427,-0.047248,0.944751,0.027951,0.323161,-7.010636,126.774338,17.625786,-0.531931,0.623962,-0.276833,0.501084,-20.151407,125.584831,7.381816,-0.590249,0.601608,-0.291952,0.452148,-18.566544,103.670273,-0.320119,-0.684268,0.515663,-0.265059,0.442281,-16.025711,80.244247,-5.114411,-0.059228,0.938662,-0.075569,0.331204,-2.090894,127.128998,22.648621,0.624780,0.764238,0.153697,0.044350,10.831425,129.822510,32.885437,0.636593,0.739926,0.195183,0.095722,15.845685,107.271103,29.992203,0.430485,0.839715,0.328287,0.042302,19.962206,83.719566,27.423319,0.035202,0.952043,0.121695,0.278506,-11.067208,89.174858,11.616419,0.064753,0.959522,0.012996,0.273781,-11.040915,55.593288,2.896620,0.019862,0.955651,-0.099967,0.276302,-16.278835,11.271241,0.196138,-0.076286,0.951727,-0.080399,0.286238,3.087324,88.292931,22.060398,0.002364,0.984723,-0.136267,0.108381,6.528421,54.450108,28.885246,0.028187,0.872487,-0.095943,0.478296,4.999617,11.398986,40.861717,0.019862,0.955651,-0.099967,0.276302,-9.888903,2.997182,-9.701588,0.028187,0.872487,-0.095943,0.478296,15.146104,3.221674,34.743172
1041,8.675000,0.048804,0.947355,-0.069261,0.308770,-3.979351,88.728813,16.843599,0.020585,0.922543,0.118099,0.366803,-3.002752,95.846313,16.113605,-0.011031,0.921176,-0.035856,0.387334,-3.929582,114.344284,20.551378,0.054281,0.962959,-0.067277,0.255416,-3.795214,132.320343,19.206486,0.034589,0.993227,-0.031674,0.106308,-1.045639,145.489105,16.300859,-0.048032,0.944892,0.026856,0.322726,-6.974787,126.816132,17.611038,-0.532426,0.624208,-0.278077,0.499560,-20.122442,125.589432,7.380303,-0.590378,0.601469,-0.296209,0.449387,-18.584023,103.645088,-0.245879,-0.684740,0.515684,-0.275781,0.434910,-16.155581,80.166031,-4.834629,-0.058960,0.938595,-0.076580,0.331209,-2.049041,127.154732,22.629093,0.625997,0.762689,0.155234,0.048325,10.874219,129.850937,32.864006,0.637244,0.738811,0.193691,0.102774,15.800458,107.269478,30.055231,0.429798,0.842162,0.321137,0.053931,19.809717,83.670113,27.771378,0.035117,0.952210,0.122038,0.277796,-11.064548,89.166473,11.632104,0.064803,0.959518,0.012909,0.273786,-11.032434,55.590302,2.891597,0.019866,0.955669,-0.099877,0.276273,-16.276737,11.268631,0.197341,-0.075946,0.951929,-0.080764,0.285553,3.105847,88.291153,22.055094,0.002575,0.984778,-0.136702,0.107324,6.522109,54.448807,28.894775,0.028292,0.872780,-0.095827,0.477778,4.983334,11.408424,40.908478,0.019866,0.955669,-0.099877,0.276273,-9.887108,2.996565,-9.702243,0.028292,0.872780,-0.095827,0.477778,15.121478,3.231938,34.775032
1042,8.683333,0.048739,0.947505,-0.069343,0.308302,-3.960739,88.725433,16.838116,0.021111,0.922572,0.117489,0.366894,-2.985030,95.842865,16.106220,-0.012474,0.920994,-0.036075,0.387701,-3.884381,114.327812,20.525887,0.055113,0.962758,-0.065861,0.256364,-3.794333,132.302078,19.153633,0.034144,0.993200,-0.029660,0.107277,-1.028234,145.477417,16.293850,-0.046455,0.945299,0.025930,0.321836,-6.958876,126.787437,17.564316,-0.533819,0.624241,-0.278942,0.497547,-20.130655,125.599136,7.360114,-0.590943,0.601230,-0.299263,0.446935,-18.616577,103.619530,-0.168753,-0.685552,0.514961,-0.283994,0.429162,-16.261738,80.100227,-4.586589,-0.058656,0.938397,-0.077632,0.331577,-2.037619,127.146111,22.585381,0.626510,0.761768,0.156210,0.052858,10.878675,129.844986,32.828381,0.637711,0.737596,0.193172,0.109367,15.753656,107.237030,30.146145,0.429749,0.843159,0.316714,0.063961,19.667057,83.599648,28.101740,0.035116,0.952435,0.122165,0.276967,-11.051135,89.162254,11.633623,0.064856,0.959547,0.012810,0.273677,-11.024073,55.588226,2.884864,0.019888,0.955703,-0.099808,0.276180,-16.275621,11.266947,0.198406,-0.076216,0.951804,-0.080394,0.286003,3.129658,88.288620,22.042608,0.002814,0.984744,-0.136518,0.107862,6.567903,54.444988,28.864908,0.028223,0.872472,-0.096098,0.478290,5.003353,11.400205,40.859528,0.019888,0.955703,-0.099808,0.276180,-9.888045,2.996284,-9.703673,0.028223,0.872472,-0.096098,0.478290,15.148115,3.219280,34.742958
1043,8.691667,0.048824,0.947617,-0.069483,0.307913,-3.942791,88.725304,16.827681,0.021357,0.922688,0.117571,0.366563,-2.965605,95.842331,16.093864,-0.012981,0.921088,-0.036696,0.387403,-3.855748,114.323402,20.519453,0.055163,0.962606,-0.065540,0.257004,-3.774306,132.295578,19.119528,0.033697,0.993110,-0.026982,0.108946,-1.006136,145.472855,16.270796,-0.045513,0.945626,0.024729,0.321105,-6.937500,126.777138,17.540722,-0.534663,0.624907,-0.279641,0.495406,-20.127880,125.604591,7.358749,-0.591949,0.600762,-0.301066,0.445018,-18.670776,103.595520,-0.094893,-0.687737,0.512701,-0.290090,0.424269,-16.340940,80.049454,-4.381456,-0.058719,0.938095,-0.079330,0.332019,-2.013171,127.145645,22.558060,0.627223,0.760473,0.157771,0.058149,10.893079,129.865875,32.808067,0.637882,0.736204,0.194276,0.115618,15.699092,107.227730,30.259239,0.428231,0.844084,0.314195,0.073633,19.534365,83.562790,28.393381,0.035322,0.952454,0.121990,0.276953,-11.037261,89.163361,11.628847,0.064706,0.959705,0.012892,0.273156,-11.027358,55.587376,2.887563,0.019730,0.955793,-0.099826,0.275871,-16.265610,11.264547,0.200629,-0.076142,0.951918,-0.080537,0.285602,3.151678,88.287254,22.026514,0.002958,0.984750,-0.136651,0.107637,6.585062,54.444431,28.855288,0.028161,0.872536,-0.096270,0.478142,5.009247,11.402986,40.860397,0.019730,0.955793,-0.099826,0.275871,-9.882763,2.994478,-9.704993,0.028161,0.872536,-0.096270,0.478142,15.151254,3.219157,34.743137
1044,8.700000,0.049075,0.947667,-0.069913,0.307622,-3.916245,88.729294,16.814753,0.021231,0.922724,0.117517,0.366496,-2.933970,95.845100,16.075911,-0.013076,0.921077,-0.037065,0.387392,-3.827718,114.331993,20.499178,0.055246,0.962482,-0.065292,0.257514,-3.744278,132.303101,19.085672,0.033178,0.993065,-0.024409,0.110118,-0.973294,145.481720,16.245834,-0.044738,0.946083,0.023162,0.319983,-6.908106,126.783821,17.511068,-0.535867,0.625976,-0.279814,0.492650,-20.124870,125.617386,7.362663,-0.594003,0.600373,-0.301046,0.442815,-18.734528,103.578522,-0.015323,-0.688758,0.513058,-0.289052,0.422885,-16.381636,80.016571,-4.200785,-0.058309,0.937692,-0.081253,0.332763,-1.983684,127.155563,22.528078,0.627777,0.759368,0.158771,0.063622,10.907660,129.885513,32.794243,0.637802,0.735106,0.195513,0.120844,15.650225,107.216858,30.402630,0.430117,0.842818,0.313368,0.080361,19.430967,83.532425,28.678205,0.035443,0.952617,0.121752,0.276479,-11.013442,89.169601,11.619835,0.064774,0.959863,0.012978,0.272580,-11.020533,55.590187,2.891732,0.019936,0.955738,-0.099917,0.276014,-16.264055,11.268341,0.198933,-0.075960,0.952064,-0.080727,0.285109,3.180952,88.288979,22.009672,0.003142,0.984754,-0.136777,0.107435,6.602093,54.446369,28.845623,0.027905,0.872577,-0.096541,0.478027,5.011394,11.408102,40.860142,0.019936,0.955738,-0.099917,0.276014,-9.881273,2.994843,-9.703869,0.027905,0.872577,-0.096541,0.478027,15.152915,3.221685,34.745548
1045,8.708333,0.049180,0.947875,-0.070097,0.306920,-3.894346,88.725273,16.807293,0.021249,0.922801,0.117320,0.366365,-2.910382,95.840561,16.065689,-0.013277,0.921037,-0.037648,0.387424,-3.800725,114.342049,20.485603,0.055158,0.962370,-0.065177,0.257979,-3.715729,132.311386,19.049988,0.033044,0.993007,-0.021642,0.111254,-0.945702,145.491089,16.214224,-0.043995,0.946575,0.021415,0.318749,-6.879851,126.790428,17.481888,-0.536791,0.627251,-0.279995,0.489913,-20.125147,125.627205,7.370371,-0.596111,0.599934,-0.300025,0.441267,-18.813898,103.561089,0.059631,-0.690311,0.512709,-0.286013,0.422844,-16.406160,79.994926,-4.070590,-0.058079,0.937326,-0.083222,0.333349,-1.955860,127.167961,22.498890,0.627863,0.758035,0.161699,0.070881,10.923330,129.913513,32.776154,0.637919,0.733454,0.197827,0.126371,15.615434,107.217468,30.550591,0.430906,0.841961,0.313160,0.085747,19.323257,83.513542,28.939474,0.035549,0.952691,0.121779,0.276200,-10.998960,89.167389,11.622672,0.064768,0.959895,0.012965,0.272468,-11.015018,55.588947,2.890820,0.020778,0.955745,-0.099402,0.276113,-16.258652,11.267000,0.199829,-0.075849,0.952211,-0.080930,0.284589,3.210270,88.283165,21.991915,0.003386,0.984775,-0.136913,0.107063,6.623771,54.441662,28.837181,0.028169,0.872594,-0.096364,0.478016,5.014809,11.406872,40.861725,0.020778,0.955745,-0.099402,0.276113,-9.882957,2.999506,-9.712555,0.028169,0.872594,-0.096364,0.478016,15.154091,3.220933,34.742771
1046,8.716667,0.049235,0.948076,-0.070382,0.306224,-3.875642,88.726379,16.802654,0.020942,0.922861,0.116422,0.366518,-2.890223,95.841003,16.056690,-0.012541,0.920919,-0.037559,0.387738,-3.781284,114.389061,20.450165,0.055036,0.962230,-0.065975,0.258327,-3.672621,132.359329,19.027786,0.032649,0.992970,-0.018634,0.112238,-0.898835,145.533905,16.171991,-0.044322,0.947026,0.019635,0.317478,-6.842561,126.843513,17.453356,-0.537396,0.629138,-0.280326,0.486630,-20.113907,125.649475,7.379661,-0.598036,0.599247,-0.298029,0.440949,-18.921692,103.553772,0.138257,-0.689548,0.513937,-0.279651,0.426834,-16.416893,79.998764,-3.997855,-0.057431,0.936925,-0.085238,0.334077,-1.921723,127.211166,22.474182,0.628869,0.757000,0.160502,0.075586,10.943735,129.960175,32.767708,0.637669,0.732773,0.199207,0.129376,15.544859,107.227707,30.732054,0.431482,0.840797,0.314407,0.089620,19.231024,83.516281,29.182743,0.035660,0.952802,0.121760,0.275811,-10.987672,89.168907,11.628248,0.064769,0.960034,0.013040,0.271975,-11.015014,55.590691,2.895585,0.019843,0.955789,-0.099883,0.275856,-16.258339,11.268938,0.200828,-0.075758,0.952478,-0.081153,0.283655,3.236388,88.283852,21.977062,0.003634,0.984792,-0.136998,0.106783,6.646102,54.443897,28.831852,0.028002,0.872623,-0.096537,0.477940,5.017884,11.411327,40.861763,0.019843,0.955789,-0.099883,0.275856,-9.877633,2.996802,-9.704453,0.028002,0.872623,-0.096537,0.477940,15.156855,3.223777,34.744446
1047,8.725000,0.049227,0.948268,-0.071027,0.305482,-3.856554,88.719269,16.808281,0.020459,0.923034,0.116189,0.366183,-2.869020,95.832588,16.052727,-0.011250,0.921051,-0.038623,0.387359,-3.774112,114.422775,20.441032,0.054837,0.962165,-0.066369,0.258510,-3.608290,132.391220,19.001339,0.031766,0.992908,-0.015669,0.113484,-0.836197,145.563812,16.134706,-0.044601,0.947513,0.017763,0.316093,-6.797120,126.884186,17.434341,-0.537488,0.630412,-0.281181,0.484381,-20.096951,125.659904,7.401933,-0.598958,0.598642,-0.296338,0.441657,-19.001801,103.539696,0.220250,-0.688340,0.514649,-0.273562,0.431843,-16.413845,80.001274,-3.958928,-0.057328,0.936315,-0.087361,0.335255,-1.871716,127.240730,22.451490,0.629126,0.755604,0.162735,0.082340,10.967793,130.012482,32.771275,0.637777,0.731492,0.201039,0.133201,15.504177,107.252815,30.901012,0.433542,0.839068,0.316129,0.089828,19.135418,83.528481,29.421059,0.035817,0.952951,0.121891,0.275218,-10.976598,89.159271,11.644695,0.064778,0.960148,0.013114,0.271567,-11.017249,55.584049,2.900575,0.019905,0.955803,-0.099659,0.275887,-16.260626,11.262563,0.201542,-0.075564,0.952678,-0.081028,0.283072,3.263491,88.279259,21.971865,0.003853,0.984793,-0.137264,0.106430,6.667197,54.435848,28.812590,0.028558,0.872705,-0.096100,0.477844,5.021516,11.409966,40.864021,0.019905,0.955803,-0.099659,0.275887,-9.879089,2.995095,-9.707098,0.028558,0.872705,-0.096100,0.477844,15.155151,3.224732,34.734787
1048,8.733333,0.049127,0.948496,-0.070820,0.304838,-3.832839,88.718140,16.794359,0.020851,0.923161,0.115987,0.365904,-2.848077,95.832024,16.040510,-0.012268,0.921065,-0.038843,0.387273,-3.734820,114.416161,20.425793,0.055333,0.961956,-0.066127,0.259242,-3.599843,132.383133,18.964609,0.031490,0.992784,-0.013174,0.114954,-0.813187,145.555374,16.110529,-0.043353,0.948009,0.016169,0.314863,-6.779700,126.868820,17.404968,-0.538219,0.631433,-0.281505,0.482046,-20.109110,125.665840,7.409309,-0.599787,0.598138,-0.293973,0.442793,-19.082449,103.521896,0.290962,-0.686478,0.515774,-0.267191,0.437417,-16.398357,80.008301,-3.966562,-0.057276,0.935773,-0.089440,0.336228,-1.853694,127.239700,22.420483,0.629029,0.755267,0.161946,0.087570,10.964187,130.034988,32.760784,0.637900,0.730832,0.201871,0.134970,15.464928,107.252213,31.097019,0.437312,0.836611,0.317584,0.089336,19.065838,83.521339,29.648308,0.035759,0.953300,0.121891,0.274014,-10.959972,89.158600,11.640604,0.064848,0.960255,0.013089,0.271170,-11.007803,55.583103,2.897583,0.019786,0.955814,-0.099674,0.275849,-16.258938,11.262375,0.201146,-0.075388,0.952831,-0.081273,0.282533,3.294295,88.277679,21.948116,0.004065,0.984791,-0.137441,0.106206,6.685412,54.435192,28.799641,0.028450,0.872693,-0.096237,0.477845,5.022087,11.413792,40.864639,0.019786,0.955814,-0.099674,0.275849,-9.876661,2.995367,-9.707398,0.028450,0.872693,-0.096237,0.477845,15.156094,3.227013,34.738083
1049,8.741667,0.049215,0.948646,-0.071517,0.304195,-3.811858,88.714516,16.792763,0.020769,0.923309,0.116361,0.365415,-2.823389,95.826843,16.029137,-0.012873,0.921184,-0.039791,0.386873,-3.715838,114.405525,20.426178,0.055818,0.961789,-0.065699,0.259864,-3.588366,132.369263,18.925100,0.031285,0.992638,-0.010683,0.116522,-0.789232,145.542496,16.087870,-0.042040,0.948413,0.014634,0.313898,-6.767632,126.850418,17.380386,-0.538425,0.632316,-0.282201,0.480247,-20.121077,125.671852,7.413935,-0.600568,0.597518,-0.291186,0.444411,-19.164671,103.507683,0.348898,-0.685209,0.516619,-0.260878,0.442195,-16.366508,80.026237,-4.011380,-0.057310,0.935080,-0.091356,0.337631,-1.837480,127.234116,22.390863,0.628985,0.754917,0.161102,0.092329,10.948700,130.054932,32.763435,0.637669,0.730430,0.203316,0.136060,15.412119,107.251678,31.290554,0.439495,0.834722,0.319704,0.088725,19.012970,83.521187,29.835432,0.035703,0.953485,0.122068,0.273297,-10.945745,89.153633,11.648239,0.064996,0.960304,0.013015,0.270967,-10.993028,55.580841,2.894822,0.019885,0.955797,-0.099604,0.275926,-16.259125,11.261657,0.202258,-0.075307,0.953215,-0.081508,0.281189,3.322028,88.275398,21.937284,0.004440,0.984828,-0.137489,0.105783,6.712756,54.434704,28.797886,0.028627,0.872679,-0.096133,0.477881,5.021114,11.414763,40.864182,0.019885,0.955797,-0.099604,0.275926,-9.876210,2.995583,-9.706658,0.028627,0.872679,-0.096133,0.477881,15.154168,3.228045,34.735958
1050,8.750000,0.049347,0.948785,-0.071905,0.303646,-3.793417,88.712990,16.788763,0.020562,0.923442,0.116511,0.365045,-2.801900,95.824333,16.019875,-0.012528,0.921312,-0.040544,0.386502,-3.703007,114.422882,20.424553,0.055764,0.961754,-0.066059,0.259915,-3.554170,132.384750,18.903248,0.031360,0.992557,-0.008119,0.117396,-0.753775,145.555695,16.056585,-0.041713,0.948831,0.012781,0.312757,-6.741471,126.868164,17.367054,-0.538317,0.633769,-0.282347,0.478365,-20.119715,125.679459,7.435122,-0.601574,0.596913,-0.288102,0.445871,-19.252794,103.503571,0.395359,-0.685036,0.516360,-0.255077,0.446132,-16.333929,80.056412,-4.069039,-0.057071,0.934537,-0.093558,0.338572,-1.807160,127.251305,22.373480,0.629152,0.754213,0.160746,0.097419,10.958663,130.091400,32.765846,0.637603,0.729990,0.204442,0.137041,15.367314,107.266327,31.477886,0.443018,0.832449,0.321216,0.087086,18.959339,83.534645,30.020487,0.035730,0.953668,0.122085,0.272646,-10.932943,89.153061,11.652149,0.064990,0.960383,0.013054,0.270687,-10.987657,55.580692,2.897116,0.020602,0.955821,-0.099222,0.275928,-16.253073,11.261526,0.202839,-0.075177,0.953520,-0.081658,0.280142,3.346110,88.272926,21.925377,0.004690,0.984866,-0.137665,0.105194,6.732841,54.432594,28.789696,0.028135,0.872689,-0.096536,0.477811,5.024809,11.417190,40.869808,0.020602,0.955821,-0.099222,0.275928,-9.878260,2.999270,-9.714476,0.028135,0.872689,-0.096536,0.477811,15.160110,3.227985,34.748634
1051,8.758333,0.049541,0.948954,-0.071704,0.303136,-3.772064,88.710938,16.768326,0.020818,0.923540,0.117039,0.364612,-2.779173,95.822418,16.002508,-0.013136,0.921420,-0.041431,0.386129,-3.676761,114.419891,20.430485,0.056061,0.961561,-0.066383,0.260483,-3.536374,132.378571,18.871235,0.031150,0.992388,-0.005374,0.119023,-0.723532,145.545990,16.020597,-0.040783,0.949280,0.011256,0.311572,-6.722677,126.857483,17.349209,-0.538366,0.634822,-0.282523,0.476806,-20.128208,125.681244,7.452651,-0.602344,0.596410,-0.284630,0.447730,-19.328148,103.494087,0.440566,-0.684918,0.516041,-0.249343,0.449907,-16.284800,80.088379,-4.156269,-0.056961,0.933907,-0.095786,0.339703,-1.784529,127.253151,22.350874,0.629113,0.754009,0.159363,0.101444,10.956081,130.117432,32.767517,0.637734,0.729634,0.205312,0.137027,15.329741,107.276108,31.660774,0.445579,0.830527,0.323323,0.084534,18.913898,83.545135,30.172554,0.035737,0.953755,0.121996,0.272380,-10.916708,89.156128,11.639275,0.065073,0.960322,0.012922,0.270886,-10.976046,55.582291,2.889945,0.020737,0.955832,-0.099226,0.275880,-16.251226,11.263794,0.203928,-0.075311,0.953282,-0.081702,0.280902,3.372579,88.265755,21.897377,0.005071,0.984905,-0.137959,0.104419,6.761780,54.427326,28.769836,0.028250,0.872726,-0.096526,0.477738,5.026969,11.419519,40.873161,0.020737,0.955832,-0.099226,0.275880,-9.879344,3.000536,-9.714434,0.028250,0.872726,-0.096526,0.477738,15.159755,3.229116,34.749424
1052,8.766667,0.049470,0.949130,-0.072146,0.302488,-3.750592,88.704552,16.772360,0.021126,0.923588,0.116437,0.364667,-2.757293,95.815208,15.999516,-0.013852,0.921272,-0.041729,0.386426,-3.635929,114.419518,20.411249,0.056304,0.961344,-0.066449,0.261214,-3.514649,132.376617,18.832230,0.031062,0.992252,-0.002977,0.120260,-0.691749,145.542496,15.984464,-0.040170,0.949826,0.010353,0.310017,-6.693853,126.850296,17.314365,-0.538121,0.636164,-0.282466,0.475325,-20.133337,125.682816,7.462913,-0.603289,0.595674,-0.281467,0.449435,-19.411186,103.490005,0.460267,-0.685698,0.514623,-0.244992,0.452726,-16.239525,80.123604,-4.248402,-0.056961,0.933292,-0.097778,0.340825,-1.759206,127.257004,22.318602,0.629224,0.753951,0.157101,0.104665,10.955901,130.146378,32.759453,0.637734,0.729679,0.205438,0.136596,15.292181,107.290009,31.830961,0.448516,0.828507,0.325278,0.081262,18.882027,83.561073,30.324039,0.035844,0.953889,0.122303,0.271758,-10.902270,89.147156,11.652897,0.065128,0.960237,0.012769,0.271183,-10.968479,55.579048,2.881665,0.020721,0.955855,-0.099085,0.275853,-16.251299,11.260838,0.205847,-0.075113,0.953476,-0.081751,0.280283,3.401087,88.261948,21.891823,0.005297,0.984917,-0.138105,0.104108,6.780762,54.421997,28.761509,0.028078,0.872803,-0.096538,0.477606,5.028516,11.417991,40.875839,0.020721,0.955855,-0.099085,0.275853,-9.879166,3.000863,-9.715092,0.028078,0.872803,-0.096538,0.477606,15.161422,3.229290,34.750023
1053,8.775000,0.049505,0.949263,-0.072399,0.302006,-3.726463,88.698418,16.768381,0.021106,0.923696,0.116500,0.364375,-2.731989,95.808502,15.991746,-0.014144,0.921338,-0.042202,0.386206,-3.611410,114.425209,20.408722,0.056417,0.961160,-0.066791,0.261779,-3.493634,132.380585,18.809942,0.031122,0.992057,-0.000647,0.121874,-0.662938,145.543549,15.956410,-0.039868,0.950177,0.009189,0.309015,-6.672698,126.852104,17.299635,-0.537345,0.637231,-0.282421,0.474799,-20.133701,125.681412,7.477998,-0.603886,0.594896,-0.278689,0.451390,-19.473669,103.492783,0.456000,-0.686682,0.512791,-0.241043,0.455424,-16.182648,80.165695,-4.364383,-0.057010,0.932795,-0.099242,0.341751,-1.735769,127.265060,22.301105,0.629857,0.753897,0.153594,0.106436,10.958035,130.174774,32.762207,0.637561,0.730084,0.205424,0.135257,15.239787,107.302162,31.993856,0.451098,0.826588,0.327180,0.078842,18.857735,83.580223,30.444708,0.036047,0.953977,0.122453,0.271354,-10.883216,89.140991,11.656013,0.065184,0.960192,0.012678,0.271333,-10.963694,55.576443,2.871281,0.018061,0.955962,-0.099202,0.275626,-16.253101,11.258679,0.201063,-0.074991,0.953573,-0.081825,0.279962,3.430290,88.255844,21.880749,0.005595,0.984947,-0.138290,0.103554,6.802757,54.415466,28.751873,0.028338,0.872798,-0.096316,0.477645,5.029318,11.416340,40.880424,0.018061,0.955962,-0.099202,0.275626,-9.850039,3.014056,-9.712728,0.028338,0.872798,-0.096316,0.477645,15.161121,3.229136,34.750782
1054,8.783333,0.049594,0.949431,-0.072041,0.301548,-3.707923,88.702652,16.746981,0.021436,0.923828,0.116914,0.363888,-2.714143,95.813354,15.975144,-0.014664,0.921500,-0.042723,0.385744,-3.585043,114.418289,20.409784,0.056472,0.960974,-0.067094,0.262372,-3.478078,132.371536,18.786451,0.031253,0.991816,0.001683,0.123777,-0.641205,145.532074,15.927869,-0.039194,0.950490,0.008325,0.308161,-6.655822,126.839378,17.286865,-0.536502,0.638069,-0.282485,0.474590,-20.136202,125.680481,7.490442,-0.604661,0.594308,-0.275669,0.452979,-19.527576,103.497292,0.446655,-0.688203,0.511400,-0.236539,0.457052,-16.122412,80.209641,-4.483835,-0.057169,0.932285,-0.100572,0.342726,-1.714085,127.261665,22.282804,0.629599,0.754228,0.151570,0.108499,10.956817,130.193817,32.765377,0.638048,0.729772,0.205485,0.134552,15.233061,107.316055,32.132313,0.453205,0.825144,0.328392,0.076823,18.830320,83.593178,30.549713,0.036207,0.954033,0.122195,0.271252,-10.869387,89.149353,11.641576,0.065148,0.960200,0.012616,0.271318,-10.966340,55.581238,2.870677,0.020589,0.955862,-0.099054,0.275848,-16.254217,11.262909,0.206783,-0.074894,0.953935,-0.082258,0.278627,3.453540,88.255943,21.852383,0.005838,0.984963,-0.138407,0.103231,6.820697,54.419483,28.745344,0.028233,0.872812,-0.096522,0.477583,5.028817,11.423481,40.882256,0.020589,0.955862,-0.099054,0.275848,-9.880247,3.004532,-9.714298,0.028233,0.872812,-0.096522,0.477583,15.159475,3.233255,34.754768
1055,8.791667,0.049290,0.949587,-0.072001,0.301116,-3.680247,88.695518,16.748514,0.021003,0.924022,0.116937,0.363413,-2.691154,95.806740,15.975426,-0.013726,0.921728,-0.043318,0.385165,-3.576563,114.437103,20.411270,0.055684,0.960918,-0.068314,0.262428,-3.431160,132.389465,18.781136,0.031433,0.991610,0.003915,0.125324,-0.606124,145.544510,15.885782,-0.039793,0.950676,0.007481,0.307533,-6.623033,126.863899,17.287251,-0.535175,0.638954,-0.282657,0.474794,-20.114761,125.676895,7.509830,-0.604929,0.593761,-0.273067,0.454911,-19.563332,103.504562,0.427224,-0.690019,0.509182,-0.233748,0.458224,-16.058239,80.256477,-4.618662,-0.057363,0.931834,-0.101816,0.343552,-1.674633,127.276932,22.277367,0.629807,0.753549,0.151434,0.112140,10.976585,130.231339,32.777451,0.637830,0.729715,0.206573,0.134226,15.203218,107.341194,32.271229,0.456349,0.823215,0.329438,0.074384,18.818018,83.623901,30.645584,0.036449,0.954168,0.122448,0.270633,-10.846824,89.138023,11.649920,0.065208,0.960220,0.012526,0.271235,-10.960608,55.575417,2.858146,0.017948,0.955991,-0.099156,0.275548,-16.255968,11.257583,0.201008,-0.074708,0.954077,-0.082273,0.278185,3.486329,88.253014,21.847109,0.006108,0.984985,-0.138573,0.102786,6.844106,54.414795,28.736004,0.028461,0.872810,-0.096345,0.477608,5.032408,11.423195,40.885563,0.017948,0.955991,-0.099156,0.275548,-9.852864,3.014751,-9.714241,0.028461,0.872810,-0.096345,0.477608,15.161846,3.233907,34.754799
1056,8.800000,0.049210,0.949671,-0.072173,0.300823,-3.663548,88.692902,16.747484,0.021096,0.924074,0.117056,0.363236,-2.675040,95.803879,15.971390,-0.014255,0.921744,-0.043690,0.385065,-3.558211,114.437607,20.413906,0.055134,0.960754,-0.068386,0.263125,-3.425378,132.388260,18.764080,0.032450,0.991325,0.005535,0.127247,-0.610873,145.544861,15.865582,-0.039482,0.950816,0.007052,0.307148,-6.613842,126.858902,17.276987,-0.534016,0.639383,-0.282881,0.475389,-20.114305,125.677086,7.511006,-0.605438,0.593063,-0.270492,0.456679,-19.594280,103.515800,0.391553,-0.691436,0.507861,-0.229885,0.459508,-15.982023,80.306839,-4.757782,-0.057247,0.931517,-0.102795,0.344139,-1.664572,127.280762,22.265499,0.630041,0.753715,0.148893,0.113111,10.973592,130.244202,32.778751,0.637907,0.729985,0.206205,0.132951,15.176326,107.347511,32.380398,0.458357,0.821880,0.330545,0.071857,18.802818,83.634232,30.722321,0.036576,0.954257,0.122563,0.270250,-10.833371,89.133614,11.653302,0.065242,0.960262,0.012482,0.271080,-10.956874,55.573608,2.851751,0.018612,0.955954,-0.098736,0.275783,-16.256624,11.256069,0.198356,-0.074658,0.954194,-0.082282,0.277795,3.506275,88.252190,21.841665,0.006323,0.984993,-0.138667,0.102567,6.863453,54.413570,28.728872,0.028424,0.872845,-0.096433,0.477529,5.034632,11.424539,40.884964,0.018612,0.955954,-0.098736,0.275783,-9.855597,3.018323,-9.722459,0.028424,0.872845,-0.096433,0.477529,15.162674,3.233840,34.753777
1057,8.808333,0.049482,0.949968,-0.071261,0.300056,-3.634787,88.671875,16.711073,0.021091,0.924107,0.117678,0.362952,-2.647095,95.784355,15.947819,-0.014861,0.921748,-0.043712,0.385031,-3.538860,114.434326,20.417479,0.055639,0.960458,-0.068712,0.264015,-3.425927,132.384277,18.758533,0.032744,0.991059,0.006923,0.129157,-0.592066,145.536469,15.858832,-0.039256,0.950824,0.006886,0.307156,-6.608493,126.850662,17.274620,-0.532923,0.639675,-0.282959,0.476175,-20.109385,125.674332,7.508563,-0.605583,0.592612,-0.268239,0.458396,-19.608814,103.526260,0.346715,-0.693729,0.505340,-0.228065,0.459737,-15.912491,80.353584,-4.905373,-0.057315,0.931319,-0.103628,0.344414,-1.659104,127.280495,22.262337,0.629882,0.753879,0.147755,0.114385,10.972492,130.256195,32.780025,0.638160,0.729959,0.205872,0.132394,15.171009,107.357491,32.461731,0.460099,0.820813,0.331336,0.069227,18.789082,83.643784,30.791601,0.036812,0.954303,0.122256,0.270194,-10.812258,89.123184,11.628598,0.065253,0.960243,0.012377,0.271150,-10.957777,55.559170,2.842655,0.018289,0.955953,-0.098443,0.275915,-16.260830,11.241531,0.197612,-0.074402,0.954228,-0.083181,0.277478,3.542685,88.220566,21.793547,0.006908,0.984949,-0.139183,0.102258,6.867571,54.389606,28.733868,0.027997,0.872910,-0.095663,0.477590,4.986435,11.414087,40.929680,0.018289,0.955953,-0.098443,0.275915,-9.851181,3.012686,-9.725028,0.027997,0.872910,-0.095663,0.477590,15.126747,3.244342,34.790821
1058,8.816667,0.049440,0.950067,-0.071273,0.299746,-3.616869,88.670303,16.707508,0.021348,0.924113,0.118094,0.362786,-2.629952,95.782814,15.943578,-0.015649,0.921731,-0.044186,0.384987,-3.518350,114.443779,20.435137,0.056081,0.960161,-0.068870,0.264957,-3.425087,132.391357,18.749544,0.033138,0.990786,0.008042,0.131071,-0.574425,145.540543,15.852709,-0.039429,0.950733,0.007021,0.307415,-6.601829,126.852097,17.274237,-0.531591,0.640092,-0.282821,0.477186,-20.096947,125.671852,7.500685,-0.605755,0.591887,-0.266516,0.460108,-19.617554,103.542915,0.278530,-0.695344,0.503207,-0.226520,0.460400,-15.835637,80.402512,-5.054282,-0.057145,0.931217,-0.104124,0.344567,-1.652304,127.294693,22.260696,0.629938,0.753658,0.147149,0.116297,10.976401,130.271133,32.781635,0.638229,0.730000,0.206025,0.131599,15.151083,107.367073,32.546650,0.461623,0.820092,0.331477,0.066911,18.775028,83.656609,30.843513,0.036846,0.954407,0.122329,0.269789,-10.797679,89.121315,11.629733,0.065339,0.960350,0.012331,0.270754,-10.947788,55.558693,2.838536,0.018198,0.955952,-0.098457,0.275917,-16.260427,11.241961,0.197546,-0.074369,0.954295,-0.083238,0.277240,3.563940,88.219292,21.785282,0.007009,0.985011,-0.139313,0.101468,6.887294,54.388649,28.727886,0.030286,0.872915,-0.093990,0.477774,5.005831,11.416507,40.935547,0.018198,0.955952,-0.098457,0.275917,-9.849549,3.013416,-9.724539,0.030286,0.872915,-0.093990,0.477774,15.132082,3.254206,34.763672
1059,8.825000,0.049297,0.950122,-0.071391,0.299568,-3.595850,88.665604,16.708719,0.021057,0.924118,0.118355,0.362705,-2.610521,95.778076,15.942369,-0.015804,0.921727,-0.044231,0.384986,-3.512833,114.443314,20.440569,0.056162,0.959938,-0.068760,0.265777,-3.424081,132.390564,18.751335,0.033879,0.990510,0.008690,0.132916,-0.568301,145.540100,15.861116,-0.039396,0.950522,0.007168,0.308066,-6.599456,126.850220,17.277191,-0.530194,0.639952,-0.283180,0.478711,-20.081268,125.672958,7.484926,-0.605571,0.591345,-0.265024,0.461907,-19.603024,103.560997,0.210906,-0.696506,0.501755,-0.224475,0.461230,-15.752058,80.451752,-5.206880,-0.057207,0.931063,-0.104826,0.344761,-1.649978,127.295067,22.263500,0.629782,0.753634,0.146821,0.117699,10.974028,130.281891,32.787140,0.638212,0.729994,0.206445,0.131053,15.142603,107.376183,32.611889,0.462933,0.819347,0.331722,0.065759,18.774462,83.669243,30.876801,0.036882,0.954503,0.122457,0.269385,-10.778797,89.113876,11.633721,0.065510,0.960376,0.012209,0.270626,-10.932567,55.553627,2.833593,0.018098,0.955980,-0.098317,0.275879,-16.263180,11.238628,0.199722,-0.074260,0.954394,-0.083222,0.276934,3.587098,88.217331,21.783718,0.007362,0.984968,-0.139386,0.101764,6.905745,54.385376,28.722206,0.028239,0.872927,-0.095545,0.477568,4.988887,11.415490,40.932304,0.018098,0.955980,-0.098317,0.275879,-9.851168,3.013932,-9.724827,0.028239,0.872927,-0.095545,0.477568,15.126649,3.245296,34.789829
1060,8.833333,0.049379,0.950145,-0.071462,0.299466,-3.580351,88.667740,16.701103,0.021070,0.924071,0.118716,0.362705,-2.593679,95.779953,15.934047,-0.016390,0.921669,-0.044245,0.385097,-3.500214,114.434372,20.443253,0.056908,0.959686,-0.068486,0.266596,-3.430532,132.380905,18.745445,0.034464,0.990294,0.009279,0.134329,-0.553666,145.529297,15.870975,-0.039389,0.950336,0.007820,0.308624,-6.599620,126.836418,17.273321,-0.528862,0.639614,-0.283393,0.480508,-20.069948,125.666489,7.464395,-0.605171,0.590680,-0.263844,0.463952,-19.577154,103.574112,0.132044,-0.698035,0.499288,-0.223825,0.461910,-15.658418,80.495819,-5.368506,-0.057338,0.930923,-0.105090,0.345038,-1.651621,127.289009,22.260403,0.629537,0.753917,0.146071,0.118132,10.965496,130.283676,32.790070,0.638316,0.730050,0.206361,0.130360,15.143685,107.379440,32.655273,0.464116,0.818741,0.331753,0.064803,18.777863,83.674500,30.897739,0.036843,0.954612,0.122417,0.269022,-10.764229,89.117165,11.627525,0.065604,0.960378,0.012156,0.270595,-10.919543,55.556034,2.830738,0.018148,0.955986,-0.098425,0.275815,-16.259531,11.242020,0.199311,-0.074280,0.954501,-0.083343,0.276520,3.603526,88.218315,21.774679,0.007455,0.985032,-0.139470,0.101021,6.924142,54.387962,28.720028,0.028287,0.873117,-0.095752,0.477178,5.007541,11.420300,40.937977,0.018148,0.955986,-0.098425,0.275815,-9.850081,3.014516,-9.724563,0.028287,0.873117,-0.095752,0.477178,15.137163,3.245029,34.788845
1061,8.841667,0.049286,0.950187,-0.071337,0.299379,-3.562032,88.665443,16.697151,0.020612,0.924053,0.119060,0.362664,-2.577239,95.778046,15.931293,-0.016016,0.921680,-0.044331,0.385078,-3.505258,114.442253,20.449121,0.056816,0.959450,-0.068620,0.267431,-3.422002,132.388947,18.753647,0.035167,0.989983,0.009763,0.136385,-0.542767,145.536652,15.878363,-0.040154,0.950002,0.008448,0.309535,-6.595302,126.847061,17.280828,-0.526665,0.639100,-0.284260,0.483084,-20.044790,125.660011,7.445384,-0.604235,0.589838,-0.263355,0.466514,-19.544363,103.592133,0.040130,-0.697975,0.498344,-0.222917,0.463456,-15.565433,80.543365,-5.540402,-0.057348,0.930903,-0.105189,0.345060,-1.646914,127.295242,22.267925,0.629575,0.753871,0.145982,0.118330,10.969675,130.291397,32.797813,0.638270,0.730140,0.206373,0.130066,15.143447,107.386292,32.672035,0.465051,0.818275,0.331688,0.064313,18.784155,83.683083,30.904856,0.036874,0.954642,0.122390,0.268924,-10.746995,89.114113,11.625040,0.065740,0.960435,0.012106,0.270365,-10.905754,55.552685,2.829453,0.018214,0.955991,-0.098355,0.275819,-16.259247,11.240160,0.200304,-0.074230,0.954547,-0.083387,0.276365,3.622930,88.216774,21.769264,0.007688,0.984924,-0.139455,0.102070,6.940541,54.386425,28.716036,0.028175,0.872921,-0.095659,0.477560,4.990529,11.418700,40.928493,0.018214,0.955991,-0.098355,0.275819,-9.850304,3.013802,-9.724855,0.028175,0.872921,-0.095659,0.477560,15.128130,3.246906,34.787880
1062,8.850000,0.049172,0.950215,-0.071238,0.299330,-3.544146,88.663841,16.691891,0.020329,0.923991,0.119445,0.362713,-2.561377,95.776810,15.926836,-0.016176,0.921618,-0.044343,0.385218,-3.505229,114.440392,20.454769,0.056928,0.959193,-0.068694,0.268307,-3.426845,132.386856,18.756697,0.036105,0.989689,0.010227,0.138230,-0.540208,145.533463,15.883832,-0.040657,0.949608,0.009336,0.310651,-6.598054,126.843811,17.283760,-0.524942,0.638389,-0.284845,0.485550,-20.023075,125.650856,7.415658,-0.603017,0.589188,-0.263033,0.469087,-19.495840,103.605797,-0.055393,-0.697314,0.497645,-0.222581,0.465361,-15.471867,80.585136,-5.719019,-0.057357,0.930902,-0.105098,0.345090,-1.651266,127.294205,22.272242,0.629462,0.753985,0.146014,0.118168,10.964601,130.289688,32.803181,0.638188,0.730268,0.206299,0.129865,15.146811,107.386162,32.672199,0.465708,0.817960,0.331606,0.063996,18.795052,83.684341,30.901831,0.036873,0.954706,0.122397,0.268692,-10.729818,89.111206,11.620668,0.065868,0.960512,0.012037,0.270063,-10.890505,55.549885,2.824716,0.018201,0.956012,-0.098334,0.275753,-16.257370,11.238715,0.200070,-0.074212,0.954583,-0.083424,0.276232,3.641525,88.216476,21.763113,0.007875,0.984932,-0.139538,0.101866,6.958170,54.386372,28.711536,0.028889,0.872867,-0.095556,0.477637,4.993482,11.420983,40.929855,0.018201,0.956012,-0.098334,0.275753,-9.849629,3.012902,-9.726315,0.028889,0.872867,-0.095556,0.477637,15.123798,3.242867,34.785645
1063,8.858333,0.049037,0.950208,-0.070994,0.299433,-3.524391,88.662270,16.684437,0.019752,0.923911,0.119721,0.362856,-2.544432,95.775925,15.922228,-0.015921,0.921553,-0.044081,0.385413,-3.513028,114.431740,20.450174,0.056935,0.958954,-0.068589,0.269187,-3.429491,132.379333,18.764343,0.037082,0.989385,0.010453,0.140116,-0.539416,145.526535,15.897701,-0.041099,0.949227,0.010211,0.311730,-6.601447,126.838074,17.286297,-0.523819,0.638055,-0.284295,0.487520,-20.002825,125.641083,7.386602,-0.602135,0.588532,-0.262486,0.471344,-19.441166,103.623917,-0.163763,-0.696292,0.497068,-0.222262,0.467654,-15.366247,80.631073,-5.903453,-0.057553,0.930890,-0.104881,0.345155,-1.656656,127.283859,22.277174,0.629363,0.754119,0.146168,0.117654,10.956955,130.283142,32.809731,0.637957,0.730452,0.206411,0.129787,15.150621,107.381844,32.657585,0.466230,0.817569,0.331799,0.064193,18.814014,83.682571,30.884493,0.036943,0.954721,0.122309,0.268668,-10.709212,89.108521,11.611912,0.066009,0.960506,0.011954,0.270052,-10.876429,55.546074,2.820365,0.018273,0.956012,-0.098276,0.275769,-16.257469,11.236400,0.199544,-0.074188,0.954637,-0.083489,0.276034,3.660429,88.216011,21.756962,0.008049,0.984930,-0.139567,0.101833,6.975677,54.386402,28.708469,0.029057,0.872827,-0.095568,0.477699,4.995847,11.421975,40.927715,0.018273,0.956012,-0.098276,0.275769,-9.850100,3.011408,-9.727761,0.029057,0.872827,-0.095568,0.477699,15.124843,3.241655,34.784256
1064,8.866667,0.048908,0.950203,-0.070713,0.299536,-3.506458,88.659370,16.677471,0.019397,0.923796,0.120092,0.363046,-2.529381,95.773788,15.918647,-0.016024,0.921437,-0.044018,0.385694,-3.516730,114.426468,20.454363,0.056920,0.958660,-0.068461,0.270269,-3.436985,132.374161,18.769220,0.038119,0.989041,0.010624,0.142242,-0.543270,145.522186,15.910058,-0.041598,0.948798,0.011173,0.312932,-6.606579,126.832092,17.289087,-0.522208,0.637088,-0.284544,0.490359,-19.981476,125.630318,7.354221,-0.600440,0.587688,-0.262828,0.474358,-19.368999,103.641235,-0.273675,-0.695803,0.494827,-0.224154,0.469850,-15.254980,80.674873,-6.090981,-0.057538,0.930892,-0.104635,0.345227,-1.664883,127.279022,22.282925,0.629156,0.754281,0.146832,0.116889,10.947129,130.275269,32.818260,0.637771,0.730627,0.206391,0.129750,15.161244,107.378052,32.622086,0.466581,0.817352,0.331894,0.063916,18.836527,83.680443,30.851269,0.036965,0.954766,0.122224,0.268547,-10.690413,89.104828,11.603653,0.066125,0.960589,0.011835,0.269732,-10.861781,55.541039,2.817316,0.020786,0.955921,-0.097878,0.276051,-16.256407,11.232466,0.205704,-0.074166,0.954616,-0.083513,0.276104,3.677498,88.213913,21.751287,0.008266,0.984965,-0.139643,0.101373,6.990357,54.384361,28.704210,0.029103,0.872852,-0.095520,0.477659,4.996372,11.422152,40.928967,0.020786,0.955921,-0.097878,0.276051,-9.875443,2.999546,-9.732029,0.029103,0.872852,-0.095520,0.477659,15.124538,3.242270,34.783562
1065,8.875000,0.048697,0.950287,-0.070689,0.299311,-3.495989,88.654343,16.683933,0.019030,0.923749,0.120169,0.363161,-2.522086,95.769104,15.924269,-0.015774,0.921340,-0.044136,0.385921,-3.524313,114.425934,20.458523,0.056741,0.958419,-0.068262,0.271207,-3.434200,132.373535,18.772938,0.039050,0.988722,0.010752,0.144179,-0.542220,145.523575,15.921238,-0.042344,0.948369,0.012196,0.314092,-6.605953,126.833107,17.291304,-0.520199,0.636006,-0.285240,0.493485,-19.954473,125.619461,7.322465,-0.598721,0.586795,-0.263266,0.477384,-19.296289,103.658798,-0.383066,-0.694129,0.494436,-0.224605,0.472516,-15.142922,80.718430,-6.274487,-0.057537,0.930904,-0.104180,0.345332,-1.666620,127.277550,22.287699,0.629109,0.754497,0.147153,0.115332,10.942955,130.268890,32.827343,0.637496,0.730923,0.206306,0.129569,15.176681,107.375931,32.568542,0.466395,0.817523,0.331541,0.064908,18.871063,83.681236,30.798527,0.037013,0.954758,0.122445,0.268466,-10.682678,89.096733,11.613722,0.066153,0.960608,0.011813,0.269659,-10.853821,55.536949,2.812101,0.017515,0.956113,-0.098390,0.275428,-16.251577,11.228662,0.202159,-0.074190,0.954710,-0.083476,0.275784,3.690700,88.211960,21.754145,0.008439,0.984957,-0.139656,0.101413,7.008147,54.382229,28.704006,0.029084,0.872892,-0.095450,0.477602,4.998318,11.420599,40.928192,0.017515,0.956113,-0.098390,0.275428,-9.841891,3.006150,-9.725700,0.029084,0.872892,-0.095450,0.477602,15.126397,3.242343,34.780483
1066,8.883333,0.048316,0.950339,-0.070368,0.299281,-3.475392,88.645569,16.684511,0.018593,0.923707,0.120314,0.363242,-2.508090,95.761528,15.927534,-0.015897,0.921267,-0.043970,0.386110,-3.528495,114.421478,20.461618,0.056831,0.958148,-0.068293,0.272136,-3.444441,132.369461,18.779865,0.040055,0.988401,0.010902,0.146084,-0.545731,145.518799,15.931779,-0.042979,0.947836,0.013307,0.315568,-6.613545,126.828156,17.295828,-0.518510,0.634740,-0.285649,0.496645,-19.929209,125.607491,7.283998,-0.597029,0.585948,-0.263664,0.480315,-19.207001,103.675964,-0.498395,-0.692293,0.494212,-0.225000,0.475248,-15.015918,80.761375,-6.462982,-0.057494,0.931007,-0.103533,0.345256,-1.676321,127.273392,22.294237,0.629163,0.754862,0.146903,0.112948,10.935185,130.255859,32.834087,0.637256,0.731475,0.205523,0.128876,15.191093,107.367966,32.500427,0.467015,0.817555,0.330445,0.065630,18.908825,83.676514,30.735863,0.037109,0.954750,0.122540,0.268438,-10.663052,89.083366,11.615274,0.066278,0.960513,0.011590,0.269976,-10.839024,55.525696,2.805717,0.020039,0.956048,-0.097843,0.275675,-16.252058,11.218429,0.210143,-0.074132,0.954775,-0.083546,0.275553,3.712268,88.207779,21.753748,0.008652,0.984963,-0.139648,0.101344,7.026236,54.378258,28.706345,0.031262,0.872661,-0.093509,0.478270,4.998569,11.416766,40.928082,0.020039,0.956048,-0.097843,0.275675,-9.869017,2.991270,-9.731027,0.031262,0.872661,-0.093509,0.478270,15.123460,3.253117,34.755749
1067,8.891667,0.047887,0.950274,-0.070741,0.299469,-3.462304,88.650932,16.699574,0.018150,0.923610,0.120135,0.363569,-2.499134,95.766724,15.935822,-0.016559,0.921080,-0.043208,0.386614,-3.533386,114.411308,20.452879,0.057613,0.957755,-0.068117,0.273398,-3.481020,132.360916,18.787189,0.041051,0.988065,0.010773,0.148072,-0.557719,145.508148,15.954566,-0.043203,0.947302,0.014416,0.317087,-6.638352,126.815056,17.295080,-0.517786,0.633636,-0.285078,0.499133,-19.921249,125.600471,7.239085,-0.595551,0.585271,-0.264039,0.482764,-19.118656,103.697144,-0.614555,-0.689883,0.494186,-0.225370,0.478592,-14.898925,80.803848,-6.640419,-0.057035,0.931254,-0.102754,0.344899,-1.706910,127.265015,22.298771,0.629044,0.755219,0.147002,0.111076,10.914579,130.223465,32.833439,0.637067,0.731812,0.205303,0.128251,15.196985,107.341576,32.433735,0.466310,0.818237,0.329519,0.066787,18.934044,83.654015,30.657867,0.037207,0.954674,0.122819,0.268569,-10.648706,89.079300,11.627749,0.066410,0.960500,0.011480,0.269995,-10.824616,55.526890,2.798157,0.020246,0.956030,-0.097887,0.275710,-16.251522,11.220959,0.208749,-0.074251,0.954834,-0.083020,0.275474,3.724098,88.222572,21.771399,0.008444,0.985011,-0.139374,0.101278,7.056759,54.388206,28.691357,0.031316,0.872769,-0.094244,0.477924,5.050697,11.419546,40.891438,0.020246,0.956030,-0.097887,0.275710,-9.870744,2.991413,-9.731896,0.031316,0.872769,-0.094244,0.477924,15.164007,3.239904,34.721302
1068,8.900000,0.047710,0.950248,-0.070634,0.299605,-3.448676,88.645210,16.700142,0.017754,0.923546,0.120319,0.363689,-2.488273,95.761459,15.937218,-0.016717,0.921010,-0.043031,0.386794,-3.539805,114.405716,20.455275,0.057888,0.957467,-0.067887,0.274404,-3.494823,132.355682,18.793259,0.041962,0.987734,0.010756,0.150019,-0.561528,145.503265,15.972662,-0.043705,0.946744,0.015475,0.318633,-6.649140,126.808723,17.298866,-0.516707,0.632504,-0.284857,0.501807,-19.897753,125.591087,7.198109,-0.594041,0.584490,-0.264149,0.485502,-19.022524,103.716530,-0.727622,-0.687879,0.494004,-0.225953,0.481381,-14.761689,80.850700,-6.828350,-0.056712,0.931382,-0.101963,0.344839,-1.719727,127.259850,22.304453,0.628925,0.755328,0.147877,0.109841,10.904369,130.199188,32.841347,0.636619,0.732291,0.205375,0.127625,15.206462,107.322273,32.373940,0.465947,0.818538,0.329441,0.066015,18.978682,83.641556,30.581192,0.037288,0.954621,0.122900,0.268707,-10.633941,89.070984,11.626488,0.066524,0.960483,0.011338,0.270034,-10.812359,55.520374,2.790122,0.020198,0.956054,-0.097780,0.275667,-16.252310,11.215502,0.209878,-0.073989,0.954851,-0.083316,0.275397,3.736589,88.219429,21.773798,0.008871,0.984960,-0.139648,0.101362,7.046737,54.385769,28.708004,0.028706,0.872880,-0.096113,0.477513,4.999545,11.424622,40.927708,0.020198,0.956054,-0.097780,0.275667,-9.871346,2.988696,-9.732919,0.028706,0.872880,-0.096113,0.477513,15.126124,3.237133,34.789825
1069,8.908333,0.047370,0.950125,-0.070816,0.300007,-3.439202,88.646606,16.710470,0.017534,0.923394,0.120479,0.364035,-2.482358,95.762947,15.943978,-0.017253,0.920825,-0.042943,0.387220,-3.544920,114.393143,20.461016,0.058213,0.957105,-0.067865,0.275601,-3.518171,132.342712,18.794481,0.042860,0.987385,0.010832,0.152044,-0.571288,145.488953,15.981761,-0.044011,0.946209,0.016667,0.320115,-6.665087,126.791931,17.298727,-0.515734,0.631419,-0.284518,0.504359,-19.881189,125.578926,7.154909,-0.592831,0.583748,-0.264159,0.487862,-18.933157,103.733170,-0.841572,-0.686320,0.493803,-0.226260,0.483663,-14.630879,80.892273,-7.006299,-0.056420,0.931552,-0.100877,0.344748,-1.740571,127.249733,22.308527,0.628545,0.755593,0.149182,0.108425,10.886736,130.167480,32.847576,0.636197,0.732663,0.205666,0.127116,15.225488,107.299362,32.296135,0.465701,0.818777,0.329212,0.065927,19.029715,83.625320,30.483002,0.037297,0.954577,0.123058,0.268792,-10.620795,89.065117,11.631015,0.066837,0.960404,0.011213,0.270244,-10.796069,55.517231,2.784221,0.019016,0.955998,-0.098334,0.275747,-16.265289,11.215848,0.206014,-0.073956,0.954849,-0.083057,0.275490,3.742392,88.228088,21.789927,0.009013,0.984993,-0.139663,0.101008,7.054758,54.391098,28.706795,0.029341,0.872841,-0.095772,0.477614,4.999386,11.430532,40.927170,0.019016,0.955998,-0.098334,0.275747,-9.868820,2.984475,-9.723034,0.029341,0.872841,-0.095772,0.477614,15.121886,3.242600,34.783138
1070,8.916667,0.047235,0.950065,-0.070641,0.300259,-3.424509,88.643227,16.703997,0.017102,0.923247,0.120910,0.364284,-2.470058,95.760117,15.939544,-0.017407,0.920688,-0.042881,0.387546,-3.555042,114.384422,20.464731,0.058881,0.956789,-0.067183,0.276722,-3.533696,132.334000,18.798098,0.043228,0.987102,0.010649,0.153776,-0.569485,145.482117,16.012474,-0.044400,0.945680,0.017613,0.321569,-6.677545,126.782059,17.300201,-0.514766,0.630079,-0.284093,0.507255,-19.861301,125.568497,7.114461,-0.591461,0.583108,-0.264380,0.490165,-18.823294,103.754982,-0.958495,-0.685119,0.492942,-0.226484,0.486132,-14.490758,80.936287,-7.183916,-0.056099,0.931681,-0.099993,0.344709,-1.756672,127.241684,22.313408,0.628553,0.755817,0.149634,0.106169,10.872739,130.139374,32.855461,0.635757,0.733268,0.205561,0.126000,15.233542,107.277847,32.212456,0.466036,0.818779,0.328753,0.065828,19.078291,83.612526,30.371222,0.037304,0.954553,0.122969,0.268917,-10.603659,89.060043,11.620955,0.066913,0.960462,0.011134,0.270020,-10.779917,55.510681,2.779800,0.019830,0.956014,-0.097805,0.275824,-16.258154,11.210054,0.207843,-0.073949,0.954792,-0.083162,0.275659,3.754641,88.226410,21.787039,0.009039,0.984971,-0.139599,0.101304,7.063306,54.390579,28.711336,0.029356,0.872871,-0.095746,0.477565,5.002494,11.428481,40.925400,0.019830,0.956014,-0.097805,0.275824,-9.868800,2.985219,-9.731192,0.029356,0.872871,-0.095746,0.477565,15.124244,3.240891,34.779694
1071,8.925000,0.047010,0.950008,-0.070208,0.300576,-3.402101,88.636887,16.691858,0.016104,0.923114,0.121516,0.364465,-2.452328,95.754967,15.932657,-0.016233,0.920664,-0.042808,0.387662,-3.583279,114.394173,20.469566,0.058281,0.956635,-0.067874,0.277211,-3.523797,132.345398,18.821745,0.044031,0.986815,0.011007,0.155361,-0.567890,145.491074,16.015882,-0.045904,0.944935,0.018706,0.323481,-6.678769,126.801636,17.316996,-0.513987,0.629654,-0.283090,0.509130,-19.816797,125.554642,7.076340,-0.590821,0.582420,-0.263837,0.492044,-18.727337,103.773140,-1.075876,-0.683646,0.493134,-0.225906,0.488276,-14.342427,80.980904,-7.361290,-0.055913,0.931828,-0.099255,0.344557,-1.758604,127.245697,22.332302,0.628802,0.755930,0.150022,0.103302,10.875013,130.128860,32.873310,0.635305,0.733829,0.205702,0.124778,15.249220,107.273361,32.116856,0.465520,0.819125,0.328465,0.066601,19.136328,83.618073,30.236042,0.037490,0.954496,0.122769,0.269184,-10.578270,89.051796,11.604451,0.067059,0.960411,0.011018,0.270172,-10.768164,55.499985,2.772874,0.019881,0.956011,-0.097542,0.275923,-16.261295,11.200875,0.206487,-0.073840,0.954732,-0.083189,0.275888,3.774069,88.221977,21.779266,0.009212,0.984996,-0.139729,0.100867,7.073320,54.385330,28.704065,0.029359,0.872877,-0.095731,0.477555,5.001527,11.426756,40.928658,0.019881,0.956011,-0.097542,0.275923,-9.869278,2.981707,-9.735526,0.029359,0.872877,-0.095731,0.477555,15.123202,3.239424,34.782475
1072,8.933333,0.046964,0.949882,-0.069800,0.301076,-3.383525,88.636803,16.678360,0.015588,0.922867,0.122070,0.364927,-2.435740,95.755768,15.925023,-0.016196,0.920450,-0.042705,0.388184,-3.594756,114.385483,20.472277,0.058753,0.956324,-0.067252,0.278332,-3.534536,132.337082,18.828415,0.044252,0.986552,0.010896,0.156966,-0.565963,145.485016,16.046618,-0.046370,0.944377,0.019853,0.324973,-6.687466,126.793434,17.318913,-0.512658,0.627442,-0.283729,0.512832,-19.791746,125.545990,7.035168,-0.589854,0.581916,-0.263747,0.493845,-18.589687,103.792213,-1.175045,-0.681791,0.495387,-0.222620,0.490095,-14.174284,81.020630,-7.513739,-0.055773,0.931923,-0.098236,0.344614,-1.772980,127.236725,22.339851,0.628755,0.756059,0.150888,0.101367,10.859826,130.104156,32.886116,0.634834,0.734322,0.206321,0.123244,15.255198,107.255981,32.037117,0.464583,0.819577,0.328839,0.065740,19.189400,83.613770,30.090889,0.037491,0.954507,0.122471,0.269280,-10.554468,89.052376,11.583641,0.067262,0.960495,0.010997,0.269824,-10.749217,55.495499,2.771430,0.019587,0.956023,-0.097540,0.275904,-16.261139,11.198792,0.203913,-0.073802,0.954694,-0.083328,0.275986,3.787417,88.221230,21.773079,0.009296,0.984997,-0.139707,0.100875,7.080763,54.385792,28.706615,0.029505,0.872865,-0.095667,0.477582,5.001725,11.426812,40.928539,0.019587,0.956023,-0.097540,0.275904,-9.865525,2.981652,-9.737462,0.029505,0.872865,-0.095667,0.477582,15.122405,3.239077,34.781258
1073,8.941667,0.046921,0.949750,-0.069384,0.301596,-3.365546,88.636681,16.664557,0.015513,0.922616,0.122989,0.365259,-2.419720,95.756531,15.917217,-0.016827,0.920259,-0.042940,0.388584,-3.595026,114.362122,20.491152,0.058879,0.956035,-0.066811,0.279403,-3.551742,132.312241,18.830698,0.044844,0.986258,0.011033,0.158627,-0.578363,145.462601,16.065519,-0.046528,0.943807,0.021131,0.326523,-6.697747,126.763977,17.323696,-0.512227,0.626532,-0.282810,0.514879,-19.767780,125.527405,6.995159,-0.589371,0.581105,-0.262890,0.495829,-18.488316,103.802910,-1.280646,-0.681150,0.494745,-0.221934,0.491942,-14.005825,81.063080,-7.685932,-0.055720,0.931965,-0.097385,0.344750,-1.787929,127.216934,22.348335,0.628412,0.756362,0.152186,0.099266,10.841937,130.073456,32.901077,0.634373,0.734564,0.207628,0.121970,15.277020,107.237221,31.943972,0.463033,0.820192,0.329294,0.066715,19.254377,83.608856,29.918835,0.037451,0.954503,0.122204,0.269423,-10.531039,89.053001,11.562240,0.067485,0.960551,0.010879,0.269572,-10.726896,55.491386,2.768113,0.018862,0.956080,-0.097937,0.275613,-16.261330,11.197126,0.206816,-0.073785,0.954663,-0.083476,0.276056,3.799948,88.220360,21.766870,0.009284,0.984933,-0.139642,0.101597,7.088738,54.386459,28.710073,0.029471,0.872828,-0.095702,0.477644,5.002388,11.425829,40.924927,0.018862,0.956080,-0.097937,0.275613,-9.863971,2.975812,-9.729982,0.029471,0.872828,-0.095702,0.477644,15.124184,3.237826,34.779850
1074,8.950000,0.046688,0.949800,-0.069617,0.301421,-3.362074,88.626541,16.676189,0.015804,0.922522,0.123582,0.365281,-2.418582,95.746246,15.924472,-0.017483,0.920156,-0.043256,0.388764,-3.591445,114.336380,20.520704,0.059009,0.955799,-0.066124,0.280346,-3.565139,132.284698,18.840631,0.045149,0.986003,0.010920,0.160124,-0.589232,145.439178,16.097866,-0.046548,0.943194,0.022060,0.328226,-6.705156,126.731720,17.338552,-0.511723,0.625551,-0.281644,0.517206,-19.737881,125.506844,6.961592,-0.587850,0.580030,-0.262954,0.498851,-18.370611,103.817841,-1.392906,-0.680691,0.491364,-0.225384,0.494392,-13.829695,81.111191,-7.874270,-0.055512,0.931890,-0.097209,0.345037,-1.797623,127.194992,22.364485,0.628253,0.756485,0.153476,0.097328,10.826418,130.043793,32.926281,0.633850,0.734889,0.208956,0.120461,15.288525,107.217445,31.864838,0.462071,0.820190,0.330838,0.065771,19.315413,83.605064,29.753059,0.037550,0.954367,0.122466,0.269769,-10.529815,89.037971,11.576632,0.067561,0.960460,0.010792,0.269879,-10.724054,55.481327,2.763533,0.018968,0.956057,-0.097657,0.275788,-16.266294,11.187813,0.206148,-0.073741,0.954610,-0.083363,0.276282,3.805666,88.215103,21.775745,0.009663,0.985144,-0.139789,0.099283,7.092141,54.379456,28.711498,0.029439,0.872984,-0.095528,0.477397,4.999784,11.423153,40.940540,0.018968,0.956057,-0.097657,0.275788,-9.865308,2.972191,-9.733023,0.029439,0.872984,-0.095528,0.477397,15.119542,3.238959,34.787037
1075,8.958333,0.046892,0.949633,-0.069848,0.301858,-3.357045,88.631432,16.670700,0.015518,0.922232,0.124192,0.365820,-2.409418,95.750397,15.917160,-0.017336,0.919899,-0.043394,0.389362,-3.603353,114.329887,20.528654,0.059010,0.955535,-0.065901,0.281297,-3.569159,132.277969,18.846109,0.045330,0.985766,0.011229,0.161506,-0.590647,145.433853,16.112963,-0.047196,0.942690,0.023175,0.329502,-6.708949,126.725754,17.340670,-0.511074,0.624496,-0.281029,0.519452,-19.711605,125.494476,6.926811,-0.588139,0.579211,-0.261894,0.500019,-18.266808,103.834900,-1.490715,-0.679793,0.492933,-0.221909,0.495636,-13.653474,81.154099,-8.011298,-0.055122,0.931893,-0.096404,0.345316,-1.807897,127.188179,22.372999,0.628337,0.756372,0.154702,0.095721,10.811149,130.016479,32.946266,0.633337,0.735290,0.210232,0.118476,15.282838,107.196548,31.791258,0.461834,0.819891,0.332315,0.063671,19.363808,83.602760,29.577881,0.037519,0.954269,0.122308,0.270193,-10.519797,89.044373,11.564263,0.067609,0.960436,0.010745,0.269957,-10.711089,55.484879,2.761973,0.019862,0.956056,-0.097412,0.275813,-16.258400,11.191863,0.206998,-0.073837,0.954560,-0.083335,0.276440,3.805708,88.218491,21.777136,0.009354,0.984926,-0.139604,0.101702,7.097913,54.383499,28.713385,0.029470,0.872868,-0.095632,0.477584,5.004427,11.422023,40.924080,0.019862,0.956056,-0.097412,0.275813,-9.867993,2.975737,-9.738559,0.029470,0.872868,-0.095632,0.477584,15.125853,3.235418,34.776527
1076,8.966667,0.046817,0.949537,-0.069768,0.302191,-3.346684,88.626778,16.666832,0.013910,0.921956,0.123174,0.366921,-2.400164,95.746002,15.914395,-0.015331,0.919490,-0.041895,0.390575,-3.644899,114.379539,20.477032,0.058982,0.955224,-0.067016,0.282095,-3.563169,132.334579,18.872280,0.045303,0.985560,0.011916,0.162721,-0.573725,145.482697,16.113779,-0.048918,0.942175,0.023252,0.330716,-6.712220,126.796516,17.334455,-0.510311,0.622909,-0.281149,0.522037,-19.682568,125.513649,6.886579,-0.587070,0.578200,-0.261593,0.502595,-18.148714,103.877243,-1.574687,-0.678733,0.491835,-0.220760,0.498682,-13.471540,81.229568,-8.164580,-0.053786,0.932156,-0.095524,0.345062,-1.823565,127.225372,22.381796,0.628748,0.756601,0.153900,0.092446,10.806193,130.001587,32.956089,0.632848,0.735758,0.211502,0.115891,15.282507,107.187508,31.707233,0.459335,0.820456,0.334365,0.063751,19.422329,83.615807,29.371351,0.037655,0.954097,0.122163,0.270845,-10.506026,89.038414,11.555503,0.067718,0.960540,0.010725,0.269561,-10.703014,55.477173,2.759989,0.018832,0.956082,-0.097743,0.275680,-16.261147,11.185431,0.206443,-0.073858,0.954458,-0.083308,0.276792,3.812660,88.215141,21.778158,0.009416,0.984930,-0.139603,0.101665,7.104200,54.380058,28.714264,0.029445,0.872887,-0.095618,0.477555,5.005651,11.418682,40.924423,0.018832,0.956082,-0.097743,0.275680,-9.861067,2.968739,-9.732429,0.029445,0.872887,-0.095618,0.477555,15.127069,3.232648,34.776085
1077,8.975000,0.046482,0.949506,-0.069540,0.302393,-3.331450,88.619560,16.668169,0.013159,0.921775,0.123353,0.367344,-2.390337,95.739700,15.917563,-0.014950,0.919280,-0.041690,0.391105,-3.666453,114.373795,20.475679,0.058801,0.954994,-0.067342,0.282831,-3.574104,132.329865,18.883133,0.045583,0.985328,0.012476,0.164000,-0.583655,145.476349,16.117958,-0.049051,0.941710,0.023793,0.331980,-6.724058,126.794388,17.337904,-0.510301,0.621920,-0.279924,0.523882,-19.665983,125.515068,6.854409,-0.587133,0.577249,-0.260436,0.504214,-18.042782,103.908218,-1.665489,-0.678976,0.490753,-0.220199,0.499666,-13.283716,81.293358,-8.309217,-0.053489,0.932269,-0.094610,0.345055,-1.841081,127.217445,22.391228,0.628376,0.756520,0.156238,0.091715,10.789922,129.974045,32.969162,0.632336,0.735679,0.214108,0.114395,15.294281,107.170692,31.628469,0.458020,0.820245,0.336912,0.062507,19.481880,83.620399,29.165169,0.037636,0.954253,0.122324,0.270226,-10.489195,89.026535,11.554232,0.067884,0.960478,0.010536,0.269746,-10.687600,55.467926,2.748695,0.018754,0.956081,-0.097581,0.275744,-16.263964,11.177832,0.206261,-0.073777,0.954413,-0.083348,0.276958,3.826294,88.212585,21.782106,0.009543,0.984972,-0.139585,0.101269,7.110527,54.377129,28.719879,0.028749,0.872989,-0.095768,0.477380,5.005920,11.415500,40.928131,0.018754,0.956081,-0.097581,0.275744,-9.860681,2.965382,-9.734054,0.028749,0.872989,-0.095768,0.477380,15.132538,3.234541,34.781605
1078,8.983333,0.046445,0.949413,-0.069611,0.302674,-3.323915,88.617172,16.665924,0.012776,0.921565,0.123588,0.367805,-2.382778,95.737213,15.914467,-0.014797,0.919055,-0.041581,0.391651,-3.677990,114.368675,20.474533,0.059012,0.954738,-0.067070,0.283717,-3.581140,132.325241,18.887800,0.045437,0.985122,0.012925,0.165238,-0.583347,145.472641,16.134907,-0.049286,0.941224,0.024467,0.333271,-6.730059,126.790703,17.337070,-0.509605,0.620730,-0.279442,0.526222,-19.642523,125.513313,6.817076,-0.586521,0.575638,-0.260446,0.506757,-17.937929,103.936134,-1.761930,-0.678115,0.488824,-0.220137,0.502743,-13.089767,81.351624,-8.444352,-0.053268,0.932197,-0.093948,0.345463,-1.853030,127.211464,22.396328,0.628253,0.756692,0.157008,0.089801,10.769341,129.954712,32.988033,0.631910,0.735846,0.216105,0.111890,15.297084,107.161354,31.558979,0.457500,0.819503,0.339776,0.060509,19.537840,83.636093,28.951683,0.037681,0.954164,0.122270,0.270557,-10.478718,89.022728,11.547758,0.067936,0.960486,0.010469,0.269707,-10.678066,55.463432,2.744853,0.018826,0.956099,-0.097480,0.275713,-16.260672,11.173860,0.207157,-0.073772,0.954323,-0.083256,0.277297,3.830888,88.211617,21.784088,0.009563,0.984953,-0.139600,0.101430,7.114141,54.375034,28.716854,0.028789,0.872972,-0.095672,0.477429,5.005637,11.413815,40.925861,0.018826,0.956099,-0.097480,0.275713,-9.858614,2.963203,-9.735430,0.028789,0.872972,-0.095672,0.477429,15.133196,3.234379,34.778858
1079,8.991667,0.046315,0.949326,-0.069564,0.302980,-3.315633,88.614685,16.659933,0.012956,0.921322,0.123738,0.368358,-2.376245,95.734993,15.908840,-0.016134,0.918707,-0.041148,0.392458,-3.668127,114.338135,20.469313,0.060014,0.954377,-0.066338,0.284888,-3.620311,132.294510,18.878086,0.045301,0.984951,0.013313,0.166257,-0.597046,145.442612,16.156580,-0.048382,0.940810,0.025472,0.334495,-6.750769,126.750542,17.323654,-0.509520,0.619054,-0.279233,0.528385,-19.638876,125.514496,6.768912,-0.586217,0.574238,-0.259776,0.509036,-17.832090,103.956543,-1.837456,-0.678216,0.486613,-0.219065,0.505214,-12.889759,81.407776,-8.571412,-0.052866,0.932030,-0.093559,0.346082,-1.883238,127.186607,22.390753,0.627745,0.757131,0.157843,0.088177,10.726261,129.914490,33.001732,0.631390,0.735880,0.218902,0.109131,15.297169,107.134651,31.496576,0.456077,0.819089,0.342839,0.059568,19.598827,83.640739,28.712320,0.037725,0.954062,0.122243,0.270923,-10.467391,89.017853,11.537328,0.068029,0.960411,0.010313,0.269956,-10.666767,55.458336,2.735307,0.018633,0.956114,-0.097392,0.275705,-16.260410,11.169598,0.207366,-0.073787,0.954257,-0.083261,0.277520,3.836125,88.211510,21.782537,0.009535,0.984908,-0.139626,0.101836,7.118642,54.375149,28.716698,0.029399,0.872935,-0.095576,0.477479,5.007344,11.414534,40.927345,0.018633,0.956114,-0.097392,0.275705,-9.855518,2.962257,-9.736131,0.029399,0.872935,-0.095576,0.477479,15.128506,3.229875,34.776760
1080,9.000000,0.046423,0.949231,-0.069674,0.303234,-3.323528,88.616753,16.656061,0.012775,0.921168,0.124063,0.368639,-2.381973,95.736702,15.904204,-0.015857,0.918588,-0.041186,0.392745,-3.685904,114.331482,20.471725,0.060460,0.954180,-0.065627,0.285619,-3.627870,132.288055,18.883196,0.044911,0.984792,0.013674,0.167277,-0.595232,145.439087,16.186380,-0.048390,0.940333,0.025949,0.335796,-6.760164,126.745926,17.325926,-0.509185,0.617939,-0.278780,0.530249,-19.619114,125.516853,6.734869,-0.586097,0.572530,-0.258765,0.511607,-17.736319,103.981934,-1.912783,-0.678029,0.484676,-0.218394,0.507611,-12.674541,81.477386,-8.705699,-0.052346,0.931916,-0.092961,0.346628,-1.895675,127.178749,22.396223,0.627832,0.757181,0.158379,0.086140,10.703020,129.884995,33.025558,0.630804,0.736271,0.220701,0.106218,15.285376,107.113441,31.432476,0.455784,0.818218,0.345818,0.056483,19.652775,83.649887,28.498693,0.037817,0.953535,0.121921,0.272903,-10.472391,89.020767,11.529486,0.068078,0.960513,0.010449,0.269576,-10.665772,55.456268,2.746324,0.018733,0.956100,-0.097339,0.275768,-16.261288,11.168376,0.207671,-0.073990,0.954189,-0.083224,0.277710,3.825336,88.212738,21.782639,0.009549,0.984907,-0.139574,0.101916,7.120591,54.378033,28.718859,0.029344,0.872904,-0.095672,0.477519,5.007508,11.416152,40.924740,0.018733,0.956100,-0.097339,0.275768,-9.856142,2.961577,-9.736111,0.029344,0.872904,-0.095672,0.477519,15.129277,3.230201,34.776875
1081,9.008333,0.046347,0.949144,-0.069795,0.303491,-3.314361,88.613762,16.653498,0.012567,0.920883,0.124270,0.369287,-2.373122,95.733566,15.899895,-0.016379,0.918204,-0.041320,0.393607,-3.690080,114.320137,20.469162,0.060985,0.953875,-0.064884,0.286693,-3.645917,132.275711,18.868851,0.044612,0.984633,0.014273,0.168238,-0.600649,145.429443,16.199644,-0.048210,0.939803,0.027071,0.337215,-6.770140,126.729622,17.309471,-0.508766,0.616358,-0.279093,0.532322,-19.597759,125.520920,6.678160,-0.585869,0.570871,-0.258370,0.513915,-17.632250,104.000839,-1.988013,-0.678407,0.482136,-0.217690,0.509824,-12.469496,81.530312,-8.817437,-0.051854,0.931779,-0.092416,0.347214,-1.915435,127.170349,22.388454,0.627117,0.757282,0.160879,0.085832,10.671358,129.856567,33.036949,0.630621,0.735772,0.223838,0.104181,15.297970,107.099571,31.365696,0.452944,0.818367,0.349621,0.053674,19.697083,83.663528,28.264111,0.037815,0.953534,0.121876,0.272926,-10.460605,89.015457,11.523088,0.068153,0.960558,0.010387,0.269398,-10.654511,55.450203,2.742862,0.018729,0.956136,-0.097227,0.275682,-16.258402,11.163100,0.208846,-0.073964,0.954149,-0.083178,0.277869,3.831883,88.212059,21.783907,0.009621,0.984930,-0.139608,0.101633,7.125129,54.376549,28.717119,0.028862,0.873002,-0.095799,0.477344,5.008918,11.415643,40.925877,0.018729,0.956136,-0.097227,0.275682,-9.854618,2.958863,-9.737924,0.028862,0.873002,-0.095799,0.477344,15.133291,3.232680,34.778332
1082,9.016667,0.046360,0.949064,-0.069866,0.303721,-3.307828,88.611992,16.649208,0.012179,0.920693,0.124565,0.369676,-2.365921,95.731636,15.894927,-0.015818,0.918040,-0.041086,0.394035,-3.702058,114.306732,20.466160,0.060910,0.953742,-0.064754,0.287182,-3.641946,132.263657,18.881550,0.044205,0.984519,0.014977,0.168950,-0.597460,145.418549,16.217110,-0.048110,0.939363,0.027420,0.338425,-6.769135,126.721428,17.314356,-0.508116,0.615157,-0.279080,0.534335,-19.569767,125.521614,6.649563,-0.585587,0.568909,-0.257724,0.516728,-17.535051,104.022766,-2.053261,-0.678532,0.479259,-0.217442,0.512468,-12.248721,81.596313,-8.932852,-0.051971,0.931564,-0.092665,0.347708,-1.918921,127.153839,22.398346,0.627086,0.757502,0.161087,0.083692,10.656002,129.847733,33.058918,0.629972,0.736178,0.225858,0.100822,15.301296,107.100586,31.307230,0.453947,0.816462,0.353314,0.049921,19.772839,83.701553,28.034506,0.037755,0.953417,0.121921,0.273324,-10.451593,89.013184,11.515309,0.068468,0.960501,0.010222,0.269527,-10.637009,55.448364,2.733187,0.018674,0.956031,-0.097257,0.276039,-16.271494,11.164820,0.204918,-0.074006,0.954170,-0.083205,0.277776,3.835937,88.210800,21.783106,0.009726,0.984940,-0.139606,0.101531,7.132110,54.376038,28.718584,0.028809,0.873027,-0.095813,0.477299,5.007945,11.415258,40.926414,0.018674,0.956031,-0.097257,0.276039,-9.859179,2.960354,-9.736162,0.028809,0.873027,-0.095813,0.477299,15.132204,3.232615,34.778252
1083,9.025000,0.046565,0.948949,-0.070058,0.304006,-3.303252,88.613144,16.640516,0.011882,0.920367,0.124589,0.370488,-2.357482,95.732117,15.884809,-0.015783,0.917621,-0.040879,0.395034,-3.708973,114.313759,20.453119,0.061015,0.953474,-0.064566,0.288090,-3.648922,132.271332,18.875916,0.043897,0.984373,0.015865,0.169795,-0.599231,145.426910,16.220947,-0.048265,0.938995,0.027781,0.339392,-6.771642,126.729141,17.299725,-0.507213,0.614171,-0.279082,0.536322,-19.549879,125.530052,6.608023,-0.585829,0.566707,-0.257251,0.519104,-17.458769,104.054474,-2.138765,-0.678456,0.477372,-0.216300,0.514808,-12.040419,81.665817,-9.038704,-0.051163,0.931471,-0.092247,0.348187,-1.932508,127.160416,22.394356,0.627095,0.757627,0.161265,0.082141,10.634064,129.825623,33.071976,0.629599,0.736018,0.228892,0.097422,15.290812,107.085480,31.260756,0.453206,0.814914,0.358231,0.046797,19.817390,83.727219,27.779087,0.037777,0.953321,0.121707,0.273751,-10.443627,89.016281,11.502055,0.068560,0.960409,0.010213,0.269834,-10.630691,55.447971,2.733355,0.018656,0.955994,-0.097340,0.276137,-16.272467,11.165539,0.201932,-0.073978,0.954095,-0.083204,0.278041,3.837124,88.209999,21.778980,0.009630,0.984908,-0.139597,0.101865,7.129546,54.374947,28.714806,0.028751,0.872981,-0.095884,0.477372,5.009759,11.413771,40.921993,0.018656,0.955994,-0.097340,0.276137,-9.858111,2.959336,-9.736403,0.028751,0.872981,-0.095884,0.477372,15.135342,3.230392,34.776989
1084,9.033333,0.046543,0.948875,-0.070114,0.304227,-3.294875,88.611641,16.636038,0.011695,0.920152,0.125036,0.370877,-2.348984,95.730537,15.879703,-0.016033,0.917388,-0.041093,0.395543,-3.714108,114.290771,20.456007,0.061640,0.953256,-0.063924,0.288821,-3.658376,132.247421,18.868212,0.043283,0.984277,0.016642,0.170435,-0.594324,145.404587,16.237661,-0.047967,0.938418,0.028894,0.340933,-6.777483,126.703247,17.291862,-0.506698,0.612990,-0.279600,0.537888,-19.521656,125.528526,6.556880,-0.586201,0.564384,-0.255630,0.522009,-17.376535,104.062210,-2.199574,-0.678157,0.476706,-0.215415,0.516189,-11.791813,81.733688,-9.161472,-0.051012,0.931255,-0.092078,0.348831,-1.944124,127.139191,22.391579,0.627313,0.758102,0.159624,0.079248,10.607988,129.799347,33.087452,0.629131,0.736472,0.230651,0.092761,15.273733,107.065414,31.222212,0.452147,0.814126,0.361788,0.043262,19.871290,83.753479,27.529520,0.037818,0.953259,0.121646,0.273987,-10.432920,89.013794,11.494258,0.068631,0.960462,0.010157,0.269628,-10.621735,55.444672,2.728724,0.018531,0.955994,-0.097299,0.276160,-16.271437,11.163002,0.201561,-0.074017,0.954039,-0.083210,0.278222,3.843169,88.209480,21.777817,0.009760,0.984937,-0.139620,0.101542,7.136715,54.374893,28.715403,0.028533,0.873024,-0.095951,0.477293,5.009261,11.414525,40.924126,0.018531,0.955994,-0.097299,0.276160,-9.854690,2.958601,-9.736717,0.028533,0.873024,-0.095951,0.477293,15.135950,3.232299,34.779404
1085,9.041667,0.046526,0.948811,-0.070195,0.304412,-3.288543,88.610641,16.631712,0.010616,0.920026,0.125022,0.371227,-2.342386,95.729401,15.874377,-0.013245,0.917379,-0.040745,0.395702,-3.750588,114.336357,20.445610,0.060545,0.953261,-0.065177,0.288756,-3.607376,132.296982,18.909027,0.042568,0.984146,0.017999,0.171231,-0.562275,145.450287,16.237566,-0.049837,0.937921,0.028404,0.342072,-6.752373,126.772438,17.315294,-0.504771,0.611529,-0.280969,0.540644,-19.464455,125.535408,6.549312,-0.585161,0.562426,-0.256416,0.524894,-17.271748,104.088127,-2.241930,-0.678022,0.473431,-0.214823,0.519616,-11.600315,81.787590,-9.223402,-0.050673,0.931156,-0.092131,0.349132,-1.919638,127.170517,22.418694,0.627822,0.757723,0.160200,0.077664,10.626599,129.821518,33.123730,0.628830,0.736372,0.233189,0.089174,15.274169,107.090393,31.180578,0.452405,0.812386,0.365829,0.039092,19.921268,83.820992,27.287022,0.037755,0.953347,0.121695,0.273668,-10.424632,89.011795,11.487145,0.068653,0.960484,0.010014,0.269550,-10.611238,55.443161,2.719657,0.018703,0.956017,-0.097224,0.276095,-16.266464,11.161500,0.204735,-0.074047,0.953956,-0.083212,0.278495,3.847545,88.209496,21.776278,0.009781,0.984918,-0.139643,0.101690,7.141076,54.375237,28.715504,0.028746,0.872975,-0.095834,0.477392,5.009754,11.415473,40.925667,0.018703,0.956017,-0.097224,0.276095,-9.853170,2.957612,-9.736193,0.028746,0.872975,-0.095834,0.477392,15.136090,3.233187,34.780453
1086,9.050000,0.046472,0.948741,-0.070215,0.304632,-3.278978,88.608162,16.623926,0.011750,0.919786,0.126227,0.371379,-2.333299,95.726952,15.866296,-0.016299,0.917084,-0.041723,0.396169,-3.714461,114.254425,20.478571,0.061543,0.952991,-0.063184,0.289876,-3.657430,132.208878,18.866232,0.042550,0.984029,0.018640,0.171842,-0.596907,145.371353,16.258236,-0.047498,0.937557,0.029845,0.343279,-6.774065,126.662399,17.293159,-0.504680,0.609350,-0.281720,0.542794,-19.466110,125.516914,6.493467,-0.584994,0.560218,-0.255653,0.527806,-17.169186,104.076340,-2.287473,-0.678440,0.470124,-0.213440,0.522634,-11.359763,81.825912,-9.315196,-0.050805,0.930749,-0.091957,0.350242,-1.947814,127.105568,22.398977,0.626747,0.758200,0.162225,0.077486,10.572037,129.761368,33.133667,0.628499,0.736028,0.236370,0.085913,15.283671,107.048264,31.134909,0.451949,0.811172,0.369497,0.034846,19.978254,83.824417,27.032015,0.037942,0.953181,0.121771,0.274188,-10.412790,89.007973,11.476100,0.068634,0.960366,0.009748,0.269984,-10.605521,55.441605,2.700078,0.018559,0.956050,-0.097187,0.276004,-16.264442,11.159247,0.205849,-0.074012,0.953856,-0.083211,0.278849,3.854834,88.208351,21.771753,0.009723,0.984867,-0.139642,0.102186,7.143520,54.373730,28.711445,0.028624,0.872973,-0.095900,0.477390,5.011173,11.413836,40.920967,0.018559,0.956050,-0.097187,0.276004,-9.851045,2.957146,-9.736483,0.028624,0.872973,-0.095900,0.477390,15.138557,3.231640,34.777363
1087,9.058333,0.046539,0.948674,-0.070301,0.304809,-3.274028,88.606903,16.619122,0.011004,0.919638,0.126454,0.371692,-2.326913,95.725426,15.860801,-0.014502,0.917021,-0.041831,0.396374,-3.740925,114.274918,20.475725,0.061170,0.952933,-0.064032,0.289961,-3.622597,132.231049,18.885458,0.041640,0.983939,0.020182,0.172403,-0.564895,145.389343,16.253239,-0.048511,0.937164,0.029709,0.344222,-6.756949,126.696991,17.303783,-0.503673,0.608112,-0.282697,0.544606,-19.424089,125.519814,6.478283,-0.584670,0.558270,-0.255044,0.530517,-17.082668,104.088272,-2.312971,-0.678954,0.467238,-0.212898,0.524772,-11.153470,81.883553,-9.385094,-0.050618,0.930628,-0.091960,0.350589,-1.932198,127.117683,22.412920,0.627177,0.757978,0.162370,0.075862,10.580164,129.768539,33.157562,0.628359,0.735707,0.239046,0.082196,15.278324,107.058510,31.093180,0.450303,0.810265,0.373796,0.031223,20.011398,83.880974,26.778137,0.037902,0.953211,0.121758,0.274092,-10.405832,89.007111,11.468541,0.068752,0.960320,0.009645,0.270121,-10.597053,55.440300,2.694164,0.018637,0.956005,-0.097138,0.276174,-16.268196,11.159205,0.205200,-0.073991,0.953752,-0.083163,0.279225,3.857775,88.206703,21.769703,0.009679,0.984834,-0.139688,0.102446,7.143253,54.371307,28.707165,0.028692,0.872956,-0.095751,0.477448,5.011118,11.412498,40.920544,0.018637,0.956005,-0.097138,0.276174,-9.851874,2.957745,-9.735778,0.028692,0.872956,-0.095751,0.477448,15.139629,3.232589,34.775745
1088,9.066667,0.046435,0.948650,-0.069948,0.304983,-3.264937,88.603767,16.607071,0.010651,0.919439,0.126893,0.372044,-2.320639,95.723145,15.853267,-0.014213,0.916829,-0.042086,0.396802,-3.755061,114.267349,20.477499,0.061422,0.952766,-0.063709,0.290526,-3.622766,132.223007,18.883015,0.041058,0.983826,0.021231,0.173059,-0.558612,145.382339,16.263441,-0.048242,0.936792,0.029721,0.345267,-6.759410,126.690742,17.299633,-0.502873,0.606698,-0.283566,0.546467,-19.403339,125.523743,6.445925,-0.584606,0.555713,-0.254689,0.533435,-17.004890,104.101349,-2.352244,-0.679108,0.464172,-0.212510,0.527443,-10.930040,81.943558,-9.447906,-0.050115,0.930539,-0.091958,0.350897,-1.939330,127.109337,22.413353,0.627236,0.758120,0.162225,0.074242,10.567509,129.745346,33.168083,0.627900,0.735853,0.241180,0.078068,15.273539,107.041809,31.050808,0.450737,0.808559,0.377308,0.026575,20.066187,83.915581,26.531088,0.038003,0.953196,0.121484,0.274255,-10.395048,89.003899,11.454137,0.068766,0.960418,0.009695,0.269769,-10.596768,55.432999,2.695659,0.018365,0.956015,-0.096967,0.276215,-16.268833,11.152172,0.204083,-0.073939,0.953763,-0.083287,0.279165,3.865174,88.203644,21.760004,0.009674,0.984820,-0.139740,0.102514,7.145208,54.369141,28.704401,0.028397,0.872981,-0.095879,0.477394,5.012190,11.411625,40.922173,0.018365,0.956015,-0.096967,0.276215,-9.847145,2.956468,-9.738183,0.028397,0.872981,-0.095879,0.477394,15.142721,3.232558,34.779575
1089,9.075000,0.046491,0.948558,-0.069974,0.305254,-3.258333,88.601707,16.597916,0.010424,0.919207,0.127235,0.372506,-2.312944,95.720963,15.844281,-0.014072,0.916599,-0.042010,0.397346,-3.762583,114.261696,20.476330,0.061287,0.952605,-0.063932,0.291033,-3.625797,132.217728,18.886433,0.040867,0.983679,0.022594,0.173765,-0.561265,145.376053,16.262249,-0.048124,0.936495,0.029782,0.346085,-6.761353,126.686310,17.297956,-0.501559,0.605527,-0.284218,0.548631,-19.386763,125.524986,6.422113,-0.584098,0.552912,-0.254989,0.536748,-16.939421,104.121841,-2.409392,-0.679226,0.460121,-0.214375,0.530080,-10.722576,82.007957,-9.519037,-0.049617,0.930438,-0.092078,0.351204,-1.947301,127.102951,22.417507,0.627337,0.758262,0.161923,0.072579,10.553991,129.725647,33.181923,0.627976,0.735485,0.243392,0.073950,15.265491,107.027992,31.014473,0.447621,0.808701,0.380948,0.022758,20.083670,83.950073,26.280073,0.038019,0.953109,0.121547,0.274526,-10.385438,89.002220,11.440861,0.068821,0.960320,0.009428,0.270113,-10.584499,55.432476,2.677920,0.018497,0.956023,-0.096947,0.276188,-16.266802,11.151859,0.205948,-0.074082,0.953483,-0.083151,0.280121,3.868771,88.201195,21.754971,0.009761,0.984827,-0.139825,0.102319,7.153928,54.366589,28.696445,0.028961,0.873045,-0.095460,0.477327,5.014928,11.411348,40.921181,0.018497,0.956023,-0.096947,0.276188,-9.847416,2.955718,-9.737438,0.028961,0.873045,-0.095460,0.477327,15.140316,3.234182,34.767593
1090,9.083333,0.046605,0.948430,-0.069964,0.305636,-3.251523,88.600838,16.585356,0.010109,0.918971,0.127532,0.372996,-2.304317,95.719955,15.832743,-0.013783,0.916375,-0.041989,0.397875,-3.772035,114.261116,20.470554,0.061605,0.952402,-0.064037,0.291608,-3.625097,132.217499,18.885592,0.040194,0.983551,0.024005,0.174457,-0.549156,145.373627,16.263765,-0.048079,0.936219,0.029803,0.346835,-6.761345,126.687958,17.291975,-0.501125,0.604219,-0.284716,0.550209,-19.369545,125.529495,6.395878,-0.584360,0.550534,-0.254546,0.539113,-16.861746,104.135452,-2.440729,-0.679599,0.457431,-0.214040,0.532060,-10.507842,82.063950,-9.560879,-0.049433,0.930336,-0.091879,0.351553,-1.953098,127.101006,22.417271,0.627240,0.758576,0.161593,0.070850,10.540600,129.716568,33.192242,0.627621,0.735492,0.245477,0.069895,15.269281,107.027283,30.975166,0.446541,0.807507,0.384984,0.017941,20.136955,84.002174,26.038561,0.038027,0.953216,0.121280,0.274272,-10.374336,89.002731,11.422481,0.068860,0.960347,0.009420,0.270007,-10.581393,55.428516,2.676851,0.018537,0.956001,-0.096875,0.276284,-16.267506,11.148373,0.205242,-0.074066,0.953438,-0.083206,0.280263,3.871290,88.198944,21.748232,0.009736,0.984804,-0.139859,0.102496,7.153334,54.364811,28.693491,0.028478,0.872973,-0.095866,0.477406,5.014016,11.410382,40.921009,0.018537,0.956001,-0.096875,0.276284,-9.846235,2.953610,-9.738066,0.028478,0.872973,-0.095866,0.477406,15.143785,3.230642,34.778057
1091,9.091667,0.046726,0.948310,-0.069876,0.306010,-3.245126,88.601715,16.571491,0.009951,0.918746,0.127835,0.373450,-2.296351,95.720848,15.820992,-0.013600,0.916161,-0.042113,0.398359,-3.776177,114.257721,20.465937,0.062137,0.952172,-0.064048,0.292243,-3.620577,132.213898,18.879587,0.039161,0.983430,0.025443,0.175167,-0.528239,145.367523,16.264503,-0.048032,0.936011,0.029957,0.347389,-6.757250,126.685440,17.283072,-0.500653,0.602884,-0.285342,0.551777,-19.352749,125.531113,6.371860,-0.585232,0.548215,-0.253660,0.540944,-16.786476,104.144623,-2.466229,-0.679339,0.456790,-0.210070,0.534520,-10.288370,82.115921,-9.588803,-0.048772,0.930135,-0.092105,0.352117,-1.954362,127.097069,22.413504,0.627261,0.758678,0.161601,0.069551,10.528249,129.696121,33.205303,0.627580,0.735084,0.247863,0.066023,15.264256,107.012894,30.942272,0.447788,0.805247,0.388408,0.014225,20.159721,84.039673,25.795864,0.038025,0.953176,0.121098,0.274489,-10.363705,89.005547,11.402930,0.068892,0.960314,0.009310,0.270120,-10.572156,55.428280,2.669089,0.019509,0.955988,-0.096382,0.276436,-16.263380,11.148349,0.205493,-0.074085,0.953281,-0.083187,0.280797,3.873452,88.197884,21.740053,0.009697,0.984785,-0.139925,0.102590,7.153183,54.363728,28.686296,0.028455,0.872983,-0.095860,0.477391,5.015570,11.410874,40.919651,0.019509,0.955988,-0.096382,0.276436,-9.849863,2.958229,-9.746636,0.028455,0.872983,-0.095860,0.477391,15.145456,3.231517,34.776382
1092,9.100000,0.046772,0.948177,-0.069716,0.306451,-3.231800,88.601349,16.555346,0.009728,0.918432,0.127668,0.374284,-2.282757,95.720741,15.807660,-0.014222,0.915716,-0.041596,0.399415,-3.771172,114.246460,20.439077,0.063028,0.951848,-0.063869,0.293145,-3.641695,132.203598,18.860987,0.038589,0.983319,0.026870,0.175705,-0.524078,145.354355,16.261559,-0.047413,0.935861,0.030247,0.347853,-6.765678,126.670662,17.255064,-0.500676,0.601216,-0.286198,0.553131,-19.352381,125.539764,6.331252,-0.585432,0.545941,-0.253198,0.543239,-16.715414,104.151466,-2.481608,-0.680098,0.453474,-0.209904,0.536441,-10.086410,82.165588,-9.615863,-0.048022,0.929900,-0.091907,0.352891,-1.974893,127.087936,22.396345,0.626999,0.759159,0.161074,0.067861,10.491920,129.663361,33.212048,0.627256,0.735230,0.249333,0.061809,15.253988,106.989708,30.908186,0.446603,0.804834,0.390753,0.010020,20.194860,84.069389,25.572760,0.038076,0.953150,0.120907,0.274659,-10.345544,89.006142,11.380207,0.068992,0.960319,0.009143,0.270081,-10.559539,55.425922,2.657820,0.019479,0.955980,-0.096289,0.276500,-16.263487,11.146948,0.206404,-0.074050,0.953244,-0.083287,0.280903,3.881945,88.196556,21.730482,0.009708,0.984763,-0.139961,0.102756,7.156651,54.363190,28.682943,0.028607,0.872934,-0.095758,0.477491,5.015687,11.411256,40.918930,0.019479,0.955980,-0.096289,0.276500,-9.847728,2.959169,-9.746213,0.028607,0.872934,-0.095758,0.477491,15.145910,3.232252,34.775753
1093,9.108333,0.046821,0.948047,-0.069620,0.306867,-3.222214,88.599899,16.539768,0.008990,0.918194,0.127414,0.374973,-2.272597,95.719414,15.794039,-0.012920,0.915469,-0.040965,0.400090,-3.789494,114.281250,20.413235,0.063198,0.951643,-0.064833,0.293562,-3.625015,132.241531,18.874779,0.037699,0.983188,0.028554,0.176367,-0.493947,145.384872,16.254034,-0.048381,0.935615,0.029928,0.348409,-6.756584,126.717819,17.251963,-0.499487,0.599213,-0.287950,0.555465,-19.327265,125.553917,6.313177,-0.584833,0.543515,-0.253649,0.546099,-16.625134,104.169067,-2.488318,-0.680521,0.449801,-0.210064,0.538929,-9.879996,82.220482,-9.628528,-0.046947,0.929919,-0.091903,0.352988,-1.972897,127.115105,22.401428,0.627598,0.758903,0.160675,0.066116,10.495046,129.657410,33.223663,0.626933,0.735179,0.251221,0.057914,15.233056,106.984398,30.864489,0.445844,0.803830,0.393752,0.006313,20.215851,84.118454,25.338152,0.038216,0.953080,0.120645,0.274997,-10.331388,89.005417,11.358410,0.068904,0.960367,0.009055,0.269935,-10.556642,55.421555,2.650350,0.019491,0.956034,-0.096127,0.276368,-16.255516,11.141345,0.209469,-0.074016,0.953183,-0.083347,0.281098,3.886959,88.194374,21.721128,0.009702,0.984734,-0.140034,0.102931,7.156770,54.361366,28.677595,0.028448,0.872925,-0.095807,0.477507,5.013511,11.411259,40.919594,0.019491,0.956034,-0.096127,0.276368,-9.842127,2.957145,-9.747614,0.028448,0.872925,-0.095807,0.477507,15.145651,3.233136,34.778404
1094,9.116667,0.046900,0.948123,-0.070451,0.306431,-3.238384,88.593994,16.547733,0.009204,0.918087,0.127343,0.375254,-2.284388,95.711723,15.790604,-0.012640,0.915269,-0.041025,0.400549,-3.794368,114.276764,20.410610,0.063757,0.951452,-0.064578,0.294114,-3.619013,132.237122,18.874290,0.036691,0.983093,0.029830,0.176896,-0.473235,145.379608,16.266979,-0.048400,0.935385,0.029868,0.349027,-6.751777,126.715218,17.247660,-0.498874,0.597734,-0.289009,0.557056,-19.307976,125.551010,6.292292,-0.584998,0.541229,-0.253436,0.548287,-16.551914,104.168793,-2.498860,-0.680561,0.448091,-0.209681,0.540449,-9.682335,82.259125,-9.639945,-0.046725,0.929805,-0.091895,0.353321,-1.973164,127.109467,22.402069,0.628308,0.759386,0.157139,0.062205,10.487619,129.645615,33.233990,0.626456,0.735821,0.251649,0.052857,15.207445,106.972870,30.836153,0.446344,0.802102,0.396743,0.002303,20.245941,84.164490,25.125525,0.037949,0.952950,0.121034,0.275311,-10.352138,88.996956,11.372466,0.069020,0.960317,0.008957,0.270089,-10.549296,55.418198,2.644059,0.019501,0.956001,-0.096002,0.276524,-16.260120,11.139271,0.207901,-0.074132,0.953080,-0.083154,0.281476,3.875370,88.191040,21.723001,0.009437,0.984578,-0.140002,0.104484,7.153890,54.356979,28.670290,0.028361,0.872846,-0.095745,0.477670,5.014947,11.405608,40.908588,0.019501,0.956001,-0.096002,0.276524,-9.842877,2.957879,-9.749004,0.028361,0.872846,-0.095745,0.477670,15.151161,3.229907,34.770893
1095,9.125000,0.046951,0.948046,-0.070504,0.306651,-3.233720,88.590958,16.536800,0.009231,0.917907,0.127897,0.375506,-2.278620,95.708504,15.779397,-0.012999,0.915103,-0.041402,0.400877,-3.795207,114.247116,20.413290,0.064291,0.951242,-0.063925,0.294821,-3.625699,132.206024,18.859430,0.036036,0.982932,0.031053,0.177714,-0.468252,145.350464,16.276159,-0.047664,0.935210,0.030112,0.349577,-6.755164,126.681305,17.235996,-0.498800,0.596457,-0.289496,0.558238,-19.300898,125.543770,6.265847,-0.585416,0.538844,-0.253240,0.550278,-16.486900,104.164742,-2.514677,-0.680609,0.445492,-0.208716,0.542905,-9.488634,82.292297,-9.644892,-0.046700,0.929576,-0.092015,0.353895,-1.980388,127.082481,22.393423,0.628322,0.759585,0.156762,0.060557,10.466904,129.620682,33.240360,0.626297,0.735588,0.253424,0.049373,15.195313,106.954727,30.795708,0.445795,0.800829,0.399922,-0.001168,20.260498,84.196907,24.909670,0.037806,0.953070,0.121127,0.274874,-10.345016,88.994141,11.358176,0.069253,0.960245,0.008722,0.270292,-10.534935,55.416203,2.626463,0.018394,0.955967,-0.096560,0.276523,-16.270798,11.139780,0.203624,-0.074100,0.953020,-0.083204,0.281672,3.877576,88.187775,21.715425,0.009618,0.984699,-0.140128,0.103147,7.151587,54.353966,28.666031,0.028343,0.872894,-0.095711,0.477590,5.012177,11.406055,40.916405,0.018394,0.955967,-0.096560,0.276523,-9.840930,2.953220,-9.740881,0.028343,0.872894,-0.095711,0.477590,15.147671,3.231224,34.776367
1096,9.133333,0.047039,0.947962,-0.070469,0.306905,-3.228319,88.589661,16.523842,0.008340,0.917755,0.128281,0.375766,-2.271969,95.707169,15.767559,-0.011009,0.915082,-0.041470,0.400979,-3.828900,114.267883,20.407803,0.063777,0.951229,-0.064714,0.294801,-3.592574,132.228317,18.880468,0.035310,0.982808,0.032651,0.178258,-0.442338,145.369690,16.272869,-0.048678,0.934925,0.029660,0.350236,-6.741793,126.717567,17.247747,-0.498175,0.595390,-0.290296,0.559518,-19.268858,125.544189,6.260041,-0.585491,0.536590,-0.253326,0.552356,-16.417278,104.169151,-2.518120,-0.680964,0.442490,-0.208858,0.544857,-9.304558,82.330605,-9.638990,-0.046247,0.929518,-0.091889,0.354138,-1.967487,127.093529,22.407515,0.628698,0.759450,0.156604,0.058741,10.475457,129.616852,33.262920,0.626102,0.735799,0.253863,0.046367,15.191992,106.955276,30.755558,0.449580,0.797080,0.403079,-0.008315,20.282818,84.233704,24.752792,0.037831,0.953013,0.120994,0.275129,-10.336726,88.994118,11.341344,0.069163,0.960395,0.008659,0.269784,-10.528562,55.414063,2.617796,0.019364,0.955990,-0.095993,0.276574,-16.259544,11.136431,0.205546,-0.074093,0.952963,-0.083199,0.281868,3.880089,88.185211,21.706341,0.009387,0.984544,-0.140102,0.104678,7.152344,54.351269,28.657173,0.028242,0.872821,-0.095759,0.477719,5.014425,11.402315,40.904152,0.019364,0.955990,-0.095993,0.276574,-9.839278,2.956197,-9.750369,0.028242,0.872821,-0.095759,0.477719,15.152824,3.227760,34.768532
1097,9.141667,0.047060,0.947849,-0.070286,0.307289,-3.217151,88.587936,16.506805,0.008112,0.917545,0.128716,0.376134,-2.261008,95.705780,15.753505,-0.010868,0.914911,-0.041533,0.401366,-3.834280,114.264366,20.405375,0.063820,0.951051,-0.065120,0.295278,-3.591765,132.224716,18.878094,0.035005,0.982622,0.034201,0.179052,-0.435282,145.363022,16.262609,-0.048644,0.934674,0.029689,0.350908,-6.741075,126.714828,17.242714,-0.497687,0.593915,-0.291481,0.560903,-19.252514,125.543892,6.236971,-0.585696,0.534293,-0.253416,0.554322,-16.351334,104.166939,-2.520213,-0.681200,0.440196,-0.208456,0.546571,-9.122493,82.361473,-9.625528,-0.045950,0.929458,-0.091876,0.354338,-1.971103,127.089523,22.406574,0.628753,0.759504,0.156552,0.057579,10.468028,129.603989,33.268394,0.625923,0.735801,0.254911,0.042878,15.187636,106.947495,30.721235,0.451132,0.795378,0.404589,-0.012748,20.304228,84.272629,24.565680,0.037988,0.952935,0.120844,0.275444,-10.321361,88.993164,11.318621,0.069158,0.960386,0.008466,0.269821,-10.523617,55.411427,2.601822,0.019443,0.955976,-0.095960,0.276630,-16.258780,11.133444,0.206065,-0.074036,0.952880,-0.083297,0.282135,3.887058,88.182701,21.694990,0.009540,0.984649,-0.140230,0.103492,7.151620,54.349308,28.652079,0.028133,0.872881,-0.095778,0.477612,5.013834,11.403820,40.911213,0.019443,0.955976,-0.095960,0.276630,-9.838214,2.953433,-9.749834,0.028133,0.872881,-0.095778,0.477612,15.151861,3.230113,34.773861
1098,9.150000,0.046892,0.947824,-0.070068,0.307445,-3.206510,88.582382,16.496733,0.008249,0.917373,0.128870,0.376499,-2.253497,95.700905,15.745790,-0.011927,0.914653,-0.041334,0.401943,-3.824390,114.238487,20.399431,0.064715,0.950770,-0.064792,0.296059,-3.618705,132.198563,18.863529,0.034607,0.982465,0.035518,0.179731,-0.438553,145.334930,16.267132,-0.047686,0.934518,0.029842,0.351444,-6.754243,126.681099,17.227201,-0.498060,0.592544,-0.291954,0.561774,-19.256187,125.542686,6.207266,-0.586203,0.532243,-0.253390,0.555767,-16.292128,104.162979,-2.522096,-0.681902,0.437397,-0.208824,0.547802,-8.957490,82.385353,-9.604330,-0.045571,0.929387,-0.091686,0.354623,-1.991137,127.068619,22.396450,0.628680,0.759746,0.156207,0.056089,10.442397,129.569824,33.267723,0.625944,0.735290,0.256804,0.039931,15.174118,106.920555,30.679136,0.449682,0.794735,0.407401,-0.014387,20.301128,84.292793,24.361078,0.038039,0.952907,0.120904,0.275507,-10.309313,88.985764,11.306481,0.069272,0.960309,0.008225,0.270074,-10.513183,55.405300,2.584805,0.019417,0.955970,-0.095743,0.276726,-16.263243,11.128360,0.205486,-0.073941,0.952869,-0.083345,0.282182,3.896294,88.179001,21.686985,0.009349,0.984486,-0.140213,0.105070,7.153283,54.345192,28.645580,0.028057,0.872811,-0.095616,0.477778,5.012821,11.398968,40.901688,0.019417,0.955970,-0.095743,0.276726,-9.839240,2.953508,-9.752435,0.028057,0.872811,-0.095616,0.477778,15.155581,3.229604,34.766373
1099,9.158333,0.046966,0.947729,-0.069887,0.307766,-3.198759,88.580376,16.479279,0.007712,0.917227,0.129317,0.376714,-2.245282,95.699158,15.731466,-0.010351,0.914641,-0.041574,0.401991,-3.844477,114.254021,20.397797,0.064635,0.950756,-0.065000,0.296076,-3.583262,132.214645,18.876852,0.033782,0.982389,0.036762,0.180055,-0.403502,145.349960,16.274599,-0.048394,0.934334,0.029548,0.351860,-6.735352,126.708199,17.235216,-0.497278,0.591410,-0.293115,0.563056,-19.225233,125.544945,6.204206,-0.585401,0.529940,-0.254408,0.558342,-16.230259,104.165199,-2.514528,-0.682365,0.432590,-0.212719,0.549540,-8.802898,82.414200,-9.581937,-0.045455,0.929314,-0.091736,0.354816,-1.972289,127.076790,22.405891,0.629166,0.759441,0.156240,0.054672,10.457037,129.575455,33.282566,0.626086,0.734722,0.258461,0.037379,15.167629,106.928185,30.638577,0.448803,0.793837,0.410035,-0.016429,20.295589,84.341026,24.177593,0.038155,0.952852,0.120713,0.275763,-10.297955,88.985504,11.284227,0.069100,0.960439,0.008105,0.269660,-10.510816,55.402447,2.572741,0.020106,0.955944,-0.095462,0.276865,-16.250105,11.123199,0.210342,-0.073950,0.952825,-0.083437,0.282303,3.900437,88.175247,21.674328,0.009354,0.984467,-0.140271,0.105175,7.155292,54.342590,28.639549,0.028117,0.872783,-0.095596,0.477828,5.012551,11.397815,40.900333,0.020106,0.955944,-0.095462,0.276865,-9.831194,2.950096,-9.752293,0.028117,0.872783,-0.095596,0.477828,15.155451,3.228173,34.765621
1100,9.166667,0.047308,0.947624,-0.069867,0.308042,-3.201010,88.582329,16.455982,0.007706,0.917028,0.129743,0.377049,-2.242734,95.700691,15.710254,-0.010145,0.914490,-0.041598,0.402336,-3.850255,114.254166,20.391300,0.064925,0.950598,-0.064882,0.296543,-3.581325,132.214874,18.872635,0.033315,0.982237,0.038075,0.180697,-0.393065,145.349594,16.277832,-0.048305,0.934197,0.029264,0.352258,-6.734157,126.709763,17.227936,-0.497176,0.589932,-0.294064,0.564201,-19.214975,125.546539,6.186662,-0.586374,0.528175,-0.254469,0.558965,-16.164629,104.163292,-2.504208,-0.682812,0.432338,-0.210690,0.549966,-8.648911,82.428009,-9.526418,-0.045105,0.929292,-0.091629,0.354946,-1.974941,127.076019,22.402319,0.629306,0.759492,0.155941,0.053182,10.452353,129.562912,33.284019,0.626392,0.734171,0.259671,0.034598,15.162211,106.920769,30.595203,0.446682,0.794151,0.411682,-0.017835,20.281406,84.371964,23.994791,0.038020,0.952729,0.120569,0.276271,-10.296650,88.992844,11.256497,0.069303,0.960246,0.007868,0.270302,-10.498760,55.406677,2.556784,0.020257,0.955880,-0.095605,0.277023,-16.259546,11.129609,0.205994,-0.074068,0.952757,-0.083547,0.282467,3.894630,88.171814,21.655468,0.009305,0.984449,-0.140356,0.105228,7.153854,54.341637,28.630703,0.027969,0.872820,-0.095625,0.477764,5.013916,11.398927,40.899223,0.020257,0.955880,-0.095605,0.277023,-9.839801,2.952240,-9.752605,0.027969,0.872820,-0.095625,0.477764,15.157545,3.230414,34.764202
1101,9.175000,0.047135,0.947598,-0.069580,0.308212,-3.189267,88.575783,16.444607,0.007524,0.916922,0.129879,0.377264,-2.234472,95.694954,15.702173,-0.009896,0.914393,-0.041565,0.402567,-3.851415,114.246490,20.384737,0.065042,0.950487,-0.064857,0.296879,-3.574384,132.207458,18.870813,0.032944,0.982100,0.039262,0.181253,-0.381900,145.341782,16.279068,-0.048232,0.934099,0.029171,0.352536,-6.728596,126.704063,17.223059,-0.496890,0.588043,-0.295457,0.565696,-19.203098,125.542465,6.174477,-0.585521,0.526340,-0.255387,0.561168,-16.087374,104.153618,-2.479368,-0.683705,0.427698,-0.214109,0.551161,-8.501086,82.439972,-9.492604,-0.045076,0.929234,-0.091724,0.355075,-1.971935,127.067062,22.400021,0.629670,0.759411,0.155468,0.051394,10.452388,129.554504,33.284988,0.626311,0.734287,0.259849,0.032167,15.149633,106.916000,30.543964,0.448974,0.791837,0.413429,-0.022198,20.281483,84.396622,23.853537,0.038089,0.952722,0.120616,0.276263,-10.283354,88.984741,11.242878,0.069409,0.960230,0.007649,0.270339,-10.489228,55.399715,2.538821,0.019690,0.955884,-0.095570,0.277066,-16.264315,11.123663,0.204040,-0.073979,0.952657,-0.083525,0.282836,3.904820,88.166824,21.646336,0.009304,0.984404,-0.140463,0.105508,7.155923,54.335487,28.619677,0.027885,0.872800,-0.095569,0.477817,5.011677,11.395457,40.896797,0.019690,0.955884,-0.095570,0.277066,-9.835766,2.950962,-9.752713,0.027885,0.872800,-0.095569,0.477817,15.157610,3.229131,34.762680
1102,9.183333,0.047441,0.947490,-0.069671,0.308478,-3.189449,88.579895,16.425360,0.007585,0.916773,0.130317,0.377475,-2.229873,95.698463,15.683336,-0.009907,0.914308,-0.041380,0.402779,-3.851712,114.241280,20.380426,0.065652,0.950314,-0.064875,0.297294,-3.577379,132.202805,18.872490,0.032367,0.981972,0.040290,0.181824,-0.367441,145.334122,16.287159,-0.048092,0.933922,0.028970,0.353040,-6.729811,126.699356,17.221516,-0.497130,0.587445,-0.295481,0.566093,-19.192877,125.540520,6.159741,-0.586323,0.524236,-0.255819,0.562102,-16.045097,104.152824,-2.485334,-0.684144,0.425422,-0.215440,0.551860,-8.363151,82.455040,-9.443338,-0.044793,0.929257,-0.091696,0.355059,-1.975555,127.061546,22.400743,0.629876,0.759418,0.155103,0.049844,10.450006,129.539841,33.286388,0.626371,0.734188,0.260279,0.029700,15.142480,106.905914,30.499777,0.448872,0.791522,0.414034,-0.024139,20.278091,84.417625,23.708416,0.038033,0.952656,0.120450,0.276573,-10.280137,88.993050,11.219330,0.069469,0.960201,0.007494,0.270431,-10.482705,55.404957,2.527055,0.018816,0.955928,-0.096153,0.276771,-16.266426,11.129438,0.203593,-0.074029,0.952609,-0.083604,0.282960,3.901239,88.166740,21.631388,0.009483,0.984537,-0.140592,0.104073,7.153149,54.336834,28.611326,0.027905,0.872775,-0.095715,0.477832,5.009782,11.400357,40.901024,0.018816,0.955928,-0.096153,0.276771,-9.835041,2.949337,-9.745249,0.027905,0.872775,-0.095715,0.477832,15.154584,3.230809,34.769325
1103,9.191667,0.047498,0.947411,-0.069439,0.308764,-3.181601,88.578110,16.406775,0.007480,0.916625,0.130634,0.377726,-2.222048,95.697067,15.668458,-0.009863,0.914191,-0.041457,0.403038,-3.853808,114.240623,20.375500,0.065958,0.950167,-0.065118,0.297645,-3.576484,132.201950,18.865780,0.032060,0.981830,0.041555,0.182359,-0.355385,145.330124,16.278358,-0.048119,0.933774,0.029078,0.353420,-6.728621,126.698685,17.213594,-0.497265,0.586203,-0.296311,0.566827,-19.182638,125.540909,6.141525,-0.587442,0.522707,-0.256208,0.562181,-15.989844,104.146263,-2.469789,-0.684098,0.425926,-0.212701,0.552591,-8.240474,82.451981,-9.363634,-0.044431,0.929250,-0.091543,0.355162,-1.977290,127.060890,22.395502,0.629890,0.759465,0.155119,0.048883,10.446896,129.526428,33.285606,0.626856,0.733324,0.261779,0.027567,15.142944,106.897507,30.464537,0.446285,0.792298,0.415366,-0.023775,20.255194,84.442879,23.545427,0.038081,0.952564,0.120286,0.276952,-10.269081,88.993057,11.196521,0.069523,0.960182,0.007330,0.270486,-10.474532,55.402470,2.513921,0.019026,0.955911,-0.096116,0.276828,-16.266758,11.127403,0.202917,-0.074101,0.952453,-0.083601,0.283465,3.905880,88.163170,21.617027,0.009514,0.984504,-0.140723,0.104201,7.158901,54.333961,28.599855,0.027919,0.872765,-0.095746,0.477844,5.009986,11.400831,40.900280,0.019026,0.955911,-0.096116,0.276828,-9.836812,2.946737,-9.746393,0.027919,0.872765,-0.095746,0.477844,15.154564,3.230475,34.769287
1104,9.200000,0.047507,0.947348,-0.069321,0.308982,-3.173723,88.574699,16.390827,0.007456,0.916512,0.130944,0.377893,-2.214388,95.693886,15.654378,-0.009647,0.914128,-0.041421,0.403189,-3.852363,114.234138,20.371401,0.066440,0.950047,-0.064648,0.298020,-3.568194,132.195724,18.866047,0.031399,0.981725,0.042403,0.182845,-0.336829,145.324829,16.296196,-0.048109,0.933685,0.029027,0.353660,-6.721699,126.693962,17.211468,-0.497124,0.585048,-0.297096,0.567733,-19.170073,125.536255,6.133048,-0.586849,0.520931,-0.257508,0.563852,-15.935999,104.138962,-2.456260,-0.684845,0.421271,-0.216893,0.553602,-8.129637,82.453850,-9.314568,-0.044364,0.929184,-0.091552,0.355342,-1.972027,127.053261,22.395100,0.629556,0.759033,0.158324,0.049615,10.448080,129.517288,33.290195,0.627480,0.732465,0.262716,0.027297,15.160346,106.900154,30.402473,0.445897,0.792369,0.415516,-0.025950,20.235691,84.451614,23.436558,0.038170,0.952446,0.120168,0.277396,-10.258816,88.990135,11.177369,0.069570,0.960295,0.007199,0.270079,-10.468392,55.398060,2.500652,0.018793,0.955927,-0.096013,0.276824,-16.268782,11.123410,0.202246,-0.073946,0.952713,-0.083827,0.282566,3.911371,88.159271,21.604284,0.009270,0.984357,-0.140659,0.105694,7.156260,54.331112,28.595930,0.027806,0.872692,-0.095702,0.477992,5.010818,11.395958,40.889874,0.018793,0.955927,-0.096013,0.276824,-9.835320,2.946659,-9.748008,0.027806,0.872692,-0.095702,0.477992,15.159432,3.227966,34.762421
1105,9.208333,0.047509,0.947303,-0.069185,0.309149,-3.164953,88.574333,16.372311,0.007304,0.916379,0.131235,0.378117,-2.206060,95.693787,15.637890,-0.009537,0.914014,-0.041420,0.403449,-3.855102,114.234833,20.363300,0.066920,0.949922,-0.064540,0.298337,-3.566903,132.196503,18.859625,0.031032,0.981631,0.043349,0.183188,-0.322805,145.324051,16.297909,-0.048070,0.933596,0.029070,0.353897,-6.720423,126.695427,17.202766,-0.497455,0.583938,-0.297731,0.568253,-19.163319,125.539818,6.117980,-0.587785,0.519391,-0.258100,0.564026,-15.886371,104.135223,-2.436835,-0.685619,0.420115,-0.216855,0.553538,-8.017663,82.451958,-9.229424,-0.044015,0.929213,-0.091230,0.355391,-1.973674,127.053452,22.389162,0.629813,0.759070,0.157648,0.047918,10.446293,129.503052,33.287666,0.627341,0.732967,0.261847,0.025279,15.151219,106.889771,30.357992,0.451268,0.789098,0.415621,-0.030657,20.240011,84.457520,23.349566,0.038157,0.952413,0.120056,0.277561,-10.248225,88.990295,11.156423,0.069619,0.960320,0.007026,0.269981,-10.457644,55.396278,2.487223,0.019636,0.955906,-0.095466,0.277027,-16.266592,11.122006,0.203088,-0.073939,0.952567,-0.083894,0.283041,3.918319,88.158371,21.588200,0.009445,0.984453,-0.140832,0.104540,7.157877,54.330902,28.585697,0.028496,0.872633,-0.095508,0.478098,5.009856,11.400374,40.895363,0.019636,0.955906,-0.095466,0.277027,-9.837711,2.952038,-9.755692,0.028496,0.872633,-0.095508,0.478098,15.152645,3.228216,34.763821
1106,9.216667,0.047550,0.947237,-0.068985,0.309389,-3.155149,88.572701,16.352695,0.007206,0.916262,0.131549,0.378296,-2.196399,95.692490,15.621429,-0.009396,0.913944,-0.041324,0.403620,-3.854559,114.232193,20.356340,0.067281,0.949845,-0.064389,0.298531,-3.562818,132.194244,18.857956,0.030689,0.981564,0.044213,0.183401,-0.309862,145.321091,16.303930,-0.048027,0.933473,0.029036,0.354231,-6.716620,126.694176,17.198315,-0.497564,0.582994,-0.298424,0.568763,-19.151772,125.540039,6.104686,-0.588179,0.517905,-0.259099,0.564524,-15.842774,104.128937,-2.421405,-0.685102,0.419806,-0.217457,0.554175,-7.924740,82.444588,-9.152959,-0.043757,0.929218,-0.091172,0.355427,-1.971778,127.049927,22.386610,0.630495,0.759452,0.154124,0.044222,10.448113,129.490891,33.287140,0.627658,0.733061,0.261093,0.022307,15.128893,106.876694,30.326063,0.447594,0.791036,0.415984,-0.029640,20.205372,84.468643,23.231798,0.038196,0.952357,0.120000,0.277773,-10.235739,88.990089,11.133281,0.069738,0.960191,0.006739,0.270414,-10.446955,55.395351,2.466904,0.018785,0.955916,-0.095935,0.276891,-16.271969,11.122215,0.201876,-0.073826,0.952400,-0.084050,0.283585,3.925441,88.155304,21.572109,0.009298,0.984401,-0.140855,0.105014,7.150502,54.328503,28.579485,0.028336,0.872644,-0.095576,0.478074,5.009283,11.398324,40.891560,0.018785,0.955916,-0.095935,0.276891,-9.836550,2.947338,-9.748650,0.028336,0.872644,-0.095576,0.478074,15.153254,3.226657,34.761311
1107,9.225000,0.047640,0.947173,-0.068830,0.309608,-3.147358,88.571838,16.333166,0.007097,0.916142,0.131879,0.378472,-2.187894,95.691811,15.604636,-0.009271,0.913871,-0.041278,0.403795,-3.855632,114.228500,20.349091,0.067595,0.949787,-0.064236,0.298679,-3.560150,132.190781,18.854097,0.030491,0.981509,0.045029,0.183530,-0.299750,145.317169,16.307194,-0.048080,0.933331,0.029269,0.354576,-6.714275,126.691566,17.192226,-0.497657,0.581642,-0.299481,0.569510,-19.141071,125.539101,6.089061,-0.587784,0.516500,-0.260476,0.565588,-15.788227,104.118385,-2.395681,-0.685422,0.416939,-0.220715,0.554657,-7.834729,82.432869,-9.081506,-0.043409,0.929219,-0.091059,0.355494,-1.971387,127.045525,22.382433,0.630537,0.759535,0.153877,0.043028,10.447917,129.474594,33.286297,0.627947,0.733103,0.260403,0.020809,15.131060,106.865501,30.290123,0.450301,0.789565,0.415644,-0.032504,20.193169,84.465492,23.160280,0.038096,0.952379,0.119932,0.277741,-10.225413,88.991257,11.110475,0.069975,0.960211,0.006544,0.270290,-10.431643,55.394848,2.450471,0.018713,0.955833,-0.096001,0.277159,-16.281960,11.124444,0.197253,-0.073863,0.952324,-0.084108,0.283812,3.930698,88.152412,21.555857,0.009216,0.984297,-0.140889,0.105948,7.155305,54.326664,28.568533,0.028494,0.872537,-0.095547,0.478266,5.009287,11.397192,40.882225,0.018713,0.955833,-0.096001,0.277159,-9.839932,2.948602,-9.748203,0.028494,0.872537,-0.095547,0.478266,15.154357,3.224367,34.755344
1108,9.233333,0.047436,0.947194,-0.068499,0.309646,-3.131356,88.565277,16.316648,0.006898,0.916069,0.132019,0.378605,-2.176121,95.686195,15.591732,-0.009078,0.913797,-0.041223,0.403971,-3.853952,114.225662,20.338923,0.067973,0.949694,-0.064303,0.298874,-3.552639,132.188232,18.848583,0.030079,0.981429,0.046012,0.183782,-0.281256,145.312332,16.304010,-0.048087,0.933271,0.029392,0.354724,-6.707709,126.690353,17.184076,-0.497727,0.580087,-0.300743,0.570368,-19.130981,125.539360,6.076823,-0.587615,0.515473,-0.261880,0.566051,-15.729279,104.107285,-2.359653,-0.686083,0.415061,-0.223203,0.554252,-7.760099,82.410934,-8.991435,-0.043256,0.929191,-0.090803,0.355651,-1.966773,127.041626,22.376247,0.630742,0.759550,0.153368,0.041551,10.449232,129.463333,33.285496,0.628332,0.733129,0.259497,0.019555,15.126133,106.858131,30.250591,0.451213,0.789236,0.415131,-0.034346,20.167456,84.460327,23.099125,0.038120,0.952464,0.119931,0.277445,-10.209332,88.983055,11.093722,0.070035,0.960363,0.006403,0.269736,-10.419836,55.386757,2.433401,0.019568,0.955823,-0.095417,0.277336,-16.279945,11.116940,0.194247,-0.073784,0.952551,-0.084174,0.283049,3.946620,88.147507,21.539576,0.009589,0.984422,-0.141155,0.104386,7.170329,54.321716,28.552458,0.027818,0.872686,-0.095828,0.477978,5.008596,11.399603,40.889011,0.019568,0.955823,-0.095417,0.277336,-9.843082,2.948630,-9.760734,0.027818,0.872686,-0.095828,0.477978,15.155888,3.228849,34.763050
1109,9.241667,0.047457,0.947173,-0.068428,0.309723,-3.124949,88.563805,16.298389,0.007002,0.915947,0.132275,0.378806,-2.169672,95.684830,15.574614,-0.008996,0.913696,-0.041055,0.404219,-3.848107,114.215996,20.330357,0.068043,0.949659,-0.064043,0.299025,-3.546130,132.179108,18.846806,0.029996,0.981381,0.046696,0.183877,-0.274338,145.304626,16.310078,-0.048091,0.933198,0.029582,0.354898,-6.700260,126.681831,17.178572,-0.497742,0.579770,-0.301012,0.570537,-19.119377,125.533234,6.066429,-0.588286,0.513986,-0.263043,0.566168,-15.708071,104.098618,-2.359702,-0.685634,0.414836,-0.224100,0.554613,-7.694632,82.394592,-8.912551,-0.043166,0.929251,-0.090646,0.355546,-1.962126,127.031219,22.373423,0.630767,0.759677,0.152950,0.040379,10.456644,129.448013,33.280609,0.628889,0.733093,0.258333,0.018362,15.136562,106.847366,30.216547,0.452349,0.789234,0.413767,-0.035878,20.146376,84.446922,23.051245,0.038182,0.952429,0.119871,0.277584,-10.202053,88.982224,11.074333,0.070084,0.960302,0.006197,0.269944,-10.416563,55.385269,2.416662,0.018585,0.955826,-0.095832,0.277250,-16.285347,11.115829,0.192706,-0.073783,0.952519,-0.084313,0.283118,3.952155,88.145386,21.522444,0.009624,0.984408,-0.141227,0.104420,7.172473,54.321213,28.544664,0.030117,0.872422,-0.093934,0.478695,5.006505,11.400956,40.886963,0.018585,0.955826,-0.095832,0.277250,-9.838835,2.944736,-9.753743,0.030117,0.872422,-0.093934,0.478695,15.149397,3.242341,34.737579
1110,9.250000,0.047506,0.947138,-0.068220,0.309870,-3.114584,88.560989,16.277943,0.006775,0.915849,0.132512,0.378966,-2.159447,95.682365,15.557369,-0.008805,0.913631,-0.040820,0.404394,-3.850327,114.213135,20.318172,0.068207,0.949632,-0.064158,0.299050,-3.545207,132.177063,18.845205,0.030036,0.981338,0.047477,0.183899,-0.268251,145.301025,16.307051,-0.048013,0.933124,0.029664,0.355096,-6.699488,126.681206,17.172562,-0.498015,0.578865,-0.301651,0.570879,-19.114164,125.536362,6.055068,-0.588534,0.512793,-0.264883,0.566135,-15.671953,104.093567,-2.337627,-0.687116,0.411172,-0.227332,0.554193,-7.646283,82.367531,-8.801976,-0.042991,0.929382,-0.090181,0.355343,-1.963290,127.026894,22.369429,0.631112,0.759511,0.152557,0.039587,10.460792,129.432312,33.273087,0.628932,0.733479,0.257193,0.017440,15.123373,106.830688,30.189827,0.455629,0.787898,0.412494,-0.038313,20.132151,84.429459,23.026253,0.038198,0.952441,0.119741,0.277596,-10.190001,88.981155,11.051740,0.070256,0.960086,0.005997,0.270672,-10.408023,55.382133,2.402212,0.018489,0.955750,-0.095842,0.277515,-16.294693,11.114642,0.186825,-0.073737,0.952503,-0.084444,0.283144,3.960834,88.140831,21.504145,0.009654,0.984393,-0.141326,0.104426,7.175314,54.317711,28.534143,0.028192,0.872578,-0.095638,0.478191,5.005742,11.400014,40.884682,0.018489,0.955750,-0.095842,0.277515,-9.841049,2.944063,-9.755419,0.028192,0.872578,-0.095638,0.478191,15.152886,3.228859,34.759010
1111,9.258333,0.047468,0.947139,-0.067975,0.309925,-3.102261,88.560295,16.255922,0.006722,0.915765,0.132827,0.379060,-2.148688,95.682198,15.538561,-0.008628,0.913584,-0.040759,0.404511,-3.846493,114.209297,20.309139,0.068796,0.949611,-0.064117,0.298991,-3.536244,132.173508,18.840792,0.029774,0.981354,0.048343,0.183633,-0.244826,145.294952,16.308266,-0.047966,0.933100,0.029822,0.355154,-6.691530,126.678917,17.165922,-0.498189,0.578020,-0.302383,0.571196,-19.105005,125.537476,6.046727,-0.589091,0.512112,-0.266056,0.565621,-15.637851,104.085670,-2.312613,-0.685928,0.413743,-0.226770,0.553981,-7.608607,82.339790,-8.705426,-0.042906,0.929343,-0.089963,0.355510,-1.956620,127.022026,22.364136,0.631213,0.759541,0.152246,0.038585,10.463767,129.422668,33.273064,0.629423,0.733474,0.256051,0.016734,15.124063,106.824265,30.162865,0.457059,0.787643,0.411277,-0.039579,20.104290,84.415527,23.002874,0.038388,0.952362,0.119512,0.277937,-10.177137,88.981087,11.029035,0.070074,0.960288,0.005933,0.270001,-10.409038,55.379250,2.390760,0.018531,0.955870,-0.095697,0.277148,-16.283291,11.109408,0.189356,-0.073644,0.952476,-0.084524,0.283236,3.972615,88.139503,21.482811,0.009672,0.984343,-0.141504,0.104651,7.178703,54.316383,28.516615,0.028725,0.872447,-0.095589,0.478407,5.003134,11.403227,40.881863,0.018531,0.955870,-0.095697,0.277148,-9.837708,2.941741,-9.760513,0.028725,0.872447,-0.095589,0.478407,15.147053,3.226879,34.757774
1112,9.266667,0.047519,0.947123,-0.067758,0.310015,-3.092076,88.557663,16.234894,0.006732,0.915695,0.132960,0.379183,-2.138700,95.679924,15.520819,-0.008423,0.913533,-0.040781,0.404628,-3.838794,114.206223,20.296036,0.069153,0.949577,-0.064446,0.298944,-3.521283,132.170502,18.829992,0.029409,0.981331,0.049476,0.183513,-0.218437,145.287979,16.291874,-0.047989,0.933152,0.030022,0.354998,-6.678211,126.677322,17.153585,-0.498447,0.577410,-0.302935,0.571296,-19.095310,125.537300,6.038295,-0.589376,0.511208,-0.267603,0.565412,-15.610894,104.076645,-2.291071,-0.686198,0.412604,-0.229104,0.553536,-7.576842,82.309990,-8.606647,-0.042910,0.929285,-0.089523,0.355771,-1.944588,127.017990,22.353130,0.631236,0.759658,0.151823,0.037565,10.469564,129.414230,33.270119,0.630038,0.733376,0.254845,0.016344,15.132165,106.819557,30.136293,0.458532,0.787356,0.410117,-0.040281,20.075808,84.397873,22.991493,0.038360,0.952482,0.119415,0.277573,-10.165893,88.980377,11.006728,0.069950,0.960388,0.005754,0.269684,-10.401199,55.376781,2.375401,0.018529,0.955978,-0.095647,0.276793,-16.269848,11.105192,0.194313,-0.073610,0.952423,-0.084622,0.283394,3.981741,88.134941,21.463060,0.009720,0.984332,-0.141635,0.104571,7.182451,54.312630,28.503180,0.028069,0.872465,-0.096189,0.478293,5.002423,11.402866,40.879444,0.018529,0.955978,-0.095647,0.276793,-9.831853,2.938604,-9.761354,0.028069,0.872465,-0.096189,0.478293,15.148529,3.221892,34.765160
1113,9.275000,0.047628,0.947103,-0.067383,0.310140,-3.078972,88.552780,16.208155,0.007023,0.915564,0.133261,0.379387,-2.125681,95.675621,15.499788,-0.009443,0.913376,-0.040445,0.404994,-3.819550,114.182976,20.285156,0.070119,0.949510,-0.063501,0.299134,-3.539946,132.147583,18.815405,0.029466,0.981403,0.049701,0.183057,-0.218986,145.266800,16.310118,-0.047129,0.933179,0.030306,0.355018,-6.683771,126.647202,17.137966,-0.499252,0.576607,-0.303136,0.571297,-19.103123,125.537338,6.022138,-0.589738,0.510600,-0.269180,0.564835,-15.581263,104.068314,-2.269858,-0.686430,0.411559,-0.230964,0.553253,-7.558055,82.274590,-8.505360,-0.042716,0.929272,-0.089317,0.355881,-1.954578,126.999260,22.340784,0.631098,0.759858,0.151531,0.037009,10.457509,129.387360,33.261902,0.630504,0.733372,0.253715,0.016095,15.130110,106.796120,30.118286,0.460423,0.786887,0.408816,-0.041096,20.045856,84.362030,22.993225,0.038429,0.952488,0.119206,0.277632,-10.151235,88.979179,10.978186,0.069993,0.960381,0.005571,0.269702,-10.394605,55.372501,2.359100,0.018555,0.955975,-0.095573,0.276829,-16.271332,11.101267,0.192580,-0.073585,0.952368,-0.084799,0.283532,3.993291,88.126381,21.438122,0.009750,0.984307,-0.141782,0.104611,7.187801,54.305882,28.489790,0.028094,0.872490,-0.096094,0.478266,5.003273,11.399892,40.878330,0.018555,0.955975,-0.095573,0.276829,-9.832590,2.936184,-9.763838,0.028094,0.872490,-0.096094,0.478266,15.149366,3.220566,34.761822
1114,9.283333,0.048231,0.947008,-0.067595,0.310291,-3.081449,88.560661,16.182819,0.007105,0.915449,0.133773,0.379485,-2.118880,95.682266,15.474458,-0.009327,0.913352,-0.040295,0.405064,-3.817273,114.177895,20.276768,0.070407,0.949542,-0.063387,0.298989,-3.535916,132.143021,18.813648,0.029528,0.981442,0.050161,0.182714,-0.209092,145.261627,16.312986,-0.047019,0.933162,0.030291,0.355078,-6.679949,126.643524,17.133709,-0.499445,0.575992,-0.303741,0.571427,-19.098223,125.537025,6.016347,-0.589828,0.509905,-0.271007,0.564496,-15.560465,104.059181,-2.245967,-0.686759,0.410192,-0.233606,0.552751,-7.550576,82.237778,-8.401264,-0.042559,0.929254,-0.089231,0.355969,-1.951530,126.993271,22.337381,0.631244,0.759693,0.151803,0.036799,10.458925,129.375702,33.261581,0.631045,0.732948,0.253557,0.016678,15.123680,106.785179,30.101273,0.460801,0.787004,0.408310,-0.039629,20.005667,84.337868,22.994646,0.038327,0.952482,0.118940,0.277783,-10.151046,88.995712,10.949965,0.069935,0.960416,0.005505,0.269594,-10.391581,55.384087,2.350103,0.018652,0.955998,-0.095900,0.276629,-16.265165,11.112059,0.191307,-0.073720,0.952351,-0.084876,0.283531,3.988149,88.125618,21.415672,0.009759,0.984284,-0.141905,0.104660,7.189950,54.307407,28.475014,0.028847,0.872415,-0.095616,0.478452,5.002838,11.404562,40.873978,0.018652,0.955998,-0.095900,0.276629,-9.833593,2.938819,-9.763045,0.028847,0.872415,-0.095616,0.478452,15.145661,3.226226,34.750736
1115,9.291667,0.048059,0.947019,-0.067207,0.310369,-3.065325,88.550522,16.159624,0.007020,0.915395,0.134031,0.379525,-2.106758,95.673111,15.455847,-0.009189,0.913340,-0.040112,0.405114,-3.812682,114.172363,20.267353,0.071048,0.949559,-0.063143,0.298837,-3.529396,132.138107,18.812286,0.029330,0.981522,0.050444,0.182236,-0.188760,145.255264,16.322428,-0.047007,0.933179,0.030369,0.355028,-6.673789,126.639679,17.129551,-0.499644,0.575404,-0.304312,0.571542,-19.093277,125.534401,6.013422,-0.589531,0.509204,-0.272853,0.564549,-15.540153,104.048088,-2.220245,-0.687019,0.408144,-0.237785,0.552161,-7.544191,82.203011,-8.309359,-0.042516,0.929256,-0.089000,0.356026,-1.945898,126.986633,22.333893,0.631372,0.759579,0.151896,0.036565,10.463320,129.365158,33.260353,0.631648,0.732614,0.252989,0.017161,15.121335,106.774940,30.087906,0.461552,0.787091,0.407384,-0.038668,19.965952,84.311119,23.007933,0.038466,0.952467,0.118870,0.277843,-10.134357,88.984741,10.925932,0.070157,0.960278,0.005227,0.270030,-10.384875,55.372707,2.327935,0.018212,0.955911,-0.095775,0.277003,-16.283203,11.103201,0.184998,-0.073619,0.952314,-0.085008,0.283640,4.003706,88.116302,21.393316,0.009855,0.984286,-0.142072,0.104398,7.195457,54.298626,28.459751,0.028041,0.872483,-0.095822,0.478336,5.001665,11.400196,40.872787,0.018212,0.955911,-0.095775,0.277003,-9.836821,2.935921,-9.764671,0.028041,0.872483,-0.095822,0.478336,15.151569,3.227137,34.754227
1116,9.300000,0.048126,0.947024,-0.067016,0.310384,-3.055284,88.546829,16.139776,0.006953,0.915337,0.134398,0.379536,-2.096637,95.669701,15.438923,-0.009177,0.913334,-0.039841,0.405154,-3.810158,114.162979,20.261499,0.071198,0.949668,-0.062479,0.298594,-3.530382,132.129517,18.815517,0.029599,0.981638,0.050298,0.181604,-0.192048,145.250458,16.342625,-0.046863,0.933146,0.030422,0.355129,-6.673544,126.631294,17.129776,-0.499671,0.574826,-0.305044,0.571710,-19.091085,125.531281,6.010953,-0.589456,0.508684,-0.274719,0.564191,-15.527746,104.035828,-2.194409,-0.686880,0.407512,-0.239888,0.551890,-7.555504,82.161385,-8.208735,-0.042464,0.929290,-0.088830,0.355986,-1.946107,126.976585,22.334641,0.631417,0.759508,0.152082,0.036486,10.464209,129.351379,33.260662,0.632019,0.732705,0.251747,0.017870,15.119886,106.761894,30.079540,0.463109,0.787083,0.405634,-0.038620,19.940733,84.274673,23.057846,0.038488,0.952480,0.118790,0.277831,-10.124037,88.983208,10.905892,0.070207,0.960244,0.005044,0.270142,-10.377663,55.369972,2.312707,0.018340,0.955895,-0.095726,0.277065,-16.284435,11.100918,0.183587,-0.073523,0.952275,-0.085033,0.283789,4.013468,88.110451,21.373663,0.009801,0.984231,-0.142268,0.104659,7.197292,54.292088,28.440371,0.028059,0.872476,-0.095816,0.478349,5.003190,11.398545,40.870232,0.018340,0.955895,-0.095726,0.277065,-9.838226,2.933870,-9.766382,0.028059,0.872476,-0.095816,0.478349,15.153111,3.225407,34.751812
1117,9.308333,0.048523,0.947004,-0.066872,0.310415,-3.049457,88.549614,16.115067,0.007165,0.915246,0.134528,0.379706,-2.086014,95.672211,15.417996,-0.009138,0.913259,-0.039557,0.405352,-3.794768,114.163116,20.247557,0.071369,0.949674,-0.062650,0.298497,-3.517531,132.130493,18.811552,0.029563,0.981665,0.050899,0.181300,-0.173917,145.249466,16.335300,-0.046999,0.933223,0.030596,0.354896,-6.659020,126.632645,17.121473,-0.499899,0.574515,-0.305562,0.571546,-19.081678,125.530090,6.008623,-0.590110,0.508444,-0.276260,0.562970,-15.516429,104.024300,-2.168751,-0.687184,0.408144,-0.240591,0.550738,-7.573294,82.115082,-8.094343,-0.042296,0.929239,-0.088610,0.356193,-1.933834,126.975891,22.328514,0.631585,0.759328,0.152274,0.036539,10.472025,129.343414,33.261173,0.632568,0.732354,0.251303,0.019024,15.117637,106.752609,30.074766,0.464084,0.786938,0.404952,-0.036982,19.903067,84.243141,23.100277,0.038522,0.952422,0.118518,0.278142,-10.117199,88.993332,10.880433,0.070181,0.960243,0.004966,0.270155,-10.375638,55.375790,2.304249,0.018478,0.955888,-0.095862,0.277033,-16.282072,11.106351,0.182337,-0.073744,0.951826,-0.084894,0.285275,4.018285,88.105896,21.349699,0.009881,0.984179,-0.142509,0.104811,7.208407,54.288143,28.416515,0.028851,0.872338,-0.095676,0.478581,5.003130,11.400879,40.866070,0.018478,0.955888,-0.095862,0.277033,-9.839025,2.935269,-9.766365,0.028851,0.872338,-0.095676,0.478581,15.147415,3.221352,34.746838
1118,9.316667,0.048284,0.947032,-0.066345,0.310478,-3.031698,88.538399,16.091146,0.007096,0.915238,0.134696,0.379666,-2.073811,95.662346,15.400217,-0.009061,0.913293,-0.039256,0.405305,-3.787496,114.154579,20.235395,0.071163,0.949808,-0.062473,0.298157,-3.512211,132.122849,18.810373,0.029996,0.981728,0.051197,0.180804,-0.176599,145.244095,16.335348,-0.046801,0.933313,0.030564,0.354686,-6.653345,126.625740,17.117279,-0.500273,0.574291,-0.305846,0.571292,-19.081606,125.528625,6.010155,-0.590180,0.508289,-0.277912,0.562223,-15.512503,104.014114,-2.142542,-0.687589,0.407219,-0.243668,0.549564,-7.605790,82.072845,-7.997844,-0.042184,0.929212,-0.088481,0.356309,-1.927601,126.966270,22.323994,0.631721,0.759160,0.152500,0.036742,10.475821,129.329086,33.260441,0.632953,0.732149,0.250840,0.020210,15.112752,106.736588,30.073315,0.465901,0.786365,0.404106,-0.035573,19.872540,84.205940,23.149860,0.038696,0.952386,0.118352,0.278311,-10.099157,88.980957,10.856030,0.070237,0.960228,0.004751,0.270199,-10.370807,55.361622,2.287297,0.018077,0.955924,-0.095589,0.277028,-16.287092,11.092690,0.182220,-0.073625,0.951879,-0.085093,0.285071,4.035761,88.095840,21.326262,0.009936,0.984153,-0.142663,0.104837,7.215528,54.279221,28.403122,0.028689,0.872356,-0.095631,0.478566,5.003592,11.395985,40.865345,0.018077,0.955924,-0.095589,0.277028,-9.837511,2.930566,-9.769608,0.028689,0.872356,-0.095631,0.478566,15.150070,3.219284,34.745972
1119,9.325000,0.048665,0.947021,-0.066362,0.310448,-3.029758,88.541306,16.071077,0.007188,0.915180,0.134964,0.379709,-2.066617,95.664680,15.381622,-0.008904,0.913286,-0.038939,0.405356,-3.780642,114.148018,20.225677,0.071480,0.949882,-0.062336,0.297875,-3.504760,132.117294,18.813402,0.029991,0.981839,0.051325,0.180164,-0.163290,145.237961,16.343197,-0.046688,0.933383,0.030514,0.354522,-6.645853,126.621460,17.116087,-0.500506,0.574201,-0.306204,0.570987,-19.078344,125.527000,6.013426,-0.590346,0.508064,-0.279637,0.561396,-15.514607,104.003181,-2.117059,-0.688196,0.405902,-0.246135,0.548678,-7.643183,82.028709,-7.894904,-0.042144,0.929208,-0.088360,0.356356,-1.920648,126.958191,22.323540,0.631619,0.758796,0.154361,0.038190,10.481764,129.318451,33.261688,0.633510,0.731587,0.250896,0.022291,15.119612,106.726631,30.071098,0.467258,0.786199,0.403013,-0.033793,19.841188,84.168312,23.211866,0.038667,0.952291,0.118137,0.278731,-10.096892,88.990158,10.836056,0.070239,0.960250,0.004711,0.270118,-10.367079,55.367134,2.281739,0.018211,0.955906,-0.095805,0.277007,-16.284708,11.098203,0.180576,-0.073699,0.951889,-0.085179,0.284993,4.037375,88.092453,21.306097,0.009998,0.984148,-0.142810,0.104678,7.220863,54.277618,28.389820,0.028601,0.872362,-0.095725,0.478542,5.004201,11.398238,40.864487,0.018211,0.955906,-0.095805,0.277007,-9.838350,2.930230,-9.768539,0.028601,0.872362,-0.095725,0.478542,15.150746,3.220648,34.746407
1120,9.333333,0.048137,0.947139,-0.065716,0.310311,-3.004924,88.525703,16.052937,0.006983,0.915177,0.135147,0.379655,-2.051940,95.651047,15.369741,-0.008831,0.913285,-0.038796,0.405374,-3.776259,114.139893,20.219109,0.071315,0.950000,-0.062180,0.297571,-3.500007,132.109619,18.812592,0.030294,0.981920,0.051521,0.179616,-0.165173,145.232193,16.343578,-0.046578,0.933460,0.030574,0.354328,-6.641133,126.614380,17.113401,-0.500847,0.574047,-0.306539,0.570663,-19.078568,125.523743,6.015905,-0.590538,0.508074,-0.280848,0.560580,-15.516162,103.990128,-2.089167,-0.687455,0.407615,-0.247865,0.547557,-7.677856,81.989021,-7.810375,-0.042039,0.929180,-0.088292,0.356458,-1.916119,126.949356,22.321138,0.631839,0.758747,0.153765,0.037936,10.484177,129.305817,33.262505,0.633871,0.731546,0.249994,0.023456,15.109989,106.710564,30.078783,0.467470,0.786614,0.402116,-0.031831,19.806984,84.127739,23.283628,0.039210,0.951759,0.117762,0.280623,-10.074464,88.969551,10.820739,0.070232,0.960442,0.004719,0.269437,-10.370898,55.343342,2.279842,0.018009,0.955933,-0.095142,0.277157,-16.289221,11.074326,0.182359,-0.073475,0.952007,-0.085440,0.284578,4.064617,88.081863,21.285133,0.010169,0.984175,-0.142942,0.104232,7.231202,54.267822,28.380236,0.028160,0.872446,-0.095704,0.478420,5.003885,11.392132,40.865665,0.018009,0.955933,-0.095142,0.277157,-9.833899,2.922909,-9.774521,0.028160,0.872446,-0.095704,0.478420,15.154420,3.220145,34.746719
1121,9.341667,0.048463,0.947090,-0.065694,0.310415,-3.000886,88.526001,16.025888,0.007662,0.915057,0.135963,0.379640,-2.043484,95.650932,15.344583,-0.009557,0.913267,-0.038630,0.405413,-3.754704,114.119217,20.228760,0.071078,0.950123,-0.061630,0.297349,-3.504741,132.088928,18.817108,0.030851,0.982041,0.051110,0.178974,-0.181093,145.216400,16.359106,-0.046134,0.933502,0.030654,0.354269,-6.637765,126.588593,17.119406,-0.501300,0.574368,-0.306398,0.570018,-19.077957,125.512634,6.023572,-0.590268,0.508059,-0.282694,0.559950,-15.528687,103.972374,-2.069599,-0.687915,0.405362,-0.252718,0.546432,-7.739647,81.937103,-7.726234,-0.042278,0.929354,-0.087917,0.356069,-1.913389,126.931992,22.327175,0.632013,0.758528,0.153994,0.038483,10.495480,129.290512,33.258362,0.634217,0.731388,0.249418,0.025131,15.109125,106.691231,30.085621,0.468328,0.786804,0.400915,-0.029582,19.781132,84.081635,23.362619,0.038458,0.953026,0.118263,0.276182,-10.068734,88.975235,10.791869,0.070334,0.960184,0.004111,0.270337,-10.345586,55.353184,2.233997,0.017978,0.955943,-0.095544,0.276986,-16.285381,11.084977,0.180697,-0.073466,0.952154,-0.085625,0.284032,4.066962,88.076759,21.259909,0.010152,0.984148,-0.143084,0.104289,7.233315,54.264820,28.365112,0.028235,0.872401,-0.095739,0.478491,5.005442,11.392713,40.862732,0.017978,0.955943,-0.095544,0.276986,-9.835174,2.924566,-9.772121,0.028235,0.872401,-0.095739,0.478491,15.155828,3.219151,34.745651
1122,9.350000,0.048319,0.947171,-0.065212,0.310290,-2.982294,88.514954,16.004347,0.007627,0.915033,0.136179,0.379621,-2.029089,95.640999,15.328813,-0.009503,0.913258,-0.038436,0.405453,-3.745132,114.113007,20.221498,0.071214,0.950227,-0.061485,0.297015,-3.496166,132.083298,18.817053,0.030927,0.982164,0.051247,0.178247,-0.171528,145.211136,16.362324,-0.045973,0.933619,0.030609,0.353986,-6.628715,126.583458,17.116898,-0.501647,0.574661,-0.306520,0.569351,-19.076113,125.511505,6.028753,-0.590490,0.508358,-0.283970,0.558798,-15.546027,103.961388,-2.046546,-0.687783,0.405979,-0.254177,0.545462,-7.806378,81.893562,-7.643801,-0.042155,0.929292,-0.087657,0.356310,-1.904778,126.925049,22.325186,0.632044,0.758278,0.154864,0.039402,10.498715,129.277267,33.263840,0.634537,0.731282,0.248709,0.027089,15.107197,106.676064,30.097279,0.469472,0.787055,0.399216,-0.027708,19.754765,84.035889,23.460833,0.038517,0.953037,0.118269,0.276132,-10.051753,88.964622,10.772536,0.070691,0.959906,0.003824,0.271236,-10.332807,55.342972,2.213191,0.017839,0.955745,-0.095449,0.277710,-16.308123,11.079058,0.170363,-0.073339,0.952200,-0.085756,0.283872,4.087164,88.065285,21.236156,0.010264,0.984130,-0.143307,0.104146,7.243720,54.253613,28.347000,0.028106,0.872444,-0.095727,0.478422,5.005804,11.387441,40.863186,0.017839,0.955745,-0.095449,0.277710,-9.839632,2.921947,-9.773300,0.028106,0.872444,-0.095727,0.478422,15.156897,3.215632,34.744923
1123,9.358333,0.048399,0.947226,-0.064909,0.310174,-2.969465,88.506683,15.976397,0.007302,0.914995,0.136261,0.379689,-2.016581,95.633179,15.305239,-0.008817,0.913253,-0.037894,0.405530,-3.747204,114.121735,20.200453,0.071301,0.950323,-0.061639,0.296654,-3.483466,132.093964,18.823833,0.030875,0.982268,0.051406,0.177634,-0.156900,145.220413,16.364252,-0.046137,0.933752,0.030323,0.353638,-6.620134,126.599289,17.114595,-0.501919,0.574822,-0.306802,0.568797,-19.075254,125.518272,6.036015,-0.590383,0.508752,-0.285448,0.557798,-15.561801,103.957573,-2.018244,-0.687390,0.406547,-0.256065,0.544651,-7.881925,81.855171,-7.561133,-0.041870,0.929312,-0.087535,0.356319,-1.896903,126.929024,22.324286,0.632237,0.757980,0.155342,0.040156,10.507161,129.270981,33.264481,0.635117,0.730889,0.248140,0.029237,15.101489,106.665421,30.108511,0.468105,0.788562,0.398047,-0.024621,19.707817,83.991959,23.557484,0.038657,0.952859,0.117985,0.276848,-10.040052,88.959541,10.746389,0.070615,0.960030,0.003692,0.270817,-10.329428,55.333984,2.202664,0.017975,0.955850,-0.095172,0.277433,-16.302317,11.069015,0.175592,-0.073343,0.952212,-0.085989,0.283759,4.101123,88.053825,21.206402,0.010404,0.984147,-0.143497,0.103708,7.254100,54.244972,28.332191,0.028112,0.872489,-0.095593,0.478367,5.007710,11.383933,40.864414,0.017975,0.955850,-0.095172,0.277433,-9.840579,2.917211,-9.776806,0.028112,0.872489,-0.095593,0.478367,15.158897,3.214765,34.742790
1124,9.366667,0.048474,0.947294,-0.064692,0.309998,-2.957017,88.500778,15.955236,0.007267,0.914967,0.136575,0.379645,-2.004202,95.627579,15.287197,-0.008741,0.913256,-0.037732,0.405542,-3.740805,114.117340,20.193979,0.071329,0.950421,-0.061562,0.296349,-3.476921,132.090057,18.823826,0.030951,0.982368,0.051540,0.177028,-0.151484,145.216949,16.365053,-0.045820,0.933935,0.030208,0.353205,-6.613587,126.596024,17.112543,-0.502581,0.575226,-0.306606,0.567908,-19.079893,125.522827,6.045783,-0.591067,0.509210,-0.286136,0.556301,-15.582490,103.952805,-1.990483,-0.687389,0.408260,-0.257023,0.542917,-7.943967,81.822792,-7.480046,-0.041785,0.929325,-0.087368,0.356337,-1.890467,126.923843,22.322454,0.632323,0.757742,0.155902,0.041098,10.513407,129.261261,33.263851,0.635276,0.730970,0.247227,0.031388,15.099107,106.651772,30.123550,0.469307,0.788826,0.396226,-0.022579,19.689398,83.945923,23.674229,0.038720,0.952921,0.117889,0.276667,-10.029402,88.956329,10.727888,0.070665,0.960003,0.003541,0.270904,-10.326478,55.329536,2.189271,0.017552,0.955846,-0.095151,0.277482,-16.307119,11.065102,0.173394,-0.073329,0.952231,-0.086102,0.283663,4.115368,88.045235,21.182585,0.010499,0.984116,-0.143711,0.103699,7.265833,54.237587,28.315222,0.028101,0.872484,-0.095512,0.478393,5.009235,11.382198,40.864956,0.017552,0.955846,-0.095151,0.277482,-9.838452,2.916707,-9.777301,0.028101,0.872484,-0.095512,0.478393,15.161573,3.214847,34.742809
1125,9.375000,0.048488,0.947344,-0.064571,0.309870,-2.939760,88.496414,15.932094,0.007094,0.914931,0.137167,0.379522,-1.987376,95.623421,15.265634,-0.008585,0.913298,-0.037739,0.405449,-3.738201,114.108299,20.190800,0.071345,0.950546,-0.061341,0.295990,-3.469198,132.081085,18.822638,0.031034,0.982478,0.051604,0.176384,-0.146521,145.209442,16.367973,-0.045528,0.934076,0.030175,0.352871,-6.607840,126.588188,17.111338,-0.503038,0.575712,-0.306590,0.567019,-19.082918,125.523163,6.053683,-0.590983,0.510015,-0.287700,0.554845,-15.611093,103.942635,-1.965462,-0.687632,0.407948,-0.259068,0.541871,-8.055147,81.770126,-7.397558,-0.041679,0.929281,-0.087274,0.356486,-1.883617,126.914009,22.320374,0.632367,0.757524,0.156528,0.042049,10.517009,129.247375,33.266308,0.635298,0.731146,0.246371,0.033519,15.096399,106.634605,30.140390,0.471188,0.788682,0.394380,-0.020659,19.678720,83.898682,23.792152,0.038748,0.953109,0.117782,0.276059,-10.013512,88.953049,10.706693,0.070721,0.959927,0.003360,0.271161,-10.319940,55.324661,2.174719,0.017564,0.955820,-0.095098,0.277590,-16.309191,11.060819,0.171390,-0.073242,0.952247,-0.086291,0.283576,4.133990,88.039787,21.157494,0.010569,0.984093,-0.143875,0.103683,7.275595,54.233509,28.300529,0.028527,0.872426,-0.095431,0.478489,5.011577,11.382479,40.863777,0.017564,0.955820,-0.095098,0.277590,-9.838071,2.913582,-9.778653,0.028527,0.872426,-0.095431,0.478489,15.160489,3.211778,34.740425
1126,9.383333,0.048493,0.947410,-0.064515,0.309677,-2.925598,88.493683,15.912163,0.007089,0.914897,0.137590,0.379450,-1.973538,95.620789,15.246299,-0.008501,0.913312,-0.037554,0.405437,-3.730669,114.104965,20.187059,0.071371,0.950643,-0.061315,0.295675,-3.461637,132.078308,18.826202,0.031049,0.982583,0.051657,0.175778,-0.139775,145.206757,16.370962,-0.045325,0.934237,0.029979,0.352490,-6.600349,126.586113,17.112759,-0.503230,0.576156,-0.306738,0.566318,-19.085032,125.524475,6.065623,-0.590899,0.510849,-0.289003,0.553488,-15.641233,103.934517,-1.940218,-0.687654,0.408629,-0.260791,0.540502,-8.162389,81.724442,-7.325336,-0.041614,0.929275,-0.087233,0.356520,-1.875974,126.909805,22.321787,0.632444,0.757286,0.157096,0.043047,10.524016,129.240768,33.268948,0.635581,0.731190,0.245189,0.035782,15.094942,106.623886,30.160475,0.471786,0.789377,0.392365,-0.018755,19.652388,83.851875,23.924675,0.038979,0.952914,0.117520,0.276812,-10.001455,88.950974,10.689675,0.070701,0.959979,0.003333,0.270980,-10.321546,55.319550,2.170204,0.017509,0.955794,-0.094959,0.277731,-16.310158,11.055449,0.170815,-0.073181,0.952276,-0.086398,0.283460,4.150259,88.036385,21.134651,0.010689,0.984080,-0.144066,0.103520,7.286595,54.230785,28.283184,0.028167,0.872446,-0.095595,0.478442,5.012348,11.384895,40.862114,0.017509,0.955794,-0.094959,0.277731,-9.834568,2.911796,-9.779249,0.028167,0.872446,-0.095595,0.478442,15.163954,3.215089,34.742035
1127,9.391667,0.048801,0.947420,-0.064544,0.309592,-2.918331,88.496605,15.885713,0.007171,0.914852,0.138146,0.379355,-1.961996,95.623222,15.220766,-0.008388,0.913359,-0.037423,0.405344,-3.723854,114.101387,20.181999,0.071459,0.950741,-0.061226,0.295358,-3.453167,132.075150,18.827089,0.031011,0.982682,0.051702,0.175221,-0.131044,145.203827,16.373394,-0.045142,0.934387,0.029856,0.352125,-6.592814,126.583878,17.112444,-0.503571,0.576796,-0.306617,0.565428,-19.086636,125.525925,6.075291,-0.590573,0.511330,-0.290121,0.552807,-15.673741,103.927704,-1.921496,-0.687628,0.407779,-0.263839,0.539697,-8.249670,81.691750,-7.275466,-0.041497,0.929259,-0.087245,0.356572,-1.867355,126.905312,22.320631,0.632562,0.757025,0.157595,0.044069,10.531734,129.232910,33.269535,0.635984,0.730941,0.244499,0.038345,15.091559,106.611046,30.181015,0.470049,0.791202,0.390923,-0.015265,19.615273,83.803551,24.051252,0.038985,0.952933,0.117213,0.276875,-9.994587,88.958992,10.664212,0.070674,0.960030,0.003307,0.270808,-10.320499,55.322601,2.164560,0.017636,0.955792,-0.095074,0.277689,-16.307724,11.058128,0.169153,-0.073255,0.952293,-0.086516,0.283350,4.157924,88.034210,21.107212,0.010801,0.984065,-0.144262,0.103379,7.297563,54.230774,28.264528,0.028174,0.872447,-0.095832,0.478391,5.013416,11.390170,40.859665,0.017636,0.955792,-0.095074,0.277689,-9.835310,2.910962,-9.780103,0.028174,0.872447,-0.095832,0.478391,15.162378,3.215377,34.741863
1128,9.400000,0.048817,0.947532,-0.064370,0.309285,-2.901284,88.489929,15.864255,0.007072,0.914850,0.138552,0.379214,-1.945718,95.616844,15.201437,-0.008263,0.913396,-0.037318,0.405274,-3.716726,114.096130,20.176838,0.071401,0.950897,-0.061162,0.294883,-3.443562,132.070251,18.827175,0.031206,0.982823,0.051756,0.174376,-0.125343,145.199722,16.372475,-0.044926,0.934602,0.029581,0.351605,-6.584285,126.579956,17.111385,-0.503997,0.577403,-0.306534,0.564473,-19.090992,125.524673,6.088579,-0.590171,0.512398,-0.291132,0.551714,-15.708384,103.916573,-1.894358,-0.687182,0.408688,-0.266690,0.538175,-8.365194,81.648590,-7.226719,-0.041444,0.929249,-0.087212,0.356613,-1.857996,126.899147,22.318956,0.632599,0.756819,0.158123,0.045179,10.540242,129.224808,33.269234,0.635855,0.731239,0.243570,0.040634,15.093276,106.598473,30.203569,0.473168,0.790283,0.389077,-0.013558,19.616142,83.761269,24.184788,0.039000,0.953124,0.117185,0.276226,-9.980853,88.953964,10.647394,0.070669,0.959999,0.003119,0.270920,-10.314109,55.317211,2.149493,0.016847,0.955905,-0.095080,0.277349,-16.305262,11.052572,0.169618,-0.073134,0.952387,-0.086713,0.283004,4.178286,88.025887,21.081114,0.010929,0.984055,-0.144441,0.103212,7.308641,54.223587,28.247864,0.028143,0.872447,-0.095826,0.478395,5.013753,11.387855,40.857601,0.016847,0.955905,-0.095080,0.277349,-9.829643,2.910632,-9.781833,0.028143,0.872447,-0.095826,0.478395,15.163207,3.213552,34.739960
1129,9.408333,0.048942,0.947610,-0.064284,0.309042,-2.888183,88.487183,15.845124,0.007021,0.914854,0.138834,0.379101,-1.931452,95.614090,15.183798,-0.008157,0.913433,-0.037148,0.405209,-3.707636,114.088989,20.168028,0.071383,0.950993,-0.060960,0.294621,-3.433565,132.063644,18.825466,0.031183,0.982907,0.051765,0.173904,-0.118427,145.194595,16.374565,-0.044544,0.934807,0.029473,0.351116,-6.574875,126.574196,17.107950,-0.504277,0.578154,-0.306569,0.563435,-19.094185,125.528786,6.098516,-0.590465,0.513342,-0.291839,0.550146,-15.752947,103.909454,-1.871420,-0.687431,0.409772,-0.266965,0.536894,-8.476143,81.610672,-7.165944,-0.041332,0.929205,-0.087317,0.356714,-1.847810,126.891037,22.314964,0.632642,0.756593,0.158666,0.046434,10.548338,129.214722,33.268036,0.636175,0.731130,0.242615,0.043231,15.093459,106.583092,30.229811,0.471400,0.792385,0.387044,-0.010261,19.586315,83.709564,24.327608,0.039069,0.953170,0.117015,0.276131,-9.970188,88.954132,10.631828,0.070666,0.960079,0.003079,0.270640,-10.312103,55.314976,2.143768,0.016760,0.955913,-0.095036,0.277340,-16.304571,11.050281,0.169178,-0.073173,0.952287,-0.086696,0.283336,4.193821,88.020233,21.058420,0.011093,0.984023,-0.144720,0.103108,7.324526,54.218121,28.225903,0.028267,0.872391,-0.095786,0.478498,5.014061,11.389899,40.858303,0.016760,0.955913,-0.095036,0.277340,-9.827800,2.909937,-9.782830,0.028267,0.872391,-0.095786,0.478498,15.163785,3.215007,34.741894
1130,9.416667,0.049185,0.947471,-0.063578,0.309574,-2.858155,88.493500,15.802979,0.006712,0.914754,0.139625,0.379057,-1.900857,95.621361,15.152897,-0.007954,0.913526,-0.037033,0.405014,-3.698801,114.083626,20.158709,0.071511,0.951149,-0.060410,0.294198,-3.420011,132.058685,18.822845,0.031100,0.983048,0.051681,0.173141,-0.107512,145.192749,16.385061,-0.044386,0.935014,0.029428,0.350588,-6.563650,126.570831,17.104565,-0.504662,0.579033,-0.306444,0.562254,-19.095814,125.529007,6.109429,-0.590464,0.514519,-0.292489,0.548702,-15.798378,103.898766,-1.849146,-0.687184,0.411082,-0.267553,0.535915,-8.598009,81.569717,-7.120614,-0.041332,0.929165,-0.087086,0.356876,-1.834316,126.884315,22.309717,0.632175,0.755902,0.162617,0.050228,10.557980,129.205643,33.267639,0.636561,0.730497,0.242757,0.047252,15.113544,106.573547,30.248589,0.471935,0.793271,0.384627,-0.007804,19.565243,83.658562,24.477465,0.039336,0.953287,0.116326,0.275978,-9.933935,88.967621,10.581888,0.070665,0.960029,0.002969,0.270817,-10.308268,55.318760,2.133753,0.016870,0.955899,-0.095139,0.277345,-16.302935,11.053991,0.167495,-0.073087,0.952244,-0.086940,0.283429,4.217625,88.019371,21.024071,0.011191,0.984001,-0.144938,0.103003,7.337055,54.219322,28.206196,0.028225,0.872399,-0.096034,0.478436,5.017282,11.396969,40.856743,0.016870,0.955899,-0.095139,0.277345,-9.827973,2.910523,-9.783131,0.028225,0.872399,-0.096034,0.478436,15.164730,3.217430,34.742771
1131,9.425000,0.049206,0.947605,-0.063573,0.309163,-2.845688,88.488068,15.788218,0.006706,0.914800,0.139857,0.378862,-1.888411,95.615913,15.137889,-0.007892,0.913586,-0.036816,0.404898,-3.689419,114.081177,20.153463,0.071459,0.951255,-0.060351,0.293881,-3.411910,132.056870,18.825613,0.031143,0.983134,0.051676,0.172647,-0.102456,145.191635,16.387480,-0.044244,0.935169,0.029332,0.350202,-6.555709,126.569618,17.105679,-0.504851,0.579975,-0.306404,0.561134,-19.097328,125.530502,6.121064,-0.590427,0.515837,-0.293265,0.547086,-15.849604,103.890053,-1.830185,-0.686938,0.412846,-0.268383,0.534457,-8.736435,81.526772,-7.074832,-0.041271,0.929191,-0.087020,0.356830,-1.825042,126.881004,22.309748,0.632160,0.755670,0.163281,0.051732,10.568519,129.199570,33.266823,0.636732,0.730528,0.241692,0.049859,15.117830,106.561852,30.280745,0.472444,0.794163,0.382200,-0.005073,19.546885,83.612038,24.631905,0.039403,0.953261,0.116252,0.276092,-9.925914,88.963142,10.573242,0.070710,0.960061,0.002911,0.270692,-10.305127,55.313469,2.128585,0.016882,0.955911,-0.095016,0.277348,-16.305298,11.049234,0.167019,-0.072966,0.952195,-0.086898,0.283637,4.234539,88.012985,21.003195,0.011254,0.983965,-0.145206,0.102961,7.345368,54.211212,28.180902,0.028192,0.872409,-0.096020,0.478422,5.018177,11.395916,40.853985,0.016882,0.955911,-0.095016,0.277348,-9.829899,2.908506,-9.785567,0.028192,0.872409,-0.096020,0.478422,15.165949,3.217053,34.739639
1132,9.433333,0.049196,0.947749,-0.063717,0.308694,-2.833792,88.485550,15.775588,0.006635,0.914878,0.140120,0.378578,-1.876340,95.613144,15.122773,-0.007801,0.913687,-0.036692,0.404683,-3.682219,114.076843,20.147230,0.071539,0.951358,-0.060259,0.293547,-3.403831,132.052917,18.824711,0.031139,0.983215,0.051692,0.172183,-0.094412,145.187958,16.388037,-0.044014,0.935368,0.029160,0.349713,-6.548896,126.566444,17.104586,-0.505198,0.580857,-0.306165,0.560039,-19.102640,125.531723,6.133412,-0.589982,0.516991,-0.293965,0.546100,-15.895772,103.882996,-1.811929,-0.686659,0.413310,-0.270891,0.533190,-8.859683,81.493523,-7.048824,-0.041186,0.929184,-0.086981,0.356869,-1.815760,126.875854,22.306528,0.632004,0.755508,0.164098,0.053389,10.577098,129.191406,33.265045,0.636879,0.730308,0.241395,0.052575,15.127476,106.549301,30.313992,0.471207,0.795502,0.380970,-0.001779,19.534187,83.570251,24.767393,0.039387,0.953450,0.116360,0.275394,-9.919145,88.960327,10.567548,0.070695,0.960038,0.002777,0.270781,-10.301388,55.312302,2.116456,0.016975,0.955898,-0.094998,0.277391,-16.303358,11.047811,0.166240,-0.073038,0.952458,-0.087137,0.282658,4.251559,88.010773,20.983627,0.011565,0.983985,-0.145312,0.102585,7.369647,54.212612,28.175186,0.028436,0.872349,-0.096032,0.478515,5.018997,11.400718,40.855408,0.016975,0.955898,-0.094998,0.277391,-9.828204,2.906871,-9.786335,0.028436,0.872349,-0.096032,0.478515,15.164929,3.218751,34.742165
1133,9.441667,0.049177,0.947916,-0.063832,0.308159,-2.821192,88.480286,15.765145,0.006505,0.914958,0.140276,0.378329,-1.863863,95.607689,15.110140,-0.007589,0.913768,-0.036551,0.404518,-3.675509,114.072510,20.139330,0.071551,0.951438,-0.060374,0.293260,-3.392449,132.049072,18.824505,0.031033,0.983273,0.051808,0.171835,-0.083015,145.183350,16.383718,-0.043850,0.935556,0.029072,0.349238,-6.539689,126.564255,17.103111,-0.505325,0.581842,-0.306065,0.558955,-19.104988,125.532875,6.144860,-0.590215,0.518370,-0.294313,0.544352,-15.948635,103.875587,-1.797371,-0.686164,0.416155,-0.269764,0.532185,-8.991014,81.456825,-7.013722,-0.040979,0.929130,-0.086778,0.357082,-1.804630,126.870049,22.303516,0.631951,0.755295,0.164827,0.054761,10.583719,129.177307,33.268875,0.636914,0.730505,0.240108,0.055228,15.130289,106.530991,30.344475,0.474978,0.794399,0.378585,-0.000043,19.521063,83.517281,24.930609,0.039438,0.953528,0.116554,0.275035,-9.912393,88.954857,10.565054,0.070688,0.959979,0.002572,0.270993,-10.297452,55.310249,2.100515,0.016939,0.955906,-0.094940,0.277388,-16.303391,11.045584,0.166690,-0.072856,0.952730,-0.087365,0.281717,4.270008,88.005707,20.965237,0.011661,0.983993,-0.145406,0.102364,7.378696,54.208469,28.165215,0.028194,0.872400,-0.096128,0.478418,5.021567,11.399210,40.853119,0.016939,0.955906,-0.094940,0.277388,-9.827572,2.906200,-9.786722,0.028194,0.872400,-0.096128,0.478418,15.168423,3.218089,34.740276
1134,9.450000,0.049219,0.948057,-0.063930,0.307699,-2.811497,88.477310,15.753659,0.006451,0.915045,0.140503,0.378035,-1.853488,95.604477,15.097043,-0.007523,0.913876,-0.036458,0.404284,-3.668705,114.066673,20.133764,0.071701,0.951572,-0.060058,0.292852,-3.385185,132.043518,18.822876,0.031104,0.983390,0.051716,0.171177,-0.075981,145.179230,16.389500,-0.043594,0.935739,0.029022,0.348784,-6.533656,126.559280,17.101852,-0.505604,0.582820,-0.305838,0.557807,-19.110308,125.534615,6.156001,-0.590048,0.519948,-0.294733,0.542799,-16.000504,103.868996,-1.781868,-0.685713,0.418247,-0.270099,0.530956,-9.133604,81.420624,-6.991141,-0.041021,0.929239,-0.086804,0.356787,-1.795907,126.863602,22.299896,0.632092,0.755057,0.164958,0.056021,10.599362,129.171753,33.257244,0.637201,0.730397,0.239044,0.057910,15.131158,106.517494,30.371624,0.472559,0.796842,0.376452,0.003704,19.489798,83.469032,25.080994,0.039381,0.953714,0.116659,0.274354,-9.907614,88.952698,10.560352,0.070711,0.960088,0.002493,0.270600,-10.292904,55.309464,2.090322,0.016677,0.955899,-0.094976,0.277414,-16.303520,11.045048,0.165216,-0.072848,0.952873,-0.087399,0.281224,4.284620,88.001930,20.946968,0.011840,0.983976,-0.145632,0.102187,7.395819,54.205017,28.147375,0.028389,0.872394,-0.096111,0.478419,5.023228,11.402026,40.853539,0.016677,0.955899,-0.094976,0.277414,-9.823723,2.906668,-9.786431,0.028389,0.872394,-0.096111,0.478419,15.167711,3.218941,34.739391
1135,9.458333,0.049263,0.948185,-0.064025,0.307277,-2.801742,88.474144,15.742156,0.006392,0.915132,0.140771,0.377724,-1.843011,95.601067,15.084021,-0.007408,0.914001,-0.036357,0.404011,-3.662510,114.060638,20.129766,0.071678,0.951683,-0.059889,0.292533,-3.377055,132.037811,18.823793,0.031168,0.983458,0.051604,0.170809,-0.070997,145.174805,16.393068,-0.043302,0.935904,0.029034,0.348376,-6.527371,126.554535,17.103086,-0.505952,0.583967,-0.305575,0.556434,-19.114372,125.538544,6.168339,-0.590239,0.521478,-0.294582,0.541202,-16.059372,103.862831,-1.763248,-0.685839,0.420455,-0.270897,0.528637,-9.264847,81.392799,-6.974007,-0.040792,0.929223,-0.086850,0.356843,-1.786499,126.856674,22.298405,0.631962,0.754912,0.165622,0.057453,10.608048,129.158432,33.257900,0.637249,0.730466,0.238045,0.060560,15.139935,106.500206,30.403706,0.473209,0.797365,0.374495,0.006069,19.480516,83.420387,25.236399,0.039909,0.952901,0.116201,0.277281,-9.902346,88.950333,10.555063,0.070652,0.960207,0.002713,0.270193,-10.305411,55.302601,2.103739,0.016876,0.955883,-0.094756,0.277531,-16.306417,11.037538,0.163690,-0.072825,0.952939,-0.087492,0.280977,4.298862,87.997955,20.929249,0.011950,0.983957,-0.145736,0.102206,7.408583,54.201950,28.134531,0.028371,0.872359,-0.096163,0.478474,5.025142,11.401903,40.848587,0.016876,0.955883,-0.094756,0.277531,-9.825770,2.902843,-9.790412,0.028371,0.872359,-0.096163,0.478474,15.170297,3.217989,34.736668
1136,9.466667,0.049347,0.948352,-0.063887,0.306776,-2.788774,88.469528,15.726912,0.006316,0.915222,0.141017,0.377418,-1.829838,95.596596,15.070522,-0.007310,0.914113,-0.036231,0.403771,-3.654207,114.056328,20.124985,0.071666,0.951792,-0.059798,0.292200,-3.367700,132.033875,18.824482,0.031146,0.983535,0.051553,0.170384,-0.063999,145.171600,16.394474,-0.043095,0.936139,0.028908,0.347781,-6.519445,126.551437,17.103708,-0.506227,0.585087,-0.305199,0.555213,-19.120888,125.539505,6.185217,-0.589833,0.523310,-0.295162,0.539558,-16.116186,103.857018,-1.747065,-0.685109,0.422540,-0.271112,0.527810,-9.430137,81.353447,-6.953432,-0.040819,0.929243,-0.086863,0.356786,-1.775827,126.851501,22.296642,0.632025,0.754710,0.165871,0.058682,10.620020,129.154099,33.254505,0.637378,0.730572,0.236624,0.063427,15.141543,106.489441,30.435150,0.475515,0.796853,0.372619,0.008123,19.457102,83.373352,25.410975,0.039992,0.952928,0.116151,0.277196,-9.894659,88.948586,10.547318,0.070565,0.960254,0.002662,0.270048,-10.304946,55.300522,2.097678,0.017635,0.955929,-0.094236,0.277504,-16.300035,11.034325,0.165041,-0.072789,0.952985,-0.087597,0.280799,4.317111,87.990479,20.906506,0.011955,0.983989,-0.146001,0.101522,7.423715,54.195370,28.117367,0.028459,0.872594,-0.096231,0.478027,5.046317,11.402249,40.855843,0.017635,0.955929,-0.094236,0.277504,-9.828041,2.906261,-9.800105,0.028459,0.872594,-0.096231,0.478027,15.183036,3.215622,34.733562
1137,9.475000,0.049380,0.948474,-0.063763,0.306419,-2.774143,88.466278,15.713414,0.006142,0.915321,0.141256,0.377090,-1.815541,95.593521,15.058502,-0.007199,0.914255,-0.036133,0.403461,-3.647851,114.052139,20.119740,0.071708,0.951912,-0.059717,0.291816,-3.359527,132.029999,18.823996,0.031239,0.983611,0.051530,0.169938,-0.056917,145.168121,16.394653,-0.042893,0.936331,0.028806,0.347296,-6.513254,126.548515,17.103840,-0.506437,0.586090,-0.304965,0.554090,-19.126532,125.540993,6.198622,-0.589437,0.525007,-0.295497,0.538157,-16.169905,103.851105,-1.731474,-0.684885,0.423800,-0.271085,0.527104,-9.578944,81.320618,-6.942657,-0.040770,0.929323,-0.086746,0.356611,-1.766087,126.846436,22.293652,0.632129,0.754423,0.166243,0.060183,10.634075,129.145706,33.247326,0.637685,0.730475,0.235413,0.065907,15.141156,106.473206,30.468130,0.474254,0.798863,0.369827,0.011319,19.422457,83.324898,25.564447,0.039987,0.953217,0.116234,0.276167,-9.883815,88.947060,10.539182,0.070608,0.960206,0.002493,0.270209,-10.301313,55.300308,2.084675,0.016812,0.955935,-0.094658,0.277391,-16.303839,11.034581,0.164516,-0.072718,0.953040,-0.087670,0.280609,4.335530,87.985489,20.887648,0.012100,0.983968,-0.146216,0.101393,7.437395,54.190563,28.101366,0.028660,0.872572,-0.096114,0.478079,5.046951,11.403381,40.857323,0.016812,0.955935,-0.094658,0.277391,-9.824991,2.902517,-9.792910,0.028660,0.872572,-0.096114,0.478079,15.182729,3.216786,34.733444
1138,9.483333,0.049349,0.948606,-0.063736,0.306020,-2.762176,88.463631,15.702253,0.006085,0.915417,0.141466,0.376779,-1.804404,95.590965,15.047167,-0.007089,0.914383,-0.036049,0.403181,-3.640111,114.048096,20.115618,0.071650,0.952024,-0.059591,0.291488,-3.349815,132.026245,18.824152,0.031287,0.983674,0.051484,0.169578,-0.050978,145.165543,16.396076,-0.042641,0.936577,0.028636,0.346679,-6.505433,126.545670,17.104561,-0.506679,0.587181,-0.304542,0.552946,-19.133739,125.543091,6.216291,-0.589117,0.526984,-0.295819,0.536395,-16.224680,103.848015,-1.717228,-0.684114,0.426807,-0.271517,0.525454,-9.742899,81.286316,-6.930331,-0.040685,0.929364,-0.086854,0.356487,-1.755057,126.841568,22.291553,0.632120,0.754203,0.166736,0.061655,10.648281,129.139206,33.241974,0.637889,0.730354,0.234416,0.068774,15.147556,106.460716,30.499411,0.473957,0.800003,0.367617,0.014745,19.397812,83.279816,25.724346,0.040198,0.953191,0.116141,0.276265,-9.876208,88.944588,10.534035,0.070209,0.960490,0.002522,0.269302,-10.308584,55.297504,2.081594,0.017694,0.956120,-0.094026,0.276913,-16.278162,11.026772,0.174198,-0.072705,0.953140,-0.087769,0.280241,4.351858,87.982666,20.870472,0.012064,0.983831,-0.146290,0.102616,7.453729,54.188812,28.089254,0.028473,0.872525,-0.096245,0.478150,5.049970,11.403462,40.848877,0.017694,0.956120,-0.094026,0.276913,-9.819130,2.902956,-9.802812,0.028473,0.872525,-0.096245,0.478150,15.188260,3.216455,34.729706
1139,9.491667,0.049443,0.948746,-0.063699,0.305579,-2.751066,88.461693,15.692022,0.006141,0.915509,0.141665,0.376479,-1.792475,95.588966,15.037417,-0.007126,0.914493,-0.035981,0.402936,-3.627406,114.043571,20.114027,0.071845,0.952094,-0.059424,0.291245,-3.339646,132.021866,18.824181,0.031172,0.983745,0.051325,0.169234,-0.038069,145.161362,16.400852,-0.042481,0.936796,0.028596,0.346108,-6.495628,126.541138,17.105751,-0.506976,0.588404,-0.303942,0.551702,-19.137581,125.542274,6.232996,-0.588971,0.528782,-0.295849,0.534768,-16.278488,103.843262,-1.707898,-0.684026,0.428496,-0.271439,0.524234,-9.888822,81.256744,-6.927215,-0.040707,0.929441,-0.086822,0.356292,-1.742490,126.837013,22.290209,0.632234,0.753944,0.166995,0.062938,10.665420,129.134491,33.235477,0.638039,0.730237,0.233574,0.071437,15.150538,106.448891,30.528732,0.473567,0.801036,0.365710,0.018244,19.373644,83.239189,25.870932,0.040033,0.953508,0.116376,0.275095,-9.869686,88.945045,10.530350,0.070503,0.960276,0.002301,0.269991,-10.296974,55.300831,2.066255,0.016812,0.955981,-0.094663,0.277231,-16.295641,11.033705,0.166428,-0.072664,0.953279,-0.087908,0.279736,4.367553,87.978340,20.853695,0.012226,0.983841,-0.146391,0.102362,7.467769,54.185760,28.079149,0.028454,0.872539,-0.096286,0.478115,5.052089,11.403415,40.846581,0.016812,0.955981,-0.094663,0.277231,-9.820374,2.901474,-9.793186,0.028454,0.872539,-0.096286,0.478115,15.189791,3.215770,34.727295
1140,9.500000,0.049440,0.948853,-0.063689,0.305249,-2.736030,88.460213,15.681651,0.006089,0.915592,0.141921,0.376182,-1.777741,95.587509,15.026837,-0.007173,0.914609,-0.035963,0.402672,-3.616763,114.041229,20.112614,0.071957,0.952186,-0.059292,0.290944,-3.331181,132.019547,18.822586,0.031195,0.983821,0.051194,0.168828,-0.028934,145.159393,16.402166,-0.042307,0.937031,0.028549,0.345496,-6.487724,126.538574,17.105991,-0.507402,0.589816,-0.303204,0.550207,-19.144321,125.543678,6.249914,-0.588809,0.530679,-0.295799,0.533092,-16.341831,103.839706,-1.697599,-0.683779,0.430359,-0.271800,0.522840,-10.047390,81.228706,-6.926629,-0.040484,0.929585,-0.086681,0.355976,-1.731600,126.834831,22.287691,0.632279,0.753754,0.167180,0.064252,10.684441,129.122971,33.225697,0.638110,0.730162,0.232841,0.073921,15.159111,106.430603,30.558720,0.474340,0.801325,0.363892,0.021519,19.360474,83.195427,26.009586,0.039921,0.953856,0.116510,0.273844,-9.858208,88.944046,10.524930,0.070618,0.960219,0.002166,0.270164,-10.286574,55.301380,2.054729,0.017557,0.955909,-0.094324,0.277548,-16.297941,11.035645,0.162656,-0.072574,0.953439,-0.088043,0.279169,4.386147,87.976379,20.838373,0.012396,0.983831,-0.146516,0.102260,7.482079,54.184544,28.069147,0.028393,0.872529,-0.096394,0.478116,5.051688,11.405834,40.845978,0.017557,0.955909,-0.094324,0.277548,-9.824285,2.906120,-9.800218,0.028393,0.872529,-0.096394,0.478116,15.189367,3.216692,34.728657
1141,9.508333,0.049486,0.948966,-0.063695,0.304891,-2.724985,88.457199,15.672395,0.005977,0.915747,0.142046,0.375760,-1.766297,95.584419,15.017335,-0.007035,0.914814,-0.035828,0.402222,-3.608887,114.038101,20.106985,0.072034,0.952299,-0.059290,0.290554,-3.321360,132.016830,18.823273,0.031198,0.983874,0.051170,0.168525,-0.018758,145.156403,16.401751,-0.042146,0.937250,0.028395,0.344935,-6.480565,126.537048,17.107765,-0.507524,0.590981,-0.302707,0.549117,-19.150570,125.544594,6.267117,-0.588714,0.532425,-0.295473,0.531635,-16.398087,103.837837,-1.690263,-0.683664,0.432539,-0.271352,0.521423,-10.183637,81.208893,-6.937349,-0.040489,0.929633,-0.086733,0.355837,-1.719308,126.830551,22.284906,0.632350,0.753495,0.167527,0.065686,10.700020,129.119141,33.219082,0.638025,0.730375,0.231548,0.076563,15.161867,106.419716,30.590878,0.476516,0.800902,0.361860,0.023357,19.349321,83.156158,26.175911,0.039869,0.954138,0.116620,0.272821,-9.850931,88.942253,10.520999,0.070622,0.960189,0.002041,0.270270,-10.282824,55.301083,2.045043,0.017454,0.955943,-0.094327,0.277435,-16.297398,11.035362,0.162908,-0.072381,0.953446,-0.088026,0.279199,4.400962,87.972153,20.823790,0.012564,0.983900,-0.146785,0.101177,7.484328,54.178165,28.049889,0.028336,0.872588,-0.096438,0.478003,5.050843,11.406904,40.851028,0.017454,0.955943,-0.094327,0.277435,-9.824853,2.906456,-9.801189,0.028336,0.872588,-0.096438,0.478003,15.187210,3.217461,34.731937
1142,9.516667,0.049436,0.949077,-0.063666,0.304560,-2.713103,88.454689,15.664522,0.005995,0.915855,0.142207,0.375434,-1.755448,95.582031,15.009303,-0.007106,0.914949,-0.035795,0.401917,-3.598346,114.038338,20.106600,0.072087,0.952379,-0.059292,0.290279,-3.314067,132.017120,18.822857,0.031251,0.983916,0.051172,0.168270,-0.011211,145.156464,16.400496,-0.041968,0.937505,0.028187,0.344279,-6.473695,126.536926,17.109423,-0.507718,0.592250,-0.302014,0.547951,-19.159285,125.546661,6.286821,-0.588325,0.534323,-0.295489,0.530149,-16.457233,103.838669,-1.684478,-0.682778,0.435066,-0.271080,0.520622,-10.340648,81.186661,-6.946984,-0.040388,0.929770,-0.086646,0.355512,-1.709002,126.831032,22.283367,0.632474,0.753265,0.167599,0.066924,10.718337,129.114670,33.209465,0.638325,0.730276,0.230222,0.078965,15.165197,106.407761,30.620888,0.476595,0.801682,0.359878,0.025514,19.316254,83.114983,26.327288,0.039870,0.954333,0.116650,0.272126,-9.842690,88.939537,10.518149,0.070515,0.960293,0.002002,0.269928,-10.280235,55.298847,2.040561,0.017608,0.956035,-0.094210,0.277148,-16.287270,11.031753,0.166590,-0.072358,0.953523,-0.088104,0.278919,4.416484,87.969841,20.810896,0.012933,0.983881,-0.146874,0.101192,7.498903,54.176582,28.040754,0.028234,0.872386,-0.096387,0.478389,5.031983,11.408502,40.846115,0.017608,0.956035,-0.094210,0.277148,-9.822674,2.904368,-9.803905,0.028234,0.872386,-0.096387,0.478389,15.175915,3.221565,34.736217
1143,9.525000,0.049483,0.949184,-0.063654,0.304219,-2.703680,88.453743,15.657605,0.005614,0.915973,0.142399,0.375079,-1.745671,95.581039,15.002419,-0.005717,0.915177,-0.036127,0.401390,-3.604825,114.055801,20.107178,0.071246,0.952618,-0.059682,0.289621,-3.270666,132.034378,18.832424,0.031189,0.983963,0.051452,0.167921,0.010930,145.175415,16.390398,-0.042669,0.937759,0.027890,0.343526,-6.447683,126.564087,17.119461,-0.507295,0.593870,-0.301573,0.546831,-19.148623,125.547394,6.317317,-0.588030,0.536155,-0.295483,0.528629,-16.523628,103.839790,-1.680740,-0.682579,0.437131,-0.270943,0.519224,-10.501196,81.165329,-6.955135,-0.040436,0.929802,-0.087174,0.355294,-1.676771,126.841927,22.288576,0.632766,0.752795,0.168000,0.068425,10.755625,129.132767,33.207436,0.638646,0.730068,0.229160,0.081354,15.175828,106.416443,30.655897,0.477326,0.802146,0.357691,0.027902,19.288788,83.096504,26.474485,0.039764,0.954564,0.116691,0.271312,-9.836843,88.939926,10.516307,0.070558,0.960366,0.001965,0.269656,-10.273849,55.299324,2.038323,0.017660,0.956035,-0.094208,0.277147,-16.285992,11.032763,0.168107,-0.072422,0.953714,-0.088315,0.278180,4.429482,87.967567,20.798904,0.013050,0.983971,-0.146946,0.100191,7.517522,54.177528,28.041426,0.028229,0.872655,-0.096661,0.477843,5.052719,11.411622,40.854446,0.017660,0.956035,-0.094208,0.277147,-9.822102,2.905087,-9.802617,0.028229,0.872655,-0.096661,0.477843,15.186349,3.218767,34.735382
1144,9.533333,0.049462,0.949300,-0.063589,0.303875,-2.690891,88.453125,15.649138,0.005465,0.916113,0.142672,0.374636,-1.733692,95.580574,14.994393,-0.005677,0.915376,-0.036186,0.400930,-3.599306,114.049553,20.106544,0.071327,0.952721,-0.059471,0.289305,-3.263597,132.027985,18.830261,0.031250,0.984002,0.051361,0.167705,0.017209,145.170074,16.392849,-0.042297,0.938025,0.027759,0.342855,-6.443178,126.558090,17.120834,-0.507552,0.595163,-0.300778,0.545623,-19.160542,125.550552,6.337184,-0.588050,0.537952,-0.294940,0.527081,-16.584856,103.842453,-1.675504,-0.681758,0.440513,-0.270113,0.517873,-10.639844,81.152405,-6.970634,-0.040479,0.929854,-0.087230,0.355140,-1.667071,126.835526,22.285166,0.632777,0.752641,0.168155,0.069638,10.768848,129.127960,33.199661,0.638892,0.729955,0.228028,0.083576,15.180630,106.405830,30.685490,0.475702,0.804074,0.355277,0.030838,19.260826,83.060753,26.613680,0.039785,0.954699,0.116741,0.270810,-9.827765,88.939774,10.513046,0.070554,0.960380,0.001878,0.269610,-10.269688,55.300087,2.031711,0.017620,0.956080,-0.094241,0.276983,-16.283718,11.033451,0.169415,-0.072399,0.953873,-0.088461,0.277594,4.445985,87.966476,20.785231,0.013019,0.983859,-0.146940,0.101300,7.534064,54.178005,28.035032,0.028936,0.872506,-0.096438,0.478117,5.057531,11.411852,40.844971,0.017620,0.956080,-0.094241,0.276983,-9.823062,2.905229,-9.802951,0.028936,0.872506,-0.096438,0.478117,15.187870,3.215354,34.725346
1145,9.541667,0.049353,0.949441,-0.063372,0.303495,-2.678635,88.448677,15.644166,0.005412,0.916244,0.142719,0.374298,-1.724122,95.576683,14.991519,-0.005661,0.915517,-0.036138,0.400612,-3.590618,114.047447,20.105808,0.071312,0.952819,-0.059497,0.288982,-3.255518,132.026001,18.831215,0.031312,0.984056,0.051319,0.167392,0.023763,145.168060,16.391562,-0.042073,0.938259,0.027603,0.342253,-6.436369,126.556351,17.123411,-0.507597,0.596413,-0.300207,0.544530,-19.168139,125.553146,6.356369,-0.587649,0.539792,-0.294795,0.525727,-16.645824,103.844025,-1.670554,-0.681462,0.442368,-0.270335,0.516564,-10.792062,81.135223,-6.986937,-0.040352,0.929938,-0.087338,0.354908,-1.656674,126.833153,22.284456,0.632759,0.752511,0.168309,0.070817,10.785098,129.122360,33.192955,0.639082,0.729842,0.227085,0.085662,15.190199,106.394943,30.715286,0.477211,0.803830,0.353620,0.032860,19.241766,83.027725,26.743168,0.039966,0.954582,0.116665,0.271230,-9.819764,88.935226,10.513978,0.070594,0.960392,0.001896,0.269555,-10.271325,55.295319,2.034020,0.017587,0.956053,-0.094058,0.277138,-16.288353,11.029181,0.169517,-0.072119,0.953855,-0.088429,0.277742,4.462494,87.962135,20.774353,0.013227,0.983856,-0.147154,0.100988,7.531688,54.170452,28.017229,0.028726,0.872380,-0.096387,0.478370,5.039037,11.410412,40.844433,0.017587,0.956053,-0.094058,0.277138,-9.823020,2.905416,-9.803453,0.028726,0.872380,-0.096387,0.478370,15.176317,3.217605,34.731365
1146,9.550000,0.049343,0.949542,-0.063383,0.303180,-2.668719,88.447739,15.639615,0.005525,0.916367,0.142870,0.373938,-1.714518,95.575729,14.986459,-0.006106,0.915658,-0.035941,0.400303,-3.576622,114.039101,20.106749,0.071609,0.952873,-0.059517,0.288726,-3.259485,132.017975,18.832129,0.031433,0.984112,0.051174,0.167086,0.026499,145.158493,16.393213,-0.041702,0.938432,0.027558,0.341829,-6.436367,126.545334,17.126530,-0.507853,0.597563,-0.299589,0.543370,-19.178867,125.552620,6.371213,-0.587100,0.541759,-0.294623,0.524413,-16.703217,103.841064,-1.663636,-0.681066,0.444045,-0.270497,0.515562,-10.946882,81.113983,-7.008155,-0.040365,0.930050,-0.087514,0.354567,-1.653250,126.826607,22.284164,0.632720,0.752484,0.168212,0.071675,10.796552,129.117477,33.183159,0.639323,0.729781,0.225779,0.087807,15.198268,106.385803,30.738649,0.477174,0.804568,0.351781,0.035003,19.217102,82.994087,26.879066,0.040217,0.954226,0.116424,0.272546,-9.813239,88.934494,10.514169,0.070606,0.960507,0.002049,0.269140,-10.274352,55.292076,2.044704,0.017648,0.956055,-0.093973,0.277156,-16.289606,11.026155,0.169424,-0.072141,0.953918,-0.088484,0.277502,4.475801,87.960983,20.765060,0.013453,0.983879,-0.147241,0.100602,7.547142,54.170193,28.011183,0.028059,0.872490,-0.096711,0.478142,5.038896,11.412981,40.844784,0.017648,0.956055,-0.093973,0.277156,-9.824333,2.903914,-9.804826,0.028059,0.872490,-0.096711,0.478142,15.178887,3.221301,34.734695
1147,9.558333,0.049489,0.949620,-0.063591,0.302867,-2.652553,88.449326,15.637072,0.005636,0.916437,0.143004,0.373712,-1.695675,95.576729,14.981402,-0.006276,0.915738,-0.035857,0.400123,-3.554559,114.038559,20.108345,0.071766,0.952942,-0.059662,0.288431,-3.244483,132.017593,18.833975,0.031262,0.984200,0.051147,0.166608,0.045398,145.156418,16.391277,-0.041685,0.938700,0.027489,0.341099,-6.420067,126.543808,17.129557,-0.507551,0.598635,-0.299331,0.542614,-19.179279,125.549782,6.394200,-0.586633,0.543539,-0.294378,0.523229,-16.756147,103.838364,-1.657001,-0.680580,0.446355,-0.269564,0.514697,-11.085781,81.096146,-7.029018,-0.040438,0.930112,-0.087586,0.354380,-1.634954,126.826729,22.285248,0.632882,0.752194,0.168417,0.072804,10.819084,129.120239,33.178837,0.639725,0.729372,0.225231,0.089660,15.203689,106.381927,30.765575,0.474379,0.806877,0.349936,0.038193,19.181984,82.970901,26.981783,0.040212,0.954465,0.116480,0.271684,-9.800161,88.937828,10.516104,0.070655,0.960540,0.002047,0.269012,-10.267487,55.296291,2.043456,0.017616,0.956086,-0.094169,0.276985,-16.287205,11.030987,0.167952,-0.071961,0.954057,-0.088570,0.277042,4.495056,87.960823,20.758039,0.013583,0.983875,-0.147288,0.100560,7.556388,54.169296,28.004955,0.028155,0.872444,-0.096727,0.478218,5.036816,11.413658,40.841572,0.017616,0.956086,-0.094169,0.276985,-9.826131,2.904446,-9.805513,0.028155,0.872444,-0.096727,0.478218,15.176603,3.220560,34.733055
1148,9.566667,0.049406,0.949710,-0.063552,0.302607,-2.638737,88.449768,15.633837,0.005304,0.916576,0.143317,0.373257,-1.683334,95.577362,14.978073,-0.006098,0.915958,-0.035945,0.399615,-3.556118,114.038071,20.112610,0.071883,0.953040,-0.059766,0.288054,-3.239637,132.016953,18.837729,0.031326,0.984239,0.051059,0.166388,0.052465,145.154602,16.391649,-0.041474,0.938863,0.027265,0.340695,-6.419454,126.544533,17.136831,-0.507432,0.599781,-0.298910,0.541690,-19.188442,125.553986,6.412778,-0.586271,0.545175,-0.294042,0.522121,-16.817551,103.842285,-1.653224,-0.680129,0.448472,-0.269338,0.513570,-11.223297,81.087540,-7.051931,-0.040257,0.930261,-0.087365,0.354063,-1.628591,126.825424,22.287291,0.632916,0.752076,0.168427,0.073695,10.833452,129.110001,33.173607,0.639894,0.729279,0.224279,0.091578,15.209948,106.366936,30.790592,0.475780,0.806503,0.348718,0.039778,19.161116,82.936272,27.101099,0.040137,0.954771,0.116643,0.270549,-9.789261,88.937469,10.516862,0.070739,0.960496,0.001941,0.269145,-10.258607,55.298149,2.035520,0.017597,0.956059,-0.094241,0.277057,-16.287781,11.033866,0.166210,-0.071877,0.954041,-0.088576,0.277116,4.511788,87.962074,20.750813,0.013687,0.983875,-0.147394,0.100388,7.566912,54.169773,27.996763,0.028293,0.872464,-0.096763,0.478165,5.039559,11.417162,40.841949,0.017597,0.956059,-0.094241,0.277057,-9.825171,2.905825,-9.805042,0.028293,0.872464,-0.096763,0.478165,15.176484,3.221650,34.731911
1149,9.575000,0.049354,0.949791,-0.063588,0.302355,-2.628167,88.447701,15.631434,0.005410,0.916658,0.143395,0.373023,-1.673494,95.575310,14.974706,-0.006135,0.916055,-0.035933,0.399392,-3.542290,114.034248,20.113676,0.071880,0.953125,-0.059741,0.287781,-3.227492,132.013138,18.838570,0.031325,0.984304,0.050961,0.166035,0.063221,145.151016,16.391872,-0.041367,0.939086,0.027313,0.340089,-6.407819,126.540527,17.139250,-0.507285,0.601018,-0.298517,0.540673,-19.190901,125.553047,6.431705,-0.586071,0.546820,-0.293323,0.521028,-16.878241,103.840279,-1.648337,-0.679745,0.450937,-0.268547,0.512333,-11.350109,81.077888,-7.082757,-0.040376,0.930291,-0.087609,0.353910,-1.614451,126.821724,22.287365,0.633059,0.751944,0.168181,0.074378,10.850880,129.112457,33.168629,0.639801,0.729658,0.222785,0.092850,15.214226,106.363785,30.815229,0.479004,0.805520,0.346503,0.040355,19.159853,82.917694,27.219046,0.039970,0.955159,0.116862,0.269105,-9.781464,88.934692,10.518263,0.070797,0.960514,0.001807,0.269069,-10.248459,55.297997,2.026426,0.017655,0.956099,-0.094197,0.276930,-16.285923,11.034393,0.167767,-0.071847,0.954115,-0.088648,0.276848,4.525128,87.960709,20.744606,0.013835,0.983887,-0.147445,0.100175,7.578892,54.169010,27.993923,0.028075,0.872483,-0.096957,0.478106,5.040838,11.418101,40.842663,0.017655,0.956099,-0.094197,0.276930,-9.826716,2.906938,-9.806171,0.028075,0.872483,-0.096957,0.478106,15.178211,3.221157,34.735287
1150,9.583333,0.049298,0.949855,-0.063588,0.302162,-2.616134,88.447327,15.630924,0.005479,0.916772,0.143457,0.372719,-1.662361,95.575012,14.973747,-0.006170,0.916201,-0.035917,0.399057,-3.527812,114.032326,20.116217,0.071830,0.953212,-0.059792,0.287492,-3.214873,132.011246,18.841007,0.031286,0.984348,0.050924,0.165794,0.073763,145.149094,16.391296,-0.041291,0.939364,0.027264,0.339334,-6.396160,126.538490,17.143978,-0.507208,0.602362,-0.297747,0.539673,-19.196568,125.551727,6.457101,-0.585916,0.548557,-0.293050,0.519528,-16.937878,103.842613,-1.647977,-0.678829,0.453737,-0.266697,0.512041,-11.493555,81.063332,-7.096207,-0.040481,0.930362,-0.087636,0.353705,-1.599042,126.819885,22.288584,0.633231,0.751730,0.168128,0.075187,10.870847,129.113708,33.163960,0.640028,0.729745,0.221282,0.094183,15.218425,106.359161,30.838335,0.480614,0.805421,0.344459,0.040683,19.138088,82.894936,27.333126,0.040240,0.954846,0.116681,0.270251,-9.771585,88.933655,10.520715,0.070818,0.960598,0.001912,0.268761,-10.249671,55.295532,2.035123,0.017788,0.956106,-0.094016,0.276956,-16.287069,11.032242,0.168895,-0.071674,0.954033,-0.088729,0.277147,4.539316,87.960999,20.741135,0.013715,0.983833,-0.147420,0.100752,7.577823,54.168564,27.993416,0.028559,0.872420,-0.096805,0.478222,5.043005,11.416698,40.839600,0.017788,0.956106,-0.094016,0.276956,-9.828300,2.908005,-9.807937,0.028559,0.872420,-0.096805,0.478222,15.177023,3.217194,34.730106
1151,9.591667,0.049284,0.949913,-0.063592,0.301979,-2.606555,88.446991,15.630949,0.005491,0.916841,0.143526,0.372521,-1.653077,95.574692,14.973469,-0.006168,0.916289,-0.035934,0.398855,-3.517904,114.030502,20.118677,0.071744,0.953305,-0.059804,0.287203,-3.204923,132.009369,18.842875,0.031412,0.984414,0.050771,0.165424,0.080414,145.147629,16.390900,-0.041152,0.939545,0.027281,0.338847,-6.387141,126.536682,17.147383,-0.507024,0.603431,-0.297459,0.538810,-19.198982,125.553802,6.473848,-0.585489,0.550147,-0.292769,0.518485,-16.992273,103.843811,-1.643197,-0.678542,0.455494,-0.266526,0.510950,-11.624011,81.052711,-7.117447,-0.040476,0.930437,-0.087557,0.353530,-1.587748,126.818047,22.289871,0.633320,0.751588,0.168120,0.075870,10.886307,129.110367,33.160793,0.640237,0.729558,0.220655,0.095674,15.223816,106.351563,30.858139,0.479318,0.806671,0.343060,0.042966,19.117012,82.872803,27.421465,0.040173,0.955176,0.116818,0.269034,-9.763972,88.933319,10.523488,0.070719,0.960707,0.001885,0.268397,-10.245821,55.297028,2.030861,0.017731,0.956194,-0.094087,0.276632,-16.276033,11.032468,0.171567,-0.071767,0.954245,-0.088670,0.276413,4.550861,87.960663,20.738409,0.013990,0.983837,-0.147550,0.100488,7.602203,54.168427,27.986231,0.028776,0.872452,-0.096728,0.478166,5.045522,11.420688,40.841820,0.017731,0.956194,-0.094087,0.276632,-9.823971,2.906917,-9.808537,0.028776,0.872452,-0.096728,0.478166,15.176466,3.220144,34.728615
1152,9.600000,0.049266,0.949983,-0.063622,0.301757,-2.597327,88.445854,15.630711,0.005495,0.916969,0.143535,0.372203,-1.644122,95.573517,14.972526,-0.006088,0.916450,-0.035833,0.398494,-3.506669,114.024498,20.117409,0.071521,0.953440,-0.059799,0.286811,-3.193000,132.003662,18.845964,0.031552,0.984476,0.050643,0.165068,0.084985,145.143112,16.390589,-0.041034,0.939740,0.027196,0.338327,-6.377064,126.531708,17.151571,-0.506626,0.604391,-0.297330,0.538178,-19.201000,125.550827,6.492387,-0.585340,0.551663,-0.292126,0.517404,-17.044735,103.841339,-1.639521,-0.678020,0.458378,-0.264625,0.510051,-11.738751,81.042725,-7.143118,-0.040555,0.930430,-0.087827,0.353472,-1.573607,126.811302,22.290361,0.633557,0.751240,0.168339,0.076849,10.901586,129.109085,33.158821,0.640262,0.729461,0.220390,0.096845,15.218157,106.343819,30.880816,0.478459,0.807675,0.341640,0.044953,19.098932,82.855949,27.492678,0.040160,0.955205,0.116903,0.268896,-9.757139,88.932030,10.526593,0.070787,0.960676,0.001819,0.268490,-10.237778,55.297066,2.028649,0.017636,0.956221,-0.094100,0.276544,-16.275219,11.033344,0.172828,-0.071735,0.954316,-0.088683,0.276172,4.562485,87.959679,20.734827,0.014200,0.983864,-0.147608,0.100109,7.613302,54.167282,27.982143,0.028828,0.872403,-0.096731,0.478252,5.042523,11.421594,40.841740,0.017636,0.956221,-0.094100,0.276544,-9.823881,2.908138,-9.808029,0.028828,0.872403,-0.096731,0.478252,15.174085,3.220442,34.730373
1153,9.608333,0.049321,0.949905,-0.063445,0.302032,-2.578441,88.448654,15.620774,0.005303,0.916972,0.143936,0.372044,-1.625057,95.576569,14.965521,-0.006049,0.916566,-0.035919,0.398220,-3.499154,114.022156,20.121496,0.071644,0.953515,-0.059804,0.286531,-3.183346,132.001129,18.847677,0.031511,0.984542,0.050490,0.164727,0.096679,145.139984,16.391886,-0.040849,0.939923,0.027175,0.337842,-6.369289,126.529465,17.155834,-0.506520,0.605676,-0.296756,0.537150,-19.204679,125.553452,6.510010,-0.585670,0.553056,-0.291290,0.516014,-17.104912,103.845253,-1.640103,-0.677957,0.460920,-0.262915,0.508726,-11.849462,81.038940,-7.160276,-0.040670,0.930518,-0.088173,0.353140,-1.562753,126.808914,22.291746,0.633691,0.751240,0.167775,0.076976,10.919959,129.113480,33.150124,0.640441,0.729462,0.219425,0.097845,15.227734,106.344559,30.892181,0.479605,0.807306,0.340783,0.045872,19.088135,82.844337,27.566978,0.040205,0.955265,0.116771,0.268733,-9.735231,88.936317,10.512567,0.071180,0.960488,0.001686,0.269060,-10.222755,55.299461,2.022515,0.017657,0.956046,-0.094276,0.277087,-16.295927,11.040693,0.165034,-0.071654,0.954387,-0.088751,0.275926,4.578349,87.960991,20.728981,0.014310,0.983884,-0.147686,0.099780,7.624364,54.168629,27.978462,0.028927,0.872479,-0.096811,0.478092,5.047542,11.425286,40.844650,0.017657,0.956046,-0.094276,0.277087,-9.833616,2.911468,-9.805439,0.028927,0.872479,-0.096811,0.478092,15.174773,3.221206,34.730045
1154,9.616667,0.049228,0.949969,-0.063553,0.301821,-2.571041,88.447121,15.625678,0.005395,0.917051,0.143938,0.371847,-1.618616,95.574966,14.968327,-0.006099,0.916645,-0.035985,0.398031,-3.488508,114.021591,20.126423,0.071682,0.953594,-0.059904,0.286238,-3.173660,132.000366,18.849640,0.031504,0.984619,0.050390,0.164296,0.106883,145.138428,16.390291,-0.040760,0.940100,0.027112,0.337366,-6.360169,126.528358,17.159971,-0.506353,0.606857,-0.296296,0.536227,-19.206545,125.553772,6.527255,-0.584890,0.554307,-0.290798,0.515834,-17.160788,103.846657,-1.639490,-0.677864,0.461038,-0.264549,0.507896,-11.958151,81.040642,-7.210675,-0.040527,0.930542,-0.088070,0.353119,-1.551522,126.808739,22.293861,0.633673,0.751150,0.167927,0.077675,10.932101,129.107635,33.152409,0.640591,0.729310,0.219089,0.098743,15.235914,106.335999,30.914242,0.479991,0.807426,0.339790,0.047053,19.078577,82.827309,27.628569,0.040157,0.955367,0.116932,0.268306,-9.730244,88.932930,10.520670,0.071267,0.960539,0.001664,0.268856,-10.215393,55.298405,2.021237,0.017375,0.956052,-0.094292,0.277079,-16.296890,11.040738,0.164883,-0.071630,0.954405,-0.088771,0.275861,4.588162,87.961304,20.730686,0.014467,0.983921,-0.147676,0.099410,7.632711,54.168964,27.980869,0.028856,0.872593,-0.096598,0.477930,5.047034,11.425763,40.845737,0.017375,0.956052,-0.094292,0.277079,-9.831012,2.913066,-9.804551,0.028856,0.872593,-0.096598,0.477930,15.174350,3.226803,34.724396
1155,9.625000,0.049009,0.950051,-0.063481,0.301615,-2.558391,88.442207,15.633276,0.005331,0.917153,0.143728,0.371678,-1.609411,95.570496,14.975737,-0.006000,0.916716,-0.036135,0.397857,-3.477748,114.021263,20.126513,0.071729,0.953646,-0.060297,0.285968,-3.157709,131.999695,18.846153,0.031350,0.984666,0.050605,0.163980,0.125823,145.134979,16.375961,-0.040678,0.940312,0.027049,0.336790,-6.346557,126.528374,17.158705,-0.506203,0.607953,-0.295932,0.535328,-19.206116,125.554848,6.541849,-0.584159,0.555588,-0.290931,0.515208,-17.212334,103.847633,-1.637471,-0.677774,0.460887,-0.265267,0.507779,-12.081808,81.030563,-7.230228,-0.040546,0.930486,-0.088191,0.353235,-1.535945,126.808228,22.290781,0.633754,0.751013,0.167964,0.078260,10.944881,129.109375,33.152054,0.640770,0.729152,0.218690,0.099631,15.239673,106.334267,30.932117,0.479934,0.807839,0.338695,0.048434,19.062860,82.816750,27.687252,0.040287,0.955437,0.117100,0.267963,-9.720159,88.925049,10.531588,0.071193,0.960528,0.001622,0.268915,-10.213755,55.293991,2.018938,0.017691,0.956125,-0.094107,0.276868,-16.289845,11.035368,0.167573,-0.071500,0.954502,-0.088775,0.275560,4.603377,87.959366,20.734966,0.014551,0.983912,-0.147666,0.099501,7.641575,54.165779,27.982014,0.028283,0.872579,-0.096955,0.477919,5.047420,11.422539,40.845043,0.017691,0.956125,-0.094107,0.276868,-9.832117,2.909698,-9.808774,0.028283,0.872579,-0.096955,0.477919,15.179275,3.223050,34.731937
1156,9.633333,0.048914,0.950115,-0.063496,0.301424,-2.548978,88.439545,15.640205,0.005253,0.917228,0.143748,0.371487,-1.601364,95.567940,14.981850,-0.006092,0.916793,-0.036031,0.397688,-3.471659,114.018288,20.132534,0.071621,0.953788,-0.060182,0.285547,-3.156417,131.996948,18.854237,0.031678,0.984794,0.050171,0.163278,0.121779,145.133591,16.384230,-0.040451,0.940416,0.026935,0.336535,-6.344597,126.525070,17.167337,-0.506340,0.608375,-0.296040,0.534659,-19.210527,125.557007,6.557697,-0.583615,0.557130,-0.290250,0.514543,-17.243601,103.842484,-1.608731,-0.677600,0.462387,-0.264185,0.507211,-12.176594,81.022812,-7.248598,-0.040284,0.930583,-0.088540,0.352922,-1.532096,126.805450,22.297615,0.633707,0.750999,0.167956,0.078789,10.956823,129.101807,33.150608,0.640959,0.729012,0.218333,0.100221,15.250522,106.324638,30.949741,0.480255,0.807910,0.337982,0.049032,19.056372,82.800308,27.733902,0.040254,0.955573,0.117199,0.267441,-9.712936,88.920990,10.541455,0.071135,0.960712,0.001684,0.268272,-10.207138,55.291355,2.023210,0.017781,0.956223,-0.094039,0.276547,-16.277966,11.032006,0.171996,-0.071541,0.954518,-0.088733,0.275507,4.614981,87.958107,20.738955,0.014723,0.983916,-0.147674,0.099423,7.657102,54.164402,27.983791,0.028941,0.872517,-0.096724,0.478038,5.048754,11.421829,40.846161,0.017781,0.956223,-0.094039,0.276547,-9.828255,2.907186,-9.810228,0.028941,0.872517,-0.096724,0.478038,15.175651,3.219326,34.728867
1157,9.641667,0.048755,0.950146,-0.063859,0.301277,-2.537475,88.434319,15.654309,0.005119,0.917322,0.143610,0.371309,-1.590579,95.562271,14.990160,-0.006059,0.916873,-0.036080,0.397498,-3.462842,114.016495,20.135189,0.071598,0.953877,-0.060617,0.285164,-3.146065,131.995041,18.855686,0.031731,0.984869,0.050287,0.162782,0.133156,145.128983,16.372702,-0.040295,0.940566,0.026822,0.336145,-6.335559,126.523422,17.170414,-0.506166,0.609241,-0.295839,0.533948,-19.210672,125.558434,6.571640,-0.583714,0.558422,-0.289562,0.513416,-17.287334,103.843239,-1.603338,-0.677164,0.465030,-0.261835,0.506595,-12.270432,81.017365,-7.262846,-0.040413,0.930597,-0.088558,0.352866,-1.520934,126.803566,22.298714,0.633756,0.750891,0.168008,0.079313,10.968962,129.104004,33.149715,0.641131,0.728869,0.218017,0.100846,15.255918,106.324020,30.964840,0.480331,0.808110,0.337302,0.049674,19.045107,82.793037,27.778152,0.040218,0.955644,0.117400,0.267104,-9.703270,88.911369,10.557729,0.071298,0.960764,0.001683,0.268043,-10.194254,55.284798,2.027228,0.017692,0.956227,-0.093852,0.276602,-16.279484,11.027530,0.173618,-0.071404,0.954702,-0.088733,0.274905,4.628319,87.957275,20.750889,0.014875,0.983952,-0.147667,0.099052,7.665955,54.162205,27.991253,0.028989,0.872596,-0.096605,0.477915,5.049124,11.419839,40.852585,0.017692,0.956227,-0.093852,0.276602,-9.826554,2.907623,-9.810524,0.028989,0.872596,-0.096605,0.477915,15.174432,3.219126,34.730274
1158,9.650000,0.048727,0.950176,-0.063873,0.301184,-2.529543,88.433838,15.659647,0.005053,0.917369,0.143601,0.371198,-1.583041,95.561806,14.995083,-0.005992,0.916926,-0.036107,0.397376,-3.456944,114.016747,20.139246,0.071601,0.953948,-0.060632,0.284921,-3.137721,131.995255,18.859766,0.031763,0.984946,0.050022,0.162389,0.140681,145.129135,16.375343,-0.040140,0.940664,0.026759,0.335892,-6.328500,126.524139,17.175297,-0.506102,0.610346,-0.295345,0.533020,-19.209694,125.562965,6.583578,-0.583676,0.559488,-0.288991,0.512620,-17.335463,103.848587,-1.604985,-0.676752,0.466652,-0.261050,0.506059,-12.359991,81.018982,-7.285945,-0.040452,0.930769,-0.088312,0.352467,-1.512493,126.803505,22.302338,0.633937,0.750760,0.167738,0.079672,10.986675,129.101303,33.143211,0.641248,0.728858,0.217540,0.101215,15.260256,106.317017,30.976978,0.481433,0.807503,0.337270,0.049090,19.038671,82.780746,27.816683,0.040260,0.955549,0.117435,0.267423,-9.696372,88.910461,10.564487,0.071417,0.960665,0.001668,0.268363,-10.186652,55.284691,2.030782,0.017414,0.956223,-0.093915,0.276611,-16.281832,11.028942,0.173629,-0.071322,0.954670,-0.088730,0.275036,4.637286,87.957214,20.754807,0.014822,0.983922,-0.147623,0.099424,7.668606,54.161308,27.993927,0.028468,0.872588,-0.097084,0.477865,5.051973,11.417648,40.850998,0.017414,0.956223,-0.093915,0.276611,-9.825195,2.909508,-9.808495,0.028468,0.872588,-0.097084,0.477865,15.179623,3.213260,34.737499
1159,9.658333,0.048640,0.950213,-0.063856,0.301083,-2.519826,88.433334,15.664911,0.004997,0.917406,0.143617,0.371101,-1.574654,95.561447,15.000096,-0.005947,0.916966,-0.036158,0.397280,-3.450235,114.016365,20.144241,0.071740,0.954029,-0.060850,0.284568,-3.128941,131.994751,18.863670,0.031727,0.985062,0.049863,0.161744,0.153144,145.126556,16.373199,-0.040052,0.940791,0.026633,0.335556,-6.320772,126.523956,17.180162,-0.505759,0.611820,-0.294443,0.532154,-19.209734,125.563667,6.597814,-0.583856,0.559940,-0.288615,0.512134,-17.394613,103.858589,-1.628637,-0.676478,0.467288,-0.261069,0.505828,-12.433039,81.027466,-7.315692,-0.040388,0.930786,-0.088425,0.352402,-1.503685,126.802994,22.306208,0.634031,0.750667,0.167717,0.079841,10.997208,129.099960,33.145264,0.641377,0.728715,0.217481,0.101546,15.263989,106.313896,30.984444,0.480866,0.807896,0.337044,0.049735,19.031183,82.774307,27.835508,0.040369,0.955539,0.117423,0.267446,-9.687871,88.908737,10.571347,0.071433,0.960682,0.001756,0.268300,-10.185411,55.283390,2.036405,0.017627,0.956221,-0.093880,0.276619,-16.279932,11.027869,0.171658,-0.071206,0.954470,-0.088797,0.275737,4.648219,87.957924,20.758476,0.014736,0.983911,-0.147523,0.099690,7.665272,54.161705,28.002045,0.029053,0.872583,-0.096497,0.477957,5.053581,11.415163,40.850536,0.017627,0.956221,-0.093880,0.276619,-9.825855,2.907780,-9.811589,0.029053,0.872583,-0.096497,0.477957,15.179517,3.215954,34.727264
1160,9.666667,0.048612,0.950266,-0.063709,0.300952,-2.514809,88.435768,15.665537,0.005090,0.917441,0.143666,0.370992,-1.570746,95.564201,15.002478,-0.006004,0.917003,-0.036244,0.397184,-3.442868,114.015770,20.149097,0.071707,0.954136,-0.061109,0.284164,-3.122371,131.993912,18.864845,0.031888,0.985170,0.049849,0.161054,0.159108,145.124237,16.365715,-0.039829,0.940901,0.026570,0.335281,-6.314392,126.522682,17.183104,-0.505819,0.612873,-0.293950,0.531157,-19.210110,125.568321,6.608454,-0.584036,0.560982,-0.288115,0.511069,-17.441528,103.862595,-1.626432,-0.676510,0.468587,-0.260085,0.505091,-12.522250,81.024445,-7.321990,-0.040348,0.930770,-0.088511,0.352429,-1.496245,126.802887,22.308084,0.634133,0.750564,0.167722,0.079989,11.004120,129.099655,33.147793,0.641442,0.728672,0.217383,0.101655,15.263760,106.311890,30.990828,0.481119,0.807811,0.336888,0.049731,19.025894,82.770706,27.847820,0.040440,0.955397,0.117474,0.267920,-9.684297,88.911682,10.574052,0.071588,0.960634,0.001706,0.268431,-10.181335,55.287563,2.034224,0.017613,0.956155,-0.094014,0.276801,-16.290106,11.034015,0.169269,-0.071177,0.954501,-0.088905,0.275603,4.654678,87.959854,20.757023,0.014832,0.983943,-0.147489,0.099410,7.668739,54.164673,28.006714,0.029020,0.872604,-0.096597,0.477901,5.052543,11.417490,40.852177,0.017613,0.956155,-0.094014,0.276801,-9.832400,2.910997,-9.809247,0.029020,0.872604,-0.096597,0.477901,15.177287,3.216574,34.729210
1161,9.675000,0.048581,0.950283,-0.063770,0.300891,-2.507840,88.432816,15.673186,0.005006,0.917469,0.143630,0.370940,-1.563981,95.561180,15.009102,-0.005985,0.917025,-0.036239,0.397134,-3.438365,114.014221,20.153666,0.071769,0.954173,-0.060949,0.284056,-3.117357,131.992371,18.869822,0.031840,0.985236,0.049433,0.160790,0.164103,145.123474,16.374783,-0.039740,0.940987,0.026582,0.335049,-6.309757,126.521317,17.188286,-0.505825,0.613643,-0.293711,0.530393,-19.210932,125.569557,6.620053,-0.583653,0.561745,-0.287694,0.510905,-17.479832,103.861870,-1.617612,-0.676291,0.468879,-0.260438,0.504932,-12.590096,81.025230,-7.344592,-0.040229,0.930800,-0.088669,0.352321,-1.491049,126.801216,22.312759,0.634243,0.750491,0.167609,0.080035,11.012177,129.095886,33.149620,0.641494,0.728625,0.217407,0.101612,15.264980,106.306480,30.996498,0.481357,0.807636,0.336971,0.049701,19.024334,82.765244,27.850481,0.040394,0.955495,0.117601,0.267523,-9.678026,88.907967,10.582612,0.071695,0.960481,0.001655,0.268950,-10.173140,55.285656,2.035572,0.017466,0.956157,-0.094094,0.276778,-16.291199,11.033455,0.169079,-0.071162,0.954499,-0.088857,0.275632,4.662346,87.957657,20.763760,0.014867,0.983921,-0.147448,0.099685,7.676135,54.161739,28.010118,0.028477,0.872687,-0.096676,0.477767,5.053683,11.413574,40.851025,0.017466,0.956157,-0.094094,0.276778,-9.832358,2.909601,-9.808024,0.028477,0.872687,-0.096676,0.477767,15.182821,3.217395,34.728981
1162,9.683333,0.048521,0.950290,-0.063803,0.300871,-2.500867,88.431915,15.679638,0.005003,0.917479,0.143605,0.370925,-1.557706,95.560303,15.014812,-0.005928,0.917033,-0.036284,0.397114,-3.431679,114.012787,20.158276,0.071693,0.954246,-0.061123,0.283794,-3.108190,131.990860,18.873753,0.031860,0.985322,0.049304,0.160298,0.171487,145.121231,16.372505,-0.039571,0.941104,0.026504,0.334746,-6.301424,126.520172,17.192543,-0.505855,0.614427,-0.293276,0.529698,-19.209820,125.572411,6.632771,-0.584024,0.562433,-0.286472,0.510411,-17.511644,103.865646,-1.614171,-0.676645,0.470122,-0.259313,0.503879,-12.625341,81.036514,-7.373896,-0.040260,0.930784,-0.088789,0.352331,-1.482479,126.799583,22.316820,0.634339,0.750386,0.167690,0.080097,11.020422,129.096634,33.153553,0.641566,0.728537,0.217521,0.101544,15.267104,106.306206,30.999067,0.481511,0.807464,0.337201,0.049445,19.022659,82.765305,27.845970,0.040325,0.955520,0.117610,0.267438,-9.671365,88.905914,10.589394,0.071983,0.960497,0.001739,0.268814,-10.162516,55.283363,2.043060,0.017315,0.956047,-0.094120,0.277155,-16.303474,11.034894,0.163348,-0.071254,0.954708,-0.088775,0.274907,4.669631,87.957924,20.769882,0.015018,0.983888,-0.147449,0.099991,7.696561,54.161907,28.010279,0.028471,0.872681,-0.096775,0.477757,5.056803,11.414158,40.849030,0.017315,0.956047,-0.094120,0.277155,-9.834332,2.911599,-9.807534,0.028471,0.872681,-0.096775,0.477757,15.185118,3.216012,34.728256
1163,9.691667,0.048381,0.950268,-0.064014,0.300921,-2.488460,88.429123,15.692086,0.004824,0.917488,0.143545,0.370927,-1.546264,95.557312,15.023814,-0.005919,0.917031,-0.036388,0.397109,-3.425854,114.011742,20.163023,0.071731,0.954278,-0.061174,0.283666,-3.100585,131.989532,18.875198,0.031791,0.985386,0.049069,0.159985,0.179916,145.119400,16.372374,-0.039408,0.941188,0.026402,0.334537,-6.294372,126.518867,17.195013,-0.505734,0.614850,-0.293326,0.529294,-19.207859,125.574829,6.641143,-0.583787,0.563235,-0.286629,0.509709,-17.535288,103.865837,-1.605184,-0.676141,0.471172,-0.257918,0.504289,-12.696724,81.026413,-7.364409,-0.040250,0.930758,-0.088826,0.352391,-1.475371,126.798737,22.319210,0.634525,0.750308,0.167499,0.079746,11.026139,129.096085,33.157475,0.641557,0.728545,0.217651,0.101262,15.264426,106.304886,30.994606,0.481287,0.807468,0.337511,0.049440,19.023273,82.766365,27.827730,0.040442,0.955536,0.117709,0.267320,-9.658672,88.899597,10.601117,0.071900,0.960541,0.001704,0.268681,-10.156763,55.279327,2.046207,0.016736,0.956200,-0.094433,0.276558,-16.291664,11.029768,0.172326,-0.071110,0.954766,-0.088747,0.274752,4.681752,87.958649,20.783054,0.015090,0.983916,-0.147423,0.099739,7.700940,54.160862,28.018438,0.028504,0.872774,-0.096664,0.477607,5.058336,11.412632,40.854992,0.016736,0.956200,-0.094433,0.276558,-9.829236,2.903128,-9.800180,0.028504,0.872774,-0.096664,0.477607,15.184781,3.216282,34.728729
1164,9.700000,0.048267,0.950276,-0.064086,0.300896,-2.480666,88.428566,15.699977,0.004692,0.917512,0.143517,0.370882,-1.539745,95.556793,15.030202,-0.005498,0.917066,-0.036695,0.397005,-3.423896,114.017036,20.168158,0.071583,0.954373,-0.061269,0.283364,-3.080447,131.994202,18.876183,0.031675,0.985471,0.048961,0.159518,0.195701,145.124207,16.368422,-0.039462,0.941306,0.026170,0.334216,-6.280149,126.526413,17.197834,-0.505550,0.615487,-0.293143,0.528831,-19.200680,125.577614,6.653008,-0.583613,0.563801,-0.286424,0.509397,-17.559580,103.869720,-1.602520,-0.676134,0.471485,-0.257881,0.504026,-12.746046,81.028435,-7.375325,-0.040373,0.930723,-0.089152,0.352386,-1.459912,126.802513,22.321075,0.634895,0.749951,0.167570,0.080021,11.041391,129.107422,33.157982,0.641501,0.728526,0.218060,0.100879,15.255795,106.311501,30.998411,0.481177,0.807457,0.337747,0.049092,19.021847,82.777580,27.806023,0.040512,0.955569,0.117694,0.267196,-9.651335,88.896782,10.609439,0.071951,0.960618,0.001821,0.268390,-10.155442,55.276657,2.054312,0.016244,0.956201,-0.094468,0.276571,-16.292482,11.027795,0.170982,-0.071056,0.954784,-0.088778,0.274694,4.690002,87.960358,20.790514,0.015085,0.983899,-0.147346,0.100017,7.705479,54.162407,28.026712,0.029196,0.872701,-0.096390,0.477754,5.060376,11.412135,40.855961,0.016244,0.956201,-0.094468,0.276571,-9.823240,2.903745,-9.799220,0.029196,0.872701,-0.096390,0.477754,15.182196,3.213304,34.725365
1165,9.708333,0.048212,0.950271,-0.064203,0.300896,-2.475720,88.426186,15.709588,0.004680,0.917520,0.143394,0.370908,-1.535052,95.554260,15.037966,-0.005414,0.917056,-0.036781,0.397022,-3.418030,114.016052,20.171511,0.071485,0.954422,-0.061368,0.283201,-3.070561,131.993027,18.877911,0.031678,0.985535,0.048782,0.159177,0.203120,145.122879,16.366144,-0.039361,0.941379,0.026156,0.334026,-6.271389,126.525795,17.199909,-0.505115,0.615800,-0.293281,0.528806,-19.196432,125.579765,6.660365,-0.583104,0.564205,-0.286749,0.509350,-17.577040,103.873932,-1.604860,-0.675942,0.471551,-0.258689,0.503808,-12.794383,81.027809,-7.384206,-0.040329,0.930654,-0.088896,0.352640,-1.451332,126.801300,22.323353,0.634917,0.749936,0.167680,0.079744,11.044103,129.102509,33.167809,0.641557,0.728424,0.218514,0.100276,15.259230,106.307961,30.995071,0.480914,0.807360,0.338437,0.048502,19.027651,82.779373,27.766441,0.040447,0.955525,0.117869,0.267288,-9.646485,88.892845,10.619042,0.072190,0.960467,0.001691,0.268867,-10.142141,55.275219,2.053637,0.016660,0.956138,-0.094391,0.276790,-16.301807,11.029398,0.172713,-0.071063,0.954798,-0.088745,0.274655,4.695046,87.959518,20.800133,0.015130,0.983899,-0.147286,0.100105,7.711889,54.161240,28.034187,0.029112,0.872730,-0.096321,0.477721,5.062237,11.409503,40.857624,0.016660,0.956138,-0.094391,0.276790,-9.833045,2.904315,-9.796962,0.029112,0.872730,-0.096321,0.477721,15.185152,3.213061,34.725643
1166,9.716667,0.048217,0.950300,-0.064022,0.300842,-2.473009,88.429626,15.710727,0.004767,0.917527,0.143351,0.370906,-1.533080,95.558037,15.041547,-0.005359,0.917053,-0.036867,0.397021,-3.411876,114.015602,20.173563,0.071639,0.954426,-0.061644,0.283089,-3.061332,131.992371,18.877926,0.031453,0.985588,0.048699,0.158917,0.217835,145.119644,16.359819,-0.039313,0.941449,0.026142,0.333834,-6.263082,126.525497,17.200525,-0.504858,0.615937,-0.293489,0.528777,-19.192522,125.580574,6.666284,-0.582808,0.564564,-0.286848,0.509236,-17.586647,103.874184,-1.600115,-0.676330,0.471108,-0.258801,0.503643,-12.826182,81.025192,-7.386445,-0.040290,0.930576,-0.088991,0.352824,-1.443012,126.800766,22.323967,0.634819,0.750178,0.167360,0.078918,11.048190,129.102341,33.173214,0.641836,0.728299,0.218427,0.099577,15.275222,106.311691,30.982769,0.480979,0.807169,0.338901,0.047775,19.033115,82.784912,27.728786,0.040382,0.955495,0.117812,0.267429,-9.644328,88.897423,10.621068,0.072253,0.960516,0.001780,0.268674,-10.135512,55.278503,2.060480,0.016738,0.956146,-0.094512,0.276718,-16.298790,11.033524,0.171652,-0.071184,0.954861,-0.088910,0.274351,4.698310,87.961838,20.800385,0.015354,0.983984,-0.147200,0.099359,7.722240,54.166782,28.046556,0.028820,0.872795,-0.096455,0.477593,5.063289,11.413399,40.862560,0.016738,0.956146,-0.094512,0.276718,-9.833189,2.905113,-9.797356,0.028820,0.872795,-0.096455,0.477593,15.187016,3.217576,34.731094
1167,9.725000,0.048088,0.950301,-0.064041,0.300858,-2.465716,88.429550,15.718423,0.004658,0.917519,0.143403,0.370907,-1.527464,95.558098,15.048430,-0.005307,0.917050,-0.036916,0.397025,-3.410853,114.015053,20.180670,0.071661,0.954481,-0.061670,0.282891,-3.057893,131.991714,18.884172,0.031523,0.985676,0.048344,0.158469,0.221197,145.118744,16.364700,-0.039233,0.941449,0.025984,0.333856,-6.260346,126.525177,17.206989,-0.504818,0.616265,-0.293359,0.528504,-19.189501,125.581024,6.672328,-0.582757,0.564856,-0.286743,0.509029,-17.598930,103.874985,-1.597936,-0.676254,0.471338,-0.258538,0.503666,-12.851442,81.024597,-7.389422,-0.040294,0.930640,-0.089292,0.352579,-1.440314,126.800049,22.330486,0.634977,0.750178,0.167006,0.078401,11.056645,129.104645,33.172462,0.641831,0.728346,0.218651,0.098777,15.278147,106.313812,30.973186,0.481942,0.806263,0.339856,0.046593,19.044029,82.793114,27.684578,0.040443,0.955477,0.117847,0.267469,-9.637094,88.895073,10.628641,0.072303,0.960489,0.001816,0.268757,-10.131263,55.277050,2.064700,0.016752,0.956119,-0.094540,0.276799,-16.297787,11.032733,0.171011,-0.071120,0.954873,-0.088880,0.274334,4.705661,87.964035,20.808205,0.015388,0.983965,-0.147161,0.099595,7.726058,54.167980,28.051174,0.028842,0.872794,-0.096469,0.477590,5.061408,11.413651,40.862839,0.016752,0.956119,-0.094540,0.276799,-9.830715,2.903606,-9.796455,0.028842,0.872794,-0.096469,0.477590,15.184694,3.217287,34.731377
1168,9.733333,0.048063,0.950282,-0.064111,0.300905,-2.459924,88.427559,15.726357,0.004638,0.917545,0.143259,0.370900,-1.521685,95.556015,15.055354,-0.005222,0.917063,-0.037107,0.396978,-3.403689,114.014626,20.182369,0.071702,0.954481,-0.062096,0.282790,-3.045257,131.990799,18.880743,0.031267,0.985696,0.048506,0.158345,0.237564,145.114777,16.350269,-0.039242,0.941485,0.026148,0.333740,-6.249557,126.524796,17.205391,-0.504550,0.616408,-0.293660,0.528426,-19.181282,125.582031,6.673762,-0.582550,0.565016,-0.286767,0.509075,-17.607147,103.873970,-1.594344,-0.676085,0.471621,-0.258550,0.503622,-12.869048,81.023499,-7.393196,-0.040188,0.930527,-0.089020,0.352958,-1.428988,126.799622,22.328386,0.635011,0.750125,0.167220,0.078170,11.059327,129.098694,33.181488,0.641941,0.728175,0.219334,0.097806,15.280479,106.309250,30.967340,0.480308,0.807066,0.340324,0.046125,19.048748,82.796982,27.621695,0.040500,0.955425,0.117855,0.267645,-9.630839,88.892212,10.635847,0.072397,0.960416,0.001876,0.268990,-10.127111,55.274643,2.070222,0.017567,0.956052,-0.094108,0.277126,-16.299768,11.031559,0.167624,-0.071013,0.954797,-0.088769,0.274664,4.710992,87.962898,20.816868,0.015322,0.983967,-0.147144,0.099612,7.724020,54.164421,28.051588,0.028671,0.872872,-0.096547,0.477442,5.065086,11.409485,40.862415,0.017567,0.956052,-0.094108,0.277126,-9.834645,2.906781,-9.804651,0.028671,0.872872,-0.096547,0.477442,15.187754,3.213466,34.729469
1169,9.741667,0.048070,0.950298,-0.064075,0.300862,-2.455546,88.425087,15.734524,0.004539,0.917537,0.143254,0.370924,-1.517383,95.553604,15.063993,-0.005203,0.917044,-0.037051,0.397027,-3.403157,114.014412,20.189959,0.071716,0.954551,-0.061842,0.282604,-3.044830,131.990738,18.890467,0.031388,0.985811,0.047843,0.157804,0.235736,145.116394,16.365755,-0.039241,0.941437,0.026006,0.333886,-6.248882,126.524887,17.214142,-0.504543,0.616618,-0.293535,0.528258,-19.177343,125.580772,6.678622,-0.582530,0.565209,-0.286764,0.508885,-17.611835,103.873375,-1.592845,-0.675970,0.471954,-0.258701,0.503387,-12.884104,81.020737,-7.391607,-0.040214,0.930614,-0.089332,0.352648,-1.428851,126.799179,22.337671,0.635187,0.750127,0.166834,0.077547,11.066695,129.101913,33.181671,0.641762,0.728433,0.219424,0.096850,15.281981,106.312523,30.955814,0.482738,0.805283,0.341363,0.044207,19.070217,82.808220,27.576977,0.040535,0.955407,0.117918,0.267674,-9.626904,88.890121,10.644666,0.072266,0.960636,0.001917,0.268239,-10.124004,55.273796,2.074251,0.017391,0.956167,-0.093984,0.276784,-16.285988,11.029035,0.176091,-0.071161,0.954924,-0.088935,0.274129,4.715811,87.960052,20.824381,0.015520,0.984012,-0.147000,0.099352,7.739422,54.165089,28.071087,0.028820,0.872907,-0.096364,0.477406,5.067743,11.406904,40.868397,0.017391,0.956167,-0.093984,0.276784,-9.825497,2.908236,-9.802427,0.028820,0.872907,-0.096364,0.477406,15.189316,3.212842,34.731030
1170,9.750000,0.048200,0.950264,-0.064235,0.300914,-2.454651,88.429413,15.739555,0.004683,0.917501,0.143329,0.370981,-1.513991,95.557442,15.067471,-0.005275,0.917016,-0.037106,0.397086,-3.395671,114.013550,20.196911,0.071654,0.954598,-0.061871,0.282454,-3.038848,131.989700,18.894615,0.031467,0.985884,0.047597,0.157405,0.239706,145.115494,16.368011,-0.039146,0.941456,0.025906,0.333851,-6.242183,126.523293,17.218754,-0.504385,0.616473,-0.293869,0.528392,-19.171690,125.580994,6.684350,-0.582246,0.565339,-0.286881,0.508999,-17.606995,103.871475,-1.581748,-0.675880,0.472021,-0.258835,0.503375,-12.889585,81.018478,-7.387462,-0.040229,0.930627,-0.089291,0.352623,-1.422821,126.798843,22.342848,0.635220,0.750096,0.167015,0.077181,11.073298,129.101486,33.186211,0.641836,0.728382,0.219847,0.095785,15.289235,106.314041,30.941856,0.482784,0.805122,0.341835,0.042984,19.082809,82.818031,27.511648,0.040498,0.955354,0.117924,0.267866,-9.625249,88.895683,10.648738,0.072451,0.960545,0.001925,0.268514,-10.118084,55.279232,2.078536,0.016611,0.956109,-0.094677,0.276796,-16.295065,11.036858,0.173485,-0.071240,0.954915,-0.088948,0.274136,4.715947,87.963135,20.830374,0.015538,0.984018,-0.146911,0.099420,7.744434,54.169102,28.079397,0.028863,0.872882,-0.096369,0.477449,5.071032,11.408624,40.868702,0.016611,0.956109,-0.094677,0.276796,-9.826745,2.905582,-9.791426,0.028863,0.872882,-0.096369,0.477449,15.192657,3.213970,34.732204
1171,9.758333,0.048326,0.950156,-0.063787,0.301330,-2.441170,88.437233,15.731779,0.004694,0.917432,0.143316,0.371157,-1.500419,95.565918,15.066775,-0.005294,0.916975,-0.037081,0.397183,-3.382319,114.020226,20.195024,0.071909,0.954540,-0.062405,0.282469,-3.026343,131.996445,18.893295,0.031088,0.985898,0.047779,0.157340,0.262699,145.117371,16.355139,-0.039326,0.941504,0.025975,0.333691,-6.228985,126.529869,17.216616,-0.504157,0.616596,-0.294009,0.528388,-19.161575,125.582466,6.686471,-0.582289,0.565248,-0.287022,0.508972,-17.607773,103.873215,-1.582342,-0.676012,0.471896,-0.258971,0.503246,-12.889309,81.018532,-7.380541,-0.040345,0.930552,-0.089049,0.352868,-1.410715,126.805588,22.341724,0.635328,0.750059,0.167037,0.076601,11.079294,129.109634,33.191814,0.641834,0.728298,0.220620,0.094650,15.292984,106.323921,30.925570,0.481967,0.805253,0.342754,0.042369,19.097055,82.839043,27.431393,0.040594,0.955310,0.117577,0.268160,-9.607127,88.907425,10.634798,0.072461,0.960575,0.001993,0.268403,-10.110265,55.285854,2.085335,0.017596,0.956101,-0.094408,0.276855,-16.286734,11.043638,0.174979,-0.071261,0.954910,-0.089083,0.274105,4.724787,87.967033,20.828760,0.015668,0.984038,-0.146890,0.099235,7.752304,54.174870,28.086918,0.029100,0.872891,-0.096347,0.477423,5.070047,11.414203,40.873734,0.017596,0.956101,-0.094408,0.276855,-9.829309,2.911737,-9.796480,0.029100,0.872891,-0.096347,0.477423,15.188375,3.217179,34.734974
1172,9.766667,0.048313,0.950135,-0.063796,0.301397,-2.437556,88.438164,15.738778,0.005110,0.917380,0.143280,0.371294,-1.496901,95.566856,15.073652,-0.006751,0.916829,-0.036832,0.397521,-3.361820,113.996384,20.199343,0.072525,0.954467,-0.061724,0.282707,-3.057086,131.972641,18.885094,0.031391,0.985983,0.047085,0.156955,0.243775,145.095093,16.370207,-0.038298,0.941493,0.026096,0.333831,-6.242835,126.495621,17.210291,-0.504797,0.616400,-0.293655,0.528202,-19.174974,125.582054,6.676595,-0.582484,0.565258,-0.286954,0.508776,-17.600269,103.870270,-1.581637,-0.675987,0.471873,-0.259023,0.503273,-12.880479,81.014374,-7.373975,-0.040248,0.930719,-0.088700,0.352526,-1.428592,126.788918,22.338209,0.635206,0.750397,0.166365,0.075764,11.069758,129.085022,33.180382,0.642052,0.728076,0.221308,0.093261,15.296642,106.302490,30.906927,0.480687,0.805506,0.344015,0.041878,19.099852,82.828484,27.339523,0.040608,0.955331,0.117519,0.268109,-9.602829,88.907990,10.640800,0.072496,0.960675,0.002100,0.268037,-10.108392,55.285549,2.094895,0.016656,0.956164,-0.094840,0.276546,-16.286041,11.043835,0.176778,-0.071249,0.954940,-0.089047,0.274012,4.727717,87.968338,20.836756,0.015711,0.984061,-0.146810,0.099121,7.755826,54.175621,28.092077,0.029115,0.872885,-0.096327,0.477435,5.072029,11.412957,40.871887,0.016656,0.956164,-0.094840,0.276546,-9.824542,2.908444,-9.789193,0.029115,0.872885,-0.096327,0.477435,15.190506,3.216170,34.733055
1173,9.775000,0.048267,0.950122,-0.063776,0.301449,-2.433362,88.437759,15.744684,0.005099,0.917372,0.143212,0.371341,-1.493390,95.566551,15.079683,-0.006748,0.916803,-0.037033,0.397561,-3.357998,113.996735,20.202749,0.072601,0.954453,-0.062049,0.282664,-3.050231,131.972443,18.881952,0.031234,0.986006,0.047146,0.156822,0.254751,145.092346,16.359184,-0.038293,0.941500,0.026237,0.333800,-6.236707,126.495338,17.208851,-0.504878,0.616169,-0.293833,0.528296,-19.169552,125.583443,6.675879,-0.582373,0.565196,-0.287157,0.508857,-17.586412,103.869125,-1.574069,-0.676053,0.471551,-0.259412,0.503286,-12.868860,81.011894,-7.362963,-0.039881,0.930537,-0.088816,0.353020,-1.422905,126.789734,22.337120,0.635186,0.750505,0.166367,0.074857,11.064776,129.077042,33.193432,0.642057,0.728072,0.221873,0.091901,15.299192,106.299034,30.888752,0.480409,0.805289,0.345076,0.040496,19.114157,82.836929,27.256193,0.040645,0.955316,0.117531,0.268154,-9.598166,88.906853,10.645980,0.072545,0.960660,0.002130,0.268076,-10.105551,55.284809,2.098613,0.016698,0.956136,-0.094850,0.276638,-16.286535,11.043728,0.176572,-0.071201,0.954937,-0.089033,0.274042,4.731443,87.968666,20.843390,0.015674,0.984037,-0.146768,0.099418,7.756416,54.175289,28.096951,0.028856,0.872947,-0.096477,0.477308,5.072339,11.411431,40.872726,0.016698,0.956136,-0.094850,0.276638,-9.823612,2.907854,-9.788082,0.028856,0.872947,-0.096477,0.477308,15.191102,3.214557,34.734482
1174,9.783333,0.048270,0.950119,-0.063911,0.301430,-2.433289,88.436119,15.753961,0.005389,0.917410,0.143433,0.371156,-1.492706,95.564659,15.087116,-0.007123,0.916872,-0.037400,0.397361,-3.348387,113.984367,20.220085,0.072683,0.954484,-0.061870,0.282575,-3.048028,131.958908,18.881720,0.031210,0.986048,0.046880,0.156646,0.257388,145.079636,16.363764,-0.037962,0.941464,0.026207,0.333943,-6.233168,126.478973,17.215343,-0.504759,0.615920,-0.294082,0.528561,-19.163660,125.577316,6.678602,-0.582373,0.564941,-0.287221,0.509105,-17.573078,103.862503,-1.568579,-0.675954,0.471563,-0.259256,0.503488,-12.843415,81.007423,-7.356133,-0.040394,0.930686,-0.088606,0.352620,-1.417202,126.780167,22.341187,0.635542,0.750509,0.165503,0.073703,11.078532,129.079956,33.185593,0.642060,0.728157,0.222276,0.090218,15.299864,106.301308,30.863434,0.480318,0.804879,0.346321,0.039075,19.129404,82.852684,27.159864,0.040594,0.955291,0.117653,0.268197,-9.598290,88.904572,10.655474,0.072583,0.960618,0.002147,0.268215,-10.099609,55.284233,2.101044,0.017033,0.956135,-0.094889,0.276607,-16.283163,11.043653,0.175744,-0.071230,0.954921,-0.088968,0.274112,4.731712,87.967667,20.852448,0.015737,0.984079,-0.146695,0.099101,7.759373,54.173786,28.102516,0.029042,0.872924,-0.096284,0.477379,5.074536,11.408175,40.872253,0.017033,0.956135,-0.094889,0.276607,-9.825650,2.904583,-9.789809,0.029042,0.872924,-0.096284,0.477379,15.193428,3.213111,34.731800
1175,9.791667,0.048256,0.950115,-0.063921,0.301440,-2.430342,88.436470,15.760964,0.005396,0.917397,0.143397,0.371202,-1.489890,95.565002,15.093925,-0.007112,0.916847,-0.037451,0.397415,-3.344979,113.984009,20.225376,0.072747,0.954512,-0.061885,0.282462,-3.043453,131.958420,18.885508,0.031203,0.986115,0.046614,0.156303,0.263222,145.078735,16.367151,-0.038025,0.941424,0.026190,0.334050,-6.228695,126.478516,17.219215,-0.504730,0.615654,-0.294293,0.528781,-19.156637,125.574852,6.679516,-0.582491,0.564690,-0.287382,0.509157,-17.556576,103.858925,-1.562905,-0.676504,0.470893,-0.259521,0.503241,-12.817721,81.003014,-7.339618,-0.040363,0.930697,-0.088619,0.352592,-1.413337,126.779877,22.345617,0.635618,0.750580,0.165287,0.072795,11.083132,129.078781,33.189369,0.641967,0.728280,0.222708,0.088810,15.306133,106.303070,30.841524,0.482510,0.803038,0.347792,0.036802,19.153503,82.867111,27.076838,0.040607,0.955296,0.117643,0.268182,-9.595256,88.904625,10.662327,0.072572,0.960681,0.002218,0.267992,-10.097781,55.284191,2.108333,0.016868,0.956198,-0.094836,0.276419,-16.279156,11.043504,0.178605,-0.071225,0.954926,-0.088921,0.274110,4.734571,87.968307,20.859602,0.015775,0.984078,-0.146707,0.099089,7.762821,54.173790,28.106482,0.029148,0.872957,-0.096269,0.477314,5.074680,11.408627,40.877007,0.016868,0.956198,-0.094836,0.276419,-9.823343,2.906721,-9.789915,0.029148,0.872957,-0.096269,0.477314,15.191325,3.212579,34.734169
1176,9.800000,0.048040,0.950173,-0.064493,0.301170,-2.434207,88.431671,15.785071,0.005439,0.917470,0.143017,0.371167,-1.494446,95.559448,15.109006,-0.007070,0.916838,-0.037509,0.397432,-3.342579,113.984261,20.228544,0.072832,0.954503,-0.062027,0.282439,-3.038826,131.958527,18.887350,0.031104,0.986135,0.046544,0.156221,0.270975,145.077484,16.365948,-0.038119,0.941357,0.026287,0.334220,-6.224661,126.478897,17.221333,-0.504828,0.615422,-0.294430,0.528882,-19.148579,125.573578,6.676830,-0.582834,0.564398,-0.287347,0.509108,-17.538963,103.855537,-1.558197,-0.676532,0.471220,-0.259017,0.503156,-12.783325,81.000023,-7.322675,-0.040298,0.930730,-0.088531,0.352534,-1.409480,126.780060,22.347914,0.635715,0.750653,0.164957,0.071946,11.088536,129.075775,33.190559,0.641997,0.728248,0.223348,0.087236,15.311556,106.302177,30.822308,0.481110,0.803561,0.348616,0.035920,19.170439,82.880333,26.982265,0.040540,0.955276,0.118074,0.268072,-9.602353,88.893524,10.690398,0.072673,0.960603,0.002194,0.268247,-10.093274,55.279778,2.109490,0.016917,0.956156,-0.094781,0.276580,-16.283348,11.040396,0.177723,-0.071224,0.954921,-0.088774,0.274175,4.733940,87.969810,20.879745,0.015742,0.984063,-0.146596,0.099407,7.764454,54.173462,28.117142,0.029022,0.872995,-0.096177,0.477270,5.076046,11.405293,40.877541,0.016917,0.956156,-0.094781,0.276580,-9.824409,2.904575,-9.789564,0.029022,0.872995,-0.096177,0.477270,15.194355,3.212597,34.732960
1177,9.808333,0.048023,0.950157,-0.064516,0.301220,-2.431313,88.431816,15.790711,0.005407,0.917460,0.142978,0.371208,-1.491651,95.559578,15.114313,-0.006995,0.916825,-0.037531,0.397460,-3.340648,113.985672,20.232210,0.072763,0.954550,-0.062240,0.282252,-3.034039,131.959915,18.891386,0.031194,0.986189,0.046500,0.155870,0.274758,145.077805,16.363155,-0.038210,0.941301,0.026328,0.334365,-6.220604,126.480804,17.225044,-0.505017,0.614965,-0.294821,0.529015,-19.141050,125.573303,6.676486,-0.582844,0.564116,-0.287159,0.509516,-17.515993,103.849136,-1.539291,-0.675968,0.471887,-0.258682,0.503462,-12.739812,81.000252,-7.313050,-0.040020,0.930689,-0.088468,0.352688,-1.405725,126.781128,22.351959,0.635629,0.750794,0.165037,0.071033,11.089402,129.067886,33.199821,0.642247,0.728002,0.224092,0.085527,15.323559,106.299828,30.798399,0.479767,0.803970,0.349665,0.034509,19.181183,82.892120,26.871855,0.040555,0.955256,0.118074,0.268142,-9.598956,88.893196,10.695295,0.072667,0.960680,0.002248,0.267971,-10.090213,55.279530,2.114125,0.017078,0.956177,-0.094717,0.276519,-16.279018,11.040083,0.179684,-0.071197,0.954958,-0.088816,0.274040,4.736331,87.970436,20.886127,0.015759,0.984071,-0.146527,0.099424,7.765285,54.174347,28.125372,0.028886,0.873009,-0.096214,0.477246,5.075737,11.404410,40.879631,0.017078,0.956177,-0.094717,0.276519,-9.823318,2.904600,-9.789970,0.028886,0.873009,-0.096214,0.477246,15.195143,3.212551,34.735756
1178,9.816667,0.047972,0.950149,-0.064505,0.301257,-2.427381,88.431580,15.795758,0.005409,0.917443,0.142980,0.371248,-1.488443,95.559433,15.119308,-0.007091,0.916796,-0.037622,0.397516,-3.337626,113.985153,20.237116,0.072788,0.954548,-0.062236,0.282254,-3.032827,131.959122,18.891945,0.031221,0.986214,0.046330,0.155761,0.276589,145.076904,16.364027,-0.038123,0.941308,0.026182,0.334364,-6.218595,126.479248,17.226563,-0.505337,0.614676,-0.294685,0.529121,-19.139278,125.572845,6.678194,-0.583096,0.563469,-0.287421,0.509795,-17.493952,103.848206,-1.532309,-0.676639,0.470166,-0.259608,0.503693,-12.689924,81.000328,-7.286932,-0.040043,0.930751,-0.088795,0.352441,-1.404355,126.781342,22.353973,0.635797,0.750920,0.164319,0.069862,11.096533,129.071991,33.194386,0.642191,0.728154,0.224457,0.083674,15.328439,106.305695,30.772383,0.481339,0.802644,0.350726,0.032666,19.204617,82.913750,26.770887,0.040552,0.955247,0.118104,0.268161,-9.594727,88.892105,10.699841,0.072731,0.960696,0.002259,0.267896,-10.085058,55.278904,2.116758,0.016869,0.956184,-0.094699,0.276514,-16.279221,11.040295,0.180317,-0.071144,0.955007,-0.088880,0.273863,4.739964,87.971054,20.891676,0.015793,0.984096,-0.146478,0.099247,7.765512,54.175228,28.133560,0.028823,0.873056,-0.096101,0.477187,5.075696,11.404100,40.883747,0.016869,0.956184,-0.094699,0.276514,-9.820738,2.906649,-9.789036,0.028823,0.873056,-0.096101,0.477187,15.195889,3.215276,34.737118
1179,9.825000,0.048003,0.950131,-0.064562,0.301295,-2.427153,88.432434,15.801228,0.005410,0.917440,0.142940,0.371271,-1.487519,95.560143,15.124184,-0.006991,0.916795,-0.037670,0.397515,-3.336060,113.984894,20.240189,0.072780,0.954565,-0.062327,0.282177,-3.027242,131.958771,18.894854,0.031187,0.986245,0.046198,0.155607,0.282320,145.076004,16.364208,-0.038264,0.941278,0.026203,0.334433,-6.214217,126.479599,17.229496,-0.505122,0.614051,-0.295083,0.529829,-19.133013,125.569107,6.679175,-0.583117,0.562842,-0.287843,0.510225,-17.462835,103.845772,-1.529764,-0.676855,0.469424,-0.259723,0.504036,-12.636568,80.998596,-7.268544,-0.040064,0.930802,-0.088578,0.352358,-1.399954,126.780663,22.356943,0.635851,0.751015,0.164033,0.069012,11.102839,129.069244,33.195583,0.642055,0.728455,0.224543,0.081850,15.337053,106.305656,30.752245,0.482126,0.801933,0.351538,0.029648,19.236153,82.928543,26.686855,0.040603,0.955224,0.117979,0.268290,-9.594037,88.893127,10.704680,0.072681,0.960732,0.002416,0.267780,-10.088975,55.278175,2.128716,0.017025,0.956207,-0.094675,0.276433,-16.275345,11.038980,0.180713,-0.071157,0.954994,-0.088855,0.273912,4.739732,87.971748,20.897774,0.015801,0.984098,-0.146433,0.099288,7.766268,54.175747,28.138437,0.028965,0.873043,-0.096125,0.477197,5.075571,11.403465,40.884583,0.017025,0.956207,-0.094675,0.276433,-9.820657,2.904795,-9.790660,0.028965,0.873043,-0.096125,0.477197,15.193884,3.212474,34.737743
1180,9.833333,0.048000,0.950127,-0.064557,0.301307,-2.425143,88.433983,15.805507,0.005375,0.917436,0.142964,0.371272,-1.485563,95.561691,15.128532,-0.006999,0.916794,-0.037695,0.397516,-3.335438,113.983711,20.244167,0.072875,0.954570,-0.062105,0.282185,-3.026562,131.957520,18.897905,0.031163,0.986279,0.045819,0.155511,0.283845,145.075775,16.373697,-0.038310,0.941209,0.026217,0.334620,-6.213549,126.478264,17.232822,-0.505266,0.613551,-0.295254,0.530176,-19.128042,125.566734,6.677324,-0.583386,0.562212,-0.287913,0.510572,-17.433973,103.842072,-1.523189,-0.676557,0.469712,-0.259858,0.504098,-12.575537,80.998764,-7.250211,-0.039761,0.930737,-0.088776,0.352514,-1.399299,126.779594,22.360268,0.635804,0.751153,0.163997,0.068029,11.100616,129.061462,33.203640,0.642115,0.728236,0.225646,0.080281,15.343889,106.303070,30.727783,0.481793,0.801439,0.353195,0.028701,19.251524,82.943298,26.571882,0.040612,0.955215,0.117982,0.268319,-9.591898,88.894630,10.708775,0.072757,0.960660,0.002448,0.268016,-10.087119,55.279778,2.132465,0.016806,0.956161,-0.094787,0.276565,-16.278681,11.041591,0.178383,-0.071246,0.954749,-0.088701,0.274792,4.741613,87.973335,20.902239,0.015887,0.984129,-0.146437,0.098961,7.770364,54.176311,28.137218,0.028684,0.873067,-0.096314,0.477132,5.076293,11.404387,40.883823,0.016806,0.956161,-0.094787,0.276565,-9.818573,2.906385,-9.788643,0.028684,0.873067,-0.096314,0.477132,15.195828,3.212794,34.739799
1181,9.841667,0.047964,0.950117,-0.064627,0.301330,-2.423826,88.433411,15.810339,0.004860,0.917477,0.143034,0.371152,-1.484412,95.561043,15.132274,-0.005424,0.916948,-0.037869,0.397168,-3.355426,114.008881,20.250542,0.072216,0.954736,-0.062942,0.281606,-2.992490,131.982910,18.920933,0.031092,0.986319,0.045947,0.155230,0.304666,145.098877,16.367626,-0.039372,0.941101,0.025850,0.334830,-6.197269,126.514992,17.252762,-0.505392,0.613188,-0.295578,0.530296,-19.104305,125.566254,6.691420,-0.583498,0.561760,-0.287878,0.510962,-17.398405,103.836891,-1.494206,-0.677187,0.468377,-0.259780,0.504534,-12.514549,80.998718,-7.220075,-0.040046,0.930823,-0.088647,0.352288,-1.378843,126.796783,22.377392,0.636214,0.750900,0.163959,0.067073,11.125641,129.085434,33.214069,0.642185,0.728045,0.226641,0.078632,15.350633,106.327614,30.701962,0.479765,0.802007,0.354761,0.027470,19.266495,82.985413,26.456100,0.040589,0.955221,0.118012,0.268290,-9.590403,88.893059,10.713265,0.072797,0.960660,0.002462,0.268005,-10.083782,55.278564,2.135450,0.016943,0.956172,-0.094770,0.276527,-16.278534,11.040908,0.179320,-0.071220,0.954757,-0.088698,0.274771,4.742749,87.973755,20.907412,0.015882,0.984155,-0.146406,0.098749,7.770024,54.176445,28.141636,0.028862,0.873096,-0.096208,0.477090,5.079425,11.403686,40.886192,0.016943,0.956172,-0.094770,0.276527,-9.821058,2.905139,-9.788951,0.028862,0.873096,-0.096208,0.477090,15.196809,3.212147,34.738560
1182,9.850000,0.047975,0.950104,-0.064601,0.301375,-2.422357,88.434357,15.813407,0.005386,0.917436,0.142906,0.371296,-1.482884,95.562019,15.135786,-0.006994,0.916789,-0.037767,0.397520,-3.331621,113.984505,20.249481,0.072883,0.954601,-0.062296,0.282036,-3.021540,131.958115,18.900915,0.031301,0.986327,0.045664,0.155221,0.289836,145.075073,16.371233,-0.038427,0.941157,0.026190,0.334755,-6.208869,126.478867,17.236496,-0.505767,0.612244,-0.295716,0.530952,-19.120043,125.563522,6.677261,-0.583930,0.560991,-0.288141,0.511165,-17.364082,103.833244,-1.495329,-0.677764,0.467490,-0.259694,0.504627,-12.446003,80.995728,-7.194445,-0.039671,0.930816,-0.089054,0.352247,-1.394663,126.780525,22.363964,0.636035,0.751352,0.163085,0.065819,11.111791,129.062195,33.199844,0.641988,0.728415,0.226760,0.076441,15.355124,106.309464,30.672535,0.481826,0.800491,0.355581,0.024876,19.299511,82.986176,26.349794,0.040652,0.955210,0.117959,0.268341,-9.588435,88.894257,10.715652,0.072763,0.960694,0.002534,0.267891,-10.086534,55.279243,2.140115,0.016794,0.956175,-0.094774,0.276524,-16.276836,11.041170,0.179278,-0.071101,0.954985,-0.088912,0.273938,4.743721,87.974457,20.911163,0.015806,0.984141,-0.146238,0.099152,7.765286,54.178619,28.154644,0.029024,0.873027,-0.096019,0.477245,5.077668,11.401248,40.884327,0.016794,0.956175,-0.094774,0.276524,-9.817421,2.906340,-9.788506,0.029024,0.873027,-0.096019,0.477245,15.196753,3.211758,34.736759
1183,9.858333,0.047993,0.950087,-0.064552,0.301438,-2.419907,88.435684,15.814255,0.005339,0.917426,0.142910,0.371319,-1.480346,95.563416,15.137445,-0.006934,0.916785,-0.037822,0.397525,-3.330785,113.984573,20.250168,0.073173,0.954586,-0.062245,0.282023,-3.017908,131.958069,18.900633,0.031170,0.986360,0.045501,0.155089,0.300457,145.073944,16.374475,-0.038370,0.941140,0.026165,0.334812,-6.206055,126.479210,17.236456,-0.505943,0.611697,-0.295980,0.531267,-19.116106,125.565445,6.675712,-0.584246,0.560176,-0.288145,0.511696,-17.336237,103.832161,-1.483714,-0.678220,0.466397,-0.259870,0.504934,-12.374288,81.001564,-7.172550,-0.039744,0.930799,-0.088600,0.352396,-1.391887,126.780403,22.363987,0.635992,0.751519,0.162901,0.064777,11.110869,129.059387,33.204697,0.642152,0.728281,0.227418,0.074361,15.363089,106.311691,30.647224,0.479872,0.801460,0.356123,0.023709,19.312468,83.007133,26.229059,0.040714,0.955207,0.117823,0.268402,-9.585290,88.896065,10.715567,0.072608,0.960814,0.002620,0.267501,-10.089526,55.279182,2.147730,0.016860,0.956278,-0.094641,0.276210,-16.265354,11.039138,0.185787,-0.071062,0.954986,-0.088984,0.273924,4.745477,87.975304,20.912943,0.015801,0.984155,-0.146229,0.099032,7.763190,54.179955,28.160337,0.028974,0.873073,-0.096033,0.477159,5.077597,11.402329,40.889610,0.016860,0.956278,-0.094641,0.276210,-9.813215,2.906793,-9.788733,0.028974,0.873073,-0.096033,0.477159,15.195933,3.213111,34.740448
1184,9.866667,0.047996,0.950090,-0.064598,0.301417,-2.419181,88.436981,15.817766,0.005344,0.917438,0.142871,0.371304,-1.479388,95.564621,15.140314,-0.006926,0.916792,-0.037845,0.397508,-3.328917,113.985085,20.251484,0.073276,0.954589,-0.062283,0.281978,-3.015467,131.958527,18.901318,0.031103,0.986382,0.045434,0.154979,0.305647,145.073624,16.374784,-0.038463,0.941110,0.026073,0.334892,-6.203861,126.479721,17.237444,-0.506037,0.611021,-0.296365,0.531740,-19.111881,125.562096,6.674560,-0.584436,0.559220,-0.288309,0.512431,-17.304193,103.825996,-1.471210,-0.677986,0.465944,-0.260102,0.505547,-12.295334,81.002914,-7.149066,-0.039744,0.930821,-0.088550,0.352352,-1.389503,126.780930,22.364792,0.636131,0.751602,0.162431,0.063630,11.114275,129.059250,33.204453,0.641872,0.728705,0.227454,0.072487,15.365166,106.314362,30.619944,0.482933,0.799223,0.357219,0.020322,19.345072,83.026886,26.139557,0.040765,0.955182,0.117742,0.268520,-9.584783,88.897202,10.719376,0.072431,0.960920,0.002741,0.267169,-10.092839,55.279289,2.155796,0.017790,0.956331,-0.094127,0.276144,-16.251295,11.037004,0.189795,-0.071032,0.955020,-0.089027,0.273796,4.746421,87.976761,20.916157,0.015825,0.984186,-0.146213,0.098740,7.762220,54.181648,28.165445,0.029467,0.873064,-0.095922,0.477169,5.078480,11.403667,40.893902,0.017790,0.956331,-0.094127,0.276144,-9.811016,2.910031,-9.796757,0.029467,0.873064,-0.095922,0.477169,15.191409,3.210874,34.740620
1185,9.875000,0.047973,0.950039,-0.064852,0.301526,-2.416471,88.433289,15.824023,0.004770,0.917470,0.142933,0.371208,-1.475821,95.560493,15.143114,-0.005394,0.916942,-0.038015,0.397170,-3.348955,114.010452,20.256746,0.072579,0.954727,-0.062992,0.281531,-2.982913,131.984100,18.922777,0.030994,0.986391,0.045488,0.154926,0.323605,145.097946,16.370716,-0.039548,0.941015,0.025699,0.335060,-6.188608,126.516327,17.255888,-0.505760,0.610600,-0.296807,0.532241,-19.090025,125.560677,6.688304,-0.584764,0.558338,-0.288382,0.512978,-17.270569,103.824524,-1.454709,-0.680137,0.462540,-0.260382,0.505641,-12.216324,81.008057,-7.118918,-0.039780,0.930928,-0.089019,0.351946,-1.370205,126.798538,22.380520,0.636540,0.751328,0.162362,0.062943,11.143036,129.082428,33.208084,0.641975,0.728448,0.228481,0.070913,15.373699,106.336739,30.597687,0.482018,0.799190,0.358584,0.019280,19.358089,83.067307,26.028419,0.040826,0.955232,0.117775,0.268317,-9.580948,88.891609,10.723875,0.072209,0.961258,0.002760,0.266011,-10.094279,55.274570,2.157183,0.017883,0.956511,-0.093846,0.275608,-16.235680,11.029419,0.202263,-0.070989,0.955004,-0.088968,0.273883,4.748005,87.974968,20.924170,0.015807,0.984165,-0.146160,0.099028,7.761490,54.178703,28.169043,0.029157,0.873074,-0.095955,0.477163,5.076002,11.399290,40.892315,0.017883,0.956511,-0.093846,0.275608,-9.807317,2.908089,-9.796555,0.029157,0.873074,-0.095955,0.477163,15.192601,3.209496,34.741062
1186,9.883333,0.048010,0.950029,-0.064916,0.301538,-2.415973,88.433662,15.826054,0.004674,0.917475,0.143109,0.371130,-1.474538,95.560684,15.144445,-0.005333,0.916978,-0.038273,0.397063,-3.352939,114.006660,20.262352,0.072783,0.954726,-0.062910,0.281501,-2.981363,131.979630,18.920679,0.030874,0.986410,0.045356,0.154868,0.329655,145.093033,16.372164,-0.039451,0.940971,0.025742,0.335194,-6.189193,126.512184,17.256805,-0.505968,0.609736,-0.297284,0.532767,-19.087887,125.560257,6.685559,-0.585602,0.557578,-0.288292,0.512899,-17.232536,103.819443,-1.436868,-0.679745,0.464002,-0.257797,0.506153,-12.135031,81.005173,-7.071094,-0.039859,0.930933,-0.089011,0.351927,-1.369583,126.795006,22.380270,0.636721,0.751798,0.160348,0.060613,11.143891,129.081207,33.207085,0.641952,0.728789,0.228229,0.068385,15.377241,106.338524,30.574821,0.481553,0.798978,0.359780,0.017264,19.379997,83.087990,25.926113,0.040868,0.955208,0.117740,0.268412,-9.580260,88.892227,10.725663,0.072218,0.961258,0.002784,0.266008,-10.096135,55.274857,2.160431,0.017138,0.956545,-0.094286,0.275386,-16.237787,11.029842,0.203260,-0.070954,0.955006,-0.088970,0.273885,4.748315,87.975090,20.926445,0.015836,0.984194,-0.146147,0.098757,7.759451,54.178513,28.170851,0.029281,0.873085,-0.095789,0.477170,5.075036,11.398843,40.893509,0.017138,0.956545,-0.094286,0.275386,-9.806124,2.903485,-9.789351,0.029281,0.873085,-0.095789,0.477170,15.191403,3.211012,34.739250
1187,9.891667,0.048079,0.950021,-0.064970,0.301542,-2.418567,88.435120,15.827259,0.004727,0.917488,0.143116,0.371094,-1.475954,95.561951,15.145212,-0.005353,0.916999,-0.038321,0.397009,-3.352300,114.007019,20.263962,0.072755,0.954736,-0.062937,0.281470,-2.980756,131.979843,18.920404,0.030916,0.986415,0.045261,0.154856,0.329617,145.093201,16.370827,-0.039668,0.940957,0.025803,0.335202,-6.188818,126.512253,17.257469,-0.506098,0.609128,-0.297502,0.533218,-19.086748,125.554214,6.685854,-0.585524,0.556360,-0.288447,0.514221,-17.202906,103.812386,-1.427339,-0.680259,0.461465,-0.260058,0.506623,-12.044459,81.012329,-7.063666,-0.039862,0.930968,-0.088944,0.351849,-1.368607,126.795563,22.380335,0.636691,0.751960,0.160009,0.059819,11.146698,129.080887,33.205212,0.641800,0.729014,0.228496,0.066488,15.386311,106.341347,30.555912,0.481884,0.798617,0.360239,0.015076,19.410757,83.109138,25.834869,0.040741,0.955161,0.117766,0.268586,-9.582701,88.894539,10.726733,0.072653,0.960828,0.002775,0.267437,-10.088110,55.276882,2.162005,0.017604,0.956259,-0.094154,0.276395,-16.264166,11.037487,0.186051,-0.070953,0.955007,-0.089001,0.273872,4.745566,87.975700,20.927788,0.015819,0.984200,-0.146102,0.098760,7.756098,54.179485,28.174124,0.028557,0.873166,-0.096129,0.476996,5.073533,11.398602,40.893070,0.017604,0.956259,-0.094154,0.276395,-9.815928,2.911227,-9.795945,0.028557,0.873166,-0.096129,0.476996,15.194026,3.212232,34.743671
1188,9.900000,0.048116,0.949999,-0.064938,0.301613,-2.417847,88.436066,15.825712,0.004772,0.917477,0.143182,0.371095,-1.474810,95.562912,15.144345,-0.005410,0.917003,-0.038356,0.396994,-3.350502,114.007225,20.266020,0.072606,0.954748,-0.063069,0.281437,-2.980362,131.979935,18.920479,0.031032,0.986415,0.045213,0.154850,0.326986,145.093140,16.366228,-0.039625,0.940937,0.025696,0.335271,-6.188070,126.511909,17.258253,-0.506422,0.608395,-0.297716,0.533627,-19.084566,125.554085,6.684865,-0.586636,0.555546,-0.287899,0.514141,-17.165106,103.809357,-1.412157,-0.680759,0.461906,-0.257025,0.507098,-11.947936,81.017181,-7.026237,-0.039889,0.930992,-0.088882,0.351800,-1.367701,126.796150,22.380926,0.636592,0.752190,0.159687,0.058841,11.148696,129.081467,33.204548,0.641822,0.729122,0.228702,0.064353,15.399593,106.346764,30.531914,0.481336,0.798848,0.360544,0.012863,19.436100,83.133278,25.729767,0.040767,0.955110,0.117708,0.268788,-9.581163,88.896187,10.724098,0.072787,0.960773,0.002762,0.267601,-10.087580,55.277729,2.162587,0.017617,0.956184,-0.094162,0.276652,-16.275097,11.040079,0.183505,-0.070920,0.955035,-0.089064,0.273764,4.745470,87.975952,20.927328,0.015825,0.984225,-0.146079,0.098544,7.753440,54.180199,28.176891,0.028776,0.873149,-0.096004,0.477039,5.073372,11.398721,40.894379,0.017617,0.956184,-0.094162,0.276652,-9.821387,2.913602,-9.794783,0.028776,0.873149,-0.096004,0.477039,15.192646,3.212371,34.742939
1189,9.908333,0.048121,0.949996,-0.064915,0.301625,-2.418809,88.436752,15.826241,0.004807,0.917488,0.143130,0.371089,-1.475795,95.563629,15.145226,-0.005356,0.917016,-0.038302,0.396971,-3.349363,114.007484,20.265320,0.072647,0.954738,-0.063151,0.281444,-2.978239,131.980362,18.922331,0.030936,0.986416,0.045123,0.154888,0.330805,145.092804,16.366344,-0.039731,0.940907,0.025830,0.335334,-6.186349,126.512764,17.259481,-0.506635,0.607093,-0.298699,0.534358,-19.081152,125.553215,6.684179,-0.585738,0.554643,-0.288140,0.516002,-17.115273,103.798584,-1.375023,-0.680245,0.460298,-0.259676,0.507898,-11.856567,81.024101,-7.022067,-0.039916,0.931024,-0.088910,0.351705,-1.365709,126.795998,22.381956,0.636573,0.752385,0.159236,0.057758,11.152845,129.082230,33.202892,0.641751,0.729285,0.228843,0.062699,15.410715,106.351662,30.506346,0.483009,0.797326,0.361762,0.010117,19.461737,83.153427,25.643095,0.040842,0.955055,0.117643,0.269002,-9.581993,88.897064,10.724454,0.072706,0.960783,0.002817,0.267587,-10.092718,55.277981,2.165665,0.017631,0.956200,-0.094133,0.276603,-16.271997,11.039299,0.183876,-0.070919,0.955001,-0.089048,0.273886,4.744374,87.976440,20.928024,0.015804,0.984211,-0.146074,0.098700,7.751694,54.180481,28.176876,0.029114,0.873082,-0.095918,0.477158,5.071505,11.398804,40.893669,0.017631,0.956200,-0.094133,0.276603,-9.819421,2.913386,-9.795606,0.029114,0.873082,-0.095918,0.477158,15.188867,3.210287,34.741966
1190,9.916667,0.048156,0.949980,-0.064872,0.301679,-2.418302,88.437256,15.823150,0.004827,0.917479,0.143181,0.371090,-1.474967,95.564163,15.142922,-0.005406,0.917018,-0.038370,0.396960,-3.348623,114.007881,20.265181,0.072571,0.954752,-0.063059,0.281434,-2.978220,131.980545,18.919226,0.031002,0.986425,0.045003,0.154854,0.328167,145.093994,16.364948,-0.039655,0.940900,0.025706,0.335372,-6.186160,126.512550,17.257353,-0.506922,0.606451,-0.298904,0.534700,-19.080311,125.554039,6.681160,-0.586338,0.553363,-0.288144,0.516692,-17.083910,103.796577,-1.362906,-0.681726,0.457237,-0.259660,0.508685,-11.757112,81.032524,-6.988113,-0.039936,0.931044,-0.088819,0.351672,-1.365409,126.796806,22.379665,0.636496,0.752589,0.158897,0.056875,11.153862,129.082520,33.199879,0.641779,0.729267,0.229301,0.060913,15.420991,106.356049,30.483559,0.482050,0.797583,0.362512,0.008585,19.480865,83.175674,25.543171,0.040900,0.955035,0.117508,0.269124,-9.580853,88.898293,10.720542,0.072558,0.960773,0.002845,0.267660,-10.096908,55.277313,2.169478,0.017825,0.956267,-0.094058,0.276386,-16.262711,11.036721,0.188321,-0.070936,0.955014,-0.089111,0.273817,4.744250,87.976219,20.925756,0.015808,0.984212,-0.146046,0.098733,7.751935,54.181194,28.178835,0.029112,0.873105,-0.095884,0.477123,5.071229,11.398801,40.893097,0.017825,0.956267,-0.094058,0.276386,-9.817253,2.911141,-9.796031,0.029112,0.873105,-0.095884,0.477123,15.188349,3.210972,34.740078
1191,9.925000,0.048198,0.949975,-0.064892,0.301685,-2.418948,88.438881,15.822157,0.004829,0.917489,0.143212,0.371054,-1.474936,95.565697,15.141857,-0.005415,0.917038,-0.038392,0.396911,-3.348684,114.008118,20.265007,0.072554,0.954738,-0.063040,0.281490,-2.978332,131.980713,18.918196,0.030968,0.986408,0.044896,0.155002,0.327712,145.094376,16.364511,-0.039702,0.940886,0.025699,0.335404,-6.186479,126.512672,17.256916,-0.507117,0.605547,-0.299284,0.535327,-19.079777,125.552643,6.679829,-0.586959,0.552485,-0.287785,0.517127,-17.042917,103.792824,-1.347691,-0.682651,0.456376,-0.258673,0.508721,-11.659463,81.039940,-6.964156,-0.039917,0.931077,-0.088818,0.351587,-1.365177,126.797127,22.378696,0.636405,0.752829,0.158442,0.055967,11.156137,129.082047,33.196712,0.641685,0.729488,0.229317,0.059179,15.433438,106.359528,30.463326,0.483150,0.796644,0.363164,0.005978,19.509148,83.194717,25.463289,0.041003,0.954971,0.117447,0.269361,-9.581356,88.900520,10.719405,0.072471,0.960870,0.002944,0.267337,-10.103234,55.279148,2.170280,0.014372,0.956437,-0.094759,0.275758,-16.259947,11.037490,0.184798,-0.070915,0.955023,-0.089125,0.273787,4.743461,87.977242,20.924910,0.015790,0.984212,-0.146076,0.098692,7.749723,54.182182,28.178417,0.029017,0.873124,-0.095990,0.477072,5.070854,11.400541,40.895592,0.014372,0.956437,-0.094759,0.275758,-9.784560,2.919462,-9.786322,0.029017,0.873124,-0.095990,0.477072,15.187613,3.211627,34.743427
1192,9.933333,0.048279,0.949957,-0.064871,0.301733,-2.419620,88.440369,15.819642,0.004851,0.917485,0.143255,0.371047,-1.474557,95.567108,15.140020,-0.005409,0.917049,-0.038454,0.396880,-3.347954,114.007759,20.264622,0.072598,0.954737,-0.063036,0.281483,-2.976555,131.980194,18.915840,0.030866,0.986419,0.044809,0.154976,0.330571,145.093658,16.362585,-0.039920,0.940896,0.025740,0.335349,-6.185151,126.512169,17.255358,-0.507259,0.604926,-0.299444,0.535805,-19.079103,125.545692,6.679650,-0.587473,0.551396,-0.287767,0.517715,-17.011694,103.785896,-1.340118,-0.683321,0.454839,-0.258285,0.509394,-11.569908,81.042419,-6.938468,-0.039940,0.931169,-0.088635,0.351388,-1.363508,126.796875,22.376801,0.636416,0.752976,0.157991,0.055142,11.162419,129.079880,33.189884,0.641780,0.729439,0.229602,0.057626,15.443357,106.359879,30.441257,0.482015,0.796932,0.364064,0.004331,19.521938,83.209579,25.376755,0.041014,0.954953,0.117369,0.269459,-9.581378,88.903389,10.716104,0.072391,0.960948,0.002932,0.267075,-10.104637,55.280804,2.171819,0.016957,0.956383,-0.094535,0.275876,-16.255358,11.038101,0.190943,-0.070883,0.955030,-0.089140,0.273764,4.742138,87.977348,20.923180,0.015786,0.984231,-0.146081,0.098490,7.746192,54.182167,28.177011,0.029034,0.873098,-0.095968,0.477123,5.070173,11.400637,40.895164,0.016957,0.956383,-0.094535,0.275876,-9.811457,2.907421,-9.790258,0.029034,0.873098,-0.095968,0.477123,15.187666,3.212008,34.743832
1193,9.941667,0.048340,0.949945,-0.064878,0.301758,-2.421600,88.439903,15.816582,0.004998,0.917491,0.143295,0.371014,-1.475661,95.566544,15.137166,-0.005520,0.917066,-0.038509,0.396833,-3.344354,114.007614,20.265575,0.072623,0.954725,-0.063075,0.281510,-2.975909,131.979843,18.913349,0.030770,0.986415,0.044753,0.155034,0.332248,145.092911,16.359407,-0.039958,0.940893,0.025687,0.335358,-6.183831,126.511017,17.254250,-0.507111,0.604099,-0.299851,0.536650,-19.077497,125.542763,6.678359,-0.587751,0.550331,-0.287693,0.518571,-16.974899,103.784714,-1.337012,-0.682424,0.455752,-0.257370,0.510244,-11.474689,81.053932,-6.929773,-0.040015,0.931203,-0.088635,0.351288,-1.361677,126.797447,22.375116,0.636358,0.753144,0.157673,0.054421,11.166404,129.082550,33.185257,0.641431,0.729883,0.229615,0.055797,15.454435,106.365707,30.421623,0.483299,0.796084,0.364238,0.001635,19.564480,83.234085,25.297577,0.040929,0.955009,0.117409,0.269253,-9.582994,88.903870,10.712619,0.072582,0.960878,0.002897,0.267276,-10.101656,55.281448,2.167399,0.016971,0.956269,-0.094624,0.276238,-16.269047,11.041194,0.183713,-0.070861,0.955082,-0.089158,0.273582,4.739794,87.975929,20.920544,0.015758,0.984221,-0.146080,0.098592,7.743457,54.180752,28.174576,0.028828,0.873231,-0.095777,0.476932,5.068604,11.399117,40.892620,0.016971,0.956269,-0.094624,0.276238,-9.817720,2.908503,-9.791052,0.028828,0.873231,-0.095777,0.476932,15.187284,3.216759,34.734898
1194,9.950000,0.048456,0.949985,-0.064696,0.301654,-2.425517,88.443199,15.808587,0.005115,0.917499,0.143335,0.370978,-1.478845,95.570015,15.132064,-0.005451,0.917078,-0.038572,0.396799,-3.343597,114.008972,20.263109,0.072642,0.954705,-0.063410,0.281498,-2.971998,131.981064,18.909782,0.030561,0.986404,0.044929,0.155094,0.339011,145.091766,16.347404,-0.040058,0.940903,0.025724,0.335312,-6.181015,126.512703,17.251221,-0.507256,0.603425,-0.300119,0.537120,-19.075432,125.541702,6.676492,-0.587842,0.548885,-0.287934,0.519866,-16.942459,103.782204,-1.326873,-0.682589,0.453480,-0.258698,0.511374,-11.372448,81.065979,-6.909713,-0.040052,0.931215,-0.088636,0.351252,-1.358474,126.798569,22.371756,0.636396,0.753290,0.157128,0.053523,11.170362,129.084732,33.180801,0.641350,0.730133,0.229375,0.054436,15.460653,106.370178,30.401920,0.481877,0.796703,0.364772,-0.000481,19.582924,83.249374,25.239044,0.040883,0.954965,0.117315,0.269459,-9.587815,88.910225,10.706171,0.072539,0.960921,0.002936,0.267134,-10.103428,55.286015,2.167820,0.016724,0.956280,-0.094789,0.276159,-16.266527,11.045226,0.182694,-0.070891,0.955047,-0.089221,0.273677,4.736782,87.976166,20.911003,0.015714,0.984215,-0.146081,0.098664,7.740466,54.182072,28.170071,0.028380,0.873145,-0.096316,0.477008,5.068601,11.400321,40.888363,0.016724,0.956280,-0.094789,0.276159,-9.814300,2.910431,-9.789770,0.028380,0.873145,-0.096316,0.477008,15.190162,3.212223,34.743015
1195,9.958333,0.048482,0.949976,-0.064677,0.301683,-2.425708,88.443703,15.804061,0.005096,0.917506,0.143446,0.370919,-1.478742,95.570526,15.127942,-0.005528,0.917110,-0.038550,0.396728,-3.345402,114.008141,20.262621,0.072541,0.954736,-0.063217,0.281462,-2.976794,131.980270,18.908878,0.030687,0.986418,0.044677,0.155057,0.330067,145.092789,16.350466,-0.040206,0.940853,0.025796,0.335431,-6.185235,126.511368,17.250940,-0.507399,0.603094,-0.299992,0.537427,-19.076603,125.536667,6.672838,-0.588698,0.547403,-0.287690,0.520595,-16.921452,103.779839,-1.331878,-0.683625,0.451392,-0.258988,0.511691,-11.266540,81.079002,-6.891894,-0.040184,0.931294,-0.088480,0.351068,-1.361913,126.798080,22.370693,0.636314,0.753464,0.156830,0.052913,11.170876,129.086105,33.174759,0.641329,0.730034,0.230024,0.053255,15.469040,106.374451,30.384314,0.480122,0.797326,0.365723,-0.000926,19.598738,83.268791,25.159948,0.040907,0.954951,0.117236,0.269539,-9.587656,88.911232,10.701200,0.072547,0.960886,0.002936,0.267259,-10.105642,55.285870,2.167508,0.016792,0.956256,-0.094767,0.276245,-16.269211,11.045194,0.181366,-0.070865,0.955062,-0.089284,0.273611,4.736240,87.976173,20.906921,0.015907,0.984333,-0.146172,0.097309,7.737492,54.182590,28.169376,0.029111,0.873194,-0.095747,0.476987,5.065388,11.403763,40.897453,0.016792,0.956256,-0.094767,0.276245,-9.815912,2.910464,-9.790462,0.029111,0.873194,-0.095747,0.476987,15.181482,3.218698,34.739079
1196,9.966667,0.048470,0.949993,-0.064630,0.301639,-2.425773,88.444046,15.801053,0.005103,0.917516,0.143441,0.370894,-1.479199,95.570961,15.125477,-0.005522,0.917117,-0.038573,0.396708,-3.345478,114.009354,20.260344,0.072541,0.954737,-0.063274,0.281444,-2.976348,131.981415,18.905926,0.030617,0.986424,0.044652,0.155036,0.330857,145.093536,16.345963,-0.040206,0.940861,0.025600,0.335425,-6.185033,126.512566,17.248322,-0.507540,0.602344,-0.300345,0.537939,-19.076540,125.535629,6.670591,-0.589706,0.546619,-0.287436,0.520418,-16.889130,103.776611,-1.319396,-0.684116,0.451993,-0.256538,0.511738,-11.185982,81.080254,-6.848356,-0.040209,0.931324,-0.088442,0.350995,-1.361489,126.799324,22.367863,0.636187,0.753685,0.156502,0.052267,11.172951,129.087479,33.169983,0.641044,0.730150,0.230665,0.052325,15.481845,106.379295,30.368074,0.483005,0.794879,0.367243,-0.002320,19.633833,83.288765,25.094738,0.040959,0.954863,0.117175,0.269868,-9.588209,88.911690,10.698886,0.072530,0.960924,0.002950,0.267124,-10.107852,55.285625,2.168073,0.016650,0.956277,-0.094768,0.276182,-16.269869,11.044725,0.182040,-0.070859,0.955082,-0.089304,0.273537,4.736663,87.976395,20.903219,0.015693,0.984219,-0.146139,0.098540,7.737700,54.183006,28.166643,0.028885,0.873213,-0.095839,0.476949,5.068745,11.402720,40.890480,0.016650,0.956277,-0.094768,0.276182,-9.816050,2.910920,-9.790203,0.028885,0.873213,-0.095839,0.476949,15.186472,3.218404,34.733791
1197,9.975000,0.048542,0.949987,-0.064524,0.301671,-2.426558,88.445290,15.795011,0.005112,0.917517,0.143467,0.370881,-1.479433,95.572304,15.121224,-0.005552,0.917128,-0.038598,0.396682,-3.345681,114.010132,20.257051,0.072531,0.954746,-0.063203,0.281435,-2.977233,131.982117,18.901396,0.030585,0.986432,0.044582,0.155011,0.329167,145.094788,16.343140,-0.040260,0.940839,0.025677,0.335474,-6.185834,126.513039,17.244354,-0.507550,0.601400,-0.300958,0.538642,-19.076086,125.535370,6.665167,-0.590067,0.545417,-0.287384,0.521299,-16.852953,103.773155,-1.306232,-0.685347,0.449537,-0.256176,0.512436,-11.085217,81.090576,-6.824733,-0.040200,0.931346,-0.088482,0.350927,-1.361996,126.800301,22.363590,0.635898,0.754025,0.156237,0.051671,11.174043,129.088501,33.163845,0.641158,0.730092,0.230766,0.051276,15.502900,106.385353,30.351814,0.482143,0.795252,0.367564,-0.003189,19.653065,83.303970,25.037128,0.041108,0.954617,0.116889,0.270838,-9.588531,88.914650,10.692351,0.072489,0.961000,0.003086,0.266862,-10.114814,55.284798,2.176886,0.016853,0.956300,-0.094732,0.276100,-16.270620,11.043442,0.181852,-0.070952,0.954940,-0.089280,0.274014,4.735415,87.975922,20.897669,0.015755,0.984228,-0.146188,0.098367,7.739420,54.183155,28.162775,0.028382,0.873136,-0.096340,0.477018,5.066832,11.404329,40.890755,0.016853,0.956300,-0.094732,0.276100,-9.821218,2.909034,-9.792755,0.028382,0.873136,-0.096340,0.477018,15.188349,3.215721,34.746014
1198,9.983333,0.048489,0.950120,-0.064671,0.301230,-2.433798,88.443871,15.802094,0.004767,0.917599,0.142924,0.370894,-1.487083,95.570686,15.125628,-0.005052,0.917105,-0.038299,0.396768,-3.358436,114.020744,20.239552,0.072454,0.954747,-0.063503,0.281382,-2.977601,131.993729,18.900936,0.030573,0.986429,0.044648,0.155017,0.328765,145.104752,16.334175,-0.040604,0.940790,0.025690,0.335568,-6.189531,126.528397,17.238054,-0.507767,0.600805,-0.301160,0.538989,-19.076750,125.540199,6.656153,-0.590625,0.544596,-0.286680,0.521911,-16.825979,103.776062,-1.302217,-0.684433,0.451070,-0.254231,0.513278,-10.995801,81.111351,-6.828445,-0.039984,0.931441,-0.088358,0.350730,-1.366588,126.807571,22.358578,0.635971,0.754039,0.155995,0.051303,11.174651,129.087128,33.154617,0.640717,0.730495,0.230925,0.050329,15.500993,106.384277,30.336300,0.482570,0.794828,0.367905,-0.004587,19.682997,83.316109,24.989304,0.041124,0.954507,0.117064,0.271148,-9.600546,88.912186,10.706051,0.072463,0.961015,0.003133,0.266812,-10.121783,55.285255,2.178760,0.016508,0.956278,-0.094775,0.276183,-16.274380,11.043599,0.180536,-0.070975,0.954937,-0.089211,0.274041,4.732950,87.975555,20.898138,0.015751,0.984224,-0.146215,0.098366,7.739607,54.182167,28.159246,0.028867,0.873085,-0.096147,0.477121,5.067195,11.404029,40.889568,0.016508,0.956278,-0.094775,0.276183,-9.818646,2.910604,-9.791125,0.028867,0.873085,-0.096147,0.477121,15.185463,3.213705,34.741772
1199,9.991667,0.048503,0.950114,-0.064719,0.301234,-2.434523,88.442703,15.797174,0.004911,0.917609,0.142917,0.370870,-1.487402,95.569420,15.120125,-0.005696,0.917092,-0.038019,0.396819,-3.352536,114.010712,20.233442,0.072767,0.954717,-0.063496,0.281405,-2.996923,131.984238,18.894869,0.030682,0.986453,0.044546,0.154868,0.317519,145.093750,16.330853,-0.040264,0.940766,0.025793,0.335669,-6.201076,126.514389,17.231815,-0.508059,0.600006,-0.301313,0.539518,-19.086939,125.538147,6.647150,-0.590322,0.543249,-0.287181,0.523380,-16.795774,103.773476,-1.298229,-0.684806,0.447722,-0.256942,0.514360,-10.908933,81.122063,-6.818994,-0.039991,0.931506,-0.088349,0.350559,-1.378789,126.800331,22.352587,0.635516,0.754557,0.155567,0.050619,11.166458,129.079575,33.144043,0.640787,0.730476,0.230978,0.049462,15.522979,106.383347,30.318918,0.482535,0.794472,0.368703,-0.005696,19.704832,83.322800,24.939049,0.041225,0.954337,0.116957,0.271775,-9.601203,88.910995,10.701029,0.072539,0.960942,0.003128,0.267054,-10.125542,55.282921,2.178446,0.016864,0.956207,-0.094716,0.276430,-16.284246,11.042240,0.177350,-0.070969,0.954946,-0.089215,0.274010,4.732158,87.974419,20.893318,0.015742,0.984220,-0.146260,0.098346,7.738587,54.181011,28.154438,0.028755,0.873196,-0.095983,0.476958,5.066819,11.404035,40.888794,0.016864,0.956207,-0.094716,0.276430,-9.827605,2.908228,-9.792900,0.028755,0.873196,-0.095983,0.476958,15.185289,3.218307,34.735199
1200,10.000000,0.048557,0.950140,-0.064716,0.301145,-2.437431,88.442513,15.792179,0.004706,0.917639,0.142924,0.370796,-1.489660,95.569153,15.115314,-0.004980,0.917154,-0.038353,0.396653,-3.362776,114.020828,20.228996,0.072205,0.954795,-0.063815,0.281214,-2.978981,131.993698,18.889582,0.030652,0.986433,0.044806,0.154930,0.322555,145.103851,16.312195,-0.040837,0.940763,0.025946,0.335596,-6.192316,126.528885,17.227697,-0.508052,0.599506,-0.301537,0.539955,-19.078274,125.536285,6.644669,-0.590611,0.542182,-0.287110,0.524200,-16.765469,103.771881,-1.295175,-0.685400,0.445965,-0.257115,0.515008,-10.820930,81.133713,-6.808442,-0.040094,0.931461,-0.088279,0.350685,-1.368072,126.807381,22.347034,0.635478,0.754610,0.155591,0.050229,11.173928,129.089325,33.141689,0.640754,0.730507,0.231106,0.048821,15.534515,106.395630,30.302540,0.482236,0.794549,0.368917,-0.006391,19.721420,83.342072,24.896639,0.041246,0.954245,0.116859,0.272139,-9.604964,88.911827,10.697330,0.072486,0.960980,0.003194,0.266934,-10.129360,55.282272,2.180599,0.017660,0.956178,-0.094239,0.276640,-16.282156,11.040937,0.175823,-0.070960,0.954939,-0.089246,0.274027,4.730103,87.973198,20.887028,0.015701,0.984227,-0.146262,0.098276,7.735205,54.180084,28.150085,0.028396,0.873120,-0.096400,0.477035,5.067883,11.403051,40.885181,0.017660,0.956178,-0.094239,0.276640,-9.829608,2.912411,-9.801542,0.028396,0.873120,-0.096400,0.477035,15.189010,3.213043,34.741669
1201,10.008333,0.048551,0.950128,-0.064736,0.301178,-2.437968,88.442543,15.787026,0.004788,0.917643,0.142991,0.370759,-1.490167,95.569160,15.109902,-0.005415,0.917162,-0.038043,0.396658,-3.360593,114.014603,20.225624,0.072406,0.954795,-0.063600,0.281210,-2.995614,131.988174,18.890207,0.030791,0.986472,0.044402,0.154770,0.309511,145.098801,16.319847,-0.040656,0.940647,0.025930,0.335945,-6.203298,126.520370,17.227213,-0.507996,0.598605,-0.302048,0.540721,-19.081923,125.533760,6.634696,-0.590926,0.540959,-0.287097,0.525113,-16.733208,103.768600,-1.292515,-0.686547,0.443774,-0.257826,0.515018,-10.724659,81.144653,-6.794752,-0.040104,0.931547,-0.088354,0.350436,-1.379169,126.802757,22.346445,0.635425,0.754641,0.155697,0.050106,11.168652,129.085281,33.134216,0.640327,0.730968,0.230946,0.048283,15.532951,106.393173,30.288044,0.481242,0.795277,0.368625,-0.007530,19.748659,83.346786,24.873985,0.040810,0.955061,0.117311,0.269130,-9.605161,88.911613,10.691672,0.072565,0.960818,0.002858,0.267497,-10.118959,55.286919,2.155113,0.016774,0.956182,-0.094851,0.276475,-16.285421,11.046431,0.173767,-0.070945,0.954972,-0.089234,0.273920,4.729226,87.973473,20.882380,0.015642,0.984208,-0.146303,0.098413,7.734334,54.180061,28.144026,0.028388,0.873119,-0.096486,0.477019,5.070115,11.403924,40.882786,0.016774,0.956182,-0.094851,0.276475,-9.827158,2.909964,-9.793430,0.028388,0.873119,-0.096486,0.477019,15.190464,3.212242,34.740219
1202,10.016667,0.048630,0.950129,-0.064718,0.301166,-2.440336,88.443687,15.780581,0.004855,0.917650,0.143035,0.370723,-1.491533,95.570221,15.104027,-0.005558,0.917174,-0.038039,0.396628,-3.360003,114.014908,20.222237,0.072374,0.954800,-0.063515,0.281220,-2.999834,131.988434,18.884893,0.030768,0.986480,0.044259,0.154765,0.303900,145.099792,16.316502,-0.040783,0.940583,0.026075,0.336097,-6.206208,126.519608,17.222717,-0.508002,0.597939,-0.302413,0.541248,-19.081060,125.530861,6.625821,-0.591089,0.539931,-0.287231,0.525916,-16.705519,103.764664,-1.290551,-0.687012,0.442064,-0.258071,0.515744,-10.647180,81.151291,-6.781608,-0.040305,0.931662,-0.087846,0.350235,-1.381774,126.803818,22.341560,0.635138,0.754944,0.155524,0.049723,11.170205,129.086212,33.124519,0.640321,0.730991,0.230986,0.047824,15.553291,106.398415,30.272821,0.481038,0.795299,0.368836,-0.007843,19.771498,83.356544,24.841515,0.040830,0.955052,0.117234,0.269192,-9.607525,88.914192,10.685356,0.072476,0.960824,0.002872,0.267502,-10.123543,55.288349,2.153438,0.017465,0.956152,-0.094489,0.276657,-16.282003,11.046711,0.172958,-0.070999,0.954974,-0.089267,0.273890,4.726852,87.973190,20.875807,0.015650,0.984196,-0.146340,0.098480,7.735112,54.180717,28.140507,0.028517,0.873079,-0.096425,0.477097,5.068977,11.405569,40.882175,0.017465,0.956152,-0.094489,0.276657,-9.827514,2.913815,-9.799593,0.028517,0.873079,-0.096425,0.477097,15.189301,3.213654,34.739883
1203,10.025000,0.048679,0.950138,-0.064592,0.301158,-2.438656,88.443336,15.770994,0.004869,0.917645,0.143116,0.370704,-1.489730,95.570030,15.096376,-0.005621,0.917179,-0.038042,0.396615,-3.358907,114.015106,20.217970,0.072475,0.954779,-0.063431,0.281283,-3.000802,131.988586,18.879642,0.030558,0.986487,0.044090,0.154810,0.305176,145.100006,16.314465,-0.040951,0.940569,0.026228,0.336104,-6.206616,126.519325,17.217865,-0.507914,0.597386,-0.302645,0.541812,-19.080853,125.527023,6.620553,-0.591331,0.538933,-0.286990,0.526798,-16.681061,103.762581,-1.293326,-0.686230,0.442486,-0.257008,0.516954,-10.564295,81.165215,-6.785513,-0.040399,0.931675,-0.087755,0.350212,-1.382046,126.804337,22.336536,0.634987,0.755105,0.155466,0.049377,11.170217,129.088531,33.118786,0.640297,0.730884,0.231470,0.047442,15.563793,106.403900,30.258089,0.479835,0.795763,0.369411,-0.007395,19.785240,83.369316,24.798496,0.040880,0.955043,0.117127,0.269263,-9.605841,88.915344,10.675902,0.072443,0.960802,0.002835,0.267589,-10.126533,55.288052,2.150000,0.017423,0.956176,-0.094472,0.276585,-16.282911,11.045969,0.172910,-0.070989,0.954955,-0.089319,0.273940,4.728529,87.971321,20.866085,0.015647,0.984174,-0.146424,0.098571,7.734738,54.179394,28.134176,0.028896,0.873136,-0.095993,0.477058,5.066953,11.406454,40.882900,0.017423,0.956176,-0.094472,0.276585,-9.829390,2.913726,-9.800802,0.028896,0.873136,-0.095993,0.477058,15.185049,3.218915,34.731106
1204,10.033333,0.048701,0.950144,-0.064496,0.301155,-2.438172,88.444275,15.763656,0.004800,0.917644,0.143119,0.370707,-1.489366,95.571121,15.090444,-0.005247,0.917191,-0.038295,0.396568,-3.361436,114.020226,20.212257,0.072189,0.954816,-0.063646,0.281183,-2.987418,131.993164,18.870907,0.030382,0.986493,0.044226,0.154770,0.312357,145.104538,16.297539,-0.041257,0.940625,0.026201,0.335910,-6.198205,126.526474,17.210249,-0.507791,0.596788,-0.302979,0.542399,-19.075966,125.523994,6.618185,-0.591558,0.538016,-0.286835,0.527564,-16.652321,103.760406,-1.290759,-0.686499,0.441600,-0.256645,0.517534,-10.483808,81.176598,-6.780817,-0.040502,0.931638,-0.087590,0.350341,-1.373057,126.808060,22.328564,0.634980,0.755154,0.155365,0.049047,11.175910,129.093857,33.114300,0.640109,0.731074,0.231457,0.047103,15.571457,106.410667,30.245161,0.480908,0.795120,0.369391,-0.007807,19.806017,83.380623,24.776550,0.040872,0.955053,0.117045,0.269267,-9.605350,88.917168,10.668639,0.072420,0.960944,0.002844,0.267084,-10.127043,55.288494,2.148262,0.017535,0.956188,-0.094432,0.276551,-16.282293,11.046115,0.174216,-0.070941,0.954976,-0.089363,0.273866,4.729006,87.971382,20.858673,0.015635,0.984192,-0.146503,0.098276,7.731754,54.179527,28.128534,0.028447,0.873091,-0.096511,0.477062,5.068224,11.408612,40.884964,0.017535,0.956188,-0.094432,0.276551,-9.830868,2.914001,-9.800951,0.028447,0.873091,-0.096511,0.477062,15.188268,3.215742,34.743488
1205,10.041667,0.048758,0.950148,-0.064447,0.301143,-2.439131,88.444160,15.756909,0.004886,0.917653,0.143156,0.370670,-1.489764,95.571022,15.084599,-0.005690,0.917194,-0.038009,0.396583,-3.358652,114.014984,20.207674,0.072250,0.954785,-0.064069,0.281177,-3.003340,131.988525,18.869440,0.030529,0.986494,0.044105,0.154766,0.301042,145.096725,16.285749,-0.041182,0.940537,0.026322,0.336156,-6.208465,126.518799,17.207876,-0.507868,0.596070,-0.303214,0.542984,-19.080894,125.520370,6.608946,-0.591899,0.537170,-0.286711,0.528111,-16.624062,103.757408,-1.291470,-0.686617,0.441131,-0.255750,0.518220,-10.408391,81.184456,-6.773020,-0.040501,0.931671,-0.087660,0.350235,-1.383540,126.804504,22.326174,0.634739,0.755377,0.155327,0.048833,11.167910,129.090836,33.108913,0.640194,0.731072,0.231221,0.047132,15.578625,106.411125,30.235620,0.479465,0.795824,0.369741,-0.008305,19.807789,83.378349,24.774345,0.040971,0.954999,0.116994,0.269465,-9.606336,88.918282,10.662045,0.072350,0.960931,0.002865,0.267149,-10.133810,55.289352,2.142999,0.014997,0.956274,-0.094718,0.276302,-16.282419,11.046076,0.168368,-0.070991,0.954931,-0.089374,0.274007,4.728076,87.970039,20.851774,0.015628,0.984179,-0.146537,0.098358,7.732869,54.178833,28.123787,0.028483,0.873081,-0.096469,0.477088,5.068546,11.408779,40.882935,0.014997,0.956274,-0.094718,0.276302,-9.803298,2.924852,-9.797718,0.028483,0.873081,-0.096469,0.477088,15.188826,3.216352,34.741253
1206,10.050000,0.048777,0.950135,-0.064504,0.301171,-2.440795,88.442955,15.751785,0.004888,0.917662,0.143202,0.370629,-1.490899,95.569679,15.078815,-0.005792,0.917219,-0.037893,0.396536,-3.360013,114.011917,20.203243,0.071971,0.954837,-0.063806,0.281134,-3.009804,131.985733,18.867355,0.030742,0.986513,0.043719,0.154714,0.285347,145.097107,16.287998,-0.041246,0.940478,0.026399,0.336307,-6.213610,126.515343,17.205429,-0.507821,0.595612,-0.303296,0.543485,-19.082472,125.515999,6.602255,-0.591890,0.536019,-0.286821,0.529229,-16.602493,103.756020,-1.299204,-0.687652,0.437893,-0.257478,0.518739,-10.330410,81.197853,-6.777341,-0.040578,0.931715,-0.087585,0.350128,-1.388183,126.801704,22.323217,0.634941,0.755485,0.154240,0.047983,11.165555,129.089294,33.103024,0.639742,0.731617,0.230890,0.046437,15.568172,106.407883,30.230761,0.480745,0.795005,0.369828,-0.008878,19.828293,83.382713,24.761497,0.040878,0.955095,0.117007,0.269131,-9.607670,88.917061,10.656454,0.072437,0.960893,0.002775,0.267262,-10.131696,55.287815,2.138464,0.016470,0.956182,-0.094994,0.276442,-16.289709,11.045629,0.168767,-0.070994,0.954955,-0.089338,0.273934,4.726079,87.968857,20.847116,0.015598,0.984176,-0.146588,0.098321,7.732309,54.177212,28.116543,0.028501,0.873071,-0.096577,0.477082,5.070722,11.408413,40.880470,0.016470,0.956182,-0.094994,0.276442,-9.828654,2.907978,-9.795649,0.028501,0.873071,-0.096577,0.477082,15.189878,3.213556,34.740177
1207,10.058333,0.048781,0.950137,-0.064368,0.301194,-2.439287,88.442741,15.742999,0.004857,0.917672,0.143244,0.370589,-1.489912,95.569717,15.071925,-0.005784,0.917243,-0.037896,0.396479,-3.360479,114.011452,20.197443,0.072193,0.954821,-0.063352,0.281231,-3.010059,131.985275,18.861546,0.030311,0.986541,0.043303,0.154738,0.287902,145.098633,16.295929,-0.041414,0.940478,0.026433,0.336286,-6.214184,126.514946,17.200003,-0.507631,0.595114,-0.303530,0.544077,-19.083067,125.510696,6.597320,-0.591924,0.535145,-0.286870,0.530048,-16.582098,103.753471,-1.305095,-0.687904,0.436640,-0.257943,0.519229,-10.266363,81.206741,-6.780184,-0.040745,0.931767,-0.087324,0.350035,-1.388122,126.801193,22.317198,0.634704,0.755744,0.154037,0.047686,11.167340,129.090729,33.094578,0.639686,0.731677,0.230871,0.046362,15.585282,106.412567,30.220131,0.480940,0.794955,0.369693,-0.008345,19.849220,83.388412,24.749537,0.040986,0.955049,0.116915,0.269317,-9.605914,88.917603,10.647391,0.072323,0.960963,0.002766,0.267042,-10.137226,55.287479,2.133324,0.016576,0.956191,-0.094949,0.276421,-16.286118,11.043805,0.168537,-0.070943,0.955008,-0.089416,0.273735,4.727341,87.967888,20.838606,0.015572,0.984174,-0.146629,0.098282,7.730224,54.176723,28.111612,0.028418,0.873084,-0.096596,0.477060,5.071067,11.408934,40.879421,0.016576,0.956191,-0.094949,0.276421,-9.826785,2.906435,-9.797225,0.028418,0.873084,-0.096596,0.477060,15.190814,3.214654,34.739330
1208,10.066667,0.048840,0.950108,-0.064361,0.301276,-2.438850,88.442497,15.735281,0.004877,0.917646,0.143281,0.370638,-1.488629,95.569405,15.064643,-0.005885,0.917223,-0.037826,0.396530,-3.359198,114.009766,20.191359,0.072032,0.954848,-0.063302,0.281194,-3.013022,131.983734,18.856350,0.030366,0.986572,0.043063,0.154595,0.280290,145.098236,16.290585,-0.041538,0.940468,0.026629,0.336283,-6.215647,126.512703,17.194227,-0.507449,0.594657,-0.303746,0.544626,-19.084240,125.506744,6.591354,-0.592041,0.534270,-0.286864,0.530803,-16.564074,103.752151,-1.312158,-0.687993,0.435711,-0.257867,0.519929,-10.203197,81.217072,-6.782912,-0.040837,0.931776,-0.087178,0.350037,-1.390170,126.799881,22.311918,0.634699,0.755753,0.154043,0.047595,11.164990,129.090576,33.089409,0.639466,0.731911,0.230722,0.046453,15.583663,106.412971,30.211651,0.480939,0.795039,0.369514,-0.008400,19.860729,83.388710,24.751812,0.041113,0.954872,0.116699,0.270018,-9.604506,88.918274,10.638391,0.072302,0.961046,0.002845,0.266749,-10.142095,55.285366,2.135730,0.016570,0.956167,-0.094930,0.276512,-16.287897,11.041456,0.166560,-0.070927,0.954898,-0.089398,0.274129,4.726805,87.966721,20.832169,0.015483,0.984137,-0.146697,0.098562,7.725954,54.175163,28.104883,0.028749,0.873025,-0.096371,0.477193,5.070434,11.408907,40.878574,0.016570,0.956167,-0.094930,0.276512,-9.826391,2.904589,-9.798201,0.028749,0.873025,-0.096371,0.477193,15.189630,3.215417,34.736530
1209,10.075000,0.048859,0.950094,-0.064304,0.301328,-2.438842,88.441727,15.728264,0.004747,0.917633,0.143321,0.370655,-1.488579,95.568710,15.058544,-0.005492,0.917237,-0.038003,0.396488,-3.364951,114.014099,20.186249,0.071651,0.954905,-0.063226,0.281115,-3.003323,131.987732,18.851007,0.030257,0.986592,0.042853,0.154543,0.279345,145.104630,16.283857,-0.041957,0.940455,0.026810,0.336252,-6.210766,126.519463,17.189125,-0.507027,0.594056,-0.304209,0.545415,-19.078899,125.502380,6.586748,-0.591895,0.533791,-0.286897,0.531429,-16.538578,103.750717,-1.318390,-0.687424,0.436169,-0.256638,0.520905,-10.154026,81.223526,-6.794058,-0.040922,0.931745,-0.087083,0.350134,-1.384756,126.802536,22.306549,0.634491,0.755635,0.155229,0.048386,11.167923,129.095001,33.086559,0.639422,0.731823,0.230983,0.047133,15.595338,106.419876,30.202803,0.481230,0.795049,0.369118,-0.008202,19.872023,83.391693,24.759188,0.041166,0.954823,0.116645,0.270208,-9.603918,88.918045,10.630606,0.072263,0.960987,0.002759,0.266971,-10.144296,55.284561,2.130391,0.016366,0.956205,-0.094933,0.276391,-16.288404,11.040115,0.168060,-0.070943,0.954915,-0.089477,0.274039,4.726235,87.965408,20.825920,0.015468,0.984123,-0.146731,0.098656,7.725604,54.174988,28.103876,0.028674,0.873012,-0.096372,0.477222,5.069818,11.409587,40.880375,0.016366,0.956205,-0.094933,0.276391,-9.826812,2.904564,-9.797726,0.028674,0.873012,-0.096372,0.477222,15.190411,3.216974,34.739449
1210,10.083333,0.048678,0.950116,-0.064204,0.301310,-2.437083,88.439034,15.724279,0.004740,0.917645,0.143268,0.370647,-1.489733,95.566467,15.055113,-0.005534,0.917235,-0.037950,0.396496,-3.365456,114.011444,20.180649,0.071501,0.954934,-0.063146,0.281072,-3.005974,131.985214,18.846529,0.030212,0.986627,0.042552,0.154413,0.272096,145.103378,16.280050,-0.042042,0.940420,0.027001,0.336325,-6.212740,126.516655,17.184269,-0.506916,0.593683,-0.304324,0.545861,-19.078991,125.499153,6.579648,-0.591880,0.533206,-0.286783,0.532095,-16.521307,103.750145,-1.327211,-0.687484,0.435395,-0.256660,0.521462,-10.103571,81.233734,-6.808458,-0.041056,0.931744,-0.086959,0.350152,-1.386825,126.799988,22.301765,0.634342,0.755668,0.155608,0.048608,11.165047,129.095230,33.082123,0.639519,0.731615,0.231326,0.047369,15.600294,106.421913,30.196167,0.477159,0.797720,0.368677,-0.006343,19.869972,83.393341,24.748718,0.041214,0.954788,0.116658,0.270318,-9.602661,88.912895,10.627100,0.072281,0.960989,0.002698,0.266963,-10.144997,55.279900,2.125100,0.016309,0.956217,-0.094796,0.276400,-16.292095,11.035648,0.167702,-0.070900,0.954845,-0.089466,0.274299,4.728495,87.965172,20.821459,0.015432,0.984104,-0.146813,0.098731,7.723288,54.174198,28.098696,0.028559,0.873013,-0.096381,0.477225,5.068998,11.410859,40.882420,0.016309,0.956217,-0.094796,0.276400,-9.828933,2.903609,-9.799932,0.028559,0.873013,-0.096381,0.477225,15.191062,3.219435,34.742336
1211,10.091667,0.048662,0.950113,-0.064191,0.301325,-2.438453,88.438522,15.718285,0.004771,0.917655,0.143223,0.370639,-1.491369,95.565994,15.049240,-0.005688,0.917241,-0.037705,0.396503,-3.365099,114.009544,20.173130,0.071565,0.954936,-0.063237,0.281027,-3.014204,131.983917,18.844910,0.030107,0.986668,0.042231,0.154261,0.265985,145.101181,16.276424,-0.042204,0.940368,0.027081,0.336443,-6.218369,126.514389,17.180876,-0.506440,0.593116,-0.304824,0.546639,-19.081507,125.492897,6.572869,-0.591703,0.532560,-0.286863,0.532895,-16.506676,103.746651,-1.336017,-0.687708,0.434477,-0.256772,0.521877,-10.058030,81.240097,-6.821396,-0.041075,0.931781,-0.086866,0.350072,-1.392559,126.798332,22.298435,0.634170,0.755794,0.155662,0.048711,11.161128,129.092911,33.076813,0.639195,0.732181,0.230402,0.047491,15.606033,106.421028,30.194382,0.479706,0.796841,0.367249,-0.007371,19.895046,83.387192,24.784538,0.040931,0.955314,0.117021,0.268341,-9.603890,88.912163,10.620891,0.072290,0.960819,0.002412,0.267574,-10.138244,55.283440,2.101500,0.014996,0.956266,-0.095046,0.276219,-16.291723,11.039173,0.164556,-0.070919,0.954904,-0.089544,0.274064,4.726984,87.964882,20.815678,0.015415,0.984103,-0.146814,0.098739,7.723266,54.175060,28.097652,0.030777,0.872801,-0.094551,0.477841,5.070423,11.411688,40.881546,0.014996,0.956266,-0.095046,0.276219,-9.815817,2.910423,-9.797483,0.030777,0.872801,-0.094551,0.477841,15.187080,3.232034,34.716919
1212,10.100000,0.048665,0.950075,-0.064148,0.301453,-2.436517,88.437164,15.709573,0.004704,0.917638,0.143265,0.370667,-1.489485,95.564713,15.041250,-0.005736,0.917239,-0.037663,0.396512,-3.366424,114.008698,20.165791,0.071487,0.954938,-0.063305,0.281025,-3.017690,131.983170,18.838303,0.030021,0.986685,0.042005,0.154228,0.260985,145.100342,16.267469,-0.042317,0.940340,0.027236,0.336494,-6.221166,126.513313,17.174000,-0.506216,0.592691,-0.305031,0.547191,-19.082842,125.490105,6.564392,-0.591607,0.532006,-0.287026,0.533467,-16.490421,103.746941,-1.347223,-0.688738,0.432244,-0.257654,0.521938,-10.017885,81.246529,-6.829703,-0.041126,0.931776,-0.086729,0.350114,-1.395468,126.797638,22.291643,0.634093,0.755859,0.155653,0.048740,11.157101,129.092316,33.071297,0.639151,0.732305,0.230037,0.047947,15.606415,106.421051,30.190859,0.478830,0.797495,0.366978,-0.007104,19.896055,83.380760,24.809069,0.041343,0.954654,0.116508,0.270837,-9.600591,88.910904,10.610273,0.072239,0.960944,0.002612,0.267136,-10.149706,55.276226,2.115371,0.016286,0.956172,-0.094747,0.276573,-16.294926,11.031392,0.165268,-0.070898,0.954808,-0.089530,0.274408,4.727557,87.963417,20.808872,0.015353,0.984085,-0.146858,0.098863,7.720099,54.173218,28.090614,0.028797,0.872984,-0.096281,0.477283,5.070724,11.410824,40.878510,0.016286,0.956172,-0.094747,0.276573,-9.827420,2.900694,-9.800635,0.028797,0.872984,-0.096281,0.477283,15.191348,3.218666,34.737038
1213,10.108333,0.048679,0.950063,-0.064121,0.301494,-2.437473,88.436020,15.703400,0.004704,0.917633,0.143260,0.370680,-1.490345,95.563599,15.035544,-0.005741,0.917237,-0.037658,0.396516,-3.367289,114.007805,20.159956,0.071419,0.954942,-0.063600,0.280964,-3.018781,131.982285,18.832550,0.029830,0.986712,0.041916,0.154118,0.260023,145.097794,16.253389,-0.042417,0.940368,0.027263,0.336401,-6.222173,126.512383,17.168198,-0.506112,0.592372,-0.305015,0.547642,-19.085649,125.486183,6.561052,-0.591515,0.531691,-0.286783,0.534013,-16.475134,103.747429,-1.356731,-0.687951,0.432967,-0.256806,0.522794,-9.979819,81.257019,-6.853275,-0.041362,0.931756,-0.086531,0.350188,-1.396516,126.796768,22.285881,0.634024,0.755880,0.155781,0.048894,11.153685,129.096680,33.067181,0.639142,0.732325,0.229876,0.048537,15.606366,106.425797,30.188932,0.477911,0.797978,0.367130,-0.006877,19.893854,83.379074,24.833015,0.041367,0.954619,0.116416,0.270997,-9.601091,88.910072,10.603484,0.072178,0.960893,0.002609,0.267337,-10.152120,55.274040,2.114058,0.016929,0.956165,-0.094272,0.276720,-16.291792,11.028418,0.164385,-0.070885,0.954815,-0.089545,0.274383,4.726145,87.961967,20.803314,0.015360,0.984103,-0.146919,0.098588,7.717721,54.171825,28.085720,0.028719,0.872979,-0.096379,0.477277,5.070693,11.411071,40.879574,0.016929,0.956165,-0.094272,0.276720,-9.827711,2.904171,-9.809005,0.028719,0.872979,-0.096379,0.477277,15.191492,3.217817,34.739849
1214,10.116667,0.048712,0.950051,-0.064053,0.301542,-2.437493,88.435341,15.696977,0.004662,0.917606,0.143340,0.370716,-1.490166,95.562996,15.030252,-0.005783,0.917221,-0.037540,0.396563,-3.369893,114.005646,20.156551,0.071314,0.954980,-0.063322,0.280925,-3.024408,131.980438,18.832436,0.029755,0.986777,0.041323,0.153878,0.249520,145.098358,16.259371,-0.042480,0.940312,0.027320,0.336544,-6.226684,126.510277,17.166788,-0.506051,0.592074,-0.305018,0.548020,-19.086763,125.482941,6.555635,-0.591358,0.531467,-0.286691,0.534459,-16.459885,103.747467,-1.365725,-0.687791,0.432698,-0.256687,0.523285,-9.950562,81.263664,-6.872734,-0.041253,0.931764,-0.086623,0.350159,-1.401562,126.794563,22.284979,0.634123,0.756033,0.154840,0.048232,11.149610,129.092056,33.065666,0.639033,0.732515,0.229531,0.048729,15.599470,106.420113,30.191534,0.477590,0.798111,0.367276,-0.005906,19.892750,83.370056,24.854650,0.041341,0.954623,0.116387,0.270997,-9.600550,88.910255,10.596355,0.072222,0.960907,0.002556,0.267274,-10.150418,55.273605,2.109318,0.016074,0.956169,-0.094757,0.276593,-16.295282,11.028537,0.163528,-0.070904,0.954789,-0.089547,0.274467,4.725564,87.960419,20.797598,0.015322,0.984078,-0.146947,0.098800,7.717743,54.170502,28.080788,0.028769,0.872956,-0.096345,0.477324,5.071064,11.410379,40.876820,0.016074,0.956169,-0.094757,0.276593,-9.824486,2.899071,-9.801247,0.028769,0.872956,-0.096345,0.477324,15.192183,3.217255,34.737453
1215,10.125000,0.048676,0.950024,-0.063949,0.301653,-2.436159,88.434792,15.688761,0.004673,0.917592,0.143334,0.370754,-1.489698,95.562691,15.023398,-0.005810,0.917210,-0.037632,0.396580,-3.369138,114.005196,20.149492,0.071255,0.954937,-0.063619,0.281018,-3.023209,131.979721,18.821972,0.029392,0.986759,0.041379,0.154048,0.251739,145.095901,16.241270,-0.042663,0.940261,0.027669,0.336636,-6.225541,126.509323,17.157238,-0.505817,0.591856,-0.305290,0.548319,-19.083040,125.480339,6.543118,-0.591283,0.531150,-0.286572,0.534921,-16.451914,103.745224,-1.377839,-0.687784,0.432480,-0.256687,0.523475,-9.923081,81.269035,-6.892885,-0.041522,0.931689,-0.086293,0.350406,-1.400610,126.794479,22.275564,0.634097,0.756021,0.154946,0.048431,11.144034,129.097092,33.062756,0.639010,0.732483,0.229574,0.049296,15.594522,106.424736,30.192673,0.477777,0.798314,0.366614,-0.004261,19.886526,83.370087,24.874624,0.041369,0.954608,0.116286,0.271089,-9.598093,88.909500,10.586543,0.072214,0.960928,0.002519,0.267201,-10.150966,55.271385,2.105491,0.016102,0.956186,-0.094732,0.276542,-16.296154,11.026195,0.163523,-0.070916,0.954663,-0.089512,0.274911,4.725775,87.960083,20.790977,0.015327,0.984091,-0.147040,0.098538,7.716032,54.169846,28.073490,0.028950,0.872943,-0.096248,0.477355,5.071543,11.412180,40.878193,0.016102,0.956186,-0.094732,0.276542,-9.826757,2.897082,-9.802450,0.028950,0.872943,-0.096248,0.477355,15.191534,3.218925,34.737137
1216,10.133333,0.048641,0.950008,-0.063875,0.301727,-2.435186,88.432716,15.683280,0.004687,0.917564,0.143335,0.370822,-1.489471,95.560799,15.018845,-0.005916,0.917176,-0.037549,0.396665,-3.368914,114.004280,20.145327,0.071004,0.954972,-0.063765,0.280930,-3.027563,131.978989,18.819077,0.029375,0.986808,0.041127,0.153802,0.241635,145.095398,16.232315,-0.042760,0.940239,0.027769,0.336677,-6.228142,126.507828,17.153421,-0.505807,0.591739,-0.305155,0.548529,-19.084454,125.476982,6.538039,-0.591273,0.531026,-0.286342,0.535178,-16.443045,103.745354,-1.389062,-0.687817,0.432284,-0.256489,0.523691,-9.901545,81.275322,-6.914136,-0.041545,0.931677,-0.086251,0.350448,-1.404177,126.793930,22.272602,0.634003,0.756043,0.155136,0.048708,11.139429,129.096878,33.060940,0.639075,0.732448,0.229360,0.049971,15.594247,106.424759,30.195744,0.477632,0.798551,0.366294,-0.003641,19.879042,83.361969,24.907225,0.041427,0.954551,0.116285,0.271282,-9.596401,88.907135,10.580024,0.072169,0.960925,0.002408,0.267226,-10.151408,55.269329,2.097864,0.016149,0.956211,-0.094604,0.276497,-16.295380,11.023510,0.166339,-0.070917,0.954677,-0.089526,0.274860,4.726030,87.958298,20.786535,0.015300,0.984053,-0.147120,0.098802,7.716466,54.168247,28.069830,0.029089,0.872898,-0.096210,0.477438,5.070286,11.412602,40.880943,0.016149,0.956211,-0.094604,0.276497,-9.827072,2.896994,-9.802463,0.029089,0.872898,-0.096210,0.477438,15.190034,3.218547,34.740551
1217,10.141667,0.048661,0.949992,-0.063844,0.301780,-2.437133,88.433487,15.677699,0.004876,0.917540,0.143117,0.370963,-1.491242,95.561600,15.013832,-0.006024,0.917116,-0.037243,0.396831,-3.361980,114.010284,20.136023,0.070824,0.954959,-0.063939,0.280978,-3.028320,131.985779,18.818375,0.029206,0.986836,0.040806,0.153739,0.237739,145.101852,16.225986,-0.043050,0.940222,0.027853,0.336679,-6.225853,126.513962,17.149046,-0.505607,0.591187,-0.305646,0.549037,-19.081280,125.474976,6.533387,-0.590766,0.531134,-0.286174,0.535721,-16.423372,103.742149,-1.384869,-0.687687,0.432266,-0.256307,0.523965,-9.882778,81.278870,-6.938402,-0.041556,0.931556,-0.086407,0.350729,-1.403760,126.799835,22.270004,0.633971,0.755983,0.155469,0.048984,11.133223,129.105591,33.065434,0.638947,0.732539,0.229281,0.050629,15.588633,106.433594,30.200211,0.478891,0.798073,0.365699,-0.002792,19.878115,83.365440,24.938955,0.041408,0.954521,0.116257,0.271402,-9.597746,88.908325,10.573636,0.072165,0.960892,0.002366,0.267344,-10.150976,55.269958,2.093586,0.016205,0.956171,-0.094607,0.276629,-16.295328,11.024057,0.165021,-0.070937,0.954642,-0.089560,0.274965,4.723479,87.958649,20.781763,0.015205,0.984009,-0.147097,0.099289,7.713780,54.169201,28.067966,0.029084,0.872896,-0.096186,0.477447,5.069806,11.412698,40.876675,0.016205,0.956171,-0.094607,0.276629,-9.824875,2.897118,-9.802044,0.029084,0.872896,-0.096186,0.477447,15.189937,3.219187,34.736183
1218,10.150000,0.048653,0.949950,-0.063824,0.301919,-2.436752,88.433456,15.671441,0.004885,0.917478,0.143279,0.371054,-1.490960,95.561615,15.007957,-0.006224,0.917070,-0.037138,0.396945,-3.363664,114.003418,20.134232,0.070799,0.954987,-0.063570,0.280975,-3.037951,131.979095,18.817257,0.029109,0.986917,0.040108,0.153423,0.224786,145.097809,16.234060,-0.042908,0.940173,0.027877,0.336833,-6.232588,126.505875,17.147011,-0.505793,0.591176,-0.305304,0.549066,-19.084955,125.471855,6.527163,-0.591119,0.531285,-0.285749,0.535408,-16.416767,103.742447,-1.397046,-0.687494,0.433374,-0.254615,0.524128,-9.872220,81.281075,-6.953664,-0.041587,0.931498,-0.086664,0.350815,-1.411807,126.793793,22.269089,0.633826,0.756035,0.155712,0.049286,11.123081,129.103714,33.066063,0.638956,0.732470,0.229314,0.051356,15.585685,106.432549,30.205456,0.479874,0.797531,0.365598,-0.001952,19.871037,83.358093,24.968519,0.041306,0.954705,0.116276,0.270762,-9.595900,88.908081,10.565303,0.072194,0.960902,0.002295,0.267303,-10.147711,55.269440,2.086268,0.015973,0.956179,-0.094695,0.276587,-16.296320,11.023885,0.163422,-0.070940,0.954627,-0.089552,0.275017,4.722394,87.958832,20.777578,0.015222,0.984022,-0.147137,0.099099,7.712638,54.169327,28.063499,0.029627,0.872825,-0.096030,0.477574,5.069312,11.413923,40.875984,0.015973,0.956179,-0.094695,0.276587,-9.824031,2.896533,-9.802114,0.029627,0.872825,-0.096030,0.477574,15.185538,3.217267,34.733261
1219,10.158333,0.048638,0.949929,-0.063835,0.301985,-2.437163,88.431801,15.667674,0.004836,0.917464,0.143217,0.371113,-1.491478,95.559967,15.004045,-0.006150,0.917052,-0.037060,0.396995,-3.366034,114.009094,20.129221,0.070651,0.955002,-0.063728,0.280925,-3.038931,131.985016,18.815870,0.028957,0.986958,0.039770,0.153277,0.220942,145.103378,16.227278,-0.043094,0.940125,0.027836,0.336946,-6.233765,126.512352,17.144182,-0.505585,0.591223,-0.305322,0.549197,-19.083048,125.472176,6.521205,-0.590617,0.531206,-0.285781,0.536023,-16.417967,103.745064,-1.410332,-0.687440,0.432326,-0.255789,0.524493,-9.870252,81.289513,-6.986642,-0.041552,0.931493,-0.086607,0.350848,-1.413523,126.798904,22.266844,0.633856,0.755942,0.155922,0.049676,11.120686,129.107147,33.064964,0.639080,0.732291,0.229334,0.052284,15.579753,106.434395,30.211437,0.479052,0.797908,0.365857,-0.001068,19.852892,83.350822,25.004784,0.041304,0.954682,0.116309,0.270828,-9.595638,88.906036,10.560559,0.072230,0.960844,0.002232,0.267500,-10.146079,55.267918,2.079345,0.015954,0.956157,-0.094719,0.276655,-16.298931,11.022806,0.159750,-0.070892,0.954705,-0.089612,0.274742,4.721312,87.957558,20.774788,0.015121,0.984001,-0.147112,0.099353,7.709275,54.168320,28.062880,0.028863,0.872918,-0.096308,0.477394,5.071742,11.411964,40.873402,0.015954,0.956157,-0.094719,0.276655,-9.824986,2.895045,-9.804374,0.028863,0.872918,-0.096308,0.477394,15.193005,3.218542,34.734669
1220,10.166667,0.048720,0.949874,-0.063807,0.302150,-2.448513,88.434044,15.659645,0.005133,0.917422,0.143131,0.371247,-1.501707,95.562141,14.996919,-0.006139,0.917005,-0.037188,0.397091,-3.365086,114.010033,20.122505,0.070585,0.954970,-0.064111,0.280961,-3.035643,131.985611,18.805113,0.028619,0.986969,0.039806,0.153262,0.225463,145.101685,16.206398,-0.043253,0.940166,0.027958,0.336801,-6.230741,126.512932,17.133986,-0.505464,0.591687,-0.304870,0.549060,-19.082840,125.468971,6.514785,-0.590768,0.531088,-0.285608,0.536066,-16.430468,103.747765,-1.437178,-0.687485,0.432071,-0.255901,0.524590,-9.871951,81.295570,-7.014397,-0.041548,0.931366,-0.086669,0.351170,-1.411575,126.800110,22.257624,0.633840,0.755890,0.156119,0.050042,11.115088,129.109711,33.064198,0.639069,0.732388,0.228890,0.052992,15.573372,106.435921,30.217781,0.479438,0.797950,0.365260,-0.000861,19.843622,83.343063,25.050085,0.041177,0.954645,0.116241,0.271007,-9.605087,88.909569,10.549986,0.072118,0.960864,0.002193,0.267459,-10.146859,55.269623,2.075449,0.016959,0.956183,-0.094253,0.276663,-16.291149,11.023047,0.162175,-0.071124,0.954527,-0.089487,0.275338,4.708061,87.958511,20.769304,0.015150,0.984006,-0.147178,0.099208,7.709222,54.170013,28.055386,0.028963,0.872894,-0.096322,0.477430,5.070376,11.415476,40.871708,0.016959,0.956183,-0.094253,0.276663,-9.828654,2.899013,-9.812416,0.028963,0.872894,-0.096322,0.477430,15.190777,3.220598,34.733494
1221,10.175000,0.048658,0.949856,-0.063775,0.302222,-2.439299,88.433350,15.658015,0.005154,0.917383,0.143032,0.371381,-1.493432,95.561592,14.995516,-0.007215,0.916872,-0.037103,0.397389,-3.353582,113.992325,20.112648,0.070954,0.954857,-0.063592,0.281371,-3.060488,131.967621,18.782776,0.028459,0.986974,0.039399,0.153364,0.208056,145.085358,16.202003,-0.042532,0.940220,0.028245,0.336718,-6.243327,126.487175,17.113684,-0.505945,0.591705,-0.304330,0.548898,-19.099354,125.468910,6.496752,-0.591186,0.531065,-0.284904,0.536003,-16.432623,103.750160,-1.457103,-0.688078,0.431954,-0.256317,0.523705,-9.853657,81.306961,-7.046357,-0.041483,0.931268,-0.086553,0.351466,-1.427695,126.787903,22.239866,0.633554,0.756112,0.156077,0.050432,11.092201,129.094833,33.054848,0.638945,0.732561,0.228532,0.053625,15.565510,106.421791,30.225954,0.480117,0.797866,0.364550,-0.000185,19.840084,83.321915,25.093355,0.041268,0.954675,0.116292,0.270867,-9.595217,88.907906,10.547351,0.072179,0.960840,0.002100,0.267531,-10.143218,55.269302,2.067884,0.016147,0.956174,-0.094720,0.276585,-16.294785,11.023479,0.160645,-0.071017,0.954556,-0.089518,0.275256,4.716619,87.958794,20.768679,0.015142,0.983983,-0.147172,0.099445,7.710767,54.169621,28.054539,0.031058,0.872641,-0.094563,0.478112,5.069586,11.414925,40.869850,0.016147,0.956174,-0.094720,0.276585,-9.825023,2.894357,-9.805080,0.031058,0.872641,-0.094563,0.478112,15.186655,3.231849,34.710438
1222,10.183333,0.048704,0.949804,-0.063772,0.302378,-2.450018,88.434517,15.651800,0.005391,0.917321,0.143020,0.371536,-1.503433,95.562706,14.989698,-0.007265,0.916807,-0.037115,0.397535,-3.355897,113.993515,20.109505,0.070946,0.954835,-0.063739,0.281416,-3.064088,131.968750,18.778574,0.028252,0.987007,0.039146,0.153251,0.205501,145.085526,16.194170,-0.042326,0.940171,0.028089,0.336896,-6.245882,126.487900,17.108831,-0.505881,0.591360,-0.304660,0.549145,-19.098499,125.474594,6.487292,-0.590919,0.531495,-0.284721,0.535968,-16.422112,103.753784,-1.457689,-0.687752,0.433001,-0.255277,0.523776,-9.860069,81.310371,-7.066002,-0.041487,0.931215,-0.086477,0.351623,-1.431893,126.789413,22.236511,0.633022,0.755707,0.159308,0.053032,11.084315,129.095963,33.055847,0.639087,0.731992,0.229468,0.055674,15.576528,106.426765,30.226120,0.480381,0.797987,0.363938,0.000456,19.831652,83.314377,25.133827,0.041129,0.954665,0.116256,0.270938,-9.604191,88.909622,10.538743,0.072161,0.960871,0.002071,0.267425,-10.143086,55.269646,2.064162,0.016124,0.956183,-0.094716,0.276555,-16.293972,11.023578,0.160499,-0.071167,0.954486,-0.089489,0.275470,4.704156,87.959412,20.764856,0.015062,0.983953,-0.147192,0.099715,7.707104,54.171349,28.052246,0.029086,0.872818,-0.096291,0.477568,5.069300,11.416960,40.869286,0.016124,0.956183,-0.094716,0.276555,-9.824533,2.894694,-9.805631,0.029086,0.872818,-0.096291,0.477568,15.190442,3.221338,34.733284
1223,10.191667,0.048630,0.949787,-0.063715,0.302457,-2.441524,88.434128,15.649462,0.005158,0.917284,0.143029,0.371627,-1.496145,95.562531,14.987898,-0.007248,0.916760,-0.037107,0.397646,-3.357558,113.994179,20.104752,0.070799,0.954846,-0.063819,0.281397,-3.065128,131.969452,18.774380,0.028066,0.987053,0.038843,0.153069,0.201205,145.086395,16.186724,-0.042326,0.940166,0.028083,0.336911,-6.246607,126.488686,17.103714,-0.505968,0.591631,-0.304323,0.548960,-19.098890,125.475334,6.481770,-0.590884,0.532134,-0.284737,0.535364,-16.427900,103.756989,-1.471774,-0.686293,0.435496,-0.252824,0.524810,-9.898998,81.304184,-7.081126,-0.041528,0.931155,-0.086501,0.351771,-1.433859,126.789986,22.232574,0.633087,0.755546,0.159622,0.053592,11.078751,129.098434,33.055672,0.639202,0.731727,0.229790,0.056507,15.564348,106.426743,30.235523,0.478094,0.799618,0.363357,0.002942,19.807896,83.308388,25.160688,0.041247,0.954690,0.116283,0.270821,-9.594984,88.908203,10.535309,0.072125,0.960812,0.001987,0.267646,-10.142236,55.269337,2.056858,0.017072,0.956144,-0.094275,0.276785,-16.291630,11.022774,0.159875,-0.070976,0.954617,-0.089619,0.275022,4.711937,87.960060,20.763615,0.015032,0.983952,-0.147156,0.099787,7.703179,54.171730,28.054560,0.029737,0.872729,-0.096104,0.477727,5.067384,11.416316,40.868587,0.017072,0.956144,-0.094275,0.276785,-9.828074,2.897490,-9.813015,0.029737,0.872729,-0.096104,0.477727,15.183962,3.216930,34.730080
1224,10.200000,0.048619,0.949760,-0.063717,0.302544,-2.441655,88.432884,15.648490,0.005122,0.917234,0.143002,0.371760,-1.496346,95.561287,14.986934,-0.007358,0.916686,-0.037161,0.397809,-3.359227,113.991760,20.101625,0.070507,0.954862,-0.063872,0.281404,-3.069421,131.966827,18.767925,0.028107,0.987088,0.038545,0.152914,0.189823,145.084824,16.176662,-0.042615,0.940116,0.028438,0.336984,-6.249372,126.485207,17.097197,-0.505779,0.591840,-0.304158,0.549000,-19.099178,125.466934,6.472740,-0.590915,0.532132,-0.284461,0.535478,-16.435024,103.752495,-1.493772,-0.687251,0.434409,-0.253882,0.523946,-9.898474,81.304482,-7.113408,-0.041506,0.931086,-0.086515,0.351954,-1.438470,126.788307,22.227676,0.633028,0.755490,0.159915,0.054209,11.069899,129.096680,33.055679,0.639310,0.731632,0.229589,0.057334,15.555850,106.423393,30.248905,0.477806,0.800130,0.362598,0.004011,19.788212,83.295593,25.207905,0.041322,0.954676,0.116242,0.270878,-9.594204,88.906654,10.533042,0.072024,0.960900,0.002009,0.267357,-10.146676,55.267555,2.055854,0.016173,0.956227,-0.094651,0.276423,-16.287466,11.019698,0.161272,-0.070967,0.954637,-0.089626,0.274953,4.710895,87.959114,20.763939,0.015041,0.983967,-0.147146,0.099658,7.701977,54.170788,28.054995,0.029755,0.872714,-0.096115,0.477752,5.067179,11.415115,40.868359,0.016173,0.956227,-0.094651,0.276423,-9.821335,2.891932,-9.807915,0.029755,0.872714,-0.096115,0.477752,15.183804,3.215294,34.730526
1225,10.208333,0.048685,0.949706,-0.063834,0.302677,-2.455805,88.434448,15.644461,0.005448,0.917174,0.142953,0.371924,-1.508995,95.562538,14.981739,-0.007425,0.916615,-0.037204,0.397968,-3.360368,113.991356,20.098499,0.070367,0.954822,-0.064002,0.281544,-3.071931,131.966263,18.762484,0.027824,0.987095,0.038276,0.152986,0.185272,145.084030,16.167410,-0.042586,0.940111,0.028371,0.337005,-6.250751,126.484093,17.091396,-0.505477,0.591917,-0.304247,0.549146,-19.100166,125.465981,6.466443,-0.590266,0.532720,-0.284744,0.535459,-16.442801,103.753723,-1.508268,-0.685737,0.436180,-0.252876,0.524943,-9.944093,81.298622,-7.143425,-0.041361,0.931009,-0.086764,0.352112,-1.441644,126.788376,22.223490,0.632789,0.755613,0.160122,0.054666,11.063402,129.095505,33.055599,0.639398,0.731552,0.229375,0.058219,15.561133,106.423065,30.260908,0.478423,0.799911,0.362257,0.004790,19.783180,83.285446,25.256437,0.041155,0.954660,0.116213,0.270972,-9.606828,88.908508,10.526901,0.071963,0.960928,0.002009,0.267272,-10.147981,55.267990,2.054613,0.016184,0.956256,-0.094715,0.276301,-16.283724,11.019346,0.161992,-0.071173,0.954516,-0.089503,0.275359,4.695219,87.960388,20.762020,0.014995,0.983948,-0.147163,0.099826,7.699175,54.172577,28.050131,0.029719,0.872676,-0.096203,0.477805,5.066039,11.417254,40.864998,0.016184,0.956256,-0.094715,0.276301,-9.820705,2.889998,-9.807930,0.029719,0.872676,-0.096203,0.477805,15.183270,3.216080,34.729969
1226,10.216667,0.048660,0.949687,-0.063740,0.302762,-2.446234,88.430847,15.644034,0.005119,0.917141,0.142960,0.372006,-1.500123,95.559158,14.982568,-0.007400,0.916570,-0.037282,0.398064,-3.363901,113.990273,20.095318,0.070315,0.954821,-0.064088,0.281541,-3.073396,131.964981,18.757101,0.027609,0.987137,0.037987,0.152823,0.183090,145.082397,16.159435,-0.042591,0.940065,0.028379,0.337134,-6.252399,126.482918,17.086020,-0.505321,0.592726,-0.303651,0.548747,-19.098906,125.464928,6.457541,-0.590375,0.532823,-0.284696,0.535262,-16.469248,103.758835,-1.543064,-0.685750,0.436065,-0.253534,0.524704,-9.974495,81.301941,-7.175643,-0.041553,0.930939,-0.086756,0.352278,-1.444367,126.787376,22.219110,0.633103,0.755292,0.160217,0.055184,11.056244,129.100769,33.055000,0.639335,0.731580,0.229197,0.059248,15.532784,106.422630,30.272570,0.478353,0.800088,0.361944,0.005826,19.752838,83.275513,25.310528,0.041204,0.954696,0.116344,0.270779,-9.596392,88.904861,10.525264,0.072174,0.960801,0.001845,0.267675,-10.140010,55.266739,2.043656,0.016065,0.956157,-0.094725,0.276647,-16.296968,11.020764,0.157527,-0.071040,0.954503,-0.089499,0.275442,4.703923,87.956825,20.762806,0.015018,0.983955,-0.147202,0.099693,7.698522,54.167629,28.048376,0.030145,0.872750,-0.095731,0.477738,5.064771,11.413386,40.866722,0.016065,0.956157,-0.094725,0.276647,-9.824736,2.892098,-9.806969,0.030145,0.872750,-0.095731,0.477738,15.179051,3.216833,34.720665
1227,10.225000,0.048653,0.949647,-0.063800,0.302875,-2.448688,88.428902,15.644464,0.005496,0.917097,0.143274,0.371989,-1.502329,95.557114,14.982253,-0.008038,0.916541,-0.037684,0.398081,-3.356009,113.972534,20.107880,0.070241,0.954822,-0.063820,0.281618,-3.080778,131.945801,18.747250,0.027487,0.987175,0.037610,0.152692,0.172191,145.065384,16.156166,-0.042233,0.939983,0.028657,0.337381,-6.255093,126.458954,17.082966,-0.505279,0.593132,-0.303332,0.548524,-19.097031,125.455704,6.447563,-0.590292,0.533103,-0.284745,0.535049,-16.480783,103.752533,-1.565362,-0.685679,0.436058,-0.253644,0.524750,-10.001739,81.291473,-7.199448,-0.041763,0.930747,-0.086987,0.352703,-1.447393,126.773903,22.215736,0.633160,0.755134,0.160559,0.055696,11.042634,129.097519,33.061646,0.639320,0.731630,0.228860,0.060086,15.513224,106.417336,30.286297,0.478911,0.800153,0.361049,0.006592,19.729401,83.260933,25.364426,0.041190,0.954697,0.116366,0.270768,-9.597656,88.902321,10.523976,0.072142,0.960815,0.001845,0.267631,-10.140002,55.264462,2.041216,0.016007,0.956166,-0.094703,0.276626,-16.294252,11.018062,0.156135,-0.071087,0.954448,-0.089432,0.275639,4.700281,87.955482,20.764952,0.014953,0.983932,-0.147183,0.099961,7.697814,54.165924,28.047642,0.029075,0.872808,-0.096351,0.477575,5.066457,11.410994,40.864174,0.016007,0.956166,-0.094703,0.276626,-9.821594,2.890296,-9.808822,0.029075,0.872808,-0.096351,0.477575,15.187409,3.214286,34.729313
1228,10.233333,0.048700,0.949601,-0.063799,0.303010,-2.451652,88.430519,15.642492,0.005021,0.917009,0.142950,0.372335,-1.504563,95.558662,14.980645,-0.007358,0.916412,-0.037424,0.398416,-3.373508,113.990311,20.091108,0.070084,0.954811,-0.064394,0.281564,-3.079055,131.964661,18.748934,0.027375,0.987217,0.037484,0.152476,0.173813,145.081085,16.141745,-0.042392,0.939939,0.028209,0.337523,-6.257647,126.482727,17.076660,-0.505111,0.593377,-0.303322,0.548418,-19.095942,125.469627,6.437799,-0.590109,0.533530,-0.284817,0.534787,-16.492973,103.767059,-1.581085,-0.685575,0.436523,-0.253617,0.524511,-10.037766,81.300339,-7.219918,-0.041289,0.930749,-0.087106,0.352723,-1.453553,126.787590,22.213413,0.633870,0.755432,0.157044,0.053554,11.037314,129.097931,33.061180,0.639268,0.732175,0.227443,0.059390,15.476866,106.408752,30.309666,0.480005,0.799448,0.361139,0.007521,19.700291,83.249176,25.408987,0.041217,0.954542,0.116252,0.271361,-9.599091,88.904541,10.519927,0.072170,0.960848,0.001874,0.267504,-10.140156,55.264999,2.043764,0.016112,0.956167,-0.094683,0.276624,-16.296371,11.018976,0.156321,-0.071115,0.954444,-0.089426,0.275649,4.695787,87.956497,20.765057,0.014907,0.983908,-0.147151,0.100244,7.695177,54.167145,28.047937,0.029131,0.872719,-0.096307,0.477743,5.064526,11.411253,40.861416,0.016112,0.956167,-0.094683,0.276624,-9.825102,2.890938,-9.809311,0.029131,0.872719,-0.096307,0.477743,15.187642,3.214897,34.729652
1229,10.241667,0.048667,0.949554,-0.063847,0.303153,-2.451721,88.430038,15.643670,0.004950,0.916960,0.142894,0.372480,-1.504776,95.558136,14.981164,-0.007331,0.916347,-0.037473,0.398560,-3.376364,113.991913,20.088797,0.069994,0.954792,-0.064566,0.281610,-3.080087,131.966156,18.745419,0.027184,0.987242,0.037246,0.152401,0.171920,145.081818,16.133366,-0.042435,0.939886,0.028227,0.337663,-6.258575,126.484337,17.072533,-0.504944,0.593040,-0.303765,0.548692,-19.093592,125.470291,6.429797,-0.589402,0.534257,-0.284959,0.534765,-16.484524,103.765091,-1.579982,-0.685242,0.437220,-0.253634,0.524358,-10.070564,81.292542,-7.242611,-0.041218,0.930667,-0.087245,0.352913,-1.456086,126.789200,22.210789,0.633935,0.755300,0.157246,0.054058,11.030493,129.099411,33.063530,0.639593,0.731980,0.226956,0.060142,15.463665,106.407654,30.322969,0.479675,0.800026,0.360283,0.008150,19.662767,83.235794,25.459606,0.041239,0.954594,0.116216,0.271189,-9.597694,88.903053,10.518963,0.072032,0.960950,0.001907,0.267177,-10.142383,55.263065,2.044812,0.016117,0.956241,-0.094580,0.276402,-16.286650,11.015278,0.159977,-0.071109,0.954441,-0.089416,0.275664,4.694252,87.957016,20.768377,0.014895,0.983922,-0.147129,0.100146,7.693370,54.167492,28.050550,0.029681,0.872671,-0.096150,0.477827,5.065236,11.410994,40.862534,0.016117,0.956241,-0.094580,0.276402,-9.819905,2.889497,-9.810433,0.029681,0.872671,-0.096150,0.477827,15.183702,3.211374,34.727459
1230,10.250000,0.048705,0.949505,-0.063843,0.303302,-2.454285,88.430824,15.642689,0.004930,0.916904,0.142888,0.372621,-1.506734,95.558876,14.980544,-0.007362,0.916280,-0.037629,0.398699,-3.379749,113.993034,20.087496,0.069876,0.954778,-0.064704,0.281656,-3.082067,131.966827,18.738571,0.027073,0.987262,0.037095,0.152331,0.168111,145.082108,16.122269,-0.042698,0.939832,0.028443,0.337763,-6.260342,126.484665,17.066425,-0.504844,0.593320,-0.303620,0.548561,-19.092358,125.464973,6.420610,-0.589003,0.534780,-0.285186,0.534561,-16.494629,103.761497,-1.597527,-0.684564,0.438110,-0.254090,0.524281,-10.113767,81.281342,-7.267380,-0.041183,0.930592,-0.087302,0.353101,-1.459419,126.790878,22.206064,0.633984,0.755190,0.157396,0.054575,11.022831,129.101135,33.063774,0.639657,0.731923,0.226741,0.060955,15.450525,106.406723,30.336370,0.479926,0.800060,0.359855,0.008890,19.640919,83.226097,25.507393,0.041239,0.954589,0.116203,0.271214,-9.598603,88.904274,10.515714,0.071883,0.961023,0.001887,0.266955,-10.143384,55.264069,2.042417,0.016089,0.956336,-0.094574,0.276076,-16.275860,11.014348,0.164241,-0.071131,0.954434,-0.089417,0.275684,4.690032,87.957367,20.769665,0.014988,0.983990,-0.147139,0.099440,7.690376,54.168064,28.052351,0.029593,0.872695,-0.096172,0.477786,5.063148,11.412087,40.866249,0.016089,0.956336,-0.094574,0.276076,-9.815927,2.888814,-9.810790,0.029593,0.872695,-0.096172,0.477786,15.181957,3.213049,34.730965
1231,10.258333,0.048645,0.949441,-0.064058,0.303467,-2.454540,88.426407,15.648365,0.005124,0.916870,0.143172,0.372591,-1.506757,95.554146,14.983188,-0.007928,0.916268,-0.037971,0.398683,-3.376137,113.977921,20.100702,0.069677,0.954798,-0.064572,0.281667,-3.092233,131.950470,18.732384,0.027214,0.987292,0.036701,0.152207,0.151934,145.067612,16.117929,-0.042303,0.939770,0.028480,0.337982,-6.266421,126.464096,17.066330,-0.504813,0.593654,-0.303330,0.548389,-19.094610,125.457504,6.414671,-0.588924,0.535246,-0.285142,0.534204,-16.507154,103.756866,-1.614484,-0.684294,0.438933,-0.253997,0.523990,-10.149068,81.271553,-7.289468,-0.041343,0.930520,-0.087607,0.353198,-1.465447,126.779510,22.205362,0.634012,0.755106,0.157515,0.055060,11.014069,129.098495,33.064346,0.639668,0.731960,0.226387,0.061712,15.437608,106.401703,30.350075,0.480677,0.799928,0.359128,0.009548,19.622892,83.212357,25.558662,0.041170,0.954655,0.116341,0.270933,-9.597193,88.897476,10.518859,0.072079,0.960842,0.001779,0.267552,-10.137227,55.259098,2.038003,0.016021,0.956251,-0.094477,0.276407,-16.287828,11.011863,0.160592,-0.071145,0.954400,-0.089318,0.275829,4.688114,87.955338,20.777870,0.014903,0.983940,-0.147070,0.100049,7.690227,54.164932,28.054731,0.029656,0.872667,-0.096070,0.477853,5.063117,11.406910,40.861832,0.016021,0.956251,-0.094477,0.276407,-9.819237,2.889105,-9.811081,0.029656,0.872667,-0.096070,0.477853,15.182899,3.209247,34.726326
1232,10.266667,0.048704,0.949430,-0.063886,0.303527,-2.459718,88.430115,15.644440,0.005174,0.916816,0.143166,0.372727,-1.511840,95.558090,14.981937,-0.007896,0.916197,-0.038151,0.398831,-3.379871,113.979462,20.099005,0.069471,0.954758,-0.065133,0.281723,-3.092108,131.951538,18.725260,0.027135,0.987278,0.036811,0.152283,0.151097,145.065765,16.095148,-0.042279,0.939746,0.028367,0.338063,-6.266782,126.465240,17.059835,-0.504794,0.594540,-0.302716,0.547785,-19.093224,125.458252,6.406094,-0.589314,0.535495,-0.285077,0.533559,-16.537485,103.761520,-1.643706,-0.683956,0.440005,-0.253679,0.523685,-10.190448,81.269630,-7.304960,-0.041143,0.930399,-0.087405,0.353589,-1.467454,126.781334,22.200369,0.634067,0.754949,0.157858,0.055607,11.003390,129.092697,33.070946,0.639776,0.731831,0.226245,0.062642,15.420892,106.393730,30.364946,0.480640,0.800215,0.358505,0.010741,19.593983,83.194885,25.609026,0.041096,0.954619,0.116293,0.271089,-9.601630,88.903008,10.514063,0.072034,0.960823,0.001791,0.267634,-10.136332,55.263447,2.037565,0.017136,0.956231,-0.094101,0.276540,-16.282703,11.015651,0.159651,-0.071198,0.954327,-0.089315,0.276069,4.682195,87.957222,20.774818,0.014841,0.983925,-0.147058,0.100227,7.686032,54.167305,28.053242,0.029336,0.872689,-0.096236,0.477799,5.062227,11.408785,40.859341,0.017136,0.956231,-0.094101,0.276540,-9.824682,2.893855,-9.819661,0.029336,0.872689,-0.096236,0.477799,15.184080,3.211488,34.726749
1233,10.275000,0.048764,0.949372,-0.064024,0.303672,-2.464448,88.429825,15.647796,0.005059,0.916764,0.143200,0.372843,-1.515049,95.557465,14.983821,-0.007917,0.916149,-0.038066,0.398947,-3.388279,113.978615,20.100197,0.069429,0.954784,-0.064978,0.281682,-3.102253,131.950912,18.728996,0.027198,0.987348,0.036117,0.151985,0.138580,145.066422,16.102331,-0.042262,0.939572,0.028271,0.338556,-6.275879,126.464478,17.062027,-0.504640,0.594274,-0.303206,0.547944,-19.091221,125.457642,6.394923,-0.588637,0.536222,-0.285337,0.533438,-16.534592,103.756653,-1.643121,-0.683927,0.440213,-0.253952,0.523416,-10.232149,81.256630,-7.321845,-0.041166,0.930456,-0.087900,0.353314,-1.477864,126.780411,22.203796,0.634185,0.754808,0.157858,0.056172,10.999413,129.097626,33.065742,0.639863,0.731816,0.225793,0.063550,15.407014,106.394531,30.378395,0.481329,0.800037,0.357962,0.011265,19.569235,83.184578,25.667370,0.040959,0.954622,0.116416,0.271046,-9.604711,88.902771,10.515125,0.072256,0.960767,0.001724,0.267774,-10.128357,55.264412,2.033152,0.016132,0.956171,-0.094718,0.276598,-16.295059,11.019463,0.154843,-0.071108,0.954198,-0.089113,0.276603,4.675815,87.956879,20.780466,0.014647,0.983882,-0.147095,0.100624,7.673618,54.163582,28.045649,0.028682,0.872749,-0.096465,0.477682,5.061364,11.405540,40.855721,0.016132,0.956171,-0.094718,0.276598,-9.824800,2.890476,-9.810680,0.028682,0.872749,-0.096465,0.477682,15.188169,3.211215,34.727325
1234,10.283333,0.048775,0.949316,-0.064096,0.303828,-2.467314,88.429787,15.649968,0.005081,0.916705,0.143099,0.373028,-1.517329,95.557274,14.985209,-0.007883,0.916065,-0.038227,0.399127,-3.389410,113.979980,20.098200,0.069609,0.954741,-0.064808,0.281822,-3.099667,131.951859,18.722214,0.026809,0.987382,0.035821,0.151903,0.145147,145.067657,16.101915,-0.042231,0.939619,0.028003,0.338449,-6.273589,126.465538,17.055468,-0.504429,0.594943,-0.302787,0.547645,-19.091425,125.456490,6.391572,-0.588777,0.536456,-0.285566,0.532925,-16.559986,103.760551,-1.668071,-0.684401,0.439920,-0.254813,0.522623,-10.275906,81.251457,-7.331162,-0.041211,0.930301,-0.088096,0.353667,-1.477585,126.782021,22.199076,0.634122,0.754451,0.159291,0.057621,10.991210,129.103745,33.069794,0.639979,0.731410,0.226340,0.065083,15.394853,106.398918,30.390549,0.480566,0.800497,0.357917,0.012500,19.540428,83.179001,25.714100,0.040902,0.954630,0.116438,0.271016,-9.605880,88.902313,10.514905,0.072334,0.960717,0.001720,0.267934,-10.125596,55.263985,2.032588,0.016181,0.956114,-0.094756,0.276777,-16.298679,11.020035,0.151694,-0.071242,0.954247,-0.089207,0.276368,4.671253,87.957260,20.785030,0.014779,0.983946,-0.146972,0.100152,7.677815,54.166435,28.058125,0.028767,0.872774,-0.096462,0.477634,5.061159,11.405519,40.857670,0.016181,0.956114,-0.094756,0.276777,-9.825268,2.889900,-9.810841,0.028767,0.872774,-0.096462,0.477634,15.186137,3.210213,34.727581
1235,10.291667,0.048734,0.949284,-0.064076,0.303939,-2.470787,88.430824,15.652020,0.004892,0.916655,0.143217,0.373106,-1.521382,95.558411,14.987461,-0.007801,0.916019,-0.038605,0.399197,-3.402339,113.980904,20.101925,0.069758,0.954694,-0.064924,0.281918,-3.104359,131.951767,18.714687,0.026632,0.987386,0.035689,0.151940,0.145528,145.066040,16.093006,-0.042201,0.939466,0.028164,0.338865,-6.280425,126.465813,17.050829,-0.504658,0.594749,-0.303264,0.547380,-19.088930,125.460136,6.375412,-0.588102,0.537507,-0.285558,0.532615,-16.560230,103.753983,-1.657520,-0.682868,0.442544,-0.253924,0.522847,-10.330196,81.237030,-7.349024,-0.040934,0.930209,-0.088024,0.353959,-1.485194,126.783409,22.195087,0.634039,0.754425,0.159570,0.058099,10.977468,129.096420,33.074688,0.640013,0.731244,0.226570,0.065816,15.383440,106.390991,30.404514,0.481789,0.799693,0.358040,0.013369,19.522329,83.166298,25.745890,0.040881,0.954607,0.116427,0.271105,-9.608236,88.902618,10.515337,0.072293,0.960751,0.001723,0.267821,-10.125956,55.263996,2.034064,0.016215,0.956145,-0.094656,0.276703,-16.295671,11.019510,0.154672,-0.071150,0.954095,-0.089049,0.276966,4.666663,87.959038,20.788702,0.014519,0.983857,-0.146995,0.101028,7.665755,54.165363,28.051609,0.028687,0.872721,-0.096525,0.477722,5.060322,11.404347,40.853142,0.016215,0.956145,-0.094656,0.276703,-9.823934,2.891402,-9.810602,0.028687,0.872721,-0.096525,0.477722,15.187219,3.208764,34.726593
1236,10.300000,0.048698,0.949238,-0.064007,0.304102,-2.470386,88.431541,15.653041,0.004442,0.916589,0.142842,0.373418,-1.521656,95.559303,14.989435,-0.007259,0.915901,-0.038419,0.399495,-3.415585,113.993523,20.086008,0.069736,0.954665,-0.065326,0.281930,-3.101921,131.965210,18.712824,0.026525,0.987410,0.035620,0.151819,0.150353,145.076813,16.080791,-0.042429,0.939416,0.028042,0.338986,-6.281356,126.483139,17.042582,-0.504392,0.594965,-0.303332,0.547353,-19.086483,125.469086,6.363907,-0.587734,0.537987,-0.286142,0.532223,-16.571648,103.763878,-1.675934,-0.682545,0.443027,-0.254427,0.522614,-10.382553,81.233292,-7.358161,-0.040926,0.930199,-0.088258,0.353929,-1.489359,126.792839,22.190336,0.634216,0.754216,0.159604,0.058778,10.974029,129.108246,33.068596,0.640177,0.731009,0.226591,0.066757,15.365829,106.397606,30.419401,0.481343,0.800062,0.357756,0.014859,19.488630,83.164063,25.790674,0.040926,0.954446,0.116336,0.271706,-9.606154,88.902885,10.513982,0.072306,0.960782,0.001760,0.267708,-10.123301,55.263042,2.037519,0.017069,0.956115,-0.094216,0.276906,-16.293537,11.018750,0.155358,-0.071262,0.954154,-0.089151,0.276703,4.665382,87.960205,20.792099,0.014647,0.983902,-0.146915,0.100694,7.671862,54.168900,28.062975,0.029100,0.872708,-0.096386,0.477749,5.060287,11.406109,40.857307,0.017069,0.956115,-0.094216,0.276906,-9.827005,2.894884,-9.816750,0.029100,0.872708,-0.096386,0.477749,15.183295,3.208486,34.727062
1237,10.308333,0.048732,0.949197,-0.064078,0.304212,-2.475382,88.433548,15.656299,0.005122,0.916557,0.143439,0.373258,-1.525804,95.561127,14.991975,-0.008222,0.915920,-0.039219,0.399356,-3.401803,113.972046,20.114519,0.069740,0.954644,-0.064917,0.282093,-3.108648,131.940964,18.701046,0.026487,0.987411,0.035274,0.151898,0.141460,145.055344,16.080193,-0.041774,0.939378,0.028011,0.339174,-6.282516,126.451622,17.044128,-0.504263,0.595384,-0.303098,0.547145,-19.085228,125.458015,6.360633,-0.587166,0.538468,-0.286629,0.532101,-16.587044,103.755417,-1.691433,-0.682550,0.442342,-0.256315,0.522266,-10.436237,81.215149,-7.376852,-0.041163,0.930027,-0.088317,0.354339,-1.489165,126.778175,22.189581,0.634271,0.754026,0.160070,0.059352,10.963870,129.102646,33.077766,0.640245,0.730896,0.226489,0.067674,15.349251,106.390121,30.434053,0.480781,0.800679,0.357079,0.016055,19.461929,83.147972,25.839615,0.041023,0.954404,0.116225,0.271885,-9.609914,88.904907,10.515521,0.071947,0.960990,0.001902,0.267054,-10.133967,55.263828,2.044384,0.017247,0.956285,-0.094091,0.276349,-16.271378,11.014947,0.162727,-0.071310,0.954115,-0.089083,0.276847,4.659151,87.962189,20.797075,0.014565,0.983871,-0.146871,0.101064,7.668964,54.170513,28.064856,0.029297,0.872657,-0.096233,0.477861,5.060153,11.406356,40.855198,0.017247,0.956285,-0.094091,0.276349,-9.819028,2.892566,-9.819777,0.029297,0.872657,-0.096233,0.477861,15.183481,3.209621,34.724293
1238,10.316667,0.048765,0.949128,-0.064210,0.304393,-2.482433,88.434258,15.661517,0.004350,0.916487,0.142662,0.373739,-1.531702,95.561546,14.995721,-0.007120,0.915759,-0.038742,0.399792,-3.428168,113.998772,20.084358,0.069829,0.954565,-0.065678,0.282165,-3.104829,131.969635,18.702620,0.026263,0.987408,0.035349,0.151939,0.153381,145.078308,16.063389,-0.042421,0.939343,0.027549,0.339229,-6.285808,126.488289,17.032913,-0.504372,0.596128,-0.302653,0.546481,-19.085436,125.469246,6.348126,-0.587182,0.538794,-0.286909,0.531603,-16.615959,103.766861,-1.713388,-0.682478,0.442303,-0.257407,0.521856,-10.489747,81.216698,-7.386127,-0.040642,0.930063,-0.088281,0.354313,-1.497128,126.798164,22.183741,0.634002,0.753624,0.162226,0.061450,10.957954,129.106003,33.073116,0.640351,0.730448,0.227149,0.069278,15.347467,106.393005,30.440273,0.481817,0.800245,0.356628,0.016605,19.443010,83.141258,25.879236,0.040957,0.954361,0.116244,0.272038,-9.614971,88.905197,10.517940,0.072006,0.960955,0.001901,0.267166,-10.132996,55.264050,2.046710,0.016364,0.956298,-0.094552,0.276202,-16.275211,11.015919,0.163064,-0.071247,0.954041,-0.088877,0.277185,4.650105,87.963310,20.805094,0.014413,0.983854,-0.146902,0.101206,7.657312,54.168468,28.059208,0.028715,0.872694,-0.096409,0.477793,5.059742,11.404741,40.853279,0.016364,0.956298,-0.094552,0.276202,-9.816138,2.889029,-9.811414,0.028715,0.872694,-0.096409,0.477793,15.188215,3.211237,34.726555
1239,10.325000,0.048888,0.949043,-0.064455,0.304586,-2.486791,88.436676,15.662822,0.004264,0.916420,0.142669,0.373900,-1.533179,95.563339,14.994431,-0.007053,0.915693,-0.038899,0.399930,-3.433652,114.000175,20.081654,0.069933,0.954518,-0.065819,0.282262,-3.105603,131.970627,18.695747,0.026183,0.987413,0.035199,0.151957,0.156728,145.077820,16.054171,-0.042402,0.939306,0.027438,0.339343,-6.287360,126.489655,17.026342,-0.504352,0.596417,-0.302614,0.546206,-19.084476,125.470116,6.338598,-0.587055,0.539373,-0.287194,0.531002,-16.629951,103.766380,-1.723833,-0.682200,0.443305,-0.257706,0.521221,-10.541645,81.204170,-7.389462,-0.040520,0.929979,-0.088510,0.354489,-1.500227,126.799622,22.178602,0.634441,0.753839,0.159950,0.060236,10.951008,129.106766,33.072514,0.640628,0.730669,0.225729,0.069032,15.321475,106.387581,30.461575,0.481807,0.800398,0.356289,0.016842,19.401608,83.126724,25.933319,0.040760,0.954496,0.116409,0.271525,-9.617047,88.908073,10.516126,0.072356,0.960622,0.001735,0.268268,-10.123425,55.268467,2.038078,0.016392,0.956104,-0.094724,0.276810,-16.297379,11.024806,0.153232,-0.071383,0.954123,-0.088939,0.276846,4.643466,87.965279,20.809519,0.014499,0.983904,-0.146775,0.100896,7.660984,54.172562,28.069237,0.028381,0.872754,-0.096669,0.477651,5.061004,11.405733,40.852428,0.016392,0.956104,-0.094724,0.276810,-9.825966,2.893963,-9.810020,0.028381,0.872754,-0.096669,0.477651,15.189685,3.210776,34.727993
1240,10.333333,0.048938,0.948989,-0.064559,0.304726,-2.491851,88.436623,15.667007,0.003728,0.916376,0.142697,0.374004,-1.537010,95.563019,14.997559,-0.005694,0.915710,-0.039424,0.399860,-3.460517,114.030441,20.086317,0.069621,0.954528,-0.066436,0.282164,-3.080164,132.000046,18.702644,0.025817,0.987396,0.035188,0.152132,0.178214,145.104462,16.042467,-0.043327,0.939193,0.026938,0.339580,-6.277926,126.528564,17.032654,-0.503653,0.596521,-0.303395,0.546304,-19.067013,125.474701,6.338618,-0.586386,0.540073,-0.287897,0.530648,-16.640318,103.766678,-1.720703,-0.681868,0.444297,-0.258368,0.520482,-10.607796,81.189018,-7.384461,-0.040333,0.929982,-0.088577,0.354487,-1.489751,126.823936,22.184805,0.634847,0.753437,0.160095,0.060595,10.962046,129.126068,33.079147,0.640760,0.730612,0.225310,0.069776,15.306455,106.401405,30.472380,0.482343,0.800229,0.355939,0.016936,19.373476,83.130997,25.981602,0.040639,0.954518,0.116444,0.271449,-9.620519,88.908081,10.518113,0.072411,0.960638,0.001754,0.268194,-10.118905,55.268372,2.040014,0.016162,0.956102,-0.094828,0.276795,-16.297287,11.025432,0.152665,-0.071443,0.954033,-0.088840,0.277173,4.636817,87.965164,20.815903,0.014474,0.983909,-0.146743,0.100897,7.657753,54.171799,28.071224,0.028313,0.872758,-0.096611,0.477659,5.060249,11.404046,40.851818,0.016162,0.956102,-0.094828,0.276795,-9.823550,2.893791,-9.808430,0.028313,0.872758,-0.096611,0.477659,15.190361,3.211092,34.727066
1241,10.341667,0.048908,0.948940,-0.064559,0.304884,-2.495622,88.436821,15.670611,0.003823,0.916325,0.142452,0.374222,-1.541071,95.563255,15.001193,-0.006006,0.915591,-0.039484,0.400123,-3.458402,114.028343,20.081032,0.070210,0.954359,-0.066902,0.282477,-3.087054,131.997635,18.690998,0.025462,0.987365,0.035352,0.152357,0.191163,145.095901,16.024963,-0.043081,0.939175,0.026866,0.339667,-6.280912,126.523819,17.021236,-0.503579,0.596702,-0.303517,0.546107,-19.068739,125.476944,6.325017,-0.586197,0.540416,-0.288339,0.530268,-16.655518,103.766418,-1.731614,-0.681918,0.444331,-0.259069,0.520040,-10.653082,81.177994,-7.384388,-0.040209,0.929841,-0.088883,0.354795,-1.495758,126.823677,22.175930,0.634830,0.753413,0.160135,0.060968,10.949072,129.126312,33.078114,0.640938,0.730412,0.225228,0.070497,15.292396,106.400070,30.483311,0.482953,0.799848,0.355934,0.017642,19.343599,83.122040,26.017782,0.040614,0.954502,0.116431,0.271515,-9.622643,88.907570,10.519378,0.072410,0.960681,0.001795,0.268042,-10.119030,55.267502,2.042575,0.016165,0.956105,-0.094761,0.276806,-16.296640,11.024568,0.152715,-0.071514,0.954050,-0.088823,0.277101,4.631399,87.966064,20.821844,0.014428,0.983896,-0.146673,0.101136,7.657862,54.173206,28.077194,0.028411,0.872775,-0.096560,0.477633,5.061931,11.403495,40.851574,0.016165,0.956105,-0.094761,0.276806,-9.822396,2.894434,-9.809274,0.028411,0.872775,-0.096560,0.477633,15.190756,3.210396,34.724895
1242,10.350000,0.048918,0.948898,-0.064585,0.305007,-2.500894,88.437492,15.675378,0.003770,0.916273,0.142381,0.374377,-1.546010,95.563873,15.005769,-0.006088,0.915515,-0.039471,0.400297,-3.464972,114.029396,20.081976,0.069973,0.954364,-0.066786,0.282547,-3.096278,131.998688,18.691284,0.025824,0.987373,0.034946,0.152338,0.175334,145.098907,16.026651,-0.043009,0.939064,0.026612,0.340003,-6.288550,126.524231,17.020578,-0.503511,0.596905,-0.303653,0.545872,-19.068956,125.477196,6.315508,-0.585945,0.540868,-0.288783,0.529844,-16.670891,103.763664,-1.737536,-0.681690,0.444719,-0.259363,0.519860,-10.704238,81.163635,-7.381806,-0.040112,0.929747,-0.089357,0.354933,-1.505364,126.825165,22.177036,0.634611,0.753034,0.162135,0.062622,10.936456,129.130692,33.082043,0.640970,0.730130,0.225613,0.071884,15.283221,106.405167,30.486702,0.483374,0.799881,0.355270,0.017996,19.322956,83.118347,26.056723,0.040726,0.954244,0.116305,0.272458,-9.626576,88.908089,10.522278,0.072279,0.960764,0.001905,0.267776,-10.124391,55.266605,2.051167,0.016287,0.956169,-0.094678,0.276607,-16.288662,11.022001,0.156773,-0.071536,0.954018,-0.088769,0.277224,4.624789,87.966896,20.828478,0.014389,0.983909,-0.146650,0.101045,7.652833,54.173588,28.081089,0.028118,0.872787,-0.096641,0.477611,5.061728,11.403168,40.854073,0.016287,0.956169,-0.094678,0.276607,-9.820117,2.892869,-9.809737,0.028118,0.872787,-0.096641,0.477611,15.193412,3.211878,34.729702
1243,10.358333,0.048888,0.948850,-0.064605,0.305154,-2.502363,88.438187,15.678854,0.003998,0.916211,0.142166,0.374608,-1.547694,95.564575,15.008995,-0.006913,0.915347,-0.039793,0.400635,-3.455183,114.016975,20.076349,0.070365,0.954198,-0.066782,0.283010,-3.108525,131.984955,18.663258,0.025795,0.987312,0.035173,0.152682,0.175096,145.083221,16.003857,-0.042266,0.939103,0.026866,0.339966,-6.292629,126.504311,16.997252,-0.503935,0.597217,-0.303413,0.545272,-19.075983,125.483391,6.293173,-0.586051,0.541266,-0.288935,0.529237,-16.688459,103.765320,-1.750758,-0.681377,0.445563,-0.259981,0.519240,-10.746760,81.155861,-7.383569,-0.040250,0.929604,-0.089793,0.355182,-1.513406,126.817871,22.156630,0.634598,0.753051,0.161904,0.063141,10.922143,129.133392,33.066677,0.641144,0.729946,0.225486,0.072586,15.266633,106.404579,30.496492,0.481847,0.800989,0.354764,0.019550,19.290747,83.110130,26.092518,0.040790,0.954183,0.116289,0.272667,-9.626515,88.907974,10.523561,0.072375,0.960660,0.001884,0.268124,-10.126999,55.266605,2.052160,0.016161,0.956094,-0.094679,0.276873,-16.299246,11.023232,0.154993,-0.071607,0.953983,-0.088790,0.277317,4.621788,87.968407,20.834148,0.014383,0.983890,-0.146585,0.101327,7.653356,54.176044,28.089714,0.028288,0.872773,-0.096563,0.477643,5.059703,11.403910,40.856441,0.016161,0.956094,-0.094679,0.276873,-9.823110,2.895024,-9.807340,0.028288,0.872773,-0.096563,0.477643,15.190262,3.212228,34.730728
1244,10.366667,0.048941,0.948793,-0.064638,0.305317,-2.507973,88.442162,15.681503,0.003711,0.916187,0.142116,0.374687,-1.552322,95.568405,15.011583,-0.005989,0.915374,-0.039959,0.400572,-3.471226,114.036270,20.077034,0.070347,0.954187,-0.067388,0.282908,-3.091784,132.004211,18.671804,0.025500,0.987312,0.035118,0.152749,0.195337,145.098343,15.996387,-0.042944,0.939031,0.026314,0.340123,-6.286007,126.530136,17.003584,-0.503555,0.597533,-0.303620,0.545161,-19.063860,125.481918,6.295584,-0.585705,0.541705,-0.289339,0.528950,-16.699793,103.763306,-1.753797,-0.680848,0.446464,-0.260270,0.519014,-10.792182,81.144211,-7.383760,-0.040128,0.929566,-0.089792,0.355296,-1.505912,126.832672,22.162813,0.634845,0.752736,0.162245,0.063538,10.927252,129.144684,33.076321,0.641232,0.729848,0.225347,0.073227,15.254784,106.412506,30.507189,0.482306,0.800854,0.354424,0.019932,19.268972,83.111534,26.128721,0.040651,0.954178,0.116269,0.272713,-9.630280,88.912407,10.523708,0.072442,0.960609,0.001892,0.268287,-10.121557,55.269932,2.056172,0.016194,0.956080,-0.094716,0.276906,-16.299101,11.027440,0.155658,-0.071661,0.953935,-0.088727,0.277488,4.614335,87.971909,20.839300,0.014352,0.983908,-0.146534,0.101228,7.649381,54.179321,28.092337,0.028299,0.872754,-0.096612,0.477666,5.060141,11.405769,40.855202,0.016194,0.956080,-0.094716,0.276906,-9.822857,2.898168,-9.805736,0.028299,0.872754,-0.096612,0.477666,15.190536,3.212964,34.730728
1245,10.375000,0.048905,0.948761,-0.064736,0.305402,-2.513102,88.440933,15.687399,0.003626,0.916146,0.141921,0.374862,-1.557451,95.567047,15.016074,-0.005927,0.915284,-0.040171,0.400758,-3.477762,114.039459,20.073874,0.070233,0.954138,-0.067637,0.283042,-3.092943,132.006805,18.662628,0.025629,0.987280,0.035212,0.152912,0.193654,145.099716,15.980579,-0.042877,0.939009,0.026129,0.340207,-6.287923,126.533005,16.994946,-0.503447,0.597654,-0.303902,0.544972,-19.064064,125.484894,6.284887,-0.585543,0.542128,-0.289774,0.528458,-16.714691,103.761971,-1.757177,-0.680824,0.446941,-0.260632,0.518453,-10.841274,81.130966,-7.375064,-0.040188,0.929542,-0.090084,0.355277,-1.509918,126.836052,22.156082,0.634935,0.752640,0.162162,0.063989,10.923537,129.153305,33.068150,0.641285,0.729827,0.225074,0.073816,15.243075,106.417656,30.516302,0.483633,0.800126,0.354253,0.020040,19.249861,83.110085,26.166285,0.040584,0.954177,0.116338,0.272698,-9.634562,88.909950,10.528318,0.072408,0.960646,0.001917,0.268166,-10.120268,55.268204,2.057539,0.017076,0.956076,-0.094256,0.277024,-16.294510,11.025277,0.156466,-0.071688,0.953914,-0.088664,0.277573,4.608358,87.971924,20.846479,0.014275,0.983906,-0.146492,0.101322,7.645834,54.178844,28.096184,0.028166,0.872806,-0.096674,0.477567,5.062507,11.403996,40.855907,0.017076,0.956076,-0.094256,0.277024,-9.825623,2.900477,-9.813354,0.028166,0.872806,-0.096674,0.477567,15.192652,3.211427,34.730694
1246,10.383333,0.048905,0.948703,-0.064821,0.305564,-2.517383,88.440994,15.691799,0.003624,0.916086,0.141855,0.375035,-1.561255,95.566948,15.019467,-0.005960,0.915198,-0.040368,0.400934,-3.481629,114.039970,20.074562,0.070552,0.954073,-0.067682,0.283171,-3.094752,132.006744,18.656441,0.025516,0.987300,0.034973,0.152855,0.200903,145.097763,15.976344,-0.042811,0.938947,0.026040,0.340393,-6.289542,126.532555,16.989651,-0.503404,0.597745,-0.304159,0.544768,-19.061659,125.485764,6.274662,-0.585294,0.542673,-0.290397,0.527831,-16.724642,103.758278,-1.758655,-0.680603,0.447510,-0.260701,0.518218,-10.897033,81.111343,-7.360001,-0.040106,0.929480,-0.090398,0.355369,-1.513522,126.837219,22.152533,0.635060,0.752535,0.162061,0.064236,10.917974,129.155838,33.066544,0.641364,0.729823,0.224686,0.074337,15.228642,106.417358,30.525097,0.483222,0.800535,0.353872,0.020367,19.226797,83.102837,26.204453,0.040525,0.954178,0.116357,0.272695,-9.637096,88.909294,10.530242,0.072411,0.960611,0.001949,0.268291,-10.118547,55.267532,2.059300,0.015736,0.956165,-0.094380,0.276756,-16.292030,11.024657,0.154593,-0.071693,0.953901,-0.088598,0.277641,4.602331,87.972687,20.853355,0.014259,0.983910,-0.146468,0.101314,7.640899,54.178833,28.098980,0.028179,0.872804,-0.096636,0.477578,5.059372,11.403307,40.856800,0.015736,0.956165,-0.094380,0.276756,-9.811443,2.906186,-9.812787,0.028179,0.872804,-0.096636,0.477578,15.189796,3.211378,34.731190
1247,10.391667,0.048898,0.948680,-0.064855,0.305629,-2.523594,88.441978,15.695724,0.003607,0.916063,0.141734,0.375137,-1.567363,95.567879,15.022975,-0.005942,0.915146,-0.040542,0.401036,-3.487282,114.043518,20.073818,0.070495,0.954026,-0.067886,0.283294,-3.097146,132.009796,18.650255,0.025656,0.987267,0.034946,0.153049,0.199057,145.099640,15.965075,-0.042732,0.938928,0.025649,0.340486,-6.292441,126.535606,16.984411,-0.503310,0.597928,-0.304396,0.544522,-19.062656,125.486961,6.267337,-0.585128,0.543027,-0.290847,0.527403,-16.742544,103.755280,-1.759559,-0.680476,0.447960,-0.261320,0.517684,-10.945999,81.097275,-7.348368,-0.040067,0.929443,-0.090535,0.355435,-1.517570,126.841095,22.148306,0.635093,0.752405,0.162317,0.064783,10.912464,129.160294,33.063858,0.641432,0.729741,0.224577,0.074892,15.217913,106.419601,30.533358,0.483697,0.800359,0.353610,0.020554,19.207901,83.099648,26.234543,0.040447,0.954248,0.116445,0.272426,-9.642623,88.909897,10.533188,0.072419,0.960638,0.001947,0.268193,-10.119566,55.269123,2.058095,0.015803,0.956142,-0.094409,0.276822,-16.293924,11.026343,0.154013,-0.071758,0.953867,-0.088560,0.277750,4.595434,87.974060,20.858261,0.014219,0.983911,-0.146415,0.101392,7.638186,54.180382,28.102987,0.028713,0.872814,-0.096205,0.477614,5.059556,11.403378,40.856438,0.015803,0.956142,-0.094409,0.276822,-9.812913,2.906767,-9.812191,0.028713,0.872814,-0.096205,0.477614,15.186888,3.213988,34.722324
1248,10.400000,0.048920,0.948612,-0.064803,0.305848,-2.526213,88.444351,15.697858,0.003591,0.916011,0.141671,0.375287,-1.569750,95.570320,15.026132,-0.005890,0.915089,-0.040679,0.401151,-3.489765,114.043137,20.073330,0.070762,0.953960,-0.068070,0.283406,-3.095771,132.009033,18.646053,0.025473,0.987269,0.034856,0.153086,0.209092,145.096252,15.958783,-0.042705,0.938903,0.025497,0.340570,-6.291692,126.535118,16.980536,-0.503291,0.598156,-0.304482,0.544240,-19.060070,125.485695,6.261346,-0.584993,0.543400,-0.291373,0.526879,-16.755106,103.750992,-1.761714,-0.680327,0.448354,-0.261957,0.517216,-10.992757,81.080040,-7.333373,-0.040125,0.929372,-0.090709,0.355568,-1.518114,126.840767,22.145615,0.635151,0.752291,0.162451,0.065195,10.908602,129.164154,33.064060,0.641452,0.729612,0.224785,0.075351,15.208080,106.421257,30.543238,0.484971,0.799456,0.353887,0.020898,19.193546,83.098877,26.253420,0.040438,0.954239,0.116369,0.272490,-9.642847,88.912613,10.532051,0.072440,0.960597,0.001933,0.268331,-10.120105,55.270546,2.062067,0.016277,0.956078,-0.094753,0.276897,-16.296350,11.028033,0.157826,-0.071788,0.953832,-0.088518,0.277877,4.590420,87.976089,20.863665,0.014158,0.983909,-0.146382,0.101465,7.635049,54.182209,28.106617,0.028226,0.872793,-0.096617,0.477600,5.061193,11.404181,40.857597,0.016277,0.956078,-0.094753,0.276897,-9.821584,2.897354,-9.803385,0.028226,0.872793,-0.096617,0.477600,15.191486,3.212090,34.731987
1249,10.408333,0.048796,0.948583,-0.064930,0.305930,-2.535568,88.445435,15.709368,0.003660,0.916010,0.141343,0.375411,-1.580187,95.571342,15.035433,-0.005843,0.915029,-0.040963,0.401260,-3.493708,114.047531,20.072018,0.070713,0.953924,-0.068304,0.283483,-3.093873,132.012604,18.636108,0.025637,0.987244,0.034979,0.153196,0.211764,145.098419,15.942854,-0.042676,0.938909,0.025327,0.340568,-6.291041,126.538849,16.972441,-0.503213,0.598289,-0.304720,0.544034,-19.059559,125.488373,6.253520,-0.584907,0.543565,-0.291712,0.526616,-16.768728,103.749657,-1.762690,-0.680219,0.448772,-0.262862,0.516536,-11.024518,81.071404,-7.323311,-0.039954,0.929257,-0.090585,0.355921,-1.518680,126.845551,22.138584,0.635155,0.752230,0.162610,0.065475,10.900108,129.163055,33.067291,0.641670,0.729335,0.224867,0.075930,15.197670,106.419266,30.551344,0.484313,0.799786,0.353994,0.021716,19.165478,83.091232,26.275927,0.040316,0.954239,0.116526,0.272440,-9.651529,88.910812,10.542373,0.072443,0.960656,0.001965,0.268122,-10.118167,55.270611,2.064399,0.017213,0.956047,-0.094211,0.277131,-16.294296,11.028147,0.158650,-0.071846,0.953806,-0.088383,0.277995,4.580393,87.980064,20.876364,0.014104,0.983908,-0.146347,0.101536,7.630623,54.185093,28.111898,0.028149,0.872810,-0.096608,0.477575,5.060909,11.406029,40.860237,0.017213,0.956047,-0.094211,0.277131,-9.824700,2.903471,-9.810818,0.028149,0.872810,-0.096608,0.477575,15.191892,3.215024,34.734314
1250,10.416667,0.048799,0.948533,-0.064953,0.306079,-2.536406,88.447243,15.708571,0.003599,0.915963,0.141340,0.375530,-1.580778,95.573097,15.034490,-0.005841,0.914975,-0.041116,0.401369,-3.497208,114.050804,20.070221,0.070816,0.953862,-0.068452,0.283630,-3.094930,132.015427,18.629358,0.025628,0.987220,0.034926,0.153364,0.215075,145.099670,15.933805,-0.042560,0.938884,0.025004,0.340675,-6.292327,126.541580,16.966444,-0.503148,0.598357,-0.305052,0.543833,-19.058723,125.491180,6.244995,-0.584848,0.543852,-0.292205,0.526112,-16.781122,103.747116,-1.760492,-0.680296,0.449169,-0.263523,0.515752,-11.065767,81.056938,-7.302163,-0.040021,0.929243,-0.091011,0.355842,-1.521197,126.849190,22.133671,0.635310,0.752118,0.162411,0.065751,10.899283,129.173584,33.058990,0.641781,0.729269,0.224661,0.076237,15.185991,106.426178,30.557098,0.484369,0.799897,0.353640,0.022169,19.144680,83.093727,26.297375,0.040363,0.954230,0.116454,0.272498,-9.650757,88.912338,10.539336,0.072416,0.960518,0.001923,0.268620,-10.121341,55.271225,2.065203,0.017187,0.956073,-0.094197,0.277047,-16.295244,11.028406,0.160513,-0.071841,0.953767,-0.088416,0.278119,4.577944,87.982147,20.877808,0.014070,0.983912,-0.146293,0.101580,7.626242,54.187542,28.115849,0.028154,0.872781,-0.096611,0.477628,5.059394,11.406967,40.859688,0.017187,0.956073,-0.094197,0.277047,-9.827094,2.904203,-9.810276,0.028154,0.872781,-0.096611,0.477628,15.191094,3.215888,34.735054
1251,10.425000,0.048789,0.948509,-0.065016,0.306144,-2.542710,88.447800,15.713453,0.003629,0.915936,0.141194,0.375649,-1.586906,95.573547,15.038541,-0.005837,0.914913,-0.041313,0.401490,-3.500971,114.054451,20.069876,0.070859,0.953787,-0.068726,0.283806,-3.095500,132.018494,18.622644,0.025645,0.987177,0.034985,0.153625,0.218351,145.100540,15.921261,-0.042563,0.938874,0.024870,0.340713,-6.293291,126.544548,16.960829,-0.503413,0.598750,-0.304861,0.543261,-19.058817,125.492584,6.238499,-0.584969,0.544108,-0.292519,0.525538,-16.797718,103.744865,-1.761717,-0.680011,0.449687,-0.263969,0.515448,-11.104623,81.044441,-7.284321,-0.039824,0.929187,-0.090889,0.356040,-1.523535,126.853264,22.129253,0.635326,0.752071,0.162490,0.065936,10.892755,129.170639,33.060818,0.641829,0.729192,0.224645,0.076611,15.177375,106.422424,30.562788,0.484010,0.800181,0.353446,0.022818,19.130331,83.086662,26.315868,0.040308,0.954217,0.116506,0.272526,-9.656380,88.912285,10.543229,0.072447,0.960582,0.001944,0.268385,-10.122101,55.271709,2.066701,0.017209,0.956027,-0.094185,0.277211,-16.298618,11.029306,0.160936,-0.071908,0.953763,-0.088402,0.278118,4.570960,87.983307,20.883677,0.014029,0.983911,-0.146217,0.101701,7.623939,54.189194,28.122049,0.028290,0.872774,-0.096521,0.477650,5.059846,11.406528,40.859432,0.017209,0.956027,-0.094185,0.277211,-9.827093,2.905269,-9.807794,0.028290,0.872774,-0.096521,0.477650,15.190808,3.215700,34.733246
1252,10.433333,0.048807,0.948477,-0.065022,0.306237,-2.547752,88.448509,15.716126,0.003621,0.915905,0.141122,0.375752,-1.591609,95.574226,15.041302,-0.005828,0.914865,-0.041417,0.401588,-3.505497,114.055885,20.069845,0.070876,0.953743,-0.068917,0.283904,-3.098054,132.019623,18.619377,0.025815,0.987161,0.034782,0.153743,0.218058,145.100220,15.913722,-0.042438,0.938860,0.024493,0.340794,-6.295983,126.545654,16.957870,-0.503320,0.598726,-0.305199,0.543185,-19.060017,125.493408,6.233790,-0.584848,0.544298,-0.293009,0.525203,-16.807135,103.741394,-1.757076,-0.679936,0.450060,-0.264554,0.514922,-11.137780,81.031128,-7.263607,-0.040026,0.929208,-0.091277,0.355863,-1.527336,126.854897,22.127289,0.635600,0.751991,0.161815,0.065866,10.892630,129.182617,33.052479,0.641881,0.729270,0.224240,0.076625,15.161482,106.429779,30.569658,0.483930,0.800319,0.353238,0.022899,19.111168,83.091156,26.335466,0.040278,0.954177,0.116495,0.272677,-9.660379,88.913132,10.544479,0.072431,0.960556,0.001971,0.268482,-10.123022,55.272198,2.069174,0.017231,0.956045,-0.094219,0.277136,-16.297342,11.029593,0.160882,-0.072074,0.953488,-0.088237,0.279071,4.564875,87.983894,20.887774,0.014050,0.983931,-0.146243,0.101465,7.624818,54.189419,28.121529,0.028169,0.872815,-0.096615,0.477564,5.061670,11.407497,40.861588,0.017231,0.956045,-0.094219,0.277136,-9.827923,2.904593,-9.808434,0.028169,0.872815,-0.096615,0.477564,15.192166,3.216107,34.735386
1253,10.441667,0.048688,0.948471,-0.064957,0.306289,-2.554431,88.448189,15.722768,0.003658,0.915906,0.140893,0.375836,-1.600157,95.574203,15.048352,-0.005764,0.914824,-0.041628,0.401661,-3.509919,114.058578,20.069422,0.070987,0.953683,-0.069151,0.284021,-3.097183,132.021698,18.612938,0.025778,0.987138,0.034747,0.153904,0.223992,145.100067,15.902721,-0.042416,0.938858,0.024216,0.340822,-6.296360,126.548073,16.952728,-0.503428,0.598857,-0.305268,0.542902,-19.059832,125.493408,6.228217,-0.584673,0.544439,-0.293446,0.525007,-16.816235,103.737602,-1.754937,-0.679961,0.449666,-0.265670,0.514659,-11.166567,81.019669,-7.250093,-0.040006,0.929125,-0.091666,0.355983,-1.528524,126.857735,22.122871,0.636241,0.752335,0.158535,0.063694,10.888635,129.189713,33.050350,0.641775,0.729952,0.222741,0.075372,15.132636,106.430344,30.584833,0.484252,0.800190,0.353099,0.022749,19.098011,83.093300,26.356554,0.040190,0.954175,0.116564,0.272667,-9.666705,88.911118,10.550481,0.072409,0.960611,0.002015,0.268290,-10.122231,55.270813,2.072302,0.017321,0.956056,-0.094179,0.277105,-16.293964,11.027935,0.162020,-0.072111,0.953461,-0.088120,0.279190,4.557842,87.985268,20.895056,0.013993,0.983918,-0.146232,0.101619,7.621598,54.189724,28.122198,0.028217,0.872791,-0.096608,0.477606,5.061543,11.407357,40.861393,0.017321,0.956056,-0.094179,0.277105,-9.826283,2.903224,-9.808657,0.028217,0.872791,-0.096608,0.477606,15.192111,3.215574,34.735825
1254,10.450000,0.048621,0.948464,-0.064952,0.306323,-2.558590,88.446495,15.727388,0.003625,0.915901,0.140718,0.375914,-1.605222,95.572609,15.052769,-0.005770,0.914779,-0.041795,0.401745,-3.514245,114.060890,20.067705,0.070917,0.953644,-0.069330,0.284125,-3.099171,132.023514,18.605675,0.025959,0.987110,0.034675,0.154073,0.221977,145.100922,15.890821,-0.042289,0.938856,0.023950,0.340862,-6.298657,126.549736,16.946569,-0.503470,0.598937,-0.305517,0.542634,-19.061565,125.496056,6.221295,-0.584591,0.544602,-0.293958,0.524644,-16.829506,103.734711,-1.749979,-0.679823,0.449794,-0.266051,0.514532,-11.202821,81.006569,-7.226470,-0.039897,0.929119,-0.091762,0.355986,-1.531776,126.860466,22.117525,0.636162,0.752129,0.159415,0.064701,10.885602,129.190231,33.045219,0.641790,0.729839,0.222906,0.075848,15.128221,106.429604,30.588886,0.485169,0.799771,0.352818,0.022302,19.089178,83.089813,26.371666,0.040314,0.953988,0.116500,0.273331,-9.670612,88.908287,10.554658,0.072395,0.960599,0.002066,0.268336,-10.129698,55.267639,2.078045,0.016344,0.956097,-0.094500,0.276913,-16.298935,11.024597,0.163400,-0.071989,0.953692,-0.088304,0.278372,4.553432,87.984711,20.900120,0.014143,0.984092,-0.146217,0.099923,7.611719,54.190193,28.134377,0.028184,0.872925,-0.096504,0.477384,5.060598,11.407810,40.875301,0.016344,0.956097,-0.094500,0.276913,-9.823634,2.899232,-9.801795,0.028184,0.872925,-0.096504,0.477384,15.189007,3.218415,34.742989
1255,10.458333,0.048770,0.948388,-0.065047,0.306514,-2.566311,88.451294,15.729375,0.003664,0.915874,0.140603,0.376022,-1.610356,95.577011,15.054321,-0.005731,0.914745,-0.042021,0.401800,-3.516751,114.064880,20.065214,0.071001,0.953577,-0.069585,0.284267,-3.097046,132.026840,18.596342,0.025969,0.987065,0.034788,0.154334,0.228724,145.102005,15.876325,-0.042266,0.938866,0.023844,0.340845,-6.297664,126.553215,16.938913,-0.503466,0.598919,-0.305910,0.542436,-19.061035,125.499001,6.214244,-0.584492,0.544814,-0.294372,0.524302,-16.839180,103.731071,-1.741901,-0.679592,0.450337,-0.266233,0.514267,-11.235341,80.993965,-7.204575,-0.039851,0.929077,-0.092048,0.356026,-1.531392,126.864746,22.110382,0.636263,0.752066,0.159227,0.064905,10.885159,129.196518,33.038586,0.641911,0.729765,0.222723,0.076086,15.120557,106.433281,30.594011,0.484039,0.800647,0.352335,0.023019,19.072355,83.089699,26.389254,0.040302,0.953945,0.116442,0.273507,-9.676019,88.914772,10.553617,0.072367,0.960623,0.002116,0.268256,-10.133900,55.273129,2.080917,0.016314,0.956052,-0.094641,0.277022,-16.299648,11.029741,0.163128,-0.072093,0.953645,-0.088115,0.278567,4.543397,87.987808,20.905134,0.013820,0.983901,-0.146151,0.101920,7.610790,54.192024,28.129578,0.028295,0.872798,-0.096486,0.477612,5.062808,11.407116,40.862656,0.016314,0.956052,-0.094641,0.277022,-9.822132,2.901394,-9.798192,0.028295,0.872798,-0.096486,0.477612,15.193388,3.216913,34.735004
1256,10.466667,0.048758,0.948364,-0.065033,0.306593,-2.572025,88.453674,15.733110,0.003493,0.915868,0.140553,0.376056,-1.616244,95.579437,15.058271,-0.005287,0.914748,-0.042398,0.401758,-3.528636,114.073219,20.066326,0.070883,0.953586,-0.069714,0.284233,-3.088881,132.034195,18.591436,0.026034,0.987060,0.034637,0.154384,0.234668,145.109009,15.867059,-0.042331,0.938877,0.023419,0.340836,-6.295685,126.563606,16.935955,-0.503572,0.599169,-0.306007,0.542006,-19.059069,125.502487,6.211975,-0.584518,0.544996,-0.294907,0.523782,-16.853956,103.729393,-1.734675,-0.679702,0.450180,-0.266886,0.513921,-11.274823,80.980354,-7.172909,-0.039779,0.929030,-0.092040,0.356159,-1.528875,126.871536,22.107145,0.636293,0.751983,0.159382,0.065186,10.884695,129.201370,33.039158,0.642016,0.729609,0.222848,0.076323,15.116617,106.436966,30.599382,0.483727,0.800798,0.352404,0.023293,19.060143,83.091484,26.397387,0.040233,0.954028,0.116522,0.273193,-9.680902,88.916916,10.556184,0.072334,0.960589,0.002068,0.268388,-10.135414,55.276180,2.079680,0.016184,0.956083,-0.094659,0.276918,-16.299278,11.032349,0.165990,-0.072175,0.953618,-0.088104,0.278643,4.536851,87.990433,20.910038,0.013855,0.983930,-0.146136,0.101662,7.609284,54.195332,28.135563,0.028471,0.872779,-0.096355,0.477662,5.061694,11.410126,40.867718,0.016184,0.956083,-0.094659,0.276918,-9.822391,2.904449,-9.796106,0.028471,0.872779,-0.096355,0.477662,15.191761,3.220557,34.738358
1257,10.475000,0.048683,0.948337,-0.065040,0.306686,-2.577321,88.453751,15.735509,0.003604,0.915856,0.140393,0.376143,-1.622469,95.579605,15.060329,-0.005259,0.914710,-0.042612,0.401824,-3.529224,114.076256,20.064602,0.070833,0.953547,-0.069904,0.284332,-3.085338,132.036591,18.583113,0.026098,0.987031,0.034654,0.154555,0.238737,145.110291,15.853969,-0.042194,0.938908,0.023132,0.340789,-6.293073,126.566078,16.929163,-0.503779,0.599284,-0.306116,0.541626,-19.057911,125.505920,6.206818,-0.585430,0.545366,-0.294814,0.522430,-16.862293,103.727051,-1.726626,-0.679083,0.453423,-0.263775,0.513494,-11.299880,80.965240,-7.128411,-0.039880,0.928972,-0.092039,0.356299,-1.527000,126.874901,22.100981,0.636363,0.751937,0.159284,0.065281,10.882978,129.208206,33.036327,0.642005,0.729611,0.222847,0.076402,15.110222,106.442345,30.602112,0.484464,0.800321,0.352475,0.023289,19.053873,83.096352,26.403028,0.040167,0.954025,0.116553,0.273199,-9.685320,88.915565,10.557251,0.072327,0.960533,0.002058,0.268591,-10.134815,55.274975,2.079929,0.017408,0.956050,-0.094139,0.277134,-16.297874,11.031044,0.165967,-0.072203,0.953606,-0.088016,0.278701,4.530677,87.991936,20.913767,0.013767,0.983889,-0.146133,0.102074,7.606265,54.196049,28.134256,0.028451,0.872745,-0.096311,0.477735,5.061121,11.410531,40.865864,0.017408,0.956050,-0.094139,0.277134,-9.830561,2.906664,-9.805216,0.028451,0.872745,-0.096311,0.477735,15.192872,3.222151,34.737705
1258,10.483333,0.048700,0.948331,-0.065018,0.306707,-2.583163,88.454559,15.737560,0.003633,0.915845,0.140336,0.376193,-1.628165,95.580429,15.062785,-0.005230,0.914681,-0.042818,0.401868,-3.533407,114.078018,20.065519,0.070838,0.953508,-0.070166,0.284396,-3.085498,132.037735,18.577702,0.026199,0.987013,0.034582,0.154671,0.240897,145.109512,15.842228,-0.042109,0.938909,0.022894,0.340811,-6.294228,126.567329,16.925344,-0.503832,0.599366,-0.306278,0.541394,-19.058804,125.507141,6.202693,-0.584699,0.545160,-0.295556,0.523044,-16.872406,103.724075,-1.721784,-0.679725,0.450455,-0.267623,0.513266,-11.320241,80.959862,-7.123991,-0.039729,0.928974,-0.092503,0.356190,-1.528654,126.876953,22.097570,0.636470,0.751904,0.158998,0.065312,10.884320,129.210739,33.029411,0.642053,0.729583,0.222789,0.076430,15.105009,106.442734,30.603870,0.484528,0.800247,0.352548,0.023402,19.045502,83.095825,26.406935,0.040151,0.954067,0.116549,0.273059,-9.690906,88.916748,10.558985,0.072262,0.960613,0.002117,0.268321,-10.140663,55.275990,2.082333,0.017374,0.956051,-0.094148,0.277128,-16.297344,11.031249,0.166600,-0.072282,0.953635,-0.088121,0.278551,4.524579,87.992363,20.916136,0.013864,0.983970,-0.146066,0.101373,7.604430,54.198540,28.144470,0.028560,0.872813,-0.096280,0.477610,5.060431,11.411518,40.871239,0.017374,0.956051,-0.094148,0.277128,-9.829736,2.906897,-9.804415,0.028560,0.872813,-0.096280,0.477610,15.189118,3.222410,34.738998
1259,10.491667,0.048688,0.948327,-0.064984,0.306729,-2.589336,88.456573,15.740183,0.003687,0.915851,0.140240,0.376212,-1.634634,95.582527,15.065837,-0.005202,0.914671,-0.043003,0.401871,-3.536669,114.080978,20.065960,0.070956,0.953484,-0.070451,0.284376,-3.085136,132.040131,18.572464,0.026279,0.987019,0.034498,0.154638,0.246274,145.109299,15.830591,-0.042065,0.938920,0.022633,0.340805,-6.294934,126.569839,16.921783,-0.503915,0.599272,-0.306584,0.541248,-19.059776,125.508049,6.199609,-0.584937,0.545399,-0.295820,0.522379,-16.876810,103.719261,-1.710066,-0.679716,0.451467,-0.266971,0.512729,-11.344719,80.944885,-7.089995,-0.039592,0.928957,-0.092509,0.356251,-1.529386,126.880142,22.093994,0.636513,0.751897,0.158868,0.065295,10.882512,129.209900,33.027916,0.642075,0.729590,0.222714,0.076397,15.100771,106.441139,30.605295,0.484674,0.800156,0.352562,0.023291,19.040159,83.093872,26.409328,0.040121,0.954060,0.116553,0.273083,-9.696867,88.918716,10.561312,0.072112,0.960638,0.002170,0.268272,-10.144347,55.277855,2.084915,0.017270,0.956129,-0.094264,0.276828,-16.287020,11.031193,0.168532,-0.072293,0.953637,-0.088048,0.278562,4.518195,87.994423,20.919054,0.013812,0.983959,-0.146056,0.101494,7.600129,54.199825,28.142887,0.028742,0.872743,-0.096232,0.477738,5.059185,11.412412,40.868950,0.017270,0.956129,-0.094264,0.276828,-9.825143,2.904826,-9.804562,0.028742,0.872743,-0.096232,0.477738,15.187827,3.222204,34.738098
1260,10.500000,0.048692,0.948316,-0.065053,0.306747,-2.596505,88.455498,15.744382,0.003763,0.915856,0.140101,0.376252,-1.641425,95.581314,15.069136,-0.005192,0.914650,-0.043205,0.401898,-3.539219,114.083603,20.066099,0.071026,0.953467,-0.070531,0.284397,-3.084400,132.042114,18.566116,0.026382,0.987028,0.034262,0.154614,0.249475,145.110352,15.822851,-0.041985,0.938938,0.022430,0.340778,-6.295052,126.571808,16.917196,-0.503987,0.599274,-0.306834,0.541036,-19.060730,125.510155,6.196001,-0.585070,0.545337,-0.295932,0.522231,-16.885054,103.716019,-1.700927,-0.679528,0.451893,-0.266812,0.512685,-11.352889,80.939178,-7.070374,-0.039535,0.928963,-0.092826,0.356159,-1.529811,126.883148,22.089628,0.636597,0.751848,0.158706,0.065431,10.884423,129.214645,33.020531,0.642121,0.729563,0.222671,0.076389,15.096847,106.443855,30.606695,0.484830,0.800063,0.352561,0.023222,19.033409,83.096024,26.411161,0.040108,0.954063,0.116620,0.273047,-9.703835,88.917320,10.565204,0.072264,0.960550,0.002176,0.268545,-10.149515,55.277466,2.084722,0.016131,0.956023,-0.094786,0.277083,-16.304472,11.032769,0.162478,-0.072360,0.953631,-0.087994,0.278583,4.510824,87.993675,20.923561,0.013674,0.984021,-0.146080,0.100874,7.598079,54.199081,28.145138,0.028813,0.872959,-0.096305,0.477324,5.077090,11.411956,40.876137,0.016131,0.956023,-0.094786,0.277083,-9.823750,2.902388,-9.795102,0.028813,0.872959,-0.096305,0.477324,15.197953,3.219134,34.735935
1261,10.508333,0.048665,0.948309,-0.065012,0.306782,-2.601698,88.456940,15.745768,0.003837,0.915861,0.140001,0.376275,-1.647137,95.582870,15.070989,-0.005145,0.914643,-0.043330,0.401900,-3.540985,114.086243,20.065557,0.071127,0.953455,-0.070730,0.284361,-3.082788,132.044403,18.562157,0.026415,0.987047,0.034096,0.154528,0.254968,145.110718,15.814466,-0.041912,0.938958,0.022208,0.340746,-6.294439,126.574371,16.914234,-0.503933,0.599196,-0.307186,0.540974,-19.061056,125.512444,6.194185,-0.585300,0.545184,-0.295699,0.522265,-16.891043,103.713676,-1.691540,-0.679824,0.452288,-0.267379,0.511648,-11.344205,80.940491,-7.061306,-0.039505,0.928965,-0.093024,0.356105,-1.529213,126.885811,22.086674,0.636677,0.751822,0.158511,0.065425,10.886375,129.218582,33.015766,0.642178,0.729541,0.222614,0.076295,15.094105,106.446411,30.606846,0.484695,0.800179,0.352480,0.023268,19.027884,83.098511,26.409098,0.040082,0.954056,0.116643,0.273068,-9.708691,88.918480,10.566103,0.072221,0.960581,0.002163,0.268445,-10.152008,55.278851,2.084614,0.016373,0.956056,-0.094705,0.276983,-16.303835,11.033591,0.165135,-0.072378,0.953595,-0.087990,0.278703,4.505295,87.995399,20.925432,0.013584,0.984010,-0.146018,0.101085,7.592897,54.200947,28.147524,0.030848,0.872739,-0.094513,0.477957,5.077625,11.411985,40.873489,0.016373,0.956056,-0.094705,0.276983,-9.828270,2.903362,-9.795923,0.030848,0.872739,-0.094513,0.477957,15.195426,3.232340,34.710720
1262,10.516667,0.048601,0.948292,-0.065247,0.306795,-2.606598,88.452950,15.755135,0.004280,0.915894,0.139933,0.376215,-1.651885,95.578529,15.076878,-0.005615,0.914654,-0.043569,0.401843,-3.528623,114.080902,20.075195,0.071119,0.953445,-0.070729,0.284399,-3.082566,132.038132,18.557096,0.026529,0.987052,0.033830,0.154530,0.255141,145.104492,15.809542,-0.041732,0.938980,0.022159,0.340710,-6.290836,126.564636,16.914116,-0.503858,0.599248,-0.307442,0.540842,-19.058764,125.507736,6.195129,-0.585097,0.545227,-0.296531,0.521976,-16.898981,103.705307,-1.683290,-0.679588,0.451927,-0.267534,0.512199,-11.378103,80.919472,-7.026079,-0.039581,0.928902,-0.093120,0.356235,-1.525038,126.883446,22.085581,0.636734,0.751802,0.158421,0.065318,10.887263,129.220016,33.017590,0.642266,0.729422,0.222797,0.076156,15.092269,106.447517,30.607092,0.485073,0.799850,0.352696,0.023448,19.021616,83.101021,26.397440,0.040081,0.954067,0.116803,0.272958,-9.713560,88.912109,10.575215,0.072208,0.960576,0.002148,0.268468,-10.154734,55.275082,2.083298,0.016268,0.956056,-0.094607,0.277024,-16.305702,11.029646,0.165258,-0.072388,0.953575,-0.087717,0.278856,4.500364,87.993790,20.935055,0.013334,0.983847,-0.146026,0.102686,7.592866,54.196095,28.139887,0.029642,0.872788,-0.095873,0.477672,5.078843,11.406732,40.864746,0.016268,0.956056,-0.094607,0.277024,-9.827371,2.902400,-9.796436,0.029642,0.872788,-0.095873,0.477672,15.197560,3.213197,34.721962
1263,10.525000,0.048595,0.948279,-0.065238,0.306837,-2.609636,88.452164,15.756490,0.004330,0.915878,0.139979,0.376238,-1.655005,95.577774,15.078382,-0.005694,0.914640,-0.043625,0.401869,-3.531107,114.082993,20.079845,0.071288,0.953416,-0.071121,0.284353,-3.086798,132.040009,18.558769,0.026610,0.987077,0.033618,0.154405,0.257900,145.102722,15.802397,-0.041638,0.938969,0.021889,0.340769,-6.294423,126.565910,16.916534,-0.504024,0.599158,-0.307632,0.540678,-19.061274,125.508926,6.196275,-0.585299,0.545317,-0.296700,0.521559,-16.901913,103.701546,-1.668493,-0.679881,0.452069,-0.267408,0.511750,-11.390586,80.909561,-6.994951,-0.039471,0.928886,-0.093527,0.356183,-1.528932,126.886070,22.088198,0.636757,0.751819,0.158296,0.065202,10.884899,129.223877,33.018200,0.642333,0.729402,0.222740,0.075950,15.089255,106.451309,30.607260,0.485006,0.799949,0.352567,0.023397,19.015959,83.105492,26.391352,0.040107,0.954031,0.116630,0.273155,-9.716154,88.911232,10.575955,0.071923,0.960718,0.002309,0.268033,-10.160645,55.271542,2.094744,0.016316,0.956238,-0.094424,0.276455,-16.284306,11.022505,0.172458,-0.072333,0.953609,-0.087933,0.278686,4.496882,87.993088,20.937023,0.013669,0.984105,-0.146073,0.100064,7.582799,54.197491,28.154472,0.029250,0.872922,-0.096154,0.477395,5.072813,11.410152,40.886951,0.016316,0.956238,-0.094424,0.276455,-9.818410,2.898937,-9.800306,0.029250,0.872922,-0.096154,0.477395,15.190252,3.215310,34.743805
1264,10.533333,0.048616,0.948289,-0.065244,0.306802,-2.616328,88.452675,15.758874,0.004380,0.915900,0.139947,0.376194,-1.661418,95.578239,15.080732,-0.005672,0.914661,-0.043705,0.401812,-3.535018,114.083633,20.081894,0.071344,0.953431,-0.071278,0.284252,-3.088933,132.040405,18.558479,0.026788,0.987109,0.033255,0.154250,0.257888,145.101746,15.798118,-0.041574,0.938970,0.021665,0.340790,-6.297351,126.566444,16.917322,-0.504559,0.598823,-0.307889,0.540404,-19.063911,125.508949,6.196759,-0.585237,0.545506,-0.296811,0.521367,-16.893234,103.691956,-1.638219,-0.680815,0.450792,-0.268384,0.511124,-11.394975,80.896233,-6.962149,-0.039469,0.928960,-0.093828,0.355910,-1.531209,126.886749,22.088379,0.636857,0.751818,0.157952,0.065071,10.889117,129.227341,33.010418,0.642404,0.729405,0.222593,0.075748,15.088335,106.453300,30.604315,0.485032,0.799946,0.352549,0.023228,19.012123,83.107590,26.385086,0.040085,0.954035,0.116660,0.273133,-9.723192,88.912094,10.578842,0.071871,0.960728,0.002345,0.268012,-10.165847,55.272770,2.096123,0.016314,0.956234,-0.094448,0.276461,-16.284275,11.023084,0.172145,-0.072418,0.953505,-0.087814,0.279056,4.490538,87.993256,20.938904,0.013585,0.983935,-0.145968,0.101887,7.581582,54.197060,28.151354,0.028879,0.872666,-0.096284,0.477860,5.056368,11.406792,40.870945,0.016314,0.956234,-0.094448,0.276461,-9.818333,2.898977,-9.800155,0.028879,0.872666,-0.096284,0.477860,15.184699,3.213959,34.743084
1265,10.541667,0.048588,0.948315,-0.065237,0.306729,-2.622916,88.451912,15.760899,0.004592,0.915932,0.139829,0.376159,-1.668468,95.577530,15.082653,-0.005627,0.914673,-0.043906,0.401763,-3.532709,114.084351,20.082941,0.072050,0.953396,-0.071407,0.284157,-3.082301,132.040497,18.553514,0.026316,0.987194,0.032960,0.153845,0.283077,145.097458,15.795022,-0.041563,0.939041,0.021576,0.340602,-6.292235,126.566788,16.914478,-0.504427,0.598756,-0.308239,0.540402,-19.063103,125.508377,6.199142,-0.584860,0.545163,-0.296672,0.522227,-16.898750,103.687874,-1.627763,-0.679754,0.451089,-0.268565,0.512178,-11.378586,80.902878,-6.974901,-0.039421,0.928843,-0.094063,0.356158,-1.525527,126.887634,22.084980,0.636829,0.751815,0.158072,0.065080,10.889038,129.230148,33.013153,0.642540,0.729230,0.222806,0.075650,15.089822,106.456711,30.604033,0.484724,0.800047,0.352737,0.023321,19.005915,83.111900,26.372725,0.040061,0.954042,0.116657,0.273113,-9.730610,88.911011,10.581978,0.071830,0.960758,0.002423,0.267914,-10.171875,55.271496,2.099916,0.016378,0.956223,-0.094443,0.276494,-16.285105,11.021310,0.170839,-0.072337,0.953626,-0.087901,0.278635,4.484777,87.992813,20.939819,0.013704,0.984065,-0.146011,0.100545,7.571979,54.196865,28.155088,0.028803,0.872755,-0.096353,0.477688,5.053214,11.408001,40.880684,0.016378,0.956223,-0.094443,0.276494,-9.819283,2.896888,-9.801279,0.028803,0.872755,-0.096353,0.477688,15.179385,3.214557,34.750072
1266,10.550000,0.048606,0.948333,-0.065310,0.306654,-2.629266,88.451134,15.763939,0.004592,0.915971,0.139804,0.376072,-1.674309,95.576591,15.084707,-0.005581,0.914716,-0.043969,0.401659,-3.537951,114.085854,20.084879,0.071448,0.953488,-0.071459,0.283988,-3.085267,132.041824,18.554005,0.027007,0.987197,0.032523,0.153799,0.264357,145.101379,15.788662,-0.041519,0.939042,0.021389,0.340616,-6.296354,126.568459,16.916084,-0.504320,0.599101,-0.308026,0.540239,-19.067017,125.509308,6.200583,-0.585327,0.544878,-0.297273,0.521660,-16.915823,103.691338,-1.637003,-0.680970,0.449713,-0.270072,0.510978,-11.397868,80.895164,-6.938575,-0.039415,0.929019,-0.094086,0.355695,-1.528470,126.888992,22.085516,0.637030,0.751765,0.157583,0.064881,10.897111,129.230362,33.001400,0.642520,0.729360,0.222557,0.075304,15.087181,106.454323,30.598186,0.485112,0.799859,0.352661,0.022845,19.007072,83.110840,26.363110,0.040080,0.954151,0.116759,0.272683,-9.737741,88.910240,10.586097,0.071706,0.960837,0.002442,0.267666,-10.182112,55.272495,2.097203,0.016410,0.956236,-0.094424,0.276454,-16.284803,11.020729,0.171023,-0.072356,0.953583,-0.087843,0.278799,4.479209,87.992027,20.941780,0.013664,0.984066,-0.145986,0.100576,7.567534,54.195560,28.154097,0.031459,0.872530,-0.094022,0.478394,5.052081,11.405966,40.877892,0.016410,0.956236,-0.094424,0.276454,-9.820218,2.896512,-9.802060,0.031459,0.872530,-0.094022,0.478394,15.172402,3.229456,34.715107
1267,10.558333,0.048621,0.948364,-0.065373,0.306542,-2.636756,88.450493,15.767161,0.004378,0.916016,0.139391,0.376120,-1.681388,95.575806,15.087024,-0.005120,0.914708,-0.043963,0.401685,-3.547771,114.098740,20.072252,0.071506,0.953443,-0.072142,0.283954,-3.079953,132.054916,18.548267,0.026958,0.987174,0.032717,0.153919,0.275980,145.109238,15.765910,-0.041669,0.939131,0.021129,0.340369,-6.295456,126.584854,16.907961,-0.504804,0.598620,-0.308484,0.540059,-19.071331,125.517761,6.199456,-0.585163,0.545110,-0.297148,0.521672,-16.906456,103.688667,-1.603323,-0.681091,0.449662,-0.270111,0.510841,-11.397103,80.893204,-6.916882,-0.039078,0.929025,-0.093948,0.355752,-1.527789,126.899429,22.077961,0.637038,0.751809,0.157403,0.064737,10.897324,129.228897,32.996933,0.642598,0.729336,0.222500,0.075038,15.087816,106.452904,30.594095,0.485141,0.799862,0.352627,0.022657,19.004793,83.110466,26.350550,0.040081,0.954140,0.116806,0.272702,-9.746416,88.909668,10.590946,0.071641,0.960862,0.002481,0.267591,-10.189774,55.272675,2.099012,0.016339,0.956248,-0.094419,0.276421,-16.286089,11.020082,0.171545,-0.072350,0.953643,-0.087837,0.278596,4.472904,87.991318,20.943377,0.013600,0.984058,-0.145973,0.100683,7.562554,54.194714,28.154512,0.029278,0.872740,-0.095842,0.477789,5.051466,11.404621,40.877510,0.016339,0.956248,-0.094419,0.276421,-9.821254,2.896464,-9.801868,0.029278,0.872740,-0.095842,0.477789,15.176914,3.216119,34.739105
1268,10.566667,0.048658,0.948386,-0.065344,0.306475,-2.641695,88.450150,15.767124,0.004437,0.916037,0.139390,0.376067,-1.686002,95.575462,15.087482,-0.005010,0.914726,-0.044297,0.401607,-3.550233,114.101028,20.074348,0.071406,0.953475,-0.072250,0.283843,-3.074065,132.056183,18.540911,0.027132,0.987197,0.032485,0.153787,0.279606,145.110229,15.754530,-0.041755,0.939191,0.021159,0.340190,-6.292412,126.586792,16.903921,-0.504448,0.598693,-0.308709,0.540183,-19.072107,125.517120,6.200237,-0.586237,0.544845,-0.297356,0.520624,-16.917721,103.688812,-1.607652,-0.682439,0.449663,-0.267576,0.510375,-11.400392,80.882446,-6.865867,-0.038920,0.929036,-0.094258,0.355658,-1.523855,126.901802,22.073074,0.637154,0.751794,0.157076,0.064554,10.903894,129.229767,32.989361,0.642745,0.729322,0.222251,0.074654,15.088612,106.452469,30.588917,0.485244,0.799914,0.352394,0.022236,18.999279,83.110313,26.337925,0.040078,0.954128,0.116831,0.272734,-9.752013,88.910194,10.591894,0.071698,0.960778,0.002485,0.267878,-10.194419,55.273594,2.098335,0.016446,0.956165,-0.094434,0.276696,-16.294914,11.021730,0.167295,-0.072377,0.953622,-0.087844,0.278657,4.468624,87.990097,20.942354,0.013562,0.984059,-0.145943,0.100722,7.559387,54.193844,28.154642,0.028929,0.872709,-0.096226,0.477789,5.051447,11.402866,40.875278,0.016446,0.956165,-0.094434,0.276696,-9.825500,2.897108,-9.802330,0.028929,0.872709,-0.096226,0.477789,15.178498,3.210597,34.744556
1269,10.575000,0.048640,0.948404,-0.065361,0.306417,-2.648222,88.450958,15.768340,0.004550,0.916077,0.139385,0.375970,-1.692746,95.576271,15.088327,-0.005007,0.914776,-0.044339,0.401489,-3.552318,114.100838,20.076561,0.071401,0.953504,-0.072401,0.283709,-3.075639,132.055847,18.541740,0.027380,0.987229,0.032013,0.153639,0.278387,145.108841,15.750869,-0.041649,0.939212,0.021031,0.340153,-6.294681,126.586517,16.905958,-0.504920,0.598249,-0.309050,0.540040,-19.075527,125.518669,6.203465,-0.586405,0.545060,-0.296962,0.520435,-16.906204,103.681145,-1.574458,-0.682374,0.450668,-0.266766,0.510000,-11.388909,80.876884,-6.841819,-0.038828,0.929075,-0.094476,0.355509,-1.524786,126.901649,22.073872,0.637193,0.751823,0.156880,0.064314,10.906742,129.228943,32.985996,0.642886,0.729237,0.222225,0.074349,15.090555,106.451775,30.582747,0.484992,0.800072,0.352384,0.022193,18.994699,83.110664,26.320065,0.039955,0.954063,0.116802,0.272993,-9.759205,88.910690,10.593994,0.071759,0.960740,0.002576,0.267997,-10.191752,55.272942,2.104497,0.016892,0.956096,-0.094491,0.276886,-16.295078,11.021915,0.163414,-0.072421,0.953534,-0.087748,0.278976,4.462761,87.991219,20.942686,0.013544,0.984056,-0.145979,0.100700,7.555942,54.194248,28.150606,0.028837,0.872709,-0.096366,0.477766,5.049564,11.404154,40.874531,0.016892,0.956096,-0.094491,0.276886,-9.827765,2.892974,-9.804053,0.028837,0.872709,-0.096366,0.477766,15.176394,3.210076,34.745857
1270,10.583333,0.048644,0.948451,-0.065363,0.306271,-2.653320,88.449211,15.769614,0.004679,0.916147,0.139299,0.375832,-1.697879,95.574509,15.089440,-0.004968,0.914845,-0.044293,0.401338,-3.551071,114.101746,20.077347,0.072276,0.953455,-0.072727,0.283567,-3.074041,132.056931,18.544527,0.026940,0.987312,0.031592,0.153270,0.304092,145.103271,15.751659,-0.041689,0.939252,0.020911,0.340045,-6.293882,126.587936,16.909149,-0.504919,0.598153,-0.309205,0.540058,-19.077053,125.517334,6.209712,-0.586401,0.544971,-0.296912,0.520561,-16.906847,103.677917,-1.562654,-0.681771,0.451475,-0.266326,0.510322,-11.383434,80.875732,-6.832571,-0.038915,0.929228,-0.094320,0.355140,-1.522269,126.902222,22.075527,0.637309,0.751801,0.156580,0.064149,10.917790,129.229385,32.977951,0.643043,0.729144,0.222161,0.074085,15.095726,106.450905,30.576941,0.484888,0.800123,0.352419,0.022102,18.992012,83.110176,26.304972,0.039925,0.954123,0.116763,0.272805,-9.765861,88.909210,10.597436,0.071713,0.960799,0.002693,0.267799,-10.198840,55.270649,2.111161,0.016813,0.956096,-0.094407,0.276922,-16.295816,11.019081,0.162404,-0.072402,0.953588,-0.087785,0.278786,4.459221,87.989212,20.941792,0.013511,0.984053,-0.145981,0.100727,7.551815,54.192497,28.151131,0.028848,0.872726,-0.096268,0.477754,5.047930,11.402390,40.875481,0.016813,0.956096,-0.094407,0.276922,-9.826276,2.892619,-9.805639,0.028848,0.872726,-0.096268,0.477754,15.175181,3.210203,34.744980
1271,10.591667,0.048687,0.948476,-0.065429,0.306172,-2.661035,88.448792,15.771466,0.004790,0.916194,0.139252,0.375732,-1.704795,95.573914,15.090487,-0.004822,0.914894,-0.044560,0.401199,-3.552863,114.101959,20.078663,0.072215,0.953501,-0.072777,0.283417,-3.067373,132.056335,18.539083,0.027136,0.987342,0.031247,0.153109,0.308906,145.102631,15.743765,-0.041807,0.939343,0.020845,0.339783,-6.290372,126.588348,16.906612,-0.504952,0.597899,-0.309468,0.540158,-19.079182,125.512970,6.214396,-0.586332,0.544918,-0.297000,0.520644,-16.902414,103.670547,-1.547699,-0.681722,0.451465,-0.266166,0.510481,-11.378746,80.868271,-6.816965,-0.038858,0.929202,-0.094300,0.355220,-1.517176,126.902161,22.071556,0.637341,0.751810,0.156491,0.063940,10.921147,129.227554,32.976341,0.643159,0.729097,0.222082,0.073782,15.098417,106.449463,30.570421,0.484927,0.800134,0.352357,0.021798,18.989708,83.109665,26.288887,0.039860,0.954171,0.116814,0.272623,-9.774574,88.909286,10.600704,0.071698,0.960841,0.002738,0.267648,-10.203929,55.271202,2.112364,0.016525,0.956102,-0.094460,0.276900,-16.298870,11.019465,0.161077,-0.072382,0.953620,-0.087799,0.278677,4.452504,87.988297,20.942228,0.013749,0.984236,-0.146093,0.098727,7.544361,54.191555,28.151751,0.029029,0.872794,-0.096185,0.477636,5.044439,11.404938,40.888630,0.016525,0.956102,-0.094460,0.276900,-9.826135,2.893764,-9.805511,0.029029,0.872794,-0.096185,0.477636,15.168174,3.212231,34.753017
1272,10.600000,0.048734,0.948515,-0.065481,0.306032,-2.667943,88.447510,15.772570,0.005150,0.916272,0.139529,0.375435,-1.710932,95.572464,15.090956,-0.005273,0.915011,-0.044900,0.400888,-3.548219,114.092621,20.093201,0.071451,0.953614,-0.072732,0.283240,-3.073203,132.045731,18.535759,0.028048,0.987316,0.030846,0.153193,0.282432,145.096130,15.734757,-0.041536,0.939384,0.020836,0.339704,-6.294480,126.574471,16.910885,-0.505147,0.597912,-0.309296,0.540058,-19.085819,125.507401,6.220865,-0.586273,0.544778,-0.297070,0.520817,-16.904850,103.664993,-1.540040,-0.681955,0.450465,-0.266885,0.510676,-11.375859,80.863991,-6.809209,-0.038954,0.929270,-0.094436,0.354995,-1.517837,126.895836,22.072172,0.637433,0.751815,0.156207,0.063662,10.925560,129.225174,32.970314,0.643285,0.729079,0.221883,0.073459,15.099044,106.446587,30.562464,0.485114,0.800007,0.352421,0.021265,18.984804,83.107079,26.274347,0.039902,0.954150,0.116821,0.272687,-9.782905,88.908707,10.603829,0.071605,0.960917,0.002788,0.267400,-10.214272,55.270969,2.114207,0.015848,0.956161,-0.094474,0.276729,-16.300568,11.018067,0.162406,-0.072404,0.953699,-0.087817,0.278395,4.447018,87.986313,20.941309,0.013442,0.984075,-0.145966,0.100548,7.542096,54.190002,28.151489,0.028888,0.872690,-0.096237,0.477824,5.046726,11.399328,40.875607,0.015848,0.956161,-0.094474,0.276729,-9.822496,2.896664,-9.804215,0.028888,0.872690,-0.096237,0.477824,15.174747,3.207330,34.746128
1273,10.608333,0.048660,0.948618,-0.065195,0.305786,-2.673615,88.446640,15.771857,0.005310,0.916357,0.139411,0.375267,-1.719046,95.572243,15.093557,-0.005268,0.915077,-0.044967,0.400730,-3.547803,114.091042,20.093678,0.071487,0.953635,-0.072905,0.283117,-3.071940,132.043930,18.534021,0.028281,0.987336,0.030433,0.153109,0.285308,145.092926,15.728362,-0.041512,0.939476,0.020762,0.339457,-6.294194,126.572731,16.910875,-0.505057,0.598286,-0.309001,0.539897,-19.091217,125.505272,6.227700,-0.586764,0.544188,-0.296729,0.521075,-16.922586,103.666290,-1.546358,-0.681312,0.451224,-0.266286,0.511178,-11.352954,80.873924,-6.810103,-0.038933,0.929327,-0.094525,0.354825,-1.515760,126.894318,22.070492,0.637535,0.751825,0.155887,0.063314,10.931739,129.223602,32.963963,0.643366,0.729109,0.221659,0.073120,15.101231,106.444641,30.552691,0.485411,0.799830,0.352445,0.020771,18.984333,83.105743,26.258854,0.039927,0.954206,0.116893,0.272459,-9.791363,88.908508,10.607014,0.071478,0.960858,0.002774,0.267647,-10.225066,55.272068,2.112372,0.015887,0.956177,-0.094464,0.276676,-16.300348,11.017529,0.163287,-0.072391,0.953724,-0.087879,0.278295,4.444131,87.984779,20.936701,0.013447,0.984102,-0.145967,0.100283,7.537870,54.189098,28.150427,0.029285,0.872717,-0.095853,0.477828,5.045536,11.398470,40.875305,0.015887,0.956177,-0.094464,0.276676,-9.823940,2.896076,-9.804378,0.029285,0.872717,-0.095853,0.477828,15.171396,3.209676,34.737980
1274,10.616667,0.048892,0.948628,-0.065397,0.305677,-2.683266,88.450539,15.770310,0.005462,0.916391,0.139490,0.375154,-1.724720,95.575424,15.090185,-0.005211,0.915136,-0.045037,0.400588,-3.548507,114.092003,20.095118,0.071537,0.953652,-0.073111,0.282992,-3.070000,132.044693,18.533911,0.028472,0.987357,0.030034,0.153012,0.289462,145.091965,15.722845,-0.041503,0.939559,0.020612,0.339236,-6.293690,126.573921,16.912161,-0.505128,0.597427,-0.309699,0.540382,-19.095749,125.504768,6.235185,-0.586472,0.544551,-0.296771,0.521001,-16.899405,103.659500,-1.513337,-0.681513,0.451719,-0.265645,0.510806,-11.349951,80.864555,-6.787221,-0.038794,0.929389,-0.094699,0.354632,-1.513651,126.895081,22.070318,0.637548,0.751801,0.155966,0.063257,10.938785,129.221588,32.958748,0.643484,0.729024,0.221673,0.072895,15.107801,106.443008,30.542969,0.485657,0.799718,0.352374,0.020501,18.985193,83.104973,26.239252,0.039855,0.954201,0.116836,0.272510,-9.801785,88.915329,10.606788,0.071399,0.960918,0.002884,0.267453,-10.231351,55.277588,2.117140,0.016110,0.956179,-0.094620,0.276605,-16.297678,11.022102,0.161696,-0.072409,0.953768,-0.087922,0.278123,4.435252,87.985748,20.933832,0.013663,0.984264,-0.146065,0.098506,7.530676,54.190773,28.150126,0.028816,0.872841,-0.096011,0.477599,5.041411,11.403242,40.886009,0.016110,0.956179,-0.094620,0.276605,-9.826543,2.895513,-9.805209,0.028816,0.872841,-0.096011,0.477599,15.168655,3.216626,34.748055
1275,10.625000,0.048932,0.948668,-0.065431,0.305538,-2.689476,88.450554,15.770885,0.005208,0.916455,0.139188,0.375113,-1.730337,95.575317,15.090336,-0.004726,0.915182,-0.044798,0.400516,-3.559378,114.103851,20.083597,0.071494,0.953692,-0.073523,0.282764,-3.068423,132.057495,18.537218,0.028837,0.987388,0.029592,0.152831,0.291894,145.101990,15.714335,-0.041762,0.939608,0.020510,0.339076,-6.296171,126.590347,16.911341,-0.505053,0.597724,-0.309394,0.540299,-19.101128,125.511742,6.238794,-0.586933,0.543970,-0.296705,0.521127,-16.912525,103.670456,-1.523135,-0.681689,0.451133,-0.265388,0.511223,-11.330776,80.879700,-6.781035,-0.038575,0.929529,-0.094580,0.354320,-1.515254,126.903854,22.069155,0.637570,0.751874,0.155657,0.062938,10.945135,129.221344,32.950405,0.643568,0.729100,0.221335,0.072420,15.114741,106.443092,30.532705,0.486275,0.799484,0.352093,0.019803,18.990273,83.106010,26.222185,0.039849,0.954189,0.116843,0.272549,-9.809421,88.916023,10.609394,0.071321,0.960953,0.002938,0.267347,-10.238152,55.278336,2.119422,0.016128,0.956193,-0.094605,0.276557,-16.296709,11.021882,0.161852,-0.072410,0.953768,-0.087883,0.278138,4.430469,87.985077,20.932377,0.013640,0.984261,-0.146111,0.098468,7.526591,54.189648,28.146214,0.028797,0.872841,-0.096019,0.477597,5.039464,11.403254,40.886326,0.016128,0.956193,-0.094605,0.276557,-9.826805,2.895494,-9.806011,0.028797,0.872841,-0.096019,0.477597,15.166866,3.216688,34.748569
1276,10.633333,0.048755,0.948744,-0.065332,0.305351,-2.690293,88.445900,15.776054,0.005580,0.916555,0.139313,0.374817,-1.734137,95.571106,15.095873,-0.005209,0.915288,-0.045118,0.400230,-3.549748,114.093185,20.098070,0.071353,0.953711,-0.073462,0.282749,-3.070605,132.045609,18.534046,0.029220,0.987365,0.029143,0.152996,0.285597,145.091248,15.711527,-0.041510,0.939696,0.020653,0.338853,-6.296114,126.574959,16.915543,-0.505038,0.597644,-0.309380,0.540409,-19.106831,125.505592,6.248976,-0.586762,0.543719,-0.296794,0.521530,-16.913370,103.665352,-1.514549,-0.681787,0.450203,-0.266152,0.511514,-11.321035,80.878159,-6.776611,-0.038779,0.929567,-0.094681,0.354170,-1.512043,126.896324,22.069948,0.637660,0.751829,0.155586,0.062730,10.951360,129.220932,32.946224,0.643695,0.729056,0.221233,0.072039,15.116811,106.442558,30.522554,0.486048,0.799707,0.351920,0.019438,18.987114,83.106773,26.200300,0.039861,0.954227,0.116983,0.272353,-9.812554,88.909225,10.617567,0.071356,0.960925,0.002916,0.267440,-10.241106,55.273895,2.118287,0.016048,0.956163,-0.094485,0.276707,-16.302986,11.017874,0.161175,-0.072418,0.953806,-0.087891,0.278001,4.431968,87.982574,20.934544,0.013444,0.984147,-0.146013,0.099770,7.529462,54.187309,28.148556,0.028652,0.872845,-0.095979,0.477608,5.043636,11.397871,40.878696,0.016048,0.956163,-0.094485,0.276707,-9.828164,2.894829,-9.806221,0.028652,0.872845,-0.095979,0.477608,15.173366,3.213844,34.741398
1277,10.641667,0.048790,0.948793,-0.065301,0.305202,-2.694803,88.446358,15.774989,0.005696,0.916636,0.139336,0.374609,-1.738415,95.571571,15.095244,-0.005234,0.915388,-0.045171,0.399996,-3.548935,114.091537,20.099831,0.071355,0.953730,-0.073503,0.282676,-3.070256,132.043793,18.533564,0.029518,0.987359,0.028625,0.153076,0.285964,145.089127,15.709697,-0.041573,0.939766,0.020923,0.338635,-6.296694,126.573006,16.917318,-0.505123,0.597587,-0.309316,0.540429,-19.112164,125.504478,6.256382,-0.586558,0.543486,-0.296793,0.522002,-16.913696,103.664543,-1.506542,-0.682072,0.448908,-0.267334,0.511656,-11.309181,80.882523,-6.778071,-0.038807,0.929621,-0.094735,0.354012,-1.509984,126.894852,22.069241,0.637698,0.751867,0.155397,0.062372,10.957089,129.220551,32.941078,0.643898,0.728939,0.221152,0.071665,15.122421,106.442902,30.510319,0.485497,0.800072,0.351857,0.019366,18.982761,83.107910,26.174891,0.039922,0.954071,0.116968,0.272899,-9.818614,88.910645,10.618730,0.071437,0.960814,0.002926,0.267816,-10.246610,55.275417,2.119041,0.016030,0.956093,-0.094519,0.276938,-16.314381,11.020440,0.156756,-0.072383,0.953813,-0.087909,0.277982,4.429009,87.982063,20.931248,0.013628,0.984273,-0.146122,0.098337,7.523977,54.186676,28.145779,0.028598,0.872867,-0.096005,0.477565,5.039518,11.400530,40.887230,0.016030,0.956093,-0.094519,0.276938,-9.834346,2.896829,-9.806789,0.028598,0.872867,-0.096005,0.477565,15.169104,3.216591,34.749573
1278,10.650000,0.048792,0.948846,-0.065343,0.305025,-2.699935,88.445511,15.775969,0.005779,0.916742,0.139259,0.374377,-1.743453,95.570641,15.095481,-0.005182,0.915509,-0.045100,0.399728,-3.548608,114.090813,20.098894,0.071346,0.953771,-0.073644,0.282502,-3.069672,132.043320,18.535589,0.029812,0.987371,0.028101,0.153033,0.286571,145.087677,15.707273,-0.041454,0.939889,0.020759,0.338320,-6.297407,126.573036,16.920235,-0.505393,0.597672,-0.308943,0.540297,-19.120338,125.505997,6.268129,-0.586883,0.543364,-0.296430,0.521970,-16.915808,103.667847,-1.498131,-0.682142,0.448958,-0.266847,0.511773,-11.294550,80.890343,-6.771354,-0.038847,0.929740,-0.094637,0.353720,-1.507676,126.893654,22.069426,0.637755,0.751841,0.155331,0.062255,10.966184,129.218643,32.933620,0.643978,0.728929,0.221058,0.071328,15.128795,106.440781,30.500244,0.485933,0.799835,0.351826,0.018750,18.986465,83.107162,26.155048,0.039851,0.954186,0.117058,0.272468,-9.825637,88.909874,10.622330,0.071425,0.960784,0.002953,0.267925,-10.251019,55.275696,2.118307,0.016121,0.956056,-0.094570,0.277045,-16.316950,11.020576,0.153342,-0.072385,0.953841,-0.087893,0.277891,4.425766,87.981148,20.929605,0.013337,0.984126,-0.146038,0.099954,7.521936,54.185581,28.142811,0.028553,0.872828,-0.096096,0.477621,5.042881,11.396536,40.875587,0.016121,0.956056,-0.094570,0.277045,-9.836007,2.895179,-9.808156,0.028553,0.872828,-0.096096,0.477621,15.173216,3.211296,34.740906
1279,10.658333,0.048870,0.948885,-0.065394,0.304880,-2.705024,88.443306,15.777205,0.005659,0.916811,0.139545,0.374102,-1.747363,95.568230,15.096219,-0.005166,0.915639,-0.045147,0.399425,-3.559245,114.084114,20.107981,0.071358,0.953850,-0.073032,0.282390,-3.079625,132.036453,18.543207,0.030347,0.987401,0.026914,0.152952,0.271981,145.085281,15.730010,-0.041295,0.939865,0.020628,0.338413,-6.308945,126.566383,16.930326,-0.505385,0.597578,-0.308898,0.540434,-19.130215,125.502945,6.275856,-0.587013,0.543193,-0.296272,0.522092,-16.919199,103.666397,-1.493055,-0.682329,0.448729,-0.266484,0.511913,-11.284484,80.892578,-6.767770,-0.038893,0.930034,-0.094449,0.352992,-1.515797,126.886879,22.076349,0.637831,0.751909,0.154846,0.061862,10.975138,129.209167,32.921497,0.644126,0.728954,0.220704,0.070835,15.135500,106.430855,30.488447,0.486194,0.799739,0.351717,0.018089,18.987410,83.097748,26.135427,0.039903,0.954189,0.117118,0.272423,-9.832152,88.908890,10.625647,0.071321,0.960830,0.002992,0.267786,-10.260226,55.275970,2.116787,0.016040,0.956058,-0.094672,0.277007,-16.316599,11.019540,0.151854,-0.072363,0.953916,-0.087933,0.277625,4.422105,87.977722,20.928764,0.013578,0.984302,-0.146117,0.098057,7.518050,54.182415,28.143305,0.028406,0.872922,-0.096087,0.477459,5.041669,11.396011,40.885487,0.016040,0.956058,-0.094672,0.277007,-9.835848,2.892368,-9.808327,0.028406,0.872922,-0.096087,0.477459,15.171495,3.212598,34.747524
1280,10.666667,0.048936,0.948953,-0.065460,0.304645,-2.711866,88.443542,15.777596,0.005750,0.916902,0.139571,0.373869,-1.753181,95.568253,15.095774,-0.005136,0.915745,-0.045165,0.399180,-3.560930,114.083412,20.110094,0.071391,0.953862,-0.073154,0.282310,-3.080478,132.035706,18.545008,0.030619,0.987392,0.026392,0.153048,0.272511,145.083481,15.728622,-0.041302,0.939946,0.020620,0.338187,-6.311159,126.565933,16.933861,-0.505360,0.597397,-0.308973,0.540614,-19.137522,125.501945,6.285573,-0.587285,0.543139,-0.295934,0.522033,-16.918585,103.665840,-1.482353,-0.682452,0.449260,-0.265216,0.511943,-11.271453,80.895737,-6.759869,-0.038876,0.930117,-0.094485,0.352767,-1.515252,126.885986,22.077337,0.637891,0.751938,0.154611,0.061477,10.981038,129.207550,32.916470,0.644212,0.728979,0.220498,0.070442,15.140020,106.429733,30.476559,0.486488,0.799598,0.351659,0.017597,18.989279,83.097717,26.115326,0.039874,0.954196,0.117189,0.272373,-9.841409,88.910210,10.629479,0.071235,0.960825,0.003024,0.267829,-10.266693,55.278301,2.116528,0.015944,0.956043,-0.094704,0.277055,-16.314837,11.020798,0.150552,-0.072253,0.953828,-0.087778,0.278004,4.417676,87.976875,20.925714,0.013374,0.984242,-0.146204,0.098550,7.506568,54.178585,28.129255,0.028267,0.872878,-0.096253,0.477515,5.040965,11.393982,40.879574,0.015944,0.956043,-0.094704,0.277055,-9.831831,2.893590,-9.808129,0.028267,0.872878,-0.096253,0.477515,15.172198,3.208843,34.746235
1281,10.675000,0.048973,0.948980,-0.065409,0.304565,-2.713414,88.444473,15.775411,0.005796,0.916959,0.139645,0.373701,-1.754509,95.569221,15.094362,-0.005170,0.915830,-0.045166,0.398985,-3.560885,114.084557,20.112501,0.071333,0.953891,-0.073315,0.282185,-3.081903,132.036835,18.546799,0.030985,0.987399,0.025834,0.153023,0.270211,145.083740,15.725287,-0.041239,0.940053,0.020573,0.337900,-6.313029,126.566887,16.937157,-0.505493,0.597480,-0.308716,0.540544,-19.146046,125.503967,6.296783,-0.587660,0.542955,-0.295514,0.522041,-16.924360,103.669670,-1.475433,-0.682953,0.448867,-0.264761,0.511855,-11.255665,80.905411,-6.755070,-0.038925,0.930216,-0.094363,0.352533,-1.514937,126.887276,22.078573,0.637947,0.751993,0.154305,0.060987,10.986739,129.208328,32.911598,0.644300,0.729029,0.220203,0.070039,15.145202,106.431305,30.463383,0.486860,0.799448,0.351505,0.017161,18.991722,83.099922,26.096376,0.039852,0.954246,0.117161,0.272212,-9.843748,88.912132,10.628480,0.071174,0.960887,0.003056,0.267621,-10.269519,55.279629,2.117874,0.015983,0.956081,-0.094691,0.276924,-16.312120,11.021364,0.151917,-0.072233,0.953786,-0.087797,0.278148,4.416920,87.976807,20.922342,0.013339,0.984241,-0.146233,0.098531,7.503026,54.178547,28.127247,0.028967,0.872898,-0.095718,0.477544,5.040528,11.394623,40.880436,0.015983,0.956081,-0.094691,0.276924,-9.832499,2.894130,-9.808947,0.028967,0.872898,-0.095718,0.477544,15.167210,3.212215,34.735947
1282,10.683333,0.048975,0.949040,-0.065376,0.304387,-2.716091,88.445801,15.773840,0.005858,0.917041,0.139729,0.373467,-1.757421,95.570610,15.093067,-0.005342,0.915940,-0.044882,0.398761,-3.561373,114.083221,20.114983,0.071233,0.953873,-0.073594,0.282199,-3.092524,132.036362,18.556061,0.031533,0.987346,0.025099,0.153372,0.259101,145.081696,15.726754,-0.041162,0.940051,0.020589,0.337915,-6.321640,126.565361,16.945946,-0.505645,0.597419,-0.308564,0.540558,-19.154531,125.505051,6.305161,-0.587865,0.542884,-0.295148,0.522091,-16.925026,103.671646,-1.467303,-0.683278,0.448640,-0.264263,0.511877,-11.242222,80.912521,-6.753884,-0.038834,0.930379,-0.094475,0.352082,-1.521058,126.886223,22.085011,0.637954,0.752061,0.154080,0.060651,10.991463,129.204544,32.906094,0.644309,0.729149,0.219888,0.069690,15.151407,106.428322,30.452929,0.488476,0.798480,0.351510,0.016174,18.999704,83.097633,26.083761,0.039914,0.954227,0.117166,0.272269,-9.848332,88.913940,10.629595,0.071099,0.960873,0.003068,0.267693,-10.277617,55.281876,2.117427,0.015844,0.956079,-0.094730,0.276927,-16.313414,11.022669,0.151848,-0.072234,0.953824,-0.087798,0.278016,4.416151,87.977661,20.918087,0.013083,0.984090,-0.146173,0.100148,7.503274,54.179417,28.122612,0.028380,0.872785,-0.096181,0.477693,5.042837,11.393306,40.868866,0.015844,0.956079,-0.094730,0.276927,-9.832011,2.895506,-9.807915,0.028380,0.872785,-0.096181,0.477693,15.175861,3.208425,34.738140
1283,10.691667,0.048957,0.949099,-0.065348,0.304209,-2.718619,88.446342,15.774101,0.006083,0.917125,0.139691,0.373270,-1.760456,95.571236,15.093458,-0.006363,0.915979,-0.044675,0.398680,-3.552987,114.065132,20.112524,0.071806,0.953783,-0.073325,0.282426,-3.120981,132.018524,18.545706,0.031930,0.987322,0.024394,0.153561,0.244358,145.062988,15.728749,-0.040394,0.940162,0.020929,0.337676,-6.339430,126.540283,16.938843,-0.506214,0.597345,-0.308053,0.540398,-19.179810,125.507645,6.304372,-0.588238,0.542785,-0.294691,0.522033,-16.931564,103.675293,-1.465660,-0.683473,0.448483,-0.263804,0.511992,-11.230628,80.921555,-6.755872,-0.038677,0.930477,-0.094421,0.351853,-1.538111,126.873108,22.076456,0.637741,0.752376,0.153594,0.060214,10.980214,129.185318,32.892132,0.644283,0.729301,0.219646,0.069099,15.155276,106.411697,30.440491,0.488869,0.798296,0.351406,0.015617,19.009090,83.084259,26.058847,0.039895,0.954240,0.117182,0.272219,-9.852796,88.914581,10.632549,0.071077,0.960910,0.003111,0.267563,-10.280982,55.282658,2.119767,0.015932,0.956073,-0.094725,0.276945,-16.314087,11.023188,0.151799,-0.072209,0.953863,-0.087908,0.277854,4.415557,87.978104,20.915653,0.013331,0.984246,-0.146258,0.098442,7.500123,54.180954,28.126419,0.028515,0.872845,-0.096097,0.477593,5.039225,11.397656,40.882004,0.015932,0.956073,-0.094725,0.276945,-9.833452,2.895545,-9.808069,0.028515,0.872845,-0.096097,0.477593,15.169601,3.212821,34.746845
1284,10.700000,0.049025,0.949145,-0.065304,0.304065,-2.722445,88.445854,15.772465,0.005738,0.917221,0.139818,0.372992,-1.763640,95.570732,15.092575,-0.005138,0.916183,-0.044767,0.398218,-3.570667,114.084137,20.117231,0.071229,0.953886,-0.073477,0.282185,-3.097652,132.037735,18.564749,0.032053,0.987294,0.023500,0.153853,0.252972,145.083954,15.738320,-0.041189,0.940182,0.020718,0.337537,-6.330479,126.568428,16.956291,-0.506080,0.597763,-0.307779,0.540217,-19.171806,125.508308,6.325671,-0.588224,0.542571,-0.294405,0.522432,-16.938955,103.679314,-1.458208,-0.683799,0.447360,-0.264387,0.512238,-11.218775,80.933502,-6.761744,-0.038759,0.930597,-0.094471,0.351515,-1.523772,126.885696,22.089849,0.638042,0.752147,0.153595,0.059892,11.002273,129.200165,32.896103,0.644444,0.729204,0.219585,0.068820,15.161289,106.425117,30.430374,0.488692,0.798391,0.351452,0.015269,19.007034,83.098206,26.038849,0.039854,0.954259,0.117191,0.272155,-9.858050,88.915672,10.633039,0.071047,0.960927,0.003136,0.267511,-10.283854,55.283684,2.120423,0.015971,0.956049,-0.094783,0.277005,-16.313938,11.023849,0.151349,-0.072240,0.953919,-0.087867,0.277669,4.413160,87.976036,20.911890,0.013065,0.984084,-0.146211,0.100148,7.501950,54.178684,28.119915,0.028464,0.872768,-0.096132,0.477728,5.042778,11.393529,40.869629,0.015971,0.956049,-0.094783,0.277005,-9.832759,2.894613,-9.806867,0.028464,0.872768,-0.096132,0.477728,15.175615,3.208678,34.738560
1285,10.708333,0.049075,0.949193,-0.065356,0.303896,-2.726112,88.446251,15.772727,0.005803,0.917276,0.139862,0.372841,-1.766522,95.570961,15.092172,-0.005023,0.916249,-0.044959,0.398047,-3.571127,114.084602,20.119778,0.071166,0.953918,-0.073197,0.282166,-3.091838,132.037613,18.562498,0.032267,0.987293,0.022850,0.153913,0.255063,145.086197,15.742596,-0.041213,0.940325,0.020845,0.337130,-6.327311,126.569130,16.956594,-0.506080,0.597763,-0.307639,0.540296,-19.177761,125.509216,6.336986,-0.588287,0.542457,-0.294126,0.522637,-16.940889,103.682602,-1.452413,-0.683986,0.447014,-0.264164,0.512405,-11.206808,80.942513,-6.765440,-0.038770,0.930640,-0.094393,0.351421,-1.518670,126.885895,22.088371,0.638110,0.752150,0.153415,0.059572,11.009568,129.199524,32.892262,0.644483,0.729310,0.219215,0.068514,15.166281,106.424751,30.420176,0.488860,0.798404,0.351219,0.014577,19.011616,83.097649,26.029318,0.039718,0.954501,0.117353,0.271253,-9.863433,88.916855,10.635759,0.070979,0.960923,0.003094,0.267542,-10.285263,55.286743,2.115524,0.015902,0.956072,-0.094896,0.276889,-16.310480,11.026019,0.151499,-0.072253,0.953961,-0.087877,0.277515,4.411209,87.975655,20.909695,0.013078,0.984101,-0.146231,0.099949,7.501822,54.178558,28.118137,0.028142,0.872826,-0.096367,0.477595,5.043914,11.393952,40.869923,0.015902,0.956072,-0.094896,0.276889,-9.831421,2.894661,-9.806360,0.028142,0.872826,-0.096367,0.477595,15.177115,3.208008,34.740913
1286,10.716667,0.049274,0.949211,-0.065480,0.303781,-2.730956,88.449989,15.769224,0.005826,0.917341,0.140035,0.372615,-1.768184,95.574181,15.087746,-0.005009,0.916363,-0.045019,0.397778,-3.573103,114.084801,20.121778,0.071202,0.953913,-0.073195,0.282177,-3.092970,132.037628,18.562588,0.032407,0.987270,0.022103,0.154143,0.254888,145.086044,15.743063,-0.041198,0.940416,0.020861,0.336876,-6.329908,126.569305,16.959064,-0.506162,0.597697,-0.307529,0.540356,-19.186110,125.509727,6.346388,-0.588391,0.542380,-0.293731,0.522821,-16.942394,103.684303,-1.444406,-0.684065,0.446988,-0.263627,0.512599,-11.193174,80.950974,-6.770004,-0.038508,0.930702,-0.094483,0.351261,-1.518255,126.886070,22.088015,0.638081,0.752264,0.153145,0.059140,11.014399,129.192184,32.888382,0.644488,0.729465,0.218843,0.068000,15.175208,106.418884,30.409733,0.489652,0.797985,0.351110,0.013512,19.023581,83.093422,26.012819,0.039635,0.954569,0.117356,0.271026,-9.869167,88.923416,10.633752,0.070929,0.960942,0.003115,0.267488,-10.287426,55.292892,2.114949,0.015956,0.956073,-0.095046,0.276831,-16.307930,11.031544,0.150699,-0.072271,0.953971,-0.087910,0.277467,4.407254,87.976570,20.904696,0.013302,0.984238,-0.146343,0.098400,7.498750,54.180061,28.115469,0.028228,0.872864,-0.096339,0.477525,5.040231,11.398930,40.878765,0.015956,0.956073,-0.095046,0.276831,-9.831529,2.896354,-9.805760,0.028228,0.872864,-0.096339,0.477525,15.171472,3.212500,34.747166
